position_joint1,position_joint2,position_joint3,position_joint4,position_joint5,position_joint6,position_joint7,velocity_joint1,velocity_joint2,velocity_joint3,velocity_joint4,velocity_joint5,velocity_joint6,velocity_joint7,ee_T_00,ee_T_10,ee_T_20,ee_T_30,ee_T_01,ee_T_11,ee_T_21,ee_T_31,ee_T_02,ee_T_12,ee_T_22,ee_T_32,ee_T_03,ee_T_13,ee_T_23,ee_T_33,v_x,v_y,time
0.465052069837,0.547839602533,-0.124003681411,-1.35585232659,0.0794739826846,1.89409928105,0.159166011836,-0.000833515604869,-0.000408873947107,0.000122243788455,0.00170214790665,-0.000167831818304,0.000287673595136,0.000486335960129,0.573833882259,0.818957857009,0.00185766423782,0.0,0.81891379983,-0.573775975473,-0.0119191156875,0.0,-0.00869553774679,0.00836102028342,-0.999927237834,0.0,0.661681416374,0.260860016087,0.303164143315,1.0,0.0,0.0,0.0
0.465054975571,0.547839558776,-0.124005814317,-1.3558505352,0.079475471983,1.89409791285,0.159169416228,0.000962669712512,-0.00130248511536,-0.000155304744534,-0.00673506953681,8.28646579836e-05,-0.000284513784217,-0.00103668413339,0.573836068018,0.818956323974,0.00185832319934,0.0,0.818912272943,-0.573778155849,-0.0119190601557,0.0,-0.00869509183953,0.00836155127504,-0.999927237272,0.0,0.661681203754,0.260861066202,0.303164981443,1.0,-0.00028,-0.000368,0.015
0.465051502863,0.547839702045,-0.124006391814,-1.35586369488,0.0794760535297,1.89409129688,0.159169208996,-0.000909469633494,-0.00172626526447,0.000227745049962,-0.00273351630746,2.58962210825e-05,-0.000661659139471,0.00683605657033,0.573839970514,0.818953625978,0.00184218331152,0.0,0.818909339795,-0.573782102098,-0.0119306081318,0.0,-0.00871377074383,0.00835500179767,-0.999927129417,0.0,0.661677865935,0.260856510708,0.303158062673,1.0,-0.00052,-0.000683428571429,0.027
0.46505945646,0.547831120105,-0.124004129494,-1.35589062564,0.0794734634492,1.89410156424,0.159165196463,0.000216044236684,-0.000105067293784,6.04272247407e-05,-0.00198765944027,0.000281555793767,0.000467360372275,-0.000358246354602,0.573829429419,0.818961028001,0.00183506090685,0.0,0.818916645534,-0.573771589127,-0.0119347425406,0.0,-0.00872135112034,0.00835142921542,-0.999927093175,0.0,0.661671515632,0.260860274151,0.30315213711,1.0,-0.00088,-0.00115657142857,0.045
0.465056619516,0.547752820226,-0.124006714209,-1.35598810063,0.0794734634492,1.8941218016,0.159161306775,-0.000518350867012,-0.0126189725773,0.000176353835379,-0.0110884018256,9.53392913893e-06,0.00596270832431,-0.000996522559545,0.573835697411,0.818956626083,0.00183953068363,0.0,0.818912239953,-0.573777778089,-0.0119394944504,0.0,-0.00872261420123,0.00835788323244,-0.999927028232,0.0,0.66165660967,0.260847734468,0.303163056168,1.0,-0.00122,-0.00160342857143,0.062
0.465058399096,0.547636041003,-0.124001346731,-1.35616372126,0.0794699971585,1.89414382476,0.159161175968,0.000937332434893,-0.0074145632831,0.000733300248478,-0.0148517806509,1.05141412022e-05,0.00352785077908,-3.39429555806e-05,0.573838992004,0.818954372344,0.00181498640103,0.0,0.81890951472,-0.573781032213,-0.011969990611,0.0,-0.00876164006586,0.00835531784515,-0.999926708478,0.0,0.661622315104,0.260833631876,0.303163925409,1.0,-0.00154,-0.002024,0.078
0.465038201754,0.547482247035,-0.124006494521,-1.35637097279,0.079466622678,1.89422916751,0.15915958703,-0.00368915649637,-0.0123751298952,5.09355533871e-05,-0.00867163273011,-6.63846306334e-05,0.00538034149266,0.00214022920477,0.573868570726,0.818933577064,0.00184574960511,0.0,0.818889075914,-0.573810432993,-0.0119588978787,0.0,-0.00873460080558,0.00837446105594,-0.999926784895,0.0,0.661602521491,0.260799964275,0.303181802284,1.0,-0.00188,-0.00247085714286,0.095
0.465019729307,0.547285554173,-0.124004180071,-1.35658510547,0.0794638218486,1.89435949364,0.159146444183,0.000688291617271,-0.0148812796832,0.00226553157647,-0.0133235601935,-8.1542602688e-05,0.00796606949955,0.0010134703771,0.573882827498,0.818923351136,0.0019473491415,0.0,0.818880139723,-0.573824227528,-0.0119088021956,0.0,-0.00863512633811,0.00842906489881,-0.999927190078,0.0,0.661589064642,0.260774667789,0.303230443984,1.0,-0.00222,-0.00291771428571,0.112
0.464994362317,0.547098047846,-0.124003471339,-1.35682716795,0.0794619701533,1.89448248359,0.159128543928,0.00112180407974,-0.00823669374585,-3.95717208771e-05,-0.0193043712722,0.000276648147759,0.00814243395271,-0.00213641663373,0.573901686648,0.818909978193,0.00201210823019,0.0,0.818867536444,-0.573842745523,-0.011883100138,0.0,-0.00857672069219,0.00846754434777,-0.99992736764,0.0,0.66156959108,0.260740089593,0.303258697349,1.0,-0.00254,-0.00333828571429,0.128
0.464948164716,0.546860964984,-0.124005179431,-1.35718690893,0.079453712597,1.89462114131,0.159111620618,-0.00360838093883,-0.0122407530712,-0.000352159939567,-0.0202512449173,0.000465732677598,0.0052560678784,0.00067696989275,0.573944828649,0.818879692538,0.00203217062175,0.0,0.818837407494,-0.573885697042,-0.0118850208246,0.0,-0.00856633347332,0.00848552693683,-0.999927304239,0.0,0.661533877503,0.260677029818,0.303267474005,1.0,-0.0029,-0.00381142857143,0.146
0.464917464158,0.546574997483,-0.124004531367,-1.35758648432,0.0794410575331,1.89477323827,0.158996059622,0.000280192864454,-0.0202359324983,0.000324540870708,-0.0256585514891,0.000164395937794,0.0161644784152,-0.0081324381707,0.573893866386,0.818915307599,0.00207268063762,0.0,0.818873441809,-0.573834469141,-0.011875825351,0.0,-0.00853608392301,0.00851289035424,-0.999927330344,0.0,0.661488638928,0.26062170466,0.303292977344,1.0,-0.00324,-0.00425828571429,0.163
0.464878046948,0.546301393656,-0.124008032529,-1.3580182323,0.0794230791502,1.89492509835,0.158930901339,0.00123972664634,-0.0162146862831,-0.000406388712934,-0.021219265193,-0.000127241062664,0.00595970832201,-0.00123245188109,0.573894569329,0.818914819046,0.0020710730346,0.0,0.818872862114,-0.573835108504,-0.0118848997477,0.0,-0.00854443061347,0.00851678890027,-0.999927225858,0.0,0.661439128401,0.260553344313,0.303294502444,1.0,-0.00356,-0.00467885714286,0.179
0.464844089196,0.546061623442,-0.124007384544,-1.35841574791,0.0794023828184,1.89506512227,0.15891172662,-0.00561380624429,-0.0208003468527,0.000224473764731,-0.0282327753208,-0.00569572272087,0.00315276002799,-0.00126132616353,0.573922934994,0.818894974508,0.00205725908334,0.0,0.818852793602,-0.57386348295,-0.0118975732123,0.0,-0.00856244190303,0.00851304638738,-0.999927103658,0.0,0.661391968081,0.260493371954,0.30328717896,1.0,-0.00382,-0.00502057142857,0.192
0.464774827408,0.545633498625,-0.124010166974,-1.35915259416,0.0793023008347,1.89530694274,0.158799848458,-0.0050031326233,-0.0235692063181,-0.00125212553923,-0.0341997778184,-0.0057514867653,0.00731468802711,-0.00475643029881,0.573904432768,0.818908158949,0.0019687956358,0.0,0.818865293526,-0.573845806784,-0.0118898274374,0.0,-0.00860705728946,0.00843596550583,-0.999927373888,0.0,0.661306518583,0.260364306845,0.303260495695,1.0,-0.00424,-0.00557257142857,0.213
0.464714935534,0.545235251498,-0.124010571735,-1.35983482032,0.0792868963199,1.89552749122,0.15871638257,-0.00426967656741,-0.0214861524235,0.000449710839083,-0.0414187304992,0.00026529934434,0.0228855187398,-0.000899609164753,0.573919260272,0.818897862658,0.00192876261173,0.0,0.818854191154,-0.573860521134,-0.0119441539718,0.0,-0.00867436844969,0.00843451775101,-0.999926804442,0.0,0.661220769128,0.260261182461,0.303236851909,1.0,-0.00458,-0.00601942857143,0.23
0.464655219919,0.544828417986,-0.124013710828,-1.36049698282,0.0792647902054,1.89575188854,0.158662299248,-0.00244765683442,-0.0241784875479,-0.00104876715512,-0.0396255932673,0.000106331690479,0.0167596509012,-0.00513013583776,0.573957029897,0.818871431934,0.00191120268526,0.0,0.818827351225,-0.573898185337,-0.0119745001401,0.0,-0.00870890799698,0.00843795602413,-0.999926475207,0.0,0.661141509064,0.260158271224,0.303229210425,1.0,-0.0049,-0.00644,0.246
0.464591290929,0.544435431312,-0.124010926773,-1.36114342258,0.0792417692732,1.89599089113,0.15855781051,-0.00342666227898,-0.0323408377071,-0.000436497462935,-0.0450569162967,-0.00224004514556,0.014102346329,-0.00165499222042,0.573951835355,0.818875080788,0.00190778888514,0.0,0.818830784318,-0.57389284018,-0.011995897012,0.0,-0.00872844280267,0.00844738601428,-0.999926225257,0.0,0.661068127654,0.260058538422,0.303220288657,1.0,-0.0052,-0.00683428571429,0.261
0.464527467998,0.543910798793,-0.12401618719,-1.36200879046,0.0791980353131,1.89629342093,0.158458547808,-0.00395604744311,-0.0327773508727,-0.000689450023679,-0.0533444093936,-0.00337374103508,0.00930706457921,-0.00959197286882,0.573963008872,0.818867317924,0.0018780267822,0.0,0.818822546811,-0.573904057069,-0.0120215230232,0.0,-0.00876639390605,0.00843784265303,-0.999925973835,0.0,0.660963390397,0.259930917248,0.303206030226,1.0,-0.00556,-0.00730742857143,0.279
0.464444808839,0.543353012453,-0.124016968623,-1.36292061014,0.0791455191961,1.8965981852,0.158336927255,-0.00555782079276,-0.0359977748082,-0.00108070351132,-0.0518837614378,-0.000687553241458,0.0204399425039,-0.00544615976843,0.573968243267,0.818863740804,0.00183755793538,0.0,0.818818364552,-0.573909393387,-0.0120515955456,0.0,-0.00881419255161,0.00842202145728,-0.999925687021,0.0,0.6608534989,0.259787099315,0.303193087495,1.0,-0.00592,-0.00778057142857,0.297
0.464380666729,0.542789245643,-0.124014813773,-1.36381037622,0.0790856051434,1.89692626725,0.158235537315,-0.000406136073529,-0.0381996475611,0.000749280217573,-0.0544300302861,-0.000628700421568,0.0173515236004,-0.00802590180465,0.57396975115,0.818862687854,0.00183578514069,0.0,0.818817324795,-0.573910943575,-0.0120484174304,0.0,-0.00881259196889,0.00841876191936,-0.999925728577,0.0,0.66074829494,0.259660315825,0.303196712171,1.0,-0.00626,-0.00822742857143,0.314
0.464306371871,0.54225466649,-0.124014892563,-1.36461391138,0.0790458795179,1.89722421158,0.158115575222,-0.00734462403177,-0.0374555605228,0.000577938692806,-0.0557920858989,-0.00591243628931,0.0148211952721,-0.00530895083458,0.57396644686,0.818864936301,0.00186571078299,0.0,0.818819876757,-0.573907425389,-0.0120425666856,0.0,-0.00879065957737,0.00843987277871,-0.999925743669,0.0,0.660658088901,0.259536614328,0.303218153382,1.0,-0.00656,-0.00862171428571,0.329
0.464203200901,0.541593754344,-0.124023212181,-1.36560811838,0.0789850480963,1.89761320644,0.157994894477,-0.00662899254066,-0.0395001106424,-8.66470513901e-05,-0.0556418653393,-0.00401091575243,0.0321734223551,-0.00818554557593,0.573997011614,0.818843409684,0.00190996762906,0.0,0.81879900291,-0.573937867228,-0.012011007281,0.0,-0.00873909966299,0.008458324725,-0.999926039705,0.0,0.660555820685,0.2593708579,0.303246243347,1.0,-0.00692,-0.00909485714286,0.347
0.464085375991,0.540890183369,-0.124026396612,-1.36670544259,0.0789220245269,1.89801759606,0.157836157028,-0.00488346643555,-0.0421879914311,-0.000808126793189,-0.0630938902256,-0.00611000307407,0.0245579583802,-0.0140565567849,0.574009755221,0.818834453231,0.00191989952552,0.0,0.81879014907,-0.573950540481,-0.0120089870307,0.0,-0.00873161306941,0.00846543351046,-0.99992604495,0.0,0.660436486285,0.259187417066,0.30325648272,1.0,-0.00728,-0.009568,0.365
0.463978215963,0.540222040791,-0.124032908106,-1.36776949599,0.0788556360987,1.89839724773,0.157716185891,-0.00621579937613,-0.0427158220868,-0.0011969862312,-0.0702635525501,-0.00530210532105,0.0208739236282,-0.0127382439656,0.574044948814,0.818809820815,0.00190288723442,0.0,0.818765317826,-0.573985825231,-0.0120155591012,0.0,-0.00874639589026,0.00845565187797,-0.999925998517,0.0,0.66031693393,0.259010365909,0.303255367513,1.0,-0.0076,-0.00998857142857,0.381
0.463875912604,0.53952647029,-0.124041403615,-1.36885750737,0.0787950895465,1.8988080522,0.157576371877,-0.00411560736867,-0.0443359700098,-4.11201594509e-05,-0.0701399261961,-0.00665654309595,0.0315197141619,-0.00420885459699,0.574064264522,0.818796242317,0.0019185062676,0.0,0.818751939605,-0.574005068016,-0.012007921808,0.0,-0.00873097703221,0.0084642624922,-0.999926060417,0.0,0.660197452116,0.258835957901,0.303264907612,1.0,-0.00792,-0.0104091428571,0.397
0.463783969669,0.538769095549,-0.124053469421,-1.37003283479,0.0787278029149,1.89926103849,0.157436523176,-0.00964358843194,-0.042997754417,0.00134195217288,-0.0671606698211,-0.00346639414077,0.0316996029988,-0.00659214554543,0.574080573391,0.818784742358,0.00194623710362,0.0,0.818740842954,-0.574021296868,-0.0119887331066,0.0,-0.00869917768777,0.00847612577455,-0.999926237079,0.0,0.66006610534,0.258658546922,0.303280207152,1.0,-0.00826,-0.010856,0.414
0.463700527327,0.538018634805,-0.124059894231,-1.37117720521,0.0786604172679,1.89970277037,0.157294665316,-0.0058359319392,-0.0472817627849,-0.000187303183699,-0.0704282168753,-0.00139344710585,0.0288964547992,-0.01306753461,0.574082465021,0.818783321549,0.00198560067812,0.0,0.818739967021,-0.574023052846,-0.0119644517265,0.0,-0.00865667963008,0.00849443611772,-0.999926450522,0.0,0.659935783346,0.258492833042,0.30330406143,1.0,-0.00858,-0.0112765714286,0.43
0.46360283657,0.537149221562,-0.124058688328,-1.372523638,0.0785912717716,1.90020503171,0.157130577795,-0.00326576335917,-0.0522611154004,0.000380513627278,-0.082863559755,-0.00974525122941,0.0262954633203,-0.00474722590394,0.574082958914,0.818782906945,0.00201357375869,0.0,0.818739791181,-0.57402330556,-0.0119643601087,0.0,-0.00864054164179,0.0085172921957,-0.999926395678,0.0,0.659775620647,0.258303548916,0.303320613638,1.0,-0.00894,-0.0117497142857,0.448
0.463497572501,0.536319106896,-0.124063334824,-1.37382306327,0.0785165539668,1.9007079183,0.156969916113,-0.00638191363615,-0.0481481539808,0.00024950010274,-0.0747274090697,-0.000494184333703,0.0338988471483,-0.00183571104803,0.57409250026,0.818776147589,0.00204161356259,0.0,0.818733402699,-0.574032734131,-0.011949156955,0.0,-0.00861189748886,0.00853162287156,-0.999926520617,0.0,0.659628752224,0.258110086241,0.303331870149,1.0,-0.00928,-0.0121965714286,0.465
0.46339341991,0.535481171675,-0.124064153581,-1.375153999,0.0784285045403,1.90117624326,0.156806416498,-0.00423163751326,-0.0528419627286,-0.000583049664183,-0.085851691167,-0.00689351720604,0.0303711703922,-0.00757457143118,0.574093827352,0.818775279836,0.0020162902394,0.0,0.818732226279,-0.574034187704,-0.0119599289294,0.0,-0.00863524088135,0.00851708715076,-0.999926443215,0.0,0.659467143725,0.257911469537,0.303330347719,1.0,-0.0096,-0.0126171428571,0.481
0.463276904026,0.534595268039,-0.124061657768,-1.37660248286,0.0783600967112,1.90169825921,0.156626190358,-0.00277564728166,-0.047139558252,0.000574524274161,-0.0884247774276,-0.00643957545204,0.0324842182814,-0.00949984438965,0.574101012746,0.81877030156,0.00199182062154,0.0,0.81872669862,-0.574041248643,-0.0119993635108,0.0,-0.00868150242941,0.00851976749748,-0.999926019802,0.0,0.659291209257,0.257700118129,0.303311168789,1.0,-0.00994,-0.013064,0.498
0.463155972636,0.533616705574,-0.124061705072,-1.37817716987,0.0782626487901,1.90227760084,0.156426525071,-0.00777157881986,-0.05539038792,-8.4896080861e-05,-0.0875092620599,-0.0030961937547,0.0321828466325,-0.014946037984,0.57409665113,0.81877340039,0.00197506368791,0.0,0.818729570136,-0.574036950282,-0.0120090631428,0.0,-0.00869910941375,0.00851156985181,-0.999925936594,0.0,0.659102740558,0.257469837122,0.303302102463,1.0,-0.0103,-0.0135371428571,0.516
0.463037965343,0.532732059551,-0.124058516412,-1.37960897892,0.0781883590121,1.90282200329,0.156260537563,-0.00682594877024,-0.0568135709494,0.00140119668883,-0.0898281548147,-7.86541425832e-07,0.0367560103082,-0.00795512401124,0.574113603416,0.818761506425,0.00197809776697,0.0,0.818717586786,-0.574053761288,-0.0120224431735,0.0,-0.00870814687914,0.00852191567568,-0.999925769811,0.0,0.658934929233,0.257260470503,0.303291514647,1.0,-0.01062,-0.0139577142857,0.532
0.462917954931,0.53179602445,-0.124054799662,-1.3810899173,0.0781038452951,1.90335788865,0.156064628826,-0.0120160406496,-0.0646335253487,-0.00392287714968,-0.0931484968097,-0.00632003754116,0.0310941011985,-0.010009217842,0.574106867889,0.818766239397,0.00197392194343,0.0,0.818722160351,-0.5740469419,-0.0120365920198,0.0,-0.00872219925739,0.0085265479449,-0.999925607843,0.0,0.658755913244,0.257042741017,0.303292804781,1.0,-0.01094,-0.0143782857143,0.548
0.462767707299,0.530733692991,-0.124059574206,-1.38281056564,0.0779968537945,1.90397139517,0.155848907393,-0.0122629963893,-0.0548853564083,-0.000616880665285,-0.0912701080432,-0.00553790325437,0.0383029832316,-0.0186141018596,0.574121435786,0.818756123537,0.00193236719002,0.0,0.81871148931,-0.574061675255,-0.0120597336869,0.0,-0.00876485160859,0.00850596660574,-0.999925410172,0.0,0.658550287101,0.256775026511,0.303275797676,1.0,-0.0113,-0.0148514285714,0.566
0.462638306462,0.529815572994,-0.124067256917,-1.38426442486,0.0779013915101,1.9044981339,0.15565711402,-0.00525943692875,-0.0620249019719,-0.000523700999419,-0.100051737223,-0.00541523375316,0.034214238298,-0.00557017436732,0.574129008091,0.818750846274,0.00191851392346,0.0,0.818706099746,-0.574069373375,-0.0120591745893,0.0,-0.00877226820783,0.00849438454015,-0.999925443592,0.0,0.658380091625,0.256545135645,0.303276496211,1.0,-0.0116,-0.0152457142857,0.581
0.462473471994,0.528675547514,-0.124076155981,-1.38604590004,0.0777867679945,1.90517232849,0.155406102408,-0.0112452819672,-0.0729481430327,-0.00091301046444,-0.0968047202107,-0.00879028957091,0.0327806906239,-0.0104044052023,0.574130573303,0.818749698947,0.00193963257878,0.0,0.818705330613,-0.574070946302,-0.0120364920039,0.0,-0.00874155579662,0.00849866921214,-0.99992567615,0.0,0.658178542717,0.256262157181,0.30329014007,1.0,-0.01196,-0.0157188571429,0.599
0.462325448599,0.527562130276,-0.124087873377,-1.38776637453,0.0776725515623,1.90584741772,0.155164110478,-0.00952380479296,-0.0687199165108,-0.000931705413398,-0.105470635661,-0.00991581623306,0.0364361121814,-0.0134808369133,0.574124462946,0.818753868483,0.00198766032515,0.0,0.818710308258,-0.574064808698,-0.0119905574313,0.0,-0.00867643648615,0.008511554217,-0.999926133719,0.0,0.65798652955,0.255995646392,0.303313954349,1.0,-0.0123,-0.0161657142857,0.616
0.462184064688,0.52647747101,-0.124089722886,-1.38945416748,0.0775641006465,1.90648529997,0.154935395061,-0.0059465990912,-0.072189063672,0.000108777648615,-0.107287106997,-0.0025016203673,0.0443418176387,-0.0219624485767,0.574116237861,0.818759575031,0.00201261548298,0.0,0.818716399564,-0.574056537847,-0.0119706032221,0.0,-0.00864585739035,0.00852044303365,-0.999926322886,0.0,0.657789209946,0.255741195897,0.303329274123,1.0,-0.01262,-0.0165862857143,0.632
0.462034187973,0.525297898752,-0.124087623146,-1.39129298261,0.0774620009647,1.90713860105,0.154692808309,-0.0116912987777,-0.0661775714273,-0.00131255639011,-0.106909419873,-0.0101417596611,0.0455497547523,-0.0187180579172,0.574115512212,0.818760071094,0.00201780129361,0.0,0.818716846412,-0.574055675339,-0.011981398626,0.0,-0.00865172707906,0.00853087896681,-0.999926183137,0.0,0.657552502629,0.255446597697,0.303343745652,1.0,-0.01298,-0.0170594285714,0.65
0.46187224229,0.524060399204,-0.124093629772,-1.39329984331,0.0773220253939,1.90785516179,0.154423726924,-0.00530654710001,-0.0698998289352,-0.000124704707114,-0.112889548914,-0.0108351531623,0.0400385381562,-0.0133845322763,0.574096688016,0.818773417694,0.00195708671498,0.0,0.818729473033,-0.574037181179,-0.0120046454215,0.0,-0.00870581163261,0.008494315294,-0.99992602499,0.0,0.657316630784,0.255162988236,0.303317769736,1.0,-0.01332,-0.0175062857143,0.667
0.461712727967,0.52290478452,-0.124096878724,-1.39511120446,0.0772258881253,1.90854378882,0.154163573743,-0.00938478815814,-0.0732896797487,-0.000498372509442,-0.113056804438,-0.00650939674643,0.0494718728047,-0.0215911499474,0.574087986749,0.818779437172,0.00199088812892,0.0,0.81873581953,-0.574028225739,-0.0120000323087,0.0,-0.00868272088872,0.00851924983478,-0.999926013633,0.0,0.657104852449,0.254887581323,0.303327778015,1.0,-0.01364,-0.0179268571429,0.683
0.461556199229,0.521734617198,-0.124099621202,-1.39695418221,0.0771131791479,1.90926304037,0.153928910787,-0.0124836132656,-0.0706597308306,-0.00177967015673,-0.117037126771,-0.0134417694327,0.0501950453177,-0.012305847604,0.574094389859,0.818774859145,0.00202693510988,0.0,0.81873175687,-0.574034520524,-0.0119760778577,0.0,-0.00864234712906,0.00853507958092,-0.999926228405,0.0,0.656891576012,0.254610309293,0.303335281111,1.0,-0.01396,-0.0183474285714,0.699
0.4613791497,0.520373673663,-0.1241131015,-1.39910087654,0.0769854966323,1.91005322398,0.153623548787,-0.0106238605048,-0.0832387208768,-0.00116439580302,-0.117820554934,-0.00439303831062,0.0445589853478,-0.0208796648835,0.574078970767,0.81878566592,0.00202867143053,0.0,0.818742581811,-0.574019091656,-0.0119755602945,0.0,-0.00864108734642,0.00853604135818,-0.999926231083,0.0,0.656633635478,0.254282221125,0.303338388589,1.0,-0.01432,-0.0188205714286,0.717
0.461227622211,0.519135068463,-0.12411205209,-1.40103636185,0.0768572850995,1.91074357094,0.15337036204,-0.0101122537169,-0.0803485665791,-0.000467836585678,-0.120689992785,-0.00938863998344,0.0407880347028,-0.0229717513282,0.574063090515,0.818796825627,0.00201825504742,0.0,0.8187536253,-0.57400327646,-0.0119785880999,0.0,-0.00864971143548,0.00852908315277,-0.999926215894,0.0,0.656391931415,0.253996052149,0.303346568874,1.0,-0.01464,-0.0192411428571,0.733
0.461054094187,0.51776446724,-0.124106800989,-1.4031618999,0.0767083666272,1.91150880838,0.153087137209,-0.0101918585759,-0.0842854115847,0.000644639246611,-0.123911169604,-0.0124237170516,0.0396598237681,-0.0162736787782,0.574041771973,0.818811771768,0.00201825314969,0.0,0.818768657205,-0.573982045185,-0.0119684871905,0.0,-0.00864166351004,0.00852305811121,-0.999926336853,0.0,0.656128763107,0.253678867126,0.303362889654,1.0,-0.01498,-0.019688,0.75
0.460862489411,0.516348145004,-0.124107462041,-1.40541826216,0.0765645630885,1.91235049215,0.152764643016,-0.011525756188,-0.0826323270742,0.000967671497841,-0.128661894134,-0.00679878944082,0.0484682347435,-0.0170165657944,0.574015622829,0.818830112139,0.0020147219595,0.0,0.818786977198,-0.573955939392,-0.0119671428724,0.0,-0.00864286170714,0.00851911909191,-0.999926360064,0.0,0.655855900574,0.253337471963,0.303355473684,1.0,-0.01534,-0.0201611428571,0.768
0.460700540648,0.515130141122,-0.124112781323,-1.40734246075,0.0764472476455,1.91307811485,0.152505517567,-0.0109005602793,-0.0888202281942,0.000126400736283,-0.125293843197,-0.0033984613419,0.0478062274416,-0.0174756145128,0.574009775009,0.818834173145,0.00203026719111,0.0,0.818791254047,-0.573950040349,-0.011957440372,0.0,-0.00862605494197,0.00852621683316,-0.999926444696,0.0,0.655625172006,0.253046202596,0.303356934511,1.0,-0.01564,-0.0205554285714,0.783
0.460495291529,0.513637513233,-0.124112874939,-1.40975065792,0.0763035948622,1.91391506941,0.152170432108,-0.0129515978468,-0.0857942639234,0.000247873042942,-0.132686409212,-0.00821002675474,0.0503077766775,-0.0136065002025,0.573991109655,0.818847414372,0.00196593860019,0.0,0.818803495371,-0.573931490524,-0.0120094568618,0.0,-0.00870576624117,0.00850320258096,-0.999925949848,0.0,0.655318908503,0.252679058471,0.303329487905,1.0,-0.016,-0.0210285714286,0.801
0.460291480715,0.512238888099,-0.124124149979,-1.41204617443,0.076161224715,1.91472751323,0.151856561668,-0.0143648840524,-0.0821869287571,0.000603395265467,-0.138290052503,-0.00655843995424,0.0462982717989,-0.0138345954122,0.573990739225,0.818847853746,0.00188960323578,0.0,0.818802904581,-0.573931416673,-0.0120531865929,0.0,-0.00878539245635,0.00846579309318,-0.999925570843,0.0,0.655033211966,0.252317079825,0.303287592849,1.0,-0.01634,-0.0214754285714,0.818
0.460117469288,0.510961628687,-0.124133382457,-1.41406589685,0.0760406794205,1.91549314531,0.151570332616,-0.00881989940901,-0.0852580948516,-0.00364267484807,-0.133521458954,-0.0052225055253,0.0533107883476,-0.0204188759536,0.573978625702,0.818856303806,0.00190731625912,0.0,0.818811590844,-0.573919232367,-0.0120432686716,0.0,-0.00876722978323,0.00847447462137,-0.999925656717,0.0,0.65479073531,0.252007285295,0.303287373052,1.0,-0.01664,-0.0218697142857,0.833
0.459896760491,0.50939907796,-0.12414039044,-1.41657295345,0.0758862061367,1.91642154633,0.151228943979,-0.00969669280093,-0.0848208224659,-0.000264670598169,-0.143264368637,-0.00711585275293,0.0519909153971,-0.0157735259904,0.573973770967,0.81885974739,0.0018897744281,0.0,0.818814796831,-0.573914446286,-0.0120533703203,0.0,-0.00878562008159,0.00846585667399,-0.999925568305,0.0,0.654484199575,0.251619798063,0.303268543831,1.0,-0.017,-0.0223428571429,0.851
0.459653835977,0.507608792469,-0.124143907855,-1.41939628244,0.0756998879755,1.917425158,0.150825526731,-0.0128267543682,-0.0897884803373,0.00230898658591,-0.145314082916,-0.00945181885537,0.0531157351487,-0.019954110357,0.573940652865,0.818883033778,0.0018576543447,0.0,0.818837683734,-0.573881492145,-0.0120676249047,0.0,-0.00881606958191,0.00844738053539,-0.999925456561,0.0,0.65412837116,0.251185427952,0.303264241223,1.0,-0.0174,-0.0228685714286,0.871
0.459490133066,0.506421413115,-0.124144421047,-1.42126107334,0.0755823921749,1.91811913358,0.15056949731,-0.013028259144,-0.0916336930828,0.00145430220241,-0.141084891841,-0.0107407714722,0.0525661326737,-0.0203369116289,0.573930145639,0.818890371687,0.00186922100016,0.0,0.818845173446,-0.573870936174,-0.0120614028908,0.0,-0.00880444460388,0.0084531680615,-0.999925510078,0.0,0.653899054423,0.25090054308,0.303267075012,1.0,-0.01766,-0.0232102857143,0.884
0.459259582419,0.504693130442,-0.124152589634,-1.42386560235,0.0754179662894,1.91913971789,0.150209025576,-0.0156390925353,-0.102185445249,-0.000101496448392,-0.147050061316,-0.00929688820712,0.0584877548085,-0.0222076938662,0.57391973195,0.818897394794,0.00198619709714,0.0,0.818853851104,-0.57386014433,-0.0119854988711,0.0,-0.00867526147366,0.00850528319447,-0.999926197275,0.0,0.653592072194,0.25050140178,0.303323889901,1.0,-0.01802,-0.0236834285714,0.902
0.459022914532,0.502926060518,-0.124153361803,-1.42648153571,0.0752566532311,1.92012404902,0.149850285477,-0.0115195997744,-0.100738106705,-0.000584014368918,-0.14342534629,-0.0030704996518,0.055100723711,-0.0255163615602,0.573911079412,0.818903169346,0.00210215693267,0.0,0.818861139132,-0.573851012365,-0.011924652159,0.0,-0.00855897534915,0.0085652295199,-0.999926687705,0.0,0.653274630218,0.250099939935,0.303398241519,1.0,-0.01838,-0.0241565714286,0.92
0.458827976439,0.501518552749,-0.124148883463,-1.42857676312,0.075117346779,1.92087083765,0.149549121936,-0.0165236950335,-0.0909774384762,0.000942692228899,-0.147022996207,-0.011389767489,0.0504778446132,-0.0194787754852,0.573898976065,0.818911492226,0.00216334765663,0.0,0.818870313612,-0.573838717499,-0.0118862393091,0.0,-0.00849252883226,0.00859316718788,-0.999927014552,0.0,0.652995768528,0.249745189462,0.303460780508,1.0,-0.01868,-0.0245508571429,0.935
0.458575062557,0.499683263132,-0.124153871866,-1.43132188823,0.074940883165,1.92184923485,0.149164198923,-0.0146121078512,-0.102408564611,-0.00058373567957,-0.153932218754,-0.00926287285114,0.0620240328507,-0.0258695441486,0.573877385948,0.81892650624,0.00220684765378,0.0,0.818885840368,-0.573816902018,-0.0118697221797,0.0,-0.00845426640152,0.00861908737606,-0.9999271157,0.0,0.652667330018,0.249341982211,0.303506800274,1.0,-0.01902,-0.0249977142857,0.952
0.458314879358,0.498010664577,-0.124153635432,-1.43396955036,0.0747845304592,1.92283716326,0.148774871697,-0.0127933176784,-0.0972726708017,-0.0016956818053,-0.151951313804,-0.0128722945589,0.0582689509082,-0.0263324780972,0.573863994644,0.818935853632,0.00222040271502,0.0,0.818895260704,-0.573803352927,-0.0118748081271,0.0,-0.00845079431151,0.008632968299,-0.999927025304,0.0,0.652342389587,0.248922135553,0.303498655596,1.0,-0.01936,-0.0254445714286,0.969
0.458089458935,0.496547354073,-0.124151839738,-1.43631675543,0.0746354946692,1.92367140304,0.148432459387,-0.0153519154517,-0.0990780847485,3.21578124732e-05,-0.166178194825,-0.0129239931325,0.0540699580483,-0.0254715153382,0.573836397141,0.818955317859,0.00217337708286,0.0,0.818914038474,-0.573775871805,-0.0119077044348,0.0,-0.0085050102877,0.00861304904303,-0.999926737409,0.0,0.652019900169,0.24852690775,0.303473408489,1.0,-0.01968,-0.0258651428571,0.985
0.457808612856,0.49475232064,-0.124154593847,-1.4392232273,0.0744540646549,1.92467150253,0.148021362628,-0.010044761652,-0.106451357995,-0.000917805888482,-0.166907186873,-0.0164172431038,0.0560628365141,-0.0184114621083,0.573837756675,0.818954603969,0.00208147868897,0.0,0.818911969866,-0.573777450406,-0.0119737177125,0.0,-0.0086117915157,0.00857568423309,-0.999926144616,0.0,0.651666042786,0.248082829243,0.303427642071,1.0,-0.0203965714286,-0.026806922449,1.002
0.457528903496,0.492787249661,-0.124211060325,-1.44229509514,0.0742744974426,1.92580309516,0.147585160993,-0.00835075929328,-0.129362218325,-0.00936955425973,-0.205282450673,-0.016560546449,0.0734034386599,-0.0283344320596,0.573856255802,0.818941606462,0.00209518128567,0.0,0.818899250886,-0.57379598993,-0.0119551554029,0.0,-0.00858853290713,0.00857644822555,-0.999926338106,0.0,0.65128953066,0.247577006482,0.303433440082,1.0,-0.0274782857143,-0.0361143183673,1.019
0.457207338553,0.490431864712,-0.124233668665,-1.44601997165,0.0740662464944,1.92719674561,0.147026837553,-0.021281392167,-0.151882509643,-0.00243210316987,-0.247651359592,-0.0133155088838,0.0856499012988,-0.0424397421636,0.573809249502,0.818974475865,0.00212131316222,0.0,0.818932302983,-0.573748723471,-0.0119596131937,0.0,-0.00857768237495,0.00859991411932,-0.9999262297,0.0,0.650819219752,0.247004762643,0.30342073735,1.0,-0.0341434285714,-0.0448742204082,1.035
0.4566983632,0.487111288334,-0.124266530023,-1.45129759592,0.073760448304,1.9291403317,0.146263256487,-0.0256312490754,-0.200720703983,-0.000423352808386,-0.309194799417,-0.0200122146614,0.114007230435,-0.0513933595657,0.573804540819,0.818977797161,0.00211272219115,0.0,0.818935333278,-0.573743871764,-0.0119848413816,0.0,-0.00860332322478,0.00860730497481,-0.999925945823,0.0,0.650155999178,0.246155219439,0.303386332685,1.0,-0.0416417142857,-0.0547291102041,1.053
0.456119020063,0.483346234195,-0.124367873622,-1.45715621411,0.0734139411714,1.93128382183,0.145360924537,-0.0329261627488,-0.226222092991,-0.0079852533622,-0.358430112303,-0.0217708718588,0.128503823955,-0.0553497599444,0.573808725005,0.818974784865,0.00214377344972,0.0,0.818932866687,-0.573748068253,-0.0119524447816,0.0,-0.00855892980399,0.00861418948737,-0.999926267512,0.0,0.649431697309,0.245164368317,0.303400472937,1.0,-0.0487234285714,-0.0640365061224,1.07
0.455462606265,0.479228340023,-0.124463420184,-1.46362679898,0.0730253044227,1.93353596954,0.144394715627,-0.0447422788597,-0.266408246116,-0.00482535865287,-0.421046642385,-0.0232669889985,0.156095660821,-0.0649881429368,0.573834862648,0.818956708406,0.00205111380301,0.0,0.818913508405,-0.573774515561,-0.012009077596,0.0,-0.00865820452756,0.00857107721317,-0.999925783311,0.0,0.648601178183,0.244060702352,0.303373827173,1.0,-0.0553885714286,-0.0727964081633,1.086
0.454660462723,0.474273230311,-0.124550089722,-1.47126806688,0.0725553073332,1.93631821509,0.143295686873,-0.0498423447595,-0.295979362407,-0.00572756145689,-0.468831995424,-0.0257070257826,0.170458974364,-0.0758340390567,0.573896991163,0.818912994099,0.00212097419815,0.0,0.81887079815,-0.573836436813,-0.0119627180935,0.0,-0.008579498197,0.00860233737614,-0.999926193277,0.0,0.647639178454,0.242763899488,0.303410583484,1.0,-0.0624702857143,-0.0821038040816,1.103
0.4536857234,0.468406789829,-0.124598250133,-1.48020004452,0.0720281360662,1.93958842264,0.141910290937,-0.05474879137,-0.342018941406,0.00131992920174,-0.506645482904,-0.0341281326412,0.194138389231,-0.0848355129457,0.573880269477,0.818924205152,0.00230855399532,0.0,0.81888415013,-0.573818648561,-0.0119018541078,0.0,-0.00842218723454,0.00872084542244,-0.999926504108,0.0,0.646503179066,0.241262683207,0.303497311623,1.0,-0.0699685714286,-0.0919586938775,1.121
0.452788779979,0.463018273687,-0.124639694909,-1.48844635733,0.0714938594422,1.94254320419,0.140588570182,-0.0603005114088,-0.367615415764,-0.00140718506017,-0.575629663981,-0.0350423218848,0.197869468095,-0.0828523287728,0.573805515825,0.818976375479,0.0023818726702,0.0,0.818937261853,-0.573743602745,-0.0118653427348,0.0,-0.00835101196255,0.00875917203222,-0.999926766071,0.0,0.645429201131,0.239870290582,0.303545498334,1.0,-0.0762171428571,-0.100171102041,1.136
0.451634760507,0.456423854634,-0.124705313923,-1.4987177678,0.0708211738494,1.94601508119,0.139078035638,-0.0706863757138,-0.397865379518,-0.00545646743327,-0.615298692016,-0.0383484523842,0.21131334284,-0.103268374536,0.573855483009,0.818941936694,0.00217619976229,0.0,0.818899887009,-0.573794127273,-0.0120008943151,0.0,-0.00857951017124,0.00866903564897,-0.999925617147,0.0,0.643957814721,0.237982365033,0.303487521628,1.0,-0.0837154285714,-0.110025991837,1.154
0.450316815223,0.448739688857,-0.124813281278,-1.5101557884,0.0700277861098,1.95025797558,0.137242017899,-0.0761110753695,-0.434200720903,-0.00231851267654,-0.640093060878,-0.0438397015085,0.251609855542,-0.0985122183103,0.573812953281,0.818970622669,0.00256139671529,0.0,0.818934408006,-0.57375097134,-0.0117049208299,0.0,-0.00811653871551,0.00881422079311,-0.999928213079,0.0,0.642577052125,0.236092434917,0.303698821196,1.0,-0.0907971428571,-0.119333387755,1.171
0.449093006691,0.44198388901,-0.124836195561,-1.52043822376,0.0693782906541,1.95386966433,0.135667202553,-0.0860620681638,-0.456251172596,-7.46543305441e-05,-0.711631804933,-0.0452366571807,0.237666994535,-0.0995480903517,0.573824407111,0.818962393186,0.00262588096779,0.0,0.818926507327,-0.573761636845,-0.0117348448321,0.0,-0.0081039228708,0.00888431495856,-0.999927695077,0.0,0.641084981121,0.234185001504,0.303733610115,1.0,-0.0974622857143,-0.128093289796,1.187
0.447132704668,0.431307019591,-0.124888403913,-1.53659539624,0.0682760934346,1.9595410027,0.133022005005,-0.0934972669884,-0.50866178629,-0.000404245403261,-0.76524952804,-0.0493829218907,0.274147253935,-0.12302712794,0.573707431106,0.819043809071,0.00278733170057,0.0,0.819010005168,-0.573644092862,-0.0116538860599,0.0,-0.00794625985421,0.00896894626431,-0.999928204901,0.0,0.638977628677,0.231479837654,0.303835089039,1.0,-0.106210285714,-0.139590661224,1.208
0.445853827039,0.424707695822,-0.124917443144,-1.54671651717,0.0675536047949,1.9630361528,0.131376106702,-0.100100272009,-0.518974942703,-0.00481263319162,-0.789706680274,-0.0582212072761,0.264060526613,-0.135728553835,0.573660731085,0.81907668723,0.00273732511671,0.0,0.819042275972,-0.573597618016,-0.0116734604296,0.0,-0.00799148999149,0.00893876293692,-0.999928114719,0.0,0.637569482394,0.229669808571,0.303812879587,1.0,-0.111625714286,-0.146708081633,1.221
0.443826309918,0.414436222247,-0.125058620394,-1.56223319989,0.0664309120269,1.96840120053,0.12883950263,-0.107710482312,-0.553609933146,-0.0059303695195,-0.841611256434,-0.0648510829043,0.302325553851,-0.132992796026,0.573684639477,0.819059811732,0.0027759925637,0.0,0.819026446789,-0.573622004141,-0.0115854532204,0.0,-0.00789696075662,0.00892017962078,-0.999929031685,0.0,0.635416830032,0.226803191466,0.30386505917,1.0,-0.119540571429,-0.157110465306,1.24
0.442197995607,0.406565617406,-0.125107906068,-1.5742617509,0.0656439972193,1.9724939595,0.126815232651,-0.126070055754,-0.565398292735,-0.000823699205368,-0.871890757945,-0.06104151381,0.285759236159,-0.140624955909,0.573671093898,0.819069433473,0.00273606968463,0.0,0.819034871103,-0.573607833142,-0.0116910468946,0.0,-0.00800650230352,0.00894792441759,-0.999927912686,0.0,0.633698333586,0.224595290929,0.303819070152,1.0,-0.125372571429,-0.164775379592,1.254
0.439761431122,0.39523672243,-0.125252641032,-1.59116880708,0.0644690971387,1.97825727792,0.123950394023,-0.128708110232,-0.612736490066,-0.00947358612689,-0.893115977593,-0.0610519244601,0.307028302273,-0.156065964242,0.573772458221,0.818997965359,0.00287155460209,0.0,0.818965082931,-0.573708631126,-0.0116338476742,0.0,-0.0078808136446,0.00902705813028,-0.999928199921,0.0,0.63129964077,0.221358580757,0.303908806165,1.0,-0.133287428571,-0.175177763265,1.273
0.43785667394,0.386667976182,-0.125348361765,-1.60426459843,0.0634455884209,1.98260838175,0.121687277971,-0.138733061381,-0.622278816655,-0.00692066412114,-0.94953924187,-0.0673985696309,0.310832644784,-0.167911266096,0.573763980224,0.81900464306,0.00265264853635,0.0,0.818969333461,-0.57370137356,-0.0116923790344,0.0,-0.00805443968165,0.00888127472886,-0.999928121897,0.0,0.629382934771,0.218833561461,0.303809190421,1.0,-0.139119428571,-0.182842677551,1.287
0.435239689664,0.375052351996,-0.12545565595,-1.62145534934,0.0622002172896,1.98834566814,0.118586663746,-0.156925471564,-0.654603495736,-0.00520273078558,-0.962826008905,-0.0695881823915,0.326577894524,-0.179231281689,0.573739329614,0.819021524847,0.00276954738086,0.0,0.818987538754,-0.573676103018,-0.0116570619719,0.0,-0.00795871475283,0.00895651215457,-0.999928217298,0.0,0.626850917633,0.215491565652,0.303895144416,1.0,-0.146617714286,-0.192697567347,1.305
0.432538300655,0.363743925822,-0.125602395892,-1.63825850786,0.0609088124238,1.99393842985,0.115617417915,-0.162099122162,-0.676480220023,-0.00873980189583,-0.996335089102,-0.0754443705971,0.337127381842,-0.176867683446,0.573867377326,0.818931745093,0.00278873111411,0.0,0.818898401822,-0.573804513984,-0.0115988847293,0.0,-0.00789866048466,0.00894008113626,-0.999928840524,0.0,0.624361403769,0.212114340435,0.303916220289,1.0,-0.153699428571,-0.202004963265,1.322
0.429828467926,0.352728705408,-0.125727402134,-1.65466752593,0.059666507715,1.99926676289,0.112569265188,-0.176027370066,-0.705252919937,-0.0067728750142,-1.05491246155,-0.0715768212886,0.340830873636,-0.202388858468,0.5738994705,0.818909549924,0.00270068593434,0.0,0.818874869568,-0.573836684504,-0.0116685221749,0.0,-0.00800586571777,0.00890825405139,-0.999928271989,0.0,0.62186216925,0.208794112504,0.303875348226,1.0,-0.160364571429,-0.210764865306,1.338
0.426768879053,0.340517033651,-0.125864408004,-1.67244995848,0.0583207893088,2.00506806184,0.109214100558,-0.185407045493,-0.725886265955,-0.00511684079784,-1.06084621217,-0.0771451209208,0.338820326973,-0.200675912346,0.573968983179,0.818860251537,0.00287083655782,0.0,0.818827645527,-0.573905460678,-0.0115998286966,0.0,-0.00785120102697,0.00900883566935,-0.999928597212,0.0,0.619135248219,0.205144072859,0.303976663277,1.0,-0.167446285714,-0.220072261224,1.355
0.423562478496,0.328044711624,-0.125920605748,-1.69075819408,0.0568292310244,2.01091544801,0.105640848419,-0.198745378871,-0.76189216867,-0.00100823819798,-1.07374578001,-0.0961129689874,0.357031721802,-0.20772878699,0.573859110305,0.818937414249,0.00282488301435,0.0,0.818904233429,-0.573795779276,-0.0116192537828,0.0,-0.00789468769502,0.00898129621539,-0.999928502556,0.0,0.616236913692,0.201400946137,0.303963043535,1.0,-0.174528,-0.229379657143,1.372
0.42117378035,0.318942100403,-0.125934975197,-1.70399139165,0.0557183577144,2.01509936454,0.103053148277,-0.204412123376,-0.757004708651,-0.00203182945197,-1.10031905601,-0.0903164856114,0.33847380003,-0.214583990886,0.573783597189,0.818990326314,0.00282416392579,0.0,0.818957232762,-0.573720388162,-0.0116066366673,0.0,-0.00788559454994,0.0089727399648,-0.999928651123,0.0,0.614107232142,0.198676637163,0.303980136193,1.0,-0.179526857143,-0.235949583673,1.384
0.416529742438,0.301825364933,-0.126049996345,-1.72875209627,0.0536568033194,2.02285809796,0.0979696693365,-0.215564826382,-0.790374744821,-0.00130154304541,-1.15260290269,-0.107525324125,0.353071253979,-0.236453724116,0.573620942493,0.819104168772,0.00284990082934,0.0,0.819071444886,-0.573557709831,-0.0115874314355,0.0,-0.0078568820706,0.00898123864785,-0.999928800844,0.0,0.610072612238,0.193457319874,0.304004005408,1.0,-0.188691428571,-0.24799444898,1.406
