position_joint1,position_joint2,position_joint3,position_joint4,position_joint5,position_joint6,position_joint7,velocity_joint1,velocity_joint2,velocity_joint3,velocity_joint4,velocity_joint5,velocity_joint6,velocity_joint7,ee_T_00,ee_T_10,ee_T_20,ee_T_30,ee_T_01,ee_T_11,ee_T_21,ee_T_31,ee_T_02,ee_T_12,ee_T_22,ee_T_32,ee_T_03,ee_T_13,ee_T_23,ee_T_33,v_x,v_y,time
0.465076560461,0.547872976323,-0.123988552752,-1.35585253608,0.0794653157381,1.89409604027,0.159173919839,-0.000362595716903,-0.000283013449171,0.000737515054474,-0.00251798072479,-9.44503464499e-05,-0.000297461153297,7.93417126123e-05,0.573807477865,0.818976432493,0.00182435418523,0.0,0.818931937135,-0.573749711174,-0.0119372597035,0.0,-0.00872977975421,0.00834387143542,-0.999927082719,0.0,0.661670454263,0.260882879101,0.303139603301,1.0,0.0,0.0,0.0
0.465081391219,0.547875760074,-0.123986426888,-1.35584497914,0.0794656724468,1.89409706131,0.159172792472,0.0017279814019,6.05028173487e-05,-0.00340062842983,0.000872811194317,5.8669563629e-05,-0.00014841827375,-0.0015061378529,0.573800807766,0.818981093889,0.00182968878475,0.0,0.818936662582,-0.573743014006,-0.0119349679474,0.0,-0.00872490992861,0.00834685417866,-0.999927100329,0.0,0.66167054918,0.26088829472,0.303141246672,1.0,-4e-05,-5.25714285714e-05,0.003
0.465073730199,0.547869755545,-0.123991714981,-1.35584518844,0.0794653156278,1.89409790107,0.159170991686,-0.00100840086882,-0.000508101929365,-0.00141386574876,0.000669458279686,-0.000261494381309,9.30733634195e-05,-0.00114176941868,0.573809214874,0.818975193931,0.00183399899453,0.0,0.818930850878,-0.573751432534,-0.01192904213,0.0,-0.00871749788027,0.00834707336292,-0.999927163146,0.0,0.661674062195,0.260880220165,0.303145648051,1.0,-0.00044,-0.000578285714286,0.023
0.465075462684,0.547865500686,-0.123992047425,-1.35585963604,0.0794649615902,1.8940955747,0.159177557519,0.000319833222574,-0.00378536131656,-0.00129464898199,-0.000456187926295,0.000255676739502,0.00675431257975,0.00148040357405,0.573814074907,0.818971811964,0.00182360854924,0.0,0.818927320797,-0.573756323872,-0.0119361204088,0.0,-0.00872920728592,0.00834267737615,-0.99992709768,0.0,0.661670040609,0.260879296769,0.303141594699,1.0,-0.00074,-0.000972571428571,0.038
0.465076907246,0.547811260985,-0.123987108195,-1.35590908314,0.0794631462432,1.89410298923,0.159172373762,0.000582686606413,-0.00352800191038,0.000431971508843,-0.00642076940479,0.000195897765323,-0.000224854588732,0.00277679406356,0.573807371341,0.818976479025,0.0018369268581,0.0,0.818932110312,-0.57374951571,-0.0119347736742,0.0,-0.00872053092366,0.00835274031405,-0.999927089377,0.0,0.661660212099,0.260878166822,0.303156961867,1.0,-0.00106,-0.00139314285714,0.054
0.465076929306,0.547688101083,-0.123983580888,-1.35606455552,0.0794600703856,1.89413451347,0.159171517107,0.000482059700449,-0.00655105940135,-0.00163992763277,-0.00760982063737,0.000319987811122,0.00263616437024,0.000751759192789,0.573817903373,0.818969090786,0.00184092551215,0.0,0.81892467104,-0.573759930668,-0.011944539417,0.0,-0.00872612729695,0.00836173087367,-0.999926965413,0.0,0.661633505899,0.260860034351,0.303173141566,1.0,-0.00142,-0.00186628571429,0.072
0.465059828224,0.54754966731,-0.123988520149,-1.35627576328,0.0794584739709,1.89418149504,0.159164380646,-0.00124819516293,-0.00440732740832,0.000672271584738,-0.0131385154984,6.68443496957e-05,0.00303052152391,-0.00250468371393,0.57383465398,0.818957387357,0.00182605746368,0.0,0.818912647064,-0.573776621426,-0.0119671251293,0.0,-0.00875298497009,0.00836269366674,-0.99992672262,0.0,0.661603750706,0.260830529108,0.303174609421,1.0,-0.00174,-0.00228685714286,0.088
0.465047532999,0.547384177608,-0.123991719495,-1.3564576721,0.0794524142739,1.89429871679,0.159159465656,-0.00181458371137,-0.0142580466976,9.03212035268e-05,-0.0134260397555,8.30178695544e-05,0.0138506594353,0.00110436254217,0.573851785903,0.818945184818,0.00191284597471,0.0,0.818901615673,-0.573793422613,-0.0119163298227,0.0,-0.00866140924921,0.00840480162785,-0.999927166997,0.0,0.661594086043,0.260808123621,0.30321552741,1.0,-0.00206,-0.00270742857143,0.104
0.465018177381,0.547181012467,-0.123986737454,-1.35671038731,0.0794506279504,1.89443696055,0.159143435734,-0.0016690915736,-0.0116677442687,0.000330018643631,-0.0151613902039,0.000446339667768,0.00912917776883,-0.00482580274074,0.573873135276,0.818930025899,0.00199604371824,0.0,0.81888745328,-0.573814340487,-0.0118822730493,0.0,-0.00858555696479,0.00845361520435,-0.999927409666,0.0,0.661575689535,0.260773372306,0.303250988931,1.0,-0.00242,-0.00318057142857,0.122
0.464988687735,0.54698055271,-0.123986738104,-1.35700801523,0.0794459607898,1.89456246191,0.159131377563,-0.00114306325003,-0.016664578826,-0.000189935504686,-0.0241923904788,0.000275248494974,0.0129940813001,0.000404989008135,0.573904682619,0.818907833242,0.00203047374857,0.0,0.818865604506,-0.573845640513,-0.0118764271852,0.0,-0.00856068556386,0.00847878553085,-0.999927409795,0.0,0.661542705067,0.260726703232,0.303264299435,1.0,-0.00276,-0.00362742857143,0.139
0.464956899631,0.546736393876,-0.12398924051,-1.35737087865,0.0794345495095,1.89468365475,0.159071628091,-0.00444620604694,-0.0169068223804,0.000698406688656,-0.0227435380714,6.09623306316e-05,0.0141403737231,-0.00803391370367,0.573898946367,0.818911842451,0.00203483519654,0.0,0.818869572684,-0.573839790318,-0.0118854903971,0.0,-0.00856566435256,0.00848749845445,-0.999927293239,0.0,0.661502559991,0.260672973396,0.303273001246,1.0,-0.00306,-0.00402171428571,0.154
0.464918186679,0.546444267953,-0.123989322358,-1.35782716275,0.0794204273491,1.894855463,0.158944389317,-0.00355372817879,-0.0172694488425,0.000384542999531,-0.027830539998,-0.00244219254677,0.0111665227546,-0.00284757828193,0.573848313267,0.818947288322,0.00204919768074,0.0,0.818905078444,-0.573788978834,-0.0118923155042,0.0,-0.00856353736402,0.00850264728273,-0.999927182757,0.0,0.661450720161,0.260606369998,0.303277601335,1.0,-0.00342,-0.00449485714286,0.172
0.464873117998,0.546140386099,-0.123989483556,-1.35832638628,0.0793971308853,1.8950291038,0.158932962825,-0.00609330274191,-0.0239103236067,-0.000370095629357,-0.0343416789118,-0.00297751953979,0.0123764810963,0.000747298784388,0.573897661356,0.818912746096,0.00203358598552,0.0,0.818870256612,-0.573838309073,-0.0119098605129,0.0,-0.00858635234881,0.00850044783318,-0.999927005806,0.0,0.661391843952,0.260529208596,0.303270214513,1.0,-0.00376,-0.00494171428571,0.189
0.464831271467,0.545834780238,-0.123992119664,-1.35885598241,0.0793241986457,1.89520250502,0.158862528764,0.000141673631354,-0.0231216929753,-0.000471466885772,-0.027404993136,-0.00815455777809,0.013952004386,-0.00446679617834,0.573886220536,0.818920926403,0.00196699760105,0.0,0.818877918287,-0.573827487336,-0.011904478996,0.0,-0.00862027564372,0.00844270990759,-0.999927203099,0.0,0.661328448689,0.260441104595,0.303249542497,1.0,-0.00408,-0.00536228571429,0.205
0.464765270842,0.545466368719,-0.123989140823,-1.35950492774,0.0792656422704,1.89542291625,0.158748556602,-0.0016955919386,-0.0219621576622,0.000930364499344,-0.0398421429926,-0.000423398310844,0.00798058700825,-0.00771640280437,0.573865475314,0.81893560964,0.00190536298525,0.0,0.81889192427,-0.573807123473,-0.0119225969654,0.0,-0.00867069529834,0.00840241490846,-0.999927106577,0.0,0.661252801685,0.260332458515,0.303220433547,1.0,-0.00442,-0.00580914285714,0.222
0.464707037662,0.545046441905,-0.1239921942,-1.3602055211,0.079249547099,1.89564971026,0.158699005572,-0.00376068435016,-0.0261236647717,-0.000590233558535,-0.0473848119362,-0.000315216750887,0.0109153658484,-0.00366312096192,0.573909366682,0.818904926063,0.00187291363347,0.0,0.818860544261,-0.573850882459,-0.0119716605311,0.0,-0.00872904670192,0.00840446500278,-0.999926581661,0.0,0.661164823103,0.260227317471,0.303204008092,1.0,-0.00476,-0.006256,0.239
0.464641263434,0.544646576691,-0.123995185505,-1.36087382608,0.0792315658742,1.8958906234,0.158592038422,-0.00510454285517,-0.0202700412471,-0.000705839725347,-0.0424030967339,-0.00275170587859,0.0106911825582,-0.00622564112835,0.573910228704,0.818904350255,0.00186049003699,0.0,0.818859596642,-0.573851595972,-0.0120022368181,0.0,-0.0087612074465,0.00841184855262,-0.999926238304,0.0,0.661088530392,0.26012145586,0.30318993457,1.0,-0.00508,-0.00667657142857,0.255
0.464575603598,0.544162005969,-0.123995556022,-1.36165888193,0.0791954116466,1.89617441725,0.158502367888,-0.00392738444617,-0.0316526802121,0.000118465550362,-0.0521407952935,-0.00577187699635,0.0154087681433,0.00117647668625,0.573924946384,0.818894055521,0.00185166189357,0.0,0.818849067535,-0.5738662357,-0.012020608165,0.0,-0.00878116739407,0.00841532053252,-0.999926034004,0.0,0.660996464212,0.260004416997,0.303183801299,1.0,-0.00542,-0.00712342857143,0.272
0.464494622925,0.543644098065,-0.123996427081,-1.36249604869,0.0791496799455,1.89646396585,0.158384565846,-0.0102302824798,-0.0352289161638,0.00108369299348,-0.043854492778,-9.8804934884e-06,0.0119327112283,-0.0101622985366,0.573932826197,0.818888579762,0.00183080579026,0.0,0.818843236595,-0.573874126078,-0.0120411046881,0.0,-0.00880984066063,0.00841009010333,-0.999925825795,0.0,0.660892936311,0.259863488292,0.303179193758,1.0,-0.00578,-0.00759657142857,0.29
0.464420782961,0.543096991731,-0.124002054031,-1.36335922546,0.0790912142406,1.8967710529,0.158290486442,-0.00291911561156,-0.0343498242966,-0.000335514039879,-0.0496018719804,-0.00523958089326,0.0190591177656,-0.0114780354419,0.573949468469,0.81887694817,0.00181612278947,0.0,0.818831482115,-0.573890896198,-0.012041181805,0.0,-0.00881815965048,0.00839829010523,-0.999925851643,0.0,0.660799530158,0.259734102135,0.303179867416,1.0,-0.0061,-0.00801714285714,0.306
0.464346060191,0.542501648974,-0.124004849978,-1.36428015567,0.0790405709327,1.89709413223,0.158167473705,-0.00176658372315,-0.0370922043062,-0.00542732888397,-0.0496714802154,-0.00201707288098,0.0220478389932,-0.00534329404932,0.573949439558,0.818876967362,0.00181660549202,0.0,0.818831441949,-0.573890802642,-0.0120483700028,0.0,-0.00882376939059,0.00840281068535,-0.999925764178,0.0,0.660690273694,0.259595339854,0.303190703788,1.0,-0.00644,-0.008464,0.323
0.464266408802,0.541903087985,-0.124010572058,-1.36522586001,0.078990561873,1.89746072268,0.158030098576,-0.00304539728036,-0.042032306061,-0.000996154618744,-0.0548248219936,-0.00104048100393,0.0194117029269,-0.0084809010853,0.573945492285,0.818879693917,0.00183457809433,0.0,0.818834378667,-0.573886753725,-0.0120416407817,0.0,-0.0088079846316,0.0084136230487,-0.999925812425,0.0,0.660585834636,0.259451786453,0.303195824112,1.0,-0.00678,-0.00891085714286,0.34
0.464178734379,0.541239301626,-0.124005915572,-1.36622873731,0.0789297249492,1.89783399568,0.15791214949,-0.00125695100328,-0.0441216275208,-0.0003256826088,-0.0625955303874,0.000110219933953,0.0271385631601,-0.0059535336184,0.573956805308,0.818871696677,0.00186465122487,0.0,0.818826748951,-0.573897910288,-0.0120287434984,0.0,-0.00878004719921,0.00843096781288,-0.999925912032,0.0,0.660471402721,0.259301735653,0.303219977005,1.0,-0.00712,-0.00935771428571,0.357
0.464088235741,0.540556122725,-0.124013798242,-1.36729646241,0.0788610941003,1.89821931301,0.157766426375,-0.00512660395756,-0.0380089451433,-0.000434120636473,-0.0644092938943,-0.0104939436801,0.0171559796667,-0.00375096604358,0.573957867806,0.818870959903,0.00186115890014,0.0,0.818826020016,-0.573899039099,-0.0120245069391,0.0,-0.0087785712499,0.00842568791962,-0.999925969495,0.0,0.660348754398,0.259134669226,0.303228324714,1.0,-0.00746,-0.00980457142857,0.374
0.463997498765,0.539802403288,-0.124009111981,-1.36843068245,0.0787938661737,1.89864871167,0.157628635519,-0.00789808944095,-0.0375432360221,0.000849747284098,-0.0699713289923,-0.000615935576358,0.0180452486772,-0.00456014045998,0.573960866728,0.818868758322,0.00190447091574,0.0,0.81882435288,-0.573901821108,-0.0120052388744,0.0,-0.00873790395538,0.00845012716593,-0.999926119464,0.0,0.660218298887,0.258970998889,0.30325817602,1.0,-0.0078,-0.0102514285714,0.391
0.463892649157,0.539104251023,-0.124017237594,-1.36952321827,0.0787431721814,1.89906306733,0.157497324775,-0.00282402474841,-0.0397758397041,-0.000950149771112,-0.0672856060753,-0.000224352121671,0.0269457105808,-0.00154492548656,0.573991821203,0.818847008288,0.00192694360824,0.0,0.818802800821,-0.573932583155,-0.0120045933477,0.0,-0.00872415759288,0.00846848826655,-0.999926084159,0.0,0.660098460155,0.258796454534,0.303267636758,1.0,-0.00812,-0.010672,0.407
0.463780378899,0.538271207227,-0.124022639144,-1.37080563599,0.0786641624661,1.89955587116,0.157346177677,-0.00141493003601,-0.0488256847803,0.000149330815503,-0.0773795381914,-0.00572890466603,0.0286838275662,-0.0111867704645,0.57401352671,0.818831712759,0.00196067217435,0.0,0.818788001803,-0.573954197471,-0.0119805763558,0.0,-0.00868490704429,0.00848255105322,-0.999926306643,0.0,0.659956510337,0.25859858407,0.303288557153,1.0,-0.00848,-0.0111451428571,0.425
0.463678355207,0.537515651829,-0.124023624537,-1.37199599962,0.0785900071037,1.90000317919,0.157197016094,-0.00589688271462,-0.0494442502337,-0.00022052633804,-0.0767572178425,-0.00060298566739,0.0271577656138,-0.0050747105467,0.574021428437,0.818826153776,0.00196888007355,0.0,0.818782571353,-0.573962084542,-0.0119738572543,0.0,-0.00867461198337,0.0084854987065,-0.999926370999,0.0,0.659820557032,0.25841765952,0.303294338888,1.0,-0.0088,-0.0115657142857,0.441
0.463561027504,0.536680581274,-0.124024402608,-1.37329425487,0.078514020711,1.90049167995,0.157031474995,-0.00652744594083,-0.055400285351,0.000991280251215,-0.0803538844123,-0.00610907885004,0.0318265409566,-0.00650757531332,0.574033642773,0.818817537818,0.00199088623817,0.0,0.818774221488,-0.573974184324,-0.0119648174984,0.0,-0.0086544517249,0.00849845772512,-0.999926435635,0.0,0.659673645718,0.258217508235,0.303308339707,1.0,-0.00914,-0.0120125714286,0.458
0.463447755657,0.53582093112,-0.124027598575,-1.37465853042,0.0784485832218,1.90098529027,0.15686674124,-0.00464135930011,-0.0515705154547,0.00152097590186,-0.0839678202242,-0.01101471188,0.0257007827489,-0.00685357720255,0.574051159328,0.818805260626,0.00198960965668,0.0,0.818761755844,-0.573991535427,-0.0119854631828,0.0,-0.0086719081645,0.0085094491644,-0.999926190918,0.0,0.659511686141,0.258013179624,0.303308659958,1.0,-0.00948,-0.0124594285714,0.475
0.463330242563,0.534916950631,-0.124031465429,-1.37608580797,0.0783591069741,1.9015069436,0.156690492029,-0.0057833233274,-0.0545925762609,0.00149954444853,-0.0866973904256,-0.00841310248185,0.0233907929659,-0.0128834997126,0.574060055336,0.818799035058,0.00198493250592,0.0,0.818755490841,-0.574000471244,-0.011985496652,0.0,-0.00867452791108,0.00850573302115,-0.999926199812,0.0,0.659344099558,0.257796809338,0.303312518544,1.0,-0.00982,-0.0129062857143,0.492
0.46321187111,0.534070860033,-0.12403458274,-1.37748392231,0.0782791336164,1.90201334035,0.156528250132,-0.0078484850143,-0.0545534422358,0.0012587825642,-0.0896636997488,-0.00288255480507,0.030330857197,-0.00832453665005,0.574081461188,0.818784119815,0.00194626857301,0.0,0.818740007164,-0.574021976308,-0.012013254601,0.0,-0.00871922903408,0.00849023816377,-0.999925942708,0.0,0.659177888686,0.257583523051,0.30328793148,1.0,-0.01014,-0.0133268571429,0.508
0.463087355316,0.533146697943,-0.124039689045,-1.37896504146,0.0782021902549,1.90257093936,0.156335511448,-0.00795193760824,-0.0548433833779,-0.000718294955794,-0.083655845483,-0.00129940784794,0.0313002010966,-0.021708378587,0.574089667319,0.818778354796,0.00195102444402,0.0,0.818734205578,-0.574030064971,-0.0120221473588,0.0,-0.00872369530539,0.00849932466428,-0.999925826559,0.0,0.65900615519,0.257360178289,0.303283237533,1.0,-0.01048,-0.0137737142857,0.525
0.462955137426,0.532204878578,-0.12403198278,-1.38051854784,0.0781141563597,1.90314989871,0.156135729118,-0.00716187724289,-0.0501421315254,0.000831149410564,-0.0907059282314,-0.00859770530638,0.0288199549216,-0.0158223182425,0.574090191665,0.818778045997,0.00192616948641,0.0,0.818733456695,-0.574030584037,-0.0120483351328,0.0,-0.0087594007479,0.00849401396349,-0.999925559542,0.0,0.658821546911,0.257130522353,0.303257784555,1.0,-0.01082,-0.0142205714286,0.542
0.462828444523,0.531258413809,-0.124040725207,-1.38203086943,0.078017522882,1.90369839576,0.155951746249,-0.0060557492487,-0.0600218443822,-0.000605189187128,-0.0943269852399,-0.00999564518196,0.0270514207241,-0.0098239393525,0.57410580233,0.818767148099,0.00190573511458,0.0,0.818722344688,-0.574046332526,-0.0120531043245,0.0,-0.00877487454378,0.00848018832007,-0.999925541219,0.0,0.658642988016,0.256896482725,0.303252865752,1.0,-0.01114,-0.0146411428571,0.558
0.462684577001,0.530213238948,-0.124040376768,-1.38368376958,0.0779184465302,1.90428149179,0.155728925915,-0.00980465664542,-0.0623799897615,0.000395927993872,-0.0957238442821,-0.00929561488735,0.0293931883818,-0.0168160046083,0.574103960947,0.818768485184,0.0018858940748,0.0,0.818723344625,-0.57404450278,-0.0120723110968,0.0,-0.00880201020891,0.00847495029204,-0.99992534713,0.0,0.658443149687,0.256643009803,0.303253081068,1.0,-0.01148,-0.015088,0.575
0.462549408923,0.529153679061,-0.12404133562,-1.38533440886,0.0778137749596,1.90489685583,0.155503044291,-0.00601373342932,-0.0663925156874,0.000474651428453,-0.0968276975077,-0.0125560090361,0.0304353069177,-0.0169940642,0.574091772556,0.818776991027,0.00190329952715,0.0,0.818732108909,-0.574032269801,-0.0120596007471,0.0,-0.00878173734064,0.00848177330538,-0.999925467528,0.0,0.658248568699,0.256396268665,0.303267080604,1.0,-0.01182,-0.0155348571429,0.592
0.462421338297,0.528124177225,-0.124046081644,-1.3869439129,0.0777123555948,1.90552190437,0.15527846179,-0.00902091715242,-0.0658949287052,-0.00116223589921,-0.102933213661,-0.00719118232952,0.042456762878,-0.0142251363856,0.574076149007,0.818787866836,0.00193679257808,0.0,0.818743500287,-0.574016578819,-0.0120330744019,0.0,-0.00874095256187,0.00849380088004,-0.999925722789,0.0,0.658063162487,0.256157678595,0.303280216545,1.0,-0.01214,-0.0159554285714,0.608
0.46226816488,0.526904988155,-0.124047718623,-1.38879847617,0.0776000849779,1.90623339401,0.155014104083,-0.00725208289264,-0.0734196763068,0.000702684668592,-0.102801145141,-0.00607110219345,0.0282575347092,-0.0200866381537,0.574056360712,0.818801586633,0.00200083867958,0.0,0.818758075896,-0.573996538995,-0.0119972195781,0.0,-0.00867503496984,0.00852544717839,-0.999926027523,0.0,0.657848411189,0.255881920105,0.303317336443,1.0,-0.0125,-0.0164285714286,0.626
0.462118529168,0.525734906327,-0.124047546413,-1.39064269027,0.077478014376,1.90689496218,0.154773590918,-0.00953869444734,-0.070747675533,0.000637145434645,-0.111148168161,-0.0107215606268,0.0360363782211,-0.0171295333102,0.574048167392,0.818807370221,0.00198466294767,0.0,0.818763681362,-0.57398844758,-0.0120017927168,0.0,-0.00868815000189,0.00851474099095,-0.99992600488,0.0,0.657623432157,0.255605225764,0.303320124244,1.0,-0.01284,-0.0168754285714,0.643
0.461968752023,0.524637323589,-0.124050393848,-1.39238932364,0.0773739057884,1.90752601651,0.154528845032,-0.0070726719092,-0.0637339465445,0.00037289746491,-0.109934171591,-0.00473556140132,0.0375762045325,-0.0163638768379,0.574038233822,0.818814370843,0.0019695463706,0.0,0.81877042862,-0.573978524722,-0.012016042471,0.0,-0.00870859860326,0.00851043797593,-0.99992586363,0.0,0.657412543319,0.255338164759,0.303315553826,1.0,-0.01316,-0.017296,0.659
0.461814089312,0.523431196624,-0.124061963282,-1.39429570384,0.0772534064148,1.90822664824,0.154274780853,-0.0072219497139,-0.0706107941856,-0.001126118059,-0.11407869538,-0.00697322747171,0.0503828069402,-0.0166155472727,0.574034797125,0.8188167938,0.00196386933136,0.0,0.818772839228,-0.573975173008,-0.0120118863562,0.0,-0.00870848969988,0.00850336733208,-0.999925924732,0.0,0.657184399504,0.255047385843,0.303317275608,1.0,-0.0135,-0.0177428571429,0.676
0.461641998296,0.522131758924,-0.124061922624,-1.39635867686,0.077121704676,1.90903474082,0.15399833269,-0.00841661614036,-0.0762500292376,-0.000490196492046,-0.113322925696,-0.00649015145553,0.0431993000572,-0.0239347620706,0.574024507009,0.818823931658,0.00199529424057,0.0,0.818780474441,-0.573964836336,-0.0119853337272,0.0,-0.00866881625411,0.00851374716506,-0.999926181142,0.0,0.65694504883,0.254740039828,0.303318654298,1.0,-0.01386,-0.018216,0.694
0.461482376335,0.520946520447,-0.124067387055,-1.39825264856,0.0770131912022,1.90975198672,0.153745279034,-0.00859674420665,-0.0769558740782,1.99951099256e-05,-0.116812251304,-0.00956128041544,0.0432413832792,-0.0162777758727,0.574023908213,0.818824332578,0.00200301733315,0.0,0.818780932356,-0.573964162045,-0.0119863422366,0.0,-0.00866521534901,0.00852064346419,-0.999926153612,0.0,0.656720512425,0.254453869309,0.303312212461,1.0,-0.01418,-0.0186365714286,0.71
0.461319904401,0.519712186856,-0.124072216712,-1.40018138543,0.0768875710697,1.91044935324,0.153480892906,-0.0148909950397,-0.0796019752143,-0.000999945565382,-0.120458548773,-0.0124638107645,0.0457942699325,-0.0188964196454,0.574012504287,0.818832333937,0.00200018075217,0.0,0.818788940003,-0.573952814058,-0.0119827319562,0.0,-0.00866400581228,0.00851612781813,-0.999926202562,0.0,0.656485968132,0.254158697382,0.303321572452,1.0,-0.0145,-0.0190571428571,0.726
0.461143561216,0.518289384452,-0.124077648215,-1.40240485228,0.0767412089739,1.91123520846,0.153182798688,-0.00833460268079,-0.073348792784,-0.00319789921053,-0.121465782041,-0.00238296923287,0.0392509959286,-0.0215368243086,0.57399487281,0.818844739321,0.00198135687701,0.0,0.818801135025,-0.573935298781,-0.0119883691991,0.0,-0.00867960950987,0.00850376343719,-0.999926172468,0.0,0.656208432157,0.253824289755,0.303330253467,1.0,-0.01486,-0.0195302857143,0.744
0.460978957489,0.517069171454,-0.124083666092,-1.404281026,0.076616738958,1.91191318841,0.152914169975,-0.0147500663228,-0.0828890952409,-0.000565414599537,-0.120513534881,-0.00507230277691,0.0441673005728,-0.0171331336758,0.573979473254,0.818855502957,0.00199410648902,0.0,0.818812133299,-0.573919914401,-0.0119736843557,0.0,-0.00866042663993,0.0085056113871,-0.999926323079,0.0,0.655981462505,0.253532055342,0.30335231438,1.0,-0.01516,-0.0199245714286,0.759
0.460786381082,0.515647998233,-0.12408123801,-1.40658255879,0.0764714846198,1.91279619177,0.152595643287,-0.0147473483183,-0.0791903469203,0.00105084137572,-0.128612176972,-0.0149166673381,0.0491635261956,-0.0125965860703,0.573957169838,0.818871143688,0.00199101188577,0.0,0.818827764182,-0.573897656728,-0.0119715959226,0.0,-0.00866072413494,0.00850164280804,-0.999926354252,0.0,0.655705453714,0.253189102529,0.303330100668,1.0,-0.01552,-0.0203977142857,0.777
0.460600104675,0.514246866966,-0.124087614032,-1.40882515232,0.0763477819928,1.9135884378,0.152292916705,-0.011376779004,-0.0839540020766,1.07441515851e-05,-0.138208242287,-0.00847043499876,0.0476450363631,-0.0169072788303,0.573950912583,0.818875615755,0.00195519002467,0.0,0.818831580493,-0.573891367786,-0.0120119802505,0.0,-0.00871441882613,0.00849542192798,-0.999925940613,0.0,0.655423106385,0.252849306618,0.303313855221,1.0,-0.01586,-0.0208445714286,0.794
0.460425773675,0.512993204375,-0.124090469984,-1.4108316896,0.0762152095012,1.91428776534,0.152016166615,-0.0112677578922,-0.0854349193133,0.000686490332639,-0.132794886793,-0.00815745552466,0.0396442534163,-0.0291486944209,0.573935194642,0.818886770782,0.00189628333146,0.0,0.818841925828,-0.573875866299,-0.0120473020776,0.0,-0.00877731404584,0.00846728997942,-0.999925629114,0.0,0.655153016881,0.252514871499,0.303294267411,1.0,-0.01618,-0.0212651428571,0.81
0.460220499726,0.511488206429,-0.124096155391,-1.4132566063,0.0760719937234,1.91520038495,0.151674270412,-0.0144854744283,-0.0822625918322,-0.000266179339544,-0.138938445057,-0.00981060458951,0.0520603758341,-0.0206247668169,0.57391885395,0.818898221347,0.00189711811213,0.0,0.818853380583,-0.57385951754,-0.0120474951076,0.0,-0.0087771620183,0.00846790919808,-0.999925625205,0.0,0.654875320104,0.252170836075,0.303277293678,1.0,-0.01652,-0.021712,0.827
0.460016734093,0.51001905738,-0.124099369228,-1.41558659642,0.0759342446355,1.91607389754,0.15133740333,-0.0133149647007,-0.0893560454273,-0.000557059958115,-0.138013840153,-0.0110533073206,0.052008468665,-0.024285627026,0.573896637971,0.818913764398,0.00190848278597,0.0,0.818869012799,-0.573837197734,-0.012048123301,0.0,-0.00877138446889,0.00847733808625,-0.999925596009,0.0,0.654592002664,0.251815361288,0.30327266302,1.0,-0.01686,-0.0221588571429,0.844
0.459822724093,0.508585842331,-0.124103243096,-1.41782475589,0.0757902929463,1.91686413672,0.151032833193,-0.00962110670387,-0.088546049353,0.000981355028963,-0.13647661099,-0.011309844146,0.051575614547,-0.0187992911383,0.57388598809,0.818921264722,0.00189255392835,0.0,0.818876289161,-0.573826603162,-0.0120581696066,0.0,-0.00878886292535,0.00846994518985,-0.999925505184,0.0,0.654310142374,0.251469826517,0.303278851842,1.0,-0.01718,-0.0225794285714,0.86
0.45959805398,0.506973512583,-0.124114191782,-1.42036674536,0.0756328627242,1.91779494593,0.150680545655,-0.0123952949368,-0.0884864309636,-0.0014529299282,-0.13861281098,-0.0102024565629,0.0531960866998,-0.0226087685418,0.573878431756,0.818926566577,0.00188971440403,0.0,0.818881557038,-0.573819063165,-0.0120592367981,0.0,-0.00879144450022,0.00846815121358,-0.999925497684,0.0,0.6539974559,0.251073795393,0.303277649634,1.0,-0.01754,-0.0230525714286,0.878
0.45937247385,0.505379707105,-0.124110707522,-1.42283249298,0.0754713989717,1.91873555594,0.150346313264,-0.0138860498481,-0.0922696606795,0.00145556473164,-0.146398970478,-0.0139061608447,0.056865174995,-0.0125934317176,0.573870685107,0.818931872984,0.00194192878466,0.0,0.818887621649,-0.57381116528,-0.012023169781,0.0,-0.00873202464768,0.00849012958457,-0.999925831972,0.0,0.65370061922,0.250694486526,0.303299529554,1.0,-0.01788,-0.0234994285714,0.895
0.459165694849,0.503802712926,-0.124119094497,-1.42517054935,0.0753244108994,1.91962488018,0.150013624805,-0.0149283124586,-0.10126820225,-0.000182458861031,-0.147404815902,-0.007131556402,0.0544098210203,-0.0159310687182,0.573854152195,0.818943200007,0.00204794339422,0.0,0.818900409164,-0.573794262174,-0.0119587402552,0.0,-0.00861859677851,0.00853979885155,-0.999926393104,0.0,0.653419935426,0.25033438794,0.303365686555,1.0,-0.0182,-0.02392,0.911
0.458932282931,0.502117285105,-0.12413019541,-1.4276733896,0.075167547619,1.92055806325,0.149679883487,-0.0126009483811,-0.10221456616,-0.00400593172536,-0.144645235499,-0.011110361673,0.0479023540793,-0.0212184048313,0.573865755841,0.818934824461,0.00214346890205,0.0,0.81889333946,-0.573805533499,-0.0119018996788,0.0,-0.00851710978806,0.00858553036039,-0.999926871081,0.0,0.653118038483,0.249938671834,0.303432413016,1.0,-0.01854,-0.0243668571429,0.928
0.458686960703,0.500404627786,-0.124131159034,-1.43026138099,0.0749957038242,1.92147281154,0.149301430278,-0.0153015396609,-0.104877969755,-0.00053723928827,-0.150830043297,-0.0185232050156,0.0548565991017,-0.0161122853705,0.573842615488,0.818950961641,0.00217301117149,0.0,0.818909875673,-0.57378229161,-0.0118846228529,0.0,-0.00848625137106,0.00859956893861,-0.999927012812,0.0,0.652793001023,0.249527919216,0.303475057041,1.0,-0.01888,-0.0248137142857,0.945
0.458440906281,0.498717305388,-0.124128930399,-1.43288448585,0.0748321517857,1.92243724366,0.148940305502,-0.0135721580024,-0.0988136190186,-0.000462723980098,-0.151530266586,-0.00873875083532,0.060992446356,-0.0284614921977,0.573836002896,0.818955531705,0.00219676379405,0.0,0.818914706582,-0.573775535763,-0.0118779124621,0.0,-0.00846719581285,0.00861510185526,-0.999927040646,0.0,0.65246659765,0.249118805539,0.303486970484,1.0,-0.01922,-0.0252605714286,0.962
0.45819421287,0.497144046532,-0.124129167594,-1.43538540423,0.0746756485714,1.9233484387,0.148559275632,-0.011452326609,-0.09617019661,-0.000174130315219,-0.155611890274,-0.0154659941175,0.0496900311756,-0.0250048052865,0.573810604476,0.818973368993,0.00218127768283,0.0,0.818932287717,-0.573750147073,-0.0118921725859,0.0,-0.00848802767685,0.00861033923872,-0.999926905051,0.0,0.652155247682,0.248718487332,0.303472426114,1.0,-0.01954,-0.0256811428571,0.978
0.457912938205,0.495377998379,-0.124131540743,-1.43826051911,0.0745021993047,1.92432560412,0.148153393958,-0.0140106021703,-0.0984575930521,-0.000208313799595,-0.161208013654,-0.0104281565465,0.0561995863687,-0.0208079991037,0.573808236882,0.818975310597,0.00207239478202,0.0,0.818932583404,-0.57374799743,-0.0119752321233,0.0,-0.0086185530254,0.00856880341959,-0.999926145349,0.0,0.651780277804,0.248254540686,0.303419389634,1.0,-0.0199,-0.0261542857143,0.996
0.457652870192,0.493860218876,-0.124136076744,-1.44071308901,0.0743505371462,1.92520991576,0.147808622316,-0.0166942115097,-0.102882486921,-0.00446362236682,-0.167260198785,-0.0188890591808,0.0658244515795,-0.0182445236178,0.573824490072,0.818964034651,0.00202766938983,0.0,0.81892065239,-0.573764365638,-0.012006861142,0.0,-0.00866994992657,0.00855049593527,-0.999925857745,0.0,0.651475479517,0.247847229794,0.303385902521,1.0,-0.0220428571429,-0.0289706122449,1.011
0.45738310734,0.491874428569,-0.124179105758,-1.4438556857,0.0741668927169,1.92638957201,0.14735999867,-0.0144665581019,-0.129303868512,-0.00054841387152,-0.195162092786,-0.0111089637006,0.0679323271544,-0.028760341685,0.573820413002,0.818966857267,0.00204137728588,0.0,0.818923755856,-0.573760331993,-0.0119879284063,0.0,-0.00864662121706,0.00855081501291,-0.999926057018,0.0,0.651061055416,0.247315697882,0.30337916105,1.0,-0.025756,-0.0338507428571,1.029
0.457009747787,0.489471759193,-0.124180332252,-1.44773740576,0.0739329974403,1.92775511502,0.146786460815,-0.0193958350375,-0.141688215989,0.00143214768211,-0.230845331751,-0.0109650552796,0.0764277292979,-0.0376563735939,0.573784368844,0.818992335716,0.00194910504049,0.0,0.818947721342,-0.573724384757,-0.0120709131803,0.0,-0.00876790509894,0.00852248051627,-0.999925242789,0.0,0.650581195046,0.246733256163,0.303317896446,1.0,-0.0292628571429,-0.038459755102,1.046
0.456559012657,0.486646499548,-0.124216045035,-1.452114033,0.0736623031696,1.92941829177,0.146160662864,-0.0267172041525,-0.163360927823,-0.0027270599216,-0.252862610599,-0.0100374665683,0.101616259353,-0.0345045886747,0.573810873781,0.818973558013,0.00203452901018,0.0,0.818930201833,-0.57375065942,-0.0120105054536,0.0,-0.0086691409315,0.00855806065101,-0.999925800044,0.0,0.650052260241,0.246006920774,0.303343177888,1.0,-0.032976,-0.0433398857143,1.064
0.456150768101,0.48405116978,-0.124250838908,-1.45608087235,0.0734119965598,1.93086470473,0.145549776327,-0.0288606056042,-0.179668127099,-0.000244435036683,-0.273964786289,-0.0161897087476,0.0906697372974,-0.0365715836859,0.573797542994,0.818982756419,0.00209075187628,0.0,0.818940220428,-0.573737180438,-0.0119712175738,0.0,-0.00860484434967,0.00858142125185,-0.999926155205,0.0,0.649559325928,0.245343367255,0.303383174604,1.0,-0.0360702857143,-0.0474066612245,1.079
0.455628559873,0.480818742377,-0.124308640149,-1.46111431263,0.0731069465568,1.93261543666,0.14479218317,-0.0281658684297,-0.19301287523,-0.00460094605667,-0.308101460489,-0.0175893336484,0.101732813821,-0.0507841470633,0.573809980484,0.818974157437,0.00204515220781,0.0,0.818930931491,-0.573749713011,-0.0120059638722,0.0,-0.00865933537321,0.00856414518413,-0.999925832914,0.0,0.648914664275,0.244486803496,0.303382827174,1.0,-0.0395771428571,-0.0520156734694,1.096
0.455087921416,0.47749864643,-0.124353959943,-1.46619989938,0.0727885593295,1.93446522432,0.144056515286,-0.0340888329724,-0.213900956401,-0.00790809502266,-0.325818022532,-0.0236528042893,0.122526850072,-0.047658676637,0.573843790889,0.818950305922,0.00210878849636,0.0,0.818907979422,-0.573783322007,-0.011965263333,0.0,-0.0085891337656,0.00859326124349,-0.999926188597,0.0,0.648277200099,0.243625574185,0.303423965359,1.0,-0.0428777142857,-0.0563535673469,1.112
0.454445930455,0.473737120731,-0.124385814404,-1.47200115061,0.0724437760188,1.93659200174,0.143221025482,-0.0393994603825,-0.226886078693,-0.000821865654015,-0.350258272092,-0.02795576747,0.12129535984,-0.052885597602,0.573895063466,0.818914170752,0.00218722933601,0.0,0.818872705005,-0.573834102804,-0.0119441349232,0.0,-0.00852627871965,0.0086459089332,-0.999926272697,0.0,0.647547846442,0.242642831957,0.30345086639,1.0,-0.0463845714286,-0.0609625795918,1.129
0.453722673705,0.469399520079,-0.124408275987,-1.47858342455,0.0720453861521,1.93895919557,0.142205904144,-0.0459667363618,-0.25249429226,-0.000911931637242,-0.371174264706,-0.0226371337578,0.139681656492,-0.0541366382215,0.573878570366,0.818925417556,0.00230083811344,0.0,0.818885183751,-0.573816899364,-0.0119150635559,0.0,-0.00843745105265,0.00872208980787,-0.999926364573,0.0,0.646701757369,0.241537009079,0.303520832609,1.0,-0.0500977142857,-0.0658427102041,1.147
0.453045246908,0.465291063501,-0.124421427572,-1.48480069238,0.0716420440021,1.94124096991,0.141215356871,-0.0462258118581,-0.255610398855,-7.47591668186e-05,-0.405091626612,-0.0204835517014,0.132991815792,-0.0598233075251,0.57381570638,0.818969057166,0.00244242022827,0.0,0.818930698662,-0.573753524009,-0.0118385546874,0.0,-0.00829422244695,0.00879349082638,-0.999926937527,0.0,0.645903245818,0.240500880639,0.303594351557,1.0,-0.0533982857143,-0.0701806040816,1.163
0.452249499264,0.460683591483,-0.124433889548,-1.49195719867,0.071162440627,1.94368908386,0.140142956556,-0.0482188926314,-0.274461983755,0.000760270195942,-0.427480273964,-0.02103219092,0.152237311261,-0.0664253951706,0.573800830078,0.81897975519,0.00234838074576,0.0,0.818939991627,-0.573738825415,-0.0119078640835,0.0,-0.0084051042255,0.00875609378575,-0.999926339809,0.0,0.644940619373,0.239285358602,0.303575138389,1.0,-0.0569051428571,-0.0747896163265,1.18
0.451407282149,0.45585099362,-0.124451653174,-1.49947304202,0.0706436344657,1.94632915231,0.138995952381,-0.0527624245794,-0.283575172286,0.000595150407529,-0.448313113543,-0.0316955746021,0.15727856744,-0.0695548270687,0.573768637282,0.819002471688,0.00229110061128,0.0,0.818962010317,-0.573706915232,-0.0119309669875,0.0,-0.00845723401617,0.00872210695991,-0.999926197298,0.0,0.643936904787,0.238005496345,0.303551457482,1.0,-0.060412,-0.0793986285714,1.197
0.450541547426,0.450983848295,-0.124487633282,-1.50676432516,0.0701498353955,1.94904725961,0.13781303042,-0.0554644360714,-0.313605047098,-0.00374353734775,-0.460022035217,-0.0261936352366,0.182315674553,-0.0783332078183,0.573733025629,0.819026746889,0.00251993728159,0.0,0.818989604235,-0.573670784053,-0.0117731295671,0.0,-0.00819705143262,0.0088186054701,-0.999927517646,0.0,0.643005016201,0.236736944144,0.303659452842,1.0,-0.0637125714286,-0.083736522449,1.213
0.449569887691,0.445597415803,-0.124542679239,-1.51496060342,0.0696033312112,1.95192235068,0.136602821593,-0.0612122917805,-0.316286061204,-0.00327746530255,-0.491962025574,-0.0348291943158,0.162351118669,-0.0796216124281,0.573797283068,0.818981604818,0.00256043269981,0.0,0.818945022273,-0.573734921038,-0.0117489479502,0.0,-0.00815331957099,0.00883853819635,-0.999927699198,0.0,0.64190996726,0.235294057179,0.303701119403,1.0,-0.0672194285714,-0.0883455346939,1.23
0.448475555305,0.439665560201,-0.124571896539,-1.52424138053,0.0689611040556,1.95500935952,0.135131190717,-0.0621387730559,-0.336039433948,-0.00299544252929,-0.520879510581,-0.0351926328223,0.177584033256,-0.079188380312,0.573743706861,0.819019847468,0.00232275524309,0.0,0.818979896308,-0.573681962916,-0.0119030151299,0.0,-0.00841644489148,0.00873173798458,-0.999926457399,0.0,0.640609770928,0.233669894078,0.303610757066,1.0,-0.0709325714286,-0.0932256653061,1.248
0.447500401173,0.434443446075,-0.124587921008,-1.53209947759,0.0684549220539,1.95782709905,0.133847372966,-0.0703820393458,-0.361714250734,-0.00145975191566,-0.515231128793,-0.0314576630002,0.198178898162,-0.0829762850973,0.573708243154,0.819044221654,0.00248225954889,0.0,0.819006147974,-0.573645673968,-0.0118455569588,0.0,-0.00827825690956,0.00882904948996,-0.999926756492,0.0,0.639550751337,0.232292391127,0.30368040745,1.0,-0.0740268571429,-0.0972924408163,1.263
0.446299656324,0.428379478276,-0.124611719807,-1.5413370877,0.067790915167,1.96113836477,0.132364227387,-0.0698183992721,-0.364047841516,-0.00426114174641,-0.558370972977,-0.0478260771124,0.181862407807,-0.0902338364503,0.573708547139,0.81904375408,0.00256490620517,0.0,0.819007072981,-0.573646010189,-0.0117650457749,0.0,-0.00816489624683,0.00885055404269,-0.999927498453,0.0,0.638306466359,0.230626664249,0.303703204865,1.0,-0.0775337142857,-0.101901453061,1.28
0.445025383542,0.42206029903,-0.124718869175,-1.55110654045,0.067074802501,1.96432905992,0.130739974456,-0.0741606522011,-0.378391585362,-0.00757760057995,-0.580455437384,-0.0501414099228,0.194386998127,-0.098582641085,0.573714480633,0.81904038061,0.00230142209931,0.0,0.819000444252,-0.573653127836,-0.0118788946895,0.0,-0.00840923834586,0.00870012712343,-0.99992679357,0.0,0.636927803661,0.228794649365,0.303629635315,1.0,-0.0810405714286,-0.106510465306,1.297
0.443767548028,0.415811063862,-0.124788922303,-1.56042730513,0.0664164995919,1.96765259828,0.12925863755,-0.0802289338256,-0.393465682636,-0.00282436653058,-0.588600349657,-0.0392664722564,0.21811855169,-0.0962084670796,0.573801752589,0.818978608984,0.00251667510432,0.0,0.818941853574,-0.573739976801,-0.0117229000836,0.0,-0.0081570443361,0.00878780038053,-0.999928116012,0.0,0.63558330363,0.226954354773,0.303739373969,1.0,-0.0845474285714,-0.111119477551,1.314
0.442254658774,0.408605286847,-0.12480887283,-1.57129552172,0.0656817289267,1.9714046089,0.127406174824,-0.0812560922951,-0.399877897065,-0.00275484602738,-0.618257806633,-0.0531565362472,0.199865213026,-0.0998724677877,0.573766649898,0.819003053806,0.00256441483473,0.0,0.818966514907,-0.573704268461,-0.0117476257804,0.0,-0.0081502825705,0.0088407359798,-0.999927704527,0.0,0.63413014136,0.225060437281,0.303750689229,1.0,-0.0880542857143,-0.115728489796,1.331
0.440731536872,0.401634845826,-0.124896111229,-1.58200398875,0.0649333985541,1.97495355597,0.125628590465,-0.0924821933488,-0.426347623744,-0.00376501645052,-0.625515441419,-0.0441332606238,0.217073042705,-0.115099713931,0.573843533751,0.818949718872,0.00238822781976,0.0,0.818910622861,-0.573781522806,-0.0118702465408,0.0,-0.00835097485442,0.00876757815592,-0.999926692709,0.0,0.632591288983,0.223013900489,0.303669251376,1.0,-0.0915611428571,-0.120337502041,1.348
0.439234381253,0.39472651584,-0.124951850031,-1.59211149892,0.0641727631918,1.97858691456,0.123899519213,-0.0932997710618,-0.430687850682,-0.0036624817081,-0.649932478184,-0.0583620297225,0.219390076181,-0.100101081123,0.573877999139,0.818924569103,0.00270908182836,0.0,0.818890332106,-0.573815559671,-0.0116221497422,0.0,-0.00796330398245,0.00888830808536,-0.999928789349,0.0,0.631195528311,0.221078789877,0.303824265486,1.0,-0.0948617142857,-0.124675395918,1.364
0.437566253322,0.387298977803,-0.124983349997,-1.60348257982,0.0633308417613,1.98222464909,0.121943223938,-0.0993851431332,-0.439579860843,-0.00314072905583,-0.672191261253,-0.0461328891669,0.209658044385,-0.125441995286,0.573863549015,0.818935563832,0.00243234546166,0.0,0.818897313907,-0.573801652911,-0.0118152145151,0.0,-0.00828037493728,0.00877233099364,-0.999927238153,0.0,0.629492151685,0.218907183348,0.303716176867,1.0,-0.0983685714286,-0.129284408163,1.381
0.43583923938,0.379514502985,-0.125040132842,-1.61491024552,0.0624793506073,1.9860767611,0.119891300447,-0.101536053955,-0.46710192064,-0.00645206523013,-0.671570197118,-0.0502040796229,0.237363551589,-0.118307555068,0.573837197337,0.818953586351,0.00257706369669,0.0,0.818917239861,-0.57377479141,-0.0117383944052,0.0,-0.00813470262936,0.0088464995587,-0.999927780422,0.0,0.627717177576,0.21656810018,0.303816167063,1.0,-0.102081714286,-0.134164538775,1.399
