position_joint1,position_joint2,position_joint3,position_joint4,position_joint5,position_joint6,position_joint7,velocity_joint1,velocity_joint2,velocity_joint3,velocity_joint4,velocity_joint5,velocity_joint6,velocity_joint7,ee_T_00,ee_T_10,ee_T_20,ee_T_30,ee_T_01,ee_T_11,ee_T_21,ee_T_31,ee_T_02,ee_T_12,ee_T_22,ee_T_32,ee_T_03,ee_T_13,ee_T_23,ee_T_33,v_x,v_y,time
0.465100348477,0.547571541562,-0.123997058781,-1.35574301398,0.0794397839906,1.89410088558,0.159155734334,0.000821647354587,0.004493070232,-0.00118633252873,-0.000792259402495,0.000430077822498,0.000548327511522,-0.000302427691119,0.573765796737,0.819004797379,0.00216777902294,0.0,0.818965164168,-0.573707047087,-0.0117060199487,0.0,-0.00834377703778,0.00849201286346,-0.99992913104,0.0,0.66170173182,0.260906930207,0.303405928553,1.0,0.0,0.0,0.0
0.465097763317,0.547553055368,-0.12399174905,-1.35574257492,0.0794378971264,1.89410395714,0.159161266325,0.000196138529717,-0.00191183325525,0.0013137420996,0.000518916002132,-0.000358890785614,0.000139175831432,0.00101568377395,0.573768195341,0.819003065614,0.00218710552343,0.0,0.818963678711,-0.573709368019,-0.0116961916974,0.0,-0.00832461420318,0.008502226482,-0.999929203966,0.0,0.661702495166,0.260908493403,0.303419321538,1.0,-0.00032,-0.000420571428571,0.017
0.465091754319,0.547550671017,-0.123997038798,-1.35574903778,0.0794388732983,1.89410449473,0.159160550227,-0.00102400849798,-0.000486556186364,-0.000727702269957,-0.00158944599445,-3.03379143888e-05,0.0089297513394,-0.000821992558772,0.573776837953,0.818997020263,0.0021835590089,0.0,0.818957599475,-0.573718035294,-0.0116967149872,0.0,-0.00832698785721,0.00849971002982,-0.999929205595,0.0,0.661703911588,0.26090091419,0.303418157852,1.0,-0.00064,-0.000841142857143,0.033
0.46509590765,0.547496233187,-0.123996675825,-1.35579943025,0.0794394144947,1.89410616205,0.159162734778,-0.000134299993214,-0.00574978682673,-5.07217138777e-05,-0.00874583414979,0.000409587256683,-8.14803878973e-05,-0.000166158807525,0.573773246756,0.818999506216,0.00219477248609,0.0,0.818960188513,-0.57371435909,-0.0116957559396,0.0,-0.00831980603117,0.00850830695894,-0.999929192263,0.0,0.661691308142,0.260899561087,0.303435932088,1.0,-0.00104,-0.00136685714286,0.053
0.465098517698,0.547345093701,-0.12399020059,-1.35595844106,0.0794412289851,1.89413882902,0.159154904511,-0.00319011707388,-0.00645672329409,0.000335139175113,-0.00683981556085,0.000598273298274,0.00491367008784,-0.000428923468021,0.573773818427,0.818999029651,0.00222297535393,0.0,0.818959900081,-0.573714642695,-0.0117020390619,0.0,-0.00830876509522,0.00853501563518,-0.999929056449,0.0,0.661664715449,0.260889903779,0.303466872295,1.0,-0.00138,-0.00181371428571,0.07
0.465087143258,0.547231163865,-0.123989507911,-1.35610872426,0.0794359462807,1.89416474623,0.159155775586,0.000433162464147,-0.0082988358703,0.000782707492195,-0.0176784698053,9.60060856291e-05,0.00905106138194,3.46990570406e-05,0.573790145459,0.81898760514,0.0022177698052,0.0,0.818948334657,-0.573730911974,-0.0117137829086,0.0,-0.00832120012743,0.00853765646395,-0.9999289305,0.0,0.661641540734,0.260867335642,0.303478258675,1.0,-0.00164,-0.00215542857143,0.083
0.465062665537,0.547046194541,-0.123994234117,-1.35634127053,0.0794284260428,1.89428811787,0.159146433653,-0.000522681803765,-0.00803819112366,0.000279635255624,-0.0146938406261,-5.92200411321e-05,0.0114919677092,-0.000260140975982,0.573816943359,0.818968647114,0.00228417581639,0.0,0.818930250427,-0.573757471874,-0.0116771274289,0.0,-0.00825279720284,0.00857127926551,-0.999929209749,0.0,0.661622896788,0.260827692549,0.303510180631,1.0,-0.00204,-0.00268114285714,0.103
0.465044931526,0.546859598864,-0.123989934077,-1.3565329411,0.0794249160711,1.89440479107,0.159135573522,-0.00488682946481,-0.0148536794174,-0.000311495844197,-0.0152783022159,-9.17185994912e-06,6.98980239525e-05,-0.00339687559417,0.573829647265,0.818959461136,0.00238408008837,0.0,0.818922333485,-0.573769784397,-0.0116272582063,0.0,-0.00815449699616,0.00862460795479,-0.999929557677,0.0,0.661613681431,0.260808222775,0.303560370255,1.0,-0.00232,-0.00304914285714,0.117
0.465021954905,0.54664907636,-0.123992439299,-1.35680366115,0.0794124372464,1.8945332558,0.159114243203,-7.96454248246e-05,-0.015454678311,0.000787324403449,-0.0202922627184,0.000126376813086,0.00193431191543,-0.00150945005311,0.573844698616,0.818948740134,0.00244331840971,0.0,0.818912396126,-0.573784641765,-0.0115939315065,0.0,-0.0080930528384,0.00865414648368,-0.999929801658,0.0,0.661590034862,0.260768909049,0.303591832969,1.0,-0.00266,-0.003496,0.134
0.464988822367,0.54641457381,-0.123992447527,-1.357148521,0.0794015778308,1.89465659868,0.159084323394,-0.000686239460865,-0.0120454175181,0.00147592472621,-0.0214084459012,-0.00397414943127,0.0120776699801,-0.00685563992872,0.573863695902,0.818935378033,0.00246008781436,0.0,0.818899160652,-0.573803481116,-0.0115964064851,0.0,-0.00808525624323,0.00866948744555,-0.999929731841,0.0,0.661550960116,0.260715743319,0.303604447989,1.0,-0.00298,-0.00391657142857,0.15
0.464949516104,0.546117703515,-0.123995997666,-1.35759551533,0.0793757663446,1.89481426957,0.158946489266,-0.00349008412275,-0.0158332988586,-0.000284253757587,-0.0244144197331,-0.000102963440298,0.00450292446886,-0.011947826883,0.573803576633,0.818977480316,0.0024676060239,0.0,0.818941348118,-0.573743329928,-0.0115933863348,0.0,-0.00807910537955,0.00867331813631,-0.999929748337,0.0,0.661500178075,0.260645047081,0.303615668482,1.0,-0.00334,-0.00438971428571,0.168
0.464905718117,0.545836549224,-0.123990890044,-1.35805696585,0.0793345957752,1.89497211966,0.158919868293,-0.000555974934087,-0.0177999661413,0.000977997319511,-0.0263807497683,-0.00592540346108,0.00622933186268,-0.00140315640746,0.573828896191,0.818959817017,0.00244190685502,0.0,0.818923424196,-0.573768813583,-0.0115983086766,0.0,-0.00809761465657,0.00865534603108,-0.999929754344,0.0,0.661445709113,0.26057199407,0.303608560093,1.0,-0.00366,-0.00481028571429,0.184
0.464855088086,0.54551812289,-0.123993505041,-1.3586042304,0.0792836376479,1.89515695643,0.158860674259,-0.00297444822251,-0.0153997415627,-0.000270348946537,-0.0365539867126,-0.00247993176417,0.00816669543121,-0.00154687999654,0.573840718925,0.818951676402,0.00239330790587,0.0,0.818914794059,-0.573780955043,-0.0116070066017,0.0,-0.00813249959436,0.00862065423806,-0.999929770919,0.0,0.661381961636,0.260480502955,0.303589555418,1.0,-0.004,-0.00525714285714,0.201
0.464799422303,0.545171670692,-0.124000523622,-1.35919333937,0.0792617381736,1.89535012164,0.158774918983,-0.0030119958554,-0.019422909918,0.000199043869922,-0.0384666502906,-0.00353132650779,0.00990424162364,-0.00288302919099,0.573847973565,0.818946698465,0.0023569492052,0.0,0.818909222848,-0.573788209615,-0.0116413977692,0.0,-0.00818145212227,0.00861068574361,-0.999929457478,0.0,0.661311639283,0.260383806607,0.303571372934,1.0,-0.00432,-0.00567771428571,0.217
0.464727229955,0.544740428274,-0.123998124456,-1.35992086737,0.0792373331254,1.89559373133,0.158706017705,-0.00537536107216,-0.023814855432,-0.000114328299067,-0.0381701925819,-0.000928619759661,0.0127855077246,-0.0049339811052,0.573883013594,0.818922241613,0.00232288609842,0.0,0.818884105158,-0.573823139505,-0.0116864788837,0.0,-0.00823755028866,0.00860901197433,-0.999929011319,0.0,0.661224016103,0.260269340541,0.303551359438,1.0,-0.00468,-0.00615085714286,0.235
0.464661933266,0.544323190616,-0.123999548412,-1.36065806899,0.0791970635845,1.89583479329,0.158580609848,-0.00247986113216,-0.0294628851634,0.000704387117601,-0.0429850978201,-0.00892574354768,0.0170240333889,-0.00950914184319,0.573865094719,0.818934981485,0.00225744636952,0.0,0.818895911843,-0.573805379258,-0.011731121153,0.0,-0.00831185064293,0.008580859763,-0.999928638446,0.0,0.66113316586,0.260153150125,0.303516667355,1.0,-0.00502,-0.00659771428571,0.252
0.464589927704,0.543885518935,-0.124006665149,-1.36138198334,0.0791655922494,1.89609155733,0.158517679774,-0.00610695262463,-0.0185229008436,-0.000108016315282,-0.0449045430891,-2.77150274841e-05,0.0145445543521,-0.00536897446049,0.573909462172,0.818903947207,0.00223637650417,0.0,0.818864512191,-0.573849726497,-0.0117536791731,0.0,-0.00834195083218,0.0085770021818,-0.999928420883,0.0,0.661051507161,0.260033572085,0.30350428947,1.0,-0.00534,-0.00701828571429,0.268
0.464522854988,0.543370417646,-0.124013434665,-1.36220970499,0.0791155393696,1.89638265357,0.158417619832,-0.00255267361883,-0.0305545151682,-0.00144876931986,-0.0540591661261,-0.0051926663558,0.0164286714626,-0.00410047535342,0.573919889267,0.818896694672,0.00221609092408,0.0,0.818857002475,-0.57386023624,-0.0117637434788,0.0,-0.0083617251797,0.00856627285335,-0.999928347694,0.0,0.660954420126,0.259905479035,0.303500174118,1.0,-0.00568,-0.00746514285714,0.285
0.464437488544,0.542852093132,-0.124011538552,-1.36307320407,0.0790685360173,1.89668524651,0.158292958498,-0.00370626351342,-0.0298420893518,-0.000700280625692,-0.0523769840797,7.333870436e-05,0.0142277471502,-0.00890196802157,0.573921864427,0.818895400275,0.00218262274418,0.0,0.818855184946,-0.573862250084,-0.011791985295,0.0,-0.00840403952292,0.00855509484874,-0.99992808865,0.0,0.6608539434,0.259767390246,0.303481972382,1.0,-0.00602,-0.007912,0.302
0.464375770859,0.542305130044,-0.124020262404,-1.36392472483,0.0790106981759,1.89699355786,0.158184871817,-0.00759950495608,-0.0336822352594,-0.00143216892551,-0.0508940052232,0.000140718523558,0.0158424795005,-0.0100132261535,0.573921875611,0.818895399239,0.00218006933542,0.0,0.818855234022,-0.573862355953,-0.0117834220334,0.0,-0.00839849206244,0.00854808943754,-0.999928195171,0.0,0.660754890713,0.259639219581,0.303490488809,1.0,-0.00634,-0.00833257142857,0.318
0.464293809397,0.54170363968,-0.124016287096,-1.36486043826,0.0789534041609,1.89734030117,0.158048597427,-0.00667686021109,-0.0339194000345,0.0009344746171,-0.0513042006785,0.000133474440779,0.0207669846174,-0.00431003892378,0.573911297012,0.818902783719,0.00219109116974,0.0,0.81886273997,-0.573851713861,-0.0117800886325,0.0,-0.0083895474754,0.00855509357682,-0.999928210357,0.0,0.660647710327,0.259498457228,0.303500342342,1.0,-0.00668,-0.00877942857143,0.335
0.464209703982,0.541077628753,-0.124026552399,-1.36582382181,0.0788974004247,1.89769736204,0.157922014213,-0.00976913349211,-0.0336528489345,-0.00593065858978,-0.0574060601867,-0.00378066431269,0.0180066718936,-0.012466249163,0.573922200355,0.818895101137,0.00220639417549,0.0,0.818855279964,-0.57386258116,-0.0117692532043,0.0,-0.00837177791908,0.00856151805156,-0.999928304301,0.0,0.660540440454,0.259345978323,0.30351564537,1.0,-0.00702,-0.00922628571429,0.352
0.464125731619,0.540381479382,-0.124019643054,-1.36688845095,0.0788376491684,1.89808977452,0.157794529195,-0.00880476910802,-0.0420883139292,0.00152425798079,-0.060448326919,-0.000999040608521,0.0300241433758,-0.0106000364394,0.573924727753,0.818893263447,0.00223088683735,0.0,0.81885367578,-0.573864927564,-0.0117664555186,0.0,-0.00835540431294,0.00857999485863,-0.999928282882,0.0,0.660414761074,0.259194248179,0.303534742084,1.0,-0.00736,-0.00967314285714,0.369
0.464034424835,0.539711531443,-0.124026908375,-1.3679337325,0.0787692368394,1.89847977047,0.157665107617,-0.00811272145691,-0.0413527208445,-0.000370467605263,-0.0681941695682,-0.00719586389946,0.0219464732844,-0.00416235867209,0.573938208162,0.818883795874,0.00223807212051,0.0,0.818844378449,-0.573878457934,-0.011753565569,0.0,-0.00834058359304,0.00857861830164,-0.999928418425,0.0,0.66029781419,0.259029852764,0.303544667302,1.0,-0.00768,-0.0100937142857,0.385
0.463935124774,0.538969058609,-0.124032800033,-1.36908036177,0.0787044880632,1.89891691831,0.157515232147,-0.00291467273679,-0.0424491471406,0.00011970459441,-0.0636280821521,-0.00400873822517,0.0270891323954,-0.00850249125544,0.573947081491,0.818877498563,0.00226647202938,0.0,0.818838445246,-0.573887217704,-0.0117392011893,0.0,-0.00831242841809,0.00859372015012,-0.999928523199,0.0,0.660170098907,0.258853697525,0.303561546965,1.0,-0.00802,-0.0105405714286,0.402
0.463832897208,0.538204401023,-0.124036002716,-1.37027329164,0.078647583292,1.89937584266,0.157367082954,-0.00943292434483,-0.0445419548593,0.00096913061222,-0.0691839603268,-0.00437756227327,0.0313602653581,-0.00903444803922,0.573972315434,0.818859702534,0.00230555464982,0.0,0.818821030936,-0.57391217115,-0.0117339679419,0.0,-0.00828544714417,0.00862297540307,-0.999928495274,0.0,0.660029691046,0.258662409072,0.303576391668,1.0,-0.00838,-0.0110137142857,0.42
0.463715716134,0.537405349183,-0.124041404695,-1.37150345997,0.07856099961,1.89984681696,0.157229854143,-0.00551479630132,-0.0485101984649,-0.000244193837146,-0.0683707656341,-0.00689741963166,0.0354553641831,-0.00655014993761,0.573994592867,0.81884403565,0.00232369123949,0.0,0.818805764844,-0.573934550752,-0.0117046064907,0.0,-0.00825075937962,0.0086211986047,-0.999928797417,0.0,0.659902485986,0.258476663042,0.303593454513,1.0,-0.0087,-0.0114342857143,0.436
0.463603907116,0.536573455785,-0.124044273282,-1.37280700739,0.0784938263286,1.90033109958,0.157049842421,-0.00863894408272,-0.0467041161754,-0.00289320126283,-0.0781428967972,-0.00637096447566,0.0211154096062,-0.00902265013865,0.573994571304,0.818844005347,0.0023396414308,0.0,0.818805841755,-0.573934365814,-0.0117082939567,0.0,-0.008244624433,0.0086363755185,-0.999928717052,0.0,0.659752087939,0.258279396369,0.303602381145,1.0,-0.00904,-0.0118811428571,0.453
0.463487455094,0.535723687027,-0.124054288397,-1.37415178079,0.078406320746,1.90082144395,0.15689101083,-0.00783364220186,-0.052001836044,1.03174370431e-05,-0.086641862762,-0.00403900843307,0.03281321328,-0.0138906675813,0.574017347146,0.818828069401,0.00232912825764,0.0,0.818789847637,-0.573957259627,-0.0117045474046,0.0,-0.00824735066952,0.0086258458962,-0.999928785459,0.0,0.659597459647,0.258067407172,0.30360487102,1.0,-0.00938,-0.012328,0.47
0.46338555038,0.53488133345,-0.124056377419,-1.37547842881,0.0783328036416,1.90130513154,0.156740008631,-0.00948982425805,-0.0515843671468,0.000675650468728,-0.082368612974,-0.00222427061389,0.0354433999299,-0.00799923869593,0.574031690683,0.818818008179,0.00233119581975,0.0,0.818779741022,-0.573971518195,-0.011712339376,0.0,-0.00825239327925,0.00863215607919,-0.999928689401,0.0,0.659438862823,0.257873490036,0.303609781892,1.0,-0.0097,-0.0127485714286,0.486
0.463246989515,0.533942363799,-0.124056117603,-1.37702813256,0.0782565131668,1.90186852658,0.15655406051,-0.00631686231867,-0.0503152257334,0.00201034417597,-0.0789391768865,-0.00674930654252,0.0324045568319,-0.00179875451354,0.574057229537,0.818800195164,0.00229880745281,0.0,0.818761318654,-0.573996978131,-0.0117524071147,0.0,-0.0083035245765,0.008628895023,-0.999928294254,0.0,0.659255592171,0.257636528774,0.303583377098,1.0,-0.01006,-0.0132217142857,0.504
0.463131051786,0.533065072595,-0.12406123252,-1.37842282863,0.0781622737756,1.90239538412,0.156359051494,-0.00740893186608,-0.0529279159809,0.000355101144452,-0.0882494306023,-0.00298750265514,0.0327071580528,-0.00802896843979,0.574047154627,0.818807258113,0.0022989620537,0.0,0.818768489379,-0.573987013823,-0.0117394916448,0.0,-0.00829296626651,0.008621505454,-0.999928445617,0.0,0.659095477334,0.257423600753,0.303584017436,1.0,-0.01038,-0.0136422857143,0.52
0.462993907879,0.532116008652,-0.124064813733,-1.37995627271,0.0780891081815,1.90297511639,0.156173489776,-0.00749788479512,-0.0615085424676,-0.000225753967407,-0.0946517674114,-0.00372463425673,0.0356323775765,-0.0181888828305,0.574074314423,0.818788205326,0.00230287659528,0.0,0.818749329163,-0.574013990958,-0.01175674616,0.0,-0.00830456159224,0.0086348909076,-0.999928233883,0.0,0.658919066707,0.257189055472,0.30357363295,1.0,-0.01072,-0.0140891428571,0.537
0.462868592063,0.531188697194,-0.124054918042,-1.38144415187,0.0779882547222,1.9035130786,0.155995767107,-0.0117066004262,-0.0600710794555,0.00722834827013,-0.102897800876,-0.00350307330506,0.0340047211083,-0.0167724168342,0.574081746122,0.818783060503,0.00227936488746,0.0,0.818743922642,-0.574021556149,-0.0117638903114,0.0,-0.00832382979234,0.0086198167984,-0.999928203731,0.0,0.658729556135,0.256950976239,0.303565511805,1.0,-0.01106,-0.014536,0.554
0.46273147792,0.530156092035,-0.124059580869,-1.38308443832,0.0778891430056,1.90408826638,0.155771842232,-0.0045893254093,-0.0598212274725,-0.00118880846152,-0.0914004979793,-0.00796463882791,0.0272719983503,-0.00807428148008,0.574072951393,0.818789305091,0.00225105520284,0.0,0.81874971793,-0.574012786546,-0.0117884338666,0.0,-0.00836027006517,0.00861063761592,-0.999927978809,0.0,0.658540145052,0.256716848291,0.303562086541,1.0,-0.01138,-0.0149565714286,0.57
0.462596897777,0.529124989332,-0.124065168701,-1.38472500511,0.0777874062849,1.90468319443,0.15554954454,-0.00658919691806,-0.0561203076951,0.000794386276766,-0.095125245039,-0.00351905474139,0.029556810812,-0.0129290855876,0.574066712016,0.818793721902,0.0022356275171,0.0,0.818753940263,-0.574006613579,-0.0117957522671,0.0,-0.00837518416937,0.00860214317625,-0.999927927114,0.0,0.658343991918,0.256467705241,0.303559202312,1.0,-0.01172,-0.0154034285714,0.587
0.462453751075,0.528034814101,-0.124067650491,-1.38642395514,0.0776787691807,1.90534677872,0.155322412393,-0.011476119805,-0.0607896070867,-2.40745538488e-05,-0.0999940404137,-0.00580819012301,0.0427157506692,-0.0111710706768,0.574062702544,0.818796419883,0.00227667193417,0.0,0.818757258577,-0.574002537105,-0.0117637504493,0.0,-0.00832546157686,0.00861733795694,-0.999928211511,0.0,0.658150836944,0.256212123496,0.303575718187,1.0,-0.01206,-0.0158502857143,0.604
0.462309766462,0.526880673152,-0.124071236836,-1.38817741036,0.0775699497584,1.906018748,0.155074964051,-0.00806460229915,-0.0708027436714,-0.0016312852121,-0.109098437128,-0.00363522714567,0.0358200031647,-0.0123495031057,0.574046080696,0.818807906623,0.00233584895416,0.0,0.818769562818,-0.573985745765,-0.0117266176762,0.0,-0.00826126232221,0.00864430737358,-0.999928511192,0.0,0.657948233226,0.255950289459,0.303611783129,1.0,-0.0124,-0.0162971428571,0.621
0.462163796212,0.525721824716,-0.124074798497,-1.38999414272,0.0774558572423,1.9066906661,0.15483420275,-0.00756725943852,-0.0724862098451,0.000617965019318,-0.106683116391,-0.00862559319918,0.0429229147502,-0.0120269089974,0.574038217319,0.818813395515,0.0023442021649,0.0,0.818775184226,-0.573977877541,-0.011719244493,0.0,-0.00825051304101,0.0086468352549,-0.999928578087,0.0,0.657731144322,0.25567890623,0.303620750358,1.0,-0.01274,-0.016744,0.638
0.462004074796,0.52456855453,-0.124083745197,-1.39182734162,0.0773285341061,1.90735574675,0.154578759697,-0.0100886380363,-0.0606918579005,-0.000528086149543,-0.109930404937,-0.00608836251708,0.0317876093526,-0.0136131942369,0.574030365948,0.818818968046,0.00232022374978,0.0,0.818780579929,-0.57397025675,-0.0117155110467,0.0,-0.00826130229966,0.00862497929838,-0.999928677765,0.0,0.657513561411,0.255390773892,0.303617222757,1.0,-0.01308,-0.0171908571429,0.655
0.461852731465,0.523371745571,-0.124089343184,-1.39372649409,0.0772085612376,1.90803349825,0.154321142186,-0.0100667251521,-0.0724302780586,-0.00298259704735,-0.110457382621,-0.0102731224821,0.0408418521025,-0.00748578534184,0.574016751846,0.818828581585,0.00229553489819,0.0,0.818789874949,-0.573956738455,-0.0117281696868,0.0,-0.00828598235686,0.00861189240654,-0.999928586353,0.0,0.657280240093,0.255104926747,0.303613615904,1.0,-0.01342,-0.0176377142857,0.672
0.461699743624,0.522228849638,-0.124085117126,-1.3955615571,0.077103650814,1.90874298096,0.154070628441,-0.0129326591645,-0.0717717109704,0.00178427583353,-0.116695683334,-0.00423248493411,0.0439425801201,-0.00809337837871,0.574004176183,0.818837350019,0.00231232346841,0.0,0.818798793792,-0.573944031267,-0.0117273679003,0.0,-0.00827582193631,0.00862505187615,-0.999928557074,0.0,0.657063687394,0.254835190127,0.30360479013,1.0,-0.01374,-0.0180582857143,0.688
0.461531801298,0.520981523331,-0.124098613724,-1.39755334908,0.07698310227,1.90951797651,0.15380525738,-0.0156490598133,-0.0778701485537,-0.00178283029683,-0.115017602811,-0.00656332901446,0.0460949587714,-0.0150822683457,0.574008157816,0.818834501741,0.00233247102082,0.0,0.818796284257,-0.573948018166,-0.0117074434524,0.0,-0.00824790030381,0.00863015281102,-0.999928743763,0.0,0.656834098648,0.254530027604,0.30360066013,1.0,-0.01408,-0.0185051428571,0.705
0.461365796953,0.519693080591,-0.12409774685,-1.39960390835,0.0768543695687,1.91025873442,0.153524803647,-0.0111268327206,-0.0806316435025,0.000467460754847,-0.122998122485,-0.00515164442122,0.0458471704067,-0.0215797165198,0.57398823146,0.818848527917,0.00231200691518,0.0,0.818810015305,-0.573928139437,-0.0117216253244,0.0,-0.00827146906591,0.00862133539482,-0.999928625141,0.0,0.656580857366,0.254224527574,0.303593621286,1.0,-0.01442,-0.018952,0.722
0.4611954199,0.518352680567,-0.124111274458,-1.40167894354,0.0767118340443,1.91099911662,0.153241968486,-0.0155310451218,-0.0761801227725,-0.00293522762888,-0.11623304441,-0.0057868933864,0.0452143775564,-0.0131937459134,0.573977192857,0.818856282912,0.00230584381772,0.0,0.818817825162,-0.573917265641,-0.0117084712016,0.0,-0.00826435074226,0.00860862719571,-0.999928793487,0.0,0.65632751792,0.253903363342,0.303611389626,1.0,-0.01476,-0.0193988571429,0.739
0.461019013428,0.516991805785,-0.124106381261,-1.40381308391,0.0765656038609,1.91176931382,0.152960162508,-0.0143780014406,-0.0808087322569,0.000353984121818,-0.125559487342,-0.0074075841233,0.0472783858827,-0.014309437912,0.573960730582,0.818867850678,0.00229559929836,0.0,0.818829316721,-0.573900902506,-0.0117068818163,0.0,-0.00826910184778,0.00859916000554,-0.999928835669,0.0,0.65606346987,0.253583714394,0.303616994461,1.0,-0.0151,-0.0198457142857,0.756
0.460844036677,0.515740622367,-0.124112689237,-1.40583907898,0.0764410939332,1.91253639554,0.152672349525,-0.0127140334207,-0.079465831299,0.00139086734941,-0.130068367845,-0.00761615135276,0.0480546998106,-0.0178743111853,0.573946423239,0.81887790933,0.00228468031566,0.0,0.818839256063,-0.573886660816,-0.0117098321472,0.0,-0.00827793468578,0.00859176762577,-0.99992882613,0.0,0.655821793532,0.253273158598,0.303596913628,1.0,-0.01542,-0.0202662857143,0.772
0.460660779,0.5143470799,-0.1241167142,-1.40806047701,0.0763130275825,1.91335279684,0.152367400014,-0.00907955845081,-0.087912938532,-0.00116553982301,-0.132686611798,-0.00971534778114,0.0479999593567,-0.0194336163476,0.573932153077,0.818887931956,0.00227716091418,0.0,0.818849086252,-0.57387232217,-0.0117251307877,0.0,-0.00829492818391,0.00859424615777,-0.999928664005,0.0,0.655548338521,0.252940019393,0.303587445092,1.0,-0.01576,-0.0207131428571,0.789
0.460461220907,0.512942615454,-0.124119173907,-1.41033890329,0.0761745441773,1.91414044668,0.15206071204,-0.0129753308309,-0.0889733794266,-0.000422933050381,-0.13545611496,-0.0118036829456,0.0498512104263,-0.0175792825819,0.573928167537,0.818890925439,0.00220400591888,0.0,0.818851014297,-0.57386849654,-0.0117776044273,0.0,-0.00837992516546,0.00856441630071,-0.999928211237,0.0,0.655259315932,0.252586989454,0.303555514007,1.0,-0.0161,-0.02116,0.806
0.460268131746,0.5115348721,-0.124124840708,-1.41262044684,0.0760455475797,1.91496934251,0.151725901673,-0.0120352990319,-0.0870229921168,-0.000466389880731,-0.134175363828,-0.0141034007523,0.0477474043592,-0.0259402018659,0.573900865547,0.818910152228,0.00216933262243,0.0,0.818869654724,-0.573841194386,-0.0118118202882,0.0,-0.00842812939483,0.00855537926016,-0.99992788346,0.0,0.654975564361,0.252240336731,0.30352765728,1.0,-0.01644,-0.0216068571429,0.823
0.460066855242,0.510069641101,-0.124125470014,-1.41493164838,0.0759014146234,1.91585432908,0.151398076142,-0.00921899339506,-0.0845430048677,-0.00074810607691,-0.135991899072,-0.00726458717119,0.0548482531457,-0.0200177995257,0.573879563596,0.818925001825,0.00219881202441,0.0,0.818884913109,-0.573819806248,-0.0117930462576,0.0,-0.00839606018839,0.00856852720405,-0.999928040668,0.0,0.654698305822,0.251889900107,0.303530108577,1.0,-0.01678,-0.0220537142857,0.84
0.459856475894,0.508549638605,-0.12412556198,-1.41731158798,0.0757461352569,1.91670682905,0.151080546867,-0.0117401240063,-0.0902696675793,0.000234705100974,-0.139935807705,-0.0110632430072,0.0450867762922,-0.018325558402,0.573873430737,0.818929329072,0.00218778004006,0.0,0.818889100265,-0.573813720345,-0.0117984199336,0.0,-0.00840685577425,0.00856251380806,-0.999928001475,0.0,0.654401388326,0.251522547778,0.303534798377,1.0,-0.01712,-0.0225005714286,0.857
0.459656025647,0.507116425201,-0.124132216934,-1.41956954445,0.0756045004647,1.91752237072,0.150756134714,-0.0155759175751,-0.0927593835834,-0.000179989558365,-0.143745672508,-0.0143396831187,0.0486614787738,-0.0230087789659,0.573855323901,0.818942046315,0.00217690334259,0.0,0.818901664318,-0.573795646114,-0.0118054046487,0.0,-0.00841900667253,0.00855742883577,-0.999927942773,0.0,0.654121283867,0.25117094569,0.30353336923,1.0,-0.01744,-0.0229211428571,0.873
0.459388271029,0.505270910044,-0.124132940123,-1.42243668501,0.0754171597665,1.91860249982,0.1503664008,-0.0160763458873,-0.094632642152,0.0010388755666,-0.14709086305,-0.0121700320238,0.0508587314411,-0.0159393810357,0.573853402066,0.818943280176,0.00221893976137,0.0,0.818903526353,-0.573793645253,-0.0117734487176,0.0,-0.00836873430157,0.00857349626236,-0.999928227148,0.0,0.653775895384,0.250722569891,0.303552363567,1.0,-0.01784,-0.0234468571429,0.893
0.459198169369,0.503802777296,-0.124143362853,-1.42462470267,0.0752817916512,1.91945730076,0.150065499815,-0.0177397651003,-0.096001666402,-0.000701780386675,-0.148770360549,-0.010488074633,0.0539755349885,-0.0240908447242,0.573846328294,0.818947928383,0.00233002171128,0.0,0.818909706325,-0.573786246143,-0.0117039960783,0.0,-0.00824818773415,0.0086245386203,-0.999928789831,0.0,0.653517288634,0.250388024848,0.303610948811,1.0,-0.01814,-0.0238411428571,0.908
0.458941646105,0.50202855167,-0.124149480692,-1.42725826641,0.0751079760607,1.92043624328,0.149696520053,-0.0145095906978,-0.100727401213,-0.000297570484066,-0.151397445091,-0.0149925893823,0.0520786614096,-0.0174704320511,0.573846410764,0.81894759367,0.00242540239303,0.0,0.818910710774,-0.573786089751,-0.0116412150679,0.0,-0.00814203967161,0.00866662434064,-0.999929295907,0.0,0.653201170731,0.249966158082,0.303681210843,1.0,-0.0185,-0.0243142857143,0.926
0.458750647939,0.500621831519,-0.124145066758,-1.42939043555,0.0749702895036,1.92118097201,0.149400729659,-0.0131114157904,-0.103934817154,0.00111418201023,-0.153872975459,-0.0183748752596,0.0468300282219,-0.0203424933122,0.57382873083,0.818959932819,0.00244192810171,0.0,0.818923206394,-0.573768291546,-0.0116394392982,0.0,-0.00813129006325,0.00867896336785,-0.999929276357,0.0,0.652927542903,0.249638008984,0.303712430661,1.0,-0.01878,-0.0246822857143,0.94
0.458510353849,0.498921658764,-0.124145149067,-1.43198529211,0.0748083619374,1.92212983473,0.149038907408,-0.0101816285389,-0.104155558984,0.000564569898704,-0.15518097408,-0.0151924811799,0.0541414892125,-0.020085418883,0.573817501237,0.818967662857,0.00248784437237,0.0,0.818931493884,-0.57375686065,-0.011619814266,0.0,-0.00808899009349,0.00870519449732,-0.999929391421,0.0,0.652604558743,0.249233995209,0.303745473547,1.0,-0.01912,-0.0251291428571,0.957
0.458233143838,0.497154559652,-0.12414586039,-1.43479493084,0.0746416535778,1.92316486746,0.148618598051,-0.0190943956746,-0.0987773796909,0.000580029963845,-0.15603904916,-0.0117859455752,0.0515524506681,-0.0203751097392,0.573798491134,0.818980993724,0.00248402749183,0.0,0.818944660065,-0.573737742436,-0.0116358736501,0.0,-0.0081045350769,0.00871109550891,-0.999929214158,0.0,0.652257027043,0.248786118574,0.303729904874,1.0,-0.01948,-0.0256022857143,0.975
0.457984794397,0.495578029802,-0.124148047261,-1.43733722224,0.0744811288757,1.92404181746,0.148239310391,-0.0149258322911,-0.100607786759,-0.000669871890807,-0.157508533531,-0.0143782493331,0.05735310283,-0.0150784517548,0.573777591071,0.818995865326,0.00240737702044,0.0,0.81895843168,-0.573717006959,-0.0116888839534,0.0,-0.00819215221364,0.00867852847478,-0.999928783357,0.0,0.651929086092,0.248375950741,0.303694479957,1.0,-0.0198,-0.0260228571429,0.991
0.457710364888,0.493914392172,-0.124156130976,-1.44008676044,0.0743037622933,1.92501249007,0.147862371965,-0.0145723965532,-0.097345747002,-0.00163761217979,-0.161868199098,-0.0100548949871,0.0621709541547,-0.0197502194837,0.573789737565,0.818987657373,0.00230239811688,0.0,0.818948828365,-0.57372950666,-0.0117480469691,0.0,-0.00830071154458,0.00862662111671,-0.99992833723,0.0,0.651579419155,0.247925674431,0.303628898128,1.0,-0.020464,-0.0268955428571,1.008
0.457443890577,0.492225784979,-0.124155424237,-1.44278137773,0.0741288113693,1.926014865,0.147478472512,-0.0185076438422,-0.111242990558,-0.000290789687773,-0.171435869886,-0.0106359958388,0.0594324246772,-0.0196199248079,0.573780873517,0.81899389329,0.0022932161149,0.0,0.818954963446,-0.573720697476,-0.0117505759593,0.0,-0.00830814436192,0.00862046242842,-0.999928328614,0.0,0.651244716045,0.247495152712,0.303608564998,1.0,-0.0215702857143,-0.0283495183673,1.024
0.45714881845,0.49036635064,-0.124153335093,-1.44580545444,0.0739370831356,1.92706613777,0.147041204822,-0.0169673774935,-0.112895065833,0.000103298396513,-0.176363658785,-0.00584427715392,0.0666156681716,-0.0310702860069,0.573761724711,0.81900757605,0.00219557077213,0.0,0.818967235115,-0.573701780328,-0.011818712223,0.0,-0.00842017410346,0.00857939041355,-0.999927744754,0.0,0.650850354336,0.247010946872,0.303553846127,1.0,-0.0227457142857,-0.0298943673469,1.041
0.456823445813,0.488383547,-0.124170907888,-1.44896652419,0.073733305817,1.92820613299,0.146588932662,-0.0199895228059,-0.115736590496,-0.000279513513256,-0.186345388975,-0.00942921390266,0.0666200848395,-0.0342790623518,0.57377227507,0.819000293712,0.002154567727,0.0,0.818959453971,-0.573712525666,-0.0118362808892,0.0,-0.00845797787459,0.00855599815288,-0.999927626134,0.0,0.650454452398,0.24648508198,0.303527091099,1.0,-0.0239211428571,-0.0314392163265,1.058
0.456496418738,0.486374056994,-0.124175599426,-1.45203383245,0.0735457302536,1.92941275066,0.146153520794,-0.0175334384386,-0.125151540503,0.000452400612303,-0.194708302678,-0.0132987418537,0.0703904134936,-0.0253413862838,0.573793643585,0.818984982029,0.00228050286936,0.0,0.818945849792,-0.573733475497,-0.0117618495117,0.0,-0.00832453754697,0.0086166487441,-0.999928225144,0.0,0.650068663219,0.245950653784,0.303567350609,1.0,-0.0250965714286,-0.0329840653061,1.075
0.456110120603,0.484026025158,-0.124213611414,-1.4556166279,0.0733207021449,1.93069457846,0.145591125581,-0.0246001645255,-0.135879345195,-0.00183607377171,-0.207989723577,-0.00784041899654,0.0690388651471,-0.0361465945071,0.573786871707,0.818989636835,0.00231246962135,0.0,0.818950957609,-0.573726623025,-0.0117404413757,0.0,-0.00828873401571,0.00863047650371,-0.999928403319,0.0,0.649646289548,0.245368261001,0.303604624152,1.0,-0.026272,-0.0345289142857,1.092
0.455752301558,0.481850038452,-0.124243003328,-1.45899852001,0.073109731171,1.93185019207,0.145088745691,-0.0211364218235,-0.138057470821,-0.000668094843681,-0.20728128419,-0.013698282812,0.0724698648273,-0.0367165516979,0.573797761787,0.818982133058,0.00226742158928,0.0,0.818942793846,-0.573737604724,-0.0117731998033,0.0,-0.00834129585211,0.0086124900845,-0.999928121316,0.0,0.649209746804,0.244791502694,0.303605395119,1.0,-0.0273782857143,-0.0359828897959,1.108
0.455344732784,0.479428443001,-0.124256575677,-1.46271993805,0.0728795162179,1.93323147768,0.144543077671,-0.02427682442,-0.149558326017,-0.00239549862214,-0.222356262751,-0.0136108823206,0.0760783410278,-0.0335357774151,0.573813614974,0.818970835957,0.00233495668352,0.0,0.818932355217,-0.573753181118,-0.011740171975,0.0,-0.00827532895742,0.00864900861777,-0.999928354224,0.0,0.64874881642,0.244167023076,0.303632665051,1.0,-0.0285537142857,-0.0375277387755,1.125
0.45492068988,0.476939310669,-0.124268594768,-1.46652466453,0.0726407870818,1.93462316396,0.144001220463,-0.0202963978076,-0.155291317543,0.00669103070796,-0.223830001483,-0.0172411963157,0.0780231130843,-0.0278806295956,0.573845421255,0.818948368416,0.00239776454483,0.0,0.818910675717,-0.573784721745,-0.0117109004769,0.0,-0.00821498033989,0.00868396879436,-0.999928548839,0.0,0.648272800621,0.243523543297,0.30366647147,1.0,-0.0297291428571,-0.0390725877551,1.142
0.454507983751,0.474481384815,-0.124276135047,-1.47029076097,0.0724011438457,1.93599539251,0.143462073325,-0.0259876915703,-0.159627788095,0.000515957573636,-0.234897449924,-0.0162158588473,0.0853918522404,-0.0329923153156,0.57386363256,0.818935453257,0.00244980097781,0.0,0.818898405219,-0.573802708498,-0.0116876238793,0.0,-0.00816586434092,0.0087134081693,-0.999928695047,0.0,0.647795340257,0.242893129855,0.303693818848,1.0,-0.0308354285714,-0.0405265632653,1.158
0.454056110555,0.471819278701,-0.124280034501,-1.47442070202,0.0721397720969,1.93742276994,0.142849625662,-0.0270643470061,-0.160250371603,-0.000765084029301,-0.241885126732,-0.0130188962927,0.0913855217637,-0.0464254253783,0.573861253021,0.818937215285,0.00241797514887,0.0,0.818899560614,-0.573800239668,-0.0117278081807,0.0,-0.00821706205686,0.00871038118656,-0.999928302005,0.0,0.647251230806,0.242200032775,0.303692428,1.0,-0.0320108571429,-0.0420714122449,1.175
0.453599186015,0.469059956806,-0.124274851341,-1.47860071794,0.071875823307,1.93901023397,0.142186688061,-0.0240405095469,-0.162279938427,0.000554265463108,-0.247272277729,-0.0158092305099,0.10057854082,-0.0403977442092,0.573816238277,0.818968325629,0.00255992320649,0.0,0.818932495289,-0.573754699622,-0.011655887916,0.0,-0.00807719055086,0.00878491119375,-0.999928789629,0.0,0.646725645932,0.241514821584,0.303746099281,1.0,-0.0331862857143,-0.0436162612245,1.192
0.453111769545,0.466204336816,-0.124279929444,-1.48297588657,0.0715760530881,1.9405974874,0.141495243844,-0.0273975086109,-0.16470502286,-0.000561735031249,-0.267226051765,-0.0173048469341,0.0919379087639,-0.0356402011083,0.573777414487,0.818995383071,0.00260538538102,0.0,0.818960241048,-0.573715829964,-0.0116196787115,0.0,-0.008021866827,0.00880098569414,-0.999929093638,0.0,0.646162173733,0.240777108723,0.303771842057,1.0,-0.0343617142857,-0.0451611102041,1.209
0.452595142012,0.463287628719,-0.124286444331,-1.48756889313,0.0712581525367,1.94215317171,0.140811301581,-0.0342653863832,-0.171145078078,-0.000783698603591,-0.274864617219,-0.0195329684756,0.100380706167,-0.047395499135,0.573772827564,0.818998950797,0.0024915545242,0.0,0.81896227908,-0.573711587069,-0.0116853416012,0.0,-0.00814100555032,0.008745389039,-0.999928618552,0.0,0.645544258946,0.239990690199,0.303731626304,1.0,-0.0355371428571,-0.0467059591837,1.226
0.452067307782,0.460288539619,-0.124284369898,-1.49225797114,0.0709479616746,1.94380311172,0.140123279419,-0.0258482403452,-0.175363802123,-0.001445602796,-0.27785932568,-0.0194687517675,0.099773813197,-0.0412558996749,0.573773462178,0.818998621154,0.0024534769062,0.0,0.81896133515,-0.573712231281,-0.0117198168898,0.0,-0.00819108186639,0.0087339907922,-0.999928309222,0.0,0.644919936342,0.239199846449,0.303708293799,1.0,-0.0367125714286,-0.0482508081633,1.243
0.45149173118,0.457246048462,-0.124293217104,-1.49702920685,0.070630972066,1.94550474752,0.139380044097,-0.0366220065805,-0.173534619536,-0.000254491306651,-0.292035944979,-0.0163461012415,0.101688547764,-0.0445389884285,0.573776360103,0.818996682606,0.00242267810954,0.0,0.818958954234,-0.57371519712,-0.0117409869653,0.0,-0.00822606050312,0.0087209426012,-0.999928135962,0.0,0.644296657294,0.23836569067,0.303678443171,1.0,-0.037888,-0.0497956571429,1.26
0.450930171788,0.454285598627,-0.124320385844,-1.50173655607,0.0703057714008,1.9470993409,0.138657808939,-0.0290624296374,-0.188476374687,-0.000234776253878,-0.294517180843,-0.0220132637367,0.104134912294,-0.0452980478378,0.573790690868,0.818987056752,0.00227834295858,0.0,0.818947443565,-0.573730063155,-0.0118171998273,0.0,-0.00837114102647,0.00864660886852,-0.999927577454,0.0,0.643662849526,0.237528743764,0.303611862379,1.0,-0.0389942857143,-0.0512496326531,1.276
0.450332114946,0.450930245216,-0.124376856676,-1.50672304687,0.0699723026149,1.94897654744,0.137852995707,-0.0340096973107,-0.197207328686,-0.000596613258076,-0.292930786226,-0.0138782872949,0.111873250302,-0.048290050171,0.573798669172,0.818980916907,0.00246817748851,0.0,0.818944117671,-0.573737698023,-0.0116761680708,0.0,-0.00814662920985,0.00872123704646,-0.999928783693,0.0,0.643036931839,0.23664108984,0.303705850935,1.0,-0.0401697142857,-0.0527944816327,1.293
0.449741395963,0.447710718052,-0.124393210502,-1.51155621074,0.0696342772964,1.95063435148,0.137142599439,-0.0328947652211,-0.203728397643,0.000220936901799,-0.313428886365,-0.0231321631834,0.10340993374,-0.0467088535171,0.573836927216,0.818954032283,0.0024941675583,0.0,0.818917614847,-0.5737759063,-0.011657458774,0.0,-0.00811598587578,0.00873216619114,-0.999928937498,0.0,0.642387580572,0.235784007046,0.303756928861,1.0,-0.041276,-0.0542484571429,1.309
0.449063091112,0.444076106333,-0.124395212333,-1.51715765466,0.0692569149796,1.95256228558,0.136299325694,-0.0379065203953,-0.192895687637,-0.000203427976084,-0.314442325212,-0.0197442106189,0.109105241586,-0.0416752714942,0.57384969027,0.818945200099,0.00245746069239,0.0,0.818908141595,-0.573788622915,-0.0116969544461,0.0,-0.00816925899638,0.00872489623591,-0.999928567145,0.0,0.641622628416,0.234807187598,0.303747379917,1.0,-0.0425205714286,-0.0558841795918,1.327
0.448442202155,0.440791235,-0.124397619459,-1.52222700696,0.0688989547605,1.95437615982,0.135455819168,-0.0431107068172,-0.200976583274,-0.000159847462115,-0.315293584282,-0.0240898796441,0.105722727812,-0.0486266503851,0.573794895516,0.818983563056,0.00246743287464,0.0,0.818946714506,-0.573733885073,-0.0116813877711,0.0,-0.00815137166806,0.00872358467759,-0.999928724565,0.0,0.640941858153,0.233921042967,0.303738984263,1.0,-0.0436268571429,-0.057338155102,1.343
0.447749222804,0.437241738958,-0.124406096598,-1.52775175755,0.0685348048184,1.95632200788,0.134575793648,-0.0403959674621,-0.211082659366,-0.0028203330458,-0.328657914968,-0.0203538778963,0.109883732209,-0.0531838356339,0.573790700291,0.818986583583,0.00244030178226,0.0,0.818949214385,-0.573729609055,-0.0117160937191,0.0,-0.00819540796746,0.00872123675805,-0.999928385094,0.0,0.640191447011,0.232944092807,0.303703778569,1.0,-0.0448022857143,-0.0588830040816,1.36
0.446923701451,0.433052806404,-0.124427599236,-1.5339956688,0.0680955664788,1.95855585478,0.133583169478,-0.0464912346284,-0.221653029085,-0.00559171941862,-0.331469092557,-0.0208706834842,0.125340099232,-0.0451882400012,0.573819425361,0.818966046784,0.00257452820108,0.0,0.818930604636,-0.573758051807,-0.0116236689038,0.0,-0.00804238872717,0.00877841595901,-0.999929127187,0.0,0.639362161175,0.23180737995,0.303783747862,1.0,-0.046116,-0.0606096,1.379
0.446295778373,0.429974541794,-0.124437330414,-1.53878212792,0.0677404521497,1.96015115963,0.132818720633,-0.0488228812088,-0.226547600649,-0.000637446790458,-0.350423492498,-0.0281705613391,0.114256109896,-0.0559640322318,0.573821215575,0.818965144089,0.00246012697008,0.0,0.818928254686,-0.573760285859,-0.0116788247847,0.0,-0.00815318424307,0.00871639273795,-0.999928772505,0.0,0.638692869663,0.230932293721,0.303741957515,1.0,-0.047084,-0.0618818285714,1.393
0.445539755928,0.426139095513,-0.124478382776,-1.54470075906,0.0673140457863,1.96210565916,0.131845970689,-0.047698892114,-0.230297415665,-0.00160184815612,-0.346661335972,-0.0245335091098,0.126780915137,-0.058399263725,0.5738063452,0.818975906392,0.00234304480797,0.0,0.818937542515,-0.573745894401,-0.0117344372748,0.0,-0.00826606821163,0.00865226850568,-0.99992840262,0.0,0.637811687287,0.229785709096,0.303714858618,1.0,-0.0483285714286,-0.0635175510204,1.411
