position_joint1,position_joint2,position_joint3,position_joint4,position_joint5,position_joint6,position_joint7,velocity_joint1,velocity_joint2,velocity_joint3,velocity_joint4,velocity_joint5,velocity_joint6,velocity_joint7,ee_T_00,ee_T_10,ee_T_20,ee_T_30,ee_T_01,ee_T_11,ee_T_21,ee_T_31,ee_T_02,ee_T_12,ee_T_22,ee_T_32,ee_T_03,ee_T_13,ee_T_23,ee_T_33,v_x,v_y,time
0.465094650663,0.547625927992,-0.123981457352,-1.35574937248,0.0794667399459,1.89408649273,0.159170394121,0.00195132342758,0.000946366786384,0.000318784227351,-0.00416685884463,-2.07042815684e-06,0.000247214981967,0.0053632765232,0.573779061149,0.818995625629,0.00212157705742,0.0,0.818955049814,-0.573720139893,-0.0117717613968,0.0,-0.00842399179167,0.00849202994495,-0.999928458336,0.0,0.661692352298,0.260914099278,0.30336265523,1.0,0.0,0.0,0.0
0.465094627116,0.547615325454,-0.123984872779,-1.35575253997,0.0794667399459,1.89408175951,0.159174688226,0.000512961182617,-0.00251811667296,-0.000198592093008,-0.00388264579896,7.81994566988e-05,-7.09715820887e-05,0.0050238983408,0.573785104474,0.81899138654,0.00212357185505,0.0,0.818950845186,-0.573726183343,-0.0117697331368,0.0,-0.00842112341822,0.0084925620312,-0.999928477978,0.0,0.6616917529,0.260911549047,0.303368360349,1.0,-2e-05,-2.62857142857e-05,0.002
0.465093950875,0.547625142534,-0.123984389119,-1.35574918916,0.0794660278691,1.89408837601,0.159166934221,0.0011773715458,0.00126386855047,0.000794173638248,0.00175909394616,-5.28629802429e-05,0.000655648238975,-0.00131385031236,0.573778662027,0.818995901903,0.00212286825494,0.0,0.81895536632,-0.573719759452,-0.0117682832489,0.0,-0.00842040640764,0.00849108764603,-0.999928496537,0.0,0.66169368687,0.26091198467,0.303363558326,1.0,-0.0004,-0.000525714285714,0.021
0.465091786257,0.547612402487,-0.123985362959,-1.35576211687,0.0794660278691,1.89408522415,0.159173148092,0.000380612594019,-0.00160798803802,4.34319258416e-05,-0.00290041370758,-0.00022068101747,-0.000116515772056,0.00238120188378,0.573786865835,0.818990160304,0.00212057093397,0.0,0.818949583423,-0.573727959638,-0.0117709405766,0.0,-0.00842381585906,0.00849081525886,-0.999928470133,0.0,0.661691219418,0.260908406568,0.303366188435,1.0,-0.00072,-0.000946285714286,0.037
0.465089986476,0.547544879924,-0.123982858282,-1.35582695024,0.0794673502975,1.89409539808,0.159167299481,-0.000537607929563,-0.00827287427125,3.18786263671e-06,-0.0102854058192,0.000306952089307,0.00112180127808,-0.000417024816919,0.573785638741,0.818990979169,0.00213628548429,0.0,0.818950529826,-0.573726594329,-0.0117716421337,0.0,-0.00841538694434,0.00850407505971,-0.999928428424,0.0,0.661679990862,0.260902762684,0.303383965549,1.0,-0.00108,-0.00141942857143,0.055
0.465097692089,0.54743050159,-0.123982148009,-1.35594854567,0.0794665070517,1.89412369503,0.159163676616,0.000586763122996,-0.00882365504763,0.000436248475865,-0.011145935481,0.000451510805127,0.00121839990777,-0.000777274980472,0.573782269119,0.818993278964,0.00215952715323,0.0,0.81895304936,-0.573723051868,-0.0117690101774,0.0,-0.0083999314511,0.00852156477871,-0.99992840948,0.0,0.66165865479,0.260897127751,0.303409545321,1.0,-0.00136,-0.00178742857143,0.069
0.46507866008,0.547279361092,-0.123987489838,-1.35614960555,0.0794626522282,1.89416937861,0.159167534397,-0.0015183274012,-0.00763515969269,-0.000758120967428,-0.00869715576565,-0.00147869975799,0.00395817132136,0.00161748673066,0.57381475008,0.818970519333,0.0021605449952,0.0,0.818930221155,-0.573755441927,-0.0117784820436,0.0,-0.00840676696401,0.00852816651455,-0.999928295752,0.0,0.661632068005,0.260862037126,0.303425042964,1.0,-0.0017,-0.00223428571429,0.086
0.465062069949,0.547117499297,-0.123985223313,-1.35636106419,0.0794570914735,1.89428971094,0.159153699672,0.00011618804463,-0.00706441005569,0.000819602534344,-0.0118301580929,0.000218600019812,0.0115420114798,0.000894778298687,0.573826025588,0.818962448958,0.00222406311341,0.0,0.818922957095,-0.573766452906,-0.0117471172567,0.0,-0.00834451577093,0.0085623028,-0.999928525459,0.0,0.661615979278,0.260836679452,0.303449412856,1.0,-0.00204,-0.00268114285714,0.103
0.465041400437,0.546907633879,-0.123977568586,-1.35658126654,0.0794549012173,1.89441364514,0.159137192309,-0.00207179856142,-0.0100906832946,0.00174688444735,-0.0174456796215,0.000312423219077,0.00751515294746,-0.000255893332304,0.573835978392,0.818955184134,0.00232877301,0.0,0.818916976587,-0.573775934247,-0.0117008391939,0.0,-0.00824642777636,0.00862160025185,-0.999928829686,0.0,0.661599499135,0.260812128555,0.303503757806,1.0,-0.00238,-0.003128,0.12
0.465011521564,0.546658708858,-0.123983095473,-1.35692566664,0.0794468047932,1.89455565624,0.159112094234,-0.000243248236792,-0.015020434549,3.65407004382e-05,-0.0192277195013,0.000399327820731,0.00306367864408,0.0006196957495,0.57386092683,0.818937572969,0.00237384485648,0.0,0.81889988782,-0.573800648591,-0.0116848751182,0.0,-0.00820722756599,0.00864960108351,-0.999928910382,0.0,0.661564914209,0.26075988542,0.30352863141,1.0,-0.00276,-0.00362742857143,0.139
0.464974706851,0.546414850218,-0.123980355885,-1.35728944177,0.0794394809074,1.89469183186,0.158998999542,-0.00129727879138,-0.0136908764306,0.000441949139808,-0.0260746719436,0.000254827972573,0.00884360224936,-0.0147303976066,0.573814947745,0.818969722101,0.00239727486996,0.0,0.818932195828,-0.573754436506,-0.0116898300751,0.0,-0.00819832763904,0.00867117175386,-0.999928796567,0.0,0.661524431444,0.260705197852,0.303539900478,1.0,-0.00308,-0.004048,0.155
0.464935616857,0.546130249635,-0.123981412651,-1.35772355199,0.0794245486179,1.89485228372,0.158937383069,-0.00308092992299,-0.016340043938,0.000449356959596,-0.0254668513121,0.000109001149888,0.0109248160743,-0.00111339433603,0.573817548812,0.818967854666,0.00241259186342,0.0,0.818930432044,-0.573756880715,-0.0116934257316,0.0,-0.00819245633328,0.00868580501625,-0.999928717685,0.0,0.661475590448,0.260639409616,0.303548746531,1.0,-0.00342,-0.00449485714286,0.172
0.464895140921,0.54582053486,-0.123986425904,-1.3582276369,0.0794066569413,1.89502487934,0.158914506481,-0.0034976585535,-0.0150992173792,-0.000958473655822,-0.0347493556008,-0.000674889356622,0.0114025251208,-0.00125516605582,0.573858843794,0.818938958773,0.00239918818222,0.0,0.818901258334,-0.573798109664,-0.0117134685976,0.0,-0.00821612431914,0.00868674301439,-0.999928515343,0.0,0.66141517027,0.260562780227,0.303543227207,1.0,-0.00376,-0.00494171428571,0.189
0.464842952449,0.545509041347,-0.1239808592,-1.35875161816,0.0793485208782,1.89520534018,0.158849525054,-0.00113457097158,-0.0195899569419,-0.00293411303855,-0.0351888135767,-0.00940567592504,0.00619261404436,-0.00326658964423,0.573858285029,0.818939469278,0.00235823306781,0.0,0.818901416825,-0.573797891169,-0.0117130915388,0.0,-0.00823932243971,0.00865298162,-0.99992861719,0.0,0.661354629074,0.260476209174,0.303529734631,1.0,-0.00408,-0.00536228571429,0.205
0.464787567745,0.545131596917,-0.123986047459,-1.35939948298,0.0792641180716,1.89541811693,0.158727072068,-0.000476611352961,-0.0210873622254,0.00032846928806,-0.0447502322095,-0.00288635203326,0.016150652613,-0.00385113426716,0.573820646517,0.818966055584,0.00228305321783,0.0,0.818927401451,-0.573760926626,-0.0117071401678,0.0,-0.0082779830524,0.00858761891727,-0.999928861369,0.0,0.661278526759,0.260365399947,0.303507052532,1.0,-0.00442,-0.00580914285714,0.222
0.46471354267,0.544716945505,-0.123991371038,-1.3600951072,0.079256379504,1.89564287633,0.158685445642,-0.00162725463976,-0.0246925581749,-0.00348545504447,-0.0416037927156,-0.00447414629742,0.0160610821264,-0.000235309054705,0.573887514118,0.81891928473,0.00225236272259,0.0,0.818879911818,-0.573827570443,-0.0117624964017,0.0,-0.00834022788633,0.00859492988651,-0.999928281318,0.0,0.661195329513,0.260250238058,0.303489129105,1.0,-0.00476,-0.006256,0.239
0.464655165543,0.544326912175,-0.123996900774,-1.36078874425,0.0792324504675,1.89587693847,0.158577942116,-0.00165242271927,-0.0258726869963,0.00115977111664,-0.0439592017225,0.00033224786923,0.0138385525091,-0.00406687731442,0.573883436824,0.818922281753,0.00220097434298,0.0,0.818882066851,-0.57382351314,-0.0118103030716,0.0,-0.0084089114074,0.00858024093198,-0.999927832233,0.0,0.661110590696,0.260143228906,0.303455480576,1.0,-0.00508,-0.00667657142857,0.255
0.464582648671,0.543815957695,-0.123989934115,-1.36161880867,0.0791939121854,1.89617957726,0.158489588499,-0.00561596363715,-0.0328760144322,0.000386489771516,-0.049667098391,-0.001857540107,0.0169519536944,-0.00367499183342,0.573901610248,0.818909564495,0.00219404542837,0.0,0.81886910885,-0.573841557853,-0.0118319885384,0.0,-0.0084304564469,0.00858719862952,-0.99992759109,0.0,0.661012869395,0.260021803616,0.303447940474,1.0,-0.00544,-0.00714971428571,0.273
0.464515311418,0.543335181165,-0.123997768927,-1.36241047994,0.0791525429342,1.89645131179,0.15837263552,-0.00494546760254,-0.0297375727528,0.00027998743322,-0.0494142952997,-0.00114744479395,0.0146919486585,-0.010954656617,0.573899447436,0.818911164707,0.00216227912773,0.0,0.818870237566,-0.573839461704,-0.0118555101666,0.0,-0.00846797158273,0.00857466184551,-0.999927381679,0.0,0.660919111923,0.259896836858,0.303435066153,1.0,-0.00576,-0.00757028571429,0.289
0.464439490879,0.542844012735,-0.123998812977,-1.36322999767,0.0791005425185,1.89673799548,0.158274184825,-0.00237392043175,-0.0328459340415,-0.000457485573579,-0.0492047239947,-0.00486085662275,0.0165848097768,-0.00723044663208,0.57391334216,0.818901526041,0.00212443873006,0.0,0.81886010157,-0.573853501055,-0.0118760382992,0.0,-0.00850635305714,0.00855559966797,-0.999927219187,0.0,0.660823324219,0.259766329056,0.303417294464,1.0,-0.00608,-0.00799085714286,0.305
0.464354906407,0.542149737713,-0.124010422854,-1.36431168242,0.079032990564,1.89713247931,0.158129080271,-0.00348396245042,-0.0352967044564,-0.00160537289227,-0.0528845636632,-0.000553134279835,0.0226104407583,-0.00205485576112,0.573913992002,0.818901065877,0.00212626196052,0.0,0.818859725074,-0.573854203798,-0.0118680384043,0.0,-0.00849874856198,0.00855250824456,-0.999927310296,0.0,0.660699400851,0.259600264875,0.303428002113,1.0,-0.00648,-0.00851657142857,0.325
0.464274607718,0.541561897269,-0.124005224928,-1.36520368708,0.0789849414835,1.89746130667,0.158009759603,-0.00467758936455,-0.0369074608591,-0.000255335313628,-0.055586558473,-0.00262524361123,0.0223002629775,-0.00521660419478,0.573915067339,0.818900245165,0.00215194150824,0.0,0.818859152566,-0.573855089551,-0.0118647105931,0.0,-0.00848127511741,0.0085716382094,-0.999927294852,0.0,0.660597085731,0.259466601747,0.303447407489,1.0,-0.0068,-0.00893714285714,0.341
0.464181948239,0.540913347313,-0.124005599549,-1.36622306722,0.0789295224396,1.8978394862,0.157875363282,-0.00642449042145,-0.037894776135,0.000206773494996,-0.0638036445236,-0.00252615353901,0.0224240481167,-0.00507606589325,0.573922920816,0.818894717396,0.00216094505783,0.0,0.818853680525,-0.573862843972,-0.0118673122434,0.0,-0.00847815646004,0.00858058552184,-0.999927244561,0.0,0.660481560381,0.259309383514,0.303453486083,1.0,-0.00714,-0.009384,0.358
0.464091923183,0.540212255355,-0.124014095376,-1.36728587006,0.0788599243232,1.89823122673,0.157740285736,-0.00865660202987,-0.0459444870163,-0.000166590326373,-0.0649501914554,-0.0082515162839,0.0273134153795,-0.0141050972078,0.573932227664,0.818888139749,0.00218163435438,0.0,0.818847453208,-0.573872149734,-0.0118469842003,0.0,-0.00844953833631,0.00858595707437,-0.999927440689,0.0,0.660361876422,0.259143372151,0.303477349822,1.0,-0.00748,-0.00983085714286,0.375
0.464005368654,0.539565009639,-0.124014833469,-1.36827640944,0.0788064253833,1.89861324132,0.15762029268,-0.00607750499441,-0.0425672435668,-0.00135946238864,-0.0683914354836,-0.00450819414647,0.0243074278329,-0.0151147646002,0.57394596794,0.818878414094,0.00221714158164,0.0,0.818838151293,-0.573885709631,-0.0118330540708,0.0,-0.00841760874652,0.0086071795011,-0.999927527536,0.0,0.660251773355,0.258993971563,0.303496383302,1.0,-0.00778,-0.0102251428571,0.39
0.463907866068,0.538818591228,-0.12401968148,-1.36944436598,0.0787352014093,1.89905378389,0.157481600579,-0.00848146633326,-0.0425447526366,4.46294555203e-05,-0.069718897708,-0.00446175625527,0.0337011375422,-0.00537169802275,0.573961211674,0.818867692645,0.00223077058921,0.0,0.818827637876,-0.573900929708,-0.0118224038546,0.0,-0.0084009049943,0.00861238366859,-0.999927623202,0.0,0.660119494671,0.258816314927,0.303506127737,1.0,-0.00812,-0.010672,0.407
0.463790337095,0.538050375174,-0.124028010747,-1.37063607059,0.0786751407572,1.89951276894,0.157332956452,-0.00444726458706,-0.0439062546978,-0.00183895237319,-0.0726951972377,-0.000362055390688,0.0250885566226,-0.0122778507059,0.573990167883,0.818847303954,0.00226426204004,0.0,0.818807628527,-0.573929694508,-0.0118118638867,0.0,-0.00837274687868,0.00863405499902,-0.999927672486,0.0,0.659983436537,0.258613647394,0.303517840681,1.0,-0.00848,-0.0111451428571,0.425
0.463695129256,0.53729795451,-0.124030021316,-1.37181818274,0.0786016310102,1.89996136464,0.157177748018,-0.00649441430977,-0.0473147928633,0.001116181247,-0.0742394722312,-0.00581069156449,0.0329042872321,-0.0144749907034,0.573989269596,0.818847895929,0.00227785465978,0.0,0.818808434378,-0.573928782265,-0.0118003212138,0.0,-0.00835550271547,0.00863855068109,-0.9999277779,0.0,0.659855693738,0.258448054178,0.303529170165,1.0,-0.00878,-0.0115394285714,0.44
0.463578311927,0.53640863766,-0.124035426724,-1.37318755498,0.0785238018632,1.90047615013,0.157003709778,-0.00184063145529,-0.0466069972254,-0.000696343118377,-0.0777787272408,-0.00324848521014,0.0302128108328,-0.00545157446975,0.574000778903,0.818839742849,0.00230830022784,0.0,0.81880065903,-0.573940154845,-0.0117867013838,0.0,-0.00832675365579,0.0086557801734,-0.99992786872,0.0,0.659700022915,0.258239300679,0.303549992724,1.0,-0.00914,-0.0120125714286,0.458
0.463470522528,0.535639632037,-0.124042382001,-1.37439854809,0.0784506174097,1.9009161868,0.156866992185,-0.00890301688317,-0.0548642278819,-0.000300154255426,-0.0767218341409,-0.000973357469883,0.0329523580891,-0.0127126252774,0.574028884879,0.818820050885,0.00230445093272,0.0,0.818780927736,-0.573968283123,-0.0117876734738,0.0,-0.00832946201618,0.00865347213824,-0.99992786614,0.0,0.659560480797,0.258048524528,0.303554688198,1.0,-0.00944,-0.0124068571429,0.473
0.463363177399,0.534792744358,-0.124040513668,-1.37572525612,0.0783843144497,1.90139895969,0.156702405261,-0.00826285265275,-0.0551479870841,0.00911341247367,-0.0861037683527,-0.00365799892273,0.0302617797459,-0.0100858676412,0.574035708191,0.818815238136,0.00231482576637,0.0,0.818776093148,-0.573974903017,-0.0118011396971,0.0,-0.00833446158084,0.00866976650068,-0.999927683335,0.0,0.659401853943,0.25785447238,0.303562559339,1.0,-0.00976,-0.0128274285714,0.489
0.463208965542,0.533676737933,-0.12404988874,-1.37755637066,0.0782634712126,1.90206969962,0.156476292133,-0.00983031897172,-0.0502699053173,-0.000478973312294,-0.0865677334347,-0.00665304620133,0.0251250010143,-0.00695001296913,0.574051359931,0.818804398547,0.00226715320191,0.0,0.818764730006,-0.573990836068,-0.0118145634182,0.0,-0.0083726525314,0.00863859759624,-0.999927634042,0.0,0.659187820066,0.257570610202,0.303536620722,1.0,-0.01018,-0.0133794285714,0.51
0.463105452615,0.532924019354,-0.124046795722,-1.37877115408,0.0782072477878,1.90253304435,0.156322969876,-0.00862155454836,-0.0479602368927,-0.000800639055855,-0.0901631382124,-0.00910865269637,0.0338008320879,-0.00707473650627,0.574059914536,0.818798374256,0.00227678274571,0.0,0.818758665915,-0.573999181901,-0.0118293308584,0.0,-0.00837912676613,0.00865504690151,-0.999927437566,0.0,0.65904635842,0.257392185317,0.3035292984,1.0,-0.01046,-0.0137474285714,0.524
0.46297146574,0.531888992197,-0.12404734882,-1.38040799673,0.0781120070813,1.9031476716,0.156108395816,-0.00294469998623,-0.0617786632583,0.0016239126791,-0.0868523138849,-0.00879642465725,0.0358095509995,-0.00836531771328,0.574058183651,0.818799555367,0.00228840903473,0.0,0.818759958218,-0.573997364728,-0.011828060065,0.0,-0.00837143074266,0.00866381916802,-0.999927426059,0.0,0.658854694306,0.257149147419,0.303533149587,1.0,-0.01082,-0.0142205714286,0.542
0.462852619614,0.531002634342,-0.124052478317,-1.38184492549,0.0780191731952,1.90366002381,0.15591495375,-0.00873024052508,-0.0613247219092,-0.000702456178219,-0.100459609074,-0.00306292556941,0.0399438203042,-0.0166460143463,0.574053980957,0.818802605764,0.00225092062787,0.0,0.818762546082,-0.573993334565,-0.0118444885683,0.0,-0.00840644651673,0.00864251171444,-0.999927316683,0.0,0.658681915307,0.256928696732,0.303518430844,1.0,-0.01112,-0.0146148571429,0.557
0.462709525933,0.529974581527,-0.12405268992,-1.38348546475,0.0779165506273,1.90423604159,0.155699955787,-0.00953490921964,-0.0624169570871,-0.00337477481991,-0.0985395319106,-0.0120241144945,0.0334849734717,-0.0134310696264,0.574056696049,0.818800791408,0.00221824522961,0.0,0.818760268305,-0.573996138811,-0.0118660261399,0.0,-0.00844280994772,0.00862814893905,-0.999927134348,0.0,0.658483280168,0.25667559203,0.30351179164,1.0,-0.01146,-0.0150617142857,0.574
0.462559865727,0.528876929612,-0.124050653236,-1.38523146029,0.0778152529113,1.90488783106,0.155468722354,-0.00795202365104,-0.0623881307696,0.00109295135257,-0.0980305108479,-0.00207843106721,0.0352685007784,-0.0149889529219,0.574056059452,0.818801225213,0.00222285792674,0.0,0.818760694796,-0.573995415166,-0.0118716016764,0.0,-0.00844473432666,0.00863511983108,-0.999927057924,0.0,0.658277565911,0.256413230706,0.30351024783,1.0,-0.01182,-0.0155348571429,0.592
0.462425343362,0.527837626023,-0.124053161964,-1.38685267002,0.0777068905302,1.90551795176,0.155247696224,-0.0112595060443,-0.0660251820978,-0.000335902544075,-0.0970344994418,-0.00688227199735,0.0415521917003,-0.00635366140443,0.574044245986,0.818809393364,0.0022644846539,0.0,0.818769532615,-0.573983570959,-0.0118346791992,0.0,-0.00839073105529,0.0086478870377,-0.999927402206,0.0,0.658081663805,0.256156321514,0.303530568255,1.0,-0.01216,-0.0159817142857,0.609
0.462275934891,0.526677466041,-0.124056033648,-1.38860717012,0.077600239422,1.90618850293,0.155005355156,-0.0115511210402,-0.0718928842561,0.000789723489297,-0.0981864967748,-0.00387887019604,0.0339758025918,-0.0120278901602,0.574037879264,0.818813701832,0.00231986274564,0.0,0.818774584299,-0.573977014953,-0.0118031060537,0.0,-0.00833315750624,0.00867504164444,-0.999927648452,0.0,0.657890249545,0.255904882299,0.303564599178,1.0,-0.01248,-0.0164022857143,0.625
0.462137405979,0.525580396149,-0.124064728817,-1.39032197633,0.0774986144849,1.90681386153,0.154774008648,-0.00296170316827,-0.0744088320642,-0.000820279780772,-0.101084225941,-0.00426180494693,0.0444857232292,-0.0151001397898,0.574033066715,0.818817059514,0.00232556847092,0.0,0.818777999579,-0.573972163895,-0.011802092191,0.0,-0.00832910321742,0.00867908257377,-0.999927647165,0.0,0.657684621527,0.255645553546,0.303574713126,1.0,-0.0128,-0.0168228571429,0.641
0.461988124657,0.524491250597,-0.124068334319,-1.39207468876,0.0773779176376,1.90743447649,0.154530121926,-0.00844615891039,-0.0715404471473,-0.00268671819764,-0.114029987727,-0.00515612941474,0.0326993263606,-0.0196681412375,0.57401972604,0.818826539384,0.00228022320425,0.0,0.818786961687,-0.573959073861,-0.0118169287777,0.0,-0.0083674211975,0.00865033379474,-0.999927576371,0.0,0.657471043977,0.255374173647,0.303560355272,1.0,-0.01312,-0.0172434285714,0.657
0.461817325886,0.523157634644,-0.124074916833,-1.39421492942,0.0772618354244,1.90822261929,0.154252019872,-0.0110971133775,-0.0708748011641,-0.00184898682032,-0.114144918464,-0.00808834286638,0.0488641801159,-0.0154402636257,0.574020220351,0.81882622362,0.00226915017723,0.0,0.818786369126,-0.573959474018,-0.0118385311531,0.0,-0.0083914610767,0.00865367210573,-0.999927346031,0.0,0.657211525055,0.25505622662,0.303547794852,1.0,-0.0135,-0.0177428571429,0.676
0.461664555716,0.521990705293,-0.124078684373,-1.39604498996,0.0771316486376,1.90893296831,0.153992488427,-0.00913360525512,-0.0767752907427,-0.00127020496458,-0.11415868597,-0.00208224173961,0.0487676604092,-0.0169077235514,0.57399843735,0.81884141855,0.00229610270675,0.0,0.818802117217,-0.57393779903,-0.0118001096292,0.0,-0.00834475903645,0.00865346485138,-0.99992773866,0.0,0.656999952493,0.254778894327,0.303558448021,1.0,-0.01382,-0.0181634285714,0.692
0.461498465064,0.520770112629,-0.124078705536,-1.39805748435,0.0770195394959,1.90970081976,0.153719991871,-0.00945451195423,-0.0742413836001,0.00192945058325,-0.120718534812,-0.00128912526524,0.0422389057517,-0.0156219298944,0.573988898584,0.818848155656,0.00227797774374,0.0,0.818808520105,-0.573928229334,-0.0118212469097,0.0,-0.00837257169458,0.00865065863075,-0.999927530448,0.0,0.656759188102,0.254480876548,0.303524625421,1.0,-0.01416,-0.0186102857143,0.709
0.46133171304,0.519530174604,-0.124087663818,-1.3999795179,0.0768911961826,1.91039592101,0.153459960631,-0.00676334219295,-0.0750073954596,-0.0011218725161,-0.121230363378,-0.0144403932494,0.0442092166954,-0.022561507621,0.573986394695,0.818849901914,0.00228117090336,0.0,0.818810399835,-0.573925808464,-0.0118085732172,0.0,-0.00836038712902,0.00864597328867,-0.999927672921,0.0,0.656528159593,0.254180757926,0.303540965654,1.0,-0.01448,-0.0190308571429,0.725
0.461173070507,0.518267397817,-0.124093623147,-1.40193452353,0.076764234873,1.91110093919,0.153197242704,-0.0113254789947,-0.0764995750665,-0.000929283960706,-0.117695947502,-0.0045102510655,0.0503909010361,-0.00934023793191,0.573974777375,0.818858029064,0.00228693601844,0.0,0.818818644652,-0.573914214602,-0.0118003537567,0.0,-0.00835047010299,0.00864585773101,-0.999927756787,0.0,0.65628844756,0.253885037973,0.303558057646,1.0,-0.0148,-0.0194514285714,0.741
0.460971790767,0.516747858366,-0.124101061374,-1.40431448721,0.076609187751,1.91195320249,0.152866800076,-0.0138248730313,-0.0798527911098,-0.00213236882009,-0.124939991983,-0.00815504853251,0.0457484991482,-0.00931743997264,0.573958228615,0.818869666219,0.00227342312891,0.0,0.81883014954,-0.573897764772,-0.0118020632085,0.0,-0.00835980006028,0.00863560495595,-0.999927767426,0.0,0.655996202993,0.253518932849,0.303565445395,1.0,-0.01518,-0.0199508571429,0.76
0.460796749561,0.51546487773,-0.124104658888,-1.40637216953,0.0764797259236,1.91274112167,0.152577662432,-0.0140789874815,-0.074074968914,-0.00106555371675,-0.12966649902,-0.0147315620703,0.0517073495975,-0.0137255394779,0.573941271086,0.818881535731,0.00227918507939,0.0,0.818842143829,-0.573880838758,-0.0117929341938,0.0,-0.00834919616627,0.00863491068642,-0.999927862018,0.0,0.65575150528,0.253207189795,0.303554215036,1.0,-0.0155,-0.0203714285714,0.776
0.460610077007,0.514072429314,-0.124101432907,-1.40860987027,0.0763500912775,1.91354099788,0.152282439835,-0.0110581346988,-0.0819858230993,-0.00026801900528,-0.13193760486,-0.00384138732972,0.0441775540891,-0.0271173156244,0.573932850337,0.818887532722,0.00224476221379,0.0,0.818847534484,-0.573872388613,-0.01182978271,0.0,-0.00839921623348,0.00862778502549,-0.999927504618,0.0,0.655469944885,0.252872757821,0.303534482789,1.0,-0.01584,-0.0208182857143,0.793
0.460409793014,0.512672739389,-0.124102809828,-1.41087610128,0.0762206658613,1.91431910743,0.15196365592,-0.0105582266047,-0.0808704153837,7.58890933487e-05,-0.134339416135,-0.00800596079009,0.0376954014486,-0.0150790995152,0.573914352796,0.818900693095,0.00217195865861,0.0,0.818859554197,-0.573853984435,-0.0118904142015,0.0,-0.00849084477561,0.00860277409992,-0.999926946248,0.0,0.655163319668,0.252503718479,0.303504751076,1.0,-0.0162,-0.0212914285714,0.811
0.460206103819,0.511236435666,-0.124109584669,-1.41316994701,0.0760741021178,1.91518402449,0.15163958392,-0.0144908752783,-0.0835595749473,-0.000162989681322,-0.136730166855,-0.00473132688876,0.054071186999,-0.0180395969765,0.573907379925,0.81890557336,0.00217441698132,0.0,0.818864517915,-0.573847054719,-0.0118830126814,0.0,-0.00848344586525,0.00860046717239,-0.999927028893,0.0,0.654905967161,0.252166377319,0.303493391139,1.0,-0.01652,-0.021712,0.827
0.460011613783,0.509759387667,-0.12411536295,-1.41550720234,0.0759312528443,1.91606965722,0.151312742371,-0.00846887307917,-0.0920541336192,-0.00165497781876,-0.138401002919,-0.00761420290012,0.0499731668797,-0.0214427905567,0.573886630259,0.818920065372,0.00219295260304,0.0,0.818879262759,-0.573826245356,-0.0118718181059,0.0,-0.00846385925642,0.00860900684873,-0.999927121388,0.0,0.654622093451,0.251814712984,0.303491846242,1.0,-0.01686,-0.0221588571429,0.844
0.459797205238,0.508270915571,-0.124116695677,-1.41787014147,0.0757841203216,1.9169121448,0.150977785251,-0.0139352560032,-0.0829141251612,-0.000361918338394,-0.142714459876,-0.00385252932336,0.0510756552831,-0.0208063545315,0.573858274273,0.818940018103,0.002162105487,0.0,0.818898737855,-0.573797939336,-0.0118965900099,0.0,-0.00850214565767,0.00859766759898,-0.999926894143,0.0,0.6543071562,0.251429680783,0.30347939607,1.0,-0.01722,-0.022632,0.862
0.459603738421,0.506835374353,-0.124119161887,-1.42013097685,0.075641039159,1.91772043132,0.150675033813,-0.0099863833049,-0.0880616507627,5.08846727162e-07,-0.145356026678,-0.0059275633565,0.0500940193126,-0.0121814401894,0.573862315959,0.818937224467,0.00214746487079,0.0,0.818895732463,-0.573802018344,-0.0119067207796,0.0,-0.00851880120388,0.008591533594,-0.99992680511,0.0,0.654042008979,0.251100654984,0.303479662326,1.0,-0.01752,-0.0230262857143,0.877
0.459375212782,0.50523216446,-0.124127568613,-1.42258912302,0.075486583655,1.91866147436,0.150337511759,-0.00929315653099,-0.0907364799539,0.00107182508371,-0.143353556239,0.00104385066989,0.0553245075201,-0.027008101253,0.573864416203,0.818935571174,0.00221562264568,0.0,0.818895047533,-0.573803927699,-0.0118617277011,0.0,-0.00844282032411,0.00862155184571,-0.999927191164,0.0,0.653750469869,0.250714620223,0.303512066833,1.0,-0.01786,-0.0234731428571,0.894
0.459161353379,0.503677521821,-0.124131173158,-1.42491646835,0.07533243579,1.91955751252,0.150009774646,-0.0169121156205,-0.0932513602049,-0.00129572431192,-0.143673213191,-0.0139648338692,0.0497937666902,-0.011435069954,0.573851837109,0.818944115818,0.00231324772383,0.0,0.818904999071,-0.573791111655,-0.0117944725962,0.0,-0.00833185336284,0.0086627766775,-0.999927765651,0.0,0.653474264582,0.250352955561,0.303568092019,1.0,-0.01818,-0.0238937142857,0.91
0.458944023729,0.502078006474,-0.124136959882,-1.42725733702,0.075181299865,1.92043483019,0.149678448907,-0.00923713482278,-0.0996090275598,-0.00118681247535,-0.153389895085,-0.00278309277148,0.0543319281869,-0.0213845233626,0.573841637284,0.81895093864,0.00242534978245,0.0,0.818913361707,-0.573780580106,-0.0117259887252,0.0,-0.00821154896565,0.00871517970674,-0.999928305483,0.0,0.653192485765,0.249986056623,0.303646831694,1.0,-0.0185,-0.0243142857143,0.926
0.458685568129,0.500168747962,-0.124137276137,-1.43015377408,0.0750000242976,1.92144795432,0.14927513864,-0.00937693456347,-0.0989525965371,-0.000324564898328,-0.146856888423,-0.0121910003538,0.056315894165,-0.0210096529009,0.573821730709,0.818964815745,0.00244925290058,0.0,0.818927452213,-0.573760485068,-0.0117252158836,0.0,-0.00819741255902,0.00873411226771,-0.999928256282,0.0,0.652821707967,0.249538246198,0.303688312076,1.0,-0.01888,-0.0248137142857,0.945
0.458446669577,0.49858961775,-0.124134502211,-1.43262520789,0.0748437654664,1.92236018702,0.148919716527,-0.0125887177928,-0.100513180166,0.000721346715739,-0.154539934725,-0.00947768135578,0.0580775952223,-0.0142209118315,0.5738078335,0.818974507834,0.0024642713849,0.0,0.818937313799,-0.573746507387,-0.0117204193902,0.0,-0.00818501518829,0.0087435205863,-0.999928275615,0.0,0.652516408752,0.24914831342,0.303692341149,1.0,-0.0192,-0.0252342857143,0.961
0.458185626181,0.496920358632,-0.124134747791,-1.43527793453,0.0746821245373,1.92333236793,0.14852057598,-0.015644229268,-0.0962945922313,0.000276300792713,-0.156281591733,-0.00527215103332,0.0535009261828,-0.026353044649,0.573785817021,0.818989960428,0.00245515873052,0.0,0.818952564322,-0.573724437733,-0.0117351539941,0.0,-0.00820254666747,0.00874429181527,-0.999928125211,0.0,0.652187002588,0.248725173676,0.303677671348,1.0,-0.01954,-0.0256811428571,0.978
0.457907270709,0.49515729823,-0.124127025468,-1.43815537983,0.0745072286918,1.92431619576,0.148112635519,-0.0143546381905,-0.0919674156213,0.00251598500212,-0.161273650751,-0.0140373093449,0.052383637798,-0.0283727026418,0.573771911133,0.819000015267,0.0023485929174,0.0,0.81896098634,-0.573710672799,-0.0118200537987,0.0,-0.00833337186208,0.0087055884395,-0.999927381185,0.0,0.651809867384,0.248268945456,0.303621590026,1.0,-0.0199,-0.0261542857143,0.996
0.457636387884,0.493559332721,-0.124136809545,-1.4407621241,0.0743453840304,1.92525781898,0.147745689263,-0.0174804081678,-0.101721738736,0.00127556450629,-0.164316702497,-0.00622098450963,0.0619767273654,-0.0172956751153,0.57378769134,0.818989132538,0.00228756472221,0.0,0.818949262373,-0.573726638695,-0.0118573442152,0.0,-0.00839876093629,0.00867716466684,-0.999927081155,0.0,0.651485645926,0.247836543643,0.303575608464,1.0,-0.0210422857143,-0.0276555755102,1.012
0.457358028248,0.491701569987,-0.124139794884,-1.44371861565,0.0741565014306,1.92635940853,0.147326006077,-0.0141383843694,-0.105577813631,0.00130923334773,-0.181320639009,-0.00928561434963,0.06341497684,-0.023811566203,0.573771222613,0.81900067968,0.00228422525851,0.0,0.818960778906,-0.573710198399,-0.011857392983,0.0,-0.00840089132924,0.0086742887727,-0.999927088212,0.0,0.651115714316,0.247371812254,0.303556902892,1.0,-0.022684,-0.0298132571429,1.029
0.457043641283,0.489725852614,-0.124151381037,-1.44691101574,0.0739498575511,1.92746649178,0.146873556656,-0.0168906746403,-0.127207574662,0.00108840441021,-0.193464722674,-0.0108795371043,0.0676919498532,-0.0299442815794,0.573769376547,0.819002244654,0.00218464860635,0.0,0.818960987198,-0.573708687505,-0.0119159653764,0.0,-0.00850601427298,0.00862632408776,-0.999926614434,0.0,0.650702665285,0.24685005696,0.30350793319,1.0,-0.0243257142857,-0.0319709387755,1.046
0.456725405073,0.487693975535,-0.124178472264,-1.45008380624,0.0737549179579,1.92865032198,0.146413465922,-0.0204829578376,-0.132646629807,-0.00163645227428,-0.202122194123,-0.0147085417529,0.0805701978939,-0.0308192061881,0.573777736504,0.818996305878,0.00221516393418,0.0,0.818955505033,-0.573716983874,-0.0118932792665,0.0,-0.00846983768352,0.00863838587126,-0.999926817392,0.0,0.650313284009,0.246326834886,0.303513424328,1.0,-0.0258708571429,-0.0340016979592,1.062
0.456348039225,0.485384393398,-0.124204072375,-1.45360431055,0.0735449268944,1.93000651391,0.145889133119,-0.0246325971315,-0.140003307928,-0.00236870941979,-0.211991787855,-0.00651099622784,0.0818633171016,-0.0356003998109,0.57379353224,0.818984902855,0.0023362698676,0.0,0.818945743137,-0.573732369351,-0.0118230731171,0.0,-0.00834268536424,0.00869744860154,-0.999927374357,0.0,0.649893779314,0.245737859059,0.303560037735,1.0,-0.0275125714286,-0.0361593795918,1.079
0.455986714111,0.483244569638,-0.124225378171,-1.45690343374,0.0733338984361,1.9311403404,0.145395969666,-0.0261127580459,-0.142450995001,0.000276504654829,-0.225804838672,-0.010925192748,0.0653876275658,-0.0383576649458,0.573805381612,0.818976672048,0.00231118476274,0.0,0.8189371398,-0.573744266215,-0.0118416613234,0.0,-0.00837217656674,0.00868769129873,-0.999927212691,0.0,0.64947254697,0.245171217249,0.303573620795,1.0,-0.0289611428571,-0.0380632163265,1.094
0.455566682643,0.48066659424,-0.124252687783,-1.4609064143,0.0730865503705,1.93255046778,0.144803547371,-0.0229270356194,-0.15654728252,0.00191891827506,-0.242807969085,-0.00886511546001,0.095610485731,-0.0336704252877,0.57381242382,0.81897177804,0.00229694248613,0.0,0.818931976847,-0.573751276456,-0.0118590456672,0.0,-0.00839451165292,0.00868607462321,-0.999927039479,0.0,0.648960608564,0.244498495359,0.303579035196,1.0,-0.0306028571429,-0.0402208979592,1.111
0.455055392585,0.477637326949,-0.124277187501,-1.46551453016,0.0728059513491,1.93425641725,0.1441227733,-0.023873280923,-0.16248712634,-0.000229051434384,-0.243063200476,-0.0104079305782,0.0920781269096,-0.0350582733317,0.573839460773,0.818952524161,0.00240485570058,0.0,0.818914104019,-0.573777870054,-0.0118064802107,0.0,-0.00828925338215,0.00874456284901,-0.999927407815,0.0,0.648390963567,0.243717447544,0.303632789773,1.0,-0.0324377142857,-0.0426324244898,1.13
0.454605003162,0.474971414828,-0.124299816387,-1.4696029164,0.0725458743191,1.93577069237,0.143538277657,-0.0256429456688,-0.172074584188,-0.0012224267514,-0.258898915408,-0.0184931824731,0.0995740608675,-0.0407427481272,0.573872897243,0.818928882762,0.00247582101372,0.0,0.818891455872,-0.573811111311,-0.0117617573934,0.0,-0.00821154733192,0.00877735145763,-0.999927761687,0.0,0.647881945605,0.24302451605,0.303663805332,1.0,-0.0339828571429,-0.0446631836735,1.146
0.454101892469,0.472028916273,-0.124304939801,-1.47417758953,0.0722719107647,1.93733983877,0.142863642671,-0.0312265857801,-0.179597110345,-9.27527251259e-05,-0.270430004572,-0.0145746352334,0.093070416232,-0.0416125042842,0.57388092246,0.818923384479,0.00243394555019,0.0,0.818885046409,-0.573818902641,-0.0118277064648,0.0,-0.00828950104268,0.00878098577264,-0.999927086572,0.0,0.647277090969,0.242256124663,0.303657203662,1.0,-0.0356245714286,-0.0468208653061,1.163
0.453589383202,0.468931862002,-0.124309956787,-1.47885541861,0.0719733590945,1.93910054432,0.142118931864,-0.033626381913,-0.187050157787,-0.00432043056397,-0.275249792785,-0.0142801899387,0.107200126481,-0.0544523988008,0.573836197496,0.818954264831,0.00258407812395,0.0,0.818917921604,-0.573773670628,-0.0117456149855,0.0,-0.00813660214986,0.00885637743976,-0.999927677527,0.0,0.646688841186,0.241480739299,0.303722508048,1.0,-0.0372662857143,-0.0489785469388,1.18
0.453079401556,0.465897645421,-0.124307487371,-1.48345859949,0.071664564041,1.94078806799,0.141392386225,-0.0311516890014,-0.190434971655,-0.00139077193014,-0.290890425058,-0.0196129788222,0.101281058181,-0.0384527665389,0.57379015796,0.818986222671,0.00267742504598,0.0,0.818951149801,-0.573727366754,-0.0116905850013,0.0,-0.00803847079518,0.00890079430231,-0.999928076838,0.0,0.646097284718,0.240713562652,0.303771188615,1.0,-0.0388114285714,-0.0510093061224,1.196
0.452496083856,0.462591281964,-0.124313560631,-1.48866005622,0.0713088074412,1.94256471948,0.140618032062,-0.0350535507305,-0.196375267009,0.000192376524423,-0.309358512088,-0.0227838862024,0.111517072546,-0.0451362463488,0.57378481071,0.818990392092,0.00254471238265,0.0,0.818953467105,-0.573722358471,-0.0117737423041,0.0,-0.00818278098011,0.00883976572075,-0.999927447687,0.0,0.645354589937,0.239776739732,0.303712341909,1.0,-0.0405497142857,-0.0532939102041,1.214
0.451929584423,0.459375814992,-0.124320200528,-1.493666244,0.0709734621029,1.94430440317,0.139888743736,-0.0356657166871,-0.199676110521,-0.00198515887444,-0.319151557766,-0.0176096275438,0.109110157938,-0.0435166855431,0.573796194525,0.818982506345,0.00251562127682,0.0,0.818945149613,-0.573733791114,-0.0117951583748,0.0,-0.00821688963696,0.00882834280515,-0.999927268899,0.0,0.644730183975,0.238973385473,0.303710881894,1.0,-0.0419982857143,-0.0551977469388,1.229
0.451330403515,0.456103638312,-0.124332188391,-1.49885453191,0.0706296122728,1.94615856377,0.139083661602,-0.0398996752611,-0.202545042556,-0.00339176900872,-0.328382533507,-0.0159214264087,0.121375925299,-0.0473290360215,0.57378170652,0.818992844921,0.00245359593492,0.0,0.818954623918,-0.573719477433,-0.0118335150198,0.0,-0.00828404784746,0.00879940759418,-0.999926969822,0.0,0.644044872002,0.238082239413,0.303653225844,1.0,-0.0435434285714,-0.0572285061224,1.245
0.450572025484,0.451991807223,-0.124382094894,-1.5051817345,0.0701879641955,1.94839911382,0.138064692431,-0.0383028748331,-0.231790111835,-0.00881825750732,-0.332052482426,-0.0148799442897,0.126610572496,-0.0567355126216,0.573772247833,0.818999486501,0.00244859743208,0.0,0.818961459033,-0.573710313563,-0.0118047292116,0.0,-0.00826344065884,0.00877870195756,-0.999927322329,0.0,0.64321707798,0.236954744366,0.303661526923,1.0,-0.0453782857143,-0.0596400326531,1.264
0.449909247663,0.448359474729,-0.124412866692,-1.51062211895,0.0698192421325,1.95038147858,0.137258403145,-0.0428949154147,-0.236456123206,0.000482117699467,-0.349893940126,-0.0300576110034,0.113545713139,-0.0562029380765,0.573822276421,0.818964026333,0.00258177386205,0.0,0.818927925007,-0.573760055637,-0.0117132019491,0.0,-0.00811152848684,0.00883575303394,-0.9999280637,0.0,0.642512621173,0.235993117434,0.303735923749,1.0,-0.0469234285714,-0.0616707918367,1.28
0.449179227064,0.444406415741,-0.124434816224,-1.51670884289,0.0694082293994,1.95238671343,0.136338138415,-0.0431467063411,-0.228981617146,-0.00359903779688,-0.366553060548,-0.0289108682364,0.123843840923,-0.054555905501,0.573841424377,0.81895095787,0.00246884046037,0.0,0.818913150562,-0.573779359234,-0.0118002396301,0.0,-0.00824740663886,0.00879340153717,-0.999927325546,0.0,0.641666979683,0.23491846852,0.303721204452,1.0,-0.0485651428571,-0.0638284734694,1.297
0.448517507223,0.440875389472,-0.124435932592,-1.5221485775,0.0690251053867,1.95432378252,0.135458662793,-0.0434165020633,-0.237716163318,0.00834139420902,-0.359525821777,-0.0253797230999,0.119209792211,-0.0631675424519,0.573799413671,0.818980365293,0.00247811134999,0.0,0.818942741348,-0.57373738615,-0.0117874945721,0.0,-0.00823209997546,0.00879325807393,-0.99992745294,0.0,0.64093364667,0.233970859247,0.303715697224,1.0,-0.0500137142857,-0.0657323102041,1.312
0.447730242884,0.436783344637,-0.124449299755,-1.52846342536,0.0686178273976,1.95656412194,0.134429367765,-0.0462366383213,-0.248223770925,-0.00346886365729,-0.377054248581,-0.0270683416529,0.13493420791,-0.063585851803,0.573777159579,0.818995905086,0.00249509507608,0.0,0.818958280682,-0.573714834628,-0.0118055042957,0.0,-0.00823734521115,0.00881727725576,-0.999927198233,0.0,0.640079054613,0.232857929612,0.30370050097,1.0,-0.0516554285714,-0.0678899918367,1.329
0.446790594726,0.431993384526,-0.124471719851,-1.53563112238,0.0681040557396,1.95918165047,0.133281725625,-0.0498189536128,-0.253506959922,0.000761868924355,-0.382051673247,-0.0324977749809,0.140130717814,-0.06399315867,0.573792252981,0.818984777144,0.00267060413524,0.0,0.818949806471,-0.573729696584,-0.0116703316233,0.0,-0.00802577356452,0.00888360765188,-0.999928331669,0.0,0.639133980388,0.231561341905,0.30378327721,1.0,-0.0534902857143,-0.0703015183673,1.348
0.445959508411,0.427914586063,-0.124509742042,-1.54203388792,0.0676327351216,1.96122757721,0.132272376327,-0.0517917890718,-0.259212865774,-0.0052276100277,-0.400554197124,-0.0198782873624,0.124814157652,-0.0590039536447,0.573816555176,0.818968555923,0.00241087454518,0.0,0.818930148932,-0.573754875767,-0.0118110374151,0.0,-0.00828977683455,0.00875187515366,-0.999927339501,0.0,0.638220321759,0.230376692672,0.303692569977,1.0,-0.0550354285714,-0.072332277551,1.364
0.445066607466,0.423383191014,-0.124559429108,-1.54887352417,0.0671318842884,1.96356120183,0.131119014295,-0.0529231488302,-0.265670874924,-0.00511421266402,-0.397682651301,-0.0274648237525,0.135564544053,-0.0606021703043,0.573789789283,0.818987328196,0.00240434392692,0.0,0.81894906803,-0.573728382584,-0.0117861737715,0.0,-0.0082734459039,0.00873198950084,-0.999927648609,0.0,0.63727347521,0.229116357943,0.303721879062,1.0,-0.0566771428571,-0.0744899591837,1.381
0.444229097969,0.419349263932,-0.124570721213,-1.55502552555,0.066716124129,1.9656865509,0.130157438008,-0.0577981682895,-0.273413757083,-0.000438582693605,-0.404591605773,-0.0250158624578,0.153681324709,-0.0609306648573,0.573839274464,0.818952642954,0.00240885485926,0.0,0.818914249839,-0.573777642229,-0.0118074379161,0.0,-0.0082877449911,0.00874838561065,-0.99992738688,0.0,0.636417791179,0.227988715739,0.303717221501,1.0,-0.0581257142857,-0.0763937959184,1.396
