position_joint1,position_joint2,position_joint3,position_joint4,position_joint5,position_joint6,position_joint7,velocity_joint1,velocity_joint2,velocity_joint3,velocity_joint4,velocity_joint5,velocity_joint6,velocity_joint7,ee_T_00,ee_T_10,ee_T_20,ee_T_30,ee_T_01,ee_T_11,ee_T_21,ee_T_31,ee_T_02,ee_T_12,ee_T_22,ee_T_32,ee_T_03,ee_T_13,ee_T_23,ee_T_33,v_x,v_y,time
0.465077991995,0.547810642372,-0.123890150563,-1.35584864587,0.0795396335727,1.89409638828,0.159176080458,0.000284203055641,-5.84346275114e-05,0.000570100362458,0.000818658698049,0.000279537857208,-0.000399292407386,-0.000206819908766,0.573758703408,0.819010318853,0.00194801850526,0.0,0.818966247608,-0.573699269317,-0.0120075211612,0.0,-0.00871687476863,0.00848494453959,-0.999926008168,0.0,0.661645929687,0.260954139582,0.303182523453,1.0,0.0,0.0,0.0
0.465075848053,0.547805869169,-0.123890505092,-1.35585897335,0.0795429301633,1.89409684166,0.15917178114,9.1401420252e-05,-0.00116954682663,-0.000592689703578,-0.00222068263534,-0.000292356082223,0.000335425923621,-0.00154878012245,0.573758617781,0.819010383953,0.0019458673777,0.0,0.818966245128,-0.573699154457,-0.0120131768215,0.0,-0.0087227420316,0.00848642681811,-0.999925944424,0.0,0.661644233758,0.26095191671,0.303181046905,1.0,-0.0001,-0.000131428571429,0.006
0.465077606322,0.547805134816,-0.123890151579,-1.35585956401,0.0795383492489,1.89409709912,0.159178306103,0.000873694284556,0.000599627277095,-3.34486682354e-05,-0.00201489405266,-0.000186904293708,-9.93311848471e-05,0.000564649487731,0.573761093126,0.819008654949,0.00194371699438,0.0,0.818964528706,-0.573701678237,-0.0120096632246,0.0,-0.00872107232998,0.00848267608989,-0.999925990813,0.0,0.661643886352,0.260952499265,0.303181288134,1.0,-0.00046,-0.000604571428571,0.024
0.465072350064,0.547797862777,-0.123895866835,-1.35586428872,0.0795389463587,1.89409638849,0.159171042933,0.000471632890087,0.000254564456194,-0.00209560862422,0.000580504961062,-1.96082538253e-05,0.00173814009568,-0.00649353505654,0.573763841296,0.819006727468,0.0019446555163,0.0,0.818962631586,-0.573704439672,-0.0120071173474,0.0,-0.0087184202383,0.00848201327634,-0.999926019563,0.0,0.661645505382,0.260945297748,0.303184319472,1.0,-0.00078,-0.00102514285714,0.04
0.46507444945,0.547724806358,-0.12389045827,-1.35593940075,0.0795396189441,1.89410684393,0.159172077575,0.000484670001263,-0.00800555145283,0.000555370690222,-0.00929532450693,-0.000994685382128,-0.000281003961174,-0.000421129223372,0.573763410728,0.819006999031,0.00195728105585,0.0,0.818962970654,-0.573703860474,-0.0120116641212,0.0,-0.00871490507639,0.00849495763683,-0.99992594032,0.0,0.661630477026,0.260942682122,0.303201054496,1.0,-0.00112,-0.001472,0.057
0.465071264001,0.547594829057,-0.123890484794,-1.35610201838,0.0795379440785,1.89413946468,0.159169996046,0.00121010712355,-0.00797077758492,0.00107827219396,-0.0137827222767,-0.000120272343621,0.000468622975333,-0.000282098752836,0.573770981765,0.819001686193,0.00196096856469,0.0,0.818957547289,-0.573711260102,-0.0120279953296,0.0,-0.00872608671439,0.00850742848933,-0.999925736778,0.0,0.661599193006,0.260926444626,0.303219331893,1.0,-0.00148,-0.00194514285714,0.075
0.465050994718,0.547433469986,-0.123893347883,-1.35632421931,0.0795340055128,1.89419734281,0.159165138067,-0.00180099286286,-0.00997847832788,-0.000510424295032,-0.0132290145341,0.000256513557927,0.00572986587412,-0.00122707657977,0.573798578495,0.818982338784,0.00196646345819,0.0,0.81893821651,-0.573738776039,-0.0120316794263,0.0,-0.00872566461451,0.00851433655638,-0.999925681663,0.0,0.661575092951,0.260888877427,0.303232220873,1.0,-0.00182,-0.002392,0.092
0.465035703166,0.547262023403,-0.123890192284,-1.3565204915,0.079531245565,1.89432879066,0.159154014395,0.000526698316271,-0.00946073079571,8.65594210108e-05,-0.0168294026338,-0.000444155050158,0.00473756434641,-0.00165437452062,0.573810377886,0.818973837627,0.00206165346418,0.0,0.818930949483,-0.573750162342,-0.0119832421283,0.0,-0.00863125396165,0.00856462541844,-0.999926071591,0.0,0.661564263022,0.260868042705,0.303271551648,1.0,-0.00214,-0.00281257142857,0.108
0.465013333779,0.547056545754,-0.123884899334,-1.35676146047,0.0795249757228,1.89445542635,0.159136440783,0.000727374908958,-0.0137052984604,0.0015060100147,-0.0124562900743,-0.00297449653827,0.00505124221509,-0.00203168174071,0.573822600334,0.818965060445,0.00214476509218,0.0,0.818923216032,-0.573761999015,-0.0119449416656,0.0,-0.0085520698203,0.00861084119969,-0.999926355046,0.0,0.661544661818,0.260838004031,0.303313211693,1.0,-0.00248,-0.00325942857143,0.125
0.464981746667,0.546847961833,-0.123885798048,-1.35707506361,0.0795208441431,1.89457869553,0.159113318608,-0.00457111730066,-0.0117287143769,0.00115280565966,-0.0228047457279,-0.00101342657963,0.0098591638864,-0.00259708802624,0.573846654716,0.818948145131,0.00216780054419,0.0,0.818906484384,-0.573785838449,-0.0119468962653,0.0,-0.00854019970903,0.00863107855358,-0.999926282019,0.0,0.66151149347,0.26078980693,0.303322407558,1.0,-0.0028,-0.00368,0.141
0.464957877871,0.546598095728,-0.123895557674,-1.35743938162,0.0795141200876,1.89470931828,0.15901529236,0.000371092627566,-0.0126705579289,-0.00415964186153,-0.0218161383796,-0.00012230147357,0.0165224710088,-0.0120397261203,0.573811291755,0.818972867775,0.00218865348593,0.0,0.818931380798,-0.573750295502,-0.0119473368297,0.0,-0.00852896833044,0.00864804030216,-0.999926231328,0.0,0.661469393951,0.260736187541,0.303337616468,1.0,-0.00312,-0.00410057142857,0.157
0.464905750028,0.546296935612,-0.123896510581,-1.35790699519,0.079499064475,1.89487415234,0.158952404832,-0.00534593682122,-0.0157274339416,-0.00158373558036,-0.0266084055701,0.000249846366567,0.00358352967053,-0.000694603247913,0.573825252374,0.818963070517,0.00219448604243,0.0,0.81892153266,-0.573764101791,-0.0119593371123,0.0,-0.00853530246086,0.0086598482389,-0.999926075088,0.0,0.661417547167,0.260658356905,0.303342633545,1.0,-0.00348,-0.00457371428571,0.175
0.464863232488,0.545970357633,-0.123888035563,-1.35845790649,0.0794763352591,1.89507069316,0.15891005807,-0.00171086996214,-0.022315060967,0.000547167714477,-0.0319621989458,-0.0035366894142,0.0107124632107,-0.00272563192445,0.573852872707,0.81894373766,0.00218676352774,0.0,0.818901977487,-0.573791627062,-0.0119777661763,0.0,-0.00855453469996,0.00866438732234,-0.999925871417,0.0,0.661354902064,0.260586523521,0.303335871244,1.0,-0.00382,-0.00502057142857,0.192
0.464804646602,0.54567186486,-0.123891517864,-1.35897375316,0.0794439586233,1.89523919148,0.158846970886,-0.00330248733778,-0.0162132729038,-0.00334337201816,-0.0351990926124,-0.00333809844692,0.0166879790422,-0.00129425916061,0.573863120581,0.818936695252,0.00213422316559,0.0,0.818894204568,-0.573802046434,-0.0120100014346,0.0,-0.00861097505283,0.00863996622914,-0.999925598278,0.0,0.661290160265,0.260491810534,0.303308911094,1.0,-0.00414,-0.00544114285714,0.208
0.464743264845,0.545284188283,-0.123893652314,-1.35964066524,0.0793732715562,1.89544254667,0.158743783248,-0.00603585490689,-0.0213605537303,0.000815562976644,-0.0389613618455,-0.00333956700099,0.00776463705708,-0.000528248946986,0.573848603299,0.818947075953,0.00205284695187,0.0,0.81890373282,-0.573788083072,-0.0120274269423,0.0,-0.008672093973,0.00858317143658,-0.999925559206,0.0,0.661208132671,0.26037826095,0.30328353652,1.0,-0.00448,-0.005888,0.225
0.464679205551,0.544866714757,-0.123896851189,-1.36034251644,0.0793488425202,1.89568391535,0.158680984425,-0.00599222324897,-0.0232172037772,-0.000354368732259,-0.0402569752398,-0.000659673654544,0.0162368041411,-0.00431746250123,0.573884478985,0.818922006677,0.00202451485943,0.0,0.818878111249,-0.573823895432,-0.0120632851902,0.0,-0.00871734254791,0.00858092824995,-0.999925185006,0.0,0.661124714888,0.260268649652,0.303266013914,1.0,-0.00482,-0.00633485714286,0.242
0.46461449803,0.544448536924,-0.12389445997,-1.36102214855,0.0793259218078,1.89593587511,0.158572903288,-0.00431938185281,-0.0301499790975,0.000872906577758,-0.0408976509072,-0.00494617058145,0.0161123472828,-0.00852212583636,0.573879132027,0.818925748958,0.00202643024604,0.0,0.818881691541,-0.573818356816,-0.0120836890606,0.0,-0.00873300937764,0.00859414908145,-0.999924934757,0.0,0.661047260118,0.260165466437,0.303260263812,1.0,-0.00514,-0.00675542857143,0.258
0.464544734401,0.543934738215,-0.123902226486,-1.36187179777,0.0792864335723,1.89623830497,0.158489554921,-0.00618612902497,-0.0290794555292,-0.00172879926376,-0.0476202294927,-0.00737984916236,0.0209064390009,0.00089755190268,0.573910257469,0.818903997589,0.0020015006918,0.0,0.818859517897,-0.573849492115,-0.0121077351535,0.0,-0.00876668134926,0.00858786663391,-0.999924694087,0.0,0.660947746642,0.260034876577,0.303245904506,1.0,-0.0055,-0.00722857142857,0.276
0.46446062274,0.543405531563,-0.123898673602,-1.36271797187,0.0792381367255,1.89652152677,0.158359879197,-0.00579764044013,-0.0354637978424,0.000523583536882,-0.0513387763357,-0.0060003540164,0.0148777608047,-0.00810214287435,0.573904520475,0.818908080301,0.00197592955206,0.0,0.818863166711,-0.573843770958,-0.0121320912303,0.0,-0.00880136212763,0.0085808431379,-0.999924449724,0.0,0.660847107921,0.259899256301,0.303241981626,1.0,-0.00584,-0.00767542857143,0.293
0.464388197121,0.542886145479,-0.123900835915,-1.36354201579,0.0791945202073,1.89682573844,0.158271581363,-0.00526937648604,-0.0390510367617,-0.000165581245693,-0.0562008981753,-0.00111390269317,0.0204394608918,-0.0009195989065,0.573927268234,0.818892133758,0.00197761179774,0.0,0.818847189539,-0.573866457072,-0.0121374022704,0.0,-0.00880450768174,0.00858551328885,-0.999924381944,0.0,0.660753388026,0.259772737754,0.303243601896,1.0,-0.00616,-0.008096,0.309
0.464314853729,0.542262875232,-0.123903710207,-1.36451755878,0.0791327204082,1.89718391245,0.158125299736,-0.00744844988309,-0.0337414573167,0.000901745341862,-0.0610103629972,-0.00323571931849,0.0232660246594,-0.010379087071,0.573907273263,0.818906140709,0.00198022862161,0.0,0.818861257515,-0.57384647922,-0.012132853339,0.0,-0.00879949029853,0.00858483056053,-0.999924431972,0.0,0.660639534472,0.259629309328,0.303251198807,1.0,-0.00652,-0.00856914285714,0.327
0.46422732008,0.541638279379,-0.123901525216,-1.36546602949,0.0790769295699,1.89753432275,0.158004150727,-0.00335304797423,-0.0390099123553,0.000580340835846,-0.0567978186705,-0.00667914140907,0.0220975140938,-0.00592412971798,0.57391595045,0.818900001005,0.00200426419561,0.0,0.818855403429,-0.573855021383,-0.012123927131,0.0,-0.00877829587631,0.00859948329574,-0.999924492354,0.0,0.660532441587,0.259483126146,0.30327169743,1.0,-0.00686,-0.009016,0.344
0.464151674575,0.541026042106,-0.123904065972,-1.36642945903,0.0790240016651,1.89789386517,0.157879863438,-0.0028977249611,-0.0357082026803,6.67219164225e-05,-0.0595931677509,-0.00175238550091,0.0215497054739,-0.00552591195681,0.573917234204,0.818899079919,0.00201298111804,0.0,0.818854556508,-0.573856227662,-0.0121240323755,0.0,-0.00877336612094,0.00860669559458,-0.999924473567,0.0,0.660421066945,0.259341204562,0.303277212,1.0,-0.00718,-0.00943657142857,0.36
0.464061818002,0.54032151078,-0.123906433939,-1.3675002921,0.0789642338966,1.89828548316,0.157755710143,-0.00391606525374,-0.0387557315516,2.12196472777e-05,-0.0584908887681,-0.00185390987886,0.018406713879,-0.013486654444,0.573934102055,0.818887199155,0.00203677677328,0.0,0.81884294392,-0.573872946936,-0.0121169661251,0.0,-0.00875374590002,0.00862230636787,-0.999924511034,0.0,0.660297572836,0.25917954309,0.303299516092,1.0,-0.00752,-0.00988342857143,0.377
0.463963444904,0.539536144027,-0.123907223286,-1.36871134149,0.0788853204226,1.89875137744,0.157602259905,-0.0083137091019,-0.039312948261,-0.000500619156627,-0.0705108301936,-0.00146412395088,0.0195628759667,-0.00878094957544,0.573935561778,0.818886101253,0.00206664043765,0.0,0.818842312449,-0.5738743518,-0.0120930802995,0.0,-0.00871703126693,0.00863306768362,-0.999924738922,0.0,0.66016131075,0.258999543775,0.303318456882,1.0,-0.00788,-0.0103565714286,0.395
0.463875871054,0.538865079416,-0.123909366834,-1.36973997121,0.0788289963374,1.89914805526,0.1574759382,-0.00384123768216,-0.0440373534334,-0.000237270939311,-0.0681500707436,-0.0011699756313,0.0353638735267,-0.00807294748972,0.573947204757,0.81887785136,0.00210180994372,0.0,0.818834499453,-0.573885819331,-0.0120779045218,0.0,-0.00868429678175,0.0086532806353,-0.999924849038,0.0,0.660046453172,0.258845006214,0.303337410579,1.0,-0.00818,-0.0107508571429,0.41
0.463756141751,0.538040303461,-0.123909695655,-1.37102235364,0.0787606813557,1.89964022713,0.157312598765,-0.00632904020826,-0.0455685583456,8.22520107362e-05,-0.0682271193602,-0.00144406043189,0.0236963481177,-0.00477796191127,0.573964335792,0.818865758071,0.00213504062664,0.0,0.818822776592,-0.57390274248,-0.0120685379931,0.0,-0.0086573735229,0.00867529731362,-0.999924891729,0.0,0.659904303432,0.258646744194,0.303352266898,1.0,-0.00854,-0.011224,0.428
0.463647603142,0.537234761343,-0.123916519956,-1.37228317033,0.0786851319026,1.90011287847,0.157154782435,-0.00496037809574,-0.0460106655283,-0.00188043408365,-0.0761327701226,-0.0014182810303,0.0304198848637,-0.0155506974798,0.573978069152,0.818856098811,0.00214766721366,0.0,0.818813308892,-0.573916447117,-0.0120591795489,0.0,-0.0086423175748,0.00868041021544,-0.999924977599,0.0,0.659761453445,0.25845192976,0.303362160177,1.0,-0.00888,-0.0116708571429,0.445
0.463558542754,0.536530336408,-0.123915754421,-1.37337433194,0.0786237011728,1.90052238824,0.157026742937,-0.00606369051022,-0.0458811799662,0.000830213092237,-0.0793155709137,-0.00115481195682,0.0356408263871,-0.00678569115723,0.573989232833,0.818848217052,0.00216908370144,0.0,0.81880566363,-0.573927475213,-0.0120534353731,0.0,-0.00862520339419,0.00869476754364,-0.999925000629,0.0,0.659634879818,0.258291193094,0.303375567782,1.0,-0.00916,-0.0120388571429,0.459
0.463432512798,0.535620326896,-0.123921450006,-1.37481069035,0.0785405363552,1.90104894303,0.156846972834,-0.00775324109015,-0.0498705147411,-0.00321600003192,-0.0770781656245,-0.00401789456538,0.0336782709251,-0.00506049078693,0.574005852856,0.818836566253,0.00216922937485,0.0,0.818793987266,-0.573944064805,-0.0120566908512,0.0,-0.00862760912032,0.00869693052668,-0.999924961065,0.0,0.659468923115,0.258068485159,0.303379998756,1.0,-0.00952,-0.012512,0.477
0.463313065056,0.534732394078,-0.123920003806,-1.37625557542,0.0784613714704,1.90157054826,0.156675104085,-0.00438582301853,-0.0487006467993,0.000417968177465,-0.0795136643411,-0.0110070212617,0.0308704100978,-0.0100569391108,0.574019930796,0.818826766946,0.00214282111554,0.0,0.818783718655,-0.573958128257,-0.0120845345245,0.0,-0.00866541757425,0.00869143804999,-0.999924681885,0.0,0.659295494218,0.257853291184,0.303363969099,1.0,-0.00986,-0.0129588571429,0.494
0.46321803252,0.534024652111,-0.123925303424,-1.37739530272,0.0783999657545,1.90197954842,0.156533018308,-0.00750100795437,-0.0581715895797,-0.000632159522643,-0.0871261093897,-0.00327159733094,0.0344996229607,-0.0130887873374,0.574031049554,0.818819017215,0.00212558152386,0.0,0.818775665063,-0.573969240922,-0.012102383113,0.0,-0.00868981033852,0.00868768537114,-0.99992450281,0.0,0.659159767356,0.25767938395,0.303356375242,1.0,-0.01012,-0.0133005714286,0.507
0.463055281476,0.532892477635,-0.123925702942,-1.37924479853,0.0782974582775,1.90269119559,0.156303338279,-0.00540847024147,-0.0528861888786,-0.00174560130679,-0.0962104196665,-0.000499459396819,0.0413070462551,-0.00862572186961,0.574050439785,0.818805431508,0.00212245536797,0.0,0.818761965863,-0.573988569567,-0.0121124796824,0.0,-0.00869966652787,0.00869112734922,-0.999924387195,0.0,0.658948660718,0.257398898343,0.303336212556,1.0,-0.01054,-0.0138525714286,0.528
0.462933156764,0.531979257321,-0.123923209972,-1.38071086782,0.0782097761883,1.90322212927,0.156111773906,-0.00658578478151,-0.0576400593477,9.3635323681e-05,-0.0954964794963,-0.00126016350459,0.0324710904397,-0.0175139161749,0.57404823264,0.818807025791,0.00210428607342,0.0,0.818763259185,-0.573986378275,-0.0121288855466,0.0,-0.00872355311389,0.00868564466123,-0.999924226728,0.0,0.658772624736,0.257179691918,0.303328144896,1.0,-0.01086,-0.0142731428571,0.544
0.462797927231,0.530965685649,-0.123920467546,-1.38232855933,0.078116409325,1.90379713569,0.155915899319,-0.00804680724423,-0.0580717223241,0.00595000894869,-0.0983657259882,-0.00994383318139,0.0345120896528,-0.0137537239904,0.574059536308,0.818799156916,0.00208238061899,0.0,0.81875498805,-0.573997661262,-0.0121532427708,0.0,-0.0087559519086,0.00868181158026,-0.999923976837,0.0,0.658575877591,0.256937417311,0.303322251359,1.0,-0.0112,-0.01472,0.561
0.462683652613,0.530110710377,-0.123925718586,-1.38368758082,0.0780274973739,1.90428501501,0.15573144441,-0.00518611663623,-0.0596797228853,-0.0010942767695,-0.0949388914616,-0.0022171369067,0.041261688119,-0.0105708739343,0.574055643403,0.818801933793,0.00206358773594,0.0,0.818757561067,-0.573993893134,-0.0121578675105,0.0,-0.00877056753066,0.00866903742373,-0.999923959577,0.0,0.658413765272,0.256727758243,0.303320212696,1.0,-0.01148,-0.015088,0.575
0.462517699566,0.528868409882,-0.123925695653,-1.38563304112,0.0779126460306,1.90500985759,0.155465635191,-0.00131048486894,-0.0649506887881,0.0061367946947,-0.099659040087,-0.00849446096362,0.0350224903974,-0.0112632465154,0.574048558571,0.818806851816,0.00208296013256,0.0,0.818762688374,-0.573986680254,-0.0121531032645,0.0,-0.00875562142503,0.00868208860616,-0.999923977326,0.0,0.658185111779,0.256434511836,0.303332021422,1.0,-0.01188,-0.0156137142857,0.595
0.462383607021,0.527842206914,-0.123928885655,-1.38724444819,0.0778072463486,1.90563257658,0.155242654917,-0.00829122279959,-0.0635409709221,-0.00166758817316,-0.0955988058725,-0.0142248898561,0.0344113458705,-0.0148307186643,0.574037045389,0.818814858686,0.00210822596866,0.0,0.818771132077,-0.573975163848,-0.0121281269946,0.0,-0.00872078914763,0.00868831602612,-0.99992422763,0.0,0.658000044561,0.256191812506,0.303341607717,1.0,-0.0122,-0.0160342857143,0.611
0.462247765498,0.526660838904,-0.123929579622,-1.38903104674,0.077696456556,1.90631631753,0.155000480421,-0.00411751309464,-0.0740802286011,-0.000289367188502,-0.106428581284,-0.00805499840775,0.0444809322616,-0.0218875314061,0.574017206205,0.818828596987,0.0021731632281,0.0,0.818785769073,-0.57395509729,-0.012089564067,0.0,-0.00865214925188,0.00871914078552,-0.999924555603,0.0,0.657789885624,0.255933952969,0.303381943179,1.0,-0.01254,-0.0164811428571,0.628
0.462087791994,0.525495044839,-0.123934478794,-1.39086133289,0.0775859852249,1.90698523262,0.154758202401,-0.00768289438182,-0.0683607625351,-0.00107642925977,-0.108837593819,-0.00418500059482,0.0454972218562,-0.0128691860375,0.574022105095,0.818825155834,0.00217576101585,0.0,0.818782343575,-0.573959966019,-0.0120904159218,0.0,-0.00865130354694,0.00872180862437,-0.999924539653,0.0,0.657572643535,0.255651473577,0.303389099106,1.0,-0.01288,-0.016928,0.645
0.461944985109,0.524374819993,-0.123940594232,-1.39262300382,0.0774693924687,1.90760524462,0.154504580848,-0.0115236897242,-0.0728229077794,-0.0019145732123,-0.112437732328,-0.00637172771786,0.0465173448859,-0.0112149222774,0.574002118708,0.818839231338,0.00215124185126,0.0,0.818796103503,-0.573940092123,-0.0121020016444,0.0,-0.0086750768,0.00870817068927,-0.999924452549,0.0,0.657342734053,0.25536815114,0.303388516777,1.0,-0.01322,-0.0173748571429,0.662
0.46177353581,0.523119482823,-0.123935968556,-1.39464513637,0.0773459476317,1.90836408573,0.154243456041,-0.0116614788892,-0.0713539053767,-0.000206601828767,-0.118349779783,-0.00609062370846,0.0411954508947,-0.017332148292,0.573997335823,0.818842604443,0.00214348296498,0.0,0.818799372046,-0.573935340068,-0.0121062240013,0.0,-0.00868303854218,0.00870419041199,-0.999924418099,0.0,0.65711442621,0.255080878444,0.303378045115,1.0,-0.01356,-0.0178217142857,0.679
0.461602752278,0.521870825561,-0.123936106284,-1.39660416417,0.0772289891588,1.90913760391,0.153973855303,-0.0105916536014,-0.0718528822768,-0.000418416177262,-0.115264391538,-0.00878937529699,0.0525354416317,-0.0166532992733,0.573990133395,0.818847514938,0.00219566527706,0.0,0.818804995973,-0.573927947261,-0.0120762917943,0.0,-0.00862865398839,0.00872966210929,-0.999924666827,0.0,0.656890146267,0.2547860031,0.303390141925,1.0,-0.0139,-0.0182685714286,0.696
0.461443052484,0.520693117778,-0.123938807802,-1.39849228922,0.0771115906786,1.90983727785,0.153719535595,-0.0115719181946,-0.0750880537021,0.0010601732069,-0.112417260283,-0.0120151525099,0.0384519847109,-0.0141158925985,0.573983697037,0.818852060216,0.00218309802302,0.0,0.818809379868,-0.573921567982,-0.0120822243742,0.0,-0.00864079364242,0.00872270889232,-0.999924622677,0.0,0.656663091945,0.2544994047,0.303379496538,1.0,-0.01422,-0.0186891428571,0.712
0.461275010252,0.519370706129,-0.1239448667,-1.40055247465,0.0769807411102,1.91057094017,0.15344089848,-0.00923948394003,-0.0770008695582,-0.000221256996474,-0.125498370044,-0.00926373356193,0.0428075727011,-0.0124618989236,0.573971523178,0.818860612351,0.00217601039765,0.0,0.81881784447,-0.573909431005,-0.0120850933464,0.0,-0.00864734053685,0.00871842343578,-0.999924603455,0.0,0.656408955433,0.254187061428,0.303391238567,1.0,-0.01456,-0.019136,0.729
0.461099893928,0.518023446712,-0.12395087381,-1.40265362375,0.0768480561196,1.91132414091,0.153165922189,-0.00957658729936,-0.0819924882826,-0.00107805452217,-0.124085241083,-0.00637349689205,0.0385915763083,-0.014182230588,0.573969508778,0.818862035179,0.00217192026066,0.0,0.818819218375,-0.573907438869,-0.0120866095892,0.0,-0.00865095109005,0.00871592322747,-0.999924594021,0.0,0.656150826526,0.253866646213,0.303402218691,1.0,-0.0149,-0.0195828571429,0.746
0.460928439684,0.516741775137,-0.123948768953,-1.4046704892,0.0767164851755,1.91205287685,0.152877626083,-0.0119565513638,-0.0822034004174,0.000517935516028,-0.126288333852,-0.00539376747545,0.0498389035703,-0.0221246647143,0.573943378185,0.818880375681,0.0021623747117,0.0,0.81883744019,-0.573881358506,-0.0120904840103,0.0,-0.0086598802809,0.00871005430596,-0.999924567869,0.0,0.65590246868,0.253561081649,0.303404527373,1.0,-0.01522,-0.0200034285714,0.762
0.460743421049,0.515379112821,-0.123954461752,-1.40683601803,0.0765865145183,1.9128901805,0.152580522059,-0.0152675666445,-0.075968242026,-8.08232561274e-05,-0.128698091688,-0.00434445586135,0.0548972279528,-0.0190032653257,0.573935154735,0.81888606915,0.00218879228501,0.0,0.818843506123,-0.573873051079,-0.0120739648407,0.0,-0.00863127887956,0.00872211915578,-0.999924709997,0.0,0.655647059336,0.253233098104,0.303402197554,1.0,-0.01556,-0.0204502857143,0.779
0.460549468306,0.513898340642,-0.123957401823,-1.40922635783,0.0764413183149,1.9137260206,0.152268143682,-0.010846020692,-0.0850837184365,-5.1740196588e-05,-0.136094818852,-0.00579064366281,0.0392694725935,-0.0182897199492,0.573926587326,0.818892239451,0.00212589489904,0.0,0.818848733207,-0.573864632675,-0.0121195045781,0.0,-0.00870475994322,0.00869665968522,-0.999924294767,0.0,0.655342627721,0.252873335472,0.303375019308,1.0,-0.01592,-0.0209234285714,0.797
0.460375926231,0.512577875203,-0.123955880306,-1.41137097158,0.0763081953398,1.91447059885,0.151952027508,-0.0105033692535,-0.0830007182768,0.00066439919032,-0.132951147881,-0.00842593728016,0.0429924638515,-0.0218290501266,0.573885013015,0.818921549027,0.00205797879057,0.0,0.818877033654,-0.573823241083,-0.012167113378,0.0,-0.00878316437816,0.00866792247102,-0.999923858673,0.0,0.65506646153,0.25255244086,0.303343966283,1.0,-0.01624,-0.021344,0.813
0.460174236102,0.511134593614,-0.123963656072,-1.41367275401,0.0761700449313,1.91534348351,0.151634136808,-0.0102693829572,-0.0851153719252,-0.00136127370821,-0.134718717688,-0.0122734482777,0.0566522424362,-0.0228390974483,0.573878685422,0.818925959009,0.00206760265851,0.0,0.818881572796,-0.573816874978,-0.0121618513474,0.0,-0.00877339939689,0.00867271595711,-0.999923902835,0.0,0.654790388809,0.252198508528,0.303335112611,1.0,-0.01658,-0.0217908571429,0.83
0.459970203901,0.509650464525,-0.123963349253,-1.41602087039,0.0760171369617,1.91622940603,0.151298146868,-0.0182936865353,-0.0933379318216,9.98587894568e-05,-0.144075302372,-0.0169228054792,0.0550675866539,-0.0178837913123,0.573851537693,0.818944952194,0.00207963088714,0.0,0.818900788807,-0.573789742589,-0.0121480982906,0.0,-0.00875552147339,0.00867438326679,-0.999924045075,0.0,0.654505563192,0.251841407866,0.303333155909,1.0,-0.01692,-0.0222377142857,0.847
0.459778123833,0.50825863191,-0.123959142117,-1.41825078218,0.0758840399548,1.91701594235,0.150995588615,-0.0169972826201,-0.0839820578865,0.00121447637012,-0.137598510461,-0.00366545258992,0.0462749298719,-0.0187740011695,0.573837792948,0.818954685505,0.00203896446556,0.0,0.818909827121,-0.573776018796,-0.0121869684877,0.0,-0.00881083566744,0.00866323793185,-0.999923655827,0.0,0.654220798607,0.251503801469,0.303313705784,1.0,-0.01724,-0.0226582857143,0.863
0.459567913032,0.506716997899,-0.123967267189,-1.42066325558,0.075730675771,1.91789580389,0.150653929258,-0.0122738158337,-0.0871547257637,-0.000388425747629,-0.141702728324,-0.00909015776455,0.0515688026399,-0.0213447583911,0.5738193013,0.818967635023,0.00204184757378,0.0,0.818922841173,-0.57375754304,-0.0121823195891,0.0,-0.00880556955028,0.00866273251563,-0.999923706595,0.0,0.653922467572,0.251130560062,0.303320073619,1.0,-0.01758,-0.0231051428571,0.88
0.459345699644,0.505116899365,-0.123973950374,-1.42312524815,0.0755756673834,1.91884631376,0.150333163826,-0.0128196798538,-0.0974381521817,-0.0005676496496,-0.144746618933,-0.00695485497896,0.0502845417791,-0.0254009402018,0.573828739908,0.818960844785,0.002111602498,0.0,0.818917066663,-0.573766775181,-0.0121355893024,0.0,-0.00872717313648,0.00869314461106,-0.999924129965,0.0,0.653629694038,0.250749742682,0.303349226964,1.0,-0.01792,-0.023552,0.897
0.459154630206,0.503733904189,-0.123974599748,-1.42517774568,0.0754402963979,1.91962134766,0.150035516201,-0.0149352028102,-0.0999398598507,-0.00297945959343,-0.144435287936,-0.0113448782275,0.0562609921098,-0.0258982716809,0.573810777096,0.818973206193,0.00219693594581,0.0,0.818930644915,-0.57374854907,-0.0120809006561,0.0,-0.00863361135652,0.00873145727205,-0.999924608362,0.0,0.65338330503,0.250429927566,0.303405570802,1.0,-0.0182,-0.02392,0.911
0.458881893357,0.501767605034,-0.123979926915,-1.42812176436,0.0752470905054,1.92070697853,0.149630051309,-0.0177155577424,-0.0974898837403,3.07650831911e-05,-0.151623030133,-0.0151550459616,0.0544082209497,-0.0226545897111,0.573804225352,0.818977562852,0.00228241416154,0.0,0.818936225999,-0.573741749761,-0.0120253577571,0.0,-0.00853914629867,0.0087695215725,-0.99992508643,0.0,0.653023534372,0.2499678106,0.303471369987,1.0,-0.0186,-0.0244457142857,0.931
0.458644818026,0.500049484177,-0.123978603201,-1.43072730928,0.0750798665137,1.92162421267,0.149264870851,-0.013241563612,-0.0925795111497,0.00654665652102,-0.154128281373,-0.0127711483181,0.0519473140669,-0.0232658276412,0.573785660072,0.818990500461,0.00230723915394,0.0,0.818949440555,-0.573723035894,-0.0120182694176,0.0,-0.00851929625593,0.00878559201492,-0.999925114678,0.0,0.652691911542,0.249562716273,0.303509504132,1.0,-0.01894,-0.0248925714286,0.948
0.458408076969,0.498467294041,-0.123979191331,-1.43319002474,0.0749322239148,1.92254951256,0.148917043878,-0.0151915682375,-0.0951325000575,0.000734020350197,-0.151758528546,-0.00463859091751,0.0593348290001,-0.0162421357181,0.573780626787,0.818993915323,0.00234646289443,0.0,0.818953319574,-0.573717792975,-0.0120042194549,0.0,-0.00848533854776,0.00880960175171,-0.999925192175,0.0,0.652390975582,0.24917556283,0.303521040067,1.0,-0.01926,-0.0253131428571,0.964
0.458150137104,0.496785421516,-0.123982109656,-1.43586071949,0.0747776243961,1.92350420168,0.148518796243,-0.0179398633628,-0.0943646387787,0.00117332813322,-0.154153549196,-0.00571734403122,0.0511006086161,-0.0219522098529,0.573761388126,0.819007460593,0.00232290556753,0.0,0.818966371754,-0.57369846143,-0.0120376156441,0.0,-0.00852641382997,0.00880927021198,-0.999924845689,0.0,0.652053285183,0.248750927161,0.303505167571,1.0,-0.0196,-0.02576,0.981
0.457878917326,0.495104994225,-0.123978645559,-1.43857036436,0.0745964287116,1.92444117486,0.148127898231,-0.0146185932875,-0.096550869568,0.00118654639991,-0.158080287844,-0.0127240632574,0.061796577209,-0.0276893572215,0.573748109562,0.819016997197,0.0022387445844,0.0,0.818974741098,-0.573685467504,-0.0120873784825,0.0,-0.00861559907221,0.00876875464601,-0.999924437342,0.0,0.651704573391,0.248311521164,0.303467378216,1.0,-0.01994,-0.0262068571429,0.998
0.457613081419,0.493407863485,-0.124013238369,-1.44126296118,0.0744390640911,1.92541416246,0.147741914407,-0.0179812141486,-0.116681344004,-0.00288353586178,-0.180204358898,-0.0105967669875,0.0708312012906,-0.021554494754,0.57376756489,0.819003427757,0.00221668751755,0.0,0.818960867956,-0.573704998458,-0.0121003471535,0.0,-0.00863866740805,0.00875833567906,-0.999924329628,0.0,0.651372316174,0.247861840485,0.303452982268,1.0,-0.0242588571429,-0.0318830693878,1.014
0.457314159465,0.491150204873,-0.124055760314,-1.44478475129,0.0742308809917,1.92673545567,0.147229739434,-0.0178699026789,-0.14107054519,0.000965030910942,-0.229780555618,-0.0177734287306,0.0751531021014,-0.0366232308812,0.573743957563,0.81901984809,0.00225975571126,0.0,0.818977926658,-0.573681288612,-0.0120698651081,0.0,-0.00858924488853,0.00877587118428,-0.999924601636,0.0,0.65093400513,0.247310547534,0.303463561377,1.0,-0.0298542857143,-0.0392370612245,1.031
0.456897597891,0.488487129345,-0.124078795847,-1.4491049,0.0739919539606,1.92828166219,0.146607707099,-0.0251006131535,-0.16435650825,-0.00636802682077,-0.269505258787,-0.0177834751164,0.099330869211,-0.0391974550774,0.573743282192,0.819020549631,0.00217539031865,0.0,0.818977167936,-0.573680612315,-0.0121532035069,0.0,-0.00870591178173,0.00875458242435,-0.999923779289,0.0,0.650380553438,0.246615489041,0.30339391922,1.0,-0.0354497142857,-0.0465910530612,1.048
0.456429918832,0.485452471594,-0.12412945669,-1.45378803291,0.0737072430745,1.93007270003,0.14591569962,-0.0336786819332,-0.193249934969,-0.00351011100677,-0.298378452203,-0.0177806915603,0.125020844964,-0.0476560759917,0.573751399505,0.819014561345,0.0022862135401,0.0,0.818972832602,-0.573688461708,-0.0120745709689,0.0,-0.00857784026654,0.00880031820406,-0.999924484677,0.0,0.649814922106,0.245842282735,0.303429573196,1.0,-0.040716,-0.0535124571429,1.064
0.455816920758,0.48157171368,-0.124203711343,-1.45984890581,0.0733353729058,1.93217924035,0.144982126386,-0.0352055867723,-0.229557443783,-0.00509061606626,-0.356206522576,-0.0211874927898,0.120765992513,-0.0515777930869,0.573738853493,0.81902354221,0.0022163481272,0.0,0.818980837164,-0.573676149517,-0.0121165479482,0.0,-0.00865243854653,0.00876704976563,-0.999924134195,0.0,0.649037517192,0.244817153614,0.303422198,1.0,-0.0466405714286,-0.0612990367347,1.082
0.455142135355,0.477373917851,-0.124284524125,-1.46634989796,0.0729448959622,1.93450038445,0.144026175669,-0.0397304139266,-0.257492117533,-0.00509603409543,-0.396769468681,-0.0204222541925,0.138422556958,-0.0559374865932,0.573777669281,0.818996322605,0.0022263638035,0.0,0.81895371836,-0.573714886778,-0.012115394148,0.0,-0.00864533164609,0.0087750004779,-0.999924125925,0.0,0.648213741997,0.243712381534,0.303440082597,1.0,-0.052236,-0.0686530285714,1.099
0.454524561556,0.47360835632,-0.12432792437,-1.47217091514,0.0725884316244,1.93662092426,0.143184786085,-0.0470539178231,-0.270735578488,-0.000439902569761,-0.436887115085,-0.0270731429779,0.154847884846,-0.0516002106514,0.573810058077,0.818973487897,0.00227821718825,0.0,0.818931528809,-0.573747017368,-0.0120937208447,0.0,-0.00859748195335,0.00880537207592,-0.999924271496,0.0,0.64747556528,0.242734107595,0.303460077778,1.0,-0.056844,-0.0747092571429,1.113
0.453529373015,0.46765581506,-0.124382633672,-1.48122552283,0.0720405963598,1.93994798193,0.141772834102,-0.0535573871197,-0.314431299091,-0.00066981917041,-0.470318964345,-0.0246319908663,0.183991949028,-0.0727255335026,0.573792155651,0.818985463474,0.00247378929925,0.0,0.818945958763,-0.573728205027,-0.0120087585924,0.0,-0.00841587805901,0.00891660290112,-0.999924830769,0.0,0.646328808552,0.241203344675,0.303552059213,1.0,-0.0634268571429,-0.0833610122449,1.133
0.452655910646,0.46246859093,-0.124409773122,-1.48919086055,0.0715193597229,1.94276918717,0.140527234183,-0.0592240512503,-0.334020092681,0.000778810025187,-0.511496841311,-0.0302677481193,0.176215413602,-0.0760732275539,0.573739242464,0.819022446631,0.00250209376386,0.0,0.818983245402,-0.573675114843,-0.0120022190654,0.0,-0.00839485952364,0.00893548898132,-0.999924838861,0.0,0.645282339735,0.239858577321,0.303582455252,1.0,-0.0686931428571,-0.0902824163265,1.149
0.45167974791,0.456913509303,-0.124464243537,-1.49782174823,0.0709447278095,1.94570014502,0.139246067454,-0.060918080898,-0.35515534363,-0.00179062630811,-0.551502110841,-0.0353086042836,0.183354220282,-0.0903160443951,0.573771724292,0.81900010084,0.00236434541029,0.0,0.818958945968,-0.573707994662,-0.0120883655223,0.0,-0.00854409321802,0.0088724349766,-0.999924136307,0.0,0.644121782644,0.238359092644,0.303553184263,1.0,-0.0739594285714,-0.0972038204082,1.165
0.450572794578,0.450520947061,-0.124542069172,-1.50742496972,0.0702804232519,1.94923269335,0.13768486061,-0.0684526876587,-0.393828847719,-0.0016926639553,-0.569412776928,-0.0478923516062,0.221143688722,-0.0924005692236,0.57371369319,0.819040044465,0.00259821297274,0.0,0.819002589292,-0.573649721235,-0.0118955016832,0.0,-0.00825258696791,0.00895272772299,-0.99992586899,0.0,0.642884914872,0.236685990828,0.303680406307,1.0,-0.0795548571429,-0.104557812245,1.182
0.449287159731,0.443381104966,-0.124575507229,-1.51827501511,0.0695754561607,1.95310132896,0.136054640441,-0.072565863461,-0.406107965935,0.000322543380655,-0.61644222024,-0.0363226419607,0.211035275005,-0.093075332228,0.573751169449,0.819013365466,0.00272940384492,0.0,0.818977465186,-0.573686528791,-0.0118501097938,0.0,-0.00813973280101,0.00903450853698,-0.999926058469,0.0,0.641434875383,0.234807035835,0.303743996353,1.0,-0.0854794285714,-0.112344391837,1.2
0.448141372022,0.437144433692,-0.12460497377,-1.52801577074,0.068889970295,1.95636266575,0.1344811075,-0.0714885951574,-0.425297199226,-0.00132040753921,-0.650323218714,-0.0473921620576,0.221123856973,-0.113371184748,0.573662524503,0.819076185933,0.00250130337081,0.0,0.819037103722,-0.573598547776,-0.0119864764128,0.0,-0.00838325480557,0.00892502442161,-0.999925029679,0.0,0.64006855977,0.233105552421,0.303654759382,1.0,-0.0904165714286,-0.118833208163,1.215
0.446637701714,0.429148111009,-0.124633356119,-1.54003877818,0.0680857556621,1.96071095591,0.132527698282,-0.0861600181172,-0.440677869326,-0.00166318390327,-0.690857039254,-0.0480992137234,0.242499458373,-0.111860042731,0.573615709987,0.819108127537,0.00276397554557,0.0,0.819072520895,-0.573550784713,-0.0118511506426,0.0,-0.00812224984741,0.00906207708089,-0.999925951167,0.0,0.638448602984,0.230988277449,0.30376139664,1.0,-0.0963411428571,-0.126619787755,1.233
0.445075639376,0.421268947963,-0.124701269443,-1.55214447317,0.0671923040629,1.96477368938,0.130511106396,-0.0896319812563,-0.466816113813,-0.00843576463103,-0.733332187325,-0.0498323838457,0.235330430652,-0.120238077664,0.573557064074,0.819149805586,0.00257626874235,0.0,0.819111939302,-0.573493061671,-0.0119199836183,0.0,-0.00828693956409,0.00894721555528,-0.999925634218,0.0,0.636746777391,0.228773355962,0.303710741188,1.0,-0.101936571429,-0.133973779592,1.25
0.443505146302,0.413411638172,-0.124818219412,-1.56388762188,0.0663544729326,1.96893855693,0.128618616967,-0.0967055522432,-0.494495953237,-0.00751011983663,-0.740318068495,-0.0431369158455,0.261519550602,-0.128577651405,0.573635096881,0.819094544594,0.00276578087713,0.0,0.819059743876,-0.573571037226,-0.0117536427476,0.0,-0.00804112766389,0.00900781520144,-0.999927097108,0.0,0.635143322759,0.226586320513,0.30381183217,1.0,-0.107202857143,-0.140895183673,1.266
0.441570058091,0.404306649873,-0.124877588382,-1.57784825771,0.0654212706457,1.97358065273,0.126296674722,-0.11428259604,-0.514858714021,-0.00894499091097,-0.786859712393,-0.0546715097377,0.251454964704,-0.123355341863,0.573670064573,0.819070609618,0.00259622309404,0.0,0.819032753409,-0.573605699506,-0.0119414085697,0.0,-0.00829180807594,0.00897699320937,-0.999925326968,0.0,0.633131290673,0.22398571881,0.30372562891,1.0,-0.113127428571,-0.148681763265,1.284
0.439607505831,0.395196987325,-0.125006548223,-1.59129036272,0.0644627294545,1.97827427515,0.12398271432,-0.119056852472,-0.544933348258,-0.00600451600906,-0.809836707834,-0.0662540490675,0.280145254962,-0.124414131948,0.573742116372,0.819019244733,0.00286488389621,0.0,0.818985350931,-0.573677260133,-0.0117534278928,0.0,-0.0079829185875,0.00908990954587,-0.9999268206,0.0,0.631254603705,0.221394047418,0.303872948619,1.0,-0.118722857143,-0.156035755102,1.301
0.43778984409,0.38701372471,-0.125059864029,-1.60377501217,0.0634990981635,1.98243794817,0.121832155654,-0.125125390119,-0.556880793881,-0.00133415277491,-0.85876963647,-0.0649916649603,0.269000646676,-0.143694455747,0.573716067682,0.819038071577,0.00269404741276,0.0,0.819002160893,-0.573652060472,-0.0118118952787,0.0,-0.00812910259185,0.00898327771972,-0.999926606513,0.0,0.629423337969,0.219011340971,0.303788375654,1.0,-0.12366,-0.162524571429,1.316
0.435470640493,0.376703371543,-0.125132096877,-1.61901313329,0.0623700082952,1.98753089133,0.119085945197,-0.130958707106,-0.575243835259,-0.00466804025983,-0.838916847781,-0.060464825035,0.285552017546,-0.160112899813,0.573670664953,0.819069503594,0.00280416764225,0.0,0.819035042021,-0.57360628423,-0.0117548940763,0.0,-0.0080197414791,0.00904032351813,-0.999926975482,0.0,0.627181412549,0.216058753372,0.303876659041,1.0,-0.129584571429,-0.17031115102,1.334
0.433092600678,0.366737377848,-0.12521939399,-1.63397549077,0.061233743606,1.99244142552,0.116454261186,-0.144752023719,-0.59544481482,-0.00680446606074,-0.882921888258,-0.0669129670982,0.284503870974,-0.154056444792,0.573746663894,0.81901665153,0.0026901835448,0.0,0.818980666845,-0.573682640719,-0.0118170204593,0.0,-0.00813518155514,0.00898335733664,-0.999926556359,0.0,0.624942153203,0.213088279435,0.303826256749,1.0,-0.13518,-0.177665142857,1.351
0.430748533448,0.35695986469,-0.125335547924,-1.64836668958,0.0600832154806,1.9971829573,0.113786521668,-0.151492128541,-0.607660238424,-0.00645275940837,-0.903223389772,-0.0737342993623,0.287178335112,-0.183240843325,0.573742033874,0.819019766352,0.00272906431231,0.0,0.818984869943,-0.573678517323,-0.0117255476827,0.0,-0.00803800451154,0.00896267451588,-0.999927527848,0.0,0.622778934231,0.21018453621,0.303882021911,1.0,-0.140446285714,-0.184586546939,1.367
0.428227893778,0.346956116179,-0.125428488203,-1.66322316101,0.0590074379488,2.00194307977,0.1109755179,-0.154811324892,-0.648481599965,-0.0100534898257,-0.909973903299,-0.0679162437901,0.309559457217,-0.186606169125,0.573772799426,0.818998442535,0.00265944829386,0.0,0.818961860791,-0.573708670323,-0.0118566043476,0.0,-0.00818494953561,0.00898115670673,-0.999926169987,0.0,0.620486186763,0.207162006256,0.303843418072,1.0,-0.145712571429,-0.19150795102,1.383
0.425271552097,0.335346186757,-0.125516041265,-1.68023168358,0.057660629087,2.007494444,0.107770294321,-0.168863833959,-0.652583415812,-0.00103843662837,-0.966043396059,-0.0789485299407,0.31386588573,-0.182465180388,0.57380031615,0.818978902036,0.00273899750915,0.0,0.818943522432,-0.573736073904,-0.0117970958116,0.0,-0.00809026666041,0.00901243509175,-0.99992665911,0.0,0.617851047422,0.203678608965,0.303877740581,1.0,-0.151637142857,-0.199294530612,1.401
