position_joint1,position_joint2,position_joint3,position_joint4,position_joint5,position_joint6,position_joint7,velocity_joint1,velocity_joint2,velocity_joint3,velocity_joint4,velocity_joint5,velocity_joint6,velocity_joint7,ee_T_00,ee_T_10,ee_T_20,ee_T_30,ee_T_01,ee_T_11,ee_T_21,ee_T_31,ee_T_02,ee_T_12,ee_T_22,ee_T_32,ee_T_03,ee_T_13,ee_T_23,ee_T_33,v_x,v_y,time
0.46506741351,0.547750526985,-0.12401872261,-1.35583449098,0.0794312668376,1.8940936583,0.159153676705,-0.0013905618915,-0.00155491917391,0.0001312067109,-0.00172108953516,7.89666596663e-05,-0.000174098217709,-0.000696905374786,0.573809243256,0.818974979175,0.00191904659649,0.0,0.818932200867,-0.573751549772,-0.0118303177713,0.0,-0.00858784363419,0.00836007569805,-0.999928176459,0.0,0.661688607995,0.260857468605,0.303235664222,1.0,0.0,0.0,0.0
0.465072438801,0.5477560521,-0.124016295552,-1.35583198532,0.0794312668376,1.89409789546,0.159158827132,0.00239959529377,0.00264822136812,0.000811347455571,0.000229492292551,7.91546025785e-05,-7.20409879651e-05,0.000995545848639,0.573807551988,0.818976161402,0.00192021825508,0.0,0.818933394072,-0.573749849797,-0.0118301662362,0.0,-0.00858706452507,0.00836093055444,-0.999928176002,0.0,0.661688013121,0.260862711268,0.303233230437,1.0,-0.00022,-0.000289142857143,0.012
0.46506630909,0.547760560935,-0.124021204995,-1.35583579776,0.0794312666751,1.89409791292,0.159147822116,-0.00120727607415,0.000388574856425,-3.53686601437e-05,0.0001777477635,-0.00059345850945,0.000252391237471,-0.00122273310247,0.573807205731,0.818976423134,0.00191204177767,0.0,0.818933570185,-0.57374955701,-0.0118321746585,0.0,-0.00859340440647,0.00835538314487,-0.999928167907,0.0,0.661689748493,0.26085530164,0.30322838598,1.0,-0.00058,-0.000762285714286,0.03
0.465066219248,0.547726723458,-0.124021918884,-1.35585973571,0.0794286784066,1.89410018407,0.159150121798,0.00118551008812,-0.00315154248434,-0.00112177831877,-0.0030319971948,0.000212511481825,-0.000557184108189,-0.00422940201966,0.573810239273,0.818974273634,0.00192232447138,0.0,0.818931560129,-0.573752553948,-0.0118259698872,0.0,-0.00858239176102,0.00836027575023,-0.999928221594,0.0,0.661685943174,0.260852169375,0.303241179373,1.0,-0.0009,-0.00118285714286,0.046
0.465067347004,0.547637343898,-0.124017726149,-1.35596095357,0.0794283213584,1.89412104021,0.159155006596,0.000525095730822,-0.00271600930501,0.00128606811753,-0.00901619937457,-4.70673519976e-05,-0.000210658807001,0.00114415762982,0.573815804562,0.818970343658,0.00193534116831,0.0,0.818927704349,-0.573757973026,-0.011830060901,0.0,-0.00857821677297,0.00837334162678,-0.999928148092,0.0,0.661668025275,0.260845861722,0.303257992171,1.0,-0.00122,-0.00160342857143,0.062
0.465061973423,0.547501555959,-0.124012703904,-1.35614605792,0.079427079016,1.89415249157,0.159141885631,0.000782069443276,-0.00763512908922,0.00125115085136,-0.00844447078596,-0.000177328626658,8.5674174523e-05,-0.00150936223905,0.573815702649,0.818970430834,0.00192865631427,0.0,0.818927539442,-0.573757737309,-0.0118528867005,0.0,-0.00860074783584,0.00838096363984,-0.999927890693,0.0,0.661635762584,0.26082695476,0.303268642091,1.0,-0.00156,-0.00205028571429,0.079
0.465037565258,0.547328052259,-0.124019416827,-1.35637872819,0.0794200569259,1.89427566674,0.159145666125,-0.00177391885273,-0.0142659440011,0.000195850984263,-0.0100618773924,0.000106335116594,0.00320048947753,0.00150247849817,0.573854863217,0.818942859111,0.00198403002564,0.0,0.818900707876,-0.573796688099,-0.011821094239,0.0,-0.00854253532638,0.00840847789929,-0.999928158714,0.0,0.661619870065,0.260788820021,0.303291708845,1.0,-0.00194,-0.00254971428571,0.098
0.465025394598,0.547143946739,-0.124017315534,-1.35658044936,0.0794173787838,1.89437308268,0.159135876433,0.000856463360239,-0.00986219645711,0.00116474165146,-0.0170837273618,-0.000396822465324,0.000835933059579,0.00145239788338,0.573865987872,0.818934880906,0.00205808165063,0.0,0.818893625528,-0.573807450461,-0.0117892648977,0.0,-0.00847386080826,0.0084509707987,-0.999928384823,0.0,0.661600751001,0.260766652846,0.303334487492,1.0,-0.00226,-0.00297028571429,0.114
0.464989679616,0.54694110225,-0.124020103539,-1.35685084419,0.0794092717721,1.89450166883,0.159118842798,-0.00311422999071,-0.0119461294257,0.000417550485382,-0.0172609004245,0.000144043918293,0.0118594579554,-0.000950894316021,0.573896363339,0.818913454115,0.00211322440805,0.0,0.818872893214,-0.573837584582,-0.0117625755053,0.0,-0.00842004585829,0.00848112477894,-0.999928584125,0.0,0.661580146348,0.260719406022,0.303360704432,1.0,-0.0026,-0.00341714285714,0.131
0.464976385324,0.546724920527,-0.12401731948,-1.35716810924,0.0793943064767,1.89462125797,0.159087375881,0.0015381940515,-0.0171739449036,0.000501729220135,-0.018509208686,-0.000866733552126,0.00601094044636,-0.00279291520353,0.573893314137,0.818915542351,0.00213199111196,0.0,0.818875174714,-0.573834412144,-0.011758510851,0.0,-0.00840597926549,0.00849412889418,-0.999928592094,0.0,0.661540587613,0.260683099329,0.303373069498,1.0,-0.0029,-0.00381142857143,0.146
0.464936775269,0.546445422859,-0.124020103539,-1.35756284507,0.0793772759508,1.89476948446,0.158967054392,-0.00323707530133,-0.0223588563076,0.000267843326675,-0.018153518243,-0.000200861785393,0.005143936441,-0.00646170427313,0.573846698194,0.818948123556,0.00216443941362,0.0,0.818908125297,-0.573787624258,-0.0117469771196,0.0,-0.00837839763066,0.00851360496963,-0.999928657947,0.0,0.661498870035,0.260619408161,0.303396055067,1.0,-0.00324,-0.00425828571429,0.163
0.464900760779,0.546156690446,-0.124014813934,-1.35803134679,0.0793417919677,1.89493696235,0.158949175005,0.00077612499255,-0.0179800566031,0.00153039287932,-0.0257401949348,-0.00114331201731,0.0146897776662,0.00100348189878,0.573874616223,0.8189285971,0.00215049011161,0.0,0.818888447452,-0.573815622651,-0.0117511161988,0.0,-0.00838950180459,0.00850484255214,-0.99992863941,0.0,0.661442513766,0.260552446978,0.303391822805,1.0,-0.00358,-0.00470514285714,0.18
0.464856873911,0.545856393426,-0.124020103541,-1.35853087026,0.079273976711,1.8951032699,0.15889957182,-0.00344088861982,-0.0139707362554,-0.000132529197451,-0.0362999809492,-0.00495429469521,0.0114939185823,-0.00135625685939,0.57388710748,0.818919973248,0.00210051993393,0.0,0.818879508489,-0.573828641812,-0.0117382841177,0.0,-0.00840753868606,0.00845668546758,-0.999928896354,0.0,0.661382793955,0.260460402213,0.303380619903,1.0,-0.00392,-0.005152,0.197
0.464793139129,0.545501789196,-0.124024826478,-1.35912738478,0.0792619864007,1.89530495088,0.15879483642,0.000457861357019,-0.020287210968,-0.000565272167882,-0.0374237836277,-0.000247364835139,0.00709375326691,-8.58844979758e-05,0.573883934155,0.818922284937,0.00206597512322,0.0,0.818881120032,-0.573825351395,-0.0117866132954,0.0,-0.00846697440599,0.0084560988373,-0.999928399805,0.0,0.661308835782,0.260361923432,0.303357153417,1.0,-0.00426,-0.00559885714286,0.214
0.464726996267,0.545079348564,-0.124023292384,-1.35986174989,0.0792343310803,1.89553545536,0.15872396342,-0.00215740344153,-0.024040934289,-0.000113091448757,-0.0398506625967,-8.99899613682e-05,0.0177543295612,-0.00476958009643,0.573911752473,0.818902909318,0.00201801496834,0.0,0.818860934211,-0.573853171454,-0.0118344808361,0.0,-0.00853341079193,0.00844458384289,-0.999927932355,0.0,0.661223027086,0.260252695736,0.303335389394,1.0,-0.0046,-0.00604571428571,0.231
0.464652385294,0.544628831135,-0.124026133579,-1.36060528024,0.0791985476451,1.89579899394,0.15863421746,-0.0052457230856,-0.0253531577,0.000146719175082,-0.0377253009096,-0.000291244953657,0.0138972882087,-0.000252154942947,0.573933277947,0.818887875745,0.00199657780363,0.0,0.818845531998,-0.573874692229,-0.0118566119601,0.0,-0.00856361518507,0.00843995547667,-0.999927713211,0.0,0.661138583021,0.260131466213,0.303323284722,1.0,-0.00496,-0.00651885714286,0.249
0.464585250533,0.544224538286,-0.124023701325,-1.3612772514,0.0791604290715,1.89604103888,0.158542562341,-0.00336158723721,-0.0253948132306,0.00153471920532,-0.0495805743761,-0.00714326220362,0.0152033216501,-0.00553977889837,0.573938814914,0.818884044969,0.00197598869975,0.0,0.818841382733,-0.573880262676,-0.0118735393309,0.0,-0.00858923637078,0.00843286877045,-0.999927553247,0.0,0.661061976139,0.260024290923,0.303310440151,1.0,-0.00526,-0.00691314285714,0.264
0.464503700568,0.543673647513,-0.124025920542,-1.36219568052,0.0791178922848,1.8963537915,0.158437245778,-0.00258858249787,-0.0291867731305,0.000284074063415,-0.0523118432958,-0.00214375715176,0.0194389227975,-0.00460935898903,0.573960619534,0.818868859007,0.00193542600479,0.0,0.818825516823,-0.573902083485,-0.011912953976,0.0,-0.00864456844792,0.00842250480253,-0.999927163772,0.0,0.660951573158,0.259881649246,0.303290267578,1.0,-0.00564,-0.00741257142857,0.283
0.464431208191,0.54316487384,-0.124032195144,-1.36299739163,0.0790650987403,1.89663648607,0.158334169017,-0.00639861025975,-0.0331403134045,0.00015276408784,-0.0492344686606,-0.00482729888203,0.0174942651387,-0.00802344693245,0.573970430611,0.818862011799,0.00192284114357,0.0,0.818818551591,-0.573911990441,-0.0119144324255,0.0,-0.00865290111258,0.00841315188913,-0.999927170437,0.0,0.6608599619,0.259752260542,0.3032932864,1.0,-0.00596,-0.00783314285714,0.299
0.464360927493,0.542670007248,-0.124032879918,-1.36379746498,0.0790209721737,1.89691808104,0.158229352343,-0.00425829904284,-0.0360919869455,3.37665785529e-05,-0.0519492717911,-0.0069318417663,0.0142885873491,-0.00839282514203,0.573975285806,0.818858651075,0.0019046640318,0.0,0.81881489083,-0.573916859716,-0.0119314538069,0.0,-0.00867722243315,0.00840808876192,-0.999927002263,0.0,0.660765685377,0.259628916212,0.303286929917,1.0,-0.00626,-0.00822742857143,0.314
0.464283958891,0.542069709699,-0.124038501537,-1.36472992875,0.0789594584977,1.89725974702,0.158114017626,-0.00469025280651,-0.0383311253372,-1.39929204307e-05,-0.0586741455544,-0.000811876206852,0.0161645151387,-0.00648406254869,0.573983170727,0.818853115689,0.00190828442124,0.0,0.81880946577,-0.573924789717,-0.0119223074162,0.0,-0.00866757371642,0.008405887,-0.999927104458,0.0,0.660659367368,0.259485235699,0.30329740774,1.0,-0.0066,-0.00867428571429,0.331
0.464189331633,0.541446293417,-0.124039007412,-1.36568564244,0.0788980199551,1.89761429534,0.157984240908,-0.00303095479895,-0.0377196062316,-0.000248805310345,-0.0560776511131,0.000105010850412,0.0208740431753,-0.00604619410167,0.573991366441,0.818847331579,0.00192502411328,0.0,0.818803928489,-0.573932942512,-0.0119101256231,0.0,-0.00864790633047,0.00841268855757,-0.999927217545,0.0,0.660554115246,0.259331294788,0.303314032921,1.0,-0.00694,-0.00912114285714,0.348
0.464114101356,0.540765202572,-0.124042196877,-1.36672443972,0.078849033976,1.89800160832,0.157839233901,0.00058222837343,-0.0426709345261,0.00156016195163,-0.0645074063553,-0.000712843429664,0.0166967159543,-0.0118543198849,0.573980972731,0.818854541205,0.00195708736693,0.0,0.818811438255,-0.573922302408,-0.0119065646974,0.0,-0.00862669457562,0.00843678954297,-0.999927197711,0.0,0.660432460723,0.259183750662,0.303334750984,1.0,-0.00728,-0.009568,0.365
0.464008233874,0.540040420155,-0.124042730328,-1.36783488207,0.0787804762496,1.89840451958,0.157707268842,-0.00901489971237,-0.0475577311003,-0.00211878827253,-0.0607702827559,-0.00684019172926,0.0218939357411,-0.0115626621137,0.574003058257,0.81883902646,0.00197097923125,0.0,0.818796100661,-0.573944324125,-0.011899800346,0.0,-0.00861295441374,0.00844451448337,-0.999927250949,0.0,0.660306739144,0.259007486517,0.303353374027,1.0,-0.00762,-0.0100148571429,0.382
0.463922340099,0.539349316981,-0.124050430916,-1.36892053421,0.0787144945238,1.89882536047,0.157575639796,-0.0108730827025,-0.0471922421707,-0.000334748477679,-0.0693765283087,-0.0042575377848,0.0256016182042,-0.00430977831416,0.57401354661,0.818831628487,0.00198982355203,0.0,0.818789004732,-0.573954789425,-0.0118832792787,0.0,-0.00858850152106,0.0084505716296,-0.999927410106,0.0,0.660185550506,0.258844394484,0.30336168558,1.0,-0.00794,-0.0104354285714,0.398
0.463803841278,0.53848679984,-0.124050940863,-1.37024811951,0.0786389380518,1.89932942999,0.157410769474,-0.00739330215041,-0.0548740321272,-0.00117909833354,-0.0737303801567,-0.00632841530754,0.0264534952287,-0.00982172594584,0.574029104424,0.818820636486,0.00202470732521,0.0,0.818778431477,-0.573970168269,-0.011868992615,0.0,-0.00855661922473,0.00847109698399,-0.999927509764,0.0,0.660036589412,0.2586415928,0.303382792652,1.0,-0.00832,-0.0109348571429,0.417
0.463706571635,0.537802396723,-0.124057070236,-1.37132988286,0.0785787156136,1.89974702723,0.157281689759,-0.00487011472035,-0.0416397626611,-0.00106903647617,-0.0750035034283,-0.00494016003853,0.0296149989118,-0.00976929055169,0.574051039967,0.818805215845,0.00204179294872,0.0,0.818763229246,-0.573992028038,-0.0118605684593,0.0,-0.00853968685734,0.00848047992234,-0.999927574982,0.0,0.659917280951,0.2584730069,0.303387662378,1.0,-0.00862,-0.0113291428571,0.432
0.463598006313,0.53697771533,-0.124060982619,-1.37260945628,0.0785074320829,1.90022563714,0.157120984827,-0.00732328285879,-0.0452117517958,-0.00295765354165,-0.0762555705957,-0.0042100440934,0.0357972869803,-0.0146955570064,0.574062509231,0.818797119658,0.00206379166325,0.0,0.818755377323,-0.574003365483,-0.0118539199861,0.0,-0.00852149624609,0.00849479512452,-0.999927608659,0.0,0.659770787076,0.258278980593,0.303402520348,1.0,-0.00896,-0.011776,0.449
0.463487506044,0.536066017486,-0.124060948257,-1.37400125523,0.0784182142001,1.90074703884,0.156955488183,-0.00684091878486,-0.0540585865488,7.60852929953e-05,-0.0800824063817,-0.00394707786648,0.0314767256219,-0.00663805758991,0.574070068749,0.818791738292,0.00209579881425,0.0,0.818750452721,-0.574010836507,-0.0118322712309,0.0,-0.00848531806728,0.00850865280492,-0.999927798496,0.0,0.659609379307,0.258073813359,0.303428777694,1.0,-0.00932,-0.0122491428571,0.467
0.463367883349,0.535178174257,-0.124062121462,-1.37542155652,0.0783466335485,1.90125443602,0.156786359937,-0.00604956290935,-0.0543034313643,0.00391933981894,-0.0863012858719,-0.00377872496366,0.0367527491796,-0.00675555627891,0.574089075695,0.818778448124,0.00208157545136,0.0,0.818736812775,-0.574029733014,-0.0118593390735,0.0,-0.00851544899057,0.00851274335434,-0.999927507537,0.0,0.659439231989,0.257860144932,0.30342332379,1.0,-0.00966,-0.012696,0.484
0.463263087656,0.534393055509,-0.124064045257,-1.37670133986,0.0782709888192,1.90172836725,0.156622156433,-0.00618436011795,-0.057412156779,0.000478308217037,-0.0930040356416,-0.00476911259954,0.0384902218258,-0.0115366416653,0.574091705508,0.818776651234,0.00206299852869,0.0,0.818734749389,-0.574032412683,-0.0118720778881,0.0,-0.00853651650801,0.00850487377125,-0.999927394868,0.0,0.659288609133,0.257668239073,0.303409227884,1.0,-0.00996,-0.0130902857143,0.499
0.463132320814,0.533473449476,-0.124069483714,-1.37817518377,0.0781892474497,1.90226422905,0.156448109561,-0.00975010385264,-0.0557623245522,-0.000514071120045,-0.0859401535686,-0.00314233202143,0.0340785866527,-0.0179320986441,0.574118801404,0.818757686759,0.0020491825797,0.0,0.818715533199,-0.57405948977,-0.0118880109536,0.0,-0.00855721239526,0.00850299191707,-0.999927233975,0.0,0.65911625171,0.25743913487,0.303402955611,1.0,-0.0103,-0.0135371428571,0.516
0.462981137296,0.532415540218,-0.124073012426,-1.37988495737,0.0780949761374,1.90291176308,0.156228668453,-0.007697298062,-0.0561645339422,0.00262154127397,-0.0970169118866,-0.00946577052341,0.0318909341044,-0.00739200494028,0.57413365978,0.818747272007,0.00204748389786,0.0,0.818705026256,-0.574074283622,-0.0118972168671,0.0,-0.00856557091632,0.0085070418064,-0.999927127962,0.0,0.658919963509,0.257177059226,0.3033913305,1.0,-0.01068,-0.0140365714286,0.535
0.462868611145,0.531614983886,-0.124070882704,-1.38117479175,0.0780094756373,1.90338100021,0.156062032218,-0.00896980801612,-0.0500835298159,0.000619273710878,-0.0867811211069,0.000269061651904,0.0339554499271,-0.0125869571596,0.574135163333,0.81874627094,0.00202606681351,0.0,0.818703772183,-0.574075900316,-0.0119055025363,0.0,-0.00858463495606,0.00849427972739,-0.999927072968,0.0,0.658767072039,0.256979581523,0.303382288739,1.0,-0.01096,-0.0144045714286,0.549
0.46271500954,0.530485079508,-0.124065875688,-1.38300570955,0.0779091031791,1.90402311391,0.155822568388,-0.00813661636503,-0.0504958664627,9.15818366752e-05,-0.0980028496421,-0.00542561320758,0.0339188353792,-0.00699624858777,0.574133834192,0.81874730905,0.00198274056923,0.0,0.818704046208,-0.574074554188,-0.0119514792691,0.0,-0.00864716706715,0.00848518970984,-0.999926611336,0.0,0.658541397949,0.256706165038,0.303362538897,1.0,-0.01134,-0.014904,0.568
0.46257323832,0.529436920904,-0.124073742528,-1.3846505081,0.0777916496866,1.90462335278,0.155596925199,-0.0050459142178,-0.0661044062528,-0.000439844537385,-0.0916521189911,-0.0102307592173,0.0323299483621,-0.0241798500607,0.574128307833,0.818751205524,0.00197395544909,0.0,0.818707993397,-0.57406922723,-0.0119369508946,0.0,-0.00864037220993,0.00846959758858,-0.999926802263,0.0,0.658349011219,0.256448519375,0.303370238438,1.0,-0.01168,-0.0153508571429,0.585
0.462454622887,0.528536426889,-0.124068790802,-1.38605251981,0.077710364454,1.90516470362,0.155416849506,-0.00796561640419,-0.0677168245852,0.00207307278742,-0.101721929602,-0.0029882679252,0.0303385146631,-0.0141266864679,0.57413372192,0.818747285778,0.00202442276486,0.0,0.818704706906,-0.574074407766,-0.0119131918132,0.0,-0.00859188958273,0.00849733320203,-0.999926984715,0.0,0.658176489473,0.256226001315,0.303396291915,1.0,-0.01198,-0.0157451428571,0.6
0.46230224093,0.527356101516,-0.124076928459,-1.38786778873,0.0775922430272,1.90586740096,0.155158094862,-0.00370619219589,-0.0674387202107,-0.000218306072178,-0.103844119904,-0.00497711343726,0.0362154173652,-0.0161196562762,0.574113926335,0.818761078179,0.00205993892764,0.0,0.818719070757,-0.574054577674,-0.0118815795253,0.0,-0.008545822025,0.00850805536341,-0.999927288316,0.0,0.657980051054,0.255965883601,0.303411826529,1.0,-0.01232,-0.016192,0.617
0.462137753803,0.526048933119,-0.124079416266,-1.38988367351,0.0774785777362,1.9066227635,0.154893310098,-0.00621835320863,-0.0663093130917,-0.000637352051104,-0.107926941918,0.00020470273861,0.0375509949576,-0.0159014814027,0.574111781689,0.818762471705,0.00210331979271,0.0,0.818720949259,-0.574052178546,-0.0118680433437,0.0,-0.00850985703436,0.00853577982673,-0.99992735876,0.0,0.657741350026,0.255666970133,0.303437694323,1.0,-0.0127,-0.0166914285714,0.636
0.461999377474,0.525008716851,-0.124085855944,-1.39151075798,0.0773668822911,1.90720285573,0.154668588492,-0.00725127320396,-0.0733614227316,-0.00176137634659,-0.117484734949,-0.00506159263401,0.0371128218369,-0.0159392348984,0.574102905519,0.818768731009,0.00208947327699,0.0,0.818727119838,-0.574043450775,-0.0118645170623,0.0,-0.00851501106922,0.00852232623725,-0.999927429638,0.0,0.65754540189,0.255414081129,0.303445402538,1.0,-0.013,-0.0170857142857,0.651
0.461835626504,0.52377110886,-0.124091845876,-1.39351639591,0.0772353073954,1.90792416345,0.154387166193,-0.00281254186061,-0.0686413726537,0.000694263822293,-0.11345306658,-0.0110076373456,0.0417142075147,-0.0133799080056,0.574082918977,0.818782864084,0.00204218574759,0.0,0.818740687812,-0.574023708146,-0.0118834132211,0.0,-0.00855783684159,0.00849424865362,-0.999927302942,0.0,0.657300778354,0.255108829446,0.303423729831,1.0,-0.01336,-0.0175588571429,0.669
0.461675804951,0.52254402469,-0.124090819295,-1.39545059595,0.0771278567077,1.90866469913,0.154132062335,-0.0120365960044,-0.0703101020528,0.00141211310636,-0.116532566785,-0.0042205204121,0.0408053591775,-0.0157475036576,0.574079053973,0.818785492594,0.00207456216038,0.0,0.818743645502,-0.574019620467,-0.0118770859193,0.0,-0.00853411056919,0.00851708481482,-0.99992731147,0.0,0.657071951937,0.254823777475,0.303429775621,1.0,-0.0137,-0.0180057142857,0.686
0.461544908935,0.521530959229,-0.124096448892,-1.3970709487,0.0770224523656,1.9093024236,0.15391851848,-0.0132427657994,-0.0723209104696,-0.00427015249056,-0.121876430588,-0.00605094157629,0.0466083190847,-0.0137684382841,0.574077600368,0.818786467785,0.00209184813169,0.0,0.818744931976,-0.574018183719,-0.0118578254864,0.0,-0.00850843199416,0.00852016609671,-0.99992750405,0.0,0.656870917439,0.254560082028,0.303422469144,1.0,-0.014,-0.0184,0.701
0.461375623309,0.520250820212,-0.124099000834,-1.39909882858,0.0768999290038,1.91005444665,0.153642894571,-0.00810548339858,-0.0761812107167,-0.000520220279288,-0.116189687489,-0.00671925212003,0.0452962823747,-0.0167431636051,0.574061072745,0.818798043059,0.00209674585518,0.0,0.818756613031,-0.574001680658,-0.0118501528342,0.0,-0.00849950994774,0.00851960001169,-0.999927584751,0.0,0.6566265647,0.25425819156,0.303426492301,1.0,-0.01434,-0.0188468571429,0.718
0.461205578875,0.518920508408,-0.124105007422,-1.4011766315,0.0767646035013,1.91078688014,0.153370478394,-0.0090370572095,-0.0820311456006,-0.00124342055358,-0.128673848762,-0.0107603245545,0.0414492014874,-0.0122727045722,0.574057710332,0.818800450697,0.00207702878724,0.0,0.818758745287,-0.573998378913,-0.0118627536213,0.0,-0.00852118091396,0.00851065452233,-0.999927476488,0.0,0.6563821116,0.253959967183,0.303433647148,1.0,-0.01466,-0.0192674285714,0.734
0.461035676988,0.51756974009,-0.124105934278,-1.40328636799,0.0766183998464,1.91154976879,0.1530814653,-0.00965009696936,-0.0759803562836,0.000714447748998,-0.119982785298,-0.012095843504,0.0487152479743,-0.0203290621568,0.574032954004,0.818817822564,0.00207076578982,0.0,0.818776137416,-0.573973752403,-0.0118539129285,0.0,-0.00851779395621,0.00850019392482,-0.999927594323,0.0,0.656121966831,0.253643460467,0.30344351059,1.0,-0.015,-0.0197142857143,0.751
0.460846247958,0.516220909694,-0.124108166602,-1.40543533071,0.0764891386488,1.91234686954,0.152776236505,-0.00706104945545,-0.0834870187011,0.000262722268764,-0.130814628901,-0.000633428117771,0.0491231183629,-0.0184092741717,0.574018498763,0.818827964405,0.00206753150102,0.0,0.818786194414,-0.573959269293,-0.0118605198478,0.0,-0.00852521059095,0.00850118772136,-0.999927522669,0.0,0.655862856924,0.253313765502,0.303436010461,1.0,-0.01534,-0.0201611428571,0.768
0.460658949368,0.514855862985,-0.124109611302,-1.40763323432,0.0763578495284,1.91317712225,0.15248028332,-0.0131158130326,-0.0785354099987,0.00132756570412,-0.132957253168,-0.00629707572206,0.0532459732131,-0.0221530116789,0.574011169847,0.818833110633,0.002064152048,0.0,0.818791259734,-0.573951918092,-0.0118665750634,0.0,-0.00853218481555,0.00850181997627,-0.999927457808,0.0,0.655597759127,0.252982297611,0.303419046764,1.0,-0.01568,-0.020608,0.785
0.460465255544,0.513448252224,-0.124114991099,-1.40989547425,0.0762303949213,1.91394901391,0.152172070048,-0.00912467844865,-0.0832702694072,0.00080938779403,-0.131473613189,-0.00445587521402,0.0428076724127,-0.0121909442929,0.574005417196,0.81883730305,0.00199976585805,0.0,0.818794405998,-0.573946223664,-0.0119247620111,0.0,-0.00861684780326,0.00848243840424,-0.999926896414,0.0,0.655308257113,0.252634068274,0.303395931858,1.0,-0.01602,-0.0210548571429,0.802
0.460272425158,0.5120210576,-0.12412698892,-1.41219755043,0.0760882449779,1.91476322197,0.151852456518,-0.00756734577433,-0.0893733055535,-0.00297703970602,-0.139297104411,-0.00935600294753,0.0461690841903,-0.0167164639564,0.573992170737,0.818846721588,0.00194457667881,0.0,0.818803074122,-0.573933178806,-0.0119573816085,0.0,-0.00867537268199,0.00845583158921,-0.999926615718,0.0,0.65501942208,0.25227863072,0.303370997517,1.0,-0.01636,-0.0215017142857,0.819
0.460065854567,0.510585431001,-0.124125656487,-1.41451379051,0.0759470362087,1.91565111386,0.151527049282,-0.01472414446,-0.0854433662647,0.000397380516866,-0.139147545334,-0.00360068990863,0.0496256893184,-0.0127491805997,0.573977030958,0.818857325027,0.0019483538877,0.0,0.818813711476,-0.573918010053,-0.0119570287702,0.0,-0.00867307219147,0.00845856160419,-0.999926612584,0.0,0.654741645964,0.251925545187,0.303350745412,1.0,-0.0167,-0.0219485714286,0.836
0.459871881017,0.509095996941,-0.124133470418,-1.41687170827,0.0757996435358,1.91651728047,0.151197266896,-0.00711195375601,-0.0839845482334,-0.000345374415095,-0.144816625444,-0.00626103042551,0.0517553236936,-0.0196825114425,0.573954280874,0.81887328565,0.00194227064981,0.0,0.818829601321,-0.573895296712,-0.0119590682675,0.0,-0.00867846862204,0.00845450990474,-0.999926600029,0.0,0.65444927647,0.251568783515,0.303346194762,1.0,-0.01704,-0.0223954285714,0.853
0.459669132727,0.507669221356,-0.124137383217,-1.41909551159,0.0756525507826,1.91730907059,0.150865002418,-0.0125802044311,-0.0882673298244,-8.35601948628e-05,-0.143234239895,-0.00642120922254,0.0532846868836,-0.0244919530437,0.57392631228,0.818892911852,0.00193232820521,0.0,0.818849126661,-0.573867401502,-0.0119607759386,0.0,-0.00868586170017,0.00844705192164,-0.999926598866,0.0,0.654172847053,0.251218778874,0.303354528504,1.0,-0.01736,-0.022816,0.869
0.459470613182,0.506192756334,-0.124143598198,-1.42138194417,0.0755046450558,1.91816447435,0.150562698409,-0.00841711423424,-0.0946139139505,-0.000391755554894,-0.147458504905,-0.0150693140441,0.0517781000614,-0.0210175611494,0.573925600486,0.818893328056,0.00196704655545,0.0,0.818850051531,-0.57386659883,-0.0119359438498,0.0,-0.00864560892094,0.00846122281944,-0.9999268279,0.0,0.653877130008,0.250842886373,0.303371985917,1.0,-0.0177,-0.0232628571429,0.886
0.45922630972,0.504468704521,-0.124151878682,-1.4239985301,0.0753455893234,1.9191800925,0.150189635215,-0.0104290498101,-0.0965738463389,0.000488251679631,-0.147703400263,-0.00587257742241,0.054021645882,-0.019389636194,0.573916654384,0.818899351414,0.00206711797691,0.0,0.818857444701,-0.573857308216,-0.011875266969,0.0,-0.00853858205493,0.00850825224344,-0.999927348491,0.0,0.653586197066,0.250458477771,0.303420532061,1.0,-0.01804,-0.0237097142857,0.903
0.459013630218,0.502890559318,-0.124153396879,-1.42633229824,0.0751961938769,1.92006976273,0.149872788124,-0.0144534642181,-0.0981223054723,0.000457925915541,-0.1442442249,-0.0104112403394,0.0541938076774,-0.0200901994235,0.573911871504,0.818902415956,0.00217802439441,0.0,0.818862018658,-0.57385215199,-0.0118088507632,0.0,-0.00842059455635,0.00856090591807,-0.999927899639,0.0,0.653306191484,0.250098750742,0.303488997508,1.0,-0.01836,-0.0241302857143,0.919
0.458780289804,0.501178134576,-0.124167814148,-1.42888857845,0.0750262720638,1.92096921618,0.149521994622,-0.0141540697265,-0.106257380413,-0.00125481167566,-0.150196741966,-0.0169378406791,0.0543238443222,-0.0232067183489,0.573910296393,0.81890341092,0.00221859852578,0.0,0.818863616675,-0.573850497007,-0.0117784239654,0.0,-0.00837240888867,0.00857665352896,-0.999928169312,0.0,0.652986246229,0.249690931948,0.303545928917,1.0,-0.0187,-0.0245771428571,0.936
0.458537127863,0.499467991881,-0.124163224,-1.43148495074,0.0748640585803,1.92190066489,0.14916788035,-0.0157810656108,-0.100167092056,-0.000191276258071,-0.15287599326,-0.00872046896772,0.0543525268,-0.0185321883961,0.573904368736,0.818907455043,0.00225887617552,0.0,0.818868101511,-0.573844330887,-0.0117670360826,0.0,-0.00834003085579,0.00860304069549,-0.999928213211,0.0,0.652659575115,0.24928651926,0.303583756977,1.0,-0.01904,-0.025024,0.953
0.458284684229,0.497802543506,-0.124166629763,-1.43413074297,0.0747109463608,1.92288243724,0.148772819185,-0.0191421814005,-0.100898199656,-0.00143528837518,-0.158178222482,-0.00780471153271,0.0443424663358,-0.0291972174606,0.573883294849,0.818922210095,0.00226375968999,0.0,0.818882796474,-0.573823113495,-0.0117790899222,0.0,-0.00834732143032,0.00861374264163,-0.999928060244,0.0,0.652332293628,0.24886984463,0.303571022712,1.0,-0.01938,-0.0254708571429,0.97
0.458039386287,0.49622653953,-0.124168847895,-1.43664118629,0.0745433329541,1.92377387198,0.148392677668,-0.0182856483654,-0.0987088138427,-0.00202285958346,-0.159680736593,-0.0149399112807,0.0514602835867,-0.0219203918045,0.573855815593,0.818941584906,0.00222043301252,0.0,0.818901620273,-0.573795816939,-0.0118001559023,0.0,-0.00838972473062,0.00859006966657,-0.999927909012,0.0,0.652014864825,0.248465194906,0.303551848895,1.0,-0.0197,-0.0258914285714,0.986
0.457766386691,0.494560624427,-0.124171712937,-1.43938360445,0.0743692618982,1.92471584592,0.148013662117,-0.0171593657951,-0.0970963282599,-0.00179802348215,-0.158952660634,-0.00978328884372,0.0582548275989,-0.0188258007618,0.573861873202,0.818937649448,0.00210326010694,0.0,0.818896041628,-0.573802216414,-0.0118758724294,0.0,-0.00851890775679,0.0085376261501,-0.99992726593,0.0,0.651659854139,0.248018365837,0.303488844874,1.0,-0.02138,-0.0280994285714,1.003
0.457468298335,0.49233182129,-0.124229650677,-1.44275198214,0.0741748797477,1.92596103338,0.147524819119,-0.0176026888633,-0.155434202864,-0.000285171665771,-0.22579689312,-0.00530464159459,0.0869334603859,-0.0356891207714,0.573864090245,0.818935870775,0.00218915180437,0.0,0.818895463819,-0.573804176089,-0.0118209027477,0.0,-0.00842457903684,0.0085764432065,-0.999927732934,0.0,0.651246462399,0.247473351184,0.30354667404,1.0,-0.03328,-0.0437394285714,1.02
0.457067718808,0.489222645498,-0.12427636322,-1.44768976667,0.0739242662581,1.9278501391,0.146788421073,-0.0309708533192,-0.204494129806,-0.00204515611654,-0.324633235538,-0.0206718105647,0.122398704895,-0.0428533358706,0.573803150018,0.81897838944,0.00225600563017,0.0,0.818938553901,-0.57374267762,-0.0118208169362,0.0,-0.00838678837697,0.00863051814637,-0.999927585347,0.0,0.650626142507,0.246728352998,0.303524259781,1.0,-0.04518,-0.0593794285714,1.037
0.456453022386,0.485063652163,-0.124345506527,-1.45427581153,0.073541571678,1.93033214795,0.145801504499,-0.0361476158036,-0.271283404195,-0.00679426300818,-0.418844927145,-0.0245464893094,0.162862238572,-0.0640622571183,0.573771970438,0.819000118175,0.0022976662362,0.0,0.8189608196,-0.573711336157,-0.0117993909007,0.0,-0.00834566605561,0.00865202496934,-0.999927743551,0.0,0.649808878615,0.245668963385,0.303496023547,1.0,-0.05708,-0.0750194285714,1.054
0.455723811281,0.480234152346,-0.124484281344,-1.46196555675,0.0730786441586,1.93300823405,0.144618831008,-0.045320738779,-0.322746641258,-0.0118429571753,-0.513655301358,-0.0268085326868,0.177078410663,-0.0784698136001,0.573752404257,0.819014292452,0.00212468088698,0.0,0.818972772644,-0.573692483131,-0.011886099784,0.0,-0.00851613611269,0.00855989892988,-0.999927099121,0.0,0.648816477072,0.244374084085,0.303422208203,1.0,-0.06828,-0.0897394285714,1.07
0.454811090758,0.474433428985,-0.124626323605,-1.47101191547,0.0725478784753,1.93618215937,0.143322500952,-0.0579234690061,-0.387267627179,-0.00683808868903,-0.587360233645,-0.0313944361039,0.208804884245,-0.0818118296177,0.573835845526,0.8189559992,0.0020592877324,0.0,0.818913482553,-0.573776036064,-0.0119379827474,0.0,-0.00859527812282,0.00853698527564,-0.999926617846,0.0,0.647651879461,0.24283459739,0.303412152628,1.0,-0.07948,-0.104459428571,1.086
0.453610054425,0.466899232118,-0.124747874163,-1.48249850816,0.0718751869183,1.94044923819,0.141529645625,-0.0668907499549,-0.452852278056,-0.00786385214351,-0.671643246328,-0.0449756277478,0.257063013352,-0.108450628805,0.573807070401,0.818975431586,0.00233137678672,0.0,0.818936347876,-0.573746070172,-0.0118089792224,0.0,-0.00833380603735,0.0086854921859,-0.999927552327,0.0,0.646201385256,0.240907584486,0.303522667017,1.0,-0.09208,-0.121019428571,1.104
0.452241377792,0.458898295692,-0.124802073587,-1.49492384423,0.0710818671256,1.944855512,0.139592771931,-0.0819723031748,-0.496196218683,-0.00148375068311,-0.780343227679,-0.0421613880183,0.271598839527,-0.113790170283,0.573747107179,0.819017499868,0.00231058760412,0.0,0.818977856663,-0.573685894398,-0.0118537658688,0.0,-0.00838305156931,0.00869355133783,-0.999927070646,0.0,0.644563029709,0.23880180322,0.303504536062,1.0,-0.10398,-0.136659428571,1.121
0.450667868511,0.449835095389,-0.124963809524,-1.50875150879,0.0701352728547,1.94967963155,0.137416916304,-0.0975015332184,-0.566022554514,-0.00746472743531,-0.842809573157,-0.0658038442015,0.313742043115,-0.130449855758,0.573745898906,0.819018349197,0.00230956043186,0.0,0.818979194417,-0.573685211065,-0.0117942621299,0.0,-0.00833491690882,0.0086585581737,-0.999927776657,0.0,0.642733129527,0.236358454851,0.303571144974,1.0,-0.11588,-0.152299428571,1.138
0.449021102274,0.440546243215,-0.125069747567,-1.52292703168,0.0692284203488,1.95467935521,0.135237322925,-0.109775450718,-0.605672161536,-0.00966283951526,-0.927476833021,-0.0597849141408,0.316450024452,-0.144272418843,0.573775427254,0.818997400183,0.0024009319479,0.0,0.818959165697,-0.573714109109,-0.011779339188,0.0,-0.00826995885965,0.00872512858606,-0.999927737345,0.0,0.640824191542,0.233886874433,0.30362052523,1.0,-0.12708,-0.167019428571,1.154
0.44704372891,0.429746386535,-0.125187158134,-1.53912708251,0.0681559351759,1.96035681527,0.132566726746,-0.11894561611,-0.649364776432,-0.00847939168182,-0.986157901587,-0.0636698742864,0.339261591714,-0.167734370872,0.573707538425,0.819044272224,0.00262438425166,0.0,0.81900883319,-0.573645299932,-0.0116768114011,0.0,-0.00805851495608,0.00884863897307,-0.999928378398,0.0,0.638619439297,0.231006242698,0.303772863512,1.0,-0.13898,-0.182659428571,1.171
0.444809378471,0.418271592278,-0.12531139474,-1.5565049937,0.0669227994299,1.9663583896,0.129663115878,-0.141880183476,-0.689182032894,-0.00600463306184,-1.03148233617,-0.0740490983839,0.361690991684,-0.16674174066,0.573645977307,0.819087283069,0.00265750547347,0.0,0.819052549564,-0.573583935276,-0.0116248504212,0.0,-0.00799761867905,0.00884535561496,-0.999928896362,0.0,0.636210800204,0.227836414748,0.30382268763,1.0,-0.15088,-0.198299428571,1.188
0.442337827071,0.405924255288,-0.125448366541,-1.57500120585,0.0656373436772,1.97285691937,0.126597419027,-0.149790562955,-0.732762360487,-0.00117779775216,-1.1253106771,-0.0744363721842,0.374728151912,-0.187413255353,0.573664506072,0.819073422784,0.00291709848754,0.0,0.819042251425,-0.573601838675,-0.0114659474044,0.0,-0.00771834833204,0.00896700660992,-0.999930007496,0.0,0.633633851866,0.224427036326,0.303939943555,1.0,-0.16278,-0.213939428571,1.205
0.439734770189,0.393545544888,-0.125587527965,-1.59339640635,0.0643901993374,1.97913589495,0.123454823202,-0.166318837445,-0.782177175561,-0.00467673451632,-1.16254115906,-0.0841176791688,0.399907797328,-0.201843456543,0.573710288694,0.819040532055,0.00313980868492,0.0,0.819011844988,-0.573646474197,-0.0114047057398,0.0,-0.00753992124218,0.00911471301288,-0.99993003335,0.0,0.631006331004,0.2209529067,0.304069101805,1.0,-0.17398,-0.228659428571,1.221
0.436531587509,0.378956536218,-0.125751817616,-1.61531229096,0.0627009293678,1.98644102509,0.119574045872,-0.184464938239,-0.861072134322,-0.00903258473168,-1.23447162867,-0.0933194161649,0.429856969773,-0.217955250963,0.573633118592,0.819095010502,0.00302587615056,0.0,0.819065412031,-0.57357032117,-0.0113879054143,0.0,-0.00759236992608,0.00901104368355,-0.999930576095,0.0,0.627786916054,0.216729669252,0.304052506071,1.0,-0.18658,-0.245219428571,1.239
0.433370581583,0.365357970011,-0.12588215542,-1.63566504055,0.0611921945271,1.99312456731,0.11595642091,-0.210107306286,-0.846518670851,-0.0125972608426,-1.27215106768,-0.0932862611165,0.420639442353,-0.231666785058,0.573670973502,0.819068840372,0.00293185833881,0.0,0.819037716918,-0.573608092987,-0.0114769693693,0.0,-0.00771883893323,0.00898547974941,-0.999929837878,0.0,0.624731844269,0.2127317275,0.304013187613,1.0,-0.19778,-0.259939428571,1.255
0.429660985243,0.350213142405,-0.126099256861,-1.65824051398,0.0594795623292,2.00046879118,0.11178267915,-0.23183934453,-0.896048847699,-0.0156318504268,-1.34969587968,-0.0943808025424,0.427630230906,-0.256068193627,0.573750736627,0.819013414506,0.00280463551718,0.0,0.818980534511,-0.5736881271,-0.0115569813551,0.0,-0.0078564879257,0.00892794035114,-0.999929281239,0.0,0.621300068507,0.208148050583,0.303950622625,1.0,-0.20968,-0.275579428571,1.272
0.425373147702,0.333326540303,-0.126300048337,-1.68291233552,0.0575678810839,2.00848061718,0.107076319874,-0.24500943147,-0.932988923258,-0.0107470096482,-1.40930844872,-0.108097022328,0.444549173483,-0.261552607693,0.573821003351,0.818963699305,0.00294316735674,0.0,0.818932595171,-0.573757920387,-0.0114891366635,0.0,-0.00772066892865,0.00900313694768,-0.999929664925,0.0,0.617488848212,0.203052152369,0.304030098839,1.0,-0.22228,-0.292139428571,1.29
0.421613926391,0.318676014023,-0.126416691782,-1.70407086639,0.0558488363171,2.0152215138,0.102915343349,-0.26425641217,-0.986097369745,-0.0135181512533,-1.43916347054,-0.121470872063,0.44380166454,-0.272312603435,0.5737340398,0.819024112745,0.00308240468648,0.0,0.818994916135,-0.573670670804,-0.0114033199624,0.0,-0.00757145462431,0.00906712116703,-0.99993022776,0.0,0.614116272486,0.198682647812,0.304135041445,1.0,-0.23278,-0.305939428571,1.305
0.416749243678,0.300564337608,-0.126573411479,-1.73024986438,0.0536614495853,2.02343966518,0.0975218901303,-0.277129171059,-1.0164467368,-0.00672771365827,-1.4783773168,-0.121867456605,0.443362492501,-0.305494396417,0.573535442487,0.819163025312,0.00312747083432,0.0,0.819134565782,-0.573472153982,-0.0113577572484,0.0,-0.00751048195253,0.00907607053547,-0.999930606395,0.0,0.609848812141,0.193171224956,0.304167145043,1.0,-0.24538,-0.322499428571,1.323
0.411988393649,0.283849890488,-0.126740139833,-1.75413366897,0.0517187896115,2.03076815973,0.092567825589,-0.306073378342,-1.0466681719,-0.010337731629,-1.49145551176,-0.115972146558,0.442633539731,-0.317703594262,0.573576778211,0.819133636174,0.00324229642229,0.0,0.819106079925,-0.573512448021,-0.011377552287,0.0,-0.00746038205272,0.0091818612764,-0.999930015613,0.0,0.605877051966,0.187984419464,0.304227135968,1.0,-0.25658,-0.337219428571,1.339
0.406521559511,0.265518269847,-0.126948181779,-1.78015720857,0.0494714901179,2.03856646021,0.0868884305813,-0.32466884644,-1.08759057653,-0.0113211030409,-1.54077591358,-0.135825043245,0.438624441338,-0.335850537416,0.573536073963,0.819162034486,0.00326803008973,0.0,0.819134671347,-0.573471503608,-0.0113829542568,0.0,-0.00745050528337,0.0092056688857,-0.999929870357,0.0,0.601451688214,0.182182193675,0.30426642825,1.0,-0.26848,-0.352859428571,1.356
0.400549864796,0.246694204347,-0.127212046993,-1.8067674601,0.0470828060363,2.04642119193,0.0809499872359,-0.354675476751,-1.10486883472,-0.0125802962241,-1.54590748135,-0.142206609819,0.447230238387,-0.355654083069,0.57364447526,0.819086267386,0.00323256634156,0.0,0.819058622813,-0.573580210082,-0.0113781325016,0.0,-0.0074656797367,0.00917484082829,-0.999930040514,0.0,0.596848952922,0.176044071743,0.30425212962,1.0,-0.28038,-0.368499428571,1.373
0.394595432749,0.228390098071,-0.127389449804,-1.83229133216,0.0448163022339,2.05377398362,0.0749641695484,-0.37191767203,-1.15869724735,-0.00319740200982,-1.61679210965,-0.135049736541,0.446010289723,-0.386422324146,0.573585646998,0.81912712647,0.00331709818034,0.0,0.819099971008,-0.573520400213,-0.0114164326671,0.0,-0.00744922962993,0.00926551533097,-0.999929327104,0.0,0.592297937334,0.170137345296,0.304282855962,1.0,-0.29158,-0.383219428571,1.389
0.3878332385,0.208393349856,-0.127617918407,-1.85986290757,0.0421924652465,2.06147021178,0.0682556905943,-0.411689101716,-1.18769058382,-0.0110686427926,-1.60645335555,-0.148707001018,0.440757115673,-0.397768159571,0.573488096322,0.819195376479,0.00332947944196,0.0,0.819168451479,-0.57342291447,-0.0113998316995,0.0,-0.00742963265903,0.00926525068323,-0.999929475357,0.0,0.587260514091,0.163593732387,0.304326838775,1.0,-0.30348,-0.398859428571,1.406
0.380497017501,0.187888938489,-0.127902544947,-1.88791591958,0.0394978326882,2.06901820948,0.0611322053074,-0.43731742865,-1.22315108186,-0.0249573077742,-1.64341314726,-0.151902190073,0.431143007745,-0.417966103395,0.573477391443,0.819203111571,0.00326961715608,0.0,0.819174975123,-0.573411845687,-0.0114874827727,0.0,-0.00753588951261,0.00926637861375,-0.999928669754,0.0,0.582007693961,0.156725178505,0.304327960406,1.0,-0.31538,-0.414499428571,1.423
