position_joint1,position_joint2,position_joint3,position_joint4,position_joint5,position_joint6,position_joint7,velocity_joint1,velocity_joint2,velocity_joint3,velocity_joint4,velocity_joint5,velocity_joint6,velocity_joint7,ee_T_00,ee_T_10,ee_T_20,ee_T_30,ee_T_01,ee_T_11,ee_T_21,ee_T_31,ee_T_02,ee_T_12,ee_T_22,ee_T_32,ee_T_03,ee_T_13,ee_T_23,ee_T_33,v_x,v_y,time
0.465066952931,0.547770623282,-0.1240002351,-1.35585045586,0.0795053115803,1.89411135376,0.159151907583,-0.000788920418473,0.000930083744745,-0.000276371579571,-0.000547500589471,-0.000231958280235,0.000115001326377,-0.00138175389391,0.573815902676,0.81897024488,0.0019480091538,0.0,0.8189270767,-0.573757341984,-0.0119038846345,0.0,-0.00863140894129,0.00842607797673,-0.999927247348,0.0,0.661679660394,0.260878903533,0.30321489082,1.0,0.0,0.0,0.0
0.465067032387,0.547767918586,-0.124000945388,-1.35584521528,0.0795025896126,1.89411453283,0.159154247318,-0.000124246715081,2.52779674812e-07,4.10346405522e-05,0.000467501721568,-0.000233163720261,2.93527720516e-05,-0.000967977020718,0.57381726018,0.818969275706,0.00195557414549,0.0,0.818926244831,-0.573758705926,-0.0118953688983,0.0,-0.0086200799231,0.0084274012351,-0.999927333925,0.0,0.661681864267,0.260878979728,0.303219595679,1.0,-0.0001,-0.000131428571429,0.006
0.46506697941,0.547764819254,-0.12400307629,-1.35584787988,0.0795037911521,1.89411489878,0.159160413138,-0.000332656357463,-0.000481475633257,-0.00188314704155,-0.000726436034671,0.000309576219576,-0.000145914545374,0.000403563387715,0.573824302683,0.818964339141,0.00195646788429,0.0,0.818921318231,-0.573765742242,-0.0118951451507,0.0,-0.00861931138799,0.00842807889693,-0.999927334839,0.0,0.661681844281,0.260877655656,0.303220627623,1.0,-0.00028,-0.000368,0.015
0.465066929014,0.547755834869,-0.124003427014,-1.35584897495,0.0795028248867,1.89411408534,0.159152580129,-0.0016573108308,-7.81821904547e-05,-0.00013692648818,-0.00149631176244,-6.21738170076e-06,-0.000328803394398,-0.00133739179652,0.573817956692,0.818968771629,0.00196228824328,0.0,0.81892583456,-0.573759380903,-0.0118910562097,0.0,-0.00861268823079,0.0084304324264,-0.999927372068,0.0,0.661681817767,0.260877197064,0.303226410177,1.0,-0.00066,-0.000867428571429,0.034
0.465065211037,0.547718689678,-0.124005937048,-1.35587938047,0.0795021157169,1.894119205,0.159159514543,-0.000250766853382,-0.00685593002285,-0.00132006191518,-0.00375229920437,0.00129018092557,0.00267153851552,0.000770785575115,0.573828238417,0.818961541804,0.00197300320271,0.0,0.818918740306,-0.573769613433,-0.0118858898485,0.0,-0.0086022030102,0.00843635095708,-0.999927412408,0.0,0.661677917027,0.260871721703,0.3032387789,1.0,-0.001,-0.00131428571429,0.051
0.465065419405,0.547604818493,-0.124000937464,-1.35602311687,0.0795036719223,1.89414935283,0.159155363235,-0.000109092042035,-0.0069966079689,-0.000628404807639,-0.00935408719,0.000225910389975,0.000835735849016,-0.00411307600885,0.573829442798,0.818960677501,0.00198146073,0.0,0.818917837176,-0.573770636719,-0.0118987098149,0.0,-0.00860783719428,0.00845064625971,-0.999927243212,0.0,0.661652697218,0.260861486465,0.303253488245,1.0,-0.00136,-0.00178742857143,0.069
0.46505878781,0.547463079729,-0.124004010833,-1.35621312565,0.0794957989793,1.89419787948,0.1591549172,0.00075856240863,-0.0143679477901,0.000253136037826,-0.018157487595,-0.000199625986347,0.00395621811228,0.00106476656439,0.573845028332,0.818949750663,0.00198399801735,0.0,0.818906898677,-0.573786165986,-0.0119026855694,0.0,-0.00860947652268,0.00845516938938,-0.999927190862,0.0,0.661625433149,0.260836646158,0.303267757295,1.0,-0.00168,-0.002208,0.085
0.4650393296,0.547299826378,-0.124000304876,-1.35642279899,0.0794936531188,1.89430646199,0.159145667771,-0.00106333988257,-0.0110980361565,0.00190326566417,-0.0123940239698,1.18490773391e-05,0.0120655243418,-0.00224672205816,0.573862139697,0.818937615556,0.00204287817582,0.0,0.818895459825,-0.573802964696,-0.0118798352428,0.0,-0.00855679913804,0.0084904548024,-0.999927344043,0.0,0.661607674407,0.260810209861,0.303292904559,1.0,-0.00202,-0.00265485714286,0.102
0.465022243417,0.547097440922,-0.123998151469,-1.35664691578,0.0794929313985,1.89443363931,0.159130017478,-0.00204815551969,-0.0139785816124,0.000401012772358,-0.0129427056385,0.000372545068028,0.00769112987476,-0.000640518768744,0.573874367363,0.818928799356,0.00213985316998,0.0,0.818887843366,-0.573814739519,-0.0118360296585,0.0,-0.00846514924836,0.00854485829483,-0.999927660706,0.0,0.661590999698,0.260784744244,0.303340558244,1.0,-0.00236,-0.00310171428571,0.119
0.464996507099,0.546903763044,-0.123996216821,-1.35691895435,0.079488095672,1.89455914423,0.159107822468,2.34514983955e-05,-0.0138893718498,0.00153699375871,-0.0184110561098,-0.0030130812473,0.0104941270319,-0.00341705291939,0.573889999214,0.81891772275,0.00218610806535,0.0,0.818877290063,-0.573830107873,-0.0118210836506,0.0,-0.00842620250713,0.00857432101754,-0.999927737454,0.0,0.661565288671,0.260746834782,0.30335908127,1.0,-0.00268,-0.00352228571429,0.135
0.464962154354,0.546649884548,-0.123998510227,-1.35729195899,0.079480124864,1.89469202533,0.159076524723,-0.00122577821021,-0.0135900926053,0.000788378694024,-0.0197324959794,-0.0001075462591,0.00843338772375,-0.000824435915627,0.573912807515,0.818901686332,0.00220553716671,0.0,0.818861382214,-0.573852710764,-0.0118258179149,0.0,-0.00841869083681,0.00859318301894,-0.999927638807,0.0,0.661522847508,0.260689570145,0.303372946287,1.0,-0.00302,-0.00396914285714,0.152
0.464920879145,0.546370962707,-0.124001317603,-1.35771085546,0.079471090079,1.89484937942,0.15894634317,-0.00525930076908,-0.0201671751921,2.74944899616e-05,-0.0305681985117,-0.000214296395148,0.0175468849591,-0.00244976147927,0.573863008902,0.818936519637,0.00222951133345,0.0,0.818896391906,-0.57380268608,-0.0118289336741,0.0,-0.00840800806255,0.00861409210499,-0.999927548784,0.0,0.661477373217,0.260623800587,0.303384828746,1.0,-0.00336,-0.004416,0.169
0.46487698783,0.546079022413,-0.123995384856,-1.35819992294,0.0794553482602,1.8950172648,0.158927078223,-0.00332433757536,-0.0133163911308,0.00149014809563,-0.0280985838883,-0.0015630183154,0.0132685509585,-0.0012725649796,0.573902162066,0.818909127167,0.00221285310677,0.0,0.818868610816,-0.573841724047,-0.0118583668825,0.0,-0.00844125995194,0.0086177442602,-0.99992723716,0.0,0.661417247605,0.26055282496,0.303373125676,1.0,-0.0037,-0.00486285714286,0.186
0.464823133993,0.545741018701,-0.123998839777,-1.35876422954,0.0794177408681,1.89520459216,0.158844741877,-0.004010242881,-0.0163005927964,0.000190903095878,-0.0364130671391,-0.00580521205469,0.0166307590505,-0.00752757682672,0.573902719129,0.818908833085,0.00217691808263,0.0,0.818867860386,-0.573842435396,-0.011875751241,0.0,-0.008476112808,0.00859829972537,-0.99992710972,0.0,0.661350865446,0.260459278202,0.303360163279,1.0,-0.00404,-0.00530971428571,0.203
0.46475778326,0.545385071686,-0.123998869931,-1.35940016828,0.0793136456226,1.89540915162,0.158751872757,-0.00252000342443,-0.0233179344128,9.08420317429e-05,-0.045476542927,-0.00222559402216,0.0138251769289,-0.00852507677479,0.573887956747,0.8189194405,0.00207604736651,0.0,0.818877691866,-0.573828619806,-0.0118654016326,0.0,-0.00852567681697,0.00850960381082,-0.999927447107,0.0,0.661277800682,0.260342246223,0.30332704592,1.0,-0.00438,-0.00575657142857,0.22
0.46469594281,0.545002847228,-0.124002028183,-1.36005109827,0.0793016428568,1.89562094237,0.158702496839,-0.00586457619373,-0.0219034737556,0.0014550139259,-0.038533090711,-0.00155691534749,0.017301341782,-0.00245941503291,0.57393338946,0.818887687146,0.00204137315153,0.0,0.818845211753,-0.573873914238,-0.011916234593,0.0,-0.00858673230567,0.00851085740048,-0.999926913997,0.0,0.661198000281,0.260239702381,0.303306268565,1.0,-0.0047,-0.00617714285714,0.236
0.464620460562,0.544569903186,-0.124004531375,-1.36077757671,0.0792798045605,1.8958652436,0.158586915078,-0.00849930697531,-0.0270319264284,0.000159220662039,-0.0410141775443,-2.78680237986e-05,0.019097064731,-0.00260319926243,0.573936923701,0.81888528521,0.00201101453884,0.0,0.818842181856,-0.573877344325,-0.0119591715893,0.0,-0.00863928028777,0.00851067754164,-0.999926462898,0.0,0.661112519937,0.26012083661,0.303288181449,1.0,-0.00504,-0.006624,0.253
0.464552698827,0.544108811955,-0.124003081346,-1.36155560633,0.0792450740317,1.8961477382,0.158503906332,-0.00230434709461,-0.0283755378257,0.000760433762486,-0.0478302459011,0.000522946176747,0.0159931147701,-0.00400432047944,0.573957591309,0.818870857033,0.00198740597608,0.0,0.818827309746,-0.573897974878,-0.0119874161711,0.0,-0.00867574452366,0.00850777460137,-0.999926171889,0.0,0.661021249866,0.260004127299,0.303268599138,1.0,-0.00538,-0.00707085714286,0.27
0.464482648824,0.543622534963,-0.124007730582,-1.3623404794,0.0792025592255,1.89641262892,0.158397185528,-0.00405459830089,-0.0281218499272,-0.000191854099669,-0.0508638789277,-0.00527326867516,0.0108659944132,-0.0129663116766,0.573963074858,0.8188670782,0.00196057172814,0.0,0.818823114596,-0.573903506952,-0.0120091053988,0.0,-0.00870884973161,0.00849830812856,-0.999925964607,0.0,0.660927879673,0.259879443832,0.303262187109,1.0,-0.0057,-0.00749142857143,0.286
0.464399624295,0.543084023397,-0.124009210437,-1.36319921145,0.0791555922076,1.89671549077,0.158282755577,-0.00640684719952,-0.0343498787206,0.00158802617425,-0.048860435104,-0.00887426555735,0.0182857130878,-0.000814832003741,0.573973598171,0.818859731845,0.00194809305913,0.0,0.818815538049,-0.573914016735,-0.012023433204,0.0,-0.00872763541081,0.00849642566741,-0.999925816814,0.0,0.660829230064,0.259741805689,0.303260703838,1.0,-0.00604,-0.00793828571429,0.303
0.464329290172,0.542501478091,-0.1240223622,-1.36410268947,0.0791062913034,1.89704060324,0.158177107356,-0.00442772537429,-0.0349734916232,-0.000425669223543,-0.0497368613085,-0.00461652135657,0.0221637579815,-0.00335462297025,0.57398735514,0.818850101334,0.00194282907837,0.0,0.818805803835,-0.573927760564,-0.0120303017998,0.0,-0.00873613850345,0.00849620441508,-0.99992574444,0.0,0.660715771824,0.259598845685,0.303263898995,1.0,-0.0064,-0.00841142857143,0.321
0.46425012583,0.541906889743,-0.124020154012,-1.3650368451,0.0790501342929,1.89738937419,0.158037481914,-0.00537659040574,-0.0375506107844,-0.000590024115494,-0.0484860471048,-0.00321690016342,0.0223716308098,-0.00415216812967,0.573976821063,0.818857445704,0.00195943855112,0.0,0.818813378938,-0.573917170068,-0.0120199531676,0.0,-0.00871824057323,0.00850375273289,-0.999925836485,0.0,0.660618236369,0.259462677067,0.303277296071,1.0,-0.00672,-0.008832,0.337
0.464171316307,0.5412513821,-0.124020517043,-1.36603336097,0.0789864537656,1.89775834692,0.157904856423,-0.00659112449615,-0.0395160963074,-0.000329395981225,-0.059804514142,-0.00253452123237,0.0317795622661,-0.0123024643217,0.573971283716,0.818861274333,0.00198135503178,0.0,0.818817520169,-0.573911565867,-0.0120054208254,0.0,-0.00869381901012,0.00851329892379,-0.999925967886,0.0,0.660503232789,0.259315462874,0.303298409786,1.0,-0.00706,-0.00927885714286,0.354
0.464081801092,0.540550232941,-0.124023322592,-1.36710549234,0.0789301116113,1.8981384379,0.157767843537,-0.00238262459793,-0.0472654615095,-0.00133570930524,-0.0674038977019,-0.00368914219973,0.0198429083247,-0.0127420251908,0.573978607323,0.81885611083,0.00199373844884,0.0,0.818812423535,-0.57391874305,-0.0120099267747,0.0,-0.00869032538129,0.0085261030093,-0.99992588916,0.0,0.660376930222,0.259153333704,0.303316758296,1.0,-0.0074,-0.00972571428571,0.371
0.463985314286,0.539860388857,-0.124026488671,-1.36814136548,0.0788642655086,1.89853142994,0.157637973659,-0.00817606625644,-0.0441833001532,-0.000543378061241,-0.0641421669571,-0.00495826988174,0.0218240126934,-0.0110886563776,0.573993268835,0.818845741964,0.0020310346961,0.0,0.818802595883,-0.573933298852,-0.0119843375113,0.0,-0.00864781179534,0.00854211000651,-0.999926121125,0.0,0.66026350862,0.258989897575,0.303345375749,1.0,-0.00772,-0.0101462857143,0.387
0.463879084823,0.539100209255,-0.124026640624,-1.36931036356,0.0788090229377,1.89897243232,0.157502860122,-0.00877870379247,-0.0505191467312,0.000318186673531,-0.0695481256229,-0.00661902955075,0.0296372649251,-0.0167602707998,0.574019653002,0.818827158549,0.00206622612331,0.0,0.818784336946,-0.57395939894,-0.0119818546413,0.0,-0.00862530415014,0.00856977862469,-0.999926078779,0.0,0.660131765582,0.25881187639,0.303364312032,1.0,-0.00806,-0.0105931428571,0.404
0.463767993994,0.538328237042,-0.124029135681,-1.37049861194,0.0787344862772,1.89943414342,0.157360942272,-0.00316524025102,-0.0487764480446,0.000274219132834,-0.0702007257351,-0.00376129195592,0.0281393320745,-0.00670160089543,0.574041971716,0.818811422095,0.00210158413278,0.0,0.818769122315,-0.573981628454,-0.0119566484453,0.0,-0.00858413490534,0.00858449552269,-0.999926306817,0.0,0.660002634046,0.258625457051,0.303384125849,1.0,-0.0084,-0.01104,0.421
0.463673859632,0.537584590821,-0.124039269604,-1.37167158443,0.0786666581562,1.89988998777,0.15720096043,-0.00220960649548,-0.0545204069064,0.000305231683832,-0.0757403727706,-0.000611626301111,0.0307710429691,-0.0143459719827,0.574041878832,0.818811434785,0.00212191270968,0.0,0.81876944012,-0.573981492093,-0.0119414221163,0.0,-0.00855999915976,0.00859239909917,-0.999926445841,0.0,0.659871864987,0.258447932385,0.303390834267,1.0,-0.00872,-0.0114605714286,0.437
0.463563303215,0.536757780759,-0.12404779063,-1.37297281979,0.0785888896783,1.90036291826,0.15704876909,-0.00405341263778,-0.050545912686,-0.00169932330141,-0.0728512179645,-0.0120490422899,0.0260804243065,-0.0103364349568,0.574064564725,0.818795538624,0.00211857471151,0.0,0.818753509413,-0.574004197834,-0.0119423027141,0.0,-0.00856239825805,0.00859040868135,-0.999926442402,0.0,0.659721122376,0.258245943439,0.303396495093,1.0,-0.00906,-0.0119074285714,0.454
0.46344841798,0.535852993716,-0.124063370956,-1.37439653624,0.0785055396144,1.90089151645,0.156869822759,-0.00640556997491,-0.0508757626228,-0.000590484085842,-0.0810639145176,-0.00760177670456,0.0238367803364,-0.00881559378144,0.574079048957,0.818785370151,0.00212369401552,0.0,0.818743446763,-0.57401869852,-0.0119352014491,0.0,-0.00855349294277,0.00859067505228,-0.99992651633,0.0,0.659557847364,0.258026370916,0.303403797489,1.0,-0.00942,-0.0123805714286,0.472
0.463334776578,0.535004449931,-0.124055542638,-1.37572219196,0.0784341537756,1.90137612264,0.156720649243,-0.00405210957719,-0.058354604844,0.000728871337326,-0.0836646269904,-0.00452186960192,0.0271856814233,-0.00264528339349,0.574098059826,0.818772007719,0.0021363475462,0.0,0.818730110346,-0.574037515541,-0.0119450435678,0.0,-0.00855408835922,0.00860688410822,-0.999926371849,0.0,0.659400416174,0.257831079339,0.303413338763,1.0,-0.00974,-0.0128011428571,0.488
0.463213135,0.534113662723,-0.124069508883,-1.37720524289,0.0783530170247,1.90190295181,0.15653693744,-0.00276705710636,-0.0500113277345,-0.000236078778529,-0.0839811277733,-0.00374979602354,0.0346174537285,-0.0103244419802,0.574116567252,0.818759173928,0.00208067721184,0.0,0.818716484181,-0.574056184326,-0.0119817640206,0.0,-0.00861591947383,0.00858257920197,-0.999926049899,0.0,0.659223169327,0.257601031546,0.303381993848,1.0,-0.01008,-0.013248,0.505
0.463073523932,0.533185268373,-0.124062051405,-1.37869071819,0.078263522495,1.90245792767,0.156348160594,-0.0118751098768,-0.0552400141548,0.000879651432652,-0.0913109485398,-0.000497998492089,0.0306705376566,-0.0101234365443,0.574128389738,0.818750886787,0.00207951550568,0.0,0.818708128511,-0.57406795702,-0.0119886585094,0.0,-0.00862210757032,0.00858571075454,-0.999925969676,0.0,0.6590517856,0.257372369799,0.303377551863,1.0,-0.01042,-0.0136948571429,0.522
0.462939727325,0.532243630024,-0.124062139245,-1.38024281974,0.0781815889673,1.90304087023,0.156148842274,-0.0100395677551,-0.058488865589,-0.00177205717814,-0.0923389535482,-0.0102663043981,0.0378675491358,-0.0124210737291,0.574137756574,0.818744366893,0.00206035400271,0.0,0.818701234872,-0.574077280217,-0.0120129621451,0.0,-0.00865290925915,0.00858407477212,-0.999925717652,0.0,0.658870214816,0.257138556069,0.303353250976,1.0,-0.01076,-0.0141417142857,0.539
0.462822501148,0.531308244895,-0.124062876204,-1.38174197286,0.0780843993004,1.90358644283,0.155958353824,-0.00990837182149,-0.053212083041,-0.000593793023588,-0.0981766710029,-0.00522827253764,0.0323209030774,-0.015459582637,0.574133856003,0.818747152249,0.00204033707298,0.0,0.818703783953,-0.574073489575,-0.0120203830921,0.0,-0.00867051793653,0.00857190561322,-0.999925669514,0.0,0.658689690249,0.256916530047,0.3033462787,1.0,-0.01108,-0.0145622857143,0.555
0.462667361596,0.530212975263,-0.124062645146,-1.38347938928,0.0779847388805,1.90420367995,0.155733023084,-0.0117683642999,-0.0591216640382,0.000493379591275,-0.0986425085575,-0.00659800911651,0.0401042652578,-0.0184107412829,0.574143821086,0.818740208879,0.00202236845516,0.0,0.818696491056,-0.574083416507,-0.0120429782402,0.0,-0.00869922981489,0.00857027250627,-0.999925434135,0.0,0.658481266762,0.256648401299,0.303344535545,1.0,-0.01144,-0.0150354285714,0.573
0.462538721853,0.529229355709,-0.124070546229,-1.3850305267,0.0778763182174,1.90477453415,0.155519805201,-0.00776812997171,-0.0649375821935,-0.00161783243861,-0.104119476955,-0.00726700174958,0.0337935957541,-0.00636961672227,0.574135139378,0.818746315322,0.00201488956691,0.0,0.81870264277,-0.574074908581,-0.0120303349814,0.0,-0.00869326226645,0.00855679820953,-0.99992560143,0.0,0.658299237913,0.256409114015,0.30334876605,1.0,-0.01176,-0.015456,0.589
0.462400149463,0.528135496624,-0.124063736058,-1.38673609868,0.0777777261689,1.90543435348,0.155280250783,-0.0129626717443,-0.0653072759012,0.000676192243879,-0.102337883748,-0.0102684349516,0.0363866951466,-0.0203125593574,0.574113743406,0.818761209666,0.00205865972011,0.0,0.818718049378,-0.574053271124,-0.0120143428908,0.0,-0.00865526421283,0.00858322649569,-0.999925704552,0.0,0.658099946818,0.25616257926,0.303364149402,1.0,-0.0121,-0.0159028571429,0.606
0.462250792344,0.526988428031,-0.124071233937,-1.38849892204,0.0776602442369,1.9061092442,0.155042899014,-0.0113039688711,-0.0693260482351,-0.000297977125415,-0.1039552363,-0.0134574237983,0.0367313630896,-0.0125976239972,0.57411074104,0.818763208694,0.00210047914479,0.0,0.818720739275,-0.57405023853,-0.0119758768392,0.0,-0.00859979236638,0.00859535085216,-0.999926079025,0.0,0.657898197121,0.255892544278,0.303391187416,1.0,-0.01244,-0.0163497142857,0.623
0.462113373505,0.52589192038,-0.124074481283,-1.39020832597,0.0775549474079,1.90673278858,0.154809252184,-0.00658733150119,-0.0712993235362,-0.000530503716626,-0.106288534368,-0.00825238880314,0.0419164822381,-0.0212672712611,0.574098022924,0.818772107088,0.00210799211015,0.0,0.818729728096,-0.574037483265,-0.0119727624032,0.0,-0.00859306285798,0.00859958060037,-0.999926100512,0.0,0.65769216409,0.25563704095,0.303403220812,1.0,-0.01276,-0.0167702857143,0.639
0.461945188872,0.524659105114,-0.124077679062,-1.3921634891,0.0774374556083,1.90743052194,0.154543743965,-0.0127864317861,-0.0637834592156,0.00123711730881,-0.108526735496,-0.00210552102633,0.0465681311142,-0.0210345948671,0.574094025806,0.818774963183,0.00208712689858,0.0,0.818732246873,-0.574033508465,-0.0119910796213,0.0,-0.00862008096254,0.00859297071006,-0.999925924786,0.0,0.657454766916,0.255337057824,0.303400312598,1.0,-0.01312,-0.0172434285714,0.657
0.461786050462,0.523452309184,-0.124084429907,-1.39407343323,0.0773133070811,1.90813069335,0.154294966359,-0.0149558963216,-0.0743040241596,0.00130206612624,-0.113239769134,-0.00639202379067,0.0463186809768,-0.0119310897029,0.574095819779,0.818773727639,0.00207835056123,0.0,0.818730949685,-0.574035391567,-0.011989501937,0.0,-0.00862380845027,0.00858489815791,-0.999925961985,0.0,0.657212898229,0.255026256827,0.30340040654,1.0,-0.01348,-0.0177165714286,0.675
0.461653142526,0.522376798425,-0.124087702078,-1.39578354665,0.0772174327371,1.90879719629,0.15405408338,-0.0052984756934,-0.0690575595081,-0.000224893518143,-0.113340466455,-0.00855267684632,0.0380949106303,-0.0188226036376,0.574074389276,0.818788681922,0.00210637968208,0.0,0.818746245412,-0.574013822777,-0.0119776368839,0.0,-0.00859822800574,0.0086008106275,-0.999926045531,0.0,0.657024537555,0.254796690848,0.303400444415,1.0,-0.01376,-0.0180845714286,0.689
0.46149264988,0.521120653717,-0.124093353709,-1.3977742775,0.077088638497,1.90956493521,0.153779050592,-0.0121553760613,-0.0764144144133,0.00159562285485,-0.122103802182,-0.00219915498269,0.0435796344246,-0.0127519814307,0.57406172613,0.818797512019,0.00212504239053,0.0,0.818755368503,-0.574001133658,-0.0119621071826,0.0,-0.00857493195237,0.00860704347517,-0.999926191949,0.0,0.656775047824,0.254481160628,0.303398376392,1.0,-0.01412,-0.0185577142857,0.707
0.461307744387,0.519751891495,-0.124099877395,-1.39995080419,0.0769544700777,1.91035700289,0.153491486721,-0.010280470896,-0.076483824169,0.000592826948088,-0.123259256389,-0.00836825583061,0.038750180461,-0.0185768555734,0.574056729668,0.81880105325,0.00211026551064,0.0,0.818758765347,-0.573996247287,-0.0119640782712,0.0,-0.00858508069515,0.00859602352999,-0.999926199661,0.0,0.656526730702,0.254165912461,0.303396307438,1.0,-0.01446,-0.0190045714286,0.724
0.461153451385,0.518477717661,-0.124106341732,-1.40189086331,0.0768297249208,1.91104685825,0.153232292098,-0.00581663263183,-0.0768568327181,0.000489139972848,-0.126071596158,-0.00717783461334,0.0485372363617,-0.0184313467595,0.574044549378,0.818809548919,0.00212716468321,0.0,0.81876750581,-0.573984023352,-0.0119523750211,0.0,-0.00856592517694,0.00860301468978,-0.999926303816,0.0,0.656286725364,0.253874015475,0.30342726408,1.0,-0.01478,-0.0194251428571,0.74
0.460956501208,0.517036606801,-0.124106796594,-1.40415975979,0.0766772723196,1.91185417809,0.152918423182,-0.0167511563788,-0.0828098298824,0.00105798345205,-0.121800527532,-0.00710101463354,0.0503771397614,-0.0127462345766,0.574027890019,0.818821291699,0.00210253226084,0.0,0.818778969974,-0.573967510297,-0.0119600314371,0.0,-0.00858650849988,0.00858706613689,-0.999926264365,0.0,0.656006950322,0.253524357057,0.303428465623,1.0,-0.01514,-0.0198982857143,0.758
0.460770551612,0.515687749188,-0.124113018074,-1.40632813429,0.0765408911974,1.91268870479,0.15262295166,-0.0036200883528,-0.0787424926426,0.000260467460582,-0.127893705349,-0.0122134802402,0.0514937325288,-0.0145351017082,0.574020627936,0.818826367014,0.00210862222482,0.0,0.818784196506,-0.573960295868,-0.0119484400641,0.0,-0.00857359740143,0.00858532291658,-0.99992639012,0.0,0.655750805982,0.253193694491,0.303414965935,1.0,-0.01548,-0.0203451428571,0.775
0.460590786101,0.514373052154,-0.124118486185,-1.40841044141,0.0764183584772,1.91343759226,0.152342199653,-0.0118607797701,-0.0793984181289,-0.00106977058865,-0.13238634571,-0.00554779409858,0.0440498637012,-0.0216372165881,0.574018363099,0.818827992371,0.00209395233368,0.0,0.81878554609,-0.573958007428,-0.0119658733139,0.0,-0.00859631681923,0.00858329417274,-0.999926212477,0.0,0.655493799429,0.252873821236,0.303410612644,1.0,-0.0158,-0.0207657142857,0.791
0.460401697376,0.513052568388,-0.124116389845,-1.41055877267,0.0762813186456,1.91418463219,0.15204747664,-0.0132711199879,-0.0844129648847,0.00133659896367,-0.133862860984,-0.00507101081682,0.0474105520922,-0.0187171702292,0.574005914569,0.818836897965,0.00202273851529,0.0,0.818793445888,-0.57394578288,-0.0120115855136,0.0,-0.00867475419675,0.00855109080219,-0.999925810991,0.0,0.655221516615,0.252542138139,0.303378123386,1.0,-0.01612,-0.0211862857143,0.807
0.460197490935,0.511544382024,-0.124127975583,-1.41298822191,0.0761415611925,1.9150732895,0.151696022364,-0.00992295547731,-0.0848286591941,-0.000327055233033,-0.135517135441,-0.0100551172873,0.0578294145784,-0.0262368200196,0.573983178646,0.818852900781,0.001996100217,0.0,0.818809008109,-0.573923072014,-0.0120358859331,0.0,-0.00871017983912,0.00854298538339,-0.999925572314,0.0,0.654921717727,0.252170836408,0.303355616469,1.0,-0.01648,-0.0216594285714,0.825
0.460020331241,0.510243716263,-0.124133391389,-1.41503576787,0.0760159411071,1.91585582623,0.151408589402,-0.0109216417069,-0.0919556470835,-0.0037212920649,-0.13608402922,-0.012796769412,0.0531881291106,-0.0127155659093,0.573969894634,0.818862145428,0.00202329927661,0.0,0.818818636198,-0.573909701539,-0.0120184189829,0.0,-0.0086804043937,0.00855509054357,-0.999925727744,0.0,0.654676467315,0.25185856658,0.303359661043,1.0,-0.01678,-0.0220537142857,0.84
0.459814376789,0.508731146586,-0.124140047064,-1.41740628339,0.0758617306164,1.9167052275,0.151080864629,-0.0174318644941,-0.0900225965029,-0.000718615314437,-0.145411775925,-0.00830153031185,0.0446413784559,-0.0177620887896,0.573962671397,0.818867291325,0.00198945765983,0.0,0.818823324147,-0.573902607795,-0.0120377531575,0.0,-0.00871573518752,0.00853839968479,-0.999925563075,0.0,0.654360187435,0.251465947595,0.303352515658,1.0,-0.01714,-0.0225268571429,0.858
0.459587750627,0.507118875351,-0.124139060287,-1.41994616046,0.0757019998827,1.91762404398,0.150725558146,-0.0182152574509,-0.0965891848665,-0.0011106074535,-0.142911182067,-0.00329475719201,0.0547511272956,-0.0167306054397,0.573938682018,0.818884077579,0.00200091807033,0.0,0.818840255512,-0.573878567911,-0.0120321297886,0.0,-0.00870480310093,0.00854430148096,-0.99992560789,0.0,0.654064756572,0.251099998532,0.303362034172,1.0,-0.01748,-0.0229737142857,0.875
0.459388625817,0.505643791149,-0.124141619455,-1.42225170288,0.0755523309651,1.91850236954,0.150418756114,-0.0147002307444,-0.0928975419051,0.0003072147097,-0.143838417045,-0.00816350196483,0.0585088681723,-0.0240402940099,0.573931135582,0.818889283217,0.00203478358842,0.0,0.818845986944,-0.573870960927,-0.0120048644672,0.0,-0.00866311843736,0.00855630460722,-0.999925867267,0.0,0.653785035761,0.250749561286,0.303372060428,1.0,-0.0178,-0.0233942857143,0.891
0.459173453401,0.503991526198,-0.124152668231,-1.42472982647,0.0754028283167,1.91944715694,0.150064345701,-0.0109729844233,-0.0952308846714,-0.00141300564238,-0.14396210356,-0.012559475107,0.0578704921887,-0.0177144963488,0.573912397427,0.818902160506,0.00213506440803,0.0,0.818860210436,-0.573851845542,-0.0119483067413,0.0,-0.00855944834988,0.00860576634525,-0.999926335602,0.0,0.653486815395,0.250370107152,0.303429146932,1.0,-0.01814,-0.0238411428571,0.908
0.458935514202,0.502313861264,-0.124161427181,-1.42720948548,0.0752403798827,1.92037575163,0.149714705418,-0.0110089840416,-0.0976459368584,-0.00299375866403,-0.145880228304,-0.00281382784116,0.0514503944462,-0.0260572137286,0.57391034943,0.8189033245,0.00223670325546,0.0,0.818862820375,-0.573849510929,-0.0118813768179,0.0,-0.00844633052463,0.00865056480756,-0.999926910944,0.0,0.653190453581,0.249974227119,0.303501058229,1.0,-0.01848,-0.024288,0.925
0.458715729679,0.500700878619,-0.124152250309,-1.42963303479,0.0750944095288,1.9212277183,0.149376450756,-0.0184032884858,-0.102150015426,0.00120184694277,-0.149225983074,-0.00943218319165,0.0547985157528,-0.0288552989567,0.573890891344,0.818916844157,0.00227905456223,0.0,0.818876724623,-0.57382971613,-0.0118791269829,0.0,-0.00842039006628,0.00868375469695,-0.999926842042,0.0,0.652880040755,0.249604131265,0.303546750089,1.0,-0.0188,-0.0247085714286,0.941
0.458472955158,0.499000258449,-0.124152276604,-1.43225490405,0.0749213671801,1.92218436797,0.149011722907,-0.0162741863807,-0.0994524142032,-0.000744043301885,-0.154242759478,-0.0133911951723,0.058019667609,-0.0227174223874,0.573880443279,0.818924104787,0.00230093936536,0.0,0.818884355086,-0.573819271167,-0.0118576529627,0.0,-0.00839035602808,0.00868924568168,-0.999927046807,0.0,0.652535449806,0.249165763379,0.303568449366,1.0,-0.01916,-0.0251817142857,0.959
0.458198426812,0.497227613266,-0.124155152439,-1.43505816485,0.0747474109918,1.92322162115,0.148594478593,-0.0165299600669,-0.102425002785,-0.00014208573598,-0.156715269876,-0.0148111818234,0.0518399029941,-0.0297028888144,0.573858091425,0.818939750727,0.00230705123345,0.0,0.818900000468,-0.573796815218,-0.0118638518647,0.0,-0.0083921628136,0.00869757909954,-0.999926959193,0.0,0.652207876355,0.248746536387,0.303559593857,1.0,-0.0195,-0.0256285714286,0.976
0.457944299899,0.495647967556,-0.124154730537,-1.43760063049,0.0745880695391,1.92409745918,0.148224369799,-0.0195927935544,-0.10619539072,0.000567245678305,-0.159961608422,-0.00736772628664,0.0521901888504,-0.0187337591554,0.573847923896,0.818947079789,0.00223330401987,0.0,0.818906230185,-0.57378679863,-0.0119181702826,0.0,-0.00847907363385,0.00866825073976,-0.999926480667,0.0,0.651880418191,0.248334266841,0.303526124907,1.0,-0.01982,-0.0260491428571,0.992
0.45766551489,0.493944332738,-0.124164963514,-1.44037556916,0.0744210480402,1.92507546221,0.14783027727,-0.0190266043441,-0.108262790063,0.00118687306601,-0.172141661957,-0.0190461846722,0.0574825042376,-0.032822070841,0.573855397248,0.818942055424,0.00215402164686,0.0,0.818900034278,-0.573794454134,-0.0119751895689,0.0,-0.00857118570646,0.00863612183973,-0.999925973348,0.0,0.651527983856,0.247879540359,0.303477025519,1.0,-0.0243731428571,-0.0320332734694,1.009
0.457357414224,0.491540207446,-0.124248631653,-1.44403075081,0.0742172394658,1.92645469397,0.147300326167,-0.0183064798417,-0.155348521553,-0.00923787122549,-0.242117323708,-0.00938739646007,0.0956544225927,-0.0405783510401,0.573862754602,0.818936624311,0.00225635644439,0.0,0.818896107311,-0.573801568209,-0.0119026322081,0.0,-0.0084529633204,0.0086783659004,-0.999926613995,0.0,0.651084403842,0.247288763312,0.303532452125,1.0,-0.0337085714286,-0.0443026938775,1.026
0.456986938098,0.488877977961,-0.124254163396,-1.44831806832,0.0739810121873,1.92804546252,0.146663305462,-0.0260014791789,-0.187205155731,-0.00046489703357,-0.30522839907,-0.0174278362029,0.106325827204,-0.0483030107412,0.573799237514,0.818981175706,0.00223959136163,0.0,0.818940102455,-0.573737780606,-0.0119505061359,0.0,-0.00850246508697,0.00869144982518,-0.999926080662,0.0,0.650532937478,0.246641071263,0.30348133368,1.0,-0.0419457142857,-0.0551286530612,1.041
0.456368709317,0.484770631684,-0.124341506439,-1.45475931785,0.073600534746,1.93046680431,0.145695031195,-0.0346882795761,-0.247706364398,-0.0121971863529,-0.383798775668,-0.0234375505667,0.137818378226,-0.0639105421597,0.573792436117,0.818985766339,0.00230253978884,0.0,0.818945657219,-0.573730875276,-0.011901267927,0.0,-0.00842609309362,0.00871468026198,-0.999926524952,0.0,0.649741775195,0.245581530777,0.303481029679,1.0,-0.0518302857143,-0.0681198040816,1.059
0.455594221449,0.479802722937,-0.124474354479,-1.4626332527,0.0731249528346,1.9332019799,0.144496608261,-0.0479820534403,-0.298171068825,-0.00916965054322,-0.464994224199,-0.0322129409314,0.158216884555,-0.0651992825264,0.57379809262,0.818982237628,0.00214248865876,0.0,0.818940030554,-0.573737168775,-0.0119847579685,0.0,-0.00858624383306,0.00863156717492,-0.999925883486,0.0,0.648729197489,0.244242864825,0.303420015324,1.0,-0.0617148571429,-0.081110955102,1.077
0.454769889253,0.47458121055,-0.124592161855,-1.4707116687,0.0726359219615,1.93610320196,0.143340598622,-0.0505672639259,-0.340791103218,-0.00552973318161,-0.522135643885,-0.0302452615368,0.194065920562,-0.07044327657,0.573870896445,0.818931158626,0.00216761296867,0.0,0.818889358534,-0.573809939565,-0.011963220165,0.0,-0.00855342056395,0.00864054543121,-0.999926087254,0.0,0.647704445572,0.242870018721,0.303444945278,1.0,-0.0705011428571,-0.092658644898,1.093
0.453748052542,0.468333711695,-0.124671458129,-1.48026529385,0.0720748601867,1.93961602936,0.141871706508,-0.0610249546796,-0.393026994904,-0.00693809720668,-0.587657368319,-0.0372054359952,0.221081292093,-0.0970972742403,0.573868279406,0.818932484211,0.0023518282763,0.0,0.818892876661,-0.573806368368,-0.0118934887394,0.0,-0.00839063178267,0.00875135983237,-0.999926502799,0.0,0.646493143725,0.241262261431,0.303521274747,1.0,-0.0798365714286,-0.104928065306,1.11
0.452560209578,0.461342195808,-0.124706525155,-1.49101272382,0.0713929684542,1.94347923917,0.140152818913,-0.0753244101938,-0.424491298426,0.000276794201462,-0.669222329274,-0.0469448146462,0.22148022328,-0.100676917643,0.57377926014,0.818994592798,0.00244223295015,0.0,0.818955946773,-0.573716781089,-0.0118726258064,0.0,-0.00832262654725,0.0088125173173,-0.999926534014,0.0,0.645092236052,0.239449408653,0.303561627602,1.0,-0.089172,-0.117197485714,1.127
0.451466727343,0.455091166324,-0.124800642895,-1.50084608379,0.0707488879183,1.94676898361,0.138699472119,-0.0807265854301,-0.456795128103,-0.00898553895599,-0.731744809066,-0.0520933488038,0.240627777577,-0.110128212847,0.57383624634,0.81895545457,0.00216164724431,0.0,0.818912940445,-0.573774677071,-0.0120400508314,0.0,-0.00862013281642,0.00867938558096,-0.999925177989,0.0,0.643660964474,0.237599509502,0.303465270834,1.0,-0.0974091428571,-0.128023444898,1.142
0.449741940133,0.445084480818,-0.124948294938,-1.51573049206,0.0697359103892,1.95223745175,0.136356892945,-0.0902545967328,-0.514333285974,-0.00415330584219,-0.763371728991,-0.0536681756577,0.27930885033,-0.115522431867,0.573832087302,0.818957011437,0.00262600513288,0.0,0.818921396725,-0.573769611288,-0.0117015404479,0.0,-0.00807649214756,0.00886538185714,-0.999928085054,0.0,0.641831854676,0.235122531927,0.303725246788,1.0,-0.107842857143,-0.141736326531,1.161
0.448080311502,0.436019568343,-0.124986428016,-1.52966453677,0.0688261564491,1.95699182608,0.134113514914,-0.10092721238,-0.55040208477,-0.00130981897612,-0.830900509084,-0.0544494855901,0.280264838912,-0.136907998872,0.57375104987,0.819014067824,0.00253700238762,0.0,0.818976618978,-0.57368817385,-0.0118289328755,0.0,-0.00823277267193,0.00886477896836,-0.999926815896,0.0,0.639900916752,0.232694157526,0.303703152278,1.0,-0.117178285714,-0.154005746939,1.178
0.446479551244,0.427364316467,-0.125062494903,-1.54260900783,0.0679324583967,1.96163544165,0.131996743293,-0.108574524675,-0.583958433145,-0.00683156732879,-0.904570938214,-0.0632716959064,0.307339779224,-0.141773117195,0.57369847816,0.819050014039,0.00280669934061,0.0,0.819016415016,-0.573635022396,-0.0116498890958,0.0,-0.0079319735034,0.00898242941655,-0.999928197301,0.0,0.638152278222,0.230393727684,0.303843844739,1.0,-0.125415428571,-0.164831706122,1.193
0.444323528491,0.416419828784,-0.125168540726,-1.55914095724,0.0667490235978,1.9673443474,0.129257370984,-0.121813709292,-0.626036269248,-0.00921626566533,-0.918770939808,-0.0781749086469,0.332293934078,-0.151634620339,0.573666788999,0.819072028904,0.00285894538995,0.0,0.81903941885,-0.573603516702,-0.0115837342165,0.0,-0.00784816265872,0.00898696561024,-0.999928817863,0.0,0.635857165586,0.227367122828,0.303904308139,1.0,-0.1353,-0.177822857143,1.211
0.442112818463,0.405439672845,-0.12527629476,-1.57579016576,0.0656070334734,1.9730760947,0.126497318886,-0.131857181021,-0.65325722041,-0.00711182873258,-1.00600168047,-0.0719941270436,0.343326528378,-0.161477237934,0.573661683824,0.819075481634,0.00289392438093,0.0,0.819043100123,-0.573598038622,-0.011594702688,0.0,-0.00783713822898,0.00902185916269,-0.999928590111,0.0,0.633497870874,0.224311233477,0.303906166049,1.0,-0.144635428571,-0.190092277551,1.228
0.439784366121,0.394464706423,-0.125369826686,-1.59213209135,0.0644962428414,1.97865686359,0.123713900742,-0.145513402372,-0.705111246861,-0.00522978523892,-1.03931164493,-0.0702002316247,0.3617860478,-0.175793335624,0.573698479091,0.819049038298,0.00307812494173,0.0,0.819018634337,-0.573633753529,-0.0115559647894,0.0,-0.00769933371923,0.00915085729256,-0.999928488479,0.0,0.631161697684,0.221232253363,0.304006378531,1.0,-0.153421714286,-0.201639967347,1.244
0.437122864065,0.382420694778,-0.125509597267,-1.61036006132,0.0630861621172,1.98469168967,0.120479730231,-0.162102865206,-0.727299528966,-0.0062911791763,-1.07140581146,-0.0785625949657,0.353637992349,-0.193804585027,0.573631299764,0.819096853141,0.00286775296185,0.0,0.819064165264,-0.573567782954,-0.0116033805006,0.0,-0.00785959306701,0.00900510930038,-0.99992856485,0.0,0.628484111004,0.217712533716,0.303936202605,1.0,-0.162757142857,-0.213909387755,1.261
0.434739379478,0.371928552277,-0.125627075839,-1.62594342026,0.0619350716713,1.98990883269,0.117693284615,-0.180556378579,-0.741818301655,-0.0104948382922,-1.12785004721,-0.0810576690207,0.376803817904,-0.195065309866,0.573640337074,0.819090268757,0.002939763701,0.0,0.819058561894,-0.573576638006,-0.0115611168509,0.0,-0.00778356838623,0.00903993564335,-0.999928845282,0.0,0.62618386342,0.214665318256,0.303981456282,1.0,-0.170445142857,-0.224013616327,1.275
0.431206032623,0.357161496463,-0.125832141502,-1.64780139953,0.0602270950385,1.99711880475,0.113780286718,-0.193869834334,-0.777461086254,-0.014250406263,-1.18051623009,-0.08609481291,0.377767213444,-0.217143128299,0.573770791457,0.818998858307,0.00294887505002,0.0,0.818967873475,-0.573707750117,-0.0114798332759,0.0,-0.0077103263239,0.00900200026979,-0.999929754962,0.0,0.622913829445,0.21025298572,0.304022468091,1.0,-0.180878857143,-0.237726497959,1.294
0.427731688571,0.343361794323,-0.126029418876,-1.66807878521,0.058738789877,2.00368626042,0.109924532314,-0.208697032911,-0.833338085739,-0.0126184926985,-1.19996341129,-0.0918578706786,0.403127790631,-0.23176434879,0.573871394016,0.818928129694,0.00301470176365,0.0,0.818897497739,-0.573807548534,-0.0115122692381,0.0,-0.0076980106977,0.00907546845754,-0.999929185744,0.0,0.619816363871,0.20606950988,0.304065953051,1.0,-0.190214285714,-0.249995918367,1.311
0.424096767374,0.329145296923,-0.126149007648,-1.68894690076,0.0571158134135,2.01036719352,0.105904183716,-0.215498702789,-0.844435988572,-0.00957570966176,-1.21641730944,-0.0942438614622,0.392613567421,-0.246638130886,0.573849744816,0.818943324405,0.0030081037691,0.0,0.818912243171,-0.573785494855,-0.0115624729302,0.0,-0.00774315278972,0.00909867032325,-0.999928626345,0.0,0.616532003842,0.201789254733,0.304060308057,1.0,-0.199549714286,-0.262265338775,1.328
0.42069099464,0.316115150367,-0.126236492737,-1.70792408954,0.0554896885486,2.01642928386,0.102197715534,-0.236817549456,-0.857480601953,-0.00623455021601,-1.28371350118,-0.108560405186,0.401070959625,-0.254960873892,0.573769197287,0.818999763463,0.00300709041435,0.0,0.818969314815,-0.573705720909,-0.0114784183729,0.0,-0.00767578474101,0.00904885189064,-0.999929597826,0.0,0.613496661274,0.197854378888,0.304073266899,1.0,-0.207786857143,-0.273091297959,1.343
0.416046894592,0.299067427882,-0.126354745642,-1.73254101964,0.0534280321937,2.02409507972,0.0971145378545,-0.254825264864,-0.89771600038,-0.00936423823826,-1.31273704713,-0.120549228025,0.398639167368,-0.272916163132,0.573597642492,0.819119882038,0.0030183239787,0.0,0.819089580807,-0.573534155976,-0.0114707210955,0.0,-0.00766493138871,0.00905203058013,-0.99992965231,0.0,0.609465285503,0.192649487463,0.304099391785,1.0,-0.218220571429,-0.286804179592,1.362
0.411528869659,0.283289581772,-0.126520999073,-1.75509416623,0.051600053972,2.03097152041,0.0924225207992,-0.273135835311,-0.921557272746,-0.00978748522166,-1.34878284888,-0.11967351659,0.400383798793,-0.280925894264,0.573648481777,0.819084009019,0.0030906998057,0.0,0.819053981512,-0.573583977424,-0.011521419742,0.0,-0.00766438234744,0.00914087091454,-0.99992884833,0.0,0.605703976707,0.187735426199,0.304145041072,1.0,-0.227556,-0.2990736,1.379
0.406948526887,0.267992674184,-0.126693491388,-1.77681468321,0.0497475521962,2.03748809999,0.0876781304703,-0.286296705887,-0.970702912224,-0.0109024352662,-1.3642861085,-0.109454875506,0.409695997748,-0.295391865539,0.573634549858,0.819093629229,0.00312676620353,0.0,0.819063819837,-0.573569636829,-0.0115359283469,0.0,-0.00765573465703,0.00917860485147,-0.999928568919,0.0,0.602018554201,0.182884636329,0.304180567127,1.0,-0.236342285714,-0.310621289796,1.395
