position_joint1,position_joint2,position_joint3,position_joint4,position_joint5,position_joint6,position_joint7,velocity_joint1,velocity_joint2,velocity_joint3,velocity_joint4,velocity_joint5,velocity_joint6,velocity_joint7,ee_T_00,ee_T_10,ee_T_20,ee_T_30,ee_T_01,ee_T_11,ee_T_21,ee_T_31,ee_T_02,ee_T_12,ee_T_22,ee_T_32,ee_T_03,ee_T_13,ee_T_23,ee_T_33,v_x,v_y,time
0.465085432613,0.547597962513,-0.123985188463,-1.35574033677,0.0794271978272,1.89408367284,0.159178058978,0.00479310941545,0.000507595273381,1.00935607501e-05,0.00203969746989,-0.000272995375598,-0.00532317003558,-0.00172590252414,0.573784455849,0.818991828152,0.00212850799994,0.0,0.818951721664,-0.573725890103,-0.011722948003,0.0,-0.00837997981001,0.00846975370097,-0.999929017086,0.0,0.661700083899,0.260900684792,0.303386573275,1.0,0.0,0.0,0.0
0.465085854563,0.547598200823,-0.123989614635,-1.35574757335,0.0794229327838,1.89408756238,0.159177506364,0.00183049406305,9.73048779989e-05,-0.0010408538239,-0.0065523129281,-0.000104028041173,-0.000255945513766,-0.000264136264916,0.573786043792,0.818990732398,0.00212205027841,0.0,0.818950599796,-0.573727560823,-0.0117195540106,0.0,-0.00838088875042,0.00846253380906,-0.999929070597,0.0,0.661700340318,0.260897112746,0.303383436477,1.0,-0.00012,-0.000157714285714,0.007
0.465079738148,0.547595304886,-0.123982882152,-1.35575146038,0.0794245526692,1.89408685176,0.159181476506,-0.00138250938706,0.000856499564657,0.000318512017023,-0.000423467438374,0.000237444771127,-0.000146080811226,0.00123626650661,0.573790231513,0.81898779513,0.00212333461772,0.0,0.818947626981,-0.573731690397,-0.0117251267193,0.0,-0.00838467275086,0.00846682603387,-0.99992900254,0.0,0.661699342504,0.260896752344,0.303383356129,1.0,-0.00044,-0.000578285714286,0.023
0.465084347696,0.547581207134,-0.123985363935,-1.35575774324,0.0794247062457,1.89408981592,0.15918004781,0.00128359163713,-0.00186412521434,0.000342054829918,0.00068587032555,7.70256830307e-05,-0.000197410505573,0.00203501857515,0.573787398213,0.818989756448,0.00213246000806,0.0,0.818949714886,-0.573728830802,-0.0117192191125,0.0,-0.00837462785709,0.00847088084996,-0.999929052376,0.0,0.661698225233,0.260898033426,0.303390692719,1.0,-0.00076,-0.000998857142857,0.039
0.465081125997,0.547511216532,-0.123985363935,-1.35582130555,0.0794274971523,1.89409793908,0.159177946186,0.000236966900391,-0.00988009314568,0.000193537178047,-0.00747860902019,0.000398003502034,-1.78295433776e-05,0.000727206172579,0.573792454482,0.818986168442,0.0021498793346,0.0,0.818946274883,-0.573733740987,-0.0117192239196,0.0,-0.00836458502587,0.00848520129637,-0.999929015019,0.0,0.66168780735,0.260890281145,0.303410730213,1.0,-0.00108,-0.00141942857143,0.055
0.465083373541,0.547359313229,-0.123985363941,-1.35599977052,0.0794250277626,1.89413917015,0.159171755366,0.000290822672644,-0.00679345858289,-0.00140764339433,-0.0100073753527,0.000204691747255,-0.000471872012552,-0.000421850701052,0.573794644193,0.818984584502,0.00216876568427,0.0,0.818944830886,-0.573735751738,-0.011721691166,0.0,-0.00835574683303,0.00850210675035,-0.999928945313,0.0,0.66165868109,0.260874979346,0.303436965186,1.0,-0.00146,-0.00191885714286,0.074
0.465068360982,0.547216228446,-0.123985363939,-1.35618177279,0.0794160878133,1.89419050455,0.15916997904,-0.00150511622503,-0.0126921482658,-3.61394542597e-05,-0.0103189035802,-0.000161448535648,0.00817667376263,0.000115470680064,0.57381314784,0.818971586287,0.00218154101406,0.0,0.818931961368,-0.573754166834,-0.0117194535564,0.0,-0.00834639191651,0.00851147406989,-0.999928943751,0.0,0.661635386677,0.260847358955,0.30345613067,1.0,-0.00176,-0.00231314285714,0.089
0.465043570264,0.547025092527,-0.123987569979,-1.35640266597,0.0794141104638,1.89432399577,0.15915482649,-0.000376382877662,-0.0137102662908,-0.000966768590402,-0.00997149536068,0.00041652372827,0.011714954094,-0.00212205938537,0.573834675355,0.818956249393,0.00227460787062,0.0,0.81891781016,-0.573775321581,-0.0116725082386,0.0,-0.00825431862684,0.00856097169726,-0.999929285494,0.0,0.661623494234,0.260814730373,0.303498041855,1.0,-0.00212,-0.00278628571429,0.107
0.465020556336,0.546821236632,-0.123986019447,-1.35663263848,0.0794060345228,1.89445663689,0.159143521066,-0.00715420778807,-0.00910031124345,-0.00132602506762,-0.0119347890518,0.000186286264386,0.0108845740003,-0.00273603756896,0.573854111693,0.81894236483,0.00236822309766,0.0,0.818905143725,-0.573794420792,-0.0116221835315,0.0,-0.0081591823547,0.00860895363161,-0.999929654356,0.0,0.661608690124,0.260783493067,0.303544424562,1.0,-0.00246,-0.00323314285714,0.124
0.46499346237,0.546607881106,-0.123982505258,-1.35692856493,0.0793957338427,1.89457163344,0.159119528841,-0.00432178017606,-0.0212820620797,0.000246755876461,-0.0189425897167,-0.000214323376173,0.0041269829915,-0.00591580280453,0.573868010978,0.818932529593,0.00240101068053,0.0,0.818895658444,-0.573808122506,-0.0116140444422,0.0,-0.00813355595927,0.00863127198433,-0.999929670733,0.0,0.661576213598,0.260741419412,0.303564525558,1.0,-0.00278,-0.00365371428571,0.14
0.464958978487,0.546364707309,-0.123985798934,-1.35729583753,0.0793813540006,1.8947037596,0.159016141877,-0.00262796710104,-0.0115433691693,-0.000462852791499,-0.0201550676022,-0.000416815110766,0.0107803822398,-0.0114934640161,0.573830580904,0.818958724678,0.002412176427,0.0,0.818921935293,-0.573770590658,-0.0116155108691,0.0,-0.00812874457809,0.00864088590122,-0.999929626825,0.0,0.661535273224,0.260682938912,0.30357347568,1.0,-0.0031,-0.00407428571429,0.156
0.464915480059,0.546075130913,-0.123983769374,-1.35774166112,0.0793553980729,1.89486644074,0.158958988894,-0.00606404302345,-0.0183891257401,-0.00189227383773,-0.0318505322389,-0.00114702463744,0.00733037679234,-0.00125741694425,0.573836004182,0.818954905532,0.00241865887907,0.0,0.818918176755,-0.573775965455,-0.0116149966389,0.0,-0.00812454656446,0.00864595344071,-0.999929617139,0.0,0.661485375051,0.260613062708,0.303580336781,1.0,-0.00344,-0.00452114285714,0.173
0.464874174753,0.545807006373,-0.123988178,-1.35821297271,0.0793074660311,1.89502723503,0.158926879222,-0.000627969640043,-0.0176368330994,-0.000835172033265,-0.0280234394849,-0.00344399500715,0.00711079494589,-0.00195350689012,0.573860225762,0.818938076105,0.00236974583093,0.0,0.81890088323,-0.573800537647,-0.0116203848059,0.0,-0.00815677118774,0.00860922935645,-0.999929671654,0.0,0.661430786749,0.260533913168,0.303559864805,1.0,-0.00376,-0.00494171428571,0.189
0.464815286945,0.545450292831,-0.123988553767,-1.35882318811,0.0792387085675,1.89523484028,0.158839542654,-0.00740413951619,-0.0187848025506,-0.000217834482507,-0.0388703766387,-0.00177535877088,0.00575000298301,-0.00959052070508,0.573852973783,0.818943321368,0.00231252403584,0.0,0.818905636912,-0.573793753947,-0.0116203557192,0.0,-0.00818965853687,0.00856227950475,-0.999929805968,0.0,0.661360746508,0.260429953044,0.303539872201,1.0,-0.00412,-0.00541485714286,0.207
0.464749896498,0.545069103711,-0.123983950647,-1.3594848957,0.0792298723189,1.8954502916,0.158756608795,-0.00249134801741,-0.0269419655342,0.00127936351145,-0.0419510486316,5.09114865294e-05,0.0192718800376,-0.00413639475444,0.573869870878,0.818931585809,0.00227507439411,0.0,0.818893078829,-0.573810434547,-0.011681504706,0.0,-0.00826105079763,0.00856687121126,-0.999929179371,0.0,0.661278208986,0.260329024852,0.303513295733,1.0,-0.00446,-0.00586171428571,0.224
0.464689631068,0.544691811327,-0.123994862405,-1.360132338,0.079204402435,1.89565599482,0.158672036198,-0.00256327803422,-0.0231333467828,0.000265918977002,-0.0434330076634,0.000492549788125,0.0147358323287,-0.00422363460367,0.573886803104,0.818919857612,0.00222506935787,0.0,0.818880585406,-0.573827431257,-0.0117223241663,0.0,-0.0083229984467,0.00854951784383,-0.999928814187,0.0,0.661199981931,0.260220791831,0.303490355312,1.0,-0.00478,-0.00628228571429,0.24
0.46461759734,0.544258196078,-0.123995389182,-1.36086948454,0.0791663980191,1.89590999521,0.158590367519,-0.0100704076997,-0.0316569000569,-8.61049091617e-05,-0.0461889477401,-0.000515930246542,0.012728321373,-0.00569153868838,0.573910224372,0.818903550321,0.00218552836103,0.0,0.818863679048,-0.573850912313,-0.0117538280574,0.0,-0.0083712452546,0.008535456226,-0.999928531566,0.0,0.661113545966,0.260102139933,0.303468376146,1.0,-0.00512,-0.00672914285714,0.257
0.464552562732,0.543753447577,-0.123998114761,-1.36172064875,0.0791247553844,1.89621463773,0.158472270039,-0.00112511553846,-0.0202970903709,0.000607945984246,-0.0497700376259,-0.00720137107976,0.0173495213717,-0.0126318583221,0.573905028257,0.818907276332,0.00215365102551,0.0,0.818866893435,-0.57384574071,-0.0117823430167,0.0,-0.00841294493588,0.00852566357215,-0.999928265136,0.0,0.661011636469,0.259977096393,0.303446883508,1.0,-0.00548,-0.00720228571429,0.275
0.464476705557,0.543287283814,-0.123998459916,-1.36245291768,0.0790850410064,1.89646324803,0.158375224623,-0.00525996864478,-0.0326377150203,0.000844288145738,-0.0467678892342,-0.00112876066785,0.0209587213629,-0.0115663829791,0.573917961584,0.818898243605,0.00214170321798,0.0,0.818857631504,-0.573858644185,-0.0117975727653,0.0,-0.00843213905623,0.00852475306549,-0.999928111224,0.0,0.660926946651,0.259856402549,0.303449683218,1.0,-0.00578,-0.00759657142857,0.29
0.464410195011,0.542715479551,-0.124006665145,-1.36338554746,0.0790304114088,1.89679814106,0.158258200956,-0.00526725322657,-0.0298532015947,0.000542496160605,-0.0549148254663,-0.000275868489986,0.012842819051,-0.00633732994171,0.573919640898,0.818897128875,0.00211778489298,0.0,0.818856207632,-0.573860418945,-0.0118100674058,0.0,-0.00845608017028,0.0085123548398,-0.999928014671,0.0,0.660816197469,0.259718382924,0.303439520617,1.0,-0.00614,-0.00806971428571,0.308
0.464333234484,0.54212271977,-0.124004968035,-1.36429940447,0.0789703917684,1.89713165096,0.158140351307,-0.00313246287981,-0.0309622627895,0.000877674656908,-0.0570115194908,-0.00596802417749,0.0336599191492,-0.00622096910745,0.573919694302,0.81889706988,0.00212610815514,0.0,0.818856277484,-0.573860460417,-0.0118032070147,0.0,-0.00844568484035,0.00851523391576,-0.999928078013,0.0,0.660710650138,0.259580744108,0.303452578982,1.0,-0.00648,-0.00851657142857,0.325
0.464262855634,0.541574312585,-0.124008419916,-1.36513361638,0.078920989952,1.89744089651,0.158027015797,-0.00621624714947,-0.0412651174294,0.00046720926094,-0.0554198293697,-0.004451941876,0.0201688407272,-0.00357390631052,0.573919031349,0.818897498897,0.0021397794281,0.0,0.818856880576,-0.573859740329,-0.0117963750683,0.0,-0.00843225111951,0.00852250134483,-0.999928129473,0.0,0.660607732935,0.259444794621,0.303466234223,1.0,-0.0068,-0.00893714285714,0.341
0.46417941482,0.540883655694,-0.124006892185,-1.3662155302,0.0788494939055,1.8978470185,0.157884871769,-0.00406140430666,-0.042409245566,0.00109234775374,-0.0610629241376,-0.00102084545727,0.0263154206029,-0.00729423435854,0.573911846423,0.818902495114,0.00215474665451,0.0,0.81886212026,-0.573852547507,-0.011782555901,0.0,-0.00841241953438,0.00852675299329,-0.999928260267,0.0,0.660491001419,0.259295824082,0.303478603928,1.0,-0.00714,-0.009384,0.358
0.464090242589,0.540184852698,-0.124009111833,-1.36727910117,0.0787931561469,1.89823241051,0.157750527118,-0.0073588044358,-0.0442599220374,0.000746082646176,-0.0640744094403,-0.000871132770916,0.0267801145181,-0.00808505664228,0.573929151101,0.818890268357,0.00219198726963,0.0,0.818850306956,-0.573869634414,-0.0117713379472,0.0,-0.00838168053078,0.00855098807699,-0.999928311448,0.0,0.660364323901,0.259123298477,0.303510070382,1.0,-0.0075,-0.00985714285714,0.376
0.463995837806,0.539540396184,-0.124012327924,-1.3682696831,0.0787519507584,1.89861093635,0.157639740086,-0.0077025383718,-0.0432463730347,-3.31446183033e-06,-0.0713554195224,-0.00504064219669,0.0313818092468,-0.00687419128419,0.573952893077,0.818873572116,0.00221276279474,0.0,0.818833731949,-0.573893141519,-0.011778303862,0.0,-0.00837521361404,0.00857224143647,-0.999928183658,0.0,0.660258443413,0.258981299503,0.303516585993,1.0,-0.00778,-0.0102251428571,0.39
0.463879913701,0.5386532012,-0.124009497804,-1.36964865787,0.0786616429116,1.89913566032,0.157460452242,-0.00281266739023,-0.0457465950419,0.00236886414295,-0.0718331443302,-0.00250300658764,0.0165806379182,-0.0123696481611,0.573955505147,0.818871677008,0.00223642706252,0.0,0.818832223696,-0.573895744119,-0.0117563268257,0.0,-0.00834360773034,0.00857903221963,-0.999928389644,0.0,0.660111553477,0.258781159346,0.303534055976,1.0,-0.00816,-0.0107245714286,0.409
0.463773553548,0.537925699933,-0.124026745093,-1.3707806408,0.0785905045757,1.89957102182,0.157316498327,-0.00782524792701,-0.0448003246174,-0.00084667652217,-0.0735039048125,-0.00388312916252,0.0261562921296,-0.0046682232888,0.57397598362,0.818857269122,0.00225608834629,0.0,0.818818164821,-0.573916242057,-0.011734861064,0.0,-0.00831453061942,0.00858301979096,-0.999928597627,0.0,0.659981264981,0.258588372657,0.303545668213,1.0,-0.0085,-0.0111714285714,0.426
0.463672115652,0.537216004416,-0.124026898267,-1.37190495583,0.0785316187702,1.89998556287,0.157176988106,-0.00755094959732,-0.0511078560095,-0.000414573117655,-0.0761424354761,-0.00587392612897,0.0284783056363,-0.0104372351104,0.573991119975,0.818846647609,0.0022602634421,0.0,0.818807504729,-0.57393126497,-0.0117439427487,0.0,-0.0083194124675,0.0085918049392,-0.999928481575,0.0,0.659851684286,0.258415801208,0.303547593778,1.0,-0.0088,-0.0115657142857,0.441
0.463565675987,0.53638237303,-0.124028545913,-1.37319992158,0.078454232963,1.90047893239,0.157018030816,-0.00265854521477,-0.0513295352234,0.00129361751368,-0.0757407002362,-0.00605230546634,0.032013621694,-0.0145645767379,0.573999881107,0.818840433184,0.00228656370073,0.0,0.818801637928,-0.573939932332,-0.011729394781,0.0,-0.00829231214051,0.00860507898758,-0.999928592538,0.0,0.659703946288,0.258222803271,0.303562527835,1.0,-0.00914,-0.0120125714286,0.458
0.463446480406,0.535467903456,-0.124044936322,-1.37466140829,0.0783702514713,1.90101190131,0.156845005236,-0.00509466871781,-0.0516797650666,-0.000234544705584,-0.0849108901283,-0.00384015282518,0.0339484996848,-0.0108545061144,0.574025105745,0.818822790765,0.00227204734689,0.0,0.818783820559,-0.573965222415,-0.0117356529346,0.0,-0.00830550383323,0.00859704054361,-0.999928552198,0.0,0.659534299501,0.257995763839,0.303559012335,1.0,-0.0095,-0.0124857142857,0.476
0.463324459837,0.53462449593,-0.124045250359,-1.3760064756,0.0782910329859,1.90150277198,0.156680772737,-0.00848622960262,-0.0529830616979,-0.00166339383793,-0.0835589381751,-0.000513704079237,0.0373951200579,-0.0118294205471,0.574043279245,0.818810074798,0.00226315343297,0.0,0.8187709471,-0.573983383793,-0.0117455615155,0.0,-0.00831853179509,0.00859563042121,-0.999928456024,0.0,0.659377861422,0.257787015928,0.303556414294,1.0,-0.00982,-0.0129062857143,0.492
0.463199903297,0.533720076452,-0.12404892864,-1.37748284749,0.0782052438069,1.90203811715,0.156493874139,-0.00865641139256,-0.0540632103887,2.95208690994e-05,-0.0873889051278,-0.0048382455799,0.0267377656699,-0.0151723509085,0.574052652694,0.818803589346,0.00223179551191,0.0,0.818764005434,-0.573992824978,-0.0117680576417,0.0,-0.00835485408279,0.00858296378753,-0.999928262,0.0,0.659202816806,0.257561832818,0.303538164707,1.0,-0.01016,-0.0133531428571,0.509
0.463068112931,0.532796209719,-0.124046059076,-1.37896341995,0.0781239358329,1.9026018082,0.156300632027,-0.00828154012778,-0.0544797864982,9.04074745663e-05,-0.0862334369359,-0.00808406070656,0.0370155165699,-0.00294467508085,0.574059582009,0.818798705641,0.00224117067226,0.0,0.818759158049,-0.573999629677,-0.0117734083068,0.0,-0.00835378118288,0.00859378232105,-0.999928178043,0.0,0.65903270589,0.257338101201,0.303533697578,1.0,-0.0105,-0.0138,0.526
0.462950962047,0.53188800696,-0.124046778263,-1.38042824919,0.0780409779429,1.90314266723,0.156121640883,-0.00131280619356,-0.0550602479988,0.000966496879598,-0.0876567783861,-0.00991245095088,0.0335788808482,-0.0137864177472,0.574067156734,0.818793427281,0.00222932773121,0.0,0.818753656764,-0.574007178022,-0.0117879606402,0.0,-0.00837241576834,0.00859251671305,-0.999928033066,0.0,0.658858055319,0.257121808821,0.303523625763,1.0,-0.01082,-0.0142205714286,0.542
0.462802665422,0.530819443465,-0.124048931572,-1.38213366376,0.0779321784868,1.90375210126,0.155905518001,-0.0121294410282,-0.0630525114031,-0.000490572743749,-0.100202889388,-0.00411145599266,0.0341827381026,-0.00854688142347,0.574076644719,0.818786848805,0.00220207023832,0.0,0.818746730334,-0.574016776763,-0.0118016297034,0.0,-0.00839915564493,0.00857814294574,-0.999927932227,0.0,0.658654531661,0.256858227489,0.303517812097,1.0,-0.01118,-0.0146937142857,0.56
0.462662449096,0.52979961535,-0.124049643524,-1.38377577822,0.077829042606,1.90433554852,0.155688636199,-0.00933394636597,-0.0593026244228,0.000361070265984,-0.0939220324282,-0.0101291422706,0.0335828161059,-0.0120983215053,0.574075756314,0.818787566596,0.0021664953454,0.0,0.81874696313,-0.574016004578,-0.0118230179646,0.0,-0.00843709954722,0.00856128429585,-0.999927757272,0.0,0.65845610593,0.256606865943,0.30350525478,1.0,-0.01152,-0.0151405714286,0.577
0.46253727777,0.528803691914,-0.124052925279,-1.38534510324,0.077726499854,1.90492065372,0.155477451897,-0.0103529726683,-0.0609256912979,-0.000413122766249,-0.102175736536,-0.0068839891229,0.0378195228947,-0.0115109882084,0.574065183022,0.818794968549,0.00217071908717,0.0,0.818754485109,-0.574005482123,-0.0118129804423,0.0,-0.00842656653108,0.00855887155299,-0.999927866746,0.0,0.658270643897,0.256372469222,0.303510492145,1.0,-0.01184,-0.0155611428571,0.593
0.462382466432,0.527564395129,-0.124053398691,-1.38725834081,0.0776103922695,1.905669055,0.155208194942,-0.00682464706128,-0.0647496021716,-0.000349478003164,-0.103744617724,-0.00549083586797,0.038003917511,-0.00816744209092,0.57404433221,0.818809421486,0.00223222888089,0.0,0.81876976977,-0.57398442843,-0.0117765415678,0.0,-0.00836163955738,0.00858810381452,-0.999928161148,0.0,0.658050905208,0.256091457387,0.303537190445,1.0,-0.01222,-0.0160605714286,0.612
0.462254672283,0.526543156213,-0.124055383443,-1.38881752121,0.0775101771457,1.90626168042,0.154991640119,-0.00897197780619,-0.0693723176388,0.000817644387371,-0.103139766004,-0.000764175736583,0.0394730213431,-0.0147693659343,0.574030288946,0.818819149414,0.00227482473758,0.0,0.81878011137,-0.573970286945,-0.0117467370189,0.0,-0.00831293145651,0.00860572978407,-0.999928415731,0.0,0.657869294816,0.25585855745,0.303565162331,1.0,-0.01252,-0.0164548571429,0.627
0.462094817036,0.525305014835,-0.124064835056,-1.39076614594,0.0773892759935,1.90696617703,0.15472982079,-0.0125626352698,-0.0724017070269,2.03729694585e-05,-0.108960060921,-0.00594872417866,0.0371117029554,-0.0136446691388,0.57402578991,0.818822327978,0.0022659706409,0.0,0.81878319158,-0.573965839154,-0.0117493647482,0.0,-0.00832021264485,0.00859994262944,-0.999928404961,0.0,0.657634883334,0.255561136519,0.30357005588,1.0,-0.01288,-0.016928,0.645
0.461954952009,0.524181227496,-0.124073362755,-1.39253322147,0.0772704980334,1.90759482044,0.154490177492,-0.00705659720666,-0.0715233542399,-0.000604451772207,-0.115358382742,-0.00834751368408,0.0424624247638,-0.0170606130262,0.574012871946,0.818831439924,0.00224560327268,0.0,0.818792118535,-0.573953082063,-0.0117504517536,0.0,-0.00833292884443,0.00858375808273,-0.999928438136,0.0,0.657418913093,0.255292697536,0.303573991898,1.0,-0.0132,-0.0173485714286,0.661
0.461793026066,0.522992508514,-0.124072332183,-1.39443782467,0.0771666893132,1.90831100756,0.154233961616,-0.00709639779467,-0.0710888543957,0.00019763477603,-0.115336679054,-0.00327064222385,0.0423621541862,-0.0156725567591,0.574009279925,0.818833943481,0.00225088073496,0.0,0.818794565247,-0.573949341212,-0.0117626759489,0.0,-0.00833994738801,0.00859505954576,-0.999928282543,0.0,0.657191855994,0.255008191942,0.303565171423,1.0,-0.01354,-0.0177954285714,0.678
0.461638394598,0.521835484288,-0.124080071543,-1.39627707798,0.0770464092908,1.90902465506,0.153983467389,-0.0081336314677,-0.0692495299569,-0.00190420926881,-0.119703464274,-0.0131066210512,0.0442907905308,-0.0132108320682,0.574002426245,0.818838698831,0.00226867002117,0.0,0.818799677427,-0.573942550834,-0.0117381211678,0.0,-0.0083097015923,0.00859546180067,-0.999928530894,0.0,0.656979272781,0.254727925573,0.303564893231,1.0,-0.01386,-0.018216,0.694
0.461484123141,0.520664014094,-0.124083930761,-1.39817160243,0.0769289233247,1.90974154069,0.15372038432,-0.0104289223768,-0.0718353156193,-0.000280629195952,-0.119306111732,-0.00258935291788,0.0392290464309,-0.0140687913245,0.573985637774,0.818850493781,0.00225906298907,0.0,0.818811372477,-0.573925826362,-0.0117400612568,0.0,-0.00831698049197,0.00858853837055,-0.999928529868,0.0,0.656752951981,0.254444500708,0.303548335229,1.0,-0.01418,-0.0186365714286,0.71
0.461291393745,0.519189135448,-0.124089755811,-1.40045220297,0.0767876195571,1.91056348387,0.153416712049,-0.0106546867593,-0.0725939968533,-0.000173634628573,-0.12165133826,-0.00630663492091,0.0439246764233,-0.0109015107498,0.57398196162,0.818853037863,0.00227090692036,0.0,0.81881405606,-0.573922091224,-0.0117354891232,0.0,-0.00830647719607,0.00859557506536,-0.999928556711,0.0,0.656475233081,0.254096195641,0.303569806874,1.0,-0.01456,-0.019136,0.729
0.461143641692,0.517998390923,-0.124096382393,-1.40231384394,0.0766531732414,1.91124022254,0.153163660441,-0.0101247326839,-0.0754116344608,0.000232478295015,-0.123179581635,-0.013545172568,0.039587281309,-0.0229410955243,0.573962701117,0.818866560879,0.00226276431221,0.0,0.818827641378,-0.573903037466,-0.0117193943232,0.0,-0.00829817257873,0.00857947436744,-0.999928763938,0.0,0.656247704467,0.253814273499,0.303578254562,1.0,-0.01486,-0.0195302857143,0.744
0.460958476881,0.516652864014,-0.124103179377,-1.4044391586,0.0765217157247,1.91200507868,0.152860317582,-0.0142715076707,-0.0725224392697,-0.000603916550974,-0.129148224914,-0.00975749433587,0.0481697809901,-0.0207347728851,0.573947621006,0.818877172316,0.00224764398986,0.0,0.818838038643,-0.573887997571,-0.0117294338087,0.0,-0.00831522977548,0.00857270207755,-0.999928680323,0.0,0.655988114652,0.253484930216,0.303577137583,1.0,-0.0152,-0.0199771428571,0.761
0.460773234221,0.51519190563,-0.124106787442,-1.40674629105,0.076388069643,1.91288296861,0.152555099214,-0.00878661536114,-0.0810384527042,0.00156142984811,-0.129966507752,-0.00972710229066,0.049578120364,-0.0148708534777,0.573937853389,0.818883941139,0.00227558628894,0.0,0.818845118486,-0.573878072738,-0.0117207705831,0.0,-0.008292201385,0.00859051202689,-0.999928718709,0.0,0.655709617919,0.253144646641,0.303579722118,1.0,-0.01556,-0.0204502857143,0.779
0.460606035668,0.513963686428,-0.124109997213,-1.40873257323,0.0762626576377,1.91359193712,0.152283811246,-0.00378276554981,-0.0871035203621,-0.000255151967443,-0.134100083929,-0.0138688791921,0.0503854191336,-0.021293177695,0.573925413357,0.818892784477,0.00223032174528,0.0,0.818853351556,-0.573865781724,-0.0117473449849,0.0,-0.00834007128523,0.00856857123401,-0.999928508843,0.0,0.655461506684,0.252841449645,0.303556792646,1.0,-0.01586,-0.0208445714286,0.794
0.460396205004,0.512492630743,-0.124118447701,-1.41113874601,0.0761221066526,1.9144180839,0.151946841497,-0.0127788317062,-0.0739820775057,-0.00078362676844,-0.136772532946,-0.0165781093726,0.0426003317518,-0.0209791571612,0.573915353212,0.818900076657,0.00213978948233,0.0,0.818859311307,-0.573855913909,-0.0118137741517,0.0,-0.00844653233144,0.00853245718315,-0.999927924036,0.0,0.655155303178,0.252466208106,0.303514142328,1.0,-0.01622,-0.0213177142857,0.812
0.460207459935,0.511122615417,-0.124121652925,-1.41329498903,0.0759953587978,1.91523283613,0.151644885463,-0.0103433487388,-0.084616526472,-0.00114594033322,-0.134945671723,-0.00572736058221,0.0476014529018,-0.0124866863507,0.57390364894,0.818908213739,0.00216474133708,0.0,0.818867726862,-0.573844066757,-0.0118059244558,0.0,-0.00842590676007,0.0085482645228,-0.99992796304,0.0,0.654895535359,0.252137608244,0.303518004796,1.0,-0.01654,-0.0217382857143,0.828
0.460003985294,0.509642867533,-0.124116734932,-1.41564144176,0.075847088734,1.91612519503,0.151307761201,-0.0114570540271,-0.0832870756441,6.41971584309e-05,-0.144553687217,-0.0148324659408,0.0515813984487,-0.0167062466153,0.573873118883,0.818929559957,0.00218315224424,0.0,0.818889318702,-0.573813475094,-0.0117951862143,0.0,-0.00840686633842,0.00855686510071,-0.999928049741,0.0,0.654610960852,0.251784849563,0.303514171117,1.0,-0.01688,-0.0221851428571,0.845
0.459796239386,0.508153912479,-0.124124414775,-1.41801428982,0.0756898096277,1.91696639786,0.150986930174,-0.0131454036348,-0.088547584892,-0.000645416997964,-0.141700198017,-0.0106634988725,0.0515443656568,-0.0136167070335,0.573866467013,0.81893433842,0.00213876038205,0.0,0.818893564154,-0.573807042282,-0.0118133702215,0.0,-0.00844730139464,0.00853087839052,-0.99992793101,0.0,0.654313526588,0.251414176561,0.303499670147,1.0,-0.01722,-0.022632,0.862
0.459579288554,0.506621197725,-0.124127688822,-1.42042327822,0.0755388715371,1.91783827629,0.150651661908,-0.00945770882228,-0.09057980423,-0.00135015139229,-0.145689710164,-0.0132230761745,0.055597256913,-0.0175954398597,0.573855730422,0.818941877841,0.00213266995778,0.0,0.818900995873,-0.573796302223,-0.0118198737077,0.0,-0.00845623424307,0.00852951203183,-0.999927867162,0.0,0.654014716158,0.25103949391,0.303500565515,1.0,-0.01756,-0.0230788571429,0.879
0.459380030206,0.505119301856,-0.124128797324,-1.42273530865,0.0753872117126,1.91872096986,0.150339314803,-0.0104582778465,-0.0888305129074,0.00158954042014,-0.14111815352,-0.00514264641182,0.0560452945292,-0.018278128642,0.573842273887,0.818951162328,0.00218753783519,0.0,0.818911084051,-0.573782724831,-0.011779983279,0.0,-0.00839222115506,0.00855141601245,-0.999928219378,0.0,0.653734642798,0.250689394728,0.303526354834,1.0,-0.01788,-0.0234994285714,0.895
0.459151138819,0.503471054139,-0.124134590874,-1.4252083541,0.0752294168761,1.91966828752,0.149990994805,-0.0136082400097,-0.0901948456038,-0.00132937765171,-0.14330495331,-0.00883910925137,0.0586610105517,-0.0202159471448,0.573833283861,0.818957161441,0.00229716305947,0.0,0.818918591006,-0.573773406621,-0.0117117915452,0.0,-0.00827356377679,0.00860197095284,-0.999928774583,0.0,0.653426551963,0.250278627896,0.303586157095,1.0,-0.01824,-0.0239725714286,0.913
0.458916995943,0.501785854675,-0.124143670392,-1.42771463855,0.075067959781,1.92059185731,0.149642835001,-0.0131982320415,-0.0958501955863,0.000285328141901,-0.148635679981,-0.0130357787394,0.0543283785337,-0.0246160452948,0.573823549462,0.818963741013,0.00238157287942,0.0,0.818926339982,-0.573763441769,-0.0116580219002,0.0,-0.00818119528941,0.0086401466176,-0.999929205449,0.0,0.653119451488,0.249885024879,0.303654338982,1.0,-0.01858,-0.0244194285714,0.93
0.458693283237,0.500164658272,-0.12414408364,-1.43015448347,0.0749099319575,1.92144876811,0.149287180217,-0.0151670760408,-0.098850005655,0.000578431165517,-0.150983073234,-0.0134390363413,0.0527747621831,-0.0211489128292,0.573804439491,0.818977072847,0.00240130651075,0.0,0.818939888549,-0.573744221637,-0.0116522093442,0.0,-0.00816531377362,0.00865278173074,-0.999929226005,0.0,0.652826208095,0.249525024893,0.303690941468,1.0,-0.01888,-0.0248137142857,0.945
0.458424348145,0.498400751713,-0.124142742001,-1.4329287967,0.074737086788,1.92248316612,0.148896581068,-0.0182982904726,-0.0927075088128,0.000850784036974,-0.153694512219,-0.00912928210879,0.0616152814959,-0.0217562007902,0.573798322407,0.818981304383,0.00241974692553,0.0,0.818944328771,-0.573738006904,-0.0116461456636,0.0,-0.00814983169786,0.00866434368147,-0.999929252193,0.0,0.652485709782,0.249086765238,0.303690300503,1.0,-0.01924,-0.0252868571429,0.963
0.45820848736,0.497001956935,-0.124144911991,-1.43512281886,0.0746055902087,1.92327638816,0.148566523018,-0.0148818398996,-0.102373815234,0.000558351289315,-0.157686951504,-0.000635424036445,0.0575914810418,-0.0202791513008,0.573782001535,0.818992737633,0.00242019003594,0.0,0.818955676739,-0.573721589702,-0.0116569270145,0.0,-0.00815858037118,0.00867073022131,-0.99992912549,0.0,0.652211849249,0.248735545267,0.303689909909,1.0,-0.01952,-0.0256548571429,0.977
0.457924124217,0.495258831326,-0.124145148117,-1.43798480414,0.0744316140177,1.92425155459,0.148148225364,-0.0180375654495,-0.0879070686161,8.13036148825e-05,-0.159238937393,-0.00917191287135,0.055388748916,-0.0217097460162,0.573769705087,0.819001696909,0.00230062713563,0.0,0.818962875561,-0.573709515195,-0.0117451066134,0.0,-0.00829953035983,0.00862328059727,-0.999928375849,0.0,0.651839505576,0.248271872802,0.303626848973,1.0,-0.01988,-0.026128,0.995
0.45763215913,0.493453563315,-0.124148914244,-1.4409239871,0.0742373867064,1.92531481138,0.147749665881,-0.0160550819137,-0.102385943772,-2.24598246828e-05,-0.159331858761,-0.00988119399519,0.0666112114442,-0.0186247818621,0.573780219259,0.818994523187,0.00223111581009,0.0,0.818954823638,-0.573720318126,-0.0117788076994,0.0,-0.00836690361195,0.00858579522229,-0.99992813694,0.0,0.651469979323,0.247795655216,0.303577327793,1.0,-0.0209674285714,-0.0275571918367,1.013
0.457340846182,0.491616456227,-0.124148319525,-1.44386696649,0.0740479492821,1.92640919209,0.147325503237,-0.0180100405413,-0.114692196927,-0.000221727467399,-0.179151696456,-0.0111318445448,0.0668493260724,-0.0183578475338,0.573774512142,0.81899860011,0.00220207538243,0.0,0.818958510226,-0.573714710623,-0.0117956027486,0.0,-0.00839738077339,0.00857158961678,-0.999928003332,0.0,0.651077860662,0.247294316848,0.303544656147,1.0,-0.0224485714286,-0.0295038367347,1.031
0.457044908299,0.489782699575,-0.124156405185,-1.44682523229,0.0738638489598,1.92742845351,0.146910797705,-0.021245506732,-0.117748115585,0.00336841632379,-0.187338290544,-0.0184035752304,0.0681888039012,-0.0220380686073,0.573773050296,0.818999827561,0.00212511418635,0.0,0.818958619611,-0.573713432847,-0.0118500311129,0.0,-0.00848613026734,0.00853977349545,-0.999927526305,0.0,0.650719805328,0.24684121889,0.303505937082,1.0,-0.0236828571429,-0.0311260408163,1.046
0.456711499588,0.487682343428,-0.124172136777,-1.45009549062,0.0736632313126,1.92865600542,0.146450237088,-0.0153739783436,-0.134573183619,-0.00103858164416,-0.19577986009,-0.0123171779485,0.0795872932956,-0.0271896259741,0.57378957388,0.818988096453,0.00218395891669,0.0,0.818947643163,-0.573729710862,-0.0118204709409,0.0,-0.00842798514211,0.00857117601354,-0.999927749394,0.0,0.650296273765,0.246271954882,0.303519349414,1.0,-0.025164,-0.0330726857143,1.064
0.456325272022,0.485309059775,-0.124190934762,-1.45370283842,0.0734346757565,1.93004554441,0.145899845066,-0.0185240919751,-0.132631869106,0.00064617119502,-0.205248654223,-0.0130166528828,0.0751485929184,-0.0317038585878,0.573784167398,0.818991581082,0.00229483373221,0.0,0.818952732065,-0.573724046934,-0.0117425514174,0.0,-0.00830060926786,0.00861721635093,-0.999928419172,0.0,0.64988786236,0.245705342655,0.303568202537,1.0,-0.0265628571429,-0.0349111836735,1.081
0.455956051747,0.483109384878,-0.124230311173,-1.45710472615,0.0732262759843,1.93119816294,0.145387413007,-0.0249494034677,-0.140783758852,-0.000111752605899,-0.216816910825,-0.00887770678707,0.0746992988459,-0.0370007909492,0.573796506561,0.818983011961,0.00226761540416,0.0,0.818943731782,-0.573736407274,-0.0117663097143,0.0,-0.00833555473965,0.0086086825743,-0.999928201978,0.0,0.649481714299,0.245154947935,0.303584160074,1.0,-0.0277971428571,-0.0365333877551,1.096
0.455545313139,0.480622469485,-0.124258225032,-1.46093918359,0.0729873027906,1.93257323396,0.144807521862,-0.0299109704857,-0.145370339809,-0.00280805996263,-0.227633310605,-0.0214577715233,0.0927857004761,-0.0347803155166,0.57380963836,0.818973802693,0.00227075511074,0.0,0.818934550931,-0.573749512709,-0.0117662593438,0.0,-0.00833357396708,0.00861135863111,-0.999928195446,0.0,0.648969882158,0.244463970699,0.30359592814,1.0,-0.0292782857143,-0.0384800326531,1.114
0.455112934593,0.478070638468,-0.124271912815,-1.46487551288,0.0727471633953,1.93402977919,0.144232283411,-0.024857287784,-0.150921019562,-0.0012402731713,-0.234969340476,-0.0237587995283,0.0900553657405,-0.0346896750501,0.573828964062,0.818960089021,0.00233227261119,0.0,0.818921573373,-0.573768538298,-0.0117417215693,0.0,-0.00827797607134,0.00864785477874,-0.999928342293,0.0,0.648479725291,0.243803295592,0.303616966117,1.0,-0.0306771428571,-0.0403185306122,1.131
0.454684726058,0.475550827144,-0.124288592191,-1.46872077028,0.0725054740054,1.93544531445,0.1436949136,-0.0284695054478,-0.159261012899,-0.00259577024185,-0.246841357074,-0.0142213133157,0.0857180073885,-0.0252936534108,0.573871848567,0.818929827539,0.0024053876937,0.0,0.818892268813,-0.573811154879,-0.0117028848925,0.0,-0.00820376116412,0.00868587680275,-0.999928624376,0.0,0.648000008505,0.243151302431,0.303654118778,1.0,-0.0319937142857,-0.0420488816327,1.147
0.454211868704,0.472751411289,-0.124287551202,-1.47304906601,0.072233814311,1.93694251957,0.14305369757,-0.0296546279105,-0.165207308595,0.000137839375595,-0.263801823256,-0.00791692011975,0.0842502538143,-0.0408311235143,0.573866714257,0.818933489041,0.00238363069385,0.0,0.818895408811,-0.573805849062,-0.0117432495767,0.0,-0.00824935794011,0.00869117161277,-0.999928203237,0.0,0.647429974139,0.242428781457,0.303659786433,1.0,-0.0333925714286,-0.0438873795918,1.164
0.453731348954,0.469878361432,-0.124283128134,-1.47746422172,0.0719519127441,1.93856158419,0.142369923782,-0.0264951382154,-0.167875659505,0.00233062984304,-0.265496746085,-0.0231155787255,0.103376450312,-0.0377288580834,0.573830909668,0.818958385313,0.00244890512871,0.0,0.818921068864,-0.573769719131,-0.0117191842886,0.0,-0.00819257436676,0.00873045827483,-0.999928327843,0.0,0.646863019301,0.241700863894,0.30368355356,1.0,-0.0347914285714,-0.045725877551,1.181
0.453234572676,0.466864618802,-0.124285716113,-1.48201101861,0.0716544364314,1.94028559328,0.141636829611,-0.027711553972,-0.173193214201,0.000133826125389,-0.277582679843,-0.02220038182,0.0972600581352,-0.0478212733494,0.573773685536,0.818997998033,0.0026045932644,0.0,0.81896279844,-0.573712052336,-0.0116259484088,0.0,-0.00802749647902,0.0088038977573,-0.999929022823,0.0,0.646290793503,0.240949572686,0.303748919116,1.0,-0.0361902857143,-0.0475643755102,1.198
0.4526989314,0.463772403951,-0.124296074465,-1.4868338712,0.0713236264993,1.94190771747,0.140922806206,-0.0331814494001,-0.180784818749,-0.000251372182815,-0.285873906374,-0.0201969234815,0.0969538359481,-0.0398476823427,0.57377034022,0.819000659792,0.00250256776263,0.0,0.818964061469,-0.573708985691,-0.0116881419104,0.0,-0.00813700698622,0.00875599079939,-0.999928558319,0.0,0.645640167335,0.240126115406,0.30372649267,1.0,-0.0375891428571,-0.0494028734694,1.215
0.452135505971,0.460593682489,-0.124300062307,-1.49182670867,0.0709894721732,1.9436492977,0.14019161578,-0.0346147368832,-0.190196040822,0.00192285884955,-0.290727366123,-0.0211105704922,0.103860317905,-0.0495361892634,0.573776869944,0.818996293322,0.00243350432446,0.0,0.818958702342,-0.573715663469,-0.0117357679731,0.0,-0.00821556909635,0.00872681977602,-0.999928170941,0.0,0.644974382432,0.239277606788,0.303690759647,1.0,-0.038988,-0.0512413714286,1.232
0.451573721413,0.457528792088,-0.124303865472,-1.4965938595,0.0706670559107,1.94536002858,0.139453692066,-0.0380192922361,-0.188330802714,-0.000698632959784,-0.298057069186,-0.0171420574551,0.107519426769,-0.0420580418062,0.573767476408,0.819002882075,0.00243085787318,0.0,0.818965264609,-0.573706289249,-0.0117360956615,0.0,-0.00821745593246,0.00872474613032,-0.999928173532,0.0,0.644350806893,0.238455732521,0.303679012231,1.0,-0.0403045714286,-0.052971722449,1.248
0.450937868611,0.454192998885,-0.12433040829,-1.50191269155,0.0703022404714,1.94718767462,0.138625634702,-0.0400030891422,-0.19811627407,-0.00338023620546,-0.312599193652,-0.0225201824466,0.108301564063,-0.0522778192675,0.573772957388,0.818999468041,0.00228289720223,0.0,0.81895991467,-0.573712314888,-0.0118146015869,0.0,-0.008366587259,0.00864866670447,-0.99992759777,0.0,0.643639055554,0.237513550927,0.303599693269,1.0,-0.0417034285714,-0.0548102204082,1.265
0.450299940611,0.450601434766,-0.12438857508,-1.50724348802,0.0699561504887,1.94917176696,0.137781268249,-0.0385681824204,-0.213435618926,-0.00335602961392,-0.319978777407,-0.0228642021677,0.112749278086,-0.0481931618245,0.573794738368,0.818983641952,0.00247776880881,0.0,0.818946862298,-0.573733620873,-0.0116840024084,0.0,-0.00814758444085,0.00873354824433,-0.999928668457,0.0,0.642963823802,0.236567072702,0.303701062247,1.0,-0.0431022857143,-0.0566487183673,1.282
0.449670428469,0.447165761901,-0.124405401264,-1.51246123236,0.0695935642743,1.95094454116,0.137020508932,-0.0342901943237,-0.215111082347,-0.000672703524005,-0.331260409206,-0.0205523762522,0.107660878087,-0.050820666496,0.573834205317,0.818956046274,0.00245885745773,0.0,0.81891900849,-0.573773137601,-0.0116957686062,0.0,-0.00816765131003,0.00872520518224,-0.999928577583,0.0,0.642255467653,0.235646425708,0.303727074129,1.0,-0.0444188571429,-0.0583790693878,1.298
0.448980122311,0.443471649226,-0.124409000393,-1.518155907,0.0691986706933,1.95290451046,0.136148295703,-0.0427640220349,-0.214640890554,0.00154949575952,-0.336384997897,-0.0192497060084,0.120816016751,-0.0536462451533,0.573832855858,0.81895712428,0.00241433854573,0.0,0.818919436655,-0.573771874579,-0.011727707029,0.0,-0.00821936791793,0.00870706001678,-0.999928311979,0.0,0.64147787651,0.234650364528,0.303716213933,1.0,-0.0458177142857,-0.0602175673469,1.315
0.448266657076,0.439697934921,-0.124415711394,-1.52396033729,0.0688027272925,1.95497774039,0.135183940742,-0.0436731467893,-0.221008968586,-0.000490116927667,-0.343257711412,-0.0164647381222,0.116868429264,-0.0567228041254,0.573780024694,0.818994061343,0.00244082945982,0.0,0.818956704083,-0.573718938275,-0.0117151015411,0.0,-0.00819440627173,0.00872099280734,-0.999928395432,0.0,0.640697363018,0.233634081056,0.303714171324,1.0,-0.0472165714286,-0.0620560653061,1.332
0.447549916084,0.436082397005,-0.124425339434,-1.52955691686,0.0684272521997,1.95696686934,0.134291935409,-0.0434374269495,-0.234738172933,-0.00176906156817,-0.353938557035,-0.021117946209,0.128692185804,-0.0590958023975,0.573785492861,0.818990228931,0.00244131084707,0.0,0.818952797344,-0.573724318249,-0.0117247291192,0.0,-0.00820195709717,0.00872696584483,-0.999928281412,0.0,0.639943574261,0.232635070627,0.303692618084,1.0,-0.0485331428571,-0.0637864163265,1.348
0.44670851964,0.431816113507,-0.124452439556,-1.53593516215,0.0679621445907,1.95926968217,0.13326815692,-0.0468624700049,-0.233298265942,0.00364820494461,-0.365262689073,-0.0285098410696,0.129769241064,-0.0635075565069,0.573803206624,0.818977412004,0.0025740236383,0.0,0.818942071652,-0.573741955119,-0.0116103021224,0.0,-0.00803190446906,0.00877017369155,-0.999929283782,0.0,0.63909965412,0.231471122743,0.303766360777,1.0,-0.0500142857143,-0.0657330612245,1.366
0.445893950841,0.427750338693,-0.124495317623,-1.54230719089,0.0675026936185,1.9612905022,0.13225656127,-0.0492638885691,-0.239369356106,-0.00432710621317,-0.374111919598,-0.024647426405,0.114540498926,-0.0637043145646,0.573817617189,0.81896809261,0.00231352360349,0.0,0.818929247483,-0.573757173769,-0.011761805395,0.0,-0.00830530246861,0.00864390971128,-0.999928149807,0.0,0.638184803276,0.230297926366,0.303679195638,1.0,-0.0514131428571,-0.0675715591837,1.383
0.44516155235,0.424020554518,-0.124522114959,-1.54791376899,0.0670992376319,1.96322638115,0.131315680506,-0.0497537280344,-0.249533603371,-0.000841413508958,-0.366956003048,-0.0296630762409,0.129887362805,-0.0598333534301,0.573791741545,0.818986128509,0.00234639000404,0.0,0.818947827843,-0.573731300795,-0.0117301602895,0.0,-0.0082608002191,0.00865240668384,-0.999928444959,0.0,0.637410768238,0.229275449753,0.303715390938,1.0,-0.0526474285714,-0.0691937632653,1.398
