position_joint1,position_joint2,position_joint3,position_joint4,position_joint5,position_joint6,position_joint7,velocity_joint1,velocity_joint2,velocity_joint3,velocity_joint4,velocity_joint5,velocity_joint6,velocity_joint7,ee_T_00,ee_T_10,ee_T_20,ee_T_30,ee_T_01,ee_T_11,ee_T_21,ee_T_31,ee_T_02,ee_T_12,ee_T_22,ee_T_32,ee_T_03,ee_T_13,ee_T_23,ee_T_33,v_x,v_y,w_z,time
0.465109537559263,0.5473016655648358,-0.12396684835966731,-1.3555660995890382,0.07947081859244241,1.8941765727451885,0.15914769651112368,0.0009164008107556341,0.0011875133125887896,0.0007494468836670222,-0.00066143310249156,-0.00023413598121637042,-7.122920346922701e-05,0.0017333871921830504,0.5737289880678391,0.819029206788425,0.0026369640469146314,0.0,0.818995516831531,-0.5736684545019951,-0.011471469842776263,0.0,-0.007882877526475374,0.008741344814991073,-0.9999307221666549,0.0,0.6617534030677777,0.2609652672720743,0.30368699439910896,1.0,5e-324,6.93383344655807e-310,6.9336212469791e-310,0.0
0.4651096215630085,0.5473063019361111,-0.12396706037919178,-1.3555642367128578,0.07947285309765074,1.8941800977472714,0.15913668792063038,0.001149421362538895,0.002993931682607763,-0.00019952373524399883,0.001300635841005464,0.00032701071124877806,0.00011326297798833733,-0.001732536729962891,0.5737205204866591,0.8190351334040271,0.0026384699302791966,0.0,0.8190014518646593,-0.5736599708278878,-0.011471992613994656,0.0,-0.007882532180949642,0.008742796603046749,-0.9999307121965871,0.0,0.6617543241150242,0.26096593030333304,0.30368491408693316,1.0,-0.00028000000000000014,-0.0003680000000000002,-0.00014000000000000007,0.015000000000000006
0.4651062945266169,0.5472860903475574,-0.12396756877432652,-1.3555773892484357,0.07947153066926532,1.8941805641940155,0.1591366747942416,0.000303917289911093,-0.002651992541201361,0.0014870483159699324,-0.0019367544107624858,-0.00024896978034106833,0.00038141402595097456,-0.0017801410945631104,0.5737239208522742,0.819032730582273,0.0026449533166436395,0.0,0.8189991351415298,-0.5736633523241738,-0.011468292759833094,0.0,-0.007875745980351734,0.00874601675439865,-0.999930737509446,0.0,0.6617529929981794,0.2609619552615142,0.30369302644549734,1.0,-0.0006000000000000004,-0.0007885714285714292,-0.0003000000000000002,0.03100000000000002
0.46510313643798074,0.5472671479967472,-0.12396477635963558,-1.3555999249527526,0.07946833636692818,1.894182540785372,0.15913587427433473,-0.0017354511971473929,-0.0024327984933190964,0.0015579646877344304,-0.0032246161988774722,-0.00012295075676896992,-2.2271401207467575e-05,-0.002506618992889777,0.5737242662757832,0.8190324929555158,0.002643609387836401,0.0,0.8189988749188791,-0.5736636962527312,-0.011469672378612655,0.0,-0.007877643297808046,0.008745710866241471,-0.999930725239262,0.0,0.6617490831999193,0.2609586705358039,0.3036957904039299,1.0,-0.0009400000000000007,-0.0012354285714285726,-0.00047000000000000037,0.048000000000000036
0.4651049255263899,0.5471494410332258,-0.12396692101804944,-1.3557277358955628,0.07946818090716093,1.8941997236598473,0.15914421518042812,0.0005595597899343292,-0.009506861406736494,0.0005266842997750835,-0.003421285327316905,0.0001354874521797927,0.0004281486154961248,0.0006745082843989701,0.5737379716211473,0.8190228548430909,0.0026551960253722766,0.0,0.8189892993845995,-0.5736772655011357,-0.011474730579434649,0.0,-0.007874992620529708,0.008758234403244608,-0.9999306365050351,0.0,0.6617263484003277,0.2609461237454816,0.30371989262274773,1.0,-0.001280000000000001,-0.0016822857142857158,-0.0006400000000000005,0.06500000000000004
0.4650985483669284,0.5470099547798251,-0.12396575562158714,-1.3559130264579715,0.07946618604014273,1.8942346404678465,0.15914199957807718,0.001170538001454312,-0.006844910729953638,5.92039343956191e-05,-0.015803257119012475,0.00031332273884401043,-0.0006620201720667725,0.0007465196003803343,0.573750150466445,0.8190143306111426,0.0026529218839155422,0.0,0.8189806235533973,-0.5736893144001451,-0.011491548563548875,0.0,-0.00788994192355108,0.00876613811147929,-0.9999304494008839,0.0,0.6616960232529389,0.26092445697160915,0.303733482437996,1.0,-0.0016200000000000012,-0.002129142857142859,-0.0008100000000000006,0.08200000000000006
0.465077008930535,0.5468662678083366,-0.12397076339650165,-1.3560829281148954,0.07946032586837581,1.8943186132891046,0.15913736978404758,-0.0004420126947884513,-0.0056182970065650805,-0.0009191916678215089,-0.012943184599257064,-0.00019463515439994218,0.003120061666185752,-0.00475472900635035,0.5737775146993639,0.8189950045687745,0.002700558835260095,0.0,0.8189619002699203,-0.5737165064460193,-0.011468349439389718,0.0,-0.00784331672924371,0.008792105109820522,-0.9999305882262142,0.0,0.6616821633031637,0.2608941833546613,0.3037583351226638,1.0,-0.0019200000000000016,-0.002523428571428574,-0.0009600000000000008,0.09700000000000007
0.4650505353097074,0.5466508854089901,-0.123967967955534,-1.356336908402475,0.0794576430969626,1.8944605960353378,0.15912983507260856,-0.002063972824508163,-0.011773755640960634,7.794712466901513e-05,-0.01074612711752258,-0.00013507775540663549,0.009922963435947521,-0.0011080042342242328,0.5738078789531132,0.818973421196508,0.002792906411774797,0.0,0.8189414823386812,-0.5737465438236818,-0.011423609609569056,0.0,-0.007753361519618418,0.00884235435966936,-0.9999308466861716,0.0,0.6616667942361167,0.2608606441795831,0.30380296968403553,1.0,-0.0022800000000000016,-0.0029965714285714313,-0.0011400000000000008,0.11500000000000009
0.4650197395504659,0.5464518886449822,-0.12397171176046835,-1.356570845467049,0.07945014165137462,1.8945708385294808,0.15912683013271775,-0.0006004380830530191,-0.014289480523134914,-0.0003058775678716,-0.012917411357804488,0.00017351187588653444,0.0020143838841665163,-0.0001665329381421311,0.5738420959425398,0.8189491875101431,0.0028677695092487205,0.0,0.8189182132553877,-0.5737805247962962,-0.011384913890712963,0.0,-0.0076783435185670545,0.008881782533550861,-0.9999310761146678,0.0,0.661648720114987,0.26081806092666326,0.30384352282876104,1.0,-0.0026200000000000017,-0.0034434285714285743,-0.0013100000000000008,0.1320000000000001
0.46499058077436684,0.5461962867387822,-0.12396840333889651,-1.3569532116526504,0.07943756486691697,1.8947181554239667,0.1591120329366529,-0.001031866597503573,-0.01604373389370439,0.00125834247944196,-0.023449296864403335,-0.00030914808573816546,0.001688333420671143,-0.001690922134494956,0.5738667810486724,0.818931817652487,0.0028883466615461442,0.0,0.8189010252391171,-0.5738050476620994,-0.011385299338498776,0.0,-0.0076665835934925375,0.00889908646003676,-0.9999310124984525,0.0,0.6616057379392404,0.26076690545197456,0.3038566748772003,1.0,-0.002960000000000002,-0.0038902857142857176,-0.001480000000000001,0.1490000000000001
0.46495802910500095,0.5459266765650614,-0.12396795999116243,-1.357392198274787,0.07941947804682517,1.8948653899495993,0.1590962526324427,-0.001081551915154649,-0.014633955180514692,0.00021012589643698416,-0.029008515601994488,-0.0021320258814832996,0.006037915823683576,-0.0017213351635789295,0.573899901994195,0.8189086581846761,0.0028738375797729126,0.0,0.8188775888253268,-0.5738381045496259,-0.011404875611751174,0.0,-0.007690581941955876,0.008898749512343554,-0.9999308312110945,0.0,0.6615509016170399,0.2607041221753167,0.30385135934886653,1.0,-0.0033000000000000026,-0.0043371428571428615,-0.0016500000000000013,0.16600000000000012
0.46491892282629327,0.5456242339773671,-0.12396975550471254,-1.3578732577299517,0.07939194587142687,1.8950302659617515,0.15908108459039955,0.0011185559481078902,-0.014538378032396467,-0.0007827512832545647,-0.026935791913654993,-0.0010313914759425892,0.0023547607139357257,-0.00042678207933943157,0.5739414078524107,0.8188795976868107,0.0028656143997125346,0.0,0.8188484021627526,-0.573879607218723,-0.011412168733392505,0.0,-0.00770082273968814,0.00889659124886194,-0.9999307716003555,0.0,0.6614985686166797,0.2606332609236726,0.3038502233730776,1.0,-0.0036200000000000026,-0.00475771428571429,-0.0018100000000000013,0.18200000000000013
0.4648738305582401,0.5453135663319988,-0.12397120231691716,-1.3583890829369025,0.07933036925430027,1.8952023846443136,0.15901948632737553,-0.0033627997682350664,-0.020173592480454826,0.0006801315398873132,-0.03134090069327765,-0.0009325746066340161,0.014663066893472406,0.001013769529521629,0.5739438930340378,0.8188780297679684,0.002815477485588213,0.0,0.8188464282847588,-0.5738825236751827,-0.011407138410017403,0.0,-0.007725450440566106,0.008852671551773508,-0.9999309714284715,0.0,0.6614295301272675,0.26053563383941064,0.30384204141609705,1.0,-0.003980000000000003,-0.005230857142857147,-0.0019900000000000013,0.20000000000000015
0.46481215873760345,0.544920696233799,-0.12396936063461031,-1.3590406669922763,0.07930377870466045,1.895417833060618,0.15892810119167908,-9.244849383541209e-05,-0.02625575857642271,0.001067623464913446,-0.030652051008482555,0.0002940673179128837,0.010654128044298886,-0.0019721927103840196,0.5739438203624225,0.8188781765800166,0.002787452238593815,0.0,0.8188460466238976,-0.573882347836804,-0.011443324295822763,0.0,-0.007771168517285154,0.008850489909072737,-0.9999306364784735,0.0,0.6613539635760654,0.26044311500698386,0.3038266631823625,1.0,-0.0043200000000000035,-0.005677714285714291,-0.0021600000000000018,0.21700000000000016
0.4647506558148051,0.5445156294391775,-0.12397177881693891,-1.3597408583189445,0.07928038733290849,1.8956338567088937,0.15892663544086116,-0.0006571750207406335,-0.026884983660336485,0.0008660302959339053,-0.045523050210181396,-0.0012039713451320612,0.008919133419713421,0.0013862983255429004,0.5740273713022639,0.8188198067889929,0.002729085388462957,0.0,0.8187867217934957,-0.5739658473535472,-0.01150031249983411,0.0,-0.007850432996799939,0.008836203156440778,-0.9999301436678169,0.0,0.6612647279028255,0.2603341188279945,0.3037988620508471,1.0,-0.0046600000000000035,-0.006124571428571434,-0.0023300000000000018,0.23400000000000018
0.46469647999397645,0.5441310719117379,-0.12397977304562957,-1.3603882909250864,0.07925055705515786,1.8958511147235286,0.15889333201404293,-0.0013468054334600027,-0.02859796370088206,0.00015964990864048232,-0.04489752251311471,0.00022900662429082397,0.023699346729851398,-0.0013308272771593102,0.5740781693793421,0.8187843138167339,0.002692543580368097,0.0,0.8187506842414697,-0.5740166778484024,-0.011528985524197777,0.0,-0.007894339570968134,0.008823230677840604,-0.9999299125454464,0.0,0.6611869733155017,0.26023177848268253,0.30378190966425844,1.0,-0.004960000000000004,-0.00651885714285715,-0.002480000000000002,0.2490000000000002
0.4646235353691073,0.543641160902672,-0.12398351522862056,-1.3611912131330948,0.07920623288374429,1.896136285039021,0.1588193263721079,-0.001022202563243954,-0.023595770184763994,-0.000515736302574714,-0.04089634278393211,-0.0011452127417132332,0.016903299623128355,-0.0023601618420257863,0.5741128666869223,0.8187600614412575,0.0026692685215969946,0.0,0.8187260925730612,-0.5740514054075837,-0.011546263067897074,0.0,-0.007921474225581093,0.008814427681194073,-0.9999297755896392,0.0,0.6610944131796008,0.26010468567333106,0.3037711901225226,1.0,-0.0053200000000000035,-0.006992000000000006,-0.0026600000000000018,0.2670000000000002
0.46455146508526274,0.5431307529895383,-0.1239807377230029,-1.362009556746721,0.07915923001737481,1.8964257226827754,0.15876116334036577,-0.003985453959785154,-0.028323965718083363,-0.0011558360729369307,-0.05215133702152589,-0.0006577525667218016,0.012747883631087926,-0.0010185954822472542,0.574155318975194,0.8187303395666438,0.002654744204239789,0.0,0.8186961291366515,-0.5740938414083695,-0.01156098156964062,0.0,-0.007941406964759812,0.008811397511349225,-0.9999296441896885,0.0,0.6609980043914069,0.25998024873504144,0.30376772843929745,1.0,-0.0056600000000000044,-0.00743885714285715,-0.0028300000000000022,0.2840000000000002
0.46447973120408237,0.5426439697979097,-0.12398250133169271,-1.3628228757963958,0.07911589730952555,1.8967059851765773,0.15872344789069556,-0.005657554373937883,-0.02814706766579179,0.0013310276210191348,-0.05061799735544908,-0.0006137533242747784,0.01739720399401937,-0.005786980039873443,0.5742180657945517,0.8186864553041697,0.002616814450076035,0.0,0.8186516822189833,-0.5741566296176908,-0.011590287627615686,0.0,-0.007986503893766428,0.008797781479697717,-0.9999294049064614,0.0,0.6609009344116462,0.25985366780432173,0.30374924981254847,1.0,-0.005980000000000004,-0.007859428571428578,-0.002990000000000002,0.3000000000000002
0.4643932989639081,0.5420802945317195,-0.12398760384692772,-1.3637137856173307,0.07906090293963916,1.897030577435474,0.15865762427969748,-0.008288591098141656,-0.03448061553383871,-0.0001277431260658917,-0.05468255701258834,-0.00041357670215497286,0.024679672465306342,-0.0005394439288355907,0.5742733653407447,0.8186476823938453,0.002611680035811713,0.0,0.8186128677653178,-0.5742119672436676,-0.011590353937986193,0.0,-0.007988912269599524,0.008794155760008499,-0.9999294175616684,0.0,0.6608019641991646,0.25970836631187866,0.30375210489677507,1.0,-0.006320000000000004,-0.008306285714285721,-0.003160000000000002,0.3170000000000002
0.4643195667143982,0.5414675200815693,-0.12399556902825735,-1.364656781886416,0.07900415577977968,1.8973657700265223,0.15856739710756992,-0.004933021232897466,-0.033160894372841504,0.0009336237682164136,-0.054093976307165774,-0.00851464268934093,0.02359372923232687,-0.005112859947101891,0.574301514256885,0.8186279415609798,0.0026097737623178973,0.0,0.8185930965006047,-0.5742401128271459,-0.011592328628310413,0.0,-0.007991321200861878,0.008794003982091403,-0.9999293996475088,0.0,0.660684048542117,0.2595567651121969,0.30376383022300013,1.0,-0.006680000000000005,-0.00877942857142858,-0.0033400000000000027,0.33500000000000024
0.4642235047153625,0.5408398168068089,-0.12399673599773384,-1.365642278258892,0.07893787502102394,1.8977235485145911,0.15851404445980843,-0.011061406635917037,-0.0418972897556384,-0.00012936688578366504,-0.05663923975682671,-0.0010224450562719776,0.021396602067465822,-0.0016050257858571722,0.5743752957649328,0.818576178399139,0.0026089602555627537,0.0,0.8185413949982998,-0.5743139673446507,-0.01158440711875608,0.0,-0.007984511119855875,0.00878950845745495,-0.9999294935760487,0.0,0.6605811413635203,0.25940537670195213,0.30377150072104575,1.0,-0.007000000000000005,-0.009200000000000009,-0.0035000000000000027,0.35100000000000026
0.4641534781825173,0.5402703735676057,-0.12399952297432826,-1.366490911100661,0.07888979788375078,1.8980455355425572,0.15843611642943659,-0.0015444782209685485,-0.0400990992861144,-0.0004760471316660355,-0.05943783503404419,-0.0010846989466875047,0.027767248556491,-0.008542981468597603,0.5744049658857673,0.8185552394277035,0.002646142935328102,0.0,0.8185209335860302,-0.5743435036480665,-0.011565811684678332,0.0,-0.00794761376429065,0.008809552663193415,-0.9999296111313675,0.0,0.6604859411630388,0.25927831398625933,0.3037980379256967,1.0,-0.007280000000000005,-0.009568000000000009,-0.0036400000000000026,0.36500000000000027
0.4640342664089992,0.5394329041417326,-0.12400304236252298,-1.3677988862631343,0.07881553215101984,1.8985236844540787,0.15834119365940755,-0.008133350269636885,-0.03946060943988996,-0.00040949313269956626,-0.06630867171253417,-0.0014009088034610201,0.028615086067222597,-0.005492531312323903,0.5744798346855842,0.8185026736943397,0.0026532237088654938,0.0,0.8184684248565743,-0.5744183008195827,-0.011567199209388604,0.0,-0.007943876169731467,0.008816872271484963,-0.9999295763176266,0.0,0.6603370521917045,0.25907370574273153,0.3038087944507093,1.0,-0.007680000000000006,-0.010093714285714296,-0.003840000000000003,0.3850000000000003
0.46394760005292485,0.5387355299087317,-0.12401124225177272,-1.3688872527309257,0.07875495779606591,1.898935892176863,0.15828927693119277,-0.004396561618337919,-0.040461990031224825,0.0004635956021236952,-0.06959191384619526,-0.0054485753861841894,0.023679162658648962,-0.003978322110626544,0.5745626240754256,0.8184445102013667,0.0026686397311202195,0.0,0.8184104767292364,-0.5745010457432487,-0.011557980833439518,0.0,-0.00792658225717191,0.008824996419767028,-0.9999296418908239,0.0,0.6602061885479011,0.25889839006769244,0.30381809745407257,1.0,-0.008020000000000006,-0.010540571428571439,-0.004010000000000003,0.4020000000000003
0.46384430138731664,0.5379741699412508,-0.12401545763596489,-1.3700715905446308,0.07869647243894766,1.8993970661215573,0.15817946339557593,-0.0050492949907645236,-0.04456293836664949,-0.00013454875498877542,-0.07127960895166241,-0.0009609387675908129,0.025262189751783858,-0.014357452908534222,0.5746055700841863,0.8184142332964994,0.0027071141716606285,0.0,0.8183806229638011,-0.5745437748100142,-0.011547886631272484,0.0,-0.007895751206178137,0.008851100174373724,-0.9999296550950938,0.0,0.6600826591890968,0.2587304462894595,0.3038335604351238,1.0,-0.008340000000000007,-0.010961142857142869,-0.0041700000000000036,0.4180000000000003
0.46374758062760485,0.5372330544072793,-0.12402101647198062,-1.3712516504494956,0.07862161835519299,1.8998411269492068,0.15808294536167816,-0.007588976362185657,-0.04934296030162604,0.0006924766868094722,-0.0736328212501485,-0.0007652335810469153,0.030280226438044445,-0.010914305295129215,0.5746496929434768,0.8183832383416979,0.002711549839459905,0.0,0.8183497054595839,-0.5745878999422019,-0.011543470683931268,0.0,-0.007889111082009126,0.008852618336819537,-0.9999296940659969,0.0,0.6599368455933498,0.25854479056724256,0.3038364820729436,1.0,-0.008680000000000007,-0.011408000000000012,-0.004340000000000004,0.43500000000000033
0.46362994974018107,0.5363533597072745,-0.12401972035327369,-1.372642409301721,0.07854552324087194,1.900350091613359,0.15798172952085965,-0.0024848273784488124,-0.051078651016401605,-0.0005303777703558572,-0.07643486726119188,-0.009711454423471053,0.028171305928555067,-0.010368957063661652,0.5747234353138252,0.8183314659734638,0.0027076927456995787,0.0,0.8182978332165037,-0.5746615897636461,-0.01155250209703549,0.0,-0.00789792101834691,0.008855363291684737,-0.9999296002142152,0.0,0.6597846031377579,0.25834286331556533,0.30383695711822384,1.0,-0.009020000000000007,-0.011854857142857155,-0.004510000000000004,0.45200000000000035
0.4635282950962465,0.5355473046077273,-0.124028653625934,-1.3739035288127528,0.07845996676436341,1.900802810096747,0.15791294528130706,-0.008476882421789976,-0.0428249413152687,0.0013123483071295933,-0.07712551832654252,-0.0013840293148746114,0.028067182546392993,-0.002273601879492799,0.574802893831337,0.8182756897594584,0.002697349256533585,0.0,0.8182420189172261,-0.5747411798812382,-0.011546494194882882,0.0,-0.00789808987007401,0.008844213056724087,-0.9999296975646895,0.0,0.6596366018696548,0.25814837678477304,0.303845058948218,1.0,-0.009340000000000008,-0.012275428571428585,-0.004670000000000004,0.46800000000000036
0.46339836102284127,0.5345975558499815,-0.1240318897748124,-1.3754030949258755,0.07838211373705979,1.9013489522523839,0.1577836164275627,-0.009057748902307039,-0.05226153074084609,-9.300430630747466e-05,-0.08203665194482465,-1.7910154717770188e-05,0.02914182290256351,-0.00896139086845741,0.5748670568642317,0.8182306079765873,0.0026992598483372085,0.0,0.8181968485286896,-0.5748052015968443,-0.011560457436456105,0.0,-0.007907723763620145,0.008854422518840749,-0.9999295310704329,0.0,0.6594609166066008,0.25791971616739745,0.30384884397769185,1.0,-0.009700000000000007,-0.01274857142857144,-0.004850000000000004,0.4860000000000004
0.46329985015793745,0.5337941701979776,-0.12404250422767266,-1.3766840189198344,0.0783078837989496,1.9018214802780633,0.15770046475639168,-0.0065226277082860275,-0.056238658706972,-0.001393164134162234,-0.08808335504955067,-0.006065931213161166,0.029583207455505793,-0.006142149889556981,0.5749373801142686,0.8181812189304717,0.002692366616344635,0.0,0.8181473813896071,-0.5748755514221505,-0.011563286886329887,0.0,-0.007913240770704766,0.008851088975729754,-0.9999295169382932,0.0,0.6593105358499802,0.257727137902948,0.30384712285702054,1.0,-0.010000000000000007,-0.013142857142857154,-0.005000000000000004,0.5010000000000003
0.4631844685615563,0.5329396950169131,-0.12403863411313087,-1.3780724124810457,0.0782398517515489,1.9023395588280805,0.15760783121456604,-0.002406526256226737,-0.052366022947634844,-9.090560960514108e-05,-0.08684296412198785,-0.005485778185318556,0.030168221989267347,-0.00032595675565575603,0.5750110822371739,0.8181294444867805,0.0026859392015609884,0.0,0.8180953669895905,-0.5749490906420326,-0.011587086832996241,0.0,-0.007935611397552389,0.008860228343481658,-0.9999292587105592,0.0,0.6591459887558976,0.257523862789515,0.30383363292011306,1.0,-0.010320000000000008,-0.013563428571428584,-0.005160000000000004,0.5170000000000003
0.46306051611488164,0.5319796371887427,-0.12404457483620339,-1.3796012703858982,0.07813329143484583,1.9029175800637568,0.15748165796332392,-0.011182139878208413,-0.052983539727001365,-9.808198630334677e-06,-0.08859820587818175,-0.002239353283198542,0.03537656022607723,-0.011935956065203769,0.575068386914727,0.81808917801266,0.0026821802833729034,0.0,0.8180551993083015,-0.5750065653770862,-0.01157097917681283,0.0,-0.007923974132152733,0.008848446216538255,-0.9999294553284775,0.0,0.6589696891943576,0.25729182060465133,0.303833000749573,1.0,-0.010660000000000008,-0.014010285714285727,-0.005330000000000004,0.5340000000000004
0.46293254087217317,0.5309972855219486,-0.1240415894118337,-1.381175495355438,0.07805808914541093,1.9034964577884208,0.15737459984616722,-0.009622294378123413,-0.05111730755445411,-0.00355601914917684,-0.09368763195606655,-0.008059501803649302,0.036326000142789666,-0.0036799474459920725,0.5751490551560782,0.8180324720159649,0.002680668149638254,0.0,0.8179982752622582,-0.5750870070264218,-0.01159753933260885,0.0,-0.007945699325883904,0.008863266357582847,-0.9999291516761059,0.0,0.6587804235344663,0.2570623564953264,0.3038261226254759,1.0,-0.011000000000000008,-0.01445714285714287,-0.005500000000000004,0.5510000000000004
0.4627956750187442,0.5299667741163303,-0.12404674661767698,-1.3828137167731782,0.07794931238841274,1.9040747493721444,0.15726066605282651,-0.011610924821089502,-0.06061224842463215,-0.007617541485175501,-0.09396018584598596,-0.0058344755506987605,0.037620531299964365,-0.009361033772964726,0.5752311274008572,0.8179748680444764,0.0026480592834778735,0.0,0.8179403018387956,-0.57516923862685,-0.011608465293816643,0.0,-0.007972504120401291,0.008843675256124214,-0.9999291117804373,0.0,0.6585829198091978,0.256809928035116,0.3038226398780793,1.0,-0.011340000000000008,-0.014904000000000013,-0.005670000000000004,0.5680000000000004
0.46265190234715353,0.5289907804763132,-0.12404818484334129,-1.3843768280148516,0.0778397312206853,1.904648855380191,0.1571594475754787,-0.007336913343554586,-0.06280904990097996,-0.0012529786768956514,-0.09376684513577645,-0.00811004559383241,0.03477275214553746,-0.00472665622638908,0.5753228343602697,0.8179104378579504,0.002626558183289043,0.0,0.8178757474177865,-0.5752611782699187,-0.011601097470087272,0.0,-0.00797785535451584,0.008822744380643371,-0.9999292540002699,0.0,0.6583904608313196,0.25654419776173104,0.3038203029623442,1.0,-0.011680000000000008,-0.015350857142857156,-0.005840000000000004,0.5850000000000004
0.4625081715441918,0.5278998189898219,-0.1240478722451874,-1.386091109745599,0.07774919396419963,1.905292542707809,0.1570254394875844,-0.008591568969919068,-0.06432113228361717,0.0007938821570461856,-0.10371333657903085,-0.005570164045898869,0.03927548176819674,-0.004590475229920068,0.5753986069392,0.8178570619876872,0.002648809261680072,0.0,0.8178225050162408,-0.5753366939312016,-0.011609728958239775,0.0,-0.007971295124922562,0.008846648020598619,-0.9999290951226648,0.0,0.6581991411535274,0.25630832957290867,0.3038237438321444,1.0,-0.012000000000000009,-0.015771428571428586,-0.0060000000000000045,0.6010000000000004
0.46236495231579516,0.5267604988174823,-0.12406168400269856,-1.3878280014105646,0.07763245361317861,1.9059623126551513,0.15690063477864402,-0.007996857958249844,-0.06463751289978319,-0.00097012053346786,-0.09968999221367739,-0.0013912210773478154,0.042022898761635466,-0.012596269527311682,0.5754859069267613,0.8177954729287935,0.00269857130020903,0.0,0.8177617475195211,-0.57542402410357,-0.011561300942434925,0.0,-0.007902108955078313,0.008860324729082728,-0.9999295231763872,0.0,0.658002264379377,0.25604137556077744,0.3038573478473666,1.0,-0.012340000000000009,-0.01621828571428573,-0.0061700000000000045,0.6180000000000004
0.46221591370747744,0.5256164458574357,-0.12406580349028928,-1.3896258426487629,0.07752280361302957,1.9066312713265818,0.15676902462674078,-0.011508398742232704,-0.06542376131150499,0.00019212883808638015,-0.10614924370932954,-0.00495133532187464,0.03641360339747569,-0.006077621551192081,0.5755704995364069,0.8177359068342158,0.0027080691723460944,0.0,0.8177023188376119,-0.5755085907919033,-0.011555370765059074,0.0,-0.007890876442050943,0.008865495653637187,-0.9999295660474249,0.0,0.6577894178674979,0.25577018857028877,0.30386462380336815,1.0,-0.012680000000000009,-0.01666514285714287,-0.0063400000000000045,0.6350000000000005
0.46206143218538154,0.5244405528302593,-0.12406703918419516,-1.3914764928248764,0.07740234256753593,1.907297202505206,0.1566357898514018,-0.011182298749454974,-0.07155283621030292,0.000597855931597285,-0.11484801838921771,-0.00669503230700787,0.030083802126545118,-0.0013130263722006723,0.5756556852268819,0.8176759863387818,0.002694500339126023,0.0,0.8176422553194969,-0.575593847312922,-0.011559072314137192,0.0,-0.007900790153533177,0.008857353559326986,-0.9999295599205349,0.0,0.6575651584063775,0.25548935760613806,0.3038684815703352,1.0,-0.013020000000000009,-0.017112000000000016,-0.0065100000000000045,0.6520000000000005
0.4619181808360514,0.5233262225179506,-0.1240753960871111,-1.3932553881684986,0.07729356087535846,1.907946197958767,0.15651354017936928,-0.010517000881559112,-0.06809571745900304,-7.010736591636267e-05,-0.1105133988803956,-0.007204181917092523,0.04323939271209871,0.0003519114149772738,0.5757448888527429,0.8176132368075699,0.0026767252753393733,0.0,0.8175792899791589,-0.5756831148574628,-0.011567314571338135,0.0,-0.007916796386580993,0.008848427751934673,-0.9999295123463915,0.0,0.6573503016953736,0.2552202368677443,0.30386169961210985,1.0,-0.01334000000000001,-0.017532571428571446,-0.006670000000000005,0.6680000000000005
0.461756014593557,0.522116903060516,-0.124076225724759,-1.3951943648346228,0.07716413965352352,1.9086880665230865,0.15636146789267755,-0.013326834822695642,-0.08034210658140403,-0.0003024374622499587,-0.11291671084215457,-0.0014394347342328471,0.04604333542162946,-0.002724965896627184,0.5758227799036824,0.8175583818187819,0.002676819579009773,0.0,0.817524547436232,-0.5757611201503774,-0.011553950128635665,0.0,-0.007904972326744308,0.008841563624335858,-0.9999296666092024,0.0,0.657122481757064,0.25492830347164824,0.3038529913062825,1.0,-0.01368000000000001,-0.017979428571428587,-0.006840000000000005,0.6850000000000005
0.4615909862982882,0.5208815358003867,-0.12408097721969044,-1.397179018308647,0.07705758797233267,1.9094582238187037,0.15621770566113025,-0.01289967730593098,-0.07771959903250354,-0.00161490643902951,-0.11771907578494703,-0.0010883954887666275,0.04857587934981421,-0.009520851608303545,0.5759211360018974,0.8174890331961873,0.0026967779766607913,0.0,0.817455388067214,-0.5758593203639886,-0.011553292648167953,0.0,-0.007891877247463264,0.008858451666582695,-0.9999296205771592,0.0,0.6568899467520054,0.25463273811819,0.30384314152070035,1.0,-0.01402000000000001,-0.018426285714285732,-0.007010000000000005,0.7020000000000005
0.4614227815807222,0.5195963258343298,-0.12408332100908363,-1.399213619694204,0.076924393173032,1.91020690349692,0.15607103175802486,-0.01320415035895708,-0.07985339705280126,-0.0009612706925233819,-0.11947812286452478,-0.010066300775851765,0.046106218113593944,-0.00415902048031682,0.5760127397718411,0.8174245191232887,0.002688132773088112,0.0,0.8173908249851511,-0.5759510117292233,-0.011550680472866563,0.0,-0.007893728619494111,0.008850764575113787,-0.9999296740345882,0.0,0.6566436563969914,0.2543255617563976,0.30384215736820475,1.0,-0.014360000000000012,-0.018873142857142877,-0.007180000000000006,0.7190000000000005
0.46127019564428495,0.5183373576527284,-0.12408900103796291,-1.4011718268679445,0.07678767119749924,1.9108999353893479,0.15592970580903406,-0.008235421184334728,-0.07958299533905283,-0.00025111936323592463,-0.12263906378354104,-0.006407143360935655,0.042443826329471614,-0.00984921720070276,0.5760927095582765,0.8173682157836215,0.002671464338315132,0.0,0.817334417002663,-0.5760311509644609,-0.011546029736830464,0.0,-0.007898663121559013,0.008835233408852936,-0.9999297724197952,0.0,0.656399882931103,0.2540311561968297,0.30385398621848575,1.0,-0.01468000000000001,-0.019293714285714303,-0.007340000000000005,0.7350000000000005
0.46109255829217133,0.5169744589818938,-0.12409470592635265,-1.4032955009536554,0.07665364238052826,1.9116734155917068,0.15577221788886952,-0.00826345936098378,-0.08196625726519483,-0.001010786135825847,-0.1264099254837971,-0.006834475082414019,0.040520191264451486,-0.007415395965076184,0.5761893662138131,0.8173000641716985,0.0026769886570812747,0.0,0.8172663654107164,-0.5761278091843374,-0.011540465936057374,0.0,-0.007889887844685695,0.008837476692339363,-0.9999298218752708,0.0,0.6561412827012912,0.2537079228661195,0.30386660724403247,1.0,-0.01502000000000001,-0.019740571428571448,-0.007510000000000005,0.7520000000000006
0.4609049950993743,0.5156407336264418,-0.12410074592698832,-1.4054412158244889,0.07652408966446762,1.9124678342192007,0.15560371616163526,-0.009738455903519686,-0.08188943793021414,-5.002574468927852e-05,-0.12954798424621947,-0.0027394073327920553,0.04766708907286096,-0.013717575396768638,0.5762876405499264,0.8172308339943228,0.0026582361728589056,0.0,0.8171968833510554,-0.5762261228957355,-0.011552317303389006,0.0,-0.0079093170596507,0.008829930000840133,-0.9999297350513336,0.0,0.6558824470964056,0.2533771686500313,0.30384974559959577,1.0,-0.015360000000000013,-0.020187428571428592,-0.007680000000000006,0.7690000000000006
0.4607208697314604,0.5142472710054907,-0.12410219879878837,-1.407641313760302,0.07639125716876168,1.913297969667845,0.15542635821646253,-0.010486431284762981,-0.08685167979245245,0.0004088881650995674,-0.1290522526611779,-0.007979047513377914,0.04390170052722532,-0.011063666623815437,0.5763742862939486,0.8171696702437636,0.00267563712943409,0.0,0.8171359365509722,-0.5763126909471594,-0.011545144062248795,0.0,-0.007892489887089849,0.00884085363449856,-0.999929771489176,0.0,0.6556168632673416,0.2530476078285661,0.3038513946441988,1.0,-0.015700000000000013,-0.020634285714285733,-0.007850000000000006,0.7860000000000006
0.4605373338104232,0.512935611230876,-0.12410227203622166,-1.4097889554664222,0.07626406538168229,1.9140480483154392,0.15526417930424433,-0.016212824773477425,-0.08070151086548054,0.00034594171076365003,-0.13317763150099504,-0.013285303584313254,0.049928051322594647,-0.009030463406130167,0.5764700400881774,0.8171023590440091,0.0026028112991454636,0.0,0.8170675592758955,-0.5764085397959756,-0.011599384915195165,0.0,-0.007977755713879597,0.008813540250470417,-0.9999293359643087,0.0,0.6553440059082823,0.2527200047689882,0.3038133237739508,1.0,-0.016020000000000013,-0.021054857142857163,-0.008010000000000007,0.8020000000000006
0.46034517858939406,0.5115329690706633,-0.12410791917298282,-1.4120850806732992,0.07612535059659341,1.9148615461031475,0.15508284202497247,-0.016983048262431747,-0.08582457741241004,0.0010186598821161923,-0.13129206150548062,-0.005660705148984773,0.05531842468941761,-0.0028199983721571165,0.5765713292496036,0.817031089603685,0.0025392537424720075,0.0,0.8169954066023356,-0.5765099697244993,-0.011640760290859408,0.0,-0.008047112897920428,0.008786456444688132,-0.9999290185593944,0.0,0.6550390579389914,0.25235127958958503,0.30377667038468886,1.0,-0.016380000000000013,-0.02152800000000002,-0.008190000000000006,0.8200000000000006
0.46014568155634994,0.510072747061085,-0.12410038784989613,-1.4144088013711587,0.07598217604714025,1.9157541806464766,0.1549043041854042,-0.011669354824955555,-0.08257949937007225,0.001922409758765743,-0.1362144162768927,-0.010963418217635811,0.055510887831083724,-0.01736401079331308,0.5766600138323195,0.8169684539101716,0.0025535590341449078,0.0,0.8169329348904448,-0.5765985699072846,-0.011636836914149608,0.0,-0.008034704867862341,0.008796754376839092,-0.999929027796533,0.0,0.6547731374998097,0.2520241548876711,0.30376697679809694,1.0,-0.016700000000000013,-0.02194857142857145,-0.008350000000000007,0.8360000000000006
0.45994165412236404,0.5085594322402681,-0.12411290104393143,-1.416773518846286,0.07583217553146086,1.9166172478081738,0.15471218542341,-0.010574113633141934,-0.08714087090644747,-0.0015188960327494462,-0.1430945773311096,-0.00568150041790749,0.051104363453727326,-0.011404157613955555,0.5767609062954535,0.8168972211690665,0.002556152717003376,0.0,0.816861792842235,-0.5766995032028307,-0.011629329360979705,0.0,-0.008025989362203778,0.008795535374348407,-0.9999291085133165,0.0,0.6544829623453131,0.2516569189156835,0.3037755304807562,1.0,-0.017040000000000013,-0.022395428571428594,-0.008520000000000007,0.8530000000000006
0.45972308347304486,0.507035722634748,-0.12411957443194664,-1.4191564948149213,0.07567986865168579,1.917475550163801,0.1545288934918373,-0.008902976683324456,-0.08943768938645755,-0.0014449741149578992,-0.14057789423244807,-0.010219335056674658,0.05315055826462403,-0.012710803148301541,0.5768765481883045,0.8168155832909081,0.002549106645302725,0.0,0.816780088278366,-0.5768151819493805,-0.011631000210490083,0.0,-0.008030173413491604,0.00879188007512191,-0.999929107066943,0.0,0.654189220650989,0.25128095498822706,0.3037815377456067,1.0,-0.017380000000000013,-0.022842285714285735,-0.008690000000000007,0.8700000000000007
0.45948952090905326,0.5053753204257533,-0.12412412840490361,-1.4217406267831127,0.0755182466395469,1.9184466762184271,0.1543318917818439,-0.016200296363415204,-0.09295509669638698,0.0006523477897345349,-0.14759981465995795,-0.009058499740087409,0.054291115005577636,-0.004120001614850115,0.5769994136189585,0.8167286866507301,0.002583793018048647,0.0,0.8166936807870386,-0.576937956087728,-0.01160919846681576,0.0,-0.007991031006192806,0.008808837735663946,-0.999929271399335,0.0,0.6538761846096424,0.2508805357465319,0.30379651511622563,1.0,-0.017740000000000013,-0.02331542857142859,-0.008870000000000006,0.8880000000000007
0.45929065863547225,0.5039168511545763,-0.12412980946825222,-1.4239195087031093,0.07537990252344418,1.9192993405318595,0.15415570595710487,-0.019727593910026466,-0.10203140899900198,-0.0001427339653393562,-0.14498921618387803,-0.01374785607858906,0.05729065457352374,-0.014250245161725952,0.5770967735192492,0.8166595513527365,0.0026903678610114513,0.0,0.8166260368916696,-0.5770350708829771,-0.011540786060357907,0.0,-0.007872608129031955,0.008857345374772507,-0.9999297822718147,0.0,0.6536206431468887,0.25054332371878624,0.30385239271111053,1.0,-0.018040000000000014,-0.02370971428571431,-0.009020000000000007,0.9030000000000007
0.45906366674327503,0.5022489344424783,-0.12413792974195025,-1.426402266898749,0.07522706405751499,1.9202340761613537,0.1539525555923325,-0.011673259835760624,-0.09921214803508474,-0.001571717973860224,-0.14937129428236662,-0.011009844705723177,0.04881410491506535,-0.011901457061926107,0.5772079287033832,0.8165806581978162,0.0027897312378513863,0.0,0.8165484726450872,-0.577145941874354,-0.011484794301526649,0.0,-0.007768328391554946,0.008907236603632782,-0.9999301546658583,0.0,0.6533214475095016,0.2501563442477555,0.30391652777942535,1.0,-0.018380000000000014,-0.02415657142857145,-0.009190000000000007,0.9200000000000007
0.45882869250689573,0.5005344874449201,-0.12413694110646668,-1.4289787528199067,0.07505742550279135,1.92114100936807,0.15375860363818314,-0.011810229799117132,-0.10196564786834886,0.004774983987520799,-0.15274835218433822,-0.016552174183910938,0.0556113896555332,-0.007886531420169684,0.5773258579429529,0.8164971701294651,0.0028234415554576906,0.0,0.8164654274036526,-0.5772637585313448,-0.011467599663598508,0.0,-0.007733541083839113,0.008925956082973627,-0.999930257393139,0.0,0.6529950795767809,0.24975461465295068,0.30396515373147565,1.0,-0.018720000000000014,-0.024603428571428596,-0.009360000000000007,0.9370000000000007
0.45858153412290303,0.49884515507908744,-0.12413695025318804,-1.431569841455547,0.0748925339845965,1.922099064376033,0.15355520193826863,-0.01601238824992954,-0.1018624211987694,0.00021241847688391476,-0.15014788688353511,-0.005725116625741501,0.05869158268975354,-0.011598693153692054,0.5774486999536423,0.8164101460865206,0.0028669129813628305,0.0,0.8163789845618816,-0.5773864731002213,-0.011443825750451418,0.0,-0.007687686689511808,0.00894888210435768,-0.9999304060695655,0.0,0.6526766182281531,0.24934655328598246,0.3039931835578225,1.0,-0.019060000000000014,-0.025050285714285737,-0.009530000000000007,0.9540000000000007
0.4583311642145023,0.49717483026755305,-0.12413734479212442,-1.4342255445161953,0.07472378448818694,1.9230830765592384,0.15335142967567406,-0.01672456477796818,-0.10249845591878526,0.0011501409585138907,-0.15860049526921852,-0.015049083742661942,0.06066009590536842,-0.011616604058729364,0.5775760200893675,0.8163201034976402,0.0028594657781903145,0.0,0.8162888559670988,-0.5775138118186156,-0.01144760603208445,0.0,-0.007693678086728162,0.008946185022102426,-0.9999303841223389,0.0,0.6523471561542041,0.24892953451756406,0.30397892406853627,1.0,-0.019400000000000014,-0.02549714285714288,-0.009700000000000007,0.9710000000000008
0.4580617488396086,0.49550723185522144,-0.12414255238565873,-1.4369237964187325,0.07455610999729154,1.9240178919916884,0.15312636724668102,-0.012832079170090268,-0.09718845451961124,-0.0007753854795303476,-0.1619482377816052,-0.009041955437070547,0.05747676981088898,-0.012965000459804046,0.5777065894181501,0.8162279973077863,0.0027748612538224795,0.0,0.8161955607538973,-0.577644519364039,-0.011504901369756158,0.0,-0.007787889149992566,0.008911458342179795,-0.9999299648939435,0.0,0.6520019943641837,0.24848928351831032,0.3039378033697581,1.0,-0.019740000000000014,-0.025944000000000023,-0.009870000000000007,0.9880000000000008
0.4578051274323542,0.49392828292290253,-0.12414443879799002,-1.4395111046098785,0.07440128236925815,1.9249246641535995,0.15292353928165742,-0.019185751303659092,-0.09820616511109634,-0.0012606012795988559,-0.15950892512309364,-0.011878310099911945,0.05825666896017542,-0.016501169207125316,0.5778521336595914,0.8161252797544465,0.002680722289300402,0.0,0.8160914848032332,-0.5777901923603741,-0.011572767388311894,0.0,-0.007896084999224284,0.008875233836856303,-0.9999294385435534,0.0,0.6516500308611685,0.24804336637454938,0.3038813970764903,1.0,-0.02363714285714308,-0.031065959183673768,-0.02640321874285808,1.0050000000000001
0.4575245980681041,0.4914254922491757,-0.12428946100072905,-1.4432043504841254,0.07421156135268552,1.926289601415793,0.15290792986854396,-0.017779066087394997,-0.1783238544975876,-0.012889887370494573,-0.25916685708249315,-0.018084134288611744,0.09754213194921135,0.011402692123254484,0.5782943629891507,0.8158115026099695,0.0028229143530761067,0.0,0.8157798357906588,-0.5782322380111613,-0.011466705855558177,0.0,-0.007722519132340233,0.008934179976377202,-0.9999302691320032,0.0,0.6512235519672588,0.2474607587344157,0.30399108456308155,1.0,-0.038265714285712904,-0.05029208163265125,-0.09205609371427945,1.0209999999999984
