position_joint1,position_joint2,position_joint3,position_joint4,position_joint5,position_joint6,position_joint7,velocity_joint1,velocity_joint2,velocity_joint3,velocity_joint4,velocity_joint5,velocity_joint6,velocity_joint7,ee_T_00,ee_T_10,ee_T_20,ee_T_30,ee_T_01,ee_T_11,ee_T_21,ee_T_31,ee_T_02,ee_T_12,ee_T_22,ee_T_32,ee_T_03,ee_T_13,ee_T_23,ee_T_33,v_x,v_y,time
0.465079054916,0.547639197421,-0.123963394535,-1.35577053959,0.0794523768151,1.89408756383,0.159175487766,-0.000780027294048,-9.24093506608e-05,5.48382168989e-05,-0.000812055447944,0.00114695202442,-6.87564355471e-05,-0.00172556768039,0.573775191299,0.818998428464,0.00208588725591,0.0,0.818957395436,-0.573716416587,-0.0117900254543,0.0,-0.00845946742773,0.00847324004087,-0.999928318238,0.0,0.661687805742,0.260908023847,0.303339492374,1.0,-0.0,-0.0,0.001
0.465078021442,0.547639102035,-0.123962012576,-1.35577051703,0.0794537941071,1.89408919144,0.159173961868,-0.000377947392197,-0.00104497074644,5.36957778496e-05,0.000287407497989,0.000337312393454,0.000564338346061,0.0017249996839,0.573779786469,0.818995192594,0.00209237851758,0.0,0.818954237785,-0.573720979557,-0.0117873207769,0.0,-0.00845348035281,0.00847705186194,-0.999928336563,0.0,0.661688292481,0.260909745651,0.303342824628,1.0,-0.0002,-0.000262857142857,0.011
0.465078993984,0.547646064374,-0.123960475411,-1.35576595355,0.0794537941151,1.89408756389,0.159166129023,-0.00167742548788,0.000240950753659,0.00163450448968,0.00201394533476,0.000180427057793,0.000689287910281,0.00179976326138,0.573771253458,0.819001178883,0.00208916132516,0.0,0.818960176124,-0.573712454059,-0.0117896939298,0.0,-0.00845735818677,0.00847569057411,-0.999928315312,0.0,0.661688222851,0.260911617786,0.303339872212,1.0,-0.00054,-0.000709714285714,0.028
0.465075461285,0.547620744186,-0.123961206173,-1.35579712786,0.0794482016053,1.89409161962,0.159167994808,-0.00154512854994,-0.000102409834285,-0.000328396203421,-0.00423793709624,-0.000382436582793,7.15262455656e-05,-0.000331926766247,0.573776389044,0.818997589622,0.00208577797942,0.0,0.818956570795,-0.57371763026,-0.0117882476009,0.0,-0.00845806161534,0.00847214283809,-0.999928339427,0.0,0.661683957823,0.260904857925,0.303343337138,1.0,-0.0009,-0.00118285714286,0.046
0.46508048607,0.54750738217,-0.123960593317,-1.35588556956,0.0794528247968,1.8941139837,0.159169288208,0.000227801434738,-0.0124490676078,-0.000723459746142,-0.00792645770105,3.73315239523e-05,0.00494608407158,4.2529527447e-05,0.573778905346,0.818995703686,0.00213354744901,0.0,0.818955201925,-0.573719855373,-0.0117750453144,0.0,-0.00841981509682,0.00850371611568,-0.999928394199,0.0,0.661669430455,0.260901803491,0.303383477749,1.0,-0.00122,-0.00160342857143,0.062
0.465074748282,0.547362081755,-0.12395269763,-1.35607256152,0.0794503185322,1.89416540461,0.159164687955,-0.000937321249285,-0.00691564645784,0.00181890307128,-0.00834685786045,-0.00030086986838,0.00515232302499,-0.000294505081596,0.573783958001,0.818992121416,0.00214976746068,0.0,0.818951690518,-0.573724702894,-0.011783072113,0.0,-0.00841703058289,0.00852165751887,-0.999928264902,0.0,0.661640478434,0.260885375219,0.303401600858,1.0,-0.00158,-0.00207657142857,0.08
0.465061927372,0.547224701178,-0.123961145265,-1.35625565983,0.0794468501538,1.89424446136,0.15916427648,-0.000182514009936,-0.00754514941112,0.00124877602596,-0.0110076964628,0.000471860655779,0.0045876553566,0.00137666102846,0.573809396606,0.818974218697,0.00217999500456,0.0,0.818934172017,-0.573750012697,-0.0117682511206,0.0,-0.00838728358658,0.00853816986491,-0.999928374,0.0,0.661623374047,0.260856885774,0.303418903351,1.0,-0.00186,-0.00244457142857,0.094
0.465047393207,0.54703414861,-0.123958724281,-1.35646165894,0.0794439836683,1.89435267969,0.159140051606,0.000788314096844,-0.0113173011538,7.0168690801e-05,-0.0134818623549,0.000294431650495,0.00710421752885,-0.00347151616536,0.573810642566,0.818973114786,0.00226509108376,0.0,0.818934121052,-0.57375088091,-0.0117294046396,0.0,-0.008306628976,0.00858558288804,-0.999928641295,0.0,0.661606151234,0.260833619225,0.303465139664,1.0,-0.0022,-0.00289142857143,0.111
0.465016634561,0.54682246265,-0.123955536915,-1.35671644026,0.0794376302382,1.89448081888,0.159129237967,-0.00128675524549,-0.0149278250389,0.000657741036254,-0.0169685190864,-8.59912737066e-05,-0.000354208742169,0.000276211334211,0.573837453522,0.818954110306,0.00234287222278,0.0,0.818916080326,-0.573777351595,-0.011694061803,0.0,-0.00823277146697,0.00862927252397,-0.999928876036,0.0,0.661586512569,0.260795334812,0.303504815702,1.0,-0.00254,-0.00333828571429,0.128
0.464986406981,0.546586726969,-0.123955569327,-1.35705837461,0.0794271304937,1.89461553271,0.159100985836,-0.00325083727187,-0.0191620729214,0.00101748061836,-0.0232483507796,0.000198115345871,0.012240278366,-0.00694989157524,0.573855464637,0.818941404355,0.00237251768669,0.0,0.818903682493,-0.573795171378,-0.0116878998912,0.0,-0.00821052403629,0.00865019523619,-0.99992887818,0.0,0.661549645271,0.260745275456,0.303520696888,1.0,-0.00288,-0.00378514285714,0.145
0.464934608615,0.546325166866,-0.123958777829,-1.35746054859,0.0794120419467,1.89477236567,0.158972621079,-0.00875179446273,-0.0143012789732,-0.00058797091551,-0.0233010872167,-0.00472801210156,0.0103605334261,-0.0101736898711,0.5738135493,0.818970720054,0.00239107415201,0.0,0.818933177296,-0.573753128462,-0.0116852729877,0.0,-0.00819816799776,0.00866346471859,-0.99992886468,0.0,0.661510637215,0.260673054565,0.303528196927,1.0,-0.00322,-0.004232,0.162
0.464893083834,0.546054216216,-0.123958399526,-1.35790534144,0.0793942260134,1.89492187429,0.158940435282,-0.00108090819226,-0.0100162655991,0.00247644694857,-0.0380020507122,-0.000125749252145,0.00921981810287,-9.92925443541e-05,0.573841009807,0.818951525485,0.00237513590563,0.0,0.818913674022,-0.573780536421,-0.0117062984885,0.0,-0.00822424259308,0.00866275220135,-0.999928656734,0.0,0.661457252981,0.260603828331,0.303521282524,1.0,-0.00354,-0.00465257142857,0.178
0.464840189558,0.545724748276,-0.123961174945,-1.35844512093,0.0793389235734,1.89510694862,0.158895663049,-0.00398370425086,-0.0213900204507,-0.000211998397628,-0.0285247361419,-0.000350107371462,0.00922701671659,-0.00108011586004,0.573865029186,0.818934795684,0.00233999913009,0.0,0.818896677538,-0.573804881121,-0.0117020007083,0.0,-0.00824063129416,0.00863175267905,-0.999928789885,0.0,0.661396445739,0.260511095044,0.303513694379,1.0,-0.0039,-0.00512571428571,0.196
0.46478333293,0.54539886261,-0.123964246049,-1.35901407486,0.0792602273165,1.89528960145,0.158810230509,-0.00863800987034,-0.0198813232095,-0.000228812313575,-0.0395634261584,-0.00379757244378,0.00873834385876,-0.00774450649516,0.57385060531,0.818945127377,0.00226009560751,0.0,0.818906308624,-0.573791105348,-0.0117035046334,0.0,-0.00828786490301,0.00856703471118,-0.999928956082,0.0,0.661325802509,0.2604015848,0.303488164131,1.0,-0.00424,-0.00557257142857,0.213
0.464734698596,0.545004210582,-0.123962523725,-1.35970375565,0.0792496525479,1.89550326179,0.158714710854,0.000342212688461,-0.0233450505877,0.00113307324336,-0.042983583955,7.90154620164e-05,0.00795015065014,-0.00385969594189,0.573850447715,0.818945370118,0.00221163327568,0.0,0.818905599046,-0.573790798859,-0.0117680031287,0.0,-0.00836849797323,0.00856435762701,-0.99992830744,0.0,0.661238115725,0.260313045699,0.303458988678,1.0,-0.00456,-0.00599314285714,0.229
0.464663037773,0.544608415436,-0.12397006549,-1.36036421639,0.0792251311086,1.89574487372,0.158651304529,-0.00623050567848,-0.0277018403442,-0.000219192486057,-0.0447425111357,-0.00492094613111,0.0247474853408,-0.00131377490791,0.573891254144,0.818916811861,0.00219785580313,0.0,0.818876716115,-0.573831504569,-0.0117930093771,0.0,-0.00839645639684,0.00856784284167,-0.999928043206,0.0,0.661161412408,0.260194859618,0.303445476453,1.0,-0.0049,-0.00644,0.246
0.464598397045,0.544150811615,-0.123973508743,-1.36110510648,0.0791961105297,1.89600918206,0.158547115979,-0.00185758044226,-0.0322137772713,-0.00052685420436,-0.0446962566032,-0.00128215274983,0.0145154792486,-0.00593017672051,0.573891731527,0.818916539443,0.00217458340335,0.0,0.818876015966,-0.573831945217,-0.0118201533448,0.0,-0.00843203599125,0.00856436735429,-0.999927773582,0.0,0.661073641624,0.260079860138,0.303428433284,1.0,-0.00524,-0.00688685714286,0.263
0.464524204954,0.543635315965,-0.123973950274,-1.36197253155,0.0791528903622,1.89631260595,0.158444207187,-0.00337627860686,-0.0315715141528,0.000380050017286,-0.0528782863374,-0.000805195799299,0.0247601953759,-0.002997054201,0.573909991268,0.818903803926,0.00215145057429,0.0,0.818862886586,-0.573850199695,-0.0118434869612,0.0,-0.00846422914524,0.00855900331344,-0.999927547519,0.0,0.66097656995,0.259955201985,0.303418346956,1.0,-0.00558,-0.00733371428571,0.28
0.464442993505,0.54307324466,-0.123978605651,-1.36286602984,0.0790937314669,1.8966188373,0.15832785837,-0.00660475364092,-0.0308373557517,-0.000536559560547,-0.0514400852169,-0.000657374211909,0.0200707774789,-0.00281729610975,0.573918297165,0.818898048522,0.00212631320052,0.0,0.818856832507,-0.573858633157,-0.011853434505,0.0,-0.00848671459303,0.00854421354152,-0.999927483416,0.0,0.660872199753,0.259811360489,0.303417352614,1.0,-0.00594,-0.00780685714286,0.298
0.464375731907,0.542538702201,-0.123980383967,-1.36370883732,0.0790400457866,1.89692085739,0.158216458504,-0.00461516813259,-0.0340465189918,8.8630745006e-05,-0.0536886843259,-0.00575371875187,0.018165780242,-0.00769512986494,0.573915891704,0.818899753487,0.00211893597281,0.0,0.818858453673,-0.573856269716,-0.0118558617261,0.0,-0.0084929610676,0.00853954050122,-0.9999274703,0.0,0.660773219458,0.259684669298,0.303420494509,1.0,-0.00626,-0.00822742857143,0.314
0.464304463987,0.541941866539,-0.123982593558,-1.36463063971,0.0789919762397,1.89726940644,0.158089395084,-0.00405026001921,-0.0393803546816,0.00089411376259,-0.0597165611127,-0.00388371634133,0.022565729465,-0.0080022191853,0.573910177461,0.818903697605,0.00214223179588,0.0,0.818862645404,-0.573850407392,-0.0118500970032,0.0,-0.0084749308328,0.00855524958456,-0.999927488997,0.0,0.660667650034,0.259550595261,0.303434088665,1.0,-0.0066,-0.00867428571429,0.331
0.464228384356,0.541361356117,-0.123983462742,-1.36553527295,0.0789399768114,1.89760517501,0.157980554817,-0.0067494915545,-0.0378034418006,-5.40221881179e-05,-0.0562346043034,-0.0040756496901,0.019919235093,-0.0102537662879,0.573920290961,0.818896581729,0.00215289498278,0.0,0.818855643134,-0.573860451885,-0.0118475470292,0.0,-0.00846661748501,0.0085626227009,-0.999927496312,0.0,0.660564074844,0.259414445403,0.303443072444,1.0,-0.00692,-0.00909485714286,0.347
0.464150370005,0.540718736115,-0.123981555508,-1.36650019309,0.0788763788823,1.89796284093,0.157850731941,-0.00645088539731,-0.0426864272726,0.000555522591469,-0.0593601405989,-0.00117908451726,0.026978504882,-0.00434368058322,0.57391298976,0.818901624691,0.00218086337087,0.0,0.818861081856,-0.573853073502,-0.0118290132641,0.0,-0.00843546544102,0.00857481359928,-0.99992765513,0.0,0.660452953135,0.259271906907,0.303468973941,1.0,-0.00724,-0.00951542857143,0.363
0.464051939154,0.539916490733,-0.123983944513,-1.36773569369,0.078812724209,1.89841524866,0.157690663882,-0.00516867528586,-0.0422818770231,0.000804583295494,-0.0673368306159,-0.00269507743203,0.0308296824208,-0.00797168807196,0.573915545693,0.818899775091,0.00220265043973,0.0,0.818859412656,-0.573855438716,-0.0118298208985,0.0,-0.0084235969191,0.00859314460645,-0.999927597819,0.0,0.660308519661,0.259089796291,0.303487175836,1.0,-0.00762,-0.0100148571429,0.382
0.463941436029,0.539126869931,-0.123988868645,-1.36894234601,0.0787323650211,1.89887450755,0.157556758333,-0.00442430241313,-0.0466389173597,-2.33304921039e-05,-0.0676576872977,-0.0104395058295,0.0242082077799,-0.00710478324783,0.57394511599,0.818878969578,0.002232468245,0.0,0.81883909574,-0.573884992354,-0.0118024463474,0.0,-0.00838375649505,0.00860215433497,-0.999927855181,0.0,0.660176166686,0.258899281001,0.303510691475,1.0,-0.00798,-0.010488,0.4
0.463841569533,0.538462191769,-0.123994941326,-1.36997214109,0.078668572449,1.89929084569,0.157417756466,-0.00465021717557,-0.052833566534,-0.00123996057665,-0.0712298429923,-0.00442832384976,0.0302753476617,-0.0032825513312,0.573957359552,0.818870279188,0.00227204295526,0.0,0.818831002021,-0.573897167146,-0.0117719400087,0.0,-0.0083359332784,0.00861717672124,-0.999928125658,0.0,0.660069235205,0.258734249532,0.303526337746,1.0,-0.00828,-0.0108822857143,0.415
0.463732857237,0.537742165665,-0.123996539887,-1.37113261247,0.0786169052233,1.89972616959,0.157269909177,-0.0076887061257,-0.0465979450333,-0.00166372063111,-0.0727759146618,-0.00203152563718,0.0158492735194,-0.00610460094263,0.5739767202,0.818856697435,0.00227610098694,0.0,0.818817313085,-0.57391634455,-0.0117891540296,0.0,-0.00834749689119,0.00863057702365,-0.99992791362,0.0,0.659937671876,0.258554447522,0.303520306126,1.0,-0.0086,-0.0113028571429,0.431
0.463633627902,0.53697170913,-0.124007401636,-1.37232928776,0.0785463098695,1.90016636426,0.157128220776,-0.00440194992526,-0.05208808536,-0.000150735585578,-0.0732794131173,-0.00165830406609,0.024588463431,-0.00946012009023,0.573996569722,0.818842756212,0.00228592376486,0.0,0.818803523087,-0.573936178415,-0.0117813661154,0.0,-0.00833527243198,0.00863435240712,-0.999927983003,0.0,0.659800494576,0.258369182551,0.303533214836,1.0,-0.00892,-0.0117234285714,0.447
0.463495359655,0.536025216462,-0.124008047304,-1.37382111222,0.0784562566039,1.90073016024,0.156947888294,-0.0101548243912,-0.0509001719251,0.000761319540109,-0.0799111669108,-0.00406275267943,0.0343755577015,-0.00632345287944,0.574020585924,0.818825880989,0.00230009974815,0.0,0.818786835391,-0.573960141067,-0.0117737656743,0.0,-0.00832065867336,0.00864184164699,-0.999928040017,0.0,0.659632689645,0.258136619983,0.303540132537,1.0,-0.0093,-0.0122228571429,0.466
0.463382071019,0.535130203833,-0.124019680236,-1.37523263435,0.0783610328156,1.90123761846,0.156768601022,-0.00661494446061,-0.0511987697343,0.00011985591749,-0.0838258064634,-0.00113894195486,0.0304902599677,-0.0126282891739,0.574026585988,0.818821719973,0.00228393953984,0.0,0.818782570549,-0.573966311934,-0.011769529757,0.0,-0.00832640255359,0.00862623895434,-0.999928126928,0.0,0.659466900176,0.257918385295,0.303544200944,1.0,-0.00964,-0.0126697142857,0.483
0.463247130172,0.534175264532,-0.124024610133,-1.37677270598,0.0782971352701,1.90179502819,0.156583415734,-0.00472354396438,-0.0587735183009,-0.0003330819067,-0.0886139063373,-0.00413830656713,0.0267385026919,-0.0168035581468,0.574056221566,0.818800970461,0.00227423713301,0.0,0.81876142515,-0.573995701864,-0.0118071939883,0.0,-0.00836250056075,0.00864021715534,-0.999927705003,0.0,0.659284727039,0.257683745416,0.303533365644,1.0,-0.01,-0.0131428571429,0.501
0.4631259694,0.533256860797,-0.124035422921,-1.37825523237,0.0781974059538,1.90234822887,0.156392658918,-0.00737750235456,-0.058736547357,-7.29741654289e-05,-0.0852769060698,-0.00509683669935,0.0403414445484,-0.0106077319428,0.574062863822,0.818796347184,0.00226210509524,0.0,0.818756768869,-0.574002518797,-0.0117986756417,0.0,-0.00836241949706,0.00862546145364,-0.999927833073,0.0,0.659124866328,0.257471401943,0.303528302804,1.0,-0.01032,-0.0135634285714,0.517
0.463007624757,0.532372254391,-0.124031475487,-1.37968991967,0.0781250213161,1.90288739563,0.156217365884,-0.00640324959698,-0.060246112313,0.000396421055697,-0.0959387864981,-0.0010070831917,0.0333757741309,-0.00709250089465,0.574070926469,0.818790719722,0.0022529051253,0.0,0.818750867211,-0.574010456769,-0.011822007499,0.0,-0.00838672039902,0.00863140500407,-0.999927578262,0.0,0.658943770742,0.257245557012,0.303511170749,1.0,-0.01066,-0.0140102857143,0.534
0.462880486092,0.53140091185,-0.124033984098,-1.38126434875,0.0780344713423,1.90346101633,0.156017120996,-0.0100310498562,-0.0580502526687,-0.000973652795299,-0.0887777946551,-0.0031416756594,0.0338620408949,-0.00730997006568,0.574074364347,0.818788375764,0.00222863518345,0.0,0.818748140754,-0.574013920388,-0.0118426395969,0.0,-0.00841751008471,0.00862341273909,-0.999927388502,0.0,0.658754963159,0.257010471584,0.303496243077,1.0,-0.011,-0.0144571428571,0.551
0.462741410416,0.530372960241,-0.124031715279,-1.38290718896,0.0779169566316,1.90403626482,0.155812502134,-0.00909656505213,-0.058324291373,0.000620428029795,-0.0912472330872,-0.00271077894878,0.0258306181455,-0.0185761847143,0.574076647366,0.818786891119,0.00218558503373,0.0,0.81874617559,-0.574016454119,-0.0118556846341,0.0,-0.00845288013657,0.00859567656821,-0.99992732894,0.0,0.658555018114,0.256758730002,0.303488356948,1.0,-0.01134,-0.014904,0.568
0.462604447694,0.529391875612,-0.124039650672,-1.38446589378,0.0778249186192,1.90460218208,0.15560219197,-0.0097507390964,-0.063476184893,-0.00114240166469,-0.102358729237,-0.00987635743165,0.028134052744,-0.0106348654375,0.57408203925,0.818783139832,0.0021746351741,0.0,0.818742261111,-0.574021867773,-0.0118638985915,0.0,-0.00846583498861,0.00859148222906,-0.99992725539,0.0,0.658371565472,0.256515309031,0.303486835812,1.0,-0.01166,-0.0153245714286,0.584
0.462474752558,0.528306410656,-0.124037834625,-1.38614884626,0.0777196527505,1.90525082931,0.15536678182,-0.00101442623617,-0.0620553941,0.000417367865253,-0.0948113213384,-0.0146106537195,0.0408542437129,-0.019405819123,0.574057215178,0.818800434619,0.00221559718903,0.0,0.818760122497,-0.573996919191,-0.0118383051896,0.0,-0.0084216256161,0.00861007290604,-0.999927468803,0.0,0.658174514601,0.25627245361,0.303506284511,1.0,-0.012,-0.0157714285714,0.601
0.462316388793,0.527126825704,-0.124040379689,-1.38797289343,0.0776028014376,1.90595281319,0.155102496826,-0.0114433296291,-0.0648851624535,0.000394178603497,-0.10310337764,-0.00408077179189,0.0443283898446,-0.0183685768878,0.574039581191,0.818812677712,0.00225941250167,0.0,0.818773016167,-0.573979199723,-0.0118056420088,0.0,-0.0083699147126,0.00862701788002,-0.999927756936,0.0,0.657966002537,0.255994458479,0.303529306439,1.0,-0.01236,-0.0162445714286,0.619
0.462180823536,0.526093403982,-0.124043198226,-1.38957499709,0.0775011713652,1.90655886979,0.154895688909,-0.0104766115929,-0.0724790239028,0.00117005603482,-0.107976759239,-0.00699446633433,0.0355533021397,-0.00983514878857,0.57404235272,0.818810657462,0.002287228016,0.0,0.818771408336,-0.573981916602,-0.0117850416387,0.0,-0.00833705068615,0.00863799624124,-0.999927936707,0.0,0.657779385546,0.255751721107,0.303546523011,1.0,-0.01266,-0.0166388571429,0.634
0.462028714787,0.524861826069,-0.124054604542,-1.39153164076,0.077371352264,1.90724865774,0.154633812165,-0.00616208226981,-0.0658254274659,-0.00377897670204,-0.110815924238,-0.00926907464065,0.0366811555911,-0.0128511186797,0.574030642143,0.818818973792,0.00224876423958,0.0,0.818779297298,-0.573970430046,-0.0117963829361,0.0,-0.00836853911282,0.0086128927005,-0.999927890216,0.0,0.657538674996,0.255454817395,0.30354163853,1.0,-0.01302,-0.017112,0.652
0.461864799489,0.52366092024,-0.124064803715,-1.39342532596,0.0772605852427,1.90793300346,0.154378115126,-0.0118672975164,-0.0784808687424,-0.00576097671963,-0.111135875559,-0.0012140488522,0.0419299732229,-0.0176163874472,0.574034476652,0.818816305675,0.00224144533764,0.0,0.818776493785,-0.573974250949,-0.0118050570809,0.0,-0.00837980265568,0.00861191832394,-0.999927804279,0.0,0.657311920404,0.255160643976,0.303544331964,1.0,-0.01336,-0.0175588571429,0.669
0.461738687894,0.522665325777,-0.124060955371,-1.39501329429,0.0771674673669,1.90854727745,0.154158384049,-0.00930137587888,-0.0724269623561,0.000403389789227,-0.113015126679,-0.0108547923471,0.0475003012958,-0.0186725141067,0.574011928883,0.818832049016,0.00226448765957,0.0,0.818792522118,-0.573951602117,-0.0117945348025,0.0,-0.00835819770058,0.00862451528301,-0.999927876533,0.0,0.657110073913,0.254915362981,0.303545454786,1.0,-0.01366,-0.0179531428571,0.684
0.461558705583,0.521367286731,-0.12406926643,-1.39709648897,0.0770332476731,1.90935550259,0.153874864417,-0.011237861682,-0.0745047536895,-0.000589842444077,-0.114556040482,-0.00601093316137,0.0414448055011,-0.0157939874125,0.574011838049,0.818832094109,0.0022711975709,0.0,0.818792752997,-0.573951587373,-0.0117792144529,0.0,-0.00834180199192,0.00862121463567,-0.99992804191,0.0,0.656883015312,0.254611008683,0.303532247496,1.0,-0.014,-0.0184,0.701
0.46141398854,0.520234184038,-0.124074601024,-1.39888174027,0.0769285800848,1.91001405891,0.153629109562,-0.00627924656511,-0.0795842737743,-0.0005326998988,-0.122606919081,-0.00242849801146,0.045072036807,-0.0134015991725,0.573999865792,0.818840470506,0.00227702302025,0.0,0.818801163789,-0.57393955163,-0.0117810081984,0.0,-0.00834005329679,0.00862689231815,-0.999928007529,0.0,0.656666778035,0.254343601423,0.303535606617,1.0,-0.0143,-0.0187942857143,0.716
0.461246354123,0.518908381897,-0.124082954442,-1.40094020411,0.0768008020756,1.91075023216,0.153349088036,-0.00817462039306,-0.0789246795648,-0.00097082794004,-0.124807684235,-0.00260349236104,0.0410189482405,-0.0238083455018,0.573988553373,0.81884839879,0.00227756377707,0.0,0.81880909336,-0.573928232611,-0.0117813133479,0.0,-0.00834011199031,0.00862739504083,-0.999928002702,0.0,0.656413722469,0.254031091599,0.303550684919,1.0,-0.01464,-0.0192411428571,0.733
0.461085495867,0.517622054943,-0.124078732319,-1.40293922463,0.0766573642563,1.91146735876,0.153081530642,-0.0124538483816,-0.0788029090581,0.000751830631904,-0.130323550179,-0.00331538389022,0.0389989420275,-0.0173944263803,0.573965141459,0.81886482744,0.00227105097187,0.0,0.818825544702,-0.573904959435,-0.0117716515721,0.0,-0.0083361845148,0.00861627809895,-0.999928131307,0.0,0.656165442058,0.253733155271,0.303563874553,1.0,-0.01496,-0.0196617142857,0.749
0.460895763511,0.516278064716,-0.124087217273,-1.4050718076,0.0765254707033,1.91226103492,0.152780930989,-0.0137945825848,-0.0830474722465,-0.001022799783,-0.125327562355,-0.00895718186959,0.0522314279958,-0.0127031391,0.573957623076,0.818870096807,0.00227120445764,0.0,0.818830841309,-0.573897467494,-0.0117684759685,0.0,-0.00833357501632,0.00861450460684,-0.999928168339,0.0,0.655911187734,0.253400824576,0.303560673489,1.0,-0.0153,-0.0201085714286,0.766
0.460712221709,0.514914071502,-0.124089698099,-1.40726423927,0.0763978853589,1.91308497289,0.152485383316,-0.00862460609127,-0.0746043429914,-0.00153668687358,-0.129979467039,-0.0082882525565,0.0465826943883,-0.0138336199035,0.573949053453,0.818876112048,0.00226805173407,0.0,0.818836749906,-0.573888843097,-0.0117779316621,0.0,-0.00834321793452,0.00861726274868,-0.999928064161,0.0,0.655645335797,0.253072003977,0.30354507084,1.0,-0.01564,-0.0205554285714,0.783
0.46051966743,0.513505468507,-0.124090728356,-1.4095319537,0.0762644056272,1.91386310633,0.152174530101,-0.0139707715899,-0.0768904742099,3.41442451643e-05,-0.133780789452,-0.00275728199511,0.0475939730713,-0.0215758983889,0.573935813683,0.818885569867,0.00220275671434,0.0,0.818845189241,-0.573875683805,-0.0118322650238,0.0,-0.00842532478471,0.00859484287009,-0.999927568666,0.0,0.655355019682,0.252725862697,0.303520445567,1.0,-0.01598,-0.0210022857143,0.8
0.460324526449,0.512086778526,-0.124096719446,-1.41181210468,0.0761092665435,1.9146767458,0.151857035843,-0.0096990831444,-0.0870624937255,-0.000987616378176,-0.138736683251,-0.00788983582559,0.0489123961092,-0.0177164342893,0.573917205217,0.818898747336,0.00215175956103,0.0,0.818857782908,-0.573857359846,-0.0118494228941,0.0,-0.00846883755531,0.00856273759356,-0.999927476528,0.0,0.655071159896,0.252372775388,0.303499722848,1.0,-0.01632,-0.0214491428571,0.817
0.460123240825,0.510645061436,-0.12409934146,-1.41411333434,0.0759828037623,1.91555852876,0.151519517498,-0.0117489958208,-0.0863146231872,-0.00399597266924,-0.137378994535,-0.0089648842319,0.0470102638167,-0.0195494203366,0.573894010721,0.818914939537,0.00217558332679,0.0,0.818874167881,-0.573833955002,-0.0118505765365,0.0,-0.008456353394,0.00858266912723,-0.999927411304,0.0,0.654794846325,0.252024625416,0.303490488138,1.0,-0.01666,-0.021896,0.834
0.459900607139,0.508974681494,-0.124097901601,-1.41675192641,0.0758154671796,1.91653337636,0.151160247103,-0.0117819471609,-0.0887251152659,-1.33086647268e-05,-0.137709148991,-0.00613418114978,0.0584800027636,-0.0232677406503,0.573873229111,0.818929498164,0.00217734885192,0.0,0.818888742957,-0.573813162359,-0.0118502431565,0.0,-0.00845528504147,0.00858370903332,-0.999927411412,0.0,0.654468251171,0.251627721653,0.303488077885,1.0,-0.01704,-0.0223954285714,0.853
0.459666722817,0.507373610094,-0.124101116987,-1.41927922762,0.0756538588643,1.91743200569,0.150804294044,-0.0105049829667,-0.0944138008092,-0.000428058549046,-0.143177525731,-0.0132211955419,0.0569390528346,-0.0209254251111,0.573862716941,0.818936936333,0.00215018976262,0.0,0.818895802287,-0.573802733809,-0.0118673741899,0.0,-0.00848500966016,0.00857118998829,-0.999927267012,0.0,0.654153605155,0.251228934719,0.303483069177,1.0,-0.0174,-0.0228685714286,0.871
0.459477439521,0.505997923259,-0.124103597186,-1.42141805566,0.0755276310009,1.9182253194,0.150509026628,-0.0094660443798,-0.0914368092637,0.000338905192622,-0.143339740932,-0.00402998300332,0.051361994697,-0.0196614238846,0.573854257361,0.818942791564,0.00217769494738,0.0,0.818901949085,-0.573794098438,-0.0118607454717,0.0,-0.00846388645369,0.00858982330207,-0.999927286137,0.0,0.653890773993,0.250901453508,0.303495685436,1.0,-0.0177,-0.0232628571429,0.886
0.459234628559,0.504271161006,-0.124112689224,-1.4240456145,0.0753539042503,1.91923872733,0.150151027409,-0.017477997896,-0.0990764995216,-0.000453667612356,-0.146274076279,-0.00379541861521,0.0508860611103,-0.0151784498672,0.573854930004,0.818942088283,0.00226323858982,0.0,0.8189025315,-0.573794613475,-0.011795437717,0.0,-0.00836130726541,0.00862240790413,-0.99992786871,0.0,0.653580473931,0.250489070574,0.303539716321,1.0,-0.01806,-0.023736,0.904
0.459049141658,0.502898091303,-0.124115977448,-1.42608620664,0.0752181219314,1.92001994227,0.149861695427,-0.0158924092502,-0.0978776033376,0.000732355525332,-0.145050471336,-0.0125009750968,0.0575952048755,-0.0210019749256,0.573840253182,0.818952117596,0.00235368100191,0.0,0.818913853356,-0.573779718211,-0.0117338251011,0.0,-0.00825910550541,0.00866096989617,-0.999928384824,0.0,0.653336762076,0.250172999701,0.303595135086,1.0,-0.01834,-0.024104,0.918
0.458766912655,0.500903442011,-0.124119203904,-1.42907530888,0.0750307082642,1.92107619257,0.14944034946,-0.0111908672244,-0.0963541080239,0.000826083617902,-0.152505793626,-0.00783713682923,0.0524136572495,-0.0172454517022,0.573830412661,0.8189588565,0.0024074399239,0.0,0.818921226155,-0.573769612583,-0.0117134080982,0.0,-0.00821164152894,0.00869318082773,-0.999928496219,0.0,0.652962036501,0.249699965439,0.303656247876,1.0,-0.01874,-0.0246297142857,0.938
0.458584796499,0.499573118205,-0.124122609302,-1.43107101014,0.0748986396586,1.92180058346,0.14916098339,-0.0163162516846,-0.100010505462,-0.0016363856513,-0.152263480918,-0.00885314003983,0.065001836965,-0.0245489481878,0.573818941044,0.818966757911,0.0024534131729,0.0,0.818929772233,-0.573758026029,-0.0116834335002,0.0,-0.00816083527721,0.00871351629193,-0.999928735161,0.0,0.652713849682,0.249387767666,0.303697241218,1.0,-0.019,-0.0249714285714,0.951
0.458237427817,0.497306825884,-0.124120233943,-1.43463956948,0.074682680422,1.92312000686,0.148631316478,-0.0152925891613,-0.0975727092882,0.000397161751101,-0.154875544386,-0.0081036031713,0.0555453460425,-0.0237414072094,0.573790916154,0.818986343446,0.00246995726591,0.0,0.818949458223,-0.573729822795,-0.0116885504849,0.0,-0.00815583210241,0.00872972233022,-0.999928634629,0.0,0.65227263287,0.24882381566,0.303693202451,1.0,-0.01946,-0.025576,0.974
0.458057382629,0.496129140222,-0.124117775382,-1.43654458253,0.0745626288936,1.92379090268,0.148356412112,-0.0150233371892,-0.0988471939167,0.00153566358838,-0.160752151656,-0.0117288146039,0.0570114520844,-0.0200606275523,0.573775209197,0.818997492915,0.00242132416432,0.0,0.818959894862,-0.573714208182,-0.0117236870863,0.0,-0.00821268037525,0.00870989608602,-0.999928342228,0.0,0.652027282847,0.248523692911,0.303665287619,1.0,-0.0197,-0.0258914285714,0.986
0.457718050693,0.494059315553,-0.12412594354,-1.43993202224,0.0743540938294,1.92496782202,0.147889656933,-0.017291845901,-0.101073546332,-0.000433193371565,-0.162496086504,-0.00342687541218,0.0637220224929,-0.0275072147965,0.573790791202,0.818986924783,0.00230040602218,0.0,0.818947593839,-0.573730073552,-0.01180627583,0.0,-0.00834953417325,0.0086584110276,-0.999927655982,0.0,0.651592894897,0.247969758614,0.303597014875,1.0,-0.020652,-0.0271426285714,1.007
0.457520726097,0.49280239078,-0.124128402406,-1.44195500307,0.0742258287511,1.92572744283,0.147594735252,-0.0190159360189,-0.105355407106,-0.00219554109825,-0.169169225653,-0.0104081639158,0.061132336831,-0.0135728846184,0.573779604487,0.818994789042,0.00229082889444,0.0,0.818955342031,-0.573718933874,-0.0118101471088,0.0,-0.00835831795245,0.00865267468861,-0.999927632252,0.0,0.651342763418,0.247647365611,0.30357508224,1.0,-0.021996,-0.0289090285714,1.019
0.457164009017,0.490508632158,-0.124138847627,-1.44564174369,0.0740029727486,1.92703402514,0.147070418101,-0.0165451941967,-0.117918511798,-0.00167852226956,-0.19400927967,-0.0143878098249,0.0631082200184,-0.0310434315299,0.573773783316,0.818999066905,0.00221830782304,0.0,0.81895850553,-0.57371322128,-0.0118681443415,0.0,-0.00844748925497,0.00862649822613,-0.99992710907,0.0,0.650869616694,0.247055066592,0.303529785931,1.0,-0.024236,-0.0318530285714,1.039
0.456844973845,0.488528931774,-0.124157512936,-1.44884454076,0.0737987301195,1.92817353956,0.146612434343,-0.0212810420635,-0.125965346104,-0.00136185248742,-0.205326753508,-0.0155214575369,0.0765711475061,-0.0313410279137,0.573777269258,0.818996833946,0.00213966582036,0.0,0.818955235959,-0.573717009439,-0.0119105616107,0.0,-0.00852731375128,0.0085864653592,-0.999926776086,0.0,0.650462147115,0.246527605534,0.303481149271,1.0,-0.026028,-0.0342082285714,1.055
0.456492579429,0.486325235214,-0.124182976699,-1.45219741351,0.0735977470707,1.92949230567,0.146124296968,-0.0232428507629,-0.140771339374,-0.00355539588769,-0.214379053914,-0.00944662733619,0.0861171161452,-0.0291973860334,0.573796717564,0.818982831443,0.00227938908578,0.0,0.81894316867,-0.573736019776,-0.0118242548113,0.0,-0.00837625533231,0.00865157528851,-0.999927491667,0.0,0.650067523205,0.245972189363,0.303531220133,1.0,-0.02782,-0.0365634285714,1.071
0.456084379749,0.483855185077,-0.124213311958,-1.45598828397,0.0733573509846,1.9308405814,0.145546401035,-0.0258255221336,-0.146295242175,-0.00820328233991,-0.228229063621,-0.0165256128902,0.0773844641119,-0.0308077703324,0.573800823265,0.818979906267,0.00229679156773,0.0,0.818940496518,-0.573740085306,-0.0118120522269,0.0,-0.00835623291898,0.00865886762915,-0.99992759607,0.0,0.64959318156,0.245325541161,0.303559207345,1.0,-0.029724,-0.0390658285714,1.088
0.455708004495,0.48154473318,-0.124247893812,-1.45960481343,0.0731348115122,1.93207802997,0.144995548428,-0.0227096859469,-0.156511179471,-0.00707486801209,-0.248403133418,-0.0127791698173,0.0836584544881,-0.0423889070448,0.573799344687,0.818981108522,0.00223669865348,0.0,0.818940817826,-0.573738738821,-0.0118550991623,0.0,-0.00842598381534,0.00863433819283,-0.999927222852,0.0,0.649124958184,0.24471138855,0.303548754194,1.0,-0.031404,-0.0412738285714,1.103
0.455268692556,0.478930692771,-0.124259792818,-1.4636185742,0.0728985230892,1.93356104184,0.144406283789,-0.0233511777395,-0.16068162941,0.000624026595343,-0.249477722445,-0.0117581503321,0.0915647466174,-0.0394470789245,0.573816985927,0.818968535295,0.00231338705521,0.0,0.818929098433,-0.573755929801,-0.011832652282,0.0,-0.00836341138876,0.00868444404586,-0.999927314249,0.0,0.64862470511,0.244041164368,0.303578806476,1.0,-0.033196,-0.0436290285714,1.119
0.454781098685,0.476010298176,-0.124279979795,-1.46805139457,0.0726220530219,1.93520575259,0.143770515081,-0.0314210822106,-0.173537510226,-0.000313337712666,-0.266593201798,-0.00941550252357,0.0993970959234,-0.037349262082,0.573849914414,0.818945146518,0.00242273044953,0.0,0.818907154881,-0.573788462305,-0.0117736617885,0.0,-0.0082520072759,0.00874047439034,-0.999927751632,0.0,0.648074104764,0.243294148498,0.303633963403,1.0,-0.0351,-0.0461314285714,1.136
0.454262772109,0.472945805438,-0.124296867838,-1.4727844452,0.0723184122203,1.93688577265,0.143078865059,-0.0336461201193,-0.187632999683,-0.00236484384451,-0.288220700451,-0.0171518395008,0.0945328169583,-0.0424534114343,0.573864828004,0.818934679499,0.00242833170441,0.0,0.818896699309,-0.573803288022,-0.0117783452782,0.0,-0.00825246958464,0.00874789932898,-0.999927682887,0.0,0.647464506328,0.242494348721,0.303646919481,1.0,-0.037004,-0.0486338285714,1.153
0.453722318678,0.469736020754,-0.124296315766,-1.47770770096,0.0720148842445,1.93866539046,0.142336859773,-0.0319061905331,-0.195041792391,0.000851270449815,-0.285970111734,-0.0176478070303,0.114758642123,-0.0446389083473,0.573851805318,0.818943617786,0.00249064700835,0.0,0.818906248971,-0.573789823079,-0.0117703538013,0.0,-0.00821030629221,0.00879421449309,-0.999927623712,0.0,0.646828869798,0.241677148921,0.303675550231,1.0,-0.038908,-0.0511362285714,1.17
0.453196853845,0.466545874419,-0.12429495452,-1.48249475877,0.0717037707869,1.94047388543,0.141550655052,-0.0389812883314,-0.203899224402,-0.000289376702173,-0.309224079774,-0.0178452107362,0.10903260463,-0.0526222032168,0.573772335261,0.81899874224,0.00266728319603,0.0,0.818963767213,-0.573709835871,-0.0116670098344,0.0,-0.0080251742849,0.00887878671678,-0.999928379297,0.0,0.646185299574,0.240831990398,0.303758456448,1.0,-0.040812,-0.0536386285714,1.187
0.452597666254,0.463055571,-0.124300300897,-1.48793915682,0.0713364916777,1.94232660038,0.140727378485,-0.0368918483232,-0.202693415662,0.000393974900934,-0.329582611502,-0.0142740707415,0.109462627338,-0.0534472417867,0.573754098174,0.819011819118,0.00257330033002,0.0,0.818975456134,-0.573691751682,-0.0117355529176,0.0,-0.00813543200172,0.00884096160825,-0.999927823467,0.0,0.645490894064,0.239967252656,0.303730948853,1.0,-0.042604,-0.0559938285714,1.203
0.451963098681,0.459430976227,-0.12431023694,-1.49354832037,0.0709530077762,1.94428247482,0.139900851382,-0.0358561572117,-0.2177182755,0.000586391985356,-0.337526213901,-0.0214155889229,0.117623200058,-0.049443424722,0.573759538421,0.819008123001,0.00253642074226,0.0,0.818971272165,-0.573697316352,-0.0117554872198,0.0,-0.00817285910277,0.00882224849882,-0.999927683538,0.0,0.644744814576,0.239009331974,0.303726732009,1.0,-0.044508,-0.0584962285714,1.22
0.451281818613,0.455743927464,-0.124319478649,-1.49940245181,0.0705610553987,1.94637476553,0.138996833928,-0.0428399643898,-0.218000182687,-0.00139985161615,-0.348583692673,-0.0222604233573,0.12565855822,-0.0551948859249,0.573746542217,0.819017458114,0.00246079269537,0.0,0.818979576092,-0.573684551273,-0.0117998506885,0.0,-0.00825272385433,0.00878563164035,-0.999927349974,0.0,0.643971748821,0.238002355697,0.303657961611,1.0,-0.046412,-0.0609986285714,1.237
0.450569305629,0.451816635526,-0.124377268222,-1.50540317161,0.0701473666003,1.94851699432,0.138037758322,-0.0394848138085,-0.238893452354,-0.00995336541666,-0.356728810839,-0.0190855993761,0.133160581718,-0.0495182277611,0.573747140033,0.819016937269,0.00249452845855,0.0,0.818979773275,-0.573685322153,-0.0117485749642,0.0,-0.00819136523129,0.00878384875291,-0.999927870167,0.0,0.64319091008,0.236933527696,0.303686268362,1.0,-0.048316,-0.0635010285714,1.254
0.449817251844,0.447696334562,-0.12442035628,-1.51161159165,0.0697322858814,1.95072991168,0.137115585068,-0.0453282461053,-0.246089711096,0.000642570227269,-0.374169440191,-0.0267201772193,0.122477351395,-0.0557759059091,0.573806069176,0.818975365318,0.00258706010993,0.0,0.818939519358,-0.573744035145,-0.0116872866742,0.0,-0.00808744527537,0.00882505169844,-0.999928353279,0.0,0.642376227547,0.235831723879,0.303749788976,1.0,-0.05022,-0.0660034285714,1.271
0.449077805141,0.443747814361,-0.124442237782,-1.5177207377,0.0693208221373,1.95274641681,0.136197604481,-0.0478050632231,-0.240218155889,-0.00311901632268,-0.379303081851,-0.0303035886215,0.125919635687,-0.0576673850485,0.573835251377,0.818955307465,0.00246080336287,0.0,0.818917573402,-0.573773406583,-0.011782731975,0.0,-0.00823774596102,0.00877671106219,-0.999927551818,0.0,0.641528169107,0.234749243526,0.303721727151,1.0,-0.052012,-0.0683586285714,1.287
0.44827641531,0.439460216176,-0.124451912864,-1.52434463924,0.0688541389523,1.9550967862,0.135109091459,-0.048535724686,-0.251658315493,-0.000661946770056,-0.391669111063,-0.0157892924275,0.136361141159,-0.0647530919085,0.573771332816,0.819000113087,0.00245342687982,0.0,0.818962370548,-0.573709616736,-0.0117753213454,0.0,-0.00823659349852,0.00876577488445,-0.999927657242,0.0,0.640632097315,0.233592892805,0.303705257563,1.0,-0.053916,-0.0708610285714,1.304
0.447403783073,0.434992402648,-0.124463319696,-1.53108285018,0.06841238979,1.95753316055,0.134012304049,-0.0507586848159,-0.272105842502,-0.00416627338239,-0.393420358741,-0.0328250518355,0.139522859688,-0.0653651579408,0.573769964378,0.819000640944,0.00259326292788,0.0,0.818964635719,-0.573707651113,-0.0117133853945,0.0,-0.00810565142157,0.00884474963845,-0.99992803182,0.0,0.639736529389,0.23238982851,0.303760014334,1.0,-0.05582,-0.0733634285714,1.321
0.446500603311,0.430440166125,-0.124497963543,-1.53805172788,0.06789389099,1.96001225959,0.132901932978,-0.0572064129383,-0.270331999543,-0.000381071922827,-0.42335251713,-0.0329945159187,0.140328477027,-0.0653666215056,0.573782559868,0.81899177259,0.00260716741133,0.0,0.818956360752,-0.573720647285,-0.0116552547745,0.0,-0.00804992697902,0.00882290812382,-0.99992867494,0.0,0.638799762562,0.231120534871,0.303762265242,1.0,-0.057724,-0.0758658285714,1.338
0.445614157159,0.426012748611,-0.124545397573,-1.54493839506,0.067394158091,1.96222787695,0.131783340073,-0.0524903287989,-0.278518053764,-0.00326986681706,-0.429332774105,-0.0309774131997,0.140922135622,-0.0693172915904,0.573781291037,0.81899335775,0.00237842766921,0.0,0.818954910615,-0.573720141071,-0.0117813840405,0.0,-0.00828448291833,0.00870793041885,-0.999927767036,0.0,0.637817159792,0.229850535798,0.303691646469,1.0,-0.059516,-0.0782210285714,1.354
0.44462572402,0.421155404726,-0.124583230216,-1.55233436847,0.0668667007582,1.96473079909,0.130571549162,-0.0619685329209,-0.287727830118,-0.00241658166829,-0.439705462494,-0.0275331072136,0.148628318282,-0.0646783726854,0.573790826377,0.818986818955,0.00232912941713,0.0,0.818947746647,-0.573729879128,-0.0118051242785,0.0,-0.0083321104602,0.00868127444449,-0.999927603084,0.0,0.636784932289,0.228483799136,0.303689958229,1.0,-0.06142,-0.0807234285714,1.371
0.443595413985,0.416144762132,-0.124597397396,-1.55974825577,0.0663680617205,1.96746166793,0.129389372593,-0.0617088894928,-0.293774183239,2.8693349483e-05,-0.441730439777,-0.0250118911375,0.164680240671,-0.0740768845902,0.573848127972,0.818945851961,0.00260086138723,0.0,0.818910381047,-0.573786254121,-0.0116562985518,0.0,-0.00805369389393,0.00881898728555,-0.999928679196,0.0,0.635791121073,0.227125242138,0.303796278563,1.0,-0.063324,-0.0832258285714,1.388
0.442271852585,0.40985134033,-0.124626885524,-1.56931741738,0.0656929310307,1.97068458436,0.127750901862,-0.062670791509,-0.301968196553,-0.00429825615643,-0.462213162735,-0.0398167669395,0.149084419991,-0.0754552719957,0.5738151234,0.818969156614,0.00254392890613,0.0,0.818932754037,-0.573753246161,-0.0117091326016,0.0,-0.00812998751097,0.00880235354644,-0.999928208361,0.0,0.634430643038,0.225346946749,0.303781959696,1.0,-0.065676,-0.0863170285714,1.409
