position_joint1,position_joint2,position_joint3,position_joint4,position_joint5,position_joint6,position_joint7,velocity_joint1,velocity_joint2,velocity_joint3,velocity_joint4,velocity_joint5,velocity_joint6,velocity_joint7,ee_T_00,ee_T_10,ee_T_20,ee_T_30,ee_T_01,ee_T_11,ee_T_21,ee_T_31,ee_T_02,ee_T_12,ee_T_22,ee_T_32,ee_T_03,ee_T_13,ee_T_23,ee_T_33,v_x,v_y,time
0.465096056946,0.547582701466,-0.123988148035,-1.35573974302,0.0794564523015,1.89408907351,0.15916396948,-1.86274436257e-05,8.08965195493e-05,-0.000419644970611,-0.000249981935816,2.59325336225e-05,0.000495639430903,0.000782128820346,0.573774006108,0.818999060381,0.00216238556765,0.0,0.81895915385,-0.573715069198,-0.0117333116212,0.0,-0.00836913913919,0.00850333838419,-0.99992882284,0.0,0.661697966945,0.260911385036,0.303398288672,1.0,0.0,0.0,0.0
0.465093912265,0.547579917394,-0.123988148971,-1.35574503273,0.0794561012357,1.89408615098,0.159162934317,0.000714267346666,-0.00202381043686,3.52516831942e-05,-0.00205667555376,-0.000251372339991,0.000180848188876,0.000761682457578,0.573775086939,0.818998314919,0.00215793144518,0.0,0.818958344627,-0.573716160892,-0.0117364133698,0.0,-0.00837422385866,0.00850148124565,-0.999928796061,0.0,0.661696824085,0.260909117549,0.303397488383,1.0,-0.00016,-0.000210285714286,0.009
0.465086223384,0.547573972745,-0.123981149846,-1.35574276549,0.079456438972,1.8940860379,0.159162045133,-0.00121918125648,-0.00304196972055,0.00208063492166,-0.000437319262857,-7.03573642399e-05,-0.000148293856798,0.000974593871481,0.573775718355,0.818997848974,0.00216686508162,0.0,0.818957959473,-0.573716722329,-0.0117358440769,0.0,-0.00836862544445,0.00850847758595,-0.999928783423,0.0,0.661697858261,0.260908475851,0.303402538123,1.0,-0.0005,-0.000657142857143,0.026
0.465087887799,0.547556443354,-0.123985802174,-1.35575534652,0.0794551165618,1.89409050162,0.159163566619,0.000412345458603,-0.0015071791136,0.00108725732614,-0.000356604548105,-0.00020809255051,0.000207098816388,0.00101002843524,0.573779052974,0.81899551159,0.00216731755955,0.0,0.818955663295,-0.573720090741,-0.0117314082143,0.0,-0.00836469809153,0.00850633705812,-0.999928834496,0.0,0.661695965086,0.260903112125,0.303406522175,1.0,-0.00084,-0.001104,0.043
0.465095328881,0.547454830738,-0.123987941801,-1.3558542475,0.0794523699854,1.8941047739,0.159154962104,0.000816433402923,-0.0102692120354,0.000305204052951,-0.00735281010913,-0.00039869759591,0.000132780007495,0.000425451524989,0.573772128331,0.819000299095,0.00219128596642,0.0,0.81896070854,-0.573713021366,-0.0117249257182,0.0,-0.00834570905832,0.00852217676982,-0.999928858291,0.0,0.661678598921,0.260899516632,0.303435718962,1.0,-0.00118,-0.00155085714286,0.06
0.465084357752,0.547329490463,-0.123980678684,-1.35601164158,0.0794497708982,1.89414176062,0.159158768445,-0.000142358128864,-0.00861057034619,0.00178916644254,-0.00517978204768,-0.00461194576238,7.29071198122e-05,0.00110932900988,0.573792578714,0.818985931618,0.00220620160856,0.0,0.818946421739,-0.573733297201,-0.0117306822409,0.0,-0.00834165300312,0.00853790370717,-0.999928757975,0.0,0.661655015737,0.260877224991,0.303456152782,1.0,-0.00152,-0.00199771428571,0.077
0.465065344083,0.547154480617,-0.123988632359,-1.35624076568,0.0794470270481,1.89424564097,0.159151568244,-0.00234859691791,-0.0113740125718,0.000258643287252,-0.0157566221304,0.000438835485094,0.00589821678173,0.00140537292654,0.57381450161,0.818970456729,0.00224847699104,0.0,0.818931454143,-0.573755015395,-0.0117133524322,0.0,-0.0083029744986,0.00856280488047,-0.999928866964,0.0,0.661634291479,0.260846047626,0.303476745833,1.0,-0.00186,-0.00244457142857,0.094
0.465038895261,0.546962468577,-0.123988994003,-1.35645597784,0.0794470915407,1.89434583729,0.159136397565,-0.00123846562681,-0.00927066426634,-0.00022179654058,-0.00753906154519,6.90493729407e-06,0.00194042665495,-0.000188451488714,0.573836085493,0.818955129456,0.00232159966364,0.0,0.818916993043,-0.573776239386,-0.0116847131675,0.0,-0.00823733565463,0.00860647318103,-0.999929034942,0.0,0.661616972806,0.260812138333,0.303519028341,1.0,-0.00222,-0.00291771428571,0.112
0.465011935401,0.546765027395,-0.123986126057,-1.3566954497,0.0794398539103,1.89448309536,0.159123577643,-0.00436658619616,-0.0086316630068,0.000142415780233,-0.0165430207295,-9.71649830495e-05,0.0119557049644,-0.001004569031,0.573857378752,0.81893996453,0.00240629358488,0.0,0.81890291607,-0.573797211971,-0.0116413267474,0.0,-0.00815298013353,0.00865114864745,-0.999929340775,0.0,0.661601419102,0.260778288532,0.303556702546,1.0,-0.00254,-0.00333828571429,0.128
0.464972937139,0.546525572004,-0.123983896262,-1.3570384878,0.0794322424784,1.89461422104,0.159086620773,-0.00149367363305,-0.0136837472591,0.000773169440557,-0.024897586087,-0.00453949368389,0.010013051559,-0.00817736449298,0.573874658292,0.818927763186,0.00243765324099,0.0,0.818891003674,-0.573814252374,-0.011639363213,0.0,-0.00813319409808,0.00867587493319,-0.999929287674,0.0,0.661565285282,0.260723876358,0.303574307931,1.0,-0.00288,-0.00378514285714,0.145
0.464945947011,0.54628768977,-0.123989243396,-1.35740088907,0.0794183951572,1.89474136552,0.158975106103,0.000134722822792,-0.0180811629291,0.000495352141539,-0.0261669712683,4.99577334606e-05,0.0123155943098,-0.00938924684383,0.573825725475,0.81896203236,0.00244402080735,0.0,0.818925295237,-0.573765238733,-0.0116429611227,0.0,-0.00813300550733,0.00868266824243,-0.999929230243,0.0,0.661522810401,0.260669420505,0.303581460804,1.0,-0.00318,-0.00417942857143,0.16
0.464902622449,0.546012672662,-0.123990032642,-1.35785883505,0.0793968728446,1.89490190191,0.158941433522,-0.0019108948911,-0.0157388624685,7.94725309465e-05,-0.0269865507622,0.000296531485548,0.00261151367857,-0.000717495507069,0.573854067462,0.818942222399,0.00242745353787,0.0,0.818905207784,-0.573793569668,-0.0116596301079,0.0,-0.00815586318789,0.008678947603,-0.999929076367,0.0,0.661469664346,0.260596967144,0.303572151324,1.0,-0.00352,-0.00462628571429,0.177
0.464866186344,0.545702004299,-0.123992429502,-1.35837313019,0.0793515891967,1.89508218521,0.158899022617,-0.000468635209068,-0.0187603810227,-8.6326217134e-05,-0.029053193874,-0.00667147186142,0.00956222366282,-0.00133850141078,0.573867557887,0.818932854551,0.00239846682183,0.0,0.818895581983,-0.573807287968,-0.011660573989,0.0,-0.00817312675818,0.00865588565515,-0.99992913531,0.0,0.661408326663,0.260519412458,0.303562969132,1.0,-0.00386,-0.00507314285714,0.194
0.464811421497,0.545357296114,-0.123987802226,-1.35896695263,0.0792785569034,1.895278732,0.158800674892,0.000512584449089,-0.0167049608248,0.000710385463633,-0.0364764813479,-0.00291262931041,0.00828015319635,-0.0053472941366,0.573842333075,0.81895071591,0.00233421987207,0.0,0.818912871651,-0.573782574452,-0.0116624526313,0.0,-0.00821179734671,0.00860409738137,-0.999929265445,0.0,0.661337531117,0.260421419894,0.303541137829,1.0,-0.0042,-0.00552,0.211
0.464760205615,0.544952563785,-0.123992439732,-1.35965063763,0.0792633607346,1.89549391414,0.158734862382,-0.000299636140847,-0.0268869449128,0.00419193586776,-0.0448230944377,-0.00412549035039,0.0129924873482,-0.00471905744752,0.573867573088,0.818933145438,0.00229319929787,0.0,0.818894509271,-0.573807691552,-0.0117159166132,0.0,-0.008278856442,0.00860143855136,-0.999928735356,0.0,0.661249280613,0.260321164583,0.303521026383,1.0,-0.00454,-0.00596685714286,0.228
0.46469387123,0.544574536884,-0.123994834683,-1.3603165495,0.0792383296441,1.89572267665,0.158640232812,-0.00768950347077,-0.0273275803686,-0.000838224131007,-0.045214282526,-5.0844159943e-05,0.00727660210711,-0.00845680437325,0.573877897737,0.818926036215,0.00224779851077,0.0,0.818886641623,-0.573818011386,-0.011760309565,0.0,-0.00834115701838,0.00858983928445,-0.999928317311,0.0,0.661165134961,0.260210226719,0.303490117072,1.0,-0.00488,-0.00641371428571,0.245
0.464637500139,0.544120983595,-0.123998035547,-1.36105978512,0.0792025067146,1.895985112,0.15855554193,-0.00599584688454,-0.0302354461351,3.29418547586e-05,-0.0448483852013,-6.23147816996e-05,0.0164910148299,-0.00903181559887,0.573887484045,0.818919366505,0.00223018395178,0.0,0.818879669707,-0.57382758849,-0.0117784604154,0.0,-0.00836602933481,0.00858592861724,-0.99992814311,0.0,0.661081782606,0.260103922569,0.303481573502,1.0,-0.0052,-0.00683428571429,0.261
0.46456852752,0.54363557241,-0.123996465547,-1.36186194327,0.0791694312054,1.89626406683,0.158450707724,-0.00213755778304,-0.0289242187842,-0.000563729840566,-0.0538244819627,6.31657913833e-05,0.0229290676642,-0.00289714484353,0.573892846219,0.818915673033,0.00220644997352,0.0,0.818875490475,-0.573832860371,-0.0118121275699,0.0,-0.00840716476328,0.00858586861986,-0.999927798614,0.0,0.660985057117,0.259983967413,0.303467350526,1.0,-0.00554,-0.00728114285714,0.278
0.464492314167,0.543119331948,-0.124002395369,-1.36271506646,0.0791149772834,1.89655937812,0.158348071658,-0.000666245039674,-0.0267035941927,-0.000647526586903,-0.0534280890903,-0.00386446066501,0.0118420348831,-0.00999623995413,0.573908271704,0.818904966743,0.00216749017738,0.0,0.818864296209,-0.573848455606,-0.0118305237832,0.0,-0.00844442637577,0.00856468067305,-0.999927666338,0.0,0.660885351594,0.25984689294,0.303452255705,1.0,-0.00588,-0.007728,0.295
0.464416217056,0.542588498975,-0.124004159495,-1.36355496808,0.0790629548202,1.89685295121,0.158223568463,-0.0058767783711,-0.0394091687956,-4.82368345944e-05,-0.0531017017313,-0.00747878692744,0.0150245896528,-0.00503547891693,0.573902615259,0.81890896785,0.00215347961189,0.0,0.81886810289,-0.573842842841,-0.0118392859273,0.0,-0.00845970143179,0.00855817769231,-0.999927592902,0.0,0.660787481742,0.25971435587,0.303453429887,1.0,-0.0062,-0.00814857142857,0.311
0.464332916578,0.541996783413,-0.124002956241,-1.36448405144,0.0790028136634,1.89720365716,0.158120710037,-0.0107166296204,-0.037254417452,0.000869978083162,-0.0575966447867,-0.00328994695814,0.0254821569704,-0.0103244030619,0.573916851011,0.818898976105,0.00215915766869,0.0,0.818858213806,-0.573857083547,-0.0118330150893,0.0,-0.00845115872919,0.00855937554443,-0.999927654886,0.0,0.660676824873,0.259561778328,0.303459522834,1.0,-0.00656,-0.00862171428571,0.329
0.464255412446,0.54136919284,-0.124005940421,-1.3654454018,0.0789513382153,1.89755266101,0.158000607475,-0.00214481241001,-0.0390677122769,0.00161512409975,-0.0602047619336,-0.000464410005041,0.0243275408823,-0.0107841424047,0.573928164885,0.818890996987,0.00217795924502,0.0,0.818850422836,-0.573868264726,-0.0118299054408,0.0,-0.00843770382002,0.0085731038279,-0.999927650905,0.0,0.66057163672,0.259428112485,0.303476495643,1.0,-0.00688,-0.00904228571429,0.345
0.464154550629,0.54070641095,-0.124008398282,-1.36646716616,0.0788887090957,1.89793321486,0.157853169931,-0.00829309293619,-0.0346231485321,0.000647378416191,-0.0584443887662,-0.00210418534651,0.0217943478217,-0.00256551654141,0.573931681437,0.818888486573,0.00219510846836,0.0,0.81884815001,-0.573871728394,-0.0118191994583,0.0,-0.00841905775908,0.00858103873829,-0.99992774001,0.0,0.660459371564,0.259263172433,0.303491729317,1.0,-0.00722,-0.00948914285714,0.362
0.464052419116,0.53999229904,-0.124012337557,-1.36754389442,0.0788342338112,1.89833615603,0.157728987624,-0.0100935658799,-0.0457699933969,0.000297477166433,-0.0641101804337,-0.0027235416781,0.0320033385465,-0.00205846942549,0.573961457635,0.818867510898,0.00223419940146,0.0,0.818827609365,-0.57390127375,-0.0118076683373,0.0,-0.00838686757179,0.00860673639125,-0.999927789663,0.0,0.660340250483,0.259093533548,0.303518983451,1.0,-0.00756,-0.009936,0.379
0.463957108623,0.539251909001,-0.12402533139,-1.36870844522,0.0787572877215,1.89876321982,0.157579470337,-0.0119854539706,-0.0442778652364,-0.00597512121262,-0.0725203594935,-0.00132612936202,0.0228956416593,-0.010843348927,0.573970016574,0.818861524808,0.00222938641928,0.0,0.818821665587,-0.573909957869,-0.0117977593636,0.0,-0.00838142552422,0.00859719556117,-0.999927917369,0.0,0.660207671443,0.258911082035,0.303525246065,1.0,-0.0079,-0.0103828571429,0.396
0.463857300699,0.538557608036,-0.124023598485,-1.36979914507,0.0786943788446,1.89919428422,0.15743818346,-0.00385797214411,-0.0445828113822,0.000694273718541,-0.0692191802069,-0.00487970734696,0.0278917956386,-0.00778473605248,0.57397589427,0.818857292365,0.00227033892693,0.0,0.81881794281,-0.573915654141,-0.0117790222462,0.0,-0.00834251583216,0.00862003503942,-0.999928046124,0.0,0.660082086718,0.258736255171,0.30353873213,1.0,-0.00824,-0.0108297142857,0.413
0.46374245287,0.537782737312,-0.124038525381,-1.37102000467,0.0786327309236,1.8996687385,0.157291935347,-0.00992634387698,-0.0443581812927,-0.000832173301831,-0.0707429397226,-0.00130806588613,0.0324491834791,-0.00623699333373,0.574014274872,0.81883034801,0.00228480234261,0.0,0.818791186295,-0.573953974716,-0.0117717906203,0.0,-0.008327888362,0.00862811799543,-0.999928098343,0.0,0.659957476422,0.258547914339,0.303541657451,1.0,-0.00856,-0.0112502857143,0.429
0.46364732462,0.536956723251,-0.124042855621,-1.37227712773,0.0785497444317,1.90013774424,0.157140901695,-0.00538348955669,-0.0516629999759,0.000798554412066,-0.0769446843322,-0.0094374699767,0.0211680958876,-0.0061592213295,0.574018551384,0.818827273847,0.0023119629303,0.0,0.818788542394,-0.573958228361,-0.0117482697758,0.0,-0.00829299323127,0.00863689984284,-0.999928312543,0.0,0.659811651611,0.258362647173,0.303567285865,1.0,-0.0089,-0.0116971428571,0.446
0.463526281169,0.536127579657,-0.124051085125,-1.37359884715,0.0784744144272,1.90063973225,0.156981138707,-0.00714901119491,-0.049566344736,-0.000341093115236,-0.0777076407726,-0.00319752185468,0.032566892582,-0.00778254843351,0.574045289585,0.818808509584,0.00231884437911,0.0,0.818769870376,-0.573984940381,-0.0117445511277,0.0,-0.00828571617765,0.00864067052455,-0.999928340293,0.0,0.659664385897,0.25815387326,0.303567244266,1.0,-0.00924,-0.012144,0.463
0.463425332145,0.535230274405,-0.124058097311,-1.37499174881,0.0783953644994,1.90114040208,0.156804761361,-0.00543594469315,-0.0560962364868,-0.000601939869065,-0.0863270950277,-0.00439181585109,0.0324972132605,-0.00764217835054,0.574043674926,0.818809625405,0.00232454792164,0.0,0.818771013747,-0.573983255975,-0.0117471617756,0.0,-0.00828459705247,0.00864682285204,-0.999928296382,0.0,0.659496547031,0.257950837188,0.30358109472,1.0,-0.00958,-0.0125908571429,0.48
0.463301349355,0.534351846021,-0.12405566469,-1.37642394988,0.0783176378576,1.90166264063,0.156638116827,-0.00905177763678,-0.052762652546,-0.000432975856331,-0.0859856129876,-0.0066650022198,0.035940561466,-0.0075497040554,0.574064762978,0.818794905266,0.00230172067443,0.0,0.818755877979,-0.57400430361,-0.0117736406527,0.0,-0.00831915957967,0.0086435459774,-0.999928037759,0.0,0.659326751383,0.257734871816,0.303564329443,1.0,-0.00992,-0.0130377142857,0.497
0.463185382944,0.533471556462,-0.124053161964,-1.37782359625,0.0782291571809,1.90217431083,0.15646585852,-0.00938864454274,-0.0533716120967,0.00107200827941,-0.089502289638,0.000307009819559,0.0387771577279,-0.00964079654005,0.574069761657,0.818791425339,0.00229291150517,0.0,0.818752278781,-0.574009330202,-0.0117788680576,0.0,-0.00832844391681,0.00863938483324,-0.999927996434,0.0,0.659160628127,0.257525694137,0.303563251235,1.0,-0.01024,-0.0134582857143,0.513
0.463062754731,0.532538535906,-0.124058150266,-1.37933588499,0.0781583160078,1.90275326637,0.156275415108,-0.00380555539213,-0.0544920686324,-0.000366008488434,-0.0952039453378,-0.00560514243318,0.0402860618101,-0.00356414028249,0.574081629124,0.818783083522,0.00230046564867,0.0,0.818743882546,-0.574021008989,-0.0117933427803,0.0,-0.00833583444454,0.0086540002293,-0.999927808466,0.0,0.6589851925,0.2573025062,0.303551696642,1.0,-0.01058,-0.0139051428571,0.53
0.46292091472,0.531567041289,-0.124058153195,-1.3808834123,0.0780580280359,1.90331875585,0.156079486093,-0.00992773215158,-0.061866773809,-0.00142058857477,-0.0949937832554,-0.00802121917529,0.0406053160414,-0.0110322672083,0.574094785468,0.818773896546,0.0022870362999,0.0,0.818734548829,-0.574034244,-0.0117971254942,0.0,-0.00834650195156,0.0086453103119,-0.999927794651,0.0,0.658804887731,0.257060254334,0.303548897204,1.0,-0.01092,-0.014352,0.547
0.462802074935,0.53063397339,-0.124058863877,-1.38242096971,0.0779599496168,1.90385225807,0.155885081503,-0.0072736867826,-0.0560606880765,-0.000976192605871,-0.104240624564,-0.00628035243083,0.0325524593064,-0.00986766948655,0.574090608398,0.818777001108,0.00222321981572,0.0,0.818736794616,-0.574030284996,-0.0118338476515,0.0,-0.00841324876832,0.00861409851165,-0.999927504648,0.0,0.658613216342,0.256831647598,0.303520823984,1.0,-0.01124,-0.0147725714286,0.563
0.462660169384,0.529601539118,-0.124058726036,-1.38405837702,0.0778609213558,1.90445204471,0.155657508589,-0.00969408027855,-0.0617420228921,0.000748748868685,-0.0983363043374,-0.00615007231996,0.0400168146894,-0.0225672000845,0.574082697623,0.818782560782,0.00221841163642,0.0,0.818742256768,-0.574022358265,-0.0118404432184,0.0,-0.00842149267982,0.00861386677713,-0.999927437247,0.0,0.658419427958,0.256582149292,0.303520733509,1.0,-0.01154,-0.0151668571429,0.58
0.462520589885,0.528519455458,-0.124060166237,-1.38573161732,0.0777547030502,1.90507783957,0.155436186266,-0.00646502852522,-0.0649743054543,-0.00181381272343,-0.0996897382133,-0.00645223809473,0.0373125032177,-0.0129808123068,0.574078939253,0.818785124994,0.00224443691551,0.0,0.818745197831,-0.574018537965,-0.0118222672402,0.0,-0.00839170972963,0.0086247026355,-0.999927594235,0.0,0.658223445908,0.256330294125,0.303540588645,1.0,-0.01192,-0.0156662857143,0.597
0.462382642099,0.52741083494,-0.124062750899,-1.38745277078,0.077652346131,1.90574929077,0.155189486223,-0.00430638489898,-0.0670278784069,0.000341369565072,-0.103921171597,-0.00460086510612,0.035478357825,-0.0190579388573,0.574057525917,0.818800002237,0.00229350748258,0.0,0.818760732411,-0.573996957833,-0.011794166408,0.0,-0.00834075774894,0.00864853036568,-0.999927814736,0.0,0.658025199696,0.25607723587,0.303560068165,1.0,-0.01226,-0.0161131428571,0.614
0.462219765206,0.526186333663,-0.124065946687,-1.38935880797,0.0775208215353,1.90647011702,0.154932016665,-0.0134249422889,-0.0684353626653,0.00103155116752,-0.106954322471,-0.00773928852092,0.0417163970826,-0.00704596304105,0.574049827498,0.818805335147,0.00231637354128,0.0,0.818766512904,-0.573989329711,-0.011764082053,0.0,-0.00830307931175,0.00864990489762,-0.999928116426,0.0,0.657804087958,0.255785690554,0.303577063768,1.0,-0.01262,-0.0165862857143,0.632
0.462064391122,0.52500746178,-0.124077618932,-1.39118643216,0.0774112273272,1.90712487537,0.154689695792,-0.0105724139409,-0.0668403279622,-6.8159374091e-05,-0.1082183125,-0.0111526052773,0.0340656389205,-0.0081579291257,0.574055639723,0.818801249671,0.00232011646086,0.0,0.818762466168,-0.573995116766,-0.011763367916,0.0,-0.00830028463731,0.00865261855933,-0.99992811615,0.0,0.65758517307,0.255501962792,0.303593519823,1.0,-0.01296,-0.0170331428571,0.649
0.461916502159,0.523851751342,-0.124084017674,-1.39308169222,0.0772859897472,1.90779837822,0.154430195008,-0.00794962810954,-0.0674223641511,-0.000210343858778,-0.11133259202,-0.0119764785279,0.0352920676322,-0.0153211759941,0.574036730509,0.818814685675,0.0022559811293,0.0,0.818775112591,-0.573976499762,-0.0117915064386,0.0,-0.00836033944845,0.00861606489286,-0.999927931478,0.0,0.657350640911,0.255216694563,0.303562670878,1.0,-0.0133,-0.01748,0.666
0.461769658027,0.522773989772,-0.124081513133,-1.39478734478,0.0771928385107,1.90844070437,0.154198433759,-0.0119623353371,-0.0757776311936,0.000703698649782,-0.114215776914,-0.00858671509851,0.0423175244834,-0.01962126625,0.574031905193,0.818818020297,0.00227340246886,0.0,0.818778558295,-0.573971489027,-0.0117961503094,0.0,-0.00835419308737,0.00863294604289,-0.999927837247,0.0,0.657147828784,0.254961833757,0.303564014522,1.0,-0.0136,-0.0178742857143,0.681
0.461607975555,0.521540524031,-0.124081928656,-1.396739543,0.0770683875151,1.90921156767,0.153938735551,-0.00832749596258,-0.0748429170158,0.000616028566144,-0.118282567427,-0.0129100624705,0.051091890613,-0.0117849185657,0.574023096161,0.818824089398,0.0023114055851,0.0,0.81878521041,-0.57396262861,-0.0117655035264,0.0,-0.00830737722863,0.00864638194008,-0.999928111197,0.0,0.65692230636,0.254671991942,0.303568350087,1.0,-0.01394,-0.0183211428571,0.698
0.461448931661,0.520350864763,-0.124090668879,-1.39863935519,0.076949527268,1.90991410146,0.153673427603,-0.00889499627051,-0.0732231943046,-0.000564183984371,-0.125267774278,-0.0143943509452,0.0368157122164,-0.0153836280609,0.574011588232,0.818832188901,0.00229997719459,0.0,0.818793197374,-0.573951202776,-0.0117670585895,0.0,-0.00831533176045,0.00863779997522,-0.999928119251,0.0,0.656694599138,0.254381021595,0.303560863213,1.0,-0.01426,-0.0187417142857,0.714
0.461265470444,0.51896455356,-0.124096108828,-1.4008189284,0.0768173133795,1.91070077689,0.153387230118,-0.00551627391455,-0.0734564779176,-0.00116795348007,-0.117869377032,-0.00843226382909,0.0502638482831,-0.015720887426,0.574011488884,0.818832277067,0.00229337374711,0.0,0.818793159529,-0.573951086787,-0.0117753465586,0.0,-0.00832590978085,0.0086371492385,-0.99992803685,0.0,0.656428277315,0.254048928588,0.303565109924,1.0,-0.01462,-0.0192148571429,0.732
0.461087194218,0.517589351955,-0.12410147141,-1.40294235812,0.0766723498105,1.91145200056,0.153094253119,-0.0123596608852,-0.0825662118789,-0.00211977494844,-0.133003783757,-0.0114928234413,0.0480870447667,-0.0131087993115,0.573994500715,0.81884420193,0.00228757867818,0.0,0.818805090692,-0.573934207382,-0.011768430383,0.0,-0.0083237515875,0.00862826150974,-0.999928131549,0.0,0.656166407286,0.253722434293,0.303584715443,1.0,-0.01496,-0.0196617142857,0.749
0.460939119889,0.516496880426,-0.12409713183,-1.40469837959,0.076558942247,1.91210690949,0.152857331172,-0.0156969303631,-0.0760536902369,0.00121946527953,-0.129598308523,-0.00948981446936,0.0491951800353,-0.0119438800761,0.57398099182,0.818853702849,0.00227623849286,0.0,0.818814454092,-0.573920753496,-0.0117730784979,0.0,-0.00833420887032,0.00862150624261,-0.999928102712,0.0,0.65595262853,0.253459872256,0.303571901709,1.0,-0.01524,-0.0200297142857,0.763
0.460707010057,0.514800891843,-0.124103675822,-1.40739803543,0.0763962818694,1.91312828427,0.152484693461,-0.0108596337788,-0.0830024797822,0.00175748833146,-0.130475870644,-0.00825065833985,0.0515102381196,-0.0201338304411,0.573969286535,0.818861873464,0.00228849339962,0.0,0.818822779529,-0.573908998473,-0.0117670768869,0.0,-0.00832238390147,0.00862797736707,-0.999928145385,0.0,0.655629764805,0.253048710611,0.303564903149,1.0,-0.01566,-0.0205817142857,0.784
0.46054104179,0.513540738034,-0.124109672701,-1.40939446353,0.0762827357408,1.91381234148,0.152203232969,-0.0111689253335,-0.0832369119751,-0.000473487080084,-0.133552108221,-0.0107967480645,0.0423833817072,-0.0245972755163,0.573953044602,0.818873367404,0.00224892171946,0.0,0.818833600142,-0.573892746034,-0.0118067026881,0.0,-0.00837771582391,0.00861815154864,-0.999927768062,0.0,0.65537455419,0.25274415944,0.303557327985,1.0,-0.01596,-0.020976,0.799
0.46034271096,0.512136835277,-0.12411204163,-1.41166538788,0.0761436344048,1.91461597601,0.151890605102,-0.0149211212012,-0.0864303419067,-3.44756548024e-06,-0.134161041195,-0.0113822694345,0.0555881065828,-0.0193934015278,0.573939130866,0.818883268038,0.00219414895882,0.0,0.818842675684,-0.573878932808,-0.0118486226757,0.0,-0.00844362556146,0.00859721652779,-0.999927393892,0.0,0.655071628493,0.252373646205,0.303530649957,1.0,-0.01632,-0.0214491428571,0.817
0.460123131693,0.510513085791,-0.124115020328,-1.41425586199,0.0759875614817,1.91560361694,0.151528336542,-0.014864293022,-0.0868406115241,-0.000828592812144,-0.14193367898,-0.00836120101431,0.0633323710645,-0.016729657566,0.573921256232,0.818895753534,0.0022098394568,0.0,0.818855377516,-0.573861011024,-0.0118388192358,0.0,-0.00842678033583,0.00860425458933,-0.999927475458,0.0,0.654776643796,0.252004023782,0.303519405769,1.0,-0.01668,-0.0219222857143,0.835
0.459956233451,0.5092814392,-0.124112790081,-1.41619822967,0.0758644869434,1.91631678664,0.151260213827,-0.0150607710292,-0.0875989512386,-0.000499632600047,-0.135519339789,-0.0135898175849,0.0492317760685,-0.0186652187633,0.573904638941,0.818907399851,0.00220969950486,0.0,0.818867004585,-0.573844378557,-0.0118408150825,0.0,-0.00842866973017,0.00860511439438,-0.999927452135,0.0,0.654535945604,0.251710297619,0.303518637216,1.0,-0.01696,-0.0222902857143,0.849
0.459749588047,0.507771609106,-0.124113193558,-1.418570968,0.0757063908977,1.91716966514,0.150913992616,-0.0079097472546,-0.0884022682049,0.000949545932777,-0.140258089074,-0.011256110214,0.0486215098288,-0.0246434396009,0.573870827919,0.818931134538,0.00219468659282,0.0,0.818890576932,-0.573810664492,-0.0118444598361,0.0,-0.00844062486757,0.00859456361457,-0.999927442032,0.0,0.654239324209,0.251345545692,0.303519416106,1.0,-0.0173,-0.0227371428571,0.866
0.459525736384,0.506214124767,-0.124121591717,-1.42100100936,0.0755560486549,1.91805902148,0.150595304107,-0.00981744681678,-0.0924799194029,-0.0026003529109,-0.142144850464,-0.00944109351096,0.0504681824037,-0.0187351936167,0.573884233924,0.818921709321,0.00220611824526,0.0,0.818881296652,-0.57382401995,-0.011839046502,0.0,-0.00842949085198,0.0086009566965,-0.999927480984,0.0,0.653942247773,0.250962461204,0.30352913496,1.0,-0.01764,-0.023184,0.883
0.459316821551,0.504702750067,-0.124125309136,-1.42331879452,0.0754100886196,1.91896502038,0.150272730241,-0.0150221751242,-0.105181914211,0.000168036553141,-0.148816799633,-0.0162443734811,0.0540579927691,-0.0202215799728,0.573874159459,0.818928550038,0.00228603113583,0.0,0.818889259695,-0.573813722261,-0.0117872559588,0.0,-0.00834132499239,0.00863657423098,-0.999927913343,0.0,0.653668183607,0.250606434214,0.30356077521,1.0,-0.01796,-0.0236045714286,0.899
0.459094687312,0.503041863902,-0.124125251102,-1.42579581138,0.0752553708784,1.91990326132,0.149917531998,-0.0104674287943,-0.099913949309,0.0011563495648,-0.14560204187,-0.0112340824283,0.0557014864019,-0.0203895110542,0.573850628548,0.818944744702,0.00238917168755,0.0,0.818906815979,-0.573789828649,-0.011730566181,0.0,-0.00823596168087,0.00868826903176,-0.999928338891,0.0,0.653368195751,0.250227942648,0.303623099299,1.0,-0.0183,-0.0240514285714,0.916
0.458857131142,0.501346935968,-0.124134544728,-1.42832159763,0.0750902115656,1.92081796064,0.149566407055,-0.0178956996247,-0.103576819046,-0.00051664918898,-0.151265328434,-0.00468863071034,0.0515490600555,-0.0166775245399,0.573848590235,0.818945977157,0.00245537875466,0.0,0.81890897618,-0.573787620851,-0.0116876769223,0.0,-0.00816286722439,0.00871785647285,-0.999928680745,0.0,0.65305808699,0.249825468184,0.303683554332,1.0,-0.01864,-0.0244982857143,0.933
0.458595699106,0.499440449872,-0.124137295072,-1.43122977391,0.0749031441407,1.92184894392,0.149153635928,-0.0137040024677,-0.107992771132,0.000128054979935,-0.153392952673,-0.0107905246464,0.0587406500869,-0.0224509071315,0.573823935903,0.81896318421,0.00247798181314,0.0,0.818926449346,-0.573762859051,-0.0116789998134,0.0,-0.0081430537248,0.00873114258966,-0.999928726373,0.0,0.652689040824,0.249373182576,0.30371882648,1.0,-0.01902,-0.0249977142857,0.952
0.458365618648,0.497967430866,-0.124146120759,-1.43355471334,0.0747558966376,1.92272362612,0.14881409526,-0.0188860403323,-0.0996287933878,-0.00237548284876,-0.156474717625,-0.0143184521456,0.06194664115,-0.025996685747,0.573819083165,0.818966542613,0.00249174193409,0.0,0.818930035323,-0.573758010316,-0.0116657509781,0.0,-0.0081243592703,0.00873476101201,-0.999928846837,0.0,0.652408327388,0.24899711093,0.303715479826,1.0,-0.01932,-0.025392,0.967
0.458115359264,0.49640357925,-0.124138351716,-1.43606662818,0.0746018925817,1.92360895385,0.148445381002,-0.0189059133276,-0.099671507188,0.00217647019807,-0.15477394603,-0.0163452751776,0.0494240363644,-0.0219930475307,0.57380192256,0.818978718136,0.00244127175137,0.0,0.818941396121,-0.57374086319,-0.0117114698894,0.0,-0.00819094493668,0.00871949031214,-0.999928436894,0.0,0.652087542408,0.248596462628,0.303686388775,1.0,-0.01964,-0.0258125714286,0.983
0.457847789014,0.494725277981,-0.124141123707,-1.43880283211,0.0744360453263,1.92455164015,0.148058913118,-0.0152394636601,-0.10206361898,-0.00212063864666,-0.163385335412,-0.0168731730458,0.0588258342173,-0.0215118073285,0.573799539466,0.818980668537,0.00234520218477,0.0,0.818941917872,-0.573738647475,-0.0117833122419,0.0,-0.00830493170354,0.00868201066837,-0.999927822795,0.0,0.651733014158,0.248155433313,0.303635052374,1.0,-0.01998,-0.0262594285714,1.0
0.457570735072,0.492990876099,-0.124144743449,-1.44160723089,0.0742535689829,1.9255855043,0.147671445128,-0.0144767676512,-0.109789860607,-0.000823830373407,-0.172826217176,-0.0108018852371,0.0676364508862,-0.0217222755576,0.573803273382,0.818978162165,0.00230656740999,0.0,0.818938934971,-0.573742555046,-0.0118003482362,0.0,-0.0083410122225,0.00866018303849,-0.99992771176,0.0,0.651383745161,0.247703944227,0.303597566484,1.0,-0.0212965714286,-0.0279897795918,1.017
0.457263051085,0.491014987673,-0.124145123175,-1.44477678238,0.0740597165773,1.92672233425,0.147217533117,-0.0182773229093,-0.109175858718,0.00043226254711,-0.181795346323,-0.0102384222464,0.0596713384568,-0.0256925788299,0.573789895897,0.818987666653,0.00225923400754,0.0,0.81894767968,-0.573729213536,-0.0118420599169,0.0,-0.00840247424299,0.00864521522241,-0.999927326699,0.0,0.650978572767,0.247199658686,0.303562390744,1.0,-0.0227777142857,-0.0299364244898,1.035
0.456940858144,0.489031472274,-0.124158543948,-1.44796739298,0.0738623874667,1.92784281214,0.146757419313,-0.0184840256721,-0.12531207201,0.000249808288265,-0.188760422843,-0.00205834396226,0.0709917939792,-0.0251100540841,0.573791915796,0.818986456633,0.00218360261935,0.0,0.818945376364,-0.573731421705,-0.0118942499256,0.0,-0.00848859159736,0.00861324155231,-0.999926875268,0.0,0.650570103697,0.246674482693,0.303520597282,1.0,-0.0241765714286,-0.031774922449,1.052
0.456632725601,0.487135153503,-0.124173074227,-1.45087773862,0.0736721250232,1.92897142582,0.146338974943,-0.0235042692278,-0.127031707116,-0.00051230200878,-0.198586430177,-0.0141622317111,0.0813205523296,-0.0221071877271,0.573805019665,0.818977039901,0.00227033558915,0.0,0.818937267817,-0.573744364712,-0.0118280278317,0.0,-0.00838445239789,0.00864641063718,-0.99992746764,0.0,0.650224157314,0.246191523442,0.30355124613,1.0,-0.0254108571429,-0.0333971265306,1.067
0.456263889592,0.484870367088,-0.124205331748,-1.45430884791,0.073457699114,1.93026301129,0.145812201369,-0.0198650431498,-0.130945184294,-0.00522803129261,-0.205685632036,-0.0113159083431,0.0721481529202,-0.0360676371476,0.5738103475,0.818973026305,0.00236942797044,0.0,0.818934674947,-0.573749451293,-0.0117606211735,0.0,-0.00827233278379,0.00868894013618,-0.999928032825,0.0,0.649811557732,0.245609256686,0.303603559867,1.0,-0.0268097142857,-0.0352356244898,1.084
0.45581987204,0.482207403752,-0.124244413995,-1.45842947034,0.0731997796565,1.93165236017,0.145194935335,-0.0224952760603,-0.139277544389,-0.00430447917594,-0.217471264778,-0.0164055912378,0.0745882952924,-0.0359490814313,0.57382828701,0.818960630674,0.00230853501409,0.0,0.818921392925,-0.573767520477,-0.0118038788773,0.0,-0.00834251029799,0.00866407511591,-0.999927665546,0.0,0.649279672165,0.244898055079,0.3036114017,1.0,-0.0283731428571,-0.0372904163265,1.103
0.455423249814,0.479849900051,-0.124258346967,-1.46207994159,0.0729829186188,1.93300038813,0.144658774692,-0.0256289240732,-0.151990378793,-0.0013039072338,-0.230413545856,-0.0176608385036,0.0806142791276,-0.0354804873952,0.573843803856,0.818949616166,0.00235835941504,0.0,0.818910922153,-0.573782736704,-0.0117906547937,0.0,-0.00830292615544,0.00869744793297,-0.999927705295,0.0,0.64882496926,0.244287837206,0.303625423124,1.0,-0.0296897142857,-0.0390207673469,1.119
0.454987930679,0.477247498302,-0.124270468608,-1.46603661339,0.0727360698592,1.93446934772,0.144076338067,-0.0245848021596,-0.154200656111,0.000165636155534,-0.241561734078,-0.0118491791484,0.0823049376429,-0.042370490348,0.573857227318,0.818939928277,0.00245426771195,0.0,0.818902476822,-0.573795795678,-0.0117416020667,0.0,-0.00820757628102,0.00874797754002,-0.999928051702,0.0,0.648333537743,0.243624289954,0.303672239557,1.0,-0.0310885714286,-0.0408592653061,1.136
0.454633958664,0.475192544508,-0.12428313372,-1.46920915645,0.0725377917138,1.93563506757,0.143625883165,-0.0235594484942,-0.158476395535,-0.000385550740032,-0.25101741666,-0.0235207591146,0.089751929721,-0.0428811598397,0.573886783217,0.818919100344,0.00249279796433,0.0,0.81888213473,-0.57382519101,-0.0117237572582,0.0,-0.00817053578662,0.0087695859003,-0.999928165774,0.0,0.647936083286,0.243086346841,0.30368582412,1.0,-0.0321582857143,-0.0422651755102,1.149
0.454102490091,0.472068389124,-0.124289995095,-1.47405818679,0.0722332706645,1.93730787853,0.142918037996,-0.0278853774143,-0.167953658171,0.000146573085481,-0.257211124417,-0.0193705700906,0.081943325668,-0.0335435462577,0.573896654012,0.818912305209,0.002452303643,0.0,0.818874571231,-0.573834950948,-0.0117742329966,0.0,-0.00823500529398,0.00876549077735,-0.999927672814,0.0,0.647297822079,0.242270665578,0.303683336119,1.0,-0.0337217142857,-0.0443199673469,1.168
0.453617763539,0.469132244392,-0.124285078176,-1.47849174385,0.0719511151641,1.93898291867,0.142215287092,-0.0285572717247,-0.177534488568,0.000282247439705,-0.259980462345,-0.0157812857465,0.102662507781,-0.0412915060856,0.573849168564,0.818945116587,0.00260281715553,0.0,0.818909337282,-0.573786922394,-0.011696662072,0.0,-0.00808561751222,0.00884376134671,-0.99992820276,0.0,0.646739319993,0.241542657186,0.303746129952,1.0,-0.0351205714286,-0.0461584653061,1.185
0.453107975153,0.466092959488,-0.124285140455,-1.48311078364,0.0716320050761,1.94066067541,0.141483669634,-0.0310109468395,-0.184136785446,0.000675211215675,-0.280173472734,-0.0213738579713,0.0904976686795,-0.0394553542083,0.573798297645,0.818980532404,0.00267358645022,0.0,0.818945788426,-0.573735938356,-0.0116454093368,0.0,-0.00800358500177,0.00887180922609,-0.999928614266,0.0,0.646143303433,0.24077005687,0.303790125418,1.0,-0.0365194285714,-0.0479969632653,1.202
0.452493012316,0.462626895082,-0.124301361254,-1.488586507,0.0712675325008,1.94252573424,0.140672950571,-0.034330362467,-0.181770522188,-0.00183537827565,-0.289311996174,-0.0213008977565,0.103791608325,-0.0482022142555,0.573806405681,0.81897526867,0.00254263793192,0.0,0.81893868039,-0.573744351395,-0.0117304690939,0.0,-0.00814829680665,0.00881345254664,-0.999927961562,0.0,0.645408781686,0.239830991304,0.303735363301,1.0,-0.0380828571429,-0.050051755102,1.221
0.45196143364,0.459596923241,-0.124294953992,-1.49329437193,0.0709565818899,1.94417178527,0.139986421766,-0.0337458548255,-0.191511283764,0.000732207078797,-0.290332139345,-0.0183242451415,0.100896018759,-0.0439941520912,0.573808467171,0.818973913482,0.00251375029722,0.0,0.818936793724,-0.573746349995,-0.0117643807346,0.0,-0.00819262360543,0.00880927349095,-0.999927636191,0.0,0.644778920776,0.23903823335,0.303723337856,1.0,-0.0393994285714,-0.0517821061224,1.237
0.451348908066,0.456330747423,-0.124306380078,-1.49846198233,0.0706116716057,1.94601696048,0.139183553993,-0.0401748007726,-0.19746531412,-0.00118848967879,-0.310155636315,-0.0244672406794,0.11125248293,-0.0463729984287,0.573805023926,0.818976502544,0.00245554467674,0.0,0.818938590786,-0.573743086291,-0.011798404852,0.0,-0.00825392347355,0.00878109333884,-0.999927379937,0.0,0.644100308724,0.238140382208,0.303670739077,1.0,-0.0407982857143,-0.0536206040816,1.254
0.450712940622,0.452920039899,-0.124351609518,-1.50377783548,0.0702371373385,1.94784535057,0.138335865404,-0.0368111162581,-0.210083348417,-0.00554011827084,-0.308394276195,-0.0181421134444,0.119993483412,-0.0500546529609,0.573804353208,0.818977233011,0.00236705517558,0.0,0.818938333473,-0.573742924046,-0.011824126893,0.0,-0.00832576986463,0.0087233756568,-0.999927289493,0.0,0.643394270248,0.237187253461,0.303643614763,1.0,-0.0421971428571,-0.0554591020408,1.271
0.450147573055,0.449736283729,-0.124394001461,-1.50851463131,0.0699303222975,1.94964320808,0.137599155214,-0.0373485038152,-0.208053081041,-0.00645999654821,-0.318423567675,-0.0168638734989,0.118985042335,-0.050647356924,0.573826757867,0.818960943116,0.00256369030223,0.0,0.818924829808,-0.573764843728,-0.0116950471564,0.0,-0.00810698756801,0.00881057026807,-0.999928322733,0.0,0.642797329423,0.236355128824,0.303730436937,1.0,-0.0434314285714,-0.0570813061224,1.286
0.449465949627,0.446065470708,-0.124412812444,-1.51412360063,0.069536593061,1.95149279898,0.136773863864,-0.0422411092795,-0.212826291316,-0.00200630631786,-0.337842265012,-0.0284586168994,0.113713027555,-0.0510461533409,0.57386552951,0.81893404244,0.00247690825653,0.0,0.818896724964,-0.573803842373,-0.0117495200926,0.0,-0.00820098040565,0.00877114550047,-0.999927902864,0.0,0.642024035455,0.235357665944,0.303737365158,1.0,-0.0448302857143,-0.0589198040816,1.303
0.448736650192,0.442128963585,-0.124414290156,-1.52016929728,0.0691183365423,1.95364505914,0.135828350065,-0.0415853881688,-0.219951326925,-0.00122111453504,-0.330892909443,-0.0234114272263,0.127265327154,-0.0487866903287,0.573843424652,0.81894945915,0.00250084849105,0.0,0.818912469903,-0.573781670872,-0.0117348928153,0.0,-0.00817550050216,0.00878213617902,-0.999928015047,0.0,0.641209897353,0.234309126279,0.303740824713,1.0,-0.0463114285714,-0.0608664489796,1.321
0.44804900373,0.438578128944,-0.124413137786,-1.52569564788,0.0687548561753,1.95558580123,0.134924005713,-0.0462022657415,-0.221128255327,-0.00183061042162,-0.354242726137,-0.0304357705809,0.122195496465,-0.0520459305645,0.573809069795,0.818973618209,0.00247204374793,0.0,0.818936031461,-0.573747187644,-0.0117765846536,0.0,-0.00822654238221,0.0087821258651,-0.999927596512,0.0,0.640456808869,0.233340428688,0.303706178452,1.0,-0.047628,-0.0625968,1.337
0.447278219933,0.434633084873,-0.12443476453,-1.53162978647,0.0683407904024,1.95772282235,0.133970231917,-0.0450054792863,-0.237675877177,-0.00134106590812,-0.348955561566,-0.0217717838713,0.125309205175,-0.0547133487523,0.573819840562,0.818965735745,0.00258092119223,0.0,0.818929737487,-0.573757747493,-0.0116995363969,0.0,-0.00810085186997,0.00882718917511,-0.999928225889,0.0,0.639669856939,0.232268614948,0.303760390169,1.0,-0.0490268571429,-0.0644352979592,1.354
0.446522061099,0.430866667484,-0.124463116686,-1.53739971913,0.0679232311447,1.95974456977,0.133041101812,-0.0452946733737,-0.234573699034,-0.00163688808475,-0.363621269907,-0.0242444834264,0.122279141796,-0.0598733957046,0.573832297306,0.81895703474,0.00257229860791,0.0,0.818921118849,-0.573770445014,-0.0116800870098,0.0,-0.00808973625855,0.00880909041785,-0.999928475489,0.0,0.638889277544,0.23121242442,0.303757834179,1.0,-0.0503434285714,-0.0661656489796,1.37
0.445704774148,0.426751578713,-0.124515172064,-1.5438040852,0.0674538573216,1.96180217567,0.132027323093,-0.0473255965044,-0.243744433081,-0.00835364859467,-0.37461344228,-0.027219565157,0.133762356022,-0.0641091577338,0.573851798365,0.818944036377,0.0023506801339,0.0,0.818905250877,-0.573790768128,-0.0117937016218,0.0,-0.00830974303866,0.00869298855682,-0.999927687446,0.0,0.637976141269,0.230030107119,0.303691186421,1.0,-0.0517422857143,-0.0680041469388,1.387
0.444902971784,0.42277354888,-0.12453635741,-1.54980407883,0.0670310493637,1.96389031587,0.131017418173,-0.0505842222666,-0.251907840406,-0.00221158234332,-0.381429858686,-0.0249505856886,0.130550364568,-0.0633566139776,0.57383311219,0.818957004662,0.00239390303009,0.0,0.818918823142,-0.573771965414,-0.0117660404955,0.0,-0.00826248591278,0.00871232362702,-0.999927910773,0.0,0.637150999515,0.228931464129,0.303720979146,1.0,-0.0530588571429,-0.0697344979592,1.403
