position_joint1,position_joint2,position_joint3,position_joint4,position_joint5,position_joint6,position_joint7,velocity_joint1,velocity_joint2,velocity_joint3,velocity_joint4,velocity_joint5,velocity_joint6,velocity_joint7,ee_T_00,ee_T_10,ee_T_20,ee_T_30,ee_T_01,ee_T_11,ee_T_21,ee_T_31,ee_T_02,ee_T_12,ee_T_22,ee_T_32,ee_T_03,ee_T_13,ee_T_23,ee_T_33,v_x,v_y,time
0.465066926668,0.547886714477,-0.123970066603,-1.35586612368,0.0794684588384,1.89409302843,0.159168951754,0.00055344008559,0.00188182832817,0.00158624430698,-0.000587951486038,0.000260118143433,7.6523373559e-05,-0.0109552806342,0.57379995705,0.818981744708,0.00180500003542,0.0,0.818936852659,-0.573742136179,-0.011964089186,0.0,-0.00876293477296,0.00834333554421,-0.999926797184,0.0,0.661664459557,0.260885707182,0.303122536928,1.0,0.0,0.0,0.0
0.465063870359,0.547878139096,-0.123972210277,-1.3558693026,0.0794704266333,1.89408995401,0.159173266938,0.000379494787197,-0.00182239122168,0.000958003165258,-0.00114294060459,-0.000256684335377,-0.00230930396135,-0.0015672799045,0.573808150622,0.818975997523,0.00180794405898,0.0,0.818931130076,-0.573750302989,-0.0119641511618,0.0,-0.00876121286109,0.00834586980709,-0.999926791123,0.0,0.661664524715,0.260882290604,0.303126906465,1.0,-0.00028,-0.000368,0.015
0.46506334673,0.547873797336,-0.123975621965,-1.35587482581,0.0794671357854,1.89409165937,0.159172457464,0.0015741318039,0.000637692123291,-0.000769485667758,-0.00115923391518,-0.000394216049938,-0.000159588607936,-0.000892662743112,0.573809733815,0.818974892671,0.00180594992375,0.0,0.818930044099,-0.573751937285,-0.0119601101163,0.0,-0.00875903126992,0.00834193486102,-0.999926843071,0.0,0.661664818492,0.2608789537,0.30312760857,1.0,-0.0006,-0.000788571428571,0.031
0.465063714735,0.54785102094,-0.123973190282,-1.35589694219,0.0794684543333,1.89409557469,0.159170881897,0.00167516966769,-0.00281136297737,0.000378856067159,-0.00204569713237,-0.000153518131937,-0.000232808960143,-0.00121296494745,0.573807987578,0.818976102113,0.00181230816527,0.0,0.818931293412,-0.573750123009,-0.011961601894,0.0,-0.00875662265358,0.00834797930534,-0.999926813722,0.0,0.661660404382,0.260878759461,0.303133479631,1.0,-0.00096,-0.00126171428571,0.049
0.465065502137,0.547749081664,-0.123970763622,-1.35600859961,0.0794680623743,1.89412463064,0.159180180456,0.00138518756909,-0.00334095546767,0.00074679121403,-0.00903066352102,-0.000192083369553,0.000161435114362,0.00262423809389,0.573818458317,0.818968717686,0.0018339162412,0.0,0.818924104475,-0.573760417654,-0.0119599809845,0.0,-0.00874279006772,0.00836485711494,-0.999926793714,0.0,0.661642299512,0.260871346903,0.303154994056,1.0,-0.0013,-0.00170857142857,0.066
0.4650563868,0.547617884983,-0.123970869764,-1.35619603517,0.079465238503,1.89415332635,0.159172317421,-0.000458165198112,-0.00572777563913,-0.00270778943509,-0.0153611003756,7.56239831868e-05,0.00327505243806,0.000641196671213,0.573829002853,0.818961367529,0.00181683261936,0.0,0.818916398694,-0.573770907332,-0.0119843543876,0.0,-0.00877244645453,0.00836496520527,-0.999926533071,0.0,0.661611072161,0.260846214665,0.30316121484,1.0,-0.00162,-0.00212914285714,0.082
0.46503827176,0.547450847167,-0.123975772107,-1.35640365655,0.0794624584499,1.89426271755,0.159166319409,-0.00056088452022,-0.0147043398872,-0.00321636934468,-0.00766275092987,0.000105319101452,0.00900042428831,0.00126410135282,0.573853418039,0.818944119796,0.00187887125471,0.0,0.818899941127,-0.573795036218,-0.011953649457,0.0,-0.00871145165572,0.00839841185427,-0.999926785964,0.0,0.661595712634,0.260815935058,0.303190377031,1.0,-0.00196,-0.002576,0.099
0.465017302392,0.547265188187,-0.12397041841,-1.35662707498,0.079456483287,1.89438705671,0.159147616066,-0.000353466111708,-0.0163312343655,4.5711493563e-05,-0.013132193776,-0.000145470580389,0.00949111913688,-0.00144102859466,0.573862679435,0.818937446284,0.00195732659219,0.0,0.818894251348,-0.57380392966,-0.0119164725105,0.0,-0.00863589014389,0.00844142486223,-0.999927079215,0.0,0.661578765854,0.260788572608,0.303226157372,1.0,-0.0023,-0.00302285714286,0.116
0.4649941718,0.54707714255,-0.123971447655,-1.35687217263,0.0794506281366,1.89450012998,0.159139437226,0.000948806631307,-0.0144509264001,-0.00138368167552,-0.0203790576216,-0.00238461147957,0.00116515137197,0.0011260551782,0.573893835942,0.818915497464,0.0020049895738,0.0,0.818872887352,-0.573834850266,-0.0118956244419,0.0,-0.00859114372172,0.0084688201943,-0.99992723302,0.0,0.661555237056,0.260747532012,0.303249668715,1.0,-0.00262,-0.00344342857143,0.132
0.464947049665,0.546814773593,-0.123973269424,-1.35727492112,0.0794431713791,1.89465275454,0.159106010946,-0.00639365698589,-0.0183961372671,-0.00066806616063,-0.023088640477,-0.000318785578801,0.0158027318604,0.000710130969937,0.573920983891,0.81889641466,0.00202810444458,0.0,0.818853959001,-0.573861755349,-0.0119006923105,0.0,-0.00858174791365,0.00849094187047,-0.999927126099,0.0,0.66151476118,0.260685360123,0.303259968756,1.0,-0.00298,-0.00391657142857,0.15
0.46491003653,0.546546716279,-0.123975775367,-1.35765986074,0.0794318325606,1.89478852727,0.158970668544,-0.00442155046935,-0.0184244289557,0.00128077102392,-0.0235081845812,0.000475322847247,0.011238259066,-0.00749380707039,0.573860661176,0.818938629163,0.00205185771798,0.0,0.818896369815,-0.573801230837,-0.0119008358795,0.0,-0.00856886071408,0.00850984422384,-0.99992707593,0.0,0.661471440804,0.260624638421,0.303278441275,1.0,-0.0033,-0.00433714285714,0.166
0.464864336984,0.546271350575,-0.12397321073,-1.35811330091,0.0794131354883,1.89494983261,0.158938027858,-0.0052273897807,-0.0167199536884,-0.000476389574555,-0.031299863556,0.000108747368574,0.00714785594301,-0.000175974348699,0.573889943646,0.818918132948,0.00204230558804,0.0,0.818875646688,-0.57383044716,-0.011918056656,0.0,-0.00858814092462,0.00851221105827,-0.999926890377,0.0,0.661419158119,0.260553607599,0.303271507426,1.0,-0.00362,-0.00475771428571,0.182
0.464812819019,0.545934157191,-0.123966512677,-1.35868625323,0.0793532590525,1.89514228749,0.158887698145,-0.00577471053363,-0.0166869414299,0.00164168152052,-0.033705863095,-0.00738230240252,0.0106195987823,-0.00590007031301,0.573902272796,0.818909615296,0.00199252514708,0.0,0.81886664481,-0.573843142573,-0.0119252941756,0.0,-0.00862250718354,0.00847572899706,-0.999926904522,0.0,0.661350103805,0.260463191062,0.303253943534,1.0,-0.00398,-0.00523085714286,0.2
0.464748955063,0.545574335647,-0.123976465687,-1.35930386668,0.0792748206136,1.89535721485,0.158783889767,-0.00735822088567,-0.0328170701807,-0.000579690223569,-0.0427511118152,-0.000746891523037,0.0137284851127,-0.00421740615421,0.573890142756,0.818918264866,0.00193039318036,0.0,0.818874884792,-0.573831663225,-0.0119118528463,0.0,-0.00864727962177,0.00841700747708,-0.999927186619,0.0,0.661283881871,0.260348488995,0.30323358663,1.0,-0.00432,-0.00567771428571,0.217
0.464685013974,0.545207744553,-0.123977156187,-1.35995377942,0.0792651271711,1.89555360611,0.158727146843,-0.00314592299124,-0.0259878667076,0.000680865124795,-0.0394778042493,-0.00165158736605,0.0180205654911,-0.00102003687136,0.573929999486,0.818890467103,0.00187229241853,0.0,0.818845996071,-0.573871437278,-0.0119814479961,0.0,-0.00873720662317,0.00840979350721,-0.999926465593,0.0,0.661200682606,0.260245226941,0.30320083492,1.0,-0.00464,-0.00609828571429,0.233
0.464613629288,0.544775347129,-0.123977156333,-1.36066569432,0.0792422428782,1.8958073973,0.158639309959,-0.00255001245096,-0.0283078925644,0.00013043202526,-0.0401029101775,-0.00271717647812,0.0149248801662,-0.00377603988754,0.573950130423,0.818876383832,0.00186083055302,0.0,0.818831556884,-0.573891416621,-0.0120112564128,0.0,-0.00876798834536,0.00841773103089,-0.999926129364,0.0,0.661118860806,0.260132723624,0.303190054707,1.0,-0.00498,-0.00654514285714,0.25
0.464547313486,0.544315668456,-0.123979772867,-1.36143094274,0.0792068683263,1.89609733308,0.158524754539,-0.00975938241467,-0.03119385842,0.00217478690793,-0.0442056192749,-0.000684499630816,0.0215325736311,-0.00138761437778,0.573945807417,0.818879434857,0.00185154459682,0.0,0.818834398378,-0.57388704966,-0.0120261866753,0.0,-0.00878558863194,0.00841864991259,-0.999925967143,0.0,0.661032586088,0.260016520119,0.303176358744,1.0,-0.00532,-0.006992,0.267
0.464481273702,0.54383430878,-0.123983835338,-1.36221702214,0.0791694481498,1.89635843763,0.158459024192,-0.00586710023737,-0.0263403858611,0.00133801872375,-0.053285684591,-0.000485050933671,0.019371017263,-0.00408729834142,0.573982553831,0.818853751791,0.00181878442428,0.0,0.818808167637,-0.57392382019,-0.0120573682976,0.0,-0.00882954755844,0.0084101165105,-0.999925651751,0.0,0.660936603382,0.259895188966,0.303165582106,1.0,-0.00564,-0.00741257142857,0.283
0.464399647165,0.543256627147,-0.123991347542,-1.36312159774,0.0791150447558,1.89667004333,0.158313343321,-0.00446284929746,-0.0307361092959,-0.00275111154158,-0.0486321601226,-0.00321088640701,0.0129870829666,-0.00426208385261,0.573971050716,0.818861845561,0.00180491700836,0.0,0.818816073631,-0.573912373316,-0.0120653313389,0.0,-0.00884414556078,0.00840320775164,-0.999925580825,0.0,0.660831622371,0.259749448105,0.303170960934,1.0,-0.006,-0.00788571428571,0.301
0.46433395595,0.54272828269,-0.123989934026,-1.36396521569,0.0790647392784,1.89697964202,0.158193898667,0.00137385843399,-0.0296914721217,8.81728847481e-05,-0.0546482787128,-0.00542206647437,0.0216926806002,-0.000686839154774,0.573954898244,0.818873165245,0.00180580284634,0.0,0.818827378186,-0.573896193562,-0.01206775243,0.0,-0.00884578555868,0.00840514825333,-0.999925550009,0.0,0.660725155445,0.259622649932,0.303174645722,1.0,-0.00634,-0.00833257142857,0.318
0.464267114108,0.542153015728,-0.123989934074,-1.36483495063,0.0790175316993,1.89730187063,0.158090902636,-0.00454862274937,-0.0296679489275,-4.20431793556e-05,-0.0492791881507,-0.00577341289641,0.0229538705577,-0.00600253683673,0.573965632658,0.81886559446,0.0018269206689,0.0,0.818820027432,-0.573906780345,-0.0120630448968,0.0,-0.00882970027049,0.0084198545365,-0.999925568451,0.0,0.660631317025,0.259500919065,0.303190716982,1.0,-0.00664,-0.00872685714286,0.333
0.464184144752,0.541477363916,-0.123993115384,-1.36585864452,0.0789552201872,1.89768649514,0.157954038198,-0.00307721528234,-0.0371529591122,0.00125005083104,-0.0579117427663,-0.00227352641977,0.0247465608253,-0.0091304550599,0.573963914406,0.818866731205,0.00185698294919,0.0,0.818821577639,-0.573904950447,-0.0120448638897,0.0,-0.0087975759943,0.00843401731568,-0.999925732246,0.0,0.660515380652,0.259347650542,0.303214630112,1.0,-0.007,-0.0092,0.351
0.464099588233,0.540787291624,-0.12398821545,-1.36691137053,0.0788958996165,1.89808034003,0.157831235286,-0.00149418278639,-0.0492919824168,-0.000194789089197,-0.063241888554,-0.00204925328789,0.0208815404924,-0.00571299755228,0.573962779367,0.818867487364,0.00187428407183,0.0,0.818822500117,-0.573903682919,-0.0120425468467,0.0,-0.00878576069926,0.00844684225628,-0.999925727874,0.0,0.66038390814,0.259188337744,0.303226317713,1.0,-0.00736,-0.00967314285714,0.369
0.464019372499,0.540105327258,-0.123995723926,-1.36796199543,0.0788277761358,1.89846683816,0.157694621955,-0.00276140248294,-0.0455816096842,-0.00146651954627,-0.0665376071747,-0.00235729093963,0.025703452681,-0.0053939798528,0.573970682898,0.818861894053,0.00189750986295,0.0,0.818817271631,-0.573911544138,-0.0120233974067,0.0,-0.00875666775094,0.00845495425323,-0.999925914515,0.0,0.660271770398,0.259038006967,0.303251005371,1.0,-0.00766,-0.0100674285714,0.384
0.463911702406,0.53937169941,-0.123991386441,-1.3690979605,0.0787724606219,1.89890527993,0.157546207655,-0.00642418004906,-0.0490276085032,0.000924474277901,-0.0692501537626,-0.00527052338602,0.0245307121546,-0.0121595112683,0.573982427841,0.818853572191,0.0019356500852,0.0,0.818809318075,-0.573922997999,-0.0120183153054,0.0,-0.00873049440861,0.00848339345544,-0.999925902506,0.0,0.660145850576,0.258865027727,0.303266580657,1.0,-0.008,-0.0105142857143,0.401
0.463797470028,0.538557166241,-0.123996334163,-1.37037058643,0.0786966174797,1.89939165586,0.157389945019,-0.00867900864543,-0.0499601572732,0.000102048106427,-0.0783678174384,-0.00639561469037,0.0260077693003,-0.00908046002199,0.574001576823,0.818840096424,0.00195785448212,0.0,0.818796157594,-0.573942074476,-0.0120039309227,0.0,-0.00870577250435,0.00849352253145,-0.999926032064,0.0,0.660004716851,0.258667119049,0.303278573944,1.0,-0.00836,-0.0109874285714,0.419
0.463698264208,0.537868173435,-0.124004159383,-1.37144463196,0.078631200286,1.89980909223,0.157244925191,-0.0012135387434,-0.0404688057596,0.0002241806022,-0.0691132153852,-0.0038049876346,0.0261983208996,-0.0103802728309,0.574011412987,0.818833142928,0.00198209607771,0.0,0.818789581877,-0.5739518667,-0.0119842489569,0.0,-0.00867563952816,0.00850217898934,-0.999926220394,0.0,0.659888449633,0.258496403336,0.303290401939,1.0,-0.00866,-0.0113817142857,0.434
0.463577439279,0.537049035358,-0.124008417817,-1.37275354126,0.0785627820812,1.90028686298,0.157100990309,-0.00524568148883,-0.0456384387126,-0.000377001312087,-0.0771669271795,-0.00574719290161,0.0355566031857,-0.0108337391297,0.574049242224,0.818806638337,0.00197570696986,0.0,0.818762894484,-0.57398962089,-0.0119993594705,0.0,-0.0086912872298,0.00850602253578,-0.999926051819,0.0,0.659737900748,0.258290941351,0.303287355299,1.0,-0.009,-0.0118285714286,0.451
0.463456548011,0.536151950229,-0.124011590191,-1.37415854228,0.0784790429467,1.90081683433,0.156921048221,-0.00245103700796,-0.0513256671708,0.000382722802559,-0.0850368458905,-0.0108225363012,0.0324784340843,-0.00999971284777,0.57405800709,0.818800450627,0.00199335163048,0.0,0.818756940695,-0.573998313564,-0.0119897869478,0.0,-0.00867322946809,0.00851506762483,-0.999926131629,0.0,0.659577834524,0.258076768435,0.303297905215,1.0,-0.00936,-0.0123017142857,0.469
0.463340530921,0.535315786161,-0.124018028926,-1.3754905306,0.0783953038491,1.90129536007,0.156757283426,-0.0056161296205,-0.0503727920623,-0.00136341101806,-0.0882879137934,-0.00758631592869,0.0258611742871,-0.0150469777879,0.574074025187,0.818789264953,0.00197486822453,0.0,0.818745538295,-0.574014431862,-0.0119967677702,0.0,-0.00868938910011,0.0085041110411,-0.999926084574,0.0,0.659421999551,0.257868314693,0.303295682986,1.0,-0.00968,-0.0127222857143,0.485
0.463199165622,0.534357881911,-0.124021435949,-1.37703038909,0.0783237558498,1.90186322974,0.156569075769,-0.00975846586055,-0.057264589606,-0.00159491515156,-0.0909801554908,-0.00455671392875,0.0345129432775,-0.0100504469254,0.574103348584,0.818768710226,0.0019726124199,0.0,0.818724750434,-0.57404356195,-0.012021601858,0.0,-0.00871071369653,0.00851683246865,-0.999925790762,0.0,0.659243699191,0.257629867891,0.303287939709,1.0,-0.01004,-0.0131954285714,0.503
0.463085833616,0.533496322122,-0.124022221516,-1.37843354294,0.078232585226,1.90237694789,0.156391716069,-0.00664769882192,-0.0558292790624,0.00114294716543,-0.0888786379343,-0.00233724223484,0.0318476684089,-0.0107595779527,0.574103773557,0.818768480898,0.00194390772061,0.0,0.818724177298,-0.574044140164,-0.0120330192193,0.0,-0.00873653623614,0.0084998896396,-0.999925709646,0.0,0.659076735819,0.257419577021,0.303272292881,1.0,-0.01036,-0.013616,0.519
0.462968651297,0.532596624328,-0.124024987005,-1.37987567684,0.0781570261296,1.90292875975,0.156212012468,-0.00316689025883,-0.0636509727808,0.000816208110394,-0.0960499440244,-8.07280290648e-05,0.0319781390937,-0.0141587196489,0.574113202349,0.81876184146,0.00195569925988,0.0,0.81871760363,-0.574053431154,-0.0120370506525,0.0,-0.00873297002431,0.00851195899002,-0.99992563813,0.0,0.658909541285,0.257206581455,0.303268212176,1.0,-0.01068,-0.0140365714286,0.535
0.462829435555,0.531562316096,-0.124022309309,-1.38154406759,0.0780661266203,1.90353288599,0.155996653899,-0.00528386001269,-0.0586985572162,0.000454574150315,-0.0955301470022,-0.00936656712181,0.0353895166987,-0.0143201758945,0.574115491244,0.818760284471,0.00193550712265,0.0,0.818715630332,-0.574055658673,-0.0120650030118,0.0,-0.00876742528202,0.00851149893763,-0.999925340533,0.0,0.658708435144,0.256958245544,0.303255486866,1.0,-0.01104,-0.0145097142857,0.553
0.462695017293,0.530543105587,-0.124027599131,-1.38318979799,0.0779584964557,1.90410653857,0.155797012821,-0.00886629420534,-0.0594147850653,-0.00134470577863,-0.0998933000154,-0.00335204245663,0.0313133904019,-0.0105393507118,0.574126192589,0.818752899071,0.00188471417667,0.0,0.818707602854,-0.57406660183,-0.0120890278419,0.0,-0.00881614486776,0.00848382069244,-0.999925147387,0.0,0.65850716052,0.25670620994,0.303240255015,1.0,-0.01138,-0.0149565714286,0.57
0.462562771124,0.529552514111,-0.124028339635,-1.38472575085,0.0778554350324,1.90467803988,0.155580509327,-0.00958590615027,-0.0568173507772,0.000967007786194,-0.0927534045909,-0.000201281433322,0.037818579854,-0.00997645112804,0.574113368491,0.818761853615,0.00190107513072,0.0,0.818716851116,-0.574053784569,-0.0120713305647,0.0,-0.00879239489602,0.00848691789687,-0.999925330221,0.0,0.658328079632,0.256471515868,0.303256524069,1.0,-0.0117,-0.0153771428571,0.586
0.462422279618,0.528442741461,-0.124028180396,-1.38642890311,0.0777661584125,1.9053264771,0.155341068056,-0.00827884855781,-0.068479200216,-0.000281496471243,-0.099906691954,-0.00322770862159,0.0366165524685,-0.0214899729848,0.574100653553,0.818770641783,0.00195515887733,0.0,0.818726221986,-0.574040715837,-0.0120572341418,0.0,-0.00874993699827,0.00852296993544,-0.99992539601,0.0,0.658129093056,0.256221083709,0.303283580178,1.0,-0.01204,-0.015824,0.603
0.462283537187,0.527308318107,-0.124035347916,-1.38818331925,0.0776418530174,1.90600158683,0.155093100657,-0.00840348441597,-0.0704460941695,-0.000941230038087,-0.1073160346,-0.0101512274979,0.0366237762736,-0.00664023276595,0.574077756295,0.818786613866,0.00198936743458,0.0,0.818742854255,-0.574017883241,-0.0120147920354,0.0,-0.00869578582398,0.00852636938459,-0.999925839417,0.0,0.657926703744,0.255957978036,0.303305805626,1.0,-0.01238,-0.0162708571429,0.62
0.462125467004,0.526142988681,-0.124033029133,-1.38999142396,0.0775353518663,1.90667032885,0.154856820721,-0.00641081702678,-0.0684997376308,-0.00106757436073,-0.109023234309,-0.00463446174641,0.0390517423442,-0.00589114216573,0.574080927513,0.818784331399,0.0020135100603,0.0,0.818740822207,-0.574020887926,-0.0120097117854,0.0,-0.0086777340751,0.00854325384731,-0.999925852124,0.0,0.657712520314,0.255684183644,0.303323109109,1.0,-0.01272,-0.0167177142857,0.637
0.461970325074,0.525031832895,-0.124038857452,-1.39172311891,0.0774203156458,1.90728794801,0.154626580713,-0.0132709043808,-0.0681737570185,-0.000545631441858,-0.109769763871,-0.012076768457,0.0433558263714,-0.0150836338047,0.574085546088,0.818781114519,0.00200478954562,0.0,0.818737552519,-0.574025602919,-0.0120072556893,0.0,-0.00868068079793,0.00853475274574,-0.999925899143,0.0,0.657505655259,0.255411151571,0.30333418375,1.0,-0.01304,-0.0171382857143,0.653
0.461823659053,0.52392266313,-0.124042878037,-1.39349996587,0.0773163316381,1.9079369395,0.154380014513,-0.0142929723793,-0.0649791693622,-0.000243497168094,-0.108794468376,-0.00374339547767,0.0398078697878,-0.0145439909312,0.574073998395,0.818789248641,0.00198936618659,0.0,0.818745424588,-0.574014062653,-0.0120221667497,0.0,-0.00870186425103,0.00853056203824,-0.999925750778,0.0,0.657290668119,0.255143282649,0.303324809776,1.0,-0.01336,-0.0175588571429,0.669
0.46166886948,0.522699636531,-0.124048221493,-1.39543033803,0.0771913331556,1.90867011281,0.15411576207,-0.00977896896383,-0.0703964362333,-0.000976746251253,-0.112752767079,-0.00664997536547,0.0322544722417,-0.0151797732123,0.574057973299,0.818800447694,0.00200425784064,0.0,0.818756909996,-0.573998066548,-0.0120037008822,0.0,-0.00867836261634,0.00853198442411,-0.99992594289,0.0,0.657062302064,0.254854923328,0.303329411548,1.0,-0.0137,-0.0180057142857,0.686
0.461487764862,0.521396655507,-0.124047431816,-1.39753015369,0.0770659232215,1.90949329301,0.153834550694,-0.00788073733515,-0.0767869654282,0.0010858004344,-0.115474208831,-0.0122591513574,0.0439368560399,-0.0187537753405,0.574054226174,0.818803025066,0.00202446416967,0.0,0.818759755577,-0.573994238999,-0.011992628806,0.0,-0.00865773666268,0.00854213350031,-0.99992603504,0.0,0.656818723761,0.254539832043,0.303316850452,1.0,-0.01406,-0.0184788571429,0.704
0.461324504894,0.520105428419,-0.124052816396,-1.39955570243,0.0769380965915,1.91022952393,0.153553462266,-0.0124340192529,-0.0730736103135,1.27277939432e-05,-0.120595575059,-0.00508424113299,0.0439716909385,-0.0202109150327,0.574034897613,0.818816580983,0.0020223577569,0.0,0.818773298518,-0.573974936041,-0.0119918860842,0.0,-0.00865853920255,0.00853977804913,-0.99992604821,0.0,0.656571242584,0.254235345702,0.303323606293,1.0,-0.0144,-0.0189257142857,0.721
0.461161565752,0.518834609119,-0.124061295755,-1.40152628106,0.0768099044583,1.91092954847,0.153297692958,-0.0115442873989,-0.0826599762877,-0.00192913811816,-0.126050716074,-0.00142615586291,0.0456530745321,-0.00855844883779,0.574034755166,0.818816693998,0.00201702560071,0.0,0.818773385892,-0.573974859384,-0.0119895892611,0.0,-0.00865972058206,0.00853409212428,-0.999926086524,0.0,0.656328928192,0.253933074826,0.303338760194,1.0,-0.01472,-0.0193462857143,0.737
0.460983953416,0.517495974654,-0.124058516736,-1.40365017342,0.0766709896006,1.91168617733,0.153005946404,-0.00993821121949,-0.0786495246715,-0.000145233420139,-0.125265897293,-0.000908079910289,0.046619852553,-0.0175595039568,0.574014141705,0.818831214803,0.00198838846057,0.0,0.818787523662,-0.57395436043,-0.0120054213061,0.0,-0.00868933678177,0.00851951329756,-0.999925953918,0.0,0.656064450572,0.253612596677,0.303332733774,1.0,-0.01506,-0.0197931428571,0.754
0.460785916218,0.516051060734,-0.124068035864,-1.40592683443,0.0765258711056,1.91254690731,0.152680305435,-0.0101046420328,-0.0818814509863,-0.000534911757532,-0.133397742982,-0.00821713265211,0.0466797083148,-0.0219064459107,0.573997641549,0.81884273874,0.00200589391151,0.0,0.818799365487,-0.573937876149,-0.0119858375113,0.0,-0.00866342432023,0.00852243120865,-0.999926153896,0.0,0.655794849787,0.253260882159,0.303337542548,1.0,-0.01542,-0.0202662857143,0.772
0.460616429084,0.514842242321,-0.124068309252,-1.40787732617,0.0764135655767,1.91327849235,0.152428446125,-0.00766310872979,-0.0833737737388,0.000202969480043,-0.131991449479,-0.00675115906427,0.0509408123714,-0.0237140392866,0.573991088894,0.818847346942,0.0019997943631,0.0,0.818803816596,-0.573931273874,-0.0119979039391,0.0,-0.00867687433984,0.00852429332245,-0.999926021401,0.0,0.655541126442,0.252947109248,0.303321814052,1.0,-0.01574,-0.0206868571429,0.788
0.460431025218,0.513433222876,-0.124075181107,-1.41014973288,0.0762819372602,1.91405532689,0.15210195192,-0.00520048062907,-0.0836074713763,0.00139563550856,-0.137297321534,-0.00256518872493,0.0436414555118,-0.00963370334174,0.573975950908,0.818858128041,0.0019289430752,0.0,0.818813489927,-0.573916263087,-0.0120556451122,0.0,-0.00876497994049,0.00849925861541,-0.999925466087,0.0,0.655266210039,0.252620296552,0.303293718521,1.0,-0.01606,-0.0211074285714,0.804
0.46022265332,0.511910948216,-0.124075483995,-1.41256780024,0.076131993967,1.91492219436,0.15176856222,-0.0113165680039,-0.0873484542832,0.00171204263746,-0.130786797,-0.00606061115759,0.0461685987425,-0.0165290943305,0.573959764694,0.818869533697,0.00190320700341,0.0,0.818824490728,-0.573900124734,-0.0120767179336,0.0,-0.00879717501914,0.00849010614964,-0.999925261112,0.0,0.654964359568,0.252251311078,0.303284335629,1.0,-0.01642,-0.0215805714286,0.822
0.460053651207,0.510621331814,-0.124084447726,-1.4146336237,0.0760006018065,1.91571756723,0.151476587488,-0.0136867207598,-0.0899553102761,-0.0011767207609,-0.136602287925,-0.00794693314034,0.0558757541036,-0.0264725399796,0.57393805309,0.818884730647,0.00191207496912,0.0,0.818839896025,-0.573878466445,-0.0120613983552,0.0,-0.00877976532999,0.00848834218532,-0.999925429103,0.0,0.654716223731,0.251939938781,0.303273314097,1.0,-0.01672,-0.0219748571429,0.837
0.459839572257,0.509043072483,-0.124087649411,-1.41713635235,0.0758453304877,1.91663647364,0.151135973779,-0.0141772912879,-0.0841841466419,-0.00123423642323,-0.140116790002,-0.00953180610552,0.0511340510133,-0.0263141518299,0.573925004714,0.818893893117,0.00190464728426,0.0,0.818848935276,-0.573865426812,-0.0120681402413,0.0,-0.00878968434682,0.00848598922725,-0.999925361933,0.0,0.654406511495,0.251559010226,0.303266444007,1.0,-0.01708,-0.022448,0.855
0.459623707518,0.507436797713,-0.124091157831,-1.41966650998,0.0756870222634,1.91754296287,0.150780369279,-0.00652429042699,-0.0906207656919,0.000158703638679,-0.141799878395,-0.00964489299604,0.0526810442213,-0.0139668099217,0.573901310516,0.818910537664,0.00188785389146,0.0,0.818865311947,-0.573841762477,-0.0120821946521,0.0,-0.00881107675486,0.0084800486777,-0.999925224055,0.0,0.654088079054,0.251172640503,0.303264457489,1.0,-0.01744,-0.0229211428571,0.873
0.459428288608,0.506051981967,-0.124094666941,-1.42180876449,0.0755514043058,1.91834228438,0.150498194562,-0.00688608331528,-0.0877712659828,-0.000267662772722,-0.142689577665,-0.00620867818185,0.0501278165782,-0.00984476514343,0.573906847136,0.818906583127,0.00191984975469,0.0,0.818861806021,-0.573847187922,-0.01206210826,0.0,-0.00877620844675,0.0084947817096,-0.999925405642,0.0,0.653828006669,0.250839181982,0.303282386381,1.0,-0.01774,-0.0233154285714,0.888
0.459212117142,0.504418420045,-0.124100028473,-1.42429222241,0.0753904274262,1.91929792036,0.15014414904,-0.00758798166581,-0.0984332496457,-0.000604112298789,-0.148857699332,-0.00999394725697,0.0481825347666,-0.0177679014943,0.573882308789,0.818923580361,0.00200302012138,0.0,0.818880009667,-0.573822412703,-0.0120048051931,0.0,-0.00868180736326,0.00852974268114,-0.999925932112,0.0,0.65352995944,0.250460421137,0.303324812714,1.0,-0.01808,-0.0237622857143,0.905
0.458947704008,0.502543354566,-0.124109638814,-1.42705588508,0.075216456734,1.92033756254,0.149762059519,-0.0152341205382,-0.0989533382112,-0.00263918023517,-0.147300252968,-0.00832010233408,0.0439073471282,-0.0212896381406,0.573887550188,0.81891959071,0.00212851878627,0.0,0.818877736618,-0.573827210445,-0.0119302944385,0.0,-0.00854871443037,0.00858980947484,-0.999926564631,0.0,0.653200285011,0.250021310115,0.303409186353,1.0,-0.01846,-0.0242617142857,0.924
0.45874739213,0.50103274979,-0.124112817446,-1.42933903084,0.0750744225581,1.92113685185,0.149441120684,-0.0139958553038,-0.0992471228357,-0.00650257670875,-0.153572362588,-0.00654402955343,0.0468409468316,-0.0237333320896,0.57386901362,0.818932517407,0.00215268215612,0.0,0.818890906469,-0.573808505464,-0.0119259909709,0.0,-0.00853151873577,0.00860693422721,-0.999926564239,0.0,0.652908273489,0.249669085873,0.303446195365,1.0,-0.01876,-0.024656,0.939
0.458504926696,0.499326354791,-0.12411137557,-1.43193836106,0.0749084006199,1.92208883725,0.149059552897,-0.0176929070485,-0.0990967474805,-0.00132096061428,-0.151436112418,-0.00613163244628,0.0583997319247,-0.0248483276851,0.573852001385,0.81894430672,0.00220224825806,0.0,0.818903338798,-0.573791292326,-0.0119004813882,0.0,-0.00848236391788,0.00863270971987,-0.999926760231,0.0,0.652568025296,0.249236659108,0.303482135133,1.0,-0.01912,-0.0251291428571,0.957
0.458249636301,0.49764108429,-0.124112165928,-1.43458369586,0.0747495539866,1.92306462794,0.148686518248,-0.0118522981213,-0.0993946527839,0.000485560882532,-0.155870035166,-0.00874701193049,0.0572901346091,-0.0282218113744,0.573837034825,0.818954756105,0.00221626209838,0.0,0.818913876834,-0.573776175775,-0.0119041733461,0.0,-0.00847750420623,0.00864614978723,-0.999926685321,0.0,0.652257850617,0.24884568973,0.303482454911,1.0,-0.01944,-0.0255497142857,0.973
0.458011742678,0.496166029886,-0.12411598655,-1.43695810247,0.0745964344713,1.9239052741,0.148323660738,-0.0195399352291,-0.0936635393799,-0.00273913197292,-0.161166272377,-0.0140113995675,0.06110952846,-0.025799354668,0.573815902382,0.818969707336,0.00216229992129,0.0,0.818928086755,-0.573755225464,-0.0119363678514,0.0,-0.00853505713334,0.00862021179313,-0.999926419667,0.0,0.651958133515,0.248458625548,0.303453340702,1.0,-0.01974,-0.025944,0.988
0.457730481381,0.494391291297,-0.124114703443,-1.43986179016,0.0744186526831,1.92490458705,0.147922355168,-0.0160653090226,-0.0964788029492,0.0018909241291,-0.166412845869,-0.0116222724017,0.0563711002949,-0.0203300886949,0.573814625573,0.8189708809,0.00205392749721,0.0,0.818927636368,-0.57375418869,-0.0120168321238,0.0,-0.00866315287783,0.00857761716198,-0.999925684372,0.0,0.651579487569,0.247994450699,0.303394192957,1.0,-0.0211228571429,-0.0277614693878,1.006
0.457448448758,0.492440547198,-0.124168820634,-1.44289265666,0.0742244858223,1.92603539572,0.147490845671,-0.0151661790874,-0.120392517489,-0.00296826811851,-0.189687681377,-0.0102148338684,0.0722862465903,-0.0288942578868,0.573830762492,0.818959507587,0.00208034890868,0.0,0.818916877024,-0.573770480001,-0.0119721220505,0.0,-0.00861120617976,0.00857376982795,-0.999926166074,0.0,0.651212896223,0.247490828665,0.303409182797,1.0,-0.0250085714286,-0.0328684081633,1.023
0.457072594847,0.489949052343,-0.124179298502,-1.44693694304,0.0739890848768,1.92749004342,0.146893354707,-0.0227173151999,-0.138772337318,-0.000309372546034,-0.228637198674,-0.0115326175255,0.0891146298263,-0.0376304932966,0.573795316883,0.818984537932,0.0020019622154,0.0,0.818940624842,-0.573735113614,-0.0120423955964,0.0,-0.0087141075476,0.00854952298967,-0.999925482217,0.0,0.650692177069,0.246854291833,0.303343970131,1.0,-0.0293514285714,-0.0385761632653,1.042
0.456726646793,0.487801950268,-0.124192372895,-1.45033933769,0.0737893078001,1.92872885039,0.146403737583,-0.0287964667316,-0.161268673163,-0.000216249186632,-0.249500493694,-0.018985125367,0.0934208471883,-0.0376139100426,0.573802233362,0.818979718935,0.00199094538421,0.0,0.818935511789,-0.573741929527,-0.0120653526472,0.0,-0.00873915852941,0.00855374685855,-0.999925227466,0.0,0.650264643886,0.246298556252,0.303324790797,1.0,-0.0325514285714,-0.042781877551,1.056
0.456182723264,0.484307218236,-0.12424269843,-1.45568525102,0.0734504574703,1.93074289435,0.145597654092,-0.0254926991511,-0.182459848306,0.000441040262069,-0.27673374689,-0.013777292066,0.10030549629,-0.0441911754075,0.573796136121,0.818983681728,0.00211426980983,0.0,0.818941337622,-0.573735561358,-0.0119723877414,0.0,-0.00859232384416,0.00860133837471,-0.999926091743,0.0,0.649613589511,0.245410212352,0.303383014709,1.0,-0.0371228571429,-0.0487900408163,1.076
0.455746555402,0.481617789647,-0.124286109496,-1.45991031308,0.0732009023053,1.93219107227,0.144966400098,-0.0299369576603,-0.196431561152,-0.00536373754401,-0.316135409789,-0.021781660568,0.106210139748,-0.0405809123723,0.573806967105,0.818976275196,0.00204256442681,0.0,0.818932795465,-0.573746493524,-0.0120326465573,0.0,-0.00868270504956,0.00857730456297,-0.999925517466,0.0,0.649066131155,0.244694866608,0.30336456806,1.0,-0.0403228571429,-0.052995755102,1.09
0.455096437815,0.477557080898,-0.124353847188,-1.4661664675,0.0728145082548,1.93446118069,0.144051406044,-0.0390207196122,-0.227467195933,-0.00497041929304,-0.336385570975,-0.0250583923142,0.125277882512,-0.0473680594562,0.573838689592,0.818953912886,0.0020961388393,0.0,0.818911211413,-0.57377806425,-0.0119961538758,0.0,-0.00862174466587,0.00860057440414,-0.99992584507,0.0,0.648279658971,0.243638140123,0.303399219116,1.0,-0.0446657142857,-0.0587035102041,1.109
0.454521166455,0.474095052923,-0.124387911992,-1.47148002228,0.0724956402583,1.93642547965,0.143288613073,-0.0383467888257,-0.236146677639,-0.00284368061883,-0.368265073112,-0.0239591381806,0.133486575782,-0.0489142686188,0.573880090783,0.818924648346,0.00219286006136,0.0,0.818883140598,-0.573818991974,-0.0119546390744,0.0,-0.00853180811387,0.00865639215358,-0.999926134835,0.0,0.647613759456,0.242744143859,0.303437111475,1.0,-0.0480942857143,-0.0632096326531,1.124
0.453766505358,0.469605768282,-0.124406724824,-1.47832088494,0.0720792603003,1.938860462,0.142239782835,-0.0471468977571,-0.259933484139,0.000513040255908,-0.384842995158,-0.0229011436572,0.150107646462,-0.0611243020719,0.573866548877,0.818933916766,0.00227397254361,0.0,0.818893164255,-0.573804813443,-0.0119485776015,0.0,-0.00848044233864,0.00871919743541,-0.999926026111,0.0,0.646729218341,0.241593275374,0.303494922971,1.0,-0.0522085714286,-0.0686169795918,1.142
0.453100013046,0.46557605946,-0.12441964207,-1.48438066344,0.0716894506937,1.94111532166,0.141253882429,-0.0451865630461,-0.274893356514,0.000850452596477,-0.417623356764,-0.0263308091365,0.149229306346,-0.0730490781171,0.573795038242,0.818983482836,0.00246085996655,0.0,0.818945227415,-0.573732642711,-0.0118455089636,0.0,-0.00828956009478,0.00881237345923,-0.999926809955,0.0,0.645959542237,0.240582081226,0.303586895958,1.0,-0.0556371428571,-0.0731231020408,1.157
0.452275469448,0.460771335182,-0.124430654338,-1.49184911807,0.071193852604,1.94366476743,0.140132584132,-0.0450597971805,-0.287254487879,-0.00153122367004,-0.447358922716,-0.0265876654846,0.151477542727,-0.0666630297721,0.573773112558,0.818999145283,0.00235843856299,0.0,0.818959305651,-0.573710855671,-0.0119271402689,0.0,-0.00841541790273,0.00877510655195,-0.999926086392,0.0,0.644952051607,0.23931884624,0.303564084455,1.0,-0.0595228571429,-0.0782300408163,1.174
0.45145378617,0.456000208106,-0.124461744241,-1.49923813382,0.0706935952851,1.94625892888,0.139023168608,-0.0507175236355,-0.298459154661,-0.00190937156759,-0.47718189335,-0.0334856213395,0.176399842087,-0.0705212991706,0.573764307812,0.819005420958,0.00232086721436,0.0,0.818965118505,-0.573702230099,-0.0119428955303,0.0,-0.00844997217272,0.00875328500828,-0.999925986247,0.0,0.643966777322,0.238058247575,0.303554971152,1.0,-0.06318,-0.0830365714286,1.19
0.450436558225,0.450233384246,-0.124498292819,-1.50784198578,0.0701072384937,1.9494763704,0.137630390899,-0.0604110106046,-0.328787006957,-0.00178637348747,-0.480984259395,-0.0381435590022,0.196062253391,-0.0771037718853,0.573715597415,0.819038645546,0.00261864183813,0.0,0.8190026555,-0.573652856058,-0.0117387359226,0.0,-0.00811244319067,0.00887954147063,-0.999927668388,0.0,0.642867007091,0.236568057905,0.303698721159,1.0,-0.0672942857143,-0.0884439183673,1.208
0.449414966166,0.444545534991,-0.124536384807,-1.51652555944,0.0695295484824,1.95247883583,0.136335345609,-0.0628759206582,-0.333609269616,-0.00206094505601,-0.52750756869,-0.0394513916786,0.180747828433,-0.0808718962584,0.573746822041,0.819016739218,0.00262906447467,0.0,0.818980783332,-0.573683928103,-0.0117462364531,0.0,-0.00811226842913,0.00889269033065,-0.999927552956,0.0,0.641764089873,0.235145480438,0.303731525727,1.0,-0.0709514285714,-0.0932504489796,1.224
0.448385170792,0.438998829188,-0.124556263591,-1.52521764978,0.0689217053189,1.95537413591,0.134948815739,-0.069682989274,-0.348735661924,-0.00422778135525,-0.553264868335,-0.0327406727466,0.181321738827,-0.0898414080441,0.573689948587,0.819057319422,0.00238690019402,0.0,0.819017935083,-0.573627678086,-0.0119019262395,0.0,-0.00837932911364,0.00878309862246,-0.999926319297,0.0,0.640470073276,0.233533541144,0.303632759949,1.0,-0.0748371428571,-0.0983573877551,1.241
0.44721503686,0.432709574879,-0.124586441768,-1.53459830502,0.0683075318147,1.95879151278,0.133402415949,-0.0757499898346,-0.3755565012,-0.00632874910352,-0.5508244467,-0.039882697548,0.213451526171,-0.0882135259004,0.573645322849,0.819087731018,0.00266070873295,0.0,0.819051917403,-0.57358203185,-0.0117624928921,0.0,-0.00810853500732,0.00892692949301,-0.999927278151,0.0,0.639219553131,0.231881838077,0.303756537705,1.0,-0.0787228571429,-0.103464326531,1.258
0.445939619715,0.4263118368,-0.124641364409,-1.54448621973,0.0675885818599,1.96220489486,0.131817161831,-0.0778161687705,-0.382124605434,-0.0111756599002,-0.58276412869,-0.049229591407,0.199049206929,-0.0943784888773,0.573656038174,0.819080566855,0.00255377533194,0.0,0.819043614654,-0.573593412126,-0.0117856591674,0.0,-0.00818873334363,0.00885273836677,-0.999927284191,0.0,0.63785834015,0.230078077288,0.303704461902,1.0,-0.0826085714286,-0.108571265306,1.275
0.444655497363,0.419974869727,-0.124753460006,-1.55421845089,0.0668774725139,1.96539177144,0.130209904884,-0.0789715857673,-0.389999563446,-0.00292860815134,-0.611639176239,-0.0364809291683,0.203928493239,-0.0945068145282,0.573685288992,0.819060732315,0.00233513904398,0.0,0.81902112404,-0.573623692334,-0.0118745472104,0.0,-0.00838664572248,0.00872494923496,-0.999926767036,0.0,0.636486640903,0.228243104097,0.303657084245,1.0,-0.0862657142857,-0.113377795918,1.291
0.443221722449,0.412922887684,-0.1248268477,-1.56470295331,0.0661610098317,1.96921000897,0.128480764541,-0.0872645815597,-0.408503430831,-0.0056475976254,-0.626723542079,-0.039175382628,0.214974111462,-0.10921579368,0.573734474897,0.819025353238,0.00264006996791,0.0,0.818990012847,-0.573672062333,-0.0116820656095,0.0,-0.00805352858459,0.00886476538933,-0.999928275734,0.0,0.635072021265,0.226301206301,0.303778435626,1.0,-0.0901514285714,-0.118484734694,1.308
0.441665847224,0.405692945626,-0.124855910928,-1.57571472158,0.0654003549633,1.97284455093,0.126649796313,-0.0913816311582,-0.43135299734,-0.000409574337432,-0.658979188122,-0.0444523360328,0.215861570098,-0.103041215956,0.573765187139,0.819004227509,0.00251639627364,0.0,0.81896674363,-0.573702637385,-0.0118111636727,0.0,-0.00822988825172,0.00883784955291,-0.999927078019,0.0,0.633485741478,0.224236939504,0.303740625576,1.0,-0.0940371428571,-0.123591673469,1.325
0.440137728456,0.398621027593,-0.124958178769,-1.58628927173,0.0646546269508,1.97652443621,0.124867621479,-0.0974316572837,-0.447690162871,-0.00746058805781,-0.667718551092,-0.0535357978115,0.245034337077,-0.110650217058,0.573846103333,0.818947148003,0.00263919862766,0.0,0.818911480929,-0.573783332742,-0.0117226435417,0.0,-0.00808605299276,0.00888843450372,-0.999927803133,0.0,0.63200714278,0.222205489993,0.303796738703,1.0,-0.0976942857143,-0.128398204082,1.341
0.43821897812,0.390015038678,-0.125011927701,-1.59926657191,0.0636551517861,1.98093990711,0.122642060863,-0.100771729496,-0.448259845673,-0.00217197062088,-0.684003754879,-0.0535605424599,0.226110443614,-0.114597052993,0.573855214887,0.818940833569,0.0026173196306,0.0,0.818905315513,-0.573792996504,-0.0116802520743,0.0,-0.0080637909493,0.00884628084022,-0.999928356729,0.0,0.630140684016,0.219715432256,0.30378956064,1.0,-0.102037142857,-0.134105959184,1.36
0.436629970584,0.382985770818,-0.125057437729,-1.60989995188,0.0628484622249,1.98433378263,0.120720028128,-0.108086181648,-0.481357897036,-0.00508289067623,-0.688486690305,-0.0421746524584,0.236821732226,-0.130791105053,0.573788213143,0.818988283924,0.0024544153707,0.0,0.818950439267,-0.573726368892,-0.011788916968,0.0,-0.00824698083848,0.0087745550853,-0.999927494617,0.0,0.628445024606,0.217522415682,0.303763723942,1.0,-0.105694285714,-0.138912489796,1.376
0.43474499944,0.374752148555,-0.125095770229,-1.62210903363,0.061975814551,1.9885071084,0.11857446082,-0.112297170865,-0.484529462072,-0.000240843964239,-0.721422065143,-0.0594228028999,0.247421667268,-0.13511422352,0.573811245977,0.818971781429,0.00257334702419,0.0,0.818935304765,-0.573748767868,-0.0117501013236,0.0,-0.00814670357782,0.00884991539866,-0.999927652492,0.0,0.626756877968,0.215301263261,0.30379009112,1.0,-0.109351428571,-0.143719020408,1.392
0.432713850788,0.366315756446,-0.125192184473,-1.63472940687,0.0609992557485,1.99257044511,0.116385796632,-0.119629677471,-0.503252758321,-0.0100967245169,-0.748702967096,-0.0519757738244,0.244260987571,-0.136282187724,0.5739296085,0.818889283248,0.00242758508163,0.0,0.818850979737,-0.573867730919,-0.011817245681,0.0,-0.00828406259714,0.00877026646454,-0.999927225718,0.0,0.624858738721,0.212761407818,0.303758817713,1.0,-0.113237142857,-0.148825959184,1.409
