position_joint1,position_joint2,position_joint3,position_joint4,position_joint5,position_joint6,position_joint7,velocity_joint1,velocity_joint2,velocity_joint3,velocity_joint4,velocity_joint5,velocity_joint6,velocity_joint7,ee_T_00,ee_T_10,ee_T_20,ee_T_30,ee_T_01,ee_T_11,ee_T_21,ee_T_31,ee_T_02,ee_T_12,ee_T_22,ee_T_32,ee_T_03,ee_T_13,ee_T_23,ee_T_33,v_x,v_y,time
0.465076074684,0.547672014479,-0.123962615058,-1.35574562296,0.0795028234058,1.89409326958,0.159185084581,0.0011278002587,-0.00110604374334,-0.000100950407516,-0.000155878692469,-4.59043862553e-06,-0.000162823524537,0.00142191533502,0.573802625703,0.818979135683,0.00211399001845,0.0,0.818938056077,-0.573743323438,-0.0118239595895,0.0,-0.00847085163621,0.00851600989453,-0.999927858522,0.0,0.661691836325,0.260918855234,0.303331823063,1.0,0.0,0.0,0.0
0.465073330943,0.547669239086,-0.123958004881,-1.35574616659,0.0795028234058,1.89409315909,0.159178078174,-0.000863124240254,-0.00136659551568,0.00102960078541,0.000628409776375,0.000122907542164,-0.000123579825963,-0.000953555280515,0.573795937535,0.818983813503,0.00211711798325,0.0,0.818942750299,-0.573736599298,-0.0118251114172,0.0,-0.00847006984663,0.00851916333629,-0.999927838283,0.0,0.661691420208,0.260919672496,0.30333336831,1.0,-0.00018,-0.000236571428571,0.01
0.465067231109,0.547669199959,-0.123963645363,-1.35575215289,0.0795028234058,1.89409638363,0.159182744414,-0.0002521196222,0.00127339188671,-0.000189242028682,-0.000378886741893,4.62414631304e-05,-0.000280394536501,-0.000572885663455,0.573809045073,0.818974639588,0.00211338713367,0.0,0.818933554938,-0.573749747216,-0.0118240038976,0.0,-0.00847116709303,0.00851560797561,-0.999927859272,0.0,0.66169357896,0.260911880523,0.303331013459,1.0,-0.0006,-0.000788571428571,0.031
0.465069371204,0.547645512506,-0.123961174501,-1.35576977173,0.079502111329,1.89410146993,0.159181218047,-0.000214886386539,0.000153279389685,0.000237597967848,-0.000336327241092,-0.000218816041069,6.4063444114e-05,-0.00024123423606,0.573805081263,0.81897738911,0.00212408680836,0.0,0.818936426709,-0.573745724593,-0.0118202969724,0.0,-0.00846203314832,0.00852220260444,-0.999927880428,0.0,0.661690095617,0.260913178192,0.303339766786,1.0,-0.00086,-0.00113028571429,0.044
0.465066927881,0.547534163367,-0.123960516677,-1.35588689467,0.0795041458101,1.89412058997,0.15918191369,-0.000819779721776,-0.0108328181033,0.00139357979583,-0.0116180774194,0.000344168323851,-0.000457331844849,0.00107959786224,0.573814058062,0.81897105178,0.00214243247039,0.0,0.818930213905,-0.573754512857,-0.011824154508,0.0,-0.00845457273215,0.00853953317511,-0.99992779568,0.0,0.661670374454,0.260901131712,0.303364541847,1.0,-0.00124,-0.00162971428571,0.063
0.465062706703,0.547390263097,-0.123958390778,-1.35606702242,0.0794993476686,1.89415884261,0.159170007918,-0.00196719186569,-0.00641105465744,0.000891234645545,-0.0110620877938,0.000113974165482,0.00103402838992,-0.00147546168407,0.57381484986,0.818970477702,0.00214979838062,0.0,0.818929634189,-0.573755172969,-0.0118322710915,0.0,-0.00845698558954,0.00855023107972,-0.999927683857,0.0,0.66164139048,0.260881896899,0.303383983754,1.0,-0.00158,-0.00207657142857,0.08
0.465043197853,0.547233184801,-0.123961174836,-1.35628268019,0.0794958756423,1.8942634044,0.159168654983,1.61924916978e-05,-0.0133595624023,0.000330205001622,-0.0125397349161,-0.000822704450308,0.00934390934607,8.15840947505e-05,0.573842955909,0.81895067082,0.00219262818626,0.0,0.818910349394,-0.573783071835,-0.0118141031194,0.0,-0.00841723679656,0.00857517086817,-0.999927805679,0.0,0.661622873296,0.26085038805,0.303401770656,1.0,-0.00192,-0.00252342857143,0.097
0.465035699299,0.547111913789,-0.123961253898,-1.35643260509,0.0794944476039,1.89434792959,0.15915410906,0.000813459599346,-0.00645074267861,-0.00084651088055,-0.0098161235243,0.000366256266265,0.00856359255012,-0.00271978283427,0.573845405302,0.818948815967,0.00224377838493,0.0,0.818909133125,-0.573785295523,-0.0117903871165,0.0,-0.00836843764351,0.00860347572922,-0.999927972134,0.0,0.661610612497,0.260834695023,0.303423651824,1.0,-0.00216,-0.00283885714286,0.109
0.465006649663,0.5468526926,-0.123963538027,-1.35675328172,0.0794884905789,1.89450571441,0.159134931369,0.00260849592967,-0.0170760878109,-0.00145131122293,-0.0227725161146,0.000301037670154,0.00703974549107,-0.00121445800851,0.573871616551,0.818930202018,0.00233213227951,0.0,0.818891619327,-0.573811117886,-0.0117500505521,0.0,-0.00828442734291,0.00865295067986,-0.99992824478,0.0,0.661583819822,0.2607892558,0.303468390254,1.0,-0.00258,-0.00339085714286,0.13
0.464965443853,0.546627327526,-0.123963339019,-1.35710394284,0.0794808390657,1.89463006334,0.159101804242,0.000669590700066,-0.0184204064305,-0.00353687762423,-0.0195613013442,9.67360251265e-05,0.00334409343986,-0.00356392196983,0.573895655697,0.818913336988,0.00233875545317,0.0,0.818874713633,-0.573834996738,-0.0117620912886,0.0,-0.00829023331195,0.00866552763268,-0.999928087746,0.0,0.661545256537,0.260730648914,0.303471870723,1.0,-0.00292,-0.00383771428571,0.147
0.464930327845,0.546368353257,-0.123959187904,-1.35749574554,0.0794719578825,1.89478070127,0.158971905632,0.00113512608452,-0.0199615712211,0.000251595833047,-0.0291298991825,-7.224849604e-05,0.0130474360003,-0.00334143088605,0.573834727594,0.81895596014,0.00236382317552,0.0,0.818917512334,-0.5737738246,-0.011766609423,0.0,-0.00828019447291,0.008688032579,-0.999927975641,0.0,0.661500934924,0.260675506035,0.303481709135,1.0,-0.00324,-0.00425828571429,0.163
0.464880179914,0.546094495372,-0.123959044361,-1.3579664173,0.0794568807089,1.89494271991,0.158948828969,-0.000451653561195,-0.0161395938059,0.00164636078869,-0.0342763712793,-9.66707096971e-05,0.00535465040954,0.0011658853404,0.573882181445,0.818922749102,0.00234940935254,0.0,0.818883981573,-0.573821188313,-0.0117904820226,0.0,-0.00830751303005,0.00869040854567,-0.999927728402,0.0,0.661447248974,0.260588669746,0.303470792022,1.0,-0.0036,-0.00473142857143,0.181
0.464817383671,0.545757366697,-0.123961579626,-1.3585245833,0.0794324971093,1.89513137111,0.15888143446,-0.00243719587722,-0.0185912753391,0.000175346225498,-0.0321426204596,0.000371712529194,0.00878801310515,-0.0066341577927,0.573901767589,0.818909114497,0.00231738064243,0.0,0.81886982694,-0.573840786556,-0.0118196917415,0.0,-0.0083496065229,0.00868114220734,-0.999927458289,0.0,0.661382999238,0.260502721167,0.303455087643,1.0,-0.00394,-0.00517828571429,0.198
0.464756507153,0.545426513134,-0.123961579951,-1.35909543593,0.0793341188773,1.89531691564,0.158780476463,-0.00407552779114,-0.0207933841542,9.61216520224e-05,-0.0341760752552,-0.0115001450223,0.00674001183771,-0.00677326607133,0.573874604101,0.818928377008,0.0022358442675,0.0,0.818888547188,-0.57381447628,-0.0118000422116,0.0,-0.00838059096193,0.00860281744741,-0.999927876013,0.0,0.661318973703,0.260395702358,0.303433539318,1.0,-0.00426,-0.00559885714286,0.214
0.46468681761,0.545034623127,-0.123967559971,-1.35978438484,0.0793040330359,1.89553923867,0.158744910096,-0.005211200342,-0.0300540554623,6.78524595785e-05,-0.0475886904918,-0.00124349903376,0.019399348052,-0.00561566017302,0.573937076067,0.81888475646,0.0021760641546,0.0,0.818844027463,-0.573877050048,-0.0118463926423,0.0,-0.00845219980706,0.00858110630428,-0.999927459835,0.0,0.661236528109,0.260279736631,0.303402481973,1.0,-0.0046,-0.00604571428571,0.231
0.464619711378,0.544606116929,-0.123975771672,-1.36049513629,0.0792868246284,1.89578117204,0.158617392533,-0.00415522061275,-0.0258497882348,-0.0018678083386,-0.0436798467596,-0.00370635775613,0.0168772781348,-0.0123571305538,0.573928348059,0.818890931705,0.00215410480033,0.0,0.818849687641,-0.573868178439,-0.011884852812,0.0,-0.00849638957625,0.0085851072741,-0.999927050988,0.0,0.66115298195,0.260165504618,0.303388729693,1.0,-0.00494,-0.00649257142857,0.248
0.464565363719,0.544177497283,-0.123973957105,-1.3612045256,0.0792551284379,1.89603659818,0.158537378338,-0.00476936778375,-0.0267425454801,0.000407104501642,-0.0519666772371,-0.000139068381692,0.0189297295961,-0.0047155770101,0.573937186578,0.818884778723,0.00213820937143,0.0,0.81884320066,-0.573876951866,-0.0119081380096,0.0,-0.00852448800525,0.00858554673036,-0.999926808067,0.0,0.661067548067,0.260064253967,0.303376480916,1.0,-0.00526,-0.00691314285714,0.264
0.464497164369,0.543663624618,-0.123974372273,-1.3620213284,0.0792169389408,1.89633004526,0.158429084706,-0.00424772727901,-0.029617776715,7.33250275732e-05,-0.051380970897,8.57957767184e-05,0.0160606294847,-0.0013220549631,0.573939950413,0.818882847539,0.00213593719811,0.0,0.818841121599,-0.573879605512,-0.0119232066623,0.0,-0.00853810301175,0.00859236328114,-0.999926633354,0.0,0.660971609642,0.25994246056,0.303376747938,1.0,-0.0056,-0.00736,0.281
0.464423709025,0.543140947139,-0.123985327558,-1.36286379018,0.0791678135801,1.89661890315,0.158326998553,-0.00336075997357,-0.0320018912109,-0.0017353865012,-0.0531426113247,-0.00481701820219,0.0191751337992,-0.00396749386207,0.573957869138,0.818870361012,0.00210789262619,0.0,0.818828268131,-0.573897635182,-0.0119381130576,0.0,-0.00856621728211,0.00857814115636,-0.999926515008,0.0,0.660873351086,0.259806078909,0.303370901328,1.0,-0.00594,-0.00780685714286,0.298
0.464358415438,0.542611738344,-0.123984984509,-1.36372269595,0.0791142416767,1.89691454848,0.158200293018,-0.00428562051931,-0.0384556980228,-0.000914904804097,-0.0582885281499,-0.0018856115146,0.0188120610108,-0.00753387380721,0.573940720926,0.818882456099,0.00207818633309,0.0,0.818839945908,-0.573880581601,-0.0119569204761,0.0,-0.00859884717979,0.00856443043451,-0.999926352467,0.0,0.660768240569,0.259679518709,0.30336199731,1.0,-0.00626,-0.00822742857143,0.314
0.46428742579,0.542019178308,-0.123978250783,-1.36464206857,0.0790679802675,1.89725704702,0.158094744865,-0.00281627071583,-0.0351948266794,0.00113403940662,-0.0526440938224,0.000257537126597,0.0209385736984,-0.00873054293121,0.573946466395,0.818878379254,0.00209776167715,0.0,0.818836003492,-0.57388612478,-0.0119608557709,0.0,-0.00859077526762,0.00858277893786,-0.999926264525,0.0,0.660659686811,0.25955092516,0.303372919587,1.0,-0.0066,-0.00867428571429,0.331
0.464191455689,0.541340155145,-0.123979198872,-1.3656577074,0.0790051715889,1.89763667312,0.157955590203,-0.00449266404909,-0.0398164204878,0.00115558047493,-0.0601855233259,-0.00640762898255,0.0277867467786,-0.00299645071236,0.573951356302,0.818874859193,0.00213365451298,0.0,0.818832970593,-0.573890885593,-0.0119400420727,0.0,-0.00855308006637,0.00860027558699,-0.999926437335,0.0,0.660547622511,0.259390938989,0.303402515924,1.0,-0.00696,-0.00914742857143,0.349
0.464110530838,0.540658346777,-0.123983234648,-1.36669971651,0.0789446914086,1.8980259116,0.157822734846,-0.00650565926103,-0.0432195090322,0.0006697277782,-0.0668455302102,-0.00668530892991,0.0204140106813,-0.00161495349539,0.573953286996,0.818873440721,0.00215854782946,0.0,0.818831872924,-0.573892710804,-0.0119275844264,0.0,-0.00852857143488,0.00861352988657,-0.999926532587,0.0,0.660427949779,0.259237042888,0.303422369869,1.0,-0.0073,-0.00959428571429,0.366
0.464023121982,0.540021040634,-0.123986714395,-1.36767853363,0.0788905818649,1.89838852017,0.157689139273,-0.00551757312707,-0.0408930540159,0.00120960373068,-0.0634225428851,-0.0036338885414,0.0273275208372,-0.00370464101948,0.573957543121,0.818870387747,0.00218487240027,0.0,0.81882910543,-0.573896801367,-0.0119207542472,0.0,-0.00850782517271,0.00863121011039,-0.999926556864,0.0,0.660310091583,0.259079414208,0.303439514679,1.0,-0.00762,-0.0100148571429,0.382
0.463934282633,0.539333118503,-0.123995517596,-1.36876606524,0.0788208424754,1.89880024694,0.157561151855,-0.00514750064411,-0.042338159354,-0.00184669366315,-0.0676757216976,-0.00831605807841,0.0229270384826,-0.00731599849112,0.573973366332,0.818859301518,0.00218310794502,0.0,0.81881810214,-0.573912737184,-0.0119093496015,0.0,-0.00849933187837,0.00862338381274,-0.999926696618,0.0,0.660195138844,0.258918166024,0.303442831816,1.0,-0.00792,-0.0104091428571,0.397
0.463831880688,0.538626158466,-0.123993048493,-1.36986420989,0.07875896533,1.89922799675,0.157424182479,-0.00113369858993,-0.0414718569447,-0.00053115691514,-0.072071363248,-0.00887596839714,0.0245164746207,-0.00904257784028,0.57398759355,0.81884924046,0.00221602137304,0.0,0.818808439649,-0.573926799791,-0.0118959884779,0.0,-0.00846935013598,0.00864281320296,-0.999926783264,0.0,0.660074402483,0.25874993981,0.303456560396,1.0,-0.00824,-0.0108297142857,0.413
0.463715668963,0.537853768327,-0.124001831365,-1.3710941728,0.078692476338,1.89969949768,0.157277627065,-0.0101197715778,-0.049157580672,0.000610080128104,-0.0726744992647,9.24999136095e-05,0.0237738564927,-0.0104168184657,0.574010428749,0.818833173305,0.00223805356977,0.0,0.818792641133,-0.57394952557,-0.0118869603186,0.0,-0.00844907032484,0.00865590763544,-0.999926841561,0.0,0.65993132434,0.258545694209,0.303463492243,1.0,-0.0086,-0.0113028571429,0.431
0.463602465848,0.537036251577,-0.124005425599,-1.37236117633,0.0786162145227,1.90016600177,0.157120378987,-0.00735188783568,-0.049631350892,-0.000505999954522,-0.0734386276371,-0.00865514759762,0.0276880716301,-0.00518577580981,0.574034963383,0.818815963427,0.0022418188338,0.0,0.818775484357,-0.57397404633,-0.0118847489261,0.0,-0.00844483890414,0.00865797440891,-0.999926859413,0.0,0.659795044373,0.258356387221,0.303472530554,1.0,-0.00892,-0.0117234285714,0.447
0.463479337452,0.536201570348,-0.124016952259,-1.37368375174,0.0785439378356,1.90067288994,0.156951650246,-0.00920921843894,-0.0452014908438,-0.000598802556784,-0.0785328206227,-0.00984945479023,0.024680832767,-0.00544356813647,0.574059286896,0.818798866804,0.00225781974304,0.0,0.818758595129,-0.573998302412,-0.0118768107064,0.0,-0.00842889673036,0.00866676966775,-0.999926917731,0.0,0.65964980714,0.258145126858,0.303476547678,1.0,-0.00926,-0.0121702857143,0.464
0.463366004628,0.535310765788,-0.124014843821,-1.3750758871,0.0784630973096,1.90117592877,0.156777827973,-0.00344178406203,-0.0567637452453,0.00141868640776,-0.0886533733596,-0.000453878812453,0.0345930790743,-0.00800485069637,0.574062998168,0.818796254539,0.00226154563932,0.0,0.818755959988,-0.574001925056,-0.0118833883037,0.0,-0.00843210462784,0.00867363448331,-0.999926831161,0.0,0.659483635707,0.257939105326,0.303486103061,1.0,-0.0096,-0.0126171428571,0.481
0.463244006159,0.534427603315,-0.124016482542,-1.37651426869,0.0783870059808,1.901707396,0.15660720226,-0.0099307002439,-0.0510639910544,-0.000250023373137,-0.0892892380988,-0.00136263976569,0.0289460056158,-0.00709345219421,0.574082900024,0.818782345789,0.00224522284313,0.0,0.818741728015,-0.574021775712,-0.0119050710735,0.0,-0.00845901807937,0.00867292233785,-0.999926610023,0.0,0.659314672112,0.257722309974,0.303470696415,1.0,-0.00994,-0.013064,0.498
0.463129718862,0.533548942951,-0.124026869186,-1.37791417513,0.0783024151937,1.90221068767,0.156434004701,-0.00531390316425,-0.0563374270365,-0.000434758961645,-0.0898299826616,-0.00272201756708,0.0356714806941,-0.0114392762256,0.574095854664,0.81877331228,0.00222702879197,0.0,0.818732467822,-0.57403481217,-0.0119133309062,0.0,-0.008476088543,0.00866290145492,-0.999926552333,0.0,0.659149042919,0.257506769624,0.303468066778,1.0,-0.01026,-0.0134845714286,0.514
0.462994526569,0.532605993435,-0.12402748372,-1.37942838135,0.0782217939919,1.90279048107,0.156231098796,-0.00396068357968,-0.0580880244786,-0.00169856649162,-0.0902921854336,-0.00484115262969,0.0346196185771,-0.0153152303423,0.574102172488,0.818768851884,0.0022382206495,0.0,0.818728064581,-0.574040993567,-0.0119180901873,0.0,-0.00847349375482,0.00867486254687,-0.999926470628,0.0,0.658976334307,0.257276236553,0.303462529965,1.0,-0.0106,-0.0139314285714,0.531
0.4628699606,0.531632249628,-0.124022282996,-1.3809831888,0.0781275788897,1.90336784609,0.156031401786,-0.00834308194706,-0.0596608131841,0.000990860408349,-0.0950724689628,-0.00843197809509,0.0375699000461,-0.0166347754508,0.574096554343,0.818772799851,0.00223504298913,0.0,0.818731927108,-0.574035343845,-0.0119248669547,0.0,-0.0084809263177,0.00867609312504,-0.99992639694,0.0,0.658790766741,0.257049346016,0.303458747129,1.0,-0.01094,-0.0143782857143,0.548
0.462714102323,0.530509436933,-0.124025329482,-1.38281052887,0.0780172815962,1.90400531247,0.155801321719,-0.00859649153205,-0.0608919167227,0.00067321630716,-0.0926192406665,-0.00603426372954,0.0362275131246,-0.0133305920346,0.574107590679,0.818765217557,0.00217709538268,0.0,0.818723513216,-0.574046536748,-0.0119636723304,0.0,-0.00854584924789,0.00865104083695,-0.999926061243,0.0,0.658567848413,0.256768178712,0.3034355452,1.0,-0.01132,-0.0148777142857,0.567
0.462601269465,0.529661783014,-0.124021934521,-1.38416127384,0.0779322026408,1.90449294799,0.155617314323,-0.00644634833077,-0.0625871450357,0.00102985878204,-0.0956248852204,-0.00759302901076,0.0349540316489,-0.0185586681868,0.574097363235,0.818772426997,0.00216268772875,0.0,0.818730508097,-0.574036342901,-0.0119740987782,0.0,-0.00856276542283,0.0086451234041,-0.999925967704,0.0,0.658404742458,0.256565985784,0.303431899211,1.0,-0.0116,-0.0152457142857,0.581
0.462416267808,0.528252866738,-0.124028043051,-1.38633590176,0.0777978215345,1.90531720476,0.155317741244,-0.0102083770846,-0.0612964647402,3.57246036528e-06,-0.0983852187621,-0.00267349304591,0.0375558282139,-0.0152333759577,0.574089695339,0.818777680388,0.00220877907028,0.0,0.818736419683,-0.57402854533,-0.0119436649737,0.0,-0.00851146793793,0.00866530968789,-0.99992623094,0.0,0.658153838915,0.256235211597,0.303460592537,1.0,-0.01204,-0.015824,0.603
0.462314304493,0.527452669314,-0.124030495275,-1.38756351695,0.0777192762896,1.90579802688,0.155149937745,-0.0105794212617,-0.0740775972265,7.32256601187e-05,-0.0998062734633,-0.00549582359356,0.0456106644632,-0.0160526247094,0.574082921095,0.818782316951,0.00225034597998,0.0,0.818741672448,-0.574021680429,-0.0119134837781,0.0,-0.00846296540814,0.00868194675338,-0.999926498307,0.0,0.658014349943,0.256051387794,0.303481306553,1.0,-0.01228,-0.0161394285714,0.615
0.462133975052,0.526023335543,-0.124039685976,-1.38979092496,0.0775815362273,1.90662008229,0.154843226519,-0.00184586996982,-0.0695880755798,-0.00191932062954,-0.108557811699,-0.0111159759898,0.0377752444299,-0.0126764488716,0.574069046466,0.81879199941,0.00226682428164,0.0,0.818751604157,-0.574007777303,-0.011900806168,0.0,-0.00844327266865,0.00868801773726,-0.999926612054,0.0,0.657749551258,0.255715293106,0.303498452854,1.0,-0.0127,-0.0166914285714,0.636
0.462013932262,0.525116569288,-0.124040365074,-1.39119024548,0.0774905164457,1.90712891445,0.154654172737,-0.0108110040854,-0.0706192649889,-9.61876342967e-05,-0.114722423799,-0.0024456389921,0.0366677232651,-0.0163274481895,0.574063743027,0.81879568806,0.00227751121495,0.0,0.818755459338,-0.574002460243,-0.0118920284691,0.0,-0.00843000689591,0.00869167445774,-0.999926692202,0.0,0.657582280697,0.255501583669,0.303514350225,1.0,-0.01296,-0.0170331428571,0.649
0.461862492444,0.52388512496,-0.124053182665,-1.39319928614,0.0773595260616,1.90784520401,0.154370458637,-0.00377905384701,-0.0686450327843,-0.000371767213025,-0.107990710477,-0.011840085273,0.0369808245683,-0.0224088559361,0.574037044158,0.818814573218,0.00221664619385,0.0,0.818773611237,-0.573976068928,-0.0119160707426,0.0,-0.00848491387185,0.0086553640786,-0.999926542757,0.0,0.657334194494,0.255199713588,0.303486541571,1.0,-0.01332,-0.0175062857143,0.667
0.461703630117,0.522668888541,-0.12405606239,-1.39512332472,0.0772452063642,1.90858766691,0.154121436044,-0.0070726834387,-0.071201148603,-0.000580495631901,-0.113452338747,-0.011925604904,0.0506380336695,-0.0174729314872,0.574037825651,0.818813949319,0.00224455421968,0.0,0.818773357091,-0.573976744813,-0.0119009677331,0.0,-0.00845651927991,0.00866955375006,-0.99992666037,0.0,0.657108999132,0.254913093216,0.303490114291,1.0,-0.01366,-0.0179531428571,0.684
0.461556277642,0.52159228445,-0.124057048895,-1.39685374263,0.0771388388727,1.90926453026,0.153884781101,-0.00896137325878,-0.0671720451736,-0.000679188635875,-0.110664216984,-0.00727476623339,0.0413070511584,-0.0175563348248,0.574029554279,0.818819704219,0.00226046404327,0.0,0.818779356506,-0.573968449478,-0.0118882826893,0.0,-0.00843708751336,0.00867521393276,-0.999926775428,0.0,0.656908255003,0.254653157208,0.303481683024,1.0,-0.01396,-0.0183474285714,0.699
0.461367150446,0.520163126732,-0.124068097303,-1.399134508,0.0770044262627,1.91009854997,0.153577359662,-0.00868734066651,-0.0772898235491,0.000348855688401,-0.118420001107,-0.00742758006761,0.0489772542491,-0.018931003441,0.574025945089,0.818822278796,0.00224432895774,0.0,0.818781680792,-0.573964863735,-0.0119013149402,0.0,-0.00845705868021,0.00866944590634,-0.999926656743,0.0,0.656632125164,0.254305430673,0.303472563497,1.0,-0.01434,-0.0188468571429,0.718
0.461223656736,0.518989037636,-0.124069135847,-1.40095953844,0.0768863761828,1.91074436536,0.153337618784,-0.0107086393357,-0.0753604523884,-0.000211140934607,-0.121622938545,-0.00216484002882,0.0486199760993,-0.013843258989,0.574012829227,0.818831493826,0.00223685086058,0.0,0.818790795011,-0.573951775926,-0.011905453281,0.0,-0.00846487854603,0.00866556265447,-0.999926624236,0.0,0.656403822865,0.254034204384,0.303484170776,1.0,-0.01464,-0.0192411428571,0.733
0.461034965724,0.517543109502,-0.124069827627,-1.40320775665,0.0767461811274,1.91155326477,0.153036791906,-0.00909795827072,-0.0769581534192,0.000597223955655,-0.123548838229,-0.0120941649186,0.0489951750371,-0.015889215068,0.574002724768,0.818838565241,0.00224119040183,0.0,0.818797888216,-0.573941619805,-0.0119072335317,0.0,-0.00846395252892,0.00867003338478,-0.99992659332,0.0,0.656127056421,0.253694382425,0.303498903451,1.0,-0.015,-0.0197142857143,0.751
0.460857782259,0.516269505336,-0.124072996281,-1.405215549,0.0766101972397,1.912300665,0.152742269887,-0.0141984427185,-0.0805667559389,0.000607198354232,-0.131579936572,-0.0053830721537,0.0464133524882,-0.0198669279373,0.573978322822,0.818855664088,0.00224348442088,0.0,0.818815123301,-0.573917320763,-0.0118932620418,0.0,-0.00845145313608,0.00866364037427,-0.999926754455,0.0,0.655887039821,0.253383496145,0.303501505081,1.0,-0.01532,-0.0201348571429,0.767
0.46067357079,0.514900000481,-0.124081149664,-1.40740176005,0.0764852298769,1.91312910791,0.152459518855,-0.0158032393116,-0.07740584353,-0.000712840839448,-0.123624574582,-0.00285176568315,0.0475948714484,-0.0139490979773,0.573985276959,0.818850760995,0.00225387544231,0.0,0.81881030949,-0.573924185427,-0.0118934165186,0.0,-0.00844554214263,0.00867230939169,-0.99992672925,0.0,0.655624972328,0.253052457478,0.303493295819,1.0,-0.01566,-0.0205817142857,0.784
0.460481533463,0.513486127085,-0.124084433179,-1.40967802112,0.0763462550844,1.91390862761,0.152133500868,-0.0139360275898,-0.0770315802536,-0.00146286929491,-0.131061683338,-0.00602368254503,0.0478596227707,-0.0191338214511,0.573959735212,0.818868853748,0.00218394557538,0.0,0.818827364965,-0.573898799821,-0.0119440717162,0.0,-0.00852742875019,0.00864385706134,-0.99992628063,0.0,0.655333658946,0.252703616797,0.303468480416,1.0,-0.016,-0.0210285714286,0.801
0.46029680462,0.512157811998,-0.124085105726,-1.4118183205,0.076213998921,1.91467350172,0.151827808304,-0.0163890536975,-0.0838207108645,2.05310063412e-06,-0.136417516399,-0.0104333920591,0.0494128024002,-0.0247616153283,0.57393753492,0.818884522824,0.00214270632227,0.0,0.818842425844,-0.573876700431,-0.0119733554598,0.0,-0.00857531133938,0.00862666305011,-0.999926019623,0.0,0.655065869404,0.25237622351,0.303446658469,1.0,-0.01632,-0.0214491428571,0.817
0.46010373401,0.510724896566,-0.124083024085,-1.41412419993,0.0760753841245,1.91555304676,0.151493404756,-0.00908639690928,-0.0881831327751,0.00125119697536,-0.134636751647,-0.00689363868833,0.0511082094929,-0.0293671634297,0.573903690964,0.818908229576,0.0021475410342,0.0,0.818866153746,-0.573842798589,-0.0119754606776,0.0,-0.00857461743269,0.00863147593324,-0.99992598404,0.0,0.654785282288,0.252033447116,0.303428728835,1.0,-0.01666,-0.021896,0.834
0.459921935348,0.509415340086,-0.124093877389,-1.41621815675,0.0759466949135,1.91632892658,0.151215390815,-0.011265520448,-0.0911330208072,-0.00180005539657,-0.143364650228,-0.0128638266754,0.0521890299031,-0.0240960475404,0.573907068128,0.818905892813,0.00213606425613,0.0,0.818863683624,-0.573846239263,-0.0119794918833,0.0,-0.00858446933356,0.00862442655657,-0.999925960335,0.0,0.654530004137,0.251708693378,0.303416282434,1.0,-0.01696,-0.0222902857143,0.849
0.459700983995,0.507825444537,-0.124100377663,-1.41872750309,0.0757800083524,1.91721709024,0.150866833845,-0.0102789552956,-0.0811840299362,0.000415731548338,-0.137453853304,-0.00887642079482,0.0411530563849,-0.015962213557,0.573892126262,0.818916453081,0.00210171102823,0.0,0.81887383381,-0.573831480367,-0.0119926369847,0.0,-0.00861510565944,0.00860368175342,-0.99992587556,0.0,0.654215267795,0.251316897074,0.30341135582,1.0,-0.01732,-0.0227634285714,0.867
0.459484963505,0.506265254982,-0.124104309133,-1.42117029406,0.0756251599811,1.91812499057,0.150534409628,-0.0162970188812,-0.0970322990711,-0.000218802610597,-0.1461522537,-0.0103529234068,0.0532185691259,-0.0104979418499,0.573884194686,0.818921967563,0.00211873367951,0.0,0.81887959734,-0.573823505854,-0.01198065484,0.0,-0.00859560773842,0.00861066201895,-0.999925983274,0.0,0.653916114281,0.250940599151,0.303418398461,1.0,-0.01766,-0.0232102857143,0.884
0.459264056854,0.504636264722,-0.124107129627,-1.42362571975,0.0754699221479,1.91908291463,0.150194856346,-0.0132339938382,-0.102546691083,-0.00179774273907,-0.149345128234,-0.0113670176263,0.0530007877328,-0.0150066219967,0.573873935291,0.818928871847,0.00222624121933,0.0,0.818888002244,-0.573812908725,-0.0119135411681,0.0,-0.00847906012711,0.00866007971138,-0.999926551582,0.0,0.653625717236,0.250564510747,0.303471148971,1.0,-0.018,-0.0236571428571,0.901
0.4590580745,0.50308383324,-0.124115149902,-1.42595947327,0.075327747558,1.91995749388,0.149860554987,-0.0114301284319,-0.10134966372,-0.00124606495433,-0.149354307264,-0.00617025585539,0.059525020236,-0.0268230912896,0.573856133444,0.818941128203,0.00230511339919,0.0,0.818901301395,-0.573794811907,-0.0118709436561,0.0,-0.00839910358997,0.00870004169203,-0.999926879493,0.0,0.653341585989,0.250205144875,0.303520678678,1.0,-0.01832,-0.0240777142857,0.917
0.458819954027,0.501267704837,-0.124113298775,-1.42863895236,0.0751496436268,1.92092597678,0.149489525616,-0.0120843333697,-0.103553798634,-0.00125563188136,-0.153393067758,-0.0132083453814,0.0519271761669,-0.0213630179059,0.573834522962,0.818956025231,0.00239079421742,0.0,0.818917364311,-0.573772925426,-0.0118206336161,0.0,-0.00830896610309,0.00874111884498,-0.999927274317,0.0,0.653006650327,0.249793772785,0.303596856071,1.0,-0.01868,-0.0245508571429,0.935
0.458574852488,0.499573000994,-0.124113856577,-1.43123197126,0.0749787464967,1.9218553326,0.149114586371,-0.0161875103626,-0.100947015398,-0.00117077419902,-0.154021511517,-0.00722764783356,0.0592026758298,-0.0193631445142,0.573814274211,0.818970148452,0.00241279050124,0.0,0.818931791206,-0.573752614035,-0.011807037784,0.0,-0.00828542614966,0.00875112614989,-0.999927382116,0.0,0.65268220689,0.249383734913,0.303625534695,1.0,-0.01902,-0.0249977142857,0.952
0.458338774953,0.497989877657,-0.124113882847,-1.43372225601,0.0748305805743,1.92277838746,0.148759245539,-0.0115492949335,-0.101381853282,-0.00113442583123,-0.158628621953,-0.00920825039689,0.0643332836513,-0.0239604376595,0.573803308389,0.818977785262,0.00242846258702,0.0,0.818939542751,-0.573741495978,-0.0118096575951,0.0,-0.00827869685486,0.0087653533998,-0.999927313237,0.0,0.652373657797,0.248993878311,0.303624227092,1.0,-0.01934,-0.0254182857143,0.968
0.458073050748,0.496307626352,-0.124116010095,-1.43640914546,0.0746682214915,1.92372080793,0.148361153187,-0.0144352210601,-0.103237942797,-0.000105215899848,-0.161173513113,-0.00905713478767,0.0567289681606,-0.0242934519715,0.57378844476,0.818988346853,0.00237808339731,0.0,0.818949292385,-0.573726662307,-0.0118541284703,0.0,-0.00834418388047,0.00874946010865,-0.9999269081,0.0,0.652031477667,0.248560699456,0.303599620202,1.0,-0.01968,-0.0258651428571,0.985
0.457784723818,0.494538303212,-0.124116399034,-1.43930604805,0.0744895061069,1.92472022606,0.147961498223,-0.0161019409101,-0.0987848487931,-0.000309520688737,-0.158415184495,-0.00672934798512,0.0585308965622,-0.0198586757827,0.573795082956,0.818984003801,0.00226962452947,0.0,0.818943350846,-0.573733534736,-0.0119317276856,0.0,-0.00846989748013,0.00870522819709,-0.999926237199,0.0,0.651656834968,0.248091491973,0.303540022954,1.0,-0.0203102857143,-0.0266935183673,1.003
0.457537712279,0.492952187687,-0.124139527364,-1.44184358911,0.0743271857508,1.9256592803,0.147592690761,-0.0150594000432,-0.112081675923,-0.0032812308373,-0.175093667447,-0.017264851022,0.071547044095,-0.0192101595767,0.573795621728,0.818983681892,0.0022494847096,0.0,0.818942861899,-0.573734252458,-0.0119307754744,0.0,-0.00848066727667,0.00868819345152,-0.999926294072,0.0,0.651345193306,0.247674633402,0.303518633978,1.0,-0.0227874285714,-0.0299491918367,1.018
0.457193962005,0.490664495834,-0.124164688331,-1.44547964955,0.0741113202215,1.92697687634,0.14706003403,-0.017158362621,-0.124657168866,-0.00210207857373,-0.202589521089,-0.012787878459,0.0660984040908,-0.0343560187861,0.573782697466,0.818992810213,0.00222256792982,0.0,0.818951547786,-0.573721345347,-0.0119552153028,0.0,-0.00851626467924,0.00868003824907,-0.999926062353,0.0,0.65088625853,0.247089835219,0.303494689016,1.0,-0.0259251428571,-0.034073044898,1.037
0.456875637219,0.488681047568,-0.124173902327,-1.44869248346,0.0739136352295,1.92812423549,0.146610539466,-0.0196983596043,-0.142272511596,0.000606518909803,-0.218979371454,-0.021002364116,0.0769297356625,-0.0309089965947,0.573788323298,0.818989059826,0.00215100737836,0.0,0.818946745387,-0.573727145493,-0.0120057338594,0.0,-0.00859863891332,0.00865047694142,-0.999925613562,0.0,0.650475475627,0.246568761282,0.303444363419,1.0,-0.0284022857143,-0.0373287183673,1.052
0.456433709249,0.485952420487,-0.124199676809,-1.4528776145,0.0736600310346,1.9297368743,0.145994231629,-0.0291718754867,-0.156005802052,-0.00117034760438,-0.24233953771,-0.00902607480264,0.0937068261437,-0.0318892811964,0.573803290833,0.818978226609,0.00227918217559,0.0,0.818937680527,-0.573741684973,-0.0119290082433,0.0,-0.00846209911614,0.00871158007566,-0.999926247906,0.0,0.649974739088,0.245874744621,0.303488417043,1.0,-0.0313748571429,-0.0412355265306,1.07
0.456009455575,0.4833354402,-0.124229553605,-1.45691890751,0.0734046424443,1.93117414659,0.145363828252,-0.0320795618628,-0.167685941337,-0.00350218924643,-0.26261468172,-0.0223772281484,0.0912843855039,-0.0404690001326,0.573785400801,0.81899074511,0.0022847652176,0.0,0.818950275124,-0.573723778257,-0.0119256043473,0.0,-0.00845629826715,0.00871401454554,-0.999926275767,0.0,0.649464789017,0.24519388383,0.303506677616,1.0,-0.0340171428571,-0.044708244898,1.086
0.455552075635,0.480493369202,-0.124286601585,-1.4613588039,0.0731302410495,1.93272704606,0.144711921303,-0.0299598473406,-0.182524184824,-0.0049615408762,-0.28653928593,-0.0211321467996,0.100579354684,-0.0450173448159,0.573808909552,0.818974423637,0.00223061614848,0.0,0.818933207737,-0.573747461746,-0.0119581899433,0.0,-0.00851380528038,0.00868860885194,-0.999926008861,0.0,0.648859459445,0.24439182999,0.303493368912,1.0,-0.0368245714286,-0.0483980081633,1.103
0.454980397758,0.477024880932,-0.124322567775,-1.46664138107,0.0728099782671,1.93465633865,0.143947572496,-0.0284872509063,-0.197155795626,-0.000445857844793,-0.30043194226,-0.0200578393517,0.107145782729,-0.0511450588373,0.573848028293,0.818946717807,0.00233681828037,0.0,0.818906883436,-0.573786146441,-0.0119046761706,0.0,-0.00840862341247,0.00874527989682,-0.999926404858,0.0,0.648237053401,0.243544429551,0.303556981787,1.0,-0.039632,-0.0520877714286,1.12
0.45442343797,0.473752369069,-0.124345382217,-1.47166495068,0.072500083418,1.93651179542,0.143222496301,-0.0323770127912,-0.205137872681,-0.000134786668582,-0.323360049822,-0.0181687430597,0.116720192929,-0.0439910226217,0.573885179289,0.818920431461,0.00242380478373,0.0,0.818881703545,-0.573822925057,-0.0118639445446,0.0,-0.00832495211563,0.00879352063492,-0.999926681896,0.0,0.647608342282,0.242694915432,0.303591606977,1.0,-0.0422742857143,-0.0555604897959,1.136
0.453758135555,0.469843098021,-0.124358520024,-1.47765803915,0.0721352391081,1.93863724845,0.142310890255,-0.0354097262307,-0.22381353429,-0.00116373925068,-0.332149555436,-0.0211432380048,0.127514033005,-0.0617077763606,0.573880252005,0.8189237512,0.00246839639446,0.0,0.818885318168,-0.573817523447,-0.011875705264,0.0,-0.00830904797194,0.00883673643106,-0.999926433199,0.0,0.646831703468,0.241685148978,0.303625123467,1.0,-0.0452468571429,-0.0594672979592,1.154
0.453105789946,0.465864543148,-0.124362027092,-1.48360235161,0.0717506157899,1.94086374079,0.14134892007,-0.0385030393938,-0.234272033995,-0.000392260224357,-0.359512791951,-0.0269776421801,0.128795223751,-0.0566996119854,0.573806031089,0.81897507249,0.00268630371806,0.0,0.818939561343,-0.573742593508,-0.0117549208642,0.0,-0.0080858959833,0.00894513709698,-0.999927298761,0.0,0.64607873405,0.240700421748,0.3037341642,1.0,-0.0480542857143,-0.0631570612245,1.171
0.452483443721,0.462214819878,-0.124366624309,-1.4892772944,0.0713729071196,1.94279958718,0.140489264923,-0.0440982090963,-0.251005591239,0.000177297448934,-0.385258218003,-0.0235898058042,0.126930917536,-0.0560821776277,0.573777260504,0.818995487934,0.0026063331028,0.0,0.818958744712,-0.573713908668,-0.0118183061995,0.0,-0.00818400746824,0.00891572629648,-0.999926763241,0.0,0.645312753372,0.239744984627,0.303716500207,1.0,-0.0505314285714,-0.0664127346939,1.186
0.451648398312,0.457391929106,-0.124376335754,-1.49675126497,0.0708703278268,1.94540797305,0.139374644366,-0.0457576623153,-0.253460967717,0.00110300878321,-0.404705275023,-0.0259715326851,0.141913218374,-0.0638654532376,0.573764080748,0.819004870195,0.00255912913518,0.0,0.81896740404,-0.573700790232,-0.011855011935,0.0,-0.00824129677434,0.00889799468356,-0.999926450654,0.0,0.644312229884,0.238479208148,0.303704742302,1.0,-0.0536691428571,-0.0705365877551,1.205
0.450936501041,0.453440304683,-0.124391549312,-1.50293048217,0.0704602462359,1.94760835356,0.138385324887,-0.0474905033602,-0.275319890666,-0.00437182819943,-0.411609387342,-0.0250639506733,0.140812387464,-0.0664525542646,0.573719374028,0.819036288521,0.00252682628197,0.0,0.81899833474,-0.573656140422,-0.0118788530475,0.0,-0.00827984171209,0.00888476571096,-0.99992624986,0.0,0.643491829416,0.237419093432,0.303670502269,1.0,-0.0561462857143,-0.0737922612245,1.22
0.45008406095,0.448654399084,-0.124448486393,-1.51009060755,0.0699611237486,1.95030468188,0.137291766103,-0.0526543727892,-0.281921372188,-0.00254725047259,-0.425571863485,-0.0221096400181,0.156196512335,-0.06825961656,0.573751840234,0.81901277449,0.00276549295974,0.0,0.818978521858,-0.573688385519,-0.0116860581933,0.0,-0.00798465348183,0.0089699494292,-0.999927890058,0.0,0.642583906521,0.236159559572,0.303781108816,1.0,-0.0589537142857,-0.0774820244898,1.237
0.449176288242,0.443706509327,-0.124475777368,-1.51774617726,0.0694488093728,1.952829785,0.136136775953,-0.056398438254,-0.294242733371,0.00209252231653,-0.459536456817,-0.0331497370291,0.148209842846,-0.0712740795228,0.573770855687,0.818999971228,0.00260752627295,0.0,0.818963314511,-0.573707577591,-0.0118089712654,0.0,-0.00817574695353,0.00891128347674,-0.99992687042,0.0,0.641517348662,0.234815270237,0.303746214303,1.0,-0.0617611428571,-0.0811717877551,1.254
0.448284469612,0.438897742057,-0.124504514673,-1.52523556499,0.0689154226746,1.95537659694,0.13492588461,-0.0595349200765,-0.30016162904,-0.00140140911035,-0.472344540701,-0.0319424554502,0.165023907968,-0.0674712459057,0.573713954165,0.819040258254,0.00247003201248,0.0,0.819001825318,-0.573651218097,-0.0118759001287,0.0,-0.0083100634302,0.00883650047894,-0.999926426846,0.0,0.640481251919,0.233498022849,0.303691592732,1.0,-0.0644034285714,-0.0846445061224,1.27
0.447257363556,0.433504819236,-0.124510579349,-1.53326630713,0.0683882318317,1.95834189734,0.133618297858,-0.0606439036489,-0.319794964615,0.000412630506005,-0.475481689678,-0.0356372059563,0.185370283064,-0.0783382029063,0.573695239998,0.81905248632,0.00274648112081,0.0,0.81901767464,-0.573631509659,-0.0117339956572,0.0,-0.00803544491309,0.00898132695405,-0.999927381059,0.0,0.639421430042,0.232081807515,0.303806802395,1.0,-0.0672108571429,-0.0883342693877,1.287
0.446152261306,0.428046296642,-0.124555388706,-1.54169501037,0.0677679807477,1.96125698147,0.132272299672,-0.0657950292665,-0.327454032277,-0.00358604056603,-0.512759996429,-0.0340150392136,0.166648775269,-0.0773758981284,0.573720771715,0.819034888964,0.002659636164,0.0,0.818999235409,-0.573657666521,-0.0117422715683,0.0,-0.00809176520601,0.00891519673577,-0.999927518675,0.0,0.638269399179,0.230532743368,0.3037677981,1.0,-0.0700182857143,-0.0920240326531,1.304
0.445002380133,0.42231161073,-0.12466334301,-1.55052788926,0.0671301128764,1.96412067414,0.130802673769,-0.068969502584,-0.338401376842,-0.00178927505324,-0.523643713654,-0.0349031512835,0.165557710822,-0.0860043254897,0.573734545999,0.819025965113,0.00242612843635,0.0,0.818987360398,-0.573672400221,-0.0118502166254,0.0,-0.00831399225518,0.00878601633765,-0.999926839049,0.0,0.637020695023,0.228871740554,0.303714059516,1.0,-0.0728257142857,-0.0957137959184,1.321
0.443853814305,0.416700383516,-0.124721319144,-1.5588968481,0.0665415586499,1.96710907761,0.129477307757,-0.0765832866059,-0.361346880954,-0.0031350845191,-0.517909921073,-0.038040744322,0.199645167577,-0.0914765054445,0.573812135629,0.818971001888,0.00262258905171,0.0,0.818935271194,-0.573749595748,-0.0117119543507,0.0,-0.00808719728404,0.00886836295813,-0.999927972095,0.0,0.635818961346,0.227216811003,0.303809031465,1.0,-0.0756331428571,-0.0994035591837,1.338
0.442497589501,0.410263812814,-0.12472475142,-1.56856037575,0.0658857272457,1.97052139804,0.127806635272,-0.0783734305291,-0.355959427091,-0.00166467646901,-0.547647094984,-0.0355114889889,0.17816392881,-0.0911947243562,0.573778998929,0.818993786132,0.00275419074345,0.0,0.81895953588,-0.573715747329,-0.0116733354133,0.0,-0.0079804202141,0.00895365786626,-0.999928069865,0.0,0.634546947074,0.22553289398,0.303851606352,1.0,-0.0784405714286,-0.103093322449,1.355
0.441238310572,0.40442571929,-0.124798876348,-1.57760211301,0.0652279952187,1.97346987866,0.126351706972,-0.0808835466278,-0.36095435465,-0.00704475335326,-0.574756471829,-0.035173944414,0.181920514912,-0.0958155204992,0.573853748996,0.818942196331,0.00251012589783,0.0,0.818904681216,-0.573791265477,-0.011809049306,0.0,-0.00823079892822,0.00883239111541,-0.999927118752,0.0,0.633237770342,0.223812715688,0.303750069191,1.0,-0.0810828571429,-0.106566040816,1.371
0.439656259834,0.397144494484,-0.124862990043,-1.58834692165,0.0644702382392,1.97728183716,0.12449194861,-0.0835142478271,-0.389276073395,-0.00154290673635,-0.564048190098,-0.0394840921629,0.205331337406,-0.0957379286791,0.573888246851,0.81891713765,0.0027836470774,0.0,0.818883419724,-0.573825048993,-0.01164065932,0.0,-0.00793556177424,0.0089600925169,-0.999928369235,0.0,0.631746599326,0.221760565713,0.30387360593,1.0,-0.0842205714286,-0.110689893878,1.39
0.438344488254,0.391313521978,-0.124868537507,-1.59718321432,0.0637943330707,1.98021349461,0.12300157921,-0.0942060899017,-0.387592587781,-0.00169272513799,-0.596376636001,-0.0424678074995,0.188345427465,-0.100326966501,0.573896673561,0.818911536936,0.00269251743403,0.0,0.818876649574,-0.573833804187,-0.0116852409483,0.0,-0.00802427559461,0.00891113213221,-0.999928098778,0.0,0.630454167405,0.220076159005,0.303842074383,1.0,-0.0866977142857,-0.113945567347,1.405
