position_joint1,position_joint2,position_joint3,position_joint4,position_joint5,position_joint6,position_joint7,velocity_joint1,velocity_joint2,velocity_joint3,velocity_joint4,velocity_joint5,velocity_joint6,velocity_joint7,ee_T_00,ee_T_10,ee_T_20,ee_T_30,ee_T_01,ee_T_11,ee_T_21,ee_T_31,ee_T_02,ee_T_12,ee_T_22,ee_T_32,ee_T_03,ee_T_13,ee_T_23,ee_T_33,v_x,v_y,time
0.465088358965,0.547629427023,-0.123951237286,-1.35576278437,0.0794428827895,1.89408756383,0.159183129564,-0.000118598476033,-0.000823168128993,0.000151619889583,-0.00202594787375,0.00032204130385,-2.97800454575e-05,0.00058308761857,0.573767956721,0.819003454415,0.00210247426563,0.0,0.818962680906,-0.573709162053,-0.0117758889598,0.0,-0.00843844745397,0.00847863894822,-0.999928450083,0.0,0.661685437818,0.260921990209,0.303352841148,1.0,0.0,0.0,0.0
0.465088594856,0.547632533027,-0.123950895764,-1.3557578685,0.0794414586359,1.89408837763,0.159171287495,0.00020726606097,0.00107343644359,-0.00058820184484,0.00010932871048,-0.000145734919469,0.00017823047269,-0.00187335690547,0.573757191994,0.819010992115,0.00210388482711,0.0,0.818970252897,-0.573698409177,-0.0117731507825,0.0,-0.00843550693395,0.00847811225275,-0.99992847936,0.0,0.661686585148,0.26092271165,0.303353037496,1.0,-0.0001,-0.000131428571429,0.006
0.465085432655,0.547625990104,-0.123951842687,-1.35576317892,0.0794414586359,1.89408943872,0.159178799551,-0.000120279853415,-0.00278658315414,-0.000704357370783,-0.00301355915053,-0.000109686534403,0.000405960126902,0.000261481134019,0.573766881,0.819004199463,0.00210580874685,0.0,0.818963486961,-0.573708091234,-0.0117719997909,0.0,-0.00843336011652,0.00847912732685,-0.999928488862,0.0,0.661686795083,0.26091959925,0.303355268478,1.0,-0.00044,-0.000578285714286,0.023
0.465082243815,0.547618964192,-0.123951573261,-1.35577061508,0.079442170712,1.89409160503,0.159174798607,-0.00045630784679,-0.00205064780172,-0.00093865790205,-0.00148829182073,0.000107925952282,0.000156807062934,-0.00104854331952,0.573766624636,0.819004373085,0.00210813228425,0.0,0.818963678148,-0.573707813156,-0.0117722512168,0.0,-0.00843223561161,0.00848117190338,-0.999928481005,0.0,0.661686438467,0.26091711758,0.303356886872,1.0,-0.00076,-0.000998857142857,0.039
0.465081839024,0.547557430389,-0.123951661937,-1.3558248302,0.0794428784064,1.89410016775,0.159181099723,-0.00118030154658,-0.00514076163439,-0.0018963256139,-0.00237406046456,7.00570527583e-05,0.000856013765178,0.000902493235965,0.573775273265,0.81899827078,0.0021248882497,0.0,0.818957745103,-0.573716346785,-0.011769115083,0.0,-0.00841996388802,0.00849318443251,-0.999928482456,0.0,0.661677430959,0.260911869485,0.303375420603,1.0,-0.0011,-0.00144571428571,0.056
0.465086416722,0.547413592833,-0.123948801736,-1.35599035914,0.0794394544916,1.89413531419,0.159176049151,0.000758342898696,-0.00644490445776,-0.000436903961819,-0.0111463750423,0.00038863077694,7.00952630381e-05,0.00180337781251,0.573773502311,0.818999465435,0.00214256000498,0.0,0.818959063424,-0.573714400479,-0.0117722563136,0.0,-0.00841241606411,0.00850944150327,-0.999928407768,0.0,0.661648633515,0.260900626954,0.303401476161,1.0,-0.00144,-0.00189257142857,0.073
0.465069447164,0.547287984349,-0.123946296227,-1.35618116517,0.0794339182661,1.89420109501,0.159165003631,-0.000172835954696,-0.00632069569328,0.000714743389074,-0.0120245471444,-8.23723372996e-05,0.00574828604195,-0.00012672668105,0.573785781385,0.818990851178,0.00214701374847,0.0,0.818950434991,-0.573726587869,-0.0117785525797,0.0,-0.00841488994356,0.00851682781407,-0.999928324067,0.0,0.661625486241,0.260873420146,0.303405252577,1.0,-0.00176,-0.00231314285714,0.089
0.465049171714,0.547113169191,-0.123946325461,-1.35638813826,0.0794292721681,1.89431447071,0.159151645957,-0.000547228953621,-0.0116590019983,0.000890303621796,-0.0149193614846,0.000366070164126,0.0107838179354,-0.00152249536055,0.573801991082,0.818979300038,0.00221991917554,0.0,0.818939811698,-0.573742495925,-0.0117422352034,0.0,-0.00834314623063,0.00855586285791,-0.999928592011,0.0,0.661610816991,0.260844676575,0.303440406318,1.0,-0.00208,-0.00273371428571,0.105
0.465025816675,0.546912284789,-0.123946659153,-1.35663650234,0.0794255461286,1.89444888223,0.159139177897,-0.000587458618346,-0.0124496546622,0.000220082993707,-0.0153162898677,0.00022518062322,0.0139618644946,-0.00130452795728,0.57382425626,0.8189634813,0.00229915767494,0.0,0.818924982475,-0.573764420265,-0.0117051278404,0.0,-0.00826705654124,0.00859968950678,-0.999928848027,0.0,0.661592351443,0.26081072617,0.303476156302,1.0,-0.00244,-0.00320685714286,0.123
0.464990050066,0.546696171089,-0.12394959109,-1.35692571479,0.0794160584092,1.8945676508,0.159118102029,-0.00387035715164,-0.0145067143392,-0.000202995896593,-0.0199474625547,-0.000670462247752,0.0147996299914,0.000500779996578,0.573852020617,0.818943906146,0.00234177734644,0.0,0.818905922961,-0.573791984857,-0.0116873587339,0.0,-0.00822775655217,0.00862467581611,-0.999928956971,0.0,0.661565939267,0.260760408351,0.303501954018,1.0,-0.00276,-0.00362742857143,0.139
0.46494412373,0.546442202835,-0.123952541762,-1.35731669385,0.0794011269585,1.89470798114,0.159014519481,-0.000813167835709,-0.0118733636633,-0.00111692448598,-0.0249746936862,-0.000310526781752,0.0163104228999,-0.0196053539344,0.573824745793,0.818962995824,0.00234935900034,0.0,0.818925037924,-0.573764608921,-0.0116919935138,0.0,-0.00822748939182,0.00863327033151,-0.999928885002,0.0,0.661524417385,0.260692353559,0.303507970162,1.0,-0.0031,-0.00407428571429,0.156
0.464901954598,0.546154991395,-0.123951252798,-1.35775621535,0.0793787186401,1.89486624586,0.158942195528,-0.000755710333156,-0.0195765205409,0.00029845987061,-0.0298270437062,-0.00146542854739,0.0147290230579,-0.00153050212526,0.573817744437,0.818967878554,0.00235732198941,0.0,0.81892997255,-0.5737575252,-0.0116939829421,0.0,-0.00822462352066,0.00864086291077,-0.999928842996,0.0,0.661474646091,0.260623921856,0.303515809785,1.0,-0.00344,-0.00452114285714,0.173
0.46485791616,0.54587598164,-0.123952004009,-1.35823030548,0.0793098034981,1.89502630869,0.158924282525,-0.00105986785431,-0.0243788766208,-0.00101901721753,-0.0309966343914,-0.00843996539893,0.00977823609743,-0.00167765448521,0.573847821564,0.818946954921,0.00230425969663,0.0,0.818908694523,-0.573788143123,-0.0116817698483,0.0,-0.00824475168978,0.00859070187711,-0.999929109443,0.0,0.661420606801,0.260541448766,0.303501505835,1.0,-0.00376,-0.00494171428571,0.189
0.464797914523,0.545526031733,-0.123952949455,-1.35884054582,0.0792414344869,1.89523029957,0.158818266605,-0.00231655042966,-0.0161348896024,-0.000159148636602,-0.0383716306871,-0.000538452443888,0.0140479651722,-0.00526025184985,0.573826666651,0.818961960641,0.00223842887496,0.0,0.818923090982,-0.57376748791,-0.0116870772543,0.0,-0.0082870935421,0.00853962209112,-0.999929196961,0.0,0.661350056678,0.260436149574,0.30347642647,1.0,-0.00412,-0.00541485714286,0.207
0.464742855112,0.545167507807,-0.123958214976,-1.35946447593,0.0792393251924,1.89543486582,0.158729509598,-0.0026006272696,-0.0257440053449,-0.00143585176228,-0.0435710817081,0.000401626894208,0.00818569935153,-0.00534667337542,0.573836928822,0.818954861693,0.0022046611695,0.0,0.818915224825,-0.573777538262,-0.0117447025249,0.0,-0.00835355700523,0.00854513914451,-0.999928596792,0.0,0.66127262582,0.260340878106,0.303451189922,1.0,-0.00444,-0.00583542857143,0.223
0.464680108439,0.544753201084,-0.123958310724,-1.36014943955,0.0792179073223,1.89566649716,0.158680984134,-0.00402565322261,-0.024519368715,-0.00055955709521,-0.042081871598,0.000497088394312,0.0126723195943,-0.00868742343767,0.573881063789,0.818923995977,0.00218182003446,0.0,0.818883854444,-0.573821543325,-0.0117820307701,0.0,-0.00839677404342,0.00854830613282,-0.999928207747,0.0,0.661189860639,0.260235721801,0.303438501863,1.0,-0.00478,-0.00628228571429,0.24
0.464620991477,0.544317158185,-0.123961304047,-1.36087900711,0.0791799630193,1.89592349985,0.158570340013,-0.00282809298266,-0.0310195729573,-0.000448095853959,-0.0434813563226,-0.00241042856057,0.0193803577595,-0.00821658158587,0.573871518959,0.818930761343,0.00215284839164,0.0,0.818890176706,-0.573812044877,-0.0118051916589,0.0,-0.00843246660624,0.00853777404737,-0.999927997368,0.0,0.661103032166,0.260125329429,0.303422198407,1.0,-0.00512,-0.00672914285714,0.257
0.464554478565,0.543823429046,-0.123961916426,-1.36166529937,0.0791438080693,1.89620088986,0.158461830038,-0.000442655714699,-0.0297838083097,-0.00446463180704,-0.0470058195682,-0.00105701458098,0.0123938479378,-0.00172443229372,0.5738823718,0.818923164472,0.00214963462117,0.0,0.818882412343,-0.573822781787,-0.0118218762644,0.0,-0.00844786164977,0.00854482888839,-0.999927807161,0.0,0.661006192219,0.259997037206,0.303422952066,1.0,-0.00548,-0.00720228571429,0.275
0.464478942592,0.543335640129,-0.123962319145,-1.36245824643,0.0790880030762,1.89647601056,0.158379302414,-0.00489845980009,-0.0301861717754,-0.000423562357903,-0.0491054189913,-0.00671898614496,0.0184194778414,0.000163328039799,0.573895411456,0.818914115153,0.00211556466824,0.0,0.818872963922,-0.573835998924,-0.0118347876116,0.0,-0.0084778506852,0.00852447313864,-0.999927727091,0.0,0.660917954553,0.259878894365,0.30341286817,1.0,-0.00578,-0.00759657142857,0.29
0.464404866339,0.542790809104,-0.123965572841,-1.36333218856,0.0790412085383,1.89678288617,0.158247701751,-0.00519926055442,-0.0360107372199,-0.00310804724845,-0.0510996426519,-0.00187834718391,0.0155745184152,-0.00309294930837,0.573886635732,0.81892030716,0.0020992261148,0.0,0.818878873132,-0.573827218881,-0.0118516206294,0.0,-0.00850110339548,0.00852066265547,-0.999927562151,0.0,0.660814821948,0.259744726327,0.303408984368,1.0,-0.00612,-0.00804342857143,0.307
0.464334868332,0.542174755289,-0.123965460986,-1.36429829294,0.078989465193,1.89714167001,0.15814483265,-0.0040249288939,-0.0314139867197,0.000774941577671,-0.0562738067085,-0.00500608947565,0.0238390654705,-0.000737890054054,0.573899535834,0.818911240382,0.00210951348048,0.0,0.818869874699,-0.573840010533,-0.0118540087359,0.0,-0.00849702135351,0.00853059139103,-0.999927512192,0.0,0.660700987645,0.259607929709,0.303415924504,1.0,-0.00648,-0.00851657142857,0.325
0.464259229951,0.541620132877,-0.123965178168,-1.36514780229,0.0789358734853,1.89745283108,0.158022966997,-0.00626136479137,-0.0350285301342,-5.68162869155e-05,-0.0515916587612,-0.00895937557491,0.0158089310812,-0.0123915502671,0.573894293238,0.818914881158,0.00212238265035,0.0,0.818873690087,-0.573834724444,-0.0118463330327,0.0,-0.0084834048761,0.00853667059328,-0.999927575926,0.0,0.660604302695,0.25947701631,0.303430691582,1.0,-0.00678,-0.00891085714286,0.34
0.464174939988,0.540928724838,-0.12396867032,-1.36621993732,0.0788681981215,1.89785248315,0.157867287029,-0.00624242531048,-0.0381147437158,-5.57137417184e-05,-0.062033264225,-0.00582181895673,0.028697253996,-0.00867869934629,0.573879668778,0.818925094921,0.00213578386728,0.0,0.818884114237,-0.573820084892,-0.0118348859763,0.0,-0.0084664924477,0.00854092436372,-0.999927682943,0.0,0.660481245603,0.259317303933,0.303443910388,1.0,-0.00714,-0.009384,0.358
0.464085281057,0.540239507636,-0.123974670431,-1.36728019463,0.0788130708315,1.89824252353,0.157739526828,-0.00600013993854,-0.0405281357846,-0.000856683422964,-0.0688387485467,-0.00296832519068,0.020452738491,-0.00578408224316,0.573896641038,0.818913149984,0.00215524686264,0.0,0.81887236135,-0.573836916347,-0.0118319970988,0.0,-0.00845278054334,0.00855538019704,-0.99992767537,0.0,0.660360024137,0.259155357436,0.303460396452,1.0,-0.00748,-0.00983085714286,0.375
0.463988532979,0.539592980385,-0.123971839337,-1.36826845572,0.0787575214044,1.89862246186,0.157620630137,-0.00642517752916,-0.0446701739587,0.000160501031548,-0.0655923205058,-0.00443852241236,0.0274763450871,-0.0104522866762,0.573916412294,0.818899201587,0.00219003206613,0.0,0.818858827336,-0.573856509859,-0.0118183707311,0.0,-0.00842145233687,0.00857624913803,-0.999927760936,0.0,0.660251952086,0.259001092627,0.303479710438,1.0,-0.00778,-0.0102251428571,0.39
0.463880948669,0.538752892544,-0.123977537881,-1.36958044787,0.0786749393029,1.89912242642,0.157452680039,-0.00791310600467,-0.0403317204468,0.000583685143048,-0.0682134562321,-0.0110677646346,0.0303870812889,-0.0084007157537,0.573921470983,0.81889560385,0.00220953390459,0.0,0.818855547424,-0.573861557507,-0.0118005156429,0.0,-0.00839558545635,0.0085820236217,-0.999927928911,0.0,0.660104100969,0.258802625013,0.303492244586,1.0,-0.00816,-0.0107245714286,0.409
0.4637707678,0.538026143444,-0.123980757367,-1.37070787127,0.0786103734545,1.89955961651,0.157314373451,-0.00343988778401,-0.047218472119,0.00043143870823,-0.0662510115604,-0.00383423285816,0.0296900464588,-0.0125312919633,0.573945750589,0.818878502706,0.0022405555677,0.0,0.818838851755,-0.573885716628,-0.0117841422566,0.0,-0.00836411896437,0.00859827786436,-0.999928052978,0.0,0.659982292658,0.258622967769,0.303506922558,1.0,-0.00848,-0.0111451428571,0.425
0.463671779016,0.537278954432,-0.123984259319,-1.37190192679,0.0785370563019,1.9000045612,0.157163528104,-0.00836581725373,-0.050187504949,0.000245344977729,-0.074475384556,-0.00720904123309,0.0304376235686,-0.00886166757528,0.573951955811,0.818874165122,0.00223629557425,0.0,0.818834476359,-0.573891955495,-0.0117843389957,0.0,-0.00836665980055,0.00859496580976,-0.999928060196,0.0,0.659844551861,0.258442018701,0.303504873117,1.0,-0.0088,-0.0115657142857,0.441
0.463551379791,0.536439819112,-0.123987813902,-1.37319455549,0.0784703863746,1.90049690468,0.157007733712,-0.00440323539883,-0.0504070536119,0.00174879200881,-0.0759967602334,-0.00643977305337,0.0336232390966,-0.0118938675525,0.57397881425,0.818855235629,0.0022739341301,0.0,0.818815960951,-0.57391858914,-0.0117737858442,0.0,-0.00833613361032,0.00862000315971,-0.999928099626,0.0,0.659700748261,0.258240718827,0.303524810018,1.0,-0.00914,-0.0120125714286,0.458
0.4634397427,0.535581400817,-0.123999273588,-1.3745539243,0.0783841626703,1.90098739008,0.15683800481,-0.00547690167077,-0.0479958684737,0.000874746739425,-0.0766376487429,6.3864204149e-05,0.0219331597006,-0.00910678106126,0.573993960526,0.818844648866,0.0022630077235,0.0,0.81880529151,-0.573933836488,-0.0117725456457,0.0,-0.00834122989531,0.00861049857818,-0.999928139017,0.0,0.659535039498,0.258015085522,0.30352691848,1.0,-0.0095,-0.0124857142857,0.476
0.463318053702,0.534679778235,-0.124000171978,-1.37598934713,0.0783154858831,1.9015197798,0.156664848384,-0.00486793052827,-0.053732685782,-0.0011928583002,-0.0887166699839,-0.000502722530867,0.034692210704,-0.013278364854,0.574009670479,0.81883362524,0.00226699664014,0.0,0.81879414883,-0.573949352803,-0.0117910627227,0.0,-0.00835393821947,0.00862455366182,-0.999927911797,0.0,0.659373781326,0.257815367588,0.303525636301,1.0,-0.00982,-0.0129062857143,0.492
0.463192979028,0.533764169987,-0.124005669013,-1.3774630775,0.0782145793687,1.90204884133,0.156484272659,-0.0108673629639,-0.0582592027054,-0.000779330606273,-0.0895138620399,-0.00491436612897,0.0285539266778,-0.0115569502808,0.574021617968,0.818825341353,0.00223368836709,0.0,0.818785520676,-0.573961518408,-0.011798026057,0.0,-0.00837863286127,0.00860139930236,-0.999927904622,0.0,0.659199783475,0.257586392116,0.3035160291,1.0,-0.01016,-0.0133531428571,0.509
0.46307032851,0.532839644919,-0.124001651833,-1.3789468036,0.0781466290168,1.90261739825,0.156290655126,-0.00560308416812,-0.0555599236912,0.000342250250754,-0.0860599103673,-0.00564477977842,0.0306544800072,-0.0135859913424,0.574023762258,0.818823786241,0.00225263164613,0.0,0.818784006058,-0.573963377599,-0.0118126838522,0.0,-0.00837973978535,0.00862534605521,-0.999927689069,0.0,0.659026582549,0.257371471014,0.303510947836,1.0,-0.0105,-0.0138,0.526
0.462949444322,0.531932743573,-0.1240030789,-1.38040516308,0.0780589304436,1.90316541849,0.156094396869,-0.00709656179172,-0.056363019494,0.00197563610329,-0.0868964556595,-0.00330108638396,0.0446201837063,-0.00822617573688,0.574019166037,0.818827020651,0.00224814936691,0.0,0.818787174013,-0.573958790922,-0.0118159593899,0.0,-0.00838504316899,0.00862350905107,-0.999927660455,0.0,0.658856229646,0.257152781084,0.303503684819,1.0,-0.01082,-0.0142205714286,0.542
0.46281510849,0.530920753059,-0.12400550048,-1.38202235539,0.0779517782128,1.90373930193,0.155890634411,-0.00643039678361,-0.0575625894739,-2.7058926365e-05,-0.0936744826679,-0.000628933577967,0.0345886492278,-0.0123699591778,0.574023136112,0.818824326265,0.00221558724395,0.0,0.818784092803,-0.573962924966,-0.0118286532312,0.0,-0.00841408607482,0.00860417387232,-0.999927583052,0.0,0.658661110187,0.256905831521,0.303496934257,1.0,-0.01116,-0.0146674285714,0.559
0.46267820958,0.529897857989,-0.124011590889,-1.38366585378,0.0778536090071,1.90432148882,0.155677706639,-0.00506236236734,-0.0595412347301,-0.00130588856349,-0.09288391316,-0.0110295659763,0.0301924879572,-0.0129436851218,0.574027980429,0.818821020576,0.00218193691719,0.0,0.818780305693,-0.573967856598,-0.0118514768603,0.0,-0.00845203945041,0.00858977168298,-0.999927386789,0.0,0.658462329971,0.256654118673,0.303485977564,1.0,-0.0115,-0.0151142857143,0.576
0.462549400856,0.52891133257,-0.124007116987,-1.38523596799,0.0777510674676,1.90490007028,0.155463543695,-0.00742974999921,-0.0609710439038,0.000607209713614,-0.106243505331,-0.0101461998216,0.0307113040173,-0.0124585854824,0.574012488092,0.818831902607,0.00217386472091,0.0,0.8187910993,-0.573952415035,-0.0118536021155,0.0,-0.00845857552027,0.00858422200063,-0.99992737918,0.0,0.658274331876,0.256421182712,0.303483433902,1.0,-0.01182,-0.0155348571429,0.592
0.462408877791,0.527808970531,-0.124004588619,-1.38694864163,0.0776385006083,1.90556385545,0.155219584213,-0.00960714986804,-0.0635400601707,-0.000798256549299,-0.104481568797,-0.0130478164394,0.0328403641988,-0.0109376978812,0.573998723878,0.818841424029,0.00222130190521,0.0,0.818801340385,-0.573938570711,-0.0118164688108,0.0,-0.00840108505436,0.00860160860316,-0.999927714437,0.0,0.658066010673,0.256151211406,0.303508910967,1.0,-0.01218,-0.016008,0.61
0.46225309013,0.526584819991,-0.124014435043,-1.38881570719,0.0775305769981,1.90627630106,0.154977749081,-0.00994267565103,-0.0645508469358,-0.000792587032459,-0.101933805451,-0.0090449919984,0.0399531084881,-0.0156221154386,0.573996924176,0.818842544398,0.00227275646583,0.0,0.818803120698,-0.573936563098,-0.0117905884242,0.0,-0.00835037816111,0.00862886770895,-0.999927904314,0.0,0.65786150208,0.255885275187,0.30353672182,1.0,-0.01252,-0.0164548571429,0.627
0.462115574404,0.525543725799,-0.124010207145,-1.39043790135,0.077429542837,1.90685818,0.154752905656,-0.0130109824823,-0.0680375817259,0.00133982524021,-0.10950100607,-0.00471187349337,0.0358319918605,-0.0242469443146,0.573983851862,0.818851728426,0.00226529366981,0.0,0.818812181523,-0.573923494032,-0.0117975119851,0.0,-0.00836046878708,0.0086265975119,-0.999927839585,0.0,0.657650835639,0.255625084249,0.303542545615,1.0,-0.01284,-0.0168754285714,0.643
0.461955838723,0.524295439439,-0.124021160487,-1.39241044641,0.0773010903555,1.90756827805,0.154488429581,-0.00813002770953,-0.0674475184279,-0.00116050641234,-0.11332255372,-0.0111964939714,0.0417763936394,-0.0136644212352,0.573975721779,0.818857458426,0.00225399403637,0.0,0.818817816038,-0.573915461467,-0.0117972085546,0.0,-0.00836679127272,0.008617087675,-0.9999278687,0.0,0.657425695644,0.255339855223,0.303548216524,1.0,-0.01318,-0.0173222857143,0.66
0.461796220103,0.523123147968,-0.124019531641,-1.3943183483,0.0771879412876,1.90827470315,0.154232395994,-0.00697383784276,-0.0630569798793,0.00201174988307,-0.112034860234,-0.00129599797203,0.0450389020947,-0.0154643707292,0.573967534541,0.818863265052,0.00222920203941,0.0,0.818823234346,-0.573907303477,-0.0118179867508,0.0,-0.00839812157563,0.00860862888531,-0.999927678916,0.0,0.657195307566,0.255054460853,0.303525445667,1.0,-0.01352,-0.0177691428571,0.677
0.461643204431,0.521949529456,-0.124030760095,-1.39614234074,0.0770756596314,1.90899159163,0.153976819003,-0.00844684763224,-0.0783554231556,-0.00128523943129,-0.115368428984,-0.00725225995966,0.0517285855234,-0.0137455130043,0.573959065069,0.818869060696,0.00228034229497,0.0,0.818829792778,-0.573898738807,-0.0117794293522,0.0,-0.00833728520061,0.00862828858817,-0.999928018565,0.0,0.656987397576,0.25477675434,0.303544513397,1.0,-0.01384,-0.0181897142857,0.693
0.461479159294,0.520709783352,-0.124031398321,-1.39816448671,0.0769555121231,1.90975369007,0.153709621353,-0.00578811062888,-0.0693229189768,-0.000437388986702,-0.118552541817,-0.00630132295924,0.0413151648723,-0.0174740121526,0.573950762771,0.818874931261,0.00226180646558,0.0,0.818835382099,-0.573890466901,-0.0117938934759,0.0,-0.0083598554939,0.00862132730525,-0.999927890166,0.0,0.656743730161,0.254477173185,0.303519033841,1.0,-0.01418,-0.0186365714286,0.71
0.461298846645,0.519388577939,-0.124040021607,-1.40020391247,0.0768177014894,1.91048943888,0.153433078883,-0.0130030898227,-0.0742456403495,-0.0002403638077,-0.122730931474,-0.00738194835556,0.043374863052,-0.0233299179096,0.573949170468,0.818876030473,0.00226789270468,0.0,0.818836666472,-0.57388896092,-0.0117779912347,0.0,-0.00834335675695,0.00861716790836,-0.99992806382,0.0,0.656499061588,0.254156733214,0.303540037809,1.0,-0.01452,-0.0190834285714,0.727
0.461119118849,0.517964485454,-0.124044259323,-1.40243610166,0.0766644246789,1.9112835935,0.153129440125,-0.0119750191631,-0.0757296874214,0.00017082945412,-0.125442630923,-0.0106075492748,0.0431142915066,-0.0127229607866,0.573927447903,0.81889131512,0.00224621141364,0.0,0.818851760784,-0.573867418273,-0.0117782429492,0.0,-0.00835623419706,0.00859933665167,-0.999928109795,0.0,0.65622209943,0.25381924823,0.303546025545,1.0,-0.01488,-0.0195565714286,0.745
0.460946997444,0.516694301543,-0.124050336549,-1.40443374866,0.0765373640267,1.91200878682,0.152856741719,-0.00993870990297,-0.0731870876915,-0.000168042926434,-0.121853214279,-0.00965598848143,0.0468434332307,-0.0183095257675,0.573920681966,0.818896074455,0.0022398562396,0.0,0.818856460361,-0.573860701023,-0.0117787965041,0.0,-0.00836040571088,0.00859438114292,-0.999928117531,0.0,0.655979119612,0.2535110747,0.303549351692,1.0,-0.0152,-0.0199771428571,0.761
0.460739530246,0.51514924362,-0.12405622019,-1.40686664348,0.0764036529504,1.91293283568,0.152520111664,-0.0121494114196,-0.0847910160367,0.000302129243872,-0.130744454129,-0.00512268563628,0.0454268652135,-0.015456371291,0.573911660673,0.81890229858,0.00227552757948,0.0,0.818863039054,-0.573851432073,-0.0117730233887,0.0,-0.00833530163445,0.00862018679867,-0.999928104979,0.0,0.65568835187,0.253144190265,0.303555138496,1.0,-0.01558,-0.0204765714286,0.78
0.460606442939,0.514093233627,-0.12406023304,-1.40859581093,0.0762955520835,1.91354620375,0.152281689331,-0.00889636419101,-0.0803233241809,0.000237091154592,-0.136123055127,-0.00773923989162,0.0461534482498,-0.0162682061874,0.573892754804,0.818915705071,0.00221830393821,0.0,0.818875645844,-0.573832691344,-0.0118095677283,0.0,-0.00839826685637,0.00859410588987,-0.999927802623,0.0,0.655453202948,0.25286220014,0.303523166068,1.0,-0.01586,-0.0208445714286,0.794
0.460396645533,0.512605999533,-0.124064150102,-1.41100006011,0.0761498467358,1.9143802885,0.151943345421,-0.0115544997855,-0.0828892883027,6.25773019327e-05,-0.136407307366,-0.00661100466704,0.0509952444196,-0.0205382112773,0.573873974833,0.818929043657,0.002151595956,0.0,0.818888020279,-0.57381407803,-0.0118558423809,0.0,-0.00847464077603,0.00856584046393,-0.999927400785,0.0,0.655163885218,0.252515033942,0.303495808447,1.0,-0.0162,-0.0212914285714,0.811
0.460192753343,0.511166608612,-0.124069925213,-1.41329950162,0.0760118114005,1.91524929978,0.151621745455,-0.0100978713168,-0.0883548022007,-0.000141613432755,-0.140314226865,-0.00717573920327,0.051242541778,-0.0188057301079,0.573864878279,0.818935403401,0.00215718261105,0.0,0.818894438892,-0.573804946398,-0.0118544651181,0.0,-0.00847040220256,0.00856953101593,-0.999927405077,0.0,0.654887704211,0.252160801749,0.3034849383,1.0,-0.01654,-0.0217382857143,0.828
0.460004158415,0.509792665152,-0.12406998352,-1.41550997277,0.0758729794241,1.91608227379,0.151308560446,-0.0126094570889,-0.0850928322517,0.00289060984922,-0.143225829472,-0.0161143009302,0.0587367081943,-0.0204948858896,0.573840761881,0.818952321088,0.00215004389316,0.0,0.818911271518,-0.573780869318,-0.0118570774696,0.0,-0.00847689026734,0.00856493444871,-0.999927389478,0.0,0.654617822097,0.251827136782,0.303466841329,1.0,-0.01686,-0.0221588571429,0.844
0.459805642469,0.508299225297,-0.12407621648,-1.41788773544,0.0757223807578,1.91692247214,0.150981042786,-0.011719158479,-0.0869923999977,7.85253898396e-05,-0.144954602175,-0.0129621429901,0.0453478776581,-0.0219210745335,0.573822169231,0.818965455785,0.00210884602665,0.0,0.818923839556,-0.573762413506,-0.0118821191422,0.0,-0.00852123259314,0.00854537219131,-0.999927179953,0.0,0.654316180499,0.251463828667,0.303453073923,1.0,-0.0172,-0.0226057142857,0.861
0.459574931685,0.506668022651,-0.12408762278,-1.42043157512,0.0755626753426,1.91784754265,0.150634278869,-0.0123285104609,-0.0883143295578,-0.00250451024029,-0.141869619621,-0.00653314049542,0.0558275671944,-0.0179173655664,0.573823711166,0.818964359663,0.00211494844345,0.0,0.818922842479,-0.573763950325,-0.0118766272493,0.0,-0.00851321716236,0.00854723447611,-0.999927232311,0.0,0.654004110979,0.251062880084,0.303463547192,1.0,-0.01756,-0.0230788571429,0.879
0.459365175991,0.505154825865,-0.124091151993,-1.42274262442,0.0754224513817,1.91872733669,0.150310154781,-0.0145948986049,-0.0978699443443,-0.000555441855101,-0.14397969995,-4.93803483618e-05,0.0601650884697,-0.0174535180928,0.573814088592,0.818970920344,0.00218409385316,0.0,0.818930304954,-0.573754055409,-0.0118400351371,0.0,-0.00844367433442,0.00858276486114,-0.999927517629,0.0,0.653726562898,0.250706399178,0.303497546769,1.0,-0.01788,-0.0234994285714,0.895
0.459141172433,0.50349906102,-0.12409540386,-1.42520951906,0.0752654461552,1.91967480487,0.149969499737,-0.0117886902426,-0.0970183050205,-0.000297444160625,-0.143986199614,-0.0118281502207,0.0547086529332,-0.0192188630207,0.573806069737,0.81897623265,0.00229599423461,0.0,0.818937159,-0.5737456934,-0.0117709734431,0.0,-0.00832299092423,0.0086346972486,-0.999928082327,0.0,0.653432537804,0.250325534211,0.303562220522,1.0,-0.01822,-0.0239462857143,0.912
0.458909616063,0.501807762644,-0.124097493378,-1.42771356367,0.0750973658153,1.92060245461,0.149603534894,-0.0120680028223,-0.0980029370153,0.000716390774356,-0.147277554957,-0.0116724255126,0.0530294699831,-0.0242895419494,0.573780025003,0.818994218553,0.00238742234867,0.0,0.818956434927,-0.573719417387,-0.0117104528333,0.0,-0.00822124089255,0.00867458582748,-0.999928578829,0.0,0.653127458742,0.249934097716,0.30363155103,1.0,-0.01856,-0.0243931428571,0.929
0.458684099272,0.500192234018,-0.124099297798,-1.43014658819,0.0749423917696,1.92145928589,0.14927496438,-0.0171296208914,-0.0990531612863,0.000371133306213,-0.154156479406,-0.00451880623949,0.056109706509,-0.0140482975926,0.573778800919,0.818994979113,0.00242047599104,0.0,0.818957584287,-0.573718029856,-0.0116980450912,0.0,-0.00819212720206,0.0086945248525,-0.999928644599,0.0,0.652819972699,0.249551669577,0.303675072582,1.0,-0.01888,-0.0248137142857,0.945
0.458437780489,0.498518626865,-0.124101706472,-1.43275581782,0.0747758541849,1.92243600197,0.14889159304,-0.0155339261747,-0.0975134299552,-0.000182530408915,-0.147930814837,-0.0062052637962,0.0579103561077,-0.0280925204465,0.573756019636,0.819010848474,0.00245090082937,0.0,0.818973877849,-0.573695172387,-0.011678333818,0.0,-0.00815876919679,0.00870790573799,-0.999928800897,0.0,0.652500334317,0.249141472201,0.303685143519,1.0,-0.01922,-0.0252605714286,0.962
0.458173947196,0.4968457143,-0.124101789607,-1.43542231644,0.0746130334066,1.92339888574,0.14849856572,-0.0208624598219,-0.0945326196971,-0.000534648187785,-0.159660185045,-0.0104393803988,0.0577107095882,-0.0207548264909,0.573741373656,0.819021183974,0.00242554294332,0.0,0.81898378242,-0.573680511806,-0.0117039056891,0.0,-0.00819441774537,0.00870166279529,-0.99992856374,0.0,0.652166489436,0.248714248017,0.303665635809,1.0,-0.01956,-0.0257074285714,0.979
0.457932856489,0.495269514161,-0.124099242348,-1.43796842823,0.0744572895646,1.92426815692,0.148133784605,-0.0124281604452,-0.096677736923,0.000949507172262,-0.160208326401,-0.00636333822705,0.0516665525355,-0.020126019251,0.573724374694,0.819033332462,0.0023428829487,0.0,0.818994671079,-0.573663625708,-0.0117694597955,0.0,-0.00829571286879,0.00867140156296,-0.999927991379,0.0,0.651832683046,0.248311418816,0.303627263857,1.0,-0.01988,-0.026128,0.995
0.457627249141,0.493473029717,-0.124104496532,-1.44091589617,0.0742728600132,1.9253406461,0.147718606501,-0.0115622375669,-0.0981139499583,0.00043377697403,-0.164459950976,-0.00909376978869,0.0587347565312,-0.0240974203063,0.573736844705,0.819024798096,0.00227157061089,0.0,0.818985155158,-0.573676310116,-0.0118132867713,0.0,-0.00837238976096,0.00863826680039,-0.9999276391,0.0,0.651465984082,0.2478265094,0.303568589485,1.0,-0.0215228571429,-0.0282871836735,1.013
0.45734340062,0.491540575014,-0.124126986622,-1.44397446308,0.0740824539648,1.9264659431,0.147288046539,-0.0202610969189,-0.117874163535,0.00105551447039,-0.183493452848,-0.00517185778798,0.0718580788594,-0.025357867716,0.573734595102,0.819026394511,0.00226415068218,0.0,0.818986693617,-0.573674129237,-0.0118125366905,0.0,-0.00837605592959,0.00863173642395,-0.99992766479,0.0,0.65108364944,0.247337046778,0.303555870694,1.0,-0.0237085714286,-0.0311598367347,1.03
0.456966556838,0.489206216389,-0.124144438155,-1.44774252816,0.0738588858391,1.92778402764,0.146749155573,-0.0214339424275,-0.127580088864,9.20417823022e-05,-0.203376226045,-0.00854028106606,0.0706778024915,-0.0266293927955,0.573741656159,0.819021707459,0.00216831731641,0.0,0.818980548512,-0.573681351692,-0.0118875893855,0.0,-0.00849243405282,0.00859638043391,-0.999926987738,0.0,0.650599299664,0.246719277814,0.303500676733,1.0,-0.0261514285714,-0.0343704489796,1.049
0.456662955357,0.487291337997,-0.124162508381,-1.45071848168,0.073668923027,1.92891526546,0.146324798311,-0.0217629244916,-0.138137795137,-0.000623972597166,-0.212259139536,-0.0103938050169,0.0853539735786,-0.0318495228563,0.573752113202,0.819014245545,0.00221925488467,0.0,0.818973867023,-0.573691724336,-0.0118472555319,0.0,-0.00843006519456,0.00861506551857,-0.999927354685,0.0,0.650238098678,0.246229913194,0.303513470196,1.0,-0.0279514285714,-0.0367361632653,1.063
0.456253317651,0.484802129075,-0.124182474113,-1.45452847769,0.0734380913279,1.93034639336,0.145733064971,-0.031260305326,-0.14509049672,-0.0021688577643,-0.232771669696,-0.011889289505,0.0853854625783,-0.0366173808225,0.573743184108,0.819020244085,0.00231200544132,0.0,0.81898107446,-0.573682438799,-0.0117985588876,0.0,-0.00833706217415,0.0086629982341,-0.999927720316,0.0,0.649774729079,0.245593225128,0.303553091376,1.0,-0.0301371428571,-0.0396088163265,1.08
0.455835264175,0.482295841288,-0.124212100932,-1.45842136234,0.0731892952102,1.93167350798,0.145152898216,-0.0275009895871,-0.161228352256,-0.00243526814794,-0.248612688041,-0.0172968861768,0.0911308351244,-0.0376497178951,0.573754667649,0.819012354062,0.00225657836472,0.0,0.818972405626,-0.573694075253,-0.0118344304841,0.0,-0.00839812082146,0.00863830145515,-0.999927423024,0.0,0.649273140348,0.244926571213,0.303554985279,1.0,-0.0321942857143,-0.0423124897959,1.096
0.455371235227,0.479450290901,-0.124240538834,-1.46286128377,0.0729205421476,1.93328403915,0.144497167592,-0.0263937328154,-0.177986978008,-0.000479436895566,-0.265525068751,-0.020999817405,0.103203905675,-0.0437315384068,0.573756235649,0.819011167802,0.00228822444118,0.0,0.818971556981,-0.57369544358,-0.0118268242843,0.0,-0.00837371845268,0.0086598716437,-0.999927441099,0.0,0.648680298514,0.244141342159,0.303568376066,1.0,-0.0345085714286,-0.045354122449,1.114
0.454825236488,0.476234931134,-0.124270088373,-1.4677574692,0.0726161132108,1.93509582808,0.143787356944,-0.0288804080278,-0.182632740207,-0.0021702000787,-0.277530870676,-0.0198643143216,0.105589946246,-0.0433955524354,0.573804021301,0.818977438565,0.00237637551817,0.0,0.818939001245,-0.573742914578,-0.0117782474791,0.0,-0.00828284980585,0.0087046799529,-0.999927808867,0.0,0.648106209859,0.243352082187,0.303608632791,1.0,-0.0366942857143,-0.0482267755102,1.131
0.454317146502,0.473227900415,-0.124285955361,-1.4723977915,0.0723319146438,1.93676254324,0.143112231864,-0.0376974249766,-0.19087171634,-0.00431302152106,-0.294309109322,-0.0123064108595,0.0997438052568,-0.0443770428469,0.573824725365,0.818962841572,0.00240740244927,0.0,0.818924660188,-0.57376334396,-0.0117801937612,0.0,-0.00826642083159,0.00873141578927,-0.99992771172,0.0,0.647511978774,0.242571792305,0.303625001072,1.0,-0.0387514285714,-0.0509304489796,1.147
0.453755388729,0.469834791206,-0.124296772464,-1.4775696513,0.0720118821526,1.93860352752,0.142331224819,-0.0321478230501,-0.199342328232,-0.00121039405385,-0.300241063195,-0.0234386581718,0.114230875785,-0.0476120394274,0.573812689449,0.818971101905,0.00246547641081,0.0,0.818933486098,-0.573750891379,-0.0117731427533,0.0,-0.00822745280911,0.00877480884078,-0.999927653258,0.0,0.646840477864,0.241708694806,0.303667707133,1.0,-0.0409371428571,-0.0538031020408,1.164
0.453165034432,0.466249948078,-0.124294944759,-1.48293128884,0.0716645906847,1.9406390724,0.141448825863,-0.0373452252944,-0.216754559173,-0.000233618359074,-0.319832089893,-0.022250419351,0.118033533544,-0.0562668949417,0.573731586538,0.81902724194,0.00268150505677,0.0,0.818992517363,-0.573669115899,-0.0116511316527,0.0,-0.00800445169827,0.00888092581017,-0.999928526401,0.0,0.64616642853,0.240823832541,0.303765888545,1.0,-0.0431228571429,-0.056675755102,1.181
0.452601925246,0.462997476735,-0.124301298145,-1.48801771193,0.0713191056298,1.94236205246,0.140699236226,-0.0427803385003,-0.221212739536,0.000674583949732,-0.345276331124,-0.0197579082284,0.112466002688,-0.0543306943264,0.573720001469,0.819035661687,0.00258683208674,0.0,0.818999591452,-0.573657737801,-0.0117139217808,0.0,-0.00811031958254,0.00883929582732,-0.999928042194,0.0,0.645434475877,0.239905554168,0.30374198571,1.0,-0.04518,-0.0593794285714,1.197
0.451896389806,0.458944715018,-0.12431382211,-1.49432128062,0.0708870643157,1.94456026644,0.139759475742,-0.0399177683709,-0.227429800612,-0.000217734288359,-0.355435054883,-0.028425197498,0.120761850623,-0.0553775306983,0.573718344438,0.819037033853,0.00251899463845,0.0,0.819000078582,-0.573656323038,-0.0117490945362,0.0,-0.00817806379039,0.00880389737508,-0.999927802726,0.0,0.644639070783,0.238887785294,0.303717624158,1.0,-0.0473657142857,-0.0622520816326,1.214
0.451169534079,0.455001348185,-0.124335184919,-1.50054257165,0.0704784235378,1.94677765206,0.138791527463,-0.0460341746768,-0.237786667464,-0.00436313395465,-0.36627594778,-0.0236081451663,0.120614463526,-0.0522229222951,0.573711265915,0.819042178278,0.00245773581196,0.0,0.819004353187,-0.573649393832,-0.0117893730912,0.0,-0.00824627392473,0.00877676146931,-0.999927481083,0.0,0.643818716216,0.237810335303,0.303660939147,1.0,-0.0495514285714,-0.0651247346939,1.231
0.4504034004,0.450764467653,-0.124385542424,-1.50690996377,0.0700329856414,1.94912380919,0.137768593782,-0.0459768749324,-0.251259677493,-0.00252955108907,-0.381734958234,-0.020754123899,0.146340564951,-0.0582596826888,0.573705484416,0.819045752177,0.00261149250512,0.0,0.819010361263,-0.573643527834,-0.0116566727393,0.0,-0.00804943749472,0.00882650643823,-0.999928647124,0.0,0.64300548591,0.236680978171,0.303743605708,1.0,-0.0517371428571,-0.0679973877551,1.248
0.449608114443,0.446368555307,-0.124431263505,-1.51359446166,0.0695886452794,1.95140316193,0.136794768334,-0.0525543029656,-0.266338289393,-0.00229084150083,-0.391798459436,-0.0297361759192,0.13130401774,-0.0567113668265,0.573771555498,0.818999520441,0.00259509513984,0.0,0.818963839937,-0.573709564159,-0.0116752630999,0.0,-0.00807335941543,0.00882439284733,-0.999928472921,0.0,0.642100753542,0.235498023905,0.303774247515,1.0,-0.0539228571429,-0.0708700408163,1.265
0.448777444438,0.441891151274,-0.124446388779,-1.52055561774,0.0691100146927,1.95376951795,0.135703234667,-0.0386303046247,-0.267456564075,-0.00124877043052,-0.415433845489,-0.0296372625681,0.144369839665,-0.0687363304309,0.573746696269,0.819017279156,0.00248432386127,0.0,0.818980012823,-0.573684948423,-0.0117501255496,0.0,-0.00819849449754,0.008776376275,-0.999927877353,0.0,0.641140227966,0.234281133329,0.303731407553,1.0,-0.0561085714286,-0.0737426938775,1.282
0.447997157362,0.437840281858,-0.124446568378,-1.52683855506,0.0686954840916,1.95598246327,0.134667583269,-0.0539644679578,-0.275864401244,0.00152187909297,-0.424531527068,-0.0279872619489,0.155795159475,-0.0667663163518,0.573696248499,0.819052662207,0.00246939087408,0.0,0.819014975439,-0.573634320608,-0.0117848686121,0.0,-0.00823605922377,0.00878357212887,-0.999927505467,0.0,0.640226296761,0.233106144519,0.303700506905,1.0,-0.0581657142857,-0.0764463673469,1.298
0.447003188851,0.432716364547,-0.124471556832,-1.53445989151,0.0681724633062,1.95879479725,0.133434805572,-0.05568783478,-0.29026362469,-0.00305851273059,-0.42915811769,-0.0213450061607,0.160189708108,-0.0759426213904,0.573711317356,0.819041321824,0.00271742208134,0.0,0.819007120264,-0.573648789397,-0.0116254153224,0.0,-0.00796300295763,0.00889539163664,-0.999928728756,0.0,0.639286670879,0.231809690619,0.303814165141,1.0,-0.0603514285714,-0.0793190204082,1.315
0.44601798552,0.427826689436,-0.124520634649,-1.54209666627,0.0676056328344,1.96131464068,0.132218837152,-0.0556489908984,-0.294718916549,-0.0019555664518,-0.453871166227,-0.0301364640901,0.143617687991,-0.0755847711514,0.573727523993,0.81903069509,0.0024890991606,0.0,0.818993652546,-0.573665934332,-0.0117277354197,0.0,-0.00817762134156,0.0087672498142,-0.999928128337,0.0,0.638214084008,0.23040273926,0.303730081985,1.0,-0.0625371428571,-0.0821916734694,1.332
0.444989203248,0.422708917795,-0.124586292034,-1.54993872587,0.0670388355371,1.96391831404,0.130905753033,-0.0614194194668,-0.297171579537,-0.00298389717232,-0.472785463596,-0.0262780881828,0.157461104237,-0.07851067794,0.573716761975,0.819038618309,0.00235916240675,0.0,0.818999978309,-0.573655753339,-0.0117838488199,0.0,-0.008298239935,0.00869291291406,-0.999927783632,0.0,0.637113845116,0.228945113729,0.303704767498,1.0,-0.0647228571429,-0.0850643265306,1.349
0.443978616489,0.417758813304,-0.124621168266,-1.55737070085,0.0665212715489,1.96656113812,0.129733901825,-0.0655352339443,-0.315238936485,-0.00170203359121,-0.459933368082,-0.0359742064705,0.175435281385,-0.0777305067335,0.57377755568,0.818995677144,0.0024787736988,0.0,0.818958712793,-0.573716224815,-0.0117075627619,0.0,-0.00816648783341,0.00874771848284,-0.999928390385,0.0,0.636100078403,0.227574824106,0.303756631042,1.0,-0.06678,-0.087768,1.365
0.442790779651,0.412037745943,-0.124639064885,-1.56592000779,0.0659408819237,1.96964931956,0.128263263826,-0.0655104095213,-0.321748231932,-0.000830700473289,-0.488739398124,-0.0363397436278,0.169923379909,-0.0872397160629,0.573750946689,0.819013642404,0.00269288508459,0.0,0.818979446775,-0.573688858597,-0.0115976800983,0.0,-0.00795393318806,0.00885976805057,-0.999929117216,0.0,0.63493214249,0.22600413808,0.303830432295,1.0,-0.0690942857143,-0.0908096326531,1.383
0.441745933593,0.407183424467,-0.124674775947,-1.57338042926,0.0653969279771,1.97202433193,0.12705638667,-0.0703747256261,-0.327844797306,-0.00630452737479,-0.49222570766,-0.033473935879,0.165273735211,-0.0830720934539,0.573793749248,0.818984322876,0.00248175498382,0.0,0.818947176139,-0.573732168683,-0.0117332098493,0.0,-0.00818560985293,0.00876503746013,-0.999928082369,0.0,0.633841862525,0.22459182714,0.303768572804,1.0,-0.0710228571429,-0.0933443265306,1.398
