position_joint1,position_joint2,position_joint3,position_joint4,position_joint5,position_joint6,position_joint7,velocity_joint1,velocity_joint2,velocity_joint3,velocity_joint4,velocity_joint5,velocity_joint6,velocity_joint7,ee_T_00,ee_T_10,ee_T_20,ee_T_30,ee_T_01,ee_T_11,ee_T_21,ee_T_31,ee_T_02,ee_T_12,ee_T_22,ee_T_32,ee_T_03,ee_T_13,ee_T_23,ee_T_33,v_x,v_y,time
0.465063736812,0.547804796648,-0.123991749123,-1.35583694535,0.0795266760051,1.8941088741,0.159171635351,-0.000446336431644,-0.000213330368795,0.000891111018821,0.00232175892861,9.09733872073e-05,9.02916251424e-05,0.00311230299872,0.573833729094,0.818957771771,0.00194069855438,0.0,0.81891428031,-0.573774974257,-0.0119342918824,0.0,-0.00866032356268,0.00843772742734,-0.999926899104,0.0,0.661679045947,0.260886130632,0.30319665567,1.0,0.0,0.0,0.0
0.465060820627,0.547804798186,-0.123997758834,-1.35584256179,0.0795234816091,1.89410588202,0.159166942825,-0.00134494004647,-0.000446706259577,-0.000799024401207,-0.000134034499926,-0.000131184576481,0.000241164024687,-0.000693249015684,0.573835912288,0.818956266236,0.00193045653847,0.0,0.818912691141,-0.573777248581,-0.0119339935035,0.0,-0.00866593356587,0.00842919169645,-0.999926922491,0.0,0.661679480551,0.260879333527,0.303193914707,1.0,-0.00028,-0.000368,0.015
0.465063083789,0.547794964452,-0.12400012841,-1.35584831473,0.0795244092181,1.89410473303,0.159170685523,-0.000315175643804,-0.00178109749908,-0.00101500645331,-0.000664577273926,0.000315566236422,7.21577868556e-05,-0.000651067018184,0.573830662661,0.818959931005,0.0019362075541,0.0,0.818916434514,-0.573771979091,-0.0119304733309,0.0,-0.00865980470378,0.00843182594282,-0.999926953379,0.0,0.661676957259,0.260883632804,0.303198768878,1.0,-0.0006,-0.000788571428571,0.031
0.465070096069,0.54775201347,-0.123997377711,-1.35588622814,0.0795235592201,1.89411276079,0.1591672255,0.00183278843935,-0.00759132513169,-0.000712273136806,-0.00713517911783,4.50123641059e-05,0.00507795416887,-0.000462669182921,0.573830641169,0.818959921256,0.00194667229388,0.0,0.81891651915,-0.573771872961,-0.0119297679947,0.0,-0.00865322265075,0.00843999101218,-0.999926941476,0.0,0.661669729421,0.260881685028,0.303211109884,1.0,-0.00098,-0.001288,0.05
0.465060292007,0.547670263197,-0.123994695919,-1.35599209735,0.07952285229,1.89414768308,0.159166010236,-0.000581601800661,-0.00773068911666,-0.000188933587354,-0.010295093556,-0.00342524210168,0.00261366313143,-0.00038023441867,0.573841493136,0.818952285473,0.00196004463353,0.0,0.818908987429,-0.573782599252,-0.0119308845315,0.0,-0.00864635211939,0.00845169748152,-0.999926902031,0.0,0.661656567312,0.260867516293,0.303221576375,1.0,-0.0013,-0.00170857142857,0.066
0.465056387016,0.547546641756,-0.12399030883,-1.35616468937,0.0795201368343,1.8941732249,0.159166721569,-0.000502633392157,-0.00591964719895,0.00840125188573,-0.00756965969325,7.10344172691e-05,0.00475226881509,0.00140760766119,0.573850868197,0.81894574732,0.00194702777962,0.0,0.81890213547,-0.573791886969,-0.0119544917401,0.0,-0.00867305841149,0.00845468344929,-0.999926645502,0.0,0.661625517897,0.260849897898,0.303229070042,1.0,-0.0016,-0.00210285714286,0.081
0.465037209733,0.547373824937,-0.123997076252,-1.35639340175,0.0795169941247,1.89428613616,0.159154829662,-0.00349860246867,-0.0152076575661,0.00141079934077,-0.0141090015281,0.000296012164158,0.00753735259964,-0.0009360126491,0.57387369663,0.818929625189,0.00199905112311,0.0,0.818886669713,-0.573814474007,-0.0119297312878,0.0,-0.00862269191691,0.00848331864087,-0.999926838568,0.0,0.661606899341,0.260815583452,0.303252653052,1.0,-0.00196,-0.002576,0.099
0.465023614838,0.547182796909,-0.123992463478,-1.35661487286,0.0795142210998,1.89440417443,0.15914406641,-7.35599289074e-06,-0.0103858646486,0.00151164246171,-0.0192938990928,-0.000132440930028,0.0101828094911,-0.000667085870091,0.573884624439,0.818921765137,0.00208022095407,0.0,0.818879801356,-0.57382500207,-0.0118947397068,0.0,-0.00854734300608,0.0085298233766,-0.999927089862,0.0,0.66158734986,0.260793060848,0.303292644638,1.0,-0.0023,-0.00302285714286,0.116
0.465003763891,0.546970657234,-0.123995517662,-1.35687810996,0.0795113651317,1.89453005725,0.159129950359,-0.000369251495738,-0.0181565087756,0.00046677985803,-0.0168684972723,9.83925991998e-05,0.00324524396864,-0.00156590305008,0.573905555025,0.818906916644,0.00215004323808,0.0,0.818865803756,-0.573845590458,-0.0118651022846,0.0,-0.00848278481599,0.00857020999944,-0.999927294288,0.0,0.66156372687,0.260757796432,0.303328637278,1.0,-0.00262,-0.00344342857143,0.132
0.464966473175,0.546740576589,-0.123996001671,-1.35723303379,0.0795046543854,1.89466526267,0.159100529439,-0.00766784195141,-0.00980682427689,-0.00100933003962,-0.0173849748934,-0.000205162412098,0.00562166827101,-0.00132790231551,0.57393045233,0.818889424428,0.00216641400753,0.0,0.818848400631,-0.573870293886,-0.0118713723137,0.0,-0.00847826383077,0.00858747206238,-0.999927184532,0.0,0.661525552838,0.260701830809,0.303334403375,1.0,-0.00296,-0.00389028571429,0.149
0.464931345244,0.546447839995,-0.123992810315,-1.35764485534,0.0794981855092,1.89480951202,0.158959111747,-0.00208578516652,-0.0188363087443,0.00101744110893,-0.0256858215348,-9.20373504313e-05,0.0118262876707,-0.0119298695702,0.573862407027,0.818937019087,0.00220078887847,0.0,0.818896244118,-0.573801918269,-0.0118763151643,0.0,-0.00846330020295,0.00861775447195,-0.999927050768,0.0,0.661476335855,0.260644148834,0.303358109535,1.0,-0.0033,-0.00433714285714,0.166
0.46489164295,0.54618266642,-0.12399555273,-1.35810048675,0.0794828949062,1.89497211149,0.158927775344,-0.00399835313428,-0.0168249542397,0.00101698894415,-0.0312196383095,-0.00224908076895,0.0170334882812,0.000906437549611,0.573886787441,0.818919968789,0.00218788028358,0.0,0.818878889151,-0.573826208383,-0.0118993435723,0.0,-0.00848931046486,0.00862065100583,-0.999926805313,0.0,0.661424802566,0.260583287305,0.303345468706,1.0,-0.0036,-0.00473142857143,0.181
0.46483633985,0.545852428296,-0.123997904922,-1.35863956791,0.0794587494963,1.89515502076,0.158885575302,-0.00990517834096,-0.01352162071,-0.000192445332065,-0.0312556385971,-0.00203069442447,0.0145119980685,-0.00494315418911,0.573928652266,0.81889069318,0.00216370809298,0.0,0.818849237698,-0.573868103758,-0.0119194090278,0.0,-0.00851917408112,0.00861280690488,-0.999926618923,0.0,0.661360714844,0.2604851593,0.303336361914,1.0,-0.00396,-0.00520457142857,0.199
0.464773863724,0.545501487279,-0.123993130376,-1.35924724416,0.0793602999213,1.89535150323,0.158777341307,-0.0100596484478,-0.0257277948835,0.000761514179491,-0.0361169616575,-0.0100883528791,0.00534114510335,-0.00477693914858,0.573895518677,0.818914132038,0.00207963748258,0.0,0.818872061628,-0.573835798526,-0.0119067173197,0.0,-0.00855737339977,0.00853633309558,-0.999926948521,0.0,0.661290250562,0.260376465559,0.303312311263,1.0,-0.0043,-0.00565142857143,0.216
0.464712362751,0.545131545676,-0.124003773631,-1.3599034048,0.0793211712452,1.89556504522,0.158711174817,-0.00206609088437,-0.0240502786097,-0.00146541462257,-0.0370987139358,-0.00092201759237,0.0178235745394,-0.00681970079669,0.573925274889,0.818893440525,0.00201464876444,0.0,0.818850524,-0.573865819266,-0.0119410102113,0.0,-0.00862244288029,0.00850310747558,-0.999926672633,0.0,0.661212436067,0.260264751192,0.303280710911,1.0,-0.00462,-0.006072,0.232
0.464644225072,0.544710155619,-0.123998495854,-1.36061729513,0.0793017305889,1.89580506375,0.158632687138,-0.00345580227417,-0.0236077580987,-0.000414126825265,-0.0409634321443,7.21822797026e-05,0.0107950813549,-0.00741158055769,0.57394832227,0.818877352648,0.00198785963633,0.0,0.818833780442,-0.573888674835,-0.0119906548452,0.0,-0.00867823264658,0.0085099066944,-0.999926132155,0.0,0.661120460959,0.260149523576,0.303263958806,1.0,-0.00498,-0.00654514285714,0.25
0.464567573361,0.544188226382,-0.124001581646,-1.361468855,0.0792756911266,1.89612011811,0.158504619349,-0.00319903120389,-0.0266699363375,-0.00043202984962,-0.0475159322114,-0.00137793505277,0.015871951027,-0.00590120552343,0.57394834283,0.818877348057,0.00198381003853,0.0,0.818833516163,-0.573888509899,-0.012016568352,0.0,-0.00870177737411,0.008521463706,-0.999925829113,0.0,0.661027682461,0.260027159774,0.30325130607,1.0,-0.00534,-0.00701828571429,0.268
0.46450360777,0.543742138685,-0.124006665107,-1.36219890957,0.0792437524831,1.89636768767,0.158439510856,-0.00115363919253,-0.0274360042464,-0.00384975593863,-0.0493725947085,-0.000185536760523,0.0200862835141,-0.00682473849917,0.573983027246,0.81885309907,0.00195792718121,0.0,0.818808805057,-0.573923179648,-0.0120445641598,0.0,-0.00873919715246,0.00851670738695,-0.999925543292,0.0,0.660940359093,0.259912758545,0.303241089941,1.0,-0.00564,-0.00741257142857,0.283
0.464421269704,0.543202825474,-0.124007718848,-1.36304959321,0.0791938196905,1.89665687423,0.158310479855,-0.00448198926413,-0.0306422564379,-7.8307296694e-05,-0.052241884798,-0.00131620415939,0.0207131867763,-0.00524880005009,0.573979424165,0.818855666519,0.00194034715627,0.0,0.818811088607,-0.573919600261,-0.0120598719182,0.0,-0.00876185988637,0.00851105997069,-0.999925393052,0.0,0.660840769988,0.259775376408,0.303242811079,1.0,-0.00598,-0.00785942857143,0.3
0.46435048554,0.5426003654,-0.124005915235,-1.36400215649,0.0791371108912,1.89699997141,0.158185399196,-0.00326884035974,-0.0275129297417,0.00126802709852,-0.0500534728126,-0.0034532653059,0.0240667014641,-0.0128791096292,0.573971516534,0.818861221823,0.00193507193335,0.0,0.818816534205,-0.573911676948,-0.0120671984127,0.0,-0.00877096932629,0.00851086092762,-0.999925314883,0.0,0.660726710451,0.259638591474,0.303245216166,1.0,-0.00634,-0.00833257142857,0.318
0.464270821432,0.542034848674,-0.124013856809,-1.36487486403,0.0790851665179,1.89732495853,0.15804861935,-0.00835471128984,-0.0402599273285,-0.000484229345452,-0.0523341306518,-0.00386359854882,0.0230570837633,-0.0109404264065,0.573964959679,0.818865785356,0.00194872669022,0.0,0.818821304224,-0.573905088927,-0.0120568467739,0.0,-0.00875472369356,0.0085160304625,-0.999925413238,0.0,0.660630605777,0.259498837071,0.303258176952,1.0,-0.00666,-0.00875314285714,0.334
0.464197911533,0.541439765731,-0.124011379645,-1.36579343729,0.0790290737885,1.89766545661,0.157940909594,-0.00738870587678,-0.0359083349249,0.00345372059847,-0.0585016009364,-0.0040853075924,0.0191059508659,-0.00798551922459,0.573970743419,0.818861696924,0.00196313772915,0.0,0.818817391294,-0.573910797213,-0.0120508695559,0.0,-0.00874149785573,0.00852446199432,-0.999925457103,0.0,0.660523744531,0.259364915999,0.303271136692,1.0,-0.00698,-0.00917371428571,0.35
0.464106275041,0.54071382641,-0.124013985168,-1.36691845054,0.0789677698016,1.89807478328,0.157796424776,-0.00318464667875,-0.0399599121352,0.000307098781711,-0.063604214019,-0.00402498920252,0.0230536181202,-0.00809839723087,0.573975257117,0.818858504832,0.00197488798239,0.0,0.818814285002,-0.573915193578,-0.0120525581736,0.0,-0.00873608974353,0.00853510099501,-0.999925413612,0.0,0.660392541228,0.259196726377,0.303284395492,1.0,-0.00734,-0.00964685714286,0.368
0.464017986121,0.540019808597,-0.124019985639,-1.36795706401,0.0789060763653,1.89845545467,0.157677240197,-0.0064170644936,-0.0453445224401,-0.00105258576259,-0.071532398731,-0.0105106688583,0.0191599346426,-0.00927993858831,0.573995132461,0.818844499514,0.00200510045655,0.0,0.818800686427,-0.573934948571,-0.0120356809685,0.0,-0.00870472152439,0.00855036454295,-0.999925556774,0.0,0.660274469147,0.259036622524,0.30331371446,1.0,-0.00766,-0.0100674285714,0.384
0.463910365129,0.539276285505,-0.1240123111,-1.36910324813,0.0788368335666,1.89889506226,0.157534353254,-0.00540903982519,-0.0451474622521,0.0007957501724,-0.0657044098235,-0.00716529488901,0.0287794277973,-0.00839761847553,0.574005849067,0.818836907168,0.00203754726031,0.0,0.818793493078,-0.573945501318,-0.0120218181046,0.0,-0.00867463428511,0.00856908932856,-0.999925657951,0.0,0.660146677905,0.258862351282,0.30333136564,1.0,-0.008,-0.0105142857143,0.401
0.463814864581,0.538559996159,-0.124025738925,-1.37022271499,0.0787758915939,1.89933332671,0.157388572452,-0.00508053691024,-0.0436587474003,0.000189748140412,-0.0678095729516,-0.000818647459621,0.0299835794734,-0.00617687496897,0.574019828904,0.818827034795,0.00206640137062,0.0,0.818784028236,-0.573959388101,-0.0120034502311,0.0,-0.00864288549608,0.00858232012234,-0.999925819404,0.0,0.660025087243,0.258687912951,0.303342966806,1.0,-0.00832,-0.0109348571429,0.417
0.463697760878,0.537771841147,-0.124024161026,-1.37145159975,0.0787053494171,1.89981319076,0.157237238539,-0.00892518762052,-0.0492013276465,0.00364003084985,-0.0744264134057,-0.0105739480421,0.0335239338202,-0.0084448845391,0.574039788458,0.818812955267,0.00210058446833,0.0,0.818770379271,-0.573979186569,-0.0119877568633,0.0,-0.00861020463291,0.00860151136145,-0.999925936447,0.0,0.65989080056,0.258497159537,0.303356229926,1.0,-0.00866,-0.0113817142857,0.434
0.463583857727,0.536895371062,-0.124030420358,-1.37282462879,0.0786245299998,1.90031188879,0.15706743802,-0.0045760543469,-0.047852394357,0.00110920149356,-0.0790241074916,-0.00286499571903,0.0298482364604,-0.0107386599387,0.574054431227,0.818802685324,0.00210223608841,0.0,0.818760141438,-0.573993831164,-0.011985803229,0.0,-0.00860750304438,0.00860189618565,-0.999925956395,0.0,0.659741254145,0.258296054818,0.303365376379,1.0,-0.009,-0.0118285714286,0.451
0.46346118154,0.536039665232,-0.124035540605,-1.37415882242,0.0785475142856,1.90081010114,0.156903719034,-0.00374394147325,-0.052679771514,0.00011618848067,-0.0852073164524,-0.00842102356165,0.025016914741,-0.0153259393209,0.574075130341,0.818788130718,0.00211863648675,0.0,0.818745761161,-0.574014419788,-0.0119821265894,0.0,-0.00859486061614,0.00861343136175,-0.999925965845,0.0,0.659579891654,0.258077962102,0.303377300287,1.0,-0.00936,-0.0123017142857,0.469
0.463353226052,0.535257247512,-0.124045000685,-1.37540815965,0.0784813268168,1.90125760863,0.156744966036,-0.0112017406713,-0.0515807727814,-0.00255225710758,-0.0827899697563,-0.00287954005871,0.0288191068483,-0.0118495813159,0.574091012616,0.818777031056,0.00210464980186,0.0,0.818734403499,-0.574030282772,-0.011998245248,0.0,-0.00861592078432,0.00861139976028,-0.999925802099,0.0,0.659433299938,0.257882895263,0.303373902974,1.0,-0.00966,-0.012696,0.484
0.463220581198,0.534304191632,-0.124042907608,-1.37696884153,0.07839780382,1.90181637231,0.156557976616,-0.00458267017492,-0.0534256970012,4.55387569712e-05,-0.0867417178093,-0.000703326177207,0.027375371243,-0.0132359343661,0.574108192187,0.818765077697,0.00206835893994,0.0,0.818721814367,-0.574047451669,-0.0120358137853,0.0,-0.00866733470353,0.00860343552067,-0.999925426323,0.0,0.659245389733,0.257648300252,0.303351827113,1.0,-0.01002,-0.0131691428571,0.502
0.463099064236,0.533380992801,-0.124052058592,-1.37844619818,0.0783019909926,1.90236657925,0.156375277718,-0.0043340212953,-0.0557497494556,0.00052809085929,-0.0881246529615,-0.00531402080717,0.03610631911,-0.00731890131708,0.574117375635,0.818758670256,0.00205566906477,0.0,0.818715305546,-0.574056751651,-0.0120350009886,0.0,-0.00867385769884,0.00859267634547,-0.999925462275,0.0,0.659062687127,0.257408623491,0.303345912676,1.0,-0.01038,-0.0136422857143,0.52
0.462976959717,0.532485227221,-0.124052885335,-1.37988786114,0.0782378978959,1.90291411638,0.156197465838,-0.00683826377718,-0.0587618688809,-0.00146229792947,-0.0971123542695,-0.000293355490572,0.0303361967411,-0.00812888166126,0.574136481988,0.818745236593,0.00206990540004,0.0,0.81870187517,-0.574075613896,-0.0120489013628,0.0,-0.0086768654403,0.00861251509032,-0.999925265502,0.0,0.658906504535,0.257207907906,0.30334067489,1.0,-0.01068,-0.0140365714286,0.535
0.462844056552,0.531463097563,-0.124047596012,-1.38155632131,0.0781384021315,1.90351782978,0.155972811101,-0.00639586900013,-0.0493348598905,-8.99795608525e-05,-0.0929973227438,-0.00640580126348,0.0360014743255,-0.0122128216272,0.574121883945,0.818755561575,0.00203461716577,0.0,0.818711646586,-0.574061077466,-0.0120774990838,0.0,-0.00872069292273,0.00859988687178,-0.999924992917,0.0,0.658703234321,0.256963656296,0.303319172494,1.0,-0.01104,-0.0145097142857,0.553
0.4627099228,0.530435850446,-0.124047722689,-1.38320216617,0.0780354608672,1.90408309629,0.155761338963,-0.00425927399808,-0.0666093243188,-6.30324181338e-05,-0.0952933992187,-0.00662730269541,0.0225295796916,-0.0215898713418,0.574120280453,0.818756800464,0.00198800570354,0.0,0.81871221336,-0.57405961503,-0.0121085501904,0.0,-0.00877289292869,0.00857953396353,-0.999924711139,0.0,0.658498965242,0.256715081744,0.303308626958,1.0,-0.01138,-0.0149565714286,0.57
0.462576699968,0.529468520268,-0.124051766704,-1.38474280137,0.077940417377,1.90466444873,0.155554100653,-0.00784888959878,-0.0607095131885,0.00410748239782,-0.0965432413285,-0.00663853193324,0.0350778702128,-0.014954675675,0.57412076357,0.81875645306,0.00199155990307,0.0,0.818711941183,-0.574060110679,-0.0121034537406,0.0,-0.00876667454169,0.00857952316001,-0.99992476577,0.0,0.658320703873,0.256478901106,0.303307252597,1.0,-0.0117,-0.0153771428571,0.586
0.462433974349,0.528377258596,-0.124052560747,-1.38644568657,0.0778309382743,1.90531214624,0.155320693022,-0.00870775375013,-0.0646348190376,-0.00102421681589,-0.101743416135,-0.00835672215053,0.0323235570862,-0.0134566893262,0.574110023975,0.81876392007,0.00201753923834,0.0,0.818719812791,-0.574049323235,-0.0120826130374,0.0,-0.00873480875299,0.00858871396748,-0.999924965739,0.0,0.65812303996,0.25622292034,0.303321321517,1.0,-0.01204,-0.015824,0.603
0.46228653176,0.527243044244,-0.124053275862,-1.38819825313,0.0777223773234,1.90598920791,0.155078814535,-0.0104526672789,-0.0698395839482,0.000234002557777,-0.106567831379,-0.00261453454896,0.0469660312546,-0.0182276167534,0.574098946265,0.818771569613,0.00206484665702,0.0,0.818728126637,-0.574038089153,-0.0120529563232,0.0,-0.00868348452183,0.00861030333485,-0.999925227091,0.0,0.657921361795,0.25596071052,0.303344249252,1.0,-0.01238,-0.0162708571429,0.62
0.46215493127,0.526223243962,-0.124055667616,-1.38978079904,0.0776287119941,1.90658289539,0.154856065316,-0.00940543382123,-0.0653559232412,-0.000123173661493,-0.107306295902,-0.00845377750767,0.043663856336,-0.0181076279292,0.57408708197,0.818779811866,0.00209496944003,0.0,0.818736718599,-0.574026054707,-0.012042468048,0.0,-0.00865772936846,0.0086288198778,-0.999925290804,0.0,0.65772056134,0.2557060862,0.303364101061,1.0,-0.0127,-0.0166914285714,0.636
0.461989103267,0.524974149799,-0.124058863864,-1.391734567,0.0774930067765,1.90728215593,0.154604871856,-0.00924835523692,-0.0715889229405,0.00017540955642,-0.111418809502,-0.0125805006974,0.0415459053991,-0.0077366310672,0.574087021101,0.81877990017,0.00207706085362,0.0,0.818736706396,-0.574026202551,-0.0120362488427,0.0,-0.00866291805963,0.0086105859861,-0.999925403047,0.0,0.657499117591,0.255422530333,0.303369537044,1.0,-0.01304,-0.0171382857143,0.653
0.461829318222,0.523795800397,-0.124065591854,-1.39361637069,0.0773829672413,1.90796649274,0.154336600084,-0.00621894765439,-0.0700121679284,0.00164482242969,-0.108444282207,-0.00961942299874,0.0412246607609,-0.0115808533875,0.574074380739,0.818788803174,0.0020610864898,0.0,0.818745342856,-0.574013574288,-0.0120510159847,0.0,-0.00868431253215,0.00860585019274,-0.999925258236,0.0,0.657272613089,0.255134320943,0.303361973031,1.0,-0.01338,-0.0175851428571,0.67
0.461675225851,0.522626074597,-0.124064150459,-1.39543400353,0.077267849214,1.90867340872,0.154102154622,-0.0126908272599,-0.0713626061423,0.000801317006803,-0.116747349376,-0.00843284803161,0.0453932806596,-0.00865327963157,0.574074137109,0.818788856578,0.00210721324924,0.0,0.818746061952,-0.574013198249,-0.0120200322582,0.0,-0.00863246645388,0.0086258282701,-0.999925535032,0.0,0.657061877769,0.254862842936,0.303380235589,1.0,-0.0137,-0.0180057142857,0.686
0.461507945351,0.521387456969,-0.124070931937,-1.39741823932,0.0771509439388,1.90944769061,0.153823099227,-0.00866269814021,-0.0725777632455,0.000184738537017,-0.119113238338,-0.00421199851023,0.0451925441238,-0.0175878003308,0.57406233662,0.818797073375,0.00212913314603,0.0,0.818754587617,-0.574001330114,-0.0120060478497,0.0,-0.00860855732577,0.00863562367567,-0.999925656609,0.0,0.65683185272,0.254563340823,0.303373444577,1.0,-0.01404,-0.0184525714286,0.703
0.461327921583,0.520022349083,-0.124080127669,-1.39956816965,0.0770164043399,1.91022811158,0.153528963456,-0.0147915028224,-0.0748779434584,-0.000554492900411,-0.12178370773,-0.0130276363563,0.0374957877702,-0.0256654137936,0.574053646895,0.818803186605,0.00212108323424,0.0,0.818760615782,-0.573992695204,-0.0120077806974,0.0,-0.00861468867616,0.00862993586844,-0.999925652909,0.0,0.656571294526,0.25423372954,0.303376827271,1.0,-0.0144,-0.0189257142857,0.721
0.461174422316,0.518830726678,-0.124078701593,-1.40141393719,0.0768981775863,1.91088154098,0.153289804877,-0.0105615901312,-0.0806361210312,0.00216891322406,-0.12937640428,-0.0117999002061,0.0415207796662,-0.0243465348618,0.574048469027,0.818806823028,0.00211864855062,0.0,0.818764195992,-0.573987503717,-0.012011820804,0.0,-0.00861944898956,0.00863020707811,-0.999925609545,0.0,0.656341925401,0.253955636807,0.303391418096,1.0,-0.0147,-0.01932,0.736
0.460989898054,0.517395390472,-0.124085379149,-1.40366479776,0.0767554947543,1.91168218709,0.152988540174,-0.0129715476555,-0.0833567719679,0.000729422617408,-0.124145632225,-0.00468217209026,0.0455378983895,-0.0142058477738,0.574038215138,0.81881405434,0.00210211262089,0.0,0.818771208098,-0.573977317248,-0.0120206063133,0.0,-0.00863624270278,0.0086216026757,-0.999925538867,0.0,0.656062859434,0.253613668834,0.303396902254,1.0,-0.01506,-0.0197931428571,0.754
0.46080683367,0.516042482562,-0.124090444668,-1.40580889597,0.0766209713987,1.91249553329,0.152687354119,-0.0121406282543,-0.0779369314866,0.001604577634,-0.128497681412,-0.00979910652119,0.0541224431259,-0.0181040292016,0.574022287562,0.818825184692,0.00211593902968,0.0,0.818782568517,-0.573961383194,-0.012007622398,0.0,-0.0086178422557,0.00862530293444,-0.999925665709,0.0,0.655807447573,0.253287370559,0.303396011719,1.0,-0.0154,-0.02024,0.771
0.460639062397,0.514743996403,-0.124096181806,-1.40789936146,0.0764918999445,1.91326765381,0.152389871212,-0.0123856307023,-0.0865659134799,0.000623116459816,-0.136789997661,-0.00713614762421,0.0477188325206,-0.0192636939585,0.573995573456,0.81884396384,0.00209557577708,0.0,0.818801076111,-0.573934752238,-0.0120185204514,0.0,-0.00863873548396,0.00861460309776,-0.999925577662,0.0,0.655550290617,0.252974516515,0.303378562562,1.0,-0.01572,-0.0206605714286,0.787
0.460440239282,0.513346213151,-0.12409502223,-1.41016223003,0.076355406905,1.91404656649,0.152092780541,-0.0122848696915,-0.0830060200904,0.000762096197314,-0.132222578301,-0.00450597487172,0.0376471713117,-0.0214950003762,0.573996073873,0.818843792789,0.0020241268475,0.0,0.818799812779,-0.573935399607,-0.0120735484478,0.0,-0.00872480013179,0.00858768943016,-0.999925061919,0.0,0.65526199466,0.2526255612,0.303348631928,1.0,-0.01606,-0.0211074285714,0.804
0.460229787633,0.511826616667,-0.12410253382,-1.41258628336,0.0762145869642,1.91491619787,0.151745080273,-0.0163280200059,-0.0895844098774,0.000692330129678,-0.138655803525,-0.00163561573287,0.0461216303689,-0.0187069728404,0.573977976589,0.818856545237,0.00199690119255,0.0,0.818812086109,-0.573917301767,-0.0121014575723,0.0,-0.0087634703196,0.00858122217746,-0.999924779278,0.0,0.65496086568,0.252251885024,0.303334982867,1.0,-0.01642,-0.0215805714286,0.822
0.460053252398,0.510539562821,-0.12410638115,-1.41464204341,0.076082502931,1.91571051472,0.151451564553,-0.0137121403989,-0.0919283835629,-0.000832058729499,-0.133346575197,-0.00631735381185,0.0455582831344,-0.0152253192095,0.573956865175,0.818871306519,0.002011760481,0.0,0.818827126951,-0.573896212059,-0.0120839089336,0.0,-0.00874079286405,0.00858309179648,-0.999924961722,0.0,0.654715632757,0.251939532091,0.30332666519,1.0,-0.01672,-0.0219748571429,0.837
0.459832200219,0.508863294457,-0.124115273699,-1.41729024658,0.0759135654754,1.91667137436,0.151080071364,-0.01119977462,-0.0908939650604,-0.000116954543387,-0.139133840766,-0.00677255606965,0.0536780159744,-0.0221063465645,0.573932098525,0.818888702626,0.00199647090831,0.0,0.818844346252,-0.573871537524,-0.0120889177464,0.0,-0.00875392887999,0.00857318190714,-0.999924931823,0.0,0.654385877279,0.251535394397,0.303322887834,1.0,-0.0171,-0.0224742857143,0.856
0.459637388143,0.507441460167,-0.12411163491,-1.41953615988,0.0757763172753,1.91747882865,0.150762950289,-0.0116662071153,-0.095222084535,0.000525217903049,-0.145640206045,-0.0051428557564,0.0466140714391,-0.0314590559964,0.573908672303,0.818905151733,0.0019837392815,0.0,0.818860526028,-0.573848069194,-0.0121069937218,0.0,-0.00877628354497,0.00857287953851,-0.99992473846,0.0,0.65410277521,0.251194928193,0.303318342172,1.0,-0.01742,-0.0228948571429,0.872
0.459421723253,0.505876818477,-0.124116389687,-1.42197383154,0.0756242494213,1.91838517449,0.150438570253,-0.01096282511,-0.101673505324,0.00101015571829,-0.141868380868,-0.00467520850287,0.0542553761665,-0.0205378349199,0.573908031644,0.818905539352,0.00200891365076,0.0,0.818861254534,-0.573847330291,-0.0120927350835,0.0,-0.00875016647832,0.00858530463497,-0.999924860743,0.0,0.653804268234,0.250819407991,0.303330687249,1.0,-0.01776,-0.0233417142857,0.889
0.459208190042,0.504316359216,-0.124122419851,-1.42430887491,0.0754764334091,1.91928698276,0.150114683238,-0.0143933714394,-0.0989957335214,0.00122069402304,-0.148431716689,-0.00542212766451,0.0605085696634,-0.0229007514099,0.573902488399,0.818909162442,0.00211290769195,0.0,0.818866340429,-0.57384144564,-0.0120274136741,0.0,-0.00863705154373,0.00863291783634,-0.999925434255,0.0,0.653527917596,0.250457074471,0.303387938707,1.0,-0.01808,-0.0237622857143,0.905
0.458947623889,0.502450602607,-0.124125853396,-1.42707425066,0.0752976111704,1.92032796115,0.149728790606,-0.0121257403302,-0.102471407285,0.00119243046308,-0.145802451498,-0.00452936606158,0.0550667677853,-0.0222977468549,0.573895833926,0.818913518962,0.00222871382629,0.0,0.818872307768,-0.573834412954,-0.0119564619003,0.0,-0.00851255949211,0.00868696295832,-0.999926033767,0.0,0.653195745379,0.250023067257,0.303464879823,1.0,-0.01846,-0.0242617142857,0.924
0.45876483435,0.501142879361,-0.124134444139,-1.42904214777,0.0751698905093,1.92101650846,0.149448361463,-0.0144879812491,-0.102974472753,0.000544867582248,-0.158390149723,-0.0150440786456,0.0510876006023,-0.0248882813822,0.573884427442,0.81892143046,0.00225866649266,0.0,0.818880575558,-0.573822851375,-0.0119450875133,0.0,-0.00848617709146,0.00870484542108,-0.999926102502,0.0,0.652926548808,0.249688956681,0.303508391051,1.0,-0.01874,-0.0246297142857,0.938
0.458477558652,0.49913049076,-0.124126661941,-1.43210486865,0.0749814844655,1.92213249158,0.149010511798,-0.0139831669603,-0.0981958226007,0.001284100386,-0.151935497841,-0.00504479750647,0.0577932335548,-0.0272515320231,0.573863949186,0.818935639125,0.00230947950201,0.0,0.81889539149,-0.573802114798,-0.0119255084133,0.0,-0.00844120215134,0.00873500965107,-0.999926220135,0.0,0.652565523741,0.249234227671,0.303543431573,1.0,-0.01912,-0.0251291428571,0.957
0.458252534155,0.497660266618,-0.124132344852,-1.43443270931,0.074837797459,1.92299752292,0.148674402797,-0.0130065772992,-0.0933169600324,0.000454039206791,-0.153939606237,-0.00739755284379,0.0538522545193,-0.0186640173849,0.573852709947,0.818943525923,0.00230554467179,0.0,0.818903190058,-0.573790854512,-0.0119317849307,0.0,-0.0084487202384,0.00873527318461,-0.999926154338,0.0,0.652258554308,0.248839060386,0.303529670735,1.0,-0.01944,-0.0255497142857,0.973
0.457989014888,0.495975768581,-0.124129998179,-1.43712316496,0.074670382394,1.92393689881,0.148270173598,-0.014920290521,-0.0991832817086,5.17954299816e-05,-0.158599222639,-0.0110523433201,0.0520770075716,-0.0186005431736,0.573830241127,0.818959402448,0.00225796619868,0.0,0.818918321871,-0.573768452788,-0.011970446508,0.0,-0.00850792375085,0.0087182619499,-0.999925800818,0.0,0.65193436255,0.248432405166,0.303510480596,1.0,-0.01976,-0.0259702857143,0.989
0.457731480757,0.494406240163,-0.124134474866,-1.43970418646,0.0745083479519,1.92483428322,0.147916674856,-0.014960764818,-0.0991942636446,-0.00145787169748,-0.156340012909,-0.00418975451456,0.0599091207354,-0.0317726806746,0.573840946345,0.8189521698,0.00215842054857,0.0,0.818909671528,-0.573779448432,-0.012035004618,0.0,-0.00861780171302,0.00867389690111,-0.999925245709,0.0,0.651602752234,0.2480114688,0.303453271262,1.0,-0.0224691428571,-0.0295308734694,1.005
0.457403594039,0.491957986116,-0.12421581862,-1.44339522466,0.0742998211015,1.9262118673,0.147383250826,-0.0201291656489,-0.154858713228,-0.00502414146678,-0.235126936792,-0.0112106893679,0.0896247838593,-0.0320211667632,0.573860496859,0.818938177817,0.00226670680977,0.0,0.818897264759,-0.57379872401,-0.0119599747608,0.0,-0.00849400999818,0.00871972494688,-0.999925906351,0.0,0.651156347225,0.247404627155,0.303522326889,1.0,-0.0336702857143,-0.0442523755102,1.023
0.456982005851,0.488859243159,-0.124246928616,-1.4483584691,0.074031886741,1.92808186529,0.146626833573,-0.0294485756283,-0.201038046914,-0.00419694330844,-0.318347178154,-0.0170546086213,0.110863099224,-0.0526361237881,0.573785214762,0.818990881751,0.00228250540136,0.0,0.818949895359,-0.57372310015,-0.0119841623743,0.0,-0.0085055573933,0.00874576112426,-0.999925580809,0.0,0.650527787067,0.246648010884,0.303478176835,1.0,-0.0442491428571,-0.0581560163265,1.04
0.456378922602,0.484772741173,-0.124334373915,-1.45475960028,0.0736572128675,1.9304972209,0.145670840344,-0.039805082833,-0.262429809645,-0.00875013011656,-0.398622080137,-0.0253130134551,0.145164836063,-0.0610836013844,0.573775923729,0.818997176568,0.00235818229294,0.0,0.81895731293,-0.573713645953,-0.0119297505095,0.0,-0.0084176726896,0.00877642322579,-0.999926055857,0.0,0.64974068763,0.245603212687,0.303481964013,1.0,-0.054828,-0.0720596571429,1.057
0.455614819734,0.479815819121,-0.124471498107,-1.46263075855,0.0731828838648,1.93322286272,0.144475899456,-0.0459104202733,-0.317800160985,-0.00606021508164,-0.49379823756,-0.0297175227963,0.170157069785,-0.0764876250092,0.573779334784,0.818995272992,0.00218281762929,0.0,0.818953096091,-0.573717745321,-0.012021730694,0.0,-0.00859358485597,0.00868561312123,-0.999925352426,0.0,0.648724980646,0.244268496231,0.303413992075,1.0,-0.0654068571429,-0.0859632979592,1.074
0.454808100046,0.474648067447,-0.124587687442,-1.47066633949,0.0726977110145,1.93607270022,0.143322558066,-0.0556943920172,-0.356761393989,-0.0106782916361,-0.5657399262,-0.039458320078,0.202790599232,-0.0784059688081,0.573847979877,0.818947256174,0.00215278827573,0.0,0.818904768097,-0.573786588987,-0.012028216324,0.0,-0.00861539958681,0.00866546305977,-0.999925339533,0.0,0.647626400079,0.242803072155,0.303414874534,1.0,-0.0753634285714,-0.099049077551,1.09
0.453656178906,0.467590848055,-0.124701148884,-1.48145337526,0.0720633663379,1.94006339791,0.141640269917,-0.0643364271129,-0.40962906633,-0.00584275325395,-0.620085937443,-0.0433131911188,0.235694599811,-0.108827093066,0.573830881728,0.818958602044,0.00238206072921,0.0,0.818918943551,-0.573768391187,-0.0119308033918,0.0,-0.00840424472242,0.00879714745821,-0.999925986695,0.0,0.646335503843,0.241082899939,0.303508344205,1.0,-0.0859422857143,-0.112952718367,1.107
0.45230044144,0.45962704803,-0.12475116529,-1.4937682008,0.0712837306859,1.94443282036,0.139732387243,-0.0841398144265,-0.459986339438,-0.00672284004749,-0.704466544798,-0.0419368313217,0.251656144442,-0.105139714483,0.573780978432,0.818993522219,0.00239713463103,0.0,0.818953724542,-0.573718082572,-0.011962679025,0.0,-0.00842223929989,0.00882726996225,-0.999925569825,0.0,0.644714127906,0.238999841325,0.303515139864,1.0,-0.0971434285714,-0.127674220408,1.125
0.451092270906,0.452794696146,-0.124864305175,-1.50438366491,0.0705881893659,1.94802345243,0.138072793326,-0.0900148037403,-0.510866933174,-0.00319536905327,-0.741929286019,-0.0466234785082,0.262852007096,-0.126795871001,0.573792906982,0.81898565949,0.00222178925383,0.0,0.818943533942,-0.573730688766,-0.0120553673778,0.0,-0.00859862987365,0.00873697244942,-0.999924861615,0.0,0.643184652008,0.236987251884,0.303477850774,1.0,-0.106477714286,-0.139942138775,1.14
0.44930499953,0.442522369283,-0.124994721133,-1.51982617653,0.0695500957805,1.95363490648,0.135689398497,-0.0958602816216,-0.539818919115,-0.000663753342599,-0.844247002917,-0.0476604138874,0.301178277916,-0.125518950811,0.573812628602,0.818970891055,0.002548286241,0.0,0.81893349321,-0.573749598855,-0.0118354727326,0.0,-0.00823098791337,0.00887839160904,-0.999926709814,0.0,0.641256724724,0.234431545223,0.303652389924,1.0,-0.117678857143,-0.154663640816,1.158
0.44758415084,0.43313609798,-0.125065692827,-1.53399516061,0.068604223612,1.95855027479,0.133368074673,-0.109702086937,-0.611452559708,-0.00778040592002,-0.884970153963,-0.0660549842351,0.333247046235,-0.153664590711,0.57373636959,0.819023985636,0.00265255803099,0.0,0.818987732629,-0.57367273011,-0.0118084475282,0.0,-0.00814985846132,0.00894752057028,-0.999926758159,0.0,0.639318633256,0.231929221559,0.303746094279,1.0,-0.127635428571,-0.167749420408,1.174
0.445462411585,0.421859870561,-0.125177751334,-1.55106159275,0.0673997666881,1.96453239989,0.130530295744,-0.124485275439,-0.635468643292,-0.00793433699042,-0.976546016837,-0.0696630062163,0.341346503196,-0.162217997278,0.573629936612,0.819098161996,0.00276473118687,0.0,0.8190637475,-0.573566329653,-0.0117042693336,0.0,-0.00800134283,0.00897858322825,-0.999927679163,0.0,0.636968257395,0.228871557978,0.303816809285,1.0,-0.138836571429,-0.182470922449,1.192
0.443486392721,0.411816061114,-0.125295979431,-1.56604634831,0.0663174186503,1.96982799549,0.128070678344,-0.13175389781,-0.690589223427,-0.00805643790436,-1.02267677517,-0.0734033315903,0.372171197311,-0.175756838162,0.573643682329,0.819087678969,0.00300778782818,0.0,0.819057065898,-0.57358001558,-0.0114993665894,0.0,-0.00769393063198,0.00906026330633,-0.999929355035,0.0,0.634904970854,0.226113438648,0.303953537951,1.0,-0.148170857143,-0.194738840816,1.207
0.440843935301,0.399133241876,-0.125414230343,-1.58520129779,0.0650462442607,1.97626162544,0.124847458083,-0.151101424788,-0.728419691874,-0.00753173648744,-1.06593496747,-0.0762931906771,0.374896492865,-0.18347322972,0.573677023963,0.81906438016,0.0029933644865,0.0,0.819032668903,-0.573612330194,-0.0116244922432,0.0,-0.00780432701311,0.00912054301825,-0.999927951492,0.0,0.632150288497,0.222542259593,0.303958141314,1.0,-0.159372,-0.209460342857,1.225
0.438429827668,0.387990768146,-0.125535730806,-1.60197519017,0.0637978292339,1.98197831208,0.121969799147,-0.161580523105,-0.756787184665,-0.0101978689417,-1.14444471892,-0.0869733524066,0.378762345538,-0.190328338111,0.573689617823,0.819055515541,0.00300528956071,0.0,0.819024322336,-0.573625309097,-0.0115719958377,0.0,-0.0077543461587,0.00910031432471,-0.999928524643,0.0,0.629733014172,0.21934078486,0.303961072035,1.0,-0.168706285714,-0.221728261224,1.24
0.435302444777,0.373876037392,-0.125688022148,-1.62299575981,0.0622265759277,1.98898427431,0.118164113739,-0.18290549942,-0.79599449148,-0.011087268271,-1.18734890348,-0.0847274672943,0.396731850801,-0.209611177106,0.573590628737,0.819124736898,0.00303363290632,0.0,0.819094057888,-0.573526415291,-0.0115378592992,0.0,-0.00771122582177,0.00910301391833,-0.999928833535,0.0,0.626625524417,0.215276895634,0.304007139224,1.0,-0.179907428571,-0.236449763265,1.258
0.431985430739,0.359916080926,-0.125866849247,-1.64365981435,0.0606439695943,1.99580691873,0.114499732445,-0.203531996157,-0.857479392729,-0.00700634926771,-1.23292874263,-0.0930381597819,0.415624571268,-0.222201092696,0.573729463322,0.819027380579,0.00306588957669,0.0,0.81899743235,-0.573665502382,-0.0114823378074,0.0,-0.00764570117652,0.00909888638087,-0.999929374266,0.0,0.623539939054,0.211129256056,0.30405405113,1.0,-0.190486285714,-0.250353404082,1.275
0.428556632199,0.346305114489,-0.126054256367,-1.66388463671,0.0591141271099,2.00226586308,0.110652795859,-0.221427218038,-0.875676800122,-0.00817871683104,-1.26683341556,-0.0985708829344,0.416185755719,-0.244191876522,0.573783259576,0.818990288626,0.00290259667398,0.0,0.818957823314,-0.573719343921,-0.0116165805682,0.0,-0.00784874192553,0.0090426778172,-0.999928311044,0.0,0.620436631859,0.206964867279,0.303999350676,1.0,-0.200442857143,-0.263439183673,1.291
0.424717195128,0.331243323536,-0.126188771227,-1.68605157178,0.0574166639273,2.00942943631,0.106455233333,-0.22318938887,-0.905830223557,-0.00791621571224,-1.32064071262,-0.0980418269474,0.413376033007,-0.254157049147,0.573824823556,0.81896108643,0.00292535232372,0.0,0.818928465917,-0.573760306719,-0.011662977576,0.0,-0.00787322532415,0.00908833531906,-0.999927704629,0.0,0.616971351044,0.202428496304,0.30398360049,1.0,-0.211021714286,-0.27734282449,1.308
0.419908781742,0.312749276781,-0.126342823798,-1.71286770908,0.055172241366,2.01794766305,0.101122976959,-0.24581047524,-0.906631934503,-0.00431467281395,-1.3649093547,-0.10736234103,0.41508535757,-0.277802532368,0.573670525846,0.819068963672,0.00298453115104,0.0,0.819037644379,-0.573606453975,-0.0115637342144,0.0,-0.00775969886712,0.00907839163822,-0.999928682396,0.0,0.612672659074,0.196860630631,0.304047833226,1.0,-0.223467428571,-0.29370004898,1.328
0.416524266139,0.300230687813,-0.126449501167,-1.73082044417,0.0536605008863,2.02361094644,0.0974063619713,-0.265078988247,-0.960379617628,-0.00836939784804,-1.39588199311,-0.117636178742,0.429773153895,-0.289880094763,0.573547047829,0.819154942803,0.00311616904168,0.0,0.819125621206,-0.573482928687,-0.0114583633095,0.0,-0.00759925150224,0.00912462002837,-0.999929493857,0.0,0.60974831046,0.193059996785,0.30412479439,1.0,-0.231557142857,-0.304332244898,1.341
0.411733198687,0.283488034276,-0.126614031513,-1.75477402285,0.0517087847057,2.03092540872,0.0924297301417,-0.289228773525,-0.976635588646,-0.0131879734619,-1.42728544053,-0.117690874776,0.433333544965,-0.29880599029,0.573590258104,0.819124422992,0.00318470832293,0.0,0.819095351323,-0.573525155964,-0.0115085976094,0.0,-0.00760060937389,0.00920997657638,-0.999928700993,0.0,0.605757126339,0.187848639031,0.304167426177,1.0,-0.242136,-0.318235885714,1.358
0.406542341491,0.266204449432,-0.126799774182,-1.77935796188,0.0495965222151,2.03826475293,0.087070489127,-0.313893325869,-1.01498762666,-0.00332783606137,-1.45362449687,-0.129449984514,0.425458423716,-0.315023659974,0.573573688502,0.819136098329,0.00316593967947,0.0,0.819106481013,-0.573508281307,-0.0115572892884,0.0,-0.00765144754474,0.00922237631551,-0.999928198985,0.0,0.60157288674,0.182357578832,0.304181678524,1.0,-0.252714857143,-0.332139526531,1.375
0.401234409118,0.24946107698,-0.127034055084,-1.80297165198,0.0474576720901,2.04523706587,0.0818318526977,-0.336575523778,-1.05475037841,-0.00988854236441,-1.49931964856,-0.133845743282,0.432333508911,-0.330159828803,0.573699743559,0.819047856513,0.00315592825432,0.0,0.819018486156,-0.573634805063,-0.0115141936858,0.0,-0.00762047208661,0.00919063049423,-0.999928727818,0.0,0.597502775699,0.176897715677,0.304201536289,1.0,-0.262671428571,-0.345225306122,1.391
0.395290644643,0.231164526172,-0.127220711568,-1.82844060936,0.0451615795873,2.05262838564,0.0758896155409,-0.353370525275,-1.10504582932,-0.00865455592954,-1.51133983128,-0.137469577334,0.456119367227,-0.357652134834,0.573670868524,0.819067578604,0.00328377632605,0.0,0.819039723866,-0.57360537594,-0.0114695389742,0.0,-0.00751088036906,0.00926946210612,-0.999928829342,0.0,0.592995606415,0.170984439292,0.304270743377,1.0,-0.273250285714,-0.359128946939,1.408
