position_joint1,position_joint2,position_joint3,position_joint4,position_joint5,position_joint6,position_joint7,velocity_joint1,velocity_joint2,velocity_joint3,velocity_joint4,velocity_joint5,velocity_joint6,velocity_joint7,ee_T_00,ee_T_10,ee_T_20,ee_T_30,ee_T_01,ee_T_11,ee_T_21,ee_T_31,ee_T_02,ee_T_12,ee_T_22,ee_T_32,ee_T_03,ee_T_13,ee_T_23,ee_T_33,v_x,v_y,time
0.465076549261,0.547782043128,-0.124009758424,-1.35582947967,0.0794915943637,1.89411560946,0.159165551829,-0.000550921577711,0.00133567926228,-0.00214262624858,0.000657063620987,8.21653070687e-06,6.64089500302e-06,0.000361221402338,0.57382114115,0.818966573112,0.00194858821867,0.0,0.818923615275,-0.573762775479,-0.011880097683,0.0,-0.00861154130196,0.00841295809368,-0.99992752912,0.0,0.661685471485,0.260880150277,0.303217444096,1.0,0.0,0.0,0.0
0.465076181101,0.547779350614,-0.124011924824,-1.35582947967,0.0794912005109,1.89411474233,0.159163669074,0.000213482078905,-0.000788047619287,-0.00215539677487,0.000388594542828,-0.000280683422972,-8.33291804391e-05,0.000610084274759,0.573821299354,0.818966460034,0.00194952507207,0.0,0.818923527908,-0.573762943017,-0.0118780285074,0.0,-0.00860930747191,0.00841253966911,-0.999927551876,0.0,0.661685985803,0.260878565963,0.303219347193,1.0,-0.00028,-0.000368,0.015
0.465078620329,0.547771682086,-0.124004129494,-1.35583832892,0.079492385257,1.89411489931,0.159160516501,0.000511244210359,-0.00170210984845,0.000662570932865,-0.00266635248744,0.000267738981697,-3.73722185824e-05,-0.00167215406088,0.573812058101,0.818972929718,0.00195173453183,0.0,0.818929966127,-0.573753634949,-0.0118837646978,0.0,-0.00861283263226,0.00841754343708,-0.999927479409,0.0,0.661681697995,0.260883944153,0.303220325533,1.0,-0.0006,-0.000788571428571,0.031
0.46507267738,0.547743922017,-0.124006964026,-1.35586006195,0.0794925224317,1.89411880826,0.159162811862,-0.000321056816494,-0.000689154894623,0.000716388221443,-0.00116860223204,0.000219488655326,-0.000133615295872,0.000948451130924,0.573820047452,0.818967333629,0.00195102330359,0.0,0.818924354203,-0.573761619825,-0.0118849741787,0.0,-0.00861414917149,0.00841773901369,-0.999927466421,0.0,0.661676642567,0.260876424822,0.303227124603,1.0,-0.00096,-0.00126171428571,0.049
0.465074757126,0.547646143262,-0.124005084423,-1.35597986126,0.0794885868319,1.89413815077,0.159155748358,0.000901206770089,-0.00338178420858,0.000418866486987,-0.0103647774208,-0.000118029076763,0.00292278727905,-0.0010234802599,0.573818644889,0.818968289482,0.00196226938416,0.0,0.818925387242,-0.573760103429,-0.0118869989496,0.0,-0.00860936906904,0.00842809611131,-0.999927420346,0.0,0.661658649534,0.260866648937,0.303243938594,1.0,-0.00128,-0.00168228571429,0.065
0.465062795647,0.54750578739,-0.124004165821,-1.356173703,0.0794890541398,1.8941827784,0.15915724281,-0.00128383213115,-0.0081566044622,-0.000550724173123,-0.0107898793372,0.000371616716012,0.000690525867851,-0.000520863564,0.573839789885,0.818953472244,0.0019628413517,0.0,0.818910427068,-0.573781096281,-0.0119043223662,0.0,-0.00862301089362,0.0084387275666,-0.999927213131,0.0,0.661629698136,0.260841204495,0.303254949768,1.0,-0.00162,-0.00212914285714,0.082
0.465038282977,0.547354281877,-0.124007318342,-1.35638525765,0.0794858211123,1.89428743381,0.159153528341,-0.00102619001131,-0.00837384746094,0.000385903516438,-0.0140920062619,5.42536540991e-05,0.00471580527154,0.000681338544001,0.573870175394,0.818932079914,0.00200429106072,0.0,0.81888954103,-0.573811274672,-0.0118864440553,0.0,-0.00858427081842,0.00846273165542,-0.999927343594,0.0,0.661613367889,0.260806630897,0.303270765634,1.0,-0.00196,-0.002576,0.099
0.465018782212,0.54715772984,-0.124002028629,-1.35661418913,0.0794848567594,1.89441401809,0.159137324272,-0.00211627734543,-0.0102582359905,0.000778025179737,-0.016094823935,0.000315834249055,0.00305392545999,7.99844296783e-06,0.573881944135,0.818923612573,0.00209233521402,0.0,0.818882135675,-0.573822602301,-0.0118497199136,0.0,-0.00850354992188,0.00851388014862,-0.999927599121,0.0,0.661595240775,0.260780654138,0.303311841849,1.0,-0.0023,-0.00302285714286,0.116
0.464991773998,0.546960053114,-0.124007318343,-1.35685667889,0.0794800661444,1.89452755629,0.159119777029,-0.00267103484136,-0.0137419966068,-0.00480192946562,-0.0186140936547,-0.000194117117282,0.000904108913564,-0.000646699279574,0.573905781128,0.818906745344,0.00215492924734,0.0,0.818866056312,-0.573846161569,-0.0118199650581,0.0,-0.00844301379292,0.00854830927541,-0.999927818358,0.0,0.661576018969,0.260740480531,0.303346463131,1.0,-0.0026,-0.00341714285714,0.131
0.464950473279,0.546715502979,-0.12400453427,-1.35724083055,0.0794731679185,1.89465822846,0.159085955603,-0.000876217715989,-0.017235186919,0.000478744622447,-0.0251900442349,9.05093701325e-05,0.00460362141358,0.000316383434733,0.573929561666,0.818890073363,0.0021570568984,0.0,0.818849236198,-0.573869752793,-0.0118398525452,0.0,-0.00845783084974,0.0085617106146,-0.999927578482,0.0,0.66153091949,0.260680133495,0.303348061399,1.0,-0.00296,-0.00389028571429,0.149
0.464917464176,0.546428469186,-0.124008344464,-1.35764451676,0.079463552761,1.89481530726,0.158940153939,0.000233411994838,-0.0165861503196,-0.000280471994279,-0.0213916826287,-0.000303095753932,0.00672552727816,-0.00808598205174,0.573859902439,0.818938776031,0.00220008801816,0.0,0.81889838795,-0.573799820257,-0.0118297669965,0.0,-0.00842560701455,0.00859044285857,-0.999927604098,0.0,0.661487208799,0.260621055141,0.303372940106,1.0,-0.0033,-0.00433714285714,0.166
0.464878452816,0.546154674128,-0.124010250596,-1.35809417063,0.0794530437062,1.89496633022,0.158923900584,-0.00138919671273,-0.0207620292519,-0.000783903923698,-0.0283144920011,-0.00219929517778,0.0137822885305,-0.00490401390363,0.573902163376,0.818909195257,0.0021871663992,0.0,0.818868478557,-0.573841963467,-0.0118559137459,0.0,-0.00845399168931,0.00859530165545,-0.999927322766,0.0,0.661432529414,0.260552912835,0.303365956217,1.0,-0.00362,-0.00475771428571,0.182
0.464825282925,0.545815977681,-0.124005225252,-1.35867100832,0.0794282317261,1.89517043779,0.158866937591,-0.00168810427863,-0.0209174890607,-4.32407825225e-05,-0.0328193221426,-0.00124812143591,0.0108156509787,-0.00535875475022,0.573921208813,0.818895909263,0.00216397031112,0.0,0.818854756941,-0.573860963379,-0.0118839659683,0.0,-0.00849007649008,0.00859260293139,-0.999927040226,0.0,0.661363802919,0.260466461623,0.303348727719,1.0,-0.00398,-0.00523085714286,0.2
0.464764864686,0.545452873332,-0.124008549359,-1.35928239711,0.0793326523774,1.89537617218,0.158768387205,-0.00319392318404,-0.0264460747705,0.000190659185644,-0.041963741415,-0.0114104162926,0.0142322689486,-0.00447139685482,0.57390098749,0.818910261547,0.00209451459131,0.0,0.818868711152,-0.573841532589,-0.0118607029364,0.0,-0.00851109574561,0.00852216566948,-0.99992746434,0.0,0.661295811362,0.260355254682,0.303332593477,1.0,-0.00432,-0.00567771428571,0.217
0.464714914688,0.545086137861,-0.12400590637,-1.35994066506,0.0792921663284,1.89557714524,0.158698200665,2.87900466816e-05,-0.0219675197657,0.0024845436225,-0.0413543462189,-0.000280986952828,0.0129568680025,-0.000990102089287,0.573908365535,0.818905284584,0.00201736203332,0.0,0.818862656042,-0.573849150074,-0.0119100965795,0.0,-0.00859574503539,0.00848740990306,-0.999927035858,0.0,0.661208934377,0.260257505662,0.303296183031,1.0,-0.00464,-0.00609828571429,0.233
0.464649101679,0.544641604754,-0.124016560865,-1.36065290197,0.0792767287158,1.89581305513,0.158606478367,-0.00516020295533,-0.030404761048,-0.000326755120284,-0.0447078171415,-0.00370695326885,0.00714537434037,-0.0118657877629,0.573930077397,0.818890102314,0.00200337017798,0.0,0.81884705011,-0.573870679264,-0.0119456648216,0.0,-0.00863267748892,0.0084965936819,-0.999926639697,0.0,0.661124375747,0.260142622269,0.303292633839,1.0,-0.00498,-0.00654514285714,0.25
0.464594821913,0.544246515261,-0.124011617522,-1.36132303708,0.0792478072796,1.89606731725,0.1585182133,-0.0047350471304,-0.0251376374535,0.00095823500555,-0.0464971370997,-0.00452015331037,0.0208074419124,-0.00385362922592,0.573928570175,0.818891187033,0.00199174242355,0.0,0.818847851754,-0.573869091617,-0.0119669656232,0.0,-0.00865680993946,0.00849928111175,-0.999926408223,0.0,0.661045949468,0.260047812408,0.303275149348,1.0,-0.00528,-0.00693942857143,0.265
0.464528208272,0.543705843266,-0.124017209868,-1.36219611433,0.0792079679776,1.89636635024,0.158414495453,-0.00151385140616,-0.0316343650267,-0.0005289059498,-0.0513740272121,-0.00230057756424,0.0160832971587,-0.00597689281752,0.573940014094,0.818883221222,0.00196904131349,0.0,0.818839457547,-0.573880500343,-0.0119942065732,0.0,-0.00869202744894,0.00849644739364,-0.999926126792,0.0,0.660939724933,0.259917843078,0.303268258178,1.0,-0.00564,-0.00741257142857,0.283
0.464438980513,0.543179410851,-0.124016608865,-1.36305428711,0.0791587077886,1.89666107303,0.158304499536,-0.00540626375735,-0.0333642661291,0.000263251948498,-0.0513943694521,-0.00112366284875,0.0249354819049,-0.00550749696297,0.573957121492,0.818871302396,0.00193899500933,0.0,0.818827078219,-0.573897667119,-0.0120179262809,0.0,-0.00872851828433,0.0084856393675,-0.999925900701,0.0,0.660840546662,0.259776287746,0.303257728528,1.0,-0.00598,-0.00785942857143,0.3
0.464362920041,0.542601399581,-0.124020103538,-1.36395414347,0.079103943592,1.89698024574,0.158200414328,-0.00221682004603,-0.0325743013803,0.000143753410273,-0.0460094437051,-0.00652832065464,0.0170556985608,-0.00506131058054,0.573971972317,0.818860900797,0.00193572778461,0.0,0.818816629412,-0.57391252568,-0.0120202814703,0.0,-0.00873216821202,0.0084844741158,-0.999925878722,0.0,0.66073569736,0.259637572826,0.303266022015,1.0,-0.00632,-0.00830628571429,0.317
0.464276081835,0.542048981586,-0.124019066754,-1.36482915616,0.0790591374385,1.89730824719,0.158057070975,-0.0095010085866,-0.031743457587,0.000758089130805,-0.0579520450382,-0.0033208219497,0.0187224712759,-0.00747484428017,0.573961696801,0.818868082145,0.00194462114863,0.0,0.818823842256,-0.573902131005,-0.0120252352264,0.0,-0.00873122718913,0.00849449012086,-0.999925801902,0.0,0.660638726411,0.259499192565,0.303268605441,1.0,-0.00664,-0.00872685714286,0.333
0.464195996686,0.541401169384,-0.124029231655,-1.36579522642,0.0789971823114,1.89766459905,0.157950525722,-0.00505962426933,-0.0372701811342,-0.000584724159237,-0.0558997849064,-0.000560505874368,0.0223084773368,-0.00615113316104,0.57398361918,0.818852671651,0.00196314652448,0.0,0.818808767778,-0.573924063241,-0.0120049299979,0.0,-0.00870373954567,0.00849823837231,-0.999926009694,0.0,0.660524867007,0.25933531781,0.303289856254,1.0,-0.007,-0.0092,0.351
0.464087468949,0.540682844504,-0.124029692436,-1.36691860068,0.0789328048824,1.89807277253,0.157799038042,-0.00364424863737,-0.0428724261165,-0.00353735566075,-0.0650184447501,-0.00166459430437,0.0222379237253,-0.0025943392092,0.573994382586,0.818845092969,0.00197721570127,0.0,0.818801307432,-0.573934701623,-0.0120051706529,0.0,-0.00869574979597,0.00851001116213,-0.999925979083,0.0,0.660403346913,0.259169805899,0.303306490986,1.0,-0.00734,-0.00964685714286,0.368
0.464000206637,0.53999487168,-0.124040820067,-1.36796840274,0.0788699409313,1.89845758243,0.157669201499,-0.00605919393255,-0.0440666371403,-0.00220886181355,-0.0720856369822,-0.000396795876625,0.026851646741,-0.00912913930386,0.574008617262,0.818835072669,0.00199448670845,0.0,0.81879155105,-0.573948899087,-0.0119918333758,0.0,-0.00867476731926,0.00851664853189,-0.999926104825,0.0,0.660284319441,0.259006090132,0.303326736718,1.0,-0.00766,-0.0100674285714,0.384
0.463895270138,0.539248271286,-0.124041530203,-1.36911243204,0.078804111061,1.89889458133,0.157525948943,-0.00956295635512,-0.0454917994952,-0.00158991288601,-0.0665368690708,-0.00900876911626,0.0243978317925,-0.00692592236207,0.574023494005,0.818824558615,0.00202914784294,0.0,0.818781473585,-0.573963612777,-0.0119756679558,0.0,-0.00864148037649,0.00853590776666,-0.999926228827,0.0,0.660157614078,0.258829400064,0.303347636002,1.0,-0.008,-0.0105142857143,0.401
0.4637864131,0.53847677769,-0.124047922165,-1.37031083449,0.0787383839558,1.89936244799,0.157376092241,-0.00714877467499,-0.0443132542574,-0.00159656119835,-0.0755344202417,-0.00120881311833,0.0226640709794,-0.0137935790641,0.574043198443,0.818810655846,0.00206472655565,0.0,0.818768030402,-0.573983162058,-0.0119577994137,0.0,-0.00860622099964,0.00855499022715,-0.99992636984,0.0,0.660027210926,0.258642818198,0.303362985644,1.0,-0.00834,-0.0109611428571,0.418
0.463683416973,0.53774891951,-0.124048861427,-1.37145735931,0.0786726887542,1.8998043046,0.157228376065,-0.00282318546576,-0.0494561327261,0.000682665344845,-0.0686509614283,-0.000134907775947,0.0237515814764,-0.0101593985759,0.574053044368,0.818803702026,0.00208487442385,0.0,0.81876132408,-0.573992908241,-0.0119491582125,0.0,-0.00858747718218,0.00856663012751,-0.999926431336,0.0,0.659899469066,0.258467106904,0.303369644893,1.0,-0.00866,-0.0113817142857,0.434
0.463573090396,0.53685458407,-0.124055250616,-1.37283401232,0.0785888899184,1.90031235496,0.157069212428,-0.00791326770738,-0.0552441232375,0.00128622513061,-0.0796855586583,-0.00403125112438,0.0274455239338,-0.0106422231668,0.574070901317,0.818791131984,0.00210460115781,0.0,0.818749035101,-0.574010705683,-0.0119362550058,0.0,-0.00856540106258,0.00857556194289,-0.999926544123,0.0,0.65973985821,0.258259848032,0.303390075819,1.0,-0.00902,-0.0118548571429,0.452
0.463465351549,0.536015966955,-0.124058371847,-1.37415738562,0.0785178702471,1.90080376515,0.156899489491,-0.00849049902629,-0.0489556970046,0.00100244570371,-0.0849397194712,-0.00209222635126,0.0238642271479,-0.0107264823361,0.574076141507,0.818787434602,0.00211366787895,0.0,0.818745377009,-0.574015828983,-0.0119407958448,0.0,-0.00856385965795,0.00858564710982,-0.999926470782,0.0,0.659585373389,0.258062731926,0.303394840737,1.0,-0.00936,-0.0123017142857,0.469
0.463356845996,0.53516427937,-0.124064153629,-1.37549297265,0.0784378034042,1.90128281359,0.156748610516,-0.00871500787714,-0.0564834664839,-0.000171630522735,-0.0856755402073,-0.0028026532174,0.0261473116289,-0.00390764566247,0.574097290899,0.81877261945,0.00210834564213,0.0,0.818730479436,-0.574036984517,-0.0119452647349,0.0,-0.00857035232815,0.00858407623186,-0.999926428642,0.0,0.659426927546,0.257860009038,0.303401851883,1.0,-0.00968,-0.0127222857143,0.485
0.463239560563,0.53427615061,-0.124066366016,-1.37696594174,0.0783625464241,1.9018114651,0.156561773807,-0.0108018700464,-0.0527936358734,-0.00141666387324,-0.087145974141,-0.0101136895374,0.0244051381673,-0.0148678091322,0.574102487801,0.818769082887,0.00206623079886,0.0,0.818726229679,-0.574042191863,-0.0119862295619,0.0,-0.00862801664505,0.00857316662246,-0.999926026335,0.0,0.659248246655,0.257641888506,0.303373246021,1.0,-0.01002,-0.0131691428571,0.502
0.463103384822,0.533293649955,-0.124062060103,-1.37852758547,0.0782597280394,1.90239615875,0.156353094059,-0.00790512008618,-0.0557929286784,-0.00090056183618,-0.0913956302768,-0.00360839025958,0.0339184710415,-0.0214998736174,0.574098008726,0.818772223608,0.00206618639958,0.0,0.8187294118,-0.574037755251,-0.0119813480422,0.0,-0.00862409201606,0.00857028063293,-0.999926084932,0.0,0.659067118471,0.257405191198,0.303373397373,1.0,-0.01038,-0.0136422857143,0.52
0.462982869968,0.532458827803,-0.124062060108,-1.37987333337,0.0781986198101,1.90291088463,0.156189613776,-0.0107119495897,-0.055048110728,0.000689136080231,-0.0922184428431,0.00015064447694,0.0309073154404,-0.0136442880982,0.574120161212,0.818756659027,0.00207862703987,0.0,0.818713830471,-0.574059674818,-0.0119958511441,0.0,-0.00862859316949,0.00858902606402,-0.999925885259,0.0,0.658912689262,0.25720200151,0.303366125011,1.0,-0.01068,-0.0140365714286,0.535
0.462839113862,0.531420135999,-0.124064871882,-1.38154025251,0.0780946598959,1.90351363251,0.155993000295,-0.00871647140782,-0.0587047921267,-0.00135893615983,-0.0880511568924,-0.00701012336642,0.0344204712,-0.011578875033,0.57414177358,0.818741566884,0.00205362807652,0.0,0.818698409098,-0.574081386597,-0.0120093048878,0.0,-0.00865373405847,0.00857651077126,-0.99992577542,0.0,0.658714911728,0.256945510795,0.303357180487,1.0,-0.01104,-0.0145097142857,0.553
0.462698182792,0.530412364516,-0.1240673792,-1.38318664398,0.077993480569,1.90408355664,0.155766875301,-0.00834869161932,-0.0536182995274,-0.00103621302561,-0.0985243908932,-0.00710973283657,0.0343059685549,-0.0151055144821,0.574135987379,0.818745772338,0.00199378438594,0.0,0.818701770073,-0.574075793655,-0.0120474777653,0.0,-0.00871940600956,0.00854936995,-0.999925437336,0.0,0.658513118957,0.256691351876,0.303333138798,1.0,-0.01138,-0.0149565714286,0.57
0.462577118996,0.529484228312,-0.124065229867,-1.38462833006,0.0778963606536,1.90462726689,0.155560797463,-0.00543742636882,-0.0613116010454,0.00112109527056,-0.0965287900223,-0.00831360278114,0.0378766120083,-0.0228405095984,0.574117071063,0.81875898718,0.00201408249128,0.0,0.818715323765,-0.574056865343,-0.0120283367983,0.0,-0.00869227832625,0.00855479839772,-0.999925627095,0.0,0.658345036769,0.256475131618,0.303347754764,1.0,-0.01168,-0.0153508571429,0.585
0.462428962298,0.528332198971,-0.124068452483,-1.38642610252,0.0777864590821,1.9053157154,0.155328113675,-0.00758153286639,-0.0632947803193,0.00114318054625,-0.0961618585269,-0.00431766767901,0.0355615515851,-0.0137941672763,0.574118167591,0.818758135063,0.0020476357329,0.0,0.818714944708,-0.574057854067,-0.0120069312374,0.0,-0.00865547789779,0.00856999233516,-0.999925816215,0.0,0.658136887674,0.25620638714,0.303363066262,1.0,-0.01204,-0.015824,0.603
0.462284519214,0.527196401436,-0.124072287713,-1.38818805112,0.0776724989218,1.9059879882,0.155083662791,-0.00903455215855,-0.0647190378201,0.000535412564585,-0.11090910904,-0.00840971423381,0.0386862291938,-0.0161169648721,0.574103698887,0.818768196148,0.00208105768316,0.0,0.818725531048,-0.5740433356,-0.011979172152,0.0,-0.00861371372092,0.00858126731485,-0.999926080162,0.0,0.657932330807,0.255942055112,0.303382307532,1.0,-0.01238,-0.0162708571429,0.62
0.462144731158,0.526097939548,-0.124077608872,-1.38989457758,0.0775720697736,1.90661744884,0.154859055158,-0.0113359796908,-0.0720117017589,1.1062663114e-05,-0.109607284753,-0.00953996239437,0.0372061161869,-0.01839405504,0.574103046428,0.818768606531,0.00209951001922,0.0,0.81872615455,-0.574042578971,-0.0119728144158,0.0,-0.00859792196614,0.00859271843138,-0.999926117735,0.0,0.657729113158,0.255685325661,0.303397723893,1.0,-0.0127,-0.0166914285714,0.636
0.461989229545,0.524922143932,-0.124083310857,-1.39173127228,0.0774556933703,1.90728124987,0.154604447386,-0.00898955455393,-0.065588836474,-0.000559336739278,-0.110053682426,-0.00916550025531,0.0447487968564,-0.0113607169046,0.574093336993,0.818775417654,0.00209827717665,0.0,0.81873297108,-0.574032897344,-0.0119708702876,0.0,-0.00859713971386,0.00859049097068,-0.999926143599,0.0,0.657508663472,0.255403407415,0.303408274921,1.0,-0.01304,-0.0171382857143,0.653
0.461825396688,0.523669674431,-0.124091190502,-1.39373095698,0.0773229107787,1.9079945569,0.154326406762,-0.00845851641951,-0.0740340564694,-0.00110170229277,-0.110654763925,-0.00788953622039,0.033524935023,-0.0200495475541,0.574076819367,0.818787092757,0.00206133501609,0.0,0.818744229985,-0.574016601065,-0.0119822564162,0.0,-0.00862784248877,0.00856660673645,-0.99992608406,0.0,0.657264685843,0.255097166792,0.303399209208,1.0,-0.0134,-0.0176114285714,0.671
0.461684718303,0.522590589683,-0.124090540867,-1.39543432745,0.0772293117651,1.90865916266,0.154101485431,-0.0113911887791,-0.0723950356123,-0.000801384248821,-0.113683799525,-0.00761230136635,0.0464037215988,-0.00886705231533,0.574073735823,0.818789158909,0.00209904539369,0.0,0.818746718654,-0.57401329175,-0.0119707346977,0.0,-0.00859679335362,0.00859083631708,-0.99992614361,0.0,0.657065578402,0.254847002482,0.303404526029,1.0,-0.0137,-0.0180057142857,0.686
0.4615228833,0.521353020579,-0.124092939138,-1.39742746869,0.0771106892432,1.90943818745,0.153825463149,-0.00603453885047,-0.0721510292561,-0.00174971514463,-0.125005913396,-0.0120672169466,0.054361129944,-0.021695498807,0.574056866823,0.818800940667,0.00211662908714,0.0,0.818758741083,-0.573996363484,-0.0119601634411,0.0,-0.00857822083453,0.00859898807555,-0.999926233045,0.0,0.65683207888,0.254552602584,0.303393021844,1.0,-0.01404,-0.0184525714286,0.703
0.461351094603,0.520066293241,-0.124096453279,-1.39945513646,0.0769832169045,1.91016995299,0.153558998608,-0.0181739969352,-0.0742789568083,0.000232179740946,-0.121244276124,-0.0111519915988,0.043714748213,-0.0169252176657,0.574055415061,0.818801986649,0.00210570636145,0.0,0.818759638307,-0.573994950726,-0.0119665417524,0.0,-0.00858972871986,0.00859369092656,-0.999926179794,0.0,0.656584849592,0.254243033792,0.303395147446,1.0,-0.01438,-0.0188994285714,0.72
0.461192684685,0.518796071041,-0.124096799803,-1.40141950667,0.07684806698,1.91087029923,0.153295295272,-0.00995480018272,-0.0837088411266,-0.000907620297064,-0.126627369346,-0.0107865444357,0.047119852778,-0.0122011197267,0.574037093015,0.818814837732,0.00210339102814,0.0,0.818772532452,-0.573976713836,-0.0119590541866,0.0,-0.00858511883309,0.00858730483154,-0.999926274247,0.0,0.656341470666,0.253948096048,0.303412568741,1.0,-0.0147,-0.01932,0.736
0.461016901794,0.517457766445,-0.124100944141,-1.40353736491,0.0767152350402,1.91163258899,0.153008057708,-0.0106311494891,-0.0734192518804,0.000195507694877,-0.130956739282,-0.01008630217,0.0492777975468,-0.0202786638714,0.574025074526,0.818823308617,0.00208566106539,0.0,0.818780757038,-0.573964755248,-0.0119699013386,0.0,-0.0086043039345,0.00857888782419,-0.999926181594,0.0,0.656080369301,0.253626823825,0.303409882534,1.0,-0.01504,-0.0197668571429,0.753
0.460820270841,0.516016722561,-0.124106371056,-1.40580805721,0.0765717887593,1.91248559633,0.152681894645,-0.00991129520814,-0.0792559341793,5.79086420454e-07,-0.122907768934,-0.00500468652179,0.0435144773478,-0.0204739623492,0.574004259389,0.818837862866,0.00210034328481,0.0,0.818795551876,-0.573943930949,-0.0119563897521,0.0,-0.0085850306394,0.00858293563173,-0.999926312518,0.0,0.655809213592,0.253278804531,0.303413998283,1.0,-0.0154,-0.02024,0.771
0.460640961085,0.514720986671,-0.124115542393,-1.40789187251,0.0764446418411,1.91326288908,0.152409400995,-0.0131159687036,-0.0798584551511,-0.0011362899926,-0.134023354839,-0.00376533655826,0.0544345308293,-0.0132479220755,0.574010114054,0.818833792465,0.00208714725002,0.0,0.818791322028,-0.573949852077,-0.0119618214801,0.0,-0.00859699131067,0.0085753096695,-0.999926275185,0.0,0.655558191877,0.252957784661,0.303398336789,1.0,-0.01572,-0.0206605714286,0.787
0.460453023188,0.513312188908,-0.124109997248,-1.41016152983,0.0763048047782,1.91404429857,0.152092303082,-0.0112080694496,-0.0836527162883,0.000130864326529,-0.140090176809,-0.00558190842825,0.0458655550114,-0.0191005728874,0.573981586663,0.81885395502,0.00202124251078,0.0,0.818810473381,-0.573921454478,-0.0120133123349,0.0,-0.0086772809412,0.00855059923765,-0.999925793271,0.0,0.655265505364,0.252617497563,0.303372943772,1.0,-0.01606,-0.0211074285714,0.804
0.460254685141,0.511881320267,-0.124120691638,-1.41244564338,0.0761681934347,1.91486103849,0.151767953898,-0.0127152400643,-0.0822270491739,-0.000810553428865,-0.134249602339,-0.00285645461849,0.0490855651582,-0.0206326554836,0.573968696434,0.818863068142,0.00198948446824,0.0,0.818819106609,-0.573908637149,-0.0120371823383,0.0,-0.0087151895359,0.00853815813634,-0.999925569894,0.0,0.654982261297,0.252262437103,0.303359256558,1.0,-0.0164,-0.0215542857143,0.821
0.460066135753,0.510504356787,-0.124121311473,-1.41463668812,0.076036373485,1.91570340658,0.151465757919,-0.0152236235323,-0.0923811505805,-0.0019785332911,-0.138957153424,-0.00372875007471,0.0494000138603,-0.0141701135725,0.57395521371,0.818872463118,0.00201213893207,0.0,0.818828784322,-0.573895046445,-0.0120268255306,0.0,-0.00869384706334,0.00855062111924,-0.999925649187,0.0,0.654719039585,0.25193251526,0.303353572229,1.0,-0.01672,-0.0219748571429,0.837
0.459853805331,0.508913664952,-0.124129531202,-1.41713966998,0.075872660938,1.91661281925,0.151110527051,-0.0171834795991,-0.0941239650504,-0.00259927325607,-0.141416427557,-0.00974373610518,0.0424991332525,-0.0228116944795,0.573929940155,0.818890201568,0.0020021165288,0.0,0.818846452745,-0.573869878571,-0.0120248158666,0.0,-0.00869821698719,0.00854099230885,-0.999925693475,0.0,0.65440884695,0.251547941396,0.303354526997,1.0,-0.01708,-0.022448,0.855
0.459625122254,0.507314782867,-0.124128064381,-1.41966745224,0.0757055101267,1.91752741554,0.150758197191,-0.0127797993111,-0.0946261028936,-0.00050104101364,-0.13657871125,-0.008330168697,0.0477668718282,-0.0245354222972,0.573913358093,0.818901868256,0.00198355008516,0.0,0.818857899813,-0.573853400291,-0.012031699362,0.0,-0.00871468190949,0.00852956286185,-0.999925647674,0.0,0.654094979768,0.251155395496,0.303348981815,1.0,-0.01744,-0.0229211428571,0.873
0.459451808226,0.506031394208,-0.124130550282,-1.42167015114,0.0755867789321,1.91827278023,0.150488738937,-0.0132664867581,-0.0974154280959,-0.000196532555513,-0.143127165227,-0.0120883457205,0.0575783050703,-0.024231517547,0.573907976805,0.818905582917,0.00200682070242,0.0,0.818861863627,-0.573847866596,-0.0120258555697,0.0,-0.00869659792309,0.00854520790141,-0.999925671541,0.0,0.653848231528,0.250851251609,0.303357718412,1.0,-0.01772,-0.0232891428571,0.887
0.459183355561,0.504105755313,-0.124138232835,-1.42458390977,0.075406009808,1.91938754839,0.150085271565,-0.0140008961985,-0.101835215239,0.00086064098639,-0.139294549964,-0.00215012525306,0.052031879728,-0.0244568644817,0.573904353975,0.818907859489,0.00211117425323,0.0,0.818865571347,-0.573843874869,-0.011963705059,0.0,-0.00858585299172,0.00859495581365,-0.999926202208,0.0,0.65350104293,0.250397324449,0.303413209261,1.0,-0.01812,-0.0238148571429,0.907
0.458960284307,0.502531929168,-0.124143774887,-1.42691756407,0.0752569737574,1.92027067996,0.149767466097,-0.0158937885048,-0.101190050828,0.000641486068879,-0.148899925443,-0.0151093693329,0.0541037003269,-0.018436312987,0.573910194895,0.818903498777,0.00221241651701,0.0,0.818862612435,-0.573849385938,-0.0119017274458,0.0,-0.00847693559438,0.00864235427899,-0.999926722953,0.0,0.653222905082,0.250028047219,0.303478149099,1.0,-0.01844,-0.0242354285714,0.923
0.458757225082,0.501024625141,-0.124149452286,-1.42918954422,0.0751117102429,1.92107245049,0.149430790422,-0.0139401216022,-0.0949899665191,-0.00235656195071,-0.155645578698,-0.00202700972975,0.0544892210951,-0.0158654400569,0.573881409844,0.818923589147,0.00224264906188,0.0,0.818883081538,-0.57382046846,-0.0118876258375,0.0,-0.00844834193879,0.00865872155717,-0.999926823352,0.0,0.652935465819,0.249673477834,0.30351843777,1.0,-0.01874,-0.0246297142857,0.938
0.458512944555,0.499312456152,-0.12414801207,-1.43178627985,0.0749424334854,1.92201534474,0.149075681074,-0.0138214892392,-0.0976817339785,0.000632250010042,-0.150273882802,-0.0113813016415,0.055854793153,-0.0204326631654,0.573875919076,0.818927308676,0.00228899745512,0.0,0.818887418707,-0.573814809988,-0.0118619654111,0.0,-0.00840078851116,0.00868189467317,-0.999927023066,0.0,0.652612295789,0.249266115159,0.303558526476,1.0,-0.01908,-0.0250765714286,0.955
0.458246071158,0.497549461102,-0.12414834405,-1.43458584532,0.0747736277633,1.92304862874,0.148663869764,-0.0137480976841,-0.103004138468,0.000140650994112,-0.155972499345,-0.00711502993728,0.0520725427964,-0.017184848151,0.573854155541,0.818942564142,0.00228729246985,0.0,0.818902557624,-0.573792958417,-0.0118738742411,0.0,-0.00841175065655,0.008687108983,-0.999926885621,0.0,0.652264295841,0.24882587231,0.303544899772,1.0,-0.01944,-0.0255497142857,0.973
0.45800036044,0.495967274965,-0.124148335645,-1.43711735464,0.0746154749003,1.92394153261,0.148297780257,-0.0113992833586,-0.102202759716,0.00129371391391,-0.15895135301,-0.00971889726761,0.0497997714749,-0.0268836221674,0.573840667263,0.818952149166,0.00223894483898,0.0,0.818911406659,-0.573779554638,-0.0119112393853,0.0,-0.00847023739959,0.00866881792594,-0.99992655064,0.0,0.65194113147,0.248421462731,0.303520011006,1.0,-0.01976,-0.0259702857143,0.989
0.457729782456,0.494282623517,-0.124152942587,-1.43986426661,0.0744467822233,1.92489446867,0.147900580666,-0.0114846093682,-0.103577335138,-0.00126749038971,-0.162984306169,-0.00825687316324,0.0607273995272,-0.0239785254777,0.573832889174,0.818957847644,0.00214615608763,0.0,0.818915739096,-0.573771996716,-0.0119772679021,0.0,-0.00857763842421,0.0086306374099,-0.999925965368,0.0,0.651587013547,0.247976493677,0.30346880419,1.0,-0.0227257142857,-0.0298680816327,1.006
0.457425505077,0.492012943145,-0.124232905736,-1.44329985322,0.0742524428914,1.92617029458,0.147412923555,-0.0178738556057,-0.147318519381,-0.0039906621177,-0.2202316315,-0.0165118399337,0.0891810070984,-0.0365918473511,0.573860507854,0.81893826384,0.0022325871925,0.0,0.818897446146,-0.573799426052,-0.011913784452,0.0,-0.00847575988985,0.00866527717977,-0.999926534534,0.0,0.651170690003,0.247409176658,0.303526297276,1.0,-0.0320611428571,-0.0421375020408,1.023
0.457050029504,0.489262189501,-0.124240816079,-1.44768916532,0.0740124598576,1.92781858842,0.146744295696,-0.0266642236662,-0.192682419999,0.00170593280598,-0.29886416579,-0.014537311644,0.111924475061,-0.0507635430053,0.573781315092,0.818993692874,0.00225397087852,0.0,0.818952838702,-0.573719834597,-0.0119392744353,0.0,-0.00848520602692,0.00869659587248,-0.999926182525,0.0,0.650610696224,0.246749108825,0.303493472633,1.0,-0.0408474285714,-0.0536851918367,1.039
0.456440953045,0.485272019739,-0.124309384204,-1.45397330952,0.0736428783274,1.93018407866,0.145821954938,-0.036377331028,-0.240507973946,-0.010328249361,-0.373051472585,-0.0180373751502,0.14097317,-0.0622367252853,0.573786562508,0.818989867913,0.00230734532977,0.0,0.8189497655,-0.573724925514,-0.0119053909112,0.0,-0.00842677524393,0.00872092114778,-0.999926464793,0.0,0.649837462661,0.24572149772,0.303481592516,1.0,-0.050732,-0.0666763428571,1.057
0.455737152727,0.480688832645,-0.124448760906,-1.46122058905,0.073206176185,1.93272520918,0.144710793908,-0.0471514376208,-0.290071231285,-0.0131514506053,-0.458351355389,-0.0316857697381,0.160333189737,-0.0613776954368,0.573791041042,0.818987065935,0.00218493757229,0.0,0.81894546844,-0.573729999621,-0.0119563438036,0.0,-0.00853869109473,0.00864995422018,-0.999926131795,0.0,0.64891345683,0.244486890423,0.303436110809,1.0,-0.0600674285714,-0.0789457632653,1.074
0.454990672588,0.475947828801,-0.124564336919,-1.46859016916,0.0727603416942,1.93533844372,0.143640771517,-0.0510750545584,-0.329194712187,-0.00611525102911,-0.504101755972,-0.0314011131526,0.183394159722,-0.0696518988002,0.573846926362,0.818947976006,0.0021597690133,0.0,0.818906101165,-0.573786032559,-0.0119638294606,0.0,-0.0085586734096,0.00863422102108,-0.999926096938,0.0,0.647974082235,0.243230610849,0.30344203989,1.0,-0.0683045714286,-0.089771722449,1.089
0.45388079941,0.469131689624,-0.12466784744,-1.47909300495,0.0721518787751,1.93916794641,0.142065883189,-0.0599973593243,-0.387421255131,-0.00681508317191,-0.574572198468,-0.0358825441505,0.228138515338,-0.094133608238,0.573881186698,0.818923611388,0.00229110594741,0.0,0.818883158052,-0.573819458534,-0.0119310254187,0.0,-0.00845608005497,0.00872330705013,-0.999926196589,0.0,0.646637555895,0.241460352303,0.303489568942,1.0,-0.0787382857143,-0.103484604082,1.108
0.452785870722,0.462629486449,-0.124709040329,-1.48900817692,0.071521359165,1.94279436419,0.14044726318,-0.0714341378465,-0.407781791894,-0.00340316046173,-0.645236543089,-0.0436160588823,0.223912074749,-0.102748551628,0.573778921619,0.81899475457,0.00246738608538,0.0,0.81895656797,-0.573716486077,-0.0118439978067,0.0,-0.00828475150925,0.00881668807808,-0.999926811774,0.0,0.645363632551,0.239787304115,0.303569806636,1.0,-0.0875245714286,-0.115032293878,1.124
0.451545837014,0.455550124968,-0.124805621378,-1.50012066786,0.0707970981585,1.94653937604,0.138795871844,-0.0786258095374,-0.449393404336,-0.00683265955811,-0.716154872777,-0.0520687095553,0.237965462727,-0.110520243718,0.573829513118,0.818960050327,0.00220742935143,0.0,0.818918180646,-0.573767800507,-0.012011303414,0.0,-0.00857039077123,0.00870031192629,-0.999925423706,0.0,0.643860498968,0.237851549633,0.303479444135,1.0,-0.0963108571428,-0.126579983673,1.14
0.450095690015,0.44713523461,-0.124941023393,-1.51261417683,0.0699334989249,1.95112086165,0.136823372754,-0.0898527440787,-0.508100617901,-0.0037855735768,-0.749550323118,-0.0513545200099,0.274505847648,-0.111579992866,0.573832808388,0.818956651206,0.00258038068735,0.0,0.818920542916,-0.573770603391,-0.0117126416566,0.0,-0.00811175538036,0.00883439489835,-0.999928073859,0.0,0.64225240893,0.235649743477,0.303706966281,1.0,-0.105646285714,-0.138849404082,1.157
0.448479336854,0.438225813296,-0.124976205542,-1.52633022271,0.06904252763,1.95584722905,0.134666999757,-0.100611094614,-0.531433912618,0.000531110628697,-0.836880201794,-0.0562094996125,0.275161117058,-0.128387508307,0.573783074769,0.818991686458,0.00251942895224,0.0,0.818954160988,-0.573720424293,-0.0118196383101,0.0,-0.00823489621276,0.00884537553688,-0.999926970241,0.0,0.640363255663,0.233275062403,0.303684443485,1.0,-0.114981714286,-0.15111882449,1.174
0.446803494465,0.429100798347,-0.125051337817,-1.53995177745,0.0681166354907,1.96071293989,0.132426285531,-0.104070001702,-0.578021911046,-0.00200165513333,-0.887716258683,-0.0611922026719,0.314421392029,-0.143457064504,0.573713685354,0.819039350114,0.00281017841416,0.0,0.819005808816,-0.573650230032,-0.011646699529,0.0,-0.00792719834267,0.00898359631609,-0.999928224686,0.0,0.638522936268,0.230862387465,0.303846447616,1.0,-0.123768,-0.162666514286,1.19
0.444701051449,0.418315467658,-0.125142330201,-1.55637099181,0.0669521724369,1.96633105328,0.129705299819,-0.12182243399,-0.614962622007,-0.012006628958,-0.932222422379,-0.0640473783776,0.320198603288,-0.145134021684,0.5736462228,0.819086787147,0.00275555613299,0.0,0.819052599669,-0.573583034076,-0.0116657146205,0.0,-0.00797484600147,0.0089491108407,-0.999928155042,0.0,0.636226369653,0.227885232134,0.303849454449,1.0,-0.133652571429,-0.175657665306,1.208
0.442519658111,0.407423025356,-0.125258828586,-1.57274374882,0.0658051875923,1.97206876955,0.126984697375,-0.135355425603,-0.634955464733,-0.00549331193708,-0.996376625345,-0.0644466682791,0.335719353562,-0.16492665511,0.573646202345,0.819086174478,0.00293602041832,0.0,0.819054558465,-0.573582676431,-0.0115451486428,0.0,-0.0077725708321,0.00902776539429,-0.99992904078,0.0,0.6339428049,0.224870853601,0.303928916313,1.0,-0.142988,-0.187927085714,1.225
0.440225550255,0.396564405135,-0.125358173577,-1.58901339531,0.0647086741199,1.97758347722,0.124222357224,-0.149854358969,-0.690722884065,-0.0088702369488,-1.03092089358,-0.0715449051619,0.356826699546,-0.181934122589,0.573681802094,0.819060895908,0.00303078249601,0.0,0.819029960644,-0.573617327153,-0.0115685979533,0.0,-0.00773702581117,0.00911917136225,-0.999928487016,0.0,0.631611459768,0.221812650341,0.303985511771,1.0,-0.151774285714,-0.19947477551,1.241
0.437616723828,0.384595094996,-0.125496211053,-1.60715784505,0.0633102158888,1.98363211031,0.121070963757,-0.155045491441,-0.715492995818,-0.00801889078825,-1.08802577255,-0.0860082724719,0.34331755457,-0.19612860211,0.573643136863,0.819088665945,0.00283826575015,0.0,0.81905572316,-0.573579862264,-0.0116021922399,0.0,-0.0078754037117,0.00898038865781,-0.999928662773,0.0,0.628955160336,0.21833524179,0.303912655613,1.0,-0.161109714286,-0.211744195918,1.258
0.434739085318,0.371928307193,-0.125624805748,-1.62594153753,0.061930275461,1.98991447751,0.117689053479,-0.179133647831,-0.746308881594,-0.00446025950628,-1.12115605147,-0.0815848879975,0.367878107643,-0.189037525246,0.573633719781,0.819094888972,0.00294368652894,0.0,0.819063275317,-0.573570058148,-0.0115536281819,0.0,-0.00777525703711,0.00903879026557,-0.999928920298,0.0,0.626185338504,0.214666313422,0.303982929148,1.0,-0.170445142857,-0.224013616327,1.275
0.431784518493,0.359527485339,-0.125812487955,-1.64426103659,0.0605082009706,1.99600022479,0.114445202648,-0.189339865623,-0.776887842171,-0.0130054469519,-1.16060041203,-0.0945128409065,0.383867019825,-0.217886120928,0.573784835185,0.81898880702,0.00300728940975,0.0,0.81895860064,-0.573721638964,-0.0114471971927,0.0,-0.00764992664839,0.00903124756079,-0.999929955142,0.0,0.62346143371,0.210965317399,0.30404111973,1.0,-0.179231428571,-0.235561306122,1.291
0.42835385178,0.345888984222,-0.125996010564,-1.66447168284,0.0590069130802,2.00247332274,0.11059412835,-0.205684561154,-0.827251170359,-0.0101043820091,-1.18361089795,-0.0824573002394,0.392166026516,-0.235822388049,0.573841523291,0.81894945129,0.00290676468176,0.0,0.818917379201,-0.573777977693,-0.0115717439367,0.0,-0.0078089861339,0.00902092096361,-0.999928818827,0.0,0.620361432012,0.206810211499,0.304010880239,1.0,-0.188566857143,-0.247830726531,1.308
0.424528333935,0.330886107801,-0.126126557429,-1.68652931116,0.0573100161311,2.00957412937,0.10640430061,-0.21852779519,-0.813437441619,-0.00244155221736,-1.2386510409,-0.0899175516107,0.388602584394,-0.240586710337,0.573869314193,0.818929939867,0.00291731349743,0.0,0.818897567946,-0.573805225976,-0.0116225107782,0.0,-0.00784420334725,0.00905895763045,-0.999928199303,0.0,0.616906277118,0.202293731895,0.304001229021,1.0,-0.198451428571,-0.260821877551,1.326
0.421158666645,0.317844992275,-0.126216542368,-1.7053322994,0.055699643836,2.01563231003,0.102700906457,-0.233338553119,-0.869281734821,-0.00610447140374,-1.26448549215,-0.117682574249,0.40083324545,-0.249744051992,0.573766984981,0.819001087626,0.00306794945644,0.0,0.818971501431,-0.573703412545,-0.0114377086298,0.0,-0.00760754920401,0.00907531749628,-0.999929879445,0.0,0.613921255736,0.198396983571,0.304108495322,1.0,-0.206688571429,-0.271647836735,1.341
0.417068735867,0.302684376115,-0.126315205836,-1.72722919778,0.0538915757833,2.02249130351,0.0981785383457,-0.248286463874,-0.903379156137,-0.0048587982392,-1.30558808362,-0.10640566525,0.394794512494,-0.271204176164,0.573591904601,0.81912352109,0.00311946698952,0.0,0.819094499169,-0.57352807873,-0.0114232762404,0.0,-0.00756811805701,0.00910761237675,-0.999929885035,0.0,0.610349497179,0.193794854112,0.304143535954,1.0,-0.216024,-0.283917257143,1.358
0.412335661636,0.286068141655,-0.126484099008,-1.7510584963,0.0519456923337,2.02977485678,0.0932765345105,-0.266110058131,-0.931083955015,-0.00661704967877,-1.32365736872,-0.108089293174,0.401444703247,-0.274247127767,0.573656953804,0.819077840398,0.00315239946564,0.0,0.819048689097,-0.57359235115,-0.0114807008664,0.0,-0.00759554168834,0.00916812905128,-0.999929124066,0.0,0.606390524948,0.188619567694,0.304172803455,1.0,-0.225908571429,-0.296908408163,1.376
0.408118908853,0.271869008825,-0.126640316705,-1.7713475946,0.0501932371256,2.03586101406,0.0888740454698,-0.289136418553,-0.956489191395,-0.011526906678,-1.37005147365,-0.120277537272,0.415427372927,-0.304218968219,0.57362249802,0.819102187432,0.00309567605385,0.0,0.819072132634,-0.573557872069,-0.0115306474605,0.0,-0.0076693768466,0.00914999695323,-0.999928726567,0.0,0.602718329042,0.183802033548,0.304159765803,1.0,-0.234694857143,-0.308456097959,1.392
0.403881404727,0.258340225449,-0.126814074723,-1.79061257046,0.0485054669725,2.04148831221,0.0846593050372,-0.305915508922,-0.963029825853,-0.0110352358982,-1.36919472639,-0.113681450292,0.391353084795,-0.309071818801,0.573713115141,0.819039236181,0.00295601293232,0.0,0.819007131728,-0.573648646904,-0.0116316372471,0.0,-0.00783120524252,0.00909439360755,-0.999927979521,0.0,0.599632530977,0.179709434772,0.304118037162,1.0,-0.241833714286,-0.317838595918,1.405
