position_joint1,position_joint2,position_joint3,position_joint4,position_joint5,position_joint6,position_joint7,velocity_joint1,velocity_joint2,velocity_joint3,velocity_joint4,velocity_joint5,velocity_joint6,velocity_joint7,ee_T_00,ee_T_10,ee_T_20,ee_T_30,ee_T_01,ee_T_11,ee_T_21,ee_T_31,ee_T_02,ee_T_12,ee_T_22,ee_T_32,ee_T_03,ee_T_13,ee_T_23,ee_T_33,v_x,v_y,time
0.465086077533,0.547733464952,-0.124010061084,-1.35583818421,0.0794256793658,1.89411045841,0.159160413135,-0.000756507998486,0.000767588248811,0.00084916685357,-0.000848668128177,1.23817630192e-05,-0.0051193513623,0.00128123992574,0.573792230957,0.818986840534,0.00194361171343,0.0,0.818944405216,-0.573734463041,-0.0118141434477,0.0,-0.00856067581263,0.00837073482691,-0.999928320245,0.0,0.661685022966,0.260874858503,0.303247155417,1.0,0.0,0.0,0.0
0.465088216727,0.547731319185,-0.124017957789,-1.35583842251,0.0794291928172,1.8941097599,0.159157361378,0.00093698281569,0.00173621638056,-0.00108735663404,-0.000564968515642,-0.000207074977262,-0.0004160703731,-0.000451441308803,0.573794432659,0.818985295261,0.00194476161709,0.0,0.818942881697,-0.573736666493,-0.0118127448545,0.0,-0.00855884806957,0.00837089708057,-0.999928334533,0.0,0.661685944225,0.260872226071,0.303248769389,1.0,-0.0002,-0.000262857142857,0.011
0.465080909286,0.547726788824,-0.124010774296,-1.35584414558,0.079429944409,1.89410849871,0.159161213774,-0.00315657700448,-7.76049476649e-05,0.000429716605812,-0.00129607604665,-0.000145971429838,-0.000382665726488,0.000898493816102,0.573796989811,0.818983495484,0.00194820682851,0.0,0.818941084471,-0.573739168123,-0.0118158380515,0.0,-0.00855937857891,0.00837552017365,-0.999928291279,0.0,0.661685326592,0.260873252764,0.303250041114,1.0,-0.00054,-0.000709714285714,0.028
0.465081839426,0.547708473286,-0.124015525913,-1.3558496821,0.0794305415791,1.89410891973,0.159159648386,0.000208951587584,-0.000488051085769,-0.00233932384541,0.00191607849746,3.99653807734e-05,-0.00012857321152,0.000685269745778,0.573800755486,0.818980838017,0.00195623778196,0.0,0.818938536802,-0.573742906273,-0.0118108993543,0.0,-0.00855068732778,0.00837930280682,-0.999928333947,0.0,0.661684830582,0.260868540974,0.303259443369,1.0,-0.00086,-0.00113028571429,0.044
0.465083676364,0.547628759607,-0.124017656816,-1.355944102,0.0794308655881,1.8941262135,0.159152577036,0.000446784051729,-0.00467672950988,-0.000879753172552,-0.00429524638826,7.17481865798e-05,0.00340681151335,-0.00168781677542,0.573800168606,0.818981234431,0.00196241163937,0.0,0.818938946148,-0.573742228609,-0.0118154345846,0.0,-0.00855086540465,0.00838695515151,-0.999928268269,0.0,0.661668733269,0.260859589537,0.303272545489,1.0,-0.0012,-0.00157714285714,0.061
0.465077251729,0.547482370673,-0.124011224932,-1.356118742,0.079425617843,1.89415724058,0.15914700459,-0.000441092873226,-0.00840364858212,0.00032379163588,-0.0130643220544,-0.000123667404608,0.00435650925639,-0.00130032126243,0.57380447083,0.818978198629,0.0019713768335,0.0,0.818935902744,-0.573746372325,-0.0118251571587,0.0,-0.00855364028568,0.00839992103721,-0.9999281357,0.0,0.66163924397,0.26084150975,0.303295593842,1.0,-0.00154,-0.002024,0.078
0.465059881465,0.547336560263,-0.124013352874,-1.3563294688,0.0794175478027,1.89424020522,0.159145176439,0.000220303712387,-0.00923375825858,0.00148533997891,-0.0146243038275,-0.000946283643242,0.00586222484423,-0.000249127336528,0.573828364864,0.818961415762,0.00198848482576,0.0,0.818919318137,-0.573770170815,-0.0118189832814,0.0,-0.00853852239591,0.00841063841923,-0.999928174819,0.0,0.66161679796,0.260810015993,0.303305841848,1.0,-0.00188,-0.00247085714286,0.095
0.465044690054,0.547153412353,-0.124011237092,-1.35653105624,0.0794167684623,1.89435133136,0.159139651802,-0.0024819240111,-0.0120198610559,-0.000246362941006,-0.011553214342,-0.00190030363085,0.00734526951488,-0.00302442310956,0.573847419998,0.818947861257,0.00207026722061,0.0,0.81890676892,-0.573788841592,-0.0117820194296,0.0,-0.00846112628577,0.00845660010824,-0.999928445068,0.0,0.661600120162,0.260783380794,0.303346593239,1.0,-0.00222,-0.00291771428571,0.112
0.465020526906,0.546947306265,-0.124015400603,-1.35678422899,0.0794092337351,1.89447700097,0.159122930494,-0.00443115499181,-0.0145493992604,-0.00116742377143,-0.0210524847204,-2.19565107469e-05,0.0126919382485,-0.00128672089641,0.573867353629,0.818933704175,0.00214371315847,0.0,0.818893551558,-0.573808473155,-0.0117445414686,0.0,-0.00838808157097,0.00849544537769,-0.999928731208,0.0,0.661581225319,0.260748686574,0.303385718989,1.0,-0.00254,-0.00333828571429,0.128
0.464989179683,0.546697700227,-0.124013683227,-1.35715185773,0.0793954972076,1.89461898241,0.159094134729,-0.00187645061078,-0.0102971923807,3.82165564937e-05,-0.0250544688126,-0.00159375686741,0.00493667278846,-0.00319212174336,0.573885188865,0.818921139374,0.00216896019509,0.0,0.818881237855,-0.573826131592,-0.011740353163,0.0,-0.00836997849858,0.00851389952064,-0.999928725947,0.0,0.661540347107,0.260695999445,0.303399766574,1.0,-0.0029,-0.00381142857143,0.146
0.464954779851,0.546441142638,-0.124010900573,-1.35752023936,0.0793807313868,1.89476189113,0.15899001494,-0.00331764805795,-0.0180570173668,0.00139180421876,-0.0214009852465,-0.00366297192033,0.00599351258482,-0.0138887683422,0.573842848709,0.818950723381,0.0022010362451,0.0,0.818911159725,-0.573783594239,-0.011732278596,0.0,-0.00834540023013,0.00853510164259,-0.999928750629,0.0,0.661500250052,0.260641809557,0.303418408038,1.0,-0.00322,-0.004232,0.162
0.464916504875,0.546158879011,-0.124010217567,-1.3579840984,0.0793442833861,1.89492736411,0.158929744823,-0.000396775069156,-0.0199127326665,0.00734494815199,-0.0228330634502,-0.0031042959174,0.0094926124008,-0.00230428703954,0.573840615987,0.81895233768,0.00218241938073,0.0,0.818912591504,-0.573781493028,-0.0117351027347,0.0,-0.00835841889226,0.00852145335715,-0.999928758295,0.0,0.661446094113,0.260570858875,0.303411780875,1.0,-0.00356,-0.00467885714286,0.179
0.464866682998,0.545862879423,-0.124010929913,-1.35848088626,0.079302821654,1.89509435257,0.158896553518,-0.00828174536553,-0.0158737498711,0.000486646491545,-0.0320850808022,-0.00655808470143,0.0153472041936,-0.00629337172145,0.573871422436,0.818930845417,0.00214658734396,0.0,0.818890716433,-0.573812516561,-0.0117446702805,0.0,-0.00838649554212,0.00849791469908,-0.999928723529,0.0,0.661388610361,0.260487025302,0.303399356678,1.0,-0.00388,-0.00509942857143,0.195
0.464805390916,0.54551289332,-0.124013948029,-1.35908806949,0.0792729181816,1.89529306547,0.158801183695,-0.00272430171777,-0.0215725849124,-0.000829339840356,-0.0394111758069,-0.00233366285075,0.0138352275359,-0.0124100622825,0.573871502068,0.81893091132,0.00209964276712,0.0,0.818890086563,-0.573812691308,-0.011779996732,0.0,-0.0084423643338,0.00847974432764,-0.999928407648,0.0,0.661316337652,0.260385901263,0.303375441834,1.0,-0.00422,-0.00554628571429,0.212
0.464736495149,0.545127257697,-0.124016826858,-1.35977233972,0.0792362871558,1.89550972225,0.158733730353,-0.00410588571338,-0.0279656627576,-0.000929865580198,-0.0426651166989,-0.00160131496991,0.0204934497251,-0.00121038682407,0.573903011164,0.818909002928,0.00203115756351,0.0,0.818867207624,-0.573844387296,-0.011826341291,0.0,-0.00851929301013,0.00845058390014,-0.999928002047,0.0,0.661233119283,0.260271277549,0.303341587794,1.0,-0.00456,-0.00599314285714,0.229
0.46467544034,0.544699311944,-0.124019038105,-1.36047746547,0.0792081184214,1.89575582512,0.158643706955,-0.000485585463752,-0.0253029746113,0.000554504043223,-0.0423292235877,3.44830602045e-05,0.0198404893153,-0.00674318644396,0.573912629234,0.818902310387,0.00201170314587,0.0,0.818860116325,-0.573853938251,-0.0118538748113,0.0,-0.00855290636709,0.00845055463095,-0.999927715347,0.0,0.661149348832,0.260163686692,0.303330270453,1.0,-0.0049,-0.00644,0.246
0.464592359496,0.544253032035,-0.124017293123,-1.36122753961,0.0791714518883,1.89601956835,0.158540087766,-0.00622796523216,-0.0253948058858,0.000311731363111,-0.0434608314037,-0.00356353509181,0.0121165859111,0.000228180615628,0.573926619131,0.818892577765,0.0019821289361,0.0,0.818849885283,-0.573867935041,-0.0118829880221,0.0,-0.00859357590635,0.00844319175022,-0.99992742885,0.0,0.661064445559,0.26003855644,0.303311881194,1.0,-0.00524,-0.00688685714286,0.263
0.464521431663,0.543745341268,-0.124022229438,-1.36204959207,0.0791225698625,1.89631265834,0.158462751634,-0.0120314842883,-0.0362666764048,0.000604758079352,-0.0502058864633,-0.000329009017368,0.0155164143394,-0.0078236747367,0.573957563151,0.81887093699,0.00196243645671,0.0,0.818827985846,-0.573898953984,-0.0118939947999,0.0,-0.00861357227451,0.00843370853768,-0.999927336827,0.0,0.660969401204,0.259909876996,0.303305385289,1.0,-0.00558,-0.00733371428571,0.28
0.464445051825,0.543229576952,-0.124024268633,-1.36290077699,0.0790771101858,1.89660979611,0.158334437646,-0.00263370613181,-0.0352312541673,-0.00119088211845,-0.056269558342,-0.000266401701936,0.0184067774061,-0.00125375891444,0.573951659095,0.818875146689,0.00193237143288,0.0,0.818831724898,-0.573893098085,-0.0119191095448,0.0,-0.00865145451597,0.00842344190909,-0.999927096323,0.0,0.660869104812,0.259776753247,0.303290942647,1.0,-0.00592,-0.00778057142857,0.297
0.464374655997,0.542655784605,-0.124026660807,-1.3638007437,0.0790201765279,1.89692494966,0.158233475156,-0.00366593754444,-0.0408228114146,0.0005816442966,-0.0520222236262,-0.00339874785124,0.0126883753051,-0.00345676208552,0.573963050379,0.81886718896,0.00192107945349,0.0,0.818823624148,-0.5739045391,-0.01192474064,0.0,-0.00866242940723,0.00841754781698,-0.999927050942,0.0,0.660761732671,0.259641729116,0.303295816465,1.0,-0.00626,-0.00822742857143,0.314
0.464303262674,0.542107288628,-0.12403253323,-1.36466939042,0.0789681057237,1.89725022201,0.158095607956,-0.00387543648164,-0.0336355229817,-0.000384477736183,-0.0573009681389,-0.00198348558471,0.0194213815378,-0.00823561621677,0.573947142617,0.818878332524,0.00192377385779,0.0,0.818834822739,-0.573888641394,-0.0119208745711,0.0,-0.00865788061642,0.00841736698379,-0.99992709186,0.0,0.660663582333,0.259508893722,0.303298638851,1.0,-0.00658,-0.008648,0.33
0.464214415031,0.541475653437,-0.124030104562,-1.36562286924,0.0789119480079,1.8976045582,0.157983747957,-0.00564616325875,-0.039054116527,0.000991367351305,-0.0514282727447,-0.00100521858645,0.0210272201152,-0.00419692730068,0.573964499276,0.81886609829,0.00195282983962,0.0,0.818822936717,-0.573905845515,-0.0119090591868,0.0,-0.00863135055058,0.00843456144862,-0.999927176329,0.0,0.660556569637,0.259361683816,0.303322036443,1.0,-0.00692,-0.00909485714286,0.347
0.464144353212,0.540838341172,-0.124037842059,-1.36659558426,0.078861360686,1.89796173303,0.157853159057,-0.00571750037638,-0.0378711901554,-0.000864629949786,-0.0600323653427,0.000115890317633,0.013631052837,-0.00231174024149,0.573960743312,0.818868679756,0.00197417142198,0.0,0.818825746901,-0.57390195352,-0.0119033969339,0.0,-0.00861450395209,0.00844874760579,-0.999927201843,0.0,0.660442815337,0.259219879297,0.303340794687,1.0,-0.00724,-0.00951542857143,0.363
0.46404671687,0.540122362414,-0.12403621458,-1.36768479022,0.0787914903698,1.89836380259,0.157713816474,-0.00349801982292,-0.0457849473359,0.000582300834117,-0.0632106603562,-0.00457166106753,0.0210907667318,-0.014864469224,0.573967053706,0.818864201306,0.00199699300023,0.0,0.81882158346,-0.573908186793,-0.0118892595735,0.0,-0.00858976379254,0.00845938712817,-0.999927324723,0.0,0.660319079096,0.259052436014,0.30336316757,1.0,-0.00758,-0.00996228571429,0.38
0.463944422613,0.539331045002,-0.124039510646,-1.36889635969,0.0787188798007,1.89882471072,0.157565897461,-0.00987386937946,-0.0424444590407,0.000689406120736,-0.0666714827563,-0.00404165399067,0.0318794963989,-0.00847089204089,0.573979656957,0.818855284855,0.00203045936071,0.0,0.818813119937,-0.573920669098,-0.0118695872927,0.0,-0.00855431638593,0.00847563158872,-0.999927491041,0.0,0.660183040728,0.258869085159,0.303385684346,1.0,-0.00794,-0.0104354285714,0.398
0.463845997579,0.538619706825,-0.124039677317,-1.3700005257,0.0786667929327,1.89924986383,0.157432100093,-0.00465425482166,-0.0483961769861,-2.12319877053e-05,-0.0715320620961,-0.00157908340245,0.0245886670728,-0.00963249128329,0.573997983036,0.818842352659,0.00206491229323,0.0,0.818800516874,-0.57393873504,-0.011865449399,0.0,-0.00853096359919,0.00850165895913,-0.999927469597,0.0,0.660059509371,0.258702702863,0.303399518189,1.0,-0.00826,-0.010856,0.414
0.463738637216,0.537844708654,-0.124051092048,-1.37123260033,0.0785902355969,1.8997201207,0.157276964787,-0.0075242549549,-0.0431828952869,0.000718585577523,-0.0691066035581,-0.00141552031589,0.0273872358431,-0.0125170833265,0.574014471817,0.818830779426,0.00207067879419,0.0,0.818789099895,-0.573955279574,-0.0118530098933,0.0,-0.00851729628756,0.0084994120794,-0.999927605209,0.0,0.659923046406,0.258508665682,0.303401565088,1.0,-0.0086,-0.0113028571429,0.431
0.463630254527,0.537009706938,-0.124052293453,-1.3725136999,0.0785142463113,1.90019341248,0.157116257916,-0.00243002050031,-0.0483200942317,-0.000256548502151,-0.0766408489587,-0.00435549420359,0.0355634974776,-0.0055753366947,0.574022650059,0.818824986319,0.00209425419325,0.0,0.8187835927,-0.573963341636,-0.0118430437215,0.0,-0.00849551854327,0.00851308021731,-0.999927674199,0.0,0.659775030094,0.258315164995,0.303422427495,1.0,-0.00894,-0.0117497142857,0.448
0.463516646757,0.536220137336,-0.124055358712,-1.37374880716,0.0784396412724,1.90066369858,0.156962510366,-0.0092857639259,-0.0491063189047,-0.00015148552864,-0.0794041056647,-0.00179769028324,0.0224379762178,-0.00844131457205,0.574039966215,0.818812797416,0.00211349875807,0.0,0.818771673506,-0.573980598569,-0.0118307240531,0.0,-0.00847420412985,0.00852194542471,-0.999927779547,0.0,0.659637303527,0.258122030054,0.3034327651,1.0,-0.00926,-0.0121702857143,0.464
0.463398722747,0.53533181022,-0.124058441903,-1.3751479316,0.0783657852682,1.9011694651,0.156799863626,-0.00690066552416,-0.0559564000194,0.00116664846324,-0.0857602301544,-0.00637240917049,0.0299154431327,-0.00372865872014,0.574062495778,0.818797001031,0.00211398780862,0.0,0.818755770886,-0.574003010195,-0.0118439363983,0.0,-0.00848450759076,0.00853016363864,-0.9999276221,0.0,0.659471955761,0.257910410701,0.303437672777,1.0,-0.0096,-0.0126171428571,0.481
0.463275760296,0.534441128072,-0.124061643712,-1.37658912624,0.0782828271515,1.90169236344,0.156623714091,-0.0059702641062,-0.051076621567,-0.000172450851676,-0.0859364454482,-0.00539392403107,0.0314168657801,-0.00554527878455,0.574077951165,0.818786224125,0.00209094958363,0.0,0.818744638611,-0.574018500021,-0.0118627686187,0.0,-0.00851299168283,0.00852227174512,-0.999927447297,0.0,0.659301790115,0.257690147496,0.303425528925,1.0,-0.00994,-0.013064,0.498
0.463143399723,0.533520678793,-0.124065252113,-1.37805643587,0.0781975592476,1.90223534975,0.156432435253,-0.00348745264017,-0.0552091252294,0.00104861091634,-0.078520810026,-0.00223665617,0.0323088584753,-0.0155481247512,0.574089709653,0.818777988023,0.00208770205357,0.0,0.818736327011,-0.574030236857,-0.0118684838117,0.0,-0.00851941321708,0.00852301603121,-0.999927386262,0.0,0.659132618036,0.257461752893,0.303423520457,1.0,-0.01028,-0.0135108571429,0.515
0.46301170919,0.532586459963,-0.124071361745,-1.37959274239,0.0781197901506,1.90281356026,0.156238318015,-0.0109926952522,-0.0548098155118,-0.000149362620623,-0.0915952500755,-0.00300551646727,0.0288356991476,-0.00717360045723,0.57410614707,0.818766502662,0.0020719352772,0.0,0.818724519197,-0.574046618928,-0.0118906628823,0.0,-0.00854645356769,0.00852301096148,-0.999927155555,0.0,0.658954362796,0.257227948921,0.303401364091,1.0,-0.01062,-0.0139577142857,0.532
0.462878459315,0.531607576164,-0.124068452813,-1.38115237469,0.0780133815281,1.90338198516,0.15604326117,-0.00718471833813,-0.0551745914148,0.00133125436277,-0.0908903351298,-0.00334245476249,0.0331720142582,-0.00690489630629,0.574109879979,0.818763928462,0.00205476531085,0.0,0.818721781355,-0.574050480879,-0.0118927305165,0.0,-0.0085579645104,0.00851017905235,-0.999927166396,0.0,0.658769398236,0.256990934395,0.30339817963,1.0,-0.01096,-0.0144045714286,0.549
0.462746216912,0.530657084694,-0.124075894673,-1.38269605299,0.0779260091549,1.90392762704,0.155850971014,-0.0062187938758,-0.065296204852,-0.000686990018759,-0.0955250698169,-0.0103455297523,0.0347210086772,-0.0132062396564,0.574126401273,0.818752441619,0.00201534254868,0.0,0.818709703095,-0.574067084578,-0.0119227246258,0.0,-0.00860498374934,0.00849529504318,-0.999926889436,0.0,0.658583486166,0.256751639972,0.303380774946,1.0,-0.01128,-0.0148251428571,0.565
0.462607005176,0.529630217494,-0.124079860221,-1.38434069405,0.0778136007911,1.90452725001,0.155625682589,-0.00576633954702,-0.0583896613445,-0.00017035418624,-0.0982658350581,-0.0148096030023,0.0428539115708,-0.0125722680248,0.574117758888,0.818758560878,0.00199118556254,0.0,0.818715604126,-0.574058638277,-0.0119241888898,0.0,-0.00862014042685,0.00847626648712,-0.999926920372,0.0,0.658388714938,0.256498446323,0.303373435591,1.0,-0.01162,-0.015272,0.582
0.462473644653,0.528533671582,-0.124074837817,-1.38603803873,0.0777177890838,1.9051682725,0.155401625415,-0.00530931276847,-0.0663486698874,0.000118531523007,-0.105839322904,-0.00481351652592,0.0406707092591,-0.010099700876,0.574106272266,0.818766520432,0.00202979437172,0.0,0.818723972324,-0.574046900623,-0.011914693792,0.0,-0.0085903206004,0.00850230544486,-0.999926955929,0.0,0.658186783413,0.256254487349,0.303393147641,1.0,-0.01196,-0.0157188571429,0.599
0.462329365932,0.527424715705,-0.124080136444,-1.38775047355,0.0776097388353,1.9058299368,0.155152704953,-0.00748439923431,-0.0675595327363,-0.00174695739305,-0.103963434182,-0.0131320092433,0.0400721214305,-0.00792274875466,0.574088024436,0.818779202737,0.00207467249985,0.0,0.818737317245,-0.57402854962,-0.0118817706223,0.0,-0.00853778981013,0.00851995805565,-0.999927255584,0.0,0.657991089891,0.255995161882,0.303416244992,1.0,-0.0123,-0.0161657142857,0.616
0.462179780162,0.526274705133,-0.124083314868,-1.38955120359,0.0775007175574,1.90650491492,0.15490786515,-0.0106858993622,-0.0683063876807,-0.000903616723674,-0.104992057368,-0.00973993063624,0.0404134016534,-0.0140824641569,0.574080164937,0.818784664605,0.00209383263675,0.0,0.818743027029,-0.574020612232,-0.0118717869712,0.0,-0.00851869803272,0.0085298325193,-0.99992733423,0.0,0.657778827287,0.255724420267,0.303427025459,1.0,-0.01264,-0.0166125714286,0.633
0.462042739332,0.525151007875,-0.124086500867,-1.3912779166,0.0773873629893,1.90712268981,0.154685684494,-0.00830544157396,-0.0693665210273,0.000399721907399,-0.108772685995,-0.00220755731452,0.0456559279671,-0.0113580349449,0.574074918097,0.818788322886,0.002101813239,0.0,0.818746828553,-0.574015373422,-0.0118629132427,0.0,-0.00850690551155,0.00853121812421,-0.999927422804,0.0,0.657568306121,0.255465847964,0.303449234312,1.0,-0.01296,-0.0170331428571,0.649
0.461886150278,0.523981652375,-0.124090087881,-1.39317184028,0.0772700914031,1.90779685391,0.154420752673,-0.0106903287258,-0.0689576962846,0.000396054368711,-0.114863656928,-0.00580094546705,0.043166172096,-0.0121130812286,0.574058766183,0.818799762345,0.00205646610709,0.0,0.818757642952,-0.573999372014,-0.0118907499946,0.0,-0.00855589774322,0.00850990045552,-0.999927186453,0.0,0.657335684013,0.255178163689,0.303428634429,1.0,-0.0133,-0.01748,0.666
0.461728785219,0.522770718738,-0.12409255075,-1.39510264029,0.0771494183331,1.90853520619,0.154168165363,-0.0094775516869,-0.0681668036981,-0.000654160102663,-0.11594953508,-0.00969534401249,0.0469621969365,-0.00987287539454,0.574053664479,0.818803311329,0.0020675000529,0.0,0.818761378583,-0.573994268949,-0.0118798592794,0.0,-0.00854069936962,0.00851262984087,-0.999927293151,0.0,0.657107806688,0.254890603754,0.303424917417,1.0,-0.01364,-0.0179268571429,0.683
0.461550600099,0.521465704117,-0.124093603516,-1.39719245641,0.0770299671528,1.90934501109,0.153878918915,-0.0130235727203,-0.0705666803786,-0.00297002845135,-0.115156635778,-0.00805749074499,0.04177708189,-0.0173524298211,0.574043316031,0.818810509655,0.00208985633572,0.0,0.818768818503,-0.573983782084,-0.0118737800841,0.0,-0.00852299637269,0.00852733747381,-0.999927318883,0.0,0.656863440112,0.254577609442,0.303417454926,1.0,-0.014,-0.0184,0.701
0.461389628209,0.520248074656,-0.12410458315,-1.39910340478,0.0769072948996,1.91005316964,0.153621599312,-0.00742697677506,-0.0730365447155,-0.00160395028659,-0.118400548964,-0.00190347790597,0.0425823368448,-0.0178220506863,0.574040965723,0.818812142427,0.00209570650577,0.0,0.81877060813,-0.573981489345,-0.0118611994562,0.0,-0.00850936122862,0.00852488141104,-0.999927455953,0.0,0.656636012885,0.254282898342,0.303424832643,1.0,-0.01432,-0.0188205714286,0.717
0.461218909653,0.518940963534,-0.124108175948,-1.40116552119,0.0767639939909,1.9107865776,0.153340050561,-0.0126452339266,-0.0770298531027,-0.000498277814738,-0.128346464275,-0.0153513031604,0.0489162779801,-0.016326455563,0.574023419422,0.81882451571,0.00206720310016,0.0,0.818782709499,-0.573964158815,-0.0118644815267,0.0,-0.00852859205358,0.00850324412484,-0.999927476349,0.0,0.65638150631,0.253967798712,0.303424665958,1.0,-0.01466,-0.0192674285714,0.734
0.461045966784,0.517572528659,-0.124114595826,-1.40328492939,0.0766313604636,1.9115483025,0.153054165434,-0.0063435770679,-0.0841178050494,-0.000808478975114,-0.123912639681,-0.00595121718812,0.0412776072256,-0.0171727109352,0.57401186334,0.818832600217,0.00207375675026,0.0,0.818790875733,-0.573952574209,-0.0118613353232,0.0,-0.00852237410176,0.00850668407621,-0.999927500105,0.0,0.656120593252,0.253647268201,0.303442414586,1.0,-0.015,-0.0197142857143,0.751
0.460865073213,0.516318758179,-0.124112780331,-1.40528434715,0.0765006062621,1.9123023049,0.152776242819,-0.0127351177124,-0.0823656904315,0.00131849302513,-0.13077145529,-0.00820456208448,0.0469063166612,-0.016779372568,0.574001599324,0.818839792877,0.00207472280023,0.0,0.818798134413,-0.573942360934,-0.011854463697,0.0,-0.00851629926123,0.00850342399673,-0.999927579591,0.0,0.655882849525,0.253338866917,0.303435544101,1.0,-0.01532,-0.0201348571429,0.767
0.460682768116,0.51494214967,-0.124121094144,-1.4074853094,0.0763665831466,1.91312570138,0.152485001988,-0.00682636535573,-0.0768821106825,-0.000518744785335,-0.1282982999,-0.00454380417587,0.0467242181748,-0.0220573660427,0.573998285741,0.818842126935,0.00207027168463,0.0,0.818800419526,-0.573939074595,-0.0118557386072,0.0,-0.00851993243778,0.00850047662115,-0.999927573701,0.0,0.655616460235,0.253005551751,0.303424866149,1.0,-0.01566,-0.0205817142857,0.784
0.460500031199,0.513605385582,-0.124116389741,-1.40961818944,0.076250146541,1.91386114784,0.152175428631,-0.0112251672013,-0.0834071068899,0.000972053407557,-0.128819409453,-0.00361336585436,0.0508023031498,-0.0190211188281,0.57397156613,0.81886096015,0.00202882191545,0.0,0.818818447721,-0.573912262983,-0.0119084411133,0.0,-0.00858715707664,0.00849650699158,-0.999927032389,0.0,0.655343002277,0.252684088534,0.303410217263,1.0,-0.01598,-0.0210022857143,0.8
0.460297215963,0.51218748433,-0.12412734377,-1.41190179206,0.0761103335585,1.91466712925,0.151863248222,-0.0142656209244,-0.0858243433355,-0.000215847972284,-0.135479574659,-0.0138458807549,0.0478021945308,-0.0296391353574,0.573971550847,0.818861101428,0.00197542098176,0.0,0.818817846186,-0.573912422521,-0.0119420662128,0.0,-0.00864534130079,0.00847207933185,-0.999926738289,0.0,0.655058952825,0.252324595496,0.303386867578,1.0,-0.01632,-0.0214491428571,0.817
0.460102264208,0.510743732818,-0.124128064658,-1.41420665859,0.0759701153818,1.9155483087,0.151536916708,-0.0104510615689,-0.0845733829833,-0.000433470641243,-0.136976405567,-0.00243735542248,0.0461051450307,-0.0227040565234,0.573947291303,0.818878069299,0.00199030866675,0.0,0.818834998186,-0.573888094218,-0.0119351565297,0.0,-0.00863138966912,0.00848004842222,-0.999926791266,0.0,0.654780369167,0.251979071174,0.303377229786,1.0,-0.01666,-0.021896,0.834
0.459907707064,0.509257248045,-0.124133757461,-1.41656056369,0.0758268667039,1.9164236987,0.151206223734,-0.0127702323852,-0.0866614795308,-0.000513442973767,-0.138799933751,-0.00351723730711,0.0477049414601,-0.0244852582998,0.573923847402,0.81889448875,0.00199513910211,0.0,0.818851459345,-0.573864612253,-0.0119348746733,0.0,-0.00862862949451,0.00848359509161,-0.999926785003,0.0,0.654490300906,0.251624862115,0.303373317661,1.0,-0.017,-0.0223428571429,0.851
0.459695063121,0.507726625156,-0.124140074419,-1.41893854696,0.0756710306772,1.91726900349,0.150871582341,-0.0124761134243,-0.0928663690755,-0.00071488329544,-0.139586801745,-0.00765929833012,0.0470482681023,-0.0245421197173,0.573909414213,0.818904622021,0.00198776544015,0.0,0.818861524858,-0.573850239359,-0.0119353590796,0.0,-0.00863340726199,0.00847768279885,-0.999926793907,0.0,0.654194019911,0.251252257344,0.303385653004,1.0,-0.01734,-0.0227897142857,0.868
0.4594961881,0.506262816284,-0.124145081634,-1.42123777273,0.0755264250512,1.91812334977,0.150568609254,-0.0120786694045,-0.0960191804126,-0.00106982228739,-0.145987300466,-0.0169927273731,0.0587134588037,-0.0215773564026,0.573907627968,0.818905844674,0.00199975490984,0.0,0.818862922193,-0.573848421676,-0.0119268813657,0.0,-0.00861960261444,0.00848261665946,-0.999926871159,0.0,0.653911335661,0.250900333834,0.30338902194,1.0,-0.01766,-0.0232102857143,0.884
0.459274991155,0.504652318725,-0.124143957249,-1.42370463966,0.0753657462406,1.91908402931,0.150223157564,-0.0123150163412,-0.0996488503666,0.000382471246737,-0.150815236311,-0.00899755694899,0.0571761408175,-0.0197934159187,0.573888997044,0.818918696638,0.00208189066991,0.0,0.818876948441,-0.573829560915,-0.0118711934474,0.0,-0.00852705602876,0.0085177235726,-0.999927366212,0.0,0.653617686748,0.250524090325,0.303423554006,1.0,-0.018,-0.0236571428571,0.901
0.45904099527,0.502979756647,-0.124152501864,-1.42618004094,0.0752095950497,1.9200160585,0.149885332822,-0.019134275341,-0.0994197112852,-0.00156099996177,-0.141338786471,-0.0180735418749,0.051268340495,-0.0183337210503,0.573894967689,0.818914234059,0.00218865679148,0.0,0.818873941442,-0.573835174626,-0.011807086465,0.0,-0.00841322489744,0.00856842648737,-0.999927897258,0.0,0.653321972519,0.250132543914,0.303494492653,1.0,-0.01834,-0.024104,0.918
0.458825038446,0.501384882846,-0.12415294444,-1.42856691554,0.0750612264458,1.92087003638,0.149550143741,-0.0126960229968,-0.103135653833,-0.000424127585603,-0.150015665487,-0.00974240025009,0.0566734797739,-0.0207373593315,0.573874544992,0.818928397533,0.00224348489991,0.0,0.818888729398,-0.573814451775,-0.0117885834323,0.0,-0.00836682276879,0.00860249807719,-0.999927994059,0.0,0.653001445232,0.249738999686,0.303547111706,1.0,-0.01868,-0.0245508571429,0.935
0.45858228796,0.499684541614,-0.124156766668,-1.43116349378,0.0748924881962,1.92179371512,0.149184704719,-0.0169482639325,-0.102789806442,-0.00186921417137,-0.156090928128,-0.00878810154514,0.0630166722319,-0.0230153230075,0.573868084964,0.818932870882,0.00226295185272,0.0,0.818893483512,-0.573807946505,-0.0117749773026,0.0,-0.0083445768703,0.0086105659809,-0.999928110511,0.0,0.652695854805,0.249352337265,0.303576282022,1.0,-0.019,-0.0249714285714,0.951
0.458324390723,0.498007087289,-0.124151129449,-1.43379301891,0.0747287084988,1.92277750294,0.148793492189,-0.0172955626186,-0.101829531216,3.57297929825e-05,-0.155113689881,-0.0115366699198,0.0675572375956,-0.0245855322028,0.573844295001,0.818949467707,0.00228939704873,0.0,0.818910377542,-0.573784010749,-0.0117664550179,0.0,-0.00832267289011,0.00862709018412,-0.999928150634,0.0,0.652373275459,0.248937898999,0.303579572786,1.0,-0.01934,-0.0254182857143,0.968
0.458067810667,0.496339966026,-0.124151919959,-1.4364691085,0.0745657075712,1.92372565939,0.148395889948,-0.0164613528414,-0.09791258614,-0.000393779691109,-0.162394739901,-0.00515382383235,0.0562344977991,-0.0162746090615,0.573820655293,0.8189661706,0.0022391678923,0.0,0.818926291937,-0.573760426795,-0.0118088068689,0.0,-0.00838642887997,0.0086100165243,-0.999927765104,0.0,0.652031866071,0.248512831535,0.303550046889,1.0,-0.01968,-0.0258651428571,0.985
0.457799679134,0.494652468934,-0.124156505863,-1.43922729262,0.0743999619454,1.92466945112,0.148013128319,-0.014826864378,-0.101704753145,-2.2272456309e-05,-0.161179205397,-0.0129347000126,0.0627166185688,-0.0244446046056,0.573824095988,0.818964041302,0.00213373368111,0.0,0.818922591468,-0.573764081272,-0.0118876038849,0.0,-0.00851142424505,0.00856892124664,-0.999927061963,0.0,0.651672794629,0.248068012836,0.303494814247,1.0,-0.0208051428571,-0.0273439020408,1.002
0.457480639702,0.492399069499,-0.12422849055,-1.44259514751,0.0741968569955,1.92590653022,0.147531105981,-0.0156016040842,-0.166847179147,-0.00677545272519,-0.233789989107,-0.0123822230517,0.0843976937751,-0.0336907263361,0.573856573082,0.818941036374,0.00222696523551,0.0,0.818901021165,-0.573796410192,-0.0118128780433,0.0,-0.00839638758603,0.00860272744675,-0.999927744268,0.0,0.651267459346,0.247499568285,0.303569715583,1.0,-0.0348325714286,-0.0457799510204,1.019
0.457108359641,0.489314672695,-0.124282697298,-1.44744035841,0.0739387355644,1.92778988379,0.146795902106,-0.0263125110704,-0.216346719246,0.00073052874508,-0.339037595612,-0.0136584810039,0.126628010906,-0.0486212133706,0.573772125147,0.818999897882,0.00233721530387,0.0,0.818961217594,-0.573711448808,-0.0117662434171,0.0,-0.00829582469925,0.00866539801724,-0.999928042496,0.0,0.650663154213,0.246777592493,0.303573815374,1.0,-0.0480348571429,-0.0631315265306,1.035
0.45641965153,0.484569239689,-0.124363986534,-1.45493771411,0.0735179230695,1.93063550201,0.145660726822,-0.0379714653513,-0.294988621836,-0.00852751766018,-0.460255812307,-0.0316324786628,0.175359500328,-0.0721456855251,0.573724236173,0.819033210572,0.00241820370003,0.0,0.818995491762,-0.573663167986,-0.0117346099786,0.0,-0.00822395922692,0.00871309582937,-0.999928221652,0.0,0.649733979389,0.245581073954,0.303550879812,1.0,-0.0628874285714,-0.0826520489796,1.053
0.455606539552,0.479234154197,-0.124520130279,-1.46346544963,0.0730091361764,1.93356718774,0.144363457241,-0.056905651949,-0.356083584283,-0.00711450543016,-0.569026799029,-0.033711344845,0.189426697695,-0.0759055823405,0.573720134073,0.819036748947,0.00218140652583,0.0,0.81899589051,-0.573659911861,-0.0118652329861,0.0,-0.00846683938796,0.00859405150187,-0.999927224807,0.0,0.648625431089,0.244139111379,0.30345071172,1.0,-0.0760897142857,-0.10000362449,1.069
0.454518187685,0.472355869999,-0.124679638151,-1.47422000408,0.0723805986778,1.93734971367,0.142800997861,-0.0668663426749,-0.430078022825,-0.0121109177086,-0.659306321514,-0.0372503811775,0.230883638229,-0.0988649620811,0.573797004369,0.818983110676,0.00209978686301,0.0,0.818940949604,-0.573736861282,-0.0119365811229,0.0,-0.00857129823877,0.00856894091695,-0.999926550352,0.0,0.647236485044,0.242313542133,0.303424543533,1.0,-0.0901171428571,-0.118439673469,1.086
0.453241349155,0.464337350461,-0.124800169849,-1.48640610024,0.0716521921263,1.94190203025,0.140858080782,-0.0819134188142,-0.490871786666,-0.00200559719704,-0.742140084215,-0.0490909906475,0.281688107231,-0.119294216552,0.573721873466,0.819034842744,0.00242593858722,0.0,0.818996934102,-0.573660469227,-0.0117658352265,0.0,-0.00824512268041,0.00873732151482,-0.999927835979,0.0,0.6456953772,0.240273013572,0.303556851721,1.0,-0.104144571429,-0.136875722449,1.103
0.451685741881,0.455340385487,-0.124904574635,-1.50050133137,0.0707700052219,1.94675785006,0.138700362927,-0.097884159334,-0.556336185269,-0.00921105968204,-0.848009158283,-0.0554561109767,0.287689760313,-0.129839576783,0.573720120673,0.819036652866,0.00222065260128,0.0,0.818995496863,-0.57365891818,-0.0119402098798,0.0,-0.00850573612736,0.00866921004282,-0.999926245905,0.0,0.643803578709,0.237851301173,0.303464404338,1.0,-0.118172,-0.155311771429,1.12
0.450011604473,0.445658084792,-0.125075180709,-1.51505738889,0.0697603888584,1.95197553009,0.13640320748,-0.106910267721,-0.621954217224,-0.0088837140149,-0.92927576688,-0.0600047442929,0.336865733822,-0.144450114622,0.573718848955,0.819036892544,0.00244906263363,0.0,0.818999576557,-0.573657670183,-0.0117182737892,0.0,-0.00819293272506,0.00872894386918,-0.999928338128,0.0,0.641898630964,0.235278764466,0.303634384689,1.0,-0.131374285714,-0.172663346939,1.136
0.447868020183,0.433795294159,-0.125210245452,-1.53317073598,0.0685945670938,1.95820646064,0.133500834505,-0.124289407969,-0.693985325541,-0.0101853326759,-1.02544002426,-0.0649587136949,0.368694653806,-0.169341950291,0.573678835573,0.819064960827,0.00243525408368,0.0,0.819026863672,-0.57361707366,-0.0117981477124,0.0,-0.00826670523246,0.00876305487192,-0.999927432594,0.0,0.639410395344,0.232089157024,0.303663790027,1.0,-0.146226857143,-0.192183869388,1.154
0.4457088797,0.422269472412,-0.125349096633,-1.55054899859,0.067393243722,1.96427263792,0.130619404939,-0.137740350879,-0.734882550132,-0.0140358535429,-1.12401022754,-0.0789900256867,0.381751752009,-0.183110045673,0.573603460458,0.819117315425,0.00257694079421,0.0,0.819081284104,-0.573541429254,-0.0116972586805,0.0,-0.00810360084142,0.0088204818534,-0.999928262804,0.0,0.637019224205,0.228963802256,0.303765199787,1.0,-0.159429142857,-0.209535444898,1.17
0.443272056271,0.409893179253,-0.125500937679,-1.56898689809,0.0660696649977,1.97080937572,0.127548280702,-0.1564162246,-0.774773407575,-0.00869344874353,-1.17501009583,-0.0840234122652,0.415056256557,-0.203580734149,0.573594541817,0.819122433555,0.00291330501168,0.0,0.819091497945,-0.573532225971,-0.0114302523088,0.0,-0.00769204987485,0.00894276587787,-0.999930427233,0.0,0.634483449403,0.225566131416,0.303945107388,1.0,-0.172631428571,-0.226887020408,1.186
0.440346453188,0.395865754411,-0.125667237437,-1.58988608952,0.0647007690205,1.97794445957,0.124002388687,-0.179749636328,-0.852735662637,-0.0125704741153,-1.24743462656,-0.0827911274932,0.435347660287,-0.211806514589,0.573670699472,0.819068186005,0.00315945287701,0.0,0.819039654393,-0.573606713285,-0.0114074496665,0.0,-0.00753134072636,0.00913201264137,-0.999929940172,0.0,0.631508356129,0.22163611173,0.304078879102,1.0,-0.186658857143,-0.245323069388,1.203
0.437113539518,0.381062463821,-0.125833219729,-1.61206961917,0.0630157457137,1.98535849878,0.120079218124,-0.199892634276,-0.902002764405,-0.00920940260716,-1.31268220368,-0.103976240166,0.442621343351,-0.235654998214,0.573603806213,0.819115245981,0.00310390077962,0.0,0.819086437655,-0.573540523584,-0.0113763947796,0.0,-0.00753851066963,0.00906808096761,-0.999930467965,0.0,0.628265239491,0.217368378825,0.304095801965,1.0,-0.200686285714,-0.263759118367,1.22
0.433540213903,0.365421663978,-0.126000647884,-1.63541747693,0.0612711353054,1.99308129385,0.115905696281,-0.216946259783,-0.924345842529,-0.00779123514468,-1.37594157516,-0.100352511598,0.455560117256,-0.24873564887,0.573598028542,0.819119441235,0.00306423625219,0.0,0.819090040707,-0.573534767692,-0.01140711901,0.0,-0.007586492986,0.0090531606734,-0.99993024027,0.0,0.624773595138,0.212803519001,0.304087091008,1.0,-0.214713714286,-0.282195167347,1.237
0.429540664925,0.348958505564,-0.126220493116,-1.65991696482,0.0594153121106,2.00106134767,0.111362718487,-0.241355377843,-0.965345843608,-0.00841165477983,-1.47022374707,-0.094741373735,0.455450027141,-0.286214579785,0.573640440601,0.819090111933,0.00296316409095,0.0,0.819059228714,-0.573577274107,-0.0114820463022,0.0,-0.00770537536125,0.00901374653725,-0.99992968731,0.0,0.621040375937,0.207856727186,0.304035006945,1.0,-0.228741142857,-0.300631216327,1.254
0.425411640556,0.332640924684,-0.126432467946,-1.68378837596,0.0575501892348,2.00881107864,0.106812209543,-0.260231089452,-1.01415022503,-0.00609194995284,-1.53091812598,-0.120514998519,0.476089258809,-0.290781950135,0.573699088577,0.819048737201,0.00304446326006,0.0,0.819018826005,-0.573635570569,-0.0114517128756,0.0,-0.00763324551394,0.00906348446463,-0.999929790941,0.0,0.61709877343,0.202623374438,0.304081726702,1.0,-0.242768571429,-0.319067265306,1.271
0.420449918676,0.313526256571,-0.126605794317,-1.71158960523,0.0552629645015,2.01758519761,0.101315196449,-0.28834794289,-1.06698071507,-0.00990992964444,-1.57214799156,-0.137338464973,0.486837246058,-0.32428175691,0.573577686092,0.819133726336,0.00305340739741,0.0,0.819104253061,-0.573514540099,-0.0114035877422,0.0,-0.00759003591331,0.00904207654385,-0.999930313675,0.0,0.612883048468,0.197157450266,0.304123263229,1.0,-0.256796,-0.337503314286,1.288
0.415608967943,0.295829241442,-0.126801791513,-1.73712629485,0.0531220139176,2.02548750037,0.0960309891501,-0.317063359348,-1.10871642317,-0.0191866204207,-1.61507533019,-0.145568154073,0.486991992259,-0.340609377669,0.57345897861,0.819216922848,0.00302986335871,0.0,0.819187182916,-0.57339596256,-0.0114094858254,0.0,-0.00760967896206,0.00902507107792,-0.999930318011,0.0,0.60869056976,0.191704967926,0.304141392528,1.0,-0.269998285714,-0.354854889796,1.304
0.409990695466,0.276333390394,-0.127004866193,-1.76489832848,0.0508568191044,2.03393754112,0.0901634501418,-0.340398545991,-1.15306909242,-0.0114516554336,-1.65381602074,-0.138462589226,0.483134614702,-0.361626940082,0.573471573928,0.819207597213,0.0031644061226,0.0,0.819178757145,-0.573407147655,-0.0114522383251,0.0,-0.00756741324839,0.00915992376883,-0.999929412535,0.0,0.604030110791,0.185636229939,0.304211288868,1.0,-0.284025714286,-0.373290938775,1.321
0.403798075426,0.256170461124,-0.127313049896,-1.79328982455,0.0483659801715,2.04245558192,0.0838749083275,-0.37817022212,-1.18130143612,-0.0159161882737,-1.68532014302,-0.152352895682,0.483958045401,-0.373208711996,0.573559660127,0.819145318927,0.00331808023792,0.0,0.819118756782,-0.573495137587,-0.0113373874329,0.0,-0.00738420713083,0.00922074737008,-0.999930223217,0.0,0.599200323079,0.179151481845,0.304312745519,1.0,-0.298053142857,-0.391726987755,1.338
0.397126213986,0.235341896706,-0.1275909313,-1.82238415279,0.0457562230202,2.050967411,0.0772083537321,-0.397940839991,-1.22591673072,-0.0143178668766,-1.69883954376,-0.153998694611,0.501660172591,-0.398418434421,0.573608637039,0.819110481737,0.00344922075072,0.0,0.819085606124,-0.573543745735,-0.011273352229,0.0,-0.007255981686,0.00929187817365,-0.99993050345,0.0,0.594099405919,0.172406296481,0.30438456886,1.0,-0.312080571429,-0.410163036735,1.355
0.390437515846,0.215139692077,-0.127792152131,-1.85037511802,0.0431999043024,2.05897602572,0.0704608743958,-0.430392754504,-1.28459721308,-0.0134339987832,-1.76222837751,-0.160521134785,0.51369622823,-0.433448336154,0.573460972821,0.819213286867,0.00358471377308,0.0,0.819189815568,-0.57339530396,-0.0112524827304,0.0,-0.00716286322681,0.00938960148681,-0.999930261955,0.0,0.589038139053,0.16587492386,0.304423614229,1.0,-0.325282857143,-0.427514612245,1.371
0.382254108352,0.191737778522,-0.128109340786,-1.88250422186,0.0400799319536,2.0677689685,0.0624175622104,-0.467096442742,-1.33454335484,-0.024143062211,-1.81800069803,-0.183381397596,0.502348502961,-0.460891673508,0.573377278834,0.819272069583,0.00353822268272,0.0,0.819247967879,-0.57331170164,-0.0112785987349,0.0,-0.00721187531149,0.00936575431421,-0.99993013331,0.0,0.583408556865,0.158552329112,0.304425306653,1.0,-0.339310285714,-0.445950661224,1.388
0.374242884773,0.170358143274,-0.128539911618,-1.91139191255,0.0373210011177,2.07537001305,0.05478659197,-0.513352832225,-1.35289130707,-0.0246263332783,-1.8115206901,-0.175978291226,0.470594646339,-0.487331629718,0.573544982811,0.819154458688,0.00358781341657,0.0,0.819130323187,-0.573478373369,-0.0113497054926,0.0,-0.00723976784492,0.0094486353206,-0.999929152016,0.0,0.577581907902,0.150783149173,0.304466030319,1.0,-0.353337714286,-0.464386710204,1.405
