position_joint1,position_joint2,position_joint3,position_joint4,position_joint5,position_joint6,position_joint7,velocity_joint1,velocity_joint2,velocity_joint3,velocity_joint4,velocity_joint5,velocity_joint6,velocity_joint7,ee_T_00,ee_T_10,ee_T_20,ee_T_30,ee_T_01,ee_T_11,ee_T_21,ee_T_31,ee_T_02,ee_T_12,ee_T_22,ee_T_32,ee_T_03,ee_T_13,ee_T_23,ee_T_33,v_x,v_y,time
0.465091035193,0.547656669078,-0.124024731057,-1.35581422093,0.0795209185319,1.89414317421,0.159135740172,0.000876238638827,0.000529377084742,-0.0010900884519,-0.000275358519617,3.767716886e-05,-0.000371720511628,0.000891052722413,0.573802224013,0.81897943598,0.00210667055364,0.0,0.818938399946,-0.573743090155,-0.0118114560955,0.0,-0.00846481495171,0.0085028368948,-0.999928021746,0.0,0.661695817706,0.260891187152,0.303316468494,1.0,0.0,0.0,0.0
0.465091730836,0.547659666813,-0.124026461471,-1.35580814233,0.0795198522891,1.89414663214,0.159129446004,-0.000331434955348,0.00180201605859,-0.000504447004926,0.00376929087669,-7.41580445071e-05,0.000694522658963,-0.00050431409301,0.573797123054,0.818982998965,0.0021108960435,0.0,0.818942046367,-0.573738001807,-0.0118057983514,0.0,-0.0084578097,0.00850299836396,-0.999928079651,0.0,0.661698098075,0.260891391516,0.30331759399,1.0,-8e-05,-0.000105142857143,0.005
0.465087912829,0.547656111395,-0.124021101718,-1.35581391258,0.0795206784334,1.89414667575,0.159130958929,-0.000175066621535,0.0020241419685,1.21840784207e-05,0.000706762211595,0.000233038856488,0.000321772921559,-8.32718825244e-05,0.573798272243,0.818982193361,0.00211107295445,0.0,0.818941203134,-0.573739110018,-0.0118104338365,0.0,-0.00846149279985,0.00850581491834,-0.999928024536,0.0,0.661696596501,0.260891465184,0.303317193992,1.0,-0.00042,-0.000552,0.022
0.465090722369,0.547646272336,-0.124021838543,-1.35582372179,0.0795205599619,1.89414458755,0.159130903671,9.72499625709e-05,-0.00122465723016,0.00031071625573,-0.000581719932785,8.67442802487e-05,0.000194257136403,0.000871505992421,0.573796913381,0.8189831489,0.00210971866414,0.0,0.818942133033,-0.573737748591,-0.0118120906478,0.0,-0.00846364090864,0.00850564241717,-0.999928007823,0.0,0.661693634036,0.260891701111,0.303319337832,1.0,-0.0008,-0.00105142857143,0.041
0.465090399192,0.547577132233,-0.124017518791,-1.35588461077,0.0795205599599,1.89416049327,0.159126105468,0.000602885809335,-0.00132710895866,0.00379142425561,-0.00686095732771,-0.000102418676897,0.0048914127411,-0.00137430787906,0.573793540509,0.8189854479,0.00213445514375,0.0,0.818944691701,-0.573734216409,-0.0118062592359,0.0,-0.00844470714579,0.00852252008173,-0.999928024196,0.0,0.661683769451,0.260888751509,0.303340574198,1.0,-0.00114,-0.00149828571429,0.058
0.465089670459,0.547456281002,-0.124016910162,-1.35603011207,0.0795185519348,1.89419128775,0.159123806152,0.00105779103411,-0.00768261155268,0.00142961764054,-0.00709471832863,0.00043290644915,0.000340573555748,-0.00204347256938,0.573799240876,0.818981426416,0.0021450540262,0.0,0.818940715624,-0.573739781142,-0.0118116353423,0.0,-0.00844296968674,0.00853434378476,-0.999927938023,0.0,0.661659910235,0.260874702501,0.303359579037,1.0,-0.00144,-0.00189257142857,0.073
0.465083270991,0.547328096231,-0.124019412786,-1.3562330074,0.0795141556727,1.89427071287,0.159118729519,0.00120645920316,-0.00859797198986,1.25793969695e-05,-0.0163653902618,0.000142500969672,0.00776757353171,-0.00455300870242,0.573821359747,0.818965901524,0.00215549076285,0.0,0.818925246398,-0.573761775331,-0.0118157895645,0.0,-0.00844015304524,0.00854550276589,-0.999927866498,0.0,0.661636043814,0.260845681087,0.303360754888,1.0,-0.00178,-0.00233942857143,0.09
0.465061307785,0.547120447238,-0.124024949258,-1.3564672975,0.0795125555193,1.89437110074,0.159109601675,-0.00361300619368,-0.0109550594629,-0.00071804517467,-0.0191745351832,-9.38806706602e-05,0.00678466487249,-0.00244501910788,0.573839374997,0.818953102788,0.00222126940498,0.0,0.818913270522,-0.573779499575,-0.0117850809151,0.0,-0.00837707101903,0.00858193568864,-0.999928084945,0.0,0.66161398523,0.26081504694,0.303405248178,1.0,-0.00214,-0.00281257142857,0.108
0.465045134116,0.546917330956,-0.12402265949,-1.35670361358,0.079509543518,1.89451086789,0.159093476544,0.000776902261277,-0.0140409342846,-0.000844031234668,-0.013554339373,0.000136818907814,0.00408885516299,-0.00226204276635,0.57385050177,0.818945038592,0.00231781892353,0.0,0.818906424415,-0.573790220541,-0.0117387292699,0.0,-0.00828359174842,0.00863451873,-0.999928411035,0.0,0.661596895018,0.260789304385,0.303448693825,1.0,-0.00248,-0.00325942857143,0.125
0.465024031368,0.546703466739,-0.124020102421,-1.35700739097,0.0795052397947,1.89462703586,0.159068409373,-0.00096551781096,-0.0116486529746,0.000709598285663,-0.020265655653,2.86271064869e-05,0.00165743495219,-0.00116085758339,0.573861324386,0.81893736709,0.00234862910661,0.0,0.818899023997,-0.573800791745,-0.011738261803,0.0,-0.00826541510913,0.00865959127136,-0.999928344629,0.0,0.661561186491,0.260750762898,0.303465566886,1.0,-0.0028,-0.00368,0.141
0.464980732343,0.546408133424,-0.124020023207,-1.35744803451,0.0794976916573,1.89479072723,0.158948806164,-0.0045693173742,-0.0171895538106,4.59997099993e-05,-0.0230213785139,-0.000219315572626,0.00807450697056,-0.000722382731948,0.573821428097,0.818965244505,0.00237567886255,0.0,0.818927080584,-0.5737606188,-0.0117446115946,0.0,-0.00825551667619,0.00868498476582,-0.999928206165,0.0,0.66151222226,0.260683625376,0.303479180274,1.0,-0.00318,-0.00417942857143,0.16
0.464943328709,0.546159605971,-0.124025113716,-1.35785023254,0.0794833239054,1.89493528708,0.158918802687,-0.00294655997492,-0.0158859207717,-0.00166369861394,-0.031779607061,-0.000271890720078,0.0156526529279,-0.000883043264402,0.573849736868,0.818945420608,0.00237159510338,0.0,0.81890713486,-0.573788866972,-0.0117553185649,0.0,-0.00826632859167,0.00868806988869,-0.999928090041,0.0,0.661467029709,0.260618938676,0.303476426374,1.0,-0.00348,-0.00457371428571,0.175
0.464900828809,0.545874553271,-0.124020103539,-1.35832812407,0.0794699625691,1.89508862233,0.158875506593,-0.000385507896637,-0.018611815845,0.000346243966255,-0.0355765592158,0.000489378782335,0.0154334949537,-0.00182340116276,0.573868658159,0.818932230753,0.00234766198349,0.0,0.818893437707,-0.573807670433,-0.0117916044093,0.0,-0.00830957843447,0.00868948449163,-0.999927719271,0.0,0.661406093163,0.260548978946,0.303463920185,1.0,-0.0038,-0.00499428571429,0.191
0.464828185308,0.54551913419,-0.124020103539,-1.35893958583,0.0794146550793,1.89528787329,0.158799921708,-0.000542752900727,-0.0194362070594,0.00102572156371,-0.0349302222381,-0.00571905161933,0.011894849509,-0.00326086744287,0.573885642929,0.818920494726,0.00228889909565,0.0,0.818881054091,-0.573824999093,-0.01180832621,0.0,-0.00835681371482,0.00865113154417,-0.999927658177,0.0,0.661336799392,0.260437574767,0.303441712076,1.0,-0.00416,-0.00546742857143,0.209
0.464757548457,0.54513485644,-0.12402033975,-1.35961926689,0.0793297959518,1.89549478006,0.158703449327,-0.00472406857366,-0.0260670733969,-0.000251199991029,-0.0405778159096,-0.00294927940392,0.0152334100081,-0.0031610766145,0.573879870472,0.81892481181,0.00218946804712,0.0,0.818884395169,-0.573819939078,-0.0118225109886,0.0,-0.00842554938299,0.0085777874413,-0.999927713227,0.0,0.661255226799,0.260315380019,0.30340805279,1.0,-0.0045,-0.00591428571429,0.226
0.464689757203,0.544747534851,-0.124028303319,-1.3602832795,0.0793155927203,1.89570727499,0.158630213252,-0.0106208558246,-0.0235377154973,-7.20067476673e-05,-0.0461114270425,0.000273372689154,0.0137820596245,-0.00235034075476,0.573914129029,0.818900915803,0.00214697423206,0.0,0.818859701984,-0.57385411408,-0.0118739682106,0.0,-0.00849171693782,0.0085728738579,-0.999927195638,0.0,0.661175445375,0.260204321521,0.303384847363,1.0,-0.00482,-0.00633485714286,0.242
0.464608712579,0.544280939011,-0.124028994228,-1.36106777232,0.0792861634976,1.89598762744,0.158537571468,-0.00445397302875,-0.0220897017866,-0.000266832422203,-0.0423878807892,-0.000601919002138,0.0226411838818,-0.0121265782797,0.573941059564,0.818882102069,0.00212366607538,0.0,0.818840404369,-0.57388095357,-0.0119075691732,0.0,-0.00853232803647,0.00857335151962,-0.999926845835,0.0,0.661086127709,0.26007760084,0.303365991806,1.0,-0.00518,-0.006808,0.26
0.4645614862,0.543870987882,-0.124033741301,-1.36171751172,0.0792576625125,1.89622191582,0.15844206857,-0.00149561254909,-0.0325666090147,-0.000545401300129,-0.0515576927712,0.000409218255935,0.0150810082738,-0.00106585817898,0.57393346313,0.818887426234,0.0021236658378,0.0,0.818845639676,-0.573873268817,-0.0119179118287,0.0,-0.00854087752565,0.0085792080969,-0.999926722615,0.0,0.661009123869,0.259983172451,0.303367278345,1.0,-0.00546,-0.007176,0.274
0.464473614287,0.543327856248,-0.124033260221,-1.36260590153,0.0792068842276,1.89651897721,0.158352438437,-0.00269657371918,-0.0353081209444,-0.000463189707346,-0.0462601504484,-0.0039128594968,0.017865921272,-0.00316107759867,0.573967484992,0.818863681626,0.00208422338485,0.0,0.818821300145,-0.573907367188,-0.0119481888918,0.0,-0.00858795213399,0.00856464332616,-0.999926444276,0.0,0.66090372567,0.25983898139,0.303354399191,1.0,-0.00582,-0.00764914285714,0.292
0.464392218787,0.542709069654,-0.124043930531,-1.36359488699,0.0791476987972,1.89686333507,0.158215954067,-0.00335081217147,-0.0347081186135,0.000518422492796,-0.0539923556183,-0.00198747877917,0.0191822175848,-0.0120732965291,0.573968997266,0.818862682753,0.00206006628157,0.0,0.818819993235,-0.573908986213,-0.0119599800999,0.0,-0.0086114566363,0.00855164588967,-0.999926353372,0.0,0.660787778663,0.259683521779,0.303351545551,1.0,-0.0062,-0.00814857142857,0.311
0.464317099269,0.54212263196,-0.124041779537,-1.36451550302,0.0790962714162,1.89720204924,0.158098252464,-0.00257016250497,-0.0340443591623,-0.000636175039946,-0.0561644427427,-0.0075355097885,0.0167890089494,-0.000454815091796,0.573970086555,0.818861903399,0.00206635026971,0.0,0.818819235691,-0.573909989508,-0.0119636995432,0.0,-0.00861088450423,0.0085589377969,-0.99992629591,0.0,0.66068045246,0.259548212486,0.303357372098,1.0,-0.00654,-0.00859542857143,0.328
0.464254665856,0.541599194773,-0.124047371986,-1.36530081111,0.0790510646769,1.89748473951,0.158005982586,-0.00186038490246,-0.0385310635069,0.000436136908114,-0.057727550129,-0.00381245057187,0.0228499732311,-0.0073288294206,0.57398104343,0.818854177431,0.00208441538426,0.0,0.818811738754,-0.573920863603,-0.011955153728,0.0,-0.00859340354417,0.00856894037487,-0.999926360627,0.0,0.660589501964,0.25942924538,0.303378373989,1.0,-0.00682,-0.00896342857143,0.342
0.464175444781,0.540995960552,-0.124041817967,-1.36625342883,0.0789949584775,1.89783410522,0.157874183934,-0.00745877239473,-0.0326099139215,0.00150739455213,-0.0622467207681,-0.00106581842187,0.0243732616835,-0.0107236645908,0.573971973641,0.818860530319,0.002086207533,0.0,0.818818058844,-0.573911731522,-0.0119606786091,0.0,-0.00859699417001,0.008573483776,-0.999926290817,0.0,0.66047762517,0.259289600391,0.303381502995,1.0,-0.00714,-0.009384,0.358
0.464085777161,0.540233809374,-0.124045665176,-1.36737172726,0.0789272592015,1.89823918987,0.157731227364,-0.0105120023754,-0.0424401912429,0.000691242054048,-0.0620033873429,0.000419092941539,0.0214103113673,-0.00212903063123,0.573974791635,0.818858447366,0.00212806155203,0.0,0.818816526376,-0.573914381606,-0.0119384095022,0.0,-0.00855470704396,0.00859500355487,-0.999926468747,0.0,0.660348124287,0.259121945032,0.303423123803,1.0,-0.0075,-0.00985714285714,0.376
0.463994377097,0.53954440839,-0.124050304948,-1.36844909546,0.0788659937463,1.8986504665,0.157603649845,-0.00588710048058,-0.0453525242001,0.000793355860402,-0.0707577123343,-0.00820489886221,0.0184075659315,-0.00567899277161,0.573991784549,0.818846484524,0.00214777892883,0.0,0.818804818191,-0.573931289536,-0.0119286000858,0.0,-0.00853517904395,0.00860569587207,-0.999926543661,0.0,0.66022745868,0.258958052215,0.303433279276,1.0,-0.00782,-0.0102777142857,0.392
0.463888885549,0.538787372964,-0.124048148109,-1.36961858085,0.0787938013673,1.8990948563,0.157456841371,-0.00925097944164,-0.0430530706559,0.00515524374785,-0.0700912150378,-0.00616290699601,0.0328645121681,-0.0116710251376,0.574001853639,0.818839357327,0.00217389331348,0.0,0.818798041661,-0.573941261922,-0.0119139303632,0.0,-0.00850807181697,0.00861876363836,-0.999926662124,0.0,0.66009635934,0.258779243667,0.303449893729,1.0,-0.00816,-0.0107245714286,0.409
0.463767253869,0.537906938983,-0.124054935285,-1.37097130492,0.0787244601526,1.89961742067,0.15728260951,-0.00773888290484,-0.0479997671171,-8.97707564768e-06,-0.0780036520341,-0.00132832059103,0.0298016944996,-0.0123272397851,0.574019818228,0.818826637952,0.00222084732386,0.0,0.818785878056,-0.57395897873,-0.0118963663799,0.0,-0.00846654943211,0.00864731498067,-0.999926768061,0.0,0.659947487639,0.258570235147,0.30347340167,1.0,-0.00854,-0.011224,0.428
0.463658239783,0.537148976074,-0.124057689336,-1.37216982867,0.0786471892567,1.9000559486,0.157134658166,-0.00638463314375,-0.0504576088337,-0.000502065929796,-0.0748566413184,-0.0063798690584,0.0296497177836,-0.00520160074459,0.574035231629,0.818815847831,0.00221519536591,0.0,0.818775051067,-0.573974450296,-0.0118950855054,0.0,-0.00846858202711,0.00864211124959,-0.999926795836,0.0,0.659810301166,0.258381630892,0.303476219887,1.0,-0.00886,-0.0116445714286,0.444
0.463566413388,0.536409289668,-0.12406861462,-1.37332136329,0.0785804201188,1.90049119109,0.157003535153,-0.00300535430047,-0.0514363740394,-0.00212085729481,-0.0733544139395,-0.00803355457871,0.0302792487778,-0.0115835375236,0.574056307833,0.818801023267,0.00223307738913,0.0,0.818760490743,-0.57399548467,-0.011882309456,0.0,-0.0084476334462,0.00864963676615,-0.999926907965,0.0,0.659679477376,0.25820644595,0.303488371493,1.0,-0.00916,-0.0120388571429,0.459
0.463445471192,0.535551188043,-0.124073737691,-1.37469504459,0.0785144817947,1.9009892239,0.156825295905,-0.00984673884815,-0.046541060852,0.000777824847983,-0.0802394763763,-0.00441363677764,0.0306478900447,-0.0101150253043,0.574070847117,0.818790849746,0.00222570501308,0.0,0.818750061447,-0.574009888103,-0.0119051309395,0.0,-0.00847039867422,0.00865685139092,-0.999926652945,0.0,0.659518617745,0.257995009767,0.303483508822,1.0,-0.0095,-0.0124857142857,0.476
0.463318528952,0.534591108455,-0.124080384077,-1.3762246581,0.0784272473409,1.90153652425,0.156645675094,-0.00788344020097,-0.052437501686,-0.000125010150925,-0.0846041511078,-0.00799128340156,0.0328502050108,-0.00548929386145,0.574092869192,0.818775458219,0.00220759200756,0.0,0.818734373788,-0.574031918845,-0.0119217543183,0.0,-0.00849417511778,0.00865179217606,-0.999926495039,0.0,0.659336764776,0.257761486049,0.30348049824,1.0,-0.00986,-0.0129588571429,0.494
0.463186793687,0.533685985885,-0.124084843104,-1.37771282322,0.0783325866721,1.90206785766,0.156459745538,-0.0104381663575,-0.0530859756104,3.26351650584e-05,-0.0889971519034,-0.00150524173145,0.0328791223995,-0.0157425754195,0.574107713048,0.81876518008,0.00215884452345,0.0,0.81872347055,-0.574046969197,-0.0119458288645,0.0,-0.00854171502026,0.00862585524492,-0.999926314148,0.0,0.659160657972,0.257528014742,0.303456792704,1.0,-0.0102,-0.0134057142857,0.511
0.463065158038,0.532810312649,-0.124083402754,-1.37910902266,0.0782661487249,1.90260834022,0.156284676115,-0.00936767455088,-0.0552362093979,-0.000419875235366,-0.0861788752337,-8.38802546695e-05,0.0303144619607,-0.0124153023138,0.574121721328,0.818755290483,0.00218410304313,0.0,0.81871375766,-0.574060718127,-0.0119508084957,0.0,-0.00853114417099,0.00864954048485,-0.999926199791,0.0,0.659001142862,0.257320338685,0.303456554838,1.0,-0.01052,-0.0138262857143,0.527
0.462915024436,0.531662319808,-0.124083306061,-1.38093818374,0.0781560767001,1.90328807738,0.156059425096,-0.01066166676,-0.0582209460925,0.000275313212582,-0.0925815999471,-0.00766500102472,0.0331430298223,-0.0152831343031,0.574130495178,0.818749144269,0.00218178065194,0.0,0.818707553634,-0.574069472451,-0.0119553052551,0.0,-0.00853606662499,0.00865031217157,-0.999926151106,0.0,0.65878531311,0.257047715726,0.303454081977,1.0,-0.01092,-0.014352,0.547
0.462795399545,0.530779950629,-0.124080288639,-1.38236921807,0.078067829555,1.90379114534,0.155882000833,-0.0093335817507,-0.063925280907,0.000443841683844,-0.0970872127708,-0.00384629264255,0.0268325108904,-0.0117693753833,0.574135159048,0.818745977626,0.002142467753,0.0,0.818703810729,-0.574074233384,-0.0119829780224,0.0,-0.0085812447385,0.00863406173894,-0.999925904863,0.0,0.658609902307,0.256832249971,0.303438255206,1.0,-0.01122,-0.0147462857143,0.562
0.462667781271,0.529871325512,-0.124084021094,-1.38381163498,0.0779798494452,1.9043143874,0.155684488024,-0.00641888164421,-0.0611282130072,-0.000604387273411,-0.0932561727491,-0.0071539846199,0.0265347123845,-0.0146204026987,0.574135301958,0.81874590478,0.00213198358157,0.0,0.8187035876,-0.57407440621,-0.0119899410196,0.0,-0.0085929633409,0.00862947715887,-0.999925843803,0.0,0.658439774207,0.256608018297,0.303437293943,1.0,-0.01152,-0.0151405714286,0.577
0.462506053407,0.528671276908,-0.124089034352,-1.38567699686,0.0778648180673,1.90500937538,0.155437100515,-0.0123965471743,-0.0710357762133,-0.00141398680722,-0.101030816884,-0.00561682387698,0.0306258116291,-0.0154699367766,0.574139007077,0.818743247886,0.00215441269765,0.0,0.818701250118,-0.574078044941,-0.011975319363,0.0,-0.00856807580226,0.00863948467417,-0.999925970951,0.0,0.658222803493,0.256321505521,0.303454956098,1.0,-0.0119,-0.01564,0.596
0.462387481815,0.527778068173,-0.124092229516,-1.3870989016,0.0777610579216,1.90556345385,0.155231394535,-0.0110124926502,-0.0618038884727,-0.000914608523698,-0.102389976431,-0.00283010499826,0.0405954696623,-0.0181527330371,0.574119150553,0.818757147296,0.00216370528597,0.0,0.818715460724,-0.574058344567,-0.011948150705,0.0,-0.00854070514714,0.00863128728254,-0.9999262759,0.0,0.658060826666,0.256105362289,0.303455110009,1.0,-0.01218,-0.016008,0.61
0.462240879023,0.526616862205,-0.124092912818,-1.38886237378,0.0776562064827,1.90623326917,0.154987556109,-0.00501054442237,-0.0648553758917,-0.00190986499748,-0.104360304903,-0.00325347863317,0.0426995541242,-0.0168519540244,0.574107161995,0.818765397459,0.00222201959469,0.0,0.818724462645,-0.574046112576,-0.0119189682474,0.0,-0.00848346039691,0.00866215360639,-0.999926496296,0.0,0.65785522229,0.255842898194,0.303491040925,1.0,-0.01252,-0.0164548571429,0.627
0.462084993963,0.525453770785,-0.124098877892,-1.39070575898,0.0775434415417,1.9068902396,0.154742479888,-0.00970389113923,-0.0700558995467,-0.00240768311931,-0.105709814457,-0.00626780990467,0.0352819822094,-0.0123885579177,0.57410723685,0.818765403348,0.00220040425907,0.0,0.818724157951,-0.574046245262,-0.0119334986228,0.0,-0.00850776581108,0.00865279863761,-0.999926370788,0.0,0.65763179189,0.255559706133,0.303489036786,1.0,-0.01286,-0.0169017142857,0.644
0.461927953411,0.524191123868,-0.124115722811,-1.39267858277,0.0774209561123,1.90759836971,0.154466865618,-0.00853789537305,-0.0641362683651,-0.00242115539592,-0.106063661502,-0.00355573233436,0.0380526709152,-0.0182554513092,0.574095033193,0.818773978049,0.0021937717771,0.0,0.818732689891,-0.574034114428,-0.0119316753675,0.0,-0.00851020931398,0.00864619470024,-0.999926407119,0.0,0.657393472813,0.255257301037,0.303499887395,1.0,-0.01322,-0.0173748571429,0.662
0.461782079482,0.523068592114,-0.124114565591,-1.39447684536,0.0773064674626,1.90827188216,0.154224551302,-0.0111722018539,-0.0702822714371,0.00147295295231,-0.119553182476,-0.0121148102525,0.0481032862452,-0.0147314245072,0.574082347498,0.818782863952,0.00219701855342,0.0,0.818741613028,-0.574021412012,-0.0119304882155,0.0,-0.00850750741309,0.00864803969741,-0.999926414156,0.0,0.657163891481,0.254975531401,0.303496536593,1.0,-0.01356,-0.0178217142857,0.679
0.461603424079,0.521687054902,-0.124109585012,-1.39667758153,0.0771776458398,1.9091322791,0.153926820771,-0.0102532456168,-0.0726770877687,0.00103517252192,-0.122127823008,-0.00741656913193,0.0433456669792,-0.0245960508488,0.574063393614,0.818796081543,0.00222347978958,0.0,0.818755162656,-0.574002340677,-0.0119181970857,0.0,-0.00848245378268,0.00866245300063,-0.999926502242,0.0,0.656918697699,0.254670497425,0.30348919904,1.0,-0.01392,-0.0182948571429,0.697
0.461442613915,0.52049958623,-0.124114710318,-1.3985793191,0.0770590477197,1.90983682138,0.153676374824,-0.0113201769045,-0.0802002101406,-0.000675298075179,-0.12394125623,-0.00682314032557,0.0425586527606,-0.0140787946198,0.57406320468,0.818796247726,0.0022110276195,0.0,0.818755184196,-0.574002219895,-0.0119225336884,0.0,-0.00849315460516,0.0086547448536,-0.999926478155,0.0,0.656690513299,0.254380383547,0.303479363571,1.0,-0.01424,-0.0187154285714,0.713
0.461284277397,0.519262591977,-0.124120002406,-1.4005171611,0.076931710909,1.91053575508,0.153410802403,-0.0116575591892,-0.0813243737766,-0.0027014824829,-0.118629115941,-0.00758230484398,0.0425027963335,-0.0179833198763,0.574047791822,0.818807074403,0.00220329572882,0.0,0.818765960919,-0.573986891905,-0.011920405368,0.0,-0.0084960129523,0.00864703240587,-0.999926520598,0.0,0.656453230427,0.254086440133,0.303486269654,1.0,-0.01456,-0.019136,0.729
0.461097211152,0.517826669402,-0.12412344716,-1.40274778977,0.0767922059869,1.91132569811,0.153109179599,-0.0118949596737,-0.085883583385,-0.000824907430875,-0.127011893867,-0.0142697020769,0.0473099508821,-0.0149691901539,0.574036939829,0.818814697306,0.00219774600515,0.0,0.818773474496,-0.573976026063,-0.0119275256295,0.0,-0.00850514351997,0.00864646291599,-0.999926447901,0.0,0.656176925134,0.253746845276,0.303500880373,1.0,-0.01492,-0.0196091428571,0.747
0.460924668807,0.516578957022,-0.124127048014,-1.40475916074,0.0766609741175,1.91207223969,0.15283346954,-0.00984295923302,-0.0760441890718,-0.00195878758332,-0.127467270656,-0.00532123486742,0.0509424126334,-0.013671988667,0.574026112113,0.818822346147,0.00217599724782,0.0,0.81878089675,-0.573965345592,-0.011931977103,0.0,-0.00852138653637,0.0086310975795,-0.999926442358,0.0,0.655934029548,0.253438663902,0.303483678204,1.0,-0.01524,-0.0200297142857,0.763
0.460748957386,0.515278257476,-0.124130489986,-1.40680003127,0.0765397711476,1.91284390244,0.15255793758,-0.0135949600956,-0.0839154973453,0.0004908850773,-0.129585575957,-0.00345895955229,0.0529743733239,-0.0162949316516,0.574022015859,0.818825146943,0.00220248584897,0.0,0.818784020758,-0.573961120269,-0.0119208503317,0.0,-0.00849711437506,0.00864635722639,-0.999926517077,0.0,0.655690069849,0.253129033198,0.303491390778,1.0,-0.01556,-0.0204502857143,0.779
0.460556454708,0.513807201151,-0.124131142666,-1.40917712002,0.0763933362433,1.91368761239,0.152231624934,-0.014217853819,-0.0849965053185,0.000478906017625,-0.134339664938,-0.00684157884239,0.0463039053239,-0.019937617765,0.573998346975,0.818841882837,0.0021483676457,0.0,0.818799961633,-0.573937584118,-0.0119590663504,0.0,-0.00855972027212,0.00862373369599,-0.999926178478,0.0,0.655389279904,0.25277329625,0.303464266769,1.0,-0.01592,-0.0209234285714,0.797
0.46037709904,0.512492116885,-0.124135602583,-1.41132703686,0.0762610746995,1.91443269291,0.151927758685,-0.0108101947243,-0.0837713187682,-0.00202680919537,-0.13581082799,-0.00769675402156,0.0456174661806,-0.0199475099624,0.573976439022,0.818857439503,0.00207077743621,0.0,0.818814408399,-0.573915904157,-0.0120102645635,0.0,-0.00864640885379,0.00858935665897,-0.999925728525,0.0,0.655114579698,0.252444548371,0.303427122488,1.0,-0.01624,-0.021344,0.813
0.460197934325,0.511211589392,-0.124134476952,-1.41336516126,0.0761340876062,1.91521348064,0.151641717443,-0.0162795868657,-0.0886116428386,-0.000261483774779,-0.139267547767,-0.00408383130905,0.0554152925311,-0.0186716427639,0.573960681488,0.818868442467,0.00208732797221,0.0,0.818825643022,-0.57390009463,-0.011999775613,0.0,-0.00862848597051,0.00859672257115,-0.999925820044,0.0,0.654870394216,0.25213524484,0.303421482146,1.0,-0.01654,-0.0217382857143,0.828
0.459972576788,0.509560236438,-0.124139631673,-1.41598500612,0.075967332536,1.91619810503,0.151276067234,-0.0100685921403,-0.0864778215577,-0.000783467414642,-0.144858999686,-0.00667203993108,0.0473559846013,-0.0160667621759,0.573941171051,0.818882099014,0.00209451387965,0.0,0.81883944711,-0.573880610201,-0.0119896619202,0.0,-0.00861628450652,0.00859659670129,-0.99992592634,0.0,0.654552228198,0.251735368544,0.303415967815,1.0,-0.01692,-0.0222377142857,0.847
0.459767824098,0.508050120059,-0.124145081632,-1.41835141358,0.0758184259363,1.91704310364,0.150942954207,-0.0137418263828,-0.0940473729472,-0.000316552837711,-0.138650025185,-0.0124260420895,0.0526100230629,-0.0151904456239,0.573922482644,0.818895228031,0.00208238447501,0.0,0.818852389187,-0.573861946334,-0.0119990905472,0.0,-0.00863116295862,0.0085918787592,-0.999925838573,0.0,0.654255815094,0.25137057885,0.303419549234,1.0,-0.01726,-0.0226845714286,0.864
0.459579224573,0.506710611553,-0.124143928425,-1.42047926488,0.0756902135121,1.91781630243,0.150654879926,-0.00970109687117,-0.0875361837238,0.00149625070692,-0.144809005288,-0.00291203945297,0.0558432152506,-0.0176196377136,0.573915792561,0.818899946578,0.00207061468721,0.0,0.818856864253,-0.57385521726,-0.0120155062205,0.0,-0.00865143092773,0.00859159124015,-0.999925665889,0.0,0.653990098974,0.251044791695,0.303410492556,1.0,-0.01756,-0.0230788571429,0.879
0.459355302501,0.505112192739,-0.124147239095,-1.42293550657,0.0755338947603,1.91874748353,0.150319367224,-0.0129485187185,-0.0875689582844,0.00068245901777,-0.144952455681,-0.010670849714,0.0509450880196,-0.0186832014012,0.573911442438,0.818902847236,0.00212836301268,0.0,0.818860581484,-0.573850689016,-0.0119783850487,0.0,-0.00858793638473,0.0086175307297,-0.999925990018,0.0,0.65369456984,0.250663961006,0.303439398021,1.0,-0.0179,-0.0235257142857,0.896
0.459113363649,0.503350515293,-0.124155284691,-1.42555658293,0.0753690342824,1.91974991475,0.149941450997,-0.0166225307421,-0.0934320386956,0.000649982945708,-0.145495115071,-0.0114214366991,0.0530237611871,-0.0303606590246,0.573896206619,0.818913209191,0.00224649563511,0.0,0.818872577282,-0.573835069283,-0.0119063989789,0.0,-0.00846135232652,0.00867279785728,-0.999926591353,0.0,0.653382943223,0.250254705058,0.30350950875,1.0,-0.01826,-0.0239988571429,0.914
0.458878701695,0.50165348506,-0.124155766294,-1.42807363981,0.0752106860419,1.92067391857,0.149606465975,-0.0138286798518,-0.0939675303039,0.000877812031513,-0.144793815622,-0.00270545308057,0.052277825607,-0.0185285313661,0.573900392418,0.818910028634,0.00233484161266,0.0,0.81887054807,-0.573838906667,-0.0118609274215,0.0,-0.00837337066946,0.00871909180219,-0.999926929381,0.0,0.653073900271,0.249862016896,0.303576241695,1.0,-0.0186,-0.0244457142857,0.931
0.45864159562,0.49994621367,-0.124160045677,-1.43067244126,0.0750410269441,1.92158300169,0.149239065449,-0.012039149133,-0.0977164255651,-0.000291568581455,-0.151461675189,-0.00893905366824,0.0558151377569,-0.0158481091873,0.573883085883,0.818922123382,0.0023465878641,0.0,0.818882784702,-0.573821545121,-0.0118560606638,0.0,-0.0083628287102,0.00872574108244,-0.999926959602,0.0,0.652743364284,0.249453320316,0.303609423934,1.0,-0.01894,-0.0248925714286,0.948
0.458373598881,0.498170081118,-0.124159691319,-1.43344347793,0.0748704395199,1.92262933422,0.148833314544,-0.0148474791562,-0.0985896270641,-0.00133103552505,-0.154201987065,-0.00725292221629,0.055368880039,-0.0180572415324,0.573865074476,0.818934621601,0.00238929713522,0.0,0.818895818465,-0.573803349733,-0.0118364368259,0.0,-0.00832244144622,0.00874927158432,-0.99992709095,0.0,0.652405999336,0.249016793396,0.303619830053,1.0,-0.0193,-0.0253657142857,0.966
0.458130302667,0.496609730522,-0.124159940524,-1.43595798819,0.0747099051363,1.92353284358,0.148449043993,-0.0147535607354,-0.0957408285624,-0.000392304360541,-0.154283754321,-0.014980946606,0.0547307122335,-0.0323775542874,0.57383372297,0.81895672385,0.00234302053365,0.0,0.81891726547,-0.573772125942,-0.0118662002702,0.0,-0.00837370584486,0.00872813389052,-0.999926847689,0.0,0.652088602429,0.248615784508,0.303588976724,1.0,-0.01962,-0.0257862857143,0.982
0.457893406888,0.495127085285,-0.124157514593,-1.43836632582,0.0745548446359,1.9243442796,0.148105325858,-0.015939861528,-0.0961856312107,0.000480712085051,-0.161050744855,-0.00637268118736,0.0576348356722,-0.0258841831353,0.573823706317,0.818964017739,0.00224468665158,0.0,0.818923140519,-0.573762358273,-0.0119328560203,0.0,-0.00848482636189,0.00868574873828,-0.999926280028,0.0,0.651772883263,0.248226947906,0.303545932099,1.0,-0.01992,-0.0261805714286,0.997
0.457585734477,0.49315542989,-0.124201816253,-1.44147257334,0.074367957716,1.9254634946,0.147671593564,-0.0120057645961,-0.12943073481,-0.00574113276539,-0.19507651543,-0.00155282570903,0.0741595408547,-0.0255403583319,0.573858088802,0.818939980291,0.0022247468877,0.0,0.818898892473,-0.573796867382,-0.0119375789265,0.0,-0.00849977150282,0.00867248596225,-0.999926268218,0.0,0.651390756716,0.247704049024,0.303538672719,1.0,-0.026708,-0.0351019428571,1.015
0.457262895291,0.490625911987,-0.124258745612,-1.44539754492,0.0741505982181,1.92695936113,0.147100405697,-0.0205984907077,-0.153770888859,-0.00091199232138,-0.258275841545,-0.00924275261434,0.099311631918,-0.0369747552097,0.573834307496,0.818956409923,0.00230934793375,0.0,0.818916451222,-0.573772778308,-0.0118908238658,0.0,-0.00841318742411,0.00871469347801,-0.999926633506,0.0,0.650905764324,0.247094763045,0.303561843885,1.0,-0.0348777142857,-0.0458392816327,1.032
0.456784418207,0.487458942455,-0.124276952689,-1.4504843577,0.0738716166893,1.92881764942,0.146347343742,-0.0294867788541,-0.205606741132,-0.00345983474153,-0.32608612877,-0.0195602986035,0.117197861093,-0.04968926405,0.573801052334,0.818979816241,0.00227152645401,0.0,0.818938962221,-0.573739263595,-0.0119574439979,0.0,-0.00848980482822,0.00872160338403,-0.999925925681,0.0,0.650256447199,0.246292682973,0.303503915105,1.0,-0.0430474285714,-0.0565766204082,1.049
0.456268815109,0.48403608439,-0.124366996085,-1.4558037897,0.0735409020235,1.93081327482,0.145534986364,-0.0362415997897,-0.234388185376,-0.00720930206656,-0.374652359789,-0.0190493733658,0.132502887632,-0.0556064438228,0.573796656555,0.818982719083,0.00233445306722,0.0,0.818943026647,-0.573734970222,-0.0118848622581,0.0,-0.00839430106336,0.00873144639514,-0.999926646086,0.0,0.649607693853,0.245401567235,0.303524323261,1.0,-0.050256,-0.0660507428571,1.064
0.455562285135,0.479523336736,-0.124462824564,-1.46294392568,0.0731263643375,1.93327986457,0.144457268755,-0.0429255922005,-0.284660909405,-0.00392777201814,-0.439667043359,-0.0191604011801,0.159777701444,-0.0701665604631,0.573799276797,0.818981255569,0.00219997179089,0.0,0.818939520662,-0.573737834448,-0.0119877321629,0.0,-0.00855568561051,0.00868036301329,-0.999925723012,0.0,0.648680765142,0.244201334273,0.303471931681,1.0,-0.0584257142857,-0.0767880816326,1.081
0.454664258946,0.4739427605,-0.124580205559,-1.47155693517,0.0726005401657,1.93640167352,0.143213151834,-0.0531102981048,-0.31953374474,-0.00792625919352,-0.495621503101,-0.0331643113128,0.179496929295,-0.0663222530812,0.57387561482,0.818927599504,0.00226105890768,0.0,0.818886798372,-0.573814053377,-0.0119411264384,0.0,-0.00848165393099,0.00870444015379,-0.999926144407,0.0,0.647596477569,0.242731532514,0.303509443046,1.0,-0.067076,-0.0881570285714,1.099
0.453691799838,0.467997573122,-0.124646861186,-1.48059119331,0.0720653335388,1.93974035655,0.141804155214,-0.0619360733208,-0.371396217805,-0.00360683715248,-0.547703949277,-0.0344835694087,0.211299998411,-0.0898460408312,0.5738540216,0.818942094499,0.00248085736901,0.0,0.818904009579,-0.573791446581,-0.0118467643901,0.0,-0.00827847869046,0.00883006744101,-0.999926745667,0.0,0.646454327787,0.24121308221,0.303607791513,1.0,-0.0752457142857,-0.0988943673469,1.116
0.452647228095,0.461845166972,-0.124681666313,-1.49007703929,0.0714506097824,1.94312073045,0.140290394219,-0.0661451137322,-0.393866788498,-0.00214696291969,-0.627079743199,-0.0461630078119,0.211201077511,-0.0803662637067,0.573774008662,0.818998058127,0.00251290051303,0.0,0.818960277549,-0.573711201425,-0.0118434816063,0.0,-0.00825826826187,0.00885361807893,-0.99992670454,0.0,0.645212572631,0.239609047294,0.303628413819,1.0,-0.0829348571429,-0.109000097959,1.132
0.451317153047,0.454251347086,-0.124781820605,-1.50191994863,0.0706674311151,1.9471187411,0.138510135804,-0.0732694444885,-0.442786398757,-0.00454078081343,-0.665702994159,-0.0490004689079,0.234462341088,-0.106662537902,0.573811399537,0.818972545715,0.00227904090007,0.0,0.818931508359,-0.573749289803,-0.0119868247994,0.0,-0.00850944615634,0.00874472347906,-0.999925556798,0.0,0.643612271309,0.237542087266,0.303564318756,1.0,-0.0915851428571,-0.120369044898,1.15
0.450028930083,0.446752263645,-0.124890670531,-1.51297251389,0.0699095042054,1.9512792085,0.136761245922,-0.0847734309431,-0.477465368296,-0.00252546069972,-0.718416165641,-0.0470529278319,0.258987373726,-0.108681984805,0.573808837195,0.818972901289,0.00274812897658,0.0,0.818938866262,-0.573745932417,-0.0116398136754,0.0,-0.00795611733407,0.00892974950403,-0.999928477328,0.0,0.642209084277,0.23560616296,0.303810413663,1.0,-0.0992742857143,-0.13047477551,1.166
0.448616073375,0.438909011231,-0.124925582,-1.52503644519,0.0691231270152,1.95542125742,0.134851562362,-0.0874712458654,-0.499712396841,-0.00430294905759,-0.780105160983,-0.0533145096793,0.257015606584,-0.133649238965,0.573749461489,0.819014705225,0.0026860691261,0.0,0.818979345936,-0.573686203454,-0.0117353226504,0.0,-0.00807059640605,0.00893314217775,-0.999927529596,0.0,0.640544605007,0.233519381026,0.303794383384,1.0,-0.106963428571,-0.140580506122,1.182
0.4468453519,0.429360097802,-0.124983731235,-1.53936967444,0.0681484676548,1.96052103079,0.132509504796,-0.100459141411,-0.533508964575,-0.000500583795921,-0.81984909727,-0.0605532647952,0.286567294076,-0.131961419351,0.573680445953,0.819062200859,0.00293325015693,0.0,0.81903015229,-0.573616464501,-0.011597766765,0.0,-0.00781688228631,0.00905600668875,-0.999928439987,0.0,0.638602305307,0.230985903145,0.303927784433,1.0,-0.115613714286,-0.151949453061,1.2
0.444985221004,0.419865534616,-0.125049698198,-1.55388756798,0.0671133817264,1.96543957167,0.130100552914,-0.110611029582,-0.567810515078,-0.00984948644204,-0.879219694594,-0.0549161832422,0.286741725774,-0.138129851051,0.573607938257,0.819113417521,0.00280879110944,0.0,0.819079713235,-0.5735443371,-0.0116646323836,0.0,-0.00794384360458,0.00899172266708,-0.999928019546,0.0,0.636562172857,0.228356111872,0.303899624479,1.0,-0.123783428571,-0.162686791837,1.217
0.443100543428,0.410355202296,-0.125160171033,-1.56813772139,0.0660843968714,1.97048606766,0.127748635489,-0.127601920576,-0.59347215398,-0.00255355344011,-0.904816441289,-0.06392690281,0.311326631082,-0.153642023179,0.573610315302,0.819111026297,0.00301325067132,0.0,0.819080572392,-0.573546740113,-0.0114847611011,0.0,-0.00767920220103,0.00905604687794,-0.99992950645,0.0,0.634595440711,0.225732875019,0.303998900061,1.0,-0.131472571429,-0.172792522449,1.233
0.44072751253,0.399130521369,-0.125260278569,-1.58512122779,0.0649655075015,1.97617771978,0.124901659398,-0.136283731121,-0.648695405792,-0.00474686570782,-0.952737896741,-0.0664672396182,0.332535273115,-0.163761084301,0.57367029252,0.819069151666,0.00297777958333,0.0,0.819037327975,-0.573605755853,-0.0116206341043,0.0,-0.00781018177919,0.00910550050823,-0.999928042872,0.0,0.632152090995,0.22255167584,0.303986171892,1.0,-0.140122857143,-0.184161469388,1.251
0.438299406786,0.388018098942,-0.125399712126,-1.60184817012,0.0637025396016,1.98191060762,0.122038291583,-0.146931758948,-0.673828909689,-0.00945811421178,-1.00163592502,-0.0801296052111,0.342562056237,-0.176761159372,0.573712243486,0.819039680611,0.00300169295264,0.0,0.819008799521,-0.57364836457,-0.0115276638934,0.0,-0.0077198465312,0.0090721495231,-0.999929047519,0.0,0.629757463621,0.219334849795,0.303993187703,1.0,-0.148292571429,-0.194898808163,1.268
0.43586316552,0.377026297327,-0.125505462194,-1.61820459986,0.0624800705904,1.98732584815,0.119092941441,-0.149944930545,-0.693032721123,-0.00340785500028,-1.03528566065,-0.0752108578021,0.342199303688,-0.184378833686,0.573642935279,0.819088217079,0.0030037223086,0.0,0.819057402474,-0.573579106175,-0.0115207340308,0.0,-0.00771377365385,0.00906918328774,-0.999929121293,0.0,0.627337506445,0.216174674319,0.304035875931,1.0,-0.155981714286,-0.205004538775,1.284
0.432821258472,0.364237031751,-0.125674463976,-1.63724541438,0.0610491543313,1.99363639432,0.115704423291,-0.171189584003,-0.732898539167,-0.0129675969466,-1.05733844374,-0.0856699559374,0.360259555555,-0.19637711217,0.573769467991,0.818999600898,0.00299970532541,0.0,0.818968881598,-0.573705808401,-0.0115049242522,0.0,-0.00770172828435,0.00905801397776,-0.999929315384,0.0,0.624513207427,0.212358197268,0.304044806905,1.0,-0.164632,-0.216373485714,1.302
0.430111177659,0.353190531339,-0.125813230721,-1.65369643346,0.0597657711964,1.9990142887,0.112664725962,-0.187095393975,-0.730152143901,-0.00728080109943,-1.12202646279,-0.0748174234316,0.357757873859,-0.199893865554,0.57380810849,0.818972851499,0.00291033318874,0.0,0.818941112916,-0.573744887863,-0.0115327416171,0.0,-0.00777536319856,0.00900114545348,-0.999929259052,0.0,0.621843986741,0.20879551145,0.304008726812,1.0,-0.172321142857,-0.226479216327,1.318
0.427016704535,0.340836271526,-0.125958413922,-1.67162761064,0.0584394237269,2.00485906472,0.109282192261,-0.19217595647,-0.763801153531,-0.00468841388607,-1.14037153517,-0.0921745280683,0.38136731034,-0.210128566785,0.573904708718,0.818904326563,0.00313626360713,0.0,0.818875265941,-0.573840483819,-0.0114518497124,0.0,-0.00757840015865,0.00914065515478,-0.999929505652,0.0,0.61927670984,0.205333503601,0.304139658926,1.0,-0.179529714286,-0.235953338775,1.333
0.423164695139,0.325848892074,-0.126071372602,-1.69361989361,0.0566346745511,2.01192223927,0.104978994155,-0.205343745668,-0.810236116704,-0.0070399391525,-1.16419962609,-0.101157918824,0.384065786171,-0.228505375869,0.573793719918,0.818982229408,0.0031019022019,0.0,0.818953036055,-0.573729987138,-0.0114268760214,0.0,-0.00757890000605,0.00909715707359,-0.999929898547,0.0,0.615808729079,0.200811657696,0.304127212448,1.0,-0.188660571429,-0.247953893878,1.352
0.419475568313,0.311956866162,-0.126114666372,-1.71390083812,0.0549807784517,2.01823368339,0.100955051555,-0.223968156492,-0.799610963577,-0.00485773341004,-1.19660216736,-0.0897478189802,0.378908457603,-0.23886822334,0.573676638817,0.819064624901,0.00300020212769,0.0,0.81903367654,-0.573612712883,-0.0115342625792,0.0,-0.00772650113033,0.00907437827655,-0.999928975897,0.0,0.612506326415,0.196616974466,0.304090753787,1.0,-0.196830285714,-0.258691232653,1.369
0.415730922981,0.298452678351,-0.126225306971,-1.73344393974,0.0533012772104,2.02431792491,0.0969523986622,-0.24531104057,-0.847185548427,-0.00822375200039,-1.22941112446,-0.113514951735,0.377280099723,-0.242042651613,0.573605979102,0.81911427115,0.00295608479683,0.0,0.819083093806,-0.573542602636,-0.0115115292288,0.0,-0.00773396620893,0.00902453482547,-0.999929369275,0.0,0.609308128394,0.192438980168,0.304084292941,1.0,-0.204519428571,-0.268796963265,1.385
0.411220143282,0.282738269296,-0.126392228643,-1.7557831339,0.051485102572,2.03116696829,0.0922911629014,-0.260509632236,-0.878636522876,-0.00573445915336,-1.26309466621,-0.100426630976,0.380624948306,-0.276176423372,0.573671711867,0.819067602116,0.00312683052254,0.0,0.81903816572,-0.57360724047,-0.0114875443663,0.0,-0.0076156494157,0.00915124896735,-0.999929125752,0.0,0.605596201717,0.187552975161,0.304185081269,1.0,-0.213169714286,-0.280165910204,1.403
