position_joint1,position_joint2,position_joint3,position_joint4,position_joint5,position_joint6,position_joint7,velocity_joint1,velocity_joint2,velocity_joint3,velocity_joint4,velocity_joint5,velocity_joint6,velocity_joint7,ee_T_00,ee_T_10,ee_T_20,ee_T_30,ee_T_01,ee_T_11,ee_T_21,ee_T_31,ee_T_02,ee_T_12,ee_T_22,ee_T_32,ee_T_03,ee_T_13,ee_T_23,ee_T_33,v_x,v_y,time
0.465082217159,0.547802650518,-0.123993842393,-1.35584073309,0.0795272909679,1.89410707759,0.159164364204,0.000786834962257,-0.000697010134476,-0.000243131605787,-0.00156090589361,-0.00016725167832,0.000651976872761,0.000241948362827,0.573814455663,0.818971282665,0.00193792230098,0.0,0.818927751938,-0.573755711813,-0.0119359612053,0.0,-0.00866348226776,0.00843620785833,-0.999926884563,0.0,0.661673500489,0.260896702737,0.30319628769,1.0,0.0,0.0,0.0
0.465081504962,0.547804523102,-0.123991345617,-1.35583285574,0.0795280161339,1.89410803285,0.159160923004,0.000343621755016,0.00052168777668,-0.00144706413771,0.00143243583925,6.0751540891e-05,-0.000170731819132,-0.000335761072906,0.573810248676,0.818974214477,0.00194459195123,0.0,0.818930760668,-0.573751467688,-0.0119335434182,0.0,-0.00865771854865,0.0084402381829,-0.999926900473,0.0,0.66167502011,0.260898770856,0.303198711914,1.0,-0.00026,-0.000341714285714,0.014
0.465076193893,0.547804251315,-0.12399005719,-1.35583936472,0.0795266805682,1.89410970336,0.159162884102,-0.000382596441741,0.000524240831822,-0.000109423329016,-0.0025303989958,-0.000192497339544,0.000524227542868,0.00167973796689,0.573815316596,0.818970673621,0.00194038370717,0.0,0.818927166216,-0.573756553806,-0.0119356733915,0.0,-0.00866182537562,0.00843806759554,-0.999926883225,0.0,0.661675032126,0.260895129157,0.303195906532,1.0,-0.0006,-0.000788571428571,0.031
0.465080423969,0.547766248078,-0.123994450178,-1.35587130061,0.0795280029906,1.89411093147,0.159164380961,0.00068221450104,-0.000562459557213,0.000295437900777,-0.00148594545256,-3.9317825638e-05,-0.000644022154497,0.00133657148763,0.573818183042,0.818968646762,0.00194816121343,0.0,0.818925220297,-0.573759367461,-0.0119339311543,0.0,-0.00865590635545,0.00844346760529,-0.999926888897,0.0,0.661668793775,0.260892393636,0.303207883159,1.0,-0.00096,-0.00126171428571,0.049
0.465077966939,0.547666604198,-0.123996739194,-1.35598690894,0.0795292024851,1.89414171707,0.159163566619,1.56496852804e-06,-0.0102308962766,-0.00104132111564,-0.0107761755644,0.000288911397169,0.00392529780088,0.000519936012548,0.573827796182,0.818961869153,0.00196573212751,0.0,0.818918594215,-0.573768830384,-0.011933659537,0.0,-0.00864550274937,0.00845780298192,-0.999926857751,0.0,0.661652166375,0.260879317218,0.303226198945,1.0,-0.00126,-0.001656,0.064
0.465066693128,0.54752782565,-0.123994451157,-1.35616830391,0.0795209809035,1.89417715729,0.159152919862,-0.000925356487577,-0.00967022555804,-0.00086002523413,-0.00974469412209,-0.00460725132759,0.00972735245468,-0.00463870445868,0.573834435827,0.818957222445,0.00196340661806,0.0,0.81891383869,-0.573775402146,-0.0119440191852,0.0,-0.0086552529953,0.00846191327918,-0.999926738626,0.0,0.661624189527,0.260854545294,0.303241158208,1.0,-0.0016,-0.00210285714286,0.081
0.465047016392,0.547369882561,-0.123994532821,-1.35638381163,0.0795220267465,1.89428085332,0.159151883021,6.41707383148e-05,-0.00968599685498,-0.000331539348524,-0.0154733001114,0.000200590209662,0.0115659905049,0.000574620471649,0.573862241943,0.818937626301,0.00200957748945,0.0,0.818894752055,-0.573802922005,-0.0119305765373,0.0,-0.00861746250725,0.00849230336245,-0.999926807383,0.0,0.661604726264,0.260825192453,0.303259476165,1.0,-0.00194,-0.00254971428571,0.098
0.465025131792,0.547168037556,-0.123986737888,-1.35660205807,0.0795196267876,1.8944061551,0.159139620216,6.63475405344e-05,-0.0185390518905,0.00105219863952,-0.0139344222363,-3.66989257535e-06,0.00746374461591,-0.000354355615441,0.573876458801,0.818927411684,0.00210981684466,0.0,0.818885773652,-0.573816657879,-0.0118861159416,0.0,-0.00852338221405,0.00854902571983,-0.999927130402,0.0,0.66158906395,0.260800109454,0.303309190644,1.0,-0.00228,-0.00299657142857,0.115
0.46499498599,0.546962531936,-0.123989313585,-1.35687035441,0.0795125952388,1.89452769369,0.159127150563,-0.000913704679896,-0.0133895861993,-0.000595581279614,-0.0159768939647,-0.000183109785268,0.00442991968412,-0.00160352379598,0.573905984605,0.818906579064,0.00216390875338,0.0,0.81886561109,-0.573845928754,-0.0118620372915,0.0,-0.00847231326905,0.00857980984279,-0.999927300743,0.0,0.661566045839,0.260756648925,0.303337675204,1.0,-0.00262,-0.00344342857143,0.132
0.464962572144,0.546720796943,-0.123989559117,-1.35723447517,0.079504336685,1.89465517375,0.159095614873,-0.00276942648928,-0.0122270703054,-0.000238969274181,-0.0221929782391,-0.00375425314925,0.00448927303198,-0.00161592333244,0.573925005987,0.818893216302,0.00217593635024,0.0,0.818852273647,-0.573864766836,-0.0118714038577,0.0,-0.00847288201,0.00859523144265,-0.999927163481,0.0,0.661523288415,0.260702333151,0.303346634767,1.0,-0.00296,-0.00389028571429,0.149
0.464925723083,0.546459176358,-0.123994223039,-1.35760911833,0.0794978495441,1.8948114634,0.158954347586,-0.00237612907202,-0.0155653035362,-0.000181687942427,-0.0210831252353,-0.00440587292156,0.0143214370287,-0.0137259638338,0.57386208942,0.818937186177,0.0022213337904,0.0,0.818896730583,-0.573801572208,-0.0118594803051,0.0,-0.00843772706164,0.00862491518216,-0.999927205151,0.0,0.661486439243,0.260643787603,0.303367307533,1.0,-0.00328,-0.00431085714286,0.165
0.464888019947,0.546161281681,-0.123994945025,-1.35811339348,0.0794820090514,1.8949849217,0.158929329474,-0.00579491149185,-0.0156539090712,-0.00066278060647,-0.0280448670515,-0.00488158360862,0.00647155595517,0.000933711217678,0.573896954131,0.818912810803,0.00220028260645,0.0,0.818871932835,-0.57383636492,-0.0118882636257,0.0,-0.00847301234036,0.00862455400482,-0.999926909894,0.0,0.661424019982,0.260571686379,0.303353292367,1.0,-0.00364,-0.004784,0.183
0.464842340431,0.545846955468,-0.123997076212,-1.35863616614,0.0794565897454,1.89515876299,0.158880548322,-0.000645398086855,-0.0227721756117,-0.0042475735906,-0.0334219664583,-0.00602187918102,0.0143421760023,-0.00459948786779,0.573918298067,0.818897924197,0.00217342849568,0.0,0.818856619821,-0.573857736274,-0.0119114060951,0.0,-0.00850715075807,0.00861606611105,-0.999926693208,0.0,0.661360756234,0.260489989558,0.303342149256,1.0,-0.00396,-0.00520457142857,0.199
0.464785811784,0.54552947614,-0.123989960061,-1.35920976583,0.0793522894228,1.89534346921,0.158778577581,-0.00403748005295,-0.0194148056836,0.00091069149385,-0.0371403525901,-0.00950102311412,0.0154224575269,-0.00135120280763,0.573880352884,0.818924770035,0.00207569204732,0.0,0.818882732017,-0.573820734248,-0.0118988676914,0.0,-0.00855336703199,0.00852843896305,-0.99992705016,0.0,0.661293130831,0.260388441325,0.303309518397,1.0,-0.00428,-0.00562514285714,0.215
0.464718419378,0.545106368989,-0.123999950925,-1.35994501221,0.0793252523636,1.89557029573,0.15870974223,-0.00543500783983,-0.0247395690095,-0.000676904999817,-0.0367671672879,-0.00376757438061,0.00913278842764,0.000501096302562,0.573919807877,0.818897283447,0.00201002263589,0.0,0.818854212231,-0.573860279168,-0.0119543300255,0.0,-0.00863606250328,0.00850690607788,-0.999926522787,0.0,0.661201899478,0.260267377192,0.303279066058,1.0,-0.00464,-0.00609828571429,0.233
0.464647485606,0.544685076557,-0.123993130376,-1.36066211197,0.0793060077983,1.89582023714,0.158619039434,-0.00231012685467,-0.0231356629254,0.000557289646152,-0.0399195267511,-0.00384827911083,0.0134700814858,-0.0038988687168,0.573933711778,0.818887599529,0.00198512545363,0.0,0.818843917578,-0.573874005144,-0.0120004902855,0.0,-0.00868800805939,0.00851315774075,-0.999926019594,0.0,0.661115941859,0.260158679592,0.303257395421,1.0,-0.00498,-0.00654514285714,0.25
0.464583813776,0.5442607471,-0.123998882928,-1.36138455683,0.0792806017864,1.89607865029,0.158507419274,-0.00550696042678,-0.0245267483487,-0.000123431502092,-0.0497924273107,-0.00167040402368,0.0198628325621,-0.00213278358636,0.57393201528,0.818888851159,0.00195912863595,0.0,0.818844666725,-0.573872260414,-0.0120327637824,0.0,-0.00872937459876,0.00851037425305,-0.999925683013,0.0,0.661031773733,0.260046488647,0.303236431416,1.0,-0.0053,-0.00696571428571,0.266
0.46450510737,0.543753860464,-0.124001345435,-1.36220861462,0.0792447634742,1.89636609876,0.158426006923,-0.00608696075393,-0.0291190264588,-0.000748656490517,-0.0524024097,-0.000529424323007,0.0164518984092,-0.00612110506766,0.573967821733,0.818863799111,0.00194036659376,0.0,0.818819221909,-0.573907999643,-0.0120597131073,0.0,-0.0087618392734,0.00851086058789,-0.999925394929,0.0,0.660935827191,0.259915577644,0.303227869242,1.0,-0.00564,-0.00741257142857,0.283
0.464426532935,0.543187375397,-0.124005243438,-1.3631124596,0.0791916938416,1.89667256412,0.158293076665,-0.00475202303925,-0.0318272315153,0.000785269467794,-0.0540628482271,-0.00288276790043,0.0193647832256,-0.00362907915987,0.573962051769,0.818867904181,0.00191455807772,0.0,0.818822944087,-0.5739022986,-0.012078278001,0.0,-0.00879191418276,0.00850032096262,-0.999925220598,0.0,0.660828000655,0.259773744735,0.30322510177,1.0,-0.006,-0.00788571428571,0.301
0.46435403782,0.542679160964,-0.124007727641,-1.36391082932,0.0791461066612,1.89696480162,0.158211096778,-0.00226596111083,-0.0319492191992,-0.000528217768483,-0.0555163016437,-0.00455637886018,0.00857910373771,-0.00461754699363,0.573988268022,0.818849523191,0.00191662311207,0.0,0.818804568867,-0.57392848201,-0.012079836141,0.0,-0.00879173273911,0.00850318769825,-0.99992519782,0.0,0.660737655649,0.259648759149,0.303229979477,1.0,-0.0063,-0.00828,0.316
0.464272596659,0.542079449412,-0.124016823572,-1.36483828075,0.0790917410785,1.89730425641,0.158067156276,-0.00976016718097,-0.0361840564123,-0.000852776437617,-0.054733699184,-3.73917436613e-05,0.0227436251013,-0.01521183948,0.573980475235,0.818854964807,0.00192550283926,0.0,0.81881014318,-0.57392066752,-0.0120732646785,0.0,-0.00878133591656,0.0085066032318,-0.999925260127,0.0,0.660633584818,0.259501701645,0.303242366675,1.0,-0.00664,-0.00872685714286,0.333
0.46418611189,0.541403552382,-0.124020103527,-1.36586183127,0.0790275932056,1.89768930233,0.15793302007,-0.00438463970933,-0.0340601237971,-0.000873041421122,-0.0593972238759,-0.000729777982532,0.0234854386463,-0.0105472161,0.573983467944,0.818852796735,0.00195517456115,0.0,0.818808403914,-0.57392357094,-0.0120531863383,0.0,-0.00874783299963,0.008519407081,-0.999925444781,0.0,0.660518809256,0.259345798017,0.303266544842,1.0,-0.007,-0.0092,0.351
0.46410407016,0.540753270463,-0.124017267742,-1.36685570241,0.0789777110996,1.8980594847,0.157801731619,-0.00587499126878,-0.0434659838555,0.000329358819575,-0.0643199705549,-0.00526822012641,0.0313064367538,-0.00928179959462,0.573982949663,0.81885309059,0.00198404345129,0.0,0.818808963205,-0.573922819156,-0.0120509887207,0.0,-0.00872946961704,0.00854177906927,-0.999925414404,0.0,0.660403715095,0.259200866419,0.303285176711,1.0,-0.00732,-0.00962057142857,0.367
0.464015026566,0.540017420354,-0.124021218507,-1.36796534494,0.0788997376925,1.89845849625,0.157679592863,-0.00421487186687,-0.0404390743681,0.000805255845276,-0.0670979156622,-0.00555531073084,0.0284354963388,-0.0131292918118,0.573999110454,0.818841725861,0.00199902196011,0.0,0.818797892945,-0.573939010516,-0.0120320246468,0.0,-0.0087051747432,0.00854333089871,-0.999925612948,0.0,0.660274625753,0.259032183465,0.303311754613,1.0,-0.00766,-0.0100674285714,0.384
0.463913912571,0.539262484234,-0.124023703635,-1.36911316239,0.0788400668793,1.8989006786,0.157530384326,-0.00576599072286,-0.0434419828683,-0.000367160323498,-0.0677208023172,-0.00024116732402,0.0233904867823,-0.00331085310029,0.574009111471,0.818834601303,0.00204513047209,0.0,0.818791312552,-0.573948757223,-0.0120148854656,0.0,-0.00866457067694,0.00857135381923,-0.999925725796,0.0,0.660147380361,0.258857992775,0.30333726304,1.0,-0.008,-0.0105142857143,0.401
0.463809915568,0.538557109022,-0.12402945185,-1.37022913371,0.0787763280623,1.89933309339,0.157387164108,-0.0047221046126,-0.0446534488016,-0.00101497992268,-0.0687975953161,-0.000216469503727,0.0243106126495,-0.0106956791115,0.574025792601,0.818822863066,0.00206282575786,0.0,0.818779817195,-0.573965373391,-0.0120044993201,0.0,-0.0086457344038,0.00858005752663,-0.999925814193,0.0,0.660025735736,0.258681822926,0.303342053855,1.0,-0.00832,-0.0109348571429,0.417
0.46370714734,0.537779822423,-0.124027589886,-1.37145251122,0.0787115258757,1.89980401035,0.157237559894,-0.00572771229219,-0.0425229300824,0.000734577728681,-0.0714581835988,-0.000942408283163,0.0265043534281,-0.00112938916461,0.574036439074,0.818815335681,0.00208795842523,0.0,0.818772539704,-0.573975835285,-0.0120006515173,0.0,-0.00862804593596,0.00859853983469,-0.999925808216,0.0,0.659886559436,0.25850152527,0.303349489307,1.0,-0.00866,-0.0113817142857,0.434
0.46360148328,0.536938649153,-0.124038210458,-1.37275424918,0.0786347305148,1.90028479953,0.157075489713,-0.00774429566241,-0.0503188563016,-0.00244206637324,-0.0800132961421,3.24880441613e-05,0.0218230515861,-0.00976321623145,0.574048851783,0.818806594154,0.00210333955131,0.0,0.818764022122,-0.573988205306,-0.0119901271769,0.0,-0.00861046888118,0.00860522316674,-0.999925902235,0.0,0.659736868826,0.25830235975,0.303365837185,1.0,-0.009,-0.0118285714286,0.451
0.463486779104,0.536151788177,-0.124040220935,-1.37398929204,0.0785568249138,1.90075165023,0.156919228471,-0.000727662836391,-0.0525113701781,-0.00070687262609,-0.0784136125557,-0.00524776479212,0.0231223123062,-0.0151588797104,0.574063374861,0.818796379644,0.00211594565607,0.0,0.818754012931,-0.574002714983,-0.0119789983656,0.0,-0.00859396740266,0.00860930898212,-0.999926009024,0.0,0.659598578582,0.258108319988,0.303373945562,1.0,-0.00932,-0.0122491428571,0.467
0.46336707538,0.535200762429,-0.124045666443,-1.37549762146,0.0784765354056,1.90128579373,0.156744288357,-0.00891690036591,-0.0511097125838,0.00120988632316,-0.0844932115715,-0.005006319218,0.0278897620765,-0.0134349344778,0.574083179474,0.818782533206,0.00210077655944,0.0,0.818739844172,-0.574022455899,-0.0120014411648,0.0,-0.00862084345702,0.00860998074387,-0.99992577189,0.0,0.659416468796,0.257882901404,0.303373641794,1.0,-0.00968,-0.0127222857143,0.485
0.463241771112,0.534302107413,-0.124046315117,-1.37696765307,0.0783966445099,1.90182202331,0.156560298031,-0.00940803919785,-0.0560676855252,-0.000715653565816,-0.0886575646899,-0.0075401600699,0.0343321370857,-0.01325633873,0.574094800676,0.818774452611,0.00207424437571,0.0,0.818731303004,-0.574034073523,-0.0120284170853,0.0,-0.00865804036039,0.00860386616057,-0.999925503137,0.0,0.659242233599,0.257660653653,0.303354461384,1.0,-0.01002,-0.0131691428571,0.502
0.463123641769,0.533433888632,-0.124049923829,-1.37835714958,0.0783094679998,1.90233902078,0.156387449459,-0.00773781309085,-0.0620642956376,-0.000377596513493,-0.0910012288132,-0.00278891334389,0.0291623128044,-0.0118412733628,0.574105246755,0.818767147063,0.00206674628344,0.0,0.818723930434,-0.574044580706,-0.012028798698,0.0,-0.00866254746974,0.00859805662431,-0.999925514073,0.0,0.659080970391,0.257448120744,0.303350370816,1.0,-0.01034,-0.0135897142857,0.518
0.462990696312,0.532494391964,-0.124046477674,-1.37988590789,0.078239494278,1.90291154218,0.156194013176,-0.00602985084025,-0.0536439992511,-0.00113588839157,-0.0901260092551,-0.00240674957633,0.0367542835731,-0.014193465909,0.574118219983,0.818758057632,0.00206384283334,0.0,0.818714565822,-0.574057329299,-0.0120577481328,0.0,-0.00868778160233,0.00861243690032,-0.999925171391,0.0,0.65890111831,0.257220876641,0.303334718756,1.0,-0.01068,-0.0140365714286,0.535
0.462855720971,0.531514758011,-0.124044272506,-1.38145576499,0.078143437534,1.90348061717,0.155994600726,-0.00828864623781,-0.0595855409376,0.000972321452427,-0.0911282655394,-0.00378348044916,0.0332240251605,-0.0132491012102,0.574123677101,0.818754278159,0.00204506489609,0.0,0.818710497363,-0.574062823074,-0.0120724303234,0.0,-0.00871052595204,0.00860554987051,-0.999925032814,0.0,0.65871388,0.256982822056,0.303327283591,1.0,-0.01102,-0.0144834285714,0.552
0.462719802246,0.530559629109,-0.124051516664,-1.38299775059,0.078045527417,1.90402116797,0.1558000225,-0.00709819495416,-0.0584436690003,0.000373478496134,-0.09508440624,-0.00263596020388,0.0322173199017,-0.00832808110856,0.574129800934,0.818750072584,0.00200928456208,0.0,0.818705799371,-0.57406907647,-0.0120936519518,0.0,-0.00874837871383,0.00858850426653,-0.999924848908,0.0,0.658515780689,0.256730942116,0.303317973226,1.0,-0.01136,-0.0149302857143,0.569
0.462573888357,0.529520213413,-0.124049973114,-1.3846404,0.0779458058182,1.90462644754,0.155577354863,-0.0101540402722,-0.0622938973404,0.00155814569818,-0.0972455773573,-0.00701669834977,0.0327615400736,-0.0171706218799,0.574136701357,0.818745250011,0.00200265830902,0.0,0.81870088765,-0.574076002368,-0.0120973951036,0.0,-0.00875517526667,0.0085853019487,-0.999924816922,0.0,0.65833572359,0.25648786553,0.303316221866,1.0,-0.01168,-0.0153508571429,0.585
0.462430482597,0.528420895488,-0.124053134704,-1.38634042092,0.0778393217035,1.9052716219,0.155330649892,-0.0035310314172,-0.0647183940723,0.000469802349325,-0.100160736096,-0.00962602207064,0.0385286791122,-0.0172829152811,0.574119523184,0.81875718573,0.00204714808495,0.0,0.818713464342,-0.574058692534,-0.0120676316121,0.0,-0.00870544455088,0.0086044562702,-0.999925086478,0.0,0.658128710535,0.256215599615,0.303342170288,1.0,-0.01204,-0.015824,0.603
0.462286230298,0.527302986745,-0.124056248963,-1.38807696762,0.0777249994399,1.90594811308,0.155095278085,-0.00904098500943,-0.0692880631933,0.00125012985329,-0.107093144157,-0.0102255383275,0.0386560641946,-0.00547438946094,0.574108898468,0.818764555239,0.00207910701169,0.0,0.818721368177,-0.574048048578,-0.0120376956184,0.0,-0.00866269796003,0.00861332334194,-0.999925381379,0.0,0.657940625763,0.255970031902,0.303356302561,1.0,-0.01236,-0.0162445714286,0.619
0.462137291943,0.52612956307,-0.124059199417,-1.38989048798,0.0776142723868,1.90662808156,0.154858025236,-0.0100891174263,-0.0697864511085,0.000834441434315,-0.111191129116,-0.00904705330566,0.0408401614716,-0.0167411071239,0.574106774691,0.818765961753,0.00211140474009,0.0,0.818723209106,-0.574045801335,-0.0120196398448,0.0,-0.00862939509411,0.00862937887107,-0.999925530907,0.0,0.65772675923,0.255698706063,0.303377851742,1.0,-0.0127,-0.0166914285714,0.636
0.461983135392,0.524955054454,-0.124065227121,-1.39173068863,0.0775025397457,1.90728001963,0.154596351524,-0.0106746536785,-0.068281219384,0.00113605735925,-0.107342431318,-0.00853669430067,0.0389521526564,-0.0217950395889,0.57409180488,0.818776489667,0.0020991520896,0.0,0.818733535083,-0.574030843139,-0.0120306507202,0.0,-0.00864560237589,0.00862551026465,-0.999925424285,0.0,0.657502560576,0.255416999706,0.303384831313,1.0,-0.01304,-0.0171382857143,0.653
0.461837429485,0.523766217232,-0.124073365649,-1.39362203191,0.0773832248622,1.90796643547,0.154346257172,-0.0012362937969,-0.0766066838649,0.000230228422703,-0.108493336933,-0.00263959884991,0.0421605231373,-0.0113836087923,0.574081467828,0.81878378493,0.00208056076357,0.0,0.81874061484,-0.574020613243,-0.0120369466336,0.0,-0.00866153871971,0.00861379343257,-0.999925387371,0.0,0.657271738292,0.255134881606,0.303380298547,1.0,-0.01338,-0.0175851428571,0.67
0.461684421628,0.522620396032,-0.124074426047,-1.39543248621,0.077271766928,1.90867272295,0.15410195945,-0.00957761731358,-0.0737771018703,-0.0017594804756,-0.111668645612,-0.00628331224952,0.0411971052159,-0.0190764169717,0.574074720385,0.818788433709,0.002112614512,0.0,0.818745726179,-0.574013775333,-0.0120153440484,0.0,-0.00862552097,0.00862756548503,-0.999925579982,0.0,0.657062028605,0.254863735463,0.303385220586,1.0,-0.0137,-0.0180057142857,0.686
0.461500271127,0.521236298011,-0.124081074679,-1.39765764474,0.0771367548935,1.9095304126,0.153794629026,-0.00827637195122,-0.0703487796622,-0.00140969432359,-0.11909952807,-0.0053408383471,0.0431656761647,-0.016480956575,0.574061424448,0.818797730569,0.00212232814361,0.0,0.81875518871,-0.574000479304,-0.0120057328028,0.0,-0.00861221521287,0.00862986140558,-0.999925674859,0.0,0.656800899716,0.254529281752,0.30337317542,1.0,-0.01408,-0.0185051428571,0.705
0.461359641741,0.520170449993,-0.124085779155,-1.39933019804,0.0770376162199,1.91013683028,0.153570981538,-0.0122805665792,-0.0757201597105,-0.00125852610238,-0.117664997267,-0.00469708789291,0.0455417707193,-0.0215413976579,0.574059162837,0.818799315866,0.00212245204178,0.0,0.818756729858,-0.573998171605,-0.0120109619508,0.0,-0.00861644973025,0.0086329408662,-0.999925611796,0.0,0.656597447613,0.254274790418,0.303378377532,1.0,-0.01436,-0.0188731428571,0.719
0.4611798986,0.518747595476,-0.124084433173,-1.40153945844,0.0768922658156,1.91092820324,0.153268456505,-0.0122498918972,-0.0892116540925,-0.000240293134076,-0.127340050868,-0.00333985936489,0.0434624490378,-0.0159059107939,0.574035658247,0.81881579563,0.00212197759262,0.0,0.81877322194,-0.573974690522,-0.0120088540697,0.0,-0.00861524383781,0.00863109505641,-0.999925638121,0.0,0.656323972811,0.253944290412,0.303394250883,1.0,-0.01472,-0.0193462857143,0.737
0.461004808158,0.517410503348,-0.124087544259,-1.40366374035,0.0767462014888,1.91168817098,0.152984914198,-0.00882396828714,-0.0793295563735,0.000726877290702,-0.126622186251,-0.0105864986787,0.0462713742271,-0.0130566039317,0.57402200371,0.818825453045,0.0020889240798,0.0,0.818782534601,-0.573961263097,-0.0120156730519,0.0,-0.00863994377268,0.00860780100066,-0.999925625801,0.0,0.656061120107,0.25362102775,0.303387391583,1.0,-0.01506,-0.0197931428571,0.754
0.460834693027,0.516125500761,-0.124093511442,-1.40568787545,0.076626126843,1.91244429533,0.152700771122,-0.00923504260735,-0.085478425853,-0.000194509461845,-0.126271139953,-0.013308482881,0.0468738030692,-0.0159896104834,0.574007591718,0.818835520289,0.00210291812878,0.0,0.818792758443,-0.573946768081,-0.0120113709702,0.0,-0.00862854026032,0.00861663815623,-0.999925648156,0.0,0.655817095383,0.253314491454,0.303391053638,1.0,-0.01538,-0.0202137142857,0.77
0.46064408423,0.514753862483,-0.124096799694,-1.40789770724,0.0764882176249,1.91326626005,0.152402260701,-0.00884360526756,-0.0828005285049,-0.00243580408097,-0.133625041001,-0.00622456667827,0.0433424530158,-0.0219985310613,0.574000938712,0.818840230333,0.00208481314532,0.0,0.81879723683,-0.573940196781,-0.0120200823706,0.0,-0.00864613541498,0.00860674351329,-0.999925581385,0.0,0.655549212146,0.252976832744,0.303372337305,1.0,-0.01572,-0.0206605714286,0.787
0.460457713463,0.513346871662,-0.124095077134,-1.41015880295,0.0763627237665,1.91405160069,0.152088600685,-0.0106250888845,-0.0829060251062,0.00035355470684,-0.133561725577,-0.00565778383367,0.0490755813775,-0.0177066253395,0.573980293173,0.818854828866,0.00203450056981,0.0,0.818810928875,-0.573919521444,-0.0120744590484,0.0,-0.00871975738664,0.00859653835584,-0.999925029869,0.0,0.655259003687,0.252638879758,0.30335025178,1.0,-0.01606,-0.0211074285714,0.804
0.460262123398,0.511988040715,-0.124105352126,-1.41231757272,0.0762282465229,1.91481601796,0.151783156387,-0.0131210742487,-0.0845478944965,-0.00130219284412,-0.137486836799,-0.00457495354284,0.0489954959207,-0.0247730015394,0.573974262377,0.818859138435,0.00200110764509,0.0,0.818814778911,-0.573913613394,-0.0120941762766,0.0,-0.00875513241001,0.00858044762164,-0.999924858964,0.0,0.654992386474,0.25229660051,0.303341216241,1.0,-0.01638,-0.021528,0.82
0.460056070347,0.510451571583,-0.124103561735,-1.41477214211,0.076079482193,1.91576054063,0.151434021412,-0.0105611580553,-0.0831007565246,0.000800137536973,-0.137396286639,-0.00500938278019,0.0504646703917,-0.0184870167226,0.573944211141,0.818880150751,0.00202190614594,0.0,0.81883604626,-0.573883459128,-0.012085180406,0.0,-0.00873614405752,0.0085919943916,-0.999924925892,0.0,0.654695709332,0.251931636315,0.303330585961,1.0,-0.01674,-0.0220011428571,0.838
0.459851632172,0.508947394865,-0.12410645377,-1.4171494697,0.0759285560073,1.9166241518,0.151110399725,-0.00768506139401,-0.0922264527925,0.000690697195453,-0.137847235267,-0.0129902805778,0.0533284601103,-0.0219272689097,0.57393155169,0.818889052959,0.00200993009712,0.0,0.818844784083,-0.573870845543,-0.0120921096861,0.0,-0.00874882440678,0.00858602935941,-0.999924866263,0.0,0.654400200111,0.251568060026,0.303326682776,1.0,-0.01708,-0.022448,0.855
0.459653479218,0.50753191049,-0.124115543371,-1.41939446995,0.0757874701667,1.91742558444,0.150795538913,-0.0147881741334,-0.0931902881717,-0.0015913209701,-0.140191534223,-0.00581895508384,0.0526748275668,-0.0139777155274,0.573920674153,0.81889674366,0.00198239861191,0.0,0.818852099214,-0.573860074211,-0.0121079205646,0.0,-0.008777686306,0.00857244224397,-0.999924729896,0.0,0.654119922982,0.251216974878,0.303318040236,1.0,-0.0174,-0.0228685714286,0.871
0.459429892776,0.505969249817,-0.124119192104,-1.42183256537,0.0756367045442,1.91833400879,0.150468709705,-0.0153680275542,-0.0909183830241,-0.000851830614598,-0.143438649769,-0.0026383627307,0.058867023079,-0.0135153494393,0.573924161833,0.818894236536,0.00200816696416,0.0,0.818849926086,-0.573863446113,-0.0120950677938,0.0,-0.00875233620204,0.00858620432709,-0.999924834028,0.0,0.653823406183,0.250837183814,0.303328982773,1.0,-0.01774,-0.0233154285714,0.888
0.459203962675,0.50432404627,-0.124125578586,-1.42431452855,0.0754817993204,1.91927814967,0.150122558163,-0.0143464643496,-0.093801296344,-0.00182256804984,-0.150749717265,-0.0012151326904,0.0529555455656,-0.0224207162571,0.573916429374,0.818899434238,0.00209656867319,0.0,0.818856343408,-0.573855398599,-0.0120423112571,0.0,-0.00865848132629,0.00862823495577,-0.99992528934,0.0,0.65352607039,0.250451962335,0.303379239986,1.0,-0.01808,-0.0237622857143,0.905
0.458989265251,0.502754253495,-0.124128754881,-1.42663344796,0.0753208048177,1.92016783381,0.14978949466,-0.01268857577,-0.0986759293395,0.000272329054229,-0.14819181666,-0.00671752372257,0.0581904894876,-0.0237953474591,0.573897196416,0.818912626403,0.00220571195629,0.0,0.818871169894,-0.573835924758,-0.0119618341449,0.0,-0.00853014448772,0.00867122395778,-0.999926020519,0.0,0.653250814873,0.250089750646,0.303448920904,1.0,-0.0184,-0.0241828571429,0.921
0.45874196984,0.500944251288,-0.12413728625,-1.4293481403,0.0751525981266,1.92112245794,0.149417606437,-0.0157909541343,-0.102695512781,4.52824722881e-05,-0.151939026638,-0.00800875802781,0.0568456318782,-0.0230430307393,0.573894294373,0.818914541856,0.00224920538908,0.0,0.818873597422,-0.573832789984,-0.0119460238595,0.0,-0.00849226835476,0.00869773730013,-0.999926112642,0.0,0.652908241368,0.249662759214,0.303503121766,1.0,-0.01876,-0.024656,0.939
0.458514765923,0.49933831665,-0.124138351375,-1.43179459883,0.0749977546817,1.92201918483,0.149063464066,-0.0135391549759,-0.0949379718193,-0.000600170424046,-0.150135798806,-0.0166156090066,0.0613678136787,-0.0262494282854,0.573873829227,0.818928754673,0.00229560433462,0.0,0.818888410303,-0.573812135945,-0.0119227100301,0.0,-0.00844676707721,0.0087221429723,-0.999926285457,0.0,0.652604804428,0.249280669971,0.303536723132,1.0,-0.01908,-0.0250765714286,0.955
0.458272352731,0.497760404465,-0.124136276277,-1.43428653447,0.0748467618438,1.92294428141,0.14870182683,-0.0155654964176,-0.100603810278,0.00118869875275,-0.15241638847,-0.00304220767811,0.0568465478713,-0.0307869207418,0.573860634853,0.818937971286,0.00230604731983,0.0,0.818897686068,-0.573798821996,-0.0119263795709,0.0,-0.0084439204266,0.00873266469706,-0.999926217666,0.0,0.65229713328,0.248887355516,0.30353103873,1.0,-0.0194,-0.0254971428571,0.971
0.458002798356,0.496073417458,-0.12413564602,-1.43695840144,0.0746845846147,1.92388695817,0.148300584745,-0.016739232447,-0.0931367732984,0.00259076772148,-0.157412941864,-0.0100195569893,0.0568093450733,-0.0244220712431,0.57384356756,0.8189500227,0.00227314561424,0.0,0.818909154152,-0.573781730216,-0.0119611963278,0.0,-0.0084914960682,0.0087255233186,-0.999925877122,0.0,0.651958818977,0.248455200612,0.303516711382,1.0,-0.01974,-0.025944,0.988
0.457721363038,0.494305323986,-0.124137993904,-1.4398650475,0.0745030037044,1.92489910049,0.14789755383,-0.0145718682493,-0.101257427051,0.00282714734266,-0.157596099666,-0.0147791154618,0.0523396107,-0.020719312185,0.573842884594,0.818950797107,0.00216393623054,0.0,0.818908351154,-0.573781343405,-0.0120345033783,0.0,-0.00861420574715,0.00867814666501,-0.99992523982,0.0,0.651582913283,0.247988583413,0.303452717742,1.0,-0.0230914285714,-0.0303487346939,1.006
0.457424134807,0.492111809669,-0.124219083611,-1.44314703876,0.074311007153,1.92611971532,0.147426753868,-0.0214310015155,-0.150668834289,-0.0100175621741,-0.225504613766,-0.00735664576786,0.0833351852714,-0.034982543667,0.57387215475,0.818930011594,0.00226561575381,0.0,0.818889142483,-0.573810444563,-0.0119537833169,0.0,-0.00848944137544,0.00871539932976,-0.999925982861,0.0,0.651189300321,0.247439046351,0.30352552286,1.0,-0.033048,-0.0434345142857,1.022
0.456993620209,0.488856262967,-0.124248639717,-1.4483567472,0.0740326906822,1.92808647316,0.146626096409,-0.0256584272603,-0.200910717739,0.000460425413585,-0.323039377166,-0.0156683336772,0.112477452093,-0.046710382042,0.573776509041,0.818996959181,0.00229028971565,0.0,0.818956085038,-0.573714374802,-0.0119788908511,0.0,-0.00849686664012,0.00874902131965,-0.999925626176,0.0,0.6505266863,0.246655233155,0.303481512331,1.0,-0.0442491428571,-0.0581560163265,1.04
0.456388518657,0.484778307102,-0.124332338443,-1.45475611578,0.0736585358432,1.93049327763,0.145675802487,-0.0412494567807,-0.261718762098,-0.0107503075571,-0.394967829424,-0.0210901561781,0.147078438397,-0.0619326239574,0.57377085447,0.819000739672,0.00235411966671,0.0,0.818960798958,-0.573708568385,-0.011934623305,0.0,-0.00842404887979,0.0087758396967,-0.999926007282,0.0,0.649737723943,0.245610931071,0.303479365106,1.0,-0.054828,-0.0720596571429,1.057
0.455676269998,0.480144007896,-0.124462271942,-1.46211020607,0.0732167588936,1.9330451207,0.144544131291,-0.0467560599321,-0.307004909408,-0.00603941744595,-0.482625568401,-0.0232668410521,0.168677601956,-0.0817675496474,0.573762094975,0.81900731117,0.00219761700974,0.0,0.818965309565,-0.573700427872,-0.0120161428605,0.0,-0.00858070024107,0.00869434678895,-0.999925387175,0.0,0.648790154658,0.244364456542,0.303418627922,1.0,-0.0647845714286,-0.0851454367347,1.073
0.454752759904,0.474298423714,-0.124601636735,-1.47123587809,0.0726648254579,1.93629130971,0.143237198664,-0.0590415276668,-0.359139208063,-0.00984262281128,-0.566513468345,-0.0371114452696,0.200829286303,-0.0844124440309,0.573841926769,0.818951495213,0.00215371130691,0.0,0.818908967305,-0.573780480588,-0.0120337136895,0.0,-0.00861943626114,0.00866930986308,-0.9999252714,0.0,0.647624483763,0.242812226158,0.303407913487,1.0,-0.0753634285714,-0.099049077551,1.09
0.453600829576,0.467185435433,-0.124707772386,-1.48209138038,0.0720214717706,1.94029758131,0.141546575137,-0.0658452057822,-0.418634309498,-0.00551806521679,-0.625889289116,-0.0487406737093,0.240282170054,-0.10019281924,0.573823154374,0.818964019573,0.00238097662645,0.0,0.818924370968,-0.573760694266,-0.0119284220218,0.0,-0.0084029994277,0.00879481386479,-0.999926017688,0.0,0.646250923372,0.240982301459,0.303504933592,1.0,-0.0865645714286,-0.113770579592,1.108
0.452394896675,0.4601149523,-0.124753269723,-1.49303353185,0.071328321671,1.94417603024,0.139841364003,-0.0747803795257,-0.446470185047,-0.00414510359087,-0.702942322437,-0.0440105016174,0.249709978482,-0.103972753504,0.573772385102,0.818999575198,0.00238596315672,0.0,0.818959691525,-0.573709597624,-0.0119611100611,0.0,-0.008427456351,0.00881713205617,-0.999925615314,0.0,0.644810018605,0.239129530156,0.303506872129,1.0,-0.0965211428571,-0.126856359184,1.124
0.450925395856,0.451763152029,-0.124898288073,-1.50592394665,0.0704756332333,1.94859848834,0.137820530104,-0.0922369313945,-0.515998459921,-0.00850615127083,-0.741626839663,-0.0569491516143,0.283443761931,-0.119198740735,0.57378670929,0.818989903426,0.00225770454159,0.0,0.818948390345,-0.573724488265,-0.0120204998573,0.0,-0.00854953223944,0.00874631495099,-0.999925200939,0.0,0.643089868757,0.236851227838,0.303499216752,1.0,-0.1071,-0.14076,1.141
0.449412370472,0.44307959052,-0.125006355028,-1.51896544396,0.0696134999785,1.95332601299,0.135831790719,-0.0977293849518,-0.547829515138,-0.00779909107797,-0.842892179572,-0.0479767860263,0.289028391209,-0.128063690173,0.573829120454,0.818959345568,0.00254513789163,0.0,0.818921919531,-0.57376611424,-0.0118356564144,0.0,-0.00823276605949,0.0088760844101,-0.999926715659,0.0,0.641374077869,0.234576614411,0.303654406163,1.0,-0.117056571429,-0.153845779592,1.157
0.447714546714,0.433735348787,-0.125086217329,-1.53308084676,0.0686703359303,1.95821233173,0.133517912401,-0.111601191875,-0.619021105293,-0.00668930738309,-0.87695833642,-0.0593421759811,0.325885764817,-0.152221249947,0.57374602222,0.819017288491,0.00263249706795,0.0,0.818980811784,-0.573682496555,-0.0118139738084,0.0,-0.00816578852152,0.00893435707899,-0.999926745898,0.0,0.639441456233,0.232087560812,0.303743965034,1.0,-0.127013142857,-0.166931559184,1.173
0.445720639391,0.423164991516,-0.1251859514,-1.54907432136,0.0675430143619,1.96384735807,0.130871218773,-0.120945892292,-0.642211990729,-0.0132700736883,-0.977713040759,-0.0695828077139,0.343109609419,-0.157137006086,0.573659784723,0.819077258046,0.00276471426198,0.0,0.819042883194,-0.573596218708,-0.0116995843901,0.0,-0.00799718782669,0.00897617342207,-0.999927734038,0.0,0.637249011567,0.229222840842,0.303817099725,1.0,-0.137592,-0.1808352,1.19
0.443354945899,0.411130192176,-0.125315837299,-1.56708755102,0.0662472204308,1.97018577702,0.127888035361,-0.130987448252,-0.683139665429,-0.014942137188,-1.03461291715,-0.0746218159961,0.374919330738,-0.174962583844,0.57363990474,0.819090327667,0.0030069441176,0.0,0.819059723753,-0.573576264752,-0.0114971448253,0.0,-0.00769263645399,0.00905826228029,-0.999929383121,0.0,0.634758633309,0.225918951709,0.303953503199,1.0,-0.148793142857,-0.195556702041,1.208
0.441158287956,0.400638125157,-0.125399662006,-1.58305072632,0.0651893324011,1.97550590984,0.125220907163,-0.151147675052,-0.706039993093,-0.00612426700388,-1.07004585636,-0.0734649196274,0.35684163334,-0.180258109973,0.573668805232,0.819070478668,0.00289823734305,0.0,0.819037535389,-0.573604434403,-0.0116711335416,0.0,-0.00789719119002,0.00906930501719,-0.999927688424,0.0,0.632449791558,0.222951293622,0.303902652122,1.0,-0.158127428571,-0.207824620408,1.223
0.438260515231,0.38722760497,-0.125542794084,-1.60313201981,0.0637130062621,1.98235436932,0.12176688784,-0.163928067496,-0.76655383949,-0.0120537940427,-1.15409570991,-0.0832116907267,0.384883354533,-0.196191120264,0.573687662564,0.819056946811,0.00298841177765,0.0,0.819025507042,-0.573623376141,-0.0115839570053,0.0,-0.00777384727419,0.00909333376389,-0.999928436729,0.0,0.629560875896,0.219118552904,0.303955017178,1.0,-0.169328571429,-0.222546122449,1.241
0.435298913495,0.37388024587,-0.125688790077,-1.62298351185,0.062222029219,1.98897396595,0.118164536376,-0.176804401385,-0.798437083158,-0.00860756132924,-1.18378873725,-0.077059270183,0.391507620001,-0.221082153129,0.573592375034,0.819123531199,0.00302899975222,0.0,0.819092828266,-0.573528218617,-0.0115355118903,0.0,-0.00771194088042,0.00909788879878,-0.999928874664,0.0,0.626627780387,0.215274251227,0.304009243752,1.0,-0.179907428571,-0.236449763265,1.258
0.431983495205,0.359925909619,-0.125864076087,-1.64364918547,0.0606425900791,1.99581091949,0.114500040735,-0.205024034087,-0.858086129576,-0.00958165648604,-1.24521097434,-0.0929677539232,0.415216517796,-0.229924875403,0.57372834019,0.819028156709,0.00306872634986,0.0,0.818998265297,-0.573664394624,-0.0114782700057,0.0,-0.00764075438938,0.00909886553717,-0.999929412268,0.0,0.623543321461,0.21113078671,0.30405289023,1.0,-0.190486285714,-0.250353404082,1.275
0.428557175296,0.346301696991,-0.12605899124,-1.66387112183,0.0591189235553,2.00227434475,0.110659349368,-0.220423170503,-0.870379776448,-0.0149190437046,-1.26583229187,-0.0952717501841,0.406727708967,-0.248937228083,0.573793024592,0.81898336846,0.00292472509187,0.0,0.818951207242,-0.573729054175,-0.0116034241948,0.0,-0.00782516233068,0.00905334531416,-0.999928399323,0.0,0.620442818405,0.206965132639,0.304008774379,1.0,-0.200442857143,-0.263439183673,1.291
0.424719356053,0.331244065828,-0.126200347714,-1.68602961784,0.0574188445135,2.00943679202,0.106454280567,-0.225842763935,-0.897741150227,-0.0109803169044,-1.31827240615,-0.092998514825,0.413393556014,-0.25080540501,0.573831252098,0.818956503878,0.00294716360222,0.0,0.818924233806,-0.573766739002,-0.0116436850378,0.0,-0.00784483817893,0.00909518916972,-0.999927865422,0.0,0.616980732721,0.202426099861,0.303994318706,1.0,-0.211021714286,-0.27734282449,1.308
0.420881122893,0.31642721171,-0.126328550195,-1.70746084625,0.0556044538988,2.01628330809,0.102238157394,-0.246430464471,-0.936833156479,-0.00456116547269,-1.37354940954,-0.11071932347,0.421557293693,-0.259728226099,0.573743023934,0.819017971545,0.00304165639629,0.0,0.818987643422,-0.573679057556,-0.0115032928111,0.0,-0.00767661676805,0.00909118804027,-0.999929207422,0.0,0.613565898069,0.197971202378,0.304079677106,1.0,-0.220978285714,-0.290428604082,1.324
0.416518195619,0.30023279022,-0.126445415999,-1.73080828098,0.0536615020965,2.02361124721,0.0974019120072,-0.267459227041,-0.96096379756,-0.00688984342845,-1.39744048146,-0.124809514666,0.431300548086,-0.286557378239,0.573545143293,0.819156241076,0.00312541416278,0.0,0.819127040775,-0.573480998546,-0.0114534832558,0.0,-0.00758997278656,0.00912937671827,-0.999929520913,0.0,0.609752183797,0.193060133363,0.304129088184,1.0,-0.231557142857,-0.304332244898,1.341
0.411432128244,0.282485402006,-0.126619038699,-1.75620142921,0.0515821355522,2.03135893325,0.0921170480129,-0.291489660547,-0.984427783775,-0.011636421128,-1.43326084563,-0.106343327167,0.423383837858,-0.29812506799,0.573583243524,0.819129327263,0.00318667027503,0.0,0.819100299471,-0.57351815868,-0.011505128123,0.0,-0.00759672085139,0.00920952859448,-0.999928734668,0.0,0.605517920265,0.187531592262,0.304170401714,1.0,-0.242758285714,-0.319053746939,1.359
0.406543049712,0.266209625764,-0.126790495475,-1.77934310957,0.0495931880229,2.03826956824,0.0870727076317,-0.313016828464,-1.01875180075,-0.00464213510113,-1.45754051442,-0.124448198513,0.416220018906,-0.314128286167,0.57356594383,0.819141481641,0.00317616657729,0.0,0.819112033422,-0.57350054969,-0.0115474287078,0.0,-0.00763759163015,0.00922502571951,-0.999928280475,0.0,0.601576454612,0.182364697419,0.304185610259,1.0,-0.252714857143,-0.332139526531,1.375
0.400904396119,0.248411954422,-0.127039047767,-1.80443068359,0.0473324374119,2.04566313916,0.0814927077545,-0.335239737778,-1.04560804623,-0.00687725654188,-1.48505101489,-0.132360611406,0.424265344742,-0.326633288598,0.573695221399,0.819050987551,0.00316538117815,0.0,0.81902182201,-0.573630353949,-0.0114986521276,0.0,-0.00760237002418,0.00918941496272,-0.999928876782,0.0,0.597505733935,0.176899657913,0.304208929539,1.0,-0.262671428571,-0.345225306122,1.391
0.394950358076,0.230103676011,-0.127224623853,-1.82995048866,0.0450486521228,2.05304476961,0.0755343030128,-0.351407953541,-1.083145862,-0.00820153532437,-1.50926289254,-0.13237989747,0.436855812624,-0.357003501918,0.573658124745,0.819076561572,0.00326941867196,0.0,0.819048256114,-0.573592350969,-0.0115115579738,0.0,-0.00755367921286,0.00928168912318,-0.999928393525,0.0,0.592715194622,0.170649472369,0.304255382374,1.0,-0.273872571429,-0.359946808163,1.409
