position_joint1,position_joint2,position_joint3,position_joint4,position_joint5,position_joint6,position_joint7,velocity_joint1,velocity_joint2,velocity_joint3,velocity_joint4,velocity_joint5,velocity_joint6,velocity_joint7,ee_T_00,ee_T_10,ee_T_20,ee_T_30,ee_T_01,ee_T_11,ee_T_21,ee_T_31,ee_T_02,ee_T_12,ee_T_22,ee_T_32,ee_T_03,ee_T_13,ee_T_23,ee_T_33,v_x,v_y,time
0.465051383986,0.547743062711,-0.124021681772,-1.35583269832,0.0794244326939,1.89409208587,0.159150803665,0.00108741648176,-0.00105306357832,0.00328443069982,0.000906520223823,5.47351304097e-06,-0.00703711250761,-0.00148516410929,0.573820153582,0.818967329424,0.0019213487558,0.0,0.81892465909,-0.57376252543,-0.0118200696584,0.0,-0.00857801812078,0.0083561949442,-0.999928293235,0.0,0.661694148436,0.260844247357,0.30324175402,1.0,0.0,0.0,0.0
0.465052039012,0.547743036699,-0.124021892237,-1.35583269832,0.0794240655745,1.89409314599,0.159150104711,-0.00121197705235,0.0022189898754,0.000341327673606,0.000224822676407,9.39800524908e-05,-0.000532512161512,0.000147117763139,0.573819101858,0.818968064836,0.00192198413563,0.0,0.818925408433,-0.573761476782,-0.0118190559697,0.0,-0.00857683407031,0.00835612260587,-0.999928303996,0.0,0.661694258767,0.260844572039,0.303241870831,1.0,-0.00018,-0.000236571428571,0.01
0.465051936835,0.547737816574,-0.124019386587,-1.35584068578,0.0794232301492,1.89409237145,0.159148463498,0.000931241504132,-0.00528711382637,0.00260321118375,-0.00167176310924,-0.000382812781565,0.00273694945778,0.00661681320384,0.573816290841,0.818970040101,0.00191955295445,0.0,0.818927337588,-0.573758661836,-0.0118220395857,0.0,-0.00858070130421,0.00835581417091,-0.999928273395,0.0,0.661691908893,0.260844886263,0.303241615329,1.0,-0.00044,-0.000578285714286,0.023
0.465050981906,0.547733162379,-0.124017144003,-1.35584471939,0.0794240787382,1.89409705484,0.159144153328,5.38010306074e-05,-0.00211971767065,0.00148690180024,0.000369736502738,3.16093143819e-05,0.000359654027016,-0.000679218630291,0.573812445681,0.818972720975,0.0019251965862,0.0,0.818930074001,-0.573754776879,-0.0118210323528,0.0,-0.0085766774206,0.00835981782006,-0.999928274453,0.0,0.661691728498,0.260845591344,0.303243326654,1.0,-0.00078,-0.00102514285714,0.04
0.465053484415,0.547667717895,-0.124020213796,-1.35590735454,0.0794249704965,1.89410631795,0.159146949228,-6.32170393916e-05,-0.0040565899744,-5.0138382338e-06,-0.00636850478821,0.000153935591032,0.000650487301434,-0.00168341425799,0.573818435639,0.818968492851,0.00193843740029,0.0,0.818925973213,-0.573760668791,-0.0118191474532,0.0,-0.00856747518781,0.00836964257831,-0.999928271153,0.0,0.661680950876,0.260839671576,0.303260783724,1.0,-0.0011,-0.00144571428571,0.056
0.465056294359,0.547527231017,-0.124019413233,-1.35606976031,0.0794216704905,1.89414043288,0.159144294726,0.000890465025026,-0.00823616478634,-0.00028846096784,-0.00591945001282,0.000376720009096,0.00388135095697,0.00029182140498,0.57382138051,0.818966391478,0.0019544309274,0.0,0.818923982575,-0.573763453599,-0.0118218855868,0.0,-0.00856051075712,0.00838434249097,-0.999928207651,0.0,0.661653503693,0.260826345825,0.30328593382,1.0,-0.00144,-0.00189257142857,0.073
0.465040827771,0.547376927016,-0.124019827332,-1.35627696647,0.0794164255313,1.89420758855,0.159145626359,-0.000525969868813,-0.0130436613988,0.00108905647514,-0.0173761601188,0.000204610078662,0.00312811437393,0.00021789477169,0.573845545138,0.818949428262,0.00196753028111,0.0,0.818907114406,-0.573787488627,-0.011823822201,0.0,-0.00855433286997,0.00839643389891,-0.999928159063,0.0,0.661627782258,0.260796963518,0.303299616952,1.0,-0.00178,-0.00233942857143,0.09
0.465024731566,0.547183240851,-0.12402256977,-1.35649590954,0.0794106610479,1.89434470498,0.159129815805,4.111352682e-05,-0.0160114412119,0.000116177633465,-0.0145777393783,0.00047863407402,0.00479860840794,-0.000748447423354,0.573858718594,0.818939956934,0.00206517120424,0.0,0.818898930027,-0.573800290328,-0.0117692871851,0.0,-0.00845350646014,0.00844523714927,-0.99992860555,0.0,0.66161520023,0.260769679347,0.303344590401,1.0,-0.00214,-0.00281257142857,0.108
0.4650045567,0.546986873196,-0.124021895969,-1.35672775375,0.0794029187501,1.8944688665,0.159115634714,-0.00311678115623,-0.0133372011462,-0.000436683344414,-0.0105633168907,-0.00275747810598,0.0061501905863,-0.00137457797627,0.573874255404,0.81892886752,0.00214378827646,0.0,0.818888851377,-0.573815511072,-0.0117283948486,0.0,-0.00837474338542,0.00848631156791,-0.999928920568,0.0,0.661597523152,0.260738971544,0.303384073312,1.0,-0.00248,-0.00325942857143,0.125
0.464972587886,0.54676775277,-0.124020103535,-1.357056886,0.0793921002954,1.894603083,0.15909306206,-0.000547518511681,-0.0131197079245,0.000719138799898,-0.0239681311911,-0.000175641446425,0.0110391282191,-0.00523458717213,0.573896318828,0.818913339052,0.00216916093002,0.0,0.818873578427,-0.573837400138,-0.0117238073541,0.0,-0.00835619744086,0.00850468219759,-0.999928919646,0.0,0.66156310735,0.260690032284,0.303394184857,1.0,-0.00282,-0.00370628571429,0.142
0.464941556154,0.546528161847,-0.124014813826,-1.35740945878,0.0793790900095,1.89472545812,0.159051057317,-0.0067096840246,-0.0161270356802,0.00261858568523,-0.0222784547529,-0.000159460527154,0.00574837215986,-0.00718862817446,0.573899830873,0.818910839573,0.00218354209474,0.0,0.818871153733,-0.573840743075,-0.0117295384279,0.0,-0.00835260155711,0.00851978378659,-0.999928821133,0.0,0.66152054578,0.260640062803,0.303406475714,1.0,-0.00312,-0.00410057142857,0.157
0.464905193928,0.546248090441,-0.124020103535,-1.35784991622,0.0793522400633,1.89488746243,0.158934144394,0.000292387904871,-0.015645060049,0.00084725194149,-0.0266490622335,-0.00500895199825,0.00287171195553,-0.00162187481913,0.573855076534,0.818942200921,0.00218393876671,0.0,0.81890253845,-0.573796011275,-0.0117267585664,0.0,-0.00835056289106,0.0085180569335,-0.999928852872,0.0,0.661471355089,0.26057099096,0.303409354432,1.0,-0.00346,-0.00454742857143,0.174
0.464855038233,0.545945637091,-0.124020103971,-1.35836207289,0.0793015467681,1.89505776003,0.158905371601,-0.00737594327858,-0.018843611326,-0.000294011694599,-0.0287379025756,-0.00284199771837,0.00753805666359,-0.00865761363605,0.573887680665,0.81891947237,0.00213884447898,0.0,0.818879374705,-0.573828936041,-0.0117332325589,0.0,-0.00838140313262,0.00848517661544,-0.9999288744,0.0,0.661411622582,0.260484337661,0.303394437157,1.0,-0.0038,-0.00499428571429,0.191
0.464803270042,0.545608702605,-0.124020211439,-1.35894406969,0.0792599541955,1.8952392862,0.15881846922,-0.00431477944678,-0.0143394366929,5.21063144872e-06,-0.0345964472001,-0.000834169428179,0.0131902980556,-0.00709865081228,0.573880290907,0.818924799008,0.00208138880895,0.0,0.818883963882,-0.573821777809,-0.011762988989,0.0,-0.0084388196403,0.00845512624857,-0.999928646036,0.0,0.661338879568,0.260390955593,0.303371665651,1.0,-0.00414,-0.00544114285714,0.208
0.464735829272,0.545198227613,-0.124022936168,-1.35965739575,0.0792342372892,1.89547242906,0.158743937118,-0.0104891383904,-0.0249735592145,-0.000536487976185,-0.045088441623,-0.00394235477211,0.0169896503678,-0.00159242114323,0.573909259589,0.81890462592,0.00203034642338,0.0,0.818862940288,-0.573850757465,-0.0118127084393,0.0,-0.00850852956815,0.00844216073394,-0.999928164843,0.0,0.661251918339,0.260277148752,0.303343019594,1.0,-0.0045,-0.00591428571429,0.226
0.464679430499,0.544831301823,-0.124025797725,-1.36026980649,0.0792129515277,1.89567635992,0.15867554089,-0.00761757273443,-0.0240319498441,-0.000301953735291,-0.0446832386475,-0.000615321329339,0.0219187258218,-0.00438683735009,0.573929842027,0.818890268846,0.00200272851275,0.0,0.818848061901,-0.573871287812,-0.011846663984,0.0,-0.00855197411603,0.00843924683171,-0.999927818821,0.0,0.661178009303,0.260180714268,0.303329020896,1.0,-0.0048,-0.00630857142857,0.241
0.464599093155,0.544344259259,-0.124024081638,-1.36109539811,0.0791677189751,1.89597078257,0.158574296052,-0.00126158196959,-0.0303341503049,0.000296892672677,-0.0444588090816,-0.0073158884424,0.0210182851437,-0.00628752368414,0.573945520647,0.818879366767,0.00196695536945,0.0,0.818836620984,-0.573887037947,-0.0118744563521,0.0,-0.00859510258995,0.0084260683497,-0.999927560168,0.0,0.661082724152,0.260049646115,0.303306198539,1.0,-0.00518,-0.006808,0.26
0.464524685438,0.543877339535,-0.124023624371,-1.36184662841,0.0791346403981,1.8962378394,0.158469447163,-0.00166178753648,-0.0289268623758,0.00162397166057,-0.042849701466,-0.000554669450167,0.015009076536,-0.00183369468809,0.573953276049,0.818873950176,0.00195896314025,0.0,0.8188309637,-0.573894691416,-0.0118946606157,0.0,-0.00861615506519,0.00843120143062,-0.999927335717,0.0,0.660996517426,0.259930453306,0.303302163024,1.0,-0.0055,-0.00722857142857,0.276
0.464450663166,0.543381085273,-0.124028601143,-1.36264048546,0.0790866272833,1.89651102224,0.158382758695,-0.00742169853254,-0.0372505549203,0.00251025829587,-0.0577783405598,-0.00559828526494,0.0169017815548,-0.0037261687696,0.573977673811,0.81885690164,0.00193688002322,0.0,0.818813619943,-0.57391917012,-0.0119075129618,0.0,-0.00863910292409,0.00842075245948,-0.999927225766,0.0,0.660904366598,0.259801697748,0.303299227126,1.0,-0.00582,-0.00764914285714,0.292
0.464379111224,0.542830149372,-0.124029692311,-1.36352764359,0.0790295898236,1.89682574392,0.158269330429,-0.00169830611185,-0.0312748177507,-0.000307431378006,-0.049396208561,-0.000238261367237,0.0202342777614,-0.000879162779886,0.573978224588,0.818856564522,0.00191607374396,0.0,0.81881302134,-0.573919816729,-0.0119175060941,0.0,-0.00865922212281,0.00840945702895,-0.999927146799,0.0,0.660799301478,0.259667835055,0.303293971759,1.0,-0.00616,-0.008096,0.309
0.464305915139,0.542280555537,-0.124035384536,-1.36438639194,0.0789765231364,1.89713268828,0.158140612628,-0.00991771637082,-0.0347742571137,0.000422194202945,-0.0575543813603,-0.00861392973503,0.0138095093413,-0.00795884005396,0.573970242396,0.818862168122,0.00191242314527,0.0,0.818818592734,-0.573911865662,-0.0119176149995,0.0,-0.00866148848256,0.00840644584868,-0.999927152489,0.0,0.660700326251,0.259533698469,0.30330070173,1.0,-0.00648,-0.00851657142857,0.325
0.46422336621,0.541655374145,-0.124030114094,-1.36534302984,0.078919771184,1.89749455786,0.158028465277,-0.00644265902538,-0.0385773037145,0.00156898827723,-0.0600130065611,-0.00138795757417,0.0249861547826,-0.00792900667943,0.573980306794,0.81885504944,0.00193967025398,0.0,0.818811795357,-0.573921782689,-0.0119070583798,0.0,-0.00863710215924,0.00842280406998,-0.999927225771,0.0,0.660591708934,0.259392250773,0.303318618492,1.0,-0.00682,-0.00896342857143,0.342
0.464143556252,0.540999928336,-0.124035365634,-1.36635347933,0.0788613617264,1.89786953335,0.157890285249,-0.00983832471105,-0.0481374949398,0.000707101538995,-0.0604526212411,-0.00345707445808,0.0245102128361,-0.00831748746111,0.573976624928,0.818857589712,0.00195670881188,0.0,0.818814550659,-0.57391802402,-0.0118987493303,0.0,-0.00862055671476,0.00843194796919,-0.999927291484,0.0,0.660475708679,0.25924115086,0.303333712837,1.0,-0.00716,-0.00941028571429,0.359
0.464050475797,0.540294555493,-0.124038590688,-1.36742178521,0.0788024222067,1.89825670492,0.157753612354,-0.000217531006436,-0.0389936162419,0.000108522204627,-0.063178686549,0.000342658304618,0.0190633953941,-0.00546474792299,0.573986528797,0.818850591179,0.00198014838566,0.0,0.818807802064,-0.573927775898,-0.0118927807079,0.0,-0.00860211397188,0.00844781951042,-0.999927316349,0.0,0.660352914494,0.259077001041,0.303357448317,1.0,-0.0075,-0.00985714285714,0.376
0.463957203165,0.53960076813,-0.124039247584,-1.36850289015,0.0787323311394,1.89866423955,0.15762383504,-0.00309417315039,-0.0456839875441,-0.00020869150688,-0.070480788413,-0.00902002271084,0.0264335045336,-0.00691416862772,0.57399821432,0.818842366897,0.00199374849564,0.0,0.818799801236,-0.573939449847,-0.0118802485731,0.0,-0.00858392521332,0.00845188506354,-0.999927438301,0.0,0.660230798293,0.258912129059,0.303368463499,1.0,-0.00782,-0.0102777142857,0.392
0.46385546383,0.538845584887,-0.124038620676,-1.36967034483,0.0786743525702,1.89911178992,0.157486807922,-0.00553371325148,-0.043025272204,0.00167454740929,-0.070346134714,-0.00277874933377,0.0230967246323,-0.0121898079078,0.574017981686,0.818828421242,0.00202981966245,0.0,0.818786218392,-0.573958962382,-0.0118737093824,0.0,-0.00855766228216,0.00847787428562,-0.9999274434,0.0,0.660099319561,0.258737650194,0.303385098972,1.0,-0.00816,-0.0107245714286,0.409
0.463746287513,0.538074339625,-0.124042469156,-1.37088198093,0.0786047287803,1.89957526544,0.15732824547,-0.01067464696,-0.0453677048528,0.000670484391981,-0.067671893316,-0.00182731115842,0.0268247436259,-0.0123357874245,0.574028584441,0.818820939796,0.00204931653545,0.0,0.818778984453,-0.573969478656,-0.0118641936699,0.0,-0.00853856946118,0.00848848703927,-0.999927516583,0.0,0.659964561044,0.258549842749,0.30339343518,1.0,-0.0085,-0.0111714285714,0.426
0.463636220245,0.537275587486,-0.124051013242,-1.37215299293,0.0785246809162,1.90004174762,0.157176483058,-0.00055084405603,-0.0511343569661,0.00036973546755,-0.0759433823339,-0.00360167270776,0.025211428651,-0.0114875231301,0.574049037939,0.818806624768,0.00203965149004,0.0,0.818764596048,-0.573990020758,-0.0118633565859,0.0,-0.0085432198469,0.00848030613539,-0.999927546276,0.0,0.65981897985,0.258350571992,0.303393199852,1.0,-0.00884,-0.0116182857143,0.443
0.463499588645,0.536332205007,-0.124060566014,-1.3736179282,0.078443149716,1.90060000466,0.156999492996,-0.00646264122524,-0.0511789195997,-0.00180091294903,-0.0764748581002,-0.00774559419868,0.0284709755285,-0.0132300399372,0.574081563586,0.818783741399,0.00207124920483,0.0,0.818742115293,-0.574022406719,-0.0118478745321,0.0,-0.00851206746725,0.00849762889753,-0.999927664889,0.0,0.659657410326,0.258118067498,0.303410609591,1.0,-0.00922,-0.0121177142857,0.462
0.463404332514,0.535562200098,-0.124057765065,-1.37482795155,0.0783712643409,1.90103108689,0.156844601501,-0.00453177619408,-0.0480624023673,0.000146968147946,-0.0834142224304,-0.00371222490421,0.0144155295762,-0.0115284316279,0.574077848417,0.818786361624,0.00206515807787,0.0,0.818744593129,-0.574018653481,-0.0118584813519,0.0,-0.00852428766039,0.00849869209637,-0.999927551752,0.0,0.659510692671,0.2579409683,0.303415369099,1.0,-0.00952,-0.012512,0.477
0.463274426284,0.534618290364,-0.124055983297,-1.37634751736,0.0782920571718,1.90158681802,0.156667883181,-0.0106599888354,-0.0487452142271,-0.00190925271525,-0.0834477798789,-0.012534669592,0.0200617609457,-0.0113032220877,0.574100380849,0.818770590143,0.00205434362573,0.0,0.818728529523,-0.574041076109,-0.0118821204521,0.0,-0.00854961775577,0.00850364333418,-0.9999272934,0.0,0.65933077799,0.257713246866,0.303406217236,1.0,-0.00988,-0.0129851428571,0.495
0.463156412494,0.53380284715,-0.124064153614,-1.37765906524,0.0782110973292,1.90206425501,0.156509697851,-0.00657682388159,-0.0524041115761,0.000139902926483,-0.0861348276665,-0.00544428890953,0.0269227627425,-0.00868475343793,0.574123300031,0.8187545685,0.00203465532898,0.0,0.818712278842,-0.574064099669,-0.0118895266906,0.0,-0.00856674665213,0.00849201509809,-0.999927245619,0.0,0.659179175593,0.257505025612,0.303398787884,1.0,-0.01018,-0.0133794285714,0.51
0.463028527738,0.532928713444,-0.124062086162,-1.37905145932,0.0781333355445,1.90260696558,0.156320458157,-0.00489114329471,-0.0576064809815,0.000457451552024,-0.0847654507384,-0.00537555351849,0.032976766421,-0.0157762750192,0.57412707042,0.818751867427,0.00205754619965,0.0,0.818709825207,-0.574067726212,-0.0118833805144,0.0,-0.00854853370487,0.00850726752215,-0.999927271841,0.0,0.659023041894,0.257292369067,0.303399453404,1.0,-0.0105,-0.0138,0.526
0.462892023406,0.53183764954,-0.124067721589,-1.38080095446,0.0780369705021,1.90324770234,0.156106157368,-0.00380923702784,-0.0631817930772,0.000772692752555,-0.0938985009842,-0.00234352855218,0.032239117612,-0.014818567146,0.57413693438,0.818744981566,0.00204515090231,0.0,0.818702685518,-0.57407754757,-0.0119007984623,0.0,-0.00856980879862,0.00850722227223,-0.999927090115,0.0,0.658813556458,0.257033692021,0.30339163427,1.0,-0.01088,-0.0142994285714,0.545
0.462776200072,0.530953586663,-0.124068040573,-1.38222663745,0.0779447703182,1.90375828746,0.155921790039,-0.00771858068005,-0.0567430297916,-0.000575838263999,-0.0991978945713,-0.00348898064587,0.0294717952884,-0.0113203428461,0.574133796357,0.818747257103,0.00201488690433,0.0,0.818704575617,-0.574074542802,-0.0119157069734,0.0,-0.00859942268807,0.00849097068635,-0.999926974007,0.0,0.658640965462,0.256819331262,0.303380338117,1.0,-0.01118,-0.0146937142857,0.56
0.462630941533,0.529864086196,-0.124074765734,-1.3839583659,0.0778357569338,1.90437537884,0.155698887252,-0.00644254957982,-0.0549771440668,0.000452112298707,-0.0974063919107,-0.0105894446218,0.0346826640407,-0.0156142944199,0.574139614142,0.818743239437,0.00198953535997,0.0,0.818700239691,-0.574080476543,-0.0119277358907,0.0,-0.008623765749,0.00847718197,-0.999926881352,0.0,0.658433099455,0.256552766175,0.303377346451,1.0,-0.01154,-0.0151668571429,0.578
0.462493632524,0.528810901496,-0.124074836873,-1.38561708152,0.0777352605024,1.90499668188,0.155463678703,-0.00882459209797,-0.0622127820291,0.00116565358575,-0.103499321674,-0.01165746627,0.0323492601365,-0.0164721957319,0.574122486336,0.818755219245,0.00200213507653,0.0,0.818712368121,-0.574063283364,-0.011922746354,0.0,-0.00861262438902,0.00848445288253,-0.99992691571,0.0,0.658237666085,0.256305170071,0.303383425058,1.0,-0.01188,-0.0156137142857,0.595
0.462361101552,0.527773058219,-0.12407298739,-1.38722857946,0.0776291544543,1.90562803459,0.155251153218,-0.0098345313909,-0.0650720386926,0.001320051231,-0.101542288324,-0.00914377214839,0.0325520431789,-0.0142878112697,0.574114522929,0.818760696625,0.00204526875124,0.0,0.818718500492,-0.574055236084,-0.0118890612925,0.0,-0.00856036368371,0.00850034577511,-0.9999272295,0.0,0.658053074502,0.256067035975,0.303401717971,1.0,-0.0122,-0.0160342857143,0.611
0.462221580095,0.526674501968,-0.124083060543,-1.38890755111,0.0775356750798,1.90626054266,0.155020595027,-0.00823238431789,-0.0620947317616,-0.000148127454738,-0.107430644107,-0.00900014317571,0.0485201843898,-0.0142599310267,0.574114626928,0.818760499548,0.00209438000879,0.0,0.818718894382,-0.574055093081,-0.0118688243161,0.0,-0.00851559896686,0.00852893833801,-0.999927368255,0.0,0.657844314555,0.255798193986,0.303430832412,1.0,-0.01254,-0.0164811428571,0.628
0.462050848517,0.525369590529,-0.124089002615,-1.39095401014,0.0774006641629,1.90700708333,0.15473737335,-0.0136343624091,-0.069432066604,-0.000974745797928,-0.108598704665,-0.0103628217083,0.0382779524589,-0.0120298449335,0.574098546277,0.818771790264,0.00208842821808,0.0,0.818730202351,-0.574039133158,-0.0118607024642,0.0,-0.00851253295909,0.00851923532179,-0.999927477076,0.0,0.657613323577,0.25549961109,0.303439724695,1.0,-0.0129,-0.0169542857143,0.646
0.461898539174,0.524183316354,-0.124092666449,-1.39282613332,0.0772788048134,1.90767973749,0.154489792654,-0.00769964449476,-0.073359739608,-0.000245778842096,-0.109020526641,-0.00886266790582,0.0379712361881,-0.0193704852212,0.574090739888,0.818777305911,0.00207185916643,0.0,0.818735535735,-0.57403142772,-0.0118654715382,0.0,-0.00852603069656,0.00850832587071,-0.999927454964,0.0,0.657385254506,0.255216662181,0.303441289724,1.0,-0.01324,-0.0174011428571,0.663
0.461740115947,0.522977706561,-0.124101802192,-1.39475137704,0.07716373784,1.90840203234,0.154218741092,-0.00959807360933,-0.0683035143095,-0.000717810241919,-0.115319657255,-0.00161101387874,0.044842439778,-0.0135606627935,0.574077314465,0.818786719896,0.00207153060438,0.0,0.818744952259,-0.574018012076,-0.0118647319353,0.0,-0.00852575321145,0.00850749246765,-0.999927464421,0.0,0.657156926832,0.254924926392,0.303435361192,1.0,-0.01358,-0.017848,0.68
0.461592739822,0.521885977774,-0.124099997083,-1.39648186058,0.0770566151902,1.90907464434,0.154002170325,-0.0140867310329,-0.0744542056142,-0.0012739662016,-0.122122173028,-0.00302204224715,0.04710273907,-0.0109596857859,0.574083278861,0.818782472506,0.00209727230152,0.0,0.818741065715,-0.57402389836,-0.0118481359155,0.0,-0.00849732519685,0.00851910369313,-0.999927607548,0.0,0.656955230104,0.254666382339,0.303437125849,1.0,-0.01388,-0.0182422857143,0.695
0.461426658488,0.520631637754,-0.124107823929,-1.39849155348,0.0769354501572,1.90982869467,0.153725707758,-0.00988252395153,-0.074287144632,-0.00318611181628,-0.118116481849,-0.00679650957543,0.0440768480198,-0.010252118698,0.574073128838,0.818789599502,0.00209317845987,0.0,0.818748145603,-0.574013772118,-0.0118494890553,0.0,-0.00850088880285,0.00851642320706,-0.999927600092,0.0,0.656715351434,0.254362241436,0.303427318558,1.0,-0.01422,-0.0186891428571,0.712
0.461228152127,0.519086973726,-0.124111365485,-1.40090874776,0.0767808722516,1.91070165491,0.153395000347,-0.00501641059554,-0.0769745168388,0.000987733361658,-0.118521660853,-0.00775686683104,0.0484017945761,-0.0172228767074,0.574054075581,0.818802968549,0.00208899606967,0.0,0.818761473295,-0.573994751018,-0.0118500022495,0.0,-0.00850390796692,0.00851309549016,-0.999927602757,0.0,0.656418891381,0.253997518183,0.303437118535,1.0,-0.01462,-0.0192148571429,0.732
0.461078350572,0.517970570162,-0.124120577575,-1.40264505384,0.0766599826649,1.91132968489,0.153157925593,-0.0148447802523,-0.0766264409785,1.66061456485e-05,-0.126622947264,-0.00949684692537,0.0516996463831,-0.0222255905833,0.574048412447,0.818806947021,0.00208580411154,0.0,0.818765541173,-0.573989232391,-0.0118362404297,0.0,-0.0084945303356,0.0085025232601,-0.999927772418,0.0,0.656209568067,0.253725534034,0.303448903197,1.0,-0.0149,-0.0195828571429,0.746
0.460876362713,0.516466766899,-0.124129331387,-1.4050379991,0.0765084013008,1.91219807316,0.152831080676,-0.00856392610032,-0.0828524123225,-0.00155615508432,-0.125619891425,-0.0117146677042,0.0403750379822,-0.0201967426544,0.574037958288,0.818814335279,0.00206244669469,0.0,0.818772651074,-0.573978898346,-0.0118455480262,0.0,-0.00851566760439,0.00848863258418,-0.999927710648,0.0,0.655917025063,0.253358120794,0.303440461254,1.0,-0.01528,-0.0200822857143,0.765
0.460721822584,0.515333935031,-0.124128052977,-1.40684033607,0.0764050922665,1.91288458378,0.152576024915,-0.00709301384867,-0.0789947702237,8.17355169342e-05,-0.130573055441,-0.00104284321718,0.0445827396896,-0.0197350096897,0.574022161601,0.818825367093,0.00207920603208,0.0,0.818783828316,-0.57396296401,-0.0118450552534,0.0,-0.00850580822229,0.00850190818371,-0.999927681777,0.0,0.655700760169,0.253088358655,0.303436484003,1.0,-0.01556,-0.0204502857143,0.779
0.460536468149,0.513944886376,-0.124134138215,-1.4090880436,0.0762648574004,1.91367716388,0.152280807865,-0.011323692006,-0.0857664097293,0.00399290371896,-0.13353052647,-0.00841157648882,0.0427763290058,-0.0153467957369,0.574016708539,0.818829338769,0.00201970060863,0.0,0.818786982667,-0.573957709261,-0.0118815779939,0.0,-0.00856992691516,0.00847409201205,-0.999927370421,0.0,0.655417413644,0.252745972009,0.303409234242,1.0,-0.0159,-0.0208971428571,0.796
0.460343738946,0.512539227116,-0.124134457297,-1.41136706884,0.0761393557645,1.91446387949,0.151959162981,-0.0124754487988,-0.0780200210365,-6.32548191102e-05,-0.133992722519,-0.0024406449928,0.0466280483786,-0.0177024391641,0.573996854729,0.818843415078,0.00195428922348,0.0,0.818799955074,-0.573937880796,-0.0119452693334,0.0,-0.00865983124822,0.00845688177586,-0.999926741553,0.0,0.655124754153,0.252400660556,0.303377623064,1.0,-0.01624,-0.021344,0.813
0.4601412817,0.511104012782,-0.124135154969,-1.41367040639,0.075998656245,1.91533341031,0.151633530266,-0.0137506230131,-0.0848201442294,0.000974125292794,-0.139488566375,-0.00442982347588,0.0512098614803,-0.0234151365942,0.573972936293,0.818860170949,0.00195850408272,0.0,0.818816770603,-0.573913952277,-0.0119422971729,0.0,-0.0086552253258,0.00845837421258,-0.999926768809,0.0,0.654863741409,0.252070925927,0.303366762993,1.0,-0.01656,-0.0217645714286,0.829
0.459949527448,0.509707165937,-0.124146855583,-1.41587405713,0.0758600308713,1.91616616703,0.15132134991,-0.0119735748428,-0.0894445525553,-0.00184267533221,-0.139784425354,-0.00467366393778,0.0457410092117,-0.0259105919596,0.573966368268,0.818864749294,0.00196910172937,0.0,0.818821533302,-0.573907386056,-0.0119312921208,0.0,-0.00864019885551,0.00846066619866,-0.999926879372,0.0,0.654581672211,0.251708030922,0.303363323812,1.0,-0.0169,-0.0222114285714,0.846
0.459760052445,0.50830758387,-0.124147230326,-1.41811440349,0.0757270370466,1.91695605422,0.151006715275,-0.0112078655639,-0.0872811656403,-2.2615902365e-06,-0.138921569543,-0.00659996020842,0.0506484977383,-0.0219915815541,0.573944474644,0.818880191138,0.00192859750965,0.0,0.818836306268,-0.573885527783,-0.0119687693099,0.0,-0.00869436129388,0.00844877733995,-0.999926510421,0.0,0.654295666692,0.251368547869,0.303344767473,1.0,-0.01722,-0.022632,0.862
0.459550417409,0.506764080933,-0.124149724239,-1.42051000747,0.0755665022091,1.91783285329,0.150683644593,-0.00893873083028,-0.0918004999575,0.000165405425579,-0.139300938627,-0.00823412176186,0.0518701056584,-0.0184306906405,0.573933815552,0.81888763098,0.00194167325587,0.0,0.818843995366,-0.573874891476,-0.0119527020593,0.0,-0.00867380934186,0.00845015007715,-0.999926677309,0.0,0.65399978704,0.250999637058,0.303359995694,1.0,-0.01756,-0.0230788571429,0.879
0.459327168156,0.505154521692,-0.124156128939,-1.42296999151,0.0754081300106,1.91877457035,0.150347017776,-0.0118477234355,-0.0908294344897,0.000104989119799,-0.140173816427,-0.00990667836226,0.0493037276223,-0.0252600292966,0.573929796997,0.81889027577,0.00201277681048,0.0,0.818847668032,-0.573870677236,-0.0119033300923,0.0,-0.00859261310491,0.00847999668719,-0.999927125673,0.0,0.653706368625,0.250617535892,0.30339592199,1.0,-0.0179,-0.0235257142857,0.896
0.459084862523,0.503400440544,-0.12415680365,-1.42559154996,0.0752435010217,1.91977722104,0.14996822534,-0.0120197787935,-0.0949737331339,-9.76727036294e-05,-0.140415235851,-0.00847056487574,0.0559961786419,-0.0207591625688,0.573912376395,0.818902191066,0.00212898766221,0.0,0.818861126232,-0.573852819704,-0.0118382500652,0.0,-0.00847280647146,0.00853762783787,-0.999927657614,0.0,0.653374278251,0.250187396442,0.303461632688,1.0,-0.01828,-0.0240251428571,0.915
0.458864479551,0.501795395698,-0.124168488517,-1.42795404418,0.0750847812645,1.92064324902,0.149647926066,-0.0145194754087,-0.0963829350208,-0.00371134420395,-0.147004275944,-0.00922339682926,0.0589357933974,-0.0197987199883,0.573913184406,0.818901409068,0.00221040578077,0.0,0.818861545262,-0.573853453971,-0.0117783682139,0.0,-0.00837703461878,0.00856994209998,-0.999928188113,0.0,0.65310596116,0.249835533101,0.303531731456,1.0,-0.01858,-0.0244194285714,0.93
0.458642231914,0.500170287648,-0.124168487016,-1.43039394314,0.0749276556355,1.92149885641,0.149303265496,-0.0138934085719,-0.0994242028186,-0.00195273333113,-0.150473875735,-0.00843575219395,0.0553887432454,-0.0212487007196,0.573894525239,0.818914392315,0.00224474088348,0.0,0.818874931317,-0.573834621025,-0.0117652655878,0.0,-0.00834679598679,0.00859034893645,-0.999928265878,0.0,0.652795597223,0.249455198292,0.303578486189,1.0,-0.0189,-0.02484,0.946
0.458388085124,0.498498239636,-0.124168676041,-1.4330138507,0.074770557326,1.92247642649,0.148936573904,-0.0136031462386,-0.095491539465,-0.00119871560854,-0.153245889773,-0.0152032145174,0.0585568192191,-0.0192694888178,0.573893479076,0.818915052032,0.00227137175835,0.0,0.81887586248,-0.573833396725,-0.0117601680261,0.0,-0.00832734996698,0.00860922100484,-0.999928265705,0.0,0.652474322839,0.249041474663,0.303582421916,1.0,-0.01924,-0.0252868571429,0.963
0.458100361993,0.496621213641,-0.124161048629,-1.43599747449,0.0745879826704,1.92354335783,0.148495218799,-0.0151296907327,-0.095071827396,0.00483339707352,-0.158684922769,-0.00580333902043,0.0575340135225,-0.02537321424,0.573863877463,0.818935880269,0.0022407703851,0.0,0.818896128888,-0.573803746732,-0.0117956444958,0.0,-0.00837427529672,0.00860421813947,-0.999927916874,0.0,0.652094989088,0.248572183227,0.30356298339,1.0,-0.01962,-0.0257862857143,0.982
0.457845298337,0.495060939812,-0.124161130586,-1.43855763439,0.0744267060272,1.92442786306,0.148134797232,-0.0181373764239,-0.0958561809326,0.000436232348943,-0.155079554191,-0.0152283887307,0.0599336207328,-0.0236249014773,0.573862953028,0.818936794268,0.00214126994819,0.0,0.818895623141,-0.573803085261,-0.011862741961,0.0,-0.00848633195828,0.00856122955146,-0.99992734112,0.0,0.651764473138,0.248156995836,0.303508213698,1.0,-0.01994,-0.0262068571429,0.998
0.457566016118,0.493261638632,-0.12420062915,-1.44137216584,0.0742572581591,1.9254492306,0.147721248232,-0.0140142800829,-0.134073525061,-0.00221279165901,-0.201045234189,-0.00442288111241,0.0747850739663,-0.0309590430684,0.5738771198,0.818926868617,0.00214059070717,0.0,0.818885743582,-0.573817308407,-0.011856746251,0.0,-0.00848166337963,0.00855737935774,-0.999927413688,0.0,0.651419962655,0.247683905192,0.30351115019,1.0,-0.02908,-0.0382194285714,1.014
0.457256665243,0.490616301451,-0.124273669973,-1.44543858799,0.0740343695432,1.92700783215,0.147119698891,-0.0277998221493,-0.177538886363,-0.00310403474308,-0.284280523523,-0.0158728074747,0.111723548436,-0.0444848171832,0.57382885961,0.818960394533,0.00224921452385,0.0,0.818920719633,-0.573768666435,-0.0117948834184,0.0,-0.00836917469249,0.0086103386534,-0.999927906893,0.0,0.65087751262,0.247020254688,0.303545069884,1.0,-0.04098,-0.0538594285714,1.031
0.45664382326,0.486401398889,-0.124303901741,-1.45216042532,0.0736667181039,1.92953818944,0.146118561066,-0.0373548286711,-0.253531306902,-0.00495623627363,-0.384828625802,-0.016527707947,0.146037844075,-0.0597295798676,0.573774430871,0.818998413847,0.00229074158375,0.0,0.818958927552,-0.573713721751,-0.0118147094043,0.0,-0.00836215938005,0.00865516807387,-0.999927578556,0.0,0.650069981244,0.246016761845,0.303503894273,1.0,-0.05358,-0.0704194285714,1.049
0.45601442948,0.482145128203,-0.124426041929,-1.4588825176,0.0732589298685,1.93194279214,0.145087711689,-0.04535186145,-0.299478228618,-0.00967130092155,-0.478088861972,-0.03144352656,0.171829551397,-0.0740188116167,0.573754356858,0.81901267253,0.002219712291,0.0,0.818972432191,-0.573694101088,-0.0118313392585,0.0,-0.00841674298661,0.00860633131928,-0.999927542124,0.0,0.649217907546,0.244893478758,0.303470491854,1.0,-0.06408,-0.0842194285714,1.064
0.455050087425,0.475970566314,-0.124585517703,-1.46861242448,0.0726811875761,1.93530744435,0.14365023278,-0.056308103294,-0.362706963979,-0.0101464456317,-0.566209777498,-0.0331382479959,0.195474872414,-0.0871666893815,0.573809983775,0.818974142429,0.00205023274631,0.0,0.818931518615,-0.573750225735,-0.0119412390164,0.0,-0.0086034101243,0.00853116663411,-0.999926597571,0.0,0.647882035558,0.243135038882,0.303413104648,1.0,-0.07738,-0.101699428571,1.083
0.453951873808,0.469137983497,-0.124708147893,-1.47914778633,0.0720774169085,1.93915180823,0.142082965069,-0.0664942664011,-0.430458427364,-0.00375488655382,-0.632860264354,-0.040419216462,0.246371960916,-0.0951245766331,0.573846620071,0.818948143136,0.00217770249313,0.0,0.818906934444,-0.573786090553,-0.0119038610929,0.0,-0.00849927317558,0.00861449198239,-0.999926773761,0.0,0.646616060736,0.241463389008,0.303458970547,1.0,-0.08858,-0.116419428571,1.099
0.452585186786,0.460878547355,-0.124784352449,-1.49184456987,0.0712754144975,1.9437918992,0.14004571598,-0.0853526648212,-0.474904429946,-0.00155445516757,-0.752239555041,-0.0426078748367,0.263352237465,-0.10645050211,0.573733192722,0.819027163876,0.00233993639951,0.0,0.818988030416,-0.573672000953,-0.0118232085039,0.0,-0.00834133352895,0.0086999145666,-0.999927364183,0.0,0.644975472407,0.239330145094,0.303514513347,1.0,-0.10118,-0.132979428571,1.117
0.451324217962,0.453758286687,-0.124885844769,-1.50296433669,0.0705484593736,1.94754067815,0.13834577887,-0.0960980727032,-0.531775899583,-0.00784117468878,-0.796611952626,-0.0605649354687,0.27904566789,-0.129650133647,0.573761909244,0.819007667423,0.00211165904427,0.0,0.818965315434,-0.573701375797,-0.0119703978829,0.0,-0.00859255138254,0.00859769939134,-0.999926121084,0.0,0.643473025247,0.237378283014,0.303446193219,1.0,-0.11098,-0.145859428571,1.131
0.449430870151,0.4429299261,-0.125039153168,-1.5192089744,0.0694648719998,1.95341297428,0.135814295032,-0.107402248702,-0.586030409315,-0.0064518530071,-0.870113757587,-0.0492757760703,0.313272157589,-0.142381699074,0.573789238093,0.818987554688,0.00245813276036,0.0,0.818950229808,-0.573727882214,-0.0117296704637,0.0,-0.008196312632,0.00874361540916,-0.999928182246,0.0,0.641343442383,0.234525261514,0.303649185066,1.0,-0.12428,-0.163339428571,1.15
0.447747293213,0.433655259446,-0.125148123745,-1.53326517182,0.0685394491768,1.95825146409,0.133534076966,-0.123496476526,-0.64831353604,-0.00705844475165,-0.943291934294,-0.0672206303618,0.34762759369,-0.157221523135,0.573745751707,0.819017898189,0.00249834856932,0.0,0.818980840322,-0.57368398059,-0.0117396976135,0.0,-0.00818191743989,0.00878187032101,-0.999927964896,0.0,0.639416111727,0.232033890761,0.303715989485,1.0,-0.13478,-0.177139428571,1.165
0.445760589204,0.423078631102,-0.125267795103,-1.54921144506,0.0674195330009,1.96385920436,0.130877417898,-0.127039467109,-0.679311237787,-0.00733875739898,-1.02701063381,-0.0665718382664,0.352598034697,-0.178279174291,0.573659908482,0.81907754069,0.002653043323,0.0,0.819042883124,-0.573598027963,-0.0116105478846,0.0,-0.00798831238899,0.00883363216403,-0.999929074389,0.0,0.637232324122,0.229166970095,0.303813623304,1.0,-0.14598,-0.191859428571,1.181
0.442936953309,0.408854279767,-0.125431836369,-1.57051138323,0.0659153850994,1.97134152189,0.127338180217,-0.146414307164,-0.712908736157,-0.00553228689531,-1.09556853759,-0.0685197245271,0.37344037399,-0.182710505887,0.573662038923,0.819075073039,0.00293883079508,0.0,0.81904458997,-0.573599780096,-0.0114017023662,0.0,-0.00765328485004,0.00894792956552,-0.999930678491,0.0,0.634284698959,0.225242331432,0.303965720814,1.0,-0.15998,-0.210259428571,1.201
0.440395885346,0.396674085434,-0.125570862358,-1.58872898554,0.0647178573689,1.97751956939,0.124237132077,-0.167624993436,-0.77639187123,-0.0131629986726,-1.15146861122,-0.0753878886784,0.405487714659,-0.19177417954,0.573705811603,0.819043902822,0.00307796758752,0.0,0.819014468172,-0.573642243262,-0.0114291106784,0.0,-0.0075954374199,0.00907802198442,-0.99992994697,0.0,0.631677758346,0.221822629567,0.304046633322,1.0,-0.17118,-0.224979428571,1.217
0.437636608583,0.383999063687,-0.12569771478,-1.60797084345,0.0632631960682,1.98391752866,0.120888970041,-0.179108801399,-0.829363553735,-0.0104620534642,-1.21832925746,-0.0954126976355,0.388854994647,-0.219242067454,0.573648733418,0.819084651114,0.00286563400693,0.0,0.819052651726,-0.573586042955,-0.0115131198426,0.0,-0.00778668199666,0.00895176409683,-0.999929614274,0.0,0.628849060081,0.218154002972,0.303954417265,1.0,-0.18238,-0.239699428571,1.233
0.434201705906,0.368805242637,-0.125855214087,-1.63056849026,0.0615668887056,1.99145729184,0.116842236932,-0.200955383111,-0.841764513172,-0.00659466865863,-1.28477622359,-0.0968023335529,0.413705212237,-0.219528213905,0.573619172965,0.819105158959,0.00292059487135,0.0,0.81907401319,-0.573556477636,-0.0114662452577,0.0,-0.00771708311521,0.00896961417678,-0.999929993874,0.0,0.625497079034,0.213751323856,0.304000440446,1.0,-0.19498,-0.256259428571,1.251
0.430807461189,0.354679461047,-0.126040295465,-1.65143626445,0.059957010241,1.9983217976,0.113035208528,-0.223093862239,-0.866842969636,-0.0113161787801,-1.318044797,-0.109392611094,0.421834401391,-0.245699705066,0.573695027325,0.819051906833,0.0029557465095,0.0,0.819021515003,-0.573632564325,-0.0114099083936,0.0,-0.00764994206195,0.00896680033053,-0.999930535026,0.0,0.622357588688,0.209539258524,0.304045697027,1.0,-0.20618,-0.270979428571,1.267
0.426839730263,0.338940074345,-0.126244655626,-1.67450399128,0.0582486071823,2.00577440718,0.108687118997,-0.23723030185,-0.941022587366,-0.0109144125424,-1.36647758618,-0.108728615382,0.436654124245,-0.256083261148,0.573823927509,0.818961261686,0.00304942240132,0.0,0.818931497765,-0.57376047724,-0.0114395641273,0.0,-0.0076190685092,0.00906173813748,-0.999929914893,0.0,0.618809542677,0.204786936299,0.304105464426,1.0,-0.21808,-0.286619428571,1.284
0.422655141933,0.322649850886,-0.126384145768,-1.69836108775,0.0563075147937,2.01344075352,0.104020553198,-0.240893368702,-0.972719482448,-0.00226547636871,-1.42312481192,-0.115227593508,0.444463926214,-0.278763609361,0.573722433741,0.819032350519,0.00305364143137,0.0,0.819002858805,-0.573659242972,-0.0114077659516,0.0,-0.00759172589392,0.00904600647101,-0.999930265301,0.0,0.61503656137,0.199876697164,0.30410248788,1.0,-0.22998,-0.302259428571,1.301
0.418690191227,0.307683004021,-0.126529176393,-1.71995701388,0.0545446311921,2.02027910431,0.0996636568193,-0.270992132148,-1.03474676658,-0.0151876651891,-1.44938197187,-0.12283065742,0.478314561666,-0.297739354875,0.573637000574,0.819091728859,0.00317461637499,0.0,0.819063850137,-0.573573530777,-0.0113384783606,0.0,-0.00746652167364,0.00910455951965,-0.999930676622,0.0,0.611553314476,0.195345801655,0.304172832335,1.0,-0.24048,-0.316059428571,1.316
0.413500645559,0.289082337137,-0.126707819742,-1.74662758713,0.0523235264699,2.02848683329,0.0941471163035,-0.297896727362,-1.06487702565,-0.0182799894221,-1.50041417289,-0.12036673258,0.483620391258,-0.311538816102,0.573587831018,0.819125935419,0.0032324810205,0.0,0.819098601458,-0.573523956863,-0.0113357353599,0.0,-0.00743163260697,0.00914993670587,-0.999930522334,0.0,0.607142945469,0.189607407941,0.304231532821,1.0,-0.25308,-0.332619428571,1.334
0.408182325968,0.271008380391,-0.126894925122,-1.772467898,0.0501519517027,2.0363077814,0.0885552948916,-0.321165400084,-1.09711938601,-0.0249623837406,-1.53043743864,-0.141398062854,0.480476519382,-0.343446630603,0.573520806708,0.819172838473,0.00323911746311,0.0,0.819145100766,-0.573456320328,-0.0113973448093,0.0,-0.00747904691178,0.00919009852792,-0.999929800509,0.0,0.602772774395,0.183916136988,0.304222292635,1.0,-0.26498,-0.348259428571,1.351
0.403059640942,0.254610048703,-0.12710826923,-1.7956773738,0.0481007198678,2.04318461935,0.0834416600209,-0.346561572931,-1.09360739202,-0.0154477020662,-1.53772342875,-0.125805156539,0.474630053941,-0.344215253257,0.573617125178,0.819105451896,0.00322479120139,0.0,0.819077540185,-0.573552681436,-0.0114040204719,0.0,-0.00749165193896,0.00918307228601,-0.999929770701,0.0,0.598786407691,0.178606100043,0.304229240231,1.0,-0.27548,-0.362059428571,1.366
0.396856120896,0.235367200197,-0.127333471585,-1.82261471574,0.0456902229812,2.05094588163,0.077259236916,-0.370237973195,-1.13913320997,-0.00946106880157,-1.58848962786,-0.130622410775,0.462558252152,-0.364652802552,0.573647596626,0.819084103283,0.00322700095559,0.0,0.819055843621,-0.57358268129,-0.0114533687877,0.0,-0.00753046542723,0.00921346885621,-0.999929199535,0.0,0.594029983985,0.172362684924,0.304255595905,1.0,-0.28738,-0.377699428571,1.383
0.390276031993,0.21558522111,-0.127530412934,-1.85004411315,0.0431486945588,2.05877266344,0.0706581748367,-0.400539021512,-1.17979839697,-0.0137842200683,-1.58200673819,-0.152482222163,0.472340811295,-0.386409710599,0.573517423982,0.819174928307,0.0033087948358,0.0,0.819147605179,-0.573452135399,-0.0114278710687,0.0,-0.00746413370689,0.00926465291595,-0.999929223953,0.0,0.589071304065,0.165941463757,0.304284700593,1.0,-0.29928,-0.393339428571,1.4
0.383147398003,0.195256494095,-0.127778544996,-1.87795254511,0.0404622577105,2.06637489436,0.0637021765996,-0.43499958808,-1.21488103768,-0.00820149048424,-1.62871930176,-0.157120812961,0.464160792789,-0.415852438201,0.573470396323,0.819208082969,0.00325088309841,0.0,0.819179805717,-0.573405032804,-0.0114830815756,0.0,-0.00754310574259,0.00924844318832,-0.999928781391,0.0,0.583886072116,0.159193515383,0.304292882053,1.0,-0.31118,-0.408979428571,1.417
