position_joint1,position_joint2,position_joint3,position_joint4,position_joint5,position_joint6,position_joint7,velocity_joint1,velocity_joint2,velocity_joint3,velocity_joint4,velocity_joint5,velocity_joint6,velocity_joint7,ee_T_00,ee_T_10,ee_T_20,ee_T_30,ee_T_01,ee_T_11,ee_T_21,ee_T_31,ee_T_02,ee_T_12,ee_T_22,ee_T_32,ee_T_03,ee_T_13,ee_T_23,ee_T_33,v_x,v_y,time
0.465059537286,0.547852152382,-0.123997038802,-1.35587252267,0.0794721410208,1.89410431035,0.15916133103,-0.0014613182921,-0.00093544329986,0.000511288108225,-0.00153667404314,0.000223169788215,0.000383397771588,-0.000654961701262,0.573819960939,0.818967662995,0.00183474712232,0.0,0.818923273825,-0.573762120628,-0.0119351338883,0.0,-0.00872194823282,0.00835129596995,-0.999927089079,0.0,0.661674081142,0.260866275541,0.303145854709,1.0,0.0,0.0,0.0
0.465066687542,0.547859471748,-0.124001684089,-1.35587025162,0.0794704660641,1.89410268275,0.159159716409,0.000841813361979,0.00135573405759,-0.000618475639468,0.000996666348098,0.000142667415821,-0.000313770632549,0.000689283761602,0.573815461282,0.818970833478,0.00182680242721,0.0,0.818926380049,-0.573757692805,-0.0119348610363,0.0,-0.00872632915333,0.00834458514876,-0.999927106882,0.0,0.661673377701,0.260868108041,0.303141759977,1.0,-0.0001,-0.000131428571429,0.006
0.465064106357,0.547850934189,-0.123997492665,-1.35587251648,0.079472140534,1.8941026779,0.159161330849,5.15848444795e-05,-0.0020306387112,0.00104455737815,0.000556302968563,0.000111458737214,-0.000427407681293,-0.000718889110037,0.57381652197,0.818970073343,0.00183438939225,0.0,0.81892567949,-0.573758683574,-0.0119353004804,0.0,-0.00872232499872,0.00835106197364,-0.999927087747,0.0,0.661672701608,0.260868941865,0.303146593891,1.0,-0.0004,-0.000525714285714,0.021
0.46506057862,0.547841679659,-0.123997729771,-1.35588200934,0.0794697534462,1.89410349655,0.159159703245,-0.000541956938035,-0.00195736820019,0.000735474005169,0.000473490087623,-0.000332525636567,0.000386441858863,0.00764225645351,0.573818118919,0.818968955242,0.00183402611032,0.0,0.818924571254,-0.573760295848,-0.0119338344921,0.0,-0.00872131651472,0.00834994026803,-0.999927105911,0.0,0.661672042406,0.260865134124,0.303148706466,1.0,-0.00074,-0.000972571428571,0.038
0.465065838685,0.547794732022,-0.123995185072,-1.35591848348,0.0794675262693,1.89410889235,0.159160228363,0.000361437695077,-0.0064094341267,0.000891118044541,0.00106395896744,2.02353855298e-05,-0.000605511330205,-0.000181054737588,0.573813820639,0.818971932995,0.00184908396803,0.0,0.818927721758,-0.573755911872,-0.0119284126708,0.0,-0.00870827998569,0.00835911510892,-0.999927142873,0.0,0.661664170695,0.260866384088,0.303164985081,1.0,-0.00106,-0.00139314285714,0.054
0.465067974885,0.547666213986,-0.123992685302,-1.35606531846,0.0794693848775,1.89413573082,0.159162752817,0.00112621481378,-0.00609359277765,0.000778338702364,-0.00749151383065,0.000244356832178,0.00060343711984,-0.000535578384012,0.573820860082,0.818966965415,0.00186467004042,0.0,0.818922809747,-0.573762742801,-0.0119370662818,0.0,-0.0087063523762,0.00837691975108,-0.999927010658,0.0,0.661638024331,0.260855629397,0.303188392975,1.0,-0.0014,-0.00184,0.071
0.465050968419,0.547518562666,-0.123998679541,-1.35628334172,0.0794645868699,1.89419113871,0.15915896119,-0.00320696440535,-0.00437150009871,-0.000949472463369,-0.010914298731,-8.57529611609e-05,0.00779437864866,0.000640125632542,0.573846621291,0.818948934692,0.00185593683472,0.0,0.818904586091,-0.573788461827,-0.0119510189955,0.0,-0.00872252706889,0.0083780483604,-0.999926860239,0.0,0.66160906599,0.260819949838,0.303194219613,1.0,-0.00176,-0.00231314285714,0.089
0.465035792768,0.547347004685,-0.123997185381,-1.35648390799,0.0794594802377,1.89430746447,0.159147720585,0.00137019153917,-0.00725872019691,0.000167947023184,-0.0144041800979,-0.00524175670123,0.00670131130551,0.000714369862278,0.573858903194,0.818940148467,0.00193374119505,0.0,0.818896799463,-0.573800401351,-0.0119112610564,0.0,-0.00864519487096,0.00841907977451,-0.9999271872,0.0,0.661594720462,0.260796310176,0.303230324073,1.0,-0.00208,-0.00273371428571,0.105
0.465013322162,0.547165130119,-0.123990013433,-1.35669273282,0.079457687417,1.89443284529,0.159137901349,-0.00294666618246,-0.0167170955228,0.000590205817772,-0.0101413218591,0.000114491862324,0.00901506385717,-0.00291103839932,0.573875720417,0.818928144783,0.00202437638788,0.0,0.818885907835,-0.573816777092,-0.0118711068727,0.0,-0.00856012720221,0.00847043638704,-0.999927485336,0.0,0.661580964907,0.260771438714,0.30327040448,1.0,-0.0024,-0.00315428571429,0.121
0.464976885594,0.546936376136,-0.123998026227,-1.35699956551,0.0794527558378,1.89455776653,0.159113550629,-0.000575451145256,-0.0128149422043,-0.000552668878168,-0.0198183986521,0.000159742783976,0.0180060429965,-0.00190282111277,0.573900886256,0.818910418439,0.00206063774381,0.0,0.818868572753,-0.573841713006,-0.0118615291037,0.0,-0.00853121412114,0.00849489710628,-0.999927524928,0.0,0.661548055716,0.260717847563,0.303290010336,1.0,-0.00276,-0.00362742857143,0.139
0.464946443877,0.546686428205,-0.12399489018,-1.35739302842,0.0794431523399,1.89469497638,0.159052208211,-0.00152579076941,-0.0172803644917,0.000248453408624,-0.0243046672959,-0.000439252912448,0.00397094614048,-0.00132021000166,0.573899034168,0.818911684352,0.00207333405928,0.0,0.818869860405,-0.573839666895,-0.0118716182251,0.0,-0.00853220982221,0.00851106486945,-0.999927378948,0.0,0.661504600816,0.260662983151,0.303299029179,1.0,-0.00308,-0.004048,0.155
0.464904126636,0.546401708162,-0.123997193655,-1.35782186995,0.0794265421869,1.89486104004,0.158937394488,-0.000108089998998,-0.0195421466932,-0.000409660468154,-0.026461103327,-0.00333221935737,0.0150915224906,-0.00467559187329,0.573860897664,0.818938348981,0.00209704609541,0.0,0.818896764137,-0.573801370058,-0.0118669417366,0.0,-0.00851516969402,0.00852740227821,-0.999927385011,0.0,0.661459307366,0.26059507911,0.303311012583,1.0,-0.00342,-0.00449485714286,0.172
0.464848353177,0.54607226695,-0.123997904922,-1.35838304119,0.0794029076391,1.89505329391,0.158916422697,-0.00157088866283,-0.014109461815,0.000329448447401,-0.0298139184461,-0.00183058230685,0.00697082494985,-0.00679949160526,0.573914952876,0.81890054216,0.00206780479259,0.0,0.818858465186,-0.573855425607,-0.0118958562609,0.0,-0.00855506685375,0.00852061329238,-0.999927102333,0.0,0.66139352419,0.26050470737,0.303293869641,1.0,-0.0038,-0.00499428571429,0.191
0.464800737125,0.545796014946,-0.12399658529,-1.35885599014,0.0793543993084,1.89521113662,0.158849523144,-0.00206365725492,-0.0187736268181,-0.000217258310362,-0.0301173129661,-0.00429988909751,0.00719050548461,-0.00560572244428,0.573911717747,0.818902919324,0.00202382253629,0.0,0.818860414062,-0.573852513997,-0.0119021579266,0.0,-0.00858550151949,0.00848817948434,-0.99992711733,0.0,0.661338485656,0.26042431957,0.30327793444,1.0,-0.00408,-0.00536228571429,0.205
0.464720649783,0.545358071061,-0.123999121593,-1.35962715989,0.0792818721226,1.89545954653,0.158733478642,-0.0030753100524,-0.0178737742571,-0.000193325369855,-0.0426976281319,-0.000529200687011,0.0230582413823,-0.000299955393097,0.573907682718,0.818905958542,0.00193640985784,0.0,0.818862503295,-0.573849026437,-0.0119265441391,0.0,-0.00865567779722,0.00843055104753,-0.999926999861,0.0,0.661247876587,0.260289205871,0.303242458207,1.0,-0.00448,-0.005888,0.225
0.464661584135,0.544975771241,-0.124001581645,-1.36024401322,0.0792697748479,1.89566484221,0.158671066342,-0.00200189574883,-0.0290750414867,-0.00152018067118,-0.0453634754465,-0.00257059031198,0.0232350374378,-0.00338182183923,0.573937740539,0.818884919734,0.00192486863892,0.0,0.818841060427,-0.573878882354,-0.0119621506655,0.0,-0.00869115065598,0.00844185373427,-0.999926596809,0.0,0.66117371606,0.26019249893,0.303237364265,1.0,-0.00478,-0.00628228571429,0.24
0.464599953489,0.544573475705,-0.124002054883,-1.36092091573,0.0792413340281,1.89590244799,0.158595278201,-0.00597757234442,-0.0235007273213,-0.000450142718236,-0.0415280142133,-0.0012892630043,0.00474952594194,-0.00499919312451,0.573956635022,0.818871736393,0.00189930310715,0.0,0.818827406685,-0.573897750472,-0.0119915372405,0.0,-0.00872969321514,0.00843798625842,-0.999926293706,0.0,0.661093769781,0.260087930099,0.303220522137,1.0,-0.0051,-0.00670285714286,0.256
0.46453617503,0.544087161955,-0.124010197497,-1.36170821773,0.0792076675588,1.89618788158,0.158481060213,-0.00117315657506,-0.0299538919348,-0.00155347402595,-0.0489954832405,-0.000160170155597,0.0123534557729,-0.00565106650405,0.573955949206,0.818872235737,0.00189124618117,0.0,0.818827696637,-0.573896998594,-0.0120077110619,0.0,-0.00874756911417,0.00844066446357,-0.999926114879,0.0,0.661002703687,0.259967905396,0.303214947541,1.0,-0.00544,-0.00714971428571,0.273
0.464456757512,0.543569835146,-0.124007758188,-1.3625440768,0.0791574975876,1.89647297343,0.158381779495,-0.00384180884707,-0.030178050369,-0.000908078233375,-0.0460525970683,-0.00268815486418,0.0181051992218,-0.0119726590689,0.573971024435,0.818861732608,0.00186356650416,0.0,0.818816774855,-0.57391213633,-0.0120289604732,0.0,-0.00878070103671,0.00843035659087,-0.999925911444,0.0,0.660903652993,0.259835627874,0.30320774281,1.0,-0.00578,-0.00759657142857,0.29
0.464392042048,0.543051912662,-0.124016216434,-1.36335771383,0.0791075028974,1.89676501622,0.158270014728,-0.00308707782087,-0.0308316976,-0.000211244991461,-0.052357591814,-0.00245411857663,0.014490997359,-0.00632420349904,0.573970315368,0.81886224248,0.00185790672999,0.0,0.818817241182,-0.573911481044,-0.012028481649,0.0,-0.00878356456454,0.00842543968433,-0.999925927736,0.0,0.660809676858,0.259709909328,0.303212436725,1.0,-0.0061,-0.00801714285714,0.306
0.464307980677,0.54246339213,-0.124013758172,-1.36427566061,0.0790624113161,1.8970961769,0.158167588443,-0.00571517038157,-0.0349203031173,-2.94043459601e-05,-0.052653500657,-0.00557775730354,0.0208702098028,-0.00568793687998,0.573992506898,0.818846669937,0.00186549186352,0.0,0.81880164027,-0.573933514575,-0.0120391710629,0.0,-0.00878773602312,0.00843802423521,-0.999925784967,0.0,0.66070344666,0.259569733391,0.303220400961,1.0,-0.00644,-0.008464,0.323
0.464231338636,0.541817610292,-0.1240173164,-1.36528129484,0.0790020219218,1.8974707226,0.158026804507,-0.00125613994078,-0.031596994031,0.000720947988403,-0.0558635689543,-0.00209142707445,0.0193759364533,-0.0105057686721,0.573982230037,0.818853847414,0.00187698647577,0.0,0.818808975353,-0.573923196278,-0.0120321883463,0.0,-0.00877552659868,0.00844331823223,-0.999925847506,0.0,0.660587309276,0.259421793413,0.303230979971,1.0,-0.0068,-0.00893714285714,0.341
0.464147750572,0.54119241071,-0.124020419494,-1.36621855803,0.0789494159719,1.89782717263,0.157898409484,-0.00265704035147,-0.042495024188,-0.000954387204908,-0.0605016521913,-0.00338192696282,0.0234997632011,-0.00142037388805,0.573985697682,0.818851325802,0.00191624375305,0.0,0.818806951979,-0.573926480342,-0.0120132200103,0.0,-0.00873742632249,0.00846461314576,-0.999926001115,0.0,0.660483900258,0.259277416552,0.303257877426,1.0,-0.00712,-0.00935771428571,0.357
0.464049935595,0.540457409997,-0.124018739268,-1.36735646183,0.0788768958205,1.89823753262,0.157765651951,-0.00864587710006,-0.0422355868821,0.000272120373502,-0.0611605484263,-0.0092125921384,0.0198436727957,-0.0114379098198,0.573999496771,0.818841642001,0.00192092003464,0.0,0.818797331062,-0.573940259445,-0.0120106675481,0.0,-0.00873250952146,0.00846712434444,-0.999926022805,0.0,0.660351317923,0.259104486801,0.303271293686,1.0,-0.00748,-0.00983085714286,0.375
0.463953639896,0.539719664519,-0.12402899292,-1.36849699797,0.0788112994558,1.89867649943,0.157612137324,-0.0116232202904,-0.0383115920214,-0.001900575151,-0.0699504562071,-0.00495684667578,0.0248787976046,-0.00893474495197,0.574005534602,0.818837340378,0.00195016670889,0.0,0.81879344559,-0.573946205243,-0.0119914072544,0.0,-0.00869988874126,0.00848008111859,-0.999926197357,0.0,0.660225637839,0.258928432698,0.303288164405,1.0,-0.00782,-0.0102777142857,0.392
0.46385536451,0.539006759907,-0.124024392577,-1.36959967256,0.0787531752179,1.89909136097,0.157485815236,-0.00814202247986,-0.0524518117833,0.000662553654266,-0.0650282378679,-0.00541017472489,0.0267494218677,-0.00343055632182,0.574024785091,0.818823781966,0.00197663579291,0.0,0.818780132088,-0.573965242993,-0.011989246692,0.0,-0.00868272724547,0.00850071853654,-0.999926171291,0.0,0.660099722363,0.258763438593,0.303302817245,1.0,-0.00814,-0.0106982857143,0.408
0.463749598739,0.538230394247,-0.124030015621,-1.37080284223,0.0786816623642,1.89955629838,0.157336668839,-0.0106599689785,-0.0510562423333,0.000556332795242,-0.0711006376258,-0.0024052369298,0.0271792515215,-0.0112943887959,0.574040618116,0.818812607876,0.00200719623859,0.0,0.818769391107,-0.573980979165,-0.0119694045332,0.0,-0.00864877339382,0.00851451914968,-0.999926348129,0.0,0.65996700297,0.25857771786,0.303319008365,1.0,-0.00848,-0.0111451428571,0.425
0.463648271123,0.537485785022,-0.124036058565,-1.37199945257,0.078618154818,1.90000482486,0.157186454391,-0.0053402261837,-0.0424305969791,0.000344309095875,-0.078746263117,-9.32576670826e-05,0.0343389334274,-0.00845269958495,0.57405388435,0.818803309459,0.00200628581193,0.0,0.818760023782,-0.573994191429,-0.0119765839849,0.0,-0.00865503683671,0.00851803517543,-0.999926263989,0.0,0.65982993467,0.258395232965,0.303314376486,1.0,-0.0088,-0.0115657142857,0.441
0.463527252269,0.536648503309,-0.124042433631,-1.37330025744,0.0785382543914,1.90049367117,0.157035114061,-0.00947710237807,-0.0522548947212,-0.000534648144225,-0.082852144589,-0.00579405677511,0.0270554373339,-0.0121417944515,0.574083776207,0.818782306394,0.00202473043596,0.0,0.81873930403,-0.574024044481,-0.0119622445964,0.0,-0.00863239646687,0.00852522107474,-0.99992639846,0.0,0.659685002357,0.258188516944,0.303328923721,1.0,-0.00914,-0.0120125714286,0.458
0.463404777189,0.535742146028,-0.124042872227,-1.37474052979,0.0784608945528,1.90102460801,0.156857293188,-0.0028901253658,-0.0471725538312,0.000967481749124,-0.078403803644,-0.00339270871763,0.0369153067974,-0.0134362845734,0.574097216396,0.818772878376,0.00202649049024,0.0,0.818729792196,-0.574037370192,-0.0119738003369,0.0,-0.00864070805557,0.00853343787615,-0.999926256582,0.0,0.65951646858,0.257971918538,0.303329159375,1.0,-0.0095,-0.0124857142857,0.476
0.46329324987,0.534888151504,-0.12404106707,-1.37610063525,0.078387665783,1.90151395167,0.156686279795,-0.00648534877,-0.0527504006544,0.00246747285935,-0.0843735496536,-0.00145941408919,0.031011896258,-0.0139697287333,0.574102176133,0.818769423605,0.00201723338205,0.0,0.818726087376,-0.574042240658,-0.0119936104852,0.0,-0.00866219114738,0.00853728384263,-0.999926037879,0.0,0.659352964826,0.257770540269,0.30332674614,1.0,-0.00982,-0.0129062857143,0.492
0.463175465808,0.534044076772,-0.12405455158,-1.37749612069,0.0783042438736,1.9020077511,0.156524070978,-0.00886610253349,-0.0480286758509,-0.000317780198797,-0.0908371150977,-0.0111441693382,0.0235739817133,-0.00929860955581,0.574129283551,0.818750544411,0.00196435691002,0.0,0.818706521748,-0.574069572846,-0.0120209683448,0.0,-0.00871466462872,0.00850998560026,-0.999925814631,0.0,0.659187193733,0.257550500966,0.303301219795,1.0,-0.01014,-0.0133268571429,0.508
0.463052122321,0.533127770391,-0.124053008338,-1.37897431289,0.0782165818588,1.90257325778,0.15633376902,-0.00618902715919,-0.0499707786187,-0.000978050788355,-0.0900024626835,-0.00997808677227,0.0290226141763,-0.0102109776803,0.574130859425,0.81874943381,0.00196667056313,0.0,0.818705421304,-0.574071119047,-0.0120220757316,0.0,-0.00871422670339,0.00851253241645,-0.999925796769,0.0,0.659016274133,0.257330844996,0.303292826153,1.0,-0.01048,-0.0137737142857,0.525
0.462912970816,0.532167132534,-0.124049257755,-1.3805244739,0.0781310856444,1.903149495,0.156147823943,-0.00993206659566,-0.0582239506639,-3.77524825635e-06,-0.0904943900308,-0.00535512627753,0.0302933474788,-0.00757720433601,0.574151649735,0.818734872569,0.00195919553582,0.0,0.818690648385,-0.574091827474,-0.0120392182296,0.0,-0.00873233778204,0.00851647604012,-0.999925605189,0.0,0.658834938801,0.257095197304,0.303282109972,1.0,-0.01082,-0.0142205714286,0.542
0.462784801863,0.531228656027,-0.124052475695,-1.38204590771,0.0780419745924,1.90369864644,0.155955904047,-0.0106569734497,-0.0562087188086,-0.000882584131337,-0.0909166978171,-0.00602491030002,0.0388104624739,-0.00732209448578,0.574160638947,0.818728637137,0.00193036732238,0.0,0.818683979675,-0.574100884993,-0.0120607700547,0.0,-0.00876644102275,0.00850534399676,-0.999925401535,0.0,0.658652861318,0.256863468341,0.303267115134,1.0,-0.01114,-0.0146411428571,0.558
0.462648547988,0.530176641777,-0.124055341565,-1.38369680065,0.0779391457824,1.90427745876,0.155729098061,-0.0101132762325,-0.0572386152678,-0.000306490581097,-0.0988255270497,-0.00183946860748,0.0358511626792,-0.0187637084671,0.574150413019,0.81873585157,0.00191193244598,0.0,0.818690922258,-0.574090710645,-0.0120738007463,0.0,-0.00878780007149,0.00849762302828,-0.999925279695,0.0,0.65845178966,0.25661258163,0.303272815291,1.0,-0.01148,-0.015088,0.575
0.462508283505,0.529063541374,-0.124060948433,-1.38542931145,0.0778317095236,1.90492975919,0.155488818814,-0.00532664158801,-0.0645203492521,-0.00101734977229,-0.0940914144783,-0.0056716810329,0.0366068206701,-0.0195219679438,0.574137656208,0.818744739508,0.00193653130457,0.0,0.81870017438,-0.574077889852,-0.012056025696,0.0,-0.00875925645582,0.00850742064721,-0.999925446831,0.0,0.658249343275,0.25635282362,0.303288896356,1.0,-0.01184,-0.0155611428571,0.593
0.462375768576,0.528031411698,-0.124057094708,-1.38703680848,0.0777197568826,1.90555816906,0.155272788376,-0.00895294559089,-0.0637644484668,0.000243908899044,-0.0967239462056,-0.00610067579358,0.0320973402474,-0.00864507074745,0.574123631246,0.818754487507,0.00197284887208,0.0,0.818710537152,-0.574063847274,-0.0120209197231,0.0,-0.00870980844448,0.0085168502179,-0.999925798497,0.0,0.658064870728,0.256115121506,0.303304805548,1.0,-0.01216,-0.0159817142857,0.609
0.462230892014,0.526868036542,-0.124058594393,-1.38879573122,0.0776166311352,1.90622530849,0.155022620879,-0.0142756383106,-0.0670991569442,-0.00060146515823,-0.10030784991,-0.00431876793413,0.0441296585622,-0.0104633323525,0.574105815276,0.818766826763,0.0020354752588,0.0,0.81872367228,-0.574045746998,-0.011990650656,0.0,-0.00864925759801,0.00855055867401,-0.999926036409,0.0,0.657859528417,0.255853998704,0.303344295805,1.0,-0.0125,-0.0164285714286,0.626
0.462083898978,0.525703360542,-0.124062060214,-1.39063380247,0.0775061800534,1.90689143534,0.154783939528,-0.0115824744606,-0.0677916209153,-0.000110572320597,-0.106438047739,-0.00231349821032,0.0423194656522,-0.0207109208759,0.574102459042,0.818769196643,0.00202880576016,0.0,0.818725913525,-0.574042378162,-0.0119988957032,0.0,-0.00865987244153,0.00854979598844,-0.999925951057,0.0,0.657636268278,0.255579757991,0.303346728377,1.0,-0.01284,-0.0168754285714,0.643
0.461937546268,0.524597246584,-0.124064436613,-1.39238777221,0.0773884854191,1.9075236795,0.154537182603,-0.0088122755949,-0.068351696789,0.000208214248747,-0.113160864759,-0.0123209021983,0.0427605870153,-0.0186339881093,0.57408440229,0.818781906766,0.0020087559206,0.0,0.818738420885,-0.574024466415,-0.0120023758088,0.0,-0.00867442011444,0.00853518672143,-0.99992594977,0.0,0.657423872435,0.255312368454,0.303344714903,1.0,-0.01316,-0.017296,0.659
0.461779857685,0.523401789618,-0.124064052379,-1.39429892562,0.0772785211416,1.90822395506,0.154279774324,-0.0065705755378,-0.0685717842175,0.00733646987373,-0.112901002476,-0.0106836407441,0.0422524931898,-0.0145128770943,0.574075422477,0.81878822863,0.00199821576119,0.0,0.818744503304,-0.574015432349,-0.0120195106634,0.0,-0.00869459455892,0.00853629818317,-0.999925765064,0.0,0.657191717361,0.255027525719,0.303336267221,1.0,-0.0135,-0.0177428571429,0.676
0.461608022432,0.522091049868,-0.124064468004,-1.39636118146,0.0771428225055,1.90903338561,0.154009711098,-0.00444715289537,-0.0794816122997,0.00160580574709,-0.114190421625,-0.00883529783018,0.0505197227399,-0.0135144398755,0.574069335838,0.818792395946,0.00203884594961,0.0,0.818749332695,-0.574009304708,-0.0119831223394,0.0,-0.0086415392817,0.00854861143064,-0.999926119792,0.0,0.656953350261,0.254719770614,0.303346030232,1.0,-0.01386,-0.018216,0.694
0.461463994527,0.520986058439,-0.124079772531,-1.39813964151,0.0770399466654,1.90970265404,0.153765657977,-0.00718490102522,-0.0720803024311,0.000442406847586,-0.123588616922,-0.00151123645369,0.0366712807705,-0.00481049069837,0.574065661663,0.818794986986,0.0020328029023,0.0,0.818751854291,-0.574005665636,-0.0119851496956,0.0,-0.00864670658185,0.00854478854944,-0.999926107797,0.0,0.656742334356,0.254448429973,0.303334352661,1.0,-0.01416,-0.0186102857143,0.709
0.461273781885,0.519604510041,-0.124083270535,-1.40030705065,0.0768947978518,1.91048808867,0.153471026426,-0.00880564039773,-0.0780604703106,-0.000591883663963,-0.122095201699,-0.00434156640944,0.0452712816384,-0.0178511465823,0.574058686349,0.818799898176,0.00202441997312,0.0,0.81875673356,-0.573998802861,-0.0119805035292,0.0,-0.00864778692548,0.00853518393108,-0.999926180484,0.0,0.65648068045,0.254112255471,0.303341066255,1.0,-0.01452,-0.0190834285714,0.727
0.461100609313,0.518275091774,-0.12408655125,-1.40240583106,0.0767697568723,1.91124079051,0.153188254165,-0.00910793273437,-0.0755589722483,0.00328775347155,-0.123918297253,-0.00633798491316,0.0483023693824,-0.0169164506805,0.57404884575,0.818806829826,0.00201122443649,0.0,0.818763411979,-0.573988939141,-0.0119966599822,0.0,-0.00866869344705,0.00853355009478,-0.999926013401,0.0,0.656221069362,0.253795924704,0.30334062435,1.0,-0.01486,-0.0195302857143,0.744
0.460930995628,0.516971454338,-0.124090407056,-1.40441561072,0.0766345453222,1.91195768916,0.152915654311,-0.00820608456552,-0.0791437707945,0.0001495493308,-0.124113726163,-0.00396458696393,0.0442063099257,-0.0222833313012,0.574036850541,0.818815233252,0.00201368256044,0.0,0.818771911852,-0.573976998454,-0.0119878483849,0.0,-0.00866019213511,0.0085303776877,-0.999926114135,0.0,0.655973748513,0.253487830026,0.303360909184,1.0,-0.01518,-0.0199508571429,0.76
0.460751998713,0.515620788317,-0.124098950324,-1.40659208986,0.0764970921215,1.91279608129,0.152617320138,-0.0124287108791,-0.0835582313941,-0.000421915001509,-0.127862318207,-0.0130853004649,0.0513078987594,-0.00841300443652,0.574023283007,0.818824737208,0.00201673072503,0.0,0.818781544089,-0.573963507024,-0.0119759160712,0.0,-0.00864881300659,0.00852588070687,-0.999926250976,0.0,0.655715224869,0.253159535773,0.303345219627,1.0,-0.01552,-0.0203977142857,0.777
0.460558857569,0.514159822323,-0.124105378599,-1.40896634141,0.0763590098714,1.91363245122,0.152294663249,-0.00765831190782,-0.0794509440731,-0.00177122213593,-0.135325417886,-0.0051146304651,0.0509821169842,-0.022854896927,0.574009374831,0.818834640732,0.00195336749957,0.0,0.818790475905,-0.57394972745,-0.0120255490391,0.0,-0.00872596938503,0.00850234028693,-0.99992578108,0.0,0.655414467213,0.25280106244,0.30331208008,1.0,-0.01588,-0.0208708571429,0.795
0.460378959369,0.512902708041,-0.124103218624,-1.41097619012,0.0762271887335,1.91432669555,0.152009931324,-0.0101651827377,-0.0834188488135,-0.000630995304787,-0.134962792228,-0.0117144935445,0.0465780316386,-0.0214364299569,0.573991480454,0.818847309465,0.0019002760079,0.0,0.818802408251,-0.573932023102,-0.0120580263953,0.0,-0.00878322232181,0.00847731820824,-0.999925492265,0.0,0.655160123488,0.252488326357,0.303296439162,1.0,-0.01618,-0.0212651428571,0.81
0.460166884471,0.511308528901,-0.124103360835,-1.41353383149,0.0760775921916,1.91529059459,0.151637617275,-0.0101701407224,-0.0811561341127,0.000933006696644,-0.133255513807,-0.0043193616163,0.0501796502655,-0.0248399675554,0.573954041984,0.818873547113,0.00190221683553,0.0,0.818828579749,-0.573894492527,-0.0120671178698,0.0,-0.00878994108159,0.00848372392426,-0.999925378898,0.0,0.654846809127,0.252107975249,0.303279240957,1.0,-0.01656,-0.0217645714286,0.829
0.459970002424,0.509924916509,-0.124105999613,-1.41572822402,0.0759415471426,1.91611759523,0.151337212496,-0.0129124454771,-0.0821396705183,0.00150410152764,-0.139538280807,-0.0124422355467,0.0514094137466,-0.0206371929099,0.573948955126,0.818877087904,0.00191277723531,0.0,0.818832267135,-0.573889368582,-0.0120605898922,0.0,-0.00877858722451,0.0084885701182,-0.999925437512,0.0,0.654582259371,0.251769450788,0.303275161867,1.0,-0.01688,-0.0221851428571,0.845
0.45977183923,0.508496589805,-0.124109587823,-1.41796519887,0.0758068325651,1.91691159142,0.151022932279,-0.00979555658347,-0.086433390087,-0.00104562577367,-0.135915693556,-0.00812350085296,0.0499206804683,-0.0198726972054,0.573936127505,0.818886104033,0.00190185901499,0.0,0.818841043691,-0.573876496645,-0.0120771961416,0.0,-0.00879858530744,0.00848902284541,-0.999925257901,0.0,0.654301721657,0.251423174147,0.303278804186,1.0,-0.0172,-0.0226057142857,0.861
0.459571476916,0.507049431699,-0.12411812812,-1.42023340378,0.0756556896899,1.91773146851,0.150708482431,-0.0129143146775,-0.0867606228763,-0.00114295975628,-0.140620219409,-0.0148403362288,0.050523059652,-0.00709060155508,0.573927264598,0.818892336218,0.00189302285743,0.0,0.81884722632,-0.57386773711,-0.0120742351156,0.0,-0.00880132331113,0.00847999251432,-0.999925310428,0.0,0.65400417739,0.251047220788,0.303281517534,1.0,-0.01754,-0.0230525714286,0.878
0.459338500381,0.505356531897,-0.124131092048,-1.42283922973,0.0754926926157,1.91872916506,0.150354393902,-0.0149783734058,-0.0926823153684,-0.00341177974048,-0.143924257339,-0.011660673579,0.0562267062152,-0.0257004557531,0.573926027675,0.818893048998,0.00195856085444,0.0,0.818848908053,-0.573866325621,-0.0120271775494,0.0,-0.00872518796011,0.00850663943123,-0.999925751334,0.0,0.653710316548,0.250662826301,0.303312612846,1.0,-0.01788,-0.0234994285714,0.895
0.459126594006,0.503788916534,-0.12412597117,-1.42517601077,0.0753390377554,1.9196206709,0.150028551894,-0.0160553645408,-0.0990842130414,0.000612121400408,-0.147195293288,-0.00762750209786,0.0518952149398,-0.0189947219791,0.573907712574,0.818905639779,0.00205851590931,0.0,0.818862881252,-0.573847667188,-0.0119659296562,0.0,-0.00861785864871,0.00855314626097,-0.999926285384,0.0,0.653428702888,0.25030639631,0.303372582864,1.0,-0.0182,-0.02392,0.911
0.458902093668,0.502103774939,-0.124137650764,-1.42767671287,0.07518216823,1.92054984937,0.149684700115,-0.00995800119089,-0.102063712674,0.000417833084234,-0.152035458636,-0.0128735838523,0.0529021446511,-0.0204715646359,0.573904029704,0.818907979666,0.00215230799435,0.0,0.818866503436,-0.573843659535,-0.0119101159869,0.0,-0.00851836472938,0.00859788201664,-0.999926754261,0.0,0.653124397433,0.24991615347,0.303439789004,1.0,-0.01854,-0.0243668571429,0.928
0.458664888254,0.500369827083,-0.124146198514,-1.43026137249,0.0750188275834,1.92146222795,0.149309932151,-0.0129786422972,-0.102533908163,-0.00163472611173,-0.149862685827,-0.00866946005156,0.0554383386282,-0.0250623306455,0.573884926405,0.818921229021,0.00220426973537,0.0,0.818880409075,-0.573824328988,-0.0118853689483,0.0,-0.0084684803892,0.00862603346467,-0.999926935524,0.0,0.652799469106,0.249508130496,0.303498869152,1.0,-0.01888,-0.0248137142857,0.945
0.458426104429,0.498783540287,-0.124141540504,-1.43272962185,0.0748617408639,1.9223738996,0.148973788205,-0.0196734682712,-0.0975876308049,0.00595441782876,-0.157531757137,-0.00905215576902,0.0633952458006,-0.0232254771745,0.573884959466,0.81892114296,0.0022275127373,0.0,0.818880603514,-0.57382424695,-0.0118759295278,0.0,-0.00844741160241,0.00863965065037,-0.999926996172,0.0,0.652494558022,0.249119684285,0.303509367862,1.0,-0.0192,-0.0252342857143,0.961
0.458151927168,0.497024269409,-0.1241472128,-1.43553685069,0.0746886528475,1.92339083529,0.148553776453,-0.0143301601982,-0.0934799155681,-0.000909876842021,-0.156612358083,-0.0107951754424,0.0574120534105,-0.0252286694414,0.573865139844,0.818935107097,0.00219966767987,0.0,0.818894136028,-0.573804470488,-0.0118983413877,0.0,-0.00848195363423,0.00862950445334,-0.999926791378,0.0,0.652144110087,0.248668890362,0.303488048855,1.0,-0.01956,-0.0257074285714,0.979
0.457875740868,0.495249136275,-0.124141241529,-1.43841587247,0.0745179432438,1.924378633,0.148140314926,-0.0212602752873,-0.0994328353734,-0.00029712016798,-0.16331348543,-0.00802284554839,0.0571796230941,-0.0285716574391,0.57384743221,0.818947757384,0.00210763469716,0.0,0.818905307482,-0.573786859282,-0.011978497147,0.0,-0.0086005958701,0.00859994864494,-0.999926032581,0.0,0.651767190705,0.248213956756,0.303440083493,1.0,-0.01992,-0.0261805714286,0.997
0.457625284908,0.493704320932,-0.124174804547,-1.4409087533,0.0743549189921,1.92528031122,0.147784845986,-0.0156414377629,-0.104369317197,-0.00756144962759,-0.177358708427,-0.0108206830515,0.0658399440372,-0.0189866756309,0.573866771834,0.818934339697,0.0020548361571,0.0,0.818891345543,-0.57380656086,-0.0119892372443,0.0,-0.0086394859546,0.00856307728548,-0.999926013758,0.0,0.651461444388,0.247790846978,0.30340857163,1.0,-0.0242291428571,-0.0318440163265,1.012
0.457315062226,0.491261495697,-0.124225141106,-1.44468521563,0.0741423560973,1.92670562373,0.147238628231,-0.0199480331912,-0.144899923052,0.00569816357393,-0.234684980755,-0.018988896731,0.0900664894913,-0.0270336769608,0.573842100596,0.818951430325,0.00213195982547,0.0,0.818909455827,-0.573781586407,-0.0119474331584,0.0,-0.00856125301365,0.00860198781581,-0.999926352664,0.0,0.650991743876,0.247206124458,0.30343611753,1.0,-0.0311822857143,-0.0409824326531,1.03
0.45690967056,0.488647888745,-0.124233969729,-1.44892815515,0.073909344698,1.92823620621,0.146615585152,-0.0233657862742,-0.18126644396,-0.00377291788769,-0.280632105978,-0.0221002891315,0.0944437492799,-0.0460824157115,0.573819147447,0.818967693773,0.00206142668401,0.0,0.818924396863,-0.57375852935,-0.0120303416883,0.0,-0.00866986696702,0.0085915584291,-0.999925506491,0.0,0.650446471723,0.246534989736,0.303367111962,1.0,-0.0373628571429,-0.0491054693878,1.046
0.456385479715,0.485220764567,-0.124306311506,-1.45421848075,0.0735892359489,1.93024729491,0.14583069702,-0.0334415350488,-0.215084087641,-0.0081386529091,-0.328524496415,-0.0225758922461,0.121568063132,-0.0573943125847,0.57383367757,0.818957222697,0.00217365617991,0.0,0.81891562974,-0.573772830375,-0.0119447641975,0.0,-0.00853523038394,0.00863451522771,-0.999926294778,0.0,0.649807111443,0.245654747551,0.303406069089,1.0,-0.0439297142857,-0.0577361959184,1.063
0.455806063066,0.481530111441,-0.124396704734,-1.46002484737,0.07323588288,1.93226805773,0.144934076569,-0.0364199785494,-0.237311817284,-0.00517775532156,-0.377491044212,-0.026323430494,0.132605339914,-0.0594494441672,0.573828268893,0.818961248875,0.00208268144923,0.0,0.818918470708,-0.573767799737,-0.0119915478254,0.0,-0.00862580350381,0.0085868007599,-0.99992592844,0.0,0.649063970013,0.244666709749,0.303380940149,1.0,-0.0501102857143,-0.0658592326531,1.079
0.455084872491,0.477014811487,-0.124481497599,-1.46703700225,0.0728081102684,1.93476254638,0.143914335213,-0.0412953113406,-0.283276463198,-0.00451299313953,-0.422068756928,-0.0259885520206,0.157436725463,-0.0642499836342,0.573870234859,0.81893186911,0.00207224494089,0.0,0.818888941397,-0.573809790885,-0.0119988517704,0.0,-0.00863733396679,0.00858288759669,-0.999925862503,0.0,0.648170773596,0.243478982823,0.303390455312,1.0,-0.0566771428571,-0.0744899591837,1.096
0.45430582586,0.472302545157,-0.124551940834,-1.47429888111,0.0723838265974,1.93740394495,0.142853817682,-0.0524834744604,-0.309375880862,-0.00971662117037,-0.471139739165,-0.029183317607,0.17097694762,-0.0732783532062,0.573926141104,0.818892476442,0.00215487465744,0.0,0.818850451063,-0.573865170052,-0.0119771572723,0.0,-0.00857156149687,0.0086386900615,-0.999925947942,0.0,0.647252163137,0.242246697151,0.303424711494,1.0,-0.0628577142857,-0.0826129959184,1.112
0.453327825074,0.466382553491,-0.124589599266,-1.48320324297,0.071834992534,1.9407315476,0.141422084224,-0.0578763100869,-0.343075213567,0.000790365753317,-0.515002065079,-0.039234770038,0.192275587947,-0.0811343539677,0.573856985952,0.818940113628,0.00244884992798,0.0,0.818901898279,-0.573794836933,-0.0118284828093,0.0,-0.00828184106191,0.00879339464805,-0.999927040998,0.0,0.646130745976,0.240754526646,0.303563190576,1.0,-0.0698108571429,-0.0917514122449,1.13
0.452277898014,0.460328190797,-0.124617506415,-1.49262345367,0.0712262366531,1.9439702492,0.140007436009,-0.062797123931,-0.36617718474,0.000387769998095,-0.58184127479,-0.0396169068061,0.194464882657,-0.0786792714821,0.573853287101,0.818943025943,0.00233923996663,0.0,0.818903017169,-0.573791180796,-0.0119279593577,0.0,-0.00842624609848,0.00876067802259,-0.99992612172,0.0,0.644869421176,0.239150172587,0.303532975703,1.0,-0.0763777142857,-0.100382138776,1.147
0.45120052111,0.454170495405,-0.124702361147,-1.50218035,0.0705814218914,1.9472103386,0.138538435204,-0.0687998879637,-0.395250759405,-0.00626778435653,-0.602371510863,-0.0407234985414,0.212195261746,-0.0979693969569,0.573857999807,0.818940162923,0.00218002507939,0.0,0.818898067765,-0.573796531435,-0.0120100801129,0.0,-0.00858481141962,0.00867746594443,-0.999925498524,0.0,0.643581580185,0.237477066049,0.303501759776,1.0,-0.0825582857143,-0.10850517551,1.163
0.449968212153,0.446986790984,-0.124769781191,-1.512741644,0.0698655790599,1.95122727491,0.13685817564,-0.0700994436347,-0.424539380693,-0.00358930376609,-0.640644232146,-0.0439122638619,0.241633801155,-0.0941013694006,0.573824645888,0.818962020247,0.00268925005686,0.0,0.818927264288,-0.573761990141,-0.0116645349842,0.0,-0.00800997588812,0.00889586912183,-0.999928349333,0.0,0.642241366062,0.235652312292,0.303751879915,1.0,-0.0891251428571,-0.117135902041,1.18
0.448613572536,0.439510773202,-0.124792057119,-1.52428576206,0.069100466162,1.95515061102,0.135061940794,-0.0802657721053,-0.451904994359,-0.0062745314324,-0.702014078721,-0.0495070293642,0.234226207961,-0.110898956689,0.573783082229,0.818991534177,0.0025667870585,0.0,0.81895468164,-0.573720316519,-0.011788754555,0.0,-0.00818242983249,0.00886644090897,-0.999927214385,0.0,0.640639514104,0.233655478734,0.303713631736,1.0,-0.095692,-0.125766628571,1.197
0.447228213126,0.431914365826,-0.124826970964,-1.53567387691,0.0683342488789,1.95919593564,0.133180469942,-0.0891178598926,-0.491767170806,-0.0036054344203,-0.724718391122,-0.0466789860039,0.269516955795,-0.120603830943,0.573689224735,0.819056611216,0.00277271481269,0.0,0.819022406216,-0.573625701136,-0.0116876008108,0.0,-0.00798245992197,0.00897613902431,-0.999927852028,0.0,0.639091895829,0.231663287319,0.303828196682,1.0,-0.101872571429,-0.133889665306,1.213
0.445404950116,0.422550415734,-0.124869453718,-1.55006245345,0.0673034402445,1.96413068676,0.130815514408,-0.097792699307,-0.514697895125,-0.00160354295344,-0.774407169317,-0.0484857926952,0.24980410645,-0.126356516142,0.573604470711,0.819116351764,0.00265713262694,0.0,0.819080668986,-0.573541393102,-0.0117420182746,0.0,-0.00809425946254,0.00891185172793,-0.999927528305,0.0,0.637081199428,0.229083946101,0.303779887715,1.0,-0.109212,-0.143535771429,1.232
0.443748516592,0.414145816267,-0.124998796224,-1.56269460179,0.0663880408574,1.96854601934,0.128788239717,-0.102643226048,-0.546458525413,-0.00354798189493,-0.8131722475,-0.0636550909891,0.295242817863,-0.127797909578,0.573668115582,0.819071440426,0.00275962760492,0.0,0.819037695052,-0.573605347576,-0.0116149135661,0.0,-0.0079306595233,0.0089235164162,-0.999928735208,0.0,0.635339599252,0.226742352123,0.303853083657,1.0,-0.115392571429,-0.151658808163,1.248
0.442051307682,0.406003763543,-0.125046771297,-1.5751532484,0.0655683347009,1.97277812145,0.12668446288,-0.110689855357,-0.550878187733,-0.00154778751852,-0.866597910756,-0.0543746921103,0.27926858228,-0.140142223005,0.573652304411,0.819082705781,0.0027021541263,0.0,0.819047516957,-0.573588958744,-0.0117310815851,0.0,-0.00805895543469,0.00894292679118,-0.999927536023,0.0,0.633558470046,0.224449735611,0.303797258939,1.0,-0.121186857143,-0.159274155102,1.263
0.439811286359,0.395647241237,-0.125188655104,-1.59058625547,0.0644921107699,1.97804274959,0.124072572475,-0.129286280893,-0.583942261048,-0.0036097670795,-0.870589085058,-0.070042689852,0.300092391993,-0.1445673684,0.573766119914,0.819002522923,0.00283795447978,0.0,0.81896910982,-0.573702299385,-0.0116625786867,0.0,-0.00792369291323,0.00901596316049,-0.999927961155,0.0,0.631375443127,0.221479445269,0.30388984637,1.0,-0.12814,-0.168412571429,1.281
0.437574995084,0.385620262671,-0.125305932209,-1.60588279482,0.063313451581,1.98312138329,0.121422583659,-0.133737046611,-0.596827213976,-0.00380866252408,-0.902643622064,-0.0632788483223,0.294236509288,-0.165196605272,0.573768977683,0.819001299141,0.00260368120607,0.0,0.818965214853,-0.573706393008,-0.0117344954918,0.0,-0.00811697477621,0.00886538450643,-0.99992775723,0.0,0.629137773642,0.218522734505,0.303784724317,1.0,-0.134706857143,-0.177043297959,1.298
0.435316398072,0.375633177054,-0.12540753279,-1.62058012544,0.0622390200629,1.98807102345,0.118768023799,-0.151847050131,-0.626144509043,-0.00465087421437,-0.919120864692,-0.0674757775322,0.312406688769,-0.16853401263,0.573766010266,0.819002798244,0.0027800777908,0.0,0.818969056498,-0.573702865612,-0.0116384444115,0.0,-0.00793713275946,0.00895471390703,-0.999928404948,0.0,0.626989506272,0.215648652536,0.303898945273,1.0,-0.140887428571,-0.185166334694,1.314
0.432721849024,0.364757037268,-0.125538401506,-1.63675605584,0.0610089010998,1.99342881467,0.115920442623,-0.150928615224,-0.657323140102,-0.00465526786631,-0.945575834106,-0.0678804586047,0.318409001503,-0.173956337683,0.573890884376,0.818915309705,0.00277763598803,0.0,0.818881739139,-0.573827960965,-0.0116153097568,0.0,-0.00791822224181,0.00894064791238,-0.999928680742,0.0,0.62458686303,0.21240666138,0.30391224871,1.0,-0.147454285714,-0.193797061224,1.331
0.429965703809,0.353500699877,-0.125669186339,-1.65348884712,0.0597336272547,1.99888732337,0.112808349216,-0.159365214894,-0.67884159876,-0.00774584695229,-0.998464707219,-0.0733948600822,0.317617945672,-0.173613472925,0.573915932264,0.818897942784,0.00272192911573,0.0,0.818863598,-0.573853137465,-0.0116503817212,0.0,-0.00797863967467,0.00891540000505,-0.999928425914,0.0,0.622047659339,0.209022632866,0.303890933775,1.0,-0.154021142857,-0.202427787755,1.348
0.427197080781,0.342466293235,-0.125789528876,-1.66961361725,0.0585332463002,2.00411039038,0.10976813664,-0.172092782145,-0.695128947512,-0.00712664349818,-1.00689368935,-0.0795866580985,0.325886853935,-0.190633732131,0.57398219369,0.818851153425,0.00282431631252,0.0,0.818817774668,-0.573918631999,-0.0116448543457,0.0,-0.00791462703915,0.00899671265515,-0.999928206343,0.0,0.619569505604,0.205716926576,0.303958070505,1.0,-0.160201714286,-0.21055082449,1.364
0.424123106662,0.330560208352,-0.125853869907,-1.68723799147,0.0571174589216,2.00971567059,0.106377367612,-0.183830180606,-0.718575639573,-0.00147535383142,-1.03737248811,-0.0851062163982,0.332383994117,-0.201825669887,0.573920610136,0.818894752152,0.00269537742579,0.0,0.81885955633,-0.573857343993,-0.011727005296,0.0,-0.00805657607879,0.00893767767557,-0.999927602129,0.0,0.61661879875,0.20189923456,0.303895508641,1.0,-0.167154857143,-0.219689240816,1.382
0.420668234721,0.317405122477,-0.125866585905,-1.70628448543,0.0555279023306,2.01578622196,0.102655550735,-0.199513048271,-0.74836258853,0.000182851473998,-1.07135598329,-0.0850964845468,0.331583664076,-0.202494473831,0.573831087415,0.818957230602,0.00277208612491,0.0,0.818923168432,-0.573767717582,-0.0116703628168,0.0,-0.00796714787601,0.00896711518302,-0.999928055112,0.0,0.613730516804,0.198189284126,0.303950186146,1.0,-0.173721714286,-0.228319967347,1.399
