position_joint1,position_joint2,position_joint3,position_joint4,position_joint5,position_joint6,position_joint7,velocity_joint1,velocity_joint2,velocity_joint3,velocity_joint4,velocity_joint5,velocity_joint6,velocity_joint7,ee_T_00,ee_T_10,ee_T_20,ee_T_30,ee_T_01,ee_T_11,ee_T_21,ee_T_31,ee_T_02,ee_T_12,ee_T_22,ee_T_32,ee_T_03,ee_T_13,ee_T_23,ee_T_33,v_x,v_y,time
0.465070546552,0.547737774523,-0.123969013246,-1.35584474072,0.0795313150956,1.89410524633,0.159164479956,-0.00208388091537,-0.00129694240569,0.000527768781345,-0.000152370344211,0.000229438417363,-0.000339336006878,0.000185567920093,0.573807918662,0.818975716972,0.00199859780767,0.0,0.818932811128,-0.573748760683,-0.011922976691,0.0,-0.00861810129383,0.00847837899532,-0.99992692004,0.0,0.661671058702,0.26090426733,0.303239365291,1.0,0.0,0.0,0.0
0.465075915738,0.547737780253,-0.12396371937,-1.35584474072,0.0795280031589,1.89410431036,0.159167643746,0.000152076701802,-0.00112382302199,0.00260454622799,-0.000542444195465,0.000124557247128,-0.00023306790172,0.0099358582294,0.573801529442,0.818980196705,0.001997277423,0.0,0.818937275435,-0.573742379469,-0.011923414178,0.0,-0.00861928333569,0.00847748144039,-0.999926917461,0.0,0.661668440872,0.260910282993,0.303239098566,1.0,-0.00016,-0.000210285714286,0.009
0.465072758579,0.547736631226,-0.123972571292,-1.35584867446,0.0795287150693,1.89410362018,0.159161329879,-0.000251385211984,7.8552289917e-05,-0.000164009533754,-0.000760233694574,0.000342219243785,9.06279027135e-05,-0.00237227639269,0.573805525824,0.818977407685,0.00199277111111,0.0,0.818934460967,-0.573746426734,-0.0119219693149,0.0,-0.0086206441938,0.00847300393886,-0.99992694368,0.0,0.66167024825,0.26090268713,0.303238274617,1.0,-0.0005,-0.000657142857143,0.026
0.465075067645,0.547722811583,-0.123974706151,-1.35586573315,0.0795272909125,1.89410687567,0.159166824012,0.00115984493611,-0.000407196543356,0.000264789948155,-0.000741523553193,-0.000208138085734,0.00364878514589,0.00109172578412,0.573810177861,0.818974149792,0.00199214855831,0.0,0.818931205982,-0.573751091606,-0.0119210591305,0.0,-0.00862020782176,0.00847202079397,-0.999926955773,0.0,0.661667320145,0.260901126358,0.303240296195,1.0,-0.00086,-0.00113028571429,0.044
0.465072242628,0.547648888092,-0.123970407763,-1.35594607745,0.0795250427714,1.89412038555,0.159161231823,-0.000844980377224,-0.00561026318015,0.000565297557491,-0.0137251383288,7.31980838752e-05,0.000441195876731,0.000787097689271,0.573808661873,0.818975188183,0.00200189938828,0.0,0.818932305091,-0.57374947019,-0.0119235915584,0.0,-0.00861670282517,0.00848144349152,-0.999926906103,0.0,0.661653426912,0.260893733245,0.303255450216,1.0,-0.00116,-0.00152457142857,0.059
0.465068488692,0.547517591443,-0.123964803282,-1.35612121789,0.0795252437747,1.89415295578,0.159152604709,-1.50490177293e-06,-0.0114048659944,0.00133870501191,-0.0130817465946,0.000218777066559,0.00255245455534,-0.00150501617141,0.573810362283,0.818973998376,0.00200125495699,0.0,0.818930936891,-0.573751005794,-0.0119436533132,0.0,-0.00863348568609,0.00849244513743,-0.999926667961,0.0,0.661622917866,0.260877669885,0.303267742599,1.0,-0.00152,-0.00199771428571,0.077
0.465049474034,0.547347469647,-0.123967824645,-1.35633341292,0.0795181229805,1.89421805644,0.159152727446,-0.00192935734007,-0.0157288126016,0.00132236902541,-0.0119918508779,0.000349865578507,0.000115884596933,0.000402186415799,0.573837991443,0.818954582663,0.00202435494302,0.0,0.818911772132,-0.573778486118,-0.0119375556081,0.0,-0.00861495042098,0.00850815483506,-0.999926694278,0.0,0.661597797796,0.260843658217,0.303292992972,1.0,-0.00188,-0.00247085714286,0.095
0.46502861562,0.54718034452,-0.123970684938,-1.35654107545,0.0795171384766,1.89435141183,0.159136455897,-0.00188103259278,-0.0129772401645,0.00183514772997,-0.0120606741675,4.41346284819e-06,0.00457814916154,0.00121626591615,0.57385544752,0.818942141318,0.00210746904402,0.0,0.818900405206,-0.573795591016,-0.0118950823443,0.0,-0.00853229203356,0.00855202970913,-0.999927028728,0.0,0.661587350473,0.260814661166,0.303324207501,1.0,-0.0022,-0.00289142857143,0.111
0.464998184395,0.546971510463,-0.123970054709,-1.35679665847,0.0795149851572,1.89448752407,0.159129949712,-0.00218500978989,-0.0137859405832,0.000461182816068,-0.0172638511006,0.000338985923386,0.013830631645,0.00105079518651,0.573888541238,0.818918733616,0.00219017564359,0.0,0.818878016186,-0.573828290534,-0.0118589413922,0.0,-0.00845488730422,0.00859936282673,-0.999927280276,0.0,0.661569313407,0.26077620623,0.303362270878,1.0,-0.00254,-0.00333828571429,0.128
0.464963286965,0.54676667821,-0.123967900858,-1.35712294333,0.0795106346413,1.89460710093,0.159111640454,-0.00507677054083,-0.00982090102766,-0.00128462540659,-0.0228755414023,0.000343086643441,0.00289403669912,0.000721222699989,0.573917734564,0.818898256064,0.00219705928222,0.0,0.818857479034,-0.573857301069,-0.0118732447597,0.0,-0.00846234384387,0.00861350999627,-0.999927095434,0.0,0.661532567841,0.2607257393,0.303362346492,1.0,-0.00286,-0.00375885714286,0.144
0.464933584696,0.546510078136,-0.12396655413,-1.35749707722,0.0794970380524,1.89474220347,0.158997366057,0.00118459364894,-0.0116043984796,0.00662677084896,-0.0220214870371,-0.00031254552786,0.00491797713887,-0.000655415672044,0.573864817041,0.818935282416,0.00221853063826,0.0,0.818894687195,-0.573804205206,-0.0118731745216,0.0,-0.00845052201917,0.00863050624159,-0.999927048859,0.0,0.661488636845,0.260672801952,0.303377655966,1.0,-0.00318,-0.00417942857143,0.16
0.46489132512,0.546209123128,-0.123975754913,-1.35798026704,0.0794783942954,1.89491132821,0.158928262137,-0.000357145892167,-0.013397425042,-0.000326671786801,-0.0310247694197,-0.00441337643105,0.00697592867819,-0.00154416050144,0.573871306599,0.818930755482,0.00221090206079,0.0,0.818889994734,-0.573810656743,-0.0118850171677,0.0,-0.00846452989304,0.00863112208378,-0.999926925063,0.0,0.661433577695,0.260594577714,0.303375745297,1.0,-0.00354,-0.00465257142857,0.178
0.46484964057,0.545881660471,-0.123974251533,-1.35850223322,0.0794485592802,1.89509147392,0.158894115718,0.000489299988289,-0.020758930886,-0.000633165599625,-0.0305145395163,-0.00252671942634,0.00388958305979,-0.00771746521096,0.573897622462,0.818912344101,0.0021996619268,0.0,0.818871394686,-0.573836971165,-0.0118960661854,0.0,-0.00847975136933,0.00862853045626,-0.999926818462,0.0,0.661370489849,0.260517613081,0.303374708807,1.0,-0.00388,-0.00509942857143,0.195
0.464791094141,0.545558855625,-0.123968635208,-1.35906389326,0.0793994998536,1.89528221463,0.158792836673,-0.00281327743102,-0.0237331765082,0.00143601936733,-0.0354342566252,-0.00202376863894,0.0141894258313,-0.00767955651415,0.573877014831,0.818926913756,0.00215143571089,0.0,0.818885407927,-0.57381663317,-0.0119124759078,0.0,-0.00852108159153,0.00859824096576,-0.999926728026,0.0,0.66130474614,0.26042470954,0.303352208424,1.0,-0.0042,-0.00552,0.211
0.464730020423,0.545168846904,-0.123973959059,-1.3597492573,0.0793650942696,1.89550164935,0.158724913692,-0.00288060565434,-0.0263922842348,-3.3925198593e-05,-0.0388591614446,-5.32365039994e-05,0.0132269812498,-0.00492564649814,0.573904124625,0.818908077663,0.00208877406829,0.0,0.818865660853,-0.573843901518,-0.011956298257,0.0,-0.00859264439594,0.00857235928724,-0.999926337846,0.0,0.661220352602,0.260314320147,0.303321260615,1.0,-0.00454,-0.00596685714286,0.228
0.464669733769,0.544744033007,-0.123974047333,-1.36044976526,0.0793370617006,1.89573632738,0.158648982558,-0.00917992179235,-0.0240388796985,0.000597205413467,-0.0429928625153,5.52586261104e-05,0.0117544926158,-0.00707118685927,0.573922897598,0.818894989961,0.00206153591792,0.0,0.818852046538,-0.573862615103,-0.0119904866384,0.0,-0.00863607731361,0.00856987273709,-0.999925984986,0.0,0.661134593421,0.260208219104,0.303308867816,1.0,-0.00488,-0.00641371428571,0.245
0.464601626673,0.544317724801,-0.123974055614,-1.36114699808,0.0792992563274,1.89599002338,0.158550543649,-0.00116078040883,-0.0326527583639,0.000483626338453,-0.0476259858096,-0.0048785891088,0.0171651161736,-0.0015586405921,0.57392690631,0.818892212868,0.00204861371285,0.0,0.818849046836,-0.573866624134,-0.0120034621017,0.0,-0.00865407722477,0.00856678019219,-0.999925855864,0.0,0.661055900428,0.260097118951,0.303300682825,1.0,-0.0052,-0.00683428571429,0.261
0.464538444407,0.543817007678,-0.123974372273,-1.3619627795,0.0792617332087,1.89628102394,0.15846211938,-0.00123262835029,-0.0302634338146,-0.000154265887504,-0.0479970815273,-0.0021301697102,0.0127310642338,-0.00216307031585,0.573941904006,0.818881738382,0.00203378247918,0.0,0.818838248978,-0.573881554461,-0.0120262363198,0.0,-0.00868108219093,0.00856786481344,-0.999925612486,0.0,0.660958008451,0.259978582564,0.303291933673,1.0,-0.00554,-0.00728114285714,0.278
0.464444661315,0.543285932084,-0.123977235258,-1.36280484589,0.0792139737099,1.89656584785,0.15833665667,-0.00811422149284,-0.0336125618957,-0.000397326993411,-0.0499225416828,-0.00386061242884,0.0220078600607,-0.00860698303329,0.573951967779,0.81887473557,0.00201321361219,0.0,0.818830916477,-0.573891644564,-0.0120439786815,0.0,-0.00870731102998,0.00856131164304,-0.999925440559,0.0,0.660862622872,0.259833557018,0.303291621613,1.0,-0.00588,-0.007728,0.295
0.464375742095,0.542773642389,-0.123975144895,-1.36363227521,0.0791664695731,1.89687042488,0.158226342504,-0.00256922095188,-0.0311419945528,0.00131607826013,-0.0568743541236,-0.00764606396012,0.0152451297461,-0.00757514302514,0.573950003912,0.818876131371,0.00200533836757,0.0,0.818832163533,-0.573889669664,-0.0120532949027,0.0,-0.00871948040389,0.00856018902085,-0.999925344126,0.0,0.660766320103,0.259710714168,0.303286481065,1.0,-0.0062,-0.00814857142857,0.311
0.464291738901,0.542140041199,-0.123983541479,-1.36460931356,0.0791083464601,1.89722976538,0.158105831401,-0.00656084126925,-0.0347528988985,-0.000766793670743,-0.0573228132933,-0.00112576639579,0.0191315915351,-0.012286616539,0.573966091363,0.818864838833,0.00201211081168,0.0,0.818820984537,-0.573905750648,-0.0120470558712,0.0,-0.0087103161992,0.00856232497795,-0.999925405709,0.0,0.66066298508,0.259565312973,0.303297030131,1.0,-0.00654,-0.00859542857143,0.328
0.464209185398,0.541549563158,-0.123984577213,-1.36551186843,0.079052918906,1.89756060557,0.157979431997,-0.00400765042682,-0.0419058346803,0.000123246838948,-0.0542631943528,-0.00521941906322,0.0212421560472,-0.00921108361737,0.573964875421,0.818865640574,0.00203257770231,0.0,0.818822056967,-0.573904450681,-0.0120360879869,0.0,-0.00868960081143,0.00857277624962,-0.999925496397,0.0,0.660554536077,0.259416636823,0.303317559263,1.0,-0.00688,-0.00904228571429,0.345
0.464122693083,0.540925817507,-0.123987146717,-1.36647206512,0.079000655955,1.89791883888,0.157862689929,0.000149837289759,-0.041964832911,0.000207903089915,-0.0556539972436,-0.00448996097261,0.0187915450054,-0.00626678055057,0.573981224438,0.818854129156,0.0020533042336,0.0,0.818810775547,-0.573920669264,-0.0120302178003,0.0,-0.00867272675737,0.00858655209299,-0.999925524694,0.0,0.660446719557,0.259268084778,0.303332617566,1.0,-0.0072,-0.00946285714286,0.361
0.464027906409,0.540170962326,-0.12399481115,-1.36761975147,0.0789293725525,1.89833299393,0.157724783573,-0.00649426994718,-0.0436190579131,-0.000433743078106,-0.0704512649658,-0.00126750256241,0.0153501055575,-0.00652348786122,0.573995725057,0.818843925342,0.00206892432145,0.0,0.818800811044,-0.573935136977,-0.0120182061316,0.0,-0.00865377333252,0.00859260128901,-0.99992563694,0.0,0.66031439833,0.259091296956,0.303355998852,1.0,-0.00756,-0.009936,0.379
0.463930112385,0.539428983808,-0.123997772298,-1.36877293779,0.0788656696662,1.89877662601,0.157577028376,-0.00289857499141,-0.0495346068155,-0.00054417069839,-0.0697654401916,-5.05790186598e-05,0.0322027376327,-0.0118608086654,0.574003792663,0.818838196003,0.00209801710041,0.0,0.818795437367,-0.573943057138,-0.0120060739464,0.0,-0.00862705568037,0.00860954456997,-0.999925722068,0.0,0.660185397607,0.258917659756,0.303369961132,1.0,-0.0079,-0.0103828571429,0.396
0.463826595423,0.538723304521,-0.124001700559,-1.36987248618,0.0788046776959,1.8992044337,0.157450376114,-0.00572487987359,-0.0421639747998,-0.000416311373412,-0.0687584049901,-0.00484968723099,0.0221359470946,-0.00967449023389,0.57403220778,0.818818200237,0.00212750861877,0.0,0.81877581995,-0.573971338935,-0.0119918992235,0.0,-0.00859822191148,0.00862585507494,-0.999925829851,0.0,0.660066018291,0.258744948824,0.303382350735,1.0,-0.00822,-0.0108034285714,0.412
0.46372500658,0.537939146503,-0.1240046132,-1.3710981249,0.0787323334635,1.89966930197,0.157295188658,-0.00398131373702,-0.047469044963,-0.00103779398361,-0.073910497543,-0.000846741898835,0.0252724635003,-0.0133659625771,0.574038731148,0.818813577018,0.00214665653161,0.0,0.818771450611,-0.573977786077,-0.0119816382402,0.0,-0.00857876007025,0.00863571175905,-0.999925911935,0.0,0.659926573575,0.258560855069,0.303393205677,1.0,-0.00856,-0.0112502857143,0.429
0.463606513666,0.537018171486,-0.124008078148,-1.3725255039,0.0786477897464,1.90019501082,0.157127942776,-0.00395475579752,-0.0473438516438,-0.00115220014869,-0.0795679167313,-0.000324218840912,0.0347957833239,-0.00488085528316,0.574057235054,0.818800561937,0.00216276560423,0.0,0.818758632639,-0.57399620795,-0.0119750423244,0.0,-0.0085639170109,0.00864530914425,-0.999925956236,0.0,0.6597609997,0.258345307408,0.303409778847,1.0,-0.00894,-0.0117497142857,0.448
0.463505898117,0.536278725782,-0.124005288687,-1.37368778614,0.0785806165198,1.90063501838,0.156977230444,-0.0108767368505,-0.0539325830146,-1.11185760842e-05,-0.0804921368451,-0.00468251006189,0.0328805755429,-0.00817956487586,0.574060289926,0.81879837768,0.00217879306505,0.0,0.818756617964,-0.573999156539,-0.0119714549734,0.0,-0.00855174717672,0.00865640481667,-0.999925964397,0.0,0.659627710464,0.258171276127,0.303416594624,1.0,-0.00924,-0.012144,0.463
0.463411494987,0.535444640046,-0.124016487736,-1.37498450924,0.0785143273882,1.90110730025,0.156811439309,-0.0096297710441,-0.0559781571786,-0.000341131182687,-0.0852655004403,-0.00573064579977,0.0336085509943,-0.00838735208572,0.574063158189,0.818796334384,0.00219091541291,0.0,0.818754655448,-0.574001896251,-0.0119743134787,0.0,-0.00854709893977,0.00866800129265,-0.999925903682,0.0,0.659473434015,0.257980850408,0.303429344409,1.0,-0.00956,-0.0125645714286,0.479
0.463285501556,0.534503636294,-0.124012308172,-1.3765111372,0.0784184453208,1.90166038709,0.156624981919,-0.00377558782672,-0.0512422172854,-0.00211548916618,-0.0866121041884,-0.00858573636978,0.0355652943981,-0.0101799873607,0.574068711669,0.818792520071,0.00216107846204,0.0,0.81875042216,-0.574007542152,-0.0119931091298,0.0,-0.00857955789458,0.00865441923458,-0.99992574335,0.0,0.659290612673,0.257753352361,0.303414421656,1.0,-0.00992,-0.0130377142857,0.497
0.463163938175,0.533642569383,-0.124012308508,-1.37790611011,0.0783484395116,1.90216350294,0.156461006375,-0.0103376677578,-0.0540591077477,0.000289331714017,-0.0874754983896,-0.00169984501358,0.0301333926345,-0.00923649823996,0.574091590351,0.818776529655,0.00214179275965,0.0,0.818734010534,-0.57403032773,-0.0120228840744,0.0,-0.00861476716012,0.00865596186883,-0.999925427275,0.0,0.6591243378,0.257541734392,0.303401431288,1.0,-0.01024,-0.0134582857143,0.513
0.463030447713,0.532700793879,-0.124011688288,-1.37941979852,0.078268391864,1.90274894246,0.156272926578,-0.00515598439432,-0.0623308103783,3.34950987946e-05,-0.0932249085912,-0.00386511999025,0.0335977473117,-0.00988388671397,0.574107969285,0.818765004251,0.00215738683181,0.0,0.818722598032,-0.574046547966,-0.012025603571,0.0,-0.00860786862367,0.00867046313078,-0.999925361048,0.0,0.658952108083,0.257313554375,0.303395788613,1.0,-0.01058,-0.0139051428571,0.53
0.462899194904,0.53172092727,-0.124012712924,-1.38097829609,0.0781675976629,1.90331945136,0.156074886757,-0.0120698571197,-0.0594291713031,0.000409066528903,-0.099386649804,-0.00710267984929,0.0333081551995,-0.0165901182184,0.574111935683,0.818762253321,0.0021458668551,0.0,0.818719728835,-0.574050594525,-0.0120277779835,0.0,-0.00861622034917,0.0086623212063,-0.999925359684,0.0,0.658767987671,0.257076756168,0.303394182336,1.0,-0.01092,-0.014352,0.547
0.462767446149,0.530779125561,-0.124013422963,-1.38251135213,0.0780787465216,1.90385830599,0.155875361948,-0.00446578625,-0.0647713000312,0.000245991532895,-0.0973052743286,-0.00557204335166,0.04132024569,-0.00763764678518,0.574116440515,0.818759205969,0.00210292009126,0.0,0.818716017369,-0.574055177113,-0.0120616514311,0.0,-0.00866856287963,0.00864665322317,-0.999925042894,0.0,0.65858145217,0.256842145101,0.303374926385,1.0,-0.01124,-0.0147725714286,0.563
0.462623275144,0.529745586181,-0.12402367787,-1.3841518936,0.0779754162878,1.90445535566,0.155659368111,-0.0026506894034,-0.0607500313226,0.0026284573678,-0.0976231562795,-0.00862512958413,0.041823608548,-0.0135111274773,0.574126200768,0.818752396863,0.00208928812636,0.0,0.818709077833,-0.574065041774,-0.0120631914625,0.0,-0.00867754671788,0.00863647971777,-0.999925052892,0.0,0.658389580233,0.256583884714,0.30337425909,1.0,-0.01158,-0.0152194285714,0.58
0.46248050395,0.528673813458,-0.124019112991,-1.38583167257,0.0778685205113,1.9050894844,0.155432637669,-0.00845277966236,-0.0630161002821,0.00103644250843,-0.103191222513,-0.00290899388424,0.0409049697582,-0.0127391307852,0.574116659772,0.81875903721,0.00210875797239,0.0,0.818715992825,-0.574055439333,-0.0120508325537,0.0,-0.00865635073653,0.00864522405755,-0.999925161046,0.0,0.658192924615,0.256332969518,0.30338432365,1.0,-0.01192,-0.0156662857143,0.597
0.462340298315,0.527635909507,-0.124024843777,-1.38744892273,0.0777682608001,1.90571827679,0.155197983843,-0.00909708318636,-0.0718738365876,-0.000953808290439,-0.104711398054,-0.00448253263453,0.0410199389103,-0.0135453044037,0.574098824745,0.818771427588,0.00215306594953,0.0,0.818729049713,-0.574037508027,-0.0120178798188,0.0,-0.00860412165956,0.00866239509669,-0.999925463223,0.0,0.657996025833,0.256070217395,0.303406726407,1.0,-0.01226,-0.0161131428571,0.614
0.462181259168,0.526408520495,-0.124023045903,-1.389349331,0.077644369326,1.90643617679,0.154944828497,-0.0115811771549,-0.0668201386767,0.00143036403071,-0.107708349928,-0.00972669914574,0.0332167530187,-0.0151190516292,0.574095107076,0.818773963411,0.00217985605238,0.0,0.818731988647,-0.574033733228,-0.011997949186,0.0,-0.00857246254661,0.00867284878254,-0.999925644526,0.0,0.657786970258,0.255801089629,0.303421300647,1.0,-0.0126,-0.01656,0.631
0.462027872798,0.525232414539,-0.124025820555,-1.39117430942,0.077526129906,1.90708953205,0.154698464304,-0.0149918092685,-0.0679890918426,-0.000631020302174,-0.108771288769,-0.00629012549396,0.0286013646511,-0.0123389059032,0.574087204732,0.818779504842,0.00217961360209,0.0,0.818737551362,-0.574025857627,-0.0119951517712,0.0,-0.00857039486714,0.00867096159702,-0.999925678617,0.0,0.657566270821,0.255522654185,0.303436716952,1.0,-0.01294,-0.0170068571429,0.648
0.461879739904,0.524119806908,-0.124033583132,-1.392948604,0.0774186005357,1.90771710065,0.154452530318,-0.00867005027642,-0.0682405631693,0.000501224467262,-0.110524581347,-0.0104537190575,0.0289890087936,-0.0169237942215,0.574078862828,0.818785434302,0.0021491232902,0.0,0.818743044048,-0.574017604478,-0.0120151767896,0.0,-0.00860438280414,0.00865740545457,-0.999925504189,0.0,0.657349292915,0.255249966078,0.303429265858,1.0,-0.01326,-0.0174274285714,0.664
0.461724218341,0.522922515002,-0.124029385099,-1.39488198615,0.0773091295913,1.90845370089,0.154188840522,-0.00674856320903,-0.0709614453324,0.00243432343254,-0.113496952067,-0.00252012094842,0.0452048149811,-0.0181459812149,0.574061760996,0.818797415785,0.00215252579938,0.0,0.818754972399,-0.57400039241,-0.0120246241847,0.0,-0.00861034633054,0.00866543497271,-0.999925383303,0.0,0.65711758285,0.254968688555,0.303414440183,1.0,-0.0136,-0.0178742857143,0.681
0.461562929597,0.521682242472,-0.124037861906,-1.39683620236,0.0771827438007,1.90921454337,0.153925698694,-0.00979199902749,-0.0739534349467,-0.00013747679308,-0.112614266867,-0.014209031054,0.036485250922,-0.0156285393034,0.574055055318,0.818802034239,0.00218382501043,0.0,0.818760135653,-0.573993694806,-0.0119927265257,0.0,-0.00856633201719,0.00867268112688,-0.999925698519,0.0,0.656891571409,0.254673287514,0.303422029258,1.0,-0.01394,-0.0183211428571,0.698
0.46140224476,0.520487575717,-0.124042589442,-1.39873953202,0.0770637321135,1.90992055211,0.153677018801,-0.00892291199045,-0.0750131054306,-0.000810230515044,-0.115917892695,-0.0107737436499,0.0380891721465,-0.0141973969991,0.574055842752,0.818801499296,0.00217739635697,0.0,0.818759538644,-0.573994530823,-0.0119934717711,0.0,-0.00857062407867,0.00866785346479,-0.9999257036,0.0,0.656663343331,0.254383445363,0.303416605786,1.0,-0.01426,-0.0187417142857,0.714
0.461222950697,0.519085112722,-0.124046493467,-1.40092536638,0.0769262903371,1.91070630457,0.153379015515,-0.0135782305972,-0.0778211041819,-0.000536057790961,-0.121134284151,-0.0103892898976,0.0443225810551,-0.0165379748044,0.574040440963,0.818812298952,0.00217672337881,0.0,0.81877032028,-0.573979124434,-0.0119947590261,0.0,-0.00857222747637,0.00866788014216,-0.999925689624,0.0,0.656394625062,0.25405356896,0.303429115842,1.0,-0.01462,-0.0192148571429,0.732
0.461071577667,0.517887316955,-0.124049962877,-1.40278626981,0.0768026374578,1.91137297401,0.15312313936,-0.0113239820217,-0.0846161472551,-0.000963514418852,-0.125499024814,-0.00579465821075,0.0449168324471,-0.012198990938,0.574022469328,0.818824905093,0.00217403035805,0.0,0.818782939326,-0.573961214803,-0.0119903741417,0.0,-0.00857037286951,0.00866296992873,-0.999925748074,0.0,0.656164917111,0.253772358446,0.303441881047,1.0,-0.01492,-0.0196091428571,0.747
0.460869550004,0.516384454882,-0.124050655824,-1.405161376,0.0766476824886,1.91225507512,0.15278734677,-0.0105823793906,-0.0779793510334,0.000798527536373,-0.123203841391,-0.0129126112427,0.0437936223616,-0.0258510347675,0.573997247201,0.81884258171,0.00217565761753,0.0,0.818800694318,-0.573936046922,-0.0119826511812,0.0,-0.00856338156811,0.00865960548424,-0.999925837114,0.0,0.65587765772,0.253412099674,0.30344215982,1.0,-0.0153,-0.0201085714286,0.766
0.46069064939,0.515018388746,-0.124057077316,-1.40735239497,0.0765193252063,1.91307925595,0.152494685723,-0.0134710835151,-0.0729736017907,-0.000606075957997,-0.130733249005,-0.00531873070242,0.0498634063773,-0.0119368894124,0.573989802749,0.818847803717,0.00217430214439,0.0,0.818805859612,-0.573928569555,-0.0119878361597,0.0,-0.00856848416102,0.00866139380774,-0.999925777914,0.0,0.655611977909,0.253084112259,0.303428869639,1.0,-0.01564,-0.0205554285714,0.783
0.460499287425,0.513600273233,-0.124060126934,-1.4096251752,0.0763812488295,1.91386408234,0.152190202019,-0.00943870670915,-0.0769486206858,-0.000157159737603,-0.137826081632,-0.00257463443077,0.0440344850456,-0.0259365480279,0.573981281206,0.818853930983,0.00211552346822,0.0,0.818811096539,-0.573920170843,-0.0120321479787,0.0,-0.00863859640001,0.00863860812324,-0.999925371766,0.0,0.655322422211,0.252736813033,0.303409176783,1.0,-0.01598,-0.0210022857143,0.8
0.46030698086,0.512290801262,-0.124062751799,-1.41176234503,0.0762459338859,1.91462236475,0.151890644172,-0.0121780666808,-0.0861636620932,-0.00269126424135,-0.133433551055,-0.00401141756128,0.0430799117345,-0.0182931124861,0.573970681024,0.818861520872,0.00205276926687,0.0,0.81881782143,-0.573909794189,-0.0120693969881,0.0,-0.00870522798882,0.0086084898079,-0.999925053646,0.0,0.655056107191,0.252402508102,0.303375195727,1.0,-0.0163,-0.0214228571429,0.816
0.460116172048,0.51083545639,-0.124063441168,-1.41406779323,0.076108515447,1.91549797888,0.151553437663,-0.0161664969897,-0.0885513650527,-0.000341505205323,-0.134309430385,-0.0124900880807,0.0472226676342,-0.0187883497646,0.573934930857,0.81888652349,0.00207453368787,0.0,0.818843068492,-0.573873915693,-0.0120625441484,0.0,-0.00868750133277,0.00862199897265,-0.999925091422,0.0,0.65477545201,0.252059868573,0.303372939923,1.0,-0.01664,-0.0218697142857,0.833
0.459904184022,0.509277435853,-0.124069514743,-1.41657295733,0.0759548284591,1.9164227688,0.151216557398,-0.00910402311127,-0.0858741409323,-0.00136302338331,-0.138477912236,-0.00821141497181,0.0530622397394,-0.0174652771527,0.573926073329,0.818892787671,0.00205220698812,0.0,0.81884901613,-0.573865130558,-0.0120767385362,0.0,-0.00871203178829,0.00861176860304,-0.999924966157,0.0,0.65446609708,0.251678691099,0.303351454514,1.0,-0.017,-0.0223428571429,0.851
0.459704288913,0.507845110596,-0.124072329343,-1.41881187333,0.0758081280991,1.91721947703,0.150896081726,-0.0133164304658,-0.0894062093101,-0.000251040729994,-0.142488963457,-0.00560930671979,0.0537407285027,-0.0209480940904,0.573905641611,0.818907139941,0.00203901497147,0.0,0.818863206333,-0.573844768549,-0.0120821283125,0.0,-0.00872423103489,0.00860384158913,-0.999924928033,0.0,0.654186331889,0.251329854362,0.303356938745,1.0,-0.01732,-0.0227634285714,0.867
0.459483162403,0.506287272701,-0.124073403416,-1.42124366627,0.0756532806477,1.91812105551,0.150566233622,-0.00987111103105,-0.0985547220516,0.0013767519998,-0.144120605341,-0.0173581374067,0.0543269846587,-0.0203375944839,0.573901346563,0.818910101158,0.00205852735011,0.0,0.818866441352,-0.573840408571,-0.0120699469514,0.0,-0.00870310286504,0.00861278359677,-0.99992503517,0.0,0.65388910159,0.250952742579,0.303366937949,1.0,-0.01766,-0.0232102857143,0.884
0.459279539863,0.504779664881,-0.124081574984,-1.42356241592,0.0755076278872,1.91902042089,0.150249898791,-0.0120982273136,-0.099851990979,0.00086433871801,-0.143427418161,-0.00755644707098,0.0612256997207,-0.0212653940789,0.573895357382,0.818914120609,0.00212808454947,0.0,0.818871469257,-0.573834224134,-0.0120227680056,0.0,-0.00862461279279,0.00864260485996,-0.999925457939,0.0,0.653612958602,0.250597031598,0.303395097247,1.0,-0.01798,-0.0236308571429,0.9
0.459059095138,0.503216982939,-0.124086754858,-1.4258937701,0.0753600399161,1.91989781182,0.149917952118,-0.0137960535152,-0.0957228755931,-0.00120456051579,-0.149979139775,-0.010492256153,0.0577146084158,-0.0285708768842,0.573887652546,0.818919282009,0.00221781655894,0.0,0.81887786608,-0.573826213257,-0.0119693075931,0.0,-0.00852941972033,0.00868532594779,-0.999925904311,0.0,0.65333354666,0.250229624173,0.303453107949,1.0,-0.0183,-0.0240514285714,0.916
0.458831092096,0.501505702571,-0.124092209354,-1.42841932765,0.075192987523,1.92081565576,0.149573026187,-0.011603733908,-0.0996170610172,0.00135202186142,-0.15131570502,-0.0161066422698,0.0562273176097,-0.0191449687799,0.573879594704,0.818924699627,0.00230087463612,0.0,0.818884452053,-0.573817908701,-0.0119167420999,0.0,-0.00843879384575,0.00872309353871,-0.999926344486,0.0,0.653021379493,0.249835801378,0.303525286602,1.0,-0.01864,-0.0244982857143,0.933
0.458593576036,0.499789986735,-0.124098243243,-1.43101820079,0.0750307064922,1.92173830819,0.149204740444,-0.01623832524,-0.100082220744,-9.19395375226e-05,-0.154965831202,-0.00859614887727,0.0575766265193,-0.018619705414,0.573865242577,0.818934661692,0.00233455417662,0.0,0.818894809565,-0.573803379698,-0.0119045880598,0.0,-0.00840966663082,0.00874355195305,-0.999926411196,0.0,0.652693722234,0.249428012192,0.303565508629,1.0,-0.01898,-0.0249451428571,0.95
0.458355716477,0.498223816886,-0.124100827527,-1.43349034699,0.0748813986836,1.92266691941,0.148845854664,-0.0128465111166,-0.0954591962535,-0.000884539895858,-0.153136029326,-0.00149076531703,0.0661893987092,-0.0224159686723,0.573853557507,0.818942795633,0.00235349082066,0.0,0.818903149319,-0.573791578779,-0.0118997083289,0.0,-0.00839492882087,0.00875613958561,-0.999926424888,0.0,0.652391402866,0.249037592674,0.303561670252,1.0,-0.0193,-0.0253657142857,0.966
0.458093338486,0.496543862796,-0.124098262919,-1.43616073564,0.0747118022894,1.92361427266,0.148435826619,-0.0111207211131,-0.100022651005,0.000746371903297,-0.159558828914,-0.0141375067028,0.0569527529743,-0.0301367639665,0.573819986377,0.818966426273,0.00231576627996,0.0,0.818926197883,-0.57375806757,-0.0119293428591,0.0,-0.00844120422268,0.00874190534047,-0.999926159855,0.0,0.65205275551,0.248610429744,0.303543667562,1.0,-0.01964,-0.0258125714286,0.983
0.457809340557,0.494765166495,-0.124101789645,-1.43907479975,0.074528860835,1.92461322339,0.148033376376,-0.0206319780296,-0.0959164248469,0.000756933584661,-0.166422635744,-0.00894541453282,0.0619173154577,-0.0206006607082,0.573822725221,0.818964831568,0.00219808467901,0.0,0.818922908468,-0.573761121819,-0.0120079963236,0.0,-0.00857311621439,0.00869069039596,-0.999925484013,0.0,0.651674081022,0.248139589713,0.303482589135,1.0,-0.01998,-0.0262594285714,1.001
0.457525422536,0.492865172489,-0.124160641893,-1.44194819484,0.074367346958,1.92565364575,0.14762241096,-0.0171512450854,-0.15992624831,-0.00561509367862,-0.228009230868,-0.0164626788792,0.0880916467793,-0.0335402650037,0.573861893197,0.818937237648,0.00225282720339,0.0,0.818896086082,-0.573800117734,-0.0119738042887,0.0,-0.00851328560095,0.00871630919334,-0.999925772206,0.0,0.651326584281,0.247649032075,0.303529603659,1.0,-0.0343885714286,-0.0451964081633,1.016
0.4571162123,0.489228534407,-0.124236817627,-1.44753925085,0.0740864290729,1.92784092283,0.146769352384,-0.025371026022,-0.229167667024,-0.00140250722676,-0.371233126221,-0.0168681742675,0.137053921387,-0.055738287806,0.573758858918,0.819008815703,0.00246546432373,0.0,0.818970302343,-0.573696112475,-0.0118811325845,0.0,-0.00831648514735,0.0088362172615,-0.999926375959,0.0,0.650631549397,0.246825755471,0.303589859949,1.0,-0.0516788571429,-0.0679207836735,1.034
0.456435545432,0.484421046065,-0.124307869068,-1.45513131141,0.0736639214586,1.93073408782,0.145608927901,-0.0441899113897,-0.312187582667,-0.00829420257736,-0.499225189785,-0.035063208394,0.180189982863,-0.0800155818893,0.57368086317,0.819063150105,0.00256325448507,0.0,0.819025771561,-0.573617604399,-0.011848052289,0.0,-0.00823413366581,0.0088965436324,-0.999926522578,0.0,0.649686105487,0.245632938091,0.303568639597,1.0,-0.0680085714286,-0.0893826938775,1.051
0.455542366029,0.478659907593,-0.124468764008,-1.46438041493,0.0730993209329,1.93390112724,0.144210077744,-0.063558082773,-0.390614661653,-0.0142956061003,-0.612840415752,-0.0427363277855,0.213703910818,-0.0887076456594,0.573682336932,0.819062986119,0.00226891225896,0.0,0.819021712642,-0.573620178583,-0.0120029931094,0.0,-0.00852987774999,0.00874436189743,-0.999925385877,0.0,0.648481372853,0.244063517366,0.303440706088,1.0,-0.0833777142857,-0.109582138776,1.067
0.454285261232,0.470660830971,-0.124638799154,-1.47697318479,0.0723683886159,1.9382712482,0.142388857825,-0.0764177558622,-0.47385691,-0.00828005323155,-0.746868865878,-0.0422533100348,0.257224365072,-0.109145806405,0.573752789069,0.819014125078,0.00208491233416,0.0,0.818969903452,-0.573690857294,-0.0121591281978,0.0,-0.0087625713049,0.00868398136268,-0.99992390001,0.0,0.646829706885,0.241943630685,0.3033645687,1.0,-0.100668,-0.132306514286,1.085
0.452875747964,0.461702465928,-0.124770415579,-1.49059579418,0.071528232754,1.94335327836,0.140168381655,-0.0859649251886,-0.540114109169,-0.00463975858911,-0.821870405397,-0.0623481725177,0.312097388829,-0.139292391918,0.573601424513,0.819119199366,0.00242691722799,0.0,0.819079692395,-0.573538330196,-0.0119577674691,0.0,-0.00840306864616,0.00884700140305,-0.999925556731,0.0,0.645093697056,0.239672402076,0.303503499862,1.0,-0.116997714286,-0.15376842449,1.102
0.451345491618,0.452867054245,-0.124908715587,-1.50439490601,0.0706525460489,1.94811922077,0.138037283848,-0.112588943462,-0.619481585269,-0.0103565725808,-0.927951321515,-0.0629440674449,0.328318212503,-0.160115649249,0.573609623324,0.819113972612,0.00224650930527,0.0,0.819071781492,-0.573546929128,-0.01208651117,0.0,-0.00861191747228,0.00877316040885,-0.999924430412,0.0,0.643245518507,0.237276215759,0.303428616086,1.0,-0.131406285714,-0.172705404082,1.117
0.449226754222,0.440819292104,-0.125093335458,-1.52274162694,0.0694143933537,1.95464482264,0.135180885585,-0.116359849277,-0.689337089107,-0.0163912576706,-1.07066476454,-0.0714829332295,0.356724335797,-0.170462072774,0.573628002641,0.819100710676,0.0023847973679,0.0,0.819060865305,-0.5735652944,-0.0119540322385,0.0,-0.00842388148345,0.00881063146419,-0.999925702737,0.0,0.640805320383,0.234049290931,0.303520832869,1.0,-0.148696571429,-0.195429779592,1.135
0.446903710286,0.428143600312,-0.125258835871,-1.54187827081,0.0681447116775,1.96124720734,0.132076470795,-0.140432678194,-0.773707929528,-0.01022979914,-1.15708650962,-0.0775425306501,0.396522873024,-0.181443571581,0.573596293122,0.819122609903,0.00248784328494,0.0,0.819083912702,-0.573532974958,-0.0119254974718,0.0,-0.0083417450575,0.00887834449113,-0.999925792391,0.0,0.638177051348,0.230631022884,0.303635089672,1.0,-0.165026285714,-0.216891689796,1.152
0.444394430945,0.415241448504,-0.12544873202,-1.56122445126,0.0667671474448,1.96800791275,0.128844179857,-0.156827913229,-0.835233145755,-0.0177647910498,-1.22579176382,-0.0900955799019,0.452390106487,-0.202364757127,0.573578765877,0.819134251163,0.00268790024854,0.0,0.819098874584,-0.573515477785,-0.0117378574139,0.0,-0.0080734840873,0.00893441385323,-0.999927494923,0.0,0.635518849562,0.227065787332,0.303777706004,1.0,-0.180395428571,-0.237091134694,1.168
0.441384482379,0.400539160425,-0.125614379585,-1.58329201273,0.0652686881597,1.97558807856,0.125107634725,-0.182848244463,-0.88187639617,-0.01137619079,-1.30893453888,-0.0757254883553,0.439955213622,-0.229727840682,0.573589111344,0.819126427065,0.00285914899337,0.0,0.81909290139,-0.573524799427,-0.0116991553576,0.0,-0.00794344741078,0.00905259105996,-0.999927473489,0.0,0.632395881698,0.222957903976,0.303867924753,1.0,-0.196725142857,-0.258553044898,1.185
0.438001517463,0.384741924734,-0.125813615358,-1.60682858249,0.0635624478815,1.98363136784,0.120999886857,-0.202215931007,-0.946374520853,-0.00973799430173,-1.41990648527,-0.0955497554873,0.455132297336,-0.25390416598,0.573572868696,0.819137070465,0.00306120686473,0.0,0.819106396794,-0.573508153666,-0.0115695856132,0.0,-0.00772159803343,0.00914363057785,-0.999928382907,0.0,0.628796929169,0.218195772673,0.303987072406,1.0,-0.214015428571,-0.281277420408,1.203
0.434467510457,0.36886848017,-0.126011820624,-1.63024978954,0.0617974055587,1.99144157745,0.116784635657,-0.230270425788,-1.00552660229,-0.0118663775369,-1.49674875326,-0.114870902384,0.495532807637,-0.260133805116,0.57353927559,0.81916002228,0.0032100086975,0.0,0.819131749793,-0.57347467777,-0.0114331683788,0.0,-0.00752488063778,0.00918696802853,-0.999929485409,0.0,0.625543925666,0.213893148352,0.304111702145,1.0,-0.228424,-0.3002144,1.218
0.430259557393,0.351271051355,-0.126242723499,-1.65638859405,0.0597742263456,1.99996795093,0.112007010469,-0.264295296618,-1.05173098105,-0.0182146283379,-1.57327225124,-0.126795333635,0.494841683064,-0.30272295638,0.573585292196,0.819128175258,0.00311319393414,0.0,0.819098858418,-0.573521228995,-0.0114545594122,0.0,-0.00759741581229,0.00912035600003,-0.999929546708,0.0,0.621574756887,0.208641198849,0.30409116244,1.0,-0.244753714286,-0.321676310204,1.235
0.425302323033,0.331600834622,-0.126510172403,-1.68526323582,0.0575732580711,2.00930524902,0.106469867134,-0.286547530669,-1.09835944056,-0.0139682100085,-1.68090869752,-0.135323424639,0.518044160744,-0.312918405033,0.573632980663,0.819094519717,0.00318090671777,0.0,0.819065751677,-0.57356831233,-0.0114643980212,0.0,-0.00756610396418,0.00918190534034,-0.999929220838,0.0,0.617096126147,0.202696717171,0.304119133048,1.0,-0.262044,-0.344400685714,1.253
0.420874975447,0.314380336329,-0.126679142735,-1.71024934044,0.0555255129479,2.01721724915,0.101543035902,-0.308936703572,-1.15830669406,-0.0157109769845,-1.68640486976,-0.145652069718,0.523833375624,-0.34173387687,0.573520715788,0.819172947518,0.00322761804268,0.0,0.819144942417,-0.57345611717,-0.0114189270049,0.0,-0.00750332324389,0.00919305517992,-0.99992959146,0.0,0.613087150838,0.197525987641,0.304174016212,1.0,-0.276452571429,-0.363337665306,1.268
0.414989640795,0.292915247035,-0.126907150705,-1.74119652511,0.0529370888179,2.026722259,0.0951402270602,-0.344161907723,-1.21531535128,-0.0161258103184,-1.71639349809,-0.141510687018,0.506801589094,-0.359326942567,0.573385211386,0.819268039435,0.00316635842867,0.0,0.819239074571,-0.573320608945,-0.0114701768572,0.0,-0.00758195673944,0.00917101090113,-0.999929200739,0.0,0.6079868122,0.190912297218,0.304195351128,1.0,-0.293742857143,-0.386062040816,1.286
0.408863382566,0.271734464566,-0.127159301893,-1.77133924172,0.0504439189976,2.03591185139,0.0887123654239,-0.372455297999,-1.26898863984,-0.0145731856196,-1.7671907603,-0.15255382693,0.552004384049,-0.390226367067,0.573373642833,0.819275505584,0.00332544072995,0.0,0.819248020945,-0.573307856528,-0.011468597208,0.0,-0.00748958367675,0.00930033115634,-0.999928702447,0.0,0.602915841672,0.184299784692,0.304264964762,1.0,-0.310072571429,-0.40752395102,1.303
0.402480705991,0.251058674211,-0.127513204365,-1.80043173321,0.0478637753169,2.04465436137,0.0822566990229,-0.416311659198,-1.31764801738,-0.0195644965901,-1.82876023876,-0.162131579305,0.555336825263,-0.403294089604,0.573488645609,0.819194315522,0.00349194432197,0.0,0.819169526709,-0.573423060225,-0.0113149199588,0.0,-0.00726689662186,0.00934965250963,-0.999929885648,0.0,0.597947046119,0.177626600482,0.304352760357,1.0,-0.325441714286,-0.427723395918,1.319
0.395181250258,0.228374426718,-0.127841695178,-1.83201407213,0.0450103336045,2.05388127854,0.0748797558238,-0.441160343052,-1.35383796023,-0.0214982539732,-1.87342606368,-0.169675213164,0.549114096789,-0.449524171506,0.573465020745,0.819210018743,0.00368267220921,0.0,0.819187803897,-0.573399096331,-0.0112055867188,0.0,-0.00706822407433,0.00944299398661,-0.999930432617,0.0,0.592373650389,0.170280853177,0.304438181021,1.0,-0.341771428571,-0.449185306122,1.336
0.386793766573,0.203598660098,-0.128157952364,-1.8662661682,0.0417739702192,2.06339200883,0.0664868764616,-0.482585900619,-1.3932620586,-0.0237521615379,-1.93249421998,-0.191881448889,0.528998178353,-0.482331843225,0.573313398789,0.819316407717,0.00362183874704,0.0,0.819293124516,-0.573247271965,-0.0112733405095,0.0,-0.00716036152716,0.00943068631673,-0.999929893232,0.0,0.586086265654,0.162151888564,0.304431032623,1.0,-0.359061714286,-0.471909681633,1.354
0.37965993848,0.183736450676,-0.128484729942,-1.89335217642,0.0391541240868,2.07063830631,0.0595325244664,-0.528499861036,-1.42787790282,-0.0273668621189,-1.94054393059,-0.18078816604,0.500816975075,-0.506567898735,0.573325958011,0.819307784739,0.00358422081782,0.0,0.819283604863,-0.573259390651,-0.0113486886637,0.0,-0.00724352018695,0.00944317296285,-0.999929176442,0.0,0.580628685569,0.154979817124,0.304450357624,1.0,-0.373470285714,-0.490846661224,1.369
0.369645521518,0.157488392723,-0.129013818802,-1.92851379588,0.0356520847964,2.07980117529,0.0500195738937,-0.569090978516,-1.47771752873,-0.0224404966679,-1.92772058673,-0.195306015132,0.506097309391,-0.540958482195,0.573452887835,0.819218396312,0.00370829867719,0.0,0.819195745936,-0.573385877111,-0.0113010030517,0.0,-0.00713184081711,0.00951859859894,-0.999929264062,0.0,0.574251888951,0.146456195492,0.304542472579,1.0,-0.3898,-0.512308571429,1.386
0.358857662808,0.130470108713,-0.129500557221,-1.96434751384,0.0318819430254,2.08878626032,0.0398106594482,-0.612269178361,-1.50403188566,-0.0263556582063,-1.99479445012,-0.206153753818,0.47174234856,-0.587059582376,0.573414705545,0.819244987579,0.00373800658762,0.0,0.819222798078,-0.573347726973,-0.0112755481294,0.0,-0.00709439529589,0.00952800877012,-0.999929440813,0.0,0.567130458157,0.137124889614,0.304564216458,1.0,-0.407090285714,-0.535032946939,1.404
