position_joint1,position_joint2,position_joint3,position_joint4,position_joint5,position_joint6,position_joint7,velocity_joint1,velocity_joint2,velocity_joint3,velocity_joint4,velocity_joint5,velocity_joint6,velocity_joint7,ee_T_00,ee_T_10,ee_T_20,ee_T_30,ee_T_01,ee_T_11,ee_T_21,ee_T_31,ee_T_02,ee_T_12,ee_T_22,ee_T_32,ee_T_03,ee_T_13,ee_T_23,ee_T_33,v_x,v_y,time
0.465082243765,0.54758813833,-0.123983144355,-1.35573859575,0.0794612296951,1.89409836461,0.159174896286,0.0011810136096,-0.00312612524127,0.000479921252017,-0.00271600342393,-0.00015174197088,0.000399423760833,-0.00189535694308,0.573792047171,0.818986401228,0.00216981743579,0.0,0.818946538482,-0.573733026107,-0.0117357898834,0.0,-0.00836671748388,0.00851103124426,-0.999928777657,0.0,0.661702126684,0.260906612064,0.30339563388,1.0,0.0,0.0,0.0
0.465081297949,0.547600706623,-0.12398991607,-1.35573581137,0.079461229533,1.89409954149,0.159175565781,0.000103627222368,2.51842480989e-05,-0.00105832621351,-0.000341294863583,-0.000201929910246,0.000386021093295,-0.0012706785945,0.573797981437,0.818982268684,0.00216031978838,0.0,0.818942320509,-0.573739034438,-0.011736393926,0.0,-0.00837259993274,0.00850366016645,-0.999928791132,0.0,0.661704469376,0.260902311467,0.303388381914,1.0,-0.0002,-0.000262857142857,0.011
0.465081839354,0.547592274286,-0.123985442352,-1.35574216476,0.07946016509,1.89410109329,0.159181930099,0.00032917529373,-0.00150984062467,-0.00085540308373,-0.00117500402065,-0.00027788958978,5.58275506384e-05,0.000566927334518,0.573799684341,0.818981065312,0.00216421150481,0.0,0.81894115106,-0.573740705392,-0.0117363102253,0.0,-0.00837028076961,0.00850681674608,-0.999928783698,0.0,0.66170243646,0.260904548718,0.303391316183,1.0,-0.00054,-0.000709714285714,0.028
0.46507862067,0.547570659992,-0.123980810081,-1.35575522356,0.079458173953,1.89410182897,0.159179170655,-0.000197974695983,-0.00526804620484,0.00686493799528,-0.000159775623797,0.000218208325852,-9.88731571111e-05,0.000440786797514,0.573796974671,0.818982940079,0.00217315851487,0.0,0.818943124699,-0.573737944319,-0.0117335697252,0.0,-0.00836293094455,0.00851254392793,-0.999928796456,0.0,0.661700048618,0.26090356184,0.303400319199,1.0,-0.00084,-0.001104,0.043
0.46508031665,0.547458036377,-0.123983576652,-1.35586137694,0.0794578813311,1.89411941243,0.159175606559,-0.000998752396317,-0.010523022683,0.000744980125092,-0.00914671108288,5.74271606082e-05,0.000536878710921,-0.000259874914766,0.573800235008,0.81898058862,0.00219833317637,0.0,0.818941033093,-0.5737410402,-0.0117281715409,0.0,-0.00834403151713,0.00853009705972,-0.999928804757,0.0,0.661682405252,0.260893110137,0.303431192425,1.0,-0.00118,-0.00155085714286,0.06
0.465074640073,0.547332451064,-0.123986397709,-1.35603168637,0.0794558850467,1.89415461857,0.159179501873,-0.0028621510153,-0.00818353672753,-0.000558636087685,-0.0111274895504,-1.35861559873e-05,0.0030656392882,0.000808008057011,0.573818835294,0.81896756448,0.0021953341854,0.0,0.818927876283,-0.573759553831,-0.011741155583,0.0,-0.00835619251183,0.00853528091441,-0.999928658968,0.0,0.661655938618,0.26087121886,0.303442235333,1.0,-0.00152,-0.00199771428571,0.077
0.465059854866,0.547175184202,-0.123989198798,-1.35623404375,0.0794508721255,1.8942468348,0.159169507284,-0.000931321230879,-0.0119198093966,-0.00105135413021,-0.0182590022549,-2.24967395147e-05,0.0120715376045,-0.000439006341399,0.573834783494,0.818956273037,0.0022385277787,0.0,0.818917119661,-0.573775309859,-0.0117214258013,0.0,-0.00831508331022,0.00855949535458,-0.999928794679,0.0,0.66163687087,0.260843317086,0.303465409956,1.0,-0.00186,-0.00244457142857,0.094
0.465045403715,0.546982328015,-0.12398320956,-1.35644279027,0.0794500977834,1.89436876683,0.159153369004,-3.59361439903e-05,-0.0124930142974,-0.00109842137579,-0.012277820757,0.000197329740098,0.0049374067006,-0.00119351812394,0.57384087801,0.81895172914,0.0023364427215,0.0,0.818913773983,-0.573780965063,-0.011678262439,0.0,-0.0082234851858,0.00861497536338,-0.99992907573,0.0,0.661620854458,0.2608231455,0.303513047357,1.0,-0.0022,-0.00289142857143,0.111
0.465021857796,0.546781544049,-0.123988551776,-1.35669195837,0.0794441406532,1.89448606834,0.159136285218,-1.12975550646e-05,-0.0182264576077,-0.00130183582781,-0.0167447859329,0.000186244801349,0.00978359711929,0.000530008263862,0.573862354116,0.81893650051,0.00239865847459,0.0,0.818899334613,-0.573802194514,-0.0116476710969,0.0,-0.00816250466408,0.00864858629653,-0.999929285236,0.0,0.661600107245,0.260784542855,0.303547012752,1.0,-0.00254,-0.00333828571429,0.128
0.464975111938,0.54652212035,-0.123986012124,-1.35705925499,0.0794330903711,1.89463320076,0.159083500629,-0.00389824755797,-0.0192749645444,-0.000264496105418,-0.0206908877582,-0.00146732936438,0.00505129124965,-0.0091310768214,0.573873284047,0.818928722335,0.00243895304304,0.0,0.81889198517,-0.573812879538,-0.0116379896268,0.0,-0.0081313378604,0.00867613746852,-0.999929300492,0.0,0.661564270588,0.260723097913,0.303568588225,1.0,-0.0029,-0.00381142857143,0.146
0.464939963282,0.546254765096,-0.123988789546,-1.35747095047,0.0794199550423,1.89478598055,0.158950361933,-0.00359374813796,-0.0170195336264,-0.00151779285957,-0.024916637994,0.000244744593519,0.014023563271,-0.00442126097194,0.573814527068,0.818969852656,0.00245272647417,0.0,0.818933197783,-0.573753978017,-0.0116420435965,0.0,-0.00812737763448,0.00868916016845,-0.999929219609,0.0,0.661517871031,0.260661124919,0.303575291913,1.0,-0.00324,-0.00425828571429,0.163
0.464896146532,0.545986745627,-0.123985968434,-1.35792194638,0.0793946075258,1.894932929,0.158947548033,-0.00289877975273,-0.0166983847303,-0.000256698916749,-0.0322439007516,-0.00496382673781,0.00706881546326,-0.000775261538596,0.573864545821,0.818934892634,0.00242313382562,0.0,0.818897798589,-0.573804037365,-0.0116648648218,0.0,-0.00816251800199,0.0086785183969,-0.99992902579,0.0,0.661462933099,0.260589625337,0.303563026011,1.0,-0.00356,-0.00467885714286,0.179
0.464847305593,0.545676839996,-0.123989230389,-1.35844219192,0.079354921974,1.89511122364,0.15888746166,-0.00288177466718,-0.0147492440458,0.000585613621643,-0.0338795594239,-0.000308625511369,0.0105185684778,-0.00885613101829,0.573876123256,0.818926876906,0.00239004997279,0.0,0.818889417691,-0.573815800744,-0.0116745583445,0.0,-0.00818931883509,0.00865710358999,-0.999928992286,0.0,0.661402922837,0.260503419982,0.303550335766,1.0,-0.0039,-0.00512571428571,0.196
0.464787613041,0.545336283537,-0.123991374299,-1.35904986824,0.0792884453426,1.895307785,0.158778893725,-0.00423531629749,-0.0173757887245,0.000847586501542,-0.0371106281347,-0.00139591290889,0.0089979564518,-0.00660299396157,0.573853806332,0.818942737118,0.00231282960414,0.0,0.818904498292,-0.573794002181,-0.011688140964,0.0,-0.00824498913958,0.00860143635207,-0.999929015204,0.0,0.661331299036,0.260397610789,0.303519206524,1.0,-0.00424,-0.00557257142857,0.213
0.464728431618,0.544910751078,-0.123992436809,-1.35977512027,0.0792682309785,1.89553205509,0.158724218701,-0.00128360749117,-0.0233874869074,-0.000417276102532,-0.0392293097754,-0.000549665771195,0.0177280586372,-0.00544649783664,0.573893141964,0.818915316309,0.00226124360368,0.0,0.818876143778,-0.573833251571,-0.0117476569652,0.0,-0.00832291969181,0.00859374366497,-0.999928435728,0.0,0.661237377237,0.260289302001,0.303494693687,1.0,-0.0046,-0.00604571428571,0.231
0.464672691871,0.544569229795,-0.123992439407,-1.36036150972,0.0792437292943,1.89573863932,0.158641699577,-0.00729295025936,-0.0215947227943,0.000369995244173,-0.0444082283938,-0.00043457201885,0.0205973676127,-0.00341414020773,0.573895983822,0.818913397344,0.00223479405431,0.0,0.818873775739,-0.573836085224,-0.0117742771308,0.0,-0.00835986876838,0.00858738993687,-0.999928182085,0.0,0.66116426562,0.260189940564,0.303477036089,1.0,-0.0049,-0.00644,0.246
0.464596959953,0.544087001305,-0.123993282966,-1.36115830326,0.0792081337178,1.89602186731,0.158536821651,-0.00337515079245,-0.0269391385945,0.00168290638861,-0.0485696912066,0.000277905213783,0.0239474654268,0.00022049536032,0.573909076022,0.818904280607,0.00221326978508,0.0,0.818864236068,-0.573849112078,-0.0118028113961,0.0,-0.00839545151299,0.00858627336697,-0.999927893552,0.0,0.661076483366,0.260072029734,0.303461776973,1.0,-0.00524,-0.00688685714286,0.263
0.464537623641,0.5436189154,-0.123998839743,-1.36191941281,0.0791695495742,1.89629655448,0.15844412315,-0.00117401543533,-0.0352065496892,0.000345109148747,-0.0519635119915,-0.00358790421534,0.0190141827457,-0.00402009378166,0.573917773525,0.818898221721,0.00219968063746,0.0,0.818857945312,-0.573857805048,-0.0118165936624,0.0,-0.00841444563871,0.00858314434466,-0.99992776076,0.0,0.660987320641,0.259957784453,0.303454684848,1.0,-0.00556,-0.00730742857143,0.279
0.464459344296,0.543123336253,-0.124005244556,-1.36271082472,0.079124052418,1.89656824687,0.158338890932,-0.00557864066532,-0.0289225821399,-0.000236215970813,-0.0500591121908,-0.000920402489922,0.0134996745748,-0.0047078308086,0.573929932206,0.818889759487,0.00217752772424,0.0,0.818849158594,-0.573870012062,-0.0118326509137,0.0,-0.0084401812991,0.00857434436424,-0.99992761936,0.0,0.660890717724,0.259818779767,0.303450453932,1.0,-0.0059,-0.00775428571429,0.296
0.464389600576,0.542551097753,-0.124007410959,-1.36360549708,0.0790612648986,1.89688074525,0.158235197651,-0.00174874189097,-0.0394826620079,-0.00126633457646,-0.0533226287767,-0.000700541225426,0.0205034291514,-0.00328289474104,0.573938624017,0.81888369968,0.00216544718318,0.0,0.818843009939,-0.573878819682,-0.0118309887588,0.0,-0.00844566217726,0.00856358757391,-0.999927665263,0.0,0.660790120929,0.259690990284,0.30345835037,1.0,-0.00622,-0.00817485714286,0.312
0.464314203687,0.541967390185,-0.124008421118,-1.36452274518,0.0790076910156,1.89722174143,0.158104599831,-0.00419790083631,-0.037431400892,-0.000152020302673,-0.0605384142176,-0.00234805063633,0.0207157148334,-0.0104013875694,0.573930827839,0.81888914612,0.00217212453609,0.0,0.8188485244,-0.57387097907,-0.0118296394682,0.0,-0.00844080664047,0.0085682007086,-0.999927666744,0.0,0.660684867523,0.259553843324,0.303464124769,1.0,-0.00656,-0.00862171428571,0.329
0.464230948907,0.541341131963,-0.124009131516,-1.36548660633,0.0789610831788,1.89757679446,0.157964729831,-0.00597276695536,-0.0343621063546,0.000227786143384,-0.061983138003,-0.00012019211525,0.027450109397,-0.00237342396719,0.573926009107,0.818892466915,0.00219330834261,0.0,0.81885200975,-0.573865964797,-0.01183163033,0.0,-0.00843033025042,0.00858664064031,-0.999927596946,0.0,0.660574217967,0.259408792689,0.303478942108,1.0,-0.0069,-0.00906857142857,0.346
0.464142597774,0.540663159869,-0.124011616515,-1.36650835022,0.0788991238916,1.89795572259,0.157842932396,-0.00706706556821,-0.0394109630549,0.000125760098764,-0.0637788064079,-0.00306288256423,0.0227920610272,-0.0065038072918,0.573940433467,0.818882278387,0.00222258349704,0.0,0.818842212107,-0.573880283262,-0.0118152044115,0.0,-0.00839992638581,0.00860133433106,-0.99992772653,0.0,0.660458748648,0.259252302366,0.303504776167,1.0,-0.00724,-0.00951542857143,0.363
0.464051618394,0.539991750508,-0.124012189831,-1.36752500534,0.0788375424597,1.89832941737,0.157714662181,-0.00925167831866,-0.0431606794591,3.22215699601e-05,-0.0583384398077,-0.00287072040366,0.0205978982674,-0.00299696777156,0.573950096478,0.818875439583,0.00224679810092,0.0,0.818835682616,-0.573889845475,-0.0118032637836,0.0,-0.00837614947119,0.00861440869807,-0.999927813436,0.0,0.66034327532,0.259095418224,0.303527774817,1.0,-0.00756,-0.009936,0.379
0.463960103503,0.539253279111,-0.124023279264,-1.36867917259,0.0787631309409,1.89876558754,0.157566371487,-0.00823115539927,-0.0418782500628,-0.0028597525029,-0.0694276932968,-0.00440556852618,0.0217689085191,-0.00521133675404,0.573955400698,0.818871690861,0.0022580560773,0.0,0.818832176915,-0.573895205233,-0.0117858542737,0.0,-0.00835537572831,0.00861368952582,-0.999927993432,0.0,0.66021330985,0.258918811004,0.303538356416,1.0,-0.0079,-0.0103828571429,0.396
0.463863409258,0.538554491796,-0.124020396935,-1.36977440698,0.0787125234104,1.8991908223,0.157425515013,-0.00474347867709,-0.0474764559012,-0.000924907794618,-0.0715656503403,-0.000288423424006,0.0226947904256,-0.00400179504153,0.573966178968,0.81886403013,0.00229618416938,0.0,0.818824885244,-0.573905705537,-0.0117811441852,0.0,-0.00832952238039,0.00864231744224,-0.999927962108,0.0,0.66008250426,0.258744907151,0.303552095084,1.0,-0.00824,-0.0108297142857,0.413
0.463745250198,0.537729187684,-0.12402584046,-1.37107863235,0.0786277914306,1.89969016388,0.157266181813,-0.00447566657291,-0.0429819052792,-2.25296427055e-06,-0.0752471302008,-0.0153776365674,0.0290758691355,-0.0128476708795,0.573983856065,0.818851623972,0.00230169431078,0.0,0.818812631152,-0.573923443023,-0.0117687516681,0.0,-0.00831602520113,0.008639896183,-0.999928095374,0.0,0.659946228819,0.258551521179,0.303553000781,1.0,-0.00858,-0.0112765714286,0.43
0.463643279358,0.536916651754,-0.124036103325,-1.37234245754,0.0785584377229,1.90015830108,0.157106020623,-0.00628307342478,-0.0508120913831,0.00106653025501,-0.0766198512245,-0.00498242946762,0.0316000170097,-0.0154446470045,0.573994479982,0.818844133811,0.00231697543221,0.0,0.818805315929,-0.573933983201,-0.0117636914029,0.0,-0.00830299861692,0.00864961226209,-0.999928119627,0.0,0.659800679247,0.258359464895,0.303566063082,1.0,-0.00892,-0.0117234285714,0.447
0.463521949805,0.536123468579,-0.124033299995,-1.37359235855,0.0784887303027,1.9006308403,0.156967471431,-0.00862878696815,-0.0511638460788,-0.000310942544949,-0.0721209611102,-0.00280529532325,0.0339916949771,-0.00570018039456,0.574028580108,0.818820183719,0.00233299255211,0.0,0.818781512108,-0.573967954123,-0.0117630766186,0.0,-0.00829294126061,0.00866272012282,-0.999928089617,0.0,0.65966048265,0.258163873171,0.303571903556,1.0,-0.00924,-0.012144,0.463
0.463412185462,0.53524693012,-0.124044883749,-1.37497422175,0.0783976495573,1.90112871263,0.156792385532,-0.0112463958489,-0.0513157577897,-0.00166194510739,-0.0848089538373,-0.00609701471778,0.0296053788375,-0.00460393057484,0.574034637114,0.818815975883,0.00231946856232,0.0,0.818777215732,-0.573974152333,-0.0117596919258,0.0,-0.00829786837807,0.00864976503341,-0.999928160892,0.0,0.65949809067,0.257951278996,0.303576243073,1.0,-0.00958,-0.0125908571429,0.48
0.463286474916,0.534346798141,-0.124048171652,-1.37641642448,0.078338688073,1.90165386827,0.156613590873,-0.0045539330022,-0.0538998933083,-0.00142786807725,-0.0900852869643,0.000100853946333,0.0282024828951,-0.0139049759195,0.57405680758,0.818800434099,0.00231898499755,0.0,0.818761406586,-0.573996049864,-0.0117915531897,0.0,-0.00832400090496,0.00866788368256,-0.999927786793,0.0,0.659327839783,0.257733176215,0.303570500104,1.0,-0.00992,-0.0130377142857,0.497
0.463163574181,0.533427230139,-0.124045706839,-1.37789185408,0.0782357517284,1.90219660036,0.156430471582,-0.00712488093846,-0.0555620140664,-0.000487986119244,-0.0852119849986,-0.00401110673897,0.0335298343613,-0.0139579208986,0.574058902544,0.818799019784,0.00229967644725,0.0,0.818759824884,-0.573998305221,-0.01179159279,0.0,-0.00833509471125,0.00865211808159,-0.99992783092,0.0,0.659153904584,0.257510702388,0.303563727995,1.0,-0.01026,-0.0134845714286,0.514
0.463033986235,0.532531443563,-0.124052058741,-1.37932505854,0.0781610374229,1.90274441219,0.156246450654,-0.00984309719787,-0.0592154108407,-0.00129488679076,-0.0955274121427,-0.00462469640938,0.0397140938761,-0.00659413318108,0.574077260225,0.818786114906,0.00231175926359,0.0,0.818747007746,-0.5740165424,-0.0117937805294,0.0,-0.008329756054,0.00866345399205,-0.999927777256,0.0,0.658991994764,0.257288306374,0.303560880091,1.0,-0.01058,-0.0139051428571,0.53
0.46290306831,0.531565274315,-0.124047511585,-1.38087718406,0.0780663533579,1.90331797903,0.156051276013,-0.0097534836566,-0.0582719668292,-0.000121661489145,-0.0889286831805,-0.00367732581424,0.0361062759855,-0.00949171276592,0.574080717316,0.818783722501,0.00230058132275,0.0,0.818744431407,-0.57402000175,-0.0118042590845,0.0,-0.0083447161613,0.00866035240823,-0.999927679389,0.0,0.658807931965,0.257056732135,0.303552705654,1.0,-0.01092,-0.014352,0.547
0.462771267982,0.530558438287,-0.124054461905,-1.38250817708,0.0779634657044,1.90389027842,0.155844479911,-0.0065051149311,-0.0616859077383,-0.001424615552,-0.100398826506,-0.00425313409986,0.035609292636,-0.00909332930716,0.574085202275,0.818780712435,0.0022521934786,0.0,0.818740792443,-0.574024673648,-0.0118294435455,0.0,-0.0083930671799,0.00863523741911,-0.99992749192,0.0,0.658609146961,0.256807695748,0.303535692242,1.0,-0.01126,-0.0147988571429,0.564
0.462614979184,0.529390375226,-0.124057768483,-1.38435665931,0.0778504594393,1.90456294549,0.155596331284,-0.0100662093059,-0.0617078111628,-0.00201252839885,-0.0999467674211,-0.00583097175352,0.0382681141431,-0.0140515655198,0.574082298833,0.818782771191,0.00224380682458,0.0,0.818742724792,-0.574021785488,-0.0118358475205,0.0,-0.00840315581928,0.00863201725975,-0.999927434992,0.0,0.658389343797,0.256526144136,0.303537063918,1.0,-0.01164,-0.0152982857143,0.583
0.462484685458,0.528363716098,-0.124053161948,-1.385934598,0.0777620301221,1.90515233147,0.155372826948,-0.010717690172,-0.0680791881534,-0.00057069864072,-0.0979012302678,-0.00895323809511,0.0396124693162,-0.0113891335994,0.574064503171,0.818795144611,0.00228128501749,0.0,0.818755488559,-0.574003746004,-0.0118277820935,0.0,-0.00837522565301,0.00865789117142,-0.999927445626,0.0,0.658202114342,0.256294906991,0.30355987395,1.0,-0.01196,-0.0157188571429,0.599
0.462344831115,0.527247917795,-0.124055676423,-1.38766590593,0.0776375708291,1.90582375586,0.155128330508,-0.00973751784778,-0.0708918305757,-0.000147022389707,-0.109402666271,-0.00461897822154,0.0409565600382,-0.0110889314806,0.574042360095,0.818810587465,0.00231031888461,0.0,0.818771552303,-0.573981746473,-0.0117833253254,0.0,-0.00832239089548,0.00865591791227,-0.999927903849,0.0,0.657993367904,0.256016619242,0.303575636471,1.0,-0.01232,-0.016192,0.617
0.462203449624,0.526169365374,-0.124057915418,-1.38935849496,0.0775467236527,1.9064640362,0.154896683639,-0.00400060121301,-0.0689243500968,-0.000813724556394,-0.107455503345,-0.00119899231841,0.0338570309544,-0.00512471753808,0.574035587697,0.818815241647,0.00234328929939,0.0,0.818776497571,-0.573974706326,-0.0117826323218,0.0,-0.00830297000227,0.00868244763884,-0.999927835292,0.0,0.657804317649,0.255783642816,0.303588398136,1.0,-0.01262,-0.0165862857143,0.632
0.46205499261,0.525065923329,-0.124064763893,-1.39107973966,0.0774317411377,1.90708345558,0.154672997679,-0.00944960716509,-0.0700348029573,-0.000369708254382,-0.105421269939,-0.0147804020136,0.0321224265985,-0.0130064223844,0.574040392246,0.818811889927,0.00233749557373,0.0,0.818773147568,-0.573979612729,-0.0117764125868,0.0,-0.00830115166549,0.0086741821138,-0.999927922125,0.0,0.657598777742,0.255515654233,0.303599199972,1.0,-0.01294,-0.0170068571429,0.648
0.46189250798,0.523887952296,-0.124073704367,-1.39296192214,0.0773134185029,1.90775243248,0.15440290153,-0.0168329904374,-0.0691484143081,-0.00109187897219,-0.118551813937,-0.00713167413137,0.033381268312,-0.017914338717,0.574027713229,0.818820875395,0.00230333753727,0.0,0.818781695767,-0.57396707224,-0.0117932845885,0.0,-0.00833470817686,0.00865576944887,-0.999927802541,0.0,0.657370962193,0.255221961068,0.303589916668,1.0,-0.01328,-0.0174537142857,0.665
0.461747130894,0.522683776046,-0.124075074574,-1.39489699472,0.0771959790254,1.90848495942,0.154148097614,-0.00876808233826,-0.0749035782871,0.000353176400788,-0.112107828412,-0.0049757070474,0.0467980044272,-0.00517631365754,0.574011333866,0.818832360784,0.00230226564084,0.0,0.81879316182,-0.573950693412,-0.0117943456546,0.0,-0.00833636543615,0.00865533408669,-0.999927792495,0.0,0.657137327485,0.254942444397,0.303578853768,1.0,-0.01362,-0.0179005714286,0.682
0.461581786692,0.521453262148,-0.124082613574,-1.39685125965,0.0770757004667,1.90926037505,0.153883716975,-0.00703277529319,-0.0765729425969,-0.00502157602518,-0.113490832519,-0.006318967637,0.0434085504132,-0.0131253369126,0.57400802806,0.818834570313,0.00234031734408,0.0,0.818795956007,-0.573947337455,-0.0117636369776,0.0,-0.00828941331835,0.00866883134332,-0.999928065908,0.0,0.656914434846,0.254646741436,0.30358074286,1.0,-0.01396,-0.0183474285714,0.699
0.461421328075,0.520256199629,-0.124086499892,-1.39876669441,0.0769588780553,1.90995783329,0.153628633387,-0.00639787134796,-0.0787352282088,-0.00102668025669,-0.124252912721,-0.00395802751205,0.0397720042829,-0.0126736308095,0.574003933162,0.81883749685,0.00232063972376,0.0,0.818798598934,-0.573943288338,-0.0117772261851,0.0,-0.00831187884453,0.00866047744743,-0.999927951805,0.0,0.656681323055,0.254355909271,0.303570403844,1.0,-0.01428,-0.018768,0.715
0.461230384547,0.518770335703,-0.124086796377,-1.40107366736,0.0768057368275,1.91078341608,0.153312533695,-0.0118742848725,-0.0811556398499,0.00106927809457,-0.127119758186,-0.0099984356882,0.0413203536788,-0.011709735591,0.573982732429,0.818852364567,0.00231836527814,0.0,0.818813475291,-0.573922138667,-0.0117736285996,0.0,-0.00831046246185,0.00865633490587,-0.999927999448,0.0,0.656397080732,0.254007383321,0.303587019154,1.0,-0.01466,-0.0192674285714,0.734
0.461089007991,0.517658681078,-0.124090569541,-1.40281671067,0.0766945155716,1.91140364797,0.153072566282,-0.0121811318667,-0.078714861229,-0.000301209770664,-0.125708789032,-0.00406643029648,0.0379268137049,-0.0112001152408,0.573972712773,0.818859435359,0.00230152458593,0.0,0.818820318357,-0.573912175069,-0.0117833973855,0.0,-0.00832823349288,0.00864805015894,-0.99992792328,0.0,0.656164471097,0.253725588507,0.303588623997,1.0,-0.01496,-0.0196617142857,0.749
0.460880504325,0.516158419156,-0.124096480072,-1.40519822468,0.0765514148754,1.91229265009,0.152737023308,-0.0125126269503,-0.0793822648957,0.000269231404554,-0.125800102619,-0.003342738598,0.0480921513402,-0.0184345269725,0.573954554418,0.818872136901,0.00231079432989,0.0,0.818833125986,-0.573893968721,-0.0117801254024,0.0,-0.00832042572631,0.00865357817916,-0.999927940454,0.0,0.655895232326,0.253378272741,0.303587460009,1.0,-0.01532,-0.0201348571429,0.767
0.460694264588,0.514797697791,-0.124105659581,-1.40740146267,0.0764139139993,1.91312476262,0.152453908289,-0.0113211399915,-0.0782509928698,-0.000858544293399,-0.130907298234,-0.00659272527246,0.052057852029,-0.0166085998411,0.573961005035,0.818867659153,0.00229529830969,0.0,0.818828498607,-0.573900531324,-0.0117820590686,0.0,-0.0083308346044,0.0086420645197,-0.999927953362,0.0,0.65563105141,0.253041414109,0.30356529919,1.0,-0.01566,-0.0205817142857,0.784
0.460525597105,0.513549248627,-0.124108883851,-1.40939689024,0.0762987633589,1.91380886708,0.152162823081,-0.00910713537038,-0.0829546870283,-0.00370461932679,-0.135919894854,-0.00941118836256,0.0466564429924,-0.0204195812435,0.573936648955,0.818884866463,0.00224618908462,0.0,0.818844907202,-0.573876202172,-0.0118266407578,0.0,-0.00839578432128,0.00862718915761,-0.999927538581,0.0,0.65537591629,0.252736426461,0.303549924762,1.0,-0.01596,-0.020976,0.799
0.460330719932,0.512145360229,-0.124106797644,-1.41167230417,0.076160264814,1.91461287595,0.151852791642,-0.0146861435351,-0.0855877082638,0.00131240315006,-0.13102518892,-0.0105113099667,0.0510187401838,-0.0244507587663,0.573922615708,0.818894855822,0.00218933517608,0.0,0.818854040037,-0.573862275201,-0.0118700091426,0.0,-0.00846407551977,0.00860537832971,-0.999927150791,0.0,0.655088127143,0.252390600464,0.30352005225,1.0,-0.0163,-0.0214228571429,0.816
0.460110067392,0.51051701508,-0.12411383359,-1.41426570662,0.0759929476166,1.91560220319,0.151482950646,-0.0136479765162,-0.0852203049721,-3.95294308708e-06,-0.140770002649,-0.00814414155877,0.0620040029015,-0.0200417544282,0.573895964725,0.818913502306,0.0022009804411,0.0,0.818872939998,-0.573835685115,-0.0118516466495,0.0,-0.00844263489341,0.00860410116781,-0.99992734304,0.0,0.654776640291,0.251995711551,0.303511833709,1.0,-0.01668,-0.0219222857143,0.835
0.459924315279,0.509125211239,-0.124116468208,-1.41648499143,0.0758592387077,1.91641991904,0.1511710836,-0.0106542554463,-0.082761894064,-0.000273128381479,-0.138446432519,-0.011459198039,0.048494199794,-0.0189608574417,0.573874094967,0.818928851592,0.0021922722252,0.0,0.818888119832,-0.573813795413,-0.0118626427333,0.0,-0.00845686716521,0.00860305467861,-0.999927231776,0.0,0.654501289985,0.251661412721,0.303500579528,1.0,-0.017,-0.0223428571429,0.851
0.459713093253,0.50761579867,-0.124124484874,-1.41885718945,0.0757052924973,1.91726503387,0.150838023054,-0.0159589836836,-0.0860332656639,0.000201861819241,-0.141091923109,-0.0070649176334,0.0561301600486,-0.024248815356,0.573861306516,0.818937868535,0.00217146589537,0.0,0.818896888449,-0.573801114181,-0.0118707351799,0.0,-0.00847556819698,0.00859052765902,-0.999927181138,0.0,0.654205760844,0.251289430343,0.303500845597,1.0,-0.01734,-0.0227897142857,0.868
0.459522406919,0.506239617172,-0.124130885731,-1.42101270942,0.0755715937934,1.91805455894,0.150548780187,-0.012513836384,-0.0951492767008,0.000499432882372,-0.148909154894,-0.00235634627527,0.0579850396241,-0.0179589479996,0.573860539186,0.818938390026,0.00217756939305,0.0,0.81889748282,-0.573800315957,-0.0118683166135,0.0,-0.00847009316957,0.00859413012933,-0.999927196574,0.0,0.653939976358,0.250955310276,0.303505733985,1.0,-0.01764,-0.023184,0.883
0.459295195479,0.504610512353,-0.12413234362,-1.42347297718,0.0754095493268,1.91901888458,0.15021807346,-0.0117196890305,-0.106622319547,0.000686036231416,-0.149368137105,-0.0143272619903,0.0651517272656,-0.0217755970422,0.573860059498,0.818938439578,0.00228280412683,0.0,0.818899050791,-0.573799577949,-0.0117955864729,0.0,-0.00835014790174,0.00863856840697,-0.999927822478,0.0,0.65365139633,0.250574656415,0.303556749404,1.0,-0.01798,-0.0236308571429,0.9
0.45906834064,0.502956370349,-0.124143336546,-1.42594237762,0.0752606305506,1.91995637568,0.149863114379,-0.017868236348,-0.103781479705,-0.00169567435432,-0.147910104278,-0.00264366934436,0.0643249997931,-0.0136134427104,0.573849768364,0.818945355767,0.00238631867094,0.0,0.818907341286,-0.573788927787,-0.0117379571307,0.0,-0.00824366096282,0.00869016517138,-0.999928258968,0.0,0.653356207392,0.250188303839,0.303618249682,1.0,-0.01832,-0.0240777142857,0.917
0.458839401982,0.501246431732,-0.12414154039,-1.42847599075,0.0750935641917,1.92086773491,0.149504809893,-0.015227294061,-0.106678611368,0.000968916786557,-0.155657864089,-0.0143719988699,0.0545193885923,-0.0265466282742,0.573826628999,0.818961356834,0.00245820366309,0.0,0.818924298134,-0.573765551322,-0.0116975614389,0.0,-0.00816957549725,0.00872562295273,-0.999928558218,0.0,0.653039317493,0.249796700922,0.303684761612,1.0,-0.01866,-0.0245245714286,0.934
0.458596507463,0.499536109203,-0.124144707496,-1.43107156761,0.0749299088662,1.92179173896,0.149130195941,-0.0158694823476,-0.10485351041,-0.000618830220758,-0.148652061057,-0.00592495467374,0.0564806963428,-0.0216714004505,0.573808847125,0.818973717093,0.00249089821933,0.0,0.818937040935,-0.573747608863,-0.0116855128051,0.0,-0.00814113770299,0.00874530782204,-0.999928618186,0.0,0.652713308272,0.249387262212,0.303722702064,1.0,-0.019,-0.0249714285714,0.951
0.458355097926,0.497967106403,-0.124144739775,-1.43355374313,0.0747817703147,1.9227252424,0.148775163571,-0.0146766419121,-0.108034770085,-0.00074799285732,-0.151901931459,-0.00432025474314,0.0604995457947,-0.0252037245828,0.57380220577,0.818978314333,0.00250922418109,0.0,0.818941809478,-0.573740830981,-0.0116841112611,0.0,-0.0081295458973,0.00875944605183,-0.999928588744,0.0,0.652409830163,0.248995382721,0.303716310473,1.0,-0.01932,-0.025392,0.967
0.458092973313,0.496313235878,-0.124147929252,-1.43622286709,0.0746154905571,1.923666292,0.148373883563,-0.0163369388766,-0.0948479922481,-0.00150909606762,-0.163545114762,-0.0151433669923,0.0571625822824,-0.0234114391367,0.573780589857,0.818993652969,0.00244499486693,0.0,0.818956214186,-0.573719343753,-0.0117294820866,0.0,-0.00820378847935,0.00873266102108,-0.999928216667,0.0,0.652070554925,0.248564936256,0.303680301649,1.0,-0.01966,-0.0258388571429,0.984
0.457825317273,0.494633134951,-0.124147930227,-1.43896434295,0.0744378842854,1.92460946251,0.147986944256,-0.016939694191,-0.0994552194682,-0.000130782564108,-0.164586720815,-0.00614808025827,0.0636127748593,-0.0206040827609,0.573772761389,0.818999442126,0.00234072330124,0.0,0.818960549345,-0.573711802129,-0.0117954913242,0.0,-0.00831776037336,0.00868505888399,-0.999927689693,0.0,0.651714833898,0.248123053984,0.303627613135,1.0,-0.01998,-0.0262594285714,1.001
0.457513426009,0.492676063151,-0.124150391641,-1.44211223782,0.0742376542636,1.92577512642,0.147555183422,-0.0113361101451,-0.110552330579,0.000925544725998,-0.172294982608,-0.013636106578,0.0676227341435,-0.0188863039322,0.573780410523,0.81899416097,0.00231337381221,0.0,0.818954903912,-0.573719545975,-0.0118107927315,0.0,-0.00834590319481,0.00867151728375,-0.999927572721,0.0,0.651323523033,0.247617835734,0.303592954695,1.0,-0.0215434285714,-0.0283142204082,1.02
0.457250515021,0.491016420723,-0.124152958969,-1.44477452404,0.0740738274994,1.92671953254,0.147169922466,-0.020772077721,-0.116887988815,2.718518711e-05,-0.17986834987,-0.00572139037189,0.0612780488505,-0.0296767947718,0.573770791773,0.819001037181,0.00226417896342,0.0,0.818961021366,-0.57370999654,-0.01185041157,0.0,-0.00840667911619,0.00865386095941,-0.99992721657,0.0,0.650982636396,0.24718919502,0.303562493255,1.0,-0.0227777142857,-0.0299364244898,1.035
0.456906924599,0.488920024191,-0.124161853229,-1.44815482391,0.073862429716,1.92790994075,0.146688125657,-0.0240830144106,-0.117736542043,-0.000676844459531,-0.190066523776,-0.0116715444263,0.0679958486819,-0.027440299518,0.573774915526,0.818998370834,0.00218215145135,0.0,0.818957171696,-0.573714327998,-0.0119066233282,0.0,-0.00849973720069,0.00861897631714,-0.999926731173,0.0,0.650549834805,0.246634253005,0.303514813211,1.0,-0.0242588571429,-0.0318830693878,1.053
0.456562040507,0.486763341032,-0.124177554878,-1.45147055311,0.0736544069816,1.92920542452,0.146210898069,-0.0239282101486,-0.1300837326,-0.000199716407009,-0.190523716109,-0.00993970829764,0.0779541861424,-0.0252821236152,0.573786311949,0.818990090809,0.00229047524983,0.0,0.81895044003,-0.573725435765,-0.0118341891038,0.0,-0.00837814100312,0.00866624828663,-0.999927348808,0.0,0.650155135468,0.246090526461,0.303547826516,1.0,-0.0256577142857,-0.0337215673469,1.07
0.456232298909,0.484745936356,-0.124199664136,-1.45453021272,0.0734632104408,1.93033191742,0.14573672021,-0.0250370949954,-0.13207700741,-0.00122481020004,-0.205636992595,-0.012665873437,0.0745666099284,-0.0292283722496,0.573783066731,0.818992172149,0.00235821818509,0.0,0.818953453211,-0.573721983546,-0.0117929627934,0.0,-0.00830554250692,0.0086980407478,-0.99992767841,0.0,0.649780575798,0.245573007966,0.30359044093,1.0,-0.026892,-0.0353437714286,1.085
0.455842082662,0.482371630794,-0.124237043029,-1.45820733302,0.0732311847293,1.9315789407,0.145186205886,-0.0218772826404,-0.142011483098,-0.00361688240929,-0.223421040864,-0.0161757190406,0.0733274272439,-0.0274692911166,0.573795740827,0.818983440497,0.00230627454416,0.0,0.818943997546,-0.573734804599,-0.0118258097578,0.0,-0.00836211338374,0.00867447597602,-0.999927411629,0.0,0.649306511889,0.24494094003,0.303596740433,1.0,-0.0282908571429,-0.0371822693878,1.102
0.455429959365,0.479870484856,-0.124258047888,-1.46208890006,0.0729941446656,1.93300120234,0.144611851899,-0.0234205473521,-0.151881276836,-0.000240676759777,-0.228788888484,-0.00645283145607,0.0904476232854,-0.0299653500336,0.573803463738,0.818977932439,0.00234053024685,0.0,0.818938888637,-0.573742346341,-0.0118137036396,0.0,-0.00833246169142,0.00869566272562,-0.999927475136,0.0,0.648820093238,0.244292865906,0.303607051052,1.0,-0.0296897142857,-0.0390207673469,1.119
0.455010715065,0.477404234854,-0.124272567364,-1.46581754362,0.0727583190539,1.93438059278,0.144072561862,-0.0287087467602,-0.159731602952,-0.00352714366389,-0.238369762258,-0.0161238843293,0.0881419288888,-0.0324694360616,0.573832623963,0.818957221123,0.00243650324713,0.0,0.818919460428,-0.57377117774,-0.0117600946945,0.0,-0.00823317764764,0.00874379426619,-0.999927877823,0.0,0.648359491012,0.243659237069,0.303660422127,1.0,-0.0310062857143,-0.0407511183673,1.135
0.454493368636,0.474374384812,-0.124291059843,-1.47047733159,0.0724680635396,1.93608828609,0.143403583488,-0.0258041421747,-0.166261317734,6.64655834112e-05,-0.250037962214,-0.0183379555033,0.089506219817,-0.0404166817475,0.573867904987,0.81893230673,0.0025003041609,0.0,0.81889533967,-0.573806181538,-0.0117318198679,0.0,-0.00817303367951,0.00878017135989,-0.999928052467,0.0,0.647773982126,0.242870909371,0.303687716518,1.0,-0.0325697142857,-0.0428059102041,1.154
0.454078613435,0.471910717861,-0.124292846975,-1.47433557655,0.0722258021963,1.93740580556,0.142827678792,-0.0280829449264,-0.169196306997,-0.000600630278702,-0.256747397513,-0.0197792580178,0.0989995016438,-0.042456643924,0.573855807157,0.818940969208,0.00243894358415,0.0,0.818902965701,-0.573794057418,-0.0117923424246,0.0,-0.00825793999038,0.00876453105895,-0.999927492083,0.0,0.647259529991,0.242228233373,0.303668932674,1.0,-0.033804,-0.0444281142857,1.169
0.45355557511,0.468807352852,-0.124288002536,-1.47902832485,0.0719292985796,1.93919331249,0.142084014795,-0.0274804946129,-0.17386542712,0.000844151884154,-0.265730369281,-0.0159688724777,0.10534528061,-0.0423595004973,0.573814736967,0.818969228539,0.00260715312823,0.0,0.818933416168,-0.573752381958,-0.0117051689944,0.0,-0.00809046867038,0.00885185371106,-0.999928091916,0.0,0.646673225946,0.241452266336,0.30373345674,1.0,-0.0352851428571,-0.0463747591837,1.187
0.453043700899,0.465754955818,-0.124290405235,-1.48367809919,0.0716112969315,1.94085688534,0.141355146061,-0.0297265802681,-0.177125881283,3.8927295442e-05,-0.285064961138,-0.01920343521,0.0930141237707,-0.0476018808593,0.573771053636,0.818999686065,0.00265313693629,0.0,0.818964530681,-0.573708607474,-0.0116738210259,0.0,-0.00803888303167,0.00887109643197,-0.999928337436,0.0,0.646067551849,0.240672836052,0.303770498249,1.0,-0.036684,-0.0482132571429,1.204
0.452561566762,0.463008924452,-0.124299909704,-1.48801223857,0.0713178600315,1.9423288502,0.140710714868,-0.0294461849157,-0.187245359608,-0.00111942484549,-0.291257667185,-0.0177735682853,0.101287982596,-0.0443326260836,0.57376750375,0.819002511993,0.00254634843467,0.0,0.818965875223,-0.573705336305,-0.0117400688927,0.0,-0.00815444922743,0.00882161234021,-0.999927839453,0.0,0.645483786469,0.239933476469,0.303728457603,1.0,-0.0379182857143,-0.0498354612245,1.219
0.451987472089,0.459821500802,-0.124296363954,-1.49301375828,0.0709833379067,1.94407107124,0.139972340697,-0.0338225879361,-0.193222967698,0.000755391830252,-0.294123971147,-0.0220432164063,0.103475479026,-0.0353058714695,0.573771301788,0.819000054934,0.00247995219673,0.0,0.818962417261,-0.573709230719,-0.0117908694996,0.0,-0.00823410983303,0.00879641954607,-0.999927408584,0.0,0.644816052811,0.239081771303,0.303693833497,1.0,-0.0393171428571,-0.0516739591837,1.236
0.451389093711,0.456551598011,-0.124306734194,-1.49814248466,0.0706444032171,1.94591042845,0.139180785628,-0.0379174046124,-0.198388656392,0.00375125801923,-0.306187700198,-0.0259962538277,0.105452517766,-0.0481066555231,0.573764826582,0.819004665339,0.00245536784969,0.0,0.818966662476,-0.573702800258,-0.0118088792871,0.0,-0.00826303490652,0.00878655315765,-0.999927256723,0.0,0.644142527856,0.238198751387,0.303661843291,1.0,-0.040716,-0.0535124571429,1.253
0.450745342566,0.453136261379,-0.124351235016,-1.50347038117,0.0702762029578,1.94774687694,0.138332827353,-0.0401548727993,-0.20745658938,-0.00691443591652,-0.31134003865,-0.0176335279213,0.10327689066,-0.0474681423797,0.573772463745,0.818999562908,0.00237122437478,0.0,0.818960570118,-0.573710868031,-0.0118394001641,0.0,-0.00833622686333,0.00873522924749,-0.999927098889,0.0,0.643436862441,0.237241139128,0.3036330493,1.0,-0.0421148571429,-0.055350955102,1.27
0.450108929616,0.449523328491,-0.124394260207,-1.50883345336,0.0699129441752,1.94977054959,0.137515465109,-0.0352293764662,-0.212186985393,-0.00290910690916,-0.31796593262,-0.0244566655346,0.118867373799,-0.0428057984925,0.573799898702,0.818979699524,0.00258358652997,0.0,0.818943828529,-0.573737899671,-0.011686534852,0.0,-0.00808888902842,0.00882171460378,-0.999928371048,0.0,0.642757652223,0.23630119157,0.303735763995,1.0,-0.0435137142857,-0.0571894530612,1.287
0.449469073176,0.446061728561,-0.124409941982,-1.51412154299,0.0695501224813,1.95149220626,0.136729342194,-0.0361487675712,-0.212839406155,-0.0023839254665,-0.334576551815,-0.0253574176192,0.117326931485,-0.0545753612325,0.573828464542,0.81895997457,0.00249002726212,0.0,0.818922701195,-0.573766598421,-0.0117578444352,0.0,-0.00820066739578,0.00878629483354,-0.99992777243,0.0,0.642022505521,0.235363710212,0.303740774596,1.0,-0.0448302857143,-0.0589198040816,1.303
0.448781792211,0.442351243645,-0.124408883829,-1.51983417219,0.0691518793748,1.9535309078,0.135825454227,-0.0393417351619,-0.222252989475,6.71537795984e-05,-0.338341878405,-0.0250858037225,0.122687960811,-0.0539043086572,0.57379488981,0.818983445088,0.00250758870171,0.0,0.818946436431,-0.573733002538,-0.0117440605308,0.0,-0.00817966224173,0.00879243203108,-0.999927890532,0.0,0.641253351476,0.234375261469,0.303738276335,1.0,-0.0462291428571,-0.0607583020408,1.32
0.448055394899,0.438584579638,-0.124411785591,-1.52568952301,0.0687617910999,1.9555959057,0.134866954842,-0.0439202269535,-0.224146211717,-0.00154138538352,-0.348017842928,-0.02602629164,0.12068168641,-0.0513561203036,0.573758077189,0.81900930662,0.00248423633834,0.0,0.818971831828,-0.573696106389,-0.0117755291863,0.0,-0.00821922952496,0.00879099382241,-0.999927578724,0.0,0.640458116582,0.233347657943,0.303705550317,1.0,-0.047628,-0.0625968,1.337
0.447275784622,0.434623336517,-0.124429174991,-1.53163355673,0.0683504265215,1.95773596031,0.133920080899,-0.0518431598763,-0.242339808718,-0.00157462298202,-0.349825444762,-0.0203214275534,0.122061230501,-0.0596852512345,0.573779868681,0.818993668351,0.00260391991437,0.0,0.818957882533,-0.573717604592,-0.0116980220545,0.0,-0.00808684699587,0.00884476058664,-0.999928183979,0.0,0.639670672186,0.232272362027,0.303766210505,1.0,-0.0490268571429,-0.0644352979592,1.354
0.446528507308,0.430867570356,-0.124456085351,-1.53740148644,0.0679287736219,1.95976441564,0.132996721423,-0.0437674865149,-0.23779645106,-0.00486238889821,-0.363731086739,-0.0266196737352,0.1202135426,-0.059493916572,0.573787399765,0.818988433381,0.002590899607,0.0,0.818952710771,-0.573725434743,-0.0116760417573,0.0,-0.00807623363604,0.00882155973833,-0.999928474709,0.0,0.638889515906,0.231222586323,0.303757925816,1.0,-0.0503434285714,-0.0661656489796,1.37
0.445611493764,0.426259833365,-0.124512858979,-1.54455223433,0.0674130538114,1.96207334069,0.131855732328,-0.0481982027774,-0.2482899122,-8.96081565006e-05,-0.3747962572,-0.0259758033691,0.132632964649,-0.0637972596008,0.573806905721,0.818975438809,0.00236906623896,0.0,0.818936789461,-0.573745703442,-0.0117961667454,0.0,-0.00830168909402,0.00870900511462,-0.999927614974,0.0,0.637872489557,0.229902688495,0.303693042058,1.0,-0.0519068571429,-0.0682204408163,1.389
0.444810199053,0.422264874685,-0.124525324352,-1.55056360788,0.066992037723,1.9641543805,0.130846785501,-0.051883721392,-0.248802582322,-0.00284429253113,-0.386690012746,-0.0243559165744,0.121534755369,-0.0654641212379,0.573782727688,0.818992244193,0.00241500720043,0.0,0.81895416315,-0.573721324589,-0.0117757068239,0.0,-0.0082588304368,0.00873464555169,-0.999927746233,0.0,0.637040530104,0.228808443272,0.303727534878,1.0,-0.0532234285714,-0.0699507918367,1.405
