position_joint1,position_joint2,position_joint3,position_joint4,position_joint5,position_joint6,position_joint7,velocity_joint1,velocity_joint2,velocity_joint3,velocity_joint4,velocity_joint5,velocity_joint6,velocity_joint7,ee_T_00,ee_T_10,ee_T_20,ee_T_30,ee_T_01,ee_T_11,ee_T_21,ee_T_31,ee_T_02,ee_T_12,ee_T_22,ee_T_32,ee_T_03,ee_T_13,ee_T_23,ee_T_33,v_x,v_y,time
0.465073330291,0.547765772928,-0.124018336312,-1.35583635156,0.0794583514659,1.89409316506,0.159149561626,-0.000264421371159,0.00124736165906,-0.00112385312433,0.00159521575713,-0.000300266939225,0.000114187789415,0.000101241862307,0.573808057953,0.818975810251,0.00191878946915,0.0,0.818932775416,-0.573750119299,-0.011859884268,0.0,-0.00861221845295,0.0083768180245,-0.999927826702,0.0,0.661684524596,0.260865538926,0.303223972613,1.0,0.0,0.0,0.0
0.465070546551,0.547765410098,-0.124011224967,-1.35583921215,0.079460121186,1.89409632495,0.159144997131,-0.00121932851056,-0.0005194935902,0.00101708239475,0.000570067129347,-7.57583351138e-05,8.48185982249e-05,-0.00143717338067,0.5738022774,0.818979852544,0.00192210252948,0.0,0.818936808882,-0.573744275316,-0.0118640845061,0.0,-0.00861381669916,0.00838188059786,-0.999927770511,0.0,0.661683502321,0.260867979324,0.303222910354,1.0,-0.0001,-0.000131428571429,0.006
0.465070978862,0.547762252143,-0.124012882283,-1.35584154625,0.079460029222,1.89409680946,0.159149201557,-0.000656789951885,-0.00429780026992,0.00141918459875,0.00038416036496,0.00011897841168,0.000327970490282,-0.000215238731713,0.573806625395,0.818976804452,0.00192284265016,0.0,0.818933778402,-0.573748627511,-0.0118627957059,0.0,-0.00861229200093,0.00838179294401,-0.999927784379,0.0,0.661683420597,0.260867088939,0.303224133357,1.0,-0.00038,-0.000499428571429,0.02
0.465069128607,0.547763626363,-0.124018002095,-1.3558507254,0.0794598632676,1.89409626575,0.159147769605,-0.000792714913361,-0.000413195293977,-0.00115745991749,0.000175131230276,-0.000141121914662,0.000296241979202,-2.77721579628e-05,0.573811000576,0.81897376371,0.00191229544774,0.0,0.818930617971,-0.573753062592,-0.0118664660644,0.0,-0.00862130499184,0.00837530730912,-0.999927761055,0.0,0.661682837491,0.260861727784,0.303218913143,1.0,-0.0007,-0.00092,0.036
0.465072164878,0.547722295577,-0.12401347125,-1.35589818095,0.0794564535937,1.8940987091,0.159146019321,0.00124525830777,-0.00147330726821,9.92037168132e-05,-0.00431401588387,0.000170724525616,-0.000196074649806,-0.000648305013237,0.573805546145,0.818977588702,0.00191084238791,0.0,0.818934385865,-0.573747577719,-0.0118716304816,0.0,-0.00862642419968,0.00837702323319,-0.99992770253,0.0,0.661671896996,0.260860881369,0.303225661408,1.0,-0.00104,-0.00136685714286,0.053
0.465071586053,0.547586484067,-0.124013707982,-1.35604528702,0.0794528855177,1.8941317239,0.159144093918,0.00201870118817,-0.00665218359088,-0.000391945688567,-0.00816433302848,0.000152249425239,-5.3145545931e-07,-0.00065158018714,0.573811684251,0.8189732337,0.00193401178478,0.0,0.818930257537,-0.573753546908,-0.0118679232982,0.0,-0.00861003116934,0.00839393543456,-0.999927701992,0.0,0.661648754939,0.260846351667,0.303254721544,1.0,-0.00138,-0.00181371428571,0.07
0.465057070422,0.547445445355,-0.124015503058,-1.35624054501,0.0794536754859,1.89417567448,0.15914141451,-0.000899408126221,-0.0120385479849,-0.00147927001699,-0.0156384255564,-0.000188678488622,0.00591343656297,-0.000821282538418,0.573833554417,0.818957912304,0.00193302897394,0.0,0.818914781271,-0.573775279983,-0.0118851166428,0.0,-0.00862445211997,0.00840322651533,-0.999927499677,0.0,0.661620630224,0.260817493781,0.303265571906,1.0,-0.00172,-0.00226057142857,0.087
0.46504006216,0.547272990871,-0.124013000652,-1.35645593649,0.0794467584286,1.89430758877,0.159134474899,-0.000599591396605,-0.0156295237751,0.00448460718914,-0.0125590557766,0.000102532724029,0.000320195571205,-0.000512293472213,0.573850584338,0.818945791031,0.00201124554058,0.0,0.818903679612,-0.573791990325,-0.0118432368334,0.0,-0.00854509689475,0.00844342731323,-0.999927842324,0.0,0.661606363686,0.260792240806,0.303296571406,1.0,-0.00206,-0.00270742857143,0.104
0.465021197635,0.547099824388,-0.124008421233,-1.35665324316,0.0794444753686,1.89440736473,0.159123691814,-0.00425317450261,-0.0115787015912,0.00077548476162,-0.014843979277,-0.000122457801818,0.0111642639078,-0.00110259106791,0.573864544732,0.818935831578,0.00208205615617,0.0,0.818894568043,-0.573805593315,-0.0118141614252,0.0,-0.00848050791921,0.00848487620448,-0.999928041342,0.0,0.661589590516,0.260767682886,0.303333825139,1.0,-0.00236,-0.00310171428571,0.119
0.46499214169,0.546895448675,-0.124008421554,-1.35692372018,0.079440507481,1.89453668047,0.159112026706,-0.00486288855243,-0.0197135562392,0.00107110049045,-0.0170624694795,-2.18997466531e-05,0.00815129357125,-0.00198525910785,0.573893018976,0.818915723137,0.00214197824617,0.0,0.818875168406,-0.573833757957,-0.0117908310981,0.0,-0.0084267197891,0.008520852505,-0.999928190155,0.0,0.661566541997,0.260727185931,0.303361064437,1.0,-0.00268,-0.00352228571429,0.135
0.464955106073,0.546628094822,-0.124010929804,-1.35735267996,0.0794282076609,1.89468788526,0.159054056271,-0.00065651753457,-0.0183322190482,-8.15289419591e-05,-0.0258984735276,0.000430831657239,0.013661976712,-0.00414040067207,0.573898339112,0.818912000158,0.00213992146307,0.0,0.818871296045,-0.573838961516,-0.0118065092758,0.0,-0.00844068432517,0.00852822052066,-0.99992800956,0.0,0.661516259008,0.260662096644,0.303359429582,1.0,-0.00306,-0.00402171428571,0.154
0.464913576277,0.546356706047,-0.124011164981,-1.35775949926,0.0794138414022,1.89483547418,0.158936231432,-0.00116304476572,-0.0160024345572,0.000547539904558,-0.0281564040637,-0.000224929464258,0.00921213745278,-0.00578652502238,0.573854936377,0.818942370941,0.00215684369347,0.0,0.818901785154,-0.573795394923,-0.0118092310026,0.0,-0.00843365503139,0.0085431931395,-0.999927941061,0.0,0.661471178613,0.260597456138,0.303370781082,1.0,-0.00338,-0.00444228571429,0.17
0.464860045922,0.546042311451,-0.124010907088,-1.3582823834,0.0793840386797,1.89501335463,0.158918695598,0.00018525245254,-0.0144495871431,0.00139589230671,-0.0258247292198,-0.000970298734721,0.00580997091162,-0.00123890950601,0.573905496234,0.818907007544,0.00213103024145,0.0,0.818866047873,-0.573846011522,-0.011827831652,0.0,-0.00846317396168,0.00853325019682,-0.999927776556,0.0,0.661410469736,0.260511502376,0.303359910058,1.0,-0.00374,-0.00491542857143,0.188
0.464808674507,0.545771913544,-0.124016910127,-1.35874437898,0.0793317062984,1.89517110448,0.158866858135,-0.00049621806857,-0.017670778913,-0.00126703542052,-0.0334922824593,-0.00171822367824,0.0109580790052,-0.00455322986459,0.573921194759,0.818896119552,0.00208674126288,0.0,0.818854811868,-0.573862112661,-0.0118245352344,0.0,-0.00848572764578,0.00849525307336,-0.999927908952,0.0,0.661360656773,0.260424988781,0.303345266681,1.0,-0.00402,-0.00528342857143,0.202
0.464751789951,0.54537939307,-0.124014809562,-1.35940987488,0.0792774249998,1.89538822067,0.158779045417,0.000116223681385,-0.0239251633224,0.00108467920025,-0.0398863104081,-0.000673569818207,0.00758422868913,-0.00807266787764,0.573917009806,0.818899190557,0.00203186166898,0.0,0.818857239632,-0.573858217982,-0.0118454065909,0.0,-0.00853435766541,0.00846224789266,-0.999927774942,0.0,0.661278787413,0.260320685211,0.303325086664,1.0,-0.00438,-0.00575657142857,0.22
0.464691742651,0.544992469525,-0.124018058246,-1.36006521265,0.0792633044869,1.89560192041,0.15867881848,-0.00353622098886,-0.0276524609247,-0.000301927091702,-0.0387517052475,-1.88673075088e-05,0.0177552808708,-0.00355161028137,0.573919072575,0.818897826597,0.00199865734632,0.0,0.818855181966,-0.573860157011,-0.0118936144168,0.0,-0.00859287061708,0.00846274601472,-0.999927269607,0.0,0.66119814788,0.260218601004,0.303305701611,1.0,-0.0047,-0.00617714285714,0.236
0.464626838339,0.544560345543,-0.124026478076,-1.36078068643,0.0792350549169,1.89585023649,0.158620100824,-0.00118597059856,-0.0191837359286,-0.00278788854162,-0.0433353046744,-0.000134039248254,0.0113421720326,-0.00346773268954,0.573962366465,0.818867541946,0.00197421662529,0.0,0.818824458845,-0.573903428388,-0.0119208801517,0.0,-0.00862877826877,0.00845883630089,-0.999926993472,0.0,0.661114940326,0.260103834136,0.303292802048,1.0,-0.00504,-0.006624,0.253
0.46456463165,0.54407789208,-0.124026488308,-1.36156397753,0.0791966349071,1.89613814258,0.158504635165,-0.00463471559497,-0.0353746819315,-0.000129478493615,-0.0484621409911,-3.2493698445e-05,0.0159177636763,-0.00723061703833,0.573952226778,0.818874665257,0.00196745477511,0.0,0.818831400307,-0.573893226256,-0.0119352264584,0.0,-0.00864451203617,0.00846142646015,-0.99992683566,0.0,0.661023201248,0.259989380195,0.303286338595,1.0,-0.00538,-0.00707085714286,0.27
0.464500505406,0.54360361684,-0.124023467864,-1.36234691771,0.079158927683,1.89640463729,0.158409044769,-0.00650445842181,-0.0298953112114,-0.000187859368,-0.047478589483,-0.0046924230938,0.0143290970722,-4.47284755323e-05,0.573958708876,0.818870192723,0.00193775040901,0.0,0.818826406441,-0.573899701354,-0.0119664448213,0.0,-0.00868705784876,0.00845508921011,-0.999926520547,0.0,0.660920633015,0.259868798288,0.303273992016,1.0,-0.00572,-0.00751771428571,0.287
0.46441704061,0.543035929739,-0.124023733925,-1.36325461334,0.0790993430048,1.89673024184,0.158292081714,-0.00103481021208,-0.02773805635,-0.000552550655346,-0.051783909412,-0.000496048802299,0.0104848180392,-0.00178165178088,0.573965149654,0.818865715273,0.00192203891094,0.0,0.81882173582,-0.573906219235,-0.0119734444718,0.0,-0.00870174062256,0.00844630970314,-0.999926467078,0.0,0.66082262399,0.259730857174,0.30327000803,1.0,-0.00606,-0.00796457142857,0.304
0.464346324366,0.542472731882,-0.124026826341,-1.36411220763,0.0790471004224,1.89703280029,0.158179471045,-0.0037414283677,-0.0373221330992,0.000358197839622,-0.0497078293565,-0.00455986497543,0.0151551997888,-0.00131523924429,0.573966634873,0.818864658683,0.00192865588654,0.0,0.818820757895,-0.573907668818,-0.0119708401722,0.0,-0.008695794969,0.00845024901848,-0.999926485519,0.0,0.660722160857,0.259600014647,0.303286466393,1.0,-0.00638,-0.00838514285714,0.32
0.464264343816,0.541881684981,-0.124026638817,-1.3650438824,0.0789978393311,1.89738372881,0.158050939056,-0.00638676150648,-0.0333873836971,0.000794491708519,-0.0528040085185,-0.00160276957962,0.0217681694831,-0.0111401650539,0.573967050293,0.818864339204,0.00194063369372,0.0,0.818820527733,-0.573907968426,-0.0119722195644,0.0,-0.0086900458321,0.0084608531517,-0.999926445829,0.0,0.66061686687,0.259458971014,0.303291390262,1.0,-0.00672,-0.008832,0.337
0.464177217916,0.541235223608,-0.124024642734,-1.36604430249,0.0789404387411,1.89775782188,0.157935399556,-0.00669426411926,-0.0366375257852,9.3712906951e-05,-0.0575130592827,-0.000563602476981,0.0272072528436,-0.00176762377205,0.573982589856,0.818853402226,0.00195936394632,0.0,0.818809794765,-0.573923387729,-0.0119671181111,0.0,-0.00867495760603,0.00847342697698,-0.99992647037,0.0,0.66050300779,0.259308410004,0.303304627915,1.0,-0.00706,-0.00927885714286,0.354
0.464082638476,0.540537439919,-0.124032966677,-1.36711045727,0.0788756497625,1.89814426986,0.157792836028,-0.00170137667537,-0.0393300705709,-0.00166773278988,-0.0615993479592,-0.000864931876203,0.0193710110052,-0.00918727586926,0.573990837802,0.818847588189,0.00197290071857,0.0,0.818804182576,-0.57393160252,-0.0119571370181,0.0,-0.00865892944915,0.00847886969944,-0.999926563158,0.0,0.660382310374,0.25913946868,0.303324157001,1.0,-0.0074,-0.00972571428571,0.371
0.463985608101,0.539847788421,-0.124036054343,-1.36815323117,0.0788051051469,1.89853420564,0.157665491359,-0.00521761951646,-0.0499350640841,-0.000993303993359,-0.0681700833406,-0.00701393610714,0.0267466695831,-0.0126319495777,0.574007033865,0.818836170965,0.0019992733879,0.0,0.818793192061,-0.57394776793,-0.011933784991,0.0,-0.00862450235708,0.00848723137006,-0.999926789752,0.0,0.660267057126,0.258973931947,0.303349076264,1.0,-0.00772,-0.0101462857143,0.387
0.46387525174,0.539087696438,-0.124036489805,-1.3693239341,0.078749345112,1.89898192293,0.15752580966,-0.00906364403795,-0.0460145391287,-0.000533323602181,-0.0744590935596,0.000469626310368,0.0287742341247,-0.00813705141981,0.574033238094,0.818817705309,0.00203812077395,0.0,0.818775109711,-0.573973686767,-0.0119278463671,0.0,-0.00859706961715,0.0085159067915,-0.999926782182,0.0,0.660137413858,0.258793191572,0.303367728561,1.0,-0.00806,-0.0105931428571,0.404
0.463762683919,0.538320997918,-0.124044975509,-1.37051478855,0.0786857424516,1.8994429385,0.157368641564,-0.00969156809862,-0.0519286781358,-0.00153861323458,-0.069248568818,-0.00218952965087,0.0277814457593,-0.00638634354187,0.574051557037,0.818804780251,0.00207089403494,0.0,0.818762595411,-0.573991852694,-0.0119126948095,0.0,-0.00856566006736,0.00853423588926,-0.999926895471,0.0,0.660008538353,0.258603662594,0.303382733283,1.0,-0.0084,-0.01104,0.421
0.463662261433,0.537582085381,-0.124056828873,-1.37168799266,0.0786032901026,1.89989033257,0.157228777518,-0.00689688524062,-0.0472544834791,-0.000639713505619,-0.0776256242966,-0.00935054879535,0.0261740756423,-0.00342306705424,0.574069774164,0.81879201548,0.00206801324237,0.0,0.818749977493,-0.574010263019,-0.0118928215961,0.0,-0.00855085116966,0.00852065925261,-0.999927138001,0.0,0.659868732664,0.258405910326,0.303385716379,1.0,-0.00874,-0.0114868571429,0.438
0.463555978477,0.536744826426,-0.124063423502,-1.37298951867,0.0785335638542,1.90037221886,0.157076031978,-0.00717423473916,-0.0512074113724,0.000483581957212,-0.0722585007044,-0.00603744654974,0.0336700574908,-0.00350774584207,0.574092106331,0.81877627438,0.00210068138023,0.0,0.818734567047,-0.574032365337,-0.0118869327239,0.0,-0.00852704355994,0.00854425920907,-0.999927139927,0.0,0.659719972186,0.258213391283,0.303405251042,1.0,-0.00908,-0.0119337142857,0.455
0.463437285984,0.535886014677,-0.124068869071,-1.37433530079,0.0784562393556,1.90086781068,0.156912397384,-0.00534642553067,-0.0499387356968,-0.00133732338437,-0.0862005794932,-0.0112453775522,0.025613593722,-0.0183639122844,0.574110181552,0.818763610558,0.00209675128539,0.0,0.818721844189,-0.574050446335,-0.0118900719538,0.0,-0.00853168149278,0.00854303192709,-0.999927110852,0.0,0.659573325584,0.258013115505,0.303407664364,1.0,-0.0094,-0.0123542857143,0.471
0.463331953365,0.53499022656,-0.124065820557,-1.37574873008,0.0783818270845,1.90137735326,0.156746958912,-0.00585170787971,-0.0478575765246,0.000100200518878,-0.0875702658346,-0.00133162982758,0.0307503801527,-0.00748227076725,0.574116396316,0.818759253866,0.00209632789162,0.0,0.81871733165,-0.574056511556,-0.0119079510056,0.0,-0.0085464989505,0.00855301456859,-0.999926898977,0.0,0.659400838141,0.257811934867,0.303411090011,1.0,-0.00974,-0.0128011428571,0.488
0.463206633556,0.534084692236,-0.124070466837,-1.37721571115,0.078301676637,1.90190454949,0.156559009492,-0.00652454741521,-0.0552951487136,-0.000705038079757,-0.0832285392137,-0.000363130906819,0.0318226768234,-0.0156742660025,0.574127243136,0.818751714949,0.00206998966045,0.0,0.818709351384,-0.574067366806,-0.0119332823051,0.0,-0.00858224707346,0.00854610690274,-0.999926651856,0.0,0.659226549528,0.257587164907,0.303397509666,1.0,-0.01008,-0.013248,0.505
0.463078062726,0.533179326027,-0.124062724554,-1.37869122167,0.0782154540483,1.90246957324,0.156368949959,-0.00765872375908,-0.0529594335638,0.000804588147935,-0.0808593632128,-0.00682486609777,0.0225303908405,-0.0139273153975,0.57412922066,0.818750336369,0.00206678040882,0.0,0.818707868708,-0.574069295329,-0.0119422266918,0.0,-0.00859139235894,0.00854863527482,-0.999926551709,0.0,0.659055791546,0.257368032203,0.303382443816,1.0,-0.01042,-0.0136948571429,0.522
0.462941704758,0.532225220869,-0.12406533641,-1.38024019029,0.0781274107856,1.90305131275,0.156175401727,-0.0087282231474,-0.0552283874034,-0.000585120315495,-0.0917919469146,-0.0101199580054,0.0348676220079,-0.00879432695137,0.574145306927,0.818739082845,0.00205612663721,0.0,0.818696426188,-0.574085373858,-0.0119537513361,0.0,-0.00860677688339,0.00854669830991,-0.999926435964,0.0,0.658876611915,0.257130537993,0.303368378669,1.0,-0.01076,-0.0141417142857,0.539
0.462821673992,0.531294760129,-0.124065247746,-1.38174057987,0.0780426217573,1.90360031969,0.155983374032,-0.00831735695078,-0.059986782867,0.00152990407787,-0.0950040826633,-0.0105412887821,0.04645357446,-0.00549344226713,0.574145837733,0.818738757794,0.0020372533347,0.0,0.818695750459,-0.574085879579,-0.0119757233266,0.0,-0.0086355967295,0.00854386684543,-0.999926211682,0.0,0.658683029812,0.256895143357,0.303357502982,1.0,-0.0111,-0.0145885714286,0.556
0.462678767123,0.530260107194,-0.124070864972,-1.38338600864,0.0779296305651,1.90417058342,0.155778388617,-0.0108592717723,-0.0607671534768,-0.000286339932473,-0.0991761937744,-0.0110908526702,0.0390207064351,-0.00930527226668,0.574157286812,0.81873082583,0.00199793327115,0.0,0.818687392155,-0.574097577758,-0.0119863272419,0.0,-0.00866673381147,0.00851788390319,-0.999926163964,0.0,0.658497221076,0.256650492914,0.303353057053,1.0,-0.01142,-0.0150091428571,0.572
0.462537874168,0.529201450744,-0.124076956476,-1.38503656561,0.0778402300336,1.90478807153,0.155548936241,-0.00850637207486,-0.0673787864768,-0.00145067681526,-0.0997119082368,-0.00236886863444,0.037302060355,-0.00577182920768,0.574154715712,0.818732565918,0.0020235694149,0.0,0.818689387016,-0.574094820649,-0.0119821280799,0.0,-0.0086486042601,0.008536434498,-0.999926162739,0.0,0.65830493188,0.256399589039,0.303366843963,1.0,-0.01176,-0.015456,0.589
0.462375022089,0.527992659063,-0.124074425722,-1.38693436134,0.0777108999231,1.90552081634,0.155280092672,-0.010690813219,-0.0651623086049,0.000446947873918,-0.0974408024999,-0.00529111236416,0.0368500793013,-0.0201536331513,0.574134293496,0.818746816968,0.00205174021961,0.0,0.818704137547,-0.574074414165,-0.0119519481901,0.0,-0.008607933702,0.0085419559961,-0.999926466529,0.0,0.658087080045,0.256113274634,0.303378066574,1.0,-0.01214,-0.0159554285714,0.608
0.462256497617,0.527036266109,-0.124076583226,-1.38839595136,0.0776217643982,1.90607354201,0.155074043069,-0.00467456622034,-0.0681524754842,-0.00242048577519,-0.106697482826,-0.0102450610241,0.0376909734912,-0.0103916348392,0.574123905201,0.818753994604,0.00209396722071,0.0,0.818711899139,-0.574063886603,-0.0119259049212,0.0,-0.00856247618655,0.00856146782119,-0.999926689948,0.0,0.657903415902,0.255879451456,0.303406554927,1.0,-0.01244,-0.0163497142857,0.623
0.462082539538,0.525742369061,-0.12408072722,-1.39041787819,0.0774968606698,1.90681813319,0.154806083293,-0.0102014077354,-0.0702111431678,0.000147019588539,-0.107527426107,-0.000749514183548,0.0405936804636,-0.0199368319913,0.574120517795,0.818756347428,0.00210273520368,0.0,0.81871435239,-0.574060449928,-0.0119229157666,0.0,-0.00855503055753,0.00856689500338,-0.999926707195,0.0,0.657676433121,0.255586662853,0.303416189502,1.0,-0.0128,-0.0168228571429,0.641
0.46189876754,0.524354656005,-0.12408974231,-1.39262833994,0.0773667827514,1.90760866735,0.154505234177,-0.0132777902363,-0.0673886455146,-0.000434119783142,-0.113138046446,-0.00786585014057,0.0375556470304,-0.01609170448,0.57411475909,0.818760455161,0.0020754183793,0.0,0.818718033974,-0.574054734072,-0.0119452934568,0.0,-0.00858909552859,0.00855731648522,-0.999926497185,0.0,0.657407527151,0.255249045287,0.303408885515,1.0,-0.0132,-0.0173485714286,0.661
0.461788058368,0.523508638252,-0.124092882247,-1.39397050235,0.0772785029342,1.908097377,0.154326788526,-0.0130248993149,-0.0721165484847,-7.33767110049e-05,-0.111266506841,-0.0104258482662,0.0358550133399,-0.00492726235633,0.57410967689,0.81876404696,0.00206426939374,0.0,0.81872152277,-0.574049740697,-0.0119461399405,0.0,-0.00859624207729,0.0085486209102,-0.999926510151,0.0,0.657245421282,0.255045147391,0.303407303202,1.0,-0.01344,-0.017664,0.673
0.461627739785,0.522292677341,-0.124094187744,-1.39591167011,0.0771598822598,1.90885400879,0.154074380444,-0.010275153529,-0.0763135599802,0.00338572475074,-0.114153417027,-0.00660083617573,0.0479163457776,-0.0118535625269,0.574107469839,0.818765535883,0.0020873971585,0.0,0.818723347443,-0.574047472864,-0.0119300524319,0.0,-0.00856981570433,0.00855829777953,-0.999926654209,0.0,0.657018991622,0.25475673141,0.303403613345,1.0,-0.01378,-0.0181108571429,0.69
0.46146928741,0.521046514263,-0.124093751554,-1.39791946194,0.0770416571198,1.90962181781,0.153793460017,-0.0037522810345,-0.0801611916901,0.000835901852089,-0.118513637069,-0.00420089946774,0.0473073233809,-0.0179492174497,0.574082503492,0.81878302857,0.00209241747872,0.0,0.818740865481,-0.574022448999,-0.0119318958174,0.0,-0.00856870416264,0.008563205188,-0.999926621721,0.0,0.656778317448,0.254463911805,0.303390026592,1.0,-0.01412,-0.0185577142857,0.707
0.461308066924,0.519830363127,-0.124098930682,-1.39984612952,0.0769209703431,1.91032240503,0.153536437281,-0.00893275769524,-0.0767246846462,-1.69313537021e-05,-0.124156465304,-0.00303580386574,0.0457961921673,-0.0195614986532,0.57407695841,0.818786964438,0.00207354525204,0.0,0.818744583473,-0.574017010225,-0.0119384214596,0.0,-0.0085849389076,0.00855144126516,-0.999926583143,0.0,0.656529036753,0.254149743215,0.303384733233,1.0,-0.01446,-0.0190045714286,0.724
0.461135766892,0.518475616631,-0.124099996078,-1.40190738085,0.0767880856906,1.91105770371,0.153255816993,-0.0116714576102,-0.0771225702629,-0.00133323313829,-0.119191861878,-0.00485060589369,0.0465284686768,-0.0179462023313,0.574063137784,0.818796580737,0.00210240600664,0.0,0.818754556785,-0.574003053767,-0.0119254731966,0.0,-0.00855791397538,0.00856749401178,-0.999926677389,0.0,0.65629034795,0.253858244273,0.303421549052,1.0,-0.01478,-0.0194251428571,0.74
0.460933914031,0.516971235913,-0.124105318313,-1.40428910907,0.0766373534326,1.91190852873,0.152921549521,-0.00575634875485,-0.0779858019028,0.000149602714788,-0.127100689842,-0.00439974871759,0.0355451955443,-0.0242181237165,0.574043756257,0.818810236441,0.00207593428071,0.0,0.818767855482,-0.573983771352,-0.0119405174109,0.0,-0.0085856305969,0.0085542524212,-0.999926553159,0.0,0.655996424771,0.253493193773,0.303417382379,1.0,-0.01516,-0.0199245714286,0.759
0.460762278159,0.515699685544,-0.12410930814,-1.40633603233,0.0765062277835,1.91269569976,0.152656470977,-0.00851184073876,-0.0765194195175,0.000939488433674,-0.130184196757,-0.00868947233885,0.048968186948,-0.0186207904765,0.574043006055,0.818810755608,0.00207860571195,0.0,0.818768489184,-0.573983089708,-0.0119298260633,0.0,-0.00857535046637,0.00855029469311,-0.999926675224,0.0,0.655753142223,0.253184269988,0.303403284115,1.0,-0.01548,-0.0203451428571,0.775
0.460586676667,0.514386137665,-0.124109960714,-1.40842274054,0.0763830544057,1.91345341045,0.152362620299,-0.00809165862984,-0.0847786450508,0.00105489039288,-0.133361704748,-0.00141688948861,0.0428900294014,-0.0182325828433,0.574023264645,0.818824623808,0.00206736391679,0.0,0.818782115175,-0.573963301789,-0.0119466719436,0.0,-0.00859580363613,0.00855055285595,-0.999926497402,0.0,0.655494706016,0.252869893127,0.303396652398,1.0,-0.0158,-0.0207657142857,0.791
0.460391946489,0.512984020465,-0.124112784234,-1.41069913285,0.0762400681971,1.91424130827,0.152046963836,-0.0116469588371,-0.085480396676,-0.00102152035832,-0.133582485527,-0.00732977170072,0.0482285661839,-0.0117508240798,0.57400685679,0.81883631382,0.00199158950916,0.0,0.81879273642,-0.573947133443,-0.011995403246,0.0,-0.00867937179175,0.00851630670249,-0.99992606778,0.0,0.655205102582,0.252519337804,0.303364107889,1.0,-0.01614,-0.0212125714286,0.808
0.460204202978,0.511650987564,-0.124115965467,-1.41286297997,0.0761115945185,1.91503367516,0.15174168969,-0.0111489239005,-0.0808926740884,0.00070337678393,-0.131384344477,-0.00206667224516,0.0529465248663,-0.020694839836,0.573991541048,0.818847128824,0.00195890878846,0.0,0.818803045026,-0.573931880615,-0.0120215128419,0.0,-0.00871966895047,0.00850437089828,-0.999925818773,0.0,0.654938052651,0.252188247042,0.303336731758,1.0,-0.01646,-0.0216331428571,0.824
0.460000100491,0.510173425668,-0.12411943042,-1.41518401903,0.0759724934272,1.91591676631,0.151422667202,-0.0136358572337,-0.0840472297664,0.000453329802931,-0.135767888109,-0.00909000282005,0.0578813769744,-0.0125919858438,0.573983691752,0.81885255187,0.00199168300227,0.0,0.818808879659,-0.57392387669,-0.0120062174155,0.0,-0.00868841461807,0.00852234480537,-0.999925937803,0.0,0.654659369432,0.251833993532,0.303343112233,1.0,-0.0168,-0.02208,0.841
0.45980159552,0.508661840064,-0.124127372943,-1.41755455083,0.075822569236,1.9167638663,0.151087313769,-0.0128087369542,-0.0928023489596,-0.000793331208595,-0.140555978637,-0.00868214052198,0.0409564658014,-0.0212356554994,0.573959866998,0.81886928472,0.00197800869541,0.0,0.818825425203,-0.573900104448,-0.0120141607231,0.0,-0.00870301536093,0.00851545385066,-0.999925869537,0.0,0.654361788594,0.251471337228,0.303346239011,1.0,-0.01714,-0.0225268571429,0.858
0.459602707458,0.507222872182,-0.124130511872,-1.41981214203,0.0756784391945,1.91758606098,0.15077746468,-0.0120545729085,-0.0898334873992,-0.000233653849443,-0.141903955906,-0.0138254430929,0.0467338884848,-0.00768143323561,0.573949219451,0.818876749743,0.00197715020567,0.0,0.818832884296,-0.573889467054,-0.0120139128592,0.0,-0.00870341580378,0.00851449544414,-0.999925874213,0.0,0.654082102334,0.251122987268,0.303349514265,1.0,-0.01746,-0.0229474285714,0.874
0.459385022772,0.505653125939,-0.124139737778,-1.42225186308,0.0755226762173,1.91850310201,0.150445691802,-0.0112891766455,-0.0959308429099,-0.00162765672002,-0.141973859333,-0.0113961551756,0.0561509587383,-0.0215294592129,0.573946407729,0.818878638652,0.00201074996032,0.0,0.818835289629,-0.573886589764,-0.0119873870398,0.0,-0.00866243952132,0.00852675492211,-0.999926125567,0.0,0.653786961341,0.25074349639,0.303365426488,1.0,-0.0178,-0.0233942857143,0.891
0.459158489263,0.503999986595,-0.124137601943,-1.42473455795,0.0753733657089,1.91945512121,0.150087940632,-0.0137496629009,-0.0979135425837,0.000156739039484,-0.145828366311,-0.00575561546248,0.0612744554515,-0.0241811299466,0.573925104902,0.818893301264,0.00211707551498,0.0,0.818851315974,-0.573864825274,-0.0119344686811,0.0,-0.00855830606054,0.00858322651493,-0.999926539112,0.0,0.653488968951,0.250364317754,0.303421169286,1.0,-0.01814,-0.0238411428571,0.908
0.458928777474,0.502314683622,-0.124146433754,-1.4272137388,0.0752143804178,1.92038238356,0.14975338249,-0.0107876761503,-0.103078556863,-0.000805706436321,-0.151512610352,-0.00802124238437,0.0458515429789,-0.0159627982095,0.57392963177,0.81888983851,0.00222644629105,0.0,0.818849368487,-0.573869003096,-0.0118670094937,0.0,-0.00844024747532,0.00863411876186,-0.999927104451,0.0,0.653190425604,0.2499743982,0.303498524021,1.0,-0.01848,-0.024288,0.925
0.458697227092,0.500604054647,-0.124138993254,-1.42980448624,0.075049034225,1.92128674605,0.149386434602,-0.0100140463403,-0.103950449097,0.00106169543128,-0.149600908584,-0.0107065848736,0.0544589273523,-0.0211560805842,0.573900643663,0.818910092851,0.00224898464244,0.0,0.818869816501,-0.573839827374,-0.0118668885446,0.0,-0.00842752009678,0.00865220719728,-0.999927055447,0.0,0.65285709939,0.249577535501,0.30353736449,1.0,-0.01882,-0.0247348571429,0.942
0.458460844537,0.499006410334,-0.124144972491,-1.43226206864,0.0748939175057,1.92218994179,0.14903334003,-0.018933865748,-0.0973509138234,0.000408766127356,-0.160178538508,-0.010052544748,0.0579447497294,-0.0275818299148,0.573892496982,0.818915708157,0.00228292408088,0.0,0.818875885137,-0.573831560419,-0.011847865222,0.0,-0.00839255063341,0.00866899933872,-0.999927204123,0.0,0.652555253799,0.249185569896,0.303560506662,1.0,-0.01914,-0.0251554285714,0.958
0.458208646074,0.497335875264,-0.124144973614,-1.4349125428,0.0747326195984,1.92317004144,0.148654138662,-0.0111563134781,-0.103292368361,0.000322646187939,-0.159207144838,-0.00737471859975,0.0585790529157,-0.0189590090471,0.573879523017,0.818924799392,0.00228317826524,0.0,0.818884905716,-0.573818510698,-0.0118564274747,0.0,-0.00839955425684,0.00867398816348,-0.999927102052,0.0,0.652225896323,0.248769187475,0.303548647606,1.0,-0.01948,-0.0256022857143,0.975
0.457949078888,0.495660461345,-0.124147979101,-1.4376086452,0.0745655983413,1.92410067965,0.148249129471,-0.0132216022237,-0.0957244896712,-0.000952337460759,-0.160657844259,-0.0104059998865,0.041772297621,-0.0268129534591,0.573853402153,0.818943311881,0.00220718469698,0.0,0.818902282505,-0.573792545062,-0.0119127595732,0.0,-0.00848957210437,0.00864381261655,-0.999926603141,0.0,0.651877274096,0.248336884483,0.303513673065,1.0,-0.01982,-0.0260491428571,0.992
0.457654221173,0.493956886112,-0.124155618323,-1.44039211274,0.0743976501538,1.92508754884,0.147862534349,-0.0190543593763,-0.109941670469,-0.00214879302228,-0.176842965631,-0.0132782960485,0.0551927361964,-0.0180426785761,0.573878503992,0.818925931469,0.00212798602392,0.0,0.818883733587,-0.573817829322,-0.0119698170215,0.0,-0.00858148245291,0.00861195963256,-0.999926093424,0.0,0.65152798914,0.247872639604,0.303461180533,1.0,-0.0259045714286,-0.0340460081633,1.009
0.457339395269,0.491307443937,-0.124240710704,-1.44435547175,0.0741771910427,1.92659005931,0.147278633763,-0.0204032732718,-0.16832923198,-0.000669155971125,-0.265783052774,-0.0172721221058,0.0971576844232,-0.0394581592192,0.573859106813,0.818939104912,0.0022836101477,0.0,0.818899106075,-0.573797980986,-0.0118692033052,0.0,-0.00840998575696,0.00868146386097,-0.999926949494,0.0,0.651043364406,0.247249006568,0.303551211515,1.0,-0.0384942857143,-0.0505924897959,1.026
0.456855998729,0.487739426972,-0.124268978968,-1.45006359796,0.0738770265038,1.92875236847,0.146419590663,-0.0297474367969,-0.231793566915,-0.00180101114261,-0.365018781003,-0.0133863747232,0.140173367437,-0.0570862149067,0.57377662387,0.818996792475,0.0023209303386,0.0,0.818956874443,-0.573714941997,-0.0118974801066,0.0,-0.00841260760002,0.00872740585364,-0.999926527511,0.0,0.650319152406,0.246386386737,0.303503419394,1.0,-0.051084,-0.0671389714286,1.043
0.456204335552,0.483355061949,-0.124384149915,-1.45696235286,0.0734610026925,1.93130534878,0.145361842299,-0.0461010001375,-0.293628623185,-0.015542800185,-0.464857819617,-0.0345638001367,0.163048118981,-0.0790857602447,0.573755819572,0.81901133023,0.002333959012,0.0,0.818971829526,-0.573694346526,-0.0118611175182,0.0,-0.00837557180212,0.00871699971406,-0.999926929187,0.0,0.649463674785,0.245241727553,0.303488752845,1.0,-0.0629331428571,-0.0827121306122,1.059
0.455265117222,0.477284984514,-0.124551792907,-1.46660846024,0.0728877322935,1.93462701674,0.143939342098,-0.0569598212111,-0.370813099112,-0.00989510190956,-0.569991391597,-0.0353995351394,0.202100161903,-0.0825975997548,0.573796512735,0.818983442178,0.00210483083782,0.0,0.818940821575,-0.573735823866,-0.0119950853743,0.0,-0.00861632534518,0.00860663575773,-0.999925839629,0.0,0.648210006636,0.243604998605,0.303397852417,1.0,-0.0762634285714,-0.100231934694,1.077
0.454168244237,0.470479809098,-0.12468776978,-1.47722136108,0.0722829192958,1.9384054827,0.142384490438,-0.0708492951376,-0.419174303847,-0.00873647655781,-0.644284039444,-0.0393581334982,0.230976351335,-0.0956790333743,0.573867747697,0.818933565784,0.00209042755617,0.0,0.818890343356,-0.573806698023,-0.0120509652199,0.0,-0.00866960550194,0.00862765731666,-0.999925197937,0.0,0.646843209576,0.24180766782,0.303384409993,1.0,-0.0888531428571,-0.116778416327,1.094
0.452890410053,0.462608448314,-0.124777851277,-1.4891667391,0.0715360200548,1.942870031,0.140426345152,-0.0820390625143,-0.476571768328,-0.00362759772391,-0.759462364983,-0.0506863462392,0.263870865313,-0.119553430865,0.57373903603,0.819022865198,0.00241075077874,0.0,0.818984009885,-0.573676895784,-0.0118641349513,0.0,-0.0083341662362,0.00878145276009,-0.999926711195,0.0,0.645328964945,0.239803096184,0.303517784776,1.0,-0.101442857143,-0.133324897959,1.111
0.451457964444,0.454417750738,-0.124896893934,-1.50203372729,0.0707163670121,1.94723848099,0.138501744044,-0.0990258515764,-0.534564191697,-0.00933864725576,-0.806540555226,-0.0558290564816,0.27623203107,-0.128374197933,0.573795283336,0.818984213626,0.00213952191863,0.0,0.818941384781,-0.573733786896,-0.0120539192209,0.0,-0.00864461997748,0.00866879193861,-0.999925058488,0.0,0.643592441421,0.237564672903,0.303410731023,1.0,-0.113292,-0.148898057143,1.127
0.449740073024,0.444530180247,-0.125049275529,-1.5168232938,0.069704127167,1.9525898489,0.1361810171,-0.103285328556,-0.588990513444,-0.00667649364312,-0.896092199534,-0.0564380131618,0.310247969755,-0.141850359367,0.57380600458,0.818975779998,0.00246734382438,0.0,0.81893801954,-0.573744020247,-0.0117926368676,0.0,-0.00824241890384,0.00878745669527,-0.999927418934,0.0,0.641662597548,0.234959200387,0.30361883872,1.0,-0.125881714286,-0.165444538775,1.144
0.447918552256,0.434503016581,-0.125156985584,-1.53210603293,0.0687101358936,1.9578201891,0.133716984667,-0.127851049421,-0.668750323203,-0.0127814487807,-0.962400685107,-0.0680981065936,0.348755475527,-0.160791104612,0.573761983423,0.819006583361,0.0024798570036,0.0,0.818968588465,-0.57369953389,-0.0118339690324,0.0,-0.00826956495249,0.00882097636474,-0.999926899664,0.0,0.639431565259,0.23207821543,0.303670521687,1.0,-0.138471428571,-0.181991020408,1.161
0.44574906582,0.422954258066,-0.12529287996,-1.54950226325,0.0675022005784,1.96394226173,0.130831820258,-0.132354899363,-0.687281426608,-0.0103369655125,-1.04069559415,-0.072743050924,0.360745969267,-0.177158791563,0.573690211352,0.819056378454,0.00263385907406,0.0,0.819020664247,-0.5736275042,-0.01172112891,0.0,-0.00808956713858,0.00888165292937,-0.999927834968,0.0,0.637180664056,0.229130696061,0.303768139286,1.0,-0.150320571429,-0.197564179592,1.177
0.443312673181,0.410527328107,-0.125440340717,-1.56803097621,0.0661624490763,1.97050376932,0.127738259457,-0.143683117748,-0.727792604536,-0.00444562021907,-1.11505905835,-0.0768483069224,0.399399085631,-0.189620936797,0.57365947067,0.819076823921,0.00295213940844,0.0,0.819046045107,-0.573596624763,-0.0114557826346,0.0,-0.00768997691121,0.00898982939141,-0.999930021163,0.0,0.634630369463,0.22572459362,0.303943236858,1.0,-0.162910285714,-0.214110661224,1.194
0.44056881604,0.397316234287,-0.125603289079,-1.58779789669,0.0648620913307,1.97721116041,0.124401383143,-0.166463429798,-0.791200942675,-0.012242017348,-1.16758332752,-0.0851480103329,0.411938441535,-0.203986771512,0.573730794787,0.819026326169,0.00309823443939,0.0,0.81899669293,-0.573666610905,-0.0114796953029,0.0,-0.00762496582303,0.00912387413266,-0.99992930491,0.0,0.631808281523,0.222013578275,0.304032146067,1.0,-0.1755,-0.230657142857,1.211
0.437348377821,0.382567728672,-0.125741807041,-1.61000093911,0.0631963257294,1.98461033891,0.120500709945,-0.188474460193,-0.823146884236,-0.00832486987749,-1.24845118708,-0.0872196233917,0.403704473143,-0.228300657244,0.573662025175,0.819074925042,0.0029824388215,0.0,0.819043944675,-0.573598389649,-0.0115174209042,0.0,-0.0077230572513,0.0090500296989,-0.99992922317,0.0,0.628554501484,0.217766950894,0.30400709598,1.0,-0.188830285714,-0.248176946939,1.229
0.434204136793,0.368657370395,-0.125883400039,-1.63074489131,0.0616248440249,1.99152998494,0.116805891486,-0.202892934524,-0.859636974312,0.000556271363379,-1.32445960629,-0.0976773300331,0.422189738977,-0.226129803128,0.573635649842,0.819093360906,0.00299236551419,0.0,0.81906271544,-0.573572228854,-0.0114853543718,0.0,-0.00769138783913,0.00903951778111,-0.999929562355,0.0,0.625470161497,0.213731207707,0.304021806138,1.0,-0.200679428571,-0.263750106122,1.245
0.430488672028,0.353189872614,-0.126091620104,-1.65365104618,0.0598561947952,1.99905700577,0.112614649013,-0.223883288377,-0.912537368018,-0.0100467055849,-1.38293189978,-0.103681399613,0.445840410787,-0.257468132913,0.57370208355,0.819046836472,0.00299096920284,0.0,0.81901648495,-0.573639025346,-0.0114460858639,0.0,-0.00765929122358,0.00901646998673,-0.999930016815,0.0,0.622015302173,0.209111539511,0.304042688665,1.0,-0.213269142857,-0.280296587755,1.262
0.426131788602,0.335997559371,-0.126318564782,-1.67890515875,0.0579483841604,2.0072084038,0.107821741662,-0.250041654834,-0.963679076331,-0.0143707287591,-1.43498725895,-0.120730874838,0.457017666164,-0.275772730136,0.573810481349,0.818970735845,0.00303516468497,0.0,0.818940541285,-0.573746784047,-0.0114788734714,0.0,-0.00765959294742,0.00907249199558,-0.999929507778,0.0,0.618117824823,0.203897892671,0.30407240428,1.0,-0.226599428571,-0.297816391837,1.28
0.422044291413,0.320089875655,-0.126435855047,-1.70206133098,0.0560906026242,2.01459119599,0.103282612173,-0.260417690828,-1.00983177286,-0.00485693210451,-1.44709084254,-0.111919931133,0.447933982709,-0.283284384776,0.573712553129,0.819039109099,0.00309694200934,0.0,0.81900959043,-0.573648532692,-0.0114629239452,0.0,-0.00761217333422,0.00911302402355,-0.99992950132,0.0,0.614429559165,0.199135130703,0.304114736618,1.0,-0.238448571429,-0.31338955102,1.296
0.417346959426,0.302511145013,-0.126594538718,-1.72743386842,0.0539630112216,2.02257743968,0.0980920512544,-0.275156827197,-1.0456780219,-0.00602404924251,-1.49953350305,-0.125982133403,0.455028432762,-0.312228980524,0.573544238828,0.819156696606,0.00317165777472,0.0,0.819128447741,-0.573480385266,-0.0113833526981,0.0,-0.00750601058389,0.00912702719188,-0.999930176152,0.0,0.610308554091,0.193795205454,0.30417152166,1.0,-0.251038285714,-0.329936032653,1.313
0.412797582545,0.286391832181,-0.126776261596,-1.7504461796,0.052063204109,2.02966750985,0.0933255662637,-0.30728828563,-1.09247243732,-0.0113244930493,-1.54140323028,-0.121823691207,0.482237493616,-0.323545198111,0.573572499037,0.819136557825,0.00326111701416,0.0,0.819109138642,-0.573507984792,-0.0113823228598,0.0,-0.00745354362425,0.00919997524403,-0.999929900114,0.0,0.606231181309,0.188464645836,0.304229000129,1.0,-0.262887428571,-0.345509191837,1.329
0.407245209562,0.267662051982,-0.126985889785,-1.77710811854,0.0497951165232,2.03773098692,0.0875285056504,-0.339088161388,-1.12954532348,-0.020236449493,-1.56983246111,-0.146593910699,0.489128339255,-0.353096135862,0.573526956761,0.819168072618,0.00335344193324,0.0,0.819141698288,-0.573462003546,-0.0113558582357,0.0,-0.00737942705088,0.00926001321958,-0.999929895648,0.0,0.601986655342,0.182884975381,0.304277106051,1.0,-0.274736571429,-0.36108235102,1.345
0.401542407493,0.249501069533,-0.127256029346,-1.80272224872,0.0474738143157,2.04530281164,0.0818419177523,-0.359844561968,-1.16145413306,-0.0175309712336,-1.60449933033,-0.154721980085,0.484036097773,-0.364193566789,0.573636533325,0.819091539302,0.00330526538949,0.0,0.819064834827,-0.573572065226,-0.0113414832858,0.0,-0.0073940474653,0.00921329318959,-0.999930219211,0.0,0.597277889826,0.17660148201,0.304278042923,1.0,-0.287326285714,-0.377628832653,1.362
0.395084498987,0.229590484912,-0.127462895804,-1.83055317389,0.0449992132663,2.05332559421,0.0753488915728,-0.386471805368,-1.19445089537,-0.00840135679904,-1.63085057838,-0.153391281915,0.485400972102,-0.395296275576,0.573583579723,0.819128252482,0.00339557935585,0.0,0.819102265093,-0.573518303525,-0.0113570129109,0.0,-0.00735556484488,0.00929570183314,-0.999929740328,0.0,0.592622985982,0.170544049939,0.304317905789,1.0,-0.299175428571,-0.393201991837,1.378
0.387336311171,0.206662420476,-0.127706799367,-1.86225294021,0.0420188276252,2.062149009,0.0676481202105,-0.423671916306,-1.22047767053,-0.00781878537511,-1.67772276704,-0.157434588717,0.455169401481,-0.402913573602,0.573458400484,0.819216032574,0.00336181344245,0.0,0.819189275779,-0.573392817456,-0.0114172781225,0.0,-0.00742572057291,0.00930147465144,-0.999929168113,0.0,0.586813807177,0.163051450448,0.304326001416,1.0,-0.313246285714,-0.411695118367,1.397
