position_joint1,position_joint2,position_joint3,position_joint4,position_joint5,position_joint6,position_joint7,velocity_joint1,velocity_joint2,velocity_joint3,velocity_joint4,velocity_joint5,velocity_joint6,velocity_joint7,ee_T_00,ee_T_10,ee_T_20,ee_T_30,ee_T_01,ee_T_11,ee_T_21,ee_T_31,ee_T_02,ee_T_12,ee_T_22,ee_T_32,ee_T_03,ee_T_13,ee_T_23,ee_T_33,v_x,v_y,w_z,time
0.46510951023352526,0.5473090392190575,-0.12399816805338605,-1.3555782185115175,0.07942514623536003,1.8941697579411425,0.15914975383877752,-0.0005064419077530369,-0.0003548246236235736,0.00034166423459994384,-0.0010038504354313868,0.00022391835173137168,0.0003356231663541587,0.000951428303569957,0.5737411365654599,0.8190208717587745,0.002582002571596168,0.0,0.8189869810475114,-0.573681341813629,-0.011436338172923577,0.0,-0.00788550478067912,0.008676291198140132,-0.9999312680306577,0.0,0.6617588388278828,0.2609377206560662,0.30367635825657396,1.0,5e-324,6.92916505581795e-310,6.92895285623895e-310,0.0
0.4651043419875293,0.5473004289695099,-0.12399822115171154,-1.3555787231199177,0.0794251418472323,1.8941634731693087,0.15914532362418884,-0.0012611886420242579,-0.0014236600658594323,-0.00011835249709317302,-2.591363266268807e-05,0.00017101464003791865,-0.0003287940727484268,-0.00018156898163945395,0.5737417449108164,0.8190204389571958,0.0025841087945794516,0.0,0.8189865678152832,-0.5736819349006028,-0.011436179783964481,0.0,-0.007884160247904226,0.00867793121396647,-0.9999312644012242,0.0,0.6617590560920174,0.2609338943031756,0.30368167315074157,1.0,-0.00030000000000000014,-0.00039428571428571453,-0.00015000000000000007,0.016000000000000007
0.46510703465511144,0.5472975323220767,-0.12399778098338961,-1.3555844203210188,0.0794238238069745,1.8941674705515303,0.1591484771072864,0.0009529721440533032,-0.0033577723239849137,0.0005754266544756477,0.0008296430443238065,1.0260753244201393e-05,4.310392706588895e-05,0.0005617214661717795,0.5737417987674276,0.8190203998321727,0.0025845516193079296,0.0,0.8189865428524303,-0.5736819966186549,-0.01143487137951842,0.0,-0.007882833964935276,0.008677543739086538,-0.9999312782203272,0.0,0.6617578946327226,0.26093535093321163,0.3036813435859113,1.0,-0.0006200000000000004,-0.0008148571428571435,-0.0003100000000000002,0.03200000000000002
0.4651059891955055,0.5472583924589,-0.12399897184871574,-1.3556132654974034,0.07942513307164561,1.8941682564940925,0.15914379774530726,0.0003940762693304671,-0.001567281707776634,0.00023351861081877023,-0.005971340869101913,0.00034637910668315814,-0.00035315599984594423,-0.0048061845983505495,0.5737415059963027,0.819020567537206,0.0025963723414878757,0.0,0.8189868314552133,-0.5736816308874673,-0.011432549429319738,0.0,-0.007874153604600143,0.0086858901144886,-0.9999312741473437,0.0,0.6617529417076385,0.26093132384112677,0.3036954495962849,1.0,-0.0009600000000000008,-0.001261714285714287,-0.0004800000000000004,0.04900000000000004
0.46510561173900317,0.5471388318665995,-0.12399562218259466,-1.3557374457813112,0.07942206921202209,1.8941955924497276,0.15914351274577196,-0.0009026292442428454,-0.007924289103750034,0.0003114494458526002,-0.010750756764615024,0.00010580435480837213,0.0009394067676386184,-0.00010875643552361609,0.5737451730393089,0.8190179213368499,0.0026206572395290418,0.0,0.8189844246841277,-0.5736851377161477,-0.011428989002597586,0.0,-0.007857265983241435,0.008703772309157795,-0.9999312514962511,0.0,0.6617325789976329,0.26092119869372016,0.303723289719823,1.0,-0.001280000000000001,-0.0016822857142857158,-0.0006400000000000005,0.06500000000000004
0.4650883229231749,0.5469932466499294,-0.12399630775885505,-1.3559435167226728,0.07941790413120933,1.89424240215184,0.15915132434264062,-0.0011136001757805123,-0.00780285463742866,0.0006872901152807236,-0.015002359847551987,0.00020938146487523972,0.0006437823863122511,0.00048038813588176905,0.5737764268245504,0.8189960459319631,0.0026145113251364186,0.0,0.8189623707418507,-0.5737162976317177,-0.011445175483585496,0.0,-0.007873717301937533,0.00870832594877663,-0.9999310824426946,0.0,0.6617034180683142,0.2608893103439812,0.30373239727276824,1.0,-0.0016400000000000013,-0.0021554285714285733,-0.0008200000000000006,0.08300000000000006
0.46507377455193155,0.546843565703709,-0.12400134543473076,-1.3561268821913042,0.0794134530919749,1.8943167784583175,0.15913754749213246,-0.0004940783561808854,-0.012979990964324069,0.0011480214484395391,-0.01082983800284907,0.0002956031126657011,0.008037976530006728,-0.0009981460019321533,0.5737896336068649,0.8189866727251652,0.0026520115141961155,0.0,0.8189534589160254,-0.5737293573762933,-0.011428189501042641,0.0,-0.007838148941593126,0.008729418737590505,-0.9999311779666002,0.0,0.6616853593554085,0.2608612979743949,0.30375775517298415,1.0,-0.0019400000000000014,-0.002549714285714288,-0.0009700000000000007,0.09800000000000007
0.4650441936938441,0.5466424856246137,-0.12399636923492706,-1.3563550179873431,0.07941060837909268,1.8944642091011896,0.15914473020686642,8.42770876502511e-05,-0.010314286458530294,0.000585612866496805,-0.01341260899127958,-0.00029763380732953005,0.006918353253486406,0.001401601588769983,0.5738285450908902,0.8189590521147148,0.0027601991682716567,0.0,0.8189272019697023,-0.573767889908509,-0.011375116932144332,0.0,-0.007732190196558297,0.00878793817620474,-0.999931490341901,0.0,0.6616744825372777,0.26082972552478095,0.3038042312058166,1.0,-0.0023000000000000017,-0.0030228571428571457,-0.0011500000000000008,0.11600000000000009
0.4650134597181404,0.546433220445351,-0.12399965373323,-1.3566081214210814,0.07939984191997011,1.8945831921467708,0.15913244187192302,1.2146625172674319e-05,-0.016784988240795884,-0.0003911886360777706,-0.0189788940745135,-0.0035292176198269184,0.010440222103845513,-9.482216201447765e-05,0.5738573009343051,0.81893867897323,0.002825800273164666,0.0,0.8189076866863017,-0.5737964577055754,-0.011338990776613926,0.0,-0.0076646515088573675,0.008821202042595802,-0.9999317174246306,0.0,0.6616550524722348,0.2607865294885174,0.30384239034311916,1.0,-0.0026200000000000017,-0.0034434285714285743,-0.0013100000000000008,0.1320000000000001
0.46497400739348915,0.5461709809095416,-0.12399670380951994,-1.3569975473426588,0.07938399902032506,1.8947218707105156,0.1591210450585282,-0.0020637838775850515,-0.018628335634197073,0.0011738665458707659,-0.01910137193647999,3.127593071279213e-06,0.0037062333948547663,0.0006130778932276906,0.5738957379945943,0.8189116927179476,0.0028404828240823467,0.0,0.8188808097318402,-0.5738347541101196,-0.011342016113212328,0.0,-0.007658289296993914,0.008835321689973932,-0.9999316415113976,0.0,0.6616107996126273,0.2607261996469763,0.30385464486414665,1.0,-0.002980000000000002,-0.0039165714285714325,-0.001490000000000001,0.1500000000000001
0.46494551642078413,0.5459419396521441,-0.1239995199514678,-1.3573856352551972,0.07936115871422818,1.8948539177063657,0.1591093106591101,0.00013357609114816638,-0.01239573157364452,0.0013610642472945233,-0.027990478283831527,-0.0011888360996479747,0.01690928682471631,-0.0007497226570854699,0.5739270575464458,0.8188898261873608,0.0028163955903009142,0.0,0.8188586262118133,-0.5738661344968073,-0.011355917285819701,0.0,-0.007683159006382501,0.008823867904334662,-0.9999315518688714,0.0,0.6615634971388681,0.26066792541404726,0.3038436096322858,1.0,-0.0032800000000000025,-0.004310857142857147,-0.0016400000000000013,0.16500000000000012
0.4648941093515049,0.5456029959819835,-0.1240020289542228,-1.3579293921121054,0.07931337961337157,1.8950386595953157,0.15908588252072053,-0.005736018825830074,-0.01431605095522173,-0.00021384230906735933,-0.028621121391146635,-0.0035036996614423443,0.01485489282584617,-0.0012582294465688887,0.5739693717192079,0.8188602585245379,0.0027900248373844425,0.0,0.8188288323975371,-0.5739086534284867,-0.01135551212387877,0.0,-0.007697506396833587,0.008802438413464578,-0.9999316303994228,0.0,0.6615011403915962,0.26057717227837685,0.30384079607588066,1.0,-0.0036600000000000027,-0.004810285714285718,-0.0018300000000000013,0.18400000000000014
0.46485512642086524,0.5453075698099862,-0.12401050148856882,-1.3584048357949767,0.07927487817476918,1.8951976572484217,0.15901966380945448,-0.001995513108714172,-0.01897339076084761,-0.0015483110384072938,-0.032899321202661334,-0.0009688839468978345,0.013309698903843255,-0.016705090712462383,0.5739692620227768,0.8188604207167494,0.0027648757341730314,0.0,0.8188287649008401,-0.5739087277552934,-0.011356622670210863,0.0,-0.0077128509989318195,0.008782481205587542,-0.9999316876433819,0.0,0.6614457467918019,0.2604984801484296,0.30383764575324845,1.0,-0.0039600000000000034,-0.005204571428571434,-0.0019800000000000017,0.19900000000000015
0.46478858196029615,0.5448907484597666,-0.12400556941944227,-1.3591023382423943,0.0792469028712562,1.8954292421114374,0.15893099250971549,-0.0008492986131287245,-0.02717211344764058,7.894267457061206e-05,-0.035787934756846246,0.00017551772351533256,0.007281578134786137,-0.002260115127308067,0.5739791213007406,0.8188536204135798,0.0027319494159131485,0.0,0.8188213638268105,-0.5739184870239266,-0.011396986188350543,0.0,-0.0077646966211987745,0.008778779683222493,-0.9999313188982801,0.0,0.6613604970383617,0.260391190811494,0.3038205822718497,1.0,-0.004340000000000004,-0.005704000000000006,-0.002170000000000002,0.21800000000000017
0.464735683035468,0.5445511479696309,-0.1240058889019284,-1.3597180298879712,0.07922244168779352,1.8956250209426415,0.1589326516839572,-0.003403088126307822,-0.022015670942535107,0.00030970721465593354,-0.044855844734606284,-4.8698624112194055e-05,0.017600881748570853,-0.00024049526905032233,0.574051805842354,0.8188028745919801,0.002669020466513322,0.0,0.8187696624925047,-0.5739912000886632,-0.011449406268200764,0.0,-0.00784296350549013,0.008758033949929023,-0.9999308899942952,0.0,0.661282248839367,0.2602967257572431,0.3037848385079674,1.0,-0.0046400000000000035,-0.00609828571428572,-0.0023200000000000017,0.23300000000000018
0.4646682892502405,0.5440868282105823,-0.12400912062384334,-1.3604908680634045,0.0791822354234375,1.8958711280459446,0.1588985388825907,-0.0007410899869400582,-0.025120585879462122,-0.00010911915197418299,-0.046807821367562986,0.00029655636326801095,0.014729538674640942,-0.0037781139487232415,0.5741135450873094,0.8187597503861515,0.0026182811341878155,0.0,0.8187257930061205,-0.5740529963197725,-0.0114882628799581,0.0,-0.007903247279677561,0.008739389887145468,-0.9999305784637436,0.0,0.6611864377115735,0.26017484291565746,0.303766967162177,1.0,-0.005000000000000004,-0.006571428571428577,-0.002500000000000002,0.25100000000000017
0.46459847836818197,0.5436387634901292,-0.1240126474339711,-1.3612122320973816,0.07915227951901953,1.8961348582095285,0.15883347193109745,-0.0030780068975662348,-0.02648817572270932,-0.0007359040392545467,-0.04923480914219599,-0.006519658896125203,0.015404378446933145,-0.00330707599828628,0.5741521403716077,0.8187326938900396,0.0026158294036366615,0.0,0.81869860022864,-0.5740914792947075,-0.011503142444053732,0.0,-0.007916425845233555,0.008746298119788984,-0.9999304138143998,0.0,0.6611055730600843,0.2600599515032965,0.30376361534209556,1.0,-0.0053200000000000035,-0.006992000000000006,-0.0026600000000000018,0.2670000000000002
0.4645345583094331,0.5431097241118884,-0.12401764932978512,-1.3620814406186577,0.07909111888292022,1.8964447636693471,0.15876234622485105,-0.003935303434297021,-0.02685712446713624,0.0013068066810880048,-0.05248799344683999,-0.003696669127580932,0.01885723873542091,-0.0021107394377184417,0.5741818501301198,0.8187119632538852,0.0025828486850890866,0.0,0.8186775191205818,-0.5741213781843632,-0.011511285743349274,0.0,-0.007941711606347046,0.008724259468294776,-0.9999304058350719,0.0,0.6610024789324873,0.25992970211489913,0.303751130366788,1.0,-0.005680000000000004,-0.007465142857142863,-0.002840000000000002,0.2850000000000002
0.4644780680360725,0.5427177588484148,-0.12401800265802235,-1.3627447267958603,0.07905605100482894,1.8966698035298342,0.15873777882684617,-0.001719075949380027,-0.029314834592417356,-0.0003788180339510191,-0.05287793713152909,5.942627539451257e-05,0.020695513933821442,-0.004518464362364052,0.5742357369614255,0.8186742870609706,0.0025449956362329183,0.0,0.8186392852893742,-0.574175310664412,-0.011540368518260213,0.0,-0.007986683077432388,0.008710493133584657,-0.9999301676631177,0.0,0.6609216905167814,0.25982816823751714,0.30373216960842997,1.0,-0.005940000000000004,-0.00780685714285715,-0.002970000000000002,0.2980000000000002
0.4643908644025794,0.5420405989615529,-0.1240187724198396,-1.3638071816183952,0.07899422869771562,1.8970489841907716,0.15863361177013044,-0.005859231388094906,-0.036185036215905,0.001253190686200667,-0.05607860753536482,-0.0013551146564881238,0.016028469692257918,-0.006604679664082024,0.5742648841880038,0.8186538557427527,0.002540505318016066,0.0,0.8186187559904357,-0.5742044260102854,-0.011548003813575184,0.0,-0.007995202382629296,0.008711486098729224,-0.9999300909307673,0.0,0.6607966561397074,0.2596685937388468,0.3037382203693052,1.0,-0.0063400000000000045,-0.008332571428571436,-0.0031700000000000022,0.3180000000000002
0.464300915482684,0.5414011532305595,-0.12401948442108263,-1.3648024637425826,0.07892767758007445,1.8974116851652092,0.15857922010500658,-0.005630092942660239,-0.037909358597454396,-0.00025064235295708807,-0.05600980968467543,-0.0038524141454386665,0.02087910598121048,-0.004446720232684978,0.574326070945737,0.8186109302934623,0.002540853658270748,0.0,0.8185758692248035,-0.5742656412881695,-0.011544109318307932,0.0,-0.007991162967633247,0.008710132136278456,-0.9999301350157386,0.0,0.6606882193066289,0.2595237030771468,0.30374821665215623,1.0,-0.006680000000000005,-0.00877942857142858,-0.0033400000000000027,0.33500000000000024
0.4642206906243976,0.5407985284108131,-0.12403009477006287,-1.3657290279071637,0.07887585832331866,1.8977433206886232,0.15851609440229597,-0.008306649467870738,-0.04725392931986312,-0.003167360592683017,-0.05463821806393567,-0.005249640186284827,0.015929116127990046,-0.011064960800257978,0.5743908536254868,0.8185654551272645,0.0025475173968693534,0.0,0.8185304940995753,-0.5743304085532959,-0.01153945151720346,0.0,-0.007982833370037468,0.008713543843643617,-0.9999301718245486,0.0,0.6605779831184279,0.2593657392912578,0.30376209366391255,1.0,-0.007020000000000005,-0.009226285714285723,-0.0035100000000000027,0.35200000000000026
0.4641374664752441,0.5401964871863726,-0.12403284218622428,-1.3666446172441804,0.07882941682294016,1.898093056527762,0.1584291382779216,-0.009395369395661008,-0.04271662404780556,1.3819061770033381e-05,-0.05988817225105671,-0.0019923789782751436,0.02448390178332191,-0.0015991232962451337,0.5744280891545525,0.8185392181761276,0.0025817821502658496,0.0,0.8185046487232742,-0.5743674678742002,-0.011528172768361175,0.0,-0.007953522978526417,0.00873547513172232,-0.9999302140381865,0.0,0.6604770225074535,0.2592246095142536,0.30378220720781024,1.0,-0.007320000000000005,-0.009620571428571437,-0.0036600000000000027,0.36700000000000027
0.4640303547902875,0.5394469850735589,-0.12403693930884425,-1.3678209304061033,0.07875195371690064,1.8985310581591648,0.1583588030490946,-0.00634511003486851,-0.03731664957251022,-0.0008459676225573019,-0.06854213068104092,-1.4667833180038797e-05,0.026910779798435577,-0.0030561180205084405,0.5745054831317322,0.8184848892655108,0.002585110598731651,0.0,0.8184504359836149,-0.5744449215532941,-0.011517935625313202,0.0,-0.007942405525674878,0.008733070206361937,-0.9999303234122049,0.0,0.6603453767638737,0.2590388922793782,0.30378999042527066,1.0,-0.007680000000000006,-0.010093714285714296,-0.003840000000000003,0.3850000000000003
0.46394755943832305,0.5387436512221119,-0.12404355975096507,-1.3689119025830925,0.07869492335070659,1.898943988949199,0.1582709399264069,-0.005201657025419464,-0.04574598317409086,0.00217760343973472,-0.06918645490435858,-0.004955464082236795,0.027895869201303516,-0.0033838183307941215,0.5745510803754932,0.8184528074853036,0.002608612655481018,0.0,0.8184186205421984,-0.5744903938478229,-0.01151068319372923,0.0,-0.007922480596439407,0.00874858107314054,-0.9999303458893553,0.0,0.6602201536182177,0.258878903026438,0.3038035972787222,1.0,-0.008000000000000005,-0.010514285714285723,-0.004000000000000003,0.4010000000000003
0.4638346673717038,0.5379390340434225,-0.12404988408184024,-1.3701691794986046,0.07862267904237391,1.8994296901721115,0.15816861560252918,-0.006688101994883593,-0.04469482469129867,0.0010146332334068284,-0.07577953826227202,-0.005567370930112097,0.03079645416636446,-0.0021353974326802075,0.574614368760567,0.818408290480581,0.0026351826798660313,0.0,0.8183744648579304,-0.5745536067591297,-0.011495004557625855,0.0,-0.007893705294174824,0.008761929697516296,-0.9999304565842089,0.0,0.6600819779691836,0.25868329007370716,0.303815753133595,1.0,-0.008360000000000006,-0.010987428571428582,-0.004180000000000003,0.4190000000000003
0.4637349111261366,0.5372002049205051,-0.12405848907455845,-1.37134504264978,0.07855431279366733,1.89987757295152,0.15811725243295766,-0.005389273442168085,-0.04566150741221181,0.00012945946271655193,-0.07537591996304553,-0.00362018539387961,0.032944828660096875,-0.0051936032774462055,0.5747066380081237,0.818343479812013,0.0026412458752012938,0.0,0.8183097622360863,-0.5746458777544572,-0.011488912487151965,0.0,-0.007884247365864572,0.008764280293558038,-0.9999305106028168,0.0,0.6599500224258699,0.25850190099704273,0.30381686270128394,1.0,-0.008680000000000007,-0.011408000000000012,-0.004340000000000004,0.43500000000000033
0.4636120853880029,0.5363205565479209,-0.12406697545450651,-1.37273366184379,0.07847718858072097,1.900387571834533,0.15797834982577386,-0.0071743904989657525,-0.05439154336316125,-0.001865443051262998,-0.0774971501103852,-0.005694902297417857,0.026204934285313942,-0.009096132444405733,0.574755213422102,0.818309359420358,0.0026426937707222115,0.0,0.8182756273981081,-0.5746944055667157,-0.011492811568995563,0.0,-0.007886085778892271,0.008768174083938665,-0.9999304619693922,0.0,0.6597910003220462,0.25828476245737125,0.3038213586897644,1.0,-0.009040000000000006,-0.011881142857142868,-0.004520000000000003,0.45300000000000035
0.4635089509465525,0.535511764880461,-0.12407513159336708,-1.3739971924351806,0.07838840772208383,1.9008463517044356,0.15790563047270553,-0.004763604675305641,-0.049145976425234265,-0.0011839765256674145,-0.07670755291251982,-0.00027299052340299773,0.029553405083358294,-0.001981297853147577,0.5748313935438109,0.8182558686520777,0.002636155178059883,0.0,0.8182221763937626,-0.5747707356992616,-0.011481216938656478,0.0,-0.007879539993774332,0.008756893156859569,-0.9999306124285454,0.0,0.6596440757356792,0.25808939080194526,0.3038307335825599,1.0,-0.009360000000000007,-0.012301714285714298,-0.004680000000000004,0.46900000000000036
0.4633933605419891,0.5346155699678862,-0.12408070968238846,-1.375418776527125,0.07833178662901727,1.9013548907142181,0.15779387921464957,-0.011395436160446007,-0.051771700387759,-0.001721318445682611,-0.07863880573142093,0.0002397702409280998,0.026265724195390854,-0.012968633764001872,0.5749012306068783,0.8182068048247133,0.0026356187961858813,0.0,0.8181728546403312,-0.5748402870902061,-0.011513955399830328,0.0,-0.007905889005991595,0.008775947846925175,-0.999930237395796,0.0,0.6594732233498922,0.2578782609032523,0.3038306954314357,1.0,-0.009700000000000007,-0.01274857142857144,-0.004850000000000004,0.4860000000000004
0.4632789796787884,0.5337602960305342,-0.12408469295113042,-1.3767928140337078,0.07823853851977013,1.9018677661941357,0.15769552241862045,-0.009848061155569172,-0.055577566695519505,-0.0011884766092452488,-0.08909538465340804,-0.006165507605895251,0.027959006785903306,-0.0015638651355876767,0.5749674479657843,0.8181603187110598,0.002621748946497109,0.0,0.8181262873925332,-0.5749066508238558,-0.011509457720296507,0.0,-0.007909472972362053,0.008762653973224607,-0.9999303256390641,0.0,0.6593142228627012,0.25766836472013066,0.30382451141503425,1.0,-0.010020000000000006,-0.013169142857142867,-0.005010000000000003,0.5020000000000003
0.4631468388195396,0.5327784119453295,-0.1240840513363073,-1.3783665250819679,0.07816093573328584,1.9024610240833824,0.15757996743274666,-0.011262600938795025,-0.05194879494176435,-0.00017973854839215334,-0.08981256248879198,-0.0001659645175977483,0.03380756051022997,-0.0034772356377549053,0.5750459376360526,0.8181051272693587,0.002630065601461668,0.0,0.8180710555020467,-0.5749849392544657,-0.011524525218589387,0.0,-0.00791617747152834,0.008778880973424122,-0.9999301302506558,0.0,0.6591304320155824,0.2574353908401066,0.30381925959805495,1.0,-0.010380000000000007,-0.013642285714285727,-0.005190000000000004,0.5200000000000004
0.4630368959586954,0.5319263696954796,-0.12407705522401702,-1.379705219418072,0.07807094817885474,1.9029640498998832,0.15747792040287034,-0.007927746655602846,-0.061211178379747516,0.0005222823634606238,-0.09169104151114546,-0.005436786483606281,0.03131390557739167,-0.0017667803563777558,0.5750963962637488,0.8180696288533623,0.0026389871881952846,0.0,0.8180357154491156,-0.5750354098836791,-0.011514883011604866,0.0,-0.00790261714202023,0.008781122559749138,-0.999930217829673,0.0,0.6589730781856556,0.25723884796447305,0.3038260564821502,1.0,-0.010680000000000007,-0.01403657142857144,-0.005340000000000004,0.5350000000000004
0.4628964831999997,0.530875397646813,-0.12408192768142758,-1.3813860198071573,0.07798765545579163,1.9035729833492951,0.15736495021028798,-0.00815853768696061,-0.06112317287743204,-0.0004489153975952225,-0.09544232625994561,0.00046146217558653896,0.03093286916730133,-0.007568462354192331,0.5751914744347504,0.8180028159635855,0.002628253113919396,0.0,0.8179686025405342,-0.5751303328981965,-0.01154176500817889,0.0,-0.007929760862000479,0.008788722569493174,-0.999929936169664,0.0,0.658772148475443,0.25698561142992443,0.30381964261526057,1.0,-0.011040000000000008,-0.0145097142857143,-0.005520000000000004,0.5530000000000004
0.4627692138669869,0.5299208413880435,-0.1240873479012294,-1.3829275045384175,0.07787526314630228,1.9041208938410292,0.1572600371057732,-0.007199920924333985,-0.05323899679445558,-0.00037463360815002283,-0.0953722318505943,-0.007619559840136829,0.030521231718255985,-0.0018901339324173291,0.5752670357760066,0.8179498270298915,0.0025816491755558295,0.0,0.8179151519115111,-0.5752061967750208,-0.011549128382435239,0.0,-0.007961780248021744,0.008755571399848117,-0.999929972560451,0.0,0.6585869033477569,0.25674720272522006,0.3038060406620092,1.0,-0.011360000000000007,-0.014930285714285726,-0.005680000000000004,0.5690000000000004
0.46261645059174666,0.5288169460405366,-0.12408833344656323,-1.3846830594886894,0.07776763015643746,1.9047607053887579,0.15712440737626224,-0.007522744016277715,-0.060521967035772194,-7.458054999225245e-05,-0.09244100239008826,-0.007178816406747017,0.033405134985577845,-0.008011496053956707,0.5753480026023381,0.8178929171406026,0.0025688312408139857,0.0,0.8178580635226902,-0.5752871828638892,-0.01155820334886476,0.0,-0.00797571052326923,0.008751097040305578,-0.9999299007141653,0.0,0.6583787249832745,0.2564781457770757,0.3038033535929027,1.0,-0.011720000000000008,-0.015403428571428585,-0.005860000000000004,0.5870000000000004
0.4624900372414484,0.5278518566904744,-0.12409068154036935,-1.3862069863257163,0.07767053159892377,1.9053456008990386,0.1570147266859965,-0.011835791906501227,-0.061874515571830886,0.0002849646391229419,-0.09905120363074055,-0.008684499168588844,0.04123858859972075,-0.002303102747853416,0.5754198491689014,0.8178423204395264,0.0025851463668401936,0.0,0.8178077430873792,-0.5753590372501243,-0.011542118615996327,0.0,-0.007952398855239684,0.008755885446849784,-0.9999300444643557,0.0,0.6582026028487918,0.2562493112468867,0.3038082212575294,1.0,-0.012020000000000008,-0.0157977142857143,-0.006010000000000004,0.6020000000000004
0.46233454121277034,0.5266449318887345,-0.12409151010190059,-1.388057295709777,0.07755525926858632,1.9060521183025727,0.1568865363153736,-0.01025379231737003,-0.06677614469772856,0.00016356216460661644,-0.10789731843409099,-0.009778669929576307,0.0386942145085188,-0.004451998034674677,0.5755117462451609,0.8177774969419479,0.0026348302442812414,0.0,0.8177436083881369,-0.5754508092702645,-0.011511036085220899,0.0,-0.007897403130101732,0.008779521102932397,-0.9999302730855807,0.0,0.6579883159624142,0.255971987053519,0.30383817941151114,1.0,-0.012380000000000009,-0.016270857142857156,-0.0061900000000000045,0.6200000000000004
0.46217784027320197,0.5255694251097489,-0.12409786425042903,-1.3897612307219582,0.0774553003830898,1.9066773213857402,0.1567623183477734,-0.009999492700032519,-0.06598807423118931,0.00045490537751277367,-0.10521539710747355,-0.003310469566266943,0.04442412181619164,-0.0027441321782949247,0.5756077154914911,0.8177099637358458,0.00263058453511602,0.0,0.8176759997160719,-0.5755467576901487,-0.011516774804072406,0.0,-0.007903509274420961,0.00878027932197592,-0.9999302181833377,0.0,0.6577888232791929,0.25570331393002516,0.3038381971695181,1.0,-0.01270000000000001,-0.016691428571428586,-0.006350000000000005,0.6360000000000005
0.4620284541003837,0.5243278411590055,-0.12411171159204648,-1.3917221435568898,0.07732644265696,1.9073854079557246,0.156617391258532,-0.003379026134782537,-0.06748894306924051,-0.0010974458650325747,-0.10688251768799491,-0.010726285197469524,0.03743385888755909,-0.010279739245515038,0.5756917265781368,0.8176508831304912,0.0026107789298109646,0.0,0.8176167663587893,-0.5756309382459361,-0.011514912257971192,0.0,-0.007912485391843305,0.008763825076246956,-0.999930291542844,0.0,0.6575507707533401,0.255407777565553,0.3038398114761137,1.0,-0.013060000000000009,-0.017164571428571442,-0.0065300000000000046,0.6540000000000005
0.4618934214347663,0.5232849154262651,-0.12410823696105151,-1.3933915999678819,0.07721821976684273,1.9079956834429475,0.1565022568190856,-0.006207406805373467,-0.07291366229388149,0.000941864367178409,-0.11064843372997812,-0.005647750799487257,0.04372366859066812,-0.00929269891608719,0.5757744037081044,0.8175927570126218,0.0025819791411576956,0.0,0.8175582903396178,-0.5757137254243345,-0.01152801614344156,0.0,-0.007938894519599116,0.008748623511377632,-0.9999302153352818,0.0,0.6573341579382944,0.25514115516542035,0.3038246416366418,1.0,-0.01338000000000001,-0.017585142857142872,-0.006690000000000005,0.6700000000000005
0.46170965029529243,0.5219306364085861,-0.12410842780972621,-1.3955596588086583,0.0770983180636827,1.9088191502907945,0.1563423254455836,-0.012825496986928609,-0.07425817947199688,0.001273856682353768,-0.1083198620624473,-0.008978057198342724,0.04953617544556004,-0.002490670564597294,0.5758694397840025,0.8175257556305227,0.0026027110500410544,0.0,0.8174914568016973,-0.5758085700628166,-0.011530637435158732,0.0,-0.007928082394222546,0.008768004579327596,-0.9999301313618103,0.0,0.6570902460645949,0.25483648509421203,0.30382234390631113,1.0,-0.013740000000000011,-0.01805828571428573,-0.0068700000000000054,0.6880000000000005
0.46155839437624896,0.5207717475811239,-0.12411611493898284,-1.3974477822428724,0.0769784769912616,1.909553872357831,0.1561974714613082,-0.013257266820802345,-0.07713062543724844,-0.0018132358191420912,-0.12163466903379673,-0.005501441880488727,0.04616706536930125,-0.01726137139883572,0.5759488491328923,0.8174698281596018,0.0025981016947144624,0.0,0.8174355699087472,-0.57588809562286,-0.011521166132201676,0.0,-0.007922142386875552,0.008759551762525658,-0.9999302525241056,0.0,0.6568691452250524,0.25455419655725514,0.30380167752098375,1.0,-0.01406000000000001,-0.018478857142857158,-0.007030000000000005,0.7040000000000005
0.461373534236347,0.5193947112587919,-0.12411639859826804,-1.3996080027264195,0.07683591616204667,1.9103406109182839,0.15604447888575096,-0.01034283353017116,-0.08125440927578162,-6.492279671096742e-05,-0.1214055779423046,-0.006773329848030452,0.03792110846994973,-0.009418325177345171,0.5760514359029274,0.8173975565587811,0.0025931886005164844,0.0,0.81736329237676,-0.5759907495942261,-0.011517445815494902,0.0,-0.00792083192209253,0.008754386921298318,-0.9999303081371693,0.0,0.6566073602336185,0.2542246672484381,0.3038085525083982,1.0,-0.014420000000000011,-0.018952000000000017,-0.0072100000000000055,0.7220000000000005
0.4612192588636549,0.5182145211942116,-0.1241227354148117,-1.4014367371208105,0.07671266802824406,1.910997853166692,0.1559057177480595,-0.010032779819886543,-0.07832031206129247,0.00011060116818495733,-0.12181682938417424,-0.009745549927757136,0.039199600313532874,-0.004053504949680839,0.5761321551339231,0.8173406685432708,0.0025919620345409003,0.0,0.8173064739426306,-0.5760715573189571,-0.011508058080492087,0.0,-0.007913000629177491,0.008748758095067949,-0.9999304194056886,0.0,0.6563846948799351,0.2539428447594164,0.3038235994014565,1.0,-0.01472000000000001,-0.019346285714285733,-0.007360000000000005,0.7370000000000005
0.4610264885590393,0.5167899021360486,-0.1241234642893047,-1.4036705970941332,0.0765744081706886,1.9118075505197847,0.1557370755737477,-0.00981395536735793,-0.07907185637155704,0.0016998354373536108,-0.12647428556111998,-0.00516182046963166,0.04587842189929192,-0.0027447755892504246,0.5762331609254435,0.8172694694038621,0.002589504085678567,0.0,0.8172352198724945,-0.576172533108641,-0.011513226842890509,0.0,-0.007917560102041699,0.008750705515148463,-0.999930366273081,0.0,0.6561116732081543,0.25360210812542233,0.3038300215332185,1.0,-0.015080000000000012,-0.01981942857142859,-0.007540000000000006,0.7550000000000006
0.4608638307005016,0.5155916733575149,-0.12413734414461607,-1.405574215624336,0.07644515402898208,1.9125325644432638,0.15557748939109062,-0.01385204840275775,-0.08054643232798238,-0.0005656901255689179,-0.1293465677754086,-0.004500824795840416,0.05769087371095086,-0.01235236697582854,0.5763111465414023,0.8172144684643476,0.002592644571924689,0.0,0.8171804348530821,-0.5762506926939501,-0.011490124641562845,0.0,-0.007896034894202875,0.00874071361061024,-0.9999306238727399,0.0,0.6558881349885128,0.25330542632280195,0.3038275321720415,1.0,-0.015380000000000012,-0.020213714285714304,-0.007690000000000006,0.7700000000000006
0.46067845264916,0.5141095867960385,-0.12414404474805567,-1.4079181115757426,0.07631766247537837,1.9134010112879296,0.15539907484638765,-0.007019975086386762,-0.08620249407254937,-0.0007125211092212795,-0.13368124027669223,-0.003536595150544498,0.051933078361426584,-0.008896632024081653,0.576410669914812,0.8171442425515394,0.002602570736225102,0.0,0.8171102124827873,-0.5763500330860509,-0.0115016050728038,0.0,-0.007898630708528365,0.00875640360029245,-0.9999304660969777,0.0,0.6555995171478672,0.25295954448638547,0.30382634378697554,1.0,-0.01574000000000001,-0.02068685714285716,-0.007870000000000005,0.7880000000000006
0.46048965636936173,0.5127895730357536,-0.12414367141982766,-1.410051252434514,0.07619239339003857,1.9141498025008767,0.15523753536756432,-0.009468653552518766,-0.08726567384428456,-0.0004332974527991312,-0.13399366363473447,-0.011393377730027321,0.04225612358874933,-0.007492425333696868,0.5765106214433849,0.8170738963385129,0.0025491540501402657,0.0,0.8170390530789088,-0.5764500144185922,-0.011546147493138322,0.0,-0.007964749177061858,0.008739403338420909,-0.9999300903562381,0.0,0.6553310741653875,0.2526308101640004,0.30380084406870805,1.0,-0.016060000000000012,-0.02110742857142859,-0.008030000000000006,0.8040000000000006
0.46029992616109344,0.5113863381525637,-0.12414473684690465,-1.4123452272394568,0.07603822353243406,1.9149814994782033,0.15505893991389758,-0.013629224202327692,-0.09444377778163868,0.0012510100450805056,-0.13391174820505136,-0.008454341272350186,0.04730116421993291,-0.0048291771465955894,0.576607130964965,0.8170059665322239,0.002492804105152086,0.0,0.8169704608036052,-0.5765467756028827,-0.011568431936636233,0.0,-0.008014414048924168,0.008707155306947822,-0.9999299748551961,0.0,0.6550291674648088,0.25225986591603,0.30376816346359364,1.0,-0.01642000000000001,-0.021580571428571445,-0.008210000000000005,0.8220000000000006
0.4601036127222529,0.5099222194841431,-0.12414051209635756,-1.4146889384339825,0.07590216857910405,1.9158697850849407,0.15488077760894553,-0.007728979673329229,-0.08372892423947882,0.0003376683015651308,-0.1392193390046452,-0.0030451283343789254,0.052730917129465496,-0.008637447334046179,0.5766961909705584,0.8169430944728424,0.002496119867704736,0.0,0.8169075491302837,-0.5766357235600708,-0.011577797265229468,0.0,-0.008019204033556604,0.00871613855882597,-0.9999298581877086,0.0,0.6547573334321334,0.25193694684582674,0.3037502100630192,1.0,-0.016740000000000012,-0.022001142857142875,-0.008370000000000006,0.8380000000000006
0.4598906805081563,0.5083328692230479,-0.12414514032049569,-1.4172046549761173,0.07574427353945876,1.9167651925727287,0.15467592693196494,-0.014847330728984543,-0.0847747865555779,0.00100614318884578,-0.13759581878643376,-0.009210930267999847,0.049423770356821814,-0.014637942271765517,0.5767938720541386,0.8168742241365026,0.002465360701613916,0.0,0.8168382546307464,-0.5767334703589004,-0.011598139539753468,0.0,-0.008052520240802441,0.008703704319579258,-0.999929698753312,0.0,0.6544402678680512,0.251552538688635,0.30374260525567925,1.0,-0.017100000000000014,-0.02247428571428574,-0.008550000000000007,0.8560000000000006
0.45970693187550793,0.5070665033822815,-0.12414334495673655,-1.4191695997376876,0.07561991419311541,1.9174739396380205,0.154520066667053,-0.012487179584627209,-0.09061747563685268,0.0004158710275482062,-0.139783651651276,-0.005414074009598353,0.05737913504888181,-0.006142978381785938,0.5768987839229597,0.8168001723919147,0.0024532407050344394,0.0,0.8167640471138896,-0.5768384125676604,-0.011605344879384702,0.0,-0.008064279486580228,0.00869899563733438,-0.9999296449607162,0.0,0.654160858203093,0.25120027371756426,0.3037437996720052,1.0,-0.017420000000000015,-0.022894857142857168,-0.008710000000000008,0.8720000000000007
0.4594645425184898,0.5053067717534913,-0.1241483423528362,-1.4219010431651706,0.07544998692423409,1.9185005155412764,0.15430198996570835,-0.017059198418765284,-0.09367577014473087,-0.0001864849297569798,-0.1408663095474512,-0.015292936330716168,0.05383271620578509,-0.013122313705209984,0.5770146164272085,0.816718174333534,0.00251058635959457,0.0,0.8166828213696105,-0.5769540656947661,-0.011572478527128028,0.0,-0.008003114612500306,0.008728010051128415,-0.9999298835403645,0.0,0.6538509457822003,0.2507988027187392,0.3037696682861223,1.0,-0.017780000000000015,-0.023368000000000024,-0.008890000000000007,0.8900000000000007
0.4592477538569279,0.5037515023567263,-0.12415922008213719,-1.4242333831300917,0.07530282278235467,1.919407909724203,0.15412349597757355,-0.016734573892841633,-0.0992624657424634,-0.001194422886422539,-0.15184130423470768,-0.012032593161274934,0.05625849000961595,-0.008469579951556599,0.5771210920573896,0.8166426047176467,0.002616899629630935,0.0,0.8166087254714992,-0.5770602819482438,-0.011505102469562264,0.0,-0.007885599832414325,0.0087769893569489,-0.9999303884636724,0.0,0.6535928154129447,0.25045810043339545,0.30382877174514994,1.0,-0.018080000000000013,-0.023762285714285736,-0.009040000000000006,0.9050000000000007
0.459007296243705,0.5019790672456141,-0.12416559162806005,-1.4268576893196032,0.07513294219917903,1.9203981211432621,0.15391407585583838,-0.015745844234439272,-0.10294638826818811,3.0169522845317743e-05,-0.1440517862982332,-0.008065652341400753,0.05248140105959556,-0.012286739072894595,0.5772393013075208,0.8165586902519556,0.002727874855002527,0.0,0.8165263463396693,-0.5771782364472174,-0.011434859250500366,0.0,-0.007762913154878814,0.008828201823177631,-0.9999308976283907,0.0,0.6532771301540227,0.25004897703495127,0.30390314639658417,1.0,-0.018440000000000015,-0.024235428571428595,-0.009220000000000008,0.9230000000000007
0.4587942782888015,0.5003622110362967,-0.12416711050746362,-1.4292947807171372,0.07498033841066826,1.9212504747513635,0.1537235175581371,-0.015419674611154087,-0.09847993744942102,-0.003483785613463009,-0.150324652085124,-0.0040006399850013395,0.05669102151343495,-0.009802418789234338,0.5773413801143669,0.816486428549747,0.0027549415466261223,0.0,0.8164543757949695,-0.5772801518946625,-0.011429145853038909,0.0,-0.007741518452644203,0.008847973272027632,-0.9999308887423294,0.0,0.6529648375730134,0.24967442501118856,0.3039453038642743,1.0,-0.018760000000000016,-0.024656000000000025,-0.009380000000000008,0.9390000000000007
0.45855380593022355,0.4986758817236389,-0.1241671112698267,-1.43189414639529,0.0748067995141167,1.9222165234696005,0.1535200150240925,-0.013017395441582322,-0.10080712872617455,-0.0021473615529044336,-0.1512986520272135,-0.012656531568454876,0.0595941070240444,-0.006239363376417466,0.5774566056410932,0.8164048183724102,0.002790706180708349,0.0,0.8163733134897078,-0.577395352159175,-0.011400317014272684,0.0,-0.007696081136852717,0.00886161703160357,-0.9999311186670411,0.0,0.6526445353537508,0.24926889266570187,0.3039679269005603,1.0,-0.019100000000000016,-0.02510285714285717,-0.009550000000000008,0.9560000000000007
0.45834645498266907,0.49729396405330184,-0.1241639522058174,-1.434078831163122,0.07467761305704047,1.9230201959242368,0.15334772843300484,-0.014701597381641146,-0.108474062962981,-0.00010031793356270899,-0.15470027279441934,-0.002583524694299388,0.06057787649974124,-0.011708245862103187,0.5775588383658825,0.8163324901775589,0.002792956706829921,0.0,0.8163009234473619,-0.5774974605667563,-0.011411937571693374,0.0,-0.007703158319652292,0.00887112934307456,-0.9999309798261482,0.0,0.65237155434746,0.24892822089299207,0.303961045872532,1.0,-0.019380000000000015,-0.025470857142857167,-0.009690000000000008,0.9700000000000008
0.458025520325946,0.4953403676578986,-0.124167405173156,-1.4372470893453124,0.07447716357023618,1.924121733318642,0.15309798136927374,-0.018833552007388826,-0.0983828311896692,-0.0005192931241238416,-0.15653677471600255,-0.00841883970930952,0.04924227371175681,-0.01079986297637214,0.5777247981450323,0.8162153890475605,0.002691317786816869,0.0,0.8161824259833229,-0.5776636213939457,-0.01147758403228777,0.0,-0.00781365477425261,0.008827661158414712,-0.9999305071841449,0.0,0.6519675971444745,0.24840949154025,0.3039098902397759,1.0,-0.019780000000000016,-0.025996571428571456,-0.009890000000000008,0.9900000000000008
0.4577666628971955,0.4937607108546096,-0.12417314165048426,-1.439847616970546,0.07431023454288156,1.9250399510175107,0.15288946228418723,-0.0185394306632912,-0.10261865403517022,-0.00018795242636521564,-0.16600614692497892,-0.012326156015042984,0.05536168566687661,-0.01571382786793869,0.5778553766671061,0.8161232560603625,0.0025964351632753267,0.0,0.8160890414270928,-0.5777944636386972,-0.0115317454137317,0.0,-0.007911272069079267,0.00878277246879211,-0.9999301349004391,0.0,0.6516365322338251,0.24798538929922892,0.30385200165880577,1.0,-0.020622857142857172,-0.027104326530612288,-0.012875136107142932,1.006
0.45749215348545297,0.49192025246280174,-0.12421062696741209,-1.4427616502514407,0.07413299079440737,1.9261209691937193,0.15271298170034708,-0.017039062540562193,-0.11156718574479335,0.0005229429842955942,-0.18055483147708226,-0.005654919129196739,0.06912699320463549,-0.013172056840019828,0.578080747522324,0.815963687904749,0.002579974054270717,0.0,0.8159293859666368,-0.5780200000425154,-0.011526646006786672,0.0,-0.007914200354792289,0.008768577608230382,-0.9999302363062499,0.0,0.6512567171578973,0.24747531404308962,0.3038325799062768,1.0,-0.022937142857142632,-0.03014595918367318,-0.023261626092856074,1.023999999999998
