position_joint1,position_joint2,position_joint3,position_joint4,position_joint5,position_joint6,position_joint7,velocity_joint1,velocity_joint2,velocity_joint3,velocity_joint4,velocity_joint5,velocity_joint6,velocity_joint7,ee_T_00,ee_T_10,ee_T_20,ee_T_30,ee_T_01,ee_T_11,ee_T_21,ee_T_31,ee_T_02,ee_T_12,ee_T_22,ee_T_32,ee_T_03,ee_T_13,ee_T_23,ee_T_33,v_x,v_y,time
0.465066716704,0.547788144538,-0.123907711221,-1.35584759948,0.0795573629489,1.89410337396,0.159163567105,-0.000772931509025,-0.000507968709534,0.00111521529015,0.00101085845464,-9.54140433233e-05,-0.000242211658707,0.0019649106133,0.57377461102,0.818999097992,0.00197993395301,0.0,0.818955384387,-0.5737149816,-0.0119977153173,0.0,-0.0086903675679,0.0085056257705,-0.999926063188,0.0,0.661654144322,0.260940291553,0.303200179714,1.0,0.0,0.0,0.0
0.465072242624,0.547789848301,-0.123910453738,-1.35584796922,0.0795573629489,1.89409950383,0.159161187447,0.000951045645446,-2.19256106531e-05,-0.000257590915782,-0.000677148453354,-5.67667122216e-05,-0.000237195596189,-0.00144455063719,0.573770048576,0.819002307823,0.00197434507941,0.0,0.818958528766,-0.573710450775,-0.0119997389168,0.0,-0.00869527887173,0.00850216121567,-0.999926049956,0.0,0.661652429825,0.260942030286,0.303198551379,1.0,-0.00018,-0.000236571428571,0.01
0.465063794541,0.547786054639,-0.123916400387,-1.35585368355,0.0795573629489,1.89410186894,0.159162752817,-0.000575976132937,0.00151116632774,-0.00168903562194,-0.00124989871953,-0.000242459018215,-0.000367836398215,0.00113390391282,0.573782726182,0.818993428363,0.00197340663505,0.0,0.818949665615,-0.573723158707,-0.0119970518533,0.0,-0.00869348491603,0.00849998547349,-0.999926084052,0.0,0.661655262354,0.26093253145,0.303198921295,1.0,-0.0005,-0.000657142857143,0.026
0.465066140511,0.547768350623,-0.123908604675,-1.35586349356,0.0795541297035,1.8941061156,0.159157820996,0.000183987922973,0.00308425322342,-0.00119803687046,-0.000117280452477,0.000369944446428,-0.000405148130695,-0.000528849289947,0.573775672063,0.818998359786,0.00197780621058,0.0,0.818954627663,-0.573716060591,-0.0119977727006,0.0,-0.00869162431581,0.00850392737026,-0.99992606671,0.0,0.661651943652,0.260934411907,0.30320260817,1.0,-0.00086,-0.00113028571429,0.044
0.465065865039,0.547696730805,-0.123908631283,-1.35593775446,0.0795544254894,1.8941155221,0.15916155352,-0.000815411748023,-0.00255069769911,0.000449607817586,-0.00996264011792,0.000195313261984,0.000274167077911,0.000464329022072,0.573778366635,0.818996432297,0.00199418321518,0.0,0.818952860716,-0.573718633321,-0.0119953577057,0.0,-0.0086802222175,0.00851598275953,-0.999926063157,0.0,0.661638917622,0.260930047326,0.303223108801,1.0,-0.00118,-0.00155085714286,0.06
0.465065289759,0.547566096195,-0.123906125521,-1.35610728913,0.0795552170825,1.89414386476,0.159157599223,-0.00088551149848,-0.00481429728588,0.000273624189113,-0.00995642740147,-0.00153994144507,0.00166725216038,0.000924596241688,0.573783275596,0.818992994426,0.00199364696208,0.0,0.818949255898,-0.573723387068,-0.0120140873946,0.0,-0.00869581894436,0.0085263422732,-0.99992583936,0.0,0.661608683474,0.260914760163,0.303237338816,1.0,-0.0015,-0.00197142857143,0.076
0.465047868087,0.547421341951,-0.123906125633,-1.35630740795,0.0795524534688,1.89420770666,0.159145323626,-0.00123220994908,-0.00564371221597,0.00111798606326,-0.0172092839332,0.000339604434318,0.00273975456288,-0.000826211289851,0.573797867174,0.818982739705,0.00200663720572,0.0,0.818939073341,-0.573737825914,-0.0120186593391,0.0,-0.00869195823246,0.00853975912569,-0.999925758432,0.0,0.661584057046,0.260885270546,0.303250169494,1.0,-0.00184,-0.00241828571429,0.093
0.465032458354,0.547228897749,-0.123909695143,-1.35651939007,0.0795494697305,1.89434102168,0.159138024665,0.000646979616999,-0.00860084650136,0.000351911108308,-0.00979039435173,1.96795714477e-05,0.00254896943365,-0.000616737942674,0.573818366514,0.818968124817,0.00210705634914,0.0,0.818925785746,-0.573757918016,-0.01196477559,0.0,-0.00858999494876,0.00859129617014,-0.999926198085,0.0,0.661572140098,0.260858966976,0.303297280032,1.0,-0.00218,-0.00286514285714,0.11
0.465010258814,0.547036950397,-0.123908951104,-1.35675615743,0.0795485114567,1.89446253993,0.15912479553,0.000953554264545,-0.0150947858597,-0.000523396391048,-0.0167062691085,-0.00196219954448,0.00674188013952,0.000177844253632,0.573838355835,0.818953929593,0.00217932955096,0.0,0.818912464666,-0.573777539669,-0.0119355388348,0.0,-0.00852437020326,0.00863391634452,-0.999926392592,0.0,0.661552824266,0.260827237853,0.303331071577,1.0,-0.0025,-0.00328571428571,0.126
0.464978213879,0.546812669152,-0.123909435153,-1.35708820689,0.0795360882258,1.89459271978,0.1591052531,-0.00225293652185,-0.0176151133249,-0.000266987863026,-0.0216169234296,-0.00254100477457,0.0112033795847,0.000374935376925,0.573864255984,0.818935719978,0.0022020785381,0.0,0.81889449886,-0.573803290749,-0.0119302205752,0.0,-0.00850668764472,0.0086497636898,-0.999926406219,0.0,0.661517706207,0.260776119636,0.303343174758,1.0,-0.00284,-0.00373257142857,0.143
0.464932094208,0.546508972007,-0.123907272141,-1.35753521135,0.0795280758393,1.89475713685,0.158979365439,-0.00667187490678,-0.019527372867,0.000212224045194,-0.0263847635083,0.000361528333128,0.0141764117319,-0.013457525218,0.573820272819,0.818966457666,0.00223217868922,0.0,0.818925442063,-0.573759000937,-0.011936334709,0.0,-0.00849488869241,0.00867746582709,-0.999926266508,0.0,0.661467926919,0.260707660814,0.303359685972,1.0,-0.00322,-0.004232,0.162
0.464894540754,0.546234155411,-0.123909329379,-1.35796754205,0.0795157349533,1.89490040283,0.158929716196,-0.000456038762651,-0.021944978699,0.000584335308502,-0.0262846448141,0.000274637567239,0.00602310571435,-0.00334181043527,0.57383260803,0.81895782751,0.00222746978892,0.0,0.818916611545,-0.573771211825,-0.0119551962785,0.0,-0.00851290743144,0.00868456067656,-0.999926051672,0.0,0.661415474749,0.260641646367,0.303361004364,1.0,-0.00354,-0.00465257142857,0.178
0.464845857526,0.545951191903,-0.123906548246,-1.35845827514,0.0794948233745,1.89508026729,0.158898856672,-0.00674259511419,-0.020502387159,0.000980448432103,-0.0309913055446,7.95233205264e-05,0.00918468765237,-0.00532736147181,0.573867201259,0.818933640841,0.00220774098783,0.0,0.818892067244,-0.573805779179,-0.0119773489024,0.0,-0.00854200386656,0.0086814764199,-0.999925830318,0.0,0.661359361508,0.26056534242,0.303343281603,1.0,-0.00386,-0.00507314285714,0.194
0.4647922068,0.545605772248,-0.123914203678,-1.35905345154,0.0794433202505,1.89527479207,0.158791178024,-0.00172057470556,-0.0180293797224,-0.00165748186707,-0.0362810821573,0.000222195322848,0.0115632429251,-0.0101613791381,0.573847786043,0.81894739841,0.00215034715008,0.0,0.818905202982,-0.573786731878,-0.0119917367915,0.0,-0.00858692630914,0.00864252847351,-0.999925782945,0.0,0.661289183018,0.260464172903,0.30332160724,1.0,-0.0042,-0.00552,0.211
0.464723762486,0.545210762845,-0.123915031222,-1.35973548713,0.0793808694363,1.89549554302,0.15873986614,-0.006937263915,-0.0200174932631,-0.000401239950882,-0.040269575244,-0.000959986021682,0.0047158246463,0.000232375384348,0.573883743424,0.818922379759,0.00208131334602,0.0,0.818879425504,-0.573823115557,-0.0120110548905,0.0,-0.00864198233064,0.00859745934786,-0.999925697157,0.0,0.661208410994,0.260347526651,0.303295702238,1.0,-0.00454,-0.00596685714286,0.228
0.464653542557,0.544778645227,-0.12391818947,-1.36044196348,0.0793635628053,1.89573048106,0.158644231683,-0.0073544609986,-0.0275323218362,-0.00104583685935,-0.0434612771534,-0.0010292430351,0.0186624933799,-0.00660440849582,0.573899825965,0.818911160102,0.00206119343108,0.0,0.818867681209,-0.573839021379,-0.0120517681433,0.0,-0.00868670145611,0.0086045179891,-0.99992524895,0.0,0.661124216606,0.260234226454,0.303285787363,1.0,-0.00488,-0.00641371428571,0.245
0.464597306502,0.544356594245,-0.123920723505,-1.36114581002,0.0793340887085,1.89598743792,0.158543484225,-0.00194576486379,-0.0283592805467,-0.000478589495868,-0.0430124333809,-0.00487435238251,0.0102852268579,-0.00308506363385,0.573898072802,0.818912437479,0.00204173373344,0.0,0.818868600591,-0.573837249335,-0.0120736549199,0.0,-0.00871581111663,0.00860112453358,-0.999925024836,0.0,0.661037184869,0.260122298016,0.30326941023,1.0,-0.00522,-0.00686057142857,0.262
0.464525618716,0.543856521002,-0.123916449452,-1.36195749467,0.0792898305247,1.89628100448,0.158454682803,-0.00554550675097,-0.031446287114,0.000951680961422,-0.0503112301437,-0.00684658326996,0.0108796835053,-0.00247354128234,0.57391303317,0.818901974256,0.00203317940798,0.0,0.81885792258,-0.573852143223,-0.012089964743,0.0,-0.00873391979094,0.00860363904955,-0.999924845196,0.0,0.660946650469,0.260008310178,0.303264639992,1.0,-0.00554,-0.00728114285714,0.278
0.464444034347,0.543298354868,-0.123927036629,-1.36285037698,0.0792437731557,1.8965808673,0.158341101077,-0.00818917681281,-0.0318019562796,-0.00102330355596,-0.0532319089668,-0.00163904620325,0.0169522254388,-0.000736447661095,0.573931507185,0.818889094527,0.00200569837216,0.0,0.818844610774,-0.57387066301,-0.0121124912672,0.0,-0.00876794436177,0.00859426113781,-0.999924628073,0.0,0.660841782194,0.259862494603,0.303260878126,1.0,-0.0059,-0.00775428571429,0.296
0.464373111648,0.542775112542,-0.123924250049,-1.36368421015,0.0791987488841,1.89688884884,0.158227546155,-0.00664532392673,-0.0349791315356,0.000559421769058,-0.0521323626084,-0.000199348001723,0.0213992251627,-0.00559410607515,0.573929050259,0.818890814485,0.00200651994332,0.0,0.818846268119,-0.573868130897,-0.0121204137867,0.0,-0.00877398659467,0.00859945450701,-0.999924530423,0.0,0.660745192199,0.25973875161,0.303260715908,1.0,-0.00622,-0.00817485714286,0.312
0.464299532976,0.542213042953,-0.12392217478,-1.36455462021,0.079145659817,1.89721189594,0.158119658392,-0.00792323762168,-0.0314389386094,0.00193423038872,-0.0604906564347,-0.00107678693938,0.0255170045541,-0.00487002651253,0.573933718379,0.818887512288,0.00201891722518,0.0,0.818843118517,-0.573872734793,-0.012115214351,0.0,-0.00876256489788,0.00860667220321,-0.99992456848,0.0,0.660645380919,0.259608737154,0.303271855931,1.0,-0.00654,-0.00859542857143,0.328
0.464221238332,0.541556631167,-0.123927049861,-1.36557001729,0.0790875866401,1.89757933712,0.157987221271,-0.00626031569314,-0.0368844796264,-0.00451429708921,-0.0576391046024,-0.00104837184829,0.0211535061285,-0.00686490480901,0.573933613714,0.818887566128,0.00202681818226,0.0,0.818843251028,-0.573872571393,-0.0121139981235,0.0,-0.00875703567753,0.00861244292538,-0.999924567231,0.0,0.660526415351,0.259457820382,0.303284698102,1.0,-0.0069,-0.00906857142857,0.346
0.464127672828,0.540928283396,-0.123925424054,-1.36653886344,0.0790335229322,1.89793690397,0.157856119783,-0.00671266446801,-0.0372722563268,0.000780079324862,-0.0586061516932,-0.000954765523959,0.0174918469504,-0.00751455118437,0.573941018271,0.818882333402,0.00204413519499,0.0,0.818838188411,-0.573879844,-0.0121116783055,0.0,-0.00874511977608,0.00862537100469,-0.999924560082,0.0,0.660417559958,0.259305730146,0.303298697269,1.0,-0.00722,-0.00948914285714,0.362
0.464045221343,0.540250116007,-0.12393596971,-1.36755671154,0.0789721889863,1.89830673424,0.157733960171,-0.00658359875068,-0.0469918547147,-0.00112125733879,-0.0617307681653,-0.000366052872913,0.0248983379104,-0.00376792153745,0.573955809226,0.818871907035,0.0020678071916,0.0,0.818828112074,-0.573894570417,-0.01209511574,0.0,-0.00871781501687,0.00863540685941,-0.999924711891,0.0,0.660301287555,0.259148428989,0.30332594135,1.0,-0.00754,-0.00990971428571,0.378
0.463937007046,0.539468032543,-0.123937049489,-1.3687855346,0.0789029941445,1.89878086149,0.157577825222,-0.00681677516062,-0.0486854970884,-0.00163779652376,-0.0683118641188,-0.00876554371122,0.0330906633712,-0.00994033509172,0.573966974131,0.818864019465,0.0020921600775,0.0,0.818820521029,-0.573905607276,-0.0120853291302,0.0,-0.00869570620762,0.0086498499334,-0.999924779566,0.0,0.660164526929,0.25896173486,0.303334836198,1.0,-0.0079,-0.0103828571429,0.396
0.463838915964,0.538754715963,-0.123937025526,-1.36987771506,0.0788365994941,1.8991988327,0.15744797682,-0.00791439885789,-0.0461359168303,-0.00542215215501,-0.070446008399,-0.00142090782134,0.0160244087629,-0.004650404949,0.573980790145,0.818854251345,0.00212473529358,0.0,0.81881119264,-0.573919296118,-0.012067280246,0.0,-0.00866208391946,0.00866631094364,-0.999924928861,0.0,0.660035755352,0.258782679842,0.303353403985,1.0,-0.00824,-0.0108297142857,0.413
0.463724129879,0.537968571992,-0.123940558918,-1.37109562272,0.0787695335214,1.89967312353,0.15730225959,-0.0051766215282,-0.0483904019204,-0.000285583075454,-0.0714965439798,-0.000807916105612,0.0335473320585,-0.0115941231727,0.574010192914,0.818833542999,0.00216198783977,0.0,0.818790964589,-0.573948530778,-0.0120493662592,0.0,-0.00862572159261,0.00868684240833,-0.99992506504,0.0,0.65991064027,0.258603616614,0.303371929721,1.0,-0.00856,-0.0112502857143,0.429
0.463606093289,0.537108071126,-0.12394481654,-1.37243827644,0.0786881335322,1.90016662492,0.157140787738,-0.00940064589002,-0.0491016400667,-0.000142696393679,-0.0780649353409,-0.000984101565789,0.0245264054065,-0.00509392957067,0.574029779928,0.81881979084,0.00216997387471,0.0,0.818777324664,-0.573968089617,-0.012044568042,0.0,-0.00861700082952,0.0086908334717,-0.999925105551,0.0,0.659756589617,0.258395503333,0.30338337671,1.0,-0.00892,-0.0117234285714,0.447
0.463497540402,0.536310990271,-0.123947012854,-1.37368528475,0.0786222226324,1.90064000797,0.156980322239,-0.00973520728879,-0.0474144730633,-0.00029862907675,-0.0803781976773,-0.00201413732656,0.0284078581125,-0.00512676677506,0.574039871509,0.818812653101,0.00219361344454,0.0,0.818770428171,-0.573978012372,-0.0120405218492,0.0,-0.00860001133212,0.00870797308991,-0.9999251027,0.0,0.659614958509,0.258206512873,0.303393630415,1.0,-0.00924,-0.012144,0.463
0.463391980075,0.535471947108,-0.123947129533,-1.37498545419,0.078539452033,1.90110783933,0.156817474496,-0.00830137008512,-0.0563194886847,0.00191897230637,-0.0846204905033,-0.00566180724834,0.0278667444113,-0.00798380291819,0.574042170982,0.818811031401,0.00219720078357,0.0,0.818768860425,-0.573980303711,-0.0120379006377,0.0,-0.00859578135941,0.00870942988132,-0.999925126384,0.0,0.659460385769,0.258011869097,0.303407466279,1.0,-0.00956,-0.0125645714286,0.479
0.463261718765,0.53459347367,-0.123948168493,-1.3764224636,0.0784671324149,1.90163037819,0.156647684568,-0.00963120403097,-0.0526062009918,-0.00145562243183,-0.0861518060299,-0.00471066869568,0.0347917363661,-0.0138795490337,0.574070007079,0.81879158064,0.00217286598192,0.0,0.818748928502,-0.574008073751,-0.0120693929846,0.0,-0.00863524099756,0.00870787586417,-0.999924799928,0.0,0.659291652084,0.257790081572,0.303388657032,1.0,-0.0099,-0.0130114285714,0.496
0.463130250104,0.533626367311,-0.123950569634,-1.37799403702,0.0783837890929,1.90220428156,0.156456948935,-0.00720122077591,-0.0544861127305,0.000497188042445,-0.0866816635066,-0.00495535307493,0.0358123323172,-0.00481535927979,0.574086904789,0.818779790127,0.00215126253358,0.0,0.818736724331,-0.574024929224,-0.0120956092378,0.0,-0.00866892897334,0.00870541611502,-0.999924529852,0.0,0.65910504944,0.257553624109,0.303372626975,1.0,-0.01026,-0.0134845714286,0.514
0.4630022175,0.532733556369,-0.123951278592,-1.37942868231,0.0783057664312,1.90275355468,0.156280467096,-0.00931932263556,-0.0599588315661,0.00108372027024,-0.0961893687586,-0.000605680389589,0.0390304420187,-0.007829051507,0.574105400803,0.81876679791,0.00216016449996,0.0,0.818723780753,-0.574043316655,-0.0120991046568,0.0,-0.00866648404002,0.00871490716378,-0.999924468371,0.0,0.658941494929,0.25733489799,0.303366986921,1.0,-0.01058,-0.0139051428571,0.53
0.462881672265,0.531763825332,-0.12395907496,-1.38099041504,0.0782115022774,1.90332362188,0.156072016583,-0.00619767510913,-0.058150130993,-0.00165239133734,-0.0921356403861,-0.00274933720589,0.023544456845,-0.0103128405247,0.574098808655,0.818771476267,0.00213879709398,0.0,0.818728177113,-0.574036814511,-0.0121100986337,0.0,-0.00868782233285,0.00870365421659,-0.999924381214,0.0,0.658754693999,0.257101732305,0.303356909187,1.0,-0.01092,-0.014352,0.547
0.462741765565,0.530756317369,-0.123959439799,-1.38262468637,0.078104991714,1.90389412981,0.155862721159,-0.00833724156487,-0.0605348311819,-0.00114543610225,-0.101964267501,-0.0109311972953,0.0360723500332,-0.0110178116297,0.574102417609,0.818769080775,0.00208647129554,0.0,0.818725084378,-0.574040637139,-0.0121379579763,0.0,-0.00874063366717,0.00867684446268,-0.99992415397,0.0,0.658555558573,0.25685010971,0.303338496574,1.0,-0.01126,-0.0147988571429,0.564
0.462605314304,0.529797008369,-0.123959843718,-1.38416496314,0.0780091709067,1.90445478243,0.155667412796,-0.0101420328903,-0.0581047426234,-0.00130976271517,-0.0980703859919,-0.00281540151763,0.0347189890541,-0.00924226672083,0.574112422351,0.818762115483,0.0020667980496,0.0,0.818717847291,-0.574050712484,-0.0121496059587,0.0,-0.00876135886736,0.00866753103431,-0.999924053364,0.0,0.658373234343,0.256612340808,0.303329801448,1.0,-0.01158,-0.0152194285714,0.58
0.462464464326,0.528718793486,-0.12396295661,-1.38585104186,0.0779142045416,1.90509394975,0.155423246047,-0.00786771128365,-0.0572326122409,-0.000969125382694,-0.100918588246,-0.00839932292347,0.048759376618,-0.0203422512553,0.574096065111,0.818773511227,0.00209576696749,0.0,0.818729573728,-0.574034182565,-0.012140397446,0.0,-0.00873736218782,0.00868578802689,-0.999924104914,0.0,0.65817688441,0.256359830257,0.303342128105,1.0,-0.01192,-0.0156662857143,0.597
0.462317008984,0.527526600348,-0.123960462677,-1.38766785834,0.0777926514267,1.90579932276,0.155169357368,-0.00852711745788,-0.0718639762041,0.00109223756658,-0.0992255480185,-0.0132721852551,0.0315504380876,-0.0129166835307,0.574072883122,0.818789603948,0.00215783051894,0.0,0.818746606558,-0.574010863705,-0.0120941928509,0.0,-0.00866414802621,0.00870983226509,-0.999924532833,0.0,0.657967505602,0.256092445663,0.30337769512,1.0,-0.01228,-0.0161394285714,0.615
0.462183147712,0.52650227252,-0.123962948577,-1.38925343248,0.0776951637996,1.90639310876,0.154964335165,-0.00622055192359,-0.0700948608699,8.43319036907e-05,-0.112900226584,-0.00771932768332,0.0437659258882,-0.00913173362176,0.574075765996,0.818787514225,0.00218365442765,0.0,0.81874487351,-0.574013655402,-0.012079007209,0.0,-0.0086368591131,0.00872228911522,-0.999924660331,0.0,0.657781437036,0.255852705531,0.303395412293,1.0,-0.01258,-0.0165337142857,0.63
0.462019211821,0.525255044869,-0.123969351854,-1.39117998129,0.0775687219981,1.90709293175,0.154709111763,-0.00975734529946,-0.0716563303022,-4.54122985681e-05,-0.102077845645,-0.0110685588215,0.0331115648988,-0.0139322102119,0.574075116893,0.818787939716,0.00219473061322,0.0,0.818745520169,-0.574013036742,-0.0120645660409,0.0,-0.00861868312443,0.0087230609637,-0.999924810428,0.0,0.657552042394,0.255555928203,0.303416674426,1.0,-0.01294,-0.0170068571429,0.648
0.46186757879,0.524090979689,-0.12397570532,-1.39306837569,0.0774555974919,1.90776313592,0.154448828951,-0.0100510308627,-0.0673437657228,-0.000720315396938,-0.10739973071,-0.00345773150602,0.0423436092062,-0.00749236891954,0.5740615577,0.818797571216,0.00214761331539,0.0,0.818754469124,-0.573999612483,-0.0120959109163,0.0,-0.00867154022313,0.00870233300921,-0.999924534048,0.0,0.657318976018,0.255270885241,0.303394775542,1.0,-0.01328,-0.0174537142857,0.665
0.461717468988,0.522949888314,-0.123978251729,-1.39488877297,0.077341258692,1.90846153279,0.154192119253,-0.01115849905,-0.0729246396709,-0.00177457598816,-0.11535499862,-0.00576865926255,0.0505053982996,-0.0220653985818,0.574043057152,0.818810511399,0.00215913395591,0.0,0.818767612571,-0.573981117973,-0.0120838618376,0.0,-0.00865525760961,0.00870465353733,-0.999924654923,0.0,0.657105158722,0.254998550877,0.303391095207,1.0,-0.0136,-0.0178742857143,0.681
0.461556907541,0.52170671842,-0.12397646647,-1.39684148286,0.0772297800271,1.90922012309,0.153933179942,-0.0134029770842,-0.0742857725882,-0.000658549796509,-0.119688222095,-0.00545966763129,0.0436141741454,-0.0120432428395,0.57403593261,0.818815389278,0.00220301055173,0.0,0.818773019251,-0.573973763119,-0.0120668595231,0.0,-0.00861622591027,0.00873074465481,-0.999924764544,0.0,0.656875802639,0.254712069132,0.303400946633,1.0,-0.01394,-0.0183211428571,0.698
0.461381590588,0.520364779343,-0.123981310149,-1.39899640802,0.0770885965474,1.91000904273,0.153649096885,-0.0106916390763,-0.0764363353456,-0.000318933551196,-0.116183615249,-0.0110502323767,0.0412114728842,-0.0133685244643,0.574027117232,0.81882164538,0.00217454391147,0.0,0.818778963271,-0.573965129959,-0.0120741789482,0.0,-0.00863865301508,0.00871154466823,-0.9999247385,0.0,0.656613555616,0.25438669221,0.303386395601,1.0,-0.0143,-0.0187942857143,0.716
0.461232404129,0.519199410523,-0.123982553129,-1.40080286033,0.0769787291908,1.91066038749,0.153400393398,-0.0136210681699,-0.0788594400889,-5.51225152129e-06,-0.121161765973,-0.00502192778234,0.045616177177,-0.0168889773789,0.574012840684,0.818831629345,0.00218367019613,0.0,0.818789021282,-0.573950770884,-0.0120746897152,0.0,-0.00863398489185,0.00871915999732,-0.999924712443,0.0,0.656391631921,0.25411538156,0.303401285024,1.0,-0.0146,-0.0191885714286,0.731
0.461061631063,0.517844722633,-0.123986032774,-1.40291241109,0.0768420261599,1.91142181943,0.153119050284,-0.00307349191888,-0.0822917634142,0.000341890006884,-0.128857567452,-0.00957282897324,0.0373277810075,-0.0145055030919,0.573999612818,0.818840900349,0.00218433089988,0.0,0.818798331947,-0.573937573253,-0.0120706466519,0.0,-0.00863043575903,0.0087172408358,-0.999924759815,0.0,0.656131794724,0.253798304658,0.303414048475,1.0,-0.01494,-0.0196354285714,0.748
0.460879917005,0.516515099079,-0.123989210165,-1.40504160096,0.0766960887,1.91220724032,0.152820769562,-0.0106711474565,-0.0800965788253,0.000317668803511,-0.127191699918,-0.0128204144951,0.045166612833,-0.0188309937523,0.573979592818,0.818854994544,0.00216144392717,0.0,0.81881224139,-0.573917768138,-0.0120687889101,0.0,-0.00864226339287,0.00869722273958,-0.999924831975,0.0,0.655873865952,0.253471753672,0.303401572007,1.0,-0.01528,-0.0200822857143,0.765
0.460695885879,0.51521634766,-0.123992516818,-1.40710051821,0.0765792017477,1.91298037499,0.15253473006,-0.0102709830443,-0.0816489480843,-0.000204603969172,-0.134146072622,-0.00390791447834,0.0485468108475,-0.021571002246,0.573975686325,0.818857696622,0.00217510728292,0.0,0.818815041451,-0.573913723009,-0.0120711779069,0.0,-0.00863641929552,0.0087097408734,-0.999924773508,0.0,0.65562761793,0.253155403747,0.303399472695,1.0,-0.0156,-0.0205028571429,0.781
0.460482135606,0.513646870923,-0.123993444228,-1.40962512325,0.0764205405813,1.91386834583,0.152190882191,-0.0121084151944,-0.0846056750268,-0.000437034594008,-0.133921508677,-0.0105012219638,0.0388307146356,-0.0209741623361,0.573959483104,0.818869210167,0.00211548959906,0.0,0.818825694245,-0.573897695406,-0.0121105141679,0.0,-0.00870302012592,0.00868332887253,-0.999924425764,0.0,0.655309154084,0.252770451867,0.30337493249,1.0,-0.01598,-0.0210022857143,0.8
0.460282069325,0.512242165372,-0.124000624773,-1.41190294022,0.0762815558178,1.91467787031,0.151862943166,-0.0161506847755,-0.0847424892434,-0.00103277277918,-0.138308175398,-0.0086714192084,0.0515744043668,-0.0261354586109,0.573934433125,0.818886909812,0.00205968758012,0.0,0.818842586501,-0.573872814855,-0.0121473372842,0.0,-0.00876546554412,0.00865850174664,-0.9999240956,0.0,0.655041384087,0.252439743201,0.30334485869,1.0,-0.0163,-0.0214228571429,0.816
0.460113615812,0.510969193682,-0.124006981919,-1.4139278956,0.0761627060394,1.91544533985,0.151576080167,-0.0104878838343,-0.0823323097,-0.00034587243194,-0.131851587292,-0.00456024155452,0.0499603870376,-0.0183337357895,0.573923193762,0.818894755263,0.00207228528532,0.0,0.818850574382,-0.573861499505,-0.0121434394087,0.0,-0.00875516266545,0.00866646038111,-0.999924116916,0.0,0.654779726444,0.252111104875,0.303339692639,1.0,-0.01662,-0.0218434285714,0.832
0.459893913685,0.509387879457,-0.124006143033,-1.41642934223,0.0760097201559,1.91638159787,0.151231765361,-0.00860589558812,-0.0885440225673,-0.00012415145679,-0.13546032315,-0.00755561659527,0.0470529633138,-0.0208061060956,0.573909693508,0.818904185119,0.00208475268481,0.0,0.818860133166,-0.573847912523,-0.0121409433938,0.0,-0.00874610676979,0.00867509298553,-0.99992412131,0.0,0.654474583363,0.251730544501,0.303337068683,1.0,-0.01698,-0.0223165714286,0.85
0.459692745203,0.507967029205,-0.124014673622,-1.41868154452,0.0758606344643,1.91717751757,0.15091077774,-0.017053120153,-0.0913823758734,9.31489622073e-05,-0.1439885286,-0.0120042342564,0.0468598998624,-0.0180139371804,0.573894009298,0.818915271311,0.00204729256572,0.0,0.818870765801,-0.573832431046,-0.0121555295258,0.0,-0.00877971492624,0.00865262019557,-0.999924021498,0.0,0.654192973797,0.251375386514,0.303328384741,1.0,-0.0173,-0.0227371428571,0.866
0.459490490892,0.506419008858,-0.124015108031,-1.42111481792,0.0757038135296,1.91806976542,0.150593318982,-0.0106688832329,-0.0956854243156,-0.000414564211384,-0.146194769601,-0.0121520445188,0.0585560497037,-0.0197641314301,0.573883433863,0.818922679829,0.00204834108755,0.0,0.818878203557,-0.57382186764,-0.0121531419469,0.0,-0.00877726965273,0.00865199528048,-0.999924048373,0.0,0.653888544147,0.251009759735,0.303330049718,1.0,-0.01764,-0.023184,0.883
0.459261518918,0.504795597921,-0.124028316302,-1.42356796902,0.0755519889105,1.91902547887,0.150248363171,-0.0143329750308,-0.0985874795978,-0.00339000784772,-0.144426101345,-0.0105788066732,0.0600499688826,-0.0150107183064,0.573883665728,0.818922255295,0.00215055692392,0.0,0.818879244586,-0.573821783867,-0.0120867715413,0.0,-0.00866425661319,0.00869761464424,-0.999924638239,0.0,0.653602337624,0.250622927953,0.303380199876,1.0,-0.01798,-0.0236308571429,0.9
0.459034953729,0.503127604648,-0.12403160658,-1.42604983661,0.0753946498957,1.91996388256,0.149895326549,-0.0128162231739,-0.102605918044,-0.00142091126583,-0.143023590143,-0.0099004809302,0.0586280413904,-0.019927027785,0.573867444822,0.818933344587,0.00225384078276,0.0,0.818891758212,-0.573805206076,-0.0120258352915,0.0,-0.00855525665709,0.00874705541983,-0.999925145501,0.0,0.653303331633,0.250238727269,0.303445337572,1.0,-0.01832,-0.0240777142857,0.917
0.458834737501,0.501636351374,-0.124036370605,-1.42826569649,0.0752544763471,1.92075701363,0.149593330535,-0.0167998629685,-0.106620125394,-0.00279702761916,-0.146873271053,-0.00963037780817,0.0543806684295,-0.0246836158628,0.573862776693,0.818936455015,0.00231150934618,0.0,0.818895622978,-0.573800302717,-0.011996589937,0.0,-0.00849826369058,0.00877745029124,-0.999925365155,0.0,0.653026447035,0.249893182409,0.303500541988,1.0,-0.01862,-0.024472,0.932
0.45858013818,0.499821609227,-0.124036380172,-1.43102089316,0.075078446341,1.92173126731,0.149208408906,-0.0153086542656,-0.102496188939,-0.000991829259789,-0.151607602947,-0.00411598313513,0.0589940574284,-0.0149861508685,0.573839917763,0.818952369105,0.00234793966359,0.0,0.81891200709,-0.573777293093,-0.0119787092821,0.0,-0.00846296081908,0.00879678689717,-0.999925494642,0.0,0.652660373057,0.249438148491,0.303545972668,1.0,-0.019,-0.0249714285714,0.951
0.458329210719,0.498155781334,-0.124032206995,-1.43364202794,0.0749136085769,1.92272270747,0.148824431035,-0.016823184412,-0.0956243149634,0.000233180480298,-0.155360843232,-0.0139065768977,0.0605667370657,-0.0135241972175,0.573825546402,0.818962381775,0.00236779120509,0.0,0.818922235942,-0.573762798854,-0.011973680837,0.0,-0.00844760631056,0.00881001043666,-0.999925508057,0.0,0.652357136349,0.249052268886,0.303539736369,1.0,-0.01932,-0.025392,0.967
0.458084037391,0.49657510029,-0.124031609662,-1.43615380093,0.074764688163,1.92361345837,0.148452986406,-0.018743245191,-0.102767093808,0.00171235846959,-0.160091271564,-0.00697984504525,0.0577946681524,-0.023560572016,0.573808619674,0.818974327936,0.00233774899201,0.0,0.818933619619,-0.573745819062,-0.0120086913451,0.0,-0.00849369974362,0.00880532137835,-0.999925158889,0.0,0.652037974375,0.248652150812,0.303523207018,1.0,-0.01964,-0.0258125714286,0.983
0.457811784665,0.494898486228,-0.124034539487,-1.43889971181,0.0745913896106,1.92455262976,0.148062509545,-0.0196642353223,-0.101363467363,0.00118927662339,-0.164608928079,-0.0108962846486,0.0568375519512,-0.0199266964,0.573805239838,0.818977009223,0.00222530865789,0.0,0.818934676318,-0.57374274779,-0.01208313629,0.0,-0.00861922206347,0.00875591792088,-0.999924518607,0.0,0.651681907498,0.248205411631,0.303465878196,1.0,-0.01998,-0.0262594285714,1.0
0.457472338971,0.492506905693,-0.124107387961,-1.44247939215,0.0743900117763,1.92585261327,0.147548195815,-0.0225955749935,-0.174626662449,-0.00726927403366,-0.242815095742,-0.0178691243385,0.087415344529,-0.0370154635852,0.573839992004,0.818952402033,0.00231812065288,0.0,0.818911372819,-0.573777201034,-0.0120263852654,0.0,-0.00851911634036,0.00879972561271,-0.99992499193,0.0,0.651246688848,0.247604407599,0.30354175654,1.0,-0.037116,-0.0487810285714,1.018
0.457095404405,0.489155504766,-0.12417609604,-1.44768444234,0.0741171395093,1.92790543688,0.146746943829,-0.0296228690636,-0.234185958676,-0.00428083659654,-0.369279355311,-0.0194425626247,0.146189409561,-0.0612029357631,0.573730144858,0.819028845228,0.00249368527827,0.0,0.818990098553,-0.573666652635,-0.0119388871844,0.0,-0.00834790962073,0.00889217422746,-0.999925618055,0.0,0.650600885233,0.24684077071,0.303575358923,1.0,-0.053244,-0.0699778285714,1.034
0.456390587089,0.484187702012,-0.124243476734,-1.45549685315,0.073696058336,1.93088983998,0.14553494676,-0.0435928685575,-0.321966524212,-0.0085746423199,-0.508362869362,-0.0286184774758,0.191149345742,-0.0814846227104,0.573638528357,0.819092597096,0.00262736902088,0.0,0.819055337072,-0.573574253701,-0.0119028234394,0.0,-0.00824268203562,0.00898005163393,-0.999925705673,0.0,0.649628785148,0.245616801942,0.303568227017,1.0,-0.07038,-0.0924994285714,1.051
0.455404117774,0.477781129889,-0.124428415224,-1.46577815696,0.073080413565,1.93439939738,0.144002148479,-0.0598063732263,-0.409565235001,-0.00740351423018,-0.653211582021,-0.0340491760609,0.218397728717,-0.096605267671,0.573660366244,0.819078291206,0.00229869047148,0.0,0.819036559313,-0.573597217159,-0.0120869300279,0.0,-0.00858178476155,0.00881667398952,-0.99992430675,0.0,0.648285122797,0.243874208103,0.303426185627,1.0,-0.087516,-0.115021028571,1.068
0.454238020433,0.470405799266,-0.124582406171,-1.47737327234,0.0723982943977,1.93842499434,0.142324082643,-0.07558239167,-0.485903196053,-0.0104202491277,-0.734040942673,-0.0469186042396,0.26657304156,-0.111912326602,0.573726087931,0.819032700703,0.00213497249783,0.0,0.818988388005,-0.573663195859,-0.0122190396781,0.0,-0.00878320702532,0.00875906815642,-0.99992306404,0.0,0.646765140263,0.241917280267,0.303362047669,1.0,-0.103644,-0.136217828571,1.084
0.452785967879,0.461228759045,-0.124721260245,-1.4914221698,0.0715332351062,1.94363696578,0.140046703078,-0.0925877724289,-0.552874756132,-0.00825801151643,-0.852251611334,-0.0543331092056,0.30283628064,-0.136822906644,0.573581052825,0.819133513227,0.00241044579661,0.0,0.819093008791,-0.57351720664,-0.0120583389754,0.0,-0.00849512098597,0.00889098524391,-0.999924388792,0.0,0.644966146688,0.239571927806,0.303459835625,1.0,-0.12078,-0.158739428571,1.101
0.450983709184,0.450693138119,-0.124901135921,-1.50759272097,0.0704921138091,1.94930922936,0.137521185764,-0.10859555858,-0.658694460322,-0.0153570546426,-0.971980351417,-0.0725033691875,0.362080786731,-0.155236620864,0.573581439342,0.819133225627,0.00241619897793,0.0,0.819092835956,-0.573517610874,-0.0120508507423,0.0,-0.00848568295057,0.00889140677426,-0.999924465182,0.0,0.642823831346,0.236754192472,0.303501147694,1.0,-0.137916,-0.181261028571,1.118
0.449021951635,0.439612235094,-0.125052212379,-1.52462894783,0.0693399901367,1.95527778497,0.134896031116,-0.128961014996,-0.712139781376,-0.00403155528051,-1.1131340663,-0.0811273957461,0.370892307555,-0.176392943033,0.573596885947,0.819122507649,0.00238260291023,0.0,0.819081899741,-0.57353342429,-0.0120415796438,0.0,-0.00849719010532,0.00885873006163,-0.999924657493,0.0,0.640523586872,0.2337672387,0.303501471573,1.0,-0.154044,-0.202457828571,1.134
0.44644536518,0.42569073435,-0.125236835305,-1.54563840784,0.0679294439333,1.96254817408,0.131441497,-0.152713144586,-0.806839123447,-0.00973966339376,-1.2144264607,-0.083417993052,0.415622404293,-0.202618119342,0.573538304241,0.819163148256,0.0025093840566,0.0,0.81912416193,-0.573474301354,-0.0119824842918,0.0,-0.00837670356522,0.00892808272689,-0.99992505728,0.0,0.637639716112,0.229997005001,0.303626339921,1.0,-0.172188,-0.226304228571,1.152
0.443479531439,0.410482911505,-0.125453346799,-1.56835217858,0.0662976097158,1.97051272031,0.127646999424,-0.171018552315,-0.858220141233,-0.00650921582717,-1.30892951294,-0.095171281962,0.451596839789,-0.220913115357,0.57351719333,0.819177019752,0.00279037020089,0.0,0.819142703946,-0.573453247592,-0.0117196543988,0.0,-0.00800047874324,0.00900730810754,-0.999927427737,0.0,0.634693903163,0.226045506435,0.303811271729,1.0,-0.189324,-0.248825828571,1.169
0.440646789788,0.39681992934,-0.125629902671,-1.58864526069,0.0649591295181,1.97748780161,0.124182806459,-0.194560758988,-0.96170963756,-0.0128886364439,-1.37745089391,-0.0887026699326,0.489985581252,-0.23892327431,0.573576244113,0.819134493268,0.00311785658197,0.0,0.819103899591,-0.57351056771,-0.0116265773936,0.0,-0.00773575582062,0.00922275464455,-0.999927546815,0.0,0.631635263592,0.221988426602,0.303988196184,1.0,-0.205452,-0.270022628571,1.185
0.437094987023,0.380477928608,-0.125823711839,-1.61306194824,0.063158406979,1.98571444712,0.119876024307,-0.217592819438,-1.00989421485,-0.0167770202068,-1.4565622061,-0.11538356144,0.499550708963,-0.258214499386,0.57353436761,0.819163578984,0.00317914115675,0.0,0.819134045669,-0.573468818991,-0.0115618239518,0.0,-0.00764803401173,0.00923542395662,-0.999928104676,0.0,0.62808011225,0.217300594413,0.304046007279,1.0,-0.222588,-0.292544228571,1.202
0.432871788051,0.361949353575,-0.126045977732,-1.64043044429,0.0610923202954,1.99483366863,0.114962307308,-0.244298631424,-1.03573547931,-0.0131151363044,-1.51222593569,-0.109152209281,0.516506514895,-0.273185374751,0.573545673392,0.819155028959,0.00333855727023,0.0,0.819127911914,-0.573480071828,-0.0114375714196,0.0,-0.00745469161021,0.00929485400212,-0.999929014112,0.0,0.624005154541,0.211919833954,0.30416073652,1.0,-0.240732,-0.316390628571,1.22
0.428920166047,0.345747970488,-0.126261980295,-1.66441080568,0.0592873207493,2.00252893114,0.110438593863,-0.273986475228,-1.10196010883,-0.0184436946604,-1.56511390953,-0.110535985188,0.51166186746,-0.303888238711,0.573550085699,0.819152358744,0.00323407782223,0.0,0.819123427077,-0.57348422908,-0.0115497666915,0.0,-0.00760647244976,0.00927365713151,-0.999928067843,0.0,0.620316849959,0.207057076897,0.304142735059,1.0,-0.255852,-0.336262628571,1.235
0.42375883041,0.325256429381,-0.126511712948,-1.69434840842,0.0569624592818,2.01232229621,0.104644468233,-0.291584492858,-1.15921577113,-0.00751431707511,-1.6902184937,-0.142050066486,0.565181083277,-0.329978128299,0.573517560717,0.819174199391,0.003462008406,0.0,0.8191483259,-0.573451161347,-0.0114250876027,0.0,-0.00737398622094,0.0093885675219,-0.999928737024,0.0,0.615652024818,0.200915958032,0.304212461195,1.0,-0.273996,-0.360109028571,1.253
0.418412770444,0.304910571232,-0.126721289364,-1.7237738233,0.0545060637685,2.02158774122,0.0987108333012,-0.322076775653,-1.21951200017,-0.0127638741895,-1.75295651321,-0.130402820886,0.574811350457,-0.360803459565,0.573350057547,0.81929122349,0.00351418887063,0.0,0.819266406201,-0.573284023888,-0.0113459475785,0.0,-0.00728114712144,0.00938443726332,-0.999929456129,0.0,0.610890197212,0.194756038391,0.304272903584,1.0,-0.291132,-0.382630628571,1.27
0.413185905758,0.286257716663,-0.126962771943,-1.75063528733,0.0522379279547,2.02976900974,0.0931412369659,-0.351309743709,-1.2540241087,-0.0211472859459,-1.81559439313,-0.146285847219,0.581068538479,-0.388785022669,0.573319756494,0.819312848125,0.00341476392121,0.0,0.819286649079,-0.573253880575,-0.0114071007643,0.0,-0.0073885998004,0.00933776650384,-0.999929104842,0.0,0.606423647241,0.188937056886,0.304260270526,1.0,-0.306252,-0.402502628571,1.285
0.406313106411,0.262972238476,-0.127282924614,-1.78373796885,0.0494165991157,2.03964865732,0.085956711904,-0.392257160407,-1.31061461773,-0.0200709970459,-1.85518662192,-0.167026349578,0.540913882061,-0.410656109885,0.573294599736,0.819330493015,0.00340470710854,0.0,0.819303707268,-0.573228180745,-0.0114732278539,0.0,-0.00744883478541,0.00936720907419,-0.999928382563,0.0,0.600781174226,0.181573240151,0.304286330597,1.0,-0.324396,-0.426349028571,1.303
0.399067199122,0.240183860541,-0.12769551383,-1.8158052414,0.0464791966787,2.04905093627,0.0787389417657,-0.430206150204,-1.35435122535,-0.0202853617934,-1.90695771493,-0.184649593447,0.542195645645,-0.435441864094,0.57345313228,0.819219701793,0.00336632943928,0.0,0.819193068781,-0.57338761895,-0.0114061999469,0.0,-0.00741411484202,0.00929877386109,-0.999929279352,0.0,0.595214336748,0.174100385425,0.304301080366,1.0,-0.341532,-0.448870628571,1.32
0.391779397977,0.218014446065,-0.127971347281,-1.84640932485,0.043727401121,2.05785042866,0.0713662570622,-0.470071565676,-1.40202393224,-0.0157502671297,-1.90628301674,-0.175213021027,0.537788286632,-0.478167065345,0.573351975336,0.819289368826,0.00363172247022,0.0,0.819265795456,-0.573285267422,-0.0113271997268,0.0,-0.00719837991834,0.0094700006637,-0.999929248704,0.0,0.589728859675,0.166929727978,0.30442159062,1.0,-0.35766,-0.470067428571,1.336
0.383349069124,0.193670778651,-0.128332426322,-1.87973472141,0.0405133051896,2.06707095958,0.0630448595978,-0.513516724143,-1.45405170631,-0.0213150976713,-1.98287063667,-0.187449358497,0.554587538926,-0.497319265734,0.573272602652,0.819344508476,0.0037210724232,0.0,0.819322318844,-0.573205979539,-0.0112512117571,0.0,-0.00708581402747,0.0094989520176,-0.99992977811,0.0,0.58357357698,0.158882962714,0.304488181771,1.0,-0.374796,-0.492589028571,1.353
0.374035554672,0.168585938299,-0.128839242299,-1.9136901674,0.0372286661382,2.07605590193,0.0540807555812,-0.563606139882,-1.49604885779,-0.0267242196381,-2.00134109087,-0.196781353455,0.513699588789,-0.535388077899,0.573387816499,0.819263691287,0.00376336688207,0.0,0.819241500975,-0.573320334859,-0.0113094481665,0.0,-0.00710794234016,0.00956799033662,-0.999928962835,0.0,0.577127902041,0.150323932285,0.304516494648,1.0,-0.391932,-0.515110628571,1.37
0.364614001668,0.14434310876,-0.129266876903,-1.94613002504,0.0337944557008,2.08430234571,0.0451111750983,-0.60095656669,-1.52450173923,-0.0239140593853,-2.05817806924,-0.211235800507,0.497191099426,-0.567505051139,0.573327452847,0.819306399801,0.00366086847392,0.0,0.819283309545,-0.573260812226,-0.0112980868933,0.0,-0.00715810027795,0.0094769742808,-0.999929471792,0.0,0.570762149437,0.141990743931,0.304506998622,1.0,-0.40806,-0.536307428571,1.386
0.353017156526,0.116331442003,-0.129858779839,-1.98277585872,0.0299103303892,2.09329482856,0.0342531103511,-0.656359593135,-1.585021562,-0.0346605961097,-2.03726502279,-0.217930960738,0.493935842437,-0.611455349433,0.573408106365,0.819249009518,0.00386663418281,0.0,0.819228660987,-0.573341058072,-0.0111883442632,0.0,-0.00694927361729,0.00958332935022,-0.999929931243,0.0,0.563400568591,0.132179740191,0.304623765721,1.0,-0.426204,-0.560153828571,1.404
0.341106791394,0.0891329194906,-0.130460501923,-2.018017107,0.0259126985587,2.1014025106,0.0232167580407,-0.706210037068,-1.60336511609,-0.0172933680524,-2.07127156993,-0.224916281764,0.460329458227,-0.65555049121,0.573411316529,0.81924715292,0.00378304258605,0.0,0.819226019491,-0.573344868863,-0.0111864756574,0.0,-0.00699563496579,0.00951380182354,-0.999930271902,0.0,0.556050030497,0.122484096941,0.304618066083,1.0,-0.43998,-0.578259428571,1.421
