position_joint1,position_joint2,position_joint3,position_joint4,position_joint5,position_joint6,position_joint7,velocity_joint1,velocity_joint2,velocity_joint3,velocity_joint4,velocity_joint5,velocity_joint6,velocity_joint7,ee_T_00,ee_T_10,ee_T_20,ee_T_30,ee_T_01,ee_T_11,ee_T_21,ee_T_31,ee_T_02,ee_T_12,ee_T_22,ee_T_32,ee_T_03,ee_T_13,ee_T_23,ee_T_33,v_x,v_y,time
0.465091405521,0.547657136014,-0.123941998021,-1.35575172996,0.0794547611232,1.89408863661,0.159164855482,0.000434522721736,-0.000924650105235,0.000417538690827,0.00132269967706,0.00158841025101,0.000195745685376,-1.77604067803e-05,0.573746640871,0.819018400961,0.00209711152728,0.0,0.818977414682,-0.573687726158,-0.0117955075047,0.0,-0.00845781339052,0.00848528315308,-0.999928230106,0.0,0.661683868402,0.260932297008,0.30333828261,1.0,0.0,0.0,0.0
0.465091405521,0.547659642382,-0.123941997369,-1.35576003763,0.0794549980701,1.89408876066,0.159163251712,-0.00594935266622,0.000150666823736,0.000277318240645,-0.00171665599015,0.00119795488101,-0.000649396539611,-0.000283107632298,0.573745849492,0.819018977818,0.00208831637923,0.0,0.818977866249,-0.573686958508,-0.011801488602,0.0,-0.00846776629026,0.00848150329075,-0.999928177939,0.0,0.66168190811,0.260931323233,0.303332563843,1.0,-0.0,-0.0,0.001
0.46508790408,0.547650026572,-0.123944132888,-1.35575249808,0.0794553699941,1.89408697404,0.159169564651,-0.000517687631536,-0.00358322483749,0.000147406489404,0.000568402108379,0.000251638058,2.84999636329e-05,0.000214553026468,0.573755035569,0.819012509832,0.00210114232099,0.0,0.818971579229,-0.573696107293,-0.0117930400418,0.0,-0.00845339290681,0.00848725535944,-0.999928250748,0.0,0.661684918777,0.260928733351,0.303342880827,1.0,-0.00032,-0.000420571428571,0.017
0.465085169186,0.547653910813,-0.123942153032,-1.35576350321,0.0794543913023,1.8940916151,0.15916753804,1.14319754336e-05,-0.00049120091505,0.00143523746874,-0.000317308638747,-0.000269741913573,8.0490216213e-05,0.00103594783877,0.573754613933,0.819012827597,0.00209239643761,0.0,0.818971776395,-0.573695713147,-0.0117985205206,0.0,-0.00846290372374,0.00848323254225,-0.999928204436,0.0,0.661683532002,0.260926867056,0.303335226723,1.0,-0.00064,-0.000841142857143,0.033
0.465084344357,0.547609827508,-0.123944630121,-1.35580592165,0.0794544044665,1.89409394556,0.159169049976,0.000226457101727,-0.00111600755167,0.00157312704258,-0.0069198242102,-0.000262747410517,0.00155907823722,-0.00290203767707,0.57376051474,0.819008680637,0.00209753868202,0.0,0.818967669195,-0.573701565835,-0.0117990284597,0.0,-0.00846030839247,0.00848779642432,-0.999928187668,0.0,0.661676221464,0.260920592228,0.303346549981,1.0,-0.001,-0.00131428571429,0.051
0.465078620666,0.547466451027,-0.123942731681,-1.35595065684,0.0794516408786,1.89412464764,0.159157840361,-0.00157087404848,-0.00852490611156,-0.000884329232355,-0.00752553442386,0.000143669555893,0.00418600219234,-0.00187549488042,0.57376181766,0.819007687931,0.00212852205492,0.0,0.818966988144,-0.573702655425,-0.0117933197515,0.0,-0.00843784324233,0.00850990971554,-0.999928189541,0.0,0.66165416661,0.260904247585,0.303381825231,1.0,-0.00134,-0.00176114285714,0.068
0.465074384347,0.547358649276,-0.123948036405,-1.35611980002,0.0794492524481,1.89416379567,0.159161114708,-0.00313303215675,-0.00566306358181,2.7020193661e-05,-0.012855939909,-3.98062325983e-05,0.00534507182508,-0.00124784834843,0.573781690053,0.818993804197,0.00211370503406,0.0,0.818952829301,-0.573722500493,-0.0118111265216,0.0,-0.00846072219947,0.00850819666411,-0.999928010793,0.0,0.661628598986,0.260875200413,0.303381153253,1.0,-0.00166,-0.00218171428571,0.084
0.465048314757,0.547184915466,-0.12394050245,-1.35634521441,0.0794422362707,1.89429006761,0.159151280785,-0.000759174500652,-0.00623194923653,0.0014049733325,-0.0109182001646,-0.0043181192009,0.00239884581819,-0.00318947208565,0.573799385823,0.818981230093,0.00218093708164,0.0,0.818941100372,-0.573739902522,-0.0117790185067,0.0,-0.00839566607983,0.00854501711625,-0.999928245162,0.0,0.661612054877,0.260852068812,0.303407728962,1.0,-0.002,-0.00262857142857,0.101
0.465020526416,0.546939819595,-0.123940707198,-1.35662149286,0.0794388873884,1.89443769395,0.159135640258,-0.000516652168554,-0.00654530336171,-0.000163217702738,-0.015276927172,-0.00217478636702,0.00972733492431,-0.000343220095876,0.573824226407,0.818963536008,0.00228708960384,0.0,0.818924733509,-0.573764282725,-0.0117292633116,0.0,-0.00829374831068,0.00860365533744,-0.999928592877,0.0,0.661592099397,0.260813490263,0.303462653761,1.0,-0.00242,-0.00318057142857,0.122
0.464999890333,0.546771846273,-0.123940648887,-1.35683537084,0.079433201993,1.89453662027,0.159120880724,-0.00252863396209,-0.0126030711259,-0.000138892820988,-0.0197653058173,-0.000424989667559,0.00975710337705,-0.00036922856583,0.57383952957,0.818952675124,0.00233604597841,0.0,0.818914473226,-0.573779365286,-0.0117077928682,0.0,-0.00824791210828,0.00863158239833,-0.999928731326,0.0,0.66157289637,0.260782493769,0.303488401782,1.0,-0.00266,-0.003496,0.134
0.464960200432,0.546526699284,-0.12394027596,-1.35719900101,0.0794259473739,1.89465814894,0.159069263734,-0.00236182381111,-0.0133758520844,0.0011830898158,-0.0244298147112,-0.000121381819445,0.00730341538808,-0.0115363266959,0.573847811573,0.818946838842,0.00234759548664,0.0,0.818908638685,-0.5737874483,-0.0117197509575,0.0,-0.00825099103193,0.00864798616385,-0.99992856419,0.0,0.661530853163,0.260723585171,0.303499463883,1.0,-0.003,-0.00394285714286,0.151
0.464925368914,0.546237130796,-0.123945596459,-1.3576446914,0.0794116678588,1.89482057761,0.158950902567,0.00211792870802,-0.0197516618623,-0.000734792834875,-0.0276867050601,-0.000412441437945,0.00407262403223,0.000341495873244,0.57380424362,0.818977332103,0.00235932337857,0.0,0.818939188781,-0.573743742148,-0.0117247740418,0.0,-0.00824883595578,0.00866003420689,-0.999928477699,0.0,0.661479718387,0.260657078784,0.303506637205,1.0,-0.00336,-0.004416,0.169
0.46487638179,0.54596914304,-0.123943099927,-1.35810693852,0.0793933597747,1.89497899248,0.158933955938,-0.00275175375762,-0.0105696034794,-8.91719620041e-05,-0.0302944773289,-0.00804519597868,0.0103036230457,0.00108128298545,0.573849698412,0.818945556431,0.00233369557855,0.0,0.818906965717,-0.573789167008,-0.0117524561427,0.0,-0.00828573201914,0.00865538962128,-0.999928212861,0.0,0.661425497633,0.260582557466,0.303490015363,1.0,-0.00368,-0.00483657142857,0.185
0.464819267518,0.545630305368,-0.123945993794,-1.35865568618,0.0793149569928,1.89516537861,0.158839640461,-0.00909175781339,-0.0204497557672,0.000383910715626,-0.0330283927347,-0.0131310887766,0.01060466814,-0.0103215292199,0.573831018572,0.818958773545,0.00228828747921,0.0,0.818919975073,-0.573771057601,-0.0117300804344,0.0,-0.0082936588377,0.00860517400528,-0.999928580551,0.0,0.661365540737,0.260482373166,0.303484861621,1.0,-0.00402,-0.00528342857143,0.202
0.46476453826,0.545271780016,-0.123947977268,-1.3592815662,0.079249009274,1.89537491383,0.158772699392,-0.00274328040109,-0.0246474033909,0.000461679874708,-0.0414462847646,-0.000216973653543,0.0103275288164,-0.00714231906133,0.573839769091,0.818952823986,0.00222225020922,0.0,0.818913390541,-0.573780285709,-0.0117383740032,0.0,-0.00833825171617,0.00855594100935,-0.999928632169,0.0,0.661291412094,0.26037898732,0.303458911079,1.0,-0.00436,-0.00573028571429,0.219
0.464701694889,0.544857789688,-0.123951915211,-1.35997654452,0.0792384598266,1.895607159,0.158682265958,-0.00692824542551,-0.0279928547418,0.000155010149646,-0.0393116298181,-0.000540767009731,0.0132321521932,-0.00391076640559,0.573855802107,0.818941657749,0.00219692792292,0.0,0.818901596535,-0.57379610804,-0.0117876414833,0.0,-0.00839296355599,0.00856363911847,-0.99992810854,0.0,0.661206779768,0.260272148085,0.303441442125,1.0,-0.0047,-0.00617714285714,0.236
0.464636680078,0.544464883762,-0.123952001403,-1.36065783004,0.0792154795667,1.89584035245,0.158602095747,-0.00571823389173,-0.0244119872375,-0.00120808458511,-0.0426555465817,-0.0002425313069,0.017331702391,-0.00309666563642,0.573875291595,0.818928101265,0.00215906398107,0.0,0.81888735315,-0.573815545239,-0.0118308831098,0.0,-0.00844990085264,0.00855764644439,-0.999927680316,0.0,0.661125221383,0.260165507395,0.303415466086,1.0,-0.00502,-0.00659771428571,0.252
0.464575319566,0.543994262186,-0.123953030814,-1.36142204851,0.0791808103831,1.89611696957,0.158491860037,-0.004828114257,-0.024691122742,0.000310853743606,-0.0436619305445,-0.000134576321853,0.0190517520365,-0.00965305631368,0.573869347961,0.818932289688,0.00215018100603,0.0,0.818891311049,-0.573809521186,-0.0118490922215,0.0,-0.00846997296336,0.00856076019126,-0.999927483842,0.0,0.661035130994,0.260052977022,0.303408755242,1.0,-0.00536,-0.00704457142857,0.269
0.464505713191,0.543518752825,-0.123955613164,-1.36220829131,0.0791397351147,1.89639012895,0.158415280043,-0.00226425656338,-0.031909225994,7.40393895186e-05,-0.0471329877434,5.10550750977e-06,0.0131716369145,-0.0043904291765,0.573898223883,0.818912131777,0.0021203664973,0.0,0.818870689528,-0.573838436442,-0.0118739039597,0.0,-0.00850709999671,0.00855088299973,-0.999927253179,0.0,0.660942162599,0.259930277427,0.303394710812,1.0,-0.00568,-0.00746514285714,0.285
0.464421918275,0.542951932735,-0.123958496084,-1.36312097296,0.0790774717428,1.89671108107,0.158294382652,0.000774441927212,-0.0330291932203,-0.000136012717626,-0.0560056648463,-0.00804873159725,0.0178921977405,-0.00758904909905,0.573903963854,0.818908176175,0.00209431769364,0.0,0.818866441119,-0.573844327102,-0.0118822036258,0.0,-0.00852878557805,0.00853437454968,-0.999927209485,0.0,0.660836836738,0.259784041203,0.303389147648,1.0,-0.00604,-0.00793828571429,0.303
0.464357430212,0.542363635625,-0.123964666347,-1.36402670606,0.0790261634671,1.89703180914,0.158167210722,-0.00778222609587,-0.032014264048,-0.00017801369608,-0.0523727778215,-0.00227823694409,0.0229529305265,-0.00633947086361,0.573893505248,0.818915496129,0.00209803143412,0.0,0.818873781454,-0.57383382679,-0.0118834414332,0.0,-0.00852777711655,0.00853801717586,-0.999927186989,0.0,0.660728617473,0.259651532942,0.303402114575,1.0,-0.00638,-0.00838514285714,0.32
0.464275217221,0.541841371894,-0.123965725184,-1.36486131638,0.0789797443691,1.89734500433,0.158052904426,-0.00389444827283,-0.0340172205409,-0.000822258509517,-0.0543827300288,-0.0032378857853,0.0208543790225,-0.00576702693488,0.573909962369,0.818903949187,0.00210333070353,0.0,0.818862277779,-0.573850234691,-0.0118838157877,0.0,-0.00852487099231,0.00854274291662,-0.999927171407,0.0,0.660631222695,0.259509514587,0.303403099082,1.0,-0.0067,-0.00880571428571,0.336
0.464192959975,0.541119219995,-0.123970437915,-1.36596993138,0.0789177855452,1.89775319407,0.157915859679,-0.00439827796709,-0.036049163882,4.15580960512e-07,-0.0636563438509,-0.00379331503236,0.0210159000272,-0.00929632873104,0.573905348689,0.818907139934,0.00211986132953,0.0,0.818865643394,-0.57384551444,-0.011879836969,0.0,-0.00851217428575,0.00855394827961,-0.999927183778,0.0,0.660507099106,0.259356632309,0.303419770051,1.0,-0.00706,-0.00927885714286,0.354
0.464114721198,0.540453644507,-0.123966244558,-1.36696189057,0.0788553906585,1.89812678121,0.157793137233,-0.00405370111728,-0.0416940467808,0.0012998067831,-0.0584158635376,-0.00313779980907,0.0252614380962,-0.012250894155,0.57390425961,0.818907798789,0.00215981121545,0.0,0.818866827213,-0.573844270622,-0.0118582994907,0.0,-0.00847162174667,0.00857429142849,-0.999927353937,0.0,0.660392909756,0.259213643439,0.303450301771,1.0,-0.00738,-0.00969942857143,0.37
0.464016853393,0.539769582604,-0.123969032176,-1.36799879874,0.0787893430593,1.89852143535,0.157658623989,-0.00792620728329,-0.0399390426808,0.000662682225488,-0.0604990403728,-0.00246991436447,0.0196617392691,-0.0093169700194,0.573915973077,0.818899502743,0.00219252275441,0.0,0.818859009377,-0.57385590664,-0.0118350360425,0.0,-0.00843367537147,0.00858784858014,-0.999927558364,0.0,0.660279735737,0.259049397992,0.303474458134,1.0,-0.0077,-0.01012,0.386
0.46391955677,0.53902356577,-0.12398023425,-1.36915663071,0.0787293161292,1.89895885512,0.157522299479,-0.00526315657941,-0.0415893888734,-0.00147131122072,-0.0680680310529,-0.00225160394693,0.025501719302,-0.0107056913325,0.57393473989,0.818886263597,0.0022245316302,0.0,0.818846192952,-0.573874552394,-0.0118176691036,0.0,-0.00840088654616,0.00860428575871,-0.999927693072,0.0,0.660145666622,0.258860070037,0.30349215429,1.0,-0.00806,-0.0105931428571,0.404
0.463793128667,0.538179116944,-0.123977936441,-1.370486534,0.0786578839669,1.89947724989,0.157343986899,-0.0048647246126,-0.0427306741452,0.000208915038054,-0.0682570448163,-0.0037228142078,0.0236553130195,-0.0149991088866,0.573950284197,0.818875304846,0.00224795135115,0.0,0.818835435054,-0.573889897266,-0.0118179108577,0.0,-0.00838748027122,0.0086237615521,-0.999927637838,0.0,0.660004019272,0.258665711184,0.303497074481,1.0,-0.00842,-0.0110662857143,0.422
0.463706035911,0.537479814041,-0.123986727549,-1.37158657597,0.0785847179001,1.89989124557,0.157212178237,-0.000128193292858,-0.0408231418863,-0.00036747942039,-0.0770994656311,-0.00853460398218,0.0275565794638,-0.0165238158496,0.573960938941,0.818867824575,0.00225240909369,0.0,0.818828113325,-0.573900636892,-0.0118036733324,0.0,-0.00837315049941,0.00861934926664,-0.999927795978,0.0,0.659878806393,0.258497995476,0.303503465471,1.0,-0.00872,-0.0114605714286,0.437
0.463583699299,0.536643682875,-0.123989622875,-1.37288937524,0.0785166099269,1.90038024885,0.157064262524,-0.00670336259708,-0.0505207018197,0.000181569013748,-0.0782976216997,-0.00748014456273,0.0355804590025,-0.00715287460346,0.573995554514,0.818843496582,0.00227561074636,0.0,0.818804006572,-0.57393507577,-0.0118014628332,0.0,-0.00835765917587,0.0086374326969,-0.999927769536,0.0,0.65973240064,0.258294088257,0.303516167008,1.0,-0.00906,-0.0119074285714,0.454
0.463469101776,0.535781606809,-0.124001936733,-1.37422997121,0.0784258606823,1.90087406023,0.156892240857,-0.00805668964629,-0.0525503370784,-0.000669897348486,-0.0796552802859,-0.00397903172294,0.0198277681955,-0.0105582590196,0.574006508831,0.818835805595,0.00227995524626,0.0,0.818796500713,-0.573946145107,-0.0117838804663,0.0,-0.00834065231346,0.00863100963805,-0.999927967001,0.0,0.659579970179,0.258082365423,0.3035297151,1.0,-0.0094,-0.0123542857143,0.471
0.463358860072,0.53493978641,-0.123996643238,-1.37555532835,0.0783644662473,1.90135171382,0.156724227052,-0.00771689157691,-0.0553797172462,0.000140082121483,-0.0801882288611,-0.000734564332887,0.0344568532514,-0.0122254633478,0.574011706095,0.818832144272,0.00228641067888,0.0,0.81879270031,-0.573951086157,-0.011807265565,0.0,-0.00835604156773,0.00864977155996,-0.999927676395,0.0,0.659420231007,0.257888938303,0.303534137237,1.0,-0.00972,-0.0127748571429,0.487
0.463233948397,0.534046714529,-0.124005886001,-1.37702811127,0.0782794674273,1.90189325945,0.156548255864,-0.00828000738006,-0.0551798504152,-0.000508406307657,-0.0883605929051,-0.00928540425681,0.0289972682064,-0.0152481411975,0.574034371338,0.818816350618,0.0022519736098,0.0,0.818776440796,-0.573973863316,-0.0118275580008,0.0,-0.00839218546163,0.00863345397921,-0.999927514721,0.0,0.659248402055,0.257661108131,0.303510383813,1.0,-0.01006,-0.0132217142857,0.504
0.463099999559,0.533083927679,-0.124005499143,-1.37859484339,0.0781833571276,1.90248161463,0.156351544093,-0.00673790561271,-0.0513747079308,0.000789875572434,-0.0881499629461,-0.000557304736054,0.0369722578902,-0.00519314339043,0.574042718196,0.818810542884,0.0022359448763,0.0,0.818770423254,-0.573982270342,-0.0118361411792,0.0,-0.0084083263545,0.00862534225279,-0.999927449128,0.0,0.659066235459,0.257424078532,0.303494626417,1.0,-0.01042,-0.0136948571429,0.522
0.462978571271,0.53218124591,-0.124003822155,-1.38005440529,0.0781035741204,1.90303178484,0.156173368988,-0.00250509906431,-0.0562535335376,0.00092415288384,-0.0950863808727,-0.00502596815926,0.0383683370453,-0.0137720132547,0.574053467984,0.818803013357,0.00223340874085,0.0,0.818762770251,-0.57399293595,-0.0118483092613,0.0,-0.00841963259005,0.00863036111017,-0.999927310685,0.0,0.658895004546,0.257208048635,0.303483969756,1.0,-0.01074,-0.0141154285714,0.538
0.462854796588,0.53126198862,-0.124006327813,-1.38154064005,0.0780215353571,1.90357002474,0.155981459707,-0.00768160365605,-0.0547408347157,-0.00298886196844,-0.0980899667422,-0.00523508091822,0.0352707476097,-0.0147993200366,0.574056919542,0.818800640514,0.0022161050323,0.0,0.818760080847,-0.573996361856,-0.0118681712838,0.0,-0.00844579263053,0.00862763029178,-0.999927113635,0.0,0.658704741786,0.256971363267,0.303474380586,1.0,-0.01108,-0.0145622857143,0.555
0.462714181104,0.530173077755,-0.124006354132,-1.38329155997,0.07790230984,1.90418638258,0.155753120736,-0.00727797617063,-0.0590749371988,0.000291013754357,-0.0971525480743,-0.00416731854945,0.0359098943953,-0.0129029171139,0.574049541379,0.818805948475,0.00216556816754,0.0,0.818764769824,-0.573989225806,-0.0118897962469,0.0,-0.00849258660579,0.00859858855432,-0.999926967457,0.0,0.658502463501,0.256720347798,0.303458450987,1.0,-0.01142,-0.0150091428571,0.572
0.462587616477,0.529185097468,-0.124006989072,-1.38484165452,0.0778128816843,1.90475613463,0.155537664897,-0.00722431291686,-0.0643727765901,0.000979852561561,-0.102346761391,-0.00587140682224,0.0325492179027,-0.00759183817309,0.574037268708,0.818814529834,0.00217411325097,0.0,0.818773398209,-0.573976855274,-0.0118928085904,0.0,-0.00849027725172,0.00860718717013,-0.99992691309,0.0,0.658317398449,0.256489816532,0.303465936114,1.0,-0.01174,-0.0154297142857,0.588
0.462449933315,0.528103987063,-0.124004512817,-1.38654335967,0.0777084552642,1.90540389712,0.155306733743,-0.00807059707249,-0.0685809812037,0.0017291097625,-0.103573223319,-0.00600112003007,0.0377481735204,-0.0121765269613,0.574023358201,0.81882422416,0.00219569346284,0.0,0.818783374343,-0.573962860964,-0.0118813734458,0.0,-0.00846867294017,0.008618149114,-0.999927001878,0.0,0.658117410859,0.256239889856,0.303473260489,1.0,-0.01208,-0.0158765714286,0.605
0.462300080352,0.526949868112,-0.124009842948,-1.38831026617,0.0775904965217,1.90607274567,0.155067408478,-0.0127318243267,-0.0760872278521,-0.000780575996837,-0.106406942601,-0.0109252442788,0.0352085809627,-0.0124735236282,0.574017593125,0.818828157368,0.00223570686002,0.0,0.818787951358,-0.573957063922,-0.0118459438976,0.0,-0.00841675471741,0.00863051620833,-0.999927333575,0.0,0.657913407138,0.255969917968,0.303502707264,1.0,-0.01242,-0.0163234285714,0.622
0.462157235755,0.525857806514,-0.124015496036,-1.3900162295,0.0774867302596,1.90670999105,0.154832002819,-0.0114421271709,-0.0738497215711,-0.000512140133782,-0.108779889586,-0.00609314433783,0.0422716660346,-0.00972659142578,0.574009874716,0.818833519473,0.00225344570935,0.0,0.818793558434,-0.573949291627,-0.0118349570998,0.0,-0.00839765768719,0.00863865539412,-0.999927423856,0.0,0.657712718769,0.255710963948,0.303514509775,1.0,-0.01274,-0.016744,0.638
0.461985567302,0.524615162696,-0.124020488635,-1.39195861512,0.0773668965221,1.90740063749,0.15456785284,-0.0145883099437,-0.0694323539347,-0.00293369709482,-0.1099288295,-0.00951354305115,0.0365525554732,-0.0126671255864,0.57400968231,0.818833679768,0.00224419095865,0.0,0.818793572338,-0.573949108716,-0.0118428629504,0.0,-0.00840944555604,0.00863561339416,-0.999927351064,0.0,0.657478671923,0.255408440313,0.303524001506,1.0,-0.0131,-0.0172171428571,0.656
0.461826696957,0.523424858197,-0.124029785035,-1.39385787161,0.0772405782685,1.90809366796,0.15431277264,-0.00826949697561,-0.0672868726728,-0.00238224905034,-0.11401577936,-0.00972410775994,0.0455701307501,-0.0156103064875,0.574005275787,0.81883683035,0.00222160586808,0.0,0.818796525219,-0.573944889881,-0.0118431655179,0.0,-0.00842270294178,0.00861724856321,-0.999927397916,0.0,0.657251281217,0.255115413376,0.303517236575,1.0,-0.01344,-0.017664,0.673
0.461675472866,0.522287026254,-0.124028277633,-1.39569931575,0.0771303302599,1.90880198393,0.154057455515,-0.00906877686719,-0.0698364662561,-0.000703228362943,-0.119110329927,-0.00983955163225,0.0417042525787,-0.0157748896337,0.573988093053,0.81884886811,0.00222421430918,0.0,0.818808579013,-0.573927680724,-0.011843780402,0.0,-0.0084218901639,0.00861956063866,-0.999927384834,0.0,0.657033279047,0.254843507166,0.303501822876,1.0,-0.01376,-0.0180845714286,0.689
0.461510888396,0.521033773978,-0.124036351642,-1.39768698704,0.0770105993193,1.90957396085,0.153785920112,-0.0106674016935,-0.0771547821951,-0.00141138113463,-0.119972122372,-0.000663136457211,0.0406778599805,-0.0150066378912,0.573980381574,0.818854196751,0.00225231739304,0.0,0.818814320748,-0.573919909139,-0.0118234061672,0.0,-0.00838915748363,0.00863079908928,-0.999927563048,0.0,0.656802041849,0.254544217969,0.303503399212,1.0,-0.0141,-0.0185314285714,0.706
0.461345788146,0.51973599847,-0.12403729672,-1.39973146801,0.0768841890158,1.91031723692,0.153507916133,-0.0125886427422,-0.07960444307,-0.000526247398701,-0.121494499734,-0.00721604274212,0.0436706848425,-0.0158369050023,0.573963296598,0.818866184474,0.00224788440869,0.0,0.818826220963,-0.573902812857,-0.0118291233492,0.0,-0.00839656357737,0.00863027548845,-0.999927505405,0.0,0.656551001773,0.254239651289,0.303506100394,1.0,-0.01444,-0.0189782857143,0.723
0.461187636402,0.518460599031,-0.124040677396,-1.40167546874,0.0767509333914,1.9110136755,0.153253830281,-0.01351103229,-0.0800831168525,0.00032559010248,-0.119432689733,-0.00911749141402,0.0490188090022,-0.0165258518718,0.573954101824,0.818872585274,0.00226384342178,0.0,0.81883291934,-0.573893649961,-0.0118099805687,0.0,-0.00837182513964,0.00863226250565,-0.99992769568,0.0,0.656312231284,0.253945650936,0.303536491892,1.0,-0.01476,-0.0193988571429,0.739
0.460996641353,0.517023911099,-0.124042147311,-1.40394253828,0.0766031951657,1.9118200024,0.152937900251,-0.00870480552237,-0.0835294090885,0.00156956155035,-0.128403998785,-0.0100238215065,0.0465512431098,-0.0190847263955,0.573932762166,0.818887612082,0.00223834585691,0.0,0.818847620967,-0.573872418463,-0.011822346007,0.0,-0.00839680940525,0.00861826180718,-0.999927606957,0.0,0.6560311318,0.253600160211,0.303535406425,1.0,-0.01512,-0.019872,0.757
0.460819067414,0.515746172538,-0.124053126484,-1.40596139838,0.0764794520026,1.91258929326,0.152669695394,-0.0134687457904,-0.0792785319555,-0.000837475927228,-0.126193835128,-0.00940661642266,0.0510070281219,-0.014310588089,0.573939741272,0.818882668135,0.00225745815366,0.0,0.818842981224,-0.573879379818,-0.0118057791596,0.0,-0.00837220044321,0.00862447564876,-0.99992775973,0.0,0.655793928473,0.253286650573,0.303537666692,1.0,-0.01544,-0.0202925714286,0.773
0.460640816888,0.514426055707,-0.124058153466,-1.40805669407,0.0763630351556,1.91336105898,0.152369645732,-0.0113625865473,-0.0870659590393,-0.00193253582563,-0.133607241552,-0.0100667972334,0.0456469131719,-0.0183079827239,0.573922624956,0.818894660142,0.00225899466004,0.0,0.818854872909,-0.573862135772,-0.0118191853599,0.0,-0.00838247766682,0.00863325288872,-0.999927597885,0.0,0.655537880038,0.252969066194,0.303532928359,1.0,-0.01576,-0.0207131428571,0.789
0.460441630259,0.512938285805,-0.124059553588,-1.41046146163,0.0762163526979,1.91419617763,0.152043643267,-0.0125476333748,-0.0848710857381,-0.000940229286433,-0.133854353189,-0.0131178363812,0.0450110558517,-0.0233729168973,0.57390616227,0.818906386248,0.00218960541629,0.0,0.818865573612,-0.573845822366,-0.0118697686294,0.0,-0.00846389636936,0.00860529153484,-0.999927153055,0.0,0.655230579818,0.252604906865,0.303503335131,1.0,-0.01612,-0.0211862857143,0.807
0.460248550247,0.511530494796,-0.12406095535,-1.41274359554,0.0760819464061,1.91503111399,0.151711963939,-0.011290631696,-0.0845156499618,-0.00308110075913,-0.137506581537,-0.0023564216049,0.0498255318772,-0.0199915260257,0.57387690065,0.818926978316,0.00215731045592,0.0,0.818885642947,-0.573816590113,-0.0118983859237,0.0,-0.00850617247185,0.00859496487605,-0.999926883131,0.0,0.654947180329,0.252260232602,0.303475618223,1.0,-0.01646,-0.0216331428571,0.824
0.460058156609,0.510147689161,-0.124061361696,-1.41491942966,0.0759418128777,1.91587114933,0.151406910273,-0.0143680863187,-0.0805825921052,0.00158909232259,-0.135277031116,-0.0115756516514,0.0549825777151,-0.0223036417705,0.573859153219,0.818939325113,0.00219110732454,0.0,0.818898506,-0.57379878674,-0.0118716514041,0.0,-0.00846507044324,0.00860711605028,-0.999927127413,0.0,0.65468804177,0.251929641721,0.303480899844,1.0,-0.01678,-0.0220537142857,0.84
0.459840507828,0.508539900942,-0.124063843374,-1.41744149967,0.0757777830724,1.91677315762,0.151064802169,-0.0130553431231,-0.0941573510933,0.000583183789986,-0.135719136508,-0.00751399774628,0.0486457880078,-0.0139072143705,0.573845542078,0.818948904527,0.00217543376129,0.0,0.818907888256,-0.573785246815,-0.0118788884653,0.0,-0.00848013416687,0.00859829260192,-0.999927075685,0.0,0.654372196972,0.251542386004,0.303483758939,1.0,-0.01714,-0.0225268571429,0.858
0.459634314861,0.50709585657,-0.124069826649,-1.41970499482,0.0756316369751,1.91759378517,0.150751547491,-0.0104148119894,-0.0917467874053,-1.49936014819e-05,-0.13709459564,-0.0114676255057,0.0509445931069,-0.0148734980633,0.573839782748,0.818952951544,0.00217112769639,0.0,0.818911908351,-0.573779534954,-0.0118776483419,0.0,-0.00848164982506,0.00859399493022,-0.999927099776,0.0,0.654093562316,0.25118653912,0.303487673116,1.0,-0.01746,-0.0229474285714,0.874
0.459415618583,0.505527246017,-0.124087205162,-1.42215388001,0.0754773166568,1.91851263843,0.150404567073,-0.0121135969084,-0.0964395880097,-0.00452331716452,-0.144859821946,-0.00502150417851,0.0625641961484,-0.0197536174074,0.573832013325,0.818958327325,0.00219669975686,0.0,0.818917709469,-0.573771758755,-0.0118533064784,0.0,-0.00844712239715,0.0086008886481,-0.999927332779,0.0,0.653798628536,0.250800872911,0.30349880574,1.0,-0.0178,-0.0233942857143,0.891
0.459186224455,0.503887598917,-0.124085780381,-1.42462889779,0.0753213723551,1.91946206898,0.150067090962,-0.0134734870341,-0.0968178609753,-0.00303436701546,-0.144045229186,-0.00375565106077,0.0624945052878,-0.0199662368221,0.573827823706,0.818961003873,0.00229123920665,0.0,0.81892166027,-0.573767247054,-0.0117986206836,0.0,-0.00834813295482,0.00864688872418,-0.999927767387,0.0,0.653502884631,0.250418911297,0.303548527198,1.0,-0.01814,-0.0238411428571,0.908
0.458952201692,0.502204746296,-0.124094666903,-1.42710414084,0.0751652188538,1.92039034214,0.149713240529,-0.0162477834368,-0.10011293412,-0.00100505303344,-0.145390220936,-0.00241610665567,0.0534392006781,-0.0182492264589,0.573820665843,0.818965695335,0.00240420840907,0.0,0.818927887797,-0.573759735804,-0.0117314559554,0.0,-0.00822838042404,0.00870079269914,-0.99992829241,0.0,0.65320641125,0.250027090432,0.303626094657,1.0,-0.01848,-0.024288,0.925
0.458734906832,0.500593397991,-0.124098494034,-1.42953415533,0.0750148754863,1.92124200201,0.149379966985,-0.0113714147571,-0.0979464257634,0.000363253404761,-0.151274262161,-0.0133090268592,0.0552129751231,-0.0138014555808,0.573811581011,0.818971972586,0.00243403312292,0.0,0.818934477332,-0.573750462657,-0.0117249877925,0.0,-0.0082060667428,0.00872141534016,-0.999928296121,0.0,0.652896919943,0.249649514881,0.303667906579,1.0,-0.0188,-0.0247085714286,0.941
0.458488233725,0.498907963604,-0.124103968625,-1.43215538477,0.0748444328958,1.92220055241,0.149018106648,-0.0141978523869,-0.102512876827,-0.00138615776984,-0.160532642268,-0.00855469007995,0.0566585981592,-0.0243383373539,0.573808398565,0.818974162905,0.00244727021413,0.0,0.818936881095,-0.573747276353,-0.011713008174,0.0,-0.00818869410224,0.00872535028905,-0.999928404213,0.0,0.652572323119,0.249234178254,0.30367916982,1.0,-0.01914,-0.0251554285714,0.958
0.458230331055,0.497236714029,-0.124098978239,-1.43480457961,0.0746784360219,1.92317550827,0.148611184104,-0.012309787548,-0.100125643751,0.000565795417138,-0.157854279358,-0.0100358669482,0.0513019631111,-0.0213206027121,0.573772304124,0.818999461203,0.00244386392057,0.0,0.818962073844,-0.573711133584,-0.0117219327691,0.0,-0.00819834252545,0.00872732026626,-0.999928307961,0.0,0.652242871899,0.248816075938,0.303667754927,1.0,-0.01948,-0.0256022857143,0.975
0.45798185454,0.49566437796,-0.124093994264,-1.4373486497,0.0745245972622,1.9240486578,0.148246042066,-0.0200674794416,-0.0981839681876,0.000862227430479,-0.160687927082,-0.00941690192684,0.0500239380421,-0.0250104983358,0.573759918422,0.819008372059,0.00236419343023,0.0,0.818969742482,-0.573698827701,-0.0117882524131,0.0,-0.00829850219074,0.0086999971295,-0.999927719843,0.0,0.651911699211,0.24841057539,0.303628072847,1.0,-0.0198,-0.0260228571429,0.991
0.457705653227,0.493986954618,-0.124104302059,-1.44008802263,0.0743436798808,1.92502302637,0.147856938231,-0.0158174192963,-0.102300528811,0.000483598170517,-0.162421083981,-0.0128754292954,0.0611850739869,-0.0278256340808,0.573763605639,0.819006027024,0.00228022880699,0.0,0.818966328861,-0.573702860899,-0.0118290527821,0.0,-0.00838005307445,0.00865467721994,-0.999927433003,0.0,0.651566736069,0.247958904547,0.303577313978,1.0,-0.02088,-0.0274422857143,1.008
0.457393487538,0.491907399749,-0.124130928833,-1.44340689136,0.0741359385159,1.92626629028,0.147393050828,-0.0160346595956,-0.11118747565,-0.000653244895075,-0.183232483983,-0.0132418668744,0.0666894900137,-0.0256433363207,0.573768933502,0.819002312966,0.00227358875499,0.0,0.818962620795,-0.573708309213,-0.0118215304264,0.0,-0.00837764529716,0.00864497755311,-0.999927537086,0.0,0.651157844672,0.247424784589,0.30355367352,1.0,-0.0233228571429,-0.0306528979592,1.027
0.457127549313,0.490241879215,-0.124136639271,-1.44610193127,0.0739743743398,1.92719545302,0.147001734683,-0.0156951433454,-0.119725714216,0.000908634230118,-0.194310700151,-0.0155162569419,0.0691713649748,-0.0189137003995,0.573769321574,0.81900226138,0.00219280114765,0.0,0.818961272452,-0.573708764524,-0.0118926293681,0.0,-0.00848222441803,0.00861961105657,-0.999926874413,0.0,0.650780078565,0.246957116101,0.303509529986,1.0,-0.0252514285714,-0.0331875918367,1.042
0.45669925077,0.487580099012,-0.124158514532,-1.450284094,0.0737179054125,1.9287389467,0.146403076361,-0.0240672182429,-0.140915170509,-0.00125563542663,-0.214954108065,-0.0173130247738,0.0904124354484,-0.034422179098,0.573775734562,0.818997731489,0.00220661395211,0.0,0.818956961938,-0.573715161707,-0.0118808510526,0.0,-0.00846458514938,0.00862423194151,-0.999926984045,0.0,0.650288988897,0.246299411573,0.30350427324,1.0,-0.0276942857143,-0.0363982040816,1.061
0.45637927812,0.48554389604,-0.124169991512,-1.45336714641,0.0735292580928,1.92992900732,0.145947658845,-0.0202304290679,-0.149614885345,-0.00166528581953,-0.226660455053,-0.00647823051476,0.0878019206786,-0.0352135525858,0.57376996916,0.819001461189,0.00231861209097,0.0,0.818962171733,-0.573708981283,-0.0118200239397,0.0,-0.0083505690715,0.00868099750086,-0.999927451508,0.0,0.649887119997,0.245759087292,0.303546452731,1.0,-0.0296228571429,-0.0389328979592,1.076
0.455941015515,0.482949999866,-0.124200160629,-1.45740766475,0.0732733512734,1.93133638956,0.145319860081,-0.0233467322992,-0.157476441181,-0.000713641613284,-0.24602210244,-0.010734804392,0.0913587884371,-0.0341566253982,0.573769993929,0.819001530275,0.00228787581425,0.0,0.818961832653,-0.573709116428,-0.0118369458358,0.0,-0.00838206292207,0.00866553414843,-0.999927322129,0.0,0.649404485479,0.245104160543,0.303554217603,1.0,-0.03168,-0.0416365714286,1.092
0.455487472531,0.480132046637,-0.124250444371,-1.46179983538,0.0730087375577,1.93288723167,0.144676787699,-0.0300476847883,-0.16745502711,-0.000680361754008,-0.264563195899,-0.0155411265504,0.0995954541638,-0.0380500897937,0.573793924529,0.818984828286,0.00226497523603,0.0,0.818944774305,-0.573733073317,-0.0118559741191,0.0,-0.00841053365375,0.00865794224459,-0.999927148826,0.0,0.648845065248,0.244360088733,0.303553473746,1.0,-0.0338657142857,-0.0445092244898,1.109
0.45498781788,0.477136679339,-0.124272544879,-1.46635004641,0.0727265441371,1.93456326803,0.14401557308,-0.0343729809311,-0.176813385024,-0.00115765624685,-0.265747325515,-0.0152089226504,0.101607853735,-0.0395514748453,0.573821953174,0.818964904825,0.00236592924667,0.0,0.818926161832,-0.573760705511,-0.0118042865201,0.0,-0.00830997914557,0.00871124782245,-0.999927526578,0.0,0.648278830399,0.243592253114,0.303608260385,1.0,-0.0360514285714,-0.047381877551,1.126
0.454481118631,0.474161997787,-0.124291712743,-1.47092239157,0.0724390845501,1.93625233232,0.143362793115,-0.0321147510203,-0.187315338897,-0.000384844240845,-0.29074802418,-0.0121946096988,0.108347867835,-0.0381441490029,0.57385867222,0.818938961205,0.00243906528858,0.0,0.818901181131,-0.573797157234,-0.0117654066697,0.0,-0.00823577975159,0.0087492025445,-0.999927809088,0.0,0.647706810934,0.242819242391,0.303637240962,1.0,-0.0381085714286,-0.0500855510204,1.142
0.453921994601,0.470856515209,-0.12429756879,-1.47604466049,0.0721300962447,1.93803241213,0.142587977686,-0.0329892482806,-0.202333529403,0.000427143224386,-0.303992369705,-0.0082257174549,0.100628873895,-0.0452439377914,0.573847211839,0.81894705078,0.00241917010411,0.0,0.818908655306,-0.573785395197,-0.0118186896208,0.0,-0.00829095616144,0.00876337014546,-0.999927229047,0.0,0.647032163469,0.241963024494,0.303638509074,1.0,-0.0402942857143,-0.0529582040816,1.159
0.453349542796,0.467332028265,-0.124302671586,-1.48131875992,0.0717865558708,1.94006422992,0.141739633507,-0.0400820667529,-0.212336211007,-0.00133493140937,-0.322063336847,-0.0176704310693,0.11995343728,-0.0435589428377,0.5737820864,0.818991964172,0.00265082031507,0.0,0.818956758804,-0.573719624993,-0.0116775857365,0.0,-0.00804317609809,0.00887146752464,-0.999928299621,0.0,0.646376093043,0.241095250736,0.303737476561,1.0,-0.04248,-0.0558308571429,1.176
0.452766058103,0.463879021684,-0.124297857185,-1.48663473024,0.0714320875793,1.94188591472,0.14092367379,-0.0365661895116,-0.215761989103,-0.000429751658252,-0.342033096158,-0.022354084936,0.119903583489,-0.0553477130362,0.573740661776,0.819021103424,0.00261382343157,0.0,0.818985240914,-0.573678142665,-0.0117179646183,0.0,-0.00809792285022,0.00886392624564,-0.999927924631,0.0,0.645661589533,0.240205839698,0.303746068615,1.0,-0.0445371428571,-0.0585345306122,1.192
0.452065121644,0.459857772874,-0.124299983101,-1.49290756383,0.0710024723158,1.9440647255,0.14000595044,-0.0427971823589,-0.230645656419,0.00220848695639,-0.351283381846,-0.028328049005,0.126879819485,-0.0519515485823,0.573738692281,0.819022718489,0.0025389919491,0.0,0.818985821499,-0.573676377519,-0.0117637138097,0.0,-0.00817834661859,0.00882886616782,-0.999927580262,0.0,0.644821775553,0.239144214378,0.3037188801,1.0,-0.0468514285714,-0.0615761632653,1.21
0.4513576447,0.455937801751,-0.124322273486,-1.4990454047,0.0705986387433,1.94626352372,0.139042387161,-0.0463164107817,-0.230435171388,-0.00264649631112,-0.370326501729,-0.0232093751504,0.131569125696,-0.0564704825258,0.573718166508,0.81903717834,0.00251253202086,0.0,0.818999904548,-0.573655916785,-0.0117810182021,0.0,-0.00820792107423,0.00881691740072,-0.999927443367,0.0,0.644015067849,0.238087406335,0.303684977359,1.0,-0.0490371428571,-0.0644488163265,1.227
0.45063984029,0.452046096824,-0.124358375832,-1.50500976918,0.0701843981553,1.94837953107,0.138085038936,-0.0476635165208,-0.252636067206,-0.0011541421224,-0.370561404861,-0.0187420780428,0.139411125351,-0.0564636834649,0.573706771049,0.819045112775,0.00252804135363,0.0,0.819008232789,-0.573644672416,-0.0117495248246,0.0,-0.00817335079323,0.00881143827745,-0.999927774838,0.0,0.643234190502,0.237029887925,0.303703470295,1.0,-0.0510942857143,-0.0671524897959,1.243
0.44985766047,0.447693897699,-0.124422773901,-1.5115624125,0.0697472363901,1.95074389051,0.137104051773,-0.0480988480405,-0.261066816717,-0.00223264496617,-0.39616933277,-0.0264916692357,0.128843118998,-0.0590878373086,0.573767720759,0.819002037034,0.00264817874871,0.0,0.818966955092,-0.573705444388,-0.0116591786694,0.0,-0.00802977111247,0.00885860181295,-0.99992852142,0.0,0.642381859297,0.235865208049,0.303776029335,1.0,-0.05328,-0.0700251428571,1.26
0.449026479395,0.443236672735,-0.124435106709,-1.51847953454,0.0692765756907,1.95303924184,0.136066762147,-0.0491652118977,-0.260998043616,-3.45305414295e-05,-0.408926685545,-0.0271621291527,0.135513313455,-0.0681897769555,0.573786793754,0.818989131122,0.00250306171599,0.0,0.818951888588,-0.573724736162,-0.0117676758921,0.0,-0.00820168813949,0.00880219360911,-0.999927624231,0.0,0.641419440967,0.234650706079,0.303735469936,1.0,-0.0554657142857,-0.0728977959184,1.277
0.448215573169,0.438952160025,-0.124450851279,-1.52513199812,0.0688182528525,1.95536017462,0.134973966897,-0.0548950782011,-0.265161616413,0.000301469640593,-0.41471374045,-0.0288184767902,0.141206410731,-0.0721533428971,0.57373498894,0.81902558403,0.00244991261652,0.0,0.818987602143,-0.57367308469,-0.0118002686276,0.0,-0.00825943199614,0.00877684403126,-0.999927371759,0.0,0.640512324112,0.233480886623,0.303700508905,1.0,-0.0575228571429,-0.0756014693877,1.293
0.447293957141,0.434158160893,-0.124464703645,-1.53230265187,0.0683461319266,1.95798229425,0.133813672818,-0.056996882835,-0.283558952861,-0.00172703576775,-0.418871234463,-0.0297075541467,0.157088851435,-0.0633681954381,0.573733636251,0.81902589239,0.00265501977985,0.0,0.818990578205,-0.573670986068,-0.011695274928,0.0,-0.00805578026821,0.00888457985172,-0.999928081736,0.0,0.639563828345,0.232206358719,0.303787348766,1.0,-0.0597085714286,-0.078474122449,1.31
0.446256213025,0.429012344482,-0.124505835227,-1.54025883743,0.0677572906923,1.96073889751,0.132554899402,-0.0594143633891,-0.288855259114,-0.00142220950284,-0.453527652516,-0.0399133227107,0.146998017839,-0.0678795839297,0.57376149786,0.819006648433,0.00256910442264,0.0,0.818970529387,-0.573699489954,-0.0117010308804,0.0,-0.00810948432039,0.00881779158334,-0.999928238833,0.0,0.638477471196,0.230747758123,0.30374741345,1.0,-0.0620228571429,-0.081515755102,1.328
0.445299084402,0.424232678662,-0.124570992514,-1.54760980411,0.0672210412856,1.96314111173,0.131325877658,-0.0610031318742,-0.304587209037,-0.00407228727293,-0.455351098108,-0.0341721334895,0.152519274687,-0.0753397044671,0.573749115478,0.819015842891,0.00239759940704,0.0,0.818977572027,-0.573687820501,-0.0117799841489,0.0,-0.00827267934344,0.00872250356209,-0.999927737743,0.0,0.637440093044,0.229379848828,0.303710117223,1.0,-0.06408,-0.0842194285714,1.344
0.444174805983,0.418700849261,-0.124617010778,-1.55598793436,0.0666341382515,1.96603302961,0.12999972094,-0.0607974078224,-0.317821758988,-0.00213096653102,-0.457245013116,-0.0340398403399,0.175975661728,-0.0734905337261,0.573805872727,0.818976020972,0.00241751883805,0.0,0.818938046938,-0.573744536,-0.0117656104018,0.0,-0.00824887338353,0.00873114260199,-0.999927859016,0.0,0.636279412947,0.227833414526,0.303730217907,1.0,-0.0663942857143,-0.0872610612245,1.362
0.443122593763,0.413632169998,-0.124629816201,-1.56346975411,0.0661355770599,1.96881962624,0.128732208114,-0.0616264109094,-0.321946287455,-0.00109402328883,-0.474066727516,-0.0332030572485,0.169639063219,-0.0797054358797,0.573811359451,0.818971192267,0.00273073291588,0.0,0.818937357352,-0.573748990871,-0.0115951330011,0.0,-0.00792947731059,0.00888988938606,-0.999929044111,0.0,0.635280315261,0.226459261282,0.30384521396,1.0,-0.0684514285714,-0.0899647346939,1.378
0.441957438472,0.408173247611,-0.124667420306,-1.57185502155,0.0655191177236,1.97153268416,0.127332363869,-0.0677374676047,-0.325162927257,-0.00201862240297,-0.499128417871,-0.0373757625912,0.16084218571,-0.0724396642852,0.573814493836,0.818969646431,0.00252819904802,0.0,0.818933051688,-0.573752686534,-0.0117157351124,0.0,-0.00814442725222,0.00879325367246,-0.999928170918,0.0,0.634064423852,0.224880389925,0.303783001133,1.0,-0.0706371428571,-0.0928373877551,1.395
