position_joint1,position_joint2,position_joint3,position_joint4,position_joint5,position_joint6,position_joint7,velocity_joint1,velocity_joint2,velocity_joint3,velocity_joint4,velocity_joint5,velocity_joint6,velocity_joint7,ee_T_00,ee_T_10,ee_T_20,ee_T_30,ee_T_01,ee_T_11,ee_T_21,ee_T_31,ee_T_02,ee_T_12,ee_T_22,ee_T_32,ee_T_03,ee_T_13,ee_T_23,ee_T_33,v_x,v_y,time
0.465060863257,0.547786572477,-0.123982193947,-1.35584867235,0.0796099540668,1.89410625529,0.159176673307,0.000781283099349,0.000468542199063,-0.00224530407268,0.0012351253387,-0.000109714374708,0.000174342209853,0.000692737229002,0.573856189968,0.818941907096,0.00199322300237,0.0,0.818898273547,-0.573796402509,-0.0120022060728,0.0,-0.00868557256662,0.00851995115903,-0.999925982891,0.0,0.661670199194,0.260901928057,0.30320359569,1.0,0.0,0.0,0.0
0.465057389442,0.547782789377,-0.123984900276,-1.35585651526,0.0796070996365,1.89410542762,0.159174240603,-0.000342608976416,0.000367618231811,0.00174658999541,-0.00347557053375,-0.000262149045495,0.000139465275739,-0.000147485467789,0.573858592737,0.818940238015,0.00198721002319,0.0,0.818896556275,-0.57379886018,-0.0120018781197,0.0,-0.00868872936271,0.00851486427009,-0.999925998796,0.0,0.66167002356,0.260896662155,0.303202555267,1.0,-0.00028,-0.000368,0.015
0.465062676083,0.547778264225,-0.123985741884,-1.35585683231,0.0796063927272,1.89410818908,0.159176714219,0.00238934082994,-0.00246415101697,-0.000384518243965,0.000292868013497,-6.7699441563e-05,0.000171026084333,-0.0023914241913,0.573856718286,0.818941538547,0.00199254142601,0.0,0.818897941258,-0.573796977945,-0.0119973666373,0.0,-0.00868199479912,0.00851662148956,-0.999926042327,0.0,0.661669476158,0.260899769355,0.30320587638,1.0,-0.00054,-0.000709714285714,0.028
0.465052013094,0.547742436656,-0.123981794314,-1.35589540857,0.0796070025911,1.89410995664,0.159173266879,-9.43430176731e-05,-0.00265395368501,-0.0009129249645,-0.00361914075574,6.82024425157e-05,0.00016161585432,0.000716206979323,0.57386208626,0.81893777079,0.00199510125433,0.0,0.818894143735,-0.573802272421,-0.0120033504559,0.0,-0.00868537065119,0.00852220854697,-0.999925965409,0.0,0.661663773703,0.260891109062,0.303212920661,1.0,-0.00096,-0.00126171428571,0.049
0.465058695501,0.54766326158,-0.123984416562,-1.35597998724,0.0796036853351,1.89412469313,0.159174747457,-0.000382772546142,-0.00383198027624,4.2510024445e-05,-0.00717927122117,-0.000119154937132,0.00396573080113,0.000662874515834,0.573863359797,0.818936855181,0.00200459716971,0.0,0.818893328886,-0.573803482802,-0.0120010803938,0.0,-0.00867804927826,0.00852869576921,-0.999925973665,0.0,0.6616484628,0.260885478581,0.303230113375,1.0,-0.00122,-0.00160342857143,0.062
0.465044560068,0.547501173188,-0.123980352616,-1.35620177411,0.0796035268458,1.89416361302,0.159171918032,0.00111098791046,-0.0101617107236,-0.00116043983205,-0.010607373189,-0.000194038779672,0.00613709739521,0.000865786325515,0.573881829736,0.818923930416,0.0019971458487,0.0,0.81888010669,-0.573821785588,-0.0120281400278,0.0,-0.00870429349483,0.00853831840224,-0.999925663434,0.0,0.66161241858,0.260856893564,0.303242618543,1.0,-0.00162,-0.00212914285714,0.082
0.465024854808,0.547364973583,-0.123987489834,-1.35637672445,0.0796014829296,1.89423180192,0.159161643444,-0.00363709713525,-0.0152192283766,-0.00137888363404,-0.0147756637269,6.69012389531e-05,0.000929246686395,-0.000528019653944,0.573903784752,0.818908474887,0.00202546456218,0.0,0.818864988787,-0.573843585705,-0.0120173285393,0.0,-0.00867895943615,0.00855553706793,-0.999925736467,0.0,0.661596398141,0.260825052175,0.303261981006,1.0,-0.0019,-0.00249714285714,0.096
0.465000892098,0.547179814535,-0.123982859262,-1.35659153555,0.0795982712449,1.89436172463,0.159144821262,-8.52435371605e-05,-0.00857048972841,-0.000172451404792,-0.0164846700248,-0.00343299211423,0.00810324517198,-0.00197914707558,0.5739178475,0.818898389308,0.00211641451753,0.0,0.818856058303,-0.573857233642,-0.0119740585229,0.0,-0.00859118286451,0.00860533042214,-0.9999260672,0.0,0.661583318214,0.260797131623,0.303302016062,1.0,-0.00224,-0.002944,0.113
0.464970360709,0.546981544706,-0.123982867035,-1.35683419585,0.0795951586461,1.89448772875,0.15913769904,-0.00117387469846,-0.0138278242774,-0.000162021930574,-0.0183236899956,-7.6083741606e-05,0.00661501799042,-0.00102053585386,0.573949960635,0.818875684402,0.00219159386406,0.0,0.818834291132,-0.573888991091,-0.0119405390034,0.0,-0.00852024949824,0.00864799059972,-0.999926306088,0.0,0.661566174866,0.260758792661,0.303337888584,1.0,-0.00256,-0.00336457142857,0.129
0.464928910531,0.546696645626,-0.123982861204,-1.35725075924,0.0795898871895,1.89464598851,0.159089956955,-0.00591192762593,-0.0204270268645,-0.000141171723018,-0.0237495609121,2.0933992281e-05,0.00269686818939,-0.00352846430894,0.573966731733,0.818863838441,0.00222527720886,0.0,0.818822714498,-0.573905450503,-0.0119433247048,0.0,-0.00850302170202,0.00867734563733,-0.999926198424,0.0,0.66152079822,0.260695563893,0.30335512849,1.0,-0.00296,-0.00389028571429,0.149
0.464900486219,0.546465020115,-0.123983173234,-1.35758348656,0.0795787930389,1.89477222273,0.158963892638,-0.00427494672597,-0.0193552369151,7.03621916539e-05,-0.0241184016417,0.000310994107283,0.0115256636771,-0.00807238020301,0.573902669811,0.818908662439,0.00225279116459,0.0,0.818867817166,-0.573841203573,-0.011938090005,0.0,-0.0084836242608,0.00869620733871,-0.999926199325,0.0,0.661483842219,0.260646902807,0.303371746027,1.0,-0.00324,-0.00425828571429,0.163
0.46485436566,0.546131544198,-0.123983177608,-1.35813652907,0.0795648970557,1.89496596446,0.158945816225,-0.000950984031994,-0.0189856392485,-0.00051470547252,-0.0284090648408,-0.000323594236614,0.00962988390175,6.13244540503e-05,0.573952871596,0.818873511739,0.00224050436189,0.0,0.818832313969,-0.573891251997,-0.0119674300668,0.0,-0.00851416955607,0.00870350579302,-0.999925876205,0.0,0.661417133756,0.260566021849,0.303361455823,1.0,-0.00364,-0.004784,0.183
0.464815388763,0.545876271231,-0.123986020851,-1.35855301579,0.0795521227357,1.89510453686,0.158905866184,-0.00814939646028,-0.016596365746,-0.00078322645886,-0.0342701938114,4.62591734847e-05,0.0111048569041,-0.00797649878858,0.573973889625,0.818858815715,0.00222729781764,0.0,0.818817322927,-0.57391219614,-0.0119887321273,0.0,-0.00853897001133,0.00870513684803,-0.999925650528,0.0,0.661367395076,0.260499844032,0.303356072616,1.0,-0.0039,-0.00512571428571,0.196
0.464747109921,0.545437102348,-0.123983567459,-1.35929273702,0.0795068637128,1.89535575852,0.158767090732,-0.00440000002969,-0.0256109046047,-0.00252706542304,-0.0374959657485,-0.00401932843037,0.0093203515191,-0.00429346458205,0.573943701006,0.818880087562,0.00218567410013,0.0,0.818837994708,-0.573882125951,-0.0120162738695,0.0,-0.00858573340116,0.0086865449371,-0.999925411778,0.0,0.661278914515,0.26038378433,0.30333656351,1.0,-0.00432,-0.00567771428571,0.217
0.464705317645,0.545133038098,-0.123981476478,-1.35982655619,0.0794443096221,1.89552342184,0.158726969452,-0.00321714594743,-0.0227329644749,0.000649199590075,-0.0397898542722,-0.00231914014743,0.0136367796615,0.000707774402276,0.573956666081,0.818871182972,0.00211614291007,0.0,0.818828391551,-0.573895591168,-0.0120275737049,0.0,-0.00863475466747,0.00863623027427,-0.999925425489,0.0,0.661211591526,0.260299228558,0.303312105487,1.0,-0.00458,-0.00601942857143,0.23
0.464626410987,0.544623563449,-0.12398426055,-1.36066279455,0.0794183361472,1.89580630126,0.158621450176,-0.0025390506331,-0.0307922721618,-0.000582596981761,-0.0415421351428,-0.00125730234815,0.00733015728246,-0.00165143367749,0.573976475126,0.818857361367,0.00209156362245,0.0,0.818813990244,-0.573915244037,-0.0120701675257,0.0,-0.00868353246945,0.00864076012754,-0.999924963949,0.0,0.661111802492,0.26016785956,0.303299305103,1.0,-0.00498,-0.00654514285714,0.25
0.464571011133,0.544282488261,-0.123984340486,-1.36124638831,0.0793973870964,1.896022118,0.158529417967,-0.00687455966353,-0.0277642075636,-0.000258897789809,-0.0443882502555,-0.000218067504628,0.0176938460674,-0.00707993380244,0.573973589148,0.81885942464,0.00207570228267,0.0,0.818815703443,-0.573912284773,-0.0120946303417,0.0,-0.00871269874971,0.00864178239244,-0.999924701404,0.0,0.661045193924,0.260077643736,0.303281627636,1.0,-0.00524,-0.00688685714286,0.263
0.464485629942,0.543656933199,-0.123983953718,-1.36226245177,0.0793586047035,1.89637894807,0.158429678535,-0.0117464114642,-0.0316203704587,0.000642052090128,-0.0475190745124,-0.00265630317884,0.0211211709698,-0.0057715322616,0.574007805576,0.818835482426,0.00205882458324,0.0,0.81879129271,-0.573946324826,-0.0121318631084,0.0,-0.00875251369106,0.00864969829585,-0.999924285245,0.0,0.660923278008,0.259926968172,0.303271568846,1.0,-0.00566,-0.00743885714286,0.284
0.464427434406,0.543240119192,-0.123989253176,-1.36291071769,0.0793212059201,1.89660848032,0.158326763532,-0.00372776928996,-0.0327836233331,-0.000190875661347,-0.0504102711253,-0.00176157705916,0.018820591154,-0.00414032461965,0.574000976086,0.818840273768,0.00205728176836,0.0,0.818796053151,-0.573939492369,-0.0121338099895,0.0,-0.00875506560203,0.00864947949908,-0.999924264797,0.0,0.66084918831,0.259823481323,0.303277944796,1.0,-0.00592,-0.00778057142857,0.297
0.464333542985,0.542584457422,-0.123995635664,-1.36396196365,0.0792598571793,1.89698400084,0.158199159496,-0.00426611192211,-0.0301485183004,-0.00228461788038,-0.0501771305671,-0.00183387233819,0.0288738964853,-0.010467830854,0.574019939336,0.818827025262,0.00203932501527,0.0,0.818782550717,-0.573958513239,-0.0121452304412,0.0,-0.00877452389628,0.00864153455513,-0.99992416293,0.0,0.66072841241,0.259657112199,0.303274092884,1.0,-0.00632,-0.00830628571429,0.317
0.46426926466,0.542084673279,-0.123996585325,-1.36473039701,0.079216872567,1.89727564671,0.158089642629,-0.00543890137674,-0.0315855922133,-5.00394998572e-05,-0.0560037600755,-0.00524922330412,0.0138674288757,-0.00292067461296,0.574014867098,0.818830528562,0.00206027807911,0.0,0.818786308084,-0.573953329886,-0.0121368739152,0.0,-0.00875570799361,0.00865384016269,-0.999924221443,0.0,0.660641888333,0.259542274646,0.303287088571,1.0,-0.0066,-0.00867428571429,0.331
0.464161052696,0.541343575017,-0.123996360373,-1.36586114627,0.0791547933241,1.89769130218,0.157937737852,-0.00276309248927,-0.0368841328476,-0.000114184433233,-0.0568730288175,-9.77205372305e-05,0.0226792416431,-0.0108272782826,0.574025129773,0.818823268745,0.00208610917367,0.0,0.818779319907,-0.573963412733,-0.0121314894873,0.0,-0.00873636373819,0.00867200984085,-0.999924233227,0.0,0.660514932045,0.259364588911,0.303308890963,1.0,-0.007,-0.0092,0.351
0.464097821924,0.540817169273,-0.123999169631,-1.36666135406,0.0791089077596,1.89798995372,0.157833960713,-0.00235743594485,-0.0371354547514,-8.74765751105e-06,-0.0602378042093,-0.00488551144069,0.0183416208786,-0.0104738687609,0.574026043611,0.818822572299,0.00210790191438,0.0,0.818778901615,-0.573964224834,-0.0121212945528,0.0,-0.00871549709732,0.00868401156388,-0.999924311162,0.0,0.660423228286,0.259245962747,0.303326105324,1.0,-0.00726,-0.00954171428571,0.364
0.463974018003,0.539957625864,-0.123999522976,-1.36796083895,0.0790314536075,1.89846274702,0.157681290195,-0.00563426929403,-0.0512836255539,-8.94697168563e-05,-0.0659976129368,-0.00667631023545,0.020411179666,-0.0122691169376,0.574043514852,0.818810260915,0.00213227049672,0.0,0.81876691242,-0.573981591989,-0.0121087606859,0.0,-0.00869106081218,0.00869695551903,-0.999924411357,0.0,0.660268831102,0.25902955393,0.303354065771,1.0,-0.00768,-0.0100937142857,0.385
0.463902232573,0.539349386368,-0.124009858146,-1.36891685852,0.0789724121578,1.89882817327,0.157546864045,-0.00983837665793,-0.0425481461309,-0.000710124228801,-0.0711955714807,-0.00362752293138,0.0282535783141,-0.0109109186226,0.57404705966,0.818807735348,0.00214772690279,0.0,0.818764635745,-0.573985116827,-0.0120956114736,0.0,-0.00867138391216,0.00870210057885,-0.999924537426,0.0,0.660168538457,0.258896939654,0.303362779495,1.0,-0.00794,-0.0104354285714,0.398
0.463761262833,0.538408581849,-0.124016224345,-1.37037850143,0.0788911231554,1.89938928889,0.157371035219,-0.00883467536325,-0.0438801601605,-0.00430092285995,-0.0716294280191,-0.00584800484041,0.0242498560458,-0.0051121453497,0.574082179372,0.818783019554,0.00218291520648,0.0,0.818740371053,-0.574020072987,-0.0120792183807,0.0,-0.00863738804998,0.00872187274234,-0.999924659394,0.0,0.660009468044,0.258663955964,0.303380519163,1.0,-0.00836,-0.0109874285714,0.419
0.463689873565,0.537859995086,-0.124017345567,-1.37124113184,0.0788367697702,1.89972867312,0.157257765501,-0.00218875159044,-0.0408105418475,-0.00152101422947,-0.0738112992317,-0.00289805226371,0.0226012323641,-0.0106011479531,0.574081893279,0.818783169774,0.00220172805742,0.0,0.818740815118,-0.574019755843,-0.0120641809756,0.0,-0.00861427878954,0.00872864053311,-0.99992479969,0.0,0.659913573522,0.258535224874,0.303386813857,1.0,-0.0086,-0.0113028571429,0.431
0.463556835165,0.536837893791,-0.12401977956,-1.37283295846,0.0787494245645,1.90031347506,0.15706829633,-0.01156757657,-0.0469225673015,0.00339665955252,-0.0729906518998,-0.00698599670793,0.0302342764264,-0.0107675264267,0.574101736962,0.818769211346,0.00221834850675,0.0,0.818726987697,-0.574039439465,-0.0120660041614,0.0,-0.00860601887053,0.00874350407741,-0.999924740956,0.0,0.659727955031,0.258296035662,0.303401591217,1.0,-0.00902,-0.0118548571429,0.452
0.463471505281,0.536193765805,-0.124023704662,-1.37384739025,0.0786929828777,1.90069659885,0.156947943654,-0.00747792615026,-0.0538293723852,-0.00119365269062,-0.0766051560929,-0.000559569200874,0.0336489759714,-0.00667130425036,0.574116607945,0.818758752225,0.00223003089874,0.0,0.818716659111,-0.57405423687,-0.0120628407304,0.0,-0.00859656324944,0.00875140914121,-0.999924753138,0.0,0.659612056363,0.258142363031,0.303406768318,1.0,-0.00928,-0.0121965714286,0.465
0.463337517809,0.535087897764,-0.124025092935,-1.37558223163,0.0786018019643,1.90131536107,0.15673794953,-0.00354966020316,-0.0524100990987,0.000766663582418,-0.0800042419447,-0.000361172930891,0.0280153958239,-0.00471512493833,0.574126123123,0.818752083835,0.00222864644863,0.0,0.818709802839,-0.574063583881,-0.0120833479818,0.0,-0.0086140474194,0.00876214912422,-0.999924508615,0.0,0.659401677192,0.257889000959,0.303415113563,1.0,-0.0097,-0.0127485714286,0.486
0.463247770225,0.534471377718,-0.124032898804,-1.37660992241,0.0785470238405,1.90169305897,0.156606684498,-0.00705245325014,-0.054443351345,-0.00286151978106,-0.0839780663599,-0.00533484359665,0.0275254096877,-0.0113894236844,0.574139400516,0.818742848332,0.00220090470318,0.0,0.818700150572,-0.574076922594,-0.0121036069104,0.0,-0.00864641946838,0.00875120711537,-0.999924325039,0.0,0.659282326618,0.257728148197,0.303393927734,1.0,-0.00994,-0.013064,0.498
0.463090176107,0.533329802178,-0.124025523084,-1.37844715996,0.0784459269297,1.90236704437,0.156372228039,-0.00445328207512,-0.0590308294851,0.000281970789834,-0.0903750250456,-0.00275595156834,0.0295203220026,-0.00666037835816,0.574144831685,0.818739073201,0.00218841596448,0.0,0.818696046524,-0.574082239262,-0.0121290094973,0.0,-0.0086743302651,0.00875562418752,-0.999924044635,0.0,0.659063860858,0.257454809202,0.30338280259,1.0,-0.01036,-0.013616,0.519
0.462989012691,0.532614896166,-0.124030795645,-1.3796122646,0.078381119742,1.90281757558,0.156231954336,-0.00553155943877,-0.0524989380831,-0.000344087819739,-0.0855969317065,-0.00295264592741,0.0308527341884,-0.00846145035481,0.574163041708,0.818726303167,0.00218836491894,0.0,0.818683260981,-0.574100432163,-0.0121309059976,0.0,-0.00867571761024,0.00875686421108,-0.99992402174,0.0,0.658932017907,0.25727622663,0.303371562584,1.0,-0.01062,-0.0139577142857,0.532
0.462822760526,0.531407184759,-0.124031770635,-1.38156119698,0.078271190998,1.90352192017,0.155973611259,-0.00588943482084,-0.0602788152357,-0.000705391170952,-0.0934680489554,-0.00612391897414,0.035642340969,-0.0101892973804,0.574165148368,0.818724900474,0.00216024156031,0.0,0.818681360869,-0.57410253019,-0.0121598148361,0.0,-0.00871551084648,0.00875045986337,-0.999923731753,0.0,0.658698942239,0.256980636718,0.303356313895,1.0,-0.01104,-0.0145097142857,0.553
0.462725237388,0.530681436775,-0.12403327516,-1.38273581293,0.0781964452961,1.90392866569,0.155828894836,-0.00830575559601,-0.0621063352053,0.000126639655949,-0.0933656760082,-0.0106016416892,0.0383066535427,-0.0177819212596,0.574172312303,0.818719983405,0.00211930625894,0.0,0.818675890642,-0.574109855371,-0.0121822390653,0.0,-0.00875729656067,0.00872989738982,-0.999923546402,0.0,0.65854194858,0.256786738871,0.303344574296,1.0,-0.0113,-0.0148514285714,0.566
0.462554093685,0.529411616232,-0.124039570664,-1.38475012742,0.0780700497189,1.90466840511,0.155555140749,-0.00804639278276,-0.0626443542455,-0.000343619582281,-0.0929522284864,-0.00667830511429,0.0377467018237,-0.020457733013,0.574167234535,0.818723559954,0.00211330632412,0.0,0.818679411005,-0.574104827009,-0.0121826312117,0.0,-0.00876111651226,0.00872515603517,-0.999923554323,0.0,0.658317182326,0.256492107687,0.303343997183,1.0,-0.0117,-0.0153771428571,0.586
0.462436105586,0.528494959701,-0.124037180427,-1.38615464334,0.0779820243811,1.90520451574,0.155360815047,-0.00949228389249,-0.0712864395202,0.000173723505836,-0.099637579838,-0.0116031067868,0.0442410580143,-0.0186187243212,0.574155625327,0.818731598251,0.0021528659194,0.0,0.818687996647,-0.574093075212,-0.0121594424428,0.0,-0.00871954220705,0.00874410611712,-0.999923752189,0.0,0.658154259755,0.256283278291,0.303367353249,1.0,-0.01198,-0.0157451428571,0.6
0.462263701962,0.527108994892,-0.124041896234,-1.38831336559,0.0778567255603,1.90602620731,0.155061315548,-0.00531834128724,-0.0743044892579,-0.00112429898542,-0.109332471582,-0.00502588190806,0.0418470541078,-0.0164457107879,0.574138198511,0.818743706534,0.0021952043888,0.0,0.818700642677,-0.574075450446,-0.0121400896652,0.0,-0.00867957617057,0.00876747325509,-0.999923895289,0.0,0.657901187198,0.255964500593,0.30338685617,1.0,-0.0124,-0.0162971428571,0.621
0.462155869539,0.526293451917,-0.124038210776,-1.38956555051,0.0777749491335,1.90650180689,0.154883901861,-0.0094703663818,-0.0677282852812,-0.000209770658056,-0.106426659778,-0.00674492494663,0.0416821734959,-0.0158434401263,0.574124261486,0.818753397245,0.00222570757691,0.0,0.818710775071,-0.574061427274,-0.0121198762163,0.0,-0.00864566341383,0.00878069481297,-0.999924073069,0.0,0.657755161017,0.255776821664,0.303405810916,1.0,-0.01264,-0.0166125714286,0.633
0.461960381609,0.52483685205,-0.124041066438,-1.39184130514,0.0776297643657,1.90732080449,0.154587653162,-0.00832531074085,-0.0670097316022,0.000263780571357,-0.109410266506,-0.00949049709458,0.0359997498614,-0.0112361177547,0.574127107418,0.818751413467,0.00222134539097,0.0,0.818708746398,-0.574064303858,-0.012120664543,0.0,-0.00864878264711,0.00877760597052,-0.999924073214,0.0,0.657481182992,0.255427706675,0.303418274048,1.0,-0.01306,-0.0171645714286,0.654
0.461844411318,0.523940106425,-0.12405164815,-1.39330093578,0.0775430072204,1.90783869681,0.15439088257,-0.00306787537659,-0.073262959226,-0.000276825870132,-0.109910113633,-0.00147268470508,0.0458188673459,-0.0154941580271,0.574123464174,0.818754076195,0.00218116928766,0.0,0.818710849912,-0.574060800139,-0.0121445000775,0.0,-0.00869140249176,0.00875835804201,-0.999923872446,0.0,0.657301750501,0.255204945081,0.303399341359,1.0,-0.01332,-0.0175062857143,0.667
0.461644274586,0.522431361188,-0.124052787162,-1.3956803397,0.0773997139422,1.90876635235,0.154060216842,-0.0125128982085,-0.0657081448288,0.00106270109281,-0.115959520284,-0.013593067102,0.0454145713901,-0.018872932361,0.574106739014,0.818765679829,0.00222725235028,0.0,0.818723090135,-0.57404391294,-0.0121175326078,0.0,-0.0086430455746,0.00878042910754,-0.999924098033,0.0,0.657025644329,0.25484986734,0.303407747628,1.0,-0.01374,-0.0180582857143,0.688
0.461516884954,0.521491571044,-0.124058061667,-1.39718858841,0.0773070505188,1.90935395689,0.153857764351,-0.00899569688077,-0.0679498177929,-0.00132423785604,-0.112462602397,-0.00363630109064,0.0452404906581,-0.0190667406875,0.574104962923,0.818766892026,0.00223941294336,0.0,0.818724514708,-0.574042139461,-0.0121052897187,0.0,-0.00862605912124,0.00878333828687,-0.999924219165,0.0,0.656850866206,0.254621283906,0.303401295395,1.0,-0.014,-0.0184,0.701
0.461317342861,0.519979482162,-0.124059554549,-1.39958876277,0.0771644957359,1.91023037682,0.153538212098,-0.00961694147112,-0.0775887968339,0.00191130161412,-0.128406693676,-0.0048064390784,0.0452863378766,-0.0182794612805,0.57410258366,0.818768568853,0.00223629024962,0.0,0.818726116148,-0.574039738637,-0.0121108259,0.0,-0.00863241031997,0.00878393478804,-0.999924159115,0.0,0.656544587784,0.254239488525,0.303404281702,1.0,-0.01442,-0.018952,0.722
0.461189183583,0.51895109731,-0.12406274778,-1.40117241676,0.0770616631773,1.9107956839,0.153332006006,-0.0111470219096,-0.0881850557723,-0.000524775597378,-0.125919977973,-0.00598208437898,0.0466927219574,-0.0167871254807,0.5740920367,0.818775966354,0.00223544628978,0.0,0.818733475887,-0.574029169458,-0.0121142467213,0.0,-0.00863580895486,0.00878509642463,-0.999924119563,0.0,0.656362490343,0.254022071176,0.303414172083,1.0,-0.01466,-0.0192674285714,0.734
0.460979357207,0.517362086073,-0.124068780665,-1.40367256849,0.0769000435303,1.91169255786,0.152980980133,-0.010700343487,-0.0792302668416,0.000861184952728,-0.124060056697,-0.0115519821638,0.0478670884162,-0.0169152459419,0.574069528918,0.818791796746,0.00221730707315,0.0,0.818749094261,-0.574006767793,-0.0121201516449,0.0,-0.0086512980402,0.00877339681812,-0.999924088394,0.0,0.656055042205,0.253639762464,0.303417174692,1.0,-0.01506,-0.0197931428571,0.754
0.46084291212,0.516333192133,-0.124071615413,-1.40530433883,0.0767987179116,1.9123025243,0.152749530432,-0.0103461210461,-0.0803966435284,-0.00236207923172,-0.127240643536,-0.00305966266573,0.0489983073301,-0.0158982927417,0.574052822125,0.818803500618,0.00222074046386,0.0,0.818760853113,-0.573990058688,-0.0121171299349,0.0,-0.00864703194108,0.00877429692429,-0.999924117397,0.0,0.655857895975,0.2533934576,0.303415193058,1.0,-0.01532,-0.0201348571429,0.767
0.460616464676,0.514718124753,-0.124077759012,-1.40791322316,0.0766358991075,1.91327513509,0.152403023031,-0.0110860161855,-0.0850560919731,-0.000132902028593,-0.13307915096,-0.00593244997747,0.0518659909292,-0.0146255832722,0.57405800049,0.81879993443,0.00219689617841,0.0,0.818756977552,-0.57399534127,-0.0121287597222,0.0,-0.00867018642152,0.00876150431566,-0.999924029069,0.0,0.655526585613,0.252971088833,0.303391833496,1.0,-0.01574,-0.0206868571429,0.788
0.460456009162,0.513555793559,-0.124080489455,-1.40978625538,0.0765299477514,1.91390903424,0.152138056778,-0.0118464718885,-0.0838352320842,-0.00127735348229,-0.133466793746,-0.00665830977026,0.0509501206939,-0.0262170720109,0.574038784307,0.818813565368,0.0021368626639,0.0,0.818769634718,-0.573976199799,-0.0121800750893,0.0,-0.00874687080337,0.00874160206273,-0.999923535399,0.0,0.655301762438,0.252704818545,0.303368590521,1.0,-0.016,-0.0210285714286,0.801
0.460229494414,0.511890880135,-0.124081237536,-1.41246642551,0.076362382403,1.91486944743,0.151760015679,-0.00671336419875,-0.0838515726296,-0.00031970742105,-0.13114446023,-0.00704411755461,0.0492006214228,-0.0247509747696,0.574010406733,0.818833586101,0.00208761519476,0.0,0.818788934283,-0.57394796831,-0.0122130122918,0.0,-0.00880241162601,0.00871988025826,-0.999923237673,0.0,0.654965690644,0.252297931658,0.303342539372,1.0,-0.0164,-0.0215542857143,0.821
0.460078991015,0.510794655503,-0.12408161151,-1.41422733976,0.076254772408,1.91554636492,0.151509127806,-0.00880852323897,-0.0842617472943,0.000601528772883,-0.136397154206,-0.00557158407665,0.0475817214439,-0.0133219639267,0.573991731099,0.818846656677,0.00209580072037,0.0,0.818802115433,-0.573929261925,-0.0122083974715,0.0,-0.00879413340664,0.00872373322085,-0.999923276905,0.0,0.654753721649,0.252033106213,0.303330714179,1.0,-0.01666,-0.021896,0.834
0.459823955553,0.508937021452,-0.124085117056,-1.41716114487,0.0760681888509,1.91662688013,0.151101356146,-0.0149989881721,-0.085718571608,3.84205401753e-05,-0.13878662715,-0.0109548661762,0.0480177172206,-0.0264763545203,0.573971601239,0.818860771394,0.00209402571233,0.0,0.818816223757,-0.573909159309,-0.012207189458,0.0,-0.00879437735899,0.00872137021945,-0.999923295372,0.0,0.654392867354,0.251583597623,0.303328199292,1.0,-0.01708,-0.022448,0.855
0.459661800147,0.50778359784,-0.124087958767,-1.41896484753,0.0759604998016,1.91727177484,0.150853005713,-0.0177115294578,-0.0947228260577,0.000904933932361,-0.140865140158,-0.0130125296964,0.0523683391383,-0.0179242416441,0.573967540458,0.818863625418,0.00209102080127,0.0,0.818818958981,-0.573905033715,-0.0122176753902,0.0,-0.00880473211909,0.00872488455057,-0.99992317359,0.0,0.65416781521,0.25130337394,0.303332535019,1.0,-0.01734,-0.0227897142857,0.868
0.459413899557,0.505942745445,-0.124096409687,-1.42183906155,0.075776296765,1.91833360392,0.150462546151,-0.0117385545036,-0.0980694044359,-0.000997878649566,-0.147295351682,-0.0142614090796,0.0494375449671,-0.0193685740063,0.573957052668,0.818870906215,0.00211838339747,0.0,0.818826729359,-0.573894556025,-0.0121890423694,0.0,-0.00876569223828,0.00873074387594,-0.999923465447,0.0,0.653799989257,0.250836188967,0.303349761447,1.0,-0.01776,-0.0233417142857,0.889
0.459237055838,0.504682165143,-0.124102534199,-1.42372712424,0.0756517501052,1.91908017345,0.150202534106,-0.0102492290292,-0.101682591238,0.00024711721823,-0.146478191659,-0.0113590401569,0.0548524981568,-0.0213444933234,0.573955978604,0.818871437479,0.0022023636827,0.0,0.818828468726,-0.573893224779,-0.012134754127,0.0,-0.0086730489425,0.00876834157971,-0.999923944312,0.0,0.653595590551,0.250565690758,0.30339096157,1.0,-0.018,-0.0236571428571,0.901
0.45896048492,0.502621826961,-0.124112088669,-1.4267811807,0.0754631597287,1.920221876,0.149766413626,-0.00859466657093,-0.0971251377503,-0.00348684573809,-0.144765994112,-0.00913496465301,0.0523108782615,-0.0212989475695,0.573938128052,0.818883603008,0.00232740085215,0.0,0.818842330791,-0.573874909573,-0.0120653374749,0.0,-0.00854463458006,0.00883070156148,-0.999924501115,0.0,0.653225414064,0.250091173872,0.303475440511,1.0,-0.01842,-0.0242091428571,0.922
0.458783646755,0.501298786361,-0.124115977449,-1.42874634156,0.0753294493958,1.92092526811,0.14949551141,-0.0148476501861,-0.107785468796,-0.000531351936174,-0.158968911247,-0.0115041662194,0.0557107397718,-0.0157441803405,0.573927961945,0.818890594491,0.00237395304745,0.0,0.818850014759,-0.573864639845,-0.0120322635088,0.0,-0.00849094318414,0.00884973434591,-0.999924790215,0.0,0.652979897415,0.249783908155,0.3035245882,1.0,-0.01868,-0.0245508571429,0.935
0.458483961475,0.49920030892,-0.124111407704,-1.43195507269,0.0751318252067,1.92208115939,0.149040089562,-0.0173074088316,-0.0946814953726,-0.000353652843804,-0.155630257869,-0.014059796971,0.0606239228212,-0.0212820902811,0.573907238542,0.818904995556,0.00241592700489,0.0,0.818864856482,-0.573843635107,-0.0120239830347,0.0,-0.0084602983259,0.00887913957078,-0.999924789288,0.0,0.65257658078,0.249284561416,0.303561322588,1.0,-0.0191,-0.0251028571429,0.956
0.458292164169,0.497920402547,-0.124117369724,-1.4339824359,0.0750111795048,1.92283476503,0.148743207589,-0.0142467706699,-0.102175493401,-0.000837231940346,-0.159059392575,-0.0046761917561,0.055186877139,-0.0300924564549,0.57389610747,0.818912780401,0.00242132779023,0.0,0.818872666378,-0.573832435736,-0.0120265896091,0.0,-0.00845945438265,0.00888494316925,-0.999924744877,0.0,0.652326653818,0.24896398298,0.303554361305,1.0,-0.01936,-0.0254445714286,0.969
0.457972949585,0.495854469386,-0.124114567067,-1.4372870416,0.0748110199808,1.92399582709,0.148261641416,-0.0127508481058,-0.0967566465748,0.000254585214581,-0.157783629846,-0.0131196508594,0.0554462430131,-0.024002312265,0.57387222919,0.818929672627,0.00236701426961,0.0,0.818888663078,-0.573808590006,-0.0120750328819,0.0,-0.00853055384399,0.00886801792506,-0.999924291089,0.0,0.651925630578,0.248464397162,0.303525360437,1.0,-0.01976,-0.0259702857143,0.989
0.457778460627,0.494681429389,-0.124119206833,-1.4392309493,0.0746828991324,1.92466916278,0.14798471909,-0.0138025272185,-0.0952866308506,0.000130736818308,-0.159264338524,-0.0174088325124,0.0538251838838,-0.0251668528864,0.573873225359,0.818929247176,0.00227073509444,0.0,0.818886890741,-0.573809901835,-0.0121327502623,0.0,-0.00863305997,0.00882230558341,-0.999923815698,0.0,0.651653022668,0.248120000404,0.303472307694,1.0,-0.0208942857143,-0.0274610612245,1.002
0.457359862725,0.491465852636,-0.124219429092,-1.44405609907,0.0744245473643,1.92646595475,0.147277369357,-0.0217283160133,-0.180969732411,-0.00578743902043,-0.27355295776,-0.0119137858583,0.109038881579,-0.0426979230947,0.573882163334,0.818922521709,0.0024316548774,0.0,0.818882360026,-0.573818259417,-0.0120429439063,0.0,-0.00846707304067,0.00890264139005,-0.999924522977,0.0,0.651064388536,0.247338968247,0.303572434924,1.0,-0.0410085714286,-0.0538969795918,1.024
0.457036648453,0.488894874915,-0.12424176255,-1.44814093823,0.0742266503405,1.92806030178,0.146646091838,-0.0349216537049,-0.227915883884,-0.00028600052656,-0.359449672692,-0.0178525240472,0.144198012485,-0.0525220368835,0.573798274643,0.8189810338,0.0025205540725,0.0,0.818941700458,-0.573733667251,-0.012038156608,0.0,-0.00841305718974,0.00897183306535,-0.999924360479,0.0,0.650550801823,0.246741076546,0.303555016527,1.0,-0.05198,-0.0683165714286,1.036
0.456198650857,0.483085573323,-0.124359114522,-1.45733648477,0.0737012350656,1.93149021121,0.145233446275,-0.0441616278609,-0.326900450795,-0.011416594813,-0.522532590596,-0.0322991977811,0.186025227666,-0.0799914003829,0.573726893155,0.819030939367,0.0025532982268,0.0,0.818991995321,-0.573662121979,-0.0120261509709,0.0,-0.00838522068929,0.00899103014773,-0.999924421869,0.0,0.649399242903,0.245262116702,0.303513302981,1.0,-0.0702657142857,-0.0923492244898,1.056
0.455403586887,0.477935039533,-0.124508146309,-1.46558351638,0.0732069491392,1.93431227598,0.144008903254,-0.0603571246715,-0.395479296138,-0.00580722792401,-0.623369946732,-0.0376955863421,0.215708142615,-0.0927308861909,0.573751940412,0.819014129009,0.00230526766367,0.0,0.818971797921,-0.573688047716,-0.0121640872714,0.0,-0.00864022118741,0.00886728860132,-0.999923355948,0.0,0.648322980332,0.24386206489,0.30340741398,1.0,-0.0830657142857,-0.109172081633,1.07
0.453998642372,0.468992369721,-0.12469826368,-1.47947689445,0.0723781633383,1.93924519553,0.141958211104,-0.0757186480859,-0.481028454963,-0.0119132787916,-0.733316196955,-0.0436100172838,0.274175728497,-0.114099860956,0.573805273244,0.81897682852,0.00228246487078,0.0,0.818934025196,-0.573741294457,-0.0121957497856,0.0,-0.0086786592224,0.00886734440599,-0.999923022576,0.0,0.64652775495,0.241515832098,0.30341146276,1.0,-0.101351428571,-0.133204734694,1.09
0.452920089394,0.462247826359,-0.124783025817,-1.48977209985,0.0717577293403,1.9430750697,0.140278569445,-0.0903968928248,-0.529635729607,-0.00066924871956,-0.799709302411,-0.0478042219802,0.294158842832,-0.125358639979,0.573694070867,0.819054029346,0.002521302224,0.0,0.819014348759,-0.573629093788,-0.0120791633969,0.0,-0.00844735777923,0.00899490030054,-0.999923864059,0.0,0.645210601963,0.23980079067,0.303496574413,1.0,-0.113237142857,-0.148825959184,1.103
0.450785880172,0.449909009131,-0.125008090927,-1.50878863786,0.0705091277213,1.94975070092,0.137320053619,-0.107034509452,-0.629286722206,-0.0106396888578,-0.949239132059,-0.0680515122495,0.352871594164,-0.145874891451,0.573719944281,0.819036058496,0.00247129900915,0.0,0.818996015948,-0.573655478606,-0.0120691602383,0.0,-0.00846756624197,0.00894847426802,-0.999924109685,0.0,0.64269912258,0.236465391893,0.303511341014,1.0,-0.132437142857,-0.174060244898,1.124
0.449271131901,0.441342450003,-0.125124180125,-1.5218952597,0.0696174032825,1.95435948762,0.135303259251,-0.117412406878,-0.669174686149,-0.0100697108322,-1.03984686911,-0.0664422597152,0.36674339991,-0.161140489775,0.573738278426,0.819023151605,0.00249236944794,0.0,0.818983650428,-0.573674006226,-0.0120275439119,0.0,-0.00842119148861,0.00894204432845,-0.999924558843,0.0,0.640937076383,0.234164403735,0.303542258579,1.0,-0.144322857143,-0.189681469388,1.137
0.446603528873,0.426760368049,-0.125300070951,-1.54393668503,0.0681493581037,1.96198959878,0.131708620214,-0.144220203216,-0.763040815987,-0.00810021653674,-1.15013028268,-0.0845532837908,0.393459420335,-0.188480441859,0.573667089835,0.819072628443,0.00261653918782,0.0,0.819034558085,-0.573602126302,-0.01198917281,0.0,-0.00831931101714,0.00902100357511,-0.999924702444,0.0,0.637907206646,0.230242127664,0.303662117095,1.0,-0.162608571429,-0.213714122449,1.157
0.444599978802,0.416545602599,-0.125425309022,-1.55925403106,0.0670660839901,1.96728706877,0.129144213303,-0.162924214137,-0.800836440875,-0.00763968613776,-1.18575774294,-0.0791704150512,0.423877828812,-0.187783949618,0.573646541764,0.81908661595,0.00273999905474,0.0,0.819050489826,-0.573581471422,-0.0118885515897,0.0,-0.00816629802718,0.00906419858783,-0.999925573171,0.0,0.6357893757,0.227421168841,0.303769084135,1.0,-0.174494285714,-0.229335346939,1.17
0.440977136689,0.398706297432,-0.12564524626,-1.58587058233,0.0652257609339,1.97650339707,0.124657550898,-0.187839271988,-0.896659369323,-0.0125677203323,-1.28973936127,-0.0799819109147,0.456878401137,-0.219286036749,0.573674331398,0.819065964455,0.00307477913117,0.0,0.819034310571,-0.573608191369,-0.0117127196885,0.0,-0.00782992230203,0.00923781409856,-0.999926674865,0.0,0.632042803742,0.222460644806,0.303954696176,1.0,-0.193694285714,-0.254569632653,1.191
0.438462575134,0.386969128255,-0.125808387296,-1.60346662889,0.0639283116904,1.98252269865,0.121613427437,-0.196334064663,-0.912191006121,-0.0189575178651,-1.39467074848,-0.10576458813,0.463027977154,-0.238244455,0.573683532638,0.819059237823,0.00314900272893,0.0,0.819029000186,-0.573617683229,-0.0116188314275,0.0,-0.00771033601141,0.00924483480682,-0.999927539249,0.0,0.629512728183,0.219096287943,0.303990699632,1.0,-0.20558,-0.270190857143,1.204
0.433942448794,0.366801667176,-0.126023835347,-1.63342839012,0.0616800863871,1.99241514106,0.116232521755,-0.22743362729,-0.974257184914,-0.00507705018365,-1.45016996163,-0.108944418043,0.465162074238,-0.259909159563,0.57361364802,0.819108142143,0.00315930069714,0.0,0.819078081074,-0.573547826243,-0.0116075414161,0.0,-0.00769596980818,0.00924613614557,-0.999927637889,0.0,0.625047190735,0.213267930668,0.304059688105,1.0,-0.22478,-0.295425142857,1.225
0.430812249291,0.353592010942,-0.126194682711,-1.65285713454,0.0601581414559,1.99882341519,0.112670015937,-0.252297549221,-1.01427693288,-0.0162419259278,-1.49724372468,-0.113577202951,0.487803172405,-0.276789285941,0.573634614407,0.81909312491,0.00324480825344,0.0,0.819064671027,-0.573569127457,-0.0115007654371,0.0,-0.00755922160048,0.00925512314135,-0.999928597883,0.0,0.622116515154,0.209365885663,0.304135852292,1.0,-0.236665714286,-0.311046367347,1.238
0.425459790373,0.332354925152,-0.126463563414,-1.68415392007,0.0577618801171,2.0089408334,0.106695110958,-0.278904064711,-1.08913343797,-0.00791183639186,-1.58386423691,-0.135494357499,0.507850973173,-0.306850862731,0.573678103692,0.81906268771,0.00323942081789,0.0,0.819033814936,-0.573612200746,-0.0115498938498,0.0,-0.00760206215817,0.00927929504746,-0.999928049079,0.0,0.617265128672,0.202940156933,0.304119788999,1.0,-0.254951428571,-0.335079020408,1.258
0.421770421495,0.317886117141,-0.126566726919,-1.70511589234,0.0560855030978,2.01559991416,0.102571102723,-0.285669350482,-1.11930112678,-0.00792060948186,-1.61126086733,-0.127310529291,0.498862666767,-0.317280947953,0.573561849062,0.819143690019,0.00334175170143,0.0,0.819115962112,-0.573495424051,-0.011523285456,0.0,-0.0075228920995,0.00934677902794,-0.999928019318,0.0,0.613904932279,0.198642862157,0.304188951722,1.0,-0.266837142857,-0.350700244898,1.271
0.41513328485,0.2935809786,-0.126851211525,-1.74035218004,0.0530900108321,2.02643111322,0.0953276605058,-0.335100422142,-1.1786808845,-0.0150487816196,-1.68713968435,-0.148539943788,0.495405962646,-0.358140860285,0.573405396778,0.819254056821,0.00312861476714,0.0,0.819223757841,-0.573339893369,-0.0115994897645,0.0,-0.0077093178179,0.0092144229834,-0.99992782781,0.0,0.608110467172,0.19111989049,0.304141997766,1.0,-0.286037142857,-0.375934530612,1.292
0.410631810411,0.277840106798,-0.127034514077,-1.76286003003,0.0512424316823,2.03332261932,0.0905831267576,-0.355332713219,-1.20512327896,-0.0197542038151,-1.74930548684,-0.15002247416,0.510654774054,-0.372161167523,0.573392942349,0.819262452902,0.00321151540371,0.0,0.819232723475,-0.573326564745,-0.0116250525535,0.0,-0.00768286989508,0.00929688059302,-0.999927268116,0.0,0.604333216612,0.186222173919,0.304163629123,1.0,-0.297922857143,-0.391555755102,1.305
0.402951902325,0.252812890813,-0.127435168568,-1.79803755455,0.0481330800058,2.04388637649,0.0828123989964,-0.408571978361,-1.28102337085,-0.0211794287537,-1.77981565755,-0.157711692138,0.548904021141,-0.396777368045,0.573528873302,0.81916639597,0.0034342545874,0.0,0.819140192066,-0.5734625884,-0.0114346993517,0.0,-0.00739764735966,0.00937144662745,-0.999928722861,0.0,0.598349888426,0.178173630013,0.304312251712,1.0,-0.316208571429,-0.415588408163,1.325
0.397132079801,0.23471681082,-0.127712464806,-1.82331251333,0.0458355885743,2.05122109558,0.0769677652663,-0.418200600657,-1.29932048111,-0.0146116591111,-1.77099857125,-0.161303327825,0.505963903413,-0.419318757494,0.573558962048,0.819145109983,0.0034860790989,0.0,0.819119708303,-0.573492693953,-0.011392118063,0.0,-0.00733269808703,0.00938974828809,-0.999929029565,0.0,0.593904764894,0.172278428889,0.304361173086,1.0,-0.329008571429,-0.432411265306,1.339
0.388231726167,0.20797890617,-0.128018742711,-1.86021735214,0.0424042084814,2.06171265622,0.0680063430852,-0.46666834276,-1.36011705187,-0.0150712286652,-1.86500399096,-0.179465076307,0.50380891511,-0.459915340563,0.573370034242,0.819276566426,0.00366857458579,0.0,0.819253437685,-0.573303184868,-0.011314148798,0.0,-0.00716634945973,0.00949286899168,-0.999929261935,0.0,0.587205006287,0.163607673671,0.304440641037,1.0,-0.347294285714,-0.456443918367,1.359
0.381899518998,0.1901137148,-0.128290966776,-1.88469620914,0.0400235920047,2.06837715467,0.0617947535156,-0.495452321983,-1.39965849256,-0.0236736148131,-1.89885149591,-0.187138479804,0.520113493015,-0.487981417508,0.57332110709,0.819310957171,0.00363462874892,0.0,0.819287373331,-0.573254332454,-0.011332127944,0.0,-0.00720110855903,0.00947493600114,-0.999929182304,0.0,0.582638768549,0.157633854389,0.30443646076,1.0,-0.35918,-0.472065142857,1.372
0.371207539778,0.161859673551,-0.128867838916,-1.92288713448,0.0362423439537,2.07829552236,0.0516157602868,-0.552116182983,-1.44330159446,-0.0258756999991,-1.91375760122,-0.196400925374,0.4863093324,-0.529669343002,0.573493271421,0.819190890299,0.00353550391182,0.0,0.819165500744,-0.573426066692,-0.0114531799235,0.0,-0.00735513216541,0.00946466667894,-0.999928158477,0.0,0.575331506528,0.14789899367,0.304434807669,1.0,-0.377465714286,-0.496097795918,1.392
0.363829986388,0.14305757956,-0.129157001399,-1.9479852306,0.0335932474859,2.08466400744,0.0446147279331,-0.585586852947,-1.45936481853,-0.0157545159851,-1.93315673899,-0.218079029989,0.458744163862,-0.543846784749,0.573453921441,0.81921851994,0.0035161729339,0.0,0.819193107828,-0.573387070025,-0.0114309630341,0.0,-0.00734847000287,0.00943573687833,-0.999928480872,0.0,0.570007546733,0.140938210353,0.304447877166,1.0,-0.390265714286,-0.512920653061,1.406
