position_joint1,position_joint2,position_joint3,position_joint4,position_joint5,position_joint6,position_joint7,velocity_joint1,velocity_joint2,velocity_joint3,velocity_joint4,velocity_joint5,velocity_joint6,velocity_joint7,ee_T_00,ee_T_10,ee_T_20,ee_T_30,ee_T_01,ee_T_11,ee_T_21,ee_T_31,ee_T_02,ee_T_12,ee_T_22,ee_T_32,ee_T_03,ee_T_13,ee_T_23,ee_T_33,v_x,v_y,time
0.465087898795,0.547653978038,-0.123970342464,-1.35575226845,0.079456713427,1.89408877497,0.159172374243,0.000791895304744,-0.000220503955417,0.00092141944139,0.000731209532421,-0.000195762233361,0.000258986596354,0.00069767335213,0.573776017433,0.818997830154,0.00209354306518,0.0,0.818956923499,-0.573717239534,-0.0117827592742,0.0,-0.00844911520223,0.00847534945532,-0.999928387888,0.0,0.661691172023,0.260913877084,0.303341217189,1.0,0.0,0.0,0.0
0.465090396436,0.547657082284,-0.12397495663,-1.35575249809,0.0794601606488,1.8940883099,0.15917004983,0.00208011454024,0.00165881341217,-0.000128558094432,5.68670242788e-05,0.00045320630903,-0.000318022690869,-0.000960064594231,0.573776220574,0.818997694245,0.00209103466101,0.0,0.818956746006,-0.573717443465,-0.0117851659455,0.0,-0.00845252341305,0.00847467808065,-0.999928364774,0.0,0.661691158852,0.260913317907,0.303339027438,1.0,-0.00022,-0.000289142857143,0.012
0.465082007218,0.547648726955,-0.123973272307,-1.35575762337,0.0794565936834,1.89409479856,0.159172812624,-0.000817838142376,-0.00112390833432,0.000370171441658,-0.000294575125893,-7.01305916528e-05,-0.000167896222967,0.000350449755816,0.573783541305,0.818992548007,0.00209784100744,0.0,0.818951715794,-0.573724764336,-0.0117783227628,0.0,-0.00844293778586,0.00847640143497,-0.999928431149,0.0,0.661693502051,0.2609081073,0.303343008488,1.0,-0.00056,-0.000736,0.029
0.465084265157,0.547617271212,-0.12397580135,-1.35577704257,0.079459791976,1.89409632965,0.159170853685,0.000381510051164,-0.00869653889333,-0.00198030500201,-0.00228550059089,0.000327612460481,0.00185092007356,-0.00126159849841,0.573783715494,0.818992389727,0.00211194310067,0.0,0.818951707344,-0.573724849899,-0.0117747419427,0.0,-0.00843191214408,0.00848589796881,-0.999928443636,0.0,0.661690000221,0.260906870176,0.303356271749,1.0,-0.00088,-0.00115657142857,0.045
0.465083832039,0.547496928944,-0.123976347776,-1.35590301197,0.0794564404503,1.89411824959,0.159168113284,0.000440765293643,-0.00556101990225,-0.000492112039596,-0.00588215767581,0.00131629628732,0.00053301154904,-0.001551516208,0.573788132842,0.818989248268,0.00212996064424,0.0,0.818948734071,-0.573729130176,-0.0117729797441,0.0,-0.00842008547553,0.00849968828393,-0.999928426168,0.0,0.661669101046,0.260893841904,0.303383478961,1.0,-0.00126,-0.001656,0.064
0.46507757213,0.54738266897,-0.123965477066,-1.35606933376,0.0794523592935,1.89416111391,0.159170676468,0.000343429905016,-0.00271274045867,0.00145236171244,-0.0128531523899,-0.000169501234461,2.5165917717e-05,-0.00027728775749,0.573799594778,0.818981224636,0.00212735209608,0.0,0.818940559342,-0.573740482615,-0.011788374558,0.0,-0.00843407179571,0.00850650323651,-0.999928250344,0.0,0.661641864621,0.260871989394,0.303390430428,1.0,-0.00158,-0.00207657142857,0.08
0.465062096436,0.547230709744,-0.123976110873,-1.35626420853,0.0794475813796,1.89423548054,0.15916192266,-0.00318245014726,-0.00916291849281,0.000324332186787,-0.00863772205869,-0.000262960303961,0.0078990798726,0.000649213927754,0.57381840161,0.818967969872,0.00215712766448,0.0,0.818927673012,-0.573759152623,-0.0117748909909,0.0,-0.00840574866611,0.00852334476699,-0.999928345424,0.0,0.661622814255,0.260846747031,0.303410293884,1.0,-0.00188,-0.00247085714286,0.095
0.465044986945,0.547053294044,-0.123970904098,-1.3564801252,0.0794474507992,1.89436780454,0.159146870938,0.00107037640668,-0.0119218458391,0.000575894399182,-0.012332134397,0.00011912305283,0.0134904612426,0.00142645482328,0.573828781388,0.818960463325,0.00224411718894,0.0,0.818921226584,-0.573769126855,-0.0117371469996,0.0,-0.00832481446331,0.00857303301816,-0.999928597735,0.0,0.6616076584,0.260824121153,0.303444512285,1.0,-0.00222,-0.00291771428571,0.112
0.465008014028,0.546805463728,-0.123973611722,-1.35678135887,0.0794391889592,1.89452263095,0.15912725548,-0.000971315307003,-0.0153774229239,-0.001960063116,-0.0146727694358,-0.00028191522843,0.00889139639769,-0.000667509117468,0.573859740364,0.818938516945,0.00233468500586,0.0,0.818900443015,-0.573799731037,-0.0116910218612,0.0,-0.0082347450205,0.00862104733731,-0.999928930733,0.0,0.661586723808,0.260774779301,0.303490187767,1.0,-0.00262,-0.00344342857143,0.132
0.464983619587,0.546606838409,-0.123973950778,-1.35707610045,0.079429615142,1.89461579879,0.159099917988,-0.00066715926593,-0.0159771595943,-0.000418000836118,-0.0207889498907,-0.000306469150742,0.000855911147871,-0.00565850257883,0.573871397573,0.81893034077,0.00233728782591,0.0,0.818892209703,-0.573811282041,-0.0117007859262,0.0,-0.00824112514914,0.00862889929771,-0.999928810443,0.0,0.661549909563,0.26073083958,0.303498650476,1.0,-0.0029,-0.00381142857143,0.146
0.464941982575,0.54630148037,-0.123969017814,-1.35753869222,0.079415222619,1.89478842604,0.15895970432,0.00069258150385,-0.0160872401409,0.000719521175479,-0.0247568010787,-0.00136977958248,0.00742084139268,-0.00702095013997,0.57380927714,0.818973803514,0.0023599844708,0.0,0.818935817513,-0.57374892881,-0.0117064249587,0.0,-0.0082333753298,0.00865009759651,-0.999928691129,0.0,0.661496782845,0.26066464109,0.303509512223,1.0,-0.00328,-0.00431085714286,0.165
0.464900492409,0.546054456562,-0.123975845368,-1.35796065287,0.0793949567935,1.89493643851,0.158938025402,-0.00513025259443,-0.014012076565,-0.00790684861376,-0.0298199838859,-0.00562851725088,0.00554088064928,0.000668647677687,0.573848491286,0.818946391945,0.00233732105771,0.0,0.818908087272,-0.573788196303,-0.0117216587968,0.0,-0.008258441946,0.00864067369238,-0.999928565896,0.0,0.661449488126,0.260593162796,0.30349662672,1.0,-0.00358,-0.00470514285714,0.18
0.464848047255,0.545747550077,-0.123971175866,-1.35845056759,0.0793580244323,1.89511175765,0.158899902473,-0.00867344490929,-0.0226552990958,0.000529082407991,-0.0288582824541,-0.00417094653341,0.0195415282144,-0.00166918817808,0.573874510674,0.818928187473,0.00232737232823,0.0,0.818889786042,-0.573814283346,-0.011723201118,0.0,-0.00826513948786,0.00863367395798,-0.999928571021,0.0,0.661394731657,0.26051297365,0.303495741972,1.0,-0.0039,-0.00512571428571,0.196
0.464784425431,0.54540446356,-0.123976465689,-1.35905543028,0.0792510580763,1.89530480413,0.15880603334,-0.00166555628564,-0.0220301250477,-0.000932804324391,-0.0369261436988,-0.00425805427304,0.00686172505179,-0.00379867757148,0.573858699778,0.818939541815,0.00222855130106,0.0,0.818900453521,-0.573799460855,-0.0117035399531,0.0,-0.00830591002626,0.00854130433799,-0.999929026471,0.0,0.661327130413,0.260396316146,0.303467474276,1.0,-0.00424,-0.00557257142857,0.213
0.464716367099,0.544988212186,-0.123976446044,-1.35978032328,0.0792480486643,1.89553407386,0.158689097511,-0.00435375938002,-0.0205144672511,-0.000881382633558,-0.0404155499793,0.000163312582692,0.0117850699376,-0.00399161226571,0.573858156043,0.818940043823,0.00218363613768,0.0,0.818899950798,-0.573798656736,-0.0117779035924,0.0,-0.00839259098492,0.00854719012322,-0.999928252405,0.0,0.661235139714,0.260285811478,0.30343700335,1.0,-0.0046,-0.00604571428571,0.231
0.464656864302,0.544583906765,-0.123980313175,-1.36044519217,0.0792227594312,1.89576177854,0.158655229249,-0.00266008801137,-0.0318970877694,0.00102235836162,-0.0445723223911,-0.00466095867557,0.0142735466931,-0.00628883227192,0.573912137439,0.818902271725,0.00216212053736,0.0,0.818861759958,-0.573852573771,-0.0118062930479,0.0,-0.00842762402028,0.00854641725183,-0.999927964358,0.0,0.66115614863,0.260181977039,0.303426561805,1.0,-0.00492,-0.00646628571429,0.247
0.464588028783,0.544127329435,-0.123982884855,-1.36120376613,0.0791938617301,1.89603330035,0.158521584487,-0.0033012023492,-0.0287512941823,-0.00121246599873,-0.0467272780407,-0.00108108657725,0.020248699126,-0.0129484672604,0.57389546385,0.818914003218,0.00214448295539,0.0,0.818873099919,-0.573835807469,-0.0118346608343,0.0,-0.00846115127563,0.0085480821515,-0.999927666989,0.0,0.661067971495,0.260064680642,0.303412230975,1.0,-0.00526,-0.00691314285714,0.264
0.464519719971,0.543622512663,-0.123986997108,-1.36201894522,0.0791532425768,1.89632427416,0.158440833716,-0.00179844557113,-0.0296368009897,-0.000956669314224,-0.0531765638231,-1.37639827946e-05,0.0174301288285,-0.00813718791201,0.573922712439,0.818894941914,0.00213099864012,0.0,0.818853786192,-0.57386302853,-0.011851085406,0.0,-0.00848205586763,0.00854674793777,-0.999927501286,0.0,0.660972686336,0.259940183802,0.303406760047,1.0,-0.0056,-0.00736,0.281
0.464437649042,0.543070416009,-0.12398594431,-1.36291216787,0.0790981249414,1.89663882576,0.158317403566,-0.00385384928225,-0.0297299426821,0.000230444861532,-0.0490582015835,-0.000841705527838,0.0178917963457,-0.0129761917897,0.573923064462,0.818894755321,0.00210776835792,0.0,0.818853270876,-0.573863446842,-0.0118664255303,0.0,-0.00850794622051,0.00853653267342,-0.999927368593,0.0,0.660868457392,0.259800200706,0.303399383543,1.0,-0.00596,-0.00783314285714,0.299
0.46437169283,0.542562467263,-0.123987111532,-1.36371447276,0.0790465217075,1.89691956431,0.158221275245,-0.000844161533957,-0.0354072834566,0.000605270273358,-0.0500006700092,-0.00411822559921,0.022685562845,-0.00758637635893,0.573929929362,0.818889978796,0.00209420892202,0.0,0.818848323004,-0.573870370582,-0.0118730190824,0.0,-0.00852105595124,0.00852928468228,-0.999927318813,0.0,0.660773262649,0.259678076754,0.303401129619,1.0,-0.00626,-0.00822742857143,0.314
0.464285691036,0.541868054451,-0.123993126463,-1.36480584001,0.0789872091363,1.89732388009,0.158069511298,-0.00724541364928,-0.0340374214105,0.00107720273266,-0.0544630946431,-0.00176332818968,0.0205335640296,-0.00969604000774,0.573925112077,0.818893334686,0.00210214992322,0.0,0.818851742062,-0.573865481645,-0.0118735167142,0.0,-0.00851695639617,0.00853602288255,-0.999927296241,0.0,0.660647601022,0.25951518044,0.303407970084,1.0,-0.00666,-0.00875314285714,0.334
0.464217279237,0.541370711888,-0.123990425423,-1.36554556051,0.0789375966861,1.89759494641,0.15797774306,-0.00662907064626,-0.03923643121,0.00111284317315,-0.0567538918837,-0.00748028374141,0.0148152814885,-0.0137637858456,0.573931833637,0.818888565005,0.00212493402812,0.0,0.81884729247,-0.573872134633,-0.0118588197837,0.0,-0.00849177498162,0.00854631520187,-0.999927422493,0.0,0.660564019058,0.259400648841,0.303430900167,1.0,-0.00692,-0.00909485714286,0.347
0.464128297068,0.540586031997,-0.123995964544,-1.36676886777,0.0788723198966,1.89805324421,0.157815334572,-0.00324843575984,-0.0383355796016,-0.00101221609311,-0.0593539180322,-0.00403529964687,0.0206694961581,-0.00525016410971,0.573926012041,0.818892594343,0.00214441933256,0.0,0.818851521022,-0.573866181245,-0.0118549333677,0.0,-0.00847747062549,0.00855998046909,-0.99992742698,0.0,0.660421680881,0.259224296692,0.303443222248,1.0,-0.00732,-0.00962057142857,0.367
0.464044819332,0.53993353277,-0.123996325332,-1.36774563871,0.0788128440859,1.8984204129,0.157706834795,-0.00557616100572,-0.0446312678882,0.00628102805337,-0.0706896247602,-0.00422402774578,0.0242828843646,-0.00412051030506,0.573943946563,0.818879929232,0.00218050586254,0.0,0.818839334755,-0.573883980109,-0.0118350383895,0.0,-0.0084402805174,0.00857829776974,-0.999927584614,0.0,0.660311474844,0.259076878102,0.303471259989,1.0,-0.00762,-0.0100148571429,0.382
0.463951803475,0.539238738532,-0.123996334235,-1.36882002653,0.0787492185644,1.89882728189,0.157573416843,-0.00473172567887,-0.0424850794449,-0.00062528485776,-0.061838450921,-0.00527407108319,0.0215564830337,-0.00950905689885,0.573953321223,0.818873296374,0.00220373402367,0.0,0.818832996465,-0.573893254733,-0.0118238306925,0.0,-0.00841767318978,0.00859098243256,-0.999927666283,0.0,0.660190177157,0.258914362978,0.303486057089,1.0,-0.00794,-0.0104354285714,0.398
0.463836309212,0.538490528419,-0.123999180325,-1.36998845908,0.0786914790796,1.89929113906,0.157425192663,-0.00800627885739,-0.0485104071451,-0.000247254471008,-0.0744720478994,-0.00285397925797,0.0273080598138,-0.00842966505844,0.573977832608,0.818856002285,0.00224546173333,0.0,0.818816178284,-0.573917532268,-0.011810132835,0.0,-0.00838224968717,0.00861754075674,-0.99992773533,0.0,0.660065826292,0.258729725269,0.303498772556,1.0,-0.00828,-0.0108822857143,0.415
0.463720748534,0.537666574255,-0.124002765225,-1.3713009677,0.0786064591657,1.89978851105,0.157260081236,-0.0083557148963,-0.0487116600303,-0.000973900755081,-0.0728558558987,-0.00354997600825,0.0263632937242,-0.0140262657873,0.573989509007,0.818847812218,0.00224741536949,0.0,0.818808083038,-0.573929271052,-0.0118009272341,0.0,-0.00837346719825,0.00861397614518,-0.999927839627,0.0,0.659918230041,0.258526390882,0.303499166086,1.0,-0.00864,-0.0113554285714,0.433
0.463621718681,0.536951398274,-0.124010896514,-1.37242833942,0.0785340160483,1.90020606975,0.157116131352,-0.01007618743,-0.0496272000589,-0.00122443062182,-0.0763192996605,-0.00113239538636,0.0372008858002,-0.00629370842078,0.574001135496,0.818839663488,0.00224696451463,0.0,0.818799994573,-0.573940965868,-0.0117933661981,0.0,-0.00836741212382,0.00860938587874,-0.999927929848,0.0,0.659790542062,0.258348510535,0.303503964759,1.0,-0.00894,-0.0117497142857,0.448
0.463487829433,0.536052431573,-0.124014368698,-1.37383798377,0.0784667102864,1.90073374931,0.156950152856,-0.00947477271868,-0.0510831845069,-0.000951635020327,-0.0757678389184,-0.00137538959478,0.0224134622378,-0.00942533100773,0.574036862949,0.818814555731,0.00226940541821,0.0,0.81877503309,-0.573976452571,-0.0117993213163,0.0,-0.00835903170737,0.00863154407366,-0.999927808912,0.0,0.659631581585,0.258127550624,0.303513445184,1.0,-0.0093,-0.0122228571429,0.466
0.463374365823,0.535153519777,-0.124020534473,-1.375243619,0.0783812335986,1.90124412767,0.156777519107,-0.0120200701574,-0.0533186178282,-0.0011820489087,-0.0871126151501,-0.00773801037098,0.0315245037294,-0.0141738962716,0.574046940786,0.818807487415,0.00227051290427,0.0,0.818767985125,-0.573986531042,-0.0117981192614,0.0,-0.00835730546706,0.00863186373499,-0.999927820582,0.0,0.659466097083,0.257914893971,0.303523163838,1.0,-0.00964,-0.0126697142857,0.483
0.463253295037,0.534259617262,-0.124024524974,-1.37669073676,0.0782984177936,1.90177766682,0.156600824126,-0.00794173491493,-0.0577730133476,-0.000367100894987,-0.0903961119746,-0.000370025663048,0.0341835144382,-0.0130000240371,0.57406136658,0.818797419487,0.00225391721943,0.0,0.818757657022,-0.574000973292,-0.0118122236972,0.0,-0.00837822891084,0.00862651934688,-0.999927691608,0.0,0.659296427272,0.257695507862,0.30351138383,1.0,-0.00998,-0.0131165714286,0.5
0.463128808803,0.533339884901,-0.124027598643,-1.3781581535,0.0782152787482,1.9023110895,0.15641863133,-0.00804870108892,-0.0529476963281,-0.000669946947368,-0.0818700080748,-0.00617182957626,0.0335263736183,-0.0122812002698,0.574074244694,0.818788419349,0.00224339501839,0.0,0.818748453131,-0.574013821838,-0.0118258080202,0.0,-0.00839525654266,0.00862583408218,-0.999927554703,0.0,0.65912301012,0.257472294992,0.303507933724,1.0,-0.01032,-0.0135634285714,0.517
0.463007051055,0.532451457654,-0.124025417759,-1.37959841338,0.0781441941606,1.90285287958,0.156235904378,-0.00915669922931,-0.0543061613084,0.00142922926095,-0.0855988563751,-0.00166687550074,0.0274071159505,-0.00687576694181,0.574082538744,0.818782606852,0.00224239311354,0.0,0.818742466002,-0.574021952793,-0.0118456311649,0.0,-0.00841197584763,0.00863647875866,-0.999927322307,0.0,0.658953826742,0.257259269983,0.303495737085,1.0,-0.01064,-0.013984,0.533
0.462887431512,0.531545594268,-0.12402266357,-1.38107776708,0.0780419509647,1.90340105442,0.156045058794,-0.0075672459764,-0.052949496991,0.00128632344978,-0.0909395423093,-0.00804272330149,0.0366779561482,-0.0131908537278,0.574075514571,0.818787612249,0.00221280334139,0.0,0.81874716206,-0.574015123344,-0.0118519910597,0.0,-0.00843424326254,0.00861583020368,-0.999927312864,0.0,0.65877793208,0.257039014479,0.303477530313,1.0,-0.01096,-0.0144045714286,0.549
0.462738338375,0.530472446629,-0.124025922038,-1.38281157065,0.077939304944,1.90400993463,0.155825017163,-0.00645654288223,-0.0606326019609,7.03370840719e-05,-0.101776855115,-0.00963232108688,0.0312928243234,-0.0124876863986,0.574086329798,0.818780146508,0.0021689918747,0.0,0.818739048388,-0.574026032319,-0.011884097174,0.0,-0.00848556839873,0.00859850162081,-0.999927027787,0.0,0.658567711225,0.256771926399,0.303461364502,1.0,-0.01132,-0.0148777142857,0.567
0.462594433116,0.529442261403,-0.124028289631,-1.38445444693,0.0778309717728,1.90461721502,0.155609184276,-0.00653418866413,-0.0589140740167,-0.000179881124783,-0.100941796168,-0.00917766394415,0.0405149227301,-0.0110630695006,0.57408918492,0.818778173981,0.00215788581522,0.0,0.818736996293,-0.574028997423,-0.0118822523179,0.0,-0.00849040329111,0.00858837885177,-0.999927073741,0.0,0.658375561203,0.256518002257,0.303457773838,1.0,-0.01166,-0.0153245714286,0.584
0.462473744784,0.528473926584,-0.124033957438,-1.38595375846,0.0777464942761,1.90517480857,0.155400801764,-0.0083784043571,-0.0648508258963,-0.000319684939126,-0.105340179574,-0.0044300852962,0.040085088791,-0.0144706583234,0.574079940163,0.8187845906,0.00218252137822,0.0,0.818743688585,-0.574019609671,-0.0118746374886,0.0,-0.00847012320111,0.00860408243776,-0.999927110733,0.0,0.658198490417,0.256294171432,0.303474541865,1.0,-0.01196,-0.0157188571429,0.599
0.462325948124,0.527287281186,-0.124037168398,-1.38777540722,0.0776340230436,1.90587864765,0.155139953048,-0.00931378146535,-0.0661774194328,0.000401923283821,-0.102196906673,-0.0125024594428,0.0327336465316,-0.0217096605308,0.574058043341,0.818799792437,0.00223823194642,0.0,0.818759667924,-0.573997549089,-0.0118392027206,0.0,-0.00840935898495,0.00862912973121,-0.999927407766,0.0,0.657988363545,0.256023947351,0.303503905436,1.0,-0.01232,-0.016192,0.617
0.462173648101,0.526128175877,-0.124040373358,-1.3895714916,0.0775115844735,1.90655041074,0.154909076121,-0.00326555303785,-0.0732877097007,-0.000319135095607,-0.108858087675,-0.00728135186745,0.0376486670628,-0.0155645554058,0.574059875647,0.818798450813,0.00225898630218,0.0,0.818758718365,-0.57399942594,-0.0118138487558,0.0,-0.00837666549551,0.00863158746206,-0.99992766097,0.0,0.657778222051,0.255749707657,0.303522944566,1.0,-0.01266,-0.0166388571429,0.634
0.462031593917,0.525014554422,-0.124043543386,-1.39130560676,0.0774037238254,1.90717083467,0.154670590523,-0.0114704324729,-0.0695479754354,0.000190872904336,-0.107030476799,-0.0027046532314,0.0351748442724,-0.0139633769735,0.574047294579,0.818807275701,0.0022573762432,0.0,0.818767506061,-0.573986835931,-0.0118165180251,0.0,-0.00837990802426,0.00863167270699,-0.999927633065,0.0,0.657567197416,0.255487901594,0.303534754734,1.0,-0.01298,-0.0170594285714,0.65
0.461876217463,0.523842189748,-0.124049854441,-1.3931999078,0.0772851424361,1.90785234484,0.154411262537,-0.00548991647041,-0.0723657595852,-0.000208897296384,-0.112238082043,-0.0120349347531,0.0397514043798,-0.015703298886,0.574036362104,0.818815045483,0.00221882279457,0.0,0.818774774419,-0.573976055138,-0.0118365452651,0.0,-0.00841855227813,0.00861148931482,-0.999927482485,0.0,0.657336413958,0.255199712789,0.30351677023,1.0,-0.01332,-0.0175062857143,0.667
0.461722441846,0.522626419557,-0.12406099429,-1.39513397409,0.0771629199876,1.90858649885,0.154145641335,-0.0115057487658,-0.0680083565652,-0.000150114772311,-0.115380379531,-0.00579996944984,0.0423286242818,-0.0216683578787,0.574023491427,0.818824051016,0.00222523463338,0.0,0.818783951574,-0.5739632513,-0.0118225929456,0.0,-0.00840358233915,0.00860859822885,-0.999927633302,0.0,0.657108193791,0.254908608515,0.30351476473,1.0,-0.01366,-0.0179531428571,0.684
0.461553801832,0.521400734781,-0.124062433715,-1.39709685557,0.0770452288513,1.90935066996,0.153876433244,-0.0045276254151,-0.0720116112143,0.000343368402042,-0.12141225734,-0.00999129292127,0.0447562189164,-0.0199660704556,0.574015658176,0.81882948608,0.00224583971177,0.0,0.818789666131,-0.573955350781,-0.011810370339,0.0,-0.00838182913169,0.00861837378161,-0.999927731676,0.0,0.656880122257,0.254612882363,0.303507990499,1.0,-0.014,-0.0184,0.701
0.461397229661,0.520184834608,-0.124071206182,-1.39901292624,0.0769291075029,1.91005300947,0.153620612165,-0.00921025594814,-0.0792512580198,-0.00157061159291,-0.11976590778,-0.00958015631643,0.0426816192828,-0.0190831129703,0.574011415154,0.818832461795,0.00224536951906,0.0,0.818792633426,-0.573951107737,-0.0118108541936,0.0,-0.00838253988237,0.00861822307886,-0.999927727016,0.0,0.65664833349,0.254322377251,0.303511133661,1.0,-0.01432,-0.0188205714286,0.717
0.461212508693,0.51877146234,-0.124078005091,-1.40120911228,0.0767856772103,1.91083194705,0.15333223743,-0.0117680025258,-0.0855615793672,-0.00322170628487,-0.122654938679,-0.0101685997711,0.0429067735301,-0.0163773159664,0.574009109176,0.81883410347,0.00223617520482,0.0,0.818794193614,-0.573948876801,-0.0118111059366,0.0,-0.00838804758936,0.00861081545554,-0.999927744647,0.0,0.656378340079,0.253984759504,0.303525754043,1.0,-0.01468,-0.0192937142857,0.735
0.461056770924,0.517580399758,-0.124077661191,-1.40307513089,0.076667331184,1.91150408907,0.153055810593,-0.013923406048,-0.0794946529867,-0.000847014922361,-0.125595057859,-0.00413640712113,0.0431081939551,-0.0212190886799,0.573984105501,0.818851642874,0.00223170242195,0.0,0.818811690212,-0.573923909345,-0.011811399399,0.0,-0.00839111797901,0.00860706526358,-0.999927751173,0.0,0.656134628663,0.253681450656,0.303531973549,1.0,-0.015,-0.0197142857143,0.751
0.460860016952,0.516140476257,-0.124078723422,-1.4053340349,0.0765230241253,1.91234860925,0.152755664693,-0.00670387842847,-0.0808942686888,0.00093024912409,-0.124948324012,-0.00535562167608,0.0479982557959,-0.00883169273408,0.573973462922,0.818859056655,0.00224857662458,0.0,0.818819328285,-0.573913207777,-0.0118018840977,0.0,-0.00837375307613,0.00861531215733,-0.999927825723,0.0,0.655877372249,0.25335855488,0.303539727879,1.0,-0.01534,-0.0201611428571,0.768
0.460669267237,0.514779134553,-0.124087215332,-1.40752402431,0.0763933224463,1.91318019155,0.152460031004,-0.0117937085781,-0.081191584926,-0.000832637742851,-0.132013719344,-0.00616284431391,0.0477583605006,-0.0162078137108,0.573974307611,0.818858464283,0.00224868319859,0.0,0.818818731755,-0.573914046247,-0.0118024975612,0.0,-0.00837418538347,0.00861576017064,-0.999927818243,0.0,0.655616758366,0.253021938187,0.303524242677,1.0,-0.01568,-0.020608,0.785
0.460496090588,0.513451430985,-0.124085090177,-1.40965822594,0.0762717972629,1.91391435467,0.152160881085,-0.0137952959147,-0.0796893210298,0.000104815066155,-0.13724572209,-0.00653782977153,0.0476904859582,-0.0183280086509,0.573948784623,0.818876503345,0.00219358162442,0.0,0.818835844407,-0.573888527335,-0.0118560114964,0.0,-0.00844990059649,0.00860109224819,-0.999927307554,0.0,0.655340925195,0.252704066439,0.303502532443,1.0,-0.016,-0.0210285714286,0.801
0.460295564891,0.512032042272,-0.124092947359,-1.41193558065,0.0761193944276,1.91472412152,0.151836603787,-0.0136866450185,-0.0798539447955,-0.00690130397846,-0.133073406611,-0.00741938766412,0.0466910902566,-0.0229392271089,0.573930943153,0.81888914065,0.00214352956462,0.0,0.818847891511,-0.573870949523,-0.0118747952562,0.0,-0.00849419507574,0.0085707021181,-0.999927193207,0.0,0.655058556755,0.252346887384,0.303483339341,1.0,-0.01634,-0.0214754285714,0.818
0.460085251469,0.510491940837,-0.124091506092,-1.41439766021,0.0759684635472,1.91566944485,0.151494558237,-0.0148543718084,-0.0871025318132,0.00119047525066,-0.136536763257,-0.0059328266986,0.0536736720286,-0.0178774104189,0.573910171111,0.81890365384,0.00216058434482,0.0,0.818862623638,-0.573850108791,-0.0118660503413,0.0,-0.00847746363724,0.00857943392766,-0.999927260316,0.0,0.654761766078,0.251977799348,0.303471758651,1.0,-0.0167,-0.0219485714286,0.836
0.459911598279,0.509187308832,-0.124096866979,-1.41648066117,0.0758460414243,1.91643783045,0.151209016175,-0.0127270823486,-0.085576930294,-0.000611135355012,-0.140859339516,-0.0138175307149,0.0538154671843,-0.0102474261566,0.573897861532,0.818912301714,0.00215256402373,0.0,0.818871102373,-0.573837767345,-0.0118777678462,0.0,-0.00849179116599,0.00857946322299,-0.999927138492,0.0,0.654503744295,0.251663330967,0.30346019082,1.0,-0.017,-0.0223428571429,0.851
0.459698233023,0.50766998002,-0.124100405269,-1.41886220717,0.0756928200622,1.91727505608,0.150869960419,-0.0152825594395,-0.0895789917625,0.00037327675361,-0.14011686606,-0.0094623842889,0.0391669078459,-0.0160383936687,0.573872038267,0.818930474857,0.00212319280613,0.0,0.818888826367,-0.573811998431,-0.0119007314294,0.0,-0.00852772231857,0.00856832083415,-0.999926928245,0.0,0.65418461004,0.251273019393,0.303458069495,1.0,-0.01736,-0.022816,0.869
0.459469558483,0.506007460346,-0.1241068005,-1.42143832259,0.0755374664751,1.9182275635,0.150526312103,-0.00862343359547,-0.0964170502567,0.000104260764722,-0.141350537303,-0.0130621069268,0.0556770640356,-0.0100520518436,0.573881019085,0.818924087702,0.00215903161887,0.0,0.818882909381,-0.573820837209,-0.0118816837806,0.0,-0.00849146320626,0.00858683221309,-0.999927078024,0.0,0.653888281832,0.250893620301,0.303479724426,1.0,-0.0177,-0.0232628571429,0.886
0.459259678678,0.504476859879,-0.124111397807,-1.42375938687,0.075380629764,1.9191370205,0.150198662671,-0.0105787541828,-0.0961518192306,0.000749469900773,-0.143546143073,-0.00573746892102,0.0555483894804,-0.0231016451839,0.573865197014,0.818934930968,0.00224975505555,0.0,0.81889512098,-0.573804851052,-0.0118118857854,0.0,-0.00838240689305,0.00862090958099,-0.999927704973,0.0,0.653615474328,0.250534834766,0.303523448155,1.0,-0.01802,-0.0236834285714,0.902
0.459029352925,0.502812301895,-0.124122008441,-1.42623023898,0.0752254058286,1.92007599912,0.149856788345,-0.0127918082319,-0.100161556843,-0.000173546143835,-0.142815737776,-0.00967493664723,0.0524124440955,-0.0188129777546,0.573866387116,0.818933790015,0.00235885800874,0.0,0.818895483314,-0.57380571452,-0.0117446282702,0.0,-0.00826470585771,0.00867167251916,-0.999928245792,0.0,0.653321505084,0.250145519652,0.303591572703,1.0,-0.01836,-0.0241302857143,0.919
0.458802098152,0.501097891254,-0.124123151968,-1.42878305496,0.0750601008942,1.92097867336,0.149490304137,-0.0105470073969,-0.100232734521,-0.000432056831823,-0.158798531236,-0.0123570206508,0.048532657807,-0.0204871768938,0.573838616826,0.818953093458,0.0024123548927,0.0,0.8189154663,-0.573777733471,-0.0117182988547,0.0,-0.00821273969516,0.00870009464196,-0.999928427069,0.0,0.652998386106,0.249750814858,0.303651366869,1.0,-0.0187,-0.0245771428571,0.936
0.458572285182,0.499489035419,-0.124128479133,-1.43122395905,0.0749033399273,1.92186035879,0.149151726113,-0.0158243929627,-0.100317648749,-0.00125876537453,-0.153795355595,-0.0107707389878,0.0582846876261,-0.0206224771461,0.573835156123,0.818955402214,0.00245146530006,0.0,0.818918297521,-0.573774146086,-0.0116960749754,0.0,-0.00817213371553,0.00871933667377,-0.99992859215,0.0,0.652695297235,0.249363904163,0.30368850597,1.0,-0.01902,-0.0249977142857,0.952
0.458303968979,0.497718980675,-0.124128755315,-1.43403897684,0.0747331908938,1.92289708977,0.148746967888,-0.0142970433567,-0.0993641051231,-0.0055019001553,-0.160170584428,-0.00202457464945,0.0538046837472,-0.0184249443479,0.57382075735,0.818965509873,0.0024451940393,0.0,0.818928232944,-0.57375967509,-0.0117103129432,0.0,-0.00818754630842,0.00872222700558,-0.99992844086,0.0,0.652345131284,0.248921015267,0.303672803182,1.0,-0.01938,-0.0254708571429,0.97
0.45803551505,0.496049983993,-0.124125590663,-1.43671791897,0.0745616679048,1.92383984509,0.148342846554,-0.0169081322402,-0.095190934471,0.00132244961962,-0.16306014163,-0.0126664944191,0.053011591393,-0.0194887837514,0.573796267377,0.818982842704,0.00238616898475,0.0,0.818944709168,-0.573735310622,-0.0117517475801,0.0,-0.00825560918226,0.00869741681407,-0.999928097344,0.0,0.652004408482,0.248488517761,0.303642496903,1.0,-0.01972,-0.0259177142857,0.987
0.457749651706,0.49428345105,-0.124126625525,-1.43960622046,0.074386810754,1.92484039995,0.14793840019,-0.0138347330546,-0.105154904087,0.000450958041531,-0.157509257502,-0.0159425224561,0.0565968062414,-0.0169587326733,0.573797998421,0.818981917688,0.00228525918871,0.0,0.818942276229,-0.57373722083,-0.0118277867595,0.0,-0.00837576648593,0.00865842243158,-0.999927436496,0.0,0.651631169462,0.248022230846,0.303585058874,1.0,-0.0205651428571,-0.0270284734694,1.005
0.457506307865,0.492663572465,-0.124142405758,-1.44217760931,0.0742207824591,1.92579694425,0.147576646839,-0.0138007586885,-0.109475599176,0.000744537726323,-0.177552256372,-0.0151100309783,0.0641709298151,-0.0290746300645,0.573796574975,0.818982927871,0.00228063675428,0.0,0.818943312345,-0.573735904415,-0.0118199006332,0.0,-0.0083719748233,0.00865009725885,-0.999927540302,0.0,0.651313182932,0.24760910757,0.303572217309,1.0,-0.0227594285714,-0.0299123918367,1.02
0.457164088804,0.490419766257,-0.124154042227,-1.4457960315,0.0740023055104,1.92708928865,0.14704998981,-0.0181959068567,-0.116165166098,3.72197709563e-05,-0.195588236875,-0.00836972272856,0.0623227819493,-0.0294153084318,0.573775654223,0.818997776119,0.00221093528516,0.0,0.818957100931,-0.573715103015,-0.0118741023988,0.0,-0.00845657930849,0.00862389806042,-0.999927054664,0.0,0.650848835826,0.247032710012,0.303523447722,1.0,-0.0255388571429,-0.033565355102,1.039
0.456871360083,0.488584071813,-0.124172114472,-1.4487473607,0.073828970467,1.92813849026,0.146637156251,-0.0152332863947,-0.137368856154,-0.00426176342795,-0.214855695309,-0.0183870350011,0.0760836928873,-0.0246254637465,0.573790309267,0.818987655958,0.00215575533466,0.0,0.818946124753,-0.573729838535,-0.0119190614896,0.0,-0.00852490720135,0.00860465512178,-0.999926640243,0.0,0.650472587646,0.246549400829,0.303486521057,1.0,-0.0275868571429,-0.0362570122449,1.053
0.456400629203,0.485624851159,-0.124203714987,-1.45324902763,0.0735449803878,1.92988213739,0.145958155225,-0.0210324432088,-0.151329280742,-0.00313828232151,-0.231118650096,-0.0129187377537,0.0839943722623,-0.0373992885034,0.573788816113,0.818988266902,0.00231518514987,0.0,0.818949037119,-0.573727947419,-0.0118094815111,0.0,-0.00834370101399,0.00867233403373,-0.999927584016,0.0,0.649936559703,0.245802797652,0.303551401103,1.0,-0.0305125714286,-0.0401022367347,1.073
0.456009783616,0.483256403167,-0.124232105892,-1.45692507117,0.0733163859306,1.93116671186,0.145404257976,-0.0274010738032,-0.162701831365,-0.00514709464858,-0.251384694476,-0.0105970705493,0.0803952546004,-0.0375470369418,0.573794281201,0.818984500429,0.00229299336938,0.0,0.818944922312,-0.573733435535,-0.0118281896054,0.0,-0.00837169817263,0.00866494965643,-0.999927414024,0.0,0.649468963635,0.245178517107,0.30355764792,1.0,-0.0327068571429,-0.042986155102,1.088
0.455537532345,0.480351328667,-0.124282078284,-1.46145878694,0.0730408963429,1.9327638046,0.144721257569,-0.0279056964154,-0.175113517799,-0.00484415528413,-0.271549891588,-0.0119781523568,0.105835432667,-0.0401348171051,0.573804680119,0.818977299503,0.0022624926382,0.0,0.818937268211,-0.573743893908,-0.011850815989,0.0,-0.00840761981216,0.00865305981642,-0.999927215594,0.0,0.648891696715,0.244408219849,0.303554116416,1.0,-0.0351937142857,-0.0462545959184,1.105
0.455048246702,0.477403026791,-0.124305629334,-1.46594473516,0.0727628502584,1.93441772214,0.144067547383,-0.0297813006272,-0.189051047285,-0.000444744452555,-0.285387121567,-0.0134414123491,0.107187645243,-0.0421492340478,0.573829617661,0.818959554995,0.00235882988715,0.0,0.818920780899,-0.573768460217,-0.0118006598284,0.0,-0.00831100094194,0.00870343049866,-0.999927586159,0.0,0.648333518561,0.243652344266,0.303605196702,1.0,-0.0375342857143,-0.0493307755102,1.121
0.454458531599,0.473931533543,-0.124337307653,-1.47129962638,0.0724332283529,1.93639109539,0.143299742829,-0.0342564806712,-0.191270750905,-0.00612376991615,-0.311570938857,-0.0235787959143,0.102517625523,-0.0472873179518,0.573875757171,0.818927010385,0.00243185014694,0.0,0.818889166967,-0.573814299222,-0.0117655910597,0.0,-0.00823988856745,0.00874357155982,-0.999927824492,0.0,0.647663117976,0.24274461107,0.303630551698,1.0,-0.0401674285714,-0.052791477551,1.139
0.453939137338,0.470850306804,-0.124350607944,-1.47606020982,0.0721373888433,1.93803380512,0.142599422007,-0.0341695257285,-0.206303266995,-0.00236458353249,-0.322459436401,-0.025129780965,0.115142579304,-0.0466256843504,0.573884153639,0.81892120475,0.00240530967219,0.0,0.818882777208,-0.573822541517,-0.011808257255,0.0,-0.00828997095566,0.00874640678058,-0.999927385739,0.0,0.647035964224,0.241942387935,0.303637138706,1.0,-0.0423617142857,-0.0556753959184,1.154
0.453290041253,0.4669170208,-0.124350927979,-1.48195377297,0.0717727938099,1.94028616052,0.141634441714,-0.0335675389875,-0.216319936177,-0.000119983073967,-0.333320820357,-0.020415467549,0.121538097845,-0.0487142312268,0.573806865981,0.818974581975,0.00265735435834,0.0,0.818939411912,-0.573744323836,-0.0116806414493,0.0,-0.00804166129551,0.00887881542284,-0.999928246586,0.0,0.646298812682,0.240971573704,0.303742275161,1.0,-0.0449948571429,-0.0591360979592,1.172
0.452677644984,0.463266040637,-0.124360916559,-1.48759332825,0.0713848617903,1.94222436452,0.140777256495,-0.0359871274063,-0.228989855415,0.000864167700079,-0.357959725921,-0.0251130314514,0.131024214936,-0.053143091903,0.573771718434,0.8189993841,0.00260208975681,0.0,0.81896347208,-0.573709349921,-0.0117115376208,0.0,-0.00809905480734,0.00885093593601,-0.999928030532,0.0,0.645543169476,0.240021844557,0.303743479704,1.0,-0.0473354285714,-0.062212277551,1.188
0.452010431869,0.459462070051,-0.12436245011,-1.49349038495,0.0709923547747,1.94426068238,0.139920896492,-0.0380967300331,-0.246241804751,0.0020167629332,-0.368066648298,-0.0270637866218,0.129858106578,-0.0508912292879,0.573784608807,0.818990519202,0.00254932438729,0.0,0.81895375341,-0.573722246911,-0.0117592549232,0.0,-0.00816827144398,0.00883522836714,-0.99992760642,0.0,0.644752363064,0.239020160854,0.303732602631,1.0,-0.049676,-0.0652884571429,1.204
0.451264774876,0.45532036996,-0.124377837222,-1.50003044162,0.0705569616154,1.94659586903,0.138892841164,-0.045799610549,-0.244272650647,-0.00154645637369,-0.398047477763,-0.026513086436,0.143582285729,-0.069034778195,0.573747018791,0.81901705591,0.00248343674658,0.0,0.818979378412,-0.573684846793,-0.0117992032158,0.0,-0.00823919728049,0.00880381065286,-0.999927301631,0.0,0.643885861941,0.237902684424,0.30367101083,1.0,-0.0521628571429,-0.0685568979592,1.221
0.450466997155,0.450865593852,-0.124421809846,-1.50671552565,0.0700888809599,1.94906006219,0.137812529383,-0.0494188963003,-0.272348609728,-0.00165526634237,-0.398965337286,-0.0252470604421,0.157706009768,-0.065079518527,0.573723997061,0.819032650849,0.00265310025787,0.0,0.818997608989,-0.573661682827,-0.0116592035402,0.0,-0.00802744097676,0.00886221825038,-0.999928508084,0.0,0.643029389135,0.236726407918,0.303762275359,1.0,-0.0546497142857,-0.0718253387755,1.238
0.44962704329,0.446243773201,-0.124466371628,-1.51375774425,0.069616439256,1.95149357021,0.136793085923,-0.0520827619412,-0.275154104106,-0.00956034021297,-0.425735160574,-0.0375091058045,0.137995781726,-0.0630506986185,0.573797030579,0.818981491447,0.00265165372312,0.0,0.81894641867,-0.573734698721,-0.0116621495774,0.0,-0.00802989350477,0.00886343976646,-0.999928477565,0.0,0.642082443189,0.235482114424,0.303790853634,1.0,-0.0571365714286,-0.0750937795918,1.255
0.448796836381,0.441771304349,-0.124475967945,-1.52072690894,0.069135662107,1.9538402353,0.135704042389,-0.0521113573866,-0.287033677642,-0.000518294502022,-0.437842110948,-0.0328346019643,0.154282018019,-0.0673152502222,0.57376937046,0.81900130296,0.00251439316147,0.0,0.81896424998,-0.573707318703,-0.0117565565308,0.0,-0.00818626696921,0.00880491967108,-0.9999277266,0.0,0.641114410131,0.234266189249,0.303738853316,1.0,-0.0594771428571,-0.0781699591837,1.271
0.447811235842,0.436575258923,-0.124484971821,-1.52875575838,0.0686027954217,1.95665800542,0.134381665237,-0.0566916642711,-0.29563603008,-0.00178457276363,-0.443689796997,-0.0292791576273,0.163201672805,-0.0737289630217,0.573706919155,0.819045097521,0.00249920832951,0.0,0.819007606273,-0.573644673053,-0.0117930846692,0.0,-0.0082255690056,0.00881281457843,-0.999927334517,0.0,0.640017887727,0.232861090197,0.303712491431,1.0,-0.0621102857143,-0.0816306612245,1.289
0.446859514317,0.431721305377,-0.124515712413,-1.53596252642,0.0681102841378,1.95934158116,0.133207766233,-0.0620879147694,-0.300859976859,-0.00587318564434,-0.459836657347,-0.0291268379484,0.17090813185,-0.0844537330316,0.573725201165,0.819031447784,0.0027618818561,0.0,0.818997670427,-0.57366234936,-0.0116220335247,0.0,-0.00793457607486,0.00893000025821,-0.999928646253,0.0,0.63908099916,0.231555542622,0.303825849989,1.0,-0.0644508571429,-0.0847068408163,1.305
0.445803446111,0.426489512838,-0.124586561224,-1.54412396048,0.0674984531725,1.96201530344,0.131908120674,-0.0601004191894,-0.314566458748,-0.006750736476,-0.490590688111,-0.0410076904401,0.158679698084,-0.0840730089834,0.57375571285,0.819010911231,0.00250123117311,0.0,0.818973961917,-0.57369400629,-0.0117296100188,0.0,-0.00817189459179,0.00877854297544,-0.999928076074,0.0,0.637933429167,0.230037452343,0.303737525665,1.0,-0.0669377142857,-0.0879752816326,1.322
0.444630093542,0.420694643657,-0.124675885952,-1.55300774596,0.06686625568,1.96493687658,0.130448424069,-0.066441458987,-0.322846571458,-0.004036384094,-0.501366751211,-0.0381111970391,0.164778082437,-0.0814697525986,0.573785381521,0.81899062474,0.00233226103274,0.0,0.818951499452,-0.573724325304,-0.0118146942817,0.0,-0.00833820949979,0.0086892748313,-0.999927482753,0.0,0.636681769414,0.22837290394,0.303702636159,1.0,-0.0695708571429,-0.0914359836735,1.34
0.44360044797,0.41569093184,-0.124699042129,-1.56039682366,0.0663547673812,1.96767922851,0.12927309454,-0.0672745593294,-0.336793743749,-0.000207815058988,-0.497551271151,-0.0381485097859,0.184323596505,-0.0865546014344,0.57384921138,0.818945037224,0.0026183022027,0.0,0.818909886697,-0.573787379872,-0.0116355950314,0.0,-0.00802671858476,0.00882140043217,-0.999928874812,0.0,0.635698121447,0.227011042928,0.303816641797,1.0,-0.0717651428571,-0.0943199020408,1.355
0.442241746861,0.40925777578,-0.124716777985,-1.57014158468,0.0656880956414,1.97101666962,0.127587932452,-0.0741873893828,-0.345250994499,-0.000975024230701,-0.517395863241,-0.035795653841,0.159707434929,-0.0873504501257,0.573808420313,0.818973549551,0.00263985133238,0.0,0.818938360891,-0.573746169345,-0.011663666846,0.0,-0.00803778480029,0.00885475625257,-0.999928491097,0.0,0.634322097399,0.225207575129,0.303821972854,1.0,-0.0745445714286,-0.0979728653061,1.374
0.441044608688,0.403713528978,-0.1247783072,-1.57875139296,0.0650731817114,1.97380740162,0.126203699024,-0.0752373924105,-0.347039810458,-0.00765380628972,-0.537429842588,-0.0368217337334,0.180159221281,-0.0849050291702,0.573874622971,0.818927929947,0.00238946913667,0.0,0.818889243486,-0.573813016697,-0.0118226762138,0.0,-0.00831097127657,0.00874161273152,-0.999927253336,0.0,0.633066538064,0.223577345222,0.303712452715,1.0,-0.0768851428571,-0.101049044898,1.39
0.439775285286,0.39789856097,-0.124815755786,-1.58727395536,0.0644605429292,1.9768928025,0.12472954574,-0.0857626297582,-0.363890868663,0.000751464913176,-0.531309274298,-0.0380158303266,0.189083574251,-0.0879458576447,0.573900802656,0.818908665417,0.00268576183814,0.0,0.818874178588,-0.573838498605,-0.0116277281435,0.0,-0.00798100745413,0.00887263435941,-0.999928787404,0.0,0.631898142019,0.22195104404,0.303841937746,1.0,-0.0792257142857,-0.10412522449,1.406
