position_joint1,position_joint2,position_joint3,position_joint4,position_joint5,position_joint6,position_joint7,velocity_joint1,velocity_joint2,velocity_joint3,velocity_joint4,velocity_joint5,velocity_joint6,velocity_joint7,ee_T_00,ee_T_10,ee_T_20,ee_T_30,ee_T_01,ee_T_11,ee_T_21,ee_T_31,ee_T_02,ee_T_12,ee_T_22,ee_T_32,ee_T_03,ee_T_13,ee_T_23,ee_T_33,v_x,v_y,time
0.465073330259,0.547764738746,-0.123920733281,-1.35583913529,0.079556650872,1.89410289749,0.15915575245,-0.000766243763362,0.00128840743967,-0.00233784678377,0.000703831556951,-0.000276845667021,0.00424747783802,0.000845677728945,0.573771197517,0.819001431864,0.00200359847699,0.0,0.818958111396,-0.573711551357,-0.0119755800992,0.0,-0.00865869636489,0.00851227004679,-0.999926281401,0.0,0.661657919854,0.260938302803,0.303221177108,1.0,0.0,0.0,0.0
0.465068040897,0.547766960659,-0.123923256476,-1.35584164128,0.079556650872,1.89410149035,0.159153320769,-0.00223660907238,0.00144518260631,0.000918078707866,-0.000130687780793,-0.000245184571348,0.000427301107172,-0.0012963266573,0.57377543193,0.818998479382,0.0019978450439,0.0,0.818955091799,-0.57371581724,-0.0119777112554,0.0,-0.0086636988056,0.00850882564168,-0.999926267386,0.0,0.661658964798,0.260932919315,0.303218371623,1.0,-0.0001,-0.000131428571429,0.006
0.46507018453,0.547763730535,-0.123920733609,-1.35584474029,0.0795559387952,1.89410266531,0.159154948239,-0.000639142237074,-0.000203856096098,0.0016783721318,-0.000236423390897,-0.000300652728744,-9.67255800101e-05,-0.000866694231503,0.573773229327,0.819000018932,0.00199929967861,0.0,0.818956642373,-0.573713600979,-0.0119778490211,0.0,-0.00866299994656,0.00851007271037,-0.999926262829,0.0,0.661657475414,0.260935436928,0.303219202174,1.0,-0.00046,-0.000604571428571,0.024
0.465075582747,0.547754586527,-0.123923692443,-1.35585470047,0.0795586722313,1.89410115687,0.15915432605,0.00114203037262,-0.00211942211256,0.000663630865077,-0.000475443419168,0.000260971981333,-0.000340725309338,0.00784565987529,0.573771607132,0.819001156842,0.00199870993198,0.0,0.818957749979,-0.57371195926,-0.011980753379,0.0,-0.00866573392842,0.00851123897743,-0.999926229212,0.0,0.661654250462,0.260936574367,0.303220911321,1.0,-0.00078,-0.00102514285714,0.04
0.465072242629,0.54770462727,-0.123923917888,-1.3559000435,0.0795546611954,1.89411055902,0.159156886929,0.000975148506877,-0.0108230374828,0.000181930969098,-0.00744873505261,0.000322725828467,0.00121650485197,-0.00146569685795,0.57376975064,0.819002416323,0.00201549228069,0.0,0.818959199275,-0.5737100038,-0.0119753230945,0.0,-0.00865167703824,0.0085218481621,-0.999926260575,0.0,0.661645744241,0.260930648723,0.303238237954,1.0,-0.0011,-0.00144571428571,0.056
0.465072220851,0.547572244843,-0.123921423925,-1.35607643323,0.0795552185437,1.89413939839,0.159148477657,-0.00293411570707,-0.000316710953845,0.000859262493793,-0.00793134997034,3.0868834802e-05,0.00618701218716,-0.000704082688049,0.573779115458,0.818995877965,0.00200635034248,0.0,0.818952411504,-0.573719277897,-0.0119951974364,0.0,-0.00867310237015,0.00852586337536,-0.99992604074,0.0,0.661616413749,0.260913775298,0.30324778693,1.0,-0.00144,-0.00189257142857,0.073
0.465062006226,0.547421043828,-0.123924005398,-1.35628124642,0.0795517457336,1.89419579578,0.159147306939,-0.000526027015358,-0.0061509601001,0.0012431793358,-0.0171441135406,0.000303107961692,0.0117794373695,0.000501866425431,0.573798708077,0.818982132581,0.00201395701822,0.0,0.818938673304,-0.573738745328,-0.0120020155831,0.0,-0.00867411814843,0.00853621267307,-0.999925943632,0.0,0.661588149257,0.260886465073,0.303262387287,1.0,-0.00178,-0.00233942857143,0.09
0.465039984404,0.547251007327,-0.123922167845,-1.35647936596,0.0795489776932,1.89431780868,0.159138124459,-0.00036280292063,-0.0135543404693,0.00042022819037,-0.0127951516022,0.000100862892544,0.00439953342647,0.00136445512909,0.573818564383,0.818968008431,0.0020983890449,0.0,0.818925634137,-0.573758229498,-0.0119602148276,0.0,-0.0085912307424,0.00858158310343,-0.999926270875,0.0,0.661577034074,0.26085953062,0.303299064373,1.0,-0.0021,-0.00276,0.106
0.465023945575,0.547060039516,-0.123924195286,-1.35671355543,0.0795468332642,1.89444487498,0.159125624194,-0.00464383152744,-0.0101363221634,-0.00149549441933,-0.0115518708654,-1.82806317874e-05,0.0103706246757,0.00054352572892,0.573835628418,0.818955852001,0.00217507061402,0.0,0.818914443678,-0.573774943423,-0.0119245602605,0.0,-0.00851785138444,0.0086241003132,-0.999926532852,0.0,0.661558488779,0.260830751628,0.303333961381,1.0,-0.00244,-0.00320685714286,0.123
0.464994219233,0.546821878746,-0.123918954572,-1.35704850132,0.0795398899551,1.8945838733,0.159102256813,0.000854277692574,-0.0134130485008,0.00133772764809,-0.0205376894856,0.000403146686165,0.00825894954123,-0.00650289724961,0.573863948839,0.81893590085,0.00221481905101,0.0,0.818894883301,-0.573802970388,-0.0119192356374,0.0,-0.00849038368998,0.00865389023251,-0.999926509084,0.0,0.661520235292,0.26077793564,0.303354307737,1.0,-0.00282,-0.00370628571429,0.142
0.4649611283,0.546550130834,-0.123924609532,-1.35745162122,0.0795317667495,1.89472063881,0.159037003455,-0.00443938098214,-0.0244857420649,-0.000114539771205,-0.0208234362654,0.000121798237512,0.0090214885559,-0.009005744619,0.573852055834,0.818944187273,0.00223227428022,0.0,0.818903269771,-0.573790878507,-0.0119251583685,0.0,-0.008485343877,0.00867146030547,-0.999926399649,0.0,0.661474949011,0.260724332375,0.303367733927,1.0,-0.00314,-0.00412685714286,0.158
0.464924204841,0.546290929133,-0.123921869905,-1.35786610464,0.0795194553265,1.89486631152,0.158915989888,-0.00266433368284,-0.0165866798254,0.000684849190916,-0.033808011166,0.000262799013137,0.00762584601383,-0.00655486441598,0.573810520447,0.818973286889,0.00223358193808,0.0,0.818932214488,-0.573749167414,-0.0119443654468,0.0,-0.00850076411852,0.00868312193325,-0.999926167476,0.0,0.661421582672,0.260658238551,0.303367905772,1.0,-0.00348,-0.00457371428571,0.175
0.464873082568,0.545984201717,-0.123922107233,-1.35837000925,0.0795043722135,1.895045619,0.15890239733,-0.00151636573675,-0.0160154719216,0.000101132900807,-0.0297225424987,-9.10140358338e-05,0.00913922138509,-0.000818812589539,0.573856227362,0.818941284854,0.00222467546124,0.0,0.818899973264,-0.573794779192,-0.0119637812672,0.0,-0.0085212912989,0.00868744431895,-0.999925955212,0.0,0.661367793669,0.260583581439,0.303359441941,1.0,-0.0038,-0.00499428571429,0.191
0.464822101942,0.545656285664,-0.123929363295,-1.35891731998,0.079469360249,1.89522912017,0.158839758073,-0.00385487262905,-0.0208033399665,-0.00139325103508,-0.0382637596314,-0.0038868939484,0.00513859456508,-0.00580755957618,0.573872965967,0.818929646128,0.00219101008506,0.0,0.818887914623,-0.573811673207,-0.0119788929878,0.0,-0.00855280810067,0.00866872142715,-0.999925848622,0.0,0.661304252913,0.260491783548,0.303347219485,1.0,-0.00412,-0.00541485714286,0.207
0.464751800166,0.545271244762,-0.123924731144,-1.35958053458,0.0793866945899,1.89545073237,0.158718194235,-0.00519962487836,-0.0276475279679,-1.62834217778e-05,-0.0381382806745,-0.0106549860837,0.0221423788534,-0.00831536787108,0.573842734135,0.818951016357,0.00212042208158,0.0,0.81890867502,-0.573782050388,-0.0119786280679,0.0,-0.00859341495098,0.00861044649675,-0.999926003978,0.0,0.661228098299,0.260375956582,0.303323075616,1.0,-0.00446,-0.00586171428571,0.224
0.464683925558,0.544852522558,-0.123929939943,-1.36027619023,0.0793706939977,1.89567245469,0.158679829547,-0.00288108741734,-0.0278516242117,0.00018947719914,-0.0424486103713,-0.000269537453132,0.00890027023693,-0.00431937947149,0.573904928964,0.818907520417,0.00208624433263,0.0,0.818864467653,-0.573844115542,-0.0120275340241,0.0,-0.00865242561654,0.0086111782064,-0.999925488794,0.0,0.661143208219,0.260263437073,0.303307757234,1.0,-0.0048,-0.00630857142857,0.241
0.464615552999,0.544414401813,-0.123928862764,-1.3610044953,0.0793417453042,1.89594356933,0.158568836234,-0.00418815784489,-0.0278147649639,4.42715827175e-06,-0.0455988630206,-0.00362551835691,0.0141622704635,-0.00333593048224,0.573902269248,0.818909406494,0.00207754887554,0.0,0.818866088585,-0.573841342357,-0.0120494676106,0.0,-0.0086754059625,0.00861661702312,-0.999925242827,0.0,0.661060501381,0.260151873266,0.303294648403,1.0,-0.00514,-0.00675542857143,0.258
0.464537423423,0.543894375445,-0.123931347367,-1.36184985852,0.0793026021269,1.89624323681,0.158468183403,-0.00422902552113,-0.026251374863,0.000480763255427,-0.0477473631796,-0.000557611351653,0.013644860489,-0.00115786018018,0.57392221866,0.81889546691,0.00206109276982,0.0,0.818851809402,-0.573861236088,-0.0120724005906,0.0,-0.00870342044159,0.00861651437002,-0.999925000264,0.0,0.660962535937,0.26001927057,0.303286314984,1.0,-0.0055,-0.00722857142857,0.276
0.464459641871,0.543365819066,-0.123939212658,-1.36269435903,0.0792603950759,1.89653417413,0.158352920701,-0.00110224104693,-0.0294820502449,-8.21566934131e-05,-0.0482095169086,-0.00366791597458,0.0202144688616,-0.00938653310219,0.573932701818,0.818888165138,0.00204295913874,0.0,0.818844189118,-0.573871715568,-0.0120911091275,0.0,-0.00872903776317,0.00861251396648,-0.999924811425,0.0,0.660864440863,0.259882914647,0.303283779014,1.0,-0.00584,-0.00767542857143,0.293
0.464378926614,0.542856528988,-0.12393955757,-1.36352271133,0.0792106360067,1.89683535801,0.158246954854,-0.000390193735311,-0.0312123621476,-1.38353392397e-06,-0.0557067390645,-0.000362528588544,0.016753016583,-0.00886065375396,0.573945101456,0.818879514057,0.00202703557782,0.0,0.818835310986,-0.573884164131,-0.0121015099333,0.0,-0.00874656335372,0.00860557633819,-0.999924718009,0.0,0.660770935989,0.259750121474,0.303275869331,1.0,-0.00616,-0.008096,0.309
0.464312619039,0.542258197194,-0.123943073353,-1.36444684095,0.0791565314787,1.89717186032,0.158134701665,-0.00799543437669,-0.039205360725,-0.000254334042003,-0.0533593197005,-0.0037543238127,0.0133270773944,-0.00676391882679,0.573946840277,0.818878272712,0.00203615259517,0.0,0.818834177266,-0.573885851717,-0.0120981916614,0.0,-0.00873859536936,0.00861115600361,-0.99992473964,0.0,0.660661850296,0.259616516401,0.30328844585,1.0,-0.0065,-0.00854285714286,0.326
0.464225554009,0.541629805005,-0.123940620593,-1.36539701893,0.0791007472004,1.8975143202,0.15800761507,-0.00470127373842,-0.0399139160856,0.00016379222463,-0.0575501525243,-0.00409913092391,0.0239094342825,-0.00193775275152,0.573950133624,0.818875915239,0.00205583456565,0.0,0.818832033094,-0.573889015921,-0.012093216511,0.0,-0.00872319081133,0.00862445247698,-0.99992475955,0.0,0.66055270165,0.259470101876,0.3033101139,1.0,-0.00684,-0.00898971428571,0.343
0.464149497203,0.541012472635,-0.123943947332,-1.36636281035,0.0790433790237,1.89787518245,0.157876606058,-0.00607324448073,-0.0408047897363,-0.00134603804594,-0.0611820866804,-0.00132170770906,0.0231445636198,-0.0108074495885,0.57394575915,0.818878956708,0.00206560278002,0.0,0.818835206667,-0.573884604175,-0.0120876927208,0.0,-0.00871310732476,0.0086292343938,-0.99992480621,0.0,0.660441723293,0.259326607164,0.30331823418,1.0,-0.00716,-0.00941028571429,0.359
0.464067840792,0.540306242662,-0.123941284919,-1.36742990421,0.0789862578008,1.89826310042,0.157747198863,-0.00148244771656,-0.0465519235198,2.82309634614e-05,-0.0640826875819,-0.00111631103266,0.0256767649275,-0.0150412013334,0.573948578069,0.818876909494,0.00209373631758,0.0,0.818833433241,-0.573887208363,-0.0120841874441,0.0,-0.00869406096522,0.00865029004276,-0.999924790065,0.0,0.66031498371,0.259173915455,0.303343031711,1.0,-0.0075,-0.00985714285714,0.376
0.463966797613,0.539581209854,-0.123944559764,-1.3685690902,0.0789199084753,1.89870023541,0.15760165317,-0.00813119588231,-0.0424880771173,-0.000378908365885,-0.0677012550754,0.000142164932455,0.0198191634337,-0.00348775896332,0.573959870276,0.818868946249,0.00211260073021,0.0,0.818825724283,-0.573898426006,-0.0120738055596,0.0,-0.00867461321515,0.00865989842564,-0.999924875801,0.0,0.660188585114,0.258998520617,0.30335115119,1.0,-0.00784,-0.010304,0.393
0.463873701637,0.538816436628,-0.123946986872,-1.36974347838,0.0788500542379,1.89914781792,0.157459761361,-0.00986746330197,-0.052809378893,0.0002039372847,-0.0692930614953,-0.000733190511436,0.0288939926106,-0.0139864345678,0.573967914778,0.818863225612,0.00214416572626,0.0,0.818820431814,-0.573906350918,-0.0120560242407,0.0,-0.0086418509525,0.00867562483247,-0.999925023162,0.0,0.660054887906,0.258825362686,0.303371340366,1.0,-0.00818,-0.0107508571429,0.41
0.46376506887,0.538081154665,-0.123950209423,-1.37087286777,0.078780045537,1.89958382966,0.157318700037,-0.0105409177799,-0.0500811348813,-0.00107772631058,-0.0667017129974,-0.00446864381347,0.0241721622839,-0.00817385408133,0.573987331424,0.818849528454,0.00217715794297,0.0,0.818807219506,-0.573925680352,-0.0120331881974,0.0,-0.00860400928139,0.00868973752801,-0.999925226947,0.0,0.659932498547,0.258645644228,0.303391008259,1.0,-0.0085,-0.0111714285714,0.426
0.463662204499,0.537276995708,-0.12395232281,-1.37213390767,0.0787098714682,1.90005244511,0.15717362827,-0.00686097393438,-0.0471273004569,-0.000119219200524,-0.0684307682119,-0.00292252359061,0.0238210403335,-0.0135631393218,0.574005007293,0.818837106142,0.00218908860139,0.0,0.818794901587,-0.573943252016,-0.0120332664495,0.0,-0.00859703796577,0.00869973727897,-0.999925199957,0.0,0.659785940931,0.258457849898,0.303399329359,1.0,-0.00884,-0.0116182857143,0.443
0.463552856974,0.53648500014,-0.123961461517,-1.37337298638,0.0786457786144,1.90052572595,0.15702106608,-0.0090921539982,-0.0456995920952,-0.00098545117368,-0.0801018069718,-0.00184040175175,0.0306408274931,-0.0130352231336,0.574027206179,0.818821477531,0.00221391076721,0.0,0.818779557521,-0.573965304282,-0.0120254965299,0.0,-0.00857619198778,0.00871583486118,-0.999925238782,0.0,0.659647760028,0.258265456465,0.303410018122,1.0,-0.00916,-0.0120388571429,0.459
0.463442659926,0.535627723847,-0.123962004104,-1.37473173112,0.0785626143915,1.90101697509,0.156852591058,-0.00893120414321,-0.0525391019712,-0.000670531127483,-0.0809660057929,-0.00628354390993,0.0263132517299,-0.00751994823096,0.574032198785,0.81881800406,0.00220406140597,0.0,0.818775933715,-0.57397031528,-0.0120330564371,0.0,-0.00858798277973,0.00871216201642,-0.999925169593,0.0,0.659486126,0.258062304116,0.303410929238,1.0,-0.0095,-0.0124857142857,0.476
0.463314187934,0.534684085304,-0.123960002294,-1.37626479964,0.0784742656486,1.90156545825,0.156672548384,-0.00711862757109,-0.0499706147444,-0.000318696681205,-0.0856691342884,-0.0109451517465,0.034786935445,-0.00680578812335,0.574048935463,0.818806358734,0.00217105790043,0.0,0.818763755709,-0.573987085842,-0.0120616966147,0.0,-0.00863020084585,0.0087017551577,-0.999924896725,0.0,0.659301752087,0.257832080394,0.303394527015,1.0,-0.00986,-0.0129588571429,0.494
0.463193508674,0.533881261022,-0.123965473683,-1.37757809295,0.078411678004,1.90203887796,0.156499511222,-0.00702344447441,-0.0511223033862,-0.000450094090764,-0.0846752842836,-0.00318492252838,0.0338454021661,-0.0102379909871,0.574065088938,0.818795098249,0.00214654310773,0.0,0.818752007206,-0.574003172979,-0.0120935936455,0.0,-0.008670219571,0.00870016389482,-0.999924564375,0.0,0.659147704205,0.257625980406,0.303376985955,1.0,-0.01016,-0.0133531428571,0.509
0.463056311031,0.532899196145,-0.123967959545,-1.37915690337,0.0783175814814,1.90264291416,0.156299845686,-0.00677614720034,-0.0584067524243,-0.00108672630473,-0.0904651340636,-0.00401571005607,0.0342930310414,-0.00965475522962,0.574083392974,0.818782253212,0.00215096219791,0.0,0.818739222543,-0.574021458364,-0.0120912244981,0.0,-0.00866554841961,0.00870261585506,-0.99992458353,0.0,0.658958170758,0.25736996022,0.303369005785,1.0,-0.01054,-0.0138525714286,0.528
0.462912936471,0.531866042831,-0.123966194871,-1.38080159748,0.078227962831,1.90325806621,0.156099384926,-0.0058671270003,-0.0580552174541,0.000342046518547,-0.0952498836171,-0.00532810950082,0.0351646289579,-0.0119832610056,0.574094780637,0.818774249837,0.00215813564649,0.0,0.818731207214,-0.574032707615,-0.0120999100427,0.0,-0.00866842121369,0.00871359596858,-0.999924463007,0.0,0.658775642464,0.257137471398,0.3033692848,1.0,-0.01088,-0.0142994285714,0.545
0.462789058009,0.53092234603,-0.123966588868,-1.38233161928,0.0781393925169,1.90378972487,0.155908118191,-0.00788266053058,-0.0578971721276,-0.000371655455277,-0.0981323682904,-0.00147042477258,0.0213770558748,-0.00861772299411,0.574099262052,0.818771223668,0.00211364731341,0.0,0.818727482681,-0.574037263909,-0.0121357178194,0.0,-0.00872323215766,0.00869777524789,-0.999924124085,0.0,0.658586372391,0.256908172908,0.303352204862,1.0,-0.0112,-0.01472,0.561
0.462647401433,0.529900681323,-0.123963834379,-1.38397249127,0.0780306584326,1.90437509483,0.155698471036,-0.00702655221644,-0.055709938417,0.00116525019532,-0.0942995587363,-0.00551167158849,0.0307370272954,-0.00943542133081,0.5741014811,0.818769754105,0.00207991892437,0.0,0.818725581546,-0.574039639727,-0.012151586179,0.0,-0.00875556388947,0.00867929355727,-0.999924002094,0.0,0.658388519166,0.256657280584,0.303341613419,1.0,-0.01154,-0.0151668571429,0.578
0.462505781818,0.52883889513,-0.123969624143,-1.38563829136,0.0779297542268,1.9050079721,0.155468481411,-0.00767304826008,-0.0612556320105,0.000160161622805,-0.0975722183126,-0.00911613721206,0.0337047149317,-0.00891678981681,0.574096568608,0.818773142409,0.00210192356109,0.0,0.818729290585,-0.574034664242,-0.012136716468,0.0,-0.00873080859049,0.00868872094928,-0.999924136677,0.0,0.658196423044,0.256403507087,0.303351578689,1.0,-0.01188,-0.0156137142857,0.595
0.462381032112,0.527861761839,-0.123974080749,-1.38714441102,0.0778282577268,1.90560089252,0.155245020324,-0.00861936329858,-0.0658270663146,-0.000847077336394,-0.100594310349,-0.0105615251984,0.0370988735594,-0.0125239972274,0.57407330717,0.818789331607,0.00214833501709,0.0,0.818746240724,-0.574011359131,-0.0120954449945,0.0,-0.00867061955577,0.00870278088422,-0.999924538133,0.0,0.658026459029,0.256176674104,0.303374169435,1.0,-0.01218,-0.016008,0.61
0.46223395636,0.526700052112,-0.123969972361,-1.38892200237,0.0777241752286,1.90626932558,0.155010873742,-0.00570469403302,-0.0648932220951,0.00111825583694,-0.104249940618,-0.00778401801906,0.0337691186641,-0.0175710940542,0.574067177433,0.818793503368,0.00219579994571,0.0,0.818750981386,-0.574004975973,-0.0120774558436,0.0,-0.00862870841629,0.00873125245087,-0.999924652472,0.0,0.657816270403,0.255915066913,0.303403498916,1.0,-0.01252,-0.0164548571429,0.627
0.462066644485,0.525447107572,-0.123977542,-1.39086641205,0.0775985417578,1.90697605014,0.154739752577,-0.0073342296491,-0.0728797933925,-0.000578511687329,-0.105621578728,-0.00302165308312,0.040745187778,-0.0191225818238,0.574058359536,0.818799665865,0.00220316312871,0.0,0.818757302808,-0.573996191557,-0.0120664028479,0.0,-0.00861552525038,0.00873084342109,-0.999924769719,0.0,0.657585411001,0.255613927051,0.303420979745,1.0,-0.01288,-0.016928,0.645
0.461918823874,0.524342866149,-0.123983578566,-1.39262926649,0.0774890505595,1.90760870871,0.154500446185,-0.0064619903148,-0.0724456276831,0.000183052262496,-0.114494270273,-0.00623967395688,0.0465642358793,-0.0183639540537,0.574052916957,0.818803548808,0.00217804812539,0.0,0.818760847793,-0.573990846218,-0.0120801274692,0.0,-0.00864123792586,0.00871810079105,-0.999924659025,0.0,0.657371663092,0.255343716215,0.30341353094,1.0,-0.0132,-0.0173485714286,0.661
0.461762160919,0.523153724105,-0.123987760715,-1.39454932758,0.0773706330904,1.90832171126,0.154244670462,-0.00741486414831,-0.0679277088702,-0.000699284482207,-0.112815814324,-0.00849736300271,0.0368170307415,-0.0159629505469,0.574045899353,0.818808518875,0.00215910971617,0.0,0.818765573294,-0.573983913215,-0.012089262194,0.0,-0.00865966335279,0.00870776374469,-0.999924589697,0.0,0.657140963591,0.255055255411,0.303397582879,1.0,-0.01354,-0.0177954285714,0.678
0.461599304787,0.521902280938,-0.123988168911,-1.39649674711,0.0772530335862,1.90909192859,0.153983032666,-0.0111599053397,-0.0703779531387,-0.00138137608967,-0.118561324674,-0.00749840336617,0.0471424353781,-0.0154787198973,0.574038151257,0.818813787696,0.00222010839721,0.0,0.818771688141,-0.573975957288,-0.0120528028247,0.0,-0.00859487776873,0.00873669875974,-0.999924896265,0.0,0.656916935406,0.254766509491,0.303416878678,1.0,-0.01388,-0.0182422857143,0.695
0.461446850047,0.520732373843,-0.123994141402,-1.39838969915,0.077136120672,1.90979203628,0.153727487984,-0.00901007331854,-0.0751204671936,0.000874354725248,-0.116110024681,-0.00387493957088,0.0408852611643,-0.0177507785766,0.574027557482,0.818821277873,0.0021966007374,0.0,0.818778876621,-0.573965469333,-0.0120639178366,0.0,-0.00861758556114,0.00872371953218,-0.999924814142,0.0,0.656687521399,0.254482184961,0.30339861593,1.0,-0.0142,-0.0186628571429,0.711
0.461273107761,0.519336202408,-0.123991843639,-1.40056658687,0.0769991726205,1.91057012781,0.153432606316,-0.0105481752414,-0.0777206688802,-0.000433300297651,-0.119868781799,-0.00687245619727,0.0356612344967,-0.0125858568332,0.574005446706,0.818836787011,0.00219323770655,0.0,0.818794296739,-0.573943330003,-0.0120706451402,0.0,-0.00862526019398,0.00872459455674,-0.999924740336,0.0,0.656416522886,0.254160102846,0.303410185863,1.0,-0.01456,-0.019136,0.729
0.461094252307,0.517981994775,-0.123998199127,-1.40265838684,0.0768617160946,1.91133092036,0.153157101953,-0.00918322578621,-0.0796456784133,0.000546121762895,-0.12252646899,-0.00662314386352,0.0478577803359,-0.00708291291824,0.574004567676,0.818837367979,0.00220635189085,0.0,0.818795124315,-0.573942471974,-0.0120552960857,0.0,-0.00860517353499,0.00872651320105,-0.999924896658,0.0,0.6561635886,0.253837964335,0.30343112378,1.0,-0.0149,-0.0195828571429,0.746
0.460917075524,0.516651668808,-0.124003585275,-1.40479060897,0.0767276852573,1.91211225429,0.15285197036,-0.00850322505376,-0.0730043589342,-0.000607376140002,-0.128404397301,-0.0108470850383,0.0546414409688,-0.0151082808324,0.573980293005,0.818854442719,0.0021844409275,0.0,0.818811919803,-0.57391829995,-0.0120653169308,0.0,-0.0086262138295,0.00871406818949,-0.9999248239,0.0,0.655902943882,0.253514368618,0.30341747488,1.0,-0.01524,-0.0200297142857,0.763
0.46073971433,0.515342576364,-0.124006032933,-1.40683825603,0.0766052772506,1.9128877959,0.15256771006,-0.00886015932391,-0.0855358896663,0.000283587951906,-0.130413580708,-0.00675035996542,0.0430334149043,-0.0140225048525,0.573969691087,0.818861790656,0.00221549489994,0.0,0.818819660314,-0.573907555238,-0.0120510922907,0.0,-0.00859685526698,0.00873122060381,-0.999924927115,0.0,0.655658638886,0.253203627223,0.303428177078,1.0,-0.01556,-0.0204502857143,0.779
0.460553506738,0.513956882496,-0.124004484288,-1.40909464353,0.0764636192948,1.91367985096,0.152272564266,-0.00828668047603,-0.0793870434936,0.000853462039505,-0.132331670998,-0.00541366212247,0.0500852583294,-0.0118163802512,0.57395966824,0.818868999804,0.00214646087177,0.0,0.818825875106,-0.573897733495,-0.0120964725518,0.0,-0.00867374434678,0.00870063258857,-0.999924529728,0.0,0.655371635392,0.252863800825,0.303394175037,1.0,-0.0159,-0.0208971428571,0.796
0.460372541402,0.51263292655,-0.124008038453,-1.41123827064,0.0763340009679,1.91442424498,0.151953271623,-0.0115742911468,-0.0825090102048,0.00104532286112,-0.135350792683,-0.00661708003783,0.0455928135004,-0.0287831877274,0.57392617492,0.818892638541,0.00208307110588,0.0,0.818848559993,-0.573864394616,-0.0121424581761,0.0,-0.00874813770384,0.00867476136658,-0.999924106421,0.0,0.655098638071,0.252535778147,0.303366195428,1.0,-0.01622,-0.0213177142857,0.812
0.460176570395,0.511193547427,-0.124010900882,-1.41353906199,0.0761937562106,1.91530012322,0.151634148729,-0.00960274577269,-0.0850959554695,0.000320107186026,-0.131626335092,-0.0067703039631,0.0499934961296,-0.018518443989,0.573915685722,0.818899987091,0.00208416063697,0.0,0.818855912228,-0.573853891516,-0.0121430269414,0.0,-0.00874808934132,0.00867586793077,-0.999924097244,0.0,0.654803013994,0.252165111356,0.303351121071,1.0,-0.01658,-0.0217908571429,0.83
0.45996917636,0.509713523784,-0.124016360914,-1.41588111495,0.076051463967,1.91617991308,0.15131116993,-0.0140808001464,-0.091346917012,-0.00195783615922,-0.139915733458,-0.00770784496988,0.0470370786504,-0.0207269189468,0.573903188945,0.818908690931,0.00210535914388,0.0,0.818864901462,-0.573841311842,-0.012131318075,0.0,-0.00872646776256,0.00868637407684,-0.99992419496,0.0,0.654537811976,0.251827642685,0.303352940374,1.0,-0.0169,-0.0222114285714,0.846
0.459771781164,0.508317868061,-0.124017294956,-1.41811379688,0.0759110069912,1.91697194246,0.150998914415,-0.0152001410546,-0.0867317069782,0.00044332638864,-0.142081812355,-0.006040175377,0.0475447697455,-0.0221779281443,0.573887695139,0.818919651587,0.00206506963367,0.0,0.81887526982,-0.573825931859,-0.0121589186733,0.0,-0.00877235583173,0.00866905517243,-0.999923943736,0.0,0.654256524039,0.251482456965,0.303335483452,1.0,-0.01722,-0.022632,0.862
0.459554200038,0.506784081304,-0.124026070222,-1.42051619276,0.0757574363156,1.91784629188,0.150664018454,-0.011721122395,-0.0896803525044,-0.000862845372001,-0.137403431013,-0.00847662444427,0.0508640783599,-0.0254607815543,0.573880718013,0.818924542308,0.00206455798276,0.0,0.818880188404,-0.573818992038,-0.0121551765447,0.0,-0.00876965865098,0.00866641392828,-0.99992399029,0.0,0.653961350333,0.251104691833,0.3033407199,1.0,-0.01756,-0.0230788571429,0.879
0.459318788063,0.505091312945,-0.124027616025,-1.42312713527,0.075592399841,1.918850487,0.150316985404,-0.0125732693314,-0.0924101387687,0.00133863778594,-0.142911434282,-0.0117367913005,0.0640904955265,-0.0218153346866,0.573880798422,0.818924310894,0.00213286909823,0.0,0.818880929102,-0.573818852763,-0.0121117739512,0.0,-0.0086949130417,0.00869744778709,-0.999924373585,0.0,0.653648724685,0.250703815178,0.303368248584,1.0,-0.01792,-0.023552,0.897
0.45912055671,0.503608745554,-0.124039681553,-1.42532487423,0.0754482469592,1.91967882957,0.150007716738,-0.0165384179762,-0.0973081049803,-0.0026123072778,-0.145539832926,-0.0135275798962,0.058518475276,-0.0128707246583,0.57387247781,0.818929904102,0.00222222434556,0.0,0.818887841654,-0.57381030589,-0.012049172044,0.0,-0.00859245750648,0.00873460888277,-0.999924935323,0.0,0.653385522954,0.250358916141,0.303429964584,1.0,-0.01822,-0.0239462857143,0.912
0.458868500555,0.501834918519,-0.124044656829,-1.42797172079,0.0752788156216,1.92065380689,0.149630043096,-0.0179627714422,-0.102144499626,-0.000309463547127,-0.15012745839,-0.0111103131015,0.0526141823453,-0.0182787889611,0.57386282738,0.818936435019,0.00230600320413,0.0,0.818895524086,-0.573800368646,-0.0120001864723,0.0,-0.00850436817603,0.00877500558654,-0.999925334712,0.0,0.653063519696,0.24993953957,0.303493209062,1.0,-0.01858,-0.0244194285714,0.93
0.458639831113,0.500125146938,-0.124045346466,-1.43056537615,0.0751210179906,1.92156116762,0.149266836046,-0.0173319471092,-0.0996862783746,0.000307544372932,-0.15217646962,-0.00495255774675,0.0534077955748,-0.0226755448635,0.573842571953,0.818950560382,0.0023300570041,0.0,0.818909839378,-0.573779889286,-0.0120025214769,0.0,-0.00849269535033,0.00879583374822,-0.999925250923,0.0,0.652730470777,0.249540877159,0.303530420864,1.0,-0.01892,-0.0248662857143,0.947
0.458402974039,0.498541846369,-0.124046092314,-1.43303186114,0.0749637397703,1.92248401272,0.148912185898,-0.0135209936514,-0.0952220442094,0.000475824025335,-0.158408788065,-0.00861868282363,0.0599353185929,-0.0250013361911,0.573829658638,0.818959523088,0.00235993877856,0.0,0.818919219076,-0.573766884203,-0.0119842446639,0.0,-0.00846071946968,0.00880968385983,-0.999925400066,0.0,0.652428790175,0.249151418058,0.303540734508,1.0,-0.01924,-0.0252868571429,0.963
0.458143113461,0.496869554856,-0.124049252446,-1.43570358318,0.074798383519,1.92344527606,0.148519234821,-0.0110057079475,-0.0952308008728,-0.000351972087362,-0.154563519751,-0.00775596618086,0.0567246181154,-0.017632181567,0.573813620285,0.818970856637,0.00232638262181,0.0,0.818930030936,-0.573750897654,-0.0120107773758,0.0,-0.00850187620622,0.00879726161542,-0.999925160344,0.0,0.652093071415,0.24872385546,0.303518297433,1.0,-0.01958,-0.0257337142857,0.98
0.457873234777,0.495188544045,-0.124044752712,-1.43842265196,0.0746351208837,1.92438333591,0.148127574813,-0.0148111686563,-0.0979860720253,0.00280607341019,-0.15889414867,-0.00422830919051,0.0598335104335,-0.028604356897,0.573799249041,0.818981152009,0.00224529631893,0.0,0.818939007467,-0.573736599042,-0.0120815508069,0.0,-0.00860651942617,0.0087713143941,-0.999924493083,0.0,0.651722177219,0.248261249135,0.303473793048,1.0,-0.01994,-0.0262068571429,0.998
0.457571295918,0.493368246732,-0.124094251878,-1.44125212616,0.0744628394571,1.92539692949,0.147719338274,-0.0181159189885,-0.144582561953,-0.00383998596466,-0.209282225506,-0.015567442811,0.0727497944449,-0.027480548051,0.573847828759,0.818947124313,0.00224140800756,0.0,0.818905052355,-0.573785314636,-0.0120695831011,0.0,-0.00859842891988,0.00876177308967,-0.999924646337,0.0,0.651399832427,0.247791549091,0.303486669771,1.0,-0.032076,-0.0421570285714,1.013
0.457211120745,0.490098423257,-0.124174520831,-1.44618418562,0.0742047845659,1.92731356653,0.14697261319,-0.0223831669879,-0.212344257763,-0.0055298901393,-0.335650039439,-0.016071377361,0.136753712988,-0.0453739496339,0.573767592503,0.819002701637,0.00246402214605,0.0,0.818963582404,-0.573704227619,-0.0119522721363,0.0,-0.00837548450223,0.00887594170183,-0.999925531686,0.0,0.65078992976,0.247056465818,0.303582484118,1.0,-0.049212,-0.0646786285714,1.03
0.456535584006,0.485158882451,-0.124231176396,-1.45394774978,0.0738024540774,1.93032457345,0.145787335677,-0.046434203424,-0.30472587555,-0.009696465768,-0.481908294684,-0.0252790713914,0.187114398538,-0.0781475067958,0.573670216044,0.819070342551,0.00264652210744,0.0,0.819033246346,-0.573605770355,-0.0119041377911,0.0,-0.00823242436579,0.00899681210811,-0.999925639516,0.0,0.649825808618,0.245867726546,0.303582068319,1.0,-0.067356,-0.0885250285714,1.048
0.455666123316,0.479428662646,-0.124397487195,-1.46316543738,0.0732482118095,1.93350414337,0.144382893526,-0.0613499529352,-0.389350506737,-0.0113149021214,-0.625038015028,-0.0378705336923,0.216913612865,-0.0947443551962,0.573654049133,0.81908252674,0.00236499550944,0.0,0.819041669803,-0.57359063288,-0.0120530452242,0.0,-0.00851606342676,0.00885147848678,-0.999924561151,0.0,0.648627380824,0.244316047046,0.30344995616,1.0,-0.083484,-0.109721828571,1.064
0.45448459374,0.471877027565,-0.124576607437,-1.47509768901,0.0725296501779,1.93760932131,0.142651416739,-0.0770920618098,-0.469130957076,-0.0100817255293,-0.736459645167,-0.0477508815624,0.258558659733,-0.108176318103,0.573714667127,0.819040742823,0.00211877828705,0.0,0.818996385211,-0.573652015182,-0.0122079232601,0.0,-0.00878351421102,0.00873930464631,-0.99992323427,0.0,0.647060788444,0.242295823449,0.303357777953,1.0,-0.10062,-0.132243428571,1.081
0.453071829208,0.462881607396,-0.124714506487,-1.4887980247,0.0717163874322,1.9426966062,0.140454721167,-0.0846529033345,-0.550872074088,-0.0100879819699,-0.846424211728,-0.0445964647013,0.312343298666,-0.146614802114,0.573603642532,0.819117586727,0.00244689384523,0.0,0.819077507075,-0.573539589604,-0.0120467199712,0.0,-0.00846445266591,0.00891440979687,-0.999924440315,0.0,0.645312720944,0.240014081883,0.303488580296,1.0,-0.117756,-0.154765028571,1.098
0.451435309212,0.453351229718,-0.124867197372,-1.50369078698,0.0707757345553,1.94787885192,0.138152837269,-0.117611511936,-0.620482621909,-0.011068246982,-0.954018455422,-0.0552062613687,0.328230555044,-0.155886615915,0.573604280336,0.819117622564,0.00227966792176,0.0,0.819075038793,-0.573540601906,-0.0121657590544,0.0,-0.00865787221223,0.00884572086615,-0.999923394301,0.0,0.643326049708,0.237438171848,0.30340950677,1.0,-0.133884,-0.175961828571,1.114
0.449287737155,0.441066901583,-0.125055715175,-1.52238037811,0.0695029796816,1.95453323363,0.135230825786,-0.127001822462,-0.694937164677,-0.0135580192212,-1.08452523684,-0.0634372269306,0.368827368363,-0.172003097437,0.573601906289,0.81911885488,0.00242931731448,0.0,0.819078916947,-0.573538315887,-0.0120114496752,0.0,-0.00844566094723,0.00887976398883,-0.999924907482,0.0,0.640842007873,0.234156004014,0.303512904921,1.0,-0.152028,-0.199808228571,1.132
0.446769451139,0.427305808424,-0.125231858924,-1.5432237306,0.0681222451888,1.96171469372,0.131845908357,-0.143772167711,-0.796691676345,-0.00571629697605,-1.18949580838,-0.0804355013059,0.410294093498,-0.19716740511,0.573551705724,0.819153803839,0.00249668170945,0.0,0.819114463847,-0.573487552031,-0.0120112314984,0.0,-0.00840739195727,0.00893430242657,-0.999924744169,0.0,0.637970795096,0.230442367846,0.303604927855,1.0,-0.170172,-0.223654628571,1.15
0.444340062117,0.414853352416,-0.125415641988,-1.56185001271,0.0667881025797,1.96821110572,0.128726784206,-0.166248737019,-0.86466143518,-0.0160989207265,-1.2673836731,-0.0932440758861,0.473826507688,-0.21665866647,0.573536892793,0.819163525505,0.00270147915925,0.0,0.81912762283,-0.573472783528,-0.0118174011596,0.0,-0.00813131577613,0.00899074484351,-0.999926521406,0.0,0.63541033557,0.226999678428,0.303759801095,1.0,-0.185292,-0.243526628571,1.165
0.441244092686,0.399721283647,-0.125594279176,-1.58450244647,0.0652521477143,1.97600553402,0.124904515069,-0.191838994181,-0.927872760713,-0.0145907379981,-1.3359191005,-0.084026936429,0.467084748726,-0.232755992369,0.573569344658,0.819140045047,0.00292239115072,0.0,0.819106701393,-0.573504083082,-0.0117484178902,0.0,-0.00794774932131,0.00913245835382,-0.999926713057,0.0,0.632207955954,0.222776345398,0.303878440057,1.0,-0.202428,-0.266048228571,1.182
0.437769976464,0.383518014148,-0.125792085099,-1.60865779668,0.0635101650966,1.98422113534,0.120655321381,-0.211228257292,-0.969858726429,-0.00566061725815,-1.43594967661,-0.0960917523655,0.474116080562,-0.269785631697,0.573530990585,0.819166268988,0.00309410595918,0.0,0.819135332406,-0.573465356772,-0.0116421084378,0.0,-0.00776260940863,0.00921177885346,-0.99992743988,0.0,0.628717091711,0.218165794098,0.303978653675,1.0,-0.219564,-0.288569828571,1.199
0.434107728387,0.367221341972,-0.126006349671,-1.63278137452,0.0616811324604,1.99225222585,0.116336708753,-0.237992695209,-1.02019232835,-0.0177040430794,-1.55266174162,-0.115742034901,0.504637118197,-0.272940856592,0.573524974018,0.819170120842,0.00318813410683,0.0,0.81914085243,-0.573459577879,-0.0115379079888,0.0,-0.00762339021622,0.00922898695604,-0.999928352294,0.0,0.625141108021,0.213439271385,0.304073693452,1.0,-0.235692,-0.309766628571,1.215
0.429734345014,0.349060978272,-0.126253137383,-1.65965006238,0.0596092328149,2.00101598017,0.111369624388,-0.275092400145,-1.08638031498,-0.0161864972313,-1.59130994949,-0.124383897215,0.510455850545,-0.314344484876,0.573569481235,0.819139086117,0.00315510579398,0.0,0.819109582102,-0.573504414164,-0.01152936878,0.0,-0.00763483650024,0.00919744853791,-0.999928555554,0.0,0.621060297859,0.208011981821,0.304090756962,1.0,-0.252828,-0.332288228571,1.232
0.424922189983,0.329891153374,-0.126509913073,-1.68764399155,0.0574761692482,2.01006387484,0.105969135307,-0.291536637397,-1.14090792939,-0.0137350094421,-1.6650842356,-0.123431359147,0.528101295931,-0.332459936303,0.57358646502,0.819126598589,0.00330598428315,0.0,0.819098755223,-0.573520576036,-0.0114945620924,0.0,-0.00751959631414,0.00930123192621,-0.99992846882,0.0,0.616706186897,0.202252892841,0.304172324378,1.0,-0.269964,-0.354809828571,1.249
0.420019589354,0.311059580726,-0.126689201738,-1.71502571489,0.0551959892614,2.01871269474,0.100536360864,-0.319165493819,-1.17374011476,-0.0126136200041,-1.6866996241,-0.135219505454,0.523989817753,-0.355907398241,0.573452273815,0.819220616724,0.00328902604248,0.0,0.819192881396,-0.573386858174,-0.0114577853716,0.0,-0.00750071410145,0.00926501817526,-0.999928946839,0.0,0.612299793418,0.196559075971,0.304192290979,1.0,-0.286092,-0.376006628571,1.265
0.413878366831,0.288793579214,-0.126945191122,-1.74698819452,0.0525300097132,2.02861054838,0.0939126948597,-0.359828650025,-1.26797353217,-0.0144311962874,-1.77614263852,-0.150728470096,0.562208153101,-0.379388253394,0.573359921238,0.819284901102,0.00337615842027,0.0,0.819258290788,-0.573294261133,-0.0114144657518,0.0,-0.00741630998455,0.00931072222151,-0.999929151889,0.0,0.607035107279,0.189698958686,0.304261454582,1.0,-0.304236,-0.399853028571,1.283
0.407495980504,0.266891925662,-0.12725006445,-1.77816687659,0.0499084728246,2.03803769361,0.0871829962818,-0.388058692408,-1.32698049097,-0.0235528662897,-1.85478906292,-0.164487046906,0.561572622764,-0.40020596661,0.57332123486,0.819311667048,0.00344975344392,0.0,0.819285603292,-0.573254856738,-0.0114331258335,0.0,-0.00738984774741,0.00938136777309,-0.999928687502,0.0,0.601754468305,0.182813570722,0.304296582627,1.0,-0.321372,-0.422374628571,1.3
0.400816685205,0.245612594974,-0.127623541953,-1.80811868553,0.0472117118014,2.04688593693,0.0805062805353,-0.432026082627,-1.35485855301,-0.0208421794043,-1.89554094722,-0.170224718851,0.557698809845,-0.424646239,0.573476069149,0.81920316592,0.00348108639335,0.0,0.819177971559,-0.573410174284,-0.0113564889707,0.0,-0.00730732205163,0.00936448424012,-0.999929452251,0.0,0.596587774071,0.175881986131,0.304339515609,1.0,-0.3375,-0.443571428571,1.316
0.393239674045,0.222210957567,-0.127930155246,-1.84066195756,0.0442791747717,2.05627096489,0.0728139827504,-0.454833203289,-1.36789534309,-0.01465785692,-1.95051668511,-0.172185186886,0.536165660362,-0.456799824308,0.573376465222,0.819272258319,0.00362529708988,0.0,0.819248596562,-0.57330976404,-0.0113313013221,0.0,-0.00720514132596,0.00946730332636,-0.999929225549,0.0,0.590772351365,0.168323959302,0.304395703758,1.0,-0.354636,-0.466093028571,1.333
0.384891847447,0.198062831194,-0.128273612544,-1.87375290767,0.0410846926805,2.0654034397,0.0645563721831,-0.510525413283,-1.44362927775,-0.0185545919171,-1.92794449297,-0.185982230755,0.516260814407,-0.502754684054,0.573287362225,0.819334410332,0.00367032161402,0.0,0.819311554204,-0.57322085112,-0.011277406186,0.0,-0.00713619946199,0.00947251372639,-0.999929670597,0.0,0.584688165034,0.160328613318,0.304473976373,1.0,-0.371772,-0.488614628571,1.35
0.376273530744,0.174565984163,-0.128757064937,-1.90560375791,0.0379740754885,2.07397818355,0.0562126112231,-0.56600300642,-1.47495260602,-0.0327746996977,-1.99618123854,-0.192121667527,0.544064943666,-0.535114338354,0.573367838733,0.819277662378,0.00376567863561,0.0,0.819256101859,-0.573301163646,-0.0112232896321,0.0,-0.00703625802007,0.00952031181523,-0.999929924913,0.0,0.578701259303,0.152333845702,0.304528203201,1.0,-0.3879,-0.509811428571,1.366
0.365823250828,0.147386779358,-0.129242369503,-1.94205394308,0.0342411016621,2.08329631928,0.0462407519803,-0.593266420585,-1.54760184007,-0.0263643461773,-2.06797144231,-0.219785932214,0.520770124401,-0.57011658228,0.573351771664,0.819289195171,0.00370236508787,0.0,0.819266619245,-0.573284991699,-0.0112814797065,0.0,-0.00712042118057,0.00950166344191,-0.999929506512,0.0,0.571580465443,0.143029744695,0.304521891709,1.0,-0.406044,-0.533657828571,1.384
0.35502340557,0.121032318722,-0.129762751606,-1.97673366679,0.0305447086022,2.09179453324,0.0360852620871,-0.655989735371,-1.5915459843,-0.035282788135,-2.03245063895,-0.21746982636,0.4890480844,-0.620119145922,0.573359785051,0.819283395032,0.00374465103942,0.0,0.819261391557,-0.573292931908,-0.0112575943024,0.0,-0.00707651435144,0.00952268321203,-0.999929618248,0.0,0.564616363843,0.133830471776,0.304571458396,1.0,-0.42318,-0.556179428571,1.401
0.343936990718,0.0955584404161,-0.13037966012,-2.00968950058,0.0268274299638,2.09951373266,0.0258674069355,-0.70948016843,-1.62257987971,-0.0317121521104,-2.05793437834,-0.244556387967,0.485685507992,-0.658962249574,0.573481368957,0.81919804918,0.00379770725939,0.0,0.819177393488,-0.573415270887,-0.0111387617134,0.0,-0.00694732228652,0.00949905113606,-0.999930748972,0.0,0.557823948214,0.124724435452,0.304642849855,1.0,-0.439308,-0.577376228571,1.417
