position_joint1,position_joint2,position_joint3,position_joint4,position_joint5,position_joint6,position_joint7,velocity_joint1,velocity_joint2,velocity_joint3,velocity_joint4,velocity_joint5,velocity_joint6,velocity_joint7,ee_T_00,ee_T_10,ee_T_20,ee_T_30,ee_T_01,ee_T_11,ee_T_21,ee_T_31,ee_T_02,ee_T_12,ee_T_22,ee_T_32,ee_T_03,ee_T_13,ee_T_23,ee_T_33,v_x,v_y,time
0.465073304611,0.547834215515,-0.123994530224,-1.35585368367,0.0794715701604,1.89409401375,0.159167181938,-0.000569174873241,0.00241281067696,0.00126446456944,-0.000558118186617,-0.000289956262086,0.000124017987401,-0.00361337862156,0.573810444742,0.818974278273,0.001857937868,0.0,0.818930190086,-0.573752506418,-0.0119227532831,0.0,-0.00869859923147,0.00836308279057,-0.999927193958,0.0,0.661672691678,0.260878523532,0.303166548667,1.0,0.0,0.0,0.0
0.465071213994,0.547828925911,-0.123991828008,-1.35585140855,0.0794728530977,1.89409753621,0.159159703245,-0.00120371648005,-0.000144463966396,0.000926316457969,0.00094006832877,0.000224335873289,8.20804056191e-06,-0.00187290242096,0.57380437636,0.818978505342,0.00186878571384,0.0,0.818934539191,-0.573746374562,-0.0119191063981,0.0,-0.00868945021362,0.00836980972572,-0.999927217221,0.0,0.661673910475,0.260879493357,0.303171597369,1.0,-0.00024,-0.000315428571429,0.013
0.465072667408,0.547826411701,-0.123995507528,-1.35585757411,0.0794728530974,1.89409791432,0.159165196463,-0.000205705524672,0.00238990297217,-8.85282498265e-05,-4.54407527736e-05,0.000273744248023,0.000186902212856,0.000191652532009,0.573810589945,0.818974159907,0.00186525379347,0.0,0.81893016129,-0.573752615283,-0.0119194919157,0.0,-0.0086917289787,0.00836720437252,-0.999927219221,0.0,0.661673104243,0.260877651701,0.30317059877,1.0,-0.0006,-0.000788571428571,0.031
0.465069459672,0.54779776095,-0.123994234087,-1.35588121055,0.0794721410208,1.89410029002,0.159167995413,-0.00392817024471,-0.00424504244467,0.000580611585285,-0.00245890560282,-6.13184502331e-05,-0.000317522851109,0.000772638364575,0.573815687719,0.818970570873,0.00187282459402,0.0,0.818926650065,-0.573757660565,-0.0119178713705,0.0,-0.00868600569475,0.0083725287247,-0.999927224386,0.0,0.661669503278,0.26087388474,0.303179808445,1.0,-0.00092,-0.00120914285714,0.047
0.465071568614,0.547698976191,-0.123994945061,-1.35599163698,0.0794674824421,1.89412692709,0.159165212261,7.56523190682e-05,-0.00736861197029,-2.91797783703e-05,-0.00840136101633,-0.000183693546923,0.0032975175089,0.00166159695125,0.573816983573,0.818969628715,0.00188772513768,0.0,0.818925868755,-0.573758861687,-0.0119137324331,0.0,-0.00867405300356,0.0083823703428,-0.999927245689,0.0,0.661651989431,0.260864116094,0.303199559022,1.0,-0.00126,-0.001656,0.064
0.465068380683,0.547577174581,-0.123995024307,-1.35614959497,0.0794693453116,1.8941557235,0.159160529881,-0.000462341283177,-0.0087406063018,0.000604362699452,-0.0168271347228,7.6374435824e-05,0.00202830958107,0.000269445703009,0.573823345033,0.818965179008,0.00188445455564,0.0,0.818921199145,-0.573765064875,-0.0119359465783,0.0,-0.00869405782334,0.00839250615791,-0.999926986934,0.0,0.661621833561,0.260847052599,0.303210741197,1.0,-0.00158,-0.00207657142857,0.08
0.465052360572,0.547401759759,-0.124000238023,-1.35637443969,0.0794627152444,1.89425311602,0.159154390201,0.000449838979327,-0.0117719369668,-0.00233966293705,-0.0105418097032,0.000101556844583,0.0138396034099,0.000407158629253,0.573847533395,0.818948118262,0.00193259215954,0.0,0.818904782897,-0.573789065577,-0.0119084706597,0.0,-0.00864368580652,0.00841641751953,-0.999927222658,0.0,0.661603738226,0.260814613753,0.303239027247,1.0,-0.00192,-0.00252342857143,0.097
0.465030113963,0.547220472407,-0.123992466039,-1.35659198771,0.0794601925099,1.89437712345,0.159140347249,-0.00295640663911,-0.0120141185044,-0.00158148127699,-0.01170811592,-0.000200354317086,0.00814534676651,-0.000738424203835,0.573860564671,0.818938790244,0.00201421211646,0.0,0.81889644115,-0.57380168447,-0.0118740251074,0.0,-0.00856850642176,0.00846362883801,-0.999927471212,0.0,0.661587539455,0.260788980579,0.303274401651,1.0,-0.00226,-0.00297028571429,0.114
0.465001370473,0.547024881415,-0.123992439732,-1.35684379842,0.0794562548001,1.89450170582,0.159118057745,-0.00130295029566,-0.0138438664365,0.000267677901027,-0.0193860026889,-0.000112084598619,0.010739824524,-0.00650383210928,0.573879041906,0.818925682669,0.00207808272748,0.0,0.818884106406,-0.57381984356,-0.0118471225738,0.0,-0.00850963167258,0.0085006879339,-0.99992765962,0.0,0.661567513668,0.260750491917,0.303303896459,1.0,-0.00258,-0.00339085714286,0.13
0.464960778423,0.546783295802,-0.123994948346,-1.35722167943,0.0794483068401,1.89464541793,0.159088365061,-0.00234174443984,-0.0162951058771,-0.000669179491416,-0.0246530269537,-0.000168529466905,0.00587945538841,-0.00844096743785,0.573908793756,0.818904798757,0.0020913926312,0.0,0.818863279226,-0.573849421985,-0.0118540171783,0.0,-0.00850733089176,0.00851585328464,-0.999927550157,0.0,0.661527468126,0.260688974407,0.303307690187,1.0,-0.00294,-0.003864,0.148
0.464927428673,0.546509519834,-0.12399505077,-1.3576226287,0.0794350248487,1.89478598981,0.158956617799,-0.0011444143979,-0.0143213448727,-0.000160524011945,-0.024098181172,-0.00171122958984,0.0132360733541,-0.00993944387849,0.573847117015,0.818947971221,0.00211036204507,0.0,0.818906581227,-0.573787559304,-0.011857272525,0.0,-0.00849975343808,0.00853261530091,-0.999927471704,0.0,0.661480185875,0.26063024993,0.303322923946,1.0,-0.00328,-0.00431085714286,0.165
0.464885599648,0.546236307459,-0.123997194152,-1.35807013428,0.0794193667281,1.89494091319,0.158916367587,-0.00202600593088,-0.0211947164109,-0.00060842633676,-0.0265368192428,-0.000704769062925,0.00630201981835,-0.00180763708894,0.573870738369,0.818931447523,0.00209923868879,0.0,0.818889804258,-0.573811113627,-0.0118760794184,0.0,-0.00852129248051,0.00853454394014,-0.999927271922,0.0,0.661427841592,0.260559786304,0.303316893308,1.0,-0.0036,-0.00473142857143,0.181
0.46482982444,0.545916038799,-0.123992421162,-1.35861386882,0.0793906724235,1.89513167022,0.158887726608,-0.00602313818161,-0.0232276564611,0.000900266359263,-0.0274819623231,0.000437769944419,0.0138108978003,-0.00252634336688,0.573912382423,0.818902328667,0.00207371780368,0.0,0.818860275051,-0.57385277794,-0.0118989955282,0.0,-0.0085542711208,0.00852723017876,-0.999927052735,0.0,0.661364524244,0.260473619538,0.303301222597,1.0,-0.00394,-0.00517828571429,0.198
0.46476289424,0.54552023999,-0.124000925745,-1.35929767958,0.0792804980141,1.89535983294,0.158775152713,-0.00552971677736,-0.025510707138,-0.00219088101724,-0.0408741957354,-0.00291436706007,0.0172503955919,-0.00436610722233,0.573888038921,0.818919629777,0.00197627196412,0.0,0.818876918192,-0.573829439673,-0.0118791379491,0.0,-0.00859418168213,0.00843578109207,-0.99992748619,0.0,0.661282460596,0.260341332494,0.303271804016,1.0,-0.00434,-0.005704,0.218
0.464708793325,0.545204715932,-0.123993217624,-1.35987387486,0.0792741885669,1.89554400517,0.158704137387,-0.00569210640029,-0.0258419779717,0.00200451082632,-0.0434082738446,-0.000538241972134,0.0171395623343,-0.000895148011744,0.573900923766,0.81891070038,0.00193427108737,0.0,0.818867108827,-0.573842171691,-0.0119401411937,0.0,-0.00866810995413,0.00843653146333,-0.999926841727,0.0,0.661214220927,0.260262001733,0.303240715563,1.0,-0.0046,-0.00604571428571,0.231
0.464651402814,0.54477437669,-0.124001345109,-1.36058546524,0.0792562609708,1.89578087506,0.158642076979,-0.000570808076901,-0.0231446815522,-0.000752919157172,-0.0416977174581,0.000105009875953,0.0162735424161,-0.000805300446536,0.573942569619,0.818881574207,0.00190816791838,0.0,0.818837401419,-0.573883688909,-0.0119820091167,0.0,-0.00871694787182,0.00843962685035,-0.99992639105,0.0,0.661121880341,0.260146907214,0.30322909883,1.0,-0.00496,-0.00651885714286,0.249
0.464584524694,0.544321871588,-0.124004215289,-1.36134082282,0.0792239493068,1.89605573119,0.158521487974,-0.00301650715487,-0.0219519696948,0.000439995165552,-0.041824320022,-0.00657093823889,0.0188243584805,-0.00561931778052,0.573929157426,0.818891016546,0.00189002061554,0.0,0.818846491989,-0.573870244861,-0.0120046458714,0.0,-0.00874603845578,0.00843761549121,-0.999926154001,0.0,0.661039849529,0.260037525913,0.303212077522,1.0,-0.00528,-0.00693942857143,0.265
0.464509750751,0.543806187028,-0.124007730576,-1.36216130585,0.0791911351998,1.89634757282,0.158428661989,-0.0073793557408,-0.0285914135061,-0.00100435639356,-0.0460981723948,-0.00341927570034,0.0203001112627,-0.00334712900157,0.573953753358,0.818873784508,0.00188704900146,0.0,0.818829061464,-0.573894696556,-0.0120246524921,0.0,-0.00876387401124,0.008446927623,-0.999925919219,0.0,0.660944891918,0.25990993588,0.303211868873,1.0,-0.00562,-0.00738628571429,0.282
0.464436561408,0.543265590853,-0.124013355471,-1.36301276229,0.0791411079269,1.89663690706,0.158316682467,-0.00681657461275,-0.0304334874706,-0.00460562548715,-0.0514017455597,-0.00191031032559,0.0169534446449,-0.00863715723545,0.573959827322,0.81886956927,0.00186870171217,0.0,0.818824578207,-0.573900821915,-0.0120375924121,0.0,-0.00878493780233,0.00843939583803,-0.99992579798,0.0,0.660843869053,0.259775872216,0.303214301618,1.0,-0.00596,-0.00783314285714,0.299
0.464359882941,0.54270255865,-0.124012350761,-1.36390519587,0.0790806579523,1.89695605358,0.158203445602,-0.00941050435297,-0.0326827346625,0.00045758677585,-0.0491541901629,0.000126799633113,0.0264596920614,-0.0077828083812,0.573962638237,0.818867626986,0.00185641682596,0.0,0.818822506452,-0.57390371566,-0.0120405556209,0.0,-0.0087943860138,0.00843106727261,-0.999925785186,0.0,0.660739780342,0.259639119512,0.303215387305,1.0,-0.0063,-0.00828,0.316
0.464286567423,0.542135716563,-0.124011652607,-1.36477732759,0.0790383664038,1.89728060055,0.158085179461,-0.00221654622481,-0.0338197407985,0.000188046650985,-0.0541402181107,-0.00485881713129,0.0246628688884,-0.0084469567053,0.57396252397,0.818867656535,0.00187857948995,0.0,0.818822720152,-0.573903403842,-0.0120408854276,0.0,-0.00878193754851,0.00844940323601,-0.999925739822,0.0,0.660639603052,0.259510185894,0.303229267796,1.0,-0.00662,-0.00870057142857,0.332
0.464198348497,0.541495125821,-0.12401731071,-1.36574107811,0.0789693044318,1.8976382448,0.157955874188,-0.00581514998572,-0.0407292976061,0.000166549822747,-0.0580991366907,6.01686539084e-05,0.0174572831759,-0.00785027411945,0.573967869612,0.818863858239,0.00190084819389,0.0,0.818819336803,-0.573908772265,-0.0120150612167,0.0,-0.00874795435686,0.00845287309126,-0.999926008378,0.0,0.660533511739,0.259355742183,0.30325464299,1.0,-0.00696,-0.00914742857143,0.349
0.464107390903,0.540725128636,-0.124020812172,-1.36692425074,0.0789089501838,1.89807858551,0.157807341483,-0.00508875694109,-0.0413670943783,-0.00149939361213,-0.0696115984512,-0.00130759876116,0.0211300854459,-0.00978189550181,0.573972663216,0.818860432457,0.00192897318048,0.0,0.818816186743,-0.573913356019,-0.0120107872923,0.0,-0.00872826305077,0.00847350117462,-0.999926005863,0.0,0.660396208985,0.259183417164,0.303274095377,1.0,-0.00734,-0.00964685714286,0.368
0.464025733433,0.540132594311,-0.124017993884,-1.36782943815,0.078855103781,1.89840849955,0.157690149808,-0.00446155666667,-0.0416662408011,6.75395350781e-05,-0.0673944907427,-0.0019393372254,0.0249028125837,-0.0111879385831,0.573977268314,0.818857166522,0.00194504379466,0.0,0.818813094002,-0.573917856279,-0.0120065913517,0.0,-0.0087155558103,0.00848430118237,-0.999926025124,0.0,0.660291996855,0.259045137249,0.303290522841,1.0,-0.00762,-0.0100148571429,0.382
0.463919645081,0.539394534755,-0.124026241814,-1.36896979338,0.0787922812205,1.8988521313,0.157557464238,-0.000374971505046,-0.0402728481229,0.00148532984488,-0.0686583153688,-0.00564292338669,0.0246284102503,-0.00726417556919,0.57400124106,0.818840276099,0.00198100991037,0.0,0.818796648466,-0.573941649279,-0.0119907708256,0.0,-0.00868170914806,0.0085049253565,-0.999926144358,0.0,0.660159458007,0.258858604636,0.303308046326,1.0,-0.00798,-0.010488,0.4
0.463808066052,0.538587037583,-0.124024049793,-1.37022806759,0.0787198549278,1.89933687575,0.1574080717,-0.00685406210096,-0.0482128493157,-0.00391686246444,-0.0723347777742,-0.000418068218032,0.0257367897829,-0.0121451006347,0.574025463541,0.818823224346,0.00201031822587,0.0,0.818779983807,-0.573965749885,-0.011975098203,0.0,-0.00865180128839,0.00852018366129,-0.999926273685,0.0,0.660028323007,0.258674604141,0.303321477198,1.0,-0.00832,-0.0109348571429,0.417
0.463701250932,0.537848475271,-0.124032808353,-1.37138234496,0.0786518019779,1.89978419943,0.157250874948,-0.00541709243306,-0.0463256212771,-0.0012658016301,-0.0726383242041,-0.00373866512882,0.0365162836035,-0.0137652451543,0.574035962606,0.818815803463,0.00203483048452,0.0,0.818772927435,-0.573976189435,-0.0119571803442,0.0,-0.00862295000152,0.00853007987204,-0.99992643853,0.0,0.659903086282,0.258491047291,0.303332750374,1.0,-0.00864,-0.0113554285714,0.433
0.463592483233,0.537030256482,-0.124033300825,-1.3726831311,0.078575499984,1.90025511349,0.157090536659,-0.00150010075576,-0.0478671962331,0.000144659254209,-0.0808108631225,-0.0027353033109,0.0322604179335,-0.0155592235001,0.574045253786,0.818809312803,0.00202553039044,0.0,0.818766266525,-0.573985469851,-0.0119677943752,0.0,-0.00863688276205,0.00852865571795,-0.99992633043,0.0,0.65974950336,0.258294937357,0.30333217913,1.0,-0.00898,-0.0118022857143,0.45
0.463474774422,0.536186661043,-0.124044147154,-1.37399350399,0.0785078277922,1.9007520849,0.156933799798,-0.0103395025859,-0.0504309623505,-0.0009715401528,-0.0756494279184,-0.00108679133586,0.0330278253809,-0.00274203020422,0.574074958288,0.818788416114,0.00205397311224,0.0,0.818745695396,-0.574015007218,-0.0119584556016,0.0,-0.00861259934961,0.00854689609903,-0.99992638414,0.0,0.659603472545,0.258089287148,0.303347417672,1.0,-0.00932,-0.0122491428571,0.467
0.463373537178,0.535345922497,-0.124045899942,-1.37532274293,0.0784203450111,1.90123532078,0.156775008151,-0.011362508015,-0.05646221837,-5.496611705e-05,-0.0822732865595,-0.00547615553491,0.024916459514,-0.0157856083783,0.574078548838,0.818785922134,0.00204459769899,0.0,0.818743123911,-0.574018680662,-0.011958185476,0.0,-0.00861772256622,0.0085391024762,-0.999926406585,0.0,0.659444701834,0.257893394537,0.303349980881,1.0,-0.00964,-0.0126697142857,0.483
0.463247872533,0.534452235409,-0.124048859841,-1.37678249945,0.0783516125583,1.90176583174,0.156601683724,-0.0106426185669,-0.0548505377113,-0.000273639769045,-0.0921482015774,-0.000263034167998,0.0330566158686,-0.00952029901034,0.574103255505,0.818768652573,0.00202298846413,0.0,0.818725374216,-0.574043278659,-0.0119926120155,0.0,-0.00865805854455,0.00854143403649,-0.999926038228,0.0,0.659271627127,0.257672135067,0.303331815333,1.0,-0.00998,-0.0131165714286,0.5
0.463119968319,0.53352828979,-0.124048560689,-1.37826317197,0.0782595933477,1.90231012766,0.156406849893,-0.0113623589054,-0.0570130904064,0.000192893590158,-0.088472013785,-0.00756737104909,0.0309623774975,-0.0172130566465,0.574104595294,0.818767744736,0.00201016005449,0.0,0.818724292721,-0.574044666249,-0.0120000233876,0.0,-0.00867147738105,0.00853519976836,-0.999925975183,0.0,0.659097981585,0.257446410786,0.303325897169,1.0,-0.01032,-0.0135634285714,0.517
0.463002124708,0.53264064314,-0.124049609282,-1.37969899381,0.0781807981671,1.90285478603,0.156239038338,-0.00653785114073,-0.0567528975941,-0.00221084053934,-0.093541903064,-0.00230075317974,0.0301887000051,-0.00441546649985,0.574121880311,0.818755626777,0.00200924619608,0.0,0.818712092562,-0.574061883814,-0.0120087445947,0.0,-0.008678962648,0.00853964159911,-0.999925872317,0.0,0.658930513022,0.257233552656,0.303315648436,1.0,-0.01064,-0.013984,0.533
0.46286251395,0.53160924602,-0.124046768391,-1.38135359115,0.0780851804581,1.90345564268,0.156017772738,-0.0057312500974,-0.0588179113881,0.000464380092485,-0.085503891712,-0.00389937864639,0.025672961523,-0.0180997462625,0.574117544149,0.818758707788,0.00199269260328,0.0,0.818714858879,-0.574057521788,-0.0120286504314,0.0,-0.00870480970066,0.00853747066133,-0.999925666179,0.0,0.658732277289,0.256985658748,0.303307140088,1.0,-0.011,-0.0144571428571,0.551
0.462730426015,0.530591320772,-0.12404927502,-1.38299439331,0.0779839053211,1.90402903258,0.155811247871,-0.00372011472801,-0.0603234274386,-0.000264300840366,-0.093981175479,-0.00741699978842,0.0394637576713,-0.0132797394993,0.574120249126,0.818756916515,0.00194887248533,0.0,0.818712448975,-0.574060369631,-0.0120567331151,0.0,-0.00875293169033,0.00851774477787,-0.999925414324,0.0,0.658530543494,0.256738337846,0.303293251039,1.0,-0.01134,-0.014904,0.568
0.462599421389,0.529614958138,-0.124045330212,-1.38454074716,0.077886471015,1.9046014211,0.155594075178,-0.00462701030919,-0.0624136910314,0.00208156964961,-0.0983751192203,-0.00148687425222,0.0322300717178,-0.0170121971343,0.574104707216,0.818767813792,0.00194914117466,0.0,0.818723340144,-0.574044819148,-0.0120575625137,0.0,-0.00875361824017,0.00851827477277,-0.999925403799,0.0,0.65834718549,0.256506716542,0.30329450562,1.0,-0.01166,-0.0153245714286,0.584
0.462466142627,0.528515474965,-0.124055576082,-1.38623765081,0.077780632442,1.90524732514,0.155362459551,-0.00399950431473,-0.0596683481149,-0.00012663140017,-0.100561733276,-0.00487003380515,0.045409924821,-0.0179052330064,0.574095021202,0.818774517946,0.00198552102359,0.0,0.818730602538,-0.574035058923,-0.0120290688131,0.0,-0.00870950402593,0.008531599599,-0.999925675412,0.0,0.658150375247,0.256252738801,0.303317395395,1.0,-0.012,-0.0157714285714,0.601
0.462322901082,0.527401919958,-0.124055396035,-1.38795754043,0.0776674434597,1.90591002327,0.155117945746,-0.00662417987607,-0.0642801050296,-0.000719319412759,-0.103373836811,-0.00906232584372,0.0372868360774,-0.0164971611012,0.574074649771,0.818788698194,0.0020275850622,0.0,0.81874542712,-0.574014605137,-0.0119960643391,0.0,-0.00865854516861,0.00854687698573,-0.999925987506,0.0,0.657951981453,0.255995704536,0.3033400845,1.0,-0.01234,-0.0162182857143,0.618
0.462171251456,0.526239467713,-0.124052787285,-1.38977126543,0.0775625952099,1.90658870751,0.154880335014,-0.0104438982977,-0.07226751748,0.00150687999381,-0.108164726367,-0.00337791923023,0.0383543308181,-0.0112948693746,0.574072138638,0.81879039394,0.00205361434409,0.0,0.818747388598,-0.574011911747,-0.0119910691131,0.0,-0.00863953944518,0.00856529498022,-0.999925994302,0.0,0.657736665,0.255726517225,0.303353572817,1.0,-0.01268,-0.0166651428571,0.635
0.461994050484,0.524848366713,-0.124056624215,-1.39193540107,0.0774226123635,1.90736125377,0.154588910348,-0.00974454340681,-0.0663296098761,0.000582969013109,-0.109942149609,-0.00819730648538,0.0404923830029,-0.0187651848868,0.574059850554,0.81879902229,0.00204840927204,0.0,0.818755973637,-0.573999671431,-0.0119908186284,0.0,-0.00864245071425,0.00856075969894,-0.999926007982,0.0,0.657473101667,0.255398952441,0.30336908439,1.0,-0.01308,-0.0171908571429,0.655
0.46185731129,0.523872473726,-0.124067957233,-1.39350664388,0.0773267528978,1.90792577262,0.154371679158,-0.00840542766475,-0.0680696685857,0.000214224912958,-0.111749434414,-0.0106684012726,0.042426495409,-0.015633269889,0.574060444286,0.818798679447,0.00201884709093,0.0,0.818755250883,-0.57400039547,-0.0120055009776,0.0,-0.00867143627001,0.00854498939904,-0.999925891929,0.0,0.657284746344,0.255151589251,0.303356732744,1.0,-0.01336,-0.0175588571429,0.669
0.461710445874,0.522720211748,-0.1240740714,-1.39531744992,0.0772252361742,1.90862285365,0.154132062343,-0.008849773532,-0.0746873644244,-7.01033421724e-05,-0.111280231527,-0.00364381983888,0.0425625674744,-0.0118772212611,0.574058751134,0.818799781418,0.00205307028119,0.0,0.818756763758,-0.573998523031,-0.0119918413745,0.0,-0.00864062414597,0.00856515156816,-0.999925986157,0.0,0.657072360482,0.254882556763,0.303365418384,1.0,-0.01368,-0.0179794285714,0.685
0.461547047445,0.521484776181,-0.124077698015,-1.39730350003,0.0771003157815,1.90939302769,0.153858248328,-0.0121809517692,-0.0785056467508,-0.0025012867832,-0.12125088333,-0.00733374158623,0.0463000006962,-0.0170865034385,0.574043671871,0.818810326657,0.00206364888316,0.0,0.818767516752,-0.573983470583,-0.0119781430251,0.0,-0.00862349288403,0.00856579079384,-0.999926128571,0.0,0.656839774691,0.254585621846,0.303355086612,1.0,-0.01402,-0.0184262857143,0.702
0.461372732857,0.520194342651,-0.124083191359,-1.39932561503,0.0769628715212,1.91013635283,0.153588762048,-0.012871173932,-0.0743676063457,-0.000583511643719,-0.119424275508,-0.00537767847109,0.0457822934164,-0.0236407453303,0.574040236645,0.818812734319,0.00206391162077,0.0,0.818770045759,-0.573980151846,-0.0119642950462,0.0,-0.00861203864389,0.00855802054018,-0.999926293821,0.0,0.656597951062,0.254273122966,0.303363540951,1.0,-0.01436,-0.0188731428571,0.719
0.461211585525,0.518943071739,-0.124084762701,-1.40128601863,0.0768444908348,1.91083214282,0.153316621148,-0.0129347687671,-0.0863872431783,0.000667238421758,-0.127289750736,-0.00643088588867,0.0490432922874,-0.0178153910466,0.574022570546,0.818825145026,0.00205360142777,0.0,0.818782244417,-0.573962453932,-0.0119785059363,0.0,-0.00862977789558,0.00855754991437,-0.999926144909,0.0,0.656354207247,0.25397827178,0.303369280311,1.0,-0.01468,-0.0192937142857,0.735
0.461026908185,0.517589533047,-0.124092912867,-1.4033997788,0.0767051982185,1.91158544991,0.153042462559,-0.00762642628622,-0.080124325504,-0.00139632234882,-0.12274692681,-0.00962013360658,0.0420066771941,-0.0124091797414,0.574029295576,0.818820462815,0.0020406854773,0.0,0.818777453062,-0.573969290936,-0.0119784106332,0.0,-0.0086370432319,0.00854699043157,-0.999926172494,0.0,0.656096252848,0.253647877295,0.303378597044,1.0,-0.01502,-0.0197405714286,0.752
0.460829537972,0.516162666623,-0.124094553381,-1.40567722522,0.0765565988795,1.9124458684,0.15271984419,-0.0113478615325,-0.0736039237402,-0.000930563164081,-0.130254466492,-0.00555404130446,0.0571266263911,-0.0121789431498,0.57400829004,0.818835186565,0.00204135011967,0.0,0.818792263357,-0.573948362323,-0.0119688660973,0.0,-0.00862906528185,0.00854183450377,-0.999926285431,0.0,0.655824260346,0.253300267341,0.303370137966,1.0,-0.01538,-0.0202137142857,0.77
0.460674941523,0.514965433107,-0.12409688166,-1.40761973979,0.0764455112333,1.91317144639,0.152460438285,-0.00991910773495,-0.0806122986897,-0.000628729233992,-0.137264377353,-0.0057388907051,0.0472571668011,-0.0141634466892,0.573996738757,0.818843321735,0.00202614102479,0.0,0.818800113194,-0.573936790268,-0.0119867556651,0.0,-0.00865256453795,0.00853952757288,-0.999926102067,0.0,0.655585253505,0.253013989893,0.303348050411,1.0,-0.01568,-0.020608,0.785
0.460476214022,0.513471919708,-0.124100145103,-1.41000907012,0.076293913417,1.91399887738,0.152126569633,-0.0129178904663,-0.0815021742783,0.000104199602975,-0.128686197507,-0.00592507000697,0.0443715331066,-0.0138391606395,0.573972669584,0.818860341782,0.0019652300856,0.0,0.818816272659,-0.57391291823,-0.012025839594,0.0,-0.00871978006952,0.00851182950845,-0.999925754341,0.0,0.655280988336,0.25264962253,0.30332939158,1.0,-0.01604,-0.0210811428571,0.803
0.46028226596,0.512032783137,-0.124108614588,-1.41230532913,0.0761582308417,1.91481891601,0.151802345972,-0.00851807712638,-0.0844184559744,-0.000190487065094,-0.125864808457,-0.00488691557981,0.0495843115835,-0.0224324095983,0.573955599558,0.818872379857,0.00193446231055,0.0,0.818827815825,-0.573895892277,-0.0120523757094,0.0,-0.00875934625083,0.00850168375866,-0.999925494838,0.0,0.654994128293,0.252297771765,0.303315988209,1.0,-0.01638,-0.021528,0.82
0.460090435051,0.510673054684,-0.124101085623,-1.4144956006,0.076027478699,1.91565630642,0.15149737289,-0.0125423718548,-0.0883079521368,0.000712309967284,-0.142580539824,-0.0117709670472,0.0590996043095,-0.0173912952365,0.573936972785,0.818885419435,0.00194113591205,0.0,0.818840869637,-0.573877168083,-0.0120570753896,0.0,-0.0087595583061,0.00850964660509,-0.999925425246,0.0,0.654728620289,0.251970160686,0.303297994602,1.0,-0.0167,-0.0219485714286,0.836
0.459893404256,0.509272726623,-0.124104267467,-1.41670390493,0.0758850866774,1.91646534902,0.151190597154,-0.00971130108496,-0.082073800472,0.0015030104166,-0.140500672905,-0.0109633854333,0.042467614102,-0.0228518556091,0.573925794075,0.818893264086,0.00193696430504,0.0,0.818848686529,-0.573866034828,-0.0120560997463,0.0,-0.00876126952965,0.0085055510556,-0.9999254451,0.0,0.654457730529,0.25162761815,0.303297225105,1.0,-0.01702,-0.0223691428571,0.852
0.459668798273,0.507662864103,-0.12410725045,-1.41923313955,0.0757261047573,1.91736279553,0.150838258977,-0.0111644386882,-0.0885901949721,0.0014231733521,-0.140522887583,-0.00477423034283,0.0427521726037,-0.0224781342707,0.573911349618,0.818903435527,0.00191649738581,0.0,0.818858534923,-0.573851627349,-0.012072964577,0.0,-0.00878697620196,0.00849831525471,-0.999925281052,0.0,0.654140112784,0.25123526045,0.303297456284,1.0,-0.01738,-0.0228422857143,0.87
0.45946506392,0.506189975442,-0.124116739196,-1.42151461895,0.0755856701271,1.91822257737,0.150531090783,-0.0109965556425,-0.0960937855705,0.000171982548225,-0.141938247572,-0.0112920000476,0.0546669905951,-0.0257365635423,0.573913597133,0.81890176535,0.00195668973205,0.0,0.818857425651,-0.57385373481,-0.0120480040312,0.0,-0.00874344639793,0.00851692722585,-0.999925504273,0.0,0.653864920112,0.250880791302,0.303316192084,1.0,-0.0177,-0.0232628571429,0.886
0.459243023892,0.504547161664,-0.124124867278,-1.42399373154,0.0754281281146,1.91918838846,0.150186169712,-0.0141529655596,-0.101292613012,-0.000646574683967,-0.144970611513,-0.00941260473853,0.0612469181639,-0.0234481109383,0.57390420379,0.81890809286,0.00206087877703,0.0,0.818865239981,-0.573844024756,-0.0119791862962,0.0,-0.00862739573596,0.00856265222527,-0.999926121786,0.0,0.653572237932,0.250498411447,0.30336815372,1.0,-0.01804,-0.0237097142857,0.903
0.45903720398,0.50308677512,-0.12412561615,-1.42618185014,0.0752856767624,1.9200143793,0.14987805142,-0.0138058338625,-0.100732283758,-0.000937738324194,-0.147996046108,-0.0137722103425,0.0556708664121,-0.0177179958423,0.573894797904,0.818914480692,0.00214036272695,0.0,0.818872736507,-0.573834364208,-0.0119294073772,0.0,-0.00854111520562,0.00859907507804,-0.999926549932,0.0,0.65330919385,0.250156159791,0.303418240113,1.0,-0.01834,-0.024104,0.918
0.458790596889,0.50126498009,-0.124135127451,-1.42888205371,0.0751139831229,1.92097477166,0.149495412815,-0.0144600374222,-0.105689185998,0.000418608006416,-0.156941332953,-0.00569071765112,0.0524288277924,-0.0219387735169,0.573881559847,0.818923576433,0.00220864927492,0.0,0.818882728119,-0.573820858344,-0.01189315012,0.0,-0.00847237512808,0.00863405051828,-0.999926833339,0.0,0.652972028938,0.249730723183,0.303488194879,1.0,-0.0187,-0.0245771428571,0.936
0.458532125508,0.499465815867,-0.124138451279,-1.43163677856,0.0749399796824,1.92196371104,0.149107964616,-0.0146177003159,-0.101001025121,-0.00177991239067,-0.15970610396,-0.0144489175779,0.0588535395524,-0.0180916355648,0.573871460309,0.818930580364,0.00223572989025,0.0,0.818890050945,-0.573810617633,-0.0118830322729,0.0,-0.00844865562934,0.00865031659246,-0.999926893448,0.0,0.652627219053,0.249296077091,0.303518036713,1.0,-0.01906,-0.0250502857143,0.954
0.458281423513,0.49779207728,-0.124133407222,-1.43428696751,0.074775681327,1.92294499783,0.148721278346,-0.00925083838888,-0.097001185344,0.000345869049016,-0.158713103927,-0.0119373552764,0.0561747901955,-0.0216853395857,0.573846751613,0.818947884168,0.0022395492779,0.0,0.818907335786,-0.573785826501,-0.0118889698299,0.0,-0.00845158777299,0.00865659671576,-0.999926814321,0.0,0.652297201068,0.248883270517,0.303508660357,1.0,-0.0194,-0.0254971428571,0.971
0.458024265609,0.496221743788,-0.124133767688,-1.43680221427,0.0746200902142,1.92383830955,0.148352370999,-0.0166052854607,-0.103454639691,0.00116631890325,-0.156308556152,-0.0164517893026,0.0555036271989,-0.0193144052301,0.573840573473,0.818952331734,0.00219578791066,0.0,0.818911105443,-0.573779714746,-0.0119242286654,0.0,-0.00850564006857,0.00864092768545,-0.999926491526,0.0,0.651980674338,0.248473365086,0.303483400927,1.0,-0.01972,-0.0259177142857,0.987
0.457758150769,0.494542886058,-0.124134006726,-1.43953921298,0.0744509715315,1.92477961847,0.147967395376,-0.0128825986651,-0.0960435611947,0.00150136583907,-0.156981712884,-0.00307892153198,0.0622672410604,-0.0179884039363,0.573835352875,0.818956247992,0.00209727609226,0.0,0.818913559334,-0.573774721174,-0.0119957735081,0.0,-0.0086208156363,0.00860125235441,-0.999925847249,0.0,0.651624564833,0.248034112706,0.303431834203,1.0,-0.0210514285714,-0.0276675918367,1.004
0.457483575393,0.492533493671,-0.124200207108,-1.44264261915,0.0742638247518,1.92593180743,0.147519008839,-0.0144599959435,-0.136878820773,-0.00357924006468,-0.191893840962,-0.00920990995184,0.0734362106282,-0.0304397598551,0.573846060171,0.818948649643,0.00213433231691,0.0,0.818906657469,-0.573785486894,-0.0119519155252,0.0,-0.00856352104669,0.00860654428187,-0.999926294035,0.0,0.651246816179,0.247522969733,0.303455393217,1.0,-0.0271228571429,-0.0356471836735,1.021
0.457159121979,0.490246466313,-0.124217256544,-1.44632109348,0.0740654366912,1.92728820567,0.146990137747,-0.0189938468134,-0.154177737697,0.000303587270856,-0.247995043895,-0.011650335038,0.0852970354133,-0.0324945564639,0.573821864861,0.818965653352,0.00211493199815,0.0,0.818923125312,-0.573761091373,-0.0119946553287,0.0,-0.00860991081405,0.00861492807491,-0.999925823474,0.0,0.650777272725,0.246955823251,0.303413804817,1.0,-0.0328371428571,-0.0431573877551,1.037
0.456655394975,0.487076384001,-0.124243115506,-1.45134670147,0.0737668127007,1.92914072295,0.146246776572,-0.0296522095459,-0.186991889113,-0.00255865461916,-0.289257113209,-0.0110682956022,0.110475797041,-0.0417260810836,0.573813524738,0.818971503143,0.00211252636768,0.0,0.818928818615,-0.573752637256,-0.0120103366056,0.0,-0.00862422189143,0.00862186830122,-0.999925640327,0.0,0.65014998958,0.246136729109,0.30338652445,1.0,-0.0392657142857,-0.0516063673469,1.055
0.456122516115,0.483517221349,-0.124329392351,-1.45683959414,0.073427531548,1.93116680495,0.14540452419,-0.0296872930008,-0.213015658724,-0.00686714871613,-0.340008087049,-0.0155763754102,0.118527559782,-0.0596592600738,0.57380160831,0.818979690847,0.00217420856889,0.0,0.818938066229,-0.573740723587,-0.0119487522366,0.0,-0.00853851780814,0.00863692169917,-0.999926245929,0.0,0.649471346839,0.24521876021,0.303421123136,1.0,-0.0453371428571,-0.0595859591837,1.072
0.455506066024,0.479701001926,-0.124403762418,-1.46283950066,0.0730692260322,1.93324979811,0.144512257041,-0.0385706464669,-0.249526712654,-0.00530400671033,-0.382506018201,-0.0200708324773,0.1361602699,-0.0607825748679,0.573825623341,0.818963093366,0.00208628927423,0.0,0.818920164918,-0.573764942902,-0.012012522137,0.0,-0.008640939007,0.00860176297027,-0.999925669161,0.0,0.648699318587,0.244198602766,0.303394333389,1.0,-0.0510514285714,-0.0670961632653,1.088
0.454812118148,0.475399441871,-0.124490015189,-1.46943592957,0.0726722173946,1.93564798917,0.143569478197,-0.0498837650732,-0.275054832053,-0.00322185029095,-0.423354073314,-0.0323106912233,0.159153377961,-0.0546130064641,0.57389670409,0.818913075596,0.0021666919753,0.0,0.818871258392,-0.573835742586,-0.0119645146497,0.0,-0.00855473689637,0.00864080367009,-0.999926073762,0.0,0.647872742138,0.243072733581,0.303443454081,1.0,-0.0567657142857,-0.0746063673469,1.104
0.45392578653,0.470092195015,-0.124532197699,-1.47760232517,0.0721893804101,1.93859704354,0.142333019702,-0.0507425062694,-0.310046975744,-0.00074771591097,-0.45999740537,-0.0279812065504,0.170982779897,-0.0698619788038,0.573901574086,0.818909423207,0.00225538168131,0.0,0.818868414105,-0.573839894966,-0.0119600262747,0.0,-0.0085001138846,0.00871090643769,-0.999925931343,0.0,0.646826060769,0.241700532268,0.303482135972,1.0,-0.0631942857143,-0.0830553469388,1.122
0.453054980663,0.464851675986,-0.124567557178,-1.48549934717,0.0716849649215,1.94152441288,0.141052282721,-0.0566509436262,-0.335379629697,-0.00446732966463,-0.510840701738,-0.0279780676748,0.184380794109,-0.0841086593373,0.573828397656,0.818960055958,0.00247864675101,0.0,0.818922058408,-0.573765958206,-0.0118336113809,0.0,-0.00826925111927,0.00882045057761,-0.999926906897,0.0,0.645824708032,0.240369973243,0.30359389544,1.0,-0.0689085714286,-0.0905655510204,1.138
0.452025455995,0.458878154797,-0.124607406216,-1.49477597539,0.0710784891325,1.9446870043,0.139687258401,-0.0611902985046,-0.363576095962,0.000251900919847,-0.555649488578,-0.0393978680093,0.195467682101,-0.0791929381304,0.573849278363,0.818945796274,0.00235274050899,0.0,0.818905865444,-0.573787016765,-0.0119327211438,0.0,-0.00842244201905,0.00877442535483,-0.99992603323,0.0,0.644575887693,0.238783596263,0.303567911601,1.0,-0.07498,-0.0985451428571,1.155
0.450835862665,0.4520285228,-0.124687620588,-1.50522741305,0.0703607640743,1.94838768423,0.138008174561,-0.0701121358184,-0.396862431767,4.92029012282e-05,-0.581545708973,-0.0414493844707,0.220578960196,-0.0984433968801,0.573789951848,0.818987220941,0.00240208147086,0.0,0.818948263915,-0.573727850443,-0.0118676685748,0.0,-0.00834148846573,0.0087768984129,-0.999926690125,0.0,0.643197891872,0.236964443965,0.30362310319,1.0,-0.0814085714286,-0.106994122449,1.173
0.449674934542,0.445477601297,-0.12473250042,-1.51501979558,0.0697118945692,1.95203501496,0.13650798979,-0.0777127872455,-0.414014522597,-0.000293366346614,-0.623728323597,-0.0391683976026,0.220738137726,-0.0972080737926,0.573810529737,0.818971781603,0.00272833326153,0.0,0.818937364295,-0.57374755238,-0.0116656076152,0.0,-0.00798858272617,0.00892835443398,-0.999928230941,0.0,0.641931918106,0.235267987878,0.303770114913,1.0,-0.0871228571428,-0.114504326531,1.189
0.448354478204,0.438199151462,-0.124763315663,-1.52632504945,0.0689419763327,1.95582770185,0.134722357756,-0.0767087420588,-0.433736225317,0.000217299874967,-0.675627227625,-0.049292537774,0.223273807233,-0.115407741249,0.573741067207,0.819021116901,0.00251888312517,0.0,0.818983579764,-0.573678419258,-0.0118200784955,0.0,-0.00823602357065,0.00884475865833,-0.999926966413,0.0,0.640349319096,0.233305131049,0.303697007904,1.0,-0.0931942857143,-0.122483918367,1.206
0.446905859946,0.430363325059,-0.1247937761,-1.53804795827,0.0681588359155,1.96004328103,0.13279196872,-0.0898237359099,-0.465074087588,-0.000444610708802,-0.701662683545,-0.050640179998,0.246312676521,-0.11269405909,0.573663996178,0.819074222106,0.00279017426297,0.0,0.819040203117,-0.573600369445,-0.0116836959403,0.0,-0.0079695226136,0.00898795364429,-0.999927849096,0.0,0.638766103585,0.231248507504,0.303827477768,1.0,-0.0992657142857,-0.130463510204,1.223
0.445407995303,0.422728432539,-0.124838747734,-1.54978612587,0.0673033740404,1.96403231696,0.130872611037,-0.0959310489726,-0.48790285826,-0.00343019451134,-0.763112264954,-0.0499267550412,0.250530531312,-0.131461860767,0.5736133385,0.819110155679,0.00265285865813,0.0,0.819074465341,-0.573550327937,-0.0117383325554,0.0,-0.00809359528029,0.00890632438687,-0.999927582929,0.0,0.637121371763,0.229127480295,0.303781058213,1.0,-0.10498,-0.137973714286,1.239
0.443693273838,0.41414223341,-0.124953420277,-1.56272525047,0.0663653442986,1.96855826491,0.128784380324,-0.103302963035,-0.523108862105,-0.0025461706568,-0.789915643171,-0.0585493080066,0.282689657582,-0.131220739966,0.573670304787,0.81906995928,0.00274410499067,0.0,0.819036011489,-0.573607587862,-0.0116229915484,0.0,-0.00794615675784,0.00891545756094,-0.999928684062,0.0,0.635338082437,0.226727953647,0.303840806956,1.0,-0.111051428571,-0.145953306122,1.256
0.441709000766,0.404702515424,-0.125028948477,-1.57720136498,0.0654108431762,1.9734147761,0.126366919083,-0.112414898608,-0.52919610427,-0.00289090168267,-0.808139644136,-0.0550642126056,0.26848258184,-0.133918573853,0.573696571979,0.819052012621,0.00260592058416,0.0,0.819015428668,-0.573633411473,-0.0117976161846,0.0,-0.00816817542807,0.00890271253172,-0.999927008646,0.0,0.633259911001,0.224041114696,0.303755781395,1.0,-0.11748,-0.154402285714,1.274
0.439909822787,0.396359633976,-0.125161100323,-1.58952447361,0.0645467066356,1.97767365607,0.124243298147,-0.117760384542,-0.569481653697,-0.0106624436233,-0.813783933125,-0.0655735674765,0.293006827785,-0.144610146233,0.573777167333,0.818994859919,0.00281577251962,0.0,0.818961244591,-0.573713518527,-0.0116629935261,0.0,-0.00793663779442,0.00899814119729,-0.999928019027,0.0,0.63153515876,0.221655506427,0.30388331315,1.0,-0.122837142857,-0.161443102041,1.289
0.437762728646,0.386724561999,-0.125257008965,-1.60420409713,0.0634087235075,1.98257752592,0.121721156793,-0.129405519236,-0.576743261526,-0.00867238021403,-0.886998721253,-0.0716926571896,0.279470089434,-0.149093325652,0.573784612395,0.818990280908,0.00262397753375,0.0,0.818954601258,-0.573722107273,-0.0117069041915,0.0,-0.00808256244663,0.00886633066307,-0.999928027592,0.0,0.629394787321,0.218827307094,0.303795065824,1.0,-0.128908571429,-0.169422693878,1.306
0.435334178283,0.37596760675,-0.125349660834,-1.62008670289,0.062249584491,1.98790606765,0.118859955126,-0.138065553322,-0.590108292256,-0.0095686465692,-0.911052039699,-0.0634282851457,0.295752112214,-0.16442957606,0.57376619144,0.819002700497,0.00277146898518,0.0,0.818968874674,-0.57370310721,-0.0116393295993,0.0,-0.00794279492886,0.00894817293113,-0.999928418543,0.0,0.627065049353,0.215737095361,0.303894770424,1.0,-0.135337142857,-0.177871673469,1.324
0.432992162015,0.366184359749,-0.125449442019,-1.63474357665,0.0611327438181,1.99273296318,0.116289413479,-0.151554940856,-0.613511101732,-0.00779672818323,-0.911283636362,-0.0739738192844,0.299915707869,-0.16014538675,0.573866031574,0.818933028127,0.0026870334739,0.0,0.818898174295,-0.573803301551,-0.0116746805392,0.0,-0.00801910720034,0.00890028075496,-0.999928236886,0.0,0.624878276827,0.212812420819,0.303859114677,1.0,-0.141051428571,-0.185381877551,1.34
0.430374814533,0.35539687326,-0.125576892279,-1.65070891441,0.0599006861346,1.99797208777,0.11330939919,-0.151659498226,-0.63114774753,-0.00157642798963,-0.954005269389,-0.0713879675783,0.304130323024,-0.182020228835,0.573870644453,0.818929788973,0.00268906454715,0.0,0.818895140495,-0.573808105572,-0.0116513413104,0.0,-0.00799877744827,0.0088885957697,-0.999928503656,0.0,0.622468792965,0.209587573557,0.303877162223,1.0,-0.147122857143,-0.193361469388,1.357
0.427552216901,0.344168495734,-0.125699466992,-1.6671720973,0.0586957643578,2.0033124837,0.110219701076,-0.167283728123,-0.671612375236,-0.00998570761874,-0.955461518538,-0.0748665505618,0.331477645121,-0.17536515877,0.573956775382,0.818869130515,0.00277740596486,0.0,0.818835107551,-0.573893337396,-0.0116726533221,0.0,-0.00796459404132,0.00897400875033,-0.999928013613,0.0,0.619945423255,0.206215509788,0.303927163331,1.0,-0.153194285714,-0.201341061224,1.374
0.424807192312,0.333421853465,-0.125775317428,-1.6830946761,0.057418328073,2.00841821928,0.107204210969,-0.169087027472,-0.678775772796,-0.00166650713456,-1.01895973863,-0.0742175586553,0.321426106838,-0.196974525521,0.573937264221,0.818883164159,0.00266966222634,0.0,0.818847715279,-0.573874177359,-0.0117300742992,0.0,-0.00807366558705,0.00891854527663,-0.999927635119,0.0,0.6174409741,0.202966772673,0.303865375329,1.0,-0.158908571429,-0.208851265306,1.39
0.421536697565,0.320863665051,-0.125787484713,-1.70129504168,0.055894876738,2.01420397317,0.10360925918,-0.189375808526,-0.703074048171,-0.00291670926692,-1.02621556766,-0.0801597342943,0.320931689367,-0.203195280375,0.573795099574,0.81898259282,0.00272823464284,0.0,0.818948104383,-0.573732046484,-0.0116742479812,0.0,-0.00799588418148,0.00893308086138,-0.999928130369,0.0,0.614532217963,0.199229532755,0.303928475174,1.0,-0.165337142857,-0.217300244898,1.408
