position_joint1,position_joint2,position_joint3,position_joint4,position_joint5,position_joint6,position_joint7,velocity_joint1,velocity_joint2,velocity_joint3,velocity_joint4,velocity_joint5,velocity_joint6,velocity_joint7,ee_T_00,ee_T_10,ee_T_20,ee_T_30,ee_T_01,ee_T_11,ee_T_21,ee_T_31,ee_T_02,ee_T_12,ee_T_22,ee_T_32,ee_T_03,ee_T_13,ee_T_23,ee_T_33,v_x,v_y,time
0.465057359841,0.547645491014,-0.123969365223,-1.35576673108,0.0794397265823,1.89408837762,0.159166942975,0.000228942718946,-0.000297979105079,-0.000115812778445,-0.0010253599934,-0.000139171930323,0.00146697053471,7.25604940366e-05,0.573792170808,0.81898654837,0.00207971386197,0.0,0.818945595606,-0.573733578935,-0.0117744953555,0.0,-0.00845011432372,0.0084594486282,-0.999928514093,0.0,0.661696697965,0.260889848352,0.303340247262,1.0,0.0,0.0,0.0
0.465057305915,0.547645360129,-0.123972155165,-1.35576422542,0.0794389340935,1.89408519872,0.159161348401,7.75105930352e-05,-6.10938284759e-05,-0.000587759002366,-0.00130397775017,-0.000195413212117,0.000253754943002,-0.000302279010416,0.573789213826,0.818988623763,0.00207825536256,0.0,0.818947671225,-0.573730647211,-0.0117729837986,0.0,-0.00844974368832,0.00845735633788,-0.999928534924,0.0,0.661697340992,0.260888152647,0.303341347308,1.0,-0.00024,-0.000315428571429,0.013
0.465054168059,0.5476461111,-0.123969401296,-1.35576676559,0.0794416427914,1.8940907428,0.159167655051,-0.00144573514307,0.000452174955056,0.00399979052525,-0.00160742346842,0.00054057072216,-0.000395359949028,0.00116826506601,0.573795919959,0.818983915602,0.00208209624237,0.0,0.818942980002,-0.573737304502,-0.0117748813008,0.0,-0.0084490247776,0.00846165986296,-0.999928504591,0.0,0.661697879001,0.260888174847,0.303340001807,1.0,-0.00054,-0.000709714285714,0.028
0.465056673372,0.547613339644,-0.123969401304,-1.35579100998,0.0794378902453,1.89409080577,0.159166824015,-0.000306546471955,-0.00438572712836,8.83389198781e-05,-0.000991679720521,0.000100756098185,-8.49836708752e-05,0.000708334358847,0.573793458586,0.818985622579,0.00208896958723,0.0,0.818944785572,-0.573734825891,-0.011770074165,0.0,-0.00844116943409,0.00846450528161,-0.999928546852,0.0,0.66169275737,0.260886782411,0.303351676195,1.0,-0.00088,-0.00115657142857,0.045
0.465059596763,0.547503347225,-0.123966837517,-1.35589867524,0.0794331192286,1.89411228541,0.159157376682,0.000123824718087,-0.00639225235258,3.98710013681e-05,-0.0120479137086,-0.00256387163216,-0.000422460816749,-0.00154864046063,0.573786100068,0.818990717263,0.00211265407849,0.0,0.818950136002,-0.573727323912,-0.011763479104,0.0,-0.00842225497261,0.00848004241032,-0.9999285747,0.0,0.661674183144,0.260879554003,0.303380120383,1.0,-0.00122,-0.00160342857143,0.062
0.465055703607,0.547374944266,-0.123966573802,-1.3560688977,0.0794318830396,1.89416035225,0.15915462851,-0.00294274849133,-0.00546716491466,2.86372692852e-06,-0.0175802761551,-0.00012353691031,0.00720719904856,-0.00217380782092,0.573795920325,0.818983808041,0.00212388488782,0.0,0.818943271912,-0.573736997826,-0.0117695207167,0.0,-0.00842065767983,0.00849280772345,-0.999928479813,0.0,0.661649160203,0.260861676235,0.303394219292,1.0,-0.00154,-0.002024,0.078
0.465035090705,0.547213810727,-0.123971745666,-1.35627163178,0.0794298262685,1.89424599578,0.15914762819,-0.000675141028981,-0.00782276455163,-0.00081579340857,-0.0129207036281,0.000190381038449,0.0082873617828,-0.0012696504653,0.573821502403,0.818965774223,0.00216585586346,0.0,0.818925733963,-0.573762364739,-0.0117532107839,0.0,-0.00838295218511,0.00851808417221,-0.999928581627,0.0,0.661630694918,0.260828586306,0.303419467206,1.0,-0.00188,-0.00247085714286,0.095
0.465014713877,0.547018858029,-0.123964538837,-1.35648039347,0.0794251905443,1.89436277126,0.159141252867,-0.00148650997864,-0.0103552575264,0.000283350290626,-0.0102243648135,0.000664889958866,0.00598810535365,0.000199552232795,0.573838536838,0.818953585556,0.0022594791016,0.0,0.81891470936,-0.573778989557,-0.0117096899282,0.0,-0.00829341059044,0.00856995700524,-0.99992888506,0.0,0.661615184814,0.260804250623,0.303468086787,1.0,-0.00222,-0.00291771428571,0.112
0.464988600184,0.54681665306,-0.123962645047,-1.35673089962,0.079418465363,1.89449138763,0.159128557967,0.000275879984503,-0.0139468936721,0.000126913969354,-0.0149739192515,-0.00027935787541,0.000604784799651,0.00176384525505,0.573860595515,0.818937924449,0.0023323198993,0.0,0.818899959788,-0.573800741282,-0.0116752757933,0.0,-0.00822319756046,0.00861008316208,-0.999929120233,0.0,0.661595476202,0.260768646005,0.303503165605,1.0,-0.00256,-0.00336457142857,0.129
0.464951188948,0.546603689048,-0.12396219135,-1.35706248793,0.0794073448236,1.89462147939,0.159093085601,-0.000707283876497,-0.0114843187946,0.00199706141711,-0.0235074241213,0.000443379499969,0.012895782027,-0.00398898497376,0.573877520737,0.818926023374,0.00234655810753,0.0,0.818888172348,-0.573817537905,-0.0116765269732,0.0,-0.00821587378623,0.00862263104258,-0.999929072311,0.0,0.661561253713,0.260714629643,0.303507424853,1.0,-0.00288,-0.00378514285714,0.145
0.464917214074,0.546328958695,-0.123964775925,-1.3574676552,0.0793942727092,1.89476400814,0.158965018659,-0.00248991571675,-0.0110591043623,0.000952035372253,-0.022958484273,-0.000835094258407,0.0112281911389,-0.00106847100508,0.573821391758,0.818965304,0.00236391755644,0.0,0.81892757375,-0.573761242755,-0.0116795618512,0.0,-0.00820898969562,0.0086380260144,-0.999928995977,0.0,0.661514146185,0.260653733542,0.303521567002,1.0,-0.00322,-0.004232,0.162
0.464873908279,0.54604734421,-0.123965597358,-1.35792870397,0.0793650048858,1.8949254187,0.158940642299,-0.000279216512859,-0.0153807155787,0.00032025858089,-0.0296159821802,-0.000166430481576,0.00853914650984,-0.00619324949546,0.573855451107,0.818941487603,0.00234691698934,0.0,0.81890354054,-0.573795364023,-0.011688388184,0.0,-0.00822561428743,0.00862951005078,-0.999928932888,0.0,0.661461065169,0.260579800194,0.303515518835,1.0,-0.00356,-0.00467885714286,0.179
0.464807913371,0.545672201773,-0.123973260437,-1.35855613281,0.0792631472009,1.89514368373,0.15887984945,-0.00357050387129,-0.0191936316406,-0.0011456628222,-0.0322700391771,-0.00741015047997,0.0102139052189,-0.00173308549938,0.573873053939,0.818929341557,0.00228000024674,0.0,0.818891100968,-0.573813809307,-0.0116543513497,0.0,-0.00823595321791,0.0085553548301,-0.999929485003,0.0,0.661395091884,0.260460482274,0.303501506329,1.0,-0.00396,-0.00520457142857,0.199
0.464752863602,0.545370047802,-0.123967604851,-1.35909681417,0.0792427568283,1.89532423658,0.15877324774,-0.00508876277811,-0.0202153966081,0.0011495399546,-0.0369564951959,-0.000454978868857,0.0115578215392,-0.0133446727488,0.573851616126,0.818944478394,0.00223849933098,0.0,0.818905530968,-0.573792353009,-0.0116967465339,0.0,-0.00829471188968,0.00854548091208,-0.999929083741,0.0,0.661329057024,0.26037609079,0.303473519984,1.0,-0.00426,-0.00559885714286,0.214
0.464698177491,0.544971184798,-0.12397150044,-1.3597870216,0.079229980695,1.89553720593,0.158718893536,-0.000611207190149,-0.0266601769609,-0.000356094549359,-0.042768380062,-0.00109256009064,0.0095338199669,-0.00470157137107,0.573889539193,0.818918043983,0.00218653733428,0.0,0.81887812646,-0.573830165282,-0.0117602006389,0.0,-0.00837610069002,0.00853972813743,-0.999928454431,0.0,0.661239285629,0.260273365322,0.303445942112,1.0,-0.0046,-0.00604571428571,0.231
0.464629063877,0.544579747968,-0.123981812171,-1.3604540442,0.0792050779943,1.89577270617,0.158645280479,-0.000562628559091,-0.0194989019818,-0.00124947769911,-0.0423105191199,-0.000474355504402,0.0199658928396,-0.00204777120123,0.573923649009,0.818894216565,0.00215733318938,0.0,0.818853813621,-0.57386427604,-0.0117886175628,0.0,-0.00841577632431,0.00853247119428,-0.999928183243,0.0,0.661164969212,0.260159612149,0.303426258121,1.0,-0.00492,-0.00646628571429,0.247
0.464570881807,0.54411943897,-0.123979670714,-1.36120452557,0.0791701279303,1.8960401494,0.158522986827,-0.00241929812887,-0.0278167734237,-0.000640334013923,-0.0484564638525,0.000309616706953,0.0117384937333,-0.00471613600871,0.573902155093,0.818909315163,0.00214401947906,0.0,0.818868612066,-0.573842708129,-0.0118105631094,0.0,-0.0084416127307,0.00853394218127,-0.999927952907,0.0,0.661074421595,0.260051845633,0.303417897396,1.0,-0.00526,-0.00691314285714,0.264
0.464497731543,0.543639538298,-0.123977558828,-1.36197901331,0.0791270427908,1.89631167441,0.158440305084,-0.00384591572877,-0.0312099963564,0.000188965943449,-0.0514921075804,-0.00437561440196,0.0144935435662,-0.00660252597878,0.573924466135,0.818893724431,0.00212653728397,0.0,0.818852724699,-0.573865015375,-0.0118281986256,0.0,-0.00846585526862,0.0085299776592,-0.99992778178,0.0,0.66098393314,0.259930540935,0.303412265408,1.0,-0.00558,-0.00733371428571,0.28
0.46442581035,0.543106307024,-0.123988435114,-1.36282539577,0.0790776422471,1.89660604819,0.158334137669,-0.00195865927657,-0.0325329000724,-0.00110893981822,-0.0519170566245,-0.00528152007167,0.0173145969627,-0.00769932656268,0.57393787128,0.818884374754,0.00210893242247,0.0,0.818843152203,-0.573878494894,-0.0118368952371,0.0,-0.0084829409137,0.00852069137725,-0.999927716153,0.0,0.660885752895,0.259795226159,0.303412489194,1.0,-0.00592,-0.00778057142857,0.297
0.464349160809,0.542545785698,-0.123981818581,-1.36373172552,0.0790182296273,1.89692563348,0.158209370822,-0.00948888271884,-0.0355015635235,0.000169897741814,-0.0559811044676,-5.92534071973e-05,0.0165441607527,-0.00374490754566,0.573928313784,0.818891133511,0.00208542479199,0.0,0.818849582299,-0.573869009518,-0.0118519358897,0.0,-0.00850884837689,0.00850997464346,-0.999927587294,0.0,0.660777153919,0.259660263205,0.303405015801,1.0,-0.00626,-0.00822742857143,0.314
0.464280383089,0.541991152985,-0.123991701675,-1.36459089857,0.0789667781318,1.89724944268,0.158093432089,-0.00967542949006,-0.0367607152913,-0.00130119429363,-0.0553994703239,-0.00196637782813,0.0230813999598,-0.0144208674105,0.573930653867,0.818889458213,0.00209920961089,0.0,0.818848131686,-0.573871339647,-0.0118393271632,0.0,-0.0084905874448,0.00851405056988,-0.999927707821,0.0,0.660681273819,0.259528044337,0.303416674826,1.0,-0.00658,-0.008648,0.33
0.464202843649,0.541356994633,-0.123987069782,-1.3655545683,0.0789133767973,1.89760372051,0.157959913121,-0.00483571767128,-0.0377774516953,0.00093980880826,-0.0609050394666,0.000113827552467,0.019729612226,-0.00847726906897,0.573920742811,0.818896339587,0.00212435466909,0.0,0.818855262196,-0.573861251526,-0.0118351371713,0.0,-0.00847282880724,0.00853213398623,-0.999927704317,0.0,0.660568379436,0.259388850087,0.303436916364,1.0,-0.00692,-0.00909485714286,0.347
0.464113089903,0.540691442829,-0.123987012319,-1.36657501953,0.0788563703364,1.89798398942,0.157837259588,-0.00615659267862,-0.0346139649528,0.000908622501445,-0.0609303496576,-0.000955363577245,0.0192124700916,-0.00639753580294,0.573935099066,0.818886215622,0.00214821455594,0.0,0.818845403043,-0.573875465684,-0.0118280472418,0.0,-0.00845317996524,0.00854775165006,-0.999927737234,0.0,0.6604526388,0.259233796599,0.30345463501,1.0,-0.00726,-0.00954171428571,0.364
0.46400660809,0.539895463962,-0.123987837379,-1.36779838759,0.0787847973481,1.89844237667,0.157684038109,-0.00600237149198,-0.0383685880397,0.000838107779674,-0.0631577546622,-0.00180228720424,0.0213563403916,-0.0161324136087,0.573949084492,0.818876329492,0.00217997904398,0.0,0.818835916905,-0.573889311355,-0.0118129759314,0.0,-0.00842246185723,0.00856525676798,-0.999927846653,0.0,0.66032251212,0.25905779716,0.303476206556,1.0,-0.00762,-0.0100148571429,0.382
0.463905102909,0.539139907542,-0.124000517763,-1.36894449402,0.0787022395994,1.89887913432,0.157541287811,-0.00576093053074,-0.0465773795954,-0.00178590902445,-0.0613854016294,-0.00189384921052,0.0279520291275,-0.00288474229961,0.57396246493,0.818866887566,0.00220367891854,0.0,0.818826966542,-0.573902785209,-0.0117787475384,0.0,-0.00838069022141,0.00856515560082,-0.999928198493,0.0,0.660189997671,0.258863558008,0.30350119009,1.0,-0.00798,-0.010488,0.4
0.463792143223,0.538433339008,-0.123998918468,-1.37005929083,0.0786538963649,1.89931347949,0.157403025855,-0.00771484126097,-0.0437794145936,-0.00124508848208,-0.0722850951227,-0.00500729324745,0.0339109326516,-0.00865158810976,0.573989424189,0.81884790521,0.0022351632167,0.0,0.818808236469,-0.573929459277,-0.0117811105152,0.0,-0.00836427268825,0.0085925683262,-0.999928100771,0.0,0.660068847078,0.25868851584,0.303507313792,1.0,-0.0083,-0.0109085714286,0.416
0.463697526136,0.537755226867,-0.124007718402,-1.37114545174,0.078592396309,1.89973034777,0.157273500011,-0.00447343035565,-0.0506318823658,-0.000331022741327,-0.0728044389185,-0.000558421077257,0.0219337605008,-0.00513176871587,0.5740105982,0.818833046096,0.00224113278956,0.0,0.818793469937,-0.573950623192,-0.0117763588136,0.0,-0.00835673309102,0.00859494513988,-0.999928143383,0.0,0.659948238828,0.258519274768,0.303505661423,1.0,-0.0086,-0.0113028571429,0.431
0.463586552923,0.536931226001,-0.124011675765,-1.37241480136,0.0785080865135,1.90020176054,0.15711384859,-0.00703858112131,-0.0486096531129,0.00159811036699,-0.0756502131597,-0.000766758412806,0.0325579093059,-0.00695811107901,0.574020821253,0.818825833553,0.00225786992725,0.0,0.818786551701,-0.573960860283,-0.0117584232463,0.0,-0.00833233217325,0.00859845884736,-0.999928316804,0.0,0.659804054795,0.258322253578,0.303524243741,1.0,-0.00894,-0.0117497142857,0.448
0.463488914213,0.536134604685,-0.124023358215,-1.37366171567,0.0784382403242,1.90067847222,0.15695945237,-0.00282827837242,-0.047798160726,0.000349352208654,-0.0784593073217,-0.00149273386062,0.0296269793685,-0.0139279711847,0.57403252894,0.818817566554,0.00227932489588,0.0,0.818778578695,-0.573972501119,-0.011745379144,0.0,-0.00830921293569,0.00860865783537,-0.999928421434,0.0,0.659662653907,0.258134552858,0.303534771806,1.0,-0.00926,-0.0121702857143,0.464
0.463373453704,0.535254813788,-0.124032769373,-1.37505996731,0.0783622721375,1.90118188766,0.156794227339,-0.00625369206598,-0.0549770980625,-0.00116007015583,-0.0910867102267,-0.00347044973835,0.0320554746971,-0.0119617596766,0.57405476189,0.818802009944,0.00226842773732,0.0,0.818762816283,-0.573994706056,-0.011759038763,0.0,-0.00832641937124,0.00860780220675,-0.999928285669,0.0,0.659497758533,0.257920382041,0.303534051921,1.0,-0.0096,-0.0126171428571,0.481
0.463254489503,0.534356833464,-0.124030103376,-1.37649574357,0.0782794029911,1.90170424694,0.156607884895,-0.0100592228509,-0.0510553682849,-0.000505368912508,-0.0847891261464,-0.00391254376938,0.0307772138924,-0.00658992567979,0.574054180415,0.818802448097,0.00225739658571,0.0,0.818763032357,-0.573994085337,-0.0117742831914,0.0,-0.00834524028497,0.00860751508251,-0.999928131242,0.0,0.659326581055,0.257706887161,0.303529371898,1.0,-0.00994,-0.013064,0.498
0.463124623017,0.533433593146,-0.124025416504,-1.37798695737,0.0781890073023,1.90224751601,0.156426907904,-0.00832491398494,-0.0566686861819,0.00183816054353,-0.087386799909,-0.00372358319154,0.0291581859531,-0.0130011476296,0.57406636944,0.818793960486,0.00223621360289,0.0,0.81875421699,-0.574006300139,-0.0117917964445,0.0,-0.00837161219498,0.00860034867487,-0.999927972462,0.0,0.659149739652,0.257481356311,0.303517682394,1.0,-0.01028,-0.0135108571429,0.515
0.462993984321,0.532480641404,-0.12402549586,-1.37951314509,0.078114136943,1.90282450244,0.156235860391,-0.00746825442933,-0.0565553433355,0.000427280455627,-0.0867676497947,-0.00291320730818,0.0349154642609,-0.0107201897784,0.574080396711,0.818784095421,0.00224724259225,0.0,0.818744338042,-0.574020121433,-0.0118049148615,0.0,-0.00837587533226,0.00861705326043,-0.999927792946,0.0,0.658972304911,0.257253590582,0.303513215434,1.0,-0.01062,-0.0139577142857,0.532
0.462861147279,0.531509831995,-0.124020857428,-1.3810807483,0.0780086040656,1.90339783619,0.156039806924,-0.00861507196679,-0.0590984917608,0.00724754673512,-0.0927430462737,-0.00727858649821,0.0257424530842,-0.0154522512489,0.574082457686,0.818782721256,0.00222127252663,0.0,0.818742665663,-0.574022323352,-0.0118138316273,0.0,-0.00839806288048,0.00860092967946,-0.999927745664,0.0,0.658785719204,0.257017282228,0.303500897124,1.0,-0.01096,-0.0144045714286,0.549
0.46271775522,0.530441327481,-0.124028289667,-1.38281646083,0.0779023558157,1.90400671577,0.155812301548,-0.00810138232267,-0.0563012855681,0.000692195356413,-0.092848609693,-0.00355633433231,0.0347758646537,-0.0167757939464,0.574084552346,0.818781393008,0.00216889884544,0.0,0.818740628412,-0.574024594843,-0.0118446107582,0.0,-0.00845330836759,0.00857573877804,-0.999927496513,0.0,0.658574606765,0.256750663403,0.303480673556,1.0,-0.01132,-0.0148777142857,0.567
0.462586972536,0.529459037043,-0.124031831539,-1.38436431739,0.0778091995069,1.9045742464,0.155607742574,-0.00834814733193,-0.0594460725643,-0.000538362624608,-0.10053593825,-0.0165207091015,0.0291771816983,-0.011279071902,0.574085616239,0.818780645227,0.00216959246881,0.0,0.818739872718,-0.574025638678,-0.0118462594985,0.0,-0.00845424906363,0.008577264185,-0.999927475476,0.0,0.658391536807,0.256515103617,0.303485170876,1.0,-0.01164,-0.0152982857143,0.583
0.46244072024,0.528307390584,-0.124033846253,-1.38615136131,0.077693939753,1.90524686397,0.155364939676,-0.0045020788188,-0.069813382544,-0.000240525622277,-0.0988161563628,-0.00694548565091,0.0368544693192,-0.0145674580137,0.574073831438,0.818788836942,0.00219623738389,0.0,0.81874847454,-0.574013815051,-0.0118246551658,0.0,-0.00842138718879,0.0085865564221,-0.999927673028,0.0,0.658182331411,0.25624766397,0.303503877981,1.0,-0.012,-0.0157714285714,0.601
0.462313290233,0.527331686623,-0.124031490533,-1.38767664878,0.0776023466036,1.90584507563,0.155150749137,-0.00895469447801,-0.0647868822668,-8.53916623309e-05,-0.109566212666,-0.00330769763903,0.0446624793977,-0.0233671174936,0.574059176249,0.818799001753,0.00223691613865,0.0,0.818759174115,-0.573999009318,-0.0118025000012,0.0,-0.00838004891361,0.00860699474996,-0.999927844608,0.0,0.658007322854,0.256022700037,0.3035164835,1.0,-0.0123,-0.0161657142857,0.616
0.462159572507,0.526175606666,-0.124039686118,-1.38947866,0.0774879098637,1.90651238732,0.154907011099,-0.0118317134959,-0.0728589986929,-0.000673766527437,-0.112894710977,-0.0141310117771,0.0397981976853,-0.00797856605166,0.574057647124,0.818800038189,0.00224992029991,0.0,0.818760440003,-0.573997492372,-0.0117884493765,0.0,-0.00836109516645,0.00860956100775,-0.99992798118,0.0,0.657795904352,0.255744872486,0.303530378655,1.0,-0.01264,-0.0166125714286,0.633
0.461996925565,0.524856571602,-0.1240431979,-1.39153404118,0.0773509099922,1.90725785358,0.154629233221,-0.00997075838813,-0.0668872250094,0.0010389407251,-0.108538893349,-0.0028643535155,0.0428391507003,-0.0289768991533,0.574039402964,0.818812827704,0.00225031833105,0.0,0.81877330865,-0.573979325115,-0.0117792310281,0.0,-0.00835351010032,0.00860440899372,-0.999928088922,0.0,0.657546729512,0.25543767775,0.303544581703,1.0,-0.01302,-0.017112,0.652
0.461852784646,0.523816727779,-0.124053262721,-1.39320563453,0.0772506344687,1.90784919276,0.154397294879,-0.0096905675462,-0.0644589374366,-0.000734075181595,-0.111783534165,-0.0106921932196,0.0382430744709,-0.0111159900487,0.57403525196,0.818815844889,0.00221101023798,0.0,0.818775829531,-0.573975341053,-0.0117981244448,0.0,-0.00839158744405,0.0085830263299,-0.999927953864,0.0,0.657329423742,0.255160643956,0.303531087093,1.0,-0.01334,-0.0175325714286,0.668
0.461687749231,0.522528512942,-0.124053198439,-1.39524667467,0.0771299061775,1.90862723394,0.154119493493,-0.0118660662109,-0.0724174002987,0.00107246803979,-0.114065991606,-0.00517980029777,0.0428927410494,-0.013867970942,0.574021863616,0.818825164035,0.00223556162135,0.0,0.818785393102,-0.573961782868,-0.0117940133693,0.0,-0.00837426922846,0.0086006323235,-0.999927947774,0.0,0.657101231317,0.254875725903,0.303533133673,1.0,-0.01368,-0.0179794285714,0.685
0.461541686267,0.521450643803,-0.124056676978,-1.39697915892,0.0770309699961,1.90930991896,0.153888799504,-0.0107126028376,-0.0670705415104,-0.000866043042536,-0.115642807932,-0.00747578465508,0.0406725527033,-0.013097923644,0.574021312864,0.818825485735,0.00225902423511,0.0,0.818786008181,-0.573961130063,-0.0117830762105,0.0,-0.00835185179769,0.00861356014949,-0.999928023986,0.0,0.656900984865,0.254616550784,0.303525171034,1.0,-0.01398,-0.0183737142857,0.7
0.461379213696,0.520240919289,-0.12405979002,-1.3988903277,0.0769034771662,1.91000763151,0.153625000019,-0.0112810339434,-0.0769134420134,-0.00088272864466,-0.117971936781,-0.00839954863605,0.0438469101354,-0.0120190385114,0.574007925002,0.818834899673,0.00224855804168,0.0,0.818795354744,-0.573947854708,-0.0117802388339,0.0,-0.00835567649212,0.00860322496721,-0.999928081009,0.0,0.656670131617,0.254323843963,0.303525721516,1.0,-0.0143,-0.0187942857143,0.716
0.46118551698,0.518750125012,-0.124071601931,-1.40120519191,0.0767474982525,1.91083940392,0.153324446773,-0.00704756430137,-0.0803333701746,-8.90327984587e-05,-0.125752143044,-0.00754200959764,0.0439388068016,-0.012185906333,0.574009480008,0.818833820336,0.00224464594472,0.0,0.818794344259,-0.573949547707,-0.0117679818348,0.0,-0.00834786872107,0.00859300198007,-0.999928234127,0.0,0.656388797526,0.253965909742,0.303542943972,1.0,-0.01468,-0.0192937142857,0.735
0.461016294984,0.517398961507,-0.124077213383,-1.40331599673,0.0766110441311,1.91160470594,0.153026443329,-0.011857869497,-0.0806321396879,-0.00544214716301,-0.129385582183,-0.0147439069898,0.0454753927606,-0.0161310121089,0.573982889697,0.818852461079,0.00224415263051,0.0,0.818813016794,-0.573923001885,-0.0117634322106,0.0,-0.00834470526342,0.00858971557717,-0.999928288769,0.0,0.656129240984,0.253648725185,0.30355289501,1.0,-0.01502,-0.0197405714286,0.752
0.460831933895,0.516050969914,-0.12408122482,-1.40545881341,0.0764819118742,1.91240657312,0.152730063456,-0.0109563545791,-0.079318448661,0.000696442565807,-0.127449654161,-0.00570130292926,0.0461035896638,-0.0179338028606,0.573972522148,0.818859716083,0.00224857668623,0.0,0.818820309264,-0.573912598145,-0.0117634063464,0.0,-0.00834225370713,0.00859321771341,-0.999928279134,0.0,0.655871622582,0.253322379794,0.30354813962,1.0,-0.01536,-0.0201874285714,0.769
0.460668567693,0.514842972548,-0.124085142604,-1.40739514219,0.0763701761715,1.91313848268,0.152474700482,-0.0131042646685,-0.0804712632163,-0.000226759449412,-0.128318497238,-0.00907920943827,0.0575877741347,-0.0122261377008,0.573972089907,0.818860009169,0.00225217522215,0.0,0.818820597675,-0.573912099246,-0.0117676702636,0.0,-0.00834368461213,0.00859860730585,-0.999928220864,0.0,0.655638320351,0.253030625397,0.303537078202,1.0,-0.01566,-0.0205817142857,0.784
0.460490040204,0.513509640432,-0.12408488124,-1.40952739719,0.0762423507895,1.91386467511,0.152172255199,-0.00938803182902,-0.074674871316,-8.37624058426e-05,-0.130807936318,-0.00315445835659,0.0435814845469,-0.0192038318202,0.573947648673,0.818877300303,0.00219329280519,0.0,0.81883697208,-0.573887733314,-0.0118164972663,0.0,-0.0084177196112,0.0085781652173,-0.999927775931,0.0,0.655363661545,0.252706928124,0.303519602375,1.0,-0.01598,-0.0210022857143,0.8
0.460295166421,0.512093880104,-0.124090572464,-1.41180011247,0.0761040214176,1.91467414117,0.151846248691,-0.0119779984496,-0.0822280893462,-0.000335612798643,-0.135177572651,-0.0091528658689,0.0532342349795,-0.0247699655228,0.573925933124,0.818892629972,0.00215192149527,0.0,0.818851695117,-0.573866113802,-0.0118461695936,0.0,-0.00846598914441,0.00856109332968,-0.999927514727,0.0,0.65507961042,0.252357447562,0.303500024524,1.0,-0.01632,-0.0214491428571,0.817
0.460096934601,0.510653780312,-0.124091272852,-1.41410902391,0.0759624690719,1.9155605561,0.15152936331,-0.0136331755316,-0.0902857318828,0.000428824203169,-0.134969553106,-0.00799772742891,0.0594100178269,-0.013225086886,0.573911939689,0.81890240637,0.00216361406016,0.0,0.818861630071,-0.573852082322,-0.011839143286,0.0,-0.00845367125189,0.00856649115518,-0.999927572713,0.0,0.654801949139,0.252009402431,0.303486327546,1.0,-0.01666,-0.021896,0.834
0.459898800746,0.509165651555,-0.124092565305,-1.41647152771,0.0758105823722,1.91642742657,0.151191999826,-0.0127836339595,-0.087400165106,-0.000124537743359,-0.139095218771,-0.00887652217352,0.0459246828513,-0.0167711571996,0.573880745928,0.818924296952,0.00215225831802,0.0,0.81888338637,-0.573820950979,-0.0118432531688,0.0,-0.00846387981597,0.00855922833417,-0.99992754855,0.0,0.654508573308,0.251652491724,0.303478545321,1.0,-0.017,-0.0223428571429,0.851
0.459689452466,0.507655984459,-0.124097866163,-1.41884557051,0.0756627309054,1.9172758669,0.150860115127,-0.0138184004779,-0.0854651064863,0.00120162827145,-0.13870676983,-0.00219686331176,0.0443902949791,-0.0256513562212,0.573867238781,0.818933802673,0.00213681889499,0.0,0.818892650296,-0.573807465577,-0.0118560803043,0.0,-0.00848338562536,0.00855380604241,-0.999927429652,0.0,0.654211858158,0.251284315852,0.303478344637,1.0,-0.01734,-0.0227897142857,0.868
0.459474269738,0.506093210244,-0.124106615535,-1.42128499437,0.0755021652609,1.91817159934,0.150528844441,-0.0183833640799,-0.095087562217,-0.00296230332863,-0.139708620569,-0.00503506330799,0.0621609697703,-0.0158435331799,0.573861033068,0.818938130543,0.00214475419219,0.0,0.818897166596,-0.573801315042,-0.0118418029926,0.0,-0.00846720424903,0.00855204708317,-0.999927581849,0.0,0.653912268678,0.250904479039,0.303487807293,1.0,-0.01768,-0.0232365714286,0.885
0.459230657528,0.504283010519,-0.12410524235,-1.4240373438,0.07532943883,1.91923725586,0.150151264409,-0.0128687805453,-0.0964426560205,0.000375127732116,-0.139441088763,-0.0102172089773,0.050396136144,-0.0159566721011,0.573845677066,0.818948617786,0.00224660649369,0.0,0.818909030265,-0.573785616612,-0.0117819022653,0.0,-0.00835986303602,0.00860092562214,-0.999928065797,0.0,0.653582476245,0.250487667395,0.303534979064,1.0,-0.01806,-0.023736,0.904
0.45903851264,0.502899499305,-0.12411097061,-1.42608102602,0.0752000783315,1.92002247692,0.149859314657,-0.0139882265949,-0.102685775609,0.000108232263492,-0.143006609977,-0.0173115736143,0.0558552380438,-0.0193961323865,0.573838034234,0.818953683209,0.00234992057317,0.0,0.818915512842,-0.573777663141,-0.0117184900495,0.0,-0.00824872746618,0.00864906822686,-0.999928573506,0.0,0.65334097188,0.25016688015,0.303596644557,1.0,-0.01834,-0.024104,0.918
0.458766007279,0.500899955617,-0.124114528454,-1.42908377201,0.0750123421011,1.92108495413,0.149439200644,-0.0138179056693,-0.0997462205747,0.000788547347273,-0.150872358041,-0.00219279482782,0.0539571430766,-0.0195667197026,0.57382209311,0.818964703122,0.00240154103158,0.0,0.818927135547,-0.57376146315,-0.0116994431188,0.0,-0.00820367721059,0.00868025317831,-0.999928673899,0.0,0.652961992619,0.24969882201,0.30365523789,1.0,-0.01874,-0.0246297142857,0.938
0.458530860192,0.499297270903,-0.124119213762,-1.43153635621,0.0748535944494,1.92197206069,0.14910625587,-0.0135255624208,-0.0993838678308,-0.00340016056051,-0.155262063217,-0.0142589193855,0.0565460288902,-0.0181161880393,0.573827148232,0.818961080078,0.0024290265856,0.0,0.818923890832,-0.573766440621,-0.0116824459109,0.0,-0.00817393195643,0.00869305989216,-0.999928806239,0.0,0.652658164484,0.249307411204,0.303682913616,1.0,-0.01906,-0.0250502857143,0.954
0.458277761196,0.497618657256,-0.124122748684,-1.43418003693,0.0746949274786,1.92295614125,0.148710090447,-0.0138440903061,-0.0998025495987,-0.000835770568757,-0.156666815685,-0.0106962790419,0.0579480244093,-0.0222177197415,0.573804038679,0.818977221737,0.00244588902526,0.0,0.818940187357,-0.573743204894,-0.0116812358413,0.0,-0.00816351104045,0.00870594473549,-0.999928779271,0.0,0.652332675415,0.248889933876,0.303680454885,1.0,-0.0194,-0.0254971428571,0.971
0.458010708326,0.495947328318,-0.12412050622,-1.43686290878,0.0745294089626,1.92389859868,0.148311628121,-0.0174762625172,-0.0994631815361,-0.000658534773029,-0.155269359626,-0.0130706661255,0.0486349172737,-0.0275431007133,0.57378556499,0.818990334111,0.00238850232027,0.0,0.818952414621,-0.573724794583,-0.0117281528241,0.0,-0.00823505934723,0.00868568176325,-0.999928368799,0.0,0.651990469934,0.24845832369,0.303649878389,1.0,-0.01974,-0.025944,0.988
0.457774430289,0.494466595336,-0.124123438199,-1.43928726232,0.0743711745127,1.92473276864,0.147970680537,-0.0153420180477,-0.0916546826044,-2.5794120436e-06,-0.156472248621,-0.0067704272697,0.0579428087162,-0.0244717711518,0.573780955902,0.818993842775,0.00229064213307,0.0,0.818954589086,-0.573720488553,-0.011786811686,0.0,-0.00833929843046,0.00863914629343,-0.999927908028,0.0,0.651676187741,0.24806590454,0.303599811917,1.0,-0.020204,-0.0265538285714,1.003
0.457487570039,0.492705701983,-0.124121543495,-1.44214321633,0.074182547154,1.92579726451,0.147571895091,-0.0198249738985,-0.101969759529,0.00155455775672,-0.167230230809,-0.0100767806999,0.0667111772987,-0.0288396269363,0.573780288,0.818994407709,0.00225569170854,0.0,0.818954741534,-0.573719998196,-0.0118000801298,0.0,-0.00837022534665,0.00861812872113,-0.999927830988,0.0,0.651322476779,0.2476066166,0.303558623749,1.0,-0.022108,-0.0290562285714,1.02
0.45721420357,0.490855911388,-0.124128746745,-1.44507724188,0.0740053014938,1.9268417933,0.147155019894,-0.016282511772,-0.118811584104,-0.00119168714458,-0.191969100059,-0.0135100085967,0.0672958125175,-0.0183663920947,0.573770207806,0.819001548218,0.00222700501303,0.0,0.818961404298,-0.573709923132,-0.0118274794815,0.0,-0.00840923103576,0.00861025228679,-0.999927571572,0.0,0.650921948876,0.247111189224,0.303544653356,1.0,-0.024012,-0.0315586285714,1.037
0.456880468173,0.488791616364,-0.124151151767,-1.44842478273,0.0738055981323,1.92802634443,0.146669018491,-0.0202988830191,-0.123231416109,-0.00397960348944,-0.201930020668,-0.0129165046189,0.0693606277842,-0.0314502027438,0.573770611293,0.819001500754,0.00213875655403,0.0,0.818960053712,-0.57371051993,-0.0118918731915,0.0,-0.0085125987499,0.00857492862682,-0.999927000466,0.0,0.650517724764,0.246591867337,0.303485370469,1.0,-0.025804,-0.0339138285714,1.053
0.456507815752,0.486467866801,-0.124177261807,-1.45199368071,0.0735829857482,1.92940416783,0.146148315019,-0.0249288364412,-0.144726545564,-0.00245162612994,-0.218872659237,-0.0238935713752,0.0848948623496,-0.0284006101072,0.573785064631,0.818991096415,0.00224287765572,0.0,0.818951154196,-0.573724711363,-0.0118198779264,0.0,-0.00839374205234,0.00861904260808,-0.99992762598,0.0,0.650091722856,0.245999472901,0.303521298947,1.0,-0.027708,-0.0364162285714,1.07
0.456114129013,0.484009160019,-0.12420146483,-1.4557493485,0.0733544299703,1.93076438869,0.14558236602,-0.0219484093652,-0.150925267262,-0.00199718259777,-0.23185202305,-0.0124130120087,0.0745686596558,-0.0432466016149,0.573784485513,0.818991353686,0.00229644810745,0.0,0.818952063787,-0.573723879757,-0.0117971995146,0.0,-0.00834443793858,0.00864989750828,-0.999927772206,0.0,0.64962270034,0.245372486468,0.30355909442,1.0,-0.029612,-0.0389186285714,1.087
0.455701245133,0.481537441376,-0.124236970183,-1.45960445358,0.0731136061286,1.93207458729,0.144997170255,-0.0252654405198,-0.161225856597,-0.00475261891921,-0.246792678641,-0.0131258733662,0.0861906935213,-0.0406136489628,0.573791990962,0.818986275469,0.00223127810985,0.0,0.818946048296,-0.57373154466,-0.0118419400655,0.0,-0.00841839383219,0.0086222727632,-0.999927390893,0.0,0.649124871438,0.244709994915,0.303553289604,1.0,-0.031404,-0.0412738285714,1.103
0.455247476615,0.478785999332,-0.124259796691,-1.46386969303,0.0728616092634,1.93365270094,0.144367774928,-0.026544812564,-0.165158130346,-9.2333150727e-06,-0.252858559056,-0.0199662055893,0.0927727838424,-0.0446029391504,0.573804529718,0.818977332085,0.00228869106618,0.0,0.818937746333,-0.573743749448,-0.011824741094,0.0,-0.00837123389233,0.00865955222949,-0.999927464668,0.0,0.648592040289,0.243999951979,0.303567468804,1.0,-0.033308,-0.0437762285714,1.12
0.454746632948,0.475828119448,-0.12428965271,-1.46833109662,0.072576005085,1.93530561223,0.143728186906,-0.0304646617487,-0.177819470098,-0.00520990877919,-0.267807770354,-0.0170878766793,0.0945391995032,-0.0421298711534,0.573850769032,0.818944594176,0.00240695907106,0.0,0.818906672385,-0.573789666445,-0.0117485107884,0.0,-0.00824044981142,0.00871313454919,-0.999928085551,0.0,0.648042646715,0.243234921978,0.303635797379,1.0,-0.035212,-0.0462786285714,1.137
0.454264805579,0.472947226122,-0.124300672837,-1.47279681709,0.0722971240766,1.93688630293,0.143091924657,-0.0302519694766,-0.187133155829,-0.000802758614384,-0.282701667351,-0.0129680875876,0.0929210078198,-0.0345893689495,0.573870897542,0.818930496225,0.0024046224097,0.0,0.818892391201,-0.57380963959,-0.0117684344157,0.0,-0.00825789330759,0.00872285695783,-0.99992785688,0.0,0.647462951042,0.24248865599,0.303640201017,1.0,-0.037004,-0.0486338285714,1.153
0.453657639767,0.469323275916,-0.124301692076,-1.47830569935,0.0719510764445,1.93889374806,0.142228194015,-0.0314090350046,-0.200090801481,-0.000909170836845,-0.290315415553,-0.0207687066533,0.118903466164,-0.0508031593604,0.573830067443,0.818958784136,0.00251206792523,0.0,0.818921943123,-0.573768277097,-0.0117286900502,0.0,-0.00816412604235,0.00878763173827,-0.999928059699,0.0,0.646756771911,0.241572220948,0.303695756195,1.0,-0.039132,-0.0514306285714,1.172
0.453126593377,0.466127400653,-0.124299962284,-1.48312855661,0.071630869519,1.94069460484,0.141453330336,-0.0311280270375,-0.202512087411,-0.00117205745161,-0.310993885576,-0.0286892554459,0.105924596255,-0.0520089441402,0.573769853213,0.819000528699,0.00265262807528,0.0,0.818965597876,-0.573707664197,-0.0116452753818,0.0,-0.00801580796663,0.00885428955658,-0.999928671646,0.0,0.646143617976,0.24077285033,0.303761457577,1.0,-0.040924,-0.0537858285714,1.188
0.452483947848,0.462434971488,-0.124309850851,-1.48893577961,0.0712441537568,1.94267606178,0.140593194782,-0.0371183354447,-0.206617718195,-0.00140940440998,-0.329615372316,-0.0211035691142,0.113065921251,-0.0510941622129,0.573764869568,0.819004400288,0.00253252059207,0.0,0.818967738449,-0.573702919817,-0.0117281743877,0.0,-0.00815266893685,0.00880343660313,-0.999928014156,0.0,0.645361693835,0.239787820081,0.303714740235,1.0,-0.04294,-0.0564354285714,1.206
0.451846628812,0.458797586163,-0.124313776041,-1.49457764954,0.0708609790094,1.9446561874,0.139761128624,-0.0382416998292,-0.213922540209,0.00112390302041,-0.337067905992,-0.0193917961235,0.122657479997,-0.0461061032876,0.573764931107,0.819004453335,0.00250122976728,0.0,0.818967345702,-0.573703053392,-0.0117490469565,0.0,-0.00818771626399,0.00878978585168,-0.999927847881,0.0,0.644610905384,0.238829795115,0.303705194805,1.0,-0.044844,-0.0589378285714,1.223
0.451190385492,0.455321681841,-0.124322569258,-1.50011360044,0.0704924389425,1.94661717221,0.138892161511,-0.046948960318,-0.214081173801,-0.000644177939572,-0.353683623413,-0.029114793699,0.128719853166,-0.0467106104622,0.573751116704,0.819014411344,0.00240769431541,0.0,0.81897599233,-0.573689488606,-0.0118085372424,0.0,-0.00829025287098,0.00874717368088,-0.999927376693,0.0,0.643877932301,0.237869010782,0.303630867261,1.0,-0.046636,-0.0612930285714,1.239
0.450474282997,0.451327785508,-0.124384937765,-1.50612775622,0.0700823908237,1.94879479703,0.137917979677,-0.0426732836997,-0.243035265346,-0.00436487385299,-0.357639851539,-0.0255553809898,0.130975473935,-0.0595510978825,0.573747132846,0.819016869805,0.00251821920263,0.0,0.81898020958,-0.573685439306,-0.011712384318,0.0,-0.00814813152932,0.00878248770167,-0.999928235356,0.0,0.643103445201,0.236797433699,0.303701072966,1.0,-0.04854,-0.0637954285714,1.256
0.449721550948,0.447207858173,-0.124418098549,-1.51237355659,0.0696675144763,1.95097559681,0.137008529955,-0.0450474983455,-0.248247207737,0.000915878137132,-0.373398068779,-0.0287268988755,0.130705501149,-0.0490583039464,0.573810944068,0.818972045364,0.00255661511602,0.0,0.818935856637,-0.573749075076,-0.0116965150984,0.0,-0.00811241952483,0.00880546169347,-0.999928323678,0.0,0.642269945734,0.235694847597,0.303743089887,1.0,-0.050444,-0.0662978285714,1.273
0.448937597461,0.442988743519,-0.124440815871,-1.51889284799,0.069217188429,1.95316625915,0.136007271259,-0.0435025783573,-0.249538265684,-0.00184696465359,-0.387665722401,-0.0304008813902,0.137604825278,-0.0567336090689,0.573815926796,0.818968874629,0.00245182494086,0.0,0.818931211694,-0.573754317945,-0.0117643552192,0.0,-0.00822805402352,0.00875861899353,-0.999927790253,0.0,0.641370968785,0.234544390172,0.303719599791,1.0,-0.052348,-0.0688002285714,1.29
0.448070144738,0.438433991647,-0.124438409357,-1.52593695932,0.0687387501772,1.95565737845,0.134843137906,-0.0517081415088,-0.250736825385,0.00254620168679,-0.385716644669,-0.023732825903,0.138546013576,-0.0630899068741,0.573750353027,0.819014833123,0.00244590013044,0.0,0.818976967206,-0.573688640578,-0.0117820948663,0.0,-0.00824668411414,0.00876328568023,-0.999927595891,0.0,0.640414422794,0.23331494976,0.303696773448,1.0,-0.054364,-0.0714498285714,1.308
0.447406010902,0.43498815551,-0.124457181562,-1.53109448319,0.068396983178,1.95752735089,0.134016110421,-0.0506271302063,-0.269267511149,-0.00297160159498,-0.395281993322,-0.0303452536586,0.149302543113,-0.0585698849858,0.573762571085,0.81900580605,0.00259780284962,0.0,0.818969952517,-0.573700343783,-0.0116995435235,0.0,-0.00809178947795,0.00884045285506,-0.999928182089,0.0,0.63968006018,0.232320456215,0.303768695267,1.0,-0.055932,-0.0735106285714,1.322
0.446494683597,0.430435762188,-0.124489093312,-1.53805448442,0.0678809466618,1.9600097506,0.132895639844,-0.0542969466454,-0.271825963552,-0.00400786467933,-0.420917615854,-0.0333029491513,0.14530067787,-0.0598352226245,0.573771672595,0.818999418223,0.00260145711622,0.0,0.818963998231,-0.573709853591,-0.0116499096557,0.0,-0.00804894261615,0.00881505758701,-0.999928752103,0.0,0.63879875061,0.231119590382,0.303763449487,1.0,-0.057724,-0.0758658285714,1.338
0.445441263363,0.425141947663,-0.124550839572,-1.54623369346,0.0672866578558,1.96266396358,0.131560963498,-0.0593461838191,-0.283309892527,-0.00346059600729,-0.427606175385,-0.0317327969521,0.138416143144,-0.0789817939503,0.573769037142,0.819001945732,0.00237735256854,0.0,0.818963614267,-0.573708029048,-0.0117661724441,0.0,-0.00827277114555,0.00869819815327,-0.999927948708,0.0,0.637637606098,0.229609634598,0.303705066284,1.0,-0.059852,-0.0786626285714,1.357
0.444509941159,0.420568435064,-0.124588865339,-1.5532118774,0.0667932848379,1.96503384993,0.130438395829,-0.0610020019364,-0.290193288821,-0.00411289737981,-0.443539744605,-0.0296650779765,0.150516820859,-0.0704678506611,0.573796569122,0.818982790016,0.0023310562616,0.0,0.818943854173,-0.573735729923,-0.0117907940465,0.0,-0.0083192073095,0.00867468838492,-0.999927767677,0.0,0.636663733638,0.228320921945,0.303697095146,1.0,-0.061644,-0.0810178285714,1.373
0.443466998901,0.415533267233,-0.124607352944,-1.56063362515,0.0662912347885,1.96778361361,0.129235570625,-0.0624078178207,-0.300003891311,-0.0011275285243,-0.44021450597,-0.0222521112267,0.167154956182,-0.0663779796667,0.573849327159,0.818944917615,0.00263031049022,0.0,0.818910005298,-0.573787544931,-0.0116190966638,0.0,-0.00800631490789,0.00882176822658,-0.999929035145,0.0,0.63567507826,0.226952115113,0.303817210206,1.0,-0.063548,-0.0835202285714,1.39
0.442461845292,0.410757138053,-0.124627170996,-1.567921386,0.0657804728804,1.9702579666,0.127966448576,-0.0662070462442,-0.304031368287,-0.00229266183144,-0.468606503334,-0.0354811905428,0.143992788383,-0.078178720507,0.573803842861,0.818976914,0.00259058947237,0.0,0.818941328633,-0.573742031211,-0.0116588498298,0.0,-0.00806215400998,0.00881160327082,-0.999928676117,0.0,0.634641460998,0.225602613038,0.303796811139,1.0,-0.06534,-0.0858754285714,1.406
