position_joint1,position_joint2,position_joint3,position_joint4,position_joint5,position_joint6,position_joint7,velocity_joint1,velocity_joint2,velocity_joint3,velocity_joint4,velocity_joint5,velocity_joint6,velocity_joint7,ee_T_00,ee_T_10,ee_T_20,ee_T_30,ee_T_01,ee_T_11,ee_T_21,ee_T_31,ee_T_02,ee_T_12,ee_T_22,ee_T_32,ee_T_03,ee_T_13,ee_T_23,ee_T_33,v_x,v_y,time
0.465076469789,0.547659642738,-0.124021506309,-1.35581898925,0.0795270763749,1.89414592073,0.159135742178,-0.000323895908973,0.000556884276465,-4.45158794175e-05,-0.000607015438045,0.000262008941774,0.000148878962487,-0.000266878816668,0.573813817898,0.818971313139,0.00210654840976,0.0,0.818930203199,-0.573754610466,-0.0118201589837,0.0,-0.00847189237233,0.00850785047435,-0.999927919162,0.0,0.661697907005,0.260883994174,0.303312235524,1.0,0.0,0.0,0.0
0.465075754425,0.547657510707,-0.124022216597,-1.35581715756,0.0795259690284,1.89414707865,0.15913425579,-0.00131129069102,0.000734578553812,0.000603063677825,-0.00034664937408,-0.000383054280257,-0.000180689873442,0.000931071667456,0.573815065223,0.818970436564,0.00210757168581,0.0,0.818929350616,-0.573755864321,-0.0118183653205,0.0,-0.00846982326215,0.00850767217831,-0.999927938208,0.0,0.661698578639,0.260883304899,0.303313480999,1.0,-0.00012,-0.000157714285714,0.007
0.465075836597,0.547653270573,-0.124018812971,-1.35581922516,0.0795259684861,1.89415050676,0.15913655598,6.85206006715e-05,-7.70235759594e-05,0.000645334664003,-0.00095058630388,-1.23040355408e-05,0.000193385404222,8.42634339871e-05,0.57381285992,0.818971960698,0.00211572268563,0.0,0.818930972753,-0.573753619067,-0.0118149640442,0.0,-0.00846238364815,0.00851237303463,-0.999927961189,0.0,0.661698545952,0.260885323491,0.30331694469,1.0,-0.00048,-0.000630857142857,0.025
0.46507365127,0.547637954347,-0.124021593079,-1.35583232744,0.079524646057,1.89415008884,0.159138183584,-0.000208103022795,-0.00411634932295,-0.000420834468956,-0.00134148434564,-0.000436329902938,5.34354499701e-05,0.00151823299803,0.573818259875,0.818968174817,0.00211664191395,0.0,0.81892721136,-0.573759027344,-0.0118130409732,0.0,-0.00846022508466,0.00851207815901,-0.999927981965,0.0,0.661697146751,0.260880671851,0.303321611747,1.0,-0.0008,-0.00105142857143,0.041
0.465075105873,0.547558657346,-0.124024000757,-1.35590010452,0.0795272909138,1.89416416283,0.159133743696,0.000222485189817,-0.00629134055751,-0.00129186293546,-0.00574564163118,0.000148627778893,0.000988004535263,-0.00114439377149,0.573819470857,0.818967257895,0.00214295665899,0.0,0.818926575726,-0.573760073358,-0.0118062987933,0.0,-0.00843959166708,0.00852977250959,-0.999928005545,0.0,0.661686538741,0.260874625382,0.303346832984,1.0,-0.00116,-0.00152457142857,0.059
0.465071589729,0.547412207591,-0.124016828319,-1.35606826741,0.079522613226,1.89419607645,0.15913445085,-0.000436273891666,-0.0113331243933,0.00386192811468,-0.0115480142508,-0.000178953205976,-0.000491714176573,0.000622447069391,0.573825821174,0.818962767744,0.00215844932492,0.0,0.818922165052,-0.573766238741,-0.0118126105689,0.0,-0.00843580531051,0.00854614749405,-0.999927897677,0.0,0.661657752148,0.26085982082,0.303373058869,1.0,-0.0015,-0.00197142857143,0.076
0.465059589818,0.547311294768,-0.124021909763,-1.35622514326,0.0795239168953,1.89426341202,0.159126960311,-0.00012765656751,-0.00781077198774,-0.000504674736534,-0.0159452706988,0.000154798982966,0.00383227371864,-0.00312271403423,0.573842263914,0.818951210083,0.0021722224422,0.0,0.818910728333,-0.573782566521,-0.0118123782036,0.0,-0.00842754031214,0.00855746287049,-0.999927870595,0.0,0.661642103809,0.260836428967,0.303375891624,1.0,-0.00176,-0.00231314285714,0.089
0.46503466911,0.547122895687,-0.124019202546,-1.35645164174,0.079521019522,1.89437843753,0.159115911286,-0.00323876199132,-0.012981872556,0.00347916086313,-0.016063702524,-5.67496576206e-05,0.00912279357834,-0.00104982358127,0.573863781405,0.818935938839,0.00224396328797,0.0,0.818896326869,-0.573803739043,-0.0117822664278,0.0,-0.0083614878783,0.00859915482027,-0.999928067441,0.0,0.661624128933,0.260804448064,0.303411429538,1.0,-0.00212,-0.00278628571429,0.107
0.465021827182,0.546909596522,-0.124016933656,-1.35670470504,0.0795152021541,1.8945156126,0.159100276926,0.000345754641552,-0.0129075460515,0.000210067056447,-0.0176479149606,0.000224022052322,0.0140455622381,0.000387246366201,0.573872731157,0.818929421244,0.00233202850984,0.0,0.818890921959,-0.573812321281,-0.0117398799068,0.0,-0.00827614570648,0.00864704040435,-0.999928364486,0.0,0.661602241509,0.260778411482,0.303453886154,1.0,-0.00248,-0.00325942857143,0.125
0.464995155353,0.546667245766,-0.124024128335,-1.3570482277,0.0795081576649,1.89464913976,0.159049535995,0.0019531726277,-0.0168427201335,-0.000994521726713,-0.0235425225913,-5.89201633999e-05,0.00158449012542,-0.00516650313172,0.573875416691,0.818927442931,0.00236563602842,0.0,0.81888930406,-0.573814801523,-0.0117315024797,0.0,-0.00824997119685,0.00866978183512,-0.999928383865,0.0,0.661565473404,0.26072693281,0.303473840875,1.0,-0.00284,-0.00373257142857,0.143
0.464949818393,0.546418043598,-0.124016499909,-1.35742123782,0.0795005151443,1.89478241034,0.158944972431,-0.0047360829593,-0.0215330996539,0.000977251142981,-0.0246250825995,0.000447416681577,0.00923168435083,-0.00312049686742,0.573840386805,0.818951934081,0.0023847511128,0.0,0.818913864939,-0.573779517076,-0.0117428486756,0.0,-0.00824866610505,0.00869159391703,-0.999928205274,0.0,0.661523542447,0.260668159589,0.303484083839,1.0,-0.00316,-0.00415314285714,0.159
0.464914271677,0.546142563389,-0.124025114504,-1.35787331998,0.0794874556483,1.8949385195,0.15893320258,-0.00250911550568,-0.0183036866373,-0.000355161337507,-0.0308498458835,-0.000946455968871,0.0127461315369,-0.00747854178965,0.573893587436,0.818914697096,0.0023698273778,0.0,0.818876338209,-0.573832665967,-0.0117626991907,0.0,-0.00827292216209,0.00869130053627,-0.999928007435,0.0,0.661467767384,0.260591078994,0.303476112594,1.0,-0.00352,-0.00462628571429,0.177
0.464857281818,0.545814805916,-0.124022609193,-1.35842664554,0.0794631347925,1.89512010648,0.158857767139,-0.000702809753278,-0.0193152228905,-5.60839204934e-05,-0.0384578545343,-2.80329066269e-05,0.0114719721489,-0.00905518825838,0.573895216386,0.818913639951,0.00234047250824,0.0,0.818874767118,-0.573834266987,-0.0117939268064,0.0,-0.00831532429991,0.00868519927371,-0.999927708735,0.0,0.661403628849,0.260508845328,0.303462132756,1.0,-0.00386,-0.00507314285714,0.194
0.464794852127,0.545472381793,-0.124020103539,-1.359018687,0.079385050807,1.89530613112,0.158769536169,-0.00164749599624,-0.0232535773818,0.00033739436107,-0.0323316463596,-0.00606600735019,0.00943339931617,-0.00364715045097,0.573884545442,0.818921333756,0.00226374101399,0.0,0.81888176846,-0.573824207783,-0.0117972347736,0.0,-0.00836217883927,0.00862415300203,-0.999927846372,0.0,0.661333840296,0.260403197668,0.303438689692,1.0,-0.0042,-0.00552,0.211
0.464736534691,0.545114178059,-0.12402501831,-1.35967222386,0.0793419052818,1.89551007568,0.158727937678,-0.00267103183199,-0.0192755402243,0.00012814964452,-0.0459462373048,-0.00098262963237,0.0107856306448,-0.00683965895329,0.573926579431,0.818892098184,0.00218170930269,0.0,0.818851463893,-0.573866554013,-0.0118408262827,0.0,-0.00844451166253,0.00858242602067,-0.999927513466,0.0,0.661252516318,0.260295757016,0.303398990249,1.0,-0.00452,-0.00594057142857,0.227
0.464675859363,0.544735123514,-0.124025876962,-1.36029482891,0.0793231437102,1.89570728831,0.15862107816,-0.00317221670577,-0.0271554591926,-0.000897796121316,-0.0483083031702,-0.00576272542129,0.010632406071,-0.00114798829911,0.573918946685,0.818897522857,0.00215327569383,0.0,0.818856299713,-0.573858813609,-0.0118814714973,0.0,-0.00849419488157,0.00858239021132,-0.999927092958,0.0,0.66117575687,0.260196553589,0.303388069044,1.0,-0.00482,-0.00633485714286,0.242
0.464603396529,0.544307630282,-0.124026479768,-1.36102654486,0.0792951418874,1.89596591539,0.158538023539,-0.00611522779231,-0.0243659035007,0.00180210517628,-0.0447564179401,-0.00227406969433,0.0153378554007,-0.00289632502943,0.573944070167,0.818879996055,0.0021220939506,0.0,0.818838198134,-0.573883890086,-0.0119177547302,0.0,-0.00854153986608,0.00857794139586,-0.999926727825,0.0,0.661090880228,0.260080065587,0.303364774093,1.0,-0.00516,-0.00678171428571,0.259
0.464536965706,0.543805754788,-0.124027309034,-1.36183005994,0.0792624664904,1.89625261051,0.158443015251,-0.00435293941946,-0.0291961971888,0.000896821704015,-0.052338486609,-0.00121033652985,0.0184443602161,-0.00545558302066,0.573957305491,0.818870731228,0.0021175250917,0.0,0.818828712773,-0.573896980852,-0.0119390707098,0.0,-0.00856147914033,0.00858657251789,-0.999926483221,0.0,0.660995690443,0.259961045912,0.303362329185,1.0,-0.0055,-0.00722857142857,0.276
0.464459662919,0.543310684011,-0.12403691353,-1.36260686427,0.0792170833919,1.89651432586,0.158336413563,-0.00364856008516,-0.0314371725929,-0.00108208021538,-0.0466212959248,-0.00319781666866,0.017784033954,-0.00581035186746,0.573971055612,0.818861139313,0.00209970070464,0.0,0.818818880015,-0.573910794038,-0.0119494401064,0.0,-0.00858005643374,0.00857807248568,-0.999926396943,0.0,0.66090692336,0.259829091979,0.303365821988,1.0,-0.00582,-0.00764914285714,0.292
0.464385026979,0.542689654803,-0.124038166036,-1.36359753705,0.0791602710628,1.8968689539,0.158213428903,-0.00279440060983,-0.0324851306613,8.82180306659e-05,-0.0527704249324,-0.00111646082528,0.0242533822952,-0.00248950969722,0.573972283981,0.818860308466,0.00208790382873,0.0,0.818817846898,-0.573912022613,-0.0119612208218,0.0,-0.00859646137092,0.00857518725078,-0.99992628079,0.0,0.66078864839,0.259684468193,0.303364334761,1.0,-0.0062,-0.00814857142857,0.311
0.46430236649,0.542095588377,-0.124039387779,-1.36450951759,0.0791025196408,1.89720097147,0.158090072876,-0.00714719136384,-0.0341796028517,1.62471714223e-05,-0.0571491318271,-0.00531707960867,0.0181148709613,-0.00440129929934,0.573975064435,0.818858332871,0.00209833176402,0.0,0.818816023272,-0.573914775565,-0.0119539667959,0.0,-0.00858450699664,0.00857959171617,-0.99992634571,0.0,0.660685262136,0.259541872349,0.303379178288,1.0,-0.00654,-0.00859542857143,0.328
0.464233360247,0.541508024548,-0.124044992558,-1.36540406389,0.0790496601865,1.89752306852,0.157968730289,-0.00344303238577,-0.038964453818,-0.00078098871718,-0.0562448932171,-0.00570386481656,0.0181478588007,-0.00430752769251,0.573971632861,0.81886070574,0.00211096375905,0.0,0.818818559154,-0.573911290682,-0.0119475735173,0.0,-0.00857205758538,0.00858622989559,-0.999926395534,0.0,0.660580789921,0.259407866906,0.303396933741,1.0,-0.00686,-0.009016,0.344
0.464141888925,0.540840077479,-0.124042382454,-1.36642600155,0.0789927718339,1.89790580783,0.157843690964,-0.00536888464219,-0.0370040738974,0.000549654454047,-0.0587446501871,0.000436611876521,0.0223152418039,-0.00382717373797,0.57398384004,0.818852077807,0.00213844457582,0.0,0.818810233275,-0.573923327172,-0.0119399879807,0.0,-0.00854994535401,0.00860450611657,-0.999926427748,0.0,0.660465148773,0.259253186697,0.303415790716,1.0,-0.0072,-0.00946285714286,0.361
0.464056248211,0.540126333417,-0.124045957964,-1.36750453843,0.0789270810727,1.89829285473,0.15771055601,-0.00541405909847,-0.0407931008198,-0.000161695114487,-0.063934494489,-0.000764906391896,0.0224413780705,-0.00808229498722,0.573989554625,0.818848023727,0.00215687773015,0.0,0.818806419029,-0.573928965391,-0.0119305382764,0.0,-0.00853156734457,0.00861423553292,-0.999926500951,0.0,0.660338704327,0.259091534082,0.303440532788,1.0,-0.00754,-0.00990971428571,0.378
0.463952567238,0.539390611639,-0.12404566648,-1.36866042136,0.0788606786839,1.89872316011,0.15757712408,-0.00538293357628,-0.0477589481123,0.000180206603087,-0.0687599994496,-0.00293206433115,0.0252651084128,-0.00373433441677,0.574011247162,0.818832791762,0.00216660277732,0.0,0.818791275537,-0.57395057697,-0.0119301802956,0.0,-0.00852546406515,0.00862221912639,-0.999926484198,0.0,0.66020720437,0.258914144994,0.303447512077,1.0,-0.00788,-0.0103565714286,0.395
0.463839538273,0.538582059581,-0.124054209571,-1.36989365734,0.078790015566,1.89919661215,0.157415070283,-0.0121877445771,-0.0440554192901,0.000103797171277,-0.065476122721,-0.00471626048523,0.0297831313585,-0.00960418556153,0.57402645696,0.818822019968,0.00220753849242,0.0,0.818781061409,-0.573965644123,-0.0119062901411,0.0,-0.00848224460042,0.00864218264395,-0.999926679415,0.0,0.660072772978,0.258719485636,0.303473022883,1.0,-0.00824,-0.0108297142857,0.413
0.463748436884,0.537944253969,-0.124052059116,-1.37089531751,0.0787350949134,1.8995822511,0.157295943208,-0.0025208411227,-0.0451373153815,-4.37552402029e-05,-0.0722571228905,-0.000662828479392,0.0257070164217,-0.0141584679257,0.574042714811,0.818810565627,0.00222847305769,0.0,0.818769831703,-0.573981766988,-0.0119012923439,0.0,-0.00846596400852,0.00865662334409,-0.999926692476,0.0,0.659960705433,0.258567350422,0.303480082598,1.0,-0.00852,-0.0111977142857,0.427
0.463638332382,0.537147452368,-0.124064035086,-1.37216847072,0.0786624801724,1.90005520887,0.157137398516,-0.00386479101518,-0.0457412671763,-0.000585093500807,-0.0722804338229,-0.00409471730019,0.0334727592373,-0.00747813432432,0.574062275466,0.818796864283,0.00222392161173,0.0,0.818756078855,-0.574001351345,-0.0119028943203,0.0,-0.00846968160254,0.00865401855331,-0.999926683541,0.0,0.659816255642,0.258367411352,0.303478113205,1.0,-0.00886,-0.0116445714286,0.444
0.463510992568,0.53620372697,-0.124069855565,-1.37364145797,0.0785753883228,1.90060988192,0.156954145272,-0.00383350805642,-0.0476251422026,-0.000201311831165,-0.078452375949,-0.00672156481723,0.0243790295352,-0.015451502438,0.57407840535,0.818785499943,0.00224421369166,0.0,0.818744989686,-0.574017409356,-0.0118912792178,0.0,-0.0084483519269,0.00866413213813,-0.999926776401,0.0,0.659649168701,0.258141099306,0.303491459549,1.0,-0.00924,-0.012144,0.463
0.46339836528,0.53537231447,-0.124076218464,-1.37494906703,0.0784965386397,1.90108408791,0.156806544667,-0.00630888159967,-0.052115508227,-0.000567975673564,-0.0789691642176,-0.00136718155532,0.0290771318238,-0.00732762214306,0.574104917458,0.818766920586,0.00224062608145,0.0,0.818726366147,-0.57404393501,-0.0118930633098,0.0,-0.00845159172915,0.00866249255918,-0.999926763228,0.0,0.659496971613,0.257938231938,0.303497112224,1.0,-0.00956,-0.0125645714286,0.479
0.463270102205,0.53442206661,-0.124076930399,-1.37647934188,0.0784230719076,1.90162525566,0.156615859975,-0.00837139359036,-0.0564380594512,0.00051663925199,-0.0899734244851,-0.00300864808627,0.0325404665257,-0.0143081926426,0.574118496146,0.818757462127,0.00221754288095,0.0,0.818716382695,-0.574057375303,-0.011931532498,0.0,-0.00849619799964,0.00866581902432,-0.999926356388,0.0,0.659311629251,0.257708889304,0.303486115762,1.0,-0.00992,-0.0130377142857,0.497
0.463164148791,0.533667892484,-0.124083047589,-1.37770666172,0.0783425625933,1.90207138976,0.156470745439,-0.00681296037295,-0.0543754987722,-0.000657705054739,-0.0857382588484,-0.00594233573442,0.0366584929508,-0.0101151233753,0.574136357475,0.818745015517,0.00218849095147,0.0,0.818703612915,-0.574075408621,-0.0119401138372,0.0,-0.00851971388259,0.00864714539947,-0.999926317961,0.0,0.659168146779,0.257516946714,0.303472742024,1.0,-0.0102,-0.0134057142857,0.511
0.463032951485,0.532738393537,-0.12408796546,-1.37920792545,0.0782635820501,1.90263971388,0.156281179493,-0.00430401175882,-0.0557589207567,-0.00415150860685,-0.0909039779537,-0.00181036320286,0.0341398487393,-0.0148682871533,0.574153114983,0.818733263013,0.0021889480746,0.0,0.818691780528,-0.574092075034,-0.0119500953801,0.0,-0.00852744702136,0.00865342488875,-0.999926197719,0.0,0.658995727507,0.257287380583,0.303463053901,1.0,-0.01054,-0.0138525714286,0.528
0.462892427792,0.531640236134,-0.124083983639,-1.3809339544,0.0781645926962,1.90328338679,0.156062067362,-0.00947053249507,-0.0592557557954,0.00100953966551,-0.0914114615277,-0.00618376656036,0.0338759654414,-0.0102700719442,0.574153651483,0.81873284265,0.00220539258322,0.0,0.818691491745,-0.57409246029,-0.0119513716274,0.0,-0.00851904523009,0.00866762668262,-0.999926146331,0.0,0.658791440233,0.257034283142,0.303471275968,1.0,-0.01092,-0.014352,0.547
0.462771979699,0.530763539597,-0.124081235064,-1.3823657544,0.0780798580762,1.90378541687,0.155877118631,-0.0100394363839,-0.0619748924019,0.00220691682188,-0.097520794647,-0.00824859362863,0.0333761183405,-0.0114709581522,0.574154024953,0.818732697567,0.00216158898104,0.0,0.818690677104,-0.574092913933,-0.0119853366847,0.0,-0.00857199915578,0.00865126860815,-0.999925835441,0.0,0.658615569382,0.256818452101,0.303451011137,1.0,-0.01122,-0.0147462857143,0.562
0.462626827755,0.529675286066,-0.124084022399,-1.38411085535,0.0779664131971,1.90442055993,0.15565244928,-0.0102159161312,-0.0599507427178,8.12532813148e-05,-0.0956649385601,-0.00948249987014,0.037364846093,-0.0136987900389,0.574155219766,0.818731923511,0.00213727421641,0.0,0.818689625182,-0.574094249091,-0.0119932347785,0.0,-0.00859241277351,0.00863590884509,-0.999925793007,0.0,0.65840743618,0.256553136137,0.303442162863,1.0,-0.01158,-0.0152194285714,0.58
0.462494577418,0.528592641741,-0.124089720775,-1.38579212596,0.0778539545707,1.90505026967,0.155415575869,-0.0111128156123,-0.0696408075041,-0.000956369296482,-0.106899388646,-0.0143220372633,0.0376106881402,-0.0148970340387,0.574134543998,0.818746373126,0.0021561035461,0.0,0.818704432072,-0.574073610409,-0.0119703650644,0.0,-0.00856309570048,0.00863797792477,-0.999926026629,0.0,0.658209788943,0.256301941159,0.303459080842,1.0,-0.01192,-0.0156662857143,0.597
0.462367221098,0.527614052858,-0.124087221646,-1.38730153104,0.0777645090702,1.90563249304,0.155212734748,-0.00444248174022,-0.0666901468104,3.21882480263e-06,-0.0984541695416,-0.0052866580741,0.0399552816533,-0.0106448854894,0.574128776002,0.81875029953,0.00220056511312,0.0,0.81870892522,-0.574067647822,-0.0119489912314,0.0,-0.00852013095033,0.00866204878005,-0.999926185415,0.0,0.658035319229,0.256078275012,0.303479938468,1.0,-0.01222,-0.0160605714286,0.612
0.462202357373,0.526331722196,-0.124095339463,-1.38930619336,0.0776443516183,1.90639626187,0.154922078096,-0.010151301941,-0.0687206661278,-0.000360498898418,-0.106684800064,-0.00545792914954,0.0443643039371,-0.0160181967836,0.574107633389,0.818765035722,0.00223348694489,0.0,0.818724120314,-0.574046404859,-0.0119284024992,0.0,-0.00848459710213,0.00867696362155,-0.999926358246,0.0,0.65780222165,0.255776331455,0.303494656885,1.0,-0.0126,-0.01656,0.631
0.462056590046,0.525211437402,-0.124104590761,-1.39102473651,0.0775300551015,1.90701078794,0.154697089147,-0.0112504230455,-0.0701341620691,-0.00110391327172,-0.105183305291,-0.00959981408517,0.03720927523,-0.00741441915328,0.574110916319,0.818762714285,0.00224061609451,0.0,0.818721974674,-0.574049743558,-0.0119149909052,0.0,-0.00846948826366,0.00867513500314,-0.9999265022,0.0,0.657596622223,0.255509026093,0.303518274101,1.0,-0.01292,-0.0169805714286,0.647
0.461909938577,0.52410202974,-0.124110974193,-1.3927842028,0.0774186583862,1.90763559699,0.154445311335,-0.0150347645516,-0.0708614111222,-0.000101669863095,-0.103124526094,-0.0116862030768,0.0301256220859,-0.0124462364344,0.574093795341,0.818774787367,0.00221554157149,0.0,0.818733723445,-0.574032728118,-0.0119274492256,0.0,-0.00849426487191,0.0086615799572,-0.999926409541,0.0,0.657382059021,0.255239007012,0.303515319011,1.0,-0.01324,-0.0174011428571,0.663
0.461740173097,0.522841447325,-0.124111342099,-1.3948226901,0.0772946114971,1.90840571027,0.154183870342,-0.00937887293173,-0.0746956284254,-6.84615042521e-06,-0.114539738367,-0.00517136808981,0.0440477823507,-0.0160050835599,0.574095109516,0.818773891161,0.00220619221825,0.0,0.818732694605,-0.574034068947,-0.011933539876,0.0,-0.00850460512372,0.00865743526417,-0.999926357542,0.0,0.6571394729,0.254933978545,0.303497971085,1.0,-0.0136,-0.0178742857143,0.681
0.461588909417,0.521687055069,-0.124112090624,-1.39666926516,0.0771885820947,1.90912938265,0.153929619349,-0.00897343019736,-0.0698411982687,0.000205716754511,-0.114167908369,-0.00843354313148,0.0454450032763,-0.0111735681225,0.574081913219,0.818783070058,0.002233383635,0.0,0.818742202526,-0.574020738696,-0.0119224263946,0.0,-0.00848003562892,0.00867318177685,-0.999926429751,0.0,0.656923750736,0.25466204607,0.303493001165,1.0,-0.01392,-0.0182948571429,0.697
0.461433035375,0.520502111618,-0.124115306608,-1.39856803371,0.0770643230301,1.90983723653,0.15367272635,-0.00854599466818,-0.0750973265441,0.000554905484461,-0.115954937175,-0.00468605980462,0.0448917809789,-0.0201316923204,0.574069360589,0.818791904152,0.0022212225342,0.0,0.818750943803,-0.574008303682,-0.0119208316464,0.0,-0.00848584364267,0.00866217902101,-0.999926475853,0.0,0.656695480693,0.254375922146,0.303483021495,1.0,-0.01424,-0.0187154285714,0.713
0.461253941344,0.519107921078,-0.124120962232,-1.4007548145,0.0769217514408,1.91061695158,0.153382723773,-0.00747751985011,-0.07656058753,0.000124493268649,-0.122052188833,-0.0110877463823,0.0404195414728,-0.0115391830301,0.574060253514,0.818798334903,0.00220431325754,0.0,0.818757187117,-0.573999299511,-0.0119255862289,0.0,-0.00849953952373,0.00865096893411,-0.999926456578,0.0,0.656425797177,0.254043688628,0.303488800915,1.0,-0.0146,-0.0191885714286,0.731
0.461079751172,0.517756343472,-0.124121915774,-1.40286046089,0.0767880133969,1.91137292385,0.153088407123,-0.0105064202157,-0.0817491664449,-0.000174212835397,-0.124041345324,-0.00699972079169,0.0393861898221,-0.0183509007073,0.574038044024,0.818813907769,0.00220348772251,0.0,0.818772734791,-0.573977081469,-0.0119275149537,0.0,-0.00850182736371,0.00865116958454,-0.999926435392,0.0,0.65616584317,0.253726348979,0.303500649178,1.0,-0.01494,-0.0196354285714,0.748
0.460902201784,0.516500145546,-0.12412737406,-1.40487259403,0.0766572345284,1.91210989676,0.152818350093,-0.00829405476262,-0.0736950297417,0.000159923029755,-0.12583685142,-0.00985883603478,0.0489232396116,-0.0166977398323,0.574037334228,0.818814466661,0.0021805963971,0.0,0.818773044358,-0.573976514326,-0.0119335550377,0.0,-0.00851992041927,0.00863588593984,-0.999926413508,0.0,0.655922701558,0.253413258848,0.303488235615,1.0,-0.01526,-0.020056,0.764
0.460712241616,0.515050394191,-0.12412840898,-1.40717569528,0.0765201925525,1.91298979079,0.152500606225,-0.0150587117378,-0.0812149586926,0.00145465044431,-0.125164117548,-0.00678848893744,0.0453971279315,-0.0197191926921,0.574018273808,0.818827770057,0.00220254858828,0.0,0.818786606301,-0.573957339377,-0.0119253015796,0.0,-0.00850076283814,0.00864892482979,-0.999926463861,0.0,0.655645892905,0.253071303916,0.303484933793,1.0,-0.01562,-0.0205291428571,0.782
0.460528811551,0.513714914138,-0.124133766297,-1.40930771848,0.0763865421596,1.91372613777,0.152198466668,-0.0111460754724,-0.0835045267255,-0.000882671014832,-0.133559553013,-0.0158906767194,0.044427921979,-0.00989731963585,0.574000657551,0.818840260381,0.00214942127437,0.0,0.818798339424,-0.573939876476,-0.0119601190613,0.0,-0.00855995323122,0.00862522483803,-0.999926163623,0.0,0.655376295741,0.252740886387,0.303470187169,1.0,-0.01594,-0.0209497142857,0.798
0.460346660638,0.512400486703,-0.124136935519,-1.41145495846,0.0762629688038,1.91447878607,0.151904518012,-0.00566471001389,-0.0831989341392,-0.000581944524691,-0.130014942238,-0.00795360468246,0.0431489462533,-0.0161690629179,0.573990575027,0.818847495786,0.00208454479023,0.0,0.818804562021,-0.573929898493,-0.0120128152814,0.0,-0.00864044748606,0.0086022431549,-0.999925669277,0.0,0.655103620897,0.252413268179,0.303434459477,1.0,-0.01626,-0.0213702857143,0.814
0.460135920741,0.510859151895,-0.124139791762,-1.41389264679,0.0761125930413,1.91541432313,0.1515648711,-0.011181946548,-0.0845957364947,0.00109027234858,-0.132278624095,-0.0154510701722,0.0615953537413,-0.0166995788304,0.573974211562,0.81885889014,0.00211409597515,0.0,0.818816372187,-0.573913443349,-0.0119939602571,0.0,-0.00860821861875,0.00861544615296,-0.99992583358,0.0,0.65481198927,0.252043692032,0.303434742837,1.0,-0.01662,-0.0218434285714,0.832
0.459956954039,0.509549274981,-0.124143360047,-1.41598112559,0.0759712650728,1.91619408772,0.151274900815,-0.00577037843149,-0.0865582488519,-0.000381969798288,-0.143795775504,-0.00895738625879,0.0483739918025,-0.0139275629828,0.573956533632,0.818871303503,0.00210539819561,0.0,0.818828778191,-0.573895910056,-0.0119859637975,0.0,-0.00860684809362,0.00860354851055,-0.999925947818,0.0,0.654557207206,0.251723926435,0.303425241459,1.0,-0.01692,-0.0222377142857,0.847
0.45975830223,0.508135401607,-0.124144752445,-1.41821049107,0.0758333295943,1.91699032186,0.150964296119,-0.0127400632578,-0.0898577818864,-0.000435085753328,-0.143405712963,-0.00680685927613,0.0549378700911,-0.0197883417335,0.573941204154,0.818882080117,0.00209283047176,0.0,0.818839345121,-0.573880589365,-0.0119976219906,0.0,-0.00862376890183,0.00859978711777,-0.999925834385,0.0,0.654261410185,0.251356233002,0.303426485315,1.0,-0.01726,-0.0226845714286,0.864
0.459521719898,0.506413994637,-0.12414723958,-1.42091040116,0.0756635811636,1.91797718874,0.15059419902,-0.0103045144111,-0.097395014261,0.000141260864059,-0.149516539358,-0.00562131100845,0.0600256634527,-0.0199417693599,0.573930634704,0.818889488549,0.00209260439619,0.0,0.818846710919,-0.573869982625,-0.0120022481199,0.0,-0.00862779808773,0.00860214572638,-0.99992577934,0.0,0.653943356024,0.25096460954,0.303426668431,1.0,-0.01762,-0.0231577142857,0.882
0.45929556352,0.50480759974,-0.124157859382,-1.42337323816,0.0755064154367,1.91893088219,0.150251643945,-0.0160208358111,-0.101944570186,-0.000823246661514,-0.149235716835,-0.00886197602864,0.0594495182431,-0.0197293286035,0.573927741597,0.818891320073,0.00216800256622,0.0,0.818849657827,-0.573866910115,-0.0119479811024,0.0,-0.00854011750706,0.00863271217672,-0.999926268619,0.0,0.653653021649,0.250578747014,0.303460076245,1.0,-0.01796,-0.0236045714286,0.899
0.459092203511,0.503356884103,-0.124159060845,-1.4255479503,0.0753740099895,1.91975003379,0.149947886171,-0.0130281870518,-0.0925266267658,0.000127414226349,-0.135673930268,-0.0102926643795,0.0586619516403,-0.022998885711,0.573922500968,0.818894772147,0.00224987432993,0.0,0.818854169508,-0.57386133169,-0.0119066356378,0.0,-0.00845932866687,0.00867597211866,-0.999926580938,0.0,0.653390757001,0.250240404978,0.303509309207,1.0,-0.01826,-0.0239988571429,0.914
0.458852449724,0.501658368163,-0.124166259062,-1.42806784447,0.0752082191523,1.92066718405,0.149597133729,-0.012527524471,-0.0982215261335,-0.000430999344116,-0.146971109143,-0.0139105686534,0.057597572418,-0.0183024167457,0.573920742615,0.818895791213,0.00232620534307,0.0,0.818856264415,-0.573859356829,-0.0118576434963,0.0,-0.00837542090361,0.00871034307966,-0.999926988459,0.0,0.653082874527,0.249838514284,0.303575333242,1.0,-0.0186,-0.0244457142857,0.931
0.458607623641,0.49985670508,-0.124163223912,-1.43082414409,0.0750334774092,1.92163931711,0.149206244341,-0.0131394675236,-0.0944940734076,-3.11181742635e-05,-0.158027258078,-0.0116781782504,0.0522400830113,-0.0225491795577,0.573892051565,0.818915854202,0.00234174922609,0.0,0.818876447291,-0.573830523016,-0.0118592507527,0.0,-0.00836812238946,0.00872370098948,-0.999926933115,0.0,0.652729971211,0.249415068117,0.303604655735,1.0,-0.01896,-0.0249188571429,0.949
0.458352552241,0.498171764786,-0.124163574811,-1.43344176776,0.0748657409648,1.92263398059,0.148821395407,-0.0124299496257,-0.0996534001552,0.000934714772993,-0.155318785835,-0.013868746921,0.0584039995738,-0.027663410203,0.573873941751,0.818928406932,0.00238960236503,0.0,0.818889674834,-0.573812285233,-0.0118282993844,0.0,-0.00831550727699,0.00874494186284,-0.999927186514,0.0,0.652413662647,0.249000529561,0.303619987883,1.0,-0.0193,-0.0253657142857,0.966
0.458103927179,0.496611072953,-0.124168899646,-1.43595773371,0.0747156780449,1.92352764462,0.148454534098,-0.0163407598917,-0.0984445390205,-0.00117567128373,-0.154367835377,-0.00880515378243,0.0604673856518,-0.0196737294622,0.573867880342,0.81893280073,0.00233895330889,0.0,0.81889327406,-0.573806278892,-0.0118704214041,0.0,-0.00837913267589,0.00872757473578,-0.999926807109,0.0,0.652095852535,0.248593920407,0.303588002786,1.0,-0.01962,-0.0257862857143,0.982
0.457822784787,0.494823957669,-0.1241664203,-1.43886010139,0.0745353898824,1.92451825194,0.148035515245,-0.0217280772971,-0.0984360770329,0.000340284621758,-0.160187369182,-0.0126337118447,0.0587875278485,-0.0206764916463,0.573850582583,0.81894521332,0.00223458062791,0.0,0.818904123117,-0.573789188939,-0.0119478324243,0.0,-0.00850260566883,0.00868634512599,-0.999926123824,0.0,0.651716457818,0.248129801235,0.303537427655,1.0,-0.01998,-0.0262594285714,1.0
0.457533271345,0.492885027494,-0.124217171782,-1.4418751616,0.0743502565121,1.92561951256,0.147615784416,-0.0180747774189,-0.132929417544,-0.00633384862968,-0.195182144609,-0.015256993893,0.0743679489458,-0.0295048501087,0.573882000476,0.818923167621,0.00224543178589,0.0,0.818882363848,-0.573820707315,-0.0119254742686,0.0,-0.00847773513046,0.00868272668796,-0.999926366421,0.0,0.651348623499,0.24762440157,0.303549240419,1.0,-0.0276691428571,-0.0363651591837,1.017
0.457226018488,0.490461100805,-0.124263358656,-1.44566569027,0.074147787576,1.92705238662,0.147050476193,-0.0203028296667,-0.15939936726,-0.000910513518815,-0.255201144764,-0.0116923445519,0.0975806851066,-0.0366181672282,0.573839825138,0.818952549228,0.00230740109,0.0,0.818912448616,-0.573778182277,-0.0119057106625,0.0,-0.00842643792929,0.00872169832099,-0.999926460857,0.0,0.650873676588,0.247044269471,0.30355707578,1.0,-0.0353582857143,-0.0464708897959,1.033
0.456734807496,0.487249604203,-0.12428011513,-1.45080619027,0.0738548706699,1.92894578844,0.146286589212,-0.0306145374781,-0.201176601118,-0.00330818319049,-0.325874186033,-0.0202582983458,0.12772469988,-0.0511312291103,0.573805762355,0.818976476824,0.00228569408675,0.0,0.818935802419,-0.573743910423,-0.0119508857647,0.0,-0.00847625444929,0.00872949190781,-0.999925971801,0.0,0.650222734685,0.246229150761,0.303507363941,1.0,-0.043528,-0.0572082285714,1.05
0.456138590031,0.483291636053,-0.124388016513,-1.45697505025,0.0734774217979,1.93121327752,0.145348994305,-0.037028742303,-0.243824247269,-0.0042238938088,-0.387976765107,-0.0213445268819,0.135580883312,-0.0646002859261,0.573806639468,0.818975783642,0.0023137008283,0.0,0.818935753847,-0.573744964175,-0.0119035312096,0.0,-0.00842139173949,0.00872526556156,-0.999926472248,0.0,0.649459906121,0.245192655431,0.303518711472,1.0,-0.0516977142857,-0.0679455673469,1.067
0.455451260769,0.478929034909,-0.124482743902,-1.46384173316,0.073072262235,1.93360050215,0.144313502267,-0.0461869395218,-0.287128722562,-0.00458664666395,-0.445742786192,-0.0319777067619,0.155693194955,-0.066777393785,0.573815930315,0.818969554165,0.00221232196264,0.0,0.818928020265,-0.573754475539,-0.0119769079594,0.0,-0.00853955775737,0.00868444023047,-0.999925825475,0.0,0.648573657409,0.244032199263,0.303484688717,1.0,-0.0593868571429,-0.0780512979592,1.083
0.45454020995,0.473274420263,-0.124596308657,-1.47256498574,0.0725396634589,1.93676844732,0.143052132956,-0.0542096094579,-0.332688483814,-0.0037158131276,-0.502410276903,-0.0331360001425,0.176853445861,-0.0733905771692,0.573889019431,0.81891814566,0.00228275868696,0.0,0.818877652549,-0.57382739489,-0.011927192891,0.0,-0.00845764805062,0.00871435288597,-0.999926261403,0.0,0.647474480933,0.24254635292,0.303524010727,1.0,-0.0680371428571,-0.089420244898,1.101
0.453619771123,0.467622016184,-0.124655841869,-1.48115923515,0.0720265082062,1.93995180832,0.141698066005,-0.0577642444903,-0.369884200403,-0.00389608598074,-0.556759643849,-0.0375938650297,0.211774915587,-0.0945728581684,0.573849011715,0.818945565872,0.00249375089213,0.0,0.818907705352,-0.573786448758,-0.0118333527864,0.0,-0.00826015035886,0.00883287968286,-0.999926872402,0.0,0.64638632965,0.241107130815,0.303615161672,1.0,-0.0757262857143,-0.0995259755102,1.117
0.452628417055,0.461841692609,-0.124689822856,-1.49007047301,0.0714485738942,1.9431149685,0.140281426685,-0.0671046509315,-0.39359395702,-0.00215242511114,-0.616008550129,-0.0398441080041,0.214949379043,-0.0947052086136,0.573785609426,0.818989927635,0.00251391090655,0.0,0.818952171076,-0.573722808519,-0.0118417640827,0.0,-0.00825615644009,0.00885357707448,-0.999926722342,0.0,0.645133333814,0.239488020006,0.303638422096,1.0,-0.0834154285714,-0.109631706122,1.133
0.45122287451,0.453803783485,-0.124798007104,-1.50259608743,0.0706324383901,1.94735010057,0.138395062778,-0.0763290460456,-0.43779504948,-0.0049639896656,-0.670707894316,-0.0442692597704,0.230030377721,-0.107185691446,0.573827911781,0.818960962843,0.00228383489167,0.0,0.818919944365,-0.573765735435,-0.0119896815316,0.0,-0.00850885874699,0.00875046033212,-0.999925511609,0.0,0.643527302957,0.237408118241,0.303570411344,1.0,-0.0920657142857,-0.121000653061,1.151
0.449854657824,0.445797773949,-0.124911620119,-1.51442288876,0.0698174364642,1.95179182446,0.136527563123,-0.0835636370435,-0.477589754487,-0.00539891498432,-0.724703348336,-0.0468302684614,0.262826645314,-0.10951584728,0.573815737646,0.818968025996,0.00276016790014,0.0,0.818934160586,-0.573752806036,-0.0116320717294,0.0,-0.00794279366805,0.00893523363308,-0.999928534261,0.0,0.642018154659,0.235343752736,0.303818878584,1.0,-0.100235428571,-0.131737991837,1.168
0.448403623173,0.43789989266,-0.124926780609,-1.52661261858,0.0690220026617,1.95593884975,0.13460062387,-0.0974327883437,-0.508128836867,0.0011207175473,-0.774263338721,-0.0497538452976,0.258010315351,-0.128390207742,0.573760435126,0.819007143596,0.00264739942883,0.0,0.818971138708,-0.573697157605,-0.0117725197141,0.0,-0.00812312861201,0.00892292155243,-0.999927195476,0.0,0.640325764926,0.233229821005,0.303778473315,1.0,-0.107924571429,-0.141843722449,1.184
0.446634826891,0.428287231747,-0.124989152763,-1.5410402697,0.0680310702312,1.96109856199,0.132243109074,-0.0988992415027,-0.535025310313,-0.00596455860097,-0.826309041266,-0.057530039717,0.290956319226,-0.127757407087,0.573677952043,0.819064023413,0.00291200824098,0.0,0.819031688378,-0.573614028272,-0.011609776239,0.0,-0.00783893218347,0.00904547383602,-0.999928362707,0.0,0.638369929158,0.230687124227,0.303913301513,1.0,-0.116574857143,-0.153212669388,1.202
0.445094171393,0.420438473406,-0.12504098846,-1.55301930995,0.0671749475397,1.96514477852,0.130227648723,-0.114483240105,-0.560584963081,-0.00278655076729,-0.872176106753,-0.0580559053852,0.280278684403,-0.142185502289,0.573604785247,0.819115648285,0.00280213814107,0.0,0.819081837346,-0.573541184395,-0.011670494125,0.0,-0.00795249584293,0.00898960481114,-0.999927969813,0.0,0.636562157349,0.228359664171,0.303894611836,1.0,-0.123783428571,-0.162686791837,1.217
0.443094191592,0.410360135303,-0.125164009965,-1.56814332316,0.0660872343318,1.97048700742,0.127747632835,-0.124145376046,-0.595991611542,-0.00794599401362,-0.902698039641,-0.0693911361949,0.311223605446,-0.153193761568,0.573618758593,0.819105140061,0.00300603006333,0.0,0.819074576064,-0.573555185111,-0.0114906648862,0.0,-0.00768808656104,0.00905359803698,-0.999929460356,0.0,0.634596139762,0.225726357979,0.303993141993,1.0,-0.131472571429,-0.172792522449,1.233
0.440444903144,0.397836487956,-0.125272187855,-1.58702395687,0.0648309239083,1.97686307973,0.124577008628,-0.141439889958,-0.660317366354,-0.00113188083431,-0.942494733468,-0.0786332959448,0.34552465451,-0.160746948364,0.573682414346,0.819060439251,0.00303829309863,0.0,0.819029467568,-0.573617757435,-0.0115821635297,0.0,-0.00774382216706,0.00913311095667,-0.999928307181,0.0,0.63188995975,0.222187108674,0.304011281953,1.0,-0.141084,-0.185424685714,1.253
0.438302121042,0.388029694499,-0.125398140751,-1.60184689862,0.063703307187,1.98190690795,0.122036907452,-0.145751180589,-0.669710171425,-0.0108228163929,-1.00321374852,-0.0730097782379,0.340288278053,-0.175184633657,0.573707906816,0.819042759293,0.00299048615198,0.0,0.819011711585,-0.573644038784,-0.0115360285955,0.0,-0.00773317502557,0.00906772858218,-0.99992898463,0.0,0.629755796282,0.219337383132,0.3039857338,1.0,-0.148292571429,-0.194898808163,1.268
0.435544685784,0.375633960046,-0.125525011979,-1.6203082934,0.0623232632179,1.98801797402,0.118714317626,-0.156814464073,-0.705647358184,-0.00427433139979,-1.04162145972,-0.0756349576906,0.346452184138,-0.186500890533,0.573641550559,0.819089267683,0.0029816002334,0.0,0.819058162423,-0.573577786757,-0.0115323895272,0.0,-0.00773602577206,0.00905773620776,-0.999929053143,0.0,0.627023563776,0.215762094039,0.304024840644,1.0,-0.156942857143,-0.206267755102,1.286
0.432819985578,0.364249141745,-0.125671678556,-1.63722526587,0.0610443188124,1.99362638006,0.11571672446,-0.176406945303,-0.732695201302,-0.0150896167943,-1.0612935427,-0.0820950841306,0.348144424676,-0.185467468792,0.573775986572,0.818995050887,0.00299512227191,0.0,0.818964308725,-0.573712383358,-0.0115025700633,0.0,-0.0077023575115,0.00905297102488,-0.999929356207,0.0,0.624516302487,0.212359835865,0.304045387718,1.0,-0.164632,-0.216373485714,1.302
0.429727344317,0.35166280614,-0.125825686688,-1.65597830902,0.0596113930741,1.99972009667,0.112237621269,-0.187106845005,-0.745099905795,-0.00955086691593,-1.13370002815,-0.0802468047251,0.357964318188,-0.208064823627,0.573817231846,0.81896654352,0.00288650859113,0.0,0.818934314576,-0.573753877269,-0.0115682163726,0.0,-0.00781798720192,0.00900207614879,-0.999928918324,0.0,0.621662546748,0.208559443739,0.303996614965,1.0,-0.172801714286,-0.22711082449,1.319
0.426424687673,0.338509590513,-0.125986960478,-1.67507930904,0.0581651648318,2.00597184328,0.108619625692,-0.198461173672,-0.762612244493,-0.00984019467864,-1.14860372753,-0.094848038034,0.370871524331,-0.218196793793,0.573901797154,0.818906450117,0.00311449536841,0.0,0.818877125438,-0.573837659311,-0.0114604141185,0.0,-0.00759793859439,0.00912771701006,-0.999929475569,0.0,0.618737779437,0.204624077008,0.304125577735,1.0,-0.180971428571,-0.237848163265,1.336
0.422960413645,0.325027315694,-0.12606960773,-1.69480979586,0.0565299112469,2.01229716635,0.104737131705,-0.212812109998,-0.799101546703,-0.00728795853878,-1.16639466039,-0.108532026874,0.38115684853,-0.232209816244,0.573767061977,0.819000908135,0.00310128436545,0.0,0.818971742107,-0.573703376863,-0.0114222549291,0.0,-0.00757576570379,0.0090937529943,-0.999929953262,0.0,0.615615267176,0.200573900598,0.304130943687,1.0,-0.189141142857,-0.248585502041,1.353
0.41947071591,0.311964471394,-0.126116467715,-1.71390057252,0.0549851446509,2.01823825206,0.100959094038,-0.222684241045,-0.802685597455,-0.00268739151391,-1.19788540357,-0.100913610134,0.367675414672,-0.247827301079,0.573686933141,0.819057416946,0.00299956509313,0.0,0.81902643691,-0.57362298039,-0.0115377169261,0.0,-0.00772958197274,0.00907593528916,-0.999928937956,0.0,0.612508247247,0.19661377128,0.304086457735,1.0,-0.196830285714,-0.258691232653,1.369
0.415488360389,0.297583599939,-0.126233408527,-1.7347025901,0.0531965781824,2.02467969115,0.0966897164896,-0.237444660751,-0.849291995052,-0.00918925369516,-1.23444082306,-0.107714696083,0.37410913455,-0.244449296453,0.573599275392,0.819119053358,0.0029316541115,0.0,0.819087495159,-0.57353590232,-0.0115321691785,0.0,-0.00776496011404,0.00901629869902,-0.99992920337,0.0,0.609093838023,0.192168427246,0.304079235999,1.0,-0.205,-0.269428571429,1.386
0.411221780352,0.282737760224,-0.126402023769,-1.75579098023,0.0514920430932,2.03115829369,0.0922948473503,-0.258438347781,-0.873093489363,-0.00634702442161,-1.26333859557,-0.10498799222,0.38020011503,-0.266598030689,0.5736838425,0.819059143524,0.00311691584496,0.0,0.819029521151,-0.573619330777,-0.0115001627402,0.0,-0.00763153719403,0.00915047981722,-0.99992901166,0.0,0.605593374832,0.187547912843,0.304181187522,1.0,-0.213169714286,-0.280165910204,1.403
