position_joint1,position_joint2,position_joint3,position_joint4,position_joint5,position_joint6,position_joint7,velocity_joint1,velocity_joint2,velocity_joint3,velocity_joint4,velocity_joint5,velocity_joint6,velocity_joint7,ee_T_00,ee_T_10,ee_T_20,ee_T_30,ee_T_01,ee_T_11,ee_T_21,ee_T_31,ee_T_02,ee_T_12,ee_T_22,ee_T_32,ee_T_03,ee_T_13,ee_T_23,ee_T_33,v_x,v_y,time
0.465083173335,0.547868015975,-0.123941915199,-1.35585117802,0.0794831523899,1.89409775134,0.159177974471,-0.00156673323424,0.00221881777281,0.000317045851839,-0.000191765102216,-0.000224893278378,0.000116037797305,0.000781851632227,0.573777454712,0.818997403796,0.00185255010851,0.0,0.818952871562,-0.57371918426,-0.0119682360303,0.0,-0.00873927895797,0.00838441666394,-0.999926660591,0.0,0.661657800997,0.260917480337,0.303142400936,1.0,0.0,0.0,0.0
0.465090961579,0.547860220608,-0.123941347806,-1.35584867236,0.0794837493321,1.89409719558,0.159168626669,0.00149500500727,-0.00103279843593,-0.00546708159801,0.00164630477215,-0.000432486394109,0.000163578196587,-0.000975840842708,0.573763029077,0.819007489459,0.00186160541913,0.0,0.818963067836,-0.573704714578,-0.0119641503185,0.0,-0.00873088500686,0.00838933473295,-0.999926692668,0.0,0.661656277056,0.260923423135,0.303149049725,1.0,-6e-05,-7.88571428571e-05,0.004
0.465088596756,0.547854900342,-0.123947245665,-1.35585348272,0.079480774179,1.89409632541,0.159171622187,0.000217115916583,-0.000880829724487,-0.00140637260039,-0.000256242725386,4.98617207812e-05,0.000172039907118,-0.000123178579811,0.573770998471,0.819001913454,0.00185848672523,0.0,0.81895750368,-0.573712746732,-0.0119598622365,0.0,-0.00872908059432,0.00838440517193,-0.999926749768,0.0,0.661657280435,0.260917402814,0.303150643424,1.0,-0.0004,-0.000525714285714,0.021
0.465082245185,0.547846080976,-0.12393917135,-1.35586368162,0.0794829021611,1.89409602891,0.159173266539,-0.000399557222222,-0.000152401341403,0.00074489991418,-2.1044599007e-05,-0.000283528579807,7.70926170582e-05,-0.0059780968937,0.573773008323,0.819000500233,0.00186076305011,0.0,0.818956047882,-0.573714677221,-0.0119669411496,0.0,-0.00873355186307,0.00839035251769,-0.999926660839,0.0,0.661654799467,0.260917102704,0.303151748146,1.0,-0.00072,-0.000946285714286,0.037
0.46508713172,0.547816939979,-0.123939567818,-1.35590032515,0.079480652839,1.8940987002,0.159165017408,0.000856699618667,0.00162846460207,-0.000874764043541,-0.00296720064177,-0.00228900547178,-0.000448898506548,-0.0012204114674,0.57376389786,0.819006890903,0.00185716627598,0.0,0.818962378553,-0.573705570658,-0.0119702803585,0.0,-0.00873844370364,0.00838922554632,-0.999926627556,0.0,0.661646644348,0.260915955577,0.303155193081,1.0,-0.00106,-0.00139314285714,0.054
0.46508641974,0.54768873431,-0.123945174419,-1.35604742331,0.079480968714,1.89413092264,0.159164776851,0.000380199450637,-0.00815270950449,-0.00141184745564,-0.0158754216885,0.000100336615857,0.00339911966888,-0.00593576711126,0.573776312044,0.818998155994,0.00187379736042,0.0,0.818953776452,-0.573717831491,-0.0119711639304,0.0,-0.00872949829572,0.00840348550862,-0.999926585951,0.0,0.661624196348,0.26089870641,0.303178988437,1.0,-0.0014,-0.00184,0.071
0.465074829228,0.547560187864,-0.123942651967,-1.35624149535,0.0794737661555,1.89417247575,0.159169060351,-0.00140870253357,-0.0130413238699,-0.00400288567934,-0.0155377692526,-0.00178587929318,0.00388816425553,0.00156274029856,0.57379628967,0.818984196948,0.00185742046052,0.0,0.818939509017,-0.573737785685,-0.0119908610802,0.0,-0.00875482198785,0.00840158835438,-0.999926380493,0.0,0.661594228487,0.26087279892,0.303181193086,1.0,-0.00172,-0.00226057142857,0.087
0.465060963057,0.547378152136,-0.123939911079,-1.35646614973,0.0794743071868,1.89430401707,0.159151348278,-0.000896257206635,-0.0128454801761,0.000751524852616,-0.0158351081796,-1.68887663573e-05,0.00284182501335,-0.000480849953499,0.573804226924,0.818978443401,0.00194044076168,0.0,0.818934762125,-0.573745295204,-0.0119556896824,0.0,-0.00867830045242,0.00844948234786,-0.999926643984,0.0,0.661576728093,0.260849975569,0.303214547191,1.0,-0.00208,-0.00273371428571,0.105
0.465027106491,0.547175932778,-0.123937641636,-1.35670120554,0.0794686068442,1.8944250174,0.159136141167,-0.00257371962521,-0.011107570799,0.000632890151861,-0.0105100707886,-0.00103708646866,0.00645934527601,-0.00309880072394,0.573829710609,0.81896039439,0.00202053080481,0.0,0.818917719348,-0.573770405135,-0.0119179709437,0.0,-0.00860119100553,0.00849369782623,-0.999926935636,0.0,0.661560936091,0.260810956207,0.303256328625,1.0,-0.00242,-0.00318057142857,0.122
0.464998424308,0.546973472416,-0.123939908221,-1.35700259756,0.0794649719263,1.89454650622,0.159124808519,-0.00180775459253,-0.0153537918861,0.00359339912182,-0.0189967198828,-0.00266154659921,0.00482930633916,0.000359179925493,0.573861462582,0.818938080774,0.00204658823933,0.0,0.818895639872,-0.573801941674,-0.0119167794019,0.0,-0.0085849334334,0.00851468657672,-0.999926896843,0.0,0.661529584313,0.260765217648,0.303266896137,1.0,-0.00274,-0.00360114285714,0.138
0.46496829858,0.546723339482,-0.123937405437,-1.35738454997,0.079453871427,1.89468723547,0.159044898869,0.000279761950836,-0.0131482559487,0.00073619647527,-0.020429458596,0.000278790164451,0.0103650143808,-0.0017999913264,0.573837360757,0.818954931306,0.00206174417347,0.0,0.818912560822,-0.57377765441,-0.0119234193648,0.0,-0.00858192557963,0.0085306559419,-0.999926786551,0.0,0.661484524656,0.260712442809,0.303274372427,1.0,-0.00308,-0.004048,0.155
0.464924641579,0.546437251238,-0.123939922852,-1.35781591003,0.079443747076,1.89484426686,0.158937710205,0.000573740403581,-0.0232266675212,8.66696057341e-05,-0.0230486198795,-0.000847004683856,0.00988356523638,-0.00280455335197,0.5738085033,0.818975102864,0.00208070447263,0.0,0.81893283831,-0.573748582138,-0.0119296996634,0.0,-0.00857649089199,0.00854948493222,-0.999926672367,0.0,0.661436925234,0.260643685229,0.30328536351,1.0,-0.00342,-0.00449485714286,0.172
0.464888772919,0.546222057497,-0.123945497536,-1.35819343333,0.0794267891035,1.89497679063,0.158935353313,-0.00127402707815,-0.0188275316825,-3.83855958565e-05,-0.0319707028355,-5.91749115648e-05,0.0166316114015,0.000219274042482,0.573856455185,0.818941566144,0.00205596311521,0.0,0.818898943268,-0.573796594463,-0.0119472088481,0.0,-0.0086045269551,0.00853977335849,-0.999926514493,0.0,0.661393942852,0.260580991251,0.303269723006,1.0,-0.00368,-0.00483657142857,0.185
0.464825225831,0.54580851979,-0.123940594381,-1.3588854364,0.0793592627432,1.89520926643,0.158845555804,-7.59439354509e-05,-0.0236227587378,0.000470192619195,-0.0344435171109,-0.00337126325326,0.0130231317308,-0.00142290255023,0.573852155808,0.818944708623,0.00200359520908,0.0,0.818901571093,-0.573792679551,-0.0119551100452,0.0,-0.0086410922166,0.00850137661477,-0.999926526361,0.0,0.661311509081,0.260469928654,0.303253065649,1.0,-0.0041,-0.00538857142857,0.206
0.464761025821,0.545432340741,-0.123945205522,-1.3595454074,0.0792831062004,1.8954315614,0.158743870884,-0.00499510086814,-0.0246850148609,0.0024073419258,-0.0417327227103,-0.00083859136265,0.0136639177355,-0.00431371282782,0.573841221947,0.818952548003,0.00192951176764,0.0,0.818908759851,-0.573782366376,-0.0119576743401,0.0,-0.00868581526987,0.00844206307959,-0.999926641401,0.0,0.661236166779,0.260354152126,0.303224587271,1.0,-0.00444,-0.00583542857143,0.223
0.464708162417,0.545068503454,-0.123946287457,-1.36015471991,0.0792741136097,1.89562283738,0.158693416927,-0.00316331748657,-0.0276951321408,0.00190440383361,-0.0406323324779,0.000256910324158,0.00942930130487,-0.00435176549246,0.573875373109,0.818928689709,0.00189847612601,0.0,0.818884194273,-0.573816352462,-0.012009034897,0.0,-0.00874533494177,0.00844648409595,-0.99992608528,0.0,0.661158361062,0.260262543665,0.303208766427,1.0,-0.00474,-0.00622971428571,0.238
0.46465276129,0.54468946354,-0.123947015284,-1.36079066643,0.0792515136808,1.89585068112,0.158606941336,-0.00711476744586,-0.0241478454049,-7.41496871971e-06,-0.0443833410102,-0.000345553593042,0.015639360108,-0.00252296936045,0.573879891824,0.81892556225,0.00188152963608,0.0,0.818880684111,-0.573820788129,-0.0120364115002,0.0,-0.00877743322944,0.0084483654625,-0.99992578814,0.0,0.661083403309,0.260166785935,0.303194139282,1.0,-0.00504,-0.006624,0.253
0.464574816624,0.544125956191,-0.123946723797,-1.36170644715,0.0792118639992,1.89618432673,0.158482670266,-0.00186623163131,-0.0281173579786,0.00125759656416,-0.0468961829123,-0.000442048951357,0.0149474198931,-0.00150911587157,0.573882242568,0.818923933114,0.00187359005561,0.0,0.81887878633,-0.573823014558,-0.0120593599673,0.0,-0.00880075884335,0.00845505847883,-0.999925526542,0.0,0.660976528476,0.260030349224,0.303185952288,1.0,-0.00544,-0.00714971428571,0.273
0.464495215094,0.543605789309,-0.123949729615,-1.36254674114,0.0791687260913,1.89646838343,0.158385617244,-0.00725551540579,-0.0341905927506,-0.000583873432665,-0.0505723581541,-1.04230665428e-05,0.0195095912699,-0.00326095923848,0.573901002282,0.818910858185,0.00184196278287,0.0,0.818865238498,-0.573841853824,-0.0120828341528,0.0,-0.00883793890505,0.00844283247487,-0.999925301918,0.0,0.660870703707,0.259890079844,0.303177395361,1.0,-0.0058,-0.00762285714286,0.291
0.464422618363,0.543083102687,-0.123957978209,-1.36335953528,0.0791176816526,1.89676192656,0.15828508363,-0.00159846824359,-0.0343867551531,-0.0019063861312,-0.0539238310438,-0.00471186962134,0.0132684395211,-0.00526910489587,0.573919659032,0.818897773496,0.00184619638459,0.0,0.818852211873,-0.573860492166,-0.0120804612009,0.0,-0.00883337368418,0.00844513876156,-0.999925322782,0.0,0.660785946696,0.259764666865,0.303187346615,1.0,-0.0061,-0.00801714285714,0.306
0.464346297119,0.542417173832,-0.123950759656,-1.36438726453,0.0790631627684,1.89712792191,0.158142079566,4.07985258437e-05,-0.0370614228766,0.0016204301689,-0.0511314272497,-0.000294972718828,0.0155252520838,-0.00987222443343,0.573902466165,0.81890980012,0.00185620528454,0.0,0.818864231004,-0.573843124916,-0.0120907431608,0.0,-0.00883622754892,0.0084590502936,-0.999925179976,0.0,0.66066082671,0.259621190931,0.303200662048,1.0,-0.00648,-0.00851657142857,0.325
0.464272114707,0.541884638958,-0.123958389322,-1.36522828528,0.079015372665,1.89744735503,0.158019820929,-0.00230207750006,-0.0369621652335,0.00058689807471,-0.0573460305501,-0.00056412869103,0.0231323389601,-0.01038038305,0.573902461759,0.818909784125,0.00186460514155,0.0,0.818864338692,-0.573843096735,-0.0120847858717,0.0,-0.00882652853883,0.00846250994733,-0.999925236365,0.0,0.660568273748,0.259488867146,0.303204879628,1.0,-0.00678,-0.00891085714286,0.34
0.464185526087,0.541236333664,-0.123950873829,-1.36622772633,0.0789463197063,1.8978292248,0.157890411904,-0.00508252621155,-0.0381199393899,0.00079472836816,-0.0632034909057,-0.002530292437,0.0292782177431,-0.01080912261,0.573899189509,0.818912025743,0.00188713435968,0.0,0.81886692582,-0.573839775025,-0.0120671992817,0.0,-0.00879923126488,0.00847083088887,-0.999925406495,0.0,0.660455465385,0.259340651966,0.303220362671,1.0,-0.00712,-0.00935771428571,0.357
0.464092891659,0.540530934129,-0.123958959755,-1.36730146065,0.0788925991671,1.89821843367,0.157756972721,-0.00841936571721,-0.0411324461569,-0.000661018373763,-0.0685144784954,-0.00516058111587,0.0282069875129,-0.00695841158947,0.57391650485,0.818899839101,0.00190941910906,0.0,0.818854950106,-0.573856913461,-0.0120648440265,0.0,-0.00878433460132,0.00848791382318,-0.999925392609,0.0,0.660332571005,0.259174317027,0.303241923289,1.0,-0.00746,-0.00980457142857,0.374
0.464007250347,0.539920419328,-0.123954035447,-1.36822076628,0.0788410187131,1.89856258276,0.157654981777,-0.00883241964801,-0.0438976214895,-0.000719437471496,-0.0654527932647,-0.00403613404596,0.0192747507156,-0.00223986419608,0.57393674202,0.81888557725,0.00194278972803,0.0,0.818841064777,-0.573876945455,-0.0120544187061,0.0,-0.00875643597432,0.00850947364241,-0.999925454065,0.0,0.660228782271,0.259034528836,0.303265482411,1.0,-0.00774,-0.0101725714286,0.388
0.46389445348,0.539087411435,-0.123957630667,-1.36954125973,0.0787604221793,1.89906293752,0.157483783485,-0.00710006581259,-0.0382344004026,0.000469250767788,-0.0715054486287,-0.00565869577973,0.0251167378934,-0.0063242055373,0.573942973096,0.818881190364,0.00195105180121,0.0,0.81883681382,-0.57388316726,-0.0120469735171,0.0,-0.0087455326054,0.00851203272072,-0.999925527706,0.0,0.66007963083,0.258833082417,0.303269011061,1.0,-0.00812,-0.010672,0.407
0.463776490477,0.538272214785,-0.123970759774,-1.37081523018,0.078686415818,1.89955414365,0.157323956077,-0.00826374466665,-0.0494692985249,-0.000239788035631,-0.0683048374655,-0.00412650581963,0.026426546585,-0.0136903754769,0.573972129863,0.818860669817,0.00198606871577,0.0,0.818816777241,-0.573912196004,-0.0120259506384,0.0,-0.00870791659124,0.00852895109551,-0.999925711832,0.0,0.659936000077,0.258613689555,0.303288141671,1.0,-0.0085,-0.0111714285714,0.426
0.463666507031,0.537567999726,-0.123969380595,-1.371929958,0.0786243392801,1.89997521193,0.157182535139,-0.0114733701752,-0.0476009412985,8.11441539465e-05,-0.074410299963,-0.00514445328622,0.0208865890547,-0.00866608732785,0.573986747835,0.818850421383,0.00198685979959,0.0,0.818806513946,-0.573926784089,-0.0120285546537,0.0,-0.00870944267533,0.00853124896599,-0.999925678938,0.0,0.659817649924,0.258452118668,0.303284669056,1.0,-0.00878,-0.0115394285714,0.44
0.46356106177,0.536680592314,-0.123980726746,-1.37330354149,0.0785478142907,1.90049213988,0.157023889285,-0.00417327009086,-0.0473932237702,-0.00107630483866,-0.0810756189199,-0.00312521173763,0.0259992398536,-0.00822773184812,0.574006311183,0.818836643963,0.00201298965672,0.0,0.818793076207,-0.573946232201,-0.0120153152112,0.0,-0.0086833997371,0.00854525327807,-0.999925785854,0.0,0.659659709178,0.258247264305,0.303302588443,1.0,-0.00914,-0.0120125714286,0.458
0.46345114939,0.535822601618,-0.123986736791,-1.37466484564,0.0784662239674,1.90098810305,0.156855001968,-0.00395090636975,-0.0486610336653,-0.00330523963731,-0.0861182474888,-0.000801087445962,0.0362981638748,-0.0158391322629,0.574015147416,0.818830469193,0.00200503330235,0.0,0.818786793328,-0.57395509698,-0.0120200092921,0.0,-0.00869171810738,0.00854152664477,-0.999925745423,0.0,0.659499540325,0.258041406328,0.303303419551,1.0,-0.00948,-0.0124594285714,0.475
0.463346433739,0.535022910361,-0.123982188559,-1.37591953283,0.0783953660569,1.90144826925,0.156703174165,-0.00756638686634,-0.0493638379893,4.30824369717e-05,-0.0867566482827,-0.00386248903541,0.0313697210481,-0.0166018894236,0.57402318845,0.818824813136,0.00201281295689,0.0,0.818781150364,-0.57396301688,-0.0120262198537,0.0,-0.00869225438009,0.00855154701749,-0.999925655115,0.0,0.659350808409,0.257856318044,0.303310257502,1.0,-0.00978,-0.0128537142857,0.49
0.463215472368,0.534082339483,-0.123982112403,-1.37748142368,0.0783133847809,1.90201240981,0.156511920839,-0.00741537362864,-0.057085616426,0.000648681387466,-0.0863512319136,-0.0046790844841,0.0287714229454,-0.0137999113292,0.574037352562,0.818814989245,0.0019693024705,0.0,0.818770595459,-0.573977206755,-0.0120675200312,0.0,-0.00875090003522,0.00853977862431,-0.999925244171,0.0,0.659163170123,0.257621977253,0.30327930018,1.0,-0.01014,-0.0133268571429,0.508
0.463086167476,0.53316085433,-0.123982138675,-1.37895883847,0.0782213788378,1.90257513026,0.15631595159,-0.0076869973771,-0.0551624934073,0.000647996922519,-0.0873857638579,-0.00733426349699,0.0329697446001,-0.0137749798259,0.574039003333,0.818813825889,0.00197182295003,0.0,0.81876949092,-0.57397887167,-0.0120632713466,0.0,-0.00874595703885,0.00853942114405,-0.99992529047,0.0,0.658994164078,0.257396756803,0.303274737532,1.0,-0.01048,-0.0137737142857,0.525
0.462963785194,0.532261451371,-0.123982375835,-1.38042540183,0.0781456445079,1.90311567113,0.156143826411,-0.00729532286289,-0.0558130341952,0.000860167978315,-0.0878432802132,0.00032342172104,0.0287902066496,-0.00431467512384,0.574058227233,0.818800389742,0.00195458582598,0.0,0.818755684385,-0.573998026626,-0.0120889047302,0.0,-0.00877664047516,0.00854022790009,-0.999925014733,0.0,0.65881965924,0.257178116298,0.303257704845,1.0,-0.0108,-0.0141942857143,0.541
0.462829186851,0.531261006294,-0.123985335004,-1.38202672905,0.0780503997187,1.90369839612,0.155932667434,-0.0108316075466,-0.0585166400816,0.000372594027177,-0.0913827376425,-0.00131937026469,0.0360848606088,-0.0138368740543,0.574059238012,0.818799719054,0.00193861589963,0.0,0.818754764434,-0.573999067881,-0.0121017639116,0.0,-0.00879632652807,0.00853454469038,-0.999924890273,0.0,0.658629242963,0.256934919586,0.303251269138,1.0,-0.01114,-0.0146411428571,0.558
0.46268686767,0.530144734116,-0.123990586566,-1.38376585928,0.0779363843458,1.90431200486,0.15570680261,-0.00654117968876,-0.0617309503412,-0.000744507077022,-0.0927003287093,-0.0154856009543,0.030397604838,-0.0111653120208,0.574058169374,0.818800499196,0.00192551081762,0.0,0.81875541287,-0.573998095409,-0.0121040184641,0.0,-0.00880570635581,0.00852509722057,-0.999924888306,0.0,0.658418930592,0.256669579457,0.303263326637,1.0,-0.0115,-0.0151142857143,0.576
0.46255148892,0.529099021015,-0.123995677261,-1.38541918509,0.0778324664279,1.90493563221,0.15547506565,-0.0025199982823,-0.0607617722144,-0.00103543006697,-0.100524615575,-0.00322453089598,0.0382761772388,-0.016143327659,0.574044687443,0.818809929529,0.00193468954059,0.0,0.818765015252,-0.573984625298,-0.0120932470093,0.0,-0.00879175794905,0.00852628446824,-0.99992500092,0.0,0.658225942896,0.256420476792,0.303267145792,1.0,-0.01184,-0.0155611428571,0.593
0.462400256997,0.527991008574,-0.123989221949,-1.38712307115,0.0777272582333,1.90560318983,0.155235089529,-0.013384985005,-0.0605962578223,0.00144194860194,-0.0972255291022,-0.00183090580003,0.0387534174633,-0.00887942928483,0.574031602208,0.818818958869,0.00199478450429,0.0,0.818774850385,-0.573971300394,-0.0120597513362,0.0,-0.0087299720564,0.00855612249767,-0.999925287387,0.0,0.658032560466,0.256165262362,0.303293929948,1.0,-0.01218,-0.016008,0.61
0.462255028913,0.526807655624,-0.123994233251,-1.38889987769,0.0776093026802,1.90627886063,0.154991870947,-0.00700509301459,-0.0595791700291,-0.000661223996581,-0.106981386972,-0.00771367651859,0.0420952200162,-0.0123167823306,0.574019108893,0.818827560632,0.00205802732934,0.0,0.818784406937,-0.573958665919,-0.0120121470003,0.0,-0.00865482103794,0.00858044780351,-0.999925732236,0.0,0.657826948632,0.255898204759,0.303339780602,1.0,-0.01252,-0.0164548571429,0.627
0.462111707829,0.525709417705,-0.124002057308,-1.39063199828,0.077513781044,1.90690610319,0.154761612874,-0.00874030746531,-0.0686338867925,-0.000721933044461,-0.110758180779,-0.00394607499273,0.0468231119636,-0.00915469377476,0.574021048132,0.818826207167,0.00205564063714,0.0,0.818782927614,-0.573960521155,-0.0120243297384,0.0,-0.00866614659216,0.00858550711611,-0.999925590717,0.0,0.657618274957,0.255635315686,0.303342679394,1.0,-0.01284,-0.0168754285714,0.643
0.461951453757,0.524527472592,-0.124000543854,-1.39249376407,0.0773928446765,1.90757308603,0.154502062922,-0.00704678007974,-0.071823639883,0.000259349702389,-0.111752771337,-0.00594003596016,0.0436462850209,-0.0205926778343,0.574006005445,0.81883678882,0.00204105087235,0.0,0.81879332098,-0.573945544492,-0.0120314744467,0.0,-0.00868052897355,0.00857750255235,-0.999925534661,0.0,0.657392325126,0.255351088636,0.303345571058,1.0,-0.01318,-0.0173222857143,0.66
0.461783040876,0.523259344119,-0.124012216092,-1.39451714279,0.0772598963267,1.90831987356,0.154228698306,-0.00619169156633,-0.0655693103174,-0.000275477904884,-0.113937459213,-0.00865789028864,0.0368273361743,-0.0176032054056,0.574000992242,0.818840344434,0.00202438479502,0.0,0.818796769761,-0.573940712158,-0.0120272880633,0.0,-0.0086867190957,0.00856139984672,-0.999925618906,0.0,0.657151663656,0.25503927373,0.303339163003,1.0,-0.01354,-0.0177954285714,0.678
0.461646471214,0.522245754627,-0.124007018602,-1.39612137218,0.07716665208,1.90895056673,0.154008214782,-0.00425657057756,-0.0735104482899,7.3306776539e-06,-0.119687147362,-0.0130583057581,0.0448295502715,-0.024800502509,0.573989599429,0.818848242393,0.0020597519146,0.0,0.818805094012,-0.57392913584,-0.0120129910889,0.0,-0.00865483163497,0.00858203253385,-0.999925718545,0.0,0.656965109077,0.254803149917,0.303342460558,1.0,-0.01382,-0.0181634285714,0.692
0.461470723115,0.520920522531,-0.124013126394,-1.39826122477,0.0770367674186,1.90975107549,0.15372571191,-0.00586855198783,-0.0731584662672,0.000899726282869,-0.11485121041,-0.00239290341273,0.044273218287,-0.0185849856633,0.573985843656,0.818850913914,0.00204425207924,0.0,0.81880756309,-0.573925446003,-0.012020979929,0.0,-0.00867030904499,0.00857388644333,-0.999925654343,0.0,0.656708343331,0.254480883313,0.303324590305,1.0,-0.01418,-0.0186365714286,0.71
0.461320531861,0.519769655051,-0.124021649504,-1.4000684564,0.0769194196822,1.91041298981,0.153473914906,-0.0114410244496,-0.0724703951206,-0.000808431468676,-0.118086140232,-0.00453088460625,0.0443323162142,-0.0257328418486,0.573973155479,0.818859811612,0.0020426985375,0.0,0.818816509014,-0.573912833744,-0.0120137725817,0.0,-0.00866543148328,0.00856834321054,-0.999925744139,0.0,0.656490508593,0.254203876067,0.303330230396,1.0,-0.01448,-0.0190308571429,0.725
0.461146638709,0.518337576189,-0.12402159804,-1.40228302324,0.0767769066269,1.91119245461,0.153174926869,-0.0100276515386,-0.0717792379716,-0.000860906241412,-0.122566984988,-0.00587690852549,0.0427113928108,-0.0168531643879,0.573961041922,0.818868327967,0.00203241461923,0.0,0.818824883906,-0.573900758158,-0.0120198246057,0.0,-0.00867641643434,0.00856326758847,-0.999925692362,0.0,0.656199145657,0.253852133623,0.303343512641,1.0,-0.01486,-0.0195302857143,0.744
0.46096483822,0.516971771141,-0.124028285716,-1.4044120326,0.0766422706261,1.91196513243,0.152887302903,-0.0112242335156,-0.0828832430814,-0.000319403205067,-0.122921901103,-0.000217260628161,0.0433149138915,-0.0104331933773,0.573945926961,0.81887890925,0.00203759921485,0.0,0.818835517391,-0.573885607819,-0.0120187976874,0.0,-0.0086727580543,0.00856676352371,-0.999925694155,0.0,0.655936393544,0.253528145951,0.303358740915,1.0,-0.0152,-0.0199771428571,0.761
0.460755879381,0.51545707783,-0.124032176804,-1.40684816404,0.0764848058464,1.91289289279,0.152555560887,-0.00857468398337,-0.0823761456937,-0.000829508698895,-0.12882890965,-0.0150555525117,0.0486346496465,-0.018029536003,0.573932218115,0.818888515812,0.00203827906705,0.0,0.81884524361,-0.573872007271,-0.0120055482342,0.0,-0.0086616610392,0.00855957084518,-0.999925851939,0.0,0.655662622567,0.253177382381,0.303344388591,1.0,-0.01556,-0.0204502857143,0.779
0.460593951092,0.514240039815,-0.124026426977,-1.40882139058,0.0763777405627,1.91358913241,0.152288039818,-0.00709071398957,-0.0780474254785,0.00310764887017,-0.134806965227,-0.00196690137745,0.0432812466222,-0.0201538894176,0.573916549122,0.818899601963,0.00199585827337,0.0,0.818855532681,-0.573856281849,-0.0120553424037,0.0,-0.00872694730883,0.00855324477686,-0.99992533841,0.0,0.655410390963,0.252886355426,0.303318582668,1.0,-0.01586,-0.0208445714286,0.794
0.460387443171,0.512740732002,-0.12403008359,-1.41124066559,0.0762373524803,1.91441854709,0.151952488159,-0.0113893451678,-0.0847397345279,-0.00113829938839,-0.134831823529,-0.00227039673246,0.0438612767741,-0.0100665009297,0.573902193061,0.818909836842,0.00192323284058,0.0,0.818864614959,-0.573842046477,-0.0121158972112,0.0,-0.00881836532016,0.00852837149744,-0.999924748825,0.0,0.655100506416,0.252515161409,0.303289720178,1.0,-0.01622,-0.0213177142857,0.812
0.460217906548,0.511482691695,-0.124032581058,-1.41325694364,0.076107010031,1.9151962556,0.151660023244,-0.00660481449159,-0.0746799585242,0.00117783919747,-0.134225620052,-0.00679794849349,0.0539794059898,-0.0155788156668,0.573873769907,0.81892973288,0.00193280071714,0.0,0.818884718574,-0.573813664568,-0.01210136119,0.0,-0.00880126647613,0.00852755892038,-0.999924906404,0.0,0.654858935963,0.252211612936,0.303278672714,1.0,-0.01652,-0.021712,0.827
0.460013554185,0.510007416976,-0.124035531794,-1.41558995869,0.075969247762,1.91607256301,0.151330048286,-0.0154759270735,-0.0847795123022,0.000592532742078,-0.139105920243,-0.00397651041037,0.05116952055,-0.0218647779772,0.573857636213,0.8189409995,0.00194925626166,0.0,0.818896143879,-0.573797405885,-0.012099150383,0.0,-0.00879018135966,0.00853959268871,-0.999924901214,0.0,0.654575718108,0.251855823879,0.30327711911,1.0,-0.01686,-0.0221588571429,0.844
0.459806176161,0.508492553721,-0.124038969991,-1.41796898272,0.075811254378,1.91691831078,0.151004883551,-0.0160631137711,-0.0881924672878,0.00202774717692,-0.134113401904,-0.00882062143231,0.0419256929859,-0.0133349139629,0.573844228798,0.818950447347,0.00192685422126,0.0,0.818905331129,-0.57378412996,-0.01210693009,0.0,-0.00880954705135,0.00852556729828,-0.999924850468,0.0,0.654277432088,0.251487671246,0.303278180674,1.0,-0.0172,-0.0226057142857,0.861
0.459589800834,0.506963023579,-0.124045248491,-1.42037350439,0.0756589083637,1.9177953791,0.150671868676,-0.0102957342828,-0.0862023605422,0.00065055320269,-0.13851936833,-0.011393601986,0.0458425222075,-0.0181373896364,0.573836465491,0.818955893099,0.00192430036097,0.0,0.818910754773,-0.573776389806,-0.0121069037897,0.0,-0.00881107173216,0.00852337724114,-0.999924855704,0.0,0.653981301812,0.251112219117,0.303279663752,1.0,-0.01754,-0.0230525714286,0.878
0.459379001207,0.505447595807,-0.12404855266,-1.42269430438,0.0755106468411,1.91868725523,0.150349895718,-0.0124671267864,-0.0975530824088,0.00163147439653,-0.144936116492,-0.0133391340411,0.0566754660315,-0.0199994032293,0.57382765493,0.818961902855,0.0019927393505,0.0,0.818917745517,-0.573767365957,-0.0120616226407,0.0,-0.00873480879332,0.00855334692932,-0.999925268893,0.0,0.653704578693,0.250753587545,0.303311732696,1.0,-0.01786,-0.0234731428571,0.894
0.459142632139,0.503699807329,-0.124059170663,-1.42531330409,0.0753440266568,1.91968170059,0.149994004546,-0.0175552113594,-0.100432804777,-0.000156772412422,-0.141817188087,-0.0106127028059,0.0494744714547,-0.0157283686741,0.573827070647,0.818962064529,0.0020920699144,0.0,0.818919316689,-0.573766470511,-0.011997373504,0.0,-0.00862520026477,0.00859781969271,-0.999925838959,0.0,0.653390900505,0.25034574009,0.30337268843,1.0,-0.01822,-0.0239462857143,0.912
0.458921074857,0.502098760784,-0.12406065631,-1.4276755088,0.0751931964754,1.92054925112,0.149655557092,-0.0147623120566,-0.0983896788946,0.000524425696441,-0.150591536989,-0.00915797413499,0.0516853552367,-0.0254796900884,0.573812456369,0.818972071006,0.00218145115892,0.0,0.818930514817,-0.573751514378,-0.011948161054,0.0,-0.00853376359854,0.00864262696147,-0.999926237219,0.0,0.653102014287,0.249975531248,0.303441402976,1.0,-0.01854,-0.0243668571429,0.928
0.458718601003,0.500587935564,-0.124061448792,-1.4299512102,0.0750513901253,1.92134940529,0.149335086106,-0.0165948592577,-0.103206685728,-0.000711120029829,-0.152798587943,-0.0054422430641,0.0548207747327,-0.0216862705518,0.5737976398,0.81898237635,0.00220968064593,0.0,0.818941111879,-0.573736507244,-0.0119424633181,0.0,-0.0085130564345,0.00866232236693,-0.999926243301,0.0,0.652791105472,0.249596553175,0.303482145858,1.0,-0.01886,-0.0247874285714,0.944
0.458440608821,0.498705722541,-0.124064537253,-1.43287202887,0.0748639935752,1.92242729115,0.148921474141,-0.011630270053,-0.0971311966237,-0.000650662146073,-0.151802808349,-0.00914827393619,0.057208420258,-0.0228063885332,0.573782953447,0.818992578549,0.00224176632999,0.0,0.818951763611,-0.573721725024,-0.0119221648661,0.0,-0.00847817773083,0.0086768005132,-0.99992641411,0.0,0.652451815479,0.249162335707,0.303498118702,1.0,-0.01922,-0.0252605714286,0.962
0.458166517817,0.496940743383,-0.124065251128,-1.43569029077,0.0746945810727,1.92344945677,0.148498210301,-0.0159095947424,-0.0930695313709,0.000590588078854,-0.153099018194,-0.0122774382715,0.0565047885643,-0.0193879058919,0.573758394083,0.819009850849,0.00221728037272,0.0,0.818968587019,-0.57369713538,-0.0119497796783,0.0,-0.00851510381597,0.00867233634108,-0.999926139067,0.0,0.652098521482,0.248714215239,0.303475811885,1.0,-0.01958,-0.0257337142857,0.98
0.45791443336,0.495366028147,-0.124070318975,-1.43824901362,0.0745387963013,1.92433044018,0.148137983786,-0.0129511031675,-0.0964147086747,-0.000745421516763,-0.157603049086,-0.0146295684631,0.0537459627869,-0.0181574787771,0.573760292577,0.819008750832,0.00213063936731,0.0,0.818966194756,-0.573699227799,-0.0120131082666,0.0,-0.00861666053272,0.00863773243197,-0.9999255686,0.0,0.651768296624,0.248299019684,0.303431743436,1.0,-0.0199,-0.0261542857143,0.996
0.457635031585,0.493627307915,-0.124091523069,-1.44105640911,0.0743574070397,1.92534336175,0.147741079911,-0.0154855246514,-0.103062527479,-0.00179050317947,-0.169871567651,-0.0110632038372,0.0648188329477,-0.0270261017511,0.573771319038,0.819001173493,0.00207320231855,0.0,0.818957928353,-0.573710555832,-0.0120356393688,0.0,-0.00866795159719,0.00860373580053,-0.999925418391,0.0,0.651418979282,0.24783415793,0.303394847827,1.0,-0.023004,-0.0302338285714,1.013
0.457328598605,0.491373355495,-0.124131614147,-1.44457766724,0.0741414745683,1.92665616988,0.147232494013,-0.0189538426279,-0.132105934634,0.00105867574959,-0.211010491422,-0.0167671131456,0.0789177105848,-0.0353221735505,0.573752750396,0.819014106151,0.00210291227714,0.0,0.818971362485,-0.573691977205,-0.0120070654626,0.0,-0.00862769819507,0.00861147756375,-0.999925699879,0.0,0.650980814421,0.247277616744,0.303402399931,1.0,-0.02754,-0.0361954285714,1.031
0.45699066898,0.489236375084,-0.124135482276,-1.44804354843,0.073948079706,1.92788293998,0.146740021061,-0.0248029156219,-0.145943954556,0.000384275672312,-0.23735262877,-0.00971039505665,0.0884133350287,-0.0352794027667,0.573749594951,0.819016508085,0.00202698785549,0.0,0.818972419258,-0.573688795679,-0.0120867327462,0.0,-0.00873654163178,0.00859497064504,-0.99992489684,0.0,0.650532155477,0.246724935058,0.303345476099,1.0,-0.03132,-0.0411634285714,1.046
0.456536759992,0.486394222216,-0.124176005325,-1.45245998715,0.0736728009721,1.92956881991,0.146096244028,-0.0243213918492,-0.17472065244,-0.00239438526976,-0.268905041096,-0.0159150436187,0.108899225493,-0.0390164639676,0.573768101275,0.819003335145,0.00210947432929,0.0,0.818960520823,-0.573707142484,-0.0120219339968,0.0,-0.00863594981742,0.00862554450681,-0.999925507402,0.0,0.650000355988,0.245990035685,0.303365523662,1.0,-0.035604,-0.0467938285714,1.063
0.456004550321,0.483006670427,-0.124237796158,-1.45768765066,0.0733511874299,1.93144113172,0.145286029939,-0.0301791362489,-0.194046294463,-0.00244201338977,-0.306327675079,-0.029678972095,0.105309710444,-0.0506306704267,0.573754996223,0.819012465734,0.00212889233725,0.0,0.818969956823,-0.573694009564,-0.0120058366051,0.0,-0.00861176286341,0.00863207379572,-0.999925659658,0.0,0.649343932753,0.245108741119,0.303392689013,1.0,-0.04014,-0.0527554285714,1.081
0.455530053519,0.480086496343,-0.12428074243,-1.46227604002,0.0730909416338,1.933040361,0.14461252799,-0.0327185584426,-0.215899255941,-0.00190364541018,-0.333942934217,-0.01392183415,0.119583909852,-0.0444611607051,0.573776924999,0.818997231967,0.00207876628285,0.0,0.818953773225,-0.573715853188,-0.0120658204301,0.0,-0.00868941966037,0.00862566890582,-0.999925043102,0.0,0.648751660772,0.244337442353,0.303373526745,1.0,-0.043668,-0.0573922285714,1.095
0.454859889049,0.475938867344,-0.124342813659,-1.46861523978,0.0726977738913,1.93535972871,0.143695035914,-0.0395133231294,-0.235488563944,-0.00316820127006,-0.358416318333,-0.0189846379046,0.129601409144,-0.0489689917916,0.573820091494,0.818966730777,0.0021779302554,0.0,0.818924672913,-0.57375870198,-0.0120032869358,0.0,-0.00858085143203,0.00867145498214,-0.99992558466,0.0,0.647958211147,0.24326488797,0.303431348532,1.0,-0.048204,-0.0633538285714,1.113
0.454138616152,0.471702483693,-0.124372108543,-1.47515805208,0.0723130605973,1.93769370494,0.142721992007,-0.0453648294285,-0.25578703235,-0.000694224234836,-0.38983170054,-0.0226100253639,0.138955241277,-0.0646733916083,0.573845205479,0.818949037629,0.00221377879768,0.0,0.818907088396,-0.573783299491,-0.0120271651743,0.0,-0.00857957122537,0.00871477800683,-0.999925219005,0.0,0.647116955377,0.242159022925,0.303449993377,1.0,-0.052488,-0.0689842285714,1.13
0.453371620434,0.467053952093,-0.124393718696,-1.48210127615,0.0718654139675,1.94030487248,0.141590979819,-0.0476606550315,-0.280097670108,-0.00263685478125,-0.416176133071,-0.0274251864702,0.156509789293,-0.0736149892592,0.573771089758,0.819000218129,0.00247510882551,0.0,0.818961856133,-0.573708331915,-0.0118732889845,0.0,-0.00830439559794,0.00883973986988,-0.999926445301,0.0,0.646247202711,0.240995754565,0.303581458643,1.0,-0.056772,-0.0746146285714,1.147
0.452583464431,0.462428438066,-0.124409704103,-1.4892537992,0.0713981064017,1.94277581939,0.140515374388,-0.0534484210233,-0.300564068656,-0.00318984021605,-0.462352943549,-0.0262308737744,0.156538463075,-0.0650754300251,0.573755106755,0.8190115678,0.00242408407125,0.0,0.818972324265,-0.573692320244,-0.0119247927327,0.0,-0.00837602604086,0.00882733844705,-0.999925957401,0.0,0.645292464823,0.239786544372,0.303580517216,1.0,-0.060804,-0.0799138285714,1.163
0.451578205517,0.456571945169,-0.124450561724,-1.49831181203,0.0707899826818,1.94590815422,0.139165835768,-0.0554912812653,-0.310793212654,-5.01282444675e-05,-0.491136444906,-0.0349311604907,0.179182439279,-0.0807209218394,0.573755722906,0.81901135661,0.00234842002572,0.0,0.818971055782,-0.573693164219,-0.0119712163841,0.0,-0.0084574524877,0.00879201121186,-0.999925583249,0.0,0.644077995515,0.238238217331,0.303572073179,1.0,-0.065592,-0.0862066285714,1.182
0.450761532328,0.451965886763,-0.124478951585,-1.50525102268,0.0703174137475,1.9484563927,0.138023696771,-0.0605032606914,-0.341479741242,-0.00261535916739,-0.49355737049,-0.0327811183333,0.183987470221,-0.0844469089551,0.57369802703,0.819051285286,0.00251251950728,0.0,0.819013384807,-0.57363510782,-0.0118568749823,0.0,-0.00827027852378,0.00886022347691,-0.999926546769,0.0,0.643181507456,0.237035490678,0.303654456251,1.0,-0.06912,-0.0908434285714,1.196
0.449647883871,0.445721763487,-0.124527770107,-1.51464787574,0.0696913083669,1.95186755745,0.136597419621,-0.063212262686,-0.349204599363,-0.00175573977081,-0.537791988179,-0.0268133594916,0.181794565108,-0.0795976355737,0.573734023451,0.819025429629,0.00271345831149,0.0,0.81899037275,-0.573670610429,-0.0117280421973,0.0,-0.00804908848336,0.00895124541027,-0.999927541065,0.0,0.642024262958,0.235490858114,0.303753537445,1.0,-0.073404,-0.0964738285714,1.213
0.448534316171,0.439592872442,-0.124549665348,-1.52425381059,0.0690330666998,1.95506192599,0.135093005155,-0.070210719343,-0.364294475584,-0.000368331228563,-0.579110337293,-0.0431302683458,0.183578995696,-0.0942674839403,0.573671029322,0.819070345182,0.00246305939312,0.0,0.819031611702,-0.573608103063,-0.011904202421,0.0,-0.00833770888657,0.00884658988483,-0.999926107499,0.0,0.640596974234,0.233734594706,0.303658263659,1.0,-0.07794,-0.102435428571,1.231
0.447387293881,0.433435416017,-0.124574853409,-1.5334909489,0.0684305294802,1.95836886435,0.133594825694,-0.0762101926848,-0.396187414104,-0.000846178118242,-0.581792730321,-0.0388073073895,0.217559944353,-0.0946013234352,0.573640800164,0.819090909956,0.00265716317618,0.0,0.819054575675,-0.573577001032,-0.0118225569861,0.0,-0.00815981837568,0.00895843518489,-0.999926579206,0.0,0.639352434899,0.232109987212,0.303751840037,1.0,-0.081972,-0.107734628571,1.247
0.446070050314,0.426745623559,-0.124608785962,-1.54376838273,0.0676760702079,1.96197100625,0.131925719953,-0.0756253784349,-0.404244268053,-0.00133130637156,-0.617131887534,-0.0439874156014,0.208986445192,-0.0988473516888,0.573609074416,0.819113232136,0.00262480232588,0.0,0.819076818432,-0.573545773252,-0.0117965416081,0.0,-0.00815741610059,0.00891668972516,-0.999926971937,0.0,0.637944802969,0.230256625022,0.30372974493,1.0,-0.086256,-0.113365028571,1.264
0.444561289757,0.419286043061,-0.124735706013,-1.55521860698,0.0668486999656,1.96576011124,0.130050420056,-0.0849073441998,-0.421306849967,-0.00465445181807,-0.635948904634,-0.0437803217305,0.216269436032,-0.0915300269801,0.573654093993,0.819082368804,0.00240841443162,0.0,0.819043325882,-0.57359180813,-0.0118833865688,0.0,-0.00835218643706,0.00878971835116,-0.999926488215,0.0,0.636336920653,0.228105912109,0.303679765644,1.0,-0.090792,-0.119326628571,1.282
0.443142521083,0.41231663634,-0.124802768566,-1.56559801057,0.066136544097,1.9695445736,0.128317912256,-0.0901737695004,-0.441771980176,-0.000456631203018,-0.662663919714,-0.0483851573191,0.231119752168,-0.115263392498,0.573679548605,0.819063620489,0.00270333215434,0.0,0.819028728278,-0.573616507682,-0.0116957800623,0.0,-0.00802906659725,0.00892390833611,-0.999927946379,0.0,0.634934214932,0.226187227477,0.303791050007,1.0,-0.094824,-0.124625828571,1.298
0.441414478537,0.404293899755,-0.124861822308,-1.57791009061,0.0652882523201,1.97357236881,0.126301311813,-0.100347356453,-0.447005173326,-0.00734041398625,-0.69405982016,-0.0457824942128,0.219744261402,-0.114198052438,0.573748644264,0.819015928638,0.00247966604708,0.0,0.818977505938,-0.573685743904,-0.0118852391804,0.0,-0.00831181117171,0.00885010097318,-0.999926292037,0.0,0.63315136304,0.223868940931,0.303703617893,1.0,-0.09936,-0.130587428571,1.316
0.439795196788,0.39676396252,-0.124970451053,-1.58896538321,0.0645008248551,1.97748994413,0.124372536097,-0.101165750094,-0.474916723849,-0.00232302989511,-0.709078496115,-0.0520527714862,0.25250942215,-0.119934347419,0.57379420566,0.818983049233,0.00277876243181,0.0,0.818948997516,-0.57373073171,-0.011676209124,0.0,-0.0079685093671,0.00897557865499,-0.999927968329,0.0,0.631624091353,0.221736449671,0.303856513929,1.0,-0.103392,-0.135886628571,1.332
0.438199013068,0.389638518945,-0.124999359677,-1.59978404584,0.0636656545203,1.98113477413,0.12254443137,-0.100707955807,-0.475296728295,-0.00106648692835,-0.746838557324,-0.0566674965627,0.24136190139,-0.122806780492,0.573800711481,0.818978829095,0.00267729316097,0.0,0.818943630825,-0.573737782475,-0.0117061263201,0.0,-0.00805116039547,0.00890970733267,-0.999927895366,0.0,0.629939265266,0.219532343745,0.303804534643,1.0,-0.107424,-0.141185828571,1.348
0.436077917508,0.380159234878,-0.12506022268,-1.61389609315,0.0626227842629,1.98577088091,0.120019492972,-0.110919571548,-0.510654918021,-0.0038741438963,-0.733233763153,-0.0479879370608,0.25451662767,-0.130619800582,0.573758927346,0.81900812323,0.00267100650601,0.0,0.818972714269,-0.573695883373,-0.0117249130069,0.0,-0.00807060894412,0.00891492659811,-0.999927692063,0.0,0.627962316823,0.216947411378,0.303848463897,1.0,-0.11196,-0.147147428571,1.366
0.434171733385,0.372048947705,-0.125110138142,-1.62611806157,0.0617230727751,1.98984285652,0.117835450825,-0.119738834168,-0.520709327379,-0.00357991125876,-0.774335505369,-0.061200326979,0.250034690221,-0.135339154427,0.573762727189,0.819005633092,0.0026177766749,0.0,0.818969324181,-0.573699646472,-0.0117774610914,0.0,-0.00814414622449,0.00890151837127,-0.999927215278,0.0,0.626145515429,0.214559658824,0.303801010264,1.0,-0.115992,-0.152446628571,1.382
0.432156964185,0.363634346281,-0.125225180769,-1.63855715859,0.0607428267176,1.99390346147,0.11566758991,-0.129410578785,-0.53765848954,-0.00809950236536,-0.762991007251,-0.057415075503,0.270538039752,-0.143560115755,0.573886787888,0.818918791345,0.00259128760456,0.0,0.818882545521,-0.573824232464,-0.0117419665451,0.0,-0.00812892993747,0.00886069024962,-0.99992770172,0.0,0.624287193212,0.212041142519,0.303835119814,1.0,-0.120024,-0.157745828571,1.398
