position_joint1,position_joint2,position_joint3,position_joint4,position_joint5,position_joint6,position_joint7,velocity_joint1,velocity_joint2,velocity_joint3,velocity_joint4,velocity_joint5,velocity_joint6,velocity_joint7,ee_T_00,ee_T_10,ee_T_20,ee_T_30,ee_T_01,ee_T_11,ee_T_21,ee_T_31,ee_T_02,ee_T_12,ee_T_22,ee_T_32,ee_T_03,ee_T_13,ee_T_23,ee_T_33,v_x,v_y,time
0.465079028425,0.547793489088,-0.123988544039,-1.35583869121,0.0795287150682,1.89410765025,0.159154509052,0.000351939207988,0.00180671839151,0.00107851091966,-0.000924245506542,0.000471302772066,-3.99808603533e-05,-0.000400222093248,0.573805548655,0.818977493825,0.00195034423744,0.0,0.818934087491,-0.57374671739,-0.0119336302229,0.0,-0.00865453759484,0.00844494920731,-0.999926888233,0.0,0.661673862292,0.260898294239,0.303203626462,1.0,0.0,0.0,0.0
0.465076275155,0.54779020443,-0.123996348153,-1.35583841866,0.0795260666884,1.89410957469,0.159149819821,-0.000886059528763,-0.00197061726806,-0.000982342232958,-0.00161783773242,0.000326325803891,6.30899274319e-05,-0.00108338802398,0.573808707064,0.818975277728,0.00195168393911,0.0,0.818931956147,-0.5737499355,-0.0119251673847,0.0,-0.00864680521446,0.00844122374429,-0.999926986585,0.0,0.661677055767,0.260891734152,0.303206503671,1.0,-0.00034,-0.000446857142857,0.018
0.465080424079,0.547795542799,-0.123997163672,-1.35584120055,0.0795266659351,1.8941088982,0.159157729841,-0.00134422613547,0.000935015582569,-0.00175403732464,-0.000673993556883,-4.17769258922e-05,1.72017831838e-05,0.00177607050317,0.57381267191,0.818972517618,0.00194418166634,0.0,0.818929093199,-0.573753926203,-0.0119297686103,0.0,-0.00865483740151,0.00843776178363,-0.999926946314,0.0,0.661675211625,0.260893656307,0.303201367282,1.0,-0.0006,-0.000788571428571,0.031
0.465077940442,0.547751272687,-0.123994671155,-1.35587762836,0.0795228486567,1.8941129168,0.159149767028,0.000364635716253,-0.00096336709446,-0.00106182359745,-0.00408662469521,2.15855009234e-05,0.00020960455149,-0.00190920900059,0.57380737086,0.81897620598,0.00195501597126,0.0,0.818932912708,-0.573748570825,-0.0119251356901,0.0,-0.00864488120458,0.00844392025286,-0.999926980454,0.0,0.661669125002,0.260889369824,0.303215650265,1.0,-0.001,-0.00131428571429,0.051
0.465074749427,0.547671296896,-0.123993586082,-1.35597494842,0.0795200126807,1.89413210899,0.159150597863,-9.82109416152e-05,-0.00751312362561,0.00156554880046,-0.008614851584,0.000440405143347,0.00154644791778,0.000903723444191,0.573816002906,0.818970131017,0.00196626861535,0.0,0.818926875359,-0.573757048347,-0.0119318559694,0.0,-0.00864383959025,0.00845708293796,-0.999926878219,0.0,0.661651171143,0.260880721637,0.303230834934,1.0,-0.00128,-0.00168228571429,0.065
0.465059855888,0.547512330014,-0.123991748963,-1.35620595875,0.0795197765212,1.8942036729,0.159145340964,-0.00237143534992,-0.00656358834044,0.000598496325877,-0.0159678452248,0.000196569360167,0.00420363022311,-0.00079178745514,0.573833834532,0.818957633654,0.00196761980401,0.0,0.818914297311,-0.573774775962,-0.0119426559613,0.0,-0.00865172522591,0.00846457502324,-0.999926746627,0.0,0.661622484,0.260848925395,0.30323642437,1.0,-0.00168,-0.002208,0.085
0.465046387648,0.54738947512,-0.123994536066,-1.3563636174,0.079516986877,1.89427930998,0.159146742401,0.000329593806658,-0.0115222397228,0.000353652657343,-0.0106201065804,0.000346784331745,0.00232424532128,0.000577918430018,0.57385613544,0.818941916588,0.00200498721044,0.0,0.81889904663,-0.573796898425,-0.0119255057281,0.0,-0.00861600695938,0.00848557011898,-0.999926877088,0.0,0.661608978942,0.260825992612,0.303255066487,1.0,-0.00194,-0.00254971428571,0.098
0.465022234511,0.547154662569,-0.123989243543,-1.35665314133,0.0795148314567,1.89443332982,0.159129202027,-0.00305852683971,-0.011947294901,-0.000476902704748,-0.0170720992576,7.95879564826e-05,0.00992942794335,-0.00508958876997,0.573873734477,0.818929350107,0.00209840709495,0.0,0.818887600083,-0.573814016663,-0.011887792608,0.0,-0.00853133112549,0.00854061592195,-0.99992713448,0.0,0.661584719355,0.260791920337,0.303296785083,1.0,-0.00236,-0.00310171428571,0.119
0.464997883418,0.546993378803,-0.123989243433,-1.35686964077,0.079511725921,1.89453087575,0.159125098316,-0.00411473888419,-0.0191986037442,0.00028381886741,-0.0152306459736,0.00011712696039,0.00673326126528,-8.49408341087e-05,0.573901693958,0.818909650191,0.00213948527975,0.0,0.818868372973,-0.573841744952,-0.0118737692273,0.0,-0.00849598181214,0.00856649803489,-0.999927214053,0.0,0.661565303647,0.260758356532,0.303316440108,1.0,-0.00262,-0.00344342857143,0.132
0.464961594449,0.546727634118,-0.123992073539,-1.35728795532,0.0795031075786,1.8946830367,0.159097286039,-0.00377695830363,-0.0147713675909,-0.000500027057017,-0.0241622801419,-0.000135656938737,0.00637604658268,-0.00413482340151,0.573925544284,0.818892898568,0.00215341435847,0.0,0.818851619882,-0.57386535189,-0.0118882050264,0.0,-0.00849956042712,0.00858643669156,-0.999927012625,0.0,0.661513198513,0.260697144373,0.303321888871,1.0,-0.00302,-0.00396914285714,0.152
0.46493341011,0.546494366156,-0.123992498361,-1.35762402802,0.0794962565001,1.8948042684,0.159003633691,0.00010446836656,-0.0168375590261,-0.000422394747251,-0.0277386453405,-0.000660113193802,0.00734476535872,-0.00138013700088,0.573895360443,0.818914005232,0.00217122057483,0.0,0.818872874972,-0.573835015905,-0.0118884842444,0.0,-0.00848988731229,0.00860086517819,-0.999926970799,0.0,0.661478336917,0.260646883099,0.303334606695,1.0,-0.00328,-0.00431085714286,0.165
0.464877133261,0.5461553515,-0.123991650156,-1.35820154626,0.0794795402428,1.89499692412,0.158914590658,-0.0039623206825,-0.0172676796442,-0.000820271888629,-0.0296596349462,0.000189818310686,0.0132059768251,0.00101660911504,0.57389912057,0.818911429178,0.00214883052285,0.0,0.818869809998,-0.573838666617,-0.0119233330063,0.0,-0.00853123588347,0.00860256839465,-0.999926604222,0.0,0.661406066273,0.260553560265,0.303321198138,1.0,-0.0037,-0.00486285714286,0.186
0.464835562641,0.545881729965,-0.123990068819,-1.35865699125,0.0794576700674,1.89514811398,0.158890001473,-0.00739244388686,-0.0226315450068,-3.70802524313e-05,-0.0317127046487,-0.00258421300052,0.00715881135049,-0.00634791465786,0.573928105032,0.818891192939,0.00211926460326,0.0,0.818849094021,-0.573867673472,-0.0119499567721,0.0,-0.00856970190268,0.00859393940579,-0.999926349495,0.0,0.661353019167,0.260486077009,0.303306464327,1.0,-0.00396,-0.00520457142857,0.199
0.464765294071,0.545462867972,-0.12399447186,-1.35938428733,0.0793357733039,1.8953927693,0.158774180094,-0.00180369862556,-0.0212406815102,0.00462494363318,-0.0417508589937,-0.00591775345865,0.0207260617158,-0.0120623792804,0.573902044211,0.818909707154,0.00202041609441,0.0,0.818867001366,-0.573842701379,-0.0119220404358,0.0,-0.008603839263,0.0084966990338,-0.999926887355,0.0,0.661271913732,0.260353080938,0.303278010512,1.0,-0.00436,-0.00573028571429,0.219
0.464708530982,0.545139102643,-0.123995386151,-1.35995691819,0.0793208601701,1.89557454615,0.158707821011,-0.00549785541185,-0.0176055535964,-0.000101832424066,-0.0366223004148,-0.000721938823429,0.0101728211681,-0.00252360978831,0.573922704794,0.818895341788,0.00197358055665,0.0,0.818851801243,-0.573863334327,-0.0119728031977,0.0,-0.00867207421222,0.00848769700336,-0.999926374354,0.0,0.661200910691,0.260261209046,0.303250444159,1.0,-0.00464,-0.00609828571429,0.233
0.464651976677,0.544729458154,-0.123995399227,-1.36063230035,0.0793042172974,1.89580362947,0.158638343894,-0.00463366423446,-0.0228765323621,0.00423760948822,-0.0414056684815,-0.00354470571645,0.0147540265564,-0.0117866763756,0.573945294324,0.818879553126,0.00195537621057,0.0,0.818835517897,-0.573885747094,-0.0120121111754,0.0,-0.00871447747469,0.00849558974254,-0.999925938676,0.0,0.66111776067,0.26016186776,0.303238806234,1.0,-0.00496,-0.00651885714286,0.249
0.464582766455,0.544267532516,-0.123996324319,-1.36138872984,0.0792786120831,1.89607858563,0.158525304386,-0.00429601103756,-0.0263559477439,0.00084575478611,-0.0451604199902,0.000183372903262,0.0160471902008,-0.00486266413446,0.57394543418,0.818879470336,0.00194898638017,0.0,0.818835154398,-0.573885722181,-0.0120380521356,0.0,-0.00873938656066,0.00850524737555,-0.99992563918,0.0,0.661030415832,0.260046365567,0.303229551453,1.0,-0.0053,-0.00696571428571,0.266
0.464514979879,0.543751736402,-0.123998866135,-1.36220655927,0.0792351432563,1.89636646234,0.158429979575,-0.00550473809084,-0.0377099784552,0.000251726525056,-0.0499288808366,-0.00425274191673,0.0193424481968,-0.00622276985059,0.573965991144,0.81886509126,0.00193655009222,0.0,0.818820510654,-0.573906230951,-0.0120563804026,0.0,-0.00876131955675,0.00850580302589,-0.999925442518,0.0,0.660927356232,0.259913375936,0.303228874873,1.0,-0.00566,-0.00743885714286,0.284
0.464432463285,0.543220447986,-0.124007318341,-1.36306200529,0.0791943787365,1.89665595039,0.158332384779,-0.00397220017285,-0.0369859965465,-0.00118377598676,-0.0486704048378,-0.00189248175078,0.00943257704685,-0.00598038922417,0.573988758846,0.818849185225,0.00191402068018,0.0,0.818804238624,-0.573929024513,-0.0120764453951,0.0,-0.00879044469364,0.00849911578369,-0.999925243762,0.0,0.660834223487,0.259781323196,0.303224350326,1.0,-0.00598,-0.00785942857143,0.3
0.464360580589,0.542649838411,-0.124010673988,-1.36396518745,0.0791393552436,1.89698463126,0.158194672173,-0.00506249439913,-0.0289668107473,-0.00067100866767,-0.0469066664312,-0.00287641632654,0.0199297072441,-0.0122268865746,0.573972753642,0.818860414717,0.00190949931408,0.0,0.818815411262,-0.573913043257,-0.0120784088939,0.0,-0.00879481368094,0.00849636866002,-0.999925228691,0.0,0.660729205979,0.259645559366,0.303226655076,1.0,-0.00632,-0.00830628571429,0.317
0.464276299512,0.54204819902,-0.124010689902,-1.36489345278,0.0790851533747,1.89732428223,0.158078879233,-0.00288655958863,-0.0331885058028,0.00350095903709,-0.0553643627531,0.000179222368466,0.0173845650538,-0.00702888456592,0.573984050751,0.818852467823,0.00192154210184,0.0,0.818807592511,-0.573924258013,-0.0120755708324,0.0,-0.00878546049876,0.00850472206607,-0.999925239899,0.0,0.66062367709,0.259501856941,0.3032397325,1.0,-0.00666,-0.00875314285714,0.334
0.464192935571,0.541438398024,-0.124011537505,-1.3658015119,0.0790258988116,1.89765930699,0.157962365602,-0.00689118488102,-0.0373834649025,-0.000348366611162,-0.0555792024561,-0.00355910915059,0.00876999080034,-0.00270564116578,0.573991974234,0.81884685382,0.0019468964193,0.0,0.818802386196,-0.573932144413,-0.0120537492115,0.0,-0.00875295670322,0.00851304264307,-0.999925454148,0.0,0.66052866717,0.259368033834,0.303266672906,1.0,-0.00696,-0.00914742857143,0.349
0.464115906279,0.540789515143,-0.124014202426,-1.36678909695,0.0789749959955,1.89802933123,0.157826097376,-0.000738673089966,-0.0447080181157,-0.00324542522056,-0.0606204755412,-0.00527220213923,0.0191731120308,-0.0120484474841,0.573986584917,0.818850548571,0.00198149963613,0.0,0.818806428909,-0.573926504967,-0.0120476460225,0.0,-0.00872815443774,0.00853781621709,-0.999925459729,0.0,0.66040850992,0.259215408303,0.303288531163,1.0,-0.0073,-0.00959428571429,0.366
0.464013052449,0.540032534191,-0.124017318071,-1.36796605205,0.0789026569946,1.89846426096,0.157691408695,-0.00505090143714,-0.0361136223616,0.000133548029462,-0.0632672036458,-0.000329381952417,0.0222104436144,-0.00460324999488,0.574010298292,0.818833887926,0.00199708283761,0.0,0.81878999593,-0.573950172122,-0.0120370007881,0.0,-0.00871024581516,0.00854471837372,-0.999925556932,0.0,0.66026874331,0.25902281183,0.303304617492,1.0,-0.00768,-0.0100937142857,0.385
0.463896921272,0.539282034228,-0.124017885037,-1.36911575284,0.0788392053153,1.89889828097,0.157540071275,-0.00695246171755,-0.0450654225295,-0.00239862133392,-0.0727909278715,-0.00334307111258,0.0198745915852,-0.0131176409942,0.574022726551,0.818825132026,0.00201481195055,0.0,0.81878145165,-0.573962503517,-0.0120302075079,0.0,-0.00869437713342,0.00855546788762,-0.99992560312,0.0,0.660155022385,0.258859223668,0.303318181486,1.0,-0.00798,-0.010488,0.4
0.463802661674,0.538562942133,-0.124023692488,-1.37024034569,0.0787743935974,1.89933460099,0.157404205898,-0.00699517577262,-0.0496838057375,0.000188239275137,-0.0741982637773,-0.0035355483841,0.037007179952,-0.00201425273571,0.574041744968,0.818811712272,0.00204982494699,0.0,0.818768474921,-0.573981356987,-0.0120138756786,0.0,-0.00866070755622,0.00857496329869,-0.999925728316,0.0,0.660023949855,0.258678757587,0.30333254023,1.0,-0.00832,-0.0109348571429,0.417
0.463694348297,0.537785806971,-0.124027586802,-1.3714566051,0.07870921471,1.89980903503,0.157250321633,-0.00395108483225,-0.0470381753481,0.00120753079464,-0.0670117601942,-0.000641349602463,0.0292762692117,-0.00476068162534,0.574057009872,0.818800929252,0.00208196400885,0.0,0.818758079253,-0.57399645274,-0.0120011166752,0.0,-0.00863165171593,0.00859411546999,-0.999925815132,0.0,0.659889890905,0.258492482609,0.303343749805,1.0,-0.00866,-0.0113817142857,0.434
0.463587286101,0.53700066035,-0.124036084872,-1.37268114957,0.078632685778,1.90025484786,0.157109146593,-0.00455066810882,-0.0525989807281,-0.000187411218923,-0.0795965255795,-0.000946366500812,0.026241331767,-0.0128085209693,0.574081963343,0.81878342963,0.00208365738689,0.0,0.818740645801,-0.574021439864,-0.0119953487409,0.0,-0.0086256948396,0.00859245378207,-0.999925880816,0.0,0.659749503776,0.258299728806,0.303354179639,1.0,-0.00898,-0.0118022857143,0.45
0.463476457392,0.536101110978,-0.124047389411,-1.37407649425,0.078560255129,1.90078620574,0.156934734249,-0.00448696761362,-0.0530357488669,-0.000884708437027,-0.0787937099468,-0.0071332541656,0.028065132214,-0.00709087502702,0.574095319633,0.818773979981,0.00211673874157,0.0,0.818731585148,-0.574034613901,-0.0119833395452,0.0,-0.00859673082034,0.00861278583452,-0.999925955328,0.0,0.659590678574,0.258090557813,0.303371455029,1.0,-0.00934,-0.0122754285714,0.468
0.463357037026,0.535212175871,-0.12404681531,-1.3754962933,0.0784700689903,1.90128214951,0.156754638944,-0.00895759646406,-0.0554168360405,0.000359095611423,-0.0814258924145,-0.00363672869018,0.0237442011682,-0.00847969012612,0.574098857286,0.818771581163,0.00208490851088,0.0,0.818728744879,-0.574038257918,-0.0120028186886,0.0,-0.00863091575843,0.00859794455869,-0.999925788568,0.0,0.659418956274,0.257874332583,0.303365934307,1.0,-0.00968,-0.0127222857143,0.485
0.463231885524,0.534308811865,-0.124052059043,-1.37696704913,0.078397341716,1.90182282955,0.156573707722,-0.00572095218149,-0.0561186730937,-0.0010216055912,-0.0811459309339,-0.00465987208285,0.031784037478,-0.010848844172,0.574118092854,0.818758135458,0.00206832809712,0.0,0.818714933535,-0.574057412575,-0.0120287811128,0.0,-0.00866149008051,0.00859947753901,-0.999925511014,0.0,0.659246178422,0.257650949836,0.303350281432,1.0,-0.01002,-0.0131691428571,0.502
0.463111091479,0.533444200049,-0.124056967179,-1.37836349892,0.0783126682999,1.9023399632,0.156411982026,-0.00762208127471,-0.0526788460961,-0.00178348471069,-0.0866308410917,-0.00305930972921,0.0356610816118,-0.00941077825268,0.574141802927,0.818741547907,0.00205298898332,0.0,0.818698152473,-0.574081191484,-0.0120360966646,0.0,-0.00867603709291,0.00859136993741,-0.999925454593,0.0,0.659084068477,0.25743544579,0.303340402434,1.0,-0.01034,-0.0135897142857,0.518
0.462977503528,0.532442223565,-0.124052097545,-1.37998487149,0.0782333634537,1.90294707179,0.156207747231,-0.00545276687072,-0.051087594923,-0.00142892767454,-0.0892425699808,-0.00254875895148,0.0315535072356,-0.00971316570953,0.574147994744,0.818737207849,0.0020521976424,0.0,0.818693590905,-0.574087176865,-0.0120608652658,0.0,-0.00869670623963,0.00860500833743,-0.999925157765,0.0,0.658891527948,0.257199273387,0.303327660283,1.0,-0.0107,-0.0140628571429,0.536
0.462844846799,0.53152361208,-0.124049260954,-1.38145615388,0.078143570828,1.90348429484,0.156014651445,-0.0085304499198,-0.059516898843,9.56879551008e-05,-0.0891503563505,-0.00260805455312,0.0350561732195,-0.0108678759923,0.574152613353,0.818734003052,0.00203856012127,0.0,0.818690166772,-0.574091812798,-0.0120726223496,0.0,-0.00871411352176,0.0086006423867,-0.999925043779,0.0,0.658718214578,0.25697286515,0.30332134598,1.0,-0.01102,-0.0144834285714,0.552
0.462713477314,0.530562915724,-0.124052478769,-1.38300658236,0.0780465759645,1.90401922625,0.155816026762,-0.00878777830449,-0.0566100791764,-0.00251282681192,-0.094796603405,-0.00886240986599,0.0348255529787,-0.0173378190389,0.57415587012,0.818731867345,0.00197815602373,0.0,0.818687175829,-0.574095267148,-0.0121111218767,0.0,-0.00878028046646,0.00857332775079,-0.999924699528,0.0,0.658514019517,0.256720684419,0.303299050784,1.0,-0.01136,-0.0149302857143,0.569
0.462564633747,0.529465460682,-0.12405542707,-1.38474991556,0.0779351892016,1.90466299982,0.155576815979,-0.00872975085983,-0.0619560374455,0.000238898564341,-0.0931975708086,-0.00627652174419,0.0371596631177,-0.0166108403704,0.574150758107,0.818735440068,0.00198319025811,0.0,0.818690877469,-0.57409019539,-0.0121013060048,0.0,-0.00876940685274,0.00857175882227,-0.9999248084,0.0,0.65832304689,0.256467087075,0.303306006,1.0,-0.0117,-0.0153771428571,0.586
0.462432733984,0.528437663561,-0.124055667616,-1.38634729539,0.0778341668396,1.90527232136,0.155363949801,-0.00890450547306,-0.0645622606259,0.000123125655931,-0.0981515527773,-0.00727703859408,0.0370398801006,-0.0119617423044,0.574144149953,0.818739999883,0.00201359583823,0.0,0.818695881781,-0.574083501979,-0.0120802654174,0.0,-0.00873479252789,0.00858450161788,-0.999925002053,0.0,0.658137384498,0.256229007764,0.303322265616,1.0,-0.01202,-0.0157977142857,0.602
0.462294421408,0.52732169259,-0.124056041491,-1.38808356104,0.0777248592444,1.90594417997,0.155121422351,-0.0110819185718,-0.0631786325574,0.00134173559507,-0.102583944334,-0.00602762560309,0.031527110461,-0.0110918055349,0.574123767443,0.818754193122,0.00205372941876,0.0,0.818710658463,-0.57406300771,-0.0120527092093,0.0,-0.00868940341435,0.00860132258597,-0.999925252965,0.0,0.657935659918,0.255974225626,0.303339668325,1.0,-0.01236,-0.0162445714286,0.619
0.462145219933,0.526147172019,-0.124053852176,-1.38989664928,0.0776238117275,1.90662723131,0.154874905277,-0.00661176596344,-0.0662927313124,0.00129684964822,-0.107068076136,0.000538121459185,0.0398346468044,-0.0149728994634,0.574113292672,0.818761429623,0.00209653060494,0.0,0.818718358345,-0.574052257058,-0.0120417099203,0.0,-0.00865593615733,0.00862993997996,-0.999925296662,0.0,0.657720907435,0.255707544308,0.303362319136,1.0,-0.0127,-0.0166914285714,0.636
0.461998813367,0.525030068896,-0.124062060091,-1.39162859727,0.0775058188181,1.90724252486,0.154635877525,-0.00463284873136,-0.0682966450733,-5.9931621128e-05,-0.104712272877,-0.00202615184908,0.0417303493225,-0.0154615937982,0.574104483231,0.81876762631,0.00208886134739,0.0,0.818724549838,-0.574043575851,-0.0120345925343,0.0,-0.00865460395359,0.00861948154587,-0.999925398401,0.0,0.657512182531,0.255438274078,0.303377317888,1.0,-0.01302,-0.017112,0.652
0.461829469989,0.523778817009,-0.124070276506,-1.39362625915,0.0773835629778,1.90796498407,0.154359960804,-0.0136953986295,-0.0744431572561,0.000219329556278,-0.109636902338,-0.0139546481042,0.0393375953022,-0.0177233708741,0.574097344592,0.818772690744,0.00206560550631,0.0,0.818729298437,-0.574036524865,-0.0120478588402,0.0,-0.00867889188926,0.0086079812455,-0.999925286956,0.0,0.657271427768,0.255130738699,0.303369217857,1.0,-0.01338,-0.0175851428571,0.67
0.461682681246,0.522633985538,-0.12406842737,-1.3954410678,0.0772649426475,1.90867125419,0.154128433926,-0.00999543877962,-0.0710846673011,0.0056817613016,-0.107014035605,-0.00730408091237,0.0447096856158,-0.0190289077609,0.574092149249,0.818776272177,0.00208978286736,0.0,0.818733285238,-0.574031316735,-0.0120250551951,0.0,-0.00864639552425,0.00861463043255,-0.999925511219,0.0,0.657058802512,0.254863697929,0.30337127115,1.0,-0.0137,-0.0180057142857,0.686
0.46151649923,0.521398204446,-0.124074802507,-1.39743122695,0.0771485559076,1.90944336583,0.153844517119,-0.013000490471,-0.0728906531835,-0.000811279319313,-0.115959506053,-0.00735527737684,0.0457619159136,-0.0168686228146,0.574075625433,0.818787823793,0.00210304393248,0.0,0.81874501395,-0.574014743093,-0.0120176430853,0.0,-0.00863288781619,0.00862105868638,-0.999925572528,0.0,0.656826468375,0.254564350504,0.303359477154,1.0,-0.01404,-0.0184525714286,0.703
0.461349065933,0.520107519844,-0.124080405951,-1.39945013735,0.0770239205871,1.91018322066,0.153594688794,-0.010554075112,-0.0784316991743,-0.00382608608102,-0.120043043743,-0.00660396177095,0.0456682071028,-0.0182337910698,0.574086100638,0.818780460866,0.00211017994674,0.0,0.81873774792,-0.574025190731,-0.0120136354808,0.0,-0.00862539961496,0.00862471117739,-0.999925605652,0.0,0.65658224758,0.254258510233,0.303369330763,1.0,-0.01438,-0.0188994285714,0.72
0.461178471687,0.518763556332,-0.124089948042,-1.40154367391,0.0768852558129,1.91092551241,0.153297801085,-0.00699409619547,-0.077166484511,-0.00339354284837,-0.119176262498,-0.014404053158,0.0417317006547,-0.0203974668129,0.574063054964,0.818796653197,0.00209679285569,0.0,0.818753830447,-0.574002269063,-0.0120127907123,0.0,-0.00863263517882,0.00861302234456,-0.999925643964,0.0,0.656324008542,0.253938126728,0.303380993003,1.0,-0.01472,-0.0193462857143,0.737
0.461010963688,0.517496199205,-0.124093248355,-1.40353552077,0.0767652561602,1.91164093298,0.153035456757,-0.0062917686569,-0.0747062477618,-0.000584098640644,-0.120827494493,-0.00277057326145,0.0441923930537,-0.0117678080901,0.574060862171,0.81879820973,0.00208929829334,0.0,0.81875522758,-0.574000046735,-0.0120237498302,0.0,-0.00864593397821,0.0086131539236,-0.99992552793,0.0,0.656078503185,0.253635686321,0.303384410467,1.0,-0.01504,-0.0197668571429,0.753
0.460827187447,0.516135351106,-0.124099277805,-1.40570034771,0.0766268408042,1.91244185245,0.15273730597,-0.00682407553252,-0.0838727999148,-0.000986842827192,-0.13228475889,-0.0101108627071,0.04530087442,-0.0142922846149,0.574048604315,0.818806825583,0.0020806643026,0.0,0.818763776909,-0.57398787287,-0.0120227418695,0.0,-0.00865019357079,0.00860537643326,-0.999925558053,0.0,0.655816554179,0.253304549014,0.303378205373,1.0,-0.01538,-0.0202137142857,0.77
0.460644055845,0.514754621064,-0.124100434594,-1.40790645601,0.0764925541308,1.91326730208,0.152425249754,-0.00826284476632,-0.0841947849508,0.000538030607554,-0.138782219808,-0.00780857580253,0.0486496687454,-0.0161531443618,0.574024049738,0.818824043765,0.00207908028948,0.0,0.818780946413,-0.573963300246,-0.0120265815185,0.0,-0.00865450495328,0.00860602404749,-0.999925515173,0.0,0.65554791642,0.252974408916,0.303367864571,1.0,-0.01572,-0.0206605714286,0.787
0.460460055191,0.513429336412,-0.124103597203,-1.41003290322,0.0763600714361,1.91400163181,0.152131849537,-0.013025690583,-0.0791478662809,-0.000892947425167,-0.133137449323,-0.0108331987332,0.0532066705057,-0.013211854734,0.574012409647,0.818832349094,0.00202102662142,0.0,0.818788407886,-0.573951824734,-0.0120661881861,0.0,-0.00872038119419,0.00858110013837,-0.999925157035,0.0,0.65527828695,0.252645502538,0.303348319098,1.0,-0.01604,-0.0210811428571,0.803
0.460264464878,0.51199377906,-0.12410958485,-1.4123240105,0.0762248794576,1.91481576561,0.151804221819,-0.00539972893998,-0.0890340025657,-0.000605995177887,-0.130047521708,-0.0107979498806,0.0482411821673,-0.0166539922363,0.573992007211,0.818846733206,0.00198747980268,0.0,0.818802238602,-0.57393145753,-0.0120964052232,0.0,-0.00876459346619,0.00857075783937,-0.999924859183,0.0,0.654991196627,0.252294270693,0.30333425438,1.0,-0.01638,-0.021528,0.82
0.460046292094,0.510450034871,-0.12410704065,-1.4147772036,0.0760693423638,1.9157647775,0.151456413218,-0.00850383154009,-0.0882880302875,-0.000179455742243,-0.131978798453,-0.00475938221847,0.0553584465435,-0.0261306361589,0.573970467595,0.81886176225,0.00201582629689,0.0,0.818817690489,-0.573909848865,-0.0120756788428,0.0,-0.00873157720208,0.00858184249182,-0.999925052961,0.0,0.654699184495,0.251921288961,0.303329715057,1.0,-0.01674,-0.0220011428571,0.838
0.459852007167,0.509043914107,-0.124113517895,-1.41700709738,0.0759366405948,1.91657169948,0.151155581737,-0.00863865443438,-0.0910716405699,-0.000924766248211,-0.143213068598,-0.00456952380749,0.0508293667645,-0.0260282805199,0.573968075913,0.818863472889,0.00200187452586,0.0,0.818819143436,-0.573907444026,-0.0120914405741,0.0,-0.00875251684141,0.00857943924666,-0.999924890515,0.0,0.654422280689,0.25157754951,0.303322600633,1.0,-0.01706,-0.0224217142857,0.854
0.459638145191,0.507533885,-0.124116700894,-1.41939017209,0.075787180724,1.91742754145,0.150824360844,-0.0114955481915,-0.0897224051529,-0.000341435127614,-0.140382673814,-0.00178428230824,0.0579039668586,-0.0192751903544,0.573957375022,0.818871014508,0.00198498296476,0.0,0.818826424086,-0.57389677888,-0.0121045987967,0.0,-0.00877309867659,0.00857304531163,-0.999924764987,0.0,0.654125421624,0.25120683407,0.303318909457,1.0,-0.0174,-0.0228685714286,0.871
0.459407132897,0.505866050828,-0.124127844358,-1.42197072441,0.075618270537,1.91839226602,0.150475175989,-0.0128078253429,-0.0994009614851,0.000297200732878,-0.143879575527,-0.00778776303224,0.062885399007,-0.0140718411859,0.57395632936,0.818871661293,0.00202020291585,0.0,0.818827655835,-0.573895702473,-0.0120722666918,0.0,-0.00872641932058,0.00858331715084,-0.99992508533,0.0,0.653813285756,0.250803198359,0.303340636255,1.0,-0.01776,-0.0233417142857,0.889
0.459212505394,0.504413519288,-0.124135115798,-1.42416090583,0.0754788115175,1.91923804611,0.150164089068,-0.0132943054679,-0.098949986379,0.000854247740917,-0.147433923896,-0.00840298682822,0.0481541522366,-0.0219036871609,0.573941484519,0.818881846789,0.00210718966317,0.0,0.818839084885,-0.57388059555,-0.0120150745864,0.0,-0.00862981735848,0.00862156499201,-0.999925594667,0.0,0.653552779765,0.250465815034,0.303386641196,1.0,-0.01806,-0.023736,0.904
0.458974197025,0.502645743461,-0.124138347428,-1.42677785204,0.0753137198004,1.92022707108,0.149805544953,-0.0115116220119,-0.093900775033,-0.000520699847756,-0.147306673289,-0.0109175453013,0.0541397199581,-0.0167165144386,0.573935082557,0.818886024746,0.00222404755517,0.0,0.818844850333,-0.573873775187,-0.011947725152,0.0,-0.00850766638673,0.00867853559763,-0.999926148589,0.0,0.653237081278,0.250061452155,0.30346136536,1.0,-0.01842,-0.0242091428571,0.922
0.45873535407,0.500935968396,-0.12413875357,-1.42934639457,0.0751532217651,1.92112168558,0.149439436094,-0.0127014712964,-0.099300804674,0.00139703170682,-0.152291542928,-0.00442370889543,0.0503667018907,-0.0248043094887,0.573918708381,0.818897410492,0.00225702462919,0.0,0.818856575076,-0.573857176537,-0.0119414108028,0.0,-0.00848374394135,0.00870174605751,-0.999926150125,0.0,0.65291067589,0.24965794298,0.303509695128,1.0,-0.01876,-0.024656,0.939
0.458521541686,0.499426598698,-0.124140887359,-1.43163838441,0.0749964497321,1.92196018566,0.149124201632,-0.0119092748318,-0.0989389892436,0.000516619068316,-0.154026498915,-0.0107694114145,0.0539177054863,-0.0132014572457,0.573911324407,0.818902475706,0.00229649768344,0.0,0.818862258428,-0.573849742058,-0.0119089110787,0.0,-0.00843455455337,0.00871534200632,-0.999926447847,0.0,0.652627347844,0.249296789369,0.303544425308,1.0,-0.01906,-0.0250502857143,0.954
0.458248848153,0.497654691074,-0.124142662707,-1.43443825325,0.0748371803554,1.92300650009,0.148704712506,-0.0161100156327,-0.0991797577471,0.000793769976112,-0.158041035282,-0.00717880462033,0.0572210230356,-0.0196427608729,0.573891963774,0.818915983644,0.00231787623746,0.0,0.818875895838,-0.573830144563,-0.0119155070445,0.0,-0.00842789417861,0.00873643492096,-0.999926319938,0.0,0.652283463036,0.24885434637,0.303538092359,1.0,-0.01942,-0.0255234285714,0.972
0.457972713252,0.495887917924,-0.124144793946,-1.43729698323,0.0746614964561,1.92398627789,0.148294624876,-0.0143383632003,-0.0966243107046,-0.0051784471633,-0.160905715328,-0.0133449834255,0.0523298128822,-0.0214383270352,0.573880619616,0.81892419391,0.00222395143718,0.0,0.818882692276,-0.573818987254,-0.0119855353975,0.0,-0.00853926375985,0.00869958931475,-0.9999256963,0.0,0.651912271513,0.248395598244,0.303493742571,1.0,-0.01978,-0.0259965714286,0.99
0.457720608392,0.494315972732,-0.124139366208,-1.43987527808,0.0744975969814,1.92488909191,0.147927134106,-0.0188565347635,-0.0985703262379,0.00333274864533,-0.163181215589,-0.010260796104,0.0596130917094,-0.0204137733946,0.573867617239,0.818933543437,0.0021345302192,0.0,0.818890737807,-0.573806221358,-0.0120468571283,0.0,-0.00864093504068,0.00866141498057,-0.999925154265,0.0,0.651578921006,0.247984427107,0.303439635587,1.0,-0.0230914285714,-0.0303487346939,1.006
0.457426566401,0.492116859932,-0.124217410166,-1.44316111404,0.0743067092905,1.9261152224,0.147452626725,-0.0241673949261,-0.156055605772,-3.80959665178e-05,-0.227552921957,-0.0165872813622,0.0871636472622,-0.035496576465,0.573889582602,0.818917858758,0.00224376658346,0.0,0.81887670982,-0.573827964182,-0.011964469829,0.0,-0.00851054585726,0.00870382036922,-0.999925904315,0.0,0.651184089463,0.247438911604,0.303514892072,1.0,-0.033048,-0.0434345142857,1.022
0.456986484822,0.488867243849,-0.124243635652,-1.4483690883,0.0740314062731,1.92808137224,0.146667796128,-0.0310959091814,-0.198299222123,-0.00162323366221,-0.325787365179,-0.0196416650424,0.123179503296,-0.046583928681,0.573813114898,0.818971378894,0.00226641217455,0.0,0.818930157451,-0.573751036865,-0.011995491465,0.0,-0.00852377195948,0.00873937186119,-0.999925481569,0.0,0.650523065199,0.246651393392,0.303467452853,1.0,-0.0442491428571,-0.0581560163265,1.04
0.456458313836,0.48529273975,-0.124315258612,-1.45394452109,0.0737046555073,1.93019677762,0.145838707578,-0.0374790467564,-0.257337036353,-0.0133447454042,-0.388601998556,-0.0336493827621,0.146808067536,-0.0559238575516,0.573807103414,0.818975339091,0.00235561746125,0.0,0.818935408169,-0.573744796578,-0.01193534868,0.0,-0.00842339514772,0.00877785540236,-0.999925995096,0.0,0.64984033787,0.245743014224,0.303482311763,1.0,-0.0535834285714,-0.0704239346939,1.055
0.4556180128,0.479829467088,-0.124468289357,-1.46263501261,0.0731852659662,1.93321652057,0.144514414809,-0.0487710055768,-0.315072408364,-0.0117145079367,-0.491243153741,-0.0300802412115,0.170050698808,-0.0707739236322,0.573806826197,0.818976062349,0.00216388761521,0.0,0.818933585461,-0.573745259289,-0.0120377302266,0.0,-0.00861725854871,0.00867957912802,-0.999925201083,0.0,0.648720678709,0.24427173671,0.303401913591,1.0,-0.0654068571429,-0.0859632979592,1.074
0.45475145994,0.474288451229,-0.124595785974,-1.47123806535,0.0726648083981,1.93628561858,0.143274795978,-0.0552751751577,-0.360417932426,-0.00584548744699,-0.562535664588,-0.0373433339173,0.202187718445,-0.0852046887029,0.573869562206,0.818932121807,0.00215693036157,0.0,0.818889604465,-0.573808067303,-0.0120359668792,0.0,-0.00861914179747,0.00867352988665,-0.999925237342,0.0,0.647622082466,0.242814326818,0.303413071197,1.0,-0.0753634285714,-0.099049077551,1.09
0.453731161638,0.468015051305,-0.124679720728,-1.48081261104,0.0721144030069,1.93983339847,0.141791831965,-0.0659034495839,-0.404059263774,-0.00203094306807,-0.617026166486,-0.0413519878112,0.245155487157,-0.101088217965,0.573861754612,0.818936975247,0.00237993024958,0.0,0.818897130365,-0.573799102637,-0.0119510080911,0.0,-0.0084216827192,0.00880731409247,-0.999925750483,0.0,0.64641256875,0.241206695851,0.303500054967,1.0,-0.08532,-0.112134857143,1.106
0.452471016156,0.460588589011,-0.124739561757,-1.49231313533,0.0713789594437,1.94393494531,0.139978683486,-0.0829707340835,-0.443462057605,-0.00103795921681,-0.702945610964,-0.0413619281997,0.240477996983,-0.111797150217,0.573792973379,0.818985125801,0.00239464381611,0.0,0.818945311443,-0.573730102508,-0.0119621588304,0.0,-0.00842311308346,0.00882505491874,-0.999925582017,0.0,0.644906357468,0.2392572007,0.303502464266,1.0,-0.0958988571428,-0.126038497959,1.123
0.451012690489,0.452274870146,-0.124888265016,-1.50515299177,0.0705284152063,1.94830588259,0.137989010031,-0.0906672735177,-0.510472019553,-0.0113988163385,-0.735049300947,-0.0580351932542,0.276796660505,-0.128768643354,0.573825054504,0.818963105328,0.00223289870337,0.0,0.818921197691,-0.573762859649,-0.0120415846479,0.0,-0.00858062441457,0.00873849929056,-0.999925002945,0.0,0.643187371219,0.236986085308,0.303489333333,1.0,-0.106477714286,-0.139942138775,1.14
0.449409403891,0.443069565683,-0.124993965453,-1.51897588417,0.0696047006655,1.95333725269,0.135856518786,-0.0938934851544,-0.544264666522,-0.00255959992622,-0.839784939824,-0.0509231509918,0.286632477876,-0.130652428608,0.573840441668,0.818951392243,0.0025517739712,0.0,0.818914087033,-0.573777446201,-0.0118282370638,0.0,-0.00822275917233,0.0088773753498,-0.999926786539,0.0,0.641372373685,0.234580298714,0.303656885037,1.0,-0.117056571429,-0.153845779592,1.157
0.447483758432,0.432524293471,-0.125089167754,-1.5349035064,0.068549738993,1.95891024553,0.133257327078,-0.112521935873,-0.610749655888,-0.00973408547914,-0.904791813358,-0.054667621787,0.338104897167,-0.147866275429,0.573770275529,0.819000068547,0.0027028762707,0.0,0.818964560814,-0.573706547929,-0.0117725059078,0.0,-0.00809118111104,0.00896844650675,-0.999927047217,0.0,0.639203932649,0.231768100349,0.303762635387,1.0,-0.128257714286,-0.168567281633,1.175
0.445466637992,0.421868585195,-0.125189313782,-1.55106763654,0.0673997667423,1.96453349105,0.130574856942,-0.122298871431,-0.634122879912,-0.00735783206687,-0.978364978199,-0.0666300294507,0.335148286219,-0.168971319069,0.573671904761,0.819068817966,0.00275027705077,0.0,0.819034251606,-0.573608383283,-0.0117074431582,0.0,-0.00801177390782,0.00896897500301,-0.999927681868,0.0,0.636968179689,0.228866668831,0.303808502964,1.0,-0.138836571429,-0.182470922449,1.192
0.443622488393,0.412506105823,-0.125291377035,-1.56501348403,0.0663868337166,1.96947405084,0.128294648028,-0.130852389493,-0.692235259929,-0.00112055763144,-1.0121595037,-0.078973705661,0.358323155509,-0.171406645366,0.573689012199,0.819055968608,0.00299741062631,0.0,0.819025256304,-0.573625413308,-0.0115005062663,0.0,-0.00770031564498,0.00905284338145,-0.999929373089,0.0,0.635051809814,0.226300997354,0.303947469952,1.0,-0.147548571429,-0.193920979592,1.206
0.441159319905,0.400652124331,-0.125393844601,-1.58305421647,0.0651858813055,1.97550404057,0.125253418594,-0.153739336355,-0.70820705864,-0.00176809330851,-1.06897883686,-0.0650501201139,0.352862577379,-0.183565888888,0.573689248701,0.819056222069,0.00288061046924,0.0,0.819023043869,-0.573624928423,-0.0116808392139,0.0,-0.00791502645172,0.00906063267282,-0.999927626027,0.0,0.632446828598,0.222954184164,0.303891343894,1.0,-0.158127428571,-0.207824620408,1.223
0.438425190718,0.38799567692,-0.125536143189,-1.60196996879,0.0638017173125,1.98198662963,0.122002612023,-0.161865398017,-0.759223223112,-0.00971471344257,-1.15509506803,-0.0931019684617,0.377791894312,-0.202292306237,0.573710774353,0.819040852439,0.00296248687472,0.0,0.819009099379,-0.573646596036,-0.0115941749452,0.0,-0.00779683253216,0.00907818157612,-0.999928395447,0.0,0.62955775333,0.219118064839,0.303934750692,1.0,-0.169328571429,-0.222546122449,1.241
0.435489275725,0.374687286701,-0.125680658134,-1.62182063867,0.0623096484817,1.98858436956,0.118426493451,-0.173177918349,-0.785155013535,-0.0105177304302,-1.18220356485,-0.0884491321057,0.392181994884,-0.210230194952,0.573627189899,0.81909924792,0.00300266007188,0.0,0.819068181672,-0.573563086741,-0.0115518916439,0.0,-0.00774007979879,0.00908603740131,-0.999928765007,0.0,0.626796999446,0.215508791486,0.303990558912,1.0,-0.179285142857,-0.235631902041,1.257
0.432190947491,0.360768777173,-0.125862898183,-1.64240052283,0.0607410397018,1.99541867326,0.114765735873,-0.197987522218,-0.855895601876,-0.0106342744464,-1.22418146412,-0.0972244878781,0.415947086744,-0.229665803677,0.573759883419,0.819006009392,0.00308215200045,0.0,0.818976324308,-0.573695931624,-0.011467570011,0.0,-0.00762393747322,0.0091040164294,-0.999929493746,0.0,0.623736444518,0.211380943449,0.304053887987,1.0,-0.189864,-0.249535542857,1.274
0.428554853365,0.346317892397,-0.126064864346,-1.66389352831,0.0591117927781,2.00227916481,0.110682973736,-0.218628440919,-0.873425589851,-0.015046974731,-1.25627340073,-0.098009514789,0.416064387841,-0.241241324212,0.573817238643,0.818966521488,0.0028914045597,0.0,0.81893396661,-0.573753419804,-0.0116154421336,0.0,-0.00785385619662,0.00903318425267,-0.999928356696,0.0,0.620439095559,0.206956775452,0.303988270249,1.0,-0.200442857143,-0.263439183673,1.291
0.425173229883,0.333034553338,-0.126178110418,-1.68341497826,0.057611357383,2.00861830302,0.107000748592,-0.230089082099,-0.896513041987,-0.0038765249211,-1.32677037138,-0.0996177419657,0.411845894417,-0.251342992472,0.573864691627,0.818933146448,0.00292647474746,0.0,0.818900615167,-0.573800252008,-0.0116533332628,0.0,-0.00786424033888,0.00908410336736,-0.99992781379,0.0,0.617184150122,0.202693060433,0.303981631162,1.0,-0.210399428571,-0.276524963265,1.307
0.420888784704,0.316426534288,-0.126328606368,-1.70746465136,0.0556040985918,2.0162922242,0.102254443207,-0.246065008137,-0.916767221929,-0.0146787296821,-1.36642570795,-0.113153289364,0.421838138473,-0.268480671721,0.573752799413,0.819011228533,0.00301323806617,0.0,0.818980558271,-0.573688951044,-0.0115143182839,0.0,-0.00770184286237,0.00907433045135,-0.999929166563,0.0,0.613342896003,0.197686669842,0.304062810836,1.0,-0.221600571429,-0.291246465306,1.325
0.41624456525,0.299265703893,-0.126455865938,-1.73223768736,0.0535273669853,2.02404316363,0.097141544523,-0.268613271972,-0.964241261242,-0.0152968341178,-1.40306412047,-0.122727436547,0.430406974199,-0.284940353157,0.573563154378,0.819143773253,0.00308764993494,0.0,0.819114157626,-0.573499209324,-0.0114630093142,0.0,-0.0076192346,0.00910407283804,-0.999929529078,0.0,0.609513807439,0.192751605162,0.304112964874,1.0,-0.232179428571,-0.305150106122,1.342
0.412872646143,0.287412999941,-0.12657733202,-1.74909523391,0.052173288084,2.02923568457,0.0936544248677,-0.287753016708,-0.994155554383,-0.0113997827672,-1.41535640663,-0.109988593102,0.440810012698,-0.297756285082,0.573620771384,0.819102841277,0.00323928238244,0.0,0.819074760908,-0.573555848156,-0.0114442995219,0.0,-0.00751629361244,0.00921807983919,-0.999929263665,0.0,0.60672315615,0.189083407184,0.304195943285,1.0,-0.239646857143,-0.314964440816,1.354
0.406550653411,0.26619752055,-0.126798292169,-1.77935805019,0.0495944480752,2.03828053993,0.0871004684218,-0.313618430481,-1.01591102926,-0.00551097772457,-1.45704181459,-0.122591452715,0.420034611595,-0.311260893276,0.57358956548,0.819124916446,0.00318253535081,0.0,0.819095566044,-0.573524166799,-0.011542559758,0.0,-0.00762968425703,0.00922767009199,-0.999928316442,0.0,0.601574561689,0.182364068955,0.304187307285,1.0,-0.252714857143,-0.332139526531,1.375
0.400905500252,0.248412366448,-0.127035093029,-1.80443280459,0.0473428481943,2.04565447998,0.081530117716,-0.339160089225,-1.0439373657,-0.00743155092955,-1.48722205269,-0.127606376641,0.422462003807,-0.33562246992,0.57372051782,0.819033260636,0.00316738144165,0.0,0.819003881186,-0.573655351144,-0.011529423504,0.0,-0.00762614283953,0.00920894181749,-0.999928516113,0.0,0.597241862561,0.176571377044,0.304206678419,1.0,-0.263293714286,-0.346043167347,1.392
0.395299027207,0.231141306006,-0.127217972448,-1.82843577948,0.0451631149824,2.05263474134,0.0759194417634,-0.347468799396,-1.10233392059,-0.00819663348534,-1.51061015471,-0.133236346039,0.447076561479,-0.359734220329,0.573686672869,0.819056392152,0.00331281576253,0.0,0.819028942727,-0.573621128763,-0.0114515725204,0.0,-0.00747932655615,0.00928308525794,-0.999928939476,0.0,0.592997029955,0.170992281454,0.304287735377,1.0,-0.273250285714,-0.359128946939,1.408
