position_joint1,position_joint2,position_joint3,position_joint4,position_joint5,position_joint6,position_joint7,velocity_joint1,velocity_joint2,velocity_joint3,velocity_joint4,velocity_joint5,velocity_joint6,velocity_joint7,ee_T_00,ee_T_10,ee_T_20,ee_T_30,ee_T_01,ee_T_11,ee_T_21,ee_T_31,ee_T_02,ee_T_12,ee_T_22,ee_T_32,ee_T_03,ee_T_13,ee_T_23,ee_T_33,v_x,v_y,time
0.465070963578,0.547740929654,-0.124000925749,-1.35582947963,0.0795634629573,1.89410583969,0.159154513231,-0.000630583949327,-0.00103082461584,0.00145433360028,-0.000249267775687,7.71474311764e-05,-0.000155544024388,-0.000244944377136,0.573829406277,0.818960611801,0.00201883941263,0.0,0.818917856794,-0.573770050634,-0.0119255910157,0.0,-0.00860840546076,0.00849668204449,-0.999926848199,0.0,0.661680010402,0.260893098455,0.303245561406,1.0,0.0,0.0,0.0
0.465070172534,0.547744102439,-0.124006393487,-1.35583043345,0.0795621405269,1.89410481864,0.159161331073,-0.000630554590108,0.00058852086651,-8.25945876896e-05,0.000564055168854,-0.000256219337743,-0.000190152991098,0.00167825425173,0.573839157822,0.818953795164,0.00201227171347,0.0,0.818910992544,-0.573779865582,-0.011924724095,0.0,-0.00861136285604,0.00849090853438,-0.999926871777,0.0,0.661681039845,0.26088897105,0.303242949662,1.0,-0.00026,-0.000341714285714,0.014
0.465075195281,0.547738482533,-0.124006396526,-1.35583806127,0.0795627638615,1.89410434959,0.159154756969,0.000629903479523,-5.06563271218e-05,-0.000522312603439,-0.000193951554923,-0.00108633885948,-0.000352939035393,-0.00157343112415,0.573830231396,0.818960052993,0.00201097988338,0.0,0.818917218312,-0.573770930594,-0.011927097655,0.0,-0.00861414057743,0.0084911187398,-0.999926846067,0.0,0.661678001267,0.260891529792,0.303243260873,1.0,-0.0006,-0.000788571428571,0.031
0.465069381514,0.547715164965,-0.123998813363,-1.35586562359,0.079562969195,1.89411164354,0.159153393763,-0.00173225985479,0.00095163011138,-9.19737283138e-05,-0.00382006196643,0.000131749802013,0.00071005731414,-0.00023991539308,0.573830147111,0.818960097923,0.00201672448893,0.0,0.818917279028,-0.573770764279,-0.0119309291241,0.0,-0.00861398317831,0.00849802095872,-0.999926788787,0.0,0.661673517967,0.260889635314,0.303247043685,1.0,-0.00094,-0.00123542857143,0.048
0.465071796081,0.547599243302,-0.123998759591,-1.35599411233,0.0795600083646,1.89413096595,0.159154396052,-0.000264442384704,-0.00577581149318,0.00135251778716,-0.00960947841637,-2.31789232371e-05,-0.000527379986164,0.00161562799358,0.573835112977,0.81895659306,0.00202699259366,0.0,0.818913828564,-0.573775608596,-0.0119347923783,0.0,-0.00861120378836,0.00850869901695,-0.99992672192,0.0,0.661650504347,0.26087836811,0.303269677737,1.0,-0.00128,-0.00168228571429,0.065
0.465071185266,0.547474312435,-0.124006394905,-1.35616767386,0.0795574243416,1.89415879557,0.15915078143,0.00108385648669,-0.00987277842676,-0.00207908614822,-0.0114674261526,-5.18061899758e-05,-0.000643821156259,9.99682586569e-05,0.573846752174,0.818948471145,0.00201333794468,0.0,0.818905446661,-0.573787222168,-0.0119515692128,0.0,-0.00863265795347,0.00850726637626,-0.99992654912,0.0,0.661621618105,0.260856049847,0.303278231932,1.0,-0.0016,-0.00210285714286,0.081
0.465053157817,0.547304613209,-0.124004838452,-1.35637844026,0.0795582137202,1.89425550192,0.159143593306,-0.00058239821176,-0.00624299584369,-0.00232622783503,-0.0127780502436,-3.4723116766e-05,0.00249690388549,-0.00455057819738,0.573866629157,0.818934405444,0.00206843432096,0.0,0.818891998978,-0.573806769162,-0.0119345119339,0.0,-0.00858686614368,0.00854280692548,-0.999926640399,0.0,0.66160136742,0.260828937904,0.303306469948,1.0,-0.00194,-0.00254971428571,0.098
0.46503534903,0.547103354399,-0.124004955111,-1.35659762901,0.0795509633469,1.89438415562,0.159141100178,-0.00067866229606,-0.0125553026225,-0.00131725064336,-0.0144155733163,-0.00053892426543,0.0106318241847,0.00187438882216,0.573889825546,0.818917899602,0.00216535164663,0.0,0.818876777209,-0.573829590578,-0.0118815666654,0.0,-0.00848764818228,0.00859203182197,-0.999927065749,0.0,0.66158716607,0.260801292246,0.303355862616,1.0,-0.00228,-0.00299657142857,0.115
0.465006948151,0.546895795001,-0.12400356206,-1.35686365585,0.0795481197491,1.8945134572,0.159120016339,-0.00164328782989,-0.0192001535036,0.000244592951219,-0.0158506919064,-0.000360541977614,0.00632371448285,-0.000784995709224,0.57390913058,0.818904189345,0.00223280348099,0.0,0.81886386805,-0.573848546918,-0.0118557034069,0.0,-0.00842755641101,0.00863262473449,-0.999927224393,0.0,0.661564670122,0.260762785465,0.303387430541,1.0,-0.00262,-0.00344342857143,0.132
0.464980372136,0.546656616271,-0.124003472354,-1.35722070082,0.0795420473217,1.89464830967,0.159094855679,-0.00163448519519,-0.0149374651595,-0.000501228438344,-0.0165320410076,9.13646588028e-05,0.00976406911559,-0.00184345819238,0.573928609417,0.818890475272,0.00225559377904,0.0,0.818850317723,-0.57386779725,-0.0118598206225,0.0,-0.00841764357842,0.00865385065384,-0.999927124417,0.0,0.66152321959,0.260714186896,0.303398577447,1.0,-0.00296,-0.00389028571429,0.149
0.46493992597,0.546405597424,-0.124004525413,-1.3576140073,0.0795304647116,1.8947925408,0.158968603742,-0.00282986102121,-0.0145450004323,0.000430686811682,-0.0304999448679,3.54250946028e-05,0.00426299923744,-0.00592022803549,0.57387802221,0.818925903175,0.00226442833939,0.0,0.818885747093,-0.573817064831,-0.0118682862557,0.0,-0.00842004152976,0.00866542357214,-0.999927004003,0.0,0.66147979391,0.260651344817,0.303401678437,1.0,-0.00328,-0.00431085714286,0.165
0.464892703067,0.546121851838,-0.124001376014,-1.35808886803,0.0795139564722,1.89495676904,0.158942776804,-0.00295371917637,-0.0141647190023,-0.000287158051522,-0.0321726357754,-0.000370356791729,0.015419044498,0.00156634967764,0.573915498185,0.818899684444,0.00224825751935,0.0,0.818859175278,-0.573854453712,-0.0118938605808,0.0,-0.00844986877206,0.00866724409002,-0.999926736615,0.0,0.661423544661,0.26057775898,0.303390709741,1.0,-0.00362,-0.00475771428571,0.182
0.464843746945,0.545788966829,-0.124009823997,-1.35863858348,0.0794863693702,1.89513890401,0.158893147499,-0.00313535408123,-0.0170644612047,-0.00100139594768,-0.0341537174311,-0.00423829721634,0.00746271222717,0.000481026269284,0.573944172349,0.818879666128,0.00221953393383,0.0,0.818838740017,-0.573883195414,-0.0119139737062,0.0,-0.00848252089934,0.00865556279441,-0.999926561339,0.0,0.661358665226,0.260487494077,0.303380803335,1.0,-0.00396,-0.00520457142857,0.199
0.464778417544,0.545439738652,-0.12400674407,-1.35924743053,0.0794334458454,1.89534909687,0.158788840397,-0.000234632951496,-0.0252607943717,-0.000141183350477,-0.0386932514293,-0.00846636414762,0.00856628376775,-0.00290542610771,0.573930053007,0.818889698086,0.0021687610153,0.0,0.818848205145,-0.573869379346,-0.0119289261948,0.0,-0.00852405334683,0.00862242131642,-0.999926494481,0.0,0.661289208049,0.260384073816,0.303356308381,1.0,-0.0043,-0.00565142857143,0.216
0.464719722143,0.545057175474,-0.124010276742,-1.3599037299,0.0793961500937,1.89554517145,0.158696945586,-0.0026763882638,-0.0255048888891,-0.00111866273167,-0.0391047841153,-0.00166237561601,0.0170930052603,-0.00534393015837,0.573931838588,0.818888616385,0.00210368977413,0.0,0.818846193477,-0.573871349867,-0.0119721398153,0.0,-0.00859676723255,0.00859395604012,-0.999926117027,0.0,0.661205749111,0.260277590981,0.30333181858,1.0,-0.00462,-0.006072,0.232
0.464656534722,0.544639170935,-0.124010488299,-1.36061848877,0.0793709970372,1.89579984245,0.158654188228,-0.00183830074605,-0.0210273454905,-0.000478375522407,-0.0370638210297,-0.00150050737406,0.00952123089959,-0.00723736257578,0.573981938742,0.818853571007,0.00207608978202,0.0,0.818810604543,-0.573921376148,-0.0120081135011,0.0,-0.00864154069315,0.00859253003031,-0.999925743344,0.0,0.661121123545,0.260169538855,0.303309560547,1.0,-0.00496,-0.00651885714286,0.249
0.464585327374,0.544171069674,-0.124007822206,-1.36138458375,0.0793405404448,1.89607486527,0.158538423916,-0.00456222136999,-0.0293602789352,2.92606584421e-05,-0.0503464899011,-0.0017980034514,0.0226568661517,-0.00170138539076,0.573978209631,0.818856211796,0.00206547185465,0.0,0.818812925973,-0.573917512894,-0.0120344320283,0.0,-0.00866922586152,0.00859890235788,-0.999925448922,0.0,0.661031701714,0.260052946105,0.303299942064,1.0,-0.0053,-0.00696571428571,0.266
0.464513876219,0.543670323958,-0.124008421227,-1.36220029813,0.0792996183284,1.89636239219,0.158429550878,-0.0033042552941,-0.0271610887947,0.000944774067298,-0.045920464899,0.000138572990808,0.0140572638985,-0.00661231013993,0.573982504508,0.818853249619,0.00204621793556,0.0,0.818809607597,-0.573921785658,-0.0120564238104,0.0,-0.00869824023264,0.00859580473488,-0.999925223583,0.0,0.660935503594,0.25992799984,0.303290929631,1.0,-0.00564,-0.00741257142857,0.283
0.46443018503,0.54312540314,-0.124013948029,-1.36305270919,0.0792517160886,1.896659658,0.15833358361,-0.011454517316,-0.0344314271034,-0.000814039832478,-0.0553752546654,-0.00148727477879,0.0207440197467,-0.00513933298361,0.5740109128,0.818833355546,0.00203831625345,0.0,0.818789574086,-0.573950188501,-0.0120648824695,0.0,-0.00870940388191,0.00859449176677,-0.999925137695,0.0,0.660838544868,0.25978787474,0.303296636903,1.0,-0.00598,-0.00785942857143,0.3
0.464360806155,0.542585874677,-0.124016332963,-1.36390862633,0.0792020042294,1.8969639362,0.15821169088,-0.00595189347321,-0.0330957615307,0.000597495545878,-0.0538566194464,-0.00410890160528,0.0129130776519,-0.0103967910753,0.574003889784,0.818838302941,0.00202855872623,0.0,0.818794359562,-0.573943174449,-0.0120737796182,0.0,-0.00872236371029,0.00859153432198,-0.999925050146,0.0,0.660737567448,0.259658730555,0.303297299162,1.0,-0.0063,-0.00828,0.316
0.46428856451,0.541988430228,-0.124020103427,-1.3648244387,0.07915105058,1.89730730993,0.158088446914,-0.00388164255404,-0.0330589611871,-0.00114837624752,-0.0531859221524,-0.00392968740269,0.0162789457527,-0.00393538390433,0.574007876631,0.818835438945,0.00205630610277,0.0,0.818791856198,-0.573947039642,-0.0120598014709,0.0,-0.00869494943543,0.00860627342312,-0.999925162156,0.0,0.66062755254,0.259512296823,0.303317726426,1.0,-0.00666,-0.00875314285714,0.334
0.464197862753,0.541345764302,-0.124015849083,-1.36579367848,0.0790854223301,1.89766883986,0.157961618831,-0.0100180408067,-0.0356126064628,0.000627266743418,-0.0547517179537,-0.00410238777451,0.0255410462838,-0.00958170960609,0.574005828532,0.818836819521,0.00207815016507,0.0,0.818793548059,-0.573944924293,-0.0120455982695,0.0,-0.00867080257691,0.00861598544634,-0.999925288198,0.0,0.660524757048,0.259372852435,0.303338003556,1.0,-0.00698,-0.00917371428571,0.35
0.464115996802,0.540661682867,-0.124015488271,-1.36684898255,0.0790260744864,1.89806035535,0.157823010744,-0.00896249144452,-0.0418205582409,0.00112416781628,-0.062644057341,-0.000599942596674,0.0145692021064,-0.0109959611848,0.574001797687,0.818839595191,0.0020977370807,0.0,0.818796531302,-0.573940762766,-0.0120410990123,0.0,-0.00865591847395,0.00862939846709,-0.999925301489,0.0,0.660401681038,0.259219664847,0.303353195052,1.0,-0.00732,-0.00962057142857,0.367
0.464031820967,0.539931270973,-0.124024002676,-1.36795044426,0.0789616249627,1.89846515442,0.15769665453,-0.00231448836847,-0.0394939798109,-0.00108537532649,-0.0679240745898,-0.00402959009946,0.0228201995583,-0.00292418629152,0.574016972181,0.818828885519,0.00212574429146,0.0,0.818786203913,-0.573955833638,-0.0120249829615,0.0,-0.00862648614647,0.00864324081817,-0.999925436283,0.0,0.660274530546,0.25905502072,0.303380484529,1.0,-0.00766,-0.0100674285714,0.384
0.463927721639,0.53923942067,-0.124021648951,-1.36903122652,0.0788968053689,1.89887537679,0.157551532468,-0.0079187200813,-0.0398531246382,0.00029266100068,-0.0681972669835,-0.0013872601602,0.0234443713018,-0.0122500650788,0.574023467456,0.818824265174,0.00215138866368,0.0,0.818781916091,-0.573962218348,-0.0120121893792,0.0,-0.00860122193177,0.00865696340484,-0.99992553521,0.0,0.660146705876,0.258875946647,0.303395526396,1.0,-0.008,-0.0105142857143,0.401
0.463813804148,0.538474244621,-0.124026793131,-1.37023129186,0.0788280823919,1.8993345174,0.157416966758,-0.00592299138755,-0.0391355525512,0.00223641760476,-0.0760198766069,-0.00359062931752,0.033633160823,-0.000879022358478,0.574059032781,0.818799298381,0.00216396720574,0.0,0.818757110526,-0.573997723729,-0.0120064156733,0.0,-0.00858889784197,0.00866432172029,-0.999925577412,0.0,0.660023226802,0.258695226572,0.303399664637,1.0,-0.00832,-0.0109348571429,0.417
0.463703326136,0.537693163421,-0.124032888373,-1.37146121407,0.0787620514424,1.89980671375,0.15725799257,-0.00462683514005,-0.0488601661365,0.000342280363427,-0.0720797947266,-0.00112829549995,0.0209418111634,-0.0090401533725,0.57407395093,0.81878878167,0.00218558353574,0.0,0.818746844737,-0.574012518677,-0.0119991473202,0.0,-0.0085703799116,0.00867800461216,-0.999925617646,0.0,0.659886773444,0.258504381234,0.303407017961,1.0,-0.00866,-0.0113817142857,0.434
0.463596122916,0.536859224061,-0.124036594581,-1.37276886055,0.0786824346457,1.90028086525,0.157093142084,-0.0103345834319,-0.051270495685,0.000589275300622,-0.0824783792921,-0.000565255633792,0.0234071931004,-0.0134727487437,0.574080029737,0.818784522437,0.00218453079916,0.0,0.818742567496,-0.574018596751,-0.0120002356686,0.0,-0.00857181096111,0.00867783107992,-0.999925606885,0.0,0.659733165529,0.25830650865,0.303414623761,1.0,-0.009,-0.0118285714286,0.451
0.46348029325,0.536014383525,-0.124045665357,-1.37408565137,0.0786064460949,1.90078122745,0.156930524158,-0.0041677986837,-0.0514941269076,0.000383666919291,-0.0789719109812,-0.00594125461084,0.0311921991565,-0.00595216393601,0.574100283737,0.818770259781,0.00220744468186,0.0,0.818728624353,-0.574038774329,-0.0119863310826,0.0,-0.00854705713212,0.00868882150997,-0.999925723339,0.0,0.659585910706,0.258101262623,0.303427873112,1.0,-0.00934,-0.0122754285714,0.468
0.463371824943,0.53517349948,-0.124048209582,-1.37541396535,0.0785335695975,1.9012567757,0.156771220976,-0.00900007522512,-0.0488443059697,0.000675017976834,-0.0825578052939,-0.00205219792357,0.0303969598644,-0.00696727442275,0.574113811395,0.818760792744,0.00220062061864,0.0,0.818718975328,-0.574052234018,-0.0120007898455,0.0,-0.008562669883,0.00869167639761,-0.999925564953,0.0,0.659427047136,0.257902081569,0.303430327607,1.0,-0.00966,-0.012696,0.484
0.463235756933,0.534227171106,-0.124052296394,-1.37696752277,0.0784543731657,1.90181853674,0.156577235874,-0.0107875259682,-0.0553898118602,8.46802895184e-05,-0.0867829030231,-0.00572085446162,0.0309701279612,-0.00958117299421,0.574133268989,0.818747236674,0.0021676669236,0.0,0.818704829682,-0.574071665238,-0.0120362754939,0.0,-0.00861043691755,0.00868527279368,-0.99992521041,0.0,0.659243278483,0.257663289402,0.303407346295,1.0,-0.01002,-0.0131691428571,0.502
0.463114989118,0.533361200516,-0.124055236455,-1.37836195581,0.0783595228461,1.90233350197,0.156403277416,-0.0123881270225,-0.0552957313388,0.000236260808173,-0.087777162902,-0.00607216450633,0.0328855676346,-0.00530232008405,0.574142693793,0.818740678313,0.0021484276663,0.0,0.818698106375,-0.574081256621,-0.0120361254168,0.0,-0.00862125941955,0.00866953404713,-0.999925253739,0.0,0.659081351567,0.257447413696,0.303399093264,1.0,-0.01034,-0.0135897142857,0.518
0.462987783777,0.532415871142,-0.124054604656,-1.3798914125,0.0782892379181,1.90291297005,0.156216568177,-0.00539312261219,-0.0570877282245,0.000154936175328,-0.0956942403906,-0.00207277313266,0.0295695295294,-0.0150143701954,0.574158472928,0.818729596307,0.00215476156506,0.0,0.818686899448,-0.574096798154,-0.0120571109109,0.0,-0.00863463807693,0.00868693470366,-0.999924987282,0.0,0.658902062865,0.257222726551,0.303387893832,1.0,-0.01068,-0.0140365714286,0.535
0.462862591885,0.531496049768,-0.124055584627,-1.38136125701,0.0782024088767,1.90345062994,0.156024587636,-0.00457143889945,-0.0595829194902,0.000594580660542,-0.0956957900654,-0.00672725623841,0.0337783350168,-0.0100900380055,0.574161348672,0.818727606748,0.00214442079503,0.0,0.818684728217,-0.574099670577,-0.012067764041,0.0,-0.00864926682523,0.00868461543874,-0.999924880998,0.0,0.658728021995,0.256999704345,0.303383273702,1.0,-0.011,-0.0144571428571,0.551
0.462713408503,0.530425095536,-0.12405566661,-1.38309728152,0.0780934233309,1.90405869696,0.155802872394,-0.00457823718705,-0.0605381604777,-0.000453009468844,-0.0908050177338,-0.00153820415595,0.0326963623309,-0.0131916715437,0.574167074552,0.818723722977,0.00209352262925,0.0,0.818680130398,-0.57410556487,-0.0120992305,0.0,-0.00870419163117,0.00866107191211,-0.999924608599,0.0,0.658516627754,0.2567330259,0.303364317219,1.0,-0.01136,-0.0149302857143,0.569
0.4625735696,0.529381794495,-0.124053398725,-1.38474018404,0.0779882885513,1.90466874887,0.155579581597,-0.00726649952294,-0.0576363238233,-0.000701465096867,-0.0964183410449,-0.00453512712395,0.0404903716519,-0.0112407584237,0.574158148903,0.818729967939,0.00209917790264,0.0,0.818686468998,-0.574096635612,-0.0120940216198,0.0,-0.00869677440148,0.00866261639316,-0.999924659758,0.0,0.65832302173,0.256485336617,0.303370032419,1.0,-0.0117,-0.0153771428571,0.586
0.462446199317,0.528349574365,-0.124058863875,-1.38632981459,0.077891298632,1.90527377795,0.155356729321,-0.00519219420199,-0.0673990749543,0.000427699602722,-0.0973192376472,-0.0110142936283,0.0372540373421,-0.00970394735379,0.57414402335,0.818739774673,0.00213745681098,0.0,0.818696817414,-0.574082389398,-0.0120697240907,0.0,-0.0086550535057,0.00867985615279,-0.999924872251,0.0,0.658138250477,0.256248529052,0.30339286926,1.0,-0.01202,-0.0157977142857,0.602
0.462300080747,0.527227655976,-0.124062055832,-1.3880737041,0.077774373925,1.90594400408,0.155117104429,-0.0112833917041,-0.0697084650035,0.00047641485388,-0.104037558261,-0.00697758804323,0.0468140672293,-0.0182513173656,0.574132722059,0.818747613189,0.00217031330076,0.0,0.818705218335,-0.574071084644,-0.0120375307977,0.0,-0.00860995126692,0.00868815442237,-0.999925189558,0.0,0.657937637309,0.255984802798,0.303410738017,1.0,-0.01236,-0.0162445714286,0.619
0.462164706399,0.526139913113,-0.124067278743,-1.38977806476,0.0776745460381,1.90657851478,0.154885539137,-0.0121504385594,-0.0686023808876,-0.00314922311426,-0.108966716084,-0.0121234384504,0.0395854226648,-0.00740561627146,0.574134310798,0.818746471708,0.00218062632382,0.0,0.818704179844,-0.574072597902,-0.0120359937299,0.0,-0.00860275521082,0.00869573227069,-0.999925185623,0.0,0.657721719893,0.255711160612,0.303417675075,1.0,-0.0127,-0.0166914285714,0.636
0.46199806614,0.52489150101,-0.124073715842,-1.39172428708,0.0775530515991,1.9072855938,0.154632860325,-0.00672972976537,-0.0719638678955,-0.00100501068889,-0.103468741574,-0.00261941797691,0.0400028774328,-0.010391273565,0.574128956611,0.818750200641,0.00219021308566,0.0,0.818708057977,-0.574067228573,-0.0120282909347,0.0,-0.00859100146345,0.00869910271072,-0.99992525736,0.0,0.657502220023,0.255431951105,0.303433368339,1.0,-0.01304,-0.0171382857143,0.653
0.461848577618,0.523777512216,-0.124074599725,-1.39351060527,0.077434603835,1.90793011853,0.15438290013,-0.0116595588161,-0.0714907517581,0.00107946200393,-0.107954518666,-0.0131571870171,0.0444525272559,-0.0109235456781,0.574111277484,0.818762676501,0.00216044799224,0.0,0.818720179769,-0.574049711448,-0.0120392245091,0.0,-0.00861722904387,0.00868082406417,-0.99992519053,0.0,0.657285047975,0.255160353244,0.303422315642,1.0,-0.01336,-0.0175588571429,0.669
0.461697582351,0.522563193146,-0.124080815235,-1.39545058236,0.0773174244104,1.90866646872,0.154132771587,-0.00324600663285,-0.069761725762,-0.00207621646886,-0.116403809588,-0.00732138990906,0.045319353154,-0.0138685207996,0.574107110416,0.818765582881,0.00216632424308,0.0,0.818723181207,-0.574045538689,-0.0120340752572,0.0,-0.00860968363842,0.00868263521592,-0.999925239802,0.0,0.657053635511,0.254874169718,0.303416511293,1.0,-0.0137,-0.0180057142857,0.686
0.461532362303,0.521322245929,-0.12408123508,-1.39743169895,0.0771963206506,1.90943952836,0.153856006646,-0.0131242368746,-0.0693735976415,0.000681054008724,-0.114053854666,-0.00328870051163,0.0461768264337,-0.0226087157179,0.574089680756,0.818777738283,0.00219103704118,0.0,0.818735692382,-0.574028041399,-0.0120175125484,0.0,-0.00858212027518,0.00869317754193,-0.999925385154,0.0,0.656822426001,0.2545793617,0.303412497434,1.0,-0.01404,-0.0184525714286,0.703
0.461365328126,0.520026526345,-0.124084460543,-1.39946240601,0.0770709821198,1.91017967151,0.153588924209,-0.0137966355832,-0.0798355130289,-0.00222847364776,-0.12346181593,-0.0121990068969,0.0382185066781,-0.0174010026153,0.574084459345,0.818781392591,0.00219353271523,0.0,0.818739363129,-0.574022793909,-0.0120180795914,0.0,-0.00858120738124,0.00869549171803,-0.999925372867,0.0,0.656575010736,0.254273735263,0.303420195585,1.0,-0.01438,-0.0188994285714,0.72
0.461197680658,0.518680276054,-0.124093257466,-1.40154617481,0.0769403239379,1.91092322628,0.153305347651,-0.00837337950896,-0.0798334660669,-0.00010035680856,-0.122340805123,-0.00853465239783,0.0497716572875,-0.0210206683644,0.574071117359,0.818790741474,0.00219563022179,0.0,0.818748744788,-0.574009450363,-0.0120162682863,0.0,-0.0085786618889,0.00869602947524,-0.999925390032,0.0,0.656318048654,0.253958263349,0.303438173656,1.0,-0.01472,-0.0193462857143,0.737
0.461019718633,0.517334640487,-0.124098240035,-1.40366383461,0.0768030041278,1.91168844576,0.153018029561,-0.00943443653425,-0.0846450542017,-0.00138300425117,-0.125200442772,-0.0118191859866,0.0475457240337,-0.0191248190167,0.574060198489,0.81879842741,0.00218418926835,0.0,0.818756316043,-0.573998615649,-0.0120179479771,0.0,-0.00858672060896,0.00868751162157,-0.999925394903,0.0,0.65605872809,0.253634660426,0.303440952124,1.0,-0.01506,-0.0197931428571,0.754
0.460839653794,0.516067446213,-0.12410143666,-1.40567655695,0.0766728689698,1.91244760934,0.152741925345,-0.0073672351048,-0.0800724305194,-0.00117423364472,-0.128632152791,-0.0083746649074,0.0439357975749,-0.0196185237606,0.574055235253,0.818801893341,0.0021893470715,0.0,0.818759916793,-0.573993699908,-0.0120074152303,0.0,-0.00857518799767,0.00868563642629,-0.999925510161,0.0,0.655819994024,0.253322916277,0.303437700385,1.0,-0.01538,-0.0202137142857,0.77
0.460656544397,0.51469468782,-0.124098159432,-1.40788244218,0.0765316737273,1.91327054446,0.152423343481,-0.0118527502702,-0.0846773912763,0.00161249204179,-0.133023753918,-0.00890325547869,0.0550985179286,-0.0149942900252,0.574020248987,0.818826455824,0.00217621139089,0.0,0.818784314309,-0.573958779302,-0.0120130430896,0.0,-0.00858770720331,0.00867774481037,-0.999925471238,0.0,0.655550075168,0.252994019769,0.303421488632,1.0,-0.01572,-0.0206605714286,0.787
0.460464096424,0.513301795101,-0.12410853584,-1.41014355108,0.0763994527059,1.91405440749,0.152121790222,-0.0108837739037,-0.080969137708,-0.00151331012292,-0.134688197737,-0.00380766421179,0.0415947426764,-0.0151929041983,0.574021282856,0.818825915672,0.00210560030971,0.0,0.818782716587,-0.573959974761,-0.0120647126956,0.0,-0.00867053605435,0.00864959753199,-0.999925000321,0.0,0.655263848546,0.252643653062,0.3033897582,1.0,-0.01606,-0.0211074285714,0.804
0.460276543909,0.511945607439,-0.124108489764,-1.41230792566,0.0762657078889,1.91482359404,0.151816867182,-0.0128472260805,-0.0809959150944,-0.000337686848466,-0.134611064696,-0.00980415304676,0.0467158151232,-0.012045258915,0.574002301455,0.818839307694,0.00207195605305,0.0,0.818795587494,-0.57394105914,-0.0120910476836,0.0,-0.00871161218845,0.0086369639594,-0.999924752502,0.0,0.654992383701,0.252312394274,0.303376281801,1.0,-0.01638,-0.021528,0.82
0.460077731819,0.510484818778,-0.124109231982,-1.41463866292,0.0761169597797,1.91571466101,0.151496060143,-0.0102095801964,-0.0883186945393,-0.000563472795835,-0.140785911725,-0.0117467196489,0.0530695287806,-0.0194296861663,0.573984751016,0.818851580156,0.00208378925395,0.0,0.818808071562,-0.573923516524,-0.0120783288141,0.0,-0.00869459037656,0.00863916634835,-0.99992488163,0.0,0.654711348358,0.251960782979,0.303367023781,1.0,-0.01672,-0.0219748571429,0.837
0.459867188734,0.509002978023,-0.124117081228,-1.41699765394,0.0759774226118,1.91657854987,0.151166406873,-0.0146056720756,-0.0846861350522,-0.00100871479695,-0.141667230256,-0.01151920388,0.0499045010417,-0.0183328491402,0.573978059801,0.818856298644,0.00207266500874,0.0,0.818812576055,-0.573916805962,-0.0120918166837,0.0,-0.00871209070659,0.00863772795771,-0.999924741734,0.0,0.654421795662,0.251594010191,0.303356445444,1.0,-0.01706,-0.0224217142857,0.854
0.459656671146,0.50748364172,-0.124119157468,-1.4193848155,0.0758236741482,1.91742966017,0.150821916464,-0.0113401017809,-0.0918966933666,-6.6885231612e-05,-0.146497665665,-0.00877731636362,0.0551328164727,-0.0179714941009,0.573951939943,0.818874651717,0.0020548264486,0.0,0.818830677199,-0.573890748095,-0.0121028191269,0.0,-0.00873161402018,0.00862915758712,-0.999924645439,0.0,0.654122409785,0.251224761091,0.30335683546,1.0,-0.0174,-0.0228685714286,0.871
0.459436177167,0.505934508025,-0.124127361104,-1.42180784706,0.0756754910177,1.91833328888,0.150500705806,-0.0152770115319,-0.0927581915596,-0.0013312531842,-0.143825074502,-0.00703634751404,0.0562556534381,-0.0195841938676,0.573960738213,0.818868427704,0.00207749892121,0.0,0.818824755256,-0.573899452788,-0.0120907059932,0.0,-0.00870858957975,0.00864086444648,-0.999924745133,0.0,0.653828312499,0.250846017195,0.303365209936,1.0,-0.01774,-0.0233154285714,0.888
0.459233841711,0.504384861252,-0.124133730126,-1.42414587231,0.0755208214438,1.91923911426,0.15017754296,-0.0119533987689,-0.100232166393,0.00104041879469,-0.143964131976,-0.0141522660619,0.0461980302828,-0.0177185433691,0.573939937546,0.818882748676,0.00217690430466,0.0,0.818840503976,-0.57387836182,-0.0120250482072,0.0,-0.0085979917907,0.00868436003583,-0.999925325426,0.0,0.653530741711,0.250468557747,0.303419514318,1.0,-0.01808,-0.0237622857143,0.905
0.459000940952,0.502713352754,-0.124135165354,-1.426624935,0.0753660449775,1.92017455467,0.149831736151,-0.0126183146207,-0.099015761151,0.000729420596051,-0.148148076894,-0.0059069044899,0.0528381906582,-0.0166855470058,0.573939247659,0.818882959909,0.00227703067645,0.0,0.818842100391,-0.573877339541,-0.0119649776379,0.0,-0.00849134348136,0.00873186696099,-0.999925823042,0.0,0.653251405976,0.250102798423,0.303482316125,1.0,-0.0184,-0.0241828571429,0.921
0.458766806673,0.50100403339,-0.124136132011,-1.42919443884,0.0752011881174,1.92107088691,0.149474513726,-0.0173474666416,-0.103280130637,0.000424986703505,-0.151283106414,-0.00704165355679,0.0486364367249,-0.0235753387671,0.573925567599,0.818892462406,0.00230754659682,0.0,0.818851954418,-0.5738634899,-0.0119548570839,0.0,-0.00846568860277,0.00875090566023,-0.999925874136,0.0,0.652924360556,0.249701321456,0.303530056141,1.0,-0.01874,-0.0246297142857,0.938
0.45852656511,0.499304716131,-0.124141187531,-1.43179238799,0.0750409284682,1.92201845361,0.149112688319,-0.0168640650094,-0.099685993511,-0.00696920931354,-0.156048329447,-0.0105145423478,0.0574570803235,-0.0254587590499,0.573918692219,0.818897163252,0.00234896588254,0.0,0.818857165987,-0.573856418842,-0.0119373014368,0.0,-0.00842761539189,0.00877467691455,-0.999925987433,0.0,0.652601482816,0.24929420777,0.303561247396,1.0,-0.01908,-0.0250765714286,0.955
0.458273270021,0.497624504522,-0.124141566027,-1.43442455281,0.0748794646875,1.92300717261,0.148721152521,-0.0120024223645,-0.101798849015,-0.00132549638107,-0.157658519652,-0.00780775270822,0.0628054635586,-0.0203351126839,0.573896029114,0.818912957712,0.00237957125128,0.0,0.818873329348,-0.57383360559,-0.0119252035058,0.0,-0.00840038745687,0.0087925636554,-0.999926059424,0.0,0.652279144316,0.248879674199,0.303565679274,1.0,-0.01942,-0.0255234285714,0.972
0.458003898529,0.495959578312,-0.124136314548,-1.43711373662,0.0747152309675,1.92393828252,0.1483158499,-0.0127191668471,-0.0923372447682,0.000210883563273,-0.159224323324,-0.00120909002868,0.0612158048544,-0.0297456171797,0.573872419019,0.818929719774,0.00230383615361,0.0,0.818888896132,-0.573810087156,-0.0119877676002,0.0,-0.00849533829902,0.00876620381263,-0.999925488673,0.0,0.651932702425,0.248446923989,0.303526599989,1.0,-0.01976,-0.0259702857143,0.989
0.457746461667,0.494376794907,-0.124140887233,-1.43970459204,0.0745510274711,1.92483288795,0.147960231967,-0.0214282580388,-0.0988500208889,0.000349320737975,-0.163403229074,-0.0127170619337,0.0540803265195,-0.0255193757779,0.573881241211,0.818923811068,0.00220443942507,0.0,0.818881573768,-0.573819201172,-0.0120515314707,0.0,-0.00860450207462,0.00872149058031,-0.999924946257,0.0,0.651598624497,0.248024470566,0.303473673689,1.0,-0.0234565714286,-0.0308286367347,1.005
0.457418419852,0.49186143463,-0.124237642707,-1.44341472979,0.0743449453485,1.92622193267,0.147430688447,-0.0249183289257,-0.176098362568,-0.00687336089388,-0.255289802923,-0.0168484979888,0.098925096692,-0.0418599495391,0.573916860543,0.818898406703,0.00236296127804,0.0,0.818858477566,-0.573854412371,-0.0119437858586,0.0,-0.00842491365963,0.00878984018931,-0.999925877023,0.0,0.651155015298,0.24740823459,0.303581661628,1.0,-0.038232,-0.0502477714286,1.022
0.45697037299,0.48826164477,-0.124270517795,-1.44911687763,0.0740512113351,1.92841306151,0.146548323851,-0.0359164615709,-0.239179151449,-0.00103810178126,-0.384189835138,-0.0139454115365,0.135568656263,-0.0553502282314,0.573791913886,0.818985677747,0.00245888288218,0.0,0.81894662803,-0.573728710833,-0.0119387480752,0.0,-0.00836709307023,0.0088642216163,-0.999925705905,0.0,0.650431801745,0.246569814988,0.303561811301,1.0,-0.0530074285714,-0.0696669061224,1.039
0.456249876906,0.4833659752,-0.124383070849,-1.45685783124,0.0735994605705,1.93131446298,0.145362315687,-0.0489728788836,-0.307070224537,-0.00890685040283,-0.492630710988,-0.0270232263259,0.175390519732,-0.0706202917649,0.573753684099,0.8190123544,0.00249403752501,0.0,0.818973892525,-0.573690486112,-0.0119053101187,0.0,-0.00831995065491,0.00887343800209,-0.999926017523,0.0,0.649472262539,0.245306487415,0.3035317887,1.0,-0.0677828571429,-0.0890860408163,1.056
0.455309153893,0.47721071463,-0.124554828821,-1.46666832988,0.07301233412,1.93469586555,0.143898036451,-0.0649186932372,-0.383935562332,-0.00765472921024,-0.61405422939,-0.0364211098284,0.218307314248,-0.0886834583087,0.573768991318,0.819002350899,0.00224515585336,0.0,0.818960520604,-0.573706668111,-0.0120445655033,0.0,-0.00857663170547,0.00874966066427,-0.999924939596,0.0,0.648194489799,0.243649731281,0.303426967669,1.0,-0.0825582857143,-0.10850517551,1.073
0.45419867436,0.470277439792,-0.124694183569,-1.47748378805,0.0723786078415,1.93848863298,0.142329692496,-0.0713239108781,-0.454988064304,-0.00558502916997,-0.691152766939,-0.0374188425025,0.252690016446,-0.109984563316,0.573844090861,0.818949928763,0.00217266274229,0.0,0.818906788997,-0.573781698988,-0.0121235202033,0.0,-0.00868208904435,0.00873638690147,-0.99992414556,0.0,0.646789091967,0.241815781243,0.30340677394,1.0,-0.0964645714286,-0.126782008163,1.089
0.452833614505,0.46172875672,-0.124825971179,-1.49051020619,0.0715767176862,1.94332665609,0.140205211267,-0.0886833693773,-0.52183378199,-0.00570387781701,-0.786491999276,-0.0469528769701,0.288932126655,-0.124059922642,0.573717290241,0.819037931276,0.00246676138371,0.0,0.818998838522,-0.573653911237,-0.0119515489527,0.0,-0.00837386583675,0.00887725590216,-0.999925533577,0.0,0.645129016621,0.239627997218,0.303525446064,1.0,-0.11124,-0.146201142857,1.106
0.451154212965,0.452102605971,-0.124982139535,-1.50546590312,0.0706154936037,1.94847724511,0.137887283537,-0.10393710275,-0.604899683199,-0.0103032750677,-0.900383114825,-0.0623674645209,0.323057736651,-0.143255184336,0.573737106073,0.819024547956,0.00229561796142,0.0,0.818982985157,-0.573674174927,-0.0120647397787,0.0,-0.00856454619756,0.0088022304072,-0.9999245818,0.0,0.643129720721,0.237011901754,0.303476579834,1.0,-0.126015428571,-0.165620277551,1.123
0.44912367693,0.440566245378,-0.125128955501,-1.52301135882,0.0694135029779,1.95471975209,0.135177637132,-0.119722792422,-0.66458487649,-0.00421845856431,-1.01852498036,-0.0632280795191,0.348875740646,-0.156778797307,0.573748186686,0.819016372161,0.00243871014781,0.0,0.818977226792,-0.573685245839,-0.011928436724,0.0,-0.00837069410235,0.00884133723733,-0.999925878371,0.0,0.640789901468,0.233938709908,0.303572617842,1.0,-0.14166,-0.186181714286,1.141
0.447187164332,0.429979147653,-0.125268805599,-1.53898732549,0.0683690128155,1.96024214483,0.132558475938,-0.134317357217,-0.729248812978,-0.00886474714604,-1.09654985053,-0.0710048741185,0.381367570985,-0.181572390231,0.573704796804,0.819046440954,0.00254569944527,0.0,0.819008429932,-0.573641166786,-0.0119058964811,0.0,-0.00829132377285,0.00891559087998,-0.999925880348,0.0,0.638600422427,0.231088297728,0.303674327048,1.0,-0.154697142857,-0.203316244898,1.156
0.444692784041,0.417107510889,-0.125432712487,-1.55836412774,0.0669936210625,1.96695228478,0.129336131457,-0.154652270334,-0.764750293856,-0.0150594153839,-1.14778185866,-0.0822858869065,0.411353944645,-0.189571713849,0.573670034359,0.819070426968,0.00265974551286,0.0,0.819034375745,-0.573606496022,-0.0117909274562,0.0,-0.00813210925029,0.00894269693933,-0.999926945817,0.0,0.635923956565,0.227539123342,0.30378258428,1.0,-0.169472571429,-0.222735379592,1.173
0.44188519929,0.40327758372,-0.125599287096,-1.57922163958,0.0655476902272,1.97420961912,0.125844427964,-0.169470806244,-0.805707186796,-0.0115737972233,-1.25897380314,-0.0809222448997,0.420335763134,-0.218734779793,0.573686235227,0.81905855325,0.00281722556237,0.0,0.819024626925,-0.573622219494,-0.0117028498535,0.0,-0.00796944952662,0.00902131467735,-0.999927549253,0.0,0.63299716573,0.223671564514,0.303839672345,1.0,-0.184248,-0.242154514286,1.19
0.438724603323,0.388390545781,-0.125788094395,-1.60123836492,0.0639844068681,1.98179067712,0.122046732404,-0.194827219587,-0.868149748523,-0.0116082447844,-1.3358643589,-0.106813479535,0.454472528077,-0.232349847443,0.573733457111,0.819024232299,0.0031581639593,0.0,0.818994986613,-0.573668622814,-0.0115008696484,0.0,-0.00760789784101,0.00918513099498,-0.9999288741,0.0,0.629861508543,0.219472028124,0.304033551008,1.0,-0.199023428571,-0.26157364898,1.207
0.435473303202,0.373612253569,-0.125944397508,-1.62322311533,0.062337154695,1.98908594334,0.118061439671,-0.215986268592,-0.929809517869,-0.0054926136986,-1.40148630952,-0.0936445084332,0.463878504931,-0.257242889705,0.573608293081,0.819111826799,0.00317619396975,0.0,0.819082918352,-0.573543545884,-0.0114769656367,0.0,-0.0075793786635,0.00918502573482,-0.999929091647,0.0,0.626601986173,0.215232316398,0.304089481907,1.0,-0.212929714286,-0.279850481633,1.223
0.431614833573,0.357047554306,-0.126137189298,-1.64770384776,0.0604432679805,1.99716455633,0.11367525635,-0.230970750142,-0.991583863881,-0.0106622978636,-1.46877253564,-0.116401779998,0.473678569167,-0.268791906106,0.573654197152,0.819079469603,0.00322977805341,0.0,0.819051658068,-0.573589777931,-0.0113971474524,0.0,-0.00748274587996,0.00918355335335,-0.999929832969,0.0,0.622918843989,0.210373862667,0.304154550095,1.0,-0.227705142857,-0.299269616327,1.24
0.42727284083,0.339668911088,-0.126390396732,-1.67329362391,0.0585154307297,2.00545621973,0.108809272117,-0.259106630732,-1.0355757627,-0.00911974616819,-1.51610069071,-0.111633225143,0.486679954476,-0.292280460746,0.573720289089,0.819032986157,0.00327786158603,0.0,0.819005327243,-0.573655143681,-0.0114366505741,0.0,-0.00748677605588,0.00924620259257,-0.999929225456,0.0,0.618754650943,0.204811991755,0.304185664285,1.0,-0.243349714286,-0.319831053061,1.258
0.422638469713,0.321542349743,-0.126543670733,-1.69988419424,0.0563749779309,2.0139611336,0.103625813011,-0.273905455464,-1.09083282678,-0.00950146224744,-1.60464114933,-0.134129738782,0.500041301591,-0.308896511029,0.573614882561,0.819107036947,0.00322109143129,0.0,0.81907877779,-0.573550083195,-0.0114457303001,0.0,-0.00752796591012,0.00920394607911,-0.999929306054,0.0,0.61477120877,0.199660145886,0.304149672902,1.0,-0.257256,-0.338107885714,1.274
0.417580737641,0.302546935276,-0.126737463577,-1.72735485163,0.0540942161673,2.0225775756,0.0980426522285,-0.303939484014,-1.13573424825,-0.0104240252877,-1.60270988041,-0.151975209308,0.501480954007,-0.335889684291,0.573468884521,0.819209120425,0.00325613261104,0.0,0.81918145615,-0.573404175446,-0.0114079087459,0.0,-0.00747852683943,0.00920962147069,-0.999929624778,0.0,0.610306654014,0.193880541205,0.304188916856,1.0,-0.272031428571,-0.357527020408,1.291
0.411988303974,0.282796506208,-0.126955898748,-1.75567643732,0.051746119786,2.03120913059,0.0921650335837,-0.335237284473,-1.17179007958,-0.00701059087659,-1.70610444263,-0.141444496336,0.497892168942,-0.354591077506,0.57347548729,0.819204480162,0.00326068414083,0.0,0.819176389742,-0.573410167303,-0.011470371617,0.0,-0.00752701529743,0.00924923049138,-0.99992889536,0.0,0.605583337338,0.187736583075,0.304213350308,1.0,-0.286806857143,-0.376946155102,1.308
0.40624144729,0.263483713272,-0.127203193204,-1.78298649066,0.049404572506,2.03941125886,0.0861836616914,-0.366504229236,-1.2328488895,-0.0119756610023,-1.69991562304,-0.154799309244,0.504249858998,-0.37657219753,0.57344915774,0.819222448146,0.00337503224745,0.0,0.819195683039,-0.573383313029,-0.0114348647444,0.0,-0.00743265382009,0.00932230488702,-0.999928922618,0.0,0.60094073582,0.181633538642,0.304295453395,1.0,-0.300713142857,-0.395222987755,1.324
0.399521801634,0.242395348916,-0.127563842173,-1.81270071673,0.0466909632475,2.04817693166,0.0795093555888,-0.404187031126,-1.26815555067,-0.0214193925984,-1.77815923017,-0.159758767883,0.509412505305,-0.407062307589,0.573602330997,0.819115263592,0.00336120907291,0.0,0.81908893942,-0.573537283161,-0.0113596234438,0.0,-0.00737720426572,0.00926921412242,-0.999929826801,0.0,0.595799500609,0.17471688913,0.304304086859,1.0,-0.315488571429,-0.414642122449,1.341
0.392387506194,0.220614506291,-0.12778094018,-1.8429677795,0.0439792704207,2.0568645609,0.072295276834,-0.436041758024,-1.27160017557,-0.0136683954509,-1.7938679674,-0.16585832736,0.501554186303,-0.43373571247,0.573473300619,0.819205033094,0.00349773234965,0.0,0.819179817275,-0.573407056664,-0.0113807398124,0.0,-0.00731767581102,0.00939200299595,-0.999929118438,0.0,0.590363936906,0.167689284041,0.304347355898,1.0,-0.330264,-0.434061257143,1.358
0.384624950233,0.198146836732,-0.128097759337,-1.87373337644,0.0410196293864,2.06533465682,0.0646234159052,-0.473788029848,-1.33201643525,-0.0223147600482,-1.79069901818,-0.168904825287,0.484474156567,-0.468765509193,0.573393611108,0.81926061521,0.00354372796502,0.0,0.819236107217,-0.57332739785,-0.0113420636291,0.0,-0.00726052948133,0.0094067978348,-0.999929395941,0.0,0.584694851364,0.160262778019,0.304423910029,1.0,-0.345039428571,-0.453480391837,1.375
0.376079244188,0.174935744266,-0.128548231793,-1.90518618876,0.0379631038204,2.07380995486,0.0563895141222,-0.52003168202,-1.38072382743,-0.0306590524121,-1.86809498021,-0.177096392225,0.511510045721,-0.492545659411,0.573490373168,0.819192373264,0.00365983215892,0.0,0.819169339669,-0.573423805878,-0.0112906466138,0.0,-0.00715071438317,0.00947328182278,-0.999929559627,0.0,0.578785759315,0.152365758733,0.304484399931,1.0,-0.359814857143,-0.472899526531,1.392
0.367499309592,0.152577566959,-0.128913565323,-1.93518979896,0.0349194361283,2.08153853805,0.048198217049,-0.543092258379,-1.40915954689,-0.0221684829206,-1.88545776524,-0.194511634423,0.502629600315,-0.522125948878,0.573466746939,0.819208942541,0.00365315171482,0.0,0.819185612826,-0.573399922781,-0.0113228616151,0.0,-0.00718121083962,0.00948607657906,-0.999929219776,0.0,0.572948734336,0.144729503736,0.3044939387,1.0,-0.373721142857,-0.491176359184,1.408
