position_joint1,position_joint2,position_joint3,position_joint4,position_joint5,position_joint6,position_joint7,velocity_joint1,velocity_joint2,velocity_joint3,velocity_joint4,velocity_joint5,velocity_joint6,velocity_joint7,ee_T_00,ee_T_10,ee_T_20,ee_T_30,ee_T_01,ee_T_11,ee_T_21,ee_T_31,ee_T_02,ee_T_12,ee_T_22,ee_T_32,ee_T_03,ee_T_13,ee_T_23,ee_T_33,v_x,v_y,time
0.465063776108,0.547737257522,-0.123950918686,-1.35584128496,0.0796240103202,1.89410337445,0.159152992704,-0.000165860509963,-0.000789327867482,-0.00184359073476,0.000377789876154,0.000234227313115,0.000128447806905,-0.00112704958082,0.573815772978,0.818970071391,0.0020561488975,0.0,0.818926979436,-0.573755448986,-0.0120014170319,0.0,-0.00864924125424,0.00857060320756,-0.999925864945,0.0,0.661663898793,0.260925574238,0.303240787972,1.0,0.0,0.0,0.0
0.465066979691,0.547739833819,-0.123956187607,-1.35584124632,0.0796234035531,1.89410348299,0.159153812909,0.000322064113033,0.00115815495675,0.000628760569792,0.00039034371696,0.000254013195012,-0.00029349038746,0.000980952564401,0.573811894943,0.818972797011,0.00205277362794,0.0,0.818929635107,-0.573751560009,-0.0120061247863,0.0,-0.00865507416313,0.00857049938132,-0.999925815364,0.0,0.661661421981,0.260931456539,0.303237260059,1.0,-4e-05,-5.25714285714e-05,0.003
0.46506626972,0.547734122392,-0.12394838964,-1.3558416369,0.0796223502754,1.8941043098,0.159162577077,0.000762705833213,-0.000924697571922,0.000355298789307,-0.000128561964497,-8.10104423903e-05,0.000342258049748,0.00119297543505,0.573819392828,0.818967528024,0.00205897031135,0.0,0.818924477255,-0.573759060835,-0.0119994817878,0.0,-0.00864599952745,0.00857184157412,-0.999925882365,0.0,0.661662949707,0.260928482394,0.303242835891,1.0,-0.00036,-0.000473142857143,0.019
0.465065867852,0.547725407189,-0.123950983129,-1.35584483746,0.0796198581194,1.89410449931,0.159151330568,0.0013997304706,-0.00356406787364,-0.00056832779795,0.000824940436579,-6.22823273008e-05,0.0108557671385,-0.000908330648205,0.573811823716,0.818972823038,0.00206227811501,0.0,0.818929848215,-0.573751511285,-0.011993911062,0.0,-0.00863961835598,0.00857127410727,-0.999925942385,0.0,0.661663325604,0.260926060287,0.303247584101,1.0,-0.00072,-0.000946285714286,0.037
0.465060602109,0.547692547649,-0.123954012672,-1.35588367151,0.0796199409794,1.89410958841,0.159155569482,0.00029071506408,-0.0039006396623,-0.000135893503045,-0.000986844813364,8.68060859715e-05,-9.63069320543e-06,0.00187824826334,0.573823843656,0.818964400355,0.00206259644461,0.0,0.818921411836,-0.573763510671,-0.0119959143039,0.0,-0.0086409505525,0.00857281109967,-0.999925917698,0.0,0.661658371891,0.260917003744,0.303252921159,1.0,-0.00102,-0.00134057142857,0.052
0.465066893391,0.547570118951,-0.123948721985,-1.3560366514,0.0796206530482,1.89413787388,0.159154134264,0.000658084283643,-0.000491635695629,0.000617151969225,-0.011401094787,-0.000114037420959,0.000974989610307,0.00887743940842,0.573822340194,0.818965437538,0.00206903719212,0.0,0.8189223784,-0.57376182679,-0.0120104610948,0.0,-0.00864918449005,0.0085864170657,-0.999925729767,0.0,0.661629280421,0.260909712944,0.303269119926,1.0,-0.00138,-0.00181371428571,0.07
0.465047159336,0.547416641038,-0.123951512853,-1.35623716047,0.0796171979175,1.89417607713,0.159150002988,-0.002771067173,-0.0109127910674,0.000517265273235,-0.0100521307242,3.79748707923e-05,-0.000256136080911,0.00070739582595,0.573847092436,0.81894809791,0.00206744602736,0.0,0.81890490673,-0.573786472204,-0.0120243482376,0.0,-0.00866121131046,0.00859334441931,-0.999925566155,0.0,0.661600964396,0.260875288529,0.303285807979,1.0,-0.00172,-0.00226057142857,0.087
0.465033998722,0.547257736846,-0.12395622246,-1.35645299362,0.0796150393945,1.89429436958,0.159138810948,0.00088007272187,-0.0106477264506,-0.000739297223534,-0.0152795393689,0.000160504636715,0.0141154308708,-0.000251343939065,0.573863749345,0.818936283233,0.00212322698044,0.0,0.818893805579,-0.573802878021,-0.0119974689227,0.0,-0.00860701456737,0.00862377595514,-0.999925772139,0.0,0.661583905516,0.260848016513,0.303306063596,1.0,-0.00204,-0.00268114285714,0.103
0.465010941381,0.547061276594,-0.123946375593,-1.35667781478,0.0796149201497,1.8944165804,0.159120898175,-0.00131440078443,-0.00896321104893,0.00120684209475,-0.0147932574496,0.000327039804008,0.00757208782237,-0.00570891184859,0.573873815503,0.818928992655,0.00221263870106,0.0,0.818887578092,-0.573812469278,-0.0119637556088,0.0,-0.00852799084268,0.00867775549976,-0.999925982227,0.0,0.661565677288,0.260822649625,0.303348499422,1.0,-0.00238,-0.003128,0.12
0.464981590257,0.546843550782,-0.123946375188,-1.35696834182,0.079605517525,1.89454569222,0.159112337344,0.000352419658368,-0.00724823338498,0.00111290773705,-0.02078774144,0.000160306234006,0.00818810518745,0.00120482187559,0.573904706919,0.818907202241,0.00226459593236,0.0,0.818866432351,-0.573843112245,-0.0119413315614,0.0,-0.00847948289852,0.00870775563311,-0.999926133953,0.0,0.661538723105,0.260778856765,0.30337562158,1.0,-0.00272,-0.00357485714286,0.137
0.46495199765,0.546598733146,-0.123954693561,-1.35732521746,0.079599991685,1.8946810715,0.159069747323,-0.00303831034274,-0.0198774807144,-0.00065674665196,-0.0205099852801,-0.000454912744881,0.00355913769548,-0.000613283442841,0.573918388333,0.818897539482,0.00229134551899,0.0,0.818857024511,-0.573856587672,-0.0119388900658,0.0,-0.00846198689779,0.00872840096762,-0.999926102167,0.0,0.66150024715,0.260723616975,0.303391164998,1.0,-0.00304,-0.00399542857143,0.153
0.464908334091,0.54630383386,-0.123949867273,-1.35778109403,0.0795930528666,1.89485145611,0.158920667872,-0.000464738296018,-0.0154359106401,0.000585692961405,-0.0280395500129,0.00054590233449,0.0140365529696,-0.0071380345646,0.573858271596,0.818939606039,0.00231358640852,0.0,0.818899213611,-0.573796216245,-0.0119468435938,0.0,-0.00845637907048,0.00875055758168,-0.999925955956,0.0,0.66145107768,0.26066078624,0.303401490395,1.0,-0.00338,-0.00444228571429,0.17
0.464868961871,0.546010517086,-0.123951998178,-1.35827381728,0.0795773505758,1.89502356454,0.158906722756,-0.00310754724889,-0.0161396432081,-0.000254672612971,-0.034570161354,-0.000164672666782,0.0161559793091,-0.00043418551112,0.573898073163,0.818911764673,0.00229569189369,0.0,0.818870959856,-0.573835900185,-0.0119773813928,0.0,-0.0084912315907,0.00875384006593,-0.99992563187,0.0,0.661388639959,0.260584953526,0.303385802129,1.0,-0.00374,-0.00491542857143,0.188
0.46481582886,0.545705898664,-0.123952717526,-1.35880789925,0.0795614378559,1.89519842955,0.158861380432,-0.00151099902879,-0.0142742609876,0.000546866775447,-0.035639800621,0.000150363184167,0.00579482116118,-0.00567621472845,0.573930525448,0.818889127523,0.0022573624803,0.0,0.818847636446,-0.573868314455,-0.0120188540395,0.0,-0.00854684464982,0.00874659154477,-0.999925221496,0.0,0.66132379813,0.260499282908,0.303362453439,1.0,-0.00406,-0.005336,0.204
0.464751786099,0.545334179103,-0.123949528684,-1.3594545758,0.0795147549983,1.89541334403,0.158736820769,-0.000553885424145,-0.0207735886878,0.00055328793808,-0.0412516072585,-4.40072179861e-05,0.0190798624118,-0.00629261166169,0.573902402089,0.818908986104,0.00220278372916,0.0,0.818866779424,-0.573840419247,-0.0120464806084,0.0,-0.00860109048011,0.00871745841402,-0.999925010769,0.0,0.661246456117,0.260393914806,0.30333628759,1.0,-0.0044,-0.00578285714286,0.221
0.464679408156,0.544894488785,-0.123950528387,-1.36018845426,0.0794550066356,1.89565366096,0.158692223019,-0.00274881240311,-0.0228031436902,-0.000218142209363,-0.0403869966738,-0.00111881116142,0.0111367674293,-0.00104305108413,0.573949222175,0.818876328005,0.00214399149794,0.0,0.818833485311,-0.573887614646,-0.0120613428329,0.0,-0.00864650443524,0.00867833745296,-0.999924959395,0.0,0.661165284505,0.260273338658,0.303318345204,1.0,-0.00474,-0.00622971428571,0.238
0.464613668683,0.544527277789,-0.123957978502,-1.3608350433,0.0794330202212,1.89586774829,0.15857879116,-0.00892048361643,-0.0248395208651,-0.000152876119957,-0.044527186015,0.000565621471981,0.0144429598461,-0.00403250064508,0.573947119562,0.818877917315,0.00209937641693,0.0,0.818834275802,-0.573885487911,-0.0121087752639,0.0,-0.00871097472324,0.00866900495733,-0.999924480785,0.0,0.661083442303,0.260162021532,0.303289965199,1.0,-0.00506,-0.00665028571429,0.254
0.464545240587,0.544013002508,-0.123958379072,-1.36167004252,0.0793997018958,1.89617005017,0.158476937696,-0.00355161588929,-0.0324368952614,1.96368040631e-05,-0.0456136289801,-0.00266270216298,0.0149629487335,-0.00337639699635,0.573957736576,0.818870493994,0.00209226954782,0.0,0.818826585011,-0.573895960895,-0.0121324626122,0.0,-0.00873433877309,0.00867689376585,-0.999924208548,0.0,0.660984935232,0.260039310624,0.303282678903,1.0,-0.00542,-0.00712342857143,0.272
0.464468088117,0.543501994729,-0.123964009369,-1.36249644317,0.0793617069309,1.89646176625,0.158393545607,-0.00931990826573,-0.0275083079074,-0.000717763678355,-0.0491579056245,-0.0045044449219,0.0116605770205,-0.00149098420534,0.573992450939,0.818846200721,0.00207671173021,0.0,0.818801978445,-0.573930630013,-0.0121531447883,0.0,-0.008759836619,0.00867639608449,-0.999923989818,0.0,0.660889816952,0.259907311385,0.303276359084,1.0,-0.00576,-0.00757028571429,0.289
0.464392224356,0.542981772006,-0.123964420744,-1.3633053077,0.0793119072602,1.89674923847,0.158278415972,-0.00526750853709,-0.0303090265628,0.000309477463904,-0.0506500292772,-0.00166083759292,0.0143141925826,-0.0166340283635,0.573992273859,0.818846328124,0.00207542010661,0.0,0.81880207567,-0.573930445483,-0.0121553085669,0.0,-0.0087623517033,0.00867657854598,-0.999923966198,0.0,0.660797146045,0.25977920315,0.303284279683,1.0,-0.00608,-0.00799085714286,0.305
0.464321639398,0.542404442026,-0.123964784715,-1.36420888742,0.0792594276251,1.89708217666,0.158162794482,-0.00218468386851,-0.0292829603406,-4.29841981542e-05,-0.0483733949223,-0.000677811022729,0.0218463939948,-0.00676698922623,0.573991925403,0.818846556197,0.0020817968533,0.0,0.818802360704,-0.573930042809,-0.012155121032,0.0,-0.00875854186916,0.00868168865207,-0.999923955222,0.0,0.660691866201,0.259646775273,0.303291391336,1.0,-0.00642,-0.00843771428571,0.322
0.464227770574,0.541796682445,-0.123962596931,-1.36516058944,0.0792060387195,1.89743454363,0.158023880836,-0.00211000577553,-0.0334570607522,2.21175663142e-05,-0.0611942472201,-0.00525457179967,0.020377069958,-0.0104844766666,0.573992168744,0.818846360902,0.00209149691213,0.0,0.818802236032,-0.573930187657,-0.0121566798944,0.0,-0.00875424842334,0.00869052872524,-0.999923916028,0.0,0.660585529097,0.259496309665,0.303298643573,1.0,-0.00676,-0.00888457142857,0.339
0.464156737826,0.541180269883,-0.123968716269,-1.36609744442,0.0791490521357,1.89778448984,0.157908051304,-0.0040073514052,-0.0414098075749,-0.00164674980286,-0.0606072576879,-0.00518926832313,0.0209227529423,-0.000580976987063,0.573996575437,0.81884321211,0.00211477396256,0.0,0.818799429618,-0.573934529554,-0.0121407061104,0.0,-0.00872776102585,0.00870046695601,-0.999924061148,0.0,0.66047838782,0.259357254903,0.303319048615,1.0,-0.00708,-0.00930514285714,0.355
0.464064912078,0.540476339092,-0.123971184731,-1.36716374157,0.0790881011668,1.89816859921,0.1577812711,-0.000188822717068,-0.0425838118516,-0.00188083159773,-0.0639916846741,-0.00461935486256,0.0245075663551,-0.0111365544154,0.574012432947,0.818832043362,0.00213506135591,0.0,0.818788490075,-0.573950260605,-0.0121348165434,0.0,-0.00871112532055,0.00871386700019,-0.999924089528,0.0,0.660355084717,0.259194052119,0.303342457101,1.0,-0.00742,-0.009752,0.372
0.463967240323,0.53974662999,-0.12397617276,-1.36826681655,0.0790257896228,1.89859733161,0.157640170656,-0.00539919566857,-0.0420597819337,-0.000465083833617,-0.0644285121663,-0.00319519911861,0.0253782515982,-0.00596055228731,0.574024928256,0.818823158216,0.00218270747678,0.0,0.818780245351,-0.573962566069,-0.0121090658853,0.0,-0.008662557968,0.00873823167747,-0.999924298833,0.0,0.660234832871,0.259024315602,0.303370420887,1.0,-0.00776,-0.0101988571429,0.389
0.463873889103,0.538991833588,-0.123977213536,-1.3694500153,0.0789599948374,1.89903744384,0.157505991269,-0.00371453173951,-0.041443819776,-0.00483400596104,-0.0711931632194,-0.000808331875327,0.0281775484499,-0.00879099940039,0.574040120128,0.818812475904,0.00219469570064,0.0,0.818769668362,-0.57397765268,-0.0121091409616,0.0,-0.00865557605188,0.00874825143415,-0.999924271683,0.0,0.66009692183,0.258850755933,0.303378713369,1.0,-0.0081,-0.0106457142857,0.406
0.463753120889,0.538170365239,-0.12397577155,-1.37071630542,0.0788846462602,1.89952915765,0.157347623957,-0.00450160952972,-0.0413991576582,-0.00255592362098,-0.0719654388592,-0.000419325023925,0.0297466869832,-0.0103921153548,0.574058258151,0.818799652338,0.00223438595426,0.0,0.818757376865,-0.573995632675,-0.0120879443918,0.0,-0.00861524275616,0.00876877311105,-0.999924440251,0.0,0.659958636992,0.258653520061,0.303398799463,1.0,-0.00846,-0.0111188571429,0.424
0.463657873328,0.537365173207,-0.123986391278,-1.37198148247,0.0788120633638,1.90000179051,0.157181513114,-0.00452984194605,-0.0488493103566,0.000721826324525,-0.0784610448264,-0.00189458121067,0.0345322689079,-0.0114587452084,0.574058105915,0.818799732964,0.00224393264473,0.0,0.818757594313,-0.573995452342,-0.0120817774548,0.0,-0.00860471468772,0.00877304808416,-0.999924493406,0.0,0.659812093465,0.258465213161,0.303406519193,1.0,-0.0088,-0.0115657142857,0.441
0.463552503315,0.536569521202,-0.123984980678,-1.37320067393,0.0787402111912,1.90046376638,0.157033107911,-0.00612855663495,-0.0538888623161,-0.000222910948285,-0.071009476963,-0.00652683770713,0.0286220080704,-0.00372544031526,0.574069837679,0.818791415279,0.00227741821926,0.0,0.818749703095,-0.574007030346,-0.0120664698813,0.0,-0.00857283293625,0.00879180116638,-0.999924602541,0.0,0.659673389946,0.258281951294,0.303427921275,1.0,-0.00912,-0.0119862857143,0.457
0.463434175689,0.535720122481,-0.123987857336,-1.37457365278,0.0786611887345,1.90095510496,0.156865261067,-0.00595574582549,-0.0480136727985,0.00051568098147,-0.0858867290449,-0.00891401490765,0.023466618875,-0.00867097690826,0.574084934671,0.818780896463,0.00225350227504,0.0,0.818738830355,-0.574022183609,-0.0120833478174,0.0,-0.00860021964241,0.00878206684123,-0.999924452908,0.0,0.659502857782,0.258059537441,0.303418288779,1.0,-0.00948,-0.0124594285714,0.475
0.463306145118,0.534817350738,-0.123987840664,-1.37599620736,0.0785842041364,1.90146809245,0.156690324683,-0.00960899930013,-0.0545946620923,-0.00205274338415,-0.0877603351509,-0.00282793832033,0.0320425524892,-0.00731417550785,0.574103902539,0.818767644615,0.00223609518094,0.0,0.818725218584,-0.574041087915,-0.0121075489737,0.0,-0.00862982499581,0.00878190771073,-0.999924199236,0.0,0.659332795205,0.257837008863,0.30341214395,1.0,-0.00982,-0.0129062857143,0.492
0.463198454546,0.53404246451,-0.123993520715,-1.37730022037,0.0785180749693,1.90193529106,0.156539030572,-0.00425694541951,-0.0501097543042,0.000740961027589,-0.0886552765801,-0.00433008074651,0.0326529565622,-0.0112410284938,0.574126690415,0.818751761048,0.00220091711273,0.0,0.818708721474,-0.574063868171,-0.0121429627365,0.0,-0.00867877222687,0.00877367796367,-0.999923847844,0.0,0.659186700577,0.2576539449,0.303387645068,1.0,-0.0101,-0.0132742857143,0.506
0.463052797675,0.53306503082,-0.123993549971,-1.37887421924,0.0784234172186,1.90253754919,0.156332453857,-0.00658725349042,-0.0534815256052,-0.000234782841015,-0.0866551636079,-0.00970712371285,0.0378209013029,-0.00965901985959,0.574137770857,0.81874398311,0.00220388240339,0.0,0.818700984206,-0.574074936254,-0.0121413725309,0.0,-0.00867564908925,0.00877531020467,-0.999923860623,0.0,0.659008970609,0.257409452846,0.303379982789,1.0,-0.01046,-0.0137474285714,0.524
0.462913816746,0.532109468646,-0.123997447908,-1.3804258804,0.0783428338021,1.90312001724,0.156142835457,-0.0105726282807,-0.0517985284154,-0.000251217027674,-0.0881253187497,-0.00289832304809,0.0315442381599,-0.0157228765498,0.574162356003,0.8187267619,0.00219663359673,0.0,0.818683553902,-0.574099434129,-0.012158338848,0.0,-0.00869343866586,0.00877937730785,-0.999923670416,0.0,0.658829871794,0.257170432377,0.303365760663,1.0,-0.0108,-0.0141942857143,0.541
0.46279795293,0.531229839526,-0.124000578298,-1.38184948913,0.0782576487531,1.90363040528,0.155964460009,-0.0108529552094,-0.0581106148104,-9.73477569427e-05,-0.0956971452031,-0.00668456113225,0.0375991156949,-0.00561642184733,0.574168075714,0.818722829361,0.00216712132043,0.0,0.818679189085,-0.574105235534,-0.0121782918792,0.0,-0.00872665790323,0.00876673232577,-0.999923491996,0.0,0.658657985795,0.256955700477,0.303352473282,1.0,-0.0111,-0.0145885714286,0.556
0.462654215307,0.530136117864,-0.124002302843,-1.38359125467,0.0781455245759,1.9042466927,0.155738738968,-0.00912201061677,-0.0589475223975,0.000695661650461,-0.0998909178642,-0.0030017883398,0.0318705951176,-0.0222545833501,0.574166640645,0.818723917337,0.00213608310612,0.0,0.818679866482,-0.574103933007,-0.0121941471568,0.0,-0.00875747482491,0.00875040921318,-0.99992336555,0.0,0.658446501254,0.256691338647,0.303347512939,1.0,-0.01146,-0.0150617142857,0.574
0.462513104805,0.529081609301,-0.124003121765,-1.38524022773,0.078048581212,1.90485969361,0.155519182151,-0.00757174752094,-0.060153079964,-0.000188813718445,-0.0951209440227,-0.00973639902481,0.0373034848731,-0.0115537486248,0.574166509436,0.818723965781,0.0021527189302,0.0,0.818680095514,-0.574103691174,-0.0121901554885,0.0,-0.00874465692288,0.00876173585627,-0.999923378545,0.0,0.658252804938,0.256441974961,0.303358533594,1.0,-0.0118,-0.0155085714286,0.591
0.462384565068,0.528052730519,-0.124003368277,-1.38684769604,0.0779416705418,1.90548817609,0.15529687027,-0.00681419000872,-0.0642744604321,-0.000350423239741,-0.102256797481,-0.00408304021649,0.0363932016403,-0.00964417108309,0.574148460736,0.818736529096,0.00218811766737,0.0,0.818693244445,-0.574085612794,-0.0121584367864,0.0,-0.00869855693596,0.0087723138124,-0.999923687897,0.0,0.658067973975,0.256205269023,0.303372321521,1.0,-0.01212,-0.0159291428571,0.607
0.462234108273,0.526828984778,-0.124006318886,-1.38870629125,0.0778273160781,1.90619088038,0.155034314988,-0.0111421493053,-0.0726336763966,0.000196514084226,-0.098483270903,-0.0106386410402,0.0402037140515,-0.0191051805963,0.574128525064,0.818750356897,0.00224425726545,0.0,0.81870784889,-0.574065480258,-0.0121255698155,0.0,-0.00863963032874,0.00879919596365,-0.999923962578,0.0,0.657850394843,0.255929182696,0.303409981209,1.0,-0.01248,-0.0164022857143,0.625
0.462090589349,0.525734898461,-0.124007301172,-1.39042209254,0.0777174822903,1.9068072426,0.154804349934,-0.0100722355225,-0.0662715773576,-0.000175151775477,-0.109052826145,-0.00535808191353,0.0248140657509,-0.00787139628435,0.574121290687,0.818755450828,0.00223656458943,0.0,0.818712845674,-0.574058283317,-0.0121289151955,0.0,-0.00864686347911,0.00879474193226,-0.999923939241,0.0,0.657642607585,0.255668984576,0.303416528208,1.0,-0.0128,-0.0168228571429,0.641
0.461946789128,0.524633190706,-0.124012308171,-1.39216067868,0.0776098567179,1.90744325214,0.154566311053,-0.00438894573335,-0.0704822671831,-0.00123799165545,-0.109360709621,-0.0136195180032,0.0378157508074,-0.0177127271655,0.574112241853,0.818761805303,0.00223312183795,0.0,0.818719160192,-0.57404925559,-0.0121299543476,0.0,-0.00864978792636,0.00879242420125,-0.99992393433,0.0,0.657433944194,0.255405365878,0.303419168171,1.0,-0.01312,-0.0172434285714,0.657
0.461777478416,0.523362253727,-0.124012715848,-1.3941888474,0.0774865421471,1.90818299442,0.154276929146,-0.00675148272256,-0.0755077049928,0.000472011948273,-0.113016921966,-0.0107946507959,0.0482157474446,-0.0178469901653,0.574089893229,0.818777518037,0.00221750982773,0.0,0.81873461696,-0.57402692456,-0.0121434662207,0.0,-0.00867005371134,0.00878716246558,-0.999923805069,0.0,0.657188082177,0.25510004377,0.30341152088,1.0,-0.01348,-0.0177165714286,0.675
0.461617693164,0.522130009273,-0.12401342997,-1.39613198147,0.0773717547208,1.90894794301,0.154028610056,-0.0100782244414,-0.0718999680694,-0.00155048300909,-0.118484661354,-0.0125517361814,0.0473365183985,-0.0131421515782,0.574091421707,0.818776323992,0.00226223201678,0.0,0.818734029298,-0.574028282733,-0.0121188610515,0.0,-0.00862421738586,0.00880967011825,-0.999924003406,0.0,0.656962758373,0.254813471572,0.303418996199,1.0,-0.01382,-0.0181634285714,0.692
0.461453472158,0.520948993687,-0.124021894134,-1.39802969937,0.0772495281195,1.90966736192,0.153768568742,-0.0130167494443,-0.0760702829347,-0.000174059473011,-0.120696858239,-0.0143748223879,0.043616470565,-0.0080801990486,0.574087555159,0.818779050334,0.00225668943324,0.0,0.818736776043,-0.574024535152,-0.0121108009529,0.0,-0.008620840978,0.00880046417736,-0.999924113586,0.0,0.65674034528,0.254519973686,0.30340806529,1.0,-0.01414,-0.018584,0.708
0.461277525417,0.519559892135,-0.124030782163,-1.40019173354,0.0771143875729,1.91045228427,0.153471067508,-0.0103361355679,-0.0800764257012,-0.000998970841015,-0.128034861276,-0.0112385869273,0.044842406333,-0.0156812442307,0.574072964395,0.818789262499,0.00226319883597,0.0,0.818747095302,-0.574009941068,-0.012104891226,0.0,-0.00861242214489,0.00880224773335,-0.999924170435,0.0,0.65647717441,0.254192317982,0.303422759589,1.0,-0.0145,-0.0190571428571,0.726
0.461113462737,0.518304205785,-0.124026187778,-1.40215793479,0.0769925008707,1.91114920911,0.153206271767,-0.0110456155894,-0.0741056685836,0.00133738563647,-0.12683405951,-0.00398103704776,0.0467309259836,-0.0210272948422,0.574058607439,0.818799358201,0.00225236239923,0.0,0.818756968002,-0.573995549122,-0.0121195642579,0.0,-0.00863081161376,0.00880164704848,-0.999924017163,0.0,0.656231651991,0.253898052756,0.303428550811,1.0,-0.01482,-0.0194777142857,0.742
0.460944502681,0.517004585498,-0.12403188198,-1.4041663062,0.0768580357152,1.91187331891,0.152940595846,-0.00948602969767,-0.0880323826175,-3.99365822332e-05,-0.121157272067,-0.00435185142063,0.0479662640424,-0.016376408301,0.574053365264,0.818803017583,0.00225812469288,0.0,0.818760784112,-0.573990366119,-0.0121072252862,0.0,-0.00861745669242,0.0087992267761,-0.999924153648,0.0,0.655986317655,0.253590014691,0.303447382536,1.0,-0.01514,-0.0198982857143,0.758
0.460743150115,0.515588115071,-0.124035713599,-1.4064643305,0.0767172266695,1.91274938122,0.152620325403,-0.0102947780192,-0.0824584562092,-0.000452688185315,-0.129511910325,-0.00902904656416,0.0523257282519,-0.0148115009493,0.574042447855,0.818810696235,0.00224915402557,0.0,0.818768359359,-0.573979502476,-0.0121099690762,0.0,-0.00862496995945,0.00879334174247,-0.99992414064,0.0,0.655713092725,0.253238248383,0.303423121598,1.0,-0.0155,-0.0203714285714,0.776
0.46055436132,0.514198187779,-0.124041066349,-1.40869147592,0.076582025383,1.91354495469,0.152319960612,-0.014072298923,-0.0794679897199,-0.00271924743489,-0.130673272397,-0.00194905781607,0.0480658597969,-0.0179203533451,0.574035626723,0.818815577686,0.00221266657858,0.0,0.818772690441,-0.57397276422,-0.0121364831215,0.0,-0.00866769796587,0.00877861367799,-0.999923900581,0.0,0.655435871219,0.252897466703,0.303406586015,1.0,-0.01584,-0.0208182857143,0.793
0.460383187243,0.512946542828,-0.124048905181,-1.41070216279,0.0764495125455,1.91424650579,0.152029953504,-0.0113625700387,-0.0815506485759,-0.00472264023647,-0.132092279242,-0.0116103957641,0.047832145124,-0.0194935248315,0.574013441968,0.818831277816,0.00215726954489,0.0,0.818787675431,-0.573950832511,-0.0121627021848,0.0,-0.00872120223056,0.00874806868808,-0.999923703052,0.0,0.655182857515,0.252584804601,0.303387677759,1.0,-0.01614,-0.0212125714286,0.808
0.460172065116,0.51144507196,-0.124050008104,-1.41313791239,0.0763071034903,1.9151504043,0.151695235488,-0.0133571020529,-0.0814343377743,0.00251691295728,-0.138647199942,-0.00270367087549,0.0538003685414,-0.0192026202713,0.574002351121,0.818839117138,0.00213261641134,0.0,0.818795084623,-0.573939743837,-0.0121871548041,0.0,-0.00875549433378,0.00874179965276,-0.9999234582,0.0,0.654883905313,0.252214853963,0.303358437808,1.0,-0.0165,-0.0216857142857,0.826
0.459976986103,0.509978368987,-0.124053824793,-1.41546328445,0.076171147467,1.91602029599,0.15135819826,-0.0116749920316,-0.0848432777756,-0.000862220166855,-0.139416228262,-0.00220420528394,0.0465124931268,-0.0179505373656,0.573973706367,0.818859167729,0.0021435311444,0.0,0.818815208936,-0.573910985539,-0.0121893885742,0.0,-0.00875136500224,0.00875171293771,-0.999923407632,0.0,0.654598810088,0.251865268715,0.303353980591,1.0,-0.01684,-0.0221325714286,0.843
0.459797307394,0.508641504992,-0.124056772685,-1.41755076298,0.0760315359548,1.91676759042,0.151075389757,-0.0150838450051,-0.0888586061433,-0.000136604077399,-0.138682576239,-0.00322149612155,0.0467435057672,-0.0226221902585,0.573959380125,0.818869241855,0.00213110578025,0.0,0.818825149647,-0.573896745262,-0.0121920869248,0.0,-0.00876085897936,0.00874293399182,-0.999923401294,0.0,0.654320479347,0.25151888958,0.303359752788,1.0,-0.01716,-0.0225531428571,0.859
0.459576230783,0.50702917565,-0.124053195203,-1.42008236148,0.0758689256643,1.9176909597,0.150716953214,-0.0107113687456,-0.0914228970666,0.000615461320802,-0.14297971389,-0.0116418186113,0.0509980809106,-0.0200435581651,0.573934192649,0.818886886908,0.00213444612986,0.0,0.818842837881,-0.573871545754,-0.0121902717495,0.0,-0.00875772439695,0.00874435805698,-0.9999234163,0.0,0.654022421185,0.251158749359,0.30336333707,1.0,-0.0175,-0.023,0.876
0.459354557598,0.505451175175,-0.124068986205,-1.42254505137,0.0757128659488,1.91862901186,0.150389728237,-0.0129335331195,-0.0986422234745,-0.00171423298762,-0.146327562573,-0.00834441260574,0.0576114967243,-0.0178272661572,0.57394433749,0.818879678836,0.00217162467476,0.0,0.81883624423,-0.573881654224,-0.0121572604563,0.0,-0.00870924565721,0.00875596437027,-0.999923738156,0.0,0.653728603868,0.250771552188,0.303376062385,1.0,-0.01784,-0.0234468571429,0.893
0.459145755664,0.503890203681,-0.124067696688,-1.42487471175,0.0755647135624,1.91951505572,0.150067423333,-0.0100176434805,-0.0997332967107,0.00124442447347,-0.14410829374,-0.0126784361671,0.0559224694811,-0.0221198597776,0.573930432665,0.818889159661,0.00226926224143,0.0,0.818847070691,-0.573867401092,-0.0121007308094,0.0,-0.00860706737162,0.00880332589933,-0.99992420705,0.0,0.653447366104,0.250416153225,0.303434475392,1.0,-0.01816,-0.0238674285714,0.909
0.458899632981,0.502114859702,-0.124081890057,-1.42751913165,0.0753986289466,1.92049274349,0.149698125028,-0.0142223235511,-0.0986966940461,-0.000732509128265,-0.147773065873,-0.00415443270013,0.0605587562484,-0.0147536150612,0.573930409348,0.818888924791,0.00235817351006,0.0,0.818848083336,-0.573867093995,-0.0120466488185,0.0,-0.0085117529966,0.00884509424205,-0.999924654346,0.0,0.65312715217,0.249996242165,0.303500571702,1.0,-0.01852,-0.0243405714286,0.927
0.458666334287,0.50039376427,-0.124084979473,-1.43010937346,0.0752296079533,1.92140691273,0.149337995214,-0.0154025562733,-0.104825382793,-0.000782182224439,-0.157058622844,-0.0251954087905,0.0460135159608,-0.0209518468746,0.573915001807,0.818899620281,0.00239363874642,0.0,0.818859249766,-0.573851550787,-0.0120280353073,0.0,-0.0084763234347,0.00886329377909,-0.999924794154,0.0,0.652799084486,0.249592338,0.303548036129,1.0,-0.01886,-0.0247874285714,0.944
0.458436255798,0.49880195014,-0.124078386592,-1.43257495988,0.075071809933,1.92231400042,0.148981077755,-0.0158069837777,-0.101886303544,0.00766121932129,-0.156946669048,-0.0182471683313,0.0530454948923,-0.0265099370472,0.573889250008,0.81891758857,0.00242048693258,0.0,0.818877546156,-0.573825669339,-0.0120171756365,0.0,-0.00845230169245,0.00887878125714,-0.999924860097,0.0,0.652491568592,0.249210660202,0.303563190394,1.0,-0.01918,-0.025208,0.96
0.458142728196,0.496951180112,-0.124086141033,-1.43553310558,0.0748932080394,1.92339262698,0.148536196147,-0.0121073327555,-0.0914951104161,0.000422355955498,-0.157006343586,-0.0106256988755,0.0547905391392,-0.0211466910204,0.573872830756,0.818929167447,0.00239577249283,0.0,0.818888711267,-0.57380925779,-0.0120399806906,0.0,-0.00848533829614,0.0088714596534,-0.99992464528,0.0,0.652125028967,0.248732591945,0.303539242191,1.0,-0.01956,-0.0257074285714,0.979
0.457877117641,0.495278729381,-0.124086211946,-1.43825378373,0.0747226481227,1.92432236649,0.148149925243,-0.00910204386065,-0.0938690336728,-0.00165200083458,-0.157049820789,-0.00829077229276,0.056336159557,-0.0176591193911,0.573865096795,0.818934876042,0.00229486014774,0.0,0.818892920889,-0.573801759356,-0.0121108207268,0.0,-0.00860134428297,0.00882939203124,-0.99992402647,0.0,0.651770948799,0.248294536146,0.303490229923,1.0,-0.0199,-0.0261542857143,0.996
0.457602690541,0.493677650784,-0.124117454889,-1.44082244918,0.0745662798547,1.92524685858,0.147786003988,-0.019808522872,-0.123729797138,-0.000914458948268,-0.191143588132,-0.0138312108966,0.075632950228,-0.0253310327413,0.573901380424,0.818909568096,0.00225205008054,0.0,0.818867071944,-0.573838240097,-0.012130110859,0.0,-0.00864131776184,0.00880578656069,-0.999923889979,0.0,0.651458009875,0.247851508448,0.303463729592,1.0,-0.03006,-0.0395074285714,1.011
0.457258922592,0.490538084233,-0.12420707129,-1.44548284859,0.0743246580016,1.92703935449,0.14709137183,-0.0237180975112,-0.201483060087,-0.00853501065141,-0.322770433454,-0.0131180928667,0.130628390143,-0.0515128098169,0.573848006039,0.818946284531,0.00248916017096,0.0,0.818906975899,-0.573783981393,-0.0120022674028,0.0,-0.0084011338101,0.00892603969908,-0.999924870561,0.0,0.650883566976,0.247146329058,0.303587919969,1.0,-0.047196,-0.0620290285714,1.028
0.45666686609,0.486091924961,-0.124242721292,-1.45248857763,0.0739680108495,1.92974977502,0.146026320866,-0.0402006700418,-0.291935511097,-0.00166466569467,-0.458358675852,-0.0267006062165,0.183860740231,-0.0711109754143,0.57374086411,0.819020859532,0.00264563828337,0.0,0.818983140571,-0.573675745418,-0.0119792103691,0.0,-0.00829364433707,0.00903986970417,-0.999924745278,0.0,0.650005101192,0.246094393493,0.303579435483,1.0,-0.064332,-0.0845506285714,1.045
0.4558432079,0.480600491681,-0.124407588763,-1.46125888746,0.0734461211221,1.93287437797,0.144673402934,-0.0583432430582,-0.365270786285,-0.0165254524871,-0.595976149943,-0.0375700896741,0.207694348452,-0.0928375561487,0.573717122746,0.819037968026,0.00249337145911,0.0,0.818998342002,-0.573652702829,-0.0120432236553,0.0,-0.00843369052909,0.00895164306196,-0.999924367615,0.0,0.6488887043,0.244624005422,0.303491075599,1.0,-0.08046,-0.105747428571,1.061
0.454705311465,0.473282565436,-0.124578801668,-1.47285968799,0.0727404337727,1.93684296015,0.142990509427,-0.072313687968,-0.452738689563,-0.00924372953404,-0.737830129964,-0.0528233592201,0.249971487776,-0.105108274305,0.573765219491,0.819005085743,0.002211182924,0.0,0.818961493647,-0.573701705721,-0.0122135857889,0.0,-0.00873459762916,0.00881877418983,-0.999922965046,0.0,0.647361793061,0.242665148532,0.303385069148,1.0,-0.097596,-0.128269028571,1.078
0.45333968472,0.464532025266,-0.124726606605,-1.48620959913,0.0719629666543,1.94175296417,0.140881123472,-0.0857803930216,-0.53926509309,-0.00233682388425,-0.825284209379,-0.0534620852324,0.301487200854,-0.135801389128,0.573690119341,0.819056908646,0.00248480822679,0.0,0.819016750736,-0.573625293116,-0.012096776972,0.0,-0.00848276322328,0.00897507378276,-0.999923742482,0.0,0.645653799618,0.240439235329,0.303501834653,1.0,-0.114732,-0.150790628571,1.095
0.451777474783,0.455239588188,-0.124857284169,-1.50078733251,0.0710295427284,1.94688046007,0.13863352044,-0.104407046958,-0.603795117875,-0.00798227798047,-0.95737832482,-0.0577829249733,0.3197277318,-0.149444372996,0.573648856236,0.819086265563,0.00232942164161,0.0,0.819043880938,-0.573584492753,-0.012194165486,0.0,-0.00865211991897,0.00890323904041,-0.999922933608,0.0,0.643713367713,0.237954348222,0.303407626493,1.0,-0.13086,-0.171987428571,1.111
0.449795436313,0.443841809483,-0.125052430777,-1.51798459786,0.0698525341125,1.95305228501,0.135933519887,-0.125189962423,-0.69223410452,-0.00741374626288,-1.05685894427,-0.0776631903702,0.376241378698,-0.153628839114,0.573661521957,0.8190766455,0.00257951984819,0.0,0.8190384709,-0.57359711466,-0.0119616111627,0.0,-0.00831803135166,0.00897481484976,-0.999925128724,0.0,0.641457667129,0.234918949459,0.303578169601,1.0,-0.147996,-0.194509028571,1.128
0.447361797322,0.430459865038,-0.125229608409,-1.53837676266,0.0685097597264,1.96008040776,0.132610713428,-0.140585394772,-0.771209775261,-0.0129172047241,-1.17040623129,-0.0769215681819,0.407012138361,-0.188769262667,0.573592307455,0.81912512189,0.00257806505588,0.0,0.819086605958,-0.573527567535,-0.0120003382589,0.0,-0.00835134794792,0.00899513345292,-0.999924668443,0.0,0.638657376193,0.231298981833,0.30362301128,1.0,-0.16614,-0.218355428571,1.146
0.444844961094,0.417451448669,-0.125411143974,-1.55802875598,0.0671421492549,1.96678033984,0.129371518043,-0.159028542926,-0.849791359279,-0.0129204009249,-1.23955156276,-0.0939527408556,0.429292208476,-0.20677815492,0.573590785595,0.81912617628,0.00258164944867,0.0,0.819087825699,-0.57352615943,-0.0119843707476,0.0,-0.00833622879052,0.00898889532967,-0.999924850701,0.0,0.635921630185,0.22769489866,0.303694487891,1.0,-0.182268,-0.239552228571,1.162
0.44162275633,0.401629325554,-0.125601113125,-1.58179765293,0.0654878735623,1.97506480072,0.125358357069,-0.190486436297,-0.889507499082,-0.0113035907828,-1.33979032973,-0.0877544298916,0.444252569595,-0.223371300975,0.573596554519,0.819121338739,0.00282346714407,0.0,0.819086357252,-0.573531244879,-0.0118404988494,0.0,-0.00807961420046,0.00910450805165,-0.999925911139,0.0,0.632592006536,0.223274450486,0.30379967667,1.0,-0.200412,-0.263398628571,1.18
0.438395088338,0.386391338358,-0.125804938452,-1.60433698517,0.0638664366717,1.98281973862,0.121459326032,-0.212223202729,-0.957160929295,-0.0143411144994,-1.47003795184,-0.112015150521,0.487691221972,-0.255834220583,0.573625908351,0.819099579007,0.00315338556257,0.0,0.819069354959,-0.573560000524,-0.0116217239269,0.0,-0.00771084180853,0.00924954150517,-0.999927491822,0.0,0.629370945572,0.218973192461,0.303989400952,1.0,-0.21654,-0.284595428571,1.196
0.434826388414,0.370266003356,-0.126009705023,-1.62816315236,0.062093534262,1.99075869605,0.117136401436,-0.236773350972,-1.03475807756,-0.0149103505135,-1.53194792615,-0.118909484301,0.503712788139,-0.281596612401,0.573548110916,0.819153495105,0.00329587969634,0.0,0.819125348757,-0.573482045111,-0.0115218861004,0.0,-0.00754821076706,0.0093082738259,-0.999928187698,0.0,0.625847370904,0.214339055594,0.304115187498,1.0,-0.232668,-0.305792228571,1.212
0.430289752965,0.35121091479,-0.126260242417,-1.65644622667,0.0598874378165,2.00000836965,0.111978819047,-0.264311106732,-1.07976833981,-0.0177818441517,-1.60838920498,-0.1233281022,0.523601563763,-0.299008559685,0.573592294526,0.819122891526,0.00321171914858,0.0,0.819094065577,-0.573526982944,-0.0115090604362,0.0,-0.0075854733138,0.00923238623041,-0.999928609271,0.0,0.621560826043,0.208663107614,0.304107428212,1.0,-0.250812,-0.329638628571,1.23
0.425217197585,0.331042587979,-0.126536449896,-1.68601058111,0.0576364330834,2.00955525888,0.106304073772,-0.292355395976,-1.13404758663,-0.0139778717587,-1.67259888989,-0.141410992754,0.526316489937,-0.324808906803,0.573636755795,0.81909141896,0.00329646603846,0.0,0.819063343783,-0.573570754774,-0.0115141235326,0.0,-0.00754050844679,0.00930511811755,-0.999928275182,0.0,0.616971052697,0.202577567189,0.304151620892,1.0,-0.268956,-0.353485028571,1.248
0.420986292893,0.314565381237,-0.126691187422,-1.70991392323,0.0556779942212,2.01715159689,0.101622800984,-0.312102084827,-1.18244876553,-0.0128359015006,-1.75850292895,-0.156308961875,0.534077561137,-0.342279066819,0.573547199195,0.819153847955,0.0033660921603,0.0,0.819126865688,-0.573481240292,-0.0114539007418,0.0,-0.00745225963877,0.00932678878077,-0.999928734879,0.0,0.613138506111,0.197639522118,0.304207376614,1.0,-0.283068,-0.372032228571,1.262
0.414960914082,0.292592268229,-0.126937120971,-1.74160724095,0.0530052644174,2.0268801662,0.0950394606577,-0.353503451664,-1.23475564864,-0.0148172581319,-1.77189653518,-0.153243927334,0.521347806746,-0.37308147678,0.573388108223,0.819265576822,0.0032770236702,0.0,0.819237441127,-0.573322434963,-0.0114955436891,0.0,-0.00753925719536,0.00927624713148,-0.999928552868,0.0,0.607916854635,0.190856245457,0.304222424391,1.0,-0.301212,-0.395878628571,1.28
0.408662955629,0.270894100019,-0.127220288317,-1.77257996859,0.0504331821235,2.03630756155,0.0884170747109,-0.388046706463,-1.30897754865,-0.0163307071143,-1.83124880976,-0.154377518674,0.562190853029,-0.404861783121,0.573378285331,0.819272096781,0.00336455758882,0.0,0.81924454692,-0.573311669626,-0.0115260016407,0.0,-0.00751413607325,0.00936533482661,-0.999927911533,0.0,0.602702161461,0.184044655524,0.304248166742,1.0,-0.318348,-0.418400228571,1.297
0.402533003425,0.251008801257,-0.127572781885,-1.80050866297,0.0479440516289,2.04466541372,0.0822332571176,-0.422937618721,-1.35004048713,-0.0234900574167,-1.88290483475,-0.167470867292,0.57479791464,-0.426244529714,0.573503492637,0.8191837354,0.00353532025607,0.0,0.819159085432,-0.573437244268,-0.0113519399872,0.0,-0.00727218030947,0.00940654804371,-0.999929313625,0.0,0.597600821228,0.177190466787,0.304355061165,1.0,-0.334476,-0.439597028571,1.313
0.394607983811,0.22637003967,-0.127918989718,-1.83480416577,0.044854246698,2.05466095845,0.0742061032432,-0.439434871759,-1.39189434756,-0.010517020931,-1.93109470634,-0.166886174141,0.552537362533,-0.462510445193,0.573457383058,0.819215179589,0.00372374119698,0.0,0.819192854357,-0.573390500066,-0.0112760235026,0.0,-0.00710246853618,0.00951696434019,-0.999929488679,0.0,0.591857090179,0.169663443089,0.304436972838,1.0,-0.351612,-0.462118628571,1.33
0.386436975058,0.20234876124,-0.128249174066,-1.8679607485,0.0416745690578,2.06387539222,0.0660516662117,-0.494820317572,-1.4198137497,-0.0230152381012,-1.98737037187,-0.206447535007,0.537014669985,-0.497275349425,0.573323526518,0.81930907681,0.00367661508828,0.0,0.819286237236,-0.573256908365,-0.0112838552428,0.0,-0.00713745744122,0.00948168237371,-0.99992957472,0.0,0.585773076002,0.161753289348,0.304443100989,1.0,-0.368748,-0.484640228571,1.347
0.377984070614,0.179045418166,-0.128669952945,-1.89956999752,0.0386166078081,2.07232279963,0.0578440645892,-0.549276969922,-1.47748343532,-0.0367159449161,-1.95740926896,-0.195784386475,0.511226720683,-0.518195795387,0.573362243455,0.819281750805,0.00372793242049,0.0,0.819259281981,-0.573295097888,-0.0113007312536,0.0,-0.00712141461418,0.00953373941633,-0.999929194127,0.0,0.579831409837,0.153885147396,0.304510623517,1.0,-0.384876,-0.505837028571,1.363
0.368212258955,0.153509026493,-0.129179374027,-1.93382443853,0.035167346665,2.08122558521,0.0485081986181,-0.576703969557,-1.48620767346,-0.0275224302737,-2.02700565682,-0.203938563716,0.531011272136,-0.562260059994,0.573426764326,0.819236294552,0.00379295969143,0.0,0.819214589679,-0.57335934059,-0.0112813792397,0.0,-0.00706752252995,0.00957647708873,-0.999929168097,0.0,0.57321942599,0.145115281939,0.304553700006,1.0,-0.402012,-0.528358628571,1.38
0.357671182323,0.127309539154,-0.129649832689,-1.96855366429,0.0315004776824,2.08980856508,0.0385542698311,-0.630792285475,-1.51512038512,-0.0267154331036,-2.06047227942,-0.210050306852,0.489409275783,-0.603608590912,0.573389059376,0.819262921392,0.00374154000159,0.0,0.819240352019,-0.57332150444,-0.0113333610063,0.0,-0.00714003457236,0.00956382988832,-0.999928773996,0.0,0.566269737444,0.136043905373,0.304544687966,1.0,-0.419148,-0.550880228571,1.397
0.34677709634,0.101988166836,-0.130269525259,-2.00146144815,0.0278270656695,2.0975738084,0.0285122277701,-0.689377533204,-1.58561865805,-0.0338476398645,-2.05198770776,-0.229141146153,0.462095217648,-0.632330635333,0.573544354681,0.81915415977,0.00375268522639,0.0,0.819132270952,-0.573477470835,-0.0112543338598,0.0,-0.00706709002757,0.00952898868518,-0.99992962483,0.0,0.559532455917,0.127002063964,0.304602715914,1.0,-0.435276,-0.572077028571,1.413
