position_joint1,position_joint2,position_joint3,position_joint4,position_joint5,position_joint6,position_joint7,velocity_joint1,velocity_joint2,velocity_joint3,velocity_joint4,velocity_joint5,velocity_joint6,velocity_joint7,ee_T_00,ee_T_10,ee_T_20,ee_T_30,ee_T_01,ee_T_11,ee_T_21,ee_T_31,ee_T_02,ee_T_12,ee_T_22,ee_T_32,ee_T_03,ee_T_13,ee_T_23,ee_T_33,v_x,v_y,time
0.465073330505,0.547831086851,-0.124006635148,-1.35585012004,0.0795685075405,1.89409280822,0.159158992631,-0.000636383353161,0.00229510724917,-0.000814462068016,-0.00227284605214,-0.000248275125057,-4.64351598547e-05,-0.00166136343802,0.573837655534,0.818955085127,0.0019132531962,0.0,0.818910887409,-0.573778677737,-0.011988926522,0.0,-0.00872077635328,0.00844664398456,-0.999926298417,0.0,0.661670684452,0.260887631294,0.303170936635,1.0,0.0,0.0,0.0
0.465075810265,0.547823291223,-0.124004129494,-1.35584724936,0.0795684850483,1.89409556802,0.159163329386,0.000336990326998,0.000183083318086,0.00122331457336,-0.000694262029576,0.000224502467889,-0.000164957205667,-0.000241054378706,0.573837269095,0.818955327742,0.0019252691349,0.0,0.818911282048,-0.57377823558,-0.0119831302024,0.0,-0.00870913847296,0.00845315407553,-0.999926344834,0.0,0.661670880528,0.260891352191,0.303177981953,1.0,-0.00012,-0.000157714285714,0.007
0.465072689205,0.547822990439,-0.124004121965,-1.35584795936,0.0795690121651,1.8940978736,0.159160517048,0.000335075533025,0.000703517746531,0.000225518638857,7.60631659267e-05,0.000129376057927,0.000270362093443,-0.000648936054931,0.573837710962,0.81895501372,0.00192714370267,0.0,0.818910989916,-0.573778666934,-0.0119824399144,0.0,-0.00870749294604,0.00845429782093,-0.999926349495,0.0,0.661671968725,0.26088945349,0.303178058073,1.0,-0.00038,-0.000499428571429,0.02
0.465064261246,0.547819397354,-0.124009849595,-1.35585649844,0.0795649314464,1.89409476089,0.159164444964,-0.00145964948583,0.000962337886784,-0.00115309777187,-0.000421538181348,-4.94113281539e-05,-0.000437930133001,0.000730882461772,0.573851187572,0.818945594276,0.00191703917506,0.0,0.818901493214,-0.573792237772,-0.0119816186763,0.0,-0.00871247937132,0.00844569495524,-0.99992637876,0.0,0.661673227334,0.26087872125,0.303176451176,1.0,-0.0007,-0.00092,0.036
0.465066384801,0.547775085766,-0.124001241099,-1.3559017235,0.0795661210304,1.89410323212,0.159161758251,-0.00073903790733,-0.00673809616988,0.00184377422512,-0.00410227683383,0.000299573880469,7.06029800094e-05,0.000434656223428,0.573843999837,0.818950603938,0.001928486927,0.0,0.818906561108,-0.57378491383,-0.0119859808655,0.0,-0.00870955724931,0.00845749663237,-0.999926304466,0.0,0.66166312474,0.260881092125,0.303186770257,1.0,-0.00106,-0.00139314285714,0.054
0.465071191097,0.547645318483,-0.124007318339,-1.35605378441,0.0795614682384,1.89412753762,0.159160645536,0.000432308574424,-0.0062324521909,-0.000426540491318,-0.0126262765184,-0.000134399649304,0.00299349940106,0.00616535890272,0.573850408212,0.818946102522,0.00193314799575,0.0,0.818902068674,-0.573791251233,-0.0119895300793,0.0,-0.00870972321135,0.00846341857006,-0.999926252915,0.0,0.66163694582,0.260865306826,0.303208627393,1.0,-0.0014,-0.00184,0.071
0.465060296272,0.547525447501,-0.124007555105,-1.35623235651,0.0795626526631,1.89416687755,0.159151815791,-6.11431114366e-05,-0.0120532220283,-0.00381022850124,-0.0164729242974,9.31727389131e-05,-0.000496940634173,-0.00303136579613,0.573862389595,0.818937727868,0.00192420997851,0.0,0.818893431396,-0.573803127592,-0.0120110650035,0.0,-0.00873236470451,0.00846858442302,-0.999926011705,0.0,0.661609843073,0.260841197862,0.303211976626,1.0,-0.0017,-0.00223428571429,0.086
0.465037609812,0.547360068831,-0.124007397264,-1.35643503298,0.0795597779979,1.89428325834,0.159149232449,-0.00238266626255,-0.0102411977717,0.00157131825058,-0.0126179065386,0.000361403944067,0.00965041321042,0.00213704770711,0.57388956777,0.818918511309,0.0019956807059,0.0,0.818875123959,-0.57382997594,-0.0119765176765,0.0,-0.00866277740012,0.00850757563535,-0.999926286005,0.0,0.661597002469,0.260811845622,0.30324275385,1.0,-0.00204,-0.00268114285714,0.103
0.465016625825,0.547150765834,-0.124004062412,-1.35667459185,0.079558455207,1.89440319462,0.159135221701,-0.00458002762471,-0.0173566781812,-0.000520793935583,-0.00939996131072,0.000199273025516,0.0106098891049,0.0014703552803,0.57390613668,0.818906689642,0.00208010615625,0.0,0.818864317573,-0.573846106416,-0.0119424644746,0.0,-0.00858626854261,0.00855734311252,-0.999926521236,0.0,0.661576304515,0.260782151417,0.303287288911,1.0,-0.00238,-0.003128,0.12
0.464987394924,0.546952417672,-0.124005244573,-1.35695586346,0.0795510735751,1.89452685629,0.15911606383,-0.00367962625608,-0.0119905778496,-0.00012107771347,-0.0178085746369,-0.000129838772997,0.00367997999869,0.000286299101813,0.573929112278,0.81889048725,0.00211916759976,0.0,0.818848573739,-0.573868868246,-0.0119282121085,0.0,-0.00855193976477,0.00858139077142,-0.999926609336,0.0,0.661550000436,0.260738552435,0.303304664852,1.0,-0.0027,-0.00354857142857,0.136
0.464952630738,0.546705603167,-0.124007540552,-1.35734235247,0.0795469780951,1.89467507976,0.159059317206,-0.00166876473367,-0.0162218645116,-0.000695953900687,-0.0300926398675,0.000384562079804,0.0029610524131,-0.00326762371652,0.573933313087,0.818887498923,0.00213615039588,0.0,0.81884564933,-0.573872840939,-0.0119378350994,0.0,-0.00855002984531,0.00860086430096,-0.999926458357,0.0,0.66150722725,0.260680989202,0.303308452822,1.0,-0.00304,-0.00399542857143,0.153
0.464903358345,0.546417052792,-0.124006773336,-1.35776441267,0.0795344388597,1.89482751398,0.15894594401,-0.003838597333,-0.0134283139671,0.000174736647426,-0.0281176501206,-0.000275051035335,0.00634636519101,-0.00395717066013,0.573900529168,0.818910410607,0.00216076870937,0.0,0.818868751805,-0.573839829417,-0.011940033183,0.0,-0.00853804671281,0.00862194333711,-0.999926379216,0.0,0.661461757567,0.260610848622,0.303325099135,1.0,-0.00338,-0.00444228571429,0.17
0.464863240971,0.546123598224,-0.124005561668,-1.35825249551,0.0795219804229,1.89500116365,0.158932675056,-0.00156181460333,-0.0143616939461,0.000365300552992,-0.0267036601204,0.000105952951323,0.00886083513542,-0.00133373632445,0.573945663667,0.818878802456,0.00215149870864,0.0,0.818836851924,-0.573884823877,-0.0119651893316,0.0,-0.00856349232735,0.00862926110138,-0.999926098495,0.0,0.661402959837,0.260540696525,0.303315604594,1.0,-0.00372,-0.00488914285714,0.187
0.464807909401,0.545790660016,-0.124007727318,-1.35882386374,0.0794975884059,1.8951846874,0.158863689192,-0.00240094659631,-0.0245014658598,-0.000222644325002,-0.0366270346423,-8.60955610495e-05,0.0112002956086,-0.00367549837527,0.573961348797,0.818867917484,0.00210966920374,0.0,0.818825291478,-0.573900550399,-0.0120019660879,0.0,-0.00861745057153,0.0086162810348,-0.999925746867,0.0,0.661333403538,0.26044789284,0.303295352476,1.0,-0.00406,-0.005336,0.204
0.464748632932,0.545407012106,-0.124005224929,-1.35950217646,0.0793952788521,1.89541647137,0.158737714946,-0.00117639039905,-0.0213402086894,0.000872334575586,-0.0390902905362,-0.0051122815183,0.01242172047,-0.00227505854674,0.57391565937,0.818900160501,0.00202236554397,0.0,0.818856895495,-0.573855729792,-0.0119888692564,0.0,-0.00865730758317,0.00853679213498,-0.999926084371,0.0,0.661254491819,0.260333814503,0.303263967418,1.0,-0.00442,-0.00580914285714,0.222
0.464694968177,0.545046742877,-0.124008047566,-1.36012111143,0.0793720161858,1.89561614383,0.158704790116,-0.00150263402486,-0.0190393315057,-0.000517949521284,-0.0424661497865,-0.000770495105776,0.016143732594,-0.00423915406036,0.573962859249,0.818867186056,0.0019785610576,0.0,0.81882318728,-0.573902950675,-0.0120307140306,0.0,-0.00871622272972,0.00852543883633,-0.999925669414,0.0,0.661177464337,0.260237732414,0.303241798466,1.0,-0.00472,-0.00620342857143,0.237
0.464629273307,0.544616492196,-0.124008175571,-1.36083478204,0.0793522808422,1.89586336892,0.158596703637,-0.00592514120821,-0.0237843624569,0.000959874100351,-0.0426575576419,-0.00460921552449,0.0162613053794,-0.00745741010761,0.573962754437,0.818867303191,0.00196040426451,0.0,0.818822817628,-0.573902680491,-0.0120687016253,0.0,-0.00875775250451,0.00853237324549,-0.999925247395,0.0,0.661092228099,0.260128736265,0.30322808689,1.0,-0.00506,-0.00665028571429,0.254
0.464560742325,0.544105928574,-0.124010689649,-1.36166452494,0.0793236752778,1.89616589727,0.158504126846,-0.0046506084183,-0.0297635692754,-0.000434209030769,-0.0444178960513,-0.00322245716406,0.0135970976767,-0.00042195450709,0.573983501029,0.818852770329,0.0019565203927,0.0,0.818808033355,-0.573923246023,-0.0120937624051,0.0,-0.00878028736215,0.00854379919544,-0.999924952208,0.0,0.660995122944,0.260006083533,0.303220785422,1.0,-0.00542,-0.00712342857143,0.272
0.464482266635,0.543593018062,-0.124008448196,-1.36249937562,0.0792827256134,1.89645721097,0.158384566531,-0.00601482047498,-0.0315836652295,0.000529231814722,-0.0482329145612,-0.00227245559038,0.0155529608981,-0.00899951172514,0.573983826201,0.818852590911,0.00193610933337,0.0,0.818807450323,-0.573923528084,-0.0121198229282,0.0,-0.00881333939089,0.00854204754492,-0.999924676399,0.0,0.660896727853,0.25987628299,0.303211502786,1.0,-0.00576,-0.00757028571429,0.289
0.464410296683,0.543121388695,-0.124016828157,-1.36326345489,0.079236287234,1.89673640052,0.158274148092,-0.00751071262506,-0.0321425537568,-2.64457594633e-05,-0.0565749646373,-0.00517934090765,0.0171440793956,-0.006607583608,0.573983759419,0.818852671629,0.00192171542546,0.0,0.818807387634,-0.573923568371,-0.0121221501972,0.0,-0.00882350718031,0.00853159638937,-0.999924675955,0.0,0.660805817587,0.259744201961,0.303206330228,1.0,-0.00608,-0.00799085714286,0.305
0.464335604673,0.542537919764,-0.124014942066,-1.36417202722,0.0791838505234,1.89705911385,0.158174267425,-0.00554662447616,-0.0406016513932,4.43814270991e-05,-0.0585240107596,-0.00424560748621,0.0192589774365,-0.0120972170852,0.574002910368,0.818839246921,0.00192184581984,0.0,0.818793891829,-0.573942645931,-0.0121304899266,0.0,-0.00883006196745,0.00853669649825,-0.999924574565,0.0,0.660704305646,0.259615745855,0.303214064033,1.0,-0.0064,-0.00841142857143,0.321
0.464250656658,0.54193399836,-0.124014512808,-1.36511086459,0.0791267453169,1.89740961135,0.158050036576,-0.00378169555641,-0.0350900169866,0.00163816800854,-0.0553246559418,-0.00561643212782,0.0204722486641,-0.0109246671514,0.574007402662,0.818836067808,0.00193459227992,0.0,0.818790878029,-0.573947079824,-0.0121241296367,0.0,-0.00881749081162,0.00854353116326,-0.999924627125,0.0,0.660598761909,0.259470901518,0.303224631607,1.0,-0.00674,-0.00885828571429,0.338
0.464174237338,0.541404613895,-0.124020482082,-1.36592668409,0.079087132089,1.89771764482,0.157937827876,-0.00990799947814,-0.0390481831682,-0.000292728855561,-0.0591617191195,-0.00393133331503,0.0261038309655,-0.00380472418201,0.574017045384,0.818829255973,0.001956546047,0.0,0.818784298065,-0.573956570777,-0.0121191998512,0.0,-0.0088007523792,0.00855878125579,-0.999924644171,0.0,0.660509305008,0.259341562203,0.303237524596,1.0,-0.00702,-0.00922628571429,0.352
0.464068071454,0.540583180439,-0.124020879915,-1.36718214119,0.0790079959322,1.89817591355,0.157784782561,-0.00735537259681,-0.0422073333223,0.000805918764305,-0.0647594045672,-0.00278591659618,0.0272994063522,-0.00513864307204,0.574027350271,0.818821986605,0.00197542278941,0.0,0.818777291645,-0.573966807097,-0.0121077635837,0.0,-0.00878044497062,0.00856778372542,-0.999924745602,0.0,0.66036447711,0.259151265943,0.303260333455,1.0,-0.00742,-0.009752,0.372
0.463968997402,0.539842930688,-0.124029675319,-1.36829666752,0.0789411176592,1.89859850961,0.157640545026,-0.00434754453182,-0.0438113711724,-0.00133312255744,-0.0644673907655,-0.000896638169359,0.0235220773071,-0.00420925463234,0.574040421112,0.818812727908,0.00201455843342,0.0,0.818768596119,-0.573979756299,-0.0120818983986,0.0,-0.00873666463531,0.0085851205151,-0.999924980384,0.0,0.660242111967,0.258976021428,0.303289895945,1.0,-0.00776,-0.0101988571429,0.389
0.463861336746,0.539089821231,-0.124031928531,-1.36946803377,0.0788754132676,1.89904183259,0.15750404337,-0.00657710354622,-0.0437541949513,-0.000767621147909,-0.0724426857252,-0.00405131885065,0.0314846459461,-0.00475432845382,0.574065679313,0.818794963698,0.00203719378596,0.0,0.818751099159,-0.574004885403,-0.0120737757487,0.0,-0.00871675541474,0.00859926049091,-0.999925032637,0.0,0.660111501796,0.258793926611,0.303302962817,1.0,-0.0081,-0.0106457142857,0.406
0.463766277597,0.538357169542,-0.124038907423,-1.37058771022,0.0788098115348,1.89948090505,0.157356684523,-0.0104388116449,-0.0442833268553,-0.000929806894471,-0.0692613394103,-0.0107312521453,0.0253465933942,-0.00958435788406,0.574072206027,0.818790280205,0.00207995427275,0.0,0.818747020372,-0.574011273837,-0.0120466194692,0.0,-0.00866990465164,0.00861875171487,-0.999925272144,0.0,0.659989054298,0.258623016059,0.30332583629,1.0,-0.00842,-0.0110662857143,0.422
0.463658492109,0.53756749906,-0.124047126344,-1.37183865538,0.0787382686048,1.89995546734,0.157198217455,-0.00312261733423,-0.0444101804231,-0.000370541875311,-0.0732195172263,-0.00770425643093,0.030870050979,-0.0108484414614,0.57408645086,0.818780266566,0.00209019676731,0.0,0.818737148178,-0.574025480994,-0.0120406089521,0.0,-0.00865895351439,0.00862383823553,-0.999925323181,0.0,0.659848439973,0.258429607815,0.303329497788,1.0,-0.00876,-0.0115131428571,0.439
0.463556682519,0.536777543309,-0.124044955164,-1.3730559993,0.0786637962304,1.9004110699,0.157039650945,-0.00862187846036,-0.0504265819447,-0.00101218052104,-0.0774676335682,-0.00237921978795,0.0326885782603,-0.0123882527066,0.574085580403,0.818780815997,0.00211391353429,0.0,0.818738001905,-0.574024504969,-0.012029082828,0.0,-0.00863591035158,0.0086366306222,-0.99992541205,0.0,0.659707815418,0.258248424839,0.303347212884,1.0,-0.00908,-0.0119337142857,0.455
0.463423857963,0.535807179476,-0.124051364808,-1.37457020796,0.0785885767974,1.9009618709,0.156852833013,-0.00716925472545,-0.0583913467161,-0.00110289298697,-0.0836615633046,-0.00461153160639,0.0302401985399,-0.0192948553364,0.574108967474,0.818764383612,0.00212708611052,0.0,0.818721597478,-0.574047689297,-0.0120392332412,0.0,-0.00863641279494,0.00865348971017,-0.999925261952,0.0,0.659531750265,0.258015278955,0.303359373703,1.0,-0.00946,-0.0124331428571,0.474
0.463312763964,0.534947881742,-0.12405374494,-1.37590770902,0.0785111848924,1.90145261959,0.156697209206,-0.0058637361313,-0.0617069454414,-0.000794595224534,-0.0790745588097,-0.00302014657529,0.029300932594,-0.00509401595934,0.574126844383,0.81875181793,0.00213871360485,0.0,0.818709145816,-0.574065476943,-0.0120378420479,0.0,-0.0086284095387,0.00866239943475,-0.999925253899,0.0,0.659375048329,0.257813921559,0.303371712749,1.0,-0.00978,-0.0128537142857,0.49
0.463182836068,0.534062019651,-0.124050233008,-1.37738265488,0.0784237361633,1.90198769725,0.15652094112,-0.00903656441594,-0.0580498846504,0.000124421268894,-0.0829965918104,-0.00590515819683,0.0335463159874,-0.0145338811115,0.574143860293,0.818740004612,0.00209271030172,0.0,0.818696653324,-0.574082607802,-0.0120704662746,0.0,-0.00868135216889,0.00864364543979,-0.999924957943,0.0,0.659199650516,0.257588998447,0.30334087782,1.0,-0.01012,-0.0133005714286,0.507
0.463070205846,0.533191065301,-0.124052723715,-1.37877978027,0.0783467618497,1.90251314289,0.156341809746,-0.0105436146318,-0.0520145589134,0.000439155340159,-0.0811821432816,-0.00532438854737,0.032980670996,-0.00903184913911,0.574147084262,0.818737740056,0.00209416871743,0.0,0.818694343189,-0.574085760757,-0.012077194513,0.0,-0.00868598973271,0.00864873661332,-0.999924873647,0.0,0.659036032245,0.257382088743,0.303335757184,1.0,-0.01044,-0.0137211428571,0.523
0.462955873579,0.532354044388,-0.124053152743,-1.38016958245,0.0782753132796,1.90303054461,0.156174316802,-0.0103046681178,-0.0540455723581,0.000181824085393,-0.0939256207752,-0.0021458306433,0.0292485676261,-0.0148298981476,0.574160761662,0.818728213145,0.00206873628068,0.0,0.818684347567,-0.574099410665,-0.0121058921051,0.0,-0.0087239430951,0.00864453667802,-0.999924579557,0.0,0.658870938818,0.257176038904,0.303309293643,1.0,-0.01074,-0.0141154285714,0.538
0.462815623797,0.531309001434,-0.124050656312,-1.38185604958,0.0781679931325,1.90364485021,0.155960678388,-0.00685839932069,-0.0547231293946,-0.000783967487523,-0.0987864241475,-0.00709355540248,0.0339395030943,-0.00982787566135,0.57417029986,0.818721608232,0.00203515935984,0.0,0.818677304887,-0.574109095095,-0.0121228829925,0.0,-0.0087570313616,0.00862690423737,-0.999924442608,0.0,0.658658644575,0.256905185114,0.303293594616,1.0,-0.01112,-0.0146148571429,0.557
0.462677585395,0.530273161068,-0.124056039169,-1.3835066101,0.078073444512,1.9042172773,0.155736873085,-0.00445776573696,-0.0622468331703,0.000116423121097,-0.0956483307777,-0.0108192225652,0.041101828389,-0.0164690109891,0.574159789305,0.818729044723,0.00200862499067,0.0,0.818684275456,-0.574098585756,-0.0121498088517,0.0,-0.00879442194816,0.00862052735742,-0.99992416945,0.0,0.658467007502,0.256670132154,0.303290364938,1.0,-0.01144,-0.0150354285714,0.573
0.462510010096,0.529100514569,-0.124058143763,-1.38533905174,0.0779620180387,1.90490259564,0.155482566261,-0.00939644511502,-0.0640467210985,0.00536450619942,-0.0951391324545,-0.00095353992822,0.0334258293523,-0.0109858598809,0.574159853755,0.818728949363,0.0020289683571,0.0,0.818684448135,-0.574098562385,-0.0121392730642,0.0,-0.00877411539384,0.00863113426302,-0.999924256342,0.0,0.658255830855,0.256384930851,0.303303593083,1.0,-0.01182,-0.0155348571429,0.592
0.462372565058,0.528074026748,-0.124056969622,-1.38695356877,0.0778567076426,1.90552669816,0.155264243298,-0.0109437890408,-0.0666920307211,0.00144059981302,-0.0982827136896,-0.00367208454059,0.0395527756738,-0.0186667451959,0.574152119221,0.818734310642,0.00205413543376,0.0,0.818690219389,-0.574090798378,-0.0121172107074,0.0,-0.0087416842088,0.00863898912294,-0.99992447256,0.0,0.658070242384,0.256142285211,0.303311930126,1.0,-0.01214,-0.0159554285714,0.608
0.462226188894,0.526914412197,-0.124067214936,-1.3887185636,0.0777493281261,1.90619642263,0.155029231112,-0.00748547237471,-0.0668851048052,-0.0007643210337,-0.105365740925,-0.0088003679376,0.0397057775109,-0.00827220413566,0.574153377456,0.818733296687,0.00210593267717,0.0,0.818689947098,-0.574091896616,-0.0120835285622,0.0,-0.00868435549135,0.00866207141938,-0.999924772415,0.0,0.657866532538,0.255873796153,0.303346400672,1.0,-0.01248,-0.0164022857143,0.625
0.462072301536,0.525759002404,-0.124071461231,-1.39054820448,0.077628998713,1.90686066289,0.154783193405,-0.0131205465181,-0.0663716279845,-0.00157562889651,-0.107659546844,-0.0114486317407,0.0371352872072,-0.0141099214204,0.574147120907,0.818737722539,0.00209096786594,0.0,0.818694233734,-0.57408576126,-0.0120845881268,0.0,-0.00869388066579,0.00865036136137,-0.999924791015,0.0,0.657647140909,0.255593720649,0.303346184711,1.0,-0.01282,-0.0168491428571,0.642
0.461919542802,0.52458380855,-0.124076556479,-1.39240784849,0.0775196887542,1.90753013111,0.154521274501,-0.00896974483841,-0.0707642764167,-4.83153068077e-05,-0.113401429174,-0.0112487566424,0.0397256017204,-0.0101310388729,0.574131906501,0.81874842178,0.00207910354634,0.0,0.818704710173,-0.574070532612,-0.0120982655376,0.0,-0.008712051469,0.00864833863213,-0.99992465036,0.0,0.657420976983,0.25531275582,0.303345803974,1.0,-0.01316,-0.017296,0.659
0.461771720648,0.523443313897,-0.12407552563,-1.39419974035,0.0774063647062,1.90818974361,0.154276118175,-0.00932758361906,-0.0748064141361,0.00185976578928,-0.110937333219,-0.00895465818784,0.0431159729266,-0.0161420230298,0.574117114716,0.818758782878,0.00208349531956,0.0,0.818715131112,-0.574055726168,-0.0120956291042,0.0,-0.00870752779178,0.0086502633701,-0.999924673115,0.0,0.657204852096,0.255044909785,0.30335189757,1.0,-0.01348,-0.0177165714286,0.675
0.461597088178,0.522152754205,-0.12408402207,-1.39625673738,0.0772776007652,1.90899270184,0.154005345758,-0.00783551816857,-0.0747281443962,-0.000728398254695,-0.114873912098,-0.0098351625639,0.0396662901098,-0.025775407142,0.574120195667,0.818756561287,0.00210741021386,0.0,0.818713327197,-0.574058808708,-0.0120714090052,0.0,-0.00867393493026,0.00865597118225,-0.999924915689,0.0,0.656968106935,0.254731629652,0.303349721689,1.0,-0.01384,-0.0181897142857,0.693
0.461442348393,0.520968495104,-0.124084434272,-1.39815779353,0.0771675287736,1.90971176611,0.153752982973,-0.0121747984975,-0.0774292767721,0.00073099685161,-0.117045533247,-0.00592350345497,0.040482034531,-0.0154500857609,0.574112640697,0.818761851493,0.00211026837489,0.0,0.818718594633,-0.574051182481,-0.0120768205869,0.0,-0.00867680498331,0.00866133807416,-0.999924844315,0.0,0.656739956005,0.254450622477,0.303339220943,1.0,-0.01416,-0.0186102857143,0.709
0.461277554588,0.51974217757,-0.124095417216,-1.40007123717,0.0770409003431,1.91041691038,0.15349733681,-0.0143457138571,-0.0767754310388,-0.00173661406001,-0.115659236751,-0.00315142688704,0.0472910571248,-0.0113386964984,0.57411375601,0.8187610518,0.00211710086098,0.0,0.818717997606,-0.574052381783,-0.0120602763606,0.0,-0.00865932448509,0.00865744582018,-0.999925029555,0.0,0.656512441276,0.25415239693,0.303351103403,1.0,-0.01448,-0.0190308571429,0.725
0.461119755498,0.518454561698,-0.124099305303,-1.4020293007,0.076920328701,1.91110531341,0.153225092197,-0.0114250141943,-0.0789973275607,-0.000191010825867,-0.120570868179,-0.00121943642605,0.0484372546912,-0.0193063414156,0.574094027089,0.81877484419,0.00213295172075,0.0,0.818731949907,-0.574032540825,-0.0120574946401,0.0,-0.00864815610334,0.00866861827367,-0.999925029416,0.0,0.656268278908,0.253858317258,0.303382722393,1.0,-0.0148,-0.0194514285714,0.741
0.460935033102,0.517096773275,-0.124107849551,-1.40417025803,0.0767794113513,1.91187732566,0.152938069609,-0.0143101277202,-0.0805348904797,-0.00230459444985,-0.125663843258,-0.00780279828806,0.0469915485139,-0.0165906932324,0.57409158751,0.818776599371,0.0021157443619,0.0,0.818733548311,-0.574030242727,-0.0120583665989,0.0,-0.00865877385647,0.00865500434795,-0.999925055459,0.0,0.656007640253,0.253525502398,0.303383574963,1.0,-0.01514,-0.0198982857143,0.758
0.460767047766,0.515829046855,-0.124105318313,-1.40620659296,0.0766585517253,1.91265196042,0.152653785097,-0.0142573645431,-0.0780217793629,0.000142900374059,-0.125489194754,-0.0064766175917,0.0491087294173,-0.0182182022804,0.574069818941,0.818791848325,0.00212108448689,0.0,0.818748815307,-0.574008402505,-0.0120614338661,0.0,-0.00865845011277,0.0086609073158,-0.999925007151,0.0,0.655761354546,0.253224769319,0.303370591012,1.0,-0.01546,-0.0203188571429,0.774
0.460578032734,0.514429134525,-0.124109674829,-1.40843257084,0.0765203724008,1.91346064935,0.152351198872,-0.00881033479856,-0.0829387388228,-0.00105184674908,-0.128051770778,-0.0031769530903,0.0436676367992,-0.0100237407132,0.574059864677,0.818798872609,0.00210354048072,0.0,0.818755586581,-0.573998500591,-0.0120730138199,0.0,-0.00867810810336,0.0086530847986,-0.999924904462,0.0,0.655487375009,0.252885076005,0.303362774752,1.0,-0.0158,-0.0207657142857,0.791
0.46035440909,0.512848431198,-0.124109574758,-1.41098127707,0.0763623014212,1.91433568263,0.151990853415,-0.0112461131312,-0.0827332443005,0.000357782518527,-0.136338002449,-0.00572239875448,0.0389679758364,-0.0229774626643,0.574038647434,0.818813946881,0.00202448697925,0.0,0.818769483879,-0.573977486473,-0.0121294761794,0.0,-0.00876994316486,0.00862054223136,-0.999924384315,0.0,0.655162502181,0.252490805068,0.303333200203,1.0,-0.01618,-0.0212651428571,0.81
0.46017502512,0.511515387656,-0.124109666856,-1.41313195986,0.0762315153184,1.91515360141,0.151681292327,-0.0131791483697,-0.0886217042325,0.000660467014058,-0.135888706023,-0.00617787324823,0.0570377943852,-0.0199889209951,0.574009666321,0.818834268039,0.00202271030818,0.0,0.818789761165,-0.573948496583,-0.0121324846412,0.0,-0.0087737315618,0.0086205039221,-0.999924351412,0.0,0.654900926166,0.252169882384,0.303314162695,1.0,-0.0165,-0.0216857142857,0.826
0.459973089726,0.510044625196,-0.124115176258,-1.41545799178,0.0760899622905,1.91602740593,0.151365849187,-0.0135725062639,-0.0862827879556,-0.000445860096448,-0.137795568497,-0.0122065485074,0.0475131032389,-0.022726995264,0.574003987966,0.818838215456,0.00203607687094,0.0,0.81879388013,-0.573942757117,-0.0121260180899,0.0,-0.00876082411331,0.00862767613265,-0.999924402725,0.0,0.654618962078,0.251814159517,0.30331263447,1.0,-0.01684,-0.0221325714286,0.843
0.459820541098,0.508884597804,-0.124124066831,-1.41727385294,0.0759727424952,1.91668434164,0.151106724743,-0.0117672005148,-0.0870041865648,-0.00132542017181,-0.142324251362,-0.00952011038039,0.0521774078059,-0.0205691901834,0.573985760506,0.818851002652,0.00203201727673,0.0,0.818806655077,-0.573924589964,-0.0121232643062,0.0,-0.00876109112839,0.00862257636337,-0.999924444375,0.0,0.654393573399,0.251534572565,0.303317315507,1.0,-0.0171,-0.0224742857143,0.856
0.459583929729,0.507179213066,-0.124121617699,-1.41994627262,0.0758030475003,1.91764243569,0.150734758735,-0.01140793958,-0.0857482752721,0.00088196691489,-0.14059845019,-0.00750387544233,0.046681031017,-0.0123248335982,0.57396572874,0.818865067275,0.00202255513388,0.0,0.818820540285,-0.573904547528,-0.0121342505174,0.0,-0.00877572923731,0.00862091960785,-0.999924330298,0.0,0.654058411126,0.251124194753,0.303321121477,1.0,-0.01748,-0.0229737142857,0.875
0.459364782657,0.505596996466,-0.124133411465,-1.42240400801,0.0756481066257,1.91856788081,0.150395383325,-0.0153790045544,-0.0913621824415,-0.000761404653251,-0.146027127571,-0.0156060935411,0.0541282460472,-0.0179490325618,0.573960979295,0.818868305264,0.00205907308393,0.0,0.818824335871,-0.573899718042,-0.012106507291,0.0,-0.00873210176577,0.00863484817863,-0.999924592055,0.0,0.65376181486,0.250740961761,0.303337973798,1.0,-0.01782,-0.0234205714286,0.892
0.459148540041,0.503949847515,-0.124133391876,-1.42487489494,0.0754945098609,1.91951508301,0.150051669448,-0.0146468691734,-0.101346185248,-0.000752592409855,-0.144685398117,-0.0148086708873,0.0574130903964,-0.0142923529902,0.573942479264,0.8188810043,0.00216291313529,0.0,0.818838437055,-0.573880820953,-0.0120484125168,0.0,-0.00862512783665,0.0086863394012,-0.999925074532,0.0,0.653463617804,0.250367579591,0.303394770647,1.0,-0.01816,-0.0238674285714,0.909
0.458909634473,0.502255769496,-0.12413765963,-1.4273665279,0.075339926652,1.92044406708,0.149706443798,-0.0160175216568,-0.102465887415,-0.00182272809238,-0.152470185669,-0.00961981519587,0.045556573101,-0.0215876416301,0.573944469049,0.81887930649,0.00227480794623,0.0,0.818838232003,-0.57388237818,-0.0119880242618,0.0,-0.00851143667111,0.00874332827286,-0.999925552057,0.0,0.653163643132,0.249973774434,0.303472320488,1.0,-0.0185,-0.0243142857143,0.926
0.458681300228,0.500539490251,-0.124140963312,-1.42995578737,0.0751778518926,1.92135175841,0.149353529378,-0.0160288392954,-0.100942594115,-1.57206824093e-05,-0.155490720882,-0.01080571079,0.0540815633138,-0.0182110038005,0.573932981897,0.818887272106,0.00230537974719,0.0,0.818846530087,-0.573870699442,-0.0119802916341,0.0,-0.00848768186148,0.0087638054385,-0.999925574716,0.0,0.652832880187,0.249573705291,0.303516411107,1.0,-0.01884,-0.0247611428571,0.943
0.458449038889,0.498943823668,-0.124144994232,-1.43242553553,0.0750180265225,1.92225722732,0.148996427226,-0.0208408295811,-0.106051898357,-0.000662000908034,-0.157302572973,-0.0102673308199,0.0578459408989,-0.0238829461455,0.573916133889,0.818899017907,0.00232736607477,0.0,0.818858596725,-0.573853799733,-0.0119650325306,0.0,-0.00846274845726,0.00877287783493,-0.999925706492,0.0,0.652527229942,0.249183502516,0.303532508976,1.0,-0.01916,-0.0251817142857,0.959
0.458197427604,0.497269064155,-0.124142604669,-1.43507209097,0.0748537219468,1.9232331538,0.148603985094,-0.0121652939925,-0.0991559712817,-0.000563439129981,-0.158427848472,-0.00737228929709,0.0603802924374,-0.01960155483,0.573889087979,0.818917963904,0.00233023489364,0.0,0.818877519925,-0.573826683275,-0.0119704563023,0.0,-0.00846583373534,0.00877806022542,-0.999925634894,0.0,0.652197512504,0.248768658723,0.303524982495,1.0,-0.0195,-0.0256285714286,0.976
0.457930404473,0.495595638272,-0.124144736847,-1.43776501633,0.0746852301054,1.92415868024,0.148205234029,-0.0142384551556,-0.101181792343,-0.000617421108155,-0.15975618952,-0.00777701873453,0.0544996523286,-0.0258218078108,0.57387301962,0.818929447705,0.00225031889676,0.0,0.818887810819,-0.573810790153,-0.0120281875832,0.0,-0.00855914454022,0.00874557942346,-0.99992512514,0.0,0.651850257074,0.248331777856,0.303489639122,1.0,-0.01984,-0.0260754285714,0.993
0.457645464541,0.493866331927,-0.124168186639,-1.44058934872,0.0745126008794,1.92515828006,0.14781718497,-0.0154824887756,-0.113616566329,-0.00294375455277,-0.183160625313,-0.00413256814739,0.0607329610187,-0.0252742105111,0.573901003855,0.818910068518,0.00216433718397,0.0,0.81886725019,-0.57383907332,-0.012078551224,0.0,-0.00864943249483,0.0087043650969,-0.999924707838,0.0,0.651495543961,0.247860334916,0.303437180159,1.0,-0.0270205714286,-0.0355127510204,1.01
0.457318125002,0.491105237589,-0.124248055244,-1.44472246243,0.0742954464863,1.92673678233,0.147209138589,-0.0237878593868,-0.17726494859,-0.0060388226517,-0.281446451349,-0.0160616154764,0.104969534558,-0.0488752419368,0.573878152138,0.818925589677,0.00234349548976,0.0,0.8188851735,-0.573815544504,-0.0119808350697,0.0,-0.00846684129675,0.00879476252805,-0.999925479599,0.0,0.650989373012,0.247218562895,0.303530467478,1.0,-0.0403194285714,-0.0529912489796,1.027
0.456814715392,0.487371538272,-0.12427663672,-1.45069584471,0.0739763880451,1.92900200395,0.14629456762,-0.0344087693423,-0.244333522202,-0.00225654728972,-0.388776745898,-0.0273267037643,0.145997594729,-0.0641722442383,0.573774949797,0.818997789548,0.002382142316,0.0,0.818957496139,-0.573711801271,-0.0120056445142,0.0,-0.00846609615886,0.00883958157433,-0.999925090701,0.0,0.65023095086,0.246317408095,0.303480302234,1.0,-0.0536182857143,-0.0704697469388,1.044
0.456127589412,0.482772115633,-0.124401954263,-1.45795627184,0.0735469658242,1.93166496747,0.145176726689,-0.0439102865897,-0.309378131429,-0.013347394724,-0.487416732589,-0.0349484458479,0.177135957431,-0.085348336039,0.573755532609,0.819011434378,0.00236771201453,0.0,0.818971115133,-0.573692614721,-0.011993468764,0.0,-0.00846461212905,0.0088205766308,-0.999925271092,0.0,0.649325272912,0.24510909402,0.303452202192,1.0,-0.0661348571429,-0.0869200979592,1.06
0.455183140741,0.476766586275,-0.124564142969,-1.46747369614,0.0729744359831,1.93495470045,0.143777047928,-0.0614897429313,-0.374341845293,-0.00690578479618,-0.597857156122,-0.0365648461903,0.215873193941,-0.0821539374202,0.573808850186,0.818974646473,0.00216304975908,0.0,0.818931566595,-0.573746690889,-0.0121066440035,0.0,-0.00867415885569,0.00871845706041,-0.999924370877,0.0,0.648093734392,0.243484608277,0.303374062426,1.0,-0.0794337142857,-0.104398595918,1.077
0.454121038317,0.470114721268,-0.124702006637,-1.47782270965,0.0723777509261,1.93861692421,0.142268672397,-0.0681341860085,-0.438476841725,-0.00374655163316,-0.672466934328,-0.0428798122591,0.24065660096,-0.105006264685,0.573874721367,0.818928450744,0.0021779898077,0.0,0.818885224572,-0.573812145404,-0.0121390966055,0.0,-0.00869146190994,0.00875001281978,-0.999923944991,0.0,0.646671741216,0.241620037084,0.303387679031,1.0,-0.0927325714286,-0.121877093878,1.094
0.452720009373,0.461475954758,-0.12480707085,-1.49100532225,0.0715612554451,1.94350828118,0.140144492095,-0.0863186750304,-0.49999472023,-0.00233355044942,-0.78412840338,-0.0520130389447,0.275042831204,-0.115092945635,0.573766361526,0.819003676321,0.00242640763653,0.0,0.818963804776,-0.573702871228,-0.012002037845,0.0,-0.00843783854508,0.00887367646094,-0.999925027563,0.0,0.645071719094,0.239520467273,0.303479341792,1.0,-0.106031428571,-0.139355591837,1.111
0.451206608399,0.452897309714,-0.124941652913,-1.50439275181,0.0707092743572,1.94805300631,0.138084936791,-0.100836318603,-0.559988663486,-0.0150443535788,-0.846166294892,-0.0581421489489,0.296000898231,-0.136543464864,0.573803540636,0.818978286972,0.00219297125,0.0,0.818934921703,-0.573740571185,-0.0121695477196,0.0,-0.00870856643395,0.00877899933131,-0.999923542098,0.0,0.643269264786,0.23717188106,0.303404310643,1.0,-0.118548,-0.155805942857,1.127
0.449404892219,0.44262200826,-0.125087060073,-1.5198582318,0.0696528023508,1.95363007572,0.135679264931,-0.110339058495,-0.611716845893,-0.00683505705491,-0.944302226224,-0.0631620065084,0.327905703885,-0.145189195245,0.573824383398,0.818962896324,0.00246948676708,0.0,0.818923872752,-0.573761015396,-0.0119471649309,0.0,-0.00836755066096,0.00887806714714,-0.999925579241,0.0,0.64123648517,0.234451619343,0.303571961912,1.0,-0.131846857143,-0.173284440816,1.144
0.447114775888,0.430011235338,-0.1252255116,-1.53892921626,0.0683963114168,1.96024704365,0.132574082802,-0.12802137931,-0.686476841789,-0.00622112120814,-1.03673053927,-0.070886223246,0.359818611139,-0.164781946317,0.573750758842,0.819014097859,0.00259251585737,0.0,0.818976388058,-0.573686608449,-0.0119204862079,0.0,-0.00827591396499,0.00896276984147,-0.999925586234,0.0,0.638621666367,0.231078491446,0.303679349305,1.0,-0.146710285714,-0.192819232653,1.163
0.445048254637,0.419307631699,-0.12535644787,-1.555106742,0.06724349179,1.96581059061,0.129869379288,-0.145332849414,-0.741273232618,-0.00882482832074,-1.09650992691,-0.0723489765496,0.368410887177,-0.18547008602,0.573692798565,0.819054617399,0.00261791766213,0.0,0.819017576911,-0.573628926092,-0.0118663710849,0.0,-0.00821765094701,0.00895194456939,-0.999926163725,0.0,0.636378209095,0.2281244412,0.303740291008,1.0,-0.158444571429,-0.208241436735,1.178
0.442122881335,0.404750771208,-0.12552054543,-1.57692509908,0.0657091183993,1.97348430653,0.12624968964,-0.158478215772,-0.76270027817,-0.00748919162772,-1.20388095366,-0.0729804974943,0.394351692107,-0.202111071822,0.573708809032,0.819042485168,0.00289081820364,0.0,0.819009279603,-0.57364426799,-0.0116961800901,0.0,-0.00792151962942,0.00907798326343,-0.999927417239,0.0,0.633163263274,0.223868153238,0.303862883479,1.0,-0.174090285714,-0.22880437551,1.198
0.43954176509,0.392396087834,-0.125677024655,-1.59519926189,0.0644792906389,1.97975128416,0.123088176538,-0.176050425997,-0.808611049993,-0.0116815246649,-1.24135475714,-0.0920130747822,0.423456312778,-0.214386508901,0.573741773317,0.819018200457,0.00321119496182,0.0,0.818989003271,-0.573676000389,-0.011558806174,0.0,-0.00762483395156,0.0092618816327,-0.999928037139,0.0,0.630736152305,0.220638662416,0.304039705149,1.0,-0.185042285714,-0.243198432653,1.212
0.436327567986,0.377755907327,-0.125835731686,-1.61710455871,0.0627688415835,1.98706010768,0.119199094387,-0.193710334732,-0.870925517811,-0.0153428895178,-1.30259957222,-0.103214987301,0.441855726535,-0.231228244655,0.573653343297,0.81908040226,0.00314376513643,0.0,0.819051055438,-0.573588666482,-0.0114959632304,0.0,-0.00761303670929,0.0091697784412,-0.999928975895,0.0,0.627516914483,0.216412344314,0.304057819475,1.0,-0.198341142857,-0.260676930612,1.229
0.43230464412,0.360414357835,-0.126031771467,-1.64281592249,0.060828280572,1.99559937149,0.114605825319,-0.220860783631,-0.933587875757,-0.0136597691648,-1.38433156615,-0.111458181342,0.469447923193,-0.252263964683,0.573711330679,0.819039493767,0.0032192548164,0.0,0.819011291895,-0.573646623199,-0.0114368851797,0.0,-0.00752069078981,0.00919825375627,-0.999929413178,0.0,0.623674442369,0.211333521339,0.304110739905,1.0,-0.213204571429,-0.280211722449,1.248
0.429006567743,0.347165561783,-0.126214834342,-1.66259827343,0.0593457917143,2.00189341896,0.110854627365,-0.244494886169,-0.966010262179,-0.0146067910499,-1.39862256255,-0.0982015290897,0.45258475457,-0.270991811091,0.573735399857,0.819023489711,0.00299351864103,0.0,0.818991775394,-0.573670692016,-0.0116256552248,0.0,-0.00780454106363,0.0091218927202,-0.999927937509,0.0,0.620624662089,0.207292788015,0.304015300622,1.0,-0.224156571429,-0.294605779592,1.262
0.424433502568,0.329212098606,-0.126390982777,-1.68886491576,0.0573308250898,2.01037177376,0.105839436316,-0.254403803392,-1.01222077569,-0.00664829895818,-1.44125120019,-0.103503792855,0.451742493947,-0.288743824408,0.573781497035,0.818990795399,0.00310122766378,0.0,0.81896005443,-0.573715929198,-0.0116279290765,0.0,-0.00774409227022,0.00921184948591,-0.99992758281,0.0,0.616524366599,0.201893600709,0.304061874962,1.0,-0.238237714286,-0.31311242449,1.28
0.41980976055,0.311546444008,-0.126553026612,-1.71459030159,0.0551786114579,2.01847694767,0.100739744871,-0.277668913679,-1.03107121692,-0.00601538280859,-1.52085620027,-0.123850522294,0.472048697734,-0.307745872979,0.57366327999,0.819073828313,0.00304168794554,0.0,0.819042635367,-0.573598301821,-0.0116144952362,0.0,-0.00776857160588,0.00915425779134,-0.999927921832,0.0,0.612379424035,0.196536148106,0.304061383859,1.0,-0.251536571429,-0.330590922449,1.297
0.41535352471,0.295281561295,-0.12672974219,-1.73802233201,0.0531510633586,2.02574153938,0.0958995672257,-0.309420305621,-1.08177069482,-0.0106694782792,-1.55606185662,-0.138885862105,0.474035551902,-0.322474473522,0.573544333187,0.819157207329,0.00301901492192,0.0,0.819126258911,-0.573480077948,-0.0115550447896,0.0,-0.007734202215,0.00910046006943,-0.999928679328,0.0,0.608532029553,0.191522093182,0.30409059834,1.0,-0.263270857143,-0.346013126531,1.312
0.409865343253,0.276281252122,-0.126928180759,-1.76507138147,0.0509443206162,2.03399949702,0.0901628161164,-0.330977169117,-1.11691418132,-0.0105588015901,-1.58185083562,-0.133686451109,0.475954844734,-0.350822655988,0.573551370257,0.819151664275,0.00318174351601,0.0,0.819122085646,-0.573485715713,-0.0115710665159,0.0,-0.00765392129813,0.00924301539704,-0.999927989485,0.0,0.603999315471,0.185604245541,0.304167337329,1.0,-0.276569714286,-0.36349162449,1.329
0.403844072608,0.256683881324,-0.127209504724,-1.79274130633,0.0485015693212,2.04227601188,0.0840380783077,-0.372791574904,-1.14131918162,-0.0157819809374,-1.58981118085,-0.137745306081,0.468207090916,-0.363964275208,0.573608994131,0.819111004027,0.00326064958801,0.0,0.819082736879,-0.573543440032,-0.0114951922373,0.0,-0.00754585955473,0.00926466581868,-0.999928610437,0.0,0.599281505222,0.179299331624,0.30423192352,1.0,-0.289868571429,-0.380970122449,1.346
0.397355667495,0.236428931888,-0.127467445307,-1.82107343244,0.045943724258,2.05052969927,0.0775583845973,-0.384912936446,-1.19957169882,-0.0119873307705,-1.675651214,-0.142943764349,0.476554154483,-0.386088635343,0.573645554204,0.819085125228,0.00332906479565,0.0,0.819057764335,-0.573579816452,-0.011459482672,0.0,-0.00747695137948,0.00930055672166,-0.999928794886,0.0,0.594308601881,0.172736071333,0.3042860238,1.0,-0.303167428571,-0.398448620408,1.363
0.390869283119,0.216803321742,-0.127656482408,-1.84828808986,0.0434609746121,2.05829885092,0.0710109455843,-0.418032171169,-1.24693678592,-0.0108363417039,-1.67983296784,-0.158234098182,0.487082075615,-0.416336567432,0.573498633809,0.819187564951,0.00343472716983,0.0,0.819161179359,-0.573432113845,-0.0114594913953,0.0,-0.00741803281033,0.00938577852388,-0.999928437415,0.0,0.589389054413,0.166393438094,0.304320202282,1.0,-0.315684,-0.414898971429,1.379
0.383389074567,0.195378958857,-0.127937405456,-1.87774020513,0.0406069388501,2.06639058712,0.0636826487098,-0.443946935875,-1.27516217142,-0.0131920445839,-1.74142516386,-0.160214690633,0.494035256329,-0.433137077572,0.573436514316,0.819231241632,0.00338875835379,0.0,0.819204325413,-0.573370218741,-0.0114722441866,0.0,-0.00745555127319,0.00935486932918,-0.999928448028,0.0,0.583933450102,0.159282234306,0.30432140636,1.0,-0.328982857143,-0.432377469388,1.396
