position_joint1,position_joint2,position_joint3,position_joint4,position_joint5,position_joint6,position_joint7,velocity_joint1,velocity_joint2,velocity_joint3,velocity_joint4,velocity_joint5,velocity_joint6,velocity_joint7,ee_T_00,ee_T_10,ee_T_20,ee_T_30,ee_T_01,ee_T_11,ee_T_21,ee_T_31,ee_T_02,ee_T_12,ee_T_22,ee_T_32,ee_T_03,ee_T_13,ee_T_23,ee_T_33,v_x,v_y,time
0.46506692662,0.547830670285,-0.124012063376,-1.35584164129,0.0795649627411,1.89409352767,0.159160098813,0.000280287822782,-0.00110405878393,-5.02771883109e-05,-0.000243239763262,-1.31586448337e-05,-0.000211256752523,-0.00123404828332,0.573846200801,0.818949086632,0.00191787195559,0.0,0.818905021026,-0.573787271919,-0.0119783147321,0.0,-0.00870934707387,0.00844442795654,-0.999926416748,0.0,0.661675900829,0.260880740951,0.303175502619,1.0,0.0,0.0,0.0
0.465062042952,0.547833281866,-0.124013128945,-1.35584343167,0.0795674000425,1.89409692851,0.159163975704,7.74816413188e-06,-0.0021696574035,-0.00125748805321,0.000119473181168,-0.000159335033973,0.000464307016756,0.000962236674768,0.573854891552,0.818942996821,0.00191788976693,0.0,0.818898917629,-0.573795948123,-0.011979963478,0.0,-0.00871059752125,0.00844548109842,-0.999926396961,0.0,0.661677481144,0.260877271695,0.303173135633,1.0,-0.00014,-0.000184,0.008
0.465058618342,0.547834768662,-0.124009776699,-1.35583945088,0.0795648511624,1.8940942236,0.159165180112,-0.00338842252566,0.000708735078745,0.000832796547479,0.00228158134354,2.11663576389e-05,0.000192578459604,0.00195905689236,0.573855431206,0.81894262058,0.00191707463954,0.0,0.818898537806,-0.57379649801,-0.0119795889872,0.0,-0.00871075299302,0.00844460440789,-0.999926403011,0.0,0.661678081566,0.26087680192,0.303173626307,1.0,-0.00044,-0.000578285714286,0.023
0.465060657341,0.547825101894,-0.124010724136,-1.35585747878,0.0795640864528,1.89409724372,0.159169416159,-0.000628232532878,0.00106101516415,-0.00278887606562,-0.000548482758477,-0.000367377259466,0.00356695105925,0.00145556762961,0.573858677712,0.818940356397,0.00191248045078,0.0,0.818896210721,-0.573799760781,-0.0119823827345,0.0,-0.00871564376508,0.00844247984998,-0.999926378334,0.0,0.661674534311,0.260875669761,0.30317218653,1.0,-0.0008,-0.00105142857143,0.041
0.465068370585,0.547762527134,-0.124007730582,-1.35591370713,0.0795661209573,1.89410299075,0.159164934139,0.00134562398456,-0.00783243159703,0.000462984016073,-0.00871635142536,0.000134207784329,0.000260118391256,0.000358139140594,0.573850138762,0.818946303849,0.0019278369291,0.0,0.818902273644,-0.573791075253,-0.0119839510317,0.0,-0.00870820443839,0.00845586480852,-0.999926330049,0.0,0.661661634103,0.260877376656,0.303190157192,1.0,-0.0011,-0.00144571428571,0.056
0.465068048434,0.547621997995,-0.124005224929,-1.35608911909,0.0795658864757,1.89413230921,0.159165194248,-0.00220483459086,-0.0100554545636,0.000713210659081,-0.0152709832762,0.00027456441538,0.000982351986477,0.00166478946163,0.573858335831,0.81894055168,0.00193134979225,0.0,0.818896412323,-0.573799105831,-0.0119999555635,0.0,-0.00871921131731,0.00846801298102,-0.999926131327,0.0,0.66163050251,0.260861589634,0.303208683184,1.0,-0.00146,-0.00191885714286,0.074
0.465047504564,0.547473145598,-0.124010751297,-1.35629426049,0.0795623006217,1.89418498596,0.159160396058,-0.00116671864894,-0.0108822110688,2.80632001332e-05,-0.00772001913375,0.000242315854907,0.00805964933049,-3.77634350039e-05,0.573885445074,0.81892155111,0.00193286339367,0.0,0.818877349219,-0.573826125315,-0.0120088194047,0.0,-0.00872532149144,0.00847462788394,-0.999926021987,0.0,0.661604734057,0.26082539806,0.303221239294,1.0,-0.0018,-0.00236571428571,0.091
0.465030493408,0.547308313927,-0.124009897512,-1.35648435562,0.0795555173167,1.8943090976,0.159141299144,-0.000110578660127,-0.0153986158197,0.000604473782251,-0.016563753326,-0.00199110569482,0.00736661997993,-0.00400863899385,0.573899048077,0.818911798359,0.00202386429284,0.0,0.818868803975,-0.573839361996,-0.0119589047065,0.0,-0.00863208135937,0.00852064740887,-0.999926440164,0.0,0.661594659767,0.260800331601,0.30326005029,1.0,-0.00212,-0.00278628571429,0.107
0.465009452708,0.547097784832,-0.124006015117,-1.35673057321,0.0795548571283,1.89444243864,0.159130422655,-0.00259946435798,-0.00679108937119,0.000861116226045,-0.0144884177009,-0.000532506469628,0.0062291536107,-0.00126078860225,0.573911724327,0.818902697114,0.00211003333537,0.0,0.818860755251,-0.573851610707,-0.0119222187846,0.0,-0.00855245575144,0.00857028963573,-0.999926700132,0.0,0.661575216219,0.260772414202,0.303301636257,1.0,-0.00246,-0.00323314285714,0.124
0.464976486398,0.546900543419,-0.124010575648,-1.35701303179,0.079550602749,1.8945592824,0.15911137113,-0.0030893113202,-0.0117792790752,0.000295530272033,-0.0206014787878,0.000157844369976,0.00363646952698,-0.00155283298944,0.573941054514,0.818882056521,0.0021425106794,0.0,0.818840465576,-0.573880732451,-0.0119140151797,0.0,-0.00852679182093,0.00859248230984,-0.99992672885,0.0,0.661548820749,0.260724275043,0.303317186417,1.0,-0.00276,-0.00362742857143,0.139
0.464948426807,0.546637080915,-0.124013701053,-1.35739923383,0.0795433039524,1.89469335815,0.159023335968,0.0011093232128,-0.0213081773821,-0.000511202409681,-0.0252708831055,0.000426684611467,0.00143754581884,-0.00552172150699,0.573913728035,0.81890115909,0.00216132249033,0.0,0.818859668755,-0.573853187263,-0.0119209586906,0.0,-0.00852196916373,0.00861158746213,-0.999926605608,0.0,0.661502349527,0.260669440549,0.303331689549,1.0,-0.0031,-0.00407428571429,0.156
0.464899369025,0.546356957706,-0.12401092688,-1.35784321798,0.079535717495,1.89486096146,0.158940997643,-0.000517961969737,-0.0152427949407,-9.09385763111e-05,-0.0289578383754,-5.15198187788e-05,0.0173823781311,-0.00227136313872,0.573907411153,0.818905548276,0.00217562136189,0.0,0.818864057463,-0.573846624114,-0.0119354216556,0.0,-0.00852567418654,0.00863153126299,-0.999926402066,0.0,0.66145384964,0.260599719842,0.303333190195,1.0,-0.00344,-0.00452114285714,0.173
0.464851618402,0.546052750183,-0.124011243864,-1.35834681347,0.0795233474053,1.89503441496,0.158922777216,-0.00460110787258,-0.0236334502686,0.000536597596091,-0.0295052176458,0.000247405670904,0.00994823318375,-0.00147652904539,0.573956658452,0.818871066897,0.00216261836361,0.0,0.818829225944,-0.573895735786,-0.0119636987527,0.0,-0.00855577402978,0.00863762598056,-0.999926092343,0.0,0.66139406213,0.260521933926,0.30332395518,1.0,-0.00378,-0.004968,0.19
0.464797204539,0.545720353401,-0.124009369259,-1.35892253718,0.0794875148916,1.89522800596,0.158829934891,-0.00410452258456,-0.0187494085332,0.000997267346307,-0.0321424565863,-0.00280996930638,0.0171115602835,-0.00216503380762,0.573946498588,0.818878299806,0.00211985047077,0.0,0.818835860938,-0.573885713892,-0.0119902933133,0.0,-0.00860220472089,0.00861776236812,-0.999925865375,0.0,0.661324964306,0.260430383927,0.303301961088,1.0,-0.00412,-0.00541485714286,0.207
0.464735522246,0.545372228743,-0.124008375131,-1.35953628105,0.0793919728129,1.89543338507,0.158770854215,-0.00484622732082,-0.0229542964574,0.00176030106366,-0.0390952408111,-0.00553502098078,0.0133604975985,-0.00681716219447,0.573956767962,0.818871315724,0.0020356069445,0.0,0.818828262821,-0.573896816501,-0.0119777676311,0.0,-0.00864018834484,0.00854169774926,-0.999926190549,0.0,0.661255269776,0.260320344878,0.303273923763,1.0,-0.00444,-0.00583542857143,0.223
0.464672223139,0.544961112822,-0.124014131901,-1.36023448036,0.0793679557325,1.89565685403,0.158667177672,-0.00426317315442,-0.0262758077059,-0.00552462164599,-0.0449900386605,-0.00271368204501,0.0114111259398,0.000318076327953,0.573960161882,0.818869048265,0.00199029344178,0.0,0.818825206263,-0.573900206985,-0.0120241803498,0.0,-0.00870416688317,0.00853126719137,-0.999925724721,0.0,0.661169323082,0.260208945487,0.303252177192,1.0,-0.00478,-0.00628228571429,0.24
0.464603290036,0.544531503785,-0.124017227513,-1.36095607528,0.0793512023807,1.89591654687,0.158592265015,-0.00720839181263,-0.0267853535227,-0.000523609702651,-0.0424233673771,-0.000157061656106,0.0145702212739,-0.0100146908368,0.573993260242,0.818845883451,0.00197566512109,0.0,0.818801600958,-0.573933119943,-0.0120606385379,0.0,-0.00874207288361,0.00854056743144,-0.999925314646,0.0,0.66108607483,0.260096470449,0.303235418478,1.0,-0.00512,-0.00672914285714,0.257
0.464542615671,0.544051748461,-0.124017319475,-1.3617532547,0.0793164340613,1.89619785238,0.158472521035,-0.00535447295556,-0.0299554482494,0.000562848777777,-0.0494984127675,-0.00457268810483,0.0138240947628,-0.00389186936768,0.573980122939,0.818855149474,0.00195180764403,0.0,0.818810398688,-0.57391993546,-0.0120907230113,0.0,-0.00878053853417,0.00853815946165,-0.999924998175,0.0,0.660989141621,0.259981435792,0.303219873215,1.0,-0.00546,-0.007176,0.274
0.464473133683,0.543569087039,-0.124019527464,-1.36254050802,0.0792780892171,1.8964771502,0.158401035693,-0.00569440457169,-0.0280073626949,-1.90135625709e-05,-0.0500176057437,-0.00489864473777,0.0161447068539,-0.00159825728235,0.57401364183,0.818831695529,0.00193398338647,0.0,0.818786613138,-0.573953432673,-0.0121114065778,0.0,-0.00880735674884,0.00853579664481,-0.999924782493,0.0,0.660897037256,0.25985986173,0.303210945328,1.0,-0.00578,-0.00759657142857,0.29
0.464389920774,0.543010343209,-0.124023349479,-1.36341250576,0.0792266896119,1.89679401312,0.158250088329,-0.00539558723038,-0.0317699439559,9.91758446403e-05,-0.0533260816266,-0.00436677799364,0.0182239026218,-0.00794514429592,0.573995670376,0.818844285997,0.00193715797489,0.0,0.818799234182,-0.5739354389,-0.0121108620509,0.0,-0.00880527610517,0.00853789022888,-0.999924782943,0.0,0.660799468083,0.259719665689,0.303218737142,1.0,-0.00612,-0.00804342857143,0.307
0.464319074919,0.542420747396,-0.124025840352,-1.36433714334,0.0791734352644,1.89711818482,0.158155656876,-0.00171447698751,-0.0366159403567,0.000377491286488,-0.0589086172287,-0.00421923605226,0.0199232561762,0.000649243693037,0.574015212559,0.818830606856,0.00192871176723,0.0,0.818785400238,-0.573954972917,-0.0121204093382,0.0,-0.00881773819243,0.00853666473611,-0.999924683588,0.0,0.660688481624,0.259582771773,0.303223813449,1.0,-0.00646,-0.00849028571429,0.324
0.464225207709,0.541733227195,-0.124032079438,-1.36540349741,0.0791171556362,1.8975210635,0.158001534137,-0.00534166886135,-0.033818425937,-0.00189264226248,-0.0588001171529,-0.0022145453534,0.0246799254713,-0.00383535176289,0.574014541303,0.818831022972,0.00195168978346,0.0,0.81878607653,-0.573954161285,-0.0121131550188,0.0,-0.00879861604336,0.00855130818146,-0.999924726909,0.0,0.660569937212,0.259417818357,0.303237554525,1.0,-0.00684,-0.00898971428571,0.343
0.464141477482,0.541115524993,-0.124025455002,-1.36635066043,0.0790654312235,1.89787879931,0.15787455742,0.000553135715101,-0.0378656154789,0.000382974919462,-0.0600060462465,-0.00440802262874,0.0192752534282,-0.00894457519031,0.574013283965,0.818831836164,0.0019801051385,0.0,0.81878718116,-0.573952701302,-0.0121076643965,0.0,-0.00877782337666,0.00857140993236,-0.999924737542,0.0,0.660462041038,0.25927793484,0.303254225364,1.0,-0.00716,-0.00941028571429,0.359
0.464050606041,0.540398840081,-0.124033590249,-1.367418182,0.0789966861008,1.89826789926,0.157737831476,-0.00835595516359,-0.042398231508,-0.00267419953169,-0.0672427858384,-0.000879009934705,0.0228555871869,-0.0108131275971,0.574022160316,0.818825543019,0.00200909601266,0.0,0.818781336167,-0.573961517884,-0.0120849672735,0.0,-0.00874250441339,0.00858221457365,-0.999924954289,0.0,0.660341223792,0.259111179007,0.303286656993,1.0,-0.0075,-0.00985714285714,0.376
0.463940580166,0.539649345062,-0.124035847789,-1.36857294986,0.0789260300115,1.89870539715,0.15761629172,-0.00666398903881,-0.0448489207218,-0.000984551993229,-0.0726210507125,-0.000925253933699,0.0220238690036,-0.012503206345,0.574059423522,0.818799356198,0.00203456545792,0.0,0.818755511877,-0.573998695543,-0.0120688105002,0.0,-0.00871426412539,0.00859419154612,-0.999925097931,0.0,0.660214267425,0.258928237857,0.303304645762,1.0,-0.00784,-0.010304,0.393
0.463855493232,0.538984287605,-0.124038318828,-1.36960000132,0.0788710833789,1.89909260796,0.157481471907,-0.00249478971628,-0.0429296337677,0.00089836973611,-0.0703402483689,-0.00106271087797,0.0306040225485,-0.0128157616353,0.574062586166,0.818797078029,0.00205890161313,0.0,0.818753501619,-0.574001703823,-0.0120621099238,0.0,-0.00869477472789,0.00861030469776,-0.99992512897,0.0,0.660097094268,0.25877482873,0.303319313939,1.0,-0.00814,-0.0106982857143,0.408
0.463737120781,0.538198083108,-0.124047106648,-1.37080079913,0.078804426825,1.8995627567,0.157332772495,-0.0128021697584,-0.0461301263658,-0.00204208491822,-0.0740339289268,-0.00574484158459,0.0238702014465,-0.0116453086033,0.574092571586,0.818775933997,0.0021061951031,0.0,0.818732998612,-0.574031507351,-0.0120354664477,0.0,-0.00864549438451,0.0086340495478,-0.999925351521,0.0,0.659969945583,0.258580491648,0.303344139605,1.0,-0.00848,-0.0111451428571,0.425
0.46362463841,0.537398752735,-0.124051250048,-1.37206368895,0.0787234321052,1.90003203424,0.157167108795,-0.00978817862046,-0.0466899131516,-0.000571600339483,-0.0751886196662,-0.00102073536612,0.0177283736279,-0.00575867006442,0.574099932321,0.818770771597,0.00210670089014,0.0,0.818727894357,-0.574038916494,-0.0120293080945,0.0,-0.00864008392234,0.00863100592034,-0.999925424563,0.0,0.659826517077,0.258383179086,0.303348297023,1.0,-0.00882,-0.011592,0.442
0.463501185216,0.536507584393,-0.124051975779,-1.37344531232,0.0786504180527,1.90055591665,0.157006209641,-0.00184018083019,-0.0455558950164,-0.000141417258362,-0.0789833968448,-0.00904686043779,0.0321257594688,-0.00642183088487,0.574126402391,0.818752125212,0.00213972902405,0.0,0.818709596467,-0.574065161402,-0.0120222301635,0.0,-0.00861504847502,0.00865426305971,-0.999925439556,0.0,0.659670184539,0.258172729818,0.303365270202,1.0,-0.00918,-0.0120651428571,0.46
0.463383876976,0.535645872501,-0.124055575613,-1.37480418564,0.0785742114969,1.90105689775,0.1568374077,-0.00708821608587,-0.0538470882034,0.00145269517751,-0.0813386228344,-0.00504550549663,0.0320263882683,-0.00856119443191,0.574141075626,0.81874182287,0.00214468253516,0.0,0.818699305168,-0.574079758096,-0.0120260535229,0.0,-0.00861518002121,0.00866066815122,-0.999925382966,0.0,0.659512697868,0.257964931266,0.303370210838,1.0,-0.00952,-0.012512,0.477
0.463283325965,0.534839129624,-0.124064153616,-1.37608008859,0.0785012280571,1.90151217519,0.15668172059,-0.0039232546494,-0.0523794776728,-0.000780177992982,-0.0846693212098,-0.00215067001623,0.0286668876521,-0.00865689838586,0.574152352598,0.818733945381,0.00213297644027,0.0,0.818691238951,-0.57409104684,-0.0120362828449,0.0,-0.00863015682111,0.00865707591202,-0.999925284924,0.0,0.659360244218,0.257771861937,0.303371892944,1.0,-0.00982,-0.0129062857143,0.492
0.463164670173,0.533931344026,-0.124069846452,-1.37756282994,0.0784147006571,1.90205090141,0.156497542624,-0.00148252042082,-0.0517452337094,-0.00117879240935,-0.0895280256742,-0.0129997862375,0.0337105141487,-0.00819650464694,0.574160783588,0.818728115153,0.00210117771143,0.0,0.818684952327,-0.574099570373,-0.0120573227248,0.0,-0.00866555072554,0.00864321084673,-0.999925098763,0.0,0.65918344125,0.257548785877,0.303353399494,1.0,-0.01016,-0.0133531428571,0.509
0.463029930793,0.53301137521,-0.1240649804,-1.37905329845,0.0783347674559,1.90261518498,0.156300536021,-0.0125617746554,-0.0562679319107,-0.00104416255038,-0.086050816862,-0.00276652502096,0.03019959122,-0.00884157165919,0.574166646951,0.818724004235,0.00210079021478,0.0,0.818680713693,-0.574105312333,-0.0120717140049,0.0,-0.00867749427436,0.00865121854828,-0.999924925937,0.0,0.659011247431,0.257323295479,0.303341521421,1.0,-0.0105,-0.0138,0.526
0.462912559583,0.532109913944,-0.124065230064,-1.38051473181,0.0782579778287,1.90315555507,0.15612281007,-0.0103844375544,-0.0592925708408,0.00058523378613,-0.0881095176024,-0.00800149909879,0.0248964220499,-0.0120301985286,0.574172944126,0.818719642423,0.00207948183876,0.0,0.818675936756,-0.574111564345,-0.0120983124537,0.0,-0.00871143919674,0.00864911194502,-0.999924649006,0.0,0.658824549199,0.257094991339,0.303320568962,1.0,-0.01084,-0.0142468571429,0.543
0.46275508294,0.530920814465,-0.124068040575,-1.38243047846,0.0781406249289,1.90383417395,0.155876940459,-0.0114762127961,-0.0602535416646,-0.00370712758146,-0.0940772266317,-0.00540196629855,0.0339088609115,-0.00853483533869,0.574179043279,0.818715448677,0.00204627899683,0.0,0.818671262526,-0.574117760993,-0.0121205333284,0.0,-0.0087486312044,0.00863475228609,-0.999924448398,0.0,0.65860400273,0.256818298864,0.303313432466,1.0,-0.01122,-0.0147462857143,0.562
0.46263790442,0.530077937492,-0.124068278313,-1.383778616,0.0780593646586,1.90431414284,0.155703775597,-0.00850178781368,-0.0604189966803,-0.000968083655129,-0.0946255242748,-0.00147946430214,0.0297217718385,-0.00560578614909,0.574184762265,0.818711491365,0.00202474449453,0.0,0.818666970131,-0.57412352094,-0.0121376118212,0.0,-0.00877491778194,0.00862698929496,-0.99992428507,0.0,0.658441673474,0.256611458769,0.303307207082,1.0,-0.0115,-0.0151142857143,0.576
0.462500313813,0.529022779372,-0.124067663157,-1.38543031182,0.0779510598239,1.90493674967,0.15547153944,-0.0094414569997,-0.0679185028401,0.00103076746142,-0.0941809417359,-0.00330773666844,0.0376408057687,-0.0186583256149,0.57416743392,0.81872360176,0.00204172691547,0.0,0.818679369452,-0.574106186183,-0.0121212178499,0.0,-0.00875192758481,0.00863129443174,-0.999924449406,0.0,0.658248606622,0.25636375109,0.303318142543,1.0,-0.01184,-0.0155611428571,0.593
0.462351897385,0.527865085381,-0.124065947268,-1.38725152804,0.0778414572188,1.90563868479,0.155217827244,-0.00789301965395,-0.0640614402388,0.000842306211848,-0.102365318045,-0.00386019519845,0.0358856272587,-0.0146632229388,0.574149396222,0.818736171306,0.00207352712048,0.0,0.818692355452,-0.574088013121,-0.0121048426718,0.0,-0.00872045337438,0.00864773540945,-0.999924582339,0.0,0.658036485238,0.256095965729,0.303327185504,1.0,-0.0122,-0.0160342857143,0.611
0.462202907379,0.526699543197,-0.124071641333,-1.38903355657,0.0777293085598,1.90631456185,0.154985155485,-0.00892315374678,-0.0678191562195,-8.27751245133e-05,-0.104780739412,-0.00564661430699,0.0431549053039,-0.0143036637167,0.57415108338,0.818734869274,0.00211995062669,0.0,0.818691734385,-0.57408957433,-0.0120727625653,0.0,-0.00866751700439,0.00866734263486,-0.999924872838,0.0,0.657829964942,0.255826114295,0.303358046882,1.0,-0.01254,-0.0164811428571,0.628
0.462066033494,0.525603848013,-0.124080749177,-1.39075982896,0.077623522731,1.90694293165,0.154747774747,-0.00764720990269,-0.0669999567759,-0.000607750186681,-0.108173870946,-0.00781654354956,0.0415552071343,-0.00897222949077,0.574139785434,0.818742804346,0.00211518680174,0.0,0.81869961835,-0.574078309308,-0.0120737979396,0.0,-0.00867121926899,0.00866391719299,-0.999924870425,0.0,0.657621979775,0.255565795028,0.303362028732,1.0,-0.01286,-0.0169017142857,0.644
0.461919019603,0.524489441873,-0.124086523436,-1.39252013692,0.0775133750635,1.90757348989,0.154506893738,-0.00716097842458,-0.0705292361306,-0.00052914623851,-0.11099784065,-0.00543928636269,0.0416976822609,-0.0154938400757,0.574131927452,0.818748355905,0.00209916286566,0.0,0.818704957903,-0.574070518331,-0.0120821682193,0.0,-0.00868735510948,0.0086555202187,-0.999924803088,0.0,0.657408471083,0.255296439089,0.30336277633,1.0,-0.01318,-0.0173222857143,0.66
0.461757972454,0.523278852562,-0.12408729696,-1.39442885035,0.0773900707146,1.90827667883,0.15423844413,-0.00698626574094,-0.0768585380865,-5.89809949686e-05,-0.113439350463,-0.0016194422051,0.0429306807017,-0.0156884033571,0.574113728054,0.818761118582,0.0020987755957,0.0,0.818717749854,-0.574052357127,-0.0120782553486,0.0,-0.00868456598673,0.00865276363224,-0.999924851174,0.0,0.657179684722,0.255007249273,0.303366345005,1.0,-0.01352,-0.0177691428571,0.677
0.461595610534,0.522057748212,-0.124085827756,-1.39637875401,0.0772739181984,1.9090436074,0.153986928447,-0.00398021245338,-0.0721692028216,-0.00362098392967,-0.112964843495,-0.00610373564685,0.049927878378,-0.018929787137,0.574113173479,0.818761427872,0.00212959344668,0.0,0.818718469765,-0.574051679039,-0.0120616731297,0.0,-0.00865330262336,0.00866846982076,-0.999924986179,0.0,0.656953003533,0.254719220955,0.303362861931,1.0,-0.01386,-0.018216,0.694
0.461402224202,0.52064830313,-0.124098851102,-1.39862645689,0.0771343607924,1.90988460148,0.153686280845,-0.00886843587294,-0.0822105467729,-0.00269282230725,-0.120288377536,-0.0100401704058,0.0447541838222,-0.0090982053914,0.574117087546,0.818758693883,0.00212553061527,0.0,0.818715746125,-0.574055673384,-0.012056442421,0.0,-0.00865131070538,0.00866218176634,-0.999925057907,0.0,0.656687561794,0.254370820366,0.303356450742,1.0,-0.01424,-0.0187154285714,0.713
0.461251901346,0.519476215032,-0.124093877727,-1.40044122358,0.0770256657338,1.91053464754,0.153434431015,-0.0118704430344,-0.0808376228675,0.000602804312507,-0.120104169559,-0.00793736357667,0.0420937218194,-0.014715635207,0.574105499328,0.818766799173,0.00213333396254,0.0,0.818723851207,-0.574043951163,-0.0120641824521,0.0,-0.00865329119662,0.00867289186841,-0.999924947933,0.0,0.656447521888,0.254082047002,0.303372287115,1.0,-0.01456,-0.019136,0.729
0.461067752354,0.518057856397,-0.124102505119,-1.40264704284,0.0768760414266,1.91133656864,0.153133538525,-0.0130747882759,-0.0757297182836,-0.000758668358577,-0.120747388318,-0.00637598676367,0.0426640125885,-0.017960051456,0.574084705613,0.818781369165,0.0021370988246,0.0,0.81873859869,-0.574023272809,-0.0120472482668,0.0,-0.00863748426729,0.0086660331196,-0.999925144066,0.0,0.656195023812,0.253762756976,0.303387223844,1.0,-0.0149,-0.0195828571429,0.746
0.460887043785,0.516703809161,-0.124108098088,-1.40480489724,0.0767432713163,1.91211346093,0.152838316163,-0.011312092197,-0.0737027407929,0.000141822236466,-0.125691751109,-0.00785707319397,0.0516507036487,-0.0184476118137,0.574073260453,0.818789458884,0.00211200239317,0.0,0.818746324025,-0.574011899054,-0.012064142766,0.0,-0.0086658452671,0.00865506260475,-0.999924993696,0.0,0.655928892754,0.253433891999,0.303377650797,1.0,-0.01524,-0.0200297142857,0.763
0.460721522226,0.51549095334,-0.124106791796,-1.40672518792,0.0766295047452,1.91285184703,0.152572231717,-0.013625803786,-0.0807695952751,0.00125302321655,-0.131394388538,-0.000273562133292,0.0475654021634,-0.0115370367736,0.574060960297,0.818798013884,0.00213850982838,0.0,0.818755197408,-0.573999459906,-0.0120537813843,0.0,-0.0086422751613,0.00867068829097,-0.999925062314,0.0,0.655700526534,0.253145805346,0.30337819105,1.0,-0.01554,-0.020424,0.778
0.460533027447,0.514101697252,-0.124114329719,-1.40897167357,0.0764925499166,1.91364426734,0.152266544428,-0.0149046483808,-0.0808129558831,-0.000284638729765,-0.134133504773,-0.00924674682051,0.0452727750518,-0.0197859173426,0.574051538393,0.81880476602,0.00208166093112,0.0,0.818761130808,-0.573990206392,-0.0120913417143,0.0,-0.00870576284863,0.00864560282487,-0.99992472879,0.0,0.655418451095,0.252801153414,0.303351761672,1.0,-0.01588,-0.0208708571429,0.795
0.460351240268,0.512766647342,-0.124112545521,-1.41112251291,0.0763600842451,1.91438431674,0.151970805921,-0.0141820731463,-0.0874226899072,0.000476753437919,-0.13098176322,-0.00867110774507,0.0496908953623,-0.0176352671109,0.574033811013,0.818817353387,0.00201804540277,0.0,0.818772750964,-0.573972624791,-0.0121389938187,0.0,-0.0087814850454,0.00862067944437,-0.999924281837,0.0,0.655142333287,0.252474241254,0.303327602323,1.0,-0.0162,-0.0212914285714,0.811
0.460124764049,0.511168647302,-0.124118483263,-1.4136814668,0.076200015021,1.9153502447,0.15160816305,-0.0114603869437,-0.0899544578296,-0.000541468059917,-0.133206570221,-0.00439206972411,0.0515953203888,-0.0269558511732,0.574017433582,0.818828838028,0.00201664537024,0.0,0.818784254495,-0.573956292135,-0.0121353290087,0.0,-0.00877946008382,0.00861725379813,-0.999924329146,0.0,0.654834662094,0.252079424603,0.303312738265,1.0,-0.01658,-0.0217908571429,0.83
0.459951019037,0.509881693282,-0.124119164654,-1.41574044602,0.0760761273139,1.91613645816,0.151318090002,-0.010614656017,-0.0844424595793,0.000215109851712,-0.141953360061,-0.00869333282953,0.0551112474392,-0.0163228891821,0.57399689037,0.818843212045,0.00202751939498,0.0,0.81879874901,-0.57393568241,-0.0121321052585,0.0,-0.00877079517613,0.0086240870766,-0.999924346275,0.0,0.6545847847,0.251771156922,0.303301843211,1.0,-0.01688,-0.0221851428571,0.845
0.459751782402,0.508379291133,-0.124119578536,-1.41811337337,0.0759245612128,1.91697189743,0.15099203937,-0.0152827345266,-0.0825449352369,0.00135197605311,-0.136560732297,-0.0137651392858,0.0557952432221,-0.0147397917743,0.57397548702,0.81885829445,0.00199519704716,0.0,0.818813352617,-0.573914369552,-0.0121547068343,0.0,-0.00880807983527,0.00861036353432,-0.999924136807,0.0,0.654282406135,0.251410985728,0.303296073589,1.0,-0.01722,-0.022632,0.862
0.459546186572,0.506926724106,-0.124127788602,-1.42037671632,0.0757789027346,1.9177943426,0.150669845864,-0.0150839472145,-0.086132946077,-0.000417575356511,-0.139352620898,-0.00204673874664,0.0532058102433,-0.0164264687295,0.573961490402,0.818868072997,0.00200834831907,0.0,0.81882333225,-0.573900344932,-0.0121446099402,0.0,-0.0087924108271,0.00861518675358,-0.999924233164,0.0,0.653987817364,0.251037382912,0.303309696243,1.0,-0.01756,-0.0230788571429,0.879
0.459326133516,0.50532930634,-0.124129462595,-1.42283709608,0.0756274106871,1.9187321163,0.150332460404,-0.0161559226663,-0.0915294371681,0.00128958520178,-0.141468148148,-0.00165464975078,0.0580225395487,-0.0306962740691,0.573955158454,0.818872378352,0.00206178520321,0.0,0.818828367902,-0.573893810481,-0.0121138397082,0.0,-0.00873661117299,0.00864121537228,-0.999924497661,0.0,0.653707671941,0.250677925034,0.303333055907,1.0,-0.01788,-0.0234994285714,0.895
0.459104046047,0.503665436947,-0.124134694574,-1.42531418723,0.0754679168904,1.9196824127,0.149994276106,-0.0136529218605,-0.094811469876,-0.00373891713369,-0.148022812662,-0.00354637324434,0.0610847331217,-0.0199288462001,0.573948285528,0.818876907589,0.00217316764779,0.0,0.8188344785,-0.573886587529,-0.0120427727369,0.0,-0.00861456258914,0.00869156070242,-0.999925120238,0.0,0.65341182362,0.250296421571,0.303398878356,1.0,-0.01822,-0.0239462857143,0.912
0.45886558406,0.501965665353,-0.12414508162,-1.42781766818,0.07530983882,1.92060055205,0.149642313075,-0.0201824243468,-0.0986727554645,-0.00185154092013,-0.144072656964,-0.00894744733264,0.0504290040433,-0.0246688193865,0.573948225229,0.818876691644,0.0022683782678,0.0,0.818835564468,-0.573886192222,-0.0119876452896,0.0,-0.00851477628451,0.00873788476931,-0.999925571207,0.0,0.65310823393,0.249896746127,0.303473899421,1.0,-0.01856,-0.0243931428571,0.929
0.458641830125,0.500337265987,-0.124141303171,-1.43026612604,0.0751506856053,1.92146129659,0.149286609949,-0.01334652226,-0.0979501306328,0.00105041522579,-0.150648793386,-0.00921187952653,0.0639069205953,-0.0266413331142,0.573921849953,0.818895073716,0.00230549178731,0.0,0.818854370108,-0.573859606623,-0.0119757815072,0.0,-0.00848404321411,0.00876119338265,-0.999925628485,0.0,0.652778157808,0.249497692343,0.303520102042,1.0,-0.0189,-0.02484,0.946
0.458384060934,0.49856920143,-0.124144046202,-1.43303102754,0.0749766800897,1.92249237637,0.1489086003,-0.0195483587628,-0.091316236837,-0.00659237021345,-0.155291689727,-0.00748061209802,0.05998790723,-0.0200855205563,0.573916398787,0.818898830278,0.00232806224301,0.0,0.818858452418,-0.57385409729,-0.0119606366241,0.0,-0.00845874614108,0.00877092781151,-0.999925757464,0.0,0.65245601088,0.249084056439,0.303525919165,1.0,-0.01924,-0.0252868571429,0.963
0.458131033509,0.496885365175,-0.12414186981,-1.43569729978,0.0748141068853,1.92344342007,0.148509457196,-0.0158978205301,-0.0999388579401,0.00124220150096,-0.153688182297,-0.0114494580289,0.0514891837308,-0.0279006476317,0.573886362171,0.818919948993,0.00230377009903,0.0,0.81887911514,-0.57382401914,-0.0119890261263,0.0,-0.00849625762568,0.00876701660199,-0.999925473736,0.0,0.652116798795,0.248664621465,0.303513047299,1.0,-0.01958,-0.0257337142857,0.98
0.457871118719,0.495317991706,-0.124141949527,-1.43825245016,0.0746639117029,1.92432311757,0.148146642789,-0.0139306201095,-0.0938589599838,-5.785018343e-05,-0.163720657475,-0.0126172216988,0.0492438085919,-0.0241169561151,0.57389053823,0.818917262254,0.00221689264149,0.0,0.818875053514,-0.573828308528,-0.0120609272016,0.0,-0.00860495140146,0.00873717830145,-0.999924805436,0.0,0.651787498576,0.248248357117,0.303465289275,1.0,-0.0199,-0.0261542857143,0.996
0.457574351051,0.493459559674,-0.124177676187,-1.44119499158,0.0744772971786,1.92538722427,0.147723797011,-0.0219012196804,-0.128017543931,-0.0028142017216,-0.191115304679,-0.0141405795387,0.0656729497139,-0.0217615314437,0.573910540539,0.818903318906,0.00218921080832,0.0,0.818860853687,-0.573848531601,-0.0120628346363,0.0,-0.00862218591515,0.00871581478439,-0.999924843417,0.0,0.651426562708,0.247751823945,0.303452192375,1.0,-0.0293674285714,-0.0385971918367,1.013
0.45725989231,0.490726489141,-0.124251059503,-1.4453347655,0.0742572136267,1.92697410486,0.147108165274,-0.0208458667904,-0.182197677846,-0.00158747393411,-0.293850448211,-0.0170815361329,0.117730140232,-0.0457749489202,0.573865688821,0.818934318938,0.00234507152719,0.0,0.818893939849,-0.57380309358,-0.0119779788809,0.0,-0.00846373163314,0.00879428528052,-0.999925510122,0.0,0.65091477872,0.247121217572,0.303523153679,1.0,-0.041884,-0.0550475428571,1.029
0.456645237915,0.48631527534,-0.124299358961,-1.45236869868,0.0738820834576,1.92964736463,0.146056773397,-0.0373372497348,-0.260454786916,-0.00913611375701,-0.411518904568,-0.0266067795675,0.161969268542,-0.0599292738038,0.573793226918,0.818984918099,0.00240490542447,0.0,0.818944947956,-0.573730011157,-0.011991389265,0.0,-0.00844116305761,0.00885023348369,-0.99992520727,0.0,0.65003050746,0.246038047339,0.303474438927,1.0,-0.0567474285714,-0.0745823346939,1.048
0.455959879322,0.481812368727,-0.124422749458,-1.45950548355,0.0734444466008,1.93218686114,0.144949270649,-0.0491588409811,-0.312223361049,-0.00333920578653,-0.513653642647,-0.0335143802674,0.169861897093,-0.0774656541294,0.573769504152,0.819001828705,0.00230381933245,0.0,0.818960692294,-0.57370686331,-0.0120235755959,0.0,-0.00852577758541,0.00878566763454,-0.999925058772,0.0,0.649125362417,0.244836171023,0.303426381649,1.0,-0.0684817142857,-0.0900045387755,1.063
0.454927783634,0.475183927931,-0.124601430738,-1.46994736632,0.0728235646979,1.93581033388,0.143434420261,-0.0607101554942,-0.396370201422,-0.00831646257329,-0.610768851585,-0.0330712648658,0.215294717911,-0.0936501283673,0.573842974226,0.818950824739,0.00212943452362,0.0,0.818907283163,-0.573780933453,-0.0121263716519,0.0,-0.00870924081663,0.00870261016793,-0.999924203978,0.0,0.647773140269,0.24305916392,0.303367272514,1.0,-0.0825628571429,-0.108511183673,1.081
0.453758543684,0.467789983839,-0.12473904291,-1.4812602605,0.0721795455924,1.93996694974,0.141716486907,-0.070170107816,-0.461004998856,-0.00915830343324,-0.68664270923,-0.040321270618,0.261900572042,-0.106774113236,0.573862504633,0.818936555366,0.00234328037669,0.0,0.818895586237,-0.573799329055,-0.0120455684234,0.0,-0.00852014764339,0.0088315720581,-0.999924702375,0.0,0.646336821118,0.241158729315,0.303456056996,1.0,-0.0958617142857,-0.125989681633,1.098
0.452453441859,0.45994396302,-0.124812787837,-1.49338158665,0.0714055562591,1.94434051217,0.139789226685,-0.0883214606637,-0.503933505814,-0.0028674206252,-0.81140126951,-0.0469016478197,0.277238802653,-0.116385190993,0.573766107852,0.819003889231,0.00241449916465,0.0,0.818963802005,-0.573702602605,-0.0120150601653,0.0,-0.00845533934143,0.00887139252425,-0.999924899996,0.0,0.644755245345,0.239116305797,0.30347531525,1.0,-0.108378285714,-0.142440032653,1.114
0.450798993819,0.450516683758,-0.12497501899,-1.50786007361,0.0704507699288,1.94934993883,0.13752274256,-0.10260861838,-0.589713598075,-0.0142709159194,-0.863627544444,-0.063987659196,0.319421336143,-0.136787245082,0.573788119103,0.818988664633,0.00234701506916,0.0,0.818947795862,-0.573724991249,-0.01203698345,0.0,-0.00851177567994,0.00882893089546,-0.999924796999,0.0,0.642830780375,0.236559135902,0.30350057218,1.0,-0.121677142857,-0.159918530612,1.131
0.448841829029,0.439446607514,-0.125107561344,-1.52477912457,0.0693287351018,1.95529640776,0.134909614364,-0.117203334432,-0.632417675363,-0.0116058661653,-0.978887863376,-0.0596755062967,0.323154575963,-0.155999568643,0.5737996666,0.818980414066,0.00240226720214,0.0,0.818940279515,-0.573736324479,-0.01200814149,0.0,-0.00845632754516,0.00885775149658,-0.99992501257,0.0,0.640547866168,0.233603281673,0.303546040708,1.0,-0.135758285714,-0.17842517551,1.149
0.446991957261,0.429310286208,-0.125232116302,-1.53998180956,0.0683116004067,1.96061863805,0.132406440672,-0.127680389056,-0.689981155335,-0.0154141759743,-1.05141356667,-0.0642447577004,0.359859528574,-0.165986646264,0.573740454318,0.819021291291,0.00260045984388,0.0,0.818983803154,-0.573676402727,-0.0119021858464,0.0,-0.00825648013525,0.00895867248999,-0.999925783607,0.0,0.638476563822,0.23089370011,0.303687976319,1.0,-0.147492571429,-0.193847379592,1.164
0.444465180888,0.416315343579,-0.125395101403,-1.55949962174,0.0669379562558,1.96742485758,0.129162247551,-0.147791124087,-0.737773752082,-0.0168623913715,-1.10256637805,-0.0745817126242,0.396003537822,-0.182157754569,0.573719118687,0.819035628059,0.00278562817394,0.0,0.819001022437,-0.573654906747,-0.0117524513968,0.0,-0.00802784170153,0.00902421212444,-0.999927056016,0.0,0.635789253383,0.227317015784,0.303818760622,1.0,-0.161573714286,-0.21235402449,1.182
0.441626152145,0.402379072635,-0.125540720845,-1.58055089585,0.0654744111166,1.97465967608,0.125611377503,-0.160581933294,-0.773428901275,-0.0137881020408,-1.19865217646,-0.0676454678885,0.396517385001,-0.205162048599,0.573697084167,0.819050817691,0.00285666932002,0.0,0.819016999494,-0.573632470347,-0.0117341554735,0.0,-0.00797234484879,0.00907168617338,-0.999927070454,0.0,0.632808358757,0.223418355185,0.303850243733,1.0,-0.175654857143,-0.230860669388,1.2
0.438803400552,0.389081025497,-0.1256994146,-1.6002482244,0.0640646970895,1.98146400881,0.122240120795,-0.18244888453,-0.805246783202,-0.00796215693893,-1.26914156549,-0.0969339510596,0.423421650336,-0.221291704727,0.573745245922,0.819015981765,0.00315615234639,0.0,0.818986382475,-0.573680021302,-0.011544928747,0.0,-0.00764500679689,0.00920887107512,-0.999928372717,0.0,0.63000354675,0.2196701178,0.304011264512,1.0,-0.188171428571,-0.247311020408,1.216
0.435529166736,0.374196163739,-0.125863227636,-1.62243423852,0.0623876089429,1.98882262244,0.118221322895,-0.197211422771,-0.885944212966,-0.0119492184757,-1.33014086378,-0.100484331182,0.437727166122,-0.234220313308,0.573616734247,0.819106068447,0.00313651515266,0.0,0.819076445711,-0.573551865624,-0.0115230387406,0.0,-0.00763978393149,0.0091790302589,-0.99992868701,0.0,0.626716762063,0.215388638231,0.304051022418,1.0,-0.201470285714,-0.264789518367,1.233
0.43208266024,0.359473706232,-0.126032476754,-1.64423109497,0.0607200241099,1.99606262655,0.114341899667,-0.2194852276,-0.930197166558,-0.00834667612601,-1.39166787057,-0.105228419315,0.46856412223,-0.252334633283,0.57369612887,0.819050187355,0.00320768061349,0.0,0.819021797742,-0.573631411212,-0.011447523554,0.0,-0.00753621505007,0.00919473731789,-0.999929328637,0.0,0.623455815047,0.211059989267,0.304101548723,1.0,-0.213986857143,-0.281239869388,1.249
0.42799909027,0.343119744897,-0.126284326145,-1.66836571805,0.0588744917587,2.00384771617,0.109774495004,-0.250189722394,-0.992715186461,-0.0204694653366,-1.43556774357,-0.110398795903,0.483238473163,-0.27388582748,0.573784297472,0.818988624959,0.00315579836227,0.0,0.818959488971,-0.573719633187,-0.0114841116675,0.0,-0.00759495957112,0.00917405058817,-0.999929074177,0.0,0.619765034391,0.20608506502,0.304108729256,1.0,-0.227285714286,-0.298718367347,1.266
0.423635010351,0.326073716073,-0.126430069398,-1.69336958233,0.0569388461118,2.01187004849,0.104952736902,-0.265661156389,-1.03985350926,-0.00819788535875,-1.49002201761,-0.120571302631,0.49821526697,-0.291063505384,0.573764171432,0.819002633497,0.00317943514644,0.0,0.818973307618,-0.573698837548,-0.011537421984,0.0,-0.00762528755153,0.00922380947029,-0.9999283856,0.0,0.61582526691,0.200955111377,0.304103730237,1.0,-0.240584571429,-0.316196865306,1.283
0.418950063922,0.308285782151,-0.126605867594,-1.71918638684,0.0548128341177,2.02000488217,0.0997909937111,-0.288729153628,-1.07952729377,-0.0194811125585,-1.51493916815,-0.123912374866,0.506150460151,-0.313910206233,0.573658500378,0.819076606062,0.00319143359003,0.0,0.819047536432,-0.573593265447,-0.0115171957919,0.0,-0.00760302720804,0.00922105061993,-0.999928580551,0.0,0.611655158827,0.195558275465,0.304126932052,1.0,-0.253883428571,-0.333675363265,1.3
0.413787901002,0.289713290123,-0.126798587168,-1.74581559549,0.0525475249412,2.02820117738,0.0942767405884,-0.308412763567,-1.13967482342,-0.0159195424574,-1.57125495736,-0.128306306062,0.504746437875,-0.330476133163,0.57358565568,0.819127498214,0.00322244778837,0.0,0.819099017014,-0.573520563357,-0.0114765253773,0.0,-0.00755274286319,0.00922245171004,-0.999928948706,0.0,0.607257294757,0.189822844927,0.304189293555,1.0,-0.267182285714,-0.351153861224,1.317
0.40849763807,0.271737214474,-0.12698551721,-1.77144072824,0.0504212254098,2.03596553562,0.0887394588699,-0.343087695416,-1.14463487798,-0.0163469212809,-1.569886417,-0.130254097501,0.503609750508,-0.360911586656,0.573553410156,0.819149783257,0.00329623868558,0.0,0.81912163144,-0.573487330067,-0.0115231098445,0.0,-0.00754894714915,0.00930931858991,-0.999928172413,0.0,0.602933759754,0.184170584016,0.304217246504,1.0,-0.279698857143,-0.367604212245,1.333
0.402350400776,0.251935429603,-0.127295962915,-1.7993133882,0.0479024760975,2.04432182294,0.0825804949997,-0.370514092773,-1.19346382744,-0.0145952291917,-1.62118137837,-0.154637169801,0.517056969828,-0.368042407046,0.573671206816,0.819066826895,0.00340975836175,0.0,0.819040931354,-0.573605764028,-0.0113634123923,0.0,-0.00735167862323,0.00931177344545,-0.999929619372,0.0,0.598173118602,0.177766713536,0.304297344924,1.0,-0.292997714286,-0.385082710204,1.35
0.395774723064,0.231550592363,-0.127520809161,-1.82785189842,0.0453177308123,2.05260676036,0.0759443338293,-0.396469481723,-1.22884038654,-0.0154600006757,-1.68569413086,-0.160570741164,0.498163219062,-0.399079964346,0.573604447174,0.819113308362,0.00347464345452,0.0,0.819088080341,-0.573538616368,-0.0113542538336,0.0,-0.00730771891858,0.00935906972142,-0.999929500044,0.0,0.592815287032,0.170774800659,0.304333113043,1.0,-0.307078857143,-0.403589355102,1.368
0.389175777907,0.211754175036,-0.127726099961,-1.85519819653,0.0427622340665,2.06030270068,0.0693271107248,-0.416905021607,-1.27633607669,-0.014328659713,-1.72791331998,-0.178373413376,0.486778937606,-0.431052997851,0.573462042883,0.819212893777,0.00350241968759,0.0,0.819187887336,-0.573395978647,-0.0113579845945,0.0,-0.00729647454248,0.00938269347895,-0.999929360766,0.0,0.588138485868,0.164750126791,0.304354853468,1.0,-0.318813142857,-0.419011559184,1.383
0.381064202884,0.188888895126,-0.128044259691,-1.88658271302,0.0397343244182,2.06874186758,0.0614133589882,-0.46661952415,-1.29655770791,-0.0188940458536,-1.77733855154,-0.176154510119,0.456955729094,-0.459503717556,0.573421800297,0.819241661478,0.00335945588896,0.0,0.819214345455,-0.573355568101,-0.0114889350905,0.0,-0.00748619566488,0.00934030012996,-0.999928355267,0.0,0.582263491749,0.157105585455,0.304324705851,1.0,-0.332894285714,-0.437518204082,1.401
