position_joint1,position_joint2,position_joint3,position_joint4,position_joint5,position_joint6,position_joint7,velocity_joint1,velocity_joint2,velocity_joint3,velocity_joint4,velocity_joint5,velocity_joint6,velocity_joint7,ee_T_00,ee_T_10,ee_T_20,ee_T_30,ee_T_01,ee_T_11,ee_T_21,ee_T_31,ee_T_02,ee_T_12,ee_T_22,ee_T_32,ee_T_03,ee_T_13,ee_T_23,ee_T_33,v_x,v_y,w_z,time
0.4651010813435295,0.5472804018438697,-0.12400134554273946,-1.3555756363283122,0.0794315017249437,1.8941698102392728,0.15914684731561007,-0.00029179297907717705,-6.23403074137444e-05,0.0004381993502009054,2.6209733745701126e-05,2.811803570756761e-05,-0.00019926473198441839,0.002399672942091029,0.5737493532290464,0.8190150202125132,0.0026121326068270006,0.0,0.818981483553764,-0.573689422189786,-0.011424682263998918,0.0,-0.007858584831587134,0.008694359690761114,-0.9999313230187423,0.0,0.6617627633974082,0.26093202066839044,0.30369799875689935,1.0,5e-324,6.9068841000128e-310,6.9066719004338e-310,0.0
0.4651042316130439,0.5472857003509436,-0.12400144944080053,-1.3555756363283122,0.07943215101753952,1.8941689964930186,0.15914252227213635,-0.00047470026518117985,-0.0002488293164737684,0.0006733048528758793,0.0002616091713183739,-0.00011305687408181589,0.00018106583713294792,-0.005453775879568403,0.5737486550136469,0.8190155037647537,0.0026138791491571263,0.0,0.8189819738592466,-0.5736887010021521,-0.01142574887190716,0.0,-0.00785846383433858,0.008696395385346084,-0.9999313062673186,0.0,0.6617623435948806,0.2609335992521829,0.3036980489348281,1.0,-0.00012,-0.00015771428571428574,-6e-05,0.007
0.4651035104704778,0.5472772429214552,-0.12400216909562307,-1.3555756363283122,0.07943460351955413,1.8941689960085049,0.1591429822457513,0.0009629570939448682,0.0006023740393187912,-0.0012992730078144011,0.0010261480541039452,-0.00031486693375885395,-0.0002931371157424223,0.0007542401456949876,0.5737455820027956,0.8190176503535093,0.0026158063572032236,0.0,0.8189841376982391,-0.5736856137630874,-0.011425658018227116,0.0,-0.007857316386002067,0.008697892184649836,-0.9999313022656878,0.0,0.6617620648526242,0.2609336403312568,0.30370019898177786,1.0,-0.0003800000000000002,-0.0004994285714285718,-0.0001900000000000001,0.02000000000000001
0.4651055895724498,0.5472799442541405,-0.1240042471621356,-1.3555763865359076,0.07943105501587854,1.8941699534639898,0.1591453345615433,-0.0012774930493967866,0.0021402748583740925,-0.0004602224799627978,5.948206457730232e-05,0.000231152365285232,-0.0002966227467400532,9.260680161250566e-05,0.5737463726169877,0.8190171115617435,0.002611087726547945,0.0,0.8189835778165274,-0.5736864634244874,-0.011423127923324651,0.0,-0.00785794284297714,0.008692583537397977,-0.9999313435060039,0.0,0.6617621472240865,0.2609331790338967,0.3036980734071453,1.0,-0.0006600000000000004,-0.0008674285714285722,-0.0003300000000000002,0.03400000000000002
0.4651007584461477,0.5472284709558042,-0.12400731531872164,-1.3556149407278262,0.07942998975363096,1.894172672401071,0.15914446814526045,0.00023721176245235985,-0.0038426122772564535,-0.00021407224534494634,-0.005754961032869211,6.45869155990749e-05,-0.0004328831461016348,0.000903706296940955,0.5737535053522576,0.8190120686830376,0.002625518755718279,0.0,0.8189787120682783,-0.5736935391764109,-0.01141661891439624,0.0,-0.007844256553550033,0.008700736606616383,-0.999931380056464,0.0,0.661757230678982,0.26092431574280855,0.30371652042972314,1.0,-0.0010000000000000007,-0.0013142857142857153,-0.0005000000000000003,0.05100000000000004
0.4651002649480101,0.5470989328709143,-0.12400453428322805,-1.3557594105310862,0.07943043628739756,1.894201990706529,0.15913947246470933,-0.0021315212121011617,-0.00649769586724974,-0.00014452094571653607,-0.009437608944248185,-0.00022265758644682921,0.001727962175959441,-0.001756890754135667,0.5737558438876694,0.8190103666518275,0.0026453398261086216,0.0,0.818977148255612,-0.5736956837724153,-0.011421031355120462,0.0,-0.00783647391375586,0.00871952422803951,-0.9999312774255218,0.0,0.6617328395635416,0.2609122094748264,0.30374196535001974,1.0,-0.001340000000000001,-0.0017611428571428587,-0.0006700000000000005,0.06800000000000005
0.4650903573942601,0.546975075405675,-0.1240045332631633,-1.3559449708941058,0.07942646883506338,1.8942468848219236,0.15914286343610182,-0.004262662796933043,-0.003514039705183901,-0.0005867325829896966,-0.012257116941918663,-0.00016309408311339897,0.0013466928850538159,0.0011040156973992125,0.5737759130654584,0.8189963378404316,0.002635733497460482,0.0,0.8189629075975154,-0.5737156835153355,-0.011437542094484526,0.0,-0.007855294682983183,0.008721322039694737,-0.9999311140710261,0.0,0.6617053319044595,0.2608876550246511,0.30374525598849544,1.0,-0.0016600000000000013,-0.0021817142857142877,-0.0008300000000000007,0.08400000000000006
0.4650677665628348,0.5468067680417213,-0.12400416243067189,-1.356165509781437,0.07941953995714471,1.8943493863201297,0.15913218170187765,0.0005153801223941657,-0.013621439778191895,0.0008557359899965457,-0.016153025819050388,0.0002242787610552904,0.0013496917100352906,-0.0010571544751716891,0.5737959897503234,0.8189821227006001,0.002681742805367665,0.0,0.8189492584829351,-0.5737355803587402,-0.011416775458889677,0.0,-0.007811674133840818,0.008747279668328181,-0.9999312290580942,0.0,0.6616858480749618,0.260854793973203,0.30376837240395155,1.0,-0.0020000000000000013,-0.0026285714285714306,-0.0010000000000000007,0.10100000000000008
0.4650377505018492,0.5466066604271961,-0.1239995268730599,-1.356398937228092,0.07941737881315984,1.8944737383747623,0.15913765373948216,-0.0001914980274193777,-0.013916507233206818,-0.00015062036580669322,-0.01385077520582607,0.00011807134702904497,0.007475746236268502,0.0013360579704543999,0.5738344233161313,0.8189549126277339,0.002766333593788586,0.0,0.8189230710480865,-0.5737736683867413,-0.01138104004038491,0.0,-0.007733458170830931,0.008796416308753122,-0.9999314059898525,0.0,0.6616692805396454,0.26082063427837443,0.30380964202085015,1.0,-0.002340000000000002,-0.0030754285714285744,-0.001170000000000001,0.11800000000000009
0.4650041426556493,0.546383876848782,-0.12400478371245031,-1.3566751535885728,0.07940459677417663,1.8945990636994146,0.15912701637156185,0.0007084416105399209,-0.01434469590653004,-0.0007907437341105119,-0.017466015261060737,-0.0002932713142082845,0.0062660097484099914,0.0015526078192583635,0.5738690122204448,0.8189304636447972,0.002828326158130845,0.0,0.8188994456123531,-0.5738080928934424,-0.011345369406934216,0.0,-0.007668299828298641,0.00882704060562245,-0.9999316379292588,0.0,0.6616474843970419,0.26077193260808845,0.3038469824433755,1.0,-0.002680000000000002,-0.0035222857142857174,-0.001340000000000001,0.1350000000000001
0.4649669107987665,0.54615155070389,-0.12400770325903647,-1.357034887790093,0.07939140977482176,1.8947296559908084,0.1591166207335352,0.0003509749092924198,-0.011162115741204643,0.0012349128135699901,-0.019675134804501056,-0.00034196040886043453,0.009762455163314218,-0.002906651819236293,0.5738977953366913,0.818910293033435,0.0028283162460076222,0.0,0.8188791803953532,-0.5738367637517571,-0.01135796562564419,0.0,-0.007678310948563638,0.008834530813591313,-0.9999314949566701,0.0,0.6616014471859436,0.2607174712682591,0.3038459649784184,1.0,-0.0030200000000000023,-0.003969142857142861,-0.0015100000000000011,0.1520000000000001
0.46492506354797725,0.5458554035250447,-0.12400773061837399,-1.3575059468906152,0.07935912947037309,1.8948898873065343,0.15910259763163126,-0.0021896260488183227,-0.018936219908011073,0.005515042167236303,-0.02862477246426279,9.73175730681554e-05,0.011400494230125957,0.0009195700924791924,0.5739501615978938,0.8188736220042608,0.0028195901444728454,0.0,0.8188424490772587,-0.5738892098359664,-0.011356290072693754,0.0,-0.0076813819146898665,0.0088269145671276,-0.9999315386320731,0.0,0.661552671381507,0.2606386077533699,0.30385100442834057,1.0,-0.0033600000000000023,-0.004416000000000004,-0.0016800000000000012,0.16900000000000012
0.4648841828404679,0.5455752549568953,-0.1240084178180262,-1.3579618738919765,0.07931468256721569,1.8950498480729407,0.15908256056786801,-0.005824346687611603,-0.01723732859304198,0.00023299398473895747,-0.032114890121292136,-0.0028948189204044527,0.005812924432700558,-0.007026431443158339,0.5739813858091579,0.8188518170670039,0.0027959491900233814,0.0,0.8188204696043567,-0.5739206507816906,-0.0113521832450842,0.0,-0.007691250979638964,0.008805491832741999,-0.9999316516502275,0.0,0.6615006249327772,0.2605643855190642,0.3038461608564026,1.0,-0.0036800000000000027,-0.004836571428571433,-0.0018400000000000014,0.18500000000000014
0.4648355889065786,0.5452345421824812,-0.12401089727850038,-1.3585186031876153,0.07928037708394062,1.8952340438745228,0.1590078028730385,-0.007682249861388678,-0.019455431351309088,-0.0004451862992406493,-0.03497296649381737,-0.0038928239676670664,0.012610053527016666,-0.004481991374167847,0.5739836015374533,0.8188503587229438,0.0027680474361301867,0.0,0.8188186377146613,-0.5739229350571827,-0.011368819097139746,0.0,-0.007720864337591615,0.008792213838747356,-0.9999315402714799,0.0,0.6614336763908839,0.26047614252388085,0.3038383719797303,1.0,-0.004020000000000003,-0.005283428571428576,-0.0020100000000000014,0.20200000000000015
0.46478161289864844,0.5448834996376632,-0.12401152967981761,-1.3591021013022666,0.07925696585678325,1.8954228196945564,0.15893104689748083,-0.002449452507625102,-0.021992924656433897,0.0016808112214883927,-0.03447092091997368,-0.0013672532452671414,0.022829527118130546,-0.0016363928444475529,0.5739871012567723,0.8188479609840128,0.002751596696608332,0.0,0.8188158588187822,-0.5739262928840417,-0.01139941158348078,0.0,-0.007755320553907208,0.008796335579809175,-0.9999312373775876,0.0,0.6613583390720005,0.26038375343808073,0.3038309085622448,1.0,-0.004360000000000004,-0.00573028571428572,-0.002180000000000002,0.21900000000000017
0.464719927462198,0.5444576866968078,-0.12401232781385522,-1.3598458133584037,0.07922027230311873,1.895666073145209,0.1589200747877858,-0.0006405254518047485,-0.0208409937999891,0.0003153353510881263,-0.04122646854610558,-0.007993002987770888,0.008809053408467177,-0.00020591837658464953,0.5740653986552783,0.8187933195798962,0.002676710536979184,0.0,0.8187601835285153,-0.5740047406262765,-0.011448428194348796,0.0,-0.007837602885855277,0.008763899238092857,-0.9999308806368309,0.0,0.6612692266301923,0.2602710709780144,0.3037939336153491,1.0,-0.004700000000000004,-0.006177142857142863,-0.002350000000000002,0.23600000000000018
0.4646676690865911,0.5440115545942962,-0.12402095308183045,-1.3605854150954604,0.07918222217221528,1.8959070183732665,0.1588864364102617,-0.0009926650007512788,-0.02692837049493982,-0.0012324067518882302,-0.04543127952251907,-0.0019384804278664348,0.019251909068687855,-0.003046289050731823,0.5741176639241596,0.8187568150354869,0.0026330029280780196,0.0,0.818723056653629,-0.5740570762432637,-0.011479399809316932,0.0,-0.007887494722478017,0.00874639480243361,-0.9999306415971875,0.0,0.6611767109861517,0.2601597777336016,0.30377873747594586,1.0,-0.005040000000000004,-0.006624000000000006,-0.002520000000000002,0.25300000000000017
0.46459797781132905,0.5435657831885635,-0.12401271296115916,-1.3612950259393206,0.07915136584880918,1.8961715885276857,0.15882168568686933,-0.001508995690993407,-0.02656507683674566,0.0014741939790147548,-0.043001344173165285,0.0003737534169438225,0.02327100882115148,-5.0306935765276426e-05,0.5741473074496778,0.8187360013446622,0.0026412784114422027,0.0,0.818702210960283,-0.5740865349369656,-0.011492914078717578,0.0,-0.007893492119761925,0.00876121482879022,-0.9999304645308489,0.0,0.6610959660911943,0.2600530577023049,0.30377903397417616,1.0,-0.005360000000000004,-0.007044571428571435,-0.002680000000000002,0.2690000000000002
0.46454128910052994,0.543089165847874,-0.12401868450042208,-1.362074703471375,0.07910508396309998,1.8964489288210238,0.15878230547236905,-0.0007409454475711284,-0.025777093905515677,-0.00045361361303452766,-0.04903196106146419,-0.0013927330267406342,0.018391851742744027,-0.003965093346059135,0.5742010235829259,0.8186984296402698,0.002610119170644392,0.0,0.8186642496135644,-0.5741403614703838,-0.011508198665515683,0.0,-0.007923321959831697,0.008744999073903498,-0.9999303705560295,0.0,0.6609988239444761,0.2599260511507121,0.303767292992513,1.0,-0.005700000000000004,-0.007491428571428578,-0.002850000000000002,0.2860000000000002
0.4644694118390141,0.5425218503454224,-0.12403210581327435,-1.3629986860500884,0.07904477535326093,1.8967576156408452,0.15871155798357295,-0.005814444388877929,-0.039595670866229636,-0.002327768468225866,-0.0516300001902896,-0.00332484488833914,0.01286899837831314,-0.003448293200048524,0.5742422392898671,0.8186696476116156,0.0025701354128691593,0.0,0.8186349955883775,-0.5741817545586624,-0.011524045780950305,0.0,-0.007958814869585107,0.008721764568302398,-0.999930291614714,0.0,0.6608919774201923,0.2597908340178815,0.3037579237466139,1.0,-0.006040000000000005,-0.007938285714285722,-0.0030200000000000023,0.3030000000000002
0.4643949998967357,0.5419947922222924,-0.12402222907440104,-1.3638565515685774,0.07898528378814547,1.8970662221180394,0.15862324919964885,-0.007165422195903916,-0.0314362414176542,0.0015103140391143355,-0.05746371172338531,-0.0035227916036248046,0.019984650845283676,-0.0030288192409689326,0.5742656904720902,0.8186532661237549,0.0025482371809595217,0.0,0.8186183324715397,-0.5742052781187033,-0.011535650105082283,0.0,-0.007980640048232512,0.008710729452993268,-0.9999302138533556,0.0,0.6607862303012307,0.25965133889607145,0.30374795194141907,1.0,-0.006380000000000005,-0.008385142857142865,-0.0031900000000000023,0.32000000000000023
0.46430860482855507,0.5413527894571551,-0.12403257753273488,-1.364855987640698,0.07893695661109876,1.8974249506540408,0.15858679783310944,-0.005250794710416437,-0.03147078607892338,0.005196027560081948,-0.050108877130464594,0.0006040634557142625,0.02119473653873992,-0.001555187174134137,0.5743464150412042,0.818596619951946,0.002552691476501702,0.0,0.8185616761868947,-0.5742859037522444,-0.011542527053356982,0.0,-0.007982852594648204,0.008719112317335784,-0.9999301231310366,0.0,0.6606756587565,0.25950701640116086,0.3037583517788863,1.0,-0.006720000000000005,-0.008832000000000008,-0.0033600000000000023,0.33700000000000024
0.46421060110107776,0.5407471544511913,-0.12403577988979138,-1.3657874975048805,0.07888341765203212,1.8977655817752226,0.15849795641359654,-0.006181117332619386,-0.0401822730345043,-0.0013628452875664747,-0.05633104081897372,-0.0015055293458809947,0.025526930854486516,-0.007664601169148811,0.5743934873506903,0.8185635504547253,0.0025656299957415264,0.0,0.8185287576555039,-0.5743329086964493,-0.011538187917600758,0.0,-0.00797136780308394,0.008727669963408277,-0.9999301400959759,0.0,0.6605737775151035,0.25935224355312403,0.30377271179630105,1.0,-0.0070400000000000055,-0.009252571428571438,-0.0035200000000000027,0.35300000000000026
0.46411921361596126,0.5400535502662897,-0.12403959406004869,-1.3668345243208442,0.07882031131519181,1.898160816106694,0.15844102103633123,-0.006929189220749705,-0.037615504279628495,-0.000160493578567395,-0.060396298949233186,-0.0034765079521432932,0.024532815044373078,-0.00037969441622158647,0.5744655092250569,0.8185129009187193,0.0025993540787937544,0.0,0.8184785706285141,-0.5744048378843993,-0.01151774882993416,0.0,-0.007934497212267633,0.00874423341127259,-0.9999302886381819,0.0,0.6604572239658518,0.2591910958586147,0.30379892148298754,1.0,-0.0073800000000000055,-0.009699428571428581,-0.0036900000000000027,0.3700000000000003
0.46401040657339815,0.5393328952405606,-0.12404037664548402,-1.3679624731958069,0.07874775602759963,1.898574571900224,0.15834716392974865,-0.004567617930953635,-0.04119576655195925,0.0005665720298347816,-0.06604481573924564,-0.0028009536606906343,0.023920038693167466,-0.0046482545346192925,0.5745212916037108,0.8184737417122938,0.002601254060946222,0.0,0.8184394671299398,-0.5744606413942908,-0.011513341570924446,0.0,-0.007929202340601571,0.008743797202703962,-0.9999303344537157,0.0,0.6603305268979051,0.25901069420797246,0.3038071115328352,1.0,-0.0077200000000000055,-0.010146285714285724,-0.0038600000000000028,0.3870000000000003
0.4639092779583041,0.5385960619359559,-0.12404997163112728,-1.3691140225532321,0.07869752201463434,1.8990155520836542,0.158247785669255,-0.005455097109562116,-0.04330879024597375,2.5516727561104846e-05,-0.06246221755734088,-0.002589447079576404,0.024399198469118987,-0.0013201558629897699,0.5745797674406603,0.8184325992238952,0.0026302617101286166,0.0,0.8183985953608326,-0.5745188987569472,-0.011511775872097244,0.0,-0.00791062989167668,0.008767204788279193,-0.9999302765967821,0.0,0.660202790184017,0.25883312566208316,0.30381807836959496,1.0,-0.008060000000000006,-0.010593142857142867,-0.004030000000000003,0.4040000000000003
0.4638070315358016,0.537867999993425,-0.12406558981298357,-1.3702412449157773,0.07862565834985652,1.8994552053561145,0.15819098023471675,-0.005651148635827769,-0.045481494266484096,-0.0038568342577832843,-0.07116805574027735,-0.0016143123510983862,0.026833594768236515,-0.008358423229553333,0.5746710285442025,0.8183684367163079,0.0026566218517897573,0.0,0.8183349037226844,-0.5746102069607449,-0.011482260531930244,0.0,-0.007870349098020424,0.008772697758825401,-0.9999305462776441,0.0,0.660082825430482,0.25865052216491186,0.3038343502526078,1.0,-0.008380000000000007,-0.011013714285714297,-0.004190000000000004,0.4200000000000003
0.4636971726106302,0.5370150124056208,-0.1240684424566837,-1.3715648558604498,0.07854310928003305,1.899960078795555,0.1580690664354412,-0.007882079046860665,-0.0474782945234496,0.0010799156189788793,-0.07414340442758371,-0.004913902678198759,0.02615833890863329,-0.009334711601848128,0.5747140907545992,0.8183381129338079,0.002682109106103901,0.0,0.8183049543265065,-0.5746532319876743,-0.011463489522074266,0.0,-0.007839878658722932,0.008783181230578793,-0.9999306936133558,0.0,0.6599330679075391,0.25845133835346534,0.3038504557771532,1.0,-0.008740000000000006,-0.011486857142857153,-0.004370000000000003,0.43800000000000033
0.4636088634896357,0.5362942702159107,-0.12407716506623824,-1.3727333432567155,0.0784739800782151,1.9003894449699354,0.15799432653603215,-0.00739840078540336,-0.04912584123159644,0.0007493015670539614,-0.08226325190502665,-0.0016536218583700843,0.0270834345147071,-0.0027787944822315032,0.5747853238471359,0.8182881637333188,0.0026569691576328776,0.0,0.8182547040521138,-0.5747245637334104,-0.011474408012492159,0.0,-0.007862498199950052,0.008769567678521842,-0.9999306354966766,0.0,0.6597877965876422,0.25826074676065575,0.30383539151280753,1.0,-0.009060000000000007,-0.011907428571428583,-0.004530000000000004,0.45400000000000035
0.46348685510298704,0.5353775734883245,-0.12408792548648673,-1.3741614529108892,0.0783952905100084,1.9009141150221827,0.15788097292044842,-0.006424376886766298,-0.05345095187299618,-3.7426538511959435e-05,-0.08299546292843775,-0.0010397448490533693,0.03649891035822976,-0.0025871183073581435,0.5748491571988216,0.8182432633840541,0.0026749384341252054,0.0,0.8182100010332444,-0.5747882923047917,-0.01146996685819348,0.0,-0.007847850913832888,0.008782331247571495,-0.9999306385414402,0.0,0.6596312378843453,0.25805534805072317,0.30385355627340155,1.0,-0.009400000000000007,-0.012354285714285726,-0.004700000000000004,0.47100000000000036
0.4633897780023186,0.5345908910861447,-0.12408770207883686,-1.375409613970057,0.07832971958204692,1.901360352072233,0.15779701098666468,-0.010293106300330793,-0.05045889100988387,-0.0007811135627776355,-0.08170751685242852,-0.003308151759581552,0.025373619430462718,-0.008740452354147707,0.5749209096490725,0.8181928847794937,0.002664178241300566,0.0,0.8181593894803886,-0.5748599656745692,-0.011488262310691185,0.0,-0.007868236556678676,0.008784733794666724,-0.9999304572347244,0.0,0.659471075218946,0.25785985306077136,0.303851775739133,1.0,-0.009720000000000008,-0.012774857142857155,-0.004860000000000004,0.4870000000000004
0.46326206598714514,0.533688947786623,-0.12409144596627074,-1.376880997524627,0.07824502807570301,1.9018991978835227,0.15769125288472927,-0.00416550162639677,-0.05462995638585763,-0.000331548679507435,-0.08547310153639198,-0.003638360921787678,0.032964028588261876,-0.004725439510984299,0.5749930543429318,0.8181422657874533,0.002639562609002724,0.0,0.818108407539381,-0.5749321319314082,-0.011507566527822317,0.0,-0.00789740924421245,0.008776388161207016,-0.9999303005400293,0.0,0.6592981164673333,0.257631961463412,0.30383761107150353,1.0,-0.010060000000000006,-0.013221714285714297,-0.005030000000000003,0.5040000000000003
0.4631280713994767,0.5326994249070223,-0.12408831687201344,-1.3784565404539846,0.0781555475427379,1.9024911105455233,0.1575701197507672,-0.005220362223953836,-0.06059526645156334,-0.0005744777098686162,-0.08705543482629521,-0.009698973475491784,0.03357439037798973,-0.007092357115306581,0.5750596371157879,0.8180954463916178,0.002645988428992589,0.0,0.8180615975420504,-0.5749986033913294,-0.011514148955847268,0.0,-0.007898385246984385,0.008786073000677685,-0.9999302077803816,0.0,0.6591236538789675,0.2574120625948024,0.30383484007807815,1.0,-0.010400000000000006,-0.01366857142857144,-0.005200000000000003,0.5210000000000004
0.4630154376345621,0.5317979371379455,-0.12409176954144217,-1.3798903799162812,0.07806703226663325,1.9030364421023516,0.1574888135852209,-0.010476186596447525,-0.058977382572367065,-0.0011710329557109832,-0.09128004678000855,-0.0047031937755281005,0.03778582054837963,-0.006902979393483661,0.5751422889512862,0.818037321184897,0.002652453528533087,0.0,0.8180035958999107,-0.5750812682360724,-0.011506472961530984,0.0,-0.007887499837424816,0.008787744912469489,-0.9999302790123259,0.0,0.6589568455882157,0.2572001324285263,0.303835210437718,1.0,-0.010720000000000007,-0.01408914285714287,-0.005360000000000004,0.5370000000000004
0.46287659968027706,0.5308078884816483,-0.12408866764835401,-1.381490849260514,0.0779843644928418,1.903604617183149,0.1573610311709371,-0.005751884808555712,-0.06314727615720471,0.00026602877469200805,-0.09511252669221011,-0.0006902242019550075,0.03232282678951256,-0.006559850464195087,0.5752155356575095,0.8179858903061372,0.002630151997339394,0.0,0.8179516949693311,-0.5751543776112302,-0.01154181582962635,0.0,-0.007928451709357687,0.008790538304251971,-0.999929930590046,0.0,0.658751303313714,0.2569452571513267,0.30382591042653,1.0,-0.011080000000000008,-0.014562285714285727,-0.005540000000000004,0.5550000000000004
0.46274088958916043,0.5297964121682412,-0.12408899271587503,-1.383123211118022,0.07787380722606517,1.904188193708432,0.15723139316875637,-0.00734349829915249,-0.058954302001222904,0.0008940868009448349,-0.09387552781878301,0.0002666704107034222,0.03114425105022023,-0.006257791621675239,0.5752781718203908,0.8179419882069981,0.0025837678262904283,0.0,0.8179072522312183,-0.5752172272257096,-0.011559202029248268,0.0,-0.00796868234688447,0.008763207773198112,-0.999929850685126,0.0,0.6585656236627045,0.25671031873403793,0.303806437094824,1.0,-0.011400000000000007,-0.014982857142857155,-0.005700000000000004,0.5710000000000004
0.4625919981835437,0.5287461847973629,-0.1240999655719008,-1.384798414763964,0.07776341552970094,1.9047942955621704,0.15713082363053169,-0.011248185479755781,-0.0587243542649378,-0.000512260439767818,-0.10292382227555179,-0.010077596959117297,0.0313611469443965,-0.0022983183532878414,0.5753865307260755,0.8178658463819077,0.0025582185647431924,0.0,0.8178308748471479,-0.5753257634041187,-0.011561704520739784,0.0,-0.00798426792665613,0.008744807544966177,-0.9999298874454534,0.0,0.6583694691685467,0.2564441170802949,0.30380156438311634,1.0,-0.011740000000000009,-0.0154297142857143,-0.0058700000000000046,0.5880000000000004
0.46245356642923613,0.5276330145959665,-0.12410144068234387,-1.3865319164276877,0.07766524412418525,1.9054600490136997,0.15699815279274312,-0.008832112685491224,-0.0732252112156538,-1.8756256215312472e-06,-0.10180102138024169,-0.0015766382198285718,0.046144333944485444,-0.0006886879521598337,0.5754598549013488,0.817814131559767,0.0025977912292807657,0.0,0.8177796388281033,-0.5753989086283468,-0.01154578575466584,0.0,-0.007947693529683386,0.008768725793478024,-0.999929969355613,0.0,0.6581672187920011,0.2561902472041409,0.3038178903188694,1.0,-0.01208000000000001,-0.015876571428571445,-0.006040000000000005,0.6050000000000004
0.46230647754811866,0.526512957489228,-0.12410330746368349,-1.3882905059773392,0.07755060790073345,1.906127087087994,0.15688124269690826,-0.006581703438418445,-0.06517472282109234,0.0012283019837936765,-0.10716207667812244,-0.003761654359418229,0.036219570912002286,-0.0009685318794167659,0.5755390380728604,0.8177583390433462,0.002619442773215851,0.0,0.8177241857069337,-0.5754780754278718,-0.01152769330667585,0.0,-0.007919587922253335,0.008776788206027397,-0.9999301216164698,0.0,0.6579745598442353,0.25594468834557355,0.30382865427570105,1.0,-0.012400000000000008,-0.01629714285714287,-0.006200000000000004,0.6210000000000004
0.4621648654175741,0.5254207476368787,-0.1241077450742444,-1.3899904442553888,0.07744293529034939,1.906757295644853,0.15674574397294314,-0.009058720358248288,-0.06556685470457059,-0.0001091345675705819,-0.10822775231727028,-0.006642308998506188,0.03719567804174797,-0.005833500291349072,0.5756207331689571,0.8177008063453497,0.002628640219900979,0.0,0.8176668408538978,-0.575559806441968,-0.011514924129125132,0.0,-0.007902975245982602,0.008777750012828017,-0.9999302446105798,0.0,0.657761151842302,0.25566719963827655,0.3038409253984964,1.0,-0.01274000000000001,-0.016744000000000016,-0.006370000000000005,0.6380000000000005
0.46201528194756436,0.5242556360016402,-0.12412061364301262,-1.3918230173381265,0.07732461709772682,1.907415107739854,0.15661289008924023,-0.006206736047098257,-0.07104247067526279,-0.001189095396006758,-0.10930397194422828,-0.001402810215631521,0.034214927526884854,-0.01503837208237903,0.5757099906597125,0.8176380185210446,0.002612321722547533,0.0,0.8176039168389659,-0.5756491895911127,-0.01151488575215487,0.0,-0.00791137980592943,0.008765247999404771,-0.9999302878186435,0.0,0.6575403829594496,0.2553846260226588,0.30384542814512633,1.0,-0.01308000000000001,-0.01719085714285716,-0.006540000000000005,0.6550000000000005
0.4618503308913759,0.5230918670083103,-0.12412060466470998,-1.3937209823139127,0.07721166936199637,1.90810325562992,0.1564760451758343,-0.010067858135224367,-0.06641615098797427,-0.0003784692641508459,-0.10731147840962997,-0.006378068750149189,0.04456542191070076,-0.012870905137025119,0.5758043307520163,0.817571712986153,0.0025717140817275823,0.0,0.8175370274444179,-0.5757435882900344,-0.011544531236426106,0.0,-0.007957987501036767,0.008750031033460462,-0.9999300512495094,0.0,0.6573103711056557,0.2550946232933914,0.3038198205012733,1.0,-0.01342000000000001,-0.0176377142857143,-0.006710000000000005,0.6720000000000005
0.46169288093608296,0.5218372124976806,-0.12412239131432802,-1.395670237352938,0.07708837893776833,1.9088647892527046,0.15633217683899084,-0.0071897684868362476,-0.07293644846303125,0.0001431609436741031,-0.11285120282040399,-0.005294358856591509,0.05089838865310295,-0.007358708973228635,0.5758879251188196,0.8175126717507581,0.0026222376867959937,0.0,0.8174787228161922,-0.5758270965661818,-0.011508236362580138,0.0,-0.007898325609461132,0.008771246749425893,-0.9999303384151456,0.0,0.6570837508762248,0.25480691914605547,0.30383973160762184,1.0,-0.01376000000000001,-0.018084571428571446,-0.006880000000000005,0.6890000000000005
0.4615327876578126,0.5206107619807288,-0.124128126093832,-1.3976725872119453,0.07695893018523829,1.9096360445606664,0.1561818875528635,-0.01056543521701487,-0.07636229265806854,-0.001462067029247363,-0.11899789548966129,-0.010164128230611035,0.04987317643119541,-0.012624370542081154,0.575967424876699,0.8174567185053517,0.00260494771048546,0.0,0.8174226070191317,-0.5759067109195292,-0.011510375888920506,0.0,-0.007909179511071507,0.008759113348832559,-0.9999303589814663,0.0,0.6568600929290529,0.254528677896221,0.30381069730893057,1.0,-0.014080000000000011,-0.018505142857142876,-0.0070400000000000055,0.7050000000000005
0.46136056165749356,0.5193026085771117,-0.12413184496558693,-1.3997311570020745,0.07683758583904926,1.9103779012029758,0.15603700045470764,-0.009546527868490997,-0.07817059033124847,-0.0004982940764257929,-0.1200082287078053,-0.007627203371161743,0.04643553630508194,-0.007123761892225001,0.5760738504728393,0.8173817364498559,0.002600503955758238,0.0,0.8173475497118288,-0.5760131182608086,-0.011515965992396262,0.0,-0.007915168278673335,0.008759731059376358,-0.9999303061828299,0.0,0.6565948456634407,0.25419652780532626,0.3038183202963637,1.0,-0.01444000000000001,-0.018978285714285732,-0.007220000000000005,0.7230000000000005
0.46118554406034656,0.5179561281768325,-0.12413060228627891,-1.4018069600312018,0.07668758428001643,1.9111338710527486,0.15587328439101025,-0.0052593178226916,-0.07496202177883016,-0.001440895338716204,-0.12569235540975443,-0.007071644231858916,0.04423845689344096,-0.0056680988229649175,0.5761515545238975,0.8173269375094326,0.002609663264980153,0.0,0.8172930246346137,-0.5760909548989498,-0.011492191628634126,0.0,-0.007889626286570195,0.008754272201705063,-0.9999305558463933,0.0,0.6563427781223727,0.2538807564257118,0.3038407165022017,1.0,-0.014780000000000012,-0.019425142857142877,-0.007390000000000006,0.7400000000000005
0.4610243071968848,0.5166780166947553,-0.12414144880055694,-1.4038048300282444,0.07656201681311148,1.911858851006725,0.1557251850408252,-0.007887815974882908,-0.083050404009004,-0.00013636348867736005,-0.12651151450070972,-0.009358241733840323,0.04111046795174666,-0.013933225722686009,0.5762416583398215,0.8172634187042963,0.002608168465976329,0.0,0.8172295279762791,-0.5761810984518162,-0.011488572223512093,0.0,-0.007886564280546293,0.008751834694303837,-0.9999306013385791,0.0,0.6560983626302223,0.2535772032295119,0.30384959621681407,1.0,-0.015100000000000011,-0.019845714285714303,-0.0075500000000000055,0.7560000000000006
0.46084189412836374,0.5153897175523756,-0.12414514470046774,-1.4058228193170375,0.07643521406049664,1.912629024817072,0.15556273206715135,-0.00611699453004114,-0.07996318538876078,-0.0008690097924173021,-0.12562841437047712,-0.011708511025323954,0.050846089508132616,-0.010103428786834593,0.576332940457755,0.8171989572318402,0.0026368435142783836,0.0,0.8171654929786213,-0.5762723387722323,-0.011467151006096618,0.0,-0.007851555032417246,0.008763803118636782,-0.9999307720229789,0.0,0.6558615958552908,0.253264552050496,0.30385937570163335,1.0,-0.015420000000000012,-0.020266285714285733,-0.007710000000000006,0.7720000000000006
0.46065308061090054,0.5139197652332453,-0.12415154019000593,-1.408181875280389,0.07629841932582723,1.913495199289729,0.15538875329549756,-0.008526844928190705,-0.08371766832680999,0.0008707344293760701,-0.13313961168620492,-0.0043297012051008756,0.043651714941351595,-0.002496893195112484,0.5764368542703809,0.8171257264141198,0.002616710200386798,0.0,0.8170919340879087,-0.5763762291160883,-0.011487413094652454,0.0,-0.007878602899118403,0.008760029724285176,-0.9999305923390821,0.0,0.6555698067200809,0.2529130136200561,0.3038421966192979,1.0,-0.015780000000000013,-0.020739428571428593,-0.007890000000000006,0.7900000000000006
0.4604693994828812,0.5126021923801616,-0.12415432278550151,-1.410338377760917,0.0761686077856362,1.914228155153477,0.1552166269341211,-0.010636310124681927,-0.08022902636444683,-0.0001703263455183298,-0.1350955546863106,-0.008646489214094605,0.04903600079460437,-0.005034730733574548,0.5765260312223611,0.8170630950300406,0.00252605703260298,0.0,0.8170280135838662,-0.5764655664623233,-0.011550870256505474,0.0,-0.0079817585774416,0.008723404698267156,-0.9999300944268463,0.0,0.655292142234921,0.25258122234480207,0.303802544158722,1.0,-0.016100000000000014,-0.021160000000000023,-0.008050000000000007,0.8060000000000006
0.4602735287395544,0.5111796473647159,-0.12415437719304367,-1.4126465413794962,0.07603007569857048,1.9150709964306811,0.15504519648957588,-0.00814953485298683,-0.09130239158987029,0.0008652893256778551,-0.14087414484793825,-0.012778853542448409,0.05198141476878612,-0.012627569173475853,0.5766293418847955,0.8169903057827785,0.0024878174527213272,0.0,0.8169546628659642,-0.576568921965456,-0.011580325831300534,0.0,-0.00802677025541676,0.0087101574287958,-0.9999298495978768,0.0,0.6550051771289631,0.2522324675921814,0.3037732627421652,1.0,-0.016440000000000014,-0.021606857142857164,-0.008220000000000007,0.8230000000000006
0.4600713098657327,0.5097210762833141,-0.12416001161097641,-1.4149706799624868,0.0758860056718356,1.9159673572104419,0.15486042490373536,-0.00961336410319033,-0.08922934791933089,-0.0013587239040660306,-0.13502742614932992,-0.012221651640018486,0.05645716203694664,-0.013998806227598129,0.5767250034765291,0.8169227110572275,0.0025102639532625015,0.0,0.8168873883010236,-0.5766645272486051,-0.011565671147132663,0.0,-0.008000833293668463,0.008720982603204933,-0.9999299631119378,0.0,0.6547080729891496,0.25186396295166236,0.3037667312915247,1.0,-0.016800000000000013,-0.02208000000000002,-0.008400000000000006,0.8410000000000006
0.45987596009764187,0.5082316344201381,-0.12416000200781038,-1.4173442785882937,0.07573410093075818,1.9168204210198316,0.1546731101441539,-0.010767824143025849,-0.08479014362778928,-0.00041665175477736575,-0.13814463678844757,-0.012523157245842133,0.0549665857930021,-0.011991851458302885,0.576818661403587,0.8168566897238402,0.002475320422146773,0.0,0.8168209344401073,-0.5767583145360923,-0.011582511605173415,0.0,-0.008033745128364411,0.008703069941109656,-0.9999298552962664,0.0,0.6544281940654586,0.2515210834541819,0.3037521999199354,1.0,-0.017120000000000014,-0.02250057142857145,-0.008560000000000007,0.8570000000000007
0.459670603327066,0.5067155593951954,-0.12415861470059068,-1.4197293923005578,0.0755832243275391,1.9176806973103036,0.15448565842842837,-0.011823412814842848,-0.09164760954993284,0.0015013341409693126,-0.13399171014580277,-0.004863690718950651,0.04434371659346454,-0.010068856825703246,0.5769147854968043,0.8167888375539892,0.0024641476390923848,0.0,0.8167529117924973,-0.5768544372847036,-0.01159250467470464,0.0,-0.008047328853873548,0.008700654621656187,-0.9999297670874051,0.0,0.6541286622468876,0.2511585073058431,0.30375167100438044,1.0,-0.017460000000000014,-0.022947428571428594,-0.008730000000000007,0.8740000000000007
0.45945999847926583,0.5052115389196452,-0.12416665738787332,-1.4220378459939076,0.07543252723453775,1.9185577633772484,0.15429722176408922,-0.005831567544158047,-0.09159766878421251,-0.000655510818280609,-0.1394853206998092,-0.006286048985527871,0.052310390015037886,-0.012184551845515932,0.5770169501095184,0.816716506222647,0.002516873256795566,0.0,0.8166813792100354,-0.5769565356071457,-0.011551094017597154,0.0,-0.00798199635246255,0.008720828466090888,-0.9999301150005907,0.0,0.6538530141465139,0.25079711345169753,0.3037803859513463,1.0,-0.017780000000000015,-0.023368000000000024,-0.008890000000000007,0.8900000000000007
0.45923512838944286,0.5035609555831675,-0.12417257467349126,-1.4245159045651796,0.07528431399880424,1.9195192015262494,0.15410553776564664,-0.016170543782636382,-0.09387949608789364,0.0005097572197977957,-0.13845084150545933,-0.006794793414797948,0.054077889246008815,-0.01346563697322188,0.5771357821455544,0.8166321831754895,0.0026293098868339446,0.0,0.816598537944783,-0.5770750118806782,-0.011489359884956774,0.0,-0.007865423445733155,0.00877818032012155,-0.9999305369195834,0.0,0.6535593684325395,0.25041557846960005,0.30383743468986807,1.0,-0.018120000000000015,-0.023814857142857165,-0.009060000000000007,0.9070000000000007
0.45901717159329974,0.5018767518858379,-0.1241706769166301,-1.4270058651637967,0.07512007545726129,1.920446082078179,0.15391078654578907,-0.013919522284563442,-0.09871906901671411,0.00039500144430711337,-0.14844080633039078,-0.010089982000253076,0.04666462009121231,-0.009972654218244762,0.577225154150041,0.8165686739608473,0.002732951425303041,0.0,0.816536455511077,-0.5771641434457744,-0.011424326812591808,0.0,-0.007751535068860005,0.00882613320577419,-0.9999310041581421,0.0,0.6532931692107651,0.25007802886905,0.3039125174620499,1.0,-0.018420000000000016,-0.024209142857142884,-0.009210000000000008,0.9220000000000007
0.4587806772048177,0.5001687202714672,-0.12417390405970845,-1.4295867812130705,0.07495307909642582,1.9213596756068785,0.1537011248208945,-0.01722209978273805,-0.09233521253862013,0.0005837092926848508,-0.15374204897956795,-0.011834572355641036,0.05458033291387542,-0.009134958347817104,0.5773464282215025,0.8164828512364909,0.002757237351464213,0.0,0.8164509300681356,-0.5772853088600524,-0.011414809084641202,0.0,-0.007728432047973133,0.008841618482423722,-0.9999310461830311,0.0,0.6529277519490932,0.2496325087074894,0.3039509588620228,1.0,-0.018800000000000015,-0.02470857142857145,-0.009400000000000007,0.9410000000000007
0.458532406525589,0.49848236426580156,-0.12416887168770716,-1.4321964482864158,0.0747886953897154,1.9223234021853455,0.15348858513349997,-0.015074455642975104,-0.09101956043391937,0.0018072399187898395,-0.15226528822692384,-0.004508873077563838,0.058103686512421565,-0.003745911643625565,0.5774601000074577,0.8164023525611546,0.0027890021867217063,0.0,0.8163708178720575,-0.5773988422748204,-0.011402261521887117,0.0,-0.00769861471946065,0.008861381684018094,-0.9999311012495067,0.0,0.6526046943761763,0.24922492716224173,0.30396828980832186,1.0,-0.019140000000000015,-0.025155428571428596,-0.009570000000000007,0.9580000000000007
0.4582768521436104,0.4968201122264133,-0.12417140268988665,-1.4348517485909174,0.07463328443297718,1.923298228678174,0.15328557650604527,-0.017908575310913562,-0.09064979603420625,0.0007234952199507254,-0.16000237280388818,-0.006178933010352715,0.05225803405638546,-0.012799678347758756,0.5775974135721045,0.8163052603871043,0.0027742747458802206,0.0,0.8162734345777611,-0.5775360676534677,-0.011424423976863949,0.0,-0.007723722367470487,0.008863455164847642,-0.9999308892495176,0.0,0.6522740435074287,0.24880475503304986,0.30394776460928424,1.0,-0.019480000000000015,-0.025602285714285737,-0.009740000000000007,0.9750000000000008
0.4580039411494051,0.4951419213472696,-0.12416922246759893,-1.437566600248144,0.07446725916090849,1.924227685722476,0.1530672260020316,-0.020197402242349453,-0.09098471121160362,0.0014359603478861088,-0.1589655383781078,-0.015417675936144341,0.053042034975499724,-0.017680573073071956,0.5777321185127664,0.8162102329882156,0.002683599314783401,0.0,0.8161770757898208,-0.5776708590239173,-0.011493758782711761,0.0,-0.007831237188083873,0.008830775872342517,-0.9999303421346893,0.0,0.6519228748407453,0.24836467400935464,0.3039052951367853,1.0,-0.019820000000000015,-0.026049142857142882,-0.009910000000000007,0.9920000000000008
0.4577229915466109,0.4934643705645134,-0.12417741046337523,-1.440323452763171,0.0742865431708726,1.9252137279029664,0.15285137083896594,-0.01402461351715054,-0.09193477292468082,0.0005247983872482802,-0.16406268412119449,-0.005479832025993451,0.05326720263353997,-0.015316755571288766,0.577880552710739,0.8161054399023484,0.002593195274871435,0.0,0.8160711440985758,-0.5778196036857335,-0.011538642351307492,0.0,-0.007918502181688547,0.008784357980452517,-0.999930063743495,0.0,0.6515766156446646,0.2479098806337861,0.30384702952043235,1.0,-0.020638285714285713,-0.027124604081632656,-0.012944379373714215,1.0089999999999997
