position_joint1,position_joint2,position_joint3,position_joint4,position_joint5,position_joint6,position_joint7,velocity_joint1,velocity_joint2,velocity_joint3,velocity_joint4,velocity_joint5,velocity_joint6,velocity_joint7,ee_T_00,ee_T_10,ee_T_20,ee_T_30,ee_T_01,ee_T_11,ee_T_21,ee_T_31,ee_T_02,ee_T_12,ee_T_22,ee_T_32,ee_T_03,ee_T_13,ee_T_23,ee_T_33,v_x,v_y,time
0.465069376879,0.547797083529,-0.123988554087,-1.35583866104,0.079526636683,1.89410485437,0.159168304645,0.000591101291779,-0.000990357401852,0.0011715155295,8.28708126765e-05,0.000217681686421,0.00121577871974,-0.000713550101386,0.573824191849,0.818964447377,0.00194362604259,0.0,0.818920970495,-0.573765402964,-0.0119353821081,0.0,-0.00865963495766,0.00844064962633,-0.999926880405,0.0,0.661675852516,0.260891330461,0.303200848145,1.0,0.0,0.0,0.0
0.465062042812,0.547798817798,-0.123993868808,-1.35583313291,0.0795220599178,1.89411013075,0.159162870442,-0.000712635774508,0.000709372361952,-6.11173949121e-05,0.00152912990781,-6.84881249702e-05,5.38660291258e-05,-0.0012047348545,0.57382798683,0.81896177996,0.00194715088426,0.0,0.81891843134,-0.573769263043,-0.0119240303996,0.0,-0.00864827633859,0.00843706254644,-0.999927008982,0.0,0.661681518501,0.260883653702,0.303202876387,1.0,-0.00022,-0.000289142857143,0.012
0.46506626972,0.547796937601,-0.123997027068,-1.35583933621,0.0795266624686,1.89411212518,0.15916864235,0.000921658844765,0.000918625386758,-0.00179154581155,0.00090860001689,0.000203015069464,0.00407584245051,0.000926549591824,0.573833027286,0.81895824855,0.00194700501434,0.0,0.818914868448,-0.57377427463,-0.0119275693198,0.0,-0.0086512064523,0.00843902704353,-0.999926967058,0.0,0.661679907743,0.260884792068,0.30320154226,1.0,-0.00056,-0.000736,0.029
0.465063881255,0.547777648466,-0.123994533105,-1.35585724012,0.0795225119177,1.89411208944,0.159160556538,-0.000194702337801,0.00217811281293,-0.000623821384203,-0.00378627850722,0.000122645297218,-0.000224155187011,0.000106315851428,0.573826462614,0.818962846789,0.00194763573606,0.0,0.818919481069,-0.573767714147,-0.011926467618,0.0,-0.00865000990781,0.00843884204487,-0.999926978971,0.0,0.661676590089,0.260882108414,0.303206592207,1.0,-0.00088,-0.00115657142857,0.045
0.46506373806,0.547697114282,-0.123991748112,-1.3559455536,0.0795224927461,1.89413372606,0.159170333636,-0.000960776162628,-0.00768577456112,1.38141091135e-05,-0.00769905258958,-5.30186442095e-05,0.000719590477623,0.00132458077206,0.573837465817,0.818955098169,0.00196390156968,0.0,0.81891186908,-0.573778574642,-0.0119266450815,0.0,-0.00864070851056,0.0084523808289,-0.999926945039,0.0,0.66166218987,0.260875669742,0.30322339715,1.0,-0.0012,-0.00157714285714,0.061
0.46506303597,0.547566437876,-0.123994742628,-1.35612340571,0.0795214266737,1.89416841776,0.159162040747,0.000487794189179,-0.0104428309996,0.00119666064186,-0.00670977102963,-0.000269314635632,0.000124840884636,-0.000498396694868,0.573842778571,0.818951386378,0.00195937035171,0.0,0.818907983305,-0.573783793291,-0.0119423756617,0.0,-0.00865613680937,0.00845775289365,-0.999926766174,0.0,0.661632715882,0.260856257596,0.30323442754,1.0,-0.00154,-0.002024,0.078
0.465047146343,0.547411976973,-0.123993958874,-1.35634892505,0.0795161878395,1.89426780529,0.159155760959,-0.000587577909161,-0.00873603058871,0.000556854148102,-0.0133525218183,-0.000688515439457,0.0102976554357,-0.000641499702448,0.573861442064,0.818938240562,0.00198755106964,0.0,0.818895147168,-0.573802280473,-0.0119343106407,0.0,-0.0086331682373,0.00847639983692,-0.999926806847,0.0,0.661609170484,0.260827362491,0.303245100838,1.0,-0.0019,-0.00249714285714,0.096
0.465032931022,0.547254682517,-0.123991776369,-1.35653388341,0.0795168810528,1.8943663319,0.159145222375,-0.00170346748739,-0.0132475133176,0.000356352714082,-0.0156707120392,-0.000321894193898,0.00449046503863,-0.000408829223373,0.573873612828,0.818929546451,0.00205459234973,0.0,0.818887252265,-0.573814099722,-0.0119077260431,0.0,-0.00857279968121,0.00851617321141,-0.999926988284,0.0,0.661593737767,0.260806147844,0.303276970872,1.0,-0.00218,-0.00286514285714,0.11
0.465011108955,0.547028505276,-0.123986737888,-1.35682728122,0.0795108644838,1.89450156537,0.159133164893,-0.00138924360054,-0.0149641868227,0.00161078439109,-0.0182562195489,-5.29814389311e-06,0.00265865089487,-0.00102963465464,0.573893038451,0.818915767345,0.00211974339749,0.0,0.818874231466,-0.573833168219,-0.0118842330225,0.0,-0.00851597069416,0.00855624657871,-0.999927131789,0.0,0.661564268509,0.260770989682,0.303309092214,1.0,-0.00256,-0.00336457142857,0.129
0.464982845821,0.546797874213,-0.12399209341,-1.35717667858,0.0795043367931,1.89463757305,0.159106838607,-0.000969431659163,-0.0160038814057,5.38584151987e-05,-0.0275078415082,0.000144697843859,0.00892811919673,-0.00272515565266,0.573916233877,0.81889945718,0.00214065981799,0.0,0.818858099266,-0.573856181568,-0.0118845717114,0.0,-0.00850400218249,0.00857381034001,-0.999927083203,0.0,0.661526296164,0.260718925039,0.303318112812,1.0,-0.0029,-0.00381142857143,0.146
0.464948725684,0.546536324495,-0.123992086001,-1.35754902162,0.0794977500748,1.89477720984,0.158984313762,-0.000333914433579,-0.0198897047706,-0.000188270558783,-0.0238530736812,0.000487059863369,0.00270071070939,-0.0136754015752,0.573862900526,0.818936741439,0.00217527501869,0.0,0.81889568807,-0.573802568215,-0.0118832517462,0.0,-0.00848361640637,0.00860084624089,-0.999927024186,0.0,0.661484876849,0.260664011551,0.3033382329,1.0,-0.00322,-0.004232,0.162
0.464898856661,0.546248282617,-0.123997623242,-1.35801478948,0.0794840841329,1.89493844184,0.158935717059,-0.00317487165869,-0.0162993496674,-0.00128144860489,-0.0317037311012,2.45343152463e-05,0.00495227255232,-0.000526834375263,0.57389019557,0.818917634239,0.00216764003025,0.0,0.818876361548,-0.57382976907,-0.0119015767039,0.0,-0.0085027183638,0.00860539304381,-0.999926822818,0.0,0.661432761095,0.260585041233,0.303334675827,1.0,-0.00356,-0.00467885714286,0.179
0.464861265302,0.545995509012,-0.123992439732,-1.35843932245,0.0794678319779,1.89508576781,0.158903984677,-0.00300434906277,-0.0221269556444,9.25484756777e-05,-0.0316280410759,-0.00485406889856,0.00192145441961,-0.0082299166514,0.573910770448,0.818903254668,0.00215266321344,0.0,0.818861659439,-0.573850273234,-0.0119244921271,0.0,-0.00852986326627,0.00860649353673,-0.999926582156,0.0,0.661380854975,0.260523468133,0.303324189281,1.0,-0.00384,-0.00504685714286,0.193
0.464787328028,0.545620087352,-0.123989934078,-1.35909867087,0.0793888420248,1.89530467225,0.158785303714,-0.00938141838919,-0.0180745920314,0.000541467113767,-0.0319774262538,-0.0092813618922,0.0108824220449,-0.00654333645484,0.573888164099,0.818919295133,0.00207607000254,0.0,0.818876993607,-0.573828275405,-0.0119300707493,0.0,-0.00857862262483,0.00854673691328,-0.999926677573,0.0,0.661306075363,0.260404738914,0.303294946738,1.0,-0.00422,-0.00554628571429,0.212
0.464715256789,0.545202948168,-0.124000177319,-1.35982887065,0.0793259250234,1.89553072408,0.158741155559,-0.00140337127047,-0.0210839607201,-0.00146112231857,-0.0413368642272,-0.000774107955405,0.0167994811425,-0.00231458660607,0.573942036593,0.818881756637,0.00198851219524,0.0,0.818838469566,-0.573882658582,-0.0119583376628,0.0,-0.00865145845394,0.0084918264491,-0.999926517875,0.0,0.661218989338,0.26027509196,0.303262555593,1.0,-0.00458,-0.00601942857143,0.23
0.464648085463,0.544766307631,-0.123997771864,-1.36053564415,0.0793079186865,1.8957639235,0.158626404925,-0.00647663588114,-0.026233713158,-0.000287052224369,-0.0437332026259,-0.000279806583446,0.0158680485781,-0.00640820763048,0.573935885523,0.818886107854,0.00197194642745,0.0,0.818842317409,-0.573876296718,-0.0120000911489,0.0,-0.00869522203167,0.00850215981528,-0.999926050462,0.0,0.661132452068,0.260166819156,0.303255362991,1.0,-0.00492,-0.00646628571429,0.247
0.464585953294,0.544338545936,-0.123998838642,-1.36124351931,0.079282084793,1.89603375007,0.158536057681,-0.00247657848873,-0.0226050209221,0.00105709885043,-0.0494187308347,1.48266586596e-05,0.016996465695,-0.00623306855782,0.573946241642,0.81887885203,0.00197086392254,0.0,0.818834900171,-0.573886512186,-0.0120176658763,0.0,-0.00871012791135,0.00851147019847,-0.999925841524,0.0,0.661052572161,0.260060844516,0.303244603702,1.0,-0.00524,-0.00688685714286,0.263
0.464512940544,0.543835928514,-0.12399952001,-1.36206282937,0.0792463820801,1.89631728956,0.158456933299,-0.00969167076462,-0.0287898031121,0.00127414073865,-0.0462593001987,-0.0027148829716,0.019171974173,-0.00615374555475,0.573977776368,0.81885679964,0.00194956943034,0.0,0.818812411284,-0.57391797992,-0.0120471720073,0.0,-0.00874618415655,0.00851130451546,-0.999925528206,0.0,0.660954948837,0.259934992373,0.30323489116,1.0,-0.00558,-0.00733371428571,0.28
0.464434080262,0.543270896797,-0.124012880846,-1.36295878232,0.0791936015511,1.89662362572,0.158319364063,-0.00367724816914,-0.0333922935898,-0.00051208337909,-0.053467841339,-0.00468553334788,0.0187619257184,-0.00817380659092,0.573974729619,0.818858989238,0.00192676006771,0.0,0.818814312265,-0.573915041404,-0.0120579509156,0.0,-0.00876813372877,0.00849878146419,-0.999925442493,0.0,0.660851127842,0.259788443355,0.303235162062,1.0,-0.00594,-0.00780685714286,0.298
0.46436621576,0.542781501119,-0.124009108462,-1.36374691452,0.0791520081191,1.89690744265,0.158221532274,-0.00503346640394,-0.0324166962387,0.00182930730789,-0.0519830333973,0.000670726797988,0.0213713391122,-0.0108845092435,0.573980284328,0.818855116695,0.0019178027734,0.0,0.818810227616,-0.573920542362,-0.0120734878011,0.0,-0.008785940011,0.00850042414582,-0.999925272232,0.0,0.660758123525,0.259671182338,0.303230683628,1.0,-0.00624,-0.00820114285714,0.313
0.464299027305,0.542189860465,-0.124014131948,-1.36467034078,0.0790985048552,1.8972425221,0.158109377774,-0.00230748726221,-0.0353409873412,-0.00510358522846,-0.0581359927421,-0.00560971996288,0.0161341873311,-0.00638088993229,0.573983998177,0.818852507262,0.00192043939451,0.0,0.818807639765,-0.573924231775,-0.0120736135994,0.0,-0.00878449119211,0.0085026951574,-0.999925265652,0.0,0.660649239467,0.259536113565,0.303238781706,1.0,-0.00658,-0.008648,0.33
0.464201724294,0.541516817718,-0.124017046287,-1.36568643837,0.0790321881449,1.89762458513,0.157966870905,-0.00833789574044,-0.038311673889,4.10224390139e-05,-0.0527309628794,-0.00694803557771,0.0237579603381,-0.0051313306964,0.573987750301,0.818849806561,0.00195030804119,0.0,0.818805392487,-0.573927914996,-0.0120509138126,0.0,-0.00874872065662,0.00851416357353,-0.999925481676,0.0,0.660538389401,0.259373568246,0.303264230224,1.0,-0.00694,-0.00912114285714,0.348
0.464130420477,0.540880104909,-0.124014813821,-1.36666030525,0.0789801441962,1.89798200718,0.157841125337,-0.00109186861292,-0.0421583346901,-0.00136630709327,-0.0639282553025,-0.000581462645021,0.0167291741643,-0.00123093362676,0.573981684979,0.818854006277,0.00197195672927,0.0,0.818809789221,-0.57392167338,-0.0120494315805,0.0,-0.0087351447958,0.00853097476319,-0.999925457079,0.0,0.660422516291,0.25923635891,0.303281715671,1.0,-0.00726,-0.00954171428571,0.364
0.464031522822,0.540159612291,-0.124012413479,-1.36776804612,0.078916505869,1.89838607868,0.157689695752,-0.00870986143611,-0.0390224815264,0.000311353997224,-0.0671249115855,-0.00434407472106,0.0292330041602,-0.00967800298247,0.573981293274,0.818854239866,0.00198890097052,0.0,0.818810184083,-0.573921150055,-0.0120475251373,0.0,-0.00872386266764,0.00854375092255,-0.999925446491,0.0,0.660294809489,0.259067531209,0.303298628121,1.0,-0.0076,-0.00998857142857,0.381
0.463932572058,0.539424732716,-0.124015137635,-1.36892015578,0.0788537536371,1.89882182885,0.15755395749,-0.00778574290594,-0.0449073435741,4.7545421091e-08,-0.0652438801328,-0.000634899909068,0.0266056737875,-0.00669842377608,0.574000130188,0.818840992248,0.00200670371896,0.0,0.818797123665,-0.573939863724,-0.0120436708417,0.0,-0.00871029182345,0.00855631659984,-0.999925457353,0.0,0.66016446035,0.25889291932,0.303307397993,1.0,-0.00794,-0.0104354285714,0.398
0.463827765756,0.538700709563,-0.124023666466,-1.3700206931,0.0787825545507,1.89925230066,0.157417019908,-0.00386038430075,-0.0496293612098,-3.46941483574e-05,-0.0723170048125,-0.0076958894165,0.0239964823296,-0.00788675419613,0.574021699807,0.818825771847,0.00204704943992,0.0,0.818782543944,-0.57396137129,-0.0120098668041,0.0,-0.00865922786898,0.00857017750782,-0.999925782161,0.0,0.66004779793,0.258715345545,0.303332632703,1.0,-0.00826,-0.010856,0.414
0.463713291072,0.537920734528,-0.124028980329,-1.37124217416,0.078715971753,1.89972794129,0.157262845494,-0.00234968279311,-0.0435944030859,-0.000639467173503,-0.0739219488221,-0.00497038216206,0.0257212637138,-0.00998579447826,0.574042692814,0.818810978657,0.00207724797295,0.0,0.818768128853,-0.57398221871,-0.0119962777436,0.0,-0.00863054668393,0.0085873253483,-0.999925883007,0.0,0.659914887923,0.258523450545,0.303343535316,1.0,-0.0086,-0.0113028571429,0.431
0.463606057995,0.537107922887,-0.124038507377,-1.37251266278,0.0786417685959,1.90019506902,0.157105543968,-0.00525763186751,-0.0444327607984,0.00138478456288,-0.0724114517223,-0.00521329038756,0.0333479582321,-0.0055912167215,0.57405851837,0.818799866563,0.0020839636355,0.0,0.81875711179,-0.573998021526,-0.0119920839843,0.0,-0.00862309178366,0.00859058340681,-0.999925919338,0.0,0.659769025616,0.258326712893,0.303353544413,1.0,-0.00894,-0.0117497142857,0.448
0.463491170031,0.536316224955,-0.124039246539,-1.37375515573,0.0785703742857,1.90066233607,0.156954080467,-0.00625717696627,-0.0410223974773,-0.000502916839906,-0.0749694474692,-0.000200805764631,0.0261891984502,-0.012805692441,0.574078397082,0.818785891187,0.00209888032813,0.0,0.81874329969,-0.574017804163,-0.0119881866134,0.0,-0.00861112917374,0.0086007687519,-0.999925934873,0.0,0.659628661511,0.258133547489,0.303361557971,1.0,-0.00926,-0.0121702857143,0.464
0.463368071143,0.535372211011,-0.124045676868,-1.37524563947,0.0784840912823,1.90120237788,0.156770232005,-0.00412167037852,-0.0529208536905,-0.000244389272362,-0.0857003374912,-0.00431947910385,0.0307539973685,-0.0113299988275,0.574091880679,0.81877645089,0.00209353954052,0.0,0.818733752804,-0.574031271527,-0.0119953420275,0.0,-0.0086199123681,0.00860064553771,-0.999925860255,0.0,0.659453183979,0.257906775653,0.303365366932,1.0,-0.00962,-0.0126434285714,0.482
0.463239670287,0.534483824511,-0.124046411833,-1.37669764268,0.0784073882281,1.90172519494,0.156602622319,-0.00797777604634,-0.0490107024206,-0.00124871818417,-0.0882541585261,-0.0039161886916,0.0389172296716,-0.0204713485434,0.574112373476,0.818762162761,0.00206163840537,0.0,0.818718900852,-0.57405174942,-0.012029018104,0.0,-0.00866558458484,0.0085940759261,-0.999925521978,0.0,0.659269773139,0.257673861452,0.303343633287,1.0,-0.00998,-0.0131165714286,0.5
0.463130013893,0.533676435227,-0.124049099495,-1.37799548271,0.0783291782052,1.90219877754,0.156439651616,-0.00568267748719,-0.0568176376541,0.0012666082534,-0.0863885782007,-0.000649939347531,0.034016392218,-0.0144394428536,0.574124936271,0.818753359908,0.00205914868382,0.0,0.81871004117,-0.574064297079,-0.0120332126877,0.0,-0.00867031650722,0.00859457864342,-0.999925476638,0.0,0.659118113979,0.257473615304,0.303345231015,1.0,-0.01028,-0.0135108571429,0.515
0.462995656312,0.532667766597,-0.124051979834,-1.37960550948,0.0782485259481,1.90281485942,0.156235168228,-0.00664444900437,-0.0593535826288,-0.000771929232947,-0.0904298074427,-0.00925845058678,0.0365335717642,-0.0137763423709,0.57413886225,0.818743575223,0.00206683005235,0.0,0.818700238996,-0.574078071819,-0.0120429657991,0.0,-0.00867374605994,0.00860661464387,-0.99992534337,0.0,0.658942090929,0.257246860808,0.30333773489,1.0,-0.01062,-0.0139577142857,0.532
0.462861536925,0.531681357966,-0.124049275996,-1.38117123974,0.0781555781456,1.90337978813,0.156027823988,-0.00640174526138,-0.0565017281432,-0.000650371173858,-0.0930694541658,-0.00168480511658,0.040400273283,-0.0121970270236,0.574142918023,0.818740763487,0.00205396941901,0.0,0.818697168452,-0.574082091974,-0.0120600557268,0.0,-0.0086950795798,0.00860594022498,-0.999925163892,0.0,0.658744411548,0.256995714651,0.303334579249,1.0,-0.01098,-0.0144308571429,0.55
0.462736459819,0.53073798212,-0.124046795739,-1.38272211044,0.0780608114662,1.90392445847,0.155832491793,-0.00981499131161,-0.0605586695697,0.000506922435526,-0.0972292752167,-0.00266762049021,0.0340563931184,-0.00973348526889,0.5741369747,0.818745060061,0.00200195130573,0.0,0.818700722719,-0.57407631235,-0.0120938463161,0.0,-0.00875267262141,0.0085826885606,-0.999924861267,0.0,0.658563060925,0.256779445193,0.303310466323,1.0,-0.01128,-0.0148251428571,0.565
0.46259538885,0.52964895977,-0.124047587797,-1.38445446622,0.0779469863601,1.9045642743,0.155602361671,-0.00678907828879,-0.0569300355936,0.000784045943748,-0.0973632963907,-0.00877469955154,0.0380272067569,-0.0153488684488,0.574128136328,0.818751279887,0.0019929027717,0.0,0.818706880421,-0.574067569503,-0.0120920013921,0.0,-0.00875644935455,0.00857412651342,-0.999924901655,0.0,0.658357276025,0.25651976514,0.303308564843,1.0,-0.01164,-0.0152982857143,0.583
0.462467654158,0.528615960928,-0.124054604632,-1.38604875761,0.0778503227131,1.90515647744,0.155378851107,-0.0078451893927,-0.0652787755626,-0.000383230063888,-0.10025413657,-0.0061414450325,0.0383176638304,-0.0190756327268,0.57411511748,0.818760348657,0.00201748557825,0.0,0.818716289447,-0.574054464283,-0.0120770994914,0.0,-0.00873027167231,0.00858555899858,-0.999925032457,0.0,0.658169376043,0.256280464372,0.303328735441,1.0,-0.01196,-0.0157188571429,0.599
0.46231254306,0.527437146423,-0.124053423942,-1.38786786477,0.0777408983191,1.90587134437,0.155118042968,-0.00960288192472,-0.0688387657384,-0.000546224681561,-0.105014682434,-0.00331883618812,0.0465027735135,-0.00852507255207,0.574096996745,0.81877289798,0.00208008743599,0.0,0.818729683272,-0.574036103981,-0.0120417588823,0.0,-0.00866558736856,0.00861633282861,-0.999925330414,0.0,0.657962527124,0.256009406088,0.303354665662,1.0,-0.01232,-0.016192,0.617
0.462167954477,0.526276835367,-0.124055431405,-1.3896672883,0.0776232680123,1.90654456357,0.154882187616,-0.0108237877656,-0.0693195210222,-0.000316202151358,-0.110116237382,-0.00302157174392,0.0425965064257,-0.00714381103751,0.574089153222,0.818778338059,0.00210337357646,0.0,0.818735502431,-0.574028237735,-0.0120210749606,0.0,-0.00863536620806,0.00862344139482,-0.999925530582,0.0,0.657749394435,0.255741420913,0.303373107509,1.0,-0.01266,-0.0166388571429,0.634
0.462030387752,0.525161851222,-0.124059507241,-1.39139919834,0.0775178451968,1.90716804977,0.15465387059,-0.00574266467387,-0.0670511707642,-0.000538910287602,-0.110333474888,-0.00523304364319,0.0388396287989,-0.0170814406458,0.574082489046,0.818782997986,0.00210828870123,0.0,0.818740200245,-0.574021527461,-0.0120215396334,0.0,-0.00863299537271,0.00862766221753,-0.999925514644,0.0,0.657538442191,0.255482908102,0.303387269146,1.0,-0.01298,-0.0170594285714,0.65
0.461875611728,0.523993419759,-0.124065164404,-1.39329559158,0.0774007206614,1.90784037422,0.154384851123,-0.00535083348227,-0.0667319566512,0.00088386834039,-0.115848328714,-0.00501275317218,0.0364738570934,-0.013757893655,0.574063174163,0.818796667393,0.00205826058299,0.0,0.818753178181,-0.574002389141,-0.0120514472148,0.0,-0.00868640556488,0.00860366508248,-0.99992525886,0.0,0.657304817324,0.255194800797,0.303364763253,1.0,-0.01332,-0.0175062857143,0.667
0.461725737679,0.52283983455,-0.124065947155,-1.3951090716,0.077290175837,1.90854425271,0.154145450152,-0.0110565144972,-0.0715699232306,0.000842776584371,-0.111875660278,-0.00550668327056,0.0445808040586,-0.0169938953325,0.574058091497,0.818800142248,0.0020932135489,0.0,0.818757138813,-0.57399718773,-0.012030088176,0.0,-0.0086489057376,0.00861996895619,-0.999925443503,0.0,0.657093312955,0.25492559735,0.303373539457,1.0,-0.01364,-0.0179268571429,0.683
0.461553395724,0.52153798153,-0.124069514414,-1.39719132039,0.0771597427217,1.90935108033,0.153865965961,-0.00403620598434,-0.0727026393665,0.0060261570583,-0.117447973494,-0.00887347689652,0.0414437301053,-0.00961311760633,0.574049358084,0.818806222541,0.00210981360202,0.0,0.81876350521,-0.573988454762,-0.0120134606804,0.0,-0.0086258537845,0.00862392380933,-0.999925608525,0.0,0.656849747427,0.254613863167,0.303367283126,1.0,-0.01398,-0.0183737142857,0.701
0.461385259468,0.520333278106,-0.124077619044,-1.39909815429,0.0770444321774,1.9100556339,0.153615953088,-0.0107720048483,-0.0813047785687,-0.000268104535058,-0.118478663946,-0.00558951910778,0.0451392905128,-0.0143717022501,0.574058698986,0.818799674694,0.00210944065295,0.0,0.818756953079,-0.573997796632,-0.0120136650319,0.0,-0.00862613681298,0.00862383415553,-0.999925606857,0.0,0.656623011586,0.254317370292,0.303367185028,1.0,-0.01432,-0.0188205714286,0.717
0.461210786404,0.519007808106,-0.124081199418,-1.40116563993,0.0769086555497,1.91079017533,0.153328249423,-0.00928000210167,-0.0793200494316,0.000234490361211,-0.128274319417,-0.00635617996274,0.0446501112845,-0.0167139369376,0.574041586772,0.818811701634,0.00209781448603,0.0,0.818768856532,-0.573980763682,-0.0120162139027,0.0,-0.0086350776441,0.00861559754058,-0.999925600689,0.0,0.65636850404,0.254000692881,0.303377476144,1.0,-0.01466,-0.0192674285714,0.734
0.461032209805,0.517647930474,-0.124081563438,-1.4032898864,0.0767727936711,1.91155568001,0.153043985566,-0.00743033643603,-0.0821192236752,7.13449571072e-05,-0.124358081305,-0.00487754036156,0.0492433744994,-0.0115606047421,0.574031130784,0.818819037651,0.00209556030486,0.0,0.818776158801,-0.573970314192,-0.0120177829248,0.0,-0.00863776634634,0.00861454219541,-0.999925586559,0.0,0.656107216359,0.253679042554,0.303387085833,1.0,-0.015,-0.0197142857143,0.751
0.460851465169,0.516306028907,-0.124090323981,-1.40543102317,0.0766325692535,1.91234897665,0.152730703744,-0.00934433550245,-0.0800123553739,0.000201231729763,-0.127372944347,-0.00150279274137,0.0420827353828,-0.0175354790989,0.57400421824,0.818837938331,0.00208208893748,0.0,0.818794972118,-0.573943549936,-0.0120142425161,0.0,-0.00864288245867,0.00860119543635,-0.999925657247,0.0,0.655848907606,0.253350053263,0.303378341177,1.0,-0.01534,-0.0201611428571,0.768
0.460707745619,0.515246186709,-0.124096677158,-1.40710929477,0.0765340741903,1.91297983915,0.152516337252,-0.0120715559392,-0.0773605184896,-0.000279550270428,-0.128149645626,-0.0103268681295,0.049379372526,-0.0233616650194,0.574012978103,0.818831772375,0.00209198923358,0.0,0.818788917019,-0.573952248733,-0.0120113464196,0.0,-0.00863473639791,0.00860773205387,-0.999925671376,0.0,0.655647690941,0.253093715471,0.303377614067,1.0,-0.0156,-0.0205028571429,0.781
0.460469523217,0.513513145024,-0.124097661878,-1.4098946329,0.0763695991471,1.91395372987,0.152124357049,-0.0131782227539,-0.083180882001,0.000701213133976,-0.128217144069,-0.00386625753898,0.0405153570968,-0.0211481341325,0.573989631553,0.818848296834,0.00202892669746,0.0,0.818804426212,-0.573928983376,-0.0120656768559,0.0,-0.00871566691038,0.00858703290029,-0.999925147207,0.0,0.655295159047,0.252668763317,0.303351063051,1.0,-0.01602,-0.0210548571429,0.802
0.460301925972,0.512258057181,-0.124106053192,-1.41192055802,0.0762495655088,1.91466682424,0.151842557622,-0.00999778958125,-0.086707871175,-0.00118050370258,-0.132212222101,-0.00380157778651,0.0496137421676,-0.0277743194013,0.573975765852,0.818858135634,0.00198010643737,0.0,0.818813531405,-0.573915237503,-0.0121015639935,0.0,-0.00877321978536,0.00856750735679,-0.999924811389,0.0,0.655039026764,0.252359157112,0.303328176721,1.0,-0.01632,-0.0214491428571,0.817
0.460083752097,0.5107298767,-0.12410958489,-1.41436283567,0.0760930004276,1.9156002858,0.151490752627,-0.00586817917829,-0.0886184975719,0.000105954085119,-0.140272226906,-0.00152454266057,0.054959004018,-0.0223815095421,0.573954430896,0.818873067718,0.00198925176437,0.0,0.818828660437,-0.573893941006,-0.0120878544794,0.0,-0.00875696754373,0.00856689893532,-0.999924959065,0.0,0.65474770042,0.251982498948,0.303316883272,1.0,-0.01668,-0.0219222857143,0.835
0.45988070732,0.509237078579,-0.124109997105,-1.41671420678,0.0759483621886,1.91647172463,0.151165384472,-0.0153590165736,-0.090105708822,0.000255838134179,-0.137672675309,-0.0111981447834,0.0413414317692,-0.0174023345331,0.573938015102,0.818884549859,0.00199893095813,0.0,0.818840235199,-0.573877452023,-0.0120866115919,0.0,-0.00875056656327,0.00857393603712,-0.999924954787,0.0,0.654458580847,0.251625715734,0.303318071283,1.0,-0.01702,-0.0223691428571,0.852
0.45969541037,0.50789991406,-0.124113272431,-1.41881497501,0.0758133475449,1.91722149974,0.150868528084,-0.0120053723423,-0.0947468903535,-0.000756426187241,-0.137734296041,-0.0023770250583,0.0516398535899,-0.0174763993935,0.573911835942,0.818902922265,0.00198881184525,0.0,0.818858433037,-0.573851278833,-0.012096417958,0.0,-0.00876467854121,0.00857099780808,-0.99992485638,0.0,0.654177244116,0.251282031246,0.303322330244,1.0,-0.01734,-0.0227897142857,0.868
0.459467469195,0.506246181837,-0.124119882542,-1.42139221012,0.0756512499173,1.91817845653,0.150527787193,-0.00999688793123,-0.0979743381033,-0.000494981910013,-0.142651614051,-0.0135226355318,0.0564197163528,-0.0156551926308,0.57392331931,0.818894828187,0.00200769085464,0.0,0.81885064894,-0.573862740604,-0.0120795934354,0.0,-0.00873994588579,0.00857692445196,-0.999925022046,0.0,0.653880573379,0.250901765632,0.303331507655,1.0,-0.01768,-0.0232365714286,0.885
0.459239247612,0.504619345204,-0.124128051521,-1.4238614127,0.0754943197021,1.91913130373,0.150171745959,-0.00938893502843,-0.10093141965,0.00142450200887,-0.146579375904,-0.00597306166983,0.059345624698,-0.0178568668205,0.573909581745,0.818904234729,0.00209600224312,0.0,0.818861324076,-0.573848741196,-0.0120208594205,0.0,-0.00864131080777,0.0086153874472,-0.999925548652,0.0,0.653588833236,0.250515510494,0.30337593637,1.0,-0.01802,-0.0236834285714,0.902
0.459023013674,0.503048411426,-0.124131844966,-1.42619292576,0.0753496849509,1.92000975023,0.149849210124,-0.0169373756429,-0.10294808771,-0.00082658653209,-0.146807353082,-0.0100794167935,0.0597059610072,-0.013924026158,0.573905963822,0.818906509351,0.0021955710901,0.0,0.818864931555,-0.573844743697,-0.0119658222256,0.0,-0.00853913718571,0.00866529974163,-0.99992599512,0.0,0.653308157191,0.250152300359,0.303439613314,1.0,-0.01834,-0.024104,0.918
0.458790624598,0.501343384635,-0.124136909887,-1.42872400051,0.0751849426386,1.92092365439,0.149497870702,-0.0157267095669,-0.104387316085,-0.00147123539323,-0.153311157676,-0.00411271849299,0.0551409446814,-0.0207826113356,0.573896873207,0.818912685699,0.00226694203411,0.0,0.818872084768,-0.573835412258,-0.0119237295924,0.0,-0.00846380476184,0.0086994941718,-0.999926338692,0.0,0.65299444932,0.249755220745,0.303504400625,1.0,-0.01868,-0.0245508571429,0.935
0.458534955766,0.499530276381,-0.124143007867,-1.43147635907,0.0750088971968,1.921905532,0.149111738404,-0.014846863705,-0.10122806414,-0.00228440167131,-0.155954995642,-0.00589567784877,0.0533483971986,-0.0227427512107,0.57388684612,0.818919618422,0.00230072069416,0.0,0.818879452196,-0.573825245985,-0.011907003948,0.0,-0.00843082983097,0.00871745368214,-0.999926460851,0.0,0.652649275188,0.249320438263,0.303544565138,1.0,-0.01904,-0.025024,0.953
0.45828680087,0.497956933168,-0.124143362699,-1.43396267933,0.0748574332426,1.92283476536,0.148737681528,-0.0141876078908,-0.104412494498,-0.00621643470799,-0.155134096767,-0.0116742984421,0.0625484865313,-0.0226014576653,0.573857616921,0.818940063048,0.00231420336859,0.0,0.818900011364,-0.573795903699,-0.0119071065863,0.0,-0.00842348838356,0.00872825302081,-0.999926428515,0.0,0.652321424619,0.24890787276,0.303539710365,1.0,-0.01938,-0.0254708571429,0.97
0.458011660664,0.496178237983,-0.124134111926,-1.43679729711,0.0746828148505,1.92383261459,0.148324372801,-0.015542188979,-0.105292352968,-0.00018617641989,-0.155250525002,-0.00674496069661,0.0499317850236,-0.0234573454697,0.573845899611,0.818948401823,0.00226838104197,0.0,0.818907578181,-0.573784191234,-0.0119510329237,0.0,-0.0084858815109,0.00871581347124,-0.999926009468,0.0,0.651981766368,0.248475651433,0.303515586276,1.0,-0.01972,-0.0259177142857,0.987
0.457695743434,0.494196638783,-0.124134865553,-1.44002944452,0.0744813612993,1.92495430121,0.147869661304,-0.0182473925011,-0.10119269434,0.00220133060049,-0.164552044272,-0.00929250166466,0.0484573355049,-0.0191847354773,0.573840932924,0.818952179685,0.00215823813625,0.0,0.818909736178,-0.573779493302,-0.0120284646074,0.0,-0.00861255034254,0.00866999449899,-0.999925324798,0.0,0.651563702439,0.247955966479,0.303454804816,1.0,-0.0237137142857,-0.0311665959184,1.007
0.457472159684,0.492577412432,-0.124198769725,-1.44244641008,0.0743430496043,1.92584993885,0.147527832986,-0.0149162163456,-0.153163460513,-0.00238505490205,-0.222638833588,-0.0124455277102,0.0781636343942,-0.0345239206675,0.573869815923,0.818931701218,0.00224722344757,0.0,0.818890678003,-0.57380826847,-0.011953050493,0.0,-0.00849942021986,0.00869989271865,-0.999926033126,0.0,0.651249404138,0.247507886481,0.303521638266,1.0,-0.0318034285714,-0.0417987918367,1.02
0.457097749575,0.48966481242,-0.124241855428,-1.44705574842,0.0741059728395,1.92761015602,0.146834614847,-0.0312365705818,-0.18648826627,-0.00288049989518,-0.298296811195,-0.0119240680999,0.110143556801,-0.0410366475935,0.573811975024,0.818972078988,0.0023017512851,0.0,0.818931432656,-0.573749870432,-0.0119641835546,0.0,-0.00847786600271,0.00875033674363,-0.999925775943,0.0,0.650696451361,0.246850013421,0.303497123061,1.0,-0.04176,-0.0548845714286,1.036
0.45652712937,0.485805528641,-0.124298822305,-1.45314335235,0.0737580252075,1.92989893294,0.145930947926,-0.039548353745,-0.247470531227,-0.00705710162311,-0.387822931801,-0.0228294358787,0.144558790632,-0.0568096249055,0.573789335365,0.818987793333,0.00235369791331,0.0,0.818947744915,-0.573726942146,-0.0119471275028,0.0,-0.00843433407074,0.00878285904494,-0.999925858949,0.0,0.64994006221,0.245873941251,0.303481305339,1.0,-0.0523388571429,-0.0687882122449,1.053
0.455855774718,0.481381409917,-0.124425239045,-1.46015124503,0.0733245709648,1.93235403558,0.144842563013,-0.0460073511249,-0.299044288398,-0.0103990757288,-0.465240402813,-0.035578952866,0.160143286685,-0.0699178773163,0.573765934748,0.819004553692,0.00222262378225,0.0,0.818962943191,-0.573704229243,-0.0119959130284,0.0,-0.00854974334115,0.00870326033097,-0.999925574805,0.0,0.649043625712,0.244688841978,0.303432192376,1.0,-0.0622954285714,-0.0818739918367,1.069
0.454971937366,0.475754196939,-0.12456126286,-1.46896877185,0.0727962985049,1.93546438105,0.143564894419,-0.0560917480717,-0.349311189931,-0.00800446872246,-0.547252590837,-0.0288217965644,0.195658689648,-0.0781392000305,0.573827474097,0.818961650012,0.00214305434965,0.0,0.818918965339,-0.57376605697,-0.0120410539028,0.0,-0.00863171571534,0.0086646422184,-0.999925205932,0.0,0.647912758877,0.243192157647,0.303406916666,1.0,-0.0728742857143,-0.0957776326531,1.086
0.453863234837,0.468869070755,-0.124672674663,-1.47956654849,0.0721868716638,1.93934109887,0.141967917314,-0.0639211517577,-0.404253895989,-0.00218140810038,-0.613433887256,-0.0403938563485,0.237049173519,-0.101866364465,0.573852809676,0.818943490389,0.00229331159761,0.0,0.818902490174,-0.57379048289,-0.011997509401,0.0,-0.0085095656913,0.00876297177125,-0.999925396026,0.0,0.646564749531,0.241410719016,0.303460906515,1.0,-0.0840754285714,-0.110499134694,1.104
0.452785923232,0.462382726545,-0.124726811731,-1.48947677458,0.071563461803,1.94295704616,0.140353273179,-0.078240034721,-0.444961518189,-0.0017432402182,-0.685483046359,-0.0443323374742,0.242875475543,-0.11196199295,0.573750574977,0.819014657585,0.00245260612297,0.0,0.818975689607,-0.573687575205,-0.0119219456608,0.0,-0.00835737948899,0.00884901833967,-0.999925921797,0.0,0.64528706249,0.239742272489,0.303531717766,1.0,-0.0934097142857,-0.122767053061,1.119
0.451274078159,0.453842898565,-0.124855629677,-1.50285284565,0.0706856973222,1.94748635188,0.138340313212,-0.0913263092497,-0.497353589924,-0.0141404462809,-0.747033199354,-0.0522630671871,0.262436129454,-0.123557365923,0.573812855898,0.818971827338,0.00216779470123,0.0,0.81892890687,-0.573750773681,-0.0120930598036,0.0,-0.00866026813542,0.00871459071031,-0.999924524984,0.0,0.643486468718,0.237393608257,0.303435832194,1.0,-0.104610857143,-0.137488555102,1.137
0.449711789334,0.444727734675,-0.124976595783,-1.51644585887,0.0697538772638,1.95245246003,0.136215595468,-0.092067300062,-0.54011770764,-0.00668879762769,-0.833264238111,-0.0581458703258,0.299472950839,-0.130213286969,0.573801267831,0.818978894762,0.00253414108901,0.0,0.818941527229,-0.573738523771,-0.011816438674,0.0,-0.00822363784834,0.00885577136708,-0.99992697088,0.0,0.641714411777,0.235024303892,0.303649053658,1.0,-0.115189714286,-0.151392195918,1.154
0.447815289586,0.434375066607,-0.125055478287,-1.53217554801,0.0687241939465,1.95788225515,0.13368130218,-0.113167990845,-0.594515893226,-0.0088049491181,-0.871827208459,-0.0624328133298,0.322614744498,-0.147194408893,0.573749632157,0.819014927642,0.00257969018018,0.0,0.818977687783,-0.573686220947,-0.0118496291028,0.0,-0.00822524877309,0.00891160061384,-0.999926461625,0.0,0.639558734641,0.232254334444,0.303709295516,1.0,-0.126390857143,-0.166113697959,1.172
0.44608246776,0.425092296079,-0.125140984513,-1.54613917219,0.0677435195352,1.96283724922,0.131369220447,-0.122845350777,-0.624440868763,-0.0063121222617,-0.933775486294,-0.0698224643308,0.329526985624,-0.162178033967,0.573668705274,0.819070986088,0.00277186573184,0.0,0.819036640601,-0.57360504177,-0.0117040296597,0.0,-0.00799662891558,0.00898466812129,-0.999927662216,0.0,0.637655519449,0.229761690973,0.303815528053,1.0,-0.135725142857,-0.178381616327,1.187
0.443622753905,0.412503925523,-0.125291547279,-1.56501486674,0.0663863398641,1.96946025684,0.128250535167,-0.135270395558,-0.693572394479,-0.0106886963106,-1.01558944783,-0.0728274056656,0.367399736504,-0.171220735928,0.573652603709,0.819081505216,0.00298746931909,0.0,0.819050641444,-0.573589013905,-0.0115081179714,0.0,-0.00771265550195,0.00904872471619,-0.999929315265,0.0,0.635048723857,0.226300004334,0.303947083207,1.0,-0.147548571429,-0.193920979592,1.206
0.441619213274,0.40279974144,-0.125377290348,-1.57985157293,0.0653945696232,1.9744274048,0.125762441206,-0.145276475589,-0.713532800425,-0.0112006540474,-1.08136967075,-0.0812746135561,0.357250616209,-0.1876996853,0.573647021411,0.819085884162,0.00285588758716,0.0,0.819052570948,-0.573583003678,-0.0116692251347,0.0,-0.00792016149418,0.00903331223055,-0.999927832552,0.0,0.632906696073,0.223558961282,0.303874426853,1.0,-0.156260571429,-0.205371036735,1.22
0.43892275585,0.390233490725,-0.125512377481,-1.59853216986,0.0640542769981,1.98084670124,0.12256169442,-0.167165044077,-0.733483013624,-0.00719279719461,-1.11779835241,-0.0970241824393,0.382582773702,-0.185503757103,0.573693368395,0.819052634937,0.00307362400149,0.0,0.819022360625,-0.573628881144,-0.0115337077648,0.0,-0.00768374217418,0.00913435430768,-0.999928759301,0.0,0.630243889562,0.219997289626,0.303996131795,1.0,-0.166839428571,-0.219274677551,1.237
0.435849910421,0.376282806438,-0.125655442714,-1.61940982781,0.0624716411313,1.98777728733,0.118824886417,-0.172450097651,-0.778266687116,-0.00253295749844,-1.17739921806,-0.0944430497211,0.390961526568,-0.206095006995,0.573595200713,0.819121629968,0.00300797933523,0.0,0.819090741255,-0.57353121238,-0.0115348566056,0.0,-0.00772342920925,0.0090803212376,-0.999928945679,0.0,0.627155686851,0.21597694964,0.304002293309,1.0,-0.178040571429,-0.233996179592,1.255
0.432981649913,0.364130032172,-0.125810561345,-1.63747642881,0.0611320560513,1.9937239022,0.115612109843,-0.193529005514,-0.855955867908,-0.0124513951163,-1.19495123996,-0.0988498814217,0.409481237353,-0.212255551906,0.573704169696,0.819045343955,0.00299952003876,0.0,0.819014249495,-0.573640081225,-0.0115526290283,0.0,-0.00774163114781,0.00908461600491,-0.999928765912,0.0,0.624460291444,0.212370786894,0.304017492489,1.0,-0.187374857143,-0.246264097959,1.27
0.429223386364,0.349000972562,-0.126020692057,-1.66012888051,0.0594050336638,2.00102339889,0.111410995185,-0.22070248131,-0.839718420603,-0.0150107436677,-1.27346402547,-0.086883303369,0.401835910796,-0.230772668503,0.573790505861,0.818985716848,0.00275642589568,0.0,0.81895121907,-0.573726934854,-0.0117069170717,0.0,-0.00800651624002,0.00897486901024,-0.999927671096,0.0,0.620999313682,0.207750455093,0.303899790828,1.0,-0.198576,-0.2609856,1.288
0.425398395688,0.333913162733,-0.126184679112,-1.68208461697,0.0577019931751,2.00820955958,0.107218365808,-0.222467361648,-0.887650041176,-0.00546371844172,-1.33066314805,-0.106549483756,0.415954627845,-0.249338858352,0.573844214714,0.818947313203,0.00297696784211,0.0,0.818915791216,-0.573780022386,-0.0115827332423,0.0,-0.00777767333755,0.009084745347,-0.999928485043,0.0,0.617617422455,0.203223417457,0.304013071042,1.0,-0.209154857143,-0.274889240816,1.305
0.421632555313,0.319223289945,-0.126296333302,-1.70333563793,0.0559577445088,2.0150029517,0.103032998693,-0.244090580454,-0.923953896399,-0.00121765485411,-1.34434019403,-0.109486348986,0.426276104874,-0.254723962774,0.573734685879,0.819023580339,0.00310354152241,0.0,0.818993982028,-0.573670444858,-0.0114815068518,0.0,-0.00762336157698,0.00912929632411,-0.999929267652,0.0,0.614234878569,0.198841541031,0.304106711553,1.0,-0.219111428571,-0.287975020408,1.321
0.417334535726,0.303131497896,-0.12642105611,-1.72657539821,0.0540197319937,2.02233176765,0.0982582129835,-0.257165846428,-0.952484914866,-0.00427702049179,-1.37710671089,-0.119826259538,0.424626533041,-0.291587699296,0.573546777226,0.819154874039,0.00318332731152,0.0,0.819126489632,-0.573482541035,-0.011415603904,0.0,-0.00752570983573,0.00915510681942,-0.999929771389,0.0,0.610456433205,0.193968530891,0.304153227798,1.0,-0.229690285714,-0.301878661224,1.338
0.412301918477,0.28547151645,-0.126590612392,-1.75192127608,0.0519481130634,2.03008098752,0.0930242942301,-0.287084594456,-0.986984927556,-0.00695204138194,-1.41750722244,-0.108758400902,0.423522134089,-0.29838573552,0.573590364301,0.819124251023,0.00320971463291,0.0,0.819095590915,-0.573525292601,-0.011484711188,0.0,-0.00756669860848,0.00921676022933,-0.999928895674,0.0,0.606243311693,0.188470221766,0.304175130091,1.0,-0.240891428571,-0.316600163265,1.356
0.407792342022,0.270296793833,-0.126772774977,-1.77356723381,0.0500820430316,2.0365819221,0.0883099682178,-0.309132904722,-1.04159055036,-0.0199562359919,-1.46909733098,-0.135067103032,0.46515910012,-0.319720162877,0.573550248259,0.819152467754,0.00317713639402,0.0,0.819123288243,-0.573485162822,-0.0115131916465,0.0,-0.00760916526675,0.00920603758213,-0.999928672194,0.0,0.602576324259,0.183652672418,0.304176559596,1.0,-0.250225714286,-0.328868081633,1.371
0.402247245441,0.252610115523,-0.127018684522,-1.79846719674,0.0478469226413,2.04397175437,0.0828343641372,-0.336907736147,-1.07956621006,-0.0171041567443,-1.48918348678,-0.144977369723,0.446690015186,-0.338662700974,0.573698703544,0.819048353143,0.0032155351963,0.0,0.819020106117,-0.57363401232,-0.0114382073108,0.0,-0.00752404936567,0.00919584973138,-0.999929410023,0.0,0.598041455406,0.177571914962,0.304236498529,1.0,-0.261426857143,-0.343589583673,1.389
0.3960071912,0.233357304348,-0.127217861423,-1.8253973553,0.0454231239311,2.05174330793,0.0765906972298,-0.355300044377,-1.09548580747,-0.0188312596258,-1.49829863504,-0.141848212361,0.467815952707,-0.361144585866,0.573675421514,0.819064520484,0.00325098991427,0.0,0.819036389855,-0.573610208762,-0.0114659233781,0.0,-0.00752667494198,0.00924057537952,-0.999928977943,0.0,0.593543020102,0.171677475281,0.30426342894,1.0,-0.272005714286,-0.35749322449,1.406
