position_joint1,position_joint2,position_joint3,position_joint4,position_joint5,position_joint6,position_joint7,velocity_joint1,velocity_joint2,velocity_joint3,velocity_joint4,velocity_joint5,velocity_joint6,velocity_joint7,ee_T_00,ee_T_10,ee_T_20,ee_T_30,ee_T_01,ee_T_11,ee_T_21,ee_T_31,ee_T_02,ee_T_12,ee_T_22,ee_T_32,ee_T_03,ee_T_13,ee_T_23,ee_T_33,v_x,v_y,time
0.465063080871,0.54765779081,-0.124040808986,-1.35585711623,0.0795325358935,1.89415601857,0.159127902745,0.00151254379571,-0.00113155238434,-0.00278958777809,-0.000868136507521,4.96687163406e-05,8.80003339486e-05,-0.000941903367726,0.573835448086,0.818956216936,0.00208330575131,0.0,0.818914825801,-0.573776351372,-0.011830198265,0.0,-0.00849322636483,0.00849480063998,-0.999927849131,0.0,0.661698845948,0.260861027668,0.303296926372,1.0,0.0,0.0,0.0
0.465063002134,0.547657790514,-0.124039993459,-1.35585904025,0.0795346651031,1.89415348412,0.159130958905,0.000918653624848,-0.000433852740974,0.00129025652417,-0.00046468015132,6.90307739842e-05,0.000166814902868,0.00119434405027,0.573838097399,0.818954366418,0.00208100929196,0.0,0.818912916989,-0.573778981089,-0.0118347856055,0.0,-0.00849827357421,0.00849557981081,-0.999927799629,0.0,0.661697612643,0.260861391305,0.303295767508,1.0,-0.00022,-0.000289142857143,0.012
0.465059775847,0.547652960996,-0.124038513777,-1.35586050283,0.079531472746,1.89415633169,0.159135989139,-0.00051001566721,-0.00114040194737,-9.21357267908e-05,0.000154855330317,0.000227150130955,0.00021430605839,0.00223385223128,0.573843069905,0.818950872266,0.0020849071375,0.0,0.818909497958,-0.57378396188,-0.0118298835482,0.0,-0.00849197066986,0.00849601052373,-0.999927849517,0.0,0.661698654617,0.260859679775,0.303298685138,1.0,-0.00054,-0.000709714285714,0.028
0.465057386369,0.547634154714,-0.12404316441,-1.3558780372,0.0795314712856,1.89415664786,0.159127549652,-0.00127840610125,-0.00312634507274,-0.00139030360919,-0.000222589522142,4.83131523306e-05,-0.000489281264878,-0.00141817897004,0.573842290921,0.818951414734,0.00208623017965,0.0,0.818910063267,-0.573783183365,-0.0118285108412,0.0,-0.0084900953545,0.00849629822775,-0.999927862997,0.0,0.661696886536,0.260853594178,0.303303843153,1.0,-0.00088,-0.00115657142857,0.045
0.465061963135,0.547530435701,-0.124040684066,-1.35597937368,0.0795315557439,1.89417869038,0.159126186122,0.000546741067669,-0.00202092547811,-0.00123455977305,-0.00790985185602,-4.87936589006e-05,0.00338861184524,-0.000964370322688,0.573841216763,0.818952099731,0.00211262657538,0.0,0.818911004938,-0.573781917708,-0.0118247115814,0.0,-0.00847184855983,0.00851572398773,-0.999927852511,0.0,0.661679025903,0.260848905721,0.303330916401,1.0,-0.00126,-0.001656,0.064
0.465053171596,0.547392579979,-0.124035394389,-1.35616016065,0.079528003045,1.89421274505,0.15912025861,-0.00118134072296,-0.0117904893833,-0.000710580550572,-0.0095934421721,-0.000129450267877,0.00611666823319,-0.0013323195228,0.573848790039,0.818946794347,0.00211213172103,0.0,0.818905558141,-0.573789356376,-0.0118409567191,0.0,-0.0084853582158,0.00852471921932,-0.999927661313,0.0,0.66164928657,0.260828234501,0.303345295084,1.0,-0.0016,-0.00210285714286,0.081
0.465031604839,0.547242497778,-0.124038610332,-1.35635742852,0.0795233679385,1.89431138369,0.15911692476,-0.00240708278991,-0.0140119033728,0.000710073551234,-0.0153867858297,0.000524593829285,0.0124992431647,-0.00202501554541,0.573875925398,0.818927658806,0.00215842376662,0.0,0.818887013054,-0.573816293599,-0.0118181196707,0.0,-0.0084398088401,0.00854980416385,-0.999927832634,0.0,0.661634318774,0.260796613356,0.30336637682,1.0,-0.00192,-0.00252342857143,0.097
0.465020370186,0.547069296166,-0.124038622349,-1.35656526761,0.0795205146734,1.89441730937,0.15911007691,7.73747518941e-05,-0.0138662360889,-0.000165610298103,-0.0173196589489,0.000460151548832,0.00640254324736,0.000853191371741,0.573890533787,0.818917245873,0.00222408238057,0.0,0.818877410072,-0.573830600109,-0.0117888317521,0.0,-0.0083779924057,0.00858691509126,-0.999928034477,0.0,0.661615454239,0.260773517397,0.303399328128,1.0,-0.00224,-0.002944,0.113
0.464998749525,0.546861926536,-0.124035711061,-1.35679946351,0.0795148467518,1.89454164092,0.159093461151,-0.00277710188421,-0.0132227356604,0.000739663004139,-0.013429664352,-0.000356893113175,0.0089286107866,0.00137906294314,0.573904352056,0.818907317595,0.00231231079467,0.0,0.818868594942,-0.573844046344,-0.0117465567177,0.0,-0.00829259512803,0.00863504496486,-0.999928331864,0.0,0.661597304807,0.260743358217,0.303445425602,1.0,-0.00256,-0.00336457142857,0.129
0.464970868246,0.546618589665,-0.124036458843,-1.35717422514,0.0795086015972,1.89467404169,0.159037298658,-0.00158974601205,-0.00920780050579,0.00129354682853,-0.0255133201214,-0.000777376778767,0.0141027474547,0.00187389020629,0.573900998508,0.818909639671,0.00232225450851,0.0,0.818870894956,-0.573840498194,-0.0117595462065,0.0,-0.00829756181635,0.00865060848863,-0.99992815614,0.0,0.66155195312,0.260691164954,0.303450895722,1.0,-0.00292,-0.00383771428571,0.147
0.464928564279,0.546332013626,-0.124041095368,-1.35757741079,0.0795001979936,1.89482171185,0.158941621643,-0.00222984890115,-0.0180899513008,-5.86493770041e-05,-0.0211051614517,0.000226947029712,0.0124646755259,-0.00357569176946,0.573880808429,0.818923687906,0.00235754195283,0.0,0.818885280408,-0.573820051162,-0.0117555653608,0.0,-0.00827426539993,0.00867701681535,-0.999928120372,0.0,0.661509014446,0.260625064103,0.303474894075,1.0,-0.00326,-0.00428457142857,0.164
0.464892396467,0.54605912351,-0.124038590687,-1.35804694006,0.079477907033,1.89497930885,0.158920748375,-0.00349899799119,-0.0168559056372,0.000240815764868,-0.0235100883873,-0.000781184506661,0.0018865658139,-0.00305573407949,0.573911892797,0.818901990032,0.00232742971678,0.0,0.818863100664,-0.573851150602,-0.0117824540937,0.0,-0.00831323693945,0.00866810373304,-0.999927874434,0.0,0.661449972728,0.260557518618,0.303458203729,1.0,-0.0036,-0.00473142857143,0.181
0.464841270283,0.545753874776,-0.124043959139,-1.35855337859,0.079446923946,1.89515353201,0.158836072702,-0.00468932845787,-0.0112862518265,-0.00181977046323,-0.0363999055028,-0.00483911061742,0.0104946573795,-0.00850728525039,0.573908228952,0.818904627107,0.00230289914943,0.0,0.818865423559,-0.573847585627,-0.0117946373895,0.0,-0.00833733053591,0.00865497057776,-0.999927787595,0.0,0.661392777227,0.260471288499,0.30344852789,1.0,-0.00392,-0.005152,0.197
0.464780902006,0.545408813773,-0.124036872551,-1.35916072069,0.079397388602,1.89535021705,0.158767418693,-0.00318730833727,-0.0265755264043,0.00165202236314,-0.0328107063798,-0.00159904464283,0.0107850257684,-0.00516107701134,0.573929525279,0.818889898303,0.00223189848873,0.0,0.818849845937,-0.573869230283,-0.0118229964256,0.0,-0.00840107621954,0.00861332229269,-0.999927613679,0.0,0.661314597952,0.260360975311,0.303418414797,1.0,-0.00428,-0.00562514285714,0.215
0.46471629048,0.54500953471,-0.124044205442,-1.35985825287,0.0793596054401,1.89555063824,0.158694013108,-0.00191197967828,-0.0210367543583,-0.000142752721029,-0.0413490769619,-0.00101084259535,0.0161325618639,-0.00409851976158,0.573943735224,0.818880134375,0.00215898707641,0.0,0.818838999259,-0.573883589998,-0.0118770924135,0.0,-0.0084870711798,0.00858481088468,-0.999927132668,0.0,0.661229284893,0.260256164059,0.303388705902,1.0,-0.0046,-0.00604571428571,0.231
0.464644944291,0.544578711443,-0.12404248979,-1.36061663064,0.0793254771096,1.89580467025,0.158587788892,-0.00293805495959,-0.0209183484042,0.00102350159899,-0.0408088339466,-0.00228455836477,0.0149635817755,-0.00999832819066,0.573947158985,0.818877881585,0.00210253305776,0.0,0.818835847142,-0.573887076761,-0.0119258317609,0.0,-0.00855934809218,0.00856659162863,-0.999926672846,0.0,0.661137020936,0.260137323725,0.303354616888,1.0,-0.00496,-0.00651885714286,0.249
0.464587769559,0.544165226819,-0.124045025034,-1.36128622965,0.0792969383901,1.89603792385,0.158497881513,-0.00496049923697,-0.0274104357746,0.000563665720353,-0.048472373662,-0.00483689330791,0.0121659857048,-0.0110569547257,0.573951822742,0.818874647613,0.00208891596728,0.0,0.818832312825,-0.573891673082,-0.0119472985549,0.0,-0.00858469369661,0.0085678106321,-0.999926445122,0.0,0.661057464203,0.260035208112,0.303348816635,1.0,-0.00526,-0.00691314285714,0.264
0.464517222253,0.543688880006,-0.124047481452,-1.36205080006,0.0792598300151,1.89630740697,0.158411047426,-0.00742744839182,-0.0324954022639,-0.000407307041021,-0.0516664353354,-0.00542549416178,0.0213653044418,-0.0107836611459,0.573977765188,0.818856509926,0.00207077835089,0.0,0.818813825879,-0.573917575102,-0.0119700643455,0.0,-0.00861347485989,0.00856629765399,-0.999926210575,0.0,0.660961118101,0.259910393887,0.303341535881,1.0,-0.0056,-0.00736,0.281
0.464436861562,0.543103424878,-0.124053461831,-1.36299348876,0.0791999994041,1.89663009295,0.158296981559,-0.00589961203368,-0.0273895750687,0.000244186996637,-0.0503957149892,-0.00559958045812,0.0199903233212,-0.00132279045297,0.573985891199,0.818850879612,0.00204464274794,0.0,0.818807881504,-0.573925835849,-0.0119806107062,0.0,-0.00863702660648,0.00855103574412,-0.999926138052,0.0,0.66085709049,0.259766344813,0.303338996549,1.0,-0.00596,-0.00783314285714,0.299
0.464361893837,0.542559282274,-0.124054584376,-1.36384207422,0.0791475825758,1.89693028226,0.158169438113,-0.00233468455212,-0.0377378515389,-0.000209747499867,-0.0508684967811,-0.0054480124092,0.0160121267143,-0.00837499436716,0.573976775464,0.818857279544,0.00204055539518,0.0,0.818814215828,-0.573916726226,-0.0119840818291,0.0,-0.00864231016358,0.00854958501694,-0.999926104805,0.0,0.66075842825,0.259634454816,0.303346003434,1.0,-0.00628,-0.00825371428571,0.315
0.464280396315,0.541935799862,-0.124054564395,-1.36481650346,0.0790944426952,1.89728906202,0.158055681551,-0.00811650191608,-0.0364777661162,-0.000829744160079,-0.0519927628652,-0.0012601313071,0.0172716463835,-0.00570974969414,0.573990331925,0.81884775367,0.00204989466264,0.0,0.818804749496,-0.573930180147,-0.0119865516637,0.0,-0.0086388308153,0.00855879303709,-0.999926056098,0.0,0.660645867484,0.259488881771,0.30335420217,1.0,-0.00664,-0.00872685714286,0.333
0.464194611695,0.541337974283,-0.124060271157,-1.36572334683,0.0790393676493,1.89761774223,0.157943138384,-0.00958096795943,-0.0349298910845,-0.000814255055404,-0.0519749778034,-0.000354641704001,0.0269982861472,-0.0115139361509,0.574008003228,0.818835327252,0.00206542371648,0.0,0.818792542769,-0.573947801257,-0.0119766539744,0.0,-0.00862162796884,0.00856601369222,-0.999926142743,0.0,0.660544592378,0.259342498915,0.303373909414,1.0,-0.00696,-0.00914742857143,0.349
0.464117021173,0.540641936922,-0.124060222339,-1.36676604295,0.0789796906923,1.89800318428,0.157803281455,-0.00542841527062,-0.0423873302714,0.00112600801937,-0.0595446479783,-0.0033450222675,0.0188442026561,-0.0086652322568,0.573998835251,0.818841664107,0.00210075080424,0.0,0.818799303328,-0.57393845072,-0.0119625480471,0.0,-0.00858989647,0.00858674726212,-0.999926238005,0.0,0.660422521888,0.259193143532,0.303403026171,1.0,-0.0073,-0.00959428571429,0.366
0.464029664461,0.539998179838,-0.124063726055,-1.36774287119,0.0789170564065,1.8983535222,0.157687207745,-0.000584258750337,-0.044186465542,-0.000941888142558,-0.0656833345429,-0.00565843329286,0.0271059015205,-0.00647988098299,0.574015054131,0.818830262897,0.00211307752405,0.0,0.818788092097,-0.573954645942,-0.0119528884756,0.0,-0.00857474124104,0.00859146605207,-0.999926327548,0.0,0.660310611397,0.259039559625,0.303423503049,1.0,-0.0076,-0.00998857142857,0.381
0.463930661771,0.53925249463,-0.124066764506,-1.36889629578,0.0788498856622,1.89878079544,0.157551677816,-0.00616065412842,-0.0485274288378,-0.000310002649398,-0.065867219775,-0.00557510640978,0.0320132965964,-0.0166370253987,0.574033144351,0.818817537346,0.00212993486031,0.0,0.81877557088,-0.573972649094,-0.0119461091482,0.0,-0.00855932411293,0.0086015668351,-0.999926372799,0.0,0.660178881604,0.258863423985,0.303438511975,1.0,-0.00794,-0.0104354285714,0.398
0.463806786588,0.538395946514,-0.124072876364,-1.37020962451,0.0787793663174,1.8992916324,0.157375274391,-0.00728529910882,-0.0498138733389,-0.000694631264575,-0.0723676780734,-0.00526337775193,0.027866239769,-0.0129076602205,0.574048294898,0.818806788511,0.00217832811481,0.0,0.81876542958,-0.573987577014,-0.0119239112628,0.0,-0.00851321011669,0.00862860681103,-0.9999265335,0.0,0.660036820144,0.258656696784,0.303462946697,1.0,-0.00832,-0.0109348571429,0.417
0.463705156291,0.537624344842,-0.124084687008,-1.37144451712,0.0787070059535,1.89976402591,0.157231281855,-0.00890814018209,-0.0433027443847,-0.000575252860004,-0.0702928360937,-0.00485558084562,0.0277042858516,-0.0113743207525,0.574070833304,0.81879097541,0.00218262179461,0.0,0.818749718373,-0.574010141812,-0.0119164870382,0.0,-0.00850442873624,0.00862809474129,-0.999926612644,0.0,0.659898371561,0.258466648391,0.303461419646,1.0,-0.00866,-0.0113817142857,0.434
0.463599299962,0.536887110393,-0.124080444333,-1.37258379683,0.0786429874319,1.90018221524,0.157094282748,-0.0100130044911,-0.0494114724748,0.000329019464843,-0.076667107417,-0.00776930694633,0.025118233307,-0.00369273978992,0.574087961528,0.81877891994,0.00219990728152,0.0,0.818737810119,-0.574027118878,-0.0119168777263,0.0,-0.00849464538344,0.00864264970961,-0.999926570107,0.0,0.659767065069,0.258291716124,0.303475776275,1.0,-0.00896,-0.011776,0.449
0.463478616996,0.535990744661,-0.124094055012,-1.37398484927,0.0785608034351,1.90070234882,0.156917349007,-0.00776564515825,-0.0538120208614,-3.8066346292e-05,-0.0785667742539,-0.00724374492385,0.0296666364982,-0.0121521881643,0.57410657076,0.818765843184,0.00221050806335,0.0,0.818724904171,-0.574045716421,-0.0119077139286,0.0,-0.00848086003311,0.0086462612788,-0.9999266559,0.0,0.659608217479,0.258071646616,0.303487143292,1.0,-0.00932,-0.0122491428571,0.467
0.463379037794,0.53520224421,-0.124097597043,-1.37523062052,0.0784840912292,1.90115424437,0.156771148928,-0.00770802971397,-0.0499425455524,-0.00230321789103,-0.0868412762085,-0.00544704279414,0.0386574755351,-0.00927103110532,0.574118724913,0.818757338722,0.00220383619716,0.0,0.81871631518,-0.57405789829,-0.0119109852399,0.0,-0.00848724040672,0.00864280270971,-0.999926631664,0.0,0.659460596057,0.257884634703,0.303489884281,1.0,-0.00962,-0.0126434285714,0.482
0.46326070537,0.534305537257,-0.124098912872,-1.37667661943,0.0784148083992,1.90167713558,0.156595337016,-0.00781907722519,-0.0537806998752,-0.00204470852764,-0.0899025116665,-0.0113461475339,0.0366923780783,-0.0035216046784,0.574133344073,0.818747124145,0.0021901663378,0.0,0.818705728356,-0.574072373534,-0.0119409883417,0.0,-0.00851949990305,0.00864898781481,-0.99992630385,0.0,0.659287070792,0.257670224398,0.303479635525,1.0,-0.00996,-0.0130902857143,0.499
0.463114300133,0.533286913165,-0.124104673978,-1.37833073432,0.0783226067583,1.90227726579,0.156396334734,-0.00899310673263,-0.0570440310785,-0.000869119066492,-0.0911854502286,-0.00551010030485,0.0307070743713,-0.0138892434544,0.574160186586,0.818728376313,0.00216167990796,0.0,0.818686524336,-0.57409924331,-0.0119658097257,0.0,-0.00855589389599,0.00864019610587,-0.999926069113,0.0,0.659092862972,0.257413181197,0.303462947866,1.0,-0.01034,-0.0135897142857,0.518
0.463004501369,0.53244570978,-0.124104596483,-1.37967339028,0.078246597141,1.90278787778,0.156224171601,-0.00434537275609,-0.0570305147501,-0.00101216655297,-0.0881722873112,-0.00445468750181,0.0321890964828,-0.0182901710673,0.574163504415,0.81872604408,0.00216375706745,0.0,0.818684131329,-0.574102463434,-0.0119750361176,0.0,-0.00856222053486,0.0086472287639,-0.999925954166,0.0,0.658922978514,0.257204467968,0.303454981545,1.0,-0.01066,-0.0140102857143,0.534
0.462857689336,0.531417971528,-0.124099170729,-1.38132933747,0.0781487911427,1.90339561516,0.156008056376,-0.0067477528397,-0.0560315809991,0.00102564132131,-0.0904140532067,-0.00788133787603,0.0356086639897,-0.0123266131557,0.574165743872,0.818724496935,0.00215489764612,0.0,0.818682427272,-0.574104697484,-0.0119844275833,0.0,-0.00857497267771,0.00864539106424,-0.99992586078,0.0,0.65874071063,0.256963619576,0.303449972159,1.0,-0.011,-0.0144571428571,0.551
0.462730228882,0.530416295804,-0.124102386364,-1.38296484055,0.0780456359643,1.90396923102,0.155808028193,-0.0081713437716,-0.0539562014559,0.000891068900668,-0.0922762919332,-0.00447486905628,0.03649945901,-0.00382098222373,0.574169777843,0.81872181044,0.00210005322518,0.0,0.818679001308,-0.57410893586,-0.0120153853376,0.0,-0.00863176490261,0.00861830653618,-0.999925605946,0.0,0.658538914222,0.256719051971,0.30342714808,1.0,-0.01134,-0.014904,0.568
0.462605452259,0.529483239081,-0.12410780025,-1.38443079673,0.0779468672335,1.90450853674,0.155610023885,-0.00500230630147,-0.0599577744072,-0.000660466383749,-0.102097476175,-0.00186775176858,0.036909573188,-0.015812992976,0.57415725479,0.81873057927,0.00210528868918,0.0,0.818687895102,-0.57409644899,-0.0120060223543,0.0,-0.00862122486164,0.00861708510703,-0.999925707403,0.0,0.658354831877,0.256483898714,0.303437137451,1.0,-0.01166,-0.0153245714286,0.584
0.462463330392,0.528326385679,-0.124105698067,-1.38621770781,0.0778418229615,1.90518063563,0.155359901083,-0.00459337261359,-0.0611739903016,0.000827886979162,-0.0974936243964,-0.00590659596338,0.0363660007008,-0.00707739142536,0.574145511554,0.818738734739,0.00213604817402,0.0,0.818696440387,-0.574084567278,-0.0119914557927,0.0,-0.00859176246974,0.00863378178397,-0.999925816963,0.0,0.658155517033,0.256231941864,0.303455818354,1.0,-0.012,-0.0157714285714,0.601
0.462311163562,0.527219473275,-0.124106433055,-1.38795500189,0.077727029035,1.90584188426,0.155125379258,-0.0113407969833,-0.0645430443954,0.00054032027451,-0.110661692975,-0.00286902761118,0.0364428706013,-0.012356525098,0.574141811117,0.818741278445,0.00215559711309,0.0,0.818699330341,-0.574080878249,-0.0119707405502,0.0,-0.00856361721437,0.00863785487837,-0.999926023225,0.0,0.657955156843,0.255965983611,0.30346540607,1.0,-0.01234,-0.0162182857143,0.618
0.462159900119,0.526060284472,-0.12410888546,-1.38975815464,0.0776159007162,1.90651706328,0.154869467921,-0.0109246350563,-0.0664455515545,-0.000301238137311,-0.107358417259,-0.00432041769107,0.0293577474963,-0.0157494390196,0.574125332906,0.818752768485,0.00218016404599,0.0,0.818711154814,-0.57406431546,-0.0119563204946,0.0,-0.00853788050585,0.00864951763809,-0.999926142493,0.0,0.657742927731,0.255694061168,0.303481417022,1.0,-0.01268,-0.0166651428571,0.635
0.46202076117,0.525021513999,-0.124118090288,-1.3913811414,0.0775200089584,1.9071021121,0.154651343741,-0.00888088819325,-0.0722971752608,-0.000167373714328,-0.109443687038,-0.00362429991033,0.0366520322123,-0.00970925829148,0.574128692748,0.818750411789,0.0021804266127,0.0,0.818708777129,-0.574067649072,-0.011959073631,0.0,-0.00853994850098,0.00865134828124,-0.999926108996,0.0,0.657548897765,0.255442380174,0.303490605196,1.0,-0.01298,-0.0170594285714,0.65
0.461858935954,0.523846182382,-0.12411846978,-1.39327276489,0.0773955690519,1.90777528361,0.15439745588,-0.0095444157477,-0.0684047644874,0.00184940148058,-0.110552592389,-0.0112601537277,0.0359154247736,-0.0175080817629,0.574121561803,0.818755523727,0.00213811633107,0.0,0.818713349849,-0.574060705953,-0.0119792971619,0.0,-0.00858087235962,0.00862824330009,-0.999925958282,0.0,0.657317743398,0.25515224842,0.30347505291,1.0,-0.01332,-0.0175062857143,0.667
0.461709930502,0.522629658954,-0.124126960459,-1.39519333089,0.0772887596009,1.90850909714,0.154134363194,-0.00759940454205,-0.0669932498397,-0.000871116039024,-0.118896773055,-0.00918906592957,0.0485596777374,-0.0192203356695,0.574108608655,0.818764535374,0.0021651750992,0.0,0.818722669639,-0.574047597581,-0.011970498366,0.0,-0.00855827074206,0.00864521054638,-0.999926005431,0.0,0.657089969701,0.254869866364,0.303479907093,1.0,-0.01366,-0.0179531428571,0.684
0.461551981149,0.521478449205,-0.124127370123,-1.39705252573,0.0771645394089,1.90923824862,0.153873451258,-0.0074736359273,-0.0701795061577,-4.96169419375e-05,-0.118929930016,-0.011658481714,0.0487224786504,-0.0228995056319,0.574090837095,0.81877697356,0.00217376003981,0.0,0.818735346122,-0.574029920801,-0.0119511478931,0.0,-0.0085376857759,0.00864094504175,-0.999926218273,0.0,0.656874777541,0.254589659866,0.303467083027,1.0,-0.01398,-0.0183737142857,0.7
0.461369186528,0.520110802479,-0.12413832627,-1.39919481354,0.0770269992805,1.91003491461,0.153595779834,-0.00938583173354,-0.072041153492,-0.00145869928577,-0.113826724522,-0.00782079509686,0.0421788135267,-0.00937560086122,0.574098104368,0.818771847932,0.00218506226791,0.0,0.818730458564,-0.574037233047,-0.0119347474685,0.0,-0.00851769213306,0.00864085929369,-0.999926389526,0.0,0.656620740194,0.25425872894,0.303477357276,1.0,-0.01434,-0.0188468571429,0.718
0.461185173519,0.518695142502,-0.124134713674,-1.40139534052,0.0768852690659,1.91082441128,0.15329255322,-0.0120013321769,-0.0872366992888,0.00142554655836,-0.121924198355,-0.00706452405033,0.0464926825207,-0.0217035337192,0.57407650301,0.818786989938,0.00218648171862,0.0,0.818745600512,-0.574015609816,-0.0119360056156,0.0,-0.00851813547332,0.00864251904671,-0.999926371406,0.0,0.656349180461,0.25392813162,0.303492079692,1.0,-0.0147,-0.01932,0.736
0.461018019308,0.51744352834,-0.124139747021,-1.40337991466,0.076753733397,1.91153400348,0.153028504457,-0.0133637706547,-0.0747146426056,0.00028393679271,-0.125016416124,-0.00958265505236,0.0402350108412,-0.0242888807382,0.574070297166,0.818791412183,0.00215966397933,0.0,0.818749720113,-0.574009561519,-0.0119442873554,0.0,-0.00854037656614,0.00862525093295,-0.999926330794,0.0,0.656104788788,0.253623324769,0.303487423144,1.0,-0.01502,-0.0197405714286,0.752
0.460820588908,0.515999202397,-0.124143976731,-1.40564671376,0.0766067102735,1.91238127316,0.152708873134,-0.0121055159062,-0.080898562767,0.000315752937568,-0.123613425331,-0.00922629344972,0.044831935857,-0.0158733876167,0.574053453264,0.818803183478,0.00217403387018,0.0,0.818761751286,-0.573992734619,-0.011928207627,0.0,-0.00851913875168,0.00862761066667,-0.999926491603,0.0,0.655833675151,0.253275018471,0.303495129324,1.0,-0.01538,-0.0202137142857,0.77
0.46066913798,0.514878131702,-0.124151782307,-1.40745281276,0.0764958193802,1.91306664545,0.152469151688,-0.0105733874328,-0.0785121115253,-0.00108605510257,-0.134907395398,-0.00703083075809,0.0488927801169,-0.018983859957,0.574052241118,0.818804044077,0.00216997020548,0.0,0.81876259138,-0.573991571973,-0.011926489941,0.0,-0.00852007762388,0.00862328473292,-0.999926520919,0.0,0.655617481742,0.253000095955,0.303481187909,1.0,-0.01566,-0.0205817142857,0.784
0.460478363661,0.513465323281,-0.124149747071,-1.40972376487,0.0763665980386,1.91385113648,0.152152919412,-0.0174068730515,-0.0784598945942,0.000521052230939,-0.13504868316,-0.00969762487642,0.0443591907703,-0.0203643721639,0.574032418376,0.818818087468,0.00211404610359,0.0,0.818775680472,-0.57397175476,-0.0119815152189,0.0,-0.00859744415223,0.00860887344143,-0.999925982887,0.0,0.655326316761,0.25265768293,0.303458421615,1.0,-0.016,-0.0210285714286,0.801
0.460255792041,0.511873604751,-0.124152905972,-1.41227509283,0.0762099665327,1.9147696625,0.151794318082,-0.0124780709413,-0.0862284508991,-0.000331547173146,-0.134065895566,-0.0107933053527,0.0454628273707,-0.0176056494356,0.574014650741,0.818830636361,0.00207764118379,0.0,0.818787683759,-0.573954071146,-0.0120083321249,0.0,-0.0086404859758,0.00859427104958,-0.999925737496,0.0,0.655009627671,0.252265209552,0.303438826248,1.0,-0.01636,-0.0215017142857,0.82
0.460088122571,0.510590158728,-0.124153216297,-1.41432459961,0.0760862267773,1.91555335008,0.151502603704,-0.0121290779098,-0.0899113641485,-0.00223813919488,-0.141912516265,-0.00969846026677,0.05622210722,-0.0177291429382,0.573994244496,0.818844904393,0.0020920650509,0.0,0.818802160024,-0.573933626843,-0.011998400776,0.0,-0.00862428889836,0.00860016595104,-0.999925826642,0.0,0.654745459567,0.251931969828,0.303431196515,1.0,-0.0167,-0.0219485714286,0.836
0.459861514374,0.508918525425,-0.124158271298,-1.41697390211,0.0759113730753,1.91652463601,0.151138340511,-0.0131194409586,-0.091073684956,0.000864174945387,-0.136826205263,-0.00952386621593,0.04136731126,-0.0180260704941,0.573968758729,0.818862807171,0.00207700202235,0.0,0.818819900477,-0.573908241561,-0.0120019895277,0.0,-0.00863614053042,0.00858962299761,-0.999925814975,0.0,0.654433218029,0.251556038498,0.303423183078,1.0,-0.01706,-0.0224217142857,0.854
0.459685056715,0.507682364705,-0.124164625778,-1.41891873173,0.0757841553712,1.91722231385,0.150865101915,-0.0149940786594,-0.0881947717421,-0.001106286268,-0.144462630457,-0.0156700518569,0.0511334432162,-0.0197235491012,0.573960439193,0.818868675936,0.00206221085952,0.0,0.818825608779,-0.573900017635,-0.0120057930559,0.0,-0.00864783151218,0.00857960650172,-0.999925799928,0.0,0.654192590651,0.251249193255,0.303422873987,1.0,-0.01734,-0.0227897142857,0.868
0.459476655122,0.50611917618,-0.124162525855,-1.42134282872,0.0756358870201,1.91812071744,0.150533680524,-0.0105036914668,-0.0927464439388,0.00120204607482,-0.143954779771,-0.00633933211389,0.0558699480075,-0.0198611814892,0.573943628848,0.818880376125,0.00209461305174,0.0,0.818837679341,-0.573883021207,-0.0119949890917,0.0,-0.00862056428519,0.00859976122973,-0.999925862241,0.0,0.653892385267,0.250884066561,0.303439825072,1.0,-0.01768,-0.0232365714286,0.885
0.45923603033,0.504400865962,-0.124168097608,-1.4239605538,0.0754684285403,1.91913169478,0.150180221513,-0.00920217816584,-0.0982185714579,0.00175039391452,-0.145528653766,-0.00878727664942,0.0564079667571,-0.0231545274265,0.573945127457,0.818879094549,0.00218313523886,0.0,0.818837667513,-0.573884270505,-0.0119358799419,0.0,-0.00852133964772,0.00863833981624,-0.999926380218,0.0,0.653582095142,0.250477039236,0.303482370217,1.0,-0.01804,-0.0237097142857,0.903
0.459004759655,0.502736181408,-0.124172735986,-1.42643807623,0.0753081960851,1.92006834511,0.149827759887,-0.0116384333388,-0.0954281731837,-0.00130558747795,-0.145186224135,-0.016138218779,0.0473656057639,-0.0261185690023,0.573939903007,0.81888252827,0.00226705344924,0.0,0.818842334199,-0.57387885321,-0.0118760457933,0.0,-0.00842423456409,0.00867266288447,-0.999926905924,0.0,0.653304224621,0.250100450159,0.303539116223,1.0,-0.01836,-0.0241302857143,0.919
0.458759844104,0.500935146355,-0.124175069611,-1.42915715361,0.0751331788193,1.92102194251,0.14945033566,-0.0134545214975,-0.0959461028106,0.00063398101988,-0.153602611301,-0.0142619075542,0.0586780133145,-0.0205337019592,0.573917619475,0.818898018118,0.00231276442593,0.0,0.81885834058,-0.5738563117,-0.0118616392942,0.0,-0.00838643991132,0.0087015977595,-0.999926972244,0.0,0.652939500584,0.249665250168,0.303592545264,1.0,-0.01874,-0.0246297142857,0.938
0.458528201514,0.499336087738,-0.124178093842,-1.43159008856,0.0749799048751,1.92190710487,0.149103610525,-0.0127808858847,-0.101366505348,-0.000206273306538,-0.154200724611,-0.0101227435056,0.0548747505228,-0.0144905661653,0.573908003354,0.818904636374,0.00235523095804,0.0,0.81886549934,-0.573846519076,-0.0118411754181,0.0,-0.00834541303816,0.00872453069032,-0.999927115667,0.0,0.652638365049,0.249280095971,0.303626829379,1.0,-0.01906,-0.0250502857143,0.954
0.4582591012,0.497565867015,-0.124175318552,-1.43439564713,0.0748115314916,1.92295212387,0.148686230285,-0.0174861366509,-0.099213530985,-1.58754310796e-05,-0.155526281037,-0.00671636115987,0.0623573010045,-0.0285259160162,0.573881841447,0.818922941269,0.00236542231042,0.0,0.81888383696,-0.573820216579,-0.0118476796025,0.0,-0.00834517015525,0.00873634248644,-0.999927014564,0.0,0.652291380001,0.248840434728,0.303616302376,1.0,-0.01942,-0.0255234285714,0.972
0.45803704587,0.496193355447,-0.124181661993,-1.43661364991,0.0746691990352,1.92372902784,0.148356479952,-0.0138293782203,-0.10251287879,-0.00108526338893,-0.164219509132,-0.00801472772267,0.0565163047982,-0.024974930671,0.57387177294,0.818930174234,0.0023032265313,0.0,0.818890216456,-0.573810346676,-0.0118847103904,0.0,-0.00841129467978,0.00870655712357,-0.999926720307,0.0,0.652010231285,0.248476819158,0.303584701342,1.0,-0.0197,-0.0258914285714,0.986
0.457765645828,0.494523637441,-0.124176136094,-1.4393537909,0.074491316645,1.92466990411,0.147977157091,-0.017533227445,-0.099059346212,0.000647246267313,-0.163995847802,-0.0146190969028,0.0577366141657,-0.0202621261378,0.573869110287,0.818932350208,0.00219019239048,0.0,0.818890785461,-0.573808001241,-0.0119585157696,0.0,-0.0085366298629,0.00865631783297,-0.999926094325,0.0,0.651653598626,0.248035579804,0.303525035759,1.0,-0.020876,-0.0274370285714,1.003
0.457459353554,0.492337913672,-0.124245224306,-1.44271262593,0.0742915659007,1.92590399089,0.147491781362,-0.0145939765903,-0.134013404001,-0.00369704817875,-0.211940932341,-0.014988528876,0.0789503972972,-0.0267251589614,0.573887024295,0.818919684651,0.00223166722014,0.0,0.818878836349,-0.573825923807,-0.0119166877997,0.0,-0.00847838494594,0.00866646441344,-0.999926501991,0.0,0.651244008688,0.247477651211,0.303556860536,1.0,-0.02894,-0.0380354285714,1.021
0.457067114041,0.489535437217,-0.124265368523,-1.447211992,0.0740532128087,1.92758707019,0.146832222869,-0.0276917323848,-0.168426981141,0.000435414237556,-0.279079653199,-0.0218898190817,0.0911364864453,-0.0391139541786,0.573844116794,0.818949744435,0.00223441521868,0.0,0.818908584118,-0.573782655226,-0.0119558488047,0.0,-0.00850933445714,0.00869074262466,-0.999926028374,0.0,0.65067270932,0.246789715653,0.303511260286,1.0,-0.037004,-0.0486338285714,1.039
0.456614972309,0.486588269612,-0.124299509831,-1.45185520915,0.0737852336375,1.92931167299,0.146139359558,-0.0298992957012,-0.202771116283,0.000127461935026,-0.322078512403,-0.0168771939036,0.124037480052,-0.0521950272473,0.573830246528,0.818959390519,0.00226091801222,0.0,0.81891846175,-0.573768562354,-0.0119556162842,0.0,-0.00849408408536,0.00871216947673,-0.999925971579,0.0,0.650094288872,0.246037935829,0.303499751239,1.0,-0.043724,-0.0574658285714,1.054
0.455931051229,0.482126692508,-0.124425128363,-1.45882750207,0.0733561084603,1.93183102103,0.145066324224,-0.0372279434874,-0.2494607677,-0.00317752592754,-0.389781590921,-0.0203340673092,0.141038452729,-0.057129901963,0.573829537964,0.81895992945,0.00224548789497,0.0,0.818919076518,-0.573768200125,-0.0119308650501,0.0,-0.00848267416957,0.00868532287187,-0.999926301987,0.0,0.649224676496,0.244854587805,0.303499748311,1.0,-0.052236,-0.0686530285714,1.073
0.45528015355,0.478007851072,-0.124510615926,-1.46526678017,0.0729787253899,1.93409664688,0.144122543583,-0.0479780946076,-0.287095889342,-0.00715959416677,-0.443608950901,-0.0225992977322,0.158641547029,-0.0666620535612,0.573863530041,0.818936238341,0.00219848169379,0.0,0.818894612821,-0.573802216394,-0.01197399076,0.0,-0.00854460579246,0.00867192838314,-0.999925890939,0.0,0.64839850581,0.243766978079,0.303488271893,1.0,-0.058956,-0.0774850285714,1.088
0.454482151442,0.473078303348,-0.12459799613,-1.47286491151,0.0725160069059,1.93686113252,0.143020042432,-0.0563947305161,-0.313917553034,-0.0034551847274,-0.496236868256,-0.0294796373961,0.174108310595,-0.0769115681071,0.573919249084,0.818896992683,0.00227108069809,0.0,0.818856364921,-0.573857685642,-0.0119313518937,0.0,-0.00846743409541,0.00870748905041,-0.999926238377,0.0,0.647439501121,0.242477423903,0.303524910538,1.0,-0.066124,-0.0869058285714,1.104
0.453460958199,0.466855625338,-0.124648909048,-1.48227040167,0.0719460233705,1.94036764055,0.141522132454,-0.0636788171484,-0.35676623823,-0.00637994686914,-0.536018403484,-0.0312447710633,0.208022270424,-0.088236655907,0.57386036159,0.818937436463,0.00255097172246,0.0,0.818900383983,-0.573797650828,-0.0117967757099,0.0,-0.00819723749893,0.00885886425811,-0.999927160258,0.0,0.646253557606,0.24090259671,0.303650727236,1.0,-0.074188,-0.0975042285714,1.122
0.452365331961,0.460418333108,-0.124693657766,-1.49225209146,0.0712972424926,1.94384519069,0.139994170231,-0.0663932271376,-0.388236417825,-0.000964651999242,-0.604251686624,-0.0359762566785,0.207600609716,-0.0904576572393,0.573829901076,0.818958981112,0.00248571671581,0.0,0.81892086833,-0.573767213382,-0.0118550901685,0.0,-0.00828276928104,0.00883858068002,-0.999926634921,0.0,0.644927500121,0.239206927428,0.303638618828,1.0,-0.081804,-0.107513828571,1.139
0.45120676917,0.453804095507,-0.124784056333,-1.50253218221,0.0706117866646,1.94732082302,0.138407929296,-0.0755511153712,-0.427573211898,-0.00504192280272,-0.64801852131,-0.0404714100708,0.226151114521,-0.106086297045,0.573831867028,0.818958136538,0.00230345017288,0.0,0.818917538627,-0.573769780135,-0.0119604027869,0.0,-0.00847358222203,0.0087497644676,-0.999925817262,0.0,0.643539382044,0.237408351186,0.30359745081,1.0,-0.088972,-0.116934628571,1.155
0.449881093126,0.446064904005,-0.124879661482,-1.51394304179,0.0698264735555,1.95162887334,0.136620597453,-0.0807741144586,-0.458344241468,-0.00503406860349,-0.69728840107,-0.041934151415,0.249315430729,-0.108619650816,0.573826741494,0.818960190631,0.00279710743227,0.0,0.81892690665,-0.573763799492,-0.011600468003,0.0,-0.00789559451391,0.00894745755735,-0.99992879876,0.0,0.642086941539,0.235423018839,0.303849030577,1.0,-0.096588,-0.126944228571,1.172
0.4483981035,0.437968725876,-0.124899449449,-1.52642999096,0.0690048470267,1.95588676144,0.134633340773,-0.0905658857148,-0.482510148287,0.000466088393132,-0.742279375039,-0.0515917123979,0.248880294795,-0.119450749717,0.573757603306,0.819008989911,0.00268960867446,0.0,0.818973716706,-0.573694375983,-0.0117286491453,0.0,-0.00806301095734,0.00893229241056,-0.999927598382,0.0,0.640356556933,0.233256794571,0.30381279981,1.0,-0.104204,-0.136953828571,1.189
0.446782458102,0.429217234809,-0.124946922526,-1.53955729365,0.0681187494316,1.96057331844,0.132491146321,-0.102972405756,-0.516789121801,-6.27266293503e-05,-0.773653431128,-0.0523383090754,0.275499009868,-0.125420651752,0.573688589841,0.819056477337,0.00293865959845,0.0,0.819024482812,-0.573624570903,-0.0115972027715,0.0,-0.00781322712663,0.00906019149862,-0.999928430645,0.0,0.638576105595,0.230946364654,0.303939111965,1.0,-0.11182,-0.146963428571,1.206
0.44509468514,0.420597959529,-0.125004431293,-1.55274992738,0.0671604659667,1.9650367303,0.130285557909,-0.109386356911,-0.549989391034,-0.00095435559788,-0.821030071918,-0.0531352911494,0.276624935984,-0.139910548709,0.573617425252,0.81910684108,0.00278912975007,0.0,0.819072952732,-0.573553970792,-0.0116656586723,0.0,-0.00795585755585,0.00897629865297,-0.999928062609,0.0,0.636603311891,0.228401651192,0.303901984253,1.0,-0.119436,-0.156973028571,1.223
0.44292036124,0.409719167554,-0.125132411435,-1.56912114677,0.066003432602,1.97079044995,0.127592045974,-0.122410529037,-0.573775387602,-0.00426127822391,-0.867786920338,-0.0543167247508,0.300950638228,-0.14914817973,0.573625640871,0.819100428331,0.00297646502139,0.0,0.819069413933,-0.573562079612,-0.0115144644806,0.0,-0.00772446404039,0.00904309763529,-0.999929275019,0.0,0.634453259906,0.225536845695,0.303986544664,1.0,-0.1275,-0.167571428571,1.241
0.440869168343,0.400103593816,-0.125220425944,-1.58373365684,0.0650434049103,1.97565352445,0.125154632771,-0.134228486674,-0.618431563834,-0.0098403371048,-0.89885541802,-0.0545598465022,0.315073961713,-0.152483334737,0.573697143745,0.819050682294,0.00288339990601,0.0,0.819017582881,-0.573632861651,-0.0116741537792,0.0,-0.00790786292955,0.00905915831713,-0.999927696063,0.0,0.632345894327,0.22279044403,0.303945005989,1.0,-0.134668,-0.176992228571,1.257
0.43895962171,0.391290395992,-0.125341858925,-1.59687517921,0.0640443703707,1.98022533304,0.122894458939,-0.137703788531,-0.623947702851,-0.00813991846865,-0.940611589675,-0.0771297113444,0.317522858169,-0.164056199263,0.573733086115,0.819025011065,0.00302060392548,0.0,0.818994456424,-0.573669241103,-0.0115077826537,0.0,-0.0076924823578,0.00907642827564,-0.999929219578,0.0,0.63049119447,0.220257032181,0.30401638576,1.0,-0.14094,-0.185235428571,1.271
0.436499064473,0.380182095901,-0.125466130144,-1.61353163813,0.0627749930242,1.98573678617,0.119932535901,-0.146066868268,-0.664772770016,-0.00790265557948,-0.993006201692,-0.0747833297782,0.333063913696,-0.179685904149,0.573687289561,0.819057428318,0.00292742458356,0.0,0.819025940451,-0.573624063953,-0.0115190721534,0.0,-0.00775568974908,0.00900615535098,-0.999929366727,0.0,0.628038661709,0.217032777988,0.304012554403,1.0,-0.148556,-0.195245028571,1.288
0.433635251143,0.367949899685,-0.125592405675,-1.63182756361,0.061420755032,1.9917962733,0.116700091106,-0.168419145703,-0.682897801386,-0.00841210187809,-1.03484745956,-0.0775755191474,0.338543047537,-0.184653079093,0.573766322854,0.819002209124,0.00288705887868,0.0,0.818970062853,-0.573703060019,-0.0115577669812,0.0,-0.0078096725374,0.0089960454543,-0.999929037573,0.0,0.625318471623,0.213420932862,0.303993174794,1.0,-0.15662,-0.205843428571,1.306
0.430722175202,0.355917276276,-0.125752875629,-1.64955967506,0.0600212136425,1.99768056537,0.113429337037,-0.175697213441,-0.710369304368,-0.00461244080897,-1.06832713672,-0.081109825127,0.343423990433,-0.205934454903,0.573816224295,0.818966975419,0.00296324308685,0.0,0.818936453487,-0.573753457079,-0.0114368938247,0.0,-0.00766641498078,0.0089895560933,-0.999930204546,0.0,0.622670360387,0.209821256013,0.304056163541,1.0,-0.164236,-0.215853028571,1.323
0.427773709743,0.344143474163,-0.125902590497,-1.66682929815,0.0587797404541,2.0032783514,0.110177265412,-0.190447332466,-0.744663215746,-0.00856189869089,-1.08810396025,-0.0807950210148,0.361266811314,-0.202861088817,0.573913231659,0.818898649833,0.00305789621227,0.0,0.818868704137,-0.573849397544,-0.0114743725232,0.0,-0.00764172339462,0.00908948472553,-0.99992949018,0.0,0.620025587538,0.206280864224,0.304106235385,1.0,-0.171404,-0.225273828571,1.339
0.424308366608,0.330588762485,-0.125993254196,-1.68683000102,0.0571965976528,2.00964378032,0.106366862169,-0.195680591346,-0.778268514509,-0.0079926043701,-1.11339007593,-0.0891058815621,0.351135522297,-0.217420613621,0.573886154877,0.818918030277,0.00294751224958,0.0,0.818886366045,-0.573822331828,-0.0115671043292,0.0,-0.00778131175549,0.00905205290154,-0.999928753225,0.0,0.616866892454,0.202195126092,0.304055039512,1.0,-0.179468,-0.235872228571,1.357
0.421031293998,0.318007202423,-0.126040087099,-1.7050132378,0.0556472225797,2.01546948268,0.102798294978,-0.215021289368,-0.785480087466,-0.000838213947651,-1.15614505982,-0.0964367008974,0.35985097691,-0.223424627744,0.573783441995,0.818989617241,0.00305212130453,0.0,0.818959875848,-0.573719974069,-0.0114394058757,0.0,-0.00761783835089,0.00906348106246,-0.999929908469,0.0,0.613968151996,0.19843865115,0.304135768285,1.0,-0.186636,-0.245293028571,1.373
0.417331706426,0.304281118571,-0.126113676031,-1.72481043534,0.0540246246894,2.02168472482,0.0987052348796,-0.222220066314,-0.847224884591,-0.00639371325744,-1.17994766102,-0.0950139383493,0.368583450804,-0.254907213099,0.57361664821,0.819106139809,0.003133611973,0.0,0.819077293526,-0.573552768515,-0.0114173491194,0.0,-0.00755487439619,0.00911602745887,-0.999929908502,0.0,0.610743982283,0.194287006682,0.304183906275,1.0,-0.194252,-0.255302628571,1.39
0.413080194664,0.289316405837,-0.126272320955,-1.74625678883,0.0522742963787,2.02823057265,0.0943197770236,-0.241697564941,-0.87293807211,-0.00701685703567,-1.18675831294,-0.0896412561069,0.390191206548,-0.250184223067,0.57370101573,0.819046947014,0.00316070226792,0.0,0.819018003524,-0.573636503477,-0.011463798808,0.0,-0.00757644108736,0.0091656415485,-0.999929291778,0.0,0.607193383193,0.189623782562,0.304225689647,1.0,-0.202316,-0.265901028571,1.408
0.409082257185,0.275819482949,-0.126402228879,-1.76576880982,0.0506083426324,2.03401276399,0.0901429785316,-0.255014302342,-0.841765157123,-0.00741720845133,-1.21576959709,-0.100587927553,0.360694695295,-0.259821009495,0.573658268927,0.819077764369,0.00292460418294,0.0,0.819045257511,-0.573593918776,-0.0116460032909,0.0,-0.00786159852529,0.0090763840224,-0.999927904662,0.0,0.603872575273,0.185326292601,0.304122403942,1.0,-0.209484,-0.275321828571,1.424
