position_joint1,position_joint2,position_joint3,position_joint4,position_joint5,position_joint6,position_joint7,velocity_joint1,velocity_joint2,velocity_joint3,velocity_joint4,velocity_joint5,velocity_joint6,velocity_joint7,ee_T_00,ee_T_10,ee_T_20,ee_T_30,ee_T_01,ee_T_11,ee_T_21,ee_T_31,ee_T_02,ee_T_12,ee_T_22,ee_T_32,ee_T_03,ee_T_13,ee_T_23,ee_T_33,v_x,v_y,time
0.46508503043,0.547654605395,-0.123950894274,-1.35575500406,0.0794421707107,1.89408756335,0.159170824683,9.79114794907e-05,0.000522209722045,-0.000373433862549,-0.000668296831804,-6.45674013553e-05,0.000191918611193,-0.000475382355109,0.573759798969,0.819009210128,0.00208655539146,0.0,0.818968240759,-0.573701078583,-0.0117830370816,0.0,-0.00845351957094,0.00846961865176,-0.99992839922,0.0,0.661687384227,0.260920460886,0.303338694784,1.0,0.0,0.0,0.0
0.465082243765,0.547657111083,-0.123948389641,-1.35575249841,0.0794421711995,1.89408752023,0.159171799689,-0.000452432758757,0.000840654575276,0.00089959288897,0.000668256022897,-0.00222024708043,5.97912127923e-05,-0.000823093827878,0.573760997203,0.819008369604,0.0020869857967,0.0,0.818967395918,-0.573702265056,-0.0117839888765,0.0,-0.00845403980493,0.00847052961599,-0.999928387105,0.0,0.661688035584,0.260920328149,0.303338025721,1.0,-0.00016,-0.000210285714286,0.009
0.465086737,0.547646209533,-0.123947758957,-1.35575794456,0.0794421707127,1.89408672966,0.159174267488,0.000531632170245,-0.00110199557319,-0.00283729803055,-0.000580727452308,-0.000276441297982,-0.000173682348923,0.000500178297516,0.573759169427,0.819009638332,0.00209158299418,0.0,0.818968714844,-0.573700409922,-0.0117826424879,0.0,-0.00845031843624,0.00847350334542,-0.999928393366,0.0,0.661685600687,0.260923109871,0.303343066781,1.0,-0.00038,-0.000499428571429,0.02
0.465078339774,0.547642680792,-0.123949101012,-1.35576658012,0.0794428827895,1.89409074275,0.159175619411,0.00115958958935,-0.00258880885952,-7.16678449916e-05,-0.000673733919601,-0.000234740966152,-0.000115612105642,-0.0015508440185,0.5737570608,0.819011117276,0.00209089977352,0.0,0.818970180776,-0.573698300083,-0.0117834792409,0.0,-0.00845141756875,0.00847340212,-0.999928384934,0.0,0.661684749962,0.260919921858,0.303343746736,1.0,-0.00072,-0.000946285714286,0.037
0.465080423969,0.547594096623,-0.123948392568,-1.35580935417,0.0794420524232,1.89409377049,0.159169994583,0.000118277016868,-0.00629509141662,-0.000236825766452,-0.00609522156666,-0.000205019315664,-0.000570315216138,-0.000829763424111,0.573764013385,0.819006221639,0.00210065774513,0.0,0.81896537764,-0.573705179197,-0.0117823805717,0.0,-0.00844484735531,0.00848083520992,-0.999928377429,0.0,0.661678396807,0.260913607912,0.303356146589,1.0,-0.00102,-0.00134057142857,0.052
0.465077225294,0.547450107725,-0.123943130146,-1.35597207471,0.0794374330703,1.89412968688,0.15916628088,-0.00119906130977,-0.00487219849632,-0.00179748391934,-0.0128840380547,0.000139897251609,0.00583184916912,0.00112922549556,0.573767562544,0.819003681976,0.00212131638585,0.0,0.818963003338,-0.573708543489,-0.011783598456,0.0,-0.00843395556818,0.00849848982476,-0.999928319463,0.0,0.661651946274,0.260898805361,0.303383632554,1.0,-0.00138,-0.00181371428571,0.07
0.465065313451,0.547302816582,-0.123950635912,-1.35617490687,0.0794333583241,1.89418835871,0.159162725582,-0.00192391241512,-0.0161778091198,-0.000377104295379,-0.0129884111864,-0.000660786421565,0.0097948942978,0.000489569725998,0.57378978491,0.818988097373,0.00212743876115,0.0,0.818947442817,-0.573730683303,-0.0117871048715,0.0,-0.0084330840611,0.00850574466404,-0.999928265128,0.0,0.661626094219,0.260867762237,0.303396760756,1.0,-0.00172,-0.00226057142857,0.087
0.465048740135,0.547146953337,-0.123948477427,-1.35636611383,0.0794306923,1.89429477861,0.159155218221,-0.00513422711985,-0.0126997937526,0.000339304769192,-0.0137400110054,-0.000695197768235,0.0069820381957,-0.00197008850949,0.573805878095,0.818976650332,0.00219257284457,0.0,0.818936800858,-0.573746480735,-0.0117575059407,0.0,-0.00837130305181,0.00854226907667,-0.999928472904,0.0,0.661611573488,0.260844204164,0.303425322161,1.0,-0.00204,-0.00268114285714,0.103
0.465023573885,0.546939160792,-0.123943790681,-1.35658798681,0.0794282478821,1.89442060088,0.159132473341,-0.00269339730109,-0.0116988875524,0.00177087486622,-0.013989086316,9.62812930747e-05,0.0053435372652,-0.00161975094259,0.573816520525,0.818968913648,0.00229480974187,0.0,0.81893033265,-0.573756674878,-0.0117104739744,0.0,-0.00827401104248,0.00859911829462,-0.999928795418,0.0,0.661596901954,0.260814824228,0.303477666445,1.0,-0.00238,-0.003128,0.12
0.464997277111,0.546727134784,-0.12395087565,-1.35687608368,0.0794156979639,1.89455361727,0.159121918737,-0.00104521057023,-0.0137561500197,0.00280996772288,-0.0148155662329,-0.000229740618885,0.0036186841347,0.000599124960158,0.573847280221,0.818947223028,0.00234345450379,0.0,0.818909302687,-0.573787281977,-0.0116814346371,0.0,-0.00822199236569,0.00862260220096,-0.999929022267,0.0,0.661572139148,0.260768920066,0.303502471791,1.0,-0.00272,-0.00357485714286,0.137
0.46495915768,0.546485268216,-0.123944095106,-1.35723261098,0.0794024498744,1.89467944422,0.159064590602,-0.00314869375315,-0.0202711315177,0.00644214145247,-0.0297586554253,2.08067900478e-05,0.0135870147522,-0.00848381542542,0.573843174726,0.818950052891,0.00235978627081,0.0,0.818912229621,-0.573782996665,-0.0116867367636,0.0,-0.00821700665559,0.00863897829018,-0.999928921902,0.0,0.661530949167,0.260714881591,0.30351474008,1.0,-0.00304,-0.00399542857143,0.153
0.464918504345,0.546206459981,-0.123954672632,-1.35766227488,0.079384973926,1.89484124366,0.158932436766,-0.00362344273805,-0.0160735345705,0.00105561101206,-0.0290956399776,-0.00206097940564,0.0142283470678,-0.00270820072788,0.573800234481,0.818980083218,0.00237930724993,0.0,0.818942478984,-0.573739954422,-0.0116802275774,0.0,-0.00820092801346,0.00865079965491,-0.999928951699,0.0,0.661481524688,0.260643492794,0.303527866087,1.0,-0.0034,-0.00446857142857,0.171
0.46487425247,0.54589484329,-0.123951682387,-1.35818606946,0.0793309688642,1.8950173095,0.158918773819,0.000306917809216,-0.0206178795829,-0.000143537660088,-0.024559175212,-0.00486169591566,0.00541668124401,-0.00628518919643,0.573838803839,0.818953208843,0.00232719478663,0.0,0.818915051459,-0.573778839023,-0.0116931297531,0.0,-0.00824098967449,0.00861591231214,-0.999928923546,0.0,0.66142596292,0.260566023915,0.303505062247,1.0,-0.00372,-0.00488914285714,0.187
0.464818662449,0.545591087251,-0.123951971435,-1.35871493205,0.0792434516912,1.89520111787,0.158827742003,-0.00249529079863,-0.0146904140583,-0.00053916794794,-0.0335738698265,-0.00233332579076,0.011894314753,-0.00751480535191,0.573810357577,0.818973322515,0.00226217782719,0.0,0.818934827079,-0.573751161322,-0.0116662238955,0.0,-0.00825655795375,0.00854694086786,-0.999929387033,0.0,0.661365633365,0.260462842644,0.303487597295,1.0,-0.00406,-0.005336,0.204
0.464758107347,0.545214606996,-0.123954208279,-1.35936371462,0.0792394149027,1.89540782285,0.15874548916,-0.000681979245454,-0.0275989458946,8.65304490601e-05,-0.0414235733216,0.000710300629403,0.00854684956318,-0.00323921499074,0.573829155264,0.81896025327,0.00222509213957,0.0,0.818920929793,-0.573769737428,-0.0117280032339,0.0,-0.00832823831049,0.00855220936897,-0.999928747542,0.0,0.661284250191,0.260362807753,0.303463328578,1.0,-0.0044,-0.00578285714286,0.221
0.464689635039,0.544774756175,-0.123957231825,-1.36010151098,0.0792190134863,1.89564807873,0.158688517085,-0.00251849761583,-0.0295964691014,-0.000862354513218,-0.0402193707609,0.00053759220732,0.0237813601375,-0.00910459620459,0.573876274206,0.818927335434,0.00218816912256,0.0,0.818887286868,-0.573816740448,-0.0117773804141,0.0,-0.00838937220885,0.00855078769707,-0.999928248658,0.0,0.661193849197,0.260246981245,0.303444424442,1.0,-0.00476,-0.006256,0.239
0.46462787523,0.544404148416,-0.123960512436,-1.36074517668,0.0791891869925,1.89587267537,0.158574465116,-0.00170767729267,-0.0250104873861,0.000887668016091,-0.0414136959712,-0.00493336067497,0.0219594400575,-0.00720605745284,0.573863694625,0.818936250365,0.00215051878857,0.0,0.818895619551,-0.573804214547,-0.011808240785,0.0,-0.00843638211402,0.00853753547363,-0.999927966378,0.0,0.661118895078,0.260143124771,0.303419912909,1.0,-0.00506,-0.00665028571429,0.254
0.464564435937,0.543918113959,-0.123961576656,-1.36152435973,0.0791507999361,1.89615851593,0.15849705485,-0.00415992052968,-0.0300368287118,-0.000156600514646,-0.0460936781233,-0.00133930911913,0.0173603719631,-0.00274294718342,0.573886207701,0.818920480887,0.00214790507242,0.0,0.818879735416,-0.573826653503,-0.0118193720307,0.0,-0.00844676327377,0.00854201498977,-0.999927840482,0.0,0.661028351756,0.260027652306,0.303417773569,1.0,-0.0054,-0.00709714285714,0.271
0.464493213736,0.543402979419,-0.123963731058,-1.36236128871,0.0791029168543,1.89644244557,0.158404311197,-0.00204111972998,-0.0331680621377,-0.00094803865592,-0.0461166715548,-0.00186895913772,0.0164423089805,-0.0084549241619,0.573903799421,0.818908234358,0.00211650942421,0.0,0.81886702557,-0.573844311871,-0.011842595508,0.0,-0.00848361541948,0.00852981455922,-0.999927632648,0.0,0.66092759187,0.259898267461,0.303408536803,1.0,-0.00574,-0.007544,0.288
0.46442052655,0.54289285516,-0.123963337048,-1.36318369642,0.0790575314197,1.89672707216,0.158277561055,-0.00500693460888,-0.0347595617776,0.000753074932227,-0.0554848070109,-2.33443087191e-05,0.0117428369785,-0.00579269832907,0.573892801835,0.818915995205,0.00209563833814,0.0,0.818874437454,-0.573833321423,-0.0118626224129,0.0,-0.00851210801541,0.00852410239431,-0.999927439215,0.0,0.660829719095,0.25977150832,0.3034025904,1.0,-0.00606,-0.00796457142857,0.304
0.464359772495,0.542309644419,-0.123966185176,-1.36408501433,0.0790005451875,1.8970537576,0.158165343405,-0.00767448305103,-0.0358371836124,-0.00103954885628,-0.0481892380567,-0.00114455698317,0.0169195402697,-0.00830683854572,0.573885179444,0.818921326433,0.00209972087682,0.0,0.818879864707,-0.573825726578,-0.0118553615314,0.0,-0.00850389825926,0.00852319952534,-0.999927516765,0.0,0.660718892256,0.259631917966,0.303411360488,1.0,-0.00642,-0.00843771428571,0.322
0.46426854206,0.541662061767,-0.123968673207,-1.36508190639,0.0789366293794,1.89743287828,0.15801855775,-0.00673061163961,-0.0391537289142,0.000110929705938,-0.0517247768221,-0.00396594056395,0.0214741746557,-0.00715915448241,0.573882081535,0.81892343693,0.00212316767044,0.0,0.818882307606,-0.57382256299,-0.011839737907,0.0,-0.00847768056647,0.00853340217073,-0.999927652373,0.0,0.660612762904,0.259487181859,0.3034307925,1.0,-0.00676,-0.00888457142857,0.339
0.464196092895,0.541064635536,-0.123966172421,-1.36603435729,0.0788847791838,1.89778192338,0.157902018699,-0.0060376194975,-0.0337686238874,0.00111634380108,-0.0670638131141,-0.000351871222738,0.0245946439893,-0.00388166282128,0.57388320242,0.81892265674,0.00212112209316,0.0,0.818881422978,-0.573823613567,-0.0118500006264,0.0,-0.00848724745682,0.00853762816189,-0.999927535142,0.0,0.660499448126,0.25935085913,0.303429985021,1.0,-0.00708,-0.00930514285714,0.355
0.464101933041,0.540360697797,-0.123968611577,-1.36709204827,0.0788231308381,1.89817284551,0.157768631995,-0.0036366414437,-0.0398684724785,0.000504976598309,-0.0649116946983,-0.00852043285572,0.0213427012381,-0.0051767154567,0.573894860015,0.81891440221,0.00215369488013,0.0,0.818873577002,-0.573835125091,-0.0118347370137,0.0,-0.00845593361891,0.00855566329512,-0.999927646289,0.0,0.660380134848,0.259187508702,0.30345806191,1.0,-0.00742,-0.009752,0.372
0.46399764642,0.539628955333,-0.123971866149,-1.36819857115,0.078767066737,1.89859892449,0.157633776518,-0.000999717700699,-0.0423787718479,0.000175594372983,-0.0690148254604,-0.00466912345436,0.0266895680571,-0.0147209092161,0.573918425354,0.818897758855,0.00220192700234,0.0,0.818857497166,-0.573858433238,-0.0118171417058,0.0,-0.00841359846709,0.00858530508775,-0.999927749339,0.0,0.660259581445,0.259014863474,0.303485524691,1.0,-0.00776,-0.0101988571429,0.389
0.463902514119,0.538934565371,-0.123980270301,-1.36928183909,0.0786914959084,1.89901153565,0.157495294522,-0.00774756865535,-0.0405508480291,-0.000548143084667,-0.064701838912,-0.00195486844948,0.0251186558068,-0.0126330828876,0.573928545531,0.818890634766,0.00221355335104,0.0,0.818850661216,-0.573868646924,-0.0117948126292,0.0,-0.00838853423973,0.00858211451455,-0.999927987309,0.0,0.660140411963,0.258843490207,0.303496516299,1.0,-0.00808,-0.0106194285714,0.405
0.463781442483,0.538163917441,-0.123980721436,-1.37048826544,0.0786277542307,1.8994707282,0.157338458816,-0.0103246258888,-0.0468047558131,0.000224633936283,-0.0727487057188,-0.00633471497303,0.0322908250159,-0.00808800057441,0.573958379776,0.818869659085,0.00223754690064,0.0,0.818829940885,-0.573898326902,-0.0117891980338,0.0,-0.00836985329776,0.00859884495311,-0.999928000119,0.0,0.660001371209,0.258638883539,0.303506020319,1.0,-0.00844,-0.0110925714286,0.423
0.463669608477,0.537335628295,-0.123992140563,-1.37181558556,0.0785466522296,1.89997461252,0.157182883535,-0.00678079048303,-0.0443634878689,-0.00175899720626,-0.0727792131278,-0.00857187842807,0.0305325754228,-0.0104777513667,0.573972961814,0.818859441336,0.00223636786667,0.0,0.818819758224,-0.573912963462,-0.0117839218107,0.0,-0.00836605619342,0.00859500017976,-0.999928064951,0.0,0.659858928276,0.258445034863,0.303503626149,1.0,-0.00878,-0.0115394285714,0.44
0.463567467884,0.536544692868,-0.123996490202,-1.3730470825,0.0784742138532,1.90043614035,0.157028134899,-0.00347457614363,-0.0460954065098,-0.00159181692909,-0.0750421540344,-0.00349396315084,0.031338965186,-0.0134392670368,0.573985187388,0.818850850315,0.00224421448796,0.0,0.818811276799,-0.573925165234,-0.0117789897639,0.0,-0.00835738551878,0.00859871932917,-0.999928105482,0.0,0.6597263802,0.258267863901,0.303510270188,1.0,-0.00908,-0.0119337142857,0.455
0.463450410117,0.535676285481,-0.124005198278,-1.37440444583,0.0784016096744,1.90093637878,0.156859956979,-0.00729886890376,-0.0553105552465,-0.00331996556376,-0.0813246591961,-0.00335232545277,0.024439601323,-0.00664211822557,0.574000723585,0.818839900495,0.00226574115989,0.0,0.818800540694,-0.573940549077,-0.0117757201453,0.0,-0.00834218939968,0.00861462782922,-0.999928095447,0.0,0.659561580818,0.258049128647,0.303526478266,1.0,-0.00944,-0.0124068571429,0.473
0.46332718284,0.534734951434,-0.124005262368,-1.37590642672,0.0783115899432,1.90148359577,0.156674520975,-0.00465078126953,-0.0509081021901,0.000714511301819,-0.0887070277132,-0.00427683652391,0.0326905396227,-0.00388019510235,0.574008057142,0.818834792422,0.00225387566223,0.0,0.818795241483,-0.573947889061,-0.0117864357943,0.0,-0.00835769744002,0.00861113756911,-0.999927996009,0.0,0.659383406653,0.257824470263,0.303523194433,1.0,-0.0098,-0.01288,0.491
0.463227120102,0.53394240648,-0.124007985148,-1.37720040395,0.0782484461111,1.90194781215,0.156522296459,-0.00845671435226,-0.0550415433553,0.00636800263454,-0.0878490997144,-0.00132560947057,0.0310247960259,-0.0095666887157,0.57402118724,0.818825656469,0.00222885828602,0.0,0.818785621668,-0.57396095123,-0.0118185918679,0.0,-0.00839825031514,0.00860924500751,-0.99992767253,0.0,0.659225905854,0.257635004592,0.30350670489,1.0,-0.0101,-0.0132742857143,0.506
0.463087315088,0.532965923835,-0.12400952406,-1.37877148616,0.0781547825517,1.90254549523,0.156320114242,-0.00923486776712,-0.052101590506,-0.000244493027142,-0.0895898482645,-0.000306311854311,0.0325411346266,-0.00870934210372,0.574032111958,0.818817995258,0.00222979440523,0.0,0.818777968873,-0.573971867093,-0.0118186452514,0.0,-0.00839764183402,0.0086101542004,-0.999927669812,0.0,0.659046715582,0.257393687496,0.303499384495,1.0,-0.01046,-0.0137474285714,0.524
0.462946665143,0.531889890902,-0.1240095241,-1.38050157835,0.0780497015751,1.90319105755,0.156103287923,-0.0134160474346,-0.0581646513196,-0.000932117345314,-0.0963091543914,-0.00231720924131,0.0318486938477,-0.0164227851792,0.574036000281,0.818815294421,0.00222056426024,0.0,0.818775134194,-0.573975776779,-0.0118251510628,0.0,-0.00840822633727,0.00860637091825,-0.999927613435,0.0,0.658842685405,0.257136574948,0.303490430786,1.0,-0.01084,-0.0142468571429,0.543
0.462839104439,0.531056697768,-0.124002008123,-1.38183941162,0.0779740593185,1.90367626655,0.155931458938,-0.00861052684699,-0.0651458244273,0.00217503825796,-0.0926264301448,-0.00653437827968,0.0326518238749,-0.00924334849725,0.574030595222,0.818819117355,0.00220809977772,0.0,0.818778677516,-0.573970301196,-0.0118455684073,0.0,-0.00843215651852,0.00860782942683,-0.999927399369,0.0,0.658679460545,0.256942912016,0.303482674483,1.0,-0.01112,-0.0146148571429,0.557
0.462710291439,0.530091779116,-0.124011676689,-1.38338937168,0.077874113837,1.9042169821,0.15572680302,-0.0095184637351,-0.0640768793939,0.000332500022996,-0.098569264161,-0.00594386358545,0.0363810370495,-0.0155812598081,0.574032506723,0.818817892749,0.00216486503374,0.0,0.818776921485,-0.573972415394,-0.011864489471,0.0,-0.00847244657565,0.00858330941511,-0.999927269579,0.0,0.658491624467,0.25670168814,0.303471936878,1.0,-0.01144,-0.0150354285714,0.573
0.462558310481,0.528987266594,-0.124017619121,-1.38513507757,0.0777617020872,1.90486657418,0.155489720502,-0.0115376596406,-0.0611236533464,-0.00248217981406,-0.098099431819,-0.00710739050872,0.0423675595354,-0.00973463372283,0.574031507195,0.818818590566,0.00216596229467,0.0,0.81877770173,-0.573971480681,-0.0118558599467,0.0,-0.00846476091903,0.008579243961,-0.99992736956,0.0,0.658288773827,0.256431357847,0.303475437927,1.0,-0.0118,-0.0155085714286,0.591
0.462443417779,0.528023229349,-0.124012666969,-1.38664951523,0.0776632126359,1.9054479865,0.155278267636,-0.0106192306793,-0.0624175081766,0.000376663318109,-0.102549539194,-0.0095373192028,0.0380640563253,-0.00537554888178,0.574004547818,0.818837429837,0.00218848888355,0.0,0.818796876109,-0.573944478232,-0.0118388547737,0.0,-0.00843818876601,0.00858764968119,-0.999927521995,0.0,0.658109495331,0.256215030263,0.303483591254,1.0,-0.0121,-0.0159028571429,0.606
0.462283787445,0.526792352465,-0.124015900491,-1.38851248163,0.0775564105567,1.90616162592,0.155013976581,-0.00785261883165,-0.0761148937836,-0.000470198291914,-0.101776127946,-0.00671753701342,0.0424112495225,-0.00753441646439,0.573993135325,0.818845234994,0.0022602274227,0.0,0.818805588161,-0.573932760734,-0.0118043150752,0.0,-0.00836884971339,0.00862644875047,-0.99992777076,0.0,0.657895311341,0.255934273945,0.303525145993,1.0,-0.01246,-0.016376,0.624
0.462137140764,0.525635662706,-0.124024161375,-1.39033361488,0.0774355720348,1.90682376732,0.154780012465,-0.00835299429296,-0.0732485607797,-0.000878917503994,-0.107748194645,-0.00892365360775,0.0362587079805,-0.0128227463432,0.573992969454,0.818845378796,0.00225023177577,0.0,0.81880569022,-0.573932724305,-0.0117990057617,0.0,-0.00837024084206,0.00861521480567,-0.999927855969,0.0,0.657676692597,0.255657435349,0.303529778615,1.0,-0.0128,-0.0168228571429,0.641
0.461990179537,0.524525062215,-0.124025053908,-1.39207738508,0.0773225465683,1.90744094098,0.154531928344,-0.0108021525987,-0.0677523618476,-0.000135286604282,-0.11152840616,-0.012978701951,0.0353539253561,-0.0113766627252,0.573967327528,0.818863401239,0.00223247437387,0.0,0.818823468415,-0.573907140512,-0.0118096800967,0.0,-0.00838944335013,0.00860653863656,-0.999927769758,0.0,0.657447935099,0.255379386059,0.303533896704,1.0,-0.01314,-0.0172697142857,0.658
0.461830489493,0.523335696866,-0.124030441798,-1.39398406199,0.077205342085,1.90813675588,0.154279604808,-0.00254083833224,-0.0685243126166,-6.96058218048e-05,-0.11448964632,-0.0119904907291,0.0387055260923,-0.0127503619162,0.573972530771,0.81885980989,0.00221191497814,0.0,0.81881961725,-0.573912430822,-0.0118196047346,0.0,-0.00840931568949,0.00859545330715,-0.999927698182,0.0,0.65723364002,0.255100982239,0.303523543891,1.0,-0.01346,-0.0176902857143,0.674
0.46164393632,0.521960856023,-0.124031062085,-1.3961495982,0.0770807204133,1.90899609068,0.153972189836,-0.0110319546922,-0.0740770717021,-0.000103494176094,-0.116367205056,-0.00597332520633,0.0501495823274,-0.0218710505363,0.573956723272,0.818870728484,0.00227084670088,0.0,0.8188312901,-0.573896384992,-0.0117900189572,0.0,-0.00835143149078,0.00862656706986,-0.999927915368,0.0,0.656985892988,0.254777163398,0.303533525639,1.0,-0.01384,-0.0181897142857,0.693
0.461511943347,0.5209391102,-0.124034336319,-1.39780981783,0.076976232769,1.9096179998,0.153759432869,-0.0147635062356,-0.0723622753301,0.00125785712896,-0.122397413199,-0.0112927294421,0.0474265887713,-0.0170795429541,0.573953445714,0.818873077736,0.00225202441764,0.0,0.818833421629,-0.573893207996,-0.0117966241198,0.0,-0.00836767748604,0.00861491178456,-0.999927880034,0.0,0.656785491552,0.254530223551,0.303515112601,1.0,-0.01412,-0.0185577142857,0.707
0.461330750712,0.519554906336,-0.124046729855,-1.39998056509,0.0768351862351,1.91040624202,0.153463427808,-0.0113852305746,-0.0843698583331,-0.00329671141651,-0.125868245997,-0.0133041602404,0.0407765656829,-0.013482666749,0.573945582217,0.818878606876,0.00224560831176,0.0,0.818838949565,-0.573885454774,-0.0117900964872,0.0,-0.00836609691244,0.0086058310328,-0.999927971453,0.0,0.656523315024,0.254195267087,0.303522610629,1.0,-0.01448,-0.0190308571429,0.725
0.461162838945,0.518222068346,-0.124050629578,-1.40205826919,0.076697627058,1.91114464495,0.153173654841,-0.0124352708398,-0.0758071992868,-0.00321984706972,-0.124486979023,-0.00815343496787,0.0420657820075,-0.0199228930345,0.573921440287,0.818895558645,0.00223412428955,0.0,0.81885579164,-0.573861400739,-0.0117911890908,0.0,-0.00837383590563,0.00859680735458,-0.999927984295,0.0,0.656265537895,0.253881604045,0.303533306647,1.0,-0.01482,-0.0194777142857,0.742
0.460991309668,0.516923907988,-0.124054252017,-1.40406746001,0.0765738224698,1.91186935973,0.152909410923,-0.0100401440619,-0.0824439744697,0.00105943244602,-0.122450400375,-0.0129051907569,0.0524200186565,-0.0162573512185,0.573920879937,0.818895922269,0.00224476394025,0.0,0.81885626705,-0.573860772244,-0.0117887612875,0.0,-0.00836574764527,0.00860412092802,-0.999927989092,0.0,0.656019714521,0.253574724902,0.303550700298,1.0,-0.01514,-0.0198982857143,0.758
0.460793281693,0.515489703425,-0.124057460023,-1.40635701684,0.0764371639463,1.91274545202,0.152583206332,-0.0147396264253,-0.0876868552634,0.0010315578309,-0.12867409761,-0.00457446621601,0.0555403042325,-0.0210771636645,0.573902451209,0.818908793519,0.00226081746892,0.0,0.818869334145,-0.573842270989,-0.0117817029838,0.0,-0.00835094832707,0.00861302814471,-0.999928036115,0.0,0.655747793715,0.253227415349,0.303542829961,1.0,-0.0155,-0.0203714285714,0.776
0.460606804354,0.514105067083,-0.124060657333,-1.40859027443,0.0763092419342,1.91354961352,0.152285670885,-0.00986497519891,-0.0796401398939,0.000927384892666,-0.130558902193,-0.00979045820006,0.0445961776808,-0.0244586516075,0.573896794088,0.818912853271,0.00222606915791,0.0,0.818872809516,-0.573836612382,-0.0118157110433,0.0,-0.00839879936234,0.00860403184743,-0.99992771279,0.0,0.655469261567,0.252890357994,0.303520335517,1.0,-0.01584,-0.0208182857143,0.793
0.460466602114,0.513123054465,-0.12406171607,-1.41018656687,0.0762132818342,1.91410352816,0.152053918955,-0.0154808652362,-0.0776302349603,0.000569159005891,-0.134795945864,-0.00712255306449,0.0457664598539,-0.0226755800461,0.573880302584,0.818924545706,0.00217569470897,0.0,0.8188837517,-0.573820223972,-0.0118532132051,0.0,-0.00845859246807,0.00858413189771,-0.99992737981,0.0,0.655266974271,0.25264344649,0.303496747077,1.0,-0.01608,-0.0211337142857,0.805
0.460198540908,0.511177903883,-0.12407517345,-1.41329223468,0.0760147605799,1.91524975891,0.151621779725,-0.0110821632455,-0.0844404488152,-0.000215442799221,-0.13355579716,-0.00398390111101,0.0559358692687,-0.0198451090003,0.573863627934,0.818936286878,0.00215440736575,0.0,0.818895310883,-0.57380373215,-0.0118530032836,0.0,-0.00847081059972,0.00856640648564,-0.999927428391,0.0,0.654906772956,0.25218185799,0.303481058222,1.0,-0.01652,-0.021712,0.827
0.460020865355,0.509891582482,-0.124072492896,-1.41535615523,0.0758933440624,1.91603053898,0.151330206089,-0.0106172084828,-0.0817997037445,0.000209656458012,-0.14165081275,-0.0106266021291,0.0539771903992,-0.0211960391908,0.573844257493,0.818949850803,0.00215798819247,0.0,0.818908829264,-0.573784256666,-0.0118618319137,0.0,-0.00847618901799,0.00857420479131,-0.999927315974,0.0,0.654636878442,0.251853307089,0.303466442771,1.0,-0.01684,-0.0221325714286,0.843
0.459825230042,0.508473309738,-0.124076972067,-1.41759350782,0.0757460204112,1.91681941623,0.151013812689,-0.0132005250791,-0.0883554619437,0.00268293807691,-0.139399124864,-0.0111753964452,0.0465198012281,-0.0210437550553,0.573824706647,0.818963632028,0.00212658367458,0.0,0.818922215841,-0.573764848168,-0.0118764603346,0.0,-0.00850639390654,0.00855667772504,-0.999927209615,0.0,0.654355353353,0.251505629458,0.303462421132,1.0,-0.01716,-0.0225531428571,0.859
0.459614400176,0.506938770809,-0.124079814668,-1.41999505701,0.0755890620013,1.917685438,0.150684297577,-0.0132011351093,-0.0884551969848,0.000940797702694,-0.135321125372,-0.00132484118784,0.0459155718117,-0.0160252696572,0.573811295685,0.818973045259,0.00212013792118,0.0,0.818931569582,-0.573751489338,-0.0118768567061,0.0,-0.00851055706938,0.00855148705331,-0.999927218595,0.0,0.654056074555,0.251134751006,0.303467706307,1.0,-0.0175,-0.023,0.876
0.459397132359,0.505346754494,-0.124088675451,-1.42245191417,0.0754352500827,1.91862005729,0.150356439201,-0.0132981502218,-0.0939037234797,-4.96278461307e-05,-0.146943783315,-0.00854451121156,0.0576249159734,-0.017786139333,0.57381246893,0.818972080791,0.00217446259975,0.0,0.818931377993,-0.573752512446,-0.0118405870409,0.0,-0.0084496695092,0.00857517723549,-0.999927532084,0.0,0.653760567443,0.250755502418,0.303492418064,1.0,-0.01784,-0.0234468571429,0.893
0.459186197976,0.503784250069,-0.124092199615,-1.42477870726,0.0752897627209,1.91951358365,0.150022496883,-0.0119644213653,-0.0931575940344,0.000294026652093,-0.142369061646,-0.0097161759159,0.061961887938,-0.0229453622012,0.573794721575,0.818984221836,0.00228227454782,0.0,0.818944976386,-0.573734405611,-0.0117772819831,0.0,-0.00833614918581,0.00862696560787,-0.999928039451,0.0,0.653483047713,0.250397180696,0.303554022927,1.0,-0.01816,-0.0238674285714,0.909
0.458915336119,0.501916695754,-0.124098611284,-1.42756476108,0.0751140941927,1.92054930708,0.149640863412,-0.0164588756354,-0.0989846130155,0.000407267615669,-0.144732097398,-0.00924000192406,0.0531753454673,-0.0133393391132,0.573803775814,0.818977601637,0.00237944935112,0.0,0.81893965946,-0.573743136608,-0.0117215297622,0.0,-0.00823463614035,0.0086746504911,-0.999928468045,0.0,0.65314772317,0.249952469103,0.303621804524,1.0,-0.01854,-0.0243668571429,0.928
0.458709420308,0.50039376834,-0.124101829813,-1.4298579302,0.07496711347,1.92134877201,0.149313373409,-0.0145060508469,-0.0988189793692,-0.000327711943748,-0.154442352898,-0.00840938753048,0.0569148421128,-0.0174791835162,0.573783420299,0.818991792347,0.00240365534739,0.0,0.818954127805,-0.573722655773,-0.0117131424221,0.0,-0.00821409412358,0.00868945768894,-0.999928508436,0.0,0.652855114187,0.249594782976,0.303662402963,1.0,-0.01884,-0.0247611428571,0.943
0.458511155005,0.499008094237,-0.124096065627,-1.4320026125,0.0748375711046,1.92214378159,0.149008924227,-0.0127581760153,-0.102114046763,0.00025669324081,-0.150333627572,-0.0094679328822,0.0599779124886,-0.0178207807873,0.573766546116,0.819003515855,0.00243689890769,0.0,0.818966201472,-0.573705575659,-0.0117055630564,0.0,-0.00818899247106,0.0087121660632,-0.999928516727,0.0,0.652588099216,0.249265651032,0.303676864257,1.0,-0.01912,-0.0251291428571,0.957
0.458204536026,0.497037075463,-0.124098029475,-1.43512258348,0.0746412332874,1.92328989307,0.148546795252,-0.0171248769333,-0.0988581917258,0.001027482801,-0.159311888016,-0.0148052548613,0.0532441619352,-0.027932425726,0.573745747483,0.819018103319,0.00243116887734,0.0,0.818980683758,-0.573684767816,-0.0117121180345,0.0,-0.00819786997997,0.00871102598006,-0.999928453918,0.0,0.652202239581,0.24876654446,0.303665392185,1.0,-0.01952,-0.0256548571429,0.977
0.457937928229,0.495375616174,-0.124101789535,-1.43782191276,0.0744735577514,1.92421419606,0.148153362711,-0.0197497620452,-0.0990113055853,-0.000217674177052,-0.157808357377,-0.0135175671423,0.0533813477554,-0.0208454009327,0.573735257111,0.819025733311,0.00233448551946,0.0,0.818986912884,-0.573674486428,-0.0117799426266,0.0,-0.00830900134067,0.00867064843721,-0.999927887576,0.0,0.651853066585,0.248328148795,0.303618537806,1.0,-0.01986,-0.0261017142857,0.994
0.457669548335,0.493775153863,-0.124110075857,-1.44042158355,0.0743074165435,1.92514621212,0.147789189165,-0.0194433663476,-0.105731386596,-0.000717480070383,-0.166938787419,-0.0158704880426,0.0607410929084,-0.0209873213881,0.573748519976,0.819016619213,0.00227160275888,0.0,0.818976962689,-0.573687969359,-0.0118150453977,0.0,-0.00837368858296,0.00863942147391,-0.999927618248,0.0,0.651528127983,0.247897802354,0.303576838064,1.0,-0.0211371428571,-0.027780244898,1.01
0.457388172803,0.491902928592,-0.124122063715,-1.44340897329,0.0741191225401,1.92626285246,0.147366430604,-0.0171072423317,-0.115481829939,0.00453702528153,-0.185724779225,-0.00759357324345,0.0674155769026,-0.0250031423014,0.573746723243,0.819017896019,0.00226505420311,0.0,0.818978180627,-0.573686225318,-0.0118153052517,0.0,-0.00837767734836,0.00863418887743,-0.999927630034,0.0,0.651135171456,0.247389949015,0.303552996296,1.0,-0.0234514285714,-0.030821877551,1.028
0.457106086728,0.490114450431,-0.124129523325,-1.44630697967,0.0739453361567,1.92726914191,0.146949657632,-0.01861345188,-0.118854708622,0.000352458360502,-0.202749872553,-0.0155410190094,0.0653294079179,-0.0235110692936,0.573732810585,0.819027871132,0.00218065776672,0.0,0.818986882258,-0.573672467308,-0.0118799765855,0.0,-0.0084792118616,0.00860202807739,-0.999927051379,0.0,0.650780151293,0.246955939377,0.303507397502,1.0,-0.0252514285714,-0.0331875918367,1.042
0.456704028866,0.487574087924,-0.124158501414,-1.45028245587,0.0736990593406,1.92874470483,0.14637453686,-0.0231372879187,-0.141236153593,-0.00128036986505,-0.215204667762,-0.013485620064,0.0773865147465,-0.0366771037403,0.573742888311,0.819020739009,0.00220773338188,0.0,0.818980158589,-0.573682493031,-0.0118593393244,0.0,-0.00844666949175,0.00861246724935,-0.999927236944,0.0,0.650290510363,0.246300202066,0.303509677353,1.0,-0.0276942857143,-0.0363982040816,1.061
0.456274846257,0.484935230207,-0.124176251017,-1.45428408937,0.0734569134019,1.93027345945,0.145776669967,-0.0289766916805,-0.15819552878,-0.00137257839691,-0.228454200017,-0.00971297381486,0.0890913634252,-0.0367113533041,0.573749969348,0.819015389204,0.00234772688736,0.0,0.818976662314,-0.573689064529,-0.0117826451532,0.0,-0.0083034623316,0.00868319300411,-0.999927824732,0.0,0.649808864878,0.245636084687,0.303570460679,1.0,-0.0300085714286,-0.0394398367347,1.079
0.455861033167,0.482443029734,-0.124210986259,-1.45815632808,0.0732135999667,1.93158280873,0.145181417529,-0.0307795696095,-0.160582606924,-0.00689171032208,-0.252467430661,-0.0154380518698,0.0877012309916,-0.0407367511073,0.573749901983,0.819015614895,0.00228460808886,0.0,0.818975979209,-0.573689147655,-0.0118259986018,0.0,-0.00837518389761,0.00865637134728,-0.999927459134,0.0,0.649308403069,0.244971108392,0.30357110947,1.0,-0.0320657142857,-0.0421435102041,1.095
0.455452053551,0.479953595849,-0.124245118146,-1.46205870815,0.0729719882365,1.93298681591,0.144615935291,-0.02726475138,-0.170541067216,-0.00363861636028,-0.264023023912,-0.0233517847749,0.0929833297953,-0.0382622225596,0.573768138349,0.819002865034,0.00227538629232,0.0,0.818963140262,-0.573707449411,-0.0118272686848,0.0,-0.0083813222386,0.00864973397247,-0.999927465139,0.0,0.648785037276,0.244267784981,0.303562458191,1.0,-0.0341228571429,-0.0448471836735,1.111
0.45492023606,0.476763955068,-0.124267633965,-1.46690632046,0.0726785733477,1.93477353247,0.143910525576,-0.0306129533131,-0.183411534702,-0.000295678369492,-0.272878976754,-0.0181049527551,0.103171079319,-0.03766905448,0.573801266473,0.818979350005,0.0023828050019,0.0,0.818940916336,-0.573740051802,-0.0117845411878,0.0,-0.00828434471615,0.00871352893248,-0.999927719411,0.0,0.648211188192,0.243497000882,0.30361952838,1.0,-0.0363085714286,-0.0477198367347,1.128
0.45438096852,0.473591599879,-0.12429033582,-1.47179705134,0.0723768137338,1.93655414729,0.143207646526,-0.0348154655464,-0.186715782994,0.000999456157509,-0.290591680808,-0.0178811288236,0.103564770345,-0.0416906657658,0.573837386954,0.818953889229,0.00243465616984,0.0,0.818916059,-0.573775898668,-0.0117666189599,0.0,-0.00823952996497,0.00874607330187,-0.999927805568,0.0,0.647592764499,0.242669805563,0.30364146946,1.0,-0.0384942857143,-0.0505924897959,1.145
0.453858259779,0.470439484429,-0.124294648815,-1.47665281561,0.0720734662937,1.93824845001,0.142469076452,-0.0348339754029,-0.199706305921,0.00243296716705,-0.304799248743,-0.0174511567962,0.111966484761,-0.0515379323259,0.573812899275,0.818971054594,0.00243213159655,0.0,0.818932951296,-0.573751168713,-0.011796803995,0.0,-0.00826596180802,0.00876107968678,-0.999927456048,0.0,0.646952927325,0.241862754114,0.303655651462,1.0,-0.0405514285714,-0.0532961632653,1.161
0.453270379961,0.466892727359,-0.124298901672,-1.4819517198,0.0717238080993,1.94029459863,0.141613072925,-0.035446412981,-0.209625566528,0.00156992566024,-0.321872122209,-0.0230538795746,0.121739902255,-0.0469420194457,0.573752635923,0.819012529333,0.00267141694365,0.0,0.818977754322,-0.573690286728,-0.0116464475255,0.0,-0.00800617463695,0.00887018179477,-0.999928607973,0.0,0.646297402011,0.240982949166,0.303759018126,1.0,-0.0427371428571,-0.0561688163265,1.178
0.452606640125,0.462981364342,-0.124304286802,-1.48801276942,0.0713276919682,1.94235925488,0.140693568432,-0.0436172946443,-0.220197224476,0.00153190644581,-0.343200676507,-0.0217461224555,0.119854896152,-0.0520924317027,0.573722877838,0.819033608242,0.00259902234778,0.0,0.818997642983,-0.573660511878,-0.0117142989903,0.0,-0.00810360409912,0.00884952488624,-0.999928006163,0.0,0.645480132237,0.23996377434,0.303749887537,1.0,-0.0450514285714,-0.0592104489796,1.196
0.452015326609,0.459605497544,-0.124315941723,-1.49325538551,0.0709741370756,1.94419026327,0.139928929876,-0.0400159905556,-0.232271956848,0.00126548449271,-0.354462527504,-0.0209303893869,0.122857553225,-0.0524552045479,0.573733118627,0.819026582531,0.00255197960731,0.0,0.818990000719,-0.57367091534,-0.0117391020487,0.0,-0.00815079708381,0.00882532732363,-0.999927836448,0.0,0.644736075969,0.239009941679,0.303736494614,1.0,-0.0471085714286,-0.061914122449,1.212
0.451304040279,0.455704215264,-0.124326939991,-1.49942025363,0.0705540934979,1.94639416882,0.138965680901,-0.0401129456356,-0.229893470084,-0.00153127434637,-0.369757401678,-0.025912954115,0.121748404664,-0.0541416328927,0.573719887509,0.81903605917,0.00248422178327,0.0,0.818998508462,-0.573657840626,-0.0117843932967,0.0,-0.00822690813506,0.0087956840759,-0.999927474332,0.0,0.643918946687,0.237941631069,0.30367408339,1.0,-0.0492942857143,-0.0647867755102,1.229
0.450413220059,0.450763545512,-0.124396313013,-1.50690234362,0.0700319327481,1.94912112074,0.137773598578,-0.038672756965,-0.247500774457,-0.00515433954404,-0.378318755713,-0.0303257522689,0.152579428509,-0.0595688219491,0.573708776976,0.819043439764,0.00261340806789,0.0,0.819008131355,-0.573646876522,-0.0116485506862,0.0,-0.0080416504738,0.00882344810461,-0.999928736771,0.0,0.643006985085,0.236681498474,0.303747918769,1.0,-0.0517371428571,-0.0679973877551,1.248
0.44975669548,0.447170715838,-0.124428839155,-1.51237027164,0.0696778962911,1.95100707227,0.136965418309,-0.0522829061314,-0.252616825637,-0.00288312963098,-0.395513913661,-0.0325000257171,0.129287810054,-0.0604734502379,0.573757946731,0.819008972414,0.00262079550762,0.0,0.818973632844,-0.573695874831,-0.0116609951696,0.0,-0.00804707503085,0.00883712120516,-0.999928572385,0.0,0.642271626745,0.235715543516,0.303772999147,1.0,-0.0535371428571,-0.0703631020408,1.262
0.448925163848,0.442701312552,-0.124451554789,-1.51930736377,0.0691975012465,1.95333670485,0.135899237789,-0.0486067039853,-0.266677440682,-0.00354863047214,-0.409570252629,-0.035225745348,0.145359025003,-0.0706094269704,0.573758966419,0.819008665323,0.00249027730125,0.0,0.818971506069,-0.573697226968,-0.0117435478739,0.0,-0.00818955996266,0.00877760103818,-0.999927939817,0.0,0.641313125515,0.234493397288,0.303733978823,1.0,-0.0557228571429,-0.073235755102,1.279
0.448005373514,0.437838141494,-0.124451843874,-1.52683194381,0.0686950142748,1.95597405484,0.134673858159,-0.0516025748497,-0.278664562504,0.000500156617189,-0.42016752876,-0.028263401966,0.152618785628,-0.0627913817743,0.573702497751,0.819048291609,0.00246718205965,0.0,0.81901059793,-0.573640600576,-0.0117834099633,0.0,-0.00823606457115,0.00878098904312,-0.99992752811,0.0,0.64028428098,0.233182705265,0.303705585702,1.0,-0.0580371428571,-0.0762773877551,1.297
0.447120102524,0.433270484185,-0.124468263608,-1.53359440493,0.0682369376967,1.95846619005,0.133576010722,-0.0551573858988,-0.286915850757,-0.000440097951515,-0.428830711012,-0.0258529593887,0.160154009739,-0.0676854987901,0.573709152036,0.819042867006,0.00270883326001,0.0,0.819008477177,-0.573646567978,-0.0116394270217,0.0,-0.0079794304041,0.00889637449279,-0.999928589056,0.0,0.639398158263,0.23196863891,0.303819681215,1.0,-0.0600942857143,-0.0789810612245,1.313
0.446140497579,0.428403194201,-0.124514891976,-1.54117102745,0.0676726723582,1.96102143632,0.132379127245,-0.0591638151458,-0.286928214573,-0.000947734863515,-0.447341317346,-0.0330494800806,0.148268760565,-0.0741509087719,0.57373350639,0.819026350114,0.00253936326266,0.0,0.818989987172,-0.573671762926,-0.0116985569212,0.0,-0.00812482180513,0.00879173643616,-0.999928343753,0.0,0.63834695458,0.230575716677,0.303752557753,1.0,-0.06228,-0.0818537142857,1.33
0.445174931782,0.423599827713,-0.124573891228,-1.54853314309,0.0671385438104,1.96345719408,0.131135112318,-0.061514996594,-0.304287051161,-0.00439170486806,-0.461538435292,-0.0246349105557,0.153649334367,-0.0797210186672,0.573711945824,0.819041847209,0.0024088671747,0.0,0.819003869475,-0.573650768171,-0.0117560564823,0.0,-0.00824701249253,0.00871762941821,-0.999927992269,0.0,0.637313340092,0.229207798717,0.303728009998,1.0,-0.0643371428571,-0.0845573877551,1.346
0.444106045675,0.418371320389,-0.12462007317,-1.5564452647,0.0665873616877,1.96620877204,0.129888783401,-0.0582872665629,-0.309461278167,9.42147715694e-05,-0.462814168222,-0.0328902418951,0.176610533974,-0.0778856311216,0.573779049884,0.818994720129,0.00244892150283,0.0,0.818957316841,-0.57371777304,-0.0117293218813,0.0,-0.00820142080328,0.00873576953858,-0.999928208937,0.0,0.636222526822,0.227743265154,0.303751179561,1.0,-0.0665228571429,-0.0874300408163,1.363
0.443049987545,0.413306145735,-0.124631887449,-1.5639583025,0.0660782964589,1.96898175574,0.128610474882,-0.0714785635152,-0.312297130817,0.00114012402872,-0.472097717324,-0.0303259224425,0.160579515108,-0.0909677401462,0.573775697995,0.818996220966,0.00271759730057,0.0,0.818962386861,-0.573713569629,-0.0115799754792,0.0,-0.00792498628875,0.00887008926184,-0.999929255552,0.0,0.635212917805,0.226361345067,0.303847448924,1.0,-0.06858,-0.0901337142857,1.379
0.441819102046,0.407521461294,-0.124669466665,-1.57286352975,0.0654349632622,1.97185976913,0.127139584165,-0.0698335923986,-0.330120671638,-6.49141615204e-05,-0.504828536778,-0.0380351482525,0.158765021241,-0.0796756171405,0.573787931446,0.818988356797,0.0024956080084,0.0,0.818951391567,-0.573726302677,-0.0117258163045,0.0,-0.00817166840164,0.0087720824229,-0.99992813462,0.0,0.633916896633,0.224691795335,0.303771827171,1.0,-0.0708942857143,-0.0931753469388,1.397
