position_joint1,position_joint2,position_joint3,position_joint4,position_joint5,position_joint6,position_joint7,velocity_joint1,velocity_joint2,velocity_joint3,velocity_joint4,velocity_joint5,velocity_joint6,velocity_joint7,ee_T_00,ee_T_10,ee_T_20,ee_T_30,ee_T_01,ee_T_11,ee_T_21,ee_T_31,ee_T_02,ee_T_12,ee_T_22,ee_T_32,ee_T_03,ee_T_13,ee_T_23,ee_T_33,v_x,v_y,time
0.465073599936,0.547654952726,-0.123950895187,-1.35576100677,0.0794851000491,1.89409162013,0.159168828512,-0.000725440745401,3.3706265865e-05,0.000185196627811,-0.000314910613407,0.000117859705461,-2.98103469669e-05,-0.00124257428125,0.573779254193,0.81899552464,0.00210831201544,0.0,0.818954452168,-0.573720058628,-0.0118172121325,0.0,-0.00846882600829,0.00850724646649,-0.999927950276,0.0,0.661687380474,0.260919413301,0.303336023492,1.0,0.0,0.0,0.0
0.465076164406,0.547654300106,-0.123948150514,-1.35576100677,0.0794843762353,1.89409221447,0.159166129025,-3.20933518708e-05,-0.000597653458213,0.00235087680512,-0.000696327743649,-0.000270134479535,-0.00423351775287,-0.00114462009502,0.573772836484,0.819000017259,0.00210967870754,0.0,0.818958955634,-0.573713629349,-0.0118172495574,0.0,-0.00846813920136,0.0085083208806,-0.999927946951,0.0,0.66168625747,0.260922630422,0.303336445306,1.0,-0.0002,-0.000262857142857,0.011
0.46507087502,0.547653269574,-0.123951213906,-1.35576169076,0.0794857989291,1.89409162142,0.15917316123,-0.00039324417531,0.00179563394845,1.8233713284e-05,-0.00148288377293,0.000258378434283,2.35086960544e-05,0.000961932843717,0.573785476231,0.818991162487,0.00210948711844,0.0,0.818950100578,-0.573726270518,-0.0118171985974,0.0,-0.00846807607616,0.00850826542321,-0.999927947958,0.0,0.661688013451,0.260917480254,0.303336902264,1.0,-0.00054,-0.000709714285714,0.028
0.465069462656,0.547626041893,-0.123956594276,-1.35578331793,0.0794843747748,1.89409793972,0.159174815161,-0.000445221288997,-0.00461273782307,-0.000759323457437,-0.00267808133486,-0.000376841761352,-0.000408732410998,0.00137941490366,0.573792544397,0.818986186882,0.00211862972359,0.0,0.818945270883,-0.573733328941,-0.0118092108489,0.0,-0.00845621488746,0.00851124280099,-0.999928022998,0.0,0.661686720636,0.260911422687,0.303346621108,1.0,-0.00088,-0.00115657142857,0.045
0.465079800488,0.547512929395,-0.123954407274,-1.35589544871,0.079486054411,1.89411409056,0.159169778149,0.00105237472187,-0.0119775014095,-0.00126672894774,-0.00706962778287,0.000118361827569,-0.000199583585072,0.000791545938012,0.573784899046,0.818991486444,0.00214048151008,0.0,0.818950736136,-0.573725479183,-0.0118115714381,0.0,-0.00844569027499,0.00853041447046,-0.999927948577,0.0,0.661663932003,0.260909075082,0.303374711806,1.0,-0.00122,-0.00160342857143,0.062
0.46507685891,0.547384561781,-0.123951585291,-1.35606442298,0.0794816190984,1.89414845144,0.159169149828,0.000927342148408,-0.0109028648506,0.00528021903869,-0.014580318194,-0.000180035682487,-0.000286306371505,0.00131800568543,0.573792880075,0.818985894979,0.00214044456595,0.0,0.81894504266,-0.573733356843,-0.0118236732713,0.0,-0.00845553998545,0.00853741037741,-0.999927805628,0.0,0.661635803912,0.260892002668,0.303388098634,1.0,-0.00154,-0.002024,0.078
0.465056296114,0.547245558457,-0.12395087565,-1.35626763188,0.0794788568472,1.89422669072,0.15915851623,0.000828363500208,-0.00656419825638,0.000766038779559,-0.0103539661577,0.000240198418704,0.00563443053882,-0.00392512025965,0.573811168784,0.818973036195,0.00215765279964,0.0,0.818932324285,-0.573751491162,-0.0118246155577,0.0,-0.00844624741036,0.00855223275278,-0.9999277575,0.0,0.661613844247,0.260861380754,0.303396605929,1.0,-0.00188,-0.00247085714286,0.095
0.465033200284,0.547048958717,-0.123947006876,-1.35648043867,0.0794780315301,1.89436495568,0.159139720233,-0.000810931311451,-0.00911539285343,0.00118328257592,-0.0129120521941,0.000297034824922,0.00572472295598,-0.00228334407925,0.573823969512,0.818963768461,0.00226822917628,0.0,0.818924453381,-0.573763820206,-0.0117713711737,0.0,-0.00833905921177,0.00861236908658,-0.999928141013,0.0,0.661603002651,0.260834936427,0.303446452855,1.0,-0.00222,-0.00291771428571,0.112
0.465004119495,0.546825094539,-0.123951011704,-1.35674882552,0.0794713224673,1.89449854278,0.159130884095,-0.00167289098471,-0.0152366690294,-0.000686915597954,-0.014784606423,-0.00121484253759,0.00770361464413,0.000510105335898,0.573856717855,0.818940597006,0.0023479456973,0.0,0.818902306296,-0.573796252516,-0.011731165404,0.0,-0.00826004418872,0.00865491285579,-0.999928429516,0.0,0.661582885581,0.260792457265,0.303488989104,1.0,-0.00258,-0.00339085714286,0.13
0.464968978719,0.546588970749,-0.123949137706,-1.35711228414,0.0794614204903,1.89462464475,0.159091441747,-0.00156202703383,-0.0161330873971,0.00108067265817,-0.0261970257183,0.00022603178,0.00392737973254,-0.0042835981547,0.573869539052,0.818931594791,0.00235416695589,0.0,0.818893258559,-0.573808916521,-0.0117433090682,0.0,-0.00826628398467,0.00866710568027,-0.999928272342,0.0,0.661540179718,0.26073720944,0.30349408842,1.0,-0.00292,-0.00383771428571,0.147
0.464924773025,0.546325475344,-0.123946635963,-1.3575182439,0.0794501622156,1.89477841531,0.158950806485,-0.00344441728629,-0.0112305990886,0.0020357969701,-0.0224958057429,-0.000457588111758,0.00741864604989,-0.00798093293544,0.57380856684,0.818974265017,0.0023725014239,0.0,0.818936034488,-0.573747744361,-0.0117492195309,0.0,-0.00826125014404,0.00868489693958,-0.999928159575,0.0,0.661496233985,0.260673305405,0.303500709457,1.0,-0.00326,-0.00428457142857,0.164
0.464883368528,0.546066592407,-0.123949866334,-1.35793721327,0.0794390133787,1.89491813391,0.158928027352,-0.00476762928219,-0.0203283136645,-6.66386805351e-05,-0.0292922186407,-2.99147302617e-05,0.00784780923766,-0.00531829038776,0.573846471746,0.818947736407,0.00236194849445,0.0,0.818909239797,-0.5737855487,-0.0117706405834,0.0,-0.00828444705025,0.00868892930384,-0.999927932625,0.0,0.661446925883,0.260605392388,0.303496823916,1.0,-0.00356,-0.00467885714286,0.179
0.464840453584,0.545752750158,-0.123951761417,-1.35845793419,0.0794103566447,1.89510295006,0.158893170491,-0.00212250706307,-0.0185371299401,0.000630686131988,-0.0279809778832,-0.0017979011511,0.0168437735336,-0.00142214188229,0.573875889358,0.818927175787,0.00234334633537,0.0,0.818888408468,-0.573815002667,-0.0117840609135,0.0,-0.00830580035195,0.00868169473759,-0.999927818323,0.0,0.66138573473,0.260526125009,0.303487244647,1.0,-0.0039,-0.00512571428571,0.196
0.46477499172,0.545358060566,-0.123954808546,-1.35913517894,0.0792817833886,1.89533304184,0.158771722398,-0.00420267198266,-0.0275868180478,-0.000604449245223,-0.0355595668041,-0.0119938973015,0.0133909445372,-0.00936252372449,0.573835794291,0.81895553522,0.00224931636204,0.0,0.818916291826,-0.573776042813,-0.0117433631288,0.0,-0.00832684871286,0.00858092913251,-0.999928513068,0.0,0.661311430416,0.260400653959,0.303464159781,1.0,-0.00428,-0.00562514285714,0.215
0.464712441496,0.544988899998,-0.123950555024,-1.35978390891,0.0792746296769,1.89552881806,0.158719982242,-0.00647346641951,-0.0217817587909,0.00044022223632,-0.0386006986836,-0.00281765150058,0.0131662546538,-0.00246603662516,0.57387577415,0.818927663538,0.00219650569504,0.0,0.818887364871,-0.573815842679,-0.0118156356848,0.0,-0.00841592319082,0.00857956301939,-0.99992777906,0.0,0.661226841174,0.260301721569,0.303433548172,1.0,-0.0046,-0.00604571428571,0.231
0.464655201475,0.544566873094,-0.123957404266,-1.36049454966,0.0792540747741,1.89578149764,0.15861767627,-0.00628531803396,-0.0297106242724,8.95905380326e-05,-0.0452255639249,-0.00633924013635,0.0124964932246,-0.0117994122782,0.573877838358,0.81892627222,0.00217582411139,0.0,0.818885515538,-0.573817795711,-0.0118489100384,0.0,-0.00845501991747,0.00858174295403,-0.99992743053,0.0,0.661142604869,0.260194918102,0.303416140948,1.0,-0.00494,-0.00649257142857,0.248
0.464586414152,0.544105682462,-0.123963654171,-1.36124509536,0.0792295822309,1.8960484641,0.158523185259,-0.00317323535611,-0.0282496793434,-0.000411711603946,-0.0428882352303,-4.93102419814e-05,0.0113893190136,-0.0112332141464,0.573896459554,0.818913248199,0.00216622661822,0.0,0.818872189454,-0.573836273168,-0.0118750089195,0.0,-0.0084817060163,0.00858905367566,-0.999927141756,0.0,0.661056069001,0.260076941932,0.303408627561,1.0,-0.00528,-0.00693942857143,0.265
0.464513882943,0.543630174403,-0.123958417041,-1.3620203845,0.0791889636919,1.89633203359,0.158447516586,-0.00816055715066,-0.029571313479,-0.000456822120865,-0.050676288631,-0.00371939416957,0.0172967398255,-0.011865156229,0.573922618284,0.818894942416,0.00215601701422,0.0,0.818853658388,-0.57386237615,-0.0118914374864,0.0,-0.00850074463457,0.00859039274869,-0.99992696858,0.0,0.660966667727,0.259958919033,0.303400454291,1.0,-0.0056,-0.00736,0.281
0.464433451506,0.543082860434,-0.123971751391,-1.36291439763,0.079138286877,1.89664158561,0.158311763341,-0.00599866021761,-0.0306360587216,-0.00158798172273,-0.0515455538832,6.9115462769e-05,0.0137850822376,-0.00545599395881,0.573922821177,0.818894886633,0.00212294120382,0.0,0.818853167012,-0.573862707862,-0.011909252722,0.0,-0.00853431368178,0.00857353411554,-0.999926827324,0.0,0.660863758467,0.259811905885,0.303389368397,1.0,-0.00596,-0.00783314285714,0.299
0.464369687498,0.542572155813,-0.123970645077,-1.36371760567,0.0790851927299,1.89692320573,0.158220624188,-0.00876165783847,-0.0360541836096,-0.000148923908803,-0.0576663465654,-0.00263504994245,0.0232673425162,-0.00513642357907,0.573930040383,0.81888985671,0.00211145089571,0.0,0.818847995027,-0.573869980552,-0.011914418264,0.0,-0.00854506249944,0.00856716483241,-0.999926790117,0.0,0.66076759821,0.259692296184,0.303392634293,1.0,-0.00626,-0.00822742857143,0.314
0.464293858588,0.54201035906,-0.12396763455,-1.36458895601,0.0790456000425,1.89724776935,0.158087243494,-0.00824897683069,-0.0354379163759,0.000209709921032,-0.0554764364549,-0.0016831597708,0.0163202392281,-0.0132509971558,0.573921115307,0.818896060399,0.00213133014277,0.0,0.81885430517,-0.57386082245,-0.0119218397293,0.0,-0.0085398251365,0.00858760975521,-0.999926659483,0.0,0.660661377184,0.259556272323,0.303401505969,1.0,-0.0066,-0.00867428571429,0.331
0.464208645605,0.541302157379,-0.123972149332,-1.36566405719,0.0789800807253,1.89764488455,0.157967027505,-0.00526049618597,-0.0399923409513,0.00138554389145,-0.0568065140403,-0.000447383327748,0.0258109290079,-0.00504292924246,0.573935313853,0.818886043975,0.00215624576033,0.0,0.818844649879,-0.573874954991,-0.0119047175525,0.0,-0.00851135549251,0.00859833365406,-0.999926810065,0.0,0.660544125109,0.259402630567,0.303426785516,1.0,-0.00696,-0.00914742857143,0.349
0.464138174712,0.540716319156,-0.12397715691,-1.36658482999,0.0789206024098,1.89799053118,0.157832864052,-0.00315232300811,-0.036979042342,-0.00160770861972,-0.0611581596535,-0.000581458068964,0.0164279450209,-0.0106290106478,0.573921874116,0.818895449554,0.00216148355339,0.0,0.818854179593,-0.573861552333,-0.0118953023734,0.0,-0.00850078034369,0.00859707959354,-0.999926910807,0.0,0.66043868192,0.259265408619,0.303432752546,1.0,-0.00726,-0.00954171428571,0.364
0.464038638643,0.539993936221,-0.123974372274,-1.36767613879,0.0788547495225,1.8983885794,0.157703205326,-0.00610834117732,-0.0446862743548,-0.00049153688211,-0.0651776127355,-0.0070620862776,0.0228263811471,-0.00577808910663,0.573938005906,0.818884074771,0.00218731899764,0.0,0.818843113763,-0.573877550605,-0.0118852368791,0.0,-0.00847754115532,0.00861262607265,-0.999926974318,0.0,0.660313834393,0.259097595487,0.30345824887,1.0,-0.0076,-0.00998857142857,0.381
0.463934461789,0.539167264551,-0.123980352591,-1.36896077012,0.0787937539035,1.8988769541,0.15754363295,-0.00313644206624,-0.0476703961966,-0.00014628637051,-0.0668256481336,-0.00166946565755,0.0235089061971,-0.00934056093697,0.573951677681,0.818874404694,0.00221989307124,0.0,0.818833757137,-0.573890977978,-0.0118815179791,0.0,-0.00845565715394,0.00863730685639,-0.999926946728,0.0,0.660167767794,0.258906976346,0.303473444252,1.0,-0.00798,-0.010488,0.4
0.46382336756,0.538453976196,-0.123985722963,-1.37006853388,0.0787263277104,1.89930824756,0.157402473812,-0.00916223483144,-0.0474220296375,-0.00239647022577,-0.0708902545252,-0.00360641309668,0.0280164203211,-0.00514035327094,0.573974112662,0.818858601712,0.00224839885282,0.0,0.818818377894,-0.573913351239,-0.0118606995753,0.0,-0.00842201189882,0.00864893133452,-0.999927130196,0.0,0.660049995051,0.25872675224,0.303487592256,1.0,-0.0083,-0.0109085714286,0.416
0.463720746692,0.537680971248,-0.123991364073,-1.37129918796,0.0786424443747,1.89977946168,0.157256685249,-0.0077535539499,-0.0431108071901,0.000177021763303,-0.0718260673189,-0.000970102330349,0.0288047721667,-0.00643252489795,0.573988276262,0.818848664885,0.00225158411023,0.0,0.818808603513,-0.573927624878,-0.0118447928112,0.0,-0.00840700831966,0.00864255504535,-0.999927311585,0.0,0.659911849742,0.258538222592,0.303488757614,1.0,-0.00864,-0.0113554285714,0.433
0.46360544415,0.536862371399,-0.123987734303,-1.37258459514,0.0785830050879,1.90026282348,0.157097059204,-0.00615807429498,-0.0492040472253,0.00140246026697,-0.0757259040266,-0.00106421570942,0.0270314766583,-0.0126593968645,0.574004394528,0.818837299796,0.0022756157138,0.0,0.818797370745,-0.573943461225,-0.0118539393656,0.0,-0.00840053467923,0.00866764833072,-0.999927148791,0.0,0.659764165201,0.258345588594,0.303496713049,1.0,-0.00898,-0.0118022857143,0.45
0.463498537207,0.536075976702,-0.124000929068,-1.37382120491,0.0785069657903,1.90073092452,0.156945139588,-0.00669416849133,-0.0414756895757,-0.000679638206931,-0.0789311518645,-0.00295596900763,0.032292376283,-0.0155168539479,0.574024527641,0.818823157857,0.00228576576504,0.0,0.818783439009,-0.57396363288,-0.0118395538768,0.0,-0.00838271586384,0.00866790835955,-0.999927296077,0.0,0.659626224744,0.258150398695,0.303504207874,1.0,-0.0093,-0.0122228571429,0.466
0.46338352771,0.5351700242,-0.124002709151,-1.37523155599,0.078424899946,1.90123685158,0.156765317668,-0.00375850742728,-0.0551379992782,0.000134761198319,-0.0823259799794,0.000215706667182,0.0272673003116,-0.00667733031766,0.574028042398,0.818820685905,0.00228861873971,0.0,0.818780947812,-0.573967077791,-0.0118448306873,0.0,-0.00838536202178,0.00867330938092,-0.999927227056,0.0,0.659458157657,0.257939049263,0.303516130069,1.0,-0.00964,-0.0126697142857,0.483
0.463248500347,0.53421653734,-0.124008408451,-1.37676838176,0.0783415687928,1.90180061305,0.156578096638,-0.00779131466083,-0.0556586224091,4.94112173341e-06,-0.0885186016556,-0.00534314810865,0.0248114356204,-0.0141785300669,0.574051255444,0.818804451303,0.00227454408897,0.0,0.818764445655,-0.573990255826,-0.011862362714,0.0,-0.00840755112113,0.0086720870032,-0.999927051335,0.0,0.659279248412,0.257701566521,0.303506366905,1.0,-0.01,-0.0131428571429,0.501
0.463133091834,0.533399765255,-0.124016253607,-1.37807147636,0.0782645187342,1.90227813806,0.156419335268,-0.00433102107064,-0.0561369658061,2.66675420066e-05,-0.0868291431343,-0.000948930367343,0.0297929756708,-0.0196069130141,0.574069710676,0.818791528912,0.00226856066939,0.0,0.818751439903,-0.57400872661,-0.0118662687005,0.0,-0.00841398866608,0.00866961967134,-0.999927018582,0.0,0.659116806105,0.257488835882,0.303505211687,1.0,-0.01032,-0.0135634285714,0.517
0.463000708127,0.532404190899,-0.124012308184,-1.37968622248,0.0781788256381,1.90289304941,0.156206514853,-0.00500919090736,-0.0568133396838,0.00139959393646,-0.0856632320231,-0.000218621859984,0.0355204625924,-0.00993667891474,0.574068712186,0.818792233527,0.00226691576154,0.0,0.818752002035,-0.574007610035,-0.0118814850173,0.0,-0.0084274030101,0.00867699768003,-0.999926841619,0.0,0.658939353551,0.257261200624,0.303490398451,1.0,-0.01066,-0.0140102857143,0.534
0.462872454111,0.531428947052,-0.1240145518,-1.38125608788,0.0780799375704,1.90347039623,0.15601541578,-0.00687171493201,-0.0561635009724,-0.000867511142685,-0.0858493669823,-0.00875482376445,0.0297666594661,-0.0118309566028,0.574077886476,0.818785852854,0.00224818302696,0.0,0.81874539438,-0.574016874858,-0.0118892161967,0.0,-0.0084443896088,0.00866619245615,-0.999926792017,0.0,0.658753148375,0.257025036436,0.30348069722,1.0,-0.011,-0.0144571428571,0.551
0.46274789336,0.530469524322,-0.124015494103,-1.38280861638,0.0779783428315,1.90401120511,0.155806165068,-0.0115593308436,-0.0565290264489,-0.000582771306915,-0.0967386017867,-0.00428651324679,0.0333050263076,-0.0115150473879,0.574066195747,0.818794182191,0.00219932086436,0.0,0.818753083985,-0.574005377789,-0.0119147234908,0.0,-0.00849344779825,0.0086407070885,-0.999926597069,0.0,0.65856175078,0.256791036843,0.303464670571,1.0,-0.01132,-0.0148777142857,0.567
0.462613637273,0.529437132765,-0.124012712961,-1.38445675784,0.0778864582924,1.90461165899,0.155590187584,-0.00663300211597,-0.0602964032022,0.00012659984319,-0.0960296321958,-0.00691578004273,0.0361682514299,-0.0142014517009,0.574062129456,0.818797056374,0.0021906390224,0.0,0.818755721735,-0.574001221804,-0.0119336664536,0.0,-0.00851398540917,0.0086444306425,-0.999926390226,0.0,0.658362515732,0.256548046495,0.303459398358,1.0,-0.01166,-0.0153245714286,0.584
0.462491793854,0.528474421834,-0.124018949875,-1.38595033161,0.0777888659862,1.90517316027,0.15538120975,-0.00436925150871,-0.0687715931293,-0.00109732994537,-0.102028337609,-0.00909406461494,0.0423497425558,-0.0156344443345,0.574049909106,0.818805569731,0.00221082230744,0.0,0.818764585399,-0.573989010263,-0.0119128793658,0.0,-0.00848550764047,0.00864889684515,-0.999926593677,0.0,0.658188575472,0.256321880802,0.303475271843,1.0,-0.01196,-0.0157188571429,0.599
0.462339949624,0.527361551253,-0.124021190094,-1.38767159098,0.0776828098301,1.90584390864,0.155156954856,-0.00917204758844,-0.0686067652276,-0.00165781146426,-0.104727217545,-0.00877116861645,0.0361260176362,-0.0142267973053,0.574056967995,0.818800484519,0.00226074078439,0.0,0.818760206275,-0.573995926381,-0.0118805731957,0.0,-0.00843032539808,0.0086712973671,-0.999926866434,0.0,0.657993899887,0.256059290053,0.303497603876,1.0,-0.0123,-0.0161657142857,0.616
0.462189755924,0.526207885905,-0.124015463448,-1.38946483697,0.0775708790685,1.90651724031,0.154898748954,-0.00946513304609,-0.0663574928155,0.0032365145539,-0.107219917442,-0.00750445756336,0.0411794740388,-0.018960505067,0.574031162621,0.818818498607,0.00228857607657,0.0,0.818778573022,-0.5739700045,-0.011867147733,0.0,-0.00840362786438,0.00868611689905,-0.999926962539,0.0,0.657781484458,0.255793687815,0.30351405664,1.0,-0.01264,-0.0166125714286,0.633
0.462035952897,0.525034307854,-0.124026530617,-1.39129933175,0.0774588072341,1.9071720812,0.15465451479,-0.0131418705583,-0.066125729316,-0.0003558878024,-0.108290531247,-0.00307681855133,0.0394754853799,-0.0146865974663,0.574033378009,0.818816966985,0.00228087943688,0.0,0.818776941221,-0.573972249883,-0.0118711326109,0.0,-0.00841128524033,0.00868212499985,-0.999926932824,0.0,0.657560399208,0.255510080765,0.303523522083,1.0,-0.01298,-0.0170594285714,0.65
0.461891997258,0.523934941792,-0.124032919754,-1.39308995963,0.0773453986765,1.90780959525,0.154410167953,-0.00603079832306,-0.0665152143494,0.000201270911142,-0.115236435463,-0.00160485314065,0.0378457072572,-0.0179574733558,0.574033467478,0.81881704852,0.00222849041826,0.0,0.818776384177,-0.573972591674,-0.0118930073283,0.0,-0.00845926760481,0.00865178613594,-0.999926791014,0.0,0.657329620629,0.255214428221,0.303499277268,1.0,-0.01332,-0.0175062857143,0.667
0.461734642127,0.52271001546,-0.124037782021,-1.39502228969,0.0772262234526,1.90854473901,0.154156056101,-0.00855423594729,-0.0786250077088,-0.000440020556052,-0.115730357587,-0.00601769571696,0.0493911998666,-0.0125383623999,0.574017045498,0.818828501731,0.00225014043845,0.0,0.818788115078,-0.573956081324,-0.0118821807064,0.0,-0.00843814889713,0.00866312930349,-0.999926871243,0.0,0.657112114027,0.254949630435,0.303504923389,1.0,-0.01364,-0.0179268571429,0.683
0.461553635605,0.521410901354,-0.124038200084,-1.3970950267,0.0770945532454,1.90936124015,0.153870804022,-0.0118106533074,-0.0744229814933,0.000928724076626,-0.116185397566,-0.00431779882065,0.0450756503672,-0.0128836504752,0.57400763077,0.818835018875,0.00228004036484,0.0,0.818795110082,-0.573946641205,-0.0118561231704,0.0,-0.00839974905204,0.00867255804631,-0.99992711282,0.0,0.656874244159,0.254635588591,0.303501957928,1.0,-0.014,-0.0184,0.701
0.461390126255,0.52013237485,-0.124049959565,-1.3991267945,0.0769697519235,1.91010136609,0.153598927653,-0.00508069527357,-0.0770785457257,2.2104711061e-06,-0.117643150316,-0.00841323599653,0.0354043992132,-0.0176025161118,0.574001853044,0.81883911129,0.00226482349852,0.0,0.818799019605,-0.573940939553,-0.0118621372742,0.0,-0.00841346900229,0.00866349083566,-0.999927076074,0.0,0.656627246271,0.254327044587,0.303497391003,1.0,-0.01434,-0.0188468571429,0.718
0.461207656531,0.518701661511,-0.124057410488,-1.40132250564,0.0768330471406,1.91088355929,0.153301555624,-0.00968004690918,-0.0855771605766,-0.000408639099162,-0.122648927588,-0.00455657530876,0.0369528259234,-0.0134041040126,0.573992628488,0.818845542291,0.00227754545345,0.0,0.818805605956,-0.573931655671,-0.011856693262,0.0,-0.00840180675174,0.00867068845335,-0.999927111746,0.0,0.65635764958,0.253992103714,0.303524691583,1.0,-0.0147,-0.01932,0.736
0.461058415503,0.51750680797,-0.124068448749,-1.40319050944,0.0767147808374,1.91155837217,0.1530351668,-0.00746966711012,-0.0830441098191,-0.00314358446726,-0.123222218565,-0.012483192429,0.0495340838042,-0.0172572846758,0.573971531801,0.81886033916,0.00227432078182,0.0,0.818820397986,-0.573910612573,-0.0118537555004,0.0,-0.00840147517073,0.00866614530003,-0.999927153917,0.0,0.656128564952,0.253708410485,0.303532870442,1.0,-0.015,-0.0197142857143,0.751
0.46085108829,0.516069334337,-0.124069798881,-1.40546217223,0.0765754019863,1.91240559115,0.152730870979,-0.0140133353975,-0.0840578957223,0.00111016764158,-0.133188492338,-0.0113319770629,0.0439349593392,-0.011319054312,0.5739756532,0.818857425302,0.0022833008487,0.0,0.818817587635,-0.57391468453,-0.011850736751,0.0,-0.00839380550438,0.00867180821954,-0.999927169234,0.0,0.655857636531,0.25335584735,0.303533407423,1.0,-0.01536,-0.0201874285714,0.769
0.460688117865,0.514867623174,-0.124075518381,-1.40739676131,0.0764600097683,1.91312804592,0.152467638243,-0.0129864860965,-0.080727145547,0.000246480871075,-0.129265323525,-0.0117850066366,0.0396994648867,-0.0179601055374,0.57396437109,0.818865338393,0.00228149045617,0.0,0.818825451464,-0.573903384372,-0.0118546337695,0.0,-0.00839815528949,0.00867244684028,-0.999927127172,0.0,0.655608910878,0.253042699649,0.303522230054,1.0,-0.01568,-0.020608,0.785
0.460502490265,0.513445688949,-0.124078432565,-1.40966741506,0.0763226775647,1.91391189257,0.152155529383,-0.00880740224859,-0.0806255430352,-0.00110416510377,-0.131451840547,-0.0049687986706,0.04213944612,-0.0175702691075,0.57394912082,0.818876199538,0.00221888292468,0.0,0.818835374153,-0.573888257325,-0.0119014722533,0.0,-0.0084726046367,0.00864790586504,-0.999926711662,0.0,0.655332523688,0.252719093098,0.303501849817,1.0,-0.016,-0.0210285714286,0.801
0.460278040683,0.511864974318,-0.124081902336,-1.41221816169,0.0761653144329,1.91482588521,0.151800626555,-0.00848312087346,-0.0867262844245,0.00110521329977,-0.131706160201,-0.00665598933609,0.0521021298403,-0.0249381235293,0.573935828716,0.818885649306,0.00216904987772,0.0,0.818844106474,-0.573875098883,-0.0119351194765,0.0,-0.00852889855675,0.00862627247909,-0.999926419949,0.0,0.655015401536,0.252324720901,0.303474446339,1.0,-0.01638,-0.021528,0.82
0.460090215504,0.510494336105,-0.124083331227,-1.41440114537,0.0760288526983,1.91566589787,0.151480421141,-0.0102993009441,-0.0876249795427,-0.000282550414699,-0.139054801092,-0.0142713919803,0.0519578878303,-0.0231188735966,0.573905856569,0.818906604069,0.00218826628051,0.0,0.818865348592,-0.573845089945,-0.0119205923582,0.0,-0.00850628971839,0.00863335941764,-0.999926551373,0.0,0.654753810063,0.251994772381,0.303467972809,1.0,-0.0167,-0.0219485714286,0.836
0.459879748908,0.508999797832,-0.124090819564,-1.41675473695,0.075886741485,1.91653063026,0.151163050134,-0.0125241357309,-0.0951016121662,-0.00111782677477,-0.141719136204,-0.00576634847617,0.0473559782349,-0.0196775844077,0.573907835682,0.818905207469,0.00219185400172,0.0,0.818863965996,-0.573847021054,-0.0119226054638,0.0,-0.00850585857555,0.00863747325626,-0.999926519513,0.0,0.654466182738,0.251628719375,0.30346887524,1.0,-0.01704,-0.0223954285714,0.853
0.45970257411,0.507670327278,-0.12409125223,-1.4188503721,0.0757541591334,1.91727424538,0.150859602028,-0.00808732760875,-0.091187813466,0.00108790635281,-0.136945058414,-0.0107563022867,0.0468796949355,-0.0192692236311,0.573877464077,0.818926546924,0.00217114455999,0.0,0.818884986499,-0.573816687642,-0.0119387926782,0.0,-0.00853131953695,0.0086294878944,-0.999926371552,0.0,0.654200307148,0.251310459139,0.303465872825,1.0,-0.01734,-0.0227897142857,0.868
0.459479458799,0.506111993288,-0.124103191265,-1.42129440442,0.0755959584893,1.91817532402,0.150531170967,-0.0103071398447,-0.0923964743096,-0.00153783145306,-0.141474735834,-0.00902923497432,0.0531447178499,-0.0202631905079,0.573883372541,0.818922392872,0.00217625255802,0.0,0.818880981731,-0.573822658304,-0.0119265031557,0.0,-0.00851826147777,0.00862667977511,-0.999926507108,0.0,0.653903161604,0.250923685602,0.303470626405,1.0,-0.01768,-0.0232365714286,0.885
0.459265091844,0.504578920635,-0.124107135313,-1.42362510107,0.0754466285284,1.91908533607,0.150208190541,-0.0154857639831,-0.0998129962094,0.000854668973732,-0.147717668946,-0.010247278682,0.0551323443409,-0.0236884512788,0.573877260585,0.818926432669,0.00226595685659,0.0,0.818886303706,-0.573816304712,-0.0118666318065,0.0,-0.00841781753205,0.00866571803003,-0.999927020176,0.0,0.653628854433,0.250562464488,0.303511577811,1.0,-0.018,-0.0236571428571,0.901
0.459027595672,0.502822162535,-0.124113181696,-1.42623351591,0.0752839418629,1.92007371154,0.149839857605,-0.0119113297596,-0.102429243425,-0.000286506988937,-0.145314760867,-0.00999548511895,0.0553037017798,-0.0162305566544,0.57386448006,0.81893506423,0.00238033634596,0.0,0.818896480713,-0.573803142989,-0.011800587834,0.0,-0.00829823044579,0.00872135517151,-0.999927536042,0.0,0.653315325099,0.250158168218,0.303582778976,1.0,-0.01836,-0.0241302857143,0.919
0.458811599584,0.501217206256,-0.124116833431,-1.4286308519,0.0751314906563,1.92093035713,0.149512290157,-0.0104765373598,-0.10461436186,0.000195299342674,-0.150489924748,-0.015702887636,0.0509031392096,-0.018432247382,0.573856867656,0.818940240473,0.00243410756437,0.0,0.818902346143,-0.5737953185,-0.0117739903589,0.0,-0.00824567372547,0.008750050088,-0.999927720132,0.0,0.653014660113,0.249785269906,0.303636312847,1.0,-0.01868,-0.0245508571429,0.935
0.458563467319,0.499506959336,-0.124123388839,-1.43122724478,0.0749678570354,1.9218595907,0.149149614932,-0.0138893260904,-0.0942984035689,-0.00178978920902,-0.15145133347,-0.0172990254786,0.0657414943887,-0.01710038626,0.573855657801,0.818940982692,0.00246936816666,0.0,0.818903529309,-0.573793959219,-0.0117579313825,0.0,-0.00821230145593,0.00876969859859,-0.999927822641,0.0,0.652691502632,0.24937069233,0.303674368789,1.0,-0.01902,-0.0249977142857,0.952
0.458311981792,0.49783035559,-0.124123011743,-1.43386768175,0.074805699206,1.92284593025,0.148755639803,-0.013031541831,-0.103701816285,-0.00196204683807,-0.159332737626,-0.0137527195345,0.0518735640221,-0.019532595021,0.573829195116,0.818959469203,0.00248787794383,0.0,0.818922213172,-0.573767385334,-0.0117534336516,0.0,-0.00819828040408,0.00878201096494,-0.999927829637,0.0,0.652366254785,0.248956482855,0.303672201645,1.0,-0.01936,-0.0254445714286,0.969
0.458068046896,0.496257372257,-0.124114979738,-1.43639215057,0.0746570298353,1.92373462825,0.148386113754,-0.0142973403422,-0.100635800908,5.75570242467e-05,-0.160697026143,-0.0145668807054,0.0483442977496,-0.0201163804505,0.5738081475,0.818974357843,0.00244089313968,0.0,0.818936271045,-0.57374628115,-0.0118040558444,0.0,-0.00826692485744,0.00877236823814,-0.999927349115,0.0,0.65204129206,0.248559836446,0.303643748864,1.0,-0.01968,-0.0258651428571,0.985
0.457782801172,0.494495623119,-0.124123128716,-1.43928343142,0.0744726718115,1.92473394245,0.147972315863,-0.0163937110185,-0.094145202398,-0.00135901609462,-0.158247020382,-0.0128963853456,0.0590899097251,-0.0313824445706,0.573804375013,0.818977336615,0.00232555974727,0.0,0.818937653296,-0.573742852486,-0.0118746004442,0.0,-0.00839091691329,0.00871835398377,-0.999926788729,0.0,0.651669078313,0.248087755823,0.303581755178,1.0,-0.020204,-0.0265538285714,1.003
0.457520647092,0.492828062049,-0.124127962234,-1.44196565752,0.0742989006375,1.92573016942,0.147592349799,-0.0164345482045,-0.106749575562,-2.29494122271e-05,-0.176323834555,-0.0162350813532,0.0707795916774,-0.0274567596015,0.573799142392,0.818981068097,0.00230243118539,0.0,0.818941118527,-0.573737747659,-0.0118822640434,0.0,-0.00841051954379,0.00870375606235,-0.999926751213,0.0,0.65133610816,0.247657717273,0.303552573092,1.0,-0.021996,-0.0289090285714,1.019
0.457219901654,0.490884977411,-0.124125228473,-1.44507290344,0.0741107410186,1.92684116488,0.147138733961,-0.0151718642495,-0.116826107406,-0.000924885256573,-0.19039853791,-0.0133465504546,0.0639826047707,-0.0313070273212,0.573776472829,0.818997067631,0.00226038521424,0.0,0.818956389995,-0.57371506243,-0.0119249875585,0.0,-0.00846987586901,0.00869360159367,-0.999926338534,0.0,0.650937171028,0.247165911681,0.303521823323,1.0,-0.0239,-0.0314114285714,1.036
0.456878055691,0.488796976906,-0.124138766538,-1.44843174491,0.0739039631515,1.92802482621,0.146661549155,-0.0180573496227,-0.132168026895,-5.9828438807e-05,-0.204110596437,-0.0169664164177,0.0683539262724,-0.0329016465007,0.573786503488,0.818990245952,0.00218457134376,0.0,0.818948455618,-0.5737252737,-0.0119784915476,0.0,-0.00855708869703,0.0086623148867,-0.999925867519,0.0,0.650508238906,0.246612102185,0.30347801947,1.0,-0.025804,-0.0339138285714,1.053
0.456513188329,0.48648142428,-0.124162072315,-1.45199148988,0.0736785794688,1.92940834551,0.146157425034,-0.0230546182074,-0.146328458964,-0.00133459643943,-0.217521131048,-0.00984960133803,0.0734650394984,-0.0251118051106,0.573805008242,0.818976986279,0.00229245786893,0.0,0.818936794112,-0.573743535719,-0.0119008138555,0.0,-0.00843137211246,0.00870629231335,-0.999926553522,0.0,0.650083019271,0.246027309657,0.303513025532,1.0,-0.027708,-0.0364162285714,1.07
0.456108757218,0.484015503934,-0.124187222468,-1.45574466202,0.0734513113784,1.93076570834,0.145573353249,-0.0218535751289,-0.149814743155,-0.00277491578042,-0.226340569915,-0.0136253966207,0.0856181215547,-0.0374218761153,0.573799376831,0.81898076067,0.00235280750992,0.0,0.818941308363,-0.573737619366,-0.011875372898,0.0,-0.00837596901301,0.00874106112151,-0.999926715811,0.0,0.649617032861,0.245393174914,0.303556784785,1.0,-0.029612,-0.0389186285714,1.087
0.455652540756,0.481227607288,-0.124233459638,-1.46008619025,0.0731779957948,1.93225537384,0.144933134505,-0.0281779036292,-0.158707823114,-0.00247307680052,-0.244850421691,-0.0140711311923,0.0925229997237,-0.0351150077084,0.573820089282,0.818966421693,0.00229176290578,0.0,0.818926137935,-0.573758532402,-0.0119110874255,0.0,-0.00844002462253,0.00871177352409,-0.999926432787,0.0,0.649058532242,0.244649769446,0.303554541952,1.0,-0.031628,-0.0415682285714,1.105
0.455127924909,0.478087233191,-0.124250645772,-1.46490684959,0.0728774880484,1.93403345779,0.144213447514,-0.032246332915,-0.168919266585,0.000374247295838,-0.255086437466,-0.0164717911506,0.105361481226,-0.0401533052984,0.573825926618,0.818962102017,0.00237240418791,0.0,0.818922852728,-0.573764034792,-0.0118718389573,0.0,-0.00836154697395,0.00875535356341,-0.999926711472,0.0,0.648457153785,0.24384233685,0.303590573623,1.0,-0.033756,-0.0443650285714,1.124
0.454691296034,0.475497634413,-0.12427503736,-1.46887066225,0.0726343622681,1.93549677034,0.143651345094,-0.0244942862686,-0.180838541858,0.000539797610915,-0.266373509629,-0.0171859285531,0.093513357366,-0.0392764670267,0.573866551472,0.818933443907,0.00243771478187,0.0,0.818895057883,-0.573804416337,-0.0118373505377,0.0,-0.00829539044696,0.00878946134341,-0.999926963266,0.0,0.647996871225,0.243211265279,0.303621157435,1.0,-0.035324,-0.0464258285714,1.138
0.454230412643,0.472760229589,-0.124280439059,-1.47308639802,0.0723734805791,1.936978585,0.143039858686,-0.0312774532667,-0.183345179287,0.000984458087538,-0.287544667163,-0.0196291331766,0.0938457204848,-0.0424466685146,0.573878677787,0.818924898744,0.00245362965498,0.0,0.818886509073,-0.573816256613,-0.0118547799038,0.0,-0.00830040165704,0.00881261930958,-0.999926717851,0.0,0.647414453603,0.242464708649,0.30363919688,1.0,-0.037116,-0.0487810285714,1.154
0.453688529898,0.469543432954,-0.12428927634,-1.47800316345,0.0720691026774,1.93877696227,0.142281750501,-0.0263709901621,-0.196326710628,-0.00172435736149,-0.288041378488,-0.0182207974377,0.10931912086,-0.0407330299414,0.573860001836,0.818937722485,0.00254005621115,0.0,0.818900350122,-0.573797139925,-0.0118239454122,0.0,-0.00822575630873,0.00886551294519,-0.999926867132,0.0,0.646786607846,0.241643017195,0.303677497253,1.0,-0.03902,-0.0512834285714,1.171
0.453162397557,0.466359739439,-0.124283931167,-1.48281230055,0.0717503904832,1.9405801625,0.141500459772,-0.0317935681488,-0.201882267895,0.000571339664297,-0.312084887279,-0.0156977587444,0.104627880976,-0.0440588488634,0.573787919543,0.818987767104,0.00268470134125,0.0,0.818952364982,-0.57372463372,-0.0117394827448,0.0,-0.00807436892307,0.00893478791568,-0.999927484436,0.0,0.646175253537,0.240850729736,0.303741605708,1.0,-0.040812,-0.0536386285714,1.187
0.452558853928,0.462851697824,-0.124288195832,-1.48827663344,0.071386372964,1.94244217578,0.140680667757,-0.0371314986563,-0.206060062212,0.0005134369314,-0.323653432733,-0.0190821750991,0.114036651266,-0.0510899549628,0.573770230753,0.819000432243,0.00260022880445,0.0,0.818963749167,-0.573707054498,-0.0118042395168,0.0,-0.00817606507268,0.00890258576414,-0.999926945295,0.0,0.645439013604,0.239927732862,0.30372062073,1.0,-0.042716,-0.0561410285714,1.204
0.451963024673,0.459447675137,-0.124297771425,-1.49355868553,0.0710252898622,1.94428864482,0.139910411495,-0.0370864650825,-0.218751486722,-0.00105093605182,-0.334339551193,-0.0248744532032,0.11273102554,-0.0473976885498,0.573776155958,0.818996436589,0.00255080576175,0.0,0.818959103554,-0.573713155963,-0.011829973874,0.0,-0.00822543398905,0.00887693344299,-0.999926768463,0.0,0.644691914024,0.238970031845,0.303703151415,1.0,-0.04462,-0.0586434285714,1.221
0.451279759037,0.455760667929,-0.124306693236,-1.49940561632,0.0706440625625,1.94638744093,0.138987117731,-0.0419905783448,-0.219767056985,-0.00118213464604,-0.346526723003,-0.0163540588438,0.116710172339,-0.0597236934919,0.573756466183,0.819010378944,0.00250271795244,0.0,0.81897229735,-0.573693519688,-0.0118688054366,0.0,-0.00828504128006,0.00885963111162,-0.999926429807,0.0,0.643966558642,0.238021706648,0.303645899806,1.0,-0.046412,-0.0609986285714,1.237
0.45056366196,0.451830905168,-0.124361512121,-1.50540252512,0.0702195410077,1.94852280453,0.138021103912,-0.0456352872408,-0.237899610892,-0.00413917772699,-0.353683154505,-0.0212476327632,0.12911240193,-0.061029587452,0.573748692613,0.819015737988,0.00253091978084,0.0,0.818978381067,-0.573686023901,-0.011811190734,0.0,-0.00822175608389,0.00884959420865,-0.999927041043,0.0,0.643186138244,0.236950663171,0.3036770138,1.0,-0.048316,-0.0635010285714,1.254
0.449775268276,0.44746022339,-0.124418522636,-1.51198059,0.069776881347,1.9508523938,0.137054674508,-0.0482821223769,-0.246410350168,-0.00310540282738,-0.372572571275,-0.023617286524,0.120279116026,-0.0507921662012,0.573820339554,0.818965270837,0.00261724646165,0.0,0.818929214168,-0.573757536779,-0.011746406828,0.0,-0.00811839067048,0.00888383778413,-0.999927581957,0.0,0.642320488109,0.235780659298,0.303746667239,1.0,-0.050332,-0.0661506285714,1.272
0.44903558822,0.443505231932,-0.124425861076,-1.51811449252,0.0693582744126,1.95288511366,0.136129506049,-0.0462282677812,-0.253415748636,0.000130919027174,-0.381454983567,-0.0308026816041,0.125807900769,-0.0548098534674,0.573832027299,0.818957482276,0.00248868856404,0.0,0.818919492247,-0.573769417748,-0.0118434528717,0.0,-0.00827151020909,0.00883435823557,-0.999926765435,0.0,0.641466401067,0.2347038145,0.303712053923,1.0,-0.052124,-0.0685058285714,1.288
0.448227105289,0.439212447521,-0.124433812761,-1.52475285798,0.0688941532081,1.95523000737,0.135034792823,-0.04198992668,-0.254057461094,0.000155763738251,-0.393828453432,-0.0308889665365,0.135261358887,-0.0572373693624,0.573768859953,0.819001790713,0.00247165085025,0.0,0.81896361008,-0.573706356674,-0.0118477246001,0.0,-0.00828546537997,0.00882221739502,-0.99992675709,0.0,0.64056638063,0.233542449261,0.303691503193,1.0,-0.054028,-0.0710082285714,1.305
0.447350253983,0.434722759278,-0.124445140927,-1.53148401305,0.0684544025973,1.95767440365,0.133934397561,-0.052779486763,-0.269295165832,-0.000968928315824,-0.39383269275,-0.0282898753633,0.140892329962,-0.0679692399856,0.57376812614,0.819001767006,0.00264385482079,0.0,0.818965771764,-0.573704921737,-0.0117675127201,0.0,-0.008120977542,0.00891722201066,-0.999927263792,0.0,0.639675224886,0.232338726356,0.303764850083,1.0,-0.055932,-0.0735106285714,1.322
0.446440819944,0.430171774034,-0.124483028988,-1.53847046453,0.0679399756586,1.96014999336,0.132829919067,-0.0517713517424,-0.268460916302,-0.00178713086957,-0.419545001305,-0.0300975104898,0.140999357716,-0.0591200811958,0.573795017248,0.818982935729,0.00264122461473,0.0,0.818947270394,-0.573732218917,-0.0117241712524,0.0,-0.00808669622636,0.00889046590373,-0.999927779872,0.0,0.638734645462,0.231061972603,0.303757451366,1.0,-0.057836,-0.0760130285714,1.339
0.445438782509,0.425153054317,-0.124538370372,-1.5462387607,0.0673646799164,1.96266158558,0.13156362142,-0.0594740260968,-0.286325054635,-0.00204307843899,-0.429892928415,-0.0328971432668,0.144108760217,-0.0713346093697,0.573788947044,0.818987908413,0.00240770101235,0.0,0.818949249017,-0.573727060521,-0.0118378402365,0.0,-0.0083138448583,0.00876437556191,-0.99992703019,0.0,0.637629635097,0.229626525245,0.303694765381,1.0,-0.059852,-0.0786626285714,1.357
0.444441078749,0.420283256632,-0.124571823531,-1.55365233741,0.0668410449437,1.96519044153,0.130367360505,-0.0603245524664,-0.290003317815,-0.00071981904369,-0.437910375635,-0.0357174583844,0.150447781343,-0.0693289502113,0.573815776467,0.81896917348,0.00238630833735,0.0,0.818930189356,-0.573753920203,-0.0118545735849,0.0,-0.00833953712934,0.00875672987905,-0.999926883228,0.0,0.63653438678,0.228182293386,0.303698045574,1.0,-0.061868,-0.0813122285714,1.375
0.443467335714,0.415545558451,-0.124585282284,-1.56063013029,0.066368807533,1.96778735098,0.129225463991,-0.0588570893133,-0.300477471964,-0.000257294619912,-0.440150927533,-0.0358937205376,0.160404997259,-0.0738944824829,0.573849061053,0.818944965175,0.00267320842736,0.0,0.818909901735,-0.573786348195,-0.0116853055554,0.0,-0.00803592636611,0.00889488972585,-0.999928149831,0.0,0.635667943851,0.226977723588,0.303810461508,1.0,-0.063548,-0.0835202285714,1.39
0.442339350076,0.410163153681,-0.12461430299,-1.56886202118,0.0657921331862,1.97054632273,0.127817837432,-0.0666474326109,-0.299094158858,-0.00443956918513,-0.467824968229,-0.0298205784357,0.14602837537,-0.0695273780043,0.573817541794,0.81896732517,0.00258765050929,0.0,0.818930925976,-0.573754892846,-0.0117562033158,0.0,-0.0081434260292,0.00886519339763,-0.999927543854,0.0,0.634491921833,0.225451961761,0.303775740602,1.0,-0.065564,-0.0861698285714,1.408
