position_joint1,position_joint2,position_joint3,position_joint4,position_joint5,position_joint6,position_joint7,velocity_joint1,velocity_joint2,velocity_joint3,velocity_joint4,velocity_joint5,velocity_joint6,velocity_joint7,ee_T_00,ee_T_10,ee_T_20,ee_T_30,ee_T_01,ee_T_11,ee_T_21,ee_T_31,ee_T_02,ee_T_12,ee_T_22,ee_T_32,ee_T_03,ee_T_13,ee_T_23,ee_T_33,v_x,v_y,time
0.465072650835,0.54768482618,-0.123969374993,-1.35574543552,0.0794826998161,1.89408791755,0.159168468704,-0.000621200749455,0.00337063578365,0.000416483407969,0.000108561989598,9.67991658721e-05,-5.70908732509e-05,0.00511737634286,0.573791192224,0.818987218115,0.00208595082884,0.0,0.818945979766,-0.57373220889,-0.0118144661013,0.0,-0.00847928280158,0.00848748104531,-0.999928029624,0.0,0.661694047179,0.26090890302,0.303322557446,1.0,0.0,0.0,0.0
0.465071870752,0.547681261287,-0.12396900024,-1.35574367463,0.0794818925491,1.89408791705,0.159171626575,-0.00122594168595,0.000108394317934,0.000820646317767,0.00152728393468,0.000361439691918,0.000104326574267,0.000914095739381,0.573793838605,0.818985353327,0.00209014757001,0.0,0.818944177301,-0.573734846108,-0.011811338966,0.0,-0.00847428627819,0.00848915114899,-0.999928057805,0.0,0.661694708235,0.26090872963,0.303325907143,1.0,-0.00026,-0.000341714285714,0.014
0.465064827016,0.547670752821,-0.123970322153,-1.35575535612,0.0794826996551,1.89409078837,0.159168468704,-0.00341938605568,0.000337651409888,8.38699814386e-05,-0.000218842590437,-0.000104261276291,-1.63388361734e-07,0.00826287500759,0.573798797489,0.818981873635,0.00209226169574,0.0,0.818940716551,-0.573739787465,-0.0118112639385,0.0,-0.00847296042048,0.00849089081303,-0.999928054269,0.0,0.661694977052,0.260902381326,0.303328086124,1.0,-0.00064,-0.000841142857143,0.033
0.465068817569,0.54764488634,-0.123970038969,-1.35577915885,0.0794817177381,1.894093457,0.15917442025,0.000519767628358,0.000943154178736,0.000441660271165,-0.00226448495783,0.000454772467167,-6.20272908985e-05,0.00144415287629,0.573801216891,0.818980166287,0.00209705144837,0.0,0.818939058793,-0.57374217493,-0.0118102324935,0.0,-0.00846934237359,0.00849424665649,-0.999928056419,0.0,0.661689685751,0.260902722812,0.303335301435,1.0,-0.00092,-0.00120914285714,0.047
0.465069028746,0.547514470887,-0.123967319974,-1.35592988577,0.0794803005157,1.89412275458,0.159165209792,0.000451427175871,-0.0108971604491,0.000359188050923,-0.0127004574486,0.000136001810199,0.00373004150563,-0.000126830125792,0.573799424582,0.818981384955,0.00211148000308,0.0,0.818940348656,-0.573740208979,-0.0118162957148,0.0,-0.00846604824899,0.00850952368646,-0.999927954422,0.0,0.661663821727,0.260890018226,0.303358397402,1.0,-0.0013,-0.00170857142857,0.066
0.465064786992,0.547376357596,-0.123969825949,-1.35610801584,0.0794762497601,1.89415414413,0.159161997124,0.000140659634151,-0.00778178285398,-0.000517354609642,-0.0123032131866,-5.63231967662e-05,-3.56049421623e-05,-0.003630567242,0.57381131318,0.818973036271,0.00211887455355,0.0,0.818932010457,-0.573751980736,-0.0118225949473,0.0,-0.00846684102152,0.00851931695322,-0.999927864319,0.0,0.661636505681,0.260863686652,0.303379452764,1.0,-0.00164,-0.00215542857143,0.083
0.465046024407,0.547224858905,-0.123969977935,-1.35630175985,0.0794740707363,1.89426208359,0.159156329699,0.0021534677503,-0.00774936477965,-0.000398050151248,-0.013393947756,-1.6772348078e-05,0.00874127610212,-0.0018524486907,0.573831941005,0.818958451524,0.00216911532505,0.0,0.818918039464,-0.573772368799,-0.0118008620025,0.0,-0.00841999934501,0.00854820379717,-0.99992801332,0.0,0.661620961753,0.260841382072,0.303398722067,1.0,-0.00194,-0.00254971428571,0.098
0.465029990368,0.547046309002,-0.123962882374,-1.35650274143,0.0794681110954,1.89437956749,0.159145919649,-0.00038640324693,-0.00903962500697,0.00693498826243,-0.0159167022408,-0.00465215632352,0.0104152317941,0.00168562691579,0.573841456806,0.818951553064,0.00225456995495,0.0,0.818912222853,-0.573781524873,-0.0117592464739,0.0,-0.00833678308485,0.00859440348978,-0.999928314569,0.0,0.661605912432,0.260820395938,0.303439489747,1.0,-0.00226,-0.00297028571429,0.114
0.465007059414,0.546834058782,-0.123964770086,-1.35676170754,0.0794641775101,1.89450168362,0.159122032022,-0.00166160447358,-0.0150997836032,0.000236595128049,-0.0209509266753,-0.000414423412782,0.00637569803504,0.000811508602672,0.573868145826,0.818932646692,0.00232772194345,0.0,0.818894235206,-0.573807902739,-0.0117247261192,0.0,-0.00826625489704,0.0086347711651,-0.999928552326,0.0,0.661583313843,0.260776974259,0.303478821153,1.0,-0.00262,-0.00344342857143,0.132
0.464968733842,0.546593778835,-0.12396229664,-1.3571198225,0.0794576948589,1.89464240022,0.159095790975,-0.0013153485819,-0.0186148264867,0.00140477094926,-0.0247367016854,0.00041272309457,0.000540991353286,-0.00136441235754,0.573882054382,0.818922828526,0.0023527595262,0.0,0.818884586339,-0.573821553323,-0.0117305626244,0.0,-0.00825652036226,0.00865876459737,-0.999928425272,0.0,0.661545160619,0.260729075801,0.30348906642,1.0,-0.00294,-0.003864,0.148
0.464937418109,0.546332849735,-0.123967557062,-1.35750662797,0.0794461717103,1.89478626048,0.158958525901,-0.00409443982959,-0.0191610922702,0.00103516021952,-0.0223412351952,7.39568009526e-05,0.0113384090351,-0.00756808101083,0.573817533323,0.818967976922,0.00237447452606,0.0,0.818929931429,-0.573756870054,-0.0117289546122,0.0,-0.00824342586955,0.00867497508498,-0.999928392805,0.0,0.661502002022,0.260670728833,0.303502382633,1.0,-0.00326,-0.00428457142857,0.164
0.464895916971,0.546054582899,-0.12397005047,-1.35797456149,0.0794275106554,1.89494837436,0.15893330872,0.000508225891775,-0.0174699921199,-0.000341238390324,-0.0282712586247,-0.000292063839135,0.00899518831329,0.00119405584607,0.573853805772,0.818942617669,0.00235488182109,0.0,0.818904229271,-0.5737931181,-0.011750225707,0.0,-0.00827170487178,0.00867150137665,-0.999928189403,0.0,0.661446710824,0.260597922414,0.303490823566,1.0,-0.0036,-0.00473142857143,0.181
0.4648455187,0.545748160776,-0.123967978698,-1.35846781816,0.0793892063099,1.89512004438,0.158879850912,-0.00147483214517,-0.0206287256287,0.000718276079971,-0.0255973185757,-0.0011670737104,0.0151898233561,-0.00148196083571,0.573867206601,0.818933276769,0.00233758192098,0.0,0.818894710339,-0.573806631037,-0.0117537422578,0.0,-0.00828437015444,0.00865948742864,-0.999928188666,0.0,0.66139058506,0.2605167088,0.303487771196,1.0,-0.00392,-0.005152,0.197
0.464781612576,0.545389806788,-0.123973269388,-1.3591212204,0.0792804958168,1.89533308338,0.158794975162,-0.00597290837188,-0.0173220496102,-0.000990741024474,-0.0434374705456,-0.00606432187685,0.00678260011616,-5.40852068575e-06,0.573861288895,0.818937730742,0.00222736984682,0.0,0.818898319337,-0.573801737828,-0.0117411734478,0.0,-0.00833738177116,0.00856195919626,-0.99992858791,0.0,0.661316392775,0.260395374606,0.30344894195,1.0,-0.00428,-0.00562514285714,0.215
0.46470996995,0.544985609893,-0.123973920574,-1.35980757584,0.0792739499997,1.89554683765,0.15869823006,-0.00515479698209,-0.0272965961373,-0.000710687949094,-0.0370107065315,4.96822689582e-05,0.0133951209977,-0.00338239337603,0.573877562813,0.818926431148,0.00218864526368,0.0,0.818886149396,-0.573817783164,-0.0118056322556,0.0,-0.00841222267855,0.00856740370776,-0.999927914453,0.0,0.661231125421,0.260284902171,0.303426948274,1.0,-0.00462,-0.006072,0.232
0.464653528695,0.544592625054,-0.123981755064,-1.36048309321,0.0792500063735,1.89577770669,0.158620733558,-0.00135257701556,-0.0221531880221,-0.00151628081551,-0.0448819195932,-0.00428572291616,0.00896059267113,-0.00875407605659,0.573897073089,0.818912857717,0.00215124765191,0.0,0.818871944536,-0.573837290794,-0.0118426790283,0.0,-0.00846381895641,0.00855823995241,-0.999927557525,0.0,0.661150052102,0.260179811332,0.303403836391,1.0,-0.00494,-0.00649257142857,0.248
0.46457270687,0.544093186039,-0.123974235222,-1.36128819513,0.0792188402011,1.89606500494,0.158533854167,-0.0062541111132,-0.0355272244413,0.00173828082328,-0.0426271578419,0.000624076941265,0.00891958023871,-0.00211265845932,0.573923403194,0.818894417339,0.00214648966715,0.0,0.818853228218,-0.573863420334,-0.0118706504011,0.0,-0.00848918088456,0.00857066908153,-0.999927236072,0.0,0.661056372369,0.260056181468,0.303398723334,1.0,-0.0053,-0.00696571428571,0.266
0.464520653217,0.543680271355,-0.123984981152,-1.36196735675,0.0791848767747,1.89631127546,0.158475100804,0.000552182134633,-0.0314551837856,-0.0014049367789,-0.0520092372705,-0.00084641109523,0.0180829068721,-0.00658097505111,0.573952928995,0.818873776542,0.00212609762746,0.0,0.818832284,-0.573892986107,-0.0118860454978,0.0,-0.00851318235389,0.00856311287038,-0.999927096755,0.0,0.660971581818,0.259943612846,0.303387583034,1.0,-0.0056,-0.00736,0.281
0.464436165936,0.543157333561,-0.123988525446,-1.36282184859,0.0791308449049,1.896602153,0.158331407554,-0.00582032740939,-0.0315285674671,-0.0013447573823,-0.0486394207623,-0.00507687447863,0.0163359320979,-0.0126288362703,0.573941291088,0.818882018296,0.00209317856064,0.0,0.818840105349,-0.573881491216,-0.0119022188188,0.0,-0.00854544106104,0.00854531791266,-0.999926973823,0.0,0.660878801136,0.259810105326,0.303377852061,1.0,-0.00592,-0.00778057142857,0.297
0.464354590002,0.542558653424,-0.123995622823,-1.36377802912,0.0790782871984,1.89693002296,0.158213607464,-0.00852778864057,-0.0360853805786,0.000238149158717,-0.0533078838925,-0.00087457121847,0.0173764583008,-0.00140738389485,0.573955617194,0.81887203792,0.00206927640069,0.0,0.818829757166,-0.573895856858,-0.0119214580288,0.0,-0.00857476456875,0.00853693725595,-0.999926794378,0.0,0.660765413492,0.259660191304,0.30337483048,1.0,-0.00628,-0.00825371428571,0.315
0.464291963502,0.542007330187,-0.123998168049,-1.364649844,0.0790255611001,1.8972656813,0.158091701293,-0.00186997034738,-0.0337540228763,-0.00176764993585,-0.055055784957,-0.000621180769382,0.0185867203686,-0.0104167599038,0.57394333868,0.818880615443,0.00208051379269,0.0,0.818838502665,-0.573883555359,-0.0119129485512,0.0,-0.00856147482394,0.00854112670693,-0.999926872478,0.0,0.660665683183,0.259535338308,0.303378921989,1.0,-0.0066,-0.00867428571429,0.331
0.464195106482,0.541261881383,-0.123995912064,-1.36578199095,0.078953517761,1.89768328723,0.157942279458,-0.00414506945008,-0.0396580959993,0.00117138697226,-0.0563166191321,-0.00532554400936,0.0282460586198,-0.00816817791337,0.573942268613,0.81888130144,0.00210555272972,0.0,0.818839526607,-0.573882395294,-0.011898442718,0.0,-0.00853523694388,0.00855329368442,-0.999926992784,0.0,0.66053606109,0.259364748032,0.303403202662,1.0,-0.007,-0.0092,0.351
0.464119374574,0.540608998577,-0.124001675285,-1.36677823726,0.0789068639918,1.89805233592,0.157822725695,-0.00405891106779,-0.0435524720261,-0.000404295051646,-0.0608891624043,-0.00206793892182,0.0206049882752,-0.012559142587,0.573953177914,0.818873583185,0.00213335990707,0.0,0.818832071473,-0.573893091242,-0.0118956064417,0.0,-0.00851684133487,0.00857454971899,-0.999926967589,0.0,0.660420424274,0.259219196989,0.303422708796,1.0,-0.00732,-0.00962057142857,0.367
0.464025760503,0.539891898338,-0.123996738916,-1.36787298243,0.0788362533502,1.89846293053,0.157680140136,-0.00136476090574,-0.0364774395873,0.000877157046138,-0.0648467393474,-0.00941756024222,0.0194645267702,-0.0039102357088,0.573951362727,0.818874785786,0.00215993725706,0.0,0.81883363518,-0.573891184563,-0.0118799444495,0.0,-0.00848878145053,0.00858730491409,-0.999927096734,0.0,0.660295346482,0.259056146221,0.303443831218,1.0,-0.00766,-0.0100674285714,0.384
0.46394984758,0.539235180983,-0.12399952395,-1.36888606326,0.0787734032614,1.89885026497,0.157560382307,-0.00229146166004,-0.0462998237333,2.50692039716e-05,-0.0653478425847,-0.00988786186993,0.0150962004669,-0.00961461178416,0.573956703032,0.818870979229,0.00218387780584,0.0,0.818830178015,-0.57389646698,-0.0118630375988,0.0,-0.00846114036122,0.00859726052456,-0.999927245461,0.0,0.660179470917,0.25890889084,0.303459295806,1.0,-0.00796,-0.0104617142857,0.399
0.463840386861,0.538526630102,-0.123995289805,-1.36998294013,0.0787169852841,1.89929037367,0.157426634171,-0.00907146201793,-0.0454018579997,0.00142630802055,-0.0646165318915,-0.00209573872362,0.0323453022348,-0.000196183789111,0.573979566901,0.818854821685,0.00223264064204,0.0,0.818814586421,-0.573919065393,-0.0118459420702,0.0,-0.00841891384111,0.0086276135312,-0.999927340448,0.0,0.660062635916,0.258738918829,0.303475761293,1.0,-0.00828,-0.0108822857143,0.415
0.463713249792,0.537549800238,-0.124014110022,-1.37151170359,0.0786237442326,1.89986756283,0.157234032446,-0.00697491795221,-0.0543632188814,-0.00028877752738,-0.0743915531932,-0.00796314961149,0.0324574091911,-0.00760905831008,0.573998621942,0.818841422944,0.00224788372388,0.0,0.818801486843,-0.573938161984,-0.0118261685864,0.0,-0.00839377206653,0.00862894114066,-0.999927540357,0.0,0.659891822328,0.258499524134,0.303488600979,1.0,-0.0087,-0.0114342857143,0.436
0.463617805255,0.53692564694,-0.124015548702,-1.37250057557,0.0785721768187,1.90023494838,0.15711817937,-0.0113977762892,-0.0475748596508,-0.00491581258248,-0.0780349945727,-0.00770471389036,0.0303427716883,-0.00325317905264,0.57402361199,0.818823889199,0.00225349863574,0.0,0.818783953237,-0.573963052069,-0.0118321461111,0.0,-0.00839518057472,0.00863722606326,-0.999927457003,0.0,0.659780190079,0.258343104527,0.303490502491,1.0,-0.00896,-0.011776,0.449
0.46349559816,0.536031977245,-0.124020212455,-1.37390711764,0.0784835651976,1.90076026512,0.156949101706,-0.00274368266533,-0.0423072556352,0.000101157043567,-0.0760765101855,-0.00909074509066,0.0257041120011,-0.000697921128326,0.57404216258,0.818810866633,0.00225990404315,0.0,0.818771060821,-0.573981623637,-0.0118233916343,0.0,-0.00838413957935,0.00863763563481,-0.999927546102,0.0,0.659619760547,0.258125858411,0.303497511502,1.0,-0.00932,-0.0122491428571,0.467
0.463373996594,0.535113177169,-0.12402437196,-1.37532390891,0.0784125270006,1.90126904902,0.156764693934,-0.0067299477025,-0.0567388505671,0.00087835294747,-0.0855529500051,-0.000164305340953,0.0272307388136,-0.0161017446617,0.574052307276,0.818803708032,0.00227664799922,0.0,0.818763976358,-0.573991553826,-0.0118319083884,0.0,-0.00838139510676,0.00865633833979,-0.999927407376,0.0,0.659452717082,0.257910155173,0.303515767305,1.0,-0.00966,-0.012696,0.484
0.46326012979,0.534275064565,-0.124035028354,-1.3766924958,0.0783358113337,1.90177152237,0.156602971641,-0.00729787530323,-0.0566553852252,-0.00294034726285,-0.0877444107589,-0.00261076758787,0.0355656744868,-0.0135688574637,0.574075132529,0.818787773239,0.00225200084073,0.0,0.818747693997,-0.574014444698,-0.0118481118071,0.0,-0.00840856996264,0.00864569330752,-0.999927271324,0.0,0.65929295426,0.257699111855,0.303499535392,1.0,-0.00998,-0.0131165714286,0.5
0.463132120502,0.533352733895,-0.124031465393,-1.37816829481,0.0782427188927,1.90231744348,0.156409965418,-0.00893675806704,-0.0563103692552,0.000493557807352,-0.0876139256683,-0.0135328737353,0.0367190038894,-0.0112718833649,0.574075215504,0.81878773916,0.00224322219601,0.0,0.818747541416,-0.57401455773,-0.0118531785434,0.0,-0.00841775713255,0.00864141505854,-0.999927231008,0.0,0.659120093197,0.257475707786,0.303494784153,1.0,-0.01032,-0.0135634285714,0.517
0.46300023573,0.532361949813,-0.124031478841,-1.37978108057,0.0781622735701,1.9029273823,0.156209961275,-0.0091373491554,-0.0538438227249,-0.000368991080819,-0.0901300856126,-0.0107966776137,0.0364966391576,-0.00333075723685,0.574086164741,0.818780070942,0.00224004066266,0.0,0.818739673816,-0.574025356064,-0.0118736690206,0.0,-0.00843624584793,0.00865068582343,-0.999926995031,0.0,0.658930621116,0.257238702629,0.303478614786,1.0,-0.01068,-0.0140365714286,0.535
0.462885941818,0.531491445878,-0.124036565866,-1.38116841258,0.0780751987557,1.90342669616,0.156039157121,-0.0071053096753,-0.0554865034896,-0.000262031835217,-0.0908280622548,-0.0033207334179,0.032971861611,-0.0102048155398,0.574095661677,0.818773461972,0.00222173707239,0.0,0.818732839761,-0.574034937951,-0.0118816669634,0.0,-0.00845320164148,0.00864038891394,-0.999926940862,0.0,0.658765051431,0.257026993041,0.30347529343,1.0,-0.01098,-0.0144308571429,0.55
0.462748600521,0.530427342048,-0.124039594048,-1.38290471482,0.0779635242725,1.90404097928,0.155819976447,-0.00876319901439,-0.0593534044543,-0.0010523925947,-0.0896520830101,-0.00759767773956,0.0251594026339,-0.0097751462834,0.57409513826,0.818773974733,0.00216735482081,0.0,0.818732647115,-0.574034635419,-0.0119095251019,0.0,-0.00850723626111,0.00861185041444,-0.999926728797,0.0,0.658552489231,0.256766269665,0.303452005251,1.0,-0.01134,-0.014904,0.568
0.462611349502,0.529449551605,-0.124041815893,-1.38445675916,0.0778711162844,1.90461010698,0.155613177146,-0.00638963469234,-0.0600475361551,-0.00393534353814,-0.100169679158,-0.0112580053882,0.0392006210719,-0.00938116241492,0.574096275302,0.818773139329,0.00218171923523,0.0,0.81873191974,-0.574035634184,-0.011911388966,0.0,-0.00850050441367,0.00862469326889,-0.999926675357,0.0,0.658360457224,0.25651707534,0.303460848954,1.0,-0.01168,-0.0153508571429,0.585
0.462476099427,0.528353943418,-0.124037069837,-1.38614066882,0.0777632603129,1.905254072,0.155375248276,-0.00102062301922,-0.0657064438944,0.00053293272895,-0.0985319318146,-0.00600291553923,0.0315222250443,-0.0127429194184,0.574074110486,0.818788611468,0.00220732899836,0.0,0.818747808929,-0.574013454299,-0.0118880847239,0.0,-0.00846695485611,0.00863205363805,-0.999926896491,0.0,0.658172908127,0.256281355643,0.303477077352,1.0,-0.012,-0.0157714285714,0.601
0.46233162744,0.527238325961,-0.124042852758,-1.38787448611,0.0776565682754,1.90591729325,0.155135549679,-0.00659209614541,-0.0691789520178,-0.00128181436244,-0.106333785225,-0.00520848272157,0.0404834774824,-0.0111466217975,0.574065406095,0.818794619366,0.0022422587492,0.0,0.818754321698,-0.574004663659,-0.0118639664183,0.0,-0.00842724713911,0.00864671821723,-0.999927105228,0.0,0.657972750865,0.256019494378,0.30349479802,1.0,-0.01234,-0.0162182857143,0.618
0.462179729552,0.526066035178,-0.124045340663,-1.38968578211,0.077542659825,1.90658921387,0.15488734087,-0.00932400358419,-0.0722608234333,-0.000800609933597,-0.107894743992,-0.0105959142969,0.0390108924079,-0.0182517232393,0.574055336845,0.818801609871,0.00226733636499,0.0,0.818761665702,-0.573994525073,-0.0118476522667,0.0,-0.00839959980751,0.00865778280085,-0.999927242113,0.0,0.657758658419,0.255745682735,0.303515864774,1.0,-0.01268,-0.0166651428571,0.635
0.462029449319,0.524898588379,-0.124044629292,-1.39152828906,0.0774233388229,1.90724565247,0.154630916184,-0.0110656932991,-0.0635600202932,0.000722875319322,-0.105381208967,-0.00922499337291,0.0359248866763,-0.0162732141902,0.574034777996,0.818816076625,0.00224793524179,0.0,0.818775877361,-0.573974042212,-0.0118578421038,0.0,-0.00841929736889,0.00864753540128,-0.999927165129,0.0,0.657532589565,0.255469163169,0.303516920312,1.0,-0.01302,-0.017112,0.652
0.461869495824,0.523721211143,-0.124052833877,-1.39342956139,0.0773060947702,1.90792781828,0.15437643816,-0.0129678619388,-0.071080785674,-0.00111629424856,-0.116413281773,-0.00916386770834,0.0401887190225,-0.0169315354295,0.574033623855,0.818816992152,0.00220883435678,0.0,0.818776274333,-0.573973033143,-0.0118792556617,0.0,-0.00845928790198,0.00862779945335,-0.999926998098,0.0,0.657301887424,0.255176359576,0.303499232848,1.0,-0.01336,-0.0175588571429,0.669
0.461716739536,0.522504218721,-0.12405100712,-1.39535323267,0.077189375848,1.90867082412,0.154122421503,-0.0101308224929,-0.0776903785508,0.000825328659896,-0.113380483515,-0.00669078124554,0.0389828839003,-0.0143386222516,0.574021245363,0.81882559078,0.00223800301871,0.0,0.818785256897,-0.57396054492,-0.0118635097798,0.0,-0.00842978227143,0.00864251693001,-0.99992712018,0.0,0.657074338944,0.254896201249,0.303503356403,1.0,-0.0137,-0.0180057142857,0.686
0.461569730334,0.52143221573,-0.124061713816,-1.39709693936,0.0770815499596,1.90934556782,0.153875485463,-0.0101694266138,-0.0737523422919,0.000876442523699,-0.122119978397,-0.00182303469808,0.0518909668978,-0.0137046182595,0.574011408608,0.818832496779,0.00223425757584,0.0,0.818792189303,-0.573950801197,-0.0118564515459,0.0,-0.00842625612805,0.00863529736115,-0.999927212275,0.0,0.656872052286,0.254628818414,0.303485466007,1.0,-0.014,-0.0184,0.701
0.461385035872,0.520068930699,-0.124064515566,-1.39924843937,0.0769454098962,1.91013579843,0.153590855664,-0.0118418076957,-0.0756842875702,-0.000330543715354,-0.121126441627,-0.00579914061606,0.0480075228499,-0.012994929097,0.574009487018,0.818833850761,0.00223171757713,0.0,0.818793527387,-0.573948907433,-0.0118557187285,0.0,-0.00842713420336,0.00863277714041,-0.999927226636,0.0,0.656612983898,0.254300049254,0.303487473441,1.0,-0.01436,-0.0188731428571,0.719
0.461185067642,0.518484180153,-0.124066655632,-1.40169420295,0.0767900194512,1.91100484695,0.153263485404,-0.00560148524668,-0.0774686152582,-6.36966413921e-05,-0.121889923915,-0.00921523997363,0.04038669292,-0.0167838199247,0.573994405124,0.818844411437,0.00223598860519,0.0,0.818804124953,-0.573933791449,-0.0118555849475,0.0,-0.00842473226296,0.00863604239319,-0.99992721868,0.0,0.65630983654,0.253931951499,0.303511200731,1.0,-0.01476,-0.0193988571429,0.739
0.461044536651,0.517453858881,-0.124074421349,-1.40331707985,0.0766827959467,1.91159736012,0.153032805608,-0.0142438414191,-0.0796994076449,-0.000450492819593,-0.120193076328,-0.00678030453463,0.0522890567414,-0.0204069055703,0.573983077192,0.818852369979,0.00222938974874,0.0,0.818812068913,-0.573922563947,-0.0118504555607,0.0,-0.0084244387371,0.00862757828903,-0.999927294219,0.0,0.656114376447,0.253679019693,0.303513330155,1.0,-0.01502,-0.0197405714286,0.752
0.460812201275,0.515780842364,-0.124080568292,-1.40597249833,0.0765155424863,1.9125913537,0.152673275043,-0.0116023464524,-0.0801920502432,-0.000581460190242,-0.130812467353,-0.010177749285,0.0506356945602,-0.0135386381085,0.573978565165,0.818855522827,0.00223301785856,0.0,0.818815315295,-0.573918085694,-0.0118430255108,0.0,-0.00841631955199,0.00862623809361,-0.999927374154,0.0,0.655796798306,0.253270271716,0.303509244359,1.0,-0.01544,-0.0202925714286,0.773
0.460693875386,0.514894381281,-0.124083982516,-1.40739105445,0.076424794513,1.91312643628,0.152482858827,-0.0152630365851,-0.0789025945747,-0.000265126369746,-0.127261208568,-0.0126267516397,0.0464150343994,-0.0123815562015,0.573972297552,0.818859921427,0.00223105920539,0.0,0.818819729583,-0.573911868735,-0.0118390992793,0.0,-0.00841429454905,0.00862231631584,-0.999927425021,0.0,0.655625903648,0.253055625382,0.303502061973,1.0,-0.01566,-0.0205817142857,0.784
0.460466707665,0.513240847677,-0.124084434308,-1.41004657357,0.0762717835649,1.91405264316,0.152103548476,-0.00822849248718,-0.0756542521338,-0.000824000210514,-0.132959469527,-0.0101786562683,0.0552598222034,-0.0215343017645,0.573946083978,0.818878452563,0.00217244444039,0.0,0.818837283575,-0.573885672804,-0.0118947248817,0.0,-0.00849376269672,0.0086059749618,-0.999926893923,0.0,0.655288976998,0.252651218038,0.303477293583,1.0,-0.01606,-0.0211074285714,0.804
0.460256415287,0.511730907984,-0.124084326844,-1.41246018572,0.0761314148701,1.91493091836,0.151763086967,-0.0147346497335,-0.081771385776,-0.000115891130956,-0.128784616319,-0.0139507173505,0.0512154951349,-0.0198963054514,0.573927968522,0.818891197544,0.00215416660607,0.0,0.818849656605,-0.573867498065,-0.0119197920562,0.0,-0.00852497072287,0.00860520630258,-0.999926634958,0.0,0.654990074677,0.252283852456,0.303462315022,1.0,-0.01642,-0.0215805714286,0.822
0.460052691347,0.51026739206,-0.124079827787,-1.41478535556,0.0759914128576,1.91582107847,0.151441899305,-0.0146136007026,-0.0876836319912,0.00245177293187,-0.132393466221,-0.0100366505691,0.0491022850466,-0.0136002488588,0.573912153586,0.818902238838,0.00217027489968,0.0,0.818860893051,-0.573851604977,-0.0119130264511,0.0,-0.00851035214837,0.00861434976172,-0.999926680754,0.0,0.654725018925,0.251948969842,0.303456363786,1.0,-0.01674,-0.0220011428571,0.838
0.459835891364,0.508663051223,-0.124093837247,-1.4173194649,0.0758213245114,1.91672430503,0.15109677927,-0.0147693035356,-0.0851927871398,-0.000826308651884,-0.141394762334,-0.0101545529207,0.0448932738456,-0.0167154492764,0.573902878932,0.818908806152,0.00214468206916,0.0,0.818867201184,-0.573842510186,-0.0119175177727,0.0,-0.00852881471554,0.00859587306007,-0.999926682455,0.0,0.654393969331,0.251538339843,0.303452540075,1.0,-0.01712,-0.0225005714286,0.857
0.45965711453,0.507419395061,-0.12409683678,-1.41929482328,0.0757034358688,1.91743001856,0.15081320438,-0.014415796819,-0.089648708107,0.000675468587329,-0.142493823421,-0.0146118136528,0.0558613258088,-0.0210681223946,0.573889721915,0.81891808061,0.00212396605557,0.0,0.81887611461,-0.573829347729,-0.0119388235314,0.0,-0.00855828916837,0.0085909985909,-0.999926472512,0.0,0.654147046497,0.251230467871,0.303443500557,1.0,-0.0174,-0.0228685714286,0.871
0.459483404185,0.506127503722,-0.124106383702,-1.42129764387,0.0755728987938,1.91817703885,0.150545566064,-0.0126955917258,-0.0931102715695,-0.000680554622985,-0.138030922153,-0.00806035096284,0.049668726536,-0.0208067830131,0.573887884065,0.818919306676,0.00214769136105,0.0,0.818877739654,-0.573827503709,-0.011915971941,0.0,-0.00852597925933,0.00859729409555,-0.999926694419,0.0,0.653903282667,0.250920257765,0.303458479288,1.0,-0.01768,-0.0232365714286,0.885
0.459212354282,0.504115331335,-0.124118483103,-1.42435287577,0.0753805691547,1.91935157084,0.150118238657,-0.010863103061,-0.104188430272,-0.00310424244307,-0.14624822529,-0.00584000175424,0.0539130581862,-0.0229276407123,0.573874199205,0.818928613582,0.00225305217334,0.0,0.818888538943,-0.573813523064,-0.0118468746387,0.0,-0.00840907471869,0.00864378071833,-0.999927283615,0.0,0.653538782485,0.250448575839,0.303512442288,1.0,-0.0181,-0.0237885714286,0.906
0.459028081051,0.502753181097,-0.124116056856,-1.4263824037,0.0752451910528,1.92012554332,0.149839970336,-0.0112630405695,-0.0998297844251,-0.00100181434829,-0.145619589181,-0.0117286848603,0.0562632911897,-0.0242973577767,0.573863000186,0.818936221564,0.00233857442251,0.0,0.818897352185,-0.573802091422,-0.0117912410355,0.0,-0.00831455556755,0.00868177651014,-0.999927744851,0.0,0.653294279635,0.250137395065,0.303564652585,1.0,-0.01838,-0.0241565714286,0.92
0.458735569783,0.500635959482,-0.124116468586,-1.42955301413,0.0750489705225,1.92124383603,0.149386267984,-0.0112730301079,-0.105849310455,0.0012050211823,-0.15054829499,-0.00658604085817,0.0544939363307,-0.0186800326352,0.573839910193,0.818952231083,0.00239740991539,0.0,0.818914020188,-0.573778670366,-0.0117733543682,0.0,-0.00826639130727,0.00871946108184,-0.999927816281,0.0,0.652893687564,0.24964217833,0.30363011686,1.0,-0.0188,-0.0247085714286,0.941
0.458555515336,0.499339828078,-0.124118541994,-1.43154555316,0.0749225980468,1.92196577214,0.149108744649,-0.0152471147637,-0.0997878323966,-0.000114476387087,-0.154796805346,-0.0134743846607,0.0540049811397,-0.00847812591678,0.573828785489,0.818959967099,0.00241746452023,0.0,0.81892200479,-0.573767459245,-0.0117643394748,0.0,-0.00824761938583,0.0087305996154,-0.999927874101,0.0,0.652643599697,0.24933278702,0.303648502582,1.0,-0.01906,-0.0250502857143,0.954
0.45826732399,0.497481813804,-0.124117070116,-1.43450424167,0.0747398058208,1.92305727221,0.148672944844,-0.0156426683569,-0.0911127998705,0.000809571465842,-0.153380731344,-0.00661606038929,0.051958068668,-0.0228902349833,0.573807763839,0.818974722157,0.00240863586065,0.0,0.818936576003,-0.573746400214,-0.0117770805724,0.0,-0.00826334423008,0.00873046836091,-0.999927745422,0.0,0.652277031476,0.248863772979,0.303630367613,1.0,-0.01944,-0.0255497142857,0.973
0.458045100891,0.496093608088,-0.124117073043,-1.43672157213,0.0746031013209,1.92383510174,0.148344100404,-0.0137943918602,-0.100984778728,0.000360624071409,-0.160123825399,-0.00855701066363,0.0543695129925,-0.0229006122171,0.573795482333,0.818983451209,0.00236600948938,0.0,0.818944638836,-0.57373416388,-0.0118124772729,0.0,-0.00831692305472,0.0087157446862,-0.99992742966,0.0,0.651994934319,0.248505010332,0.30360985613,1.0,-0.01972,-0.0259177142857,0.987
0.457787684834,0.49452274863,-0.124122362757,-1.43928628176,0.0744377083019,1.92472452586,0.147982265964,-0.020104430528,-0.096405405481,-0.000516759633827,-0.158906403091,-0.00875021508631,0.0576422018019,-0.0159205502494,0.573798019872,0.818981937977,0.00227256668265,0.0,0.81894184178,-0.573736993055,-0.0118688451065,0.0,-0.00841667623893,0.00867158671983,-0.999926978906,0.0,0.651666247767,0.248084544726,0.303560665917,1.0,-0.0202725714286,-0.0266439510204,1.003
0.457530862414,0.492822532337,-0.12413999236,-1.44200131077,0.0742646214865,1.92572594074,0.147602943638,-0.0176474845902,-0.115397618417,-0.00688001279206,-0.184047463387,-0.00663680409688,0.0626778941956,-0.0278338040756,0.57379995589,0.818980635943,0.00225288084855,0.0,0.818940344911,-0.573739069695,-0.0118717430388,0.0,-0.00843032421138,0.00865714732809,-0.999926989052,0.0,0.651328711251,0.247647487836,0.303539434695,1.0,-0.0226131428571,-0.0297201306122,1.019
0.457193604994,0.490584259564,-0.124164703848,-1.44560212018,0.0740537089791,1.92701719963,0.147081219685,-0.0218128003975,-0.119560431551,-0.00174679719017,-0.194522124002,-0.0112326310373,0.0653596809165,-0.0282854514102,0.573789847973,0.818987880215,0.00219301728491,0.0,0.818946666988,-0.573729056768,-0.0119194358697,0.0,-0.00850383950317,0.00863538174955,-0.999926554751,0.0,0.650869719827,0.247069756318,0.303495597369,1.0,-0.0253925714286,-0.0333730938776,1.038
0.456851132996,0.488489055208,-0.124177780556,-1.44896989515,0.0738500707507,1.92822024728,0.146599336958,-0.0246752182526,-0.134395308699,-0.0026038513664,-0.217668590574,-0.00704554672253,0.0815970915327,-0.0344972141398,0.573797564574,0.818982630409,0.00213374735465,0.0,0.818940511149,-0.573736879782,-0.0119657376854,0.0,-0.00857568688338,0.00861348912783,-0.999926129971,0.0,0.650442251871,0.246516641503,0.303454077965,1.0,-0.0277331428571,-0.0364492734694,1.054
0.456426262384,0.485818237879,-0.12420335368,-1.45302290092,0.0735918908167,1.92978943185,0.146002462539,-0.0270889292845,-0.15260243589,-0.000797789430905,-0.231142554507,-0.0125242368742,0.0873507248079,-0.0343963207258,0.573806142108,0.81897622224,0.00228157528349,0.0,0.818936248279,-0.573745083959,-0.011863675213,0.0,-0.00840718716962,0.00867608144946,-0.999927019744,0.0,0.649959440773,0.245845092308,0.303516892354,1.0,-0.0303662857143,-0.0399099755102,1.072
0.455976492188,0.483130117103,-0.124237996808,-1.45718928974,0.0733306720983,1.93125232542,0.145357806423,-0.0267433540171,-0.16427262985,-0.00276121889868,-0.254572578489,-0.0165152245333,0.0845645630558,-0.0348354198296,0.573805309615,0.81897685489,0.00226378299977,0.0,0.818936620536,-0.573744292034,-0.0118762706459,0.0,-0.00842772046662,0.00866872885439,-0.999926910663,0.0,0.649433286022,0.245131847301,0.303527267194,1.0,-0.0328531428571,-0.0431784163265,1.089
0.455534474663,0.480396579011,-0.124285005444,-1.46146649689,0.0730712641218,1.93275464307,0.144731247994,-0.0307077929122,-0.173476272014,-0.0043928064347,-0.273506864201,-0.0198661919196,0.0990547727458,-0.0388400636887,0.57382684715,0.818961869915,0.00222531238809,0.0,0.818921067831,-0.57376591156,-0.0119042133611,0.0,-0.00847245156417,0.0086534790242,-0.999926664744,0.0,0.648886585101,0.244407200577,0.303518575195,1.0,-0.0351937142857,-0.0462545959184,1.105
0.455013456563,0.477259261732,-0.124311787733,-1.46621964403,0.0727758160573,1.934510543,0.144034598798,-0.0294367096333,-0.190870067743,-0.00386545963941,-0.278787571517,-0.0192768934595,0.10460125915,-0.0367516872171,0.573853188637,0.818943089596,0.00234110989841,0.0,0.818903825383,-0.573791824943,-0.0118411697924,0.0,-0.00835409529544,0.0087124046348,-0.999927148895,0.0,0.648297175533,0.243603829237,0.303582268201,1.0,-0.0376805714286,-0.0495230367347,1.122
0.454533122884,0.474338825136,-0.124338179396,-1.4706858367,0.072495856128,1.93617394165,0.143389877893,-0.0300834452411,-0.200548581301,-0.00223530534748,-0.302437437232,-0.0197432242288,0.109518042604,-0.0513494499861,0.573877327014,0.818925900164,0.00243525791614,0.0,0.818887922456,-0.573815666631,-0.0117855032093,0.0,-0.00825422359935,0.00875780498973,-0.9999275817,0.0,0.647739805836,0.242854866668,0.303622295045,1.0,-0.0398748571429,-0.052406955102,1.137
0.453941914693,0.470863223435,-0.124347199189,-1.47604969318,0.0721705719713,1.93802875178,0.142588345202,-0.0361370578617,-0.208157651953,-0.00300378953051,-0.317689737911,-0.023508275781,0.106662990308,-0.0549838492905,0.573879718683,0.818924275781,0.00241783412627,0.0,0.818885713993,-0.57381774566,-0.0118376131827,0.0,-0.00830687260798,0.00877346486439,-0.999927008427,0.0,0.64703409491,0.241952125435,0.303632758481,1.0,-0.0423617142857,-0.0556753959184,1.154
0.45325804018,0.466714253882,-0.124349295904,-1.48228885487,0.0717719168789,1.94040273888,0.141572411706,-0.0373774745461,-0.226686423018,0.000249550591004,-0.336547858081,-0.0267289685786,0.125725692552,-0.0521159106215,0.573797240966,0.818981330814,0.00265573689893,0.0,0.818945942508,-0.573734488115,-0.0117058659886,0.0,-0.0080633530999,0.00889186976114,-0.999927955899,0.0,0.646251304375,0.240922638523,0.30373280924,1.0,-0.0451411428571,-0.0593283591837,1.173
0.452633965652,0.463049702436,-0.12435148118,-1.48795626884,0.0713964517177,1.94234531276,0.140722541475,-0.0440922828863,-0.227458704221,-0.000261001925806,-0.360206402598,-0.0250022422345,0.125739190582,-0.054043677903,0.573776911147,0.81899574731,0.00260173499721,0.0,0.81895947097,-0.573714150473,-0.0117560774319,0.0,-0.00813568187519,0.00887625220837,-0.999927508786,0.0,0.645490040022,0.23996915959,0.303730120741,1.0,-0.0474817142857,-0.0624045387755,1.189
0.451937352083,0.459000902596,-0.124363844171,-1.49422784011,0.0709727107058,1.94452306002,0.139797746576,-0.040171258202,-0.245810410356,-0.00145226972478,-0.374994449393,-0.0318903916414,0.131689163025,-0.0557852087956,0.573774302348,0.818997729836,0.00255252632454,0.0,0.818960747169,-0.573711650433,-0.0117891329124,0.0,-0.00819101670399,0.00885489086208,-0.99992724643,0.0,0.644650502942,0.238905833793,0.303721816211,1.0,-0.0499685714286,-0.0656729795918,1.206
0.451273506299,0.455341127993,-0.124364229242,-1.5000138567,0.0705932309447,1.94659251518,0.13889694133,-0.0480848381376,-0.238268506565,7.49767994533e-05,-0.393703564054,-0.0247503182615,0.141307055224,-0.0590235310554,0.573743536349,0.819019447714,0.00249913305894,0.0,0.818981622155,-0.573680928967,-0.0118339010268,0.0,-0.008258649113,0.00883653840125,-0.999926852477,0.0,0.643881940489,0.237923425425,0.303664053929,1.0,-0.0521628571429,-0.0685568979592,1.221
0.450471232709,0.45088065539,-0.124419370846,-1.50672106595,0.070117898554,1.94905232562,0.137814757736,-0.0454286485182,-0.272611046715,-0.00493042246072,-0.399365689552,-0.0280079376064,0.147635478889,-0.0557402524092,0.573729709237,0.81902867274,0.00264591575961,0.0,0.818993264294,-0.573667118155,-0.0116969008749,0.0,-0.00806237755581,0.00887801765231,-0.99992808685,0.0,0.643023044868,0.236733742375,0.303748690009,1.0,-0.0546497142857,-0.0718253387755,1.238
0.449641946549,0.446248701612,-0.124463998721,-1.51376165482,0.0696516880802,1.95148470529,0.136778411264,-0.0491444768761,-0.278858827981,-0.000767363943555,-0.422205648537,-0.0310965116584,0.138890321248,-0.0617695662398,0.573782076588,0.818991949719,0.00265740139091,0.0,0.818956629156,-0.573719370657,-0.0116991536519,0.0,-0.00805706512934,0.0088892323074,-0.999928030035,0.0,0.642073754821,0.235497461333,0.303784872314,1.0,-0.0571365714286,-0.0750937795918,1.255
0.448808921131,0.44178052588,-0.124478890695,-1.52073262307,0.0691717562599,1.9538381697,0.135686524673,-0.0536767436994,-0.287782513874,-0.00155506309211,-0.432147032804,-0.0296567980622,0.153421397255,-0.0730911304249,0.573758772439,0.819008711041,0.00251975988952,0.0,0.818971420498,-0.57369637167,-0.0117912018589,0.0,-0.0082116780302,0.00882908682743,-0.999927305143,0.0,0.64110830739,0.234276876394,0.30372985533,1.0,-0.0594771428571,-0.0781699591837,1.271
0.447763054163,0.436295700611,-0.124490574061,-1.52920643991,0.0686096951137,1.95681288467,0.134303937401,-0.0613948848211,-0.292636205481,-0.000494637683774,-0.441993577849,-0.0262162583203,0.161464349656,-0.0726295068165,0.5737098596,0.819043021072,0.00250470191475,0.0,0.819005287623,-0.573647256478,-0.0118283930529,0.0,-0.008251306262,0.00883759998096,-0.999926903714,0.0,0.639952644443,0.232789157508,0.303702538662,1.0,-0.0622565714286,-0.081822922449,1.29
0.446743971577,0.431139544407,-0.124522784365,-1.53690374349,0.0680642040512,1.95965584028,0.133050747082,-0.0661733702962,-0.30526930648,-0.00221585045882,-0.465752750523,-0.0300034973301,0.168063293498,-0.0749122597193,0.573725007744,0.819031684926,0.00273157041593,0.0,0.818997337235,-0.573662060994,-0.0116596860493,0.0,-0.00798280768993,0.00892677423413,-0.999928291171,0.0,0.63894702226,0.231388834779,0.303801920365,1.0,-0.0647434285714,-0.0850913632653,1.307
0.445686225074,0.425875748025,-0.12459810188,-1.54510497703,0.0674617965217,1.96231685561,0.131738163165,-0.0651365307734,-0.315749554097,-0.0086430055215,-0.487730478652,-0.0356590457162,0.156614813529,-0.0747880467082,0.573753673278,0.819012461231,0.00246122923639,0.0,0.818974679464,-0.573691780501,-0.0117882265071,0.0,-0.00824287612318,0.00877939171533,-0.999927486008,0.0,0.637786903025,0.229863796977,0.303714705241,1.0,-0.0672302857143,-0.0883598040816,1.324
0.444575589034,0.420366608926,-0.124672770202,-1.55348517154,0.0668623155442,1.96510337075,0.130361518975,-0.0638897387087,-0.329571155433,-0.0017289560211,-0.493012789413,-0.0388754558699,0.166311930474,-0.0821149449982,0.573776577071,0.81899670306,0.00236365895769,0.0,0.81895772107,-0.573715124377,-0.0118302182121,0.0,-0.00833300325543,0.00872380682544,-0.999927225478,0.0,0.636611355832,0.228299073172,0.303712366413,1.0,-0.0697171428571,-0.091628244898,1.341
0.443469432739,0.415017253683,-0.124691476829,-1.56138771981,0.066325693436,1.96805095669,0.129082820802,-0.071476639833,-0.335026709194,-0.000840588514905,-0.502734749968,-0.0314385015668,0.186404347758,-0.0833526623383,0.573829638913,0.818958530029,0.00268672660625,0.0,0.818923944393,-0.573767216845,-0.0116404929512,0.0,-0.00799167921342,0.00888005558543,-0.999928636292,0.0,0.635560563856,0.226845712022,0.303833376237,1.0,-0.0720577142857,-0.0947044244898,1.357
0.442254865664,0.409270817219,-0.124716009019,-1.57014305228,0.065722132716,1.97101375494,0.127588187443,-0.074027359986,-0.342145342733,-0.00167433949761,-0.526275530341,-0.0338125296318,0.168499460725,-0.078587311948,0.573808398168,0.818973551086,0.00264418514912,0.0,0.81893812547,-0.573745809027,-0.0116978705919,0.0,-0.00806331171495,0.00887793134344,-0.999928080083,0.0,0.63431604824,0.225221024281,0.303812331704,1.0,-0.0745445714286,-0.0979728653061,1.374
0.441140641023,0.404074982646,-0.124769728395,-1.578195431,0.06513321511,1.97363813856,0.126303642756,-0.076979367447,-0.345815508135,0.0010632072019,-0.538384948008,-0.0411700444477,0.170108041227,-0.0888165121714,0.573867064777,0.818933126792,0.00242336699755,0.0,0.818894727983,-0.573805168392,-0.0118237096098,0.0,-0.00829244662826,0.00876988883437,-0.999927159537,0.0,0.633144023833,0.223700812113,0.303718310486,1.0,-0.0767388571429,-0.100856783673,1.389
0.439799682804,0.397903486049,-0.12481906161,-1.58727497126,0.0644933031485,1.97688185595,0.124727242119,-0.0828015211921,-0.360768897734,-0.00157035360871,-0.535685663544,-0.0342512081665,0.193146851636,-0.0948879280419,0.573892161381,0.818914708218,0.00268973440009,0.0,0.818879996681,-0.573829537714,-0.0116601708628,0.0,-0.00800539050105,0.00889442160029,-0.99992839893,0.0,0.63188928099,0.221968617802,0.303837369496,1.0,-0.0792257142857,-0.10412522449,1.406
