position_joint1,position_joint2,position_joint3,position_joint4,position_joint5,position_joint6,position_joint7,velocity_joint1,velocity_joint2,velocity_joint3,velocity_joint4,velocity_joint5,velocity_joint6,velocity_joint7,ee_T_00,ee_T_10,ee_T_20,ee_T_30,ee_T_01,ee_T_11,ee_T_21,ee_T_31,ee_T_02,ee_T_12,ee_T_22,ee_T_32,ee_T_03,ee_T_13,ee_T_23,ee_T_33,v_x,v_y,time
0.465097842823,0.54754699725,-0.124002565277,-1.35574769697,0.0794378684209,1.89410850393,0.159149567704,6.39936939708e-06,-0.00188648336073,-0.00241339967863,-0.000353207953752,-0.000110418397534,0.000236169599554,-0.0018035042854,0.57376639916,0.819004317957,0.00218935256489,0.0,0.818965013727,-0.573707618305,-0.0116885367405,0.0,-0.00831707394487,0.00849965643512,-0.999929288561,0.0,0.661704853264,0.260902062999,0.303421928329,1.0,0.0,0.0,0.0
0.465097816328,0.547548971506,-0.123999623363,-1.35574593001,0.0794417640881,1.89410662801,0.159149414109,3.20930361515e-05,0.000779004927396,-0.000552776529443,0.000182643416226,0.000236987466081,0.000420440322707,-0.00106909703586,0.57376516544,0.819005179379,0.00219042891113,0.0,0.818965839428,-0.573706329924,-0.0116939196372,0.0,-0.00832087802124,0.00850361390813,-0.999929223265,0.0,0.661703944418,0.260904435505,0.303421117549,1.0,-0.00024,-0.000315428571429,0.013
0.465097209414,0.547548161376,-0.123998012199,-1.35574936806,0.0794421307773,1.89410645158,0.15915175007,0.000829268361113,0.000879537555763,-0.000243195085619,-0.000274126269188,-0.000193269607568,-0.000473038522046,-0.00046430988033,0.573766732429,0.819004086112,0.00218874179406,0.0,0.818964709596,-0.573707888061,-0.011696602631,0.0,-0.00832402717953,0.00850378748411,-0.999929195578,0.0,0.661702910118,0.260904615838,0.303419986876,1.0,-0.0005,-0.000657142857143,0.026
0.465093941095,0.547509989564,-0.123998194202,-1.35577903118,0.0794371938681,1.89411111429,0.159148546412,-0.000177711837039,-0.00551171076409,0.000294921917039,-0.00644676413998,-0.000311200271208,0.000215219868823,-0.000780449018947,0.573767186893,0.81900374035,0.0021989630236,0.0,0.818964517428,-0.57370832561,-0.0116885935982,0.0,-0.00831159850603,0.00850756795608,-0.999929266807,0.0,0.661699220288,0.260898845803,0.303433310738,1.0,-0.0009,-0.00118285714286,0.046
0.465096835526,0.547416218395,-0.123994971693,-1.35586913116,0.0794380920663,1.89412193508,0.159158501359,-0.000493578100833,-0.00578452064519,-0.00157641303831,-0.00911327166638,0.00709881098145,0.00218784862607,0.00201170911428,0.573765520886,0.819004845367,0.00222198325135,0.0,0.818965852387,-0.573706503431,-0.0116844960314,0.0,-0.00829505232905,0.00852405347363,-0.999929263808,0.0,0.661684337329,0.260894636779,0.303460336972,1.0,-0.00116,-0.00152457142857,0.059
0.46509032094,0.547258096503,-0.123994942463,-1.35607453879,0.0794327097394,1.89416572862,0.159144645427,-0.00244240454833,-0.00737268842324,0.000242511708533,-0.0142546372648,-0.000631546301424,0.00453844135591,-0.000815165774588,0.573779556178,0.818995017925,0.00222000624801,0.0,0.818955866168,-0.573720407654,-0.0117017097728,0.0,-0.00831013911143,0.00853245325584,-0.999929066899,0.0,0.661649465381,0.260869541493,0.303475712984,1.0,-0.00158,-0.00207657142857,0.08
0.465079487616,0.547133747911,-0.124000471862,-1.3562348938,0.0794304950232,1.89422986382,0.159149234975,0.000830410971708,-0.0129304479726,-0.00111772152063,-0.0158008901169,-0.000354511777813,0.00945558370761,0.00154190212196,0.573804433504,0.818977515613,0.00224675605109,0.0,0.81893868042,-0.573745150647,-0.0116913096931,0.0,-0.00828601390912,0.00854864535896,-0.999929128807,0.0,0.661632994277,0.260845771555,0.303493216506,1.0,-0.00184,-0.00241828571429,0.093
0.465051365627,0.546900946654,-0.123992521588,-1.35649535385,0.0794249605491,1.89438156002,0.159134189258,-0.00348405503412,-0.0101382178935,0.000605069160125,-0.0148615954023,0.000196161331945,0.0088588101317,-0.000720019231334,0.57382293566,0.818964235805,0.00235921275505,0.0,0.81892680444,-0.573763182329,-0.0116381474162,0.0,-0.00817775453385,0.00861042425583,-0.999929489977,0.0,0.661615490778,0.260813327431,0.303547042247,1.0,-0.00226,-0.00297028571429,0.114
0.465035323147,0.54675522952,-0.123997077227,-1.35666706544,0.0794202575018,1.8944735747,0.159125627549,-0.000696413351265,-0.0114531492667,-0.000262647874403,-0.0143487612381,0.000147649218054,0.00351909595221,0.00169868623624,0.573842871488,0.818950057353,0.00243090647353,0.0,0.818913547658,-0.573782853115,-0.0116011134646,0.0,-0.00810607615226,0.00864808500969,-0.99992974861,0.0,0.661602861232,0.260786526107,0.303585410922,1.0,-0.00252,-0.003312,0.127
0.464987528182,0.546436219989,-0.123992759462,-1.35710090522,0.0794031594867,1.8946381491,0.159092907891,-0.00381608869813,-0.0180076899323,0.000248779894403,-0.0142757634849,0.000103100726263,0.00269794340714,-0.00301654373683,0.573869734188,0.818931128973,0.00246598516784,0.0,0.818895000938,-0.573809511995,-0.0115917334405,0.0,-0.00807798113358,0.00867169487159,-0.999929771498,0.0,0.66155795273,0.260719078343,0.303610194863,1.0,-0.00294,-0.003864,0.148
0.46496183222,0.546249519366,-0.12399271168,-1.35738873186,0.0793890352269,1.89474019229,0.159010953139,-0.00187853307452,-0.0156954937514,0.000364536596076,-0.0260228217366,-0.000454479073175,0.00492198507551,-0.00616777158223,0.573835952503,0.818954790936,0.0024691941424,0.0,0.818918665059,-0.573775680977,-0.0115946038307,0.0,-0.00807884834847,0.00867563673681,-0.999929730299,0.0,0.661524670379,0.260675032238,0.303614237865,1.0,-0.00318,-0.00417942857143,0.16
0.464914325963,0.545893981063,-0.123993102767,-1.35796494056,0.0793375698683,1.89494526949,0.158922946737,-0.00172148269261,-0.0189015872179,0.00143554317303,-0.0314846857556,-0.00347009291204,0.00668893578669,0.000319007681327,0.573821604706,0.818964912487,0.00244642357516,0.0,0.81892861994,-0.573761551866,-0.0115906835417,0.0,-0.00808885508089,0.00865459753953,-0.999929831721,0.0,0.661458063264,0.260585236222,0.303609446797,1.0,-0.0036,-0.00473142857143,0.181
0.464875775714,0.545651191,-0.124000925741,-1.35836211342,0.07929442837,1.89508470049,0.15889789531,-0.000480152641658,-0.0186274994922,-0.000903136032295,-0.0354565268415,-0.00214791042327,0.00650660922111,0.000177967773857,0.57384885417,0.818945895572,0.00242065979115,0.0,0.818909461195,-0.573789092771,-0.0115809448211,0.0,-0.00809537490363,0.00862817924027,-0.999930007265,0.0,0.661415348986,0.260513727497,0.303604583455,1.0,-0.00386,-0.00507314285714,0.194
0.464806238076,0.545246646186,-0.123997775885,-1.35906976223,0.0792688362352,1.89531350118,0.158798864784,-0.00108153975487,-0.0202561821511,0.000980776632952,-0.0377744812885,3.5507963766e-05,0.0131792593055,-0.0102409223888,0.573855116219,0.818941663495,0.00236733670035,0.0,0.818904326026,-0.573795317742,-0.0116355083637,0.0,-0.00817059317003,0.00861588415186,-0.999929501489,0.0,0.661327946603,0.260402254493,0.303573862422,1.0,-0.00426,-0.00559885714286,0.214
0.464766997887,0.544933615971,-0.124003892143,-1.35959439769,0.0792509733441,1.89548197153,0.158729776136,-0.000421543307258,-0.0299991704703,0.00207033234015,-0.0436145410441,0.000190963678367,0.0129615977526,-0.0058587411906,0.57385937337,0.818938767813,0.0023368932351,0.0,0.818900906892,-0.573799549126,-0.0116674339629,0.0,-0.00821416385657,0.00860931608833,-0.999929201088,0.0,0.661261875503,0.260323136979,0.303560524213,1.0,-0.00452,-0.00594057142857,0.227
0.464680766569,0.544429793547,-0.124006665131,-1.36047508569,0.0792083578612,1.89577585594,0.158630905749,-0.00392327623213,-0.0220814052836,-0.000253053723619,-0.0472819964823,0.000380189464306,0.0129014242492,-0.00295829835351,0.573888679289,0.818918418397,0.00227039533362,0.0,0.818879565653,-0.573828962737,-0.01171859129,0.0,-0.00829391132927,0.00858451250169,-0.999928756052,0.0,0.661156782144,0.260179629976,0.303523458048,1.0,-0.00494,-0.00649257142857,0.248
0.464630574804,0.544071291204,-0.124004543054,-1.36104364578,0.0791795527711,1.89597505105,0.158547343459,-0.00504842031468,-0.0279007851626,-0.000219031604192,-0.0464260152735,-0.00729143554008,0.021985002976,-0.00325255154116,0.573883838543,0.818921826008,0.00226487288901,0.0,0.818882822171,-0.573824061186,-0.0117310382705,0.0,-0.00830732466391,0.00858708410393,-0.999928622624,0.0,0.661089376277,0.260093749681,0.303523712351,1.0,-0.0052,-0.00683428571429,0.261
0.464539880408,0.543470966074,-0.124005596781,-1.3620476823,0.0791196108537,1.8963352804,0.158426416753,-0.00358005103647,-0.03585680214,-3.42051083076e-05,-0.0456018089479,-0.00278393499066,0.0223651463419,-0.0102871488072,0.573899802918,0.818910743079,0.00222665244675,0.0,0.818871216776,-0.573840141445,-0.01175454396,0.0,-0.00834834050523,0.00856943704864,-0.999928432419,0.0,0.660973172785,0.259936630772,0.303501792392,1.0,-0.00562,-0.00738628571429,0.282
0.464483732479,0.543107683545,-0.124012672785,-1.3626317707,0.0790807990541,1.89653306281,0.158359547317,-0.00758028881723,-0.0312179891277,-0.00083379631939,-0.0512678429001,-0.00336876525619,0.0162707371522,-0.00064428793078,0.573918047689,0.818898019447,0.00220344806959,0.0,0.818858229175,-0.573858511042,-0.0117625132498,0.0,-0.00836799248537,0.00855519493859,-0.999928390107,0.0,0.660906091804,0.259837997685,0.303498123681,1.0,-0.00586,-0.00770171428571,0.294
0.464385013339,0.542403052762,-0.124016420561,-1.36374847522,0.079014715706,1.89693042856,0.158206237589,-0.0058531851832,-0.032455929666,-0.000303284225571,-0.0562070234148,-0.000752834936508,0.013614603552,-0.00268236700119,0.573920369806,0.818896426142,0.00219072452773,0.0,0.818856444884,-0.573860855543,-0.0117723425155,0.0,-0.00838331956639,0.00855044069095,-0.999928302388,0.0,0.660776837769,0.259663556612,0.30349952008,1.0,-0.00628,-0.00825371428571,0.315
0.464326456048,0.541924506007,-0.124014093626,-1.3645075828,0.0789819476266,1.89721418003,0.158104670191,-0.00315479550258,-0.0351032041069,0.000377973076463,-0.0541556788771,-0.00101712977863,0.0202541355438,-0.00500496775272,0.573916990391,0.818898768088,0.00220060597818,0.0,0.818858783416,-0.573857303901,-0.0117828045716,0.0,-0.00838625179602,0.00856450216536,-0.999928157461,0.0,0.660687543539,0.259556341857,0.303501139792,1.0,-0.00656,-0.00862171428571,0.329
0.464237230711,0.541189289109,-0.124020339744,-1.36563537571,0.0788991828677,1.8976285932,0.157953550577,-0.00324314339019,-0.0391978311781,-9.37368563694e-05,-0.0602272133904,0.000122333771834,0.0279732070019,-0.0109452081258,0.573911134281,0.818902847896,0.00220965084898,0.0,0.81886312711,-0.573851563378,-0.0117604918914,0.0,-0.00836284971913,0.00855904363325,-0.999928400195,0.0,0.660558610837,0.259384289924,0.303520225284,1.0,-0.00696,-0.00914742857143,0.349
0.464171177809,0.540672645676,-0.124021140241,-1.36643476831,0.0788445953675,1.89792304053,0.157849763176,0.000900356499849,-0.033990995027,-0.000734934587324,-0.0621783475339,-0.00385052280341,0.0232055445965,-0.0151846035289,0.573910510719,0.818903268305,0.00221579488848,0.0,0.818863677726,-0.573850968036,-0.011751199388,0.0,-0.0083517203401,0.00855873557596,-0.99992849585,0.0,0.660466779702,0.259263239043,0.30353045895,1.0,-0.00722,-0.00948914285714,0.362
0.464061200042,0.539828016776,-0.124023437285,-1.36771540983,0.0787843041955,1.89839654019,0.157697132289,-0.00669613211655,-0.0476553278809,0.00032561194535,-0.0653659625644,-0.00705848449282,0.0220602929522,-0.00778961229883,0.573931956883,0.818888126359,0.00225660754773,0.0,0.818848916949,-0.573872103343,-0.0117476430746,0.0,-0.00832516159181,0.00859033381555,-0.999928446365,0.0,0.660320032855,0.259070723333,0.303558947012,1.0,-0.00762,-0.0100148571429,0.382
0.463979487032,0.539214687833,-0.124023695532,-1.36867825108,0.0787296669878,1.89875511667,0.157580420354,-0.00338437265914,-0.0431137071217,-0.000435458820363,-0.0694575736788,-0.00503810652688,0.0188262200997,-0.00348053106236,0.573942143789,0.818880961923,0.00226554296517,0.0,0.81884183276,-0.573882218195,-0.0117473172878,0.0,-0.00831965983762,0.00859756735155,-0.999928429987,0.0,0.660209386391,0.258925870125,0.303565092752,1.0,-0.0079,-0.0103828571429,0.396
0.463851405598,0.538332631724,-0.124023690736,-1.37004613254,0.0786452957897,1.89928216468,0.157409595107,-0.00804986969134,-0.0397580740603,0.00135545429392,-0.067531865466,-0.00478915272147,0.0256560894689,-0.0116796717639,0.57396024011,0.818868186695,0.00229836765256,0.0,0.818829514765,-0.573900220942,-0.0117264254406,0.0,-0.00828352251684,0.00861263905121,-0.999928600303,0.0,0.660059110167,0.25871263976,0.303582754272,1.0,-0.0083,-0.0109085714286,0.416
0.463767232632,0.537740324675,-0.124029990516,-1.37099227706,0.0785968978049,1.89964443709,0.157295834514,-0.00704450553944,-0.0476021894664,0.00103907526673,-0.0719767683945,8.65410263599e-05,0.0274909077042,-0.00257277776096,0.573979788991,0.818854458498,0.00230749404584,0.0,0.818815865108,-0.573919691731,-0.0117266104168,0.0,-0.00827823033302,0.00862041607573,-0.999928577114,0.0,0.659953794716,0.258565641286,0.303582331155,1.0,-0.00856,-0.0112502857143,0.429
0.463640478251,0.536714485241,-0.124038210916,-1.37257095062,0.0785020171345,1.90023842077,0.157096766679,-0.00641883038788,-0.0545821907918,7.7266401781e-05,-0.0745479130058,-0.00189692995185,0.0305606028709,-0.00986853295772,0.573987925525,0.818848662375,0.00234016641773,0.0,0.818810526211,-0.573927740514,-0.0117054575131,0.0,-0.00824207048793,0.00863511042382,-0.999928749033,0.0,0.659773339197,0.258328253745,0.303606940116,1.0,-0.00898,-0.0118022857143,0.45
0.463545318028,0.536087398105,-0.124044620691,-1.37359008096,0.0784343262741,1.90062746486,0.156977953178,-0.00792571629312,-0.0476691269758,0.000174077675823,-0.0821783739055,-0.00132822046969,0.0379663716327,-0.0093923046508,0.574011092705,0.818832448724,0.00233093721397,0.0,0.818794280635,-0.57395103087,-0.0116998744746,0.0,-0.00824255174361,0.00862458184092,-0.999928835932,0.0,0.659660856927,0.258164457471,0.303598410136,1.0,-0.00924,-0.012144,0.463
0.463413766091,0.535035895879,-0.124050651482,-1.3752328524,0.0783480382535,1.90121213772,0.156779120305,-0.0030010147005,-0.054932505923,-0.00128321328346,-0.0870941663153,-0.00074198415045,0.0314284791342,-0.0108582192751,0.574027179592,0.818821170421,0.00233127877928,0.0,0.818782873914,-0.573966975528,-0.0117159416289,0.0,-0.00825534294807,0.00863424630432,-0.999928647006,0.0,0.659463866473,0.257918699393,0.303609376042,1.0,-0.00964,-0.0126697142857,0.483
0.463322995765,0.534364467074,-0.124056241711,-1.37632507817,0.0782960345878,1.90161611941,0.156641322074,-0.00959467150378,-0.0503096983688,-0.000994314110585,-0.0802918285969,-0.000445925437166,0.0337153860048,-0.00902242581405,0.574038622348,0.818813174362,0.00232216402495,0.0,0.818774648537,-0.573978334853,-0.0117342632203,0.0,-0.00827545680407,0.00863741562363,-0.999928453374,0.0,0.659335869408,0.25775374921,0.303598401472,1.0,-0.0099,-0.0130114285714,0.496
0.463156883887,0.533234005136,-0.124055265366,-1.37814563597,0.0781677891341,1.90228006627,0.156403801461,-0.0113316693915,-0.0503449257403,-0.00254151970489,-0.089118518472,-0.00445943141683,0.0264434114465,-0.00949490877218,0.574044637872,0.818809050586,0.00228895396691,0.0,0.818770209271,-0.573984594587,-0.011737822973,0.0,-0.00829737111982,0.00861232747042,-0.999928488167,0.0,0.659124232119,0.257467859993,0.303586620578,1.0,-0.01032,-0.0135634285714,0.517
0.46305109289,0.532454482695,-0.124052478769,-1.37940300583,0.0781113013734,1.90276144365,0.156251207077,-0.00667128930272,-0.056829852149,0.000245656210397,-0.0874206522025,-0.00622517949554,0.0293473220359,-0.0146071017874,0.574058075914,0.81879959418,0.00230151024039,0.0,0.818760735958,-0.573997796725,-0.0117530213351,0.0,-0.00830246714065,0.00863146921455,-0.999928280817,0.0,0.658977695831,0.257284241282,0.303579425248,1.0,-0.0106,-0.0139314285714,0.531
0.462894217808,0.531367566178,-0.12405353263,-1.38115465417,0.0779950462564,1.90340204311,0.156032227778,-0.0103966800877,-0.0545020370254,-0.000418348706872,-0.0907859876801,-0.016433353041,0.0309606690578,-0.00700713728527,0.574072226397,0.818789750705,0.00227374616639,0.0,0.818750591848,-0.574012112756,-0.0117605127196,0.0,-0.0083243897073,0.00861318057037,-0.999928256255,0.0,0.658772767848,0.257011282681,0.303567335702,1.0,-0.01098,-0.0144308571429,0.55
0.462782753513,0.530526164193,-0.124056844567,-1.38250012031,0.0779110147844,1.9038774699,0.155861255312,-0.00905735024775,-0.0578862402233,-0.00381492589781,-0.0998169353117,-0.00324314161906,0.0341507929834,-0.0117068045704,0.574076347335,0.818786935008,0.00224708522791,0.0,0.818747418489,-0.574016323172,-0.0117759225483,0.0,-0.0083522687369,0.00860023941377,-0.999928135162,0.0,0.65860980265,0.256805952799,0.303561111709,1.0,-0.01126,-0.0147988571429,0.564
0.462614262886,0.529307677879,-0.124059240923,-1.38443766665,0.0778040145854,1.90457935454,0.155605266683,-0.00875208484001,-0.0640283401417,0.000339424300838,-0.100437977637,-0.00632498837943,0.0341640374778,-0.0128748154067,0.574082826026,0.818782419908,0.0022370990919,0.0,0.818742645348,-0.574022707533,-0.0117965599139,0.0,-0.00837483143657,0.00860397653435,-0.999927914295,0.0,0.658378927653,0.256509934029,0.303558118702,1.0,-0.01166,-0.0153245714286,0.584
0.462513188153,0.528478329823,-0.124063205551,-1.38572128417,0.0777169590136,1.90506460988,0.155428463893,-0.0111513422025,-0.0618498429587,-0.00075594316747,-0.101357615949,-0.00893176636825,0.0418599863169,-0.0139119990331,0.574069788011,0.818791506935,0.00225689266963,0.0,0.818752087015,-0.574009695368,-0.0117744016253,0.0,-0.00834546245226,0.00860732954618,-0.999928130985,0.0,0.658228968854,0.256318462095,0.303573311059,1.0,-0.01192,-0.0156662857143,0.597
0.462329228495,0.527101923396,-0.124059436193,-1.3878495992,0.0775838552745,1.90589140959,0.155125873109,-0.00937266628628,-0.0663427019743,0.000904643972263,-0.104613205009,-0.0162732479369,0.0408825584792,-0.0196136751981,0.574049482223,0.818805573633,0.00231763837852,0.0,0.818766985274,-0.573989206381,-0.0117371923773,0.0,-0.00828033854595,0.00863550125524,-0.999928429495,0.0,0.657985390417,0.255999586986,0.303600688343,1.0,-0.01234,-0.0162182857143,0.618
0.46221583163,0.52621017898,-0.124066639533,-1.38923702243,0.0774996057618,1.90641317862,0.15494491857,-0.00758340138974,-0.0650196741176,-0.000295543127854,-0.110519727745,-0.00278679320094,0.0373453246612,-0.0102114501286,0.574051488688,0.818804110795,0.00233738785358,0.0,0.818765806772,-0.573991168089,-0.0117234602006,0.0,-0.00825773640766,0.00864380945253,-0.999928544621,0.0,0.657822987563,0.255789587722,0.303613247671,1.0,-0.0126,-0.01656,0.631
0.462023805887,0.524826764535,-0.124070464219,-1.39139224445,0.0773547695196,1.90718808084,0.154659705251,-0.00611234233844,-0.0673457850927,-0.000750398108816,-0.110198814848,-0.00678321040124,0.0376816848412,-0.0147308772204,0.574054678748,0.818801890088,0.00233184430177,0.0,0.818763594278,-0.573994462235,-0.011716693639,0.0,-0.00825534412211,0.00863541828328,-0.999928636876,0.0,0.657566025034,0.255452604462,0.303627762398,1.0,-0.013,-0.0170857142857,0.651
0.461910648607,0.523937318635,-0.124081472709,-1.39283817072,0.077267283913,1.90769964268,0.154451156624,-0.0125171941646,-0.0654908329286,-0.000453134448859,-0.112152543621,-0.00930330941719,0.0315088962783,-0.0112515139539,0.574038379197,0.818813432633,0.00229099334162,0.0,0.818774596693,-0.573978307108,-0.0117392368121,0.0,-0.00829742406189,0.00861474548247,-0.999928466899,0.0,0.657387883885,0.255232434204,0.303609663319,1.0,-0.01326,-0.0174274285714,0.664
0.461710379453,0.522439613385,-0.12408617141,-1.39521545303,0.0771232381033,1.90860190677,0.154131542316,-0.0127165854078,-0.0679887655357,-0.00107801634469,-0.112255876959,-0.00546411865749,0.0392505944437,-0.011116973126,0.5740327424,0.818817338914,0.0023071733259,0.0,0.818778724567,-0.573972622307,-0.0117292770562,0.0,-0.00828004051903,0.00862221951254,-0.999928546577,0.0,0.65710796255,0.254873483773,0.30360921791,1.0,-0.01368,-0.0179794285714,0.685
0.461585373248,0.521496632705,-0.124084020981,-1.39672645002,0.0770284030007,1.90920445494,0.15392519175,-0.0125736723761,-0.0725178724885,0.000475383075319,-0.114083426628,-0.00399283922821,0.0473094049617,-0.0132273425977,0.574020116905,0.818826118053,0.00233252750078,0.0,0.818787881764,-0.573959955125,-0.0117098885698,0.0,-0.00824974405387,0.00863172304469,-0.999928714999,0.0,0.656933539723,0.254651167314,0.303604743806,1.0,-0.01394,-0.0183211428571,0.698
0.461391160132,0.520002733655,-0.124092086132,-1.39911636912,0.0768830229468,1.910077941,0.153611241795,-0.0130748143724,-0.0782152931409,0.000570945530558,-0.117272889465,-0.00508542822839,0.0403561681554,-0.0131594844336,0.574015993609,0.818829071692,0.00231026692511,0.0,0.81879052894,-0.573955896773,-0.0117237015749,0.0,-0.00827387565031,0.00862138287422,-0.999928604821,0.0,0.656642472879,0.254290646798,0.303592406721,1.0,-0.01434,-0.0188468571429,0.718
0.461252633751,0.518912953364,-0.124092564447,-1.40081249244,0.0767663362768,1.91067741103,0.153383528724,-0.012060365668,-0.0751563164638,7.21401969909e-05,-0.123311725503,-0.00392878608852,0.0495498416105,-0.0172683254217,0.574001699748,0.818839126809,0.00229782393499,0.0,0.818800476974,-0.57394170781,-0.0117235593881,0.0,-0.00828105157481,0.00861096813763,-0.99992863516,0.0,0.656431713643,0.25403428484,0.303602097244,1.0,-0.01462,-0.0192148571429,0.732
0.461044708737,0.517315580196,-0.124096795791,-1.40330421136,0.0766051050073,1.91158074049,0.153045941585,-0.0141434334793,-0.0789532272733,0.000480350563941,-0.119822395366,-0.00951338959347,0.0441904179742,-0.0172836290724,0.573986916215,0.818849484848,0.00229958266559,0.0,0.818810894645,-0.573926957812,-0.0117180547951,0.0,-0.0082756899816,0.00860909922746,-0.999928695641,0.0,0.656126996644,0.253655880546,0.303615434882,1.0,-0.01502,-0.0197405714286,0.752
0.460905400784,0.51629858187,-0.124100361647,-1.4049263972,0.076502397552,1.91218929646,0.152810036786,-0.00710832215615,-0.0816394715365,-0.000601367801452,-0.123248997569,-0.00650864896551,0.0465132690364,-0.0136139149309,0.573968460091,0.818862425089,0.00229836901184,0.0,0.818823850207,-0.573908540809,-0.0117147778522,0.0,-0.00827389709379,0.00860603806052,-0.999928736829,0.0,0.655932585792,0.253407939561,0.303609553013,1.0,-0.01528,-0.0200822857143,0.765
0.460673178407,0.514592688034,-0.124108873346,-1.40764791929,0.0763437229574,1.91320344133,0.152446719809,-0.00928424232136,-0.0826600759187,-0.000123565026975,-0.138115253074,-0.00850973631246,0.0432932824281,-0.0203601893004,0.573967988182,0.818862759149,0.00229719887307,0.0,0.818824106141,-0.573908007875,-0.0117229945351,0.0,-0.00828130226227,0.00860979116778,-0.999928643219,0.0,0.655603481989,0.252993269099,0.303598456541,1.0,-0.0157,-0.0206342857143,0.786
0.46053016389,0.51352550909,-0.124106809671,-1.40938313378,0.0762415424298,1.91378862819,0.152202019361,-0.0137976850793,-0.0822022715928,-0.0035800751512,-0.133766176175,-0.00532194740696,0.0412993360242,-0.0186998358524,0.573946602957,0.818877933108,0.00223036410462,0.0,0.818838255022,-0.573886716212,-0.0117769252689,0.0,-0.0083640489245,0.00858579900612,-0.99992816079,0.0,0.655377234024,0.252732083787,0.303571135272,1.0,-0.01596,-0.020976,0.799
0.460282704889,0.511780117551,-0.12411275403,-1.41220155362,0.0760691569853,1.91480308183,0.151810312605,-0.010905955277,-0.0869712090565,-0.000247196490591,-0.133526455847,-0.0122889606879,0.0447444034101,-0.0197927053623,0.573933762813,0.818887072867,0.00217823239868,0.0,0.818846650126,-0.573874011166,-0.0118122727014,0.0,-0.00842304862227,0.00856326529114,-0.999927858768,0.0,0.655028032931,0.252295976373,0.303540468634,1.0,-0.01638,-0.021528,0.82
0.460144918942,0.510756940441,-0.124113193172,-1.41382982628,0.0759701264616,1.91542912447,0.151583194362,-0.00824352510809,-0.0820235570956,0.00476175355513,-0.136674662103,-0.00490191879518,0.0517051182752,-0.0201934559224,0.573919434936,0.818897071489,0.00219440444012,0.0,0.81885685786,-0.573859620807,-0.0118037640133,0.0,-0.00840694954299,0.00857147772487,-0.999927923887,0.0,0.654832033902,0.252052162603,0.303536173488,1.0,-0.01662,-0.0218434285714,0.832
0.459893162843,0.508903842313,-0.124129583691,-1.41673899321,0.07578134414,1.91650946385,0.151176577801,-0.00753892682897,-0.0900495441036,-0.000419518877215,-0.140427069756,-0.0158762418817,0.052675887866,-0.0187895261198,0.573904744026,0.818907340523,0.00220438734321,0.0,0.81886737984,-0.573845018753,-0.0117837000749,0.0,-0.00838494322971,0.00856798722337,-0.999928138579,0.0,0.654479301063,0.251599764942,0.303542541377,1.0,-0.01704,-0.0223954285714,0.853
0.459737994915,0.50775654826,-0.124134179623,-1.41856173359,0.0756650578804,1.91715400224,0.15091660926,-0.0138263256083,-0.0876150636643,0.000464006658898,-0.141800064274,-0.012434897781,0.0491672573399,-0.0214392943622,0.573885177805,0.818921130958,0.00217505595141,0.0,0.818880772675,-0.573825552055,-0.0118009683348,0.0,-0.00841612168949,0.00855367699397,-0.999927999161,0.0,0.654248672993,0.251319360487,0.303533539747,1.0,-0.0173,-0.0227371428571,0.866
0.459472776784,0.505837696977,-0.124140115702,-1.42155084003,0.0754863286825,1.91827059935,0.150509079021,-0.0134030618525,-0.0931681711906,0.00443809050033,-0.145564707674,-0.00635958171824,0.0553125631034,-0.0194264873797,0.573879339998,0.818925115782,0.00221467071102,0.0,0.818885221796,-0.573819509705,-0.0117860386649,0.0,-0.00838122318121,0.00857749034986,-0.999928088293,0.0,0.65388383648,0.250859885169,0.303549369413,1.0,-0.01772,-0.0232891428571,0.887
0.459298394997,0.504574925693,-0.124152904618,-1.42345461473,0.0753536909337,1.91900942234,0.150251027614,-0.0186410250493,-0.10051469437,-0.000336668564634,-0.146551691122,-0.0182902742396,0.0523214085946,-0.0310659241299,0.573882211537,0.818922909245,0.00228536559987,0.0,0.818884150638,-0.57382233592,-0.0117226931229,0.0,-0.00828874771349,0.00859906028122,-0.999928673868,0.0,0.653661676297,0.250557846249,0.303589997253,1.0,-0.01798,-0.0236308571429,0.9
0.459034608802,0.502631311156,-0.124159253751,-1.42635068213,0.075174357102,1.92010948539,0.149838568054,-0.0146613387218,-0.100700104542,-0.000174472705813,-0.141621951055,-0.00975353675445,0.050129289359,-0.0200464175034,0.573865318667,0.818934391758,0.00240934194299,0.0,0.818897280834,-0.573805031757,-0.0116522904572,0.0,-0.00816012597573,0.00866001567427,-0.99992920573,0.0,0.653313794974,0.250109399632,0.303664431046,1.0,-0.01838,-0.0241565714286,0.92
0.458837047008,0.501218024136,-0.124162525851,-1.42846737702,0.0750399768632,1.92086430159,0.149539096107,-0.0157137865066,-0.104157066189,-0.000531440220419,-0.1499747874,-0.0150101276563,0.0544866398879,-0.0277418476208,0.573855877665,0.818940879342,0.00245249112996,0.0,0.818904309206,-0.57379541821,-0.0116317370646,0.0,-0.00811863311527,0.00868346342019,-0.999929340133,0.0,0.653049622505,0.249775530634,0.303708889651,1.0,-0.01866,-0.0245245714286,0.934
0.458558021747,0.499225209688,-0.124160718346,-1.43151795607,0.0748518630148,1.92194935979,0.14911951386,-0.0144771775656,-0.101468009973,0.00013141181613,-0.153603156733,-0.00729263312725,0.0605496133424,-0.0216946773318,0.573843842736,0.818949234543,0.00247836590217,0.0,0.818912885598,-0.573783170846,-0.0116320916393,0.0,-0.00810420392933,0.00870473753104,-0.99992927221,0.0,0.652662617085,0.249302164998,0.3037410964,1.0,-0.01906,-0.0250502857143,0.954
0.458360262657,0.497954216056,-0.124163934614,-1.43353767751,0.0747248027976,1.92271350286,0.148816965829,-0.0127429420339,-0.0997089785703,-0.000100953820118,-0.153366282279,-0.0105678541849,0.0621924294826,-0.0296990336979,0.573828749546,0.818959781706,0.00248777870585,0.0,0.818923573298,-0.573768066277,-0.0116247201818,0.0,-0.00809292613905,0.00870806693041,-0.999929334562,0.0,0.652417756566,0.248979765992,0.303732374862,1.0,-0.01932,-0.025392,0.967
0.458035109779,0.495874346888,-0.124161130257,-1.43685241538,0.0745260344756,1.92388036569,0.14833284561,-0.0163966089768,-0.100957991435,0.000493469563478,-0.155023952011,-0.00567005117576,0.0540823464745,-0.0128884350647,0.573810419191,0.818972783727,0.00243500376642,0.0,0.818935677837,-0.573749698221,-0.0116784527181,0.0,-0.00816740950395,0.00869549672492,-0.999928838347,0.0,0.651994524756,0.24845087582,0.303705229803,1.0,-0.01974,-0.025944,0.988
0.457827796418,0.494597362796,-0.124161131452,-1.43895756674,0.0743891676711,1.92460422649,0.148026049663,-0.0145549634659,-0.100931115591,0.00114080946667,-0.163765258819,-0.0105113524509,0.0560622333887,-0.0208596065785,0.573797766045,0.818981917494,0.00234294706902,0.0,0.818943544565,-0.573737308529,-0.0117353533977,0.0,-0.00826696524744,0.0086526275307,-0.999928392097,0.0,0.651721295486,0.248110139612,0.303655531749,1.0,-0.01998,-0.0262594285714,1.001
0.457501401306,0.492567927412,-0.124173374611,-1.44226081868,0.0741809066674,1.92581397601,0.147570242458,-0.0167706814987,-0.0976117285754,-0.00107820572141,-0.169351160434,-0.00626305055786,0.0538105920939,-0.0232858063011,0.573810231723,0.818973358267,0.00228107880863,0.0,0.818934176786,-0.573750000676,-0.0117685052796,0.0,-0.00832948369099,0.00862110812089,-0.999928145517,0.0,0.651309141027,0.24757400471,0.303601449399,1.0,-0.0211228571429,-0.0277614693878,1.021
0.457277000873,0.491161616575,-0.124173158583,-1.44449270513,0.0740344706415,1.92661189197,0.147253773666,-0.0187655200909,-0.116685301978,-0.000723606879293,-0.176009775002,-0.0115844835181,0.057145328125,-0.0212659137175,0.573806427125,0.81897610067,0.00225335789978,0.0,0.818936542445,-0.573746285453,-0.0117850022842,0.0,-0.00835894042781,0.00860783290914,-0.999928014073,0.0,0.651025953097,0.247212612271,0.303586748406,1.0,-0.0218657142857,-0.0287377959184,1.034
0.45690573213,0.488931302586,-0.124180286427,-1.44809314039,0.0737987753384,1.92788190158,0.146735734933,-0.0211135279831,-0.115408944332,-0.000522594509976,-0.182415252869,-0.0150716718671,0.0628294984024,-0.0257946898979,0.573806444132,0.818976339985,0.0021601199068,0.0,0.818935536052,-0.57374663169,-0.0118379608515,0.0,-0.00845581113103,0.00856186201815,-0.999927594267,0.0,0.650566744501,0.246617890203,0.303534280435,1.0,-0.0230085714286,-0.0302398367347,1.054
0.456655997581,0.487365185752,-0.124184160165,-1.45049778643,0.0736548331357,1.92880858345,0.146400943534,-0.0195203984784,-0.129156481548,-0.000167832840254,-0.181371019112,-0.0125614178927,0.0692026124078,-0.0230289257468,0.573820202442,0.81896649776,0.00223555751468,0.0,0.818926658179,-0.573760076282,-0.0118004360129,0.0,-0.00838164947609,0.00860225184647,-0.999927872006,0.0,0.650276050051,0.246228484802,0.303558408364,1.0,-0.0237514285714,-0.0312161632653,1.067
0.456216758396,0.484761076582,-0.124201956609,-1.45446756306,0.0733958716221,1.93029436349,0.145802204937,-0.0179323905293,-0.131735580844,-0.00179381289622,-0.19559340255,-0.0131340941667,0.0657424889164,-0.0287519817023,0.573828050719,0.81896074301,0.00232734127767,0.0,0.818922238074,-0.573767721589,-0.0117352695629,0.0,-0.008275531108,0.00864010473459,-0.999928429526,0.0,0.649795856536,0.24555566987,0.303606370642,1.0,-0.0249514285714,-0.0327933061224,1.088
0.455941513887,0.483097461512,-0.12422676158,-1.457061296,0.0732344032498,1.93116180039,0.145412924308,-0.0206917128139,-0.123631990083,-0.00143809494027,-0.205521936361,-0.0102310290845,0.0734744320787,-0.0289268529472,0.573835714899,0.818955526263,0.0022727100152,0.0,0.818916234222,-0.573775510695,-0.0117733408815,0.0,-0.00833797775975,0.00861728851812,-0.999928107648,0.0,0.649458529735,0.245110130435,0.303602146872,1.0,-0.0256942857143,-0.0337696326531,1.101
0.455503322217,0.480417343073,-0.124246963555,-1.46119518799,0.0729773822494,1.93266149289,0.144797924725,-0.0197940434065,-0.136665378015,0.000477846064401,-0.210324743802,-0.0127196390101,0.0761486298386,-0.028050574298,0.573837801362,0.818953961643,0.00230940223346,0.0,0.818915106883,-0.573777416699,-0.0117588565255,0.0,-0.00830503918603,0.00863904708039,-0.999928194017,0.0,0.648938212541,0.244420111763,0.30362345514,1.0,-0.0268371428571,-0.0352716734694,1.121
0.45520092183,0.478629010035,-0.124250572272,-1.46391434595,0.0728079132194,1.93367108022,0.14438631596,-0.0225079490704,-0.139048775375,0.00125521981338,-0.208807659352,-0.0151176038991,0.0778871329667,-0.0306597000118,0.573837260508,0.818954148705,0.00237648314007,0.0,0.818916137524,-0.573776596003,-0.011727083294,0.0,-0.00824053176504,0.0086757447801,-0.999928409982,0.0,0.648600940758,0.243964724509,0.303655813062,1.0,-0.02758,-0.036248,1.134
0.454685277033,0.475643922646,-0.124272986698,-1.46850648922,0.0725272348096,1.93534327101,0.14373586062,-0.0234938761834,-0.142849445055,-0.0026359335459,-0.223910856038,-0.0163196220226,0.0841185180897,-0.0347957872817,0.573889113393,0.8189176505,0.00243189846769,0.0,0.818880280636,-0.573828155926,-0.0117081318876,0.0,-0.00819266177818,0.00871077083753,-0.999928498826,0.0,0.648025393881,0.243181556312,0.303682250023,1.0,-0.02878,-0.0378251428571,1.155
0.454359328573,0.473741028025,-0.124269376148,-1.47144035318,0.0723305327498,1.93638804012,0.143311875614,-0.0232741150122,-0.14561011966,-6.15651715059e-05,-0.232172984192,-0.0149592104695,0.0796940696577,-0.0333045100404,0.57389333243,0.818914671858,0.00243928447463,0.0,0.818877378773,-0.573832327159,-0.0117066537101,0.0,-0.00818716782326,0.00871601319624,-0.999928498142,0.0,0.647646935526,0.242689981493,0.303692507268,1.0,-0.0295228571429,-0.0388014693878,1.168
0.453834514921,0.470590547704,-0.124267009931,-1.47630956993,0.0720178786358,1.93811218721,0.142578797157,-0.0246816762277,-0.14695951558,-0.000142490134017,-0.23332169481,-0.0179382038616,0.0853731238955,-0.0424286595603,0.573868278059,0.818932213994,0.00244442691428,0.0,0.818894828725,-0.573807087882,-0.0117231516693,0.0,-0.00819799489908,0.00872944148996,-0.999928292294,0.0,0.647009456692,0.241884396723,0.303701667711,1.0,-0.0307228571429,-0.0403786122449,1.189
0.453496471335,0.46857123368,-0.124262562195,-1.47934537161,0.0718227641567,1.93930645143,0.142089645823,-0.0277255838878,-0.147012458886,0.000352425631315,-0.230132635276,-0.016512369815,0.0958215791193,-0.0332801018708,0.57383276562,0.818956643324,0.00259236505027,0.0,0.818921256,-0.573771135517,-0.0116364693899,0.0,-0.0080424945161,0.00880049969195,-0.999928932218,0.0,0.646637249648,0.241385596854,0.303754337796,1.0,-0.0314657142857,-0.0413549387755,1.202
0.452945256807,0.465393965632,-0.124272563545,-1.48425520086,0.0714871968337,1.94100298666,0.141333708542,-0.0334466138674,-0.156512695293,-0.000713513554782,-0.246009777671,-0.0247258408855,0.0819156384429,-0.030830144638,0.573811562283,0.818971629377,0.00255111088094,0.0,0.81893569599,-0.573750067548,-0.0116590189412,0.0,-0.00808486135755,0.00877944466966,-0.999928775648,0.0,0.645988234934,0.240546930306,0.303756750181,1.0,-0.0326085714286,-0.0428569795918,1.222
0.452537620857,0.463114390539,-0.124270473034,-1.48785287605,0.0712446619116,1.94224035671,0.14080073347,-0.02962887896,-0.163346300736,0.00101382791094,-0.259935080864,-0.0150480684097,0.0949328210247,-0.0347930036114,0.57380924322,0.818973479502,0.002477734573,0.0,0.818936493801,-0.573747903737,-0.011709354396,0.0,-0.00816821295857,0.00874821147853,-0.999928371981,0.0,0.645506150895,0.239935516083,0.303722950367,1.0,-0.0334085714286,-0.0439084081633,1.236
0.451937499281,0.459809236768,-0.124276183754,-1.49302285693,0.0708982109509,1.94406088192,0.140039603665,-0.034444429851,-0.171649955948,-0.00148216461528,-0.260869211827,-0.0147238172632,0.0831327495357,-0.0430084303961,0.573827034667,0.818961152654,0.00243138442859,0.0,0.818923504698,-0.573765798466,-0.0117409056518,0.0,-0.00822045866706,0.00872853498336,-0.999928115785,0.0,0.644823861855,0.239046622962,0.303696286358,1.0,-0.0345514285714,-0.0454104489796,1.256
0.451531837409,0.457617439584,-0.124282388857,-1.49643977685,0.0706743743267,1.94528357,0.13950135515,-0.0337211268244,-0.168752909749,-0.000852701770386,-0.265710860491,-0.0234966961555,0.0963883911923,-0.04415403037,0.573819697145,0.818966310623,0.00242572344447,0.0,0.818928540056,-0.573758430757,-0.0117497369268,0.0,-0.00823101789735,0.00872889270203,-0.999928025798,0.0,0.644376835324,0.238454481416,0.303684075188,1.0,-0.0352942857143,-0.0463867755102,1.269
0.450873323347,0.45417674133,-0.124312232986,-1.50191882921,0.0702924842439,1.94714764994,0.138654641051,-0.0370322248716,-0.175143009668,-0.00225366719202,-0.272953024884,-0.0182572295162,0.0923170113825,-0.043320368107,0.573833207978,0.818957322735,0.00225828733867,0.0,0.818917397275,-0.57377259987,-0.0118341446923,0.0,-0.00839607770699,0.00864034235549,-0.999927422548,0.0,0.643641730629,0.237478145423,0.303603862806,1.0,-0.0364371428571,-0.0478888163265,1.289
0.450419054458,0.451589844139,-0.124341319085,-1.50574353499,0.0700323321804,1.94859358078,0.138036598115,-0.0324165083116,-0.192576242981,0.000977423976301,-0.276311980946,-0.0231048452814,0.109111560563,-0.0405540973319,0.573823375223,0.818963747662,0.00242094295685,0.0,0.818926197056,-0.573762425172,-0.0117179408108,0.0,-0.00820768064245,0.00870676958795,-0.999928410508,0.0,0.643159529489,0.236808417095,0.303685305082,1.0,-0.0372371428571,-0.048940244898,1.303
0.449749302293,0.447849330426,-0.124366699588,-1.51134022536,0.0696476222945,1.95055428537,0.137205338883,-0.0327294804814,-0.190171155539,-0.000482004398092,-0.28272025936,-0.0140985381606,0.0884074117713,-0.0478824859156,0.573856169083,0.818940540849,0.00249693017046,0.0,0.818904064716,-0.573795034209,-0.0116678365272,0.0,-0.0081226946106,0.00874057452005,-0.999928809561,0.0,0.642414452049,0.235825047046,0.303757013241,1.0,-0.03838,-0.0504422857143,1.323
0.449298318777,0.44540804459,-0.124370943726,-1.51509449643,0.0693864700665,1.95182098974,0.13664672669,-0.0337741555284,-0.185582342418,-0.00172144462808,-0.289577200455,-0.0260414721023,0.100262597027,-0.0504144083161,0.573866857457,0.818933189053,0.00245126113735,0.0,0.818896054768,-0.57380581546,-0.0116997662636,0.0,-0.00817493639449,0.00872160409118,-0.999928549466,0.0,0.641897725402,0.235168010329,0.30375247066,1.0,-0.0391228571429,-0.0514186122449,1.336
0.448552498572,0.441405504992,-0.124371641234,-1.52124090186,0.0689526251302,1.95404820248,0.135651441106,-0.0397537348238,-0.188769256303,-0.000283820513894,-0.295186546708,-0.0222039397558,0.102818090215,-0.0501908260666,0.57381639417,0.818968392638,0.0025029070267,0.0,0.818932069975,-0.573755324762,-0.0116549978408,0.0,-0.00810917474066,0.00873770789534,-0.999928944348,0.0,0.641078004717,0.23410112668,0.303759006453,1.0,-0.0403228571429,-0.052995755102,1.357
0.448064039017,0.438941965751,-0.124383337326,-1.52513657831,0.0687143097684,1.95538718962,0.135014954944,-0.0372761871268,-0.191377441492,0.000309196883559,-0.308054173052,-0.0151478441669,0.10850928423,-0.0480769226064,0.573806887307,0.81897527508,0.00242935960829,0.0,0.818937674511,-0.573745739341,-0.0117328068508,0.0,-0.00821520216163,0.00872202741267,-0.999928215769,0.0,0.640498950948,0.233357917439,0.303704437819,1.0,-0.0411228571429,-0.0540471836735,1.371
0.447229841013,0.434707809531,-0.124398486741,-1.53152987877,0.068268200746,1.95763234945,0.13400956728,-0.0406269152218,-0.208727989839,-0.00241741056384,-0.302636562308,-0.0226320013872,0.108688185882,-0.0507396649704,0.573837054718,0.818953951558,0.00249133747237,0.0,0.818917224375,-0.573775750411,-0.0116925088603,0.0,-0.00814631414881,0.00874996247839,-0.999928535308,0.0,0.639682371271,0.232252840571,0.303747990611,1.0,-0.0422657142857,-0.0555492244898,1.391
0.446747448285,0.432267380319,-0.124402868238,-1.53524183532,0.0679980997832,1.9589708477,0.133411042839,-0.0395223248366,-0.20104177132,0.000926384217683,-0.315252668638,-0.028662805881,0.112085961972,-0.0531741056595,0.573830753601,0.818958238969,0.00253297216348,0.0,0.81892220201,-0.573769463355,-0.011652333582,0.0,-0.00808958826091,0.00876094317763,-0.999928899691,0.0,0.639185144759,0.231586424575,0.303761447519,1.0,-0.0429514285714,-0.0564504489796,1.403
