position_joint1,position_joint2,position_joint3,position_joint4,position_joint5,position_joint6,position_joint7,velocity_joint1,velocity_joint2,velocity_joint3,velocity_joint4,velocity_joint5,velocity_joint6,velocity_joint7,ee_T_00,ee_T_10,ee_T_20,ee_T_30,ee_T_01,ee_T_11,ee_T_21,ee_T_31,ee_T_02,ee_T_12,ee_T_22,ee_T_32,ee_T_03,ee_T_13,ee_T_23,ee_T_33,v_x,v_y,time
0.465085432613,0.54774622033,-0.124014707023,-1.35583449098,0.0795082319313,1.89411045325,0.159160782669,0.000347074872128,0.00100407014971,-0.000173749037853,-0.00147301681293,-0.000125219369817,9.20943220026e-05,-0.000766901363756,0.573818001005,0.818968698359,0.00197983125845,0.0,0.818926009048,-0.573759372127,-0.01187945717,0.0,-0.00859312228016,0.00843814413778,-0.999927475357,0.0,0.66168213124,0.260885392198,0.303240182863,1.0,0.0,0.0,0.0
0.465088216673,0.547743714687,-0.124013122108,-1.35582947967,0.0795082319313,1.89410666316,0.159162504459,0.00115248750826,-0.000165838214712,-0.000115832684579,0.000683182311154,-8.3479578474e-05,-0.000175962726304,0.000300954315537,0.573815719125,0.818970288387,0.00198346311391,0.0,0.818927638706,-0.573757068142,-0.0118783930648,0.0,-0.00859019040061,0.00844048392832,-0.9999274808,0.0,0.661681500734,0.260888522789,0.303243961317,1.0,-0.0,-0.0,0.001
0.465088216672,0.547738414212,-0.124015411502,-1.3558320648,0.0795089435205,1.89410883958,0.159169208994,0.0013734740837,-0.000918010397271,-0.000157498661958,-0.00122704342459,0.000253208903,5.99777858346e-05,0.00961751440541,0.573823144665,0.818965075781,0.00198751067584,0.0,0.818922485038,-0.573764482361,-0.0118755708081,0.0,-0.00858548000975,0.00844225710708,-0.999927506286,0.0,0.661681968895,0.260887224767,0.303246751999,1.0,-0.00032,-0.000420571428571,0.017
0.465076954052,0.547732780433,-0.124016236126,-1.3558415186,0.0795078733593,1.89410850317,0.159166005855,-0.00240491769513,3.10334980754e-05,-0.00551884984375,-0.00114210509742,-0.000119179877404,-2.5661035928e-05,-0.000871223341273,0.573830541762,0.818959902161,0.00198365715082,0.0,0.818917265272,-0.573771898259,-0.0118772180726,0.0,-0.00858896398593,0.00844012406895,-0.999927494373,0.0,0.661683070646,0.26087804987,0.303246239521,1.0,-0.00066,-0.000867428571429,0.034
0.465079054928,0.547699977285,-0.124015762714,-1.35587154696,0.0795059618838,1.89411563626,0.159160825047,-0.00254792846155,-0.000936952094089,-0.000807872346991,-0.0040233026631,0.000420552972578,0.000549034005369,0.000296714706082,0.573825372533,0.818963502145,0.00199271010459,0.0,0.818920976334,-0.573766686018,-0.0118731393086,0.0,-0.00858048227762,0.00844514328649,-0.999927524813,0.0,0.661677928615,0.260876756954,0.3032557856,1.0,-0.001,-0.00131428571429,0.051
0.465086419631,0.547569826599,-0.124007756893,-1.35601921895,0.0795061803394,1.89413706026,0.159156587019,0.00117120111647,-0.0106740958408,0.000629739941524,-0.00938302683738,0.000219665788389,0.00245571499835,-0.00164675029334,0.573818315544,0.818968416267,0.00200519453405,0.0,0.818925885845,-0.573759414242,-0.0118859144781,0.0,-0.00858385458048,0.00846262406632,-0.999927348078,0.0,0.661648015321,0.260871933978,0.303279293303,1.0,-0.00134,-0.00176114285714,0.068
0.465080789993,0.54744546855,-0.124010514967,-1.35619854076,0.0795013823551,1.89417400375,0.159160411334,-6.60138189595e-05,-0.00899880948319,-0.000205665539864,-0.0147331264039,0.000357719007459,-0.000970465119757,0.000368482118254,0.573836012317,0.818956041101,0.00199514771874,0.0,0.818913285884,-0.573777057527,-0.0119023258343,0.0,-0.00860287728977,0.00846399912641,-0.999927172959,0.0,0.661618989904,0.260848293199,0.303285200458,1.0,-0.00168,-0.002208,0.085
0.465059502855,0.547283685402,-0.124013742277,-1.35640547328,0.0794992380029,1.89428650548,0.159146556121,-0.0020016560832,-0.00938537717521,-2.617437438e-05,-0.015986151321,-0.00234867245093,0.00673187839204,-0.00250772197517,0.573856103284,0.818941815314,0.00205493426071,0.0,0.818899826474,-0.573796890007,-0.011872241537,0.0,-0.00854372464141,0.00849590714774,-0.999927409531,0.0,0.66160560666,0.260817600274,0.30331130501,1.0,-0.002,-0.00262857142857,0.101
0.465042862374,0.547081753185,-0.124008047353,-1.35663100143,0.0794957680126,1.89440584841,0.159134976815,-0.00208156712978,-0.0112000059606,0.000640034189218,-0.0141309479404,-0.000488180725755,0.00766004381391,-0.000312437659445,0.573868120305,0.818933167977,0.00214331192357,0.0,0.81889226201,-0.573808484625,-0.0118335579019,0.0,-0.00846120539849,0.00854620771992,-0.999927682553,0.0,0.661586257347,0.260793325564,0.303357162217,1.0,-0.00234,-0.00307542857143,0.118
0.465017337966,0.546859934279,-0.124015899931,-1.35692146,0.0794888305474,1.89454154236,0.159120148119,-0.00155090391115,-0.0145182003928,-0.000898269181832,-0.0188045760928,6.14271173955e-05,0.0127292439044,-0.00466286704774,0.573896917486,0.818912827121,0.00220376441098,0.0,0.818872693529,-0.573837027243,-0.0118035951674,0.0,-0.00840167562867,0.0085788145497,-0.999927905295,0.0,0.66156140859,0.260748427454,0.303388052672,1.0,-0.00268,-0.00352228571429,0.135
0.464989617908,0.54661725199,-0.124012673239,-1.35729576426,0.0794766352837,1.89467098589,0.159057364858,-0.0026196551713,-0.0108100787146,-4.81936093175e-05,-0.0231245441319,-0.00247415004002,0.01122400219,-0.00406061336252,0.573883603357,0.818922143742,0.00220888852622,0.0,0.818881952222,-0.573823567607,-0.0118156034702,0.0,-0.00840870892261,0.00858976542353,-0.999927752162,0.0,0.661514927243,0.260697522697,0.303392878045,1.0,-0.00302,-0.00396914285714,0.152
0.464951655299,0.546330824757,-0.124010926869,-1.35771701702,0.0794626366502,1.89483072848,0.158960496598,-0.00496982352745,-0.0188065767412,0.000241305349411,-0.029152666219,-0.00100648289352,0.00948193230921,-0.000119017658797,0.573854000647,0.81894281036,0.00223745422173,0.0,0.818902880613,-0.573793745092,-0.0118134295842,0.0,-0.00839084753617,0.00861160733582,-0.999927714336,0.0,0.66146795727,0.260635756856,0.303408998992,1.0,-0.00336,-0.004416,0.169
0.464910459317,0.546059454177,-0.124010909235,-1.3581743605,0.0794429962827,1.89498328646,0.158937126087,-0.00367511594456,-0.0198416790882,0.00076296354237,-0.0291532548079,-0.00102770031273,0.0056143214204,-0.000505155245779,0.573888887732,0.818918429892,0.00221283119167,0.0,0.818878084038,-0.573828625858,-0.0118380120017,0.0,-0.00842474252189,0.00860590819754,-0.999927478399,0.0,0.661412390552,0.260564960775,0.303396684511,1.0,-0.00368,-0.00483657142857,0.185
0.464846229411,0.545727893505,-0.124013057747,-1.35873020645,0.0793855091498,1.89517395031,0.158857595847,-0.00348420098215,-0.0219212600098,0.000545647901376,-0.036442715844,-0.00627488671378,0.0126429182419,-0.0116511705617,0.573893619109,0.818915228235,0.002170210041,0.0,0.818874524746,-0.573833724786,-0.011837057093,0.0,-0.00844836925683,0.00857050625942,-0.999927583118,0.0,0.661351969016,0.260463233293,0.303383395276,1.0,-0.00402,-0.00528342857143,0.202
0.464789359019,0.545353070357,-0.124016216595,-1.35936162051,0.0793463717442,1.89538219183,0.15877499813,-0.0051626881065,-0.022749573229,-0.000675930911167,-0.0408062384816,-0.000583907796427,0.0079771820019,-0.00396211267589,0.573899526437,0.818911200123,0.00212762074126,0.0,0.818869925092,-0.573839782988,-0.0118615404268,0.0,-0.00849279839444,0.00854974167979,-0.99992738451,0.0,0.661276058368,0.260361553782,0.303366334469,1.0,-0.00436,-0.00573028571429,0.219
0.464716993644,0.544943782127,-0.124011591167,-1.36005146975,0.0793260262118,1.89560666469,0.158717565483,-0.0080670930174,-0.0297553340762,0.00166413698611,-0.0362579916659,-0.00185191826608,0.012953976155,-0.00240164461969,0.57394148213,0.818881886363,0.00209240989134,0.0,0.818839890309,-0.573881612285,-0.0119111720682,0.0,-0.00855321216585,0.00854982904734,-0.999926868818,0.0,0.661191982995,0.260251800908,0.30334701334,1.0,-0.0047,-0.00617714285714,0.236
0.464648075196,0.54451420508,-0.124019038106,-1.36077401818,0.0792981113873,1.89585819716,0.158598868905,-0.00311878874898,-0.0240292837547,-2.54683716421e-05,-0.0428673809271,-0.000781457256572,0.0175893470207,-0.00656790850936,0.57393878416,0.818883850312,0.00206364626348,0.0,0.81884134114,-0.573878894855,-0.0119423189151,0.0,-0.00859525454311,0.00854412337309,-0.999926557081,0.0,0.661108531439,0.260134338542,0.303329186685,1.0,-0.00504,-0.006624,0.253
0.46457036835,0.544044560851,-0.124017427378,-1.3615523545,0.0792575824574,1.89614338498,0.158503536393,-0.00599657262399,-0.0246341998283,-0.00410027927042,-0.041612047521,-0.00043263226337,0.0205328117834,-0.00164202210496,0.573955874881,0.818871914593,0.00204648050931,0.0,0.818829101883,-0.573895975493,-0.0119606907442,0.0,-0.00861997276254,0.00854079095442,-0.999926372769,0.0,0.661020833178,0.260010466541,0.303315719668,1.0,-0.00538,-0.00707085714286,0.27
0.464504975368,0.543564172113,-0.124028195326,-1.36233734122,0.0792137841851,1.89641080146,0.158422519652,-0.00385351677871,-0.0303667804772,-0.00119113989472,-0.0508174449758,-0.00136961320639,0.0164585963974,-0.00431543000773,0.573982525251,0.818853307467,0.00201704180023,0.0,0.818810061823,-0.573922697274,-0.0119819494203,0.0,-0.00865399945848,0.00852916791973,-0.999926178069,0.0,0.660921988504,0.259877504652,0.303306715298,1.0,-0.00572,-0.00751771428571,0.287
0.464419100304,0.543025728512,-0.124028994218,-1.36320365787,0.0791671720224,1.89671870001,0.158303469303,-0.00650522284519,-0.0290602273137,-0.000463920619843,-0.0517995749209,-0.00168884182182,0.017926816974,-0.00595669042956,0.573991723662,0.818846902421,0.00199961618417,0.0,0.818803384487,-0.573931923794,-0.0119963037595,0.0,-0.00867565964384,0.00852323567044,-0.999926040957,0.0,0.660829224719,0.259745550326,0.303300764885,1.0,-0.00604,-0.00793828571429,0.303
0.464359351446,0.542435069056,-0.124030402564,-1.364101289,0.0791038514417,1.89703965273,0.158178812649,-0.00635797442838,-0.0345497892983,0.00068832948052,-0.0523665537979,-0.00645374144502,0.0201043790592,-0.00609256061225,0.573972491907,0.81886036553,0.0020067881408,0.0,0.818817007985,-0.573912729854,-0.0119846921999,0.0,-0.0086622349503,0.00852223998735,-0.99992616583,0.0,0.660721319415,0.259617991341,0.303319108404,1.0,-0.00638,-0.00838514285714,0.32
0.464267994048,0.541844427045,-0.12403010467,-1.3650457471,0.0790556350548,1.89738912861,0.158058486663,-0.00593185497471,-0.034912430618,0.000568173220673,-0.0622154141304,-0.000910001012944,0.0180343579081,-0.00606302382656,0.573988205455,0.81884934998,0.00200722117241,0.0,0.818805906269,-0.573928349289,-0.0119951925012,0.0,-0.00867042138086,0.00852878777462,-0.999926039051,0.0,0.660615128279,0.259469358749,0.303317529918,1.0,-0.00672,-0.008832,0.337
0.464194108017,0.54122572952,-0.124038581541,-1.36597187711,0.0789990965732,1.89773431132,0.157934993382,-0.00799277697464,-0.0398993899729,-0.0015845688922,-0.0578695006356,-0.00747188036844,0.0220831327022,-0.00587258456873,0.573989813194,0.818848148848,0.00203724795281,0.0,0.81880514335,-0.573929876444,-0.0119741826562,0.0,-0.00863596610526,0.00854133241514,-0.999926230144,0.0,0.660510842582,0.259328102464,0.303344322215,1.0,-0.00704,-0.00925257142857,0.353
0.464111540484,0.540541763495,-0.124035427886,-1.3670376268,0.0789325198397,1.89812461874,0.157798334599,-0.00121171933606,-0.0428894840712,0.000367244254761,-0.0664539390224,-0.00497799526884,0.017819273625,-0.00920532685348,0.573984582614,0.818851798897,0.00204383604166,0.0,0.818808867266,-0.573924607039,-0.0119721018537,0.0,-0.00863053550699,0.0085454774866,-0.999926241616,0.0,0.660385016802,0.259173579997,0.303354233045,1.0,-0.00738,-0.00969942857143,0.37
0.464010475531,0.539808694882,-0.124039273843,-1.3681428598,0.0788686997182,1.89853900655,0.157666176453,-0.00986073341269,-0.0413538203519,7.02094567508e-05,-0.0697755925679,-0.000545122210769,0.0242908814391,-0.00865864686697,0.574005960903,0.81883672101,0.00208040253199,0.0,0.818794261111,-0.573945825561,-0.0119538359639,0.0,-0.00859436696362,0.00856515965877,-0.999926384739,0.0,0.660262210124,0.259000833228,0.30338226554,1.0,-0.00772,-0.0101462857143,0.387
0.463912498862,0.539056860056,-0.124039589571,-1.36930534135,0.0788103926005,1.89897685424,0.157516749098,-0.00838852426534,-0.0463923070328,0.000453995002413,-0.0660835597471,-0.00328620359616,0.0248026062926,-0.00983312138453,0.574012804672,0.818831849029,0.00210950005877,0.0,0.818789663184,-0.573952443151,-0.0119510403641,0.0,-0.00857530486775,0.00858745237579,-0.999926357192,0.0,0.660129199585,0.258828113801,0.303398124765,1.0,-0.00806,-0.0105931428571,0.404
0.463800599648,0.538280744626,-0.124042461445,-1.37049560895,0.0787377970476,1.899443179,0.157374974784,-0.000171519459122,-0.0511456184771,-0.00101121109143,-0.0698407176053,-0.00211398310483,0.0215873701644,-0.00314657407758,0.574036825892,0.81881489986,0.00215155502276,0.0,0.818773311869,-0.573976339259,-0.0119236169976,0.0,-0.00852845778138,0.00860639678589,-0.999926594977,0.0,0.660000824277,0.258641376289,0.303420311108,1.0,-0.0084,-0.01104,0.421
0.46369984828,0.537539501286,-0.124046031362,-1.37167157416,0.0786657495808,1.89988934216,0.157227911338,-0.00799214901419,-0.0455097925204,-0.00041455477219,-0.0764291060269,-0.0132935443845,0.0251782857063,-0.00449985165013,0.574047081946,0.818807691154,0.00215859154161,0.0,0.818766223728,-0.57398659464,-0.011916667187,0.0,-0.00851862014725,0.00860827560627,-0.999926662662,0.0,0.659867812354,0.258461564981,0.303422826452,1.0,-0.00872,-0.0114605714286,0.437
0.463589694947,0.536707254037,-0.124056539766,-1.37297353401,0.0785979055579,1.9003664836,0.157066608618,-0.00668772269485,-0.0480102792529,-0.0010380611849,-0.0723237108425,-0.00436977029564,0.0254892006364,-0.011108350199,0.574066111617,0.818794324829,0.00216795318081,0.0,0.81875291457,-0.57400551846,-0.0119195873076,0.0,-0.00851543730081,0.00861781504286,-0.999926607603,0.0,0.659717691196,0.258260555109,0.303432418312,1.0,-0.00906,-0.0119074285714,0.454
0.463464744833,0.535848358199,-0.124060181703,-1.37432630517,0.0785110547776,1.90086800978,0.156909757966,-0.00464605205706,-0.0504322191802,-0.000959977380936,-0.0853105818409,-0.00541278476441,0.0294905824878,-0.0114735160928,0.574093678144,0.818774991918,0.0021698448902,0.0,0.818733657529,-0.57403312573,-0.0119128289857,0.0,-0.00850852742733,0.00861577073301,-0.99992668404,0.0,0.659564344801,0.258046689639,0.303438339231,1.0,-0.0094,-0.0123542857143,0.471
0.463347207817,0.534957142779,-0.124060168507,-1.3757401744,0.0784344880699,1.9013716197,0.156734133933,-0.0074180228184,-0.0523548226824,-0.00143451591821,-0.0855715838828,-0.00699895633148,0.0300339215639,-0.00723664310452,0.574103111253,0.81876840787,0.00215843105322,0.0,0.818726799129,-0.574042476906,-0.0119335659588,0.0,-0.00853195995894,0.00861842862408,-0.99992646147,0.0,0.659394419802,0.257834830719,0.303437902236,1.0,-0.00974,-0.0128011428571,0.488
0.463227873208,0.534121639152,-0.124064117418,-1.3771232103,0.0783710717849,1.90187489665,0.15656164693,-0.00821135874857,-0.0528285227742,-6.15176519267e-05,-0.0875127748695,-0.00177561012025,0.0254854968655,-0.00637925060077,0.574121252082,0.818755763649,0.00212938990088,0.0,0.818713577801,-0.574060534733,-0.0119719207781,0.0,-0.00857984562244,0.00861686047247,-0.999926065249,0.0,0.65923042544,0.257624524928,0.303412809444,1.0,-0.01006,-0.0132217142857,0.504
0.463097964221,0.533198829778,-0.124062033542,-1.3786041314,0.0782725752923,1.90243527434,0.156362645833,-0.00911166026012,-0.0532242598581,0.00116266595154,-0.0890197628897,-0.0074535353065,0.0260949464278,-0.0103007073625,0.574117921068,0.818758110085,0.00212527175335,0.0,0.818715935962,-0.574057286857,-0.0119663908208,0.0,-0.008577716944,0.00861027904797,-0.999926140206,0.0,0.659060286064,0.257398513215,0.303407225906,1.0,-0.0104,-0.0136685714286,0.521
0.462962996246,0.532245857272,-0.124062059238,-1.38014818431,0.0781906824713,1.90301947047,0.156181559324,-0.00524757161346,-0.0567954938018,0.000780224347294,-0.0862881199272,-0.00311901010982,0.0361719951781,-0.014310235358,0.57414271038,0.818740731665,0.00212351877342,0.0,0.818698426687,-0.574081971934,-0.0119800893403,0.0,-0.00858967864492,0.0086169683466,-0.999925979899,0.0,0.658881457448,0.257165154957,0.303394843935,1.0,-0.01074,-0.0141154285714,0.538
0.462831972682,0.531255916199,-0.124067376237,-1.38174368807,0.0780978720898,1.90359735119,0.155972956584,-0.00544479657213,-0.0582816685158,-0.00177299220102,-0.0969214384014,-0.00754280177242,0.0411752453105,-0.0142025186993,0.5741449698,0.81873920806,0.00209993823653,0.0,0.81869654313,-0.574084276938,-0.0119983390979,0.0,-0.00861813505275,0.00860816394789,-0.999925810879,0.0,0.65869070827,0.256923545042,0.303383426649,1.0,-0.01108,-0.0145622857143,0.555
0.462693571075,0.530218601076,-0.124070518798,-1.38338486719,0.0779924761535,1.90417054332,0.155754562503,-0.0123580185309,-0.0642238845122,-0.00136491646798,-0.099208234825,-0.00573808281208,0.0375460882241,-0.0112160213087,0.574142418468,0.818741072364,0.00207042061509,0.0,0.818698017531,-0.574081845239,-0.0120140733521,0.0,-0.00864799091328,0.00859300382504,-0.999925683508,0.0,0.658491244146,0.256671233532,0.303382914343,1.0,-0.01142,-0.0150091428571,0.572
0.462569582082,0.529229697247,-0.124073741551,-1.38492630734,0.0779036607291,1.90474265003,0.155551765498,-0.0121922933971,-0.0670512367296,0.000100222708001,-0.0992902973661,-0.00689151369929,0.0393909676968,-0.0102103821238,0.574140010952,0.818742714978,0.00208839546862,0.0,0.81869985189,-0.574079319697,-0.0120097507308,0.0,-0.00863415750395,0.00860521315397,-0.999925698055,0.0,0.658308567984,0.256442179028,0.303395465751,1.0,-0.01174,-0.0154297142857,0.588
0.462434638452,0.528155515486,-0.124074425398,-1.38663580441,0.077792349059,1.90539966889,0.155314523148,-0.00954887286889,-0.0560673125372,0.000174629782407,-0.102314158061,-0.000169870560449,0.0429854981273,-0.0189790089597,0.574119600175,0.818756996558,0.0021005199528,0.0,0.818714372446,-0.574058941272,-0.0119939650059,0.0,-0.0086144863604,0.00860586195819,-0.999925862134,0.0,0.65810878951,0.256190705157,0.303395117868,1.0,-0.01208,-0.0158765714286,0.605
0.462288373696,0.527000755078,-0.12407166898,-1.38839840597,0.0776896406929,1.9060719564,0.155070708308,-0.0107139483077,-0.0686111768017,0.000274286699555,-0.111358876155,-0.000664000743435,0.0416171536752,-0.0198670074335,0.574105548685,0.818766700241,0.00215788034949,0.0,0.81872478376,-0.574044612851,-0.0119690356644,0.0,-0.00856129307761,0.00863836622517,-0.99992603871,0.0,0.657902873918,0.2559309874,0.303427141247,1.0,-0.01242,-0.0163234285714,0.622
0.462137253606,0.525827223755,-0.124082395554,-1.39020564076,0.077572577164,1.90673828637,0.154827818095,-0.0079474793046,-0.0731485497762,-0.00157392006034,-0.109212013466,-0.00415121361605,0.0442361111223,-0.0136399549201,0.574103885916,0.818767809871,0.00217912770113,0.0,0.818726263946,-0.574042957734,-0.0119471462135,0.0,-0.00853119008048,0.00864317855617,-0.999926254411,0.0,0.657690338576,0.255652510555,0.303450724815,1.0,-0.01276,-0.0167702857143,0.639
0.461979517633,0.524671141822,-0.124085000946,-1.39203778711,0.0774515767478,1.9073909915,0.154575614395,-0.011929817387,-0.071484623106,-0.000472854493665,-0.108299324003,-0.00152479017687,0.0392166320746,-0.0213358462798,0.574094201489,0.818774668113,0.00215350280198,0.0,0.818732821019,-0.574033412672,-0.0119564135029,0.0,-0.00855359061817,0.00862741719127,-0.999926199157,0.0,0.657468243955,0.255369718374,0.303448443843,1.0,-0.0131,-0.0172171428571,0.656
0.461828738456,0.523473572971,-0.124095245558,-1.39395081843,0.0773341582131,1.90808378448,0.154314282643,-0.00733420151657,-0.0744128119727,-0.0014200998646,-0.114509873745,-0.00470564660186,0.0432588411622,-0.0182207578966,0.574081954641,0.818783314878,0.00213061832478,0.0,0.818741173549,-0.574021265789,-0.0119676254369,0.0,-0.00857603691404,0.00861498861608,-0.999926114051,0.0,0.657235391116,0.255081316218,0.303440275405,1.0,-0.01344,-0.017664,0.673
0.461669572666,0.522253687041,-0.12409536819,-1.39588890363,0.0772174186651,1.9088469177,0.154059416678,-0.00986779092468,-0.0764053968175,-0.000780254971941,-0.108659280405,-0.00208294056365,0.046382468116,-0.0282383688186,0.57407638148,0.818787128728,0.00216632353668,0.0,0.818745479939,-0.574015573869,-0.0119460008633,0.0,-0.00853789267948,0.00863175074047,-0.999926295918,0.0,0.657010448862,0.254795486316,0.303441323205,1.0,-0.01378,-0.0181108571429,0.69
0.461517916479,0.521072437567,-0.124096760042,-1.39777933197,0.0771068653694,1.90957824602,0.153806454465,-0.0140379257012,-0.0753726145348,0.00134611620959,-0.120626748093,-0.0100462141008,0.0512557304423,-0.0171995902304,0.574069986838,0.818791578459,0.00217902704548,0.0,0.818750089611,-0.574009122499,-0.0119400565632,0.0,-0.00852580050605,0.00863867302405,-0.999926339314,0.0,0.656773861839,0.254496406789,0.303431846498,1.0,-0.01412,-0.0185577142857,0.707
0.461347103526,0.519782466865,-0.124099887802,-1.39982942807,0.0769710001775,1.91031479349,0.153530314307,-0.0108815612641,-0.0761397071515,0.00184174274824,-0.123270408198,-0.0129738719799,0.0478684776095,-0.0183238331119,0.5740543008,0.818802632739,0.00215760386519,0.0,0.81876089604,-0.573993557643,-0.0119472926499,0.0,-0.00854418845942,0.00862512246291,-0.999926299337,0.0,0.656535285126,0.25420554493,0.303428920878,1.0,-0.01444,-0.0189782857143,0.723
0.461185981222,0.518509518494,-0.1241082023,-1.40178088679,0.0768424256303,1.91101496405,0.153263035095,-0.00598637343731,-0.0770229746783,-0.000601811681599,-0.119593528056,-0.0140859482191,0.0454830713257,-0.0188332129086,0.574042033801,0.818811200296,0.00216993106492,0.0,0.818769692661,-0.573981311017,-0.0119328070406,0.0,-0.00852538031835,0.00862677270577,-0.999926445636,0.0,0.656297021835,0.253906786237,0.30345455651,1.0,-0.01476,-0.0193988571429,0.739
0.461004079288,0.517168496032,-0.124111383696,-1.40391292418,0.0767011225316,1.91177525234,0.152966303176,-0.0110936170951,-0.0797918327152,-0.000968279660936,-0.128021004125,-0.00919937157148,0.0382011276346,-0.0202417923226,0.574024888804,0.818823306412,0.00213700988375,0.0,0.818781404799,-0.57396433804,-0.0119455729813,0.0,-0.00855491081079,0.00860696586775,-0.999926364109,0.0,0.656033897575,0.253578928821,0.303446725006,1.0,-0.0151,-0.0198457142857,0.756
0.46081983208,0.515819835357,-0.124115332913,-1.40605388887,0.0765730337185,1.91259160024,0.152678654193,-0.0113223590017,-0.0800459140816,-0.00178518245743,-0.130366200265,-0.0119910272475,0.0412094436748,-0.0235392378063,0.574021831712,0.818825400371,0.00215576583522,0.0,0.818783737487,-0.573961198844,-0.0119365132422,0.0,-0.00853675865039,0.00861709110893,-0.99992643204,0.0,0.655779328538,0.253254046627,0.303444512842,1.0,-0.01544,-0.0202925714286,0.773
0.460625389015,0.514428814723,-0.12411597716,-1.40828372873,0.0764401138945,1.91340988297,0.152381550489,-0.0141733269402,-0.0849062187159,0.00022784523002,-0.131161259023,-0.00808817508414,0.0504190968389,-0.0180934191288,0.574019893258,0.818826804076,0.0021386845986,0.0,0.818784840083,-0.573959251522,-0.0119545030949,0.0,-0.00856131458388,0.00861341095237,-0.999926253803,0.0,0.655506425088,0.252913860363,0.303429355181,1.0,-0.01578,-0.0207394285714,0.79
0.460441804469,0.513030505346,-0.124118732838,-1.41055890617,0.0762958608199,1.91419800051,0.152052336464,-0.0119287570897,-0.0879957651559,-0.000667628739055,-0.135324608534,-0.00861576145978,0.052189854016,-0.0209377414135,0.573982861843,0.818852964052,0.00206021241625,0.0,0.818809903491,-0.573922478296,-0.0120032392368,0.0,-0.00864665228636,0.00857674106708,-0.999925834708,0.0,0.65521436138,0.252570535432,0.303394748788,1.0,-0.01612,-0.0211862857143,0.807
0.460238352763,0.511608752991,-0.1241270197,-1.4128666615,0.0761615498682,1.91503280899,0.151731289461,-0.0112247763236,-0.0774955177646,-0.00200896418145,-0.135999009014,-0.010157565219,0.0536961321994,-0.021372329893,0.573977104469,0.81885710619,0.00201744606535,0.0,0.818813385408,-0.573916802317,-0.0120370592723,0.0,-0.00869895280988,0.00856107309727,-0.99992551535,0.0,0.65492932095,0.252212186856,0.303364864426,1.0,-0.01646,-0.0216331428571,0.824
0.460040855911,0.510139449038,-0.124122352659,-1.41518216789,0.0760236415761,1.91591086872,0.151415059641,-0.00465525337191,-0.0813153287795,0.000725887275304,-0.137542531644,-0.0155612800583,0.0489715794652,-0.00640702878016,0.573960394807,0.818868747751,0.00204598407843,0.0,0.818825332296,-0.573899906737,-0.0120299267929,0.0,-0.00867690807403,0.00858017031934,-0.9999255432,0.0,0.654647180113,0.251867392826,0.303367395259,1.0,-0.0168,-0.02208,0.841
0.459838869823,0.508715600373,-0.124130569986,-1.41740909357,0.0758808717021,1.91672046941,0.151096467788,-0.00914104216724,-0.0850001182957,-0.000692611630906,-0.140330712321,-0.00170372512974,0.0510313557266,-0.0217534177222,0.573943923464,0.818880314776,0.00203707937831,0.0,0.818836803116,-0.573883495175,-0.0120320708836,0.0,-0.00868394695184,0.00857393461095,-0.999925535583,0.0,0.654354460639,0.251499259602,0.303370332332,1.0,-0.01714,-0.0225268571429,0.858
0.459631414921,0.507190466703,-0.124131260998,-1.41980569169,0.075719900504,1.917585636,0.150772072015,-0.011147486977,-0.0916660086067,-0.00044294606448,-0.14876289305,-0.0125670606409,0.0478347578007,-0.0127487112228,0.573933180507,0.818887853511,0.00203336832167,0.0,0.818844361539,-0.573872836623,-0.0120260493563,0.0,-0.00868125803803,0.00856732588868,-0.999925615576,0.0,0.654075161874,0.25114908632,0.303375245942,1.0,-0.01746,-0.0229474285714,0.874
0.45940212131,0.505615602648,-0.124147577038,-1.42224854415,0.0755664967757,1.91850841819,0.150438511845,-0.0153096094682,-0.0943745082297,-0.00213362773724,-0.146310373659,-0.00851628957388,0.0527781043976,-0.0190461499661,0.573944376428,0.818879906657,0.00207319602197,0.0,0.818837032767,-0.573883960302,-0.0119941977358,0.0,-0.00863219977534,0.008581777245,-0.999925916369,0.0,0.653784956283,0.250758298242,0.303393952028,1.0,-0.0178,-0.0233942857143,0.891
0.45918621432,0.503966602245,-0.124143306951,-1.42472696625,0.075414920801,1.91945419146,0.150086490349,-0.0133126757326,-0.101817795311,5.06391134417e-05,-0.144025384276,-0.00447247312888,0.0513235639702,-0.0201356432661,0.573916667252,0.818899066857,0.00217353453768,0.0,0.818857487994,-0.573855825963,-0.0119437123909,0.0,-0.00853356377185,0.00863467688586,-0.999926307607,0.0,0.653483619451,0.250386975506,0.303448209585,1.0,-0.01814,-0.0238411428571,0.908
0.45894759567,0.502287714245,-0.124148761611,-1.42721518039,0.0752543809696,1.92038841649,0.149744271556,-0.014094301596,-0.103254815053,-0.000768502601134,-0.149026405277,-0.00393961945538,0.0505879841272,-0.0203082898512,0.573919897723,0.818896525823,0.00227549863864,0.0,0.818856365386,-0.573858738463,-0.0118805748087,0.0,-0.00842330883224,0.00868197197862,-0.999926832939,0.0,0.65318568741,0.249992261836,0.303517289748,1.0,-0.01848,-0.024288,0.925
0.458733846334,0.500679088764,-0.124150435719,-1.42964182984,0.0751005838711,1.92123209889,0.149401947545,-0.0138525313866,-0.104385882169,-9.57318201901e-05,-0.150034646669,-0.0145780431069,0.0572499176867,-0.0226314746157,0.573897828001,0.818911929927,0.00229802978443,0.0,0.818871997223,-0.573836514894,-0.0118765836472,0.0,-0.0084073445003,0.00869790526009,-0.999926828824,0.0,0.652874112088,0.24961753686,0.30355807348,1.0,-0.0188,-0.0247085714286,0.941
0.458492028555,0.49898464766,-0.124145175398,-1.43224747321,0.0749384330584,1.92218849637,0.14903008814,-0.0107598126755,-0.0968858621564,0.0015464419128,-0.159910392548,-0.00481928619801,0.0545133759069,-0.0172698593694,0.573876403453,0.81892683242,0.00233743528594,0.0,0.818887351329,-0.573814874911,-0.0118634761055,0.0,-0.00837422500215,0.00872243312396,-0.999926893086,0.0,0.652548975963,0.249214770307,0.303582532116,1.0,-0.01914,-0.0251554285714,0.958
0.458226557443,0.497312880732,-0.124151047552,-1.43489503955,0.0747739094412,1.92317333098,0.148642549089,-0.0230696367687,-0.0989672074537,0.000685991996087,-0.161251738473,-0.00451315103953,0.0524582990528,-0.0229443105154,0.573870685259,0.818930826699,0.00234191875904,0.0,0.818891396444,-0.573809132117,-0.0118620246849,0.0,-0.00837052446947,0.00872521334484,-0.999926899814,0.0,0.652226120738,0.248786435925,0.303573487285,1.0,-0.01948,-0.0256022857143,0.975
0.457965891696,0.49563566556,-0.124146898493,-1.43760051881,0.0746028749752,1.92410374112,0.148251118801,-0.0152601674668,-0.0991532149567,-0.00188707332194,-0.1632570784,-0.00709751997173,0.0582306697564,-0.0239802178182,0.57385078519,0.818945004616,0.00225890495982,0.0,0.818904336892,-0.573789401301,-0.0119229558055,0.0,-0.00846827241316,0.00869199196677,-0.999926366108,0.0,0.651874123797,0.248355863527,0.303535050672,1.0,-0.01982,-0.0260491428571,0.992
0.457700003593,0.49405474913,-0.124159778637,-1.4401931338,0.0744426990623,1.92501657828,0.147884572095,-0.0170368452277,-0.100127651669,-0.00331697938854,-0.166437517753,-0.00940529690265,0.0526548562479,-0.0243195522538,0.573864798276,0.818935421431,0.00217157248723,0.0,0.818893533477,-0.573803684928,-0.0119774326908,0.0,-0.00856285245452,0.00865188023777,-0.999925908518,0.0,0.651546740328,0.247924670769,0.303481724667,1.0,-0.025756,-0.0338507428571,1.008
0.457376175717,0.491358377107,-0.124255016979,-1.44418909238,0.0742145082207,1.92652352171,0.147303779389,-0.0228725498248,-0.176150138347,-0.00534772781743,-0.269553456034,-0.0144541716411,0.114332927425,-0.0421791924095,0.573862048915,0.818936888035,0.00233861747796,0.0,0.818897443481,-0.573800539609,-0.0118602152823,0.0,-0.0083710289922,0.00872138323012,-0.999926929004,0.0,0.651061364933,0.247285030141,0.303589569678,1.0,-0.0397834285714,-0.0522867918367,1.025
0.456883500214,0.487653270878,-0.124275002046,-1.45009400842,0.0739105412564,1.92878363196,0.146406849895,-0.0350329540718,-0.242158915546,0.00152239610896,-0.396328489769,-0.0212735031582,0.148596010474,-0.0497750782824,0.573759335841,0.819008634753,0.00241404972229,0.0,0.818969698531,-0.573697049694,-0.0118774980812,0.0,-0.00834300091287,0.0087920282576,-0.99992654459,0.0,0.650313075453,0.2464056117,0.30355160439,1.0,-0.0538108571429,-0.0707228408163,1.042
0.456149704824,0.482719412025,-0.124410826187,-1.45790266436,0.0734514791628,1.93166223892,0.145210935933,-0.0511060182461,-0.311286673061,-0.0105423501296,-0.492475677214,-0.0332675279233,0.172073929297,-0.0689504882912,0.573741027434,0.819021501534,0.00240007607922,0.0,0.818982557195,-0.573678980842,-0.0118635935453,0.0,-0.00833982556751,0.00877241969085,-0.999926743298,0.0,0.649340831,0.245110029291,0.303513896706,1.0,-0.0678382857143,-0.0891588897959,1.059
0.455194596405,0.476559554926,-0.124577306703,-1.4676764798,0.0728673521564,1.93503350143,0.143754545355,-0.0602410020116,-0.391461281361,-0.0122147660955,-0.603535369869,-0.0433659786306,0.216961682967,-0.0855605252737,0.573768881548,0.819002603774,0.00218001824148,0.0,0.818960668144,-0.573707585896,-0.0119906972247,0.0,-0.00856988424239,0.00866540496709,-0.999925731162,0.0,0.648070540979,0.243451476096,0.303427676885,1.0,-0.0818657142857,-0.107594938776,1.076
0.454022032388,0.469225489989,-0.124720566105,-1.47903115013,0.0722162248652,1.93909419119,0.142084650131,-0.0751478220391,-0.460305783612,-0.0070584787236,-0.682128792306,-0.0368753545099,0.259186450775,-0.103838264804,0.573835365531,0.818955903796,0.00222436646506,0.0,0.818914174047,-0.573773499415,-0.0120122360146,0.0,-0.00856137390429,0.00871477885729,-0.999925374969,0.0,0.646609943194,0.241531970677,0.303449721732,1.0,-0.0958931428571,-0.126030987755,1.093
0.4526474397,0.460786495421,-0.124825420922,-1.49197800482,0.0714015733283,1.94386476938,0.139998041314,-0.087622688035,-0.502544034605,-0.00170930702355,-0.789013649373,-0.0481049890921,0.281154130656,-0.1263422349,0.57371815097,0.819037432564,0.00243191422867,0.0,0.818998547339,-0.573655608929,-0.0118898571356,0.0,-0.00834331745892,0.0088133307556,-0.999926354416,0.0,0.644946767937,0.23935601419,0.303522138089,1.0,-0.109920571429,-0.144467036735,1.11
0.451093725428,0.451855806598,-0.124970845583,-1.5057995463,0.0705063142945,1.94860126445,0.137825951074,-0.100418181216,-0.588602002471,-0.00979229307318,-0.888035794925,-0.064502641048,0.307960720084,-0.141681766824,0.573710530629,0.819043202982,0.00228157736713,0.0,0.819002180597,-0.573648404816,-0.0119867731682,0.0,-0.0085090256971,0.00874572321602,-0.999925551632,0.0,0.643093962276,0.236934909402,0.303497302573,1.0,-0.123122857143,-0.161818612245,1.126
0.449228651896,0.441240248952,-0.125120275537,-1.52190988258,0.0694150295802,1.95436156835,0.135335599195,-0.114650228746,-0.643166103303,-0.0131763649074,-0.98650264413,-0.0624910543433,0.343110062257,-0.15993036576,0.573734151424,0.819026143185,0.00245909945822,0.0,0.818987939395,-0.573671849619,-0.0118368484863,0.0,-0.00828413172385,0.0088053465501,-0.999926916846,0.0,0.640955558674,0.234107964737,0.303604449473,1.0,-0.137150285714,-0.180254661224,1.143
0.447227051077,0.43026260419,-0.125254912779,-1.5384443066,0.0683273529705,1.96010328784,0.13263684161,-0.127358467737,-0.699914859478,-0.00614947269387,-1.05874208653,-0.0714708591204,0.365523895579,-0.176636448146,0.573688001411,0.819058000383,0.00261073669541,0.0,0.819021496324,-0.573624843046,-0.0117930021928,0.0,-0.00816172650594,0.00890392476156,-0.999927050511,0.0,0.638544204282,0.230978956217,0.303733154036,1.0,-0.151177714286,-0.198690710204,1.16
0.444665005274,0.417010847011,-0.125414318318,-1.55841443825,0.0669256138245,1.96703499548,0.129324175101,-0.147981175766,-0.75838334036,-0.00894723969276,-1.1196033927,-0.0790626136958,0.392108299971,-0.190118618367,0.573649933605,0.819084258354,0.00273464673354,0.0,0.819049777038,-0.57358679177,-0.0116791241751,0.0,-0.00799778349875,0.00893971272215,-0.99992805591,0.0,0.635935661469,0.227522530727,0.303830353144,1.0,-0.165205142857,-0.217126759184,1.177
0.442092432729,0.404303189855,-0.125562703498,-1.57749006475,0.0655798996298,1.97367328228,0.126138869575,-0.170701056706,-0.804242438629,-0.0103778417505,-1.22420513037,-0.0829064791114,0.408729337971,-0.206594257081,0.573662765528,0.819074737902,0.00288999637854,0.0,0.81904235475,-0.573599189853,-0.0115904023506,0.0,-0.0078358570506,0.00901618529462,-0.999928651328,0.0,0.633083688069,0.22375413735,0.303902475433,1.0,-0.179232571429,-0.235562808163,1.194
0.439052024501,0.389909371365,-0.125744352955,-1.5988551481,0.0641005757793,1.98101373855,0.122452350662,-0.185464123426,-0.841118668271,-0.0126346828864,-1.28080434777,-0.104238015571,0.440695262011,-0.222033787242,0.57370250727,0.819045709064,0.00321037645423,0.0,0.81901756519,-0.573638038341,-0.0114182213449,0.0,-0.00751059574842,0.00918019366823,-0.999929655024,0.0,0.630217300217,0.219925773574,0.304079835838,1.0,-0.192434857143,-0.252914383673,1.21
0.435710043962,0.374675999036,-0.12590599511,-1.6215353181,0.0623777244406,1.98855462167,0.118371438948,-0.199865312556,-0.922424650831,-0.0104902192367,-1.3638739415,-0.0918934834488,0.460340344688,-0.244508278432,0.573584058479,0.819128646108,0.00321494708812,0.0,0.819100884703,-0.573519987549,-0.0113715197328,0.0,-0.00747104498977,0.00915606472621,-0.999930172545,0.0,0.626864269905,0.21555415253,0.304135493763,1.0,-0.206462285714,-0.271350432653,1.227
0.432629228387,0.361527822603,-0.126066903956,-1.64103580678,0.0608970106308,1.99501529367,0.114898689088,-0.225269444515,-0.964412443941,-0.0193224091569,-1.41454176637,-0.112274303957,0.482567565623,-0.256419158777,0.573665367675,0.819071569003,0.00324925881239,0.0,0.819044437533,-0.5736014192,-0.0113299663808,0.0,-0.00741641666317,0.00916107306505,-0.999930533339,0.0,0.623951159127,0.211675422787,0.304168346277,1.0,-0.218014285714,-0.286533061224,1.241
0.427759796752,0.341761894053,-0.126330857213,-1.67017752423,0.0586776220292,2.00446824219,0.109409680788,-0.251771680729,-1.02740178579,-0.0130801335482,-1.48160938207,-0.113684062609,0.493458646696,-0.281324167336,0.573716808429,0.819035513339,0.00325553635853,0.0,0.819008295815,-0.573652629257,-0.0113498561492,0.0,-0.007428531288,0.00917809123769,-0.999930287352,0.0,0.619488399103,0.205733546686,0.304194658545,1.0,-0.234517142857,-0.308222530612,1.261
0.423543051972,0.325271000127,-0.126488603175,-1.69438291028,0.0567834982319,2.01225307681,0.104711611721,-0.270426033863,-1.05524038042,-0.0139019969274,-1.53413189013,-0.131972759316,0.510153503608,-0.316241674423,0.573668886827,0.819069019935,0.00327043886671,0.0,0.819041728488,-0.573604342373,-0.0113777109758,0.0,-0.00744333594995,0.00920584193344,-0.999929922157,0.0,0.615674228301,0.200762663852,0.304180069033,1.0,-0.247719428571,-0.325574106122,1.277
0.418710653749,0.30692229356,-0.126672683106,-1.72095316902,0.0546168773007,2.0206162956,0.0993853753521,-0.288590157463,-1.11104358547,-0.0176235015062,-1.59008172706,-0.129077861285,0.519005242988,-0.330532516003,0.573564250972,0.819142080522,0.00332397752624,0.0,0.819115426697,-0.573499501799,-0.0113572040806,0.0,-0.00739700673946,0.00923698536193,-0.999929978745,0.0,0.611376764229,0.195205614672,0.304224574939,1.0,-0.261746857143,-0.344010155102,1.294
0.413364698257,0.287808972306,-0.126878483294,-1.74839430564,0.0523076103953,2.02902038174,0.0936914916596,-0.318494655037,-1.15825736994,-0.0150951001174,-1.63182471621,-0.135473631214,0.523572275602,-0.338468261114,0.573510935006,0.819179440934,0.00331630543771,0.0,0.819152591005,-0.573446093453,-0.0113735418634,0.0,-0.00741539203645,0.009239588711,-0.999929818518,0.0,0.606829834929,0.189280887402,0.30426072278,1.0,-0.275774285714,-0.362446204082,1.311
0.407529391297,0.268037027361,-0.127109013485,-1.77650439369,0.0499320551206,2.03755901298,0.0876046108627,-0.354692902492,-1.19962325328,-0.0169562985392,-1.65092138238,-0.15576529318,0.527657747155,-0.372140740903,0.573486436852,0.819196109189,0.0034334149076,0.0,0.819170499577,-0.573420928078,-0.0113524784053,0.0,-0.00733125532586,0.00932322409617,-0.99992966262,0.0,0.602084500701,0.183051772205,0.3043117365,1.0,-0.289801714286,-0.380882253061,1.328
0.401118553034,0.247637054662,-0.127429744855,-1.80525364139,0.0473267272904,2.04605056034,0.0811975894162,-0.386048034154,-1.2127953635,-0.0181349341833,-1.69607025488,-0.157633931442,0.499792587922,-0.383365416272,0.573604220397,0.81911364253,0.00343305480442,0.0,0.81908853108,-0.573539337598,-0.0112850955974,0.0,-0.00727492384749,0.00928533305058,-0.999930426616,0.0,0.59712953129,0.176412450278,0.304345558024,1.0,-0.303829142857,-0.399318302041,1.345
0.39470174195,0.227817416927,-0.127663066371,-1.83283554707,0.0448600595939,2.05404345679,0.0747256235735,-0.413320249642,-1.26108955103,-0.00699341260491,-1.7180694346,-0.149135645371,0.473434785252,-0.412865660917,0.573525622669,0.819167940535,0.00360447546284,0.0,0.819144525446,-0.573459633428,-0.0112712980995,0.0,-0.00716620284529,0.00941714591253,-0.999929978998,0.0,0.59190851241,0.169623809433,0.304419277536,1.0,-0.317856571429,-0.41775435102,1.362
0.387819613418,0.207415649868,-0.127879300556,-1.86100071442,0.0422011101282,2.06189744929,0.0678611269119,-0.44217295591,-1.28776681134,-0.0158760124535,-1.7917964166,-0.173032322258,0.484378751156,-0.437213484545,0.573403505037,0.819253652569,0.00355247309032,0.0,0.819229519381,-0.573337606906,-0.011301768995,0.0,-0.00722238816279,0.00939094558205,-0.999929821163,0.0,0.586726817056,0.162931232216,0.304417824463,1.0,-0.331058857143,-0.435105926531,1.378
0.379358417425,0.183780836758,-0.128248978028,-1.89336229411,0.0390780800379,2.07054622501,0.0595891538674,-0.486697871691,-1.33287112737,-0.0257014321823,-1.81229964603,-0.170327570292,0.4657506999,-0.484749306297,0.573377273862,0.819272464112,0.00344648623545,0.0,0.819246472052,-0.573311042258,-0.01141988424,0.0,-0.00738023017769,0.00937160421515,-0.999928850087,0.0,0.580982840779,0.155421329283,0.304399805605,1.0,-0.345086285714,-0.45354197551,1.395
