position_joint1,position_joint2,position_joint3,position_joint4,position_joint5,position_joint6,position_joint7,velocity_joint1,velocity_joint2,velocity_joint3,velocity_joint4,velocity_joint5,velocity_joint6,velocity_joint7,ee_T_00,ee_T_10,ee_T_20,ee_T_30,ee_T_01,ee_T_11,ee_T_21,ee_T_31,ee_T_02,ee_T_12,ee_T_22,ee_T_32,ee_T_03,ee_T_13,ee_T_23,ee_T_33,v_x,v_y,time
0.46506667225,0.547831431565,-0.123992805906,-1.35585021668,0.0794612296952,1.89409424505,0.159160456881,-0.00190199347537,0.00141376537733,-0.00113798521835,-0.00073098997905,0.000275455719862,-0.000259214603144,0.00114934268364,0.573806232201,0.818977229092,0.00185822944611,0.0,0.818933235069,-0.573748380057,-0.0119121695549,0.0,-0.00868980678578,0.00835720388352,-0.999927319559,0.0,0.661675522195,0.260873922266,0.303170114756,1.0,0.0,0.0,0.0
0.465072668389,0.547826420257,-0.123995311777,-1.3558402824,0.0794595523984,1.89409775134,0.159161949048,0.000203236415525,-0.00165500797076,-0.00113562156915,0.00158791076762,-0.00570028462085,-0.000211953913378,0.00113376692542,0.573803324749,0.818979234573,0.00187209672835,0.0,0.818935464529,-0.573745456634,-0.011899698716,0.0,-0.00867166611022,0.00836137407296,-0.999927442183,0.0,0.661677740254,0.260877655091,0.303178777139,1.0,-6e-05,-7.88571428571e-05,0.004
0.465066954241,0.54782610999,-0.123994143407,-1.35584040241,0.0794605176184,1.89409459972,0.159159819352,-0.001199252759,0.000127848659505,-0.00152829913533,0.00271912353423,-6.7906595689e-05,-1.78802209465e-05,0.000472787929439,0.573805683752,0.818977585275,0.00187056456167,0.0,0.818933776208,-0.573747803371,-0.0119027397598,0.0,-0.00867501177915,0.00836188921879,-0.999927408855,0.0,0.661678260188,0.26087448195,0.303178629203,1.0,-0.00038,-0.000499428571429,0.02
0.465072003393,0.547814437688,-0.123991336848,-1.35585749028,0.0794588426614,1.89409709987,0.159162172457,0.000437861202615,-0.000975405957179,-0.000438180203885,-0.00266157998239,-0.000183415570213,-0.000208098576766,0.00160984668261,0.573802000223,0.818980170707,0.00186853670336,0.0,0.818936321568,-0.573744115609,-0.0119053736369,0.0,-0.00867837008062,0.00836170076944,-0.99992738129,0.0,0.661673281944,0.26087746977,0.303178886348,1.0,-0.00072,-0.000946285714286,0.037
0.465066927886,0.547770571402,-0.123988903985,-1.35590031216,0.0794605176184,1.89410186894,0.159157361385,-0.00256959071863,-0.000377358140083,0.000961376868188,-0.00429884949176,-0.000419541062548,0.000300875776287,-0.000993615488578,0.57380325488,0.818979271527,0.00187733806845,0.0,0.81893547072,-0.573745269347,-0.0119082996146,0.0,-0.00867570374195,0.00837060097375,-0.999927329961,0.0,0.661666249083,0.260871609635,0.303189917456,1.0,-0.00108,-0.00141942857143,0.055
0.465068452352,0.547653812553,-0.123989242349,-1.35604489756,0.0794564394831,1.89413256241,0.159154359642,-0.000722656817212,-0.00764143647969,0.000597208921206,-0.0162886849655,-6.86806853402e-05,-0.00157165064934,-0.000934942829441,0.573806603133,0.81897691116,0.00188363725801,0.0,0.818933121421,-0.573748522303,-0.011913131283,0.0,-0.00867601240721,0.00837856764692,-0.999927260561,0.0,0.661642219408,0.260858218165,0.303206483397,1.0,-0.00138,-0.00181371428571,0.07
0.465058762158,0.547513333324,-0.123988670839,-1.35625524568,0.0794546869858,1.89418900471,0.159155598119,-0.00349016876403,-0.0118406287378,0.00154897238942,-0.0155480078973,0.000154291844009,0.0107923494659,0.00211866598023,0.573826311934,0.818963112737,0.00187899150962,0.0,0.818919131024,-0.573768121343,-0.011930912601,0.0,-0.00869303926095,0.0083851751107,-0.999927057293,0.0,0.661611451357,0.260832560184,0.303210760164,1.0,-0.00174,-0.00228685714286,0.088
0.465040313073,0.547332500588,-0.123991713994,-1.35646903001,0.0794504650749,1.89430770029,0.159138617244,-0.000305063840087,-0.0115896777365,-0.000392387319498,-0.013125376662,0.000338265002322,0.011690556742,-0.00110802462457,0.573840697898,0.818952853724,0.00195543172402,0.0,0.818909857474,-0.57378217703,-0.0118914067915,0.0,-0.00861667555279,0.00842525769899,-0.999927381331,0.0,0.661596638324,0.260802985371,0.303247500939,1.0,-0.00208,-0.00273371428571,0.105
0.465022890181,0.547155383585,-0.123985909448,-1.35667307162,0.0794493006532,1.89442647095,0.159126056188,-0.0039645578694,-0.0130215947693,0.000579383183031,-0.0133468329427,0.000199273963099,0.00218448210681,0.000638163961612,0.573851957512,0.818944756444,0.0020405030213,0.0,0.818902796076,-0.573793017935,-0.0118545370524,0.0,-0.00853754894673,0.00847388607105,-0.999927649139,0.0,0.661581497113,0.260780818664,0.303285960417,1.0,-0.00238,-0.003128,0.12
0.464993150031,0.546929479858,-0.123991718774,-1.35700120249,0.0794414908313,1.89456713911,0.159113315146,-0.00179418706581,-0.012154831074,-0.000743420948257,-0.0191665412436,-0.000237735859858,0.0130944589753,0.0013860628994,0.573886341419,0.818920568658,0.00207756182927,0.0,0.818879038622,-0.573827197209,-0.0118412309164,0.0,-0.00850502982229,0.00849695611464,-0.999927730491,0.0,0.661549780717,0.260730090617,0.303302179022,1.0,-0.00274,-0.00360114285714,0.138
0.464960504984,0.546679423721,-0.123986737775,-1.35738746581,0.0794322556417,1.89470054371,0.159063706621,0.000563350773959,-0.0168515458006,0.00156384753422,-0.0207490407857,-0.000975200464438,0.00932236031669,-0.00605905229257,0.573888066131,0.8189193425,0.00208445023087,0.0,0.818877734664,-0.573828726792,-0.0118572711838,0.0,-0.00851419522431,0.00851182019126,-0.999927526072,0.0,0.661502248951,0.260676372122,0.303306830915,1.0,-0.00308,-0.004048,0.155
0.464919681177,0.546414183547,-0.123990723114,-1.35780089188,0.079419956505,1.89485073152,0.15893726285,0.000375403919416,-0.015334287177,0.0063002503647,-0.028265208019,0.000348013720932,0.00837359335008,0.00050463228006,0.573840585951,0.81895259227,0.00209294780894,0.0,0.818910987794,-0.573781111076,-0.0118649713252,0.0,-0.0085161190664,0.0085227041436,-0.999927416981,0.0,0.661456567237,0.260609673173,0.303311041567,1.0,-0.0034,-0.00446857142857,0.171
0.464866815893,0.546117005232,-0.123989244732,-1.35830007626,0.0793989053938,1.89502325611,0.158915977481,-0.00333662802366,-0.0213307720785,-0.000679924105101,-0.0285426799501,0.000164661087811,0.0154504233205,-0.00206979311348,0.573891293334,0.818917098408,0.00207756386968,0.0,0.818875182281,-0.573831763004,-0.0118865686167,0.0,-0.00854210660557,0.00852302782394,-0.999927192555,0.0,0.661394468282,0.260524794378,0.303305376645,1.0,-0.00376,-0.00494171428571,0.189
0.464813191162,0.54580809331,-0.123989349026,-1.35883289828,0.0793465078041,1.89519815807,0.158866056507,-0.00156064471792,-0.0163542096145,-7.10055402248e-05,-0.0369156456393,-0.00481318608209,0.0200402076952,0.00124761349839,0.573906572656,0.818906537237,0.00201891915474,0.0,0.818864010672,-0.573847431709,-0.0118997498901,0.0,-0.00858639671944,0.00848272822996,-0.999927155903,0.0,0.661336420233,0.260437169152,0.303278992609,1.0,-0.00406,-0.005336,0.204
0.464749631192,0.545458950656,-0.123994591361,-1.3594400843,0.0792679983179,1.8953918142,0.158747121561,-0.00318074977412,-0.0270231939526,-0.00037161932423,-0.0423250043204,-0.000724373876091,0.0142710918572,-0.00317891530646,0.57387779364,0.818926896056,0.0019400474953,0.0,0.818883698396,-0.573819330755,-0.0119000442894,0.0,-0.00863219577396,0.00841800650173,-0.999927308539,0.0,0.661266895175,0.260325033824,0.303254025118,1.0,-0.00438,-0.00575657142857,0.22
0.464682623685,0.545025432223,-0.123992782697,-1.36017267561,0.079255689576,1.89562637027,0.158705505007,-0.00244159816931,-0.0247152544802,-0.000625856708041,-0.0437507367623,-0.000804772187282,0.0159359666291,0.000966595693512,0.573934745362,0.818887070781,0.00190270201373,0.0,0.818843031738,-0.573876087301,-0.011961300083,0.0,-0.00870320636446,0.00842318217511,-0.99992664941,0.0,0.661174426435,0.260214427335,0.303232509933,1.0,-0.00474,-0.00622971428571,0.238
0.464621453925,0.544603554319,-0.123998220463,-1.36088336871,0.0792333806537,1.89588289153,0.158583403857,-0.00257537573275,-0.0266290952776,-0.00010637548274,-0.0468095884633,0.000133156046025,0.0178744575219,-0.00889187172889,0.573922378767,0.818895779913,0.00188459366322,0.0,0.818851322125,-0.573863623014,-0.0119917194704,0.0,-0.00873863696654,0.0084256803972,-0.999926319352,0.0,0.661091683175,0.260105810128,0.303215266893,1.0,-0.00508,-0.00667657142857,0.255
0.464551833945,0.544148901997,-0.123996333761,-1.36162915888,0.0792001235106,1.89615241046,0.158507179744,-0.00460166690894,-0.0279156716915,0.00126025254434,-0.0424744040378,-0.000376317986249,0.0113940505672,-0.0062549261003,0.573948363714,0.818877596232,0.00187218585713,0.0,0.81883284259,-0.573889529123,-0.0120137904093,0.0,-0.00876356467776,0.00842846488871,-0.999926077725,0.0,0.661005362806,0.259991230056,0.303205338006,1.0,-0.0054,-0.00709714285714,0.271
0.464478124818,0.543624993811,-0.124001999306,-1.36246347642,0.0791551081546,1.89643811469,0.158395280029,-0.00605478642086,-0.0375038032339,3.40694974605e-05,-0.0488911679408,-0.00141108597945,0.0067701893077,-0.0140077592105,0.573955392221,0.818872713426,0.00185306460838,0.0,0.8188276488,-0.573896580681,-0.0120309245067,0.0,-0.00878849755906,0.00842271669375,-0.999925907332,0.0,0.660907065189,0.259859176046,0.303203859282,1.0,-0.00574,-0.007544,0.288
0.464400959238,0.543051886206,-0.124010876276,-1.36337141829,0.0790950182536,1.8967656655,0.158280216009,-0.00432859738562,-0.0341124427874,-0.00157474609698,-0.048637029444,-0.00189382522689,0.017840061771,-0.00532388177898,0.573965035944,0.818865980111,0.00184147526,0.0,0.818820838279,-0.573906344574,-0.012028688999,0.0,-0.00879321916822,0.00841204718769,-0.999925955638,0.0,0.66080380296,0.259715292485,0.30320579224,1.0,-0.0061,-0.00801714285714,0.306
0.4643309937,0.542529735243,-0.124006202184,-1.36418159944,0.0790533382881,1.89705192897,0.158178716486,-0.00495735701656,-0.0362806153144,0.000754076668817,-0.0580244102858,-0.000313729376536,0.0147991846288,-0.00852172143507,0.573969766423,0.818862655537,0.00184539950845,0.0,0.818817447261,-0.573910944767,-0.0120400348282,0.0,-0.00880020934809,0.00842182343894,-0.999925811851,0.0,0.66070735518,0.259595140418,0.303214141566,1.0,-0.0064,-0.00841142857143,0.321
0.464254083525,0.541924699549,-0.124010216593,-1.36511924229,0.0790004858376,1.89740925178,0.158042460353,-0.00910660310557,-0.0348751610286,-5.43204421974e-05,-0.0603331606444,-0.000753617691616,0.0192101995913,-0.00724911222793,0.573964543801,0.818866266465,0.00186735245929,0.0,0.818821347664,-0.573905630013,-0.0120281067058,0.0,-0.00877789574295,0.0084328971949,-0.999925914651,0.0,0.660595488685,0.259443964843,0.303228242039,1.0,-0.00676,-0.00888457142857,0.339
0.464167339339,0.541237379997,-0.124013058734,-1.36618827598,0.0789349556887,1.89780360732,0.157913593881,-0.00862244585383,-0.0420234986618,-0.000282660266848,-0.0658081340724,-0.00257615051354,0.0241261032488,-0.00585388359396,0.573971329349,0.818861490142,0.00187615276449,0.0,0.81881668567,-0.573912376059,-0.0120235924266,0.0,-0.00876907835235,0.00843758496675,-0.999925952471,0.0,0.660479036986,0.259293685745,0.30323819064,1.0,-0.0071,-0.00933142857143,0.356
0.464086863612,0.540615481206,-0.124011608721,-1.36712569091,0.0788803081613,1.89814643858,0.157797692483,-0.00460202602772,-0.0456902406201,0.000382992865816,-0.0648193449672,-0.00152011645139,0.0191535656612,-0.00893457601518,0.573978589944,0.818856343089,0.00190120227964,0.0,0.818811827563,-0.57391949099,-0.0120148160885,0.0,-0.00874743973586,0.00845313685918,-0.99992601065,0.0,0.660370901712,0.259152696378,0.303261266514,1.0,-0.0074,-0.00972571428571,0.371
0.463987089352,0.539841401487,-0.124017289871,-1.36829760539,0.07881327491,1.89858812091,0.157642973585,-0.00723305304821,-0.0423475442228,-0.000491209966635,-0.0670161787592,-0.010602514614,0.0256920869778,-0.0114706563729,0.573984554653,0.818852073133,0.00193913569745,0.0,0.818808048783,-0.573925288814,-0.0119953745264,0.0,-0.00870968597216,0.00847310275566,-0.999926171225,0.0,0.660239450879,0.258973702587,0.303288982922,1.0,-0.00776,-0.0101988571429,0.389
0.463876270948,0.539092289447,-0.124012544379,-1.36947425116,0.0787438378311,1.89903501995,0.157510147049,-0.00525982510358,-0.0444473468048,-0.000272984611537,-0.0664687838972,-0.00497770012253,0.0261102834652,-0.00645361045702,0.574009760733,0.818834362962,0.00195640424367,0.0,0.818790530504,-0.573950385784,-0.0119903592994,0.0,-0.00869540666174,0.00848463189657,-0.999926197739,0.0,0.660107646098,0.258792549069,0.30329678948,1.0,-0.0081,-0.0106457142857,0.406
0.463779110448,0.538358924246,-0.124025659979,-1.37059968514,0.0786817758829,1.89946722325,0.157368238436,-0.00431700835405,-0.0526430644434,-0.000319351825516,-0.070334685719,-0.000133419936622,0.0185715503867,-0.00845098692784,0.574027948276,0.818821532362,0.00198988436516,0.0,0.818778161151,-0.573968453685,-0.0119701252437,0.0,-0.00865943216344,0.00850062395902,-0.999926374103,0.0,0.659984259029,0.258616130851,0.303317039736,1.0,-0.00842,-0.0110662857143,0.422
0.463663912213,0.537569981963,-0.124026906912,-1.37185394805,0.0786104296719,1.89994556638,0.157220824743,-0.00853867038268,-0.0467078223476,0.000709777114418,-0.0708733476589,-0.00463285669271,0.0289924108183,-0.00534065093032,0.574052620869,0.818804207016,0.00200148623859,0.0,0.818760959425,-0.573993047311,-0.0119674500958,0.0,-0.00865032584607,0.00850884870732,-0.999926382968,0.0,0.65984391478,0.25842176958,0.303318710435,1.0,-0.00876,-0.0115131428571,0.439
0.463548148646,0.536687324185,-0.124041503591,-1.37322408113,0.078536015104,1.90045854759,0.157041480886,-0.00668181507305,-0.0489411968281,4.51520974267e-05,-0.0785304046051,-0.00628466333673,0.0346437272475,-0.00627379156459,0.574066356357,0.818794522425,0.00202372094791,0.0,0.818751555545,-0.574006679052,-0.0119569895125,0.0,-0.00862885430909,0.00852119413594,-0.999926463358,0.0,0.659689161959,0.258208635141,0.303334685043,1.0,-0.00912,-0.0119862857143,0.457
0.463437446361,0.535935297593,-0.124042506605,-1.37443062471,0.0784592784532,1.90090299865,0.156891870432,-0.0110212335012,-0.0511198828328,0.0018065733653,-0.0871451396052,-0.00307240339497,0.0360233125355,-0.0100312263794,0.574080968216,0.818784307013,0.00201182066426,0.0,0.818741206249,-0.574021359755,-0.0119608794116,0.0,-0.00863871864914,0.00851383762852,-0.999926440849,0.0,0.659550660436,0.258019427779,0.303329760731,1.0,-0.00942,-0.0123805714286,0.472
0.463320678919,0.53498276558,-0.124046395415,-1.37592528199,0.0783744692409,1.90144943754,0.156705988206,-0.0090859570228,-0.0538335048599,0.000421816407111,-0.0854535345965,-0.00328943967722,0.0276700483011,-0.0197718578575,0.574086365765,0.818780509363,0.00201718402415,0.0,0.81873741993,-0.574026676432,-0.0119649008174,0.0,-0.00863887646972,0.00852059451828,-0.999926381931,0.0,0.659373241671,0.25779860782,0.303337987406,1.0,-0.00978,-0.0128537142857,0.49
0.463192359253,0.534093503887,-0.12404832698,-1.37740128438,0.0782975928951,1.90197437911,0.156534182693,-0.00798176639726,-0.0529099332907,-2.25238065792e-05,-0.0809346777096,-0.00748072341849,0.027216322035,-0.0194002082372,0.574112330546,0.818762419512,0.00196957136331,0.0,0.818718551478,-0.574052684284,-0.012008165234,0.0,-0.00870136422108,0.00850672412244,-0.999925958212,0.0,0.659195896997,0.257572529976,0.303308372869,1.0,-0.01012,-0.0133005714286,0.507
0.463076387192,0.533219304957,-0.124049723698,-1.37879260621,0.0782139810625,1.90249969367,0.156362534485,-0.01102201688,-0.0522846500546,0.00112632211463,-0.0910709987223,-0.00168445195888,0.0299654568742,-0.00762223034643,0.574121474703,0.818755994383,0.00197505623192,0.0,0.81871219598,-0.574061802049,-0.0120056021402,0.0,-0.00869602180416,0.00850984047103,-0.99992597817,0.0,0.659034658877,0.257363715142,0.303308246816,1.0,-0.01044,-0.0137211428571,0.523
0.462945625438,0.532268966165,-0.124047836951,-1.38034197578,0.0781264873431,1.90309018548,0.156160036773,-0.00802941568934,-0.0579923215758,3.33386621223e-05,-0.0913778277143,-0.0051616438225,0.0345338548385,-0.00989349404589,0.574122704312,0.818755145938,0.0019693388381,0.0,0.81871120489,-0.57406298934,-0.0120164120679,0.0,-0.00870814233464,0.00851137863596,-0.999925859597,0.0,0.65885451208,0.257133105851,0.30329196649,1.0,-0.01078,-0.014168,0.54
0.462798950358,0.531218076279,-0.124045093878,-1.38203543176,0.0780230937767,1.90369486399,0.155952330391,-0.00839514612077,-0.059044746319,0.000201847496766,-0.101528641762,-0.0098527643441,0.0325341850398,-0.00762533011821,0.574135176729,0.818746478016,0.00193661532241,0.0,0.818702046092,-0.574075538654,-0.0120408697946,0.0,-0.0087468246557,0.00849876146196,-0.999925629291,0.0,0.658650556085,0.256875169192,0.303278941657,1.0,-0.01114,-0.0146411428571,0.558
0.462690363376,0.530362243013,-0.124052478768,-1.38339629561,0.0779482493695,1.90417804331,0.155782037679,-0.00693065227598,-0.0619623707372,0.00230802504326,-0.0985372725117,-0.0096307639214,0.0327050348862,-0.0173237551668,0.574143658339,0.818740568571,0.00192038172433,0.0,0.818695841991,-0.574084009358,-0.0120588310437,0.0,-0.00877076260957,0.00849587347536,-0.999925444149,0.0,0.658485397888,0.256669743849,0.303276365543,1.0,-0.01142,-0.0150091428571,0.572
0.462528009854,0.529182493876,-0.124055667605,-1.38523982096,0.0778221344077,1.90485845241,0.155528805227,-0.00511623934306,-0.0614286693918,0.000824239865784,-0.0949782814743,-0.00270613879963,0.0384645426037,-0.00573295287486,0.574137562991,0.818744830896,0.00192549882685,0.0,0.81870029116,-0.574078008907,-0.0120424185785,0.0,-0.00875444998021,0.0084905747752,-0.999925632107,0.0,0.658270575961,0.256383445318,0.303288926966,1.0,-0.0118,-0.0155085714286,0.591
0.462384626132,0.528091336669,-0.124055904453,-1.38694937082,0.0777222386298,1.90552132326,0.155285329377,-0.0123969695398,-0.062613885147,0.000130133872931,-0.0992556543529,-0.00595175025675,0.0398111437517,-0.00678005627384,0.574121706519,0.81875585908,0.0019637278042,0.0,0.818711803497,-0.57406197533,-0.0120240673523,0.0,-0.00871764197403,0.00851116906617,-0.999925778605,0.0,0.658073739801,0.256129141224,0.303301002174,1.0,-0.01214,-0.0159554285714,0.608
0.462252817294,0.526992025469,-0.124058143879,-1.38860839162,0.0776138429511,1.90615497296,0.155051715096,-0.00543212950697,-0.0694041903229,-0.000723285935009,-0.103122842204,-0.00554086664913,0.0340275278257,-0.0132448131924,0.574100433463,0.818770634393,0.00202174539439,0.0,0.818727427502,-0.574040548705,-0.0119831047655,0.0,-0.00865101701421,0.00853492836976,-0.999926154725,0.0,0.657880593283,0.255884086449,0.303340075851,1.0,-0.01246,-0.016376,0.624
0.462097990704,0.525837191407,-0.124064725894,-1.39042464728,0.077506089515,1.90682123796,0.154807189585,-0.00625627367476,-0.0701529141249,-0.000316370882103,-0.109679757971,-0.00930803345626,0.0327055728726,-0.00839021079787,0.574100538101,0.818770552336,0.00202526068306,0.0,0.818727365532,-0.574040613128,-0.0119842525426,0.0,-0.00864993772752,0.00853846656896,-0.999926133855,0.0,0.657664851102,0.255605775084,0.30334611434,1.0,-0.0128,-0.0168228571429,0.641
0.461942983048,0.524580212373,-0.124062741713,-1.3924060134,0.077380491742,1.9075257138,0.154541128705,-0.00965224732505,-0.0741771919364,0.00105542594508,-0.114173914674,-0.00453484330458,0.0380441192915,-0.0180850975767,0.574087690397,0.818779619361,0.00200138816865,0.0,0.818736101524,-0.574027848416,-0.0119988417978,0.0,-0.00867572161018,0.00852716029622,-0.999926006958,0.0,0.65743658188,0.255324905723,0.303343131349,1.0,-0.01314,-0.0172697142857,0.658
0.461803082487,0.52352218221,-0.124077602614,-1.39408239928,0.0772709240362,1.90813870654,0.154315606453,-0.00609789958186,-0.0752832743398,-0.00153382609518,-0.11418197379,-0.00588182001457,0.0400266354301,-0.0107290700791,0.574081496394,0.818783981566,0.00199347178052,0.0,0.818740449468,-0.57402177613,-0.0119926575285,0.0,-0.0086752666944,0.00851706274115,-0.999926096964,0.0,0.657220070399,0.255052036511,0.303347689702,1.0,-0.01346,-0.0176902857143,0.674
0.461648326647,0.522309710787,-0.124074837957,-1.39602290983,0.0771580436972,1.90889539384,0.154063914075,-0.00700604821603,-0.0715249478571,-0.000260572544859,-0.114442416633,-0.00706137799775,0.0478242619855,-0.00748226181471,0.574073970973,0.818789197171,0.00201825376824,0.0,0.818745950856,-0.574014110237,-0.0119839937676,0.0,-0.00865402511164,0.00853230026403,-0.999926151124,0.0,0.656991029069,0.254770602061,0.303341756433,1.0,-0.0138,-0.0181371428571,0.691
0.46148637166,0.521052043004,-0.124078034135,-1.39803828069,0.0770255074183,1.90965878503,0.153774157887,-0.00422066713476,-0.0707749598239,0.000742952189625,-0.118799867264,-0.00789465152332,0.049781828058,-0.022398332097,0.57404357372,0.818810516803,0.00201493034987,0.0,0.818767319913,-0.573983822188,-0.0119747488539,0.0,-0.00864867938783,0.0085239508613,-0.999926268585,0.0,0.656750454239,0.254470028806,0.303332354103,1.0,-0.01414,-0.018584,0.708
0.46132292575,0.519826762664,-0.124087264318,-1.39995972587,0.0769161786562,1.9103593819,0.153511381649,-0.00726585808228,-0.0768249583541,-0.00252091013049,-0.120660165933,-0.0119803153337,0.050069725659,-0.0209505453001,0.574041625646,0.818811868386,0.0020206724242,0.0,0.818768675803,-0.573981780659,-0.0119798954711,0.0,-0.00864961796954,0.00853158621576,-0.999926195349,0.0,0.656518467693,0.254175217482,0.303339311685,1.0,-0.01446,-0.0190045714286,0.724
0.461141081896,0.518397379772,-0.124082007389,-1.40216103974,0.0767633771215,1.91113494103,0.153228101052,-0.0117407572981,-0.072644020502,-0.000670136505119,-0.123451724054,-0.00446337207419,0.0374733194315,-0.0178326329061,0.574030056166,0.818819990046,0.00201628886069,0.0,0.818776795962,-0.573970285922,-0.0119756492273,0.0,-0.00864877760299,0.00852543727275,-0.999926255063,0.0,0.656243693955,0.25384441983,0.303361915759,1.0,-0.01482,-0.0194777142857,0.742
0.460946201676,0.516953470773,-0.124087886228,-1.40442712171,0.0766158047992,1.91195332171,0.152907207701,-0.00855926462942,-0.0800678507865,0.000214198343203,-0.130002197073,-0.00719186120082,0.0430452018739,-0.0191363256294,0.574011001346,0.818833371204,0.00200684783851,0.0,0.818790099141,-0.573951317591,-0.0119752029087,0.0,-0.00865402942431,0.00851724933701,-0.999926279402,0.0,0.655967210364,0.253494860998,0.30336753873,1.0,-0.01518,-0.0199508571429,0.76
0.460777258413,0.515761351809,-0.12409081897,-1.40635078352,0.0764976872123,1.91269231548,0.15264734933,-0.0113933605207,-0.0817579328456,0.000215508266607,-0.135136749989,-0.00493576188811,0.052325745686,-0.00811653990417,0.574008578794,0.818835063251,0.00200936884914,0.0,0.81879184708,-0.573948907415,-0.011971204341,0.0,-0.00864933333469,0.00851699280021,-0.999926322219,0.0,0.655739801416,0.253200732921,0.303352212726,1.0,-0.01548,-0.0203451428571,0.775
0.460591969455,0.514367628258,-0.124100939756,-1.4085657322,0.0763642351697,1.91349497815,0.152351820944,-0.0119841911239,-0.0814910959646,0.000430549169048,-0.133967383095,-0.00190818497709,0.0508848941698,-0.0184215155608,0.574006051812,0.818836877744,0.00199174067636,0.0,0.818793398703,-0.573946422516,-0.0119842072188,0.0,-0.00867012531231,0.00850999543129,-0.999926201729,0.0,0.655467125408,0.252861711357,0.303344957213,1.0,-0.01582,-0.020792,0.792
0.460395868498,0.512957066958,-0.124109466989,-1.41083558851,0.0762267687148,1.91428362532,0.152018445529,-0.00953701843873,-0.0874161758185,-0.000117344134716,-0.130554874799,-0.00643641587001,0.0457129516357,-0.0270316004674,0.573981486329,0.818854242475,0.00193127775761,0.0,0.81880988011,-0.573922025689,-0.0120264527064,0.0,-0.00873967724361,0.00848447386125,-0.999925813121,0.0,0.655180741797,0.25250874557,0.303321678988,1.0,-0.01616,-0.0212388571429,0.809
0.460215577538,0.511628238291,-0.124112781257,-1.41299640468,0.076100819381,1.91508340476,0.151715213153,-0.00755814796514,-0.0835880574837,-0.000386294430158,-0.140108013829,-0.00294994290828,0.0551413683333,-0.0210129993558,0.573962419974,0.818867669057,0.00190471329373,0.0,0.818822870807,-0.573902990396,-0.012050342644,0.0,-0.00877468427701,0.00847622982641,-0.999925576452,0.0,0.654913753653,0.252183658452,0.303293453552,1.0,-0.01648,-0.0216594285714,0.825
0.460016033443,0.510154205987,-0.124110687572,-1.41532021111,0.0759607603127,1.9159611737,0.15139352094,-0.0112909014321,-0.0859941790728,0.00124163772677,-0.137287137103,-0.00746563618215,0.0443686506481,-0.0242107789679,0.573944498095,0.818880174592,0.00192864399962,0.0,0.818835641244,-0.573884920892,-0.0120431351237,0.0,-0.00875523344894,0.00849149707784,-0.999925617416,0.0,0.654630850796,0.251834755309,0.303295410771,1.0,-0.01682,-0.0221062857143,0.842
0.45980944919,0.508634312168,-0.124117133367,-1.41769384508,0.0757994074783,1.91681001593,0.151061672038,-0.0139804237538,-0.0894076900578,0.00108678763789,-0.136645165103,-0.0135641897048,0.0502461103123,-0.0168104527447,0.573920180863,0.818897282626,0.00190089662654,0.0,0.818852400272,-0.573860740091,-0.0120558887382,0.0,-0.00878185366026,0.00847583479646,-0.999925516862,0.0,0.654314786817,0.251445466391,0.303293285714,1.0,-0.01718,-0.0225794285714,0.86
0.459608755357,0.507195445601,-0.124125578684,-1.41995269681,0.0756650955469,1.91762540268,0.150752294912,-0.0108522997368,-0.0925238261071,-0.00119753116178,-0.140597265912,-0.00966642183958,0.0453569978121,-0.0245997205879,0.573926725344,0.818892694116,0.00190167319192,0.0,0.818847838928,-0.573867296805,-0.0120535987328,0.0,-0.00877946491795,0.00847522660725,-0.999925542993,0.0,0.654035770353,0.251089866168,0.303302104625,1.0,-0.0175,-0.023,0.876
0.459375216182,0.505529628832,-0.124129455402,-1.42255163904,0.0754985437006,1.91861685849,0.150405555271,-0.00956686863234,-0.0964124260978,0.000750235173916,-0.148754971162,-0.0134172994736,0.0616133911431,-0.0149314566827,0.573923213668,0.818895030321,0.00195474538382,0.0,0.818850938181,-0.573863624442,-0.0120178402517,0.0,-0.00871976026894,0.00849812620533,-0.999925871068,0.0,0.653742439211,0.250712990071,0.303318698395,1.0,-0.01784,-0.0234468571429,0.893
0.459152893687,0.503872414078,-0.124132980127,-1.42502690443,0.0753425706434,1.91956284911,0.150053154447,-0.0130678811397,-0.0987550308741,0.00154945047102,-0.147717888206,-0.00779033741476,0.0549768815731,-0.0195009224413,0.573904517557,0.818907873112,0.00206082120352,0.0,0.818865229151,-0.573844546888,-0.0119548900029,0.0,-0.00860752825739,0.00854866479489,-0.999926412686,0.0,0.653445595576,0.25033273574,0.303380407128,1.0,-0.01818,-0.0238937142857,0.91
0.458931641533,0.502291641159,-0.124143244618,-1.42737639218,0.075188480622,1.92043761805,0.149730004808,-0.0192270664375,-0.0981274118837,-0.000892528930905,-0.153953457221,-0.0100403042217,0.0522192824858,-0.0208398358566,0.573907074431,0.818905865946,0.00214465357241,0.0,0.818864429039,-0.573846875083,-0.0118978029143,0.0,-0.00851264174242,0.00858457906548,-0.999926917296,0.0,0.653162854889,0.249958767583,0.303441997463,1.0,-0.0185,-0.0243142857143,0.926
0.458702920627,0.50057567787,-0.124138756151,-1.42996423787,0.0750256521335,1.92134901259,0.149361566577,-0.00949701365081,-0.102948781997,0.000277570269354,-0.152912238595,-0.00277049945531,0.0534178245543,-0.0149114328058,0.57387723532,0.818926681983,0.00218064653689,0.0,0.818885618826,-0.573816798837,-0.0118899770217,0.0,-0.00848589119576,0.00860925298483,-0.999926932537,0.0,0.652831538177,0.249563306864,0.303486631895,1.0,-0.01884,-0.0247611428571,0.943
0.458435225741,0.498776158872,-0.124144046241,-1.43273340134,0.0748508898158,1.92236429626,0.148964141172,-0.0182775556451,-0.101109065003,-0.0016787984689,-0.151187963382,-0.0125497561198,0.0557318282484,-0.0268365084718,0.573871391571,0.818930696627,0.00221064688788,0.0,0.818890020426,-0.57381083233,-0.0118747652397,0.0,-0.00845627944888,0.00862503078641,-0.99992704743,0.0,0.652506268307,0.249148253127,0.303510590207,1.0,-0.01918,-0.025208,0.96
0.458192685967,0.497205676918,-0.124142490527,-1.43523556161,0.0747027015612,1.9232779134,0.148598406576,-0.0154442248588,-0.0983724358614,-0.00080029196598,-0.156947190409,-0.00857699808688,0.0584275301048,-0.0214651427788,0.573853346046,0.818943358294,0.00220454962061,0.0,0.818902474546,-0.573792682774,-0.0118929087522,0.0,-0.00847482735898,0.00863026278054,-0.999926845257,0.0,0.652177724718,0.248726195656,0.303495054023,1.0,-0.01952,-0.0256548571429,0.977
0.457929739927,0.495538086126,-0.124138727738,-1.43793625836,0.0745341215704,1.92421398527,0.148196058261,-0.0143156274317,-0.101460955706,0.000745698239974,-0.160213697323,-0.00254473519023,0.0568119749159,-0.0268049144564,0.573827052446,0.818961997726,0.00212298455223,0.0,0.818919887764,-0.573766558532,-0.0119541053958,0.0,-0.00857202553365,0.00859830887921,-0.999926292015,0.0,0.651828120012,0.24829513727,0.303452683789,1.0,-0.01986,-0.0261017142857,0.994
0.457640896498,0.49380060125,-0.124156411607,-1.44074090262,0.0743541709314,1.925210828,0.147812174214,-0.0142308261894,-0.109431638644,-0.00134574861782,-0.174285047617,-0.0105283405926,0.0621672983894,-0.027248600625,0.573854197247,0.818943150101,0.00205526269497,0.0,0.818900170481,-0.57379399495,-0.0119878708507,0.0,-0.00863825363825,0.0085625098299,-0.999926029264,0.0,0.651477822462,0.247825642859,0.303414794191,1.0,-0.0238428571429,-0.0313363265306,1.011
0.457397785799,0.491838917904,-0.124219519127,-1.44376294586,0.0741853684221,1.926353297,0.147384088661,-0.0216640960766,-0.136933242323,-0.00234756510606,-0.220473490352,-0.0108110225337,0.081334522756,-0.0311277310972,0.573849102719,0.818946550842,0.00212157337266,0.0,0.818904541023,-0.573788730756,-0.0119411913185,0.0,-0.00856202739608,0.0085899733761,-0.999926449317,0.0,0.651078433129,0.247309119061,0.30344133042,1.0,-0.0300234285714,-0.0394593632653,1.027
0.456969955297,0.488978829817,-0.12422718154,-1.44834848396,0.0739215429955,1.92802320003,0.146695819751,-0.02586051327,-0.175376353281,-0.00144379823382,-0.272235002719,-0.0162375866551,0.103502867354,-0.039241422681,0.573804515817,0.818977895257,0.00208125187852,0.0,0.818935062744,-0.573744020112,-0.0119962200535,0.0,-0.00863069939848,0.00858806072391,-0.999925875373,0.0,0.65051963766,0.246630109195,0.303394181986,1.0,-0.0365902857143,-0.0480900897959,1.044
0.456450637424,0.485625151485,-0.124286653782,-1.45357741269,0.0736133091561,1.929992241,0.145929779158,-0.0307799102898,-0.211935381929,-0.00809531617043,-0.322906141754,-0.0233170691942,0.122296734704,-0.0487510699419,0.573821638099,0.818965708525,0.00215471837311,0.0,0.818923906584,-0.573760908166,-0.0119499952637,0.0,-0.0085505077912,0.00862188224315,-0.999926273264,0.0,0.649880797455,0.245765924631,0.303407687914,1.0,-0.0431571428571,-0.0567208163265,1.061
0.455888673119,0.482003240078,-0.124377884013,-1.45925688093,0.0732630661708,1.93199002483,0.145053730018,-0.0360123610499,-0.240441737987,-0.00322033129,-0.368640318789,-0.0211305054267,0.119862346804,-0.0565612658276,0.573814255996,0.818971048935,0.00208986205717,0.0,0.81892849498,-0.573753888702,-0.0119725607518,0.0,-0.00860627985271,0.00858163885247,-0.999926140983,0.0,0.649158869028,0.24480167869,0.30339363021,1.0,-0.0493377142857,-0.0648438530612,1.077
0.455132300194,0.477274626019,-0.12447368042,-1.4666117796,0.0728300284803,1.93460642031,0.143978835796,-0.0457612772896,-0.275373936186,-0.00674956896869,-0.427090373049,-0.0195320597818,0.149701710284,-0.065254028404,0.573863743754,0.818936399249,0.00207954118695,0.0,0.818893588006,-0.573803291145,-0.011992559984,0.0,-0.00862806243088,0.008585183605,-0.999925922837,0.0,0.648223297759,0.243554178389,0.303399151574,1.0,-0.0562908571429,-0.0739822693878,1.095
0.454365682506,0.472581216629,-0.12453561566,-1.47382555002,0.0724043096971,1.93723256896,0.142925033201,-0.0468662356639,-0.299187786666,-0.00310046705758,-0.469209411721,-0.0286568568835,0.170641574116,-0.0736911381366,0.573906144799,0.818906441153,0.00217359185597,0.0,0.818864692337,-0.573845131932,-0.0119635740281,0.0,-0.00854990733764,0.0086460127374,-0.999926070041,0.0,0.647308807213,0.242339057843,0.303441929641,1.0,-0.0624714285714,-0.0821053061224,1.111
0.453451931056,0.46705680412,-0.124579406313,-1.48216830385,0.0718871109022,1.94034505166,0.141602035538,-0.0538296893026,-0.340033579153,-0.00394094285934,-0.50258262692,-0.0356987564002,0.193440847264,-0.0806364186995,0.573860081859,0.818938025356,0.00242156485391,0.0,0.81889953798,-0.573798124387,-0.011832415096,0.0,-0.00830068509657,0.00877333794958,-0.999927060924,0.0,0.646259026019,0.240936395708,0.303556836344,1.0,-0.0690382857143,-0.0907360326531,1.128
0.452426951413,0.461059760649,-0.124616561111,-1.49146365787,0.071286362676,1.94357263832,0.140174352049,-0.0646013930862,-0.358654121626,-0.0049054992617,-0.562840225658,-0.036754374335,0.192851847273,-0.085034524067,0.573829267418,0.818959805811,0.00235695173948,0.0,0.818920218105,-0.573767292265,-0.0118961173196,0.0,-0.00839026165096,0.00875666431212,-0.999926459466,0.0,0.645022721671,0.239356793156,0.303546775117,1.0,-0.0756051428571,-0.0993667591837,1.145
0.451216716014,0.454163045508,-0.124698741894,-1.50216893125,0.0705620209075,1.94722085608,0.138549101388,-0.069089963803,-0.388286300526,-0.0046508744965,-0.605432185533,-0.0434554255292,0.212058451904,-0.0993502532981,0.573844399811,0.818949655239,0.0021940581525,0.0,0.818907934412,-0.573783068639,-0.01198048424,0.0,-0.00855266468375,0.00867183237745,-0.999925822874,0.0,0.643583115551,0.237488709723,0.3035130221,1.0,-0.0825582857143,-0.10850517551,1.163
0.450136818296,0.447842998482,-0.124765720843,-1.51144658701,0.06992599158,1.95075844588,0.137069323027,-0.072739802392,-0.421881643592,-0.00594916156698,-0.635851150116,-0.0415461127002,0.236439347093,-0.0961362485837,0.573813815792,0.818969733058,0.0026510454193,0.0,0.81893468517,-0.573751520115,-0.0116585373476,0.0,-0.00802710242678,0.00886103345015,-0.999928521302,0.0,0.642410359136,0.235882231035,0.30374082318,1.0,-0.0883525714286,-0.116120522449,1.178
0.44878399695,0.440416332232,-0.124785807695,-1.52287379717,0.0691819460291,1.95468604232,0.135288623954,-0.0815628812736,-0.447374612823,-3.51703141625e-05,-0.693160997651,-0.0467373392365,0.235130222759,-0.108842515761,0.573784252817,0.818990623796,0.00259542963003,0.0,0.818954324257,-0.573721578217,-0.0117521219351,0.0,-0.00813598033386,0.00886889157599,-0.99992757167,0.0,0.640838742893,0.23390379538,0.303726227533,1.0,-0.0949194285714,-0.12475124898,1.195
0.447136840905,0.431459819803,-0.124822949425,-1.53639391243,0.0682718927572,1.95946767312,0.133069094979,-0.088350992928,-0.475743950104,0.00134562777971,-0.72838731702,-0.0475659651381,0.260699030757,-0.120413211883,0.573683419571,0.819060688234,0.00276947658435,0.0,0.819026543795,-0.57362002332,-0.0116763139523,0.0,-0.007975136065,0.00896695519281,-0.999927992867,0.0,0.638996013258,0.231537292844,0.303818743614,1.0,-0.102258857143,-0.134397355102,1.214
0.445811065079,0.424587836134,-0.124856021297,-1.54692014575,0.0675180316303,1.96309275656,0.131355323658,-0.0989864157961,-0.502779564035,-0.00201502885486,-0.740316497415,-0.0552238653038,0.259135601047,-0.122570969,0.573630772763,0.819097743132,0.00271489157641,0.0,0.819062953344,-0.573567644446,-0.0116954095529,0.0,-0.00802266406455,0.0089326859141,-0.999927919394,0.0,0.637529493906,0.22965502378,0.303800659601,1.0,-0.107666857143,-0.141505012245,1.228
0.443961781651,0.415237287963,-0.124987026917,-1.56108305909,0.0664805546702,1.96796652205,0.129056269799,-0.100073636842,-0.536208416436,-0.00725220495778,-0.820259918774,-0.0559745495604,0.288580616667,-0.129163470339,0.573662469671,0.819075586227,0.00270219139573,0.0,0.819041202735,-0.573600017406,-0.0116307848216,0.0,-0.00797666844001,0.00888552190959,-0.999928707589,0.0,0.63556135101,0.227034189075,0.30383045613,1.0,-0.11462,-0.150643428571,1.246
0.442044856612,0.406014491183,-0.125049007688,-1.57516258014,0.0655450925384,1.97277252117,0.126693677815,-0.120658512516,-0.560799458866,-0.00311055148537,-0.867758969682,-0.0625179147983,0.277479338316,-0.142220124812,0.57365965474,0.819077671911,0.00266735866497,0.0,0.819042200694,-0.573596620113,-0.0117276501729,0.0,-0.00807602397422,0.00891253065392,-0.999927669701,0.0,0.633557608263,0.224439244785,0.303785217378,1.0,-0.121186857143,-0.159274155102,1.263
0.440060323094,0.396849367202,-0.12517230162,-1.58883783245,0.0646091268513,1.97743305001,0.124360404965,-0.126171159836,-0.585825272814,-0.00856011694351,-0.853832773211,-0.05799767636,0.299803813766,-0.151832897253,0.573749565449,0.819014304543,0.00278424177221,0.0,0.818980197736,-0.573685936074,-0.0116888565769,0.0,-0.00797621395976,0.00898688828422,-0.999927805319,0.0,0.631622756911,0.22181062052,0.303860330307,1.0,-0.127367428571,-0.167397191837,1.279
0.437846106715,0.386817092417,-0.125287232242,-1.60407759278,0.06342210444,1.98255155593,0.121757554903,-0.133413152685,-0.595732019376,-0.00318554833568,-0.929535335387,-0.0764829261576,0.303148930067,-0.156255450977,0.573768350413,0.819001666696,0.00262619765949,0.0,0.818966112484,-0.57370594549,-0.0116936569559,0.0,-0.00807061470976,0.00886038773964,-0.999928176774,0.0,0.629408516009,0.218875463277,0.303791853862,1.0,-0.133934285714,-0.176027918367,1.296
0.435314055552,0.375633051573,-0.125389423462,-1.62060256488,0.0622181182761,1.98806859803,0.118779117497,-0.143376644675,-0.62421707451,-0.00777048501474,-0.923516075547,-0.0670060575288,0.310481144633,-0.165558512478,0.57375707983,0.819009150045,0.00275179727831,0.0,0.818975110264,-0.573694110361,-0.0116440287875,0.0,-0.00795802944559,0.00893466945406,-0.999928418163,0.0,0.626980665967,0.215652123397,0.303887765978,1.0,-0.140887428571,-0.185166334694,1.314
0.433038227708,0.366093577434,-0.125499796716,-1.63486942691,0.0611293529858,1.99277281159,0.116267572857,-0.158659499924,-0.638646246472,-0.0139207404879,-0.951011904001,-0.0771579653555,0.31868400059,-0.165813510892,0.573874372004,0.818927043845,0.00272927065663,0.0,0.818892872069,-0.573811644274,-0.0116364887844,0.0,-0.00796350139989,0.00891303458369,-0.999928567679,0.0,0.624722903805,0.212606419677,0.303885687259,1.0,-0.147068,-0.193289371429,1.33
0.430310977636,0.354874359253,-0.125637229239,-1.65147209189,0.0598526375713,1.99823128737,0.113161064738,-0.159580385403,-0.647599724984,0.000442061653571,-0.9926076766,-0.0658217492192,0.318868927165,-0.190100724666,0.573876674952,0.818925532104,0.00269846530241,0.0,0.818891023218,-0.573814122461,-0.0116443916832,0.0,-0.00798762594228,0.0088923649992,-0.999928559286,0.0,0.622201682758,0.209236184318,0.303880546515,1.0,-0.153634857143,-0.201920097959,1.347
0.427201836045,0.342478716753,-0.125781764332,-1.6695955955,0.058518480012,2.0041140185,0.109770898679,-0.171704001982,-0.695489978844,-0.00571640732728,-1.0110124905,-0.0762639923675,0.333740842796,-0.192580977425,0.573968816761,0.818860531911,0.00282375026687,0.0,0.818827266393,-0.573905395809,-0.0116297624108,0.0,-0.00790274007139,0.00898745771855,-0.999928383587,0.0,0.619573062177,0.205724328558,0.303958571768,1.0,-0.160201714286,-0.21055082449,1.364
0.424493678497,0.331989042182,-0.125844983566,-1.68516672598,0.0572648985822,2.00906699821,0.106794217576,-0.178093203374,-0.715339086728,-0.000771023422809,-1.04060893129,-0.0856977240716,0.318215285609,-0.203390197829,0.573933583265,0.818885739991,0.00267090663754,0.0,0.818850360493,-0.573870551232,-0.0117228174767,0.0,-0.00806704871547,0.00891536315171,-0.9999277169,0.0,0.617111606086,0.202538313779,0.303877342369,1.0,-0.165996,-0.218166171429,1.379
0.421062073782,0.318880848582,-0.125860103829,-1.70411404235,0.0556713585713,2.01511040733,0.103068564372,-0.199413595602,-0.729477708667,0.00133040437524,-1.05792113085,-0.0847827662332,0.336194952682,-0.201240164016,0.573816945624,0.818967133912,0.00277369587212,0.0,0.818933402629,-0.573753921314,-0.0116304228937,0.0,-0.007933667968,0.00894537816586,-0.999928516006,0.0,0.614085989431,0.198633588621,0.303961252429,1.0,-0.172949142857,-0.227304587755,1.397
