position_joint1,position_joint2,position_joint3,position_joint4,position_joint5,position_joint6,position_joint7,velocity_joint1,velocity_joint2,velocity_joint3,velocity_joint4,velocity_joint5,velocity_joint6,velocity_joint7,ee_T_00,ee_T_10,ee_T_20,ee_T_30,ee_T_01,ee_T_11,ee_T_21,ee_T_31,ee_T_02,ee_T_12,ee_T_22,ee_T_32,ee_T_03,ee_T_13,ee_T_23,ee_T_33,v_x,v_y,time
0.465060980006,0.547672014118,-0.124055276857,-1.35586967047,0.0795185254367,1.8941529553,0.159137371299,-0.00260186234159,-0.000598442808436,-0.00089099964858,-0.000155575168544,-0.000310971826711,0.000389572463569,0.000483166578065,0.573852010918,0.818944703936,0.00204654887117,0.0,0.818903017257,-0.57379324081,-0.0118284415335,0.0,-0.00851270753639,0.00846386296116,-0.999927945821,0.0,0.661699634028,0.260847102599,0.303281061991,1.0,0.0,0.0,0.0
0.465060743795,0.547679645767,-0.124052741973,-1.35587039946,0.0795194930147,1.89415144412,0.159135781831,-0.000670593036513,0.00121419869541,-0.000100542704168,0.000357179092103,0.000118103970934,-0.000292914282211,0.00044593987338,0.573849431363,0.818946529844,0.00203918646234,0.0,0.81890472257,-0.573790666369,-0.0118352625919,0.0,-0.0085225451558,0.00846172104698,-0.99992788015,0.0,0.661698387716,0.260848278869,0.303275095228,1.0,-0.0002,-0.000262857142857,0.011
0.465057820804,0.547677104913,-0.124052774126,-1.35587314128,0.0795185253946,1.89414981701,0.159130350739,-0.000672658222646,0.000786980743902,-0.000776790781239,-0.000498403396108,-0.000278126041621,-0.000578064963267,-0.00136158449568,0.573847277714,0.81894804346,0.00203736964579,0.0,0.818906216191,-0.573788523881,-0.0118357867588,0.0,-0.0085240392014,0.0084605115698,-0.999927877649,0.0,0.661698325728,0.260845766341,0.303275448072,1.0,-0.00054,-0.000709714285714,0.028
0.465062371267,0.547649470131,-0.124057407735,-1.35588562527,0.0795173266963,1.89415270081,0.159134216143,0.000240114502275,-0.00418257528995,-0.00175365732368,-0.00137460023081,0.000420222463911,-0.000327419933584,-0.00126665158302,0.573850288364,0.818945897575,0.00205189935168,0.0,0.818904285489,-0.573791502081,-0.0118249840889,0.0,-0.00850682358008,0.0084662427032,-0.99992797575,0.0,0.661696716038,0.260844981733,0.303289484467,1.0,-0.00088,-0.00115657142857,0.045
0.465061960839,0.547571865457,-0.124057437003,-1.35596001544,0.0795168708382,1.8941721227,0.159140171744,0.000514920244824,-0.00941977698634,-0.00199747555923,-0.00585683067741,0.00011894355747,0.000521981097677,0.00150596701553,0.573859460055,0.818939414125,0.00207436738598,0.0,0.818898049293,-0.57380053843,-0.0118183697473,0.0,-0.00848841910218,0.00848094197224,-0.999928007591,0.0,0.66168572819,0.260838130994,0.303310739039,1.0,-0.0012,-0.00157714285714,0.061
0.46505108434,0.547454911567,-0.124054929832,-1.35610622755,0.0795163795882,1.89420450447,0.159129433196,-0.00202729111389,-0.0041453840029,-0.000510476615895,-0.0110084917326,0.000104978202817,0.00187326202022,-0.00439254930517,0.573865693687,0.818935022414,0.00208364457698,0.0,0.81889366275,-0.573806618987,-0.0118270882029,0.0,-0.00849017115479,0.00849360704364,-0.999927885216,0.0,0.661664043559,0.260818684508,0.303326722264,1.0,-0.0015,-0.00197142857143,0.076
0.46503444512,0.547307807466,-0.124058385466,-1.35632060761,0.0795123009505,1.89429337432,0.159123167326,-0.00304713074678,-0.00880095816056,-0.00164485702469,-0.00880016562287,-0.000115784358668,0.00953158222055,-0.00116308109102,0.573887583951,0.818919626307,0.00210559688005,0.0,0.818878503481,-0.57382837071,-0.0118213538297,0.0,-0.00847265055842,0.00850852002582,-0.999927907041,0.0,0.661641862134,0.260787535967,0.303336711371,1.0,-0.00184,-0.00241828571429,0.093
0.465016866881,0.547098023316,-0.124053836599,-1.35655566237,0.0795067179537,1.89440891008,0.159116161303,0.000136584179058,-0.0133803759216,-0.00108102680486,-0.0106838085792,-0.000148521577669,0.0084758295183,0.00174314311193,0.573904834413,0.818907319903,0.00218845760522,0.0,0.818867216867,-0.573845236689,-0.0117844122033,0.0,-0.00839466706497,0.00855535203967,-0.999928165178,0.0,0.661620402331,0.260760345982,0.303383300596,1.0,-0.00222,-0.00291771428571,0.112
0.464989552364,0.546910150225,-0.124053461848,-1.35677466551,0.0795056521041,1.89452005683,0.159094693076,-0.00369646446972,-0.0164672739895,0.000518432144767,-0.0128646998397,-0.00163869877248,0.00961394444583,-0.000581479189583,0.57392145511,0.818895468073,0.00226332409608,0.0,0.818856271694,-0.573861500807,-0.0117529187812,0.0,-0.0083257376602,0.00859875493231,-0.999928369188,0.0,0.661604401946,0.260726347241,0.303421768189,1.0,-0.00252,-0.003312,0.127
0.464959408374,0.546676367576,-0.124048201365,-1.35711088429,0.0794977372302,1.89465233522,0.159028758796,-0.000777109812088,-0.0127660660196,0.00170233815539,-0.0219720492931,0.000213244443019,0.00998894971983,-0.00193854786401,0.573905217723,0.81890675354,0.00229716718921,0.0,0.818867869822,-0.573845005985,-0.0117502246756,0.0,-0.00830428030616,0.00862475770692,-0.999928323673,0.0,0.661566923314,0.260680310533,0.303438608949,1.0,-0.00286,-0.00375885714286,0.144
0.464921503411,0.54638229151,-0.124050786914,-1.35753771772,0.0794858739053,1.89480456539,0.158956686614,0.000976706699434,-0.019714210401,0.000537989457506,-0.0246543155735,0.00012982675697,0.00731795202808,-0.00075506044772,0.573899716251,0.818910540139,0.00232160212237,0.0,0.818871854883,-0.573839289383,-0.011751686789,0.0,-0.00829151330112,0.00864555080357,-0.999928250055,0.0,0.661518244425,0.260615346461,0.303456987492,1.0,-0.00322,-0.004232,0.162
0.464880271345,0.546092589136,-0.124056418299,-1.35799902111,0.0794688744599,1.89496538807,0.15892857996,-0.00268751415256,-0.0167377792251,-0.000420825373199,-0.0279429400059,-0.00213503298926,0.0120289483103,-0.00464037616658,0.573935653697,0.818885367646,0.00231667251035,0.0,0.818846536931,-0.57387515611,-0.0117643978434,0.0,-0.0083043723395,0.0086491731523,-0.999928112018,0.0,0.66146507153,0.26054201761,0.303456679646,1.0,-0.00356,-0.00467885714286,0.179
0.464831327998,0.545790006388,-0.12405676942,-1.35848730463,0.0794426756228,1.89512637503,0.158853638929,-0.00767770921369,-0.0207317202664,-0.00154509003813,-0.0328070247277,-0.0063621114443,0.00667963451039,-0.00748128514522,0.573934859799,0.818885977292,0.0022977821187,0.0,0.818846842101,-0.573874372684,-0.0117813606007,0.0,-0.00832911307861,0.00864343158916,-0.999927955888,0.0,0.661407348497,0.26046213301,0.303452452589,1.0,-0.00388,-0.00509942857143,0.195
0.464777354006,0.545441511861,-0.124053874086,-1.35908614863,0.0794016075132,1.8953166743,0.158776660763,0.000150343362154,-0.0231216178264,-0.000612404962987,-0.0403155371111,-0.00310390502048,0.00949028256051,-0.00197377542162,0.573936430182,0.818885023997,0.00224465702348,0.0,0.818845176216,-0.573876124421,-0.0118117783344,0.0,-0.00838449473902,0.00861740237898,-0.9999277177,0.0,0.661332635853,0.260367860725,0.303430495075,1.0,-0.00422,-0.00554628571429,0.212
0.464719077574,0.545044726067,-0.124059163801,-1.35978117264,0.0793576726872,1.89552765257,0.158701307405,-0.00284665715759,-0.0292779693907,-0.00103396594875,-0.0413864635254,-0.00216463061542,0.0160274664138,-0.00254280052601,0.573953083931,0.818873558061,0.00216800721659,0.0,0.81883268412,-0.573893047164,-0.0118554938753,0.0,-0.00846410914476,0.00857989762923,-0.999927369469,0.0,0.66124430582,0.26025616105,0.303398977323,1.0,-0.00456,-0.00599314285714,0.229
0.464653530242,0.544654826802,-0.124053886754,-1.36043668236,0.0793228372547,1.89573942063,0.15860025089,-0.00294294876967,-0.0263597530484,-0.00012136674364,-0.0408565121209,-0.00500213696359,0.015122017852,-0.00175672189658,0.573947497765,0.81887758251,0.00212639907188,0.0,0.81883604573,-0.573887505893,-0.0118914967286,0.0,-0.00851753022252,0.0085664319301,-0.999927031299,0.0,0.6611639139,0.2601519103,0.303381096636,1.0,-0.00488,-0.00641371428571,0.245
0.46459589847,0.544219987743,-0.12405985407,-1.36114013977,0.0792924112411,1.89599977546,0.158552727681,-0.00496499155437,-0.0309828438767,-2.90704909574e-05,-0.0464107505163,-0.00618161739795,0.0142909018625,-0.000755404785997,0.573991138774,0.818847001129,0.00212326442035,0.0,0.818805341686,-0.573931071869,-0.0119031118489,0.0,-0.00852838421481,0.00857098599236,-0.999926899759,0.0,0.661083570126,0.26004529958,0.30337676234,1.0,-0.0052,-0.00683428571429,0.261
0.464519296747,0.543699915964,-0.12406199028,-1.36200080211,0.0792490166908,1.89629210159,0.158407836113,-0.0018094409617,-0.0322824290622,-0.000498602937603,-0.0489713420455,-0.00206669885335,0.0166593317165,-0.00673597468863,0.573973029489,0.818859789226,0.00208660231631,0.0,0.81881753465,-0.573912996862,-0.011935823547,0.0,-0.00857640288765,0.00855955216305,-0.999926586995,0.0,0.66098034874,0.259910896752,0.303360495538,1.0,-0.00556,-0.00730742857143,0.279
0.464436862773,0.543177335272,-0.124060273689,-1.36284427882,0.0791963430888,1.89657857627,0.158317289936,-0.00064143548141,-0.0309957772968,0.000258165793163,-0.0508477906359,-0.00712566122026,0.0240499253087,-0.00724771985459,0.573997991131,0.818842367549,0.00205674159363,0.0,0.818799687342,-0.573938042553,-0.0119558446391,0.0,-0.00860967564896,0.00854685473235,-0.999926409672,0.0,0.660881005285,0.259775056338,0.303353469946,1.0,-0.0059,-0.00775428571429,0.296
0.464363725487,0.542605507031,-0.124071166493,-1.36373418906,0.0791435999903,1.89689329374,0.158195317568,-0.0029991576786,-0.0393449009299,-0.00112147547238,-0.055540326854,-0.000343904155511,0.0167970501409,-0.00726363374002,0.57400099754,0.818840271658,0.00205212925791,0.0,0.818797548399,-0.573941084694,-0.0119562927959,0.0,-0.00861265856917,0.00854336688339,-0.99992641379,0.0,0.66077824867,0.259635104297,0.303361980571,1.0,-0.00624,-0.00820114285714,0.313
0.46427764486,0.542063490691,-0.124064287271,-1.36459297729,0.0790988740656,1.89721267453,0.158080601326,-0.00311741986507,-0.0362777567282,0.000218407432292,-0.059635357486,-0.00561975092761,0.023958725345,-0.000871291588786,0.574008578301,0.818834939353,0.00205937693129,0.0,0.818792204804,-0.57394852938,-0.0119648600428,0.0,-0.00861543496018,0.0085542987776,-0.99992629641,0.0,0.660681514982,0.259501822212,0.303363986349,1.0,-0.00656,-0.00862171428571,0.329
0.464203537597,0.541437673381,-0.124075026903,-1.36555756819,0.0790376098373,1.89755702728,0.15795446792,-0.00385898476373,-0.0370247539873,-0.00167066011157,-0.0596887705627,-0.00612051100674,0.0213018529998,-0.0126997765844,0.574010632223,0.818833497407,0.00206022321506,0.0,0.818790829179,-0.57395063443,-0.0119580178454,0.0,-0.00860932490927,0.00855108589305,-0.999926376517,0.0,0.660569276616,0.259353808634,0.303377532755,1.0,-0.0069,-0.00906857142857,0.346
0.464107443222,0.54075885688,-0.12407484943,-1.36658529203,0.0789816728198,1.89793209018,0.157822948198,-0.00353468427078,-0.0406569721041,0.00014724181611,-0.063329805534,-0.00525300876643,0.0230690971666,-0.00425298103831,0.574023516644,0.818824399086,0.00208631294806,0.0,0.818782001035,-0.573963339502,-0.01195268127,0.0,-0.00858984529261,0.00856952061617,-0.999926386228,0.0,0.660452724055,0.259193756159,0.303400721106,1.0,-0.00724,-0.00951542857143,0.363
0.464028617468,0.540087162133,-0.124077965383,-1.36761314394,0.078914747441,1.89830550053,0.157701937459,-0.00155100530289,-0.0438384077568,0.000719520813889,-0.0615788003885,-0.00286145362649,0.0262442278159,-0.00857531043802,0.574030165835,0.818819708629,0.00209770671272,0.0,0.818777501242,-0.573969982965,-0.0119419017373,0.0,-0.00857440889876,0.00857273194687,-0.999926491188,0.0,0.660332327668,0.259041211094,0.303418657946,1.0,-0.00756,-0.009936,0.379
0.463932117428,0.539387115787,-0.124079032095,-1.36869955863,0.0788560982883,1.89871116491,0.157577043235,-0.00319257608477,-0.0451572516987,0.000115688411693,-0.0713328648417,-0.000600627103704,0.0189409129304,-0.00620759942334,0.574052146586,0.818804248748,0.00211710490732,0.0,0.818762233473,-0.573991820478,-0.0119390938946,0.0,-0.00856074472811,0.00858723335178,-0.999926483834,0.0,0.660209032689,0.258875136653,0.303431404453,1.0,-0.00788,-0.0103565714286,0.395
0.463823159047,0.538544502978,-0.124081830965,-1.36999701421,0.0787791048504,1.89921391253,0.157408349444,-0.000496026786429,-0.047594041961,0.00122477829022,-0.0695875653736,-0.00555568173114,0.0312397602322,-0.00897287337041,0.574056462316,0.818801119198,0.00215689013997,0.0,0.818759644757,-0.573995996037,-0.0119158530062,0.0,-0.00851883148736,0.00860651272904,-0.999926676036,0.0,0.660064448155,0.258680283432,0.303452754184,1.0,-0.00826,-0.010856,0.414
0.463721044306,0.537802444042,-0.124087922928,-1.37115478178,0.0787122525577,1.89965744175,0.157261615188,-0.00775322791132,-0.0388938957303,-0.000122738919682,-0.0741702376532,-0.00279005352934,0.0250123821071,-0.00968263212369,0.574070331316,0.818791335056,0.00217973444629,0.0,0.818750170913,-0.57400978393,-0.0119026250341,0.0,-0.00849474089389,0.00861776776604,-0.999926784048,0.0,0.659935887629,0.258500933321,0.303464407278,1.0,-0.00858,-0.0112765714286,0.43
0.463608581625,0.53693336142,-0.124088456138,-1.37250441738,0.0786402892499,1.90014917266,0.157094785177,-0.000821324173454,-0.0520690469591,-0.000601788665769,-0.0771406120715,-0.00256675532159,0.0219053860395,-0.0178082206034,0.574081265172,0.81878363005,0.00219432030255,0.0,0.818742549123,-0.574020549283,-0.0119077352221,0.0,-0.00849043719265,0.00863275730705,-0.999926691302,0.0,0.65977724578,0.258299331193,0.303478289803,1.0,-0.00894,-0.0117497142857,0.448
0.463508102276,0.536188484518,-0.124094299062,-1.37367661005,0.0785693286641,1.90058726037,0.156965563489,-0.00532718191856,-0.0472532449371,-0.000585297620522,-0.0820035269756,-0.000251723441711,0.0300507549706,-0.0132887754664,0.574107385286,0.818765297673,0.00220099719196,0.0,0.818724328315,-0.574046664319,-0.0119016096159,0.0,-0.00848131313531,0.00863497817499,-0.999926749557,0.0,0.659643561752,0.258118524465,0.303484312027,1.0,-0.00924,-0.012144,0.463
0.463395171634,0.535303366393,-0.124097255958,-1.37506602438,0.0784866963582,1.90109519083,0.15679640025,-0.00690589449673,-0.0571651910792,0.000772692950254,-0.0868244509909,-0.00932252910987,0.0361707515748,-0.00858042087882,0.574117599521,0.818758128294,0.00220367296233,0.0,0.818717171848,-0.574056844194,-0.0119029011832,0.0,-0.00848072682786,0.00863801625859,-0.999926728289,0.0,0.659480004895,0.257910102463,0.303491733154,1.0,-0.00958,-0.0125908571429,0.48
0.463266724185,0.53435590491,-0.124098126447,-1.3765925513,0.0784083749149,1.90163458377,0.15660742546,-0.0043922385095,-0.0534250748415,-0.00122130106743,-0.0866437353206,-0.00653072648582,0.0321620639573,-0.0108801579208,0.574131312322,0.818748583836,0.00217705766877,0.0,0.818707101242,-0.574070480618,-0.011937862413,0.0,-0.00852448752522,0.00863643946494,-0.999926369802,0.0,0.659295426375,0.257680050899,0.30348038232,1.0,-0.00994,-0.013064,0.498
0.463154100634,0.533499365807,-0.124101371478,-1.37798418465,0.0783214758392,1.90214044734,0.156434835413,-0.00258666334992,-0.0513452622226,-0.000358318575145,-0.0864547391265,3.6877457682e-05,0.0287055126363,-0.0147661010673,0.574137394152,0.818744393761,0.0021487724656,0.0,0.818702547255,-0.574076682085,-0.011951949867,0.0,-0.00855219643681,0.00862143283204,-0.999926262697,0.0,0.659129702049,0.257470235027,0.303466067704,1.0,-0.01026,-0.0134845714286,0.514
0.463011320275,0.532495939714,-0.124100860012,-1.3795802638,0.0782412776781,1.90275704762,0.156231600849,-0.00845474499467,-0.0592592427559,-6.63545894339e-05,-0.0884558408735,-0.00437040412842,0.0362562926133,-0.00741732695086,0.574153524561,0.818733009869,0.00217616326029,0.0,0.818691387714,-0.57409256416,-0.0119535082772,0.0,-0.00853757703896,0.0086449214692,-0.999926184831,0.0,0.658948509085,0.257228977939,0.303467343513,1.0,-0.01062,-0.0139577142857,0.532
0.462885917736,0.531579484179,-0.124101811123,-1.38105191316,0.0781575685509,1.90329271089,0.156043918575,-0.00770281981523,-0.056819950018,0.000205627217983,-0.0891754128329,-0.00461438136201,0.0315497814627,-0.0218725685632,0.574161031862,0.818727784142,0.0021614500774,0.0,0.818685890949,-0.574100050833,-0.011970400818,0.0,-0.00855977593991,0.00864265276566,-0.999926014658,0.0,0.658773506272,0.257005937882,0.303459336278,1.0,-0.01094,-0.0143782857143,0.548
0.462736950327,0.530518262976,-0.124104682909,-1.38278785024,0.0780385552106,1.90390772971,0.155832848088,-0.0115795780462,-0.0572252364101,-0.000206739493673,-0.0980139770577,-0.00809173403015,0.0380270617399,-0.0141672460263,0.574174625594,0.818718407359,0.00210135106038,0.0,0.818675798379,-0.574113960567,-0.011993512106,0.0,-0.00861305997834,0.0086068612888,-0.99992586582,0.0,0.658564482576,0.256736510424,0.303434258027,1.0,-0.0113,-0.0148514285714,0.566
0.462617744591,0.52966261841,-0.124105007092,-1.38414089842,0.0779582679235,1.90439800284,0.155642394608,-0.00996396805374,-0.0635656094786,0.00112948834617,-0.100474705163,-0.00594491943245,0.0349543521807,-0.00943858054382,0.574168435503,0.818722762028,0.00209607029053,0.0,0.818680034497,-0.574107743762,-0.0120019402466,0.0,-0.00862305750373,0.00860731186961,-0.999925775776,0.0,0.658403799353,0.256528727327,0.303435497737,1.0,-0.01158,-0.0152194285714,0.58
0.462487518739,0.528582077328,-0.124118804837,-1.38582007712,0.0778424276145,1.90502555154,0.15541390562,-0.00913397888005,-0.0690490189457,-0.000429219257926,-0.106038207231,-0.00517497583465,0.0395047935042,-0.0163715276812,0.5741576462,0.818730294922,0.002109120498,0.0,0.818687919131,-0.574097082835,-0.0119740323049,0.0,-0.00859282851373,0.00860185928786,-0.999926082926,0.0,0.658207654548,0.256273685203,0.303451995899,1.0,-0.01192,-0.0156662857143,0.597
0.462324909191,0.527333501492,-0.12411779224,-1.38775098006,0.0777347941125,1.90577058081,0.155136468986,-0.013902869622,-0.0673923190663,0.000301794480783,-0.0951536927009,-0.00531041513763,0.0342045079892,-0.0118055194827,0.57413870496,0.818743427172,0.00216675590938,0.0,0.818701732493,-0.574077835634,-0.0119523532742,0.0,-0.00854218860329,0.00863640172448,-0.999926219068,0.0,0.657984382272,0.255987560065,0.303476430149,1.0,-0.0123,-0.0161657142857,0.616
0.462180149084,0.526182403083,-0.124120848951,-1.38954055132,0.077616711004,1.90644853787,0.154899841662,-0.00752390700906,-0.069098262536,-0.000435770609038,-0.103877321633,-0.00848996162339,0.0414364567553,-0.014175093292,0.574130554136,0.818749071914,0.00219338747292,0.0,0.818707823588,-0.574069678014,-0.0119269141643,0.0,-0.00850615643237,0.008643515737,-0.999926464766,0.0,0.657774600377,0.25572013172,0.303493489262,1.0,-0.01264,-0.0166125714286,0.633
0.462036672974,0.525075952808,-0.12412193693,-1.39127550953,0.0775163135177,1.90705888713,0.154658481596,-0.00864363292333,-0.06991038028,0.00022572462946,-0.114286334346,-0.00360269750437,0.0441107355284,-0.0175038284098,0.574117441875,0.818758298598,0.0021813557371,0.0,0.818716781953,-0.574056503132,-0.0119460898015,0.0,-0.00852890292202,0.00864453750073,-0.999926262175,0.0,0.657560663363,0.255458912588,0.303498943994,1.0,-0.01296,-0.0170331428571,0.649
0.461879039322,0.52390300921,-0.124132288613,-1.39316565545,0.0773959283961,1.9077324902,0.154407667379,-0.00871530443563,-0.0645095256832,0.000242531742055,-0.117289568822,-0.00278405660562,0.0373222168669,-0.00852747172738,0.574117518395,0.81875835844,0.00213833077756,0.0,0.818716308079,-0.574056783581,-0.0119650746522,0.0,-0.00856914657509,0.00862021121218,-0.999926128114,0.0,0.657330893588,0.255166547855,0.303482797489,1.0,-0.0133,-0.01748,0.666
0.461726246352,0.522673199685,-0.124139427104,-1.39508427435,0.0772684538924,1.90847267861,0.154151887021,-0.00799160843827,-0.0786015022627,-0.0012756493092,-0.110763751702,-0.00743124080267,0.0500778192107,-0.0166815043748,0.574106924294,0.818765696699,0.0021726222435,0.0,0.818724241611,-0.5740462001,-0.0119299308945,0.0,-0.00852079668898,0.00862800054722,-0.999926474112,0.0,0.657107026246,0.25487997796,0.303498388449,1.0,-0.01364,-0.0179268571429,0.683
0.461579768355,0.521595211543,-0.12414438813,-1.39682105689,0.0771709770491,1.90914794584,0.153906037212,-0.0127514971788,-0.0738130940756,-0.000881802407305,-0.117432928202,-0.00981058838155,0.048754548102,-0.0170230417436,0.574096061466,0.818773274211,0.00218736082892,0.0,0.818731977003,-0.574035244202,-0.0119262378139,0.0,-0.00850942640912,0.00863783471801,-0.999926486035,0.0,0.65690470271,0.254618867121,0.303487904924,1.0,-0.01394,-0.0183211428571,0.698
0.46139497028,0.52017804223,-0.124145318397,-1.39908630259,0.0770177188207,1.90999708559,0.153612017602,-0.00891924158719,-0.0736995030839,0.000149918014036,-0.12175647854,-0.00494041140051,0.0506446147663,-0.0135255532628,0.574086861987,0.818779750752,0.0021775110269,0.0,0.818738442645,-0.574026204876,-0.0119174474028,0.0,-0.00850798002822,0.00862462802021,-0.999926612341,0.0,0.656632581818,0.254279535291,0.303478705069,1.0,-0.01432,-0.0188205714286,0.717
0.461243394046,0.519016028848,-0.124145515156,-1.40090163782,0.0769045651598,1.91064683161,0.153374623743,-0.0118289959399,-0.0755094403836,0.00139147159933,-0.121342318268,-0.00626314619737,0.0443245820218,-0.00658469101403,0.574082639411,0.818782722128,0.00217347041431,0.0,0.818741325628,-0.574021962969,-0.0119237007024,0.0,-0.00851546431436,0.00862486567441,-0.999926546582,0.0,0.656408649168,0.254005515009,0.303486779921,1.0,-0.01462,-0.0192148571429,0.732
0.461052405069,0.51757400269,-0.124149335918,-1.40314727644,0.07676158637,1.91144288665,0.153065653834,-0.0133631295432,-0.0884918863369,-0.000175708960966,-0.127232360005,-0.0104589321549,0.044866218961,-0.0119805607816,0.574069048524,0.818792276161,0.00216400698598,0.0,0.818750742787,-0.574008398493,-0.0119300689729,0.0,-0.00852625430153,0.00862063164514,-0.999926491147,0.0,0.656131283071,0.253661293293,0.303498988277,1.0,-0.01498,-0.019688,0.75
0.460860103466,0.516240639958,-0.124158224914,-1.40527705465,0.076618193246,1.91223840659,0.152755788962,-0.0114940388402,-0.0776241992379,0.000314435463439,-0.126059904264,-0.0126884814166,0.0500293126879,-0.0194903695166,0.574053094359,0.818803492414,0.00215234022585,0.0,0.818761939554,-0.573992627629,-0.0119204305972,0.0,-0.00852522691932,0.00860538000856,-0.999926631279,0.0,0.655879063096,0.253325510319,0.303489818235,1.0,-0.01532,-0.0201348571429,0.767
0.460683634238,0.51494501001,-0.124164172869,-1.40734121243,0.0764943457306,1.91301706037,0.152488654411,-0.0107893999597,-0.081007463707,-0.00150302051473,-0.133055775935,-0.00968801323354,0.047684932389,-0.0182133895454,0.574058741732,0.818799516087,0.00215879549969,0.0,0.818758041276,-0.573998241988,-0.0119178413369,0.0,-0.00851934192152,0.00860923793134,-0.999926648227,0.0,0.655631540976,0.253011156803,0.303483499569,1.0,-0.01564,-0.0205554285714,0.783
0.460482569929,0.513461189048,-0.124167735423,-1.4097423309,0.0763502829964,1.91384992894,0.152152874692,-0.0131252772936,-0.0799276815478,-0.00123090923952,-0.132835575377,-0.00733182746632,0.0553542083749,-0.025136180405,0.574038132831,0.818814147562,0.00208823130268,0.0,0.818771612382,-0.573977784163,-0.0119706702415,0.0,-0.00860332141424,0.00858157092674,-0.999926167025,0.0,0.655325657225,0.252645109338,0.303452931085,1.0,-0.016,-0.0210285714286,0.801
0.460322217842,0.51230289908,-0.124161580723,-1.4116061018,0.0762360012677,1.91451463503,0.151890823089,-0.0139700744754,-0.0844596622876,0.0016782701603,-0.129490809431,-0.00869574349953,0.0503922807642,-0.0140870998401,0.574017258718,0.818828865997,0.00205470315732,0.0,0.818785789823,-0.57395694984,-0.0119998756635,0.0,-0.00864669990042,0.00857066249264,-0.999925886416,0.0,0.655090551673,0.252364345351,0.303434726955,1.0,-0.01628,-0.0213965714286,0.815
0.460125361323,0.510860208958,-0.124167445834,-1.41392158663,0.076095935153,1.91539042025,0.15156442537,-0.00999928105917,-0.0848265316262,-0.00016928424325,-0.13307963513,-0.00384411785802,0.0566269898922,-0.0198083750361,0.573998873246,0.8188417548,0.00205450974036,0.0,0.81879866934,-0.57393856079,-0.0120006011245,0.0,-0.00864759741298,0.00857072637834,-0.999925878107,0.0,0.654810083529,0.252012938554,0.303419030117,1.0,-0.01662,-0.0218434285714,0.832
0.459898399909,0.50919332266,-0.124168501667,-1.41654640175,0.0759251002579,1.91637787078,0.151193365673,-0.0125242576464,-0.0841222578237,0.00111748904026,-0.139169959054,-0.0112356592293,0.0551289765076,-0.0201016313716,0.573972325991,0.81886031855,0.00207234212941,0.0,0.818817536437,-0.573912012257,-0.0119829508577,0.0,-0.00862318693797,0.00857491734679,-0.999926052986,0.0,0.654491132885,0.251613585426,0.303421974829,1.0,-0.017,-0.0223428571429,0.851
0.459698162,0.507769402458,-0.124176345517,-1.41878887111,0.0757845199846,1.91717109012,0.150881472754,-0.0135390615263,-0.0882526364285,0.000864994356235,-0.135738650457,-0.00870014708292,0.0524210139107,-0.0192519631056,0.573964746862,0.818865691737,0.00204820834191,0.0,0.818822562855,-0.573904503659,-0.011999089117,0.0,-0.0086503329639,0.00856433824147,-0.99992590918,0.0,0.654210478606,0.251261784982,0.30341973446,1.0,-0.01732,-0.0227634285714,0.867
0.459503702461,0.506405785731,-0.124182758774,-1.42093028537,0.0756467873457,1.91796039827,0.150599460196,-0.0122900917489,-0.0948096040889,-0.000808294491636,-0.146506342105,-0.00778196194767,0.0520431784138,-0.0168172630111,0.573975312283,0.818858245165,0.0020644891847,0.0,0.818815365924,-0.573915036302,-0.0119864312752,0.0,-0.00863051285855,0.00857051611056,-0.999926027515,0.0,0.653931035349,0.250905202261,0.30343083205,1.0,-0.01764,-0.023184,0.883
0.459283205858,0.504801273448,-0.124186301741,-1.42339277673,0.0754935265799,1.91891351743,0.150255253472,-0.0129346446601,-0.100596077074,-0.0032701961585,-0.149556367184,-0.0111477799319,0.0617811400062,-0.0183402468156,0.573958393644,0.818869936681,0.00212980439914,0.0,0.818827976644,-0.573897916471,-0.0119445818827,0.0,-0.0085589334888,0.00859980202977,-0.999926391322,0.0,0.653655221509,0.25054860576,0.303454572714,1.0,-0.01796,-0.0236045714286,0.899
0.459056943906,0.503136163371,-0.124186855388,-1.42587113615,0.0753349268184,1.91985113692,0.149904578109,-0.0137257951827,-0.095446473398,-0.000302062289478,-0.148460743122,-0.0144301913167,0.0590225350492,-0.0196685107806,0.573941440972,0.818881544486,0.00223278645706,0.0,0.818840987328,-0.573880612049,-0.0118839171457,0.0,-0.00845033026333,0.00864913612068,-0.999926889509,0.0,0.653356238632,0.250166296788,0.303519197154,1.0,-0.0183,-0.0240514285714,0.916
0.458828247029,0.50143448806,-0.12418744585,-1.42839318942,0.0751687109206,1.92076545364,0.149559642207,-0.010991362174,-0.103782793179,0.00100955494136,-0.151730669885,-0.0143896388866,0.0557937840435,-0.0251528966954,0.573930558099,0.818888960414,0.00230908941834,0.0,0.818849442643,-0.573869478423,-0.0118388731986,0.0,-0.00836976776989,0.00868565491112,-0.999927250547,0.0,0.653042971084,0.249775039019,0.303585851607,1.0,-0.01864,-0.0244982857143,0.933
0.458590374045,0.499720480684,-0.124194835001,-1.43099383341,0.075006701116,1.92168189692,0.149184679113,-0.00943250341021,-0.0991459482744,-0.00171794484395,-0.153310070834,-0.00891972272048,0.051279213435,-0.0270030447222,0.573912183017,0.818901765661,0.00233479845971,0.0,0.818862527549,-0.573850949114,-0.0118319937874,0.0,-0.00834957504688,0.00870257190348,-0.999927272275,0.0,0.652713963603,0.249365610652,0.303623506866,1.0,-0.01898,-0.0249451428571,0.95
0.458333045321,0.498061839591,-0.124187711341,-1.43362136113,0.0748417090832,1.92267396855,0.148810498733,-0.0158840903838,-0.102011479048,0.00090173425612,-0.156103181264,-0.0139591684949,0.0607986145137,-0.023143228349,0.573900587678,0.818909841156,0.00235253494927,0.0,0.818870805151,-0.573839257016,-0.0118261776995,0.0,-0.00833475686391,0.00871364028438,-0.999927299508,0.0,0.652392696584,0.248952736324,0.303615343454,1.0,-0.01932,-0.025392,0.967
0.458054989914,0.496276319702,-0.124190879908,-1.43645773392,0.074671667872,1.92367453259,0.148378977885,-0.0169290201999,-0.101977289976,-0.000362820702851,-0.163195573061,-0.0088441398191,0.0516436423,-0.0279413221513,0.573874781385,0.818928038026,0.00231316373409,0.0,0.818888325801,-0.573813436071,-0.0118658060418,0.0,-0.00839007836595,0.0087038772023,-0.999926921883,0.0,0.652032393923,0.248497226074,0.303596624851,1.0,-0.01968,-0.0258651428571,0.985
0.457816412078,0.49481136502,-0.124190959462,-1.43888241128,0.0745193322768,1.92450726372,0.148042982601,-0.0174065032651,-0.0979128189452,-0.000271660567951,-0.159985635177,-0.0047581566602,0.056844299899,-0.0254327043671,0.573875980387,0.818927498984,0.00220396080828,0.0,0.818886222211,-0.5738149245,-0.0119387769618,0.0,-0.00851249104527,0.00865633713508,-0.999926299946,0.0,0.651717113663,0.248105533266,0.30353536241,1.0,-0.01998,-0.0262594285714,1.0
0.457530499205,0.492900594658,-0.124239548679,-1.44186507263,0.0743372896331,1.92558561716,0.14763090249,-0.0156411628559,-0.131648104523,-0.0106931725879,-0.192831295782,-0.01126472307,0.071894537171,-0.0313347962424,0.573908327526,0.818904840013,0.00220034092194,0.0,0.818863623174,-0.573847391149,-0.0119283366435,0.0,-0.00850567647364,0.00864771736819,-0.99992643252,0.0,0.651350264395,0.247606182014,0.303540954205,1.0,-0.0266451428571,-0.0350193306122,1.017
0.457154382424,0.490126527648,-0.124274732254,-1.44625492263,0.0740914012156,1.92722813256,0.146978188542,-0.0249730172076,-0.160070980119,-0.000448651424968,-0.254991490489,-0.0148767170893,0.0928672883618,-0.0319405960001,0.573861063301,0.818937888816,0.00222737285676,0.0,0.81889688367,-0.573799880333,-0.0119305551642,0.0,-0.00849248088651,0.00867063670013,-0.999926346201,0.0,0.650797237846,0.24692853832,0.303524914235,1.0,-0.03456,-0.0454217142857,1.036
0.456737264534,0.487377887829,-0.124292096304,-1.45062662741,0.0738391019929,1.92883981025,0.146332798469,-0.0275153156828,-0.195514137199,-0.00156448061698,-0.303444442675,-0.0182972924271,0.114335246024,-0.0465467677672,0.573845240158,0.818948988566,0.00222292080646,0.0,0.818907742285,-0.573783890444,-0.0119542291212,0.0,-0.00851459163169,0.00868041166468,-0.999926073359,0.0,0.650209483319,0.246177615923,0.303493112662,1.0,-0.0412251428571,-0.0541816163265,1.052
0.456137533357,0.483446113065,-0.124387410505,-1.45673666014,0.0734652206532,1.93109862665,0.145395719046,-0.034352282828,-0.227989755469,-0.0098680883254,-0.363030687679,-0.0156118610086,0.124978535548,-0.0556325604773,0.573827852136,0.818961050393,0.00226736681979,0.0,0.818920633433,-0.573766581678,-0.0119017977401,0.0,-0.00844633208723,0.00868654374891,-0.999926599022,0.0,0.649446142959,0.245141989248,0.303513068812,1.0,-0.0487234285714,-0.0640365061224,1.07
0.45545007003,0.479098106984,-0.124487509204,-1.46355812731,0.0730588848428,1.93348130911,0.144378666984,-0.0422434343883,-0.269869478279,-0.00455730840721,-0.422319115865,-0.0247491327161,0.146351453992,-0.0547565671204,0.573855420315,0.81894194169,0.00219080295468,0.0,0.818900413384,-0.573794339385,-0.0119547459265,0.0,-0.00853333680051,0.0086545118198,-0.999926138066,0.0,0.648617301276,0.244049892556,0.303492267404,1.0,-0.0553885714286,-0.0727964081633,1.086
0.454657135556,0.474142469408,-0.124569338724,-1.47117132814,0.0725886795265,1.93626994399,0.143272950918,-0.0522296236599,-0.300879012227,-0.00260168785594,-0.464156390902,-0.0384241852146,0.169124182959,-0.0677904083241,0.573899756697,0.818910600362,0.00229014825577,0.0,0.818870487727,-0.573838394545,-0.0118898350027,0.0,-0.00842269908496,0.00869907571854,-0.999926689424,0.0,0.647660312259,0.242765568666,0.30354290127,1.0,-0.0624702857143,-0.0821038040816,1.103
0.453858965509,0.469305687202,-0.124617089309,-1.47857995149,0.0721586541616,1.93894703475,0.142145290277,-0.051625391827,-0.333845117006,-0.000326399084853,-0.506763064418,-0.0311051119733,0.197045325605,-0.082526778977,0.573903201479,0.818907889553,0.00239388002291,0.0,0.818868793044,-0.573841083129,-0.011876783766,0.0,-0.00835244603377,0.00877656684777,-0.999926601566,0.0,0.646710146348,0.241520765378,0.303592373843,1.0,-0.0687188571429,-0.0903162122449,1.118
0.452914424834,0.463646417174,-0.124657121748,-1.48718371204,0.0716008982877,1.94209845237,0.140741484791,-0.0638611838885,-0.37057016482,-0.00511452924953,-0.569578364493,-0.0340175010031,0.192666808826,-0.0949427597432,0.5738175067,0.818967464134,0.00255119497753,0.0,0.818930503468,-0.573754896694,-0.0117854109528,0.0,-0.00818826516046,0.00885209694605,-0.999927293704,0.0,0.645530769803,0.239969330921,0.30367528712,1.0,-0.0758005714286,-0.0996236081633,1.135
0.451653040541,0.456311871905,-0.124728358172,-1.49859634882,0.0708541095509,1.94596886599,0.139046292843,-0.0651714678266,-0.398495663339,-0.00471958601586,-0.622982784292,-0.034537740515,0.209415647064,-0.0993019799329,0.573833425866,0.818956853261,0.00237039152282,0.0,0.818917236536,-0.573771183987,-0.0119136489329,0.0,-0.008396863756,0.00877777345643,-0.999926218964,0.0,0.644065191479,0.238106574863,0.303628702561,1.0,-0.0832988571429,-0.109478497959,1.153
0.450403987772,0.449083108647,-0.124830193716,-1.5093611082,0.0700969762691,1.94997399577,0.137315849951,-0.0756201727063,-0.441303846751,-0.00255993113564,-0.641630685522,-0.0452983751109,0.252853403118,-0.0966736834802,0.573797644931,0.818980856079,0.00271421236115,0.0,0.818946622933,-0.573735128176,-0.0116266240017,0.0,-0.00796489685022,0.00889429576049,-0.99992872342,0.0,0.642692431749,0.236219193587,0.30381678249,1.0,-0.0903805714286,-0.118785893878,1.17
0.449106359845,0.441897994308,-0.124851905276,-1.52029139592,0.0694069239145,1.95384944145,0.135639477548,-0.0789929357707,-0.463341634754,-0.00199553609841,-0.714878020794,-0.0439163371722,0.233589162213,-0.108792699582,0.573805687249,0.818974803659,0.00283745556933,0.0,0.818941732221,-0.573742259776,-0.0116191856735,0.0,-0.00788800400381,0.00899103870507,-0.999928467749,0.0,0.641219999576,0.234333946422,0.303870850501,1.0,-0.0970457142857,-0.127545795918,1.186
0.447609530237,0.433773104621,-0.124895477791,-1.53270378945,0.0685585860193,1.95810624634,0.133615793455,-0.0871089595597,-0.496136937478,-0.00363536760006,-0.740230703022,-0.0494378439191,0.266626723119,-0.123791970745,0.573707958101,0.8190432495,0.00284273829608,0.0,0.819010061257,-0.573644314206,-0.0116390394882,0.0,-0.00790230820704,0.00900581423485,-0.999928221841,0.0,0.639406575747,0.232025733515,0.303905160472,1.0,-0.104544,-0.137400685714,1.204
0.445971482812,0.425160509182,-0.124927000812,-1.54577722461,0.067637670509,1.96272159287,0.131482691918,-0.0960629026458,-0.508928753405,-0.00378399351904,-0.799927849074,-0.0516216657777,0.269081858669,-0.126978503537,0.573642629012,0.819088818689,0.0028962354762,0.0,0.819056454004,-0.57357896352,-0.0115950275059,0.0,-0.00783628851274,0.00902375615629,-0.999928579653,0.0,0.63770915237,0.229834938591,0.303924277904,1.0,-0.111209142857,-0.146160587755,1.22
0.444167572838,0.416044251741,-0.125046994453,-1.55959361092,0.0666362149601,1.967432199,0.129213782075,-0.106274249534,-0.552899574807,-0.00813947152474,-0.841775591703,-0.0570819886242,0.293914134829,-0.130725383004,0.573651148304,0.81908300811,0.00285180219383,0.0,0.81905042945,-0.57358804342,-0.0115714028779,0.0,-0.00784233082588,0.00897389113517,-0.999928981041,0.0,0.63578120405,0.227280899618,0.303947030758,1.0,-0.118290857143,-0.155467983673,1.237
0.442216429819,0.406474485919,-0.125121950008,-1.5741147866,0.0656650591557,1.97244627106,0.126795137633,-0.122318965005,-0.568850765999,-0.001201574832,-0.852743182573,-0.0580857957875,0.29997699227,-0.143177473249,0.57365007053,0.819083575346,0.00290518179054,0.0,0.819051262264,-0.573586300367,-0.011598823912,0.0,-0.00783418451683,0.00903333288748,-0.99992850967,0.0,0.633727764916,0.224616842143,0.303945618047,1.0,-0.125372571429,-0.164775379592,1.254
0.440165744615,0.396991403651,-0.12523790954,-1.58831203079,0.0646872192526,1.97728147717,0.124385705578,-0.130886556285,-0.616425612276,-0.0116805877223,-0.89331580614,-0.0664983886384,0.315345101398,-0.150590306308,0.573738805013,0.819021028622,0.00301416636504,0.0,0.818990024362,-0.573674548197,-0.0115585313956,0.0,-0.00773767871962,0.00910032538481,-0.999928653658,0.0,0.631590815735,0.221724537549,0.304012707752,1.0,-0.132454285714,-0.17408277551,1.271
0.43787823545,0.386586163002,-0.125367291149,-1.60407949482,0.0634615998989,1.98258284815,0.121667906585,-0.137298078525,-0.627040991941,-0.0100654942954,-0.960315937116,-0.0702307830346,0.30103602211,-0.160009781476,0.57374213306,0.819019258444,0.00285761286165,0.0,0.818986808419,-0.573679058595,-0.0115625371761,0.0,-0.00783073873337,0.00897443476593,-0.99992906701,0.0,0.629428170068,0.218858706253,0.303948888364,1.0,-0.139119428571,-0.182842677551,1.287
0.435576970664,0.376284305948,-0.125469033724,-1.61932803901,0.0623435370628,1.98764794343,0.118911909103,-0.144876965076,-0.658546481166,-0.00637520082526,-0.973330288549,-0.0707001366446,0.319580843831,-0.176386220893,0.573700975534,0.819047825888,0.00293197558671,0.0,0.819016263753,-0.573637578971,-0.0115340626806,0.0,-0.0077652070893,0.00901861233839,-0.999929180587,0.0,0.627178150464,0.215898483289,0.304023602747,1.0,-0.145784571429,-0.191602579592,1.303
0.433044892009,0.365735376841,-0.125591324981,-1.63508637719,0.0611484421196,1.99287303628,0.116133587169,-0.162789554208,-0.672064706131,-0.0135491662612,-0.980302217457,-0.0747150177754,0.328933114294,-0.178343633138,0.573822232577,0.81896300527,0.00289625636445,0.0,0.818931126365,-0.573759103839,-0.0115346405794,0.0,-0.00778484033976,0.00899084079758,-0.999929278021,0.0,0.624841553586,0.212739153227,0.304008401004,1.0,-0.152449714286,-0.200362481633,1.319
0.430719747137,0.356136509517,-0.125702525213,-1.6492601145,0.0600123306407,1.99756178683,0.113500646298,-0.170473846238,-0.680671071727,-0.00273052148198,-1.01146173495,-0.084674321798,0.329107135023,-0.193772794588,0.573823243689,0.818962202213,0.00292288391713,0.0,0.818931216917,-0.573760667609,-0.0114501163557,0.0,-0.00770032493377,0.00896415637882,-0.99993017201,0.0,0.622713944359,0.209871812365,0.304042086963,1.0,-0.158281714286,-0.208027395918,1.333
0.42715867759,0.341885695334,-0.125865065795,-1.67013133703,0.0584869086939,2.00432924421,0.109591564601,-0.173965952526,-0.734934005793,-0.0101023248975,-1.05154155586,-0.0811147731137,0.339260123592,-0.189632920204,0.57393023097,0.818886776712,0.00304693391508,0.0,0.818856754677,-0.573866506079,-0.011471504817,0.0,-0.00764547748264,0.00907902062587,-0.999929556548,0.0,0.61950958878,0.205604438653,0.304112695934,1.0,-0.166613142857,-0.218977273469,1.353
0.423963062716,0.329530040915,-0.125947423637,-1.68841747224,0.0570169376586,2.01013377814,0.106063061449,-0.192364148582,-0.730844666493,-0.00396613018008,-1.06514848412,-0.0866364444575,0.33668995915,-0.214618367779,0.573878832346,0.818923363528,0.00289090878597,0.0,0.818891164399,-0.573815424159,-0.0115700807062,0.0,-0.0078163118452,0.00900733748689,-0.999928884042,0.0,0.616615576215,0.201851137528,0.304035299091,1.0,-0.173694857143,-0.228284669388,1.37
0.420570530774,0.316596894574,-0.125976638988,-1.7071647398,0.055437919599,2.0160922995,0.102397333594,-0.198644541348,-0.779132634592,-0.000221212533814,-1.11772170136,-0.0886698944053,0.345134422018,-0.221420967697,0.573783485846,0.818989988839,0.00294218498218,0.0,0.818958731151,-0.573720246622,-0.0115074840256,0.0,-0.007736672075,0.00901250589599,-0.999929456833,0.0,0.613607793775,0.197983375733,0.304085027068,1.0,-0.180776571429,-0.237592065306,1.387
0.416981316235,0.303326033143,-0.126082035957,-1.72626523096,0.0538334150727,2.0221146868,0.098408609153,-0.212697513869,-0.789959179618,-0.00384423991333,-1.13842250671,-0.0955063553704,0.356530945117,-0.246185173381,0.573615821415,0.819107077789,0.00303832853406,0.0,0.819077344801,-0.573552638404,-0.0114202064803,0.0,-0.007611877163,0.00903961122976,-0.999930169939,0.0,0.610508465611,0.193944552546,0.304148162012,1.0,-0.187858285714,-0.246899461224,1.404
