position_joint1,position_joint2,position_joint3,position_joint4,position_joint5,position_joint6,position_joint7,velocity_joint1,velocity_joint2,velocity_joint3,velocity_joint4,velocity_joint5,velocity_joint6,velocity_joint7,ee_T_00,ee_T_10,ee_T_20,ee_T_30,ee_T_01,ee_T_11,ee_T_21,ee_T_31,ee_T_02,ee_T_12,ee_T_22,ee_T_32,ee_T_03,ee_T_13,ee_T_23,ee_T_33,v_x,v_y,time
0.465082243817,0.547635872333,-0.123953398141,-1.3557705347,0.0794351284465,1.8940868517,0.15917398631,-0.000534387860713,-0.00117991845469,-0.00124490694501,-8.74769136453e-05,-7.12239297801e-05,-7.32140777383e-05,0.000857551554073,0.573765364032,0.819005315087,0.0020851374436,0.0,0.818964387123,-0.573706708464,-0.0117767648305,0.0,-0.00844913832337,0.00846491604454,-0.999928476071,0.0,0.661685874847,0.260914380915,0.303344581311,1.0,0.0,0.0,0.0
0.465077193178,0.54762868976,-0.123948389641,-1.35577304917,0.0794322325531,1.89408649854,0.15917794576,-0.00343117987557,-0.00249237761559,0.00485620826871,-0.0024176098309,-7.11540503675e-05,-0.000110135819947,0.00128608918171,0.573762641498,0.819007219052,0.00208644722454,0.0,0.818966318373,-0.573703991427,-0.0117748245508,0.0,-0.00844682583711,0.00846484741394,-0.999928496189,0.0,0.661685383561,0.260917001508,0.303346160957,1.0,-0.00016,-0.000210285714286,0.009
0.465081878346,0.547640451502,-0.123950895295,-1.35576783904,0.0794330602481,1.89408754655,0.159177134388,0.000386484732001,0.00171980641971,-0.000600365342659,-0.00123962913646,-0.000102365264833,-0.000737811510765,-0.000898757136596,0.573765810779,0.819005006713,0.0020833293633,0.0,0.818964065086,-0.573707172079,-0.0117765743331,0.0,-0.00845001503215,0.00846333055002,-0.999928482084,0.0,0.661686146911,0.260915559209,0.303342594162,1.0,-0.00036,-0.000473142857143,0.019
0.465076193906,0.547627627944,-0.123953745581,-1.35577490858,0.0794327207009,1.89408685176,0.15917178049,3.67972807081e-08,-0.00151824031323,-0.000314560836471,-0.000403624488845,-3.20169011556e-08,0.000275411816787,-0.0013170793122,0.573768341236,0.819003223584,0.00208740394633,0.0,0.818962344264,-0.57370969568,-0.0117733029068,0.0,-0.008444971742,0.00846481668299,-0.99992851211,0.0,0.661686883817,0.260909376121,0.303348346945,1.0,-0.00066,-0.000867428571429,0.034
0.465077016273,0.547591723908,-0.12394880188,-1.35581834004,0.0794325892841,1.89409390566,0.159174041188,0.000772072467623,-0.000202263374423,0.00146676497638,-0.00390095241021,0.000240632808258,0.000340318793856,-0.00118983021496,0.57376838557,0.819003185686,0.00209008574623,0.0,0.818962282748,-0.573709670916,-0.0117787874622,0.0,-0.00844792469813,0.00847016033685,-0.999928441916,0.0,0.661677940396,0.260908554945,0.303353558033,1.0,-0.001,-0.00131428571429,0.051
0.465080064499,0.547458179212,-0.123948801882,-1.35594966791,0.0794320727295,1.89412195369,0.159167657089,0.00139415381131,-0.00514823151123,-0.00376976477201,-0.00816636764682,0.000107113422242,0.00364516170899,-0.00230395660519,0.573767645035,0.819003622368,0.00212201805179,0.0,0.818963042335,-0.573708713428,-0.0117726092081,0.0,-0.00842455153849,0.00849276013276,-0.999928447418,0.0,0.661656190879,0.260898562166,0.303388086121,1.0,-0.00132,-0.00173485714286,0.067
0.465068321588,0.547330035829,-0.123949512165,-1.35614100413,0.0794247168399,1.89417418349,0.159169130305,0.00114067408005,-0.00712091178794,-0.00107309966532,-0.0163663220324,-0.00387185126501,0.00486988163736,0.00157749530911,0.573787592801,0.818989664513,0.00211534159011,0.0,0.818948940782,-0.573728627408,-0.0117830975135,0.0,-0.00843676548635,0.00849351543909,-0.999928338024,0.0,0.661629763323,0.260871705202,0.303392332484,1.0,-0.00166,-0.00218171428571,0.084
0.465048503816,0.547153465708,-0.123948805129,-1.35635158199,0.0794221702102,1.89428728481,0.159160812075,0.0010696963642,-0.0131284469917,-3.65849792402e-05,-0.00932167522838,0.000259996545857,0.00291033608416,-0.00235324278288,0.573807790234,0.818975323154,0.00218788333521,0.0,0.818935495735,-0.573748495237,-0.011750103859,0.0,-0.00836791144193,0.00853420076391,-0.999928570187,0.0,0.66161385432,0.260843607467,0.303426970276,1.0,-0.002,-0.00262857142857,0.101
0.465026187575,0.54697233512,-0.123949048387,-1.35655217932,0.079414892072,1.89439203703,0.159149532811,0.000119460063375,-0.00868490370618,-0.000798183596367,-0.0153587828893,-0.000528319698536,0.00390910477989,0.00102493699683,0.573826399973,0.818962079746,0.00226308030907,0.0,0.818923229875,-0.573766819622,-0.011710131209,0.0,-0.00829183266098,0.00857303652854,-0.999928871748,0.0,0.661599815267,0.260813216871,0.303468880182,1.0,-0.00232,-0.00304914285714,0.117
0.464996352552,0.546756653411,-0.123948427133,-1.35683126914,0.0794098702099,1.89452881924,0.159124916033,-0.00391196565009,-0.0156526845195,-0.000356664676147,-0.0192698526689,-0.000587616990741,0.0167924376278,0.000710000850629,0.573844675019,0.81894908227,0.00233163066927,0.0,0.818911060517,-0.57378477486,-0.0116813527712,0.0,-0.00822873738169,0.00861284605284,-0.999929050865,0.0,0.661576699024,0.260772027745,0.303500650412,1.0,-0.00266,-0.003496,0.134
0.464959127488,0.546491165722,-0.123949515092,-1.35723040117,0.0793982599418,1.89466939023,0.159057112685,-0.000746877407071,-0.0125990926759,-0.000878628009852,-0.0208257680491,0.000515705536453,0.00689540576631,-0.0102794045755,0.573839578135,0.818952616342,0.00234470770495,0.0,0.818914648415,-0.573779509295,-0.0116884654933,0.0,-0.00822711255775,0.00862758570129,-0.999928937167,0.0,0.661530781941,0.260710545445,0.303510912491,1.0,-0.00302,-0.00396914285714,0.152
0.464920417409,0.546241337065,-0.123948672677,-1.35759837743,0.0793823117206,1.89480588158,0.158939282785,-0.00378637688806,-0.0176509155179,0.001213589753,-0.0233351547344,-0.000119493301407,0.00461384119915,-0.00356388550989,0.573790518192,0.818986932033,0.00236501448626,0.0,0.818949162182,-0.573730312351,-0.0116852621969,0.0,-0.00821335466925,0.00864188566632,-0.999928926783,0.0,0.661490947822,0.260651713937,0.303524474638,1.0,-0.00332,-0.00436342857143,0.167
0.464876634726,0.545950150258,-0.123951752538,-1.35808919958,0.0793596772465,1.89497270067,0.158938156405,-0.00239146309804,-0.0171986540015,-0.000819488782996,-0.0299824753053,6.44768827396e-05,0.0125124908685,0.000466983251819,0.573848988475,0.818946038355,0.00233914289085,0.0,0.818907868044,-0.573788802562,-0.011707288821,0.0,-0.00824562255523,0.0086339245953,-0.999928729988,0.0,0.661432624109,0.260574190041,0.303511583304,1.0,-0.00366,-0.00481028571429,0.184
0.464815748172,0.545604077023,-0.123950309028,-1.3586670226,0.0792823078006,1.89517425778,0.158862868186,6.1599060167e-05,-0.0144750952338,-0.000238675631055,-0.0331403961582,-0.00129389332025,0.00703857865978,-0.00505764317826,0.573847894945,0.818946943855,0.00228987316352,0.0,0.818908477059,-0.573788249018,-0.0116918086898,0.0,-0.00826122773591,0.00858468163146,-0.99992902516,0.0,0.661369136708,0.260471863407,0.303498887909,1.0,-0.00402,-0.00528342857143,0.202
0.464755677801,0.545260079907,-0.123952413576,-1.35925297971,0.0792241968083,1.89536965821,0.158745288801,-0.000927304202294,-0.0206826335006,-0.000109216530542,-0.0391035207657,0.000294559896885,0.0176671381523,-0.000357015697175,0.573825153489,0.818963016984,0.00223985188784,0.0,0.818924042113,-0.573765842198,-0.01170121695,0.0,-0.00829787319073,0.00854888576663,-0.999929028408,0.0,0.661296721257,0.26036378399,0.303481138507,1.0,-0.00436,-0.00573028571429,0.219
0.464694683152,0.544827989212,-0.123955194478,-1.35998937321,0.0792135818979,1.8956114455,0.158707876173,-0.0043717360626,-0.0229271445995,-0.00103549110809,-0.0421409656173,-0.0058044762277,0.0160577134558,2.49307680919e-05,0.573878864026,0.818925485582,0.00220122438825,0.0,0.81888571403,-0.573819389374,-0.0117576629201,0.0,-0.0083657056476,0.00855019006277,-0.99992845205,0.0,0.661209442276,0.260260746788,0.303456861567,1.0,-0.0047,-0.00617714285714,0.236
0.464630707577,0.544425228925,-0.123955803274,-1.36067029899,0.0791891431062,1.89584069336,0.158589390185,-0.00351978832412,-0.0202456268892,0.00101932012024,-0.0422491705526,0.000406880746843,0.0128297315756,-0.00973514584868,0.573866033533,0.818934563573,0.00216865037266,0.0,0.818894183407,-0.573806497459,-0.0117968961217,0.0,-0.00841666234923,0.00854589769639,-0.999928061126,0.0,0.661127368267,0.260154160644,0.303437698137,1.0,-0.00502,-0.00659771428571,0.252
0.464567843906,0.543988413312,-0.123956596997,-1.36138452142,0.079160636893,1.89610693535,0.158513779437,-0.00483294722317,-0.0259435164755,0.000161201805196,-0.0447357894993,-0.000514477049105,0.0185862072261,-0.00077684668468,0.573888419755,0.818918883544,0.00216581309857,0.0,0.818878337087,-0.573828760677,-0.0118139481077,0.0,-0.00843202169099,0.00855359012234,-0.999927865951,0.0,0.661045811892,0.260046558566,0.30342996114,1.0,-0.00534,-0.00701828571429,0.268
0.464497612581,0.543482091032,-0.123961686911,-1.36221706772,0.07911506354,1.89639106681,0.158403493058,-0.00601562400973,-0.0267646509032,0.000285577447308,-0.0466987324933,0.000209324023967,0.0128953781294,-0.00730379745212,0.573893294695,0.818915558056,0.002131191751,0.0,0.818874502953,-0.573833712524,-0.0118391589707,0.0,-0.00847248492238,0.00853975695067,-0.999927642157,0.0,0.660946175253,0.259916919312,0.303416702784,1.0,-0.00568,-0.00746514285714,0.285
0.464423192969,0.542919136495,-0.123969976648,-1.36313976506,0.0790621035455,1.89671390095,0.158289010642,-0.00239073397414,-0.035769163937,0.000957983124475,-0.050336494012,-0.00560125776903,0.0106424614667,-0.00602408960957,0.573903440861,0.818908531333,0.00209875670658,0.0,0.818867035599,-0.573843968097,-0.0118585491799,0.0,-0.00850687199975,0.00852442898241,-0.99992748099,0.0,0.660837095225,0.259774138543,0.303403992935,1.0,-0.00604,-0.00793828571429,0.303
0.464350956491,0.542343330948,-0.123967979633,-1.36404761387,0.0790013463086,1.89703961107,0.158163710371,-0.00611467950877,-0.0307295982949,-0.000890988419779,-0.0534023786365,-0.00338173553394,0.0203034521446,-0.00400791619469,0.573892781676,0.818916022369,0.00209053783517,0.0,0.818874439556,-0.573833363107,-0.0118604607325,0.0,-0.00851326487661,0.00851868481097,-0.999927475535,0.0,0.660729715276,0.259639636697,0.303407262622,1.0,-0.00638,-0.00838514285714,0.32
0.464283402852,0.541769359241,-0.12396843242,-1.36493058382,0.07895576853,1.89737158933,0.158047645588,-0.00348005922926,-0.0401397431721,0.00103802561637,-0.0534810054008,-0.00339863730418,0.0222353638952,-0.00555248161459,0.573890262734,0.81891772758,0.00211392875684,0.0,0.818876381171,-0.573830682583,-0.0118560949376,0.0,-0.00849629272274,0.00853530810031,-0.999927478133,0.0,0.66062763594,0.259512626959,0.303421654299,1.0,-0.0067,-0.00880571428571,0.336
0.464197823539,0.541167171268,-0.1239640338,-1.36585186166,0.0788902982522,1.89771059323,0.157922401784,-0.00271296757226,-0.0376424405056,-0.00351391661537,-0.0646859894732,-0.00672189149222,0.0271645774318,-0.00740123602391,0.573890316529,0.818917680132,0.00211770216572,0.0,0.818876429533,-0.57383076825,-0.0118486061095,0.0,-0.00848799378753,0.0085341010068,-0.999927558917,0.0,0.660514296269,0.25936006895,0.303432763011,1.0,-0.00704,-0.00925257142857,0.353
0.464114185592,0.540472411258,-0.123969321469,-1.36691599273,0.0788440476282,1.8980977201,0.157791932459,-0.011933159064,-0.0410414275025,0.00105489313092,-0.0608548329159,-0.000609170776727,0.0255592591949,-0.00944359314738,0.573900184178,0.818910679321,0.00215053398765,0.0,0.818869713042,-0.573840360033,-0.0118482555826,0.0,-0.00846876288009,0.00856088803401,-0.999927492997,0.0,0.660398694087,0.259212904246,0.30345643592,1.0,-0.00736,-0.00967314285714,0.369
0.464017447933,0.539747786533,-0.123979652734,-1.36801325066,0.0787697495485,1.89851499214,0.157649196053,-0.0099596366749,-0.0374326891121,-0.00160919569774,-0.0637452170723,-0.00447366673576,0.0211943291601,-0.00887156055616,0.573910660189,0.818903256183,0.00218129222838,0.0,0.818862820031,-0.573850845335,-0.0118167753533,0.0,-0.00842522163684,0.00856811741257,-0.999927798896,0.0,0.660279051095,0.259038600783,0.303482730486,1.0,-0.0077,-0.01012,0.386
0.463910326521,0.539001763198,-0.123969387272,-1.36916196391,0.0787078557333,1.8989522537,0.157512343081,-0.00330311349331,-0.0418664093994,0.00141347292942,-0.0659250368936,-0.00239743671163,0.0227061850377,-0.00799850503679,0.573926111379,0.818892332652,0.00221655185982,0.0,0.818852246043,-0.573866045889,-0.0118113262173,0.0,-0.00840036235952,0.00859402245658,-0.999927785738,0.0,0.660149123625,0.258866931275,0.303500620396,1.0,-0.00804,-0.0105668571429,0.403
0.463808057862,0.538282837371,-0.123983327179,-1.37028215221,0.078642707173,1.8993917573,0.15736245691,-0.00829561348273,-0.0444227203374,-0.000992156019626,-0.0717360626627,-0.00528196906019,0.0266811621575,-0.00783202824264,0.573941478863,0.818881482594,0.00224570870287,0.0,0.818841844224,-0.573881369684,-0.011787899686,0.0,-0.0083642834236,0.00860461049974,-0.999927997128,0.0,0.660029768911,0.258687091253,0.303513808814,1.0,-0.00836,-0.0109874285714,0.419
0.463684894258,0.537452373221,-0.123986737581,-1.37159081988,0.0785560716696,1.89988859863,0.157201457328,-0.00382442083932,-0.0437535374334,-0.000496653251362,-0.0758721751611,-0.00705885347596,0.0242437698218,-0.00688924761756,0.573961921455,0.81886712818,0.0022552176413,0.0,0.818827701018,-0.573901863541,-0.0117725940352,0.0,-0.00834607734962,0.00860382101966,-0.999928156048,0.0,0.659885074785,0.258479094725,0.30352053153,1.0,-0.00872,-0.0114605714286,0.437
0.463569969241,0.536619676997,-0.123991798837,-1.37289554259,0.0784871238477,1.90037565757,0.1570391612,-0.0070441700913,-0.0492211835896,-0.0023788846028,-0.0753026705972,-0.00557780984775,0.0236211677788,-0.00439412986576,0.573980076091,0.818854358111,0.00227142135702,0.0,0.818815071731,-0.573919882064,-0.0117726028797,0.0,-0.0083365938023,0.00861727944741,-0.999928119266,0.0,0.659736364541,0.258278284136,0.303529788695,1.0,-0.00906,-0.0119074285714,0.454
0.463456004775,0.535816119744,-0.12399598141,-1.37415077128,0.0784148364922,1.90083989013,0.156890252857,-0.00647394601344,-0.0535492329262,-0.000356163423925,-0.0819443439453,-0.00428302286434,0.0222259638284,-0.0071726067242,0.574004014968,0.818837546823,0.00228245810787,0.0,0.818798380606,-0.573943751891,-0.0117698124045,0.0,-0.00832772208034,0.00862495863529,-0.999928126984,0.0,0.659593259021,0.258082040287,0.303539864114,1.0,-0.00938,-0.012328,0.47
0.463349431526,0.534918918199,-0.124002706105,-1.37556690031,0.0783357004586,1.90135018595,0.156725704951,-0.000136991536039,-0.0472467501451,-6.50538647681e-06,-0.085176771227,-0.00474669326335,0.0255414596554,-0.00237702144081,0.574017695417,0.818827972881,0.00227663738405,0.0,0.818788672228,-0.573957391971,-0.0117800396239,0.0,-0.00833929366754,0.00862620217879,-0.999928019818,0.0,0.659423194941,0.257873361366,0.303543359218,1.0,-0.00972,-0.0127748571429,0.487
0.463220774376,0.534026832865,-0.124003122731,-1.37704331999,0.0782573771568,1.90188622777,0.156536715704,-0.00432622983117,-0.0504209444473,0.000495113827142,-0.0868698254737,0.000913975436558,0.0259271671952,-0.00949494698538,0.574028509006,0.818820493584,0.00223987416013,0.0,0.818780583178,-0.573968209909,-0.0118151396645,0.0,-0.00838902344447,0.00861635836802,-0.999927688713,0.0,0.659247966768,0.257648451409,0.303516421656,1.0,-0.01006,-0.0132217142857,0.504
0.463103910499,0.533154417187,-0.124008759992,-1.37843553698,0.0781738882443,1.90241447064,0.156360049298,-0.00363700607246,-0.0543395082303,-0.000326637893414,-0.0830165917025,-0.000439993133311,0.0349645364666,-0.00538335277826,0.574037360782,0.818814275414,0.00224448340695,0.0,0.818774445687,-0.573977064022,-0.0118103331047,0.0,-0.00838234873351,0.00861746401563,-0.999927735161,0.0,0.659088336948,0.257436675685,0.303514984302,1.0,-0.01038,-0.0136422857143,0.52
0.462977603035,0.53219706081,-0.124006248455,-1.37996632593,0.078083588803,1.90299816095,0.156165543315,-0.00656563111941,-0.0537958952182,-5.74112957155e-05,-0.0900101328386,-0.00913888718432,0.031568347879,-0.0115865956093,0.574039226162,0.818812943813,0.00225316947347,0.0,0.818773197238,-0.573978864892,-0.0118093625341,0.0,-0.00837654851883,0.0086240381437,-0.999927727089,0.0,0.658910316976,0.257210755202,0.303511842848,1.0,-0.01072,-0.0140891428571,0.537
0.462839501442,0.531158241408,-0.124003823134,-1.38165604628,0.0779861197976,1.90360961138,0.155965079182,-0.00643081489164,-0.0632548656308,-6.09562308391e-05,-0.0972933077153,-0.00138411906707,0.0345627053706,-0.00863954027258,0.574052322625,0.818803848919,0.00222143782961,0.0,0.818763591026,-0.573991982087,-0.011837795853,0.0,-0.00841790737504,0.00861451247483,-0.999927461874,0.0,0.658705926622,0.256959977892,0.303492672914,1.0,-0.01108,-0.0145622857143,0.555
0.462724974607,0.530257490316,-0.12400393031,-1.38309703416,0.0778949136299,1.90410977698,0.155758791089,-0.0116362619682,-0.059666631514,-0.00067182022822,-0.0972158970698,-0.00744151682954,0.0346844711618,-0.00797964659127,0.574038211135,0.818813852761,0.00218027175065,0.0,0.818773070367,-0.573978046049,-0.0118578580503,0.0,-0.00845811316127,0.00859217684464,-0.999927314768,0.0,0.658517568461,0.256723391273,0.303484105002,1.0,-0.0114,-0.0149828571429,0.571
0.462571304975,0.529153131409,-0.124014563911,-1.38485260686,0.0777858919349,1.90475354257,0.155526205505,-0.00899703586098,-0.0615801845594,-0.00187326831019,-0.100494697309,-0.0111354554683,0.0322489959423,-0.0125444381707,0.574039723928,0.818812807484,0.00217452381031,0.0,0.818771946704,-0.573979577839,-0.0118612990318,0.0,-0.00846421426432,0.0085894612887,-0.999927286472,0.0,0.658322556892,0.256469281058,0.303483189472,1.0,-0.01174,-0.0154297142857,0.588
0.462430075481,0.528059184427,-0.124004515721,-1.38655674357,0.0776834235821,1.90541104987,0.155292956442,-0.00561992804025,-0.0614588159255,-0.00215732175296,-0.0951378980035,-0.0112487581794,0.0359796506261,-0.0153072984766,0.574022162243,0.81882500734,0.00221619256466,0.0,0.818784647783,-0.573961811873,-0.0118442377335,0.0,-0.00842651038564,0.00861360524097,-0.999927397228,0.0,0.658123351296,0.256222280985,0.303498981744,1.0,-0.01208,-0.0158765714286,0.605
0.462294522736,0.526983173576,-0.124017185981,-1.38821068336,0.0775799590993,1.90603815946,0.155063364828,-0.00755952976949,-0.0673237298537,-0.00101591226279,-0.108250804521,-0.0110304301109,0.0369281488069,-0.0169941031204,0.574015688827,0.818829445642,0.00225273865842,0.0,0.818789651152,-0.573955288599,-0.0118144300689,0.0,-0.00838119332103,0.00862635339841,-0.999927668197,0.0,0.657932647281,0.255969337733,0.303523856265,1.0,-0.0124,-0.0162971428571,0.621
0.462146978542,0.525808590819,-0.124017873406,-1.39002600642,0.0774611832421,1.9067119471,0.15482077997,-0.00348337246572,-0.0766783928217,-0.000893204670421,-0.109691097202,-0.00978584198599,0.0410402305975,-0.0155419371622,0.574004183916,0.818837447211,0.00227569597337,0.0,0.818798010043,-0.573943757243,-0.011795302983,0.0,-0.00835247509745,0.00863405482959,-0.999927842025,0.0,0.657716675647,0.255698351839,0.303544646129,1.0,-0.01274,-0.016744,0.638
0.461983354582,0.524648899852,-0.124021895761,-1.39186518109,0.077338829645,1.90736939054,0.154567486388,-0.0112438895097,-0.0693206820241,-0.000619845514125,-0.110253299861,-0.0109760251103,0.0407015271051,-0.0104491150296,0.573999388628,0.818840879221,0.00225017164849,0.0,0.818801162794,-0.573939115054,-0.0118023268818,0.0,-0.00837292740089,0.00861713748341,-0.999927816909,0.0,0.657495926917,0.255410194235,0.30354200435,1.0,-0.01308,-0.0171908571429,0.655
0.461842775226,0.52351910081,-0.124025125686,-1.39365112208,0.0772351844065,1.90801346819,0.154328582819,-0.00926751293074,-0.073367434578,0.00178241704179,-0.10723265842,-0.00247524505821,0.0418797956637,-0.00874582357849,0.573989009548,0.818848178002,0.00224169638344,0.0,0.818808272786,-0.573928689279,-0.0118160459114,0.0,-0.00838913531551,0.00861796595587,-0.99992767392,0.0,0.657276572496,0.255145709204,0.303542228802,1.0,-0.0134,-0.0176114285714,0.671
0.461673453536,0.522232635107,-0.124029641544,-1.3957059892,0.0771063548749,1.90880754492,0.154042402712,-0.0145644663807,-0.0702074366672,-6.8320452579e-06,-0.118089265557,-0.00482927621925,0.0510311870176,-0.0214207075781,0.573972046199,0.818860024828,0.00225761440014,0.0,0.818820394921,-0.573911736764,-0.0117994138027,0.0,-0.00836655796027,0.00862128038534,-0.999927834512,0.0,0.657036385712,0.254837839593,0.303537303498,1.0,-0.01376,-0.0180845714286,0.689
0.461505528557,0.520996768982,-0.124031890416,-1.39770083235,0.0769903391758,1.9095760264,0.153781542627,-0.0091877099368,-0.0699658381063,0.0013635119743,-0.119640374533,-0.00228521310087,0.0398677720542,-0.0164685309048,0.573973078842,0.818859280486,0.00226504464448,0.0,0.818819719159,-0.573912711768,-0.0117988850536,0.0,-0.00836184960288,0.00862707169867,-0.999927823948,0.0,0.65680161699,0.254539036568,0.303522773547,1.0,-0.0141,-0.0185314285714,0.706
0.461344163484,0.519787426668,-0.124038669123,-1.39962881425,0.0768661768217,1.91027350768,0.153520942412,-0.0119882015706,-0.0758286625925,-5.3637409512e-05,-0.121018236304,-0.0114319901302,0.0450652571275,-0.014126544208,0.573965698456,0.818864519262,0.00224120307973,0.0,0.818824684905,-0.573905462383,-0.0118068852156,0.0,-0.00838216207891,0.00861206533389,-0.999927783237,0.0,0.656566873288,0.254243456893,0.303515046135,1.0,-0.01442,-0.018952,0.722
0.461180920352,0.518432189871,-0.124041441487,-1.40169693286,0.0767294613445,1.91101045825,0.153235371736,-0.00939863445091,-0.0793290691,-0.00128845840556,-0.122321367893,-0.00552774348423,0.0451573488793,-0.022649001403,0.573940106725,0.818882413926,0.00225675796235,0.0,0.818842821327,-0.573879854471,-0.0117937905433,0.0,-0.00836278074787,0.00861702536449,-0.999927902787,0.0,0.656310301854,0.253934977717,0.303545903821,1.0,-0.01476,-0.0193988571429,0.739
0.460988288512,0.517078451062,-0.124044682423,-1.40383189504,0.0765929204394,1.91177427087,0.152948690432,-0.0144816373958,-0.0814872680351,0.000344990605875,-0.123627720015,-0.0112111933218,0.0482063263998,-0.0158236316807,0.573941405913,0.81888155512,0.00223789259342,0.0,0.818841717872,-0.573881226914,-0.0118036167887,0.0,-0.00838164089731,0.00860722994602,-0.99992782924,0.0,0.656050029018,0.253600886215,0.303545876882,1.0,-0.0151,-0.0198457142857,0.756
0.460814520544,0.515722970672,-0.12405601185,-1.40597190136,0.0764606653009,1.91259605663,0.152639620686,-0.0104918092014,-0.0809243460909,-0.000500812754045,-0.129704214665,-0.00810643739942,0.046760934259,-0.0177682543962,0.573916193942,0.818899153576,0.00226395776882,0.0,0.818859727659,-0.573855992406,-0.0117810568252,0.0,-0.00834847246414,0.00861536900828,-0.999928036623,0.0,0.655796223152,0.253278495455,0.303549563031,1.0,-0.01544,-0.0202925714286,0.773
0.460635978713,0.514401562443,-0.124056785672,-1.40806690911,0.0763435724787,1.91336717651,0.152363073655,-0.00768338944655,-0.0835328072993,-0.000307789656623,-0.13546000128,-0.0050946190611,0.0489683078757,-0.018140379056,0.573915309284,0.818899766013,0.00226669247821,0.0,0.818860243387,-0.573854960884,-0.0117954469736,0.0,-0.00835869697413,0.00862585802691,-0.999927860777,0.0,0.65553928758,0.252963104826,0.303545663994,1.0,-0.01576,-0.0207131428571,0.789
0.460442857345,0.512991486842,-0.124059583805,-1.41034020912,0.0762043142817,1.91415410135,0.152038737709,-0.0147650575228,-0.0860329092131,-0.00122268353972,-0.135062486129,-0.00706717918153,0.0412115579242,-0.0203947367212,0.573891325071,0.818916751673,0.00220175815213,0.0,0.818876277971,-0.573831122975,-0.0118418994496,0.0,-0.00843425486352,0.00859909644637,-0.999927456811,0.0,0.655249980173,0.252614616999,0.303520063728,1.0,-0.0161,-0.02116,0.806
0.46024460105,0.511591331397,-0.124065947034,-1.41262199235,0.0760665178883,1.91498998071,0.15172333362,-0.015756121921,-0.0801858881524,-0.000220097404495,-0.133426793544,-0.00715917254175,0.047796988379,-0.0238801795266,0.573882228375,0.818923236209,0.00216056770382,0.0,0.818882181017,-0.573822144528,-0.0118687389125,0.0,-0.00847996775236,0.00858067393319,-0.999927228443,0.0,0.654969306543,0.252263119065,0.303487425573,1.0,-0.01644,-0.0216068571429,0.823
0.460048698064,0.510121732437,-0.124064793237,-1.41494242387,0.0759245343858,1.91587031383,0.15139846552,-0.0155031115382,-0.0859650589728,-1.16127457194e-05,-0.130417055437,-0.00395852007844,0.0496631853215,-0.0208114263221,0.573858695246,0.818939664709,0.00218411515086,0.0,0.818898899077,-0.57379850347,-0.0118582211371,0.0,-0.00845808848146,0.00859367825708,-0.999927302074,0.0,0.654687156659,0.25191625534,0.303488112179,1.0,-0.01678,-0.0220537142857,0.84
0.459793996779,0.508273929884,-0.124065306204,-1.41788560851,0.0757370422875,1.91692799122,0.150985524062,-0.010042430382,-0.0895851456635,0.00116609303623,-0.141043931211,-0.00991168486601,0.0435791388385,-0.0234653402295,0.573831599257,0.818958747055,0.00214784013901,0.0,0.818917472326,-0.573771518238,-0.0118812995155,0.0,-0.00849808828168,0.00857693405242,-0.999927106692,0.0,0.654318138651,0.251465870352,0.303471900003,1.0,-0.0172,-0.0226057142857,0.861
0.459605909173,0.506917626173,-0.124076939913,-1.42000626538,0.0756034862192,1.91768228299,0.150696598375,-0.0117209678812,-0.0858831916911,0.000737226261125,-0.140214941251,-0.00390906256716,0.053119076575,-0.0111595229658,0.573830862295,0.818959295751,0.00213548165,0.0,0.818917865085,-0.573770836078,-0.0118871700522,0.0,-0.00850999516643,0.00857017411745,-0.999927063389,0.0,0.654054025408,0.251131916145,0.303476794952,1.0,-0.0175,-0.023,0.876
0.459369077745,0.505244547984,-0.12408502676,-1.42260849059,0.0754381022182,1.91867282738,0.150340219623,-0.0134971367962,-0.0914367118023,-0.000119400198246,-0.148027878035,-0.00482437591041,0.0573942322429,-0.0143872835697,0.573828520532,0.818960816511,0.00218104199027,0.0,0.818920063561,-0.573768398201,-0.0118533380798,0.0,-0.00845616927049,0.00858804784551,-0.99992736668,0.0,0.65374229326,0.250726082995,0.303493793773,1.0,-0.01786,-0.0234731428571,0.894
0.459150110942,0.503583718918,-0.124089714573,-1.42507915844,0.0752740667076,1.91961980853,0.149991134006,-0.0121134080872,-0.0956655874016,0.000770198616783,-0.146920827245,-0.00967835682325,0.0557385841815,-0.0207373663361,0.5738079901,0.818974903931,0.00229000674564,0.0,0.818935713965,-0.573747596394,-0.0117787488904,0.0,-0.00833277430667,0.00863427477249,-0.999928004494,0.0,0.653446666164,0.250346723217,0.30356019736,1.0,-0.0182,-0.02392,0.911
0.458931236498,0.501991025001,-0.124100372789,-1.42742542129,0.0751266763301,1.92049389631,0.149663394854,-0.012182220589,-0.0977797410646,-0.0009144671157,-0.15178534199,-0.0124288510192,0.0564903475746,-0.0161585414096,0.573806741823,0.818975492834,0.0023899951208,0.0,0.81893766072,-0.573746035,-0.0117193035935,0.0,-0.00822673060202,0.00868203958098,-0.999928468988,0.0,0.653163984568,0.249975638171,0.303631473161,1.0,-0.01852,-0.0243405714286,0.927
0.458696561568,0.500282768065,-0.124098726145,-1.43000589,0.0749612125026,1.92141097141,0.149296279671,-0.0160523477381,-0.0991245768329,-0.000401050321712,-0.152678142293,-0.00587008713512,0.0580968916566,-0.0193896305716,0.573783737951,0.818991499083,0.00242763117811,0.0,0.818954115664,-0.57372285367,-0.0117042947323,0.0,-0.00819308814373,0.0087040201056,-0.999928554118,0.0,0.652837620264,0.249575361116,0.303674693632,1.0,-0.01886,-0.0247874285714,0.944
0.458434305976,0.498512068886,-0.12409675142,-1.43277381843,0.0747854291165,1.92243449276,0.148902105835,-0.0154012839531,-0.0938111089518,0.000320011158418,-0.153494571779,-0.0137480263163,0.0611342062123,-0.0195543725851,0.573767547307,0.819002784235,0.00244703374448,0.0,0.818965638792,-0.573706579668,-0.0116957182324,0.0,-0.00817510383218,0.00871482790534,-0.999928607177,0.0,0.652495096711,0.249141486794,0.303680889315,1.0,-0.01922,-0.0252605714286,0.962
0.458187854317,0.496924944516,-0.1240933753,-1.43527919501,0.0746386765818,1.92334599667,0.148522625005,-0.0165147937246,-0.0978784658775,0.00108972573737,-0.157313709583,-0.00642639208228,0.0611398474353,-0.0246244869664,0.573743584388,0.819019573123,0.00244644956059,0.0,0.818982267443,-0.573682459201,-0.0117144577409,0.0,-0.00819104268107,0.00872486176238,-0.999928389239,0.0,0.652181752414,0.248744672045,0.303673702167,1.0,-0.01954,-0.0256811428571,0.978
0.457922919363,0.495251440083,-0.124099385893,-1.43797749424,0.0744698920979,1.92427235476,0.148140501369,-0.0180899547438,-0.0969529143988,-0.000633531787249,-0.158297852443,-0.0147288615241,0.058221432568,-0.021135350597,0.573742195609,0.819020795162,0.00236156113688,0.0,0.818982268459,-0.573681260785,-0.0117729297775,0.0,-0.00828765050026,0.00868887056395,-0.99992790659,0.0,0.651833634153,0.248306294948,0.303635904652,1.0,-0.01988,-0.026128,0.995
0.457704373051,0.493952181068,-0.124106752425,-1.44009970608,0.0743303803321,1.92503084246,0.147843150072,-0.0159507573141,-0.101756144228,-0.000411046436914,-0.162880867702,-0.00883786823313,0.0626351102649,-0.024986126528,0.573751855442,0.819014204253,0.00229967580922,0.0,0.818974889111,-0.57369117169,-0.0118032805607,0.0,-0.00834791144969,0.00865569751188,-0.999927693023,0.0,0.651567950997,0.247954119176,0.303596635985,1.0,-0.02088,-0.0274422857143,1.008
0.457437070889,0.492202264701,-0.124123571264,-1.4428688153,0.07416152856,1.92605342098,0.147450258151,-0.013934087086,-0.113497306051,-0.00395307227979,-0.181470107709,-0.00930292217818,0.0660245911915,-0.0336526097195,0.573754436607,0.819012397775,0.00229905755997,0.0,0.818973069653,-0.573693749785,-0.0118042171241,0.0,-0.00834900596236,0.00865575482293,-0.999927683389,0.0,0.651224603496,0.247507100434,0.303585810911,1.0,-0.0229371428571,-0.0301459591837,1.024
0.457105234778,0.49009321591,-0.124143463563,-1.44630952619,0.0739558872798,1.92727297228,0.146957712295,-0.0189242097066,-0.11966254473,-0.00212635685238,-0.196062168326,-0.00949548086816,0.0703968420663,-0.0233681987052,0.573753348465,0.819013424472,0.00220285294977,0.0,0.818972703012,-0.573692892248,-0.0118711417329,0.0,-0.00845902622554,0.00861534962613,-0.999927107656,0.0,0.650783637939,0.246949101565,0.303521686557,1.0,-0.0252514285714,-0.0331875918367,1.042
0.456743405566,0.487847056363,-0.124156837542,-1.44985366798,0.0737357321072,1.92856731492,0.146442427509,-0.0208911883788,-0.138604330466,0.000252161942363,-0.210631697495,-0.00910501091877,0.0835550818247,-0.0350151417155,0.573753798122,0.819013127145,0.0021962706319,0.0,0.818972283006,-0.573693330415,-0.0118789396571,0.0,-0.00846918476048,0.00861443737405,-0.999927029527,0.0,0.650340608719,0.246367874048,0.30350869545,1.0,-0.0274371428571,-0.036060244898,1.059
0.456373316355,0.48553952582,-0.124170258604,-1.45336984307,0.0735211107739,1.92993040331,0.145920237033,-0.024147567197,-0.143535346118,-0.00132740207797,-0.22118319808,-0.0180274797254,0.0895055632729,-0.0300064014011,0.57376624721,0.819004064597,0.00232005121504,0.0,0.818964946714,-0.573705413243,-0.0118009224476,0.0,-0.00833413796753,0.00867117855316,-0.999927673788,0.0,0.649948812761,0.245822069762,0.30355827662,1.0,-0.0293657142857,-0.0385949387755,1.074
0.455940900293,0.482934779436,-0.124204609411,-1.45741230443,0.0732687377466,1.9313317204,0.145308869175,-0.0297532808938,-0.157155096593,-0.00193595716752,-0.241667672734,-0.021216330854,0.0918998316337,-0.0324124695737,0.573763123339,0.819006336947,0.00229024849457,0.0,0.818966719622,-0.573702288596,-0.011829755421,0.0,-0.00837488509406,0.00866328151043,-0.999927401791,0.0,0.64940407274,0.245100092823,0.303562256592,1.0,-0.03168,-0.0416365714286,1.092
0.455481428282,0.480122863613,-0.124248003903,-1.46181008278,0.0729953912361,1.93288958163,0.144660013126,-0.0318165378745,-0.171132949584,-0.00380892969549,-0.264034533531,-0.0236525947709,0.0948745435873,-0.0381698454813,0.573779930459,0.818994646654,0.00225987947234,0.0,0.818954623295,-0.573719200742,-0.0118469652178,0.0,-0.00840622669374,0.00864845613037,-0.999927267135,0.0,0.648844880246,0.244354571001,0.303555059132,1.0,-0.0338657142857,-0.0445092244898,1.109
0.455009816713,0.477296812911,-0.124261571222,-1.46609767251,0.0727362241505,1.93447401904,0.14403575517,-0.0270159521777,-0.178480332378,0.000609716457772,-0.266796134365,-0.0158865391509,0.101137745483,-0.0428420081382,0.573802770131,0.818978340605,0.00236759627232,0.0,0.818939634517,-0.573741534496,-0.011801419895,0.0,-0.00830687889718,0.00871077356254,-0.999927556469,0.0,0.648310769595,0.243636235822,0.303609430732,1.0,-0.0359228571429,-0.0472128979592,1.125
0.454477255649,0.47413883617,-0.12428702553,-1.47092977712,0.0724352320588,1.93625643718,0.143345426259,-0.0341641430138,-0.188138244335,-0.00179991637616,-0.28762196993,-0.0180696228032,0.100394878744,-0.0400348859405,0.573843391419,0.818949619051,0.00245570387381,0.0,0.818912069533,-0.573781831823,-0.0117549455346,0.0,-0.00821782811903,0.00875667194604,-0.999927891399,0.0,0.647706511103,0.242818592621,0.303649896702,1.0,-0.0381085714286,-0.0500855510204,1.142
0.453923289679,0.470826318127,-0.124299565515,-1.47604869905,0.0721148337558,1.93802916845,0.142566333482,-0.0347215226473,-0.205030170114,-0.000788647984136,-0.305656166878,-0.017146286936,0.105530481285,-0.0490410142338,0.573825432509,0.818962276255,0.00243104484624,0.0,0.818924170371,-0.573763716695,-0.0117960793114,0.0,-0.00826585778073,0.00875990035187,-0.99992746724,0.0,0.647032217102,0.241960002945,0.303657109816,1.0,-0.0402942857143,-0.0529582040816,1.159
0.453381527457,0.467518378677,-0.124298217027,-1.48099364488,0.0718021974955,1.93994783404,0.141762671251,-0.034363564292,-0.205972292173,1.39135687112e-05,-0.314240899953,-0.0186141007214,0.120518068417,-0.0512008730361,0.5737602061,0.819007234513,0.00266882226221,0.0,0.818972301299,-0.57369772705,-0.0116633864767,0.0,-0.00802145507545,0.00887784946463,-0.999928417462,0.0,0.64641943204,0.24114912906,0.303753325133,1.0,-0.0423514285714,-0.055661877551,1.175
0.452722158515,0.463628540382,-0.124306594557,-1.48698006607,0.0714001699476,1.94200321611,0.140861416377,-0.0350159030228,-0.226010586693,-0.00209012326651,-0.344128032786,-0.0157848892288,0.119772133449,-0.0562216484488,0.573739104255,0.819022153353,0.00262668360934,0.0,0.818986563379,-0.57367665514,-0.0116983440308,0.0,-0.0080744913106,0.00886318665159,-0.999928120673,0.0,0.645619368271,0.240137767381,0.303764633476,1.0,-0.0446657142857,-0.0587035102041,1.193
0.452053153277,0.459835432743,-0.124314161823,-1.49290766041,0.0710008338991,1.94407497157,0.13999076306,-0.0458657240676,-0.233703840892,-0.000643194044511,-0.349241178621,-0.0211296452996,0.121767611843,-0.0510967621635,0.573745979047,0.819017539699,0.00256282921017,0.0,0.818981047436,-0.573683678944,-0.0117399896228,0.0,-0.00814516094679,0.00883485048935,-0.999927798278,0.0,0.64483046095,0.239128815858,0.30373543309,1.0,-0.0468514285714,-0.0615761632653,1.21
0.451391988178,0.456160247326,-0.124315911963,-1.49869020538,0.0706145028778,1.94613587685,0.139093277463,-0.0419035731768,-0.234921333772,0.000373104615986,-0.373314790762,-0.0270835975693,0.130870984933,-0.0495694232939,0.573714818387,0.819039517438,0.00251454545194,0.0,0.819002315138,-0.573652610315,-0.011774437537,0.0,-0.00820141197875,0.00881475755122,-0.999927515818,0.0,0.644062808244,0.238146137922,0.303689850685,1.0,-0.0489085714286,-0.0642798367347,1.226
0.450584379622,0.45179187486,-0.1243732511,-1.5053943864,0.070157377235,1.94853070804,0.138014903819,-0.0477294463595,-0.251408307381,-0.00442835975848,-0.366328097937,-0.0226072361105,0.140177974661,-0.0595672740379,0.57371581061,0.819038741042,0.00254091096702,0.0,0.819002117912,-0.573653760643,-0.0117320354997,0.0,-0.00815154539634,0.00881203537921,-0.999927947574,0.0,0.643191592447,0.236949362702,0.303708409953,1.0,-0.0512228571429,-0.0673214693878,1.244
0.449845563178,0.44768639344,-0.124424521725,-1.51156863081,0.0697376305323,1.95074833051,0.137097316556,-0.0482703391286,-0.260776759524,-0.00221233126829,-0.395515535499,-0.0294301399103,0.130813704044,-0.0553972340199,0.57377074084,0.818999923165,0.00264758604517,0.0,0.818964920661,-0.573708562285,-0.0116486560832,0.0,-0.00802146009161,0.00885210855663,-0.99992864563,0.0,0.642385081337,0.235854572089,0.303778617482,1.0,-0.05328,-0.0700251428571,1.26
0.449062074676,0.443488386501,-0.12443137522,-1.51807292523,0.0693037758068,1.95290499208,0.136109612379,-0.0460506572993,-0.267909039809,0.00162079223242,-0.412734055972,-0.0199742924361,0.134926262838,-0.0648632395525,0.573779408463,0.818994248147,0.00252167158093,0.0,0.818957260159,-0.573717296815,-0.0117565415966,0.0,-0.00818197087114,0.00881097237032,-0.999927708446,0.0,0.641479142551,0.234715420121,0.303744954205,1.0,-0.0553371428571,-0.0727288163265,1.276
0.448147381945,0.438655585443,-0.12445341295,-1.52557486695,0.0687807435471,1.95551351335,0.134880526325,-0.0499615612137,-0.268216115688,-0.0017274910219,-0.414702259186,-0.0275611597854,0.145042727889,-0.067586901166,0.573725015048,0.819032566306,0.00245139550158,0.0,0.818994666026,-0.573663172729,-0.0117918691,0.0,-0.00825180836231,0.00877313902704,-0.999927467215,0.0,0.640455706712,0.233392061951,0.303705651919,1.0,-0.0576514285714,-0.0757704489796,1.294
0.447162358464,0.433567515547,-0.124467082165,-1.5331641563,0.0682749673749,1.95830512994,0.133650780001,-0.0569340999639,-0.292029236391,-0.00286341424605,-0.419999575885,-0.0322418356173,0.161905400336,-0.0750992786097,0.573727074907,0.819030371919,0.00269077968386,0.0,0.818995659721,-0.573664452831,-0.0116598377915,0.0,-0.00800631077413,0.00889347273925,-0.999928400002,0.0,0.639456910627,0.232038044816,0.303808019005,1.0,-0.0599657142857,-0.0788120816326,1.312
0.446304840969,0.429297610026,-0.124501868776,-1.53980395281,0.0677768521348,1.96059119586,0.13259414799,-0.0563075773734,-0.287377985023,0.000168414813481,-0.455214420067,-0.0332880892646,0.147638958701,-0.0672343747908,0.573736396162,0.819024190954,0.0025824895793,0.0,0.818988355478,-0.573674463308,-0.0116803527445,0.0,-0.00808513879721,0.00881664213082,-0.999928446116,0.0,0.638544932608,0.230823771481,0.303756698515,1.0,-0.0618942857143,-0.0813467755102,1.327
0.445290223673,0.424224011825,-0.124571687209,-1.54761911903,0.0672102680344,1.96315248153,0.131303486916,-0.0620885722722,-0.307197911157,-0.00260956627476,-0.456910187413,-0.0334485298192,0.151231677427,-0.0808091523627,0.573735596635,0.819025303902,0.00240075462446,0.0,0.818987174676,-0.57367439766,-0.0117660565752,0.0,-0.00825960562208,0.00871696056467,-0.999927894157,0.0,0.637442891407,0.229371885826,0.303712548836,1.0,-0.06408,-0.0842194285714,1.344
0.444226870578,0.419021955497,-0.124616954403,-1.55553494215,0.0666546856257,1.96585655707,0.130049134832,-0.0626902584119,-0.31186248117,-0.000832510870915,-0.467085872547,-0.0252206760298,0.169784726801,-0.0737619181838,0.573789988646,0.818987274576,0.00237485032405,0.0,0.818948805775,-0.573728877189,-0.0117803183854,0.0,-0.00828557016106,0.00870447717752,-0.999927788095,0.0,0.636340906984,0.227906720111,0.303712819951,1.0,-0.0662657142857,-0.0870920816326,1.361
0.443247567579,0.414255480682,-0.124636204003,-1.56253429533,0.0661853037625,1.96847865472,0.12887887945,-0.0689980801738,-0.315825657788,-0.000188890093042,-0.472170610057,-0.0329157786639,0.172861295884,-0.0851086968888,0.573808588848,0.818973241906,0.00269801909914,0.0,0.818939120205,-0.57374648435,-0.0115946537383,0.0,-0.00794788520943,0.00886279592339,-0.999929138474,0.0,0.635411357766,0.226620693094,0.303839024243,1.0,-0.0681942857143,-0.0896267755102,1.376
0.442020812734,0.408492847418,-0.124662735558,-1.57137281524,0.065552589174,1.97138280944,0.127396925111,-0.0744152432677,-0.320990130023,-0.00216686916728,-0.501283140857,-0.034944306577,0.160036925487,-0.0830274979273,0.573801901875,0.818978434534,0.00253930563558,0.0,0.818942006344,-0.573740080207,-0.0117071563778,0.0,-0.00813116373422,0.0087973020224,-0.999928243252,0.0,0.634136160346,0.224970294069,0.303783436559,1.0,-0.0705085714286,-0.0926684081633,1.394
