position_joint1,position_joint2,position_joint3,position_joint4,position_joint5,position_joint6,position_joint7,velocity_joint1,velocity_joint2,velocity_joint3,velocity_joint4,velocity_joint5,velocity_joint6,velocity_joint7,ee_T_00,ee_T_10,ee_T_20,ee_T_30,ee_T_01,ee_T_11,ee_T_21,ee_T_31,ee_T_02,ee_T_12,ee_T_22,ee_T_32,ee_T_03,ee_T_13,ee_T_23,ee_T_33,v_x,v_y,w_z,time
0.46508961047393926,0.5472800419205449,-0.12397396003363426,-1.3555724177865107,0.07944832353881125,1.8941871347148707,0.1591358606509874,-0.000913123053074436,-0.001844700909156665,0.0011884707359033062,-0.00032862605998167343,-6.793763534208817e-05,-2.771905225776997e-05,0.0007558401934751525,0.5737349968735355,0.819024970675748,0.002645311573864056,0.0,0.8189916174639096,-0.5736746898527376,-0.011437991406836101,0.0,-0.007850603428316394,0.00872903202953157,-0.999931083638087,0.0,0.6617627255957589,0.26094457193893544,0.30370041913301377,1.0,5e-324,6.91728187938855e-310,6.91706967980955e-310,0.0
0.46509140665192134,0.547284358661872,-0.12397968195466125,-1.3555749233312775,0.07945255476509128,1.8941858795962199,0.15913503010074573,-0.0001898417468716705,0.002455234329109502,-0.000685995148283407,-0.0008378237811081991,-0.0002328697964534046,0.00016082886610618632,0.013741796021423473,0.5737381040594197,0.8190228132387248,0.0026393647030443224,0.0,0.8189893704194872,-0.5736778014701774,-0.011442820519614646,0.0,-0.007857937402885207,0.008726961807527495,-0.999931044101233,0.0,0.6617623961111053,0.26094269505369977,0.30369625558359287,1.0,-0.00030000000000000014,-0.00039428571428571453,-0.00015000000000000007,0.016000000000000007
0.46509132678435944,0.5472702187298984,-0.12397721431205523,-1.355581212604971,0.07945043847697361,1.8941854731705683,0.1591295015712579,0.00039404385117224364,0.0021360728928085677,-0.0009139454501734667,-0.0002877552514984502,-0.00017006549158179383,-4.433479763502081e-05,0.0008082328905155226,0.573734388326517,0.8190254193095046,0.0026383854335046333,0.0,0.8189919950102099,-0.5736741239440182,-0.011439341216519077,0.0,-0.007855689030648594,0.00872412795200704,-0.9999310864961299,0.0,0.6617611416841851,0.26094218127909113,0.30369853464133284,1.0,-0.0006400000000000003,-0.0008411428571428577,-0.00032000000000000013,0.033000000000000015
0.4650844614159513,0.5472294391328036,-0.12397963466907931,-1.3556138866116787,0.07944960645529289,1.8941874400882968,0.15913340249721217,-0.0010837657397005248,-0.003667478072572845,-0.0001838804522240545,-0.0035171212115392017,2.4880637968045137e-05,0.0001342836150503026,0.0011268527674676016,0.5737436759139111,0.8190188585596575,0.002655291629373829,0.0,0.8189856122118852,-0.5736833114546728,-0.011435560744143758,0.0,-0.007842794410936882,0.008735894491205307,-0.9999310849869937,0.0,0.6617571869064038,0.26093384850748,0.30371674221395495,1.0,-0.0009800000000000006,-0.001288000000000001,-0.0004900000000000003,0.05000000000000003
0.46508753250614104,0.5471135846529078,-0.12397437241729654,-1.3557455761443027,0.07944854168759452,1.8942068452736485,0.159132496457459,-0.00016004315419943822,-0.0051096453863385145,0.0043815651607731635,-0.009756572423376724,0.00015252454226241468,0.00010793291543289938,0.0008807964723863809,0.5737435737577324,0.8190188976481956,0.0026652894868164547,0.0,0.8189856642467738,-0.5736830478918755,-0.011445052248332078,0.0,-0.007844833717002453,0.00874952751508995,-0.999930949792142,0.0,0.6617319727576995,0.2609259558078603,0.3037376308165747,1.0,-0.0013000000000000008,-0.00170857142857143,-0.0006500000000000004,0.06600000000000004
0.46507789430910035,0.5469719149719959,-0.12397967172987172,-1.3559357203744289,0.07944685007499323,1.8942476905758452,0.15913412991133327,-0.001245274515244114,-0.012520397764172804,-0.0005705471923217225,-0.010737029669096895,0.00025363303731615084,0.0009552466583093348,-9.444430342474538e-05,0.5737664739831196,0.8190028582893374,0.0026642725239842324,0.0,0.8189695208820811,-0.5737058472404866,-0.011457382312658752,0.0,-0.007855271375244943,0.008755988422987582,-0.9999308112956404,0.0,0.6617040926012384,0.2608982950872496,0.30375118532311574,1.0,-0.0016600000000000013,-0.0021817142857142877,-0.0008300000000000007,0.08400000000000006
0.46505810318938795,0.5468125184534542,-0.12398258217045179,-1.3561346239079632,0.07943967537660503,1.8943470228505377,0.1591290212682004,-0.0007568218055558097,-0.014507546134185667,0.0012836980668640171,-0.018348144142452283,0.00038507437364633724,0.00911300517712408,-0.00032721583978905335,0.5737898568985147,0.8189863043533755,0.0027166713438433352,0.0,0.8189536517889602,-0.5737290694824214,-0.011428821180212208,0.0,-0.007801564903604508,0.008782738682199157,-0.9999309971624516,0.0,0.6616887380775833,0.2608675847696493,0.3037781236297864,1.0,-0.0019800000000000017,-0.002602285714285717,-0.0009900000000000009,0.10000000000000007
0.4650238666461954,0.5466086248696366,-0.12397478972748484,-1.3563611026237914,0.07943714989735509,1.8944660659404433,0.15912692428677697,-0.0011636987158262354,-0.017282316534563417,0.0007117622340576025,-0.014632521657257381,0.0002506234172634024,0.0071685606534946135,0.0003677060825288906,0.5738228172334519,0.8189629075213384,0.0028066755545578075,0.0,0.8189313389772659,-0.5737616577679888,-0.011391620492275694,0.0,-0.007719100437337145,0.008835416442846383,-0.9999311730837876,0.0,0.6616731995670811,0.26083291405914716,0.30382481773686254,1.0,-0.0023200000000000017,-0.00304914285714286,-0.0011600000000000009,0.11700000000000009
0.46499746625308164,0.5463842021885035,-0.12397716641866004,-1.3566428458633502,0.07942762007262197,1.894608574688716,0.15912685399209064,0.0013854694434260397,-0.01106173500441326,0.0028232471068263087,-0.020372384187954465,-6.534335545070967e-05,0.006096498748097668,0.0016548824576905908,0.5738594114720084,0.8189370046727014,0.002881864658942068,0.0,0.8189064085537929,-0.5737980233875926,-0.011352060924274675,0.0,-0.007643161679762811,0.008874635303021197,-0.9999314091115328,0.0,0.6616508853536028,0.260791710586802,0.3038620952410452,1.0,-0.0026600000000000018,-0.003496000000000003,-0.0013300000000000009,0.1340000000000001
0.4649589873987061,0.5461463994555806,-0.1239828495164992,-1.3569897725876499,0.07941610284945674,1.8947286140189898,0.15911248217825114,0.00113540836954559,-0.016405217226601324,-0.0012237588508083811,-0.021822544738346408,0.00020232776619105855,0.007576498988679339,-0.0007796900910591224,0.5739066888364864,0.8189038297199392,0.0028943185666282347,0.0,0.8188733368951527,-0.5738451912287715,-0.011353480832788886,0.0,-0.0076366651727480805,0.008886089978975067,-0.9999313570190329,0.0,0.6616125717505119,0.2607251878160187,0.3038746088658583,1.0,-0.0030000000000000022,-0.003942857142857146,-0.0015000000000000011,0.1510000000000001
0.46491555934858425,0.5458609339313977,-0.12397972363420982,-1.357447247670572,0.07939605945847056,1.8948855938443956,0.1590978462421544,-0.006512856169819834,-0.018409976376522693,0.0006805443411987465,-0.026796791650701045,-0.0003094216342417856,0.004942634820379887,-0.004787759897090178,0.573941002667204,0.8188798068857479,0.0028869072262608098,0.0,0.8188491282791983,-0.5738794180414379,-0.011369501573327213,0.0,-0.007653665970594192,0.008889535749578417,-0.9999311964087167,0.0,0.661559107713314,0.26066112069037445,0.3038738093145598,1.0,-0.0033400000000000027,-0.00438971428571429,-0.0016700000000000013,0.16800000000000012
0.46487174942375603,0.545561523115706,-0.12398117838027242,-1.357911320689922,0.0793566290273646,1.8950503443235318,0.15908342452393875,-0.0021889723069775328,-0.018398984275019174,-0.000823120843737169,-0.03089351546271357,-0.004742957760796296,0.008109151758957675,9.262148593615853e-05,0.5739815244842846,0.8188514288882028,0.00287990618826278,0.0,0.8188207519542939,-0.5739200625416393,-0.011361552817011424,0.0,-0.007650735119275942,0.008879619317235993,-0.9999313069470901,0.0,0.6615073136658931,0.2605849402657038,0.30387917864691416,1.0,-0.0036600000000000027,-0.004810285714285718,-0.0018300000000000013,0.18400000000000014
0.46481683908055027,0.5452314076841955,-0.12398612605096167,-1.3584586044217126,0.0793070018984336,1.8952288256763736,0.15901913133837683,-0.006319313546549267,-0.022262698734422187,-0.0006186323414598392,-0.029219911940759756,-0.0005724767818555571,0.011155845848601888,-0.002402828276299451,0.573994618594578,0.8188424013365745,0.002836635159059542,0.0,0.8188112897174203,-0.5739334276198413,-0.01136835049792016,0.0,-0.0076809955641732874,0.008848211256635902,-0.9999313533761712,0.0,0.6614441921848979,0.26048920434087214,0.3038679375946599,1.0,-0.004000000000000003,-0.005257142857142861,-0.0020000000000000013,0.20100000000000015
0.4647677993947526,0.5448808718553071,-0.1239867377258242,-1.3590402320004429,0.07928346551099699,1.8954225394027986,0.15894342104696493,-0.003426904332731278,-0.023272173155721852,-0.002649648192925267,-0.03695381062412189,-0.00016432319469769912,0.010568602245721143,0.0038792265032888953,0.5739993594217061,0.818839166447433,0.0028110098456676884,0.0,0.8188076008005434,-0.5739381040233802,-0.011397917463898182,0.0,-0.0077198642054697175,0.00884424382967712,-0.9999310891495125,0.0,0.6613727179142951,0.2604013173866572,0.30385600845137073,1.0,-0.0043200000000000035,-0.005677714285714291,-0.0021600000000000018,0.21700000000000016
0.4647032209885179,0.5444890239916464,-0.12399003362944798,-1.359735807011298,0.07925156061819803,1.8956444988140266,0.15892937725578732,-0.0021024822006716227,-0.021430643603445026,-0.0010612807915125334,-0.042665230583862304,-7.07577439142721e-05,0.0055540999273301795,-0.004916368217588006,0.5740732961827231,0.818787556883596,0.002744850397420163,0.0,0.818755022854265,-0.5740121077710391,-0.011448125801597937,0.0,-0.007798155732509859,0.008819593168407677,-0.9999306993704691,0.0,0.661286855652723,0.26028918300983905,0.30382157316290487,1.0,-0.0046600000000000035,-0.006124571428571434,-0.0023300000000000018,0.23400000000000018
0.464642394445488,0.5440526542707569,-0.12398985796818046,-1.3604731643599495,0.07921832044207784,1.8958777996749219,0.15889174933372502,-0.0005363114235263103,-0.027898026483893303,-0.0001619690483670303,-0.04243835314192914,-0.0019240804303037053,0.008354018587316523,-0.006634839343096504,0.574124288912012,0.8187519741645835,0.002693062212787367,0.0,0.8187186233634756,-0.5740630942446034,-0.011494628542719659,0.0,-0.007865413618359851,0.008804375137386411,-0.9999303066949478,0.0,0.6611930305146339,0.260177722771449,0.3037995923643894,1.0,-0.005000000000000004,-0.006571428571428577,-0.002500000000000002,0.25100000000000017
0.4645934258126864,0.5436934723434568,-0.12399313000256475,-1.3610507943602905,0.07919380912773302,1.8960852216994253,0.15883266511770044,-0.0028829786933088552,-0.026287925284588416,0.00016909109322043624,-0.042906285161947236,-0.00021675188655906032,0.017398133454675606,0.00019576440738431695,0.5741417222197225,0.8187398059580101,0.002675789158231714,0.0,0.8187061427910061,-0.5740804823564406,-0.011515139377261818,0.0,-0.007891936592911875,0.008802176443491821,-0.9999301170715237,0.0,0.6611181670168217,0.2600811935926381,0.30378995454611246,1.0,-0.0052800000000000034,-0.006939428571428577,-0.0026400000000000017,0.2650000000000002
0.46451113504275965,0.5430525730824075,-0.12398786997413093,-1.3621131016037191,0.07913598549655206,1.8964633389521046,0.15877749255087745,-0.00044756415126898357,-0.02556264285634717,0.0008303707061702656,-0.04866262834224752,-0.002924568797887443,0.020726506559108685,-0.0016363272443650945,0.5742062410901734,0.818694629118211,0.0026540247355899575,0.0,0.8186605891333698,-0.5741449590988871,-0.011539178582098526,0.0,-0.007923421156747434,0.008798783216350206,-0.9999298979483936,0.0,0.6609971470731603,0.25993698491570055,0.30377720631466804,1.0,-0.005700000000000004,-0.007491428571428578,-0.002850000000000002,0.2860000000000002
0.4644489065668332,0.5425938657368691,-0.12400133371124357,-1.3628889699155249,0.07908895086599059,1.8967273455521423,0.15871671566305504,-0.0024094622706591867,-0.032225557847594934,-0.0016352900546941728,-0.055179975084289255,-0.00332268419780927,0.009798108269296195,-0.00024330320680090978,0.5742474370657581,0.8186658933974891,0.002604402485710964,0.0,0.8186312391923215,-0.5741863472050122,-0.011561998227714688,0.0,-0.007970154708806132,0.008771661965531558,-0.99992976482365,0.0,0.6609051218546402,0.2598122850476597,0.30375565292770323,1.0,-0.0060000000000000045,-0.007885714285714293,-0.0030000000000000022,0.3010000000000002
0.4643661493105494,0.542018822356599,-0.12399172744815462,-1.3637935500244198,0.07903425293801554,1.897050573531349,0.15864974498094778,-0.006449663141473186,-0.03270870383187134,7.84942363586687e-05,-0.053266095103458845,-0.000526838208425153,0.024498848127337325,-0.004396672902332269,0.5742892670896984,0.8186365621928865,0.002600701404934627,0.0,0.8186017980917402,-0.5742281163634418,-0.011572097470705166,0.0,-0.007980099863450718,0.008774839164366333,-0.9999296576278797,0.0,0.6607986686753037,0.2596764208113701,0.3037594306482579,1.0,-0.0063400000000000045,-0.008332571428571436,-0.0031700000000000022,0.3180000000000002
0.4643150226377923,0.5415508610753182,-0.12400273891812864,-1.3645087818562935,0.07898911909917297,1.8973070993764884,0.15860398389651967,-0.0074775599066733,-0.03447428886657359,-0.0015059430500576716,-0.05682598074478798,-0.006496962082040989,0.012533719700496979,-0.0007703204615968283,0.5743303562667441,0.8186077356498269,0.0026007510427540443,0.0,0.81857303802809,-0.5742692726633218,-0.011564202930190202,0.0,-0.00797316807377002,0.008770746335104634,-0.999929748832183,0.0,0.6607083090096699,0.2595594370542287,0.30377163379420996,1.0,-0.006620000000000005,-0.008700571428571438,-0.0033100000000000026,0.33200000000000024
0.4642174752725587,0.5409792696793737,-0.12400053410993965,-1.3654261342719631,0.07893589634214307,1.8976383792163294,0.15852983961675388,-0.004939642086099548,-0.03394901884386079,0.00037677112005143524,-0.055569012898658066,-0.0026004385709285883,0.019699069955238825,-0.006891732391604068,0.574383274521803,0.8185706307380702,0.002592941167295907,0.0,0.8185357794047411,-0.5743221529899214,-0.011575375609559908,0.0,-0.00798623271969734,0.008771286140200604,-0.9999296398379206,0.0,0.6606129004588268,0.2594169204148844,0.30376852268355126,1.0,-0.006920000000000005,-0.009094857142857151,-0.0034600000000000026,0.34700000000000025
0.46413765530589296,0.5402900904995317,-0.12400663430072612,-1.3664533128739302,0.07887624061251053,1.8980209773810686,0.1584459903804867,-0.006646523792103781,-0.03869365402317607,0.0004988874730804619,-0.055323878927834344,-0.0026954664780209124,0.022180602336139655,-0.0057037861287076285,0.574425198223364,0.818541091785125,0.0026305144882392013,0.0,0.8185067377985399,-0.5743639566446246,-0.01155475603950082,0.0,-0.007947322925000999,0.008790606107321186,-0.9999297801858846,0.0,0.6604956890102621,0.2592640872278519,0.3038000716161115,1.0,-0.007260000000000005,-0.009541714285714294,-0.0036300000000000026,0.36400000000000027
0.46402860738205304,0.5395808646000814,-0.12401374839225944,-1.3675339913808728,0.07881223202600396,1.8984271935292092,0.15838293813287257,-0.008865032564619518,-0.045578625782041436,-7.801846876561518e-05,-0.0721126842430601,-0.0016465043428469143,0.025527079703166672,0.0003604727217060758,0.5745105577936674,0.8184810939635332,0.0026579520453514404,0.0,0.8184471265732082,-0.574449248994791,-0.011537254204879426,0.0,-0.007916318300287162,0.008803837063884656,-0.9999299097224371,0.0,0.6603792214233154,0.259086182261859,0.3038222923241203,1.0,-0.007600000000000006,-0.009988571428571439,-0.003800000000000003,0.3810000000000003
0.4639309742120909,0.5388449067339278,-0.12402037905417693,-1.3687037773526933,0.07874020431695727,1.8988526126297198,0.15830063371456815,-0.004546158969290132,-0.045793664624197275,-0.002343250842937372,-0.06738074933678301,-0.006215830851506205,0.019372102562857305,0.0003059813737496076,0.5745731547393474,0.8184371874371441,0.002647068956311429,0.0,0.8184031059769096,-0.5745119040045488,-0.01154015535527721,0.0,-0.007924272232234963,0.008797202297649118,-0.9999299051140154,0.0,0.6602438549859034,0.258905891478463,0.3038225101405825,1.0,-0.007940000000000006,-0.010435428571428582,-0.003970000000000003,0.3980000000000003
0.4638247741607798,0.5380864147091624,-0.12401872359292151,-1.369868207339859,0.07868377465935991,1.8993087030105837,0.15819891335138167,-0.007564142799008387,-0.03889516710509435,-0.0018668318793361401,-0.06685546136575224,-0.003269473202109779,0.03147820408589769,-0.0021786382644513203,0.5746249949146305,0.8184006311368289,0.0026961222911942506,0.0,0.8183670896464297,-0.5745634699517611,-0.011527032655141,0.0,-0.007884789227685318,0.008830308844425205,-0.9999299254170498,0.0,0.6601156519228616,0.25873028915804536,0.3038434949543974,1.0,-0.008280000000000006,-0.010882285714285725,-0.004140000000000003,0.4150000000000003
0.46371473488813014,0.5372500921975802,-0.1240336163206667,-1.3711930738970797,0.07859706256118723,1.8998087990055958,0.1581052371796156,-0.01143519823984584,-0.04399900731905494,0.0008344873375693574,-0.07645199933843354,-0.004068693013761451,0.03441457001343871,-0.013808861998208402,0.5746987630364718,0.8183488300790468,0.0026964743300386222,0.0,0.8183154227738844,-0.5746373729355895,-0.01151109800545624,0.0,-0.007870750196819765,0.008822150170040594,-0.9999301080364149,0.0,0.6599673362057158,0.2585226394967986,0.30384725199510887,1.0,-0.008640000000000007,-0.011355428571428582,-0.0043200000000000035,0.43300000000000033
0.4636024645443284,0.5364240827624935,-0.12403464845780744,-1.3724718648264411,0.07852291334176181,1.9002809280711146,0.15800399529087714,-0.002831367787765702,-0.047895852709086355,0.0003399214230354342,-0.07606838082668872,-0.00206152403224318,0.024865931138059755,-0.0020726707948867406,0.574759027252113,0.8183064491904181,0.0027134308140798584,0.0,0.8182732332983971,-0.574697543112736,-0.011506368183760034,0.0,-0.007856484530944952,0.008833886869767882,-0.999930116604949,0.0,0.6598202474303732,0.25832704110012455,0.3038626383681211,1.0,-0.008980000000000007,-0.011802285714285725,-0.0044900000000000035,0.45000000000000034
0.4634877052241925,0.5355777796095751,-0.12404497320261457,-1.3738267445998502,0.07844529312415814,1.9007743785080098,0.15791747349311258,-0.0031118948282377865,-0.04735473735107404,0.0011938782916113236,-0.07972018041782021,-0.00199910029921245,0.028246948123550535,-0.01113627005755014,0.5748430626633172,0.8182474673588903,0.002698586635107792,0.0,0.8182140531611366,-0.574781609272332,-0.011515717656375898,0.0,-0.007871760394042027,0.008827921879727224,-0.999930049145231,0.0,0.6596629656135125,0.2581165462266949,0.3038581315572671,1.0,-0.009320000000000007,-0.012249142857142868,-0.0046600000000000035,0.46700000000000036
0.4633788810493686,0.5347251524168506,-0.12404754619294028,-1.3751511825755958,0.07838632078386623,1.901258381385498,0.15781859767247416,-0.0066909363163771066,-0.04878982076411723,7.543069226682708e-05,-0.08219046540753568,-0.0003381268040791109,0.029990938478513668,-0.0056699066055038525,0.5749098634592968,0.8182004660421361,0.002719037854179908,0.0,0.8181671393140786,-0.5748481359072694,-0.011528212860768222,0.0,-0.007869506805768867,0.008852481142249027,-0.9999298497596021,0.0,0.6595063739084875,0.2579205428047264,0.3038713706500657,1.0,-0.009640000000000008,-0.012669714285714298,-0.004820000000000004,0.4830000000000004
0.46325564574078876,0.5338366068514049,-0.12405635665609441,-1.376603512234257,0.07828960702814582,1.9017870235353518,0.1577144828816551,-0.007112229089944566,-0.05133790229488758,0.0004102434083707921,-0.08576546508569331,-0.004815501517736675,0.0292044649700673,-0.0018026119525507923,0.5749853560499086,0.8181475454040575,0.0026797721328374047,0.0,0.8181137999569238,-0.5749238483226461,-0.011538017642982734,0.0,-0.007899287991968484,0.008826719686880966,-0.9999298426733694,0.0,0.6593368295262194,0.25769366658544773,0.30385293186502416,1.0,-0.009980000000000008,-0.013116571428571441,-0.004990000000000004,0.5000000000000003
0.4631373625864775,0.532913443459993,-0.12405096960783883,-1.378067669975598,0.0782081308020237,1.9023394192003886,0.15761089105697154,-0.003326872245585876,-0.05313597083418453,0.001469015851898359,-0.08164099198238696,-0.0032432090093145426,0.03761768884379129,-0.00887192594264774,0.5750519021667183,0.8181007322646878,0.0026923193771781857,0.0,0.8180670695322173,-0.574990255552069,-0.011542212454512143,0.0,-0.00789478705339458,0.008840039248461579,-0.9999297605549438,0.0,0.6591644487577626,0.25748143086212183,0.30385472099208655,1.0,-0.010320000000000008,-0.013563428571428584,-0.005160000000000004,0.5170000000000003
0.4630169533956455,0.5320822105580643,-0.12405507480123745,-1.3794140581139371,0.07814135129265685,1.9028465872000078,0.15751792085966235,-0.011745871405845766,-0.05028239837667957,-0.00039130976738511195,-0.08826260385851277,-0.003084040762312624,0.03265409001506648,-0.007662135770228895,0.5751329776605043,0.8180437451857766,0.0026899574342735674,0.0,0.8180099494441602,-0.5750712140240656,-0.011557175799404684,0.0,-0.00790751053139599,0.008847495217374116,-0.99992959407429,0.0,0.6590096007446152,0.2572743762196457,0.30384398638203675,1.0,-0.010620000000000008,-0.013957714285714299,-0.005310000000000004,0.5320000000000004
0.46287667773275687,0.531036512241156,-0.1240538627790234,-1.3810817212889848,0.07803228301184924,1.903450180729342,0.15738536705782785,-0.007476615012290987,-0.06499507128177166,0.0005764842324714259,-0.09186763668185334,-0.0009380144041238079,0.031055501868622153,-0.010040451535137197,0.575199957510327,0.8179967205045875,0.002668524885778371,0.0,0.8179626771584645,-0.5751382902306232,-0.011565154022383305,0.0,-0.00792563981532185,0.008835199966888321,-0.9999295592565824,0.0,0.6588106064681017,0.2570217508528843,0.3038394342018796,1.0,-0.010980000000000007,-0.014430857142857155,-0.0054900000000000036,0.5500000000000004
0.46274648044723554,0.5300186705645725,-0.12406263246785033,-1.3827194279338486,0.0779327804336911,1.904034535507685,0.15727774020373367,-0.00880385178112167,-0.059017059696303845,-0.0034342941290617115,-0.09844976648886879,-0.0026367464404263357,0.037381341374461016,-0.006994627676458569,0.5752868432138605,0.8179357282344287,0.0026342748251127627,0.0,0.8179012412662454,-0.5752252800352261,-0.011583766431477599,0.0,-0.007959628205371105,0.00881873486016109,-0.9999294346274135,0.0,0.6586127121854838,0.2567734219951911,0.30382794706841576,1.0,-0.011320000000000009,-0.0148777142857143,-0.0056600000000000044,0.5670000000000004
0.4626073345922225,0.5289883124138999,-0.12406627591224646,-1.3843796806027413,0.07781939028986146,1.904634978597234,0.15715563933985963,-0.010510177454159437,-0.06398614716874082,0.0005569481296367426,-0.09575522029090212,-0.009572343397551376,0.03471183633617035,-0.0027980222137705575,0.5753628978283846,0.8178823426305392,0.002599291617603176,0.0,0.8178474921562454,-0.5753015428129905,-0.01159143269579073,0.0,-0.007985205389797911,0.00879527377294717,-0.9999294373375263,0.0,0.6584145131127093,0.2565185492108596,0.3038155202280791,1.0,-0.011660000000000009,-0.015324571428571443,-0.0058300000000000044,0.5840000000000004
0.4624641368131626,0.527899908605324,-0.12406916231186696,-1.386090824445752,0.07771602624615652,1.9052896828904173,0.15702783196725983,-0.00602673378303739,-0.06542822349246506,-0.001405112641437564,-0.09918495750539542,-0.0044014064158389215,0.040723396014368994,-0.012316292796283454,0.5754425209189595,0.8178262472159069,0.0026232392928686628,0.0,0.8177917326098731,-0.5753811031338701,-0.01157649051314585,0.0,-0.007958348697055417,0.008807037853414287,-0.9999295479033834,0.0,0.6582165943769687,0.25626146966730373,0.30382419582976183,1.0,-0.012000000000000009,-0.015771428571428586,-0.0060000000000000045,0.6010000000000004
0.46230869425848825,0.5267632658990845,-0.12407225040986482,-1.3878304081857058,0.07760363149785832,1.905952099550298,0.15689414768767634,-0.005856853507984218,-0.0686938730287079,-0.0012182939405231354,-0.10745715528643131,-0.007379603803454699,0.04301390778759696,-0.008680103837751717,0.5755262631440231,0.8177671743716444,0.00266755560422202,0.0,0.8177333204211766,-0.5754647834224991,-0.011543249744418048,0.0,-0.007904758609606377,0.008824962399464564,-0.9999298149520156,0.0,0.6580179792017047,0.2559925710242918,0.30385365718728236,1.0,-0.012340000000000009,-0.01621828571428573,-0.0061700000000000045,0.6180000000000004
0.46217374469704836,0.5256807645396298,-0.12407301272676322,-1.3895336465477748,0.07750411002468914,1.9065834053094735,0.15679096698010805,-0.010594109254884337,-0.06403729458203127,0.0007142111994056057,-0.10224684687003323,-0.012491111863076878,0.040682307269176446,-0.009410988394052027,0.5756178354149406,0.8177026916432379,0.0026762908716997753,0.0,0.8176689117797906,-0.5755562717820468,-0.011544506157111122,0.0,-0.007899769857091399,0.008833713566119658,-0.9999297771047908,0.0,0.657813251863805,0.25574212022438425,0.3038593015538854,1.0,-0.01266000000000001,-0.01663885714285716,-0.006330000000000005,0.6340000000000005
0.4620142863247453,0.52444131408527,-0.12408499923619974,-1.3914810487419438,0.07737382981816932,1.9072896068527687,0.1566486508043588,-0.005949613890520257,-0.06833427778524184,0.00023977050036507244,-0.10314356191889866,-0.012005696913481651,0.0378467733930939,-0.014413282673489094,0.5757098236470257,0.817637970023581,0.0026638005249402536,0.0,0.8176041476133074,-0.5756484228055541,-0.01153681187346397,0.0,-0.00789967496313504,0.00881996009828967,-0.9999298992626139,0.0,0.6575802430790602,0.2554422639018047,0.3038656459335042,1.0,-0.013020000000000009,-0.017112000000000016,-0.0065100000000000045,0.6520000000000005
0.4618700608394529,0.5233292928285606,-0.12408900016504196,-1.3932668825862835,0.07727387274558757,1.907939385467519,0.15650690403615725,-0.011002833375009203,-0.06394083539185062,-0.002889133717273639,-0.10909757716952034,-0.003385837761270334,0.04176834471681746,-0.01095895639646371,0.575783594645763,0.8175860827502486,0.0026450578661931503,0.0,0.8175519309574388,-0.5757221500166023,-0.011558246806171263,0.0,-0.007927195951161814,0.008817690827733204,-0.9999297014754679,0.0,0.6573626083931894,0.25517566618178694,0.30385388679424974,1.0,-0.01334000000000001,-0.017532571428571446,-0.006670000000000005,0.6680000000000005
0.46171280634211226,0.522108137531425,-0.1240893212511692,-1.3952041687536856,0.07714569187444896,1.9086759341723523,0.15637174383127808,-0.008912821863216026,-0.07754038992073323,0.0006610799177807161,-0.11395538292007121,-0.004438625528847851,0.0410439709717886,-0.00156867998941981,0.5758711174866308,0.8175244113177403,0.002653270715501841,0.0,0.8174904619019231,-0.5758097415805835,-0.011542664401696396,0.0,-0.007908783063580338,0.008816280291259998,-0.9999298597163099,0.0,0.6571329760064597,0.2548874637103223,0.30385381341759277,1.0,-0.01368000000000001,-0.017979428571428587,-0.006840000000000005,0.6850000000000005
0.46154811611700264,0.5208783925306498,-0.12409220074748713,-1.3971917962469216,0.07703496827184961,1.9094486224025555,0.15622531685577384,-0.009772155993881617,-0.07428802433371086,0.00016726883895704136,-0.11464284234701541,-0.005336511666665073,0.04042639078814624,-0.00664444102143423,0.5759647190781936,0.8174584279103558,0.002666067650167741,0.0,0.8174245995486158,-0.575903239392761,-0.0115425218612513,0.0,-0.007900286883651297,0.008827564600550758,-0.9999298273230871,0.0,0.6568997955093898,0.2545922978524893,0.303838754430714,1.0,-0.01402000000000001,-0.018426285714285732,-0.007010000000000005,0.7020000000000005
0.4613903996890387,0.5196713936596072,-0.12409539701002884,-1.399110176494832,0.0768953527363868,1.9101574085386495,0.15608388156424388,-0.005369667078585468,-0.07584721787646027,0.0006481811213189553,-0.1192560434733844,-0.012317854895736096,0.03911604720081252,-0.007675753914943093,0.5760565944984195,0.8173937176263653,0.0026565430621868598,0.0,0.817359963136562,-0.5759953548476588,-0.011523400389016263,0.0,-0.007889150510496934,0.008809652337624943,-0.9999300732200791,0.0,0.6566575330150942,0.2542792094311554,0.3038406394716686,1.0,-0.014360000000000012,-0.018873142857142877,-0.007180000000000006,0.7190000000000005
0.46121797900013434,0.5183259683109979,-0.12410153912799018,-1.401166954680355,0.07678303044926289,1.9108936947634354,0.1559274732799993,-0.010018548243881962,-0.07862901765274916,0.0008932323085117935,-0.12062113669853476,-0.004381018046988272,0.04239307898817195,-0.018210545306965004,0.5761408496678567,0.8173342724048391,0.0026749575063273892,0.0,0.8173006147471223,-0.5760793808817635,-0.011532517421116668,0.0,-0.007885085683588089,0.00883076881981984,-0.9999299190172346,0.0,0.6564164472306621,0.2539891338883846,0.3038641350432579,1.0,-0.01468000000000001,-0.019293714285714303,-0.007340000000000005,0.7350000000000005
0.46103717666825056,0.516963002732459,-0.12410220057155243,-1.4032874101147388,0.0766331461003443,1.9116693242434557,0.15577237634507107,-0.008056871602510726,-0.08061900861332999,0.0018757632910363033,-0.12384454000782183,-0.008322956507849645,0.045678226060265434,-0.009546635028612017,0.576233910761385,0.8172686576568248,0.002677349745610933,0.0,0.8172351743219126,-0.5761725831718668,-0.011513954720234115,0.0,-0.007867530273881651,0.008822925411499705,-0.9999301265361359,0.0,0.6561595415667305,0.25366476715158376,0.30387832457832487,1.0,-0.01502000000000001,-0.019740571428571448,-0.007510000000000005,0.7520000000000006
0.46085606874736534,0.5156215441079987,-0.12411916364223835,-1.4054321315480418,0.07649437575788678,1.9124674891207496,0.15561081035895286,-0.007132499842696699,-0.08236758809495265,-0.0018479742239244177,-0.13391281766252805,-0.00336419175308066,0.04480676485976676,-0.007767818677260168,0.5763377149299217,0.8171955099773804,0.002661526512019622,0.0,0.8171619447364694,-0.5762765633857716,-0.011507626514827925,0.0,-0.007870356895466002,0.008807346919072923,-0.9999302416281772,0.0,0.6559032154479474,0.25333088323739816,0.3038680026000847,1.0,-0.015360000000000013,-0.020187428571428592,-0.007680000000000006,0.7690000000000006
0.46067600231952255,0.5143192410318016,-0.12411456738465876,-1.4074961512746822,0.07636795445805451,1.9132488827126195,0.15545499304791469,-0.011754161242723396,-0.0896867797551559,-0.0001125526142382471,-0.1294889627718743,-0.0061929432495807174,0.04720951953131166,-0.008982348512822938,0.5764351878586441,0.8171267013749393,0.0026786189891577243,0.0,0.8170933093100782,-0.5763739149552956,-0.011505691679298324,0.0,-0.007857873063894016,0.008821137033054469,-0.9999302182514316,0.0,0.655639418977759,0.25300015681437965,0.3038668140943724,1.0,-0.015700000000000013,-0.020634285714285733,-0.007850000000000006,0.7860000000000006
0.4604812132069119,0.5129063764289535,-0.12412097961831682,-1.4097776208561048,0.07623919212682258,1.9140512122009203,0.15527445820539534,-0.0048573145048436605,-0.08869355846193773,-0.0004430212701346991,-0.1356666937138541,-0.007017429636225384,0.04714563094529698,-0.015552876728388853,0.5765300136289665,0.8170599820960237,0.002622202020722217,0.0,0.8170257487973184,-0.5764687898904567,-0.0115501941811437,0.0,-0.007925736420102969,0.008801609636410287,-0.9999298547248237,0.0,0.655367861157258,0.25267026348560845,0.30383998196648554,1.0,-0.016020000000000013,-0.021054857142857163,-0.008010000000000007,0.8020000000000006
0.4602893204050494,0.5115102179767657,-0.12412559649476555,-1.4120643916400062,0.07610074857114126,1.9148698648621347,0.15509237205073437,-0.011227789738158259,-0.08482480135092164,-0.0054240674736885115,-0.13663384483690025,-0.010213300543321212,0.04361175326749148,-0.018072279184002803,0.5766235371404156,0.8169941864493442,0.002557855519465463,0.0,0.8169590593697751,-0.576562451570801,-0.011592310103191911,0.0,-0.007996240465166449,0.008774231025654153,-0.9999295340214388,0.0,0.655080710090763,0.2523220335788862,0.3038005581075125,1.0,-0.016360000000000013,-0.021501714285714308,-0.008180000000000007,0.8190000000000006
0.46008741132291947,0.5100546874337176,-0.12412880656415387,-1.4143944511981794,0.07596219239918518,1.9157573601504614,0.1549141458901307,-0.009718591838830254,-0.08311203264651712,0.00027881922323945424,-0.13993824887154846,-0.010021805514502652,0.05410752762439748,-0.004030490501662942,0.5767295296496552,0.8169193422922703,0.002566070938296739,0.0,0.8168843069676951,-0.5766683867272464,-0.011590844684996309,0.0,-0.007989167044686163,0.008781134547531586,-0.9999295299599817,0.0,0.6547998600332836,0.25196835423985675,0.3037875528328698,1.0,-0.016700000000000013,-0.02194857142857145,-0.008350000000000007,0.8360000000000006
0.45989201955950754,0.5085453644362131,-0.12412986569117015,-1.4167605614992307,0.07580439309346336,1.9166129064359065,0.15473170660556315,-0.011328403359284884,-0.08905249386865768,0.001329515962881744,-0.1396940870995376,-0.006855993108747457,0.047889526802270356,-0.012188158082295878,0.5768202659829671,0.8168552948652423,0.002560254511855508,0.0,0.8168202890921104,-0.5767592467413656,-0.011581602955633877,0.0,-0.007983996950294558,0.00877194001492873,-0.9999296519561124,0.0,0.6545213374865164,0.2516293046270059,0.30379685603716716,1.0,-0.017020000000000014,-0.02236914285714288,-0.008510000000000007,0.8520000000000006
0.45967613977705085,0.5070143830045158,-0.12413305310757909,-1.4191551259727633,0.07565463741695891,1.9174707674795102,0.154544412243163,-0.011654980874651973,-0.08988369958469784,-0.0005016281601346978,-0.14664927420711885,-0.008748404189548678,0.0565548496615718,-0.010555376848709747,0.5769299192199633,0.8167778909822165,0.002547942836306964,0.0,0.8167426544250964,-0.5768688499466879,-0.011597987111621492,0.0,-0.008003304687374646,0.00877240825891358,-0.9999294934981265,0.0,0.6542053437008786,0.25123846915337517,0.3037970417656304,1.0,-0.017380000000000013,-0.022842285714285735,-0.008690000000000007,0.8700000000000007
0.4594777072339829,0.5055356639048127,-0.12414104242643896,-1.4214416680781798,0.07550923459150811,1.9183335989432242,0.15436451662240716,-0.012480629303533905,-0.09925303373868727,-0.0021807222977610024,-0.14381587163890772,-0.0022792029411019066,0.06163300266093737,-0.011997199164500795,0.5770295174411153,0.8167074057765886,0.002587711837959585,0.0,0.8166727606598478,-0.5769683849413472,-0.011568564111619004,0.0,-0.007955257227672818,0.008788885950602163,-0.9999297322143135,0.0,0.6539283100081379,0.25088721603591635,0.3038173914142385,1.0,-0.017700000000000014,-0.023262857142857165,-0.008850000000000007,0.8860000000000007
0.4592598215710191,0.503896344532307,-0.12414718631194394,-1.423918279957384,0.07535370213355629,1.9192900611596226,0.15416884621550608,-0.009513452474515311,-0.10255884670879013,-0.0006305615566208046,-0.1448145386395638,-0.010942221285259422,0.054185590643616256,-0.014117417826595004,0.5771375118995868,0.8166307849511614,0.00268334299202004,0.0,0.8165974648193511,-0.577076147941465,-0.01150855459461237,0.0,-0.007849897869670164,0.008833399719136964,-0.9999301726384885,0.0,0.6536326631911825,0.25050863282850255,0.3038669601105514,1.0,-0.018040000000000014,-0.02370971428571431,-0.009020000000000007,0.9030000000000007
0.4590327834900345,0.5022349468375821,-0.12415363169372613,-1.4264008780282311,0.07519648060433516,1.9202268644072886,0.15397070003905983,-0.009814001441043663,-0.10569441962319505,-0.002468397289978749,-0.1483202789459481,-0.014239485300952695,0.04977780786111587,-0.010692871353678886,0.5772503588028494,0.8165507088341054,0.002776700507787739,0.0,0.8165186667442831,-0.5771887649791462,-0.011451783319405861,0.0,-0.007748430631368708,0.008877944754574055,-0.9999305695495488,0.0,0.6533335993600651,0.250121987768639,0.30392673979178,1.0,-0.018380000000000014,-0.02415657142857145,-0.009190000000000007,0.9200000000000007
0.458812301138204,0.5005227555628632,-0.12415154136264903,-1.4289703388277424,0.07502744275248852,1.9211325555577738,0.15377321535695154,-0.008904065858340636,-0.10749739156808798,-0.0009445935843965541,-0.14953993685794484,-0.01450021130434653,0.05052198712602362,-0.014978851758649285,0.5773525779143996,0.8164783096074011,0.00281382612229409,0.0,0.8164467477303937,-0.5772908570053532,-0.011433347702936289,0.0,-0.007710832769468878,0.008898583282010819,-0.9999306767339297,0.0,0.6530046986971334,0.2497311898065899,0.30397698304828813,1.0,-0.018720000000000014,-0.024603428571428596,-0.009360000000000007,0.9370000000000007
0.4585670520153613,0.498841095989613,-0.12414653038142018,-1.4315694626689641,0.07486577647075314,1.9220862800997736,0.15356613953982345,-0.014102086894034685,-0.09724065861574206,-8.106783698162835e-05,-0.15247589442887532,-0.009418708939188825,0.0567356025981748,-0.00765954679547632,0.5774685747116536,0.8163961703677493,0.0028434364020971867,0.0,0.8163649458625309,-0.577406696377562,-0.011424930915548706,0.0,-0.00768559859846446,0.008918992094678571,-0.9999306891751041,0.0,0.6526814454765499,0.2493264997312578,0.3039953247144568,1.0,-0.019060000000000014,-0.025050285714285737,-0.009530000000000007,0.9540000000000007
0.45831194977798634,0.4971719980437031,-0.12414912355676079,-1.4342187617824897,0.07469728463232678,1.9230727232927411,0.15335607823055422,-0.01175041412418258,-0.10214495069135654,-6.243862551115089e-05,-0.15598632884381575,-0.010690252076204007,0.05674134713353192,-0.015498385636854232,0.577593321331171,0.8163079123717828,0.0028450402556846914,0.0,0.8162767163524989,-0.5775314313856189,-0.011424316332651528,0.0,-0.0076828075624192915,0.008921120691533127,-0.9999306916349583,0.0,0.6523742048369533,0.24893149694067082,0.3039857526654063,1.0,-0.019380000000000015,-0.025470857142857167,-0.009690000000000008,0.9700000000000008
0.45804468965569073,0.4954881744897454,-0.12415222483018967,-1.4369180241672392,0.07453118282492621,1.9240076647237079,0.15313804363589378,-0.019517102281603485,-0.1015277115030821,-0.00036466149400670903,-0.16228533271461057,-0.009019469374298778,0.052466161103720196,-0.005026444938188055,0.5777294340519737,0.8162118374872573,0.0027720528258269725,0.0,0.8161796049294902,-0.5776676450836538,-0.011475679581400312,0.0,-0.007765409797808709,0.008892502058372012,-0.9999303084804527,0.0,0.6520095727352186,0.2484687965936185,0.3039531480512379,1.0,-0.019740000000000014,-0.025944000000000023,-0.009870000000000007,0.9880000000000008
0.457781355552926,0.4939229014967301,-0.1241575145837579,-1.4395001436531618,0.07436776365625566,1.9249219264149457,0.1529399975897967,-0.015461114387885732,-0.10586458409928377,-0.00236600605118263,-0.1590528631187987,-0.0127810203220626,0.05677609660813022,-0.01234925080934242,0.5778720657930729,0.8161111744599012,0.0026783201704120027,0.0,0.8160776859564971,-0.577810509510051,-0.011531369599157293,0.0,-0.007863469440556659,0.008849544079755328,-0.9999299232535936,0.0,0.6516827863260097,0.24804430405475977,0.30389370789384373,1.0,-0.02142171428571446,-0.028154253061224727,-0.016460398576286447,1.0040000000000002
0.4575149139730621,0.49178659435212285,-0.12425218175247377,-1.442763012294257,0.0741845230999435,1.926118625724385,0.15283131965761096,-0.015101966542280852,-0.14230605694539744,-0.004951847151552762,-0.21112628706044695,-0.011079048896234615,0.07774347183382506,0.0015538929276351105,0.5781827930697349,0.8158909146576645,0.0027239820792159712,0.0,0.815858228310035,-0.5781212901307193,-0.011483557707081489,0.0,-0.007794688439131947,0.008862149286391008,-0.9999303501455301,0.0,0.6512826671751136,0.24750813391330986,0.30393403208985315,1.0,-0.029591428571427845,-0.038891591836733755,-0.05312599050856812,1.0209999999999984
