position_joint1,position_joint2,position_joint3,position_joint4,position_joint5,position_joint6,position_joint7,velocity_joint1,velocity_joint2,velocity_joint3,velocity_joint4,velocity_joint5,velocity_joint6,velocity_joint7,ee_T_00,ee_T_10,ee_T_20,ee_T_30,ee_T_01,ee_T_11,ee_T_21,ee_T_31,ee_T_02,ee_T_12,ee_T_22,ee_T_32,ee_T_03,ee_T_13,ee_T_23,ee_T_33,v_x,v_y,time
0.465070266179,0.547859435012,-0.123925904946,-1.35585686655,0.0794734634492,1.89409279278,0.159165269921,0.000627681457584,0.000393286227861,-0.0011572119852,0.00050677734418,0.000163120430108,2.77951292859e-05,-0.0106171617527,0.573764127422,0.819006745926,0.00185016529001,0.0,0.818962176078,-0.573705862549,-0.011970143367,0.0,-0.00874234581092,0.0083834156628,-0.999926642175,0.0,0.661655969157,0.260915735629,0.303144794036,1.0,0.0,0.0,0.0
0.465069577328,0.547859479881,-0.123923151633,-1.35586007977,0.0794715306693,1.89409302825,0.159171622024,0.000350516229171,0.00221545511506,-0.000448693745188,2.23480705476e-05,-0.000306281262083,8.25870343293e-05,-0.000257577178664,0.573767634428,0.819004295716,0.00184720917716,0.0,0.818959688368,-0.573709382779,-0.0119716265435,0.0,-0.00874522070158,0.00838188307145,-0.999926629884,0.0,0.661654933457,0.260916193225,0.303143158783,1.0,-0.00016,-0.000210285714286,0.009
0.465066308113,0.547852171951,-0.123920705998,-1.35586600742,0.0794717884925,1.89409162013,0.159173916574,0.000723110109578,-6.51796397101e-06,0.000621696051558,-0.00154902677844,-0.000101444340405,-3.28819053089e-05,0.00169537728946,0.573770851361,0.819002039479,0.00184833958211,0.0,0.818957424146,-0.573712572695,-0.0119736489452,0.0,-0.00874619564061,0.00838400359033,-0.999926603579,0.0,0.661653764041,0.260914784136,0.303145311918,1.0,-0.00048,-0.000630857142857,0.025
0.465068026198,0.547834291436,-0.123923239911,-1.35587553188,0.0794727348082,1.89409504634,0.159170689424,0.000255844082147,-0.00287354513962,-0.000497526588428,-3.56422065946e-05,-7.33769342695e-06,-4.66742664706e-05,-0.00136131783516,0.573769335949,0.819003077129,0.00185894564971,0.0,0.818958599282,-0.573711011328,-0.0119680844267,0.0,-0.0087355685709,0.00838948090304,-0.999926650536,0.0,0.661652820074,0.260913947897,0.303153828673,1.0,-0.00082,-0.00107771428571,0.042
0.465068133942,0.547770774694,-0.123922874339,-1.35594186536,0.0794694439274,1.89410749901,0.159173947574,0.000198210053184,-0.00543466015805,0.000490290715245,-0.00539822396066,0.000203817356834,0.00112804985979,0.00128129361762,0.573774383497,0.818999519062,0.00186856089936,0.0,0.818955143218,-0.573715994775,-0.011965685817,0.0,-0.00872803569589,0.00839603321135,-0.99992666132,0.0,0.661641851376,0.260907506536,0.303168317046,1.0,-0.00114,-0.00149828571429,0.058
0.465056713096,0.547648172474,-0.12392313059,-1.35610841743,0.0794699953408,1.89413981622,0.159164723987,-0.00203324577203,-0.00800341568898,-0.000905768749601,-0.00777492378662,4.21337656444e-05,-0.000954337601997,-0.00146623316028,0.57378560318,0.818991664779,0.00186587971255,0.0,0.818947118058,-0.573727093849,-0.0119827588173,0.0,-0.00874344218584,0.00840375310727,-0.999926461872,0.0,0.661616358815,0.260883925083,0.303178715073,1.0,-0.00148,-0.00194514285714,0.075
0.465047181448,0.547497788865,-0.123921423262,-1.35633655681,0.0794672359367,1.89421962346,0.159156448511,-0.000630801957147,-0.0128697697159,0.000967604401646,-0.00922076839733,0.000259921840158,0.0119954711712,-0.00142339730912,0.573797443961,0.818983350305,0.0018740675884,0.0,0.818938793348,-0.573738785505,-0.0119918996883,0.0,-0.00874610931081,0.00841583006967,-0.999926336975,0.0,0.661586186982,0.260858475885,0.303183530156,1.0,-0.00184,-0.00241828571429,0.093
0.465027374248,0.54734292571,-0.123916054321,-1.35651510469,0.0794599934953,1.89432732662,0.159150046738,-0.000254919170787,-0.0116473961539,0.00143892373707,-0.0108131721752,-6.40590236552e-05,0.00660834939515,-0.000973953650452,0.573812971994,0.818972298207,0.00194803529461,0.0,0.818928706511,-0.573753998051,-0.0119528353605,0.0,-0.00867151496023,0.00845415677476,-0.999926663342,0.0,0.661575167049,0.260835478716,0.303217407712,1.0,-0.00214,-0.00281257142857,0.108
0.465009868165,0.547124024084,-0.12392392958,-1.3567774254,0.079457537817,1.89445939521,0.159132528265,-0.00259233568881,-0.00944695882262,-0.000768529793388,-0.0113275034701,4.91841458975e-05,0.00467928312181,0.000964530981087,0.573832654079,0.818958311904,0.00202863926765,0.0,0.818915740722,-0.573773313089,-0.0119139282113,0.0,-0.00859319690807,0.0084980492883,-0.999926967396,0.0,0.661553649679,0.260799665868,0.30325932956,1.0,-0.0025,-0.00328571428571,0.126
0.464971898128,0.546910669244,-0.123921426846,-1.35712262015,0.0794499039237,1.89458695016,0.159107550787,-0.00184580801142,-0.0151533225401,-0.00364210458215,-0.0237768456086,-0.000192129231356,0.00483837298611,-0.0021414023037,0.573858852466,0.818939945433,0.00203227005953,0.0,0.818897287823,-0.573799360996,-0.0119277918243,0.0,-0.00860219554311,0.00850925319811,-0.999926794741,0.0,0.661515287987,0.260745247256,0.30325712464,1.0,-0.00284,-0.00373257142857,0.143
0.46493201547,0.54665918567,-0.12392142393,-1.35749361958,0.0794385231535,1.89472393528,0.159005217232,-0.000944869866053,-0.0161972475308,0.000358084648381,-0.0255025554032,0.000276968454568,0.00894398311167,-0.00371211396771,0.573825419719,0.818963317422,0.00205409384026,0.0,0.81892083804,-0.573765737187,-0.0119284012367,0.0,-0.00859051977597,0.00852712426888,-0.999926742878,0.0,0.661475157064,0.260685593249,0.3032705239,1.0,-0.00316,-0.00415314285714,0.159
0.464893799065,0.546370359623,-0.123921857803,-1.35794411027,0.0794251134228,1.89488431532,0.158945091246,-0.00190565021245,-0.0186926789678,0.000773519480098,-0.0272838972213,0.00035248011497,0.00342288067217,-0.00323403509765,0.573829373682,0.818960530714,0.00206056640181,0.0,0.818918000867,-0.573769530078,-0.0119407332647,0.0,-0.00859686455179,0.00853954282166,-0.999926582369,0.0,0.661422182011,0.260619101025,0.303274560666,1.0,-0.0035,-0.0046,0.176
0.464856828707,0.546068342373,-0.123916240207,-1.35845158957,0.0793950919985,1.89506315369,0.158910070701,0.00200108398114,-0.0229044958564,0.00184503666024,-0.0303132400295,3.26534411016e-05,0.00415957540331,-0.00256992552456,0.573847419158,0.818947941,0.00203871489128,0.0,0.818905075687,-0.573787613797,-0.0119581841749,0.0,-0.00862350698468,0.00853185136351,-0.999926418613,0.0,0.661359327098,0.260548904315,0.303262168676,1.0,-0.00384,-0.00504685714286,0.193
0.464799755082,0.545746357405,-0.123921990357,-1.35900956057,0.0793072005686,1.89524774503,0.158824555696,-0.00128510950165,-0.019360385608,0.000594661219321,-0.0357514213104,-0.014013655908,0.00736757653927,-0.000127107655439,0.573835875394,0.818956213772,0.00196339926394,0.0,0.818912851749,-0.573776862908,-0.0119415130001,0.0,-0.00865318980371,0.00846048434686,-0.999926768574,0.0,0.661297585913,0.260444116502,0.303240630596,1.0,-0.00416,-0.00546742857143,0.209
0.464734991168,0.545336333294,-0.123923901225,-1.35971214852,0.0792810439785,1.89547358132,0.158742357845,-0.00200081421109,-0.0220918261878,0.00423154115723,-0.0399371855024,0.000112482893054,0.00798461020799,-0.00236773247908,0.573855036091,0.81894290249,0.00191491889632,0.0,0.818898713691,-0.573796036626,-0.0119896609496,0.0,-0.0087202427565,0.00844861460001,-0.999926286422,0.0,0.661210758059,0.260333257533,0.303216133493,1.0,-0.00452,-0.00594057142857,0.227
0.464664079897,0.544905867099,-0.12392240423,-1.36041701543,0.0792575121251,1.89571603758,0.158632522854,-0.00391879346685,-0.0231421490825,0.0011574085529,-0.0415404221765,-0.0046148821943,0.0134703290377,-0.0114474770278,0.573855088683,0.818942903534,0.00189864308601,0.0,0.818898284281,-0.573795948166,-0.0120231764185,0.0,-0.00875702989605,0.00845451931118,-0.999925915021,0.0,0.66112785029,0.260221870444,0.303206318084,1.0,-0.00486,-0.00638742857143,0.244
0.464602917457,0.544512797369,-0.123930279606,-1.36105247093,0.0792334201448,1.89595755755,0.158577092222,-0.0034720942796,-0.0242991320084,-0.00420204662577,-0.0467350313596,-0.000448659842901,0.00864501928705,-0.00163116947664,0.573894385685,0.818915356567,0.00190256623533,0.0,0.818870702668,-0.573835140416,-0.0120312441955,0.0,-0.00876097994351,0.00846278218139,-0.999925810522,0.0,0.661059300831,0.260119102515,0.303203258505,1.0,-0.00516,-0.00678171428571,0.259
0.464532479141,0.543980275269,-0.123928233712,-1.36190694107,0.0791893310087,1.89626171547,0.158463687776,-0.00608778304553,-0.0325196962302,0.000203405493324,-0.0534805701979,-0.000297906845101,0.0243146578006,-0.0106837865887,0.57389357676,0.81891594843,0.00189178782222,0.0,0.818871047395,-0.573834275695,-0.0120490114543,0.0,-0.00878172402342,0.00846414351636,-0.999925617032,0.0,0.660957690779,0.259992801952,0.303199677337,1.0,-0.00552,-0.00725485714286,0.277
0.464444287697,0.543429325022,-0.123935990269,-1.36279983123,0.0791358180509,1.89656854011,0.158348312389,-0.00586198970263,-0.0349035366476,-0.00457855812521,-0.0520766309308,-0.00772705350289,0.0192374448004,-0.00758721415333,0.573912059299,0.818903068,0.00186019148082,0.0,0.818857747502,-0.573852887551,-0.0120664703037,0.0,-0.00881396299505,0.00844848768593,-0.999925465778,0.0,0.660855505964,0.259843431587,0.303191323601,1.0,-0.00588,-0.007728,0.295
0.464371971179,0.542904621097,-0.123931687108,-1.36363164525,0.079086887612,1.89686412784,0.15824524096,-0.00272205623918,-0.0352794616787,-0.000291449636191,-0.0545148392359,-0.00405202733613,0.0253459501001,-0.0160517111975,0.573916999841,0.818899624024,0.00185201725015,0.0,0.818854136946,-0.573857806179,-0.0120775657856,0.0,-0.00882768948513,0.00844821496233,-0.999925346995,0.0,0.660757181402,0.259718435974,0.303192039415,1.0,-0.0062,-0.00814857142857,0.311
0.464297647022,0.54230406762,-0.123934703605,-1.3645570281,0.0790389968575,1.89720036543,0.158108898438,-0.0111043612242,-0.0404243485541,-1.10760636082e-05,-0.0532292647931,-0.00366074376638,0.016695249127,-0.00137064970941,0.573906913685,0.818906661672,0.001865688669,0.0,0.818861276528,-0.573847587563,-0.012079029412,0.0,-0.00882114654455,0.00846014157917,-0.999925303899,0.0,0.660649412758,0.259580698925,0.303205571337,1.0,-0.00654,-0.00859542857143,0.328
0.464205786768,0.541709637867,-0.12393487599,-1.36545388933,0.0789803123685,1.89753971892,0.158006692198,-0.00964541516759,-0.0363529442663,-0.000324512004598,-0.0580751110386,-0.000183749298188,0.0177218376008,-0.0045744734044,0.573932693912,0.818888528066,0.00189429716403,0.0,0.818843567216,-0.57387328778,-0.0120585613758,0.0,-0.00878770022455,0.00847209877644,-0.999925497158,0.0,0.660553042148,0.259434807121,0.303228420755,1.0,-0.00686,-0.009016,0.344
0.464136908732,0.541111404414,-0.123940240282,-1.36641579227,0.0789234994334,1.8979027447,0.157881394037,-0.0035567847247,-0.0295427669708,-0.000437330687014,-0.0594423675326,-0.00567395997536,0.024021251448,-0.00273113850765,0.573928496746,0.818891475132,0.00189195140128,0.0,0.818846497385,-0.57386911462,-0.0120581883395,0.0,-0.00878878437255,0.00846991875753,-0.999925506098,0.0,0.660441445573,0.259295324621,0.303225164264,1.0,-0.00718,-0.00943657142857,0.36
0.464035663701,0.540402000542,-0.12393806237,-1.36748793132,0.0788675141519,1.89829030443,0.157737070426,-0.0101961154252,-0.0416960697088,-0.000309377477403,-0.0634803994746,-0.00120611436158,0.0223143415918,-0.0102018649923,0.573936015196,0.81888614246,0.00191912688257,0.0,0.818841407169,-0.573876405092,-0.0120568854105,0.0,-0.00877204363659,0.00849150481299,-0.999925470021,0.0,0.660318662977,0.259129028388,0.303249808803,1.0,-0.00752,-0.00988342857143,0.377
0.463940605033,0.539615959024,-0.123938728366,-1.36870600277,0.0787911248098,1.8987519465,0.157583750251,-0.00387983949942,-0.0392044254556,-0.00099231376017,-0.0654298931064,-0.00682766785587,0.0225344708406,-0.00446872970139,0.573935785218,0.818886250203,0.00194179703671,0.0,0.818841845094,-0.573876110012,-0.0120411785616,0.0,-0.00874617302144,0.00850105161265,-0.999925615523,0.0,0.660178909349,0.258950588903,0.303265531917,1.0,-0.00788,-0.0103565714286,0.395
0.463845376704,0.538908670193,-0.123946748684,-1.36980768062,0.0787295397116,1.89917138114,0.157450459952,-0.00750741108723,-0.0459110706909,-0.000302812909077,-0.070312211928,-0.00102691504168,0.0224313541577,-0.00921092461277,0.57395471348,0.818872933198,0.00196291898994,0.0,0.81882880651,-0.57389494755,-0.0120300335803,0.0,-0.00872472757163,0.00851215297585,-0.999925708431,0.0,0.660056247608,0.25878009132,0.30327748462,1.0,-0.0082,-0.0107771428571,0.411
0.463736647938,0.538130928556,-0.123944481222,-1.3710314859,0.0786585443464,1.89963825813,0.157301858906,-0.00390960770838,-0.0441166844807,-0.000266928518706,-0.0762551136204,-0.00272955362812,0.0340123727121,-0.012156955597,0.573969090007,0.818862811698,0.00198147316327,0.0,0.818818896857,-0.573909213115,-0.0120239823786,0.0,-0.00870897398911,0.00852402600769,-0.999925744619,0.0,0.659918061849,0.258594788024,0.30328472741,1.0,-0.00854,-0.011224,0.428
0.463639878779,0.537325266254,-0.123947923987,-1.37229476768,0.0785928321328,1.90010764176,0.157152083663,-0.00378222826554,-0.0541095659618,4.65484921647e-05,-0.0747971318583,-0.00134710860811,0.0321679636261,-0.0122173488284,0.57398012996,0.818855038741,0.00199570569715,0.0,0.81881121978,-0.573920102753,-0.0120270079059,0.0,-0.00870316796888,0.00853753415104,-0.999925679927,0.0,0.659769616832,0.258410781528,0.303293174919,1.0,-0.00888,-0.0116708571429,0.445
0.463532869506,0.536528885987,-0.123960516673,-1.37352942938,0.078521196641,1.90058147176,0.156993166771,-0.00531863997836,-0.0483496620856,-0.00260152289306,-0.0815673528115,-0.00319986813576,0.0258512535919,-0.00478168143572,0.573995313642,0.818844327158,0.00202353619064,0.0,0.81880092069,-0.573935214604,-0.0120070236421,0.0,-0.00867067145487,0.00854901319231,-0.999925864167,0.0,0.65963325154,0.258217339648,0.303309217055,1.0,-0.0092,-0.0120914285714,0.461
0.463417133185,0.535660036957,-0.123964363793,-1.37490212125,0.0784372085512,1.90107662856,0.15682011272,-0.0100125222744,-0.0536694963894,-0.00288655403872,-0.0816248789147,-0.00337931082389,0.0256382447476,-0.00949094907824,0.574003887528,0.818838339568,0.00201436273027,0.0,0.818794807023,-0.573943820036,-0.012012590741,0.0,-0.00868040594066,0.00854478804128,-0.999925815823,0.0,0.659471648664,0.258007255343,0.303312115621,1.0,-0.00954,-0.0125382857143,0.478
0.463298548579,0.534765615233,-0.123954891222,-1.37634861236,0.0783651757061,1.90159686568,0.156643310885,-0.00608719636468,-0.0490252098567,-0.000144938845292,-0.0855500656884,-0.00537189231966,0.0299985833865,-0.0101510328206,0.574009527314,0.818834428104,0.00199719929277,0.0,0.818790439673,-0.573949304661,-0.0120481732744,0.0,-0.00871933580175,0.00855121857076,-0.999925422141,0.0,0.659295258396,0.257798247488,0.303299540396,1.0,-0.00988,-0.0129851428571,0.495
0.463183273803,0.533905165078,-0.12396010674,-1.37775250541,0.0782819778138,1.90210925037,0.15647867101,-0.00806688224701,-0.0569170087108,0.0007273446353,-0.0892566860396,-0.00604804398391,0.0306564890208,-0.00640392232092,0.574027318776,0.818822024206,0.0019689781727,0.0,0.818777645546,-0.573967194532,-0.0120653908252,0.0,-0.00874944731447,0.00853818364427,-0.999925270504,0.0,0.65912907975,0.257585187275,0.303282882355,1.0,-0.0102,-0.0134057142857,0.511
0.463040757444,0.532930412476,-0.123960092799,-1.37935232937,0.0781854122955,1.90272350204,0.156271013784,-0.00874287468615,-0.0555787990279,-0.00122998312886,-0.0898887314696,-0.00607551631835,0.0400039293468,-0.0136131078547,0.574035699051,0.818816177888,0.00195702448786,0.0,0.818771646376,-0.573975628864,-0.0120712659587,0.0,-0.00876103217048,0.00853185801967,-0.999925223061,0.0,0.658946807304,0.257340215093,0.30326206431,1.0,-0.01056,-0.0138788571429,0.529
0.462908485135,0.531949785344,-0.123967944191,-1.3809109032,0.0781063868511,1.90328843403,0.156074362164,-0.0107460638149,-0.0617914993282,-0.0023158165633,-0.0968875763628,-0.0040506785212,0.0354799985755,-0.0135789421652,0.574052284258,0.818804562597,0.00195195009986,0.0,0.818759824594,-0.573992097675,-0.0120900098471,0.0,-0.00877912031755,0.0085386404861,-0.999925006521,0.0,0.658762213679,0.257101918603,0.303260795916,1.0,-0.0109,-0.0143257142857,0.546
0.462780539635,0.530997247712,-0.123961181784,-1.3824366851,0.0780077163031,1.90383527905,0.155871720942,-0.00667357125722,-0.06024766506,-0.000491839831616,-0.0943178845072,-0.0105549787378,0.0375015968572,-0.0113866084664,0.574042779795,0.81881128438,0.00192728777942,0.0,0.818766196728,-0.573982676169,-0.012105761206,0.0,-0.0088062736322,0.00852738707803,-0.999924863784,0.0,0.658577134912,0.256874129196,0.303253048906,1.0,-0.01122,-0.0147462857143,0.562
0.462636653563,0.529956868902,-0.123963656084,-1.38407720137,0.077905061335,1.90441184338,0.155661525996,-0.0131769307381,-0.0624207628495,0.00117240258598,-0.10058909037,-0.00632137541795,0.0316958068079,-0.0136490392476,0.574051535806,0.81880519721,0.00190529818604,0.0,0.818759796604,-0.573991503659,-0.0121200698561,0.0,-0.00883052123293,0.0085176902622,-0.999924732591,0.0,0.658379495038,0.256619415043,0.303255237157,1.0,-0.01156,-0.0151931428571,0.579
0.462485847323,0.528835310903,-0.12396440481,-1.38584383492,0.0777941908694,1.9050875494,0.155408049487,-0.01245763699,-0.0626015879584,0.000242037768328,-0.100116264542,-0.00448964559643,0.0389672846688,-0.0147089917406,0.574034094957,0.818817372202,0.00192761719175,0.0,0.818772308673,-0.573974010166,-0.0121032683462,0.0,-0.00880413371953,0.00852613242392,-0.999924893327,0.0,0.658175638694,0.256352650899,0.303262862118,1.0,-0.01192,-0.0156662857143,0.597
0.462367760168,0.527856842489,-0.123971597167,-1.38733845873,0.0777007830321,1.90568061984,0.155208934118,-0.00506640185356,-0.0656898065761,-2.95134406315e-05,-0.099600880552,-0.00788018949253,0.0347805302861,-0.0147659124719,0.574028779601,0.818820953454,0.00198828484122,0.0,0.818776788576,-0.573968534114,-0.0120598191082,0.0,-0.00873378779744,0.00855080935155,-0.999925299515,0.0,0.658006850501,0.2561313163,0.303291976585,1.0,-0.01222,-0.0160605714286,0.612
0.462215196067,0.526604083829,-0.123970838979,-1.3892336978,0.0775704657519,1.9064037467,0.154945427468,-0.00839295167695,-0.0703507834894,0.000853918147849,-0.105554698736,-0.00677830515708,0.0382685340442,-0.00819240919893,0.574004623834,0.818837738989,0.00204839588658,0.0,0.818794508206,-0.57394427153,-0.0120113867047,0.0,-0.00865987837598,0.00857197184675,-0.999925761147,0.0,0.657785928413,0.255850880266,0.303334182855,1.0,-0.01258,-0.0165337142857,0.63
0.46206663175,0.525426460496,-0.12397825469,-1.39106550179,0.0774640139877,1.90706472684,0.154693183025,-0.0116180248878,-0.0702198596306,-0.00184835480043,-0.11415514564,-0.0056647330572,0.0400386905658,-0.0138966749223,0.573994844285,0.81884457657,0.0020554944239,0.0,0.81880138189,-0.57393440721,-0.0120141640234,0.0,-0.00865818077566,0.00857927506019,-0.999925713213,0.0,0.657564413056,0.255574536672,0.303348314264,1.0,-0.01292,-0.0169805714286,0.647
0.461917924211,0.52430902098,-0.123979233906,-1.39282159753,0.0773447203916,1.90768741675,0.154457058429,-0.00699115407881,-0.070382424655,-0.000684912571983,-0.112993435655,-0.00917332761697,0.0337436687597,-0.0183598965087,0.573985911803,0.818850888609,0.00203523423202,0.0,0.818807482448,-0.573925614028,-0.0120184504726,0.0,-0.00867341278293,0.00856505117444,-0.999925703145,0.0,0.657350159124,0.255305431352,0.303352300262,1.0,-0.01324,-0.0174011428571,0.663
0.461757882286,0.523120598965,-0.12398212946,-1.39475144152,0.0772342158223,1.90841808639,0.154196142827,-0.0079732719597,-0.067092874282,-0.000295003142538,-0.116141066235,-0.00601052797468,0.0461574541725,-0.0182972630529,0.573979258471,0.818855573636,0.00202664060481,0.0,0.818811995644,-0.573918939212,-0.0120297092645,0.0,-0.00868763431823,0.00856440613267,-0.99992558521,0.0,0.657120733212,0.255016796787,0.303332700973,1.0,-0.01358,-0.017848,0.68
0.461589665843,0.521857755374,-0.123980346269,-1.39670848026,0.0771151202539,1.90918536927,0.153924135083,-0.0143059279865,-0.0769482496963,6.0517370699e-05,-0.116625888531,-0.00149655310155,0.051435904665,-0.0172732965621,0.573966170254,0.81886459926,0.00208575728959,0.0,0.81882180719,-0.573905617055,-0.011997403226,0.0,-0.00862738706446,0.00859413259954,-0.99992585179,0.0,0.656881626314,0.254708305053,0.303351850354,1.0,-0.01394,-0.0183211428571,0.698
0.461429510694,0.520681998367,-0.123985361268,-1.39861447376,0.076997543774,1.90988268881,0.153676711613,-0.0120265959094,-0.0726206995206,0.000309839989338,-0.122905301517,-0.00809708565183,0.0453948572828,-0.017323496998,0.573967851449,0.818863496978,0.00205565584653,0.0,0.818820318531,-0.573907431087,-0.0120122189825,0.0,-0.0086567781462,0.00857800544875,-0.99992573625,0.0,0.656663829935,0.254433825181,0.303334451843,1.0,-0.01424,-0.0187154285714,0.713
0.461251152771,0.519278616601,-0.123996463336,-1.40080201381,0.076860923236,1.91066050326,0.153366634782,-0.0118459452629,-0.0822205837188,-0.00109623361751,-0.116945623288,-0.00678636908236,0.0400496261163,-0.0222375434271,0.573947111927,0.81887805564,0.00204685185648,0.0,0.818834766005,-0.573886735091,-0.0120161628082,0.0,-0.00866527774097,0.00857284045492,-0.999925706924,0.0,0.656394552865,0.254099787618,0.30334640969,1.0,-0.0146,-0.0191885714286,0.731
0.461077254563,0.517926725431,-0.123997429218,-1.40292347255,0.0767194519475,1.9114223449,0.15309284223,-0.00636195841012,-0.0783322980254,-0.000534173213695,-0.126842162005,-0.0123157945783,0.0477468291991,-0.0196093526335,0.573940076946,0.818883019656,0.00203349354488,0.0,0.818839603138,-0.573879804523,-0.0120175369514,0.0,-0.00867414307369,0.00856261598675,-0.999925717666,0.0,0.656132377827,0.253779948336,0.303351530211,1.0,-0.01494,-0.0196354285714,0.748
0.460918938695,0.516744623177,-0.124000701854,-1.40480212743,0.0765987686503,1.91211374456,0.152827930891,-0.00676872853245,-0.074168788085,0.00157445738432,-0.122150143016,-0.00788014742733,0.0491381849306,-0.023359732118,0.573921860307,0.818895810003,0.00202423365662,0.0,0.818852303878,-0.573861660315,-0.0120185754021,0.0,-0.0086804980784,0.00855543626498,-0.999925723973,0.0,0.655903903334,0.253494175422,0.303346713439,1.0,-0.01524,-0.0200297142857,0.763
0.460719399564,0.515282741797,-0.124003447366,-1.4071134901,0.0764580936017,1.91298363663,0.152522052548,-0.0144845508306,-0.0831305610757,-0.000236436592257,-0.123668283341,-0.0103812115359,0.0483073111627,-0.0158979630064,0.573920796325,0.818896518089,0.00203938926554,0.0,0.818853202431,-0.57386052496,-0.0120115636419,0.0,-0.00866606949734,0.00856381148149,-0.999925777432,0.0,0.655626504282,0.253142901543,0.303347254106,1.0,-0.0156,-0.0205028571429,0.781
0.460527353609,0.513883103713,-0.124007806908,-1.40937177056,0.0763213854177,1.91377492072,0.15220493218,-0.00967147902122,-0.0877581579054,-0.00117889024992,-0.138400073547,-0.00791499337835,0.0473978359208,-0.0177354554365,0.57390308581,0.818909070939,0.0019820529783,0.0,0.81886490257,-0.573842959264,-0.0120530636213,0.0,-0.00873314412564,0.00854048845553,-0.999925393342,0.0,0.65534169314,0.252796518866,0.303322227677,1.0,-0.01594,-0.0209497142857,0.798
0.460344412043,0.512564951769,-0.124010782488,-1.41150303178,0.0761977411442,1.91452415008,0.151910130517,-0.0119501797096,-0.0804976836987,-0.000565715907452,-0.130224322842,-0.0110360938095,0.0492083751504,-0.0189468193202,0.573891812954,0.818917093542,0.00193075904673,0.0,0.81887210285,-0.573831763049,-0.0120968504602,0.0,-0.00879855615157,0.00852349226599,-0.999924964929,0.0,0.655072385857,0.252470221842,0.303296463182,1.0,-0.01626,-0.0213702857143,0.814
0.460152708766,0.511119476846,-0.12401430781,-1.41380212596,0.0760510304357,1.91539736513,0.151586580654,-0.0118351151508,-0.0908416723212,-0.00126198481777,-0.137255605038,-0.0100895584238,0.0404933722442,-0.0151025063744,0.573867031076,0.818934435429,0.00194113725527,0.0,0.818889642133,-0.573806998689,-0.0120842527448,0.0,-0.00878254164779,0.00852449556067,-0.999925097164,0.0,0.654793982587,0.252124326038,0.303290294286,1.0,-0.0166,-0.0218171428571,0.831
0.459944986953,0.509634151849,-0.124017297891,-1.41616078143,0.0759018426917,1.91628453895,0.151255658226,-0.0141038937381,-0.0907298712295,-0.00120073078357,-0.140928782001,-0.0138457109834,0.0501661336001,-0.0201646843158,0.573850940064,0.818945695022,0.0019478432211,0.0,0.81890102364,-0.573790913721,-0.0120767426752,0.0,-0.00877271058397,0.0085255050871,-0.999925174857,0.0,0.654508318518,0.251762338709,0.303284384051,1.0,-0.01694,-0.022264,0.848
0.459777038638,0.508394916936,-0.124020485044,-1.41809964173,0.0757794299621,1.91697071586,0.150988921897,-0.0158963379264,-0.0868186105785,0.000254178910581,-0.132858865339,-0.011796909476,0.0543881250498,-0.0146934267298,0.573839689395,0.818953609814,0.00193461878764,0.0,0.818908731801,-0.57377968943,-0.012087343735,0.0,-0.00878909803506,0.00852063784108,-0.999925072436,0.0,0.654264081704,0.251463657152,0.303288184607,1.0,-0.01722,-0.022632,0.862
0.459535888676,0.506680190089,-0.124023670062,-1.42080468495,0.0756184719086,1.91795883345,0.150604018471,-0.0110873452204,-0.0847989255552,0.000308144496904,-0.146099925695,-0.00093000744865,0.0552591088165,-0.0233880315752,0.573820805174,0.818966842024,0.00193445496747,0.0,0.818921859907,-0.573760709477,-0.0120988647595,0.0,-0.0087988242142,0.00852691194733,-0.999924933415,0.0,0.653928924876,0.251046731204,0.303285637135,1.0,-0.0176,-0.0231314285714,0.881
0.45930196424,0.504974703211,-0.124034709277,-1.42341189911,0.0754522341689,1.91897083848,0.150261045229,-0.0131708120655,-0.0914116354404,-0.00370337007847,-0.146840780916,-0.00900011706489,0.0622046802569,-0.0161942565299,0.573829151533,0.818960786562,0.00202035278072,0.0,0.818917073749,-0.573768826068,-0.0120377512931,0.0,-0.00869939831459,0.00856227884843,-0.99992550115,0.0,0.653620793086,0.250642235588,0.303324740426,1.0,-0.01796,-0.0236045714286,0.899
0.459084980251,0.50340426673,-0.12403395062,-1.42574360575,0.0752990223345,1.91984183793,0.149925539004,-0.0146271570886,-0.0956140053744,0.000957256058439,-0.143717926169,-0.0120762204098,0.0564724968972,-0.0241657136081,0.573809761302,0.818974147185,0.00210973423451,0.0,0.818931675638,-0.57374913535,-0.0119827885955,0.0,-0.00860330151828,0.00860373490411,-0.999925976735,0.0,0.653338388398,0.250279317462,0.303387310677,1.0,-0.01828,-0.0240251428571,0.915
0.458859549052,0.501699247001,-0.124042821561,-1.42827152334,0.0751344115727,1.92076683731,0.149574819738,-0.0137255135044,-0.0987303751498,0.000431334007194,-0.151569540443,-0.00625092165592,0.0540435909406,-0.0167613872537,0.573798136297,0.818982076741,0.00219172536543,0.0,0.818940757227,-0.57373725847,-0.0119306872134,0.0,-0.00851370840373,0.00864086568162,-0.999926423398,0.0,0.653026995267,0.24988568711,0.303454825532,1.0,-0.01862,-0.024472,0.932
0.458619860547,0.499986967485,-0.124046471543,-1.43087838913,0.0749741086511,1.92167531774,0.149206754141,-0.0158516216058,-0.0960074737941,0.0011595527381,-0.155836595703,-0.00868156658926,0.0503920311914,-0.0237906778964,0.573784862371,0.818991338106,0.00220606477769,0.0,0.818950099424,-0.573723820292,-0.0119356434212,0.0,-0.00850968050233,0.0086553151284,-0.999926332715,0.0,0.652694457979,0.249476271909,0.303487646886,1.0,-0.01896,-0.0249188571429,0.949
0.458381593177,0.498407747226,-0.12404677405,-1.43334754384,0.0748205541675,1.92260493781,0.148853867517,-0.0167467932593,-0.0906077603924,0.00350050359255,-0.154537337968,-0.0132037177165,0.0511536962976,-0.0233697670797,0.573775343677,0.818997920766,0.00223778262695,0.0,0.818957089707,-0.573714168855,-0.0119199234155,0.0,-0.00847870813446,0.00867217306808,-0.999926449757,0.0,0.652393290328,0.249086848405,0.303494392062,1.0,-0.01928,-0.0253394285714,0.965
0.458121725708,0.496734845896,-0.124041772884,-1.43601357656,0.0746545495062,1.92355561857,0.148447551973,-0.0148574075804,-0.09697284955,0.00275463388627,-0.157961651239,-0.00414622143351,0.0462351894049,-0.0295229400697,0.573741788278,0.819021523461,0.00220258779955,0.0,0.818980110485,-0.573680634685,-0.0119521930726,0.0,-0.00852568555809,0.00866151498775,-0.999926142694,0.0,0.652054889042,0.24866396835,0.303473859366,1.0,-0.01962,-0.0257862857143,0.982
0.457832360827,0.494947861685,-0.124052097998,-1.43891464089,0.0744726070605,1.92455722765,0.148040300327,-0.0185105483192,-0.10101848907,-0.000184191701919,-0.16849210737,-0.00535976273434,0.0646950744619,-0.0211704865531,0.573749451644,0.819016414354,0.00210396229821,0.0,0.818973604862,-0.573688595078,-0.0120157112924,0.0,-0.00863421183899,0.00861726326201,-0.999925593812,0.0,0.651683010603,0.248187626043,0.303425241276,1.0,-0.01998,-0.0262594285714,1.0
0.457573615332,0.493248204802,-0.124082702617,-1.44162294344,0.0743018852128,1.92555255821,0.147650343057,-0.0147633495437,-0.111878844625,-0.000199844049206,-0.183966187157,-0.00603663047728,0.0626459539697,-0.0180545026528,0.57375394647,0.819013319516,0.00208285064783,0.0,0.818970335294,-0.573693278726,-0.0120149387899,0.0,-0.0086456439403,0.00859957700923,-0.999925647294,0.0,0.651349331139,0.247742461464,0.303406878689,1.0,-0.0241285714286,-0.0317118367347,1.016
0.457267968999,0.491029227439,-0.124112244792,-1.44509770141,0.0740983365945,1.92684268983,0.147144441307,-0.0233744903105,-0.134980916374,0.00106633444765,-0.219379124329,-0.0119974011358,0.0836308889928,-0.0343537975987,0.573730336726,0.819029786747,0.00211093408282,0.0,0.818987138692,-0.573669523663,-0.0120037984932,0.0,-0.00862065594459,0.00861593709943,-0.999925722201,0.0,0.650913469639,0.247198152539,0.303409775641,1.0,-0.0288302857143,-0.0378912326531,1.033
0.456865338087,0.488477137438,-0.124123544545,-1.44923294951,0.0738538605946,1.92832759879,0.146548201821,-0.0248672732958,-0.156637607212,-0.00128918433128,-0.254375685791,-0.01494284351,0.0940388019863,-0.0380893841927,0.573719712805,0.819037432078,0.00203049141591,0.0,0.818993499505,-0.573659010897,-0.012072029135,0.0,-0.00872280198641,0.00858908572527,-0.999925067359,0.0,0.650383933344,0.246534516294,0.303345219739,1.0,-0.033532,-0.0440706285714,1.05
0.456442992949,0.485782528408,-0.124173811707,-1.45334672918,0.073600116653,1.92990636833,0.145941378361,-0.0336959381822,-0.184004477199,0.000340374300958,-0.280356736169,-0.0181582901098,0.107327989894,-0.0497140687488,0.573727747464,0.819031485055,0.00215526810891,0.0,0.818989396965,-0.573666731504,-0.0119831434369,0.0,-0.00857833131262,0.00864036997427,-0.999925875372,0.0,0.649854580505,0.24580438883,0.303393867628,1.0,-0.0379571428571,-0.0498865306122,1.066
0.455838297391,0.482002514803,-0.124222446037,-1.45925534072,0.0732512650044,1.93197180743,0.145034583911,-0.0340681113855,-0.210762082116,0.000620080430474,-0.321482533006,-0.0182162574464,0.113267677009,-0.0506584640633,0.573723425158,0.819034641943,0.00210561704159,0.0,0.818991665952,-0.573662377208,-0.0120364022269,0.0,-0.00865048365926,0.00863021487935,-0.999925341475,0.0,0.649133902602,0.244857443292,0.303388506056,1.0,-0.0429354285714,-0.0564294204082,1.084
0.45526101087,0.478395652005,-0.124293773308,-1.46486814717,0.0729061999113,1.93397661156,0.144214021104,-0.0368195115619,-0.234488877583,-0.00831690886059,-0.359443603188,-0.0184921677552,0.1289110727,-0.0535708508708,0.573755571342,0.819012150881,0.00209474671332,0.0,0.81896908032,-0.573694612586,-0.0120367716069,0.0,-0.00865668396722,0.00862186355731,-0.99992535986,0.0,0.648422788716,0.243904634087,0.303392649663,1.0,-0.0473605714286,-0.062245322449,1.1
0.454610063161,0.474430191278,-0.124340008386,-1.47091891333,0.0725436624685,1.9362185847,0.143350344817,-0.0382801887878,-0.247873816388,-0.00227741968319,-0.386867263196,-0.0156988550631,0.146496274437,-0.0525267326927,0.573809303084,0.818974155887,0.00222768569794,0.0,0.818932793916,-0.573747757174,-0.0119723467867,0.0,-0.00852707710342,0.00869433623146,-0.999925845987,0.0,0.64766782091,0.242885492544,0.303452941112,1.0,-0.0517857142857,-0.0680612244898,1.116
0.453759435484,0.469300226425,-0.124383774523,-1.47873690563,0.0720702224016,1.93903255002,0.142137237446,-0.0483383443248,-0.286018382059,-0.00570870050359,-0.421295560997,-0.0241575563485,0.16270737732,-0.0759509902113,0.573786234315,0.818989977044,0.00234983270266,0.0,0.818950030526,-0.573724015502,-0.0119309864848,0.0,-0.00842336506923,0.00877040022772,-0.999926060767,0.0,0.646612196344,0.241490693126,0.303525592201,1.0,-0.0573171428571,-0.0753311020408,1.136
0.452979204745,0.464600588863,-0.124407839582,-1.48585553697,0.0715984424895,1.94162203577,0.14099655388,-0.051822690415,-0.296572326835,-0.00374744227954,-0.458030628234,-0.0311772525279,0.157373843768,-0.0696644972377,0.573719035219,0.819036687984,0.00247371466906,0.0,0.818998444004,-0.57365643437,-0.0118571044578,0.0,-0.00829250088381,0.00882878497635,-0.999926640802,0.0,0.645749190356,0.240369482265,0.303600961865,1.0,-0.0614657142857,-0.0807835102041,1.151
0.452165678336,0.459938079977,-0.124432971635,-1.49311443654,0.0711369996909,1.94408947369,0.139930091632,-0.0554124615498,-0.317435826903,-0.00338048374271,-0.485105623799,-0.0352012781012,0.167914987049,-0.0686850654016,0.573742698947,0.819020425885,0.00236733827065,0.0,0.818980417737,-0.573680113661,-0.0119561471067,0.0,-0.00843439619532,0.00879872519853,-0.999925718939,0.0,0.644771014358,0.239128012139,0.30357228092,1.0,-0.0656142857143,-0.0862359183673,1.166
0.451125102019,0.45400672872,-0.124478863072,-1.50229958775,0.0705103191797,1.94731912242,0.13851778631,-0.0619360720222,-0.335241455718,-0.000225669991267,-0.523028643589,-0.0305950531797,0.18783719134,-0.0933419604923,0.573722697292,0.819034568487,0.00232145139663,0.0,0.818994065903,-0.573660407425,-0.0119667819179,0.0,-0.0084696463772,0.00876703811059,-0.999925699306,0.0,0.643550144191,0.237544501022,0.303559908303,1.0,-0.0705925714286,-0.0927788081633,1.184
0.450066575336,0.447900637815,-0.124517696631,-1.51129535567,0.0699079016109,1.95074249836,0.137082108185,-0.0659283714073,-0.355131191444,-0.000569273703731,-0.549670851531,-0.0356922795874,0.203681538005,-0.081898056838,0.57368625182,0.819058760276,0.00275292354111,0.0,0.819024369035,-0.573622876895,-0.011688666759,0.0,-0.00799471890649,0.00896051140561,-0.999927894253,0.0,0.642407448289,0.235996589749,0.303764502897,1.0,-0.0752942857143,-0.0989582040816,1.201
0.448988653278,0.441988951193,-0.124546119481,-1.52046168218,0.0692967254752,1.95383895587,0.135684983913,-0.0694825858091,-0.381921020803,-0.00648169402642,-0.586455511836,-0.0360167237398,0.197045081925,-0.0927810773176,0.57368691831,0.819058749413,0.00261374663697,0.0,0.819022198736,-0.573623655396,-0.0118019849391,0.0,-0.0081673693718,0.00891153246183,-0.999926936664,0.0,0.64113856414,0.23440053642,0.30371862241,1.0,-0.0797194285714,-0.104774106122,1.217
0.447679090753,0.434911356816,-0.124568290216,-1.53130485967,0.0685595265368,1.95754188077,0.133917045037,-0.0744159170525,-0.411888062976,-0.00239831238332,-0.590892212933,-0.0414017192919,0.206080371958,-0.0949443016496,0.573600425967,0.819119516939,0.00255248903695,0.0,0.819081873203,-0.573537083563,-0.0118678418277,0.0,-0.00825739272732,0.00889826794862,-0.999926315432,0.0,0.639634743987,0.23250242971,0.303713961047,1.0,-0.0846977142857,-0.111316995918,1.235
0.446340064432,0.427933751748,-0.124599619325,-1.54192496459,0.0677937723493,1.96135223018,0.13221500752,-0.0768628633598,-0.418542457479,0.00105871929515,-0.639661217847,-0.0457648767731,0.216101164803,-0.106306349425,0.573571751566,0.819139275303,0.0026533682669,0.0,0.819103356628,-0.573508486088,-0.0117666667908,0.0,-0.00811696596674,0.00892258232246,-0.999927248548,0.0,0.638196912924,0.230611263584,0.303744717776,1.0,-0.0893994285714,-0.117496391837,1.252
0.44505010066,0.421513198251,-0.124687364078,-1.55181577843,0.0670873427023,1.96462733181,0.130550735332,-0.0861912981236,-0.421300629067,-0.0115575866825,-0.668325688934,-0.0481034675248,0.219028150519,-0.112054040047,0.573551682931,0.819153940128,0.00245688450269,0.0,0.81911547424,-0.573489165189,-0.0118644078324,0.0,-0.00830993977287,0.00881749295788,-0.999926595665,0.0,0.636804472555,0.228774866063,0.303688210981,1.0,-0.093548,-0.1229488,1.267
0.443410091985,0.413386832699,-0.124809926591,-1.563937994,0.0662383882182,1.96896464206,0.128604729761,-0.0905095896773,-0.454622369159,-0.00307940631516,-0.678189498414,-0.0475249019677,0.239117510581,-0.116144561916,0.573660273542,0.819077117098,0.00270438660978,0.0,0.81904241439,-0.573597426899,-0.0116731395005,0.0,-0.0080101264686,0.00891159531309,-0.999928208094,0.0,0.635161316088,0.226509305431,0.303806541125,1.0,-0.0985262857143,-0.129491689796,1.285
0.441723439684,0.405478804275,-0.124851686527,-1.57601386986,0.0654274305632,1.97296803109,0.126576553325,-0.101463285875,-0.474948870011,-0.00194434490258,-0.731005467504,-0.0499389815855,0.233026711515,-0.121755418126,0.573676726004,0.819066007924,0.00257596697802,0.0,0.819028913231,-0.573613547999,-0.011827245864,0.0,-0.00820984356173,0.00889497837535,-0.99992673623,0.0,0.633422097131,0.22425617004,0.303753372165,1.0,-0.103228,-0.135671085714,1.302
0.440047680798,0.397687337117,-0.124970255228,-1.58759055117,0.0645988072811,1.97700079687,0.124606541264,-0.107065995722,-0.502195175653,-0.00868747210588,-0.722760936751,-0.0529201693104,0.267336562621,-0.128521909696,0.573752414708,0.81901242832,0.00274877699179,0.0,0.818977976266,-0.573689037918,-0.011692265149,0.0,-0.00799932125606,0.00895982568497,-0.99992786359,0.0,0.631806644442,0.222025772417,0.303847142352,1.0,-0.107653142857,-0.141486987755,1.318
0.438159873103,0.38921756877,-0.125019989428,-1.60035325403,0.063632242725,1.98133674268,0.122423467465,-0.114858945912,-0.497226103548,-0.00191840141189,-0.779504823154,-0.056286841542,0.262089380998,-0.137853502089,0.573768604987,0.819001124496,0.00273731745296,0.0,0.818966790975,-0.57370556521,-0.0116647600954,0.0,-0.00798319107978,0.0089348172407,-0.999928216274,0.0,0.629966123913,0.219580965216,0.30384166637,1.0,-0.112354857143,-0.147666383673,1.335
0.436176120125,0.380373115226,-0.12507767979,-1.6135802525,0.0626428136986,1.9856707209,0.120056359885,-0.114346248212,-0.533153257979,-0.00082090206772,-0.791907438977,-0.0545549270757,0.266757598601,-0.134663306353,0.573715769098,0.819038367174,0.00266763670451,0.0,0.819003010952,-0.573652849252,-0.011714243396,0.0,-0.00806427264964,0.00890562011322,-0.999927826114,0.0,0.628003199203,0.217028619537,0.303847547841,1.0,-0.117056571429,-0.153845779592,1.352
0.434194848296,0.371873157306,-0.125130538074,-1.62633404012,0.0617008686271,1.98994194996,0.117777450577,-0.125760387968,-0.540566112404,-0.00512047858112,-0.78027394194,-0.0671493314995,0.270428125269,-0.138580756626,0.57371312389,0.81904024687,0.00265939559482,0.0,0.819004652364,-0.573650089051,-0.0117346341825,0.0,-0.00808573083333,0.00891054255472,-0.999927608974,0.0,0.626111595183,0.214542610319,0.303824233654,1.0,-0.121481714286,-0.159661681633,1.368
0.431941555559,0.362480992854,-0.125257742886,-1.64018716725,0.060612533107,1.99449687629,0.115332061763,-0.130375255367,-0.56847092553,-0.00953995117851,-0.790283045036,-0.061100271979,0.278262888052,-0.143860172793,0.573833202979,0.818956066565,0.00267639618297,0.0,0.818921174172,-0.5737706246,-0.0116673792935,0.0,-0.00801958794566,0.00888705823847,-0.999928350636,0.0,0.624048602478,0.211735780958,0.303877247237,1.0,-0.126183428571,-0.165841077551,1.385
0.429444295645,0.352329342432,-0.125342472791,-1.6554242099,0.0594774654752,1.99935564294,0.112500735914,-0.143159357364,-0.574130446715,-0.00361496361235,-0.88330346782,-0.0568730525923,0.270242953232,-0.159014648355,0.573825340022,0.818962213275,0.00247371729946,0.0,0.818924058926,-0.573762820975,-0.0118472731228,0.0,-0.00828330148109,0.00882422203312,-0.999926757329,0.0,0.621692759571,0.208681745005,0.303778726927,1.0,-0.131161714286,-0.172383967347,1.403
