position_joint1,position_joint2,position_joint3,position_joint4,position_joint5,position_joint6,position_joint7,velocity_joint1,velocity_joint2,velocity_joint3,velocity_joint4,velocity_joint5,velocity_joint6,velocity_joint7,ee_T_00,ee_T_10,ee_T_20,ee_T_30,ee_T_01,ee_T_11,ee_T_21,ee_T_31,ee_T_02,ee_T_12,ee_T_22,ee_T_32,ee_T_03,ee_T_13,ee_T_23,ee_T_33,v_x,v_y,time
0.465069933147,0.547728148748,-0.124013391184,-1.35582273624,0.0794421312648,1.89411165682,0.159154575353,7.37896503703e-05,0.000480972364291,7.50453664364e-05,0.000677239288169,-0.00311966889563,0.000220638733541,-0.00180240766408,0.57380651349,0.818976770044,0.00197030600901,0.0,0.818934566542,-0.573748523452,-0.0118133171053,0.0,-0.00854453663177,0.00839227157561,-0.999928277764,0.0,0.661692999901,0.260866904807,0.303258518697,1.0,0.0,0.0,0.0
0.465070168622,0.547728174912,-0.124015262832,-1.35582303859,0.0794421702257,1.89411483574,0.159162045277,0.000602321682481,0.000589950843889,1.48237760862e-05,0.000443115635058,-0.00124606724055,0.000232448975704,0.000869695451128,0.573813794612,0.818971664292,0.00197208017741,0.0,0.818929497496,-0.573755809967,-0.0118108238977,0.0,-0.00854140209314,0.00839236988609,-0.999928303719,0.0,0.661693930448,0.260866164,0.303258694477,1.0,-6e-05,-7.88571428571e-05,0.004
0.465066954277,0.547722852017,-0.124018309745,-1.35582328078,0.0794434931411,1.89411084302,0.159158853594,-0.000210410552753,0.000627961769644,-0.00115862332214,-0.00286849606558,0.000202987599279,0.000282540044445,-0.00158860744586,0.573816268885,0.818969927635,0.00197334578352,0.0,0.818927775355,-0.573758276959,-0.0118103883845,0.0,-0.00854029387112,0.00839318226416,-0.999928306366,0.0,0.661694683561,0.260862258352,0.303262106478,1.0,-0.00034,-0.000446857142857,0.018
0.465067070189,0.547717522255,-0.124013812404,-1.35583162102,0.0794421707127,1.8941125353,0.159154920044,-3.43665893558e-05,-0.00493967095342,0.000494511599067,-0.00057756408917,-0.000253268332297,-0.000236218100833,-0.000914362746689,0.573810771358,0.81897378028,0.00197301529463,0.0,0.818931620125,-0.573752777906,-0.0118109401197,0.0,-0.00854099171293,0.00839317086688,-0.999928300501,0.0,0.66169261438,0.260864898301,0.303262839497,1.0,-0.00068,-0.000893714285714,0.035
0.465063081033,0.547687554156,-0.124018376307,-1.35586475883,0.0794428813289,1.89411640739,0.15916204074,-0.000711221288099,-0.00173411513485,-0.00059846305753,-0.00402545277589,2.73987575723e-05,0.000488145291722,0.0012513349731,0.573824176234,0.818964384749,0.00197438197371,0.0,0.818922217114,-0.573766150859,-0.0118132699801,0.0,-0.0085419782953,0.00839576682284,-0.999928270281,0.0,0.661688277729,0.260855475608,0.30326785415,1.0,-0.001,-0.00131428571429,0.051
0.465068792426,0.547557772058,-0.124013374093,-1.35600871966,0.079439459035,1.89413817858,0.159158007325,0.000712129458201,-0.0101620799188,-0.000157489438507,-0.0110133208295,0.000208824140861,-0.000315602242862,0.0063091211391,0.573819574327,0.818967578329,0.00198712499569,0.0,0.8189254621,-0.573761385899,-0.0118197494132,0.0,-0.00854002038375,0.00840987274838,-0.999928168466,0.0,0.661660600353,0.260847690781,0.303292989457,1.0,-0.00134,-0.00176114285714,0.068
0.465059850323,0.54742628631,-0.124017923182,-1.35619576518,0.0794355086022,1.89418040997,0.159147811103,0.000156362753965,-0.00475887121418,-0.00137370332501,-0.0126187756159,-0.00172341110971,0.00328513434231,-0.00159309263515,0.573830949404,0.818959625638,0.00197989467213,0.0,0.818917336714,-0.573772711303,-0.0118329326038,0.0,-0.00855484922865,0.00841163497219,-0.999928026886,0.0,0.661633208391,0.260820890164,0.303300913726,1.0,-0.00168,-0.002208,0.085
0.465041870624,0.547248146266,-0.12401621627,-1.35641098295,0.0794331842376,1.89429011371,0.159137380492,-0.000751290118433,-0.0138234689799,0.000517266927043,-0.0104035119887,0.000402206374081,0.00941193738477,-0.00121446828178,0.573847511578,0.818947853962,0.0020476444466,0.0,0.818906380372,-0.573788935445,-0.0118044334313,0.0,-0.00849246320482,0.0084509365589,-0.999928227294,0.0,0.661614878415,0.26079386142,0.303334128378,1.0,-0.00202,-0.00265485714286,0.102
0.46502288758,0.54706439109,-0.124010922984,-1.35662212268,0.0794266330775,1.89441111649,0.159128793726,-0.00059733734163,-0.0146228774739,0.00111259253426,-0.0141382292373,-0.000349104559871,0.00754431638227,-0.00138344025031,0.573862615124,0.818937056854,0.00213137854016,0.0,0.818896646213,-0.573803683836,-0.011762743675,0.0,-0.00841011574851,0.00849574115405,-0.999928543615,0.0,0.661599553692,0.260768887624,0.30337411045,1.0,-0.00234,-0.00307542857143,0.118
0.464989591047,0.546841699761,-0.124013711049,-1.35691297385,0.0794227899128,1.89453759796,0.159112180611,-0.00402251845413,-0.0165323340525,0.000179612628559,-0.0149178882761,0.000274036438928,0.0107124779621,-0.000848123178718,0.573893547433,0.818915231684,0.00218779137725,0.0,0.818875471771,-0.57383431237,-0.011742681955,0.0,-0.00836099232821,0.00853074234294,-0.999928657576,0.0,0.661573487334,0.260721619487,0.303404468688,1.0,-0.00268,-0.00352228571429,0.135
0.464959401034,0.546587750587,-0.124013710941,-1.3572976364,0.0794065340168,1.89466861575,0.15906081503,-0.000903986459424,-0.015669263701,-0.000893585301094,-0.0245562125274,0.000278785621958,0.00405724598324,-0.00552849077287,0.573893332383,0.818915370047,0.00219240687026,0.0,0.81887559088,-0.573833998895,-0.0117496925083,0.0,-0.00836408722137,0.00853854305278,-0.999928565112,0.0,0.661526850993,0.260665582948,0.303412577257,1.0,-0.00302,-0.00396914285714,0.152
0.464924008751,0.546302168193,-0.124013710941,-1.35771422397,0.0793799624252,1.89482514863,0.158950900582,-0.00124365415517,-0.0173275399388,-0.0003917541909,-0.0256255398456,-0.0021449294549,0.0102069938567,-3.24705986804e-05,0.573848542266,0.818946698233,0.00221424808066,0.0,0.818907211089,-0.573789139659,-0.0117366834198,0.0,-0.00834136723081,0.00854850697712,-0.999928669767,0.0,0.66148072142,0.260602796815,0.303430073843,1.0,-0.00336,-0.004416,0.169
0.46488858209,0.546029645187,-0.124014421266,-1.35817424183,0.0793467910491,1.89498819844,0.158936682094,0.000728560653961,-0.0196298399205,3.43748666887e-05,-0.0317597544183,-0.00124495838489,0.0143065155535,-0.00196442780288,0.57388332061,0.818922394799,0.00218918336012,0.0,0.818882623537,-0.573824051461,-0.0117453707647,0.0,-0.00836250209339,0.00853332088244,-0.999928622949,0.0,0.661426084005,0.260533617973,0.303418210941,1.0,-0.00368,-0.00483657142857,0.185
0.464829125828,0.545694205988,-0.124013750397,-1.35872391925,0.0793016501725,1.89517293504,0.158855550272,-0.00317716540401,-0.0191324897026,-0.000240163101167,-0.03113340081,-0.00539213889676,0.00755381204524,-0.00578175756355,0.573883740808,0.818922183686,0.00215777761668,0.0,0.818882077958,-0.573824666647,-0.0117533504692,0.0,-0.00838705488704,0.00851218603875,-0.99992859745,0.0,0.661363413466,0.260439064279,0.303410015519,1.0,-0.00402,-0.00528342857143,0.202
0.464764322127,0.545333218568,-0.124016827233,-1.35936442384,0.0792690142604,1.89538765183,0.158760886466,-0.00632702707237,-0.0230030062667,-0.000232550281023,-0.0436111993226,-0.0047767317784,0.0139906104342,-0.00282012471518,0.573888487398,0.818918995942,0.00210452335153,0.0,0.818878122991,-0.573829543319,-0.0117907506976,0.0,-0.00844819470294,0.00849008767554,-0.999928270636,0.0,0.661288018984,0.260332418847,0.3033794031,1.0,-0.00436,-0.00573028571429,0.219
0.464698918298,0.544921489679,-0.124016661708,-1.36005145165,0.0792408281391,1.89561365545,0.158700074056,-0.00666846829291,-0.0266764492865,0.000352328864225,-0.0368097537821,-0.0017775870477,0.014207794348,-0.00304318781175,0.573922847472,0.818895004654,0.0020696385055,0.0,0.818853516719,-0.573863875371,-0.0118286771032,0.0,-0.00849891744863,0.00848364214988,-0.99992789551,0.0,0.661204608277,0.260223892367,0.30336341513,1.0,-0.0047,-0.00617714285714,0.236
0.464622508249,0.544497767197,-0.124017627597,-1.36078076975,0.0792035833531,1.89585994858,0.158606543264,-0.0020207569993,-0.0272308619558,-6.18515137917e-05,-0.0424206841768,0.000306112668724,0.0155614346517,-0.00629592774278,0.573940195772,0.818882964707,0.00202205113368,0.0,0.818840761988,-0.573881317787,-0.0118653488613,0.0,-0.00855607941465,0.0084659015343,-0.999927558384,0.0,0.661119376898,0.260102486153,0.303337534969,1.0,-0.00504,-0.006624,0.253
0.46455540627,0.544026706766,-0.12402259716,-1.36155447575,0.0791683488804,1.89613545896,0.158496325464,-0.00604717591831,-0.0263518770649,-0.001042224735,-0.0494506903134,-0.00456580250123,0.0182584787307,-0.00476246781513,0.573942088385,0.818881683594,0.00200358587283,0.0,0.818839137753,-0.573883183907,-0.0118871616957,0.0,-0.00858452002125,0.00846331988228,-0.999927336476,0.0,0.661029299858,0.259982586109,0.303326657467,1.0,-0.00538,-0.00707085714286,0.27
0.464486307376,0.543551773693,-0.124020848247,-1.36234308839,0.0791198103426,1.89640652565,0.158397155615,-0.00592437621457,-0.0296079879557,-0.000508021166643,-0.0518312211493,-0.00527167275821,0.0212347249257,-0.00969171664915,0.573947142775,0.818878230083,0.00196684936391,0.0,0.818835168485,-0.573888352217,-0.0119110429272,0.0,-0.00862510787024,0.00844699711671,-0.999927125222,0.0,0.660934619776,0.259861088962,0.303310745256,1.0,-0.0057,-0.00749142857143,0.286
0.46440815004,0.542999907724,-0.124026511253,-1.363204106,0.0790690523953,1.8967155215,0.158289665895,-0.00764569202246,-0.0346707770155,-0.000599539369287,-0.0519530782275,-0.00139215162158,0.0164184561246,-0.00141840686943,0.57396140881,0.818868232945,0.00196600385376,0.0,0.818825157546,-0.573902617271,-0.0119119335157,0.0,-0.0086261752723,0.00844696618787,-0.999927116275,0.0,0.660836925302,0.259723953905,0.303318271506,1.0,-0.00604,-0.00793828571429,0.303
0.464334265217,0.542427824202,-0.124031102551,-1.3641133647,0.0790109345951,1.89703873617,0.158179799123,-0.0057926279563,-0.0342187653115,-0.00342908484496,-0.0532024793503,-0.00597144064394,0.015255956994,-0.00552970506668,0.573970136897,0.818862151054,0.0019510055413,0.0,0.818818906139,-0.573911431811,-0.0119169747714,0.0,-0.00863882153574,0.00843767031541,-0.999927085583,0.0,0.660730399948,0.25958458186,0.303318255961,1.0,-0.00638,-0.00838514285714,0.32
0.464261432806,0.541856597518,-0.124032878505,-1.3649919714,0.0789635922557,1.89736414552,0.158054607535,-0.00133738247212,-0.0330244148168,-0.000732681823241,-0.0594649257158,-0.000843915481773,0.0286047757651,-0.00921285933735,0.573964949799,0.81886575756,0.00196326228754,0.0,0.818822654791,-0.573906177351,-0.0119124515121,0.0,-0.00862813639565,0.00844505586598,-0.999927115491,0.0,0.660622007281,0.259447418433,0.303328521525,1.0,-0.00672,-0.008832,0.337
0.464171676522,0.541180230842,-0.124032984852,-1.36604271523,0.0789090096986,1.89775317519,0.157911920197,-0.00412517769954,-0.0415597451875,0.000788380956154,-0.0607146349079,-0.00145604613213,0.0286840310401,-0.00536549150751,0.573965121758,0.818865581767,0.00198617832748,0.0,0.818822651872,-0.573906131211,-0.0119148748039,0.0,-0.0086169668715,0.00846521335436,-0.999927041361,0.0,0.660509005178,0.259295436827,0.303344059317,1.0,-0.00706,-0.00927885714286,0.354
0.464094507261,0.54051481521,-0.124036907398,-1.36704719107,0.0788417357296,1.89812267411,0.157788059083,-0.00289428348445,-0.0408834407866,0.000854202249344,-0.0649910303783,-0.00397697776459,0.0209781603441,-0.0106375753974,0.573967274677,0.818864020145,0.00200773805158,0.0,0.818821439568,-0.573908262523,-0.0118955122858,0.0,-0.00858871491466,0.00847177683722,-0.999927228839,0.0,0.660392939815,0.259145892179,0.303368433884,1.0,-0.00738,-0.00969942857143,0.37
0.463989166922,0.53978938057,-0.124042516134,-1.36815357088,0.078780918418,1.89853242815,0.15765084255,-0.00876545745248,-0.0415871912174,-0.00330517729865,-0.0675451445025,-0.00307269906857,0.0201115164359,-0.00917429572831,0.573990071181,0.818847975632,0.00203418050501,0.0,0.81880570462,-0.573930913785,-0.0118857555474,0.0,-0.0085653127016,0.00848806769601,-0.999927291419,0.0,0.660270074744,0.258969240147,0.303390184441,1.0,-0.00772,-0.0101462857143,0.387
0.463889765112,0.539035070406,-0.124040370102,-1.36931786085,0.0787176998956,1.89897643131,0.15751592209,-0.00412932358678,-0.0429864406671,0.000367018818187,-0.0726486446183,-0.00534468076892,0.0260154436164,-0.00876601560668,0.574007018733,0.818836014257,0.00206666456529,0.0,0.81879409899,-0.573947660606,-0.0118765839132,0.0,-0.00853898174384,0.00850957911118,-0.999927333787,0.0,0.660138008306,0.258796457208,0.303407372384,1.0,-0.00806,-0.0105931428571,0.404
0.463788860368,0.538262003344,-0.124048162062,-1.37050525086,0.0786501501345,1.89943367476,0.157367884726,-0.00443015186046,-0.0491165173228,-0.000371211405028,-0.0724035912077,-0.00526007456428,0.0175309916526,-0.0100212713647,0.574021479586,0.818825785171,0.00210271588532,0.0,0.818784353685,-0.57396198915,-0.0118559720276,0.0,-0.00850126028795,0.00852741765159,-0.999927503233,0.0,0.66000639625,0.258614630481,0.30342815322,1.0,-0.0084,-0.01104,0.421
0.463680003007,0.537514123511,-0.12405205534,-1.37167592009,0.0785730969527,1.89988866417,0.157216857656,-0.00486011369345,-0.045320062654,0.000914923632806,-0.0773329432024,-0.00184621472077,0.0216404136096,-0.00866259816966,0.574036070937,0.818815524995,0.00211475580245,0.0,0.818774367841,-0.573976648907,-0.0118358767181,0.0,-0.00847774238281,0.00852589216251,-0.999927715911,0.0,0.65987090126,0.258417920239,0.303433189,1.0,-0.00874,-0.0114868571429,0.438
0.463565216649,0.53663637777,-0.124052449361,-1.37305245159,0.0784948926617,1.9003947344,0.157045926793,-0.00707104938691,-0.0530082073778,0.0016331238274,-0.0686531971219,-0.00232314106859,0.0242920608098,-0.00978577628138,0.574042864995,0.818810715632,0.0021326076514,0.0,0.818769703674,-0.573983283672,-0.0118367779583,0.0,-0.00846816252663,0.00854109690885,-0.999927667328,0.0,0.659717986567,0.258223641442,0.30344701284,1.0,-0.00908,-0.0119337142857,0.455
0.463439510744,0.535777969351,-0.124066552593,-1.37441022205,0.0784250246491,1.90089083524,0.156875519763,-0.00862709959783,-0.0500614340177,-0.00168298478005,-0.0830517311518,-0.00333275109748,0.0302819118365,-0.0137771657791,0.574072084087,0.818790230355,0.00213256859888,0.0,0.818749154177,-0.574012435055,-0.0118445699895,0.0,-0.00847426045154,0.00854584024943,-0.999927575139,0.0,0.659564000297,0.258004985843,0.303450099811,1.0,-0.00942,-0.0123805714286,0.472
0.463329493039,0.534925168436,-0.12406197151,-1.37573469306,0.0783299428213,1.9013668117,0.156723876955,-0.00983602695053,-0.0567428114544,0.00182180980742,-0.0844316561955,-0.00452179695179,0.0276556288376,-0.00356346283822,0.574081821473,0.818783412166,0.00212911188176,0.0,0.818742369605,-0.574022264192,-0.0118372009775,0.0,-0.00847010925966,0.00853888040546,-0.999927669769,0.0,0.659406342678,0.25780599728,0.303462502272,1.0,-0.00974,-0.0128011428571,0.488
0.463214691022,0.534052606205,-0.124072664266,-1.37720686373,0.0782709602829,1.90190286996,0.156544119963,-0.00573878506837,-0.0487679759041,-9.94964100721e-05,-0.0825032627227,0.00112154482843,0.0342340951285,-0.0077806441304,0.574101136781,0.81876997802,0.00208680131804,0.0,0.818728131195,-0.574041492111,-0.0118894670708,0.0,-0.00853699251341,0.00853444381883,-0.999927138859,0.0,0.659229247267,0.257587611312,0.303424202856,1.0,-0.01008,-0.013248,0.505
0.463081108663,0.533178688192,-0.124070588434,-1.37859727316,0.0781826605974,1.90242736597,0.156366045743,-0.00397117521486,-0.0539749109394,0.000621286578321,-0.0882779917691,-0.00415908000676,0.0290637283576,-0.00766096108203,0.574115677848,0.818759772687,0.00209044969129,0.0,0.818717996549,-0.574056039793,-0.011884957107,0.0,-0.00853105375735,0.00853499331388,-0.999927184854,0.0,0.659072093758,0.257368497018,0.30342410534,1.0,-0.0104,-0.0136685714286,0.521
0.462947749811,0.53221797767,-0.124072299445,-1.38014004129,0.0780944366678,1.90301481907,0.156173514709,-0.0119189132181,-0.0521343608724,0.000357434999707,-0.0884362556483,-0.00564416589815,0.033656400952,-0.00850757639432,0.574129149778,0.818750313272,0.00209542220366,0.0,0.818708565393,-0.574069453428,-0.0118867360401,0.0,-0.00852951519701,0.00854022618837,-0.9999271533,0.0,0.658894732122,0.257134683035,0.303418105323,1.0,-0.01074,-0.0141154285714,0.538
0.462809728702,0.531233970621,-0.124076794326,-1.3817312857,0.0779929391686,1.90359142956,0.15597814643,-0.00625103122118,-0.0558120521048,-0.0033128421234,-0.0936465982643,-0.0050229953006,0.024280522872,-0.00929074097485,0.574144765075,0.818739442161,0.00206433712026,0.0,0.818697317493,-0.574085220951,-0.0118999292558,0.0,-0.00855800077689,0.00852251343454,-0.999927061034,0.0,0.658706647174,0.256887893395,0.303404374293,1.0,-0.01108,-0.0145622857143,0.555
0.462677951679,0.53019612217,-0.124075134071,-1.3833816819,0.0778979829802,1.90417215499,0.155758499143,-0.00533484595618,-0.0605628314712,-0.000189263371299,-0.103622797349,-0.00462032741735,0.0414249951944,-0.0132941722307,0.574135719364,0.818745844588,0.00204074030123,0.0,0.818703291689,-0.574076153009,-0.0119263416602,0.0,-0.00859326778107,0.00851826355356,-0.999926794788,0.0,0.658503167447,0.256643847861,0.303400365199,1.0,-0.01142,-0.0150091428571,0.572
0.462531386951,0.529152291711,-0.124077622021,-1.38502155304,0.0777926438363,1.90477942577,0.155529806059,-0.0117821860134,-0.0596325215506,-4.58458424565e-06,-0.101186431085,-0.00500843902169,0.0359199535275,-0.0220425570522,0.574130889738,0.818749218382,0.00204591033732,0.0,0.818706775715,-0.574071345228,-0.0119185941811,0.0,-0.00858400643915,0.00851799773515,-0.999926876601,0.0,0.658312451634,0.256389128524,0.303407750719,1.0,-0.01176,-0.015456,0.589
0.462391239736,0.528057114062,-0.124081530211,-1.38673149285,0.0776871552644,1.90543801365,0.155309881075,-0.00874658870531,-0.0607930861923,0.000806772365744,-0.104488150142,-0.00408221748237,0.04386381545,-0.0139549115239,0.57413272215,0.818747848486,0.00207962897164,0.0,0.818705893623,-0.574073088037,-0.0118952192217,0.0,-0.00854549064646,0.00853220335929,-0.999927085389,0.0,0.65811514379,0.256133635748,0.303422190297,1.0,-0.0121,-0.0159028571429,0.606
0.462265979783,0.52698497917,-0.124078732355,-1.38838887015,0.0775793890282,1.90606827833,0.155057301476,-0.00699516323101,-0.0666407029331,0.00146849609925,-0.108290676622,-0.00975234356697,0.0399641027289,-0.0201255051658,0.574087118478,0.81877973698,0.00211414546872,0.0,0.818738280494,-0.574027399679,-0.0118709465564,0.0,-0.00850627684536,0.00854605386594,-0.999927301466,0.0,0.657918178371,0.255895526328,0.30344247079,1.0,-0.01242,-0.0163234285714,0.622
0.46211095783,0.525806189497,-0.12409222966,-1.3902021265,0.0774634562189,1.9067331366,0.15482871372,-0.0121948756839,-0.0736595157508,-0.00027737013011,-0.104123383258,-0.00775993234057,0.0348034991662,-0.0127827643739,0.574102878784,0.818768635777,0.00213366846322,0.0,0.818727520631,-0.574043167838,-0.0118505409793,0.0,-0.00847819669868,0.0085504874055,-0.999927502045,0.0,0.657705627183,0.25561232081,0.303466845152,1.0,-0.01276,-0.0167702857143,0.639
0.461966695789,0.524653771399,-0.124093591338,-1.39204362725,0.0773481333771,1.90739144151,0.154584239192,-0.00615573157019,-0.0676098559698,-0.000127723752807,-0.109959403203,-0.00149505030742,0.0401643094423,-0.0189219474943,0.574089659508,0.818777978879,0.00210500586383,0.0,0.818736465338,-0.574030039249,-0.0118684989347,0.0,-0.00850949280559,0.00853719194019,-0.999927349804,0.0,0.657478305756,0.255339254821,0.303457993653,1.0,-0.0131,-0.0172171428571,0.656
0.46181325864,0.523456240934,-0.12410034118,-1.39395423577,0.0772277962782,1.90807953115,0.154311731844,-0.0123566039091,-0.0754455410687,-0.000667021593475,-0.110815276837,-0.0102940354719,0.0417835209337,-0.0185216898233,0.574066944993,0.818793969633,0.0020796298065,0.0,0.818752136074,-0.574007440141,-0.0118804561662,0.0,-0.00853408719133,0.00852304261775,-0.999927260905,0.0,0.657245110643,0.255050654892,0.303450417709,1.0,-0.01344,-0.017664,0.673
0.461659175756,0.522225637226,-0.124103215414,-1.39590564289,0.0771199271188,1.90884097879,0.154057770094,-0.00810497530982,-0.076679030306,-0.00115705322645,-0.116724802468,-0.0112257967177,0.0496942913583,-0.0118110149837,0.574062961597,0.818796667452,0.00211669377098,0.0,0.818755257128,-0.574003248622,-0.0118678724857,0.0,-0.00850254904059,0.00854612471911,-0.999927332566,0.0,0.657015805803,0.254766445613,0.303452606863,1.0,-0.01378,-0.0181108571429,0.69
0.461507500195,0.521061927366,-0.124102946841,-1.39777992653,0.0769984942466,1.90956997301,0.153797455972,-0.00635842986605,-0.0732986637683,0.000444039267205,-0.1191475332,-0.0130325739779,0.0425045780309,-0.0222773532441,0.574041418901,0.818811748081,0.00212543936599,0.0,0.818770531398,-0.573981753925,-0.011853690449,0.0,-0.00848614096715,0.00854492091993,-0.99992748224,0.0,0.656795213464,0.254489593827,0.303441248272,1.0,-0.0141,-0.0185314285714,0.706
0.461333637604,0.519772867837,-0.124108882542,-1.39983334175,0.0768645452844,1.91031268906,0.153524826449,-0.0108713969971,-0.0805614359224,0.000670109545085,-0.120292230791,-0.0144325127354,0.0507046877441,-0.0143206466537,0.57403786051,0.818814307871,0.00210019737319,0.0,0.81877281187,-0.573978346309,-0.0118611724606,0.0,-0.00850679368581,0.00852851077141,-0.999927446851,0.0,0.656545448163,0.254173939914,0.303433700755,1.0,-0.01444,-0.0189782857143,0.723
0.461158924205,0.51841986175,-0.124112800954,-1.40189254735,0.0767340622083,1.91104652395,0.15325327041,-0.0118444567857,-0.0806440737725,-0.00103520734426,-0.123590685185,-0.00409324271677,0.0396007605304,-0.014809585856,0.57403521757,0.818816105402,0.00212165628222,0.0,0.818774884689,-0.573975613938,-0.0118503041459,0.0,-0.00848560429562,0.00853981521441,-0.999927530412,0.0,0.656293062448,0.253859073732,0.303467005919,1.0,-0.01478,-0.0194251428571,0.74
0.460973345942,0.517064796609,-0.12411552357,-1.40403593088,0.0765853681395,1.91181987371,0.152954317807,-0.00883471389847,-0.081878055726,-0.000485678894894,-0.12914514958,-0.00716282945666,0.0474540430742,-0.0131160463819,0.574017457269,0.818828616137,0.00209834398735,0.0,0.8187872003,-0.573958057553,-0.0118497129171,0.0,-0.00849868621654,0.00852020331704,-0.999927586612,0.0,0.656031403841,0.253527621369,0.30346469573,1.0,-0.01512,-0.019872,0.757
0.460802055198,0.515796013042,-0.124121324371,-1.40605750937,0.0764668788304,1.9125860762,0.152673056268,-0.0137153424096,-0.0780356007738,-0.00517135082431,-0.126650818061,-0.0102720561745,0.0459023875378,-0.0175338341572,0.574006537627,0.818836243044,0.00210920345027,0.0,0.818794941016,-0.573947068327,-0.0118471189082,0.0,-0.00849044266825,0.00852749300069,-0.999927594502,0.0,0.655789601878,0.253221444448,0.303458985118,1.0,-0.01544,-0.0202925714286,0.773
0.460609709716,0.514398930992,-0.124127609477,-1.40827733563,0.0763318168865,1.91340706891,0.152379078969,-0.0105470297227,-0.0843700506677,-0.000423965025436,-0.135904129135,-0.0186972139931,0.0507428212731,-0.0179478084277,0.574008283354,0.818835029361,0.002105286898,0.0,0.818793662005,-0.573948815045,-0.0118508932325,0.0,-0.00849576315736,0.00852647061039,-0.99992755803,0.0,0.65552062912,0.252880459243,0.303453227951,1.0,-0.01578,-0.0207394285714,0.79
0.46041620974,0.513003560627,-0.124128488876,-1.41056329412,0.0761969099745,1.91419967617,0.152057010729,-0.0101753960772,-0.08608101486,0.000810697657086,-0.135959607435,-0.00521639482054,0.0401415364953,-0.0198039380367,0.573987037725,0.818850125894,0.00202453672062,0.0,0.818807543363,-0.573927736151,-0.0119124938421,0.0,-0.00859277474306,0.00849548655547,-0.9999269928,0.0,0.65522837929,0.252532222946,0.303411779572,1.0,-0.01612,-0.0211862857143,0.807
0.460215287583,0.511573111803,-0.124137291969,-1.41284668545,0.0760583954476,1.91502520214,0.15172713755,-0.0122024264111,-0.0823212067596,-0.00165460662522,-0.139181676127,-0.00648485816577,0.04583185064,-0.0161471942365,0.573969773183,0.8188622889,0.00199954741641,0.0,0.818819338985,-0.573910535732,-0.0119303805676,0.0,-0.00862194340922,0.00848510928682,-0.999926829829,0.0,0.654947211014,0.252176954275,0.303398736723,1.0,-0.01646,-0.0216331428571,0.824
0.460020862544,0.510111449685,-0.124145172357,-1.41516717287,0.0759206051652,1.91590919264,0.151409020054,-0.00827587989051,-0.0845771182878,-0.00181893064315,-0.133644216412,-0.00498693631152,0.0532714598268,-0.015632526281,0.573958246465,0.818870319991,0.0020192213652,0.0,0.818827617195,-0.573898919938,-0.0119209863201,0.0,-0.00860307855788,0.00849570619214,-0.999926902336,0.0,0.654666910557,0.251826579662,0.30339446272,1.0,-0.0168,-0.02208,0.841
0.459818204428,0.508591311957,-0.124143210697,-1.41753836276,0.0757620789864,1.91676098445,0.151076920092,-0.00823086832907,-0.0855010331238,-0.000707685303524,-0.141092758247,-0.0123199427005,0.0526987463652,-0.0123873237688,0.573931012137,0.81888942159,0.00201380654854,0.0,0.818846677759,-0.57387174046,-0.0119201814307,0.0,-0.00860580949658,0.00849052406421,-0.999926922852,0.0,0.654369610738,0.251465964721,0.303403296558,1.0,-0.01714,-0.0225268571429,0.858
0.459605161986,0.507065484338,-0.124140830822,-1.41992778089,0.0756087784233,1.91762720151,0.15074307837,-0.0107036050836,-0.0913220290271,0.00114379998705,-0.135360677502,-0.00608205481387,0.0490278081354,-0.0198030165651,0.573912626044,0.818902309063,0.00201315150314,0.0,0.818859535773,-0.573853338704,-0.011922803051,0.0,-0.00860852297836,0.00849129899796,-0.999926892914,0.0,0.654072237055,0.251098598178,0.303408166971,1.0,-0.01748,-0.0229737142857,0.875
0.459392498299,0.50556873895,-0.124147499886,-1.42223801158,0.0754690454453,1.9185038963,0.150426944031,-0.0143069177461,-0.0989453953246,0.000635923494972,-0.143468014874,-0.0151565091015,0.0573641811879,-0.0173968832917,0.573914415414,0.818900924605,0.00206551748121,0.0,0.818858839021,-0.573854918611,-0.0118945804898,0.0,-0.00855534031159,0.00851800245296,-0.999927122238,0.0,0.653795432925,0.250738111711,0.30343105357,1.0,-0.0178,-0.0233942857143,0.891
0.459174157526,0.503930179861,-0.124150437705,-1.42471916277,0.0753127341426,1.91945350685,0.150086016922,-0.0157733678046,-0.10422131903,0.000133522991677,-0.145770955115,-0.010283966928,0.0490788582822,-0.0209044890261,0.573901718486,0.81890959729,0.00215311101438,0.0,0.818868707847,-0.573841927725,-0.011841798617,0.0,-0.00846198008087,0.00855930860367,-0.999927563941,0.0,0.65349640832,0.250360037455,0.303477271733,1.0,-0.01814,-0.0238411428571,0.908
0.458959016566,0.502365435642,-0.124157780463,-1.42705713185,0.0751643031658,1.9203349132,0.149759080382,-0.0158113665439,-0.101585354328,-0.00205512703836,-0.148954591827,-0.0151313840793,0.0555107006535,-0.0172819161763,0.573900402104,0.818910248747,0.00225385529588,0.0,0.818870788974,-0.573840341646,-0.0117745558472,0.0,-0.00834911211102,0.00860320423804,-0.99992813602,0.0,0.653198868619,0.249967680803,0.303546919182,1.0,-0.01848,-0.024288,0.925
0.458722716461,0.500649468611,-0.124156140416,-1.42964040112,0.0749970243265,1.9212322267,0.149391302527,-0.0158898266721,-0.102571000928,-0.00060133433481,-0.152860743282,-0.015167169429,0.0606647853923,-0.0234096562751,0.573872591217,0.818929702607,0.00226674619069,0.0,0.818890300316,-0.573812371397,-0.0117807207576,0.0,-0.00834705584616,0.00861701512063,-0.999928034265,0.0,0.65288483791,0.249591058283,0.30357936616,1.0,-0.0188,-0.0247085714286,0.941
0.458473898698,0.498949949891,-0.124158622541,-1.43224686634,0.0748350561456,1.92218875898,0.149024937011,-0.01985502578,-0.100969894285,-0.000734426433163,-0.158418250754,-0.00612139246183,0.0602881512319,-0.0237525612632,0.573866974417,0.818933522563,0.0023082887982,0.0,0.81889462996,-0.573806566025,-0.0117625129466,0.0,-0.00830836485462,0.00864052937441,-0.999928153582,0.0,0.65256312487,0.249179211212,0.303607206154,1.0,-0.01914,-0.0251554285714,0.958
0.458217986678,0.497287017303,-0.124156830969,-1.43489887981,0.0746700887353,1.92316405374,0.148635451593,-0.0167625161398,-0.0983494409137,-0.000314065711512,-0.163166685751,-0.0150020870418,0.0532600633511,-0.029586242511,0.573846304032,0.818948043583,0.0022952476568,0.0,0.818908920853,-0.573785884687,-0.0117764503309,0.0,-0.00832748058129,0.00863763758,-0.999928019552,0.0,0.652232951324,0.248760277582,0.303588824735,1.0,-0.01948,-0.0256022857143,0.975
0.457955964493,0.495599620936,-0.124154384971,-1.43760153728,0.0745054047125,1.92409851001,0.148249127981,-0.0167093551807,-0.102444318545,0.000411472594903,-0.162169686057,-0.00231577200264,0.051585977844,-0.0149396713857,0.573834541106,0.81895646673,0.00222978384988,0.0,0.818916308278,-0.573774185659,-0.0118326162824,0.0,-0.00841116715117,0.0086161361804,-0.999927504604,0.0,0.651883084782,0.248329575727,0.303559201881,1.0,-0.01982,-0.0260491428571,0.992
0.457668494376,0.493905223541,-0.124170780092,-1.44038069706,0.0743274679034,1.92508494407,0.147861820073,-0.018792028188,-0.108953020686,-0.00529007483442,-0.17507138391,-0.00804168584516,0.0631207268022,-0.0179607499271,0.573856194423,0.818941538335,0.00213817992901,0.0,0.818900187441,-0.573796199171,-0.0118807292549,0.0,-0.00850290688344,0.00856895100069,-0.999927134172,0.0,0.651535179169,0.247863795107,0.303502568944,1.0,-0.0265811428571,-0.0349352163265,1.009
0.457364539944,0.49132686386,-0.124262707453,-1.44419143291,0.0741165832422,1.92652128533,0.147290436667,-0.0270156786067,-0.172272680924,-0.00267347622806,-0.25994240062,-0.0196409766284,0.105282691911,-0.0407930307519,0.573837852808,0.818953933296,0.00230666959463,0.0,0.818914956457,-0.573777388465,-0.0117707043045,0.0,-0.00831630984654,0.00864360833104,-0.999928060925,0.0,0.651070932868,0.247257454706,0.303610174996,1.0,-0.0397834285714,-0.0522867918367,1.025
0.456871174364,0.487612064601,-0.124292048193,-1.45010440217,0.0738086521957,1.92878620118,0.146396224415,-0.0368599534019,-0.248810874129,-0.00119796802115,-0.39578717345,-0.0251171769498,0.154447445982,-0.0630895642041,0.573743789221,0.81901961519,0.0023835193948,0.0,0.818981234538,-0.573682625068,-0.0117783730543,0.0,-0.00827949430913,0.00870999373791,-0.999927790384,0.0,0.650324327126,0.24637099894,0.303575765008,1.0,-0.0538108571429,-0.0707228408163,1.042
0.456148222789,0.48267952275,-0.124418346067,-1.45790911951,0.0733460506752,1.93166016273,0.145198724102,-0.0472695774656,-0.309262056228,-0.00707862671352,-0.500953025738,-0.028741499375,0.171256986884,-0.0758314514959,0.573706934545,0.819045476413,0.00236806337089,0.0,0.819007052522,-0.573645998846,-0.0117670229097,0.0,-0.00827945621248,0.00869045056191,-0.999927960742,0.0,0.649347414548,0.245087680368,0.303538255177,1.0,-0.0678382857143,-0.0891588897959,1.059
0.455183192649,0.476521341096,-0.124585858044,-1.4676887518,0.0727669307737,1.9350267894,0.143747298876,-0.0616309777205,-0.399437194698,-0.0115961518577,-0.607111209745,-0.0350185601065,0.209510513274,-0.0869031193902,0.573749206753,0.819016491099,0.00214055114413,0.0,0.81897494927,-0.573688991791,-0.0119046237487,0.0,-0.00852223662224,0.00858349145601,-0.999926844903,0.0,0.648077038505,0.243421913898,0.303447690743,1.0,-0.0818657142857,-0.107594938776,1.076
0.454023430118,0.469200659931,-0.124724360296,-1.47903487249,0.0721210011421,1.93910425436,0.142079501402,-0.0737451643525,-0.467390296859,-0.00789499149363,-0.685561639856,-0.0401328165031,0.267248573866,-0.106495964525,0.573797935157,0.818982113833,0.0022301864665,0.0,0.818941357999,-0.57373696607,-0.0119034795418,0.0,-0.0084693594815,0.00865675058504,-0.99992666262,0.0,0.646529279478,0.241395869783,0.303479211266,1.0,-0.0967182857143,-0.127115461224,1.094
0.452647249091,0.460772648053,-0.124829413772,-1.49198617516,0.0713017810576,1.94386362965,0.13999542594,-0.0860498443975,-0.507703202146,-0.00666303028847,-0.801569578508,-0.0486295775852,0.291660719486,-0.111502011547,0.573689189711,0.819057870542,0.00238017090509,0.0,0.819019172059,-0.573627756826,-0.0118126754122,0.0,-0.00831009266639,0.00872637779939,-0.999927393709,0.0,0.644950833239,0.23933713824,0.303527591598,1.0,-0.109920571429,-0.144467036735,1.11
0.450988653952,0.451229731953,-0.124988182674,-1.50669000608,0.0703336653676,1.94894239025,0.137681484579,-0.101412827107,-0.593751809885,-0.0103727416922,-0.880642323031,-0.0663403419538,0.323578656606,-0.147318472004,0.573680637032,0.819064147594,0.00227941267831,0.0,0.819024188596,-0.573619647624,-0.0118585519929,0.0,-0.00840556071556,0.00867008270687,-0.999927085449,0.0,0.642990672366,0.236756335855,0.30353278759,1.0,-0.123948,-0.162903085714,1.127
0.449221252869,0.441230326793,-0.125121687849,-1.52193163028,0.0693231427305,1.95436487406,0.13533535766,-0.111720937681,-0.640610729437,-0.013717481997,-0.992481297954,-0.0631249320166,0.342431716657,-0.158394593738,0.573713468687,0.819040802692,0.00240130680998,0.0,0.819002608935,-0.573652194749,-0.0117742481403,0.0,-0.00826623387675,0.00872188920738,-0.999927796406,0.0,0.64095749858,0.234086005837,0.303601069741,1.0,-0.137150285714,-0.180254661224,1.143
0.447091777352,0.429548204582,-0.125265597171,-1.5395360133,0.068173500031,1.96047667486,0.132470283597,-0.133064512472,-0.696880400678,-0.000813432693946,-1.06276614866,-0.0687274060203,0.362276731919,-0.169009992878,0.573671843377,0.819069489021,0.00255639834394,0.0,0.819033011824,-0.573609682948,-0.0117304762186,0.0,-0.00814185707475,0.00882338842863,-0.999927926393,0.0,0.638547940017,0.230956004508,0.303726222096,1.0,-0.151177714286,-0.198690710204,1.16
0.444809214365,0.417777316954,-0.1254246163,-1.55729618112,0.0669107210223,1.96662063087,0.129502757613,-0.146843294976,-0.76016489477,-0.0182618811931,-1.11942486343,-0.079287761028,0.395929585238,-0.181004070023,0.573633615559,0.819095879531,0.00267621707706,0.0,0.819061398506,-0.57357152188,-0.0116138566433,0.0,-0.00797801382167,0.00885425515054,-0.999928974208,0.0,0.635941438978,0.227491986554,0.303829583223,1.0,-0.165205142857,-0.217126759184,1.177
0.441919831516,0.403507983184,-0.125589566506,-1.57872806554,0.0654337779961,1.97408830698,0.125920288771,-0.163472525841,-0.803765011659,-0.00852019066159,-1.22478654293,-0.0803182048944,0.410529840097,-0.20714464799,0.573654189345,0.819080864262,0.00285582696842,0.0,0.819048723719,-0.573591513296,-0.0115200239141,0.0,-0.00779790316517,0.00894774368512,-0.999929562814,0.0,0.63309292337,0.223727960253,0.303907543734,1.0,-0.179232571429,-0.235562808163,1.194
0.438854672607,0.389042129784,-0.125772369873,-1.60015593316,0.0639094866132,1.98145510016,0.122227366323,-0.181791287917,-0.843132139224,-0.0092759573642,-1.28723347756,-0.107774679649,0.439053364233,-0.219830105744,0.573692610405,0.81905285089,0.00315644052825,0.0,0.819024801023,-0.573629262239,-0.0113398286106,0.0,-0.00747743626443,0.00909095398181,-0.999930718851,0.0,0.630038571257,0.219646134887,0.304081422036,1.0,-0.19326,-0.253998857143,1.211
0.435696433776,0.374683220011,-0.125921023777,-1.62154431986,0.0623052675427,1.98856093722,0.118371318738,-0.197245974695,-0.923008020865,-0.00952729476459,-1.36396092817,-0.0984693604634,0.454693332773,-0.24840225885,0.573582596674,0.819129871692,0.00316306730083,0.0,0.819102023685,-0.57351938547,-0.0113197255628,0.0,-0.00745838853037,0.00908384730133,-0.999930925694,0.0,0.626872205488,0.215525126455,0.304127303354,1.0,-0.206462285714,-0.271350432653,1.227
0.431942257239,0.358612839485,-0.126096022349,-1.64533897189,0.060482369746,1.99644720416,0.114122632343,-0.226979494586,-0.963795017977,-0.00779861541963,-1.42617017736,-0.115102583016,0.470146036187,-0.256819530229,0.573642101498,0.819087953975,0.00322644438017,0.0,0.819061194688,-0.573579041611,-0.011251190226,0.0,-0.00736523531025,0.00909698693942,-0.999931496722,0.0,0.623304525387,0.210809436673,0.304178826239,1.0,-0.220489714286,-0.289786481633,1.244
0.428011633424,0.342778477301,-0.126337922557,-1.66868077987,0.0587252786465,2.00400150924,0.109682829396,-0.253979984917,-1.02100030962,-0.0160021194412,-1.48466281081,-0.114719235791,0.498031179893,-0.27930469837,0.573696239784,0.819049955307,0.00324685557817,0.0,0.819023151588,-0.573632737522,-0.0112830185443,0.0,-0.00737899524934,0.00913245102866,-0.999931072008,0.0,0.619499602901,0.205717119173,0.304205274685,1.0,-0.234517142857,-0.308222530612,1.261
0.423269247357,0.324187338866,-0.126506715617,-1.69594302143,0.0565572492664,2.01276455992,0.104399973024,-0.267496466619,-1.06972734224,-0.0102297179844,-1.55410495199,-0.141395076438,0.509041650618,-0.303885298715,0.573627795184,0.819097930206,0.00323731780297,0.0,0.819070997197,-0.573564319967,-0.0112880163885,0.0,-0.00738932314315,0.00912688879496,-0.999931046525,0.0,0.615433472138,0.200423338322,0.304190936942,1.0,-0.248544571429,-0.326658579592,1.278
0.418711900178,0.306926505831,-0.126669159037,-1.72096081982,0.0545342452539,2.02062579993,0.0993820460001,-0.289113444366,-1.11268974693,-0.0149293059787,-1.58999078668,-0.131546306748,0.512157616133,-0.326565514624,0.573528303976,0.819167444546,0.00327555118942,0.0,0.81914075566,-0.573464428517,-0.0113012629426,0.0,-0.00737935666938,0.00916490809763,-0.999930772381,0.0,0.611378861122,0.195196098607,0.30421892446,1.0,-0.261746857143,-0.344010155102,1.294
0.413365242081,0.287815531044,-0.126880702536,-1.74840093212,0.0522340056763,2.02903511854,0.0936866650289,-0.325090567861,-1.15237208527,-0.0234631176564,-1.6407319126,-0.138873332059,0.517674908828,-0.350543789948,0.573481614064,0.819200134643,0.00327484854749,0.0,0.81917329606,-0.573417572032,-0.0113201593842,0.0,-0.00739576278016,0.00917474839618,-0.999930560931,0.0,0.606833965211,0.189269321234,0.304254690865,1.0,-0.275774285714,-0.362446204082,1.311
0.407529059923,0.268024507326,-0.127117309406,-1.77649302944,0.049865516947,2.03756309252,0.0875992982811,-0.358753447103,-1.1998458861,-0.0186673588713,-1.64696804302,-0.14671171745,0.518548442526,-0.362169579529,0.573463733313,0.819212070636,0.00341713327404,0.0,0.8191867743,-0.573398937613,-0.0112886694234,0.0,-0.0072885739917,0.00927309143154,-0.999930440813,0.0,0.602093118689,0.183038696906,0.30432526802,1.0,-0.289801714286,-0.380882253061,1.328
0.401122331252,0.247626153498,-0.127433076465,-1.80523031278,0.0472706793083,2.04605171372,0.0812074897733,-0.386148081033,-1.22106904182,-0.0168418370926,-1.69376685991,-0.151738262578,0.503968638543,-0.390186424208,0.573589939192,0.819123661118,0.00342875437058,0.0,0.819098943499,-0.573525643617,-0.0112251402712,0.0,-0.00722843860815,0.0092472946471,-0.999931116236,0.0,0.597139019787,0.176407315843,0.304363230526,1.0,-0.303829142857,-0.399318302041,1.345
0.394710157607,0.22780020597,-0.127666694788,-1.83284586639,0.0448064051514,2.05404069731,0.0747281107843,-0.408186153965,-1.26029445962,-0.0165899469868,-1.72956658979,-0.153808679018,0.48891184966,-0.414438919434,0.573507902102,0.819180508471,0.00356758589232,0.0,0.81915697969,-0.573442484741,-0.0112386039952,0.0,-0.00716077788384,0.00936802144763,-0.999930479301,0.0,0.591905286452,0.169610730908,0.304421554789,1.0,-0.317856571429,-0.41775435102,1.362
0.386926890906,0.204817512349,-0.127922617259,-1.86464551715,0.0417974900238,2.06287197878,0.0669655828841,-0.445506829959,-1.29080466222,-0.0182880069806,-1.8071477144,-0.171844992615,0.489138178583,-0.445558761327,0.573378235434,0.819271645493,0.00348093691416,0.0,0.819246910456,-0.573312946005,-0.0112921456101,0.0,-0.00725580821479,0.00932659690248,-0.999930181481,0.0,0.586385205477,0.162484117399,0.304397608783,1.0,-0.331884,-0.4361904,1.379
0.379363749757,0.183768786764,-0.128254938942,-1.89336855155,0.0390356157015,2.0705502548,0.0595985038068,-0.481785063033,-1.32760376701,-0.0210152704027,-1.8116078343,-0.161624409453,0.468817160508,-0.474315264257,0.573368636078,0.819278580121,0.0034296090207,0.0,0.819252680463,-0.573302847684,-0.0113858373655,0.0,-0.0073621097957,0.00933817821288,-0.999929296384,0.0,0.580983539388,0.15541485541,0.304404468069,1.0,-0.345086285714,-0.45354197551,1.395
