position_joint1,position_joint2,position_joint3,position_joint4,position_joint5,position_joint6,position_joint7,velocity_joint1,velocity_joint2,velocity_joint3,velocity_joint4,velocity_joint5,velocity_joint6,velocity_joint7,ee_T_00,ee_T_10,ee_T_20,ee_T_30,ee_T_01,ee_T_11,ee_T_21,ee_T_31,ee_T_02,ee_T_12,ee_T_22,ee_T_32,ee_T_03,ee_T_13,ee_T_23,ee_T_33,v_x,v_y,time
0.465087533478,0.547676411512,-0.123950930817,-1.35573755591,0.0795021113289,1.89409115467,0.159171622187,0.000196570510582,-0.000359167116249,0.000294872827261,0.00133523138989,-0.000399938757172,2.24825857231e-05,0.000648436538189,0.573773416086,0.818999590495,0.00211770210677,0.0,0.818958510269,-0.573714053546,-0.0118275154726,0.0,-0.00847193797985,0.00852078817069,-0.999927808612,0.0,0.661687513967,0.260933840322,0.303331976157,1.0,0.0,0.0,0.0
0.465092443437,0.547675705086,-0.123946319817,-1.35574256239,0.0795041458342,1.89409276933,0.159169994583,0.000706044617764,-0.00133512173506,0.00130654648804,0.00025316220267,0.000342366958619,0.000552526982544,-0.000253748389164,0.573765662616,0.819005022122,0.00211779203292,0.0,0.8189638979,-0.573706255251,-0.011832730987,0.0,-0.00847623876101,0.00852377406258,-0.999927746716,0.0,0.661684252248,0.260939611577,0.303330085074,1.0,-2e-05,-2.62857142857e-05,0.002
0.465088191638,0.547672508511,-0.123949441926,-1.3557403368,0.07950282346,1.89408843975,0.159166942825,0.000252549354758,-0.000689316569935,-0.000515664746282,-0.000795909628895,0.000470481608468,-0.000400420795033,-0.00157696956611,0.573768319255,0.819003161815,0.00211746466713,0.0,0.818962057787,-0.573708937451,-0.0118300420428,0.0,-0.00847419658775,0.00852199063544,-0.999927779226,0.0,0.661685884265,0.260934789261,0.303333133628,1.0,-0.00032,-0.000420571428571,0.017
0.465085407583,0.547670898345,-0.123953301935,-1.3557546582,0.079504145671,1.89409080633,0.159175448256,6.14178460882e-06,7.99081564039e-05,-0.00106365176078,-0.000854647741582,0.000519935726337,-4.80289668478e-05,-0.00206548375614,0.573781408845,0.818994014153,0.00210868352545,0.0,0.818952792247,-0.573722056612,-0.01183523254,0.0,-0.00848334968821,0.00851791265819,-0.99992773636,0.0,0.661684653817,0.260929407589,0.303327793293,1.0,-0.00064,-0.000841142857143,0.033
0.465078660061,0.547638526395,-0.123951586873,-1.35579413305,0.0795034337574,1.89409313312,0.159171263591,-0.000436649159267,0.000637713544315,3.20924328923e-05,-0.00311052751536,0.000195571055518,-0.000181336601081,9.60357662026e-05,0.573784235023,0.8189920394,0.00210664184922,0.0,0.818950751414,-0.573724850896,-0.0118409933757,0.0,-0.00848920997603,0.00851957527958,-0.99992767246,0.0,0.661678330456,0.260921716309,0.303332080906,1.0,-0.00098,-0.001288,0.05
0.465075822134,0.547507136295,-0.12394880188,-1.3559440587,0.0795012845313,1.89412225857,0.159170140399,-0.000770597343769,-0.0107511989521,0.000613040045486,-0.00884121820248,0.00055561310553,0.00351692686552,0.00123509954775,0.573791275468,0.818987067277,0.00212196406953,0.0,0.818945870294,-0.573731720592,-0.0118457256398,0.0,-0.00848422135241,0.00853491205887,-0.99992758401,0.0,0.661653463039,0.260907010161,0.303356230178,1.0,-0.00134,-0.00176114285714,0.068
0.465060652957,0.547384010357,-0.12394880514,-1.35611330476,0.0794961538448,1.89416028072,0.159159759872,-0.000296685964022,-0.00719475184345,0.000180310366933,-0.00706795929278,-9.30900147234e-05,0.00599628282705,-0.00146401305522,0.57380312391,0.818978773444,0.00211908951329,0.0,0.818937461539,-0.573743501086,-0.0118564729466,0.0,-0.00849454938108,0.00853884740136,-0.999927462727,0.0,0.661629741349,0.260880247453,0.303366184932,1.0,-0.00164,-0.00215542857143,0.083
0.465041372832,0.547217277852,-0.123949144851,-1.35634462206,0.0794937751273,1.89428486485,0.159149257741,-0.00273427811093,-0.0111331730269,0.000577029347601,-0.0117226349216,0.000590108248077,0.00681341489154,-0.00129788379894,0.57382310723,0.81896462538,0.00217506012473,0.0,0.818923994616,-0.573763212298,-0.01183275776,0.0,-0.0084428030921,0.00857128377457,-0.999927623466,0.0,0.661611199514,0.260850112833,0.303385017103,1.0,-0.002,-0.00262857142857,0.101
0.465025828737,0.547047608441,-0.123951207959,-1.35653313877,0.0794900162923,1.89440345394,0.1591444621,-0.000926623817099,-0.0121009118238,-0.000664283456767,-0.0103194787547,-0.000351678339831,0.00996149962275,0.00132006912079,0.573843146885,0.818950346282,0.00226274150706,0.0,0.818910870006,-0.573782923422,-0.0117851888688,0.0,-0.00835332289557,0.00861599936794,-0.999927990683,0.0,0.661600847005,0.26082594596,0.303425830797,1.0,-0.0023,-0.00302285714286,0.116
0.465003762136,0.546843925401,-0.123951915969,-1.35680040405,0.0794861836859,1.89452003293,0.159121384442,-0.00144876207827,-0.00775692989433,4.40179478225e-05,-0.0214746745806,-0.00030985516822,0.00935597942913,0.00068615607899,0.573856814142,0.818940625001,0.00231440861639,0.0,0.8189017424,-0.573796311531,-0.0117675854907,0.0,-0.00830911466524,0.00864834887593,-0.999928079751,0.0,0.661574311484,0.260789189747,0.303453024606,1.0,-0.00264,-0.00346971428571,0.133
0.464961629131,0.546567216261,-0.123951916286,-1.35721884339,0.0794749242637,1.89467653496,0.159054347407,-0.00436730746733,-0.0207033392423,-0.000157290955066,-0.0234446620061,-0.000858967683252,0.00699022392538,-0.0112750157692,0.573856848793,0.818940542754,0.00233482938352,0.0,0.81890180287,-0.573796141047,-0.0117716896533,0.0,-0.00830075763887,0.00866742759583,-0.999927983968,0.0,0.661528453444,0.260724084407,0.303463398585,1.0,-0.00302,-0.00396914285714,0.152
0.464921730919,0.546318254549,-0.123949966038,-1.35759015863,0.0794625117944,1.89481238723,0.158940414693,-0.0053884184087,-0.0198333872361,0.00023547796598,-0.0276686897555,-0.00180158205685,0.0112031475718,-0.00446326730657,0.573812307377,0.818971699642,0.00235329335101,0.0,0.81893309425,-0.573751425131,-0.0117743875851,0.0,-0.0082928444619,0.00868364550089,-0.999927908917,0.0,0.661487562455,0.260665228273,0.303474676453,1.0,-0.00332,-0.00436342857143,0.167
0.464871402749,0.546003354239,-0.123950208696,-1.35811011286,0.0794490989699,1.89497971856,0.158923022571,-0.00147382174959,-0.0241441169711,0.000208383614649,-0.0270709560987,-0.005240829782,0.00853164981385,-0.00145526181389,0.573864840919,0.818934954121,0.002330703091,0.0,0.818895863443,-0.573803837898,-0.0118096295825,0.0,-0.00833411253922,0.00868590155234,-0.999927546216,0.0,0.661423816451,0.260583396429,0.303464683056,1.0,-0.00368,-0.00483657142857,0.185
0.464816487584,0.545673344832,-0.123952984204,-1.35865273309,0.0794152959106,1.89517101565,0.158857084467,-0.00408152659885,-0.0188089022554,-0.000121185230451,-0.032576166028,-0.00159254135262,0.00870582051449,-0.00168918994726,0.573879086951,0.81892502732,0.00231086335945,0.0,0.818885683107,-0.573818163092,-0.0118195012468,0.0,-0.00835343084276,0.00867546453396,-0.999927475624,0.0,0.661362915615,0.260492902111,0.303456705014,1.0,-0.00402,-0.00528342857143,0.202
0.464766669007,0.545344178071,-0.12395448415,-1.35924162607,0.0793112116506,1.89536150232,0.158751176817,0.00125067201464,-0.0185764548427,-0.000663633458179,-0.0401252576024,-0.00232704368776,0.0126168493352,-0.00315833780729,0.573839357617,0.818953135906,0.002213535717,0.0,0.818913088154,-0.573779394448,-0.01180285807,0.0,-0.00839606809611,0.00858580316597,-0.999927892413,0.0,0.661293457546,0.260389575125,0.303425838603,1.0,-0.00434,-0.005704,0.218
0.464702075314,0.544922838432,-0.123955204222,-1.35994066114,0.0792957668944,1.89558440368,0.158698546719,-0.000904821980293,-0.0269278893636,-0.000284701418158,-0.0441350421628,0.000102665491583,0.0116535637021,-0.00356533316009,0.573884383962,0.818921670341,0.00218141957854,0.0,0.818880917529,-0.573824248338,-0.0118541902959,0.0,-0.00845606467314,0.00858942293433,-0.999927355753,0.0,0.661206218432,0.260281627213,0.303410721004,1.0,-0.00468,-0.00615085714286,0.235
0.464640626935,0.54449464526,-0.123958307947,-1.36065817201,0.0792692532025,1.89584162181,0.158589590864,-0.00325583004309,-0.0256065663692,0.000169747264037,-0.0412270627582,-0.00752615530358,0.0195739092365,-0.00396203468708,0.573880634396,0.818924349712,0.00216190088994,0.0,0.818883185932,-0.573820417987,-0.0118828700532,0.0,-0.00849079223276,0.00858985867438,-0.999927057727,0.0,0.661122020422,0.260172819464,0.303394662023,1.0,-0.00502,-0.00659771428571,0.252
0.464585952807,0.544082283425,-0.123958250138,-1.36132889859,0.0792455212212,1.89609201956,0.158489287548,-0.000617148934633,-0.0291701577837,0.000471969271705,-0.0452047787512,-2.08321440169e-05,0.0246031308383,-0.00958292799489,0.573874358061,0.818928743346,0.00216365024459,0.0,0.818887446227,-0.573813977481,-0.0119002756541,0.0,-0.00850410876464,0.00860121467513,-0.999926846944,0.0,0.661044079738,0.260075660237,0.303388936086,1.0,-0.00532,-0.006992,0.267
0.464508918551,0.543549358867,-0.123959072568,-1.36220272963,0.0792072116791,1.89639613225,0.158412108711,-0.00411113468217,-0.0267581616885,-0.00255589181718,-0.0466855605061,-0.000803894531021,0.0131206591305,-0.00384988807146,0.573913216661,0.818901575281,0.00213930932963,0.0,0.818859801132,-0.57385276861,-0.011932013648,0.0,-0.00854366068285,0.00859990032092,-0.999926521089,0.0,0.660940021429,0.259941972597,0.303376469534,1.0,-0.00568,-0.00746514285714,0.285
0.464422862633,0.542981109626,-0.123964801927,-1.36310923951,0.0791526708178,1.89671141355,0.15827428483,-0.00573687506405,-0.0328973559274,-0.000666186986834,-0.0489753611364,-0.000949027185658,0.0134998571011,-0.013850977509,0.573910644611,0.81890343124,0.0021187746281,0.0,0.81886137728,-0.573850268746,-0.0119440679785,0.0,-0.00856534377026,0.00858997584662,-0.999926420894,0.0,0.660835836354,0.259794205744,0.303374473827,1.0,-0.00604,-0.00793828571429,0.303
0.464365768342,0.542458757965,-0.123967798276,-1.36392849744,0.0791016784863,1.89699123791,0.158177253906,-0.00461046657746,-0.037593953545,-7.39758309384e-05,-0.058403632014,-0.00527627618504,0.0124344029677,-0.00986229656901,0.573905044414,0.818907408939,0.00209820920729,0.0,0.818865063048,-0.573844730153,-0.0119574703398,0.0,-0.00858818010612,0.0085807679676,-0.999926304076,0.0,0.660727120143,0.259669939856,0.303376043787,1.0,-0.00636,-0.00835885714286,0.319
0.464277123874,0.541831307729,-0.123967871856,-1.36490388911,0.079044107963,1.89736455277,0.158041853035,-0.00177046509957,-0.0406894757402,0.000173780765987,-0.0537667616942,-0.000257320404533,0.0240135871722,-0.00247137100062,0.573912515148,0.818902105036,0.00212467049209,0.0,0.818860114247,-0.573852101116,-0.0119426228772,0.0,-0.00856075720882,0.00859399411582,-0.999926425644,0.0,0.66062732701,0.259524960008,0.303390099825,1.0,-0.0067,-0.00880571428571,0.336
0.464197930551,0.54119091171,-0.123971174946,-1.36589551955,0.0789864953647,1.89772442912,0.157912282524,-0.00642628169875,-0.0394004227347,0.000985500564606,-0.0627008661092,-0.00108299212663,0.0170291499925,-0.00325241759064,0.573913169363,0.818901626139,0.00213251952989,0.0,0.818859715566,-0.573852700874,-0.0119411399783,0.0,-0.0085550315652,0.00859957739498,-0.999926426645,0.0,0.660511695732,0.259376532162,0.303402163289,1.0,-0.00704,-0.00925257142857,0.353
0.464102653232,0.540537387593,-0.123965816202,-1.36689983584,0.0789294608759,1.8980988673,0.157776991467,-0.00699051564162,-0.040358236867,0.00113259835947,-0.0659682041616,-0.000546537186197,0.0238319381492,-0.0112416779434,0.573917081925,0.81889882315,0.00215578744271,0.0,0.81885715353,-0.573856455043,-0.011936415738,0.0,-0.00853776863925,0.00861596074186,-0.999926433158,0.0,0.660398368836,0.259222260521,0.303418356686,1.0,-0.00736,-0.00967314285714,0.369
0.464008524885,0.539770442025,-0.123977318618,-1.36806685834,0.0788524638257,1.89854416466,0.157641874212,-0.00941111759331,-0.0426016867694,0.0051308152109,-0.0679729810586,-0.000523082735113,0.0212660833327,-0.00892886670792,0.573935668112,0.818885713571,0.00218720825852,0.0,0.818844582172,-0.573875041959,-0.0119051823122,0.0,-0.0084939630169,0.00862395843485,-0.999926737283,0.0,0.660269053454,0.259042737439,0.303443831829,1.0,-0.00772,-0.0101462857143,0.387
0.463908237826,0.539074284897,-0.123978356919,-1.36915319601,0.0787965737234,1.89895018343,0.157513908622,-0.00772938411873,-0.0399732015323,-0.00210056477998,-0.0625355662087,-0.00130059185765,0.0291953336339,-0.00703992220824,0.573956619438,0.818870975987,0.00220694133328,0.0,0.818830055763,-0.573895864751,-0.0119005504882,0.0,-0.00847862412795,0.0086376759247,-0.999926749061,0.0,0.660138310274,0.258864220585,0.303456434428,1.0,-0.00806,-0.0105931428571,0.404
0.463797817127,0.538303409484,-0.123980997094,-1.37036217911,0.0787238209839,1.89941416051,0.157350859763,-0.00776421745823,-0.0466628269122,0.000473134212077,-0.0741745205724,-0.000685377985243,0.027670172067,-0.0129491594716,0.573965061609,0.818865008673,0.00222542664266,0.0,0.818824313097,-0.573904215486,-0.0118929655855,0.0,-0.00846171455003,0.00864854667832,-0.999926798334,0.0,0.66001277233,0.258686524331,0.303463230032,1.0,-0.00838,-0.0110137142857,0.42
0.463694072134,0.537523787029,-0.12398928949,-1.37160253869,0.0786520095698,1.89989418923,0.157202526832,-0.00975397292288,-0.0480708653805,-0.00197274724962,-0.0773663937764,-0.00352890394731,0.0300922598103,-0.0044435054547,0.573983725375,0.81885188766,0.00223963871629,0.0,0.818811406769,-0.573922850649,-0.011882278783,0.0,-0.00844460915956,0.00865424299073,-0.999926893655,0.0,0.659874476643,0.258497197536,0.30346529911,1.0,-0.00872,-0.0114605714286,0.437
0.463577262982,0.536692240766,-0.123992561252,-1.37290001589,0.0785807846483,1.90037386771,0.157041775554,-0.00479945208243,-0.0490030623937,-0.000233473135605,-0.0783081539081,-0.00344093300604,0.0225395394175,-0.0118688482261,0.574002413386,0.818838748401,0.00225398445979,0.0,0.818798394422,-0.573941417971,-0.0118821265061,0.0,-0.00843605297986,0.00866609499659,-0.999926863229,0.0,0.659726152002,0.258296154078,0.3034765033,1.0,-0.00906,-0.0119074285714,0.454
0.463466137415,0.535892732114,-0.123993550067,-1.37415617997,0.0785053234102,1.9008464186,0.1568932922,-0.00675927632404,-0.0470898023341,0.00194218191462,-0.0827790760794,-0.0104034428737,0.0371725719067,-0.00183258281864,0.574021420506,0.818825389773,0.00226644310662,0.0,0.818785197769,-0.573960373171,-0.0118758934629,0.0,-0.00842359674278,0.00867291428313,-0.999926909117,0.0,0.659583102345,0.258103517266,0.30348390573,1.0,-0.00938,-0.012328,0.47
0.463357975476,0.534985002964,-0.124001657737,-1.37556271976,0.078426975165,1.90134892323,0.156718419413,-0.00674141580575,-0.0537599907017,-9.42983441974e-05,-0.0827479184637,-0.00656439125096,0.0228026254126,-0.0107336284219,0.574028579106,0.818820356792,0.00227168961218,0.0,0.818780174481,-0.573967449771,-0.0118802096142,0.0,-0.00842404377066,0.00867976137366,-0.999926845939,0.0,0.659414677817,0.257893858044,0.303498773981,1.0,-0.00972,-0.0127748571429,0.487
0.463238499953,0.534097279534,-0.124003016416,-1.37703661981,0.0783528385637,1.90189332213,0.15653382294,-0.00780537875101,-0.0467516901019,0.000484793194464,-0.0898439736195,-0.0016152923932,0.0361320174333,-0.0053655975635,0.574037237873,0.818814368503,0.00224195682341,0.0,0.818773644938,-0.573976067584,-0.0119138195811,0.0,-0.00846854014116,0.00867479826167,-0.999926513151,0.0,0.659239214929,0.257675926217,0.303470741339,1.0,-0.01006,-0.0132217142857,0.504
0.463134088338,0.533333437267,-0.124003131406,-1.37825989311,0.0782735593408,1.90234537571,0.156377320613,-0.00625094347689,-0.0567919837405,-0.000492949714501,-0.08696846507,-0.0075275254747,0.0283487903793,-0.00949633512561,0.574040337373,0.818812223386,0.00223177137348,0.0,0.818771396597,-0.573979237733,-0.0119156060674,0.0,-0.008475816651,0.00866751596781,-0.999926514649,0.0,0.659096164114,0.25748970618,0.303466374769,1.0,-0.01034,-0.0135897142857,0.518
0.462983907463,0.532279638108,-0.124005991572,-1.37997858352,0.078186188423,1.90299144992,0.156164797019,-0.0133483244611,-0.0547437267379,-0.000930343792144,-0.0943197919026,-0.0059086041808,0.0330093088208,-0.0149847550857,0.574061924593,0.818797116015,0.00222180995127,0.0,0.818756012911,-0.574000712751,-0.0119381734336,0.0,-0.00849978512951,0.0086725380478,-0.99992626765,0.0,0.658896596412,0.25722858152,0.303447443063,1.0,-0.01072,-0.0140891428571,0.537
0.462843658293,0.531234073936,-0.12400313054,-1.38165493268,0.0780776298034,1.9036024793,0.155939768897,-0.00827636307324,-0.0599994455433,-0.00100347567063,-0.0980186748586,-0.0116903055874,0.0408400255473,-0.0158055971629,0.574052658207,0.81880366901,0.00220093672795,0.0,0.818762303141,-0.573991541793,-0.011947711371,0.0,-0.00851967487112,0.00866082624419,-0.999926199891,0.0,0.658696489346,0.256976496155,0.30343933407,1.0,-0.01108,-0.0145622857143,0.555
0.462714688754,0.53033311891,-0.124006628784,-1.38309788771,0.0779937492039,1.90410101547,0.155765533014,-0.00804285549148,-0.0596449785136,-0.000990779891886,-0.095521460145,-0.00219744450041,0.0332335490929,-0.0102146131078,0.574073822364,0.818788925713,0.00216529607012,0.0,0.818747008084,-0.57401276118,-0.0119763791587,0.0,-0.00856338392095,0.00864832194771,-0.999925934749,0.0,0.658521347489,0.256750341184,0.303430666217,1.0,-0.01138,-0.0149565714286,0.57
0.462553798758,0.529089446326,-0.124016368367,-1.38504311018,0.0778679925934,1.90481918366,0.155493800604,-0.0109895048609,-0.062666715807,-0.00271804438483,-0.0999459219788,-0.00877612647015,0.0333167837304,-0.00827043420464,0.574061679808,0.818797420286,0.00217237439579,0.0,0.818755684954,-0.574000681985,-0.0119621209624,0.0,-0.00854777397162,0.00864580559871,-0.999926090072,0.0,0.658293158892,0.256452573282,0.303443320993,1.0,-0.01178,-0.0154822857143,0.59
0.462431387126,0.528132994738,-0.124011650012,-1.38654908938,0.0777691016902,1.9054020778,0.155288135567,-0.00965545800279,-0.0607395320094,0.000250978231434,-0.10263349448,-0.0068019814009,0.0439834938985,-0.012369583251,0.574045302958,0.818808838784,0.00219603808462,0.0,0.818767473141,-0.573984272533,-0.0119426426371,0.0,-0.00851841403308,0.0086538290772,-0.999926271214,0.0,0.658117987182,0.256232093838,0.303450320225,1.0,-0.01208,-0.0158765714286,0.605
0.462282612022,0.526919957191,-0.124020054658,-1.38841111477,0.0776626077138,1.90611959635,0.155026075046,-0.0114335980953,-0.0714104992561,-0.000571529040449,-0.100731671013,-0.00345815441664,0.0371102900953,-0.00672023235166,0.574030650689,0.818818950884,0.00225491578533,0.0,0.818778357106,-0.573969389295,-0.0119117164655,0.0,-0.00845944941388,0.0086841337921,-0.999926509067,0.0,0.657902746882,0.255955652052,0.303480318119,1.0,-0.01244,-0.0163497142857,0.623
0.462150214236,0.525899866773,-0.124015523328,-1.39001223217,0.0775653601536,1.90670723356,0.154816453993,-0.0116288265268,-0.0654839721708,-0.000141234542785,-0.110766539269,-0.00533535504785,0.0319453533962,-0.00936879089867,0.574024357688,0.818823345288,0.00226117081217,0.0,0.818782783167,-0.573963020882,-0.0119143422699,0.0,-0.00845807600845,0.00869069772242,-0.999926463658,0.0,0.65770949082,0.255718688261,0.303486760241,1.0,-0.01274,-0.016744,0.638
0.461997213669,0.524737920926,-0.124015918049,-1.39185181338,0.0774397803382,1.90736015674,0.154552606877,-0.00883140098851,-0.0690320300425,-0.000283731728721,-0.111345840225,-0.00664656110543,0.0339656441972,-0.0122616947194,0.574005910985,0.818836339002,0.00223852283739,0.0,0.818795532732,-0.573944719564,-0.0119197887472,0.0,-0.00847573100137,0.0086750887201,-0.999926449705,0.0,0.657471619857,0.255420394632,0.303490903052,1.0,-0.0131,-0.0172171428571,0.656
0.461837896754,0.523534307581,-0.124023778895,-1.39374850567,0.0773199337685,1.90804850101,0.154304394485,-0.00779600276328,-0.0664576986443,0.00437819876701,-0.112648425821,-0.00394037813601,0.037790653585,-0.0171279356371,0.574001007496,0.818839815534,0.00222413816578,0.0,0.818798856168,-0.573939909686,-0.0119230913854,0.0,-0.00848674368873,0.00866515508489,-0.999926442429,0.0,0.657256554779,0.25514748969,0.303488413822,1.0,-0.01342,-0.0176377142857,0.672
0.461675411634,0.522324503974,-0.12402759901,-1.39570547339,0.0772076351139,1.90880219545,0.154033464153,-0.00806574982618,-0.0690430273951,-0.000941727812995,-0.120867096076,-0.00410628791096,0.0482062585681,-0.0182634669554,0.573989771641,0.818847676858,0.00222958653857,0.0,0.818806754352,-0.573928618428,-0.0119242139376,0.0,-0.00848465471532,0.00867014427938,-0.999926416909,0.0,0.657026523554,0.254855044239,0.303472734525,1.0,-0.01376,-0.0180845714286,0.689
0.461507496126,0.521070932074,-0.124035426834,-1.39769379031,0.0770894634023,1.90957040256,0.153768947664,-0.0129199577003,-0.0728622918207,-0.00451324917219,-0.123541351751,-0.00398976626794,0.0479818445265,-0.0118654372573,0.573990844247,0.818846854731,0.00225524278157,0.0,0.818806295888,-0.573929618066,-0.0119075699393,0.0,-0.00845628837379,0.00868161025861,-0.999926557718,0.0,0.656795099932,0.25455362857,0.303473908005,1.0,-0.0141,-0.0185314285714,0.706
0.461354158078,0.519866305873,-0.124036851626,-1.39962157048,0.0769630771377,1.91027045962,0.153502298811,-0.0115568583809,-0.0729589621434,-0.000651315167669,-0.122517566729,-0.00127898516739,0.0403995959181,-0.01586342346,0.573967591142,0.818863224221,0.00222962747508,0.0,0.818822363325,-0.573906502981,-0.0119167972213,0.0,-0.00847879253087,0.00866569107512,-0.999926505237,0.0,0.656557666841,0.254266208986,0.303463041798,1.0,-0.01442,-0.018952,0.722
0.461182880675,0.518517426833,-0.124035086908,-1.40169190252,0.0768348689726,1.91101989787,0.153220127732,-0.0102785819181,-0.0779588554915,0.00072640337275,-0.116815261718,-0.00678569423945,0.0480550298505,-0.0186902531993,0.573950771036,0.818874948076,0.00225360665456,0.0,0.818834359467,-0.57388954778,-0.0119090556394,0.0,-0.00845886887388,0.00868070935855,-0.999926543713,0.0,0.65630346354,0.253956943476,0.303489375681,1.0,-0.01476,-0.0193988571429,0.739
0.46099341959,0.51707478324,-0.124037967572,-1.40396317518,0.0766847033114,1.91182283361,0.152906282573,-0.00623564406488,-0.085392216262,-0.00229398636242,-0.126183502055,-0.00281778338312,0.0456541077946,-0.024418379004,0.573930440335,0.818889274475,0.00222546778643,0.0,0.81884834345,-0.573869357321,-0.0119204889939,0.0,-0.00848459617002,0.0086640189168,-0.999926470499,0.0,0.656020909624,0.253610596114,0.303490233085,1.0,-0.01512,-0.019872,0.757
0.460820095814,0.515815723388,-0.124043730911,-1.40597878011,0.0765574294995,1.91258933215,0.15263112622,-0.00875782461858,-0.0795556210197,-0.00120309545639,-0.126183605939,-0.00878750950992,0.0441179822168,-0.0231624566072,0.573923441177,0.81889417311,0.00222796226294,0.0,0.818853333551,-0.573862409247,-0.0119121906889,0.0,-0.00847644294998,0.00866122655361,-0.999926563838,0.0,0.655781358067,0.253302300918,0.30348056708,1.0,-0.01544,-0.0202925714286,0.773
0.460627089981,0.514417145485,-0.124045212971,-1.40820133191,0.0764249602785,1.91341010616,0.152326545478,-0.0105707108072,-0.0864814511468,-0.000227676151896,-0.129012951691,-0.00426583621527,0.0526733179814,-0.0239121951669,0.573914509327,0.818900439377,0.00222559490228,0.0,0.818859505496,-0.573853423202,-0.0119208154107,0.0,-0.00848495908598,0.00866414527997,-0.999926466324,0.0,0.655510724548,0.252963781269,0.303474402372,1.0,-0.01578,-0.0207394285714,0.79
0.460436049237,0.513026637088,-0.124053157588,-1.41048017621,0.0762892926417,1.9141957835,0.152015588806,-0.0138174866451,-0.0864071360613,-0.00290468456588,-0.136932610475,-0.00682836074034,0.0464516677052,-0.0147865551787,0.573904792791,0.818907480886,0.00213856530333,0.0,0.818865279726,-0.573843929131,-0.011981050078,0.0,-0.00858433409644,0.0086273450409,-0.99992593632,0.0,0.655219729718,0.252613225134,0.303432562252,1.0,-0.01612,-0.0211862857143,0.807
0.460253215727,0.51169171568,-0.124059053267,-1.41261797893,0.076160074735,1.91497829819,0.151701723345,-0.00786448819617,-0.0858452457115,0.00251176509884,-0.138900022635,-0.00558459100502,0.050411331949,-0.0121933646213,0.573878759799,0.818925773035,0.00211995578626,0.0,0.818883286256,-0.573817933848,-0.0119953818705,0.0,-0.00860702443391,0.00862005719494,-0.99992580412,0.0,0.654956493084,0.252286088985,0.303418114857,1.0,-0.01644,-0.0216068571429,0.823
0.460055947604,0.51022390182,-0.1240655761,-1.41493668672,0.0760176121426,1.91586501744,0.151382264531,-0.00772461568225,-0.0894413954659,0.000212840078155,-0.135322882536,-0.00929826409738,0.0470683137431,-0.0137203257968,0.573866141581,0.818934546525,0.00214638199517,0.0,0.818892442245,-0.573805245321,-0.0119772858769,0.0,-0.00857717306809,0.0086311810038,-0.999925964668,0.0,0.654678105766,0.251934365134,0.303419210337,1.0,-0.01678,-0.0220537142857,0.84
0.45988385605,0.508898284242,-0.124069734568,-1.41704120317,0.0758787682344,1.91663199584,0.151083803955,-0.0113456172193,-0.0913761667268,0.000457118091298,-0.142288990077,-0.00605334331775,0.0538030111409,-0.0229450794339,0.573837487262,0.818954669586,0.00212938406265,0.0,0.818912392649,-0.573776714341,-0.0119800729282,0.0,-0.00858951105018,0.00861855987793,-0.999925967622,0.0,0.654415248285,0.251616650188,0.303411810702,1.0,-0.01708,-0.022448,0.855
0.459669318062,0.507375828967,-0.124073259902,-1.41943117565,0.0757323820344,1.917485242,0.15076367847,-0.0168238075976,-0.093743435012,8.34351495678e-05,-0.139702847642,-0.00821276007216,0.0552839190532,-0.0172052370278,0.573837784338,0.818954493278,0.00211709870134,0.0,0.818911983038,-0.573776989317,-0.0119948934427,0.0,-0.00860869510641,0.0086170064764,-0.999925816032,0.0,0.654116630796,0.25124495845,0.303413247836,1.0,-0.01742,-0.0228948571429,0.872
0.459420496142,0.505607482477,-0.124078605358,-1.42215873988,0.0755498384007,1.91851266245,0.150389054677,-0.0128683218649,-0.097505002027,-0.00633477244862,-0.142195764909,-0.0108589404649,0.0554797212521,-0.0207716034375,0.573830143799,0.818959722578,0.00216466243402,0.0,0.818917980448,-0.57376930157,-0.011953107344,0.0,-0.00854726118278,0.00863190048573,-0.999926214588,0.0,0.653788296587,0.250819002219,0.303440418966,1.0,-0.0178,-0.0233942857143,0.891
0.459208695123,0.504062235835,-0.124082638157,-1.42449905667,0.0754114660867,1.91940111352,0.150061278081,-0.0146855782486,-0.0999875153592,-0.000755172088277,-0.147096977662,-0.00891588458147,0.0551521881635,-0.0253426119941,0.573821346739,0.818965667614,0.00224592908675,0.0,0.818924961265,-0.573760152402,-0.0119139511993,0.0,-0.00846865543058,0.00867589395037,-0.999926502669,0.0,0.653506136656,0.2504587709,0.303483261673,1.0,-0.01812,-0.0238148571429,0.907
0.458980005082,0.502377097694,-0.124094958555,-1.42697758164,0.075256385303,1.92033010729,0.149722672577,-0.0136332041479,-0.10363173712,-0.00345957731429,-0.152268070259,-0.0136802227144,0.0464238466349,-0.0166201570054,0.573825327614,0.818962562083,0.00235843103483,0.0,0.818923402242,-0.573763774027,-0.0118465090282,0.0,-0.00834882583493,0.00872936935859,-0.999927044948,0.0,0.653208536108,0.250068271398,0.303561105855,1.0,-0.01846,-0.0242617142857,0.924
0.458740331555,0.500675592947,-0.124098138857,-1.42955624493,0.0750877659618,1.92123834869,0.149344673122,-0.0129784680921,-0.100528264855,-0.00120580978073,-0.150272496422,-0.00332428318918,0.0518460827017,-0.02430775932,0.573800087219,0.81898017918,0.00238178906777,0.0,0.818941322015,-0.573738445419,-0.011834451626,0.0,-0.0083258176539,0.00874132316068,-0.99992713236,0.0,0.652883383021,0.249660914463,0.303600020159,1.0,-0.0188,-0.0247085714286,0.941
0.458504848429,0.499074144589,-0.124096469168,-1.43201659824,0.0749357594282,1.92213246817,0.14901534818,-0.0170506026785,-0.100365380878,0.00199061304643,-0.155716940769,-0.00656643557998,0.0650934019021,-0.0199904197816,0.573806166938,0.818975829195,0.00241265003214,0.0,0.818937312134,-0.57374434151,-0.0118260848229,0.0,-0.00830119314367,0.00876185822747,-0.999927157363,0.0,0.652577163439,0.249273614718,0.303623494051,1.0,-0.01912,-0.0251291428571,0.957
0.458235792563,0.49729199176,-0.124102175238,-1.43482682521,0.0747604113691,1.92316789704,0.148585721885,-0.0190732921315,-0.104367522995,0.000961212854081,-0.162958940334,-0.0113674862245,0.0578629222296,-0.0274790487968,0.573774022099,0.818998340122,0.00241605937708,0.0,0.818959848844,-0.573712168124,-0.011826285534,0.0,-0.00829974535443,0.00876443978222,-0.999927146757,0.0,0.652229522568,0.248826910641,0.303618363481,1.0,-0.01948,-0.0256022857143,0.975
0.457971496867,0.495631310359,-0.124102912172,-1.43752733301,0.0745887704017,1.92409716481,0.148201397127,-0.0204647004495,-0.103012994949,0.00102533829237,-0.161711236118,-0.00250895949785,0.0557139979172,-0.0195680807335,0.573766005329,0.819004233866,0.00232011622554,0.0,0.818964367124,-0.573704392229,-0.0118904423623,0.0,-0.00840742363719,0.00872259206906,-0.999926613115,0.0,0.651880141867,0.248391314766,0.303570843121,1.0,-0.01982,-0.0260491428571,0.992
0.457729051148,0.494153645068,-0.124110076344,-1.43995330234,0.0744404971051,1.92494885316,0.147854787273,-0.0177475986034,-0.0987173070919,-0.000292995483073,-0.167211927786,-0.00656670937479,0.0577485009934,-0.0248503003616,0.573767870424,0.819003158515,0.00223698749356,0.0,0.818962091427,-0.573706469054,-0.0119468436246,0.0,-0.00850129214282,0.00868689023057,-0.999926130257,0.0,0.651570581785,0.247994913647,0.303519458952,1.0,-0.0208577142857,-0.0274129959184,1.007
0.457423883676,0.492176062351,-0.124141074095,-1.44308628151,0.0742459148525,1.92612848148,0.147405879908,-0.0167594864645,-0.114822687984,-0.00122857378655,-0.181698082107,-0.00878111600704,0.0663159590744,-0.0346066242317,0.573777293815,0.818996526795,0.002247910448,0.0,0.818955716583,-0.573715964244,-0.0119278476504,0.0,-0.00847936694169,0.00868503447147,-0.999926332543,0.0,0.651190145308,0.247481238505,0.303508015334,1.0,-0.0234908571429,-0.0308736979592,1.025
0.457102710449,0.490132636485,-0.124151884934,-1.44641709783,0.0740390148432,1.92730314279,0.146934260514,-0.0207123998179,-0.121906136642,-4.12105229747e-05,-0.20122775745,-0.010670981246,0.0615501345946,-0.0234557894007,0.573772084145,0.819000441842,0.00214909749051,0.0,0.818958219507,-0.573711034084,-0.0119929551298,0.0,-0.00858943998001,0.00864141028818,-0.99992577102,0.0,0.650760534814,0.246944441937,0.303446370112,1.0,-0.0259777142857,-0.0341421387755,1.042
0.456755625914,0.487952411337,-0.124167042705,-1.44984231384,0.0738326118351,1.92855647847,0.146444008711,-0.0241544647148,-0.141704846944,5.17717628667e-05,-0.21699467697,-0.0104468199636,0.0835450782364,-0.0318385190465,0.573780276663,0.818994684367,0.00215592028416,0.0,0.81895247498,-0.573719120616,-0.01199838598,0.0,-0.008589887031,0.00865020002284,-0.999925691179,0.0,0.650332616745,0.246384371846,0.303440688729,1.0,-0.0283182857143,-0.0372183183673,1.058
0.456329175857,0.485247102129,-0.124191667014,-1.45396352159,0.0735785968632,1.93014564852,0.145810639816,-0.0252895389661,-0.151150839069,-0.00317661667523,-0.230268952879,-0.0123596998965,0.0929270891051,-0.0398920119545,0.573764004128,0.819005700138,0.00229730495079,0.0,0.818965466056,-0.573702409021,-0.011910423702,0.0,-0.00843689795488,0.00871535361136,-0.999926427976,0.0,0.649837342587,0.24570681313,0.30349639818,1.0,-0.0309514285714,-0.0406790204082,1.076
0.455876085231,0.482495880752,-0.124213638573,-1.45821733625,0.0733137593139,1.93159907862,0.145170252886,-0.0248294564716,-0.168830492878,-0.000175677097931,-0.258777118703,-0.0105631367037,0.0891088170657,-0.0389384398666,0.573763003196,0.819006514287,0.00225668341439,0.0,0.818965582722,-0.573701398485,-0.0119510080943,0.0,-0.00849345457604,0.00870535994803,-0.999926036233,0.0,0.649286956731,0.244988292074,0.303507344286,1.0,-0.0334382857143,-0.0439474612245,1.093
0.455447954022,0.479900648684,-0.124248923264,-1.46228630262,0.0730534308467,1.93306919975,0.144563141385,-0.0281513802913,-0.171452848076,0.00123030582976,-0.268136398071,-0.0180186413532,0.0893290100528,-0.0472275968644,0.573769890851,0.81900172631,0.00224311281083,0.0,0.818960691543,-0.573708415781,-0.0119493209047,0.0,-0.00849978539931,0.00869334914393,-0.999926086933,0.0,0.64877476636,0.244300074063,0.303498381598,1.0,-0.0356325714286,-0.0468313795918,1.108
0.454896219273,0.476550504803,-0.124285731002,-1.46737323923,0.0727494565439,1.93494789091,0.143833137433,-0.0333160059555,-0.186821370459,-0.00201760287831,-0.285660257555,-0.0241764671825,0.110427039413,-0.0383610016318,0.5738152185,0.818969626569,0.00236488388515,0.0,0.818930144168,-0.573753216035,-0.0118917183113,0.0,-0.00838225775444,0.00876049230876,-0.999926493063,0.0,0.648142546342,0.243441214068,0.303561142412,1.0,-0.0382657142857,-0.0502920816327,1.126
0.45432542148,0.473186312111,-0.124318226142,-1.47254773425,0.072428638706,1.93680979168,0.143083990552,-0.0324146631804,-0.196717236064,-0.00312104334514,-0.310822807255,-0.0224067336012,0.108311342615,-0.0405856680014,0.573854628043,0.818941891879,0.00240634608809,0.0,0.818902893345,-0.573792399706,-0.0118777191149,0.0,-0.00834657936429,0.00878681703207,-0.999926560533,0.0,0.64748552351,0.242559342997,0.303587817501,1.0,-0.0407525714286,-0.053560522449,1.143
0.453765417423,0.469847250617,-0.124320929332,-1.47765994898,0.072120889245,1.93863312663,0.14230653795,-0.0356800708878,-0.21237802045,0.00050043713498,-0.317319931691,-0.0253953936597,0.117093789619,-0.0444267443879,0.573839075842,0.818952629372,0.00246024032344,0.0,0.81891404016,-0.573776331019,-0.0118854403938,0.0,-0.00832214522263,0.00883522558006,-0.999926337631,0.0,0.646820946411,0.241709198767,0.303619851887,1.0,-0.0430931428571,-0.0566367020408,1.159
0.45314057463,0.466070813322,-0.124324835674,-1.48331437406,0.0717577832524,1.94076255659,0.141380606841,-0.0386795026988,-0.222995754508,0.00092356362354,-0.337258467784,-0.0228345579497,0.119654863522,-0.0501774908608,0.573764429514,0.819004268229,0.00267113251801,0.0,0.818968502127,-0.573700988385,-0.0117692544791,0.0,-0.00810679436746,0.00894052511207,-0.999927170796,0.0,0.646107984612,0.240770435162,0.303719140754,1.0,-0.04558,-0.0599051428571,1.176
0.452433344925,0.461917538668,-0.124336909906,-1.48979077966,0.0713172031784,1.94297366319,0.140412662562,-0.0388146097135,-0.23418349526,-0.000401307881361,-0.363078674074,-0.0225924740352,0.12074982062,-0.0537315946044,0.573741898298,0.81902039471,0.0025639984126,0.0,0.81898312295,-0.573678733795,-0.0118364527903,0.0,-0.00822354320219,0.00889111150168,-0.999926658047,0.0,0.645235044596,0.23967649816,0.303691143831,1.0,-0.0482131428571,-0.063365844898,1.194
0.451815563679,0.458312275847,-0.124338694006,-1.49536314062,0.0709415152392,1.94492828,0.13958504603,-0.0374403721969,-0.241787609093,0.00106194150932,-0.375657067933,-0.0225746035447,0.134702155961,-0.0633757879775,0.573726784565,0.819031039746,0.00254548731344,0.0,0.818993453382,-0.573663612527,-0.0118545299824,0.0,-0.00824913339074,0.00888616990104,-0.99992649119,0.0,0.644489473103,0.2387396267,0.303689827953,1.0,-0.0504074285714,-0.0662497632653,1.209
0.450982423147,0.453858084601,-0.124354521795,-1.50236940769,0.0704692740942,1.94741741528,0.138478552792,-0.0515886726662,-0.253297782199,-0.00046098113848,-0.392441223472,-0.0245911443403,0.145276540697,-0.0575772145796,0.573707006833,0.819045103012,0.00247718466361,0.0,0.819006592915,-0.573644062823,-0.0118927225773,0.0,-0.00831981409586,0.00885193927157,-0.99992620921,0.0,0.643564878656,0.237519718156,0.303633176452,1.0,-0.0530405714286,-0.0697104653061,1.227
0.450176015841,0.449312639754,-0.124413031251,-1.50915784708,0.0700003578916,1.94995455278,0.137417810571,-0.0462935378652,-0.263622862316,-0.000418868753747,-0.405053293245,-0.0234855830918,0.145375825811,-0.0620843396244,0.573721515318,0.819034246901,0.00269669534794,0.0,0.818999113324,-0.573658320151,-0.0117188309293,0.0,-0.00805129715393,0.00893210850817,-0.999927694412,0.0,0.642701694402,0.23632346344,0.303742550312,1.0,-0.0555274285714,-0.0729789061224,1.244
0.449362552737,0.444896279623,-0.124450436286,-1.5159285772,0.0695444942847,1.95218754286,0.136416541261,-0.0533494964937,-0.277628633773,-0.00100237601928,-0.426699337131,-0.0241173010774,0.140273894956,-0.0655779151488,0.573773043555,0.81899850285,0.00258722242767,0.0,0.818961733813,-0.573710005669,-0.0118006290831,0.0,-0.00818053965888,0.00888989018796,-0.999927021649,0.0,0.641766600657,0.23511968901,0.303740494229,1.0,-0.057868,-0.0760550857143,1.26
0.448458894224,0.44009627263,-0.124475655431,-1.52339019169,0.0690232725257,1.95473907628,0.135220167342,-0.05683037378,-0.280471607576,0.000936319298987,-0.4431095553,-0.0325516410154,0.149747190237,-0.0711066190389,0.573738652223,0.8190229412,0.00247540577372,0.0,0.818984668146,-0.573675987976,-0.0118625908757,0.0,-0.00829581293653,0.00883351634961,-0.999926571542,0.0,0.640742142594,0.23380179136,0.303694756829,1.0,-0.0603548571429,-0.0793235265306,1.277
0.447502872992,0.435086778083,-0.124486523175,-1.53097055032,0.0685304158749,1.95747536143,0.133985907623,-0.0543101073223,-0.302941402952,-0.00143202491606,-0.447463261638,-0.0245463226051,0.163352237793,-0.0725615512607,0.573716165922,0.819038251819,0.00261723478081,0.0,0.819001689515,-0.573652824115,-0.0118074915888,0.0,-0.0081695604352,0.00891784020686,-0.99992686253,0.0,0.639727512817,0.232465831918,0.303745016585,1.0,-0.0628417142857,-0.0825919673469,1.294
0.446538938213,0.430241221749,-0.124516998715,-1.53830747909,0.0679970970208,1.96012274634,0.132801041342,-0.0560621372058,-0.2988157985,-0.00533048822198,-0.472457203122,-0.0355261206247,0.155673390924,-0.0702981091772,0.573726961311,0.819030367746,0.00271615080749,0.0,0.818995487442,-0.573663697221,-0.0117090110999,0.0,-0.00803203319418,0.00894246278297,-0.999927756792,0.0,0.63875132886,0.231129555652,0.30378621283,1.0,-0.0651822857143,-0.0856681469388,1.31
0.445410855189,0.424600157882,-0.124589893223,-1.54705964163,0.067352917927,1.96295919132,0.131382604166,-0.066408156207,-0.318560051679,-0.00772989864533,-0.489934661769,-0.0299134872184,0.155705813602,-0.0851965145464,0.573735323689,0.819025358374,0.00244695568895,0.0,0.818987031319,-0.573673104989,-0.0118388362566,0.0,-0.00829271410038,0.00879655288814,-0.999926923105,0.0,0.637508832248,0.229507474866,0.303707156201,1.0,-0.0678154285714,-0.0891288489796,1.328
0.444491858428,0.420056110621,-0.124649528039,-1.55399850528,0.0668534453845,1.96527666804,0.130264350097,-0.0669931373142,-0.323695230045,-0.00466683393362,-0.494277136903,-0.0417171050697,0.17388000969,-0.0762024224536,0.573771774911,0.819000038101,0.00237377478912,0.0,0.818960828585,-0.57370990759,-0.0118680275367,0.0,-0.00835821781144,0.00875373632915,-0.999926753465,0.0,0.636468138842,0.228126579145,0.303700601177,1.0,-0.0700097142857,-0.0920127673469,1.343
0.443320708579,0.414353719223,-0.124669059833,-1.56239036565,0.0662867393611,1.96842669587,0.128875750562,-0.0729039379054,-0.331123559817,-0.00166929957269,-0.49767789497,-0.0344561047766,0.187354621003,-0.0830114392075,0.573797010088,0.818981222799,0.00273766657724,0.0,0.818946990119,-0.573734073296,-0.011652785723,0.0,-0.00797287360628,0.00892850931192,-0.999928354937,0.0,0.635421623352,0.226675228861,0.303837572168,1.0,-0.0723502857143,-0.0950889469388,1.359
0.441940633463,0.407891221751,-0.124704197437,-1.57228142591,0.0655810179222,1.97169827316,0.127219616733,-0.0751526299988,-0.34568243375,-0.00577165002772,-0.529379307869,-0.0439999950232,0.169333513311,-0.0807356794298,0.573802296813,0.818978001059,0.00258937360868,0.0,0.818941595264,-0.573739611959,-0.0117587463921,0.0,-0.00814468521613,0.00886791217604,-0.999927509491,0.0,0.634001349578,0.224822396031,0.303786111567,1.0,-0.0751297142857,-0.0987419102041,1.378
0.440730697395,0.402309250056,-0.124777657602,-1.5808872166,0.0649785096342,1.97455135574,0.12578595565,-0.0749707205136,-0.353356074613,-0.00445616818025,-0.536384244903,-0.0388228132433,0.190274441053,-0.0933830400777,0.573850315613,0.818944844143,0.00242990189807,0.0,0.818906166797,-0.573788011847,-0.0118639936103,0.0,-0.00832186804078,0.00879818751912,-0.999926666515,0.0,0.632761874327,0.223184521636,0.303707603879,1.0,-0.0774702857143,-0.101818089796,1.394
