position_joint1,position_joint2,position_joint3,position_joint4,position_joint5,position_joint6,position_joint7,velocity_joint1,velocity_joint2,velocity_joint3,velocity_joint4,velocity_joint5,velocity_joint6,velocity_joint7,ee_T_00,ee_T_10,ee_T_20,ee_T_30,ee_T_01,ee_T_11,ee_T_21,ee_T_31,ee_T_02,ee_T_12,ee_T_22,ee_T_32,ee_T_03,ee_T_13,ee_T_23,ee_T_33,v_x,v_y,time
0.465079740991,0.547864451435,-0.12398640507,-1.35583913563,0.0794312668376,1.89409197899,0.15917173661,-0.0011487559074,-0.000565541425958,0.000537967408109,0.00107372281229,-4.49059097322e-06,-0.000379090488075,-0.00084033876973,0.573791788722,0.81898743136,0.00182136526371,0.0,0.818943210027,-0.573734335753,-0.0119028412608,0.0,-0.00870346516901,0.00832150750842,-0.999927498475,0.0,0.661673534377,0.260882138921,0.303151533357,1.0,0.0,0.0,0.0
0.465080446756,0.547864443703,-0.123984868449,-1.35584164128,0.0794305547608,1.89409208491,0.159172453058,0.00167040677396,-0.000779844824607,-0.000698788896661,0.000771374561339,0.000312788701679,-6.48908262939e-06,2.16594662268e-06,0.573787352149,0.81899054084,0.00182083208557,0.0,0.818946312985,-0.573729902365,-0.0119030450883,0.0,-0.00870398309847,0.00832114065451,-0.99992749702,0.0,0.661671765058,0.260886993592,0.30315062697,1.0,-0.0001,-0.000131428571429,0.006
0.465081849183,0.547871172934,-0.12398216752,-1.35584724495,0.0794312668376,1.89409420564,0.159172453076,-0.000326920815251,0.00269249484806,0.00121652506891,-0.00102063590895,8.16334409275e-05,0.00716409686984,-0.0011244037982,0.57378815632,0.818989997873,0.00181161605679,0.0,0.818945621987,-0.573730718551,-0.0119112434201,0.0,-0.00871597725083,0.00831830559306,-0.999927416132,0.0,0.661670415462,0.260885083413,0.303142965514,1.0,-0.00042,-0.000552,0.022
0.465083945838,0.547855925668,-0.123979662275,-1.35585748728,0.0794318771892,1.89409268541,0.159175352475,0.00229953680936,-0.00040762845743,0.00150848566208,-0.00529946763393,0.000113618152352,-2.72592454754e-05,0.000468573258362,0.573787747187,0.818990274153,0.00181629363467,0.0,0.818945927985,-0.573730259917,-0.0119122959258,0.0,-0.00871415966153,0.00832273595769,-0.999927395108,0.0,0.661667012115,0.260886901795,0.303148678287,1.0,-0.00076,-0.000998857142857,0.039
0.465081465896,0.54780742276,-0.123984333907,-1.35590912367,0.0794325760956,1.89410447516,0.159174378384,0.000679526604296,-0.00174219643422,0.00116492251236,-0.008975612893,0.000295871735824,0.000389829653085,0.000471234378358,0.573795245784,0.818985000608,0.00182526614913,0.0,0.818940750738,-0.573737700089,-0.0119098773947,0.0,-0.00870695457877,0.00832877621219,-0.99992740758,0.0,0.661660491372,0.26087798147,0.303159642397,1.0,-0.0011,-0.00144571428571,0.056
0.465078287334,0.547685045475,-0.123982439493,-1.35606737697,0.0794285163598,1.89413098603,0.159174421494,-0.000205906281677,-0.00412243422909,-0.000457607208495,-0.0124680045711,0.000329677026614,0.00259569062871,0.0007517444738,0.573804088712,0.818978811421,0.00182239455063,0.0,0.818934421777,-0.57374645619,-0.0119232436742,0.0,-0.00871945939398,0.00833418805747,-0.999927253523,0.0,0.661633353911,0.26086093816,0.303173247343,1.0,-0.00142,-0.00186628571429,0.072
0.465063061037,0.547540219915,-0.123984387185,-1.35627587226,0.0794243204658,1.89419209918,0.15916361255,-0.000483308198507,-0.00874784302834,-0.00185538316338,-0.0125100903613,-0.000512528007093,0.00855091794771,0.000592491210948,0.573819500957,0.818968006941,0.00182505624682,0.0,0.818923563108,-0.573761770329,-0.0119321245634,0.0,-0.00872504875333,0.00834162792901,-0.99992714273,0.0,0.661606218341,0.260830360256,0.30318197026,1.0,-0.00178,-0.00233942857143,0.09
0.465043987177,0.54736293727,-0.123985360896,-1.35648644296,0.0794208477638,1.89432013345,0.15914996998,-0.00140838924552,-0.0080672729307,-0.000476896166596,-0.0116637394875,1.47387782002e-05,0.00740221635829,-0.0019760766758,0.573835782247,0.818956406559,0.00190946844534,0.0,0.818913048268,-0.57377768227,-0.0118885494011,0.0,-0.00864075967917,0.00838592512554,-0.999927504138,0.0,0.66159355823,0.260802663335,0.303218470315,1.0,-0.00212,-0.00278628571429,0.107
0.465031399629,0.547179193067,-0.123980352627,-1.35671403158,0.079418095223,1.89444066334,0.159141577192,0.000795595430668,-0.00521164087922,-0.000183716149191,-0.0143411293895,-0.00294913005876,0.0122391255398,-0.00264334182044,0.573847916499,0.81894773345,0.00198128973623,0.0,0.818905232435,-0.573789444341,-0.0118592054689,0.0,-0.00857539140527,0.00842803114733,-0.999927712864,0.0,0.661572551296,0.260780386827,0.303250593324,1.0,-0.00244,-0.00320685714286,0.123
0.464997304001,0.546948698986,-0.12398285828,-1.35703688384,0.079406278751,1.89457345579,0.159116110276,-0.00510660465781,-0.0170752960842,-0.000641862536428,-0.0185816892488,-0.000357006482292,0.0104714455514,-0.00212632752954,0.573871721253,0.818930960243,0.00201910920642,0.0,0.818888912233,-0.573813054498,-0.0118437667388,0.0,-0.00854080048404,0.00845039164245,-0.999927820199,0.0,0.661541197282,0.260728193934,0.303271775442,1.0,-0.00278,-0.00365371428571,0.14
0.464967624148,0.546697045938,-0.123980352614,-1.3574363977,0.0793976512154,1.8947200604,0.159023114914,-0.00354159565343,-0.0189041459294,0.000446624398174,-0.0244589524088,0.000137729895359,0.0119326070959,-0.00703337240588,0.573838185997,0.81895443874,0.00202742698165,0.0,0.818912336761,-0.573779329218,-0.0118580337175,0.0,-0.0085480582307,0.00846504050334,-0.999927634276,0.0,0.661493058643,0.26067444778,0.303272482911,1.0,-0.00312,-0.00410057142857,0.157
0.464923860152,0.546430919202,-0.123982147985,-1.35784102746,0.0793838881999,1.89487087397,0.158945641501,-0.000368889869454,-0.0173498716419,-0.000374193452027,-0.0274880309767,-5.14390545651e-05,0.0156884360765,0.000149147395168,0.573830812797,0.818959564855,0.00204360426227,0.0,0.818917582885,-0.573771801793,-0.0118599667384,0.0,-0.00854043512942,0.00847932106929,-0.999927578419,0.0,0.661449888298,0.260607935583,0.30328148857,1.0,-0.00344,-0.00452114285714,0.173
0.464878280889,0.546126576957,-0.123977568572,-1.3583475302,0.0793560179443,1.89503822698,0.158923098994,-0.00153454375256,-0.0176799506777,0.00175681993418,-0.0297719979083,0.000637205292466,0.00703862385452,-0.000901056106828,0.573868125894,0.818933504008,0.00200922814045,0.0,0.818891051158,-0.573809226704,-0.0118812703103,0.0,-0.00857722181987,0.00846378422426,-0.999927395175,0.0,0.661384797869,0.260522536266,0.303267138082,1.0,-0.0038,-0.00499428571429,0.191
0.464821682223,0.545788558944,-0.123979642343,-1.35892369697,0.0792598251624,1.89522883287,0.158830167839,-0.00019889438481,-0.0202081730952,0.000278245111661,-0.0329390113617,-0.00609210416504,0.0107551972591,-0.00234870849716,0.573845520746,0.818949508207,0.00194119276391,0.0,0.818906650231,-0.57378737398,-0.0118614741513,0.0,-0.00860028210651,0.00839647113301,-0.999927764601,0.0,0.661322605196,0.260425919936,0.303251792882,1.0,-0.00412,-0.00541485714286,0.207
0.464755755664,0.545434762641,-0.123983594172,-1.35954799864,0.0792391703991,1.89543238169,0.158770424769,7.72620405238e-05,-0.0251381098608,0.000819481835112,-0.0459819386568,-0.000470210223151,0.0124884036641,-0.000420718779966,0.57388260488,0.818923637147,0.00189188772605,0.0,0.818879961436,-0.573824486612,-0.0119085777575,0.0,-0.00866677116952,0.00838351598071,-0.999927299226,0.0,0.66124831174,0.260321037293,0.303222897623,1.0,-0.00444,-0.00583542857143,0.223
0.464685597749,0.54499701219,-0.123986056012,-1.36028463542,0.079222815299,1.8956775255,0.158651363221,-0.00558489109011,-0.0234337081318,-0.000108726683506,-0.0407097956111,0.000136542959522,0.0104081199848,-0.00780373095643,0.573880905055,0.818924898772,0.00186115157553,0.0,0.818880529336,-0.573822633875,-0.0119586967682,0.0,-0.00872547163362,0.00838708998944,-0.999926758751,0.0,0.661159150846,0.26020551532,0.303203504371,1.0,-0.0048,-0.00630857142857,0.241
0.464612352245,0.54455286952,-0.123989321039,-1.36100250378,0.0791925408447,1.89594257558,0.15858587441,-0.00355737802422,-0.0279839953692,-0.000444024711533,-0.0412157964495,-0.000120611029954,0.0145695835378,-0.001908355189,0.573921541909,0.8188964247,0.00185909875009,0.0,0.818851919762,-0.573863170012,-0.0119725731022,0.0,-0.00873759723155,0.00839380580272,-0.999926596515,0.0,0.661080125362,0.26008890887,0.303199252945,1.0,-0.00514,-0.00675542857143,0.258
0.464553628951,0.544099929659,-0.12399770216,-1.36175652142,0.079157112405,1.89620843474,0.158498307651,-0.00104202814409,-0.0333722477482,0.00113257060273,-0.0463010400239,0.000520731437535,0.0158190216777,-0.0156640518965,0.573936333609,0.818886119157,0.0018318614655,0.0,0.818841182656,-0.573878003775,-0.0119958855991,0.0,-0.00877216809454,0.00838503964604,-0.999926367378,0.0,0.660990760149,0.25997398398,0.303184210265,1.0,-0.00546,-0.007176,0.274
0.464477310471,0.543572339039,-0.123995633091,-1.36259196315,0.0791136227596,1.89649247281,0.158361095899,-0.00472371890088,-0.036332018022,0.000873210416698,-0.050351777224,-0.00534787052794,0.0181977924731,-0.00922750413678,0.573919789239,0.818897748089,0.00181675427118,0.0,0.818852493496,-0.573861411476,-0.0120175378192,0.0,-0.00879873889035,0.00838491797306,-0.999926134944,0.0,0.660890769805,0.259844736936,0.303184399401,1.0,-0.0058,-0.00762285714286,0.291
0.464397411212,0.543021473446,-0.123998150474,-1.36346176177,0.0790462892267,1.89680985984,0.15826226161,-0.00327286820134,-0.0353265872444,-0.000761319364072,-0.0505564879804,-0.0102937291414,0.0130716791837,-0.00582689311913,0.573936454414,0.81888609167,0.00180611849656,0.0,0.818840836022,-0.573878252018,-0.0120076652708,0.0,-0.00879658731954,0.00837072157334,-0.999926272818,0.0,0.660793321339,0.259705109115,0.303187641357,1.0,-0.00614,-0.00806971428571,0.308
0.464333169111,0.542426396353,-0.124001424496,-1.36438595709,0.0789959186232,1.89714331521,0.158137107205,-0.00116276687333,-0.0369816640082,-0.00306480362833,-0.0530102829607,-0.00702925199682,0.020421348575,-0.00779155001997,0.5739267305,0.818892893528,0.00181213908663,0.0,0.818847660658,-0.57386845003,-0.0120107283879,0.0,-0.00879574001932,0.00837730521555,-0.999926225136,0.0,0.660682729853,0.259573355282,0.303197643349,1.0,-0.00648,-0.00851657142857,0.325
0.464247102363,0.541809146884,-0.124002028624,-1.3653383758,0.0789475287024,1.89749958235,0.158003363601,-0.00621151977528,-0.0348467187201,-3.18094856015e-05,-0.0611029632791,-0.00036310561326,0.0200051183924,-0.00431395467378,0.573928094797,0.818891886942,0.00183477635723,0.0,0.818846863183,-0.573869633604,-0.0120085462992,0.0,-0.008780947763,0.00839460458571,-0.999926210063,0.0,0.66057555836,0.259427546372,0.303211706834,1.0,-0.00682,-0.00896342857143,0.342
0.464173351872,0.541157927677,-0.124001680473,-1.3663426566,0.0788865013249,1.89787782853,0.157874493881,-0.0049247234426,-0.0395775823109,0.00179039672909,-0.0608692742766,-0.00557039797351,0.0182139399,-0.00736590862046,0.57392214529,0.818896009684,0.00185563209065,0.0,0.818851258638,-0.57386359532,-0.0119973786534,0.0,-0.00875989445789,0.00840520979394,-0.999926305633,0.0,0.660458825254,0.259284170675,0.303226870384,1.0,-0.00716,-0.00941028571429,0.359
0.464089235141,0.540495080827,-0.124002637092,-1.36736032305,0.0788186966772,1.89824555001,0.15775398478,-0.00795324196172,-0.0382921913302,0.000202683075423,-0.0657545529447,-0.010439530732,0.01809375347,-0.0112245513663,0.57393118204,0.818889659405,0.00186303578644,0.0,0.818845047407,-0.573872639899,-0.0119886785603,0.0,-0.0087484280723,0.00840637593284,-0.999926396216,0.0,0.660340392772,0.259129955027,0.303242902327,1.0,-0.00748,-0.00983085714286,0.375
0.463986358283,0.539709446747,-0.124003192474,-1.36856280579,0.0787523234188,1.89869797661,0.1576047082,-0.0107192103445,-0.0386423381849,0.000566508869222,-0.0695856173009,-0.00625686450519,0.0284420762634,-0.0135459269653,0.573942387492,0.818881729574,0.00189623598226,0.0,0.818837494999,-0.573883648406,-0.0119775530779,0.0,-0.0087201484466,0.00842729678304,-0.999926467136,0.0,0.660203866758,0.258949246039,0.303264983144,1.0,-0.00784,-0.010304,0.393
0.463893605866,0.539003457301,-0.124007602638,-1.36966344411,0.0786946332666,1.8991150628,0.157470094056,-0.00304128166561,-0.0391402142679,-0.000832390430918,-0.0674868535715,-0.00307536314415,0.0272945110765,-0.00820288768086,0.573956660654,0.818871674307,0.00191823109263,0.0,0.818827670563,-0.573897772052,-0.0119724707168,0.0,-0.00870321615497,0.00844254255465,-0.99992648605,0.0,0.660079285777,0.258783042888,0.303276211024,1.0,-0.00816,-0.0107245714286,0.409
0.463778035205,0.538258901758,-0.124013057747,-1.37079788208,0.078632394413,1.89955166958,0.157325223732,-0.00778423698636,-0.0465390739617,-0.000199716640124,-0.0725995381736,-0.00448826598018,0.0242304248279,-0.00893867847572,0.573982537335,0.818853438671,0.00195951847232,0.0,0.818809957155,-0.57392345564,-0.0119527415607,0.0,-0.00866309670693,0.00846530114874,-0.999926642025,0.0,0.659957973302,0.258598268859,0.303300194751,1.0,-0.00848,-0.0111451428571,0.425
0.463674238563,0.537463067862,-0.124017209879,-1.37205895678,0.078558714332,1.9000253885,0.157171346544,-0.00545237181484,-0.0531684079246,-0.000693737247925,-0.0708776809349,-0.00181953136068,0.0257262309179,-0.00727551542255,0.573994281602,0.818845190956,0.00196591921726,0.0,0.818801786016,-0.573935164903,-0.0119502554732,0.0,-0.00865726573396,0.00846923953065,-0.999926659176,0.0,0.65981311429,0.258408341228,0.303303161493,1.0,-0.00882,-0.011592,0.442
0.463551166578,0.536577455808,-0.124021215249,-1.37344569851,0.0784689587245,1.90055329252,0.156994886211,-0.00747186976956,-0.0487133261286,-0.00156748574532,-0.0768301953367,-8.88977318718e-05,0.0190528352798,-0.00785561011615,0.57400572577,0.818837126942,0.00198323611407,0.0,0.818794026999,-0.573946613078,-0.0119320403609,0.0,-0.00863229219544,0.00847308450474,-0.999926842509,0.0,0.659657833842,0.258193138034,0.303314221117,1.0,-0.00918,-0.0120651428571,0.46
0.463444118419,0.535813249538,-0.124026488357,-1.37465564244,0.0784053147312,1.90098476099,0.156854070184,-0.00602344702972,-0.0546579205724,-9.76209360074e-05,-0.0800465167622,-0.00369559938329,0.0204160821465,-0.00662162497326,0.574031115095,0.81881934871,0.00197483730142,0.0,0.81877604302,-0.573971939864,-0.0119478251646,0.0,-0.00864977575799,0.00847553605382,-0.999926670645,0.0,0.65951553639,0.258004857509,0.303315289056,1.0,-0.00948,-0.0124594285714,0.475
0.463308411253,0.534864483031,-0.124026879814,-1.37617885997,0.0783155589354,1.9015405943,0.156665502121,-0.0106175084031,-0.0519372441675,0.000687588576671,-0.079967710224,-0.0098990529953,0.0325564168983,-0.0144253422677,0.574047573285,0.818807848165,0.00195915540303,0.0,0.818764287497,-0.573988412357,-0.011962060848,0.0,-0.00867026373268,0.00847104157275,-0.999926531292,0.0,0.659337551175,0.25776998165,0.303307944936,1.0,-0.00984,-0.0129325714286,0.493
0.463178909009,0.533970937256,-0.124036135505,-1.37765589077,0.0782353279525,1.90207781005,0.156489919375,-0.0126578434751,-0.0519385722919,0.00106466556,-0.0863678319717,-0.00420314772125,0.0281409802128,-0.0133425341284,0.574075743449,0.818788188836,0.00192080891437,0.0,0.818744055724,-0.574016671026,-0.0119908090956,0.0,-0.00871552432426,0.00845644633975,-0.999926261357,0.0,0.659164630505,0.257539100099,0.303282138966,1.0,-0.01018,-0.0133794285714,0.51
0.463057778507,0.533040263107,-0.124036765672,-1.3791526478,0.0781533623126,1.90265337759,0.156293813559,-0.00459336147285,-0.0571838451996,-0.000255184028948,-0.0922944069849,-0.00653598542903,0.0357579026497,-0.00598374557832,0.574074819601,0.81878881185,0.00193131861075,0.0,0.818744748056,-0.574015636675,-0.0119930515075,0.0,-0.00871133703254,0.00846632885307,-0.999926214219,0.0,0.658991346508,0.257319228799,0.30327598115,1.0,-0.01052,-0.0138262857143,0.527
0.462925397587,0.532069337693,-0.124037180416,-1.38070937141,0.0780610417185,1.90321956984,0.15609614232,-0.00714047489065,-0.0567011737119,0.00391236064835,-0.0945414676348,-0.0050126758542,0.028308904091,-0.0171727108182,0.574081757681,0.818783986274,0.00191473777041,0.0,0.818739653711,-0.574022593888,-0.012007832766,0.0,-0.0087328865722,0.00846131238583,-0.999926068709,0.0,0.658806286714,0.257083207153,0.303268623298,1.0,-0.01086,-0.0142731428571,0.544
0.462795481787,0.531063373587,-0.124034701122,-1.38232454117,0.077966417707,1.90379557083,0.155892718766,-0.00991572688175,-0.0564314020589,0.000889345488202,-0.098117315776,-0.0074363951728,0.0400400617703,-0.00166125267567,0.574082236871,0.818783711472,0.0018883955794,0.0,0.818738937233,-0.574023091982,-0.0120328480207,0.0,-0.00876848611314,0.00845411006524,-0.999925818086,0.0,0.65860886826,0.256844337545,0.303258686069,1.0,-0.0112,-0.01472,0.561
0.462671551069,0.530082406193,-0.124045715355,-1.3838712123,0.0778596345435,1.90434814046,0.155689354822,-0.00742272589267,-0.0598047363572,-0.0020239480834,-0.100599517933,-0.00147986899662,0.0258903224631,-0.0144388283116,0.574080130756,0.818785236113,0.00186748367632,0.0,0.818740314098,-0.574021197331,-0.0120295463978,0.0,-0.00877780877182,0.00843507014196,-0.999925897087,0.0,0.658423889749,0.256605852354,0.303261883797,1.0,-0.01152,-0.0151405714286,0.577
0.462526278503,0.528960841275,-0.124045013179,-1.38562259785,0.0777626619245,1.90500544342,0.155447095945,-0.00691295037932,-0.062027652358,-0.000506344779865,-0.100178982732,-0.00502470612474,0.0342533412145,-0.00485257374761,0.574069216808,0.818792824071,0.00189537965578,0.0,0.818748165345,-0.574010066801,-0.0120262985295,0.0,-0.00875924857594,0.00845592919658,-0.999925883666,0.0,0.658217470745,0.256346361946,0.303275171839,1.0,-0.01188,-0.0156137142857,0.595
0.462408687112,0.528002710433,-0.124040028287,-1.38713081989,0.0776579398714,1.90559805156,0.155229695035,-0.0101104485249,-0.062619075481,-0.000101185194803,-0.0987328989676,-0.00658867272068,0.0344057703907,-0.0129856566439,0.5740376042,0.81881492161,0.00192354222431,0.0,0.81877075221,-0.573978455029,-0.0119973076009,0.0,-0.00871967056936,0.00846200874588,-0.999926178152,0.0,0.658042631545,0.256128691689,0.303283089062,1.0,-0.01218,-0.016008,0.61
0.462272240487,0.52688619297,-0.12404390937,-1.38879534812,0.077556993696,1.90622864918,0.155001935017,-0.00961571854124,-0.0708688886334,-0.00106401554401,-0.100522462397,-0.00151564318309,0.0366374733284,-0.0109798247227,0.574028311819,0.818821269094,0.0019933414103,0.0,0.81877803184,-0.573968889971,-0.0119580442431,0.0,-0.00864755149858,0.00849652369064,-0.999926511769,0.0,0.657849147866,0.255880198561,0.303331420349,1.0,-0.0125,-0.0164285714286,0.626
0.462111947743,0.525652871276,-0.124046414221,-1.39074270147,0.0774294862979,1.90693262549,0.154746157372,-0.00570495599759,-0.0679714271865,-6.39938867713e-05,-0.108025170564,-0.00557598875185,0.0346551376624,-0.0148100593305,0.574022342105,0.818825489255,0.00197884105319,0.0,0.818782106187,-0.573963024205,-0.0119606159983,0.0,-0.00865804234544,0.00848606383673,-0.999926509811,0.0,0.657613712128,0.255585523007,0.303333363834,1.0,-0.01286,-0.0169017142857,0.644
0.461957199323,0.524472791794,-0.124052770899,-1.39261418791,0.0773090292178,1.90760601167,0.154480433806,-0.0056051134215,-0.0702093561903,-0.00116719510332,-0.110492612389,-0.0101456295831,0.0387007309317,-0.0254172436111,0.574003967666,0.818838419437,0.00195827968845,0.0,0.818794802235,-0.573944771756,-0.0119673601706,0.0,-0.00867555692948,0.00847290458032,-0.999926469597,0.0,0.657387020449,0.255299662104,0.303331119591,1.0,-0.0132,-0.0173485714286,0.661
0.461799572511,0.523350795647,-0.124051008345,-1.39440675733,0.0772095983844,1.90826936246,0.154238397945,-0.0126508977978,-0.0677025326909,0.000262853375887,-0.116334741486,-0.00274553557472,0.0425887946359,-0.0134523714989,0.574003028291,0.818839081756,0.00195668147236,0.0,0.818795317703,-0.573943716227,-0.0119827047299,0.0,-0.00868904919336,0.00848039370372,-0.999926288957,0.0,0.657172506719,0.255027965375,0.30332420613,1.0,-0.01352,-0.0177691428571,0.677
0.461634031391,0.522119014927,-0.124056269424,-1.39636749921,0.0770921306571,1.90904073398,0.153977666171,-0.0112591116483,-0.0741988526065,0.000270290058947,-0.116548198109,-0.00503789033896,0.0499796774313,-0.0163333758649,0.574002402935,0.818839441454,0.00198933306229,0.0,0.81879614597,-0.57394299523,-0.0119606217601,0.0,-0.0086522316475,0.0084944474198,-0.999926488923,0.0,0.656946860263,0.25473288529,0.303323687185,1.0,-0.01386,-0.018216,0.694
0.461467533904,0.520870083067,-0.124065682797,-1.39837936719,0.0769584599581,1.90979609008,0.153707936367,-0.0116414590805,-0.0733481615871,-0.00223170335357,-0.114892557014,-0.0106660339504,0.0466607856023,-0.0202201688602,0.573995909012,0.818844034642,0.00197237682388,0.0,0.818800645365,-0.573936697983,-0.0119547798226,0.0,-0.00865724738059,0.00847714133887,-0.999926592377,0.0,0.656707787593,0.254425296258,0.303309271807,1.0,-0.0142,-0.0186628571429,0.711
0.461307360707,0.519630496016,-0.124073598493,-1.40031047618,0.0768402360489,1.91048617973,0.153439641082,-0.0106251857592,-0.0805046459108,-0.000950290087696,-0.121301472614,-0.0135706230557,0.0441166643715,-0.0160684598635,0.573983686858,0.818852608371,0.00196974267684,0.0,0.81880916274,-0.573924466847,-0.0119586064535,0.0,-0.008662019342,0.00847705158341,-0.999926551811,0.0,0.656471034046,0.254130327867,0.3033206468,1.0,-0.01448,-0.0190308571429,0.727
0.461121959042,0.518203425461,-0.124076956757,-1.40253180798,0.0766899397079,1.91128272323,0.153146335089,-0.008314137761,-0.0753125406075,0.000931593388648,-0.127521200974,-0.00596423535952,0.0409791199454,-0.0125883575577,0.573974736083,0.818858897908,0.00196330262495,0.0,0.818815448922,-0.573915623053,-0.0119526199503,0.0,-0.00866090589962,0.00846824744167,-0.999926636056,0.0,0.656198243053,0.253791588241,0.303334160922,1.0,-0.01488,-0.0195565714286,0.745
0.460923869711,0.516765862329,-0.124083273503,-1.4047965226,0.0765406287611,1.91210104552,0.152826578599,-0.00937588523951,-0.0823560877274,-0.00100222016333,-0.126300363232,-0.0162717581448,0.0432305716134,-0.0144502958148,0.573958908374,0.818870027882,0.00194829042316,0.0,0.818826447428,-0.573899923062,-0.0119529997582,0.0,-0.00866999644559,0.00845600522305,-0.999926660879,0.0,0.655922765345,0.253439478925,0.303335935802,1.0,-0.01524,-0.0200297142857,0.763
0.460758001762,0.515556784376,-0.12408191561,-1.40671757446,0.0764251752174,1.91284496591,0.152566767644,-0.0115218626894,-0.0878154428926,0.00107819864914,-0.129179220096,-0.00803056912768,0.0559377964055,-0.0185674592712,0.573951481614,0.818875171051,0.00197430756217,0.0,0.818831919225,-0.573892377983,-0.0119404125363,0.0,-0.00864483373621,0.00847000659046,-0.999926760237,0.0,0.655695392448,0.253151170756,0.303333967197,1.0,-0.01554,-0.020424,0.778
0.460570990013,0.514163754679,-0.124090780965,-1.4089641736,0.0763009632764,1.91363481026,0.152261978313,-0.0106384268335,-0.0785872517457,-0.00267093559482,-0.129888007419,-0.00349684083262,0.0402703758294,-0.0192311332417,0.573945927507,0.818879180571,0.00192531204673,0.0,0.818835109946,-0.573886855614,-0.0119869334989,0.0,-0.00871110672034,0.0084565275808,-0.999926299165,0.0,0.655412111817,0.252808629462,0.303309992675,1.0,-0.01588,-0.0208708571429,0.795
0.460383197755,0.512755072202,-0.12409718148,-1.41123449601,0.0761590731025,1.91442172391,0.1519428471,-0.0116140014055,-0.0836661673865,-0.000775728411561,-0.130935468465,-0.00696652955844,0.0481832631385,-0.0128400336476,0.573923377795,0.818895137529,0.0018593151076,0.0,0.81885014016,-0.5738645293,-0.0120290013031,0.0,-0.00878366480019,0.00842638772992,-0.999925918867,0.0,0.655122723799,0.252461462103,0.303284893396,1.0,-0.01622,-0.0213177142857,0.812
0.460196247499,0.511408080389,-0.124100378639,-1.41338205847,0.0760189573265,1.91525334133,0.151642088126,-0.00947331873975,-0.0821620276186,0.000770773063361,-0.137186855633,-0.0139309911398,0.0540067013575,-0.0206240338335,0.573907136409,0.818906478863,0.00187737998964,0.0,0.81886182436,-0.573848314688,-0.0120071327327,0.0,-0.00875555601586,0.00842845624033,-0.999926147955,0.0,0.654868025025,0.252133764927,0.303278332002,1.0,-0.01654,-0.0217382857143,0.828
0.459978730296,0.509835847865,-0.124102534253,-1.41585912648,0.0758709862751,1.91617923747,0.15129705505,-0.0110916643893,-0.0897644128063,0.000641241389413,-0.138937101239,-0.010346216187,0.0523000546274,-0.0166192189653,0.5738935382,0.818915966593,0.00189561898521,0.0,0.818871493054,-0.57383458473,-0.0120039215124,0.0,-0.00874259957715,0.00844140386087,-0.9999261521,0.0,0.654566472678,0.251755730937,0.30328030604,1.0,-0.0169,-0.0222114285714,0.846
0.459796592643,0.508516996079,-0.124101088485,-1.41795489537,0.0757408750973,1.91692070815,0.15100493098,-0.0179284231814,-0.0851340978349,0.00124314423954,-0.132615350756,-0.0133919417129,0.0480877409248,-0.0171326151388,0.573875966229,0.818928350014,0.00186542995789,0.0,0.818883398326,-0.573817064283,-0.0120292802908,0.0,-0.00878087217732,0.00843104679694,-0.999925904122,0.0,0.654300866373,0.251435389838,0.303269857168,1.0,-0.0172,-0.0226057142857,0.861
0.45958874234,0.506970392576,-0.12410895483,-1.42035671635,0.0755830331901,1.91779657678,0.150668389231,-0.00850833161805,-0.0895220090232,-0.0025985966236,-0.136977707522,-0.0101439594056,0.0524312606791,-0.0154760205892,0.573857729661,0.818941105645,0.00187576487815,0.0,0.818896360697,-0.573798854264,-0.0120154976472,0.0,-0.00876384192121,0.00843140556347,-0.999926050503,0.0,0.654004096732,0.251064173179,0.303284473407,1.0,-0.01754,-0.0230525714286,0.878
0.459349894058,0.50527741782,-0.124115320464,-1.42296316538,0.0754181124187,1.91879332664,0.150318090649,-0.010627469512,-0.0878346892184,0.000112410647226,-0.143501362446,-0.00631899521688,0.0571113178757,-0.0194334055125,0.573861108698,0.818938585893,0.00194096883844,0.0,0.818894770842,-0.573802030782,-0.0119720783485,0.0,-0.0086908323772,0.00845992226637,-0.999926446869,0.0,0.653693057935,0.25065828378,0.303313856508,1.0,-0.0179,-0.0235257142857,0.896
0.459125837229,0.503614467583,-0.124122358384,-1.4254384707,0.075256152123,1.91973836999,0.149966239478,-0.0127324427631,-0.0980919534924,-4.13818948354e-05,-0.141595231748,-0.0129963271396,0.0573989480259,-0.0212164467598,0.573844958448,0.818949644235,0.00204713750648,0.0,0.818907342493,-0.573785568289,-0.0119009636158,0.0,-0.00857183699609,0.00850588767143,-0.999927084084,0.0,0.653397538518,0.250273917611,0.303379465252,1.0,-0.01824,-0.0239725714286,0.913
0.458910052153,0.502012402052,-0.124125549802,-1.4278120131,0.0751104629901,1.92060750617,0.149639419366,-0.0139564660827,-0.104769586647,-8.80511321057e-05,-0.149664523071,-0.0114848783389,0.0564477456668,-0.0174033672412,0.573838380945,0.818954037222,0.00213175352142,0.0,0.818912805215,-0.573778617714,-0.011860110033,0.0,-0.00848989386134,0.00855167124158,-0.999927392675,0.0,0.653104860388,0.249906078392,0.303443671455,1.0,-0.01856,-0.0243931428571,0.929
0.458676343677,0.500294690815,-0.124125971187,-1.43040433136,0.074940065102,1.92151712704,0.149270010601,-0.0105960723,-0.103673395606,-0.000612027188038,-0.15184241916,-0.015875872412,0.0565915699183,-0.0237829801277,0.573813270599,0.818971560332,0.00215887751305,0.0,0.81893066734,-0.573753388439,-0.011847288587,0.0,-0.00846409209145,0.00856626734148,-0.999927486475,0.0,0.652774717596,0.249502685602,0.303487276069,1.0,-0.0189,-0.02484,0.946
0.458424509973,0.498619909038,-0.124123702743,-1.43303401059,0.0747832924391,1.92249201813,0.14890101805,-0.0159197793474,-0.0933504363864,0.00149266106196,-0.163822728589,-0.00830375876258,0.0594948498048,-0.020592019135,0.573807225805,0.818975743578,0.00217851929557,0.0,0.818935001605,-0.573747160591,-0.011849293695,0.0,-0.00845452763045,0.00858344130352,-0.999927420115,0.0,0.65244948913,0.24909066353,0.303488225489,1.0,-0.01924,-0.0252868571429,0.963
0.458172939593,0.497040807973,-0.124126625841,-1.43553643319,0.0746307732357,1.92339712974,0.148524150781,-0.0166096838842,-0.0972608304361,0.000598261086779,-0.15607002407,-0.00919501455821,0.0507427033248,-0.0213720177624,0.573792271818,0.818986260351,0.0021635758701,0.0,0.81894523792,-0.573732180683,-0.0118671411446,0.0,-0.0084778756704,0.00858128924943,-0.999927240903,0.0,0.65213824722,0.248685733158,0.303476554597,1.0,-0.01956,-0.0257074285714,0.979
0.457910775211,0.495374342662,-0.12412666487,-1.43824956706,0.074462485377,1.92432311756,0.148131907685,-0.0155000118701,-0.0959690751773,0.00202381508528,-0.154101201108,-0.00865401043335,0.0550935204565,-0.0212843662317,0.573776877291,0.818997307962,0.00206192569424,0.0,0.8189547862,-0.573717025038,-0.0119406969284,0.0,-0.00859660227567,0.00854008413545,-0.999926580001,0.0,0.651784076797,0.24825087705,0.303426685596,1.0,-0.0199,-0.0261542857143,0.996
0.457617576033,0.493536288752,-0.124145134365,-1.44122599666,0.074269160609,1.92539820424,0.147712104181,-0.0159314433948,-0.104077732106,-0.00136389993149,-0.172947753322,-0.0144268692492,0.0580416183766,-0.0293984351074,0.573783697035,0.818992689385,0.00199766167528,0.0,0.818949389228,-0.573724170311,-0.011967505361,0.0,-0.00865535925613,0.0085029069865,-0.999926389955,0.0,0.651412154441,0.247762200141,0.303383807639,1.0,-0.0229514285714,-0.0301647346939,1.014
0.457369514742,0.491706021384,-0.124195235204,-1.44411181419,0.0741033035826,1.92647797404,0.147306143932,-0.016567135882,-0.118026360252,-0.00228708122887,-0.203187646691,-0.0133247007991,0.0745955030712,-0.0192456030309,0.5737905709,0.818987837447,0.00201240192922,0.0,0.818944803193,-0.573731054169,-0.0119513056686,0.0,-0.00863356272679,0.00850575636666,-0.999926554154,0.0,0.651055958944,0.247299762667,0.303379187411,1.0,-0.02638,-0.0346708571429,1.029
0.456978169613,0.489217824431,-0.12419806536,-1.44812226299,0.0738674505966,1.92790197578,0.146718858222,-0.0208744177634,-0.142609592592,-0.00132430879215,-0.232172327607,-0.0105456992621,0.0780292162459,-0.0307546016449,0.573768241982,0.8190036659,0.00193562316567,0.0,0.818959336693,-0.573708766346,-0.0120251055167,0.0,-0.00873828976169,0.00848498367804,-0.999925820921,0.0,0.650538558993,0.246659572578,0.303324428921,1.0,-0.0304942857143,-0.0400782040816,1.047
0.456539111884,0.486444258388,-0.124228067513,-1.4524145713,0.0736027828067,1.9295412418,0.146100098046,-0.0271296261907,-0.172097064497,-0.00184043713058,-0.259218232806,-0.0220134891741,0.0975570031652,-0.0346823694802,0.57378419086,0.818992263911,0.00202999362455,0.0,0.818949282741,-0.573724427628,-0.0119624555314,0.0,-0.00863266781288,0.00852649385201,-0.999926385265,0.0,0.650019347631,0.245952850466,0.303351522367,1.0,-0.03438,-0.0451851428571,1.064
0.45608546358,0.48355469418,-0.124270378932,-1.45684879439,0.0733275555177,1.93114223804,0.145417888634,-0.029930355094,-0.183407462166,-0.00271980803076,-0.291716043219,-0.0191287073307,0.0993728303487,-0.0459356988678,0.573771140868,0.819001301835,0.00207181118301,0.0,0.818958906686,-0.573711246318,-0.0119357408567,0.0,-0.00858693124909,0.0085452763928,-0.999926618739,0.0,0.649464291761,0.24521044036,0.303386741997,1.0,-0.0380371428571,-0.0499916734694,1.08
0.455498745802,0.47995371752,-0.124330364864,-1.46249412898,0.0729907770596,1.93311462195,0.144570347991,-0.031140174053,-0.20124562495,-0.00469457855019,-0.315988295069,-0.0166805791655,0.112477285895,-0.0502525177539,0.573785409871,0.818991457891,0.00201052757976,0.0,0.818948094012,-0.573725601174,-0.0119875257015,0.0,-0.0086643568221,0.00852494920906,-0.999926124352,0.0,0.648740195652,0.244253156206,0.303369553888,1.0,-0.0421514285714,-0.0553990204082,1.098
0.454883915566,0.476185550193,-0.12437510048,-1.46823381677,0.0726362669296,1.93521329072,0.143749516854,-0.0394777098818,-0.227485233454,-0.00067343446309,-0.342540893132,-0.0241372793353,0.129029145357,-0.041061629865,0.573831212092,0.818959107123,0.0021137149244,0.0,0.818917111659,-0.573770991676,-0.0119314812326,0.0,-0.00855877169152,0.00857777880736,-0.999926581874,0.0,0.648021217387,0.243283876903,0.303430306515,1.0,-0.0460371428571,-0.0605059591837,1.115
0.454282723785,0.472616220002,-0.124401759077,-1.47371872892,0.0723147154012,1.93719032202,0.14294722621,-0.0417849845056,-0.241916008367,0.00308566752809,-0.372668490285,-0.0168522576265,0.137542319759,-0.0514383126007,0.573862615071,0.818936940415,0.00217567194991,0.0,0.818895488473,-0.573801872146,-0.0119305231247,0.0,-0.0085221055442,0.0086282952651,-0.999926460415,0.0,0.647320974026,0.242359424676,0.303460591269,1.0,-0.0494657142857,-0.0650120816326,1.13
0.45351962515,0.468003857046,-0.124428281169,-1.48068820189,0.0718747288035,1.93978524447,0.141841766553,-0.0410877494205,-0.268111610636,-0.00178641920505,-0.397538577239,-0.030519391259,0.151617078754,-0.0566533809818,0.573813976984,0.818970470719,0.002373775254,0.0,0.818931640787,-0.573752502173,-0.0118228959744,0.0,-0.00832080339113,0.00872827066845,-0.999927288118,0.0,0.646441922124,0.241192152299,0.303554522834,1.0,-0.05358,-0.0704194285714,1.148
0.452684621373,0.463037834741,-0.124436019297,-1.48827811921,0.071376150512,1.94244920661,0.140659900381,-0.0498493247966,-0.28491779363,-0.00270387931289,-0.43328166976,-0.0316134136986,0.151226211269,-0.0594171702665,0.573755919863,0.819011056106,0.00240443338755,0.0,0.818972464931,-0.573694166761,-0.0118258873361,0.0,-0.0083062829894,0.00875450615625,-0.999927179491,0.0,0.645438066549,0.239918094039,0.303597327484,1.0,-0.0576942857143,-0.0758267755102,1.166
0.451929245341,0.458675371066,-0.124459384272,-1.49502601359,0.0709235002914,1.94476314959,0.139670190595,-0.0534745144424,-0.298057904653,-0.00233441369263,-0.459165361024,-0.035982822322,0.157031727334,-0.0670937855155,0.573770278095,0.819001202724,0.00233341229353,0.0,0.818961580718,-0.573708686549,-0.0118751499595,0.0,-0.0083872246773,0.00872475109353,-0.999926763909,0.0,0.644531881041,0.238763024538,0.303590231603,1.0,-0.0611228571429,-0.0803328979592,1.181
0.451019114352,0.453502215958,-0.124482896541,-1.50303048301,0.0703826751601,1.94763079623,0.138393631777,-0.0552711766589,-0.315325884703,-0.00196705950208,-0.473778114187,-0.0333001828236,0.177704523066,-0.0805019677123,0.573706955198,0.819045523404,0.00234671054856,0.0,0.819006131084,-0.573645378617,-0.011861017642,0.0,-0.00836869486484,0.00872688666368,-0.999926900526,0.0,0.643473691568,0.237395296127,0.303585397598,1.0,-0.0650085714286,-0.0854398367347,1.198
0.449969758693,0.447580306572,-0.124527342091,-1.51182155073,0.0697857997894,1.95092146645,0.137031239382,-0.0589916250155,-0.332376119475,-0.00328959006032,-0.504900370817,-0.0293664415128,0.185983305727,-0.0734685532363,0.573718236952,0.81903660208,0.00267879533191,0.0,0.81900197186,-0.573655921061,-0.0116362031328,0.0,-0.00799392337937,0.00887001138043,-0.999928707502,0.0,0.642349084473,0.235864072777,0.303749316404,1.0,-0.0691228571429,-0.0908471836735,1.216
0.449049982304,0.442513244552,-0.124559835709,-1.51973522216,0.0692525617681,1.95354975787,0.135822363776,-0.0647018891556,-0.339480209529,-0.00225422838553,-0.542924002353,-0.0392420802126,0.182409701813,-0.0919324335072,0.573711569462,0.819041880391,0.00248598702444,0.0,0.81900444438,-0.573649615188,-0.0117722547283,0.0,-0.00821604233345,0.00879008239429,-0.99992761293,0.0,0.641243105923,0.23448423539,0.303681152226,1.0,-0.0725514285714,-0.0953533061224,1.231
0.447861202937,0.436109358666,-0.124590797009,-1.52964768197,0.068585821685,1.95691047494,0.134214358276,-0.0676152669935,-0.363549123273,-0.0015024443856,-0.549542178114,-0.0340204975832,0.201883884722,-0.0892478586697,0.573643201518,0.819090154287,0.002354443452,0.0,0.819050657236,-0.573581388555,-0.0118810136593,0.0,-0.00838131773317,0.00874403951946,-0.999926644952,0.0,0.639863728326,0.232746475388,0.303631526432,1.0,-0.0766657142857,-0.100760653061,1.249
0.446630856582,0.42973911224,-0.124615588389,-1.53916061124,0.0679125754045,1.96041489135,0.132676590981,-0.0705636790263,-0.374163160446,0.00025585916379,-0.579724224959,-0.04691018177,0.200525771234,-0.0798167110108,0.57363543252,0.819094757827,0.00262966891072,0.0,0.819059283658,-0.573573070601,-0.0116862926593,0.0,-0.00806402904141,0.00885769681655,-0.999928253748,0.0,0.638606838062,0.23104315049,0.303750458013,1.0,-0.0805514285714,-0.105867591837,1.266
0.445391905756,0.423550018997,-0.124698777398,-1.54868403775,0.0672290021852,1.96359586984,0.131092583182,-0.0764254307907,-0.395460346725,-0.00680531318457,-0.598048722155,-0.040768432061,0.206669710718,-0.106494324557,0.573628824642,0.819099894505,0.00246602163,0.0,0.819062399659,-0.57356716922,-0.0117573278605,0.0,-0.00821615515106,0.00876433649604,-0.999927837996,0.0,0.637275950852,0.229277950845,0.303705994817,1.0,-0.0842085714286,-0.110674122449,1.282
0.444004832368,0.416662780811,-0.12482158034,-1.55910004979,0.0664791655594,1.96716232523,0.129434127627,-0.0822222413386,-0.414793770127,-0.00143176394875,-0.604569454842,-0.0435622205633,0.232559861147,-0.0988765888513,0.573723934196,0.8190333189,0.00245290930337,0.0,0.818996059162,-0.573662747441,-0.0117155527684,0.0,-0.00818844302936,0.00873058416932,-0.999928360584,0.0,0.635836280204,0.22731904188,0.303734561467,1.0,-0.0880942857143,-0.115781061224,1.299
0.442416912296,0.409129796235,-0.124848504914,-1.57046896272,0.0657205027605,1.97113257477,0.127495168191,-0.090985509935,-0.426214699879,-0.00126756219614,-0.636690792163,-0.0517558990329,0.218524807177,-0.11046339932,0.573712919666,0.819040668332,0.00257222239816,0.0,0.819004577321,-0.573650893202,-0.0117005109733,0.0,-0.00810779275133,0.00881956603405,-0.999928236901,0.0,0.63424942887,0.225216905708,0.30376692348,1.0,-0.0922085714286,-0.121188408163,1.317
0.441013607065,0.402709198575,-0.124920445879,-1.58039408749,0.0650227487597,1.97438694817,0.12587145738,-0.099026728021,-0.430689228704,-0.0105362149726,-0.660844137863,-0.0486434621219,0.224973960669,-0.106690516562,0.57378958203,0.818987643922,0.00234553996934,0.0,0.818948296297,-0.573728062059,-0.0118551971669,0.0,-0.00836371892237,0.00872343254218,-0.999926972299,0.0,0.632813728973,0.223326741761,0.303662699656,1.0,-0.0956371428571,-0.125694530612,1.332
0.439251865831,0.394564444303,-0.125000466991,-1.59233246047,0.0641223384264,1.97866941467,0.123812828587,-0.1000817142,-0.456506836279,-0.0011421876136,-0.684272468954,-0.0613706643686,0.242323910653,-0.11435637698,0.573822176174,0.818963712948,0.00270072333029,0.0,0.818929820439,-0.573760277537,-0.0115689246408,0.0,-0.00792511429414,0.00885037878255,-0.999929429189,0.0,0.631166084521,0.221035350692,0.303836325288,1.0,-0.0997514285714,-0.131101877551,1.35
0.437491934148,0.386769069471,-0.125035158853,-1.60427776861,0.0632338055704,1.98249233661,0.121754738786,-0.0996762787159,-0.460483510615,-0.00643698683314,-0.707539250148,-0.0540800795783,0.214988715801,-0.133192608655,0.573810140975,0.818973074366,0.00240259849762,0.0,0.818934921266,-0.573748875243,-0.0117715669891,0.0,-0.00826226729575,0.00872238425792,-0.999927824871,0.0,0.629377885677,0.21874799907,0.303717440241,1.0,-0.103637142857,-0.136208816327,1.367
0.435785632538,0.379060367151,-0.125105691395,-1.61559009938,0.0624089254084,1.98631521775,0.119737628996,-0.102916883402,-0.484626540716,-0.00301713056569,-0.704341498546,-0.042365909937,0.254238141636,-0.116304285898,0.573799607266,0.81897995122,0.00256848257899,0.0,0.818943997151,-0.573737784999,-0.0116803465758,0.0,-0.00809248996874,0.00880579120656,-0.999928482266,0.0,0.62772550298,0.216560547031,0.303825274897,1.0,-0.107294285714,-0.141015346939,1.383
0.433813382877,0.370796930904,-0.125144211649,-1.62803603583,0.0614596714687,1.99043807376,0.117519551785,-0.117335861634,-0.494638186655,-0.00243544384844,-0.73628661438,-0.0594018371509,0.241440223984,-0.125035924829,0.573811160451,0.818972117854,0.00248379141171,0.0,0.818935034427,-0.573749609724,-0.0117278144502,0.0,-0.00817983617221,0.00876378335449,-0.999928140609,0.0,0.625872026264,0.214111962027,0.303775087748,1.0,-0.11118,-0.146122285714,1.4
