position_joint1,position_joint2,position_joint3,position_joint4,position_joint5,position_joint6,position_joint7,velocity_joint1,velocity_joint2,velocity_joint3,velocity_joint4,velocity_joint5,velocity_joint6,velocity_joint7,ee_T_00,ee_T_10,ee_T_20,ee_T_30,ee_T_01,ee_T_11,ee_T_21,ee_T_31,ee_T_02,ee_T_12,ee_T_22,ee_T_32,ee_T_03,ee_T_13,ee_T_23,ee_T_33,v_x,v_y,w_z,time
0.46511629271940497,0.5472676117061024,-0.12398539309988402,-1.3555534089251546,0.0794713724571729,1.894188759407114,0.15913202185432207,-0.0013410874464125002,0.001861585559446323,-0.00024901830872977205,0.001380311970406997,0.00016001230706138585,-0.000326170369754192,0.0006471158287320683,0.5737230193955899,0.8190332377643396,0.002683161209954591,0.0,0.8190002545239846,-0.5736624607434805,-0.011432896596724633,0.0,-0.007824844106862794,0.008756994269067897,-0.9999310410553695,0.0,0.6617620984277822,0.2609618798571084,0.30371883978054054,1.0,5e-324,6.91579648233487e-310,6.91558428275587e-310,0.0
0.46511876183101464,0.5472591989906578,-0.12398536393951681,-1.3555567186934696,0.07946685844936775,1.8941883190199693,0.15913928316305762,0.0007254502975359294,-0.0003788520762579798,-0.0008196241307048348,-0.0001427873568054213,-0.00026452663590644795,-0.00018582046993055774,0.0020321325333712294,0.5737258890505704,0.8190312218465206,0.002684916188026202,0.0,0.8189982957017056,-0.5736653630288497,-0.011427589417205817,0.0,-0.007819459652257443,0.00875541424904222,-0.9999310970122264,0.0,0.6617610749974,0.26096248647663356,0.3037231765941901,1.0,-0.00020000000000000004,-0.00026285714285714297,-0.00010000000000000002,0.011000000000000003
0.46511589219130534,0.5472602417836744,-0.12398506616177192,-1.3555598491344805,0.07946971017365032,1.894187507311503,0.1591309603629427,2.7841990493433326e-05,0.0010287773846696566,0.0006313438246284476,-2.6811085756010787e-05,-0.00010888068999582614,-0.00018211278064964238,0.0002991643197104277,0.5737250824475766,0.81903180237765,0.0026801801708536705,0.0,0.818998815714725,-0.5736645722405357,-0.011430018161388859,0.0,-0.007824174604297851,0.008752921018704465,-0.9999310819578526,0.0,0.661762628520216,0.2609569082989057,0.30371941059751373,1.0,-0.0004800000000000003,-0.0006308571428571433,-0.00024000000000000014,0.027000000000000014
0.465110029203515,0.5472295135354364,-0.1239835414637794,-1.3555811117546024,0.07946602786988903,1.8941898008010605,0.15913573999206226,-0.0008695120161319971,-0.00311467097365748,0.0010028532671697086,-0.004651693577065248,-0.0001482036691410446,0.0054826786410829016,0.0019264969182889514,0.5737299310930665,0.8190283665161855,0.0026921944547786602,0.0,0.8189955123579568,-0.5736693569137254,-0.011426573280246908,0.0,-0.007814408638620096,0.008760830950708468,-0.9999310890549817,0.0,0.6617584669059576,0.2609552211077838,0.3037326609282011,1.0,-0.0008800000000000006,-0.0011565714285714295,-0.0004400000000000003,0.045000000000000026
0.46511201590398094,0.5471349197221147,-0.1239807573723719,-1.355670080857848,0.0794667399459415,1.8942088804801003,0.15913173309311945,-0.0007130054303079914,-0.008664782770643054,-0.00025036075749714637,-0.010367412097731635,2.0366349001728736e-05,0.003291167318762311,0.0006799614672513285,0.5737328880599314,0.8190262460553874,0.0027070892187869887,0.0,0.8189934914658229,-0.5736721623295207,-0.01143057330151612,0.0,-0.007809108165172163,0.008775353236206263,-0.9999310031223376,0.0,0.6617408953622407,0.26094667866121285,0.303751373056726,1.0,-0.0012200000000000008,-0.0016034285714285727,-0.0006100000000000004,0.06200000000000004
0.4651082609001213,0.5470001395861601,-0.12398852657825098,-1.3558574190653736,0.07946363425608967,1.8942385560987318,0.15912628005210333,0.00047453386108178787,-0.007634750063865961,-0.002338940622912359,-0.01255501874540705,-9.67556396741384e-05,0.01104329180053143,-0.0004253207370566759,0.5737414935987254,0.8190202290786645,0.0027036612665466073,0.0,0.8189873650834026,-0.5736807045036078,-0.011440804831738824,0.0,-0.007819362840968791,0.008778497882187361,-0.9999308953821227,0.0,0.6617126389806428,0.2609242912883832,0.30376800292566464,1.0,-0.001560000000000001,-0.002050285714285716,-0.0007800000000000005,0.07900000000000006
0.46508432746211187,0.5468501257036184,-0.12398604718217977,-1.356061470354331,0.07945909040030097,1.8943394647887224,0.1591309460084156,-0.0005297164266369275,-0.005332355398536823,0.001971924885532567,-0.013445748432461787,-0.00027816700095026104,0.008142826608241656,0.0009008920311684112,0.5737735214620641,0.8189976459952308,0.0027475124205632445,0.0,0.8189653072707979,-0.5737125439128519,-0.011423193296965587,0.0,-0.0077794358579768574,0.008804612714157112,-0.9999309772042694,0.0,0.6616958728381532,0.2608937577207531,0.3037858084954444,1.0,-0.0019000000000000015,-0.0024971428571428597,-0.0009500000000000008,0.09600000000000007
0.4650634337985528,0.5466549830002604,-0.12398381625834638,-1.3562771595991392,0.07945592586208368,1.8944454856524084,0.1591276696034985,-0.001316527747809278,-0.011474163039796257,-0.00020844059264702334,-0.016127402868797904,-0.000288652938969995,0.014152797340321134,0.0013448939881828782,0.573797651366171,0.8189804719591011,0.0028264354799672885,0.0,0.8189490991392144,-0.5737363666969691,-0.011388654426157116,0.0,-0.00770560511070989,0.008849660335428958,-0.9999311512108348,0.0,0.6616778161043007,0.26086487194995134,0.30383049250881966,1.0,-0.002220000000000002,-0.0029177142857142887,-0.001110000000000001,0.11200000000000009
0.4650435911986567,0.5464416769233138,-0.1239838736995357,-1.3565310617975062,0.0794507111098551,1.8945688410724473,0.15911458283849703,-0.0018785418157886446,-0.007279233571257402,0.0010329857757004803,-0.016848927743325096,0.0002520467426772557,0.004965354920435491,-0.0010668923561779813,0.5738161092749956,0.8189672740888062,0.002902345476471991,0.0,0.8189368400430588,-0.5737545470324369,-0.011354236262348374,0.0,-0.007633660978579815,0.008892252512481158,-0.9999313251745432,0.0,0.6616552908488473,0.2608319039516028,0.30387141959266667,1.0,-0.002560000000000002,-0.0033645714285714316,-0.001280000000000001,0.1290000000000001
0.46500987360693924,0.5462529664293577,-0.12398913717737677,-1.3568077737827484,0.07944317135503134,1.8946838281945328,0.15910943090621324,-0.0016133556305207098,-0.015537113011366024,-0.0004951832266750399,-0.026936771593831958,0.0008314070915472815,0.006083715879511056,-0.006179127693426374,0.5738567193220115,0.818938726098551,0.002928393120632594,0.0,0.8189085964498101,-0.5737950381896535,-0.011345118366274795,0.0,-0.007610805871423987,0.008908730226924039,-0.9999313527236415,0.0,0.6616301609705357,0.26078276580845494,0.3038834922475341,1.0,-0.002840000000000002,-0.0037325714285714314,-0.001420000000000001,0.1430000000000001
0.46497714180860356,0.5459568226264583,-0.12398744806754093,-1.3572843655214495,0.07942078682470827,1.894843465613775,0.1591009285910137,-0.0019096432881158226,-0.01575626566534324,5.1178367265232525e-05,-0.023626164319286554,-0.0007095994106295637,0.010031263853788079,-0.0004280737770800395,0.5738960327627368,0.818911227194282,0.0029141817985583202,0.0,0.8188808350884448,-0.5738342962565337,-0.01136332987412766,0.0,-0.007633447918222902,0.008907909063392339,-0.9999311874469152,0.0,0.6615698823819326,0.2607166125762476,0.30388009489363244,1.0,-0.0032200000000000024,-0.004232000000000004,-0.0016100000000000012,0.16200000000000012
0.46493854233653703,0.5456536660568913,-0.12398650102062704,-1.3577554054016716,0.07939340964145881,1.895004532474266,0.15908740833640703,-0.0031732740434334047,-0.01539478440196832,-0.0005149172674893634,-0.029807425109965934,-0.00010999433312812535,0.002984954321142532,-0.0003439209549615668,0.5739349046210629,0.8188840027288916,0.002908991840597997,0.0,0.8188535159416268,-0.573873146382072,-0.011370056850571734,0.0,-0.007641512487482349,0.008907882194924083,-0.9999311260890446,0.0,0.6615132855055796,0.2606461887945859,0.3038844278958256,1.0,-0.003560000000000003,-0.004678857142857147,-0.0017800000000000014,0.17900000000000013
0.4648870217779064,0.5453226314284361,-0.12399208892136034,-1.3582807938365997,0.07935111105268977,1.895178248101505,0.15904375373978757,-0.00028855840125534293,-0.01723711501039708,-0.001079701094926289,-0.030554395715663416,-0.006891011928978042,0.009607078670813491,-0.005519844069048165,0.573963286106112,0.8188641973214447,0.0028843454349348468,0.0,0.8188334765209263,-0.5739016957593993,-0.011372257223076193,0.0,-0.007657150970326432,0.008889227871358138,-0.9999311724648196,0.0,0.661453134292041,0.26055579276254354,0.30388388980958886,1.0,-0.003900000000000003,-0.005125714285714291,-0.0019500000000000014,0.19600000000000015
0.464831189805448,0.544963291812712,-0.12398992530894022,-1.3588883167364094,0.07932170227936478,1.8953690520046707,0.1589361941116654,-0.005648891678466707,-0.014364015433664754,9.39620538019949e-06,-0.03670948276532418,-0.0008039433543994838,0.016063781272430938,-0.0038280462936041257,0.5739454117216383,0.8188768785761604,0.0028405982207416088,0.0,0.8188454730463168,-0.5738838175670744,-0.011410613804814802,0.0,-0.007713862979797481,0.008875251308088902,-0.9999308607259539,0.0,0.6613768504810096,0.26046090677352357,0.30386551363844727,1.0,-0.004240000000000003,-0.005572571428571434,-0.0021200000000000017,0.21300000000000016
0.46476882868771147,0.5445543201352218,-0.12399552934367201,-1.3595680318404642,0.07929121985665384,1.8955975464718255,0.15893089609646519,-0.0012453520175458982,-0.02488404639046818,-0.0020881500817419916,-0.042379233147037496,-0.005073148272827381,0.017373596211072404,0.0017406198393875813,0.5740258300557702,0.8188206205300709,0.002807975203212348,0.0,0.8187887045229559,-0.5739642246396418,-0.011439977300788096,0.0,-0.007755761324401034,0.008866151545766518,-0.9999306173545472,0.0,0.6612962788740137,0.2603516767623318,0.30385140476514716,1.0,-0.004580000000000003,-0.006019428571428577,-0.0022900000000000017,0.23000000000000018
0.4647133777128437,0.5441599555802655,-0.12399633918913915,-1.3602549059746518,0.07925522220609248,1.895815842526542,0.1589056027557463,-0.0016262882765656138,-0.029480474067664287,-0.00040101848582366147,-0.043900215383719944,-0.002826287000766662,0.01741713722860298,-0.00014551765421637387,0.5740797296764979,0.8187830399168398,0.002746710815923998,0.0,0.8187502409822864,-0.574018207920909,-0.011484196442264508,0.0,-0.007826553939181968,0.008841884765254368,-0.9999302806332225,0.0,0.6612089742300585,0.26024717022478,0.3038224573378834,1.0,-0.004900000000000004,-0.0064400000000000065,-0.002450000000000002,0.2460000000000002
0.4646412925045572,0.5436977235627327,-0.12399117252658752,-1.3610071021666903,0.07922198163124937,1.8960713651930055,0.158851125049174,-0.007090661567701446,-0.027236604912048663,-0.0003359548578417895,-0.047312911393745084,-2.2837275814370534e-05,0.019558427936041164,-0.006519149042960206,0.5741235268626835,0.818752403204355,0.002724894686991563,0.0,0.8187191651022198,-0.574061893247115,-0.01151600265154037,0.0,-0.007864648062189117,0.008842701810199166,-0.9999299745159926,0.0,0.6611185703645216,0.2601312421553187,0.3038134503375342,1.0,-0.005240000000000003,-0.0068868571428571486,-0.0026200000000000017,0.2630000000000002
0.4645703131109729,0.5432013554806822,-0.12399917157086407,-1.361795839601525,0.07917603776597541,1.8963607773254436,0.15878065149141046,-0.005354153733341301,-0.03106679235215435,0.00023179196887695316,-0.04737531439147837,-0.005224387549581358,0.016369369677000093,-0.0039531157568121885,0.574161259053868,0.8187259582377688,0.0027204430765811784,0.0,0.8186926791463046,-0.5740996538970715,-0.01151657104858336,0.0,-0.00786726170781965,0.008839745956571388,-0.999929980090928,0.0,0.6610307560509286,0.2600047803051997,0.3038145101087826,1.0,-0.005580000000000004,-0.007333714285714292,-0.002790000000000002,0.2800000000000002
0.464498906702616,0.542687193416218,-0.12400211047147995,-1.3626535346596096,0.07912916248991551,1.8966506035311945,0.15873742283919182,-0.0016747692689950138,-0.03184896869486341,-0.001236982703438241,-0.05402445023548027,-0.00530487875841264,0.023639240302160407,0.002570751250795957,0.5742215504839401,0.8186838209874466,0.002675652149073519,0.0,0.8186498945610245,-0.5741600096247653,-0.01154904256295997,0.0,-0.007918914294165302,0.00882230133346798,-0.9999297264286042,0.0,0.6609265086748682,0.25987289880681336,0.30379514138141533,1.0,-0.005920000000000004,-0.007780571428571435,-0.002960000000000002,0.2970000000000002
0.4644238470608364,0.5421282165231981,-0.12400280696462568,-1.3635478911098604,0.07906522607741846,1.8969726536250342,0.1586581301259346,-0.005669294666302274,-0.031862376042002934,0.00036830048816598247,-0.05476772684848015,-0.0039889950661952675,0.026648653887732594,-0.004953672729999899,0.5742512415176327,0.8186630532004868,0.0026577887656244166,0.0,0.8186289649420543,-0.574189833652929,-0.011549873970349157,0.0,-0.007929532467500278,0.008808441922885477,-0.9999297644663538,0.0,0.6608226763470826,0.25973557236747796,0.3037926539403529,1.0,-0.006260000000000004,-0.008227428571428578,-0.003130000000000002,0.3140000000000002
0.4643487263235421,0.5415925337348693,-0.12400591557226126,-1.3643804382247133,0.07901267334068413,1.897273197701418,0.15858862508677804,-0.0034335008024473103,-0.03752704214851481,-0.0007055010864957486,-0.05287400172881947,-0.0007311795530024871,0.022634995788005118,0.0001958619042113876,0.5742901987471215,0.8186357230645547,0.002658466996910399,0.0,0.818601664946771,-0.574228807487057,-0.011547194446061605,0.0,-0.007926530151607158,0.008807835681407791,-0.9999297936107139,0.0,0.6607279813581306,0.25960422798490196,0.3038012793084126,1.0,-0.006560000000000005,-0.008621714285714293,-0.0032800000000000025,0.32900000000000024
0.46426817840323004,0.5410162306937841,-0.12401195298953362,-1.3652995713859895,0.07896210535813222,1.8975954408309554,0.15854795847889397,-0.002042997684531754,-0.031240965577788472,-0.0017576023324609668,-0.05698430283394853,-0.0014586859000565394,0.021663034363829367,-0.003805554986993951,0.5743645104258003,0.8185836425191008,0.0026412619520814985,0.0,0.8185493235819102,-0.5743031251567675,-0.011561669428572154,0.0,-0.007947461494265728,0.008802785266220067,-0.9999296719406588,0.0,0.6606205556998713,0.2594596561695269,0.3037993271958257,1.0,-0.006880000000000005,-0.009042285714285723,-0.0034400000000000025,0.34500000000000025
0.46417577289206957,0.5403310076168943,-0.12401546056675855,-1.3663157421075627,0.07891229098094944,1.897978644203768,0.15846023666540524,-0.004003337513136944,-0.0406757403270323,0.0009947453248910748,-0.06349050795048547,-0.004343702852429208,0.02688737696629855,-0.006774127967883875,0.5744138089135609,0.8185488876578413,0.0026910118421107562,0.0,0.8185151426810502,-0.5743521735999837,-0.011545076180023409,0.0,-0.007904772955758255,0.008834455215305223,-0.9999297310139181,0.0,0.6605080511844674,0.25930289087239794,0.30383331085109067,1.0,-0.007220000000000005,-0.009489142857142866,-0.0036100000000000025,0.36200000000000027
0.46407157481097394,0.5396369843248828,-0.12401590584961397,-1.3673839473863496,0.07885219857501101,1.8983730776268002,0.15838754840021385,-0.0055765474066251045,-0.03985408107071883,0.0006572464594410929,-0.06909222172458326,-0.007013708920574441,0.023886466011360588,-0.004294174401482066,0.5744829839433253,0.8185002783313649,0.0027096922813501104,0.0,0.8184667386462078,-0.5744212373533379,-0.011540654596199885,0.0,-0.007889676106729193,0.008847873042309426,-0.9999297316079555,0.0,0.6603887449192307,0.25913316400170106,0.30384949605512523,1.0,-0.007560000000000006,-0.009936000000000009,-0.003780000000000003,0.3790000000000003
0.46397589329280353,0.53889991528925,-0.12402440172828838,-1.3685413460734654,0.07876946114303722,1.8988002001080935,0.15831241056796255,-0.006241474477007231,-0.04407677290162836,0.0008414289074250398,-0.06745303372444904,-0.007206882767520952,0.032338425268259564,-0.009646109651019388,0.5745476458505672,0.8184549059089944,0.0027049107709140015,0.0,0.8184214445028604,-0.5744860640474417,-0.011525983443445145,0.0,-0.007879715861279502,0.008836153757268053,-0.9999299137763225,0.0,0.6602571653403987,0.2589529417115478,0.3038565919070017,1.0,-0.007900000000000006,-0.010382857142857152,-0.003950000000000003,0.3960000000000003
0.46387663509259885,0.5381830945494781,-0.12402533012648756,-1.3696433966424029,0.07871695290375805,1.8992303522167928,0.15820866173347356,-0.005896337338640231,-0.04632173195037111,-0.00031695760391070197,-0.06824234443386526,-0.0016778845443929259,0.03382930045238542,-0.009925981049082443,0.5745915708465987,0.818423921720329,0.0027491760881047022,0.0,0.8183909459113525,-0.574529741102129,-0.01151447526596383,0.0,-0.007844389606386948,0.00886619195143494,-0.9999299256407838,0.0,0.6601357422553717,0.25878614738907507,0.3038756831051571,1.0,-0.008220000000000007,-0.010803428571428582,-0.004110000000000003,0.4120000000000003
0.4637745609075097,0.5374003073028288,-0.12403624081337496,-1.370874742116449,0.07865038444230626,1.8996992793093803,0.1581463919160387,-0.007384221665395287,-0.05018790838868301,0.0003482599176534376,-0.07662657543747217,0.00013454008545597915,0.024026773270124896,0.00018588409207247295,0.5746820160276679,0.8183603591546497,0.002765848849165124,0.0,0.8183275985415915,-0.5746201204372733,-0.011506761273864258,0.0,-0.007827515593898826,0.008876270109185083,-0.9999299684620798,0.0,0.6599974295350989,0.2585975916143682,0.30388336795277077,1.0,-0.008560000000000007,-0.011250285714285725,-0.004280000000000003,0.4290000000000003
0.463670742679037,0.5365889833318114,-0.12403566807905676,-1.3721537716481589,0.07856702535648685,1.9001648112738003,0.15803254273826525,-0.006077518903029447,-0.04624360059729219,0.0016024008154198455,-0.07526855110872455,-0.0005661211351256639,0.024609446238700535,-0.012732660651595413,0.5747299387535806,0.8183267192046132,0.002761347013322245,0.0,0.8182939208754633,-0.5746680749152678,-0.011506938456833133,0.0,-0.007829727969676847,0.00887314634452932,-0.999929978865455,0.0,0.6598396119951384,0.2583911276625887,0.30388902561744213,1.0,-0.008920000000000008,-0.011723428571428584,-0.004460000000000004,0.44700000000000034
0.4635597975867386,0.5357330841829313,-0.12405410283633395,-1.3735118013783467,0.07848244557402179,1.9006589413765675,0.15791896766228375,-0.0043152100239509245,-0.0502665543080365,-0.000751500945410013,-0.07803426271247951,-0.011041770563074746,0.03452130454189054,-0.0036058836815307067,0.5747802248156084,0.8182914454611749,0.002747789509382599,0.0,0.8182585446302513,-0.5747184809110018,-0.011505161456579168,0.0,-0.007835520643925786,0.008861512145018902,-0.9999300366619367,0.0,0.659698612116831,0.2582069526219405,0.30388843218573924,1.0,-0.009220000000000008,-0.012117714285714298,-0.004610000000000004,0.46200000000000035
0.46345049910175423,0.53490497755117,-0.12404787223280773,-1.3748024995285586,0.0784203106250953,1.901127989978759,0.15783760571196806,-0.006312213594457139,-0.05134392293665947,0.0007216170508103542,-0.077506297086048,-0.0008018794584692298,0.031297405375731814,-0.0057866577771765616,0.5748569425127283,0.8182375094395953,0.002760560126857903,0.0,0.8182046181222187,-0.5747949714029821,-0.011519142091654168,0.0,-0.007838788977761024,0.00888073282920368,-0.999929840524713,0.0,0.6595363209676606,0.2580032570963365,0.30389919797895626,1.0,-0.009560000000000008,-0.01256457142857144,-0.004780000000000004,0.47900000000000037
0.4633230255764182,0.5340140397499205,-0.12405395214806318,-1.3762558910668539,0.07833879974315666,1.9016536471982817,0.15773079495060496,-0.010262770277557986,-0.05137184431270044,-0.00040835371882143046,-0.08458750298379734,-0.0015324967882445132,0.021250951193873886,-0.0072423793369878284,0.5749359623733851,0.8181820932083717,0.0027291801269500983,0.0,0.8181487418288046,-0.574874022787909,-0.011543009520877848,0.0,-0.00787550056101366,0.008869537340738101,-0.9999296514246765,0.0,0.6593657235905384,0.2577773132221319,0.30388165353874996,1.0,-0.009900000000000008,-0.013011428571428584,-0.004950000000000004,0.4960000000000004
0.4632019175001003,0.5330899552509357,-0.12405622961327867,-1.3777228404797817,0.07824828725480867,1.9022004980180567,0.1576182010893741,-0.008122628557078487,-0.05364115707832904,-0.0006656505553862505,-0.08378046616930634,-0.0011643541439693623,0.037076393258513994,-0.009208355820465322,0.575000569045453,0.8181366908822271,0.0027290164698389628,0.0,0.8181033571539144,-0.5749386441235186,-0.011541204794692322,0.0,-0.007873417658251725,0.008868987615616525,-0.999929672703562,0.0,0.6591946859494349,0.2575566005107413,0.3038825489396419,1.0,-0.010240000000000008,-0.013458285714285726,-0.005120000000000004,0.5130000000000003
0.4630713878397107,0.5321515767074384,-0.12406205918953349,-1.3792285944965732,0.0781812248433982,1.90277754867742,0.15751781503718104,-0.004812410867037133,-0.05410959405794009,-0.0006771061297500931,-0.08811065893306647,-0.0033184216359437736,0.03758051571585626,-0.011565450524242212,0.5750938175126573,0.8180710897732516,0.0027459128047429863,0.0,0.8180378181097999,-0.5750316485673975,-0.01155327612528028,0.0,-0.007872565994616554,0.00889064936372752,-0.9999294870432374,0.0,0.6590225830588389,0.25732903482297836,0.303877649537464,1.0,-0.010580000000000008,-0.01390514285714287,-0.005290000000000004,0.5300000000000004
0.46294522306904273,0.5311863183326797,-0.1240517595321614,-1.380773237906563,0.07807788041332857,1.9033497279266192,0.15741812236588293,-0.005220769282699211,-0.05306225088030329,0.001296870317518875,-0.09527008320078686,-0.012497502231067457,0.03219112573027535,-0.0028736752159961724,0.5751647011844027,0.8180212933310851,0.0027344230843635523,0.0,0.8179878964509527,-0.575102587715487,-0.011556892484781763,0.0,-0.007881362086205879,0.00888401264418838,-0.9999294767387369,0.0,0.6588379437630433,0.2571033111477441,0.3038719673590811,1.0,-0.010920000000000008,-0.014352000000000012,-0.005460000000000004,0.5470000000000004
0.4628116083311858,0.5302299053925142,-0.1240571980778114,-1.3823069073076266,0.07797831736643544,1.903889404073022,0.15729420445742534,-0.009718620836853441,-0.06296487854400075,0.0006250798356492037,-0.09568370764274672,-0.004278613178789904,0.03485665019786458,-0.011175373211566154,0.5752330184287459,0.8179733800048662,0.002696481777644132,0.0,0.8179395205438847,-0.5751710545820435,-0.011573487142094215,0.0,-0.007916018536239744,0.008863181598565611,-0.9999293878382036,0.0,0.6586540251219809,0.256863162806436,0.30386276143937196,1.0,-0.011240000000000009,-0.014772571428571442,-0.005620000000000004,0.5630000000000004
0.46267439815437333,0.5291994005359135,-0.12406103441539156,-1.3839728922887908,0.07788204652321276,1.9044918470901875,0.1571767623723567,-0.015454817666182435,-0.05807656015165082,0.0007890087578215762,-0.09728344359868682,-0.004311864020443749,0.027646036636995542,-0.003270898192291994,0.5753164807396558,0.8179147733229953,0.002667858792937099,0.0,0.8178804868747347,-0.5752545397694523,-0.011596144419210433,0.0,-0.007950113016269467,0.008853613105377175,-0.9999292021128341,0.0,0.6584536256851219,0.25661164813263015,0.30384796912661644,1.0,-0.011580000000000009,-0.015219428571428585,-0.005790000000000004,0.5800000000000004
0.46253102187657885,0.5281369162966042,-0.12406902665186925,-1.3856560726661882,0.07776439029944389,1.9051173370912744,0.15705711502970368,-0.008379235089443113,-0.05868558740586261,-0.00035354856794286485,-0.0999781699618506,-0.01446260300053937,0.04040530151646772,-0.0073497971505780664,0.5754010754003812,0.8178552917472015,0.002659152194360019,0.0,0.817821049755267,-0.5753393281890911,-0.011581662977590355,0.0,-0.007942362431487882,0.008838982149077301,-0.9999293931441234,0.0,0.6582578630118706,0.2563501774139793,0.30384935902108107,1.0,-0.011920000000000009,-0.01566628571428573,-0.005960000000000004,0.5970000000000004
0.4623897010900083,0.5270124052835907,-0.12407486423241894,-1.3874038567084936,0.07766589176892691,1.9057925137151677,0.15694332266397484,-0.009632594936283483,-0.06826687802770168,0.0004505909695062269,-0.10302037556207314,-0.007246502515009517,0.03822293699376512,0.00030202419560504965,0.5754958910361773,0.8177884318961192,0.0027031386518895266,0.0,0.8177547519764735,-0.5754339764917406,-0.01156076208592556,0.0,-0.007898931753221261,0.008863846212037702,-0.999929517069822,0.0,0.6580559492335037,0.25609091661049654,0.30386767357600114,1.0,-0.012260000000000009,-0.01611314285714287,-0.006130000000000004,0.6140000000000004
0.46224896758737927,0.5259188780060126,-0.12407800726411577,-1.3890965378815108,0.07756298122486781,1.9064272962566722,0.1568069493935717,-0.006706427758184596,-0.07051049895179366,-2.955379090590303e-06,-0.1084562988901097,-0.0049264349826630425,0.03975651600128466,-0.01018673028555606,0.5755653112838599,0.8177394823275361,0.0027310054219864197,0.0,0.8177061791327254,-0.5755033139978003,-0.011545002681544576,0.0,-0.007869253352889294,0.00887823400449586,-0.9999296234298838,0.0,0.657857026147124,0.2558363378790246,0.3038865221958399,1.0,-0.01258000000000001,-0.0165337142857143,-0.006290000000000005,0.6300000000000004
0.4620934907053862,0.5247670425455909,-0.12408225737153564,-1.3909187393208104,0.07744227214674472,1.907094721031315,0.1566817401988109,-0.009908597121240658,-0.06844859082727162,0.00026357463338999625,-0.10889656183525216,-0.00417573945450334,0.042671384064054546,-0.00656873072651881,0.5756585723063128,0.8176738696458259,0.0027199135808279136,0.0,0.8176405015227752,-0.5755966883140018,-0.011541645149063827,0.0,-0.007871879959571781,0.00886812921187076,-0.9999296924235143,0.0,0.6576402373469226,0.2555562028898675,0.30388731185403545,1.0,-0.01292000000000001,-0.016980571428571446,-0.006460000000000005,0.6470000000000005
0.46194754264837423,0.5235752868198865,-0.12408854924887866,-1.3927990175977636,0.07732288848978783,1.9077668487479096,0.15654360502318612,-0.004268685697812764,-0.06955078127642704,-0.0001866024470430052,-0.11050629150726342,-0.009703597725186506,0.04297661517588229,-0.005618314257058569,0.5757380476949726,0.8176179761724316,0.002700440202383009,0.0,0.8175843787556655,-0.5756762433744176,-0.011549603033834666,0.0,-0.007888735669560998,0.008857554162949435,-0.9999296533175653,0.0,0.657409156257743,0.25527535321421146,0.3038886972045267,1.0,-0.01326000000000001,-0.017427428571428587,-0.006630000000000005,0.6640000000000005
0.4617885876811305,0.5223731518982603,-0.12408900440702739,-1.3947318154116641,0.07719994671663981,1.9084948287849126,0.15640818295704184,-0.005961264952309615,-0.07181753174548619,-6.599863685648148e-05,-0.1174069805579066,-0.010036355346162063,0.04236380896729194,-0.008886641550252266,0.5758281183146948,0.8175545735540651,0.0026915274839434565,0.0,0.8175209050742994,-0.5757663817952271,-0.011549470210337202,0.0,-0.007892783112188106,0.008851060093790275,-0.9999296788824503,0.0,0.6571787199034413,0.25498648393512224,0.3038767400057508,1.0,-0.01360000000000001,-0.01787428571428573,-0.006800000000000005,0.6810000000000005
0.4616268152675956,0.5211462834197428,-0.12409504189692233,-1.3967029688252155,0.07708873839275801,1.90927127555889,0.1562603075917517,-0.010383480035254187,-0.07548920344280248,0.0014586100200906452,-0.11959662777320067,-0.012958084382925294,0.03854255637181929,-0.008783089538096147,0.5759194974902622,0.817490119357492,0.002717363546829326,0.0,0.8174567820473786,-0.5758576608739351,-0.011537365329773223,0.0,-0.00786701900918041,0.008866091603466034,-0.999929748748175,0.0,0.6569502755341265,0.2546934607820348,0.303867995011343,1.0,-0.01394000000000001,-0.018321142857142873,-0.006970000000000005,0.6980000000000005
0.46146002340652903,0.5198810964896194,-0.1240956966890091,-1.3987237340457694,0.07696502852337055,1.9100220618854298,0.15610155974165546,-0.01132669472895107,-0.0687222561561265,0.0009354345735824482,-0.12339572216094197,-0.004354165731960098,0.04559899543702152,-0.007197691387450255,0.5760009128891903,0.8174327810158165,0.0027099396258699884,0.0,0.8173993386993574,-0.5759390803052492,-0.011543126621726192,0.0,-0.007875121580702749,0.008864124991685263,-0.9999297024032343,0.0,0.6567060554457613,0.2543912212502661,0.30385976801125447,1.0,-0.014280000000000011,-0.018768000000000017,-0.007140000000000006,0.7150000000000005
0.4612960225624817,0.5185258090460976,-0.12410473879986109,-1.4007948013005087,0.07682479697528057,1.9107626139014604,0.15595050430698795,-0.006164907631590979,-0.08271720348381124,0.0005555251319079148,-0.12408375599743024,-0.0017370432805863928,0.03945671154899983,-0.015848679441379673,0.5760897727878331,0.8173701221105294,0.0027210423534443293,0.0,0.817336931902378,-0.576028014937503,-0.01152443737349683,0.0,-0.007852485342490945,0.008863289562535584,-0.99992988782818,0.0,0.6564516373288539,0.25407785898106433,0.303889769659435,1.0,-0.014620000000000011,-0.019214857142857162,-0.007310000000000006,0.7320000000000005
0.46112451178357483,0.5172669413093894,-0.12411068773447616,-1.4027793671774451,0.07668983578317455,1.9114755386719133,0.1558097898032811,-0.009963969688584057,-0.07647382172155134,-5.540734515334234e-05,-0.12203900057348832,-0.005492849042848532,0.0388843711276549,-0.004579486359490107,0.5761876758514205,0.81730118130554,0.0026996545548871407,0.0,0.817267809369688,-0.5761260823961394,-0.01152440246417296,0.0,-0.007863717746213694,0.00884672976249784,-0.9999299462040916,0.0,0.6562098306260836,0.25376940345305293,0.3038904309063683,1.0,-0.01494000000000001,-0.01963542857142859,-0.007470000000000005,0.7480000000000006
0.4609335560319722,0.5159215862244538,-0.12411707201835236,-1.4049122072875793,0.07655473501880225,1.9122747542513527,0.15564299455428043,-0.014960852313520916,-0.07580333669873077,-0.0014079352426119912,-0.12581870681300258,-0.0035350022077838116,0.04259188806578114,-0.014024658777567669,0.5762882382770687,0.8172302675695003,0.0027024235426353132,0.0,0.817196992104416,-0.576226691446977,-0.011516208611064525,0.0,-0.007854336888069469,0.00884523826078136,-0.9999300331283978,0.0,0.6559567350402958,0.2534373157811201,0.3038883356233487,1.0,-0.015280000000000012,-0.020082285714285733,-0.007640000000000006,0.7650000000000006
0.4607638037878779,0.5146171172807555,-0.12412596994291442,-1.4069700847491686,0.07643086209369117,1.913055216304796,0.1554839422420128,-0.012105469206556897,-0.08220395337516943,-0.0001127291871404045,-0.1271939438057504,-0.0072121000429371685,0.04881359839801484,-0.013197268694153533,0.5763862441147253,0.8171610794959605,0.002722986141269968,0.0,0.8171281012832138,-0.5763246538010969,-0.011502452588218397,0.0,-0.007830183283959347,0.008855054428105066,-0.999930135679896,0.0,0.6556953083149317,0.2531052081899823,0.30389205247377804,1.0,-0.015620000000000012,-0.020529142857142878,-0.007810000000000006,0.7820000000000006
0.4605745120687234,0.5132444695758199,-0.12412639791573214,-1.4092229493250044,0.0762975292842163,1.9138555051562174,0.15531470632868713,-0.012916358161004988,-0.08197248573264636,-0.0005340328529973041,-0.13840503096490572,-0.010008007562451734,0.047060989771937546,-0.009886277014405743,0.5764946298141581,0.8170848396386026,0.0026558481515868617,0.0,0.81705088894215,-0.576433128533538,-0.01155162798433478,0.0,-0.007907893491670426,0.008829584588593717,-0.9999297493606824,0.0,0.6554108900758496,0.252760715106001,0.3038546553329992,1.0,-0.015960000000000012,-0.02097600000000002,-0.007980000000000006,0.7990000000000006
0.4603742879282919,0.511820570732589,-0.1241355369526428,-1.4115101044764897,0.07616136105156733,1.9146584278635366,0.15513316169658423,-0.009092850900495232,-0.08070575739750242,-0.001409012455119921,-0.13635956617126993,-0.004233489215074036,0.04839573974801246,-0.012941671820508644,0.5765820459963924,0.8170233357786435,0.002599986338537568,0.0,0.8169885766411857,-0.5765206265462143,-0.01159222609244797,0.0,-0.007972326970245691,0.008808198161154052,-0.9999294263335955,0.0,0.6551398662871377,0.25242898278408166,0.3038290399680256,1.0,-0.016280000000000013,-0.02139657142857145,-0.008140000000000007,0.8150000000000006
0.46016598663056,0.5102862562603344,-0.12413398178540601,-1.413974032988032,0.0760083713269909,1.9155949091343132,0.15494337921500534,-0.013651307446885865,-0.08304247701293346,-0.00021643953313810833,-0.13085166383617652,-0.01243871078685093,0.051664964033520965,-0.008815156157791928,0.5766835697077792,0.8169516786881006,0.0026003882393525225,0.0,0.8169169379135426,-0.5766221506812719,-0.011591324120828759,0.0,-0.007970263691821355,0.008808996970006575,-0.9999294357448755,0.0,0.6548404924717418,0.2520600252161203,0.30381165209960503,1.0,-0.016640000000000012,-0.021869714285714305,-0.008320000000000006,0.8330000000000006
0.4599751120358389,0.5088679409615898,-0.12413917134363998,-1.4162170493413981,0.07586682315423099,1.916419461913543,0.1547648743044032,-0.01284170542017182,-0.09198023856971671,0.0005376683659702505,-0.14194153137649654,-0.005419653524493891,0.05163795337388728,-0.010278497107439775,0.5767757663567046,0.8168866083792741,0.00259447402199664,0.0,0.8168518147042088,-0.5767143820020064,-0.011592295186598732,0.0,-0.00797347373017343,0.00880562528872808,-0.9999294398506071,0.0,0.6545639489734251,0.25171759864739945,0.3038081938493664,1.0,-0.016960000000000013,-0.022290285714285735,-0.008480000000000007,0.8490000000000006
0.4597731321001093,0.507384533814616,-0.12414198917887931,-1.4185771450786506,0.07571164138501661,1.9172605481037854,0.1545827530695155,-0.011772723131870262,-0.08486433917474373,-0.0009473172067592785,-0.13916285440314094,-0.015753370548267413,0.05606650606175818,-0.005931560331921816,0.576874166487505,0.8168172433143112,0.0025561621553546136,0.0,0.816781980400999,-0.5768129303687625,-0.011609769714853151,0.0,-0.00800878690463791,0.008785372560490265,-0.9999293357839291,0.0,0.6542665174929513,0.2513553010405234,0.303795422739337,1.0,-0.017300000000000013,-0.02273714285714288,-0.008650000000000007,0.8660000000000007
0.45954439744639136,0.5058245313329359,-0.12414762194770772,-1.4210030945134557,0.07556676881270293,1.9181561429663323,0.1543933443849264,-0.014977575747171932,-0.09250062545764674,-0.00022976456293444017,-0.14451727721924879,-0.006108163368441336,0.05493871665740991,-0.004812884757430643,0.5769965240940971,0.8167307389511097,0.0025803365890269,0.0,0.8166957535186463,-0.5769351506051236,-0.011602804922197885,0.0,-0.00798783434997391,0.008802297516260812,-0.9999293545350254,0.0,0.6539720461555301,0.2509724173609538,0.3038091424882067,1.0,-0.017640000000000013,-0.02318400000000002,-0.008820000000000007,0.8830000000000007
0.4593290431101742,0.5041935272394545,-0.1241518715332408,-1.423466305682441,0.07541681978786308,1.9191169247335098,0.15419759967973384,-0.010218025671593876,-0.09628363100108185,0.0007192390114987902,-0.14070509936122552,-0.009379084963268666,0.05481830744806081,-0.01678959008562244,0.5771020862392001,0.8166558093100285,0.0026866484238920975,0.0,0.8166222557927755,-0.5770404053417566,-0.011541613758414577,0.0,-0.007875372854419915,0.008854836758035847,-0.9999297827189629,0.0,0.6536791040949053,0.25059921755823295,0.30385971536099277,1.0,-0.017980000000000013,-0.023630857142857165,-0.008990000000000007,0.9000000000000007
0.4591073011091199,0.5026279537480858,-0.12415790677900411,-1.4258094785689528,0.07526140228229034,1.9200120991005114,0.15401426365479579,-0.01715704762664109,-0.10166632187796483,-0.00012425086841761092,-0.14490192245633488,-0.013795206215333821,0.05951041033156307,-0.014610161020263222,0.577215856197723,0.8165750962027326,0.002777501869683734,0.0,0.8165428598187818,-0.5771540298383918,-0.01147740482331858,0.0,-0.007769266133235808,0.008893060590817375,-0.9999302735576512,0.0,0.6534014241023156,0.2502289914575795,0.3039154490386358,1.0,-0.018300000000000014,-0.024051428571428595,-0.009150000000000007,0.9160000000000007
0.45888301185543584,0.5009185227170088,-0.12415611013074489,-1.4283598453992765,0.07509636919843306,1.920921554415336,0.15382329627170824,-0.011092967957475516,-0.09425937701165202,0.002165235009594585,-0.15017453227423094,-0.010507058112557387,0.05344180358714329,-0.009372264504145772,0.5773270453173229,0.8164962976032301,0.0028329572174027717,0.0,0.8164647750523275,-0.5772650285402624,-0.011450101500452869,0.0,-0.007713746866874094,0.008923634852702922,-0.9999304310052222,0.0,0.6530788804145019,0.2498386011741273,0.3039733392674155,1.0,-0.018640000000000014,-0.024498285714285736,-0.009320000000000007,0.9330000000000007
0.45864963320513386,0.49921675046114383,-0.12415333521888959,-1.4309535122855155,0.07493009215774296,1.921859322982752,0.1536116548680765,-0.009707534732409323,-0.10024423206880802,0.002406488152108631,-0.15449018703347853,-0.008492556005460576,0.05832569339328628,-0.0072268228757769015,0.5774296264611086,0.816423629705961,0.002868840172743135,0.0,0.8163925600644951,-0.5773674741350561,-0.011433922487638776,0.0,-0.007678697333619033,0.008944557574514803,-0.9999305138343638,0.0,0.6527523453581795,0.24943942786791745,0.30400709051906094,1.0,-0.018980000000000014,-0.02494514285714288,-0.009490000000000007,0.9500000000000007
0.4583921977081842,0.4975560839079735,-0.1241586249319858,-1.4335655608151587,0.0747661637099318,1.922844362795102,0.15340958636280974,-0.0097775603934385,-0.09440257632878456,0.0002486751106349938,-0.1553783421863711,-0.01110156969609674,0.05473821870208976,-0.012228854277207659,0.5775669316852997,0.8163264224982948,0.002891064850909452,0.0,0.8162956807269025,-0.5775047421651037,-0.01141846332167593,0.0,-0.007651736972152545,0.00895506298847265,-0.9999306264777479,0.0,0.6524362763473848,0.24902075098685467,0.3040072362568042,1.0,-0.019320000000000014,-0.025392000000000022,-0.009660000000000007,0.9670000000000007
0.45814054820904493,0.49596278475665484,-0.12415090884693562,-1.4361003144465827,0.07461286087618244,1.9237376591587587,0.15320848537331078,-0.012093043389158736,-0.09388365252067864,0.0018446407795402679,-0.15174984668893404,-0.01523474538468797,0.05146344322276084,-0.010254663204437648,0.5776891845156337,0.8162400487107168,0.002852345630742671,0.0,0.8162086578993436,-0.577626924236185,-0.01145906055509164,0.0,-0.007705900874593552,0.008948056824341688,-0.99993027325448,0.0,0.6521126666932335,0.24861747100291204,0.3039882718657253,1.0,-0.019640000000000015,-0.025812571428571452,-0.009820000000000008,0.9830000000000008
0.45786365561825854,0.49429955166658235,-0.12416083580797975,-1.4388465497641933,0.07444050628378845,1.9246795136188,0.15299236588606532,-0.011464625248776549,-0.10318471838639363,-0.0005848065405808955,-0.15824955613241748,-0.005147268376272552,0.05612249463070658,-0.013933516604703794,0.5778454596421972,0.8161298708945198,0.0027213058997712144,0.0,0.816096678334783,-0.5777834726713725,-0.011541976431748643,0.0,-0.00784757725231977,0.008890498551566303,-0.9999296848112736,0.0,0.6517351480440128,0.2481401596940134,0.30391886426579984,1.0,-0.019980000000000428,-0.02625942857142914,-0.009990000000001867,1.0010000000000006
0.45758364742307894,0.49224455273156253,-0.12422595072110679,-1.4419785456725243,0.07426186529608697,1.9258242906957925,0.1528641398279849,-0.01684096662567469,-0.1500148315829777,-0.005955168073389048,-0.21154330176222622,-0.006027461714613175,0.07390994816521432,-0.001887114896675325,0.5781167071184783,0.8159375686688451,0.002775587589969243,0.0,0.8159052153276483,-0.578054667293236,-0.011499048780594014,0.0,-0.007778214297907704,0.008912580201073494,-0.9999300302003611,0.0,0.6513754675738734,0.24764765324105026,0.3039624252761595,1.0,-0.029936571428570764,-0.039345208163264436,-0.05467498802742552,1.0169999999999988
