position_joint1,position_joint2,position_joint3,position_joint4,position_joint5,position_joint6,position_joint7,velocity_joint1,velocity_joint2,velocity_joint3,velocity_joint4,velocity_joint5,velocity_joint6,velocity_joint7,ee_T_00,ee_T_10,ee_T_20,ee_T_30,ee_T_01,ee_T_11,ee_T_21,ee_T_31,ee_T_02,ee_T_12,ee_T_22,ee_T_32,ee_T_03,ee_T_13,ee_T_23,ee_T_33,v_x,v_y,time
0.46503320487,0.547805394917,-0.123985188571,-1.35583655869,0.0795085457644,1.89409791371,0.15917716644,0.000174382724875,0.00110348022165,0.0017912956203,-0.00214478981902,0.000280456093189,9.7867392373e-05,-0.000133107281849,0.573853777861,0.818943764852,0.00192316031191,0.0,0.818900165388,-0.573795211263,-0.0119298600256,0.0,-0.00866655116405,0.00842103367354,-0.999926985876,0.0,0.661684407266,0.260866077719,0.303195213151,1.0,0.0,0.0,0.0
0.465034351002,0.547806629042,-0.123984989699,-1.35582947934,0.0795078236875,1.89409472238,0.159184251567,-0.000380796326341,0.00219243968491,-0.000136946922664,0.000313735187679,-0.000366592394236,0.000160756794578,0.00181339340568,0.573857904549,0.818940869119,0.00192488314689,0.0,0.818897301672,-0.57379933953,-0.0119278736859,0.0,-0.00866389337151,0.00842134835119,-0.999927006258,0.0,0.661685057541,0.260867442133,0.303197423117,1.0,-0.00028,-0.000368,0.015
0.465032220922,0.547796715993,-0.123985934193,-1.35583483193,0.0795039271619,1.89409685472,0.159173792647,-0.000994762090017,-3.7357222603e-05,-0.000643463499816,-0.000329661972943,-0.000338586705355,0.000112826398929,-0.00205584540774,0.57385100141,0.818945697415,0.00192866989213,0.0,0.818902216663,-0.573792457737,-0.0119214886037,0.0,-0.00865656222684,0.0084207123482,-0.999927075108,0.0,0.661685510398,0.260864495707,0.303202107326,1.0,-0.0006,-0.000788571428571,0.031
0.465032117305,0.547770915631,-0.12398735002,-1.35585959719,0.0795048574088,1.89410032781,0.159175964095,0.000385379163755,-0.00032393493665,0.000282280966236,-0.00182895092838,-0.00018329626304,-0.000495963024756,-0.000319883147618,0.573855430904,0.818942581135,0.00193394060441,0.0,0.818899147218,-0.573796843444,-0.0119212432423,0.0,-0.00865329129962,0.00842493469553,-0.999927067853,0.0,0.661681508857,0.260861394907,0.303208947859,1.0,-0.00094,-0.00123542857143,0.048
0.465039581554,0.547645068665,-0.123987481069,-1.35599346105,0.0795022696425,1.89412418544,0.159179930561,0.000887970078002,-0.00347754291919,-0.000130872626746,-0.00926487831668,3.80393353031e-05,0.00230322945855,1.45237136453e-06,0.573859223569,0.818939879893,0.00195231802656,0.0,0.818896603526,-0.573800479235,-0.0119209758293,0.0,-0.00864248788927,0.00843987102821,-0.999927035328,0.0,0.661657136141,0.260853226253,0.303236456613,1.0,-0.00128,-0.00168228571429,0.065
0.465025766122,0.547527386589,-0.123985591381,-1.35617266693,0.0795019985371,1.89416593464,0.159171622265,-0.000281512787001,-0.00806353752987,-0.000209209537761,-0.011196713211,2.22099999964e-05,0.000164355595466,-0.000951851137221,0.573872204735,0.818930806506,0.00194259840066,0.0,0.81888726403,-0.573813363369,-0.0119423502435,0.0,-0.00866543643105,0.00844431453263,-0.999926799203,0.0,0.661630666387,0.260828240534,0.303238089501,1.0,-0.0016,-0.00210285714286,0.081
0.465006048152,0.547362272594,-0.123988226773,-1.35638486581,0.0794985651934,1.89427061339,0.159165874853,-0.00014261643409,-0.00863079028219,-0.000855119700596,-0.0124128362693,0.000361650296379,0.0129365269702,0.0014824983629,0.573896595954,0.818913586293,0.00199555477415,0.0,0.818870700153,-0.573837498009,-0.011918439984,0.0,-0.00861521414114,0.00847421662593,-0.999926980203,0.0,0.661613196254,0.260797213789,0.303263222911,1.0,-0.00194,-0.00254971428571,0.098
0.464984214464,0.547168560081,-0.123985478804,-1.35660533365,0.0794970904971,1.8943834993,0.159155907416,-0.00185390083073,-0.00715774602083,0.00147222801244,-0.012121381674,6.8055288945e-05,0.00745101953981,-0.00171213492048,0.573907275263,0.818905905924,0.00207449857307,0.0,0.818863958183,-0.573847763666,-0.011887347267,0.0,-0.00854433702079,0.00852113125109,-0.999927189663,0.0,0.661592549987,0.260769549194,0.30330164307,1.0,-0.0023,-0.00302285714286,0.116
0.464961878585,0.546958206633,-0.123988210176,-1.3568853332,0.0794943344046,1.89452461579,0.159130602909,-0.00805779807435,-0.0136559747993,-0.000185194103064,-0.0230271998878,0.000454799223472,0.00400918873755,-0.00364324564274,0.57393109897,0.818889032713,0.00214304425959,0.0,0.818847932931,-0.573871264372,-0.011856709653,0.0,-0.00847966123981,0.00855992656857,-0.999927408866,0.0,0.661571511853,0.260730493296,0.303333271038,1.0,-0.00262,-0.00344342857143,0.132
0.464932393401,0.546725760584,-0.123983842462,-1.35723928348,0.0794854595861,1.89465357078,0.159075300217,-0.00104808835793,-0.0145005386986,0.00023144375862,-0.0208244534694,0.0090753323251,0.00725419244755,-0.0105698772166,0.573924341985,0.818893730334,0.00215754440586,0.0,0.81885268,-0.573864309693,-0.01186547168,0.0,-0.00847858587415,0.00857675917443,-0.999927273747,0.0,0.661529346359,0.260681873227,0.303340467406,1.0,-0.00296,-0.00389028571429,0.149
0.4649047928,0.546437648617,-0.123988552788,-1.35765227443,0.0794720999575,1.89480746968,0.158955168265,0.000676034541434,-0.0174581623132,-0.000531751837858,-0.0215357325552,-0.00263405206912,0.00814495184762,-0.00223298392763,0.573871393917,0.818930753943,0.00218869625995,0.0,0.818890024164,-0.573811158235,-0.0118587482728,0.0,-0.00845575812746,0.00859786347013,-0.999927285805,0.0,0.661481899891,0.260623938416,0.303361428055,1.0,-0.0033,-0.00433714285714,0.166
0.464867174884,0.546172020801,-0.123988177028,-1.35810300003,0.0794609464998,1.89496119576,0.158953357698,-0.000853819862867,-0.0160264901954,-0.000539244552327,-0.030258598041,-0.000100034516789,0.00875911289954,0.00129922472968,0.573922664386,0.818894873366,0.002169926231,0.0,0.818853734986,-0.573862330479,-0.0118883664965,0.0,-0.00849024691636,0.00860002075082,-0.999926975009,0.0,0.661426445601,0.26055788403,0.303348310643,1.0,-0.00362,-0.00475771428571,0.182
0.464813111383,0.545830623898,-0.123983515247,-1.35868037304,0.0794346632522,1.89515197541,0.158863456654,-0.00135422535872,-0.0201069211424,0.00569218689012,-0.0369681768429,-0.00460215240955,0.01558651465,-0.00998501208376,0.573915262356,0.818900146681,0.00213735850777,0.0,0.818858442468,-0.573854917986,-0.0119218791726,0.0,-0.00853645926529,0.00859250790421,-0.999926646145,0.0,0.661355404796,0.260469460571,0.303331592554,1.0,-0.00398,-0.00523085714286,0.2
0.464757169945,0.545543009778,-0.123986409086,-1.35917594452,0.0793508669802,1.89532371631,0.158771153163,-0.0067804800856,-0.0207164798672,0.00108353936593,-0.0379877028938,-0.0108730650725,0.0211823598164,-0.0065859100616,0.573892911584,0.818915968821,0.00207579958445,0.0,0.81887393743,-0.573833296166,-0.0118983070738,0.0,-0.00855271541322,0.00852833646544,-0.999927056608,0.0,0.661303327387,0.260373822926,0.303314198753,1.0,-0.00426,-0.00559885714286,0.214
0.464705243267,0.545157568301,-0.123988293441,-1.35987360294,0.0793093457906,1.89554347677,0.158726140082,-0.00200204246599,-0.0194294929026,0.00078841268042,-0.0394663861491,-0.000363000942568,0.0188715728254,-0.00198014886397,0.573927655785,0.818891817735,0.00199591413269,0.0,0.818848688695,-0.573868309056,-0.0119472082338,0.0,-0.00863824551208,0.00849134836987,-0.999926636168,0.0,0.661213258012,0.260268823512,0.303274069726,1.0,-0.0046,-0.00604571428571,0.231
0.464632459194,0.544726866569,-0.123988868681,-1.36058824964,0.0792969100067,1.89578309472,0.158640819563,-0.00391411658761,-0.0278168125963,0.000328918957158,-0.0454881849922,0.000422013365488,0.01211493529,-0.00310973955282,0.573954245341,0.81887323269,0.00197482681337,0.0,0.818829508536,-0.573894670096,-0.0119954361244,0.0,-0.00868956627523,0.00850204164799,-0.999926100632,0.0,0.661127858255,0.260155438823,0.303259589711,1.0,-0.00494,-0.00649257142857,0.248
0.464563170308,0.544305544176,-0.123999996877,-1.36129898852,0.0792704638458,1.89604567634,0.158520062285,-0.00206117075509,-0.0254019597634,0.000875504771258,-0.0455476458749,-0.00126271381953,0.0172098024589,-0.00789474067105,0.573951340451,0.818875311137,0.00195716789514,0.0,0.818831192135,-0.573891680332,-0.0120235158563,0.0,-0.00872272585528,0.0085036668854,-0.999925798099,0.0,0.661040591777,0.26003790372,0.30324264111,1.0,-0.00528,-0.00693942857143,0.265
0.464476722761,0.543705824612,-0.123992448506,-1.36226251831,0.079225899897,1.89638097763,0.158418939401,-0.00501485083091,-0.0313944104463,-0.00022405461197,-0.0445043696302,-0.00181458531916,0.0173324456476,-0.00520197785448,0.573976958966,0.818857390147,0.00194218424277,0.0,0.81881293036,-0.573917218874,-0.0120481474462,0.0,-0.00875123008304,0.00850580836662,-0.999925530825,0.0,0.660934044303,0.259894164033,0.303237161613,1.0,-0.00566,-0.00743885714286,0.284
0.464403233659,0.543191086863,-0.124000601752,-1.36306523805,0.0791827643356,1.89665239412,0.158309198667,-0.008575206523,-0.0327659009532,-0.000906469257671,-0.0512047055685,-0.00510027529997,0.0158834996866,-0.00601398930638,0.57398600169,0.818851080783,0.00192983544378,0.0,0.81880640839,-0.57392626419,-0.0120605038906,0.0,-0.00876834221665,0.00850288574196,-0.999925405772,0.0,0.66084025103,0.259763785977,0.303243024492,1.0,-0.00598,-0.00785942857143,0.3
0.464332036457,0.542626085251,-0.124002054068,-1.36397289944,0.0791297356656,1.89698267722,0.158187183608,-0.000275755073033,-0.0359865916973,-0.000597799369429,-0.0562786238036,-0.00959061274699,0.0194129849257,-0.00745804645142,0.573981746428,0.818854088161,0.00191936742374,0.0,0.818809250646,-0.573922027562,-0.0120691440174,0.0,-0.00878146974628,0.00849922779941,-0.99992532167,0.0,0.660733640514,0.259629406724,0.303239308931,1.0,-0.00632,-0.00830628571429,0.317
0.464245002179,0.542030807498,-0.124002291695,-1.36489742974,0.0790773714278,1.89732861502,0.158062189013,-0.00621642034901,-0.0323001337752,-8.13102025492e-05,-0.0576763327075,-0.00382437704665,0.0194902665276,-0.00600664482279,0.573988259102,0.81884948612,0.00193504406437,0.0,0.818804820366,-0.573928439107,-0.0120648179238,0.0,-0.00876886196534,0.00850965108116,-0.999925343662,0.0,0.660630717448,0.259484843927,0.303250219675,1.0,-0.00666,-0.00875314285714,0.334
0.464171897798,0.541425892521,-0.124010511357,-1.36581542292,0.0790205657912,1.89766651262,0.157944464762,-0.0038159249792,-0.0354647744461,-0.00121705997881,-0.0600459867068,-0.00518510806536,0.0212887836022,-0.00610015298498,0.573993239882,0.818845950702,0.00195358364125,0.0,0.818801573371,-0.57393338385,-0.0120499480532,0.0,-0.00874599268715,0.00851635004877,-0.999925486921,0.0,0.660526266887,0.259344505301,0.303270528568,1.0,-0.00698,-0.00917371428571,0.35
0.464081134628,0.540723679771,-0.12400873821,-1.36687625457,0.0789624082633,1.8980575662,0.157808572143,-0.00226039918693,-0.0409641873417,-1.72670136283e-05,-0.0658933038312,-0.00133805487334,0.0218561757419,-0.00873447296862,0.5740004538,0.818840820022,0.00198428942405,0.0,0.818796775098,-0.573940397592,-0.0120419268563,0.0,-0.00872172532089,0.00853696562443,-0.999925523089,0.0,0.660398574257,0.259175375249,0.303293773368,1.0,-0.00734,-0.00964685714286,0.368
0.463982789881,0.539958892681,-0.124014122084,-1.36804685841,0.0788868683133,1.89848347702,0.157656655459,-0.00649304829701,-0.0417193966722,-2.40521236177e-05,-0.0629328204678,-0.00456914302288,0.0184646935951,-0.0141919301725,0.574002760226,0.818839168468,0.00199858343666,0.0,0.818795359394,-0.573942690724,-0.0120288860789,0.0,-0.00870281827539,0.00854120909978,-0.999925651587,0.0,0.660269749749,0.259005722874,0.303316229693,1.0,-0.00768,-0.0100937142857,0.385
0.46388052947,0.539304014326,-0.12401221621,-1.36906777781,0.0788283240494,1.89887613788,0.157530426072,-0.00669442226483,-0.0440488041095,0.00050324096675,-0.0673654091698,-0.00231328582961,0.0208673874346,-0.00872130107351,0.574022716257,0.818825120571,0.00202238581765,0.0,0.818781597317,-0.573962518339,-0.0120195814459,0.0,-0.00868132871215,0.00855556980123,-0.999925715619,0.0,0.66015854978,0.258843898662,0.303326995505,1.0,-0.00798,-0.010488,0.4
0.463761623446,0.538489113051,-0.124015496966,-1.37032083095,0.0787629415375,1.89936256786,0.15737967105,-0.00833384702122,-0.0509837480853,-0.000396005829151,-0.0710945795927,-0.00599217072033,0.0271022645445,-0.00543521009366,0.57405081736,0.818805308221,0.00206717634514,0.0,0.818762317056,-0.573990374642,-0.0120027034083,0.0,-0.00864150431466,0.0085828530427,-0.999925826768,0.0,0.660022218972,0.258647892538,0.303348514356,1.0,-0.00834,-0.0109611428571,0.418
0.463671106046,0.537722542823,-0.124030372288,-1.37154319334,0.078688165564,1.89983631061,0.157236055645,-0.000513984143264,-0.046392997824,-0.000391613951004,-0.0723524386091,-0.00458895143965,0.0281635715914,-0.0103243362428,0.574065381669,0.818795074037,0.00207634381597,0.0,0.818752302132,-0.574004997751,-0.0119865429285,0.0,-0.00862285659391,0.00858123583589,-0.99992600163,0.0,0.659884748033,0.258464534501,0.303349632394,1.0,-0.00868,-0.011408,0.435
0.463553104905,0.53695098928,-0.124032923811,-1.37277201788,0.0786197895629,1.90028505441,0.157074748987,-0.00859736513838,-0.0500963352995,-0.00229619182473,-0.0829065294765,-0.0116241912718,0.0331813435539,-0.009317508628,0.574081090766,0.818784073226,0.00207112474404,0.0,0.818741168953,-0.574020662801,-0.0119968263063,0.0,-0.00863410814391,0.00858303147562,-0.999925889127,0.0,0.65974458274,0.258268844712,0.303348498695,1.0,-0.009,-0.0118285714286,0.451
0.463450597518,0.536090002816,-0.124039269508,-1.3740985469,0.0785396828207,1.9007805719,0.156918874151,-0.0073135209228,-0.0506209256375,0.000215739012851,-0.0834117415206,-0.0113222862265,0.0344728997619,-0.00894208360622,0.574093364351,0.81877540783,0.00209462234072,0.0,0.818732836697,-0.574032863097,-0.0119816985803,0.0,-0.00860810381488,0.00859371519505,-0.999926021568,0.0,0.659590681084,0.258072045779,0.30336800728,1.0,-0.00934,-0.0122754285714,0.468
0.463328752425,0.535197213174,-0.124041750109,-1.37551217301,0.0784694522911,1.90128406112,0.156744735851,-0.0061955694194,-0.0567325850221,-0.00272633896024,-0.0852076717772,-0.0002643554556,0.0255670479554,-0.00785058972988,0.574111013052,0.818763050985,0.00208756706007,0.0,0.818720216715,-0.574050368431,-0.0120053382517,0.0,-0.00863132491483,0.00860169587082,-0.999925752773,0.0,0.659422211805,0.257856965579,0.303368931406,1.0,-0.00968,-0.0127222857143,0.485
0.463208780681,0.534361311077,-0.124038218458,-1.3768965884,0.0783869100633,1.90178577697,0.156569783752,-0.00940472969161,-0.0572621751568,0.000888200177235,-0.0881403772511,-0.00487684904189,0.0355647002712,-0.00764758820399,0.574117291719,0.818758748929,0.00204775544467,0.0,0.818715325876,-0.574056745935,-0.0120338906527,0.0,-0.00867749249715,0.00858555877519,-0.999925491877,0.0,0.659257154539,0.257647242442,0.303343097645,1.0,-0.01,-0.0131428571429,0.501
0.463084202984,0.533435809171,-0.124046367026,-1.37837870645,0.0783006136802,1.9023282088,0.156380661271,-0.00854164347378,-0.0623422666472,-0.000706825038653,-0.0870045497372,-0.00230297898597,0.0360854035188,-0.00720425720252,0.574128151264,0.818751166735,0.00203464920483,0.0,0.818707552202,-0.574067639877,-0.012043077434,0.0,-0.0086924247893,0.00858021764858,-0.999925408026,0.0,0.65908356504,0.257419454043,0.303337693702,1.0,-0.01034,-0.0135897142857,0.518
0.462944510922,0.532431616782,-0.124043149534,-1.37999692019,0.0782207535627,1.90294864695,0.156182782988,-0.00611298753156,-0.0521044102284,3.57636476556e-05,-0.0882607926057,-0.00675377412077,0.0292679802791,-0.0110692503482,0.574145468179,0.818738989147,0.00204839472424,0.0,0.818695381548,-0.574084725294,-0.0120560075368,0.0,-0.00869493870575,0.0085990789508,-0.999925224145,0.0,0.658896450924,0.257179521577,0.303329223678,1.0,-0.0107,-0.0140628571429,0.536
0.462808173051,0.531460464497,-0.124041067088,-1.38156962592,0.0781283335191,1.90351858319,0.155983403796,-0.00948313855649,-0.0532378667303,0.00138290718865,-0.0942605250325,-0.00474569370516,0.037636087987,-0.0116706300836,0.574153297997,0.818733562776,0.00202249459796,0.0,0.818689536587,-0.5740925864,-0.01207856882,0.0,-0.0087281985734,0.0085909106899,-0.999925004589,0.0,0.658708632023,0.256940701415,0.3033145341,1.0,-0.01104,-0.0145097142857,0.553
0.462682857544,0.530495457818,-0.124043599049,-1.38311276139,0.0780316895548,1.90405545353,0.155786153014,-0.00333023516089,-0.0619943062496,7.84455207703e-05,-0.0976598624243,-0.00395127260375,0.0311744461295,-0.0152901830797,0.574153978091,0.818733176822,0.00198532462937,0.0,0.818688630436,-0.574093394211,-0.0121015709526,0.0,-0.00876836469368,0.00857369287554,-0.999924800958,0.0,0.658518979384,0.256707006126,0.303306641891,1.0,-0.01136,-0.0149302857143,0.569
0.462545131325,0.529450278092,-0.12404652372,-1.38474868828,0.0779346789529,1.90466331677,0.155561029866,-0.00880321015159,-0.0655158746255,0.000844319971869,-0.0968235533901,-0.00150478259979,0.0429734592771,-0.0162816881601,0.574147284779,0.818737835246,0.00199985440234,0.0,0.8186934555,-0.574086615551,-0.012096721364,0.0,-0.0087561224002,0.00858273268123,-0.999924830685,0.0,0.65832680032,0.256459712416,0.303317009456,1.0,-0.0117,-0.0153771428571,0.586
0.462411657144,0.528408069252,-0.124052442143,-1.38634259702,0.0778269651466,1.90528322409,0.155332157711,-0.00593410147693,-0.0663128886778,0.000532956065484,-0.101498559453,-0.00596281479981,0.0421809940442,-0.0204343552083,0.574130902704,0.818749200413,0.00204945953744,0.0,0.818705627577,-0.574070177734,-0.0120529379201,0.0,-0.00869196703106,0.00859803372386,-0.999925258969,0.0,0.658146510899,0.256217537545,0.303346142777,1.0,-0.01202,-0.0157977142857,0.602
0.462269970079,0.527288349566,-0.124053502402,-1.38808510802,0.0777271070933,1.90595371365,0.155084151257,-0.0128547681684,-0.0631903463379,-0.00112461883733,-0.105276379982,-0.000719772127337,0.0424508879168,-0.0289828104375,0.57411218039,0.818762221729,0.00209176930286,0.0,0.818719168812,-0.574051245362,-0.0120348335262,0.0,-0.00865305086076,0.00862208214314,-0.999925389422,0.0,0.657943644261,0.255960875081,0.303363124313,1.0,-0.01236,-0.0162445714286,0.619
0.462123226625,0.52611329238,-0.124056073287,-1.38989946244,0.0776089272374,1.90662434765,0.154845030383,-0.00804122804956,-0.0704317555252,0.00025615212016,-0.108844268862,-0.0120153397652,0.0342035288977,-0.0196669472081,0.574104389471,0.818767629413,0.00211327153918,0.0,0.81872492026,-0.5740434277,-0.0120164453867,0.0,-0.0086257329373,0.00862904825064,-0.999925565359,0.0,0.657727513281,0.255689316405,0.303384583859,1.0,-0.0127,-0.0166914285714,0.636
0.46196909923,0.524942629086,-0.124056357921,-1.39174167242,0.0774942363626,1.90729197234,0.154596799298,-0.00951958135776,-0.0686363090183,0.00062934416013,-0.11209017294,-0.00819845330979,0.0329066188054,-0.0165545870914,0.574095738841,0.818773707995,0.00210823183286,0.0,0.818730911267,-0.574034777571,-0.0120214797826,0.0,-0.00863283939484,0.00862772099779,-0.999925515483,0.0,0.657504716172,0.255411266813,0.303389074132,1.0,-0.01304,-0.0171382857143,0.653
0.461820798056,0.523900603422,-0.124062059733,-1.39341883767,0.0773931717892,1.90789609152,0.154367335755,-0.00850336344539,-0.0655989623022,-0.000605765364364,-0.114743739893,-0.00970361361483,0.0416655955957,-0.0180444951399,0.574099227539,0.818771315081,0.00208744829932,0.0,0.818728223085,-0.574038329724,-0.0120349338492,0.0,-0.00865574992949,0.00861846499534,-0.999925397244,0.0,0.657291069172,0.255135061074,0.303381414045,1.0,-0.01336,-0.0175588571429,0.669
0.461663485121,0.522662017249,-0.124068334427,-1.39533555003,0.0772782387054,1.90863513131,0.154112899556,-0.00618598308063,-0.0783039968418,0.00107879235453,-0.115898932262,-0.00711899048744,0.0432724257097,-0.010286696133,0.574086280084,0.818780275781,0.00213305239593,0.0,0.818737784047,-0.574025196833,-0.0120108815714,0.0,-0.00861001287339,0.00864185929632,-0.999925590205,0.0,0.657066422316,0.254847507618,0.303398838826,1.0,-0.0137,-0.0180057142857,0.686
0.461488557501,0.521442911323,-0.124066655793,-1.39732699416,0.0771587700277,1.90940312057,0.153839070355,-0.0137634165628,-0.0758311730783,0.00127350878758,-0.123586272815,-0.00648085470419,0.0442895365018,-0.0077372362037,0.574085428421,0.818780895235,0.00212447025519,0.0,0.818738294921,-0.57402438467,-0.0120148713907,0.0,-0.00861821534976,0.00863711403529,-0.999925560542,0.0,0.65684655202,0.254561447218,0.303373917469,1.0,-0.01402,-0.0184262857143,0.702
0.461303548969,0.519995769665,-0.124080699921,-1.39959933534,0.0770200937731,1.91023951587,0.153532782842,-0.0145580289538,-0.0747391916727,-3.09534161726e-07,-0.12220140338,-0.01257359883,0.0461465966922,-0.0191304114455,0.574079819958,0.818784813394,0.00212992335373,0.0,0.818742313532,-0.574018783439,-0.0120086298792,0.0,-0.00861003353222,0.00863793676029,-0.99992562392,0.0,0.656573035532,0.254215405608,0.303381666566,1.0,-0.0144,-0.0189257142857,0.721
0.461155462964,0.518807900667,-0.124082027178,-1.40143361954,0.0769008865225,1.91088873655,0.15328694864,-0.0163682675101,-0.0794380192297,-0.000181756904731,-0.123541541521,-0.00227681568751,0.0412507432996,-0.0185578003367,0.574065805088,0.818794641685,0.00212910284822,0.0,0.818752135145,-0.574004777821,-0.012008460994,0.0,-0.00861051408853,0.00863702062074,-0.999925627695,0.0,0.656344732114,0.25394013779,0.303398797468,1.0,-0.0147,-0.01932,0.736
0.460979595429,0.517465805388,-0.124088163212,-1.40355575941,0.0767654353476,1.91164389803,0.152991207616,-0.0109887589839,-0.0822972870926,-0.000549368592089,-0.129487195091,-0.00489950155254,0.0441923242933,-0.0180088423478,0.574047768851,0.818807352653,0.00210362037929,0.0,0.818764514698,-0.573986852024,-0.0120212343567,0.0,-0.00863579090562,0.00862329850549,-0.999925528146,0.0,0.656081895432,0.253616302632,0.303396177059,1.0,-0.01504,-0.0197668571429,0.753
0.460797524579,0.51612152524,-0.124088337452,-1.40571086976,0.0766222067432,1.91244837101,0.152697261268,-0.00873787825675,-0.0777076795007,-0.00135914302091,-0.128129751295,-0.00757237195061,0.051331798586,-0.0214805600664,0.574024963203,0.818823354937,0.0020980777873,0.0,0.818780525133,-0.57396415294,-0.0120145621503,0.0,-0.00863374887447,0.00861468968816,-0.999925619985,0.0,0.655806632401,0.253269824813,0.303389744606,1.0,-0.0154,-0.02024,0.771
0.460606654099,0.514739749092,-0.124098930263,-1.40791295586,0.0764875639099,1.91327135603,0.152402989196,-0.0140795861238,-0.0831077830395,-0.0006774169074,-0.135035150471,-0.00755478229024,0.0568344842867,-0.0147674560489,0.574034318509,0.818816822358,0.00208794130834,0.0,0.818773879879,-0.573973569316,-0.0120175811599,0.0,-0.00864194087667,0.00860822155219,-0.999925604922,0.0,0.655556966241,0.252949667905,0.303375476963,1.0,-0.01572,-0.0206605714286,0.787
0.460416927471,0.513343101832,-0.124097892469,-1.41017371325,0.0763615856227,1.91405043852,0.152079514375,-0.0107657120122,-0.0785902405251,0.000615163052758,-0.132728904468,-0.00732906282401,0.0509039224794,-0.0237127705254,0.574008693935,0.818834947811,0.00202347035108,0.0,0.81879090908,-0.573947971558,-0.012079737304,0.0,-0.0087301124431,0.00859083876148,-0.9999249885,0.0,0.655266322168,0.25260853608,0.30334579174,1.0,-0.01606,-0.0211074285714,0.804
0.460224433028,0.511906532348,-0.124106617227,-1.41245179242,0.0762120015255,1.91486615275,0.151766922237,-0.0123578682845,-0.0767470994991,6.55150002987e-06,-0.137915463666,-0.00994072900846,0.0492023322918,-0.0195572719843,0.573995293114,0.818844414052,0.00199398081355,0.0,0.818800039946,-0.573934749452,-0.0120890387585,0.0,-0.008754795537,0.00857188795086,-0.999924935329,0.0,0.654983232358,0.25225711153,0.303338792809,1.0,-0.0164,-0.0215542857143,0.821
0.460032425976,0.510532688359,-0.124108932141,-1.41464307121,0.0760865683415,1.91571217961,0.151448492289,-0.0151362753975,-0.0874231670241,0.000372155209795,-0.138816994746,-0.00486896547705,0.0618536679394,-0.0206672126723,0.573974422493,0.818858979855,0.00201998399947,0.0,0.818814887118,-0.573913711237,-0.0120822013313,0.0,-0.00873449070882,0.0085890328676,-0.999924965778,0.0,0.65472150838,0.251925134092,0.30333121188,1.0,-0.01672,-0.0219748571429,0.837
0.459833197788,0.509045280762,-0.124117769565,-1.41701330983,0.0759426036013,1.91657328766,0.151118439141,-0.010704396237,-0.0842581860314,-0.00152523476166,-0.143714719132,-0.00796321383544,0.0565307653171,-0.019180501233,0.573958119569,0.818870457031,0.00199962103521,0.0,0.818826055965,-0.573897457445,-0.012097326654,0.0,-0.00875873461084,0.00858086587209,-0.999924823829,0.0,0.654426448216,0.251563058037,0.30331897986,1.0,-0.01706,-0.0224217142857,0.854
0.459637791005,0.507620604903,-0.124115564479,-1.41924730657,0.0757997291262,1.91735910751,0.150798657434,-0.00669540581435,-0.0912112004484,0.000939311683951,-0.13973639181,-0.00184635105566,0.0441151683008,-0.0279378587667,0.573931722436,0.818889010311,0.00197830105454,0.0,0.818844267924,-0.573871095757,-0.0121151658727,0.0,-0.00878585555224,0.00857336355944,-0.999924650251,0.0,0.654142823461,0.251220474188,0.303320290896,1.0,-0.01738,-0.0228422857143,0.87
0.45943053298,0.50614053829,-0.124120144999,-1.4215364692,0.0756469671014,1.91821965919,0.150499979299,-0.0100739325319,-0.09548463355,-0.000925160602526,-0.145090791641,-0.00764003635441,0.0535720626891,-0.0135266501379,0.573940718039,0.818882647745,0.00200207400174,0.0,0.818838319238,-0.573880087122,-0.012091296552,0.0,-0.0087525710467,0.00857922751234,-0.999924891857,0.0,0.653846158954,0.250837617488,0.303334795578,1.0,-0.01772,-0.0232891428571,0.887
0.459210013595,0.504508829422,-0.124125233479,-1.42401986925,0.0754943806276,1.91917732987,0.150147103687,-0.0152209611735,-0.103235260132,0.000106375386079,-0.145623514916,-0.0123336149233,0.0554841182202,-0.0242118846145,0.57391953199,0.818897247738,0.00210127290315,0.0,0.818854285062,-0.573858547423,-0.0120322186691,0.0,-0.00864748382723,0.00862632771173,-0.999925400964,0.0,0.6535695689,0.250483835702,0.303381629319,1.0,-0.01804,-0.0237097142857,0.903
0.458977575468,0.502831811907,-0.124133756583,-1.42649562302,0.0753409669204,1.92011582552,0.149815509106,-0.0185660267916,-0.105148479949,-0.0018983295394,-0.144713695596,-0.00461100251374,0.059399484236,-0.0185713086974,0.573930182243,0.818889474742,0.00221832561155,0.0,0.818848108443,-0.573868779258,-0.011964380181,0.0,-0.00852464131709,0.00868335781018,-0.999925962153,0.0,0.65327451273,0.250094212765,0.303456017347,1.0,-0.01838,-0.0241565714286,0.92
0.458719974953,0.500941760088,-0.124132042716,-1.4293600946,0.0751507726296,1.92111602427,0.149410215989,-0.0122954452825,-0.0986696475807,0.00120150378115,-0.145298826689,-0.00610322297506,0.0470822407989,-0.0191566408449,0.573902527101,0.818908806507,0.00223671961761,0.0,0.818867666813,-0.573841039116,-0.0119562943671,0.0,-0.00850775704149,0.00869349230328,-0.999926017894,0.0,0.652908542579,0.249649373823,0.303498453741,1.0,-0.01876,-0.024656,0.939
0.458487169237,0.499329625298,-0.124130573046,-1.43180640753,0.0749988392547,1.92201244962,0.149064257731,-0.014857344275,-0.0997542965931,0.000902226249618,-0.156766601004,-0.0085078406683,0.0535367972625,-0.0291324737693,0.573892336119,0.81891579965,0.00229053016528,0.0,0.818875322221,-0.573830591734,-0.0119333796146,0.0,-0.00845821967642,0.0087243017018,-0.999926169814,0.0,0.652605903138,0.24926566161,0.303536336093,1.0,-0.01908,-0.0250765714286,0.955
0.458234435073,0.497663504191,-0.124135326618,-1.43445039914,0.0748419270935,1.92300008204,0.148672464246,-0.0106833477128,-0.102272399354,0.000811094495553,-0.152536365059,-0.0116930616863,0.0549248136181,-0.0204833662418,0.573874036232,0.81892859798,0.00229975008389,0.0,0.818888168263,-0.573812182379,-0.0119370906645,0.0,-0.00845616311459,0.00873379268672,-0.999926104355,0.0,0.652280690376,0.248848023056,0.303525423581,1.0,-0.01942,-0.0255234285714,0.972
0.457967010939,0.495992105847,-0.124130871321,-1.43713217782,0.0746729482825,1.92394084597,0.148265859967,-0.0165388083359,-0.0978103710608,0.000926755854042,-0.156572990914,-0.00945967402634,0.0575162840543,-0.0322654303372,0.573846610163,0.818947980087,0.00224071796819,0.0,0.818906646238,-0.573784861318,-0.0119826779359,0.0,-0.00852766402693,0.00871132567066,-0.999925693115,0.0,0.651938062202,0.248416938719,0.303495230317,1.0,-0.01976,-0.0259702857143,0.989
0.457691533779,0.494328896148,-0.124140808703,-1.4398767948,0.0745030037202,1.92489347967,0.147888466343,-0.0170779998325,-0.0957323323024,-0.00397901820377,-0.166427076069,-0.00996111217551,0.0573938566492,-0.024002989599,0.573862494484,0.818937148571,0.00212861857215,0.0,0.818894223297,-0.573801081807,-0.0120547280528,0.0,-0.00865082753415,0.00866103651484,-0.999925072008,0.0,0.651586336863,0.247965433859,0.303430381612,1.0,-0.0232828571429,-0.0306003265306,1.006
0.457383922037,0.491936891476,-0.124216833952,-1.44344947277,0.074302864057,1.92623363473,0.147367371687,-0.0192107423022,-0.157578531878,-7.55648139677e-05,-0.235888840858,-0.0164933114331,0.0861732665832,-0.033218041304,0.573868038513,0.8189329116,0.00225999401116,0.0,0.818891857082,-0.573806236692,-0.0119697969467,0.0,-0.00850582576987,0.00871994247393,-0.999925804013,0.0,0.651152991854,0.247387015354,0.303513144683,1.0,-0.0345125714286,-0.0453593795918,1.023
0.457048837911,0.489371760975,-0.124235744652,-1.44753233928,0.0740934404184,1.92778825488,0.146753642022,-0.0266213610809,-0.199749561003,0.000828486214247,-0.317802518052,-0.0167382407592,0.119212496488,-0.04778291292,0.573788128307,0.818988765578,0.00230923599008,0.0,0.818948003536,-0.573725776122,-0.0119853335054,0.0,-0.0084911487629,0.00876835510098,-0.999925505396,0.0,0.650589780228,0.246729912969,0.303487822547,1.0,-0.0444211428571,-0.0583820734694,1.038
0.456413991562,0.485060770931,-0.124313492838,-1.45432566447,0.0737006973362,1.93034310245,0.14572234123,-0.0401047094772,-0.260383506725,-0.00785433431028,-0.404285114798,-0.0279203849358,0.145692164755,-0.0606337223072,0.573765060801,0.819004768179,0.00236465759213,0.0,0.818964767851,-0.573702528003,-0.0119526266429,0.0,-0.00843281053207,0.00879474013449,-0.999925767371,0.0,0.649793052603,0.245682355596,0.303474629593,1.0,-0.0556508571429,-0.0731411265306,1.055
0.455552565827,0.479364062448,-0.124476759273,-1.46337713501,0.0731554823151,1.93345877186,0.144363443588,-0.0548634708316,-0.325200455432,-0.0090223828725,-0.511844479597,-0.0350180857895,0.172279148023,-0.0760045189227,0.573771241868,0.819001046168,0.00214366094719,0.0,0.818958118884,-0.573709577965,-0.0120692404622,0.0,-0.00865504838421,0.00868071875599,-0.999924864807,0.0,0.648617963657,0.244154220144,0.303392478405,1.0,-0.0682017142857,-0.0896365387755,1.074
0.454641522561,0.473607768312,-0.124605731971,-1.47234757696,0.0726116608704,1.93663381951,0.14307615575,-0.0590642594334,-0.374448955736,-0.001861974844,-0.588006496424,-0.0449171045301,0.199946188153,-0.0848494519106,0.573843222339,0.81895073204,0.0020979914467,0.0,0.818907200461,-0.57378173739,-0.0120938733439,0.0,-0.0087006647656,0.00865821424988,-0.999924664042,0.0,0.647466387196,0.242630147104,0.303386330785,1.0,-0.0787708571429,-0.103527412245,1.09
0.453594065298,0.467018303756,-0.124718822483,-1.48232267895,0.0720275205297,1.94035136667,0.14150628366,-0.0698642841703,-0.436583979039,-0.00544935047065,-0.647952065543,-0.0448879913001,0.246187243602,-0.1101015875,0.57381672339,0.818968518725,0.00238331640027,0.0,0.818928717943,-0.573754063628,-0.0119489037468,0.0,-0.00841850061453,0.00880841662951,-0.999925767567,0.0,0.64621215348,0.240950905462,0.303515117878,1.0,-0.08934,-0.117418285714,1.106
0.452179261367,0.458760662762,-0.124777791536,-1.49516789035,0.071212542458,1.94486722412,0.139519111932,-0.0842672816959,-0.487103849832,-0.00997265175744,-0.747779456283,-0.0452353006006,0.257968781692,-0.114957185227,0.573770902805,0.819000801546,0.00232057392126,0.0,0.818959776759,-0.573708082137,-0.012027777948,0.0,-0.00851959179494,0.00880181517468,-0.999924969488,0.0,0.644510479726,0.238770438311,0.303483691479,1.0,-0.101230285714,-0.133045518367,1.124
0.450834395909,0.451058328881,-0.124918207526,-1.50697325724,0.0704092345002,1.94895128094,0.137658377318,-0.0898181119197,-0.537941408345,-0.0072223092511,-0.785374440251,-0.056038613443,0.294910970905,-0.133995872112,0.573772637789,0.818999746043,0.00226340607825,0.0,0.818958311746,-0.57371039943,-0.012016992554,0.0,-0.00854353873427,0.00874882517861,-0.999925230207,0.0,0.64294259375,0.236679934735,0.303514504526,1.0,-0.111138857143,-0.146068212245,1.139
0.449058648967,0.440938126618,-0.125043359173,-1.52235149598,0.0693951422317,1.95445959702,0.135288904396,-0.103634252067,-0.580857692907,-0.00464435667591,-0.898771814486,-0.0530627480455,0.311743794958,-0.146740588031,0.573792290395,0.81898544564,0.00244830849828,0.0,0.818946615313,-0.573729507125,-0.0119012950236,0.0,-0.00834248119918,0.00883407537148,-0.999926178335,0.0,0.640894278587,0.234000171582,0.303607045682,1.0,-0.123029142857,-0.161695444898,1.157
0.447368801943,0.431764210391,-0.125136152084,-1.53613679042,0.0684695860261,1.95929669601,0.13300359377,-0.113889828458,-0.625618564335,-0.00972376625782,-0.933931596973,-0.0592502920538,0.340470925528,-0.158037570353,0.573722885056,0.81903352643,0.00262309881606,0.0,0.818996995545,-0.573659471659,-0.0118101128974,0.0,-0.0081682701975,0.00892421391249,-0.999926816206,0.0,0.639024135128,0.231545809986,0.303728737079,1.0,-0.132937714286,-0.174718138775,1.172
0.445244625224,0.4207494219,-0.125268716573,-1.55287493993,0.0672689457382,1.96507720167,0.130235072167,-0.133975546117,-0.668113602216,-0.00732543681174,-1.01829309959,-0.0726204186517,0.340942792623,-0.15953993692,0.573674000885,0.819067805444,0.00261107175115,0.0,0.819031555039,-0.573611115211,-0.0117621110839,0.0,-0.00813638338439,0.00888633857057,-0.999927413492,0.0,0.636710135915,0.228498213583,0.303757792065,1.0,-0.144167428571,-0.189477191837,1.189
0.442581345253,0.407509135024,-0.125424578221,-1.57272031578,0.0658748915223,1.97205106346,0.126943550383,-0.148167373414,-0.705894385711,-0.00662343192154,-1.08046024818,-0.070931800881,0.366209072951,-0.175689110504,0.573708245034,0.819042942954,0.00287299118583,0.0,0.819010504618,-0.573644909358,-0.0115783502058,0.0,-0.00783524011141,0.00899577813446,-0.999928839962,0.0,0.633961024123,0.22482287716,0.303885416824,1.0,-0.156718285714,-0.205972604082,1.208
0.440238724669,0.396365498295,-0.125542200923,-1.58937774959,0.0647605154907,1.97770198515,0.12412307443,-0.161468375418,-0.755701390932,-0.0101740613767,-1.13151071955,-0.0797646854228,0.3864250707,-0.194047293699,0.573767015952,0.81900128085,0.00301002878752,0.0,0.818970050119,-0.573702565664,-0.011583180028,0.0,-0.00775992744376,0.00911134548851,-0.99992838089,0.0,0.631412471075,0.221472509245,0.303972322736,1.0,-0.167287428571,-0.219863477551,1.224
0.437177763941,0.382390668668,-0.125692405459,-1.61043667102,0.0631750846352,1.98469752563,0.120401882773,-0.177831035952,-0.812883458428,-0.00983723228953,-1.17453634828,-0.0981659480611,0.383608966343,-0.217362115298,0.573694194382,0.819052852451,0.00285361618191,0.0,0.819019790779,-0.573630498943,-0.0116352866518,0.0,-0.00789314541454,0.00901243804775,-0.999928234533,0.0,0.628487159181,0.217644107872,0.303925355739,1.0,-0.178517142857,-0.234622530612,1.241
0.434389158668,0.370080764759,-0.125825074873,-1.62878906297,0.0617946303422,1.9908484195,0.117145250611,-0.199056836482,-0.831557594924,-0.00658866702799,-1.23651346617,-0.0928057914843,0.40818847671,-0.215004887063,0.573696615843,0.819051022541,0.00289177208053,0.0,0.819018650166,-0.573633015867,-0.0115914058402,0.0,-0.00783528771992,0.00901853920419,-0.999928634562,0.0,0.625769217626,0.214067723781,0.30394529032,1.0,-0.188425714286,-0.24764522449,1.256
0.431119726191,0.356389537812,-0.126000665452,-1.64900220232,0.0602217106401,1.99749799228,0.113488394657,-0.211585666434,-0.849500040874,-0.0121402688916,-1.28441442974,-0.101873911904,0.403412902577,-0.242849185425,0.573776558521,0.818994902054,0.00292544070504,0.0,0.818963382069,-0.57371332032,-0.0115217975009,0.0,-0.00775807848248,0.00900693954336,-0.999929341133,0.0,0.622732217151,0.209997055792,0.303999924725,1.0,-0.198994857143,-0.261536097959,1.272
0.426608048397,0.338472278601,-0.126227968841,-1.67529698557,0.0582542860304,2.00602408883,0.108505276842,-0.234560914936,-0.899820174438,-0.00384456183146,-1.33853013336,-0.0993124887836,0.435625328906,-0.255460561144,0.573883510416,0.818919599728,0.00302531882418,0.0,0.818888893601,-0.573819380309,-0.0115345403065,0.0,-0.00771002299976,0.00909705761341,-0.999928897016,0.0,0.618694603089,0.204587574619,0.304057903836,1.0,-0.212206285714,-0.278899689796,1.292
0.423042533497,0.324464105691,-0.126345315735,-1.69571512962,0.056588373657,2.01261802945,0.104519387856,-0.242194146481,-0.951696549776,-0.00566353760865,-1.36660770044,-0.128302380004,0.452352195593,-0.265982996704,0.573788843746,0.818985620789,0.00310847776465,0.0,0.818956317251,-0.573724857571,-0.0114492419313,0.0,-0.0075934997463,0.00911533029029,-0.999929622281,0.0,0.615473758458,0.200396896132,0.304103339452,1.0,-0.222114857143,-0.291922383673,1.307
0.418451504939,0.307044395615,-0.126498708979,-1.72086800655,0.0545266478406,2.02057186666,0.0994538801376,-0.262289890092,-0.988818090777,-0.0172047955612,-1.41024998831,-0.127036761842,0.469779980451,-0.287084218041,0.573661528181,0.819074344663,0.00322736753119,0.0,0.819046653059,-0.573597300413,-0.0113782236695,0.0,-0.0074685455848,0.00917079031895,-0.99993005627,0.0,0.611410210081,0.195141975651,0.30417882572,1.0,-0.234005142857,-0.307549616327,1.325
0.413707182104,0.289995645828,-0.12664365061,-1.74531448514,0.0524793939445,2.02807342478,0.0944115216361,-0.286023577039,-1.04803388649,-0.0125106192996,-1.43575683641,-0.118719447382,0.470619609972,-0.311660790316,0.573599396397,0.819117732297,0.003258832654,0.0,0.819090269571,-0.573534867871,-0.0113856282447,0.0,-0.00745725940833,0.00920024473906,-0.99992986993,0.0,0.607358614385,0.189897599288,0.304230509175,1.0,-0.245234857143,-0.322308669388,1.342
0.408872714673,0.273562554972,-0.126776819534,-1.7688935621,0.0505241383222,2.0351354507,0.0893433604103,-0.31255332952,-1.04730651068,-0.00819784419867,-1.45556027577,-0.12426438748,0.434449658868,-0.325039991173,0.573536082368,0.819162393445,0.00317526217997,0.0,0.819132958357,-0.573470725022,-0.0115443049965,0.0,-0.00763588762163,0.00922221492063,-0.999928319417,0.0,0.603353948542,0.184731249967,0.304185337159,1.0,-0.255804,-0.336199542857,1.358
0.403275488245,0.255483407348,-0.127021613895,-1.79445344476,0.0482398682222,2.04279896158,0.083716867533,-0.334002130506,-1.06135418058,-0.0150248466806,-1.48889524292,-0.121680495487,0.452468544665,-0.33069528574,0.573614058831,0.819107586871,0.00322793167111,0.0,0.819079284427,-0.573549078066,-0.0114598330119,0.0,-0.00753560401402,0.00921763075879,-0.999929122466,0.0,0.598989630579,0.178899469398,0.304222050327,1.0,-0.267033714286,-0.350958595918,1.375
0.397249043412,0.236819100259,-0.127240324589,-1.82060303825,0.0459012397371,2.05034087778,0.0777185618005,-0.359057099125,-1.08590307184,-0.00900240107613,-1.51001207607,-0.120266003325,0.437855339687,-0.35607037599,0.573654204601,0.81907949679,0.00322154987495,0.0,0.819050765449,-0.573588814916,-0.0115092102989,0.0,-0.00757925912935,0.00924109769038,-0.999928575922,0.0,0.594382569032,0.172831738475,0.304244580248,1.0,-0.278263428571,-0.36571764898,1.392
0.391276829438,0.218846808218,-0.127404471331,-1.84562889632,0.0436169934319,2.05747301514,0.0717342291532,-0.376766608861,-1.10447594686,-0.0108627974324,-1.5540987411,-0.136248521085,0.438528143459,-0.384034680828,0.57354944564,0.819152768612,0.0032437604588,0.0,0.8191238887,-0.57348346899,-0.0115547677234,0.0,-0.00760502339107,0.00928445105773,-0.9999279787,0.0,0.58986140064,0.166994683573,0.304235417247,1.0,-0.288832571429,-0.379608522449,1.408
