position_joint1,position_joint2,position_joint3,position_joint4,position_joint5,position_joint6,position_joint7,velocity_joint1,velocity_joint2,velocity_joint3,velocity_joint4,velocity_joint5,velocity_joint6,velocity_joint7,ee_T_00,ee_T_10,ee_T_20,ee_T_30,ee_T_01,ee_T_11,ee_T_21,ee_T_31,ee_T_02,ee_T_12,ee_T_22,ee_T_32,ee_T_03,ee_T_13,ee_T_23,ee_T_33,v_x,v_y,time
0.465090381903,0.547876475032,-0.123979598227,-1.35586934328,0.0794789722373,1.89409469619,0.159160635746,0.000901762922579,-0.000774994313842,-0.000602288971467,-0.00101822679398,-0.000111082185792,0.000144326221673,-0.00135304223994,0.573783553859,0.818993212078,0.00181625794255,0.0,0.818948415687,-0.573725637974,-0.0119637651541,0.0,-0.00875637729265,0.00835219405777,-0.999926780675,0.0,0.661659806814,0.260897282396,0.303128738063,1.0,0.0,0.0,0.0
0.465088455854,0.547873323654,-0.123978617622,-1.35586407813,0.0794757617516,1.89409867144,0.159164291736,0.001555215259,-0.00103462985052,0.000359577448249,0.000572425058917,-5.49632980325e-05,0.000301799201331,-0.00106236065061,0.573786325637,0.818991250709,0.00182501395603,0.0,0.818946604719,-0.57372840655,-0.0119549586863,0.0,-0.00874411256901,0.00835434164757,-0.999926870062,0.0,0.661662349967,0.260896994474,0.303133782983,1.0,-0.0001,-0.000131428571429,0.006
0.465080801061,0.547877548362,-0.123976436778,-1.35586714354,0.0794789736939,1.89409633601,0.159168354353,-0.00110960354482,0.00198667439595,0.000478872047282,0.00111140023127,-3.7066794602e-05,-0.000168995685093,0.000917260089448,0.573795406682,0.818984901504,0.0018191429046,0.0,0.818940132043,-0.573737466791,-0.0119635375664,0.0,-0.00875441474326,0.00835455288479,-0.999926778154,0.0,0.661662383564,0.260893131963,0.303129062299,1.0,-0.00044,-0.000578285714286,0.023
0.465079330496,0.547868114664,-0.123981105126,-1.35587478225,0.0794762492439,1.8940955747,0.15916682402,-0.000844124031409,-0.00160537450146,-0.00573341321605,0.000934943019841,9.06208576468e-05,-0.000464890065954,0.0010448895714,0.57379829264,0.818982882301,0.00181790088368,0.0,0.818938137345,-0.573740396554,-0.0119595762744,0.0,-0.00875185357471,0.00835129359878,-0.9999268278,0.0,0.661662339483,0.26088818157,0.303132193181,1.0,-0.00076,-0.000998857142857,0.039
0.465081597287,0.547817782438,-0.123979789781,-1.35592404861,0.0794748299823,1.8941059782,0.159163665672,-0.000462682546494,-0.00677331717774,2.28119988268e-05,-0.0047069500334,1.94338106437e-05,0.000362447588837,-0.00198756578909,0.573795228942,0.818985002629,0.00182964874351,0.0,0.818940379225,-0.573737252811,-0.0119568771933,0.0,-0.00874293378441,0.00835933326546,-0.999926838652,0.0,0.661653640348,0.260885735481,0.30314525867,1.0,-0.0011,-0.00144571428571,0.056
0.465080763953,0.547678624546,-0.123980032498,-1.35609881375,0.0794757557836,1.89413566404,0.159166983101,0.000125228397694,-0.0108133505904,-0.000744048749999,-0.00701766207063,0.000124137079759,0.00491016550787,0.00131154741022,0.573808542242,0.818975668095,0.0018327083666,0.0,0.818930933776,-0.573750407187,-0.0119725878154,0.0,-0.00875390947323,0.00837099590283,-0.999926645058,0.0,0.661623394097,0.260868292029,0.303163248126,1.0,-0.00146,-0.00191885714286,0.074
0.465066572919,0.547552366313,-0.123977255222,-1.35629256515,0.0794720311762,1.89418603046,0.159163448539,-0.000862314799487,-0.00802659081503,6.89990166955e-05,-0.010902313059,-0.000154590595998,-0.000827001096117,0.00203884947205,0.573825040255,0.818964128538,0.00182379972254,0.0,0.818919161142,-0.573766829837,-0.0119908045499,0.0,-0.0087737719359,0.00837432967419,-0.999926443059,0.0,0.661595620378,0.260841982846,0.303164747593,1.0,-0.00178,-0.00233942857143,0.09
0.465046077045,0.547372948809,-0.123981430995,-1.3565048544,0.079469266072,1.89432096171,0.15914915701,-0.00314214807404,-0.009240273062,-0.00023232357877,-0.0122556288263,-9.64684401086e-05,0.00612812257218,-0.000395463651217,0.573844523046,0.81895027161,0.0019138706232,0.0,0.818906486054,-0.573785933456,-0.0119422178956,0.0,-0.00868209770443,0.00842041951837,-0.999926856182,0.0,0.661585066675,0.260811900283,0.303202648092,1.0,-0.00212,-0.00278628571429,0.107
0.465019808004,0.547166769593,-0.123976367015,-1.35674765242,0.0794662920545,1.89444256873,0.159136495592,-0.000802146162295,-0.0172086606986,-0.000114352681196,-0.0159612993068,-0.00110587644692,0.0133513434337,0.000408048529895,0.573865069561,0.818935683601,0.00199373112607,0.0,0.818892852286,-0.573806060327,-0.0119100171334,0.0,-0.00860968878323,0.00846755800599,-0.999927084202,0.0,0.661564948374,0.260779132737,0.30324351371,1.0,-0.00246,-0.00323314285714,0.124
0.464996753567,0.546988487919,-0.123974312147,-1.35700055315,0.0794595854478,1.89454789882,0.159118148788,0.000324268780423,-0.0134205478939,0.000624371934596,-0.0206515567757,0.000163462243454,0.00916561640706,-0.00124499804608,0.573879921194,0.818925199972,0.00202479706148,0.0,0.818882701741,-0.573820711773,-0.0119020347308,0.0,-0.00858517097213,0.00848857347289,-0.999927116824,0.0,0.661538570961,0.260743462939,0.303258483462,1.0,-0.00274,-0.00360114285714,0.138
0.464951915884,0.546688194178,-0.123978714497,-1.35745877924,0.0794477539383,1.89471570139,0.159063304001,-0.00181476094775,-0.0156686084644,-0.000516091853256,-0.0209087738877,-0.00452627980996,0.00380778411293,-0.00481101462253,0.573897287183,0.818912990276,0.00204083854041,0.0,0.818870575388,-0.573837885498,-0.0119083513702,0.0,-0.00858095836722,0.00850551693361,-0.999927009004,0.0,0.661488193481,0.2606702825,0.303267759084,1.0,-0.00314,-0.00412685714286,0.158
0.464905750178,0.546402070345,-0.123982167676,-1.35790150066,0.0794349577867,1.89487877036,0.158942342058,-0.0022648829113,-0.0181898660913,-0.000631867985621,-0.0265628374565,-0.000144330995723,0.0138286580632,-0.000406959305583,0.573859816215,0.818939216312,0.00205383067972,0.0,0.818896852367,-0.57380024851,-0.0119149861497,0.0,-0.00857932604398,0.00851957126913,-0.999926903363,0.0,0.661440201146,0.260597950556,0.303273915963,1.0,-0.00348,-0.00457371428571,0.175
0.464869617682,0.546135444119,-0.123977401865,-1.35834435173,0.0794117096148,1.89503318419,0.158928679487,-0.00514155297747,-0.0243512361997,-0.000735610764632,-0.0299034987965,-0.0020253673374,0.00992402854426,0.000215839996793,0.573897697244,0.818912712992,0.00203678638188,0.0,0.818870046431,-0.573838115198,-0.0119336292048,0.0,-0.00860398066277,0.00851670965252,-0.999926715901,0.0,0.66138153868,0.26052814134,0.303265706974,1.0,-0.0038,-0.00499428571429,0.191
0.464814568889,0.545778250684,-0.123980697812,-1.35895531841,0.0793327080972,1.89523840318,0.158841124877,-0.00585189708627,-0.0150302901471,-0.00128168847561,-0.0343683285422,-0.00904207123433,0.0132708224725,-0.00524054311239,0.573882200604,0.818923731883,0.00197182418545,0.0,0.818880592849,-0.57382325807,-0.0119243471562,0.0,-0.00863381852273,0.00845802198786,-0.999926956853,0.0,0.661315532046,0.260429437087,0.303245042173,1.0,-0.00414,-0.00544114285714,0.208
0.464750829073,0.545405988705,-0.123980727058,-1.35961713476,0.0792780566128,1.89545753307,0.158756397494,-0.00473817304542,-0.0195103835269,0.00573821394146,-0.0407000941791,-0.000606962498126,0.0121652648292,-0.00770003609964,0.573887374375,0.818920269,0.00190301196179,0.0,0.818876324602,-0.573828808529,-0.0119503309024,0.0,-0.0086945325073,0.0084166375118,-0.999926779978,0.0,0.661236642362,0.260319612026,0.303212524581,1.0,-0.00448,-0.005888,0.225
0.464686109084,0.54500087207,-0.12398285861,-1.36028809477,0.0792652478916,1.89567366603,0.158699164978,-0.00551531348733,-0.0275660992306,-0.000941537102597,-0.0413580916053,-0.000795288099032,0.0175779628932,-0.00673851150189,0.573928855529,0.81889126171,0.00187541672471,0.0,0.818846664408,-0.573870119293,-0.0119988862328,0.0,-0.00874970592572,0.00842234792892,-0.999926250631,0.0,0.66115424035,0.260213849715,0.303198764568,1.0,-0.0048,-0.00630857142857,0.241
0.464624325872,0.544556841616,-0.123986413874,-1.36100643385,0.079241524239,1.89593670816,0.158568540819,-0.00267277804148,-0.0270260490025,-0.00055063998435,-0.0436285786087,-0.00139008453445,0.0188768568962,-0.00526408334968,0.573908737312,0.818905361045,0.00187557726588,0.0,0.818860587213,-0.573849830976,-0.0120190306567,0.0,-0.00876631772113,0.00843382538648,-0.999926008394,0.0,0.661071422567,0.260105517948,0.303194057744,1.0,-0.00514,-0.00675542857143,0.258
0.464550502416,0.54407479826,-0.123986708064,-1.36180721494,0.0792063443645,1.89622456819,0.158491875387,-0.00573276658771,-0.0272150636339,0.000534078113558,-0.0536340178196,-0.00102272355185,0.0186189333146,-0.00312404052014,0.573941875771,0.818882182055,0.00185527624338,0.0,0.818837003416,-0.573882919329,-0.0120458972588,0.0,-0.00879962870548,0.00843297606861,-0.999925722966,0.0,0.660978509941,0.259981659684,0.303178997037,1.0,-0.00548,-0.00720228571429,0.275
0.464479189108,0.543583997689,-0.123994916006,-1.36259478296,0.0791632560329,1.89649354989,0.158376607099,-0.00608487259488,-0.033322973124,-0.000862964338551,-0.0471355622047,-0.00217965509075,0.0201643339511,-0.00748809836701,0.573943876332,0.818880831324,0.00183243368219,0.0,0.818835314016,-0.57388498119,-0.0120624950253,0.0,-0.00882630971876,0.00842381874726,-0.999925564997,0.0,0.660886598694,0.25985400688,0.303174973708,1.0,-0.0058,-0.00762285714286,0.291
0.464406737123,0.543028454918,-0.12399519417,-1.36346003306,0.0791051400575,1.8968057727,0.158295447762,-0.00186623976172,-0.0350877227711,-0.000710328503079,-0.0514426458099,-0.000449131404011,0.0194317281923,0.00166355792892,0.573969530391,0.818862853526,0.00183090098626,0.0,0.818817356161,-0.573910676942,-0.0120589818074,0.0,-0.00882404851924,0.00842082375688,-0.999925610181,0.0,0.660786332685,0.259722339261,0.303183183715,1.0,-0.00614,-0.00806971428571,0.308
0.464321916179,0.542397330516,-0.123996586267,-1.36444745826,0.0790523912381,1.89715730903,0.158146330096,-0.00905880670783,-0.0348581360413,-0.000705836093266,-0.0574582432558,-0.0080116174708,0.0197330422717,-0.00890344952984,0.573958580189,0.818870529267,0.00183069046094,0.0,0.818824941003,-0.57389964492,-0.0120689872491,0.0,-0.00883247542343,0.00842627602642,-0.999925489849,0.0,0.66067076283,0.259571885917,0.30319009171,1.0,-0.0065,-0.00854285714286,0.326
0.464249657988,0.541814015063,-0.123999208625,-1.3653441093,0.0790001948784,1.89749638242,0.158024472273,-0.00447530246598,-0.0445416090778,-0.00175722291183,-0.0600637211309,-0.00215414855175,0.0241299768351,-0.0140290932562,0.573955701147,0.818872497726,0.00185269813325,0.0,0.818827194368,-0.573896667041,-0.0120577038817,0.0,-0.00881063444275,0.00843778995371,-0.999925585442,0.0,0.660569219847,0.259438420724,0.303205265043,1.0,-0.00682,-0.00896342857143,0.342
0.464166385113,0.541168016691,-0.123996708408,-1.36635100451,0.0789438170405,1.89787322195,0.15788647271,-0.00213817705285,-0.0347856438844,0.00123976951523,-0.0635896570581,5.95242658181e-05,0.0195623486326,-0.019552323205,0.573949963717,0.818876482353,0.00186887676595,0.0,0.818831331632,-0.573890803234,-0.0120558368553,0.0,-0.00879987951249,0.00844990466345,-0.999925577847,0.0,0.660453181173,0.259290277186,0.303215312124,1.0,-0.00716,-0.00941028571429,0.359
0.46408132675,0.540465358625,-0.124003825202,-1.36742112091,0.0788827443342,1.89826109434,0.157761498585,-0.00636215402498,-0.0448517872626,-0.00154625806541,-0.062879511184,-0.00591398705717,0.026531554784,-0.00519877739732,0.573965160001,0.818865790127,0.00188673388769,0.0,0.818820857135,-0.57390590482,-0.012048370638,0.0,-0.00878335993013,0.00846040492909,-0.999925634303,0.0,0.660328980765,0.259128618834,0.303236483915,1.0,-0.0075,-0.00985714285714,0.376
0.463984204353,0.539777161928,-0.12400495751,-1.36849085818,0.0788164412472,1.89867233667,0.157624866134,-0.00466852428252,-0.0372120841699,-0.00107925574462,-0.0651100834816,-0.00526543242283,0.023441204399,-0.0060460137694,0.573975176519,0.818858715661,0.00190982372448,0.0,0.818814117616,-0.573915852218,-0.0120325502932,0.0,-0.00875704916913,0.00847033888655,-0.99992578097,0.0,0.660210995013,0.258963065926,0.303249333849,1.0,-0.00782,-0.0102777142857,0.392
0.463880805389,0.538974687099,-0.12400986336,-1.36973101474,0.0787439940326,1.89913622448,0.157473267124,-0.00598086252099,-0.0483923072599,-0.00740254975393,-0.0691526961772,-0.00595174273464,0.0252122329671,-0.00820663934889,0.573988334974,0.818849440701,0.00193175521657,0.0,0.81880512724,-0.573928912858,-0.0120213765059,0.0,-0.00873517543619,0.0084820242659,-0.99992587324,0.0,0.660069709839,0.258775042095,0.303266384688,1.0,-0.00818,-0.0107508571429,0.41
0.463763302381,0.538146440793,-0.124010918112,-1.37101395669,0.0786782103047,1.89964246346,0.157319669562,-0.0129297776335,-0.0404919736535,0.000186527633546,-0.0754321064544,-0.00207859729679,0.029408934033,-0.00294556237332,0.574012940453,0.818832076993,0.00198009621591,0.0,0.818788326329,-0.573953242266,-0.0120041352096,0.0,-0.00869305569129,0.00851197249766,-0.999925985814,0.0,0.65992977377,0.258579161095,0.303284694168,1.0,-0.00854,-0.011224,0.428
0.463672816814,0.537486096748,-0.12401374828,-1.37206029177,0.078620076956,1.90002896897,0.157180678038,-0.012060145497,-0.0471796350862,-0.00247055953337,-0.0753261816052,-0.00525450603603,0.0295431861143,-0.00966081156309,0.574017331084,0.818828994285,0.00198207857429,0.0,0.818785223277,-0.573957578664,-0.0120084528167,0.0,-0.0086954077371,0.00851612064598,-0.999925930044,0.0,0.659809078777,0.258419091877,0.303286585812,1.0,-0.00882,-0.011592,0.442
0.463551763114,0.536591031593,-0.124015522457,-1.37344832847,0.0785296069175,1.90054970322,0.157026593749,-0.00493373749893,-0.0525597751091,0.000730565791201,-0.0772261950377,3.45387897581e-05,0.0320121750731,-0.00229808719936,0.574043706777,0.818810458348,0.00200072763291,0.0,0.818766998179,-0.573983938234,-0.0119911735645,0.0,-0.00867027972615,0.00852175154986,-0.999926100269,0.0,0.659651328183,0.258205883722,0.303303006779,1.0,-0.00918,-0.0120651428571,0.46
0.463434154174,0.535738555002,-0.124015093256,-1.37481280517,0.0784584113534,1.90104346775,0.156857217156,-0.0024588185323,-0.0540025780162,0.00255035759064,-0.0869485045272,-0.00135421242313,0.0216605169737,-0.011239944479,0.574056882614,0.818801245059,0.00199085776991,0.0,0.818757516911,-0.573997017606,-0.012012459467,0.0,-0.00869323771717,0.00852602895084,-0.999925864476,0.0,0.659489737171,0.257999763657,0.303298039834,1.0,-0.00952,-0.012512,0.477
0.463323820031,0.534878015637,-0.124024402235,-1.37617766912,0.078380398958,1.90153742346,0.156688401873,-0.00471257777634,-0.0540849493465,0.000243574562377,-0.0831034643393,-0.0112627797098,0.0294600909173,-0.0124357849842,0.574069453069,0.8187924538,0.00198180578907,0.0,0.818748579594,-0.574009597721,-0.0120204841037,0.0,-0.00870487372716,0.00852335751088,-0.999925786021,0.0,0.659328710369,0.257791778663,0.30329873413,1.0,-0.00984,-0.0129325714286,0.493
0.463192491915,0.533987333194,-0.124022923042,-1.37765585671,0.0782909199168,1.90207250494,0.15649916786,-0.00580363468815,-0.0533941479169,0.000556105562832,-0.0875035321227,-0.00578712636637,0.0266443163334,-0.0187226030699,0.574077950855,0.818786605562,0.00193592246542,0.0,0.818742082019,-0.574018242728,-0.0120501886746,0.0,-0.00875544683903,0.00850293251948,-0.999925518371,0.0,0.659153553983,0.25756411375,0.303269810727,1.0,-0.01018,-0.0133794285714,0.51
0.4630465227,0.532953522433,-0.1240332089,-1.37933152003,0.0782084103414,1.90272350695,0.156287030608,-0.00428924490616,-0.0558494885031,-0.00044570883325,-0.0906833305354,-0.000663921758047,0.0347275205453,-0.0109825545132,0.57410080394,0.818770551898,0.0019486307535,0.0,0.81872609214,-0.574040938577,-0.0120554464041,0.0,-0.00875221918636,0.00851660028526,-0.999925430309,0.0,0.658964993038,0.257307394226,0.303258103822,1.0,-0.01056,-0.0138788571429,0.529
0.462937138808,0.532160248919,-0.12403078654,-1.38060801416,0.0781359204134,1.90318350253,0.156128750421,-0.00463197576287,-0.0550433223004,-0.000409911169599,-0.0905719666244,-0.00740532437979,0.0355648495443,-0.0128333871342,0.574109212473,0.818764696697,0.00193144957119,0.0,0.818719918679,-0.574049329598,-0.012075133459,0.0,-0.00877811465853,0.00851392551596,-0.999925226092,0.0,0.658811717622,0.257115103063,0.303249592767,1.0,-0.01084,-0.0142468571429,0.543
0.462797851311,0.531091332431,-0.124028525882,-1.3823196953,0.0780260264037,1.90379993214,0.15591522211,-0.00342688809909,-0.0584128241608,0.000283811315832,-0.0959721400403,-0.000911194096063,0.0366393229196,-0.0176721282243,0.574110429384,0.818763904292,0.00190546608518,0.0,0.818718781509,-0.574050655072,-0.0120892148822,0.0,-0.00880454823724,0.00850074888419,-0.999925105795,0.0,0.658604827577,0.256859577148,0.303241595268,1.0,-0.0112,-0.01472,0.561
0.462655479583,0.530038903538,-0.124033743692,-1.38396468777,0.0779348839386,1.9043841469,0.155700174581,-0.0070032666789,-0.0629280890936,-0.00027651695296,-0.094228963553,-0.000537733061448,0.0364524004234,-0.00669020503012,0.574119371252,0.818757641488,0.00190235620215,0.0,0.818712367653,-0.574059502961,-0.0121034298615,0.0,-0.00881787980296,0.00850645986816,-0.999924939751,0.0,0.658407623629,0.256606245304,0.303250929987,1.0,-0.01154,-0.0151668571429,0.578
0.462526905321,0.529043852356,-0.124036825324,-1.38552409723,0.0778226240117,1.90496924662,0.155489646043,-0.00687243028335,-0.063735081679,-0.000360725991736,-0.0991878813923,-0.00576992723798,0.0360189293036,-0.012995317866,0.574108825765,0.818765021306,0.00190865556646,0.0,0.818719998958,-0.574049094406,-0.0120808699673,0.0,-0.00879590110507,0.00849855217799,-0.99992520057,0.0,0.658225780734,0.256369325564,0.303260310854,1.0,-0.01186,-0.0155874285714,0.594
0.462376862176,0.527873860431,-0.12404213592,-1.38734108554,0.0777167809485,1.90567552601,0.155223078695,-0.00934990806952,-0.0609908396602,-0.00214135268367,-0.0997020489938,-0.00492369066654,0.0286085763648,-0.0181264588987,0.574087287699,0.818780004746,0.00195878331591,0.0,0.818735648067,-0.574027351356,-0.0120534385693,0.0,-0.00874488765645,0.00852361568929,-0.999925434678,0.0,0.658017632535,0.256097953691,0.303280633173,1.0,-0.01222,-0.0160605714286,0.612
0.462229777592,0.526696450991,-0.124038131851,-1.38912536103,0.0775991524063,1.90635362676,0.154991066214,-0.00573190754936,-0.0711621806763,-0.000741634027673,-0.103829131821,-0.00953627049555,0.0379955729048,-0.00975947931276,0.574079624478,0.818785241665,0.00201486781982,0.0,0.818741691197,-0.574019521209,-0.0120157924159,0.0,-0.00868194719016,0.0085478424567,-0.999925776337,0.0,0.657808924653,0.255834170242,0.303318642281,1.0,-0.01256,-0.0165074285714,0.629
0.462101864581,0.525671017391,-0.12404140274,-1.39074951269,0.0774996251597,1.90693584996,0.154765971839,-0.0108800743065,-0.0667876592976,-0.000166328543789,-0.112652997957,-0.00474610534089,0.0410399869654,-0.0125256030291,0.574062969301,0.81879695631,0.00199962891265,0.0,0.818753176969,-0.574002903565,-0.0120270030992,0.0,-0.00870004823215,0.00854162408866,-0.999925672147,0.0,0.657609869774,0.255592236481,0.303317623944,1.0,-0.01286,-0.0169017142857,0.644
0.461943339373,0.524484885644,-0.124046760109,-1.39261241374,0.0773843575372,1.90759885504,0.154514033207,-0.00942352182936,-0.0727588353709,0.000125393622062,-0.105971972582,-0.00669918526357,0.0377915126812,-0.01648357413,0.574062936253,0.818797008824,0.00198757721611,0.0,0.818753113413,-0.574002962493,-0.0120285172223,0.0,-0.00870820637192,0.00853262522871,-0.999925677962,0.0,0.657373859072,0.255283727757,0.303326943667,1.0,-0.01322,-0.0173748571429,0.662
0.461777113372,0.523215954985,-0.124053423613,-1.39464037825,0.0772561503383,1.90835894229,0.154237978923,-0.0130217670641,-0.0678194586066,-0.000832920433136,-0.115177644012,-0.00928074140173,0.0432079729239,-0.0185875939417,0.574048285311,0.818807296696,0.00198088605233,0.0,0.818763307831,-0.573988336065,-0.0120325687919,0.0,-0.00871551743645,0.00852931651532,-0.999925642493,0.0,0.657142672558,0.254999359592,0.303315758365,1.0,-0.01356,-0.0178217142857,0.679
0.461623733118,0.52204796775,-0.124047869328,-1.39648026372,0.0771493120877,1.90908328402,0.153993982078,-0.005519708627,-0.0710947937877,0.00155941081261,-0.119378208025,-0.00212498248797,0.047156623533,-0.0167083396201,0.574040128541,0.818812902384,0.00202697207532,0.0,0.818769477414,-0.573979946858,-0.012012924771,0.0,-0.00867306345713,0.00855568847006,-0.999925786329,0.0,0.656928239415,0.254730602507,0.303323471652,1.0,-0.01388,-0.0182422857143,0.695
0.46144777018,0.520803071913,-0.124056318839,-1.39848284735,0.0770255480297,1.90983830768,0.153718312169,-0.0130034782269,-0.0740545795335,0.000367384971078,-0.115834245163,-0.00795749328675,0.0493585746278,-0.0136833861371,0.574038119154,0.818814329306,0.00201959967242,0.0,0.818770850358,-0.573978010624,-0.012011861896,0.0,-0.00867644588836,0.00854902054665,-0.999925814015,0.0,0.656692803516,0.254419968834,0.303310576806,1.0,-0.01422,-0.0186891428571,0.712
0.461282927742,0.519477997013,-0.124062059849,-1.40055394859,0.0768943843979,1.91057165755,0.153450330352,-0.00968364092046,-0.0792177710404,0.000321822580207,-0.123393798381,-0.00454331980406,0.0403466386667,-0.0115902649517,0.574032314632,0.818818433309,0.00200547584351,0.0,0.818774763102,-0.573972260043,-0.0120199380098,0.0,-0.00869122664037,0.00854203030675,-0.999925745392,0.0,0.656435207869,0.254108568731,0.303318993505,1.0,-0.01456,-0.019136,0.729
0.461122141831,0.518214966101,-0.124070997024,-1.40252351687,0.0767645586472,1.91128031734,0.153176916079,-0.0109482506221,-0.0795156712068,-0.000820324863426,-0.125996516096,-0.0109087972056,0.0444178280741,-0.015242771005,0.574015725407,0.818830075508,0.00200033253029,0.0,0.818786409344,-0.573955764712,-0.0120142802029,0.0,-0.00868971888265,0.00853439516945,-0.999925823691,0.0,0.656193970107,0.253807789307,0.303329752109,1.0,-0.01488,-0.0195565714286,0.745
0.460937756445,0.516848163651,-0.124074491461,-1.40466371324,0.0766248690181,1.91205674627,0.152886654153,-0.0104422231098,-0.0796914012039,-0.000373667985061,-0.126989158557,-0.00624281238081,0.0506346968123,-0.0207730604796,0.574006912605,0.818836261174,0.00199714014812,0.0,0.818792595793,-0.573947008267,-0.012010981527,0.0,-0.00868894188252,0.00852979421467,-0.999925869702,0.0,0.655933160868,0.253478862413,0.303337435418,1.0,-0.01522,-0.0200034285714,0.762
0.460755238874,0.515480789849,-0.124078003569,-1.40684590266,0.0764897542504,1.91289603859,0.152580922861,-0.00911054849106,-0.0826820490766,5.06777116123e-05,-0.135198572506,-0.0111301790006,0.0458208376826,-0.00790075413287,0.573987470261,0.818849849976,0.00201347414941,0.0,0.818806437664,-0.573927538371,-0.0119977181399,0.0,-0.00866890834008,0.00853534981154,-0.999925996178,0.0,0.655673445785,0.253151174992,0.303330613227,1.0,-0.01556,-0.0204502857143,0.779
0.460576104036,0.514174802598,-0.124081945207,-1.40895606893,0.076367248688,1.91363695395,0.152299045338,-0.0114978874203,-0.0812352171177,-0.00246830560031,-0.134155317407,-0.00580449151091,0.0459032190636,-0.0163880023007,0.573983978345,0.818852421963,0.00196228209936,0.0,0.81880819982,-0.573924126487,-0.0120405915237,0.0,-0.00873343463696,0.00851800329569,-0.999925582601,0.0,0.65540729915,0.252828679613,0.303306140376,1.0,-0.01588,-0.0208708571429,0.795
0.460387039096,0.512751460099,-0.124081512774,-1.41123140208,0.0762211163142,1.91442802047,0.151979468445,-0.0106987389217,-0.0854094920715,-0.000318253427239,-0.130798766491,-0.00843423593576,0.0446780579327,-0.0173582079531,0.573956343871,0.818871921044,0.00190765743304,0.0,0.8188269244,-0.573896673434,-0.0120757194597,0.0,-0.00879383864569,0.00849314057866,-0.99992526469,0.0,0.655116951829,0.252483861877,0.303289049196,1.0,-0.01622,-0.0213177142857,0.812
0.460184769138,0.511316973379,-0.124084434417,-1.41352748523,0.076084917929,1.91530183355,0.151651957392,-0.00774187648331,-0.0849759818103,-0.000476898743851,-0.140130041477,-0.0111773485355,0.0541798710005,-0.0248688248556,0.573939460096,0.818883732116,0.00191737380763,0.0,0.818838826574,-0.573879714621,-0.0120746073314,0.0,-0.00878752676894,0.00850027738808,-0.999925259536,0.0,0.654841161397,0.252133298446,0.303276742768,1.0,-0.01656,-0.0217645714286,0.829
0.459978716035,0.509843010982,-0.124087248366,-1.41586573322,0.0759392715985,1.91618031049,0.151321155963,-0.0146427219012,-0.0881335101636,0.000837377601114,-0.14039272259,-0.0161742696912,0.0541757678669,-0.0160993681659,0.573921988589,0.818895957381,0.00192585087841,0.0,0.81885117294,-0.57386221831,-0.0120688803445,0.0,-0.00877815327369,0.00850374478151,-0.999925312386,0.0,0.654557791273,0.251774729459,0.303271899262,1.0,-0.0169,-0.0222114285714,0.846
0.459776249417,0.508350932909,-0.124088313365,-1.41823970232,0.0757891769236,1.91702306972,0.150994938376,-0.00823047126313,-0.0801325537555,0.00105945364702,-0.140253689416,-0.00598402626458,0.0482647353925,-0.0214458713312,0.573903968109,0.818908669875,0.00189015679704,0.0,0.81886336374,-0.573844303231,-0.0120935551134,0.0,-0.00881903121543,0.00848848285053,-0.999925082367,0.0,0.654257188662,0.251412538347,0.303259080962,1.0,-0.01724,-0.0226582857143,0.863
0.459561951585,0.506812057664,-0.124094614277,-1.42064230563,0.0756370593083,1.91790422357,0.150654119916,-0.0129823905466,-0.0869845677136,0.0010409353259,-0.140072104147,-0.011418059565,0.0541188380341,-0.0191045846022,0.573888088736,0.818919773251,0.00190091724585,0.0,0.818874625958,-0.57382839603,-0.0120857673801,0.0,-0.00880664314346,0.00849265435124,-0.999925156129,0.0,0.653961932778,0.251039092268,0.303268298469,1.0,-0.01758,-0.0231051428571,0.88
0.459349319822,0.505297534408,-0.124106270444,-1.4229670959,0.0754895007271,1.91879267977,0.15033381076,-0.0109308395829,-0.0947776212882,-0.00114500116363,-0.145853508168,-0.0125578515741,0.0509180928544,-0.0145249587049,0.573888483497,0.818919354921,0.001961006342,0.0,0.818875100043,-0.573828633424,-0.0120422959959,0.0,-0.00873655588518,0.0085169182285,-0.999925564577,0.0,0.653685731461,0.250673780949,0.303297755894,1.0,-0.0179,-0.0235257142857,0.896
0.459126163312,0.503628971847,-0.124106417357,-1.42544567555,0.075334485589,1.91973766361,0.149999790147,-0.0118421647286,-0.0989370832091,-0.00229158709691,-0.147599660658,-0.00839496758052,0.062469476168,-0.0153569204219,0.573883434922,0.818922612977,0.00207460308442,0.0,0.818879881463,-0.573823143889,-0.0119785714613,0.0,-0.00861923372353,0.00857331952647,-0.999926100771,0.0,0.653387418912,0.250294815512,0.303365519636,1.0,-0.01824,-0.0239725714286,0.913
0.458892146644,0.501934772577,-0.124112920248,-1.42795145761,0.0751674891268,1.92065824757,0.149640750338,-0.015576993239,-0.10360213169,-0.00214530221226,-0.144269176002,-0.00909992681239,0.0505936563951,-0.0240905428214,0.573868630666,0.818932763769,0.00216103288733,0.0,0.81889126818,-0.573808095226,-0.0119208914021,0.0,-0.00852255446331,0.00861084237234,-0.999926607036,0.0,0.653082056983,0.249898734221,0.30343563267,1.0,-0.01858,-0.0244194285714,0.93
0.458667033254,0.500309419766,-0.12411467189,-1.43040353851,0.0750127087321,1.92152514922,0.149298404566,-0.0166806080236,-0.097024958353,0.00095140014145,-0.151995591213,-0.0100678461042,0.057994162302,-0.0207453224807,0.573856859467,0.81894092051,0.00219555416071,0.0,0.818899823816,-0.573796134421,-0.0119088865197,0.0,-0.00849303751566,0.00863210132803,-0.999926674882,0.0,0.652772039696,0.249515181179,0.303477879294,1.0,-0.0189,-0.02484,0.946
0.458424905645,0.498636371388,-0.124117072032,-1.4330263944,0.0748511527376,1.92249198132,0.148931169122,-0.0147288318949,-0.0940294771387,0.000176715859967,-0.152685557519,-0.00652736656483,0.0551907977617,-0.0207020889149,0.573842604019,0.818950879314,0.0022068042316,0.0,0.81890993403,-0.57378184049,-0.0119023683244,0.0,-0.0084813941047,0.0086374262382,-0.999926727727,0.0,0.65242819455,0.249081803685,0.303479150515,1.0,-0.01926,-0.0253131428571,0.964
0.458149903103,0.496862748015,-0.124117099026,-1.43584537376,0.0746832946113,1.92350817478,0.148517558956,-0.0142467906711,-0.0964125856339,0.00704916237332,-0.157792840305,-0.00963010213591,0.0600825743066,-0.0255275471481,0.573829966156,0.818959785884,0.00218768085876,0.0,0.818918388612,-0.573769075334,-0.0119359911487,0.0,-0.0085200371691,0.00864092784517,-0.999926368956,0.0,0.652091161383,0.248657810683,0.303463099173,1.0,-0.0196,-0.02576,0.981
0.457900894479,0.495286996392,-0.124116698293,-1.43840900837,0.0745213115548,1.9243857783,0.148141553191,-0.0130295304994,-0.0951286371192,0.00107184343247,-0.160264564663,-0.0127240792161,0.0576422063175,-0.0243703132944,0.573810920314,0.818973377409,0.00209325670935,0.0,0.818930604764,-0.573750277075,-0.0120012932411,0.0,-0.00862789915577,0.00860087069597,-0.999925789436,0.0,0.651757349144,0.248246053552,0.303416915521,1.0,-0.01992,-0.0261805714286,0.997
0.457621583022,0.493535494924,-0.124140565863,-1.44123029156,0.0743415505443,1.92540051773,0.14774545536,-0.0152712815568,-0.109014775434,0.00184195645991,-0.175052266741,-0.0125086738564,0.0619248492072,-0.0172298271102,0.573825598173,0.818963233945,0.00203745641729,0.0,0.818919780234,-0.573765235533,-0.0120247635104,0.0,-0.00867898464809,0.0085687954516,-0.999925622719,0.0,0.651405757004,0.247778595266,0.303382510634,1.0,-0.0229514285714,-0.0301647346939,1.014
0.457329064184,0.491452613011,-0.124182411794,-1.44451606063,0.0741471357134,1.92662954398,0.1472790117,-0.0195763180664,-0.126519813219,-0.00148050277541,-0.207643340143,-0.0147256584934,0.0747081581238,-0.0253411088826,0.57382565918,0.818963151275,0.00205344149181,0.0,0.818919970245,-0.573765292125,-0.012009112657,0.0,-0.00865699396217,0.00857290628697,-0.999925778112,0.0,0.650999364354,0.247253497845,0.303375949122,1.0,-0.0268371428571,-0.0352716734694,1.031
0.456981119791,0.48922411162,-0.12419168999,-1.44812286577,0.0739412915422,1.92789727614,0.146761923485,-0.023359601069,-0.15187713056,-0.000945899560064,-0.226394051752,-0.0116478356495,0.0803572459151,-0.0317193983874,0.573817994863,0.818968731903,0.00196769884651,0.0,0.818924114962,-0.573757686501,-0.0120895829688,0.0,-0.00877217698687,0.00854878088479,-0.999924980814,0.0,0.650531271749,0.246676427062,0.303319316824,1.0,-0.0304942857143,-0.0400782040816,1.047
0.456513870209,0.486297034877,-0.12422492232,-1.45266788957,0.0736665564726,1.9296446086,0.146094389946,-0.0236456556696,-0.169619481333,-0.00126004840944,-0.260045257026,-0.0112498260845,0.0999155475165,-0.0395544321616,0.573829509527,0.81896040867,0.00207121423946,0.0,0.818917246869,-0.573768855893,-0.0120245452262,0.0,-0.0086593949682,0.00859635745859,-0.999925555988,0.0,0.649984077598,0.245927208844,0.303342242663,1.0,-0.0346085714286,-0.0454855510204,1.065
0.456017680174,0.483198122835,-0.124267188673,-1.45744213296,0.0733628643784,1.93135118275,0.145351146401,-0.0283365689621,-0.19345572837,-0.00509320699781,-0.29684143074,-0.0203012768623,0.10693111101,-0.0419985452917,0.573809983169,0.818974046039,0.00208854767895,0.0,0.818931177259,-0.573749325264,-0.0120077297448,0.0,-0.0086358824588,0.00860069760234,-0.999925722009,0.0,0.649383899116,0.245122350234,0.303369923557,1.0,-0.0384942857143,-0.0505924897959,1.082
0.455498454079,0.479964319242,-0.124320651652,-1.46249737315,0.073060685441,1.93311620869,0.144600931543,-0.0337543168779,-0.208486901849,-0.00455940220985,-0.325733309377,-0.021091558585,0.116805549961,-0.0440460818502,0.573824462518,0.818964022215,0.00204044950278,0.0,0.818920374801,-0.573763857447,-0.0120500010478,0.0,-0.00869794861061,0.00858571634781,-0.999925312793,0.0,0.648733712504,0.244269248975,0.303360667552,1.0,-0.0421514285714,-0.0553990204082,1.098
0.454846240338,0.475959211273,-0.124374409079,-1.46858588549,0.0726876905054,1.93535436475,0.143731860586,-0.0381840339101,-0.228809353658,-0.0019864449557,-0.345413623441,-0.0198976871647,0.131031387553,-0.050455878942,0.57387999455,0.818924785363,0.00216671976045,0.0,0.8188828408,-0.573818906066,-0.0119792732067,0.0,-0.00856698391787,0.00864912139759,-0.999925896997,0.0,0.647974723049,0.243238713591,0.303431717949,1.0,-0.0462657142857,-0.0608063673469,1.116
0.454162031477,0.47189832604,-0.124402500722,-1.47485790019,0.0723152685066,1.93758584103,0.142803773459,-0.0413131936016,-0.250367375551,-0.000320095558717,-0.373201818203,-0.0190858196808,0.129271007137,-0.0594595774274,0.573900980822,0.818910005263,0.0021941724863,0.0,0.818868095595,-0.573839449051,-0.0120031508439,0.0,-0.00857056259999,0.00868552511082,-0.999925550784,0.0,0.647165685405,0.242182304344,0.303449059009,1.0,-0.0501514285714,-0.0659133061224,1.133
0.453516132572,0.468020390025,-0.124421743261,-1.48069087581,0.071950123057,1.93977990003,0.141869593689,-0.0425734374064,-0.26971361443,0.000456137918517,-0.39929737388,-0.0332232246308,0.154441260732,-0.0690641497743,0.573857598678,0.818939841097,0.00239583067567,0.0,0.818900609128,-0.573795309531,-0.0118946219678,0.0,-0.00836642449972,0.00878793559431,-0.999926384855,0.0,0.646435287077,0.241204659962,0.303541376914,1.0,-0.05358,-0.0704194285714,1.148
0.452675436451,0.463056970664,-0.124434775281,-1.4882800944,0.071454438239,1.94244495141,0.140684745085,-0.0477889406096,-0.287231695027,0.00207979637102,-0.43416426787,-0.0301483242963,0.146493616875,-0.063709856838,0.573806633787,0.818975462166,0.00242616862728,0.0,0.818936466838,-0.573744065586,-0.0118977892252,0.0,-0.00835215838241,0.00881407804674,-0.999926274022,0.0,0.64543416183,0.239924360484,0.303583010698,1.0,-0.0576942857143,-0.0758267755102,1.166
0.451818460337,0.458076576939,-0.124455629958,-1.49595446105,0.0709332608478,1.94508824782,0.13955003633,-0.0482729158695,-0.293020957872,-0.00200695265857,-0.455825606769,-0.0317344988584,0.16611557815,-0.0727713304103,0.573807558243,0.818974981348,0.00236916238709,0.0,0.818935171958,-0.573745139979,-0.0119350484462,0.0,-0.00841537269522,0.00878878062458,-0.999925966678,0.0,0.644404340476,0.238615525423,0.303588426968,1.0,-0.06158,-0.0809337142857,1.183
0.450889194023,0.45286510995,-0.124483498191,-1.50398886496,0.070382169268,1.94796751993,0.138249121171,-0.0613703220872,-0.313363105389,-0.00147947240123,-0.478530324595,-0.0237588547379,0.173789933094,-0.0784826075401,0.573740999372,0.81902153704,0.00239466173431,0.0,0.818982212473,-0.573678648481,-0.0119033957849,0.0,-0.0083755324594,0.00879082080938,-0.999926283246,0.0,0.643346629418,0.237229276432,0.30359596227,1.0,-0.0654657142857,-0.0860406530612,1.2
0.449958045299,0.447583711137,-0.124522404853,-1.51182314549,0.0698530403635,1.95092157969,0.137062202023,-0.0604455047582,-0.335920588291,-0.00198130223805,-0.503057170431,-0.0331346419935,0.177762607332,-0.0715632871353,0.573770363188,0.818999974611,0.00271271362663,0.0,0.818965215458,-0.57370729021,-0.011690505971,0.0,-0.00801837488812,0.00892945587621,-0.999927982648,0.0,0.64234694587,0.23586965782,0.303746229595,1.0,-0.0691228571429,-0.0908471836735,1.216
0.448908386644,0.441819035545,-0.12455902293,-1.52081851897,0.0692494592648,1.95392806937,0.135685230888,-0.0639774836655,-0.347285347823,-0.00169153202171,-0.537356168455,-0.0430964980331,0.179662872265,-0.081724589082,0.573764301143,0.819004853637,0.00251462790601,0.0,0.818967171682,-0.573701570261,-0.0118332957793,0.0,-0.00824903951908,0.00884909075949,-0.999926820792,0.0,0.641093654771,0.23430055009,0.303673328155,1.0,-0.0730085714286,-0.095954122449,1.233
0.447842229194,0.436117468178,-0.124589607261,-1.52964501243,0.068655190041,1.95692206899,0.134246952049,-0.0655231776579,-0.363172130995,-0.00118026136025,-0.547524337091,-0.0391805992661,0.204170303969,-0.0854498054123,0.573706251664,0.819045869835,0.0023972502108,0.0,0.819006358356,-0.573643663488,-0.0119280850426,0.0,-0.00839464301885,0.00880674968176,-0.999925982825,0.0,0.639867283371,0.232746667055,0.303628389406,1.0,-0.0766657142857,-0.100760653061,1.249
0.446620425837,0.429750589507,-0.124610683551,-1.53916726166,0.0679830247435,1.96041361174,0.132684940847,-0.070411712,-0.373859381015,-0.000214564964376,-0.581081464463,-0.0436564379917,0.195666249365,-0.0935237541599,0.573669719966,0.819070667607,0.00265344322921,0.0,0.81903489038,-0.573606596099,-0.0117502405725,0.0,-0.00810240084792,0.00891419142893,-0.999927441513,0.0,0.63860247836,0.231049222234,0.303739434678,1.0,-0.0805514285714,-0.105867591837,1.266
0.445214040683,0.422781018619,-0.124704006793,-1.54992165433,0.0672078688236,1.96398526623,0.130916186514,-0.0836967121899,-0.392740603139,-0.00948137575376,-0.61454871286,-0.0407230103412,0.197096184444,-0.0977875305765,0.573682702408,0.819062257112,0.0024336871495,0.0,0.819023711945,-0.573620493122,-0.0118505714312,0.0,-0.00831050296463,0.00879188459765,-0.999926816475,0.0,0.63709541327,0.229049820373,0.303673636258,1.0,-0.0846657142857,-0.111274938776,1.284
0.443986996681,0.416668149596,-0.124817674922,-1.55910882564,0.0665484511673,1.96715344229,0.129473061971,-0.0828868751827,-0.415142433338,-0.00531778148064,-0.605403158731,-0.0431345838908,0.224527034386,-0.0951694669277,0.573790067914,0.818986928236,0.00247310385902,0.0,0.818949313333,-0.573728139449,-0.0117809633232,0.0,-0.00822972413572,0.008785315597,-0.99992754231,0.0,0.635831955257,0.227318971885,0.303726053245,1.0,-0.0880942857143,-0.115781061224,1.299
0.442501391855,0.409547225021,-0.124840094651,-1.56982234651,0.0658209176027,1.97091857789,0.127635084788,-0.0917854603116,-0.419516510131,-5.96649323802e-05,-0.634890622712,-0.0479524521366,0.214858236525,-0.109045782796,0.573756277537,0.819010152973,0.00261729178121,0.0,0.818974201811,-0.573693597616,-0.011732848022,0.0,-0.00810795421856,0.00887546053354,-0.999927741029,0.0,0.634340128771,0.225346271462,0.303773771913,1.0,-0.09198,-0.120888,1.316
0.440805354777,0.401821701401,-0.124922721912,-1.58171328685,0.0649874533322,1.97483710271,0.125668473995,-0.0953629601449,-0.440998017918,-0.00853307798502,-0.664224962806,-0.0442688970839,0.223628721739,-0.106996531622,0.573840828387,0.818951602126,0.00239247826635,0.0,0.818912355652,-0.573778585131,-0.0118926828815,0.0,-0.00836693999428,0.00878390612683,-0.999926415947,0.0,0.632626613974,0.223076667467,0.303672284381,1.0,-0.0960942857143,-0.126295346939,1.334
0.439135384058,0.39410780794,-0.125000728959,-1.59302005134,0.0641359037266,1.97889376436,0.123732559875,-0.101615369271,-0.444138538943,-0.00193636439234,-0.686477405902,-0.057900817658,0.237415524096,-0.116192046172,0.573885524488,0.818919226658,0.00272981557681,0.0,0.818885180217,-0.573822925896,-0.0116214559482,0.0,-0.00795075603296,0.00890496231082,-0.999928741023,0.0,0.631064927524,0.220905075559,0.303835592824,1.0,-0.09998,-0.131402285714,1.351
0.437379738247,0.386307657716,-0.125041920939,-1.60498332888,0.0632410179748,1.98270980204,0.121663011663,-0.105724470045,-0.465194948288,-0.00213345536635,-0.698595205188,-0.0545199430933,0.217939432153,-0.131321041591,0.573863620558,0.818935575205,0.00241154802854,0.0,0.818897019902,-0.573801766829,-0.0118300498947,0.0,-0.00830445808218,0.00876381348843,-0.999927113118,0.0,0.629269822475,0.218613658321,0.303710095143,1.0,-0.103865714286,-0.13650922449,1.368
0.435657041525,0.378596874822,-0.125092597944,-1.61630575963,0.0624118041766,1.98655038089,0.119632488968,-0.108368845846,-0.476569618153,-0.000594030199361,-0.70898128632,-0.0475969525704,0.237042329253,-0.126575194927,0.57383903627,0.818952267474,0.0025866875099,0.0,0.818916023394,-0.573776570619,-0.0117362915558,0.0,-0.00812743837103,0.00885319253652,-0.999927780256,0.0,0.627616538098,0.216427420983,0.303814688232,1.0,-0.107522857143,-0.141315755102,1.384
0.433799576411,0.370805903747,-0.125133633855,-1.62803203161,0.0615158572196,1.99042911197,0.117561316803,-0.118135898217,-0.490513456779,-0.00579124205949,-0.731296897314,-0.0655973428242,0.243534127606,-0.126795053364,0.573867410973,0.818932638145,0.00250513566378,0.0,0.818895325175,-0.573805230929,-0.0117792303109,0.0,-0.00820909425624,0.00881132993116,-0.999927482989,0.0,0.625869340507,0.214117805147,0.303770119918,1.0,-0.11118,-0.146122285714,1.4
