position_joint1,position_joint2,position_joint3,position_joint4,position_joint5,position_joint6,position_joint7,velocity_joint1,velocity_joint2,velocity_joint3,velocity_joint4,velocity_joint5,velocity_joint6,velocity_joint7,ee_T_00,ee_T_10,ee_T_20,ee_T_30,ee_T_01,ee_T_11,ee_T_21,ee_T_31,ee_T_02,ee_T_12,ee_T_22,ee_T_32,ee_T_03,ee_T_13,ee_T_23,ee_T_33,v_x,v_y,time
0.465064472375,0.547766771106,-0.124015387937,-1.35583628163,0.0794922671116,1.89409685485,0.159150165677,0.000260830272588,0.00168648454092,0.000400067553282,-0.00169048955931,-5.5107676683e-05,-0.0063785754635,-0.00026181083643,0.573822756887,0.818965460464,0.00194039839658,0.0,0.818922386589,-0.573764415554,-0.0118855832274,0.0,-0.00862071656427,0.00840941572794,-0.999927479857,0.0,0.661684980388,0.260867127793,0.303223584175,1.0,0.0,0.0,0.0
0.465066927893,0.547756470086,-0.124013020444,-1.35583207603,0.0794933982376,1.89409706131,0.159146269403,0.00179895271175,-0.0012519248173,0.00107378008275,-0.00104937849924,0.000263691272833,-0.000707222169651,-0.00176921831096,0.573815954682,0.818970193333,0.00195435048956,0.0,0.818927283179,-0.57375753924,-0.0118801486015,0.0,-0.0086083300063,0.00841765181419,-0.999927517269,0.0,0.661685012714,0.260870957775,0.303232824716,1.0,-0.00018,-0.000236571428571,0.01
0.465063194621,0.547758064844,-0.124017981593,-1.35583198201,0.0794936269563,1.89409791438,0.159156428277,0.00175568567669,-0.000824848284561,6.69099492309e-05,0.000392176229084,0.000110909808597,0.000111769570205,0.00111756404068,0.573830861933,0.81895975271,0.00195249463196,0.0,0.818916844134,-0.573772477462,-0.0118782743782,0.0,-0.00860770669017,0.00841521318582,-0.999927543161,0.0,0.6616872625,0.260865701407,0.303231978549,1.0,-0.00038,-0.000499428571429,0.02
0.465060248497,0.547755837828,-0.124016216589,-1.35583590372,0.079492522432,1.89409791438,0.159153156808,0.000565719032377,-0.000262830866563,0.000802787553288,0.000119731719446,3.78526608337e-05,-2.80089603111e-05,0.000531248066001,0.573829279961,0.818960864512,0.00195109160506,0.0,0.818917934478,-0.573770898327,-0.011879382298,0.0,-0.00860943537203,0.00841468330639,-0.999927532738,0.0,0.661686847306,0.260864157821,0.303231629154,1.0,-0.00066,-0.000867428571429,0.034
0.465060450843,0.547705698668,-0.124013749952,-1.35588353957,0.0794932345086,1.89410614305,0.159155700247,7.94596792878e-05,-0.00508152410262,0.000950710387285,-0.00492214117544,0.000146304559567,0.001095913737,0.00153956259279,0.573832232094,0.818958766004,0.00196364362102,0.0,0.818915942504,-0.573773742907,-0.0118793082586,0.0,-0.00860214210018,0.00842495124685,-0.999927509046,0.0,0.661678236241,0.260861399945,0.30324510983,1.0,-0.00104,-0.00136685714286,0.053
0.465059457759,0.547574935046,-0.124013722959,-1.35604345246,0.0794891001383,1.89413149115,0.159151630669,-0.000907838164019,-0.00713734804335,-0.000336750903608,-0.00935445258147,0.000122437607174,0.00227511083618,0.000145609472791,0.573837273708,0.818955229201,0.00196539300471,0.0,0.818912334009,-0.573778684192,-0.0118893934349,0.0,-0.00860934606998,0.0084322240339,-0.999927385743,0.0,0.661650570843,0.260844544481,0.303263822747,1.0,-0.00138,-0.00181371428571,0.07
0.465053127906,0.547451480829,-0.124021598805,-1.35621239407,0.0794890542997,1.89417525981,0.159149967135,-0.00437529863026,-0.00924317684545,-0.000435551754791,-0.014955546827,0.00487049495461,-0.000575041773983,0.00120942028492,0.57385589457,0.81894217395,0.00196847524891,0.0,0.818899242546,-0.573797215285,-0.0118967722557,0.0,-0.0086134287531,0.00843917825593,-0.999927291915,0.0,0.661627288802,0.260820330081,0.30327492627,1.0,-0.00168,-0.002208,0.085
0.46503357943,0.547282227235,-0.124015871506,-1.35642421696,0.0794828419189,1.89429006712,0.159134167129,-0.00176074987066,-0.00874207628806,0.00549482827314,-0.0104684888206,0.000443669855376,0.00852365979944,-0.00141591561043,0.573865375588,0.818935369522,0.00203424398177,0.0,0.818893255483,-0.573806388033,-0.0118664265095,0.0,-0.00855073881513,0.00847572316639,-0.999927520865,0.0,0.661610225361,0.260794592988,0.30330376604,1.0,-0.00202,-0.00265485714286,0.102
0.465014008142,0.547063711441,-0.124014685276,-1.35668207069,0.0794814300055,1.89442252125,0.159128384448,0.000849378895985,-0.00894132301662,-0.000857174822013,-0.0125698898797,0.000222238413609,0.0116134699653,-0.00287065599071,0.573890062259,0.818917849318,0.00212118109401,0.0,0.818876786601,-0.573830643667,-0.0118299473941,0.0,-0.00847071945259,0.0085262393611,-0.999927772469,0.0,0.66158819755,0.260763374425,0.303347274593,1.0,-0.0024,-0.00315428571429,0.121
0.464990374569,0.546867319563,-0.124016869206,-1.35697153671,0.0794712483021,1.89454495271,0.159111278891,-0.00207812377485,-0.0122042309661,0.000788568951439,-0.019526437743,-0.000124762634697,0.0018648791303,-5.15834241214e-05,0.573910527652,0.818903434548,0.00214896185685,0.0,0.818862699955,-0.5738509634,-0.0118193623926,0.0,-0.00844589523526,0.0085431256971,-0.999927838325,0.0,0.661558640251,0.260721360971,0.303359281989,1.0,-0.00272,-0.00357485714286,0.137
0.464958983943,0.546620744372,-0.12401690724,-1.35732875291,0.0794630563118,1.89467813794,0.159058102581,0.000553109842452,-0.0202102600921,-0.000632316887951,-0.0184120818931,-0.00107494119931,0.00393828865543,-0.00786312519701,0.573910511847,0.818903374483,0.00217590304263,0.0,0.818862870869,-0.573850720785,-0.0118193006854,0.0,-0.00843038399695,0.00856515202397,-0.99992778079,0.0,0.661518408889,0.260669126023,0.30337543903,1.0,-0.00304,-0.00399542857143,0.153
0.464911581519,0.546327590798,-0.124018913061,-1.35777971522,0.0794466865195,1.89485074373,0.15895096555,-0.00126571717459,-0.0199316654716,0.00227198752045,-0.0254967082624,-0.000288375588174,0.013874837885,-0.00572450056178,0.573883923728,0.818921958613,0.00219424007542,0.0,0.818881607772,-0.573823976956,-0.0118195949702,0.0,-0.00842038041492,0.00858006357197,-0.99992773724,0.0,0.661470812256,0.260595994794,0.303383419563,1.0,-0.0034,-0.00446857142857,0.171
0.464870629074,0.546045660733,-0.12401940546,-1.35824213653,0.0794247640341,1.89500802142,0.158937883754,-0.00362344667412,-0.0230829496012,-0.000144028420324,-0.032998719432,-0.00199244098509,0.00406747371208,0.00102832016247,0.573927071829,0.818891765488,0.00217704845484,0.0,0.818851121016,-0.573867115992,-0.0118373010231,0.0,-0.00844429439408,0.00857659120824,-0.999927565364,0.0,0.661415473814,0.260524554599,0.303376587772,1.0,-0.00372,-0.00488914285714,0.187
0.464819596069,0.545742145305,-0.124016942351,-1.35877497758,0.079367603228,1.89518605498,0.158858664264,-0.00757481132997,-0.0245403889754,0.000161550320923,-0.0379484160855,-0.0059912685531,0.0157769482187,-0.00316080465418,0.573915011193,0.818900365709,0.00212081826112,0.0,0.818859224268,-0.573855516484,-0.0118390849954,0.0,-0.0084781510045,0.00853144445052,-0.999927665089,0.0,0.661350331105,0.260427663801,0.303357294433,1.0,-0.00406,-0.005336,0.204
0.464758795284,0.545391059975,-0.124015152226,-1.3593647564,0.0793071859561,1.89538365888,0.158764538576,-0.00572579790433,-0.0244681169296,0.00098856295233,-0.0412779872073,-0.00153513678721,0.0134246409695,-0.00289554059597,0.573905079429,0.81890745227,0.00207155084763,0.0,0.818865790695,-0.573845903738,-0.0118508435532,0.0,-0.00851615709551,0.00849774504143,-0.99992762908,0.0,0.661284530267,0.260334835718,0.303337971492,1.0,-0.00436,-0.00573028571429,0.219
0.464698532859,0.544989587271,-0.124017082712,-1.36005974212,0.0792978547042,1.8955982762,0.158722949463,-0.00467420263582,-0.0229097891801,0.00449586256245,-0.0429238507408,-0.000230577317607,0.0111701780286,-0.00555820877919,0.573957831124,0.818870605412,0.00202153024421,0.0,0.818827944698,-0.573898506978,-0.0119183711746,0.0,-0.00859961619959,0.00849609150101,-0.999926928846,0.0,0.661194831327,0.26022969042,0.303310060073,1.0,-0.0047,-0.00617714285714,0.236
0.464630579676,0.544560630837,-0.124020394148,-1.36077747952,0.0792708377728,1.89585818103,0.15859639723,-0.00319240576411,-0.0263650750566,0.000612238445824,-0.0436194114127,-0.00321890269763,0.0174906763765,-0.00645785169743,0.573945045824,0.818879608353,0.00200456957944,0.0,0.818836575267,-0.573885644269,-0.0119447565037,0.0,-0.00863108999825,0.00849721230584,-0.999926648144,0.0,0.661112886826,0.260116541507,0.303294681938,1.0,-0.00504,-0.006624,0.253
0.464557246241,0.54408894396,-0.124023292388,-1.36156167278,0.0792379932191,1.89614086431,0.158519158217,-0.00395381136766,-0.0313188013611,0.000181429630964,-0.0508180997649,1.52892081691e-06,0.021291608018,-0.00806892147491,0.573978865427,0.818855950484,0.00198527105442,0.0,0.818812530457,-0.573919407465,-0.0119708230259,0.0,-0.00866316087243,0.00849672782268,-0.99992637492,0.0,0.661022857203,0.259993355065,0.303279824415,1.0,-0.00538,-0.00707085714286,0.27
0.464488286043,0.543607514247,-0.124023692881,-1.36233738929,0.079200126244,1.89639968757,0.158413498291,-0.00271383356343,-0.03184325044,0.00208700585206,-0.0420417266318,-0.000291001642134,0.0111152837256,-0.0135312863496,0.573982061178,0.818853770343,0.0019603932535,0.0,0.818809897027,-0.573922582058,-0.0119987180754,0.0,-0.00870024908418,0.0084924018355,-0.999926089657,0.0,0.660928738614,0.259873215636,0.303273679666,1.0,-0.0057,-0.00749142857143,0.286
0.464402387313,0.54305618734,-0.124033145141,-1.36320228328,0.0791415869816,1.89671372531,0.158299837308,-0.00673170922777,-0.0373708792884,-0.000532507339063,-0.0573489560657,-0.000661770462104,0.0250927480824,-0.00677081173567,0.573998456552,0.818842290959,0.00195481819749,0.0,0.818798435353,-0.573939087346,-0.0119913794781,0.0,-0.00869726952083,0.0084837987333,-0.999926188607,0.0,0.66083446033,0.259727381643,0.303279536322,1.0,-0.00604,-0.00793828571429,0.303
0.464328595516,0.542480658843,-0.124037926362,-1.36410589775,0.0790906279774,1.89702941684,0.158184298847,-0.00592693158935,-0.0354043813553,-0.00201287439239,-0.0569314558535,-0.00397506684251,0.0189533898566,-0.0105617422871,0.574004165734,0.818838311334,0.00194538243881,0.0,0.818794288837,-0.573944793307,-0.0120014043116,0.0,-0.00871083522895,0.00848188740262,-0.999926086736,0.0,0.660727448427,0.25958932203,0.30328401658,1.0,-0.00638,-0.00838514285714,0.32
0.464255776471,0.541915175603,-0.124036371661,-1.36498362783,0.079036831173,1.89736448325,0.158073159774,-0.00616961714728,-0.038217001548,0.000462016573511,-0.0532490355588,-0.00399760344829,0.0234249983474,-0.0134329600942,0.574003192034,0.81883895892,0.00196004850927,0.0,0.818795140636,-0.573943769862,-0.0119922311854,0.0,-0.00869491587249,0.00848862060706,-0.999926168154,0.0,0.660621841186,0.259449141623,0.303292149654,1.0,-0.00672,-0.008832,0.337
0.464173424048,0.541224642352,-0.124034101017,-1.3660449111,0.0789787148905,1.89775455831,0.157926225989,-0.004988064729,-0.038188683764,0.00129259079853,-0.0614735022111,-0.00904478110469,0.0235093733798,-0.0137677579005,0.573995060275,0.818844600402,0.00198445779443,0.0,0.818801013463,-0.573935450472,-0.0119894096886,0.0,-0.00867867979884,0.00850690177436,-0.999926153843,0.0,0.660503514412,0.259306454664,0.303311914787,1.0,-0.00706,-0.00927885714286,0.354
0.464083985698,0.540528181546,-0.124047072064,-1.36710692903,0.0789123265121,1.89814480468,0.157797107235,-0.0038351335714,-0.0443227092534,-0.00320743119905,-0.065658263875,-0.00351531422712,0.0256602128502,-0.00471713588884,0.574012758096,0.818832153692,0.00200113081996,0.0,0.818788859209,-0.57395314943,-0.0119721842567,0.0,-0.00865482071493,0.00851085398717,-0.999926327008,0.0,0.66038431804,0.259138684135,0.303332954944,1.0,-0.0074,-0.00972571428571,0.371
0.46399446988,0.539835835789,-0.124042466886,-1.36815528724,0.0788461133262,1.89853749662,0.157674393504,-0.001447303128,-0.0432829837933,-0.000303397532063,-0.0672122879767,-0.00264040120696,0.0319100093261,-0.00328187790305,0.574022685208,0.818825119203,0.00203173078319,0.0,0.818782226824,-0.573962950395,-0.0119558986042,0.0,-0.00862381794022,0.00852666624056,-0.999926460159,0.0,0.660264447365,0.258982826205,0.303357113339,1.0,-0.00772,-0.0101462857143,0.387
0.463889682689,0.53907604751,-0.124047718361,-1.36932463425,0.0787899841456,1.89897760852,0.157523596535,-0.0066315715802,-0.0458712305287,-0.00130795816684,-0.0710681879636,-0.000732801858812,0.0264244657163,-0.0135648962644,0.574038400426,0.818814021331,0.00206402744191,0.0,0.818771445306,-0.573978425725,-0.0119513202299,0.0,-0.0086013669589,0.008550648106,-0.999926448747,0.0,0.66013327551,0.25880254628,0.303375690583,1.0,-0.00806,-0.0105931428571,0.404
0.463778661383,0.538310555967,-0.124048172131,-1.37052023605,0.0787172676118,1.89944019927,0.157365571684,-0.00869507586735,-0.0474091682793,-0.00100287178407,-0.0733476719627,-0.00144611842192,0.033281685467,-0.0109172306242,0.57404694315,0.818807966288,0.00209004907683,0.0,0.818765752554,-0.57398688306,-0.0119351339207,0.0,-0.00857308703645,0.00856275260808,-0.999926588029,0.0,0.660001854396,0.258616748544,0.303387438747,1.0,-0.0084,-0.01104,0.421
0.463672578162,0.537519282938,-0.124054551576,-1.37177366458,0.0786415430667,1.8999175079,0.157226824082,-0.00774178842499,-0.0506145516838,0.000185709904398,-0.0782803003182,-0.0137133224632,0.0309253878527,-0.00855026444141,0.574073643447,0.818789221791,0.0020997809953,0.0,0.818747173023,-0.574013578255,-0.0119258352727,0.0,-0.00855960737843,0.00856566237555,-0.999926678587,0.0,0.659860636406,0.258424771368,0.303391209403,1.0,-0.00874,-0.0114868571429,0.438
0.463564590366,0.536682799722,-0.124059919142,-1.37306633683,0.0785677803791,1.90039666376,0.157061524675,-0.00737283219691,-0.0524827995769,-0.000695020378282,-0.0798654148255,-0.00638982277487,0.0297708437429,-0.00758131165629,0.574081910003,0.818783373295,0.00212017089804,0.0,0.818741566132,-0.574021736423,-0.0119180913706,0.0,-0.0085414753251,0.00857799785217,-0.999926727892,0.0,0.659711750517,0.258228518988,0.303408201288,1.0,-0.00908,-0.0119337142857,0.455
0.463441019349,0.535826691133,-0.124061529594,-1.37442179989,0.0784973767272,1.90089665243,0.156904081623,-0.00722455327113,-0.0522093968226,0.00120185807881,-0.0815030427497,-0.00845801466785,0.0281850570378,-0.0117345148137,0.574110997673,0.818762963545,0.00212574193635,0.0,0.818721116485,-0.574050684736,-0.0119286075179,0.0,-0.00854658297639,0.00858889993737,-0.999926590664,0.0,0.659555639385,0.258018940083,0.303410702713,1.0,-0.00942,-0.0123805714286,0.472
0.463334413281,0.53498459944,-0.124064923048,-1.37574737514,0.0784186307066,1.90137812203,0.156742580459,-0.00905951727174,-0.0469278440675,0.000487126187372,-0.0834383738882,-0.00173366756235,0.0287091816278,-0.0126349534029,0.574120043368,0.818756626225,0.00212360923224,0.0,0.818714727153,-0.574059713678,-0.0119326265439,0.0,-0.00855100317654,0.00858955559757,-0.999926547242,0.0,0.65939858035,0.257820298236,0.303415807945,1.0,-0.00974,-0.0128011428571,0.488
0.463208466367,0.534093564968,-0.124069832895,-1.37722444046,0.0783397797017,1.90190876556,0.156557393532,-0.0101211083279,-0.0516322114333,-0.000686261375948,-0.0861292139121,-0.00869231363422,0.0290092232751,-0.0115184958419,0.574134809542,0.818746384711,0.00207963831876,0.0,0.818703793786,-0.574074540603,-0.0119694099268,0.0,-0.0086062093884,0.00857482776191,-0.999926200021,0.0,0.659222401654,0.257594012568,0.30338751998,1.0,-0.01008,-0.013248,0.505
0.463076620892,0.533176030781,-0.124073413686,-1.37870169158,0.0782480017979,1.902461656,0.156372487873,-0.0060695947571,-0.0570572937625,0.000345604168613,-0.085000791366,-0.0118189093633,0.0317778777013,-0.00642609406281,0.574151534189,0.818734670684,0.00207405644755,0.0,0.818692020939,-0.574091300284,-0.0119708265948,0.0,-0.00861039878395,0.00857124694258,-0.999926194656,0.0,0.659061891616,0.257378267014,0.303382443009,1.0,-0.0104,-0.0136685714286,0.521
0.462942048176,0.532221784022,-0.124071396089,-1.38025541558,0.0781706786541,1.90305060319,0.156178978613,-0.0102025628436,-0.0542902957017,-0.00103123689308,-0.0928286826042,-0.000871849029137,0.0380522977363,-0.0123148061172,0.574164788731,0.81872538972,0.00206845598175,0.0,0.818682514254,-0.574104424682,-0.0119915518603,0.0,-0.00863044440158,0.00857870075076,-0.99992595792,0.0,0.658871917755,0.257132399451,0.303363774623,1.0,-0.01076,-0.0141417142857,0.539
0.462825930354,0.53133948623,-0.12406845267,-1.38165788598,0.0780826223747,1.90356222897,0.155989584486,-0.00508767348737,-0.0651942432944,0.00152814228383,-0.100178721075,-0.0086898412477,0.0370438990249,-0.0148837654744,0.574155476699,0.81873194219,0.00205968844235,0.0,0.818688934201,-0.574095132601,-0.0119981099021,0.0,-0.0086409450783,0.00857518974496,-0.999925897349,0.0,0.658704153835,0.256923192887,0.303362343144,1.0,-0.01106,-0.014536,0.554
0.462681477577,0.53025910934,-0.124071632444,-1.38340349968,0.0779812872052,1.90417187084,0.155778176935,-0.00757255289369,-0.0549099781861,0.0010663942444,-0.102311973449,-0.00663904824116,0.0272476994427,-0.0116392210003,0.574170460861,0.818721548052,0.0020138350438,0.0,0.818677835943,-0.574110204739,-0.0120341452551,0.0,-0.00869661822025,0.00855849762037,-0.999925557704,0.0,0.658490051521,0.256658165751,0.303345674681,1.0,-0.01142,-0.0150091428571,0.572
0.462543840043,0.529202607774,-0.124080147643,-1.38504361107,0.0778722343466,1.90478432459,0.155551631875,-0.00695863376814,-0.0653416749934,-0.00617634666505,-0.0976978392006,-0.00649230000219,0.0370041698119,-0.0155137327708,0.574163385104,0.818726468788,0.00203061884602,0.0,0.818683092786,-0.574103173851,-0.0120119216498,0.0,-0.0086688603737,0.00855940370821,-0.999925790981,0.0,0.658299942018,0.256405702823,0.30336251732,1.0,-0.01176,-0.015456,0.589
0.462410107323,0.52811659393,-0.12408263028,-1.38674457406,0.0777612664265,1.90544250576,0.155315156045,-0.00938578891187,-0.0612811126942,-0.00155677285773,-0.103018308862,-0.00462272752854,0.0420485930172,-0.00868628230142,0.57414348697,0.818740347223,0.0020608495842,0.0,0.818697466125,-0.57408325043,-0.0119844664911,0.0,-0.00862923316776,0.00856818067737,-0.999926058574,0.0,0.658102749821,0.256155287768,0.303374703257,1.0,-0.0121,-0.0159028571429,0.606
0.462260042064,0.526977654617,-0.124079788004,-1.38850805202,0.0776608592343,1.9061171253,0.15506715752,-0.00887023778468,-0.0677172461965,0.000613059117517,-0.105934442415,-0.00404489524007,0.0457093085365,-0.015976711014,0.574129764315,0.818749853104,0.00210681533189,0.0,0.81870750715,-0.574069273966,-0.0119680126144,0.0,-0.00858951599679,0.00859622329394,-0.999926159854,0.0,0.657897463408,0.255893339587,0.303395382689,1.0,-0.01244,-0.0163497142857,0.623
0.462118992956,0.525868740172,-0.124085864786,-1.39021802564,0.0775538228084,1.90674158581,0.154838634127,-0.0105996942784,-0.0686043642738,-0.00224253456236,-0.108007742036,-0.00968682455153,0.0413561294054,-0.00796035846589,0.574125753929,0.81875262138,0.00212380786648,0.0,0.818710522571,-0.574065219533,-0.0119562057321,0.0,-0.00857013555747,0.00860331511875,-0.999926265154,0.0,0.657693474951,0.25563367642,0.303416027894,1.0,-0.01276,-0.0167702857143,0.639
0.461954138175,0.524705879616,-0.124086863207,-1.39205736545,0.0774343144487,1.90740233575,0.154583798925,-0.00680732641806,-0.070491497033,-0.00102296714819,-0.108415791843,-0.00720085104676,0.0316686670064,-0.0140625828181,0.57411942837,0.818757103014,0.00210597557826,0.0,0.8187147884,-0.574058985117,-0.0119634343601,0.0,-0.00858635796964,0.0085927988841,-0.99992621641,0.0,0.657472835617,0.255347160819,0.303415751454,1.0,-0.0131,-0.0172171428571,0.656
0.461798401091,0.523508381287,-0.124092112374,-1.39397737653,0.0773227988777,1.90809132864,0.154335859895,-0.00585767311809,-0.0753761535424,0.000995972331863,-0.108844073844,-0.00879886655964,0.043648171042,-0.0136097096512,0.574120623173,0.818756335343,0.00207852925705,0.0,0.818713576966,-0.574060208265,-0.0119876219278,0.0,-0.0086219064593,0.00858422636736,-0.999925984154,0.0,0.657237367806,0.2550582802,0.303403747513,1.0,-0.01344,-0.017664,0.673
0.461653081151,0.522362607951,-0.124098605893,-1.39580028496,0.0772077280222,1.90880068332,0.154081327712,-0.0104371231783,-0.0712075254396,-0.00379377885389,-0.11351497596,-0.00552532315869,0.0391779032261,-0.018940494736,0.574102673106,0.818768867969,0.00209963777746,0.0,0.818726473986,-0.57404226147,-0.0119661916117,0.0,-0.00859242977266,0.00858901699055,-0.999926196745,0.0,0.657024687368,0.254787179387,0.303403082509,1.0,-0.01376,-0.0180845714286,0.689
0.461486982709,0.521113969236,-0.124100094679,-1.39778686717,0.0770959003429,1.90957555969,0.153810232889,-0.0100060825929,-0.0794004753688,0.000189256323475,-0.119445240818,-0.00343664188031,0.0478640556952,-0.0164059364223,0.574094123721,0.818774776553,0.00213290676441,0.0,0.818732766872,-0.574033526219,-0.0119546697304,0.0,-0.00856398692948,0.00860955206052,-0.999926264152,0.0,0.656792581961,0.254492249426,0.303402019606,1.0,-0.0141,-0.0185314285714,0.706
0.461317333624,0.51982472971,-0.124113192403,-1.39983767411,0.0769607282815,1.91032631643,0.153540486295,-0.00885674769001,-0.0777997848244,-0.00192522814146,-0.124105541348,-0.00694072503135,0.0441158759973,-0.0136002622378,0.574094195048,0.818774775449,0.00211404873848,0.0,0.818732628557,-0.574033784202,-0.011951754337,0.0,-0.0085724246219,0.00859243889714,-0.999926339052,0.0,0.656545667503,0.254175836631,0.303396782492,1.0,-0.01444,-0.0189782857143,0.723
0.461138443936,0.518392834403,-0.124115203659,-1.40202952744,0.0768237231948,1.91110323203,0.153242955717,-0.0146112753138,-0.0793684714324,0.000148519389777,-0.124213118178,-0.0103617190229,0.0505281254921,-0.0243417839501,0.574077666834,0.818786328247,0.00212791407224,0.0,0.818744323378,-0.574017162168,-0.011948948622,0.0,-0.00856234142314,0.00860200772862,-0.999926343174,0.0,0.656273554574,0.253846501215,0.303426015698,1.0,-0.0148,-0.0194514285714,0.741
0.460969780359,0.5171226554,-0.124118474056,-1.40404122466,0.0766852167787,1.91182425341,0.152963784572,-0.0137797474042,-0.0800260462081,6.44062565609e-05,-0.124756628987,-0.0130549725647,0.0401642583941,-0.0209514044236,0.574058459013,0.818799864318,0.00210112576529,0.0,0.818757597484,-0.573998154502,-0.0119524930856,0.0,-0.00858082261251,0.00858190767399,-0.99992635746,0.0,0.656025652612,0.253538431998,0.303422317713,1.0,-0.01512,-0.019872,0.757
0.460795728754,0.515850005111,-0.124124185179,-1.40606901497,0.076566083051,1.91260313963,0.152689498442,-0.00859872626354,-0.0811942232573,-0.00302184911594,-0.130678235083,-0.00933814036525,0.0561372366959,-0.0111592007657,0.57404716057,0.818807745475,0.00211667029315,0.0,0.818765692957,-0.573986805197,-0.0119429643341,0.0,-0.00856421576916,0.00858904714989,-0.999926438533,0.0,0.655769037116,0.253212838372,0.303416012596,1.0,-0.01546,-0.0203188571429,0.774
0.460609055847,0.514448460998,-0.124124868039,-1.40828557034,0.0764308205412,1.91341195059,0.152386508013,-0.014263800763,-0.0793669712706,0.00231810470427,-0.13397851432,-0.0089842069218,0.0467239015825,-0.01275578503,0.574041206465,0.81881192586,0.00211429658994,0.0,0.818769767955,-0.573980786968,-0.0119528312687,0.0,-0.00857372024075,0.00859270524672,-0.999926325655,0.0,0.655512528186,0.252896141657,0.303415181684,1.0,-0.01578,-0.0207394285714,0.79
0.460415752281,0.513045795288,-0.124130333549,-1.41057953033,0.0762869706973,1.91419826224,0.152068143599,-0.00844781612628,-0.0873850784558,-0.000976003921037,-0.135990796786,-0.0104403302467,0.0445378285967,-0.0183213569026,0.574024009898,0.818824213996,0.00202225992241,0.0,0.818780769207,-0.573963891309,-0.0120104267234,0.0,-0.00867389104649,0.00855022546148,-0.999925825878,0.0,0.655218781225,0.252542648388,0.303374636655,1.0,-0.01612,-0.0211862857143,0.807
0.460216332173,0.511617928076,-0.124128756819,-1.41286844589,0.0761588989472,1.91503150458,0.151745456694,-0.0146374466669,-0.0834722112744,0.000355391924748,-0.13688301374,-0.0046227453711,0.0508040339191,-0.015831431611,0.574007329592,0.818835950066,0.00200483294468,0.0,0.818792093544,-0.573947106082,-0.0120405096145,0.0,-0.0087087017322,0.0085530468074,-0.999925499177,0.0,0.654934480172,0.252195908649,0.303357542377,1.0,-0.01646,-0.0216331428571,0.824
0.460021009921,0.510155514262,-0.124134445579,-1.41519579961,0.0760198370043,1.91591110853,0.151417142749,-0.0111699675685,-0.0838849863538,-0.00339305095012,-0.135652489283,-0.00760265640941,0.0529431230971,-0.0100817067757,0.573986647181,0.818850420845,0.00201594692289,0.0,0.818806686857,-0.573926356503,-0.0120371828585,0.0,-0.00869981467553,0.00856001785815,-0.999925516886,0.0,0.654651481724,0.251844920507,0.303350098399,1.0,-0.0168,-0.02208,0.841
0.45981354081,0.508640774484,-0.124137472227,-1.41756280208,0.0758588551431,1.9167611252,0.151093425925,-0.00890660603687,-0.0953571709211,0.000494050464913,-0.137748604485,0.00114285528297,0.0433033868473,-0.00495825754144,0.573972926276,0.818860064998,0.00200518199619,0.0,0.818816268986,-0.573912760553,-0.0120336120448,0.0,-0.0087032123701,0.00854900775465,-0.999925581511,0.0,0.654357155063,0.251478149607,0.303357172324,1.0,-0.01714,-0.0225268571429,0.858
0.459612360246,0.507206430967,-0.12414298293,-1.4198086775,0.075710540027,1.91757567762,0.15077038366,-0.0149978232576,-0.0886297802171,0.000999395421894,-0.141237104015,-0.00751626861458,0.0484985525456,-0.0163129955899,0.57395324833,0.818873867952,0.00200100406203,0.0,0.818830073079,-0.573893157618,-0.0120292128652,0.0,-0.00870221307238,0.00854285257759,-0.999925642814,0.0,0.654079963991,0.251127055876,0.303362180063,1.0,-0.01746,-0.0229474285714,0.874
0.459374054831,0.505544213992,-0.124149709672,-1.42240386009,0.0755500408929,1.91855943844,0.150412048444,-0.0195817289116,-0.0987223994077,-0.000350456168702,-0.143209379918,-0.0154971705408,0.0572512736296,-0.0246592795909,0.573950696735,0.818875559033,0.00204045030124,0.0,0.818832312013,-0.573890471287,-0.0120049435969,0.0,-0.00865972664065,0.00856119720902,-0.99992585477,0.0,0.653768162901,0.250722045627,0.303374443151,1.0,-0.01782,-0.0234205714286,0.892
0.459167293459,0.503988667758,-0.124150435502,-1.42473170015,0.0754082671247,1.91945428199,0.150090065003,-0.0112316683914,-0.101246294743,0.000169862479815,-0.14440834506,-0.00784343007905,0.0573708321593,-0.0200975000646,0.573938588578,0.81888377835,0.00214499377567,0.0,0.818841910664,-0.573877945308,-0.0119488966486,0.0,-0.00855395770424,0.0086145095352,-0.999926307301,0.0,0.653488615035,0.25036854056,0.303430807517,1.0,-0.01814,-0.0238411428571,0.908
0.458920976542,0.502210450776,-0.12416202904,-1.42736733142,0.0752315692267,1.9204380698,0.14972861016,-0.01130730197,-0.0995857650398,-0.00136057313462,-0.150895748179,-0.0101039106926,0.0547114482133,-0.0218694622319,0.573939812678,0.818882657285,0.00224319477298,0.0,0.818842239511,-0.573878946601,-0.0118780613763,0.0,-0.00843957869788,0.00865428157457,-0.999926935792,0.0,0.653171880301,0.249949813038,0.303503540635,1.0,-0.0185,-0.0243142857143,0.926
0.458694593005,0.500597262318,-0.124157184369,-1.42979712178,0.0750779184961,1.92128954281,0.149383931976,-0.0116804541836,-0.104942434573,0.000645669929863,-0.151297377981,-0.00828883728952,0.0495621010592,-0.0230209661325,0.573921699577,0.818895264242,0.00227505117021,0.0,0.818855172792,-0.573860618975,-0.011871936759,0.0,-0.00841647255974,0.0086766665938,-0.999926936554,0.0,0.652862833001,0.249570893207,0.303546453155,1.0,-0.01882,-0.0247348571429,0.942
0.458463348458,0.499002725654,-0.124160099355,-1.4322658631,0.07493562923,1.92219035988,0.149035385713,-0.0148757166791,-0.103246189534,0.000684848239164,-0.157291454689,-0.00665541783907,0.0606736537711,-0.023213238335,0.573915131105,0.818899789619,0.0023029876104,0.0,0.818859929771,-0.573853804914,-0.0118732010311,0.0,-0.00840154537934,0.00870020150514,-0.99992685759,0.0,0.652555082717,0.249184588059,0.303561853363,1.0,-0.01914,-0.0251554285714,0.958
0.458208369451,0.497328492716,-0.124162159123,-1.43491832364,0.0747758767962,1.92316927341,0.148646016643,-0.0156942450172,-0.0976662113488,-0.000692329490459,-0.161177904136,-0.0135141923834,0.0580695879885,-0.0204776471918,0.573898158729,0.818911680184,0.00230442337408,0.0,0.818871756663,-0.573836743742,-0.0118821114684,0.0,-0.00840819894539,0.00870631673352,-0.999926748437,0.0,0.652226178194,0.24876515762,0.303551582813,1.0,-0.01948,-0.0256022857143,0.975
0.457909039097,0.495470481132,-0.124155428509,-1.43793309586,0.0745824707682,1.92420177241,0.148208378827,-0.0145084832843,-0.0981756021336,0.00214728354135,-0.158542031243,-0.00766911190512,0.05255257252,-0.0172889506426,0.573879679215,0.81892492339,0.00219784819502,0.0,0.818883442003,-0.573818520818,-0.0119566082543,0.0,-0.00853056273816,0.00866160276709,-0.999926100338,0.0,0.651834565562,0.24827996235,0.303500679022,1.0,-0.01986,-0.0261017142857,0.994
0.457661659012,0.493957558214,-0.124174067429,-1.440395267,0.0744265419567,1.9250821195,0.147860945113,-0.0179458598532,-0.107573967441,-0.00386667045007,-0.171945025921,-0.0158726462305,0.0614079390721,-0.0276062383228,0.573892873847,0.818915850167,0.00213227441376,0.0,0.818873522962,-0.573831993644,-0.0119893020808,0.0,-0.00859482770566,0.00862680418043,-0.999925850844,0.0,0.651526888937,0.247870503671,0.303459371402,1.0,-0.02558,-0.0336194285714,1.009
0.457345823963,0.491364672134,-0.124262825229,-1.44429530871,0.0742108325281,1.92656416337,0.147290474345,-0.0189749458421,-0.164108870828,-0.00103180673603,-0.25788733688,-0.0160290643944,0.107597116505,-0.0368096597948,0.573886181953,0.818920154901,0.00227529374369,0.0,0.818879877728,-0.573824910218,-0.0118939129969,0.0,-0.00843470723988,0.00868911187324,-0.999926674836,0.0,0.65105291705,0.247250181694,0.303538575264,1.0,-0.03748,-0.0492594285714,1.026
0.456912750231,0.488143918439,-0.124278127676,-1.44945801491,0.0739389545306,1.92850906299,0.146512500467,-0.0288589002464,-0.218328926611,0.000630146263888,-0.350380652076,-0.0198470266117,0.134456893545,-0.0479451287786,0.573799959443,0.818980511026,0.00229695523144,0.0,0.818940086859,-0.57373816958,-0.0119328874918,0.0,-0.0084551141931,0.00872832712292,-0.999926160949,0.0,0.65039256959,0.246477804229,0.303489876765,1.0,-0.04868,-0.0639794285714,1.042
0.456242892451,0.483656118356,-0.124388983942,-1.45650045457,0.0735083564561,1.93112862803,0.145444592336,-0.0368293111618,-0.284200004144,-0.0125767276721,-0.444275262372,-0.0297110284338,0.162020828464,-0.069966143582,0.573786023531,0.818990182245,0.00232969705148,0.0,0.818950487183,-0.573724418903,-0.0118801345813,0.0,-0.00839327109525,0.00872472969382,-0.999926713361,0.0,0.649522883283,0.245310270478,0.303484603114,1.0,-0.06058,-0.0796194285714,1.059
0.455395984321,0.478175494046,-0.124542919333,-1.46520542679,0.0729993037734,1.93412849969,0.144127569391,-0.0506416934841,-0.347695434373,-0.0168676691993,-0.53968633428,-0.0310348594543,0.18581602611,-0.0809031710789,0.573799896075,0.818981002916,0.00213143799106,0.0,0.818938543523,-0.573738909432,-0.0120030261716,0.0,-0.00860752722507,0.00863301810617,-0.999925687976,0.0,0.648393482847,0.243833427612,0.303405542461,1.0,-0.07248,-0.0952594285714,1.076
0.454359350496,0.471694491223,-0.124677824515,-1.47534009373,0.0724119456685,1.9377315671,0.142676952862,-0.0654162476753,-0.405014973779,-0.00482091249293,-0.624274879013,-0.0370513839088,0.226409266485,-0.0912666082238,0.573889001178,0.818918670638,0.00209095868867,0.0,0.818875393523,-0.573827885215,-0.012057982151,0.0,-0.00867482332851,0.00863234415125,-0.999925112233,0.0,0.647088716264,0.242118631647,0.303381927302,1.0,-0.08438,-0.110899428571,1.093
0.45315047659,0.464189563097,-0.124782113367,-1.48667116078,0.0717250268527,1.94198234767,0.140838158464,-0.0798309951551,-0.455720584664,-0.00688854376366,-0.708779622008,-0.0367084348839,0.256412706023,-0.121033039692,0.573801653946,0.818978885277,0.00244832598066,0.0,0.818940394637,-0.573739229119,-0.0118606029601,0.0,-0.00830904270503,0.00881083627601,-0.999926661797,0.0,0.645663191525,0.240212401984,0.303539221257,1.0,-0.09628,-0.126539428571,1.11
0.451688053725,0.455866532204,-0.124864649428,-1.49973006288,0.0708930298411,1.94644660395,0.138871251701,-0.0891461405672,-0.507723370618,-0.016278693667,-0.797289030203,-0.0469944812884,0.265301806953,-0.119970773865,0.57382909506,0.818960325219,0.00221410960534,0.0,0.818918240006,-0.573767047275,-0.0120431950965,0.0,-0.00859268127803,0.00872407845057,-0.999925025331,0.0,0.643906397638,0.237958792294,0.303441998916,1.0,-0.10818,-0.142179428571,1.127
0.450155011306,0.446985678138,-0.125020064936,-1.51302177257,0.0699576953081,1.95123962293,0.136759521434,-0.0982441886066,-0.574636624791,-0.00826886085492,-0.865876653134,-0.0514994620758,0.308121277058,-0.131828006932,0.573817130452,0.81896796935,0.00247242391582,0.0,0.818930250268,-0.573755099346,-0.0117931366546,0.0,-0.00823979399042,0.00879201584388,-0.999927400491,0.0,0.642178536341,0.235606963474,0.303628619942,1.0,-0.11938,-0.156899428571,1.143
0.448342392418,0.436897086872,-0.125116641056,-1.52859018258,0.0689520618312,1.956551309,0.134322332079,-0.112592535774,-0.610499936436,-0.00716393641699,-0.942025548431,-0.054438120981,0.318356098952,-0.147109071187,0.573793558734,0.818984895738,0.00233225405295,0.0,0.818944692728,-0.573731380803,-0.0119431920121,0.0,-0.00844336908765,0.00876308244252,-0.999925956211,0.0,0.640026303644,0.232889833897,0.303581995805,1.0,-0.13128,-0.172539428571,1.16
0.446281497232,0.425799686216,-0.125247492961,-1.54513945229,0.06781949388,1.96246261351,0.131576682119,-0.125286695966,-0.668649380216,-0.011224407601,-0.995038887523,-0.079249687801,0.344117561568,-0.159712869809,0.573733698971,0.819025751312,0.00268481917668,0.0,0.818990574203,-0.573670667106,-0.0117111899636,0.0,-0.00805171917111,0.00891811763771,-0.999927815893,0.0,0.637794466566,0.229920172976,0.303781187523,1.0,-0.14318,-0.188179428571,1.177
0.443958771947,0.413941464273,-0.125388080475,-1.56286379024,0.0665310091389,1.96868800391,0.128631425934,-0.143688660881,-0.71546140733,-0.00970996401158,-1.06668743523,-0.0847208745841,0.381265387467,-0.16977948631,0.573712949871,0.819039489257,0.00291771984975,0.0,0.819008103076,-0.573650015579,-0.0114949389857,0.0,-0.00774120796087,0.008984604535,-0.999929672817,0.0,0.635357464533,0.226659159469,0.303933638483,1.0,-0.15508,-0.203819428571,1.194
0.441393020056,0.401434122581,-0.125504302909,-1.58187876502,0.06526084017,1.97510090965,0.125435353546,-0.158145728359,-0.746789163124,-0.00605270972446,-1.13684206742,-0.0758225602664,0.368588876035,-0.195061980463,0.573703876519,0.819046092963,0.00284720399416,0.0,0.819012956079,-0.573640210564,-0.0116375899855,0.0,-0.00789860398297,0.00900860089129,-0.999928226007,0.0,0.632624481242,0.223147436662,0.303891846603,1.0,-0.16698,-0.219459428571,1.211
0.438523934377,0.388040866821,-0.125647223403,-1.60184482471,0.0638018015292,1.9819709785,0.122003249378,-0.168790696923,-0.813055183985,-0.00730088009055,-1.21350360091,-0.0936478960922,0.398958541736,-0.205795486459,0.573720387673,0.819033828829,0.00304152978253,0.0,0.819003597152,-0.573656540803,-0.011490341477,0.0,-0.00766633252133,0.00908344188381,-0.999929356719,0.0,0.629767539533,0.219348234008,0.303991522166,1.0,-0.17888,-0.235099428571,1.228
0.435604458554,0.3747630526,-0.125785683124,-1.62159899539,0.0623229067447,1.98853748346,0.118429754146,-0.186391971909,-0.86812505777,-0.00948735585102,-1.26589854649,-0.0908230409006,0.410574413928,-0.226316198662,0.573610939397,0.819110394284,0.00306579206522,0.0,0.819080586515,-0.573547162785,-0.0114626243421,0.0,-0.00763092532264,0.00908639242093,-0.999929600748,0.0,0.626841809991,0.215541848361,0.304043506854,1.0,-0.19008,-0.249819428571,1.244
0.432120563974,0.359991810008,-0.125970126984,-1.64347616487,0.0606592352997,1.99578255131,0.114538482359,-0.211841558662,-0.903868585846,-0.0100168393743,-1.30828843919,-0.102497086569,0.431592537604,-0.235075986639,0.5737277361,0.819028394795,0.00311773172514,0.0,0.818999507084,-0.57366408642,-0.0114048344715,0.0,-0.00755249795727,0.00909686575089,-0.999930100961,0.0,0.623575130411,0.211172622419,0.304091218479,1.0,-0.20198,-0.265459428571,1.261
0.428258159262,0.34458494092,-0.126206928407,-1.66630862676,0.0589315934446,2.00312233443,0.110227787409,-0.236763223929,-0.950868949089,-0.0181311972949,-1.35032223633,-0.0997166567477,0.45321142941,-0.249286694483,0.573825799267,0.818960123971,0.00300238944768,0.0,0.818929470319,-0.573762160384,-0.0115001242087,0.0,-0.00769563385659,0.00905798756012,-0.999929362546,0.0,0.620081113967,0.20646621728,0.304057602222,1.0,-0.21388,-0.281099428571,1.278
0.424148038136,0.328531259656,-0.126340261249,-1.6898474287,0.0571399091121,2.01067855709,0.105710780883,-0.24646685203,-0.955968328285,-0.00926726088824,-1.39151500867,-0.0925937816361,0.430040733772,-0.271164306172,0.573838804003,0.8189508391,0.00304910775768,0.0,0.818920112064,-0.57377421529,-0.011564896308,0.0,-0.00772173079177,0.00913353778131,-0.999928474123,0.0,0.616383420009,0.201638559169,0.304065602036,1.0,-0.22578,-0.296739428571,1.295
0.42002873197,0.312827695821,-0.126476319074,-1.71273956858,0.0552112481284,2.01789103183,0.101159397745,-0.258516522867,-0.971674671923,-0.00223825856149,-1.42289771734,-0.115075290701,0.439874839849,-0.296617303306,0.57371551666,0.819037485137,0.00297502698043,0.0,0.819006162608,-0.573651609732,-0.0115534913707,0.0,-0.00775626283258,0.00906515723422,-0.999928829123,0.0,0.612695921985,0.196870520458,0.304055662196,1.0,-0.23698,-0.311459428571,1.311
0.415279594198,0.295468847922,-0.126640584738,-1.73775650227,0.0530869912383,2.02566949464,0.0959972622464,-0.28779548323,-1.0152692791,-0.00431629315942,-1.49105765944,-0.131382130592,0.440910544839,-0.304011178569,0.573583047946,0.819130212374,0.00298817449736,0.0,0.819099321178,-0.573519422002,-0.0115117997886,0.0,-0.00771603545264,0.00905075916757,-0.999929270776,0.0,0.608589375385,0.191542291311,0.304087880711,1.0,-0.24888,-0.327099428571,1.328
0.410087701152,0.277505693468,-0.126817459869,-1.76337030132,0.0509978532047,2.03351853324,0.0905839905718,-0.318870903939,-1.06028111055,-0.0108926142172,-1.52158831587,-0.132147112151,0.456083915895,-0.333363282498,0.573594204488,0.819121831314,0.00314021391119,0.0,0.819092228933,-0.573529294218,-0.0115245857727,0.0,-0.00763918221306,0.00918273721636,-0.999928657571,0.0,0.604303825625,0.185947477413,0.304148100172,1.0,-0.26078,-0.342739428571,1.345
0.404430507806,0.258990343565,-0.127067281253,-1.78956399962,0.0486652608834,2.04133292683,0.0848165964432,-0.348544999009,-1.0949076039,-0.0253650217085,-1.55856029212,-0.156093045837,0.458400607072,-0.341935398323,0.57362267971,0.819101830443,0.00315588171344,0.0,0.819072777369,-0.573558135172,-0.0114716107358,0.0,-0.00758648178475,0.00916544935425,-0.999929217411,0.0,0.599834772374,0.180003840801,0.30419333749,1.0,-0.27268,-0.358379428571,1.362
0.398675761238,0.241042289948,-0.127292951777,-1.8148181784,0.0463935383498,2.04866804515,0.0790896557617,-0.370248528522,-1.13325031168,-0.0124191226043,-1.59373057357,-0.15104675311,0.448322392843,-0.376241954738,0.573681058553,0.819061117881,0.00311048786723,0.0,0.819031348005,-0.573616490048,-0.0115117432344,0.0,-0.00764474133454,0.00915183231647,-0.99992889842,0.0,0.595412003194,0.174159154629,0.304191007075,1.0,-0.28388,-0.373099428571,1.378
0.392258812799,0.221447522979,-0.127467616657,-1.84205598954,0.0439485825735,2.0564541663,0.0726319366317,-0.394046652395,-1.15331005482,-0.0174036356258,-1.61230267722,-0.157558552829,0.440317167698,-0.38997386423,0.573568763323,0.819139406477,0.00320209266956,0.0,0.819110149492,-0.573503112509,-0.0115537804508,0.0,-0.00762789360906,0.00924993225995,-0.999928124413,0.0,0.590505876646,0.167849738799,0.304222235815,1.0,-0.29578,-0.388739428571,1.395
0.3848538219,0.200119275759,-0.127731597964,-1.87138093973,0.0411403872523,2.06449503446,0.0653729090609,-0.427144308844,-1.18095487215,-0.0152109177348,-1.59133877519,-0.158201463875,0.43526959788,-0.413550897448,0.573518746707,0.819174606339,0.00315569420082,0.0,0.819144591678,-0.573453061088,-0.0115961870495,0.0,-0.00768980751464,0.00923577831817,-0.999927781022,0.0,0.585096567214,0.160783815295,0.304248026597,1.0,-0.30838,-0.405299428571,1.413
