position_joint1,position_joint2,position_joint3,position_joint4,position_joint5,position_joint6,position_joint7,velocity_joint1,velocity_joint2,velocity_joint3,velocity_joint4,velocity_joint5,velocity_joint6,velocity_joint7,ee_T_00,ee_T_10,ee_T_20,ee_T_30,ee_T_01,ee_T_11,ee_T_21,ee_T_31,ee_T_02,ee_T_12,ee_T_22,ee_T_32,ee_T_03,ee_T_13,ee_T_23,ee_T_33,v_x,v_y,time
0.465085037551,0.547644369759,-0.123950294757,-1.35575249841,0.0794360530169,1.89408685176,0.159166983941,0.000333174131863,0.000834155066957,-0.00120832922984,0.000373292613853,-8.27195711399e-05,-0.000102619800468,-0.00105992643219,0.573754447379,0.819012940516,0.00209386732044,0.0,0.818972119635,-0.573695752667,-0.0117727454303,0.0,-0.00844095057888,0.0084696470731,-0.99992850516,0.0,0.661688292062,0.260920206505,0.303347045697,1.0,0.0,0.0,0.0
0.465085036573,0.547631926071,-0.123942416737,-1.35574999276,0.0794356018468,1.89408685176,0.159170855149,0.00107021183474,0.00225567865748,0.000780600280923,-0.000488706233567,-0.000221050520527,-0.000229670640774,0.00202673301046,0.573755678242,0.819012086371,0.00209068517793,0.0,0.818971195316,-0.573696966896,-0.0117778741177,0.0,-0.00844696413906,0.0084699961655,-0.999928451421,0.0,0.661685553884,0.260924754697,0.303344316556,1.0,-0.00018,-0.000236571428571,0.01
0.465079063717,0.547640108333,-0.123946171896,-1.35575786277,0.0794321502056,1.89408760308,0.15917797662,-0.000189803920891,-0.000152415625645,0.000894148057187,0.00116379602655,-0.000288067664767,0.000169836973043,0.00179871247961,0.573764718579,0.819005748373,0.00209254574057,0.0,0.818964921479,-0.573706038969,-0.0117722189014,0.0,-0.00844117134185,0.00846836846545,-0.999928514126,0.0,0.661688155634,0.260917477226,0.303347432834,1.0,-0.00052,-0.000683428571429,0.027
0.465080425428,0.547613990901,-0.123945606556,-1.35577681546,0.0794359019389,1.8940899385,0.159165315383,0.00109181006044,-0.00223020197121,0.000472479068278,-0.00255580409137,0.000293045060482,-0.00025249748112,-0.0022683299931,0.573754836154,0.81901264173,0.00210418090496,0.0,0.818971912385,-0.573696058527,-0.0117722578845,0.0,-0.00843463013024,0.00847781817766,-0.99992848925,0.0,0.661684271788,0.260917566854,0.303357104842,1.0,-0.00086,-0.00113028571429,0.044
0.465077967042,0.5475201725,-0.123948389641,-1.35587971703,0.0794318774326,1.89411034826,0.159165773368,-0.000159465983226,-0.00944717934613,-0.000658502368166,-0.00796978317064,-8.03165702747e-05,0.00473329516761,-0.00157502475582,0.573763693117,0.819006407394,0.00211565823268,0.0,0.818965799923,-0.573704842329,-0.0117694242018,0.0,-0.00842563267938,0.0084856834085,-0.999928498389,0.0,0.661668738783,0.260904082264,0.303376444354,1.0,-0.00118,-0.00155085714286,0.06
0.465072622389,0.547382080069,-0.123948415951,-1.3560619522,0.0794327269601,1.89414810323,0.159160477307,-0.000377683439923,-0.00366351031714,-0.00124647805335,-0.0128187196221,0.0003343815366,0.00248360647998,-0.00196005625294,0.573774273777,0.818998988869,0.00211799065717,0.0,0.818958297889,-0.573715297985,-0.0117817688363,0.0,-0.00843429550937,0.00849478543236,-0.999928348073,0.0,0.661640867774,0.260887159161,0.30339106136,1.0,-0.00152,-0.00199771428571,0.077
0.465056603754,0.547225214298,-0.123945869987,-1.35627585804,0.079429338546,1.89423966842,0.159156442172,0.000749968808445,-0.016396480109,-6.37785705471e-05,-0.0152945401773,0.000339417195882,0.00756675670126,-0.00112200681257,0.573793098752,0.818985708252,0.00215323122409,0.0,0.818945365281,-0.573733872545,-0.0117762081872,0.0,-0.0084093264196,0.00852064976753,-0.999928338311,0.0,0.66161663473,0.26085663225,0.303407971164,1.0,-0.00188,-0.00247085714286,0.095
0.465039619194,0.547059307307,-0.123940699826,-1.35645100946,0.0794229363208,1.89435364893,0.15914359111,-0.00124974335266,-0.00949904939795,0.0015579746736,-0.00969777248139,0.000517147323746,0.00782124645649,-0.00144381001865,0.573801206581,0.818979780512,0.00224529265793,0.0,0.818940637519,-0.573741631842,-0.0117268500676,0.0,-0.00831599532963,0.00856780707573,-0.999928715911,0.0,0.661607192292,0.260836495839,0.303451837858,1.0,-0.00218,-0.00286514285714,0.11
0.465013813274,0.546845335628,-0.123946328542,-1.35671398506,0.0794154856807,1.89447496756,0.159132051913,-0.000416745281838,-0.010303590897,-0.000239104443232,-0.0188542649855,-0.00186382382608,0.00316749320338,0.000915313092615,0.573829636457,0.818959680903,0.00231003917035,0.0,0.818921366668,-0.573769804686,-0.0116941586789,0.0,-0.00825177260868,0.0086023608799,-0.999928951294,0.0,0.66158516856,0.26079480078,0.303488929548,1.0,-0.00254,-0.00333828571429,0.128
0.464978320711,0.546616463685,-0.12394848488,-1.35705907349,0.0794055265773,1.89461438313,0.159100323434,-0.00142136165053,-0.0106417991747,-0.000926854494499,-0.0226902154899,-0.000226766007548,0.0076307460087,-0.00345737410993,0.573850957105,0.818944671663,0.00233467037016,0.0,0.818906607738,-0.573790959587,-0.0116897134446,0.0,-0.00823377431237,0.00862019620696,-0.999928946065,0.0,0.661550165121,0.260739972088,0.303498929417,1.0,-0.00288,-0.00378514285714,0.145
0.464943138056,0.546357710046,-0.123949452037,-1.35744135619,0.079390569253,1.89475593458,0.158974064384,-0.00290276532308,-0.00978469963164,-0.00143044763142,-0.0241308009153,-0.000816677644487,0.0150249832409,-0.0087771251236,0.573794436952,0.81898421434,0.0023553525944,0.0,0.818946344641,-0.573734292796,-0.0116872909268,0.0,-0.00822051849289,0.00863517616826,-0.999928925878,0.0,0.661507744818,0.260681348811,0.303512510311,1.0,-0.0032,-0.00420571428571,0.161
0.464901560779,0.546072897464,-0.123949512169,-1.35789675444,0.0793676141599,1.89491937769,0.158934360237,-0.00216474360261,-0.0128038115285,-0.00332452304105,-0.0291370200761,-0.00441709471952,0.0103161233912,0.00128295453343,0.573815367517,0.818969561232,0.00235131406921,0.0,0.818931591654,-0.573755185745,-0.011695380435,0.0,-0.00822924038114,0.00863672067937,-0.999928840798,0.0,0.66145547596,0.260610873516,0.303511581923,1.0,-0.00354,-0.00465257142857,0.178
0.464845479748,0.545727576395,-0.123948881126,-1.35845412542,0.0792767913178,1.89510579689,0.158884953827,-0.00797910683269,-0.0276227588568,-0.00342655575644,-0.0329324045619,-0.0126391881075,0.00716747190965,-0.00774379228504,0.573827320959,0.818961337127,0.00229802389015,0.0,0.818923143936,-0.573767822179,-0.0116669387129,0.0,-0.00823639814191,0.00857687826586,-0.999929296953,0.0,0.661393354775,0.260510463577,0.303506784411,1.0,-0.0039,-0.00512571428571,0.196
0.464793258539,0.545426549278,-0.123953796742,-1.35898283108,0.0792281217068,1.89527830118,0.158808807646,-0.00397217810245,-0.0250026962873,-0.00179606023164,-0.039168288135,-0.00060705543036,0.0178924880309,-0.0141456985414,0.573827684824,0.818961242127,0.00224029543066,0.0,0.818922436053,-0.573768539606,-0.0116813350242,0.0,-0.00828130904446,0.00853786600454,-0.99992925988,0.0,0.661331722463,0.260418100807,0.303483301364,1.0,-0.0042,-0.00552,0.211
0.464722028957,0.545016641746,-0.123944481182,-1.35970502463,0.0792250791614,1.89550512474,0.15870944029,-0.00851364332819,-0.0233128809505,0.00182709807822,-0.0382272363867,0.00077959431508,0.0119348555822,-0.000273620255784,0.573837453368,0.818954527873,0.00219209718242,0.0,0.818914631706,-0.573778012621,-0.0117628700508,0.0,-0.00837563978114,0.00854528037421,-0.999928410858,0.0,0.661238401123,0.260310949584,0.303449107212,1.0,-0.00456,-0.00599314285714,0.229
0.464660321764,0.544596632291,-0.123957968324,-1.36041141377,0.0791994512355,1.89575733192,0.158656775039,-0.00300298400464,-0.0269217801464,-0.000628530165955,-0.0491542774622,-0.000371681405921,0.0212341586573,-0.00586311356736,0.573886882851,0.818919955501,0.00216773476655,0.0,0.818879642473,-0.573827428032,-0.0117881670725,0.0,-0.00840982150384,0.00854035275463,-0.999928166058,0.0,0.661157973469,0.260196974453,0.303432466227,1.0,-0.0049,-0.00644,0.246
0.464595202582,0.544167445371,-0.123955620705,-1.36110720822,0.079167935758,1.89600452481,0.158532375213,-0.0033252864049,-0.0302591939598,0.000311446556035,-0.0443000642671,-0.00166516779806,0.0177323951092,-0.00396847519203,0.573867055681,0.818933876471,0.0021576084434,0.0,0.818893303212,-0.573807512357,-0.0118086247585,0.0,-0.00843259326929,0.00854359631777,-0.999927946571,0.0,0.661076721973,0.260090005078,0.303426353941,1.0,-0.00522,-0.00686057142857,0.262
0.464525978106,0.543636328003,-0.123953379481,-1.36196914715,0.0791218579481,1.89631284966,0.158450530892,-0.00348284517133,-0.0338373977701,0.000468645955141,-0.0491189772506,-0.00299361392348,0.020502889304,0.00149675290573,0.573890857743,0.818917239253,0.00214139099904,0.0,0.818876370117,-0.573831289283,-0.0118274597794,0.0,-0.00845707637704,0.00854136997388,-0.99992775882,0.0,0.660973927092,0.259963675591,0.303418527443,1.0,-0.00558,-0.00733371428571,0.28
0.464447231139,0.543120154738,-0.123964363672,-1.36281592695,0.0790667309244,1.89660539894,0.158315464288,-0.00185973326202,-0.0284841467143,-0.00122188525681,-0.0566062528658,-0.0039833639778,0.023785129775,-0.00893099434907,0.57388477101,0.818921601363,0.00210412096012,0.0,0.818880298812,-0.573825402835,-0.0118410379633,0.0,-0.00848964716518,0.00851857856971,-0.99992767724,0.0,0.660876964235,0.259822463043,0.303406331976,1.0,-0.00592,-0.00778057142857,0.297
0.464384638935,0.542578899887,-0.123964771866,-1.36367463606,0.0790151136999,1.89690722226,0.158226577679,-0.00101856632145,-0.0376482417503,0.000873868520847,-0.0552752825963,-0.00177374941931,0.0229098133267,-0.00795900040017,0.573897410595,0.818912778229,0.00209061415525,0.0,0.818871271592,-0.573838066391,-0.0118516253748,0.0,-0.00850593724342,0.00851372490123,-0.999927580138,0.0,0.660772820427,0.259698174328,0.30340660101,1.0,-0.00624,-0.00820114285714,0.313
0.464303765455,0.541995710822,-0.123967187197,-1.36458800478,0.0789649072831,1.89725403588,0.158092671683,-0.00621063329919,-0.0331880788059,-0.000815665421511,-0.0542354386129,-0.00544754915734,0.0230681599419,-0.00242096079896,0.573893080538,0.818915772579,0.00210628422555,0.0,0.8188744397,-0.573833644037,-0.0118468509662,0.0,-0.00849307987715,0.00852377221971,-0.99992760383,0.0,0.660671155357,0.259557994549,0.303414418795,1.0,-0.00658,-0.008648,0.33
0.464228672626,0.541357004835,-0.123973131362,-1.36554371277,0.0789074405446,1.89759706636,0.157964991248,-0.00389915688085,-0.0409897783645,-0.00376647097937,-0.0549337467729,4.43071990091e-05,0.0267093290728,-0.0052932179147,0.573891752199,0.818916647419,0.00212796604782,0.0,0.818875602521,-0.573832235582,-0.0118346907465,0.0,-0.008470692842,0.00853453520506,-0.999927701922,0.0,0.660559994203,0.259413870334,0.303441027289,1.0,-0.00692,-0.00909485714286,0.347
0.46414076158,0.540727995208,-0.123973924908,-1.36651713923,0.0788523864575,1.89796438006,0.157844760188,-0.00716258869181,-0.0386568119411,-0.00207253223557,-0.0555332766191,-9.82828196923e-05,0.0253228523108,-0.00892450559386,0.573905134437,0.818907214892,0.00214871252923,0.0,0.818866412218,-0.573845506255,-0.0118271211173,0.0,-0.00845244852105,0.00854731861688,-0.999927747119,0.0,0.660451180604,0.259264077312,0.303454206003,1.0,-0.00724,-0.00951542857143,0.363
0.464054224988,0.540012027359,-0.123971264626,-1.36760383698,0.0787860056547,1.89836541068,0.157703902568,-0.00698613208659,-0.048103976846,0.000237366565134,-0.0639397792284,-0.00104053429067,0.0245590710029,-0.00837130945072,0.573901162198,0.818909929519,0.00217491711104,0.0,0.818869450762,-0.573841414433,-0.0118152694268,0.0,-0.00842774620249,0.00856193487966,-0.999927830578,0.0,0.660324523787,0.259105358694,0.303477628025,1.0,-0.00758,-0.00996228571429,0.38
0.463954857831,0.539283101717,-0.123977156212,-1.36875496281,0.0787183902793,1.89880498702,0.157558132905,-0.00323977795756,-0.0434547628693,0.00333503337329,-0.0678361304272,-0.00953887760419,0.0344666039224,-0.00966647925648,0.573912979763,0.818901612608,0.00218801930489,0.0,0.818861322994,-0.573853198459,-0.0118062366604,0.0,-0.00841270633431,0.00856760179719,-0.999927908687,0.0,0.660196142082,0.258928153156,0.303483059075,1.0,-0.00792,-0.0104091428571,0.397
0.4638517967,0.53857105262,-0.123980588793,-1.36985082018,0.0786594758251,1.89923459292,0.157430812735,-0.00608902458484,-0.0477013653892,-0.000528565454375,-0.0711044179456,-0.00257044122577,0.0272671616685,-0.0123700978717,0.573940430781,0.818882263196,0.00222886489992,0.0,0.818842481567,-0.573880464302,-0.01178770441,0.0,-0.00837380126315,0.00859069481022,-0.999928037118,0.0,0.66007779835,0.258757014867,0.303501821072,1.0,-0.00824,-0.0108297142857,0.413
0.463745513314,0.537788262172,-0.123985671357,-1.37107898541,0.0785871788484,1.89970671683,0.157277765233,-0.00335262245599,-0.0482457959429,0.000471425796872,-0.0752832909153,-0.00234354163513,0.0235399712675,-0.00940321765122,0.573954217284,0.818872542355,0.00225005322085,0.0,0.818833055799,-0.573894188014,-0.0117743193182,0.0,-0.00835053510208,0.0086005037692,-0.999928147368,0.0,0.659940890819,0.258568749668,0.303511180274,1.0,-0.00858,-0.0112765714286,0.43
0.463629223265,0.536932633282,-0.123986797906,-1.37242398772,0.078503298556,1.90020258901,0.15711303506,-0.0094630102182,-0.0465843483454,-0.00032926015245,-0.0715986391915,-0.00369962236334,0.0304066992524,-0.0140720149548,0.573966936359,0.818863618745,0.00225316763548,0.0,0.818824184928,-0.573906906253,-0.0117713224814,0.0,-0.008346159947,0.00860146365899,-0.999928175639,0.0,0.659785603888,0.258363021999,0.303518129148,1.0,-0.00894,-0.0117497142857,0.448
0.463522570273,0.536194097584,-0.123998714292,-1.37359995293,0.0784383773189,1.90064670395,0.156977978636,-0.00105748190609,-0.0501588319155,-0.000291374760665,-0.0793937166246,-0.0109711489818,0.0341142101706,-0.0141122031899,0.573999421868,0.818840834563,0.00225793012978,0.0,0.818801466467,-0.573939373525,-0.0117686418344,0.0,-0.0083408900852,0.00860415576724,-0.99992819645,0.0,0.659654748476,0.258175481104,0.303518617899,1.0,-0.00924,-0.012144,0.463
0.463396962987,0.535251493696,-0.123996711212,-1.37506989884,0.0783534108335,1.90117278835,0.156792634388,-0.00460669282894,-0.0516942602809,0.000970166473551,-0.0866407156127,-0.00472897348165,0.0322455455916,-0.00892378735349,0.574006901917,0.818835586187,0.00225970027055,0.0,0.818796157348,-0.573946759499,-0.0117778128043,0.0,-0.00834730531538,0.00861094552482,-0.99992808447,0.0,0.659479905189,0.257953646737,0.303529683475,1.0,-0.0096,-0.0126171428571,0.481
0.463275440059,0.534357854302,-0.124000575267,-1.37651098149,0.0782837486821,1.9017089022,0.156611339165,-0.00319251011648,-0.0511136970922,-0.000740194964542,-0.0848703501052,-0.00230308320973,0.0320639768987,-0.0116618695127,0.574021089688,0.818825647066,0.00225725548866,0.0,0.818786036083,-0.573960799851,-0.0117972137001,0.0,-0.00836444601734,0.00862022470344,-0.999927861282,0.0,0.659311552217,0.257737044654,0.30352085262,1.0,-0.00994,-0.013064,0.498
0.463157539931,0.533481675537,-0.124002329582,-1.37790731886,0.0781878062072,1.90221412593,0.156442635348,-0.00380865524247,-0.0562685801675,0.000876500696607,-0.085168073627,-0.00674298626406,0.0350656659445,-0.00528691097608,0.57403130478,0.818818541122,0.00223712945387,0.0,0.818778745222,-0.573971170232,-0.0117986870854,0.0,-0.0083770972209,0.0086046954565,-0.999927889129,0.0,0.659146663646,0.257522833563,0.303518021301,1.0,-0.01026,-0.0134845714286,0.514
0.463028782985,0.532542117423,-0.124005933112,-1.37941516059,0.0781154829536,1.90279582733,0.156255918913,-0.0070998725469,-0.0590666909235,-0.00246904411586,-0.0938799087448,-0.00498314453622,0.0361213981117,-0.0181065744939,0.574049587101,0.8188056729,0.00225576509111,0.0,0.81876598276,-0.573989237873,-0.011805387856,0.0,-0.00837169484285,0.00862398778447,-0.999927768171,0.0,0.65897430276,0.257296986241,0.303513384878,1.0,-0.0106,-0.0139314285714,0.531
0.462898421053,0.531562378429,-0.124006087966,-1.38098641659,0.0780206851985,1.90336838655,0.156049803659,-0.0113547429634,-0.0632505996802,0.000571883775615,-0.0926495962561,-0.00486091308381,0.0307962846251,-0.0156559414941,0.574047857307,0.818806931909,0.00223890166518,0.0,0.818766985445,-0.573987535537,-0.0118186079757,0.0,-0.00839221806314,0.00861775127034,-0.999927649902,0.0,0.658786846265,0.257060878496,0.303505740214,1.0,-0.01094,-0.0143782857143,0.548
0.462776507376,0.530633616955,-0.124003809994,-1.3825192518,0.0779157595111,1.90390445773,0.155857700408,-0.0093464906604,-0.0519380576761,0.000533355030723,-0.0967984897649,-0.00258580125465,0.0370086951671,-0.00887901084398,0.574043831685,0.818809928657,0.00217415257143,0.0,0.818769166715,-0.573983791777,-0.0118492749185,0.0,-0.00845453838984,0.00858229750194,-0.999927429842,0.0,0.658597132689,0.256831572388,0.30347699886,1.0,-0.01126,-0.0147988571429,0.564
0.462619093849,0.52947330737,-0.124013747418,-1.38436409283,0.0778024627624,1.90457767059,0.15560125753,-0.00518504483657,-0.0641870268715,-0.00187186186368,-0.0991263074561,-0.0124098590803,0.0308681726555,-0.0144966323196,0.574039435149,0.818813046517,0.00216070556005,0.0,0.818772130762,-0.573979470556,-0.0118537829002,0.0,-0.00846599445252,0.00857382940856,-0.999927405559,0.0,0.658379902702,0.25654575511,0.303474934283,1.0,-0.01164,-0.0152982857143,0.583
0.462479049062,0.528380830723,-0.124009524058,-1.38605431162,0.0776966842952,1.90521421395,0.155376071612,-0.0126901766144,-0.0620721179624,0.000731275021399,-0.106946166541,-0.00503248944561,0.0392622152856,-0.0197831601832,0.574029892198,0.818819652812,0.00219224401274,0.0,0.818779150736,-0.573969807535,-0.0118367756939,0.0,-0.00843406507195,0.00858979214664,-0.999927538383,0.0,0.658181080359,0.256295825051,0.303494750447,1.0,-0.01198,-0.0157451428571,0.6
0.462343813549,0.527332853273,-0.124012624029,-1.38768429595,0.0775988609113,1.90583711111,0.155146850809,-0.0111056918733,-0.0746347435119,-0.000470011460753,-0.104139317667,-0.00407630411674,0.0375833901661,-0.0181442724169,0.574017050786,0.818828564487,0.00222582303724,0.0,0.818788510238,-0.573956847627,-0.0118177605777,0.0,-0.00839935526909,0.00860624009922,-0.999927689117,0.0,0.657991984423,0.256051745143,0.303510717533,1.0,-0.0123,-0.0161657142857,0.616
0.462190286134,0.526176316875,-0.12401272174,-1.38947677038,0.0774796602582,1.90651319475,0.154909331871,-0.0114581527929,-0.0637616026798,8.24882511504e-05,-0.105511046024,-0.00303141162522,0.0394440182009,-0.0157853324923,0.574012962884,0.818831354833,0.0022533719647,0.0,0.818791746287,-0.573952743529,-0.0117928498632,0.0,-0.00836318722672,0.00861445691179,-0.999927921518,0.0,0.657782945617,0.255779714821,0.303529961165,1.0,-0.01264,-0.0166125714286,0.633
0.462038786678,0.524992226874,-0.124015908231,-1.39131411815,0.0773677877179,1.9071673935,0.154656839195,-0.0103319227289,-0.0672432740776,0.000795010646227,-0.111350937689,-0.00328137293084,0.0368051385397,-0.0180038522848,0.5740010812,0.81883968183,0.0022541388228,0.0,0.818800040565,-0.573940816398,-0.0117974465264,0.0,-0.0083666361675,0.00861760193663,-0.999927865566,0.0,0.657558935113,0.255502007481,0.303545135727,1.0,-0.01298,-0.0170594285714,0.65
0.461884997242,0.523901065005,-0.124022133826,-1.3930942138,0.0772544255426,1.9078066338,0.154413721294,-0.0135648241613,-0.0680528109248,0.000386775076023,-0.114922762023,-0.00321705266708,0.0415815248117,-0.00641876532461,0.573997315516,0.818842451156,0.00220655076019,0.0,0.818802207814,-0.573937252908,-0.0118203682223,0.0,-0.00841275957871,0.00859175368,-0.999927701009,0.0,0.657343727582,0.255225384769,0.303520753418,1.0,-0.0133,-0.01748,0.666
0.461731760262,0.522677780422,-0.124025477839,-1.39502287485,0.0771471594298,1.90854297843,0.154151001862,-0.00732794990632,-0.0732323704994,0.000671007863939,-0.116817351327,-0.00119668452791,0.0438920839162,-0.0149611261567,0.573984675201,0.818851232232,0.00223584607716,0.0,0.818811299557,-0.573924428108,-0.0118132738966,0.0,-0.00839026874442,0.00861154001147,-0.999927719772,0.0,0.657114726152,0.254942466021,0.303526575398,1.0,-0.01364,-0.0179268571429,0.683
0.461568288986,0.521454249943,-0.124029269506,-1.39697615321,0.0770237703338,1.90931418043,0.153890766477,-0.00959821830751,-0.0709395018191,-0.000669331672637,-0.117473182268,-0.00464465019603,0.0483657212446,-0.0139510641988,0.573979580933,0.818854724979,0.00226427748735,0.0,0.818815256116,-0.573919321699,-0.0117870875675,0.0,-0.00835256056136,0.00861973848979,-0.999927964826,0.0,0.65688983877,0.254649438185,0.303523545721,1.0,-0.01398,-0.0183737142857,0.7
0.461404436699,0.52024344978,-0.124037514506,-1.39888933113,0.0769045480706,1.91001086497,0.153623272006,-0.00785472795018,-0.0812309459877,0.0039003873687,-0.11890360042,-0.00561718886389,0.0478254315119,-0.0188718133227,0.573970311707,0.818861245976,0.0022556636904,0.0,0.818821681959,-0.57391010402,-0.0117895105395,0.0,-0.00835958605454,0.00861398122196,-0.999927955729,0.0,0.65665941204,0.254353864388,0.303523988424,1.0,-0.0143,-0.0187942857143,0.716
0.461233452047,0.518918043772,-0.124038279304,-1.40094605968,0.0767721150091,1.91074753914,0.153352296344,-0.0106090234644,-0.0847375193743,0.00130232780695,-0.121039471723,-0.00864230928274,0.0436660687294,-0.0139887045839,0.573962343282,0.818866828194,0.00225678512678,0.0,0.818827281884,-0.573902135502,-0.0117884778061,0.0,-0.00835818054757,0.00861422542702,-0.999927965375,0.0,0.656406234773,0.254043080716,0.303539411,1.0,-0.01464,-0.0192411428571,0.733
0.461063368599,0.517563989824,-0.124044580128,-1.4030622381,0.0766348355926,1.91150732226,0.153050494065,-0.0053494283901,-0.0786682948419,5.22255294836e-05,-0.127231094066,-0.0084284456929,0.0421059561172,-0.0140056994225,0.573933871752,0.818886804186,0.00224937477209,0.0,0.818847197037,-0.573873732515,-0.0117878723988,0.0,-0.00836223705951,0.00860751919419,-0.99992798921,0.0,0.656144905376,0.253723821042,0.303548427102,1.0,-0.01498,-0.019688,0.75
0.460885753054,0.516290387339,-0.124053161814,-1.40505754142,0.0764977299423,1.9122506606,0.152790550664,-0.00979451224615,-0.0842540548456,-0.000405156948996,-0.124427127285,-0.00725692293827,0.0401724567119,-0.0151752101458,0.573940937909,0.818881832636,0.00225629612001,0.0,0.818842467654,-0.573880928139,-0.011766069271,0.0,-0.00834033563339,0.0086007455066,-0.999928230414,0.0,0.655908487485,0.253410527986,0.303556784156,1.0,-0.0153,-0.0201085714286,0.766
0.460677874365,0.514747302127,-0.124053890007,-1.40751096107,0.0763622438122,1.91318259746,0.152446593655,-0.00771940335528,-0.0837045446402,0.00166178785878,-0.132164557417,-0.00805425257631,0.0531952113626,-0.0135713672749,0.573923103744,0.818894266085,0.00228010131162,0.0,0.818855079012,-0.57386286978,-0.0117691616597,0.0,-0.00832939388431,0.00862183232485,-0.999928140021,0.0,0.655613132875,0.253044190821,0.303551813929,1.0,-0.01568,-0.020608,0.785
0.460505261564,0.513428350246,-0.124063432579,-1.40965324133,0.076237099167,1.91391647777,0.152153075078,-0.00915965745842,-0.0764488441224,0.00026614139944,-0.131194498306,-0.00864757739129,0.0465364786269,-0.0193151648149,0.57390943341,0.818904050749,0.00220563171889,0.0,0.818863763925,-0.573849353106,-0.0118238306675,0.0,-0.00841704454807,0.00859208527453,-0.999927662099,0.0,0.655337795623,0.252718215534,0.303520474071,1.0,-0.016,-0.0210285714286,0.801
0.460305795916,0.512005521045,-0.12407377107,-1.41193031076,0.0760964988383,1.91472301817,0.151831523941,-0.0125891860697,-0.0895659034163,-0.00166722197147,-0.134408395225,-0.00461197276775,0.0399477567963,-0.0146859273886,0.573897963769,0.818912204856,0.00216213343284,0.0,0.818871317929,-0.573838021443,-0.0118505999902,0.0,-0.00846404955478,0.00857170928945,-0.9999274402,0.0,0.655054604399,0.252362033324,0.303503633215,1.0,-0.01634,-0.0214754285714,0.818
0.46011810657,0.510649080999,-0.124069826541,-1.41410568318,0.0759592621134,1.91555867192,0.151519515358,-0.0100404177538,-0.0910011987434,-0.000403148354667,-0.1326260908,-0.014167948631,0.0590325903064,-0.0295363626791,0.573870128337,0.818931684408,0.00217232055728,0.0,0.818890948342,-0.573810167686,-0.0118428495665,0.0,-0.00845214785044,0.00857531634324,-0.999927509946,0.0,0.654792478111,0.252035614464,0.303490347154,1.0,-0.01666,-0.021896,0.834
0.459917274612,0.50916608806,-0.124073013096,-1.41647535676,0.0758131159649,1.91642703359,0.151195273087,-0.00946766890538,-0.0884480129431,-0.00108020186447,-0.1393387753,-0.00673032641417,0.043112984378,-0.0224532168066,0.573855235689,0.818942167764,0.00215435158929,0.0,0.818901163826,-0.573795313645,-0.0118561724572,0.0,-0.00847352586927,0.00856809262592,-0.999927390938,0.0,0.654498360707,0.251675927726,0.303475772859,1.0,-0.017,-0.0223428571429,0.851
0.45971703842,0.507744389505,-0.124078760563,-1.41871919125,0.0756688057303,1.91722625393,0.150881823617,-0.0146504858773,-0.0834497945231,0.00179708101239,-0.135285605084,-0.0107113631021,0.0452247001006,-0.0181678012914,0.573843827851,0.818950224229,0.002130346064,0.0,0.818908908797,-0.57378400401,-0.0118685608441,0.0,-0.00849756567445,0.0085554244749,-0.999927295402,0.0,0.654218286086,0.251324986049,0.303471773215,1.0,-0.01732,-0.0227634285714,0.867
0.459499752082,0.506186068223,-0.124091233862,-1.4211579324,0.0755234655701,1.91811667848,0.150537286919,-0.0119847395403,-0.0961349497065,-0.000173194522942,-0.143491436437,-0.0023936986392,0.0533376476678,-0.0300871247634,0.573835409795,0.818956101849,0.00213836624651,0.0,0.81891485011,-0.573775513875,-0.0118690710436,0.0,-0.00849346948807,0.00856219796925,-0.999927272226,0.0,0.653918296416,0.250943683074,0.303478171897,1.0,-0.01766,-0.0232102857143,0.884
0.459273899294,0.504569246245,-0.124097902681,-1.42362398356,0.0753605041918,1.91908123795,0.150209995797,-0.0137147792493,-0.0927555223669,7.6246205524e-05,-0.147516376085,-0.00848439225125,0.0588575355704,-0.0125268972926,0.573840333847,0.818952416715,0.00222650121262,0.0,0.818912483598,-0.573780265072,-0.0118024795454,0.0,-0.00838830819187,0.00859621394405,-0.999927868094,0.0,0.653628872051,0.250559916863,0.303518047445,1.0,-0.018,-0.0236571428571,0.901
0.459059724176,0.502993306467,-0.124106792012,-1.42595092631,0.0752136801302,1.91996279788,0.149886891213,-0.0187143893073,-0.102870707318,-0.00208959512235,-0.150145280318,-0.00822543249664,0.058510969072,-0.0253645791808,0.573830232202,0.818959180094,0.00233941248379,0.0,0.81892083828,-0.573769864429,-0.0117281799608,0.0,-0.00826277534506,0.00864594432375,-0.999928484538,0.0,0.653333772425,0.250173779993,0.303590612236,1.0,-0.01834,-0.024104,0.918
0.458820495984,0.50119139561,-0.124107500028,-1.42862455304,0.0750347692789,1.92093177008,0.149504769481,-0.0141562726943,-0.103545436008,-0.000639386339059,-0.152089622685,-0.0109711213959,0.0586709074067,-0.0185645582955,0.573808743172,0.818974026926,0.00241171753113,0.0,0.818936641285,-0.573748130589,-0.011687904311,0.0,-0.00818852928945,0.00868183268985,-0.999928784349,0.0,0.653017966602,0.249782361521,0.303656924611,1.0,-0.01868,-0.0245508571429,0.935
0.458593272974,0.499583962112,-0.1241113709,-1.43106642387,0.0748829109041,1.92180528569,0.149162236299,-0.0134622395783,-0.103057711363,0.00154005619395,-0.146606967033,-0.011323117319,0.0623386490725,-0.0223840429381,0.573804805289,0.818976695206,0.00244234260949,0.0,0.818939607573,-0.57374397651,-0.0116839833954,0.0,-0.00816778800249,0.00870462450638,-0.999928755838,0.0,0.652692661822,0.249372061366,0.303687134422,1.0,-0.01902,-0.0249977142857,0.952
0.45835469362,0.498019233399,-0.124111406967,-1.43354899522,0.0747271260439,1.92273182401,0.148796196755,-0.01577975156,-0.103278908809,-0.0011562542106,-0.15505753151,-0.011945696845,0.0609462314531,-0.0301232353901,0.573780039545,0.818994024089,0.00244982173586,0.0,0.818957070969,-0.573719226822,-0.0116752552833,0.0,-0.00815661151462,0.00870549487909,-0.999928839492,0.0,0.652406428299,0.249006299628,0.303681755701,1.0,-0.01932,-0.025392,0.967
0.458094902587,0.496336337925,-0.124113880174,-1.43622368177,0.0745687624796,1.92367613024,0.148409410264,-0.0145714425271,-0.0992781628426,-0.00069758283755,-0.15894429156,-0.017277622957,0.0537726904523,-0.0226704315976,0.573770317768,0.819000942923,0.002413470649,0.0,0.818963353881,-0.573709463863,-0.0117142210974,0.0,-0.00820948523035,0.00869798384181,-0.999928472157,0.0,0.652066062465,0.248578995867,0.303663574072,1.0,-0.01966,-0.0258388571429,0.984
0.457809586138,0.494565222986,-0.124112095922,-1.43912265705,0.0743910813255,1.92467732213,0.147996250026,-0.0150832880614,-0.100221699773,-0.00200522310764,-0.159299192813,-0.0137415581698,0.0547782171125,-0.0205813868369,0.573762231228,0.819006913481,0.00230750671138,0.0,0.818967754728,-0.573701572808,-0.0117927509802,0.0,-0.00833468482067,0.00865617536335,-0.999927799222,0.0,0.651690119731,0.248113085446,0.303604325831,1.0,-0.0201085714286,-0.0264284081633,1.002
0.457556543879,0.49300393754,-0.124130784056,-1.44163208822,0.0742361885899,1.92560521228,0.147649571858,-0.0174697204747,-0.108048930043,-0.00585490635462,-0.173374907471,-0.0113472559592,0.0690273442549,-0.0171908123553,0.573777810281,0.81899604409,0.00229152694475,0.0,0.818956731647,-0.573717267158,-0.0117947427583,0.0,-0.008345319757,0.00864438952112,-0.999927812478,0.0,0.651362290188,0.247672808758,0.303581210782,1.0,-0.0221657142857,-0.0291320816327,1.018
0.45724789855,0.490931165941,-0.124132732671,-1.44493429589,0.0740335968514,1.92679609763,0.147164409781,-0.0181243231592,-0.121657633285,-0.000336136259379,-0.192907442701,-0.0125883876532,0.0626244698142,-0.030533751306,0.573750472104,0.819015305265,0.00225219980312,0.0,0.818975327272,-0.573689925499,-0.0118334104057,0.0,-0.00839984162146,0.00863408711065,-0.999927444968,0.0,0.650959523617,0.247180314814,0.303551743762,1.0,-0.0243514285714,-0.0320047346939,1.035
0.456874555553,0.488685555159,-0.124153173757,-1.44858116285,0.07380846585,1.9280838236,0.146663222372,-0.0208097997594,-0.138671309869,-0.00377855487695,-0.207605966655,-0.0145072141328,0.0806316962003,-0.0216310188277,0.573780953063,0.818994222625,0.00215130421013,0.0,0.81895283553,-0.573720705482,-0.0118975703565,0.0,-0.00850995745917,0.00858858129807,-0.999926905776,0.0,0.650495604313,0.246574022774,0.303489706152,1.0,-0.0266657142857,-0.0350463673469,1.053
0.456547983141,0.486582742144,-0.124168840455,-1.45181635639,0.0736057130874,1.92934112455,0.146178486711,-0.0179481546102,-0.143132209246,0.00121822052061,-0.217527125698,-0.00921678808691,0.0860424814864,-0.0388917366432,0.573768445479,0.819002718408,0.00225058077004,0.0,0.818962742644,-0.573707926886,-0.0118316393669,0.0,-0.00839913048612,0.00863192931835,-0.999927469571,0.0,0.650106513096,0.246049360569,0.303520218985,1.0,-0.0285942857143,-0.0375810612245,1.068
0.456105636007,0.483880572927,-0.124190521674,-1.45594204738,0.0733519467738,1.93084019918,0.145544254971,-0.0223335207916,-0.151632141521,-0.00462612669607,-0.237075635579,-0.0103821829611,0.0760547428664,-0.0456763759921,0.573761328419,0.819007527261,0.00231413106794,0.0,0.818968338948,-0.573700524556,-0.0118031702237,0.0,-0.00833942761104,0.00866756958152,-0.999927660976,0.0,0.649593764411,0.245356966809,0.303562844371,1.0,-0.0309085714286,-0.0406226938775,1.086
0.455646949156,0.48113493486,-0.124228413512,-1.46022860116,0.0730772078466,1.93231198299,0.144906144042,-0.0263623096696,-0.169891701972,-0.00184523258003,-0.259162367282,-0.0172406854459,0.0936304691827,-0.0319490690918,0.573776423966,0.81899713691,0.00224765099178,0.0,0.818957059734,-0.573715850799,-0.0118407666294,0.0,-0.00840820285118,0.00863484862873,-0.999927368119,0.0,0.649042757913,0.244621409144,0.303555589909,1.0,-0.0330942857143,-0.0434953469388,1.103
0.455223214021,0.478562695616,-0.124252672139,-1.46418411539,0.0728428141363,1.93376839199,0.144316562108,-0.0315530222301,-0.173899907279,0.000854863333631,-0.262492023702,-0.00911243989619,0.0966507751576,-0.0383380577875,0.573787425575,0.818989249446,0.00231223803636,0.0,0.818949928231,-0.573726513217,-0.0118173594138,0.0,-0.00835185884961,0.00867442641868,-0.999927497762,0.0,0.648548855971,0.243958950852,0.30358224278,1.0,-0.0350228571429,-0.0460300408163,1.118
0.454611211099,0.474908167904,-0.124289222109,-1.46975362347,0.0724971341289,1.93582859507,0.143531886427,-0.0335150928084,-0.187588157987,-0.00285260756482,-0.289621984784,-0.0228228924281,0.111653402376,-0.0331401092739,0.573847983959,0.818946477455,0.00243007649102,0.0,0.818908735801,-0.573786668546,-0.0117510990948,0.0,-0.00822933415603,0.00873352353942,-0.999927999221,0.0,0.647856558477,0.243014024064,0.303640558118,1.0,-0.0375942857143,-0.0494096326531,1.138
0.454124403747,0.472025938832,-0.12429458808,-1.47421351424,0.0722246401395,1.93737117524,0.142865958531,-0.0301577427868,-0.199879443414,0.000840100169334,-0.298632758065,-0.021279841565,0.106196857159,-0.0403216828629,0.573838023083,0.818953505027,0.00241387006959,0.0,0.818915242916,-0.573776441499,-0.0117969064212,0.0,-0.00827625542692,0.00874643684966,-0.999927499091,0.0,0.647231106614,0.242221478042,0.303643518317,1.0,-0.0396514285714,-0.0521133061224,1.154
0.453585836233,0.468792973575,-0.124300916487,-1.47910287523,0.0719181560332,1.93921738231,0.142097203488,-0.0330237258484,-0.200943327703,0.000256942819134,-0.300419830858,-0.0187389176188,0.123848659673,-0.0499929934647,0.573810570389,0.818972268077,0.0025691108533,0.0,0.818936052148,-0.57374845083,-0.0117134351737,0.0,-0.00811911151712,0.00882540033426,-0.999928093583,0.0,0.646655983024,0.241455502686,0.303710471209,1.0,-0.04158,-0.054648,1.169
0.452946028683,0.464969372541,-0.124299252917,-1.48492424021,0.0715286040953,1.94130976008,0.141185953597,-0.039240172809,-0.216252409169,0.000679995424779,-0.334249994356,-0.0229715285418,0.112663293097,-0.0437398535677,0.573755000377,0.819010968131,0.00264206833984,0.0,0.8189756975,-0.573692626427,-0.0116757950116,0.0,-0.00804702398123,0.0088630061731,-0.999928343696,0.0,0.645897318436,0.240485171837,0.303758645391,1.0,-0.0438942857143,-0.0576896326531,1.187
0.452332915927,0.461438195042,-0.124305326682,-1.49043272219,0.0711614445639,1.94321291776,0.140361161173,-0.0391395821904,-0.225465633362,0.00297401556703,-0.350226328374,-0.0251917988691,0.126009769523,-0.0500356200771,0.573742762959,0.819019761089,0.00257289697858,0.0,0.818983458471,-0.57368049067,-0.0117275861338,0.0,-0.00812926050576,0.0088359478564,-0.999927917977,0.0,0.645159664101,0.239552571966,0.303735075653,1.0,-0.0459514285714,-0.0603933061224,1.203
0.451695183368,0.4577626292,-0.124313367157,-1.49610801806,0.0707740405776,1.94520930051,0.139508731986,-0.0411253640334,-0.228655993027,0.0020428668804,-0.35722748954,-0.024404857296,0.130732115674,-0.0502665836538,0.573729191645,0.819029314957,0.00255788918151,0.0,0.818992819194,-0.573666977419,-0.0117349064626,0.0,-0.00814401264326,0.00882772123173,-0.999927870597,0.0,0.644404467942,0.23858906243,0.303736487153,1.0,-0.0480085714286,-0.0630969795918,1.219
0.450897292596,0.453549115053,-0.124342080839,-1.50278046738,0.0703211195607,1.94755786977,0.138450016016,-0.0483417446173,-0.239369880963,0.00011930327954,-0.3695180678,-0.0285162619434,0.130132379815,-0.0596393832316,0.573718384561,0.819037227603,0.00244579590148,0.0,0.818999285627,-0.573656597176,-0.0117909100746,0.0,-0.00825430626516,0.00876793578653,-0.999927492236,0.0,0.643522224516,0.237414297944,0.303661140132,1.0,-0.0503228571429,-0.0661386122449,1.237
0.450126826777,0.449245629657,-0.124403416732,-1.50920666059,0.0698844836145,1.94996591827,0.137461918395,-0.0439734108148,-0.254408121619,0.000636605650879,-0.383574515093,-0.0264009061035,0.143357095761,-0.0517800148162,0.573757378946,0.819009238295,0.00266169009872,0.0,0.818974545042,-0.573695292962,-0.0116255024318,0.0,-0.00799454873035,0.00885024463649,-0.999928877651,0.0,0.642708660829,0.236275461867,0.303765621308,1.0,-0.0525085714286,-0.0690112653061,1.254
0.449356393352,0.44506994116,-0.124428828558,-1.51561218212,0.0694562056605,1.95207544638,0.136506337224,-0.0495561112264,-0.266183766836,-0.00237477626166,-0.411100606977,-0.0307104712632,0.134063433045,-0.0616474169014,0.573793414746,0.818984324602,0.00255737186945,0.0,0.818948016326,-0.573731404858,-0.0117118972226,0.0,-0.00812477210826,0.00881473383092,-0.999928141691,0.0,0.641821295594,0.235142248387,0.303761506578,1.0,-0.0545657142857,-0.0717149387755,1.27
0.448516449567,0.440562039177,-0.124449984303,-1.52262886194,0.0689603737919,1.95448458279,0.135386864493,-0.0488320527006,-0.269294031647,0.00123025782808,-0.414849149553,-0.0274653851764,0.143645743273,-0.0708638868323,0.573747582291,0.819016758492,0.00245112741759,0.0,0.818979028481,-0.573685922921,-0.0117711363685,0.0,-0.00823473920179,0.00876125166463,-0.999927712157,0.0,0.640799038375,0.233839737176,0.303714385729,1.0,-0.05688,-0.0747565714286,1.288
0.447557752774,0.435588788683,-0.124457894051,-1.53022034597,0.0684745909199,1.95719268576,0.13415308928,-0.0539821994682,-0.281003312731,-0.00132281767028,-0.422263193222,-0.0316915586989,0.152564184825,-0.0640500540957,0.573734734725,0.819025502588,0.00253518872982,0.0,0.818988632925,-0.573672517287,-0.0117562302774,0.0,-0.0081744416944,0.00882141825126,-0.999927677926,0.0,0.639834253979,0.232571875686,0.303734087622,1.0,-0.0590657142857,-0.0776292244898,1.305
0.44670962617,0.431292619843,-0.124486622614,-1.53664616657,0.0680107703427,1.95957912877,0.13310830265,-0.0583375150303,-0.284132975594,-0.00082662401828,-0.43625534433,-0.0292870365904,0.151293676961,-0.0716199741257,0.573744835788,0.819017824935,0.0027226358803,0.0,0.818983837815,-0.573682450035,-0.0116046033972,0.0,-0.00794260153095,0.0088880471752,-0.999928956326,0.0,0.638996847525,0.23140305265,0.303812351302,1.0,-0.0609942857143,-0.0801639183673,1.32
0.445657227045,0.42604338066,-0.124546870253,-1.54484207281,0.0674131277641,1.96222365774,0.131778040626,-0.0568240501539,-0.295845100776,-0.00121134282078,-0.453909425805,-0.0296872951371,0.152514113934,-0.0769381427795,0.573744559246,0.819018919543,0.00243660979603,0.0,0.818981187512,-0.573683152671,-0.011755923798,0.0,-0.00823064048299,0.00874060318597,-0.999927926609,0.0,0.637830006747,0.229890494583,0.303716184077,1.0,-0.0633085714286,-0.0832055510204,1.338
0.444603977349,0.420870485277,-0.124600912403,-1.55273613199,0.0668397468049,1.9648511233,0.130493406843,-0.0615945927469,-0.30447122636,-0.00626039942404,-0.461903911302,-0.0348713590597,0.157920563405,-0.0700259882865,0.573767042376,0.81900347828,0.00233035378364,0.0,0.818964446812,-0.573706119386,-0.0118012854672,0.0,-0.00832851596958,0.00867983266973,-0.999927645546,0.0,0.636721940304,0.228420262877,0.303702953326,1.0,-0.0654942857143,-0.0860782040816,1.355
0.443578958857,0.415833824265,-0.124632271167,-1.56015654555,0.0663373272646,1.96760650687,0.129303459651,-0.0656327014545,-0.319707077035,-0.00597390521636,-0.459437364255,-0.0338292173521,0.172107526265,-0.0767579871169,0.573825482738,0.818961615056,0.00263350099702,0.0,0.818926723253,-0.57376366955,-0.0116198256216,0.0,-0.00800533808944,0.00882456628903,-0.999929018277,0.0,0.635734167234,0.227055506883,0.303825905994,1.0,-0.0675514285714,-0.088781877551,1.371
0.442440303394,0.410428815605,-0.124645089378,-1.56836361406,0.0657685097154,1.97044250498,0.127886003338,-0.0641007679736,-0.321761834442,-0.00227859835955,-0.489491054593,-0.039942557736,0.158465846044,-0.0834818239369,0.573784649632,0.818990150735,0.00265626572463,0.0,0.81895538074,-0.573722571786,-0.0116293543402,0.0,-0.00800052109598,0.00884827847018,-0.999928847284,0.0,0.634580116091,0.225541442128,0.303824668467,1.0,-0.0697371428571,-0.0916545306122,1.388
0.441256681206,0.404899981595,-0.124708808336,-1.57693534471,0.0651502235936,1.97319127187,0.126519713422,-0.0693663535537,-0.32735492281,-0.00293720696308,-0.510789427611,-0.0340924575704,0.162138433945,-0.0852392405922,0.573854143531,0.81894228819,0.00238693696247,0.0,0.818903806602,-0.573792799658,-0.0117951470863,0.0,-0.00829009711217,0.00872353374878,-0.999927584502,0.0,0.633326133704,0.223918882175,0.303720806656,1.0,-0.0719228571429,-0.0945271836735,1.405
