position_joint1,position_joint2,position_joint3,position_joint4,position_joint5,position_joint6,position_joint7,velocity_joint1,velocity_joint2,velocity_joint3,velocity_joint4,velocity_joint5,velocity_joint6,velocity_joint7,ee_T_00,ee_T_10,ee_T_20,ee_T_30,ee_T_01,ee_T_11,ee_T_21,ee_T_31,ee_T_02,ee_T_12,ee_T_22,ee_T_32,ee_T_03,ee_T_13,ee_T_23,ee_T_33,v_x,v_y,time
0.465066529376,0.547872606259,-0.123981754102,-1.35584724964,0.0794498831995,1.89408996855,0.159182215671,0.000977894104911,0.000810998971127,-3.00255308733e-06,-5.30357469203e-05,-2.3090258818e-05,0.00133322968666,0.000769345564613,0.573813315349,0.818972358443,0.00181717786617,0.0,0.818927876378,-0.573755680453,-0.0119289286934,0.0,-0.00872701476473,0.00833327617448,-0.99992719521,0.0,0.661672387155,0.260877895017,0.303141600549,1.0,0.0,0.0,0.0
0.465069054136,0.547866327707,-0.123976465686,-1.35584751128,0.079452454135,1.89409318089,0.159181150879,0.00191849772111,-0.00222135410019,0.00194172150925,-0.000524805523934,-0.000313621787483,0.000368803481625,0.000884832596574,0.573807388798,0.818976487146,0.0018278302129,0.0,0.818932096236,-0.573749663929,-0.0119286125196,0.0,-0.00872070410805,0.00834175543432,-0.999927179567,0.0,0.661671118186,0.260883314657,0.303146032285,1.0,-0.0001,-0.000131428571429,0.006
0.465065315646,0.547863125637,-0.123978971377,-1.35585261077,0.079450551391,1.89409315909,0.159177132438,0.000710092957671,-0.00284652455358,0.000265971417484,-0.00107704494769,2.46658343946e-05,0.000883972626457,-0.000511639070567,0.57380867845,0.818975590297,0.00182481082487,0.0,0.8189311852,-0.573750990272,-0.0119273622843,0.0,-0.00872139946364,0.00833857902484,-0.999927199996,0.0,0.66167168677,0.260878517342,0.303145951274,1.0,-0.00044,-0.000578285714286,0.023
0.46506084999,0.54786444926,-0.12398487133,-1.3558629293,0.0794480822564,1.89409522076,0.159180641395,-0.000857628514235,0.00378212968114,-0.00111875834169,-0.000737649696885,-0.000418135561207,-8.87769072168e-05,0.000916965536656,0.573819255691,0.818968203447,0.0018139577284,0.0,0.818923703037,-0.573761656278,-0.0119280044556,0.0,-0.00872804503097,0.00833017200031,-0.999927212083,0.0,0.661672353831,0.260870643313,0.303140472752,1.0,-0.00076,-0.000998857142857,0.039
0.465059892059,0.547798964899,-0.123979323557,-1.35591870107,0.0794496062929,1.89410681384,0.159176485067,-0.000318880082062,-0.00677896783572,0.000250290546642,-0.0032475015724,-2.18665828195e-05,0.00253339205854,0.000111487618841,0.573816176303,0.818970308939,0.00183733242202,0.0,0.818926026939,-0.57375839589,-0.0119252861431,0.0,-0.00871243811504,0.008347722156,-0.999927201829,0.0,0.661662507403,0.260868500313,0.303161144281,1.0,-0.00112,-0.001472,0.057
0.465064747271,0.547697516816,-0.123979416346,-1.35607531387,0.0794455822416,1.89413420486,0.159174775671,0.00055001175788,-0.00178417239683,0.00319721686393,-0.0119443054357,-4.50308419574e-05,0.000898971097637,0.000996745113008,0.573818353724,0.818968827228,0.00181765238094,0.0,0.818924198109,-0.573760569898,-0.0119462581341,0.0,-0.00874088403695,0.0083436623355,-0.999926987457,0.0,0.661633722186,0.260855603744,0.303160846812,1.0,-0.00142,-0.00186628571429,0.072
0.465050335062,0.547544291236,-0.123979662023,-1.35627766953,0.0794457854701,1.89418703512,0.159165038997,0.00121514123607,-0.00930480021995,-0.00032216370376,-0.010205395735,0.00056885004956,0.00775314818059,0.00191757893437,0.573834399116,0.818957531974,0.00184122661884,0.0,0.81891304702,-0.573776356874,-0.0119524312873,0.0,-0.00873224944946,0.00836668181097,-0.999926870554,0.0,0.661605352459,0.260831271575,0.303180383704,1.0,-0.00178,-0.00233942857143,0.09
0.465036787251,0.547364779444,-0.123979740944,-1.35648823569,0.0794415060122,1.89432508254,0.159153322007,-0.00117395432462,-0.0158513179212,-2.6111017171e-05,-0.0117641916608,0.000554465704518,0.00261851471127,-0.00468298215217,0.573846109051,0.818949138591,0.00192312975746,0.0,0.818905744927,-0.573787743937,-0.011905995712,0.0,-0.00864710313113,0.00840723318564,-0.999927270374,0.0,0.661593513364,0.260804599822,0.303216594287,1.0,-0.0021,-0.00276,0.106
0.465016548831,0.547168041646,-0.123979898749,-1.35672560469,0.0794372688583,1.89444212904,0.159142819723,-0.00353029497855,-0.0155333732035,-0.00330454072454,-0.0136769855475,-1.05239142024e-05,0.00328258117586,-0.00118296564403,0.573866485148,0.818934692336,0.00199344293789,0.0,0.818892163729,-0.573807778465,-0.0118745297961,0.0,-0.00858077654803,0.00844697210792,-0.99992750684,0.0,0.661573176734,0.260772804056,0.303253131075,1.0,-0.00244,-0.00320685714286,0.123
0.464984077691,0.546954303129,-0.12397439858,-1.35704733313,0.0794297275899,1.89457004247,0.159119603076,-0.00221591098111,-0.00863399335702,0.00186970256003,-0.0233675796759,-0.000312402902901,0.0197765671007,-0.00240058127792,0.573886276623,0.818920763507,0.00201779605253,0.0,0.81887842776,-0.573827345766,-0.011876224211,0.0,-0.00856798500564,0.00846809478892,-0.999927437869,0.0,0.661538158941,0.260726590915,0.303262300238,1.0,-0.00278,-0.00365371428571,0.14
0.464946359776,0.546680748083,-0.123977156333,-1.35745590467,0.0794181366843,1.89471426569,0.159026803675,5.29790795338e-06,-0.0202402025133,0.000939501553322,-0.026361687789,-0.000284498325719,0.0109782583858,-0.00179063286524,0.573862817649,0.818937164898,0.00203306919283,0.0,0.818894908193,-0.573803708964,-0.0118819112913,0.0,-0.00856412098893,0.0084836204387,-0.999927339368,0.0,0.661491516091,0.260663054166,0.303274168882,1.0,-0.00314,-0.00412685714286,0.158
0.464899909063,0.54640886738,-0.123980105639,-1.35787196436,0.0794004182454,1.89487372823,0.158946915454,-0.00339467409741,-0.0182194382353,0.000754286302427,-0.0265733432852,7.63390831691e-05,0.00887485502113,-0.000488890910262,0.573856098405,0.818941832427,0.00204946948039,0.0,0.818899740104,-0.573796875137,-0.0118789158385,0.0,-0.00855232657927,0.00849526188131,-0.999927341478,0.0,0.661448783712,0.260592763371,0.303282590128,1.0,-0.00346,-0.00454742857143,0.174
0.464859920556,0.546121908439,-0.123985045171,-1.35834678845,0.0793647032942,1.89503674105,0.158929169415,-0.00103350076841,-0.0199767331374,-0.00145250946175,-0.0321915592169,-0.00881819319024,0.0111900939022,-0.000918778400466,0.573894775827,0.818914795778,0.0020224827423,0.0,0.818872423239,-0.573835728129,-0.0118852212042,0.0,-0.00857257568679,0.00847718491485,-0.9999273215,0.0,0.661393407497,0.260516137709,0.303274043419,1.0,-0.00378,-0.004968,0.19
0.464789396773,0.545752361516,-0.123978211585,-1.35899675578,0.0792727156001,1.89525113832,0.158812014671,-0.0056715566684,-0.0227581640326,0.000759190503877,-0.033995070325,-0.00846692740426,0.00835062232114,-0.00607623485656,0.573863586718,0.818936854909,0.0019386624734,0.0,0.818893792046,-0.573805280344,-0.0118829499322,0.0,-0.00861913682557,0.00840691279234,-0.999927514522,0.0,0.661318580359,0.260400799803,0.303244561914,1.0,-0.00416,-0.00546742857143,0.209
0.464726426938,0.545415605776,-0.12398035263,-1.35959004483,0.0792591353476,1.89544814097,0.158767687149,-0.00298787544976,-0.0256344276165,0.000645616014134,-0.0405726506112,-3.75331803974e-05,0.0131330675978,-0.00169117444913,0.573909785612,0.81890457296,0.00189875326742,0.0,0.818860764243,-0.573851420018,-0.011930776485,0.0,-0.00868073229479,0.00840216569411,-0.999927021586,0.0,0.661248068691,0.260303082758,0.3032177462,1.0,-0.00446,-0.00586171428571,0.224
0.464661968249,0.544992749726,-0.1239892621,-1.36029156365,0.0792362535241,1.89567681467,0.158677515589,-0.00357410161584,-0.0259277126612,-0.0028239489185,-0.0438448000719,-0.000138218406326,0.0186944495499,-0.0123088091203,0.573927855773,0.818891986326,0.00186493980218,0.0,0.818847554165,-0.573869454895,-0.011969907218,0.0,-0.00873199722824,0.00839712624984,-0.999926617555,0.0,0.661163659866,0.260189396012,0.30320329287,1.0,-0.0048,-0.00630857142857,0.241
0.464576624997,0.544486484325,-0.123989616796,-1.36115328223,0.079196371068,1.89598947612,0.158575102824,-0.00362827384942,-0.023591719471,0.000172448628278,-0.0461863375689,-0.00283229510955,0.016975326933,-0.00153184951551,0.573951598959,0.818875416011,0.00183357755359,0.0,0.818830446456,-0.573893206834,-0.0120014169139,0.0,-0.00877555652254,0.00838978308365,-0.999926297858,0.0,0.66106567887,0.260051889571,0.303178566158,1.0,-0.0052,-0.00683428571429,0.261
0.464531631661,0.544101120129,-0.123997727943,-1.36176325847,0.0791630939985,1.89621126963,0.158492699658,-0.000883000710068,-0.0302807007769,-0.000176050553692,-0.0483547967714,-0.00379954743041,0.025819249271,-0.00280642757569,0.573951754677,0.818875312797,0.00183092768357,0.0,0.818830305708,-0.573893371163,-0.0120031616795,0.0,-0.00877850452756,0.00838861628932,-0.99992628177,0.0,0.660995132208,0.259959772878,0.303180420541,1.0,-0.00546,-0.007176,0.274
0.464438299983,0.543518416202,-0.123995716005,-1.36270753297,0.0791191520621,1.89653092151,0.158348902755,-0.00299008203493,-0.0331609304473,-0.00187288119661,-0.049172551763,-0.00754646847178,0.016551740139,-0.00630562489301,0.57394972007,0.818876799917,0.00180341094257,0.0,0.81883124828,-0.573891279975,-0.0120387918782,0.0,-0.0088234954336,0.00838651192811,-0.999925903428,0.0,0.660883083801,0.259809396491,0.303170900256,1.0,-0.00584,-0.00767542857143,0.293
0.464373753673,0.54300121677,-0.124004529907,-1.3635356023,0.0790701443972,1.8968277173,0.158260544184,-0.00667479326647,-0.0320298767262,0.000719642305803,-0.0536038217697,-0.00440952238065,0.0225474644348,-0.00626644240031,0.573969346908,0.818863074174,0.00178926388236,0.0,0.818817353523,-0.573910981436,-0.0120446609796,0.0,-0.00883622005102,0.00837850782536,-0.999925858162,0.0,0.660786666038,0.259682344635,0.303168637884,1.0,-0.00616,-0.008096,0.309
0.464307913946,0.542433127136,-0.124002379726,-1.36440527874,0.079020840253,1.89714088527,0.158146685954,-0.00452082277951,-0.0402844550094,0.000443501560455,-0.056368383587,-0.00528290679047,0.0139338518714,-0.0105204523244,0.573963624934,0.818867057473,0.00180176011321,0.0,0.818821438427,-0.573905146793,-0.0120449723441,0.0,-0.00882936165103,0.00838885730793,-0.999925831973,0.0,0.66068298894,0.259557595024,0.303183558776,1.0,-0.00648,-0.00851657142857,0.325
0.464228484049,0.54182671311,-0.124007730582,-1.36535478996,0.0789574898624,1.89749510113,0.158021326291,-0.00644972419134,-0.0332296404426,-0.000767614886259,-0.0607194707786,-0.00134740234195,0.0211090809396,-0.00655245872242,0.573965595726,0.818865666589,0.00180607475409,0.0,0.818820181721,-0.573907172415,-0.0120338837653,0.0,-0.00881778476553,0.00838604717999,-0.999925957701,0.0,0.660575985156,0.259411063417,0.303191298559,1.0,-0.00682,-0.00896342857143,0.342
0.464152188697,0.541168499901,-0.124005806936,-1.36635599929,0.0789015119903,1.8978727603,0.157889434666,-0.00400408095177,-0.043001964182,0.000507418673633,-0.0596413572747,-0.000546028372065,0.0205231514127,-0.0117120776049,0.57395932685,0.818869988762,0.00183834933052,0.0,0.818824873871,-0.573900714579,-0.0120225886285,0.0,-0.00879007625689,0.00840592487502,-0.999926034758,0.0,0.660460043779,0.259268156592,0.3032127751,1.0,-0.00716,-0.00941028571429,0.359
0.46407313883,0.54050497183,-0.12400493788,-1.36736211999,0.0788414221146,1.89824370473,0.157748697913,-0.00107050598786,-0.0439835789176,0.00032540809236,-0.0641388791847,-0.0141233814386,0.0302798904464,-0.00857478982062,0.573947844325,0.818877980286,0.00186341047607,0.0,0.818833169628,-0.573889102973,-0.0120118569162,0.0,-0.00876702295677,0.00842016380406,-0.999926117346,0.0,0.660342778146,0.259121193412,0.303235016966,1.0,-0.00748,-0.00983085714286,0.375
0.463971349353,0.539725480002,-0.124008421114,-1.36856969067,0.0787771971274,1.89870150094,0.157600451569,-0.00312588556995,-0.0413697785607,-0.000889148021882,-0.0694615097242,-0.00697235992329,0.0249223733633,-0.0130097388489,0.573961966053,0.81886801709,0.00189182795526,0.0,0.818823518441,-0.573903043906,-0.0120036971006,0.0,-0.00874388616732,0.00843890128536,-0.999926161974,0.0,0.660206250455,0.258939529649,0.303250907381,1.0,-0.00784,-0.010304,0.393
0.463868431049,0.539017063851,-0.124009140394,-1.36966951001,0.0787113465242,1.8991119093,0.157474706215,-0.00404426609175,-0.0382721533098,-0.000462057257773,-0.0733151936535,-0.00556375037682,0.027173803866,-0.00792160806021,0.573986952857,0.818850466339,0.00190751889031,0.0,0.818806166179,-0.573927954326,-0.011996348254,0.0,-0.00872860500026,0.00844779825549,-0.999926220358,0.0,0.660082826711,0.25876711699,0.303263525204,1.0,-0.00816,-0.0107245714286,0.409
0.463764390732,0.538274934666,-0.124013736871,-1.37080016041,0.0786488706926,1.89954734944,0.157328909339,-0.0050431922808,-0.0490746502928,-0.00410593028659,-0.0748562049874,-0.00110016186455,0.0251161029925,-0.0129520004175,0.57400176036,0.818839989044,0.00194893467653,0.0,0.818796212973,-0.573942568089,-0.0119765210964,0.0,-0.00868844510955,0.00847048760792,-0.999926378171,0.0,0.659958925201,0.25859075354,0.303287470454,1.0,-0.00848,-0.0111451428571,0.425
0.463642392775,0.53743753513,-0.124012308058,-1.37213536712,0.0785738892809,1.90005377655,0.157162996344,-0.00460788774518,-0.0502753638109,0.00110764257429,-0.0693082264703,-0.00522716884155,0.0201897502286,-0.00829073704538,0.574018422579,0.81882828661,0.00195818487863,0.0,0.818784573357,-0.57395913269,-0.0119784530102,0.0,-0.00868454526439,0.00847934752596,-0.999926336956,0.0,0.659807997543,0.258385808596,0.303287165877,1.0,-0.00884,-0.0116182857143,0.443
0.463526932515,0.536599837846,-0.124026449064,-1.37344185506,0.0784969945179,1.90055602863,0.157007994013,-0.00418251073651,-0.0483733305318,-0.00108490627007,-0.0802766942807,-0.00367919534645,0.0360248294221,-0.00819502987459,0.574047403102,0.818807910133,0.00198297672905,0.0,0.818764586161,-0.573988069826,-0.0119580536728,0.0,-0.00865331055489,0.00848824420294,-0.999926532265,0.0,0.659664578531,0.25817897991,0.303300719694,1.0,-0.00918,-0.0120651428571,0.46
0.463406979526,0.53578358486,-0.124029692386,-1.3747330661,0.0784156927618,1.90101941002,0.15685763062,-0.00789090098334,-0.0510511878545,-0.000569379910205,-0.0791992980224,-0.00667795389901,0.0272474563581,-0.0125044681788,0.574073836154,0.818789408712,0.00197020956853,0.0,0.818745929825,-0.574014564504,-0.0119636546663,0.0,-0.00866495156996,0.00848128548486,-0.999926490504,0.0,0.659514986543,0.257973720309,0.303302517794,1.0,-0.0095,-0.0124857142857,0.476
0.463287699156,0.534877910037,-0.124030764954,-1.37618132267,0.0783419972794,1.90154142054,0.156672786478,-0.00901274360452,-0.0551452779165,0.00214496982162,-0.0865026594654,-0.00494505994045,0.033228435677,-0.00662092364763,0.574080549761,0.818784727142,0.00195956279345,0.0,0.818740948258,-0.574021164689,-0.0119878703176,0.0,-0.00869082193531,0.00848654087432,-0.999926221397,0.0,0.659341550726,0.257757915509,0.303297554665,1.0,-0.00984,-0.0129325714286,0.493
0.463158445672,0.533978488123,-0.124036486757,-1.37766225328,0.0782552765766,1.90207519797,0.156498413503,-0.00551474018119,-0.053981110176,0.000511916325648,-0.087380382155,-0.00545779779922,0.0302125581439,-0.0125000357159,0.574105443268,0.81876737203,0.00191765758754,0.0,0.818723006205,-0.574046194843,-0.0120146659736,0.0,-0.00873656064975,0.00846787855233,-0.999925981031,0.0,0.659166673613,0.257527589425,0.303273612849,1.0,-0.01018,-0.0133794285714,0.51
0.463037367205,0.533117286242,-0.124039685094,-1.37904806307,0.0781783321648,1.90261586527,0.156311904224,-0.00816759350294,-0.058886881443,0.00160586969256,-0.0925121598431,-0.0024805930326,0.0394434166678,-0.0154133665993,0.57410947777,0.818764509178,0.0019320832176,0.0,0.81872030297,-0.574050139185,-0.0120104166232,0.0,-0.00872475821016,0.00847729298677,-0.999926004311,0.0,0.659010733599,0.257316962874,0.303268334971,1.0,-0.0105,-0.0138,0.526
0.462912529039,0.532154932112,-0.124040376333,-1.38060301033,0.0780921757521,1.90318573838,0.156111639414,-0.00721681591946,-0.0538714700555,0.000726942186377,-0.0944733247696,-0.001387135369,0.0292746546985,-0.016717289957,0.57410995561,0.818764212453,0.0019157702612,0.0,0.818719690877,-0.57405058771,-0.0120306866609,0.0,-0.00875071512321,0.00847557900205,-0.999925792019,0.0,0.658824402394,0.257087089296,0.303256142174,1.0,-0.01084,-0.0142468571429,0.543
0.462785791351,0.531145578953,-0.124037217922,-1.38221851354,0.0779856869109,1.90376705839,0.155908295812,-0.0095488197621,-0.0569301076032,0.00154272689798,-0.0960390502937,-0.00335813906705,0.0350608244678,-0.0115819063187,0.574104260685,0.818768265449,0.00189004181501,0.0,0.8187234232,-0.574045019616,-0.0120423693033,0.0,-0.00877510968365,0.0084611599341,-0.999925700351,0.0,0.658627767063,0.256849162493,0.303248870081,1.0,-0.01118,-0.0146937142857,0.56
0.462651478138,0.530103944329,-0.124041087105,-1.38386889581,0.0778909009196,1.90434849228,0.155700276893,-0.0055422765581,-0.0576031078974,-0.000523370588837,-0.0922960209946,-0.00320419619505,0.0379336311588,-0.0101562225516,0.574110690519,0.818763805259,0.00186899186857,0.0,0.818718592982,-0.574051448947,-0.0120642599405,0.0,-0.00880505141086,0.00845656181302,-0.999925476039,0.0,0.658426303852,0.256600368615,0.303247765879,1.0,-0.01152,-0.0151405714286,0.577
0.462514938357,0.529036093037,-0.124043911319,-1.38552903831,0.0777829808217,1.90497089893,0.155473329534,-0.00686048811606,-0.0668997553882,-0.000643181899385,-0.0975478026083,-0.00347843097749,0.0333331116537,-0.0103753779151,0.574099691466,0.818771470889,0.0018893432041,0.0,0.818726594569,-0.574040429948,-0.0120455399528,0.0,-0.00877815408631,0.00846235922457,-0.999925663481,0.0,0.658232021703,0.256350581806,0.3032637202,1.0,-0.01186,-0.0155874285714,0.594
0.462372554017,0.527942222912,-0.124038275125,-1.38723778276,0.0776802434624,1.90563970516,0.155228926345,-0.00760669379535,-0.0636981783658,0.00158235714928,-0.103565046515,-0.00383891403549,0.0402875748896,-0.00929487397585,0.574077271539,0.818787083404,0.00193526585567,0.0,0.818742797397,-0.574017805411,-0.012022382589,0.0,-0.00873306265478,0.00848642496444,-0.999925854355,0.0,0.658035111329,0.256100433465,0.303278371848,1.0,-0.0122,-0.0160342857143,0.611
0.462236537956,0.526829036389,-0.124043651988,-1.38891402722,0.0775728953511,1.9062707962,0.154996543154,-0.00938405344248,-0.0706236894678,-0.00273321837759,-0.108314727247,-0.00659838100313,0.0336182021077,-0.013212385521,0.574063770937,0.81879641998,0.0019890767391,0.0,0.818752911249,-0.574004150661,-0.0119855015309,0.0,-0.00867211440598,0.00850916840406,-0.999926191519,0.0,0.657839433317,0.255848929667,0.303318856264,1.0,-0.01252,-0.0164548571429,0.627
0.462084281812,0.525652883637,-0.124046157638,-1.39074298758,0.0774578594919,1.9069422579,0.154754585878,-0.0101109263853,-0.0738658210905,-0.000514891334851,-0.111859538445,-0.00753271433114,0.0445664959176,-0.0113685733337,0.574059596592,0.818799315092,0.00200201582359,0.0,0.818755990864,-0.573999937772,-0.0119768845412,0.0,-0.00865767458819,0.00851477189328,-0.999926268947,0.0,0.657621029131,0.255572645975,0.303334099553,1.0,-0.01286,-0.0169017142857,0.644
0.461925347598,0.524479469177,-0.124057676181,-1.3926072004,0.0773452533118,1.90760686582,0.154501533563,-0.00690605423536,-0.0698512137721,-0.00173421329079,-0.112474974719,-0.00452944024912,0.0400766750951,-0.0145100058233,0.574047726828,0.818807691807,0.00197940967127,0.0,0.81876400943,-0.57398810286,-0.0119958966943,0.0,-0.00868634212039,0.00850705041443,-0.999926086045,0.0,0.657379717722,0.255268672805,0.303331834016,1.0,-0.01322,-0.0173748571429,0.662
0.461777512926,0.523360467715,-0.124054226905,-1.39440323035,0.0772224909238,1.90827343652,0.154251202816,-0.0108683721511,-0.0674355646726,-0.000195644906169,-0.115763581467,-0.0063070251992,0.0456569519416,-0.0228741576785,0.574037275059,0.818815064531,0.00196057171436,0.0,0.818771260775,-0.573977853947,-0.0119913556063,0.0,-0.00869354524712,0.00848890830867,-0.999926177629,0.0,0.657179549372,0.255014224338,0.303319574253,1.0,-0.01352,-0.0177691428571,0.677
0.461602305189,0.522049442661,-0.124059925002,-1.39648051063,0.0771096373205,1.90908229583,0.153967628959,-0.00812769268889,-0.0754503889169,-0.000403722798043,-0.118200080473,-0.00762947360932,0.0444026131707,-0.0172640920453,0.574033684491,0.818817485899,0.00200018934899,0.0,0.818774127786,-0.573974026688,-0.0119787835937,0.0,-0.00866054747393,0.00851409249431,-0.999926249854,0.0,0.656938306532,0.254703028665,0.30332254861,1.0,-0.01388,-0.0182422857143,0.695
0.461431313001,0.520795596763,-0.124060217769,-1.39848594614,0.0769793942963,1.90983596838,0.153708584288,-0.0151990293326,-0.075159362608,0.00164794545314,-0.118344417864,-0.00271898188772,0.045102310311,-0.0144338981963,0.574033738503,0.818817459693,0.00199541044276,0.0,0.818774097536,-0.573974158076,-0.0119745549365,0.0,-0.00865982735367,0.00850775272219,-0.999926310052,0.0,0.656699387431,0.254399072471,0.303314183669,1.0,-0.01422,-0.0186891428571,0.712
0.461277926726,0.519565558384,-0.124071236491,-1.40042809097,0.0768478606366,1.91052669759,0.153434384071,-0.00552458349289,-0.0791557073471,-0.000634591975517,-0.121178008364,-0.0102039861218,0.0373538370121,-0.0217487366084,0.574010227221,0.818834008579,0.00196782677037,0.0,0.818790386264,-0.57395086358,-0.0119773310034,0.0,-0.0086781771652,0.00848651152384,-0.999926331468,0.0,0.656459558996,0.254103236354,0.303313730982,1.0,-0.01454,-0.0191097142857,0.728
0.461100718205,0.518221495442,-0.124082712196,-1.40252041589,0.0767116792411,1.91128081887,0.153156684327,-0.0141532475519,-0.0792524516071,-0.00346659684537,-0.116975112647,-0.0102342510167,0.0487759517695,-0.0110945150237,0.574010169584,0.818834053913,0.00196577396123,0.0,0.81879047811,-0.573950886271,-0.0119699626984,0.0,-0.00867332236259,0.00848060059783,-0.99992642374,0.0,0.656205598814,0.253778754589,0.303326973235,1.0,-0.01488,-0.0195565714286,0.745
0.460921094054,0.516855409821,-0.124081846685,-1.40466735442,0.0765779923637,1.91205676505,0.152860161309,-0.00782649736842,-0.0757177277602,-0.00092609234699,-0.125960649488,-0.00357449477918,0.0473790797357,-0.0238335090845,0.573991226606,0.818847345525,0.00196046070852,0.0,0.818803656957,-0.573931925588,-0.0119776060356,0.0,-0.00868282708984,0.00848043645231,-0.999926342643,0.0,0.655940540735,0.253455622288,0.303330782566,1.0,-0.01522,-0.0200034285714,0.762
0.460749643162,0.515568773096,-0.124087510176,-1.40671528966,0.0764514718807,1.91284230177,0.152575595799,-0.0115469372693,-0.0785573684903,-0.00112227390967,-0.128330642528,-0.00878814869124,0.0457334760122,-0.0241763409782,0.573976771492,0.818857439146,0.00197662467027,0.0,0.818814004584,-0.57391744641,-0.0119640087065,0.0,-0.00866256492926,0.00848571442957,-0.999926473607,0.0,0.65569704531,0.253146561142,0.303326657379,1.0,-0.01554,-0.020424,0.778
0.460566361047,0.514179083051,-0.124085114102,-1.40896075215,0.0763251118499,1.91363482966,0.152278587535,-0.0103916022194,-0.0793935821259,-5.01623398172e-05,-0.134419169849,-0.00953919066637,0.0470840083154,-0.017567013827,0.57396589442,0.81886517649,0.00192916473352,0.0,0.818820911405,-0.573906566012,-0.0120131359166,0.0,-0.00873014643739,0.00847493389522,-0.99992597728,0.0,0.655411103638,0.252812963486,0.303300761099,1.0,-0.01588,-0.0208708571429,0.795
0.46037381539,0.512755133062,-0.124087859885,-1.41123998698,0.076185566815,1.91442418765,0.151958916118,-0.00952101685245,-0.0861949414425,-0.00155618987269,-0.133602424261,-0.0029152326051,0.0495262786235,-0.0232297701245,0.573939976531,0.818883492809,0.00186425480061,0.0,0.818838232366,-0.573880790164,-0.0120637804069,0.0,-0.00880914022126,0.0084505716489,-0.999925490668,0.0,0.655101431912,0.252446891248,0.30327475851,1.0,-0.01624,-0.021344,0.813
0.460174405647,0.511329854773,-0.124090543234,-1.41353621602,0.0760372277668,1.91529905068,0.151629797798,-0.0107151000339,-0.0835774344796,-6.8362773661e-05,-0.140356826307,-0.00502373271896,0.0457271443014,-0.0187955129848,0.573921189809,0.818896648658,0.00186911915607,0.0,0.818851562158,-0.57386209048,-0.012048533626,0.0,-0.00879405649417,0.00844560249894,-0.999925665422,0.0,0.654844740401,0.252113950313,0.303263461516,1.0,-0.01656,-0.0217645714286,0.829
0.459975663372,0.509856061503,-0.124098930195,-1.41587190901,0.075891943298,1.91618129437,0.151297388705,-0.0132067095882,-0.0843494582608,-0.000718662186471,-0.13731298382,-0.00962245571511,0.0479839995407,-0.0168486637265,0.573900364461,0.818911215302,0.00188149530068,0.0,0.818866332163,-0.573841253991,-0.012037116314,0.0,-0.00877781892696,0.00844896126423,-0.99992577972,0.0,0.6545621187,0.251757526219,0.303260222915,1.0,-0.0169,-0.0222114285714,0.846
0.459770672246,0.508347501301,-0.124097527733,-1.41824333254,0.0757437340348,1.91702022102,0.150966813642,-0.0147705062057,-0.0859791826761,-0.00137173412653,-0.143110414569,-0.0055711703778,0.0477316121078,-0.0200543911718,0.573879401067,0.818925953198,0.0018609434915,0.0,0.818880718141,-0.573820302581,-0.0120572262349,0.0,-0.0088062978785,0.00844344707549,-0.99992557589,0.0,0.654261764264,0.251395693749,0.303259713603,1.0,-0.01724,-0.0226582857143,0.863
0.459578862439,0.506975967278,-0.124100478213,-1.42037396977,0.0756108322602,1.91779547213,0.15067323271,-0.0152326604263,-0.083104556735,0.000401068451747,-0.140111829762,-0.010670269983,0.0575870231479,-0.0261345435938,0.57386737583,0.818934349122,0.00187448324402,0.0,0.818889249226,-0.57380817961,-0.0120547673738,0.0,-0.00879663861769,0.00845299464179,-0.999925580246,0.0,0.653981510125,0.251048408949,0.303269947645,1.0,-0.01756,-0.0230788571429,0.879
0.459337552294,0.505283649876,-0.124106263169,-1.42296612128,0.0754454405211,1.9188000676,0.150319265218,-0.0161449246591,-0.0991157599537,0.000145204322717,-0.138009389892,-0.00792057592579,0.063806060169,-0.0185643904409,0.573873663605,0.818929752953,0.00195572248698,0.0,0.818885844432,-0.573814242955,-0.0119973027158,0.0,-0.00870289428857,0.00848661291673,-0.999926115787,0.0,0.653693118786,0.250659874811,0.303308458164,1.0,-0.0179,-0.0235257142857,0.896
0.459119954571,0.503714070588,-0.124109723945,-1.42530629301,0.0752897558668,1.91968441324,0.149995841665,-0.0138620584009,-0.0992229116625,0.000474422563405,-0.144326350512,-0.0156211717314,0.0561791357685,-0.0150806596746,0.573867618129,0.818933769521,0.00204570344184,0.0,0.818891155342,-0.573807939732,-0.0119361176464,0.0,-0.00860121454041,0.00852512399349,-0.999926667996,0.0,0.653412729494,0.250293542785,0.303367807359,1.0,-0.01822,-0.0239462857143,0.912
0.458886974754,0.502024002917,-0.124122240214,-1.42781198635,0.0751320726393,1.92060588201,0.149640528745,-0.0130570066992,-0.0908785232274,0.000814221374909,-0.149329418798,-0.00661029004326,0.0496556978829,-0.0246793419291,0.57386199113,0.818937489868,0.00213300874345,0.0,0.818896064071,-0.573802008325,-0.0118843759773,0.0,-0.00850880015149,0.00856686906508,-0.99992710188,0.0,0.653108103785,0.249896118407,0.303435401391,1.0,-0.01856,-0.0243931428571,0.929
0.458655707861,0.500299671057,-0.124124086888,-1.43040433105,0.0749670893599,1.92151651654,0.149280600663,-0.00949237589503,-0.0967910588375,0.000943929953991,-0.155022135425,-0.00465877559693,0.0550366237046,-0.0157294702712,0.573845226496,0.818949141948,0.00216929288876,0.0,0.818908137294,-0.573785048603,-0.0118712919857,0.0,-0.00847743977686,0.00858890120007,-0.999927179244,0.0,0.6527777504,0.249494500703,0.303483747987,1.0,-0.0189,-0.02484,0.946
0.458390240422,0.498525363951,-0.124124077257,-1.43317142684,0.0747957039579,1.92255098439,0.14889154642,-0.0145547880669,-0.0891773593986,0.00242674092484,-0.154412735983,-0.0156866624521,0.0664605119117,-0.0131655782133,0.573838523943,0.818953747542,0.00220334437886,0.0,0.818913159164,-0.573778184222,-0.0118566420388,0.0,-0.00844597310518,0.00860831140915,-0.999927278612,0.0,0.652438528163,0.249058963039,0.303493893669,1.0,-0.01926,-0.0253131428571,0.964
0.458161510991,0.497039874442,-0.124126661942,-1.43552722351,0.0746501056879,1.92340634676,0.148534772199,-0.0127688770627,-0.0959098072617,-0.00132093918197,-0.154970453443,-0.0108864279388,0.0595005444594,-0.0281670615542,0.573815511622,0.818969907759,0.00218991051881,0.0,0.818929084476,-0.573755166951,-0.0118705474632,0.0,-0.00846531166911,0.00860505135598,-0.999927143141,0.0,0.65214417463,0.248683028911,0.303482411198,1.0,-0.01956,-0.0257074285714,0.979
0.457882822655,0.495272228743,-0.124134201751,-1.43840712934,0.0744751630822,1.92438700714,0.148123850362,-0.0201258307687,-0.0911889180991,-0.0012715393237,-0.15941597996,-0.0166254708706,0.0500609058306,-0.0221805057938,0.573810406448,0.818973772817,0.00207937273004,0.0,0.818931320762,-0.573750320999,-0.0119502271819,0.0,-0.00859404733191,0.00856019298282,-0.999926430017,0.0,0.651769300862,0.248217207214,0.303428628722,1.0,-0.01992,-0.0261805714286,0.997
0.4576027569,0.493528614842,-0.124148329997,-1.44121576889,0.0742999556427,1.92540406346,0.147730070403,-0.0162593798004,-0.108037655927,-0.00364685102814,-0.177451596793,-0.00855311325123,0.0582350375826,-0.021472282382,0.573821271684,0.818966275029,0.00203357541117,0.0,0.818923206712,-0.573761356614,-0.0119763962086,0.0,-0.00864164398296,0.00853781737885,-0.999926211109,0.0,0.65141878355,0.247757236627,0.303394648376,1.0,-0.0229514285714,-0.0301647346939,1.014
0.457332701539,0.491563854886,-0.12418668806,-1.44429844273,0.0741067262424,1.9265557393,0.14729263732,-0.0153802866343,-0.122555001569,-0.000865312460007,-0.202665458242,-0.0202684308257,0.0771322461547,-0.0275090493108,0.573814057492,0.818971286358,0.00205096257585,0.0,0.818928596682,-0.573754221183,-0.0119496490412,0.0,-0.00860983677745,0.00853663286266,-0.999926495604,0.0,0.651036845119,0.247266319737,0.303395713287,1.0,-0.0266085714286,-0.0349712653061,1.03
0.456985344472,0.489366206813,-0.124188083976,-1.44788065197,0.0739104988838,1.92782080777,0.146765550455,-0.0226964078703,-0.144087337099,0.00155872481827,-0.233563907151,-0.00651279144291,0.074039851151,-0.0320901693457,0.573793652714,0.818985797343,0.00196335358265,0.0,0.818941549958,-0.573733781828,-0.0120429333517,0.0,-0.00873671730624,0.008518194545,-0.999925552295,0.0,0.650571112248,0.246698093648,0.303328970637,1.0,-0.0302657142857,-0.0397777959184,1.046
0.456519628466,0.486457262732,-0.124224928261,-1.4524022825,0.0736320030988,1.92953701501,0.146116154116,-0.0313429480366,-0.167927996859,-0.00209075864338,-0.252956886498,-0.0185138288741,0.10222150172,-0.0386575439404,0.573818955499,0.818967877038,0.00204195785868,0.0,0.818924784335,-0.573758873356,-0.0119874830021,0.0,-0.00864593852596,0.00855101950801,-0.999926061173,0.0,0.650023727443,0.245947635522,0.303347941679,1.0,-0.03438,-0.0451851428571,1.064
0.456071373,0.483571022732,-0.124264640641,-1.45685285985,0.0733552562286,1.93113303841,0.145430268475,-0.0319106672271,-0.186337111681,0.000173140643408,-0.288340653659,-0.00952586318874,0.0965300290177,-0.0378410539187,0.573796959609,0.818983234735,0.00206331458965,0.0,0.818940434189,-0.57373680424,-0.0119746236632,0.0,-0.00862338253046,0.00856089922017,-0.999926171414,0.0,0.649461744882,0.245207728057,0.303372605089,1.0,-0.0380371428571,-0.0499916734694,1.08
0.45552900881,0.480183307993,-0.124331273918,-1.46217550045,0.0730399832575,1.93299796387,0.144624829706,-0.033470653713,-0.203530548928,-0.00723925457695,-0.317030537733,-0.0165449551055,0.111123134495,-0.0462188054048,0.573804477578,0.818978118792,0.0020023367538,0.0,0.818934392222,-0.573744449814,-0.0120214160917,0.0,-0.00869661457362,0.00853788919356,-0.999925733914,0.0,0.648779530277,0.244306848799,0.303352143485,1.0,-0.0419228571429,-0.0550986122449,1.097
0.454877577691,0.476208900092,-0.124367649322,-1.46824565105,0.0726599107086,1.93522168352,0.143751029523,-0.0349963245822,-0.226087732324,0.000652033907184,-0.341380906059,-0.0233663601491,0.129663236237,-0.0523224821217,0.573839911896,0.818953033418,0.0021051059373,0.0,0.818910674885,-0.573779474742,-0.0119652758169,0.0,-0.00859129775608,0.00859021193261,-0.999926196207,0.0,0.648018016266,0.243286714991,0.30340915472,1.0,-0.0460371428571,-0.0605059591837,1.115
0.454278679482,0.472641515473,-0.124403815169,-1.47372832164,0.0723335610022,1.93718205688,0.142947354942,-0.0436193686901,-0.239028748588,0.00110038716055,-0.3744678098,-0.0246008689123,0.117213304596,-0.055120987378,0.573873605407,0.818929309062,0.00214911089278,0.0,0.818887321046,-0.573812778148,-0.0119665352014,0.0,-0.00856672404837,0.00862732446458,-0.999926087524,0.0,0.647316727881,0.242356560283,0.30343802025,1.0,-0.0494657142857,-0.0650120816326,1.13
0.453510668619,0.468021396602,-0.12443110058,-1.48069542399,0.0718965706584,1.93977993216,0.14184406443,-0.04312409895,-0.272760908612,-0.00076209748632,-0.399128001009,-0.0309216805347,0.154338040214,-0.0670084626127,0.573832155504,0.818957774001,0.00235979120953,0.0,0.818918564265,-0.573770525107,-0.0118539665006,0.0,-0.00835408021892,0.00873483215019,-0.999926953358,0.0,0.646440256623,0.241186701483,0.303538717882,1.0,-0.05358,-0.0704194285714,1.148
0.452674475008,0.46305990034,-0.12443350975,-1.48829180128,0.0714029345417,1.94244624509,0.140658683295,-0.0501149719166,-0.281462447662,-0.000116450976472,-0.443824795186,-0.0281665552663,0.150307979834,-0.0683139889252,0.57377016601,0.819001126565,0.00238708684477,0.0,0.81896204006,-0.573708194402,-0.0118672456133,0.0,-0.00834995700543,0.00876417373529,-0.999926731054,0.0,0.645433978558,0.239915127926,0.303575441029,1.0,-0.0576942857143,-0.0758267755102,1.166
0.451923162752,0.458688605169,-0.124465422639,-1.49503017328,0.0709444150343,1.94476448683,0.139671394617,-0.0531703278574,-0.295637934317,-0.00473791408284,-0.459078384345,-0.0353086296638,0.165000665718,-0.0728936906559,0.573787265882,0.818989311431,0.00232984440069,0.0,0.818949480913,-0.57372551775,-0.0118964236241,0.0,-0.00840651445877,0.00873420940819,-0.999926519351,0.0,0.644532474269,0.238758230339,0.303579540732,1.0,-0.0611228571429,-0.0803328979592,1.181
0.451018604301,0.453517097733,-0.124490676922,-1.50303707906,0.0704059882519,1.94762732599,0.138397258505,-0.0546108265851,-0.316338934126,0.000621698511968,-0.475128887039,-0.0280367470077,0.180745149809,-0.0774677659294,0.573723520119,0.819033948322,0.00233684810237,0.0,0.818994240456,-0.573661785148,-0.0118885348689,0.0,-0.0083967148622,0.00873476538201,-0.999926596833,0.0,0.643471585422,0.237392816724,0.303572085426,1.0,-0.0650085714286,-0.0854398367347,1.198
0.450021942229,0.447922847753,-0.124530424031,-1.51131597225,0.0698486006201,1.95073826094,0.13711071727,-0.0610768465929,-0.32369284845,-0.00537693812553,-0.500362258211,-0.0289041594468,0.175042747243,-0.0694474599997,0.573738338335,0.819022525633,0.00267741117987,0.0,0.818987651129,-0.573675773717,-0.0116653697213,0.0,-0.00801838902023,0.00888580761259,-0.999928371365,0.0,0.642417036882,0.235948265132,0.303739515822,1.0,-0.0688942857143,-0.0905467755102,1.215
0.449035840962,0.442509734046,-0.124560157809,-1.51973292554,0.0692852201535,1.95355878529,0.135843798167,-0.063366748178,-0.340569857304,-0.00115647192553,-0.539461652644,-0.0367261000297,0.180008726968,-0.0894063711309,0.573751030033,0.819014146636,0.00251595858249,0.0,0.81897684966,-0.573688690615,-0.0117878277501,0.0,-0.00821117879122,0.00882396003578,-0.999927354497,0.0,0.641247369132,0.234480908613,0.303685475207,1.0,-0.0725514285714,-0.0953533061224,1.231
0.447916591378,0.436469082894,-0.124584785141,-1.52908636667,0.0686485066556,1.95671678057,0.134327938799,-0.0675957909105,-0.362602488468,-0.00140739242668,-0.546101965835,-0.0350785175725,0.188741226499,-0.0768953300128,0.573680106172,0.819064244389,0.00237618330177,0.0,0.819024819942,-0.573617983243,-0.0118953991389,0.0,-0.00838023597951,0.00877047580065,-0.999926422493,0.0,0.639942333744,0.232843334822,0.30363619792,1.0,-0.0764371428571,-0.100460244898,1.248
0.446618599463,0.429746009776,-0.124618512266,-1.53916563623,0.0679417337974,1.9604142014,0.132675108201,-0.0728952845724,-0.37027865621,-0.000364608865731,-0.578198960701,-0.0416239342531,0.197830250322,-0.0871107120417,0.57365587462,0.819080425036,0.00263471759929,0.0,0.819044778075,-0.573593230378,-0.0117134313669,0.0,-0.00808314178922,0.00887760132829,-0.999927922909,0.0,0.638607257845,0.231037363011,0.303743496012,1.0,-0.0805514285714,-0.105867591837,1.266
0.445385086885,0.423543725485,-0.124697327386,-1.54868195995,0.0672571851378,1.96359222708,0.13109429941,-0.0790785562652,-0.392902640767,-0.00206777914699,-0.596289878595,-0.0496616792964,0.20182288624,-0.10151627266,0.573643569827,0.819089506775,0.00248627997337,0.0,0.819052033832,-0.573581579496,-0.0117764357466,0.0,-0.00822002881411,0.00879203858439,-0.999927562968,0.0,0.637275815006,0.22927887323,0.303710909358,1.0,-0.0842085714286,-0.110674122449,1.282
0.443990563438,0.416661725787,-0.124824451389,-1.55910541656,0.0665055198355,1.96716048379,0.129459206924,-0.0821435129399,-0.417360335748,-0.00218727118454,-0.612973800007,-0.0478425314484,0.231463110452,-0.0999105577693,0.573766983105,0.819003135014,0.00246187686792,0.0,0.818965775765,-0.573705527711,-0.0117376530654,0.0,-0.00820094018414,0.00875103917169,-0.99992807936,0.0,0.635837124606,0.227311578115,0.303732701543,1.0,-0.0880942857143,-0.115781061224,1.299
0.442408301472,0.409123650091,-0.124848293811,-1.57047532493,0.0657457486879,1.97113066156,0.127515947009,-0.0897914664876,-0.427926340588,-0.00147333302244,-0.641447200179,-0.0419505144927,0.213565803987,-0.105444074947,0.573745251812,0.819017980037,0.0025848212345,0.0,0.818981836978,-0.573682941277,-0.0117209423142,0.0,-0.00811695092629,0.00884192687692,-0.999927965124,0.0,0.634248226123,0.225214644187,0.303767909299,1.0,-0.0922085714286,-0.121188408163,1.317
0.441002325403,0.402705892133,-0.124912172344,-1.58038665348,0.065047533888,1.9743933217,0.125882580301,-0.0933344800318,-0.429411263103,-0.0037934358093,-0.661193003051,-0.0432607485624,0.216979214153,-0.111488584945,0.573809509262,0.818973598177,0.0023747570501,0.0,0.818934415934,-0.573747648501,-0.0118661341465,0.0,-0.00835570017827,0.00875383942777,-0.999926773604,0.0,0.632816688968,0.223329548823,0.303668786838,1.0,-0.0956371428571,-0.125694530612,1.332
0.439350280847,0.395017887284,-0.125008965332,-1.59165845819,0.0642084671135,1.978428882,0.12395157302,-0.0994819230246,-0.450971641568,-0.00491761693817,-0.675242683467,-0.0481266792712,0.237943925403,-0.110619159469,0.573861383302,0.818936229108,0.00270412849466,0.0,0.818902104326,-0.573799159693,-0.0116023603848,0.0,-0.00795011966877,0.00887273392225,-0.999929032577,0.0,0.631261537079,0.221161643512,0.303831721475,1.0,-0.0995228571428,-0.130801469388,1.349
0.437490694936,0.386771753285,-0.125038469086,-1.60428735295,0.0632595733713,1.98249993361,0.121770168999,-0.102467429095,-0.461847170015,-0.00656980378821,-0.711742578764,-0.0560206409619,0.220053133015,-0.122937417008,0.573835312485,0.818955409292,0.00241218525868,0.0,0.818917176909,-0.573773792168,-0.011791509057,0.0,-0.00827283072033,0.00874193253593,-0.99992756682,0.0,0.629376543474,0.218748485027,0.3037119379,1.0,-0.103637142857,-0.136208816327,1.367
0.435774936123,0.379068790279,-0.12509582308,-1.61560312533,0.0624263681747,1.98631340263,0.119730795736,-0.105734413763,-0.48222156972,-0.0031430953608,-0.702272833459,-0.0518579394284,0.239256631962,-0.122886608522,0.573793947815,0.818983962214,0.00255381843595,0.0,0.818947680517,-0.573732029519,-0.0117047759838,0.0,-0.00812097273169,0.00880774288099,-0.999928234158,0.0,0.627828555145,0.216700524205,0.303811954556,1.0,-0.107065714286,-0.140714938775,1.382
0.433800854697,0.370810598681,-0.125142858957,-1.62803010292,0.0614874268536,1.99043587921,0.11751790712,-0.120144536929,-0.488459910506,-0.00376980877735,-0.73985859268,-0.0621491418182,0.240962025883,-0.140685495498,0.57382821405,0.818960147669,0.00249082145052,0.0,0.818922922371,-0.57376638549,-0.0117528293762,0.0,-0.00819610706133,0.0087840649928,-0.999927829411,0.0,0.625873996577,0.214109442196,0.303768708012,1.0,-0.11118,-0.146122285714,1.4
