position_joint1,position_joint2,position_joint3,position_joint4,position_joint5,position_joint6,position_joint7,velocity_joint1,velocity_joint2,velocity_joint3,velocity_joint4,velocity_joint5,velocity_joint6,velocity_joint7,ee_T_00,ee_T_10,ee_T_20,ee_T_30,ee_T_01,ee_T_11,ee_T_21,ee_T_31,ee_T_02,ee_T_12,ee_T_22,ee_T_32,ee_T_03,ee_T_13,ee_T_23,ee_T_33,v_x,v_y,time
0.465070451612,0.547815065328,-0.124009114391,-1.3558536745,0.0795690586465,1.89409395981,0.159158900386,0.000408433255402,-0.00117173742933,-0.000576045934677,-0.000522017118067,-0.000207048048253,0.000158924337777,0.000939055824057,0.573841990417,0.818952020025,0.00192505401621,0.0,0.818907983225,-0.57378296859,-0.0119819391989,0.0,-0.00870823776321,0.00845234467481,-0.999926359521,0.0,0.661671815388,0.260884250937,0.303180777722,1.0,0.0,0.0,0.0
0.465067699071,0.547822548216,-0.124009797751,-1.35585117798,0.0795656305521,1.89409314601,0.15916204074,-0.000117736105231,0.00254307312086,0.00180039850026,0.000321612120516,-0.000322166437263,4.76911894969e-05,0.00141097493347,0.573846616303,0.818948765456,0.00193065181409,0.0,0.818904842648,-0.573787609935,-0.0119743172591,0.0,-0.00869873572414,0.00845260430054,-0.999926440033,0.0,0.661674522952,0.260881920179,0.303185051914,1.0,-0.00026,-0.000341714285714,0.014
0.465063852034,0.54780915648,-0.124012329651,-1.35585482106,0.0795648131894,1.89409080778,0.159154919972,-0.000653922880581,-0.000501881917449,-0.00123237714729,0.000838744811132,-0.000128012263495,3.54941075061e-05,-0.00209266594356,0.573845287043,0.818949713319,0.00192366713085,0.0,0.818905709061,-0.573786319841,-0.011976883243,0.0,-0.0087048588102,0.00844834265502,-0.999926422763,0.0,0.661673779157,0.26087706324,0.303184242697,1.0,-0.00066,-0.000867428571429,0.034
0.46506626972,0.547788223322,-0.124008028668,-1.35587848024,0.0795658631522,1.89409475938,0.159155634297,-0.000477854176195,-0.00303274748796,0.000296301171304,-0.00442154250288,-0.000163905207101,-5.36444446291e-05,-0.000595115575136,0.573842447926,0.818951693814,0.00192744885197,0.0,0.818907687614,-0.573783415244,-0.0119807536861,0.0,-0.00870588795474,0.00845363046418,-0.999926369113,0.0,0.661668019961,0.260879057551,0.303188014286,1.0,-0.00092,-0.00120914285714,0.047
0.465070209801,0.547647807787,-0.124012992974,-1.35602254159,0.0795663802409,1.89412255364,0.159160281988,0.000326297479113,-0.00580607048277,-0.00137832453629,-0.00886114556663,0.000218752724494,0.0025165047777,0.00136669869979,0.573854445507,0.818943224122,0.00195395448932,0.0,0.818899474112,-0.573795211826,-0.0119771902115,0.0,-0.00868763630158,0.00847341929089,-0.999926360359,0.0,0.661644336913,0.260865512364,0.303221497627,1.0,-0.00134,-0.00176114285714,0.068
0.465057747377,0.547545085119,-0.124010432678,-1.35616687149,0.0795626577189,1.89414821163,0.15915316086,-0.0048719541424,-0.00610066550923,-0.000562176851057,-0.0115516651345,2.82106177808e-05,0.00108428976751,0.000104224624574,0.573863921053,0.818936605616,0.00194499271597,0.0,0.818892642099,-0.573804630088,-0.0119930857984,0.0,-0.00870569876034,0.00847530264165,-0.999926187303,0.0,0.661621947138,0.260844100878,0.303227706893,1.0,-0.0016,-0.00210285714286,0.081
0.46503824552,0.5473472076,-0.124010513666,-1.35641421663,0.0795585789108,1.89427487918,0.159149888742,-0.00117645043158,-0.015725726738,0.000793964409987,-0.00803166842635,-0.00026900126504,0.00657426415464,0.00151916960802,0.573890226339,0.818918000238,0.00201591158565,0.0,0.818874917315,-0.573830589516,-0.0119612386288,0.0,-0.0086386482054,0.00851538132446,-0.999926428313,0.0,0.661601066327,0.260812344418,0.303261143905,1.0,-0.002,-0.00262857142857,0.101
0.465023600991,0.547208535989,-0.12401075173,-1.35657911579,0.0795584573438,1.89437223313,0.159135573141,-0.000385677985147,-0.0144970143111,-0.000254712711929,-0.0161780389798,0.000365720876561,0.00908769072715,-0.00284198045707,0.573900062908,0.818910943641,0.00208112463323,0.0,0.81886867714,-0.573840121214,-0.0119311267493,0.0,-0.00857646257665,0.00855160681228,-0.999926654466,0.0,0.661590219467,0.260791368641,0.303289345407,1.0,-0.00226,-0.00297028571429,0.114
0.464986249144,0.546952305965,-0.12401044775,-1.35691251204,0.0795506027505,1.89453291999,0.159119261359,-0.00265372313265,-0.0109390650453,-0.000491701201511,-0.0145435286612,-0.00196648984056,0.0163340480009,-0.00351596561258,0.573933851943,0.818887063209,0.00215828731311,0.0,0.818845748631,-0.57387353851,-0.0118974219392,0.0,-0.00850422466676,0.00859580308828,-0.999926892494,0.0,0.661562683865,0.260740274333,0.303326075832,1.0,-0.00268,-0.00352228571429,0.135
0.464962290995,0.546766526189,-0.124007836785,-1.35720557995,0.0795442344649,1.89462680835,0.159088233648,-0.00304155274906,-0.0110548402745,0.00025541626769,-0.0223950434787,-0.004445076753,0.00500541766063,-0.001462715681,0.573940866061,0.818882158224,0.00215409103725,0.0,0.818840652235,-0.573880430571,-0.0119157272472,0.0,-0.00852154981927,0.00860294575927,-0.999926683569,0.0,0.661525081245,0.260698927116,0.303326217075,1.0,-0.00294,-0.003864,0.148
0.464920800358,0.546430483022,-0.124007812479,-1.35769790377,0.0795341956317,1.89480971105,0.158940609145,-0.00196804756834,-0.0170016873154,0.00041849347206,-0.0272718994868,3.75188947241e-05,0.011130250386,-0.0068300448456,0.573878806343,0.818925558904,0.00218895104217,0.0,0.818884323794,-0.573818051966,-0.0119186569774,0.0,-0.00850459694358,0.00863252853631,-0.999926572945,0.0,0.661468828485,0.26062826088,0.30334573156,1.0,-0.00334,-0.00438971428571,0.168
0.464882697287,0.546197878713,-0.124012752185,-1.35809223019,0.0795267661816,1.89494755349,0.158922295773,-0.00159798399939,-0.0188651611022,-0.000482488189027,-0.0270170879772,-0.000610511150882,0.00939467934049,-0.00167369292047,0.573918547851,0.818897743319,0.00217561959192,0.0,0.818856198513,-0.573857704781,-0.0119418475123,0.0,-0.00853082015814,0.00863533362831,-0.999926325346,0.0,0.661423420104,0.2605645928,0.303334877914,1.0,-0.00362,-0.00475771428571,0.182
0.464821982916,0.545820155993,-0.124010690335,-1.35874156345,0.079492088492,1.89516896518,0.158871301186,-0.00221732885982,-0.0210330710699,-0.00035712852622,-0.0325287754565,-0.00270133239527,0.0146427756055,-0.00513687297523,0.573952123992,0.818874317961,0.00213486535092,0.0,0.818832155811,-0.57389135738,-0.0119731965908,0.0,-0.00857952760055,0.0086203039795,-0.999926038298,0.0,0.661345721113,0.260462914839,0.303312361888,1.0,-0.00402,-0.00528342857143,0.202
0.46477316878,0.545537365005,-0.124010923958,-1.35921228468,0.0794201976073,1.89532462589,0.158793176733,-0.00567334378976,-0.0203673413597,0.00014242934867,-0.0416906276132,-0.00228830839534,0.0110185458186,-0.00631110938076,0.573935402782,0.818886169823,0.00208355634458,0.0,0.818843698395,-0.573875210736,-0.0119577172768,0.0,-0.00859647347308,0.00856922924886,-0.999926331763,0.0,0.661292882067,0.260377251868,0.303301917387,1.0,-0.00428,-0.00562514285714,0.215
0.464698278323,0.545070422291,-0.124011252309,-1.36003247414,0.0793787654916,1.89558534976,0.15869705875,-0.000702042050927,-0.0268339367894,-0.000632841131257,-0.0451273885341,4.79237946194e-05,0.0114504883348,-0.00226505879723,0.573952862128,0.818874119637,0.0020087672004,0.0,0.818830525826,-0.57389283637,-0.012013710508,0.0,-0.008685066724,0.00854030786119,-0.999925813627,0.0,0.661190578312,0.260247285096,0.303264664735,1.0,-0.00468,-0.00615085714286,0.235
0.46465090595,0.544743121333,-0.124009456114,-1.36057859945,0.0793618647703,1.89577748405,0.158629717924,-0.00637001719582,-0.0252215626003,-0.000371802575659,-0.0476828225544,1.71825496962e-05,0.0154841780671,-0.00394723024439,0.573961219758,0.818868295718,0.00199483931631,0.0,0.818824341899,-0.573901077474,-0.0120414820175,0.0,-0.00871571522911,0.00854493121324,-0.999925507455,0.0,0.661124817868,0.260166774308,0.303252993062,1.0,-0.00494,-0.00649257142857,0.248
0.464564895244,0.544171174619,-0.124011620329,-1.36152008589,0.0793291870889,1.89612198588,0.158537285261,-0.00552767057783,-0.0341566095956,9.72340088529e-06,-0.0413491512825,-0.00120949893947,0.0128836628806,0.000448727916094,0.574001335384,0.818840200726,0.0019848306572,0.0,0.818795890277,-0.573941010007,-0.0120728620922,0.0,-0.00874673750861,0.00855517486146,-0.999925148982,0.0,0.661016717653,0.26002249696,0.303239584776,1.0,-0.00536,-0.00704457142857,0.269
0.464516356067,0.543782258506,-0.124016987172,-1.36215474528,0.0792976184456,1.89634105711,0.158428137493,-0.00391169860796,-0.0316217686413,-0.000760534273661,-0.0497399605578,-0.0058720986323,0.0192917362387,-0.00613222101205,0.573982359311,0.818853550954,0.00196473655743,0.0,0.818808908779,-0.573922056273,-0.0120909523077,0.0,-0.00877328249938,0.00854890172138,-0.999924970082,0.0,0.660940196575,0.259926826072,0.30323185435,1.0,-0.00562,-0.00738628571429,0.282
0.464408463872,0.543125226704,-0.124017319154,-1.36320084253,0.0792394901183,1.89670990866,0.158294298126,-0.00900735496458,-0.0304510752648,0.000466774918317,-0.0498155393646,-0.00601237900597,0.0182142133196,-0.00879968385512,0.574004015793,0.818838405086,0.00195015656039,0.0,0.818793490619,-0.573943694407,-0.0121079424845,0.0,-0.00879533758947,0.00854694766169,-0.999924793033,0.0,0.66082152246,0.259755398984,0.303230728877,1.0,-0.00604,-0.00793828571429,0.303
0.464357053849,0.542690853468,-0.124023585272,-1.36390913795,0.0791939782996,1.89695046496,0.158200762569,-0.00288359026551,-0.0267646559757,0.000400854302734,-0.0607826127549,-0.00836307352429,0.0132309516639,-0.00475542854305,0.574001068894,0.818840544976,0.00191877915214,0.0,0.818795235292,-0.573940900949,-0.0121223670082,0.0,-0.00882518968433,0.00852950306693,-0.999924678966,0.0,0.660735052799,0.25964837664,0.303221883778,1.0,-0.0063,-0.00828,0.316
0.464255020008,0.541981950236,-0.124023704625,-1.36499526711,0.0791389346572,1.89736887325,0.158057764016,-0.00593572864232,-0.035684795884,0.000749781426742,-0.0540946465793,-0.00125029897789,0.0247796008452,-0.0111390736717,0.574013405482,0.818831801947,0.00195891524847,0.0,0.818786938462,-0.573952982626,-0.0121107406661,0.0,-0.00879250363586,0.00855582643781,-0.999924742025,0.0,0.660616340145,0.259480760791,0.303242522305,1.0,-0.0067,-0.00880571428571,0.336
0.464182999767,0.541487250687,-0.124021897015,-1.36574600236,0.0790946308372,1.89764131939,0.157959952594,-0.00439160246594,-0.031348322688,0.00198505365415,-0.05817553155,-0.00254776665171,0.0256146441214,-0.00303753478221,0.574020824094,0.818826564552,0.00197423181048,0.0,0.818781871071,-0.573960303603,-0.0121063782757,0.0,-0.00878006248671,0.00856594337126,-0.999924764728,0.0,0.660531245082,0.259362933943,0.30325851738,1.0,-0.00696,-0.00914742857143,0.349
0.464079305733,0.540631704824,-0.124027631662,-1.36705471449,0.079014809854,1.89812399856,0.15779305676,-0.00435526995825,-0.0437636822628,0.000436960787556,-0.0608929366131,-0.00332016939993,0.0240188856242,-0.00771377149641,0.574024328433,0.818824051347,0.00199754936526,0.0,0.818779688381,-0.573963730795,-0.0120915064367,0.0,-0.00875446395185,0.00857653683382,-0.999924898368,0.0,0.660380542111,0.259166845003,0.303282399724,1.0,-0.00738,-0.00969942857143,0.37
0.46400871724,0.540064847358,-0.124035019564,-1.36791329727,0.0789583738306,1.898437065,0.157687192225,-0.00306407675028,-0.0468472455489,-0.000735245521176,-0.06984373326,-0.00642946212273,0.0268358650947,-0.00389161581412,0.574033045471,0.818817905745,0.00201167564893,0.0,0.818773795951,-0.573972452693,-0.0120764860228,0.0,-0.00873396474361,0.00857957454096,-0.999925051572,0.0,0.660282660514,0.259033587124,0.303301715829,1.0,-0.00764,-0.0100411428571,0.383
0.46387763248,0.539105568017,-0.124038695659,-1.36940164251,0.0788821192048,1.89901085125,0.157500970366,-0.00264311476812,-0.0433559124506,-0.000843735006859,-0.0703897225288,-0.00636808371774,0.0261503600215,-0.0126580185715,0.574052605573,0.818804085268,0.0020549657544,0.0,0.818760457642,-0.573991741569,-0.0120640172907,0.0,-0.00869870074706,0.00860807099294,-0.999925114056,0.0,0.660117231572,0.258807419272,0.303320971487,1.0,-0.00808,-0.0106194285714,0.405
0.463798527961,0.538613749148,-0.124036411069,-1.37016958203,0.0788345135657,1.89931061241,0.157408525184,-0.011214882079,-0.0418525207949,0.00302952434405,-0.068191636983,-0.00981593054523,0.0216142723505,-0.0124581929814,0.574069883928,0.818791923477,0.00207396163654,0.0,0.818748560975,-0.574008953318,-0.0120524815986,0.0,-0.00867816912422,0.00861718572531,-0.999925213949,0.0,0.660034848685,0.258684462268,0.303328779254,1.0,-0.0083,-0.0109085714286,0.416
0.463663188509,0.537632774557,-0.124048170343,-1.37168800711,0.0787454179282,1.89989387048,0.157221636897,-0.00295912924315,-0.0508247441614,-0.000699683440015,-0.0724905030234,-0.00430249990159,0.0266512597967,-0.00642795901446,0.574096020489,0.818773505337,0.00211024134134,0.0,0.818730672002,-0.574034987909,-0.0120277296295,0.0,-0.00863680027234,0.00863295723849,-0.999925436085,0.0,0.659867979088,0.25844611035,0.303349790127,1.0,-0.00872,-0.0114605714286,0.437
0.463580131912,0.537004034631,-0.124048892979,-1.37268106764,0.0786911229159,1.90026305176,0.157097920521,-0.00861761448633,-0.0495423433874,-0.00023290512117,-0.0794028587961,-0.00402476844203,0.0295084941735,-0.0126254877217,0.574103453632,0.818768276796,0.00211668183192,0.0,0.81872547079,-0.57404233619,-0.0120310699272,0.0,-0.00863575967367,0.00864022647658,-0.999925382287,0.0,0.659752609531,0.258297522529,0.303353078677,1.0,-0.00898,-0.0118022857143,0.45
0.463439193828,0.535943670172,-0.124063362209,-1.37433566361,0.0785939169632,1.90088011957,0.15689858375,-0.0097348708236,-0.0521813676815,0.000915934889772,-0.0812230089725,-0.00887732230834,0.0301600501806,-0.00619998934522,0.574130840484,0.818749030055,0.00213323479573,0.0,0.818706478837,-0.574069688724,-0.0120183567999,0.0,-0.00861555841378,0.00864676891598,-0.999925499995,0.0,0.659564797816,0.258039799833,0.303367970367,1.0,-0.0094,-0.0123542857143,0.471
0.463353614681,0.535266550206,-0.124058714747,-1.37541077001,0.0785354924895,1.90126957519,0.156757647588,-0.0033263631861,-0.0465922498449,8.10682773524e-05,-0.0805832489258,-0.00460133939738,0.0291934542476,-0.0162525468218,0.574125619305,0.818752698566,0.00213043396783,0.0,0.818710001114,-0.574064369963,-0.0120324609214,0.0,-0.00862876974682,0.0086525182622,-0.999925336343,0.0,0.659434874081,0.257884295362,0.303367690128,1.0,-0.00966,-0.012696,0.484
0.463221450417,0.534199607286,-0.124066047733,-1.3771314878,0.0784394046487,1.9018873737,0.156555006325,-0.00730677936436,-0.0514026216167,0.00103573514892,-0.0835570863317,-0.00518971270826,0.0306816383549,-0.0179913222896,0.574141624897,0.818741549782,0.00210145712856,0.0,0.818698383826,-0.574080406168,-0.012057797306,0.0,-0.00866598113837,0.00864350930712,-0.999925092453,0.0,0.659227244387,0.257629009003,0.30335518917,1.0,-0.01006,-0.0132217142857,0.504
0.46311781428,0.53350179384,-0.124058946087,-1.37825803614,0.0783792153559,1.90231142597,0.156408480878,-0.0124395291349,-0.0557143477855,-5.04101840104e-05,-0.0897280404242,-0.00531934324317,0.0292019941039,-0.0179154262402,0.574147149438,0.818737673591,0.00210226932629,0.0,0.81869440376,-0.574085812364,-0.0120706336306,0.0,-0.00867596654276,0.00865160259373,-0.999924935871,0.0,0.659096461983,0.257459275374,0.303347685321,1.0,-0.01032,-0.0135634285714,0.517
0.462954228367,0.532332839173,-0.124063858105,-1.38015852932,0.0782733781515,1.90302295642,0.156169284439,-0.00900995849124,-0.0561507300911,-0.00052415824248,-0.0942197845928,-0.00259440889191,0.031752861345,-0.0162843474813,0.574164326799,0.818725667277,0.00208673782978,0.0,0.818682115806,-0.574102975805,-0.0120877347973,0.0,-0.00869870381702,0.00864888757194,-0.999924761817,0.0,0.658875538996,0.257169502869,0.303329172252,1.0,-0.01074,-0.0141154285714,0.538
0.462856073473,0.531586486265,-0.124058603164,-1.38135422683,0.0782106508775,1.90345651223,0.156019148933,-0.00511949044496,-0.0552295562806,0.000488422592226,-0.092842685984,0.000131549139963,0.0306932820134,-0.0207850749821,0.574166442415,0.818724202484,0.00207932014121,0.0,0.818680407595,-0.574104977695,-0.0121083321263,0.0,-0.00871980440346,0.00865466327034,-0.999924528059,0.0,0.658730350171,0.256995015815,0.303323558862,1.0,-0.011,-0.0144571428571,0.551
0.462683520601,0.530392167235,-0.124064124889,-1.38330294354,0.0780851469632,1.90413939688,0.155766742127,-0.0109515548368,-0.0614321972756,-0.000725292995821,-0.099150273636,-0.002473536608,0.0355451418483,-0.00889783806358,0.574177123314,0.818716878804,0.00201254203576,0.0,0.818672209915,-0.574115948439,-0.0121423787914,0.0,-0.0087859071417,0.00861965431567,-0.999924251829,0.0,0.658495594298,0.256688564781,0.30329696877,1.0,-0.0114,-0.0149828571429,0.571
0.462574302241,0.529602476495,-0.124070454154,-1.38454499662,0.0780018977017,1.90460418795,0.155592478339,-0.0147606361251,-0.0599210156672,-0.000832955245178,-0.096315141059,-0.00653579548525,0.0438671035759,-0.0215587240147,0.57417734633,0.818716677768,0.00203061743657,0.0,0.818672319187,-0.574116164635,-0.0121247764062,0.0,-0.00876111504204,0.00862434827337,-0.999924428885,0.0,0.658343079083,0.256482188846,0.303309610173,1.0,-0.01168,-0.0153508571429,0.585
0.462407596384,0.528248360167,-0.12407409099,-1.38663731143,0.0778812473522,1.90541146609,0.15531077411,-0.00923379253233,-0.0641104802576,-0.00216119219158,-0.101161016472,-0.00640068330179,0.0420171363933,-0.0171297811151,0.57416310096,0.81872655313,0.00207643840653,0.0,0.818682804313,-0.574101732251,-0.012100159081,0.0,-0.00871480243757,0.00864757577033,-0.999924632986,0.0,0.658110303477,0.256186776709,0.303330284733,1.0,-0.01208,-0.0158765714286,0.605
0.462295974072,0.527392039505,-0.124069432795,-1.38795693474,0.0777871532909,1.9059185988,0.155116903886,-0.00844963657041,-0.0656809541204,0.00038814907148,-0.100565725961,-0.00549868820504,0.0382606024774,-0.0182676450008,0.574138588809,0.818743665897,0.00210648882098,0.0,0.818700427474,-0.574077211129,-0.0120711481425,0.0,-0.00867405585665,0.00865526189868,-0.99992492078,0.0,0.657957626521,0.255989829031,0.303348740683,1.0,-0.01234,-0.0162182857143,0.618
0.462122926015,0.526013793177,-0.124074425718,-1.390101595,0.0776584093618,1.90671352752,0.154840297619,-0.00743713878723,-0.0694031889607,-0.00084721440814,-0.10934359206,-0.00847909168088,0.0378913960201,-0.0190085348952,0.57413845516,0.818743699371,0.00212977648223,0.0,0.818700752816,-0.574076965892,-0.0120607408988,0.0,-0.00865216658068,0.00866835164968,-0.999924997034,0.0,0.657702039406,0.255669717671,0.303366839929,1.0,-0.01274,-0.016744,0.638
0.461991951239,0.525043167574,-0.124077533307,-1.39161967141,0.0775554931864,1.90725687267,0.15463232251,-0.00787859731508,-0.0729266943537,-0.000599822833094,-0.113654849944,-0.00740611095649,0.0472656592227,-0.0175244373606,0.574131466213,0.818748625495,0.00212006039147,0.0,0.818705614592,-0.574070081772,-0.0120583892631,0.0,-0.0086558930453,0.0086589727656,-0.999925046044,0.0,0.657519361001,0.255434572819,0.303374198199,1.0,-0.01302,-0.017112,0.652
0.461807981012,0.523640517809,-0.124083745149,-1.39385020574,0.077420798575,1.90805999193,0.154320483426,-0.0113517844864,-0.0793562124131,-0.000122081340779,-0.110920122983,-0.00785164028063,0.0486760703853,-0.016645212412,0.574114620836,0.818760494932,0.0020978519014,0.0,0.818717143603,-0.574053283112,-0.0120753393888,0.0,-0.00868269925181,0.00865034275697,-0.999924888331,0.0,0.657247856729,0.255096394788,0.303368620339,1.0,-0.01342,-0.0176377142857,0.672
0.46168507608,0.522632372457,-0.124084337754,-1.39544731707,0.0773353792533,1.90867254291,0.154117681089,-0.0035071257433,-0.0727100254376,-0.000198660839538,-0.116299921328,-0.00602233660207,0.0369631324849,-0.0217375708082,0.574112455268,0.818761950196,0.0021223850569,0.0,0.818718824826,-0.574050918469,-0.0120737641614,0.0,-0.00866734847305,0.00866950190141,-0.99992485558,0.0,0.657056795465,0.254866660083,0.303370187963,1.0,-0.0137,-0.0180057142857,0.686
0.461473892512,0.521097933543,-0.124095379589,-1.3978997523,0.0771817311467,1.9096179796,0.153780499876,-0.0139813474816,-0.0764960642028,-0.00136539870379,-0.118421645211,-0.00406723812709,0.0441482738929,-0.0143246899578,0.574107104074,0.818765663024,0.00213752346241,0.0,0.818722843981,-0.574045612323,-0.0120534898766,0.0,-0.00864211405319,0.00867020038347,-0.999925067938,0.0,0.656772413174,0.254489824443,0.303363307286,1.0,-0.01412,-0.0185577142857,0.707
0.461340708118,0.520103962068,-0.124092617001,-1.39945781047,0.0770836265571,1.91018596315,0.153577297493,-0.0133580103007,-0.0780939706169,0.000261358217071,-0.116223677411,-0.00648078804264,0.0454745629195,-0.0211071253223,0.57410435009,0.818767588797,0.00213954295531,0.0,0.818724775914,-0.574042829846,-0.0120547794836,0.0,-0.00864203982467,0.0086725651413,-0.999925048072,0.0,0.656582728059,0.254254784941,0.303368919579,1.0,-0.01438,-0.0188994285714,0.72
0.461144683887,0.518512306627,-0.124096110145,-1.40189934771,0.0769264617223,1.91106086826,0.1532433308,-0.00923767999041,-0.0785860661635,-0.000997771942183,-0.122327957101,-0.00988144484798,0.0425657134513,-0.0142012029446,0.574080996906,0.818783917562,0.00215690413545,0.0,0.818741350439,-0.574019425381,-0.0120435571521,0.0,-0.00862313205596,0.00868009101945,-0.999925146005,0.0,0.656281252067,0.253889182232,0.303400063641,1.0,-0.01478,-0.0194251428571,0.74
0.461004823982,0.517485100336,-0.124098956987,-1.40353088146,0.0768200914308,1.91164906964,0.153016047332,-0.00790072724524,-0.0832830585903,-0.000405049414484,-0.12620177941,-0.00375186183642,0.0380946485971,-0.0177060963511,0.574069123581,0.818792290234,0.0021386222401,0.0,0.818749506304,-0.574007652856,-0.0120501987976,0.0,-0.0086391906701,0.00866880986745,-0.999925105255,0.0,0.656081403969,0.253638337157,0.303395379706,1.0,-0.01504,-0.0197668571429,0.753
0.460777367916,0.515811250008,-0.124108202272,-1.40619980251,0.0766560058625,1.91264838904,0.152654726556,-0.0117311327167,-0.0804035620911,-0.00140959556266,-0.128004056347,-0.00269092448208,0.0521002951953,-0.0148698426644,0.57406306955,0.818796538227,0.00213730390082,0.0,0.818753761504,-0.574001629682,-0.0120479892829,0.0,-0.00863820230736,0.00866639817292,-0.999925134699,0.0,0.65576090388,0.25323024725,0.303386051719,1.0,-0.01546,-0.0203188571429,0.774
0.460644052572,0.514836009991,-0.124108874118,-1.40775707695,0.076557398598,1.91323482091,0.152439050748,-0.00975436582913,-0.0869696681644,-0.000528523865614,-0.133209888272,-0.00799182569503,0.049618920255,-0.0156227241991,0.574051681701,0.818804521406,0.00213760697713,0.0,0.818761769159,-0.573990262589,-0.0120453608316,0.0,-0.00863599659049,0.00866501734089,-0.999925165719,0.0,0.655573191989,0.252994284577,0.303379454455,1.0,-0.0157,-0.0206342857143,0.786
0.460417924735,0.513190481329,-0.12411209054,-1.41043094315,0.0763857227382,1.91415813204,0.152073331083,-0.013783340236,-0.0916031875946,0.000273639831346,-0.129850716473,-0.0157267959296,0.0517642661487,-0.0157868131423,0.574028025356,0.818821326943,0.00205123122864,0.0,0.818777364105,-0.573966897385,-0.0120985799317,0.0,-0.00872940451778,0.00862459169648,-0.999924704123,0.0,0.655214259877,0.252567417016,0.303346688701,1.0,-0.01612,-0.0211862857143,0.807
0.460257762909,0.511999441587,-0.124112689241,-1.41230956766,0.0762792127203,1.91482674673,0.151807283296,-0.0140061772575,-0.0836608295973,0.000379536409382,-0.130416536397,-0.00695789362403,0.0535919728406,-0.0175799072443,0.57401682986,0.818829222081,0.00203248738009,0.0,0.818784871696,-0.573955644477,-0.0121243126133,0.0,-0.0087613525445,0.00862389544598,-0.999924430709,0.0,0.654996154653,0.252299101363,0.303338309252,1.0,-0.01638,-0.021528,0.82
0.4600235285,0.510290795738,-0.124115867997,-1.4150369812,0.0761089516465,1.91586948741,0.151414504836,-0.0104748336746,-0.0856093498737,0.000798290474304,-0.135074688158,-0.0145941603144,0.0497350860676,-0.0185713127277,0.573986063658,0.818850751652,0.00204747321672,0.0,0.818806638928,-0.573924857875,-0.0121116663285,0.0,-0.00874271962635,0.00862857846996,-0.999924553397,0.0,0.654667888324,0.251885868298,0.303327003939,1.0,-0.01678,-0.0220537142857,0.84
0.459854807884,0.509056991536,-0.124121667276,-1.41699921118,0.075984372698,1.91658125773,0.151148224156,-0.00694272118535,-0.0911373873001,-0.000115061720528,-0.142294355354,-0.00834575243315,0.0512526789788,-0.0173377053814,0.573978747787,0.818855925377,0.00202915371694,0.0,0.818811579029,-0.573917628726,-0.0121202469451,0.0,-0.00876033760211,0.00861842465485,-0.99992448677,0.0,0.654424307736,0.251583619594,0.303318392337,1.0,-0.01706,-0.0224217142857,0.854
0.45960558406,0.507258359961,-0.124125923601,-1.41979950017,0.0758019184958,1.91758990857,0.150746897091,-0.0156669961198,-0.0934081244111,-0.000849903250749,-0.145008091285,-0.0120328685444,0.0518354426777,-0.0214054846803,0.573951183147,0.818875256746,0.00202488370634,0.0,0.818830845787,-0.573890077669,-0.012123186148,0.0,-0.00876548526475,0.00861632016189,-0.999924459794,0.0,0.654056260304,0.25112918588,0.303328727152,1.0,-0.01748,-0.0229737142857,0.875
0.459449393567,0.506153294823,-0.124134446245,-1.42151914078,0.0756981712402,1.91822791758,0.150521189973,-0.0073145786666,-0.0911851781891,0.00216095573146,-0.137880813054,-0.00668247476566,0.050896248307,-0.0216201497183,0.573947781104,0.818877589649,0.00204563863088,0.0,0.818833428879,-0.573886564463,-0.0121150228929,0.0,-0.0087469246245,0.00862859392895,-0.999924516489,0.0,0.653845694336,0.250865563221,0.3033373763,1.0,-0.01772,-0.0232891428571,0.887
0.459163948635,0.504040026233,-0.124131549532,-1.42473207952,0.0755011596656,1.91945594934,0.150070763423,-0.010702550641,-0.095955987103,-0.00136594043368,-0.141554595708,-0.00368223867317,0.0510774580679,-0.0182453004623,0.573938550527,0.818883773501,0.00215699251851,0.0,0.818841131768,-0.573876920581,-0.0120510518786,0.0,-0.00863072878103,0.00868296461658,-0.999925055515,0.0,0.653479111998,0.250391559731,0.303394563213,1.0,-0.01814,-0.0238411428571,0.908
0.458995596511,0.50285345551,-0.124140528519,-1.42648015062,0.0753922088446,1.92012548652,0.149838578404,-0.0158676069438,-0.0962664341732,4.51929923942e-05,-0.145812298255,-0.00801813310075,0.0509255617104,-0.0200224835606,0.573953096957,0.818873337898,0.00224630234592,0.0,0.818831945739,-0.573891177535,-0.0119961612627,0.0,-0.00853436782975,0.00872474600733,-0.999925518913,0.0,0.653273886176,0.250112346587,0.303449435548,1.0,-0.01838,-0.0241565714286,0.92
0.458709759502,0.500742247586,-0.124144046096,-1.42965092039,0.0751944060151,1.92123525779,0.149382519401,-0.0142790079356,-0.0985668376181,-9.17631628505e-05,-0.150925052222,-0.00959461596811,0.0522086652552,-0.022445967377,0.573924488229,0.818893264263,0.00229138762991,0.0,0.818852368975,-0.573862294031,-0.0119838313812,0.0,-0.00849870146266,0.0087542910287,-0.999925564461,0.0,0.652870463851,0.249618753679,0.303510051366,1.0,-0.0188,-0.0247085714286,0.941
0.458526479074,0.499441329652,-0.12414652009,-1.43164293449,0.0750591162751,1.92196893849,0.149110466483,-0.0156211111965,-0.0975448170204,-0.000765985386522,-0.155398454082,-0.00853711898492,0.0547816506345,-0.0191108487768,0.573918348788,0.818897485197,0.00232046651677,0.0,0.818857060126,-0.573856131389,-0.0119583632087,0.0,-0.00846122252507,0.00876342318002,-0.999925802311,0.0,0.652624319728,0.249306502365,0.303533070828,1.0,-0.01906,-0.0250502857143,0.954
0.458202729389,0.497364504137,-0.124141979099,-1.43492061777,0.0748543430158,1.92317111934,0.148626681369,-0.0143003305661,-0.104968670956,-0.000953028575342,-0.158898023843,-0.0185257954105,0.0511892751265,-0.0308400969045,0.573895178961,0.818913722249,0.00232077125496,0.0,0.818873222427,-0.573832881775,-0.0119673007077,0.0,-0.00846861495769,0.00876856243937,-0.999925694676,0.0,0.652217747951,0.248785116586,0.303525141026,1.0,-0.01948,-0.0256022857143,0.975
0.458006406116,0.496094716329,-0.124147242509,-1.43695813278,0.0747261500501,1.92388777219,0.148318064948,-0.0194801450003,-0.099997618931,-0.000963173430538,-0.14984041705,-0.011036314295,0.0581949037734,-0.0252742174089,0.573875277062,0.818927796173,0.00227550711932,0.0,0.818886642882,-0.573813101888,-0.0119973793553,0.0,-0.00851943566235,0.00874855022406,-0.999925438263,0.0,0.651957993728,0.248457148127,0.303502552264,1.0,-0.01974,-0.025944,0.988
0.457674038263,0.49411382462,-0.124151296552,-1.44019868425,0.0745308292803,1.92501697962,0.147874948263,-0.021316001058,-0.108228139094,0.00189017386241,-0.163111699544,-0.0134409622239,0.0581222871025,-0.0230321138098,0.573897921092,0.818912223369,0.00216644517743,0.0,0.818869421178,-0.573835970492,-0.012078780133,0.0,-0.00864844303268,0.00870619013723,-0.999924700508,0.0,0.651543787588,0.24792527096,0.303438022836,1.0,-0.025456,-0.0334564571429,1.008
0.457405630598,0.491982822842,-0.124236263624,-1.44332338647,0.0743511275208,1.92619502271,0.147418678265,-0.0241542620918,-0.173833542631,-0.00593159446352,-0.242754999235,-0.0171588893313,0.0951461896993,-0.0380373425326,0.573913788518,0.818900700993,0.00231347418961,0.0,0.818860106698,-0.573851519208,-0.0119710677675,0.0,-0.00847568829133,0.00876494132906,-0.999925666493,0.0,0.651171184747,0.247409110217,0.303538452054,1.0,-0.036408,-0.0478505142857,1.022
0.456878223321,0.487847791941,-0.12427781462,-1.44989446904,0.0740144976511,1.9286977622,0.146431636078,-0.0330956378837,-0.234958098053,0.00234471601015,-0.377284627847,-0.0200293725821,0.135879410677,-0.0508103462305,0.573806201764,0.818975858515,0.00239434478064,0.0,0.818935849683,-0.573743130793,-0.0119850270707,0.0,-0.00844187149611,0.00883806779905,-0.999925308892,0.0,0.650335996766,0.246432270419,0.303504400221,1.0,-0.0520537142857,-0.0684134530612,1.042
0.45630625863,0.483980385218,-0.124372925195,-1.45597606774,0.0736467963341,1.93098135754,0.145505288309,-0.0430726387553,-0.294019614959,-0.0083812311479,-0.458160137437,-0.0350714797437,0.169128349397,-0.0702974984647,0.573786560851,0.818989498909,0.00243519289624,0.0,0.818950280804,-0.573723600542,-0.0119337610309,0.0,-0.00837665860697,0.00884190384016,-0.999925823412,0.0,0.649587183824,0.245430524567,0.30349610653,1.0,-0.0630057142857,-0.0828075102041,1.056
0.455313019012,0.477520495649,-0.124553793031,-1.46626031244,0.0730354274881,1.9345224716,0.143955630446,-0.0527610560214,-0.369595645836,-0.00741285604765,-0.582306879872,-0.0352003796787,0.204090941609,-0.0840401480089,0.573798578277,0.818981798188,0.00218007019335,0.0,0.81893908964,-0.573736497394,-0.0120808078313,0.0,-0.00864334229559,0.00871746289574,-0.999924646398,0.0,0.648249990165,0.243689109009,0.303391762148,1.0,-0.0778691428571,-0.102342302041,1.075
0.45440281528,0.471857634865,-0.124670949617,-1.47512446568,0.0725117461341,1.93765107636,0.142683904714,-0.0674697869594,-0.413304007643,-0.00881892855954,-0.655997551356,-0.0365264098694,0.229411220538,-0.100076182813,0.573873231332,0.818929656738,0.00211626504127,0.0,0.81888590043,-0.573811201516,-0.0121381214394,0.0,-0.00872609904222,0.0086988900572,-0.999924089372,0.0,0.647104669791,0.242184399727,0.303364869183,1.0,-0.0888211428571,-0.116736359184,1.089
0.452880547791,0.462473188196,-0.124802655683,-1.48942415039,0.071650205691,1.94295981874,0.140383873263,-0.0860316462001,-0.487514183067,-0.00376734503654,-0.767032124696,-0.0476160546955,0.269755132473,-0.120231982367,0.573777636973,0.818995706922,0.00244994992931,0.0,0.818956324458,-0.5737142424,-0.0119688595665,0.0,-0.00839703510304,0.00887403680125,-0.999925367851,0.0,0.645288044173,0.239777328409,0.303497313265,1.0,-0.104466857143,-0.137299297959,1.109
0.451700546833,0.455696573113,-0.124872620082,-1.50009344701,0.0709709345275,1.94659140978,0.138798291908,-0.0897811004839,-0.53303708719,-0.00719486150297,-0.867963176975,-0.0482701024063,0.272779491896,-0.131303566973,0.573806491755,0.818976131843,0.00222539717701,0.0,0.818933318384,-0.573743510211,-0.012138839827,0.0,-0.00866477972253,0.0087879661856,-0.999923843721,0.0,0.643843076684,0.237943286162,0.303399087803,1.0,-0.114636571429,-0.150665208163,1.122
0.449520258957,0.443245537017,-0.125066300917,-1.51889644698,0.0696867508076,1.9532993752,0.135830202498,-0.110025176627,-0.616532130508,-0.0141629548594,-0.942039155883,-0.0607891883464,0.33215053017,-0.141817760761,0.573803531198,0.818977525114,0.00246329930245,0.0,0.818938635927,-0.573740418404,-0.0119243355378,0.0,-0.00835262924896,0.00885968738587,-0.999925867014,0.0,0.641366053864,0.23462592961,0.303573805686,1.0,-0.131064571429,-0.172256293878,1.143
0.447754218163,0.433455647223,-0.12518544371,-1.53374543816,0.0687145245437,1.9584138071,0.133432674603,-0.122739854056,-0.675513877343,-0.011385109225,-1.01134615869,-0.0611802204071,0.365663218276,-0.167592271563,0.573762131037,0.819006407343,0.00250372112907,0.0,0.81896774842,-0.573698549271,-0.0119393682001,0.0,-0.00834219848916,0.00890099556923,-0.999925587232,0.0,0.639328124513,0.232000369173,0.303639596773,1.0,-0.142798857143,-0.187678497959,1.158
0.445358605461,0.420768135937,-0.125334167746,-1.55292350921,0.067370716703,1.96507044334,0.130229005685,-0.140573582169,-0.729436514525,-0.0070319305711,-1.11207770565,-0.0768004600132,0.370354721843,-0.183956024006,0.573659215799,0.819078215261,0.00259389954726,0.0,0.819041048559,-0.573595641341,-0.0118552904092,0.0,-0.00822271894818,0.00892557864928,-0.999926357758,0.0,0.636678656571,0.228541369578,0.303723674286,1.0,-0.15688,-0.206185142857,1.176
0.443436545052,0.410923431648,-0.125461096459,-1.56747659453,0.0663225939172,1.97029095945,0.127813114877,-0.147683026136,-0.78576773955,-0.00729768136167,-1.15606086013,-0.0838435609491,0.403081601743,-0.186928012158,0.573662144072,0.819074884559,0.00297066399027,0.0,0.819043432844,-0.573598173237,-0.0115645006167,0.0,-0.00776837413478,0.00906739362675,-0.999928714827,0.0,0.634691737826,0.225860708157,0.303921731893,1.0,-0.167049714286,-0.219551053061,1.189
0.439904991432,0.394072043035,-0.125651752096,-1.59267792332,0.064632182994,1.97889483469,0.123530462054,-0.178639085294,-0.802608251294,-0.0113994880511,-1.21922818915,-0.0880732994515,0.422378233734,-0.215512222053,0.57373069463,0.819026034882,0.00319235438475,0.0,0.818996786916,-0.573665216632,-0.0115424931795,0.0,-0.00762240650673,0.0092369884541,-0.99992828591,0.0,0.631100256351,0.221119210601,0.304038700924,1.0,-0.183477714286,-0.241142138775,1.21
0.437706451147,0.383970462736,-0.125747742113,-1.60801051457,0.0634732186789,1.98396078354,0.120853926697,-0.180432642782,-0.862050534181,-0.00683759933207,-1.2829074851,-0.0947148429959,0.411955650929,-0.221263643221,0.573672608231,0.819067443711,0.00300135280468,0.0,0.819035753268,-0.573607791791,-0.0116311206227,0.0,-0.00780522315597,0.00913084635655,-0.999927850465,0.0,0.628833358254,0.218198367248,0.303960086152,1.0,-0.192865142857,-0.253479902041,1.222
0.433410066742,0.365165352471,-0.125947750766,-1.63591720474,0.0613632870341,1.99322632602,0.115853188508,-0.219717495854,-0.913333897978,-0.00261308176466,-1.34130059166,-0.104408278752,0.435197126026,-0.243292514461,0.573672500837,0.81906729372,0.003062195827,0.0,0.819036631337,-0.573607767774,-0.0115703145474,0.0,-0.00772051555485,0.00914579792146,-0.999928371445,0.0,0.624685777453,0.212723302039,0.304031802318,1.0,-0.209293142857,-0.275070987755,1.243
0.430475735942,0.352899105939,-0.126121996488,-1.65409025076,0.0599370522031,1.99920211169,0.112512139283,-0.23123999786,-0.944081799917,-0.00910439931848,-1.42495036402,-0.10832737141,0.456378374498,-0.266807418482,0.573696888981,0.819050269125,0.00304682144051,0.0,0.819019841951,-0.573632715954,-0.0115218305469,0.0,-0.00768934999609,0.00910562086618,-0.999928978261,0.0,0.621936175409,0.209060932785,0.304039600311,1.0,-0.219462857143,-0.288436897959,1.256
0.425215759696,0.332243627749,-0.126372482556,-1.68450491065,0.0576144280596,2.00899445947,0.106714705525,-0.255221061656,-1.00303778791,-0.00614401466042,-1.49233088038,-0.118219098491,0.464286171733,-0.282174625555,0.573784534126,0.818988932684,0.00303041908618,0.0,0.818957802391,-0.573719822708,-0.0115943881442,0.0,-0.0077572134209,0.00913464182511,-0.999928189401,0.0,0.617218233664,0.202787926467,0.304029448746,1.0,-0.235890857143,-0.310027983673,1.277
0.421772326344,0.318807913092,-0.126476752934,-1.70389422979,0.0560441961699,2.01517814405,0.102900845723,-0.276689745732,-1.03663314015,-0.0117434193647,-1.51063942161,-0.117126659548,0.464761357254,-0.291968680789,0.573702629557,0.819045757753,0.00317591670011,0.0,0.819016594072,-0.573637566065,-0.0115112264692,0.0,-0.00760654252981,0.00920532660468,-0.999928698694,0.0,0.614126105239,0.198787994668,0.304131002889,1.0,-0.246060571429,-0.323393893878,1.29
0.415978042989,0.29745426649,-0.126710329985,-1.73487673517,0.0534172171143,2.02482050578,0.096562498813,-0.30431940043,-1.08037096441,-0.0162926645575,-1.57176807591,-0.142797957947,0.485949009272,-0.327697051559,0.573553769159,0.81915041824,0.00306807476414,0.0,0.819120214437,-0.573489486708,-0.0115165028305,0.0,-0.00767438724432,0.00911863122658,-0.99992897465,0.0,0.609061885052,0.192208178614,0.304102348111,1.0,-0.261706285714,-0.343956832653,1.31
0.411872679689,0.283023173259,-0.126845473675,-1.75536246631,0.0517544931402,2.03111846435,0.0922744689772,-0.318989634213,-1.11310683137,-0.00292065241038,-1.58546537476,-0.125664201747,0.467557076691,-0.328231097764,0.573566194232,0.819140965082,0.0032629833491,0.0,0.819112800447,-0.573500727575,-0.01148401134,0.0,-0.0075358458957,0.00925977038698,-0.9999287313,0.0,0.605651586405,0.187757963979,0.30420706995,1.0,-0.271876,-0.357322742857,1.323
0.404591100362,0.258979563783,-0.127187454856,-1.78951127273,0.0487617026188,2.04133204683,0.0847756888935,-0.36854786685,-1.14791060009,-0.0201538155558,-1.62698465879,-0.150840110647,0.48233980688,-0.36093376098,0.573587374609,0.819126207281,0.00324455475611,0.0,0.819097956904,-0.573522147998,-0.0114729966717,0.0,-0.00753715335039,0.00923855208238,-0.999928917711,0.0,0.599839221851,0.180048868029,0.304226860146,1.0,-0.288304,-0.378913828571,1.344
0.39970913016,0.243595223032,-0.127383574956,-1.81105651113,0.0468340304601,2.04768832982,0.0799347242082,-0.380692212213,-1.19059920652,-0.0119778721614,-1.66462093796,-0.138698579987,0.469678505818,-0.37239363979,0.573662915303,0.819072895104,0.00334649273363,0.0,0.819046060948,-0.573597500291,-0.0114107232922,0.0,-0.00742681728465,0.00928701928487,-0.999929294329,0.0,0.59609186698,0.175079265206,0.304283377273,1.0,-0.298473714286,-0.392279738775,1.357
0.391292674695,0.218082302116,-0.127662503548,-1.84659311587,0.0436121572139,2.05780305777,0.0714413255923,-0.40947530091,-1.2266048724,-0.0185375585151,-1.6911553698,-0.153610835333,0.47400219612,-0.419648393374,0.573525331753,0.81916915682,0.00336648995294,0.0,0.81914189512,-0.573459018762,-0.011491577772,0.0,-0.00748314612266,0.00934852390205,-0.999928301242,0.0,0.589695591422,0.166785234538,0.304285923033,1.0,-0.314901714286,-0.41387082449,1.378
0.38564252667,0.201734408523,-0.12787322692,-1.86914589099,0.0414099990931,2.06399298557,0.0658898389726,-0.45257334009,-1.25004346592,-0.0168627798565,-1.72999504892,-0.174358320281,0.460128485455,-0.437439459077,0.573463974136,0.819212521917,0.00326514984424,0.0,0.819184077438,-0.573398136478,-0.0115226410667,0.0,-0.00756740670742,0.00928275702334,-0.999928279817,0.0,0.58552575928,0.161369388313,0.304268839752,1.0,-0.325071428571,-0.427236734694,1.391
0.376164655273,0.175938905705,-0.128345487535,-1.90406983453,0.0380629679964,2.07340746919,0.0567749818851,-0.493225484962,-1.30762359637,-0.0327398152222,-1.74953281883,-0.163432266035,0.491522415808,-0.465950509934,0.573616968808,0.819104566409,0.00346832589862,0.0,0.819078345808,-0.573549992042,-0.0114811566688,0.0,-0.0074151523282,0.00942679842162,-0.999928072907,0.0,0.578636147487,0.152166519853,0.304369145956,1.0,-0.341499428571,-0.448827820408,1.412
