position_joint1,position_joint2,position_joint3,position_joint4,position_joint5,position_joint6,position_joint7,velocity_joint1,velocity_joint2,velocity_joint3,velocity_joint4,velocity_joint5,velocity_joint6,velocity_joint7,ee_T_00,ee_T_10,ee_T_20,ee_T_30,ee_T_01,ee_T_11,ee_T_21,ee_T_31,ee_T_02,ee_T_12,ee_T_22,ee_T_32,ee_T_03,ee_T_13,ee_T_23,ee_T_33,v_x,v_y,time
0.465085435533,0.547757231403,-0.123981755402,-1.35584724637,0.0796139314364,1.89410336573,0.15915024076,-0.000342782815027,-0.0026054541713,-0.000252297674495,-0.00127644615751,0.000331552175409,-0.000144989059261,-0.000870152603162,0.573815017156,0.818970689683,0.00202050195286,0.0,0.818927371033,-0.5737550791,-0.0119923759429,0.0,-0.00866229791521,0.00853621410843,-0.999926046087,0.0,0.661663995636,0.26091944994,0.303224801713,1.0,0.0,0.0,0.0
0.465082926995,0.547767488138,-0.123978734578,-1.35584223506,0.0796158138575,1.89410349494,0.159147783586,-0.00104041254585,0.00132419667103,0.000654456362205,-0.000272756891946,-0.000208287308201,0.00946576940007,-0.0015144042597,0.573813193226,0.818971974975,0.00201751982344,0.0,0.818928589197,-0.573753240188,-0.011997169292,0.0,-0.00866795377828,0.00853650303792,-0.999925994608,0.0,0.661664753042,0.260920311214,0.303219835651,1.0,-6e-05,-7.88571428571e-05,0.004
0.465085432613,0.547769990739,-0.123982071081,-1.35584474072,0.079614088504,1.89410031748,0.159148240986,0.000221980202425,0.00120061960114,-0.000111637161961,-1.35558420934e-05,0.000164989471593,-0.00027990371558,-0.000914261988295,0.573813508751,0.818971775098,0.00200889750993,0.0,0.818928301821,-0.573753616739,-0.0119987773255,0.0,-0.00867421475881,0.00853036778022,-0.999925992673,0.0,0.661663686951,0.260919210727,0.303216701451,1.0,-0.00026,-0.000341714285714,0.014
0.465085054107,0.547761433236,-0.12397924416,-1.35584887152,0.079612558506,1.89410186895,0.159157242569,0.000829886703424,0.00084292144817,0.000856831985037,0.00172599736718,9.67796281814e-05,-0.00027915758911,0.000557121305361,0.573819030975,0.818967893307,0.00201403198899,0.0,0.818924485955,-0.573759115509,-0.011996273342,0.0,-0.00866916040205,0.00853319434615,-0.999926012389,0.0,0.661662812024,0.260920077009,0.303220835943,1.0,-0.00068,-0.000893714285714,0.035
0.465079693251,0.547735342472,-0.123982167602,-1.35587486008,0.0796125060463,1.89410520563,0.159154754416,0.000399271879063,-0.00426181920676,-0.00128458577551,-0.00114693560255,-6.43272525486e-05,-7.77336338154e-05,-1.99102112226e-05,0.573824808414,0.818963836513,0.00201758131118,0.0,0.818920469144,-0.573764871003,-0.0119952041258,0.0,-0.00866618796088,0.00853554867904,-0.999926018061,0.0,0.661660283531,0.260912314727,0.303227336055,1.0,-0.00094,-0.00123542857143,0.048
0.465080789993,0.547597730905,-0.123982176405,-1.35603599522,0.0796116962692,1.89413526919,0.159152444471,0.000340185857312,-0.0101122556926,-0.00224971829986,-0.0136927458084,-0.000146021601972,0.00882526782067,0.000436264598315,0.573830574329,0.818959765843,0.00202997449228,0.0,0.818916441507,-0.573770466851,-0.0120025038921,0.0,-0.00866499519289,0.00854994780235,-0.99992590538,0.0,0.661632738679,0.26089762691,0.303250736417,1.0,-0.00136,-0.00178742857143,0.069
0.465072325547,0.547517448599,-0.123982168615,-1.35617410251,0.079610399664,1.89415367343,0.159151934065,-0.00205738465322,-0.00413325972929,-0.000598326402018,-0.00798212847213,2.18697018633e-05,0.00318680057143,0.000842540564968,0.573844265863,0.818950243237,0.00200113478916,0.0,0.818906430297,-0.573784168864,-0.0120304979382,0.0,-0.00870432733628,0.00854253887442,-0.999925627092,0.0,0.661609139548,0.260877722862,0.30324346964,1.0,-0.0016,-0.00210285714286,0.081
0.465051403243,0.547290044995,-0.123984310236,-1.35645414357,0.0796080879264,1.89429618037,0.159135241819,0.000300401050483,-0.0140002654876,-0.000136211975169,-0.0122182781877,-0.00198973635724,0.00697702329164,-0.0057002096531,0.573864495576,0.818935859604,0.00208457995898,0.0,0.81889307776,-0.573803985591,-0.0119941742931,0.0,-0.00862648523279,0.00859024426783,-0.999925892982,0.0,0.661585446575,0.260841704201,0.303283705353,1.0,-0.00204,-0.00268114285714,0.103
0.465035002297,0.547155250875,-0.123974478515,-1.35660985181,0.0796067724446,1.89437481375,0.159125299927,-0.00144289721764,-0.0113776602355,0.000951909572496,-0.0132845202456,0.000278555182371,0.00372221707477,-0.00626846858954,0.573871371459,0.818930896932,0.00214055394342,0.0,0.818888759022,-0.573810541285,-0.0119753897149,0.0,-0.00857890939398,0.00862537494697,-0.999925999872,0.0,0.66157108123,0.260824967153,0.303311572284,1.0,-0.00228,-0.00299657142857,0.115
0.465000893397,0.546887166705,-0.123985012734,-1.35696106084,0.0795985213067,1.894540115,0.159115332068,-0.00332956361014,-0.0186464962129,-0.000597521233533,-0.0229519672858,-5.24516433826e-05,0.00443088132903,0.000370720629357,0.573916152349,0.818899318642,0.00221424962796,0.0,0.818858139398,-0.57385501241,-0.0119381395471,0.0,-0.00850563985316,0.0086648142701,-0.999926284825,0.0,0.661542357505,0.260768034361,0.303348975985,1.0,-0.0027,-0.00354857142857,0.136
0.464966835735,0.546703447781,-0.123979744305,-1.35723856378,0.0795974308441,1.89464043199,0.159096485868,-0.00534092983567,-0.0127806815202,0.000292233723043,-0.0241513715947,4.50398885361e-05,0.0104027729594,-0.00424567581118,0.57394015229,0.818882456159,0.00222968290142,0.0,0.818841310233,-0.573878775479,-0.0119501720549,0.0,-0.00850638232485,0.00868460724306,-0.999926106798,0.0,0.661511282454,0.260724659638,0.303355544352,1.0,-0.00296,-0.00389028571429,0.149
0.464926817996,0.546348800917,-0.123985390181,-1.35775837649,0.0795836777749,1.89483546716,0.158947221115,-0.00414512877429,-0.0186092152864,-0.00129946170807,-0.0252659589756,-0.000740729440467,0.0117261416376,-0.00843690414792,0.573880073319,0.818924465104,0.00226468578401,0.0,0.818883644417,-0.573818428051,-0.0119471936503,0.0,-0.00848449408574,0.0087109382288,-0.999926063724,0.0,0.661452756532,0.260648888065,0.303376378609,1.0,-0.00338,-0.00444228571429,0.17
0.464900892043,0.546149887751,-0.123980273711,-1.3580994204,0.079574486519,1.89494733711,0.158922875692,-0.0059585134858,-0.0180471220193,0.000139416409044,-0.0273398321356,-6.50567563858e-06,0.00982702600603,-0.000918211765346,0.573894381063,0.81891448962,0.00224610211494,0.0,0.818873273655,-0.573832652795,-0.0119747726574,0.0,-0.00851759209407,0.00871169546158,-0.999925775739,0.0,0.661408125742,0.260602929391,0.303364433583,1.0,-0.00362,-0.00475771428571,0.182
0.464841272697,0.545757023851,-0.123982858286,-1.3587334501,0.0795495038795,1.89517168493,0.158882865391,-0.000701428576566,-0.0167454971884,-9.41062610582e-05,-0.0282289730804,-0.0047250112066,0.0145627778896,0.000704204048061,0.573941040911,0.818881811421,0.00223771820292,0.0,0.818840362644,-0.57387921494,-0.0119939179174,0.0,-0.00853758563969,0.00871630353476,-0.999925565072,0.0,0.661335173601,0.260503075214,0.303360342335,1.0,-0.00402,-0.00528342857143,0.202
0.464780538262,0.545462431385,-0.123983213529,-1.35924442462,0.0795198436504,1.89534269817,0.158807573762,-0.00334560926526,-0.0255584987484,0.000137775729949,-0.0386121582471,-0.00216681711982,0.0170353433124,-0.00265861531112,0.573950001448,0.818875635037,0.00219933654112,0.0,0.818833638667,-0.573888285754,-0.0120189252194,0.0,-0.00857999673564,0.00869932037857,-0.999925349954,0.0,0.661277230613,0.260412713983,0.303340505719,1.0,-0.0043,-0.00565142857143,0.216
0.464706842384,0.544986091086,-0.123983538564,-1.36006098779,0.0794529782421,1.89560894352,0.15868977576,-0.00580317367783,-0.0241369071729,0.000239381388214,-0.036231063199,-0.00139632794497,0.0136497665926,-0.00276151604507,0.573941804515,0.818881572608,0.00212649351766,0.0,0.818838714154,-0.573880485433,-0.0120455611607,0.0,-0.00864370135204,0.00865487295972,-0.999925187002,0.0,0.661178227278,0.260280351513,0.303312051422,1.0,-0.0047,-0.00617714285714,0.236
0.464650983895,0.54466721407,-0.123981111115,-1.3606212717,0.0794354010168,1.8957957303,0.158658981128,-0.00550740130418,-0.0251383197461,0.00123305462591,-0.0437788546368,8.27781602394e-05,0.0192652425231,-0.000872144660627,0.573987171642,0.818849871371,0.00208850382978,0.0,0.8188063171,-0.573925809935,-0.0120882864078,0.0,-0.00870001302026,0.00864876796989,-0.999924751462,0.0,0.661110019475,0.260192327413,0.303287187513,1.0,-0.00496,-0.00651885714286,0.249
0.464561962646,0.544021005562,-0.123989243429,-1.36166706478,0.0793889106152,1.89618111324,0.158510395688,-0.000666801068115,-0.0302867324698,0.000479502785373,-0.0517207188081,-0.00288398005013,0.00982621854877,-0.00845748745866,0.57399010382,0.818847830815,0.00208268773812,0.0,0.818804073745,-0.573928640915,-0.0121058191849,0.0,-0.0087176774791,0.00865410023331,-0.999924551478,0.0,0.660990951743,0.260031735824,0.303280391629,1.0,-0.00542,-0.00712342857143,0.272
0.464506891039,0.54366998054,-0.123992430921,-1.36225651923,0.0793665048432,1.8963799855,0.158424501532,-0.00621550769217,-0.02776778005,-0.000941514861891,-0.045592871667,-0.000312333360193,0.0159020964664,-0.00360215728431,0.573993910519,0.818845231344,0.00205540589746,0.0,0.818800972167,-0.573932422075,-0.0121362996921,0.0,-0.0087582556675,0.0086492969923,-0.99992423844,0.0,0.660920481835,0.259937988689,0.303265547175,1.0,-0.00566,-0.00743885714286,0.284
0.464420480418,0.54303914743,-0.124005646287,-1.3632654909,0.0793037135616,1.89673715455,0.158298480719,0.000342194932717,-0.0300547528201,-0.00333616229723,-0.0514130996445,-0.00173020612598,0.0168377140149,-0.00749199452319,0.574010118928,0.818833925204,0.00203302847429,0.0,0.818789422276,-0.573948774945,-0.0121421830899,0.0,-0.0087757461981,0.00863452441076,-0.999924212762,0.0,0.66080496025,0.259775807257,0.303262943503,1.0,-0.00606,-0.00796457142857,0.304
0.46436117782,0.542624236735,-0.124001307844,-1.36391818488,0.0792674322426,1.89696590166,0.158209185613,-0.00957170118978,-0.0352910871007,-0.00136568757628,-0.0549610167551,-0.00135536165793,0.0110897506618,-0.0127687594151,0.574009090519,0.818834657703,0.00202836059704,0.0,0.818790016851,-0.573947691667,-0.0121532891412,0.0,-0.00878753065855,0.00863706614445,-0.999924087315,0.0,0.660727543608,0.259676753611,0.303265426167,1.0,-0.0063,-0.00828,0.316
0.464269384179,0.541890309506,-0.124005106542,-1.36506096951,0.0792033982504,1.89739624366,0.158065528788,-0.00272360770956,-0.0370035616641,0.000240262934486,-0.0590450127618,-0.00164781968699,0.020602503869,-0.00427440355002,0.57402597576,0.818822741645,0.00206005295593,0.0,0.818778498109,-0.573964418232,-0.0121393797253,0.0,-0.00875777170641,0.00865521299689,-0.999924191488,0.0,0.660593573961,0.259494600868,0.303287857634,1.0,-0.00674,-0.00885828571429,0.338
0.464196854866,0.541389076667,-0.124003666322,-1.365803659,0.0791651868402,1.8976675973,0.157966531783,-0.00737740534878,-0.0404060960132,-0.00116184800678,-0.0574206036529,-0.000167235728014,0.0227805372684,-0.00516057671449,0.574024101319,0.818824010901,0.00207778202156,0.0,0.818779921667,-0.573962389571,-0.0121392806126,0.0,-0.00874753412373,0.00866965276287,-0.999924156008,0.0,0.660514079245,0.259390298811,0.303302285656,1.0,-0.00698,-0.00917371428571,0.35
0.464094996952,0.540530174346,-0.124009899773,-1.36712247387,0.0790842271048,1.89814687792,0.157801266832,-0.00513843302279,-0.0456945689285,-0.000170826516983,-0.067900337261,-0.00397851565857,0.0270786658912,-0.00419592551489,0.574028011649,0.818821232858,0.00209221518652,0.0,0.818777355547,-0.573966259345,-0.012129389045,0.0,-0.00873110846817,0.00867583453036,-0.999924245951,0.0,0.660360147016,0.259193558028,0.303323432095,1.0,-0.0074,-0.00972571428571,0.371
0.464018619636,0.539964044358,-0.124008421227,-1.36797285457,0.0790313600538,1.898463939,0.157695415376,-0.00815324872386,-0.0451489949368,-0.00057357931076,-0.0628371290867,-0.00259892888731,0.0302620872828,-0.00521251634682,0.574035808526,0.818815695875,0.002119815911,0.0,0.818772188927,-0.573973944815,-0.0121144630508,0.0,-0.00870296095131,0.00868994921423,-0.999924368767,0.0,0.66026420678,0.259063428613,0.30334618572,1.0,-0.00766,-0.0100674285714,0.384
0.463896585767,0.539045033969,-0.124006274712,-1.36939499785,0.0789541136397,1.89901389674,0.157517821853,-0.00709447401866,-0.0454956593524,0.00201080489829,-0.0652832530073,-0.000961088852064,0.0310590679342,-0.0148106204027,0.574047015667,0.818807724377,0.00216360957537,0.0,0.818764728811,-0.573984900699,-0.012099567136,0.0,-0.00866550664318,0.00871737544902,-0.999924455326,0.0,0.660104654845,0.258852163717,0.303366216177,1.0,-0.00808,-0.0106194285714,0.405
0.463819123012,0.538502234359,-0.124014572666,-1.37023902816,0.078903552884,1.899339866,0.157407432578,-0.00639223762138,-0.0458634511174,2.32673914506e-05,-0.0744233162471,-0.00708024370274,0.0390824826037,-0.0144647586762,0.574059096306,0.818799205786,0.00218207570217,0.0,0.818756504304,-0.573996954048,-0.0120842999678,0.0,-0.00864227680015,0.00872385895434,-0.999924599826,0.0,0.660013396355,0.258717085113,0.303376428941,1.0,-0.00832,-0.0109348571429,0.417
0.46366912842,0.537345406264,-0.124028300774,-1.372064724,0.0787897527609,1.90002690208,0.157193411661,-0.00403858690822,-0.0450246760303,-0.00159040742201,-0.0742696649217,-0.00873575610415,0.0264547978151,-0.00818024108065,0.574086700915,0.818779828998,0.00219051607797,0.0,0.818737337527,-0.574024620037,-0.012068746046,0.0,-0.00862440171091,0.0087221318313,-0.999924769226,0.0,0.659806240604,0.258436793016,0.303384379987,1.0,-0.00882,-0.011592,0.442
0.463609696627,0.536903220808,-0.124021197836,-1.37276393132,0.0787470523571,1.90028583138,0.157099924537,-0.00728351660954,-0.0454592033157,0.000735652533226,-0.0753483018821,-0.00182964255908,0.0260490898244,-0.011889251738,0.574080925755,0.818783870902,0.00219324766506,0.0,0.818741375585,-0.574018794064,-0.0120719040685,0.0,-0.00862548102981,0.00872612047841,-0.999924725116,0.0,0.659723525792,0.258335164684,0.30338597359,1.0,-0.009,-0.0118285714286,0.451
0.463443726566,0.535691361594,-0.124032560889,-1.37466202075,0.0786476323684,1.90098761883,0.156872516407,-0.00405323665984,-0.0480597092242,-0.00128248463164,-0.0764456490044,-0.0089509456341,0.0239467709905,-0.00229098787093,0.574116433587,0.818758925462,0.0022112358848,0.0,0.818716566351,-0.574054121052,-0.0120746422868,0.0,-0.00861701797605,0.00874279434339,-0.999924652436,0.0,0.659505929089,0.258041198158,0.303399120268,1.0,-0.00948,-0.0124594285714,0.475
0.463372501728,0.535097174768,-0.12403009457,-1.37558226445,0.0785989464133,1.90131607197,0.156764107483,-0.0109791654487,-0.0538479814417,0.000112097955766,-0.087387125954,-0.00667005260579,0.023733320251,-0.00884063702276,0.574121668651,0.81875523649,0.00221792840937,0.0,0.818712864364,-0.574059225123,-0.0120829912563,0.0,-0.00861995606039,0.0087531221481,-0.999924536758,0.0,0.65939384504,0.257908625785,0.303408776016,1.0,-0.0097,-0.0127485714286,0.486
0.463205578189,0.533936575732,-0.124035374367,-1.3774890859,0.0784948660226,1.9020042299,0.156525470318,-0.00596806356293,-0.0502745769627,-0.00105129809948,-0.088100263466,-0.00580777145951,0.0361709005182,-0.00806881085067,0.574148306222,0.818736678094,0.00217285688313,0.0,0.818693610105,-0.574085943871,-0.0121181155202,0.0,-0.00867430605843,0.00873666775437,-0.999924210653,0.0,0.659161040335,0.257597451681,0.303379635762,1.0,-0.01016,-0.0133531428571,0.509
0.463123873999,0.533390492209,-0.124036397952,-1.37836184506,0.0784530467661,1.90234007583,0.156419426526,-0.00839523508881,-0.0558919752238,-6.10464854748e-05,-0.0846803518093,-0.00475385617903,0.0324729847501,-0.00734102974205,0.574160837891,0.818727860083,0.00218409193118,0.0,0.818684821475,-0.574098307055,-0.0121261627649,0.0,-0.00867431081874,0.00875061916279,-0.999924088617,0.0,0.659070160033,0.257479349309,0.303378637983,1.0,-0.01034,-0.0135897142857,0.518
0.462961306077,0.532225183279,-0.124033984182,-1.38025451837,0.0783382133908,1.90305097678,0.156181435145,-0.00846058492309,-0.056929148314,-9.49694949601e-05,-0.0908637979904,-0.0135661056572,0.0287535775213,-0.00715291325377,0.574170163371,0.818721362824,0.00216805249904,0.0,0.818678088017,-0.574107674005,-0.0121372876004,0.0,-0.00869252842598,0.00874397382766,-0.999923988547,0.0,0.658849379844,0.257193890483,0.303360935317,1.0,-0.01076,-0.0141417142857,0.539
0.462866702844,0.531472612056,-0.124033610356,-1.3814545025,0.0782699794629,1.90348774951,0.156037216682,-0.00739696064081,-0.0593080610432,0.000874753364502,-0.0950872382573,-0.0115872880417,0.0367038210996,-0.0117008968701,0.574176405516,0.818717004123,0.00216088179182,0.0,0.818673564732,-0.574113875314,-0.0121490527206,0.0,-0.00870621144833,0.00874492458794,-0.99992386119,0.0,0.658704490461,0.257017808503,0.303358071264,1.0,-0.01102,-0.0144834285714,0.552
0.4626978463,0.530258555663,-0.124036834099,-1.3834036469,0.0781534718272,1.90417698317,0.155773184774,-0.0138823490535,-0.0625420450306,-0.000277006362112,-0.0951723171813,-0.0090303897449,0.0318442936625,-0.0113872649594,0.57417541817,0.818717798536,0.00212189315425,0.0,0.818673765457,-0.57411297518,-0.0121780286688,0.0,-0.00875233093994,0.00872963103435,-0.999923592203,0.0,0.658469439797,0.256717210358,0.303345630229,1.0,-0.01142,-0.0150091428571,0.572
0.462590013163,0.52947689954,-0.124038895493,-1.38464238989,0.0780815100646,1.90463953143,0.15560955259,-0.0100815993883,-0.0603039236364,-0.000283393893784,-0.0949825584741,-0.00286415865198,0.0391873366669,-0.0140412465546,0.574179219897,0.818715119285,0.00212692137057,0.0,0.818671123105,-0.574116725418,-0.0121788624364,0.0,-0.00875008614612,0.00873426700184,-0.999923571366,0.0,0.658324900447,0.256527963286,0.303346782909,1.0,-0.01168,-0.0153508571429,0.585
0.462413729196,0.528127011884,-0.124039638823,-1.38675430463,0.077947742616,1.90544727485,0.155321539028,-0.00803427333091,-0.0632147364535,0.000300295018238,-0.102807550393,-0.00599080073438,0.0406690965001,-0.00679153003245,0.574166974823,0.81872361804,0.00216083011164,0.0,0.818680137677,-0.574104405597,-0.012153622834,0.0,-0.00871008366824,0.00874740596371,-0.999923805763,0.0,0.658080183594,0.256211679287,0.30336211962,1.0,-0.0121,-0.0159028571429,0.606
0.462303722701,0.527256351084,-0.124037897421,-1.38807963434,0.0778672334179,1.9059493647,0.155131321352,-0.00845781402557,-0.0664848880909,0.00086941267974,-0.105105314576,-0.00959659890439,0.0358358468494,-0.00933893118277,0.574150157697,0.818735303256,0.00220148153406,0.0,0.818692356567,-0.57408741642,-0.0121330337492,0.0,-0.0086700671455,0.0087686881699,-0.999923967131,0.0,0.657925028073,0.256015452078,0.303387602591,1.0,-0.01236,-0.0162445714286,0.619
0.462125380387,0.525873295006,-0.124043572042,-1.39021704893,0.0777272937121,1.90674390865,0.154850882171,-0.0103580148291,-0.0686413004758,0.000185679658464,-0.106337005112,-0.0121392882144,0.0349603103029,-0.00441415121107,0.574148246944,0.818736570584,0.00222832254866,0.0,0.818694079858,-0.574085497257,-0.0121075326442,0.0,-0.00863379832429,0.0087760020863,-0.999924216785,0.0,0.657673285827,0.255690557073,0.303412450333,1.0,-0.01276,-0.0167702857143,0.639
0.461994773404,0.524914967566,-0.124049266136,-1.39173271656,0.0776374146045,1.90728478649,0.154638590377,-0.00405195696245,-0.0687122571311,-0.000534239377684,-0.108052872005,-0.00148750804163,0.0400866649698,-0.00987458416254,0.574142728153,0.818740478406,0.00221441425039,0.0,0.818697758429,-0.574079990546,-0.0121198885662,0.0,-0.00865195902804,0.00877165075082,-0.999924097993,0.0,0.657490116018,0.255456196991,0.303412176257,1.0,-0.01304,-0.0171382857143,0.653
0.461806838318,0.523507685571,-0.124053187366,-1.39396880713,0.0774996190353,1.90809557249,0.154338826184,-0.0107556793031,-0.0794179263494,-0.000757332719258,-0.113587731999,-0.00314188754518,0.0363872107469,-0.0193073944652,0.574136896881,0.818744615594,0.00219658300017,0.0,0.818701635112,-0.574074209054,-0.0121318615648,0.0,-0.00867206164889,0.00876386417762,-0.999923992127,0.0,0.65721958996,0.255116163554,0.303407752898,1.0,-0.01344,-0.017664,0.673
0.461687591686,0.522577278743,-0.124058748457,-1.39544284305,0.0774086778967,1.90868049657,0.154144401691,-0.01107700077,-0.0708605171389,-2.39246616945e-05,-0.117691595414,-0.00757410434243,0.0416371916242,-0.0170660788458,0.574134088328,0.818746502402,0.00222717891918,0.0,0.818704001777,-0.574071350491,-0.0121073911916,0.0,-0.00863449082215,0.00877483524042,-0.999924221046,0.0,0.65705044195,0.254896760395,0.303410983563,1.0,-0.0137,-0.0180057142857,0.686
0.461487122183,0.521109613096,-0.124062030643,-1.39778052898,0.0772682467739,1.90958186195,0.153828780907,-0.00670253297286,-0.0727576871943,0.00183283025026,-0.119877735401,-0.00835058735915,0.0509581187075,-0.0159879830504,0.574115360907,0.818759603287,0.00223859270186,0.0,0.818717217592,-0.574052541975,-0.0121055182657,0.0,-0.00862660559078,0.00878290747446,-0.999924218235,0.0,0.656758172339,0.254530869751,0.303397990483,1.0,-0.01412,-0.0185577142857,0.707
0.461351724974,0.520053208401,-0.124065244336,-1.39945745658,0.0771580860269,1.91018643495,0.153601723291,-0.0104307010679,-0.075501543848,-0.000239417058958,-0.121869449084,-0.00845117764269,0.0422457392524,-0.0180640049945,0.574116430789,0.818758870616,0.00223217087334,0.0,0.818716486829,-0.574053726424,-0.0120987716128,0.0,-0.00862475662701,0.00877378759331,-0.999924314248,0.0,0.656571182066,0.254290639116,0.303403973792,1.0,-0.01438,-0.0188994285714,0.72
0.461135216115,0.518394141497,-0.124069017899,-1.40203815634,0.0769998420891,1.91110841216,0.153253890988,-0.0125009235186,-0.0786605540763,0.000408257541617,-0.124320589072,-0.0116800252902,0.0441240523995,-0.0144462483199,0.574105899301,0.818766255557,0.00223205065426,0.0,0.818723811011,-0.574043136613,-0.0121055975385,0.0,-0.00863052757361,0.00877749697345,-0.9999242319,0.0,0.656253284546,0.253898801475,0.303420296626,1.0,-0.0148,-0.0194514285714,0.741
0.461018787049,0.517444336141,-0.124073878731,-1.40354451149,0.0768990976652,1.91165024856,0.153042404499,-0.00684591500876,-0.0761583464841,0.000410435569909,-0.120388293095,-0.00572533110075,0.0461410517017,-0.0187751107951,0.574084081298,0.818781603924,0.00221349868488,0.0,0.818738966986,-0.574021451546,-0.0121088399787,0.0,-0.00864406611636,0.0087639386344,-0.99992423388,0.0,0.65606597051,0.253673762016,0.303416902273,1.0,-0.01504,-0.0197668571429,0.753
0.460789249417,0.515770886634,-0.124077954851,-1.40621835113,0.0767369536982,1.91264565154,0.15267616036,-0.0138106219502,-0.0807370429017,-0.000938352646517,-0.128516893087,-0.00931111932757,0.0480648148833,-0.0156644574802,0.574072835078,0.818789506637,0.00220697723167,0.0,0.818746753517,-0.574010203374,-0.012115565606,0.0,-0.00865343714102,0.00876234124172,-0.999924166825,0.0,0.655742770453,0.253266776219,0.303404438697,1.0,-0.01546,-0.0203188571429,0.774
0.460643104989,0.514718480777,-0.12408123409,-1.40791532503,0.0766327199951,1.91327572706,0.152446775613,-0.0115852716124,-0.0865420085677,0.000141203115692,-0.133941926093,-0.00756055735919,0.0516189948866,-0.0165500001456,0.574068443588,0.818792625501,0.00219212297008,0.0,0.818749666724,-0.57400586471,-0.0121242491808,0.0,-0.00866912128541,0.00875511737118,-0.999924094247,0.0,0.655536762031,0.253007367033,0.303389316737,1.0,-0.01572,-0.0206605714286,0.787
0.460419443174,0.513072971064,-0.124085142943,-1.41058414524,0.0764653094787,1.91419638773,0.15208312249,-0.0111984100574,-0.0822207017888,-0.000675710817049,-0.130028994168,-0.00890819138699,0.0485795478112,-0.01562504797,0.574051339311,0.818804853158,0.00210218470035,0.0,0.818760602659,-0.573989039756,-0.01218214572,0.0,-0.00876833787755,0.00871453086014,-0.999923583682,0.0,0.655195793531,0.252598886813,0.303352171438,1.0,-0.01612,-0.0211862857143,0.807
0.460260716463,0.511896550965,-0.124095052134,-1.41245742072,0.0763521265268,1.91487563721,0.151809518239,-0.0113918663647,-0.0919201267795,-0.00246923544816,-0.131811715026,-0.00409221397256,0.0487817732618,-0.0169222135692,0.574028307912,0.818821037252,0.00208747946345,0.0,0.818776538792,-0.573966021487,-0.0121955976919,0.0,-0.00878803886642,0.00870996521077,-0.99992345051,0.0,0.65497807169,0.252335751989,0.303345473327,1.0,-0.01638,-0.021528,0.82
0.460024153016,0.51018979318,-0.124094278501,-1.41518992552,0.0761803449092,1.91591311477,0.151425829137,-0.0107292955629,-0.0774357566074,-0.00161070917195,-0.135045820181,-0.00303477325676,0.0505172504441,-0.0141090500148,0.574007519982,0.818835602686,0.00209037782825,0.0,0.818791193836,-0.573945274608,-0.0121880906253,0.0,-0.00878044910696,0.00870780628297,-0.999923535988,0.0,0.654633865891,0.251896405693,0.303328143968,1.0,-0.0168,-0.02208,0.841
0.459873047434,0.509029990947,-0.124099994762,-1.41702014498,0.0760631567922,1.91657978578,0.151175707207,-0.00904829505532,-0.0895186866387,-0.00134944668864,-0.143207099754,-0.00871289560538,0.0548809427103,-0.0193238124397,0.573994092714,0.818845034313,0.00208283716479,0.0,0.818800549016,-0.573931904602,-0.0121892047615,0.0,-0.00878583224472,0.00870212728494,-0.999923538143,0.0,0.654406000192,0.251618552961,0.303326631651,1.0,-0.01706,-0.0224217142857,0.854
0.459611214648,0.507141596868,-0.124108429446,-1.41995629384,0.0758758500799,1.91763574604,0.150769814278,-0.0154649349974,-0.0916020831602,-0.000678977757533,-0.143032783619,-0.00565275094771,0.0468978492405,-0.0194618180868,0.57398367248,0.818852333322,0.00208490766549,0.0,0.818807886547,-0.573921487842,-0.0121867806124,0.0,-0.00878276952633,0.00870231947748,-0.999923563376,0.0,0.654041935687,0.251160204417,0.303341740582,1.0,-0.01748,-0.0229737142857,0.875
0.459444307116,0.505940094389,-0.124110557357,-1.42183131197,0.0757607075838,1.91833995581,0.150510954936,-0.0123800542066,-0.0887994960076,-0.00168751348787,-0.142836147137,-0.00323313858444,0.0521088030601,-0.0183617233007,0.573975880829,0.818857731434,0.00210969150511,0.0,0.818813607147,-0.573913585721,-0.0121745544711,0.0,-0.00875861606948,0.00871551253815,-0.999923660329,0.0,0.65381347049,0.250872309949,0.303350379533,1.0,-0.01774,-0.0233154285714,0.888
0.459182589867,0.503993763204,-0.124119682466,-1.42474487538,0.0755825044785,1.91945251822,0.150101821102,-0.0114941802983,-0.0996122844364,-0.000707369706023,-0.149524836055,-0.0127191276919,0.0537692726853,-0.0191941574642,0.573963898281,0.81886580687,0.00223175041903,0.0,0.818823354907,-0.573901151749,-0.0121048908045,0.0,-0.0086316432257,0.00877534863251,-0.999924241126,0.0,0.653464885557,0.250422479621,0.303420201334,1.0,-0.01814,-0.0238411428571,0.908
0.458997636861,0.502726308452,-0.124126506103,-1.42663504726,0.0754587054213,1.9201710131,0.149846474958,-0.0127812586926,-0.0989059955061,6.97875128983e-05,-0.147728218558,-0.00755889639597,0.0482701013947,-0.0169857040047,0.573974743164,0.818857994906,0.00230765913595,0.0,0.818816657717,-0.573911801263,-0.012052896636,0.0,-0.00854538248586,0.0088077775689,-0.999924696911,0.0,0.653241851951,0.250118827268,0.303468083497,1.0,-0.0184,-0.0241828571429,0.921
0.458711844194,0.500593018189,-0.124138100326,-1.42981907816,0.0752576092472,1.92129032326,0.149401056599,-0.0126635923502,-0.109939211784,-0.00136624218872,-0.153935225653,-0.0105021632199,0.0501994295356,-0.023145968779,0.573960376435,0.818867901042,0.00236512717619,0.0,0.818827299268,-0.573897183414,-0.0120259612395,0.0,-0.00849049728175,0.00883922612061,-0.999924886948,0.0,0.652839639954,0.249619359942,0.303538783396,1.0,-0.01882,-0.0247348571429,0.942
0.458526876663,0.499310797286,-0.124129835867,-1.43180012053,0.0751309575341,1.9220211853,0.149124706454,-0.0116760247422,-0.0993864253791,0.00130260864058,-0.154095927335,-0.00509473681354,0.0639423847309,-0.019699588711,0.573946334495,0.818877665588,0.00239182395768,0.0,0.818837384445,-0.573883005045,-0.012015875209,0.0,-0.00846706773807,0.00885515289466,-0.999924944699,0.0,0.652592585495,0.249314526174,0.303553395702,1.0,-0.01908,-0.0250765714286,0.955
0.458225304888,0.497335954245,-0.124132351649,-1.4349203057,0.0749367246082,1.92316760639,0.148660003506,-0.0132001342282,-0.101321335018,0.00013766115357,-0.160360387118,-0.0125192799358,0.0514691492689,-0.0279250189959,0.573920625422,0.818895687672,0.00239067519738,0.0,0.818855343958,-0.57385725426,-0.012021826207,0.0,-0.00847287846344,0.00885736170815,-0.999924875915,0.0,0.652205726597,0.248818712065,0.303544677557,1.0,-0.01948,-0.0256022857143,0.975
0.458009844988,0.495970583662,-0.124135566548,-1.437119154,0.0747987161144,1.92394069754,0.148340133464,-0.0152863555423,-0.102231363121,-0.00139777521944,-0.159366749913,-0.0132091724454,0.0466589364037,-0.0215227456999,0.573911249124,0.818902411537,0.00233782149228,0.0,0.818861290909,-0.573848006758,-0.0120581213799,0.0,-0.00853303476044,0.00883481312583,-0.999924563852,0.0,0.651925518743,0.248463836871,0.303516725177,1.0,-0.01976,-0.0259702857143,0.989
0.45764979255,0.493833036461,-0.124153435527,-1.44060326465,0.0745845846097,1.92516450395,0.147841723954,-0.0176674414791,-0.120494311947,-0.00498248124159,-0.183925689604,-0.018717351128,0.0686626384864,-0.0267719872997,0.573928400356,0.818890691624,0.00223009796254,0.0,0.818848028893,-0.573865473292,-0.0121272850477,0.0,-0.008651311182,0.0087864737958,-0.999923973457,0.0,0.651486108926,0.24788239415,0.303453898287,1.0,-0.0282085714286,-0.037074122449,1.01
0.457390652812,0.49165390245,-0.124227276708,-1.4437708222,0.0744252964892,1.92635940595,0.147389969874,-0.0222883663337,-0.183239090267,-0.00901950784131,-0.269249503435,-0.0101017979931,0.105168550302,-0.0389632497617,0.573940405311,0.818881763128,0.00241165272384,0.0,0.818841529738,-0.573876774597,-0.0120309457867,0.0,-0.00846809364834,0.00887997827377,-0.999924715854,0.0,0.651101652443,0.247378703456,0.303568386134,1.0,-0.0400942857143,-0.0526953469388,1.023
0.456756952795,0.486797312976,-0.124272875878,-1.45146475301,0.0740260564679,1.92933466393,0.14620279859,-0.0415657643399,-0.27110535107,-0.00190194173739,-0.419500253388,-0.0238017695284,0.167763095407,-0.0625577255014,0.573798175878,0.81898099998,0.00255380719195,0.0,0.81894219585,-0.57373353619,-0.0120106706119,0.0,-0.00837146737385,0.00898329431397,-0.999924606637,0.0,0.650135447491,0.246228605837,0.303541910202,1.0,-0.0592942857143,-0.0779296326531,1.044
0.45621539114,0.48307559211,-0.124370271898,-1.45732835956,0.0736815636546,1.9314855028,0.145304915463,-0.0446977409046,-0.331356064151,-0.00969652608613,-0.519000382033,-0.0238689512371,0.180545790422,-0.0770839249187,0.573773565506,0.818998251968,0.00255062737169,0.0,0.818959503795,-0.573709046352,-0.0120003407758,0.0,-0.00836510117552,0.00897451162807,-0.99992473878,0.0,0.649399968996,0.245264115992,0.303523949519,1.0,-0.0702657142857,-0.0923492244898,1.056
0.454963601247,0.474998621752,-0.12458553343,-1.47020827979,0.072902225806,1.93589812979,0.143418441345,-0.0668248847448,-0.427633072152,-0.0122001394667,-0.660330792987,-0.037827906784,0.240226533064,-0.0894523753921,0.573825295808,0.818963034316,0.00219663747413,0.0,0.818919438651,-0.573762026829,-0.0121998553472,0.0,-0.00873105148379,0.00879962415068,-0.999923164726,0.0,0.647714726362,0.243081521239,0.303378533055,1.0,-0.0894657142857,-0.117583510204,1.077
0.454087209355,0.469485772254,-0.1246921386,-1.47875197822,0.0724081999727,1.93894462102,0.142144484018,-0.0754938371755,-0.477468693,-0.00714438294949,-0.728673348958,-0.0371962348906,0.267939381766,-0.116105015802,0.573853793576,0.818943012655,0.00221642144757,0.0,0.818899403768,-0.573790158734,-0.0122215853697,0.0,-0.00873718934581,0.00882859930771,-0.999922855703,0.0,0.646610714865,0.241640569611,0.303389641699,1.0,-0.100437142857,-0.132003102041,1.089
0.452377190027,0.45895216599,-0.124840198979,-1.49494786786,0.0713905584006,1.94488595506,0.13956013488,-0.0896815462153,-0.556053737894,-0.0112528807592,-0.86718715243,-0.0523813279371,0.298798461315,-0.131685422282,0.573732421887,0.819027435524,0.00243204371095,0.0,0.81898686251,-0.573668098628,-0.0120904323459,0.0,-0.00850737370046,0.00892865678407,-0.999923948948,0.0,0.644522007441,0.238913371445,0.303460638715,1.0,-0.118722857143,-0.156035755102,1.109
0.45090442333,0.450547145951,-0.125001275966,-1.50783601053,0.0705608349364,1.94938166849,0.137524580036,-0.10918051212,-0.633409061632,-0.00944211862134,-0.931575923771,-0.0601098688512,0.345971806374,-0.151339659187,0.573755620744,0.819011217211,0.00242087763002,0.0,0.818970547106,-0.573691392139,-0.0120903457386,0.0,-0.00851345603254,0.00891970303333,-0.999923977092,0.0,0.642817749495,0.236632919166,0.303494913143,1.0,-0.131522857143,-0.172858612245,1.123
0.448510678942,0.437182743372,-0.125181073551,-1.52835136765,0.0691716361383,1.9564982721,0.134344849801,-0.126758652034,-0.703828265521,-0.00845311169522,-1.071229789,-0.0739561923831,0.352537145403,-0.173199144042,0.573780043308,0.818994333875,0.00234305004884,0.0,0.818952772263,-0.573716269165,-0.012113884625,0.0,-0.00857712207279,0.00886972334746,-0.999923877595,0.0,0.640033398016,0.233014004074,0.303498892519,1.0,-0.149808571429,-0.196891265306,1.143
0.446741425679,0.427532176235,-0.125309585476,-1.54280021039,0.0682124556223,1.96157007974,0.131959185395,-0.142201928546,-0.76934187665,-0.011567926377,-1.1403116736,-0.0715545656666,0.39749833808,-0.191220628774,0.573734493163,0.819025593927,0.00256022445816,0.0,0.818986926907,-0.573669893521,-0.0120005718393,0.0,-0.00836021274584,0.00898210529643,-0.999924711479,0.0,0.638064298516,0.230429336788,0.303641966664,1.0,-0.161694285714,-0.212512489796,1.156
0.443463865667,0.410722835378,-0.12553106146,-1.567898573,0.066390033666,1.97039048177,0.12775094325,-0.159300709905,-0.828322470132,-0.0139086055165,-1.23994559437,-0.0945783913175,0.435686455562,-0.205355941951,0.573681666441,0.819061435005,0.00290829479898,0.0,0.819028528171,-0.573617151488,-0.0116782045693,0.0,-0.0078970712576,0.00908172311834,-0.999927576663,0.0,0.634611524635,0.22580719628,0.303867721433,1.0,-0.180894285714,-0.23774677551,1.177
0.441147165731,0.399620004357,-0.125646637023,-1.58455845783,0.0653009358781,1.97602234505,0.124933758324,-0.188418479847,-0.881060810652,-0.00729574251963,-1.28426301521,-0.0749256078748,0.440975471402,-0.21297160744,0.573730366087,0.819027009005,0.00299540492809,0.0,0.818994422335,-0.573664606627,-0.0117389176782,0.0,-0.00789628487313,0.00918837037033,-0.999926608574,0.0,0.632229431589,0.222687340793,0.303922509768,1.0,-0.19278,-0.253368,1.19
0.437206297272,0.381346370132,-0.125879694423,-1.61175664759,0.063307172949,1.98522899164,0.120149865175,-0.212516801203,-0.953736976834,-0.0169464796148,-1.3773851112,-0.102791925551,0.462403313864,-0.244996241373,0.573705516537,0.819043794373,0.00316071120058,0.0,0.819013758531,-0.573639686307,-0.0116069174325,0.0,-0.00769361243919,0.0092477965698,-0.999927640675,0.0,0.628292236474,0.217466911134,0.30404585757,1.0,-0.211065714286,-0.277400653061,1.21
0.43414556392,0.367761649155,-0.126034608568,-1.63196446897,0.0617812757044,1.99195099817,0.116535723048,-0.230386986533,-0.961980050313,-0.00603421340382,-1.46807789349,-0.10809058892,0.480864622162,-0.253999091857,0.573679628052,0.819061828796,0.0031861997289,0.0,0.819032310273,-0.573613945204,-0.0115699394319,0.0,-0.00764899442028,0.00924721711239,-0.999927988337,0.0,0.62528227212,0.213527942345,0.304077567155,1.0,-0.223865714286,-0.294223510204,1.224
0.429240545884,0.347428288611,-0.126294275853,-1.6620778019,0.0594898502531,2.00173442763,0.11093600941,-0.255258940853,-1.02958448458,-0.0140583233036,-1.52827714149,-0.107861951192,0.47614536394,-0.294297469922,0.573701472679,0.81904677044,0.00312329629086,0.0,0.819016266325,-0.573635784549,-0.0116227828757,0.0,-0.00772811704989,0.00922621575243,-0.999927573952,0.0,0.620691120566,0.207457187427,0.304076997047,1.0,-0.242151428571,-0.318256163265,1.244
0.425735576379,0.333450456662,-0.12647658803,-1.68253799596,0.0578927212345,2.00843262668,0.107047410674,-0.274813375628,-1.06252638878,-0.0129309094741,-1.58393028051,-0.133998015052,0.51687135961,-0.302580016872,0.57373752669,0.819021022148,0.00325002284456,0.0,0.818992368703,-0.573671683138,-0.0115345946185,0.0,-0.00758277539091,0.00927975235955,-0.999928191279,0.0,0.617528105176,0.203255823476,0.304125955953,1.0,-0.254037142857,-0.333877387755,1.257
0.419639329989,0.310007474897,-0.126678982387,-1.71663769549,0.0551311749334,2.01919941886,0.100271162207,-0.304262275374,-1.12659192373,-0.00717014333673,-1.59893374537,-0.125878261699,0.524027932296,-0.329023713578,0.573571005988,0.819137589372,0.00326460855639,0.0,0.819108911203,-0.573504877819,-0.0115539433155,0.0,-0.0075921465163,0.00930125592873,-0.999927920377,0.0,0.612041131073,0.196190098035,0.30415219079,1.0,-0.273237142857,-0.359111673469,1.278
0.415465881307,0.294743516842,-0.126866378641,-1.73866799131,0.0532290086831,2.0259362634,0.0957044546689,-0.330250934485,-1.17963657567,-0.0136037265598,-1.7101109732,-0.155701500777,0.499996882214,-0.356767107108,0.573448905589,0.819223528849,0.00314791361961,0.0,0.819193633507,-0.573383518484,-0.0115705857353,0.0,-0.00767408203971,0.00921406792233,-0.999928102124,0.0,0.60840000357,0.191470074502,0.304149825265,1.0,-0.285122857143,-0.374732897959,1.291
0.408413946023,0.270452806161,-0.12713703467,-1.77323520861,0.0503700703195,2.03648603497,0.0883079887945,-0.364496431168,-1.24610598142,-0.0131349319996,-1.73471942522,-0.147054083594,0.545057517013,-0.385069101444,0.57342372843,0.819240380416,0.00334270402345,0.0,0.819212341347,-0.57335691763,-0.0115642419375,0.0,-0.00755747699354,0.00936977551498,-0.999927543299,0.0,0.602590649617,0.183881654874,0.304232721538,1.0,-0.303408571429,-0.39876555102,1.311
0.403357385531,0.25410939654,-0.127425183373,-1.79623629067,0.0483195708307,2.04332939697,0.0832351711121,-0.40281007492,-1.2663477506,-0.0217895434351,-1.75556026611,-0.161216744566,0.527109819216,-0.397078814609,0.573553454457,0.819149282829,0.00341089771154,0.0,0.819122540996,-0.573486936721,-0.0114779416437,0.0,-0.00744618574791,0.00937733682317,-0.999928307366,0.0,0.598657152127,0.178586606483,0.304298311209,1.0,-0.315294285714,-0.41438677551,1.324
0.394554047865,0.226779209936,-0.127803619286,-1.83428208646,0.0448689064323,2.05446917345,0.0743850190709,-0.425709608578,-1.31618775929,-0.0118912788201,-1.83752779656,-0.161214787214,0.522792492518,-0.436397917314,0.573547965745,0.819152070045,0.00365568485374,0.0,0.819128787191,-0.573481142503,-0.0113206046562,0.0,-0.00717696859059,0.00948756913724,-0.999929236073,0.0,0.591954519576,0.169737517404,0.304410792409,1.0,-0.334494285714,-0.439621061224,1.345
0.388690243683,0.209318139487,-0.128022313293,-1.85834292041,0.0425973413762,2.06121549321,0.0684948233383,-0.454069637233,-1.35246823651,-0.0182987550395,-1.86332088032,-0.180595895196,0.524163322233,-0.454522846711,0.573427396824,0.819236234329,0.00370942520314,0.0,0.819213652265,-0.573360458442,-0.0112926320463,0.0,-0.0071246327895,0.00951449954967,-0.999929354458,0.0,0.587560989516,0.164041304093,0.304456215477,1.0,-0.34638,-0.455242285714,1.358
0.378783687382,0.181752385548,-0.128476806061,-1.89608238116,0.0389370839054,2.07130793361,0.0588474941851,-0.521316715757,-1.39642405267,-0.0281677121351,-1.89394520512,-0.183385801997,0.487925362297,-0.498476477455,0.573426681886,0.819237445924,0.00354888689228,0.0,0.819212291095,-0.573359527177,-0.0114377277362,0.0,-0.00733556797965,0.00946617227911,-0.999928287941,0.0,0.580475018304,0.15474572306,0.30442063,1.0,-0.364665714286,-0.479274938775,1.378
0.371755452486,0.16330860512,-0.128858115379,-1.92101357861,0.0364517313647,2.07781157769,0.0521850006498,-0.544752534118,-1.41686843476,-0.0243447431171,-1.94673759886,-0.2024666574,0.481571747152,-0.525954070108,0.573550871997,0.819150714677,0.0035001109727,0.0,0.819124707951,-0.573483558766,-0.0114920646716,0.0,-0.00740661949256,0.00945849319707,-0.999927836843,0.0,0.575694494254,0.148376911336,0.304403595918,1.0,-0.376551428571,-0.494896163265,1.391
