position_joint1,position_joint2,position_joint3,position_joint4,position_joint5,position_joint6,position_joint7,velocity_joint1,velocity_joint2,velocity_joint3,velocity_joint4,velocity_joint5,velocity_joint6,velocity_joint7,ee_T_00,ee_T_10,ee_T_20,ee_T_30,ee_T_01,ee_T_11,ee_T_21,ee_T_31,ee_T_02,ee_T_12,ee_T_22,ee_T_32,ee_T_03,ee_T_13,ee_T_23,ee_T_33,v_x,v_y,time
0.465082243765,0.547849445008,-0.123922817926,-1.35585211199,0.0795041414463,1.89409234529,0.159178237673,0.00246610110002,-0.00226992475217,-0.00104537344562,0.00112953710565,0.000261153716718,-0.000226908349652,-0.00117681881889,0.573770632852,0.819002120386,0.00188004818084,0.0,0.818957645884,-0.573711956332,-0.0119880069757,0.0,-0.00873976528005,0.00841820825801,-0.999926372426,0.0,0.661651680635,0.260931088336,0.303154049541,1.0,0.0,0.0,0.0
0.465082193292,0.547859948784,-0.123917536984,-1.35586003505,0.0795048403587,1.89409397435,0.159179250694,-0.00385653557904,0.00226308670692,4.85727103779e-05,-0.000644113186668,0.000371802103365,5.50250777939e-05,-0.000929335086977,0.573768460026,0.819003671816,0.00186727921793,0.0,0.818958989442,-0.573709798885,-0.0119994657274,0.0,-0.00875649869576,0.00841430207428,-0.999926258907,0.0,0.661648668349,0.260933252362,0.303142805959,1.0,-0.00014,-0.000184,0.008
0.465084708988,0.547861265505,-0.123925332353,-1.355862982,0.0795002349748,1.89409314601,0.159179261336,0.000795546775396,0.00164614427971,-0.00150555071211,-0.000255759248666,-8.22464761755e-05,0.000476773094439,-0.00120502311336,0.573770791193,0.819002058515,0.00185855393119,0.0,0.818957340957,-0.57371224285,-0.0119951239225,0.0,-0.00875792465757,0.00840468994532,-0.999926327257,0.0,0.66164918456,0.260929234556,0.303140648192,1.0,-0.00046,-0.000604571428571,0.024
0.465084237904,0.547843951203,-0.123920594881,-1.35587068303,0.0794998807907,1.89409637491,0.159181219999,0.00184939785869,0.00151265109328,-0.00873487469752,0.000499173565194,5.67684978107e-05,0.000189897023668,-1.03151950969e-06,0.573769790639,0.819002731089,0.0018710210527,0.0,0.818958152125,-0.573711165731,-0.0119912586827,0.0,-0.00874761635976,0.00841267189775,-0.999926350368,0.0,0.661647578466,0.260931142952,0.30314937151,1.0,-0.0008,-0.00105142857143,0.041
0.465078083946,0.547783711738,-0.123915800898,-1.35592780835,0.0795005402126,1.89410380437,0.159178064564,-0.000360961828003,-0.0035566695337,0.000981667606869,-0.00709767313541,0.000301064434461,8.15116657322e-05,-0.00136341840027,0.573772135276,0.819001057331,0.00188461477651,0.0,0.818956575811,-0.57371337484,-0.0119932217498,0.0,-0.00874140088927,0.00842495632286,-0.999926301295,0.0,0.661638027781,0.260924470587,0.303165345421,1.0,-0.00112,-0.001472,0.057
0.465083230155,0.547646808597,-0.123919177607,-1.35610830062,0.079501992524,1.894135355,0.159181913526,0.000978215644468,-0.00475485065698,7.50621343186e-06,-0.0138534692843,0.000450255520487,0.00406135156438,0.00105698796326,0.573783642276,0.818993001721,0.00188199065797,0.0,0.818948342449,-0.573724753442,-0.0120111027514,0.0,-0.00875743307784,0.00843318977932,-0.999926091607,0.0,0.661605909166,0.260908671052,0.303179277991,1.0,-0.00148,-0.00194514285714,0.075
0.465068636113,0.547498316788,-0.123925615332,-1.35631380731,0.0794972034795,1.89420256124,0.159167542674,-0.00334680531618,-0.00882249421074,-0.000906134746522,-0.0119878160247,0.000110712467733,0.00809594472392,-0.0015186604269,0.573798474184,0.818982582935,0.0018938781065,0.0,0.818938030665,-0.573739485908,-0.0120104596558,0.0,-0.00874993308327,0.00844271478003,-0.999926076887,0.0,0.661581672844,0.260876636787,0.303192695736,1.0,-0.00182,-0.002392,0.092
0.465043274592,0.547327993257,-0.123920633742,-1.35651267488,0.0794957682484,1.89432645147,0.159155570397,-0.00484186220803,-0.00738200265358,0.000201981683912,-0.0123048681,0.000249969866159,0.00468313540624,-0.00157087643829,0.573816995455,0.818969400045,0.00198101453112,0.0,0.818925936597,-0.573757587356,-0.0119703058591,0.0,-0.00866685895376,0.00849123260557,-0.999926389553,0.0,0.661570844197,0.260849573725,0.303229282652,1.0,-0.00214,-0.00281257142857,0.108
0.465028589022,0.547130303299,-0.123923902938,-1.35675652532,0.0794936243276,1.89444376186,0.159143634165,-0.00330407751203,-0.0116881565603,-0.00162565791668,-0.0168744795656,0.000198157315003,0.0110831357651,-0.00621108616351,0.573834731635,0.818956809393,0.0020474424292,0.0,0.818914156508,-0.573774989303,-0.0119420610358,0.0,-0.0086054266267,0.00852961320106,-0.999926593471,0.0,0.661548246686,0.260819250211,0.303263537815,1.0,-0.00248,-0.00325942857143,0.125
0.46499093219,0.546907060656,-0.123921421007,-1.3571085919,0.0794854590452,1.89459497938,0.159093171357,-0.00219129747117,-0.0130698755774,-0.000517483588357,-0.021691316054,-0.000159485954731,0.0127989577786,-0.00569338056704,0.573840202683,0.818952910818,0.00207329411132,0.0,0.818910490238,-0.573780248866,-0.011940765895,0.0,-0.00858947514999,0.00855009843441,-0.99992655567,0.0,0.661513248167,0.260765865463,0.303267120512,1.0,-0.00284,-0.00373257142857,0.143
0.464962069531,0.54666036926,-0.123918918272,-1.35745736595,0.0794772048566,1.89471465462,0.158981983665,-0.000720731659079,-0.0137691636504,0.000272168992431,-0.0192736378767,-0.000947333365732,0.00527057581485,-0.00968000154239,0.573788254387,0.818989246575,0.00209762329587,0.0,0.818946995967,-0.573728059995,-0.0119447842716,0.0,-0.00857934970605,0.00857178424649,-0.999926456932,0.0,0.661471019082,0.260716853037,0.303286123537,1.0,-0.00314,-0.00412685714286,0.158
0.46491923466,0.546357967881,-0.123921423916,-1.35794104274,0.0794647506848,1.8948906565,0.15896697472,-0.00362346105097,-0.0135675416149,-1.79765615375e-05,-0.0315773300263,0.000128513120507,0.00607025716833,0.000373838265815,0.573836540071,0.818955406959,0.00210085533448,0.0,0.818913056061,-0.573776183972,-0.0119601095403,0.0,-0.00858954099426,0.0085837310032,-0.999926266956,0.0,0.661415530602,0.260643557965,0.303285405443,1.0,-0.0035,-0.0046,0.176
0.464869258245,0.546069789365,-0.123921423934,-1.35841961595,0.0794465960768,1.89505652841,0.158912134801,-0.00410164388924,-0.0212928119145,-0.000385966701637,-0.0327579218494,0.000349891354617,0.00625743705001,-0.00833023422473,0.573852317021,0.818944385776,0.00208762012645,0.0,0.818901787528,-0.573791939274,-0.0119757967879,0.0,-0.00860981770948,0.00858205981937,-0.999926106914,0.0,0.661366409311,0.260568694715,0.303277803209,1.0,-0.0038,-0.00499428571429,0.191
0.464817953271,0.545747397788,-0.123913637671,-1.35897300581,0.0793938403279,1.89523608307,0.158833927868,-0.00508487218694,-0.0230534314512,0.00136620094526,-0.0384453753252,-0.0120884293485,0.0111095364836,-0.00274955670556,0.573843769746,0.818950512654,0.00203289179443,0.0,0.818907247824,-0.573783669458,-0.0119986260208,0.0,-0.00866000754942,0.00855025123086,-0.999925945995,0.0,0.661292124332,0.260478556757,0.303256163205,1.0,-0.00414,-0.00544114285714,0.208
0.464750817616,0.545344870129,-0.123926380587,-1.35967284541,0.079317458611,1.89546527015,0.158724698488,-0.00273128949705,-0.0189315880507,-0.00133538689036,-0.0401827126904,-0.000450613423205,0.0085717613798,0.00068133785947,0.573836858837,0.818955550203,0.00195272458462,0.0,0.818911562036,-0.57377741603,-0.0120032211964,0.0,-0.00870984304419,0.00848716289127,-0.999926050616,0.0,0.661212323163,0.260352175843,0.303228222429,1.0,-0.0045,-0.00591428571429,0.226
0.464685005864,0.544875831171,-0.123922343887,-1.3604573979,0.0793003867154,1.89572903837,0.158675143608,-0.00454327649095,-0.0210375398467,0.000859917120242,-0.0414576855497,-0.00179003934082,0.0140113872782,-0.00409291596564,0.573886460069,0.81892085709,0.00192553232705,0.0,0.818876170573,-0.573826794531,-0.0120571160326,0.0,-0.00876907058422,0.00849635175797,-0.999925454925,0.0,0.661114091798,0.260239165215,0.303209563401,1.0,-0.00488,-0.00641371428571,0.245
0.46461946804,0.544510293757,-0.123924948281,-1.36105807804,0.0792782282449,1.89595028927,0.158576602109,-0.00430415462703,-0.0277552132582,-0.000778710188361,-0.0466852039108,-0.000234414336257,0.0196911061042,-0.00725611999236,0.57387748062,0.818927164318,0.0019192918525,0.0,0.818882252451,-0.57381770417,-0.0120766677236,0.0,-0.00878875681969,0.00850236537968,-0.999925230973,0.0,0.661040971611,0.26013690919,0.303199832111,1.0,-0.00518,-0.006808,0.26
0.464553374393,0.543990204789,-0.123925300031,-1.36190695004,0.0792352615604,1.89625783035,0.158452167806,-0.00467335577643,-0.0252025145784,-7.07797736088e-05,-0.051972598178,-0.00459498753911,0.0254083472843,-0.00319144471922,0.573877217793,0.818927379288,0.0019061092228,0.0,0.818882215179,-0.573817421943,-0.0120925943636,0.0,-0.00880936753843,0.00850070701698,-0.999925063704,0.0,0.660947975346,0.260015347334,0.303192300616,1.0,-0.00552,-0.00725485714286,0.277
0.464469114475,0.543436389423,-0.123925440534,-1.36280280858,0.0791919825435,1.89656529913,0.158360095381,-0.00306837533099,-0.0345628433743,0.00170023115299,-0.0535515774176,-0.00062458644574,0.0175514089839,-0.0119073522011,0.573909131302,0.818905069384,0.00188235145592,0.0,0.818859451827,-0.573849299006,-0.0121213483035,0.0,-0.00884621782715,0.00849809737111,-0.999924760555,0.0,0.660841975923,0.259874369499,0.303184386649,1.0,-0.00588,-0.007728,0.295
0.464401032982,0.542937922547,-0.123934118382,-1.36357283648,0.0791400482954,1.89685128875,0.158258556525,-0.00406723596612,-0.0363697786036,-0.000200227020979,-0.0515377747052,-0.00817475374753,0.0212719603504,-0.00886362118639,0.573916798211,0.818899680171,0.00188929857553,0.0,0.818854245112,-0.573857022246,-0.0121074432629,0.0,-0.0088307641806,0.00849588880303,-0.99992491592,0.0,0.660757339412,0.259750502147,0.303195536454,1.0,-0.00618,-0.00812228571429,0.31
0.464320475962,0.542311701649,-0.123928992043,-1.36454849486,0.0790847563548,1.89719775352,0.158117630075,-0.00308280094436,-0.0305108386438,0.000771272167663,-0.0500992988861,-0.00146860644931,0.0186420279733,-0.00160183856814,0.573907203627,0.818906414076,0.0018850757422,0.0,0.818860810519,-0.573847338679,-0.0121223672672,0.0,-0.00884550891447,0.00850089221832,-0.99992474307,0.0,0.660632263839,0.259599672681,0.303200911238,1.0,-0.00656,-0.00862171428571,0.329
0.464249499043,0.541767464908,-0.123931296829,-1.36539821986,0.0790411188207,1.89751634805,0.158005015564,-0.00299206100244,-0.0402205787966,0.000954767096677,-0.056452482567,-0.00341156903144,0.0186135481077,-0.0117753988578,0.573906220712,0.818907057356,0.00190476809924,0.0,0.818861672258,-0.57384623088,-0.012116596606,0.0,-0.00882949247245,0.00851369567208,-0.999924775695,0.0,0.660544143047,0.259479845194,0.303212000213,1.0,-0.00684,-0.00898971428571,0.343
0.464163497325,0.541111373791,-0.123934082318,-1.36641079087,0.0789820874085,1.89789778094,0.157868900411,-0.00307408024792,-0.0372820126282,-0.000380391482535,-0.0620128515499,-0.00129851319451,0.025579560206,-0.00701536014267,0.57390756926,0.818906062419,0.00192607907496,0.0,0.818860952675,-0.573847481923,-0.0121059727366,0.0,-0.00880854843021,0.00852506446698,-0.999924863552,0.0,0.660430041346,0.259326182363,0.303227041246,1.0,-0.00718,-0.00943657142857,0.36
0.464074268972,0.540406300964,-0.123932124892,-1.36748204856,0.0789121484478,1.89828478448,0.157746472703,-0.000579899412854,-0.0421413758815,6.25933772387e-05,-0.0667817617388,-0.00192596267001,0.0308904848616,-0.00124938369524,0.573919559712,0.81889762223,0.00194169691338,0.0,0.818852736224,-0.573859421175,-0.0120957847071,0.0,-0.0087911175251,0.00853213553396,-0.999924956642,0.0,0.660304957579,0.259165442413,0.303248978381,1.0,-0.00752,-0.00988342857143,0.377
0.463980978778,0.539670661024,-0.123938008761,-1.36863242232,0.0788468595264,1.89872812179,0.157597870226,-0.00135704452563,-0.0427495656946,-0.000401622617787,-0.0678904499886,-0.00446014842587,0.0287198198769,-0.00717787067948,0.573924716675,0.818893950722,0.00196569609016,0.0,0.818849385,-0.57386447901,-0.0120826866529,0.0,-0.00876656462941,0.00854432605323,-0.999925068111,0.0,0.660176009901,0.258993061133,0.303259912872,1.0,-0.00786,-0.0103302857143,0.394
0.463871432388,0.538961572324,-0.123938801832,-1.36973784416,0.0787870474266,1.89914150179,0.157471608985,-0.0082805601031,-0.0410714003288,-0.000374647462078,-0.0771477498379,-0.00279737006953,0.0303797738529,-0.00324730690612,0.573956703238,0.818871489979,0.00198308080199,0.0,0.818827090198,-0.5738963261,-0.0120809828802,0.0,-0.00875485822305,0.00855792615512,-0.99992505437,0.0,0.660053294584,0.258816753499,0.303270604919,1.0,-0.00818,-0.0107508571429,0.41
0.463770771085,0.53817230427,-0.123940631834,-1.37095123263,0.0787238269371,1.8996089236,0.157318367609,-0.00525549515605,-0.0427330232892,0.00113789434227,-0.0769745290765,-0.00336658351267,0.0228131002089,-0.00749002003967,0.57396174754,0.818867872182,0.00201672274849,0.0,0.818823839325,-0.573901152766,-0.0120720300018,0.0,-0.00872816605455,0.00858038929902,-0.999925095213,0.0,0.659907740298,0.258624300432,0.303284877118,1.0,-0.00854,-0.011224,0.428
0.463658921889,0.537371080515,-0.123948039151,-1.37221807874,0.0786444328319,1.90007925848,0.157149855514,-0.00959392277368,-0.0487218734929,-0.000814815598093,-0.0732088645378,-0.00149996926546,0.0330984806253,-0.0130357674293,0.573972470299,0.81886033831,0.00202400169031,0.0,0.818816459712,-0.573911900999,-0.0120615959807,0.0,-0.00871533170471,0.00858047514002,-0.999925206423,0.0,0.659772770077,0.258438182897,0.303294958948,1.0,-0.00886,-0.0116445714286,0.444
0.463556973775,0.536574437346,-0.123947024311,-1.37345384524,0.0785733319189,1.9005432981,0.157003593657,-0.00996380577719,-0.0462697762986,0.00201124259326,-0.0722361378535,-0.0121103484187,0.0234911202814,-0.00556238991148,0.573984458739,0.818851878605,0.00204668803025,0.0,0.818808258315,-0.573923753037,-0.0120544065328,0.0,-0.00869629798991,0.0085950525519,-0.999925246942,0.0,0.659629771825,0.25825526987,0.303309374972,1.0,-0.00918,-0.0120651428571,0.46
0.463434390288,0.535661122945,-0.123958626518,-1.37490428599,0.0784958389472,1.90107496589,0.156830091388,-0.00488036257997,-0.048896882159,-0.0061765014355,-0.0824049522764,-0.00812251984153,0.031139623057,-0.0115842560748,0.574009848505,0.818834087619,0.00204393578758,0.0,0.818790372511,-0.573949093226,-0.0120628010611,0.0,-0.00870448519739,0.00859788709047,-0.999925151336,0.0,0.659461773395,0.25803103668,0.30331009756,1.0,-0.00954,-0.0125382857143,0.478
0.463317056226,0.534763469413,-0.123948772611,-1.37634262276,0.0784192082311,1.90159713819,0.156654489979,-0.00574696837792,-0.0422830180936,0.00142036281445,-0.0811112585072,-0.00841547504959,0.0385526458445,-0.00557022806841,0.574013527639,0.818831529712,0.00203542103473,0.0,0.818787524318,-0.573952631951,-0.0120877292428,0.0,-0.00872974664132,0.00860526313178,-0.999924867663,0.0,0.659287604795,0.257823469488,0.303303826801,1.0,-0.00988,-0.0129851428571,0.495
0.463189869206,0.533899425166,-0.123958700159,-1.377741435,0.0783325917495,1.90210824306,0.156480452681,-0.00958706851035,-0.0553872306564,-0.000780304442094,-0.0827622930112,-0.00659069001014,0.0299130107948,-0.0116649080303,0.574035504609,0.81881618444,0.00201058438124,0.0,0.818771891776,-0.573974750684,-0.0120963513218,0.0,-0.00875083204668,0.00859011049861,-0.999924813644,0.0,0.659126792865,0.257599828313,0.303292153586,1.0,-0.0102,-0.0134057142857,0.511
0.463056846481,0.532969456623,-0.123959755836,-1.37924208861,0.07824593965,1.90268724757,0.156285885822,-0.00940836837626,-0.0607695469874,-0.00106836262235,-0.087327107394,-0.00951647869489,0.036493156595,-0.00764008578281,0.574044844888,0.818809619744,0.0020173182611,0.0,0.818765395185,-0.573984040925,-0.0120952599095,0.0,-0.00874597506697,0.00859509746413,-0.999924813283,0.0,0.658956678746,0.257370880613,0.303283936337,1.0,-0.01054,-0.0138525714286,0.528
0.462932605304,0.532000505184,-0.123954589167,-1.3808026225,0.0781691360609,1.90325535507,0.156088090961,-0.00801818825398,-0.055817313972,-4.98013529014e-05,-0.0938809692186,-0.00654584154595,0.0310583115775,-0.0117435488283,0.57404552611,0.818809166738,0.00200731691114,0.0,0.818764584369,-0.573984542906,-0.0121262850694,0.0,-0.00877711348023,0.0086047253565,-0.999924457637,0.0,0.658766826578,0.257145618353,0.303273376881,1.0,-0.01088,-0.0142994285714,0.545
0.462803969179,0.53105096142,-0.123960142277,-1.38233054882,0.0780665653013,1.90380185149,0.155893602137,-0.00703119374372,-0.0627925619016,-0.000521642385746,-0.0981893563373,-0.00481377882107,0.031855829905,-0.0103165456162,0.574051037631,0.818805386745,0.00197274771887,0.0,0.818760418781,-0.573990271099,-0.0121364007465,0.0,-0.00880518183602,0.00858228642571,-0.999924403709,0.0,0.658584337421,0.256909262263,0.303262875304,1.0,-0.0112,-0.01472,0.561
0.462655884118,0.529953168534,-0.123961410739,-1.38407240166,0.0779683479083,1.90442486603,0.155660345526,-0.00623670176092,-0.0588005242494,-0.00022148328655,-0.0984594735202,-0.00373611194052,0.0378416879615,-0.0125493530406,0.574050349298,0.818805903442,0.00195853550923,0.0,0.818760629358,-0.573989528948,-0.0121572764888,0.0,-0.00883044089779,0.0085826258232,-0.999924178049,0.0,0.65837439035,0.256645055466,0.303261298701,1.0,-0.01156,-0.0151931428571,0.579
0.462514533075,0.528888095098,-0.123968216286,-1.38573435953,0.0778590672856,1.90505323556,0.155433530844,-0.00980179847611,-0.0689906677126,-0.00413731154028,-0.101580087744,-0.00788094326231,0.0361007640002,-0.0147211861893,0.574045963803,0.818808931138,0.00197803743207,0.0,0.818764024888,-0.573985167254,-0.0121345054294,0.0,-0.008800646714,0.00858547505078,-0.999924416261,0.0,0.658182976682,0.256389721155,0.303275046097,1.0,-0.0119,-0.01564,0.596
0.462389556633,0.527915634636,-0.123963752523,-1.38723849703,0.0777571930852,1.90564343172,0.1552154125,-0.0070465372318,-0.0649994787894,0.000135084829463,-0.102734130601,-0.00278771510303,0.0374078208127,-0.0180094920124,0.574020701951,0.818826534501,0.00202164036923,0.0,0.818782306933,-0.573959823764,-0.0120996471012,0.0,-0.00874734016791,0.0086008968816,-0.999924751475,0.0,0.658010831029,0.256167863073,0.303294781239,1.0,-0.0122,-0.0160342857143,0.611
0.462245045352,0.526675454794,-0.123966856246,-1.38913010364,0.0776507588226,1.90635229486,0.154956691425,-0.00710034754205,-0.0687831870268,0.000219779199283,-0.106831861624,-0.00977103975075,0.0462373762201,-0.0113368311839,0.574002924986,0.81883886449,0.00207436966756,0.0,0.818795260796,-0.573941756455,-0.0120800660671,0.0,-0.00870122773642,0.00863264351462,-0.999924880229,0.0,0.657785128101,0.255893608834,0.303328820359,1.0,-0.01256,-0.0165074285714,0.629
0.46208736387,0.525494868842,-0.12397255683,-1.39096828805,0.0775271324558,1.90701531393,0.154708688608,-0.0104417823403,-0.0663649052472,-0.000307238181382,-0.110695066851,-0.00826261253566,0.0382817559974,-0.0183752894218,0.573998541834,0.81884194469,0.002071349698,0.0,0.818798389309,-0.573937473906,-0.0120714792922,0.0,-0.00869597579016,0.00862519536966,-0.999924990192,0.0,0.6575655233,0.255608920206,0.303342109128,1.0,-0.0129,-0.0169542857143,0.646
0.461940694115,0.52437872949,-0.123978250686,-1.39272876742,0.0774216697658,1.90765396738,0.154463481894,-0.00602522271231,-0.0741778713268,-0.00107658329628,-0.110117434085,-0.0114023794049,0.035608509908,-0.0199088313502,0.573988037169,0.81884932209,0.00206586589325,0.0,0.818805662848,-0.573926962215,-0.0120778902204,0.0,-0.00870448367105,0.00862427323679,-0.999924924119,0.0,0.657353228435,0.255341154717,0.303344680045,1.0,-0.01322,-0.0173748571429,0.662
0.461791364656,0.523182686461,-0.123973889412,-1.39463631812,0.0772994453509,1.90836262877,0.154214851437,-0.0110147369129,-0.0706920201662,0.00138929636394,-0.108808371506,-0.0103297676068,0.0453773316336,-0.0132299078573,0.573973005116,0.818859874654,0.00205960687244,0.0,0.8188161412,-0.573911966528,-0.0120800863749,0.0,-0.0087100326794,0.00862024879682,-0.999924910501,0.0,0.657121156467,0.255063162965,0.303338878889,1.0,-0.01356,-0.0178217142857,0.679
0.461628984831,0.521869087279,-0.123976848998,-1.39671327694,0.0771754020773,1.90918080354,0.153948025045,-0.00144421296354,-0.0738143049353,0.00136037089888,-0.112581058533,-0.00672022970696,0.0464370027113,-0.010100362093,0.5739676063,0.8188635473,0.0021035024271,0.0,0.818820425828,-0.573906418732,-0.0120532023202,0.0,-0.00866288125083,0.00864070479741,-0.999925143553,0.0,0.656878583532,0.254760895827,0.30334446248,1.0,-0.01392,-0.0182948571429,0.697
0.461478733491,0.520766804799,-0.123979668242,-1.39848658037,0.0770623882482,1.90984431419,0.15369155239,-0.0109130694516,-0.0732498082545,-0.000635909340589,-0.122274218681,-0.00484696317866,0.0411766700234,-0.0212683322189,0.573948843001,0.818876735447,0.00208917744744,0.0,0.818833471793,-0.573887763576,-0.0120551727869,0.0,-0.00867291414447,0.00862990704817,-0.999925149831,0.0,0.656652377916,0.25447100997,0.303331574526,1.0,-0.01424,-0.0187154285714,0.713
0.461297268242,0.519360485077,-0.123983539984,-1.40067114575,0.0769337483258,1.91062321266,0.153400600232,-0.00881961249154,-0.084057055207,-0.000935343051656,-0.122973909881,-0.00438131210493,0.0442132152153,-0.0156016361887,0.57394126865,0.818882029018,0.00209513557135,0.0,0.818838739117,-0.573880061166,-0.0120640631269,0.0,-0.00867685501806,0.00863980820872,-0.99992503014,0.0,0.656397281241,0.254161176749,0.303347699486,1.0,-0.01458,-0.0191622857143,0.73
0.461119085726,0.51802508326,-0.123980502663,-1.40277382619,0.0767878826679,1.91137681592,0.153115879818,-0.00846624418456,-0.0774135402931,0.00214519986892,-0.124306562237,-0.013982284861,0.0439429338116,-0.0175101875951,0.573923771058,0.818894344569,0.00207469263239,0.0,0.81885086152,-0.573862726733,-0.0120658342401,0.0,-0.00869022196423,0.00862389897421,-0.999925051396,0.0,0.656137954746,0.253841597043,0.303349364941,1.0,-0.01492,-0.0196091428571,0.747
0.460945883564,0.516749821682,-0.123991688252,-1.40479619618,0.0766640521092,1.91210910046,0.15282954959,-0.00859767287363,-0.0746958224799,-0.000538228025158,-0.121618272023,-0.0113211470413,0.0500123134627,-0.0208265418335,0.573912585946,0.818902223168,0.00205900097882,0.0,0.818858532985,-0.573851608304,-0.0120740012602,0.0,-0.00870603306946,0.00861561768424,-0.999924985246,0.0,0.655891829131,0.253527866473,0.303345320596,1.0,-0.01524,-0.0200297142857,0.763
0.460752118637,0.515371000997,-0.123997294121,-1.40698873881,0.0765288086631,1.91293900483,0.152538354798,-0.0127619485885,-0.0863902716304,-0.00104261393746,-0.131483446964,-0.0101399386255,0.0498225392,-0.0212029210198,0.573916124103,0.818899719432,0.00206855269411,0.0,0.818856184669,-0.573855135329,-0.0120656283257,0.0,-0.00869365744435,0.00861867174661,-0.999925066601,0.0,0.655631380362,0.25318986968,0.303340814988,1.0,-0.01558,-0.0204765714286,0.78
0.460569425974,0.513987342031,-0.124000250852,-1.40923600003,0.0763951592016,1.9137260206,0.152236617212,-0.012156871399,-0.0829266070056,-0.000571260037699,-0.129950642394,-0.0158386219734,0.0490586444765,-0.0139423407317,0.573895537678,0.818914297565,0.00200797829923,0.0,0.818869793282,-0.573834638748,-0.0121167621138,0.0,-0.00877051109275,0.00859819402491,-0.999924571753,0.0,0.655327423876,0.25283040354,0.303313013277,1.0,-0.01594,-0.0209497142857,0.798
0.460384119856,0.512667621621,-0.123997774793,-1.41137795577,0.0762713379606,1.91447305009,0.151931057621,-0.00831262714134,-0.0826759321134,-0.000185995830692,-0.132653036763,-0.0058533689928,0.0494148554137,-0.00879910634758,0.57388119897,0.818924496845,0.00194546563633,0.0,0.8188790163,-0.573820424147,-0.0121665277303,0.0,-0.00884729002102,0.00857540761084,-0.999924091041,0.0,0.65507231023,0.252525617425,0.303279386116,1.0,-0.01624,-0.021344,0.813
0.460170489964,0.511129355237,-0.124002132455,-1.4138067584,0.0761224730773,1.91539918802,0.151581519454,-0.0116724310491,-0.0853607729305,-0.000253602553513,-0.133899163496,-0.0121412926906,0.0455396948001,-0.0247254235162,0.573860016075,0.818939276006,0.00197257835681,0.0,0.818894172674,-0.573799144895,-0.0121499868206,0.0,-0.00881840741761,0.00858788989719,-0.999924239049,0.0,0.654781890952,0.252153914634,0.303281095824,1.0,-0.0166,-0.0218171428571,0.831
0.459971598327,0.509654553058,-0.124007689862,-1.41616151621,0.0759769444596,1.91628454849,0.151262166597,-0.0129859355821,-0.0861082414697,-0.000234509268517,-0.140624726318,-0.00516706483546,0.0479963263968,-0.0194616604058,0.573848881496,0.81894707712,0.00197306437865,0.0,0.818901994413,-0.573788023472,-0.0121480273354,0.0,-0.00881664051677,0.0085870435808,-0.999924261898,0.0,0.654494689912,0.251796980509,0.3032696244,1.0,-0.01694,-0.022264,0.848
0.459792616617,0.508325316317,-0.124011847049,-1.41824573224,0.0758416226948,1.91702387213,0.150960795912,-0.0118934076385,-0.0888066876086,-0.0006540845914,-0.138123823046,-0.0110383333955,0.0508912981309,-0.025720116424,0.573823036407,0.818965228409,0.00195561921632,0.0,0.818919918359,-0.573762260151,-0.0121566049135,0.0,-0.00883394629895,0.00857740061438,-0.999924191922,0.0,0.654232369712,0.251475969446,0.303271841812,1.0,-0.01724,-0.0226582857143,0.863
0.459561159295,0.506698466851,-0.124011268618,-1.4207968172,0.0756818420863,1.91795256053,0.150610917766,-0.0138693974576,-0.0869675933494,0.000466991530928,-0.144296044027,-0.00784191445024,0.0553275626203,-0.0202383156228,0.573814438226,0.818971247883,0.00195768385931,0.0,0.818925923399,-0.573753613608,-0.0121601709532,0.0,-0.00883577230744,0.00858104493817,-0.999924144521,0.0,0.653916528702,0.251080863622,0.303275806204,1.0,-0.0176,-0.0231314285714,0.881
0.459328924234,0.504982252732,-0.124018271358,-1.42341437657,0.0755189529139,1.91896157462,0.150268084044,-0.0126385121441,-0.0964292862016,-0.00113154988819,-0.149588265271,-0.0126771645017,0.0609462213848,-0.0191017144512,0.573820102263,0.818967066194,0.00204490347254,0.0,0.818922970181,-0.573758978469,-0.0121058018005,0.0,-0.00874113955104,0.00862133684007,-0.999924629675,0.0,0.653604105864,0.250679072394,0.303317102441,1.0,-0.01796,-0.0236045714286,0.899
0.459123056773,0.503500243085,-0.124020193294,-1.42558998048,0.0753725084694,1.91979054828,0.149947931843,-0.0150068234036,-0.0975590066118,-0.000137279695007,-0.14572472712,-0.0126004724056,0.0614976511637,-0.0181554127406,0.573799998077,0.818980873444,0.00215361099303,0.0,0.818938347482,-0.573738560934,-0.0120330221592,0.0,-0.00861937127575,0.00866838961292,-0.999925279939,0.0,0.653345991532,0.250337415353,0.303388636847,1.0,-0.01826,-0.0239988571429,0.914
0.458874588164,0.50171024403,-0.124029855288,-1.42826347604,0.0751997992147,1.92076457659,0.149570541087,-0.0141698811821,-0.0938685881483,3.05032196513e-05,-0.149954004276,-0.0127029293762,0.0568732826389,-0.0201874482465,0.57379127983,0.818986787799,0.00222609581059,0.0,0.818945280157,-0.573729615406,-0.0119876359402,0.0,-0.00854070279366,0.00870161915864,-0.999925666347,0.0,0.653018026322,0.249914134903,0.303450507067,1.0,-0.01862,-0.024472,0.932
0.458629428163,0.499979504687,-0.124024754307,-1.43086979429,0.0750387684082,1.92167703226,0.149209446888,-0.0145831956569,-0.0985175620923,0.00157014323464,-0.149841008766,-0.00574206558228,0.0557488074607,-0.0193126993898,0.573781702752,0.818993399706,0.00226179720989,0.0,0.818952232231,-0.573719764697,-0.0119841487891,0.0,-0.00851746498395,0.00872875722778,-0.999925628028,0.0,0.652686357198,0.2495067152,0.303496506828,1.0,-0.01896,-0.0249188571429,0.949
0.458403603849,0.498506275945,-0.124027184231,-1.43318632349,0.0748939113888,1.92255665853,0.148865520443,-0.0134804807453,-0.0917930103858,0.00158822960331,-0.152229889213,-0.00689677138408,0.0614237867296,-0.0221152705653,0.573764192024,0.819005571074,0.00229638892437,0.0,0.818964901719,-0.573702163643,-0.0119609399321,0.0,-0.00847879638826,0.00874358930691,-0.999925827078,0.0,0.652387886828,0.249118549922,0.303500315339,1.0,-0.01928,-0.0253394285714,0.965
0.458128124177,0.496731000833,-0.124026459816,-1.43600799842,0.0747225429266,1.92356043321,0.148449218581,-0.017817581789,-0.0965248937049,0.0016225806056,-0.157070850865,-0.0142207530283,0.0596431730836,-0.0175128996326,0.573746200696,0.819018288324,0.00225554404492,0.0,0.818976911063,-0.573684161594,-0.0120020324694,0.0,-0.00853607854111,0.00873352717209,-0.999925427653,0.0,0.652048670377,0.248688908529,0.303479244094,1.0,-0.01962,-0.0257862857143,0.982
0.457863525411,0.495052178441,-0.124038630546,-1.43873226872,0.0745587906645,1.92450341204,0.148059479553,-0.015202556296,-0.0971904167984,-0.00229820393311,-0.160370826259,-0.00756151051929,0.057862953083,-0.022027714435,0.573745481811,0.819019025803,0.0021689573812,0.0,0.818976360532,-0.573683644906,-0.0120641351678,0.0,-0.00863662713802,0.00869823533467,-0.999924871865,0.0,0.65169842593,0.248246072435,0.303434419945,1.0,-0.01996,-0.0262331428571,0.999
0.457597400268,0.493355438764,-0.124067684011,-1.44144269476,0.0743811667464,1.92549123452,0.147683035469,-0.0184682544305,-0.113636721392,-0.00514966531223,-0.18051531259,-0.00715595838834,0.0671223457397,-0.0245656121154,0.573764116632,0.819006063442,0.00213387278815,0.0,0.818963080129,-0.573702567327,-0.0120658414255,0.0,-0.00865795568361,0.00867067681553,-0.999924926765,0.0,0.65136459763,0.247795114657,0.303412353076,1.0,-0.024212,-0.0318214857143,1.015
0.457294243829,0.491128669176,-0.124103919602,-1.44493569763,0.0741804155101,1.92679982424,0.147167603797,-0.021367041583,-0.141250068716,0.000318329068314,-0.223917983122,-0.0125219337906,0.0807989030727,-0.0397069499357,0.573737425892,0.819024669476,0.0021688293469,0.0,0.818982127566,-0.573675716509,-0.0120496438674,0.0,-0.00862491691261,0.00868973143251,-0.999925046879,0.0,0.650929057127,0.247248085201,0.303413866596,1.0,-0.0293508571429,-0.0385754122449,1.032
0.45688447279,0.488515596862,-0.124114706886,-1.44916781588,0.0739424263985,1.92830350512,0.146556155221,-0.0278188118605,-0.165305342365,-0.000243662012887,-0.265084964658,-0.014120330203,0.0970551448993,-0.0372737277973,0.573726659167,0.819032437829,0.00208164518748,0.0,0.818988372151,-0.573664942002,-0.0121378540208,0.0,-0.00874729771548,0.00866882054193,-0.999924165291,0.0,0.650382666182,0.246571713199,0.3033472777,1.0,-0.0344897142857,-0.0453293387755,1.049
0.456425506429,0.485566551605,-0.124153249131,-1.45372337528,0.0736626891318,1.93004980703,0.145879114827,-0.0299358146973,-0.192616494988,0.00148112818447,-0.291666991464,-0.0169002762817,0.113642331618,-0.0471943134941,0.573726107118,0.819032539067,0.00219108715022,0.0,0.818990076537,-0.573664091868,-0.0120627996872,0.0,-0.00862304345617,0.00871538953661,-0.999924839729,0.0,0.649831888199,0.245823050554,0.303379992292,1.0,-0.0393262857143,-0.0516859755102,1.065
0.455871453839,0.482049504351,-0.124217572318,-1.4592054993,0.0733260799665,1.93196114622,0.145047809865,-0.0362088925299,-0.21657703133,-0.000662452382165,-0.337098553102,-0.0233648476988,0.113757255428,-0.0566773771661,0.573723151686,0.819034746969,0.00213901331884,0.0,0.818991552681,-0.573661307102,-0.0120949689202,0.0,-0.00867929773616,0.0086911648595,-0.999924563877,0.0,0.649129683169,0.244898154454,0.303378743668,1.0,-0.0444651428571,-0.0584399020408,1.082
0.455231917824,0.478074969368,-0.124297663011,-1.4654032799,0.0729600921021,1.93417208369,0.144123170335,-0.0351297803658,-0.243621491533,-0.00735809167457,-0.370506498278,-0.0181364663613,0.136531927223,-0.0626796908458,0.573750585326,0.819015563634,0.00212585600722,0.0,0.818972111572,-0.573688708114,-0.0121117113259,0.0,-0.00870026799886,0.0086902855606,-0.999924389278,0.0,0.648343481718,0.243845973086,0.303377333357,1.0,-0.049604,-0.0651938285714,1.099
0.45454915927,0.473913182136,-0.124337198094,-1.47175639295,0.0725762874749,1.9365076195,0.143214121168,-0.044242493463,-0.269020309892,-0.00322050671353,-0.410048185666,-0.0295026098344,0.149003217435,-0.059002181212,0.573796826223,0.818982838197,0.0022494123557,0.0,0.818940938069,-0.573734353625,-0.0120572934679,0.0,-0.00858431655612,0.00876074126084,-0.999924776632,0.0,0.647544304008,0.242780010136,0.303437096527,1.0,-0.0544405714286,-0.0715504653061,1.115
0.453691492688,0.468815663991,-0.124387477484,-1.47950452201,0.0721013662661,1.93931466235,0.142014769358,-0.050271596432,-0.296365977192,-0.0054805100671,-0.443016466475,-0.0300179190248,0.166713246481,-0.0723915362428,0.573794687722,0.818983956373,0.00238378838853,0.0,0.818943721706,-0.573731568858,-0.0120006031348,0.0,-0.00846080967905,0.00883824102641,-0.999925147296,0.0,0.646559070499,0.24146047163,0.303515966986,1.0,-0.0598817142857,-0.0787016816326,1.133
0.452816861973,0.463576026774,-0.124417076289,-1.48751352575,0.0715855518591,1.94218535693,0.140735843069,-0.0570438974535,-0.317639041026,-0.00299874260897,-0.487163860402,-0.0245682801685,0.17113701388,-0.0782211722059,0.573722109039,0.819034562155,0.00246464953136,0.0,0.818995322434,-0.573658611246,-0.0119668907961,0.0,-0.0083875912233,0.00888437731559,-0.999925355291,0.0,0.645515904945,0.240112773196,0.303567419518,1.0,-0.0650205714286,-0.0854556081633,1.15
0.451900547496,0.458281875786,-0.124455552078,-1.49568693306,0.071044668074,1.94497443937,0.139539266461,-0.0577763322918,-0.337506508367,-0.00214752603296,-0.519912461306,-0.0351868947528,0.1792356485,-0.0827796034775,0.573752374656,0.819013615594,0.00237843424407,0.0,0.818973071225,-0.573689032882,-0.0120311703467,0.0,-0.00848937413099,0.00885095656223,-0.999924792719,0.0,0.644418195753,0.238707103642,0.303564971529,1.0,-0.0698571428571,-0.091812244898,1.166
0.450865068956,0.452311797668,-0.124520505821,-1.50483804311,0.0704256726787,1.94823504873,0.138068873214,-0.0585556959108,-0.368609808568,-0.00347868761532,-0.549898881386,-0.0366726550424,0.19991278025,-0.0903527738737,0.573693997075,0.819054386328,0.00242009470443,0.0,0.819014608913,-0.573630727221,-0.0119835752584,0.0,-0.0084271214422,0.00885716863504,-0.999925264301,0.0,0.643211621725,0.237123911987,0.303596068786,1.0,-0.074996,-0.0985661714286,1.183
0.449719885762,0.445881111278,-0.124554384518,-1.51441598135,0.069784439743,1.95180375954,0.136597205756,-0.0694142841513,-0.377509742534,-0.00474734618637,-0.578515784387,-0.0390949449322,0.199544518875,-0.0832522021997,0.573709123678,0.819042720917,0.00275855456406,0.0,0.819007715466,-0.573644956284,-0.0117717050059,0.0,-0.00805925355117,0.00901298556254,-0.99992690459,0.0,0.641975656777,0.235463603053,0.303756073602,1.0,-0.0801348571429,-0.105320097959,1.2
0.448576612074,0.439612416653,-0.124582612317,-1.52419025196,0.0691126353754,1.95507861235,0.135065559674,-0.0730565215707,-0.395582493294,-0.00446680042638,-0.622280477983,-0.0403795170823,0.200618619368,-0.106438932306,0.57366036633,0.819077551767,0.00254856714819,0.0,0.819039503461,-0.57359665071,-0.0119130586144,0.0,-0.00829602902793,0.00892159850889,-0.999925787737,0.0,0.640609440999,0.233762680263,0.3036775851,1.0,-0.0849714285714,-0.111676734694,1.216
0.447170971252,0.432027545121,-0.124609594338,-1.53556921882,0.0683504825924,1.9591504288,0.133206822555,-0.077922997989,-0.437816509156,-0.00219130269633,-0.62985391321,-0.0407963487966,0.242657314912,-0.103075012775,0.57359647152,0.81912155913,0.0027759916281,0.0,0.819086467324,-0.573531905367,-0.011800825105,0.0,-0.00807434594743,0.00904286292035,-0.999926513084,0.0,0.639072348421,0.231765563188,0.303791034818,1.0,-0.0904125714286,-0.11882795102,1.234
0.445720315483,0.424638906614,-0.124661733672,-1.54692375819,0.0675238715082,1.96306347326,0.131345968625,-0.085228127723,-0.447815528404,-0.0053231265458,-0.670612047125,-0.0512266876017,0.229662743619,-0.120528301663,0.573554478068,0.819151260541,0.00268699510297,0.0,0.819115253469,-0.573490512749,-0.011814407384,0.0,-0.00813697716383,0.00897733777724,-0.99992659581,0.0,0.637500203396,0.22971014525,0.303756570969,1.0,-0.0955514285714,-0.125581877551,1.251
0.444235872876,0.417313370326,-0.124779650983,-1.55809633014,0.0667203977689,1.96683494803,0.129543468454,-0.0925903612373,-0.475949357279,-0.00777060431279,-0.696035233982,-0.0485107773773,0.248704554997,-0.110695726039,0.573625747169,0.819101700914,0.00257927234846,0.0,0.819064550137,-0.573562455953,-0.0118371758372,0.0,-0.00821663527518,0.00890287078758,-0.999926610205,0.0,0.63594283328,0.227614355421,0.303741991308,1.0,-0.100388,-0.131938514286,1.267
0.442558183778,0.409182680098,-0.124845455062,-1.57035370825,0.0658959689698,1.97114758612,0.127479874209,-0.107556339855,-0.488580918756,-0.000764244103319,-0.734015110656,-0.0436549511089,0.24188945108,-0.118523963263,0.573634458947,0.819095112084,0.00272979303753,0.0,0.81905978672,-0.573570465386,-0.0117785362644,0.0,-0.00808216842548,0.00899261111593,-0.999926903078,0.0,0.634240651075,0.225348475521,0.303787410347,1.0,-0.105526857143,-0.138692440816,1.284
0.440734485937,0.400741240277,-0.124940530982,-1.58319688922,0.065015289254,1.97537607085,0.12534584783,-0.111591458587,-0.512807742208,-0.00662261507893,-0.764232529365,-0.0524138655073,0.259858420972,-0.125477513565,0.57372091493,0.819035047858,0.00257857574806,0.0,0.818997234248,-0.573656906612,-0.0119176630114,0.0,-0.00828192536052,0.00894943123697,-0.999925655933,0.0,0.632388218536,0.222903066622,0.303741135271,1.0,-0.110665714286,-0.145446367347,1.301
0.438928417811,0.392428102885,-0.125036183701,-1.59551187008,0.064080754469,1.97972757594,0.123223771323,-0.112862089634,-0.514898016394,-0.00756441964359,-0.805734999201,-0.0607289342845,0.270098263401,-0.132713302155,0.573752048134,0.819012474235,0.00281090916077,0.0,0.818978526419,-0.573688114335,-0.0116990442517,0.0,-0.00796923143519,0.00901459840199,-0.999927611563,0.0,0.630667044935,0.220534217591,0.303851562706,1.0,-0.115502285714,-0.151803004082,1.317
0.436893104245,0.383388951711,-0.125079270397,-1.60920318324,0.0630616103909,1.98416447954,0.120795149615,-0.121681793133,-0.535594793255,-0.00243250902065,-0.777516834653,-0.0631167204416,0.263988671957,-0.152564337028,0.573694702784,0.819053327113,0.00260427432472,0.0,0.819016338881,-0.573631131782,-0.0118451761707,0.0,-0.00820809615576,0.00892862994932,-0.999926450658,0.0,0.628626332129,0.217906253465,0.303783260275,1.0,-0.120641142857,-0.158556930612,1.334
0.43462394702,0.373407306829,-0.125150793872,-1.62400099861,0.0619747590419,1.98921164525,0.118139453872,-0.1281306486,-0.555205891944,-0.00242454577811,-0.813250732588,-0.0566631770556,0.289500740601,-0.159763178079,0.573672377424,0.819068417726,0.00277080581215,0.0,0.819033678961,-0.573608291218,-0.0117519306449,0.0,-0.00803643277754,0.0090113147661,-0.99992710332,0.0,0.626457940518,0.215039221536,0.303848869234,1.0,-0.126082285714,-0.165708146939,1.352
0.432568039198,0.364837711238,-0.125241589304,-1.63675502498,0.060979102739,1.99336110003,0.115948491519,-0.13534203835,-0.5836843185,-0.00144411245809,-0.843938916349,-0.0623240561665,0.287835008526,-0.153605782167,0.5737977955,0.818980734983,0.00271891669481,0.0,0.818945587872,-0.573734175521,-0.0117459289147,0.0,-0.00805990924567,0.00896660558332,-0.999927316282,0.0,0.624422135596,0.212305296798,0.303864557166,1.0,-0.130918857143,-0.172064783673,1.368
0.430000459635,0.354283613772,-0.125356447525,-1.6524366142,0.0597714109204,1.99847789981,0.113002659292,-0.146338504231,-0.600877763632,-0.00219011948496,-0.879147938045,-0.0564646928628,0.284249011388,-0.165160947826,0.573778740599,0.818994348849,0.00263823622033,0.0,0.818958138634,-0.573715399648,-0.0117878867459,0.0,-0.00814077261733,0.00892441565831,-0.999927038651,0.0,0.622163300108,0.209318078811,0.303831089961,1.0,-0.136057714286,-0.178818710204,1.385
0.427391552652,0.343908056592,-0.125459914818,-1.66762686799,0.0586401901522,2.0034034174,0.110170107535,-0.154851754653,-0.622161121076,-0.00828443075918,-0.903353924629,-0.0618272333056,0.300777286889,-0.163341227867,0.573860661956,0.818936677004,0.00272151051867,0.0,0.818901211565,-0.573796633015,-0.0117888311646,0.0,-0.00809286846019,0.00899396787859,-0.999926804332,0.0,0.619832081744,0.206208114376,0.303885151314,1.0,-0.141196571429,-0.185572636735,1.402
