position_joint1,position_joint2,position_joint3,position_joint4,position_joint5,position_joint6,position_joint7,velocity_joint1,velocity_joint2,velocity_joint3,velocity_joint4,velocity_joint5,velocity_joint6,velocity_joint7,ee_T_00,ee_T_10,ee_T_20,ee_T_30,ee_T_01,ee_T_11,ee_T_21,ee_T_31,ee_T_02,ee_T_12,ee_T_22,ee_T_32,ee_T_03,ee_T_13,ee_T_23,ee_T_33,v_x,v_y,time
0.465087271384,0.547866163714,-0.123910719115,-1.3558633393,0.0794734486831,1.89409350406,0.159161330851,0.000625138471054,-0.000818891765731,0.000203382730017,1.19940582932e-05,6.25451196303e-05,0.00012907434924,-0.000121911213263,0.573736728047,0.819025955691,0.00184328420399,0.0,0.818981209207,-0.573678412774,-0.0119835130116,0.0,-0.00875752444993,0.00838515811237,-0.999926494743,0.0,0.661646521691,0.260934961461,0.303136506161,1.0,0.0,0.0,0.0
0.465080476067,0.547868669368,-0.123910454106,-1.35586309238,0.0794732925664,1.89409279799,0.159167431892,-0.000716940487106,0.000785298482857,0.00432704399287,0.000545644089618,0.000195964153807,-0.000386061005224,0.000774225586389,0.573747049304,0.819018731439,0.00184061640392,0.0,0.818973950386,-0.573688744453,-0.0119849896758,0.0,-0.00876015878702,0.00838393076656,-0.999926481959,0.0,0.661648091564,0.260930541113,0.303134778309,1.0,-0.0001,-0.000131428571429,0.006
0.465080002838,0.547870127256,-0.12391569069,-1.35586372574,0.0794723416733,1.8940923322,0.159170275255,-0.000500786048752,0.00156093370572,-0.00110950418668,0.000165662051377,0.000145700064207,0.000649132804469,-0.000462928423887,0.573753205925,0.819014427567,0.00183658081187,0.0,0.818969628933,-0.573694951215,-0.0119831855995,0.0,-0.00876093343008,0.00837965639528,-0.999926511002,0.0,0.661649194146,0.260926916806,0.303133575205,1.0,-0.00046,-0.000604571428571,0.024
0.465081126469,0.547849987715,-0.123911136901,-1.35588122085,0.0794713788614,1.89409557468,0.15916214465,-0.000209671729594,-0.000646780067943,0.00121568620044,-0.000519067820312,1.77658860005e-05,-0.000223282770739,0.00109475464598,0.573743132304,0.819021469541,0.00184322154381,0.0,0.818976728154,-0.573684822177,-0.0119829231249,0.0,-0.00875701168315,0.00838483683113,-0.999926501928,0.0,0.661645079137,0.260928549291,0.30313964491,1.0,-0.0008,-0.00105142857143,0.041
0.46508076303,0.547789772592,-0.123908657977,-1.35593556161,0.0794686732128,1.89410439181,0.159160009043,0.000448114358676,-0.00515020683286,0.000922683347012,-0.00494114967378,-0.0002057619246,0.000222204639166,-0.00158357542386,0.573742153472,0.819022122367,0.0018577687642,0.0,0.81897753845,-0.573683750119,-0.0119788673942,0.0,-0.00874535402038,0.00839441368286,-0.999926523602,0.0,0.661635653594,0.260924248571,0.303157117688,1.0,-0.00112,-0.001472,0.057
0.46508243449,0.547652350208,-0.123908639748,-1.35611727608,0.0794702333374,1.89413666714,0.15916515621,0.000986812439727,-0.00859008001971,-0.000765348786189,-0.0130142774299,0.000143962191402,-0.000231482168132,-0.00114366027933,0.573755295256,0.819012919975,0.00185606582545,0.0,0.818968151638,-0.573696741963,-0.0119984068154,0.0,-0.00876219998348,0.0084043700535,-0.999926292491,0.0,0.661603533506,0.260908043458,0.303170787448,1.0,-0.00148,-0.00194514285714,0.075
0.465066363277,0.547509085122,-0.123908640072,-1.35631336937,0.0794623603916,1.89418599339,0.15915673042,-0.000854593810816,-0.00950187067308,0.000566077006048,-0.0106444407064,-0.000139924285058,0.00380861685563,-0.000700113981742,0.573770256947,0.819002437601,0.00185643419562,0.0,0.818957606835,-0.573711635735,-0.0120060039219,0.0,-0.00876805739117,0.00840919076427,-0.999926200617,0.0,0.661576829347,0.260878089762,0.303183212012,1.0,-0.0018,-0.00236571428571,0.091
0.465051085674,0.547344723567,-0.123908262777,-1.35650951183,0.0794585323753,1.89432099614,0.15915071123,0.00122688860698,-0.0110182863184,0.000560881716185,-0.0161494564397,-0.000422484145587,0.00796888153353,0.000659036252929,0.57378909041,0.818989000833,0.00196039339839,0.0,0.818945557358,-0.573730054969,-0.0119475943251,0.0,-0.00866037846554,0.00846101764546,-0.999926701826,0.0,0.661570620392,0.260848265831,0.303226405393,1.0,-0.00214,-0.00281257142857,0.108
0.465026132697,0.547132646482,-0.123904768179,-1.35676041518,0.0794575451005,1.89445335039,0.15912801017,-0.00261854778415,-0.0159018452016,0.0011848009057,-0.0122238043758,-0.00467815054903,0.0150897965923,-0.00232138870926,0.573801288653,0.818980272676,0.00203494714859,0.0,0.818937694299,-0.573741837154,-0.011920740584,0.0,-0.00859548254808,0.00850679501683,-0.999926873385,0.0,0.661547475222,0.2608230135,0.303260160028,1.0,-0.00248,-0.00325942857143,0.125
0.464991106217,0.546888327652,-0.123911122098,-1.35711019063,0.0794497651077,1.89458614141,0.159111160539,-0.00426263173863,-0.0155199845775,-0.000222317984049,-0.0249881865124,0.000176787973062,0.00545656756944,-0.00153353836558,0.573838113464,0.818954398368,0.00206393581688,0.0,0.818912116556,-0.573778457805,-0.0119152682962,0.0,-0.00857398454463,0.00852778131494,-0.999926879194,0.0,0.661511206608,0.260765616643,0.303278451713,1.0,-0.00284,-0.00373257142857,0.143
0.464958969218,0.546665905191,-0.123911515665,-1.35745546058,0.0794406649097,1.89471801771,0.15901373279,-0.00280950939347,-0.0182858555249,0.00413727490106,-0.0235629259601,-0.000567015690203,0.0111775749091,-0.00834831868108,0.573801849916,0.818979770505,0.00207832567896,0.0,0.818937570578,-0.573742034659,-0.0119197341162,0.0,-0.0085697633017,0.0085417489239,-0.999926796162,0.0,0.661473138189,0.26071354946,0.303283089477,1.0,-0.00314,-0.00412685714286,0.158
0.464916491496,0.546360586706,-0.123909332302,-1.35792951752,0.079426640443,1.89489089441,0.158934520249,-0.00447321956552,-0.014293897062,0.000199406016155,-0.0279718507844,-0.000606318289287,0.00745787079906,-0.000454821941585,0.573793010993,0.818985932089,0.00209056838128,0.0,0.81894374062,-0.573732995923,-0.0119308838783,0.0,-0.00857196302999,0.00855808044409,-0.999926637663,0.0,0.661418230871,0.260643921901,0.303288586475,1.0,-0.0035,-0.0046,0.176
0.464869849671,0.546055589345,-0.123907290575,-1.35843962242,0.0794022818938,1.89506509529,0.158910647029,-0.00624240465181,-0.0207964252373,0.000513831278688,-0.02963315534,-0.00197665332364,0.0118617633589,-0.00427368160651,0.573832216876,0.818958520985,0.00206753044932,0.0,0.818915937988,-0.573772201066,-0.0119538568432,0.0,-0.00860358706944,0.00855280647781,-0.999926411188,0.0,0.661356953305,0.260565586846,0.303276779615,1.0,-0.00384,-0.00504685714286,0.193
0.46481932322,0.545758753146,-0.12391249921,-1.35895781318,0.0793296094022,1.89523592172,0.158828363891,-0.00379213194081,-0.0164920493937,-0.000530846986105,-0.0322900328431,-0.00647044145906,0.0171821176079,-0.00237914121753,0.573819411155,0.8189676609,0.00200017080227,0.0,0.818924564574,-0.573760037694,-0.0119466975992,0.0,-0.00863650719291,0.00849339950919,-0.999926633763,0.0,0.661298262945,0.260471363764,0.303255183668,1.0,-0.00414,-0.00544114285714,0.208
0.464758174748,0.545405998193,-0.123916816482,-1.35958177275,0.0792698660384,1.89543633118,0.158749353926,-0.00493510162638,-0.0242650721921,-0.00059537476067,-0.0429339346921,-0.000215586561059,0.00997212335033,-0.00277637169044,0.57382662474,0.818962783781,0.00192624568783,0.0,0.818918897387,-0.573767730695,-0.0119656849293,0.0,-0.00869440041666,0.00844383016037,-0.999926551869,0.0,0.661224423476,0.260362915797,0.303225379391,1.0,-0.00446,-0.00586171428571,0.224
0.464691434661,0.544964998294,-0.123912525786,-1.36032824686,0.0792579450214,1.89568714741,0.158659231638,-0.00277307755932,-0.0256097498949,-0.000315430333117,-0.0475239838807,-0.000431937189152,0.0159796873184,-0.00446554769991,0.573842840194,0.81895148629,0.00189862128447,0.0,0.818906867514,-0.573783702028,-0.0120229999153,0.0,-0.00875702430084,0.00845426919862,-0.999925917185,0.0,0.66113153014,0.260253545823,0.30320388092,1.0,-0.00482,-0.00633485714286,0.242
0.464624053641,0.544550033487,-0.123923237621,-1.36100993188,0.0792321196201,1.89593488337,0.158575974829,-0.00245944057545,-0.0298824497245,-0.0015742756219,-0.0444787970384,-0.00451752695769,0.0124215617575,-0.00896908808737,0.573868481574,0.81893354443,0.00188747544182,0.0,0.818888680439,-0.573809292342,-0.0120404307,0.0,-0.00877743063474,0.00845541875021,-0.999925728544,0.0,0.661056537303,0.26013996159,0.303194950711,1.0,-0.00514,-0.00675542857143,0.258
0.464550780192,0.544033241692,-0.123915748284,-1.36185516259,0.0791934162709,1.89624307261,0.158474430568,-0.00177685267989,-0.0319491158231,-0.00106994697974,-0.0456833109982,-0.00497842260244,0.0181233964656,-0.00802402967636,0.573876885771,0.818927677152,0.00187789046602,0.0,0.818882519129,-0.573817574822,-0.0120647250875,0.0,-0.0088027402184,0.0084616014484,-0.999925453754,0.0,0.660956637821,0.260016973282,0.303184823669,1.0,-0.0055,-0.00722857142857,0.276
0.464462532876,0.543506254445,-0.123918888992,-1.36269904905,0.0791473003545,1.89652621668,0.158344391281,-0.0127037750531,-0.0328206714925,0.000346473910653,-0.0481234611298,-0.0034511505875,0.0183808786744,-0.00351811229257,0.573879368082,0.818925997149,0.00185175191866,0.0,0.818880416973,-0.573820094527,-0.0120875438267,0.0,-0.00883640154849,0.00845331814881,-0.999925226914,0.0,0.660858938858,0.259875332559,0.303180650932,1.0,-0.00584,-0.00767542857143,0.293
0.464389346807,0.542994116198,-0.123926790469,-1.36351514558,0.0790903042334,1.89683270766,0.158284373582,-0.00533956366415,-0.0312733488813,-0.00124899952686,-0.0517808867158,-0.00648473819205,0.0166012880014,0.00101100131394,0.573925925698,0.818893381247,0.00184631031864,0.0,0.8188478457,-0.573866781056,-0.0120776692351,0.0,-0.0088309572614,0.00844369729026,-0.999925356299,0.0,0.660769573644,0.259743825554,0.303181302267,1.0,-0.00616,-0.008096,0.309
0.464309730434,0.542396589142,-0.123922431686,-1.36444679795,0.0790410823472,1.8971655088,0.158137798675,-0.00496468465582,-0.0322810896859,0.000260256420921,-0.0590918935212,-0.000719264351382,0.0261247989263,-0.0057578560763,0.573906593193,0.818906920577,0.00185057346241,0.0,0.818861324557,-0.573847321026,-0.01208843241,0.0,-0.00883752448542,0.00845315684754,-0.999925218354,0.0,0.660659368622,0.259605631489,0.303189180723,1.0,-0.0065,-0.00854285714286,0.326
0.46423096377,0.541777824071,-0.123929912325,-1.36540593174,0.0789892471741,1.89752578831,0.158002605234,-0.0102960756408,-0.0351033504338,-0.000563441396978,-0.0566363058379,-0.00275732994573,0.0239920393661,-0.00682704812847,0.573905069122,0.81890794755,0.00186868339424,0.0,0.818862568835,-0.573845698672,-0.0120811579637,0.0,-0.00882119017939,0.00846379563509,-0.999925272592,0.0,0.660551354894,0.259459604134,0.303201686594,1.0,-0.00684,-0.00898971428571,0.343
0.464153636381,0.541162197418,-0.123923103657,-1.36636019934,0.0789314977893,1.89787358996,0.157879494284,-0.00286660355904,-0.0358367066399,0.002093994512,-0.0629705984438,-0.00270340259677,0.0204242917808,-0.0016942957219,0.573900246612,0.818911305834,0.00187803555922,0.0,0.818865999051,-0.573840787316,-0.0120819416056,0.0,-0.00881651491855,0.00847185184084,-0.999925245601,0.0,0.660438411994,0.259321551734,0.303212640216,1.0,-0.00716,-0.00941028571429,0.359
0.464065335246,0.540459286376,-0.12393351103,-1.36742537464,0.0788713951457,1.89826462689,0.15774736488,-0.00322780424,-0.0492507747077,-0.00124402082112,-0.0615881156834,-0.00521840677493,0.0261599906672,-0.0036522547123,0.573914539659,0.818901232392,0.00190253925852,0.0,0.818856249149,-0.573854974345,-0.0120689084518,0.0,-0.00879163165357,0.00848459155407,-0.999925356674,0.0,0.660317533504,0.259156815815,0.303236726781,1.0,-0.0075,-0.00985714285714,0.376
0.463967578386,0.539715746388,-0.123929729271,-1.36857158428,0.0787965167233,1.89870067909,0.15760842335,-0.00650765242275,-0.0428736079579,0.000547389829405,-0.0679482982092,-0.00227806559473,0.0286096640677,-0.0157389287262,0.573921605117,0.818896221155,0.00192796734605,0.0,0.818851611301,-0.573861968088,-0.0120510229169,0.0,-0.00876231869392,0.00849522514306,-0.999925523687,0.0,0.660187788899,0.258985652669,0.303254263571,1.0,-0.00784,-0.010304,0.393
0.463878729174,0.539013399509,-0.123934898779,-1.36966218512,0.0787437781457,1.89911584462,0.15746501495,-0.0058916332069,-0.0422291481866,0.000107348975015,-0.0703782482658,-0.002217348097,0.0259663265389,-0.00530214478208,0.573926790958,0.818892519936,0.00195609707236,0.0,0.818848189163,-0.573866945774,-0.0120465162785,0.0,-0.0087424309381,0.00851572892965,-0.999925523358,0.0,0.660063943031,0.258823407041,0.303267564765,1.0,-0.00816,-0.0107245714286,0.409
0.463770997828,0.538234136134,-0.123938075857,-1.37086274783,0.0786768710189,1.89957460964,0.157318432681,-0.00650925086307,-0.0450349777643,-7.30536375074e-05,-0.0668510435946,-5.90100346402e-05,0.0305342111075,-0.00357470376185,0.573945632469,0.818879234069,0.00198944240852,0.0,0.818835315313,-0.573885618705,-0.0120320381318,0.0,-0.00871124150055,0.00853492576108,-0.999925631892,0.0,0.659930363832,0.258638490851,0.303286438506,1.0,-0.0085,-0.0111714285714,0.426
0.463655955237,0.537383182466,-0.123940558199,-1.37220489214,0.0785970887566,1.90007720894,0.157152460258,-0.00812626792042,-0.0441767900977,-0.000417167555587,-0.0772902300646,-0.00596517652603,0.0278750349879,-0.0126631250975,0.573958307639,0.818870328706,0.00199818894709,0.0,0.818826518972,-0.573898249806,-0.0120282001127,0.0,-0.00870294659922,0.00854001990229,-0.999925660627,0.0,0.659776780998,0.258434194604,0.303292180271,1.0,-0.00886,-0.0116445714286,0.444
0.463550672002,0.536582143276,-0.12394152164,-1.37344693667,0.0785217002288,1.90054865243,0.157008264998,-0.00878751328395,-0.0507788400447,-0.00173098258375,-0.0790802966272,-0.00208072064854,0.0363544313888,-0.0169615157311,0.573975315948,0.818858346909,0.0020226915963,0.0,0.818814871644,-0.573915166045,-0.0120139526764,0.0,-0.00867703910494,0.00855208689717,-0.999925782647,0.0,0.659635472009,0.258247059373,0.303307413584,1.0,-0.00918,-0.0120651428571,0.46
0.463432008304,0.535725736898,-0.123945190081,-1.37480672658,0.0784565088898,1.90104701257,0.156846031644,-0.00309535359248,-0.0476753798902,2.90149488542e-05,-0.0808783279443,-0.00146483298707,0.026280820822,-0.00937188673216,0.573999456383,0.818841416914,0.00202606001928,0.0,0.818797826486,-0.573939132269,-0.0120307395506,0.0,-0.00868859997319,0.00856473639973,-0.999925573991,0.0,0.659476874821,0.258039762319,0.303307991842,1.0,-0.00952,-0.012512,0.477
0.46330885723,0.534830013904,-0.123950544917,-1.37624347589,0.0783652828295,1.90157000627,0.156659270522,-0.0112972016932,-0.0480940143988,-0.0013070459406,-0.0798265967932,-0.00941013074356,0.0282410376657,-0.0172435916097,0.574005427326,0.818837280227,0.00200619326376,0.0,0.818793464106,-0.573945220467,-0.0120371899694,0.0,-0.00870522246358,0.00855223496132,-0.999925536417,0.0,0.659308992923,0.257817397827,0.303301668735,1.0,-0.00986,-0.0129588571429,0.494
0.463196995723,0.533974616043,-0.123958272396,-1.37764866482,0.078284498974,1.90207246737,0.156489934652,-0.00413301379218,-0.0515014556264,-0.00160578598645,-0.0885491394519,-0.0050119659921,0.0276997526559,-0.0101000305561,0.574019017533,0.818827852688,0.00196521630277,0.0,0.818783452695,-0.573958937768,-0.0120640892733,0.0,-0.00875062732932,0.00853426757284,-0.999925293609,0.0,0.659139983124,0.257604624955,0.303280070489,1.0,-0.01018,-0.0133794285714,0.51
0.463052537842,0.533002903814,-0.123953266109,-1.37923486461,0.0782008135292,1.90269096211,0.156287484408,-0.0108718220217,-0.0523901374838,-0.000658352577156,-0.0922896926556,-0.00108546712204,0.0408716019538,-0.00513586174222,0.574032392245,0.818818460988,0.00197167436413,0.0,0.818774015658,-0.57397215622,-0.0120756808537,0.0,-0.00875627281128,0.0085463522489,-0.999925140973,0.0,0.658949097655,0.257351462775,0.30326232653,1.0,-0.01056,-0.0138788571429,0.529
0.462916102621,0.531967763974,-0.123951277637,-1.38089270121,0.0781011572295,1.90329490992,0.156079035966,-0.00860102124565,-0.0644660539892,8.74698514904e-05,-0.094066694656,-0.00891785601815,0.0397524715364,-0.016255982406,0.574035806415,0.818816101684,0.00195741598907,0.0,0.818771427706,-0.573975590814,-0.0120878957366,0.0,-0.00877442360068,0.0085417257157,-0.999925021395,0.0,0.658761804009,0.257118140398,0.303256800499,1.0,-0.0109,-0.0143257142857,0.546
0.462791512267,0.531019612381,-0.123954062629,-1.38241988064,0.0780130850272,1.90383666488,0.155883620528,-0.00602153514186,-0.055709865291,-0.000977605580518,-0.102131455356,-0.00336865595715,0.0394934563079,-0.00432392039146,0.574039134787,0.81881384023,0.00192709148574,0.0,0.818768683539,-0.573978968127,-0.0121133771075,0.0,-0.00881266051611,0.00853155893192,-0.999924771929,0.0,0.658576005503,0.256888148892,0.30324519384,1.0,-0.01122,-0.0147462857143,0.562
0.46264938114,0.529975188712,-0.123956510301,-1.38406086729,0.0779075700361,1.90442677986,0.15566054264,-0.00682681517943,-0.0612899830397,-0.000102547393206,-0.09382836612,-0.00856150719061,0.0336650125769,-0.012317227497,0.574035221524,0.818816605467,0.00191780142437,0.0,0.818771347555,-0.57397511599,-0.0121158387744,0.0,-0.0088200494959,0.00852532319025,-0.999924759965,0.0,0.658380780512,0.25663505466,0.303251181081,1.0,-0.01156,-0.0151931428571,0.579
0.462499295146,0.528847366955,-0.123957522647,-1.38583377951,0.0778036805075,1.90509332509,0.155409685957,-0.00978741455224,-0.0605208372733,0.000564666901403,-0.101153436927,-0.00147130737882,0.0394985222548,-0.0214598605167,0.574021686985,0.818826048978,0.00193682394328,0.0,0.818781001905,-0.573961462527,-0.0121102169702,0.0,-0.00880466832801,0.00853752619764,-0.999924791403,0.0,0.658173289998,0.256368452373,0.303259458429,1.0,-0.01192,-0.0156662857143,0.597
0.462386638694,0.527937474737,-0.12395303672,-1.38722725532,0.0777146362132,1.90564454345,0.155217078639,-0.00769311329843,-0.0645919142183,0.00138161726218,-0.100258279113,-0.00809914126768,0.0389082871366,-0.0201314972168,0.574004674993,0.818837843205,0.00199161317663,0.0,0.818793569899,-0.573944269416,-0.0120752804086,0.0,-0.00874478996052,0.00856215231707,-0.999925106294,0.0,0.658013749352,0.256166459049,0.303284438693,1.0,-0.0122,-0.0160342857143,0.611
0.462236260746,0.526772224296,-0.123957705285,-1.3890064152,0.07760131584,1.90631489232,0.154980306471,-0.0072944889754,-0.0672056798104,0.000934617076181,-0.107944225342,-0.00353597627392,0.0391460234695,-0.00838929509059,0.574002793077,0.818839055084,0.00203526677033,0.0,0.818795424582,-0.573942271153,-0.012044457996,0.0,-0.00869451436818,0.00858018484527,-0.999925390141,0.0,0.657806996405,0.255896090867,0.303315969337,1.0,-0.01254,-0.0164811428571,0.628
0.462088258791,0.525581117504,-0.123963659,-1.39084887101,0.0774835618086,1.90698196327,0.154730503488,-0.0122494291286,-0.0721543793286,0.000210662353668,-0.108833998939,-0.00839552266272,0.0373390274794,-0.0125255675427,0.573991021136,0.81884728415,0.00204445501959,0.0,0.818803811586,-0.573930498984,-0.012035255304,0.0,-0.00868182818232,0.00858230128015,-0.999925482206,0.0,0.657584770249,0.255618474929,0.303335017359,1.0,-0.01288,-0.016928,0.645
0.461940580213,0.52446710096,-0.123972602745,-1.39260329426,0.0773799736597,1.90760589306,0.154486104327,-0.0085658044753,-0.0733350423472,-0.00314084972777,-0.112498758024,-0.00818991420369,0.0441599579026,-0.021387044231,0.573984389522,0.8188519676,0.00203042943361,0.0,0.818808264052,-0.573923880877,-0.0120479284674,0.0,-0.00870032549886,0.00857802041965,-0.999925358165,0.0,0.657371827704,0.255348160584,0.303337828366,1.0,-0.0132,-0.0173485714286,0.661
0.461773926301,0.523203988824,-0.123968317702,-1.39463131855,0.0772449657893,1.90836682019,0.154220799648,-0.00964034975257,-0.0649638054319,0.00152957124074,-0.112212115618,-0.0063693020856,0.0483254209409,-0.0131665377037,0.573972973196,0.818859996875,0.00201951940707,0.0,0.818816216894,-0.573912577782,-0.0120458672043,0.0,-0.00870501879107,0.00856778241119,-0.999925405094,0.0,0.657128761641,0.255046806935,0.303326385969,1.0,-0.01356,-0.0178217142857,0.679
0.461616631488,0.521959280275,-0.123976535323,-1.39658508893,0.0771254206524,1.90913768928,0.153952183996,-0.00470207720371,-0.071539290268,-0.000248914473925,-0.115222206008,-0.0132178376878,0.0445154542744,-0.0133894440603,0.57396022462,0.818868814117,0.00206705627068,0.0,0.818825743804,-0.573899716776,-0.012010964586,0.0,-0.00864928784423,0.00858654013751,-0.999925727816,0.0,0.656903623587,0.254756067602,0.303338261395,1.0,-0.0139,-0.0182685714286,0.696
0.46145788801,0.520781708555,-0.123979255173,-1.3984800579,0.0770103715931,1.90984605209,0.153699805947,-0.0133550703086,-0.0750032252775,-0.000581935202193,-0.116735308318,-0.00917534145054,0.0442084524769,-0.0159188870928,0.573955642094,0.818872051265,0.00205705311643,0.0,0.818828837416,-0.57389516421,-0.012017587717,0.0,-0.00866050061047,0.00858210191839,-0.999925668865,0.0,0.656676315271,0.254470230747,0.303325053623,1.0,-0.01422,-0.0186891428571,0.712
0.461285924432,0.519450745272,-0.123976847682,-1.40054210932,0.0768827969332,1.91058135233,0.153419046625,-0.0114709865815,-0.0829105599874,0.00110655065663,-0.122933867641,-0.00734136396532,0.0408687965038,-0.0166963929282,0.573939894443,0.818883078474,0.00206113024579,0.0,0.818839853901,-0.573879337905,-0.0120227322478,0.0,-0.00866253871468,0.00858822661653,-0.999925598626,0.0,0.656421183582,0.254160773573,0.303341809173,1.0,-0.01456,-0.019136,0.729
0.461106843213,0.518125557269,-0.123982824984,-1.40264442515,0.0767450834334,1.91133330526,0.153133585094,-0.0160034454453,-0.0745501369643,4.40464127075e-05,-0.125210992981,-0.0099958916952,0.0489677489244,-0.0191097295631,0.573931174066,0.818889260533,0.00203305673682,0.0,0.818845710235,-0.57387077822,-0.0120324409845,0.0,-0.00868669209425,0.00857071778161,-0.999925539316,0.0,0.656163210858,0.253836457537,0.303336680732,1.0,-0.0149,-0.0195828571429,0.746
0.460946300286,0.516914919116,-0.123985942119,-1.4045414979,0.0766295262288,1.91201515376,0.152867261093,-0.00974049035024,-0.0819681376046,0.000288789606293,-0.124867004302,-0.00289615822257,0.0478067396923,-0.026014188544,0.573915816961,0.818900033823,0.00202892772971,0.0,0.818856382251,-0.573855393962,-0.0120398907682,0.0,-0.00869532324758,0.00857144919391,-0.999925458028,0.0,0.65592956007,0.253547683664,0.303342325061,1.0,-0.0152,-0.0199771428571,0.761
0.460745659927,0.515462158921,-0.123994223059,-1.40684351636,0.0764794565901,1.91289182168,0.152550532489,-0.0152148320495,-0.0849517798437,-7.478138622e-05,-0.128216452139,-0.0165086314023,0.0459972373431,-0.0226342901907,0.573907710019,0.818905680887,0.00204281485146,0.0,0.818862335063,-0.573847351785,-0.0120183178963,0.0,-0.0086697718273,0.00857035444742,-0.99992568928,0.0,0.655657647455,0.253192387522,0.303341726649,1.0,-0.01556,-0.0204502857143,0.779
0.460565946373,0.514078219098,-0.123997508476,-1.40909596509,0.0763500440867,1.9136815898,0.152244083862,-0.0126712344012,-0.0877600849637,-0.00139260902445,-0.130932904547,-0.00331396999258,0.0433111421227,-0.0228119808037,0.573889675254,0.8189184755,0.00197939958474,0.0,0.818874127527,-0.573829420192,-0.0120709026297,0.0,-0.00874941591673,0.00854841008153,-0.999925183404,0.0,0.655369856493,0.252856252654,0.303308395237,1.0,-0.0159,-0.0208971428571,0.796
0.460374583558,0.512672928542,-0.12399598845,-1.4113740393,0.0762174678487,1.91446775193,0.151929253528,-0.00950170582556,-0.0797630677711,0.00177677893356,-0.134901549664,-0.00169434056042,0.042835501945,-0.0175139693944,0.573870897479,0.818931798349,0.00191038764635,0.0,0.818886341647,-0.57381074723,-0.0121298280723,0.0,-0.00883747110277,0.00852550981544,-0.999924604551,0.0,0.655076952626,0.252511858449,0.303276920571,1.0,-0.01624,-0.021344,0.813
0.460198736971,0.511403775141,-0.124001632185,-1.41340096487,0.0760865697441,1.91524786256,0.151643303404,-0.00930997913502,-0.092810058596,-0.000838598180434,-0.13266431538,-0.00673373064695,0.0538544749263,-0.0188526039304,0.573855566506,0.818942514727,0.00192178664562,0.0,0.818897304091,-0.573795461359,-0.0121128351918,0.0,-0.00881717301537,0.00852492793538,-0.999924788703,0.0,0.654835906225,0.252201308976,0.303268871888,1.0,-0.01654,-0.0217382857143,0.828
0.459972006608,0.509752493291,-0.124001919449,-1.41601807992,0.0759204696117,1.91623326331,0.151279448936,-0.011589245232,-0.0913216198059,-0.00133508432374,-0.141115322135,-0.0146360033971,0.0555400955582,-0.0211839079219,0.573821465019,0.818966361518,0.00194213447522,0.0,0.818921442786,-0.573761299625,-0.0120991115142,0.0,-0.0087946130574,0.00853334975447,-0.999924915543,0.0,0.654499333336,0.251787187631,0.303269108731,1.0,-0.01694,-0.022264,0.848
0.459771817962,0.508342230036,-0.124010905769,-1.41824316058,0.0757843246609,1.91702309777,0.150959449224,-0.0169255147867,-0.0820178193809,-0.00155024030798,-0.138667569285,-0.00918885249684,0.0505086807136,-0.0191741252217,0.573821980916,0.818966073788,0.00191078579504,0.0,0.818920697894,-0.573761908014,-0.0121206590111,0.0,-0.00883024242801,0.00852004663787,-0.999924714978,0.0,0.65424047341,0.251453818065,0.303261057033,1.0,-0.01724,-0.0226582857143,0.863
0.459557604617,0.506796786248,-0.124011213921,-1.42065619595,0.0756334661173,1.91789620271,0.150631159019,-0.0110334153944,-0.0868738353229,-9.3407956113e-05,-0.137510260416,-0.00851995454957,0.0511186909131,-0.0180795471865,0.573812771522,0.81897251849,0.00191418325301,0.0,0.818927142397,-0.573752641645,-0.012123883582,0.0,-0.00883102979769,0.00852457998578,-0.999924669387,0.0,0.653939844613,0.251082466421,0.303269018368,1.0,-0.01758,-0.0231051428571,0.88
0.459336413973,0.505192378211,-0.12401790257,-1.42311502518,0.0754790313955,1.91884434587,0.150288391446,-0.0124057622066,-0.0919340496371,-0.000351191208211,-0.14500363705,-0.00955016982005,0.0588710191797,-0.0215351896554,0.573803301838,0.818978975024,0.00198901224009,0.0,0.818934665482,-0.573742930762,-0.0120751800198,0.0,-0.00874830527587,0.00855781400357,-0.999925112683,0.0,0.653647170065,0.250702686421,0.303302503659,1.0,-0.01792,-0.023552,0.897
0.459121937049,0.503617218913,-0.124023271891,-1.42544773805,0.0753278711599,1.91973329508,0.149962358492,-0.0179487186275,-0.0911283713509,0.0004438734998,-0.14135385955,-0.00490766703524,0.0581320359517,-0.0250285659843,0.573794810836,0.818984657844,0.00209575176279,0.0,0.81894185778,-0.57373409936,-0.0120068192639,0.0,-0.00863116269312,0.00860591512084,-0.999925717869,0.0,0.65336901569,0.250339270535,0.303369722024,1.0,-0.01824,-0.0239725714286,0.913
0.45887871189,0.501824345324,-0.124032577014,-1.42811075102,0.0751505262195,1.92070238676,0.149595187857,-0.00789292823925,-0.0979419085276,-0.00208444801769,-0.150267834523,-0.00786998729938,0.0526853113832,-0.0176420184587,0.573788010888,0.818989221294,0.00217275546406,0.0,0.81894754099,-0.573727096667,-0.0119536838632,0.0,-0.00854353404408,0.00863841954748,-0.999926190143,0.0,0.653041576921,0.2499198417,0.303438170824,1.0,-0.0186,-0.0244457142857,0.931
0.458618135276,0.500013630272,-0.124033949538,-1.43087365135,0.0749876462888,1.92167610072,0.149204634604,-0.0166748951648,-0.0978177504103,-0.000366725712283,-0.150224317439,-0.00965421241875,0.056923073216,-0.0196580643914,0.573779238607,0.818995300862,0.00219759173329,0.0,0.818953774226,-0.573718051426,-0.0119607712803,0.0,-0.00853518175487,0.00866273506702,-0.999926051113,0.0,0.65269194348,0.249484887646,0.303471047764,1.0,-0.01896,-0.0249188571429,0.949
0.458394736562,0.498527319008,-0.124038595408,-1.43318841281,0.0748393194505,1.92254952345,0.148872074301,-0.0173172557048,-0.100900707021,-0.000540686733974,-0.152158267589,-0.0016064839885,0.0570611266955,-0.0278924040087,0.57377081362,0.819001114049,0.00223058856844,0.0,0.818960075957,-0.573709552626,-0.0119369223691,0.0,-0.00849680633875,0.00867598768291,-0.999926263041,0.0,0.652411405877,0.249116748378,0.303481754033,1.0,-0.01926,-0.0253131428571,0.964
0.458137772533,0.496854893031,-0.124037139745,-1.43585873541,0.0746857994012,1.92350583072,0.148476447153,-0.0184438341821,-0.0948185722044,0.00108742627718,-0.155108058279,-0.00649698366369,0.0544202788095,-0.0224815821314,0.573750064215,0.819015727621,0.00220195928299,0.0,0.818974102528,-0.573688705061,-0.0119764758872,0.0,-0.00854584747751,0.00867501845795,-0.999925853524,0.0,0.652072568772,0.248695513823,0.303459524855,1.0,-0.0196,-0.02576,0.981
0.457870004275,0.495178803061,-0.124042754514,-1.43857527322,0.0745086996092,1.92444521783,0.148092648059,-0.0141537330211,-0.0970934040018,-0.00188030709574,-0.154057779482,-0.00482631451074,0.0536206561665,-0.0186357964727,0.573747824921,0.819017537248,0.00211044526996,0.0,0.818974657494,-0.573686786594,-0.0120303022315,0.0,-0.00864246033493,0.00863092710269,-0.999925404706,0.0,0.651723490299,0.248252977893,0.303415982555,1.0,-0.01994,-0.0262068571429,0.998
0.4576140502,0.493492596847,-0.124058680621,-1.44124518164,0.0743387444954,1.92541705545,0.147710609549,-0.0142247487559,-0.111298486296,-0.00963095488837,-0.173619398057,-0.012335848221,0.0674036063855,-0.0244561765911,0.573744173175,0.81902013836,0.00209370743955,0.0,0.818977076602,-0.573683242549,-0.0120346216969,0.0,-0.00865563930229,0.00861965842819,-0.999925387915,0.0,0.651390225593,0.247821143764,0.303404101424,1.0,-0.0235754285714,-0.0309848489796,1.014
0.457292583803,0.491204479523,-0.124102122969,-1.44486695467,0.0741281021493,1.92676680868,0.147188250803,-0.0197756663807,-0.135333721573,-0.000473854336845,-0.215625800571,-0.00639637526329,0.073966084186,-0.0355420738846,0.573735705737,0.819026045592,0.0021032133144,0.0,0.818983124487,-0.573674752458,-0.0120277636847,0.0,-0.00864465778697,0.00862341972534,-0.999925450483,0.0,0.650939947736,0.247244735338,0.303390906954,1.0,-0.0285537142857,-0.0375277387755,1.032
0.45689725551,0.488648909873,-0.124108920219,-1.44897466864,0.0738935713867,1.92823111795,0.146588642663,-0.0273052056834,-0.165667813885,-0.00170309480623,-0.25274475611,-0.0121275692633,0.0862809248929,-0.0417646491018,0.57371454792,0.819041030499,0.00203832438568,0.0,0.818996920049,-0.573653536726,-0.012100068311,0.0,-0.00874132872334,0.00861153241343,-0.999924712507,0.0,0.650409949775,0.246591976429,0.303340017917,1.0,-0.0332554285714,-0.0437071346939,1.049
0.456478107891,0.485991121623,-0.124147195003,-1.4530611447,0.0736432208248,1.92980814376,0.145992068475,-0.0277542928884,-0.187243673702,-0.00616636178347,-0.280407362061,-0.0210345621541,0.102400671765,-0.0418025640361,0.573725900676,0.819032746975,0.00216729742387,0.0,0.818990537699,-0.573664554633,-0.0120093637813,0.0,-0.00859292593623,0.00866524596732,-0.999925534796,0.0,0.649885322098,0.245868103608,0.303390529428,1.0,-0.0376805714286,-0.0495230367347,1.065
0.455815144536,0.481799641525,-0.124215193222,-1.45958528823,0.0732542155046,1.9320844894,0.14498620752,-0.0366520973214,-0.209132547631,-0.00135757353719,-0.32530681767,-0.0124453878188,0.111853007896,-0.0598429542136,0.573714945652,0.819040574896,0.00210824821934,0.0,0.818997364744,-0.573653619751,-0.0120659848297,0.0,-0.00867329391704,0.00864925209157,-0.999924979391,0.0,0.649084574378,0.244818335727,0.303381754663,1.0,-0.043212,-0.0567929142857,1.085
0.455305123246,0.478659528901,-0.124279987932,-1.46450627636,0.0729532814618,1.93384033923,0.144261962123,-0.0377857880175,-0.227664087938,-0.00595725922204,-0.353152586207,-0.0198554444117,0.127416122573,-0.0519391276017,0.573744531452,0.819019926731,0.00207825607015,0.0,0.818976352096,-0.573683357554,-0.0120783638719,0.0,-0.00870032728144,0.00863210399017,-0.999924892722,0.0,0.648461550762,0.243978949712,0.303370019488,1.0,-0.047084,-0.0618818285714,1.099
0.454660081998,0.474720739804,-0.12432336136,-1.47052466954,0.0725895739253,1.93606432605,0.143398993426,-0.0392037135717,-0.251586066557,-0.00113247738395,-0.390307043604,-0.0167506673608,0.14429199539,-0.0609144849289,0.573790115677,0.818987674537,0.00219977478466,0.0,0.818945668417,-0.573728402889,-0.0120191014728,0.0,-0.00858158791351,0.0086981051213,-0.999925346872,0.0,0.647708689923,0.242967362577,0.303425886629,1.0,-0.0515091428571,-0.0676977306122,1.115
0.453901206694,0.470184826877,-0.124356818571,-1.4774746583,0.0721702975195,1.93853992575,0.142359073394,-0.0451429063512,-0.274775525312,-0.00288712154512,-0.417038053992,-0.0274684993167,0.160674241358,-0.0663784352465,0.573803013502,0.818978473533,0.00226019618808,0.0,0.818936981635,-0.573740768455,-0.0120207164969,0.0,-0.00854810592709,0.00874865003314,-0.999925192706,0.0,0.646812024121,0.241794954143,0.303468683685,1.0,-0.0562108571429,-0.0738771265306,1.132
0.453035995944,0.464930985351,-0.124386567517,-1.48539485993,0.0716558475496,1.94146367813,0.141073326714,-0.0567857014812,-0.296086114594,-2.73290521633e-05,-0.463626999908,-0.0254023797892,0.158654365526,-0.0663984594813,0.573714762467,0.819039696009,0.00246872256807,0.0,0.81900107269,-0.573651847146,-0.0118973988725,0.0,-0.00832841504233,0.0088477701465,-0.999926174508,0.0,0.64580266899,0.240467080906,0.303578260132,1.0,-0.0611891428571,-0.0804200163265,1.15
0.452232300206,0.460275594308,-0.124416733279,-1.49261368229,0.0711891089438,1.94392103341,0.140007557071,-0.0514938658451,-0.313831726423,-0.00182906061989,-0.491244274461,-0.0317768215524,0.166438506588,-0.0656669020021,0.573731339737,0.819028356495,0.00237654406646,0.0,0.818988255608,-0.573668496806,-0.0119766376339,0.0,-0.00844601998749,0.00881790380658,-0.999925451881,0.0,0.644832000864,0.239231995472,0.303563319748,1.0,-0.0653377142857,-0.0858724244898,1.165
0.451137532429,0.454029616416,-0.12446868951,-1.50229594058,0.0705363596076,1.94731698831,0.13851774053,-0.060979499038,-0.335838408985,-0.00261436943003,-0.519548522557,-0.0273408712326,0.189984784568,-0.079974853818,0.573712823199,0.819041490954,0.00231937349149,0.0,0.819000684681,-0.573650256961,-0.0120003367198,0.0,-0.00849842810061,0.00878448466495,-0.999925301985,0.0,0.643543540485,0.237562543398,0.303545571351,1.0,-0.0705925714286,-0.0927788081633,1.184
0.450137102992,0.448293932201,-0.124496589692,-1.51074698276,0.069960898313,1.9505471235,0.137164549134,-0.0688449803489,-0.358211905756,0.000921163600989,-0.544608234764,-0.031484794951,0.192464262541,-0.0804038447806,0.573670908541,0.819069577231,0.00273189473483,0.0,0.819034689348,-0.573607359636,-0.0117269568842,0.0,-0.00803831345411,0.00896510317165,-0.999927503593,0.0,0.642473321125,0.236108899822,0.30373857499,1.0,-0.0750177142857,-0.0985947102041,1.2
0.448851963183,0.441252741726,-0.124543833719,-1.52164794456,0.0692266615974,1.95423848792,0.135492360302,-0.0690590101686,-0.377148229408,-0.00411175500293,-0.586949123577,-0.0401636190806,0.190258271859,-0.0981805781547,0.573673015405,0.819068606259,0.00257614817156,0.0,0.819031403356,-0.573609717429,-0.011840578027,0.0,-0.00822070039111,0.00890273775839,-0.999926577977,0.0,0.640969853621,0.234200471793,0.303692226326,1.0,-0.0802725714286,-0.105501093878,1.219
0.447837404794,0.435782952269,-0.124564213004,-1.5301040641,0.0686485660399,1.95709519813,0.134118849345,-0.0780130302705,-0.396546547888,-0.000678158777471,-0.608862765471,-0.0363597748717,0.208948130843,-0.090598575533,0.573605565109,0.819116207464,0.00245789468907,0.0,0.819077194101,-0.573542442207,-0.0119316382687,0.0,-0.00836385239492,0.0088574301301,-0.999925793199,0.0,0.639788819988,0.23271959584,0.303652364842,1.0,-0.0841445714286,-0.110590008163,1.233
0.446421135293,0.428364748301,-0.124593656677,-1.5412694296,0.0678570661322,1.96113546894,0.132317006737,-0.082300571925,-0.411336197296,-0.00284237116445,-0.634537501253,-0.0395906129373,0.220466574618,-0.0953397496891,0.573574755641,0.819137113627,0.00267126788724,0.0,0.819101287501,-0.573511270396,-0.0117749922669,0.0,-0.00811348714866,0.00894204944001,-0.999927102882,0.0,0.63828867283,0.230732861115,0.303744475705,1.0,-0.0891228571428,-0.117132897959,1.251
0.445139871284,0.421943244787,-0.124673940376,-1.55113065338,0.0671502799831,1.96441256861,0.130664296968,-0.0886607918077,-0.432601359583,-0.00689230028251,-0.667661328972,-0.0491180073271,0.223608803748,-0.108261989222,0.573550587741,0.819154570026,0.00250212077503,0.0,0.819116575263,-0.573487771151,-0.0118557737243,0.0,-0.00827693491768,0.00884958496976,-0.999926585902,0.0,0.636901983395,0.228909637414,0.303703215209,1.0,-0.0932714285714,-0.122585306122,1.266
0.443606749553,0.414315032276,-0.124791310913,-1.56254387027,0.0663342828669,1.96846943107,0.128838883068,-0.0937642031125,-0.462999267701,-0.00682882450556,-0.674527405961,-0.0449119065533,0.257134367971,-0.112920063976,0.573646295945,0.819086973511,0.00268400357835,0.0,0.81905195396,-0.573583464429,-0.011689865235,0.0,-0.00803567097663,0.0089043577039,-0.999928067616,0.0,0.635349848968,0.22677736832,0.3037982263,1.0,-0.0979731428571,-0.128764702041,1.283
0.44183929637,0.405972427054,-0.12483426185,-1.57528181078,0.0654797228539,1.97273398995,0.126696547051,-0.102927629244,-0.469162229564,-0.00301576499721,-0.7235121191,-0.0551825884152,0.235011504342,-0.120352149105,0.573652383141,0.819083035566,0.00258284055507,0.0,0.819046003121,-0.573589153036,-0.0118268842632,0.0,-0.00820586892556,0.00890015693163,-0.999926722776,0.0,0.633523311338,0.224410839638,0.303747873965,1.0,-0.102951428571,-0.135307591837,1.301
0.440265677544,0.398694452972,-0.124935994835,-1.58613368602,0.0647330055501,1.97646354998,0.124863199034,-0.107086753506,-0.497414888859,-0.00993469230985,-0.719739389378,-0.0528898599864,0.258039799718,-0.120710281109,0.573739880408,0.819021369034,0.00270066579671,0.0,0.818985869799,-0.573676206013,-0.0117687138238,0.0,-0.00808967615109,0.00896416017623,-0.999927097829,0.0,0.631997566885,0.222324434956,0.303815396734,1.0,-0.1071,-0.14076,1.316
0.438284464051,0.389748460943,-0.124984989756,-1.59958108243,0.0637086481342,1.98107144233,0.122565500033,-0.113538223234,-0.502610426798,-0.00200060378841,-0.77710955166,-0.056654210358,0.251876841454,-0.130851735728,0.573749394836,0.819014588124,0.0027355558436,0.0,0.818979948931,-0.573686047421,-0.0117008181034,0.0,-0.00801394479352,0.00895387508084,-0.999927799799,0.0,0.630067485084,0.219756437526,0.303829194384,1.0,-0.112078285714,-0.147302889796,1.334
0.436319518466,0.380911446717,-0.125046776824,-1.61278724129,0.0627123924106,1.98539087135,0.120179579686,-0.113727381742,-0.523971005742,-0.00350206894,-0.784452914752,-0.0529155107644,0.266226268093,-0.132800409499,0.573666448849,0.81907293725,0.00266004329018,0.0,0.819037271899,-0.573603330342,-0.0117436604948,0.0,-0.00809326062577,0.00891579026864,-0.99992750128,0.0,0.62810609427,0.21721324424,0.30383998723,1.0,-0.11678,-0.153482285714,1.351
0.434348131236,0.372432136803,-0.12510430078,-1.62550364939,0.0617754995126,1.98968680234,0.117908555732,-0.122565901012,-0.540338047088,-0.0020836381882,-0.774277275471,-0.0638468093454,0.261798753377,-0.142291898196,0.573666924368,0.819072523191,0.00268487259235,0.0,0.819037121991,-0.573603652063,-0.0117384002566,0.0,-0.00807470385518,0.00893311428329,-0.999927496685,0.0,0.626229688369,0.214736206581,0.303824091413,1.0,-0.121205142857,-0.159298187755,1.367
0.431574139249,0.360802499639,-0.125258677955,-1.64266493908,0.060413304349,1.99531992313,0.114883270271,-0.132516981781,-0.568463378011,-0.00600849046972,-0.80139060987,-0.0685361900419,0.269787142674,-0.152297548532,0.573796333466,0.818981865703,0.00268668046945,0.0,0.818947160734,-0.573733783898,-0.011655043616,0.0,-0.00800398411511,0.00888804175785,-0.999928466918,0.0,0.623665738533,0.211269961899,0.303883645728,1.0,-0.127013142857,-0.166931559184,1.388
0.429749967063,0.353493730582,-0.125315721223,-1.65365183987,0.0596157362335,1.99883625325,0.112805022925,-0.139532322003,-0.572236005512,-0.00366255630334,-0.868088517048,-0.0589251966957,0.276060496561,-0.1567195689,0.573790983412,0.81898610097,0.00253390507187,0.0,0.818948702891,-0.573728211972,-0.0118198021216,0.0,-0.00822663921593,0.00885740468744,-0.999926931725,0.0,0.62183106515,0.208888249609,0.303797915008,1.0,-0.130885142857,-0.172020473469,1.402
