position_joint1,position_joint2,position_joint3,position_joint4,position_joint5,position_joint6,position_joint7,velocity_joint1,velocity_joint2,velocity_joint3,velocity_joint4,velocity_joint5,velocity_joint6,velocity_joint7,ee_T_00,ee_T_10,ee_T_20,ee_T_30,ee_T_01,ee_T_11,ee_T_21,ee_T_31,ee_T_02,ee_T_12,ee_T_22,ee_T_32,ee_T_03,ee_T_13,ee_T_23,ee_T_33,v_x,v_y,time
0.465106290624,0.547772067119,-0.123987911238,-1.35576144987,0.0794967028035,1.89409126643,0.159173966256,0.00154302629762,-0.00110452918335,0.000529077623954,0.00067948133128,0.000185555473538,-0.000719901370143,0.00176364817721,0.573785862308,0.818991162353,0.00200177523423,0.0,0.818948778152,-0.573727166964,-0.0118652244894,0.0,-0.00856920614592,0.00844761209006,-0.999927600657,0.0,0.661683420081,0.260919865983,0.303254061769,1.0,0.0,0.0,0.0
0.465100699482,0.547774908081,-0.123990273886,-1.35576422542,0.0794967013431,1.89409314599,0.159166942825,-0.000444398656684,-0.000980598866764,-6.01147239719e-06,0.000304510884717,-8.07305022348e-06,0.000127174492855,-0.00112139360641,0.573786509678,0.818990717997,0.00199801089636,0.0,0.818948295928,-0.573727840533,-0.0118659384688,0.0,-0.00857194402583,0.00844494562827,-0.999927599714,0.0,0.661685084579,0.260914558958,0.303250969612,1.0,-0.00016,-0.000210285714286,0.009
0.465100349547,0.547769668345,-0.123991218742,-1.3557645496,0.0794955920474,1.89409197851,0.159175487747,0.000770392407744,-0.00126196743671,-0.00329634923301,0.000416845920521,-0.000342524043793,0.000144527833508,0.00271477923975,0.573794160604,0.818985351705,0.00200046280415,0.0,0.818942975649,-0.573735494447,-0.0118630496851,0.0,-0.00856809236487,0.00844537619741,-0.999927629088,0.0,0.661685287148,0.260913552628,0.303254455071,1.0,-0.00048,-0.000630857142857,0.025
0.465097130171,0.547753754517,-0.123991359768,-1.35578535179,0.0794949261215,1.89409562886,0.159169574456,0.000398854761864,-0.00369373156766,-0.00135175949583,-0.00309858262853,-0.000120734357042,0.000663292736987,0.0018895656903,0.573793009726,0.818986159234,0.00199996842341,0.0,0.818943766498,-0.573734335622,-0.0118644992583,0.0,-0.00856957511503,0.00844579101953,-0.999927612878,0.0,0.661682576964,0.260909220193,0.303256148248,1.0,-0.00082,-0.00107771428571,0.042
0.465096616619,0.547667332809,-0.123986047134,-1.35588330429,0.0794919254662,1.89411353507,0.159171094158,-0.0013760975714,-0.00635798261727,0.000495890193955,-0.00711925921936,-0.000116825187318,0.00175779051178,-4.50076442202e-05,0.573795487029,0.818984400176,0.00200953606312,0.0,0.818942055441,-0.573736698238,-0.011868353976,0.0,-0.00856721712178,0.00845586434553,-0.99992754795,0.0,0.661665061268,0.260902193406,0.303272122579,1.0,-0.00118,-0.00155085714286,0.06
0.465096012201,0.547549840271,-0.123988552825,-1.35603694192,0.0794894550067,1.89414419716,0.159165997251,-8.49550106954e-05,-0.00897778416805,-0.000791816673797,-0.0141379291059,0.000189909382136,0.00250181760966,-0.000111286797258,0.57380129638,0.818980330392,0.00200937942207,0.0,0.818937900357,-0.573742425346,-0.0118781992587,0.0,-0.0085753104316,0.00846144600729,-0.999927431358,0.0,0.661639930405,0.260885329265,0.303284968928,1.0,-0.00148,-0.00194514285714,0.075
0.465078011873,0.547384368999,-0.123986048112,-1.35625173948,0.0794868901827,1.89422434014,0.159161114221,-0.00153304058022,-0.016519965982,0.000633447908031,-0.011374618405,-2.60121746461e-07,0.0128262318002,-0.000218615811933,0.57382159648,0.818966025567,0.00204237141089,0.0,0.818923921187,-0.573762486026,-0.0118729877301,0.0,-0.00855190212541,0.00848568695435,-0.99992742641,0.0,0.661615304984,0.260856577272,0.303306820094,1.0,-0.00184,-0.00241828571429,0.093
0.465067006313,0.547200131612,-0.123988257901,-1.35646022135,0.0794861794475,1.89435091302,0.159148494898,-0.00191039206566,-0.0146226011496,0.000265537568124,-0.0165735453811,-0.000638504968103,0.00638312430873,-0.000684929845685,0.573833554477,0.818957411554,0.00213464734518,0.0,0.818916481616,-0.573774046877,-0.0118273483575,0.0,-0.00846145225969,0.00853519157033,-0.999927774557,0.0,0.661601037435,0.260834187284,0.303349157275,1.0,-0.00218,-0.00286514285714,0.11
0.465049873465,0.547023925139,-0.12399100812,-1.35668117765,0.0794829721526,1.89445836898,0.159136036107,0.000124340466863,-0.0130452662821,-0.00143840182313,-0.0178346599301,0.00010269609987,0.00523535713809,0.000291287165546,0.573850936886,0.818945078569,0.00219258373484,0.0,0.818904862588,-0.573791160033,-0.0118015930675,0.0,-0.00840693325676,0.00856803768192,-0.999927953506,0.0,0.661581733297,0.260804132825,0.303378214351,1.0,-0.00248,-0.00325942857143,0.125
0.46501135745,0.546783348804,-0.123985760181,-1.35703595918,0.0794760414962,1.89459793232,0.159105381858,-0.00443729905958,-0.0149292184037,0.000450292096036,-0.0227210960478,-0.00428749643319,0.0077252910636,-0.00438646855443,0.57387176344,0.818930402199,0.00222314688391,0.0,0.818890440728,-0.573811719401,-0.0118026972944,0.0,-0.00839008144144,0.00859391390072,-0.999927872987,0.0,0.661543768085,0.260751090736,0.303391672608,1.0,-0.00284,-0.00373257142857,0.143
0.464974022088,0.546520922678,-0.123990920744,-1.35743033782,0.079468226941,1.89473255111,0.158980285337,-0.000812331858149,-0.0169098542434,-0.00198271963612,-0.0229096135846,-1.7252510241e-05,0.00554141875729,-0.0144233757198,0.57382340842,0.818964254604,0.00223439706923,0.0,0.818924299815,-0.573763183636,-0.0118130088798,0.0,-0.00839257881904,0.00860854881576,-0.999927726142,0.0,0.661498413811,0.260687909314,0.303401655977,1.0,-0.00318,-0.00417942857143,0.16
0.464926794395,0.546240240198,-0.123990775241,-1.35789216428,0.0794524396856,1.89489863065,0.15893075537,-0.00109977207573,-0.00830922675081,-0.000433097325782,-0.0299803489916,-0.00325858578065,0.0138420336781,-0.00110333539758,0.573843071054,0.818950495496,0.00222769641532,0.0,0.81891033558,-0.573782749021,-0.0118307273112,0.0,-0.008410728153,0.00861343034731,-0.999927531609,0.0,0.661446112371,0.260614332564,0.303394991044,1.0,-0.00352,-0.00462628571429,0.177
0.464879282025,0.545952312963,-0.123988208578,-1.35836841224,0.0794361619199,1.89506780326,0.158910024528,-8.0736964686e-05,-0.0183930183717,9.15832122607e-05,-0.0267347054121,-0.000873009143986,0.0133107789044,0.000800041877967,0.573885509029,0.818920783673,0.00221799366228,0.0,0.818880363047,-0.573825082241,-0.0118521267243,0.0,-0.00843337487821,0.00861820116076,-0.999927299756,0.0,0.661390814673,0.260540484822,0.303386762058,1.0,-0.00384,-0.00504685714286,0.193
0.464812147911,0.54558663656,-0.123991749099,-1.35899772518,0.0793534462347,1.89526678376,0.158800494507,-0.00315684448419,-0.0229594185135,-0.000772717413735,-0.0361955369216,-0.0060648764444,0.0100067356645,-0.0117892102882,0.573866309743,0.818934451273,0.00213774690459,0.0,0.818893345968,-0.573806568248,-0.0118514583892,0.0,-0.00847907760616,0.00855190405707,-0.999927482461,0.0,0.661318540196,0.260424235697,0.303363371255,1.0,-0.0042,-0.00552,0.211
0.464754574392,0.545229839287,-0.123989483136,-1.35964378346,0.0793033546897,1.89547828153,0.158737962622,-0.00364517969493,-0.0226214859549,0.00117610191205,-0.0372753442036,-0.000257362741114,0.0119216944893,-0.00128579718572,0.573883349166,0.818922697521,0.00206493017869,0.0,0.818880686951,-0.573823940896,-0.0118849608555,0.0,-0.00854812240875,0.00851167645984,-0.999927237836,0.0,0.661238954072,0.260321704669,0.303326655576,1.0,-0.00452,-0.00594057142857,0.227
0.464685739859,0.544795256586,-0.12399457049,-1.36035195697,0.0792873159897,1.89571951267,0.158648567395,-0.00164252559487,-0.0299055463939,-0.000271139839291,-0.0436417676417,-0.000649847562034,0.0101366693745,-0.00433615003645,0.573905227572,0.818907400584,0.00205083791684,0.0,0.81886495503,-0.57384562422,-0.0119219079587,0.0,-0.00858623960364,0.0085215686653,-0.999926827001,0.0,0.661155710907,0.260208661389,0.303318289341,1.0,-0.00486,-0.00638742857143,0.244
0.464614093172,0.544353677972,-0.123995636017,-1.36108551836,0.0792602307558,1.89598111688,0.158556371284,-0.000853758881671,-0.0285177345946,0.000414918377945,-0.0475989216159,-0.00124858909996,0.0158967283514,-0.00348677500771,0.573922842158,0.81889509906,0.00203344188667,0.0,0.818852253902,-0.573863137286,-0.0119512696291,0.0,-0.00862008474955,0.00852435922532,-0.999926512019,0.0,0.661071212725,0.260092765588,0.303304366715,1.0,-0.0052,-0.00683428571429,0.261
0.464556776814,0.543882531297,-0.123995987607,-1.36184198758,0.0792182364734,1.89625317891,0.158458088538,-0.0060346285933,-0.0358251343909,-8.06807998181e-06,-0.0505196061911,-0.00389647372907,0.0196269722072,-0.00405957217409,0.573920494701,0.818896768381,0.00202370890749,0.0,0.818853745247,-0.573860780221,-0.0119622623637,0.0,-0.00863469706428,0.0085226732396,-0.999926400315,0.0,0.660981158343,0.259982729834,0.303301274823,1.0,-0.00552,-0.00725485714286,0.277
0.464471984167,0.543328041979,-0.124001371676,-1.36273740961,0.0791630276565,1.89656297247,0.158341660223,-0.00528334987136,-0.0312536058061,-0.000479258088074,-0.0483027306612,-0.00027771740278,0.0214861863926,-0.00380697115706,0.573933399798,0.818887793668,0.0019952139941,0.0,0.81884439688,-0.573873801187,-0.0119775169065,0.0,-0.00866340815169,0.00850823060876,-0.999926274968,0.0,0.660877755673,0.259836643928,0.303294378404,1.0,-0.00588,-0.007728,0.295
0.464406767458,0.542805555107,-0.12401051057,-1.36357846606,0.0791170012686,1.89685933136,0.158243736821,-0.00630936232633,-0.0342193340925,-0.00137778705419,-0.056292120322,-0.00373608855243,0.0265142765068,-0.00604857713194,0.573947471796,0.818877976583,0.00197635729592,0.0,0.818834307183,-0.573887924949,-0.011990574581,0.0,-0.00868477707229,0.00850043278296,-0.999926155918,0.0,0.660778480129,0.259707934346,0.30328962738,1.0,-0.0062,-0.00814857142857,0.311
0.464341746852,0.542213852002,-0.124002956037,-1.36450093341,0.0790681747765,1.89719509854,0.158108628389,-0.00544647744776,-0.030203694227,0.00063889138081,-0.0592691578198,-0.00223058556679,0.0181636258601,-0.0155334757892,0.573923000608,0.818895103641,0.00198632993825,0.0,0.818851444314,-0.573863296968,-0.0119989766088,0.0,-0.0086861885825,0.00851316170314,-0.999926035367,0.0,0.660666278238,0.25958250288,0.303297881699,1.0,-0.00654,-0.00859542857143,0.328
0.464250015544,0.541574972959,-0.124008417831,-1.36546386659,0.0790134779378,1.89754250397,0.157985450072,-0.0045379518437,-0.0399478751186,-0.000154228078479,-0.0576862414171,-0.00340772180879,0.0215350108138,-0.00855619355759,0.573939852082,0.818883241706,0.00200737293953,0.0,0.818839835444,-0.573880036206,-0.0119906144537,0.0,-0.00866708884696,0.00852577256093,-0.999926093656,0.0,0.660558402547,0.259427547489,0.303321576959,1.0,-0.00688,-0.00904228571429,0.345
0.464177776643,0.540905212208,-0.124008055196,-1.36648419488,0.0789497525014,1.89792675222,0.157848765623,-0.000878244655357,-0.0422243626769,9.82982188996e-05,-0.0619086577972,-0.00482312469223,0.0249722938321,-0.00873470303651,0.573926418982,0.818892588845,0.00203480466427,0.0,0.818849558723,-0.573866507536,-0.01197408068,0.0,-0.00863794598814,0.00853860454132,-0.99992623634,0.0,0.66043938688,0.259283483281,0.303342686183,1.0,-0.00722,-0.00948914285714,0.362
0.464086088958,0.540245409959,-0.124006941659,-1.36749436015,0.0788900847075,1.89829628173,0.1577276467,-0.00305082316037,-0.0407931050046,-0.000305358598486,-0.0667349043681,-0.00859167736948,0.022088566529,-0.00817097613718,0.57394150875,0.81888196954,0.00205216891933,0.0,0.818839135417,-0.573881492709,-0.0119686898548,0.0,-0.00862340858569,0.00854988874848,-0.999926265395,0.0,0.660323981606,0.259127750933,0.303360199178,1.0,-0.00754,-0.00990971428571,0.378
0.463986978135,0.539501485521,-0.12400840158,-1.36864262971,0.0788226201018,1.89874296422,0.157583915226,-0.00227526565348,-0.0410944435736,0.00554774878429,-0.0665725468585,-0.00501470760678,0.0241455380631,-0.012444086865,0.573951635897,0.818874781606,0.00208772683582,0.0,0.818832423082,-0.573891482951,-0.0119488747122,0.0,-0.00858666884058,0.00856773956745,-0.999926428772,0.0,0.660197016492,0.258954317384,0.303378095749,1.0,-0.00788,-0.0103565714286,0.395
0.463881831258,0.53875951525,-0.124016491134,-1.3698050889,0.0787515404455,1.89919785079,0.157434387065,-0.00619131163251,-0.0453645705317,5.53877578766e-05,-0.0701334642633,-0.000302659992917,0.0303117839979,-0.0126462188238,0.57396127966,0.818867965458,0.002109857479,0.0,0.818825942337,-0.573901081447,-0.0119319642682,0.0,-0.00856001862224,0.00857625663822,-0.999926584257,0.0,0.660061815412,0.258764237485,0.303385917149,1.0,-0.00824,-0.0108297142857,0.413
0.463762235593,0.537971722118,-0.124022465645,-1.371039465,0.0786787870433,1.89966702058,0.157283859483,-0.00505367625732,-0.0450345651093,-0.00158179618385,-0.0754302022835,-0.00164945276493,0.0305064765205,-0.00944738470429,0.5739939853,0.818844986694,0.00213061180815,0.0,0.818803278822,-0.573933743298,-0.0119161988676,0.0,-0.00853485401499,0.00858454369112,-0.999926728254,0.0,0.659936285215,0.258572800365,0.303398404601,1.0,-0.00856,-0.0112502857143,0.429
0.463657184034,0.537217386138,-0.124023586245,-1.3722335354,0.0786218277085,1.90010043576,0.157148123696,-0.0106219052655,-0.048522435922,-5.03137024577e-05,-0.0784709962167,-0.00157587295591,0.0317640776428,-0.00765387797408,0.574020183601,0.818826615995,0.00213275814821,0.0,0.818784781131,-0.573959773718,-0.0119334506094,0.0,-0.00854747416084,0.00859647693219,-0.999926517935,0.0,0.659796477044,0.258391177443,0.303400337178,1.0,-0.00888,-0.0116708571429,0.445
0.463522686787,0.536279398582,-0.12403538221,-1.37371074522,0.0785370492965,1.90065907551,0.156951222153,-0.0088654643692,-0.0490457600181,-0.000856651377518,-0.0815896814604,-0.00536207003282,0.0316113439379,-0.00522870019155,0.574036056483,0.818815449333,0.00214771792364,0.0,0.818773827826,-0.573975602174,-0.0119236688328,0.0,-0.00853071080708,0.00860327670073,-0.999926602608,0.0,0.659632127278,0.258156744705,0.30340819111,1.0,-0.00926,-0.0121702857143,0.464
0.463413252123,0.535506825535,-0.124036819859,-1.3749200565,0.0784468233709,1.90110419898,0.156803950159,-0.0032804951933,-0.0531774519818,0.00161267434098,-0.0804053322281,-0.00694443775385,0.0349203123871,-0.00860822535726,0.574048286243,0.818806883684,0.002144573214,0.0,0.818765365964,-0.573987989147,-0.0119084303534,0.0,-0.00851990951525,0.00859208173283,-0.999926790957,0.0,0.659494082041,0.257965937329,0.30341641668,1.0,-0.00956,-0.0125645714286,0.479
0.463297902135,0.534613643075,-0.124037149753,-1.3763634097,0.0783824909553,1.90162026444,0.156623954917,-0.00447235384762,-0.0488101597214,-0.00191648710995,-0.0792557472873,-0.000321753330931,0.0205374629294,-0.0138359487858,0.574057487079,0.818800477753,0.00212745428024,0.0,0.81875848576,-0.573997005791,-0.0119468088032,0.0,-0.00856106519594,0.00860019186556,-0.999926369721,0.0,0.659318528897,0.257754673896,0.303404392574,1.0,-0.0099,-0.0130114285714,0.496
0.463168995957,0.533642401017,-0.124045331894,-1.37793260343,0.0782894427846,1.90219792261,0.156434448127,-0.00737531221065,-0.0529485427124,0.00052892139974,-0.0837563237705,-0.00249618967724,0.0308520700684,-0.0164915650887,0.574074627382,0.818788511502,0.00210773112229,0.0,0.818746258956,-0.574014221711,-0.0119575758252,0.0,-0.00858102328263,0.00859040324937,-0.999926282789,0.0,0.659134547987,0.257515559736,0.303392905828,1.0,-0.01026,-0.0134845714286,0.514
0.463051720529,0.532815035562,-0.12404958185,-1.37927187631,0.0782104668352,1.90271874103,0.156256655436,-0.0069333071526,-0.0540271126068,-0.00221844633457,-0.0881495980987,-0.00313657879016,0.0355564519385,-0.0171908908031,0.574080309144,0.818784513951,0.00211311789304,0.0,0.818742349538,-0.574019898475,-0.011952745653,0.0,-0.00857391639586,0.00859210045273,-0.99992632917,0.0,0.658983915554,0.257310229819,0.303384158366,1.0,-0.01056,-0.0138788571429,0.529
0.462925067264,0.531834306395,-0.124041790381,-1.38082159093,0.0781245997437,1.90328735122,0.156076033104,-0.00866903959338,-0.0643731277668,0.000727482414495,-0.0952775632569,-0.0023899682609,0.027173075613,-0.0101469459902,0.574092132249,0.818776211041,0.00211821237796,0.0,0.818733976959,-0.574031562655,-0.0119660749791,0.0,-0.00858178199695,0.00860404759822,-0.999926158965,0.0,0.658797506118,0.257084908465,0.303386936951,1.0,-0.0109,-0.0143257142857,0.546
0.462788565772,0.53076959232,-0.124038559138,-1.38255249874,0.0780117819918,1.90389189616,0.155844846921,-0.00917716531482,-0.0622943287519,0.00184410944043,-0.0971500975642,-0.0169592172972,0.0357412304415,-0.00892828932157,0.574076061203,0.818787622768,0.00206195458681,0.0,0.818744627582,-0.574015700922,-0.0119981999355,0.0,-0.00864054965262,0.00857625872032,-0.999925891598,0.0,0.658582799609,0.256828173525,0.303365680663,1.0,-0.01126,-0.0147988571429,0.564
0.462658140194,0.529808763381,-0.124046768386,-1.3840901312,0.077919813666,1.90445497065,0.155644312956,-0.0100687150611,-0.0569633770166,0.000984226213599,-0.0995120212822,-0.00489409477724,0.0333369288945,-0.0129458365851,0.574083287834,0.818782590748,0.00204807693584,0.0,0.818739411915,-0.574022982538,-0.0120057401697,0.0,-0.00865461443699,0.00856930108112,-0.999925829613,0.0,0.658401657376,0.256590934871,0.303359781964,1.0,-0.01158,-0.0152194285714,0.58
0.462517430077,0.528727122987,-0.124049250917,-1.38576913569,0.0778060649684,1.90508323108,0.155422296499,-0.00350006323717,-0.0668334687872,0.000464290049585,-0.108291484999,-0.00363901612733,0.045849247031,-0.0126625300381,0.574078912889,0.818785611693,0.0020665821633,0.0,0.818742784357,-0.574018639594,-0.0119833785912,0.0,-0.00862572735991,0.00857156921812,-0.999926059781,0.0,0.658205746902,0.256335995916,0.303376877398,1.0,-0.01192,-0.0156662857143,0.597
0.462391651731,0.527756054059,-0.124044524824,-1.38727960525,0.0777231726771,1.90567083295,0.155201881363,-0.00816110827785,-0.0694461719704,0.000719042471015,-0.104945136685,-0.00352674153426,0.0342191878177,-0.0112243371542,0.574055014023,0.818802244027,0.00211493582196,0.0,0.818759997954,-0.573994493447,-0.0119638682658,0.0,-0.00858224590235,0.00859970898542,-0.999926192307,0.0,0.658005909195,0.256083857556,0.303395497409,1.0,-0.01226,-0.0161131428571,0.614
0.462242147306,0.526598375876,-0.124047703721,-1.38905627851,0.0776078654642,1.90634359287,0.154960076002,-0.0062091595959,-0.0735926133253,0.00074942765005,-0.108887028087,-0.00301158787184,0.0400936805602,-0.00948191878494,0.574049379582,0.818806096129,0.00215259049856,0.0,0.818764394256,-0.57398875863,-0.0119381139959,0.0,-0.00853960218183,0.00861569726723,-0.999926419771,0.0,0.657824277415,0.255846949321,0.303419874722,1.0,-0.01256,-0.0165074285714,0.629
0.462079561326,0.525341870937,-0.124053161964,-1.3910071812,0.0774853791272,1.90705059685,0.154691585288,-0.0107103351792,-0.0679076913237,0.000690325909457,-0.10791765737,-0.00455021558958,0.0437866467108,-0.0199218412034,0.574038516512,0.818813691833,0.00216021505222,0.0,0.818772104202,-0.573977880854,-0.0119323330632,0.0,-0.00853060627038,0.00861850852695,-0.999926472331,0.0,0.657590124095,0.255549940095,0.303436699233,1.0,-0.01292,-0.0169805714286,0.647
0.461911292649,0.524098664652,-0.12406725915,-1.39299287736,0.0773616458719,1.90775555759,0.154427636755,-0.00785249307208,-0.0714136094237,-0.0010823501607,-0.112406106323,-0.00319094542802,0.0379678379344,-0.0171350298022,0.574043372928,0.818810384028,0.00212318320322,0.0,0.818768333505,-0.573982908093,-0.0119492329388,0.0,-0.0085656500574,0.00859793869011,-0.999926349833,0.0,0.657349842575,0.255239570959,0.303427387249,1.0,-0.01328,-0.0174537142857,0.665
0.461775024216,0.52303829865,-0.124069397278,-1.39469133778,0.0772513242627,1.90839664959,0.154189316109,-0.012920494998,-0.0712635902196,-0.00155304114487,-0.112818830869,-0.0133791434148,0.0403661783979,-0.0152612692069,0.574022757439,0.818824845525,0.00211971566455,0.0,0.818782811322,-0.573962371174,-0.011943670357,0.0,-0.00856330187614,0.00859169075998,-0.999926423649,0.0,0.657147343853,0.254986742059,0.303420018736,1.0,-0.01358,-0.017848,0.68
0.461605823217,0.521725353152,-0.124066639112,-1.39676453418,0.0771279295044,1.90921075032,0.153916487132,-0.00372871789416,-0.0730334760919,0.00165405029724,-0.11739873632,-0.00795907477712,0.0404070136448,-0.0144086516966,0.574013938337,0.81883091035,0.00216465964351,0.0,0.818789460514,-0.573953368448,-0.0119204487852,0.0,-0.0085185822457,0.00861507012242,-0.999926604468,0.0,0.656905190956,0.254683583151,0.303426343153,1.0,-0.01394,-0.0183211428571,0.698
0.461436281662,0.520465238978,-0.1240777726,-1.3987984542,0.0769989325907,1.90995258826,0.153636021937,-0.00569839110846,-0.0812807633707,0.00132301878008,-0.122801004137,-0.01179143904,0.0483428731545,-0.0158788969358,0.574004688922,0.818837482993,0.00213083122413,0.0,0.818795638096,-0.573944304017,-0.0119325531037,0.0,-0.00854800788088,0.0085942222096,-0.999926532754,0.0,0.65665927985,0.254370369952,0.303408058384,1.0,-0.01428,-0.018768,0.715
0.461268306327,0.519217557756,-0.124087208137,-1.40073927813,0.0768766488059,1.91064294241,0.153379451655,-0.0112686460266,-0.0817513481608,-0.00101128520372,-0.122717541819,-0.00737393421102,0.045555464353,-0.0172416406035,0.574008886405,0.818834556181,0.00212481383678,0.0,0.818792646289,-0.573948539068,-0.0119341437197,0.0,-0.00855272014505,0.00859025187998,-0.999926526576,0.0,0.656422905933,0.254067717356,0.303420432597,1.0,-0.0146,-0.0191885714286,0.731
0.461091868486,0.517857888316,-0.124085114535,-1.40285357291,0.0767400905629,1.91139809047,0.153086953527,-0.0129515950416,-0.0804886611934,0.00138442845943,-0.129607706735,-0.013546048409,0.0462053163345,-0.0210574631023,0.573987440894,0.818849595318,0.00212246185578,0.0,0.818807641064,-0.573927092105,-0.0119367828221,0.0,-0.00855645616061,0.00858961678671,-0.99992650007,0.0,0.656160995444,0.253749261955,0.303433706416,1.0,-0.01494,-0.0196354285714,0.748
0.460917984284,0.516520690612,-0.124093300778,-1.40498713234,0.0765985301571,1.91219442079,0.152800377615,-0.0127309956587,-0.0816596321983,0.000723287272765,-0.129976307396,-0.0120382427815,0.0494487399853,-0.0168147973238,0.573975669506,0.818857867325,0.00211443550057,0.0,0.818815909389,-0.573915456295,-0.0119290593856,0.0,-0.0085548616202,0.00857848843718,-0.999926609246,0.0,0.655888123876,0.253404693171,0.303427915409,1.0,-0.0153,-0.0201085714286,0.766
0.460738600282,0.515213774484,-0.124102232048,-1.40704343131,0.0764790113341,1.91296933063,0.15252164068,-0.0152183440498,-0.0760028156824,-0.00136827471108,-0.127838400868,-0.00453307771327,0.0457482486923,-0.0153962087276,0.573977065662,0.818856837533,0.00213415579577,0.0,0.818815123667,-0.573916758877,-0.0119203202523,0.0,-0.00853637231854,0.00858963485908,-0.999926671572,0.0,0.655658531167,0.253109430157,0.30343075285,1.0,-0.0156,-0.0205028571429,0.781
0.460555575189,0.513802646584,-0.124095424268,-1.40930005886,0.0763382334426,1.91375898298,0.152211343377,-0.0100038439785,-0.0831154441687,-8.6601430679e-05,-0.136050234105,-0.0102095684515,0.0496272208098,-0.0163874657442,0.573948424491,0.81887703363,0.00208727540486,0.0,0.8188345912,-0.573888195977,-0.0119581634741,0.0,-0.00859456818883,0.00857266743905,-0.999926318671,0.0,0.655369523517,0.252775041242,0.303414006286,1.0,-0.01594,-0.0209497142857,0.798
0.460346274109,0.512316341349,-0.124100417139,-1.41169545375,0.0761951557527,1.91461212096,0.151864569029,-0.0106810345822,-0.0860991878612,-0.000397539482602,-0.133291038551,-0.0121123457982,0.0464308520849,-0.0155973806773,0.573926282786,0.818892670631,0.00204029792,0.0,0.818849508705,-0.573866147141,-0.0119947555873,0.0,-0.00865172610258,0.00855496714615,-0.999925977347,0.0,0.655070679436,0.252405048666,0.303389332173,1.0,-0.0163,-0.0214228571429,0.816
0.46017652678,0.511043143603,-0.124101091536,-1.41373025752,0.0760691396537,1.91538355657,0.151575429051,-0.0102860822872,-0.08584354224,0.00079766014228,-0.13259694757,-0.00732524387185,0.0535943234645,-0.0220554102955,0.573901512086,0.818910017201,0.00204574057455,0.0,0.818866929225,-0.57384135956,-0.0119913794888,0.0,-0.008646096695,0.008557224876,-0.99992600672,0.0,0.65482307327,0.252100707544,0.303379349185,1.0,-0.0166,-0.0218171428571,0.831
0.459961685225,0.509477078765,-0.124109583994,-1.41622623356,0.0759123926989,1.91631627101,0.151233328682,-0.0144187316674,-0.0921175889321,-0.00111891572418,-0.139812121086,-0.00987011073211,0.0497595830006,-0.0156308662112,0.573891191726,0.818917258583,0.00204219398865,0.0,0.818874164719,-0.573831095352,-0.0119884638066,0.0,-0.00864585196112,0.00855253834043,-0.999926048932,0.0,0.654519292147,0.251717458671,0.303368673795,1.0,-0.01696,-0.0222902857143,0.849
0.459748645628,0.507961019561,-0.12411349149,-1.41860715029,0.0757584780307,1.91716237368,0.150901128575,-0.0132159098507,-0.0904113104804,-0.000213610632714,-0.143408309797,-0.00737694313942,0.0508938872706,-0.0183341833204,0.57387817019,0.818926434298,0.0020218528264,0.0,0.818883069779,-0.573818155954,-0.0119995345107,0.0,-0.00866672701098,0.00854209641908,-0.999925957475,0.0,0.65422169125,0.251345801208,0.303369528184,1.0,-0.0173,-0.0227371428571,0.866
0.459547326456,0.506504160494,-0.124116213998,-1.4208812891,0.0756186365589,1.91799604573,0.150588345998,-0.0141968190677,-0.0961098261077,-0.000617168403009,-0.144847011923,-0.0106148823889,0.052486312544,-0.0240012948783,0.573868738872,0.818933011056,0.00203490775403,0.0,0.818889780992,-0.573808635309,-0.0119968134458,0.0,-0.00865710559307,0.00855112600335,-0.999925963643,0.0,0.653940696746,0.250995854469,0.303378184678,1.0,-0.01762,-0.0231577142857,0.882
0.459317948617,0.504899840804,-0.124119892922,-1.4233513475,0.0754729718719,1.91895236311,0.150253941135,-0.016623979377,-0.0984031882518,0.000726302914556,-0.149337739493,-0.00567630810656,0.0533422116658,-0.0154761087085,0.573873801338,0.818929266908,0.00211254356615,0.0,0.818887039263,-0.573813363102,-0.0119577653897,0.0,-0.0085805235177,0.0085923482552,-0.999926270366,0.0,0.653647747531,0.250613071577,0.303406786579,1.0,-0.01796,-0.0236045714286,0.899
0.459096705014,0.50324260916,-0.124130515157,-1.42582518894,0.0753110832654,1.91989885483,0.149899313889,-0.0112777596754,-0.0961977743368,-0.000431459426199,-0.147146191427,-0.0141042909326,0.0514275527929,-0.0253696986583,0.57385558092,0.818941763244,0.00221530184063,0.0,0.818901029353,-0.573794884444,-0.0118861941733,0.0,-0.00846313489247,0.00863523807496,-0.999926901334,0.0,0.653352653305,0.250228649715,0.303469196183,1.0,-0.0183,-0.0240514285714,0.916
0.458877757789,0.501640987164,-0.124128453897,-1.42819167143,0.0751570586731,1.92075690441,0.149574599156,-0.0149554491489,-0.0988891202784,0.00602312246161,-0.152252838193,-0.00499813876558,0.054056129423,-0.0199604958713,0.573846711749,0.818947764294,0.00229296183055,0.0,0.818908057437,-0.573785726831,-0.0118439879831,0.0,-0.00838410012848,0.00867452548804,-0.999927227088,0.0,0.653059337736,0.249860588291,0.303535159336,1.0,-0.01862,-0.024472,0.932
0.458641262024,0.499934430194,-0.124126988127,-1.43079855508,0.0749899559788,1.9216768688,0.149207042636,-0.0102402331278,-0.0959025769665,0.000750379539866,-0.149531666572,-0.00909691673131,0.0561866354325,-0.0227068752868,0.573825794119,0.818962376233,0.00230894343784,0.0,0.818922823499,-0.57376469387,-0.0118419644742,0.0,-0.00837349435598,0.00868623838474,-0.999927214279,0.0,0.652727382084,0.24945582663,0.303564779598,1.0,-0.01896,-0.0249188571429,0.949
0.458373490955,0.498148052256,-0.124132370206,-1.43358336371,0.074809486698,1.92271954043,0.148797593179,-0.0164957384738,-0.0954722698313,-0.000499260755978,-0.15249183382,-0.0132173365977,0.0602677887656,-0.0286223953004,0.573806426897,0.81897585883,0.00233965932914,0.0,0.818936775368,-0.573745282907,-0.0118175798223,0.0,-0.00833610457644,0.00869720376702,-0.99992743137,0.0,0.652387929287,0.24901279946,0.303575617233,1.0,-0.01932,-0.025392,0.967
0.458127768508,0.496576803314,-0.124129862653,-1.43609785643,0.0746539345962,1.92360748349,0.148432184708,-0.0157452418698,-0.0945421360756,0.000679528035288,-0.153329946613,-0.00874878266126,0.0556402460064,-0.0180393736263,0.573791747131,0.818986274151,0.00229359472505,0.0,0.81894646527,-0.573730652593,-0.0118563146503,0.0,-0.00839441498074,0.0086815539374,-0.99992707955,0.0,0.652067369022,0.248611740503,0.303550914438,1.0,-0.01964,-0.0258125714286,0.983
0.457854285839,0.494888035259,-0.124134502199,-1.43883583824,0.0744894960726,1.92454577804,0.148036926559,-0.0190348898832,-0.0984926882677,-0.00031693864863,-0.162207539781,-0.00767444397156,0.055218117702,-0.0248380996305,0.573788810395,0.818988582495,0.00220220572371,0.0,0.818947383965,-0.573727875431,-0.0119270344971,0.0,-0.00850480200882,0.00864725603848,-0.999926443948,0.0,0.651713607941,0.24816561322,0.303505769336,1.0,-0.01998,-0.0262594285714,1.0
0.457573894955,0.493105707387,-0.124148547536,-1.44168428732,0.0743017909738,1.92558902425,0.147649333609,-0.0177003147706,-0.112524354932,-0.0020903370111,-0.175068369161,-0.0056223073627,0.0702103575109,-0.0221918138534,0.573803381246,0.818978454869,0.00217187303904,0.0,0.818936949641,-0.573742657392,-0.0119324139839,0.0,-0.00852645791922,0.00862565264255,-0.999926446111,0.0,0.651360203589,0.247701052372,0.303481844565,1.0,-0.0226222857143,-0.0297321469388,1.017
0.457294273601,0.491219493882,-0.124164711328,-1.44468369419,0.0741220231473,1.92669062393,0.147211531779,-0.017963021673,-0.11872922514,0.000831847285196,-0.198279066827,-0.0173202891164,0.0720469927557,-0.0332922645346,0.573787166121,0.818989844906,0.00216074898952,0.0,0.818948136165,-0.573726430545,-0.0119448762313,0.0,-0.00854321801044,0.00862352406966,-0.999926321415,0.0,0.650982887443,0.247224562864,0.303462746841,1.0,-0.0252645714286,-0.0332048653061,1.033
0.456945554302,0.488997479828,-0.124182068447,-1.44826458162,0.0739167882886,1.92796164535,0.146698014406,-0.0283443581027,-0.136738770036,0.000257986724679,-0.220935930147,-0.0088199537147,0.0746786794635,-0.0273627290938,0.573787760437,0.818989608107,0.00209157507759,0.0,0.818946754998,-0.57372706886,-0.012008740046,0.0,-0.00863520632009,0.00860352232377,-0.999925703548,0.0,0.650523475418,0.246645557915,0.303414315809,1.0,-0.028072,-0.0368946285714,1.05
0.456516400854,0.48631643969,-0.124218946985,-1.45241646817,0.0736550636015,1.92955261666,0.146093069174,-0.0208678407375,-0.152424314023,-0.00572433769025,-0.233978620542,-0.0137970042704,0.0920906558798,-0.0371120069231,0.57380564883,0.818976842731,0.00218067490956,0.0,0.818935364549,-0.573744800119,-0.0119381710563,0.0,-0.0085260989034,0.00863618806422,-0.999926358235,0.0,0.650025372113,0.245953873995,0.303439859258,1.0,-0.0310445714286,-0.0408014367347,1.068
0.456092872663,0.483728492332,-0.124244793952,-1.45640272414,0.0734094519856,1.93097595221,0.145472657282,-0.0254584166931,-0.165116937205,-0.00278865907588,-0.253957440987,-0.0203697239633,0.0804214373736,-0.0417165126187,0.573792664224,0.818985886286,0.00220078346604,0.0,0.818944612144,-0.573731676519,-0.0119345087761,0.0,-0.00851169893631,0.00865041989622,-0.999926357897,0.0,0.649524131565,0.245282520713,0.303463062423,1.0,-0.0336868571429,-0.044274155102,1.084
0.455609392624,0.480722557131,-0.124297637062,-1.46109409019,0.0731217886644,1.93261510501,0.144773980889,-0.028431861531,-0.180582393914,-0.0067819202998,-0.282839390131,-0.0106996381785,0.100673235586,-0.0396164610223,0.573805987155,0.81897666966,0.00215651560172,0.0,0.818934765398,-0.573745125017,-0.0119636299865,0.0,-0.008560808352,0.00863101428653,-0.999926106346,0.0,0.648923599333,0.244486773165,0.303458472906,1.0,-0.0364942857143,-0.0479639183673,1.101
0.45507173132,0.477466041438,-0.124333328681,-1.46606204641,0.0728190911332,1.93442825029,0.144051125966,-0.0286550960829,-0.195954946186,-0.0064905518097,-0.29660710405,-0.0159894395506,0.109721934627,-0.0494070872832,0.573839645427,0.818952857633,0.00224169852903,0.0,0.818912036003,-0.573778404169,-0.0119233845872,0.0,-0.00847861491537,0.00867803176935,-0.999926399718,0.0,0.648302501852,0.243646210563,0.303508000543,1.0,-0.0393017142857,-0.0516536816327,1.118
0.454559801277,0.474435737646,-0.124354529595,-1.47071467651,0.072533990758,1.93615799119,0.143392009834,-0.0326931973709,-0.208907520469,-0.00130721519609,-0.31610946542,-0.0220487869355,0.116847023001,-0.0433564026483,0.573881967362,0.818922949766,0.00233169138865,0.0,0.818883275467,-0.573820337334,-0.011880594431,0.0,-0.00839148105921,0.00872761002074,-0.999926703248,0.0,0.647722080898,0.242862837943,0.303541070287,1.0,-0.0417788571429,-0.054909355102,1.133
0.453907565289,0.470579537991,-0.124375947544,-1.47666986792,0.0721679209397,1.93823523597,0.142491103016,-0.0384558860806,-0.222938867386,-0.000307615375469,-0.331157552796,-0.0211057955982,0.12157345083,-0.0515124153714,0.573879126467,0.818924975291,0.00231947235796,0.0,0.818884855395,-0.57381724771,-0.0119208530537,0.0,-0.00843149338026,0.00874067780879,-0.999926252516,0.0,0.64694356394,0.24185692506,0.303552750746,1.0,-0.0447514285714,-0.0588161632653,1.151
0.453269296065,0.466654275865,-0.124377846997,-1.48254952787,0.0717927572406,1.94047759113,0.14152662725,-0.0362328597548,-0.234751318652,-0.00034910578897,-0.354410127157,-0.0279477542646,0.135959084081,-0.0638739839393,0.573790556193,0.818986313684,0.00256174211228,0.0,0.818949433325,-0.573727849113,-0.0117867599597,0.0,-0.00818360985746,0.00886123941048,-0.999927250837,0.0,0.646205358713,0.240891454065,0.303657883339,1.0,-0.0475588571429,-0.0625059265306,1.168
0.452569060895,0.462540905639,-0.124381960328,-1.48891538902,0.071371583961,1.94265498786,0.140583494545,-0.0425717964789,-0.249661479328,0.00030973421679,-0.383364629126,-0.0287577300923,0.132103045731,-0.0593886999582,0.573777670864,0.818995547297,0.00249496021554,0.0,0.818957576457,-0.573714977679,-0.0118473310476,0.0,-0.0082716745863,0.00884117080583,-0.999926703863,0.0,0.645348786255,0.239819795833,0.303652342513,1.0,-0.0503662857143,-0.0661956897959,1.185
0.45182668716,0.458241285092,-0.124389376374,-1.49555484737,0.0709079996941,1.94498568064,0.139596558144,-0.0438105066986,-0.262990019347,0.00121732112299,-0.393364774783,-0.0272243047932,0.146232641895,-0.0685853260202,0.573763404752,0.819005623923,0.0024678433088,0.0,0.818967372994,-0.573700894662,-0.011852102663,0.0,-0.00829129445529,0.00882155577125,-0.99992671461,0.0,0.644464784219,0.238693912292,0.303654046335,1.0,-0.0531737142857,-0.0698854530612,1.202
0.451018363645,0.4537948257,-0.124403989701,-1.50252510785,0.0704406287684,1.94745656115,0.13847768726,-0.0467018193178,-0.270385830392,-0.00290130295396,-0.410981956238,-0.0311151211401,0.143958978018,-0.0726944842314,0.573712473781,0.819041465304,0.00241297357225,0.0,0.81900243679,-0.573650115345,-0.0118869928039,0.0,-0.00835189823601,0.0087961166354,-0.999926434358,0.0,0.643484300985,0.237421439546,0.303607919895,1.0,-0.0561462857143,-0.0737922612245,1.22
0.450215327976,0.449290844985,-0.124466114614,-1.50924585607,0.0699732883222,1.94999598313,0.137440015674,-0.0540896462077,-0.282998482177,-0.00432344937214,-0.428308561162,-0.0229398916284,0.154055447131,-0.0585727787004,0.573742630842,0.819019605365,0.00265075144855,0.0,0.818984262297,-0.573680023858,-0.0116942394841,0.0,-0.00805728338076,0.00888057842559,-0.999928105171,0.0,0.642691901615,0.236305875774,0.3037208542,1.0,-0.0586234285714,-0.0770479346939,1.235
0.449310694507,0.444350445462,-0.124505865953,-1.51685126555,0.0694719242149,1.95251336471,0.136303167527,-0.0602961852424,-0.294243970421,-0.00102666431499,-0.453643004927,-0.0309997842742,0.145732603643,-0.0690803842967,0.57378460788,0.818990598309,0.00252399356587,0.0,0.818953277129,-0.573722095872,-0.0117997241179,0.0,-0.00821595041909,0.00883770303144,-0.999927193932,0.0,0.64163898907,0.234962931802,0.30370506908,1.0,-0.0614308571429,-0.0807376979592,1.252
0.448362501727,0.439256798546,-0.124524754852,-1.52477600173,0.0689181582013,1.95521645581,0.135011320749,-0.0579762443256,-0.301755560721,-0.000184251090564,-0.474491446082,-0.0388122607883,0.160184652339,-0.0803402487668,0.573714663261,0.819039975162,0.00239815499924,0.0,0.819000915987,-0.573652533037,-0.0118750938442,0.0,-0.00835062965273,0.00877717559488,-0.999926611394,0.0,0.640543455839,0.233575033242,0.303651931525,1.0,-0.0642382857143,-0.0844274612245,1.269
0.447402366655,0.434228547158,-0.124532203301,-1.53231410199,0.0684249557854,1.95796527589,0.133796823269,-0.0564006061729,-0.314121678481,-0.000742509329382,-0.471593238379,-0.033186119693,0.176464227204,-0.0786132152458,0.57370647696,0.819045090135,0.00260106164721,0.0,0.819008606587,-0.573643511377,-0.0117801143053,0.0,-0.00815651968467,0.00888879088839,-0.999927227644,0.0,0.639541140534,0.23224462978,0.303734850186,1.0,-0.0668805714286,-0.0879001795918,1.285
0.446303401045,0.428778496965,-0.124570716108,-1.54069308918,0.0678215297887,1.96090913047,0.132449036971,-0.0678076880684,-0.328606314567,-0.00401356151838,-0.502881420458,-0.0355966723678,0.169664570325,-0.0804944689631,0.573724727092,0.819032371206,0.00258056979961,0.0,0.818995866243,-0.573662100902,-0.0117606108411,0.0,-0.00815210284451,0.0088609998454,-0.999927510323,0.0,0.638405413715,0.230712900968,0.303716939929,1.0,-0.069688,-0.0915899428571,1.302
0.445024537134,0.422395193737,-0.124678564069,-1.55053156746,0.0671043429278,1.96410529504,0.130821910562,-0.0674274272097,-0.340969872966,-0.00269880721504,-0.524963602349,-0.0377069845869,0.175278568669,-0.0890926092616,0.573737687519,0.819024029993,0.00233476253771,0.0,0.818984464617,-0.573676135439,-0.0118695090874,0.0,-0.0083821769999,0.00872228687381,-0.999926827733,0.0,0.63708747481,0.228968254469,0.303659393184,1.0,-0.0726605714286,-0.0954967510204,1.32
0.444030255776,0.417508371168,-0.124728723399,-1.55785432762,0.0665932970202,1.96669932022,0.129678211064,-0.0717197143516,-0.345120038885,-0.00273832927942,-0.518380308926,-0.0338740053971,0.199367279245,-0.0869314257825,0.573814645555,0.818969822136,0.00243513426012,0.0,0.818931727784,-0.573752871541,-0.0117989206324,0.0,-0.00826595380263,0.00876477091666,-0.999927423766,0.0,0.636015712612,0.227511217442,0.303711762503,1.0,-0.0751377142857,-0.0987524244898,1.335
0.442682145026,0.411058686112,-0.124738138278,-1.56749820347,0.0659420862529,1.97014921,0.128012730607,-0.0762974264067,-0.363101235688,0.000710466742163,-0.54876106598,-0.0432325799346,0.182124478035,-0.0971488880692,0.57377854636,0.818994442674,0.00265132193321,0.0,0.818959024919,-0.573715842302,-0.0117044733619,0.0,-0.00806494851693,0.00888727084416,-0.999927983918,0.0,0.634689083924,0.225739236917,0.303788226565,1.0,-0.0781102857143,-0.102659232653,1.353
0.441345859693,0.404855590333,-0.124807139349,-1.57704920658,0.06524682819,1.97326834199,0.126476597868,-0.0781688988226,-0.369511096675,-0.00707629215352,-0.567763778188,-0.0355385941342,0.185590415415,-0.100052463959,0.573856454852,0.818940541837,0.00243003323031,0.0,0.818902149624,-0.573794449622,-0.0118298700664,0.0,-0.0082937803031,0.00877877575229,-0.999927070493,0.0,0.633308912423,0.223924086051,0.303706279463,1.0,-0.0809177142857,-0.106348995918,1.37
0.440098744184,0.399148576294,-0.124864491102,-1.58552216679,0.0646614835624,1.97625382956,0.125020870853,-0.0827338688963,-0.388392718176,-0.00163447000358,-0.561806736023,-0.0419481282464,0.206098797235,-0.0989680479278,0.573894154524,0.818913550729,0.00261586267572,0.0,0.818877684953,-0.573831575969,-0.0117220479738,0.0,-0.00809843524631,0.00886945714782,-0.999927871437,0.0,0.632050977806,0.222200084828,0.303784884281,1.0,-0.08356,-0.109821714286,1.386
0.438556681102,0.392160402362,-0.124887260322,-1.59601821182,0.0638559396667,1.97982054891,0.123225568404,-0.0891318318392,-0.384381468826,-0.00155489754453,-0.590815750628,-0.0401261509874,0.190713118665,-0.106968500074,0.573892085368,0.8189150124,0.00261222488998,0.0,0.818879327138,-0.573829769545,-0.0116957287913,0.0,-0.00807899102717,0.00885135356218,-0.999928189144,0.0,0.630618706203,0.220305698486,0.303794709321,1.0,-0.0863674285714,-0.113511477551,1.403
