position_joint1,position_joint2,position_joint3,position_joint4,position_joint5,position_joint6,position_joint7,velocity_joint1,velocity_joint2,velocity_joint3,velocity_joint4,velocity_joint5,velocity_joint6,velocity_joint7,ee_T_00,ee_T_10,ee_T_20,ee_T_30,ee_T_01,ee_T_11,ee_T_21,ee_T_31,ee_T_02,ee_T_12,ee_T_22,ee_T_32,ee_T_03,ee_T_13,ee_T_23,ee_T_33,v_x,v_y,time
0.465064168855,0.547743049525,-0.123979268414,-1.35582025831,0.0794774740497,1.89410349236,0.159164460183,-0.000883917763822,0.000648568929119,0.000194775459622,0.00160346702754,6.61380394515e-05,0.000267102069437,0.000989067131209,0.573804685757,0.818978026177,0.00198044039759,0.0,0.818935451406,-0.573746160729,-0.0118666077991,0.0,-0.00858238619557,0.00843113033553,-0.999927626725,0.0,0.66168322606,0.260888106847,0.303247368266,1.0,0.0,0.0,0.0
0.465062041876,0.547740085374,-0.12398068998,-1.35582627211,0.0794740424606,1.89410268275,0.159160535833,-0.000851285740373,0.000315245248693,-0.000715675465536,-0.00454559298018,0.000197642809883,-0.000558855529273,0.000263715404397,0.573803615387,0.818978788665,0.0019752435088,0.0,0.818936177215,-0.573745142093,-0.0118657690375,0.0,-0.00858469206719,0.00842638177517,-0.999927646959,0.0,0.661682837825,0.260884589858,0.303246576186,1.0,-0.00018,-0.000236571428571,0.01
0.465061638169,0.547738458873,-0.123978883164,-1.35582633786,0.0794732072897,1.89410386742,0.159158109487,-0.00014153262283,0.000361605522042,0.000193013315922,0.00113911864711,-0.000159459585787,1.5806138762e-05,-0.000617918981923,0.573800484235,0.818980976769,0.00197759519961,0.0,0.818938395626,-0.573742001436,-0.0118645210017,0.0,-0.00858235280791,0.00842755879258,-0.99992765712,0.0,0.66168283965,0.260885327608,0.303247738671,1.0,-0.00054,-0.000709714285714,0.028
0.46506236349,0.547721572888,-0.123979545288,-1.35585275309,0.0794745692574,1.8941068704,0.159159700089,-0.000478436960565,0.000819605090576,-0.00117148171269,-3.27810596953e-05,0.0001794946082,-9.33738538603e-05,0.000237359606947,0.57380344927,0.818978908744,0.00197371219638,0.0,0.818936244703,-0.573744950198,-0.0118703889953,0.0,-0.00858935619166,0.00842777686473,-0.999927595147,0.0,0.661677714902,0.260882934018,0.303247413637,1.0,-0.00088,-0.00115657142857,0.045
0.465067250876,0.547617681272,-0.12397897134,-1.3559529869,0.0794734634492,1.89412358823,0.159158841934,0.00110569223349,-0.00651405373396,0.00208817179876,-0.00633929945781,0.000134249685134,0.00413553445478,0.00110978766317,0.573803453395,0.818978852525,0.00199571774576,0.0,0.818936401365,-0.573744792256,-0.0118672145052,0.0,-0.00857413013326,0.00844397714683,-0.99992758915,0.0,0.66165947479,0.260876926976,0.303274734072,1.0,-0.0012,-0.00157714285714,0.061
0.465061884398,0.547487329328,-0.123979208116,-1.35613492727,0.0794699149236,1.89415067057,0.159152563205,-0.000550679724522,-0.0103525453891,7.13340100615e-05,-0.0136682950521,-0.000154985757026,0.00148429776905,-0.00185167601531,0.573811819141,0.818973027707,0.00198065764532,0.0,0.818930260966,-0.573753101039,-0.0118892230173,0.0,-0.00860071009578,0.00844435975019,-0.999927357649,0.0,0.66162825734,0.260854613567,0.303282829211,1.0,-0.00154,-0.002024,0.078
0.46503854595,0.547332631281,-0.123979603683,-1.35634439787,0.0794672314946,1.89423434165,0.159150057855,-0.00297663855748,-0.00960831581267,0.00260159117416,-0.0150388807077,0.000171074666431,0.00501416034793,0.000667006212605,0.573840184415,0.818953079935,0.00201060095566,0.0,0.818910624967,-0.573781263324,-0.0118826375816,0.0,-0.00857784263886,0.00846540041151,-0.999927376169,0.0,0.661607332869,0.260821363524,0.303299984693,1.0,-0.00188,-0.00247085714286,0.095
0.46502111821,0.547159912187,-0.123978631642,-1.35653759962,0.0794605689784,1.89435784731,0.159138435955,-0.00208404240208,-0.0115185504878,-0.000119992831973,-0.0106668104603,-0.000514722902523,0.0120314592278,-0.000894849062819,0.573853582665,0.81894346643,0.00210032242901,0.0,0.818902201508,-0.573794320762,-0.0118325283409,0.0,-0.00848518206069,0.00851026129033,-0.999927785962,0.0,0.661596928401,0.260797057308,0.303341050831,1.0,-0.0022,-0.00289142857143,0.111
0.46499912896,0.546946204282,-0.123974209793,-1.35679442428,0.0794623219533,1.89448898368,0.159126131243,-0.00143146345211,-0.0113918131106,0.000273449600989,-0.0171151994552,5.85137335595e-05,0.00920370333454,0.000150929430961,0.573875497838,0.81892789175,0.00218357423152,0.0,0.818887611951,-0.573815807301,-0.011800219767,0.0,-0.00841072161799,0.00856012369028,-0.999927989429,0.0,0.66157203962,0.260764005639,0.303382144222,1.0,-0.00256,-0.00336457142857,0.129
0.46496076958,0.546715042126,-0.123978635026,-1.35714214939,0.0794521916201,1.89461271678,0.159099504769,-0.00248800333955,-0.0158617571387,-0.00028685916763,-0.0225872867163,0.000353091707607,0.00581641640204,-0.00381283751178,0.573902848258,0.818908690335,0.00219648744605,0.0,0.818868471092,-0.573842994733,-0.011806411349,0.0,-0.00840809580329,0.00857453250391,-0.999927888059,0.0,0.661537046003,0.260707176419,0.303390507637,1.0,-0.00288,-0.00378514285714,0.145
0.46493382129,0.546456411773,-0.123979661517,-1.35752195558,0.0794374541605,1.89475240512,0.1589908945,-0.00270388562126,-0.0230172299553,-0.000683869139127,-0.0263920136747,-0.00020463538064,0.0168829103063,-0.0120480211863,0.573854001332,0.818942864143,0.00221750453849,0.0,0.818902842435,-0.573793994807,-0.0118039432387,0.0,-0.00839452591708,0.00858982620947,-0.999927870809,0.0,0.661492669811,0.260654167349,0.303405026439,1.0,-0.0032,-0.00420571428571,0.161
0.464886161065,0.546152867479,-0.123977156008,-1.35800913826,0.0794198480919,1.89492817756,0.158923679256,-0.00280759983079,-0.0183695500843,-0.00295163517231,-0.0311252547953,6.32746442639e-05,0.0171373511261,-0.000264487746779,0.573858801371,0.818939500111,0.00221768996324,0.0,0.818899353251,-0.573798663027,-0.0118190716334,0.0,-0.00840675893552,0.00859870870928,-0.999927691692,0.0,0.661436747223,0.26057932904,0.30340323725,1.0,-0.00356,-0.00467885714286,0.179
0.464844054333,0.545846093598,-0.123974618783,-1.35853738629,0.0793803544243,1.89510425556,0.15888257098,-0.000296809987455,-0.0198381248755,0.000958921745058,-0.0312469522701,-0.00248659538001,0.00890615764522,-0.00231214199974,0.57387682056,0.818926988226,0.0021747828064,0.0,0.818886307054,-0.573816872554,-0.0118389101289,0.0,-0.00844743858663,0.00857514106267,-0.999927551244,0.0,0.661371266677,0.260499822905,0.303384153338,1.0,-0.0039,-0.00512571428571,0.196
0.464780557721,0.545520279789,-0.123982059176,-1.35909845094,0.0793163761753,1.8952927079,0.158789636098,0.000373961158695,-0.0258020123905,-0.00162093796857,-0.0337858308543,-0.00166730114172,0.0104802301255,-0.00489211981244,0.573872201931,0.81893037804,0.00211628827032,0.0,0.818889208309,-0.573812761319,-0.0118374982013,0.0,-0.00847989692518,0.00852638094361,-0.999927693474,0.0,0.661310398863,0.260393626155,0.303364268234,1.0,-0.00422,-0.00554628571429,0.212
0.464719954921,0.545136114347,-0.123977567593,-1.35979194601,0.0792902187,1.89551313648,0.158739350353,-0.00208656154503,-0.0230020175033,0.00131779989923,-0.0383653116613,-0.002882142465,0.0125639328125,-0.0011544267154,0.573909139368,0.818904662814,0.00204935906763,0.0,0.818862401749,-0.573849743851,-0.0118989657331,0.0,-0.008568259311,0.00850723206197,-0.999927103311,0.0,0.661221334816,0.260289593925,0.303325088883,1.0,-0.00456,-0.00599314285714,0.229
0.464642513542,0.544665170502,-0.123982858287,-1.3605851875,0.0792590706173,1.89578826899,0.158622640942,-0.00328082015688,-0.0276917093365,-0.000208388866211,-0.041745732942,-0.00484287273309,0.00917941794941,-0.00932061970662,0.573916604239,0.818899512415,0.00201664264807,0.0,0.818856663892,-0.57385718286,-0.0119350148954,0.0,-0.0086164789036,0.00850120816599,-0.999926740192,0.0,0.661129357126,0.260160978983,0.303304884692,1.0,-0.00494,-0.00649257142857,0.248
0.464580553136,0.54428752387,-0.123986046689,-1.36120680427,0.0792321198608,1.89600304713,0.158535646236,-0.00341756124688,-0.0264585930489,-5.0296086691e-05,-0.0445200904711,-0.00148171144452,0.00894817012771,-0.00598540647148,0.573925757953,0.818893145957,0.00199668807044,0.0,0.818849928546,-0.573866311448,-0.0119581774253,0.0,-0.00864680399144,0.00849825754417,-0.999926503499,0.0,0.661057517433,0.260059554527,0.303294991953,1.0,-0.00522,-0.00686057142857,0.262
0.464515363751,0.543780020088,-0.123986205473,-1.36201879675,0.0791936366867,1.89629604974,0.158452422824,-0.00393057597685,-0.0312474790589,-0.000658799648592,-0.0461594378896,-0.00155485888213,0.0113159460017,-0.00390789524496,0.573946071469,0.818878920115,0.00199201828033,0.0,0.818835529481,-0.573886531698,-0.0119737753083,0.0,-0.00866204650339,0.0085036003628,-0.999926326152,0.0,0.660961604498,0.25994030767,0.30329301001,1.0,-0.00556,-0.00730742857143,0.279
0.464432251227,0.543254312794,-0.123988532818,-1.36285775329,0.0791383402418,1.89659160664,0.158324647796,-0.0024332601317,-0.0306480331817,-0.00125669871398,-0.0509352686963,-0.00106177135036,0.0223685032366,-0.0138791627844,0.573943017554,0.818881104267,0.00197397466037,0.0,0.818837501903,-0.573883577368,-0.0119804843653,0.0,-0.00867792770399,0.0084926433378,-0.999926281573,0.0,0.660866447636,0.259802455523,0.303291277016,1.0,-0.0059,-0.00775428571429,0.296
0.464367656208,0.542733793074,-0.123995023929,-1.36369340268,0.0790861409203,1.89688974651,0.158230536308,-0.000606143837398,-0.0333424221877,-0.00201091177458,-0.0532633465221,-0.00557736780136,0.0228118586507,-0.00466292592961,0.573955906202,0.818872112631,0.00195647430805,0.0,0.81882830735,-0.573896563273,-0.011986853114,0.0,-0.00869305321996,0.0084821049944,-0.99992623964,0.0,0.660768277137,0.259675435725,0.303287755646,1.0,-0.00622,-0.00817485714286,0.312
0.464274150037,0.542097329413,-0.123995627118,-1.36466723992,0.07903597758,1.89725242127,0.15810508578,-0.00556574998829,-0.0339175280388,-0.00107883997712,-0.0536038513525,-0.00109335959089,0.0247342443843,-0.00430438006187,0.573957995017,0.818870582676,0.00198385604978,0.0,0.818827021045,-0.573898424876,-0.0119855927243,0.0,-0.00867628448109,0.00850382543357,-0.999926200797,0.0,0.660663823953,0.259539020114,0.303304046947,1.0,-0.00656,-0.00862171428571,0.329
0.464201901653,0.54147626016,-0.12399354962,-1.36563170942,0.078976682601,1.89760150469,0.157969795024,-0.00348422194704,-0.0345256116604,-0.000134372207868,-0.0602028561962,0.000159027346728,0.0248806677628,-0.00490526222265,0.573964996478,0.818865664408,0.00198830900423,0.0,0.818822205295,-0.573905450244,-0.0119781967752,0.0,-0.00866759956459,0.00850330094843,-0.999926280578,0.0,0.660540876172,0.259369419291,0.303317156821,1.0,-0.00694,-0.00912114285714,0.348
0.464125820753,0.540827845277,-0.12400696696,-1.36660095469,0.0789246622906,1.89796192017,0.157848020199,-0.00416956700866,-0.0423586418825,-0.00218889157562,-0.0614961761901,-0.00614036837767,0.022173301541,-0.00962551901459,0.573967284335,0.818863979006,0.00202170714641,0.0,0.818820928375,-0.573907571015,-0.0119638658938,0.0,-0.00863667207511,0.00852244782328,-0.99992638518,0.0,0.660436095682,0.259235287156,0.303344774706,1.0,-0.00724,-0.00951542857143,0.363
0.464017195826,0.540066063587,-0.124004909227,-1.36776312906,0.0788430525441,1.8983836902,0.15770674294,-0.0114357318768,-0.0474222592976,-0.000929990100282,-0.0649250679274,-0.00402725894944,0.0242531789731,-0.0048625777461,0.573981560097,0.818853941092,0.00203438656815,0.0,0.818811129766,-0.573921865277,-0.0119487752193,0.0,-0.00861688864748,0.00852431912543,-0.999926539909,0.0,0.660304032539,0.259052219582,0.303366461657,1.0,-0.0076,-0.00998857142857,0.381
0.463934823638,0.53936316877,-0.124010124482,-1.36884807137,0.0787945142467,1.89880157568,0.157573605174,-0.00632689932651,-0.048856099322,0.000791144263384,-0.0644944237289,-0.00205478538817,0.0246516461096,-0.00757278288994,0.573991000715,0.818847214871,0.00207766637251,0.0,0.818804833955,-0.573930992799,-0.011941787921,0.0,-0.0085862279673,0.00855584679482,-0.999926534389,0.0,0.66017428488,0.25888458689,0.303384788384,1.0,-0.00794,-0.0104354285714,0.398
0.463825502058,0.538652104184,-0.124005915465,-1.36994062525,0.078733289837,1.89922440646,0.157438279202,-0.00391919070623,-0.043546854351,0.000381683126747,-0.0690957912592,-0.00216936236953,0.0331548794222,-0.00577872988828,0.574010644013,0.818833362491,0.00210996015901,0.0,0.818791376337,-0.573950474913,-0.0119281718625,0.0,-0.00855633717522,0.00857467988445,-0.999926629288,0.0,0.660061323385,0.258724459326,0.303401946218,1.0,-0.00824,-0.0108297142857,0.413
0.463706636107,0.537831147395,-0.124013851179,-1.37123711357,0.0786510294127,1.89972234206,0.157268109945,-0.0100882220057,-0.0418202683774,-0.001513303366,-0.0704019315897,-0.00649640846098,0.0302036282112,-0.00542258666307,0.574023854695,0.818824066648,0.00212344527897,0.0,0.818782342499,-0.573963715585,-0.0119111588525,0.0,-0.008534527304,0.00857609393444,-0.999926803549,0.0,0.659919180142,0.258518765282,0.303408075672,1.0,-0.0086,-0.0113028571429,0.431
0.463613882132,0.537051710504,-0.124014730522,-1.37244813697,0.0785789208353,1.9001659257,0.157132071706,-0.00419829695474,-0.0496192329328,-0.000417111869478,-0.0759288254523,-0.0069369069652,0.0281054557562,-0.00638951119403,0.57404177711,0.818811464477,0.00213791389602,0.0,0.818769877934,-0.57398152587,-0.011909737574,0.0,-0.00852487071442,0.0085873117539,-0.999926789648,0.0,0.659767558454,0.258327514281,0.303422340244,1.0,-0.00894,-0.0117497142857,0.448
0.463494725635,0.53621087304,-0.124016207151,-1.37376831954,0.0785133154795,1.90066557555,0.156973951563,-0.00329157617371,-0.0499640639394,0.000693046485883,-0.0771726535139,-0.00256890956733,0.0291588890476,-0.0145199429168,0.574060675295,0.818798164691,0.00215719225648,0.0,0.818756740474,-0.574000254035,-0.0119102979323,0.0,-0.00851406510684,0.00860361502074,-0.999926741569,0.0,0.659626016161,0.25814011629,0.303429037359,1.0,-0.00926,-0.0121702857143,0.464
0.463384104487,0.535330641646,-0.124018693319,-1.37516943673,0.078427740223,1.90117209088,0.156805722983,-0.00464716804142,-0.0553850057092,0.0010151702603,-0.0829000217892,-0.00587759872168,0.028163638038,-0.00810131591802,0.574069207479,0.818792219294,0.00214325684086,0.0,0.818750599225,-0.574008827205,-0.0119192894275,0.0,-0.00852933731329,0.00859745538575,-0.999926664394,0.0,0.659458767234,0.257931481687,0.303427311361,1.0,-0.0096,-0.0126171428571,0.481
0.463263813996,0.534437888178,-0.124023732082,-1.37660850261,0.0783556951137,1.9016919057,0.156626380476,-0.00616971833136,-0.053108847907,-0.000984844858232,-0.0899921560176,-0.0025733987064,0.0327556927125,-0.0168010435617,0.574083978798,0.818781905305,0.00212690707056,0.0,0.818739924092,-0.574023514427,-0.0119452285316,0.0,-0.00855980710773,0.00859911361617,-0.999926389764,0.0,0.659287661934,0.257713747804,0.303417454172,1.0,-0.00994,-0.013064,0.498
0.463136350663,0.533578497814,-0.124021898031,-1.37799547248,0.0782691816257,1.90219954949,0.156442925561,-0.00968520026752,-0.057118314935,0.000891375662811,-0.0840725179144,-0.00234064760096,0.0298018769102,-0.00936205021713,0.574089548926,0.81877804884,0.00210795003933,0.0,0.818735806112,-0.57402914745,-0.0119567792216,0.0,-0.00858008879086,0.00859028155419,-0.999926291853,0.0,0.659126092941,0.257497886339,0.303407378409,1.0,-0.01026,-0.0134845714286,0.514
0.463011350441,0.532638974552,-0.124027520089,-1.37950999977,0.0781853356358,1.90278155835,0.156258096961,-0.00428611444452,-0.0589584202654,0.000487935854942,-0.090976014972,-0.00127130217268,0.037237731675,-0.013100857348,0.574101932597,0.818769322755,0.00212461891291,0.0,0.818727243661,-0.574041407033,-0.0119545137999,0.0,-0.00856853490845,0.00860275849191,-0.999926283661,0.0,0.658942153975,0.25725971079,0.303406775992,1.0,-0.01062,-0.0139577142857,0.532
0.462873016607,0.531656243841,-0.124025067061,-1.38107751444,0.0780960387701,1.90334885076,0.156063290373,-0.00647008287713,-0.0544606215589,0.00172941192413,-0.0936177605901,-0.00719026741701,0.0316973929328,-0.01020959161,0.574118493739,0.818757767057,0.002102601312,0.0,0.818715318811,-0.574057974936,-0.0119756026413,0.0,-0.00859826816978,0.00859701237265,-0.999926077849,0.0,0.658765906605,0.257031876815,0.30339537131,1.0,-0.01094,-0.0143782857143,0.548
0.462752956339,0.53071127345,-0.124025093368,-1.38261925249,0.0779990794482,1.90389253251,0.155866302579,-0.00930536833976,-0.0631072768418,0.000426542459267,-0.102964622099,-0.00886037716763,0.0330111950955,-0.00334511239237,0.574113267909,0.818761552607,0.00205486830212,0.0,0.818718447641,-0.574052915595,-0.0120041863579,0.0,-0.0086491296427,0.00857428632651,-0.999925834335,0.0,0.658575643467,0.256803401562,0.303374585472,1.0,-0.01126,-0.0147988571429,0.564
0.462602671541,0.529619992744,-0.124033036882,-1.38435213122,0.0778852799391,1.90452462858,0.155631566302,-0.00889443075933,-0.0587088328735,-0.000850519456036,-0.102345380128,-0.00974993075567,0.0343980103263,-0.00664561992941,0.574113198858,0.818761639541,0.00203946432333,0.0,0.818718413512,-0.574052990651,-0.0120029247028,0.0,-0.00865694038778,0.00856094931681,-0.999925881018,0.0,0.658372277755,0.256532953365,0.303373576248,1.0,-0.01162,-0.015272,0.582
0.462463480487,0.528529035335,-0.124031849508,-1.38603513359,0.0777900717591,1.90516436467,0.155398274885,-0.00836176215358,-0.0601106048977,-0.000379504289288,-0.0978569360942,-0.00584297590327,0.0371548491928,-0.0092851607743,0.57410105403,0.818770044679,0.0020834105267,0.0,0.818727328651,-0.574040599939,-0.0119874035052,0.0,-0.00861913061986,0.00858789146596,-0.999925976614,0.0,0.658175640941,0.256284566246,0.303396190067,1.0,-0.01196,-0.0157188571429,0.599
0.462331048742,0.527485258538,-0.124031478444,-1.38765907811,0.0776853916349,1.9057940194,0.155173871259,-0.00746364673605,-0.064609920529,-0.000263108950414,-0.103286691104,-0.00617798622232,0.0399535042847,-0.0162958935166,0.574085323958,0.818780978171,0.00212073164304,0.0,0.818738823272,-0.574024791285,-0.0119593126157,0.0,-0.00857487023578,0.00860215680536,-0.999926234529,0.0,0.657988074427,0.256044360152,0.303412575547,1.0,-0.01228,-0.0161394285714,0.615
0.462175530443,0.526321314244,-0.124037855303,-1.3894496639,0.0775748808589,1.90646926586,0.15491705167,-0.0158193792171,-0.0684296117758,-0.00285938621147,-0.104194745196,-0.00516300832352,0.0394503833162,-0.0132545478629,0.574073830902,0.818788935767,0.00215922198576,0.0,0.818747326885,-0.574013186458,-0.0119341271746,0.0,-0.00853227366903,0.00861909327887,-0.999926453064,0.0,0.657780980613,0.255769021675,0.303438113548,1.0,-0.01262,-0.0165862857143,0.632
0.462033843236,0.525142865453,-0.124041174584,-1.39128649152,0.0774544897313,1.90712734025,0.154685207698,-0.00890380337273,-0.0701814719122,-0.000706085315217,-0.109505773229,-0.00728532066586,0.0435285083399,-0.0173762383819,0.574068647138,0.818792584935,0.00215363155423,0.0,0.81875094276,-0.574008066071,-0.0119323390941,0.0,-0.0085340731951,0.00861343546168,-0.99992648646,0.0,0.657555715998,0.2554965641,0.303449941315,1.0,-0.01296,-0.0170331428571,0.649
0.461883560858,0.524038817611,-0.124043233341,-1.3930643887,0.0773477852573,1.90776319432,0.154433707568,-0.0139355397536,-0.0665076193142,0.00125380416945,-0.118347074288,-0.0101212521724,0.0368262877598,-0.0185191102615,0.574053918169,0.818802996011,0.00212124010104,0.0,0.818760864967,-0.573993404626,-0.0119567698661,0.0,-0.00857282621481,0.00860078456196,-0.999926263859,0.0,0.657338488965,0.255225935093,0.303435280449,1.0,-0.01328,-0.0174537142857,0.665
0.461719140857,0.522744189334,-0.124049626597,-1.39510771471,0.0772204265078,1.90853864608,0.15416567307,-0.00994060910108,-0.0705299451871,-0.00113015814614,-0.11650651462,-0.00695256979542,0.0473385750079,-0.0133940406255,0.574048931284,0.818806446203,0.00213893661598,0.0,0.818764602027,-0.573988402137,-0.0119410042057,0.0,-0.00854981101767,0.00860617198538,-0.99992641456,0.0,0.657096821453,0.254920634462,0.303440171752,1.0,-0.01364,-0.0179268571429,0.683
0.461550940004,0.521520939125,-0.124051519382,-1.39707163627,0.0771006065444,1.90930874003,0.153893153047,-0.011773653737,-0.0691380415443,-0.000625455970034,-0.114294689391,-0.00412208397936,0.0455313181538,-0.0164702205299,0.574037892712,0.818814129468,0.00216009629938,0.0,0.818772601571,-0.573977319534,-0.0119252035237,0.0,-0.00852484298776,0.00861431221978,-0.999926557642,0.0,0.656869743045,0.254624832533,0.303431758198,1.0,-0.01398,-0.0183737142857,0.7
0.46138931481,0.520319742214,-0.12405741789,-1.39898898338,0.0769836903491,1.91000651622,0.153642914573,-0.0135979878876,-0.0763021337305,-0.00167406743939,-0.116449145938,-0.00719880475435,0.0422368089797,-0.0150248640495,0.574040188392,0.818812567159,0.00214216567649,0.0,0.818770786204,-0.573979668417,-0.0119367836589,0.0,-0.00854459343658,0.00860630191345,-0.999926458041,0.0,0.656637037919,0.254331906979,0.303423533398,1.0,-0.0143,-0.0187942857143,0.716
0.461219452413,0.518999261324,-0.124058855106,-1.40103744305,0.0768477855632,1.91075141517,0.153354501763,-0.0112339213303,-0.0793380043077,-0.000252908053697,-0.121351121984,-0.0107221746273,0.0436228093571,-0.0164126590225,0.574016216025,0.818829350844,0.00215054356073,0.0,0.818787735713,-0.573955722002,-0.0119255996724,0.0,-0.00853087850197,0.00860649199209,-0.999926573508,0.0,0.656387355781,0.254022373749,0.30344019291,1.0,-0.01464,-0.0192411428571,0.733
0.461042676652,0.517638926698,-0.124057457737,-1.40316732852,0.0767097543246,1.91150728356,0.153074741091,-0.00746300027652,-0.081099766368,0.00187247544921,-0.129905274429,-0.0110850081034,0.0531925016263,-0.0164745352293,0.574006309907,0.818836334704,0.00213542871942,0.0,0.818794508941,-0.573945864993,-0.0119349523464,0.0,-0.008547316713,0.00859938082968,-0.999926494312,0.0,0.656122120975,0.253701285899,0.303446538951,1.0,-0.01498,-0.019688,0.75
0.460865369254,0.516389749236,-0.124068344537,-1.40516653258,0.0765705927879,1.91225470419,0.152781868092,-0.00750712402384,-0.0780442871491,-0.000620156842114,-0.126811636908,-0.00619208709437,0.0506350596279,-0.0145456280556,0.57398754362,0.818849530378,0.00211973336528,0.0,0.818807678948,-0.573927344885,-0.0119220212481,0.0,-0.00854593309363,0.00857891081859,-0.999926681971,0.0,0.655885467998,0.253386010224,0.303436393921,1.0,-0.0153,-0.0201085714286,0.766
0.460685622488,0.515023750233,-0.12407442426,-1.40735486609,0.0764462810927,1.91307766648,0.152499096446,-0.0126339704902,-0.0811567741868,-0.00127545456604,-0.127004603664,-0.00836386499533,0.0498183372697,-0.0211114641708,0.573989589464,0.818848091093,0.00212174487161,0.0,0.818806191209,-0.573929307304,-0.0119297257273,0.0,-0.00855106620917,0.00858500149758,-0.999926585813,0.0,0.655620086601,0.253058555437,0.303424224682,1.0,-0.01564,-0.0205554285714,0.783
0.460494215511,0.513605322804,-0.124072782779,-1.40962653778,0.0763195041783,1.91386373384,0.152182541596,-0.0107954005159,-0.07563298861,0.00109138257965,-0.131770752756,-0.00479034172137,0.0416250097072,-0.0134131453167,0.573970956596,0.818861277625,0.00207265313744,0.0,0.818818496298,-0.573910638482,-0.0119831572845,0.0,-0.00862319182169,0.00857527607562,-0.999926049867,0.0,0.655329378116,0.252715992899,0.303405257116,1.0,-0.01598,-0.0210022857143,0.8
0.460296203476,0.512196957753,-0.124078037299,-1.4119082872,0.0761713400751,1.9146719755,0.151864049292,-0.0175876581579,-0.0873119830212,-0.000916691798874,-0.134701510654,-0.00818635955342,0.0513230543196,-0.015038048939,0.573955384446,0.818872346257,0.00201099527804,0.0,0.818828760684,-0.573895328406,-0.01201497448,0.0,-0.00868479675642,0.00854288454505,-0.999925793961,0.0,0.655043924978,0.252361889575,0.303376124521,1.0,-0.01632,-0.0214491428571,0.817
0.460105822901,0.510754500474,-0.124081317039,-1.41422146974,0.0760412042657,1.91555690702,0.151529896189,-0.00901616118408,-0.0818936691019,-0.000533739197622,-0.138943108352,-0.00757499045951,0.051945164181,-0.0203014267359,0.573926110695,0.818892826718,0.00202600921391,0.0,0.818849344038,-0.573865902895,-0.0120176604827,0.0,-0.00867868544802,0.00855641019376,-0.999925731374,0.0,0.654762965335,0.252018722357,0.303362065039,1.0,-0.01666,-0.021896,0.834
0.459877989455,0.509169784352,-0.124085221682,-1.41671911474,0.0758786627853,1.9164676884,0.151185442725,-0.0117352360342,-0.0849834555966,-0.00113864265185,-0.142596242227,-0.00606605334887,0.0480845023874,-0.0197726234001,0.57391938717,0.818897559412,0.00201770199873,0.0,0.818854007997,-0.573859254611,-0.0120173368545,0.0,-0.00868325803539,0.00854935057306,-0.999925752061,0.0,0.654457213527,0.251627348338,0.303361458503,1.0,-0.01702,-0.0223691428571,0.852
0.459698291497,0.507833156264,-0.124087248322,-1.41881137338,0.07574267217,1.91721869798,0.15088680032,-0.0159826809132,-0.0906335911183,0.00120689071191,-0.13843667067,-0.00706806481794,0.0566194741806,-0.0182207924323,0.573895542521,0.818914291407,0.00200910562353,0.0,0.818870654419,-0.573835475713,-0.0120185292377,0.0,-0.00868941657144,0.0085427424682,-0.999925755039,0.0,0.654178120496,0.251284603583,0.303368606815,1.0,-0.01734,-0.0227897142857,0.868
0.459481166429,0.506272294181,-0.124089714575,-1.42124632506,0.0755845396332,1.91812228727,0.15056250131,-0.0206405167157,-0.0995566862787,0.00155381990182,-0.146212189737,-0.00922336786531,0.0598533009849,-0.0192567135044,0.573892223282,0.818916569236,0.00202869139144,0.0,0.818873221001,-0.573832106441,-0.0120045176991,0.0,-0.00866673705655,0.00855070503346,-0.99992588381,0.0,0.653896973546,0.250930927007,0.303376616772,1.0,-0.01766,-0.0232102857143,0.884
0.459231952841,0.504459774991,-0.124102779315,-1.42399913586,0.0754147060439,1.91918282537,0.150176410936,-0.0118127014393,-0.0967813347322,-0.000709323444329,-0.14979383392,-0.00519455305444,0.0563259292435,-0.0178591488432,0.573885710604,0.81892088521,0.0021264603694,0.0,0.81887890597,-0.57382528076,-0.0119428396151,0.0,-0.00856018888118,0.00859530402626,-0.99992641925,0.0,0.653570650659,0.250502102062,0.30342528359,1.0,-0.01804,-0.0237097142857,0.903
0.459041316018,0.503095902631,-0.124109555226,-1.42604340276,0.0752926620197,1.91995678177,0.149891748013,-0.013461705141,-0.104433680121,-0.00135794165107,-0.146463440221,-0.0151138312842,0.0459774631442,-0.015834376806,0.573882749245,0.818922710532,0.00222062937162,0.0,0.818882004752,-0.573821985996,-0.0118885483519,0.0,-0.00846171919875,0.00864123261485,-0.999926861529,0.0,0.653308402915,0.250160227637,0.303482596431,1.0,-0.01834,-0.024104,0.918
0.458808936757,0.501382114884,-0.124107903047,-1.42857578822,0.0751202220233,1.92087753037,0.149545530201,-0.0133449929565,-0.106213394943,-0.00154910599031,-0.151327177131,-0.00748683623723,0.0534908668582,-0.0249834424526,0.573874975584,0.818927943204,0.00229850807816,0.0,0.818888372855,-0.573814032173,-0.0118336885811,0.0,-0.00837218325237,0.00867344627636,-0.999927336299,0.0,0.652997620237,0.249756728435,0.303554127518,1.0,-0.01868,-0.0245508571429,0.935
0.458550709974,0.499575829545,-0.124110696992,-1.43132016478,0.0749465700191,1.92185230446,0.1491505261,-0.00949186357892,-0.106855362814,-0.000249270191462,-0.152610115756,-0.0112030608775,0.059905554155,-0.0207151025021,0.573856461516,0.818940861368,0.00231820197867,0.0,0.818901426871,-0.57379531916,-0.0118377227343,0.0,-0.00836438244871,0.00869169993097,-0.999927243082,0.0,0.652667249225,0.249354077921,0.303581276877,1.0,-0.01902,-0.0249977142857,0.952
0.458306425991,0.498009133114,-0.124117410508,-1.43380383112,0.0747924097745,1.92277995854,0.148796587279,-0.0169950513451,-0.101307799427,-0.00229210895337,-0.157013181108,-0.00909033721389,0.0565210062808,-0.0251459332895,0.573856147062,0.818941066071,0.00232372156091,0.0,0.8189017071,-0.57379498723,-0.0118344260404,0.0,-0.00835851862188,0.00869432507599,-0.999927269294,0.0,0.652364606269,0.248954886722,0.30357229418,1.0,-0.01934,-0.0254182857143,0.968
0.458049675259,0.496321400838,-0.124114567387,-1.43648327769,0.074631876215,1.92372918588,0.148404164508,-0.0130522350782,-0.105588573641,-0.00445389614522,-0.161387294766,-0.0115226040664,0.0571358482806,-0.0219633787218,0.573835142532,0.818955874103,0.0022918048121,0.0,0.818915925579,-0.573773929268,-0.0118714711451,0.0,-0.0084073950448,0.00868923009018,-0.999926903823,0.0,0.652022238055,0.248532176092,0.303555482032,1.0,-0.01968,-0.0258651428571,0.985
0.457780207506,0.494666620791,-0.124119213012,-1.43923346179,0.0744550268946,1.9246694575,0.14801232195,-0.0122211287377,-0.102444146724,-0.000451090145762,-0.167552556952,-0.00749193526524,0.0545320061152,-0.0202633896624,0.573828743964,0.818960728049,0.00215532264893,0.0,0.818918888972,-0.57376796527,-0.0119550079823,0.0,-0.0085541916449,0.00862532770787,-0.999926212041,0.0,0.651664470639,0.248084985404,0.303481003423,1.0,-0.0209405714286,-0.0275218938776,1.002
0.457473303785,0.492491908169,-0.124191871532,-1.44245214165,0.0742720647631,1.92583806968,0.147551096063,-0.0158127792673,-0.173597184304,-0.00812028173796,-0.240034843752,-0.0129968814106,0.0892992628919,-0.0357130200232,0.573866870505,0.818933737681,0.00225723846529,0.0,0.818893349972,-0.573805801063,-0.0118882689912,0.0,-0.00844065054247,0.00867088823172,-0.999926782877,0.0,0.651275728543,0.247539298746,0.303566228345,1.0,-0.0363097142857,-0.0477213387755,1.018
0.457064338767,0.488991060013,-0.124251662131,-1.44792436528,0.0740000167911,1.92798131384,0.146712057769,-0.0335162968111,-0.228872867048,-0.00133359320874,-0.370982759279,-0.0136102888765,0.141460848602,-0.054023671389,0.573759670101,0.819008379744,0.00242111024386,0.0,0.81896987816,-0.57369771835,-0.0118327312248,0.0,-0.00830228045019,0.00877212921601,-0.999927058284,0.0,0.65059259384,0.246736588699,0.303584160176,1.0,-0.0526394285714,-0.0691832489796,1.035
0.456315807524,0.483764334836,-0.12434065313,-1.45616582604,0.0735365384587,1.93110440618,0.145447944195,-0.0443745482285,-0.320789363627,-0.0109794812013,-0.505481398433,-0.0281360121351,0.185733565255,-0.0748817862864,0.573685800865,0.81905984117,0.00251502873947,0.0,0.81902246962,-0.573623406095,-0.0117953015701,0.0,-0.00821853671088,0.0088268320209,-0.9999272687,0.0,0.649567179715,0.245426841282,0.303564963867,1.0,-0.0699297142857,-0.0919076244898,1.053
0.455409971192,0.477817605261,-0.124507288127,-1.46568456788,0.0729721227631,1.93434798512,0.144019034153,-0.0596470774482,-0.39986453722,-0.0111291247496,-0.637546933767,-0.0417953876009,0.214760887314,-0.0903861513545,0.573689820847,0.819057867252,0.00222406167073,0.0,0.81901649747,-0.573628345163,-0.0119685170264,0.0,-0.00852728739078,0.0086879268579,-0.999925899903,0.0,0.648318697467,0.243821806172,0.303443133926,1.0,-0.0852988571429,-0.112107069388,1.069
0.454189097169,0.470138472226,-0.124655208008,-1.47771010336,0.0722747724445,1.93855235895,0.142274035865,-0.0792233770606,-0.483007754131,-0.0122191895593,-0.747601409038,-0.0416500728399,0.265498688341,-0.105489298887,0.573757915544,0.819010463079,0.00211249104311,0.0,0.818967115505,-0.57369637364,-0.0120864177965,0.0,-0.00868714144006,0.00866490540368,-0.999924723661,0.0,0.646748224827,0.241795661239,0.303399247344,1.0,-0.101628571429,-0.133568979592,1.086
0.452862559466,0.461699019,-0.124789079689,-1.49060113194,0.0714686693824,1.94335623648,0.140170024282,-0.0874601732886,-0.539757981477,-0.00925656250416,-0.823308683986,-0.0619430821924,0.311867174425,-0.125525483726,0.57360947991,0.819113664617,0.00239079433189,0.0,0.819074276154,-0.573547146871,-0.0119057700501,0.0,-0.00838110703027,0.00878766989306,-0.999926264233,0.0,0.645103336854,0.239643219919,0.303504038173,1.0,-0.116997714286,-0.15376842449,1.102
0.451117989673,0.451557114672,-0.124952412694,-1.50627490283,0.0704619489794,1.94881910167,0.137721914737,-0.108749098296,-0.636432438213,-0.0117587043528,-0.950663998762,-0.0741580840981,0.339731877737,-0.155362162371,0.573601319939,0.819119608723,0.00231068604125,0.0,0.819079059898,-0.57353918651,-0.0119600198589,0.0,-0.00847158089893,0.00875308625197,-0.999925805147,0.0,0.64301759544,0.236916830574,0.303494406412,1.0,-0.133327428571,-0.175230334694,1.119
0.448709911764,0.43794619308,-0.125140898323,-1.52714118966,0.0690619238266,1.95610811404,0.134489568321,-0.126170684119,-0.704876094032,-0.013990290337,-1.10181546153,-0.0812915683135,0.367894632205,-0.174665669159,0.573615157424,0.819109969401,0.00229261936828,0.0,0.819069337753,-0.573553252846,-0.0119512762409,0.0,-0.00847463338269,0.00873341557533,-0.999925951279,0.0,0.640195850519,0.233254343175,0.303518114451,1.0,-0.152538857143,-0.200479640816,1.139
0.446753385915,0.427341797486,-0.12528463926,-1.54307914066,0.0680044325585,1.96166226367,0.131872874415,-0.148500494697,-0.783801013035,-0.0147833597911,-1.17366946356,-0.0883110488661,0.399992989496,-0.195882171759,0.573582216937,0.81913253914,0.00246386618508,0.0,0.819094086928,-0.573519586393,-0.01187045429,0.0,-0.00831055985198,0.00882698965781,-0.999926506724,0.0,0.638017552414,0.23039576846,0.303645653194,1.0,-0.165986857143,-0.218154155102,1.153
0.444059877638,0.413506120165,-0.125480352774,-1.56373101846,0.0665143680013,1.96892583793,0.128406822136,-0.163796501497,-0.852444016964,-0.0137704582777,-1.24526756149,-0.0940359977382,0.456454253965,-0.213291246215,0.573548383853,0.819155283838,0.00276029732483,0.0,0.819121647714,-0.573485742006,-0.011600726832,0.0,-0.00791995800508,0.00891476905586,-0.999928898051,0.0,0.635186781129,0.226586909423,0.303839633267,1.0,-0.182316571429,-0.239616065306,1.17
0.441194487539,0.399581922949,-0.125644303308,-1.58461297385,0.0651415220965,1.97605054605,0.124873248272,-0.184505245539,-0.91198291696,-0.0125585299232,-1.31794555032,-0.0799335040449,0.43821208664,-0.225718254201,0.573590506841,0.819125239095,0.00291891069167,0.0,0.819092881421,-0.573526442045,-0.011619758208,0.0,-0.00784411578029,0.00905601632536,-0.999928226632,0.0,0.632218066466,0.222690464205,0.303924310404,1.0,-0.197685714286,-0.259815510204,1.186
0.437580587537,0.382803242081,-0.125837295367,-1.60963942235,0.0633107515146,1.98454493408,0.120479434546,-0.209345370833,-0.949398583382,-0.00858932645552,-1.40784859117,-0.0963511371306,0.458557276137,-0.248458500106,0.573550426798,0.819152776522,0.00306325601534,0.0,0.819122567026,-0.573486227172,-0.0115114870198,0.0,-0.00767307914964,0.00911177585397,-0.999929047181,0.0,0.628596491801,0.21790745746,0.304018456634,1.0,-0.214976,-0.282539885714,1.204
0.434227690496,0.3679037141,-0.126029387321,-1.63176233841,0.0616331645504,1.99191910887,0.116526215312,-0.233123623059,-0.98936792042,-0.007748964453,-1.4943667582,-0.119753304963,0.493040386436,-0.265410234846,0.573542476967,0.819158136988,0.0031177911977,0.0,0.819129005342,-0.57347855656,-0.0114352382797,0.0,-0.00757942801694,0.00911264353689,-0.999929753532,0.0,0.625315302821,0.213579222983,0.304076121601,1.0,-0.229384571429,-0.301476865306,1.219
0.429710581108,0.349174375547,-0.126279470706,-1.65952244192,0.0595037078593,2.00095906608,0.111389147681,-0.26882129132,-1.05531891856,-0.0150071074495,-1.54694161176,-0.112258797951,0.497533374349,-0.297381827956,0.5735837919,0.819129462559,0.00305026865877,0.0,0.819099513402,-0.573520136803,-0.0114624049098,0.0,-0.00763995016767,0.00907329793571,-0.999929650738,0.0,0.621095970806,0.207975362955,0.304072330116,1.0,-0.246674857143,-0.324201240816,1.237
0.424735765197,0.329388367636,-0.126527373768,-1.68845509331,0.0573050269009,2.01031104421,0.105826096988,-0.286865749989,-1.10662183858,-0.00964221313317,-1.65273366976,-0.119808103494,0.505126082168,-0.315668495997,0.57360477638,0.819114234871,0.0031902423421,0.0,0.819085656038,-0.573540166902,-0.0114504115242,0.0,-0.0075496083026,0.00918126925137,-0.999929351359,0.0,0.616589492279,0.202034400621,0.304138051419,1.0,-0.263965142857,-0.346925616326,1.255
0.420229626113,0.312085639754,-0.126702475188,-1.71357738361,0.0551877748655,2.01823971169,0.100846385339,-0.313182289711,-1.1464433801,-0.0102592343794,-1.6547682808,-0.138954021861,0.510442629717,-0.341562612755,0.573491422544,0.819193660816,0.00317509826915,0.0,0.819165403193,-0.573427501136,-0.0113881540463,0.0,-0.00750855949978,0.00913211513948,-0.999930110561,0.0,0.612551804881,0.196795109438,0.304173306422,1.0,-0.278373714286,-0.365862595918,1.27
0.414632483714,0.291692721043,-0.126927516174,-1.74293451996,0.0527510586948,2.02726219756,0.0947731414479,-0.343573286432,-1.21035521723,-0.0163254954707,-1.7127743166,-0.146903413586,0.523568681661,-0.356000602371,0.573381918908,0.819270372651,0.00315887105822,0.0,0.819241632781,-0.573317728737,-0.0114313575364,0.0,-0.00755448121546,0.00914258842659,-0.999929668972,0.0,0.607704793838,0.190517342776,0.304204351029,1.0,-0.294703428571,-0.387324506122,1.287
0.408088538147,0.269163218665,-0.127211125547,-1.7750168958,0.0500790264797,2.03705666556,0.087883440205,-0.375990146053,-1.27576727994,-0.0218199110564,-1.77931901501,-0.15469821098,0.560579039809,-0.390725751519,0.573346992307,0.819294192322,0.00331658568015,0.0,0.819267017972,-0.573281763304,-0.0114157797171,0.0,-0.00745168740423,0.00926255055845,-0.999929336259,0.0,0.602300848262,0.18346250048,0.304259450865,1.0,-0.311993714286,-0.410048881633,1.305
0.401642784464,0.248421616948,-0.127575352011,-1.80417162203,0.0474667000334,2.04574940911,0.0814133439979,-0.414182175919,-1.30254499135,-0.0230168672205,-1.8405848795,-0.163145281916,0.565081795349,-0.411276806673,0.5734897054,0.819193809688,0.00343611267903,0.0,0.819168758548,-0.573424856195,-0.0112794600078,0.0,-0.00726985136331,0.00928358909229,-0.999930479701,0.0,0.597298188023,0.176744126252,0.304340369098,1.0,-0.327362857143,-0.430248326531,1.321
0.394278511989,0.225651523963,-0.12786898077,-1.83579576212,0.0446413032504,2.05492829571,0.0739725127114,-0.446742377849,-1.34932081942,-0.013811112984,-1.8911578339,-0.162772688272,0.534234239679,-0.451324269783,0.573439712878,0.819227856833,0.00365529527491,0.0,0.819205328889,-0.573373912622,-0.0112130435581,0.0,-0.00709032319982,0.00942462329953,-0.999930449478,0.0,0.591685265012,0.169392368651,0.30443770894,1.0,-0.343692571429,-0.451710236735,1.338
0.386283255064,0.202206021503,-0.128191389298,-1.86819861028,0.0415171045383,2.06391408824,0.0660074977791,-0.485747215786,-1.38773072027,-0.0189084832471,-1.9331172511,-0.196335146527,0.524765206235,-0.476749514965,0.573310768168,0.819318519918,0.00355990504275,0.0,0.819294901002,-0.573245408274,-0.0112389495035,0.0,-0.00716771825375,0.00936020303572,-0.999930502792,0.0,0.585732569697,0.161655728917,0.304421256588,1.0,-0.360022285714,-0.473172146939,1.355
0.378022906265,0.179456590939,-0.128602414092,-1.89907633296,0.0385366841377,2.07215438927,0.0579881760366,-0.534983747231,-1.41338780376,-0.0282462678585,-1.92274124441,-0.191237907031,0.511756791104,-0.507252609887,0.573351751464,0.819289699634,0.00359222324944,0.0,0.819266123922,-0.57328581402,-0.0112756613227,0.0,-0.0071788007627,0.00940808812096,-0.999929973897,0.0,0.579926228052,0.153968058328,0.304478473372,1.0,-0.375391428571,-0.493371591837,1.371
0.368483180374,0.154533391831,-0.12908626001,-1.93251305046,0.03519463134,2.08084949392,0.0489034977927,-0.570807197552,-1.47732749006,-0.0258963910006,-1.95727612863,-0.188314293926,0.521835662272,-0.551331606028,0.573439932912,0.819227637793,0.00366983910759,0.0,0.819204824134,-0.573373467014,-0.0112725481177,0.0,-0.00713073188254,0.00947066147666,-0.999929727148,0.0,0.573476165233,0.145413982298,0.304524025034,1.0,-0.391721142857,-0.514833502041,1.388
0.358231840835,0.128963601991,-0.129542504568,-1.96634204053,0.0316213150587,2.08923600744,0.0392179486785,-0.619293788466,-1.49897913415,-0.0276048016804,-1.99719053483,-0.207853639977,0.463607255483,-0.589217112455,0.573382090999,0.81926825117,0.00364105036561,0.0,0.819244909876,-0.573315501323,-0.0113075411263,0.0,-0.00717657699926,0.00946663581578,-0.999929437285,0.0,0.566303615654,0.136051212987,0.304533085687,1.0,-0.409011428571,-0.537557877551,1.406
