position_joint1,position_joint2,position_joint3,position_joint4,position_joint5,position_joint6,position_joint7,velocity_joint1,velocity_joint2,velocity_joint3,velocity_joint4,velocity_joint5,velocity_joint6,velocity_joint7,ee_T_00,ee_T_10,ee_T_20,ee_T_30,ee_T_01,ee_T_11,ee_T_21,ee_T_31,ee_T_02,ee_T_12,ee_T_22,ee_T_32,ee_T_03,ee_T_13,ee_T_23,ee_T_33,v_x,v_y,time
0.465060026301,0.547560446363,-0.124005937391,-1.35573581137,0.0794420517481,1.8941043089,0.159170808385,-0.00146578053178,0.0026554529466,-0.000793675754572,-0.000699016880982,-0.000304756569942,0.000198104307632,0.00141748072235,0.573817576314,0.81896847389,0.00218512914367,0.0,0.818929105344,-0.573758795353,-0.0116923940039,0.0,-0.00832212523506,0.00849893067408,-0.999929252702,0.0,0.661716791165,0.260876714437,0.303417813068,1.0,0.0,0.0,0.0
0.465065285848,0.547547605212,-0.123998141685,-1.35573080006,0.0794424884732,1.89410314334,0.159167949511,0.000938508826067,-0.00204806216499,0.00488457208767,0.00100844150856,0.000177279716573,-0.000340192065385,-0.00393680030072,0.57380528867,0.818977038513,0.00220181363458,0.0,0.818937847042,-0.573746406436,-0.0116880574044,0.0,-0.00830912795499,0.00850998151392,-0.999929266802,0.0,0.661714860109,0.260885463758,0.303428937138,1.0,-0.00014,-0.000184,0.008
0.465065864931,0.547546358943,-0.124000964846,-1.35574189093,0.0794413053721,1.89410186458,0.159168467187,0.00102584289294,-0.00178880435041,0.000598770228448,-0.00251397917178,-6.5800610889e-05,-0.000724134195864,-0.000418202714352,0.573807494258,0.818975521159,0.00219138696747,0.0,0.81893620614,-0.573748662785,-0.0116922678034,0.0,-0.00831853593316,0.00850388074582,-0.999929240483,0.0,0.661712658778,0.26088263255,0.303424520592,1.0,-0.0005,-0.000657142857143,0.026
0.465059892041,0.547530219866,-0.12400338223,-1.35575523971,0.0794384600785,1.8941075041,0.15916694266,0.000112637653645,-0.000795546364461,0.000101470184299,-0.00222318144167,6.28809008409e-05,-0.000239381546646,-0.000497172455687,0.573812810706,0.818971781119,0.00219702117718,0.0,0.818932570405,-0.573753989423,-0.0116855317247,0.0,-0.00830973105268,0.00850468374489,-0.999929306863,0.0,0.661713423257,0.260875831632,0.303430164664,1.0,-0.00084,-0.001104,0.043
0.465064860861,0.547412893025,-0.123995751757,-1.35585426612,0.0794380920665,1.89411623579,0.159168351355,-0.00127538770192,-0.00692533729465,0.00109368173138,-0.00514774651053,6.45126911121e-05,-0.000278813724925,0.000597682437061,0.573809718341,0.818973865441,0.00222750135044,0.0,0.818934928577,-0.573750659067,-0.0116837869831,0.0,-0.00829084544514,0.00852861337951,-0.999929259816,0.0,0.661692533178,0.260873856571,0.303466647678,1.0,-0.00118,-0.00155085714286,0.06
0.465059458887,0.547273446197,-0.124000395086,-1.35603315188,0.0794383474953,1.89415393715,0.159158078504,0.000219268686665,-0.00762041945087,-0.000942632197044,-0.0132201338362,-0.000308382078822,-0.000441158915654,-5.8467198201e-05,0.573818819924,0.818967474442,0.00223262362891,0.0,0.818928493644,-0.573759626872,-0.0116944333177,0.0,-0.00829653095285,0.0085390094337,-0.999929123934,0.0,0.661665183405,0.260850791644,0.303483706957,1.0,-0.00152,-0.00199771428571,0.077
0.465042437128,0.547134803256,-0.124004748915,-1.35621841797,0.079431760572,1.89422521715,0.159159550355,-0.00389852124891,-0.0108993652343,-0.000187376572386,-0.00955198742842,-0.00296853424666,0.00432993766182,0.000806540813028,0.573845616449,0.818948636783,0.00225514854267,0.0,0.818909934541,-0.573786322254,-0.0116842802576,0.0,-0.00827501131995,0.00855190120325,-0.99992919208,0.0,0.661646392387,0.260820614677,0.303500051929,1.0,-0.00184,-0.00241828571429,0.093
0.46502333656,0.546937631722,-0.12400134512,-1.35642722291,0.0794247232078,1.89434317658,0.159143594849,-6.71173970652e-06,-0.0100912552943,-0.000217430095755,-0.0106446925148,-0.000653443672733,0.00226314107628,0.000417859678815,0.573855780933,0.818941249082,0.00234949855557,0.0,0.818903758719,-0.57379612892,-0.0116354326643,0.0,-0.0081807600886,0.00860123909683,-0.999929544443,0.0,0.661631839027,0.260794634296,0.303550445386,1.0,-0.00218,-0.00286514285714,0.11
0.465003729025,0.546750399368,-0.124002054392,-1.35665688221,0.0794201405103,1.89447459642,0.159131654322,-0.000900205443524,-0.014558257795,-0.00338977522414,-0.0171926293012,-0.000348396114725,0.0148194980909,-0.00212286428995,0.573874417639,0.818927957156,0.00242912912145,0.0,0.818891482426,-0.573814463496,-0.0115951883577,0.0,-0.00810191047794,0.00864354152845,-0.999929821656,0.0,0.661615856128,0.260764641541,0.303585175296,1.0,-0.0025,-0.00328571428571,0.126
0.464972586434,0.546521346995,-0.124004258704,-1.35697789089,0.0794063589905,1.89460550631,0.159094667961,-0.000740486154184,-0.0158734687384,-0.000399894565327,-0.0162302555008,-0.000971643963,0.0137870340577,-0.00876274876678,0.573885514327,0.818920074325,0.00246479496866,0.0,0.818884039166,-0.573825410595,-0.0115790956527,0.0,-0.00806814722443,0.00866362332533,-0.99992992086,0.0,0.661583775137,0.260714324791,0.303606015905,1.0,-0.00284,-0.00373257142857,0.143
0.464930617114,0.546256408352,-0.123999076966,-1.35741340303,0.0793834333344,1.89475238,0.158974928666,-0.00241521665193,-0.00851961043554,0.000259783605902,-0.018842789724,-0.000415132156662,0.0087635145596,-0.00405003895774,0.573836430156,0.818954518528,0.00244845050653,0.0,0.818918190744,-0.573776302614,-0.0115973414281,0.0,-0.00809298810181,0.0086602243995,-0.999929749561,0.0,0.661531172906,0.260647598054,0.303598874081,1.0,-0.0032,-0.00420571428571,0.161
0.464898688521,0.545986705581,-0.124001764835,-1.35782321797,0.0793555415104,1.89489591795,0.15893994765,-0.000914835484513,-0.0224075316767,0.000564074434677,-0.0334815740872,-0.000305008497177,0.00411577689336,-0.000143891707288,0.573851261091,0.818944124474,0.00244908882567,0.0,0.818907833709,-0.573791160265,-0.0115935841029,0.0,-0.00808938780955,0.00865873759032,-0.999929791569,0.0,0.661483362448,0.26058504358,0.303607284764,1.0,-0.0035,-0.0046,0.176
0.464848613557,0.545669006039,-0.124001712261,-1.35836639532,0.0793028231747,1.89508272909,0.158895735541,-0.0059576779159,-0.0199185171049,0.00115030780431,-0.0304846634714,-0.00501840295078,0.0113686551748,0.00022260466035,0.573872368267,0.818929466477,0.00240432471525,0.0,0.818892746005,-0.573812581952,-0.0115990618159,0.0,-0.00811933805424,0.00862543120861,-0.999929836682,0.0,0.661420290282,0.260495788636,0.303589801821,1.0,-0.00386,-0.00507314285714,0.194
0.464781922687,0.545303854149,-0.124007318235,-1.35899923172,0.079273633373,1.89528286083,0.158805293639,-0.0011859014675,-0.0219797363593,-0.000816094462513,-0.0399395653125,-0.000227608399901,0.0132185681335,-0.00850141418941,0.573884300729,0.818921260969,0.0023504491451,0.0,0.818883741948,-0.573824598716,-0.0116401882939,0.0,-0.00818380970176,0.00860503158412,-0.999929486859,0.0,0.661344782348,0.260386964339,0.303564598629,1.0,-0.00422,-0.00554628571429,0.212
0.464726993222,0.544951688547,-0.124005214699,-1.35959741226,0.0792470675391,1.8954734022,0.158709548459,-0.00488892587931,-0.0219148330837,0.000274446443751,-0.0386658237788,-0.000623328872818,0.0153633737302,-0.00389696190593,0.573872743418,0.818929477764,0.0023090499121,0.0,0.818891267694,-0.57381303199,-0.0116808781742,0.0,-0.00824101119693,0.00859436388117,-0.999929108809,0.0,0.661264663019,0.260288702709,0.303545108258,1.0,-0.00454,-0.00596685714286,0.228
0.464660857134,0.54452202773,-0.124012642244,-1.36034253751,0.0792077790848,1.89572998147,0.158650870588,-0.00284937089573,-0.0209490744413,-0.00608815171969,-0.0396408657045,-0.00636231737074,0.0163948657559,-0.00514220105599,0.573916311566,0.818899057384,0.00226892825807,0.0,0.8188603159,-0.573856731986,-0.0117038925459,0.0,-0.00828242628062,0.00857515524936,-0.999928931538,0.0,0.661188246301,0.260182168113,0.303523937307,1.0,-0.00486,-0.00638742857143,0.244
0.464598114368,0.544095285997,-0.124008421187,-1.36104249699,0.079172516681,1.89597757279,0.158545441434,-0.00387496318633,-0.0276681732719,-3.2446650198e-05,-0.0430236457398,-0.00543495369745,0.0197969173954,-0.00591104160886,0.573909707945,0.818903759778,0.00224192960311,0.0,0.818864543601,-0.573850102161,-0.0117331318736,0.0,-0.0083219344965,0.00856975994252,-0.999928649765,0.0,0.66109923679,0.260068895734,0.303507615648,1.0,-0.0052,-0.00683428571429,0.261
0.464527443335,0.543633838503,-0.12400865799,-1.36179559232,0.0791383975592,1.89624897082,0.15845617884,-0.00426594164113,-0.0296108544379,-0.000267393728193,-0.0508168902635,-0.00618964890767,0.0226627059983,-0.00890336409627,0.573932101093,0.818888094303,0.00223142213446,0.0,0.818848643312,-0.573872431202,-0.0117507001466,0.0,-0.00834211741607,0.0085714660392,-0.999928466965,0.0,0.661007622019,0.25993884161,0.303502159901,1.0,-0.00554,-0.00728114285714,0.278
0.464452798845,0.543117184801,-0.12401930657,-1.36263775643,0.0790919090244,1.89653900045,0.158346226774,-0.00280194676989,-0.0283603265843,-0.00183272433008,-0.0515439433006,-0.0021083756456,0.0191078287953,-0.00647524822614,0.573940466273,0.818882317368,0.00219963142913,0.0,0.818842413222,-0.573880875829,-0.0117724070505,0.0,-0.00837805085891,0.00855797706693,-0.999928282074,0.0,0.660914585166,0.25981507369,0.303489310123,1.0,-0.00586,-0.00770171428571,0.294
0.464382990747,0.542629936342,-0.124017318162,-1.36342240347,0.079034069713,1.89681307523,0.158250039906,-0.00648172826946,-0.0297965059673,0.000136309733735,-0.0527042628506,-0.00481826709635,0.0187771742943,-0.00380155447467,0.573947998064,0.818877071264,0.00218736782397,0.0,0.818837061143,-0.57388850838,-0.0117726016484,0.0,-0.00838516974168,0.00854812356657,-0.999928306686,0.0,0.660817814863,0.259684214211,0.303492853462,1.0,-0.00618,-0.00812228571429,0.31
0.464306940174,0.54200535468,-0.124020420685,-1.36439262096,0.078975436748,1.89717584689,0.158111048601,-0.0054076787885,-0.0282767102697,0.000121070651834,-0.0566390713375,-0.00894603104327,0.0211689977697,-0.0034913585779,0.573934546222,0.818886498288,0.00218780159863,0.0,0.818846504837,-0.573875067768,-0.0117709392757,0.0,-0.00838369986653,0.00854738694778,-0.999928325308,0.0,0.660711154776,0.25954871087,0.303495554642,1.0,-0.00652,-0.00856914285714,0.327
0.464214914325,0.541375588356,-0.124017295016,-1.36534910296,0.0789229717783,1.89753102258,0.157999058479,-0.0091537491138,-0.0340597194996,-0.00209596846926,-0.0539060790287,-0.00500706914272,0.0217465925419,-0.0140192758352,0.573955075928,0.818872034422,0.002215616979,0.0,0.818832335788,-0.573895420097,-0.0117643342638,0.0,-0.00836211289189,0.00856658312504,-0.999928341793,0.0,0.660604064839,0.259400074858,0.303516240972,1.0,-0.00686,-0.009016,0.344
0.464145781009,0.540748582016,-0.124021194629,-1.36630491594,0.0788644367946,1.89787946647,0.157855294028,-0.00745325650103,-0.0388522887216,0.00221058198445,-0.0605059154609,-0.00394585119498,0.0280745601472,-0.0104375667348,0.57393400316,0.818886761221,0.00223141560857,0.0,0.818847276737,-0.573874298736,-0.0117547238336,0.0,-0.00834539633635,0.00857378937223,-0.999928419686,0.0,0.660491561696,0.259261101855,0.303534840851,1.0,-0.00718,-0.00943657142857,0.36
0.464030734358,0.539952347965,-0.124024137629,-1.3675062852,0.0787961020034,1.89831958366,0.157716837477,-0.007096329725,-0.0410163919093,0.000418007976937,-0.0705182860652,-0.00544555847776,0.0210221923203,0.000208848156297,0.573965095652,0.818864881636,0.00226307283377,0.0,0.818825772625,-0.573905230537,-0.0117425443584,0.0,-0.00831692798643,0.00859303840012,-0.999928491643,0.0,0.660357130195,0.259070077993,0.303563980404,1.0,-0.00756,-0.009936,0.379
0.463938077772,0.539267524438,-0.124031910993,-1.3685988829,0.0787261959338,1.89873795352,0.157582557022,-0.00407876850695,-0.0408576259566,-6.35299954957e-05,-0.0706879664448,-0.00221797357665,0.0275193536522,-0.00737207342568,0.573978333989,0.818855592868,0.00226650419115,0.0,0.818816607816,-0.573918536386,-0.0117312939565,0.0,-0.00830560680846,0.0085895252091,-0.999928615928,0.0,0.660235722942,0.258900767566,0.303564312537,1.0,-0.00788,-0.0103565714286,0.395
0.463836616699,0.53851853172,-0.124036083573,-1.3697679835,0.0786683688938,1.89918516175,0.157431627437,-0.00722709095572,-0.0440203220238,-0.000624169431045,-0.0757692457663,-0.000321412520665,0.0271996052985,-0.00463781668651,0.573989982101,0.818847349839,0.00229456109571,0.0,0.81880864484,-0.573929990499,-0.0117267234278,0.0,-0.00828563849747,0.00860999400076,-0.99992860555,0.0,0.660104625547,0.258723411587,0.303575860223,1.0,-0.00822,-0.0108034285714,0.412
0.463719629945,0.537704592903,-0.124047804806,-1.37106873254,0.0785835575146,1.89968374599,0.15727512986,-0.00229345364398,-0.0417153917351,-0.00409296240504,-0.0741951820486,-0.00581027360714,0.0259593717385,-0.00481765414993,0.574015066245,0.818829760824,0.00229639150141,0.0,0.818791199862,-0.573955189759,-0.0117114507039,0.0,-0.00827181781695,0.00860297993845,-0.999928780347,0.0,0.659961993333,0.258515791592,0.303575152195,1.0,-0.00858,-0.0112765714286,0.43
0.463621085711,0.536930827808,-0.124046077616,-1.37226023965,0.0785152281889,1.90012678709,0.157129028332,-0.00470726920836,-0.0418751830336,0.00079799360661,-0.0740449602956,-0.00531296213373,0.0253962292547,-0.00760204359892,0.5740222423,0.818824663523,0.00232005447746,0.0,0.818786360845,-0.57396222624,-0.0117049154075,0.0,-0.0082528086794,0.00861867668697,-0.999928802246,0.0,0.65982349162,0.258339498374,0.303592684429,1.0,-0.0089,-0.0116971428571,0.446
0.463493324535,0.536044647096,-0.124051647191,-1.37367026573,0.0784354370844,1.90065781768,0.156953846257,-0.00724547384853,-0.0475790778733,0.000913675398673,-0.0728252535931,-0.00550669665697,0.0335567870464,-0.00978406301775,0.574043607367,0.818809667644,0.00232635245464,0.0,0.818771422698,-0.573983540296,-0.0117046889147,0.0,-0.0082487832369,0.00862391879387,-0.999928790264,0.0,0.659664397627,0.258119359181,0.303593290572,1.0,-0.00926,-0.0121702857143,0.464
0.463389586597,0.53521536571,-0.124055666231,-1.37497728428,0.0783538437462,1.9011318901,0.156789526681,-0.0103518583573,-0.0571154539472,0.00142610178207,-0.0861897343566,4.45948767249e-05,0.0318417874889,-0.0140675616409,0.574046674223,0.818807534155,0.00232050099474,0.0,0.818769226957,-0.573986642724,-0.0117061464068,0.0,-0.00825330320003,0.00861999518001,-0.999928786799,0.0,0.659509562886,0.257923317109,0.303597594258,1.0,-0.00958,-0.0125908571429,0.48
0.463276839909,0.534368575903,-0.124051694965,-1.37633138582,0.0782946125494,1.90161944889,0.156622633602,-0.00606684217543,-0.0551845186504,0.00240163349041,-0.0806770337504,0.000512328995933,0.0299711588926,-0.0125433808261,0.574057897271,0.81879967689,0.00231659389929,0.0,0.818761067357,-0.573997616363,-0.0117387346556,0.0,-0.00828211222313,0.008635616489,-0.99992841381,0.0,0.659345895346,0.257725151005,0.303592642359,1.0,-0.0099,-0.0130114285714,0.496
0.463146141694,0.533449709791,-0.124058898656,-1.37781445142,0.078191043973,1.90215875806,0.156435778495,-0.0112481433129,-0.0530218857531,0.000557176137232,-0.0873176640165,-0.00288664525263,0.0300863891631,-0.00804622852099,0.574070336848,0.818791044249,0.00228497501596,0.0,0.818752147195,-0.574010301131,-0.0117406371042,0.0,-0.00830168915096,0.00861094548522,-0.999928464229,0.0,0.659173746612,0.257490676782,0.303581762855,1.0,-0.01024,-0.0134582857143,0.513
0.4630162996,0.532510467266,-0.124066285848,-1.37933328959,0.0781152678019,1.90272747017,0.156246684455,-0.0107234987123,-0.05700751242,-0.00183075692211,-0.0934505899202,-0.00574662009659,0.0303458680355,-0.015932486997,0.574089821854,0.818777393626,0.00228101561073,0.0,0.818738327468,-0.574029676681,-0.0117570543221,0.0,-0.00831719977288,0.00861732603757,-0.999928280368,0.0,0.658997568793,0.25725916955,0.303570649087,1.0,-0.01058,-0.0139051428571,0.53
0.462895646126,0.531596948089,-0.124062625599,-1.38078631294,0.0780279635236,1.90327459185,0.156066663165,-0.0115424317924,-0.0593015369859,-0.0011319436781,-0.0935206414391,-0.00354571456866,0.0327697464484,-0.0125731560299,0.574094525866,0.818774077857,0.00228729122912,0.0,0.818735063673,-0.574034325724,-0.011757351084,0.0,-0.00831379067965,0.00862268243949,-0.999928262543,0.0,0.658827105183,0.257044313494,0.30357027004,1.0,-0.0109,-0.0143257142857,0.546
0.462755023921,0.53053790086,-0.124062296545,-1.38251217028,0.0779198365932,1.90388139907,0.155845041894,-0.00804680275669,-0.0598526065454,-0.00025757645619,-0.100487423706,-0.00166972713832,0.0341383428644,-0.00931365525912,0.574092720483,0.818775491428,0.00223379221918,0.0,0.818735741486,-0.574032682957,-0.0117903100636,0.0,-0.00837150835314,0.00859778224259,-0.999927995402,0.0,0.658615342573,0.256784620754,0.303547653327,1.0,-0.01126,-0.0147988571429,0.564
0.462611585853,0.529509778915,-0.124059580869,-1.38415601192,0.0778204124304,1.9044774148,0.155623764651,-0.0147759659871,-0.0622227874217,0.00121928947133,-0.0983747504182,-0.0063854587666,0.0342201544558,-0.018283960582,0.574089590961,0.81877773085,0.00221718641914,0.0,0.818737708958,-0.574029560528,-0.0118056965885,0.0,-0.00839367252226,0.00859298709627,-0.999927850814,0.0,0.658418970841,0.256534486802,0.303541032164,1.0,-0.0116,-0.0152457142857,0.581
0.462488653435,0.528489377058,-0.124070545891,-1.38572267192,0.0777152683027,1.90506761485,0.155409559494,-0.00541663651705,-0.0703355736336,-0.00117889319647,-0.0960823445899,-0.00845628360596,0.0425273795567,-0.0113612472015,0.574079239657,0.818784910101,0.00224599335287,0.0,0.818745399663,-0.574019240184,-0.0117740957274,0.0,-0.00835136930356,0.0085983261926,-0.999928159128,0.0,0.658237008106,0.256297663425,0.303565376154,1.0,-0.01192,-0.0156662857143,0.597
0.462344987288,0.527385272994,-0.12406804351,-1.38744960074,0.0776076146942,1.90573705887,0.155159495501,-0.00344653012715,-0.068997792183,-0.00123096342131,-0.101712277151,-0.00532481948137,0.0419789267754,-0.0190296913285,0.574054994986,0.818801805851,0.00228306095536,0.0,0.818762806603,-0.573994888194,-0.0117508192155,0.0,-0.00831128669407,0.00861506772802,-0.999928348994,0.0,0.658037473919,0.256042080424,0.303578575395,1.0,-0.01226,-0.0161131428571,0.614
0.462184050012,0.52615669163,-0.124073742522,-1.38935471116,0.0774831751879,1.90646147448,0.154913892564,-0.00895839947365,-0.0656306713893,-0.000796238832631,-0.108043477444,-0.0028499906188,0.0485530691556,-0.0182367981677,0.574059084037,0.818798845544,0.00231634875421,0.0,0.818760384919,-0.573998962523,-0.0117204953888,0.0,-0.00826730548301,0.00862495750209,-0.999928628337,0.0,0.657817075723,0.255751907821,0.303599276986,1.0,-0.01262,-0.0165862857143,0.632
0.462031362059,0.52497405581,-0.124077583843,-1.3911795083,0.0773747162841,1.90711637594,0.15466254062,-0.0129633135277,-0.0703263678699,0.000507159656641,-0.110693503158,-0.00546565765908,0.0359543809232,-0.0210770921699,0.574049898536,0.818805251113,0.00232844201191,0.0,0.818766893253,-0.573989676548,-0.0117206071118,0.0,-0.00826055201333,0.00863483080277,-0.99992859894,0.0,0.657596408699,0.25547509145,0.30361947342,1.0,-0.01296,-0.0170331428571,0.649
0.461894172135,0.523950041478,-0.124087099933,-1.39283863479,0.0772652691461,1.90770609482,0.154428161731,-0.011360364791,-0.0690365057176,0.000827334640197,-0.112457432904,-0.0103174574697,0.0358327640667,-0.0117914478847,0.574036568569,0.818814725839,0.00228245382536,0.0,0.818775828972,-0.573976580655,-0.0117377021747,0.0,-0.00830108816767,0.00860685401083,-0.999928504444,0.0,0.657394325344,0.255218213752,0.303601246871,1.0,-0.01326,-0.0174274285714,0.664
0.46173801042,0.522733440604,-0.124099991712,-1.39476578806,0.0771391729977,1.90842950409,0.15417776822,-0.0118780609443,-0.0724973449315,0.000127077459141,-0.117583194922,-0.00972408612661,0.0497892864375,-0.0163377599904,0.574037899835,0.818813788636,0.00228385506136,0.0,0.818775033388,-0.57397803452,-0.0117220940981,0.0,-0.00828748919978,0.0085990553403,-0.999928684342,0.0,0.657166936138,0.254924002029,0.303602248107,1.0,-0.0136,-0.0178742857143,0.681
0.461581591037,0.521504091973,-0.12409719106,-1.39672354363,0.0770276336658,1.90920914632,0.153911669942,-0.0096423664421,-0.0736708485898,0.00132224163897,-0.119048199479,-0.00515096771339,0.0492979736641,-0.0181364905552,0.574022929568,0.818824167598,0.0023250351871,0.0,0.818785979599,-0.573962947318,-0.0116962224598,0.0,-0.00824282427102,0.00861777201335,-0.999928892399,0.0,0.656927405626,0.254620976618,0.303600423866,1.0,-0.01396,-0.0183474285714,0.699
0.461418470209,0.520306677893,-0.124107822992,-1.39862623879,0.0769009879284,1.90991225936,0.153651078526,-0.00965457143344,-0.0718007742109,-6.21505703864e-05,-0.117191406841,-0.012715569421,0.0517649937199,-0.0179955687064,0.574016172665,0.818828925954,0.00231742127331,0.0,0.818790681377,-0.573956263437,-0.0116950695669,0.0,-0.00824632156482,0.00861080779998,-0.999928923559,0.0,0.656712780787,0.254345254396,0.303598387168,1.0,-0.01426,-0.0187417142857,0.714
0.46123731856,0.518904332119,-0.124114556751,-1.40081560957,0.0767602946111,1.9106916715,0.153361141077,-0.00796345168293,-0.0821104388635,-0.0011978893536,-0.118955748204,-0.0100585380124,0.0379099615386,-0.011657217778,0.574010099521,0.818833215411,0.00230605481647,0.0,0.818794843785,-0.57395025435,-0.0116985564832,0.0,-0.00825576482141,0.00860344100729,-0.999928909048,0.0,0.656443267177,0.254011139031,0.303608592281,1.0,-0.01462,-0.0192148571429,0.732
0.461068656957,0.517551305296,-0.124112127091,-1.40292747981,0.0766262755067,1.91144118989,0.153082798899,-0.0110644982426,-0.0782349151214,0.00116493080659,-0.123742620789,-0.00889596883433,0.036802100493,-0.0170328109527,0.573994132503,0.818844434751,0.00229661272529,0.0,0.818805898961,-0.573934280965,-0.0117084525488,0.0,-0.00826945564864,0.00860122871111,-0.99992881495,0.0,0.656178393318,0.25369822259,0.303617756707,1.0,-0.01496,-0.0196617142857,0.749
0.460890031654,0.516292175932,-0.124116687773,-1.40493560457,0.0764872904476,1.9121943902,0.152785959196,-0.0106985305509,-0.0796406247758,-0.000287625099601,-0.122548831933,-0.0114230453815,0.0474124908624,-0.0228283673823,0.573969238259,0.818861906938,0.00228862405728,0.0,0.818823409259,-0.573909566818,-0.0116953181074,0.0,-0.00826354634524,0.00858689710278,-0.999928986979,0.0,0.655940005238,0.253385252587,0.303610600032,1.0,-0.01528,-0.0200822857143,0.765
0.460696356295,0.514849047472,-0.124122352551,-1.40725101859,0.0763527706591,1.91306682365,0.152473817814,-0.00855627715042,-0.0814264685206,0.000244278381497,-0.128180481332,-0.00563351360701,0.0517619848789,-0.016915285608,0.573962281689,0.818866782375,0.00228884712784,0.0,0.818828234224,-0.573902554826,-0.0117015940314,0.0,-0.00826863063566,0.00859061165767,-0.999928913043,0.0,0.655660418904,0.253036541178,0.303596239185,1.0,-0.01564,-0.0205554285714,0.783
0.460515467814,0.513518615174,-0.124122441679,-1.40938154755,0.0762342631156,1.91379858269,0.152186467083,-0.0110127992218,-0.0807275140895,-0.000738671916243,-0.133834006696,-0.00335377259405,0.0430219209084,-0.0191725589701,0.57395497688,0.818872042369,0.00223822299775,0.0,0.818832619459,-0.573895216354,-0.0117545249706,0.0,-0.00834110699035,0.00857946328915,-0.999928406809,0.0,0.655387433051,0.252713105791,0.303578060681,1.0,-0.01596,-0.020976,0.799
0.46033095016,0.512194945219,-0.124130227287,-1.41152880492,0.0761012712985,1.91455678033,0.151885464378,-0.0112518700366,-0.0850021704846,-0.000896242823957,-0.134396086802,-0.00323976316907,0.0509240391288,-0.0170589395949,0.573941627592,0.818881556776,0.00217967650849,0.0,0.818841331158,-0.573882050752,-0.0117903822047,0.0,-0.00840421111725,0.00855196501806,-0.999928113981,0.0,0.655118224494,0.252380246312,0.303549327151,1.0,-0.01628,-0.0213965714286,0.815
0.460131537168,0.510747692906,-0.124131556427,-1.41383293901,0.0759530658443,1.9154335461,0.151554045769,-0.0148015358517,-0.0840809510995,-0.00067113084891,-0.135855991799,-0.00920125772892,0.0498941094088,-0.0143879503124,0.573915007106,0.818900186111,0.00219013861971,0.0,0.81886015538,-0.573855453072,-0.0117775978584,0.0,-0.00838801558358,0.00855292207929,-0.999928241785,0.0,0.654840866054,0.252029999503,0.30354209203,1.0,-0.01662,-0.0218434285714,0.832
0.459920683901,0.509189423458,-0.124131211795,-1.41633128862,0.0758027699497,1.91635928307,0.151206388773,-0.00719888484263,-0.0824969940528,0.00400240392215,-0.134193397164,-0.0104093064026,0.0515909857719,-0.0219552989436,0.573892388108,0.81891607058,0.00217787020934,0.0,0.818875807187,-0.5738328098,-0.0117926121523,0.0,-0.00840758809617,0.008551260214,-0.99992809162,0.0,0.654531496072,0.251654726689,0.303523848258,1.0,-0.01698,-0.0223165714286,0.85
0.459717407533,0.50776626558,-0.12413507299,-1.41857031681,0.0756582611717,1.91716042701,0.15089158724,-0.0177749722555,-0.0816882778367,0.000529641422786,-0.143834680334,-0.00951471741036,0.0444837300085,-0.0158659843562,0.573880767781,0.818924258627,0.00216099629878,0.0,0.81888377852,-0.573821259295,-0.0118011253029,0.0,-0.00842436436729,0.00854220812802,-0.999928027793,0.0,0.654253387088,0.251303571879,0.303523256329,1.0,-0.0173,-0.0227371428571,0.866
0.459508991659,0.506203130726,-0.124140955921,-1.4210006584,0.0755016429232,1.91805215719,0.150570798255,-0.0173529889121,-0.0958269093062,-0.000601556710492,-0.139152058813,-0.00723752899327,0.0582425388136,-0.0100095375752,0.573876235616,0.818927394376,0.0021761978554,0.0,0.81888715324,-0.573816710531,-0.0117881243425,0.0,-0.00840504108062,0.00854714944845,-0.999928148179,0.0,0.653952737295,0.250931261029,0.303536885211,1.0,-0.01764,-0.023184,0.883
0.459310846551,0.50478820501,-0.124140857235,-1.42316489926,0.0753623372799,1.91890267142,0.150266718732,-0.0120691070586,-0.0968452814516,0.000345189656195,-0.149768330238,-0.0134510290649,0.0571135474897,-0.0218155101655,0.573863587756,0.818936039023,0.00225688665751,0.0,0.818896935763,-0.573803847388,-0.0117345737696,0.0,-0.00831501520512,0.00858236740958,-0.999928599197,0.0,0.653697973867,0.250598774444,0.30356927725,1.0,-0.01794,-0.0235782857143,0.898
0.459086050124,0.503132636188,-0.124151466785,-1.42564134101,0.0752096146518,1.91983944175,0.149928816269,-0.0126546696373,-0.101942787865,-0.00203411981765,-0.151189293763,-0.00543652333346,0.0629126801676,-0.0191803592541,0.573864587896,0.818935067427,0.00235308271311,0.0,0.818897259218,-0.573804538923,-0.011678050236,0.0,-0.0082135134518,0.00862871860019,-0.999929039188,0.0,0.653400704785,0.250212523528,0.303628412409,1.0,-0.01828,-0.0240251428571,0.915
0.458808347851,0.50112366513,-0.124154334344,-1.42862091478,0.0750213355837,1.9209199589,0.149500275377,-0.0188015032787,-0.102253103588,-0.000411691323269,-0.152467454925,-0.0119408882656,0.0504438416015,-0.0226710403709,0.573844381039,0.81894895342,0.00244641439251,0.0,0.818912340459,-0.573783982959,-0.0116304103523,0.0,-0.00812115534913,0.00867761163664,-0.999929370452,0.0,0.653032560226,0.249745408884,0.303706217324,1.0,-0.01868,-0.0245508571429,0.935
0.458572037854,0.499418099055,-0.124155076408,-1.43120448538,0.0748562988693,1.92184173565,0.149139461299,-0.0113273167427,-0.104856608119,-0.000618581820274,-0.154412137821,-0.00210091733468,0.0604781925064,-0.0263962361555,0.573829691572,0.81895913735,0.00248260393935,0.0,0.818922961316,-0.573769133328,-0.0116151612389,0.0,-0.0080880566379,0.00869835323134,-0.999929458507,0.0,0.652706681452,0.249342693175,0.303746226328,1.0,-0.01902,-0.0249977142857,0.952
0.458345395349,0.497943298247,-0.124153631206,-1.43353525767,0.0747047582588,1.92272114145,0.14879302253,-0.0191676260516,-0.100840522805,0.00567527506391,-0.154326499258,-0.0115607963688,0.0578661867154,-0.0153423899257,0.573808063098,0.818974247795,0.00249701295693,0.0,0.81893829655,-0.573747498189,-0.011602657796,0.0,-0.00806977837213,0.00870276568931,-0.999929567793,0.0,0.652422605233,0.248973855038,0.303741420422,1.0,-0.01932,-0.025392,0.967
0.458076262641,0.496176785345,-0.12414834539,-1.43636859107,0.0745309330089,1.92372122532,0.148376558271,-0.0170288657002,-0.0999323063588,0.00233951647225,-0.152869384568,-0.011444497278,0.0544869242575,-0.0266002796558,0.573779878785,0.818994158121,0.00244265569893,0.0,0.8189573434,-0.573719338659,-0.0116506240428,0.0,-0.0081405509482,0.00868549169572,-0.999929144322,0.0,0.652058568264,0.248528610641,0.303710563893,1.0,-0.01968,-0.0258651428571,0.985
0.457832348013,0.494700133578,-0.124151129451,-1.43879235277,0.0743780416957,1.92455286337,0.148034273614,-0.0199451998286,-0.0989602691324,-0.000668427055269,-0.161706822801,-0.0162652345461,0.0541792301264,-0.0247828635428,0.573781917934,0.81899302164,0.00234266066253,0.0,0.818954800865,-0.573721626635,-0.0117164915035,0.0,-0.00825184856721,0.00864141053667,-0.999928613962,0.0,0.651745608488,0.248131966641,0.303657796191,1.0,-0.01998,-0.0262594285714,1.0
0.457555447918,0.492975322419,-0.124162866552,-1.44159302894,0.0741943584787,1.92558193003,0.147653288552,-0.0170219815448,-0.10880698649,-0.00846538934882,-0.168817083375,-0.0123946167004,0.0670771722128,-0.0247390028825,0.573796102268,0.818983226746,0.00229221105935,0.0,0.818944421681,-0.573736071168,-0.011734638461,0.0,-0.0082955076182,0.00861064905246,-0.999928518083,0.0,0.651397867628,0.247675636837,0.303615241807,1.0,-0.0210862857143,-0.0277134040816,1.017
0.457270706676,0.491135522857,-0.124159279034,-1.44454456547,0.0740148379944,1.9266329894,0.147231987661,-0.0185110944698,-0.107660740541,1.26571496681e-05,-0.17802939362,-0.0165938342502,0.0582413387018,-0.0262704743058,0.573780710142,0.818994145931,0.00224332367804,0.0,0.818954537098,-0.573720692288,-0.0117805054504,0.0,-0.00836128476702,0.00859677240197,-0.999928089625,0.0,0.651017712655,0.24720916863,0.303581600916,1.0,-0.0222617142857,-0.0292582530612,1.034
0.456957627706,0.48921631401,-0.124170427197,-1.44765311291,0.0738148850087,1.92772995423,0.146789733692,-0.0191218673384,-0.11886934798,-0.00128561181257,-0.187577482427,-0.0127313039241,0.0590712996142,-0.0227172365453,0.573783386749,0.818992499092,0.00215833822224,0.0,0.818951748687,-0.573723661856,-0.0118296259393,0.0,-0.00845024789642,0.0085553824144,-0.999927696757,0.0,0.650620362059,0.246698123262,0.30353212402,1.0,-0.0234371428571,-0.0308031020408,1.051
0.456625279859,0.487136085679,-0.124177818598,-1.45085736947,0.0736129307344,1.92896315028,0.146326037913,-0.0166690394977,-0.121502689793,0.00141474499914,-0.19187992911,-0.0141211097357,0.0745351831154,-0.0239464591946,0.573785619333,0.818990699852,0.00224577471749,0.0,0.81895115679,-0.573725626359,-0.011775200719,0.0,-0.00835548224022,0.00859578613563,-0.999928146607,0.0,0.650233451768,0.246176404042,0.303559583296,1.0,-0.0246125714286,-0.0323479510204,1.068
0.456256903688,0.48494494394,-0.12420156071,-1.45417752872,0.0734094466805,1.93020441558,0.145817082189,-0.0245719190536,-0.126162595186,-0.00310358198376,-0.198002869241,-0.0136666773938,0.0625102128659,-0.0295274730913,0.573796481249,0.818982830862,0.00233832444237,0.0,0.818944533372,-0.573736182862,-0.01172137518,0.0,-0.00825818268224,0.00864080821533,-0.999928566875,0.0,0.649833436225,0.245609974789,0.303608974595,1.0,-0.025788,-0.0338928,1.085
0.455885790867,0.48266374206,-0.124231669134,-1.45770172775,0.0731753828692,1.93139447523,0.145282445744,-0.0228943040328,-0.135754894619,-0.00276237076903,-0.216649082504,-0.0105900739124,0.0712396786604,-0.0298739730181,0.573792945397,0.818985460818,0.00228422499159,0.0,0.818946486627,-0.573732876913,-0.011746697033,0.0,-0.00830999909991,0.0086109957091,-0.99992839477,0.0,0.649377093006,0.245007298039,0.303618395666,1.0,-0.0269634285714,-0.0354376489796,1.102
0.455547636574,0.480571646569,-0.12425646635,-1.46096661107,0.0729843834621,1.9325785902,0.144803460824,-0.0238777303462,-0.141737530085,-0.00549026150902,-0.223611902572,-0.0114703664521,0.0798976373512,-0.0335846907468,0.573803551087,0.818977997301,0.00229599610708,0.0,0.81893907456,-0.573743331637,-0.0117528065948,0.0,-0.00830813750919,0.00862424913001,-0.999928296018,0.0,0.648964734867,0.244463837122,0.303618415019,1.0,-0.0280005714286,-0.0368007510204,1.117
0.455127687756,0.478120171443,-0.124265490182,-1.46471032015,0.0727517115679,1.93396403598,0.144257525809,-0.0243939265152,-0.145108762313,-0.00121650430117,-0.224317635903,-0.00599522233392,0.085701523638,-0.0263290302805,0.573825819936,0.818962170424,0.0023745927879,0.0,0.818924234159,-0.573765268557,-0.0117158954352,0.0,-0.00823257478802,0.00866766176403,-0.999928545623,0.0,0.648500755618,0.243831826071,0.303655220483,1.0,-0.029176,-0.0383456,1.134
0.454716387826,0.475726318432,-0.124275721825,-1.4683911323,0.0725192647745,1.93530417808,0.143732168552,-0.023473338281,-0.14979581006,0.000309569944908,-0.2376171762,-0.0158220832854,0.0807677241714,-0.0354643330096,0.573854536509,0.818941923111,0.00241751940136,0.0,0.818904510087,-0.573793788212,-0.0116978147226,0.0,-0.0081928310071,0.00869272894876,-0.999928654447,0.0,0.648037379482,0.243208787239,0.303676832911,1.0,-0.0302822857143,-0.0397995755102,1.15
0.454271105349,0.473096447844,-0.124285323873,-1.47247885024,0.0722575933561,1.93673908947,0.14314226247,-0.0282645105407,-0.154889391165,-0.00480000532557,-0.246267886692,-0.0178547103835,0.0811475265963,-0.0296667925864,0.573867935694,0.818932596653,0.00239612672301,0.0,0.818894799618,-0.573807151619,-0.0117220651431,0.0,-0.00822482494933,0.00868926033365,-0.999928421943,0.0,0.647505482321,0.242521371585,0.303674868406,1.0,-0.0314577142857,-0.0413444244898,1.167
0.453787652465,0.470221571435,-0.124277793643,-1.47689069083,0.0719877924451,1.93831772589,0.142470581436,-0.0300759501651,-0.161378273568,-0.000296915789751,-0.24644877858,-0.0127397380283,0.0821073050475,-0.0384715484496,0.573845526932,0.81894816794,0.00244056330729,0.0,0.818910693743,-0.573784312542,-0.0117296741378,0.0,-0.00820579619319,0.008729792503,-0.99992822524,0.0,0.646931130537,0.241793011121,0.303698105036,1.0,-0.0327022857143,-0.0429801469388,1.185
0.453347107559,0.46755759761,-0.124273325253,-1.48088501214,0.071723201348,1.93987515549,0.141810395789,-0.031141570601,-0.168678021932,0.00123151367377,-0.25489606763,-0.0153385820325,0.0922915559282,-0.0441024736872,0.573779985766,0.81899351634,0.00262583867607,0.0,0.8189585989,-0.573718285847,-0.0116141583596,0.0,-0.00800558286242,0.00881459448963,-0.99992910427,0.0,0.646437744947,0.241136700892,0.303770657742,1.0,-0.0338085714286,-0.044434122449,1.201
0.452816756153,0.464481281917,-0.124282885794,-1.48564705186,0.0713871260118,1.94148549004,0.141103680274,-0.027637402889,-0.170787100645,0.000466206944774,-0.270180575016,-0.0128389579684,0.0876665489812,-0.0392340407583,0.573773568459,0.818998261108,0.00254702590514,0.0,0.818962344576,-0.573712168723,-0.011652146842,0.0,-0.00808198384915,0.00877178106465,-0.999928866167,0.0,0.645799328802,0.240322309257,0.303765572595,1.0,-0.0350531428571,-0.046069844898,1.219
0.452253641616,0.461342579409,-0.124290302022,-1.49059223303,0.0710621235665,1.94323063779,0.140366055784,-0.0320509566359,-0.180641453905,-0.000329788040214,-0.272644372957,-0.00603925532499,0.104138796962,-0.0446200883387,0.573778123904,0.818995248369,0.00248889101209,0.0,0.818958477473,-0.57371682296,-0.0116947051926,0.0,-0.00815014625525,0.00874863283718,-0.999928515715,0.0,0.645146428638,0.239478532882,0.303725944298,1.0,-0.0362977142857,-0.0477055673469,1.237
0.451764022222,0.458661576125,-0.124287586658,-1.49475558612,0.0707774944166,1.94469409491,0.139730009624,-0.0377709516134,-0.181940306828,0.000355204370757,-0.276596302038,-0.0247249704393,0.0973450533117,-0.0473043296825,0.573770888295,0.819000388879,0.00246529166588,0.0,0.818963276808,-0.573709636511,-0.0117111535244,0.0,-0.00817723514226,0.0087386705481,-0.999928381667,0.0,0.644595519816,0.238762398654,0.303716374257,1.0,-0.0373348571429,-0.0490686693878,1.252
0.451176932091,0.455595783222,-0.124312917829,-1.49967100389,0.0704552867664,1.94640941716,0.138978521339,-0.0353692270996,-0.177925306168,-0.0026251120004,-0.286201629349,-0.0230085024448,0.0978723105321,-0.050718253981,0.573792877194,0.818985344103,0.00234246171497,0.0,0.818946542237,-0.573731980157,-0.0117865517938,0.0,-0.00830922795685,0.00868155753464,-0.999927791038,0.0,0.64394367207,0.237895043863,0.303634695728,1.0,-0.0385102857143,-0.0506135183673,1.269
0.45064893506,0.452722317299,-0.124357242258,-1.50406415676,0.0701393627626,1.94794337753,0.138272643884,-0.034839271279,-0.196171145027,-0.00203140609757,-0.29298970843,-0.0154766471351,0.107900427406,-0.0467926937704,0.573792793726,0.818985436558,0.00233055246407,0.0,0.818946751011,-0.573732224846,-0.0117601056051,0.0,-0.00829440186555,0.00865662888509,-0.999928130254,0.0,0.64336802327,0.237103014854,0.303651557332,1.0,-0.0395474285714,-0.0519766204082,1.284
0.450039645066,0.449335345817,-0.12439110402,-1.50910116134,0.0698064956142,1.9498401625,0.137505976599,-0.0386207505232,-0.194706925358,-0.000364865894743,-0.298260581534,-0.0190162626854,0.104213496766,-0.0529733438126,0.573826285319,0.818961386859,0.00252745176813,0.0,0.818925475757,-0.573765228866,-0.0116307438104,0.0,-0.00807512161012,0.00874398950681,-0.99992916502,0.0,0.642729619596,0.236217715693,0.303742972778,1.0,-0.0407228571429,-0.0535214693878,1.301
0.449334370667,0.445488000353,-0.124403481063,-1.51496305211,0.0694043243298,1.95177266465,0.136627994338,-0.0387628179735,-0.199935268858,0.000206293337322,-0.311382844903,-0.0190973690451,0.10807427514,-0.0486260718915,0.573845346689,0.818948257319,0.00245292028693,0.0,0.818911195981,-0.573784356222,-0.0116924143299,0.0,-0.00816819231463,0.00871852929928,-0.999928631394,0.0,0.64191712333,0.235185873497,0.303757021176,1.0,-0.0420365714286,-0.0552480653061,1.32
0.448803299932,0.442626965257,-0.124397933236,-1.51935711397,0.069093906999,1.95335969594,0.135931855918,-0.0373391051737,-0.206317168966,0.00216318774861,-0.307401155613,-0.0214401101173,0.113278649449,-0.0564510412833,0.573815948306,0.818968755658,0.00248628772345,0.0,0.81893220022,-0.573754919612,-0.011665786062,0.0,-0.00812755096259,0.00873028325264,-0.999928860004,0.0,0.641329046859,0.234427539403,0.303761247445,1.0,-0.0430045714286,-0.0565202938775,1.334
0.448083623934,0.438930058366,-0.124398992223,-1.52511730415,0.0687148556721,1.9553939936,0.134994629593,-0.0401986907335,-0.206173216615,0.0014713969554,-0.32059357042,-0.0146362407427,0.114037275172,-0.0542680284177,0.573788812779,0.818987844135,0.00246097349,0.0,0.818950759908,-0.573727664104,-0.0117032982104,0.0,-0.00817308775603,0.00873080579055,-0.999928484276,0.0,0.640548141971,0.233415185799,0.303723728288,1.0,-0.0442491428571,-0.0581560163265,1.352
0.447366246462,0.435276681033,-0.12442102803,-1.53067609187,0.0683310658427,1.95735178267,0.134111495459,-0.0410333988665,-0.221876385536,-0.000699394755181,-0.323424151624,-0.0256791616077,0.122786656019,-0.0562973620605,0.573806140396,0.818975607508,0.00249288022961,0.0,0.818938987173,-0.573744927698,-0.0116807589379,0.0,-0.00813613590604,0.0087441763659,-0.999928668792,0.0,0.6398008159,0.232410298494,0.303742621729,1.0,-0.0454245714286,-0.0597008653061,1.369
0.446573277206,0.431306142357,-0.124433703799,-1.53667706133,0.0678845715785,1.95949242786,0.133144831766,-0.0423815359054,-0.213891367354,-8.97530633272e-05,-0.341499849086,-0.0339902075366,0.112063875306,-0.0535026738228,0.573808207388,0.818973961392,0.00255706824163,0.0,0.81893848823,-0.573747108707,-0.0116083869396,0.0,-0.00804001092202,0.00875523786605,-0.999929349521,0.0,0.638997369606,0.231318629826,0.303779357257,1.0,-0.0466691428571,-0.0613365877551,1.387
0.445818189731,0.427493703612,-0.12446530539,-1.54260943085,0.0674564716799,1.96136994135,0.132205528996,-0.0401956890304,-0.224514018144,-0.000525911802715,-0.350429414628,-0.0196372855824,0.110137631365,-0.0633923198305,0.573814285843,0.818970361056,0.0023366591695,0.0,0.818931886001,-0.573753828364,-0.011741270343,0.0,-0.00827524459209,0.00865103991671,-0.99992833735,0.0,0.638142460273,0.230233616551,0.303715657983,1.0,-0.0478445714286,-0.0628814367347,1.404
