position_joint1,position_joint2,position_joint3,position_joint4,position_joint5,position_joint6,position_joint7,velocity_joint1,velocity_joint2,velocity_joint3,velocity_joint4,velocity_joint5,velocity_joint6,velocity_joint7,ee_T_00,ee_T_10,ee_T_20,ee_T_30,ee_T_01,ee_T_11,ee_T_21,ee_T_31,ee_T_02,ee_T_12,ee_T_22,ee_T_32,ee_T_03,ee_T_13,ee_T_23,ee_T_33,v_x,v_y,time
0.465069191612,0.547835303608,-0.123993572991,-1.35586290505,0.0794599072488,1.89409754808,0.159151958753,-0.000360642806938,0.000948980779156,-6.16858741432e-05,-0.00135556309648,9.10116047819e-05,-0.000242779653921,-0.00152896759991,0.573798115982,0.818982942692,0.00184623300791,0.0,0.818938798543,-0.573740321196,-0.0119178427601,0.0,-0.00870141914452,0.00835054833758,-0.999927274179,0.0,0.661672760035,0.260873595115,0.303161642941,1.0,0.0,0.0,0.0
0.465072676771,0.547835329608,-0.123991026667,-1.35586362029,0.0794591820467,1.89409821782,0.159156369983,0.000243554488833,0.000554478267481,-0.00132738719121,-0.000988517884105,-0.000162447887019,-4.47222526453e-05,0.000394254620734,0.573796946659,0.818983761702,0.00184634055575,0.0,0.818939612791,-0.573739145647,-0.0119184837544,0.0,-0.00870189434439,0.00835099178938,-0.99992726634,0.0,0.6616712756,0.260877217446,0.303161256621,1.0,-0.00012,-0.000157714285714,0.007
0.465066954277,0.547834599413,-0.123994506514,-1.35585554115,0.0794585848384,1.89409942277,0.159152870018,-0.00055123817278,-0.000131626258438,-1.63405535599e-05,0.00202134939492,-0.000406089449247,0.00040925222688,-0.000545952843063,0.57380060722,0.818981180938,0.00185346271737,0.0,0.818937158471,-0.573742808128,-0.0119108143335,0.0,-0.00869148922266,0.00835246279893,-0.999927344551,0.0,0.661675714858,0.26087237309,0.303165837704,1.0,-0.00036,-0.000473142857143,0.019
0.465064039322,0.547821111292,-0.123999169667,-1.35587000883,0.079459195184,1.89409710056,0.159149528851,-0.000613055700319,-0.00042566318002,-0.000576744940132,0.000302419670588,-0.000170330137479,-0.000264693061749,0.00167978003923,0.573804427784,0.818978510232,0.00185076581603,0.0,0.818934452965,-0.573746639878,-0.0119122573801,0.0,-0.00869417952441,0.00835112270572,-0.999927332356,0.0,0.661674088628,0.26086614612,0.303168461018,1.0,-0.0007,-0.00092,0.036
0.465071559434,0.547788319096,-0.123994884389,-1.35590280022,0.079455293959,1.89410533042,0.159149362959,0.0009599791535,9.61269070774e-05,-0.000367435919906,-0.00168073929267,-6.58823802145e-06,0.000323488732404,-0.00208589276528,0.573795895376,0.818984471414,0.00185820721259,0.0,0.818940501183,-0.573738067743,-0.0119093260057,0.0,-0.00868759611123,0.00835544439296,-0.999927353473,0.0,0.661666354536,0.260870069025,0.30317665009,1.0,-0.001,-0.00131428571429,0.051
0.465071163393,0.547668334123,-0.123989608542,-1.35604349593,0.0794551172529,1.89413137126,0.15915281452,0.000628635115382,-0.00253574693586,0.000878174086483,-0.00976959018642,-0.000358118917863,5.99390666448e-05,0.000754197545676,0.573802962557,0.818979492571,0.00187024301544,0.0,0.818935541666,-0.573744951205,-0.0119187442465,0.0,-0.00868833190475,0.00837078039896,-0.999927218814,0.0,0.661641367654,0.260859477134,0.303196770203,1.0,-0.00136,-0.00178742857143,0.069
0.465062661021,0.54752718193,-0.123992460366,-1.35624350532,0.0794527279865,1.89417996207,0.15914841864,-0.00235962682294,-0.0113606496612,-0.000118230412733,-0.0109629477626,-7.12292613573e-05,0.00217492424271,0.000320289568281,0.573818688255,0.818968481345,0.00186721029844,0.0,0.81892438299,-0.573760583809,-0.0119329088178,0.0,-0.0087015120727,0.00837659140181,-0.999927055542,0.0,0.661611935416,0.260833224187,0.303205874921,1.0,-0.0017,-0.00223428571429,0.086
0.465048457529,0.547369684491,-0.1239969389,-1.35644583903,0.0794488867163,1.89430552909,0.159142800647,0.000703050849924,-0.0118061277069,-0.00137062291724,-0.0146297215418,-0.00012056686145,0.00723438282894,0.000923602005365,0.573839471709,0.818953754763,0.00193782594802,0.0,0.818910590853,-0.573781083819,-0.0118936512713,0.0,-0.00862862862159,0.00841211471355,-0.999927388911,0.0,0.661599702521,0.260807207408,0.303232182496,1.0,-0.00202,-0.00265485714286,0.102
0.46503035127,0.547173645836,-0.123992577757,-1.35667669509,0.0794487732275,1.894404055,0.159125962234,0.000355342613127,-0.00887301707896,-0.000568008300448,-0.01930525436,0.000234032545525,0.0067341044388,-0.00116186969279,0.573850366393,0.818945967994,0.00200134910784,0.0,0.818903501634,-0.573791589365,-0.0118749268263,0.0,-0.00857673128779,0.00845350565873,-0.999927486332,0.0,0.661575322052,0.260779608812,0.303269573459,1.0,-0.00236,-0.00310171428571,0.119
0.464999105083,0.546962350632,-0.123992805751,-1.35697143516,0.0794406449777,1.89454081122,0.159110037596,-0.00202055080996,-0.00946459634149,-0.00154585520906,-0.0227413658546,0.000342781609535,0.0106463294975,-0.00280360559561,0.573877569748,0.81892678231,0.00205111103784,0.0,0.818884915569,-0.573818540157,-0.0118543210056,0.0,-0.00853101966468,0.0084827161373,-0.999927629996,0.0,0.661549231198,0.260734572593,0.303290814015,1.0,-0.0027,-0.00354857142857,0.136
0.46496799551,0.546724609223,-0.123989895959,-1.35732735488,0.079432651963,1.89467572554,0.159080635783,-0.00516876697365,-0.0160405191321,0.0011316326768,-0.0210780952356,-0.000147696300817,0.00764372226097,0.000106261254407,0.573894738892,0.818914694582,0.00207329958715,0.0,0.818872983955,-0.573835485794,-0.0118582584348,0.0,-0.00852133327068,0.00850332486305,-0.999927537547,0.0,0.661508648598,0.260684418328,0.30330139103,1.0,-0.00302,-0.00396914285714,0.152
0.464930340078,0.546453857879,-0.12399770054,-1.35774926054,0.0794207802432,1.8948227685,0.158935485264,-0.00297416024452,-0.0136196225609,-0.0021268855045,-0.0258653247615,0.000359849276625,0.0105662623439,-0.0123209046536,0.573832561324,0.818958256598,0.00207663560239,0.0,0.81891648242,-0.573773195709,-0.0118685132654,0.0,-0.00852846328567,0.00851129435775,-0.999927408956,0.0,0.661460569612,0.260616524234,0.30330532482,1.0,-0.00336,-0.004416,0.169
0.464881677321,0.546125743934,-0.123990200083,-1.358263487,0.0793974732521,1.89501113608,0.158908629217,0.000906739973046,-0.0216053434535,0.000309293255102,-0.027077376369,0.000116385466555,0.00643374665236,-0.00296705710774,0.573867736437,0.818933590061,0.00208399788626,0.0,0.818891801513,-0.573808226716,-0.0118778478264,0.0,-0.00853151768924,0.00852304652438,-0.999927282798,0.0,0.661401014313,0.260540960268,0.30330898035,1.0,-0.00372,-0.00488914285714,0.187
0.464828439752,0.545837731478,-0.123992475783,-1.35875641401,0.0793495618693,1.89516936371,0.15886619079,-0.00399890854902,-0.0222337177431,-4.81209006393e-05,-0.0309891743614,-0.000828047122966,0.0117160465664,-0.00160319199516,0.573892881658,0.818916096213,0.00203338314666,0.0,0.818873788121,-0.573833713038,-0.0118884738653,0.0,-0.0085690037865,0.00848795810458,-0.999927260725,0.0,0.661344041416,0.260452676139,0.303292018893,1.0,-0.00402,-0.00528342857143,0.202
0.464757832133,0.545462409093,-0.123994887401,-1.35941909092,0.0792682195575,1.89539939966,0.158751138274,-0.00587783584693,-0.0136654359031,0.00055783179665,-0.0334378199643,-0.000699219494342,0.0100021906651,-0.0127715168968,0.573873550448,0.818929820997,0.00196042841452,0.0,0.818886920624,-0.573815035134,-0.0118854359163,0.0,-0.00860858034973,0.00842626872718,-0.999927442538,0.0,0.661271065948,0.26033328675,0.303262236848,1.0,-0.00438,-0.00575657142857,0.22
0.464691069544,0.545043409339,-0.12399560972,-1.36011956819,0.0792596973063,1.89561848867,0.158676814823,-0.000858997544977,-0.0297243583468,0.000640144543697,-0.0448977117404,-0.00105220653834,0.0173009929169,-0.00129888366732,0.573904472802,0.818908232503,0.00192606813696,0.0,0.818864519239,-0.573845740359,-0.0119462255348,0.0,-0.00867776351562,0.00843334349454,-0.999926784889,0.0,0.661182822041,0.260224560534,0.303244476149,1.0,-0.00472,-0.00620342857143,0.237
0.464622540338,0.544633803447,-0.12400401095,-1.36079585289,0.0792337772727,1.8958545312,0.158612244843,-0.00577071782244,-0.0249622279501,-0.000961745496235,-0.0428907916268,-0.000788439749377,0.0122379766073,-0.0036616238598,0.5739443678,0.818880320137,0.00190548275023,0.0,0.818836220332,-0.573885602849,-0.0119710491064,0.0,-0.00870949509257,0.00843115683028,-0.999926527446,0.0,0.661106389252,0.260111310234,0.303233236915,1.0,-0.00504,-0.006624,0.253
0.464551886886,0.54415896656,-0.12400357634,-1.36157790334,0.0791972322788,1.89614239163,0.158492939702,-0.00778760592463,-0.0318355140182,0.000289254991324,-0.047666397097,-0.00585426953069,0.0210140254514,-0.000990392150631,0.573938128632,0.818884719261,0.00189419241002,0.0,0.818840358779,-0.573879302909,-0.0119899720512,0.0,-0.00873153518633,0.00843270566973,-0.99992632217,0.0,0.661016711235,0.259991878861,0.303221970445,1.0,-0.00538,-0.00707085714286,0.27
0.464479189237,0.543616421747,-0.124007727546,-1.36245149351,0.0791512356167,1.89644243044,0.158389939881,-0.00525426676807,-0.0273874418862,-0.000791811475495,-0.0500479543499,-0.00280431518578,0.0119350971889,-0.00573086718365,0.573952494411,0.818874704919,0.00187048251704,0.0,0.818829953204,-0.573893689894,-0.0120119664554,0.0,-0.00876300608808,0.00842606744964,-0.999926102825,0.0,0.660912170538,0.259857765826,0.303216180232,1.0,-0.00574,-0.007544,0.288
0.464407347663,0.543147827547,-0.124010865402,-1.3632067097,0.0791014177593,1.89670853959,0.158298856726,-0.00881635994077,-0.0349343917575,-0.000487693282217,-0.0519791066847,-0.00132622478945,0.0203956412428,-0.00691264302869,0.57395874625,0.818870357155,0.00185544536862,0.0,0.818825452279,-0.573900047333,-0.0120150435606,0.0,-0.00877409175527,0.00841558725745,-0.999926093871,0.0,0.660819989256,0.259728296285,0.303216389577,1.0,-0.00606,-0.00796457142857,0.304
0.464339573508,0.542530808971,-0.124012218311,-1.36416949372,0.0790540440299,1.89705142551,0.158178034073,-0.00184375774848,-0.0370870917233,-0.00222255599228,-0.0520567076792,-0.00217344650871,0.0163593294129,-0.00501094133367,0.573965931226,0.818865326744,0.00185292995079,0.0,0.818820253938,-0.573907112812,-0.012031812272,0.0,-0.00878919342837,0.00842322908116,-0.9999258969,0.0,0.660709132215,0.259598826707,0.303219297784,1.0,-0.0064,-0.00841142857143,0.321
0.46425893057,0.541920269329,-0.124009085565,-1.36511282297,0.0789969351975,1.89740785682,0.158049970406,-0.00334709261776,-0.0373153107658,0.000831350539177,-0.0548683370229,-0.00274569345578,0.0160744050476,-0.0104671672338,0.573962102193,0.818867964239,0.00187331014496,0.0,0.818823143853,-0.573903182736,-0.0120225969237,0.0,-0.00876998966281,0.0084345870984,-0.999925969771,0.0,0.660602171834,0.2594583555,0.303232831582,1.0,-0.00674,-0.00885828571429,0.338
0.464180557311,0.541304133503,-0.124011953358,-1.36604954009,0.0789387375547,1.89775394472,0.157915148997,-0.00327157905388,-0.0377688492347,0.000685298959576,-0.0592935052699,-0.00100578479222,0.0203219201064,-0.00681089236831,0.573954292428,0.81887339132,0.00189369825821,0.0,0.818828857068,-0.573895305272,-0.0120095095909,0.0,-0.00874765172619,0.00844368692718,-0.999926088639,0.0,0.660495513745,0.259315895473,0.303252680082,1.0,-0.00706,-0.00927885714286,0.354
0.464097086897,0.540615093723,-0.124020076895,-1.36711361899,0.0788795961385,1.89814244271,0.157783363493,-0.00787818358566,-0.0408297098547,-0.00184474531631,-0.0629700033762,-0.00397809876145,0.027324200341,-0.00702461115633,0.573963556674,0.818866869447,0.00190594704754,0.0,0.818822472204,-0.573904493686,-0.0120057503941,0.0,-0.0087374478882,0.00845165819069,-0.999926110509,0.0,0.66037223552,0.259155590433,0.30326721345,1.0,-0.0074,-0.00972571428571,0.371
0.463989061935,0.539887997258,-0.124014814798,-1.36822426282,0.0788158469988,1.89856159497,0.157649482862,-0.0049333501946,-0.045968630313,-0.000539620056312,-0.0642018619306,-0.000232372243497,0.0273565919908,-0.0113294309774,0.573983164605,0.81885304794,0.00193895093681,0.0,0.818809027247,-0.573923905628,-0.0119947634171,0.0,-0.0087093059701,0.00847258591885,-0.999926178914,0.0,0.660248667893,0.258983151345,0.303288582562,1.0,-0.00774,-0.0101725714286,0.388
0.463904058799,0.539176021815,-0.124016547839,-1.36932393226,0.078754057897,1.89898076709,0.157522009633,-0.00569716616428,-0.0431834370709,-0.0015554905914,-0.0632815681291,-0.00469658028991,0.0326997437434,-0.00488194018622,0.573993951245,0.818845419932,0.00196700080726,0.0,0.81880173908,-0.573934546416,-0.0119831302672,0.0,-0.00868356880526,0.00848899141151,-0.99992626361,0.0,0.660122557866,0.258823287302,0.303304611197,1.0,-0.00806,-0.0105931428571,0.404
0.46378568361,0.538406409146,-0.124025423258,-1.37052236649,0.0786839268795,1.89944136644,0.15737848174,-0.00381679993369,-0.0479963955527,0.000324549469436,-0.0723267193756,-0.00348974303209,0.0306729035115,-0.00514619072232,0.57401993524,0.818827121105,0.00200164723814,0.0,0.818783909197,-0.573960398107,-0.0119632080285,0.0,-0.00864709942694,0.00850620021897,-0.999926433409,0.0,0.659986431677,0.258618885457,0.303322936426,1.0,-0.00842,-0.0110662857143,0.422
0.463673303927,0.537564246204,-0.12403223209,-1.37183969722,0.0786037612317,1.89994621972,0.157209657277,-0.00633292860833,-0.0495813393621,-0.0024874801183,-0.0771319225342,-0.00548532029377,0.0274771510474,-0.0112490581639,0.574048936457,0.818806732544,0.00202489371151,0.0,0.818763861737,-0.573989336231,-0.0119468618764,0.0,-0.00862006950279,0.00851615711138,-0.99992658204,0.0,0.659840672248,0.258410762901,0.303335535615,1.0,-0.00878,-0.0115394285714,0.44
0.463553480313,0.536778556221,-0.124036421679,-1.37306270921,0.0785477504734,1.90040136563,0.15707178673,-0.00960592950647,-0.0504242134029,-0.00223859219867,-0.0773600618406,-0.00598101553911,0.0342835558615,-0.00324732609956,0.574077498078,0.818786677144,0.00203726108008,0.0,0.8187438517,-0.574017728317,-0.0119540696957,0.0,-0.00861857496161,0.00853072164922,-0.999926470774,0.0,0.659709599925,0.258231078653,0.303341967999,1.0,-0.00908,-0.0119337142857,0.455
0.463439327616,0.535917746567,-0.124045444975,-1.37441583223,0.0784564159542,1.90090210358,0.156886564874,-0.00686412706433,-0.0543136979653,-0.00325265477974,-0.0775341895094,-0.00704686981584,0.0329952752538,-0.0135920253152,0.574075546551,0.818788047401,0.00203646416829,0.0,0.818745326185,-0.5740158938,-0.0119411648063,0.0,-0.00860848595569,0.00852264031958,-0.999926626594,0.0,0.659554729964,0.258020429235,0.303349189177,1.0,-0.00942,-0.0123805714286,0.472
0.463318411719,0.534965934454,-0.124051251025,-1.37592793118,0.0783751867128,1.90144873579,0.156713494532,-0.00916453503748,-0.0562656217985,-0.000894569486509,-0.0886722871534,-0.00298044347307,0.0320820912845,-0.00978219102331,0.574098086363,0.818772263728,0.00202836998435,0.0,0.818729337053,-0.57403836557,-0.0119571904696,0.0,-0.00862601979563,0.00852545032078,-0.999926451535,0.0,0.659374586166,0.257794269727,0.303348693507,1.0,-0.00978,-0.0128537142857,0.49
0.463200189454,0.534126615308,-0.124053954417,-1.37731329545,0.078306729992,1.90194846086,0.156545355822,-0.00481094185039,-0.0585891112917,-0.00105551276363,-0.0854897034198,-0.00619286407113,0.0311060501814,-0.019840645411,0.57411668243,0.81875930551,0.00199536910855,0.0,0.818715781642,-0.574056933526,-0.0119938676705,0.0,-0.00867480230943,0.0085196837262,-0.999926078665,0.0,0.659209095758,0.257584150417,0.303324832108,1.0,-0.0101,-0.0132742857143,0.506
0.463075685335,0.533263166467,-0.124051945082,-1.37870594773,0.0782130670178,1.90247097111,0.156368265983,-0.0105274065497,-0.0531939126286,-0.00142556566061,-0.0855337524757,-0.00204743710916,0.0370856381623,-0.018761622775,0.574123311738,0.818754686117,0.00198337601839,0.0,0.818711071247,-0.574063676984,-0.011992642994,0.0,-0.00868061564904,0.00850923164598,-0.999926117215,0.0,0.659048696051,0.257369580396,0.303316131009,1.0,-0.01042,-0.0136948571429,0.522
0.462940620555,0.532252638508,-0.124049270834,-1.38034490328,0.0781321284547,1.90308877084,0.156165411651,-0.0103443027254,-0.0546085331593,-0.000112661867642,-0.0941785911776,-0.00603685243586,0.0359839078451,-0.0113747356554,0.57413386445,0.818747287563,0.0019828517682,0.0,0.818703476332,-0.574074044888,-0.0120148129273,0.0,-0.00869895924176,0.00852164268032,-0.999925852108,0.0,0.658855283285,0.257129656902,0.30330200877,1.0,-0.01078,-0.014168,0.54
0.462814572776,0.531311451377,-0.124046769366,-1.38185354893,0.0780271054407,1.90362781414,0.155967229044,-0.00550973404729,-0.0559146598575,-0.000172066439757,-0.0977921858267,-0.00407646131128,0.0277229245725,-0.0148061204586,0.57412688168,0.818752259632,0.0019514046421,0.0,0.818708098964,-0.574067257062,-0.012024140741,0.0,-0.00872472286951,0.00850117688738,-0.999925801849,0.0,0.658673322829,0.256900956974,0.303293926556,1.0,-0.0111,-0.0145885714286,0.556
0.462676235663,0.530276108918,-0.124052211017,-1.38350360933,0.077939550316,1.90420888983,0.155756918192,-0.00958440558371,-0.0638693040948,9.40225178242e-05,-0.101740786725,-0.00615852536048,0.0320462655876,-0.010556616515,0.574137860324,0.818744615487,0.00192843330205,0.0,0.818700000507,-0.57407818334,-0.0120538576191,0.0,-0.0087621282329,0.00849954801012,-0.99992548862,0.0,0.658472794428,0.256649684023,0.303288615373,1.0,-0.01144,-0.0150354285714,0.573
0.462538049147,0.529224747256,-0.12405244935,-1.38515146793,0.0778270281942,1.9048192736,0.155532818629,-0.00552177543319,-0.0646021306056,0.000420824981205,-0.0981889949721,-0.00897480829762,0.0345813301805,-0.0107939405201,0.574126810993,0.818752353556,0.00193270480998,0.0,0.818707889019,-0.574067208771,-0.0120407297253,0.0,-0.00874904179164,0.00849538999688,-0.999925638543,0.0,0.658278737357,0.256399997354,0.303297711548,1.0,-0.01178,-0.0154822857143,0.59
0.462404526527,0.5282064072,-0.1240475462,-1.3867487423,0.0777322457775,1.9054411622,0.155324636744,-0.00772864517728,-0.0632778011414,0.000703861479863,-0.096735299657,-0.0016498446859,0.0400043179535,-0.00974870819958,0.574123453055,0.818754620122,0.00196966542491,0.0,0.818710617336,-0.574063672088,-0.0120238243669,0.0,-0.00871401615713,0.00851590951806,-0.999925769849,0.0,0.658094146314,0.256165590247,0.303308251828,1.0,-0.0121,-0.0159028571429,0.606
0.462254027385,0.527052593395,-0.12405031085,-1.38851129058,0.0776196539368,1.9061146306,0.155065242113,-0.00902191982555,-0.0741205240194,0.00110157321606,-0.106605256578,-0.00907823036126,0.0390125311256,-0.0166694408396,0.574101267643,0.818770052337,0.00202059089632,0.0,0.818726787946,-0.574041345773,-0.0119886172859,0.0,-0.00865618474365,0.00853715664216,-0.99992609098,0.0,0.65789129971,0.25589837697,0.303339916273,1.0,-0.01244,-0.0163497142857,0.623
0.462090299577,0.52574340185,-0.124060948534,-1.39053031094,0.0774943354555,1.90685333081,0.154799562485,-0.00584077982629,-0.0708116233486,-0.000824190740286,-0.106783765735,-0.00969107494878,0.0363300546237,-0.0071149051468,0.574100315181,0.818770668686,0.00204135027273,0.0,0.818727714575,-0.574040345373,-0.0119732273119,0.0,-0.00863167610345,0.00854530814061,-0.999926233217,0.0,0.657650671847,0.255591895648,0.303364426159,1.0,-0.01282,-0.0168491428571,0.642
0.461948534498,0.524723000037,-0.124067003554,-1.39216351497,0.0773835471563,1.90743804725,0.154576749829,-0.01122789618,-0.0707813384596,-0.0012896974911,-0.112256088745,-0.00674085251061,0.0363643791075,-0.0150959236575,0.574101095268,0.81877018573,0.00201550827778,0.0,0.818726938852,-0.574041277437,-0.011981581609,0.0,-0.00865334345659,0.0085289542561,-0.999926185569,0.0,0.657440155873,0.255323244135,0.303357012164,1.0,-0.01314,-0.0172697142857,0.658
0.461799607792,0.523521452441,-0.124073362284,-1.39408029543,0.0772745538619,1.90813590936,0.154320459992,-0.0098032144196,-0.0747036321679,-0.000307691386871,-0.112810029344,-0.00463116271892,0.0415438213929,-0.0188180350249,0.574086179945,0.818780690246,0.00199654162821,0.0,0.818737143449,-0.574026392344,-0.0119974052012,0.0,-0.0086773431895,0.00852235139231,-0.999926033885,0.0,0.657219749569,0.2550528762,0.303348829051,1.0,-0.01346,-0.0176902857143,0.674
0.461642915395,0.522298638219,-0.124070438151,-1.39601353983,0.0771605862753,1.90889293192,0.154053797062,-0.00984809502158,-0.0732201845554,-0.00132477351393,-0.113364333346,-0.00380890417087,0.0375498545933,-0.0165376946753,0.574067172158,0.818793919368,0.00203626067745,0.0,0.818750872204,-0.574007201403,-0.0119786853947,0.0,-0.00863941280584,0.00854392475341,-0.999926178223,0.0,0.656993280831,0.2547711097,0.303353628747,1.0,-0.0138,-0.0181371428571,0.691
0.461485014441,0.521115400226,-0.12407510114,-1.39790439211,0.0770406946172,1.90961070242,0.153793473238,-0.0158895694484,-0.0799625806589,0.000166780241755,-0.124305346733,-0.00332580747031,0.0483262154575,-0.0119945584704,0.574055395917,0.818802168426,0.00203919123157,0.0,0.818759218592,-0.573995472847,-0.0119702140126,0.0,-0.00863091682672,0.00854133701072,-0.999926273701,0.0,0.656769638515,0.254485088859,0.303347306513,1.0,-0.01412,-0.0185577142857,0.707
0.461313916344,0.51982852055,-0.124078746097,-1.39995532059,0.0769076282337,1.9103589346,0.153525665119,-0.0134505091109,-0.0782537454078,-4.87084373281e-05,-0.12364911959,-0.0148096053306,0.043187702598,-0.0194233698552,0.57405204478,0.818804566663,0.00201950412003,0.0,0.818761400897,-0.573992244877,-0.0119757305741,0.0,-0.0086467696569,0.00852834884336,-0.999926247601,0.0,0.6565201936,0.25417336872,0.303339844821,1.0,-0.01446,-0.0190045714286,0.724
0.461110019278,0.518243984563,-0.124084022058,-1.40240530968,0.0767527768128,1.9112299289,0.153194687116,-0.0158096708647,-0.077424091941,-0.00176860100132,-0.122085538642,-0.00599129656718,0.0487020424523,-0.0174863250788,0.574039726811,0.818813197926,0.00202134771503,0.0,0.818770043727,-0.573979908404,-0.0119761072387,0.0,-0.00864614815561,0.00852994451243,-0.999926239364,0.0,0.656217805918,0.253800604226,0.303361610616,1.0,-0.01486,-0.0195302857143,0.744
0.460975149641,0.517200087384,-0.124092560459,-1.40404519199,0.0766472897577,1.91182123694,0.152962907661,-0.00720069905812,-0.0883050922441,-0.000953928473124,-0.123030678895,-0.00948729125056,0.0492192380459,-0.0193943839958,0.574021534189,0.818825947823,0.00202295802875,0.0,0.818782894738,-0.573961790363,-0.0119658426202,0.0,-0.00863700810216,0.00852517890555,-0.999926358996,0.0,0.656001925888,0.253534333468,0.303374144507,1.0,-0.01514,-0.0198982857143,0.758
0.460778022361,0.515773416813,-0.124099064322,-1.40633793708,0.0764947462552,1.91269394896,0.152655394095,-0.0132484806738,-0.0782776473198,0.000361847574989,-0.128058799338,-0.00880257454476,0.0518191162652,-0.0200675164304,0.574011077809,0.818833329318,0.00200206198224,0.0,0.818790067098,-0.57395148523,-0.0119693577333,0.0,-0.0086519891719,0.00850997624134,-0.999926358982,0.0,0.655756120231,0.253224143272,0.303348493277,1.0,-0.01546,-0.0203188571429,0.774
0.460585188269,0.514301826172,-0.124093320146,-1.40870351931,0.076350701626,1.91353745814,0.15232898853,-0.0143179192289,-0.0849222398185,0.00277983847298,-0.137319615898,-0.0117808544547,0.0497255494259,-0.0204802857541,0.573990997879,0.818847494045,0.00196538832449,0.0,0.818803661306,-0.573931472382,-0.0119990058565,0.0,-0.00869752511603,0.00849675208989,-0.999926076398,0.0,0.655445302086,0.252846941104,0.303328952643,1.0,-0.01584,-0.0208182857143,0.793
0.460412727467,0.513065640981,-0.124103560751,-1.41070352153,0.0762339068381,1.91423966296,0.15205212219,-0.0124150049662,-0.0838207018504,0.00042055777183,-0.131997609751,-0.00738525585017,0.0504975267026,-0.0189602072305,0.573986116569,0.818851038136,0.00191369540132,0.0,0.818806432619,-0.573926718028,-0.0120372395531,0.0,-0.00875855381269,0.00847631768536,-0.999925717128,0.0,0.655194554025,0.252535650752,0.303304508244,1.0,-0.01614,-0.0212125714286,0.808
0.46021494133,0.51163266205,-0.124103253698,-1.4130031972,0.0761004264164,1.91507864184,0.151723476105,-0.0103168778218,-0.084369846934,-0.00448393228676,-0.140154048856,-0.00584192785978,0.0562160070135,-0.0186685030482,0.573968290533,0.818863565947,0.00189966532874,0.0,0.818818737608,-0.573908916773,-0.0120489456432,0.0,-0.00877637669667,0.00847135739978,-0.99992560289,0.0,0.654897407178,0.252165142116,0.303289657654,1.0,-0.0165,-0.0216857142857,0.826
0.460013500381,0.510170277105,-0.124107020116,-1.41531888109,0.0759546449382,1.91596147664,0.151402315132,-0.0095970836159,-0.0910822650237,-0.00408096151863,-0.135231328111,-0.00530242338746,0.0579833733472,-0.0248891679601,0.573949391501,0.818876780973,0.00191323811673,0.0,0.818832084751,-0.573889917536,-0.0120468433451,0.0,-0.00876706102736,0.0084810624499,-0.999925602343,0.0,0.654630938764,0.251834230805,0.303284717385,1.0,-0.01682,-0.0221062857143,0.842
0.459808122702,0.508738867154,-0.124115727533,-1.41754920252,0.0758136122805,1.91676154219,0.151095783112,-0.0161790865979,-0.0899128004067,0.000777210828461,-0.142675269211,-0.0126810165172,0.048782190341,-0.0151489298829,0.573950446604,0.818876047688,0.00191056746523,0.0,0.818831322316,-0.573890989635,-0.0120475936064,0.0,-0.00876919721737,0.00847931746794,-0.99992559841,0.0,0.654356762341,0.25148045162,0.30329442734,1.0,-0.01714,-0.0225268571429,0.858
0.459592025331,0.507121575604,-0.124116389848,-1.42009303052,0.0756516499155,1.91767692863,0.150736016991,-0.00966577828711,-0.0941106203227,0.000990227730479,-0.141864795382,-0.00636140552647,0.0526920963751,-0.0265007389652,0.573921143432,0.818896614428,0.00189813086454,0.0,0.818851695451,-0.573861714113,-0.0120573974794,0.0,-0.00878466647525,0.00847444618419,-0.999925503924,0.0,0.654036551743,0.251094142147,0.303294194566,1.0,-0.0175,-0.023,0.876
0.459356318415,0.505435583658,-0.124125554668,-1.42269294556,0.0754845428208,1.91866923179,0.150372701599,-0.0176332061397,-0.0967987327616,-0.000164632329612,-0.14842018069,-0.0116943823981,0.0576333465823,-0.0303920306467,0.573912416541,0.818902591338,0.00195727903585,0.0,0.818858559203,-0.573852844083,-0.0120133367173,0.0,-0.00871473021255,0.00849750140062,-0.99992592023,0.0,0.653726083112,0.250688695901,0.30332156695,1.0,-0.01786,-0.0234731428571,0.894
0.459176566349,0.504077423388,-0.124131567774,-1.42472677429,0.0753591868913,1.91945464153,0.150102388172,-0.0112028634446,-0.099273524149,-0.000309633344242,-0.147362680269,-0.0120197221172,0.0515139962426,-0.0188750721376,0.573913518347,0.818901596062,0.00204849387014,0.0,0.818858809382,-0.573853615643,-0.0119593065127,0.0,-0.00861812550265,0.00854119937377,-0.999926385203,0.0,0.653483560359,0.250377279654,0.303370652246,1.0,-0.01814,-0.0238411428571,0.908
0.458931197824,0.502294505621,-0.124131950641,-1.42736415762,0.0751893655975,1.92044031852,0.14973058576,-0.0119347745847,-0.103058723338,0.000771118923622,-0.148035916266,-0.00230125370155,0.049452040924,-0.0199895699815,0.573899466893,0.818911163889,0.00215741949398,0.0,0.818869851211,-0.573839174592,-0.0118960238058,0.0,-0.00850393860599,0.00859393296019,-0.999926911001,0.0,0.653163785565,0.249966814563,0.303445692812,1.0,-0.0185,-0.0243142857143,0.926
0.458697218423,0.500564270323,-0.124140906231,-1.42995362614,0.0750282399534,1.92135030243,0.149372533758,-0.0128813583148,-0.106840994268,-0.0024463707637,-0.155571255464,-0.00956772289877,0.0521962956178,-0.0207285088124,0.573892617647,0.818915847395,0.00220118071339,0.0,0.81887505749,-0.573832103146,-0.0118787423985,0.0,-0.00846474521166,0.00861978051012,-0.999927021073,0.0,0.652836428713,0.249560223572,0.30349979163,1.0,-0.01884,-0.0247611428571,0.943
0.458464091969,0.498965150899,-0.124140792226,-1.43241830447,0.0748749724016,1.92224965557,0.149022355352,-0.0144676024341,-0.104462146248,-0.001613334481,-0.155202082717,-0.00153921452227,0.0592074427996,-0.0184969457559,0.573880641874,0.818924162086,0.00222991834088,0.0,0.818883698734,-0.573819966174,-0.0118693415143,0.0,-0.00844068139643,0.00863779541001,-0.999927069035,0.0,0.652529797723,0.249173175697,0.303520059037,1.0,-0.01916,-0.0251817142857,0.959
0.458213688546,0.497299728815,-0.124141537514,-1.43507439852,0.074705084033,1.92322477318,0.14862502703,-0.0141549494335,-0.103768237771,-0.000661532963575,-0.154240386057,-0.0134516654959,0.0527236356227,-0.0139497400024,0.573849639918,0.818945934132,0.00221238248125,0.0,0.818905229359,-0.573789024304,-0.0118797229591,0.0,-0.00845957290363,0.008629072462,-0.999926984702,0.0,0.652198056694,0.248755111743,0.30350154344,1.0,-0.0195,-0.0256285714286,0.976
0.457947048323,0.495618792131,-0.124138756481,-1.43776231584,0.0745458308571,1.92415358974,0.148226175758,-0.0179955417821,-0.0959476025783,-0.000693605420894,-0.151669533026,-0.00552366901704,0.0642780187469,-0.0214912534278,0.573831939191,0.818958497878,0.00215202683499,0.0,0.818916774985,-0.573771334059,-0.0119381222149,0.0,-0.00854221979272,0.00861297252265,-0.999926420886,0.0,0.651851175849,0.248323740462,0.303473957987,1.0,-0.01984,-0.0260754285714,0.993
0.457679613133,0.494035999045,-0.124147778128,-1.44036992566,0.0743772700597,1.92508607385,0.147863362467,-0.0222156555763,-0.103028822273,-0.0049035198412,-0.169226816321,-0.00885328545067,0.0592600352237,-0.0246586103138,0.573845878479,0.818948952017,0.00206606994445,0.0,0.818906098385,-0.573785617071,-0.0119839297156,0.0,-0.00862891159691,0.00856901093248,-0.999926054234,0.0,0.651524010172,0.247892040469,0.303416394861,1.0,-0.0230702857143,-0.0303209469388,1.009
0.457406044062,0.491833137597,-0.124221736854,-1.4437613154,0.0741866550887,1.92635443261,0.147378180942,-0.0140830395243,-0.137573267791,-0.00313657536693,-0.213077724736,-0.0168770170179,0.0842207389589,-0.0316196850271,0.57384484423,0.81894951949,0.00212748177152,0.0,0.818907595073,-0.573784457004,-0.0119371074057,0.0,-0.0085553371177,0.00859242395164,-0.999926485527,0.0,0.651105742307,0.24735271333,0.303447572461,1.0,-0.0296371428571,-0.0389516734694,1.026
0.457008624513,0.489159620939,-0.124224090591,-1.44807421704,0.0739436189281,1.92792518098,0.146751278862,-0.0272032601172,-0.167587182864,-0.00284730319407,-0.275257517805,-0.0188029535312,0.0973737913702,-0.0369092628822,0.57380129986,0.818980146061,0.00208219562251,0.0,0.81893724627,-0.573740721403,-0.0120049230196,0.0,-0.00863731948467,0.00859379343983,-0.999925768958,0.0,0.650515751516,0.246639830403,0.303390493316,1.0,-0.0365902857143,-0.0480900897959,1.044
0.45649374919,0.485843761782,-0.124275733206,-1.45324252827,0.0736285450841,1.92987343617,0.145986620509,-0.0267140408932,-0.206481310267,-0.00980550582374,-0.317817005884,-0.0203398419208,0.12856702601,-0.0557032046288,0.573812491729,0.818972125415,0.00215151808649,0.0,0.818930295569,-0.573751789996,-0.0119499529898,0.0,-0.00855240570561,0.00861914158878,-0.99992628066,0.0,0.649919442597,0.245831552417,0.303404662367,1.0,-0.0427708571429,-0.0562131265306,1.06
0.455894679947,0.482010138232,-0.124372238488,-1.4592483547,0.0732636355514,1.93199086095,0.145049946377,-0.0338939015203,-0.2356532195,-0.00878713553506,-0.375210608126,-0.0223441473847,0.126440572537,-0.0561236751811,0.573801911584,0.818979689743,0.00209307257647,0.0,0.818937156952,-0.573741511833,-0.011973197767,0.0,-0.00860508884271,0.00858450394986,-0.99992612664,0.0,0.649158192891,0.244809952125,0.303392809321,1.0,-0.0493377142857,-0.0648438530612,1.077
0.455186020371,0.477554264745,-0.124459625026,-1.46616836887,0.0728531604258,1.93445168114,0.144040450547,-0.0448391258166,-0.270770590995,-0.00666986783128,-0.418046346147,-0.0300672903307,0.15055468827,-0.0605669235653,0.573844711449,0.818949715364,0.00208752205932,0.0,0.818907010889,-0.573784230475,-0.0119879637665,0.0,-0.00861991823613,0.0085888814208,-0.999925961322,0.0,0.648277053911,0.243639284949,0.303402719356,1.0,-0.0559045714286,-0.0734745795918,1.094
0.454323771397,0.472285583792,-0.124535286817,-1.47430797215,0.0723738827706,1.93739794148,0.142863344422,-0.0463534467905,-0.307028135026,-0.00315410517812,-0.476346864301,-0.025721376476,0.163401977144,-0.0763880565237,0.573904507453,0.818907636357,0.00215553737372,0.0,0.81886561642,-0.573843533168,-0.0119770024138,0.0,-0.00857128257871,0.00863891743727,-0.999925948368,0.0,0.647241622221,0.242265319617,0.303431029928,1.0,-0.0628577142857,-0.0826129959184,1.112
0.45339526103,0.466720216707,-0.124584072212,-1.48269058491,0.0718528625087,1.94054531578,0.141514447794,-0.0608516948471,-0.344450179474,-0.00272434634189,-0.508202496871,-0.032190217241,0.188553568718,-0.0819545814393,0.573853592418,0.818942541945,0.00243194635695,0.0,0.818904220467,-0.573791628803,-0.0118233378568,0.0,-0.00828736345484,0.00877656501524,-0.999927143103,0.0,0.646194128802,0.240847792782,0.303557960604,1.0,-0.0694245714286,-0.091243722449,1.129
0.452491195638,0.461427629512,-0.124598238204,-1.4908964073,0.0713238233209,1.9433791298,0.140257941571,-0.0642643387692,-0.355921804191,0.00208030190701,-0.569556728396,-0.0293560421583,0.189020848026,-0.079296152201,0.57381555089,0.818969390714,0.0023659103711,0.0,0.818929866153,-0.573753486313,-0.011897821987,0.0,-0.00838666416904,0.00876483869168,-0.999926418026,0.0,0.645095269999,0.239463997049,0.303546156006,1.0,-0.0752188571429,-0.0988590693877,1.144
0.451288153103,0.454559863217,-0.124689439588,-1.50158181465,0.0706093464837,1.94699299859,0.138650473569,-0.0680473550635,-0.383629109099,-0.00720231424664,-0.611635786958,-0.0420889165694,0.209187774453,-0.0924346346453,0.573848307941,0.818946981819,0.00216964135176,0.0,0.818904804967,-0.573786938418,-0.0120090218177,0.0,-0.00859000568776,0.00866825346888,-0.999925533819,0.0,0.643653890884,0.237596323585,0.303499939936,1.0,-0.082172,-0.107997485714,1.162
0.450140641119,0.447840215574,-0.124757985607,-1.51145147272,0.069927197492,1.95075721461,0.1370697204,-0.0737319769694,-0.418238211733,0.000837629049809,-0.622540143522,-0.042686223892,0.230119427658,-0.0985117453938,0.573805889064,0.81897528759,0.0026508288245,0.0,0.818940188616,-0.573743541864,-0.0116645848889,0.0,-0.00803226549139,0.00886424842453,-0.999928451346,0.0,0.642406293492,0.235888829824,0.303740077073,1.0,-0.0883525714286,-0.116120522449,1.178
0.448626587336,0.439519872991,-0.124783271288,-1.52428668093,0.0690827299812,1.95515858675,0.135064932238,-0.0841523519561,-0.448731839005,-0.00425326521599,-0.702875997507,-0.0571221609828,0.234008964119,-0.110459928146,0.573762952571,0.819005669169,0.00255637013016,0.0,0.818968801972,-0.573700358722,-0.0117790789518,0.0,-0.00818069948226,0.00885215693231,-0.999927355098,0.0,0.640636571133,0.233666553721,0.30370743244,1.0,-0.095692,-0.125766628571,1.197
0.447413954467,0.432902812514,-0.124825396534,-1.53422865131,0.0684170370003,1.9586547537,0.133434987802,-0.0882998390231,-0.488017867045,-0.00408084907549,-0.714869557928,-0.0444578504389,0.259264173965,-0.122540545435,0.573703912913,0.819046584792,0.0026942809322,0.0,0.8190114396,-0.57364075048,-0.0117174269638,0.0,-0.00805172422194,0.00892915251723,-0.999927717374,0.0,0.6392823646,0.231916227373,0.303795547822,1.0,-0.1011,-0.132874285714,1.211
0.445615376226,0.423563538952,-0.124863383241,-1.54847758074,0.0673917899868,1.96363030216,0.131092539452,-0.0965320723894,-0.506311482751,-0.00141338772645,-0.75452072218,-0.0562456719831,0.265950259923,-0.132832674335,0.573611463628,0.819111295141,0.00270589514567,0.0,0.819076527604,-0.573548524058,-0.0116824389943,0.0,-0.00801740992792,0.00891768782334,-0.999928095406,0.0,0.637312390852,0.229373656407,0.303802243172,1.0,-0.108439428571,-0.142520391837,1.23
0.444069646873,0.415780642564,-0.124974707819,-1.56029120471,0.0665398392656,1.96766677502,0.129186180985,-0.101496214147,-0.533908575865,-0.00660654484754,-0.81656619869,-0.0622806778656,0.287265148372,-0.135035991187,0.573655111797,0.819080861291,0.00266500983276,0.0,0.819045884171,-0.573592665551,-0.0116636421646,0.0,-0.00802499048225,0.00887384413371,-0.999928424648,0.0,0.635664180688,0.227184541567,0.303813039357,1.0,-0.114233714286,-0.150135738775,1.245
0.441925935651,0.40543507108,-0.125038218313,-1.57601379529,0.0654850372342,1.9730544203,0.12656022259,-0.117836047814,-0.554082167558,-0.00206693064643,-0.87529102417,-0.0570520371461,0.276315952535,-0.131684819688,0.573656987728,0.819079504192,0.00267827278259,0.0,0.819044105661,-0.573593838099,-0.0117306767683,0.0,-0.00807227156262,0.00892318003372,-0.999927605024,0.0,0.633431922311,0.224288550629,0.303795262652,1.0,-0.121573142857,-0.159781844898,1.264
0.440181404334,0.397410655006,-0.125157012717,-1.58796408269,0.0646707066949,1.97713397438,0.124514484151,-0.126695910879,-0.585008500031,-0.0080368395842,-0.84917193392,-0.0585385001541,0.308662432128,-0.153907476983,0.573747936936,0.819015394785,0.00279908351784,0.0,0.818981462709,-0.573684236055,-0.0116836613508,0.0,-0.00796346174549,0.00899604731135,-0.9999278246,0.0,0.63174742412,0.221979567331,0.303872032612,1.0,-0.126981142857,-0.166889502041,1.278
0.437576668647,0.385614433751,-0.125296750206,-1.60588074547,0.0632899204287,1.9831249042,0.121423957947,-0.132455393723,-0.596531850714,-0.00840639059173,-0.907363538668,-0.0668890243669,0.287137470759,-0.159516067555,0.573753862665,0.819011894436,0.00260168222092,0.0,0.818975955929,-0.573691474721,-0.0117141941288,0.0,-0.0081016573972,0.0088519497408,-0.999928000475,0.0,0.629138003011,0.218526203059,0.303789579378,1.0,-0.134706857143,-0.177043297959,1.298
0.435613161795,0.376870174844,-0.125376675387,-1.61873037115,0.0623553975952,1.98744620917,0.119119640341,-0.13997298258,-0.617396597833,-0.007545157303,-0.931551977222,-0.0649586543031,0.308184912114,-0.162777356419,0.573751281359,0.819013164269,0.00276600690966,0.0,0.818979334402,-0.573688292883,-0.0116335434144,0.0,-0.007941352317,0.00894023506579,-0.999928501004,0.0,0.627256671526,0.216025566268,0.303898456973,1.0,-0.140114857143,-0.184150955102,1.312
0.432714979216,0.36476633602,-0.125526286744,-1.63676199548,0.0609972787069,1.99343249429,0.115918329675,-0.156952348689,-0.64567633728,-0.0129415591297,-0.951045638214,-0.0740057899253,0.32310345813,-0.175519824895,0.573881839968,0.818921696011,0.00276341415063,0.0,0.818887986896,-0.573819017454,-0.0116166701713,0.0,-0.00792759627678,0.0089296946273,-0.999928704344,0.0,0.624585255269,0.212407261699,0.30390335743,1.0,-0.147454285714,-0.193797061224,1.331
0.430295842154,0.354856054992,-0.125635831739,-1.65146838048,0.0598611156626,1.99823032621,0.113173295872,-0.166409979722,-0.652602795855,-0.00365424639087,-0.990318510574,-0.0710817482632,0.313945903587,-0.185253722985,0.573884815372,0.818919750983,0.00272158722195,0.0,0.818885574091,-0.573822218337,-0.0116286366471,0.0,-0.00796136629123,0.00890233790755,-0.99992867997,0.0,0.622355777321,0.209435268919,0.303897434251,1.0,-0.153248571429,-0.201412408163,1.346
0.427021552373,0.341759999485,-0.125786387996,-1.67063580181,0.0584414963714,2.0044561018,0.1095818134,-0.173909393623,-0.692019562217,-0.00698746088572,-1.02358558623,-0.0734293070335,0.333776363538,-0.18596175289,0.573977266485,0.818854548742,0.00284120821685,0.0,0.818821484353,-0.573913756864,-0.0116242567243,0.0,-0.00788811888344,0.0089986746814,-0.999928398154,0.0,0.619412451232,0.205512964088,0.303966676566,1.0,-0.160588,-0.211058514286,1.365
0.424495639484,0.331991863419,-0.125844097398,-1.68518092956,0.0572673801401,2.00906170414,0.106805837847,-0.180245147568,-0.700986474478,-0.00470116482207,-1.04327791053,-0.0805744360847,0.31788835684,-0.194977730428,0.573942166064,0.818879777818,0.00265450473749,0.0,0.818844128168,-0.573879128654,-0.0117382435692,0.0,-0.00808900115853,0.00891087011927,-0.999927579605,0.0,0.617105784957,0.202538529231,0.303868386875,1.0,-0.165996,-0.218166171429,1.379
0.42066830782,0.317400356335,-0.12585734728,-1.70627907158,0.0555126515264,2.0157821302,0.102655984918,-0.194646386166,-0.744408079027,-0.000315510265988,-1.07139097676,-0.0856625817038,0.33190686981,-0.205784707739,0.573818527732,0.818966037401,0.00277014753234,0.0,0.818932047646,-0.573755276016,-0.0116589657867,0.0,-0.00795906348515,0.00895886565948,-0.999928193439,0.0,0.613730198074,0.198192968769,0.303955195026,1.0,-0.173721714286,-0.228319967347,1.399
