position_joint1,position_joint2,position_joint3,position_joint4,position_joint5,position_joint6,position_joint7,velocity_joint1,velocity_joint2,velocity_joint3,velocity_joint4,velocity_joint5,velocity_joint6,velocity_joint7,ee_T_00,ee_T_10,ee_T_20,ee_T_30,ee_T_01,ee_T_11,ee_T_21,ee_T_31,ee_T_02,ee_T_12,ee_T_22,ee_T_32,ee_T_03,ee_T_13,ee_T_23,ee_T_33,v_x,v_y,time
0.465066299026,0.547677340709,-0.124030378361,-1.35581342908,0.0795265007873,1.89413945967,0.159138246546,0.000940664856013,0.00259089385817,-0.00135177772698,8.93064779525e-05,-0.000100809560099,-8.49372967444e-05,-0.000682930670293,0.57382992924,0.818960072536,0.00208777433347,0.0,0.818918765586,-0.57377084152,-0.0118247068877,0.0,-0.00848622216031,0.00849525185657,-0.999927904766,0.0,0.661702146346,0.260872021627,0.303302075762,1.0,0.0,0.0,0.0
0.465063773835,0.547675466103,-0.124032901481,-1.35581348011,0.0795300518118,1.89413946387,0.159141369445,-0.000208572207063,0.00172726257211,-0.0017753277021,5.95376519683e-05,0.000170152567573,-0.00940007335203,0.000595873910777,0.573837257572,0.818954930237,0.00209068517152,0.0,0.818913642464,-0.573778138689,-0.0118254239019,0.0,-0.00848506312406,0.00849812304576,-0.999927890204,0.0,0.661703224129,0.26086948522,0.303303469983,1.0,-0.0,-0.0,0.001
0.465063764066,0.547665960171,-0.124022372419,-1.35581349709,0.0795314712856,1.89413865217,0.159144206165,-0.000613703896578,-0.00107118634603,0.00164440768431,-0.001048680442,0.000240167055571,1.80868963539e-05,-0.000252359339587,0.573832585674,0.818958175514,0.00210173250311,0.0,0.818916965256,-0.573773357189,-0.0118273199937,0.0,-0.00848032556161,0.00850820982622,-0.999927844619,0.0,0.661700815407,0.260875871717,0.303309779551,1.0,-0.00038,-0.000499428571429,0.02
0.46506279294,0.547660272855,-0.124023063053,-1.35581213431,0.0795307587137,1.89413993756,0.159139132801,-0.000812367949288,0.000339334189723,0.000847238189563,0.00200571606158,-7.53700460667e-05,8.3224828756e-05,-0.00103133674472,0.573829443646,0.818960359947,0.00210839766727,0.0,0.818919249379,-0.573770202191,-0.011822223828,0.0,-0.00847236004489,0.00851071141452,-0.999927890853,0.0,0.661701987321,0.260875039211,0.30331459047,1.0,-0.0007,-0.00092,0.036
0.465068134374,0.547602691311,-0.124020351419,-1.35585885377,0.0795274552047,1.89415260977,0.159141663177,0.00114336860242,-0.00767135875527,0.00178928354122,0.00035215662227,0.000176028927637,0.0025524955895,-0.0037326943336,0.573826906322,0.818962082677,0.00212969932264,0.0,0.818921235449,-0.573767567361,-0.0118125220041,0.0,-0.00845221795394,0.00852256304363,-0.999927960371,0.0,0.66169349781,0.260875682573,0.303334149519,1.0,-0.00106,-0.00139314285714,0.054
0.465061960935,0.547488835613,-0.124025472903,-1.35600247074,0.0795287152501,1.8941859341,0.159144796126,-0.00260423930923,-0.0095701064778,-3.78128621179e-06,-0.0116956437748,0.000227073516587,0.00409273818517,0.00112124168337,0.573846311915,0.818948463506,0.0021380656545,0.0,0.818907637889,-0.573786849672,-0.0118185723062,0.0,-0.00845217040514,0.00853308671313,-0.999927871022,0.0,0.661672943508,0.260855548199,0.303349512043,1.0,-0.00138,-0.00181371428571,0.07
0.465056661511,0.547352226031,-0.124027975949,-1.35618387145,0.0795246654116,1.89424036129,0.159139187151,0.000830174508505,-0.0119611338144,-0.000608510593859,-0.00828366628835,1.36714891329e-05,0.00920729947094,0.0008467621133,0.573856774303,0.818941100342,0.00215026959421,0.0,0.818900368784,-0.573797197403,-0.0118198629006,0.0,-0.00844611547682,0.00854392945766,-0.999927829597,0.0,0.661648001527,0.260833894518,0.303364741976,1.0,-0.0017,-0.00223428571429,0.086
0.465034398638,0.547173179958,-0.124026148594,-1.35641822491,0.0795231129556,1.89435062383,0.159130829571,-0.00316974670905,-0.0140796745636,0.00148627778043,-0.0126089614732,0.000363964759243,0.00341289534805,0.00178638422685,0.573879708884,0.818924886209,0.00220394650946,0.0,0.818884765904,-0.573819831212,-0.0118020497809,0.0,-0.0084004857952,0.00857790026513,-0.999927923135,0.0,0.661626462051,0.260801998906,0.303389534921,1.0,-0.00206,-0.00270742857143,0.104
0.465020434514,0.546977118298,-0.124025797069,-1.35664863195,0.0795209496188,1.89448371183,0.159114835711,-0.000573322788983,-0.00853226460677,0.000854180189629,-0.0161892779492,0.000327844619611,0.0076684816304,0.000965561300397,0.573890361699,0.818917174355,0.00229372978527,0.0,0.818878183684,-0.573830100114,-0.0117593958618,0.0,-0.00831392010765,0.00862705532244,-0.999928223749,0.0,0.661609031533,0.260776888737,0.303430283667,1.0,-0.0024,-0.00315428571429,0.121
0.464996324829,0.546751602419,-0.124025798042,-1.35695545016,0.0795171164517,1.89460342153,0.159086599455,-0.00397145908956,-0.0122144026114,0.00136465058216,-0.026316206333,0.000259727917719,0.00814752090443,-0.00159986302587,0.573903133101,0.81890810797,0.00233482747468,0.0,0.818869532942,-0.573842591826,-0.0117522222045,0.0,-0.00828432609936,0.00865672289651,-0.999928212968,0.0,0.661574986947,0.260734988522,0.303454357733,1.0,-0.00274,-0.00360114285714,0.138
0.464955999067,0.546498621008,-0.12402331902,-1.35733538637,0.0795036289892,1.89474228785,0.158971859905,0.000763992614722,-0.0122179743934,-0.000516163724685,-0.0215249681431,-0.000253792247949,0.0124552192341,-0.0114203772551,0.573858129373,0.818939597067,0.00235172470866,0.0,0.818901137701,-0.573797421605,-0.0117555319917,0.0,-0.00827781643208,0.008672004601,-0.999928134463,0.0,0.66153289248,0.260675210219,0.303464630744,1.0,-0.00308,-0.004048,0.155
0.464923300607,0.546259485996,-0.124031117959,-1.35768275422,0.0794960731555,1.89486746053,0.158937261838,-0.00544414685168,-0.0172458380335,-0.0024531036137,-0.0187903360754,-6.33292292086e-05,0.00599662677492,-0.00231899495031,0.573879409132,0.818924626887,0.00237195155862,0.0,0.818886348078,-0.573818536623,-0.011755120605,0.0,-0.00826564712245,0.00868854769819,-0.999928091523,0.0,0.661495189396,0.260618244803,0.303479747916,1.0,-0.00336,-0.004416,0.169
0.464879611089,0.545969342957,-0.124030513486,-1.35818387219,0.0794852491342,1.89503334882,0.158906308551,-0.000568485004215,-0.0190531157908,-0.00104622725313,-0.033710777392,0.00029833009475,0.00752627245749,-0.00484145677282,0.573914518689,0.818900103269,0.00234371590142,0.0,0.818861253638,-0.573853534708,-0.0117946977299,0.0,-0.00831388960283,0.00868849369239,-0.999927692044,0.0,0.661432749277,0.260543520708,0.303461037739,1.0,-0.0037,-0.00486285714286,0.186
0.464810816372,0.545594900324,-0.124030759052,-1.35881465414,0.079438033031,1.89523677485,0.158797536889,-0.00628095006283,-0.0168318313136,-0.000253726961687,-0.0340902954438,-0.00416604816899,0.0130086167508,-0.00612533500444,0.57390455338,0.818907228081,0.00229397202328,0.0,0.818867761358,-0.573843792289,-0.0118168676568,0.0,-0.00836069770151,0.0086603806294,-0.999927545646,0.0,0.661358965175,0.260434070529,0.303443494504,1.0,-0.00408,-0.00536228571429,0.205
0.464749987766,0.545245937043,-0.124026487699,-1.35942433999,0.0793487403849,1.89543833422,0.158752319286,-0.00278364959328,-0.0255332173584,0.000107677802859,-0.0403228615094,-0.00143086097054,0.0139692395533,-0.00167786605738,0.573924611418,0.818893388647,0.00221480033305,0.0,0.818853296137,-0.573864570187,-0.0118102240058,0.0,-0.00840048065086,0.00859194019774,-0.999927802638,0.0,0.66128815505,0.26032773983,0.303417537753,1.0,-0.0044,-0.00578285714286,0.221
0.464691473968,0.54486251309,-0.124031499994,-1.36007317976,0.0793341026776,1.8956369236,0.158654050006,-0.00416026742431,-0.0262918746696,-0.00118706443551,-0.0405530135817,-0.00374038878512,0.0158129162409,-0.00340262298663,0.573926119098,0.818892453768,0.00216930420259,0.0,0.818851488645,-0.573865970997,-0.01186734072,0.0,-0.00847334903752,0.00858748011466,-0.999927226123,0.0,0.661196522205,0.260211457691,0.303396584256,1.0,-0.00476,-0.006256,0.239
0.464611233176,0.54438807659,-0.12403219516,-1.36088077015,0.0793088165422,1.89591665128,0.15856948214,-0.00176768788645,-0.0322822387671,1.044150141e-05,-0.0419800450797,-0.00240750478027,0.0181022975922,-0.00306226975101,0.573962929935,0.818866737979,0.00213714601338,0.0,0.818825132128,-0.573902682284,-0.0119105484427,0.0,-0.0085268022887,0.00858632746152,-0.999926781631,0.0,0.661110975901,0.260097055689,0.303373161993,1.0,-0.0051,-0.00670285714286,0.256
0.464556235951,0.54396470677,-0.124034329822,-1.36157125215,0.0792764012372,1.89616764311,0.158472148433,-0.00862870671722,-0.0310510405805,0.000803253574148,-0.041511787992,-0.0044779328031,0.0203635942443,-0.00936072096497,0.573959643476,0.818869066768,0.0021274522525,0.0,0.818827246461,-0.573899346983,-0.0119258914341,0.0,-0.00854496464763,0.00858716159501,-0.999926619425,0.0,0.661029940395,0.259994841852,0.303365919913,1.0,-0.0054,-0.00709714285714,0.271
0.464471637841,0.543430664505,-0.124035394714,-1.36245662404,0.0792314168337,1.89646050073,0.158355313985,-0.00815108735938,-0.0285536918293,-0.000922088240534,-0.0471708803759,-0.00299487688439,0.0137598650879,-0.00929801189099,0.573971172539,0.818861101959,0.00208223303442,0.0,0.818818559778,-0.573910928182,-0.0119649311843,0.0,-0.00860276607089,0.00857266168588,-0.999926248224,0.0,0.660923358467,0.259852808604,0.303347755748,1.0,-0.00576,-0.00757028571429,0.289
0.464399945797,0.542878606463,-0.12404112225,-1.36332616526,0.0791758549908,1.89676586848,0.158258346763,-0.00237398977899,-0.0352011023714,-0.0010827632057,-0.0515456822646,-0.00112370331167,0.0163335430897,-0.00703972983595,0.573987984794,0.818849351355,0.00206881599041,0.0,0.818806660714,-0.573927820488,-0.0119689657667,0.0,-0.00861359464046,0.00856416774,-0.999926227788,0.0,0.660821568559,0.259717870136,0.3033510236,1.0,-0.0061,-0.00801714285714,0.306
0.464336023931,0.542332020298,-0.124045733695,-1.36417622474,0.0791265549842,1.89706868267,0.158130396036,-0.00354505240434,-0.0382403592124,0.00308668825087,-0.0545971750631,-0.0029717599811,0.0197302592545,-0.0106385963615,0.573972838479,0.818859968635,0.00206866050965,0.0,0.818817254783,-0.573912655657,-0.0119713762145,0.0,-0.00861581618591,0.0085652646138,-0.999926199253,0.0,0.660720863018,0.259591800285,0.303359378126,1.0,-0.00642,-0.00843771428571,0.322
0.464248005827,0.54171753802,-0.124042501559,-1.36511826141,0.0790722129073,1.89741971855,0.158016764837,-0.00787312133515,-0.0365456900978,-0.000305635292469,-0.0552053483435,-0.00239941744264,0.0178403295177,0.000329568003151,0.573987445251,0.818849674269,0.00209058469142,0.0,0.818807205089,-0.573927128399,-0.011964910534,0.0,-0.00859778535885,0.00857965942332,-0.999926231045,0.0,0.660614962175,0.259446793697,0.303375815943,1.0,-0.00676,-0.00888457142857,0.339
0.464180249748,0.541106413424,-0.124044981641,-1.36606514993,0.079021350502,1.89776218615,0.157913927214,-0.0061809556302,-0.0397215112032,-0.000539164165554,-0.063547839755,-0.000814560246413,0.0172466737921,-0.00997865666656,0.573999381206,0.818841285816,0.00209902836797,0.0,0.818798864005,-0.573938965193,-0.0119679337408,0.0,-0.00859528956938,0.00858843395868,-0.999926177175,0.0,0.660501843837,0.259311229111,0.303386937805,1.0,-0.00708,-0.00930514285714,0.355
0.464086100316,0.540407061777,-0.124042470183,-1.36712216019,0.0789592167426,1.89814580071,0.157752366578,-0.0033340253619,-0.0448145108331,-0.000979147720884,-0.0651163724756,-0.0054824230763,0.019204836588,-0.0119946785477,0.573984340424,0.818851765895,0.00212352043349,0.0,0.818809616531,-0.573923778008,-0.0119605942534,0.0,-0.00857537995833,0.00860411841141,-0.99992621328,0.0,0.660379992324,0.259150191331,0.303411305396,1.0,-0.00742,-0.009752,0.372
0.463978953084,0.53963896366,-0.12404288242,-1.36830897155,0.0788854337546,1.89859337103,0.157618654876,-0.00907863792454,-0.0453994926562,0.0016622088171,-0.0640815754573,-0.00479740063881,0.0269169579606,-0.00676741917087,0.574008918903,0.818834478114,0.00214601323151,0.0,0.81879264755,-0.573948286621,-0.0119461920359,0.0,-0.00855041792594,0.0086145264874,-0.99992633743,0.0,0.660247188563,0.258966834871,0.303427994271,1.0,-0.00778,-0.0102251428571,0.39
0.463883773895,0.538920556134,-0.124048773967,-1.36940910431,0.0788217357568,1.8990044333,0.157466897503,-0.00552160679096,-0.0458547743343,0.000350787285028,-0.0678305711971,-0.00495338148727,0.0238356408288,-0.0128033966608,0.574010538255,0.818833277063,0.00217100160555,0.0,0.818791773617,-0.573949805196,-0.0119331250784,0.0,-0.00852535810448,0.00862750391061,-0.999926439517,0.0,0.660123195826,0.258797005804,0.303447728527,1.0,-0.0081,-0.0106457142857,0.406
0.463768678577,0.538139408445,-0.124053736929,-1.37060368689,0.0787599143164,1.89947212094,0.157327486641,-0.0079387340638,-0.0399682778941,0.00014811041654,-0.0729667607791,-0.00342291803698,0.0308059278408,-0.0113855875672,0.574043709204,0.818809890281,0.00222045079108,0.0,0.818768993984,-0.573982734284,-0.0119122682528,0.0,-0.00847954590222,0.00865636557516,-0.999926579623,0.0,0.65999490595,0.258608332457,0.303471596319,1.0,-0.00844,-0.0110925714286,0.423
0.463655079824,0.537353755565,-0.124060185103,-1.37186784021,0.0786820937373,1.89994268448,0.157170722053,-0.00748607352281,-0.0492840625702,0.000142002420664,-0.075280660405,-0.00442296165362,0.0240780291477,-0.0119684687076,0.574061849529,0.818797200598,0.0022100021687,0.0,0.818756200699,-0.574000947506,-0.0119139825939,0.0,-0.0084867556534,0.00864898238201,-0.999926582346,0.0,0.659851762393,0.258409211699,0.303465676556,1.0,-0.00878,-0.0115394285714,0.44
0.463543222012,0.536505657803,-0.124069122934,-1.3731657213,0.0786087574306,1.90043459476,0.157017794482,-0.00624516261447,-0.0488854137665,-0.000688166838829,-0.0732028117831,-0.00137530738918,0.0354660283293,-0.00843932584899,0.574086393032,0.818779894927,0.00224586284956,0.0,0.818739368954,-0.574025351321,-0.0118949008663,0.0,-0.0084502861644,0.00866764394499,-0.999926729622,0.0,0.659706290827,0.258208798139,0.303489576893,1.0,-0.00912,-0.0119862857143,0.457
0.46343958681,0.535694610652,-0.124075725842,-1.3744547076,0.0785314158124,1.90090095383,0.156860598399,-0.0114268489339,-0.0558954602159,-9.54624559178e-05,-0.0811449175296,-0.00479531943881,0.031179670756,-0.00420483495751,0.57409729306,0.818772284166,0.00223420765091,0.0,0.818731602568,-0.574036292555,-0.0119014573508,0.0,-0.00846223006747,0.00866197762898,-0.999926677715,0.0,0.659554074369,0.258013371394,0.303489109413,1.0,-0.00944,-0.0124068571429,0.473
0.463311681617,0.534752454296,-0.124078376996,-1.37596283756,0.078457847468,1.90144276776,0.156671043067,-0.0067469501186,-0.0485941259857,-0.000541567868234,-0.0843917406008,-0.00485569972394,0.0373600944607,-0.014664646206,0.574113377428,0.818761022502,0.00222818120332,0.0,0.818720089447,-0.574052222199,-0.0119251090252,0.0,-0.008484885448,0.00867078827227,-0.999926409367,0.0,0.659384332018,0.257799198899,0.303487992269,1.0,-0.00978,-0.0128537142857,0.49
0.463195659211,0.533900196631,-0.124081567894,-1.3773497362,0.0783813931277,1.90193820572,0.156511210735,-0.00581410983013,-0.0572210824804,-0.000224638772318,-0.09089175132,-0.00161347002438,0.0254723770806,-0.00926531164759,0.574133571208,0.818746962089,0.00219120597892,0.0,0.81870543474,-0.574072449105,-0.0119574749882,0.0,-0.00853239961315,0.00865930677966,-0.999926104551,0.0,0.659207908074,0.257575131906,0.3034672369,1.0,-0.01012,-0.0133005714286,0.507
0.463062653208,0.532979504872,-0.124082633215,-1.37883664338,0.078286821853,1.90250313351,0.156321847451,-0.00265622449445,-0.0524200841278,-0.00138599239868,-0.0881401158857,7.47940931912e-05,0.0298098379544,-0.00492099852849,0.57414429927,0.818739454927,0.00218528310087,0.0,0.818697895733,-0.574083246059,-0.011955292506,0.0,-0.00853389955779,0.00865331631786,-0.99992614361,0.0,0.65903846466,0.257345452698,0.303457770304,1.0,-0.01046,-0.0137474285714,0.524
0.462947055343,0.532138287212,-0.124083343618,-1.38020585478,0.0782163451095,1.90302792964,0.156148002787,-0.012060533695,-0.0527304496225,-0.00160919961019,-0.0911441399459,-0.00655471578568,0.0375566451011,-0.00602240874388,0.574153202126,0.818733207135,0.00218698994605,0.0,0.818691566747,-0.574092035904,-0.011966609773,0.0,-0.00854209174905,0.00866130430207,-0.999926004501,0.0,0.658880083635,0.257141562338,0.303444660927,1.0,-0.01076,-0.0141417142857,0.539
0.462812466259,0.531134989066,-0.124082337571,-1.38180719256,0.0781195030935,1.90360129671,0.155946337161,-0.00497834840511,-0.0594048603589,-0.000406967626224,-0.0960480626031,-0.0100605475999,0.0323036691089,-0.0123657488937,0.574158773188,0.818729356259,0.0021659343755,0.0,0.818687383371,-0.574097634397,-0.0119842141622,0.0,-0.00856853511587,0.00865423146817,-0.999925839492,0.0,0.658687100373,0.256899809429,0.303439240534,1.0,-0.0111,-0.0145885714286,0.556
0.462665003034,0.530044131749,-0.124087867876,-1.38354866607,0.0780116124723,1.90420759249,0.155720380451,-0.00970803432129,-0.0618497824534,-0.00134106316825,-0.0943108962215,-0.00669136121859,0.0367031917298,-0.0122782520492,0.574163933537,0.818725842091,0.00212598652457,0.0,0.818683313086,-0.574102925137,-0.0120087936276,0.0,-0.0086115403915,0.00863569214159,-0.999925630331,0.0,0.658475201807,0.256630781274,0.30343163415,1.0,-0.01146,-0.0150617142857,0.574
0.462538378292,0.52905609692,-0.124086538649,-1.38509353539,0.0779170069666,1.90478628633,0.155510240503,-0.00667386549998,-0.0675608647666,-0.0017117726484,-0.0991909654163,-0.00238717810376,0.0400971134773,-0.0169152422051,0.574153106317,0.818733388826,0.00214369526994,0.0,0.818691083062,-0.574092017467,-0.0120005373931,0.0,-0.00859472778037,0.00864533647353,-0.999925691645,0.0,0.658292924517,0.256401734473,0.303442315392,1.0,-0.01178,-0.0154822857143,0.59
0.462407042278,0.528032867971,-0.124086527676,-1.38670021355,0.0778082597627,1.90540755771,0.155271429726,-0.0129952001375,-0.0671879996638,7.05027793058e-05,-0.104666725727,-0.00581120548077,0.041694529144,-0.0173374235719,0.5741230583,0.818754395226,0.00216820849299,0.0,0.818712526183,-0.574061989589,-0.0119740753808,0.0,-0.00855930555864,0.00864989876789,-0.999925956029,0.0,0.658107472921,0.256162570465,0.303451854724,1.0,-0.0121,-0.0159028571429,0.606
0.462240723607,0.526750866315,-0.124089694342,-1.38866669418,0.0776890717274,1.90615842996,0.155006707004,-0.0111537863533,-0.069435990543,0.000611025703592,-0.104185137638,-0.00338621034279,0.0423672743663,-0.0172660009896,0.574119081928,0.818757036077,0.00222318262227,0.0,0.818715912003,-0.574057817635,-0.0119425435456,0.0,-0.00850196988157,0.00867676417905,-0.999926212413,0.0,0.65788014692,0.25586635258,0.303483339341,1.0,-0.01248,-0.0164022857143,0.625
0.462097799294,0.525659138907,-0.124089753169,-1.390381317,0.077579689194,1.90678305952,0.154777680739,-0.0121224748115,-0.0673358576734,0.000212911777413,-0.103403798573,-0.00501376788641,0.0394536844198,-0.0113713736905,0.574111574448,0.818762304792,0.00222153965462,0.0,0.818721167751,-0.574050326389,-0.0119423260008,0.0,-0.00850281450272,0.00867521614793,-0.999926218663,0.0,0.6576738341,0.255607815876,0.303489451242,1.0,-0.0128,-0.0168228571429,0.641
0.461922805992,0.524411472316,-0.124098338601,-1.39234445866,0.0774631138259,1.90747769263,0.154510016852,-0.0152759969479,-0.0686790047829,-0.000231507618917,-0.107965084542,-0.0027662572049,0.0412947930431,-0.0180392069828,0.574115830903,0.818759367781,0.0022039233568,0.0,0.818717942804,-0.574054594631,-0.0119582362393,0.0,-0.00852590976406,0.00866997125525,-0.999926067498,0.0,0.657437188928,0.255299406842,0.303493014311,1.0,-0.01316,-0.017296,0.659
0.461778554182,0.523285261224,-0.124104757506,-1.39413853091,0.0773525400803,1.90814147201,0.154270269914,-0.00821786363657,-0.0749249490309,0.000246597075242,-0.1129638056,-0.00588432208061,0.0386556642509,-0.0152089265445,0.574108741424,0.818764357479,0.00219700799031,0.0,0.818722856619,-0.574047548826,-0.0119600434131,0.0,-0.00853143446554,0.00866527296247,-0.999926061102,0.0,0.657221651731,0.255029842883,0.303488596382,1.0,-0.01348,-0.0177165714286,0.675
0.461618638938,0.522061513451,-0.124108912996,-1.39607705257,0.0772278984718,1.90889667256,0.154011749138,-0.00994850111127,-0.0728971774841,-0.000542946629986,-0.110934189115,-0.00374449473347,0.0445424924118,-0.0130399460706,0.574101420807,0.818769417517,0.00222406542734,0.0,0.818728374876,-0.574040226551,-0.0119337074854,0.0,-0.0084944152487,0.00867223086313,-0.999926315946,0.0,0.6569965896,0.254739379339,0.303491517216,1.0,-0.01382,-0.0181634285714,0.692
0.461439219652,0.520740634811,-0.124117378914,-1.3982138207,0.0770959590806,1.90971362368,0.153723349213,-0.0144252590485,-0.079421490325,-0.000218815608509,-0.121078881983,-0.00509539793826,0.0419219110269,-0.013059741563,0.574100190743,0.818770296711,0.00221790732878,0.0,0.818729232474,-0.574039081393,-0.0119299550182,0.0,-0.00849489087734,0.00866502184502,-0.999926374402,0.0,0.65675901094,0.254432836927,0.303473783973,1.0,-0.01416,-0.0186102857143,0.709
0.461285302272,0.519511703517,-0.124123426601,-1.40013801987,0.0769676550805,1.91040820754,0.153456119539,-0.0115383899341,-0.0773368438087,-0.000575495136683,-0.118330897257,-0.0126313903995,0.0336779214647,-0.0158665521441,0.574076222129,0.818787120714,0.00221111746724,0.0,0.818746036233,-0.574015212799,-0.0119252055963,0.0,-0.00849515324861,0.00865648730297,-0.999926446094,0.0,0.656509384117,0.254123970203,0.303480936975,1.0,-0.0145,-0.0190571428571,0.726
0.461127752162,0.518247576973,-0.124124263579,-1.40210699454,0.0768452778401,1.91110970818,0.15319397657,-0.00710666931718,-0.0733827515515,-7.49462598721e-05,-0.12306738291,-0.00918103341275,0.0412118190313,-0.013032421319,0.574062562156,0.818796707582,0.00220755167136,0.0,0.818755532437,-0.57400152395,-0.0119321208265,0.0,-0.00850300693285,0.00865739567936,-0.999926371476,0.0,0.656263946341,0.253830817593,0.303491871715,1.0,-0.01482,-0.0194777142857,0.742
0.460925383011,0.516812250865,-0.124125131481,-1.40435211851,0.0767017023741,1.91192143181,0.152886318706,-0.0129240033276,-0.0803142365761,0.00103363472885,-0.125705123114,-0.00815386710943,0.0446489115186,-0.0117129739525,0.574056989137,0.818800619992,0.00220563486614,0.0,0.818759420241,-0.573995959777,-0.0119330141898,0.0,-0.0085048976607,0.00865628118162,-0.999926365045,0.0,0.655991435665,0.253481818328,0.303500648871,1.0,-0.01518,-0.0199508571429,0.76
0.460761266892,0.515537719272,-0.124137225449,-1.40641473494,0.0765734462133,1.91270437133,0.152594383714,-0.01323059691,-0.0846605685284,-0.000840704442273,-0.13641350944,-0.00706000854751,0.0471490946472,-0.0157860006363,0.574035486654,0.818815724379,0.00219464627174,0.0,0.818774445712,-0.573974569912,-0.0119309280802,0.0,-0.00850972420713,0.00864586285108,-0.999926414117,0.0,0.655743417829,0.253171446795,0.303481023537,1.0,-0.0155,-0.0203714285714,0.776
0.460585682972,0.514226660509,-0.124134457303,-1.40850499685,0.0764538906446,1.91346077615,0.152320724796,-0.00830097018599,-0.0816994966321,0.000732701200259,-0.132932044018,-0.00670376380098,0.0506033612496,-0.0207912142739,0.574031065959,0.818818863092,0.00217983018416,0.0,0.818777242037,-0.573970058715,-0.0119560244719,0.0,-0.00853882550528,0.00864809132111,-0.999926146761,0.0,0.655482810282,0.252859105502,0.30347068974,1.0,-0.01582,-0.020792,0.792
0.460356470674,0.512575387023,-0.124140166603,-1.41118011623,0.0762891313466,1.91438197154,0.151938886583,-0.0112750438672,-0.0842155340344,0.000254773863155,-0.131413834491,-0.0106576554962,0.0448429583116,-0.016654341014,0.574005782071,0.818836818039,0.00209152441158,0.0,0.81879391956,-0.57394501863,-0.01201581387,0.0,-0.00863873710057,0.0086098398746,-0.999925618673,0.0,0.655141970502,0.252445759545,0.303434493877,1.0,-0.01622,-0.0213177142857,0.812
0.460184106354,0.511301781167,-0.124142625387,-1.41321535603,0.0761578639033,1.91515828089,0.151662732146,-0.010907960345,-0.090085797821,-0.000296534601951,-0.131950675065,-0.00422271928436,0.0527037812057,-0.0127750759501,0.57399377464,0.81884522004,0.00209742517712,0.0,0.818802465994,-0.573933055152,-0.0120048651803,0.0,-0.00862651091733,0.00860826052184,-0.999925737823,0.0,0.654896763816,0.252138086575,0.30342512759,1.0,-0.01652,-0.021712,0.827
0.460017061005,0.51001662302,-0.124141457441,-1.4152748064,0.076033252037,1.91594139143,0.15136761395,-0.00918095428625,-0.0857974584653,0.00147188279223,-0.140653360572,-0.00275613262776,0.0513418400345,-0.010786856155,0.573962133168,0.81886738251,0.00210391332774,0.0,0.818824682187,-0.573901359573,-0.0120048416379,0.0,-0.00862310055171,0.0086132265081,-0.999925724475,0.0,0.65464420337,0.251834870435,0.303412452915,1.0,-0.01682,-0.0221062857143,0.842
0.45978239755,0.508342429013,-0.124144723702,-1.41793028889,0.0758639301531,1.91688960518,0.15099938991,-0.0112552165843,-0.0812439110578,0.00100599494287,-0.137041247264,-0.00410431110851,0.0440383696993,-0.0119195472713,0.573947243295,0.818877900967,0.00207174390255,0.0,0.818834751211,-0.57388657765,-0.0120246872191,0.0,-0.00865797130453,0.00859811752432,-0.999925553183,0.0,0.654312001376,0.251423336573,0.303402282989,1.0,-0.0172,-0.0226057142857,0.861
0.459586609522,0.506897647458,-0.124149452292,-1.42018095071,0.0757191303448,1.91770179463,0.150684886675,-0.0148903420026,-0.083521399686,0.000564057583131,-0.142187678471,-0.00430337521738,0.0502393861904,-0.0135365908442,0.573930747124,0.818889459774,0.00207293940909,0.0,0.818846338499,-0.57387009129,-0.0120224436557,0.0,-0.00865562110996,0.00859763444572,-0.999925577683,0.0,0.654031605172,0.251076208918,0.30341197333,1.0,-0.01752,-0.0230262857143,0.877
0.45936586576,0.505300820163,-0.124152944421,-1.42263632974,0.0755703651195,1.9186411171,0.150348995907,-0.0116883796127,-0.0922591268409,0.00111085598177,-0.138559401726,-0.00494611411328,0.0548695838203,-0.0225533489695,0.573925839173,0.818892725253,0.00214069111544,0.0,0.818850498142,-0.573864910079,-0.011986391171,0.0,-0.00858726634899,0.00863237179762,-0.999925867759,0.0,0.653736831145,0.250699164401,0.303440973334,1.0,-0.01786,-0.0234731428571,0.894
0.459186140154,0.503925453217,-0.124166312516,-1.42469042307,0.0754395608185,1.91942965038,0.150066239776,-0.0183028302871,-0.102570076984,0.000172763384659,-0.147493350097,-0.00791968697819,0.0530713045031,-0.0264138433185,0.573921212333,0.81889570727,0.00223820249806,0.0,0.818854902314,-0.573860038512,-0.0119185593001,0.0,-0.00847580526147,0.0086732440775,-0.999926465077,0.0,0.653474308563,0.250358671078,0.303501074602,1.0,-0.01816,-0.0238674285714,0.909
0.45895287239,0.502233320342,-0.12416530851,-1.42717401812,0.0752790246881,1.9203521781,0.149716077769,-0.0142105259395,-0.0976942194616,0.000347464512027,-0.14870948513,-0.0120089320698,0.0606669268131,-0.0183969681726,0.573914397221,0.818900222349,0.00233182340965,0.0,0.818860653435,-0.573852870413,-0.0118684572127,0.0,-0.00838112005601,0.00872108481598,-0.999926847077,0.0,0.653171095695,0.249967713048,0.303569152083,1.0,-0.0185,-0.0243142857143,0.926
0.458698276465,0.500425497773,-0.124163250632,-1.42991467064,0.0751020070629,1.92131717745,0.149344840951,-0.0106510564104,-0.101923349489,0.000499820844483,-0.1577295243,-0.0034177958849,0.0582963567287,-0.0119258521043,0.573903719667,0.818907612713,0.00236416878521,0.0,0.818868431015,-0.573842032958,-0.0118558339637,0.0,-0.00835233407426,0.00874021867159,-0.999926920876,0.0,0.652843702793,0.249563757446,0.303612807809,1.0,-0.01884,-0.0247611428571,0.943
0.458437830941,0.498653697675,-0.124168922994,-1.43267721552,0.0749223540026,1.92233383126,0.148939943688,-0.0176940501326,-0.0884923951789,-0.000517201222173,-0.154864312117,-0.0123412098567,0.0603139339721,-0.0214241950722,0.573881503403,0.81892313674,0.00237971951285,0.0,0.818884207802,-0.573819812191,-0.0118416320544,0.0,-0.00833201667935,0.00874457669442,-0.999927052278,0.0,0.652502651621,0.249126140078,0.303622018838,1.0,-0.0192,-0.0252342857143,0.961
0.458194812308,0.497070553723,-0.124171710013,-1.43517256163,0.074770357867,1.92325383073,0.148566938802,-0.0178551016513,-0.0951155245693,-0.00140764321396,-0.156466940117,-0.0137520724895,0.0596367539463,-0.0255390844883,0.573862673948,0.81893631233,0.00238635653692,0.0,0.818897411683,-0.573800898564,-0.011845034708,0.0,-0.00833119591933,0.00875177298071,-0.999926996157,0.0,0.652194179679,0.248728788257,0.303617800578,1.0,-0.01952,-0.0256548571429,0.977
0.457914054319,0.49531305513,-0.12416487048,-1.43803759978,0.0746006086953,1.92422887457,0.148147943214,-0.0115443140956,-0.0918499491012,0.000925150014538,-0.162244370086,-0.00451988329201,0.0488178816218,-0.0303718472029,0.573843233514,0.818950235421,0.00228082324526,0.0,0.818909662267,-0.573781566094,-0.0119342514688,0.0,-0.00846502669427,0.00871634546254,-0.999926181598,0.0,0.651818718869,0.248272081825,0.303563087271,1.0,-0.01988,-0.026128,0.995
0.457634598286,0.493691954253,-0.124185370368,-1.44069659287,0.0744363774425,1.92517986598,0.147787512324,-0.0156839496313,-0.106514795858,0.00150877582646,-0.166100640091,-0.0159046247021,0.0587661813819,-0.0258884453646,0.573881145532,0.818923887123,0.00220109146118,0.0,0.818882246482,-0.573819769019,-0.0119785633737,0.0,-0.00854666643613,0.00867687344788,-0.999925830429,0.0,0.651488991149,0.247822173258,0.303509572821,1.0,-0.0243051428571,-0.0319439020408,1.011
0.457359057329,0.491446702777,-0.12425970368,-1.44412171086,0.0742380328048,1.92647974352,0.147286401118,-0.0200511469226,-0.150342198117,-0.00190921411393,-0.234179345129,-0.0182818626112,0.095337135645,-0.0317635682619,0.573868552135,0.818932459148,0.00229327853528,0.0,0.818892235832,-0.573807025098,-0.0119059205433,0.0,-0.00843440784342,0.00871054907625,-0.999926490848,0.0,0.651070719351,0.247278769354,0.303556684174,1.0,-0.0324748571429,-0.0426812408163,1.027
0.456869872964,0.488105569019,-0.124269130691,-1.44949161301,0.0739444316257,1.92844979981,0.146493488846,-0.030296056089,-0.198049546264,-0.00308352421851,-0.309573506996,-0.0222315499398,0.112203004476,-0.0435779685568,0.57381578774,0.818969521547,0.00226084450642,0.0,0.818928410839,-0.573753920145,-0.0119768084358,0.0,-0.00851163655127,0.00872411953231,-0.999925718132,0.0,0.650381761616,0.24644871739,0.303495076885,1.0,-0.0416057142857,-0.0546817959184,1.046
0.456326960864,0.48453445114,-0.124345506342,-1.45504493085,0.0736088670664,1.93055234596,0.145652053811,-0.0408735010284,-0.236228664445,-0.000803926438174,-0.366349485459,-0.0286626060158,0.140235688835,-0.0533896611417,0.573810993325,0.818972632252,0.00234914084807,0.0,0.818932900447,-0.573749007133,-0.0119049687635,0.0,-0.00840218814409,0.00875515924391,-0.9999263725,0.0,0.649705814997,0.245528423516,0.303516454217,1.0,-0.0492948571429,-0.0647875265306,1.062
0.455681873485,0.480391017925,-0.124456140321,-1.46160518408,0.073221008655,1.93282890498,0.144648995754,-0.0394340318295,-0.276438382846,-0.00862763814807,-0.441671706273,-0.0230346680875,0.150335766738,-0.0571213658985,0.57381442301,0.818970582883,0.00222243559418,0.0,0.818929111167,-0.573752855921,-0.0119799042824,0.0,-0.00853622477255,0.00869442646393,-0.999925767152,0.0,0.648861768233,0.244414431699,0.303468606284,1.0,-0.056984,-0.0748932571429,1.078
0.454964006649,0.47590178798,-0.124553457341,-1.46854822069,0.0727999079612,1.93530295248,0.143639026046,-0.0417933805898,-0.305215682038,-0.00652235922099,-0.469924737195,-0.0342497763536,0.175135120171,-0.0702174140557,0.573868784515,0.818932470442,0.00223022766168,0.0,0.818891132572,-0.573807211404,-0.0119726370076,0.0,-0.00852522462402,0.0086972037509,-0.999925836846,0.0,0.647980595492,0.243229156092,0.303490298677,1.0,-0.0641925714286,-0.0843673795918,1.093
0.454030847255,0.470232713221,-0.124641427457,-1.4773283458,0.0722775370149,1.93846961354,0.142346060701,-0.0566471044479,-0.349488303242,-0.00582091132034,-0.522222811974,-0.0311514154824,0.191239675687,-0.0844505414008,0.573918488251,0.818897505446,0.00227844691126,0.0,0.818856623279,-0.573856534746,-0.0119689157074,0.0,-0.00849397710195,0.00873507153006,-0.999925772684,0.0,0.646859241725,0.241740038254,0.303507732277,1.0,-0.0723622857143,-0.0951047183673,1.11
0.452908918518,0.463443887723,-0.124694758505,-1.4875979654,0.071629568164,1.94228456357,0.140665072487,-0.0650183756593,-0.386775897122,-0.0093526349771,-0.601725849296,-0.0379290229926,0.214165144466,-0.0922518675762,0.573809735267,0.818972894845,0.00255580168813,0.0,0.818935722595,-0.573746815654,-0.011816119772,0.0,-0.00821085681998,0.00887341270126,-0.999926919518,0.0,0.645555048793,0.240013658119,0.303634977884,1.0,-0.0810125714286,-0.106473665306,1.128
0.451615299805,0.456015339524,-0.12477123671,-1.49923008286,0.0708707964331,1.94619083797,0.13892690112,-0.0722284602025,-0.419699471798,-0.0117133786825,-0.678467745735,-0.0484137915066,0.225052336467,-0.110776945037,0.573833869646,0.818956762098,0.00229319904906,0.0,0.818915746343,-0.573771531264,-0.011999050126,0.0,-0.0085110947745,0.00876356690247,-0.999925377796,0.0,0.643975251034,0.238003647961,0.303551951798,1.0,-0.0896628571428,-0.117842612245,1.146
0.450438488674,0.449125803346,-0.124884085614,-1.50943063331,0.0701499938028,1.94997060147,0.137286239079,-0.0750709264447,-0.473244497054,-0.00963639984534,-0.692727796753,-0.0481014518349,0.274322991203,-0.115008974783,0.573804517043,0.818976295968,0.00263624070153,0.0,0.818940711863,-0.573741895745,-0.0117087327187,0.0,-0.00807680831827,0.00887761948126,-0.999927973926,0.0,0.642673942068,0.236208920852,0.303756160071,1.0,-0.0968714285714,-0.127316734694,1.161
0.448874042764,0.44043057542,-0.124922841531,-1.52270081317,0.0692971066889,1.95465805805,0.135231244121,-0.0857409207011,-0.495375048832,-0.00439143382905,-0.782779136195,-0.0656419499305,0.256648314081,-0.123894384475,0.573792707861,0.818984238709,0.00273716156611,0.0,0.818949550795,-0.573729271487,-0.011709107258,0.0,-0.00801933897948,0.00896037011008,-0.999927698371,0.0,0.640880021111,0.233916419584,0.303800064799,1.0,-0.105521714286,-0.138685681633,1.179
0.447233155299,0.431497238951,-0.124967086233,-1.53609917243,0.0683825546137,1.95938721851,0.133016008703,-0.096951323628,-0.548079857797,-0.00370333891204,-0.788222579073,-0.0555186480732,0.29757789908,-0.135804844636,0.573689270127,0.819055981074,0.00294416518141,0.0,0.819024015974,-0.573625184336,-0.011599829967,0.0,-0.00781221322834,0.00906621453066,-0.999928383975,0.0,0.639058292275,0.231559140024,0.303930009109,1.0,-0.113691428571,-0.149423020408,1.196
0.445543030185,0.422710358359,-0.125020135977,-1.54951445644,0.0674380044988,1.96402387164,0.130814027313,-0.113518732924,-0.564055215094,-0.0046183865867,-0.842121991561,-0.056877134522,0.292806553296,-0.14371432955,0.573620822647,0.819104003867,0.00292054369804,0.0,0.819071748188,-0.57355684184,-0.0116089362361,0.0,-0.00783397916011,0.00905143665443,-0.999928347565,0.0,0.637192251194,0.229157762985,0.303926087807,1.0,-0.121380571429,-0.15952875102,1.212
0.44345819706,0.41215055431,-0.125149274702,-1.56541526522,0.0662816714622,1.96956052735,0.128207699512,-0.113597530919,-0.594426498993,-0.00681073325499,-0.905656798902,-0.0640153409605,0.320117611759,-0.156715260434,0.573629078757,0.819097855905,0.0030214826963,0.0,0.819067504265,-0.573565470652,-0.0114813428869,0.0,-0.00767147289644,0.00906100488677,-0.999929520863,0.0,0.634985045089,0.226228553339,0.30399975316,1.0,-0.130030857143,-0.170897697959,1.23
0.441410559277,0.402396414835,-0.125207900023,-1.58040621942,0.0652911345536,1.97453251815,0.125703688142,-0.130943016832,-0.624205282537,-0.0041186691874,-0.944911846492,-0.0643784981326,0.308208223583,-0.160058330122,0.573636249557,0.819093563824,0.0028166996421,0.0,0.819059439915,-0.57357202636,-0.0117265239849,0.0,-0.00798969402703,0.00903397760235,-0.999927273374,0.0,0.632669128758,0.223280470643,0.303888996698,1.0,-0.138200571429,-0.181635036735,1.247
0.439306325451,0.392609963664,-0.125342854271,-1.59483676817,0.0642577592903,1.97957999134,0.123234918563,-0.144681512046,-0.653962857975,-0.00616666760864,-0.983676213387,-0.0808622658501,0.339088935095,-0.171221784887,0.573713269859,0.819038520897,0.00311964356866,0.0,0.819008880707,-0.573648682163,-0.011506071298,0.0,-0.00763448318275,0.00915637786365,-0.99992893518,0.0,0.630785375301,0.22068282693,0.30404430627,1.0,-0.144928571429,-0.19047755102,1.261
0.436320584644,0.379126856403,-0.125500271429,-1.6150933362,0.0626965162014,1.98628482931,0.119636920116,-0.150822806072,-0.703026258138,-0.00494563011523,-1.01412950468,-0.0834500502299,0.3478954261,-0.184599271081,0.57365525633,0.819079695456,0.00297426924492,0.0,0.819048647952,-0.573591692716,-0.0115164767282,0.0,-0.00772704489004,0.00904273271386,-0.999929258379,0.0,0.627804246538,0.216758844231,0.304023053772,1.0,-0.15454,-0.203109714286,1.281
0.433675168247,0.367855424743,-0.12561083658,-1.63196487997,0.0614508710747,1.99184502862,0.116657073099,-0.168724756847,-0.712739596294,-0.00652663516969,-1.07492174342,-0.0795286054534,0.349035168954,-0.187111108645,0.573728184811,0.819028840185,0.0029113226379,0.0,0.818996750522,-0.573664550392,-0.0115781327698,0.0,-0.00781285248348,0.00902723868002,-0.999928731609,0.0,0.625287203049,0.213428182628,0.303995428548,1.0,-0.162229142857,-0.213215444898,1.297
0.430837161504,0.356139477897,-0.125785498853,-1.64925683556,0.0600691374399,1.99759414653,0.11349671405,-0.182466828233,-0.733424070946,-0.0091488340932,-1.09570892549,-0.0905365847202,0.351497038101,-0.203051220343,0.573807098538,0.818973360759,0.00296562562156,0.0,0.818942797001,-0.573744240043,-0.0114450495389,0.0,-0.00767182777285,0.00899610161273,-0.999930104164,0.0,0.622710848923,0.209906422402,0.304046602777,1.0,-0.169918285714,-0.22332117551,1.313
0.427384163497,0.342402538558,-0.125942822359,-1.66937089236,0.0586062276527,2.00411263229,0.109692278381,-0.195421625652,-0.766538276414,-0.00715923195574,-1.11503803281,-0.0826644155057,0.370492974379,-0.212472606048,0.573901251517,0.818906926192,0.00308976438016,0.0,0.818877292432,-0.573837201844,-0.0114713826383,0.0,-0.00762111967938,0.00911375421062,-0.999929426519,0.0,0.619628017361,0.205780331676,0.304117254173,1.0,-0.178568571429,-0.234690122449,1.331
0.424176804551,0.329908840829,-0.126035063933,-1.68783768736,0.0571548535324,2.00998403917,0.10614163033,-0.204532528595,-0.801595041971,-0.00809670356312,-1.15445398022,-0.0890848551914,0.363348353569,-0.231267358748,0.573863811368,0.818933604818,0.00297048876278,0.0,0.818902064142,-0.573799713761,-0.0115777689076,0.0,-0.00777710815886,0.00907677672789,-0.999928561805,0.0,0.616706618905,0.20200121428,0.304051881692,1.0,-0.186257714286,-0.244795853061,1.347
0.420779179313,0.316879517208,-0.126102882386,-1.70672612686,0.0555220162734,2.01602698308,0.102447465845,-0.217776032803,-0.800583455042,-0.00118881902491,-1.20388813242,-0.0949935579034,0.369026227012,-0.238882275613,0.573766959813,0.819001275214,0.00302223856545,0.0,0.818971174673,-0.573703616956,-0.0114508447893,0.0,-0.00764453446939,0.00904541682244,-0.999929868304,0.0,0.613691278963,0.198089160292,0.304106439237,1.0,-0.193946857143,-0.254901583673,1.363
0.416685618214,0.301803794655,-0.126188434896,-1.72847649639,0.0537255367174,2.02283912201,0.0979274849371,-0.232177610496,-0.86033505817,-0.0085892647056,-1.21834117163,-0.102387848247,0.375699757333,-0.254065608051,0.573582431759,0.819130270853,0.00308872973413,0.0,0.819100908676,-0.573518767349,-0.0114311769339,0.0,-0.00759232476404,0.00908687854607,-0.999929890164,0.0,0.610141746921,0.193509105312,0.30414794243,1.0,-0.202597142857,-0.266270530612,1.381
0.412751919122,0.28793893075,-0.126343409144,-1.74825823243,0.0521245216685,2.02887622913,0.0938808124887,-0.240063624408,-0.873107623697,-0.0087203777545,-1.24368213148,-0.0995777736737,0.388641862895,-0.262755418216,0.573675913275,0.819064477831,0.00317404849375,0.0,0.819035740821,-0.573611405196,-0.0114524228056,0.0,-0.00755974783708,0.00916981481904,-0.999929379861,0.0,0.606861002334,0.189202757239,0.30421866873,1.0,-0.210286285714,-0.276376261224,1.397
