position_joint1,position_joint2,position_joint3,position_joint4,position_joint5,position_joint6,position_joint7,velocity_joint1,velocity_joint2,velocity_joint3,velocity_joint4,velocity_joint5,velocity_joint6,velocity_joint7,ee_T_00,ee_T_10,ee_T_20,ee_T_30,ee_T_01,ee_T_11,ee_T_21,ee_T_31,ee_T_02,ee_T_12,ee_T_22,ee_T_32,ee_T_03,ee_T_13,ee_T_23,ee_T_33,v_x,v_y,time
0.465075809981,0.54767632978,-0.123966860952,-1.35573903002,0.0794901114375,1.89408543739,0.159179574338,-0.00288161966915,-0.00132045947592,0.000776945077575,-0.000704396027831,-1.86678031933e-05,-1.26735113489e-05,0.00151499166969,0.573797523195,0.818982743361,0.00210127407404,0.0,0.818941629839,-0.573738403875,-0.011815148595,0.0,-0.00847098426895,0.00850048747568,-0.999927989476,0.0,0.661693428797,0.260914355302,0.303331340513,1.0,0.0,0.0,0.0
0.465078619352,0.547680665819,-0.123973105794,-1.35573652436,0.0794879884762,1.89408433253,0.159171741017,-0.000879581555226,0.000598640662289,-0.000862795289718,0.000626507993459,0.000408905045196,0.000233603826499,-0.00171371815344,0.573792471818,0.818986295953,0.00209600279649,0.0,0.818945164536,-0.573733424752,-0.0118119306612,0.0,-0.00847142557873,0.00849427178711,-0.999928038559,0.0,0.661694488437,0.260912421047,0.303329568147,1.0,-4e-05,-5.25714285714e-05,0.003
0.465072689756,0.547680919742,-0.123969650093,-1.35574502051,0.079486561082,1.89408743149,0.159177946463,-0.000767312996014,0.000219491757634,-0.000321261135084,-0.0013577039574,-4.426409938e-05,0.000241901727894,0.000889091096668,0.573800103756,0.818980960917,0.00209128815032,0.0,0.818939759543,-0.573741065728,-0.0118155252882,0.0,-0.00847699557058,0.00849255215918,-0.99992800596,0.0,0.661693985237,0.260909463649,0.30332549644,1.0,-0.00034,-0.000446857142857,0.018
0.465074867491,0.547670254451,-0.123972567395,-1.3557465311,0.0794906813309,1.89408639117,0.159175607046,0.00096988057898,0.0015794172471,-0.000833862042166,0.000224513350477,0.000407485484722,-0.00924819373127,-9.9172702216e-06,0.573799589575,0.818981298439,0.00210016948698,0.0,0.818940187519,-0.573740491391,-0.0118137507478,0.0,-0.00847045173588,0.00849880215222,-0.999928008313,0.0,0.661693584603,0.260909775651,0.303332346814,1.0,-0.00068,-0.000893714285714,0.035
0.465075134265,0.547617941767,-0.123970062355,-1.35578777046,0.0794858383586,1.89409410292,0.15917875988,-0.00247794062398,-0.00735909718031,-8.05589971682e-05,-0.00524852167439,6.5902349543e-05,0.000169165633155,0.000422517691648,0.573801130036,0.818980177323,0.00211641764203,0.0,0.818939277985,-0.573741967942,-0.0118050877672,0.0,-0.00845401801597,0.00850715402571,-0.999928076368,0.0,0.661686680006,0.260906935495,0.303350355043,1.0,-0.00102,-0.00134057142857,0.052
0.465074723285,0.547495886982,-0.12397005687,-1.35593119135,0.0794834732877,1.89412142514,0.159170861283,0.00110433247767,-0.00878672232069,0.000579531595782,-0.00844106280823,0.000438973215883,-0.00104820378686,-0.000940204111387,0.573802169115,0.818979422694,0.00212669297137,0.0,0.818938567789,-0.573742876689,-0.0118101878848,0.0,-0.00845228864533,0.0085185063297,-0.999927994341,0.0,0.661662714102,0.260892717654,0.303370921602,1.0,-0.00134,-0.00176114285714,0.068
0.465062325094,0.547348277546,-0.123970407765,-1.35613780633,0.0794818747993,1.89418068319,0.159165161556,-0.00381408350582,-0.00619917284252,-0.00448400073411,-0.00723285981139,6.04210092015e-05,0.00472140811228,-0.0005906832242,0.573818903514,0.818967679797,0.0021336164646,0.0,0.818926797842,-0.573759463713,-0.0118205108741,0.0,-0.00845659654179,0.00853027252212,-0.999927857611,0.0,0.661634466021,0.260865488886,0.303382295026,1.0,-0.0017,-0.00223428571429,0.086
0.46504849361,0.547187344896,-0.123972438787,-1.35635400319,0.0794753062225,1.89430555095,0.159159538636,0.00119619511448,-0.00458775393253,-0.00384935272854,-0.00721550729526,-0.000261090745601,0.00979852058362,0.00048683885085,0.573837675976,0.818954365793,0.002194374734,0.0,0.818914287841,-0.5737780108,-0.0117868737616,0.0,-0.00839398936658,0.0085609218932,-0.999928123196,0.0,0.661618496462,0.260839040085,0.303404287998,1.0,-0.00204,-0.00268114285714,0.103
0.465031131777,0.546998233665,-0.123965808196,-1.35656708057,0.0794730375994,1.89440691382,0.159144462262,-0.000743233849254,-0.0113785837065,9.70515720002e-05,-0.0157201518765,0.00139463100271,0.00852076142085,0.000796437113084,0.573846291307,0.818948128181,0.00226808343173,0.0,0.818908915514,-0.57378624754,-0.0117591295351,0.0,-0.0083288823972,0.0086054522977,-0.999928285383,0.0,0.661597978713,0.26081510865,0.303445398275,1.0,-0.00236,-0.00310171428571,0.119
0.464994266655,0.54679707031,-0.123968726149,-1.35686000865,0.0794697715527,1.89454761679,0.159118915995,-4.94295482616e-05,-0.00959823213551,0.00512888156474,-0.0197340067947,0.000149420441349,0.00580689012299,-0.00228154157191,0.57387332347,0.818929052377,0.00231574683194,0.0,0.81889039093,-0.573813025965,-0.0117424774514,0.0,-0.00828760979697,0.00863520364372,-0.999928371826,0.0,0.661574635358,0.260765933306,0.30346076037,1.0,-0.0027,-0.00354857142857,0.136
0.464956981253,0.546521450423,-0.123969783749,-1.35725864957,0.0794590299462,1.89468372459,0.159034880127,-0.00342138762179,-0.0114338977014,-0.000838422517114,-0.0211655965527,5.07688449784e-05,0.00571357306831,-0.00171617121146,0.573855123391,0.818941750703,0.0023352120915,0.0,0.818903212371,-0.573794619767,-0.0117477655285,0.0,-0.00828096296886,0.00865399473646,-0.999928264441,0.0,0.661528166922,0.260704456541,0.30347804713,1.0,-0.00306,-0.00402171428571,0.154
0.464925369073,0.546280379283,-0.123970674863,-1.3576397797,0.0794486023468,1.89482272772,0.158953001973,0.000267640752233,-0.012119649295,-0.000205733788417,-0.0247708471282,0.000123849917813,0.010234379326,-0.00176734076882,0.573833134455,0.818957141357,0.00234122246374,0.0,0.818918566964,-0.573772491674,-0.0117582047922,0.0,-0.00828629627438,0.00866468487843,-0.999928127682,0.0,0.661483821385,0.260648701542,0.303479433964,1.0,-0.00336,-0.004416,0.169
0.464877014074,0.545995962183,-0.123973269388,-1.35813207106,0.0794275553738,1.89498818103,0.158936528258,-0.00223668543398,-0.0141369836811,-0.00110386545322,-0.027395597828,-0.00449051649031,0.00849662397124,0.000436396878715,0.57388295677,0.818922322812,0.00230825285488,0.0,0.818883231698,-0.57382234064,-0.0117864807243,0.0,-0.0083278454534,0.0086544165897,-0.999927871431,0.0,0.661425697087,0.2605683313,0.303460921807,1.0,-0.0037,-0.00486285714286,0.186
0.464810162152,0.545624398144,-0.123970347298,-1.35876573854,0.0793533251163,1.89520569082,0.158830381919,-0.00738260013044,-0.0194947149133,0.000692599322673,-0.0348413953131,-0.00950209015022,0.0153135260404,-0.00374238744293,0.573850866076,0.818944980911,0.00224691906931,0.0,0.818905418386,-0.573790825319,-0.0117792792353,0.0,-0.00835748096867,0.00859972936288,-0.999928095998,0.0,0.661349841182,0.260455787903,0.303441074401,1.0,-0.0041,-0.00538857142857,0.206
0.464758897951,0.545274962757,-0.123978940794,-1.35936794436,0.0792829717795,1.8954017103,0.158765192233,-0.00657616816897,-0.0213055782823,-0.00216840959207,-0.043809145562,-0.00124507528897,0.00894347071577,-0.00222539448562,0.573873834686,0.818929063378,0.0021812654078,0.0,0.818888892836,-0.573814295066,-0.0117848576035,0.0,-0.00839948284302,0.00854940004136,-0.999928175644,0.0,0.661283493987,0.260354342992,0.303418959242,1.0,-0.0044,-0.00578285714286,0.221
0.464693923028,0.544843906428,-0.123974335892,-1.36010087602,0.0792738792588,1.89564885083,0.158674923439,-0.00421693705086,-0.0265857255439,0.00092653047979,-0.0412287425187,-0.001512505429,0.0160964703636,-0.00299646509236,0.573888303181,0.818918994554,0.00215469978201,0.0,0.818878101406,-0.573828483129,-0.0118437277703,0.0,-0.00846278846481,0.00856157813694,-0.99992753767,0.0,0.661192058691,0.260248004204,0.303396521675,1.0,-0.00476,-0.006256,0.239
0.464625037215,0.544376433161,-0.123977538855,-1.36087653602,0.0792468039196,1.89591919164,0.158566521958,-0.00356082423523,-0.0285091784932,0.00159137605136,-0.0392563267095,0.000374551362708,0.0123912199941,-0.00128867786782,0.573894192537,0.818914926275,0.00213218126307,0.0,0.818873546502,-0.573834266245,-0.0118784099846,0.0,-0.00850405229556,0.00856310220565,-0.999927174536,0.0,0.66110010572,0.260128633946,0.30338171797,1.0,-0.00512,-0.00672914285714,0.257
0.464573492787,0.543974313251,-0.123980349925,-1.36152196675,0.0792185280885,1.89615217501,0.158488055503,-0.00319643464858,-0.0346234854338,-0.000611260504877,-0.0480253338452,-0.000818500360546,0.0143101021561,-0.0115031861512,0.573902548139,0.818909081066,0.00212816547346,0.0,0.818867552855,-0.573842540213,-0.0118918806382,0.0,-0.00851730114869,0.00856763120718,-0.999927022975,0.0,0.661024314172,0.260032832495,0.303379346778,1.0,-0.0054,-0.00709714285714,0.271
0.464509963822,0.543492563883,-0.123985663117,-1.36230559046,0.0791769907569,1.89642373904,0.15839354466,-0.0062056024518,-0.0307928915683,-0.00292977090554,-0.0461743288562,-0.00245086649439,0.0160328410577,-0.00383884728915,0.573913397431,0.818901540075,0.00210399959272,0.0,0.818859637802,-0.573853426617,-0.0119115591035,0.0,-0.00854717127823,0.00855924849029,-0.999926839888,0.0,0.660930855056,0.259912774681,0.303370911747,1.0,-0.00572,-0.00751771428571,0.287
0.464423686454,0.542951119371,-0.123981355993,-1.36317309299,0.0791207887313,1.89672747372,0.158272946544,-0.00540409663433,-0.0320787184591,0.00150188866815,-0.0518859325716,-0.00436145988366,0.0160652932444,-0.000989868809606,0.573915482985,0.818900129648,0.00208397556815,0.0,0.818857945951,-0.573855573206,-0.0119244435896,0.0,-0.00856919239081,0.00855026737435,-0.99992672825,0.0,0.660830478862,0.259773902035,0.303367178133,1.0,-0.00606,-0.00796457142857,0.304
0.464357318222,0.542396563501,-0.123989243324,-1.36403192823,0.0790723982301,1.89702712103,0.158174313458,-0.00302815952014,-0.0370554523065,-0.000786449713641,-0.050182531103,-0.00285106833622,0.0203497606308,-0.00304880451965,0.573929304175,0.818890452217,0.00208037945628,0.0,0.818848198619,-0.573869384448,-0.0119291287883,0.0,-0.00857494868431,0.00855015617208,-0.999926679854,0.0,0.660728687787,0.259643317268,0.30337683549,1.0,-0.00638,-0.00838514285714,0.32
0.464276359274,0.541793469126,-0.123992121111,-1.36496513897,0.0790235925228,1.89738004734,0.158042772615,-0.00477308092597,-0.0366457867201,-0.00183945414505,-0.0534990304914,-0.00351255775589,0.0208745037411,-0.00907395726911,0.573928764619,0.818890773022,0.00210283236648,0.0,0.818848760641,-0.573868701643,-0.0119233960208,0.0,-0.00855737406053,0.00856524653292,-0.999926701264,0.0,0.660624185313,0.259501358586,0.303389808203,1.0,-0.00672,-0.008832,0.337
0.464183436294,0.541102538595,-0.123990333489,-1.36602229106,0.078958202363,1.89777389204,0.15789789724,-0.00235892495499,-0.0423283509508,0.000696735405354,-0.0575593384893,-0.00256811209808,0.0283306496686,-0.00278048913911,0.573926161247,0.818892538122,0.00212587520939,0.0,0.818850826513,-0.573866005245,-0.0119112906488,0.0,-0.00853426382866,0.00857714112639,-0.999926796816,0.0,0.660504355467,0.259340746033,0.303409172255,1.0,-0.00708,-0.00930514285714,0.355
0.464105807786,0.540446121241,-0.123996215358,-1.36702236791,0.0788947402073,1.89814567764,0.157768224172,-0.00299813262278,-0.0466212246035,0.000175176944067,-0.0665850137451,-0.00625846556427,0.0320079178501,-0.00270732078046,0.573926122927,0.818892510736,0.00214666792314,0.0,0.818851121803,-0.573865935008,-0.0118943625399,0.0,-0.00850846862345,0.00858445209154,-0.999926953904,0.0,0.66038988856,0.259190935178,0.303429540262,1.0,-0.0074,-0.00972571428571,0.371
0.46400079845,0.539727427683,-0.123991280623,-1.36812595335,0.0788234448637,1.89856926077,0.157626096721,-0.00578818069784,-0.0400637879414,0.00193071114249,-0.0665156085614,-0.00867702143074,0.0265728876958,-0.00948488880027,0.573934374804,0.81888664588,0.00217750292265,0.0,0.81884568871,-0.57387409282,-0.0118747872326,0.0,-0.00847465533646,0.00859855301542,-0.999927119896,0.0,0.660268346311,0.25902010257,0.30344868325,1.0,-0.00774,-0.0101725714286,0.388
0.46389985135,0.53898458079,-0.124003066292,-1.36930158226,0.0787657769556,1.89901201551,0.15748657487,-0.0058359001225,-0.0367790564629,-0.000442553957108,-0.0720515097463,-0.00447063080654,0.0300248371412,-0.0100953171256,0.573960719169,0.818868149867,0.00218926581288,0.0,0.818827284598,-0.573900324793,-0.0118761147673,0.0,-0.008468714815,0.00860921970773,-0.999927078444,0.0,0.660136395383,0.258837531507,0.303452729362,1.0,-0.00808,-0.0106194285714,0.405
0.463797709909,0.53825203094,-0.124013592523,-1.37042644566,0.0787001455742,1.89944894322,0.15734807757,-0.00461978588956,-0.0427193613164,-0.00143814755707,-0.0677356663938,-0.00150447781041,0.0257820947942,-0.00714254027543,0.57398300927,0.818852429737,0.00222492353097,0.0,0.818812080704,-0.573922524003,-0.0118515753153,0.0,-0.00842791977814,0.00862456317946,-0.999927290896,0.0,0.660014990011,0.25865912272,0.303472973327,1.0,-0.0084,-0.01104,0.421
0.463684588932,0.537465609522,-0.124011242372,-1.37167595798,0.0786234006455,1.89991827061,0.157191341583,-0.0103371634377,-0.0454843764113,0.00043923167626,-0.0752645281793,-0.00678419342733,0.0324933977962,-0.00231335312225,0.573994065416,0.818844668873,0.00222890700255,0.0,0.818804367149,-0.573933558457,-0.0118501356839,0.0,-0.00842433809739,0.00862711244326,-0.999927299087,0.0,0.659872860778,0.258467264973,0.30347418887,1.0,-0.00874,-0.0114868571429,0.438
0.463567732329,0.536575871403,-0.124022964301,-1.37305104446,0.0785510070784,1.90043784645,0.157029366785,-0.00957307100382,-0.0542914325724,-0.0018277886972,-0.0729895167629,-0.00397335153871,0.028303415657,-0.00304081330746,0.574021745695,0.818825179013,0.00226021788672,0.0,0.818785251262,-0.573961078277,-0.0118380674099,0.0,-0.00839619222339,0.00864610765493,-0.999927371752,0.0,0.659718018081,0.258255351058,0.303493259228,1.0,-0.0091,-0.01196,0.456
0.463469215781,0.535818587412,-0.124028912022,-1.37424595905,0.0784799952257,1.90087404498,0.156891171966,-0.00933477523847,-0.0535079481959,-0.00213162485508,-0.0834796104932,-0.00622735177417,0.028395266843,-0.0112822691908,0.574040072851,0.818812337937,0.00225763248084,0.0,0.818772373985,-0.573979410595,-0.0118398780826,0.0,-0.00839896539916,0.00864521803027,-0.999927356154,0.0,0.659578418051,0.258073122449,0.303497004753,1.0,-0.0094,-0.0123542857143,0.471
0.463333419647,0.534766904962,-0.124022847044,-1.37591611403,0.078386964668,1.90148073133,0.156676109058,-0.0126962499708,-0.0568022590037,0.000707267410996,-0.0893754920122,-0.00974479545059,0.0378705680104,-0.00664475749224,0.574037585857,0.818814094663,0.00225284407541,0.0,0.818773931335,-0.573976801692,-0.0118586418539,0.0,-0.00841710491179,0.00865204272032,-0.999927144597,0.0,0.65937797968,0.257828755245,0.303496520858,1.0,-0.0098,-0.01288,0.491
0.463231029297,0.533965554015,-0.124028309307,-1.37721367966,0.0783184508998,1.90194965323,0.156513712065,-0.00418141010285,-0.0583823705136,4.48595570667e-05,-0.0884199084927,-0.00513327259119,0.0306311968508,-0.00817417703389,0.574045007424,0.818808946212,0.00223292548589,0.0,0.818768426743,-0.573984201676,-0.0118805091021,0.0,-0.00844636580463,0.00864836233058,-0.999926929697,0.0,0.65922233963,0.257635299177,0.303485026676,1.0,-0.0101,-0.0132742857143,0.506
0.463116777972,0.533108385694,-0.124030554222,-1.37861690562,0.0782353598062,1.90247993688,0.156342913936,-0.00615682428323,-0.0533747419389,-0.000283594883515,-0.0879302119539,-0.00454869347874,0.0363442466294,-0.0127547195396,0.574054897539,0.818802053769,0.00221771420134,0.0,0.818761324652,-0.573994139248,-0.011889838692,0.0,-0.00846263231777,0.00864136512233,-0.999926852656,0.0,0.659058646006,0.257425901151,0.303467665479,1.0,-0.01042,-0.0136948571429,0.522
0.462980034406,0.532158919977,-0.124025495848,-1.38016289159,0.078143102629,1.90305969302,0.156148018912,-0.00812883944898,-0.0548443822759,0.000837178481653,-0.0920613011627,-0.00682355535447,0.0369682262752,-0.00707385162625,0.574063484575,0.818796072192,0.00220334779839,0.0,0.818755106411,-0.574002732155,-0.0119031972974,0.0,-0.00848172683701,0.00863735947522,-0.999926725481,0.0,0.658878257543,0.257192086566,0.303451301672,1.0,-0.01076,-0.0141417142857,0.539
0.462840989639,0.531101349471,-0.124030794667,-1.38185600428,0.0780466907668,1.90366757983,0.155933288471,-0.0116773422123,-0.0616011037909,-0.00056419893282,-0.100579237405,-0.0155241289211,0.0329716995935,-0.0107551981594,0.574071546935,0.818790478471,0.00218134479858,0.0,0.818749145928,-0.574010800808,-0.0119240722495,0.0,-0.00851136521801,0.00863141097428,-0.999926525004,0.0,0.658674753935,0.256935963925,0.303443659712,1.0,-0.01112,-0.0146148571429,0.557
0.462718001007,0.530199495438,-0.124025584357,-1.38330787946,0.0779577464033,1.90418173413,0.155737995636,-0.00730105198189,-0.0610597141333,0.000681304167937,-0.100144227421,-0.00579093161509,0.0426282880469,-0.0113324725071,0.574063608603,0.818796123501,0.00215135277057,0.0,0.818754326186,-0.574002910926,-0.0119481589077,0.0,-0.00854838802679,0.00862059857999,-0.999926302455,0.0,0.65849737641,0.2567180011,0.303432419593,1.0,-0.01142,-0.0150091428571,0.572
0.462557692767,0.529089751883,-0.124030415566,-1.38505906662,0.0778415417648,1.90482002256,0.155507320769,-0.010042906018,-0.0610814064378,0.00118552271763,-0.0998502133472,-0.0067330462486,0.0456320667158,-0.0140694987968,0.574073111802,0.818789486437,0.00214152003707,0.0,0.818747637229,-0.574012530073,-0.0119444025367,0.0,-0.00855085651464,0.00861049058192,-0.999926368442,0.0,0.658293241979,0.256440873727,0.303435997833,1.0,-0.01178,-0.0154822857143,0.59
0.462419784948,0.527995246454,-0.12403242849,-1.38676851768,0.0777332647365,1.90548272468,0.155256177689,-0.00873155807832,-0.0690527009579,-0.000449398795059,-0.105479776354,-0.00801044092515,0.0464069218317,-0.0150665283952,0.574045448892,0.818808785617,0.00217763736863,0.0,0.818767477426,-0.573984794716,-0.0119172247239,0.0,-0.00850816137456,0.0086241733133,-0.99992661472,0.0,0.658096004775,0.256187831803,0.303450473229,1.0,-0.01212,-0.0159291428571,0.607
0.462284258608,0.526904372785,-0.124037100573,-1.38842251746,0.0776355781881,1.90611705894,0.155039795897,-0.00482434794764,-0.0716855271285,0.000455317948408,-0.10440999734,-0.00398451469446,0.0428121675643,-0.00671933201494,0.574045738654,0.81880841968,0.00223801164199,0.0,0.818767913868,-0.573984858771,-0.0118841079685,0.0,-0.00844638548781,0.00865460028821,-0.999926875559,0.0,0.657904921019,0.255941156877,0.303486132973,1.0,-0.01244,-0.0163497142857,0.623
0.462131103322,0.525748379386,-0.124040113367,-1.39023198646,0.0775218560472,1.90678505868,0.154792063885,-0.0107302861707,-0.0695506367826,-0.000121483115854,-0.1036150733,-0.0102514823742,0.0393952964743,-0.0161891671786,0.57403735293,0.818814273794,0.00224708117016,0.0,0.81877390777,-0.573976460388,-0.0118767746454,0.0,-0.008435263315,0.00865773039769,-0.99992694235,0.0,0.657690303063,0.255665993092,0.303496205528,1.0,-0.01278,-0.0167965714286,0.64
0.461968719152,0.524502978035,-0.124043218264,-1.3921906485,0.077393141143,1.90747493706,0.154527216626,-0.00933792901768,-0.0674657584657,0.000550261180605,-0.114573267219,-0.0101025219315,0.037658574925,-0.0162562913225,0.574026063739,0.818822256952,0.00222183939739,0.0,0.818781584212,-0.573965295336,-0.0118871361773,0.0,-0.00845835581704,0.00864289357312,-0.99992687563,0.0,0.65744995752,0.255367302457,0.303499721535,1.0,-0.01314,-0.0172697142857,0.658
0.461826153432,0.523443771213,-0.124054600272,-1.39386551663,0.0772902573134,1.90809313132,0.154304257782,-0.00640546010897,-0.076912257385,-0.0032328543749,-0.11359963653,-0.00480018146544,0.0454333740032,-0.0127332201652,0.57403046734,0.818819175041,0.00221992138665,0.0,0.818778514149,-0.573969743646,-0.011883814571,0.0,-0.00845669035169,0.0086394619029,-0.999926919373,0.0,0.657251945628,0.255107378917,0.303501168675,1.0,-0.01344,-0.017664,0.673
0.461661352566,0.522157015797,-0.124053576056,-1.39592651217,0.0771639045672,1.90889703072,0.154013212356,-0.0101039657366,-0.0709838783804,0.000744649738827,-0.11437368803,-0.00886207835801,0.0454505767819,-0.0143863663013,0.574002988371,0.818838378879,0.00224176655866,0.0,0.818798029383,-0.573942209109,-0.0118690598958,0.0,-0.00843235966197,0.00864859640219,-0.999927045884,0.0,0.657009663959,0.254806032744,0.303494193273,1.0,-0.0138,-0.0181371428571,0.691
0.461490226566,0.520908960792,-0.124061887621,-1.3979359973,0.0770379479734,1.9096576985,0.153744403233,-0.0122124789038,-0.0751427417318,-0.000879366171552,-0.119314554031,-0.00428308925174,0.0398429895053,-0.0139120527623,0.574002398343,0.818838811626,0.00223476449068,0.0,0.818798432255,-0.57394170963,-0.0118654197199,0.0,-0.00843340399965,0.00864076739955,-0.999927104761,0.0,0.656772859286,0.254497895799,0.303480731866,1.0,-0.01414,-0.018584,0.708
0.461352006923,0.519762743031,-0.124064881396,-1.39974887991,0.0769255044696,1.91031922606,0.153508288016,-0.00699672476496,-0.081605766141,0.000128826360365,-0.124638951085,-0.0118607478141,0.0434356590315,-0.0178433687225,0.573990540246,0.81884714239,0.00222800549792,0.0,0.818806664667,-0.573929869131,-0.0118700513084,0.0,-0.00844120120935,0.0086377692177,-0.999927064873,0.0,0.656549014801,0.254231986568,0.303480208564,1.0,-0.01444,-0.0189782857143,0.723
0.461155054534,0.518261785513,-0.124066763728,-1.40206327559,0.0767753173899,1.91113817201,0.153177464736,-0.00876544464296,-0.0806910654801,-0.000426434577598,-0.123711200497,-0.00623969045796,0.0481052329557,-0.0138285374424,0.5739643005,0.818865532405,0.00222901134732,0.0,0.818825070604,-0.573903631583,-0.0118689640355,0.0,-0.00844001034327,0.00863769831658,-0.999927075538,0.0,0.65626342996,0.25387796861,0.303503195144,1.0,-0.01482,-0.0194777142857,0.742
0.460971935658,0.516886783396,-0.12407158636,-1.40419605175,0.076639700239,1.91190534378,0.152893686861,-0.0103579523976,-0.0799592592436,0.000144054582472,-0.122311881584,-0.0143876645837,0.042622993616,-0.0144436117266,0.573961432989,0.818867530192,0.00223345910068,0.0,0.818827136198,-0.573900756988,-0.0118654563977,0.0,-0.00843461549892,0.00863929760959,-0.999927107242,0.0,0.656002672858,0.253550103837,0.303519392666,1.0,-0.01516,-0.0199245714286,0.759
0.460801961734,0.515623513261,-0.124076971715,-1.40624132365,0.0765116489812,1.91268587157,0.152604272242,-0.00661445184819,-0.0826003568955,9.21282740064e-05,-0.132545088073,-0.00993793005568,0.0509447799959,-0.0182182221141,0.573941125865,0.818881782507,0.00222648153947,0.0,0.818841344727,-0.57388052813,-0.0118633258623,0.0,-0.00843708946697,0.00863215193538,-0.999927148083,0.0,0.655758013034,0.253241585387,0.303499725267,1.0,-0.01548,-0.0203451428571,0.775
0.460619232225,0.514227440162,-0.124081876995,-1.40846098671,0.0763833728664,1.91349634627,0.152314356062,-0.00878424303702,-0.0826551523182,0.001278576345,-0.132360695656,-0.0157683300759,0.0558750392063,-0.0171285300426,0.573939142113,0.818883197689,0.00221733949331,0.0,0.818842545071,-0.573878482925,-0.011879398901,0.0,-0.00845551952906,0.00863387015679,-0.999926977572,0.0,0.655483783712,0.252908098562,0.303492338556,1.0,-0.01582,-0.020792,0.792
0.460415375951,0.512738162199,-0.124084324805,-1.41085809924,0.076239757867,1.91432676226,0.151969665259,-0.0104156290578,-0.0889343964425,-0.000818686799801,-0.130361244117,-0.00713681794513,0.0474269471633,-0.0183875827658,0.573919647609,0.818897018498,0.0021582598243,0.0,0.818855478854,-0.57385910903,-0.0119237005894,0.0,-0.00852590995245,0.00861071470531,-0.999926579531,0.0,0.65519757232,0.252558071743,0.303469079875,1.0,-0.01616,-0.0212388571429,0.809
0.460237228497,0.511497302279,-0.124086822665,-1.41289801843,0.0761121232242,1.91509005871,0.151683698157,-0.00728814042342,-0.0851528599298,-0.000677132699955,-0.142569231357,-0.00962221810277,0.0497790790321,-0.0210899261349,0.573898281587,0.818912096503,0.00211837058122,0.0,0.818870010248,-0.573837881828,-0.0119473259195,0.0,-0.0085683733968,0.00859138536509,-0.999926382828,0.0,0.654930096492,0.252228612695,0.303431456706,1.0,-0.01648,-0.0216594285714,0.825
0.460032416782,0.510034676781,-0.124082610837,-1.41521060019,0.0759705649008,1.91597102034,0.151352984717,-0.013598959383,-0.0913829653887,0.000369583220167,-0.141172123885,-0.00706027633246,0.0493644301205,-0.0142023641088,0.573874815744,0.818928474862,0.00214378548524,0.0,0.818886694171,-0.573814288902,-0.0119369536417,0.0,-0.00854554102468,0.00860600017288,-0.99992645254,0.0,0.654651190252,0.251878643885,0.303430932213,1.0,-0.01682,-0.0221062857143,0.842
0.459806869363,0.508447743898,-0.124090818971,-1.41773702143,0.0758122151841,1.91686772146,0.151007760712,-0.0103639916763,-0.0876228117813,-0.00044348377697,-0.14043451934,-0.0133020234494,0.0447920280251,-0.0217599034768,0.57387103785,0.818931225831,0.00210384828873,0.0,0.818888889409,-0.573810640503,-0.0119617118456,0.0,-0.0085887741712,0.00858746331522,-0.999926241496,0.0,0.654335538224,0.25148263887,0.303416861651,1.0,-0.01718,-0.0225794285714,0.86
0.459625782565,0.507160806279,-0.124099303992,-1.41971412193,0.0756766458251,1.91758726947,0.15072893255,-0.0164839742865,-0.0975045636715,-0.000714274090452,-0.141218101706,-0.0119372454178,0.0506040347022,-0.0185168420444,0.573862628357,0.818937077825,0.00211972615662,0.0,0.818895068819,-0.573802287248,-0.0119393598456,0.0,-0.00856144558038,0.00858755105575,-0.999926475105,0.0,0.654094741073,0.251168525945,0.30343847479,1.0,-0.01746,-0.0229474285714,0.874
0.459399916047,0.505491379869,-0.124108877032,-1.42230931213,0.0755197196822,1.91855890754,0.150377154064,-0.010700568932,-0.0957286530058,-0.00390315222874,-0.147272290253,-0.00619381862796,0.0543523573485,-0.0169895519809,0.573858169354,0.818940105303,0.0021569174403,0.0,0.81889857894,-0.573797675005,-0.0119202546439,0.0,-0.00852450450401,0.0086069978463,-0.999926623513,0.0,0.653778083148,0.250769845203,0.303454782962,1.0,-0.01782,-0.0234205714286,0.892
0.459174485734,0.503835725692,-0.124113110239,-1.42477671433,0.0753613883927,1.91951619393,0.150021270321,-0.0171633675694,-0.0982899286434,-0.000202673836118,-0.146404138364,-0.0162511865374,0.0554043663722,-0.0254532843368,0.573838693863,0.818953430692,0.00227567255673,0.0,0.818913567715,-0.57377784853,-0.0118446632984,0.0,-0.00839465876326,0.00866067199357,-0.999927258587,0.0,0.653486513918,0.250388412503,0.303520117716,1.0,-0.01816,-0.0238674285714,0.909
0.458956045903,0.502266050212,-0.124122244274,-1.42710833441,0.0752117272912,1.9203899277,0.149696489992,-0.0132792929179,-0.102489969991,-0.0026901980806,-0.145482368913,-0.0120436678763,0.054024189878,-0.0222612835128,0.573837183971,0.818954231987,0.00236624244453,0.0,0.818915636113,-0.573776083209,-0.0117870339444,0.0,-0.00829550772386,0.00870175883853,-0.999927729361,0.0,0.653206478437,0.250019527522,0.303582327652,1.0,-0.01848,-0.024288,0.925
0.458725225091,0.500543755335,-0.124119230649,-1.42970599466,0.075052385184,1.9212999441,0.149338609977,-0.0117038419087,-0.0997253111155,-0.000299145774926,-0.153653795788,-0.0144677429611,0.0585258812387,-0.0216118649864,0.573820275985,0.818965980664,0.00240005944316,0.0,0.818927699018,-0.573758917702,-0.0117845254406,0.0,-0.00827422923013,0.00872784283597,-0.99992767833,0.0,0.652873474573,0.24962120124,0.303626620684,1.0,-0.01882,-0.0247348571429,0.942
0.458473870914,0.498855884021,-0.124124822135,-1.43232942432,0.0748836400872,1.92225174417,0.148964358842,-0.0209021480979,-0.0998966222467,-0.00112922052563,-0.158430319215,-0.0134508617851,0.058434312687,-0.0144675447476,0.573811428267,0.818972152757,0.00240929450518,0.0,0.818934005998,-0.573750052023,-0.0117778828945,0.0,-0.00826358436096,0.00873150511496,-0.999927734385,0.0,0.652548086652,0.249202333783,0.303637937776,1.0,-0.01916,-0.0251817142857,0.959
0.458210135382,0.497184663393,-0.124125910805,-1.43498194713,0.0747236748665,1.92322199655,0.148570774925,-0.0197102665467,-0.0999675893179,-0.00127890816096,-0.161907903402,-0.0104264507779,0.0556120828553,-0.0200655310086,0.573797294607,0.818982079117,0.00240118456824,0.0,0.81894373041,-0.573735848811,-0.0117936047212,0.0,-0.00828126468849,0.00873374168203,-0.999927568583,0.0,0.652219305925,0.248777116949,0.303624698262,1.0,-0.0195,-0.0256285714286,0.976
0.45792756345,0.495419298789,-0.124123328556,-1.43782977409,0.0745466072509,1.92420291277,0.148152445217,-0.0133650178997,-0.0998637959392,0.00138814461759,-0.157659002401,-0.00587381496405,0.0530223716563,-0.0220643271624,0.573779961402,0.818994467481,0.00231625354725,0.0,0.818954837768,-0.573718659855,-0.0118583275793,0.0,-0.00838318820239,0.0087011453128,-0.999927003449,0.0,0.651851296583,0.248318097337,0.303584292527,1.0,-0.01986,-0.0261017142857,0.994
0.457643605874,0.493731175849,-0.12413234254,-1.44060692222,0.0743730722066,1.92519480817,0.147775497481,-0.0166315848303,-0.106240382103,-0.00238909482299,-0.165122943715,-0.00319335683522,0.0576831811683,-0.0139748779598,0.573803106376,0.818978493503,0.00222916902602,0.0,0.818937662063,-0.573742076998,-0.0119114078975,0.0,-0.00847638202502,0.00866052006525,-0.999926570474,0.0,0.651501949271,0.247860157047,0.303524441155,1.0,-0.0214428571429,-0.0281820408163,1.011
0.457389416417,0.491939081433,-0.124157768097,-1.44344686528,0.0741936768736,1.9262662309,0.147360016388,-0.0156011501707,-0.112782924205,-0.00258166261853,-0.181076809521,-0.0124845629146,0.0718644316489,-0.025449860801,0.573783367381,0.818992295038,0.00223939420457,0.0,0.818951714346,-0.573722419835,-0.011892075094,0.0,-0.00845488999484,0.00865759730109,-0.999926777741,0.0,0.651151246672,0.247410393611,0.303513666642,1.0,-0.0237834285714,-0.0312582204082,1.027
0.457087753245,0.489974264032,-0.124158718968,-1.44662162687,0.0740093441681,1.92737796407,0.146907854193,-0.0149595916586,-0.12318171866,0.00120933111365,-0.203112126894,-0.00824735450615,0.0735066481804,-0.0242612501826,0.573769406522,0.819002280609,0.00216319161733,0.0,0.818960426383,-0.573708484186,-0.0119642004491,0.0,-0.00855783083447,0.00863642679846,-0.9999260851,0.0,0.650736599482,0.246908894148,0.303465741196,1.0,-0.026124,-0.0343344,1.043
0.456713016503,0.487636796039,-0.124182280326,-1.45028851919,0.0737799775802,1.9287322289,0.146375132766,-0.0197940564304,-0.146929748212,-0.000276197864463,-0.220480187539,-0.0186971437146,0.0881379979039,-0.032627837837,0.573777150272,0.818996818092,0.00217731089777,0.0,0.818955193955,-0.573716215512,-0.0119516213913,0.0,-0.00853934573114,0.00864085369484,-0.999926204888,0.0,0.650283731767,0.246302507364,0.303463185768,1.0,-0.0286108571429,-0.0376028408163,1.06
0.45632976344,0.485235652298,-0.124204996766,-1.45396805385,0.0735489164126,1.93014751994,0.145811669221,-0.0269771556298,-0.152256763478,-0.00101411419623,-0.230286988704,-0.013229779061,0.0856574287333,-0.0386966849586,0.573765542094,0.819004655259,0.0022856665722,0.0,0.818964587972,-0.573704321664,-0.01187863012,0.0,-0.00841751863932,0.0086875958958,-0.999926832852,0.0,0.649841293435,0.245694429242,0.30350268546,1.0,-0.0309514285714,-0.0406790204082,1.076
0.455849441428,0.482302788316,-0.124246500735,-1.45849078272,0.0732646287429,1.93169279528,0.145132285406,-0.0226145210046,-0.16732545989,-0.00148716258975,-0.257444807556,-0.0153213505061,0.0912791578092,-0.0385962636758,0.573776818031,0.818996871823,0.00224364328628,0.0,0.818956186349,-0.573715690357,-0.0119087522186,0.0,-0.00846618045764,0.00867057843946,-0.999926569733,0.0,0.649260030044,0.244920430931,0.303520131818,1.0,-0.0335845714286,-0.044139722449,1.094
0.455359797452,0.479316123612,-0.124286757588,-1.46312198975,0.0729893435007,1.93336805889,0.144451386344,-0.0247442867302,-0.181885937798,0.000937154850376,-0.272175062768,-0.0194772954558,0.102769658784,-0.0398024649503,0.573800891335,0.8189799329,0.0022701347004,0.0,0.818939504893,-0.573739564803,-0.0119057131938,0.0,-0.00844823675224,0.00869077915458,-0.999926546129,0.0,0.648677369827,0.244139446995,0.303532534574,1.0,-0.0360714285714,-0.0474081632653,1.111
0.454888987621,0.476527780852,-0.124310197,-1.46738167446,0.0727273885093,1.93493854324,0.14384068423,-0.0337520460115,-0.184909297438,-0.00267173020301,-0.292641131659,-0.0146686030507,0.108969168223,-0.0366249607276,0.573838874889,0.818953086339,0.00235264601573,0.0,0.818913723765,-0.573777208904,-0.0118648419339,0.0,-0.00836701534722,0.00873528983691,-0.999926841207,0.0,0.648147524044,0.243417371311,0.303572694774,1.0,-0.0382657142857,-0.0502920816327,1.126
0.454288014214,0.472970958502,-0.124336480836,-1.47285677037,0.072391961999,1.93691779334,0.14303132836,-0.036292145628,-0.205093189234,-0.000876390076501,-0.3156733532,-0.0154904427363,0.110070478462,-0.0472549097868,0.573859767991,0.818938292111,0.00240568015812,0.0,0.818899500803,-0.573797768945,-0.011852208224,0.0,-0.00832601355473,0.00877168462428,-0.999926864849,0.0,0.647451196132,0.242492183289,0.303599442783,1.0,-0.0408988571429,-0.0537527836735,1.144
0.453656732321,0.469170733042,-0.124339347065,-1.47862811521,0.0720338285378,1.93902057056,0.142145015565,-0.0332904705973,-0.214868176705,0.000484667412107,-0.324273774353,-0.0251453585779,0.134898646877,-0.044897870073,0.573831004813,0.81895809346,0.00252308793266,0.0,0.818920669476,-0.573768392372,-0.0118116857905,0.0,-0.00822576594007,0.00884429066464,-0.999927054988,0.0,0.646710257347,0.241534822743,0.303660113177,1.0,-0.043532,-0.0572134857143,1.162
0.453101847915,0.465825426584,-0.124340007945,-1.48365727412,0.0717021427365,1.94088393918,0.141343134372,-0.0372743964932,-0.220922943311,-0.000579070054591,-0.346092884199,-0.0143850902615,0.125908745233,-0.0523331991339,0.573776524664,0.818995798705,0.00266989694594,0.0,0.818960356061,-0.573713461114,-0.0117280279328,0.0,-0.00807360522831,0.00891597852216,-0.999927658496,0.0,0.646068654794,0.240698654071,0.303736000038,1.0,-0.0457262857143,-0.0600974040816,1.177
0.452386961535,0.461673819397,-0.124354501888,-1.49015770279,0.071263478158,1.94309856971,0.140364359312,-0.0420609260522,-0.230399886473,-0.000431676085407,-0.368464362727,-0.0257060055192,0.129875161889,-0.056869502521,0.573754716702,0.819011473328,0.00254529387208,0.0,0.818974266777,-0.573691953997,-0.0118084366843,0.0,-0.00821118860238,0.00885984700663,-0.999927037085,0.0,0.645192210114,0.239596117302,0.303695618258,1.0,-0.0483594285714,-0.0635581061224,1.195
0.451673236143,0.457561354187,-0.124363125332,-1.49650924209,0.0708339375662,1.94533604148,0.139409547035,-0.0444634346503,-0.241443381808,-0.00127039252849,-0.378811509497,-0.0242836174479,0.136026716963,-0.0643067909238,0.573740024677,0.81902180496,0.00253258466739,0.0,0.818984402115,-0.573677278088,-0.0118184855207,0.0,-0.0082268694573,0.0088550560012,-0.999926950633,0.0,0.644347304244,0.238518794614,0.303696763178,1.0,-0.0508462857143,-0.0668265469388,1.212
0.450938502756,0.453572916818,-0.124383951475,-1.50277077157,0.0704139772253,1.94755907643,0.138418460339,-0.0416215272229,-0.257098409096,-0.00217254547682,-0.396863043016,-0.0275715912133,0.13530724736,-0.0612160575178,0.573717611201,0.819037675789,0.00247692091559,0.0,0.818999526992,-0.57365505519,-0.0118490228818,0.0,-0.00828405745073,0.00882676010356,-0.999926728665,0.0,0.643519012692,0.237431439395,0.303650975317,1.0,-0.0531868571429,-0.0699027265306,1.228
0.450128171935,0.449028838904,-0.124443831708,-1.5095479537,0.0699465399921,1.95010183997,0.137368253901,-0.0476809104631,-0.270933867716,-0.00750965445087,-0.397517095604,-0.0251358253272,0.147728512919,-0.0593828614177,0.573744726434,0.819017945633,0.00270933974388,0.0,0.818983345338,-0.57368189422,-0.0116666706649,0.0,-0.00800106752931,0.00891276649449,-0.999928270183,0.0,0.642660419519,0.236233814826,0.303764957136,1.0,-0.0556737142857,-0.0731711673469,1.245
0.449258441276,0.444346653621,-0.124470770141,-1.51679746203,0.0694654795017,1.95247572541,0.13628409166,-0.0558096345495,-0.276537330799,-0.00235642389492,-0.43308975974,-0.029871415473,0.14582837144,-0.0662586703508,0.573781114241,0.818992981043,0.00254496457086,0.0,0.818955862343,-0.573718448816,-0.0117976236372,0.0,-0.00820223574445,0.00885363775069,-0.999927165561,0.0,0.641650210489,0.234953041986,0.303728801792,1.0,-0.0581605714286,-0.0764396081633,1.262
0.44841945191,0.439813829855,-0.124485692238,-1.52383729869,0.0689687319057,1.95489201894,0.13515477907,-0.0586536285854,-0.282752706275,0.000322363134347,-0.441954391692,-0.0286452467458,0.151936250021,-0.0734298895553,0.573728633864,0.819030037206,0.00244943664928,0.0,0.818991651276,-0.573666309819,-0.0118485028603,0.0,-0.00829928024163,0.00880406303095,-0.999926802532,0.0,0.640679874989,0.233723607497,0.303688535477,1.0,-0.0605011428571,-0.0795157877551,1.278
0.447452152294,0.434769478724,-0.124499143621,-1.53142322511,0.0684812739604,1.95763591916,0.133920165281,-0.0581612286889,-0.307533892223,-0.0012970079318,-0.438046076764,-0.0289807490433,0.160176035604,-0.0709229132652,0.573718635785,0.819036494516,0.00262573878891,0.0,0.819000247348,-0.573655485888,-0.0117781686127,0.0,-0.00814063720406,0.00890800705283,-0.999927186067,0.0,0.639668575444,0.232380129632,0.303760174836,1.0,-0.062988,-0.0827842285714,1.295
0.446418637755,0.429630877427,-0.124540874182,-1.5392800822,0.067899769591,1.9604362826,0.13266282994,-0.057121079068,-0.307025249689,-0.00668252624191,-0.478653222097,-0.0374780537096,0.166781990357,-0.069469560933,0.573743584649,0.819018931174,0.00265261254726,0.0,0.818983495604,-0.573680842371,-0.0117077720209,0.0,-0.00806728924672,0.00888987614164,-0.999927941877,0.0,0.63861665319,0.230938772706,0.303766885089,1.0,-0.0654748571429,-0.0860526693877,1.312
0.445417059664,0.42459308227,-0.124624415247,-1.54706761712,0.0673321357607,1.96295597717,0.131378341224,-0.0618670198998,-0.32213029505,-0.0114812389009,-0.48680808952,-0.0335662772066,0.158600466829,-0.0830114520963,0.57374621389,0.819017793142,0.00242558548071,0.0,0.818979482326,-0.573684386934,-0.0118143395248,0.0,-0.00828479327349,0.00876510606872,-0.999927264913,0.0,0.637513278894,0.229486783474,0.303708805055,1.0,-0.0678154285714,-0.0891288489796,1.328
0.444229283543,0.418733501504,-0.124685701706,-1.55597017529,0.0667043166886,1.96600552208,0.129962243573,-0.0643651440789,-0.329963719036,-0.00388344337513,-0.492503447082,-0.0318733421002,0.1769055757,-0.0682801747377,0.573803501654,0.818977711833,0.0024074698413,0.0,0.818939240794,-0.573741815981,-0.0118150490468,0.0,-0.00829515542229,0.00875125652812,-0.99992730031,0.0,0.636276518461,0.227838056897,0.303716267232,1.0,-0.0704485714286,-0.0925895510204,1.346
0.443180642894,0.413673847038,-0.124693734695,-1.56339826762,0.0662010470894,1.9687930713,0.128704218173,-0.0729648948873,-0.337427559552,-0.000269207344228,-0.500648605292,-0.0331816721587,0.178584205287,-0.0878510059782,0.573806696981,0.818974376699,0.00275530621285,0.0,0.818940600553,-0.57374395435,-0.0116152707211,0.0,-0.00793192153106,0.00892152401865,-0.999928742976,0.0,0.635289939007,0.226474290017,0.303850533437,1.0,-0.0726428571429,-0.0954734693877,1.361
0.441943051642,0.407892743527,-0.124727985261,-1.57228062685,0.0655679344105,1.97169688213,0.127215824856,-0.0746546903071,-0.344907813866,-0.00393273243954,-0.530493664703,-0.0396510936103,0.171463454955,-0.092251040152,0.573810802999,0.818972084524,0.00257566184108,0.0,0.818935693239,-0.573748376618,-0.0117421279128,0.0,-0.00813884987154,0.00884723159856,-0.999927740197,0.0,0.634006342269,0.224807831117,0.303785967602,1.0,-0.0751297142857,-0.0987419102041,1.378
0.440495295348,0.401237178995,-0.124799772969,-1.58248593935,0.0648529454661,1.97511668166,0.125510141975,-0.0778998933339,-0.360476547853,-0.000644025877132,-0.53407478709,-0.0293381009218,0.195004270152,-0.0964388890833,0.573861638671,0.818936850804,0.00244968538483,0.0,0.818898613594,-0.573799451128,-0.0118320513819,0.0,-0.00828423426518,0.00879617371385,-0.999926996731,0.0,0.632542953111,0.222869436386,0.303718865062,1.0,-0.0779091428571,-0.102394873469,1.397
