position_joint1,position_joint2,position_joint3,position_joint4,position_joint5,position_joint6,position_joint7,velocity_joint1,velocity_joint2,velocity_joint3,velocity_joint4,velocity_joint5,velocity_joint6,velocity_joint7,ee_T_00,ee_T_10,ee_T_20,ee_T_30,ee_T_01,ee_T_11,ee_T_21,ee_T_31,ee_T_02,ee_T_12,ee_T_22,ee_T_32,ee_T_03,ee_T_13,ee_T_23,ee_T_33,v_x,v_y,time
0.465073765203,0.547807625703,-0.124003165292,-1.35584164128,0.0795757054657,1.89409872665,0.159160668494,-9.27938128151e-05,0.00145928641066,-9.13390584545e-05,0.000106129293432,7.63988426962e-05,0.000174528792344,-0.000663374187257,0.57383769376,0.818954970505,0.00195048890755,0.0,0.818911194446,-0.573778495493,-0.0119766699141,0.0,-0.00868937206271,0.00847010491921,-0.999926373357,0.0,0.661673121855,0.260892818973,0.303192004317,1.0,0.0,0.0,0.0
0.465071259549,0.547801947059,-0.123998132803,-1.35584693099,0.0795757098545,1.89409791422,0.159158887313,-0.00102262912107,-0.00092753723874,0.00196177011778,-0.0021587585308,-0.000129514460676,-0.000209626728014,0.000607064210411,0.573835045374,0.818956823225,0.0019517415715,0.0,0.818913030901,-0.573775810349,-0.0119797403873,0.0,-0.00869119536133,0.00847286460347,-0.999926334131,0.0,0.661671395013,0.260893465679,0.303193272367,1.0,-0.00018,-0.000236571428571,0.01
0.465073339592,0.547795224886,-0.124003431294,-1.35584796021,0.07957463043,1.89409696976,0.159161240079,0.000391515754022,-0.00244227395589,0.000437363953659,-0.00358024004205,-0.000119249011232,-7.59232407223e-05,0.00134012442707,0.573838722233,0.818954241221,0.00195411215708,0.0,0.818910515389,-0.57377951141,-0.0119744299461,0.0,-0.00868544789363,0.00847179768179,-0.99992639311,0.0,0.661671884333,0.260891503778,0.303197635908,1.0,-0.0005,-0.000657142857143,0.026
0.465067387555,0.547788224764,-0.124003747823,-1.35586575089,0.0795766761945,1.89409725756,0.159154919972,-0.00143527702967,-0.00339460131613,-0.000663304078435,-0.0020577997203,0.000508240203312,-7.63104423828e-05,-0.00151671824911,0.573840145113,0.818953261184,0.00194698596908,0.0,0.818909405936,-0.573780928742,-0.0119823863265,0.0,-0.00869603836694,0.00847054251589,-0.999926311698,0.0,0.661669557312,0.260885711308,0.30319416689,1.0,-0.00084,-0.001104,0.043
0.465072216382,0.547709921896,-0.124003152745,-1.35594200713,0.0795716238318,1.89411158465,0.159155319728,0.000676586354326,-0.00773160088696,0.000239870917453,-0.00477051574943,-7.297247421e-05,0.000608316131852,-0.000500165245762,0.573838889088,0.818954105241,0.00196208562494,0.0,0.818910431487,-0.573779593872,-0.0119762163896,0.0,-0.00868233404637,0.0084793543481,-0.999926356101,0.0,0.661655893775,0.260881385315,0.303214558104,1.0,-0.00118,-0.00155085714286,0.06
0.465065983361,0.547581593129,-0.124005659083,-1.35612646923,0.0795693579098,1.89414074544,0.159158476496,0.000194108772788,-0.00955954989701,-0.002041775093,-0.0143434429509,-0.000279877705079,0.00230978222074,0.000827625063621,0.573857776231,0.818940911773,0.00194488679076,0.0,0.818896892323,-0.57379843338,-0.0119993539587,0.0,-0.00871095659091,0.00847874756999,-0.999926112308,0.0,0.661625135275,0.260857207272,0.303220281437,1.0,-0.00152,-0.00199771428571,0.077
0.465055708365,0.54743084415,-0.124001236874,-1.35633166757,0.0795691230289,1.89421849659,0.159146394394,0.000334021925154,-0.0112619291802,0.00074756897097,-0.0132826625333,-4.4791363576e-05,0.00181917218539,-0.00107930480648,0.573864624055,0.818936046642,0.0019727317994,0.0,0.818892260441,-0.573805034923,-0.0119997745192,0.0,-0.00869525187683,0.00850186458289,-0.999926052713,0.0,0.66159925586,0.26083583654,0.303236007067,1.0,-0.00186,-0.00244457142857,0.094
0.465033295179,0.547270185812,-0.124004128409,-1.35652119308,0.0795680441556,1.89433441879,0.159138850866,0.000895161779444,-0.0106639760247,-0.000310749458145,-0.0163123916259,0.000374856802918,0.00502181690848,-0.000544300909444,0.573889407147,0.818918487692,0.00205080037598,0.0,0.818875710441,-0.57382947739,-0.0119602938517,0.0,-0.00861786196596,0.00854340104966,-0.999926368666,0.0,0.661589740444,0.260806660098,0.30326976168,1.0,-0.00216,-0.00283885714286,0.109
0.465002286088,0.54705879815,-0.124001345326,-1.35678028642,0.0795657797635,1.89446301547,0.159123172808,-0.000932501702474,-0.00867850018391,-0.000475144294291,-0.0169252313036,-0.00162588029986,0.00431119944294,-0.000855542815645,0.573914075723,0.818901004357,0.00212735760167,0.0,0.818859142969,-0.573853745277,-0.0119302099614,0.0,-0.00854903338773,0.00858908701223,-0.99992656811,0.0,0.661569131967,0.260768155496,0.303307241184,1.0,-0.00252,-0.003312,0.127
0.464967877236,0.546823377009,-0.124002054068,-1.35712045032,0.0795576243965,1.89459588347,0.159101679029,-0.00757763432313,-0.00997232656393,-0.00040013755529,-0.0211193087872,-0.000120972454313,0.0114581435315,0.00105274952565,0.573942052534,0.818881317036,0.00215774046405,0.0,0.818839756722,-0.573881499216,-0.011925794308,0.0,-0.00852768700164,0.00861172434229,-0.999926555682,0.0,0.661533408957,0.260715398402,0.303323620905,1.0,-0.00286,-0.00375885714286,0.144
0.464926014259,0.546534809155,-0.124001348495,-1.35754196404,0.0795461671912,1.89475318069,0.158980510555,-0.00151182071404,-0.017274629022,0.000291914584585,-0.0220241175627,-0.000181006923419,0.00677560866289,-0.0168376446446,0.573897156294,0.818912703543,0.0021874356512,0.0,0.818871397577,-0.573836353873,-0.0119256070724,0.0,-0.00851096489305,0.00863546673421,-0.999926493394,0.0,0.661487074375,0.260650693953,0.303340973922,1.0,-0.00322,-0.004232,0.162
0.464883486477,0.546245840462,-0.12400169549,-1.3580102731,0.0795367256381,1.89492189375,0.15893412277,0.000212328272386,-0.0171144458513,0.000326884565415,-0.0324583227539,0.000183496917639,0.00917641095619,-0.00385801441529,0.573917936513,0.818898138328,0.00218817093656,0.0,0.818856665128,-0.573856949122,-0.011946163489,0.0,-0.00852715811773,0.00864808235709,-0.999926246403,0.0,0.661432550777,0.260580488015,0.303337349944,1.0,-0.00356,-0.00467885714286,0.179
0.464835553939,0.545934305031,-0.124007078778,-1.35853479521,0.0795175726974,1.89510342723,0.158898061304,-0.000231341249322,-0.0144530520171,-0.00114551641067,-0.0359977845571,0.00015879278633,0.0140424657953,-0.00414536807978,0.573955644698,0.818871768097,0.00216615657925,0.0,0.818829899758,-0.573894633356,-0.0119704623318,0.0,-0.00855929281166,0.00864439463102,-0.999926003736,0.0,0.661371337514,0.26049671047,0.303324192326,1.0,-0.0039,-0.00512571428571,0.196
0.46477885456,0.545630914059,-0.124002408372,-1.35905997611,0.0794670286365,1.89528153615,0.158821375987,-0.00214938839438,-0.0195397077757,7.82889090593e-05,-0.0327015576375,-0.000649186068052,0.010310237518,-0.00874409983594,0.573951902413,0.818874513693,0.00211930201972,0.0,0.818832146971,-0.573891198769,-0.0119814007644,0.0,-0.00859518043148,0.00861226619798,-0.999925973132,0.0,0.661310757192,0.26040745574,0.303304246548,1.0,-0.0042,-0.00552,0.211
0.464720484619,0.54524133357,-0.124004405136,-1.35974505572,0.0793848323683,1.89550267143,0.158719949944,-0.00247291263714,-0.0234295074384,0.00168875537919,-0.0415291472849,-0.000162385970663,0.0135404422117,-0.00775733938096,0.573934334737,0.818887046146,0.00203272388795,0.0,0.818843869799,-0.573874313362,-0.0119890056619,0.0,-0.00865127997122,0.0085455500117,-0.999926061731,0.0,0.661227962168,0.26029318253,0.3032730876,1.0,-0.00454,-0.00596685714286,0.228
0.464647375492,0.544785203289,-0.124007730578,-1.36049176612,0.0793726218234,1.89574539432,0.158656747218,-0.00636446999736,-0.0260281811616,4.1554682852e-05,-0.0430684570425,0.000720916213946,0.0118404029095,-0.00383581179428,0.573983028142,0.81885297394,0.00200932235448,0.0,0.818809155083,-0.573922767869,-0.0120403893652,0.0,-0.00870628041473,0.00855639542433,-0.999925491614,0.0,0.661137199879,0.260174760697,0.303261712278,1.0,-0.0049,-0.00644,0.246
0.464579565985,0.544330026092,-0.124013355797,-1.36124041251,0.0793435945044,1.89602391955,0.158534264716,-0.00461102996334,-0.0278514223174,-0.000880479236264,-0.0429635916234,-0.00444432848976,0.0130189650026,-0.0134486041087,0.573976304809,0.818857701293,0.0020033600544,0.0,0.818813675215,-0.573915943959,-0.0120582524675,0.0,-0.00872440059221,0.00856169464184,-0.999925288319,0.0,0.661053103956,0.260057983302,0.303251849952,1.0,-0.00524,-0.00688685714286,0.263
0.464509312487,0.543795096329,-0.124009131516,-1.36210196457,0.079311448261,1.89632858262,0.158455000806,-0.00298971254996,-0.0291917471748,0.00015157907407,-0.0477770849916,-0.000587106758707,0.0121490514122,-0.00320731287232,0.574005381061,0.818837337535,0.00199601415449,0.0,0.818792983473,-0.57394482088,-0.0120888255111,0.0,-0.00875334823811,0.00857353834585,-0.99992493385,0.0,0.66094878377,0.259934214961,0.303246571858,1.0,-0.0056,-0.00736,0.281
0.464434785162,0.543290208952,-0.1240240494,-1.3629023969,0.0792661027891,1.89660422775,0.158345279349,-0.000699424304013,-0.0362223261632,-0.00118897583704,-0.045108113989,-6.13298109963e-05,0.0180426864839,-0.00452083353315,0.574019390758,0.818827561656,0.00197742440294,0.0,0.818782975038,-0.573958920041,-0.0120973052655,0.0,-0.0087708154638,0.00856333410461,-0.99992486823,0.0,0.660858071249,0.259799294164,0.303247152252,1.0,-0.00592,-0.00778057142857,0.297
0.464350526012,0.54276940973,-0.124017290209,-1.36374920872,0.0792133284379,1.89690722016,0.158226788168,-0.00484694871648,-0.0348273455443,-0.000114470115107,-0.0552783226064,-0.000848568664233,0.0220140446976,-0.00514590886568,0.574019654537,0.818827423054,0.00195815257633,0.0,0.818782537777,-0.573959222741,-0.0121125291705,0.0,-0.00879434063496,0.00855629568105,-0.999924721855,0.0,0.660760399302,0.259665865729,0.303238506435,1.0,-0.00624,-0.00820114285714,0.313
0.46427245813,0.542107232145,-0.124023973353,-1.36478249265,0.0791617986953,1.89728460948,0.158075637508,-0.00983621834944,-0.0333623263733,-0.00686174641553,-0.0536091294886,-0.00417991196757,0.0283076887412,-0.0015800215135,0.574008176904,0.818835445753,0.00196787351663,0.0,0.818790603321,-0.573947621765,-0.0121170245779,0.0,-0.00879256218072,0.00856671246718,-0.999924648305,0.0,0.660639570873,0.259513720751,0.303247930171,1.0,-0.00662,-0.00870057142857,0.332
0.464189052604,0.541538387631,-0.124018988737,-1.36562692266,0.0791108322236,1.89760204899,0.157984618601,-0.00897809730964,-0.0365809135495,0.000255529782854,-0.0514772228926,-0.00327626581473,0.0221858763431,-0.0043800373649,0.574031735995,0.818818840668,0.00200477900017,0.0,0.818774463529,-0.573970999411,-0.0121002731519,0.0,-0.00875741523508,0.00858756799107,-0.999924777848,0.0,0.660546413445,0.259382041943,0.303275555476,1.0,-0.00692,-0.00909485714286,0.347
0.464108894719,0.540873495799,-0.124029582568,-1.36666333703,0.0790442367286,1.89798319055,0.157841934846,-0.00296122685432,-0.0370478744528,8.98600068911e-05,-0.0579725756671,-0.00353196470601,0.0218804402037,-0.00732683189967,0.574027671552,0.818821682141,0.00200799648185,0.0,0.818777424123,-0.573966997079,-0.012089785412,0.0,-0.00874702312424,0.00858413882794,-0.999924898253,0.0,0.660427621419,0.259223745979,0.303285651213,1.0,-0.00726,-0.00954171428571,0.364
0.464013248631,0.540146144112,-0.124030376248,-1.36776550004,0.07897804473,1.89839023204,0.157715655693,-0.00840575908802,-0.0489705184668,0.00206152259145,-0.0637718198357,-0.00723577453987,0.0199976642622,-0.00404852296876,0.574046497451,0.818808416233,0.00203547851956,0.0,0.818764512926,-0.573985697239,-0.0120763669898,0.0,-0.00872006325973,0.00859913931114,-0.999925004838,0.0,0.660302009049,0.259055753173,0.303310419233,1.0,-0.0076,-0.00998857142857,0.381
0.463930474567,0.539488374079,-0.124030104674,-1.36877992211,0.0789206130976,1.89878542243,0.157581270855,-0.00327316250808,-0.0454900828852,-9.14462383551e-05,-0.0727953990452,-0.00421100990034,0.0234674174951,-0.0126261334541,0.574044974654,0.818809398463,0.00206953223909,0.0,0.818765925289,-0.573984013711,-0.0120606173348,0.0,-0.00868763566785,0.00861796517348,-0.999925125028,0.0,0.660188216649,0.258906997359,0.303326620985,1.0,-0.0079,-0.0103828571429,0.396
0.463833468849,0.53877311795,-0.124031503463,-1.36987452896,0.0788629337431,1.89920824545,0.157445331191,-0.00849215843067,-0.0410929927218,-0.00161307550054,-0.0717310064605,-0.0011679817782,0.0291259965771,-0.0111352116411,0.574063787436,0.818796116801,0.00210569898418,0.0,0.818753093289,-0.574002647434,-0.0120449104952,0.0,-0.00865381576186,0.00863876081797,-0.999925238848,0.0,0.660060753969,0.258723681172,0.303345830723,1.0,-0.00824,-0.0108297142857,0.413
0.463725559651,0.537989965252,-0.124044620691,-1.37109993799,0.0787851394705,1.8996752972,0.157294323279,-0.0100355407522,-0.0449785932202,-0.00048701837756,-0.0716644593265,-5.63771184782e-05,0.0222355946125,-0.00338719427737,0.574078524895,0.818785716896,0.00213165708683,0.0,0.818743116123,-0.574017357339,-0.0120220703859,0.0,-0.00862005731459,0.00864705848177,-0.999925458718,0.0,0.659925371321,0.258531447267,0.30336295063,1.0,-0.00858,-0.0112765714286,0.43
0.463605972714,0.537124988218,-0.124042970106,-1.3724520324,0.0787089864863,1.90017754349,0.157127764542,-0.00719620805948,-0.0449889160748,0.000582016379051,-0.0758032020825,-0.00634963140577,0.0311317364617,-0.0216492562423,0.574094690107,0.818774359875,0.00214039800516,0.0,0.818731804183,-0.574033414499,-0.0120257539989,0.0,-0.00861788497814,0.00865650010018,-0.999925395749,0.0,0.6597764588,0.258340699283,0.303369093713,1.0,-0.00892,-0.0117234285714,0.447
0.463510178206,0.53638338751,-0.124053846332,-1.37361764892,0.0786510303787,1.9006191339,0.156977530491,-0.00335469953182,-0.0497504883998,-0.00208987807642,-0.0793995471022,-0.00366481844431,0.0345031291861,-0.00929778041858,0.574106511049,0.81876602346,0.00215863358662,0.0,0.818723650119,-0.574045101416,-0.0120230269614,0.0,-0.00860505861305,0.00866998935455,-0.999925389342,0.0,0.659644152802,0.258163133976,0.303376463599,1.0,-0.00922,-0.0121177142857,0.462
0.463377181641,0.535444923404,-0.124052049282,-1.37508906469,0.0785579614297,1.9011538631,0.156808742992,-0.00680347339064,-0.0551018148645,0.000176878186489,-0.0875372486705,-0.00681829326385,0.0352357113142,-0.0138513898372,0.574131805171,0.81874828905,0.00215786251439,0.0,0.818705905376,-0.574070395278,-0.0120236711632,0.0,-0.00860576089394,0.00866999373747,-0.99992538326,0.0,0.659472988414,0.257935338853,0.30338469852,1.0,-0.00958,-0.0125908571429,0.48
0.463252177189,0.534510295547,-0.124057738696,-1.37660966654,0.0784789513195,1.90170947983,0.156615317597,-0.00747403429583,-0.0499862353871,-0.000920365012905,-0.0880351356421,-0.00666964488428,0.0353266071005,-0.0135048972784,0.574142091339,0.81874113214,0.00213644491335,0.0,0.818698344254,-0.574080645082,-0.0120491061325,0.0,-0.00863877344531,0.00866716977669,-0.999925123077,0.0,0.659292939043,0.25770627862,0.303368722586,1.0,-0.00994,-0.013064,0.498
0.463118878519,0.533588745784,-0.124056316548,-1.37809199237,0.0783934233286,1.90224641697,0.156436083048,-0.0081373557115,-0.0524661697183,0.000454889101404,-0.0804734456484,-0.00319687593724,0.0322307762604,-0.00674396055694,0.574161702627,0.818727427638,0.00211786963114,0.0,0.81868431343,-0.574100248965,-0.0120683877771,0.0,-0.00866501742638,0.00866323951316,-0.999924930059,0.0,0.659118197593,0.257477962035,0.303359675329,1.0,-0.01028,-0.0135108571429,0.515
0.462991754192,0.532651164874,-0.124056696842,-1.37961125935,0.0783155013986,1.90282600228,0.156245148603,-0.0111130738183,-0.0542088319635,-0.000626795130722,-0.0874053150475,0.000311857234441,0.0314723029573,-0.0130059200383,0.574172102723,0.818720124846,0.00212144487793,0.0,0.818676933845,-0.57411050896,-0.0120809103153,0.0,-0.00867310758722,0.00867346665765,-0.999924771261,0.0,0.658941802965,0.257252622258,0.303347942391,1.0,-0.01062,-0.0139577142857,0.532
0.462858348501,0.531672271806,-0.1240556476,-1.38118052955,0.078219906545,1.90339293348,0.1560422072,-0.00513805958066,-0.0606546011141,0.000710656526219,-0.0866527491305,-0.0106991968934,0.0293080338434,-0.0173903557736,0.574174344411,0.818718606019,0.00210078073861,0.0,0.818675099059,-0.574112793285,-0.0120966800859,0.0,-0.00869785942021,0.00866562707732,-0.999924624234,0.0,0.658754161839,0.257014912448,0.303340149732,1.0,-0.01096,-0.0144045714286,0.549
0.462726541261,0.53072542203,-0.124058837285,-1.38273097166,0.0781253731904,1.90393441049,0.155845603329,-0.0058218142426,-0.0635995341893,-1.82113144495e-05,-0.0945643652951,-0.00665017906209,0.0273732569063,-0.00781292779237,0.574182444021,0.818713063466,0.00204635976826,0.0,0.818668786243,-0.574121070029,-0.0121310462037,0.0,-0.00875715634307,0.00864089098941,-0.999924320744,0.0,0.658565052412,0.256776084822,0.303316470329,1.0,-0.01128,-0.0148251428571,0.565
0.462576335624,0.529641506846,-0.124067348805,-1.3844572761,0.0780146941391,1.90456952228,0.155617491499,-0.0096270610527,-0.0614026483189,-0.00143362180466,-0.0952160983834,-0.00681083819108,0.0344320951323,-0.00337989866372,0.574188738214,0.818708680332,0.00203385307025,0.0,0.818664305231,-0.57412748296,-0.0121299444438,0.0,-0.00876336858618,0.00863008656141,-0.999924359628,0.0,0.658363537047,0.256506735514,0.303313696428,1.0,-0.01164,-0.0152982857143,0.583
0.462456394006,0.528684010552,-0.124068645293,-1.38594130042,0.0779297158834,1.90513678893,0.155415111809,-0.011943336956,-0.0639164411538,0.00128937575996,-0.0980526665458,-0.00878404352761,0.0417253701025,-0.016267212464,0.574179947363,0.818714754805,0.00207007547099,0.0,0.818670825247,-0.57411850735,-0.0121147145282,0.0,-0.00873019497829,0.00865090310096,-0.999924469933,0.0,0.65819053799,0.256288168195,0.3033308549,1.0,-0.01194,-0.0156925714286,0.598
0.462325928246,0.527640280359,-0.124067414989,-1.38755946078,0.0778292713787,1.90576715179,0.155186811662,-0.00980436842347,-0.0735851247274,-0.000458478733448,-0.103609564887,-0.0111510116875,0.0369202331462,-0.0108593411313,0.574159644835,0.818728885945,0.00211198098071,0.0,0.818685587288,-0.574098109206,-0.0120837524462,0.0,-0.00868100002675,0.00866721827312,-0.999924756952,0.0,0.657993094373,0.256032896196,0.303348683446,1.0,-0.01228,-0.0161394285714,0.615
0.462177608375,0.526478442304,-0.124068452814,-1.38934788969,0.077711796875,1.90644369823,0.154945905114,-0.0119306699912,-0.0708649905268,-0.00270082607439,-0.1087249402,-0.00542927669619,0.0453633150429,-0.00948450540372,0.574149716248,0.818735744319,0.00215202397184,0.0,0.81869302001,-0.574088062543,-0.0120574596859,0.0,-0.00863658823905,0.00868480127129,-0.999924988972,0.0,0.657794542564,0.255782840105,0.303375089806,1.0,-0.0126,-0.01656,0.631
0.462026394797,0.525304449907,-0.124068540624,-1.39117323995,0.0775997215964,1.9071002142,0.154701560945,-0.00917036337029,-0.0702360709503,0.000317314894349,-0.107079372993,-0.0111273008261,0.0432740078863,-0.00983997081355,0.574141584057,0.818741436024,0.00215622250474,0.0,0.81869872616,-0.574079872973,-0.0120599391364,0.0,-0.00863629422071,0.00868957647864,-0.999924950025,0.0,0.657572827526,0.255508515478,0.303389063446,1.0,-0.01294,-0.0170068571429,0.648
0.461864886271,0.52412920246,-0.12407750364,-1.39305795505,0.0774803559963,1.90777141727,0.15443938037,-0.00627988434309,-0.069109558988,0.000425340475725,-0.107659269112,-0.00853953093322,0.0363959965516,-0.0151471376535,0.574134543094,0.818746471265,0.00211875395068,0.0,0.818703284155,-0.574073004694,-0.012077445769,0.0,-0.00867221362555,0.00866887652878,-0.999924818819,0.0,0.657344573682,0.255215089455,0.303376936402,1.0,-0.01328,-0.0174537142857,0.665
0.461714681493,0.52297940391,-0.124082943924,-1.3948789492,0.0773751482333,1.90846547932,0.154198879881,-0.00595932990342,-0.074473948293,-0.00320938655917,-0.111486187361,-0.00819107759451,0.0439903240291,-0.00937718597426,0.574134010234,0.818746794527,0.00213814062229,0.0,0.818703840494,-0.574072368927,-0.0120699501292,0.0,-0.00865495216091,0.00868043993536,-0.99992486806,0.0,0.657130157593,0.254942205409,0.30337882458,1.0,-0.0136,-0.0178742857143,0.681
0.461551972765,0.521741569543,-0.124087190697,-1.39683566357,0.0772518133591,1.90922532881,0.153923262165,-0.00697546353273,-0.0710680429045,0.000676901514866,-0.117627557772,-0.00271767030867,0.0464022084291,-0.0159025058987,0.574116291326,0.818759142645,0.00216731881663,0.0,0.818716652676,-0.57405461211,-0.0120454077144,0.0,-0.00861829425935,0.00869005212179,-0.999925101194,0.0,0.656902524518,0.254648416588,0.303383314984,1.0,-0.01394,-0.0183211428571,0.698
0.461384830847,0.520482603581,-0.124093336279,-1.39887116149,0.0771226440493,1.90997668481,0.153667092968,-0.0108838304185,-0.0768848077498,0.000395130464606,-0.12304000027,-0.0103161657238,0.0436345142743,-0.0135012502185,0.574121606128,0.818755488537,0.00213968883592,0.0,0.818712672622,-0.574060078109,-0.0120554266257,0.0,-0.00864230316728,0.00867323824905,-0.999925039958,0.0,0.656656345145,0.254340092201,0.303364148736,1.0,-0.01428,-0.018768,0.715
0.461174670315,0.518832059103,-0.124096146573,-1.40142780397,0.0769582819005,1.91089314008,0.153306522682,-0.00695999674308,-0.0793610968313,0.00132345008055,-0.122299605324,-0.0110869725963,0.0439817932736,-0.0226669629462,0.57409186137,0.81877633291,0.00214435947887,0.0,0.818733587657,-0.574030327064,-0.0120516785094,0.0,-0.00863686804882,0.00867459669033,-0.999925075134,0.0,0.656341560426,0.253954360497,0.303385572798,1.0,-0.0147,-0.01932,0.736
0.461047420003,0.517877970367,-0.124097212053,-1.40292267666,0.0768614940862,1.91142826824,0.153101975761,-0.0109538156708,-0.0801607684427,0.000234156781948,-0.128695815649,-0.0125536985436,0.0450564814393,-0.0188859414808,0.57408237807,0.818783002472,0.00213657535316,0.0,0.81874016028,-0.574020882695,-0.0120550020825,0.0,-0.00864415835658,0.00867003123522,-0.999925051734,0.0,0.656157558596,0.253726028063,0.303390033737,1.0,-0.01494,-0.0196354285714,0.748
0.460836709565,0.516372344613,-0.124103239959,-1.40530254696,0.0767121686992,1.91231027125,0.152773497797,-0.014299945746,-0.0774282170162,0.00253914637612,-0.129044563933,-0.0102084804185,0.0474150361438,-0.0197527397685,0.574075914881,0.818787529144,0.00213845081894,0.0,0.818744739368,-0.574014440395,-0.0120507624439,0.0,-0.00863967869621,0.00866906473978,-0.999925098829,0.0,0.655872265504,0.253357318217,0.303390155205,1.0,-0.01532,-0.0201348571429,0.767
0.460656595891,0.514997764414,-0.124108604989,-1.40749583971,0.0765802931733,1.9131299548,0.152483211904,-0.0109868427157,-0.0742318575389,-1.26556424953e-05,-0.129824524537,-0.0068097042842,0.0388301228066,-0.0207692013592,0.574069796681,0.818791821514,0.00213739593225,0.0,0.818748997029,-0.574008306444,-0.0120536674156,0.0,-0.00864272767915,0.0086698040989,-0.99992506607,0.0,0.655605567113,0.253028124661,0.303381310059,1.0,-0.01566,-0.0205817142857,0.784
0.460492850029,0.51374359094,-0.124112513857,-1.40950139937,0.0764509160372,1.91382155316,0.152197698486,-0.0119661253971,-0.0831209089731,0.000310074939386,-0.133801682239,-0.00678907423901,0.0495518264821,-0.0182963966202,0.574043114854,0.818810668183,0.00208299280398,0.0,0.818767092532,-0.573981820061,-0.0120857489183,0.0,-0.00870050765819,0.00864339332837,-0.999924793631,0.0,0.655349316437,0.25272306288,0.303365847379,1.0,-0.01596,-0.020976,0.799
0.460293744006,0.512354396909,-0.12411278131,-1.41176860398,0.0763210704098,1.91462365342,0.151886481339,-0.00975824518542,-0.0806822913579,0.000754110175555,-0.133576971764,-0.0110976970097,0.044484553198,-0.0143359642095,0.574035348099,0.818816264277,0.00202271851004,0.0,0.818771709604,-0.573974127976,-0.0121381574762,0.0,-0.00877810167257,0.00862404218417,-0.999924282547,0.0,0.655063801798,0.252375116535,0.303329611112,1.0,-0.0163,-0.0214228571429,0.816
0.46007519076,0.510717092432,-0.12411633163,-1.41436501922,0.0761602273473,1.91561225686,0.151517917399,-0.0125588254402,-0.0895486341858,0.00201759002707,-0.137193471054,-0.012167200751,0.0495402957858,-0.0255920761403,0.574007609176,0.818835658197,0.00204361783886,0.0,0.818791405308,-0.573946328924,-0.0121240674136,0.0,-0.00875486032249,0.00863276987934,-0.999924410996,0.0,0.654749980754,0.251984376234,0.303326154102,1.0,-0.01668,-0.0219222857143,0.835
0.459867613033,0.509224453311,-0.12412454909,-1.41670952471,0.0760137917636,1.91648414713,0.151182770403,-0.0100819279892,-0.0892746631972,-0.00144105416534,-0.135415361261,-0.015260662118,0.0488318948706,-0.028563791967,0.573991667916,0.818846800733,0.00205645155324,0.0,0.818802745794,-0.573930363455,-0.0121139706949,0.0,-0.00873939442073,0.00863731271768,-0.999924507057,0.0,0.654465593726,0.251620611836,0.303330769259,1.0,-0.01702,-0.0223691428571,0.852
0.459667741824,0.507791729096,-0.1241295045,-1.41894426656,0.075870036498,1.91728220606,0.150869203123,-0.00974309926947,-0.0901259645908,-0.00276655227524,-0.138199237931,-0.00806726422974,0.0505337282004,-0.0197117318935,0.573979084214,0.818855639633,0.00204920175699,0.0,0.818811491422,-0.573917814456,-0.012117370443,0.0,-0.0087464721277,0.00863319335253,-0.999924480747,0.0,0.65418736568,0.251271591508,0.303338686111,1.0,-0.01734,-0.0227897142857,0.868
0.459475061431,0.506425813103,-0.124133842211,-1.42110661386,0.0757315516138,1.91807173806,0.150575570974,-0.0152406801056,-0.092559954422,-0.00210638500332,-0.146758875616,-0.0200211049928,0.0614704939419,-0.0182330226349,0.573973983456,0.818859241381,0.00203863233317,0.0,0.818814969831,-0.573912775164,-0.0121209976632,0.0,-0.00875556238309,0.00862656607271,-0.999924458389,0.0,0.653919930561,0.250935668031,0.303333169044,1.0,-0.01764,-0.023184,0.883
0.45926005126,0.50480667288,-0.124143352732,-1.42356685923,0.0755829097095,1.91902984327,0.150245266762,-0.015271595797,-0.101218649802,-0.00107908481204,-0.148652006396,-0.0101674836247,0.0607637510886,-0.0207086075592,0.573973515994,0.818859321556,0.00213572930737,0.0,0.818816390719,-0.573911960313,-0.0120634572737,0.0,-0.00865272043692,0.00867304213235,-0.999924951568,0.0,0.653627861122,0.250559871349,0.303377066524,1.0,-0.01798,-0.0236308571429,0.9
0.459027454787,0.503139803183,-0.124146550742,-1.42605370733,0.0754231038196,1.91996391724,0.149899820893,-0.013072773441,-0.106902508457,-0.00144500692472,-0.147654003444,-0.00821641592566,0.0580768931182,-0.0239459632488,0.573968002753,0.818862937139,0.00222910217197,0.0,0.818821305161,-0.573906136698,-0.0120068054394,0.0,-0.00855279721978,0.00871692631511,-0.999925429647,0.0,0.653328363168,0.250170476375,0.303438670192,1.0,-0.01832,-0.0240777142857,0.917
0.458791062389,0.501436640288,-0.124149739264,-1.42857734493,0.0752603096767,1.92087165308,0.149527167363,-0.0124640771507,-0.0992817753021,-0.00165000745874,-0.15285160234,-0.00764093446594,0.0445985296385,-0.0271702992521,0.573943609731,0.818879833519,0.00230173973306,0.0,0.818839171325,-0.573881472125,-0.0119672200897,0.0,-0.00847895265441,0.00875343268307,-0.999925739632,0.0,0.653015699711,0.249772621997,0.303505134733,1.0,-0.01866,-0.0245245714286,0.934
0.458541674052,0.499624931605,-0.124150438763,-1.43133090836,0.0750763975092,1.92185135733,0.149159022767,-0.0116883945344,-0.100153584401,-0.00116748444932,-0.152937809822,-0.00473847295984,0.0582465812964,-0.0257964442278,0.573937176154,0.818884267796,0.00232823649238,0.0,0.818843987324,-0.573874969942,-0.0119494852998,0.0,-0.00844929154823,0.00876488505351,-0.999925890385,0.0,0.652667468658,0.249343534064,0.303543419291,1.0,-0.01902,-0.0249977142857,0.952
0.458270192191,0.49785561326,-0.124147306372,-1.43413662658,0.0749091053144,1.92289285297,0.148750937726,-0.0143427282397,-0.100789404891,0.00102284677625,-0.161118243104,-0.00632963439787,0.0531489741798,-0.0168320236868,0.573920716158,0.818895784064,0.00233523184851,0.0,0.818855478913,-0.573858363653,-0.0119595159339,0.0,-0.00845366760971,0.00877620031244,-0.99992575415,0.0,0.652320306834,0.248902419732,0.303532003007,1.0,-0.01938,-0.0254708571429,0.97
0.458021091804,0.496286113374,-0.12414810717,-1.43665575769,0.0747568604793,1.92378711249,0.14837627278,-0.0138623430198,-0.0969360844827,0.000894375822111,-0.161575243641,-0.00932570882471,0.0537757410092,-0.0276671109117,0.573904836407,0.818907040419,0.00229015318189,0.0,0.818866002912,-0.573842519918,-0.0119991045834,0.0,-0.00851212783399,0.00876184142766,-0.999925384124,0.0,0.652000992888,0.248497617232,0.303504441833,1.0,-0.0197,-0.0258914285714,0.986
0.457752934066,0.494611103919,-0.124148266457,-1.43938804933,0.0745791994107,1.92473006299,0.14798865175,-0.0169457818124,-0.0995507599845,0.00111408645311,-0.162700690943,-0.0105557731448,0.0553738615972,-0.0214624049475,0.573896525014,0.818913142413,0.00218875807484,0.0,0.818870676429,-0.573834524995,-0.0120623425794,0.0,-0.00862219192025,0.00871501408615,-0.999924850344,0.0,0.651647268534,0.248056321887,0.303452581522,1.0,-0.0215445714286,-0.028315722449,1.003
0.457425152244,0.492156503755,-0.124232712141,-1.44307553188,0.0743757400097,1.92608903813,0.147463720827,-0.0197741558475,-0.161385531918,-0.00322591671898,-0.238649120535,-0.0154359132875,0.0892601743498,-0.0314133473595,0.573926470415,0.81889187174,0.00229256562548,0.0,0.818850885063,-0.57386416119,-0.0119958090316,0.0,-0.00850781306302,0.00876215042729,-0.999925418137,0.0,0.651198774318,0.247447780045,0.303526330042,1.0,-0.0356257142857,-0.0468223673469,1.021
0.457038015193,0.489034389858,-0.124277200615,-1.44801728516,0.074121578276,1.92799666868,0.146703363247,-0.028195546535,-0.211754432266,0.00116369793192,-0.341457228308,-0.0130794974909,0.133116554125,-0.0464866370772,0.573832773061,0.818957279111,0.00238127130368,0.0,0.818917209677,-0.573769866407,-0.0119787728625,0.0,-0.00844396408528,0.00882404639131,-0.999925415056,0.0,0.65057766966,0.246713165271,0.303512409115,1.0,-0.0481422857143,-0.0632727183673,1.037
0.456380986965,0.484566140686,-0.124347991526,-1.4550479813,0.07371355654,1.93065487482,0.145644520224,-0.0445978492976,-0.287739094065,-0.00607503446927,-0.446451829786,-0.0315383250333,0.167148446161,-0.073222828695,0.573793963594,0.818984242176,0.00245872159066,0.0,0.818945193597,-0.573730764346,-0.0119384600728,0.0,-0.00836692754725,0.00886394521188,-0.99992570974,0.0,0.649706606481,0.245584489608,0.303502273704,1.0,-0.0614411428571,-0.0807512163265,1.054
0.455527363923,0.479002782968,-0.124518016022,-1.46392868356,0.0731787643394,1.93370270585,0.144299120547,-0.0508492141406,-0.356115746472,-0.00920509720072,-0.56107653886,-0.0360759208802,0.184871361634,-0.0876178427734,0.573804020012,0.818977904927,0.00221014941972,0.0,0.818935577658,-0.573741799012,-0.0120670879795,0.0,-0.00861478918927,0.00873428174623,-0.999924746033,0.0,0.64855449649,0.244073036609,0.303402745389,1.0,-0.07474,-0.0982297142857,1.071
0.454523917334,0.472692553898,-0.12466534454,-1.47381506691,0.0725864265064,1.9371766507,0.142880553054,-0.0654390627653,-0.407072284207,-0.00696074005008,-0.6542992114,-0.0349023930153,0.221139504186,-0.100619945814,0.573888304015,0.818919102679,0.00211297987258,0.0,0.818875395197,-0.573826378056,-0.0121293812503,0.0,-0.00872066632222,0.00869134459802,-0.999924202381,0.0,0.647278280049,0.242389837226,0.303369690418,1.0,-0.0872565714286,-0.114680065306,1.087
0.453290182063,0.464907102248,-0.124780170706,-1.48558563203,0.0718984790437,1.94159565698,0.141001157551,-0.0799952658324,-0.473676170766,-0.00415931808282,-0.71637794528,-0.0403907101379,0.26819475029,-0.126936613152,0.573818534438,0.818966932682,0.00248990160242,0.0,0.818928121304,-0.573755029255,-0.0119434267513,0.0,-0.00835283882351,0.00889258128585,-0.999925573271,0.0,0.645795457034,0.240423722561,0.303527938895,1.0,-0.100555428571,-0.132158563265,1.104
0.451889011334,0.456743627598,-0.124863816582,-1.49839028988,0.0710790309747,1.94602509032,0.139046704514,-0.0927576921915,-0.525980437246,-0.00807923726032,-0.860460588882,-0.047655179184,0.279360789205,-0.125522593428,0.573800169171,0.818980351428,0.00230146387271,0.0,0.818938668963,-0.573737003759,-0.0120852759881,0.0,-0.00857733372947,0.00881946096897,-0.999924320363,0.0,0.644079226287,0.238235754123,0.303440441617,1.0,-0.113072,-0.148608914286,1.12
0.450391131883,0.448075246202,-0.125023928772,-1.51145103347,0.0701643335162,1.95068279681,0.136972935444,-0.104251166353,-0.596543800666,-0.00973464191679,-0.906666322717,-0.0649770611454,0.324511590157,-0.143786826684,0.573803491754,0.818977508237,0.0024780544162,0.0,0.818939040577,-0.573740565055,-0.0118894377388,0.0,-0.00831558185341,0.00885174681918,-0.999926246119,0.0,0.642253357522,0.23575827306,0.303590040685,1.0,-0.125588571429,-0.165059265306,1.136
0.448365820367,0.436837967839,-0.125147638301,-1.52876138396,0.0690482490512,1.95662389985,0.13427544387,-0.116388704433,-0.642327825668,-0.0104041267394,-0.99128565661,-0.0713612042954,0.336608831493,-0.162340343904,0.573797206975,0.818982287262,0.00235059997709,0.0,0.818941512908,-0.573734112576,-0.0120296884172,0.0,-0.00850364606461,0.00882777547807,-0.99992487637,0.0,0.639994985877,0.232886823664,0.303548505987,1.0,-0.138887428571,-0.182537763265,1.153
0.446322767571,0.425795020724,-0.125272066861,-1.54526687657,0.0679294809999,1.9624663684,0.13152727067,-0.130663400666,-0.69666451645,-0.00570196479688,-1.0541663083,-0.0777923878465,0.366733173438,-0.182011312165,0.573718354712,0.819036626872,0.00264579079455,0.0,0.818999946491,-0.573654370766,-0.0118531620303,0.0,-0.00819056208738,0.00896745178859,-0.999926247031,0.0,0.637752721713,0.229934419441,0.303725355097,1.0,-0.151404,-0.198988114286,1.169
0.444017431521,0.413991366174,-0.125433097543,-1.5628817354,0.0666554719141,1.96866493988,0.128595290212,-0.149339920296,-0.757682824036,-0.0130636696278,-1.12514228231,-0.0892451756486,0.412889333696,-0.194902745837,0.573709864069,0.819041704652,0.00290255270395,0.0,0.819009211496,-0.573645926654,-0.0116193467436,0.0,-0.00785184320064,0.00904352535815,-0.999928279032,0.0,0.63533713517,0.226684646123,0.303891124586,1.0,-0.163920571429,-0.215438465306,1.185
0.440782829883,0.398203293042,-0.125606339383,-1.58654375474,0.065066981251,1.97676746294,0.124589876811,-0.174756186537,-0.820563431446,-0.00667426812263,-1.19760266326,-0.0826679303525,0.41670759053,-0.212015739579,0.573725653047,0.819029928391,0.00309811817659,0.0,0.818999389961,-0.573660391709,-0.0115974621583,0.0,-0.00772154957807,0.00919129540804,-0.999927946285,0.0,0.631972727727,0.22228260547,0.30399421825,1.0,-0.179566285714,-0.236001404082,1.205
0.437889401252,0.384832581479,-0.125741380271,-1.60672990795,0.0635725220378,1.98355396765,0.121093378759,-0.183091732006,-0.858742766456,-0.00799936879538,-1.29291552767,-0.0987532782698,0.412818351344,-0.225100839725,0.573693999514,0.819052411224,0.003014878495,0.0,0.819020903173,-0.573629143711,-0.0116237924742,0.0,-0.00779122308927,0.00913792443533,-0.99992789499,0.0,0.629027521397,0.218441575627,0.303956885753,1.0,-0.192082857143,-0.252451755102,1.221
0.434698105517,0.370557975833,-0.125906996625,-1.62783792252,0.0619854663751,1.99059875574,0.117272274052,-0.209369004186,-0.91199526518,-0.0138961513255,-1.35238562721,-0.100353208836,0.439659439903,-0.2433327963,0.573636349521,0.819092340286,0.00313424544413,0.0,0.819062663025,-0.573571455201,-0.0115276501721,0.0,-0.00764464342019,0.00917999932676,-0.999928640974,0.0,0.625907340835,0.214326806742,0.304059410583,1.0,-0.204599428571,-0.268902106122,1.237
0.430948899011,0.354792504577,-0.126088869341,-1.65120943163,0.0601570434552,1.99828329661,0.113038123844,-0.227661238392,-0.92914472737,-0.014841530082,-1.38559397798,-0.10755131212,0.448544510745,-0.265164364212,0.573678960424,0.819062579073,0.00311268859002,0.0,0.81903305322,-0.573614643658,-0.0114823871743,0.0,-0.00761945659464,0.00913677468815,-0.99992922911,0.0,0.622380751297,0.209649718001,0.304076599081,1.0,-0.217898285714,-0.286380604082,1.254
0.426763942272,0.338203426354,-0.126312783648,-1.67561153093,0.0583406223304,2.00615617138,0.108408150943,-0.247477213396,-0.971611542711,-0.00817614229763,-1.44702594724,-0.100929597295,0.45914493631,-0.281284816588,0.573783705098,0.81898907965,0.00314548557875,0.0,0.818959403684,-0.573718582853,-0.0115425173531,0.0,-0.00764871939679,0.00919911047828,-0.999928434168,0.0,0.618621579913,0.204622965682,0.304098121346,1.0,-0.231197142857,-0.303859102041,1.271
0.422328146243,0.32089502966,-0.126460555474,-1.70090147197,0.0562794911258,2.01423432916,0.103477542233,-0.263893164177,-1.03994705928,-0.00364788293888,-1.51274251434,-0.12000905523,0.461367877228,-0.286918896952,0.573685109367,0.819058145239,0.00314593526551,0.0,0.819028650199,-0.573620209389,-0.0115183520883,0.0,-0.00762977494871,0.00918469502545,-0.999928711415,0.0,0.614605207948,0.199417936189,0.304110766101,1.0,-0.244496,-0.3213376,1.288
0.417794411388,0.303899850607,-0.126642303351,-1.72542043606,0.0542320928035,2.02197077459,0.0984787996645,-0.291262819011,-1.07775761169,-0.00303235243606,-1.56121187172,-0.137259051369,0.478381950594,-0.321134518424,0.573548750608,0.819153281381,0.00323715622132,0.0,0.819125311473,-0.573484012319,-0.011426225052,0.0,-0.00750351687275,0.00920531093155,-0.999929477256,0.0,0.610384452245,0.193920316871,0.304181021158,1.0,-0.257794857143,-0.338816097959,1.305
0.412511472017,0.285198777932,-0.126841109811,-1.75221164002,0.0520042265614,2.03018953749,0.0929427433877,-0.315041394857,-1.12150724832,-0.0144191945966,-1.60570587871,-0.140166720401,0.494468262372,-0.324283432918,0.57357851586,0.819132210809,0.00329458031729,0.0,0.819104731771,-0.573513295278,-0.0114317728494,0.0,-0.00747479166621,0.00925580383463,-0.999929226288,0.0,0.606192462254,0.188436534215,0.304226100796,1.0,-0.270311428571,-0.35526644898,1.321
0.406423293288,0.264715625523,-0.12707214508,-1.78124376361,0.0495246159904,2.03892634476,0.0866019311084,-0.35088460339,-1.15377546844,-0.00887384624192,-1.59492131752,-0.136311571301,0.470372670318,-0.353557063709,0.573532304067,0.819164154528,0.00339573696746,0.0,0.819137722334,-0.573466470406,-0.0114169204037,0.0,-0.00740513322845,0.00932972853587,-0.999929057567,0.0,0.601263354714,0.181975148129,0.304294698602,1.0,-0.284392571429,-0.373773093878,1.339
0.400477491668,0.245977341476,-0.127362075076,-1.80767539496,0.0471295225788,2.04673420079,0.0806884769221,-0.380400518842,-1.18276519965,-0.0121489922757,-1.64211907847,-0.149679856978,0.479829874495,-0.372850037665,0.573651910995,0.819080444708,0.00338482049956,0.0,0.819054285804,-0.57358661468,-0.0113674652427,0.0,-0.00736952264069,0.00929349882513,-0.999929658034,0.0,0.596697192893,0.175853270944,0.304302585354,1.0,-0.296909142857,-0.390223444898,1.355
0.393809003919,0.225391208434,-0.127560231183,-1.83635004333,0.0445919200452,2.05498479877,0.073940992075,-0.389724565649,-1.21383360456,-0.00735852101713,-1.68249286657,-0.151700301801,0.466366605899,-0.405900708842,0.573547339875,0.819153189201,0.00349977792013,0.0,0.81912775175,-0.573480761976,-0.0114144144566,0.0,-0.00734324007676,0.00941365350917,-0.999928727437,0.0,0.591565168845,0.169239199056,0.304339266439,1.0,-0.310208,-0.407701942857,1.372
0.387008346185,0.205479618076,-0.127809719548,-1.86387587933,0.041939847117,2.06263533871,0.0672119296787,-0.43362214977,-1.25396852189,-0.0138998828148,-1.75057668428,-0.166878911782,0.465679014569,-0.420601254976,0.573460352055,0.819214395417,0.003427223916,0.0,0.81918817625,-0.573394192421,-0.0114271121228,0.0,-0.00739624686017,0.00936071727309,-0.99992883372,0.0,0.586519245912,0.162671266616,0.304332317924,1.0,-0.322724571429,-0.424152293878,1.388
0.379146365705,0.183714592255,-0.128156055149,-1.89363059944,0.0390723251686,2.07056684991,0.0595931285741,-0.481475534127,-1.29599793013,-0.0232927068201,-1.75074715269,-0.168363344533,0.451965493755,-0.46205895605,0.573483063383,0.819198941183,0.00331928880425,0.0,0.819170761682,-0.573416518983,-0.0115544737713,0.0,-0.00756222324399,0.00934553928276,-0.999927734226,0.0,0.580924082059,0.155327952908,0.304315774125,1.0,-0.336023428571,-0.441630791837,1.405
