position_joint1,position_joint2,position_joint3,position_joint4,position_joint5,position_joint6,position_joint7,velocity_joint1,velocity_joint2,velocity_joint3,velocity_joint4,velocity_joint5,velocity_joint6,velocity_joint7,ee_T_00,ee_T_10,ee_T_20,ee_T_30,ee_T_01,ee_T_11,ee_T_21,ee_T_31,ee_T_02,ee_T_12,ee_T_22,ee_T_32,ee_T_03,ee_T_13,ee_T_23,ee_T_33,v_x,v_y,time
0.465081838964,0.547695508545,-0.124030417237,-1.35581672428,0.0795281178028,1.89413555064,0.159139409551,0.000596194627674,0.000206008161441,-0.00119651757674,-0.000675175392722,-2.38830323208e-05,0.000104139083045,0.00167103459716,0.573818797605,0.81896792542,0.0020667727934,0.0,0.818926320373,-0.573759770049,-0.0118387066556,0.0,-0.00850985378776,0.00848597043829,-0.999927782739,0.0,0.661695992288,0.260881643918,0.303287301504,1.0,0.0,0.0,0.0
0.465079054912,0.547697826561,-0.124022613419,-1.35581143456,0.0795290310296,1.89413633828,0.159139926059,-0.000521476727777,0.00106535874786,0.00180077739036,0.00131312091874,-0.000456731483353,0.000340737321183,0.000334129401578,0.573816010541,0.818969864606,0.00207215223149,0.0,0.818928288555,-0.573756920923,-0.0118406418157,0.0,-0.00850838095337,0.00849145741639,-0.999927748692,0.0,0.661696183982,0.2608851178,0.303287988869,1.0,-0.0,-0.0,0.001
0.465076182119,0.547696525174,-0.124027358415,-1.35581381875,0.0795314712849,1.89413706271,0.159140524746,-0.000423955699766,0.000217942915402,0.00509107719376,0.00114105823411,4.96249913564e-06,-0.000410369837906,0.00154377467084,0.573822948302,0.818965003741,0.00207208876358,0.0,0.818923427607,-0.573763858829,-0.0118406469023,0.0,-0.00850834960193,0.00849148043518,-0.999927748763,0.0,0.661697518514,0.260880649508,0.30328800057,1.0,-0.00034,-0.000446857142857,0.018
0.465078623274,0.547679595729,-0.124025796745,-1.35582836606,0.0795314712853,1.89413470376,0.159135069598,5.31124832938e-05,-0.00655664871721,0.000641044474401,-0.00550852500641,-1.17894758814e-05,-0.00058448907937,0.000258627004145,0.573816138581,0.81896977135,0.00207355246555,0.0,0.818928187964,-0.573757017843,-0.0118429023375,0.0,-0.00850942757331,0.00849390258608,-0.999927719018,0.0,0.661693165216,0.260881503846,0.303292812822,1.0,-0.0007,-0.00092,0.036
0.465078083934,0.547619234663,-0.124026177472,-1.35587428335,0.0795300326568,1.89414507333,0.159140523265,-0.00042762071376,-0.00263538125376,0.00624590090163,-0.00573258503516,-0.000118133602686,0.000517515308068,0.00100356300593,0.573823401902,0.818964624235,0.00209632600116,0.0,0.818923320809,-0.573764173114,-0.011832801343,0.0,-0.00848801237146,0.00850683235394,-0.999927791118,0.0,0.661686614061,0.260876744225,0.303314628514,1.0,-0.00104,-0.00136685714286,0.053
0.465080750883,0.547518817965,-0.124028067496,-1.35599810734,0.0795280029909,1.89417883114,0.159133558399,0.000335101500332,-0.00979793776127,7.83542854494e-05,-0.00974563759662,0.000190167831803,-0.00049634499663,0.00143527811122,0.573833315028,0.818957635388,0.00211303200544,0.0,0.818916511146,-0.573773980438,-0.0118285267892,0.0,-0.00847482271146,0.00851816353824,-0.999927806529,0.0,0.661668046841,0.260860810065,0.303334330996,1.0,-0.00136,-0.00178742857143,0.069
0.465065144308,0.547356637367,-0.124021218617,-1.35621838204,0.0795245272678,1.89424501859,0.159133268781,-0.00254598489196,-0.00736989008662,0.00295390976187,-0.0144152748881,0.000149439452101,0.00361515846038,0.00141578160626,0.573842150921,0.818951417273,0.00212341072251,0.0,0.818910270784,-0.573782615879,-0.0118416646407,0.0,-0.00847953513873,0.00853429346924,-0.999927629041,0.0,0.661637141186,0.260839551499,0.303345371346,1.0,-0.00172,-0.00226057142857,0.087
0.465051410287,0.547192507192,-0.124028619391,-1.35640623583,0.0795223859426,1.89434003158,0.159126084124,-0.000114386951194,-0.0181033891839,-0.000209669757422,-0.0066612759929,-6.29423294136e-05,0.00431459765174,0.00161957531104,0.573862734789,0.818936825633,0.00218726868855,0.0,0.818896502931,-0.573802938867,-0.0118089684999,0.0,-0.00841590000784,0.00856803859968,-0.99992787807,0.0,0.661622758424,0.260812153597,0.303380711616,1.0,-0.00204,-0.00268114285714,0.103
0.46503218366,0.54699717132,-0.124028984151,-1.35663484367,0.079520337245,1.89446889833,0.159110431092,-0.00036234010474,-0.00914904836017,-8.18836912758e-05,-0.0143730176947,0.000153515269276,0.00737900433744,0.000302241429097,0.573878383433,0.818925622526,0.00227435702293,0.0,0.818886393338,-0.573818210517,-0.0117678794279,0.0,-0.00833211092829,0.00861593752568,-0.999928168194,0.0,0.661606410849,0.260783082515,0.303421460191,1.0,-0.00238,-0.003128,0.12
0.465010120785,0.546808798407,-0.124026122928,-1.35689513831,0.0795161499131,1.89458278013,0.159089737368,-0.0060124246541,-0.0175594021938,0.000494579693428,-0.0212760912029,-0.00013834302215,0.00626199402927,-0.0068448737027,0.573891048157,0.818916628448,0.00231676468349,0.0,0.818877860241,-0.573830619627,-0.0117565678458,0.0,-0.00829837815805,0.00864430278007,-0.999928203897,0.0,0.661579726949,0.260748776009,0.303440772761,1.0,-0.00268,-0.00352228571429,0.135
0.464977436997,0.546561343368,-0.124024328579,-1.35726477252,0.0795086098716,1.89471714021,0.15902613192,-0.00259080752199,-0.0117878194884,0.000501403966402,-0.0278745119401,-0.000197278991735,0.0130514740085,-0.00125273051793,0.573883133128,0.818922120142,0.00233614098799,0.0,0.818883459774,-0.573822482404,-0.0117637110375,0.0,-0.00829319263227,0.00866418937469,-0.999928074803,0.0,0.661536787814,0.260695464347,0.303451681276,1.0,-0.00302,-0.00396914285714,0.152
0.464943136732,0.546268697599,-0.124028991418,-1.35767894461,0.0794963091733,1.89486415813,0.158930237617,0.000654789488716,-0.0165826216201,0.000409530368868,-0.0266465519879,-0.0015616210427,0.00669874841239,-0.00304193015605,0.573855776764,0.818941207261,0.0023650423806,0.0,0.818902822868,-0.573794916484,-0.0117604173913,0.0,-0.00827420042506,0.00868569056528,-0.999928045605,0.0,0.661489490569,0.260632741694,0.303474681372,1.0,-0.00336,-0.004416,0.169
0.464897707324,0.545979277389,-0.124023704627,-1.35816954573,0.0794799013165,1.89503392127,0.158904503104,-0.00274122580726,-0.0162174358571,0.00167210385214,-0.0274189809939,0.000237296783295,0.00574697013949,-0.00379500472736,0.573891279419,0.818916383216,0.00234597715009,0.0,0.818877590601,-0.573830318617,-0.0117899935765,0.0,-0.00830898605604,0.00868740987379,-0.99992774222,0.0,0.661429912834,0.260560175972,0.303460637953,1.0,-0.0037,-0.00486285714286,0.186
0.464834173191,0.545635549557,-0.124026567792,-1.35877065735,0.0794374162763,1.89523310039,0.158820605127,-0.00379409525595,-0.0168988224689,0.000832107987311,-0.0327378979568,-0.0029438369819,0.0156038721815,-0.00366802651685,0.573898871711,0.818911215792,0.00229185529091,0.0,0.818871746002,-0.573838144835,-0.0118149919136,0.0,-0.00836043636847,0.00865751275608,-0.999927572665,0.0,0.661360255895,0.260456284523,0.303435200069,1.0,-0.00406,-0.005336,0.204
0.464776201677,0.545232481484,-0.124032212264,-1.35945766954,0.0793431756796,1.89544805268,0.15875281541,-0.00394921074103,-0.0232872479704,-0.00051109404037,-0.039974995211,-0.00336070849592,0.0118209254789,-0.00335896985035,0.57390793636,0.818905108097,0.00220259300934,0.0,0.818864910964,-0.573847999992,-0.0118100550152,0.0,-0.00840752265652,0.0085816756544,-0.999927831599,0.0,0.66127758937,0.260337737009,0.303412221814,1.0,-0.00442,-0.00580914285714,0.222
0.46471025968,0.544844433384,-0.124032794103,-1.36010080535,0.0793320051539,1.89565185046,0.158651443256,-0.00455785960896,-0.0292777681318,-0.00239823650437,-0.0348759243184,-0.000229267460399,0.0161671791867,-0.00616447587186,0.57391209178,0.818902270416,0.0021746996002,0.0,0.818861411754,-0.573851960699,-0.0118601198566,0.0,-0.00846448641609,0.00858760911852,-0.999927300077,0.0,0.661198568076,0.260234564351,0.3033984805,1.0,-0.00474,-0.00622971428571,0.238
0.464644314431,0.544476869289,-0.12402971878,-1.36074434764,0.0793114064584,1.89586968599,0.158571260053,-0.00598360171021,-0.0312140826907,0.000164012228217,-0.040984901965,-0.00114525557283,0.0158670199363,-0.00131696040191,0.573928667284,0.818890757308,0.00213526735376,0.0,0.818849168251,-0.573868473074,-0.0119063918763,0.0,-0.00852483577395,0.00858204674931,-0.999926835148,0.0,0.661121327699,0.260132620681,0.303371100708,1.0,-0.00504,-0.006624,0.253
0.464579904074,0.543998906334,-0.12403565503,-1.36152517218,0.0792775475588,1.89615144744,0.158500051646,-0.00294652931365,-0.0255689392019,-0.00078165868739,-0.0479727597744,-0.0061384473011,0.0131472048584,-0.00290894227687,0.573961788966,0.818867576741,0.00212213836869,0.0,0.818825710373,-0.573901537178,-0.0119259615031,0.0,-0.0085480493009,0.00858287290362,-0.999926629881,0.0,0.661030497973,0.260013826208,0.303362292827,1.0,-0.00538,-0.00707085714286,0.27
0.464509701246,0.543521695035,-0.124033598988,-1.36230406986,0.07923877731,1.89640936142,0.158378720283,-0.00579589390542,-0.0241018191043,-0.00166068196524,-0.0459915780336,0.000126738327321,0.0172314373275,-0.00772358859547,0.573951399194,0.818874940475,0.0020904845133,0.0,0.81883252227,-0.573891139447,-0.0119585717409,0.0,-0.00859302962564,0.00857556079598,-0.999926307084,0.0,0.660935172156,0.259893642216,0.303351475746,1.0,-0.0057,-0.00749142857143,0.286
0.464432246376,0.542983432407,-0.124037604502,-1.36316498654,0.0791864153924,1.89671519175,0.158272678684,-0.00417055879078,-0.0360582695462,0.000414560454038,-0.0488701835977,-0.00237970412786,0.0252744799545,-0.00714000477452,0.573971823678,0.818860667376,0.00207363201075,0.0,0.818818018373,-0.573911620299,-0.0119687833532,0.0,-0.00861085020267,0.00856783661975,-0.999926219995,0.0,0.660830336407,0.259748291866,0.303348736661,1.0,-0.00606,-0.00796457142857,0.304
0.464360627591,0.542404349317,-0.124038629571,-1.36407457048,0.0791382938908,1.89703253905,0.158157308232,-0.002902246121,-0.0359127052156,3.35306300568e-05,-0.0509168839505,-0.00164432514143,0.0173929929008,-0.00738744131502,0.573967254577,0.818863886034,0.00206729869969,0.0,0.818821069886,-0.573906994121,-0.0119818408843,0.0,-0.00862522566795,0.00857009705109,-0.999926076727,0.0,0.660726510615,0.259622736827,0.303353258793,1.0,-0.00638,-0.00838514285714,0.32
0.464282005088,0.541841610911,-0.124039055194,-1.36494663353,0.0790832952994,1.8973586204,0.158046497024,-0.00323307135098,-0.0350961180564,-0.00273462447935,-0.0559908705443,-0.00845955093214,0.0158450577137,-0.0104106770034,0.573970596689,0.818861518487,0.00207715626372,0.0,0.818818862979,-0.57391032658,-0.0119730353774,0.0,-0.00861232231429,0.00857315004956,-0.999926161775,0.0,0.66062264745,0.259476557212,0.303363442075,1.0,-0.00672,-0.008832,0.337
0.464193699082,0.54119478232,-0.124042439924,-1.36593200391,0.0790280489195,1.89771686441,0.157906838557,-0.00695867401191,-0.0385283488863,0.000901482918572,-0.0618130060396,-0.00229124846063,0.0199651487267,-0.0187463519108,0.573975215305,0.818858226597,0.0020985353844,0.0,0.818815801625,-0.573914807634,-0.0119676016602,0.0,-0.00859555403168,0.00858758601025,-0.999926182184,0.0,0.660516766326,0.259334239588,0.303383830581,1.0,-0.00704,-0.00925257142857,0.353
0.464103758093,0.540511844527,-0.124044975835,-1.36699423275,0.0789633918805,1.89810582033,0.15778291248,-0.00860768293344,-0.038039114152,-9.93177078618e-06,-0.0555164552386,-0.00501498345834,0.0205427813696,-0.00454389863684,0.573990768606,0.818847306384,0.00210553634911,0.0,0.818804975964,-0.573930333238,-0.0119637296663,0.0,-0.00858820198255,0.00859125943463,-0.999926213802,0.0,0.660394571843,0.259172169794,0.303394757053,1.0,-0.00738,-0.00969942857143,0.37
0.464005850783,0.539786109335,-0.124048158982,-1.36810566104,0.0788991879486,1.89851797226,0.157651418419,-0.00633971608531,-0.039293477155,0.000113418676773,-0.064981408117,-0.00131253651613,0.0255737289717,-0.0120529506331,0.574009883159,0.818833847386,0.00212868819156,0.0,0.818791802909,-0.573949333897,-0.0119537655156,0.0,-0.00856655357095,0.00860469765619,-0.999926283952,0.0,0.660268749157,0.259000843671,0.303414438933,1.0,-0.00772,-0.0101462857143,0.387
0.463913800984,0.539076638898,-0.124048171805,-1.36919716516,0.0788354540327,1.89892351571,0.157507412558,-0.00596921015807,-0.0388832386166,0.000101494789483,-0.0715297075877,-0.00456471264784,0.0208550702479,-0.00247815846563,0.574021959827,0.81882531913,0.00215250763832,0.0,0.818783565763,-0.573961291803,-0.0119438205547,0.0,-0.00854461112287,0.00861861909719,-0.999926351801,0.0,0.660138142399,0.258822193026,0.303431293332,1.0,-0.00806,-0.0105931428571,0.404
0.463791283455,0.538255897204,-0.124056715229,-1.37046157249,0.078762931938,1.89941843707,0.157353394245,-0.0066253265751,-0.0403375607438,-0.00323060983738,-0.0687397102788,-0.00497652510983,0.0245910983514,-0.0040619949601,0.574041503833,0.818811512927,0.00219204851235,0.0,0.818770306164,-0.573980704289,-0.0119198888166,0.0,-0.00850211233889,0.00863746143127,-0.999926551476,0.0,0.660008701847,0.258633709883,0.303452410518,1.0,-0.0084,-0.01104,0.421
0.463686992141,0.537463199271,-0.124060270066,-1.37171273147,0.0786979469252,1.89988869281,0.157202005576,-0.00713164292599,-0.0425445422723,0.000239356282543,-0.0749602822681,-0.00687003948371,0.0318503256448,-0.00366915601925,0.574057143168,0.81880051112,0.00220596226787,0.0,0.818759405835,-0.573996204288,-0.0119222363997,0.0,-0.00849588286129,0.00865036386984,-0.999926492888,0.0,0.659864949809,0.258446093034,0.303457568673,1.0,-0.00874,-0.0114868571429,0.438
0.463573849906,0.536618886957,-0.124066549778,-1.37300982206,0.0786131686056,1.90037189907,0.157039562855,-0.00645587852976,-0.0514113343461,-0.000257584771206,-0.076345446406,-0.000222737837934,0.0331960167498,-0.0131397105452,0.574069914914,0.818791501059,0.00222654103401,0.0,0.818750746224,-0.574008975744,-0.0119020260122,0.0,-0.00846738622919,0.00865574384309,-0.999926688047,0.0,0.659718221059,0.258243979635,0.303478330565,1.0,-0.00908,-0.0119337142857,0.455
0.46346758164,0.535814670287,-0.124074932831,-1.37428528725,0.078544468422,1.90084607889,0.156883470525,-0.00217658594708,-0.0484597682672,0.000151140719586,-0.0850455728518,-0.0103816475546,0.0285633535544,-0.0124479735753,0.574086811608,0.818779643043,0.00223064517172,0.0,0.818738896412,-0.574025807611,-0.0119054021151,0.0,-0.00846761602578,0.00866121706264,-0.999926638708,0.0,0.659571173377,0.258049215677,0.303480252404,1.0,-0.0094,-0.0123542857143,0.471
0.463351078599,0.534917859309,-0.124071315606,-1.37569659635,0.0784704215096,1.90135168411,0.156714103606,-0.0083916298587,-0.0512887901123,0.000601880651873,-0.0826258593835,-0.0071068850709,0.032117401512,-0.0108566101112,0.574098553304,0.818771411813,0.00223006550944,0.0,0.818730499915,-0.574037388884,-0.011924410865,0.0,-0.00848338906844,0.00867177663457,-0.999926413492,0.0,0.659401170852,0.257841045924,0.303485029582,1.0,-0.00974,-0.0128011428571,0.488
0.463228018193,0.534021969593,-0.124079197537,-1.3771780667,0.0783806679109,1.90187271054,0.156542433579,-0.00825317603064,-0.0564768546026,-0.000122423709307,-0.0817660157995,-0.00133355944391,0.0287399560702,-0.0106090660837,0.574122716981,0.818754615646,0.00217534022898,0.0,0.818712969506,-0.574061750417,-0.0119552152482,0.0,-0.00853977246298,0.00864490636018,-0.999926166214,0.0,0.659233844593,0.257621556237,0.3034592569,1.0,-0.01006,-0.0132217142857,0.504
0.463091496111,0.533100995371,-0.124077622016,-1.37865518125,0.078303292547,1.90244309175,0.156346489324,-0.0109591737918,-0.0511463021973,0.000931746808074,-0.0853520591651,-0.00600161400772,0.0278330729279,-0.010417001812,0.57413190513,0.818748136141,0.00218905902434,0.0,0.818706563231,-0.574070774197,-0.0119606201938,0.0,-0.00853622503071,0.00865933736803,-0.999926071637,0.0,0.659056068947,0.257385902878,0.303453126541,1.0,-0.01042,-0.0136948571429,0.522
0.462962740373,0.53214046178,-0.124082968842,-1.38019802176,0.0782106729938,1.9030232436,0.156157480874,-0.0124253287645,-0.0592546307184,9.77889470307e-05,-0.0946341003053,-0.00576920676203,0.0339224072955,-0.00921290086235,0.574139565473,0.81874277808,0.00218394153324,0.0,0.818701144683,-0.57407846086,-0.0119625822187,0.0,-0.00854068843948,0.00865635385181,-0.999926059356,0.0,0.658886722713,0.257165754772,0.303446428772,1.0,-0.01074,-0.0141154285714,0.538
0.462833782271,0.531142381534,-0.124080780305,-1.38180152486,0.0781233929364,1.90359924807,0.155949220016,-0.010367659263,-0.0603972855581,0.000942031454072,-0.0982867881697,-0.00675906131397,0.0276365341355,-0.0044050825188,0.574143339321,0.818740182178,0.00216492555155,0.0,0.818698154915,-0.574082165041,-0.0119894045777,0.0,-0.00857352720729,0.0086562239944,-0.999925779454,0.0,0.658681773302,0.256915817989,0.303436509568,1.0,-0.0111,-0.0145885714286,0.556
0.46268459156,0.530050768557,-0.124080467414,-1.38354277302,0.0780088564051,1.90420910383,0.155725347924,-0.0127468378111,-0.0606410824615,0.000483407055291,-0.096087543088,-0.00668253195181,0.0350476175669,-0.00624903409299,0.574145696424,0.818738630175,0.00212641443514,0.0,0.818696102421,-0.574084684198,-0.0120089196666,0.0,-0.00861159027803,0.00863592302374,-0.999925627908,0.0,0.658470142634,0.256648252965,0.303429651302,1.0,-0.01146,-0.0150617142857,0.574
0.462551790533,0.529068524169,-0.124091789926,-1.3851044275,0.0779183834461,1.9047858108,0.155517319648,-0.00822264618176,-0.0662285848398,-0.00151225900995,-0.104418782944,-0.0080130748164,0.0293121740284,-0.0153214459868,0.574152605224,0.81873379454,0.00212285032431,0.0,0.818691213013,-0.57409159977,-0.0120116489151,0.0,-0.00861579823697,0.00863464466835,-0.999925602699,0.0,0.658287633702,0.256406242835,0.303428524835,1.0,-0.01178,-0.0154822857143,0.59
0.4624302889,0.528113163994,-0.124086606645,-1.38660647608,0.0778191422864,1.90536651922,0.155299925526,-0.00808856324724,-0.0626215825192,-0.000570902146715,-0.100344408831,-0.00360083870014,0.0379314792625,-0.0181130939438,0.574125283698,0.818752890332,0.00214711279174,0.0,0.818710687772,-0.574064243138,-0.0119917213317,0.0,-0.00858584112469,0.00864278100234,-0.999925790081,0.0,0.658112578738,0.256186869156,0.303436412793,1.0,-0.01208,-0.0158765714286,0.605
0.462278239537,0.526961869252,-0.124086418929,-1.38836722017,0.0777066151942,1.90603847558,0.155063529394,-0.00852157884455,-0.0726874186536,0.00106277979684,-0.108321559507,-0.00286454945378,0.0362447614672,-0.00848038315382,0.574121093067,0.818755697708,0.00219655791717,0.0,0.818714203052,-0.574059913008,-0.0119589672806,0.0,-0.00853068099491,0.00866441534856,-0.999926074962,0.0,0.657909550933,0.255920422666,0.303466905423,1.0,-0.01242,-0.0163234285714,0.622
0.462126257302,0.525790928866,-0.124098192702,-1.39018078711,0.0775960185103,1.90670376832,0.154818241154,-0.00834468919567,-0.0731628525574,-0.00112760335469,-0.110681280211,-0.00668896903167,0.036608145944,-0.0119268170123,0.574121041117,0.818755690272,0.00221284776399,0.0,0.818714438881,-0.57405982608,-0.0119469891584,0.0,-0.00851152222572,0.00867087521048,-0.999926182232,0.0,0.657695361608,0.255640951651,0.303485600141,1.0,-0.01276,-0.0167702857143,0.639
0.461963507687,0.524623542263,-0.124103529748,-1.39201827032,0.0774771707255,1.90736496768,0.154570747485,-0.0114405511101,-0.0689400740174,-0.000982088490619,-0.111065832353,-0.00351041376896,0.0412919669421,-0.0171259560725,0.574122185902,0.818754921827,0.00220012288989,0.0,0.818713540248,-0.57406105883,-0.0119493368151,0.0,-0.0085207375048,0.00866181653934,-0.999926182259,0.0,0.657475796573,0.255353703187,0.303489539383,1.0,-0.0131,-0.0172171428571,0.656
0.46182111303,0.523498471903,-0.124108609821,-1.39380421457,0.0773670298531,1.9080145717,0.154323039231,-0.00833470758142,-0.0735758984002,-0.000647796664256,-0.110330370182,-0.00593963795871,0.0449477730352,-0.0197025594149,0.574105745946,0.818766481774,0.00218808053177,0.0,0.8187249351,-0.574044661877,-0.0119563254169,0.0,-0.00853354684477,0.00865579786456,-0.999926125142,0.0,0.657258611593,0.255086196573,0.303486964123,1.0,-0.01342,-0.0176377142857,0.672
0.461656022577,0.522284464413,-0.124109502489,-1.39575125119,0.0772473113925,1.90876634795,0.154066117159,-0.00883332558723,-0.0685238879287,0.000139011585581,-0.119193181441,-0.00482008591251,0.0490413803296,-0.011364058508,0.574103507545,0.818768018549,0.00220030148804,0.0,0.81872665984,-0.574042402988,-0.0119466706964,0.0,-0.00851864955123,0.00866023777462,-0.999926213724,0.0,0.657031023613,0.254793645986,0.303478667255,1.0,-0.01376,-0.0180845714286,0.689
0.461482035688,0.520955539115,-0.124117765933,-1.39786345728,0.0771150000469,1.90958245893,0.153778258396,-0.00691918826118,-0.0695930699149,-0.000320798231876,-0.118850307398,-0.00672206430498,0.0417398243504,-0.0132263767088,0.574093582569,0.81877492023,0.00222156612324,0.0,0.81873392745,-0.574032483546,-0.0119252160593,0.0,-0.00848898014776,0.00866522840005,-0.99992642281,0.0,0.656784302688,0.254475233915,0.303477942087,1.0,-0.01412,-0.0185577142857,0.707
0.461297444684,0.519587033154,-0.124124180815,-1.40003308647,0.0769802415549,1.9103687909,0.153487090022,-0.0108679314636,-0.0736637576446,0.000298055720215,-0.125164878431,-0.0104509885129,0.0371117490949,-0.0250139163589,0.574090045296,0.818777443481,0.0022056380927,0.0,0.818736236565,-0.574029004416,-0.0119341495479,0.0,-0.00850547597525,0.0086572789652,-0.999926351488,0.0,0.656520728668,0.254142318607,0.303474624312,1.0,-0.01448,-0.0190308571429,0.725
0.461129043748,0.518238135052,-0.124129504802,-1.40212036955,0.0768451462774,1.91111183783,0.153205316724,-0.0067172030071,-0.0834977545211,0.000683489322226,-0.125013638499,-0.00141185571013,0.0488237715415,-0.0176105365813,0.574075173442,0.818787872089,0.00220514372463,0.0,0.818746681464,-0.574014159581,-0.0119316005755,0.0,-0.00850382984907,0.00865525641703,-0.999926382997,0.0,0.656262323344,0.253827270089,0.303492483803,1.0,-0.01482,-0.0194777142857,0.742
0.460976612847,0.517122011111,-0.124130807123,-1.40388565176,0.0767316936857,1.91174601063,0.152967155708,-0.0117916737292,-0.0816805708559,6.99959680641e-05,-0.12824030086,-0.00375000535627,0.0448653315348,-0.0105179780089,0.574069256533,0.818792036785,0.00219911401934,0.0,0.818750779822,-0.574008280304,-0.0119332134819,0.0,-0.00850867433415,0.00865118387196,-0.999926377029,0.0,0.656032204189,0.253536206589,0.303499254024,1.0,-0.01512,-0.019872,0.757
0.460799536687,0.515777600724,-0.124141187207,-1.40603139344,0.0765957188016,1.91255460893,0.152664361908,-0.0113620562754,-0.0752876712502,-0.00136935821772,-0.134807552618,-0.00666008335658,0.0593538857812,-0.0158251128867,0.574049977064,0.818805583128,0.00218809775348,0.0,0.818764244818,-0.573989111148,-0.011931412022,0.0,-0.00851372640925,0.00864092936698,-0.999926422694,0.0,0.655788163594,0.253230024591,0.303482419656,1.0,-0.01544,-0.0202925714286,0.773
0.460583812256,0.514217485196,-0.124142323885,-1.40852355993,0.0764536932479,1.9134564844,0.152328630655,-0.0138797190561,-0.086116837404,-0.000531381782361,-0.134721480544,-0.00689464085483,0.0438507298706,-0.0197592779824,0.574045536151,0.818808752254,0.00216715460452,0.0,0.818766978371,-0.573984591629,-0.0119612124115,0.0,-0.0085501966772,0.00864084158195,-0.999926112267,0.0,0.655480045141,0.252850893054,0.303468166656,1.0,-0.01582,-0.020792,0.792
0.460396913649,0.512814219138,-0.124140135016,-1.41079787117,0.0763140854995,1.91424816927,0.152011318547,-0.0139731314572,-0.084385353283,0.000450255291293,-0.133676608603,-0.0120806809139,0.0401306075815,-0.0235888005189,0.574018707828,0.818827734622,0.00210023301501,0.0,0.818784956327,-0.573957912631,-0.012010692006,0.0,-0.00862940851202,0.00861416695227,-0.999925661955,0.0,0.655188397299,0.252509439544,0.303437525931,1.0,-0.01616,-0.0212388571429,0.809
0.46019566746,0.511408422763,-0.124140866106,-1.41310286366,0.076171193542,1.91510078092,0.151694233903,-0.0140136422922,-0.0825789276744,-0.00184548150371,-0.13534524463,-0.011686411571,0.0441181569251,-0.0154212340391,0.574006591749,0.818836337749,0.00205706368011,0.0,0.818792961204,-0.573945946066,-0.0120368010262,0.0,-0.00867569374447,0.00859367784955,-0.99992543774,0.0,0.654905247617,0.252156892402,0.303399019435,1.0,-0.0165,-0.0216857142857,0.826
0.460015195844,0.510112408425,-0.124139378561,-1.41514420406,0.0760540902098,1.91588083718,0.151398112678,-0.0103696888535,-0.0899518515437,0.00132732074063,-0.13413178405,-0.00442888895646,0.0540548877899,-0.0207854316162,0.573986058074,0.818850648881,0.002089704675,0.0,0.818807620162,-0.573925198715,-0.0120288962544,0.0,-0.00865070188521,0.00861565073381,-0.999925465182,0.0,0.654659637896,0.25184834904,0.30340229981,1.0,-0.0168,-0.02208,0.841
0.459824024123,0.508692234545,-0.124147262135,-1.41737498918,0.0758981277356,1.91668876417,0.151088186093,-0.00975608061058,-0.0842911383794,-0.000365352841746,-0.138156071258,-0.00248565569232,0.0452678466657,-0.0242021932955,0.573968097181,0.8188632757,0.00207509765845,0.0,0.818820200168,-0.573907444967,-0.0120196218737,0.0,-0.00865167951658,0.00859817691727,-0.99992560713,0.0,0.654383733188,0.251502271748,0.303404544143,1.0,-0.01712,-0.0225005714286,0.857
0.459611932677,0.507155812529,-0.124149747063,-1.41976423195,0.0757443577028,1.91755295589,0.150749353312,-0.0116304207146,-0.0929663502967,0.000557629119947,-0.140835403583,-0.00887193883631,0.0542976682529,-0.0226904731247,0.573950890685,0.818875344087,0.002071914516,0.0,0.818832214732,-0.573890241906,-0.0120225314637,0.0,-0.00865606972253,0.00859705851378,-0.999925578752,0.0,0.654069035738,0.251110648846,0.30340972728,1.0,-0.01748,-0.0229737142857,0.875
0.459391863071,0.505587100249,-0.124158604735,-1.42220832613,0.075589619045,1.91847757461,0.150418014165,-0.011785857087,-0.098017264428,-0.000297028828867,-0.144117569557,-0.00795292714193,0.0621136169231,-0.020205569904,0.573948128555,0.818877165278,0.00211679365231,0.0,0.818834714299,-0.573887384199,-0.0119886536931,0.0,-0.00860259920642,0.00861433532924,-0.999925891511,0.0,0.653793020102,0.250751901976,0.30343063183,1.0,-0.0178,-0.0233942857143,0.891
0.459157438729,0.503836458,-0.124163180652,-1.42484766131,0.0754241314383,1.91948434758,0.15006256405,-0.0132283981041,-0.0958249432989,-8.52639072329e-05,-0.145705240985,-0.013275905097,0.0539846958097,-0.0209100780682,0.573943610738,0.818880074814,0.00221397062397,0.0,0.818838957398,-0.573882535159,-0.0119308251565,0.0,-0.00849951956439,0.00866067301164,-0.999926372745,0.0,0.653475269446,0.250347448783,0.30348484313,1.0,-0.01816,-0.0238674285714,0.909
0.458954987447,0.502348798827,-0.12416856272,-1.42703125921,0.0752885128015,1.92030447954,0.149760930687,-0.0149571678555,-0.104032131558,-0.00172782599273,-0.142570780343,-0.00779719480482,0.0509953671524,-0.0181562767628,0.573934790647,0.818885946789,0.00232575510716,0.0,0.818846340637,-0.573873328424,-0.0118667708411,0.0,-0.00838300444994,0.0087153564947,-0.999926881226,0.0,0.653193780816,0.249981514901,0.303563522728,1.0,-0.01848,-0.024288,0.925
0.458718646423,0.500635916801,-0.124168540021,-1.42961558526,0.0751252576755,1.9212065081,0.149389258277,-0.0147600365274,-0.103683870431,-0.00106680699242,-0.158702618251,-0.0114690350328,0.0491062567162,-0.0232352427642,0.573918335919,0.818897420227,0.00234643168378,0.0,0.818857990784,-0.573856698737,-0.0118670613542,0.0,-0.00837155156706,0.00873228656231,-0.999926829471,0.0,0.652883016651,0.249602899241,0.303598965851,1.0,-0.0188,-0.0247085714286,0.941
0.458442779193,0.498736654576,-0.124166412031,-1.43253081426,0.0749417878751,1.9222819767,0.148977018385,-0.0169805746667,-0.100398176629,0.00112905219798,-0.154416456274,-0.0181984298652,0.0578455891117,-0.0273492889198,0.573903976792,0.818907340211,0.00239592811633,0.0,0.818868531953,-0.57384212548,-0.0118443785411,0.0,-0.00832472432154,0.00875965473716,-0.999926981041,0.0,0.65252263476,0.249146693013,0.303629281204,1.0,-0.01918,-0.025208,0.96
0.458210056316,0.497169030274,-0.12416892599,-1.43503015622,0.0747897119561,1.92320254834,0.148609490901,-0.0169684264736,-0.101418594182,-0.000412596692302,-0.160240448646,-0.0079740884691,0.0594981355969,-0.0302847101382,0.573881254113,0.818923292887,0.00238609404966,0.0,0.818884289655,-0.573819373231,-0.011857232468,0.0,-0.00834113745791,0.00875874700297,-0.999926852213,0.0,0.652210345009,0.248755563318,0.303612451004,1.0,-0.0195,-0.0256285714286,0.976
0.457930055943,0.495405265472,-0.124164636628,-1.43788195676,0.0746082875591,1.92417219476,0.148191729262,-0.0154988347324,-0.0961658211018,-0.000242052684776,-0.15361811081,-0.0109955735037,0.055215592439,-0.0250431876526,0.573859996079,0.818938476593,0.0022854663901,0.0,0.818897988171,-0.573798332834,-0.0119291704351,0.0,-0.00845802270191,0.00871740536508,-0.999926231627,0.0,0.651838255377,0.248297284978,0.30356800105,1.0,-0.01986,-0.0261017142857,0.994
0.457642695831,0.493685329642,-0.124187602782,-1.44071154853,0.0744313931812,1.92517621066,0.147802320103,-0.0206106988374,-0.111035526166,-0.0047030825106,-0.177093959625,-0.015794090102,0.0616061712183,-0.0265274632723,0.573887520339,0.818919454093,0.00218828887208,0.0,0.818877678066,-0.5738262278,-0.0119814671773,0.0,-0.00855632374704,0.00866812228714,-0.999925823739,0.0,0.651483556211,0.247823433926,0.303506816096,1.0,-0.0247857142857,-0.0325755102041,1.011
0.457364387353,0.491433048344,-0.124253950491,-1.44412041611,0.0742337676882,1.92647715027,0.147299464329,-0.0180941028388,-0.146199294032,-0.00361106398058,-0.230545209709,-0.0131937079344,0.0846649874711,-0.0375977431617,0.573869386587,0.818931847095,0.00230300966006,0.0,0.818891764053,-0.573807834777,-0.0118993451706,0.0,-0.00842342991041,0.00871475334302,-0.999926546754,0.0,0.651068492646,0.247285099288,0.303566354489,1.0,-0.0324748571429,-0.0426812408163,1.027
0.456992330915,0.488886873148,-0.124259505061,-1.44824060694,0.0740176868118,1.92799004537,0.146699963265,-0.0293102578365,-0.181088707643,0.000249163184621,-0.291253218469,-0.0187171506772,0.108045498223,-0.0428813848327,0.573835160241,0.818955924466,0.00226926308739,0.0,0.818914956213,-0.573773289344,-0.0119688690898,0.0,-0.0085000973574,0.0087266594091,-0.999925794127,0.0,0.650538460031,0.246652607202,0.303507335093,1.0,-0.0396834285714,-0.0521553632653,1.042
0.45643600515,0.485242924979,-0.124328497538,-1.4539363918,0.073677267966,1.93014339767,0.145838768241,-0.0385666007949,-0.228115454198,-0.00265996632005,-0.348524455393,-0.0246977745271,0.139674133813,-0.0598154192217,0.573826122118,0.818962044239,0.00234490349352,0.0,0.818922213053,-0.573764104753,-0.0119125129731,0.0,-0.00841063645362,0.00875617326584,-0.999926292596,0.0,0.649842820323,0.245714539792,0.303516338664,1.0,-0.0478531428571,-0.0628927020408,1.059
0.455773726101,0.48092374228,-0.124439350376,-1.4607330003,0.0732661778317,1.93251602781,0.144797650222,-0.044090145198,-0.268893301894,-0.00391913336418,-0.432723902382,-0.0213021532068,0.147827611365,-0.0655509086344,0.573818168284,0.818967900867,0.00224365720932,0.0,0.818926756103,-0.573756565119,-0.0119632363028,0.0,-0.00851035731954,0.00870228080815,-0.99992591932,0.0,0.64897123731,0.244566223958,0.303486760863,1.0,-0.0560228571429,-0.0736300408163,1.076
0.455020762703,0.476216187686,-0.124541165443,-1.46808396168,0.0728212453974,1.93512822704,0.143723161836,-0.0477555791885,-0.304025014829,-0.00499483857018,-0.481682358646,-0.0298680650982,0.172092525856,-0.0611662691408,0.573865410232,0.818934897673,0.002207082503,0.0,0.818893272133,-0.573803947032,-0.0119827428985,0.0,-0.00854681823055,0.0086840138761,-0.999925767145,0.0,0.648034480071,0.243315594274,0.303478203042,1.0,-0.063712,-0.0837357714286,1.092
0.453981802657,0.469859566015,-0.124633681872,-1.47787995285,0.0722491033729,1.93867678123,0.142275059718,-0.0517909521499,-0.358357711346,-0.00709967287893,-0.535026094184,-0.0211988898331,0.192771572388,-0.0768022098375,0.573913614214,0.818900838062,0.0023081901398,0.0,0.818860255878,-0.573851450083,-0.0119641749062,0.0,-0.00847307773161,0.00875665662277,-0.999925761204,0.0,0.646784959467,0.241661995167,0.303520575316,1.0,-0.0728428571429,-0.0957363265306,1.111
0.452904609406,0.463444954532,-0.124687794255,-1.48761951411,0.0716287683608,1.94227804553,0.140674282743,-0.065430624223,-0.388417276432,-0.00349926465244,-0.602598242612,-0.0339607030069,0.21426641627,-0.0931143998001,0.573816459349,0.81896825418,0.00253308641303,0.0,0.818930724221,-0.57375355724,-0.0118351756056,0.0,-0.00823942439779,0.00886581154685,-0.999926751953,0.0,0.64554785325,0.240011901621,0.303623265056,1.0,-0.0810125714286,-0.106473665306,1.128
0.451681069771,0.456427128003,-0.124750035534,-1.49856136192,0.0709224046976,1.94595529261,0.139054715587,-0.0716482634566,-0.417730618824,-0.008496745697,-0.668644824601,-0.0384653892618,0.225880403982,-0.104680907372,0.573852614918,0.818943550254,0.00232050656019,0.0,0.81890276717,-0.57379003473,-0.0120000361167,0.0,-0.00849603221574,0.00878669051905,-0.999925302963,0.0,0.644062883927,0.238124199741,0.303566078243,1.0,-0.0891822857143,-0.117211004082,1.145
0.450431873197,0.449118649066,-0.124871750297,-1.50944737474,0.0701560912736,1.94996311871,0.137298945514,-0.0828670026086,-0.469804627905,-0.00545535787283,-0.691177415317,-0.0498082983819,0.268701226454,-0.108341670544,0.573816589274,0.818967830749,0.00263836593025,0.0,0.81893221445,-0.573753893134,-0.0117151675585,0.0,-0.00808072821728,0.00888317137353,-0.999927892949,0.0,0.642575735447,0.236087306564,0.303753496723,1.0,-0.097352,-0.127948342857,1.162
0.449047009839,0.441413317356,-0.124909063167,-1.5211964375,0.0694161314326,1.95412911527,0.135499243006,-0.0879996823942,-0.497281335295,1.9024897738e-05,-0.77455239878,-0.0414402389592,0.264450974705,-0.117301750291,0.57381381842,0.818969444272,0.00273825505273,0.0,0.818934657433,-0.573750249077,-0.0117228597307,0.0,-0.00802974399781,0.00896936355647,-0.999927534239,0.0,0.640978261834,0.234049953581,0.303796314493,1.0,-0.105041142857,-0.138054073469,1.178
0.447232407217,0.431509164518,-0.12496983761,-1.5361228129,0.0683848054774,1.95939320739,0.133040519655,-0.0984658417578,-0.534597062922,-0.00595850853045,-0.789712188545,-0.0611367818595,0.29772837452,-0.1392412845,0.573713855105,0.819038847728,0.00291980724975,0.0,0.819006532555,-0.573649806973,-0.0116166042225,0.0,-0.0078396542093,0.00905612236146,-0.999928260662,0.0,0.639053740137,0.23155487565,0.30391137238,1.0,-0.113691428571,-0.149423020408,1.196
0.445773050838,0.423852885721,-0.125011976158,-1.54778719331,0.067558354482,1.96343921218,0.131127556779,-0.108370462095,-0.564253203302,-0.00426289216062,-0.816691292063,-0.0568331325332,0.298382211444,-0.140212320796,0.573643550974,0.819088079142,0.0029226588963,0.0,0.819055874847,-0.573579587916,-0.0116050466157,0.0,-0.00782932859426,0.00905115535181,-0.999928386536,0.0,0.637433439741,0.229475683047,0.303921130149,1.0,-0.120419428571,-0.158265534694,1.21
0.443820394781,0.413962451374,-0.125134974674,-1.56270812312,0.0664705908272,1.96860116423,0.128713297473,-0.117626002816,-0.59897511876,-0.00942990045179,-0.893494304665,-0.0677941723243,0.322980269822,-0.142332664671,0.573676922705,0.819064529607,0.0029718003999,0.0,0.819033501916,-0.573613424679,-0.0115112409774,0.0,-0.00772393328113,0.00903791139674,-0.999929326009,0.0,0.635360694503,0.226724126885,0.303978435586,1.0,-0.128589142857,-0.169002873469,1.227
0.441416039024,0.402386138508,-0.125206371,-1.58042740285,0.0652852984403,1.97453262293,0.125717744738,-0.129773358829,-0.614394748397,-0.000974456212801,-0.961922581982,-0.0624084992186,0.301736326487,-0.158521963928,0.573636698706,0.819093281026,0.00280745033183,0.0,0.819059134541,-0.573572618196,-0.0117189027735,0.0,-0.00798875169375,0.00902203424063,-0.999927388736,0.0,0.632800745549,0.223461011651,0.303883425037,1.0,-0.13772,-0.181003428571,1.246
0.439304623729,0.392607187828,-0.125331976408,-1.59485737424,0.0642502775488,1.97957334839,0.123248273599,-0.145562704594,-0.65041400124,-0.00531742023753,-0.987500757652,-0.0774332753649,0.332671067112,-0.17108114869,0.573715727589,0.819036881516,0.00309798881724,0.0,0.819006942696,-0.573651184914,-0.0115192344863,0.0,-0.00765766036898,0.00914621643732,-0.99992885095,0.0,0.630777053179,0.220684364639,0.304035564054,1.0,-0.144928571429,-0.19047755102,1.261
0.436934267877,0.381922235753,-0.125468625402,-1.61099187404,0.0630180827847,1.98486879199,0.12037730525,-0.151768317343,-0.687013390276,-0.0102719193603,-1.0127145239,-0.0807996602155,0.341764204364,-0.182905246207,0.57367370668,0.819067028185,0.0029031887782,0.0,0.819034802502,-0.573610070611,-0.0115855981513,0.0,-0.00782423376824,0.00902433942965,-0.999928668788,0.0,0.628398235872,0.217553649752,0.303982698515,1.0,-0.152617714286,-0.200583281633,1.277
0.433847833639,0.368574904523,-0.125601855785,-1.63093538578,0.0615300782504,1.9915036584,0.116850432909,-0.168756198103,-0.706826402343,-0.0089335248022,-1.07389856435,-0.0874159756856,0.35461929639,-0.18069814866,0.573724064349,0.819031809158,0.00288798815702,0.0,0.818999382198,-0.573660466947,-0.0115942883403,0.0,-0.00783951725557,0.00901735635828,-0.999928612079,0.0,0.625438047953,0.213639256591,0.303976957671,1.0,-0.161748571429,-0.212583836735,1.296
0.431022984769,0.35684331452,-0.125769520145,-1.64817604871,0.0601549451003,1.99724132818,0.113726575302,-0.187749479448,-0.748219753413,-0.0137042829911,-1.10026492187,-0.0879864532152,0.356139046736,-0.207767789813,0.573818330423,0.81896539554,0.00299190217719,0.0,0.818935139825,-0.573755353172,-0.0114358370008,0.0,-0.00764908215088,0.00901244024,-0.999930131291,0.0,0.622872826083,0.2101348821,0.304063460077,1.0,-0.169437714286,-0.222689567347,1.312
0.427577987427,0.343162172391,-0.125937210373,-1.66825234044,0.0586871285729,2.00374836126,0.109917278477,-0.1958463299,-0.767566414796,-0.0115253912769,-1.12101163383,-0.0886391619496,0.370183758294,-0.21094248578,0.573908614638,0.818901787776,0.00308397838742,0.0,0.818872133126,-0.573844646146,-0.0114672830408,0.0,-0.00762100082449,0.00910673181705,-0.999929491405,0.0,0.619801478795,0.206008191206,0.304117297272,1.0,-0.178088,-0.234058514286,1.33
0.424787247075,0.332280099401,-0.126013022922,-1.68439244002,0.0574206192889,2.00889835891,0.106855261201,-0.198571534905,-0.804426240469,0.000683484660904,-1.16527919788,-0.0910538555847,0.363575954474,-0.22245412674,0.573899657988,0.818908513858,0.00296232910899,0.0,0.818876967221,-0.573835698575,-0.0115693775598,0.0,-0.00777452127373,0.00906561944266,-0.999928683138,0.0,0.617254217573,0.202714022514,0.304041760263,1.0,-0.184816,-0.242901028571,1.344
0.421220395084,0.318505378697,-0.126087387495,-1.70432463067,0.0557299378605,2.01528850677,0.102926252129,-0.222487051463,-0.795227644544,-0.00234547096422,-1.1939445398,-0.0958613368511,0.36719673467,-0.224645869825,0.573775753334,0.818994952225,0.0030659447234,0.0,0.81896537798,-0.573712230973,-0.0114338358639,0.0,-0.00760543029786,0.00907153502071,-0.999929929886,0.0,0.614082063586,0.198596844654,0.304124094817,1.0,-0.192985714286,-0.253638367347,1.361
0.417397924109,0.304292131548,-0.126167696344,-1.72481342255,0.0540511372815,2.02170578936,0.0987081137546,-0.227228881921,-0.864360164267,0.000114064445534,-1.21994917744,-0.103133431466,0.379447519796,-0.257688141991,0.573616795233,0.819105994267,0.00314472307857,0.0,0.819077258337,-0.573552842505,-0.0114161565666,0.0,-0.00754752272779,0.0091244459749,-0.999929887235,0.0,0.610743372764,0.194300133465,0.304178500564,1.0,-0.201155428571,-0.264375706122,1.378
0.41324275252,0.289681547672,-0.126322627269,-1.7457991288,0.052320560481,2.02810407431,0.0944129548444,-0.24574776563,-0.869940411747,-0.00748173418732,-1.23676859541,-0.0979207565509,0.392574852485,-0.260211554795,0.573686046721,0.819057556925,0.00312812129475,0.0,0.819028258601,-0.573621715435,-0.011471098282,0.0,-0.00760127777903,0.00914300479283,-0.999929310521,0.0,0.607267506691,0.18973631658,0.304198694308,1.0,-0.209325142857,-0.275113044898,1.395
