position_joint1,position_joint2,position_joint3,position_joint4,position_joint5,position_joint6,position_joint7,velocity_joint1,velocity_joint2,velocity_joint3,velocity_joint4,velocity_joint5,velocity_joint6,velocity_joint7,ee_T_00,ee_T_10,ee_T_20,ee_T_30,ee_T_01,ee_T_11,ee_T_21,ee_T_31,ee_T_02,ee_T_12,ee_T_22,ee_T_32,ee_T_03,ee_T_13,ee_T_23,ee_T_33,v_x,v_y,time
0.465057872811,0.547838462654,-0.124009377121,-1.35586655828,0.0794842509408,1.89409909226,0.159164842092,-0.00137513129222,0.000372834296403,-0.00318871606009,-0.000262045654299,-0.000167091526996,-0.000407909868038,-0.000471401586688,0.573835644813,0.818956636936,0.00185107060261,0.0,0.818912412681,-0.573777687639,-0.0119319916728,0.0,-0.00870984845387,0.00836302784291,-0.999927096495,0.0,0.661677361584,0.260860533637,0.303158368823,1.0,0.0,0.0,0.0
0.465060578242,0.547833901442,-0.124006880112,-1.35586655828,0.0794847476624,1.89409983144,0.159159690122,-0.000273398987088,-0.0020445982795,-0.000478686527245,0.000128583491969,8.61250799641e-05,9.01235421864e-05,-0.0020988264017,0.573827594844,0.818962264818,0.00185663700937,0.0,0.818918095971,-0.573769598676,-0.0119309105675,0.0,-0.00870585128254,0.00836688044823,-0.999927099075,0.0,0.661676323681,0.260863960769,0.303161582364,1.0,-4e-05,-5.25714285714e-05,0.003
0.465060575222,0.547835576612,-0.124007581072,-1.35586954292,0.079485143832,1.89409966408,0.159171090293,-0.000285958629019,0.000887773060495,0.00044885629774,-0.00128002361356,0.000294876205534,0.000120053927659,0.00125005143176,0.57383769205,0.818955199266,0.0018524790569,0.0,0.818910973876,-0.573779709955,-0.0119334911543,0.0,-0.0087102474295,0.00836506350405,-0.999927075992,0.0,0.661675700306,0.260863228519,0.303158984644,1.0,-0.00032,-0.000420571428571,0.017
0.465060613669,0.547821595029,-0.124009820611,-1.35587570747,0.0794850868537,1.89410185387,0.159162856728,-0.00011773493545,-0.00177243001921,6.97648091785e-05,-0.00251654886108,0.000135628058732,-0.000128185924477,-0.00100306779099,0.573832795776,0.818958610726,0.00186099730095,0.0,0.818914504394,-0.573774786048,-0.0119279624933,0.0,-0.00870088178303,0.00836881487342,-0.999927126142,0.0,0.661675603243,0.260861551716,0.303166219489,1.0,-0.00066,-0.000867428571429,0.034
0.465057471389,0.547787603846,-0.124009823997,-1.35590326094,0.0794850868577,1.8941061446,0.159157848942,-0.000637903134624,-0.00252501542186,-0.000550351023696,-0.00272972222759,3.01233230534e-07,0.000286699678033,-0.0012298057945,0.57383274583,0.818958621181,0.00187176585144,0.0,0.818914632145,-0.573774668585,-0.0119248417258,0.0,-0.00869214745728,0.00837584237573,-0.999927143264,0.0,0.661671864183,0.260856940616,0.303177557882,1.0,-0.001,-0.00131428571429,0.051
0.4650566724,0.547689287718,-0.124007317983,-1.35602651254,0.0794862515607,1.89413451989,0.159162754296,-0.00147797871861,-0.00508796456702,-0.000891346161967,-0.00627899774473,0.000269321713337,0.00121214113049,0.000780224085509,0.57384272764,0.818951605771,0.00188102108394,0.0,0.818907623182,-0.573784500132,-0.011933105384,0.0,-0.00869350245057,0.00838826974799,-0.99992702731,0.0,0.661651434457,0.260846640545,0.30319092755,1.0,-0.00132,-0.00173485714286,0.067
0.465055589763,0.547555511269,-0.12400382565,-1.35620605978,0.0794810087103,1.89416351442,0.159154756102,-0.00174644092396,-0.0131556976434,0.000321754813725,-0.0120607339966,-0.000231126929981,-0.000471129934666,0.000276661463939,0.573842998812,0.818951435281,0.00187250278638,0.0,0.818907221799,-0.573784691726,-0.0119514236636,0.0,-0.00871338988867,0.00839180841812,-0.999926824517,0.0,0.661619358759,0.260829505985,0.303202629772,1.0,-0.00164,-0.00215542857143,0.083
0.465031052189,0.547376034886,-0.124009841555,-1.35644297655,0.0794748519594,1.89429391575,0.159151985629,-0.00371349824882,-0.013119442953,-0.00071399413869,-0.0125280916518,0.000142713219778,0.0125320220989,0.00067335803298,0.573876921589,0.818927516225,0.0019362175796,0.0,0.818884149027,-0.573818358093,-0.0119159258335,0.0,-0.00864740884331,0.00842397490782,-0.999927126828,0.0,0.661603918157,0.26079189679,0.303228513251,1.0,-0.00202,-0.00265485714286,0.102
0.465010168076,0.547179754624,-0.124002511801,-1.35666287886,0.0794739870379,1.89440822376,0.159136760897,-0.00285060178528,-0.0107522849504,0.000718480757307,-0.0114584840485,2.06638818966e-05,0.00775989464258,-0.000989983467815,0.573888652555,0.818919087976,0.00202205793441,0.0,0.818876735173,-0.573829632328,-0.0118824474241,0.0,-0.00857061125727,0.00847518111444,-0.999927355325,0.0,0.661585292611,0.260766437155,0.303272560172,1.0,-0.00236,-0.00310171428571,0.119
0.46498158726,0.546983310566,-0.124007318379,-1.35694042127,0.0794711893797,1.89453609954,0.159119583435,-0.00237910014231,-0.0132851493898,-0.00135304182362,-0.0254306869475,0.000161278641684,0.00787757843748,-0.00206190424892,0.573920490061,0.818896682042,0.00205964290886,0.0,0.818854752886,-0.573861248205,-0.0118704838251,0.0,-0.00853891496866,0.00849942591962,-0.999927420711,0.0,0.661558383088,0.260716463419,0.303286777269,1.0,-0.0027,-0.00354857142857,0.136
0.464946716047,0.546758692224,-0.124007623893,-1.35730424887,0.0794575975452,1.89466427633,0.159084218813,-0.00188008940206,-0.0132336360817,0.00057464756665,-0.0239296229892,-0.000425815781814,0.00798476655191,0.000499219325861,0.573932832716,0.818888024671,0.00206239731237,0.0,0.8188460455,-0.573873492706,-0.0118791851038,0.0,-0.0085443317802,0.0085068040228,-0.999927311698,0.0,0.661518982532,0.260665634537,0.303287889654,1.0,-0.003,-0.00394285714286,0.151
0.464907303837,0.546479145296,-0.124002987531,-1.35771615862,0.0794459612188,1.89482238847,0.158943849299,-0.00136690137467,-0.015540823241,0.000528874975172,-0.0211307762674,-7.48561401477e-05,0.013526782124,-0.00742290210955,0.573866895078,0.818934154599,0.00209381599101,0.0,0.818892439705,-0.573807291653,-0.011879021097,0.0,-0.00852685338485,0.00853175130131,-0.999927248349,0.0,0.66147323078,0.260605877687,0.303303362096,1.0,-0.00334,-0.00438971428571,0.168
0.464860445306,0.546212869889,-0.124005224494,-1.35817055395,0.0794288757828,1.8949768604,0.158921850534,-0.00142388785973,-0.0138201260024,0.00161120519477,-0.0271182290495,-0.00444469013786,0.0165450650522,-0.00029507223682,0.573909652501,0.818904252486,0.00206952353157,0.0,0.8188621186,-0.573850039905,-0.011904172543,0.0,-0.00856094618139,0.00852673811718,-0.999926999804,0.0,0.661420432791,0.260530860194,0.303289100574,1.0,-0.00366,-0.00481028571429,0.184
0.464813074577,0.545863262621,-0.124009887647,-1.35876453943,0.0793765741956,1.89516863564,0.15886092021,9.23205313835e-05,-0.0185580453201,0.000109159242268,-0.0370840397173,-0.00629876321455,0.0122081256606,-0.00967381100924,0.573920989325,0.818896444887,0.00201431491559,0.0,0.81885372001,-0.573861728954,-0.0119183962532,0.0,-0.00860415973709,0.00848981048584,-0.999926943108,0.0,0.661347835199,0.260435451669,0.303270639913,1.0,-0.00402,-0.00528342857143,0.202
0.464752290638,0.545521993113,-0.124012886168,-1.35934984651,0.0793033261046,1.89536443984,0.158761319364,-0.00728592957422,-0.0194704536798,-8.52092050651e-07,-0.0414831216275,-0.00330000823708,0.015806107332,-0.000928090703842,0.573904448645,0.818908189239,0.00195149264939,0.0,0.818864970014,-0.573845768496,-0.0119139315114,0.0,-0.00863672656537,0.00843562967709,-0.999927120897,0.0,0.661282035231,0.26032994336,0.303250638068,1.0,-0.00434,-0.005704,0.218
0.464697112488,0.545151052172,-0.12401370791,-1.36000366832,0.079292817646,1.8955764464,0.158710758769,-0.00600697285573,-0.0245849328103,-0.000485020311601,-0.0390524078806,-0.000443049588122,0.0182678244239,-0.00354826987446,0.573942392757,0.818881702983,0.00190609976987,0.0,0.818837583886,-0.573883598962,-0.0119738447707,0.0,-0.00871145072362,0.00843324561452,-0.999926492796,0.0,0.661198960281,0.260232919786,0.303220458164,1.0,-0.00466,-0.00612457142857,0.234
0.464625042012,0.54466108261,-0.124010954275,-1.36079597115,0.0792670232336,1.89585656269,0.158591613514,-0.00519652631595,-0.0216295422521,-0.00163967850406,-0.0401873216393,-0.000855572221733,0.0155762471232,-0.0158730768875,0.573939208028,0.818883949481,0.00189991357437,0.0,0.818839504245,-0.573880203671,-0.0120052082037,0.0,-0.00874071780511,0.00844614659251,-0.999926128501,0.0,0.661105123992,0.260114084097,0.30321434578,1.0,-0.00504,-0.006624,0.253
0.464566057747,0.544206439421,-0.124014043279,-1.36153178076,0.0792323650835,1.8961291159,0.158506722688,-0.00241849334119,-0.0283123632799,-0.00225972484559,-0.0471707461476,-0.00417500549609,0.017984166735,-0.00282533001189,0.573953886945,0.818873664563,0.00189843278215,0.0,0.818829122945,-0.57389481269,-0.0120149192566,0.0,-0.00874936868766,0.00845066436013,-0.999926014673,0.0,0.661017175877,0.259994620257,0.303210546605,1.0,-0.00538,-0.00707085714286,0.27
0.464489856215,0.543721552403,-0.124019046988,-1.36230793861,0.0791941480956,1.89638531227,0.158419679848,-0.0086686284857,-0.0301920319221,-0.00109215115949,-0.0483765373525,-0.00565458637297,0.0104311457927,-0.00369898688927,0.573979486021,0.818855785908,0.00187040452484,0.0,0.818810769909,-0.573920425442,-0.0120422274962,0.0,-0.0087875534875,0.00844366148451,-0.999925738985,0.0,0.660928482581,0.25987698146,0.303205619119,1.0,-0.00568,-0.00746514285714,0.285
0.464417997605,0.543184036927,-0.12402252009,-1.36317136257,0.07914225941,1.89669031411,0.158294866052,-0.00428291318009,-0.0265238195291,-0.00102042721796,-0.0533223639475,-0.00629758896547,0.0212629393003,-0.00209228411013,0.573972717267,0.818860572628,0.00185184500508,0.0,0.818815298315,-0.573913723269,-0.0120537293088,0.0,-0.00880769399769,0.00843499318458,-0.999925634943,0.0,0.660826987334,0.259744344296,0.303201455036,1.0,-0.00602,-0.007912,0.302
0.464345346011,0.54259655453,-0.124025866826,-1.3640667053,0.079090450841,1.8970183839,0.158190018521,-0.00313279796018,-0.0348706240017,0.000406873591009,-0.0498837469569,-0.0016309710241,0.0200969931876,-0.000600034804478,0.573984633751,0.818852179607,0.00186951115849,0.0,0.818807121851,-0.573925547515,-0.0120461618945,0.0,-0.00879123496652,0.0084452434712,-0.999925693264,0.0,0.660724104216,0.259609714965,0.303219367687,1.0,-0.00636,-0.00835885714286,0.319
0.464270318249,0.54204339358,-0.124031476364,-1.36493349988,0.0790433083705,1.89735231226,0.158055021852,-0.00105856693747,-0.0362056734089,-0.00165519975855,-0.0524634615089,-0.00424190314381,0.0224317023399,-0.0103572350401,0.573975146202,0.818858788435,0.00188760332227,0.0,0.818813955784,-0.573915971732,-0.0120378613447,0.0,-0.00877415179072,0.00845519195718,-0.999925759239,0.0,0.660628803898,0.25947629718,0.30322711593,1.0,-0.00668,-0.00877942857143,0.335
0.464180236385,0.541391517655,-0.124030429369,-1.36592155059,0.0789762072069,1.89771339364,0.157941474093,-0.00906029099398,-0.0393871301647,-0.00123474514055,-0.0584027042556,-0.00764530377401,0.0264813473098,-0.00186895740514,0.573992057042,0.818846894007,0.00190513251161,0.0,0.818802341364,-0.573932854021,-0.0120229677772,0.0,-0.00875172017916,0.0084611778712,-0.999925905186,0.0,0.660516894562,0.25932232222,0.303248973477,1.0,-0.00702,-0.00922628571429,0.352
0.46408819642,0.540654392114,-0.124036034525,-1.36705256777,0.0789188800606,1.89812792647,0.157800919314,-0.00269837705235,-0.0459862654928,-0.0030850926627,-0.0646623936291,-0.00608198985223,0.02049392165,-0.0115246442753,0.574003613096,0.818838741209,0.00192742034587,0.0,0.818794391888,-0.573944227824,-0.0120214001529,0.0,-0.00873752461107,0.00847865133255,-0.999925881321,0.0,0.660386181048,0.259152560438,0.303267829903,1.0,-0.00738,-0.00969942857143,0.37
0.463984533268,0.539972201681,-0.12403312853,-1.36809560359,0.0788526015209,1.89851888114,0.157676612079,-0.00546290805613,-0.0501869851765,-0.00149100965118,-0.0598504671147,-0.0136653763096,0.0213027293166,-0.00863552474965,0.574024717907,0.818823889057,0.00195162571311,0.0,0.818779871142,-0.573965241386,-0.0120071309902,0.0,-0.00871172809801,0.00849050529793,-0.999926005819,0.0,0.660270994518,0.258986746515,0.303287273191,1.0,-0.0077,-0.01012,0.386
0.463882112341,0.539227613433,-0.124041748807,-1.36925374675,0.0787840232446,1.89895921445,0.157529554251,-0.0092612178177,-0.0412121317023,-0.000778871954474,-0.071747521142,-0.00450635708895,0.0278262777533,-0.00769037423726,0.574040007637,0.818813120892,0.00197220397422,0.0,0.8187694083,-0.573980477626,-0.011992257449,0.0,-0.00868757843209,0.00849897947034,-0.999926143937,0.0,0.660142920302,0.258805210895,0.303300578781,1.0,-0.00804,-0.0105668571429,0.403
0.463769642159,0.538457442543,-0.124044975836,-1.37044985913,0.0787205472753,1.89941574944,0.157386292143,-0.00306404745307,-0.0508948082526,-0.00329894982686,-0.0677649176583,-0.0033930901656,0.0253553065967,-0.00807927179993,0.574066237932,0.818794660628,0.00200127319704,0.0,0.818751272758,-0.574006528352,-0.0119835582211,0.0,-0.00866349640582,0.00851806516141,-0.999926190474,0.0,0.660010805201,0.258617933979,0.303314998225,1.0,-0.00838,-0.0110137142857,0.42
0.463667151114,0.537719689543,-0.124053498163,-1.37161281546,0.0786550493819,1.89987063946,0.157243974949,-0.00607143128283,-0.0531156505373,-0.000290196777311,-0.0722788105423,-0.00549196672932,0.0304961677313,-0.0117925915836,0.574086415587,0.818780454252,0.00202535799545,0.0,0.818737402557,-0.574026624112,-0.0119685991411,0.0,-0.00863721192186,0.00852941074254,-0.999926321147,0.0,0.659883682251,0.258437252363,0.303322204099,1.0,-0.0087,-0.0114342857143,0.436
0.46354869838,0.536842860994,-0.124049972788,-1.37298877882,0.0785760677349,1.90037396411,0.157078480232,-0.00673045952774,-0.0461287630207,0.00188338361384,-0.0748831541963,-0.000662725234336,0.0265102750898,-0.0155472161607,0.57410001673,0.818770902242,0.00203158382564,0.0,0.818727853145,-0.574040119855,-0.0119745639934,0.0,-0.00863838025762,0.00853807603739,-0.999926237102,0.0,0.6597223496,0.258230697841,0.303329880785,1.0,-0.00906,-0.0119074285714,0.454
0.46344261627,0.536042657302,-0.124060954377,-1.37424493008,0.0785033537739,1.90084649022,0.156922392191,-0.00320481710052,-0.0507545363647,0.00059979341524,-0.0845728179991,0.000191464476927,0.0313817455115,-0.00715001927462,0.574117699444,0.818758447007,0.00205415227709,0.0,0.818715699211,-0.574057713103,-0.0119621400362,0.0,-0.00861506710714,0.0085496076423,-0.999926339701,0.0,0.659570853301,0.258026156762,0.303344114302,1.0,-0.0094,-0.0123542857143,0.471
0.463327936586,0.535136952451,-0.124066737181,-1.37565402011,0.0784163222292,1.90134902675,0.156745900141,-0.00763027918315,-0.0544250371937,-0.0015290025217,-0.0815571315114,-0.00349920977208,0.0307018284976,-0.00710427829531,0.574123793433,0.818754206544,0.00204107382803,0.0,0.818711306951,-0.574063879394,-0.0119668353077,0.0,-0.00862635607143,0.00854165955699,-0.999926310301,0.0,0.659412656875,0.257821700648,0.303350314335,1.0,-0.00972,-0.0127748571429,0.487
0.463205890925,0.534243774582,-0.124064844275,-1.37712626669,0.0783456569145,1.90188691196,0.156572237788,-0.00861932013098,-0.0561558854587,-0.000402791405776,-0.0874184158149,-0.0010827443458,0.0303890660806,-0.0148870129741,0.574142020765,0.81874148992,0.00201483922478,0.0,0.818698037838,-0.57408200705,-0.0120049540929,0.0,-0.00867243802568,0.0085422579869,-0.999925906579,0.0,0.659236110218,0.257604347212,0.303326285984,1.0,-0.01006,-0.0132217142857,0.504
0.463072725521,0.53332118334,-0.1240631159,-1.378615684,0.0782549351868,1.9024413662,0.156384772579,-0.00997442164757,-0.0524670541001,0.000678516126716,-0.0843553830358,-0.0135439125124,0.032513672126,-0.0137134717429,0.574153561803,0.818733426112,0.00200283238159,0.0,0.818689796813,-0.574093577377,-0.0120136551364,0.0,-0.008686335062,0.00853754569659,-0.999925826197,0.0,0.659063283293,0.257375829176,0.30331604968,1.0,-0.0104,-0.0136685714286,0.521
0.462948446933,0.532425767146,-0.124065246766,-1.38006272128,0.0781682757127,1.9029952768,0.156206733462,-0.0071228272118,-0.0567622185083,0.00027333821298,-0.0941736134814,-0.00923272346021,0.0350091083086,-0.00548643276074,0.574166992479,0.818724008121,0.00200254196079,0.0,0.818680382275,-0.574107014724,-0.0120130855011,0.0,-0.0086858953548,0.00853712335664,-0.999925833623,0.0,0.65889749625,0.257156236449,0.303306723641,1.0,-0.01072,-0.0140891428571,0.537
0.462818165625,0.531439555713,-0.124062750753,-1.38165189942,0.0780788752476,1.90356526503,0.156002101119,-0.008421758565,-0.0560028582548,0.00069133911855,-0.0996874965816,-0.00288714418092,0.0345470231709,-0.0147359708995,0.574166922335,0.818724116426,0.00197822660113,0.0,0.818680046245,-0.574106924029,-0.0120402891908,0.0,-0.00872212946823,0.0085328347175,-0.999925554824,0.0,0.658704402203,0.256920379149,0.303294800729,1.0,-0.01106,-0.014536,0.554
0.462691124798,0.530485716296,-0.124071256361,-1.3831928447,0.0779814218271,1.90410653855,0.155804491296,-0.00947636644764,-0.0631612500472,-0.00283909770054,-0.102354233363,-0.00986448733852,0.036516240878,-0.0102980599764,0.574174843035,0.818718650955,0.001940903158,0.0,0.818674107196,-0.574115018338,-0.0120581435418,0.0,-0.00875809398183,0.0085126137296,-0.999925412817,0.0,0.658504543637,0.256669237308,0.303286977114,1.0,-0.0114,-0.0149828571429,0.571
0.462548387715,0.529426186598,-0.124073978737,-1.38484132854,0.0778786024066,1.90471433382,0.155579529354,-0.00887503164584,-0.059274279761,-0.000466877161596,-0.0973159796498,-0.00636480771755,0.0355395189427,-0.0135426245109,0.574169063479,0.81872268651,0.00194834267726,0.0,0.818678253367,-0.574109220365,-0.0120526950018,0.0,-0.00874942178962,0.00851551433162,-0.999925464039,0.0,0.65832445508,0.256429633935,0.303295129705,1.0,-0.01172,-0.0154034285714,0.587
0.462403471142,0.528261003375,-0.12406913892,-1.386645847,0.0777716862228,1.90540563912,0.155337023752,-0.00597746000128,-0.0656349571996,0.0019172979982,-0.100530156921,-0.00160532475661,0.0360653972194,-0.0197768571731,0.574154915706,0.818732498354,0.00199394352492,0.0,0.818688624789,-0.574094843102,-0.0120330240001,0.0,-0.0087072827494,0.00854140321125,-0.999925611062,0.0,0.658112743901,0.256167763996,0.303316464561,1.0,-0.01208,-0.0158765714286,0.605
0.462257677502,0.527116189464,-0.124076911719,-1.38840423116,0.0776528475219,1.90608788767,0.155083586982,-0.0129389498872,-0.0703291907345,7.95970335239e-05,-0.110548094045,-0.0104950853451,0.0378037126793,-0.0081722943367,0.574135481142,0.818746006618,0.0020427534717,0.0,0.818702942913,-0.574075374444,-0.0119876029127,0.0,-0.00864227394012,0.00855508115679,-0.99992605811,0.0,0.657912698723,0.25590068686,0.303344708072,1.0,-0.01242,-0.0163234285714,0.622
0.462119223134,0.526013074344,-0.124077651251,-1.39010304808,0.0775572712019,1.90671235969,0.154856025278,-0.00959026799084,-0.0743974619706,0.000148041750444,-0.104191812301,-0.00371883552013,0.0299322514933,-0.0163140439994,0.574128932098,0.818750526994,0.00207141889855,0.0,0.818707745203,-0.574068614864,-0.0119833331504,0.0,-0.00862238976186,0.00857603007557,-0.999926050317,0.0,0.657708702429,0.255648926421,0.303366469263,1.0,-0.01274,-0.016744,0.638
0.461966816526,0.524843738098,-0.124083217945,-1.39192704505,0.0774292289343,1.9073630575,0.154606288006,-0.0100599028688,-0.0727419168047,0.000691344284477,-0.105017174564,-0.0095612800773,0.0325862641194,-0.0172980691197,0.574116592837,0.818759213589,0.00205788556834,0.0,0.818716376641,-0.57405645427,-0.0119761776904,0.0,-0.00862442938194,0.00856071176711,-0.99992616399,0.0,0.657488197317,0.255367796366,0.30337733528,1.0,-0.01308,-0.0171908571429,0.655
0.461797756884,0.52357934692,-0.124087208512,-1.39395498313,0.0773085684617,1.90810395541,0.154331588098,-0.00832173952797,-0.0744361820799,-7.64732298153e-05,-0.115095804662,-9.89087327913e-05,0.0443141064753,-0.0139528361097,0.574109295185,0.818764380175,0.00203809737055,0.0,0.818721231353,-0.574049187218,-0.0119926180433,0.0,-0.00864932686624,0.00855387176966,-0.999926007474,0.0,0.657243111525,0.255060995749,0.303365483476,1.0,-0.01344,-0.017664,0.673
0.461661373412,0.522508017976,-0.124087542963,-1.39567117762,0.0772121747058,1.90876508027,0.154104813576,-0.00897887105192,-0.0717049168937,0.000330422961377,-0.119477883246,-0.00332652754107,0.0484278428414,-0.0179664120977,0.574101738916,0.818769639005,0.00205390302946,0.0,0.818726633909,-0.574041503609,-0.0119915788159,0.0,-0.0086394814117,0.00856613628892,-0.999925987596,0.0,0.657039292183,0.254810782161,0.303358966894,1.0,-0.01374,-0.0180582857143,0.688
0.46148397422,0.521173178664,-0.124090407205,-1.39777800543,0.0770738938684,1.90957966288,0.153815695222,-0.0112942201716,-0.0782854319362,0.000483855951084,-0.118073874647,-0.00763316608475,0.0384522750637,-0.00730999574145,0.57408776726,0.818779365628,0.00208153907688,0.0,0.818736842968,-0.574027539651,-0.0119629674962,0.0,-0.00860033576567,0.00857219107323,-0.999926273165,0.0,0.656793687503,0.254492938383,0.30336470584,1.0,-0.0141,-0.0185314285714,0.706
0.461317179052,0.519893521352,-0.124099265885,-1.39982967818,0.0769519037416,1.91032144493,0.153544778732,-0.000597761429355,-0.0736151618456,-0.00022378775589,-0.119410635202,-0.00861173288933,0.0453654697916,-0.012100967659,0.574085173995,0.818781251894,0.00205461633303,0.0,0.81873833173,-0.574025012773,-0.0119823106573,0.0,-0.00863165633987,0.00856122487751,-0.999926097238,0.0,0.656542115273,0.254182155546,0.303351469155,1.0,-0.01444,-0.0189782857143,0.723
0.461160568588,0.518685097886,-0.124102837096,-1.40166742327,0.0768235595108,1.91097062343,0.153295149844,-0.0122379027825,-0.0811685792262,-0.00143230054586,-0.122774723388,-0.00400708033668,0.0426674539266,-0.0185853421807,0.57407417983,0.818788938071,0.00206345474849,0.0,0.818746229723,-0.574014078942,-0.0119664276815,0.0,-0.00861369237719,0.00855922774392,-0.999926269244,0.0,0.656316629908,0.253898380595,0.303381384114,1.0,-0.01474,-0.0193725714286,0.738
0.460967529027,0.517262934767,-0.12410819479,-1.40392241942,0.0766760636407,1.91178394463,0.152988021172,-0.0133536698529,-0.0830638638301,-0.000274788762826,-0.130674861154,-0.00881806367164,0.0438444406811,-0.0153766018923,0.574064080484,0.818796077869,0.00203991794482,0.0,0.818753107884,-0.574004123971,-0.0119733410625,0.0,-0.00863296959948,0.0085438186795,-0.999926234778,0.0,0.656040784584,0.253551016975,0.303376679875,1.0,-0.0151,-0.0198457142857,0.756
0.460783747328,0.515910017295,-0.124106407509,-1.40607012486,0.0765438794103,1.91259326745,0.152678190765,-0.00868372736202,-0.0815626780322,0.000713857583189,-0.128634202532,-0.00653267131805,0.0437660734291,-0.0178406383933,0.574037530875,0.818814664726,0.00205057957323,0.0,0.818771816349,-0.573977515879,-0.0119695830524,0.0,-0.00862404960407,0.00855011127887,-0.999926257964,0.0,0.655782107943,0.253227934423,0.303373478348,1.0,-0.01544,-0.0202925714286,0.773
0.460613223564,0.514697203525,-0.124109663808,-1.40802906974,0.0764082617038,1.91332066204,0.152419344183,-0.0179388663984,-0.0853992038231,0.000464070966559,-0.131863587905,-0.0116653845939,0.049505030802,-0.0232909612853,0.57403406987,0.818817159029,0.0020232673245,0.0,0.818774079774,-0.573974293376,-0.011969282966,0.0,-0.00863951717839,0.00852753923768,-0.999926317194,0.0,0.655545399614,0.252925147005,0.303354559591,1.0,-0.01574,-0.0206868571429,0.788
0.460417870491,0.513206017034,-0.12411286028,-1.41043670626,0.0762788527004,1.91414516927,0.152090549725,-0.0117192423185,-0.0828507563965,-0.00318930387403,-0.140486607967,-0.0159585381194,0.0490759022046,-0.0189227753519,0.574018425905,0.818828291414,0.00195519881722,0.0,0.818784029047,-0.573958651186,-0.0120385799665,0.0,-0.00873549477442,0.00851141615878,-0.999925620697,0.0,0.655233878804,0.252564199421,0.303325270862,1.0,-0.0161,-0.02116,0.806
0.460196704939,0.511617500906,-0.124123119766,-1.41299482043,0.0761216125265,1.91508771185,0.151725797167,-0.00722987063721,-0.0819310039915,-0.000957111162758,-0.137810304384,-0.0169252740761,0.0583817489528,-0.0174443834782,0.573999696358,0.818841485777,0.00192786207199,0.0,0.818796862413,-0.57394003825,-0.0120531114746,0.0,-0.00876327919708,0.00849717333925,-0.999925498716,0.0,0.65492125858,0.252169192127,0.303302449624,1.0,-0.01648,-0.0216594285714,0.825
0.460030379373,0.510391992309,-0.124122358637,-1.41489584964,0.0760061538805,1.91581346305,0.151446019486,-0.0151686954951,-0.090704302224,-0.00531885756347,-0.135714909476,-0.00377184110717,0.0484142515235,-0.024101553819,0.573974456139,0.818859077169,0.00197036500326,0.0,0.818814996968,-0.573914606263,-0.0120321386111,0.0,-0.00872197258944,0.0085196686597,-0.999925668457,0.0,0.654692988978,0.25188181466,0.303318504265,1.0,-0.01676,-0.0220274285714,0.839
0.459811214494,0.508806548494,-0.124128320133,-1.41741337142,0.0758385463606,1.91672206324,0.151101655683,-0.0143466947529,-0.0891956693132,-6.64358096092e-05,-0.139119888755,-0.00999978353042,0.0478409240754,-0.016698406959,0.573961654123,0.818868119647,0.00194142273755,0.0,0.818823728059,-0.573901995191,-0.0120394843856,0.0,-0.00874473192096,0.00850004902873,-0.99992563665,0.0,0.654380311694,0.251491638961,0.303308705105,1.0,-0.01712,-0.0225005714286,0.857
0.459600239536,0.507289013317,-0.124129781214,-1.41980888501,0.075691859003,1.9175824435,0.150767675462,-0.0135546040347,-0.0911316859755,0.00107314393062,-0.144177793538,-0.0126995717145,0.0579295875863,-0.0238261947252,0.573946425998,0.818878828219,0.00192657209956,0.0,0.818834161503,-0.573886754463,-0.0120563638427,0.0,-0.00876723568309,0.00849741358931,-0.999925461992,0.0,0.654080135694,0.251123210636,0.303304607881,1.0,-0.01746,-0.0229474285714,0.874
0.459398753706,0.505814943353,-0.124134196216,-1.42210890684,0.0755445195995,1.91845185754,0.150459513759,-0.00898236869516,-0.0957313892145,0.000334899302125,-0.145050511422,-0.0121657448266,0.0547589428584,-0.0156638490646,0.573941355431,0.818882308136,0.00195776645811,0.0,0.818838113406,-0.573881612552,-0.0120326933765,0.0,-0.00873000163281,0.00850931796975,-0.999925686528,0.0,0.653800871598,0.250770562338,0.303315899764,1.0,-0.01778,-0.023368,0.89
0.45917734379,0.504180053285,-0.124141092107,-1.42458952701,0.0753910302562,1.91940707267,0.15011226626,-0.0125498597809,-0.0962874680969,0.000464217336372,-0.147807255044,-0.00857475893278,0.0630551226545,-0.0194655833689,0.57392972873,0.81889023673,0.00204782088839,0.0,0.818847280156,-0.573869667178,-0.0119784713675,0.0,-0.00863403719407,0.00855181803622,-0.999926157179,0.0,0.653504578535,0.250388997132,0.303360530768,1.0,-0.01812,-0.0238148571429,0.907
0.458952605339,0.502495322495,-0.124147261784,-1.42706767118,0.0752228092399,1.92033722253,0.149771282673,-0.0141278197012,-0.0951562300188,-0.000572203805429,-0.142004091756,-0.00353274495656,0.0564793114495,-0.0202994911132,0.573920388919,0.818896506361,0.00215544775176,0.0,0.818855117981,-0.573860051418,-0.0119031106819,0.0,-0.00851065425104,0.00859660284621,-0.999926830915,0.0,0.653205567947,0.250002717334,0.303438202748,1.0,-0.01846,-0.0242617142857,0.924
0.458736743154,0.500882264692,-0.124147490956,-1.42949737194,0.0750725318992,1.92118474602,0.149434191663,-0.00989453666475,-0.101603565586,6.13125100958e-05,-0.148843833106,-0.00252685458895,0.058569294654,-0.0265109286699,0.573904477426,0.818907580163,0.0021846837489,0.0,0.818866470704,-0.573843920989,-0.0118997647662,0.0,-0.0084913035645,0.00861845848273,-0.99992680729,0.0,0.652894216974,0.249627972761,0.303481001204,1.0,-0.01878,-0.0246822857143,0.94
0.458478210966,0.499181879865,-0.124145859378,-1.43209630797,0.0749127352722,1.92213366055,0.149053005966,-0.0131013681909,-0.0923110261915,-0.00386951151372,-0.154041297019,-0.00544334723835,0.0600478675884,-0.0264129336469,0.5738919864,0.818916213552,0.00222935621138,0.0,0.818875616648,-0.573831182361,-0.0118846754771,0.0,-0.00845344208532,0.00864625192676,-0.99992688815,0.0,0.652574278015,0.249212925509,0.303512331546,1.0,-0.01912,-0.0251291428571,0.957
0.458212568088,0.49740343224,-0.124153385512,-1.43490752011,0.0747345475718,1.92317247193,0.148650550228,-0.0156921594904,-0.102675107993,-0.00107988114357,-0.156511684817,-0.00395600798404,0.0587241170117,-0.015943143626,0.573879876211,0.818924700654,0.00222917931107,0.0,0.818884119678,-0.573819093043,-0.0118825039302,0.0,-0.00845189304869,0.00864473586025,-0.999926914352,0.0,0.652226626902,0.248766995457,0.303504557536,1.0,-0.01948,-0.0256022857143,0.975
0.457971084356,0.495819368014,-0.12414752549,-1.43744597633,0.0745816809008,1.92404820353,0.148267615455,-0.013219887199,-0.102175201683,0.0001931217621,-0.164659500038,-0.00406286920729,0.0450369607937,-0.0254269031799,0.573846597478,0.818948186082,0.00216748184729,0.0,0.818906584844,-0.573785846867,-0.01193960366,0.0,-0.00853441066639,0.00862663218218,-0.999926369815,0.0,0.651895595461,0.248367697722,0.303475964486,1.0,-0.0198,-0.0260228571429,0.991
0.457697529243,0.494131565294,-0.124155672531,-1.44019179062,0.0744098497534,1.92502452455,0.147885987639,-0.0139653635996,-0.0992921511012,0.00384830799269,-0.167706638117,-0.0160949434764,0.058551841996,-0.0224714783824,0.573855671531,0.818942017792,0.00209443281129,0.0,0.818899392003,-0.573795148885,-0.0119858163521,0.0,-0.00861407908923,0.00859342389739,-0.999925972614,0.0,0.651548048791,0.247919946655,0.303429551571,1.0,-0.022876,-0.0300656,1.008
0.4574063525,0.491924602739,-0.12423324191,-1.44357167053,0.0742169927148,1.9262973401,0.147389084336,-0.0154554204329,-0.140272024643,-0.00462381245118,-0.215207004997,-0.0130236893389,0.0883708096099,-0.0365765169046,0.573860926319,0.818938137522,0.00217049692792,0.0,0.818896691892,-0.573800279267,-0.0119245302697,0.0,-0.00852018490649,0.00862060071382,-0.999926543148,0.0,0.651138974926,0.24736837015,0.303469575404,1.0,-0.0299577142857,-0.0393729959184,1.025
0.457037518892,0.489380679381,-0.124236058175,-1.4476564169,0.0739859127188,1.92778965262,0.146802037805,-0.0283965350546,-0.170532361302,0.000516873740504,-0.276836687855,-0.0143573325659,0.101483865033,-0.0400079058246,0.573826092386,0.818962627885,0.00213932825172,0.0,0.818920463065,-0.573765262018,-0.0119769017729,0.0,-0.00858132793212,0.00862476447922,-0.999925984385,0.0,0.650613168884,0.246739984271,0.303424218247,1.0,-0.0366228571429,-0.0481328979592,1.041
0.456517639706,0.48602218495,-0.124290504213,-1.45292560357,0.0736718293687,1.92976192543,0.146032032851,-0.0322380462313,-0.216441422134,-0.00821301911513,-0.329218478974,-0.0175471273941,0.128892927284,-0.047121461302,0.573836762173,0.818954972143,0.00220700757786,0.0,0.818913796272,-0.573775761128,-0.0119296738439,0.0,-0.00850370198032,0.00865320096729,-0.999926401874,0.0,0.649926345762,0.245818638355,0.30343607818,1.0,-0.0441211428571,-0.0579877877551,1.059
0.45591357828,0.482093221137,-0.124394518354,-1.45907687132,0.0732925123483,1.93193963927,0.145067090373,-0.0440023527132,-0.243811381368,-0.00803792456384,-0.387635715781,-0.0186508802515,0.133202840169,-0.0608826994037,0.573816514124,0.818969363392,0.00212998707909,0.0,0.818927280066,-0.573755927787,-0.0119579343642,0.0,-0.00857125420421,0.00860613043292,-0.999926231339,0.0,0.64918675368,0.244829418227,0.303413015099,1.0,-0.0507862857143,-0.0667476897959,1.075
0.455232464863,0.477814811026,-0.124491810931,-1.46577375269,0.0729006523676,1.93430391853,0.144091852383,-0.0442489344877,-0.276639556012,-0.00878716249701,-0.430171880699,-0.0330938007636,0.150702974266,-0.0655023136663,0.57386647118,0.818934483325,0.00208138839129,0.0,0.818891643692,-0.573805958249,-0.0119977110671,0.0,-0.00863119243069,0.00858968105122,-0.9999258572,0.0,0.648331416915,0.243691286995,0.303398361701,1.0,-0.0574514285714,-0.0755075918367,1.091
0.454345438145,0.472374380921,-0.124581393862,-1.47416566859,0.0723960719793,1.93734418373,0.142886118508,-0.0520287505277,-0.317272125667,-0.00477208211206,-0.483670384036,-0.029432922358,0.173359395428,-0.073902281479,0.573938563297,0.818883776019,0.00215263409766,0.0,0.818841807515,-0.573877686692,-0.0119683701646,0.0,-0.00856552038971,0.00863194216435,-0.999926057984,0.0,0.647267668394,0.242267743548,0.303434132703,1.0,-0.0649497142857,-0.0853624816326,1.109
0.453391112882,0.466621959105,-0.124622628868,-1.48282724188,0.0718709542588,1.94058473827,0.141490753714,-0.0570492859994,-0.353149115658,-0.000476408003175,-0.528326930039,-0.0320998384238,0.194449743578,-0.0906871274762,0.573877822153,0.818925538811,0.00244008727509,0.0,0.818887241085,-0.573815737403,-0.0118293194003,0.0,-0.00828733084135,0.00878690956693,-0.999927052523,0.0,0.646179099129,0.240813041246,0.303565281682,1.0,-0.0720314285714,-0.094669877551,1.126
0.452378249348,0.46075462125,-0.124663940332,-1.49195197741,0.0712729153077,1.9437341382,0.140081773027,-0.0620457589203,-0.37592294261,-0.0036431674482,-0.583551952741,-0.0455132064542,0.198506061034,-0.0792630434334,0.573847624017,0.818946994955,0.00233896663772,0.0,0.818907176605,-0.573785721271,-0.0119050019806,0.0,-0.00840766181122,0.00874722207708,-0.999926395956,0.0,0.644963316371,0.239252595261,0.303539909594,1.0,-0.0786965714286,-0.103429779592,1.142
0.451188206651,0.453996766083,-0.124750659473,-1.50247214344,0.0705763035491,1.94730830723,0.138494801072,-0.0713034752213,-0.403993696263,-0.00714043552127,-0.632998845719,-0.0391155299001,0.221116852155,-0.0958287718312,0.573880280503,0.81892460197,0.00216028661513,0.0,0.818882308004,-0.573818950969,-0.0120134944136,0.0,-0.00859869828326,0.0086634948324,-0.999925500347,0.0,0.643545822859,0.237414322157,0.303492202561,1.0,-0.0857782857143,-0.11273717551,1.159
0.449828283867,0.446077482039,-0.124834382945,-1.51415269248,0.0697812836564,1.95170321407,0.136654010083,-0.0814531372288,-0.448714513838,-0.00474162471426,-0.66667345707,-0.0367035009974,0.243837784785,-0.107751606916,0.573860230224,0.818937183989,0.00265927603977,0.0,0.818902141307,-0.573797787717,-0.0116674194145,0.0,-0.00802915147726,0.00887332567366,-0.999928395845,0.0,0.642052981715,0.235389056721,0.303746355166,1.0,-0.0932765714286,-0.122592065306,1.177
0.448490107463,0.43874285595,-0.124850380373,-1.52549427197,0.0690287609037,1.95554619952,0.134852297102,-0.0897106276255,-0.471816632424,-0.00306125620126,-0.721688364301,-0.0460916152626,0.24210844739,-0.127346817754,0.573789466366,0.818987198956,0.00252252554622,0.0,0.818949831769,-0.573726930277,-0.0118037884714,0.0,-0.00822006908084,0.00883888153564,-0.999927149665,0.0,0.640474458748,0.233425515184,0.303699177075,1.0,-0.0999417142857,-0.131351967347,1.193
0.446944096758,0.430321500792,-0.124889405079,-1.53810462624,0.068180888937,1.96005082253,0.132775714533,-0.0970114414755,-0.500979661957,-0.00146236924462,-0.761870022292,-0.0469642638117,0.258777030056,-0.120988215881,0.573699957604,0.819049069951,0.00277966870689,0.0,0.819015043047,-0.573636507364,-0.0116731993497,0.0,-0.00796655700298,0.00897367722875,-0.999928000951,0.0,0.638764758132,0.231214212548,0.303832359916,1.0,-0.107023428571,-0.140659363265,1.21
0.445225890244,0.421545144484,-0.124938993479,-1.5515858404,0.0672065322855,1.96463506265,0.130551625772,-0.0997990338599,-0.520598280031,-0.00476947673577,-0.826809255633,-0.0597885102544,0.268469959463,-0.136480739258,0.573624369164,0.819102483031,0.00263672051531,0.0,0.819066651177,-0.5735614902,-0.0117381766301,0.0,-0.00810260427617,0.00889312522734,-0.999927627445,0.0,0.63687298733,0.228782668006,0.303783127052,1.0,-0.114105142857,-0.149966759184,1.227
0.443497155636,0.412769369902,-0.125060294,-1.56472924727,0.0662672582302,1.96928078621,0.128410359103,-0.108545934241,-0.551951743449,-0.00409959609917,-0.842889492486,-0.0516413063291,0.297476741884,-0.147637309893,0.573661698397,0.819075721377,0.00282229421563,0.0,0.819042854325,-0.573598796568,-0.0115745520738,0.0,-0.00786172138628,0.00895162945754,-0.999929028315,0.0,0.635065590859,0.226357355283,0.303881706589,1.0,-0.120770285714,-0.158726661224,1.243
0.441467499193,0.40311233086,-0.125121598364,-1.57957850128,0.0652862123732,1.97420766856,0.125930030521,-0.127280930447,-0.568167221209,-0.00661903096296,-0.893620388074,-0.058315878199,0.282411126776,-0.144652692476,0.573668383102,0.819071719062,0.00261766359846,0.0,0.819035169685,-0.573605053895,-0.0118059250645,0.0,-0.00816855153815,0.00891681616867,-0.999926879904,0.0,0.632911677304,0.223611752934,0.303768315397,1.0,-0.127852,-0.168034057143,1.26
0.439235075818,0.392813678565,-0.125270461192,-1.59481279995,0.0641821927706,1.97950575265,0.123334210758,-0.135991605552,-0.61162458507,-0.00582642402262,-0.928066824204,-0.0700633141817,0.316506590239,-0.152347694437,0.573772365098,0.818998022157,0.00287396136518,0.0,0.818965362193,-0.573708749191,-0.0116083388258,0.0,-0.0078585410601,0.0090143923883,-0.999928489474,0.0,0.630775572425,0.220665061229,0.303911694832,1.0,-0.134933714286,-0.177341453061,1.277
0.437024308255,0.38287196872,-0.125386743961,-1.60987506499,0.0630423435895,1.98443029205,0.120653860757,-0.138403587043,-0.638814871015,-0.00511258002727,-0.934233345703,-0.0682328960466,0.300285591725,-0.178519664718,0.573726384263,0.819030968641,0.00265618321446,0.0,0.81899554935,-0.573663598323,-0.0117095262848,0.0,-0.00806686434692,0.00889363763781,-0.999927911856,0.0,0.628548317023,0.217750189026,0.303840016152,1.0,-0.141598857143,-0.186101355102,1.293
0.434472151478,0.371800150337,-0.125490918481,-1.62631189693,0.0618484138536,1.98995204414,0.117724167104,-0.149711706529,-0.65579037441,-0.00976396436321,-0.973624288728,-0.0758671559481,0.331416421304,-0.173628888044,0.573766059745,0.819002811646,0.0027658817263,0.0,0.81896868296,-0.573702735468,-0.0116710989019,0.0,-0.00797202238946,0.00896182348734,-0.999928063702,0.0,0.626129098566,0.214528625049,0.303892850711,1.0,-0.148680571429,-0.19540875102,1.31
0.431561165305,0.359600523721,-0.125654925794,-1.64430105241,0.0604276240263,1.99595293472,0.11452327491,-0.163658437238,-0.683084821485,-0.0125387756853,-1.01418000418,-0.0848400623035,0.337673192548,-0.191879482077,0.573884864973,0.818919254955,0.0028570125645,0.0,0.818887080676,-0.573822099445,-0.0115279743064,0.0,-0.00780121337976,0.00895547307724,-0.999929467798,0.0,0.623457830035,0.210899349729,0.303966420598,1.0,-0.156178857143,-0.205263640816,1.328
0.428772341545,0.348513863867,-0.125777789179,-1.6609015962,0.0592137105556,2.00121308938,0.111385666068,-0.177806316838,-0.70959817642,-0.00711046662788,-1.04253799513,-0.0784642528817,0.327004104892,-0.193000648273,0.573915191557,0.818898715826,0.00264443186068,0.0,0.818862927235,-0.573852184988,-0.011744065979,0.0,-0.00809984349454,0.00890569655254,-0.999927537927,0.0,0.620889721611,0.207517748542,0.303864585743,1.0,-0.162844,-0.214023542857,1.344
0.42563729237,0.336205426843,-0.125898737535,-1.67882101893,0.0578103218918,2.00709992592,0.107978925498,-0.190855067765,-0.718981136136,-0.00234472141552,-1.06962159543,-0.081270213725,0.343362182778,-0.203874573881,0.573964230042,0.818863679838,0.00284312793658,0.0,0.818830683093,-0.573900764443,-0.0116177406514,0.0,-0.00788182431449,0.00899638116643,-0.999928468427,0.0,0.618306435401,0.204045469378,0.303963000776,1.0,-0.169509142857,-0.222783444898,1.36
0.422399006272,0.32352159706,-0.125924067779,-1.69732189245,0.0562670111646,2.0130203922,0.104359454934,-0.192928800478,-0.743311833746,0.000915939727133,-1.10332132464,-0.0966400894886,0.341505530482,-0.210944865274,0.573801149199,0.818977945007,0.00284845055863,0.0,0.818945260794,-0.573737965083,-0.0115824930704,0.0,-0.00785169331515,0.00897894579253,-0.999928862192,0.0,0.615186426894,0.20006342243,0.303981959412,1.0,-0.177007428571,-0.232638334694,1.378
0.419104263324,0.311290914875,-0.125969809214,-1.71511787205,0.0548660262215,2.01856196833,0.100807351945,-0.208957628851,-0.756692794427,-0.00724284707672,-1.10858797694,-0.0894592689508,0.349989528791,-0.233591536099,0.573747745734,0.819015439998,0.00282492686569,0.0,0.818981710095,-0.573683804562,-0.0116875067509,0.0,-0.00795178678869,0.00901941773868,-0.999927706982,0.0,0.612293001189,0.196354561157,0.303972217025,1.0,-0.183672571429,-0.241398236735,1.394
