position_joint1,position_joint2,position_joint3,position_joint4,position_joint5,position_joint6,position_joint7,velocity_joint1,velocity_joint2,velocity_joint3,velocity_joint4,velocity_joint5,velocity_joint6,velocity_joint7,ee_T_00,ee_T_10,ee_T_20,ee_T_30,ee_T_01,ee_T_11,ee_T_21,ee_T_31,ee_T_02,ee_T_12,ee_T_22,ee_T_32,ee_T_03,ee_T_13,ee_T_23,ee_T_33,v_x,v_y,w_z,time
0.46509712982596,0.5473059482639967,-0.12397740187708096,-1.3555781419820951,0.07945990726682874,1.894170676648399,0.15912543391597866,0.00045936437983175234,0.0003846240801722774,0.001103354683492675,0.00024661863778144006,0.00027939243737671747,-8.602934966499899e-07,-0.00020497765542429986,0.5737260409965519,0.8190313571601112,0.0026101287511100064,0.0,0.8189974406195237,-0.5736657280432457,-0.011470467666616576,0.0,-0.007897483340985056,0.008718762632791699,-0.9999308040734778,0.0,0.66175563032024,0.26094729202212363,0.30367804186563147,1.0,5e-324,6.90433770506366e-310,6.90412550548466e-310,0.0
0.4650971299349763,0.5473077435731574,-0.12398454697727167,-1.355578371566319,0.07945918204673195,1.8941713409380174,0.15912075585813223,0.0005227862559199527,0.0014951858405987883,-0.0005413001170641312,-0.00045489045087935236,-0.0003306226054728738,-7.843793033862895e-05,-0.0010061237555539797,0.573727031658587,0.8190306738529737,0.0026067860247324538,0.0,0.8189967539138836,-0.5736667733911672,-0.011467217914433146,0.0,-0.007896728724445912,0.008714169962609042,-0.999930850067801,0.0,0.661757344919492,0.26094303382317235,0.3036769534316692,1.0,-0.00028000000000000014,-0.0003680000000000002,-0.00014000000000000007,0.015000000000000006
0.4650886248457655,0.5473050573997224,-0.12397756726845567,-1.3555791306199834,0.07945990726675445,1.8941725971489676,0.15912381935336298,-0.001258779075157208,5.8077699911498245e-05,0.001520773935895025,0.0003511802738732359,-3.7149917255254374e-06,-0.0003723555133423384,-0.007259485611678862,0.5737318648047179,0.8190272727965846,0.002611632496776429,0.0,0.8189933782528204,-0.5736715490730004,-0.011469396820447397,0.0,-0.007895681554774825,0.008719436023433516,-0.9999308124306496,0.0,0.6617580676383124,0.2609415931583642,0.3036783749097061,1.0,-0.0006200000000000004,-0.0008148571428571435,-0.0003100000000000002,0.03200000000000002
0.465096812573397,0.5472636199658364,-0.12398528487389321,-1.355610994834485,0.07946119010312994,1.8941748935405474,0.15912858723600734,0.002024633587758141,-0.001244808758744327,-0.004029850949327329,-0.00048619629044823414,0.00039640434471427123,0.000578835257637579,-0.007123696341643292,0.5737364712376466,0.8190240112966289,0.0026224783241819765,0.0,0.818990255727175,-0.5736761184145462,-0.011463816378696562,0.0,-0.007884839497198814,0.008725161735791354,-0.9999308480383969,0.0,0.6617518758636909,0.2609396692393211,0.30369301868769544,1.0,-0.0009400000000000007,-0.0012354285714285726,-0.00047000000000000037,0.048000000000000036
0.4650959848591105,0.5471482527931916,-0.12398106126473529,-1.3557292663212037,0.07945619437309287,1.894192525673942,0.15912412378965055,0.0006917679409934801,-0.00314410150111555,0.0015664387633539797,-0.008246567996209814,-0.00019912968944355952,0.0014026620670503738,-0.0010780295240112377,0.5737355848394189,0.8190245782855272,0.0026392715647254646,0.0,0.8189909717570533,-0.5736751024552618,-0.011463503155258865,0.0,-0.007874958069455262,0.008738727518200456,-0.9999308074445786,0.0,0.6617308464601392,0.26092942490179283,0.3037198246781579,1.0,-0.001280000000000001,-0.0016822857142857158,-0.0006400000000000005,0.06500000000000004
0.46508725356014075,0.5470105320631049,-0.12398035392787421,-1.3559195855715047,0.07945572351702498,1.894234297687554,0.1591253436760565,0.0005045719431524094,-0.009742818328405997,0.00016644172511749795,-0.00773149834185482,0.00013206376753092253,5.317908274236942e-05,0.0009509109697230884,0.5737535544922935,0.8190119956090625,0.002637547559395808,0.0,0.8189782377966924,-0.5736929324032398,-0.011480950622853023,0.0,-0.007890045795240386,0.008747498697567982,-0.9999306118145824,0.0,0.6617013241279862,0.26090602885047176,0.3037303837727519,1.0,-0.0016200000000000012,-0.002129142857142859,-0.0008100000000000006,0.08200000000000006
0.4650654100440497,0.5468430187179294,-0.1239838041016297,-1.3561220938898337,0.07944497920135608,1.8943265087133525,0.15912273770461863,0.0005856318759756623,-0.009560632653124965,0.0003954565120806848,-0.010741583429671492,-0.00016883612885423534,0.004803505978131498,0.00046696553101309256,0.5737802368958658,0.8189931445793234,0.0026862205798575158,0.0,0.8189600446723402,-0.5737194866696403,-0.011451757376536148,0.0,-0.00783792459694821,0.00877086825285571,-0.9999308170109088,0.0,0.6616847963905056,0.26087226326906043,0.30376074804108955,1.0,-0.0019600000000000017,-0.0025760000000000028,-0.0009800000000000008,0.09900000000000007
0.46503605182803615,0.5466365567700188,-0.1239807278207002,-1.3563545801107832,0.07944637304377322,1.894455400422699,0.1591185034234483,-0.0037175999874001758,-0.011302087893094203,0.00044494980989073107,-0.013372985382054274,0.00019826450231854507,0.01269629299337145,-0.0037673761941549424,0.573812176851553,0.8189704451656431,0.0027825425924405322,0.0,0.8189385065885044,-0.573751026203203,-0.011411803475773117,0.0,-0.007749592308496256,0.008827133019071676,-0.9999310103910749,0.0,0.6616695055146635,0.2608387169295694,0.3038074221728604,1.0,-0.0023000000000000017,-0.0030228571428571457,-0.0011500000000000008,0.11600000000000009
0.46501266203877906,0.5464096983351829,-0.12398388620084284,-1.356618726143166,0.07943847248827585,1.894587013179529,0.15910627289079615,-0.004522890758890234,-0.015475701200738923,-0.001190322974090509,-0.01141422321951589,-0.00029527852878332073,0.015345676268471553,-0.002111415440333895,0.5738362817712508,0.8189532663658865,0.0028663797374002186,0.0,0.8189224059708382,-0.5737748680198966,-0.011368409250719178,0.0,-0.007665686821964668,0.00887111908159649,-0.999931267883842,0.0,0.6616484181420925,0.2608006962521858,0.3038538857230664,1.0,-0.0026400000000000017,-0.0034697142857142886,-0.0013200000000000009,0.1330000000000001
0.46497152769196753,0.5461645258356466,-0.12398067572983744,-1.3569876484528272,0.07942547476796914,1.8947210523036113,0.15910372226413175,-0.0021217351119049302,-0.014621174880993692,0.00048304066689443655,-0.02425982330893893,-0.004977875047678632,0.012762723904542965,0.0011759285905105087,0.5738897692483134,0.8189157534865175,0.0028754729933293905,0.0,0.8188849148576534,-0.5738282108442769,-0.011376623358375696,0.0,-0.007666616172681773,0.00888378025158007,-0.9999311483521766,0.0,0.6616053664729823,0.26073607144812394,0.30385978076304554,1.0,-0.0030000000000000022,-0.003942857142857146,-0.0015000000000000011,0.1510000000000001
0.4649391791371794,0.5459093013377817,-0.12398075745660762,-1.3573952849251403,0.07940921830440667,1.8948601593622394,0.1590945417872631,-0.0030508017564859482,-0.02443186129916798,0.0004581083993938035,-0.028156521194020644,0.00025617859910334395,0.01294468871344204,0.00075687786607641,0.5739202597372545,0.8188943918770086,0.00287355471753327,0.0,0.8188634535609415,-0.5738586165161184,-0.011387693957182875,0.0,-0.007676452378757637,0.008888848351585876,-0.9999310278483508,0.0,0.6615580304447491,0.26068208588585606,0.30386214290095814,1.0,-0.0033000000000000026,-0.0043371428571428615,-0.0016500000000000013,0.16600000000000012
0.46489207136254335,0.5456294809668396,-0.12398649111490373,-1.3578482765028799,0.07938156543826178,1.8950197176567487,0.1590751144005917,6.0131446151399405e-05,-0.016294564508877313,-0.0006352543561447077,-0.03207528713285918,-0.00010950172238891965,0.009329643595241705,0.0016017536911906841,0.5739706076432344,0.8188591657706004,0.0028557129304362504,0.0,0.8188280112895813,-0.5739090285882926,-0.01139568925515772,0.0,-0.0076926932712094165,0.008879299379967592,-0.9999309878750412,0.0,0.6615037304769711,0.2606001707438472,0.30385853303232413,1.0,-0.0036400000000000026,-0.004784000000000004,-0.0018200000000000013,0.18300000000000013
0.46483818359771406,0.545286370214202,-0.12398395368349564,-1.3584157196067057,0.07931913875003546,1.895205317163446,0.15904031465230054,-0.004990218088843395,-0.012322044125413819,7.660819957236967e-05,-0.032492298473973544,-0.005973124795338036,0.010331067538251497,-0.0011328555846676545,0.5739938128126455,0.8188430528238817,0.0028115113507577233,0.0,0.8188115182699737,-0.5739325847763344,-0.011394410102519507,0.0,-0.007716764148428645,0.008842589024483372,-0.9999311277135148,0.0,0.6614411714307448,0.2605093195875881,0.3038473462233414,1.0,-0.003980000000000003,-0.005230857142857147,-0.0019900000000000013,0.20000000000000015
0.4647790866560694,0.544939014769788,-0.12398933253047152,-1.3589973445870174,0.07930068288982048,1.8954005773550542,0.1589399172482361,-0.001978542200912141,-0.02033027515738708,-0.001925987319446222,-0.03500677678111283,0.00030819832274816286,0.014019784300448285,-0.0031102116806610005,0.5739912781851215,0.8188449158737008,0.0027862549077555298,0.0,0.8188129115481693,-0.5739299642324547,-0.011426239072910311,0.0,-0.007757351945922808,0.008840153263987363,-0.9999308351986433,0.0,0.6613733577386232,0.2604129054024031,0.30383347319278736,1.0,-0.0043000000000000035,-0.005651428571428577,-0.0021500000000000017,0.21600000000000016
0.46472019407121673,0.5445457337636502,-0.12398704477847128,-1.3596911246405532,0.07927213553798446,1.8956200762935302,0.15892296481216503,-0.00675631099107837,-0.02695675617259746,-0.0017186815354908026,-0.042415711289167435,-0.0011640947999627923,0.008813834337739607,0.0018786192189542397,0.5740550488635328,0.8188004195492535,0.0027241001195922824,0.0,0.8187674416541186,-0.5739937306557235,-0.011481313352679863,0.0,-0.007837438694807686,0.008821480224248668,-0.9999303755969003,0.0,0.6612845105464386,0.2603083711532745,0.3038005210334394,1.0,-0.0046400000000000035,-0.00609828571428572,-0.0023200000000000017,0.23300000000000018
0.4646502167496962,0.544123036591756,-0.12398952089539603,-1.3604332815801836,0.07923385217023421,1.895863744104077,0.15890239739142728,-0.008051004000855998,-0.024550513522246402,0.00015441124918778512,-0.0467446234384385,-0.0049620154676371835,0.017952080595485583,-0.0001211003742791216,0.5741283839719986,0.8187492071489664,0.002661092228470778,0.0,0.8187153286815223,-0.574067166130489,-0.011525894933784062,0.0,-0.007909323943303015,0.008796189784559663,-0.9999300323722825,0.0,0.6611945723498807,0.2601884619170819,0.30376756614074,1.0,-0.004980000000000004,-0.006545142857142864,-0.002490000000000002,0.25000000000000017
0.46458248297065413,0.5436497487058009,-0.12398747095031015,-1.3611968623401793,0.07919443793273513,1.8961307602075843,0.1588386335037223,-0.00231959408335819,-0.027017009410396538,0.0015834941728404411,-0.048386014261707494,-0.0019782366935280817,0.018268925113294202,-0.012159459590722344,0.5741622106418005,0.8187255384888822,0.0026448815132518663,0.0,0.8186913610482596,-0.5741009433748551,-0.01154595436758321,0.0,-0.007934691502494484,0.008794761655971442,-0.9999298439581524,0.0,0.6611040311949545,0.260072187039663,0.30376205186575134,1.0,-0.0053200000000000035,-0.006992000000000006,-0.0026600000000000018,0.2670000000000002
0.464518527565951,0.5431428342240572,-0.12399630739515874,-1.3620093566572893,0.07914738536309503,1.896433559699205,0.15878087740700544,-0.0032136980380182713,-0.02525928780517398,-0.0005320018872045768,-0.04658797353892434,-0.0003599899597718164,0.02102816962400765,0.0011889047347401723,0.5742062415795162,0.818694673993537,0.002640039194861838,0.0,0.8186604578617913,-0.5741450115597084,-0.011545879604095852,0.0,-0.007936937615035833,0.008791181086714062,-0.999929857618221,0.0,0.6610120936104819,0.2599479372706243,0.3037604497193451,1.0,-0.0056600000000000044,-0.00743885714285715,-0.0028300000000000022,0.2840000000000002
0.46445101728464766,0.5426475348914886,-0.12399452536934019,-1.3628278973537493,0.07910490029469934,1.8967045346452867,0.15872563650164187,-0.003508537733064368,-0.03802188010467009,-6.058412329926471e-07,-0.054070766661843614,-0.005022324385477487,0.014592289562700735,-0.004272194136878661,0.5742491298410384,0.8186647221396038,0.002599327240644618,0.0,0.8186298658328819,-0.5741879069953658,-0.011581758412584166,0.0,-0.007989228582231611,0.008778870621183626,-0.9999295493469914,0.0,0.6609102275597436,0.25982520278765625,0.30374458690145506,1.0,-0.005980000000000004,-0.007859428571428578,-0.002990000000000002,0.3000000000000002
0.46437911106083635,0.5420851767704598,-0.124002373868052,-1.3637328909842354,0.07904269137378273,1.8970282246669952,0.15865427827831072,-0.00375531743379931,-0.03176545238966597,-0.0011963324479095914,-0.054116138457003395,-0.002363135601902127,0.019424826378511714,-0.009165016409785781,0.5742887719145944,0.8186369872758982,0.002576124584792289,0.0,0.8186019114532073,-0.5742277121048261,-0.011584132130660504,0.0,-0.008004071004397373,0.008761626212721071,-0.999929581897378,0.0,0.6608050518775967,0.25968499398852585,0.30373980538613743,1.0,-0.006320000000000004,-0.008306285714285721,-0.003160000000000002,0.3170000000000002
0.46430405684325715,0.5415160706669966,-0.12400271927467213,-1.364623732018015,0.07898628045233483,1.8973481719226932,0.1585847815142628,-0.007908689515895602,-0.03365004771657225,-0.0014706327891186993,-0.057375447406366034,-0.00908778004687932,0.02468513561818068,-0.0023485112924439,0.5743284259384562,0.8186091603315763,0.002578503731833144,0.0,0.8185740874474485,-0.57426732253609,-0.01158673931766488,0.0,-0.008004414619370792,0.008765458855584149,-0.999929545556912,0.0,0.6606949793969169,0.25954101282449404,0.30375089603718075,1.0,-0.006660000000000005,-0.008753142857142866,-0.0033300000000000027,0.33400000000000024
0.4642173913053497,0.5408431327070456,-0.12400588879168851,-1.365660118278536,0.07892934967910162,1.897719993557577,0.15853527853135935,-0.0028488151093222776,-0.03769928184892111,-0.0003075776897002089,-0.05910790479468156,-0.002115239101578841,0.023247593892164842,0.0015864271922004258,0.5743971209491976,0.8185609637195476,0.002577405867658155,0.0,0.8185258747435558,-0.5743360106930687,-0.011588187851275852,0.0,-0.008005495341928459,0.008766063905079793,-0.9999295316010736,0.0,0.6605869778379015,0.2593997989371702,0.30375884023529265,1.0,-0.006980000000000005,-0.009173714285714294,-0.0034900000000000026,0.35000000000000026
0.46412642228649126,0.5401944082876843,-0.12400062553549451,-1.366634477334171,0.07887941914235021,1.8980918202853527,0.15843474108272532,-0.008018623404102757,-0.03994491967369833,-4.2932532353765415e-05,-0.06023747855071878,-0.0021302611436929235,0.023837100805542157,-0.005755383717819788,0.5744319318514023,0.8185363796832075,0.002626348374170916,0.0,0.818501827165634,-0.5743705436417443,-0.01157516412039964,0.0,-0.00796634916679323,0.00879898423792344,-0.9999295550974248,0.0,0.6604718697689237,0.25924522342197337,0.30378743009116266,1.0,-0.007320000000000005,-0.009620571428571437,-0.0036600000000000027,0.36700000000000027
0.46402699329508684,0.5395224661395054,-0.12400910846673496,-1.3676724961267568,0.07881537468007636,1.8984751908354511,0.15837581684634539,-0.006542338745971039,-0.046485395026631945,-0.0010150468044747454,-0.07138638352387695,-0.000639664836086327,0.029056121360133365,-0.0011385819114534354,0.5745113536544486,0.8184806025228493,0.0026371797768108187,0.0,0.8184462397391479,-0.5744499737166475,-0.011564050112347712,0.0,-0.007950175915605873,0.008802237425966516,-0.9999296551854073,0.0,0.6603575140437213,0.25907589835946826,0.30380165723583563,1.0,-0.007640000000000006,-0.010041142857142867,-0.003820000000000003,0.3830000000000003
0.46392242561809194,0.5387443443850297,-0.12401544241710033,-1.368888925530482,0.07874103642777325,1.8989380532871232,0.15827330084159277,-0.008559253905703392,-0.04386140531366578,0.0005127010760641859,-0.06380642858824224,-0.002095610273161151,0.027071670504081026,-0.010573880717066412,0.5745649267572746,0.818442940078127,0.002654369583802313,0.0,0.8184088473645768,-0.5745035353088896,-0.011549604936132472,0.0,-0.00792790054741066,0.008808527057205306,-0.9999297766563373,0.0,0.6602217692187697,0.2588883818706404,0.30381269072091527,1.0,-0.008000000000000005,-0.010514285714285723,-0.004000000000000003,0.4010000000000003
0.46381591156693036,0.5380272581995169,-0.12401094386475263,-1.3700044264916484,0.07867889263914059,1.8993742949209387,0.15821487618316513,-0.008429348567041329,-0.045326776056769484,0.00043943159447044477,-0.06929961109942093,-0.005894754891444933,0.027310309030172678,-0.0043137602674986385,0.5746462247352188,0.8183857506095752,0.0026882146437487544,0.0,0.8183520608361544,-0.5745846717222801,-0.011537176787535769,0.0,-0.007897406206127278,0.00882987108112225,-0.9999298297140184,0.0,0.6600995573639317,0.25871721961728555,0.30382587846035264,1.0,-0.008320000000000006,-0.010934857142857152,-0.004160000000000003,0.4170000000000003
0.4637331462588217,0.5372791525792419,-0.12403293153170816,-1.3711920982675752,0.0786107187377876,1.8998200939200838,0.15810733798842036,-0.006424395105869525,-0.04760956625529553,0.0005164058934982779,-0.07124155948278696,-0.0003566050238460388,0.024100669433086076,-0.005760569280755182,0.5746970401780523,0.8183500614125441,0.0026899624309332714,0.0,0.8183164736562852,-0.5746355638606642,-0.011526690352709076,0.0,-0.00788727153417762,0.008825765322831663,-0.9999299459533215,0.0,0.6599562344997947,0.25852486574210887,0.30383084108856107,1.0,-0.008660000000000006,-0.011381714285714295,-0.004330000000000003,0.43400000000000033
0.4636173721231815,0.5364508238895982,-0.12403680242715101,-1.3724835528087502,0.07853810042497568,1.9002911335879549,0.158014203836063,-0.01125144632072427,-0.05056953399652486,-0.0015689774128418372,-0.07473978794114308,-0.001704433266328232,0.03235453171579874,0.00045735251083315123,0.5747615467294664,0.8183047362507931,0.002696281120222405,0.0,0.8182711800060922,-0.5746999853174193,-0.011530383723169784,0.0,-0.007885966720551751,0.008833680392707169,-0.9999298863518391,0.0,0.6598146782781289,0.25833703282684184,0.30383919198606174,1.0,-0.008980000000000007,-0.011802285714285725,-0.0044900000000000035,0.45000000000000034
0.46350243219551557,0.5356047202068634,-0.12404343464924013,-1.373838630192849,0.07844834737276594,1.9007806363281166,0.15791685114118922,-0.004925121108924218,-0.04882302850023042,0.00040335557734022667,-0.07959475548543499,-0.001245224081374811,0.025764187635717313,-0.00281584074470982,0.5748309931302117,0.8182560329276138,0.0026722304740093824,0.0,0.8182222364872728,-0.5747695816585332,-0.011534583609667144,0.0,-0.007902477981465816,0.008817084302736977,-0.9999299024762439,0.0,0.6596564328784048,0.2581263093319151,0.30383396990138184,1.0,-0.009320000000000007,-0.012249142857142868,-0.0046600000000000035,0.46700000000000036
0.46338418102994766,0.5347065992492401,-0.12404742790928266,-1.3752498596710168,0.07838151030539389,1.9012951681573849,0.1578239015418089,-0.008031055157714061,-0.05000762262545157,-0.0002741088503507733,-0.08778723140593403,-0.004912258150308332,0.03234898997305463,-0.0055424913209369585,0.5749140150122347,0.8181976735567057,0.002681273972346478,0.0,0.8181638418235637,-0.574852393143284,-0.011549932084401245,0.0,-0.007908943073181351,0.008834109325937839,-0.9999297010949733,0.0,0.6594901616708624,0.2579143586362487,0.3038406875624077,1.0,-0.009660000000000007,-0.012696000000000011,-0.0048300000000000036,0.4840000000000004
0.46326021986989574,0.533803122184994,-0.12405315208011436,-1.3767020637258747,0.07828784148489262,1.9018259194113183,0.1577178554959337,-0.008242823245698543,-0.05267770037598917,0.0006406266428567015,-0.09061942933980126,-0.006502675451618469,0.027281103637648702,-0.004223000618250212,0.5749871323036572,0.8181463635162727,0.0026594081153122583,0.0,0.8181123037506685,-0.5749256353346495,-0.011555050325804325,0.0,-0.007924913083128649,0.008819869560109994,-0.9999297003557637,0.0,0.659320748182471,0.2576896380590624,0.3038329219277007,1.0,-0.010000000000000007,-0.013142857142857154,-0.005000000000000004,0.5010000000000003
0.46314452503716985,0.532946407181674,-0.12405957456181037,-1.3780797182491198,0.07821682419644208,1.902339366438184,0.15761933068024322,-0.005333272438758272,-0.05438446942419163,-0.0002259118707951695,-0.08501130982042573,-0.006987904409818009,0.03597499599666073,-0.010834820588667315,0.5750659387562019,0.8180909941036003,0.0026529889256424613,0.0,0.8180567331819256,-0.5750043221228676,-0.011574011272907338,0.0,-0.007943267221739048,0.008826285044846158,-0.9999294981138176,0.0,0.6591489246402131,0.2574694777816833,0.30381959835154454,1.0,-0.010340000000000007,-0.013589714285714297,-0.005170000000000004,0.5180000000000003
0.46300914842833174,0.5319400411242309,-0.12405212488478591,-1.379691163694023,0.07812872980722597,1.9029603530099939,0.15750168146830915,-0.0073363373628128545,-0.050913291877256954,-0.00026605709653718465,-0.0926437016647966,-0.00819494484897508,0.029375822706727527,-0.009625254487619849,0.5751358903120758,0.8180417525802417,0.0026731276795191614,0.0,0.818007698388683,-0.5750741371487664,-0.011571044060900502,0.0,-0.007928503217230043,0.008841731979168127,-0.999929478819553,0.0,0.6589735156609814,0.25724559331571695,0.3038220864735873,1.0,-0.010680000000000007,-0.01403657142857144,-0.005340000000000004,0.5350000000000004
0.46287571825629664,0.5310065327380183,-0.12405173283841973,-1.381182277971119,0.0780271351352987,1.9035029918327069,0.15738170900891071,-0.01324436072453262,-0.0596384793406925,0.001109579289756777,-0.09770243808596747,-0.0023405342024595166,0.03599077527281784,-0.005605548287618799,0.5752005234721378,0.8179963741779264,0.0026526459154787747,0.0,0.8179621226141123,-0.5751389064260017,-0.011573728220709798,0.0,-0.007941780753186967,0.008827148364604714,-0.999929502300146,0.0,0.6587985322121993,0.2570135603994988,0.3038172242815504,1.0,-0.011000000000000008,-0.01445714285714287,-0.005500000000000004,0.5510000000000004
0.46273679192780975,0.529983483722223,-0.12405955456223382,-1.3828206676101926,0.0779320175188918,1.9040841046468537,0.1572713459821596,-0.006530893997820042,-0.062246688729524054,-0.0014031323011365387,-0.09966388086946208,-0.004674718998998255,0.03983448201014728,-0.006608912152496907,0.5752928260515585,0.8179315581630779,0.0026224713037825047,0.0,0.8178968706342581,-0.5752312494045388,-0.011595931027280577,0.0,-0.007976304057462857,0.008816136742026637,-0.9999293246557625,0.0,0.6586017238604651,0.2567605074674079,0.3038087681671185,1.0,-0.011340000000000008,-0.014904000000000013,-0.005670000000000004,0.5680000000000004
0.4626087234260609,0.5290039492468873,-0.12406567059879202,-1.3843836132190763,0.07781960301486748,1.9046516933638717,0.15719180801383498,-0.012391317224500728,-0.06126063285968723,0.0005032682530374852,-0.0993908099820238,-0.009904857654705328,0.040319403952352124,-0.004660738277112296,0.5753943595989479,0.8178602262702016,0.0025938635622852167,0.0,0.8178253297510949,-0.5753330458531213,-0.011591517074653225,0.0,-0.007988059148565763,0.008791190124757611,-0.9999294504549955,0.0,0.658405993106494,0.25650436564710827,0.30380100777399216,1.0,-0.011680000000000008,-0.015350857142857156,-0.005840000000000004,0.5850000000000004
0.4624665966027938,0.5279242681977863,-0.1240695601614573,-1.3860901825108465,0.07772603442219941,1.9052981248346221,0.15704243739369014,-0.002781327197033922,-0.06955354467568965,-0.000490821851010109,-0.09816987111002812,-0.010371853142379019,0.03777191554837782,-0.010504769966744787,0.5754555426325698,0.8178171129171531,0.0026144166682595133,0.0,0.8177824118975279,-0.5753940733170323,-0.011590258146568963,0.0,-0.00797454513399909,0.008807871838486372,-0.9999294115204247,0.0,0.6582167057317738,0.2562647924865681,0.30380813238672644,1.0,-0.012000000000000009,-0.015771428571428586,-0.0060000000000000045,0.6010000000000004
0.4623235585742113,0.5268496189276802,-0.12407233227186516,-1.3877308133131787,0.07762381786949198,1.9059312507972102,0.15691854741194497,-0.008337557061777153,-0.06758071708931523,-0.0013285768101902005,-0.10268285743296583,-0.005825392939727473,0.04185325706613057,-0.008726748904403782,0.5755343923428096,0.8177614535557836,0.0026674351225885636,0.0,0.8177275009050178,-0.5754728035777679,-0.011555669915074266,0.0,-0.00791489744450663,0.008832090564419123,-0.9999296718143257,0.0,0.6580299989380262,0.2560148198119501,0.3038385368995449,1.0,-0.01232000000000001,-0.016192000000000015,-0.006160000000000005,0.6170000000000004
0.46218961489473687,0.5257624896312604,-0.12408016867251785,-1.3894322882485426,0.07751417433520696,1.9065689285784881,0.15681002841370326,-0.0042917854383904335,-0.07079397248955561,-0.0010241604722192785,-0.10196561714350426,-0.0121964546910781,0.035665874694997636,-0.012182950640581117,0.5756229588674209,0.8176990740328175,0.0026796365045783574,0.0,0.8176653668164899,-0.5755614163784072,-0.011539098168621455,0.0,-0.007893366477465857,0.008833385865985185,-0.999929830568023,0.0,0.6578290197459208,0.25575998014096557,0.3038490591449093,1.0,-0.012640000000000009,-0.016612571428571442,-0.006320000000000004,0.6330000000000005
0.46202779523024595,0.5246151185083738,-0.12407663585677951,-1.3912553434257493,0.07739335933541341,1.9072273518310412,0.15667267733272586,-0.011331423392760671,-0.06469455562925273,-0.001814568598883314,-0.10433558127103137,-0.006580223386468135,0.03988339747995212,-0.014908198490626507,0.5757058813570842,0.8176407628222904,0.0026585792172308335,0.0,0.8176068136499451,-0.5756444322356402,-0.011546982744397088,0.0,-0.007911039767398542,0.008821508201883127,-0.9999297957571035,0.0,0.6576098522911715,0.2554794406317827,0.3038452340061845,1.0,-0.012980000000000009,-0.017059428571428586,-0.0064900000000000044,0.6500000000000005
0.4618761722682892,0.523409001349204,-0.12408335942833436,-1.3931507179323321,0.07728646013587316,1.9078967395594952,0.15652777493125566,-0.01170379690414265,-0.06585129128144523,0.0019036528496734239,-0.1056051153665684,-0.010682635998028397,0.03476542918342043,-0.0077368545956225145,0.5757888818031428,0.8175823627400494,0.002643979858723909,0.0,0.817548127462092,-0.5757273627950834,-0.011567623500684833,0.0,-0.007935426183174998,0.00882225963896266,-0.9999295958947081,0.0,0.6573757914532434,0.2551948455490973,0.30384928681057866,1.0,-0.01332000000000001,-0.01750628571428573,-0.006660000000000005,0.6670000000000005
0.4617305803312651,0.5222734486889513,-0.12408584466288565,-1.394973946989118,0.07717158619636472,1.9086015042316429,0.15639969143996213,-0.00623968908295059,-0.07193928023710924,0.0018155689180844045,-0.11183713291248557,-0.013106993889968582,0.04715061412988644,-0.005903041372595496,0.5758718279319264,0.8175239160526688,0.0026516744632258983,0.0,0.817489846375604,-0.5758103462497317,-0.011556086091911584,0.0,-0.007920667662686731,0.008822711235599509,-0.9999297089246976,0.0,0.6571612591806365,0.2549254383734735,0.30384071517925487,1.0,-0.01364000000000001,-0.017926857142857158,-0.006820000000000005,0.6830000000000005
0.46156728753783577,0.5210506619496416,-0.12409218893125827,-1.3969456029775307,0.0770433143350114,1.909377850053429,0.15624359889847114,-0.00916203344448672,-0.07203348255322875,-8.92838496442433e-05,-0.11797937282046828,-0.0008182045444774003,0.04808114406414623,-0.009265933210948313,0.5759532326568244,0.8174665274797677,0.0026640464583961958,0.0,0.8174327548546003,-0.5758918525795302,-0.011533096919041533,0.0,-0.007893870020672156,0.008820373108128679,-0.9999299414630657,0.0,0.6569338615601639,0.2546283994674294,0.30382881256884464,1.0,-0.01398000000000001,-0.018373714285714302,-0.006990000000000005,0.7000000000000005
0.4613972941898394,0.5197705539641342,-0.12410040530905771,-1.3989846523053966,0.07691752779687398,1.9101203739822659,0.15610182994826516,-0.011346157179209719,-0.07518551656116339,-0.0012899393720222643,-0.12199780223447614,-0.006347400023739202,0.048131628024578745,-0.0056492563978282825,0.5760567474214654,0.8173936475403203,0.0026449219536597715,0.0,0.8173596424718393,-0.5759954342973548,-0.01154215872863422,0.0,-0.00791117656897078,0.008810960516141816,-0.9999298876721695,0.0,0.6566866086827419,0.2543168119535186,0.3038218521138254,1.0,-0.014320000000000012,-0.018820571428571447,-0.007160000000000006,0.7170000000000005
0.46123027881628054,0.5184205338614741,-0.12409791126094773,-1.4010473586128651,0.07678583324356902,1.910858082872332,0.15595570314346252,-0.008106998654070574,-0.08239336900167946,0.0015691954251725064,-0.12372495998935701,-0.010140334844376353,0.04542810001702703,-0.005174045758094942,0.5761457767658451,0.8173308371918971,0.0026633421262926855,0.0,0.8172970617432578,-0.5760843819209917,-0.011534499284969971,0.0,-0.007893344125838586,0.008822464604162764,-0.9999299271633085,0.0,0.6564310358513421,0.2540103144569326,0.3038515039962536,1.0,-0.014660000000000012,-0.019267428571428588,-0.007330000000000006,0.7340000000000005
0.46105728382672817,0.5170712570153304,-0.12410711658762884,-1.4031746243900167,0.07663615859869284,1.9116236765983892,0.15578903792735607,-0.012244178461196908,-0.07869246508753364,-0.0011467267767330154,-0.12535124961770697,-0.009850427445695455,0.038345028316145204,-0.013569308186446997,0.5762294662136744,0.8172719186143563,0.0026382215072183546,0.0,0.8172379745549709,-0.576168318125417,-0.011528618088271502,0.0,-0.007902108315389511,0.008799353662997916,-0.9999300615839514,0.0,0.6561701461250479,0.25368446374187814,0.3038522977087515,1.0,-0.015000000000000012,-0.019714285714285733,-0.007500000000000006,0.7510000000000006
0.46088278009448874,0.5158113473404282,-0.12411067864465086,-1.4051718838600091,0.07651722116456322,1.9123734302945354,0.15563224831979366,-0.008111886564535334,-0.07577027587737514,0.000488979149052758,-0.1247316880237482,-0.006855746219503482,0.04552505739369513,-0.009659986655714266,0.5763334650945688,0.817198558651147,0.00264568550356764,0.0,0.8171647002965015,-0.5762722673503489,-0.011527071329067242,0.0,-0.007895422903102911,0.00880556729753229,-0.9999300596950518,0.0,0.6559166611608872,0.2533572107162699,0.3038486954335266,1.0,-0.015340000000000012,-0.020161142857142874,-0.007670000000000006,0.7680000000000006
0.46068173428990145,0.5143502145273613,-0.12412194497306682,-1.4075027799494937,0.07637921250982588,1.9132565518967546,0.15546847824672305,-0.006323212278984392,-0.07903722861557883,-0.0007332975603060401,-0.1271117709949321,-0.009764080169087856,0.05751958014384078,-0.005343968956298578,0.5764441033706131,0.8171204932548933,0.0026536942811586214,0.0,0.8170867507694908,-0.5763828792006814,-0.011522377467217758,0.0,-0.007885778634864504,0.00881047461445375,-0.999930092572671,0.0,0.65565382178329,0.2530207862762402,0.3038422057998156,1.0,-0.015680000000000013,-0.020608000000000022,-0.007840000000000007,0.7850000000000006
0.46049421195402873,0.5129462127734477,-0.1241230127285326,-1.409789509867371,0.07624483665173783,1.914054487324658,0.1552860340918292,-0.007164096729903756,-0.08341190277263812,-0.0009272095937131719,-0.13195200257620032,-0.01679403101772168,0.054997012087592057,-0.005454003590377225,0.5765326069596657,0.8170582785092522,0.002582543900354249,0.0,0.8170234803553773,-0.5764714590121292,-0.011577408761105244,0.0,-0.007970808284505915,0.008784921797482859,-0.9999296432071125,0.0,0.6553615184043898,0.25267679237924634,0.30380683095694533,1.0,-0.016020000000000013,-0.021054857142857163,-0.008010000000000007,0.8020000000000006
0.4603024126199275,0.5115448708610715,-0.12412309081474335,-1.412078936973794,0.07610806927208925,1.9148663170305693,0.15511219638443882,-0.01051885578145238,-0.08285418720398736,0.0013885748751606578,-0.14292641628149927,-0.0075181665094128354,0.055520429839503296,-0.008265554477415981,0.576630113383189,0.8169896720294506,0.0025169501603184872,0.0,0.816953917828646,-0.5765690616827225,-0.011625840010039735,0.0,-0.008047150557216998,0.008760210398811918,-0.9999292485379543,0.0,0.6550713625778971,0.2523308355219225,0.30376904982389286,1.0,-0.016360000000000013,-0.021501714285714308,-0.008180000000000007,0.8190000000000006
0.4601063201354929,0.5100795020375951,-0.12412381774968041,-1.4144125232585953,0.07596369223437235,1.9157662929968364,0.15492894004257882,-0.015611530511463481,-0.08692499246168184,-0.0002744004654947053,-0.14067207683625824,-0.006418260494921299,0.05336424506300103,-0.008276752697438544,0.5767240849482556,0.8169232724696983,0.0025384324305579922,0.0,0.8168878331508374,-0.5766629869876722,-0.011610959899769872,0.0,-0.008021597770776823,0.00877010364303582,-0.999929367131146,0.0,0.6547907106798935,0.25198202555029175,0.30376225239343124,1.0,-0.016700000000000013,-0.02194857142857145,-0.008350000000000007,0.8360000000000006
0.4599140367261293,0.5085673168437609,-0.12412745299094644,-1.4167846865637184,0.07580869443712546,1.9166174160630276,0.15474177023877794,-0.004653456314330489,-0.09174649650443455,0.00035462682549942275,-0.1406397271835246,-0.004531677762492663,0.05129262564804864,-0.010701273764067954,0.5768119967508466,0.8168612483663411,0.002523533810432351,0.0,0.8168256501527299,-0.5767509764886807,-0.011615303402479472,0.0,-0.008032795304335594,0.008761302176056224,-0.9999293543964886,0.0,0.6544916218385176,0.2516251881649027,0.303765152359862,1.0,-0.017040000000000013,-0.022395428571428594,-0.008520000000000007,0.8530000000000006
0.45969749139104915,0.5070499881195069,-0.12412985588373869,-1.4191745233135946,0.0756554706052305,1.9174765803282627,0.15455477568863818,-0.012997391445526169,-0.09225741617874152,0.0017886154443182637,-0.13900780683073877,-0.011405492534453767,0.048387662008890935,-0.01702315536848735,0.5769200144953859,0.8167850153865098,0.002506474797501635,0.0,0.8167492015572773,-0.576859045778061,-0.011624541314942442,0.0,-0.008049023465476923,0.008753760370514868,-0.9999292899503583,0.0,0.6541947991245833,0.2512520719824904,0.30376338942800535,1.0,-0.017380000000000013,-0.022842285714285735,-0.008690000000000007,0.8700000000000007
0.4594726224291819,0.5054715814949375,-0.12413305858023806,-1.4216134245207044,0.07550362948072102,1.9184003493921775,0.15437250666711744,-0.010120604665055039,-0.09016167595620059,-0.00020449097058163832,-0.14199754918204954,-0.006612030887272751,0.05671967924996482,-0.014212460961712407,0.5770420178107674,0.8166986748456383,0.002555599237943247,0.0,0.816663535028102,-0.5769809056798413,-0.011595341197337574,0.0,-0.007995521765955915,0.008778232797673119,-0.9999295046455227,0.0,0.6539019353101629,0.2508726418189951,0.30378603695655987,1.0,-0.017720000000000014,-0.02328914285714288,-0.008860000000000007,0.8870000000000007
0.45928177445205665,0.5040294316103466,-0.12413621546665234,-1.423790528987072,0.0753736071035702,1.9192438766522513,0.1541943550150866,-0.013325056365576097,-0.09264859464687145,-0.00014497161788231937,-0.14053832597190885,-0.010665014233900033,0.050210122764336375,-0.012812460123730794,0.5771316800758279,0.8166350247365032,0.002647097971599545,0.0,0.8166010853959647,-0.5770702669109996,-0.011546483387092455,0.0,-0.007901853348590504,0.008825634353728101,-0.9999298319841806,0.0,0.6536415794632722,0.2505428651281361,0.30383055759073674,1.0,-0.018020000000000015,-0.023683428571428595,-0.009010000000000008,0.9020000000000007
0.4590414293457017,0.5022543759879216,-0.12414503363216241,-1.426422198883388,0.0751996583700817,1.9202389005113405,0.15398562907385416,-0.012937777678152197,-0.1021554371220106,-0.0005105150094553676,-0.14592986709089817,-0.013726929059671888,0.057648669775374695,-0.007927565484307933,0.5772514589390083,0.8165500033272992,0.0027553802246788293,0.0,0.8165176140933394,-0.5771898499389896,-0.01147213597965086,0.0,-0.007777344911937711,0.008872294537538156,-0.9999303952254677,0.0,0.6533261037452291,0.25013120320941257,0.30390386321390045,1.0,-0.018380000000000014,-0.02415657142857145,-0.009190000000000007,0.9200000000000007
0.45881093119626615,0.5005301923640745,-0.12414583928489754,-1.42899651582317,0.07503406551748036,1.921148187242736,0.15377754513234002,-0.015599303047692989,-0.1031313089585947,0.0004667766876767991,-0.15004980442757462,-0.008390945437463085,0.04727232531252035,-0.013922850642182943,0.5773564897025233,0.816475579613687,0.0028033184054579146,0.0,0.8164437961129468,-0.5772947017600628,-0.011449978587293066,0.0,-0.007730435875652808,0.008899642710694239,-0.9999305159463804,0.0,0.65300003354014,0.2497325348741653,0.30396056786577025,1.0,-0.018720000000000014,-0.024603428571428596,-0.009360000000000007,0.9370000000000007
0.4585716802820395,0.4988512542293532,-0.1241433370053923,-1.4315923960642145,0.07487175603207319,1.9220979149340314,0.15358236529180383,-0.016121981419556956,-0.09370915631368319,-0.0008886050034529794,-0.15541545764845413,-0.006666164083538562,0.05388034153975159,-0.008365883267890149,0.5774787284241667,0.8163890386322703,0.002828907897665449,0.0,0.8163575550361097,-0.5774168105532582,-0.011441858554277446,0.0,-0.00770769732673221,0.008917001943413161,-0.999930536826564,0.0,0.6526757862939896,0.24933027295815824,0.30397829113298924,1.0,-0.019060000000000014,-0.025050285714285737,-0.009530000000000007,0.9540000000000007
0.45833660350922206,0.49727713810078733,-0.1241435738764966,-1.4340739915282252,0.07471705677693781,1.9230243527579791,0.1533843381034073,-0.010970927988426282,-0.09918917242987713,0.00023786942313655795,-0.15645175497801053,-0.00907776645120834,0.05428851794463335,-0.013229336511528387,0.5775931693928125,0.8163080339395219,0.00284100295088926,0.0,0.8162767022848316,-0.5775311949167121,-0.011437268305137117,0.0,-0.007695714341164728,0.008925304409261023,-0.9999305550496901,0.0,0.6523697711422768,0.2489410430014521,0.3039748388539386,1.0,-0.019380000000000015,-0.025470857142857167,-0.009690000000000008,0.9700000000000008
0.458070251951348,0.4955958885619164,-0.1241457937360757,-1.4367740002360656,0.07454772104268129,1.9239756919098139,0.15317408223533024,-0.011777718186490494,-0.10243842465797201,-0.00014671728497105534,-0.15609357867320825,-0.01716243440496967,0.04642630019314972,-0.008398327537857703,0.5777308809531073,0.8162107867284774,0.0027798781331440127,0.0,0.8161785955900728,-0.5776689987270767,-0.011479325393140973,0.0,-0.007763849270648049,0.00890100917475678,-0.9999302449072003,0.0,0.6520265680471303,0.24850533108924733,0.30394374870714597,1.0,-0.019720000000000015,-0.02591771428571431,-0.009860000000000008,0.9870000000000008
0.4577777048436239,0.4938309334342806,-0.12415055237802626,-1.4396872923518502,0.07436508421181282,1.9249761022751135,0.1529324591406225,-0.018529369873619504,-0.09909039197667996,-0.0007346206332959106,-0.15897703073929814,-0.015232092502005206,0.05685351301576518,-0.01779491807348156,0.5778726826784204,0.8161108316528781,0.002649523372511762,0.0,0.8160768404437024,-0.5778110751731905,-0.01156281971812864,0.0,-0.007905770678430568,0.008844222591054343,-0.9999296367828789,0.0,0.6516501116926118,0.2480282848747013,0.3038732037617034,1.0,-0.024206285714285968,-0.03181397551020442,-0.028957525909715363,1.0050000000000001
0.4575217538628765,0.4915102238125229,-0.12431629335896288,-1.4430747870954674,0.07419974471152033,1.926224673835299,0.15294313647294233,-0.015611694665228652,-0.18681801685547944,-0.010258191303463391,-0.2741227045454462,-0.011181534052905753,0.10681622387768694,0.011231639624098318,0.5783761694320712,0.8157535249147054,0.0028178224794388283,0.0,0.8157220618756661,-0.5783143617730429,-0.01143519293927235,0.0,-0.007698859966416283,0.008912574646540633,-0.9999306443790925,0.0,0.6512129130144958,0.2474123970197351,0.3040027630214308,1.0,-0.04111142857142697,-0.05403216326530402,-0.10482762954856416,1.0209999999999984
