position_joint1,position_joint2,position_joint3,position_joint4,position_joint5,position_joint6,position_joint7,velocity_joint1,velocity_joint2,velocity_joint3,velocity_joint4,velocity_joint5,velocity_joint6,velocity_joint7,ee_T_00,ee_T_10,ee_T_20,ee_T_30,ee_T_01,ee_T_11,ee_T_21,ee_T_31,ee_T_02,ee_T_12,ee_T_22,ee_T_32,ee_T_03,ee_T_13,ee_T_23,ee_T_33,v_x,v_y,time
0.465074473836,0.547801205491,-0.123984925387,-1.35583953059,0.0795396189441,1.89410194524,0.159149627915,-0.00178417627793,0.00128831704707,0.00196168269032,0.00247159875411,0.000110959249244,0.000356969376446,0.00071105392234,0.573805661791,0.818977426767,0.00194521014914,0.0,0.818933825355,-0.573746727054,-0.011951141615,0.0,-0.00867182420978,0.00845079381608,-0.999926689087,0.0,0.661672070739,0.2608985506,0.303197165569,1.0,0.0,0.0,0.0
0.465076561251,0.547797262077,-0.123979661974,-1.35584545601,0.0795389068673,1.89410324926,0.159146946636,-0.00114383143878,0.000165912771318,0.00175368782755,-0.000147624819428,-8.73237614802e-05,-0.00013688157437,-0.00110899079326,0.573798215893,0.818982642187,0.00194579925695,0.0,0.818939022968,-0.57373925476,-0.0119537069263,0.0,-0.00867366406177,0.00845266939009,-0.999926657276,0.0,0.661669363044,0.260902299274,0.303197076667,1.0,-0.00012,-0.000157714285714,0.007
0.465079610787,0.547796715933,-0.123987082676,-1.35584481831,0.0795389068673,1.89410345585,0.159150776913,0.000625385839091,-0.00137638546415,-0.000230420307495,0.000511133385495,-0.000395196180205,-0.000151995650395,0.00103511350613,0.573804005599,0.818978587434,0.00194509215609,0.0,0.818934998507,-0.573745085228,-0.0119495731491,0.0,-0.00867062440962,0.00844977966455,-0.999926708062,0.0,0.661670473924,0.260900119739,0.303198030662,1.0,-0.00044,-0.000578285714286,0.023
0.465081125996,0.547776519171,-0.12398519858,-1.35586365373,0.0795396189421,1.89410880374,0.159143270354,0.00054589221965,-0.00181866629332,-0.000275356593236,-0.00340569832223,-2.55828977563e-05,0.000347147725409,-0.000300459784105,0.573796519763,0.818983814246,0.0019526425658,0.0,0.81894029469,-0.573737540278,-0.0119488706546,0.0,-0.00866579416529,0.00845548086919,-0.999926701741,0.0,0.661666889862,0.260900722287,0.30320377704,1.0,-0.00082,-0.00107771428571,0.042
0.465077674682,0.5477211782,-0.123985334236,-1.35592567878,0.079540097863,1.89411749646,0.159147700488,-0.000602169333934,-0.00638905367973,0.000425357450348,-0.0100542786752,0.000157159464479,0.000570955061787,0.00198930692026,0.573806545098,0.81897677859,0.00195750703883,0.0,0.818933266846,-0.573747489681,-0.0119528004579,0.0,-0.0086661181142,0.00846182568553,-0.999926645261,0.0,0.661656773022,0.260892393093,0.30321422055,1.0,-0.00114,-0.00149828571429,0.058
0.465080006303,0.547604318697,-0.123980325948,-1.35608005161,0.0795368794708,1.8941556974,0.15915045917,-0.00106458378052,-0.00673855578853,0.00103675389244,-0.01258477622,0.00039975061913,0.0122555089414,0.00148092575054,0.57381102948,0.818973621947,0.00196364551272,0.0,0.818930084268,-0.573751844198,-0.011961825177,0.0,-0.00866994097928,0.00847207871827,-0.999926525304,0.0,0.661630511122,0.260882117249,0.303226675054,1.0,-0.00144,-0.00189257142857,0.073
0.46506554923,0.547467176306,-0.123988038824,-1.35628837955,0.0795313664975,1.89421680249,0.159147502993,-0.00227305159711,-0.0103469638383,-0.000749553080145,-0.0131547668286,-0.000322016102928,0.00696872324465,0.00179305255854,0.573835931491,0.818956188754,0.00195743013942,0.0,0.818912523895,-0.573776724268,-0.0119706222937,0.0,-0.0086804544829,0.00847230036826,-0.999926432212,0.0,0.661604405311,0.26084841371,0.303230220275,1.0,-0.00178,-0.00233942857143,0.09
0.465045944615,0.547287431073,-0.123980028178,-1.35651137417,0.0795305291003,1.89435222469,0.159129301514,-0.00150666254395,-0.0088292876592,0.00090619486038,-0.0109006573117,0.000178325122381,0.00937373892249,-0.00259675672696,0.573844058756,0.818950283756,0.00204349376021,0.0,0.818907661364,-0.573784412819,-0.0119346833263,0.0,-0.00860155303584,0.00852224389571,-0.999926689635,0.0,0.661588359758,0.260825048171,0.303262899705,1.0,-0.00214,-0.00281257142857,0.108
0.465035309984,0.547090984796,-0.123980353604,-1.3567430909,0.0795277750095,1.89446707454,0.159126336433,0.000911086725947,-0.0112484016685,-0.000606439097497,-0.0160470929115,2.89539424487e-05,0.00670439909857,0.000236766899163,0.573862928674,0.818936874148,0.00211711047514,0.0,0.818895157523,-0.573802925757,-0.011902532463,0.0,-0.00853278282738,0.00856427854276,-0.999926919705,0.0,0.66156632322,0.260800265022,0.303301735657,1.0,-0.00246,-0.00323314285714,0.124
0.464997817665,0.546868178674,-0.123985285017,-1.35707047007,0.0795210926048,1.89458555867,0.159106881706,-0.00458356643074,-0.0119605485879,-0.00121557769204,-0.0196338964799,-0.0011675972459,0.00970011944812,-0.0017003278684,0.573897664949,0.818912485442,0.00213500685957,0.0,0.818870907779,-0.573837490547,-0.0119045258972,0.0,-0.00852378202107,0.00858043981996,-0.999926857921,0.0,0.661532024503,0.260743635418,0.30331416078,1.0,-0.0028,-0.00368,0.141
0.464964726338,0.546600277555,-0.123985127175,-1.35746527546,0.0795167443899,1.89473634434,0.15906749349,-0.00148716072225,-0.0215455333995,0.00276247401541,-0.0220393266081,-0.000227523732043,0.0116857991038,-0.00865008712369,0.573913351846,0.818901410284,0.00216603545596,0.0,0.818860068366,-0.573852880022,-0.0119082923721,0.0,-0.00850889555559,0.00860817366562,-0.999926746338,0.0,0.661487420581,0.260688024995,0.303329059514,1.0,-0.00314,-0.00412685714286,0.158
0.464929643719,0.546342839299,-0.123983601913,-1.35787582913,0.0795074167992,1.89488978247,0.158942118757,-0.00283841241018,-0.0106909382941,0.000652582658758,-0.0298004820747,-0.000404250110733,0.0112967855478,-0.00284895816552,0.573858871075,0.81893956402,0.00217565441442,0.0,0.81889819308,-0.573798210946,-0.0119209642061,0.0,-0.00851432654622,0.00862275654498,-0.999926574461,0.0,0.661439908938,0.260629252077,0.303329214011,1.0,-0.00346,-0.00454742857143,0.174
0.464879480133,0.546036741648,-0.123980355552,-1.35838129945,0.0794900993304,1.89506197443,0.158915839498,-0.00156155019985,-0.0174091726807,0.00103948167635,-0.0328507647363,0.000621657747404,0.0109894757997,-0.00355013379185,0.573899772808,0.818910942722,0.00215999117362,0.0,0.81886920957,-0.573839011496,-0.0119479456159,0.0,-0.00854498072531,0.00862583961363,-0.999926286381,0.0,0.661379576802,0.260550848341,0.303320187639,1.0,-0.0038,-0.00499428571429,0.191
0.464809801492,0.54568463351,-0.123985967407,-1.35899102828,0.0794389681906,1.89526400332,0.158847849392,-0.00232246761766,-0.0170512593601,-0.000160351910658,-0.0369657876048,-0.00212327769256,0.00670126325961,-0.00680112337883,0.573925497871,0.81889306257,0.0021028242867,0.0,0.818850699212,-0.573865084349,-0.0119642913454,0.0,-0.0085909031462,0.00858867636322,-0.999926212788,0.0,0.661311420057,0.260439185409,0.303296914228,1.0,-0.00416,-0.00546742857143,0.209
0.464757738985,0.545321926181,-0.123986046161,-1.35962615951,0.079341314489,1.89546362851,0.158746507215,-0.00637993717317,-0.0235160343373,0.000214493500928,-0.0475253740858,-0.0016801741507,0.0130536333725,-0.00336448571062,0.573894553392,0.818914986753,0.0020082230621,0.0,0.818871865964,-0.573835009623,-0.0119580836523,0.0,-0.00864043157061,0.00850732023545,-0.99992648152,0.0,0.661233899929,0.260331806539,0.303268549877,1.0,-0.00448,-0.005888,0.225
0.464682182614,0.544897703629,-0.123987029711,-1.36033576248,0.0793309186035,1.89570269351,0.158686735725,-0.0026259922925,-0.0278001872981,-0.00113158291729,-0.0436008601041,-0.00020673557311,0.0136311927847,-0.00428438596218,0.573944910956,0.818879748484,0.00198585284435,0.0,0.818836005752,-0.573885130976,-0.0120082900305,0.0,-0.00869386148398,0.00851834876798,-0.99992592451,0.0,0.661150114666,0.260217153253,0.303251869999,1.0,-0.00482,-0.00633485714286,0.242
0.464610419545,0.544453955697,-0.123994533038,-1.36106309907,0.0793089120107,1.8959687225,0.158564310331,-0.00633634808218,-0.0294147412411,-0.00193152095101,-0.0469843189076,-0.00026252303838,0.0212011972043,-0.010344050921,0.573943423778,0.818880803416,0.00198065654894,0.0,0.818836814965,-0.573883491997,-0.0120314160758,0.0,-0.00871579737178,0.00852735081347,-0.999925656819,0.0,0.661069215772,0.26009934236,0.303243063024,1.0,-0.00516,-0.00678171428571,0.259
0.46454807507,0.543987058708,-0.123994570598,-1.36180911631,0.0792780447457,1.89623398241,0.158497647436,-0.003077863167,-0.0304237961894,0.00012561862464,-0.0509759794443,-0.00245075831679,0.0233176198304,-0.00226864632496,0.57397323495,0.818859919289,0.00197611850306,0.0,0.818815721104,-0.573913171801,-0.0120512658152,0.0,-0.00873434627808,0.00853534525412,-0.999925426758,0.0,0.660980715106,0.259988688257,0.303241370417,1.0,-0.00548,-0.00720228571429,0.275
0.464462731572,0.543472974722,-0.123995706363,-1.36264657402,0.0792361351394,1.89651871659,0.158378658839,-0.00415022534517,-0.0300003236559,-0.000396390346853,-0.0499576579989,-0.00294649932463,0.0188262574527,-0.00995669839864,0.573981833678,0.818853959634,0.00194789633568,0.0,0.818809271241,-0.573921773425,-0.0120798269647,0.0,-0.00877384294601,0.00852872101511,-0.999925137497,0.0,0.660883027915,0.259851499336,0.303231201385,1.0,-0.00582,-0.00764914285714,0.292
0.464388216209,0.542884383335,-0.124007343739,-1.36358038354,0.0791788121627,1.89684900263,0.158252249475,0.000391276788537,-0.0331726969256,-0.00158997560538,-0.0512012083436,-0.00318156098716,0.0171783955499,-0.00656175483734,0.573984094392,0.818852412982,0.00193184870382,0.0,0.818807550734,-0.573924138767,-0.0120840681721,0.0,-0.00878650294517,0.00851803923052,-0.999925117383,0.0,0.660774521383,0.259705530605,0.303232088529,1.0,-0.00618,-0.00812228571429,0.31
0.464321451544,0.542356125562,-0.124001995832,-1.36439263294,0.0791379784692,1.89714454464,0.158161814263,-0.00448130606558,-0.0361693071166,0.000751609035096,-0.0579328305609,-0.00530638387022,0.0130758027471,-0.0040900735051,0.573995193454,0.818844595883,0.0019474563289,0.0,0.818799822436,-0.573935056362,-0.0120892000841,0.0,-0.00878163177314,0.00853388394098,-0.999925025074,0.0,0.660678552691,0.25958848379,0.303244536328,1.0,-0.00648,-0.00851657142857,0.325
0.464236550101,0.541707150507,-0.124002719225,-1.36540163686,0.0790764530259,1.89751617286,0.158012742497,-0.00368093845856,-0.0387729483239,0.000863422142604,-0.0593649668645,-0.00127311753627,0.0193772274134,-0.00787492102339,0.57398276931,0.818853282582,0.00195679385574,0.0,0.818808627485,-0.573922589407,-0.0120846938426,0.0,-0.00877271192726,0.00853881012788,-0.999925061316,0.0,0.660562682457,0.259435987049,0.303255404518,1.0,-0.00684,-0.00898971428571,0.343
0.464157454553,0.541055959484,-0.124007472715,-1.36641387848,0.0790172885036,1.89789873368,0.157885899871,-0.00565388014219,-0.041422890488,0.000480336523185,-0.0579407025388,0.000200495281887,0.0242402786328,-0.0111908516343,0.573987426913,0.818849975689,0.00197432575018,0.0,0.818805559159,-0.573927179335,-0.0120746019331,0.0,-0.00875433683856,0.00854742315878,-0.999925148771,0.0,0.660447413645,0.259285765103,0.303267290448,1.0,-0.00718,-0.00943657142857,0.36
0.46406256399,0.540391432669,-0.124003043716,-1.36742602793,0.0789537584201,1.89826391439,0.157765929589,-0.00703368433526,-0.0430223308807,0.000753629856569,-0.0614194067035,0.000146504994673,0.0200905709954,-0.00536011605774,0.5740028088,0.81883915687,0.00198936367887,0.0,0.818794917547,-0.573942475247,-0.0120691759708,0.0,-0.00874110185534,0.00855678652123,-0.999925184473,0.0,0.660331104694,0.259128749365,0.303286727835,1.0,-0.0075,-0.00985714285714,0.376
0.463966188252,0.539601866933,-0.124013322116,-1.36864400037,0.0788918010252,1.89872550222,0.157613121,-0.0015844306985,-0.0437104037035,0.000600764078334,-0.0634332046364,-0.00345789781476,0.026648273522,-0.00439869044598,0.574007817367,0.818835562073,0.00202355796517,0.0,0.818791732963,-0.57394729994,-0.0120557797011,0.0,-0.00871045322059,0.00857714946262,-0.999925277464,0.0,0.660201373468,0.258958652467,0.303306632222,1.0,-0.00784,-0.010304,0.393
0.463859204865,0.538849067138,-0.124014122166,-1.3698073126,0.0788194701904,1.89917168625,0.15745348997,-0.00463106567696,-0.0429088841379,0.000148389127712,-0.0716385362865,-0.0064844346281,0.0270387707585,-0.0131720112911,0.5740172494,0.818828886621,0.00204907956741,0.0,0.818785415919,-0.573956646364,-0.0120398369632,0.0,-0.00868265062701,0.0085889959275,-0.999925417582,0.0,0.660064824155,0.258765509601,0.303322147555,1.0,-0.0082,-0.0107771428571,0.411
0.463762993155,0.538158800521,-0.124021126104,-1.37087991321,0.0787597551572,1.89957951458,0.157330510184,-0.00680835424453,-0.0500216089498,-0.00198173957205,-0.0685136021867,-0.00102953463488,0.0258661829831,-0.00402281466181,0.574043563826,0.818810383999,0.0020709388229,0.0,0.818767195933,-0.573982861817,-0.0120291357277,0.0,-0.00866106460446,0.00860103031231,-0.999925501344,0.0,0.65994583939,0.258597691038,0.303334754384,1.0,-0.0085,-0.0111714285714,0.426
0.463644784411,0.537354677011,-0.124023704284,-1.372152255,0.078685289694,1.90004774251,0.157166891087,-0.00414282558999,-0.0428064311714,1.07290779508e-06,-0.0774408236274,-0.00354583900209,0.0257809835397,-0.000905383568147,0.574058409253,0.818799975968,0.00207099537422,0.0,0.818756761484,-0.573997678159,-0.0120323685996,0.0,-0.0086635233836,0.00860308947961,-0.999925462329,0.0,0.659800883383,0.258397434903,0.303337661946,1.0,-0.00884,-0.0116182857143,0.443
0.463536796503,0.536515523433,-0.124032533103,-1.3734609156,0.0786127913902,1.90054375115,0.15700684352,-0.00525025614678,-0.0558487097036,-0.000178306832894,-0.0760153363114,-0.000873695708058,0.0305466531782,-0.0187809964928,0.574074703993,0.818788492977,0.00209401648745,0.0,0.818745568477,-0.574013862969,-0.012021901691,0.0,-0.00864156665213,0.00861610226076,-0.999925540282,0.0,0.659652364885,0.258198658684,0.303350483874,1.0,-0.00918,-0.0120651428571,0.46
0.463413518759,0.535657638051,-0.124033704252,-1.37482027462,0.0785367052676,1.90104404556,0.156847626224,-0.00535237982246,-0.0469612589792,-0.000780900189885,-0.0797180395287,-0.000416950813232,0.030331955349,-0.0134432731876,0.574100442298,0.81877044356,0.00209518662096,0.0,0.81872746601,-0.57403952495,-0.0120294263044,0.0,-0.00864678525582,0.00862165178842,-0.999925447334,0.0,0.659495508112,0.257988198175,0.303352358738,1.0,-0.00952,-0.012512,0.477
0.463286228985,0.534751908434,-0.124036463109,-1.37625908765,0.0784523251087,1.90155988428,0.156678205655,-0.00563182401071,-0.051339921765,-0.000210213002253,-0.0839093872234,-0.00879246613212,0.0289228464371,-0.00283990222459,0.574124132616,0.818753868533,0.00208086798353,0.0,0.818710652086,-0.574063221229,-0.012042968706,0.0,-0.00866584428345,0.00861795366847,-0.99992531422,0.0,0.659326067294,0.257765106301,0.303351396576,1.0,-0.00986,-0.0129588571429,0.494
0.46315535157,0.533854616948,-0.124039436206,-1.37774866596,0.0783731062649,1.90209657734,0.156491084224,-0.0082770809671,-0.0498758239258,5.27260257152e-05,-0.0878290588818,-0.00168233328274,0.0317158256409,-0.014825488183,0.574140549436,0.818742466095,0.00203730364375,0.0,0.81869854615,-0.574079689476,-0.0120808759433,0.0,-0.00872171943935,0.00860422394093,-0.999924946654,0.0,0.659149066384,0.257535650384,0.303321988756,1.0,-0.0102,-0.0134057142857,0.511
0.463031113521,0.532971537458,-0.124048033965,-1.37915546604,0.0782924064597,1.90264021752,0.156311902593,-0.00626928076195,-0.0545987629261,-0.00115452715786,-0.0902440131307,-0.00813237713183,0.0355948093932,-0.0132321283991,0.574157098999,0.818730822174,0.00205265486963,0.0,0.818687121265,-0.574096189021,-0.0120710449971,0.0,-0.00870468284905,0.00861132407825,-0.999925033987,0.0,0.658991647089,0.25731719098,0.303322542905,1.0,-0.01052,-0.0138262857143,0.527
0.462903017262,0.531937367112,-0.124043306924,-1.38081433931,0.0782017622125,1.90325187028,0.156095767455,-0.00634773037357,-0.0646580080693,0.00211146800768,-0.0946784489692,-0.011958705718,0.0382701376134,-0.00729595654291,0.574147959508,0.818737245854,0.00204688657336,0.0,0.818693326728,-0.574086934364,-0.0120903045292,0.0,-0.00872385975523,0.00861756196824,-0.999924813122,0.0,0.658791136924,0.257079025319,0.303314915148,1.0,-0.01088,-0.0142994285714,0.545
0.462769932888,0.530926909046,-0.124043493809,-1.38243975805,0.0781037421924,1.90382469289,0.155892120878,-0.00713919957404,-0.0624539368167,0.00149414866463,-0.0999597245588,-0.00298448365102,0.0340324939694,-0.0175899801035,0.574152380652,0.81873423441,0.00201099418347,0.0,0.81868977278,-0.574091438975,-0.0121170351805,0.0,-0.00876630575581,0.00860357061185,-0.999924562383,0.0,0.658592392796,0.25683459507,0.303303039323,1.0,-0.01122,-0.0147462857143,0.562
0.462624781427,0.529903088898,-0.124048206663,-1.38407466422,0.0779995675682,1.9044126494,0.155687375118,-0.00962425995676,-0.0561040340993,-0.00592989143303,-0.0929306618375,-0.00826981572307,0.0402627544219,-0.0148228008439,0.57416769224,0.818723555618,0.00198684785517,0.0,0.818678798016,-0.574106873983,-0.0121272348451,0.0,-0.00878835902414,0.00858982203888,-0.999924487,0.0,0.658398815473,0.256578697683,0.303297278802,1.0,-0.01156,-0.0151931428571,0.579
0.462482498007,0.528831447926,-0.124041184381,-1.38574148752,0.0778963422057,1.9050429213,0.155453504528,-0.0107972336511,-0.0675355400433,0.00121253950067,-0.100790106845,-0.00508765808493,0.0409838903405,-0.00676197549284,0.574150492646,0.818735544981,0.00201645230543,0.0,0.818691158736,-0.57408953128,-0.0121137766281,0.0,-0.0087605240177,0.00860614818829,-0.999924590873,0.0,0.658203554633,0.256331394279,0.303313043629,1.0,-0.0119,-0.01564,0.596
0.462355827017,0.527789830016,-0.124044228486,-1.38736132698,0.0777946049486,1.90567168657,0.155226071481,-0.00900210385362,-0.0660390360553,0.00034976247209,-0.099696183034,-0.012027841047,0.0435118191306,-0.0136153637282,0.574130651373,0.818749361798,0.00205538554266,0.0,0.818705555402,-0.574069593342,-0.0120856300704,0.0,-0.00871533536166,0.00862165222038,-0.999924852198,0.0,0.65801594498,0.256093852484,0.303329975596,1.0,-0.01222,-0.0160605714286,0.612
0.462224403786,0.526757125274,-0.124050023098,-1.38892743798,0.0777028448444,1.90626793962,0.155010501835,-0.00516796855937,-0.0670454163195,-4.35190007256e-05,-0.105573308511,-0.0058502848273,0.0361509896465,-0.0144135460331,0.57412353909,0.818754215246,0.00210802746882,0.0,0.81871109285,-0.574062252511,-0.012059170287,0.0,-0.00866352430746,0.00864948552583,-0.999925062066,0.0,0.65782099527,0.25584288743,0.30336371335,1.0,-0.01254,-0.0164811428571,0.628
0.462059778355,0.52552908666,-0.124055604455,-1.39087462305,0.0775710548276,1.90697605409,0.154746766891,-0.0111765691263,-0.0703329862112,-0.00145141143836,-0.10913493408,-0.00539804528456,0.0418635161421,-0.0148433021552,0.574118014208,0.818758134499,0.00209041988191,0.0,0.818714897522,-0.574056918392,-0.0120547883752,0.0,-0.00867010297269,0.00863249526537,-0.999925151869,0.0,0.657602344942,0.255557499494,0.303361949518,1.0,-0.01288,-0.016928,0.645
0.461893531899,0.524265477885,-0.124061638721,-1.39285145383,0.0774544461395,1.90767927049,0.154482337827,-0.00590414419519,-0.0686101554423,-0.000598614198355,-0.113514961273,-0.00341842447664,0.0384510991616,-0.0201018050096,0.574116615434,0.818759134058,0.00208306981588,0.0,0.818715728277,-0.57405547876,-0.0120669167038,0.0,-0.00868426782979,0.00863342561828,-0.999925020916,0.0,0.657361642875,0.255255500046,0.303370839195,1.0,-0.01324,-0.0174011428571,0.663
0.461761161622,0.523209313344,-0.124065006273,-1.39453410349,0.0773507089024,1.90831387637,0.154242373048,-0.00951417908737,-0.0751561678315,-0.000230886637942,-0.111871040218,-0.0056337596408,0.0357141127374,-0.0161954191945,0.574095864943,0.818773685931,0.00208230224641,0.0,0.818730286268,-0.574034750244,-0.0120652708697,0.0,-0.00868357963759,0.00863163221567,-0.999925042376,0.0,0.657145318851,0.254988392947,0.303362937853,1.0,-0.01356,-0.0178217142857,0.679
0.46158597478,0.521902234881,-0.124071282716,-1.39660973582,0.0772190847905,1.90913505338,0.153968782482,-0.0116758325399,-0.0734167798495,-0.00276254986637,-0.112682775931,-0.00852450615105,0.0509501514333,-0.0150578010841,0.574093198764,0.818775448644,0.00212384814288,0.0,0.818732720001,-0.574032036201,-0.0120291943578,0.0,-0.00863021829153,0.00864490907559,-0.999925389656,0.0,0.656923042098,0.254693384669,0.303369562465,1.0,-0.0139,-0.0182685714286,0.696
0.461408684671,0.520652675427,-0.124076839516,-1.39862078376,0.0770919431868,1.90987710125,0.153703207359,-0.0130304864936,-0.0775252618009,-0.00128733618713,-0.121273544516,-0.00656435511097,0.0428890991637,-0.0135877786128,0.574097934992,0.81877218449,0.00210186677348,0.0,0.818729198179,-0.574036893967,-0.0120370808491,0.0,-0.00864924443224,0.00863148913982,-0.999925341196,0.0,0.656682949721,0.254381212315,0.30335464346,1.0,-0.01424,-0.0187154285714,0.713
0.461254451835,0.51940015187,-0.124077534145,-1.400560757,0.0769731480465,1.91057489381,0.153436125783,-0.00995371850541,-0.075801641955,-0.000612915525027,-0.120172480232,-0.00774947058033,0.0450282768767,-0.0226823663456,0.574077100247,0.818786769445,0.0021109370881,0.0,0.81874385282,-0.574015974808,-0.0120379000146,0.0,-0.00864492809516,0.00863916582876,-0.999925312227,0.0,0.656442780582,0.254093897906,0.303371244967,1.0,-0.01456,-0.019136,0.729
0.461078629055,0.518059318219,-0.124081530145,-1.40266357403,0.0768342463863,1.91132936987,0.153151779119,-0.0101733271073,-0.0799138182412,-0.00104478695661,-0.124962278068,-0.00612124783188,0.0467254385941,-0.0207743062801,0.574065008194,0.818795280473,0.00209808079447,0.0,0.81875224281,-0.574003985469,-0.0120389559701,0.0,-0.00865330019509,0.00862911785092,-0.999925326572,0.0,0.656184374373,0.253772983109,0.303376969884,1.0,-0.0149,-0.0195828571429,0.746
0.460896658414,0.516700602937,-0.124087128892,-1.40480400002,0.076699044594,1.91211453199,0.152852821229,-0.013870913607,-0.0777588792275,-0.000516235027982,-0.127443896463,-0.0103367241873,0.0565491865973,-0.0202324495891,0.574049966282,0.818805829734,0.00209673714507,0.0,0.818762796677,-0.573988973245,-0.012036954401,0.0,-0.00865259102394,0.00862670972774,-0.999925353488,0.0,0.655924607336,0.253445581713,0.303379662773,1.0,-0.01524,-0.0200297142857,0.763
0.460715895905,0.515324015713,-0.124087247934,-1.40697735367,0.0765712260355,1.91293561737,0.152562078517,-0.0128718566352,-0.0778887507518,-0.000477015088326,-0.13208072528,-0.00411201129032,0.0461643359928,-0.0195940718295,0.574035734172,0.818815768234,0.00211198621893,0.0,0.818772881095,-0.573974625328,-0.0120351802732,0.0,-0.00864253527815,0.00863802689413,-0.999925342751,0.0,0.655645041002,0.253102744691,0.303379034403,1.0,-0.0156,-0.0205028571429,0.781
0.460525458644,0.513927440898,-0.124090897402,-1.4092268788,0.0764335938279,1.91372217912,0.152251927127,-0.00862106865026,-0.0824197624705,-0.00330796391999,-0.131006023636,-0.0142070751437,0.0500232865454,-0.0191713652322,0.57402599234,0.818822726774,0.00206134352503,0.0,0.818779078528,-0.573965001433,-0.0120724727001,0.0,-0.00870224352106,0.00861786399422,-0.999924998876,0.0,0.655377705912,0.252777737361,0.303358320885,1.0,-0.01592,-0.0209234285714,0.797
0.46032213983,0.512523540056,-0.124091272961,-1.4114976299,0.076299854355,1.91451709542,0.151925598206,-0.00987287386383,-0.0843387082492,0.000780526442669,-0.129342454894,-0.00832344873055,0.0467307102608,-0.0141244942167,0.574008400294,0.818835203328,0.00200326811721,0.0,0.818790629301,-0.573947499659,-0.0121210521565,0.0,-0.00877554243651,0.0085980084589,-0.999924529205,0.0,0.655091708064,0.252425638045,0.303330112599,1.0,-0.01626,-0.0213702857143,0.814
0.46014312568,0.511248867431,-0.12409401579,-1.41353591164,0.0761634914054,1.91529769596,0.151640945359,-0.012730365168,-0.0893716977619,-0.000139577416927,-0.135344277166,-0.00839103956654,0.0462224092709,-0.0276205351443,0.57399377924,0.818845440291,0.00200828507394,0.0,0.81880105118,-0.573932975488,-0.0121047567279,0.0,-0.00875947247135,0.00859260642495,-0.999924716545,0.0,0.654848570447,0.252112586684,0.303320415198,1.0,-0.01656,-0.0217645714286,0.829
0.459944703612,0.509773743573,-0.124103075007,-1.41587857018,0.0760184156818,1.91617448098,0.15131387055,-0.0105619949385,-0.0857573016624,0.000697743622768,-0.141878105878,-0.00989859714563,0.0489349875974,-0.018716053371,0.573979977147,0.818855122487,0.00200527097054,0.0,0.818810695505,-0.573919189811,-0.0121060065575,0.0,-0.0087623706945,0.00859070808303,-0.999924707463,0.0,0.654543334776,0.251733278073,0.30331020108,1.0,-0.01692,-0.0222377142857,0.847
0.459733789894,0.508276561332,-0.124105731578,-1.41825875118,0.0758771934565,1.91701624192,0.15098685745,-0.00807355689893,-0.0824710302611,0.00034422194491,-0.139350141251,-0.00242583421488,0.0494883437139,-0.0128766125667,0.573970259902,0.818861997484,0.00197907198554,0.0,0.818817115571,-0.573909478961,-0.0121321106066,0.0,-0.00879888555877,0.00858413396391,-0.999924443274,0.0,0.654263127332,0.251386867325,0.303302057401,1.0,-0.01724,-0.0226582857143,0.863
0.459523194097,0.506746465675,-0.124109957791,-1.4206642277,0.0757201848832,1.91789945622,0.150655264496,-0.011277099883,-0.0829393447421,0.000991540971341,-0.141860972911,-0.00837672480945,0.0599765098104,-0.0158482156056,0.573956276917,0.818871798399,0.00197910972496,0.0,0.818826968468,-0.573895547821,-0.0121261206127,0.0,-0.00879410524771,0.00858057665936,-0.99992451586,0.0,0.653966206798,0.251015958101,0.303303860225,1.0,-0.01758,-0.0231051428571,0.88
0.459299180248,0.505134552893,-0.124113192199,-1.42312506472,0.075567221814,1.91884479275,0.150322884572,-0.0149251121615,-0.0909869273624,0.000381670741871,-0.140586010633,-0.0085536475662,0.0536587510751,-0.0190864820844,0.57395575582,0.818871968744,0.00205817109447,0.0,0.818828228348,-0.573894737308,-0.012079315009,0.0,-0.00871040660521,0.00861844689849,-0.999924922777,0.0,0.653672511565,0.250636240981,0.303341246365,1.0,-0.01792,-0.023552,0.897
0.459071059185,0.503466129193,-0.124117098446,-1.42559891362,0.0754164892451,1.91978150321,0.149972716813,-0.0126319771142,-0.0958056405211,0.000813842449724,-0.141761241587,-0.00921432516085,0.0566237201328,-0.02044937351,0.573945195155,0.818879080518,0.00217056434647,0.0,0.818836829284,-0.573883722232,-0.0120194536365,0.0,-0.00859699311444,0.0086760127304,-0.999925406474,0.0,0.65337546138,0.250252524953,0.303410501455,1.0,-0.01826,-0.0239988571429,0.914
0.458860668922,0.501865781504,-0.124126953164,-1.42797026199,0.0752600471692,1.92064451068,0.149643148484,-0.0133857335789,-0.097277084696,0.00502946881021,-0.155432646912,-0.0138530009787,0.0529086898193,-0.0159485473202,0.573933584048,0.818887023063,0.00224309205857,0.0,0.818845817758,-0.573871914134,-0.0119707898449,0.0,-0.00851564087904,0.00870735251408,-0.999925830186,0.0,0.653082698865,0.249882432486,0.30347415375,1.0,-0.01858,-0.0244194285714,0.93
0.458566207979,0.499739657078,-0.124129071041,-1.43117176173,0.075053295419,1.92179150828,0.149194393745,-0.013276693747,-0.0975652217997,-0.0016775213528,-0.149108472277,-0.0146438671424,0.0640928892654,-0.0173826896952,0.573915841037,0.81889929658,0.00230138412631,0.0,0.818858853573,-0.573853939562,-0.011940723426,0.0,-0.00845775450484,0.0087376473217,-0.99992605722,0.0,0.652681188471,0.249381728324,0.303533250789,1.0,-0.019,-0.0249714285714,0.951
0.458380869569,0.498469429481,-0.124125710506,-1.43318795647,0.0749380885847,1.92254470198,0.148908116469,-0.0138799607491,-0.0927250875131,-0.000314058924215,-0.153058161796,-0.00301306231411,0.0582209073251,-0.0238705543566,0.573902465706,0.81890864014,0.00231211217463,0.0,0.818868212257,-0.573840393843,-0.0119499058772,0.0,-0.00845926067778,0.00875156410558,-0.999925922774,0.0,0.652429896193,0.249072830328,0.303524703432,1.0,-0.01926,-0.0253131428571,0.964
0.458076667295,0.496476326927,-0.124129711298,-1.43633135464,0.0747451043504,1.92367449568,0.148430272792,-0.00989913418725,-0.0958826816118,-0.00182436055092,-0.158429967776,-0.00611603230979,0.0628416258325,-0.0251653395346,0.573870181232,0.81893131223,0.00229517837239,0.0,0.818890557229,-0.573808072176,-0.0119707345942,0.0,-0.00848638090152,0.00874931597879,-0.999925712645,0.0,0.652034707772,0.24857113314,0.303515883021,1.0,-0.01966,-0.0258388571429,0.984
0.457852612678,0.495116391349,-0.12413089532,-1.43857807646,0.0746012669568,1.92444082159,0.148107878176,-0.018249932082,-0.0967381881142,-0.00161095181656,-0.157634749133,-0.0106858477741,0.0509649428226,-0.0229267161678,0.573864705312,0.818935436723,0.0021902916999,0.0,0.818893194102,-0.573802908526,-0.0120376792117,0.0,-0.00860145193908,0.0087017817359,-0.999925144208,0.0,0.651742806064,0.24820483596,0.303460514073,1.0,-0.01994,-0.0262068571429,0.998
0.457502476036,0.492720605243,-0.124185929654,-1.44226879403,0.074382868481,1.92577455527,0.147591845238,-0.020178567492,-0.147214524107,-0.0059693240274,-0.217465122446,-0.00314549478331,0.0852917855493,-0.0284216593034,0.573894974825,0.81891415049,0.00221785930361,0.0,0.818872326454,-0.573833118584,-0.0120171495988,0.0,-0.00856849770433,0.00871289312432,-0.999925330382,0.0,0.651287173088,0.247593759575,0.303489086948,1.0,-0.0312097142857,-0.0410184816327,1.018
0.457266978279,0.490721595298,-0.12423619772,-1.44536600633,0.0742048775116,1.92697859576,0.147127114105,-0.0185161429145,-0.175905838352,-0.00340166017928,-0.281609778215,-0.016725947119,0.112468558498,-0.0431548694395,0.573851066276,0.818944688827,0.00230158149204,0.0,0.81890409966,-0.573789018669,-0.0119576133379,0.0,-0.00847216486386,0.00874683208724,-0.999925854927,0.0,0.650905861931,0.247122956605,0.303511558645,1.0,-0.0391365714286,-0.0514366367347,1.03
0.456706099545,0.486888202292,-0.124269799413,-1.45150266345,0.0738817586086,1.92927402857,0.146210515267,-0.0355622192854,-0.235015949573,-0.00542492029225,-0.375284196751,-0.020698629759,0.137312482544,-0.049864513831,0.573803449177,0.818978014746,0.00231516242412,0.0,0.818937137628,-0.573740872083,-0.01200513292,0.0,-0.00850380034187,0.00878472829932,-0.999925254171,0.0,0.650130991287,0.246164979203,0.303455396888,1.0,-0.0510268571429,-0.0670638693878,1.048
0.456048141263,0.482545486023,-0.124395523891,-1.45835903043,0.0734661357391,1.93175319418,0.145147831163,-0.0452294658041,-0.285515907596,-0.0128961757276,-0.460265508624,-0.0268148986186,0.154254117042,-0.0651939506279,0.573788517368,0.818988615862,0.00226524307208,0.0,0.81894730239,-0.5737263686,-0.0120048649555,0.0,-0.00853238232657,0.00874353670732,-0.999925371724,0.0,0.649272183507,0.245009891028,0.303425118555,1.0,-0.061596,-0.0809547428571,1.064
0.455170955531,0.476964282662,-0.124530569094,-1.46714730471,0.0729371982099,1.93480994828,0.143857517691,-0.0578044026682,-0.344354873252,-0.0057141716356,-0.540384884049,-0.0301468730194,0.191062109881,-0.0842942814234,0.573832749824,0.818957998004,0.00212594348864,0.0,0.818914771868,-0.573771086321,-0.0120865139269,0.0,-0.00867870943552,0.00867677110417,-0.999924693987,0.0,0.648137615635,0.243516970276,0.303378844397,1.0,-0.0728257142857,-0.0957137959184,1.081
0.454128787375,0.4704644219,-0.124665902192,-1.47724083051,0.0723496957721,1.93840359357,0.14239138174,-0.0671171886691,-0.400957494135,-0.0041575078764,-0.615660365372,-0.0299407432681,0.210600541232,-0.0920444795956,0.573911689087,0.8189025864,0.00216194754186,0.0,0.818859615732,-0.573849645551,-0.0120938383113,0.0,-0.00866320943569,0.00871129442558,-0.999924528228,0.0,0.646764083774,0.241704296955,0.30340121249,1.0,-0.084716,-0.111341028571,1.099
0.452841933054,0.462580976139,-0.124740733326,-1.48924476024,0.0716047961731,1.94287198474,0.140424613227,-0.0763878522679,-0.452300116353,-0.00110851101382,-0.70981203816,-0.045654937616,0.246750270069,-0.114924011262,0.573774612204,0.818997917602,0.00241914340675,0.0,0.818958331982,-0.573711550431,-0.0119605301048,0.0,-0.00840792061313,0.00884399644617,-0.999925542527,0.0,0.64531046933,0.239795765672,0.303498850324,1.0,-0.0959457142857,-0.126100081633,1.116
0.451475355431,0.454821037976,-0.124836618432,-1.50140895104,0.0708176708699,1.94698339462,0.138617406325,-0.0914811841512,-0.496964602906,-0.00698205356403,-0.797595786164,-0.0555547341738,0.2569934147,-0.120447273625,0.573832181617,0.818958309605,0.00215902099614,0.0,0.818914908273,-0.573769766772,-0.0121397960504,0.0,-0.00870337344589,0.00873442829781,-0.999923977637,0.0,0.643666023229,0.237678558171,0.303407261074,1.0,-0.106514857143,-0.139990955102,1.132
0.449862756691,0.445526980621,-0.124986108164,-1.51529409184,0.0698579972004,1.95203007778,0.136428388824,-0.101390474311,-0.557685952653,-0.00716908295975,-0.853245945692,-0.0579994699103,0.302484755155,-0.121047064872,0.573836819239,0.818954127573,0.00248771350182,0.0,0.818915950734,-0.573774026915,-0.0118650146646,0.0,-0.00828967694153,0.00884598085542,-0.999926512239,0.0,0.641863492829,0.23522854992,0.303613944512,1.0,-0.117744571429,-0.154750008163,1.149
0.448062320101,0.43554965144,-0.125071478983,-1.53052689877,0.068864414558,1.95725805468,0.133989335433,-0.109702533089,-0.612314492079,-0.00671765466931,-0.893963597007,-0.0570772849012,0.321219914533,-0.14992173165,0.573779088491,0.818994643859,0.00246532776817,0.0,0.818955656708,-0.573715838933,-0.0119379816264,0.0,-0.00836290643358,0.00886892909175,-0.999925699186,0.0,0.639765739705,0.232561135134,0.303639521348,1.0,-0.128974285714,-0.169509061224,1.166
0.446040326259,0.424718579965,-0.125185497861,-1.54675301728,0.0677366619223,1.96302880799,0.13130235987,-0.115777403193,-0.635447814488,-0.00811875359625,-0.983095177419,-0.0669166767065,0.333301975691,-0.162539174069,0.573707240444,0.819044098382,0.00274118021466,0.0,0.819009169766,-0.573643473733,-0.0117427332551,0.0,-0.008045511132,0.00898211575639,-0.99992729303,0.0,0.637564026686,0.229653348028,0.303795471622,1.0,-0.140204,-0.184268114286,1.183
0.443908869177,0.413820911217,-0.12531861192,-1.56305928544,0.0665440707463,1.96876157371,0.128606418686,-0.136586474765,-0.699651628533,-0.00988210537643,-1.03581743797,-0.0826399675289,0.372880508572,-0.171335741768,0.573694210062,0.819052519698,0.00294452361535,0.0,0.819021028277,-0.573630667497,-0.0115394734915,0.0,-0.00776251524475,0.00903192978111,-0.999929081286,0.0,0.635320095809,0.226654235541,0.303926782655,1.0,-0.150773142857,-0.198158987755,1.199
0.441410412237,0.401673260311,-0.125427579749,-1.58157947564,0.0653099726903,1.97498280877,0.125489174085,-0.15088053513,-0.727901649044,-0.0103854591537,-1.10994925283,-0.0750493203739,0.365792435888,-0.187167740835,0.573679033548,0.81906355777,0.00282872794293,0.0,0.819029651066,-0.573614831649,-0.0117133465332,0.0,-0.00797152845872,0.00903668736306,-0.999927393872,0.0,0.632651442348,0.223235260372,0.303861140149,1.0,-0.162002857143,-0.212918040816,1.216
0.438781320782,0.389444835581,-0.125558053024,-1.59971936313,0.0639884364211,1.98125007706,0.122379716263,-0.168601206753,-0.749014653019,-0.00763507062454,-1.15076099139,-0.0915739747129,0.398949242913,-0.202612445852,0.573722929539,0.819031908288,0.00307899795725,0.0,0.819001674479,-0.573658386911,-0.0115351301818,0.0,-0.00768149457627,0.00913984913364,-0.999928726359,0.0,0.630071555772,0.219770918973,0.303996530924,1.0,-0.172572,-0.226808914286,1.232
0.435792725339,0.375831324378,-0.125698932249,-1.62009570335,0.0624520943618,1.9880069405,0.118727817864,-0.18147241896,-0.812705522493,-0.00673267373442,-1.22242810455,-0.0893133090925,0.408239165401,-0.214925429808,0.573617060267,0.819106306042,0.00301238670719,0.0,0.819075353748,-0.573552913194,-0.0115484869413,0.0,-0.00773182416883,0.00909195588592,-0.99992877508,0.0,0.627050142586,0.21585462401,0.303998376823,1.0,-0.183801714286,-0.241567967347,1.249
0.432228098657,0.360669614877,-0.125885767605,-1.64253756034,0.0607600846069,1.99545400824,0.114722371312,-0.204353605154,-0.869775920431,-0.0144281641088,-1.26112020879,-0.100270944998,0.429055555251,-0.227010705857,0.57372327207,0.819031614556,0.00309327398874,0.0,0.819001898447,-0.573659082021,-0.0114845485776,0.0,-0.00763187058432,0.00912252569428,-0.999929264536,0.0,0.623704485569,0.211381446299,0.304058084548,1.0,-0.195692,-0.2571952,1.267
0.4287125621,0.346698134373,-0.126080303184,-1.66337090683,0.0591799407404,2.0020932815,0.110778944751,-0.227762240042,-0.902580903699,-0.0126405644275,-1.3011390136,-0.0956731766252,0.420858013109,-0.2571221476,0.573782343467,0.818991049834,0.00286871379074,0.0,0.818957995939,-0.573718370585,-0.0116524264576,0.0,-0.00789755122823,0.00903548661799,-0.99992799174,0.0,0.62050414377,0.20709768268,0.303970598943,1.0,-0.206261142857,-0.271086073469,1.283
0.42476570318,0.331165503898,-0.126224992874,-1.68617480532,0.0574330675282,2.00946793992,0.106444240725,-0.235862588272,-0.924872672464,-0.00609677661299,-1.35892053965,-0.100551516388,0.428449195424,-0.264196014354,0.573814414901,0.818968370185,0.00292793271207,0.0,0.818935673817,-0.573749764459,-0.0116754800756,0.0,-0.00788209993958,0.00909752247221,-0.999927551168,0.0,0.616943098128,0.202429124764,0.303980265579,1.0,-0.217490857143,-0.285845126531,1.3
0.420305821803,0.314009580359,-0.12638033602,-1.71106376678,0.0553382287362,2.01738018396,0.101538068598,-0.248306483797,-0.942549341682,-0.00399295886232,-1.39558967501,-0.110334499847,0.431698788325,-0.285918905294,0.573711475441,0.819040331678,0.00297067893322,0.0,0.819008822697,-0.573647431101,-0.0115723825267,0.0,-0.00777427536318,0.00907239558117,-0.999928623593,0.0,0.612960789434,0.197252530342,0.304037486558,1.0,-0.229381142857,-0.301472359184,1.318
0.416290868471,0.299163599356,-0.126506257173,-1.7323830882,0.0535417430662,2.02408549381,0.097107907154,-0.268383438065,-0.994318415725,-0.01305984656,-1.44305541544,-0.135579120409,0.441312385731,-0.293396783985,0.573547135536,0.819154964721,0.00309418686252,0.0,0.819125353329,-0.573483076632,-0.0114701025013,0.0,-0.00762147434524,0.00911334680115,-0.999929427529,0.0,0.609483143628,0.192740322992,0.304114608131,1.0,-0.239289714286,-0.314495053061,1.333
0.411329423353,0.281894936442,-0.126676083413,-1.75708476165,0.0515369553867,2.03164142474,0.091951829885,-0.301067623856,-1.023242544,-0.00944839707187,-1.47558248476,-0.123359295963,0.447061157331,-0.31615540989,0.573588323328,0.819125780878,0.00318391960756,0.0,0.819096616754,-0.573523124249,-0.0115197775226,0.0,-0.00761024175879,0.00921572508413,-0.999928574765,0.0,0.605364704707,0.187359551428,0.304155559342,1.0,-0.250519428571,-0.329254106122,1.35
0.405626521025,0.262936540437,-0.126903952437,-1.78397155063,0.0491984025456,2.03967334777,0.0860711627411,-0.332549583258,-1.05951429225,-0.0173626002604,-1.50701848705,-0.130495742479,0.448784272459,-0.324123752846,0.573576529684,0.81913398304,0.00319833163513,0.0,0.819104951871,-0.573511222604,-0.0115196470548,0.0,-0.00760200165093,0.00922734611593,-0.999928530273,0.0,0.600783437875,0.181329901323,0.304194571014,1.0,-0.262409714286,-0.344881338775,1.368
0.400458372704,0.246747067573,-0.127098403709,-1.80679154659,0.0471595062913,2.04636632223,0.0809952032115,-0.347719224254,-1.07620307394,-0.0039505704499,-1.50579776017,-0.130408266706,0.437768217396,-0.339636805311,0.57369584185,0.819050475998,0.00318523341231,0.0,0.819021234656,-0.573630510386,-0.0115326336495,0.0,-0.0076188086978,0.00922517538552,-0.999928422385,0.0,0.596822691171,0.176060987945,0.304201629957,1.0,-0.272318285714,-0.357904032653,1.383
0.39394124906,0.226707195879,-0.12729945019,-1.83468114589,0.0446844687648,2.05439245822,0.0744302294381,-0.367144520513,-1.11127448927,-0.00515850284364,-1.54640559066,-0.133976716263,0.432061241928,-0.372821777825,0.573623692273,0.819100531731,0.00330537181173,0.0,0.819072208564,-0.573557217374,-0.0115577877734,0.0,-0.00757131602337,0.00933733885973,-0.999927742028,0.0,0.591845768762,0.169600515086,0.304254454416,1.0,-0.284208571429,-0.373531265306,1.401
