position_joint1,position_joint2,position_joint3,position_joint4,position_joint5,position_joint6,position_joint7,velocity_joint1,velocity_joint2,velocity_joint3,velocity_joint4,velocity_joint5,velocity_joint6,velocity_joint7,ee_T_00,ee_T_10,ee_T_20,ee_T_30,ee_T_01,ee_T_11,ee_T_21,ee_T_31,ee_T_02,ee_T_12,ee_T_22,ee_T_32,ee_T_03,ee_T_13,ee_T_23,ee_T_33,v_x,v_y,w_z,time
0.4650995837305482,0.5472793138236348,-0.12398285828155971,-1.3555653446294775,0.07945440446668199,1.8941816867192587,0.15913380751010986,0.0004469863771185015,-0.002019866798474368,0.0004093357924860008,0.0002877867016057065,-0.0001482144742334935,-0.00017258657493252047,-0.0007084068503206907,0.5737325474703496,0.8190266760543607,0.0026485440786371264,0.0,0.8189933551691266,-0.5736722199425985,-0.011437445350947248,0.0,-0.007848327791762366,0.00873134276443309,-0.9999310813273098,0.0,0.6617623778488214,0.2609474863360476,0.303704134435295,1.0,5e-324,6.91600868191397e-310,6.91579648233497e-310,0.0
0.4650939417486143,0.5472765297638743,-0.12398035263178635,-1.3555632287379498,0.07945379411511949,1.8941814408832125,0.15913887814282301,-0.00027760873850349397,0.0007063003144552539,0.0010685918763525641,-0.00020355568328939957,-0.0003143216997477086,0.00018481180607381046,0.001105027129743602,0.5737392838637083,0.819021943485664,0.002652761152714506,0.0,0.8189886731002844,-0.5736789376380691,-0.011435766047808134,0.0,-0.007844461164012217,0.0087338977138115,-0.999931089355547,0.0,0.661763817423698,0.2609453750159571,0.3037070090325999,1.0,-0.00018,-0.00023657142857142863,-9e-05,0.010000000000000002
0.4650939111751486,0.5472736867608297,-0.1239828582855693,-1.355566405544762,0.0794551165254477,1.8941809746610563,0.15913909074583524,-0.0002017281784670195,-0.0015367864736464925,9.315768698722007e-05,-0.0023796894725006497,0.00016404964414246475,0.004906610077396427,0.001952802685940256,0.5737417494559569,0.8190202175269218,0.0026523790415931827,0.0,0.8189869393931901,-0.5736814010146015,-0.011436351450849796,0.0,-0.00784513357151806,0.008733944237680022,-0.999931083673919,0.0,0.6617635803619973,0.2609437472765559,0.3037075554258339,1.0,-0.0004600000000000003,-0.000604571428571429,-0.00023000000000000014,0.024000000000000014
0.46508822101113934,0.5472588658444482,-0.12398380410177784,-1.3555758236154694,0.07945572689506741,1.8941830969798712,0.1591342880693516,-0.00044560252296382147,-0.0002530383200731298,0.0002673524384141783,0.0011243717235884442,0.00032626236648433183,-0.00012795607616312087,0.0012008715558078599,0.5737437969592759,0.81901875995486,0.002659547699272899,0.0,0.81898556768643,-0.573683417938849,-0.011433407389905916,0.0,-0.007838587645351724,0.008738145986732948,-0.9999310983004981,0.0,0.6617639021528462,0.26093875389843296,0.30371378875425176,1.0,-0.0007800000000000005,-0.001025142857142858,-0.00039000000000000026,0.04000000000000003
0.4650904239786692,0.5471901366385279,-0.1239858109095654,-1.3556458637822908,0.07945252372455967,1.894192647786124,0.15913029933755773,0.00044647516688841964,-0.00432438335748172,-0.000643203753750879,-0.010726803149467886,8.462018093127708e-05,0.0005820580371966935,-0.0007499111224637988,0.5737430432141193,0.8190192608156874,0.0026678975869808648,0.0,0.8189861580394944,-0.573682617274059,-0.01143129382450632,0.0,-0.007832074139692946,0.00874376484611969,-0.9999311002219033,0.0,0.6617516282018066,0.26093176545799357,0.30373002447230973,1.0,-0.001120000000000001,-0.0014720000000000015,-0.0005600000000000005,0.057000000000000044
0.4650897433761219,0.5470687893157118,-0.1239837753269894,-1.3558086409314014,0.07944955397345388,1.894228269921015,0.1591341123881182,2.1804989689880235e-06,-0.001141891079758422,-0.0002391614552632448,-0.005600302589336617,-7.150936940509944e-05,0.005495500328527739,0.00035392081337187997,0.573753434751698,0.8190119796410293,0.0026683733470806324,0.0,0.8189787878706828,-0.5736928998251705,-0.011443277907251442,0.0,-0.00784150582238391,0.008751129659846174,-0.9999309618749257,0.0,0.6617244973315459,0.26091669792073235,0.30374151541992755,1.0,-0.001460000000000001,-0.0019188571428571445,-0.0007300000000000005,0.07400000000000005
0.4650744750052566,0.5469066174673112,-0.1239866722965377,-1.3560176833229036,0.07944888660813176,1.8942875807411867,0.15913293035599504,-0.00034493255919588436,-0.010545233201499804,-0.0010852791422779468,-0.014025372940395608,0.000592701494220399,0.008742165300954327,0.00104002653807334,0.5737783433267211,0.818994471936132,0.002685994882314186,0.0,0.8189614025411044,-0.5737176314636452,-0.01144759349646893,0.0,-0.007834664010135384,0.008768276184007634,-0.999930865296501,0.0,0.6616973648426303,0.26088614966845974,0.3037621237528031,1.0,-0.0018000000000000013,-0.002365714285714288,-0.0009000000000000006,0.09100000000000007
0.4650463398422517,0.5467316599891717,-0.12398086601791204,-1.3562325669733735,0.07944529800448184,1.8944117202157635,0.15913184933802965,-0.0006972451878645414,-0.00945949639169698,0.000336736058584044,-0.010802314258383069,-0.0008714106351756339,0.0037190832649936483,-0.0013605864335117825,0.5738077139322416,0.8189736378639492,0.002763117252744772,0.0,0.8189415192955068,-0.5737467046383617,-0.011412878330903603,0.0,-0.007761666502998865,0.00881179871982836,-0.9999310519912948,0.0,0.66168367459441,0.26085553923008253,0.3037943519927528,1.0,-0.0021400000000000017,-0.002812571428571431,-0.0010700000000000009,0.10800000000000008
0.4650227847272104,0.5465188971403353,-0.12398359987852688,-1.3564835092859333,0.07943860607560735,1.8945315367101714,0.1591238628703987,-0.0033088602617125395,-0.013282970879475152,0.0004004829099245606,-0.017352205585325353,-0.00036592333671740855,0.001920241751555178,0.0009389841713161961,0.5738346882500567,0.8189544866768326,0.002836584928090532,0.0,0.818923297891774,-0.5737734291673124,-0.011376776909654718,0.0,-0.007689653482426395,0.008851505134207016,-0.9999312576803364,0.0,0.6616627761350006,0.26081843153893797,0.3038360840157547,1.0,-0.002480000000000002,-0.003259428571428575,-0.001240000000000001,0.12500000000000008
0.46499093543307635,0.5462979912965265,-0.12398916046633247,-1.356784682405995,0.07942569616653747,1.894659421997178,0.15911428110671727,-0.0017141452582341984,-0.011939877843224051,-0.0006933357712210073,-0.018996814292431854,-0.00037904297276237944,0.010920982776845408,-0.0017795788245404264,0.5738702766650174,0.8189294034806229,0.0028782940251783004,0.0,0.8188987590975383,-0.5738088952841411,-0.011354335846440973,0.0,-0.007646955994353277,0.008873118094100282,-0.9999313935662328,0.0,0.6616353358129626,0.26076788329317313,0.3038604391038769,1.0,-0.002800000000000002,-0.0036800000000000036,-0.001400000000000001,0.1410000000000001
0.46495233496504745,0.546042012630487,-0.12398673776732852,-1.3571949140396564,0.07941192568199891,1.8947944662560852,0.15910768231156283,-0.0012345346530202213,-0.013562534987365036,-0.0006079651880831226,-0.02431515758418149,-0.002600565774290546,0.0034989352124028014,0.0013980809424793761,0.573914003745618,0.8188987945799993,0.0028683516708609058,0.0,0.8188679026691074,-0.5738525084635178,-0.011375561948059696,0.0,-0.007669570828461925,0.008877566339964352,-0.9999311808815579,0.0,0.6615851961824618,0.26070534912178467,0.3038580487704959,1.0,-0.003140000000000002,-0.0041268571428571465,-0.001570000000000001,0.1580000000000001
0.4649136632406643,0.5457534012762454,-0.12398995372182442,-1.3576537356588991,0.07938464601483768,1.8949513599229995,0.15909675226623127,0.0005250782307350387,-0.013736775293525278,-0.0010512631383774215,-0.028314563499524163,-0.0024452194496125566,0.007757546925338499,0.0019589077507465866,0.5739573291539134,0.8188684718999514,0.0028560357058484177,0.0,0.8188374174017251,-0.573895861403391,-0.011382927046277705,0.0,-0.007682200910700265,0.008872114122509225,-0.9999311323187037,0.0,0.6615311636524873,0.2606334616981576,0.3038576797777467,1.0,-0.0034800000000000026,-0.00457371428571429,-0.0017400000000000013,0.17500000000000013
0.46486254524349113,0.5454353197244651,-0.12398705389625966,-1.3581687787354562,0.07934001857253556,1.895124148534948,0.15906538864333408,0.0003464127172825123,-0.01910045722776148,-0.001522967334167728,-0.029570114946080167,-0.00239222130258354,0.006057702911445874,-0.00586989701806175,0.5739883482355598,0.8188468251372821,0.00282841892496624,0.0,0.8188154883852993,-0.5739270458545448,-0.011388104242029226,0.0,-0.007701955171377062,0.008852762809938158,-0.999931151868552,0.0,0.6614709468038691,0.2605488668290736,0.3038525387186015,1.0,-0.003820000000000003,-0.005020571428571433,-0.0019100000000000015,0.19200000000000014
0.4648163074612851,0.5451198921100442,-0.12399494538535359,-1.3586821852381614,0.07930518436529824,1.8952934510884738,0.15896695647412776,-0.002107801102891067,-0.021765553759228583,-0.0013739317663183303,-0.029822316654420603,-0.0036316000778194375,0.01859060694909827,-0.0022904965949130576,0.5739704715788516,0.8188594518110368,0.0028005064697537154,0.0,0.8188277898528782,-0.5739092969254866,-0.011398086170607315,0.0,-0.00772634265030514,0.00883546752766616,-0.9999311166989543,0.0,0.66141094927113,0.2604627639110564,0.3038463468607204,1.0,-0.004120000000000003,-0.0054148571428571475,-0.0020600000000000015,0.20700000000000016
0.4647556656977336,0.5447648082401733,-0.12399310294983854,-1.3592856397044393,0.07928600740537227,1.8955015298664284,0.15892341925890896,-0.001833989449342945,-0.02035782693118696,-0.0002798224345826557,-0.03875615514086272,-0.0008634745005383098,0.018686693326339775,0.0008453058486285591,0.5740117717635302,0.8188305875078874,0.0027752008196452503,0.0,0.8187984271247639,-0.5739504746446926,-0.011433953574901609,0.0,-0.007769792688190946,0.008835724130941733,-0.9999307777544726,0.0,0.6613396402345191,0.26036777551861967,0.303828414627583,1.0,-0.004440000000000004,-0.005835428571428577,-0.002220000000000002,0.22300000000000017
0.4647049106982702,0.5443836086894377,-0.1239965823313648,-1.3599615352985517,0.07924805044720365,1.8957132000938437,0.15891520629303785,-0.005176717299348058,-0.026282680532455804,0.0021220180862580973,-0.03878089006668914,-0.0004063801983910411,0.01558295736612563,0.0001571964159503787,0.5741085449956556,0.8187630796455343,0.0026729896259190438,0.0,0.818729499587534,-0.5740474515021219,-0.01150116647446442,0.0,-0.007882459361266803,0.00879154267367857,-0.9999302853758529,0.0,0.6611977008389721,0.2601967447983097,0.30378250463160533,1.0,-0.004960000000000004,-0.00651885714285715,-0.002480000000000002,0.2490000000000002
0.4646271133559834,0.5438311346038017,-0.12399925916826318,-1.3608828051795567,0.07920424011499148,1.8960246955545883,0.1588471247785967,-0.003441829392306873,-0.01971324032897602,-0.0007737044588809097,-0.0422599166400467,-0.004444143069246299,0.015497463557494926,-0.0017416048373254441,0.5741260012109707,0.8187508807183601,0.0026602551791618714,0.0,0.8187170473202631,-0.5740648485971369,-0.01151924188237233,0.0,-0.0079043826336046,0.008791661811043572,-0.9999301112666732,0.0,0.6611408857580786,0.2601241498017597,0.303774395268245,1.0,-0.005180000000000003,-0.006808000000000005,-0.0025900000000000016,0.2600000000000002
0.4645733643781373,0.5434296087806728,-0.1239995200554217,-1.3615318955269375,0.07917301347213287,1.8962584090392414,0.15880080193133575,-0.007041883854706824,-0.02862354087677376,0.0019462122698146265,-0.048494145638078245,-0.0008843170944135142,0.014687417966733233,-0.0049694920380163364,0.5741601103849194,0.8187269886468342,0.002651905969638624,0.0,0.8186929708175523,-0.5740988962216051,-0.011533594074407065,0.0,-0.007920560950103739,0.00879339572362521,-0.9999299680007011,0.0,0.6610645359816758,0.26002749591500796,0.3037697764648775,1.0,-0.005460000000000004,-0.007176000000000006,-0.002730000000000002,0.2740000000000002
0.4645118205676429,0.5429435387150195,-0.12400050510322469,-1.3623165609895787,0.07912808126905724,1.8965319892577426,0.15875808219486376,-0.005623615054357738,-0.02796222646614778,-5.32150204289371e-06,-0.04859847295174311,-0.001522360798660582,0.013451720504207669,-0.003875612470932644,0.5742078634305237,0.8186935659409869,0.0026308862751170696,0.0,0.8186592359914069,-0.5741466689594705,-0.011550097398651926,0.0,-0.007945628812974781,0.008786125257799551,-0.9999298330311585,0.0,0.6609700357708279,0.25991077763526077,0.3037638550122518,1.0,-0.005780000000000004,-0.007596571428571435,-0.002890000000000002,0.2900000000000002
0.46444186674283744,0.5423932185963811,-0.12400239052980952,-1.363203065624231,0.07907609473965597,1.8968287443284348,0.15868164222297418,-0.0032946296831641397,-0.03747455589222176,0.000845659185326877,-0.048479860678192155,-0.004251269797444402,0.01702838208121329,-0.0015428677262821233,0.5742391728435172,0.8186717116786738,0.0025976470721737113,0.0,0.8186369012022401,-0.5741780312203691,-0.011574081177486125,0.0,-0.007984014683997953,0.008772989458597433,-0.9999296426076612,0.0,0.6608610660891316,0.25977717028601777,0.30375687633712145,1.0,-0.006120000000000005,-0.00804342857142858,-0.0030600000000000024,0.3070000000000002
0.4643395252102735,0.5415925340119719,-0.12401149914388941,-1.36446521032914,0.07899940561347235,1.897288214761466,0.15860500664386915,-0.005378347396612453,-0.03336952034512226,-0.00047712102060709454,-0.05614697949528546,-0.00565944731605869,0.025737472785411584,-0.01143694594995706,0.5743082328639982,0.8186232632399202,0.0025987397453300677,0.0,0.8185885158533103,-0.5742471327280603,-0.01156802350812612,0.0,-0.007977687901209507,0.008771078520341077,-0.9999297098683193,0.0,0.660723537589616,0.2595931736656861,0.3037662935259978,1.0,-0.006560000000000005,-0.008621714285714293,-0.0032800000000000025,0.32900000000000024
0.464224150091521,0.5407724900499252,-0.12401132133378376,-1.3657303390712965,0.07892027028975161,1.8977441060579914,0.15850824739164335,-0.010141699661256711,-0.03359653410594774,-0.0018600927666482968,-0.05757341952398847,-0.004903361863395312,0.026973773731515382,-0.0018937623403501246,0.5743803237723561,0.8185726814695001,0.002599176062465529,0.0,0.8185379279228291,-0.5743192001956358,-0.011569949855320527,0.0,-0.007978241766051442,0.008773244644551967,-0.9999296864463665,0.0,0.6605708442876422,0.25938632611643725,0.30377940732616676,1.0,-0.007020000000000005,-0.009226285714285723,-0.0035100000000000027,0.35200000000000026
0.4641713279019553,0.5404585306459577,-0.12401220181927086,-1.3662216771010098,0.0788951535032671,1.8979307728388968,0.1584916552449087,0.00017701384797774201,-0.04080124700438223,0.0005525637773844615,-0.06322684953561836,-0.0019484194709784549,0.01917906451386574,-0.00011113228420684359,0.5744238446235529,0.8185420891115455,0.002615718259208811,0.0,0.818507513686224,-0.5743626199743136,-0.011566231739269437,0.0,-0.00796523005389721,0.008785073492214579,-0.999929686324956,0.0,0.6605084872804744,0.25930394142302815,0.3037888914906938,1.0,-0.007200000000000005,-0.009462857142857151,-0.0036000000000000025,0.36100000000000027
0.4640838698979005,0.5398020261351407,-0.12401268280332188,-1.3672205032649116,0.07884603967778107,1.8983063660786994,0.15838690548118023,-0.007468269402441536,-0.03652619187769508,-0.0012534844591500906,-0.06067500247167128,-0.0030865258611136414,0.019460731249082458,-0.0046881429552907295,0.5744595384098969,0.8185169538576865,0.0026423244748359402,0.0,0.8184826438977806,-0.5743981323990784,-0.011562613707905366,0.0,-0.007946602104005107,0.008805119981499673,-0.9999296582145725,0.0,0.6604052857736005,0.25915487283575916,0.3038047596865908,1.0,-0.007500000000000006,-0.009857142857142866,-0.003750000000000003,0.3760000000000003
0.4639869743936604,0.5391015260372961,-0.12401587855424269,-1.3682939144270185,0.07877431495302151,1.8986928356161945,0.1583277171928034,-0.00413560442898512,-0.041724926466357046,0.0007787864308437158,-0.0733528275602403,-0.009450883157187851,0.022168769674351774,0.0014327870366710304,0.5745327406877424,0.8184655527030998,0.0026487388412460323,0.0,0.8184313840466838,-0.5744713686563455,-0.01155262319749774,0.0,-0.007933952256333254,0.00880534079370661,-0.9999297567204912,0.0,0.660282567672661,0.25898543459782836,0.30382233661885893,1.0,-0.007820000000000006,-0.010277714285714295,-0.003910000000000003,0.3920000000000003
0.46388773225662516,0.5383567487747534,-0.12403006510215372,-1.3694663497798019,0.07870836193923673,1.8991508278246148,0.1582312321814406,-0.005709687890309603,-0.04307487803281373,-0.001519811328252387,-0.07252065498933846,-0.007813496986735778,0.027998701903387716,-0.0018041827158262955,0.574596360552756,0.818420823195972,0.002669363213093673,0.0,0.8183869704886251,-0.5745349665193984,-0.011536276791604457,0.0,-0.007908038898392866,0.008813444417998736,-0.9999298906014724,0.0,0.6601482644011337,0.25878819916586787,0.3038302717851064,1.0,-0.008180000000000007,-0.010750857142857154,-0.004090000000000003,0.4100000000000003
0.4637786060674384,0.5376009772107885,-0.1240368251936735,-1.3706655286225204,0.07864014739805925,1.8996134703581753,0.15813993186994252,-0.007273853919962188,-0.0484727436228958,-0.0005503506386609312,-0.06946486102432138,-0.0007149564899095721,0.03129583855114417,-0.004676292124522481,0.5746596441448164,0.8183763343135915,0.0026862107159038046,0.0,0.818342715078838,-0.5745982039192556,-0.011526128203776105,0.0,-0.007889370590359102,0.008822011553536097,-0.9999299625192941,0.0,0.6600231534422838,0.2586146605965083,0.30383380357074863,1.0,-0.008500000000000006,-0.01117142857142858,-0.004250000000000003,0.4260000000000003
0.46368982984317153,0.5368203774443361,-0.12404641080525163,-1.3718770209815776,0.0785723685712373,1.9000583475819668,0.15805239437804644,-0.008959423029035019,-0.047157707547109864,-0.0029445032225996755,-0.07823642066779182,-0.00049375105384996,0.024336828200549422,-0.007160855677328209,0.5747092966616464,0.8183414507542334,0.002690949523938858,0.0,0.8183078934927693,-0.5746478354055989,-0.011524044962350679,0.0,-0.007884407153199935,0.008825170923327089,-0.9999299737891734,0.0,0.6598701230048464,0.25842877840252493,0.30384360063584254,1.0,-0.008840000000000008,-0.011618285714285727,-0.004420000000000004,0.44300000000000034
0.463571391931782,0.5359363659608327,-0.12405563116487926,-1.373280709963754,0.07848468086712189,1.9005804067570418,0.15795191004933892,-0.008599965314139117,-0.04367237852590066,-0.001561502538728489,-0.07533090618971602,-0.006678057853373625,0.02746752783874335,-0.004673272468065528,0.574790895981517,0.8182841286335495,0.0026939978481402543,0.0,0.8182506603832106,-0.5747294700556188,-0.011516941140578175,0.0,-0.007875961826820377,0.008824368331906252,-0.9999300474277414,0.0,0.6597201845449835,0.2582188818836998,0.3038485348935306,1.0,-0.009180000000000008,-0.01206514285714287,-0.004590000000000004,0.46000000000000035
0.4634707583686796,0.5350957797168696,-0.12405490483477583,-1.3745783396638593,0.0784138497906711,1.901039414080261,0.1578626060181382,-0.008007483592173107,-0.05303010141014223,0.0004393212441390652,-0.07555082993404579,-0.002486692007040348,0.033448982727494435,-0.006973609025843897,0.5748517836486835,0.818241336476744,0.0026998181211526128,0.0,0.8182078442611944,-0.5747902197856094,-0.011527086772833112,0.0,-0.007880261554902124,0.008835548868137075,-0.9999299148210463,0.0,0.6595624322838717,0.2580296029829644,0.30386380157011766,1.0,-0.009500000000000007,-0.012485714285714296,-0.004750000000000003,0.47600000000000037
0.4633472750158108,0.5341957434309996,-0.12406277017990627,-1.3760167260823135,0.07835186048573203,1.9015716283885649,0.15774720736169262,-0.0069882628611205614,-0.05369802199395934,-0.0007618848267698348,-0.08342869033283787,-0.006029890609505993,0.03493090630781328,-0.011207935993926546,0.5749262662005861,0.8181889884647278,0.002704531184278827,0.0,0.818155375099543,-0.5748644732296626,-0.011548442116457568,0.0,-0.007894221267246093,0.00885239986811985,-0.9999296556694168,0.0,0.6593952220611354,0.25781073674947186,0.30386051758790655,1.0,-0.009840000000000008,-0.012932571428571443,-0.004920000000000004,0.4930000000000004
0.46322077076531615,0.5332820424403766,-0.12406024520572592,-1.3774812742236908,0.07825119497277329,1.9021092863035123,0.15763971484208492,-0.0033512991584739435,-0.050953460897775055,0.0002131478551073884,-0.08669936742169773,-0.003971697542789031,0.03319127334560732,-0.0026425121899559443,0.5749981011946084,0.818138572600591,0.00268450123313426,0.0,0.8181047843409828,-0.5749364599693043,-0.011548841394995242,0.0,-0.007905287179605591,0.008836935313904962,-0.9999297050337418,0.0,0.6592347445040548,0.25759926618436135,0.3038552635850933,1.0,-0.010160000000000008,-0.013353142857142869,-0.005080000000000004,0.5090000000000003
0.4630606948199755,0.532074212171605,-0.12406275378476166,-1.3794240637659025,0.07814635010731012,1.902848814072958,0.15750482581945013,-0.00843965954382812,-0.05510838388874315,-0.0004931459132035357,-0.08555511358049027,-0.007526503100688514,0.036991401408374175,-0.0035600747156997177,0.5750943633797624,0.8180709089254896,0.002684786743276767,0.0,0.8180370344561328,-0.5750326086185074,-0.011560976810732662,0.0,-0.007914011252292463,0.00884507787979194,-0.9999295640309867,0.0,0.6589873580247653,0.25728659793847264,0.30383886086988554,1.0,-0.010640000000000007,-0.013984000000000012,-0.0053200000000000035,0.5330000000000004
0.462970605731557,0.5313947937912463,-0.12405986526007332,-1.3805100896440918,0.07807965205932708,1.903246714177002,0.15742956437527583,-0.008723018737251481,-0.05439942566414261,0.00033610869349121937,-0.09325521314162116,-0.006461306819969946,0.035331982534467815,-0.0024937208914401114,0.5751451742884244,0.8180351930945515,0.002682955964227022,0.0,0.818001270690081,-0.5750833921593381,-0.011565470726695934,0.0,-0.007918191111936035,0.008846656390325919,-0.9999295169761848,0.0,0.6588684974650294,0.2571371396470375,0.3038416310850002,1.0,-0.010860000000000007,-0.014273142857142868,-0.005430000000000003,0.5440000000000004
0.46285293437540664,0.5305003092692744,-0.12406568408643857,-1.3819505348034167,0.07798771766609446,1.9037647289222792,0.15731186729807994,-0.006717732279749757,-0.06013595045983307,-0.0006521875626275626,-0.09383625723748713,-0.011541312841026876,0.03630391022455513,-0.005283130824557326,0.5752029077536136,0.8179946941317814,0.002653711598750736,0.0,0.8179604246155121,-0.5751412515310917,-0.011577195310982337,0.0,-0.00794397827340132,0.008830037478213718,-0.9999294593356696,0.0,0.6586960280694556,0.25691727690230515,0.30383135924968097,1.0,-0.011160000000000008,-0.014667428571428585,-0.005580000000000004,0.5590000000000004
0.46270880879151294,0.5294832953230731,-0.12406370397526832,-1.3836023329556975,0.07788142471419086,1.9043600177660638,0.15721591487633774,-0.009219308166678188,-0.065600599320101,-0.0034239574607312258,-0.09849818338960889,-0.009143657436169572,0.0445353037449216,-0.0023689446028810875,0.5753020382841668,0.8179251034887366,0.0026147141776916953,0.0,0.8178903364947782,-0.5752405101182972,-0.011597408697990828,0.0,-0.007981875867961064,0.008810731955291348,-0.9999293278327427,0.0,0.6584982649544234,0.25666399339746687,0.3038130545957315,1.0,-0.011500000000000008,-0.015114285714285728,-0.005750000000000004,0.5760000000000004
0.46257840453353405,0.5284771547280296,-0.12407134568248873,-1.3851737461489595,0.07778758658817535,1.9049348901084393,0.1570901345980655,-0.010059716687321973,-0.06480957628355384,-0.000390833340702183,-0.09855869603047109,-0.004609779338647351,0.037904461752304164,-0.006692091227097564,0.5753796263066888,0.8178705142433274,0.0026181030803109195,0.0,0.8178358233530922,-0.5753181124323181,-0.011592344408815384,0.0,-0.007974948103069701,0.008811346928004865,-0.9999293776902786,0.0,0.658300405158341,0.25640934819212235,0.3038239834345781,1.0,-0.011840000000000009,-0.01556114285714287,-0.005920000000000004,0.5930000000000004
0.4624321077229891,0.5273725812533165,-0.1240723351226896,-1.3869115236584981,0.07767674828318936,1.9055943693620976,0.1569805005918246,-0.006388716992164748,-0.06411714969106205,-0.00022206228357281532,-0.09764315425837253,-0.011555764938809372,0.03644562840111071,-0.010907890730386277,0.5754660849263404,0.8178096223937692,0.0026369529610705397,0.0,0.8177752070193205,-0.5754045311142417,-0.011579432581758843,0.0,-0.007952609817469591,0.008820175302839378,-0.9999294777656665,0.0,0.658110217787313,0.256162356460049,0.3038312604351922,1.0,-0.01216000000000001,-0.0159817142857143,-0.006080000000000005,0.6090000000000004
0.4622853891807038,0.526228270208315,-0.12407618714908146,-1.3886756881407574,0.07756928491626996,1.906271937429719,0.15684374034590062,-0.010371557262003929,-0.06950724303330319,0.0027763212621184754,-0.10584212001139559,-0.005762018231994068,0.03524706367948374,-0.007363275899447786,0.5755433565411481,0.8177550947783719,0.0026826491706820254,0.0,0.8177213140950108,-0.5754816882502533,-0.01155101140917699,0.0,-0.007902235098483368,0.008841937517685389,-0.9999296849385868,0.0,0.6579064997904569,0.2558977586022741,0.30385563798067206,1.0,-0.01250000000000001,-0.016428571428571445,-0.006250000000000005,0.6260000000000004
0.46212819677757255,0.5250667005341482,-0.12408511734158321,-1.3904984782663812,0.07745863710488801,1.9069324264651812,0.1567124998453682,-0.010187904498919527,-0.06779646337521751,-0.0030078004421670627,-0.1099599039261953,-0.0020739052156356903,0.04858705067351217,-0.0025882388523614883,0.5756391654609079,0.8176876687406645,0.00267852163241287,0.0,0.8176538428270148,-0.5755775079776617,-0.011553030842539919,0.0,-0.007905226250379038,0.008840650748503681,-0.9999296726731703,0.0,0.6576895269413601,0.25561496952656043,0.30386263610054237,1.0,-0.01284000000000001,-0.016875428571428586,-0.006420000000000005,0.6430000000000005
0.4619134095425397,0.5234029793299609,-0.12409158788799325,-1.393156534203074,0.07729087069229636,1.9078856994189912,0.1565113508779302,-0.006157676039826315,-0.06904689064199572,-0.001773746209914098,-0.10898710384252992,-0.010664169014487862,0.03790331240463228,-0.005089703453678899,0.5757465093067452,0.8176121889141909,0.00264810521913599,0.0,0.8175779823300039,-0.5756849543124404,-0.011568192974328748,0.0,-0.007933974001015198,0.008825549165185298,-0.9999295783896404,0.0,0.6573780241339802,0.2552340650123496,0.303857061536437,1.0,-0.01330000000000001,-0.017480000000000016,-0.006650000000000005,0.6660000000000005
0.4618108802269642,0.5226200478347511,-0.12409121423608602,-1.3944000858927414,0.07721876768480646,1.908359482563453,0.15642142389789992,-0.003795218799039701,-0.07516866077742951,-0.0012420625344025634,-0.11592854211895695,-0.0031217328935001618,0.041183776029173086,-0.008926152204688887,0.5758070201769792,0.8175696038386354,0.0026391845810023844,0.0,0.8175352487665095,-0.5757454508750529,-0.011577552512144325,0.0,-0.00794610949147423,0.008824232329747661,-0.9999294936482971,0.0,0.6572295917938664,0.25504582960183153,0.30384457294002526,1.0,-0.01352000000000001,-0.017769142857142872,-0.006760000000000005,0.6770000000000005
0.4616422537379614,0.5213301314243779,-0.12409227966805922,-1.3964851273171184,0.07708639620139018,1.9091835355428077,0.1562760944255235,-0.008077731754936309,-0.07143985926523987,0.0007186575178957099,-0.11529662043924509,-0.004667182774568045,0.048109209395154624,-0.010621151927084356,0.5759055375713432,0.8175001330455568,0.0026629244014123622,0.0,0.8174661934199582,-0.5758439968963859,-0.01155252158998246,0.0,-0.007910911215635197,0.008830181838734352,-0.9999297202165927,0.0,0.6569748523149846,0.2547223598367064,0.30383485260300147,1.0,-0.01390000000000001,-0.018268571428571443,-0.006950000000000005,0.6960000000000005
0.4614884667077656,0.5201346919069835,-0.12410097344215308,-1.3983844873739595,0.07696199315427092,1.9098856773429773,0.15612951036531478,-0.0059342474877251035,-0.07199527296288948,0.00012744711693187452,-0.11715848483618636,-0.017004038293220742,0.04071923982517783,-0.007529192562360725,0.5759852413261937,0.8174440131588763,0.002652173886728922,0.0,0.8174100259349912,-0.5759238284367962,-0.011547304484974054,0.0,-0.007911977110916568,0.008819160282144217,-0.9999298090516724,0.0,0.6567463692526752,0.25443406957586284,0.30383151119076257,1.0,-0.01422000000000001,-0.018689142857142873,-0.007110000000000005,0.7120000000000005
0.46132889863400206,0.5188867966603464,-0.1241032286841542,-1.4003285614417769,0.07683954982727353,1.9105877676599445,0.15599121997054954,-0.01059690767259882,-0.07920263302595451,-0.00027841295147071544,-0.12072049321124592,-0.0021404458373593355,0.044740183695324724,-0.010942053983322006,0.5760743873319041,0.8173811882988696,0.0026533330939365937,0.0,0.8173472208011137,-0.576012964692142,-0.011546950093987898,0.0,-0.007910057820422034,0.008820766458222884,-0.99992981006887,0.0,0.6565079543330655,0.2541414774681981,0.3038431548860751,1.0,-0.014540000000000011,-0.019109714285714303,-0.007270000000000006,0.7280000000000005
0.4611611331866514,0.5175281374900064,-0.12411023385073534,-1.40243016421303,0.07670356167187634,1.9113441580816501,0.15583226806959027,-0.010329730673395633,-0.07754701522545959,-0.000809993244720585,-0.12546332887582629,-0.00571078986155252,0.03763263873103823,-0.008057711443132541,0.5761610392127275,0.8173200954693297,0.0026580700751220087,0.0,0.8172862402363811,-0.5760996469136342,-0.011538858153006069,0.0,-0.007899779510707805,0.008820814430757176,-0.9999298909005871,0.0,0.6562492505098702,0.25382504316537763,0.30386201833389015,1.0,-0.014880000000000011,-0.019556571428571447,-0.007440000000000006,0.7450000000000006
0.46098075894729607,0.51626248120212,-0.12411416690469614,-1.4044305584055459,0.07657251406524461,1.9120900955461888,0.15567885501287307,-0.01318209140274951,-0.08776158557962604,-0.0009515258914084764,-0.12839792367423059,-0.001379749554159983,0.04342725951395004,-0.011179275104834303,0.5762684317608356,0.8172443633792067,0.002663077548692475,0.0,0.8172106716256228,-0.5762071198313042,-0.01152476195500464,0.0,-0.0078842142983519,0.008817821660777117,-0.9999300401458375,0.0,0.6559962271017121,0.25349232634302016,0.3038667535618193,1.0,-0.015220000000000011,-0.02000342857142859,-0.007610000000000006,0.7620000000000006
0.4607917201435775,0.5148214793316227,-0.12412018927982567,-1.4067274165416042,0.0764268605822054,1.9129638425708124,0.15550276544581296,-0.0065601537465574365,-0.07621060641029735,0.0009420252022136054,-0.13173150188533578,-0.004619121927949848,0.055055488275774576,-0.006885528830846748,0.5763529950155738,0.8171847188881396,0.0026659432661559927,0.0,0.8171511227177223,-0.5762917286081304,-0.011516643618151447,0.0,-0.00787501574286581,0.008816300315990691,-0.9999301260467093,0.0,0.6557362477237815,0.2531675987094643,0.303855486016302,1.0,-0.015560000000000011,-0.020450285714285733,-0.007780000000000006,0.7790000000000006
0.46060649656202407,0.5134991418382929,-0.12411814914692498,-1.4088458722679533,0.07631142744355073,1.9137124976383253,0.1553447499308975,-0.010301331732739248,-0.07658419119564891,0.0017706887304811448,-0.1271186908535734,-0.007169727301112842,0.047575542663148784,-0.0011486150310834318,0.5764538941445027,0.8171136555686933,0.0026322442921823917,0.0,0.8170794277176524,-0.5763925081004129,-0.011559944096641796,0.0,-0.007928734942189819,0.008814697160706625,-0.9999297156681473,0.0,0.6554699689308042,0.2528454686814903,0.303838753519971,1.0,-0.015880000000000012,-0.020870857142857163,-0.007940000000000006,0.7950000000000006
0.46040977400518174,0.5120932744052069,-0.12412663123667014,-1.4111395147037225,0.07616691253791633,1.9145114404442432,0.15517741914470515,-0.012778851412530833,-0.0818779610489777,0.0006648203979049106,-0.13573073792099788,-0.010376416130071025,0.04796013218341336,-0.0067707302208022,0.5765648468775726,0.8170356293260269,0.0025504231164074414,0.0,0.8170003180269063,-0.5765036976912644,-0.01160662713458882,0.0,-0.008012853820241417,0.00877583865591594,-0.999929386921667,0.0,0.6551803025101912,0.2524888052940129,0.30380143557184097,1.0,-0.016220000000000012,-0.021317714285714304,-0.008110000000000006,0.8120000000000006
0.46021683916222444,0.5106526405789004,-0.12413154108044354,-1.4134406221956837,0.07603134873899464,1.9153815556907274,0.1549886693248806,-0.015774885994201307,-0.08637031337304972,-0.0009959976768126168,-0.138606756612127,-0.006822193104806652,0.04707515974486224,-0.009915871716018846,0.5766555489357688,0.8169715958496915,0.0025566301265457798,0.0,0.8169363385763369,-0.5765943381526384,-0.011607533115087328,0.0,-0.008009040596044126,0.008782321521848976,-0.9999293605537432,0.0,0.6549008391585327,0.252142518681219,0.3037905169936042,1.0,-0.016560000000000012,-0.02176457142857145,-0.008280000000000006,0.8290000000000006
0.4600212567020763,0.5091889611182872,-0.12413261794708301,-1.4157912349328914,0.07588639830989799,1.9162637008870322,0.15480219098801248,-0.008301652478575783,-0.08733786363483328,-0.0011076977721740954,-0.14239431760589594,-0.008633873708026162,0.04582797049560679,-0.010078313116499545,0.5767471040047791,0.8169069916603143,0.002547920682342362,0.0,0.8168716199535151,-0.5766859099491589,-0.011613125412170298,0.0,-0.00801764775161945,0.008779329574511163,-0.9999293178503934,0.0,0.6546119525921837,0.25179055732687783,0.30377261136232514,1.0,-0.016900000000000012,-0.02221142857142859,-0.008450000000000006,0.8460000000000006
0.45982387982169387,0.507759507559457,-0.12413268219500734,-1.418034781305248,0.07573643458430607,1.9170613863317716,0.15463696390779338,-0.011235694724596205,-0.08463442431694772,-0.003946392648542109,-0.13566090026778593,-0.004682050143470279,0.05195720344194516,-0.011050811246366825,0.5768545296284623,0.8168312522350777,0.0025107609222488813,0.0,0.8167954647192318,-0.576793522404243,-0.011625326997906561,0.0,-0.008047894719995563,0.008757069272161438,-0.9999292700628073,0.0,0.6543134047497882,0.2514205654872242,0.3037641822166953,1.0,-0.017240000000000012,-0.022658285714285735,-0.008620000000000006,0.8630000000000007
0.4596015848091723,0.5062102588848987,-0.12413875321582336,-1.4204427635867993,0.07558064367962883,1.9179371232222613,0.15443937168791377,-0.020081439486801824,-0.09607481737023948,-0.00029758147678727085,-0.1487822791792743,-0.015272444374945508,0.04939417980593427,-0.008142174913479213,0.5769556530004495,0.8167597582281596,0.0025335175371836473,0.0,0.8167242846899577,-0.5768945751958872,-0.011612011386576884,0.0,-0.008022805553146162,0.008768969740337612,-0.9999293673858917,0.0,0.6540353015187093,0.2510638656166326,0.30378696760703716,1.0,-0.017560000000000013,-0.023078857142857165,-0.008780000000000007,0.8790000000000007
0.4593889389767178,0.5046001048918031,-0.12414476439671553,-1.4229003233420756,0.07542722449924293,1.9188950910390927,0.15424766797817735,-0.013207782531755483,-0.09532949369802952,0.0010250035896577372,-0.14268013508861108,-0.011304568667440888,0.05572346671496522,-0.02062389391242566,0.577062408988455,0.8166840581662066,0.0026214825625319876,0.0,0.8166498141213839,-0.5770011193785808,-0.011555787839093492,0.0,-0.00792498191518598,0.00880941362411175,-0.9999297919820388,0.0,0.6537427539805201,0.25069104907751133,0.30382563993845135,1.0,-0.017900000000000013,-0.023525714285714306,-0.008950000000000007,0.8960000000000007
0.4591567432643921,0.5029300412739597,-0.12415431259504428,-1.4253728374824433,0.07527990539646114,1.919842973710912,0.1540399435544798,-0.009834148128163155,-0.09808805295096677,-0.0016635652649787892,-0.14612575145608322,-0.008501910757265703,0.05401891527964182,-0.012713126570863601,0.577176408115566,0.8166030911692717,0.0027445052034935262,0.0,0.8165704705262616,-0.5771147395372138,-0.01148873250718483,0.0,-0.007797990208787131,0.008872278086522467,-0.9999302345815226,0.0,0.6534504777865472,0.2503027785486836,0.3038975979505394,1.0,-0.018240000000000013,-0.02397257142857145,-0.009120000000000007,0.9130000000000007
0.4589415123227474,0.5013333561738784,-0.12415472911539087,-1.4277504438270965,0.07512181435192934,1.9207141636895722,0.1538588778079358,-0.014471180520351122,-0.09771151350413874,-9.815422701715067e-05,-0.14936699700788636,-0.011368933515631542,0.05764339707849022,-0.01746901948408586,0.5772945339625543,0.8165193564851498,0.002812195448893106,0.0,0.8164877081659044,-0.5772327499693055,-0.011442101121331087,0.0,-0.007719554357354108,0.008901756837776387,-0.9999305811933771,0.0,0.65313757126294,0.2499093881751791,0.30395671058803964,1.0,-0.018580000000000013,-0.024419428571428592,-0.009290000000000007,0.9300000000000007
0.4586947557294907,0.4995074257784616,-0.12415292265397977,-1.430497195762099,0.07494416379635654,1.9216870114312308,0.15364879398077824,-0.012057086911057729,-0.10392193143993854,-0.00011034070711822627,-0.14971611859704964,-0.006257875120349236,0.05686581759372655,-0.012788879995231414,0.5774031825075716,0.8164423765667908,0.0028561297776625296,0.0,0.8164112538233939,-0.5773412015339858,-0.011425784131326486,0.0,-0.007679680810399936,0.008929232528332207,-0.9999306432493733,0.0,0.6528082305336421,0.24951004705074573,0.30400657875194703,1.0,-0.018920000000000017,-0.02486628571428574,-0.009460000000000008,0.9470000000000007
0.4584597473088743,0.49795060349561204,-0.12415793428713813,-1.4329623326905447,0.07478763632107874,1.9226197924488777,0.1534508092242998,-0.017027312447772804,-0.10123928712792998,-0.0006153201932746631,-0.15885398856034477,-0.014152216271047622,0.06281329005130405,-0.011128270936702198,0.5775199624540436,0.816359728126686,0.002869522819491206,0.0,0.8163288329117652,-0.5774579896521338,-0.011412871901478557,0.0,-0.007660127605224942,0.008933807569763363,-0.9999307523660718,0.0,0.652508645857019,0.24911985580228116,0.3039998469884472,1.0,-0.019240000000000014,-0.025286857142857166,-0.009620000000000007,0.9630000000000007
0.45819488754821835,0.49627741464336245,-0.12415293503649028,-1.4356378494532323,0.07462938733375583,1.9235747926144902,0.15323380766123945,-0.015722516423937086,-0.09992697979880345,0.0006424502411230534,-0.16359104681168954,-0.00847785236069673,0.05461086022383924,-0.015257635948452922,0.5776479881610603,0.8162692739641407,0.0028321470199838767,0.0,0.8162377383985622,-0.5775859303264487,-0.011454012578115708,0.0,-0.007713898776211092,0.008928264497282304,-0.9999303885064884,0.0,0.6521698435138554,0.2486940599584027,0.3039751521198288,1.0,-0.019580000000000014,-0.025733714285714308,-0.009790000000000007,0.9800000000000008
0.45792361711264273,0.49461650755910697,-0.12415862357919127,-1.4383652684795802,0.07446112359251068,1.924519354789302,0.153019513722627,-0.01639685769885632,-0.09830784542877986,-0.00018569337158019208,-0.15768568132535693,-0.0038687625393908575,0.056048667101502504,-0.00955540095034216,0.5777903054743794,0.816168906297981,0.002725104289599863,0.0,0.8161358775339858,-0.5777284431127662,-0.011524856681921467,0.0,-0.007832010205240603,0.008883176872242021,-0.999929871933428,0.0,0.651819312360557,0.2482494196597069,0.3039160591469547,1.0,-0.019920000000000018,-0.026180571428571456,-0.009960000000000009,0.9970000000000008
0.45763316391697584,0.49280467796802235,-0.12419771515289074,-1.4412577497260595,0.07427758531131273,1.9255597535507218,0.1528294834517275,-0.015856414824668506,-0.12161751135180157,-0.007952196432309586,-0.18668453247276523,-0.014282805474910976,0.0672107333377608,-0.01034177408056828,0.577995666112094,0.8160236473904807,0.002676519452889543,0.0,0.8159901168446451,-0.5779340790471785,-0.01153587400072316,0.0,-0.007866845634005748,0.008851869024242273,-0.9999298761185949,0.0,0.6514635591998814,0.24775924199314273,0.3038920730668163,1.0,-0.02580399999999977,-0.03391382857142828,-0.03612805084799892,1.0139999999999993
