position_joint1,position_joint2,position_joint3,position_joint4,position_joint5,position_joint6,position_joint7,velocity_joint1,velocity_joint2,velocity_joint3,velocity_joint4,velocity_joint5,velocity_joint6,velocity_joint7,ee_T_00,ee_T_10,ee_T_20,ee_T_30,ee_T_01,ee_T_11,ee_T_21,ee_T_31,ee_T_02,ee_T_12,ee_T_22,ee_T_32,ee_T_03,ee_T_13,ee_T_23,ee_T_33,v_x,v_y,time
0.465063929619,0.547736592289,-0.123987702897,-1.35582554803,0.0795739119943,1.89411084374,0.159176478868,-0.000177523571613,1.83500797625e-05,-0.00125998393032,-0.000268430617905,0.000299742263576,0.000207956446806,0.00183308092683,0.573846497018,0.818948587139,0.00203872104814,0.0,0.818905942861,-0.57378691043,-0.0119325214382,0.0,-0.00860249574609,0.00851712039103,-0.999926725179,0.0,0.661680237932,0.260898656498,0.303250521759,1.0,0.0,0.0,0.0
0.465066944057,0.547735155566,-0.123987170368,-1.35582554802,0.0795695953377,1.89411013095,0.159175725059,0.000448410465998,-8.94365974573e-05,-5.03646453379e-06,-0.00046597213341,2.98228068074e-05,-5.02500568303e-05,-4.8316803203e-05,0.573841887675,0.818951820807,0.00203716645781,0.0,0.818909191691,-0.573782343147,-0.011929180956,0.0,-0.0086006999112,0.0085138819741,-0.999926768206,0.0,0.661679467393,0.260900230228,0.303251451968,1.0,-0.00012,-0.000157714285714,0.007
0.465063766984,0.547731481834,-0.123988108972,-1.35582561975,0.0795689186408,1.89410931715,0.159176376542,-2.95088227843e-05,0.000357643693423,-0.00031429716247,-0.00202090710624,-0.000409257781235,-0.000329043955045,-0.00758312799997,0.573845491081,0.818949291145,0.00203906842159,0.0,0.818906697192,-0.573785948532,-0.0119270056235,0.0,-0.00859778952656,0.00851422911093,-0.999926790279,0.0,0.661680468664,0.260897460201,0.303253979461,1.0,-0.00046,-0.000604571428571,0.024
0.465065873836,0.547715437794,-0.123985363939,-1.35584185044,0.079569944836,1.89411643747,0.159172097655,0.00122644391649,-0.00156756636326,0.000697391879456,-0.000129238859888,-0.000274720040875,0.00473918042321,-0.00166383475,0.57383952296,0.818953453516,0.00204689165897,0.0,0.818910930891,-0.57377991856,-0.0119264087644,0.0,-0.00859287375571,0.00852023071072,-0.999926781414,0.0,0.661677355344,0.260899378268,0.303258149679,1.0,-0.00082,-0.00107771428571,0.042
0.46506276751,0.547646074092,-0.123988856597,-1.35592001242,0.0795709116807,1.89412516702,0.159169712675,0.000221435004588,-0.00556032418092,-0.000403904171928,-0.00407527290533,9.45987507861e-05,0.000514537350196,0.000926471475486,0.573851316807,0.818945151358,0.00206207848273,0.0,0.818902772462,-0.57379159466,-0.011924850201,0.0,-0.00858276019658,0.00853189704256,-0.999926768799,0.0,0.661665192573,0.260889883086,0.303278427011,1.0,-0.00114,-0.00149828571429,0.058
0.46506518175,0.547499439459,-0.123982869986,-1.356104206,0.0795700285535,1.89415558033,0.159168216245,0.000398746092137,-0.00932721733703,0.000114933422236,-0.0109194421266,-0.00034643747545,0.000391685192921,-0.00152617159723,0.573849404184,0.818946513299,0.00205342985113,0.0,0.818903843448,-0.573789540998,-0.0119500932604,0.0,-0.00860841637614,0.00853927990236,-0.999926485231,0.0,0.661630325365,0.260874728181,0.303289606745,1.0,-0.00148,-0.00194514285714,0.075
0.465044048698,0.547349500089,-0.123983654444,-1.35630705893,0.0795652171302,1.8942202424,0.159161688743,-0.00418907472897,-0.0113544768942,0.000547800580268,-0.0109422862085,0.000305195398204,0.00643272203376,-0.00105826101848,0.573871896659,0.818930715301,0.00206800917741,0.0,0.818888160857,-0.573811896096,-0.0119513517477,0.0,-0.00860084636124,0.00855217778292,-0.999926440143,0.0,0.661606634756,0.260841794952,0.3033048995,1.0,-0.00182,-0.002392,0.092
0.465029062184,0.547184952444,-0.123983920751,-1.35650487925,0.0795619492041,1.8943407744,0.159150992008,-0.00196647656818,-0.0109318294407,0.00079629965491,-0.0133010422177,0.000196397147138,0.00371909088234,0.000118904443225,0.573886070519,0.81892058232,0.00214588397283,0.0,0.818879037645,-0.573825743992,-0.0119115129228,0.0,-0.00852338373333,0.00859323619417,-0.999926751428,0.0,0.661593819801,0.260818075224,0.30333776932,1.0,-0.00214,-0.00281257142857,0.108
0.465001246974,0.54698607844,-0.123983199916,-1.35674929079,0.0795601527501,1.89445761239,0.159132952299,-0.00268174849919,-0.0115178917295,-0.000404994846839,-0.0163655513837,-8.91450504039e-05,0.0142303191584,-0.000330142071377,0.573906886817,0.818905813519,0.00221376375111,0.0,0.818865076971,-0.573846207767,-0.0118853880884,0.0,-0.00846281640351,0.00863404613302,-0.999926914322,0.0,0.661573514294,0.260781343254,0.303372419011,1.0,-0.00248,-0.00325942857143,0.125
0.464963014011,0.546754888196,-0.123985337517,-1.35710665299,0.0795529979099,1.89460568642,0.159100694179,-0.00434911469188,-0.0107617671104,0.000391318469216,-0.0221605639339,0.000501426740906,0.0144837151374,-0.00373115145271,0.573931494781,0.818888498815,0.00223890807595,0.0,0.818847994405,-0.573870615167,-0.0118838549068,0.0,-0.00844687117837,0.00865401061459,-0.99992687656,0.0,0.661538036287,0.26072432594,0.303378983095,1.0,-0.00284,-0.00373257142857,0.143
0.46493275195,0.546491454096,-0.12398073085,-1.35747692663,0.0795454569371,1.89473821148,0.158981180326,-0.00168718571449,-0.0208141726882,0.00174009199366,-0.022031138429,0.000188179646381,0.00603818039762,-0.00464417382829,0.573873836552,0.818928816213,0.0022716951907,0.0,0.818888573549,-0.573812664454,-0.0118860054101,0.0,-0.00843042718162,0.00868149990597,-0.999926777048,0.0,0.66149371688,0.260674259122,0.303400648322,1.0,-0.00316,-0.00415314285714,0.159
0.464889492344,0.546219192285,-0.123981073104,-1.35792411915,0.0795349263449,1.89489868507,0.158936789549,-0.00170181974069,-0.0129785069641,0.00139715927784,-0.0299296656486,0.000641706492481,0.00375270685687,0.000343168403093,0.573895379945,0.818913729782,0.00226780822507,0.0,0.818873281349,-0.573834060913,-0.0119065750692,0.0,-0.00844927487043,0.00869034330197,-0.999926541146,0.0,0.661442212971,0.260605123518,0.303394523567,1.0,-0.0035,-0.0046,0.176
0.464838041717,0.545887100923,-0.123989263078,-1.35847567655,0.0795141980448,1.895088214,0.158899728296,-0.00197972529484,-0.0185968068666,-0.00130321853918,-0.0325070421387,8.4620727988e-05,0.0150291102517,-0.00807009116252,0.573938188049,0.818883786745,0.00224655427781,0.0,0.81884296553,-0.57387685041,-0.0119291771045,0.0,-0.00847952748403,0.00868635269853,-0.999926319731,0.0,0.661378587013,0.260514743832,0.303383832684,1.0,-0.00386,-0.00507314285714,0.194
0.464778423362,0.545568500727,-0.12398673773,-1.35903330134,0.0794810681459,1.8952758515,0.15879856201,-0.00656704755535,-0.0215109102101,0.000645451323357,-0.0346407312702,-0.00315755072247,0.0150923414519,-0.0035813800016,0.573924729154,0.818893336704,0.00220346749437,0.0,0.818851895933,-0.573863508927,-0.0119579492616,0.0,-0.00852795957247,0.00866744320172,-0.999926071934,0.0,0.661313139194,0.260422132371,0.303360138417,1.0,-0.00418,-0.00549371428571,0.21
0.464719826237,0.545196283481,-0.123988842337,-1.35966768438,0.0794291867097,1.89547392719,0.158721346916,-0.000997433942658,-0.0209923882482,-0.000223743641543,-0.0384442498463,-0.00328469659909,0.0105170454029,-0.00177951493831,0.573932428384,0.818888106131,0.00214107180746,0.0,0.818845920518,-0.573871533607,-0.0119819976726,0.0,-0.00858338047674,0.0086302310949,-0.999925919601,0.0,0.661235333407,0.260316783415,0.303338866326,1.0,-0.0045,-0.00591428571429,0.226
0.464649253187,0.544777196274,-0.123988880386,-1.3603666422,0.0793928605504,1.89571276093,0.158665382031,-0.00588562342185,-0.0255212749566,0.00194949044832,-0.041778424492,6.86649483632e-05,0.0111218912534,-0.00770528710101,0.573973705034,0.818859259277,0.00210863170277,0.0,0.818816562161,-0.573912851869,-0.0120092835958,0.0,-0.00862390827257,0.00861976151912,-0.999925661196,0.0,0.661153747157,0.260202956733,0.303323504218,1.0,-0.00484,-0.00636114285714,0.243
0.464584737246,0.544332481315,-0.123995892438,-1.36111169126,0.0793640552507,1.89598124443,0.158543767316,-0.000843053374063,-0.0279130622378,-0.00209796306023,-0.0470522387299,-0.00174612275599,0.0147020506844,-0.0114904447536,0.573965784573,0.818864863741,0.00208805451293,0.0,0.81882176217,-0.573904883682,-0.0120354968507,0.0,-0.00865726748555,0.00861787378919,-0.999925389202,0.0,0.661067663903,0.260087196236,0.303307122728,1.0,-0.00518,-0.006808,0.26
0.464513982672,0.543825883244,-0.123993209481,-1.36191547404,0.0793268203958,1.89626573303,0.158453117331,-0.00367767422585,-0.0287298090514,0.000995478093114,-0.0475333558684,-8.33797585371e-05,0.0167799955059,-0.00321904857869,0.573982449576,0.818853193026,0.00208392679195,0.0,0.818809895818,-0.573921423112,-0.0120541073921,0.0,-0.00867470111185,0.00862535203251,-0.999925173632,0.0,0.660972660521,0.259966498742,0.303307580551,1.0,-0.00552,-0.00725485714286,0.277
0.464441942347,0.543309190985,-0.124001314781,-1.36276051668,0.0792799866363,1.8965500803,0.158331638102,-0.0016925311067,-0.0283482713672,-0.000431168607694,-0.0486998218324,-0.00683389806563,0.010912571063,-0.00254015317969,0.573982096602,0.818853533475,0.00204704574479,0.0,0.818809702198,-0.573921176579,-0.0120789719343,0.0,-0.00871623376129,0.00860942031034,-0.999924949759,0.0,0.660871617005,0.259832375657,0.303295812743,1.0,-0.00586,-0.00770171428571,0.294
0.464367659596,0.542778295363,-0.124004529909,-1.36359052403,0.0792313166135,1.89685011453,0.158254458304,-0.00341893628368,-0.0339935139139,9.54785869564e-05,-0.0572134812719,-0.000406611394341,0.0149301700358,-0.0140156290176,0.574015158136,0.818830356835,0.00204740243806,0.0,0.818786519236,-0.573954221525,-0.0120803316227,0.0,-0.00871679480616,0.00861084476792,-0.999924932603,0.0,0.660776987763,0.259702354202,0.303302382006,1.0,-0.00618,-0.00812228571429,0.31
0.464294880782,0.542194954122,-0.124004186139,-1.36451271874,0.0791779947427,1.89718581719,0.158108665626,-0.00527003355776,-0.0350791884513,0.000392092397955,-0.057559937645,-0.000810001538211,0.0218232102703,-0.00984159259709,0.57399217289,0.81884647276,0.00204607210466,0.0,0.818802574099,-0.573931201809,-0.0120858239065,0.0,-0.00872229758548,0.00861266325181,-0.999924868956,0.0,0.660668528358,0.259566807798,0.303305074009,1.0,-0.00652,-0.00856914285714,0.327
0.464207522022,0.541523057906,-0.124005216158,-1.36551672449,0.0791138066503,1.89755872858,0.157973449948,-0.00234055457172,-0.0447506795217,0.00107206690406,-0.0559288566744,-0.000656042328724,0.0228036372999,-0.00544174508486,0.57399230935,0.818846294126,0.00207901523803,0.0,0.818802863463,-0.573931233749,-0.0120646845335,0.0,-0.00868607767344,0.00862750587328,-0.99992505629,0.0,0.660555510219,0.259413065084,0.303334612184,1.0,-0.00688,-0.00904228571429,0.345
0.464125015338,0.540903729325,-0.124008412453,-1.36648397344,0.0790608427703,1.89791355908,0.157875588637,-0.00352392721537,-0.0392221391155,-0.000535553272545,-0.0618370606097,-0.00318384428712,0.0200266813789,-0.000683540841585,0.574021492646,0.818825817404,0.00208653669395,0.0,0.818782441434,-0.57396033785,-0.0120661126942,0.0,-0.00868262245133,0.00863479387413,-0.99992502339,0.0,0.660444416637,0.259265536939,0.303342912974,1.0,-0.0072,-0.00946285714286,0.361
0.464040726063,0.540195502755,-0.124014092597,-1.36755680671,0.0789983617769,1.89830724607,0.157719507635,-0.00288589569173,-0.0440248487851,-0.00046783902032,-0.0667778503297,-0.00249517140991,0.0245525282599,-0.00403396753585,0.57400940708,0.818834225069,0.00211171499731,0.0,0.818791174225,-0.573948142704,-0.0120536052298,0.0,-0.00865805629145,0.00864810289622,-0.999925121385,0.0,0.660320418236,0.259105133086,0.3033671357,1.0,-0.00754,-0.00990971428571,0.378
0.46393957262,0.53945591489,-0.124011953028,-1.36870701129,0.0789306430838,1.89874221474,0.157578862113,-0.00718660812682,-0.0431360928724,-0.000642142121068,-0.068192878799,-0.00481670505653,0.0261916048048,-0.00422686869813,0.574021202346,0.818825900949,0.00213309465096,0.0,0.81878310829,-0.573959824768,-0.0120452493579,0.0,-0.00863881784961,0.00866093713747,-0.999925176698,0.0,0.660190255167,0.258931316123,0.303379903949,1.0,-0.00788,-0.0103565714286,0.395
0.463843297235,0.538742303812,-0.124017210025,-1.3698062276,0.0788640598252,1.89917673669,0.157439041572,-0.0105285909159,-0.042552669358,-0.00114793184451,-0.0671758855628,-0.00299025435309,0.026775790259,-0.00849026096817,0.57403237752,0.818817964376,0.00217202080344,0.0,0.818775742654,-0.573970898008,-0.0120182520903,0.0,-0.00859424944684,0.00867743083487,-0.999925417754,0.0,0.660071259748,0.258762304696,0.303398672033,1.0,-0.0082,-0.0107771428571,0.411
0.463727669879,0.537957706067,-0.124017727107,-1.37102560982,0.0787939958129,1.89964156678,0.157295982283,-0.00947830556845,-0.0455647109597,1.43168919352e-05,-0.0694187232997,-0.0048956132429,0.0201344290898,-0.00568456965008,0.574051494875,0.818804489222,0.00219921861437,0.0,0.818762601374,-0.573989878345,-0.0120070416968,0.0,-0.0085692554034,0.00869346556489,-0.999925492984,0.0,0.659926577988,0.258562994961,0.303414198077,1.0,-0.00856,-0.0112502857143,0.429
0.463616385213,0.53709745185,-0.124023691473,-1.37236158522,0.0787105649454,1.90013546853,0.157128193029,-0.00844454914187,-0.0462220257069,0.000154922645015,-0.0764007193405,-0.00786746255337,0.0283126025166,-0.00489865545641,0.574068170518,0.818792767504,0.00221051611767,0.0,0.818751072606,-0.574006551333,-0.0119961257973,0.0,-0.00855365499193,0.00869662386909,-0.999925599092,0.0,0.659782583521,0.258367270647,0.30342726935,1.0,-0.0089,-0.0116971428571,0.446
0.463498481144,0.536307546071,-0.12402260734,-1.37360879047,0.078648089315,1.90060910268,0.156969281306,-0.00883236570636,-0.048523454399,0.00124027168079,-0.0803215767684,-0.00230548360785,0.0286011703669,-0.00670079605952,0.574085874927,0.81878029997,0.00223058100742,0.0,0.818738751353,-0.574024053016,-0.0119996038873,0.0,-0.00854479663373,0.00871523400048,-0.999925512799,0.0,0.659642253184,0.258174456376,0.303432282869,1.0,-0.00922,-0.0121177142857,0.462
0.463385637564,0.535421997034,-0.124029817416,-1.37499692095,0.0785635718578,1.90110829929,0.156804237374,-0.00488750589519,-0.0548734428774,0.00130803897935,-0.0782744526911,-0.00724188795434,0.0295602248027,-0.0113815904383,0.574101753393,0.818769180468,0.0022254814994,0.0,0.818727570804,-0.574039956105,-0.0120016874091,0.0,-0.00854926106173,0.00871242058821,-0.999925499156,0.0,0.659478339455,0.2579628915,0.303440023478,1.0,-0.00956,-0.0125645714286,0.479
0.463270597588,0.534593029664,-0.124037199786,-1.37635418508,0.0784931567061,1.90159276682,0.15663428604,-0.00802891952531,-0.0490688654263,0.000399313657091,-0.085561984162,-0.00803803915567,0.033491169195,-0.0125589289474,0.574116320174,0.818759059552,0.00219093896968,0.0,0.818716853927,-0.574054517369,-0.0120362404995,0.0,-0.00859722806234,0.00870412834613,-0.999925160109,0.0,0.659306055107,0.257743792144,0.303418090586,1.0,-0.0099,-0.0130114285714,0.496
0.463136305797,0.533627296646,-0.124041816952,-1.37792119822,0.0784056123698,1.90216038581,0.156441886588,-0.00896367049584,-0.056028333157,3.1728726814e-06,-0.0848222310394,-0.00562375954841,0.0291468842352,-0.00606406604264,0.574135606931,0.818745604374,0.00216496493465,0.0,0.818702999727,-0.574073850571,-0.0120565015282,0.0,-0.00862852399978,0.00869469750853,-0.99992497259,0.0,0.659131304092,0.257513790122,0.303405816623,1.0,-0.01024,-0.0134582857143,0.513
0.463015016006,0.532746954269,-0.124040004903,-1.37934581823,0.0783286552228,1.90271257448,0.156258215927,-0.00553449048016,-0.0582968274451,-0.00526501237096,-0.0930492335973,-0.00502899667042,0.0343793077473,-0.0138414345191,0.57414076536,0.818741960966,0.00217481178143,0.0,0.818699407684,-0.574078888796,-0.0120605223072,0.0,-0.00862610823257,0.00870512222596,-0.999924902732,0.0,0.658967981949,0.257302350684,0.303396329069,1.0,-0.01056,-0.0138788571429,0.529
0.462885954569,0.531765925669,-0.124046039372,-1.38090124361,0.0782330609157,1.90328595508,0.156058571803,-0.00101622293225,-0.0621179730377,-0.000871477706288,-0.0943465757252,-0.005674728353,0.0333038926571,-0.00411029298401,0.574146470116,0.818737970997,0.00217085301033,0.0,0.81869538424,-0.574084627962,-0.01206045865,0.0,-0.00862826822253,0.00870190463994,-0.999924912102,0.0,0.658785492682,0.257065489568,0.303397433323,1.0,-0.0109,-0.0143257142857,0.546
0.462769096411,0.530891446827,-0.124045703606,-1.38233102159,0.0781452425381,1.90379339447,0.155878776428,-0.0110731381089,-0.0621325925677,0.000346675814453,-0.101085511258,-0.00058193652968,0.0354345334365,-0.0120219602545,0.574148933576,0.818736353945,0.00212877953432,0.0,0.818693166004,-0.574087218536,-0.0120876942792,0.0,-0.00867469663478,0.00868312121344,-0.999924673685,0.0,0.658610925735,0.256850699696,0.303377142136,1.0,-0.0112,-0.01472,0.561
0.462621798741,0.529801329342,-0.124044634117,-1.38407114416,0.0780458949855,1.90441266251,0.155639766906,-0.0113813504279,-0.060096922862,-0.00061318229501,-0.100561397233,-0.00393821029811,0.0390151093159,-0.0152028538147,0.574140907909,0.818742040258,0.00210624798952,0.0,0.818698430511,-0.574079163815,-0.0121136474061,0.0,-0.00870896698221,0.00867948955017,-0.99992440732,0.0,0.658399745995,0.256588028097,0.30337053294,1.0,-0.01156,-0.0151931428571,0.579
0.462495784467,0.528802961321,-0.124044339846,-1.38564193255,0.0779404509205,1.90500431445,0.155435152697,-0.0112388703367,-0.0640533517088,0.00115946360503,-0.099165758539,-0.00185696543006,0.0455838168398,-0.0133795079104,0.57412967469,0.818749877653,0.00212164663318,0.0,0.81870657751,-0.574067973738,-0.0120933192995,0.0,-0.0086836014994,0.00868030665187,-0.99992462083,0.0,0.658203011395,0.256338831479,0.303381612619,1.0,-0.0119,-0.01564,0.596
0.462348482925,0.527692904852,-0.124044344119,-1.38736206971,0.0778339206649,1.90567103527,0.155192292079,-0.0117400793689,-0.0649793052513,-0.000343850079395,-0.106985763226,-0.00570590823451,0.0378374749363,-0.0150399299394,0.574119711042,0.818756759955,0.00216155577137,0.0,0.818714006733,-0.57405786638,-0.012070133726,0.0,-0.0086418118692,0.00869956516695,-0.9999248155,0.0,0.658017961681,0.256096419023,0.303397797108,1.0,-0.01222,-0.0160605714286,0.612
0.462205385693,0.526528913261,-0.124052466684,-1.38915201874,0.0777187256793,1.90634622627,0.154946211143,-0.0127025968538,-0.0695417803792,-0.000750178678964,-0.106615583763,-0.0105862625068,0.0431321656976,-0.017902778095,0.574106866294,0.818765671136,0.00219744055842,0.0,0.818723487062,-0.574044973288,-0.012040235746,0.0,-0.00859686751093,0.00871164593639,-0.999925097742,0.0,0.657808583251,0.255827538861,0.303423768334,1.0,-0.01256,-0.0165074285714,0.629
0.462047064174,0.525347346406,-0.124055584507,-1.39098800644,0.0776100625176,1.90700985543,0.154707279321,-0.00983740107116,-0.0719599825148,2.31115473709e-05,-0.109016319673,-0.00841797098387,0.0423732201427,-0.0206664984633,0.574114569541,0.818760262551,0.00220009303187,0.0,0.818718079048,-0.574052629897,-0.0120429252979,0.0,-0.00859746501563,0.00871544261346,-0.99992505952,0.0,0.657576677606,0.255528526696,0.303435403101,1.0,-0.01292,-0.0169805714286,0.647
0.461896830177,0.524250842338,-0.124064489763,-1.39273273409,0.0774899245361,1.90764172628,0.15445232429,-0.00956279476363,-0.0670686477737,-0.000989481078343,-0.109391801074,-0.0101531498431,0.0398557058182,-0.0236809616037,0.574094585081,0.818774322712,0.00218237238806,0.0,0.818732004787,-0.574032820549,-0.0120404389887,0.0,-0.00860581458935,0.00869929643431,-0.999925128296,0.0,0.657380335038,0.255273445914,0.303434448892,1.0,-0.01322,-0.0173748571429,0.662
0.4617306447,0.522986778506,-0.124065594937,-1.39477870987,0.0773672991474,1.90840443384,0.154194149819,-0.0068832083053,-0.0711228313541,0.000433714406679,-0.117644570539,-0.00969939658132,0.0446308490053,-0.00870767250683,0.574096916891,0.818772735133,0.00216451403886,0.0,0.818730143546,-0.574035186483,-0.0120541955265,0.0,-0.00862730552352,0.00869259673655,-0.999925001368,0.0,0.657133795146,0.254969233671,0.303415419121,1.0,-0.01358,-0.017848,0.68
0.461580155572,0.521808354766,-0.124068689133,-1.39661902431,0.0772576178814,1.90912655251,0.153943699382,-0.00344489938118,-0.0741884112805,-0.0008346301424,-0.114426801081,-0.00503261052132,0.0436696917266,-0.0231504334709,0.574086490016,0.818779913506,0.00221407349196,0.0,0.81873800266,-0.574024587007,-0.0120251158968,0.0,-0.00857515583036,0.00871637050291,-0.999925243,0.0,0.656920430954,0.254696815088,0.303430264286,1.0,-0.0139,-0.0182685714286,0.696
0.461422870218,0.52063607025,-0.124071641627,-1.39850180938,0.0771326882164,1.90984079067,0.153673626109,-0.00937479537819,-0.0761217738845,-1.47470447438e-05,-0.115402226667,-0.0134102769167,0.0470563634074,-0.023395438407,0.574063180634,0.818796270336,0.00220889685263,0.0,0.818754388782,-0.574001400577,-0.0120162342896,0.0,-0.00857110295295,0.00870678930066,-0.999925361222,0.0,0.656697236212,0.254411967293,0.303419587544,1.0,-0.01422,-0.0186891428571,0.712
0.461236010421,0.519243071796,-0.124073941521,-1.40068588137,0.0770023851616,1.91061493933,0.153383368567,-0.0123684034094,-0.072263506898,-0.000399754985027,-0.121352058964,-0.0109099026705,0.0381046890152,-0.0150576243876,0.57406109209,0.818797768676,0.0021962378783,0.0,0.818755623911,-0.573999265727,-0.0120340416888,0.0,-0.00859297299482,0.00870662485796,-0.99992517495,0.0,0.65642762504,0.25407849261,0.30342530035,1.0,-0.01458,-0.0191622857143,0.73
0.461059548621,0.517873155848,-0.124084021708,-1.40279229617,0.0768625056942,1.91137378342,0.153099728422,-0.00953350610316,-0.0814948903225,-0.00117075481528,-0.126365828736,-0.00841686464783,0.0457962904044,-0.0251471895386,0.57405431714,0.818802488259,0.00220750861489,0.0,0.818760585196,-0.573992540546,-0.0120172554804,0.0,-0.00857283026478,0.00870614605433,-0.999925352015,0.0,0.656171560915,0.253753704272,0.303450209487,1.0,-0.01492,-0.0196091428571,0.747
0.460889336648,0.516610852947,-0.124086560191,-1.40480468294,0.0767323589676,1.91210610227,0.152814534843,-0.00833590814798,-0.0786192806828,-0.00020361994684,-0.129501144907,-0.00705423905865,0.0467365278486,-0.0219716572724,0.574033304121,0.818817274306,0.00218722615306,0.0,0.818775127374,-0.573971635937,-0.0120249256034,0.0,-0.00859097643599,0.00869372152907,-0.999925304375,0.0,0.655925059341,0.25344697402,0.303441492752,1.0,-0.01524,-0.0200297142857,0.763
0.460699524533,0.515224477207,-0.124093768746,-1.40697109007,0.0765953837264,1.91292901286,0.152522412627,-0.0111441664256,-0.0779155103353,-0.00044007152193,-0.128871020034,-0.0125514270108,0.0469024079084,-0.0144456679543,0.574037672164,0.818814157704,0.00220748293932,0.0,0.818772323024,-0.573975967596,-0.0120091037258,0.0,-0.00856634692469,0.00870127140823,-0.999925450009,0.0,0.655653578753,0.253090582874,0.303445007164,1.0,-0.0156,-0.0205028571429,0.781
0.460503557151,0.513740478312,-0.124099996065,-1.40935817313,0.0764528295596,1.91376852992,0.152193008132,-0.0130424713151,-0.0855959161967,-0.000856120769632,-0.134098300503,-0.00289805872962,0.0467359234779,-0.0197191831919,0.574014327109,0.818830638348,0.00216445788962,0.0,0.818788154483,-0.573952716782,-0.0120409251443,0.0,-0.00861734784671,0.00868406322047,-0.999925161381,0.0,0.655367242318,0.25275115233,0.303431065619,1.0,-0.01594,-0.0209497142857,0.798
0.460337312221,0.512510784373,-0.124097902374,-1.41136248986,0.0763310756322,1.9144748978,0.151915798441,-0.0112447374844,-0.0811033656099,0.000973031289805,-0.130760812399,-0.00635506899069,0.0540316008608,-0.0194557262391,0.573994149547,0.818844932501,0.00210706050499,0.0,0.818801578516,-0.57393266514,-0.0120837827982,0.0,-0.00868560068324,0.00866145185787,-0.999924766966,0.0,0.655111809721,0.25245003899,0.303399826589,1.0,-0.01624,-0.021344,0.813
0.460123292467,0.510978475012,-0.124101090527,-1.41379697255,0.0761838129971,1.91539383771,0.151570582869,-0.0130048913917,-0.0880190562012,0.0011987822799,-0.131413769047,-0.0108427657377,0.0481838347133,-0.0153950065345,0.573976798287,0.818857062666,0.00211963477774,0.0,0.818813854553,-0.573915243796,-0.0120793804056,0.0,-0.00867496226748,0.00866903731896,-0.999924793583,0.0,0.65481816243,0.252077774648,0.303393945928,1.0,-0.0166,-0.0218171428571,0.831
0.459921968836,0.509486417607,-0.124106685225,-1.41615853312,0.0760299621618,1.91627701492,0.151245423375,-0.0118476916461,-0.0875321998236,0.000284679734493,-0.141969758706,-0.00233675136935,0.0498698923323,-0.0196662259299,0.573960983697,0.818868137819,0.00212343109243,0.0,0.818825059674,-0.573899495356,-0.0120680479565,0.0,-0.00866367072738,0.00866547410461,-0.999924922366,0.0,0.654530403155,0.251717165437,0.303391021224,1.0,-0.01694,-0.022264,0.848
0.45971312982,0.507988660383,-0.124112750619,-1.41852508016,0.0758750067215,1.91711598036,0.15091298871,-0.0104206403056,-0.0896893374685,9.22634677638e-05,-0.138056743077,-0.00828301370827,0.043992393337,-0.0185193612983,0.573944913192,0.818879482682,0.00209197612762,0.0,0.818836008626,-0.573883576587,-0.012082152232,0.0,-0.0086934432029,0.00864764169035,-0.999924818343,0.0,0.654233839725,0.251347814081,0.303385375193,1.0,-0.01728,-0.0227108571429,0.865
0.459507936498,0.506549367573,-0.12411597723,-1.42079934025,0.0757324606937,1.91795619815,0.150601316987,-0.0129294539847,-0.0941020918931,-0.00164808633024,-0.143929595926,-0.00713940228056,0.060385905352,-0.0212284031476,0.573939327801,0.818883394369,0.00209316296052,0.0,0.818839933852,-0.57387798485,-0.012081727324,0.0,-0.00869247309624,0.00864831038594,-0.999924820994,0.0,0.653954918296,0.250994796357,0.303382309639,1.0,-0.0176,-0.0231314285714,0.881
0.459261467958,0.50474747506,-0.124116389849,-1.42355745641,0.0755586006862,1.91902766692,0.150218775211,-0.0150845492,-0.0964090142664,-0.00121185908948,-0.146188741688,-0.0070479768774,0.0586592442878,-0.0229109582541,0.573923831494,0.818894010678,0.00218673734184,0.0,0.818851859528,-0.573862181516,-0.0120239625082,0.0,-0.00859163043671,0.00869161991173,-0.999925317026,0.0,0.653626115824,0.250574447947,0.303421707081,1.0,-0.01798,-0.0236308571429,0.9
0.45906651542,0.503294250949,-0.12411497557,-1.42573756068,0.0754247764805,1.91984178452,0.149917162811,-0.0121768475438,-0.0939508714968,0.00232991689311,-0.145166064031,-0.0120173575957,0.0561684542114,-0.00984310608941,0.573911406135,0.818902514097,0.00226212632081,0.0,0.818861331097,-0.57384942984,-0.0119874604058,0.0,-0.00851860557408,0.00873227615102,-0.999925587588,0.0,0.653358932869,0.250241977953,0.303469590347,1.0,-0.01828,-0.0240251428571,0.915
0.458818940598,0.501480789888,-0.124131675105,-1.42842220388,0.075250846931,1.92081643427,0.149542196851,-0.0174080797996,-0.101377844478,-0.000371929951425,-0.148215214931,-0.00427766324581,0.0513015152074,-0.0243147135253,0.573909239609,0.818903801344,0.0023442986655,0.0,0.81886379848,-0.573847043557,-0.0119330231637,0.0,-0.00842689141568,0.00876830237714,-0.999926049453,0.0,0.653030347402,0.249813988948,0.303542675224,1.0,-0.01864,-0.0244982857143,0.933
0.45858005146,0.499769580441,-0.124129588836,-1.43102667318,0.075086357182,1.92174033822,0.149177639898,-0.01014133042,-0.0967134994183,-0.00151142895995,-0.15698111008,-0.0127022341849,0.056645054561,-0.0126076437042,0.573892969093,0.8189151268,0.00237108084419,0.0,0.818875406255,-0.573830598955,-0.0119272643748,0.0,-0.00840698033733,0.00878676212719,-0.999926055013,0.0,0.652700094053,0.24940906013,0.303576942032,1.0,-0.01898,-0.0249451428571,0.95
0.458348237601,0.498207542145,-0.124132371235,-1.43349493551,0.074928222457,1.92266062086,0.148810332348,-0.0127224319407,-0.0941845883943,0.000169604928125,-0.15533927788,-0.0112321801507,0.0553428812038,-0.0253598990302,0.573866859465,0.818933403482,0.0023780602758,0.0,0.818893800492,-0.573804492828,-0.0119203367001,0.0,-0.00839758191347,0.00878823420365,-0.99992612105,0.0,0.65239593607,0.249020915783,0.303571330552,1.0,-0.0193,-0.0253657142857,0.966
0.458081647553,0.49652217003,-0.124132371341,-1.43616342621,0.0747681188812,1.92361579159,0.148421102509,-0.0124503352938,-0.0932408236715,-0.00108879762169,-0.153448523909,-0.0113632200733,0.0574212556798,-0.0229127743106,0.573858347915,0.818939427699,0.00235736929598,0.0,0.818899411148,-0.573795914481,-0.0119477967844,0.0,-0.00843203533275,0.00878696042848,-0.999925842304,0.0,0.652060571976,0.248591808722,0.303558759865,1.0,-0.01964,-0.0258125714286,0.983
0.457813960274,0.49484741685,-0.124129839287,-1.43890745363,0.0746001213751,1.92455408624,0.148035456207,-0.0186047263107,-0.101874081617,0.000157229574953,-0.164775392412,-0.0105738452268,0.0563781023491,-0.0150007207314,0.573852757809,0.818943651499,0.00224831600795,0.0,0.818901988668,-0.573790539478,-0.0120289925937,0.0,-0.00856116949249,0.00874418937638,-0.999925119961,0.0,0.65170207482,0.24815220721,0.303500763897,1.0,-0.01998,-0.0262594285714,1.0
0.457500448254,0.492664880454,-0.124198586057,-1.44221146674,0.0744083704659,1.92574598929,0.147558409935,-0.0180268117486,-0.172520072739,-0.00705564822242,-0.239932114813,-0.0114162631847,0.0914343622163,-0.0315936143569,0.573889893948,0.818917494697,0.0022963894392,0.0,0.818876608251,-0.573827625651,-0.0119876353259,0.0,-0.00849931622714,0.00876021102227,-0.999925507389,0.0,0.651334745126,0.24763240749,0.303546636825,1.0,-0.0343885714286,-0.0451964081633,1.016
0.457129899956,0.489454763954,-0.124263097554,-1.44716274754,0.0741548908305,1.92769140605,0.146797025486,-0.0299772946051,-0.228137801994,-0.00512297119046,-0.362294865725,-0.0143672356183,0.143302150683,-0.0512666297603,0.573785147936,0.818990269004,0.00250802409825,0.0,0.818952013143,-0.573721917046,-0.0118957543148,0.0,-0.00830375850575,0.00887972949593,-0.999926096268,0.0,0.650640104217,0.246809704114,0.303606977366,1.0,-0.0516788571429,-0.0679207836735,1.034
0.456416868155,0.484397633011,-0.124335766696,-1.45512489576,0.0737115259132,1.93074053553,0.145583387239,-0.0449140084743,-0.31242271406,-0.00923651396582,-0.491061853265,-0.0318074562366,0.179631586312,-0.0771751562583,0.57370906898,0.819043231397,0.00261460775223,0.0,0.819006267797,-0.573645337593,-0.0118535593242,0.0,-0.00820887803209,0.008942046783,-0.999926324346,0.0,0.64969792577,0.245613398483,0.303589374929,1.0,-0.0680085714286,-0.0893826938775,1.051
0.455591990757,0.479025465792,-0.12449377135,-1.46375500918,0.0732019073597,1.93368508735,0.144270339724,-0.0599889300074,-0.387166478554,-0.019159916295,-0.613715055298,-0.0416318727446,0.201839960521,-0.0884961292355,0.573708160621,0.81904470854,0.00233639712459,0.0,0.819003921426,-0.573645315158,-0.01201565595,0.0,-0.00850125983621,0.00880716784604,-0.999925078381,0.0,0.6485708519,0.244151812913,0.303467198887,1.0,-0.0824171428571,-0.108319673469,1.066
0.45435029023,0.471109826964,-0.124667935999,-1.47624067379,0.0724694027903,1.93800204799,0.142468759541,-0.0711661581204,-0.461815047267,-0.00538268138697,-0.733991687753,-0.0362151956319,0.252341312424,-0.0969370123419,0.573780098524,0.818994897767,0.00212199668577,0.0,0.818950825797,-0.573717666273,-0.0121791311267,0.0,-0.00875738787245,0.00872612200085,-0.999923578556,0.0,0.646931579765,0.242047037774,0.30338059617,1.0,-0.0997074285714,-0.13104404898,1.084
0.452944980543,0.462231924568,-0.124790568825,-1.48974864598,0.0716523075502,1.94303035483,0.140274737774,-0.0894316896286,-0.541357585832,-0.00433211129112,-0.809205099278,-0.0569288469596,0.307039770789,-0.142690637235,0.573635927044,0.819094969544,0.00244968846516,0.0,0.819055309963,-0.573572262918,-0.0120002222356,0.0,-0.00842441050616,0.00889036011897,-0.999924992589,0.0,0.645093461473,0.23965361244,0.303508378513,1.0,-0.116997714286,-0.15376842449,1.102
0.451447017433,0.453471328076,-0.124925065481,-1.50345411667,0.0707729589312,1.94778402992,0.138169312509,-0.109644782234,-0.603788579585,-0.00915317239023,-0.935347710913,-0.0597868280218,0.320526680036,-0.148929492378,0.573638426115,0.819093716904,0.00227726039873,0.0,0.819051511869,-0.57357517291,-0.0121197701125,0.0,-0.0086212135076,0.00881772919334,-0.999923958274,0.0,0.643373755108,0.237431138896,0.30343298629,1.0,-0.130445714286,-0.171442938775,1.116
0.449472376338,0.442180815294,-0.125101893154,-1.52057248092,0.0696063729399,1.95391574304,0.135501454787,-0.123983086105,-0.685320408275,-0.00355327149996,-1.04836202543,-0.0624459783279,0.364410567823,-0.167050227544,0.573653864782,0.819082327731,0.00247602914376,0.0,0.81904345128,-0.573590558711,-0.0119349392464,0.0,-0.0083556317511,0.0088746703449,-0.999925709063,0.0,0.641112663777,0.234419710872,0.303559112407,1.0,-0.146775428571,-0.19290484898,1.133
0.447190866222,0.429691977248,-0.12525674063,-1.53954255259,0.0683453439792,1.96045324583,0.132416402823,-0.141746107423,-0.752086569796,-0.0110056243391,-1.14758977277,-0.0682119654393,0.391460913275,-0.18828818708,0.573594691284,0.819123677909,0.00250545810512,0.0,0.819084944737,-0.573531021102,-0.011948558108,0.0,-0.00835054969173,0.00890598398061,-0.999925473107,0.0,0.638504566293,0.23104686917,0.303624011939,1.0,-0.163105142857,-0.214366759184,1.15
0.444722437403,0.416913221285,-0.125429481001,-1.55875806384,0.066986169358,1.96708108368,0.129218558447,-0.160516412587,-0.827125933007,-0.0133806829536,-1.20884604672,-0.0898478501821,0.432616364868,-0.196609462705,0.573562338232,0.81914600325,0.00261082778399,0.0,0.81910907475,-0.573498731917,-0.0118437769905,0.0,-0.00820463412638,0.00893186912078,-0.999926450142,0.0,0.635844859878,0.227523926612,0.303738277095,1.0,-0.178474285714,-0.234566204082,1.166
0.441574529051,0.40143316004,-0.12562198816,-1.58200998135,0.0653813272951,1.97515298271,0.12530419503,-0.187858730954,-0.851886416313,-0.00855867495692,-1.32744327812,-0.0867306102361,0.44066723903,-0.236357516531,0.57357828509,0.819134178338,0.00280992040452,0.0,0.819099986373,-0.573514115905,-0.0117268103987,0.0,-0.00799445610197,0.00902802338054,-0.999927289089,0.0,0.632772248898,0.223445065248,0.303819655463,1.0,-0.194804,-0.256028114286,1.183
0.437996689122,0.384713667814,-0.125824800302,-1.6068462318,0.0635925248929,1.98364612291,0.120982626607,-0.202523225519,-0.947022380985,-0.00956357566729,-1.42228158271,-0.102724257904,0.475481972948,-0.258720600495,0.573590417216,0.819124658882,0.00309408966168,0.0,0.819094331319,-0.57352549985,-0.0115639233432,0.0,-0.00769790365252,0.00916748342001,-0.999928347196,0.0,0.629010872482,0.218456510103,0.303991070415,1.0,-0.213054857143,-0.280014955102,1.202
0.434940008691,0.370869173297,-0.126007905972,-1.62722755443,0.0620784867126,1.99045546264,0.117287296654,-0.226533869744,-1.01239731409,-0.0174041811003,-1.50624186487,-0.115549006995,0.492441408275,-0.267060023998,0.573534388647,0.819163189379,0.00327431024127,0.0,0.819135440888,-0.57346922435,-0.0114422509345,0.0,-0.00749549892644,0.00924480594873,-0.999929173021,0.0,0.62600098083,0.21448832619,0.304132001858,1.0,-0.226502857143,-0.297689469388,1.216
0.430533055524,0.352316979481,-0.126252941402,-1.65476478353,0.0599271308507,1.99947209469,0.112283883423,-0.259732583872,-1.04397203791,-0.0167622737643,-1.57155435695,-0.123612229335,0.502616554062,-0.30149743289,0.573586131762,0.81912726368,0.003197224962,0.0,0.819098980714,-0.573521754359,-0.0114194558253,0.0,-0.00752045432568,0.00916906173402,-0.999929683065,0.0,0.621834331352,0.208965743134,0.304129142847,1.0,-0.243793142857,-0.320413844898,1.234
0.425879005158,0.333765674136,-0.126505231681,-1.68196667661,0.0578698448701,2.00828970758,0.107093724657,-0.286920737227,-1.09649508781,-0.0118456944977,-1.67683239963,-0.124315691693,0.527725956033,-0.311585470649,0.57365109115,0.819081355284,0.00330241566301,0.0,0.819054090582,-0.573585978319,-0.0114135480242,0.0,-0.00745454858853,0.0092524294735,-0.999929408636,0.0,0.617628634311,0.203374400335,0.304178316206,1.0,-0.260122857143,-0.341875755102,1.251
0.421189114864,0.315499711685,-0.126688421841,-1.70852543751,0.0557040452362,2.01671853209,0.101882223246,-0.299136019532,-1.15146524289,-0.0153007958022,-1.69439598094,-0.138369336241,0.53176137099,-0.329284029001,0.573552115608,0.819150523772,0.00333721257236,0.0,0.819123846489,-0.573487087824,-0.0113767795567,0.0,-0.00740558919366,0.00925894464574,-0.999929712126,0.0,0.613379639537,0.19788305404,0.30422137746,1.0,-0.275492,-0.3620752,1.267
0.415672553343,0.295319375029,-0.126907864912,-1.73778569328,0.0532463593801,2.02572765918,0.0958322579288,-0.338076691705,-1.20665682266,-0.0188494486113,-1.7666491689,-0.153019638587,0.516891697128,-0.359888829154,0.573394287994,0.819261595905,0.00318980766877,0.0,0.819232931586,-0.573329610286,-0.0114589997331,0.0,-0.00755925276024,0.00918389729926,-0.999929254362,0.0,0.608564922275,0.191648737903,0.304179814156,1.0,-0.291821714286,-0.383537110204,1.284
0.409615147399,0.274274888111,-0.127162129233,-1.7677537368,0.0507758966268,2.03481841125,0.0894792591972,-0.371248922465,-1.24720131757,-0.0174282523423,-1.76729355494,-0.151784993456,0.518094100841,-0.38238233204,0.573401119856,0.819256367347,0.0033026066206,0.0,0.819228474526,-0.573335258701,-0.0114949797075,0.0,-0.00752397935661,0.00929700261687,-0.999928475181,0.0,0.603527867191,0.18508124672,0.304250500477,1.0,-0.308151428571,-0.404999020408,1.301
0.40330460013,0.253651613802,-0.127508559106,-1.79671835838,0.0482224512559,2.04351249054,0.0830608900288,-0.41172143739,-1.30805502406,-0.0211860026017,-1.80117690311,-0.150838443083,0.550120521649,-0.402747655847,0.573497170582,0.819188311866,0.00350027687482,0.0,0.819163446461,-0.573431324541,-0.0113362655943,0.0,-0.00727950802354,0.00936879548998,-0.99992961474,0.0,0.598590843849,0.178458434421,0.304375168787,1.0,-0.323520571429,-0.425198465306,1.317
0.395617198014,0.229706889999,-0.127862894543,-1.83013684985,0.0451916893886,2.05334172156,0.0753071495627,-0.432143957275,-1.35090897997,-0.0189081251969,-1.88344350549,-0.164084944158,0.563079650154,-0.445612530596,0.57349508355,0.819188928722,0.00369257426095,0.0,0.819166872086,-0.57342917168,-0.0111967693749,0.0,-0.0070549755397,0.00944630856616,-0.999930494872,0.0,0.592718764732,0.17069400748,0.304448239205,1.0,-0.340810857143,-0.447922840816,1.335
0.387755960881,0.206353600448,-0.128138991113,-1.86233239093,0.0421875006052,2.06234397522,0.0674613361617,-0.479382646841,-1.38481696312,-0.0174117828615,-1.90705814731,-0.187870743106,0.515907398103,-0.466998168188,0.573375950173,0.819272019126,0.00375836945445,0.0,0.819250483844,-0.573309453589,-0.0112099085155,0.0,-0.00702939098294,0.00950672097428,-0.999930102517,0.0,0.586833221682,0.163076179492,0.304499463669,1.0,-0.357140571429,-0.46938475102,1.352
0.379661001895,0.183703533511,-0.128521234605,-1.89334348393,0.0391692616352,2.0706169922,0.0595242929956,-0.521782597024,-1.43153564648,-0.0271225234784,-1.94830374423,-0.186575277808,0.505904271862,-0.504533979814,0.573331365021,0.819303912488,0.00360440939786,0.0,0.819280012064,-0.573264766783,-0.0113364853073,0.0,-0.0072218848969,0.00945276516573,-0.999929242301,0.0,0.580997356453,0.15545887209,0.304464500021,1.0,-0.372509714286,-0.489584195918,1.368
0.370219319288,0.158923648288,-0.129027470352,-1.92658809569,0.0358421240196,2.0792730639,0.0505470428869,-0.56407496893,-1.48556178505,-0.0235949416174,-1.93032400834,-0.196554998623,0.498525052405,-0.538969068681,0.573465849502,0.81920946076,0.00367773823692,0.0,0.8191864459,-0.573398957039,-0.0113114907191,0.0,-0.00715780675306,0.00949968984809,-0.999929258345,0.0,0.574625062974,0.146933981688,0.304541638087,1.0,-0.388839428571,-0.511046106122,1.385
0.359470015273,0.131935954855,-0.129507397442,-1.96239619016,0.0320901734512,2.08833576978,0.0403798613635,-0.609851125675,-1.50380589987,-0.0317547172917,-2.00325273374,-0.209012221671,0.500395149868,-0.587882258491,0.573438866254,0.819227942114,0.00376728405158,0.0,0.819206253346,-0.573371976001,-0.011244488307,0.0,-0.00705187968557,0.00953439284614,-0.999929680701,0.0,0.567534457936,0.137624791496,0.304575335832,1.0,-0.406129714286,-0.533770481633,1.403
