position_joint1,position_joint2,position_joint3,position_joint4,position_joint5,position_joint6,position_joint7,velocity_joint1,velocity_joint2,velocity_joint3,velocity_joint4,velocity_joint5,velocity_joint6,velocity_joint7,ee_T_00,ee_T_10,ee_T_20,ee_T_30,ee_T_01,ee_T_11,ee_T_21,ee_T_31,ee_T_02,ee_T_12,ee_T_22,ee_T_32,ee_T_03,ee_T_13,ee_T_23,ee_T_33,v_x,v_y,time
0.465099940378,0.547592476662,-0.123984262032,-1.35574188879,0.079460029133,1.8940868503,0.15916437062,0.00125019176411,-0.000270522155844,-0.0019742663739,4.72482264508e-05,-4.39665594814e-05,-0.000144390935328,8.54930161719e-05,0.57376950726,0.819002236511,0.0021531439984,0.0,0.818962153194,-0.573710548626,-0.0117449960401,0.0,-0.0083840580192,0.00850242773388,-0.999928705605,0.0,0.661694666089,0.260916247033,0.303390026946,1.0,0.0,0.0,0.0
0.465097845191,0.547592476627,-0.123978971345,-1.35573538049,0.0794571640733,1.89408721061,0.159162752062,0.000325060937409,-0.000469845795855,0.000437476403269,0.00234574874892,-0.00028459240058,0.000176063306574,-0.00126051672687,0.57376508823,0.819005318138,0.00215853918417,0.0,0.818965311088,-0.57370611575,-0.0117413323994,0.0,-0.00837800784871,0.00850469907635,-0.999928737,0.0,0.661695722608,0.260918256298,0.303392975906,1.0,-8e-05,-0.000105142857143,0.005
0.465094597682,0.547589678591,-0.123982058402,-1.35574757241,0.0794551165996,1.89408685175,0.159162144832,0.000141381025846,-0.000726709284964,3.25868175713e-05,-0.000697607838775,-0.000170907729299,0.000170394876946,-0.00113907452865,0.573769525072,0.819002235473,0.00214878788926,0.0,0.818962122642,-0.573710610581,-0.0117440999886,0.0,-0.00838582318542,0.00849834618327,-0.999928725501,0.0,0.661694600901,0.260912552468,0.303389221822,1.0,-0.0004,-0.000525714285714,0.021
0.465093923099,0.547582992876,-0.123980045527,-1.35575463126,0.0794557268951,1.89409003115,0.159162144814,0.000738276520733,0.000701919800933,-0.00188388279741,-0.000511853024155,2.23113688546e-06,0.000287257720094,-0.00127702454592,0.573769227819,0.819002434574,0.00215227108662,0.0,0.818962348515,-0.573710281283,-0.0117444355372,0.0,-0.0083841026671,0.00850138837114,-0.999928714068,0.0,0.661693473178,0.260912836204,0.303390808917,1.0,-0.00074,-0.000972571428571,0.038
0.465098228827,0.547510639581,-0.123977531132,-1.35580862667,0.079456443353,1.89409980865,0.15916480267,0.00122757975327,-0.00389833202012,0.000558980763683,-0.00559844333166,-8.69786403423e-05,0.000230888398732,5.27045074043e-05,0.573769193325,0.819002384318,0.00218040671013,0.0,0.81896260398,-0.573710078575,-0.0117365209826,0.0,-0.00836147834776,0.008519889768,-0.999928746041,0.0,0.661683216586,0.260912464713,0.303417131034,1.0,-0.00106,-0.00139314285714,0.054
0.465096014956,0.547386341908,-0.123977393096,-1.35596550839,0.0794562149076,1.89413612143,0.159167533907,-0.000392849573185,-0.0107748326534,-0.0033793190716,-0.0132976244131,6.02199838465e-05,0.00106081003053,0.00174724194929,0.573781679999,0.818993610925,0.00218994579335,0.0,0.818953845207,-0.573722415932,-0.0117446063964,0.0,-0.00836249761416,0.00853246879377,-0.999928630258,0.0,0.66165833546,0.260896517783,0.303433656769,1.0,-0.0014,-0.00184,0.071
0.465080907893,0.547228417881,-0.123980687963,-1.35616899671,0.0794492854497,1.89418994424,0.159162736293,-0.00180016060117,-0.0134979077276,-0.000568343142789,-0.0135686526505,6.07066134224e-05,0.00146450922847,0.0019945235994,0.573801787286,0.818979495393,0.00220043958444,0.0,0.818939808961,-0.573742422506,-0.0117460127864,0.0,-0.00835741899317,0.00854207516466,-0.9999285907,0.0,0.661631672609,0.260865065916,0.303453435954,1.0,-0.00174,-0.00228685714286,0.088
0.465057083454,0.547059332982,-0.123977274373,-1.35637727139,0.0794460273667,1.89431066225,0.159149928737,0.00106345845246,-0.0122727351026,-8.89610521304e-05,-0.0101715240277,-0.000380336733463,0.00692534697377,0.00138277168418,0.57381944638,0.81896691947,0.0022747903861,0.0,0.81892815824,-0.573759757592,-0.0117114948404,0.0,-0.00828630320832,0.00858333864273,-0.999928829206,0.0,0.661618074376,0.260836459015,0.303484436528,1.0,-0.00208,-0.00273371428571,0.105
0.465029682185,0.546857856844,-0.123975410856,-1.35661178689,0.0794445972349,1.89444297463,0.159122151315,-1.84014489606e-05,-0.00704179974676,0.00164133645242,-0.0165735623635,1.06061446201e-05,0.0108140573736,-0.00383082428162,0.573830784321,0.818958716158,0.00236624092267,0.0,0.818921082937,-0.573770696114,-0.0116702657568,0.0,-0.00819994403436,0.00863468857584,-0.999929099022,0.0,0.661602802215,0.260802983487,0.30352694565,1.0,-0.00242,-0.00318057142857,0.122
0.46499172572,0.546624358801,-0.123980325838,-1.35693604906,0.079433932626,1.89457038564,0.159107045769,-0.00421286494716,-0.0133034409069,0.00033068065024,-0.0198651035245,-0.000717625517229,0.0101179431941,-0.00153665823764,0.573868250148,0.818932361727,0.00240110168697,0.0,0.818895139976,-0.573807988284,-0.0116571525525,0.0,-0.00816880541697,0.00865608689554,-0.99992916888,0.0,0.661571624052,0.260746529576,0.303549182677,1.0,-0.00278,-0.00365371428571,0.14
0.464955849675,0.54635134349,-0.12398072318,-1.35733593692,0.0794179249273,1.8947153176,0.158993861515,-0.00292410892221,-0.0188317880833,-0.000159609969252,-0.0280036547289,-0.00194347666176,0.00625038423094,-0.0157173425187,0.573823294086,0.818963801418,0.00242198930526,0.0,0.818926771707,-0.573762879033,-0.0116553904106,0.0,-0.00815585230637,0.0086717333599,-0.999929139046,0.0,0.661526330282,0.260685931346,0.303564755583,1.0,-0.00312,-0.00410057142857,0.157
0.464917566391,0.546084715206,-0.123982478531,-1.35775156242,0.0793916083116,1.89485908801,0.158946154361,-0.00129693814334,-0.0161288567324,0.000390254471325,-0.0318406007569,-0.00229292080945,0.0137531051197,-0.00221981775521,0.573833003976,0.818957013905,0.00241657285992,0.0,0.818919918006,-0.57377261148,-0.0116578346553,0.0,-0.00816085925908,0.00866879682962,-0.999929123657,0.0,0.661478513462,0.260619252781,0.303568221623,1.0,-0.00344,-0.00452114285714,0.173
0.464878868448,0.545801816067,-0.123982505137,-1.3582247536,0.0793556071681,1.89502512348,0.158912409111,-0.00477365877684,-0.0155547783327,-0.000174568884202,-0.0286353336182,-0.00527511740751,0.0114807106412,-0.0011401285976,0.573853963088,0.818942402644,0.00239104600703,0.0,0.818905025698,-0.57379371303,-0.0116653621728,0.0,-0.00818145007739,0.00865242049146,-0.999929097234,0.0,0.661422574336,0.260546625009,0.303557649923,1.0,-0.00376,-0.00494171428571,0.189
0.464819320349,0.545469211543,-0.123986043738,-1.35879937473,0.0792967083283,1.89522239226,0.158817586166,-0.00418330207651,-0.0201841993722,-0.00106994276614,-0.0374992906329,-0.00158859174246,0.00676295510914,-0.00998309125301,0.573843992851,0.818949541302,0.00233828392943,0.0,0.818911679457,-0.573784145554,-0.0116688671583,0.0,-0.00821470131876,0.00861112313268,-0.999929181113,0.0,0.661358358862,0.260445199285,0.303536756556,1.0,-0.0041,-0.00538857142857,0.206
0.464760999157,0.545064212627,-0.123984885045,-1.3594975542,0.0792733973628,1.89544911797,0.158734151873,-0.00469945328374,-0.0233499814815,0.000204956209297,-0.0439474956981,-0.000260518901692,0.0179661514924,-0.00319756547291,0.573855285638,0.818941758898,0.00229206894831,0.0,0.818903078476,-0.573795379105,-0.0117199779186,0.0,-0.00828296023244,0.00860271922301,-0.999928690353,0.0,0.661270081403,0.260341354272,0.303510741877,1.0,-0.00446,-0.00586171428571,0.224
0.464705627629,0.544694677678,-0.123986757422,-1.36010126277,0.0792509717997,1.89565198905,0.158685230644,-0.00540632189794,-0.029641994349,-0.000170791326709,-0.0397206216783,-0.000381116496051,0.0126611137854,-0.0065146901604,0.573889504957,0.818917834146,0.00227242588298,0.0,0.818878754642,-0.573829518747,-0.0117480003131,0.0,-0.00831682204571,0.00860306099656,-0.999928406343,0.0,0.661197624098,0.26024698398,0.303502588324,1.0,-0.00476,-0.006256,0.239
0.464649129685,0.544262581051,-0.123987448068,-1.36082819561,0.0792112578267,1.8958911218,0.158565839919,-0.00327971734387,-0.0257586991198,0.000229929355123,-0.0429610722525,-0.00447853766716,0.0115188207025,-0.008611039875,0.573868329831,0.818932796835,0.00222737190799,0.0,0.818893047391,-0.573808430933,-0.0117816987552,0.0,-0.00837049589142,0.00858528845003,-0.999928111226,0.0,0.661106630166,0.260138411841,0.303483105527,1.0,-0.0051,-0.00670285714286,0.256
0.464580277233,0.543753173441,-0.12399149253,-1.36166529946,0.0791750610959,1.89620028855,0.158485900617,-0.00607820467896,-0.0273519261934,-0.00164040339004,-0.0487234964393,0.00043867303048,0.0185866784994,-0.00985079846694,0.573899149901,0.818911226745,0.00221706016094,0.0,0.818871228684,-0.573839169621,-0.011801065342,0.0,-0.0083919505054,0.00858827349662,-0.999927905764,0.0,0.661009986219,0.260012997613,0.303472047419,1.0,-0.00546,-0.007176,0.274
0.464508889714,0.543237523514,-0.123993150021,-1.362497978,0.0791206975125,1.8964887697,0.158349412511,-0.00136758796341,-0.0251449239802,-0.00116597438069,-0.0470532009569,-0.00642419726035,0.0204396478043,-0.00898093976885,0.573878786314,0.818925569148,0.00219036864815,0.0,0.818885230681,-0.573818919205,-0.0118141371574,0.0,-0.00841818610144,0.0085737082994,-0.999927810229,0.0,0.660911401817,0.259883558942,0.303465543691,1.0,-0.0058,-0.00762285714286,0.291
0.46443871895,0.542763763184,-0.123992065378,-1.3632804506,0.0790742248189,1.89676201181,0.158286182497,-0.00303093184207,-0.0283545023245,-0.000215990489123,-0.0530464142524,-0.00735242956925,0.0173536544441,-0.00100883353029,0.573914797528,0.818900413131,0.00215996603392,0.0,0.818859639172,-0.573855004667,-0.0118351956294,0.0,-0.00845250200874,0.00856126774142,-0.999927627333,0.0,0.660818733223,0.259762171872,0.303451851156,1.0,-0.0061,-0.00801714285714,0.306
0.464376518779,0.542180438974,-0.123993130051,-1.36418398175,0.0790231980595,1.89709328501,0.15814140395,0.000831963381384,-0.0347382560333,-0.000195662407636,-0.0537797275196,-0.00634305443319,0.0237487493388,-0.00337801036479,0.573884506068,0.818921611732,0.00217127505292,0.0,0.818880943592,-0.573824630483,-0.0118338740453,0.0,-0.00844524669845,0.0085694577141,-0.999927618482,0.0,0.660711192172,0.259635085562,0.303463071719,1.0,-0.00644,-0.008464,0.323
0.46428410276,0.541558982963,-0.123996359695,-1.36514001335,0.0789646795194,1.89744411503,0.158006737891,-0.00152172501697,-0.0339403438294,-0.00179379799377,-0.0570986457126,-0.00259649163954,0.0284673713978,-0.00957740529013,0.573889604825,0.818918004774,0.00218399456944,0.0,0.81887751319,-0.573829689866,-0.0118259173823,0.0,-0.00843137807105,0.00857536019732,-0.999927684916,0.0,0.66060506116,0.259481171956,0.303477944142,1.0,-0.00678,-0.00891085714286,0.34
0.464199752433,0.540906645321,-0.123997039674,-1.36615779446,0.0789058699288,1.89782382324,0.157876725903,-0.001889454572,-0.0369402053162,0.00068807290887,-0.0673053471439,-0.0071977518435,0.021786148804,-0.00954409752851,0.573893461718,0.818915267425,0.00219687897702,0.0,0.818874918145,-0.573833470053,-0.0118221817087,0.0,-0.00842088453699,0.00858380714325,-0.999927700866,0.0,0.660488425834,0.259329060915,0.303487595745,1.0,-0.00712,-0.00935771428571,0.357
0.464104721911,0.540218591916,-0.123994574085,-1.36722118248,0.0788441229994,1.89821206778,0.157746596317,-0.00632319450316,-0.0385098510471,0.000851182854283,-0.0661978008785,-0.00517516281216,0.0217891010316,-0.00867061902971,0.573905358386,0.81890689555,0.00220973732085,0.0,0.81886666398,-0.573845264436,-0.0118214215224,0.0,-0.00841275827435,0.00859402284521,-0.99992768152,0.0,0.660365926826,0.259166889869,0.30350131812,1.0,-0.00746,-0.00980457142857,0.374
0.464013029855,0.539526310694,-0.124005212744,-1.36828055072,0.0787832958556,1.89861647733,0.157619930642,-0.00497264042311,-0.048813495514,-0.00222973702287,-0.0692032078972,0.000208913180382,0.0238227612153,-0.00840861430855,0.573926606546,0.81889192186,0.00223998045524,0.0,0.818852117523,-0.573866427231,-0.0118017043537,0.0,-0.00837903210088,0.0086076905949,-0.999927847139,0.0,0.660249581858,0.259001111991,0.303521670359,1.0,-0.00778,-0.0102251428571,0.39
0.463898983097,0.538797259144,-0.124010925433,-1.36944357743,0.0787191424484,1.89905962867,0.157461816014,-0.00659970312601,-0.0391580562018,-0.00150025369337,-0.0681247183713,-0.0088405530434,0.0249613606363,-0.0123667061265,0.573941775689,0.818881267123,0.00224841588381,0.0,0.818841551011,-0.573881539862,-0.0117999764719,0.0,-0.00837261651453,0.00861376164063,-0.999927848599,0.0,0.660122594107,0.258813708373,0.303521757855,1.0,-0.00812,-0.010672,0.407
0.463782822795,0.53800638958,-0.12401161716,-1.3706366905,0.0786442564783,1.89952159735,0.157314696708,-0.00428209245368,-0.0508084390838,4.02713417998e-05,-0.0680142775361,-0.00180418278471,0.0277867791525,-0.00871226993937,0.573962800787,0.818866395993,0.00229689511954,0.0,0.818827358903,-0.573902427356,-0.0117689034226,0.0,-0.00831912601494,0.00863583960172,-0.999928104624,0.0,0.659993774383,0.258624622468,0.303552504948,1.0,-0.00846,-0.0111188571429,0.424
0.463675055127,0.537209235832,-0.124020508164,-1.37190507718,0.0785723552415,1.89999973229,0.157172194237,-0.00563856335047,-0.0501119470841,-0.000510662705952,-0.0778341223602,-0.00721840251854,0.0259695084532,-0.00174366315495,0.573991355323,0.818846367234,0.00230169130476,0.0,0.818807393278,-0.573930961001,-0.0117665466281,0.0,-0.00831414213181,0.00863870422572,-0.999928121332,0.0,0.65985018223,0.258429056709,0.303553410982,1.0,-0.0088,-0.0115657142857,0.441
0.46356664709,0.536424721382,-0.124023818781,-1.37311813624,0.0785019120262,1.90046214633,0.15702217231,-0.00482120303483,-0.048711058546,-0.000501548656728,-0.0770906706645,-0.00302155502168,0.0302993830612,-0.00319514884963,0.574007575122,0.818834916059,0.00233041774002,0.0,0.818796313992,-0.573947069022,-0.0117518107372,0.0,-0.00828541604697,0.00865393245515,-0.999928228091,0.0,0.659714482807,0.258241891969,0.303570034623,1.0,-0.00912,-0.0119862857143,0.457
0.463439845091,0.535507231326,-0.124032235415,-1.37456342179,0.0784138193189,1.90098417818,0.156835982109,-0.00889227649599,-0.048745920671,0.000557405402455,-0.0761480196881,-0.0130525530606,0.0317547704197,-0.00741705424487,0.574020599969,0.818825806929,0.00232284737223,0.0,0.818787119902,-0.573960134682,-0.0117542749223,0.0,-0.00829164149728,0.00864927997841,-0.999928216742,0.0,0.659546884572,0.258015022981,0.303575146519,1.0,-0.00948,-0.0124594285714,0.475
0.463339699189,0.534659386149,-0.124033609328,-1.37590647028,0.0783383114323,1.90147247122,0.156672937671,-0.00655348183037,-0.0505078957413,7.84897629619e-05,-0.0808887226209,-0.0112056004761,0.027429726833,-0.015109848589,0.574023469373,0.818823805714,0.00231920368421,0.0,0.818785000127,-0.57396294321,-0.0117647902206,0.0,-0.00830231317461,0.0086523614725,-0.999928101534,0.0,0.659384938495,0.257820805203,0.303576462113,1.0,-0.0098,-0.01288,0.491
0.463217285894,0.533742121476,-0.12403717944,-1.37738272204,0.078255276562,1.90200209068,0.156494800473,-0.0114645251213,-0.0530209176473,0.00103692091049,-0.0905910778088,-0.00594126606284,0.0273001166788,-0.0154965166174,0.57403888512,0.818813063788,0.00229604900285,0.0,0.818773877467,-0.573978361985,-0.0117866217439,0.0,-0.00833331785834,0.00864609061415,-0.999927897866,0.0,0.65920841874,0.257597334319,0.303566833281,1.0,-0.01014,-0.0133268571429,0.508
0.463096547381,0.532876472572,-0.124040347536,-1.37877596892,0.078186505786,1.90253363758,0.156309748847,-0.0120097193452,-0.0596200765132,0.00565496439044,-0.0859215427958,-0.00365203841738,0.0323522140683,-0.0108584620341,0.574046374123,0.818807787279,0.00230537373802,0.0,0.818768603615,-0.57398569133,-0.0117960494755,0.0,-0.00833560611716,0.0086592137834,-0.999927765235,0.0,0.659048572753,0.257386816893,0.303560313199,1.0,-0.01046,-0.0137474285714,0.524
0.462962319686,0.531835230762,-0.124035008129,-1.38041507609,0.078081484735,1.90315108741,0.156109950727,-0.0085110268106,-0.0588058689403,0.00140484394525,-0.0890667586966,-0.00232506327394,0.0345078098492,-0.0105753791115,0.574050239074,0.818805039942,0.00231872505547,0.0,0.818766050778,-0.573989526622,-0.0117866162809,0.0,-0.00832017710693,0.00866477007412,-0.999927845603,0.0,0.658856359786,0.257145478197,0.303567487445,1.0,-0.01082,-0.0142205714286,0.542
0.46282892666,0.530829790499,-0.124040028395,-1.38202690259,0.0779933684412,1.90372318625,0.155901702474,-0.0112802435477,-0.0619232435257,0.000109537997533,-0.0924560846505,-0.0068660982192,0.028200958348,-0.0112429874194,0.574056520143,0.818800707898,0.00229332261619,0.0,0.818761272122,-0.573995783369,-0.0118138413973,0.0,-0.00835698508536,0.00865966315002,-0.999927582895,0.0,0.658661265882,0.256901123633,0.303558614051,1.0,-0.01116,-0.0146674285714,0.559
0.46267723151,0.529692993685,-0.124040380138,-1.38385211173,0.0778698324077,1.90437787088,0.155658125222,-0.00790484294076,-0.0579304950982,-0.000640252711925,-0.0979761069596,-0.0079063678447,0.0363113604651,-0.0129562852128,0.574047398596,0.818807204217,0.00225685382826,0.0,0.818767352482,-0.573986864413,-0.0118257723785,0.0,-0.00838778465748,0.00863655838468,-0.999927524838,0.0,0.658441375685,0.256623747557,0.303547441551,1.0,-0.01154,-0.0151668571429,0.578
0.462565280449,0.528816663147,-0.124043546754,-1.38522745732,0.0777759727415,1.90489028771,0.155473924222,-0.0094814504119,-0.0609093376666,-2.43942467011e-05,-0.0941038688886,-0.0036225004259,0.0382087542708,-0.0159186730967,0.574039817478,0.81881250753,0.00226105350311,0.0,0.818772804298,-0.573979364675,-0.0118123143463,0.0,-0.0083744339102,0.00863219408522,-0.999927674425,0.0,0.658279732949,0.256416046229,0.303554460706,1.0,-0.01182,-0.0155348571429,0.592
0.462424017468,0.527719282359,-0.124041067413,-1.3869396321,0.0776770962223,1.90555530963,0.155229199037,-0.0089366787615,-0.0639589121321,0.00114591820088,-0.0966835831501,-0.0072490921771,0.0342797568733,-0.0165822275119,0.574019659329,0.818826515308,0.00230552250052,0.0,0.818787355247,-0.573959001812,-0.0117931348007,0.0,-0.00833341652448,0.00865739057299,-0.999927799272,0.0,0.658081665205,0.256164790503,0.303569663196,1.0,-0.01216,-0.0159817142857,0.609
0.462269372548,0.526507607375,-0.124048563419,-1.38880494093,0.0775611584568,1.90626599403,0.154985676953,-0.00802654655229,-0.0604952710842,-0.00133234800274,-0.102571563365,-0.00370434017405,0.0423296669829,-0.00195703497026,0.574021810192,0.818824881716,0.00234976735593,0.0,0.818786363731,-0.573961054601,-0.0117620265998,0.0,-0.00828252455387,0.00867578430503,-0.999928062689,0.0,0.657865934509,0.255882632205,0.303596381159,1.0,-0.01252,-0.0164548571429,0.627
0.462117147135,0.52533236331,-0.12405460125,-1.39065045241,0.077435320962,1.90693286069,0.154740655303,-0.00525395803388,-0.0691217060849,-0.000205019336947,-0.112703094687,-0.00915663652319,0.0315363208068,-0.00917488997337,0.574015485884,0.818829349495,0.00233779219089,0.0,0.81879077649,-0.573954881347,-0.0117560798652,0.0,-0.00828459549326,0.00866250135919,-0.999928160693,0.0,0.657644123752,0.255600284129,0.303602708368,1.0,-0.01286,-0.0169017142857,0.644
0.461968200584,0.524308570863,-0.124058833224,-1.39229739628,0.0773424022836,1.90750888182,0.154510003646,-0.0129089804994,-0.0684069641186,-0.000245950572501,-0.116277512297,-0.0136049611137,0.040471374851,-0.0167842277968,0.574014970087,0.818829815615,0.00230088591181,0.0,0.818790646791,-0.573954384367,-0.0117893296678,0.0,-0.00833301151736,0.00865136214605,-0.999927854824,0.0,0.65744322456,0.255341909258,0.303588871467,1.0,-0.01316,-0.017296,0.659
0.461804839313,0.523048987038,-0.124065118436,-1.39432064022,0.0772103738891,1.90826323445,0.154242250422,-0.0119022951952,-0.0737898683507,2.3856606904e-05,-0.11087251264,-0.00818841534531,0.0459471214537,-0.00672197583909,0.574006939648,0.818835490524,0.00228464350933,0.0,0.818796193674,-0.573946503179,-0.0117877739755,0.0,-0.00834114512512,0.00863708776498,-0.999927910408,0.0,0.657201377972,0.255037100649,0.303576929974,1.0,-0.01352,-0.0177691428571,0.677
0.46163255124,0.521747476026,-0.124069132607,-1.39638298398,0.0770899412669,1.90906991082,0.153950969527,-0.00617979534864,-0.0694337579759,0.000747048255684,-0.118540152953,-0.00741053507908,0.050153920667,-0.0177452730107,0.573990570806,0.818846857935,0.00232266600936,0.0,0.818808057865,-0.573929994509,-0.0117674415138,0.0,-0.00830284467503,0.00865638477788,-0.999928062299,0.0,0.656962290821,0.254729077684,0.303579961552,1.0,-0.01388,-0.0182422857143,0.695
0.461481605901,0.520574155052,-0.124076964588,-1.39828652755,0.0769717212753,1.90979276499,0.153703042919,-0.00404208028192,-0.075577315368,-0.000651712934395,-0.116560557393,-0.0069246325484,0.0483344676513,-0.0153910031184,0.573986604418,0.818849672475,0.00231057077239,0.0,0.818810764385,-0.573926125567,-0.0117678129234,0.0,-0.00831013282263,0.0086466536765,-0.999928085951,0.0,0.656735150188,0.254444758555,0.303561035566,1.0,-0.0142,-0.0186628571429,0.711
0.461312638458,0.519253243723,-0.124077910105,-1.40032650682,0.0768430969744,1.91051855791,0.153418851878,-0.0107134527365,-0.0828796064213,0.000910332925467,-0.117270274967,-0.00365750328911,0.0428405460611,-0.0133379939136,0.573966536055,0.818863727072,0.00231492460294,0.0,0.818824848529,-0.573906015084,-0.0117686100687,0.0,-0.00830849871356,0.00865047269107,-0.999928066498,0.0,0.656483181255,0.254136966868,0.303580429614,1.0,-0.01454,-0.0191097142857,0.728
0.461137709062,0.517906420253,-0.124081902343,-1.40243220722,0.0767043217344,1.91128300508,0.153142716759,-0.0120607417807,-0.0756443974832,0.000627443447679,-0.124248101634,-0.00541973815718,0.0461444724332,-0.00937331109905,0.573960628225,0.81886787364,0.00231293533734,0.0,0.81882902697,-0.573900175606,-0.0117626498766,0.0,-0.00830482199012,0.00864536295451,-0.999928141234,0.0,0.656226095379,0.253817058161,0.303589785581,1.0,-0.01488,-0.0195565714286,0.745
0.460977848622,0.516710697645,-0.124084871412,-1.40429982703,0.0765805371233,1.91196442981,0.152869786834,-0.0142870346706,-0.0735985402407,0.000494532720937,-0.130586993319,-0.00998645065504,0.0418189160267,-0.0187970790765,0.573935446261,0.818885517537,0.00231507961312,0.0,0.818846754747,-0.573875047013,-0.0117545547196,0.0,-0.00829722795048,0.00864221742623,-0.999928231468,0.0,0.655999247636,0.253530742692,0.303598841502,1.0,-0.01518,-0.0199508571429,0.76
0.460797902783,0.515342241567,-0.124090780321,-1.40648668561,0.0764462465666,1.91279468195,0.152579952944,-0.0118681260665,-0.0788449011076,-0.000156772494871,-0.132253879234,-0.0181821533632,0.0450684944612,-0.0126230980138,0.573929046763,0.818889986271,0.00232089816451,0.0,0.818851324833,-0.573868653272,-0.0117483408245,0.0,-0.0082888675388,0.00864335099853,-0.999928291008,0.0,0.65573662928,0.253202322506,0.303589786081,1.0,-0.01552,-0.0203977142857,0.777
0.460594415734,0.513853372964,-0.124091499908,-1.40886552473,0.0763051051168,1.91363630311,0.152257148033,-0.0122465938674,-0.0873328300492,0.000351756567641,-0.1344152097,-0.0110467346829,0.0525135849135,-0.0183312332856,0.573918776182,0.818897293451,0.00228211008436,0.0,0.818857997995,-0.573858395896,-0.0117842046909,0.0,-0.0083406058771,0.0086320666234,-0.999927958265,0.0,0.655438118671,0.252840078894,0.303574131991,1.0,-0.01588,-0.0208708571429,0.795
0.460400931239,0.512458709,-0.124097828699,-1.41114017924,0.0761717907942,1.91442180083,0.15194173275,-0.0101920168304,-0.0817112404084,-0.00165284054068,-0.135807739852,-0.00400366753601,0.0460028677496,-0.020769172628,0.573906567264,0.818906064389,0.00220378322902,0.0,0.818865601995,-0.573846339963,-0.011842756528,0.0,-0.00843363457338,0.00860140363008,-0.999927442199,0.0,0.655148057697,0.252489795054,0.303536933885,1.0,-0.01622,-0.0213177142857,0.812
0.460221955725,0.511185072247,-0.12409707403,-1.41316604212,0.0760424568264,1.91519274509,0.151641690706,-0.01694844087,-0.0851841687897,0.00112324549821,-0.132489727967,-0.0212772509001,0.0471202017452,-0.0249165945048,0.573878052945,0.818926016468,0.00221512980394,0.0,0.818885737005,-0.573817820686,-0.0118323832628,0.0,-0.00841892762452,0.00860444893291,-0.999927539933,0.0,0.654904876204,0.252180735092,0.303531439692,1.0,-0.01652,-0.021712,0.827
0.460031136657,0.509718931438,-0.124100028924,-1.41550067406,0.0759030830198,1.91607635342,0.151314871859,-0.00875755407697,-0.0922324610586,-0.000299821348183,-0.136119803715,-0.0081004807959,0.0484651229231,-0.0224195995718,0.573853121333,0.818943454533,0.00222717651329,0.0,0.818903297431,-0.57379280989,-0.0118299482651,0.0,-0.0084102827535,0.00861266074824,-0.999927541984,0.0,0.654619192553,0.251833710855,0.303523244775,1.0,-0.01686,-0.0221588571429,0.844
0.459838076281,0.50832041766,-0.124106615289,-1.41773365751,0.0757628292093,1.91686820151,0.151014129523,-0.00983862716888,-0.08203467396,-0.00338656170302,-0.1384163878,-0.0050134770266,0.052846998808,-0.0113693195216,0.573847622515,0.8189474142,0.00218764963267,0.0,0.818906711216,-0.573787435031,-0.0118543083835,0.0,-0.00845297207223,0.00859421311364,-0.999927340742,0.0,0.65433818429,0.251488059887,0.303507781752,1.0,-0.01718,-0.0225794285714,0.86
0.45960165656,0.506704655378,-0.124104295178,-1.4202738794,0.0755952734943,1.91778927625,0.150655108087,-0.0137213610457,-0.0888607838319,0.000739901220049,-0.137774302589,-0.0130512668959,0.0480832110561,-0.018172137007,0.573831643611,0.818958633805,0.00217894671457,0.0,0.818917837276,-0.573771512636,-0.0118563898281,0.0,-0.00845983814121,0.00858811534121,-0.999927335067,0.0,0.654024601218,0.251090091312,0.303508408292,1.0,-0.01754,-0.0230525714286,0.878
0.45939085572,0.505203186122,-0.124109997093,-1.42258454088,0.0754510942349,1.91866793741,0.150331462758,-0.0147277197277,-0.092455237226,0.000540021266027,-0.14640352642,-0.00190306225415,0.0538941656495,-0.0214426298124,0.573823745462,0.818964018148,0.00223450758604,0.0,0.818923989303,-0.573763442779,-0.011821944658,0.0,-0.00839983025671,0.00861377027055,-0.999927620287,0.0,0.653747639619,0.25073082878,0.303534387758,1.0,-0.01786,-0.0234731428571,0.894
0.459154197934,0.503460568595,-0.124113609055,-1.42521170353,0.0752849999592,1.91967088215,0.149971067927,-0.0164010141866,-0.0960222029125,-0.0010397752618,-0.146967849237,-0.00555284523969,0.0554484495634,-0.020125527508,0.573814586195,0.818970173597,0.00232858958532,0.0,0.818931477712,-0.573754037828,-0.0117594978408,0.0,-0.00829480001167,0.00865489333098,-0.999928141975,0.0,0.653450248271,0.250345514537,0.303589676366,1.0,-0.0182,-0.02392,0.911
0.458922755598,0.501773238172,-0.124119498839,-1.42772209615,0.0751215766198,1.92059681175,0.149616964126,-0.0136083990855,-0.0967863277506,0.000942499581312,-0.15080066368,-0.00939486194642,0.0550753651672,-0.0246448449833,0.573803280667,0.818977846398,0.00241435428204,0.0,0.818940292508,-0.573742444509,-0.0117111731814,0.0,-0.00820613185663,0.00869728904364,-0.999928505726,0.0,0.653125567763,0.249932712601,0.303651781689,1.0,-0.01856,-0.0243931428571,0.929
0.458712129527,0.500245367359,-0.124122774658,-1.43001132245,0.0749715975383,1.92140147847,0.149303769767,-0.015363080316,-0.100719886479,0.000621961860525,-0.148941317628,-0.00895883541505,0.0608856387929,-0.0179748187801,0.573796136107,0.818982748969,0.00244907743232,0.0,0.818945637576,-0.573735165511,-0.0116939921318,0.0,-0.008172213317,0.00871579658629,-0.999928622362,0.0,0.652819266628,0.249547074326,0.30369825914,1.0,-0.01888,-0.0248137142857,0.945
0.458479274848,0.498655225906,-0.124123723131,-1.43248240298,0.0748180768134,1.92230907615,0.148950594247,-0.0149946257564,-0.0969854514743,0.000163526418714,-0.154923185611,-0.00786277208355,0.0540106487751,-0.0175052116523,0.573783863098,0.818991283714,0.00247033402829,0.0,0.81895442371,-0.573722791023,-0.0116857968264,0.0,-0.00815343578953,0.00872838067533,-0.999928665884,0.0,0.652529769967,0.249184449361,0.303709686867,1.0,-0.01918,-0.025208,0.96
0.4582041268,0.496896580735,-0.124120219021,-1.43527874582,0.0746464725671,1.92333440121,0.148535167129,-0.0154655374294,-0.0988762318889,0.00108705262176,-0.15452008838,-0.00897251909152,0.0579653824012,-0.0210524770635,0.573761919989,0.819006686524,0.00246038633605,0.0,0.818969604472,-0.573700787274,-0.0117021593266,0.0,-0.00817277850861,0.00872940309581,-0.99992849905,0.0,0.652181859689,0.248740449271,0.303693469288,1.0,-0.01954,-0.0256811428571,0.978
0.457939947206,0.495225633271,-0.124123192828,-1.43798050603,0.0744827062111,1.92426074726,0.14813383863,-0.0146345063259,-0.094544645116,7.76292402062e-05,-0.15927422073,-0.0135142070905,0.054615778292,-0.0286869040624,0.573743648409,0.819019741098,0.00237413211732,0.0,0.818981357275,-0.57368264455,-0.0117688860403,0.0,-0.00827711096618,0.00869686099979,-0.999927924424,0.0,0.651831700587,0.248304685995,0.303652151478,1.0,-0.01988,-0.026128,0.995
0.45765567168,0.493537380062,-0.12412644613,-1.44074687201,0.0743078834674,1.925262244,0.147754359417,-0.015696071043,-0.0987238347652,-0.000532677782007,-0.163497627124,-0.0120666094908,0.0567056584323,-0.0237571622974,0.57375991282,0.819008546659,0.00230430946096,0.0,0.818969204076,-0.573699119293,-0.0118114435595,0.0,-0.00835185371436,0.008664258126,-0.999927585963,0.0,0.651485692156,0.247851624274,0.303598075239,1.0,-0.0208851428571,-0.027449044898,1.012
0.457374249905,0.491697894622,-0.12412652495,-1.44367840019,0.0741225837958,1.92634949897,0.147342633879,-0.0173033494811,-0.10320882278,0.001023322832,-0.177668761735,-0.00972977519113,0.067448462374,-0.0229700745732,0.573750065764,0.819015467263,0.00229637148827,0.0,0.818975996799,-0.573689278529,-0.01181842921,0.0,-0.0083622336183,0.00866166442896,-0.999927521683,0.0,0.651118416607,0.247388930758,0.303577199807,1.0,-0.022284,-0.0292875428571,1.029
0.457062229138,0.489764169308,-0.124137740814,-1.44680905094,0.0739215991031,1.92743602222,0.146884903974,-0.0186574460619,-0.115906944945,-0.000650958007239,-0.188920084883,-0.00834998445422,0.064979428989,-0.0310380381042,0.573740173464,0.819022669151,0.00219719614303,0.0,0.818981836194,-0.573679702886,-0.0118784419308,0.0,-0.00846838942775,0.00861476892657,-0.999927033406,0.0,0.650714271071,0.246875203642,0.30352663747,1.0,-0.0236828571429,-0.0311260408163,1.046
0.456727520455,0.487652427823,-0.124156822961,-1.45008459378,0.0737209783888,1.92865764511,0.146421617714,-0.0167600254541,-0.126750621266,-0.00103934928071,-0.193597396227,-0.0112840602618,0.0723904189709,-0.021386600523,0.573757135794,0.819010662919,0.00224277763935,0.0,0.818970441794,-0.573696501503,-0.0118527014613,0.0,-0.00842097732579,0.00863750693479,-0.99992723766,0.0,0.65031207238,0.246336489585,0.303541722248,1.0,-0.0250817142857,-0.0329645387755,1.063
0.456380708164,0.485548414628,-0.124169502431,-1.4532803967,0.0735252461327,1.92989270098,0.145945030858,-0.0218065570693,-0.134676497868,-1.69629309999e-05,-0.201562733145,-0.00787786342476,0.0780999340614,-0.0289039715876,0.573765311597,0.819004600373,0.00236192226317,0.0,0.81896599128,-0.573704281225,-0.0117834516589,0.0,-0.00829581592275,0.00869543723443,-0.999927781797,0.0,0.649931292942,0.24580481945,0.303589228767,1.0,-0.0263982857143,-0.0346948897959,1.079
0.455994510296,0.483224122257,-0.124205751867,-1.45688511911,0.0732954842167,1.93112282159,0.145395837175,-0.0201911589941,-0.140098466017,-0.00328430260097,-0.219244656344,-0.0110405559573,0.0756055548852,-0.0429355217514,0.573772329409,0.818999823284,0.00231308605868,0.0,0.818960562676,-0.573711467178,-0.0118108471521,0.0,-0.00834619842416,0.00867123049095,-0.999927572744,0.0,0.649469785022,0.245183033669,0.303594244524,1.0,-0.0277971428571,-0.0365333877551,1.096
0.455590350711,0.48074572991,-0.124237002297,-1.46070730592,0.0730578000133,1.9324901056,0.144823547673,-0.0269962882663,-0.14868665117,-0.00178372294978,-0.22719915114,-0.0108522744984,0.0904632289302,-0.028277632349,0.573779552344,0.818994717895,0.00232900688066,0.0,0.818955656583,-0.573718620092,-0.0118035761899,0.0,-0.00833103233626,0.00868017114165,-0.999927621645,0.0,0.648987658831,0.244536984425,0.303613034123,1.0,-0.029196,-0.0383718857143,1.113
0.455179778135,0.478338722159,-0.124248134906,-1.4644014213,0.0728347104344,1.93385871382,0.144271742203,-0.0213830049937,-0.151777614392,0.000649660767066,-0.232401457487,-0.0152991377704,0.0827914980669,-0.0389532840336,0.573791366388,0.818986234479,0.00240051951755,0.0,0.818948026158,-0.573730081055,-0.0117758841008,0.0,-0.00826719588913,0.00872296929347,-0.999927779031,0.0,0.648529254569,0.243915435427,0.303641401966,1.0,-0.0305125714286,-0.0401022367347,1.129
0.454723141276,0.475678481897,-0.124269287872,-1.46847682215,0.0725753059622,1.93535296215,0.143709040492,-0.0267586776447,-0.158093127365,-0.00311526765686,-0.243931602939,-0.0105756670402,0.0847295059066,-0.0343611186347,0.573846398873,0.818947494569,0.00246141033597,0.0,0.818910123015,-0.573784928548,-0.0117393822907,0.0,-0.00820177547059,0.00875244460521,-0.999928060209,0.0,0.648021256304,0.243219476668,0.30367331885,1.0,-0.0319114285714,-0.0419407346939,1.146
0.454226382551,0.472728086558,-0.124272016282,-1.47303725152,0.0722908609986,1.93694792083,0.143039162415,-0.0259014995894,-0.169825383031,0.00116247251219,-0.259627793399,-0.0153921420093,0.0897673096302,-0.0330479125839,0.573848006265,0.818946392724,0.00245325322871,0.0,0.818908692047,-0.573786328113,-0.0117707544876,0.0,-0.00823213225928,0.00876378311771,-0.999927711439,0.0,0.647424706679,0.242458294216,0.303681540095,1.0,-0.0333925714286,-0.0438873795918,1.164
0.453769029231,0.470019183837,-0.124275564246,-1.47719893726,0.0720264372169,1.9384603168,0.142398439807,-0.0289965224876,-0.174428111628,-0.00081776429395,-0.265125670003,-0.0182468450592,0.102956473177,-0.0402201746226,0.573827001337,0.818960958885,0.00250344969852,0.0,0.818923837183,-0.573765061528,-0.0117537212594,0.0,-0.00818960453802,0.00879490658734,-0.99992778739,0.0,0.646890404518,0.241764056962,0.303703564328,1.0,-0.0347091428571,-0.0456177306122,1.18
0.453269668816,0.467020540213,-0.124270588673,-1.48173390465,0.0717240060029,1.94018460468,0.141664432212,-0.0306753453551,-0.175339581921,0.000561901824876,-0.270239757692,-0.0165542841215,0.0996835588788,-0.0402269674642,0.573763748356,0.819004798917,0.00265467987535,0.0,0.818969767948,-0.573701412968,-0.0116599677367,0.0,-0.00802673047556,0.00886434002184,-0.99992849498,0.0,0.646320225989,0.24101593614,0.303764054701,1.0,-0.036108,-0.0474562285714,1.197
0.452766650741,0.464101448982,-0.124280890367,-1.48625551529,0.0714202959721,1.94171189304,0.140988379131,-0.029634295862,-0.184500472924,-0.00167420006545,-0.289027028587,-0.0143220375259,0.0914534500675,-0.0400582664142,0.573758430339,0.819008746779,0.00258519177902,0.0,0.818972704389,-0.573696221246,-0.0117090603483,0.0,-0.00810686416924,0.0088355437004,-0.999928103376,0.0,0.645712433388,0.240244640716,0.303757519649,1.0,-0.0374245714286,-0.0491865795918,1.213
0.452204345027,0.460937398809,-0.124279386822,-1.49124024728,0.0710816472277,1.94345731516,0.140260544451,-0.0339244837538,-0.190308270051,0.00131834632967,-0.29900763565,-0.0168356129608,0.109634229792,-0.0426152473775,0.573761364696,0.819006920247,0.00251154738098,0.0,0.818969851131,-0.573699346839,-0.0117553935167,0.0,-0.00818703317411,0.00880184167409,-0.999927747425,0.0,0.645048356417,0.239400299031,0.303715979421,1.0,-0.0388234285714,-0.051025077551,1.23
0.451619305251,0.457688850164,-0.124291352623,-1.49629276881,0.0707480905844,1.94524605655,0.139477131486,-0.034124441482,-0.195507421985,-0.0013987568259,-0.300341336937,-0.0205887411733,0.1082294437,-0.0491212123083,0.573750203588,0.819014798214,0.00249220599535,0.0,0.818977412569,-0.573688188711,-0.0117731362139,0.0,-0.00821278175873,0.00879606906887,-0.999927587071,0.0,0.644381837488,0.23853085863,0.303701973885,1.0,-0.0402222857143,-0.0528635755102,1.247
0.450976763759,0.454358721062,-0.124316869046,-1.50159095613,0.0703802560878,1.94707797859,0.138653903247,-0.0374538358066,-0.200434344926,-0.00184525420431,-0.318439073145,-0.0224177630577,0.102550105589,-0.0537877104157,0.57376271505,0.81900643093,0.00235792608797,0.0,0.818967334394,-0.573701244386,-0.011837832848,0.0,-0.00834267672232,0.00872333950945,-0.999927148893,0.0,0.643677850199,0.237587047105,0.303629012922,1.0,-0.0416211428571,-0.0547020734694,1.264
0.450347569572,0.45080375625,-0.124369628804,-1.5069233557,0.0700242575208,1.94905823105,0.137805096239,-0.0372084549342,-0.210174288147,-0.00220839097661,-0.314949531209,-0.0235120913897,0.117706353077,-0.0516141370685,0.573766994496,0.819002974458,0.00251212193254,0.0,0.818966176889,-0.573705257917,-0.0117228431982,0.0,-0.00815998299214,0.00878369251703,-0.999928128129,0.0,0.642998048677,0.236646872101,0.303704296932,1.0,-0.04302,-0.0565405714286,1.281
0.449708148743,0.447361395562,-0.12439662369,-1.51212253089,0.0696694486754,1.95083269205,0.137044889469,-0.0398214802116,-0.217909138963,-0.00611284789439,-0.330928146348,-0.0269431070593,0.105019290897,-0.0520436677184,0.573824236368,0.818962852888,0.00251758775254,0.0,0.818926120306,-0.573762466254,-0.0117212925874,0.0,-0.00815496286729,0.00878784933224,-0.99992813256,0.0,0.642299425289,0.235717341865,0.303744269732,1.0,-0.0443365714286,-0.058270922449,1.297
0.449036641278,0.443670988313,-0.12439836604,-1.51780672403,0.0692764636595,1.95279310039,0.1361726527,-0.0339107494604,-0.21931966055,0.000685665672196,-0.331698434639,-0.0237530751557,0.118966583211,-0.0506632117255,0.573806440637,0.818975435971,0.00248009306608,0.0,0.818938133016,-0.573744720483,-0.0117506132306,0.0,-0.00820068117904,0.00877378926103,-0.999927882125,0.0,0.641519950185,0.234735851866,0.303736003665,1.0,-0.0457354285714,-0.0601094204082,1.314
0.448319467158,0.439912454254,-0.124397499762,-1.52360074761,0.0688800712103,1.954853596,0.135213766897,-0.0409559717414,-0.217874288561,0.00152106234758,-0.341914203211,-0.0200422557041,0.119478958787,-0.0594050718034,0.573755076454,0.819011382581,0.00249285902284,0.0,0.818974197893,-0.573693264784,-0.011749384144,0.0,-0.00819290065954,0.00878302511699,-0.999927864823,0.0,0.640738784839,0.233721710285,0.303727429768,1.0,-0.0471342857143,-0.0619479183673,1.331
0.447561937876,0.436052800565,-0.124409053723,-1.52953968414,0.0684723661347,1.95696425606,0.134262753572,-0.0448221223357,-0.233927131883,-0.000542064697014,-0.351256846521,-0.0273826252961,0.129811117551,-0.0583582302402,0.573752925723,0.819012843566,0.00250782775127,0.0,0.81897585932,-0.57369106578,-0.0117409452994,0.0,-0.00817742406113,0.00879042134674,-0.999927926517,0.0,0.639939728246,0.232661549121,0.303720207909,1.0,-0.0485331428571,-0.0637864163265,1.348
0.44681873682,0.43226244638,-0.124431227931,-1.5352022574,0.0680757239485,1.95901760223,0.133355400427,-0.0477930609038,-0.233904118936,-0.00654866417965,-0.362655141153,-0.025449044947,0.12364400666,-0.0508678278389,0.573775379913,0.818996747322,0.00262453479112,0.0,0.818961551939,-0.573713397881,-0.0116473360954,0.0,-0.00803355427507,0.00883251783213,-0.999928721777,0.0,0.639142164627,0.231562072143,0.303778178398,1.0,-0.049932,-0.0656249142857,1.365
0.445900309548,0.427729035319,-0.124482725182,-1.54228363412,0.067549772989,1.96129481784,0.132231920854,-0.0442996890659,-0.239202811527,-0.00551462017395,-0.367268363143,-0.0235706261369,0.115035113937,-0.067985587932,0.573796684707,0.818982557641,0.00238365274335,0.0,0.818944218182,-0.573735554938,-0.0117740141066,0.0,-0.00827528518215,0.00870813655102,-0.999927841403,0.0,0.638185885759,0.230319920111,0.303704809694,1.0,-0.0514131428571,-0.0675715591837,1.383
0.445115587847,0.423755424146,-0.124515131945,-1.54828304704,0.0671202603187,1.9633710257,0.131222229973,-0.0502739734271,-0.25198905615,-0.000552886580656,-0.374506560238,-0.0269392390853,0.127429007623,-0.0672560626881,0.573770983781,0.819000493019,0.00240780129361,0.0,0.818962592482,-0.573709898955,-0.011746099689,0.0,-0.00823884062265,0.00871163808975,-0.99992811185,0.0,0.637358856193,0.229223389404,0.303732104793,1.0,-0.0527297142857,-0.0693019102041,1.399
