position_joint1,position_joint2,position_joint3,position_joint4,position_joint5,position_joint6,position_joint7,velocity_joint1,velocity_joint2,velocity_joint3,velocity_joint4,velocity_joint5,velocity_joint6,velocity_joint7,ee_T_00,ee_T_10,ee_T_20,ee_T_30,ee_T_01,ee_T_11,ee_T_21,ee_T_31,ee_T_02,ee_T_12,ee_T_22,ee_T_32,ee_T_03,ee_T_13,ee_T_23,ee_T_33,v_x,v_y,time
0.465059520035,0.547796281815,-0.123926435225,-1.35585956717,0.0794492723979,1.89409795381,0.159179012681,0.001410711733,-0.00126679979108,0.000658332030206,-0.00128025192966,-6.09962709076e-05,-0.000331312362208,0.00112677307532,0.573778220541,0.818996772318,0.00189406083797,0.0,0.818953009677,-0.573719994464,-0.0119198487771,0.0,-0.00867582413799,0.00839065799039,-0.999927160814,0.0,0.661662347189,0.260905272893,0.303188667443,1.0,0.0,0.0,0.0
0.465057386477,0.547796284704,-0.123926435237,-1.35585678311,0.0794524715242,1.89410072081,0.159175488139,0.000602262827225,-0.00085993155459,0.000948581542879,0.000336095183283,-1.05792838408e-05,0.000156391413155,-0.00388638468753,0.573777796995,0.818997054364,0.0019003997577,0.0,0.818953351291,-0.573719522146,-0.0119191114621,0.0,-0.00867158769212,0.00839542190509,-0.999927157576,0.0,0.661663915124,0.260904899296,0.303190236637,1.0,-0.00016,-0.000210285714286,0.009
0.465051467074,0.547798129422,-0.123926435237,-1.35585937804,0.0794482022554,1.894100441,0.15917677578,0.000175947783819,0.000291290460552,0.000158044099328,0.000483368062241,-7.82536836955e-05,-0.000612915797393,7.91692828979e-05,0.573782710687,0.818993626608,0.00189404153524,0.0,0.818949877261,-0.573724497243,-0.0119183345745,0.0,-0.00867454904065,0.00838982093187,-0.9999271789,0.0,0.661664998837,0.260899938334,0.30318766264,1.0,-0.00038,-0.000499428571429,0.02
0.465051726873,0.547786814855,-0.123927486073,-1.35586703578,0.0794524716867,1.89410109964,0.159177944777,-1.57368084273e-05,-0.000522512822636,0.000619046959879,-1.0483254442e-05,0.000150823576675,-0.000400256749735,5.92449281561e-05,0.57378572366,0.818991501202,0.00190031147242,0.0,0.818947792856,-0.573727444221,-0.0119196990083,0.0,-0.00867203830396,0.00839577065195,-0.99992715074,0.0,0.661663608708,0.260899479572,0.303192133177,1.0,-0.00072,-0.000946285714286,0.037
0.465054036406,0.547737745629,-0.123927115515,-1.35592109825,0.0794484552365,1.89410934199,0.159178404615,0.000417054819243,-0.0023486312373,0.000173550488993,-0.00591140374063,4.14581976538e-05,1.99201162082e-05,0.00133135024311,0.573785806273,0.818991435833,0.00190353699608,0.0,0.818947759377,-0.573727503508,-0.0119191456102,0.0,-0.00866973356783,0.00839809562121,-0.999927151201,0.0,0.661653694818,0.260895359488,0.303201859541,1.0,-0.00108,-0.00141942857143,0.055
0.465050953841,0.547594871956,-0.123924612778,-1.35608625793,0.0794496062935,1.8941371786,0.159170812836,-0.000378542663882,-0.00990226033093,0.000869739230987,-0.0109195515003,0.00015621171886,0.00115378319787,-0.000466439269273,0.573789622178,0.818988730507,0.00191720739838,0.0,0.818945073692,-0.573731108028,-0.0119301659057,0.0,-0.00867087684611,0.00841565496914,-0.999926993658,0.0,0.661625324206,0.260879119959,0.303226799114,1.0,-0.00142,-0.00186628571429,0.072
0.465043167801,0.547467815548,-0.123927828719,-1.35628012522,0.0794448158126,1.89419015564,0.15916831648,-0.00180044610161,-0.013826056217,-0.000259377244017,-0.0156359587099,-0.000223368066203,0.000774748490299,0.00118766878528,0.573805650725,0.818977519872,0.00190893699175,0.0,0.818933683455,-0.57374709971,-0.011942971931,0.0,-0.0086859457008,0.00841639962439,-0.999926856607,0.0,0.661597831467,0.26085358345,0.303229229011,1.0,-0.00174,-0.00228685714286,0.088
0.465026478034,0.547291123942,-0.123927381648,-1.35648479916,0.0794385130142,1.89430887207,0.159157957492,-0.000920194218206,-0.0133561101283,-0.000550324428484,-0.00840105060358,6.96236095675e-05,0.00284760820261,0.00130329208594,0.573820532804,0.818966902498,0.00198888092085,0.0,0.818924110689,-0.573761649994,-0.0119002869563,0.0,-0.00860496322083,0.00845753437489,-0.999927209711,0.0,0.661583857915,0.260827886481,0.303267254023,1.0,-0.00208,-0.00273371428571,0.105
0.465000179882,0.547117532004,-0.12392948704,-1.3566983724,0.0794379054934,1.89443104884,0.159145118591,-0.00599141800483,-0.00868163955036,-0.00116623451348,-0.0118482906933,4.29395987689e-06,0.00457134084784,0.00101214046372,0.573845053707,0.818949534871,0.0020641154242,0.0,0.818907682791,-0.573785821861,-0.0118652685614,0.0,-0.00853286028837,0.00849930929193,-0.999927473388,0.0,0.661571213793,0.260794413461,0.303299237947,1.0,-0.0024,-0.00315428571429,0.121
0.464972251406,0.546882240306,-0.123922108243,-1.3570315071,0.0794286853459,1.89456563135,0.1591180896,0.000325637503975,-0.0159345306107,0.000408964971229,-0.0254488859662,5.73795942589e-05,0.00642988766517,-0.00154679859706,0.573856868072,0.818941157311,0.00210302886877,0.0,0.818899692411,-0.573797359115,-0.0118588086443,0.0,-0.00850511781434,0.00852759266406,-0.999927468937,0.0,0.661533959743,0.260751407921,0.303318754777,1.0,-0.00276,-0.00362742857143,0.139
0.464939947521,0.546653382905,-0.123922107485,-1.35737110773,0.0794177536473,1.89469050929,0.159016740688,-0.00247404302908,-0.0186056789097,0.000335807024083,-0.0251505141316,-0.00217629914378,0.00974817835906,-0.00607625542936,0.573816398361,0.818969467284,0.00212120959417,0.0,0.818928145443,-0.57375672769,-0.0118598875749,0.0,-0.00849599110795,0.00854268068533,-0.999927417737,0.0,0.661496025348,0.260699445481,0.303330022639,1.0,-0.00306,-0.00402171428571,0.154
0.464899368362,0.546371385914,-0.123929489032,-1.35780090511,0.0794050947325,1.89484625482,0.158952403378,-0.00435988752208,-0.0106989663869,-0.000612928489982,-0.026473460873,-1.57406170388e-05,0.0131189846268,0.000778288095049,0.573822747024,0.818964986566,0.00213370028695,0.0,0.818923737927,-0.573762935671,-0.01186389522,0.0,-0.00849204014711,0.00855527547574,-0.999927343618,0.0,0.661448874414,0.260629543123,0.303338899825,1.0,-0.0034,-0.00446857142857,0.171
0.464850701146,0.546056162623,-0.123928183865,-1.35831800319,0.0793763802803,1.89502878684,0.158922700374,-0.00351404788473,-0.025546653033,-0.000972265182212,-0.0239457862419,-0.00403303594586,0.0084256382272,-0.0044482123347,0.573858618641,0.818939891688,0.00211813974573,0.0,0.818898397908,-0.573798822411,-0.0118773820477,0.0,-0.0085116397513,0.00855064392566,-0.99992721659,0.0,0.661388874038,0.260548609112,0.303331743758,1.0,-0.00376,-0.00494171428571,0.189
0.464791100913,0.545724333042,-0.123927914293,-1.3588894303,0.079273218116,1.89521537944,0.15883603212,-0.00543859853904,-0.0209125995645,-0.00111069361496,-0.0323560585073,-0.00783720645105,0.0154718863632,-0.00314666266982,0.573840670408,0.818952678895,0.00203509638736,0.0,0.818910681084,-0.573781786673,-0.0118534631964,0.0,-0.00853988861703,0.00846872448512,-0.999927672888,0.0,0.661324845148,0.260441831225,0.303310713963,1.0,-0.0041,-0.00538857142857,0.206
0.464734756297,0.545396304464,-0.123931262096,-1.35946668382,0.0792515177363,1.89541046534,0.15873039033,-0.00723845708182,-0.0242196634481,-0.000319925787007,-0.0405753661406,-0.000697955366791,0.00766702925188,-0.00216082436087,0.573829047956,0.818960921058,0.00199509482744,0.0,0.818918265864,-0.573770193341,-0.0118905831787,0.0,-0.00859336245592,0.00845714444764,-0.999927312773,0.0,0.661256428285,0.260348144795,0.303285206425,1.0,-0.0044,-0.00578285714286,0.221
0.464666549385,0.544958752323,-0.12393316255,-1.36020233596,0.0792335956766,1.89564453653,0.158698366386,-0.00309436071082,-0.0291737916298,-0.00107358648889,-0.0391427267876,-0.000455026825253,0.0164768293314,0.000844828705347,0.573896082201,0.81891404594,0.00195425138407,0.0,0.818870572624,-0.573837108345,-0.0119459314321,0.0,-0.00866143583785,0.00845616500443,-0.999926733717,0.0,0.661164741123,0.260233351608,0.303265152597,1.0,-0.00476,-0.006256,0.239
0.464591705226,0.544487498632,-0.123933875763,-1.36096593737,0.0792061651589,1.89592394016,0.158561615206,-0.0078823721945,-0.0311330033892,0.00104500303873,-0.0451085195264,-0.000357892796595,0.0206044185527,-0.00803407306933,0.57388117523,0.818924495358,0.0019530798056,0.0,0.818880823952,-0.573822029733,-0.0119675084484,0.0,-0.00867993271415,0.0084674304377,-0.999926477992,0.0,0.661078454293,0.260113533681,0.303259484123,1.0,-0.00512,-0.00672914285714,0.257
0.464532668616,0.544065816699,-0.123935150938,-1.36166475574,0.0791756115451,1.89616919393,0.158491115434,-0.00947721347715,-0.0291678278594,-0.000362113463881,-0.0447890013027,4.21129398035e-05,0.0105023997497,-0.00792421130228,0.573903435445,0.818908947174,0.00193130123624,0.0,0.81886486617,-0.573844257351,-0.0119935882584,0.0,-0.00871355837286,0.00846479920676,-0.999926207815,0.0,0.660995045021,0.26000805722,0.303246571998,1.0,-0.00542,-0.00712342857143,0.272
0.464458596259,0.543540433687,-0.123939672408,-1.36250188648,0.0791224944651,1.89645369802,0.158373368566,-0.0060852896528,-0.0311440334863,-0.000703083101364,-0.0487997553886,-0.00565289287474,0.0179588960036,-0.00821174250346,0.573903131671,0.81890921921,0.00190605682451,0.0,0.818864811298,-0.573844064,-0.0120065786423,0.0,-0.00873868679372,0.00845157866446,-0.999926100355,0.0,0.660896178351,0.259874726551,0.303244630674,1.0,-0.00576,-0.00757028571429,0.289
0.464376044341,0.542957140106,-0.123940727615,-1.36342136911,0.0790667830885,1.89678308025,0.158268858271,-0.00518076451722,-0.0359407201569,-0.00120203916778,-0.0517618497596,-0.00639823439033,0.022458418974,-0.00581978283746,0.57392211239,0.818895931902,0.00189961213327,0.0,0.818851424756,-0.573863055432,-0.0120118560949,0.0,-0.00874651126523,0.00844953260521,-0.999926049235,0.0,0.660790245912,0.259731422212,0.303248173859,1.0,-0.00612,-0.00804342857143,0.307
0.464319426925,0.542442084696,-0.123940592976,-1.36423227699,0.0790261025609,1.89707220008,0.158148361115,-0.00326435766868,-0.038099603065,0.000231786590855,-0.0547836794938,-0.0010548097187,0.0210525333721,-0.0135770395229,0.573903852165,0.818908731461,0.0018986596848,0.0,0.818864109104,-0.573844702313,-0.0120239490065,0.0,-0.00875714962873,0.00845549771889,-0.999925905699,0.0,0.660691523541,0.259617641438,0.303251549277,1.0,-0.00642,-0.00843771428571,0.322
0.464237343768,0.541787873045,-0.123940673195,-1.36523463413,0.0789659994201,1.89745387611,0.158024055065,-0.00235254005228,-0.0344261006711,-0.00033940991015,-0.0511922532467,-0.000685401790802,0.0198400983354,-0.00782128836267,0.573908992183,0.81890506343,0.00192683196574,0.0,0.818860813031,-0.573849724651,-0.0120087177143,0.0,-0.00872845579839,0.00846988134234,-0.999926034849,0.0,0.660578400006,0.259469163008,0.303270148819,1.0,-0.00678,-0.00891085714286,0.34
0.464149378632,0.541139464922,-0.123940570283,-1.36623669083,0.0789064440666,1.89783088664,0.157895031364,-0.00760409013097,-0.0395308878009,0.000317858781184,-0.0635046321124,-0.00427297317414,0.0234929747205,-0.00658917678033,0.573914992326,0.818900811166,0.00194678116293,0.0,0.81885681212,-0.573855630088,-0.0119993317575,0.0,-0.00870925885899,0.008480894694,-0.999926108888,0.0,0.660465537456,0.259316644172,0.303284284178,1.0,-0.00712,-0.00935771428571,0.357
0.464069996716,0.540477129026,-0.123938404352,-1.3672360867,0.078842861445,1.89819223749,0.157776132713,-0.00903660095979,-0.0428723818136,-8.7216628893e-05,-0.0623427249239,-0.00457521470975,0.0183788545246,-0.0100149498348,0.573919376641,0.818897690948,0.00196666664325,0.0,0.818853951676,-0.573859929659,-0.0119889055775,0.0,-0.00868926320808,0.00849124145081,-0.999926195038,0.0,0.660347883398,0.259169787622,0.303307996448,1.0,-0.00744,-0.00977828571429,0.373
0.463972534443,0.539744530088,-0.123938500845,-1.36835977203,0.0787810683023,1.89862319726,0.157623998267,-0.00677250976533,-0.0421707960379,0.00141492795234,-0.0663540064047,-0.00328043880159,0.0304262123958,-0.0161213234754,0.573920405981,0.818896880729,0.0020033054388,0.0,0.818853575945,-0.573860761655,-0.0119747357202,0.0,-0.00865662201069,0.00851312291231,-0.9999262921,0.0,0.660222160271,0.259000868188,0.303328231294,1.0,-0.00778,-0.0102251428571,0.39
0.463864852166,0.538945037592,-0.123949217398,-1.36959745027,0.0787129175773,1.89909163532,0.157472563173,-0.00390844691417,-0.0450944920509,-0.00116455244587,-0.0678700097717,-0.00176717562647,0.030682284858,-0.00913203775429,0.573942318609,0.818881459015,0.00202925897342,0.0,0.818838491106,-0.573882561309,-0.0119615304541,0.0,-0.00863068534056,0.00852702805053,-0.999926397823,0.0,0.660084503656,0.258807914288,0.303344942093,1.0,-0.00814,-0.0106982857143,0.408
0.463756653326,0.538269577881,-0.123944481322,-1.37065483825,0.0786570359959,1.89950010245,0.157342289853,-0.00961922175882,-0.0486957066519,-0.0003531548415,-0.0721506363652,-0.00112337050678,0.0282470375913,-0.00440437821324,0.573957431974,0.818870789618,0.00205987671373,0.0,0.818828176305,-0.573897501289,-0.011950841144,0.0,-0.00860420228276,0.00854612372522,-0.999926463032,0.0,0.659962050901,0.258631365072,0.303357879949,1.0,-0.00846,-0.0111188571429,0.424
0.463643823818,0.537429183334,-0.123950083505,-1.3719925721,0.0785719183956,1.90000077273,0.157175387232,-0.00455555096778,-0.0469939571528,0.0012348254573,-0.0766143740302,-0.00724809295685,0.0338281805661,-0.0139594834931,0.57397506861,0.818858442372,0.00205398913372,0.0,0.818815775114,-0.573915182781,-0.0119514141376,0.0,-0.00860786654387,0.00854181691068,-0.999926468295,0.0,0.659816269154,0.258436029346,0.303354342705,1.0,-0.0088,-0.0115657142857,0.441
0.463535660991,0.536587264291,-0.123956935924,-1.37329191649,0.0785032272228,1.90048864893,0.157015577902,-0.000460945270756,-0.0489944006461,-0.000950673946698,-0.0795710147549,-0.00157473385781,0.0309899584052,-0.00207546683316,0.573990720596,0.818847397488,0.00208307426012,0.0,0.818805053153,-0.573930656615,-0.0119429154203,0.0,-0.00858405030199,0.00856091918261,-0.999926509671,0.0,0.659667777323,0.258239508624,0.30337279877,1.0,-0.00914,-0.0120125714286,0.458
0.46343063723,0.535826417396,-0.123962928762,-1.37449244231,0.078430610492,1.90092835411,0.156882069403,-0.00753976946804,-0.0549318457999,0.00166190032251,-0.0816906051332,-0.000247248554646,0.0239961881365,-0.0013087892762,0.574018077448,0.818828225928,0.00208088601712,0.0,0.818785865042,-0.573958031011,-0.0119428952457,0.0,-0.00858500377323,0.00855940262068,-0.999926514468,0.0,0.659529396901,0.25805233724,0.303376700064,1.0,-0.00944,-0.0124068571429,0.473
0.463303522222,0.534878331507,-0.12396887644,-1.37600418379,0.0783347369896,1.90147770037,0.156690554714,-0.00663370935178,-0.0552836701755,-0.000648366710477,-0.083909794839,-0.00588574523992,0.0349800989693,-0.00710387318143,0.574026685773,0.818822233777,0.00206407229315,0.0,0.8187796899,-0.573966743726,-0.0119475271612,0.0,-0.00859835757034,0.00854838447452,-0.999926493983,0.0,0.659352205391,0.257819838871,0.303373942014,1.0,-0.0098,-0.01288,0.491
0.463177865989,0.533979569579,-0.123968908058,-1.37746773765,0.0782580335113,1.90201494254,0.156508398527,-0.00837424229621,-0.0549998580366,-0.000128086709047,-0.0820812477358,-0.00564758855287,0.0349198294115,-0.0125343809385,0.574040057573,0.818812905694,0.00204564710826,0.0,0.818769986684,-0.573980056605,-0.0119729038804,0.0,-0.00862957371897,0.00854800546403,-0.999926228309,0.0,0.659179322601,0.257599098967,0.303357929828,1.0,-0.01014,-0.0133268571429,0.508
0.463061708058,0.533130336287,-0.123969120301,-1.37886103728,0.0781914995002,1.90254314883,0.156334024572,-0.0066776026754,-0.0510952292307,-0.00118584453922,-0.0844866060551,-0.000675938914586,0.0352606748795,-0.0041050099246,0.574051045284,0.81880521755,0.00203961342313,0.0,0.818762055227,-0.573990905323,-0.0119951835098,0.0,-0.00865116584975,0.00855597043928,-0.99992597361,0.0,0.659016359672,0.257393244728,0.303339494693,1.0,-0.01046,-0.0137474285714,0.524
0.462931060754,0.532161779722,-0.123964071251,-1.38042036364,0.0780852934928,1.90312071625,0.156128963726,-0.00811473681594,-0.0537333942127,0.00205857264155,-0.0891966298587,-0.00881635892146,0.0347420406997,-0.0121176731915,0.574043123356,0.818810815824,0.00202171186874,0.0,0.818767478998,-0.573983118181,-0.0119975946975,0.0,-0.00866349861891,0.00854261313473,-0.999925981037,0.0,0.658832057135,0.257159740004,0.303330032575,1.0,-0.0108,-0.0141942857143,0.541
0.462800783037,0.53109923889,-0.123969314676,-1.38212744473,0.0779861009478,1.90373029605,0.155913503072,-0.00382270954884,-0.0555043923673,-0.000618788695478,-0.0954406856047,-0.00585395973462,0.0372753670081,-0.0120436937395,0.574043275641,0.818810780786,0.00199245119383,0.0,0.818766991705,-0.57398332539,-0.0120209138058,0.0,-0.00869938754731,0.00853204227559,-0.9999257597,0.0,0.658623566128,0.256907523285,0.303319399569,1.0,-0.01116,-0.0146674285714,0.559
0.462677825472,0.530176652299,-0.123975062809,-1.38359547206,0.0779008968621,1.90424669335,0.155712027103,-0.00838478815458,-0.0629691214234,3.01581044791e-05,-0.0967903234487,-0.00921130253858,0.0288566310941,-0.0179339590645,0.574047188624,0.818808072355,0.00197807471346,0.0,0.818764000026,-0.573987205835,-0.0120393812243,0.0,-0.00872272089432,0.00853091355585,-0.999925566057,0.0,0.658435583738,0.256667988787,0.30332261834,1.0,-0.01148,-0.015088,0.575
0.462528214325,0.529060396126,-0.123973295059,-1.38532803869,0.0777948674799,1.90489548287,0.15548224535,-0.0106453830099,-0.0669144052547,0.000379299478757,-0.0966899087223,-0.00604801383253,0.037432620438,-0.0113964719015,0.574038356019,0.818814222089,0.00199560139192,0.0,0.81877039747,-0.573978317739,-0.012028046098,0.0,-0.00870347084796,0.00853866354881,-0.999925667647,0.0,0.658243223506,0.256420753264,0.303333372259,1.0,-0.01182,-0.0155348571429,0.592
0.46238705925,0.527973642891,-0.123969747766,-1.38704138895,0.0776720630796,1.90556567784,0.155243582116,-0.0150333069373,-0.0623799484706,0.00251125573943,-0.105903927541,-0.00583787344896,0.0429974671861,-0.014847721075,0.574015865605,0.818829926699,0.0020209101028,0.0,0.818786614323,-0.573955901646,-0.0119937513622,0.0,-0.00866109602153,0.00853946212208,-0.999926028765,0.0,0.658046648818,0.256166434664,0.303340985996,1.0,-0.01216,-0.0159817142857,0.609
0.46225577214,0.52686637406,-0.123980356279,-1.38870337448,0.0775867338824,1.90619580905,0.155017423632,-0.00613140849725,-0.0696102375857,-0.000782731627881,-0.107034163506,-0.00514640252928,0.0390789532836,-0.0199331789511,0.574012559091,0.818832067985,0.0020912548608,0.0,0.818789591837,-0.573952220636,-0.011966604642,0.0,-0.00859852480276,0.0085814442875,-0.99992620937,0.0,0.65785280216,0.255920088867,0.303384224541,1.0,-0.01248,-0.0164022857143,0.625
0.462090288779,0.525641057061,-0.123981436358,-1.39064097103,0.077463872188,1.90689591209,0.154759259384,-0.0104429111636,-0.0648215125189,-0.000238835115019,-0.113165474236,-0.00622088668297,0.0430197481957,-0.0224329332948,0.574008621937,0.818834862971,0.00207750478612,0.0,0.818792206459,-0.573948340085,-0.0119738238011,0.0,-0.00861236976274,0.00857428790877,-0.99992615161,0.0,0.657619454127,0.255624378107,0.303384801385,1.0,-0.01284,-0.0168754285714,0.643
0.461933856612,0.524450701095,-0.123984643241,-1.39251333805,0.0773417919602,1.90756535526,0.154506879962,-0.00797977578331,-0.0764671066558,-0.00042828716182,-0.114212702051,-0.00556276707905,0.0463302705342,-0.0138659466782,0.57399987245,0.818841036222,0.00206172929267,0.0,0.818798202919,-0.573939686296,-0.0119785764269,0.0,-0.00862540773625,0.00856400646458,-0.999926127339,0.0,0.65739187523,0.25533876352,0.303388903899,1.0,-0.01318,-0.0173222857143,0.66
0.461790919341,0.52340165189,-0.123988552606,-1.39419036714,0.0772372347568,1.90818380774,0.154275879543,-0.0133017162534,-0.0658251877612,-0.000877054273299,-0.118375790298,-0.00325618894164,0.0450414408262,-0.0158216708026,0.573992292905,0.818846378127,0.00205027190604,0.0,0.818803406556,-0.573932166728,-0.011983167745,0.0,-0.00863582277538,0.00855718030347,-0.999926095884,0.0,0.657191529712,0.255082328162,0.303381968509,1.0,-0.01348,-0.0177165714286,0.675
0.46162827732,0.522180779079,-0.123989246378,-1.39612872555,0.0771196489829,1.90894323497,0.154008066817,-0.00735215694692,-0.0752451023254,-0.00414207076098,-0.111305776241,-0.0147504870038,0.0461298722944,-0.0118510678678,0.573975140278,0.818858314018,0.00208489978398,0.0,0.81881576821,-0.573914846076,-0.0119680443415,0.0,-0.00860374332168,0.00857667387558,-0.99992620541,0.0,0.656950975516,0.254777914123,0.303382703796,1.0,-0.01384,-0.0181897142857,0.693
0.461449444683,0.520846872906,-0.123991726635,-1.39826689629,0.0769830651911,1.90974828547,0.153726387035,-0.0101523890957,-0.0789252228878,0.000442803943056,-0.118375004978,-0.00867383834149,0.0395495157818,-0.0204473175271,0.573973893306,0.818859207037,0.00207743967391,0.0,0.818816673953,-0.573913739821,-0.0119591221727,0.0,-0.00860073171745,0.00856543106921,-0.999926327688,0.0,0.656711875785,0.254470894674,0.303372518691,1.0,-0.01418,-0.0186365714286,0.71
0.461295279774,0.519622052241,-0.123992417887,-1.40018399121,0.0768588038131,1.91044010561,0.153461516506,-0.0102120905337,-0.0783459829941,0.00180812140189,-0.117983200523,-0.0111987814437,0.0432421909695,-0.0197205808656,0.573952042854,0.818874533728,0.00207302115868,0.0,0.818831958137,-0.573891925464,-0.011959478328,0.0,-0.00860378778473,0.00856178783337,-0.999926332599,0.0,0.656475590658,0.254184711544,0.303380101884,1.0,-0.0145,-0.0190571428571,0.726
0.461124489407,0.518277187032,-0.124001069512,-1.40227679304,0.0767307902927,1.91118444071,0.153187851324,-0.00236718063652,-0.0742321851995,0.000454915022441,-0.121325985945,-0.00258908249559,0.046885529606,-0.0196335791765,0.573950244783,0.818875805505,0.00206847117498,0.0,0.818833142275,-0.573890118359,-0.0119651185947,0.0,-0.00861103674888,0.00856128032935,-0.999926274545,0.0,0.656216964715,0.253866702462,0.303392769663,1.0,-0.01484,-0.019504,0.743
0.460939174154,0.516915356195,-0.124004611365,-1.40440971834,0.0765908683313,1.91195362037,0.152887873669,-0.0142060262534,-0.0782470754125,-0.00156344546157,-0.126979465232,-0.0120046453163,0.0414765435171,-0.0166479049898,0.57393375807,0.818887379751,0.00206095438114,0.0,0.818844660278,-0.573873706482,-0.0119640395983,0.0,-0.00861463936677,0.00855433239581,-0.999926302977,0.0,0.655956648485,0.253537426855,0.303399815252,1.0,-0.01518,-0.0199508571429,0.76
0.460770783344,0.515637356027,-0.124009497643,-1.40646238183,0.0764637693705,1.91273999458,0.152606684468,-0.0114026449894,-0.0874949584029,-0.00138767893968,-0.129106942261,-0.00592166902486,0.0474077496074,-0.0187746809678,0.573919108355,0.818897634123,0.0020661058938,0.0,0.818855022016,-0.573859077129,-0.0119565637427,0.0,-0.00860571382635,0.00855410628242,-0.999926381768,0.0,0.655711148369,0.253230124324,0.303387460981,1.0,-0.0155,-0.0203714285714,0.776
0.460572604047,0.5141672792,-0.124007368845,-1.40882630129,0.0763198835312,1.91358236166,0.152285340007,-0.00904726056052,-0.0825879497178,-0.000733190462635,-0.136360580693,-0.00320815650464,0.0482177272404,-0.018500666102,0.573902110449,0.818909654901,0.00202277845369,0.0,0.818866368876,-0.573842154787,-0.0119915893379,0.0,-0.00865943946098,0.00853854806961,-0.999926050918,0.0,0.65541400632,0.252874176881,0.303365845364,1.0,-0.01586,-0.0208445714286,0.794
0.460373139122,0.512756299258,-0.124010807285,-1.41109878899,0.0761917912197,1.91436835553,0.151962836035,-0.0160637757584,-0.0842526697092,3.48800716317e-05,-0.135214822964,-0.00717161894169,0.0434727849861,-0.0136017170256,0.573888204564,0.818919541784,0.00196459830999,0.0,0.81887528548,-0.573828291912,-0.0120459591545,0.0,-0.00873749748257,0.00852195894751,-0.999925513403,0.0,0.655125576703,0.252523019791,0.303341173524,1.0,-0.0162,-0.0212914285714,0.811
0.460183978112,0.5114124627,-0.124013851202,-1.41325362066,0.0760607355211,1.91519391584,0.151673522187,-0.010575166033,-0.0799803577634,0.00121103255632,-0.134279741656,-0.00538914110644,0.0560512122693,-0.0165938005664,0.57388591085,0.818921126778,0.00197391628372,0.0,0.818877000281,-0.573825966293,-0.0120401710714,0.0,-0.00872743407167,0.00852624334394,-0.999925564764,0.0,0.654867939413,0.25219411869,0.303328440401,1.0,-0.01652,-0.021712,0.827
0.459982660216,0.509936815606,-0.124022916199,-1.41559130376,0.0759252126071,1.91606896983,0.151334637143,-0.0103223033825,-0.0894954523059,-0.00086022922243,-0.139372925796,-0.00786809705097,0.0520070188583,-0.0199343702397,0.57386518236,0.818935623924,0.00198576064735,0.0,0.818891596432,-0.573805135074,-0.0120402307361,0.0,-0.00872090211797,0.00853575625343,-0.999925540594,0.0,0.654583850987,0.251836487622,0.303324991908,1.0,-0.01686,-0.0221588571429,0.844
0.459772358415,0.50843007817,-0.124022965604,-1.41796793283,0.0757675146453,1.91691453545,0.150995777598,-0.0125719895916,-0.0902354415157,-0.000584239709502,-0.136099955592,-0.0126832930988,0.0484179051866,-0.0177478023852,0.57384047018,0.818953004413,0.00195914483535,0.0,0.818908642868,-0.573780553903,-0.012052281935,0.0,-0.00874630168528,0.00852061181878,-0.999925447912,0.0,0.654285825369,0.251468630018,0.303321368588,1.0,-0.0172,-0.0226057142857,0.861
0.459577822434,0.506970919167,-0.124029380717,-1.42023611513,0.0756201509078,1.91773985745,0.150698830617,-0.0118544709691,-0.0917267552463,0.000127601841669,-0.141958688823,-0.00583043390863,0.0536145715372,-0.0180868843348,0.57383863067,0.818954274281,0.00196710148464,0.0,0.818910064617,-0.573778727055,-0.0120426470875,0.0,-0.00873386447411,0.00852157938506,-0.999925548377,0.0,0.654004435458,0.251119951608,0.303334000281,1.0,-0.01752,-0.0230262857143,0.877
0.459355938466,0.505382322268,-0.124033162433,-1.42269121292,0.0754680252713,1.91866923413,0.150345575341,-0.0130750977859,-0.0916010566134,0.00287002897768,-0.149697845297,-0.00807797841689,0.0512941455067,-0.0184373971878,0.573819475827,0.81896757167,0.0020180720491,0.0,0.818924049521,-0.573759378287,-0.0120134859854,0.0,-0.00868093481545,0.00854638451008,-0.999925797588,0.0,0.65370803847,0.250740762603,0.303356576091,1.0,-0.01786,-0.0234731428571,0.894
0.459132277026,0.503724056161,-0.124034338402,-1.42516659722,0.0753128340285,1.91961736295,0.150004872919,-0.0152281749831,-0.0977848258526,0.00630831441991,-0.15139360537,-0.0154389983999,0.0562118352282,-0.0220016597067,0.573809905805,0.818974000071,0.00212746550302,0.0,0.818931959867,-0.573749406979,-0.0119503138469,0.0,-0.00856652919476,0.00859962352615,-0.999926327813,0.0,0.653411334012,0.25036130048,0.30341902234,1.0,-0.0182,-0.02392,0.911
0.45891520667,0.502129479551,-0.124046808958,-1.42751291331,0.0751623550135,1.92049070578,0.149673667165,-0.0161034828662,-0.103054533796,-0.00241540332391,-0.150155884407,-0.0128130797194,0.0499162597075,-0.0217588291977,0.573804753159,0.818977347303,0.00222637762806,0.0,0.818936696018,-0.573743955985,-0.0118872951512,0.0,-0.00845821758856,0.00864441523053,-0.999926863646,0.0,0.653128648055,0.249989832965,0.303491631671,1.0,-0.01852,-0.0243405714286,0.927
0.458683384497,0.500410001893,-0.124042814834,-1.43010889776,0.074993699428,1.92140294494,0.149319024142,-0.0111007355855,-0.102101965496,0.000781608108135,-0.154801402331,-0.0147066251278,0.0565139302904,-0.0180024520866,0.573792088711,0.818986141703,0.00225511229775,0.0,0.81894582968,-0.573731143286,-0.0118764546326,0.0,-0.00843298596097,0.00866159728443,-0.99992692807,0.0,0.652782071046,0.249560524336,0.30353264116,1.0,-0.01888,-0.0248137142857,0.945
0.458417059228,0.498640920517,-0.124054916033,-1.43287104717,0.0748287099052,1.92243524796,0.148917011566,-0.0134793497874,-0.0921918999039,-0.00230768749246,-0.147839048059,-0.00862690923871,0.053769376201,-0.0225130467509,0.573781424182,0.818993520636,0.00228851948944,0.0,0.81895360995,-0.57372031388,-0.0118630978779,0.0,-0.00840299196049,0.00868118363258,-0.999927010725,0.0,0.652460935036,0.249148497921,0.303543971312,1.0,-0.01922,-0.0252605714286,0.962
0.458176775171,0.497050516335,-0.12405489639,-1.43537634891,0.0746731255563,1.92334587358,0.148546881213,-0.013144501257,-0.0978602115076,1.75101286798e-05,-0.158337155626,-0.010740472762,0.0645536998387,-0.0191593220945,0.573759918042,0.819008598746,0.00228440999015,0.0,0.818968570246,-0.573698760192,-0.0118726746812,0.0,-0.00841342145936,0.00868309201196,-0.999926906455,0.0,0.652147172197,0.248752345696,0.303539175702,1.0,-0.01954,-0.0256811428571,0.978
0.457914080588,0.495389959298,-0.124053131571,-1.43809016259,0.0745044034381,1.92426577614,0.148150159933,-0.0114096403465,-0.0981704298518,9.77759394332e-05,-0.161991793041,-0.0155737310326,0.0510547252125,-0.0285392620812,0.573739887563,0.819022935846,0.00217229815965,0.0,0.818981250919,-0.573678982637,-0.011953343654,0.0,-0.00854402531341,0.0086373478039,-0.999926195204,0.0,0.651791304311,0.248317580136,0.30348429375,1.0,-0.01988,-0.026128,0.995
0.457631671089,0.493647030428,-0.124067278672,-1.44090207604,0.0743255179508,1.92527966049,0.147761026365,-0.0157262024346,-0.111098410296,0.00116964864764,-0.170184318712,-0.00865577072468,0.0659515494379,-0.0311069963795,0.573755591478,0.819012075664,0.00211850541719,0.0,0.818969693821,-0.573694911137,-0.0119806694262,0.0,-0.00859710267837,0.00860913355828,-0.999925983583,0.0,0.651440295018,0.247854884927,0.303448047023,1.0,-0.0239085714286,-0.0314226938776,1.012
0.457360883657,0.49153702669,-0.124118870813,-1.44415649923,0.0741358466269,1.9265097712,0.147291354264,-0.0133724694439,-0.137975562445,-0.00391672512145,-0.215825672405,-0.00868018710213,0.0869247032692,-0.0315815501144,0.573741990629,0.819021428528,0.00218510925968,0.0,0.818980030429,-0.573681154478,-0.0119327137093,0.0,-0.00851975625733,0.0086360260354,-0.999926413696,0.0,0.651039226944,0.247343101877,0.303475615716,1.0,-0.0296228571429,-0.0389328979592,1.028
0.456928838027,0.488713578814,-0.124125312465,-1.44873781375,0.0738853387609,1.92815439904,0.146614526083,-0.0246775385525,-0.171591567402,-0.00229315990647,-0.275379113856,-0.00664989977454,0.0973324524526,-0.0415595778422,0.573707177186,0.819046024913,0.00210495122152,0.0,0.819003113431,-0.573646207144,-0.0120281386725,0.0,-0.00864426831132,0.00862475714196,-0.999925442315,0.0,0.650447066819,0.246623626936,0.303401403626,1.0,-0.0360514285714,-0.047381877551,1.046
0.456417490322,0.485424416087,-0.124190693286,-1.45384680921,0.073577920899,1.93009472741,0.145861418171,-0.0265929506928,-0.203717546516,-0.00281659427175,-0.313539197908,-0.0170215608547,0.120817616729,-0.0504964573654,0.573726597236,0.819032183525,0.00219564924647,0.0,0.81899064886,-0.573665442219,-0.0119592803149,0.0,-0.00853563171112,0.00865974012832,-0.999926073214,0.0,0.649829168155,0.245772763001,0.303424659913,1.0,-0.0421228571429,-0.0553614693878,1.063
0.455858910474,0.48188404348,-0.124264774495,-1.45939696716,0.0732374199495,1.93202039696,0.145009510733,-0.0389774048298,-0.227010263172,-0.00182716747837,-0.367064172385,-0.0229474268198,0.118696977184,-0.0551504204721,0.573719690415,0.819037231535,0.00211591375192,0.0,0.818994623731,-0.573658833111,-0.0120040157642,0.0,-0.00861808914981,0.00862002815731,-0.999925709067,0.0,0.649117049284,0.244831836479,0.303408667942,1.0,-0.0478371428571,-0.0628716734694,1.079
0.455179097299,0.477581324539,-0.124347068964,-1.46607774723,0.0728387377209,1.93441392618,0.14402010936,-0.0434047021166,-0.265396151269,-0.00652287740194,-0.404762785875,-0.0253728001595,0.14913327614,-0.0618334287135,0.573743010872,0.819020872709,0.0021247218566,0.0,0.818978326742,-0.573682060585,-0.0120058565022,0.0,-0.00861429810911,0.00862854353476,-0.99992566829,0.0,0.648268566136,0.243706547472,0.303420290108,1.0,-0.0539085714286,-0.0708512653061,1.096
0.454441955104,0.473097628142,-0.124419186847,-1.47298992739,0.072420222034,1.93693665488,0.143029614745,-0.049575757641,-0.290720716132,-0.00622008861193,-0.443651521707,-0.0265115351214,0.159436789894,-0.0721405849838,0.573806437578,0.818976217608,0.00220773345367,0.0,0.818934754893,-0.573745136043,-0.0119638202648,0.0,-0.00853157219711,0.00867307372427,-0.999925992295,0.0,0.647338135387,0.242456077608,0.303462936243,1.0,-0.05998,-0.0788308571429,1.113
0.453566853175,0.467812338284,-0.124462875241,-1.48095953343,0.0719360798093,1.93988549979,0.141775313448,-0.0506530150904,-0.322324318409,-0.00308087172339,-0.476221015489,-0.0267523540334,0.178005598622,-0.0797951234637,0.573777863059,0.818995614302,0.00242786285774,0.0,0.818956957396,-0.573715626068,-0.0118587199317,0.0,-0.00831949693195,0.00879275544776,-0.999926734027,0.0,0.646392540026,0.241189075059,0.303567365853,1.0,-0.0656942857143,-0.0863410612245,1.129
0.452584498232,0.462104696086,-0.124496900424,-1.48979036044,0.071364135738,1.94298392406,0.140388202032,-0.0637026571261,-0.341376999506,0.00529353947631,-0.534826919032,-0.0359033339583,0.186362181823,-0.0824876526004,0.573729949323,0.819029260107,0.0024006746471,0.0,0.818990070098,-0.573667635323,-0.0118935346062,0.0,-0.00836412453595,0.00878997493868,-0.999926386171,0.0,0.645228897685,0.239685359588,0.303568846032,1.0,-0.0717657142857,-0.0943206530612,1.146
0.451516169882,0.455917250773,-0.124565066143,-1.49941023545,0.0707211729188,1.94625099221,0.138954338935,-0.0649021004928,-0.373157500309,-0.0110086268645,-0.581104851788,-0.0451931032928,0.19245307173,-0.0899793048009,0.573749043611,0.81901633622,0.00224117401347,0.0,0.81897495553,-0.573687251419,-0.0119877719119,0.0,-0.00853261235024,0.00871360582141,-0.999925631035,0.0,0.643930359964,0.238022242542,0.30353259606,1.0,-0.0778371428571,-0.102300244898,1.163
0.450428847877,0.449574041709,-0.12464396027,-1.50881833023,0.0700736680189,1.94978622495,0.137431558398,-0.0683985591934,-0.402642949866,-0.00410483712785,-0.599653573853,-0.0385807754045,0.23173426121,-0.0911497747615,0.57370217298,0.819048103272,0.0026015661131,0.0,0.819012134832,-0.57363976097,-0.0117172750114,0.0,-0.00810480615293,0.00885311080143,-0.999927964679,0.0,0.642734197119,0.236386443573,0.303717268765,1.0,-0.0835514285714,-0.10981044898,1.179
0.449062964816,0.442096120244,-0.124663323933,-1.52023148825,0.0693370182353,1.95378970534,0.135695910481,-0.0786672154805,-0.41838660034,-0.000200290783658,-0.655029094331,-0.0441557416284,0.221550863014,-0.101067396458,0.573723569991,0.8190329099,0.00266545267549,0.0,0.818997358777,-0.573660473148,-0.011736045524,0.0,-0.0080832983018,0.00891641630541,-0.999927576282,0.0,0.641190750744,0.234407393253,0.3037538394,1.0,-0.08998,-0.118259428571,1.197
0.447678074394,0.434548711526,-0.12469762752,-1.53178009578,0.0685507997599,1.9577299055,0.13381734647,-0.0886494767693,-0.460906195527,-0.00146599506003,-0.684086408729,-0.0480470691957,0.246887623091,-0.114536697614,0.573634808933,0.81909527992,0.00260293963105,0.0,0.819058647345,-0.573571656668,-0.011799736332,0.0,-0.00817229327942,0.00890087107894,-0.999926991393,0.0,0.639588400142,0.232385421076,0.303754915427,1.0,-0.0960514285714,-0.126239020408,1.214
0.446264162592,0.427102962091,-0.124721698998,-1.54313631208,0.0677483137696,1.96177964426,0.131973367677,-0.0912088852063,-0.472741915784,-0.00376200461234,-0.73451271033,-0.0511656424177,0.253389139916,-0.124334226026,0.573567501747,0.819142133395,0.00268944948986,0.0,0.819106829339,-0.573504267557,-0.0117304784963,0.0,-0.00806667372989,0.00893133964571,-0.999927577351,0.0,0.63803682874,0.230381151977,0.303773808526,1.0,-0.101765714286,-0.13374922449,1.23
0.444621587816,0.418785003351,-0.12482062796,-1.55586433257,0.0668344602245,1.96604569667,0.129878429505,-0.0976384237743,-0.499416573254,-0.0115301116511,-0.73874535523,-0.0558782631937,0.259715924898,-0.121144729376,0.573551827766,0.819153626914,0.00252651571478,0.0,0.819116298846,-0.57348929337,-0.0118011124587,0.0,-0.00821815258509,0.00883822998493,-0.999927171177,0.0,0.636244029967,0.228041702387,0.303739033869,1.0,-0.107837142857,-0.141728816327,1.247
0.442851767834,0.410015974993,-0.124907104558,-1.56904391385,0.0659326921001,1.97072274523,0.127691483266,-0.111354544828,-0.515912255475,-0.00420072438752,-0.772645240111,-0.043112574658,0.27137352329,-0.135265912312,0.573568234119,0.819141483643,0.00273083960926,0.0,0.819106925476,-0.573505085387,-0.0116836883566,0.0,-0.00800459752489,0.0089384142272,-0.999928012994,0.0,0.634423242402,0.225616969511,0.303812032407,1.0,-0.113908571429,-0.149708408163,1.264
0.440994899111,0.401465181495,-0.124970820197,-1.58214771162,0.0650522477317,1.97501691796,0.125501198689,-0.124642294873,-0.541585420326,-0.00890216275245,-0.798678341945,-0.0524692792509,0.27076431185,-0.137707716139,0.573624735603,0.819102583308,0.00252341498384,0.0,0.819064473987,-0.573561408216,-0.0118930803016,0.0,-0.00829447904135,0.00888917575412,-0.999926089355,0.0,0.632521786732,0.223143887197,0.303722411841,1.0,-0.119622857143,-0.157218612245,1.28
0.438931268642,0.391880330731,-0.125102866814,-1.59633844411,0.0639704375213,1.97999129385,0.123068090353,-0.127834320288,-0.56272411393,-0.00861625182351,-0.854722512947,-0.0743445961623,0.288839909255,-0.140790124088,0.573671531248,0.819069076262,0.00275126301134,0.0,0.819034908592,-0.573608438821,-0.0116586587122,0.0,-0.00797125261248,0.00894179320199,-0.999928249159,0.0,0.630407628914,0.22024361534,0.303843393037,1.0,-0.126051428571,-0.165667591837,1.298
0.436704539216,0.381976214011,-0.125189304997,-1.61119863494,0.0628561057643,1.98485531372,0.120415572084,-0.13658853215,-0.60149270202,-0.00366545403397,-0.881835868007,-0.0708647433396,0.294466855687,-0.159435024428,0.573635418652,0.819094731387,0.00264090568064,0.0,0.819059104593,-0.573572688773,-0.0117175415217,0.0,-0.00808318077948,0.0088848257389,-0.999927858428,0.0,0.628337993239,0.217525761427,0.30384105725,1.0,-0.131765714286,-0.173177795918,1.314
0.434493988918,0.372349991749,-0.125262527277,-1.62554286751,0.0618212834786,1.9897112488,0.117856491331,-0.140511779522,-0.602966698618,-0.00447360702296,-0.888536550648,-0.0719529909047,0.29900456167,-0.158856061396,0.573642437391,0.819089486522,0.00274116644039,0.0,0.819054988063,-0.573579159981,-0.0116884843387,0.0,-0.00800179275029,0.00895034901354,-0.999927928686,0.0,0.626225098441,0.214738663952,0.303865894367,1.0,-0.13748,-0.180688,1.33
0.431958007605,0.361712881637,-0.125399923796,-1.64124054249,0.0605843676432,1.99494230918,0.115102256133,-0.149335481758,-0.640468643223,-0.00732930075402,-0.936767737067,-0.0772733240367,0.318624548538,-0.167028901588,0.573772555179,0.818998112169,0.00280964204947,0.0,0.818965158186,-0.573709768592,-0.01157229456,0.0,-0.00786591975141,0.00894103610712,-0.999929090076,0.0,0.623896371888,0.21157611347,0.303927644541,1.0,-0.143551428571,-0.188667591837,1.347
0.429096563861,0.350188112787,-0.12551854532,-1.65854091077,0.0592940173754,2.00043926729,0.111867069705,-0.164524975787,-0.652334331125,-0.00304405603659,-0.972521840485,-0.0721315142592,0.301848560156,-0.178323560825,0.573782567072,0.818991918048,0.00255945237952,0.0,0.81895503893,-0.573719903057,-0.0117840548695,0.0,-0.00818279447304,0.00885773221544,-0.999927288584,0.0,0.621221091547,0.208079434491,0.303809192927,1.0,-0.14998,-0.197116571429,1.365
0.42638368265,0.339440987962,-0.125637286833,-1.67406080236,0.0581125763317,2.00556445459,0.108925339729,-0.165342759337,-0.668073146537,-0.00865399078125,-0.968120433618,-0.0790432845674,0.3238602327,-0.180740381236,0.573859801676,0.818936913248,0.00282967168249,0.0,0.818903648737,-0.573796288543,-0.0116353014905,0.0,-0.00790507497528,0.00899443344199,-0.999928302408,0.0,0.618857197189,0.204874753463,0.303956174781,1.0,-0.155694285714,-0.20462677551,1.381
0.423397812898,0.327861360185,-0.125668919364,-1.69106580782,0.0566909600354,2.01097096035,0.105601116139,-0.175839270233,-0.697065247022,-0.000193247586966,-0.996399694851,-0.0959679816342,0.327945655568,-0.203127063999,0.573728385533,0.819029270831,0.00274591641012,0.0,0.818995127661,-0.573665409507,-0.011650137525,0.0,-0.00796671976434,0.00893307874377,-0.999928363174,0.0,0.616156271342,0.201400134121,0.303936018557,1.0,-0.161765714286,-0.212606367347,1.398
