position_joint1,position_joint2,position_joint3,position_joint4,position_joint5,position_joint6,position_joint7,velocity_joint1,velocity_joint2,velocity_joint3,velocity_joint4,velocity_joint5,velocity_joint6,velocity_joint7,ee_T_00,ee_T_10,ee_T_20,ee_T_30,ee_T_01,ee_T_11,ee_T_21,ee_T_31,ee_T_02,ee_T_12,ee_T_22,ee_T_32,ee_T_03,ee_T_13,ee_T_23,ee_T_33,v_x,v_y,time
0.46507582467,0.547732047282,-0.124004494925,-1.35581985951,0.0795430944727,1.89412353965,0.159141239736,0.00015249608671,-0.0010691801174,-0.000120086426987,-0.000901590376397,-0.000292577194881,-2.49098517903e-05,0.00251569571184,0.57381123354,0.818973299926,0.00203695172724,0.0,0.818931018107,-0.573752040422,-0.011888254487,0.0,-0.0085676227511,0.00848990038051,-0.99992725607,0.0,0.661686680354,0.260893415885,0.303258050496,1.0,0.0,0.0,0.0
0.465070990577,0.547729070484,-0.124008187478,-1.35581461676,0.079544417118,1.89412359666,0.159139710131,0.000175554029897,-0.000732674443986,0.000610995972353,0.00112966602644,0.000177276475825,-0.000213249898393,0.000660614497529,0.573816578673,0.818969537862,0.00204376979454,0.0,0.818927357841,-0.573757370041,-0.0118831731668,0.0,-0.00855949365122,0.00849262427756,-0.999927302558,0.0,0.661690008441,0.260888961594,0.303262784336,1.0,-0.00024,-0.000315428571429,0.013
0.465072703223,0.547728899534,-0.124013717589,-1.35582013584,0.079543704987,1.89412840189,0.159135742667,0.000630549454217,-0.000409535707597,-0.00206986140321,-0.000850264879348,-5.33577732858e-05,0.000482737149957,-0.000591242321159,0.573815936817,0.818969993103,0.00204155669703,0.0,0.818927818854,-0.573756771574,-0.0118802980177,0.0,-0.00855841538218,0.00848915535222,-0.999927341244,0.0,0.661690569227,0.260886452261,0.303260877786,1.0,-0.0006,-0.000788571428571,0.031
0.465069458914,0.547692392955,-0.124004129494,-1.3558499447,0.0795435860742,1.89413386797,0.159140523265,-0.000728266149314,-0.00536752020809,0.000923843207569,-0.0075248683581,-0.000126358242937,-0.00291986530204,0.000800201328472,0.573817378659,0.818968947178,0.00205582308927,0.0,0.818926889165,-0.57375808627,-0.011880889824,0.0,-0.00855069933673,0.00850119353643,-0.999927304982,0.0,0.661684443721,0.260887149904,0.303272708719,1.0,-0.00094,-0.00123542857143,0.048
0.465074382862,0.547600923223,-0.124004141161,-1.3559522048,0.0795402298043,1.89415558682,0.159135339055,0.000286271159973,-0.00569751803214,0.000350819837314,-0.00856562428133,0.000195141198632,-0.000322621171072,0.000486531002653,0.573813791757,0.818971429842,0.00206794423744,0.0,0.818929483841,-0.573754405078,-0.0118798169813,0.0,-0.00854290306109,0.00851046718725,-0.999927292735,0.0,0.661666657698,0.260880396742,0.303290714384,1.0,-0.00126,-0.001656,0.064
0.465065619068,0.547468904469,-0.12400484108,-1.35614248248,0.0795383564482,1.89419282724,0.159126522161,-0.002511581229,-0.00847288066256,-0.00114950755494,-0.0144935404521,1.99522617778e-05,0.000910829443719,-0.00141008431063,0.573824156591,0.818964196275,0.00205655846849,0.0,0.818921974126,-0.5737646877,-0.0119008547419,0.0,-0.00856655824411,0.00851332276378,-0.999927066048,0.0,0.661636497946,0.26085556085,0.303296922046,1.0,-0.0016,-0.00210285714286,0.081
0.465049142177,0.547284496186,-0.124009006007,-1.35636985689,0.0795328597906,1.89430338116,0.159129758465,-0.0017632988166,-0.0177403348405,0.000112425053946,-0.00885716536846,-0.00237782915745,0.00592095937393,0.0012944800446,0.573854605401,0.818942706469,0.0021171401571,0.0,0.818901261279,-0.573794875572,-0.0118706336991,0.0,-0.00850672849695,0.00854591109751,-0.999927298844,0.0,0.661616852641,0.260824308541,0.303329055093,1.0,-0.00196,-0.002576,0.099
0.465029164865,0.547123899357,-0.124006582043,-1.35656941619,0.0795360392885,1.89440217442,0.159121336003,-0.00235864323513,-0.0126043775003,-6.86526855537e-05,-0.015165029369,-0.000220060618003,0.0044393126685,0.000638007012569,0.573874505779,0.818928605275,0.00217669021875,0.0,0.818887824697,-0.573814424423,-0.0118525856964,0.0,-0.00845756806266,0.00858452715577,-0.999927385082,0.0,0.661599514552,0.260798148222,0.30335633144,1.0,-0.00226,-0.00297028571429,0.114
0.465006025977,0.546904264456,-0.124007426459,-1.35684767097,0.0795283051223,1.89454396847,0.159101271897,-0.000369281746075,-0.0131868132045,-0.00073490302372,-0.0183692207373,-0.000382223924618,0.00621060005959,-0.000802720095002,0.573891332725,0.818916610896,0.00225156011227,0.0,0.81887678573,-0.573830936756,-0.0118157824529,0.0,-0.00838428709654,0.00862489150258,-0.999927654871,0.0,0.66157644199,0.260760592378,0.303391783452,1.0,-0.00262,-0.00344342857143,0.132
0.464968682791,0.54666655889,-0.124004404601,-1.35720681025,0.0795269948955,1.89467613094,0.159078594533,-0.00436875993787,-0.0173176251071,0.00380013686173,-0.0214715241921,0.000351086632558,0.00474603543164,-0.00311673269311,0.573920973894,0.818895779996,0.00227247262125,0.0,0.818856032158,-0.57386029248,-0.011828364832,0.0,-0.00838227762689,0.00864954110823,-0.999927458799,0.0,0.661535802395,0.260706888136,0.303400568778,1.0,-0.00296,-0.00389028571429,0.149
0.464936321524,0.546396420179,-0.124001713245,-1.35759140754,0.0795181111859,1.89481831582,0.158960487625,-0.00240366729382,-0.0172575697322,0.00135450407599,-0.0267177520052,0.000308966341,0.00760567822604,-0.0117865278979,0.573868002098,0.818932808974,0.00230596070656,0.0,0.818893351655,-0.573807047355,-0.0118278452225,0.0,-0.00836319502521,0.00867612484101,-0.999927388277,0.0,0.661491355189,0.260653148872,0.303421058846,1.0,-0.00328,-0.00431085714286,0.165
0.464898029615,0.546107708151,-0.124002028629,-1.35807491914,0.0795055497015,1.89497534938,0.158911914716,-0.00191557771698,-0.0190659079841,0.00114240329428,-0.0314437708177,-3.76025786329e-05,0.00539159323585,0.00425643006183,0.573883423307,0.818922067205,0.00228280506994,0.0,0.818882127485,-0.573822369433,-0.0118615566287,0.0,-0.00840392766211,0.00867666604885,-0.999927042072,0.0,0.661430063513,0.26058265208,0.30340898431,1.0,-0.00362,-0.00475771428571,0.182
0.464835942415,0.545775132575,-0.124004534283,-1.35865257444,0.0794827640764,1.89517135834,0.158866922435,-0.00209828077468,-0.0231985688945,0.000703178609966,-0.0302620702376,0.00026174056448,0.0122402342706,-0.00351499603052,0.573925391437,0.818892756696,0.00224610683145,0.0,0.818852212738,-0.573864347331,-0.0118958588252,0.0,-0.00845263473522,0.00866673184318,-0.999926717677,0.0,0.661363314865,0.260485539606,0.303386577222,1.0,-0.00398,-0.00523085714286,0.2
0.464777080774,0.545444308921,-0.124004771371,-1.35922531335,0.0794054974104,1.8953653262,0.158773390388,-0.0036831263069,-0.0187511957962,0.000991823567958,-0.0400720638077,-0.00620636270073,0.0175258513883,-0.00563603392829,0.573908599645,0.818904700159,0.00218133271907,0.0,0.818863657805,-0.573848168533,-0.0118884943879,0.0,-0.00848395348868,0.00860928901078,-0.99992694867,0.0,0.661298870688,0.260383477812,0.303364892538,1.0,-0.0043,-0.00565142857143,0.216
0.464711704904,0.545015873054,-0.124010197545,-1.35996724502,0.0793483027678,1.89559546192,0.1586997792,-0.00490713435897,-0.0270396809224,-0.000891723852879,-0.036895913293,-0.000501531664501,0.0156212098031,-0.000129251197986,0.57393167056,0.818888738319,0.00210206651548,0.0,0.818846730173,-0.573871624579,-0.0119221595913,0.0,-0.00855677064393,0.00856394014614,-0.999926717618,0.0,0.661207019251,0.260261008056,0.303335099112,1.0,-0.00466,-0.00612457142857,0.234
0.464644229023,0.544616022773,-0.124012724429,-1.36064607512,0.0793332153704,1.89582285791,0.158614517857,-0.0022519366364,-0.029868764037,-0.000549883040387,-0.0404236859681,4.10345894186e-05,0.021299704446,-0.0108518489937,0.573952656738,0.818874107386,0.0020714676566,0.0,0.818831435982,-0.57389247056,-0.0119690677662,0.0,-0.00861252580997,0.00856602600147,-0.999926221077,0.0,0.661125810978,0.260152585328,0.303314814795,1.0,-0.00498,-0.00654514285714,0.25
0.464587333085,0.54420793922,-0.124018347423,-1.36131671225,0.0793072745236,1.8960651397,0.158509896803,-0.000702788559051,-0.0264186406835,-0.00130913369466,-0.0461954184176,-0.000439886459189,0.0171947161716,-0.0109868044292,0.573948022367,0.818877383536,0.00206040175634,0.0,0.818834445606,-0.573887761609,-0.011988939346,0.0,-0.00863519818542,0.00856832092454,-0.999926005877,0.0,0.661048162368,0.260049705523,0.303305595243,1.0,-0.00528,-0.00693942857143,0.265
0.464510044721,0.543712235256,-0.124011990865,-1.36214180889,0.0792676545363,1.89634613999,0.158450173673,-0.00645405182847,-0.0312175846927,-0.00023387303557,-0.0494217732529,-0.00328920928679,0.0130795397915,-0.003189548419,0.573993288621,0.818845741699,0.00202554213054,0.0,0.818802181275,-0.573933003732,-0.0120267230229,0.0,-0.00868567268081,0.00856194145789,-0.999925623358,0.0,0.660948222827,0.25992351629,0.303287761817,1.0,-0.00562,-0.00738628571429,0.282
0.464441051689,0.543139519818,-0.124025731401,-1.36304231193,0.0792124921808,1.89665879271,0.158301284245,-0.00184419669641,-0.0286819145807,-0.00330672682485,-0.0556292814212,-0.0035827956566,0.0159887589225,-0.00756802786595,0.573972806899,0.818860137858,0.00200959416994,0.0,0.818816404992,-0.573912627784,-0.0120306893946,0.0,-0.00869828797437,0.00855094186664,-0.999925607823,0.0,0.66084246302,0.259782871008,0.303291840418,1.0,-0.00598,-0.00785942857143,0.3
0.464346981187,0.542573104184,-0.124018031868,-1.3639388119,0.0791710225014,1.89697754542,0.158185904724,-0.00772188437227,-0.0365814660132,0.000125396621128,-0.0567185098157,0.000157659334573,0.017479222767,-0.00879373960841,0.573988717265,0.818848987425,0.00200876752971,0.0,0.818805061645,-0.573928360714,-0.0120521655354,0.0,-0.00871618270311,0.00856276091663,-0.999925350856,0.0,0.660739367794,0.259641106846,0.30329314564,1.0,-0.00632,-0.00830628571429,0.317
0.464284960052,0.542011086731,-0.124031157013,-1.36480456269,0.0791255398705,1.89730032296,0.15807245497,-0.0046084635108,-0.0386192875462,-0.00133504915634,-0.0534268397901,-0.00177632538777,0.0138498841328,-0.00672304571852,0.573991805659,0.818846781835,0.00202529422663,0.0,0.818803073404,-0.573931379342,-0.0120434917051,0.0,-0.00869956200924,0.00857134771256,-0.999925422029,0.0,0.66064059236,0.259511676002,0.303306928725,1.0,-0.00664,-0.00872685714286,0.333
0.464192183431,0.541371690772,-0.12402666211,-1.36577918353,0.0790630029259,1.8976582423,0.157953937864,-0.00582457850786,-0.0397513281251,0.00101660252374,-0.0568247870112,-0.000114027704441,0.0227736095592,-0.00481216677172,0.574002677042,0.818839103739,0.00204837425519,0.0,0.818795683166,-0.573942137547,-0.0120332405677,0.0,-0.00867780669765,0.00858447757477,-0.999925498433,0.0,0.660523348153,0.259353321649,0.303328645619,1.0,-0.007,-0.0092,0.351
0.464120911584,0.540726576383,-0.124036834608,-1.36676375256,0.0789942371098,1.89801922955,0.157821568426,-0.00728271743549,-0.0374289371438,-0.00272959406302,-0.0618453008963,-0.00768488948889,0.0235104049444,-0.00692326812388,0.573998258331,0.818842185401,0.00205468800501,0.0,0.8187989868,-0.573937830779,-0.0120138468906,0.0,-0.00865834816651,0.00857846880988,-0.999925718681,0.0,0.660416837336,0.259211862571,0.303344963248,1.0,-0.0073,-0.00959428571429,0.366
0.464014360764,0.539942786413,-0.12403288859,-1.36793870416,0.078925625991,1.89844836054,0.157678131835,-0.00831715981746,-0.0455703863607,-0.00110614493198,-0.0646751494783,-0.00887138215159,0.0262394013346,-0.00680120002545,0.574011950801,0.818832497981,0.00208985382905,0.0,0.818789704691,-0.573951320178,-0.0120020189962,0.0,-0.00862833495351,0.00860061872568,-0.999925787843,0.0,0.660282148465,0.259032626254,0.303376701181,1.0,-0.00766,-0.0100674285714,0.384
0.463915539961,0.539191513571,-0.124038507384,-1.36909017,0.0788644472589,1.89888741609,0.157538415951,-0.00102671985779,-0.0498441346635,-0.00104175570939,-0.0630522262845,-0.0076439360516,0.0201479576559,-0.00256098888501,0.574029833659,0.818819869833,0.00212549682515,0.0,0.818777505864,-0.573969016182,-0.0119879629497,0.0,-0.00859617844345,0.00862192336587,-0.99992588133,0.0,0.660153548048,0.258857190658,0.303397700727,1.0,-0.008,-0.0105142857143,0.401
0.463809280101,0.53847718645,-0.124033382664,-1.37020995517,0.0788041122693,1.89932344315,0.157396255226,-0.00776063129445,-0.0464029421681,0.000868330362153,-0.0688045827585,-0.00328746486946,0.0240575118463,-0.00437994521525,0.574042738583,0.818810744647,0.00215537264282,0.0,0.818768700446,-0.573981725213,-0.01198086777,0.0,-0.00857308381067,0.00864244819693,-0.999925902416,0.0,0.660029890324,0.258686292119,0.303406947598,1.0,-0.00832,-0.0109348571429,0.417
0.463699195901,0.537699947126,-0.124052425789,-1.37143565765,0.0787271311038,1.89979472512,0.157251583312,-0.00770495908247,-0.0440225049681,-0.00213153019435,-0.0709425923919,-0.0103006247407,0.0234797721099,-0.0082447153556,0.574074963332,0.818788121326,0.00216696843936,0.0,0.81874636359,-0.574014034632,-0.0119593919092,0.0,-0.00854850232186,0.0086399513473,-0.999926134446,0.0,0.659897600856,0.258486814828,0.30341392091,1.0,-0.00866,-0.0113817142857,0.434
0.463583345309,0.536870171047,-0.124054236828,-1.37273402529,0.0786572008631,1.90027334592,0.157084442948,-0.00188678620336,-0.0460151842339,-0.00090221541634,-0.0759213580737,6.77088599898e-05,0.0275369279709,-0.0156627159744,0.574087062314,0.818779605424,0.00217934077036,0.0,0.818737925796,-0.574025997145,-0.0119628744713,0.0,-0.00854412388136,0.00865220698577,-0.999926065898,0.0,0.659748193082,0.25828724906,0.303423348008,1.0,-0.009,-0.0118285714286,0.451
0.463479680259,0.536073189614,-0.124057517984,-1.37397178715,0.0785868346057,1.90073712326,0.156936378701,-0.00614826322268,-0.0544778733243,0.00121978291378,-0.0776484484868,-0.00830630732391,0.036237371309,-0.0160018758164,0.574102305851,0.818768862269,0.00219988560061,0.0,0.818727424648,-0.574041128441,-0.0119554961527,0.0,-0.0085261273246,0.00866495140835,-0.999926109155,0.0,0.65960594879,0.258100571199,0.303437075838,1.0,-0.00932,-0.0122491428571,0.467
0.463353697318,0.535125560745,-0.124061713839,-1.37546350339,0.0785003917594,1.90127014604,0.156757482163,-0.0111117366597,-0.0537093892808,0.00122700182248,-0.0778193182272,-0.000695675858986,0.0343674901961,-0.0111020776325,0.574120597071,0.818756059234,0.00219143522835,0.0,0.818714454545,-0.574059394159,-0.011966653609,0.0,-0.00853992059156,0.00866462883357,-0.999925994243,0.0,0.659429065135,0.257872593729,0.303442108451,1.0,-0.00968,-0.0127222857143,0.485
0.463238553413,0.534285341087,-0.124072601644,-1.37684895572,0.0784221893303,1.90177291705,0.156593676136,-0.00802278728952,-0.0556987778669,-0.00149343514433,-0.0895133340363,-0.00865737346892,0.0327228597773,-0.0102574675594,0.574143459043,0.818740126539,0.00215419001274,0.0,0.818698001296,-0.574082371687,-0.0119899997162,0.0,-0.00858017656825,0.00864777746534,-0.999925795504,0.0,0.659265921089,0.257658374519,0.303419376384,1.0,-0.01,-0.0131428571429,0.501
0.463111908891,0.533371556922,-0.124072674132,-1.37832585561,0.078340109304,1.90232180773,0.156397272137,-0.0131532780184,-0.056513213937,-0.000399480639999,-0.0863071100319,-0.0043734163482,0.0345352891281,-0.00891854751908,0.574145324655,0.818738843274,0.00214466609624,0.0,0.818696508372,-0.574084190692,-0.0120048356336,0.0,-0.00859777187392,0.00864851740765,-0.999925637968,0.0,0.659093000232,0.257435482929,0.303408481442,1.0,-0.01034,-0.0135897142857,0.518
0.462977515281,0.532358772188,-0.124070987427,-1.37994668941,0.0782535055091,1.90293350905,0.15619172254,-0.0101188366278,-0.0610057027462,-0.000649587446663,-0.094317781784,-0.00100973221643,0.0285644123832,-0.00950973467129,0.574151365398,0.818734585918,0.00215275042851,0.0,0.818692238854,-0.57409007849,-0.0120144380197,0.0,-0.00860092886918,0.00866071280709,-0.999925505263,0.0,0.658903137263,0.257196267069,0.303404076668,1.0,-0.0107,-0.0140628571429,0.536
0.462840922658,0.531383189066,-0.124068425531,-1.38151792314,0.0781647210779,1.90350020312,0.155993024607,-0.00784385663609,-0.0577611706912,0.0007230551863,-0.096974976847,-0.00615886363602,0.0371912287553,-0.0068741561389,0.574160536567,0.818728210125,0.00213145376819,0.0,0.818685468034,-0.574099220365,-0.0120389579072,0.0,-0.00863313472718,0.00865745144028,-0.999925255966,0.0,0.65871490909,0.256958145349,0.30339289458,1.0,-0.01104,-0.0145097142857,0.553
0.462708133274,0.530429856968,-0.124068452798,-1.38305740635,0.0780600665821,1.904038661,0.15579946782,-0.00969882340756,-0.0557005386149,0.000403262155644,-0.0936271331609,-0.0085097791382,0.0359861087555,-0.0115456209732,0.574170993469,0.818720985574,0.00208924395901,0.0,0.818677712323,-0.574109875108,-0.0120582565489,0.0,-0.00867305908092,0.00863408483993,-0.999925112509,0.0,0.658540661768,0.256732766461,0.303380669039,1.0,-0.01134,-0.014904,0.568
0.462580158564,0.52944142936,-0.124071526797,-1.38460599945,0.0779649568181,1.90461947675,0.155586963705,-0.00562330447543,-0.0659246339054,0.00249451628037,-0.0974334705873,-0.00503047375842,0.034621648118,-0.0157150440877,0.574157864959,0.818730165394,0.00209982875745,0.0,0.818687058018,-0.574096730735,-0.01204955162,0.0,-0.0086599932977,0.00863761376046,-0.999925195274,0.0,0.658346726968,0.256487191438,0.303388142007,1.0,-0.01168,-0.0153508571429,0.585
0.46243865928,0.528340730167,-0.124074663135,-1.38631060369,0.0778575518188,1.90526286378,0.155354901125,-0.0112997526813,-0.064157673575,-0.000145681391762,-0.101784324705,-0.0118118167611,0.0406191271555,-0.0117363414973,0.574149519479,0.818735940487,0.00212977422762,0.0,0.818693275307,-0.574088310876,-0.0120282660373,0.0,-0.00862546128447,0.00864982153944,-0.999925388219,0.0,0.658148191128,0.256230612471,0.303407725019,1.0,-0.01202,-0.0157977142857,0.602
0.462303362743,0.527289798191,-0.124077349058,-1.38794202323,0.0777519656091,1.90588813818,0.15512486279,-0.0053929421157,-0.0640463296303,-2.46798834368e-05,-0.100740422044,-0.00883124741418,0.0412745545455,-0.0139235887473,0.574133811456,0.818746869771,0.00216256433186,0.0,0.818704717142,-0.574072552749,-0.0120015502998,0.0,-0.00858492820037,0.00866116419088,-0.999925638857,0.0,0.657959588031,0.255985502354,0.303425257362,1.0,-0.01234,-0.0162182857143,0.618
0.462155852475,0.526119349024,-0.12407802403,-1.38975813497,0.0776480447493,1.90656280845,0.154886939184,-0.0102322976288,-0.070507504924,0.00136784790144,-0.103692854621,-0.0067128448985,0.0352090433134,-0.0101647411698,0.574130368875,0.818749210474,0.00219015631388,0.0,0.818707346994,-0.574068924476,-0.0119957004794,0.0,-0.00856433450702,0.00868036013023,-0.999925648997,0.0,0.657742760449,0.25571682099,0.303442954626,1.0,-0.01268,-0.0166651428571,0.635
0.461995762392,0.524873220492,-0.124084022056,-1.39170434514,0.0775192442791,1.90726235196,0.15462044986,-0.00701424806696,-0.0699699258543,0.00405130887174,-0.108548797823,-0.0122955085543,0.0363197845417,-0.0136430406954,0.574118936749,0.818757250018,0.00218149264985,0.0,0.818715349721,-0.574057606846,-0.0119911240178,0.0,-0.00856568219146,0.00867051982365,-0.999925722829,0.0,0.657521496472,0.255435075782,0.303451809676,1.0,-0.01302,-0.017112,0.652
0.46186056684,0.523822989723,-0.124095387899,-1.39338372679,0.0774214577482,1.90786877017,0.154394851964,-0.00452642037614,-0.0714634560975,-0.000305637288967,-0.116100101015,-0.00284303735791,0.0325109516883,-0.00819853408993,0.574115326247,0.818759831476,0.0021627367587,0.0,0.818717641134,-0.574054028855,-0.0120059548853,0.0,-0.00858863120666,0.00866364024526,-0.999925585607,0.0,0.657303841946,0.255164341658,0.303446014433,1.0,-0.01334,-0.0175325714286,0.668
0.461689202646,0.522532956081,-0.124097509108,-1.39541334671,0.0772875839513,1.90864842049,0.15412796921,-0.00678977015531,-0.0696138723997,-0.00202956350045,-0.113814928619,-0.00616848896063,0.0504260602261,-0.0141417289821,0.574111491956,0.818762451684,0.0021884739117,0.0,0.81872071452,-0.574050207184,-0.0119790713298,0.0,-0.00855188455874,0.0086692383478,-0.99992585204,0.0,0.657067166439,0.2548577558,0.303454345145,1.0,-0.0137,-0.0180057142857,0.686
0.461528538593,0.521300199091,-0.124102466206,-1.3974007101,0.0771755421057,1.9094206418,0.153841116682,-0.0131542587374,-0.074622037479,-1.06662441817e-05,-0.121856693614,-0.00604857004962,0.0401609035526,-0.0201720991747,0.574088132544,0.81877878838,0.00220423969965,0.0,0.818737217795,-0.574026746266,-0.0119753776241,0.0,-0.00854005706121,0.00867978236846,-0.999925861653,0.0,0.65683348102,0.254563845872,0.303441694941,1.0,-0.01404,-0.0184525714286,0.703
0.461373802568,0.520087371245,-0.124100407001,-1.39931013753,0.0770509512269,1.91012061315,0.153593204147,-0.00775187412048,-0.0771166117603,0.00133893289086,-0.118600833482,-0.00159455262879,0.0480359066819,-0.0213063738695,0.574078522784,0.818785531014,0.00220244915116,0.0,0.818743962111,-0.574017170518,-0.0119732768446,0.0,-0.00853946662045,0.00867701008756,-0.999925890757,0.0,0.656600145724,0.254280081965,0.303445247411,1.0,-0.01436,-0.0188731428571,0.719
0.461233477317,0.518992823348,-0.124108886574,-1.40101720691,0.0769360164356,1.91072635892,0.153357823917,-0.0108537721711,-0.0826170777051,-1.90026836482e-05,-0.122600373417,-0.0106553959149,0.0491519387808,-0.0179692306901,0.574066263813,0.81879416085,0.00218947733787,0.0,0.818752496279,-0.574005040978,-0.0119712016807,0.0,-0.00854534352977,0.00866506988753,-0.999925944092,0.0,0.656390310149,0.254017332721,0.30345391238,1.0,-0.01464,-0.0192411428571,0.733
0.461010596528,0.517332149736,-0.12411873967,-1.40364141632,0.0767681984966,1.91166711853,0.153002774802,-0.0112448166709,-0.0772052519988,-0.00290729497474,-0.126146938062,-0.0063225406877,0.0418205824907,-0.0197601925787,0.574058741182,0.818799503651,0.00216365287743,0.0,0.818757529458,-0.573997653221,-0.0119811916912,0.0,-0.00856842710462,0.00864958143586,-0.999925880652,0.0,0.656068696903,0.253612414689,0.303452088456,1.0,-0.01506,-0.0197931428571,0.754
0.460847634241,0.516135951125,-0.124115976274,-1.4055298606,0.0766539275512,1.91237123477,0.152739958101,-0.011114992848,-0.0785060095265,-0.00281779661892,-0.12874633609,-0.00523142174252,0.0499035761654,-0.0168810027129,0.574044120186,0.818809726778,0.00217400908888,0.0,0.818767841507,-0.573982944663,-0.0119811456559,0.0,-0.00856259931901,0.00865788163703,-0.999925858741,0.0,0.65584003354,0.253328008295,0.303453240699,1.0,-0.01536,-0.0201874285714,0.769
0.46064373908,0.514673842764,-0.124127334587,-1.40787110736,0.0765076855052,1.9132481488,0.152417915861,-0.00991559105328,-0.0832826839384,-0.0010325662977,-0.130313501078,-0.00689235312077,0.0443136493138,-0.0217718766099,0.574039576372,0.818812934362,0.00216568264693,0.0,0.818770994977,-0.573978490864,-0.0119790112839,0.0,-0.00856567903863,0.00864979123369,-0.999925902382,0.0,0.655559992174,0.252964887138,0.303440399694,1.0,-0.01572,-0.0206605714286,0.787
0.460467990076,0.513354910959,-0.124122765104,-1.40999489205,0.0763854391195,1.91398066001,0.152127883604,-0.0089230568272,-0.0758026591295,-0.000148248634579,-0.137898078951,-0.0114319512108,0.0458938019228,-0.0119038691422,0.574026643171,0.818822190634,0.00209283435571,0.0,0.818779095711,-0.573965658766,-0.0120400118908,0.0,-0.00865758054729,0.00862502268908,-0.999925324853,0.0,0.655269802086,0.252624131667,0.303406122907,1.0,-0.01606,-0.0211074285714,0.804
0.46026492833,0.511931849548,-0.124136604407,-1.4122832082,0.0762441802673,1.9147963598,0.151812391959,-0.0113201581149,-0.083243928328,-0.000274507507688,-0.12766106487,-0.00812030825518,0.0406011243213,-0.0190600528078,0.574020664459,0.818826455359,0.00206389890888,0.0,0.818782954099,-0.573959775816,-0.0120580563514,0.0,-0.00868902787639,0.00861162456493,-0.999925167559,0.0,0.655003651232,0.252286224738,0.303396127141,1.0,-0.01638,-0.021528,0.82
0.460067198599,0.510473086645,-0.124137657789,-1.41461411597,0.0760991556033,1.9156857813,0.151484119078,-0.0113668571503,-0.0837480569872,0.000390748878642,-0.141552176367,-0.00656918106444,0.0557765973727,-0.0211590053724,0.57399739199,0.818842742543,0.00207457837234,0.0,0.818799400665,-0.573936480426,-0.0120500957615,0.0,-0.0086766243038,0.00861555294435,-0.999925241425,0.0,0.654721788491,0.25193557886,0.303385238879,1.0,-0.01672,-0.0219748571429,0.837
0.459870641595,0.508978431946,-0.124143927992,-1.41698143982,0.0759542847352,1.91655975461,0.151151198147,-0.0127674713175,-0.0916440359046,-0.000205283893301,-0.139818743227,-0.0104177109875,0.0524953585911,-0.0144496831879,0.573974421103,0.818858847145,0.00207346872091,0.0,0.818815469788,-0.573913496349,-0.0120528853403,0.0,-0.00867978722417,0.00861600203539,-0.999925210105,0.0,0.654429010127,0.251577885934,0.303380456976,1.0,-0.01706,-0.0224217142857,0.854
0.459674796615,0.507565598141,-0.124144309276,-1.41920831666,0.0758055874617,1.91735540915,0.150838800303,-0.00856937109239,-0.0913414697412,0.000352080031603,-0.147718107478,-0.00764986530855,0.0575441329702,-0.0164668765983,0.573954385413,0.818872945775,0.00205159548453,0.0,0.818829307994,-0.573893581825,-0.0120610120579,0.0,-0.00869920647848,0.00860254289964,-0.99992515723,0.0,0.654149773878,0.251233899164,0.303377782584,1.0,-0.01738,-0.0228422857143,0.87
0.459452204662,0.506000734236,-0.124152847899,-1.42165019261,0.0756562640837,1.91825891669,0.150519774559,-0.0121439174569,-0.0897675457173,-0.00152725182462,-0.146088880676,-0.00852346247779,0.0529006261031,-0.0120239795254,0.573967565841,0.818863656447,0.00207181395434,0.0,0.818820278859,-0.573906670238,-0.0120512109899,0.0,-0.00867943795404,0.00861361335592,-0.999925233716,0.0,0.653852277411,0.250851368306,0.30338820101,1.0,-0.01772,-0.0232891428571,0.887
0.459212366076,0.504262322824,-0.124156128581,-1.42427310006,0.0754939582056,1.91926996633,0.150149332124,-0.00630558510946,-0.0960929683882,-0.000492703257855,-0.147091930881,-0.00921428590496,0.0488502269046,-0.0209553232245,0.573954530835,0.81887251903,0.00217738652154,0.0,0.818830578621,-0.573893252407,-0.0119902150861,0.0,-0.00856903517913,0.00866491576613,-0.999925742678,0.0,0.653540169433,0.250446678592,0.3034421949,1.0,-0.01808,-0.0237622857143,0.905
0.459002062967,0.502777472994,-0.124162456443,-1.42644396901,0.0753540480548,1.92010312889,0.14984013917,-0.0141857245875,-0.104311342941,-0.00146774539651,-0.145352510266,-0.0151096414134,0.0549548969348,-0.0220323832482,0.573951775032,0.818874119944,0.00229837454369,0.0,0.818833877834,-0.573890129146,-0.011914154682,0.0,-0.00843734091139,0.00872030506098,-0.999926381069,0.0,0.653285493523,0.250101464869,0.303518210545,1.0,-0.01838,-0.0241565714286,0.92
0.458760174427,0.500978110408,-0.124157514147,-1.42915604252,0.0751796875996,1.9210497337,0.149463894516,-0.011478338948,-0.0940184122033,0.00119717771371,-0.152200862058,-0.00920438231425,0.0467555399641,-0.0199927211334,0.573929356884,0.818889748811,0.00232798218525,0.0,0.818849817631,-0.573867518691,-0.0119077310325,0.0,-0.00841532753508,0.00874063248555,-0.999926389094,0.0,0.652937686945,0.249684534367,0.303565119992,1.0,-0.01874,-0.0246297142857,0.938
0.458515174167,0.499275921845,-0.124158473623,-1.43175891404,0.0750169465575,1.92200054348,0.149097503788,-0.0137786439834,-0.0940772168278,0.000618203112083,-0.151122671093,-0.0136803378538,0.0568707593546,-0.0220363897047,0.573919255241,0.818896707685,0.00237012820971,0.0,0.818857297324,-0.57385722286,-0.0118895455046,0.0,-0.00837635574812,0.00876460462706,-0.999926506484,0.0,0.652614746898,0.249275990443,0.303596105834,1.0,-0.01908,-0.0250765714286,0.955
0.458275213215,0.497694783885,-0.124157819044,-1.43425204359,0.0748640116525,1.92293064265,0.14872797619,-0.015932286524,-0.0959414472462,0.00127794872129,-0.154582360607,-0.0070981509444,0.0570587262979,-0.0255608011658,0.573898173377,0.818911438804,0.00238513987879,0.0,0.818872177364,-0.573836036106,-0.0118872917962,0.0,-0.00836612108844,0.00877538868751,-0.999926497584,0.0,0.652307699012,0.248883360467,0.303592542367,1.0,-0.0194,-0.0254971428571,0.971
0.458009113862,0.496022685446,-0.124160718347,-1.43692893163,0.0746929550831,1.9238739106,0.148334663016,-0.0148386873791,-0.103174611732,0.000773331760873,-0.159026086345,-0.0158978252989,0.0485313803982,-0.0228425869609,0.573885078092,0.818920775408,0.00232973172603,0.0,0.818880722294,-0.573823088287,-0.0119236280548,0.0,-0.00842781513999,0.00875073309468,-0.999926195578,0.0,0.651968312297,0.248449229068,0.303565600033,1.0,-0.01974,-0.025944,0.988
0.457710957233,0.4941395377,-0.124163155912,-1.44001430978,0.074499989102,1.92493655393,0.147906631496,-0.0187656316047,-0.0997070624449,-0.00302496277011,-0.163395001215,-0.00892544218181,0.0576002716345,-0.026451360997,0.573883517854,0.818922201118,0.00220983086052,0.0,0.818880408185,-0.573821834502,-0.0120052588726,0.0,-0.00856348869631,0.00869937488157,-0.999925490993,0.0,0.651566931271,0.247953604879,0.303500989707,1.0,-0.0230657142857,-0.0303149387755,1.007
0.457447917009,0.492157250754,-0.124234936117,-1.44301478785,0.0743302417675,1.92604474238,0.147478027569,-0.0129910210672,-0.141687749587,-0.00799197805279,-0.219915278368,-0.00761872230062,0.0810599439863,-0.0294633617289,0.573904628625,0.818907214133,0.00228008466686,0.0,0.818866484244,-0.573842804937,-0.0119525354982,0.0,-0.0084797706278,0.00872686838041,-0.999925964889,0.0,0.651201927459,0.247458344476,0.303550770935,1.0,-0.03078,-0.0404537142857,1.022
0.457058356364,0.48934389296,-0.124256416253,-1.44752030704,0.0740920265364,1.92774651366,0.146797896186,-0.0246294869392,-0.187236380492,0.00097459889363,-0.292462538749,-0.012436618342,0.105576715031,-0.0441706373464,0.573844067271,0.818949590897,0.00230237445397,0.0,0.818908832621,-0.573781832125,-0.0119783087711,0.0,-0.00848873386973,0.00875928484396,-0.999925605396,0.0,0.650632581361,0.246772034146,0.303511342365,1.0,-0.0395228571429,-0.0519443265306,1.039
0.456504132476,0.485718888378,-0.124310796179,-1.45322938999,0.0737555884345,1.92988526565,0.145953620697,-0.038819926383,-0.232446443884,-0.00366110814486,-0.359506664895,-0.0297458800775,0.13694148777,-0.0544152169025,0.573838683191,0.818953245247,0.00234407230614,0.0,0.818913038973,-0.573776288601,-0.0119562595093,0.0,-0.00844680704532,0.00878072464465,-0.999925772408,0.0,0.649926989833,0.245841685249,0.303499609082,1.0,-0.0482657142857,-0.0634349387755,1.056
0.455882810994,0.481646261611,-0.124418663874,-1.45963797339,0.073371235726,1.93213847211,0.144965300674,-0.0379163285488,-0.268328135323,-0.0087968564672,-0.424203432601,-0.0264552698346,0.143552008757,-0.0648379868285,0.573827091418,0.818961596849,0.00226250791274,0.0,0.818920344365,-0.573765048029,-0.0119952551656,0.0,-0.00852566950935,0.00873618434012,-0.999925493246,0.0,0.649109220181,0.244760447246,0.303473815264,1.0,-0.0564942857143,-0.0742496326531,1.072
0.45502610981,0.47621858645,-0.124551855193,-1.4680912982,0.0728551186547,1.93513157023,0.143728881242,-0.0507074274368,-0.318903311471,-0.00956070522704,-0.497064424662,-0.0327189089923,0.174672700611,-0.0609861980734,0.573884180448,0.81892168231,0.00222992723723,0.0,0.818880072325,-0.573822333136,-0.0120043344226,0.0,-0.00855119232735,0.00871530839595,-0.999925457476,0.0,0.647970188991,0.24323683841,0.303477361941,1.0,-0.0662657142857,-0.0870920816326,1.091
0.454132770065,0.470767356356,-0.124643606284,-1.47656810676,0.0723614816339,1.9381754664,0.142483735902,-0.0596179846098,-0.361679596097,-0.00840538489167,-0.541861081355,-0.0304671790877,0.193571799372,-0.0778969680716,0.57393682476,0.818884763007,0.00223897312081,0.0,0.818843038525,-0.573874696061,-0.0120274012446,0.0,-0.00856433048851,0.00873650423865,-0.999925160068,0.0,0.646946785567,0.241881004465,0.3034750553,1.0,-0.07398,-0.0972308571428,1.106
0.453120335832,0.464624053137,-0.124683318044,-1.4858184082,0.0717867836871,1.94165244046,0.140972595149,-0.0679932272884,-0.400002674899,-0.0047257746722,-0.599104227109,-0.0448133659399,0.215741768931,-0.0918774485216,0.573840635195,0.818951253631,0.00255273891978,0.0,0.818913685019,-0.573777338272,-0.0118612594513,0.0,-0.00824924837821,0.00889711679052,-0.999926392898,0.0,0.645781237276,0.240333724051,0.303613653302,1.0,-0.0822085714286,-0.10804555102,1.122
0.451805624781,0.457063952018,-0.124755328171,-1.49762720627,0.07101966793,1.94566399091,0.139188529305,-0.0710515276661,-0.438443316955,-0.00870783212736,-0.690543908358,-0.0455617018288,0.221087910308,-0.102969855685,0.57384904453,0.818945990826,0.00234202955878,0.0,0.818905279517,-0.573786160124,-0.0120138474514,0.0,-0.00849503161299,0.00881220491384,-0.999925086935,0.0,0.644189723351,0.238298627686,0.303548000417,1.0,-0.0914657142857,-0.120212081633,1.14
0.450513488467,0.44958137152,-0.124879243814,-1.50888514794,0.0702327591815,1.94973009254,0.13739913363,-0.0752355304461,-0.487007582908,-0.0042281779904,-0.732519192946,-0.0510272496116,0.276489114505,-0.111722977858,0.573838348195,0.818952804303,0.00256931258652,0.0,0.818915988593,-0.57377557039,-0.0117875082549,0.0,-0.00817936162434,0.00886834616629,-0.999927222592,0.0,0.642640020816,0.236189412317,0.303698569705,1.0,-0.100208571429,-0.131702693878,1.157
0.4489967383,0.441094204411,-0.12493322285,-1.52175783366,0.0694069387567,1.95432486557,0.135430162417,-0.0905395812435,-0.515112998243,-0.000263331390493,-0.780483693865,-0.0486612379223,0.280093832165,-0.121861971442,0.573852994125,0.81894207517,0.00271395500263,0.0,0.818906750395,-0.57378925899,-0.0117629642349,0.0,-0.00807610360082,0.00897286107329,-0.999927129502,0.0,0.64100502784,0.234085773497,0.303766932859,1.0,-0.108437142857,-0.142517387755,1.173
0.447314434119,0.431954357002,-0.12500776792,-1.53553928695,0.0684686492198,1.95916533911,0.133137246694,-0.0964011276663,-0.553036858494,-0.00286689872745,-0.807960134469,-0.0569645036692,0.305502910974,-0.14362112105,0.573753679366,0.819011158883,0.00286075867136,0.0,0.818977813133,-0.573689521825,-0.0116799420391,0.0,-0.0079249681711,0.00904448173458,-0.999927693501,0.0,0.639131869294,0.231645267998,0.303867446754,1.0,-0.11718,-0.154008,1.19
0.445223081857,0.421096797308,-0.125081155776,-1.55210010164,0.0672876423781,1.96485382683,0.130402192127,-0.117203845701,-0.586282054598,-0.00531160941221,-0.893011233584,-0.0652179694354,0.297651629675,-0.152316745425,0.573659427961,0.819077376042,0.00280351013648,0.0,0.819043388125,-0.573595595172,-0.0116948052039,0.0,-0.00797102276131,0.00900520508231,-0.999927681924,0.0,0.636821955198,0.228669251039,0.303865246436,1.0,-0.126951428571,-0.16685044898,1.209
0.443540379264,0.41256582883,-0.125187461353,-1.56484335664,0.0663621117842,1.96936514158,0.128335182415,-0.121175935365,-0.630825091344,-0.00569962067521,-0.931772226823,-0.0607367344651,0.328568013006,-0.160222580663,0.573695614103,0.819051324939,0.00300272786717,0.0,0.819020553148,-0.573631846808,-0.0115145451702,0.0,-0.00770869156202,0.00906531443666,-0.999929195568,0.0,0.63507066944,0.226318638597,0.303975351504,1.0,-0.134151428571,-0.176313306122,1.223
0.441303397823,0.401819177798,-0.125252685836,-1.58132557088,0.0652744747027,1.9748440124,0.125560415743,-0.133982800291,-0.646735306374,-0.00806809661269,-0.977742526626,-0.0685221928452,0.319220788106,-0.176617892949,0.573670332958,0.819069716555,0.00280987675085,0.0,0.819035311336,-0.573605911836,-0.0117543010171,0.0,-0.00801598441914,0.0090446561953,-0.999926966427,0.0,0.632675724179,0.22328442246,0.303866666217,1.0,-0.142894285714,-0.187803918367,1.24
0.438822765686,0.390364328367,-0.125388987504,-1.59833008674,0.0640255468068,1.98072471912,0.122647545686,-0.150338798526,-0.677126188809,-0.00469396694211,-1.01573106256,-0.0746954189182,0.334880628884,-0.176889316875,0.573733829322,0.819024446303,0.00303254868578,0.0,0.818993489522,-0.573669289564,-0.0115739895155,0.0,-0.00773984932035,0.00912420262472,-0.999928419268,0.0,0.630267600749,0.220016947733,0.303990581866,1.0,-0.151637142857,-0.199294530612,1.257
0.436356149014,0.379118924904,-0.125519688988,-1.61518469476,0.0627326325837,1.98632135743,0.119635033157,-0.154304602422,-0.720100956837,-0.0134932153244,-1.06698742113,-0.0842404433785,0.35803228275,-0.187875300755,0.573655370698,0.819079691078,0.00295334295441,0.0,0.819048083761,-0.573591536937,-0.0115642614463,0.0,-0.00777818892293,0.00905300487274,-0.999928768903,0.0,0.627781772461,0.21676709977,0.303989023123,1.0,-0.159865714286,-0.21010922449,1.273
0.433447962818,0.366715352002,-0.125651169576,-1.63373868454,0.0613672299537,1.99241755625,0.116365679205,-0.177071932095,-0.750275212667,-0.00975313903369,-1.09903687039,-0.0844455956985,0.360123767702,-0.189097513097,0.573760364093,0.819006365833,0.00289209630097,0.0,0.818973733488,-0.573696450914,-0.0116255307745,0.0,-0.00786234970153,0.0090389937038,-0.99992823745,0.0,0.624849174213,0.212877404261,0.303967724014,1.0,-0.169122857143,-0.222275755102,1.291
0.430101765129,0.353025763967,-0.125845561464,-1.65401868992,0.0597931628308,1.99911016509,0.112610306071,-0.196568425215,-0.753317639872,-0.0107761340856,-1.15120350256,-0.0818374364039,0.368794897509,-0.210728997181,0.573818697471,0.818965508302,0.0028888659822,0.0,0.81893320707,-0.573755216585,-0.0115801857128,0.0,-0.0078264214341,0.00901088885333,-0.999928772968,0.0,0.621963102389,0.208971805603,0.303975696386,1.0,-0.177865714286,-0.233766367347,1.308
0.426891300168,0.340246802321,-0.125995551082,-1.6725900086,0.058417206752,2.00516166759,0.109119210496,-0.201462172316,-0.810225154765,-0.00311518087398,-1.17303873812,-0.0905078225846,0.388239886125,-0.221425942501,0.573930894815,0.818886117989,0.00309849049519,0.0,0.818856200979,-0.573866340748,-0.0115192003467,0.0,-0.00765494123329,0.00914861925748,-0.999928849789,0.0,0.619118851608,0.205149746279,0.304097548938,1.0,-0.186094285714,-0.244581061224,1.324
0.42332775788,0.32636766813,-0.126097848934,-1.692927021,0.0567605604014,2.01169751914,0.105134235872,-0.218060302993,-0.857563596168,-0.00556549981804,-1.20825257663,-0.105839950049,0.40235507391,-0.239108418988,0.573827620712,0.818958503559,0.00309484357959,0.0,0.818928745615,-0.573763337976,-0.0114929761858,0.0,-0.00763670982614,0.00912961932356,-0.999929162848,0.0,0.615912242844,0.200970936563,0.30409907215,1.0,-0.194837142857,-0.256071673469,1.341
0.419539844801,0.312027594105,-0.126162988253,-1.71386358404,0.0550302766,2.01825155342,0.100974289053,-0.233102402571,-0.82703274888,-0.00240756903328,-1.22832995174,-0.096553827313,0.385147483626,-0.264429033268,0.573694172799,0.819052333834,0.0030029050569,0.0,0.819021224,-0.573630005267,-0.0115584859439,0.0,-0.00774459755187,0.00909065403092,-0.999928688066,0.0,0.61251326588,0.196639169372,0.30406563223,1.0,-0.20358,-0.267562285714,1.358
0.41567887701,0.298038017164,-0.126282528093,-1.73409721145,0.0532873793235,2.02453853053,0.0968184891461,-0.246410099628,-0.856654554625,-0.00991439523466,-1.27686879521,-0.114855193142,0.385493339626,-0.258868419807,0.573600501966,0.819118119893,0.00295240721289,0.0,0.819086726902,-0.573536941976,-0.0115350293984,0.0,-0.00775538630459,0.00903495016439,-0.999929109317,0.0,0.609196753533,0.192319508258,0.304062582567,1.0,-0.211808571429,-0.278376979592,1.374
0.410998432275,0.281771108731,-0.126443790532,-1.75722918205,0.051400405899,2.03163081575,0.0919867291136,-0.270216005665,-0.90509003173,-0.00756653126392,-1.30042654721,-0.1188710408,0.402753909913,-0.272138993326,0.573659176025,0.819076392312,0.00312413513376,0.0,0.819046739014,-0.573594496032,-0.0115126162949,0.0,-0.00763787255603,0.00916330709323,-0.999928845822,0.0,0.605348478881,0.187262110404,0.304160441137,1.0,-0.221065714286,-0.290543510204,1.392
0.405973367789,0.265024809491,-0.126641562003,-1.78092661254,0.049351146007,2.0387003908,0.0868225596913,-0.281558315388,-0.934444610308,-0.0129401877167,-1.32001717769,-0.116971854455,0.386466857374,-0.286480762055,0.573666493476,0.819071110218,0.00316505453334,0.0,0.819041896718,-0.573601577954,-0.0115042639893,0.0,-0.00760747647083,0.00919210002738,-0.999928813266,0.0,0.601314412646,0.181949467571,0.304221661471,1.0,-0.230322857143,-0.302710040816,1.41
