position_joint1,position_joint2,position_joint3,position_joint4,position_joint5,position_joint6,position_joint7,velocity_joint1,velocity_joint2,velocity_joint3,velocity_joint4,velocity_joint5,velocity_joint6,velocity_joint7,ee_T_00,ee_T_10,ee_T_20,ee_T_30,ee_T_01,ee_T_11,ee_T_21,ee_T_31,ee_T_02,ee_T_12,ee_T_22,ee_T_32,ee_T_03,ee_T_13,ee_T_23,ee_T_33,v_x,v_y,time
0.465085196402,0.547509113402,-0.123997729446,-1.35572376897,0.0794251462354,1.89411084302,0.15914619099,0.000301625209811,-0.00097348679602,0.000626407832727,0.000177692959452,6.78092894413e-05,-2.46503960186e-05,0.00389183866448,0.573765872774,0.819004553864,0.00223850190324,0.0,0.818966002741,-0.573707028599,-0.0116481154018,0.0,-0.00825577423181,0.0085167120286,-0.99992965143,0.0,0.661714709563,0.260897936893,0.303460177046,1.0,0.0,0.0,0.0
0.465086090446,0.54751064185,-0.124002740429,-1.35572376897,0.0794251462354,1.89411084251,0.159144756787,-0.00158901090493,0.000611306677269,0.000807878896615,0.000255022089427,-5.40524542146e-05,-0.000961445453672,0.00176211782708,0.573767470526,0.819003441546,0.00223593472628,0.0,0.818964881665,-0.573708660866,-0.0116465422946,0.0,-0.00825594205629,0.00851372304683,-0.999929675498,0.0,0.661715586658,0.260895608193,0.303459260071,1.0,-0.00018,-0.000236571428571,0.01
0.465085027825,0.547513054011,-0.124003085024,-1.35572662757,0.0794251462354,1.89411119624,0.159139828281,0.00103188290777,0.00262732381601,-0.000313703397729,-0.000236269365904,0.000195630208646,0.000120109132599,-0.000716158345795,0.573764709219,0.819005387525,0.00223171713513,0.0,0.818966771879,-0.57370591425,-0.0116489232454,0.0,-0.00826034061466,0.00851160711134,-0.999929657185,0.0,0.661715294595,0.260894358004,0.303456232542,1.0,-0.00048,-0.000630857142857,0.025
0.465076909298,0.54749113805,-0.124003404935,-1.35573995219,0.0794251462356,1.89411086298,0.159135815691,-0.000479405413314,-0.00467942053786,-0.000340471370997,0.000936931944434,7.81826387961e-05,-0.000249913989862,-0.00114883728176,0.573768980136,0.819002373577,0.00223973445082,0.0,0.81896385002,-0.57371014302,-0.0116460747838,0.0,-0.0082533634215,0.00851658197073,-0.999929672439,0.0,0.661714943628,0.260887484753,0.30346539721,1.0,-0.00082,-0.00107771428571,0.042
0.46508391004,0.547393208022,-0.124003431385,-1.35583391913,0.0794243156851,1.89412580737,0.159141694062,0.000843765886703,-0.0119563315883,-0.000607099151003,-0.00777781938365,-0.000140084130391,-0.000388820674905,-0.000680044891268,0.573772914249,0.818999561375,0.00226014214805,0.0,0.818961235858,-0.573713933258,-0.0116431889184,0.0,-0.0082392502068,0.00853167950492,-0.999929660127,0.0,0.661697194491,0.260883114547,0.303491339746,1.0,-0.00114,-0.00149828571429,0.058
0.465074747028,0.547244316678,-0.123996010819,-1.35602145511,0.0794209774356,1.89416399655,0.159139696178,-0.00168808925536,-0.00784886585416,-5.4345891625e-05,-0.0122361071605,-0.00010717844292,0.00197220577638,-0.00236820260618,0.573782949052,0.81899251009,0.00226775109914,0.0,0.818954138681,-0.573723789277,-0.0116567257963,0.0,-0.00824586712408,0.00854577918455,-0.999929485181,0.0,0.661666620638,0.260863089954,0.303510607234,1.0,-0.00152,-0.00199771428571,0.077
0.465062335347,0.547108445855,-0.124000922677,-1.3562080287,0.0794136864928,1.89423379424,0.159131717494,-0.00212280124886,-0.00984579470097,0.0002741623875,-0.00954172558765,0.0001364181899,0.00590262027438,-6.67924250733e-05,0.573798500573,0.818981566194,0.00228514247957,0.0,0.818943410932,-0.573739265643,-0.0116486759988,0.0,-0.00822913338179,0.00855555991951,-0.999929539397,0.0,0.661646126418,0.260835232769,0.303524253653,1.0,-0.00182,-0.002392,0.092
0.465039610477,0.546907294696,-0.123998141697,-1.35643821117,0.0794063870692,1.89436825267,0.159121805822,0.000872443338763,-0.00878990045803,-0.000350840497345,-0.00812628580793,-0.00348087438098,0.0106397443496,-0.00544913415967,0.573818218379,0.818967485562,0.00237839226621,0.0,0.818930531331,-0.573758638473,-0.0115998505759,0.0,-0.00813543398295,0.00860410928899,-0.999929889551,0.0,0.661631170206,0.260805086802,0.3035687436,1.0,-0.0022,-0.00289142857143,0.111
0.465014448722,0.546700192258,-0.12400100485,-1.35669158884,0.0794003545228,1.89449809374,0.159107697735,-0.00489563850595,-0.0193294075883,-0.00130480181195,-0.0187202901169,-0.00565807968837,0.0127625487343,-0.00270286071229,0.573841995785,0.818950603889,0.00245339860773,0.0,0.81891460182,-0.573782130635,-0.0115623696724,0.0,-0.00806144855305,0.00864426366164,-0.999930142436,0.0,0.661611978841,0.260767273816,0.303606186151,1.0,-0.00254,-0.00333828571429,0.128
0.464981444281,0.546500468993,-0.123995715136,-1.35695644256,0.0793848276409,1.89460827261,0.159090187949,-0.00509877409135,-0.0148729905059,0.000681168143448,-0.0228528525421,-0.000720688257203,0.0121753546137,-0.00151619811644,0.573861705861,0.818936671962,0.00249334380013,0.0,0.81890117437,-0.573801687906,-0.0115428104231,0.0,-0.00802230032609,0.00866594589217,-0.999930269608,0.0,0.661586731251,0.260724653288,0.303630932312,1.0,-0.00282,-0.00370628571429,0.142
0.464947032226,0.546237799076,-0.123998247158,-1.35735400948,0.0793545615042,1.89474042526,0.159032231149,-0.00259769060621,-0.0195629199976,-0.00142990429863,-0.024443933623,-0.000159319901462,0.0100038344833,-0.00937848945464,0.573858295935,0.818939078765,0.00248764133926,0.0,0.818903551356,-0.573798345296,-0.0115403385635,0.0,-0.0080235842265,0.00865982407822,-0.999930312343,0.0,0.661540052053,0.260660746907,0.303639207878,1.0,-0.00316,-0.00415314285714,0.159
0.464902995014,0.545922558829,-0.123998883086,-1.35784382397,0.0793066513988,1.89490734387,0.15891573184,-0.00157708611259,-0.0197119817697,5.72820174777e-05,-0.0327068192169,-0.00175232221779,0.00622424380286,-0.000590177602975,0.573813983534,0.818970176023,0.00247183883516,0.0,0.818934577729,-0.573754236077,-0.0115317338042,0.0,-0.0080260725877,0.00864151077982,-0.999930450807,0.0,0.661483554399,0.260580815757,0.303643705634,1.0,-0.00352,-0.00462628571429,0.177
0.464858323674,0.545633289594,-0.123998593241,-1.3583169926,0.0792800795939,1.89507471719,0.158899921366,-0.00330458094472,-0.0189737630232,0.00103075309523,-0.0331253457632,-0.000233404657331,0.0118819207906,-0.00583449004432,0.573856786779,0.818940225485,0.00245809911203,0.0,0.818904422013,-0.573797051502,-0.0115428850591,0.0,-0.00804263771596,0.00863707745326,-0.999930356011,0.0,0.66142900084,0.260506126892,0.303637766196,1.0,-0.00384,-0.00504685714286,0.193
0.464801070244,0.545291354911,-0.124006255501,-1.35891230772,0.0792548486991,1.89526873194,0.158811094146,-0.00567904373553,-0.0180032879163,-0.000186898555397,-0.0369035811318,0.000290633745805,0.00956462486948,-0.00585043886926,0.573862757557,0.818936180451,0.00241137674755,0.0,0.818899678275,-0.573803082684,-0.0115795562836,0.0,-0.00809941812189,0.00861991770311,-0.999930045776,0.0,0.661358080298,0.260406729617,0.303613526899,1.0,-0.00418,-0.00549371428571,0.21
0.464750676118,0.544923911574,-0.124009823997,-1.35953663601,0.0792266786007,1.89546505397,0.158736862113,-0.00348886587735,-0.0233953941884,-0.00164106839875,-0.0391037053029,-0.00438604240862,0.00780294198837,-0.00896700156227,0.573872944124,0.818929179417,0.00236431863789,0.0,0.81889195372,-0.57381331338,-0.0116187960728,0.0,-0.00815845069767,0.00860399987173,-0.999929702963,0.0,0.66127899876,0.260310813428,0.303593567976,1.0,-0.0045,-0.00591428571429,0.226
0.464684592471,0.544506445729,-0.124012769516,-1.36024101859,0.0791888673335,1.89571197942,0.158640399985,-0.00377015634682,-0.0281283502798,-0.000286147222142,-0.0463348862068,-3.49086268683e-05,0.0119562048754,-0.0117872211957,0.573879355985,0.818924780362,0.00233147694907,0.0,0.818887077902,-0.57381978864,-0.0116426247993,0.0,-0.00819674415922,0.00859084376819,-0.999929502909,0.0,0.661197336596,0.26019791784,0.303575237567,1.0,-0.00484,-0.00636114285714,0.243
0.464612292236,0.544033648916,-0.124009870221,-1.36103185086,0.0791447360159,1.8959719795,0.158551297949,-0.00521307173254,-0.0301545556662,0.000158945908431,-0.0435479062082,-0.00315383341819,0.0128794909884,-0.00154846165494,0.573902820442,0.818908456688,0.0022889199604,0.0,0.818870131841,-0.573843331703,-0.0116741055336,0.0,-0.00824670106419,0.00857429536336,-0.999929234186,0.0,0.661097982791,0.260064594372,0.303558180612,1.0,-0.00522,-0.00686057142857,0.262
0.464542363723,0.543543037065,-0.124016078606,-1.36183629553,0.0791026681799,1.89626299187,0.158466751274,-0.002473363531,-0.025362825774,-0.00343508607638,-0.0483780243761,-0.00296416413675,0.0214374004474,-0.0102974000825,0.573921765505,0.81889524244,0.00226625022231,0.0,0.818856558932,-0.573862291215,-0.0116941659035,0.0,-0.00827594061514,0.00856743514984,-0.999929051414,0.0,0.661008218528,0.259948702599,0.303545447508,1.0,-0.00554,-0.00728114285714,0.278
0.464471745371,0.543061551694,-0.124017293154,-1.36262787672,0.079055576171,1.8965358196,0.158343697265,-0.00419784070092,-0.0316379608722,0.000324055253726,-0.0499418933675,-0.00472252539298,0.0231265558272,-0.00812331579873,0.57391111059,0.818902796788,0.00223460412636,0.0,0.818863666477,-0.573851718519,-0.0117152797017,0.0,-0.008311503917,0.00855352999449,-0.999928875484,0.0,0.660914338074,0.259824576209,0.303532950411,1.0,-0.00586,-0.00770171428571,0.294
0.464407406054,0.54254463206,-0.124028220692,-1.36346561864,0.0790059480675,1.89682933684,0.158239994428,-0.00554798846631,-0.0370819657343,-0.00106247014913,-0.0563838581257,-0.00479731187371,0.0218040092206,-0.00773611631549,0.573919823683,0.818896760044,0.002208907711,0.0,0.818857311591,-0.573860543276,-0.011727191757,0.0,-0.00833591484731,0.00853941246539,-0.999928792944,0.0,0.660815507973,0.259694957298,0.303525605251,1.0,-0.00618,-0.00812228571429,0.31
0.464320439142,0.541879116594,-0.124023692894,-1.36450152218,0.0789477174483,1.8972165449,0.158095850378,-0.00392957194386,-0.0368308148957,0.000616943962519,-0.0555611172663,-0.0018391457695,0.015829599253,-0.00900924632197,0.573911875288,0.818902283498,0.00222629437364,0.0,0.818862994834,-0.573852462504,-0.0117257780267,0.0,-0.00832486217266,0.00855275800177,-0.999928770963,0.0,0.660696281213,0.259542746645,0.303536571131,1.0,-0.00656,-0.00862171428571,0.329
0.464246586519,0.541297477782,-0.12403149956,-1.36540988963,0.0788910087042,1.89754049878,0.157989830972,-0.00298692379599,-0.036975826252,-0.000476084659308,-0.056354493341,-0.00504483882362,0.0171813649816,-0.0147723406666,0.573925051665,0.818893038523,0.00223011925249,0.0,0.818853847095,-0.573865671763,-0.0117181385364,0.0,-0.00831627330303,0.00855163963989,-0.999928851998,0.0,0.66058662109,0.259392370751,0.303549679646,1.0,-0.0069,-0.00906857142857,0.346
0.464150463897,0.540636031111,-0.124027506947,-1.3664291948,0.0788255318312,1.89792039579,0.157849969303,-0.00174406402062,-0.0393145762768,0.000797395649118,-0.0591332789067,-0.00496202832862,0.0231097407002,-0.0103849572773,0.573926611674,0.818891922682,0.0022383653129,0.0,0.818852830558,-0.573867192636,-0.0117146918053,0.0,-0.0083087020461,0.00855642988469,-0.99992887396,0.0,0.660476393945,0.259243750603,0.303558929122,1.0,-0.00722,-0.00948914285714,0.362
0.4640703347,0.540010090398,-0.124035367744,-1.36737351178,0.0787829049437,1.89826276301,0.157736833464,-0.0026825108786,-0.0430274251992,-0.000667783289058,-0.0631530921947,-0.00132909599178,0.0245417898328,-0.0119984718713,0.573945924961,0.818878312595,0.00226523373869,0.0,0.818839464634,-0.573886294963,-0.0117131769181,0.0,-0.00829183959594,0.00857775809081,-0.999928831199,0.0,0.660367998571,0.259098733325,0.303581772891,1.0,-0.00752,-0.00988342857143,0.377
0.463974156384,0.539276053355,-0.124033300632,-1.36853411066,0.0787001888585,1.89869601851,0.157600612972,0.000339144875779,-0.0442458845304,0.000441138164686,-0.0728866857066,-0.00341146663435,0.0255080495595,-0.00586870066988,0.573953801297,0.818872797068,0.00226342646777,0.0,0.818834019864,-0.573894274542,-0.0117028399194,0.0,-0.00828432926674,0.00857042505822,-0.999928956328,0.0,0.660234530862,0.25892431605,0.303585462193,1.0,-0.00786,-0.0103302857143,0.394
0.463867000236,0.538528650663,-0.124036488403,-1.36969263164,0.0786384003304,1.89914376884,0.157452168407,-0.0066397209182,-0.0443672252425,0.000636518335798,-0.06864265226,-0.005094200002,0.0292755546957,-0.00643987527904,0.573969821432,0.818861474027,0.00229724647082,0.0,0.818823093186,-0.573910123196,-0.0116901437244,0.0,-0.00825435423858,0.00859099357031,-0.999929027714,0.0,0.660107433756,0.258744401058,0.303600929336,1.0,-0.0082,-0.0107771428571,0.411
0.463759174489,0.537701593844,-0.124050292061,-1.37099448399,0.0785623959839,1.89964500497,0.157294373513,-0.00908166876806,-0.0462290419351,0.000214321250529,-0.0777221258184,-0.0038480203339,0.0304609667825,-0.0101267339514,0.573990219333,0.818847122555,0.00231622433776,0.0,0.818809043401,-0.573930506683,-0.0116735103723,0.0,-0.00822962701656,0.00859719173589,-0.999929178259,0.0,0.659963059571,0.258543259296,0.303609272135,1.0,-0.00856,-0.0112502857143,0.429
0.463655776481,0.536938427597,-0.12405455158,-1.37219108523,0.0784989702455,1.90008241361,0.157145754243,-0.00642037081245,-0.0488176893635,-0.0011279072171,-0.0801790253833,-0.00101502196792,0.0328665069252,-0.00370689383639,0.574005095837,0.818836674844,0.00232309838727,0.0,0.818798608518,-0.573945276395,-0.0116792676925,0.0,-0.00823023983359,0.00860627459554,-0.999929095081,0.0,0.65982434396,0.258359950588,0.303616614349,1.0,-0.00888,-0.0116708571429,0.445
0.463544721699,0.536154878668,-0.124060271044,-1.37342970993,0.0784126663086,1.90055727267,0.156995676576,-0.0020129906484,-0.0426121981597,-0.00160286256273,-0.0762280401248,-0.00671461973676,0.0291021083642,-0.0106731106753,0.574022283118,0.818824604713,0.00233068702916,0.0,0.818786772018,-0.573962575394,-0.0116589414865,0.0,-0.00820905907419,0.00860099351579,-0.999929314632,0.0,0.659687218136,0.258164880163,0.30362147394,1.0,-0.0092,-0.0120914285714,0.461
0.46341787184,0.535159008785,-0.12406457973,-1.37497170681,0.0783329628677,1.90110995059,0.156808585026,-0.010895433488,-0.0537326404487,0.000645849587608,-0.0825682566405,-0.00313871926348,0.0319666171126,-0.0139059361964,0.574039186707,0.818812719389,0.00234298783161,0.0,0.818774910191,-0.57397928951,-0.0116691283349,0.0,-0.00821016228493,0.00861708249588,-0.999929167054,0.0,0.659503855927,0.25793334795,0.303638338452,1.0,-0.00958,-0.0125908571429,0.48
0.463300406093,0.534266136563,-0.124067589615,-1.37641141638,0.0782582847913,1.90162826795,0.156634080111,-0.00949285943009,-0.0591424881523,-0.00488837242118,-0.085872263993,-0.00476444512315,0.0327541195412,-0.0101860353975,0.574053486213,0.818802748531,0.00232397638682,0.0,0.818764562228,-0.573993520238,-0.0116951813204,0.0,-0.00824225791146,0.00861661501437,-0.999928907038,0.0,0.659331305884,0.257718049399,0.303628008666,1.0,-0.00992,-0.0130377142857,0.497
0.463177429586,0.533400708441,-0.124065256514,-1.37780731001,0.0781632813631,1.90213607393,0.156461288793,-0.0086306825594,-0.0532989214706,0.00134039776746,-0.0875484788201,-0.00750292445658,0.0319262552692,-0.0118434576177,0.574061926095,0.818796903497,0.00229841967902,0.0,0.818758436752,-0.574002106947,-0.0117025795532,0.0,-0.00826289724907,0.00860002143906,-0.999928879551,0.0,0.659167096384,0.257503093865,0.30361787872,1.0,-0.01024,-0.0134582857143,0.513
0.463040032513,0.532405456604,-0.124076220888,-1.37940208359,0.0780827466451,1.90274519686,0.156249638361,-0.00711496392818,-0.0599753032237,-0.00152016649624,-0.0930814376078,-0.00452981113478,0.0371689616775,-0.0115396904398,0.574074574152,0.818788001044,0.00231074863954,0.0,0.818749610858,-0.574014620815,-0.0117062680101,0.0,-0.00825870728529,0.00861236118687,-0.99992880796,0.0,0.658985797353,0.257258214784,0.303613711376,1.0,-0.0106,-0.0139314285714,0.531
0.462922943302,0.531561747191,-0.124074310857,-1.38076481705,0.0780057036233,1.90325283113,0.156080612071,-0.0102383479899,-0.057507807766,-0.00135335945735,-0.0921894439386,-0.00193873357841,0.028686052003,-0.0207225460001,0.574084418035,0.818781120878,0.00230303375968,0.0,0.81874255956,-0.574024418181,-0.0117190186528,0.0,-0.00827347290414,0.00861346359423,-0.999928676402,0.0,0.658825576576,0.257053466799,0.303603733206,1.0,-0.0109,-0.0143257142857,0.546
0.462790010383,0.530615277721,-0.124069132611,-1.38229488678,0.0778975010206,1.9037908729,0.155884705022,-0.00830221060515,-0.0588950982609,-0.000344249475796,-0.0967339333029,-0.00942592366525,0.0337350807585,-0.0095440474404,0.574088361459,0.818778528438,0.00224087210292,0.0,0.81873924169,-0.574028679179,-0.0117420823753,0.0,-0.0083280004144,0.00857584786886,-0.999928547068,0.0,0.658627061823,0.256800125632,0.303581258895,1.0,-0.01124,-0.0147725714286,0.563
0.462635684022,0.529461004454,-0.124079062206,-1.38414055474,0.0777878869197,1.9044628494,0.155642814082,-0.00843625840412,-0.0639562248617,-0.00207041780411,-0.101382436967,-0.00818419166286,0.0391375580509,-0.0137488450377,0.574089321225,0.818777863051,0.00223810948231,0.0,0.818738496638,-0.574029604225,-0.0117488083511,0.0,-0.00833508357099,0.00857745694698,-0.999928474249,0.0,0.658421009629,0.256535285844,0.303582012538,1.0,-0.0116,-0.0152457142857,0.581
0.462505561227,0.528442762363,-0.124074837852,-1.38571420491,0.0776878975481,1.90505239757,0.155426159092,-0.00974717207343,-0.0647241329427,0.000803776630094,-0.106251149871,-0.00856774256626,0.0369917617901,-0.0210571641527,0.574073893391,0.818788605402,0.00226527952678,0.0,0.81874960042,-0.57401408446,-0.0117332669614,0.0,-0.00830692287251,0.00859062435025,-0.999928595554,0.0,0.658235325269,0.256302487837,0.303600959475,1.0,-0.01192,-0.0156662857143,0.597
0.462365648476,0.527344198263,-0.124080249197,-1.38743976443,0.0775841568358,1.90572602258,0.155190635322,-0.0063913153189,-0.0695572590823,0.000616992945876,-0.10150750039,-0.00284004754478,0.0400007186431,-0.0190795077578,0.574063082136,0.818796060841,0.00230984429431,0.0,0.818757684097,-0.574003159821,-0.0117035955391,0.0,-0.00825715897736,0.0086099706609,-0.999928841334,0.0,0.658026330138,0.256027577173,0.303617495474,1.0,-0.01228,-0.0161394285714,0.615
0.462198967924,0.526098420986,-0.124086524342,-1.38933788181,0.0774494971051,1.90644431718,0.154925336258,-0.0110011996348,-0.0698761872487,-0.00333022186742,-0.10378329326,-0.0111745236798,0.0358223258467,-0.0153264905742,0.574054916663,0.818801683664,0.00234571648441,0.0,0.818763958048,-0.573995058211,-0.0116619489155,0.0,-0.00820255166135,0.00861535309829,-0.999929244415,0.0,0.657820069378,0.255750478288,0.303647094586,1.0,-0.01262,-0.0165862857143,0.632
0.462055434377,0.524931400206,-0.124095409615,-1.39116747568,0.0773329499829,1.90710270062,0.154684456817,-0.0112375086142,-0.0637059364709,-0.00114127460864,-0.108141669883,-0.0147602096626,0.0456590895292,-0.0189786789791,0.574048459294,0.8188062353,0.00233715997958,0.0,0.81876843655,-0.573988672424,-0.0116618239986,0.0,-0.00820742886954,0.00860821065614,-0.999929265909,0.0,0.657597817258,0.255474905383,0.30365447186,1.0,-0.01296,-0.0170331428571,0.649
0.461895008638,0.523844301069,-0.124092950318,-1.39294045015,0.0772174498095,1.90772694464,0.154441642098,-0.0127850120101,-0.0639452259393,0.0016087569803,-0.111002316565,-0.00575554021413,0.0354571728181,-0.00873939236005,0.574043204887,0.818810078406,0.00228064120471,0.0,0.818771530722,-0.57398360958,-0.0116937296707,0.0,-0.00826605218479,0.0085801953428,-0.999929023796,0.0,0.657381053623,0.25519840728,0.303629007314,1.0,-0.01328,-0.0174537142857,0.665
0.461756193455,0.522764687081,-0.124097176492,-1.39464993746,0.0771234863078,1.90837115219,0.154208588246,-0.0150747138077,-0.0786346264965,0.000544954493998,-0.112324931365,-0.00217450136903,0.0417148877017,-0.0128998428691,0.574035487351,0.818815445916,0.00229601671794,0.0,0.818777019229,-0.573975754489,-0.0116949964742,0.0,-0.00825834482374,0.00859343417528,-0.999928973793,0.0,0.657177318249,0.25494447724,0.303630200526,1.0,-0.01358,-0.017848,0.68
0.461598106225,0.521541321614,-0.124102943907,-1.39660760003,0.077005832704,1.90914221173,0.153943102029,-0.0097990658221,-0.070660854815,0.000308869151869,-0.123141439345,-0.0109528630376,0.0465157730813,-0.0201982680784,0.574024961532,0.818822747853,0.00232336758988,0.0,0.818784720345,-0.573965175607,-0.0116750084122,0.0,-0.00822638876601,0.00860424979549,-0.999929144196,0.0,0.656950242268,0.254654209501,0.303625046058,1.0,-0.01392,-0.0182948571429,0.697
0.461427009356,0.520272771423,-0.124114556617,-1.39862659982,0.0768726857534,1.90988614236,0.153674672329,-0.00882968130993,-0.0776321586988,9.10300185276e-05,-0.122193353282,-0.00318273396064,0.0419113212715,-0.0157928759214,0.574025216337,0.818822611803,0.00230831354531,0.0,0.818784495645,-0.573965596847,-0.0116700569528,0.0,-0.00823097242395,0.00858908367544,-0.999929236864,0.0,0.656709264735,0.254341056991,0.303619887416,1.0,-0.01426,-0.0187417142857,0.714
0.461274613109,0.519043253418,-0.124120751992,-1.40057518043,0.0767379595947,1.91058111436,0.153411902808,-0.0107717362169,-0.0802461543977,-0.00110139847696,-0.122923479095,-0.013439419533,0.0387474251786,-0.0180782777571,0.574006272401,0.818835977766,0.00227764377785,0.0,0.818797564998,-0.573946873093,-0.0116739590977,0.0,-0.00825197006384,0.00856601984748,-0.999929261645,0.0,0.65646751803,0.254047686582,0.303616046521,1.0,-0.01458,-0.0191622857143,0.73
0.461078579237,0.517528853446,-0.124124592832,-1.40292216356,0.0765926139656,1.91142438584,0.153088484546,-0.00696242641919,-0.0787505514804,-0.000272126559971,-0.123772669509,-0.00249728719712,0.0392250257284,-0.015240622547,0.573989728466,0.818847552951,0.00228550732771,0.0,0.818809209265,-0.573930268072,-0.0116736076495,0.0,-0.00824734201156,0.00857209037205,-0.999929247805,0.0,0.656179021347,0.253691877875,0.303634888725,1.0,-0.01496,-0.0196617142857,0.749
0.460911580153,0.516345292565,-0.124130302922,-1.40480533591,0.0764729674787,1.91212726383,0.152823203137,-0.0116180431008,-0.0759633278117,-0.00111148116924,-0.127309315651,-0.00617077333583,0.0447726905588,-0.0194138271768,0.573978379252,0.818855498747,0.00228893536871,0.0,0.818817257044,-0.573918967481,-0.0116647003026,0.0,-0.00823819917147,0.00856967054704,-0.999929343914,0.0,0.655939858915,0.25338327997,0.303631330773,1.0,-0.01528,-0.0200822857143,0.765
0.460718729689,0.514911960547,-0.124134426617,-1.40711120012,0.0763298824259,1.91299933251,0.152516173772,-0.00480480850148,-0.0762269740378,-0.00296573033713,-0.133484535887,-0.0110435092953,0.0525132870185,-0.0263598978813,0.573973247179,0.818859127064,0.00227781674152,0.0,0.818820750286,-0.573913886303,-0.0116694862771,0.0,-0.00824855349793,0.00856326141399,-0.999929313461,0.0,0.655676794601,0.25305172602,0.303613130204,1.0,-0.01562,-0.0205291428571,0.782
0.460549909549,0.513566021646,-0.124135389184,-1.40923635995,0.0762127317313,1.91373579925,0.152226747968,-0.00811466067076,-0.0826278316837,-0.000797766332353,-0.129405895047,-0.00392193388153,0.0404737731136,-0.0132113517598,0.573955094136,0.81887192908,0.00224957374254,0.0,0.818832975432,-0.573895622388,-0.011709818515,0.0,-0.00829798091535,0.00856310001538,-0.999928905888,0.0,0.655403561617,0.252737053596,0.303608804693,1.0,-0.01594,-0.0209497142857,0.798
0.460361874633,0.512259483978,-0.12414085331,-1.41138421778,0.0760807886002,1.9144880837,0.151930099866,-0.0127677476475,-0.0862776619671,-0.000728096852453,-0.130020974268,-0.0116696761033,0.0465705245525,-0.0170028872308,0.573938446176,0.818883786278,0.00217978752952,0.0,0.81884384902,-0.573879161413,-0.0117561013878,0.0,-0.00837610744284,0.00853234844846,-0.999928517372,0.0,0.655116799729,0.252383126923,0.303572938874,1.0,-0.01628,-0.0213965714286,0.815
0.460144144893,0.510642002966,-0.124141304288,-1.41395313665,0.0759220603217,1.91547022273,0.151549888376,-0.0130009937948,-0.0861522006119,0.00117039381496,-0.135620031332,-0.00245173669085,0.0533955824031,-0.0218605552995,0.573905758373,0.818906655961,0.00219459104696,0.0,0.818866926778,-0.573846437095,-0.011746053095,0.0,-0.00835972375815,0.00853836992559,-0.99992860308,0.0,0.654822999766,0.252017225124,0.303562272811,1.0,-0.01664,-0.0218697142857,0.833
0.459944589097,0.509142993346,-0.124144756494,-1.41631877329,0.0757776337729,1.91635022941,0.151226128175,-0.00841491059913,-0.0859341555775,-0.000421322398157,-0.139740940512,-0.0100871261992,0.0492949847201,-0.0215617040157,0.573890768379,0.818917135021,0.00220427762707,0.0,0.818877506522,-0.573831386336,-0.0117437757737,0.0,-0.00835245633498,0.00854484238406,-0.999928608523,0.0,0.654532299952,0.251659938314,0.303561808598,1.0,-0.01698,-0.0223165714286,0.85
0.45973512098,0.507641496496,-0.124146519172,-1.41868573586,0.0756202893278,1.91719358623,0.150897075927,-0.0108559669631,-0.0855233900355,0.00020092557162,-0.137264273845,-0.0135211841148,0.0495539589486,-0.0226345389518,0.573874114334,0.818928873654,0.00217892038945,0.0,0.818888943102,-0.573814859079,-0.0117538617496,0.0,-0.00837544112069,0.00852969503945,-0.999928545591,0.0,0.654235850184,0.251292613583,0.303558679094,1.0,-0.01732,-0.0227634285714,0.867
0.459530840387,0.506171307345,-0.124151879025,-1.42097296398,0.0754714375654,1.91803894254,0.150596511493,-0.00739262356279,-0.0937304235562,-0.000900844543189,-0.146870994678,-0.00939482534148,0.0548337214932,-0.0173131432632,0.57387708912,0.818926741797,0.00219660075725,0.0,0.81888709988,-0.573817826186,-0.0117374146553,0.0,-0.00835179486719,0.00853476570056,-0.999928700107,0.0,0.653956176379,0.250937167285,0.303571373608,1.0,-0.01764,-0.023184,0.883
0.45930168324,0.504555379525,-0.124155807474,-1.42344491327,0.0753122054814,1.91900107483,0.150247524551,-0.0218764497213,-0.0998642902809,-0.00112983433998,-0.146745743907,-0.0144240687384,0.0629688261983,-0.0192010666847,0.573866354531,0.818934035808,0.0022801391833,0.0,0.818895583818,-0.573806888827,-0.0116800701674,0.0,-0.00825700640284,0.00857016019749,-0.999929184592,0.0,0.653664900109,0.250552549272,0.303607518946,1.0,-0.01798,-0.0236308571429,0.9
0.459108503184,0.503105267724,-0.12415672179,-1.42562185766,0.075182192331,1.91982896033,0.149943098036,-0.0150789961652,-0.0944120933953,0.00020156492601,-0.152618140564,-0.00949260622568,0.0579633346931,-0.0181643299028,0.57385273515,0.818943329936,0.0023680403604,0.0,0.818905985683,-0.573792917668,-0.0116370592823,0.0,-0.00817148461817,0.00861732663397,-0.999929481774,0.0,0.653401043981,0.250221725155,0.303655934568,1.0,-0.01828,-0.0240251428571,0.915
0.458871966923,0.501393145837,-0.124164661252,-1.42814716889,0.0750152781508,1.92074773454,0.149588125565,-0.014028907867,-0.107639466657,5.40990339631e-05,-0.154901919674,-0.00580687109049,0.0542083859894,-0.0245619674536,0.573845198094,0.81894836304,0.00245238646746,0.0,0.818912189845,-0.573785166685,-0.0115825177743,0.0,-0.0080784965292,0.00865502801512,-0.999929911736,0.0,0.653091909484,0.24982097535,0.303728914166,1.0,-0.01862,-0.024472,0.932
0.458640078123,0.499680145246,-0.124157933961,-1.43075688204,0.0748504541259,1.9216603089,0.149222528775,-0.0147500296572,-0.0972535632651,-0.00622641834435,-0.149759202551,-0.00412912255402,0.0606715599858,-0.017615035899,0.573818993687,0.818966676644,0.00246818387098,0.0,0.818930598998,-0.573758793612,-0.0115873931169,0.0,-0.00807370207545,0.00867050448776,-0.99992981638,0.0,0.652755494849,0.249421929387,0.30376075172,1.0,-0.01896,-0.0249188571429,0.949
0.458377341211,0.498023073839,-0.124168513822,-1.43339152117,0.0746847488487,1.92265094544,0.148843255776,-0.0170335823913,-0.100482093663,-0.00233809751006,-0.154697343876,-0.00667625703487,0.0590802314691,-0.016274072215,0.573820424421,0.81896565937,0.00247309335165,0.0,0.818929690214,-0.573760255391,-0.0115792366132,0.0,-0.00806418973556,0.00866985896188,-0.999929898738,0.0,0.65243765959,0.248994093895,0.303748520926,1.0,-0.0193,-0.0253657142857,0.966
0.458088399348,0.496144398399,-0.124160718672,-1.43638032256,0.0745016806194,1.92370406709,0.148399131428,-0.0123786848332,-0.0981928348593,-2.19912472842e-05,-0.158934146974,-0.00474231298424,0.0515662497689,-0.0222363456379,0.573789327931,0.81898758055,0.00242836536984,0.0,0.818950852859,-0.573729127798,-0.0116247760968,0.0,-0.00812747978351,0.00865905106817,-0.999929479967,0.0,0.652054454464,0.248522545646,0.303726336323,1.0,-0.01968,-0.0258651428571,0.985
0.457863610962,0.494778271908,-0.124165835207,-1.43862667419,0.0743613412187,1.92447685918,0.148078659333,-0.0146293232906,-0.102028014402,-0.00222945852736,-0.163378668947,-0.00520647587934,0.0541041088888,-0.0233510483217,0.573789760317,0.818987548011,0.00233539285338,0.0,0.818949518289,-0.573729793679,-0.0116857708318,0.0,-0.00823077480815,0.00861791041848,-0.999928990462,0.0,0.651764957212,0.248154589704,0.303675998248,1.0,-0.01996,-0.0262331428571,0.999
0.457592343626,0.493072040544,-0.124164313682,-1.44141100115,0.0741815725318,1.925496357,0.147693993609,-0.0146879608108,-0.106664966787,0.000725815452076,-0.169431790907,-0.0078083807737,0.0674287020657,-0.0236036714689,0.573787067115,0.818989592179,0.00227956477604,0.0,0.818950818603,-0.573727287468,-0.0117176459048,0.0,-0.0082889411131,0.0085904505094,-0.999928746269,0.0,0.651414291312,0.247711365244,0.303627102198,1.0,-0.0208371428571,-0.0273859591837,1.016
0.457296536927,0.491246895152,-0.124164991115,-1.44431270901,0.0739921880343,1.92654569733,0.147281165198,-0.0174903009797,-0.105833630766,0.000387121927543,-0.169021987932,-0.0146860973177,0.0569241779276,-0.029725745499,0.573785443697,0.818990809585,0.00225062624863,0.0,0.818951653032,-0.573725765439,-0.0117338386682,0.0,-0.00831882392633,0.00857602502824,-0.999928621934,0.0,0.651049853919,0.247239186553,0.303606947649,1.0,-0.0218085714286,-0.0286626938776,1.033
0.456976749886,0.489256943297,-0.124170701934,-1.44753961151,0.0737927671924,1.92767275231,0.146825317195,-0.0144061338898,-0.116341852734,9.26081088663e-05,-0.183829636055,-0.0164583464195,0.0607746304214,-0.0187802516704,0.573784683538,0.818991594666,0.0021567812444,0.0,0.818951068695,-0.573725212395,-0.0118014680141,0.0,-0.00842806559715,0.00853796427708,-0.999928032849,0.0,0.650632042524,0.246715995112,0.303552822023,1.0,-0.0228371428571,-0.0300145306122,1.051
0.456679573595,0.487457331778,-0.124172171106,-1.45029131071,0.0736188034036,1.92873178492,0.146427591239,-0.0240111609894,-0.122521539831,4.21879663956e-05,-0.184820130628,-0.00450286145478,0.0730550336078,-0.0327295965989,0.573792967401,0.818985556006,0.00224421827626,0.0,0.818946210777,-0.573733203842,-0.0117499601578,0.0,-0.00833562559773,0.00858010375284,-0.999928447023,0.0,0.65030212722,0.246263242253,0.30358545653,1.0,-0.0236942857143,-0.0311410612245,1.066
0.456336863045,0.485362420835,-0.12418841415,-1.45348436766,0.0734175854162,1.92994822925,0.145954354936,-0.0189204355111,-0.124233564713,-0.000372167504196,-0.192297795489,-0.0136456840883,0.0657696694376,-0.0256170902476,0.573801142385,0.818979563747,0.00233881669006,0.0,0.818941536685,-0.573741118035,-0.011689134667,0.0,-0.00823144558837,0.00862275897443,-0.999928943141,0.0,0.649917975224,0.245730301008,0.303626350548,1.0,-0.0246657142857,-0.0324177959184,1.083
0.455923386979,0.482907851827,-0.124211020259,-1.45724745952,0.0731670478103,1.9312229985,0.145383479056,-0.0216286504097,-0.132875869461,-0.00028537438204,-0.198957672612,-0.00855410128346,0.0726595158936,-0.0346814986523,0.573804464423,0.818977339288,0.0023024424742,0.0,0.818938843033,-0.573744576983,-0.0117080594092,0.0,-0.00826778064016,0.00860386198569,-0.999928806147,0.0,0.649434508764,0.245081567224,0.303649602684,1.0,-0.0257514285714,-0.0338447346939,1.102
0.455600934953,0.480894591942,-0.124233029458,-1.46034977011,0.072983471043,1.93233049883,0.144926900819,-0.0186044205713,-0.133745462414,-0.00110986194594,-0.206234594424,-0.011014748489,0.0772559337639,-0.0345768415033,0.573812448225,0.818971693628,0.00232081878474,0.0,0.818933330609,-0.573752381859,-0.0117111583316,0.0,-0.00825969089224,0.0086207702675,-0.999928727373,0.0,0.649040141706,0.244564165745,0.303665664593,1.0,-0.0266085714286,-0.0349712653061,1.117
0.455134938822,0.478158890677,-0.124250077036,-1.46455169633,0.07272196451,1.93389573084,0.144299815093,-0.0231910788651,-0.139343004765,0.000679509456164,-0.211121178067,-0.0177961184257,0.0826382863446,-0.0298066538158,0.573826393793,0.818961689169,0.00240174121727,0.0,0.818924380373,-0.573766033786,-0.0116681020392,0.0,-0.00817784847194,0.00866247613326,-0.999929039633,0.0,0.648521535043,0.243854589784,0.303697262118,1.0,-0.0277514285714,-0.0364733061224,1.137
0.454794730228,0.476184324734,-0.124267902553,-1.46759426683,0.0725328682885,1.93500197593,0.143871312512,-0.0284376003924,-0.142662975751,-0.00125613765721,-0.219881424801,-0.0183175154601,0.0775174531206,-0.0348353773106,0.573862809052,0.818936083868,0.00243183603209,0.0,0.81889914913,-0.573802318991,-0.0116545775021,0.0,-0.00814911779987,0.00867972415277,-0.999929124622,0.0,0.648140323115,0.243334227921,0.303712499193,1.0,-0.0285514285714,-0.0375247346939,1.151
0.454297639109,0.473260303909,-0.124272965542,-1.47211605385,0.0722399543903,1.93660941529,0.143215544214,-0.0279563123965,-0.145648954378,0.000731784194842,-0.224036692669,-0.0133724507457,0.0829053650024,-0.0291298006723,0.573873862892,0.818928323626,0.00243662742475,0.0,0.818891373536,-0.573813271722,-0.0116616656269,0.0,-0.0081520560803,0.00868782554729,-0.999929030316,0.0,0.647556877724,0.242575062677,0.303722360491,1.0,-0.0296942857143,-0.0390267755102,1.171
0.453972328972,0.471322055007,-0.124272682835,-1.47513658879,0.0720578612406,1.93766179628,0.142764305055,-0.0261779746818,-0.15104074665,0.00077170206618,-0.22936228219,-0.00921732965975,0.08025923122,-0.0383157769722,0.573865338366,0.818934351663,0.00241826148457,0.0,0.81889694115,-0.573804578464,-0.0116983934422,0.0,-0.00819276447344,0.00869377682582,-0.999928645882,0.0,0.647157285596,0.242075315773,0.303715585467,1.0,-0.0304371428571,-0.0400031020408,1.184
0.453452505401,0.468225037784,-0.124275112604,-1.47982540822,0.0717490306813,1.93948149413,0.142012716221,-0.0265799446097,-0.153351136558,-0.000657105725323,-0.236811702037,-0.0211361597689,0.089300396082,-0.0396611109671,0.573816335933,0.818968126126,0.00260152013108,0.0,0.81893326481,-0.573755122887,-0.0115807448054,0.0,-0.00799177923645,0.00877586088855,-0.999929555384,0.0,0.646579017445,0.24129782161,0.303780171581,1.0,-0.03158,-0.0415051428571,1.204
0.453100596757,0.466156899646,-0.124281454814,-1.48300544606,0.0715280727207,1.94058883974,0.141522740622,-0.0232471186607,-0.156770281216,-0.00160096119856,-0.253796420244,-0.0187412762311,0.0810618357839,-0.039858004202,0.573797036618,0.818981688987,0.0025885852722,0.0,0.818946697957,-0.573735911574,-0.0115825979885,0.0,-0.00800092537523,0.00876614253858,-0.999929567489,0.0,0.646159778795,0.240758085886,0.303789604221,1.0,-0.0323228571429,-0.0424814693878,1.217
0.452494283026,0.462750864046,-0.124279770707,-1.48836646248,0.0711690367934,1.94241543142,0.140732748313,-0.021830559746,-0.162007716717,0.00154821272935,-0.253032059393,-0.0163638040396,0.0878067491037,-0.0371119492188,0.573797850417,0.818981471837,0.00247437779855,0.0,0.818944819839,-0.573736928706,-0.011664715991,0.0,-0.00813370095125,0.00871973572376,-0.999928902031,0.0,0.645438466852,0.239846188261,0.30374421822,1.0,-0.0335228571429,-0.0440586122449,1.238
0.452104143851,0.460614107748,-0.124285770368,-1.4917226583,0.0709433033374,1.94360015296,0.140228600785,-0.0323039142267,-0.165084145362,-0.000794914138937,-0.25981278991,-0.0186869721538,0.0937039155121,-0.0343415896916,0.573803170189,0.818977853742,0.00243800372946,0.0,0.818940709973,-0.573742357491,-0.0116862171307,0.0,-0.00817212435548,0.0087023364892,-0.999928740323,0.0,0.644996810604,0.239267335361,0.303721270099,1.0,-0.0342657142857,-0.0450349387755,1.251
0.451443206246,0.457096691979,-0.124291090914,-1.49725274589,0.0705822210718,1.94555956675,0.139379520491,-0.0306958494045,-0.166664715112,0.000237789139643,-0.267829445906,-0.013821113482,0.0950033783346,-0.0367019437218,0.573809834375,0.818973330105,0.00238860882356,0.0,0.818935402083,-0.573749050092,-0.0117295198414,0.0,-0.0082358604473,0.00868679741258,-0.99992835251,0.0,0.644268823221,0.23830745103,0.303679349306,1.0,-0.0354657142857,-0.0466120816327,1.272
0.451045746607,0.455031426624,-0.124314702366,-1.50055929902,0.0703421801828,1.94667960553,0.138878996995,-0.0343081799694,-0.17505968682,-0.00241707636594,-0.269522477125,-0.0203606390808,0.0882673335914,-0.0409454784983,0.573827823508,0.818961070846,0.00226722476262,0.0,0.818921678743,-0.573767611507,-0.0117795997651,0.0,-0.00834633419377,0.00861630749433,-0.999928046387,0.0,0.643825797783,0.23771292816,0.303623114513,1.0,-0.0361514285714,-0.0475133061224,1.284
0.450360828005,0.45117633077,-0.124363726327,-1.50628478805,0.0699646956128,1.94879188021,0.137953808537,-0.03355646921,-0.186223514832,-0.00156655316254,-0.267796860067,-0.0250435163687,0.0988010345002,-0.0455084146494,0.573824628266,0.818962755541,0.0024592546885,0.0,0.818926074052,-0.573763935716,-0.0116523907903,0.0,-0.00813199898743,0.00870054411323,-0.999929083048,0.0,0.643095165217,0.236702194964,0.303728976573,1.0,-0.0373514285714,-0.0490904489796,1.305
0.449918822209,0.448781401128,-0.124366926731,-1.50991148246,0.0697099458204,1.95008339611,0.137424543436,-0.0349173698465,-0.181354259423,-0.000301903470924,-0.281155779043,-0.0194685097963,0.10124325067,-0.0386489757434,0.573848989318,0.818945563805,0.00249957685582,0.0,0.818909478665,-0.573788230166,-0.011622373991,0.0,-0.00808401948294,0.00871658256929,-0.999929332412,0.0,0.642615352375,0.236067708079,0.30375728391,1.0,-0.0380942857143,-0.0500667755102,1.318
0.449294169294,0.445387835136,-0.124368833428,-1.51509253032,0.0693520002593,1.95181198097,0.136641574644,-0.036578731402,-0.181400864951,0.00405619397756,-0.285881285637,-0.0182595263569,0.0985672665337,-0.0422132230762,0.573853629544,0.81894247815,0.00244463545381,0.0,0.818905532724,-0.573792906338,-0.0116694477895,0.0,-0.00815404900007,0.00869864794329,-0.999928919978,0.0,0.641899178056,0.235161169749,0.303766245436,1.0,-0.0391228571429,-0.0514186122449,1.336
0.448736350673,0.442349559766,-0.124369175173,-1.51974824946,0.0690236383881,1.95351233038,0.135907071337,-0.0354510712712,-0.184089697143,0.000975045890738,-0.290080600411,-0.0279732099265,0.0998968417462,-0.0434704597844,0.573825703254,0.81896187927,0.00249989781098,0.0,0.818925777497,-0.573764923445,-0.01162456345,0.0,-0.00808587633078,0.0087178719013,-0.999929306158,0.0,0.641279999782,0.234358569576,0.303777076768,1.0,-0.0400371428571,-0.052620244898,1.352
0.44809915315,0.43911102523,-0.124375771399,-1.52481020619,0.0686894010705,1.95527925542,0.135078250414,-0.0371468852355,-0.185998362722,0.000448504791103,-0.302074883225,-0.0169370333976,0.103302151311,-0.0428746556035,0.573805116096,0.818976453447,0.00245037621788,0.0,0.818939532576,-0.573744325004,-0.0116721211106,0.0,-0.0081534598816,0.00870440035014,-0.999928874724,0.0,0.640591651785,0.233460947562,0.303735467052,1.0,-0.0410085714286,-0.0538969795918,1.369
0.447465470253,0.43593069741,-0.124396814414,-1.52970588415,0.0683568806298,1.9569714449,0.134310735101,-0.0383675778818,-0.20376633206,-0.00136787122835,-0.311061647823,-0.0206259226687,0.101526575217,-0.0442369373052,0.573833287249,0.818956796327,0.00242303452076,0.0,0.818919466723,-0.573772534085,-0.0116932909807,0.0,-0.00818618707236,0.00869443713465,-0.99992869401,0.0,0.639927113541,0.232572025559,0.303724455124,1.0,-0.0419228571429,-0.0550986122449,1.385
0.44678363784,0.432436061659,-0.124410210883,-1.53491279372,0.0679851970864,1.95885748093,0.133472033513,-0.0393295228528,-0.202415089027,-7.2713608161e-05,-0.308854813343,-0.0249990938793,0.105134910114,-0.0417691282173,0.573837322125,0.818953574967,0.00255278007896,0.0,0.81891813909,-0.573776335741,-0.0115993497384,0.0,-0.00803475882989,0.00874682610754,-0.999929465354,0.0,0.639236630798,0.231631968353,0.303793162341,1.0,-0.0428942857143,-0.0563753469388,1.402
