position_joint1,position_joint2,position_joint3,position_joint4,position_joint5,position_joint6,position_joint7,velocity_joint1,velocity_joint2,velocity_joint3,velocity_joint4,velocity_joint5,velocity_joint6,velocity_joint7,ee_T_00,ee_T_10,ee_T_20,ee_T_30,ee_T_01,ee_T_11,ee_T_21,ee_T_31,ee_T_02,ee_T_12,ee_T_22,ee_T_32,ee_T_03,ee_T_13,ee_T_23,ee_T_33,v_x,v_y,time
0.465070263561,0.547697722845,-0.12401555269,-1.35582626102,0.0795155290122,1.89413646837,0.159130584258,0.000385138794644,-0.000488072343877,-6.06002426733e-05,-2.00293209702e-05,-8.40465650446e-07,-2.99344288648e-05,0.00048020252872,0.573807861103,0.818975618855,0.00205454597508,0.0,0.818933883713,-0.57374891271,-0.011841713199,0.0,-0.00851944490187,0.00847756865663,-0.999927772336,0.0,0.661694241778,0.260879445815,0.30328075779,1.0,0.0,0.0,0.0
0.46506981725,0.547700839192,-0.124013020406,-1.35582347696,0.079515276948,1.89413588854,0.159133279928,-0.000654665754867,0.000438690981095,0.00326163810881,0.000490014943852,-0.000182211453424,0.000262301909059,0.00116086466556,0.573808447619,0.818975209086,0.00205408022031,0.0,0.818933459632,-0.573749492811,-0.0118429343889,0.0,-0.00852070623273,0.00847789404386,-0.99992775883,0.0,0.661694230878,0.260880825162,0.303279740564,1.0,-8e-05,-0.000105142857143,0.005
0.465068748006,0.547700220768,-0.124013461025,-1.35582371538,0.0795162927006,1.89413507625,0.15913018648,-0.000793495345472,-0.000143050143802,0.00172689710211,0.000391066921298,0.000101816590149,-0.000842879000409,0.00117398656535,0.573807373239,0.818975961393,0.00205425853651,0.0,0.818934205793,-0.573748409423,-0.0118438240303,0.0,-0.00852134366617,0.00847853937716,-0.999927747926,0.0,0.661694353646,0.260879951852,0.303280011082,1.0,-0.00034,-0.000446857142857,0.018
0.465069054898,0.547687991882,-0.124013848966,-1.35583026521,0.0795133965107,1.89413863852,0.159126663471,0.0010820596145,-0.00157893840694,0.00109922123236,-0.00163113438633,-0.000703998476985,6.19510684053e-05,0.000113982892886,0.573804100723,0.818978237647,0.00206086287509,0.0,0.818936594113,-0.573745136878,-0.0118372139199,0.0,-0.00851217442812,0.00848012118082,-0.99992781261,0.0,0.661694058609,0.260879087818,0.303285873655,1.0,-0.0007,-0.00092,0.036
0.46506669167,0.547637790286,-0.12401371094,-1.35587332032,0.0795157706997,1.89414026687,0.159124163234,-0.000186240643076,-0.00277677289029,0.000792987768921,-0.00128160140595,0.000368775356924,-0.000433426819551,-0.00113647831881,0.573806793909,0.818976321853,0.00207229546585,0.0,0.818934763762,-0.573747720916,-0.0118385956438,0.0,-0.00850671849639,0.00849030487322,-0.999927772623,0.0,0.661686292691,0.260873649424,0.303301085118,1.0,-0.00104,-0.00136685714286,0.053
0.465068371053,0.547521948948,-0.124018731022,-1.35601049782,0.0795162612987,1.8941775526,0.159128656408,-0.000601994470228,-0.00814888056444,-0.00284619224485,-0.0114301544649,-0.00171406616201,0.00338880514354,0.000782298466926,0.573820278932,0.818966827277,0.00209050408345,0.0,0.818925436694,-0.573761062265,-0.0118372068299,0.0,-0.00849499343266,0.00850456003348,-0.999927751163,0.0,0.661666030312,0.260859707302,0.303321259656,1.0,-0.00136,-0.00178742857143,0.069
0.465051399501,0.547384399616,-0.12401373725,-1.35620610357,0.0795115894328,1.89422897028,0.159122576051,-0.00264397111762,-0.00965063487795,0.000216063556397,-0.0110356692936,-0.000288166568496,0.0088355269881,0.00121150642779,0.573835264687,0.818956326047,0.00209091612562,0.0,0.818914824671,-0.573775928262,-0.0118507798429,0.0,-0.0085057175415,0.00851284149892,-0.999927589528,0.0,0.661638612225,0.260832688077,0.303329884223,1.0,-0.0017,-0.00223428571429,0.086
0.465036468468,0.547212758208,-0.124018347461,-1.35642096249,0.0795108613312,1.89433607812,0.159109955893,-9.28900765382e-05,-0.0101463604782,3.10943691152e-06,-0.0137815175226,0.000327564459248,0.0022951198873,-0.000991057584304,0.573852349142,0.818944200606,0.00215048365474,0.0,0.818903427065,-0.573792726663,-0.0118250103897,0.0,-0.0084502544944,0.00854701298194,-0.999927768275,0.0,0.661620239414,0.260804056509,0.303358652663,1.0,-0.00204,-0.00268114285714,0.103
0.465030709458,0.547021787445,-0.124008746993,-1.35663123915,0.0795079962863,1.89445528608,0.159101428017,-0.00053948931983,-0.0164737560961,0.00118429819494,-0.0145852994323,0.000103611249406,0.0131627737048,-0.001482987005,0.573854562859,0.818942401451,0.00224292080887,0.0,0.81890275477,-0.573794503882,-0.0117852639008,0.0,-0.00836463773311,0.00859992706835,-0.999928034455,0.0,0.661600300001,0.260790996185,0.303403864735,1.0,-0.00236,-0.00310171428571,0.119
0.464996019054,0.546787176851,-0.124016587605,-1.35694063024,0.0795016917741,1.89459178831,0.15909135806,-0.00429851077794,-0.0172448483855,0.00164479003035,-0.0205515535312,0.00052730087881,0.00452792124908,-0.00296763542954,0.5738959352,0.818913250889,0.00229999571955,0.0,0.818874310226,-0.573835616618,-0.0117599342434,0.0,-0.0083107065264,0.00863255207225,-0.999928203023,0.0,0.661573956055,0.26073811658,0.303434871988,1.0,-0.00272,-0.00357485714286,0.137
0.46496480545,0.546532763601,-0.124014065977,-1.35731669726,0.0794969807246,1.89472025121,0.159042800591,-0.000960768064667,-0.0156022736892,4.01637475603e-05,-0.0201670258903,-9.91738875587e-05,0.00667534765645,-0.00257680824538,0.573899676118,0.818910581337,0.00231698653468,0.0,0.818871675868,-0.573839099725,-0.0117734017486,0.0,-0.00831194583384,0.00865423271775,-0.999928005315,0.0,0.66152783522,0.26068558446,0.303447113555,1.0,-0.00306,-0.00402171428571,0.154
0.464932705361,0.546271380707,-0.124019409971,-1.35772291004,0.0794851591315,1.89487015173,0.158924830298,-0.00245211051122,-0.0245039422666,-0.00243548390251,-0.0264315373643,-0.00307650461768,0.00622410422022,-0.00478838671621,0.573852689194,0.818943478031,0.00232761615783,0.0,0.818904616468,-0.573791980145,-0.0117787753591,0.0,-0.00831074378289,0.00866554437084,-0.999927917341,0.0,0.661481666944,0.260624729787,0.303452036669,1.0,-0.00338,-0.00444228571429,0.17
0.464893701937,0.54598128778,-0.124014123176,-1.35821835842,0.0794737832885,1.89503922077,0.158898829227,-0.000946506144294,-0.0149741335181,0.000561975483637,-0.0265975905733,0.000545459728217,0.0165538378262,-0.00451214215211,0.573884302011,0.81892138258,0.00230737072118,0.0,0.818882045734,-0.573823445773,-0.01181503941,0.0,-0.00835172578756,0.00867009702769,-0.999927536421,0.0,0.661418894273,0.260556616289,0.303436112317,1.0,-0.00372,-0.00488914285714,0.187
0.464826661308,0.545649680312,-0.124016333004,-1.35877570629,0.0794447447851,1.89522936161,0.158848082611,-0.00661943767349,-0.0172911054499,-0.00172854674261,-0.0325006779339,-0.00366908102718,0.0145620908611,-0.000510406740461,0.573922591471,0.818894629636,0.00227847605656,0.0,0.818854860553,-0.573861783958,-0.0118371095441,0.0,-0.00838597655762,0.00865949250073,-0.999927341654,0.0,0.661357173175,0.260457388133,0.303422143782,1.0,-0.00406,-0.005336,0.204
0.46476703886,0.545297750528,-0.1240165182,-1.35938703523,0.0793444978206,1.89542055213,0.158754423873,-0.00446569531214,-0.0211955385346,0.000523077106983,-0.0442827828334,-0.00547769427511,0.0167959561396,-0.0080616066585,0.573902212656,0.818909164924,0.00218559208805,0.0,0.818868691491,-0.573842287194,-0.0118254989563,0.0,-0.00842998661583,0.00857655807539,-0.999927686374,0.0,0.661285321922,0.260346638581,0.303396735502,1.0,-0.00438,-0.00575657142857,0.22
0.464702274402,0.544898686706,-0.124017318992,-1.360082959,0.0793202087653,1.89563787369,0.158658679675,-0.000563794905633,-0.0318548522489,0.00122740514779,-0.0417007662711,-0.00011495240588,0.0155383836192,-0.00323135160171,0.573909623428,0.818904124202,0.00212753429618,0.0,0.818862675059,-0.573849704977,-0.0118820198335,0.0,-0.00850951395179,0.0085615287892,-0.999927141544,0.0,0.661197634405,0.260236787944,0.303366831296,1.0,-0.00472,-0.00620342857143,0.237
0.464625014332,0.54444614699,-0.124020103863,-1.36086585655,0.079293831747,1.89589526989,0.158590728564,-0.0020902133631,-0.0237485013443,-0.000563486661686,-0.0464194814288,-0.00488540486122,0.0195000467494,-0.00414057785909,0.573955737216,0.818871938172,0.00207544999769,0.0,0.81882958288,-0.573895797141,-0.0119362945099,0.0,-0.00858336984556,0.00855050919476,-0.999926604584,0.0,0.661103081318,0.260110292701,0.303336885864,1.0,-0.00508,-0.00667657142857,0.255
0.464567245118,0.544028247227,-0.124023056163,-1.36155032724,0.0792681893282,1.89614844999,0.158497072274,-0.00477012570655,-0.0316696811354,0.000889270010703,-0.0422520623245,-0.00595716592293,0.0127000165043,-0.00328968093087,0.573959802512,0.818869099623,0.00207115517622,0.0,0.818826552347,-0.573899744272,-0.0119543965849,0.0,-0.00860061613056,0.0085574247123,-0.999926397234,0.0,0.661024254145,0.260007659758,0.303328870974,1.0,-0.00538,-0.00707085714286,0.27
0.464496181501,0.543513739599,-0.12402582738,-1.36238472267,0.079228404275,1.89643334621,0.158379601137,-0.00379314095666,-0.0322061791299,-0.00124696648373,-0.0463317882153,-0.00132748741486,0.0029624951657,-0.00733819608445,0.573959515321,0.818869362392,0.00204670699676,0.0,0.818826369528,-0.573899433154,-0.0119818234008,0.0,-0.00863711039441,0.00855314388597,-0.999926119298,0.0,0.660923898727,0.259879681753,0.303320531109,1.0,-0.00572,-0.00751771428571,0.287
0.464410897685,0.542935109813,-0.124031168261,-1.3632861978,0.0791713878976,1.89674912385,0.158268641999,-0.00690691879585,-0.031750370913,0.000934563947918,-0.0504488711904,-0.00218578737248,0.0157720004364,-0.00757370389952,0.573977098061,0.818857059087,0.00203828024816,0.0,0.818813975065,-0.5739170676,-0.0119841836271,0.0,-0.00864369595544,0.00854778386456,-0.999926108226,0.0,0.660821065588,0.259733014542,0.303328294207,1.0,-0.00608,-0.00799085714286,0.305
0.464339610728,0.542386276751,-0.124026987184,-1.36414242165,0.079120144577,1.89705268536,0.158159926812,-0.00690171434795,-0.0325593577689,0.000811223596772,-0.0526410524594,-0.00118623246506,0.0207581963465,-0.00434304438526,0.573977384969,0.818856862442,0.00203648643538,0.0,0.818813703228,-0.573917310804,-0.0119911078383,0.0,-0.00865039267006,0.00855029233925,-0.999926028868,0.0,0.660719159093,0.259606208566,0.303335083708,1.0,-0.0064,-0.00841142857143,0.321
0.464252867865,0.541774678548,-0.124034740171,-1.365087077,0.0790688341217,1.89739859606,0.158028844702,-0.00779558329622,-0.0373998430015,-0.00163999250075,-0.0564854943109,-0.000501228779739,0.0244528969692,-0.00353715852276,0.573985278584,0.818851298749,0.00204875774506,0.0,0.818808273678,-0.5739251262,-0.011987801012,0.0,-0.00864055923796,0.00855852587403,-0.999926043451,0.0,0.660613578103,0.259455471846,0.303348167111,1.0,-0.00674,-0.00885828571429,0.338
0.464176498488,0.541124891846,-0.124031160853,-1.36608711688,0.07900902225,1.89777176728,0.157909664918,-0.000106285497327,-0.0388501088421,0.000897431864248,-0.0615186295604,-0.00145630458451,0.0235854068414,-0.00772426613395,0.573989249997,0.818848459218,0.00207089945378,0.0,0.818805679771,-0.57392896153,-0.0119813519176,0.0,-0.00862252839455,0.00857299649288,-0.999926075135,0.0,0.660491074399,0.25930222471,0.303363417532,1.0,-0.0071,-0.00933142857143,0.356
0.464093251389,0.540464593351,-0.124036087949,-1.3670823787,0.0789531911617,1.89812732416,0.15778132462,-0.00399064521987,-0.0419925205485,-0.000868304443014,-0.063800639733,-0.00215189640846,0.0222307197828,-0.0141082578389,0.573993930442,0.818845133481,0.0020885621,0.0,0.818802563716,-0.573933547148,-0.0119746403182,0.0,-0.00860684580374,0.00858365612585,-0.999926118797,0.0,0.660380996537,0.259160351146,0.303387759455,1.0,-0.0074,-0.00972571428571,0.371
0.463987662232,0.539694140708,-0.124033300975,-1.3682641435,0.0788732045111,1.89857555249,0.157631854997,-0.0110378581407,-0.0450199682576,0.00112678224545,-0.0699242804463,-0.003101988004,0.0317302425989,-0.014252135135,0.574000146587,0.818840707279,0.00211535381019,0.0,0.818798557963,-0.573939722679,-0.0119525357273,0.0,-0.00857330229219,0.00859297135026,-0.999926326952,0.0,0.660248772484,0.258979552583,0.303408463827,1.0,-0.00776,-0.0101988571429,0.389
0.463886889027,0.538942199056,-0.124039270963,-1.36943185988,0.0788103326831,1.89901026203,0.157480657888,-0.00623599614935,-0.036938953445,0.00281163102356,-0.0729955898533,-0.00611837927153,0.0235866101676,-0.0116672805039,0.574010827691,0.818833171901,0.00213382043928,0.0,0.818791217344,-0.573950280344,-0.0119484306345,0.0,-0.00855922930806,0.00860584768243,-0.999926336777,0.0,0.660116171431,0.258800139961,0.303421792266,1.0,-0.0081,-0.0106457142857,0.406
0.463787127929,0.53820900803,-0.124042467241,-1.37054966931,0.0787545434109,1.89944370596,0.157350370938,-0.00628558018225,-0.0477416792035,0.00121018257061,-0.0646889767289,-0.00172947580082,0.0202931161346,-0.0115042186066,0.574035002454,0.818816102511,0.00218016689938,0.0,0.818774685004,-0.573974195126,-0.0119325364768,0.0,-0.00851935749371,0.0086349253211,-0.9999264266,0.0,0.65999285622,0.258629751033,0.303445312776,1.0,-0.00842,-0.0110662857143,0.422
0.46367067033,0.537371166097,-0.124052031305,-1.37188870804,0.0786702519128,1.89995305597,0.157196181169,-0.00624896601196,-0.0459201374847,-0.000486762696055,-0.079733021984,-0.00503783279305,0.0277340110168,-0.00329400591262,0.574062238216,0.818797005695,0.00218105962796,0.0,0.818755682356,-0.574001507516,-0.0119226205495,0.0,-0.00851043834381,0.00863024736097,-0.999926542937,0.0,0.659843296988,0.258420314616,0.303444073384,1.0,-0.00878,-0.0115394285714,0.44
0.463560929152,0.536530428593,-0.124055258555,-1.37317826263,0.0785916562065,1.90043060369,0.157037186245,-0.0067898179715,-0.0495749180253,0.00054935962999,-0.0773692445514,-0.00134109876183,0.0201861381001,-0.012889995321,0.574074106459,0.818788622641,0.00220422959839,0.0,0.818747613507,-0.574013293317,-0.0119092978047,0.0,-0.00848610383897,0.0086416935985,-0.999926650897,0.0,0.659695133596,0.258223683738,0.303465301509,1.0,-0.00912,-0.0119862857143,0.457
0.463451163846,0.535721301928,-0.124061194094,-1.37447181252,0.0785244640296,1.90090273789,0.156885255787,-0.00110566019204,-0.053739109951,0.000116918709898,-0.08235822918,-0.00903577661985,0.0295493414975,-0.0116347949547,0.574096885448,0.818772669294,0.00219750688814,0.0,0.81873147854,-0.574036000859,-0.0119240373358,0.0,-0.00850179149809,0.00864488720095,-0.999926490031,0.0,0.659543827629,0.25802606177,0.303461813569,1.0,-0.00944,-0.0124068571429,0.473
0.463324539952,0.534821335531,-0.124064490106,-1.37589474075,0.0784368399058,1.90141493954,0.156699031768,-0.00954357617556,-0.0553522090632,0.000678479308199,-0.0900921793533,-0.00596258719063,0.0263502995348,-0.0166948689096,0.574104941635,0.818767049936,0.0021865112189,0.0,0.818725707962,-0.574044092499,-0.0119307121185,0.0,-0.00851348402743,0.00863980007302,-0.999926434516,0.0,0.659377418652,0.257804128986,0.303464044944,1.0,-0.00978,-0.0128537142857,0.49
0.463206047704,0.533924247436,-0.124069855577,-1.37737444177,0.078366789349,1.90194135091,0.156525084996,-0.009144922744,-0.0563968069238,0.000406369719615,-0.0910786771106,-0.00201183873402,0.0310497114737,-0.00615022209295,0.574125611314,0.818752661174,0.00214689415545,0.0,0.818710598944,-0.574064715782,-0.0119751480908,0.0,-0.00857239322928,0.00863309043184,-0.999925989173,0.0,0.659197604285,0.257583393727,0.30343839798,1.0,-0.01012,-0.0133005714286,0.507
0.463067504732,0.53300933529,-0.124067396148,-1.37884539936,0.0782747674407,1.90251480626,0.156338529525,-0.00440946071689,-0.0544256979932,0.00106868615157,-0.0823852717317,-0.00366179487446,0.0432556186996,-0.00393327689977,0.574140583423,0.818742132721,0.00215811871936,0.0,0.818700253712,-0.574079676862,-0.0119652031516,0.0,-0.00855764861096,0.00863672734506,-0.999926084064,0.0,0.659033904485,0.257354916763,0.303433082734,1.0,-0.01046,-0.0137474285714,0.524
0.462954308036,0.532159604415,-0.124076007033,-1.38021997154,0.0782033516358,1.90302462256,0.156174488352,-0.0133439850391,-0.0520472662441,-0.00264993216504,-0.0925362596005,-0.00420015672535,0.0272052525919,-0.0013429112348,0.5741610166,0.818727829594,0.00214824738583,0.0,0.818685739303,-0.574100064961,-0.0119800907762,0.0,-0.00857528985668,0.00863740689514,-0.99992592706,0.0,0.658872742289,0.257146333637,0.303422381649,1.0,-0.01076,-0.0141417142857,0.539
0.46279321531,0.530912487434,-0.12406836404,-1.38219614184,0.0780769495826,1.90373067458,0.155922656596,-0.00686163344702,-0.0617807786498,0.00050050541886,-0.0902530614405,-0.00365222137215,0.0288895646204,-0.0115850460526,0.574154911694,0.8187321671,0.00212669569909,0.0,0.818689753406,-0.574094007852,-0.01199602928,0.0,-0.00860077738325,0.00862884924148,-0.99992578204,0.0,0.658632086158,0.256853919559,0.303421631404,1.0,-0.01118,-0.0146937142857,0.56
0.462697299103,0.530186685462,-0.124073742528,-1.38336499344,0.0780147155192,1.90414314713,0.155765340189,-0.00791222184892,-0.0657464053829,-0.00110329976193,-0.098790658542,-0.00914096806143,0.0370651604789,-0.0104725480772,0.574155221946,0.818732008039,0.00210404966352,0.0,0.818689198228,-0.574094312219,-0.0120193295692,0.0,-0.00863285309823,0.00862368960128,-0.999925550141,0.0,0.65848981691,0.25667632558,0.303412594094,1.0,-0.01142,-0.0150091428571,0.572
0.462527974042,0.528897046162,-0.12407442475,-1.38539713934,0.0778732300312,1.90490483683,0.155492162517,-0.00719424949357,-0.0608629922923,0.000641992287574,-0.099145549557,-0.00605364028691,0.0424588248447,-0.00952974619944,0.574142957716,0.818740596123,0.00210885426521,0.0,0.818698003151,-0.574082183463,-0.0119988819156,0.0,-0.00861348190743,0.00861575420814,-0.999925785601,0.0,0.658252057562,0.256368962665,0.303419668811,1.0,-0.01184,-0.0155611428571,0.593
0.462413016823,0.52798988162,-0.124074425759,-1.38682210171,0.0777884157983,1.90546076938,0.155295757551,-0.0116836376393,-0.0646997779635,7.52353379425e-05,-0.102338289919,-0.00479757870599,0.0417921954239,-0.02150810181,0.5741308544,0.81874900128,0.00214052097663,0.0,0.818706829136,-0.574069957615,-0.0119815938098,0.0,-0.0085812743953,0.00863162801815,-0.99992592562,0.0,0.65808748004,0.256160045926,0.303428323249,1.0,-0.01212,-0.0159291428571,0.607
0.462249684975,0.526690539408,-0.124077984029,-1.38878269331,0.0776675752915,1.90619737583,0.155016431924,-0.00622546560642,-0.0731008007038,-0.00146388712037,-0.106124364926,-0.0100776090341,0.0378822332844,-0.00981785632612,0.57411182734,0.818762176975,0.00220321710625,0.0,0.818720854967,-0.57405070854,-0.0119453994868,0.0,-0.00851584690417,0.00866198169057,-0.999926222491,0.0,0.657858523153,0.255865270032,0.303473556577,1.0,-0.0125,-0.0164285714286,0.626
0.462124497926,0.5257282036,-0.124077582615,-1.39029502683,0.0775715381859,1.90674551751,0.154823440315,-0.00957730794855,-0.0706192800674,0.00050469359658,-0.109016447554,-0.00537754844423,0.0360201930431,-0.0112985071185,0.574111639036,0.818762319724,0.00219923288528,0.0,0.818720943678,-0.574050534339,-0.011947690549,0.0,-0.00852001205295,0.00866003295947,-0.999926203889,0.0,0.657675626112,0.255637949585,0.303478277478,1.0,-0.01278,-0.0167965714286,0.64
0.461947551619,0.524419195089,-0.124084142368,-1.39236847264,0.0774454639314,1.90748741415,0.154537121429,-0.00918190489122,-0.0660947242862,-0.000982903747559,-0.114518350118,-0.00147894957878,0.030444526505,-0.01595556612,0.574112695544,0.818761651444,0.00217205897599,0.0,0.81871989102,-0.574051671351,-0.0119651814776,0.0,-0.00854992227345,0.00864783697653,-0.999926054138,0.0,0.657410728037,0.255300316992,0.303472593546,1.0,-0.01318,-0.0173222857143,0.66
0.461809463007,0.523369856952,-0.124092558429,-1.39404608708,0.0773387433419,1.90810275368,0.154308568464,-0.0110205894326,-0.0725102806088,-0.000548526311275,-0.112532925099,-0.00536279994879,0.0421708110289,-0.011443694569,0.574097367783,0.818772425314,0.00216211730012,0.0,0.818730573446,-0.574036424992,-0.0119656921775,0.0,-0.00855620945293,0.00863983026332,-0.999926069574,0.0,0.657223543522,0.255062295368,0.3034693706,1.0,-0.01346,-0.0176902857143,0.674
0.461646430886,0.522137893241,-0.124090439378,-1.39597926517,0.077218741579,1.90887215056,0.154046287956,-0.0074274732746,-0.0737532089643,-0.000666654650869,-0.113674659279,-0.00330757677494,0.0482170383062,-0.0112920950144,0.57408615005,0.818780145747,0.00221633750066,0.0,0.81873906398,-0.574025051803,-0.0119302940942,0.0,-0.00849621826712,0.00866378550095,-0.999926373838,0.0,0.657001949021,0.254775873222,0.303481661711,1.0,-0.0138,-0.0181371428571,0.691
0.461477864238,0.520896507841,-0.124095497583,-1.39799429857,0.0770956477389,1.90963312232,0.153782826223,-0.0115857796124,-0.0725438470227,0.00103039194914,-0.118841485984,-0.0119279482295,0.0463709116682,-0.00889238914707,0.574086678227,0.818779815476,0.00220148863642,0.0,0.818738552754,-0.574025652842,-0.0119364573493,0.0,-0.00850978323384,0.00865517140842,-0.999926333085,0.0,0.65676214938,0.254471040989,0.30346080619,1.0,-0.01414,-0.018584,0.708
0.461320784775,0.519666472655,-0.124102146588,-1.39992899932,0.0769680680908,1.91034160638,0.153518473017,-0.00964911569854,-0.0776712829805,0.000269304815125,-0.120516398444,-0.00799512499698,0.0456213936946,-0.0122408019447,0.574072119438,0.818790034058,0.00219743301823,0.0,0.818748795215,-0.574011190353,-0.0119293999907,0.0,-0.00850648645838,0.00864764806654,-0.999926426229,0.0,0.656527532151,0.254178004757,0.303465312515,1.0,-0.01446,-0.0190045714286,0.724
0.461143971214,0.518314694973,-0.124105671274,-1.40199516982,0.0768403014332,1.9110696912,0.153230546324,-0.00738646801916,-0.0840926087772,-0.000330712525737,-0.127482148855,-0.00731579895154,0.0373182258334,-0.011423922236,0.574058637036,0.818799454898,0.00220925412611,0.0,0.818758323838,-0.573997614737,-0.0119286345885,0.0,-0.00849921653625,0.00865674758801,-0.999926409312,0.0,0.656272583487,0.253861193498,0.303493905148,1.0,-0.0148,-0.0194514285714,0.741
0.460964403821,0.516954804155,-0.12410850701,-1.40412952433,0.0766988678403,1.91184149241,0.152944588939,-0.00619368509822,-0.082046482075,0.00130656299411,-0.117375087318,-0.00842501094736,0.0478541370621,-0.0185238259603,0.574048255942,0.818806757409,0.00220017576078,0.0,0.818765561162,-0.573987325731,-0.0119269718294,0.0,-0.00850317584072,0.00864825202439,-0.999926449164,0.0,0.656010961745,0.253535803792,0.30349911275,1.0,-0.01514,-0.0198982857143,0.758
0.460791018508,0.515692060341,-0.124117674232,-1.40617539239,0.0765707990599,1.91261089861,0.152668380791,-0.00767038057632,-0.0790700844671,-0.000409654153843,-0.13344000099,-0.0134244682963,0.0519724843149,-0.0132230940758,0.574044261629,0.818809605701,0.00218224730178,0.0,0.818768224942,-0.573983454456,-0.0119304122869,0.0,-0.0085163263014,0.00863550572207,-0.999926447409,0.0,0.65576566248,0.25322201025,0.30347796727,1.0,-0.01546,-0.0203188571429,0.774
0.460599360182,0.514304793696,-0.124123829742,-1.40839765208,0.0764420300878,1.91342021231,0.152364548232,-0.0132996157,-0.0820001597875,0.000667009615565,-0.134428223159,-0.0135802337056,0.0399684087653,-0.0133825981561,0.574042203391,0.818811118667,0.00215582342238,0.0,0.818769267056,-0.573981376519,-0.0119588308913,0.0,-0.00855478591067,0.00863016175561,-0.999926165247,0.0,0.655473944181,0.252863916646,0.30346070201,1.0,-0.01582,-0.020792,0.792
0.460397111601,0.512817759548,-0.124123911917,-1.41081007264,0.0762947238076,1.91425009959,0.152022011917,-0.0125337241078,-0.0822467832207,0.00192730044251,-0.138805952814,-0.00858658536799,0.0434424407612,-0.0203161606075,0.574010952867,0.818833218446,0.0020816482032,0.0,0.818790281311,-0.573950320233,-0.0120104969246,0.0,-0.00863999754583,0.0085987556547,-0.999925703162,0.0,0.655183102993,0.252514590068,0.303428870007,1.0,-0.01616,-0.0212388571429,0.809
0.460225650194,0.511568205847,-0.124124595748,-1.41283675326,0.0761708255078,1.91500195323,0.151741415977,-0.0098341914387,-0.0828671902038,0.0008066727592,-0.135319138977,-0.0114846473423,0.0594457865225,-0.0239528080488,0.573994437804,0.818844860835,0.0020557614728,0.0,0.818801549277,-0.573933880402,-0.0120279145931,0.0,-0.00866929180256,0.00858738208739,-0.999925547353,0.0,0.654916568912,0.252188489662,0.303400309741,1.0,-0.01648,-0.0216594285714,0.825
0.460011454469,0.510024778895,-0.124127324055,-1.41530217782,0.0760206810586,1.91593343149,0.15138680365,-0.010210409043,-0.0884514112308,9.90158383668e-05,-0.136677217183,-0.00474729258612,0.0543971350618,-0.0222660063567,0.573970167991,0.818861852162,0.00206403276385,0.0,0.818818629709,-0.573909559867,-0.0120256241837,0.0,-0.00866292354558,0.00859258344617,-0.999925557862,0.0,0.654634743149,0.251833579686,0.303392593956,1.0,-0.01682,-0.0221062857143,0.842
0.45980204276,0.508521289004,-0.124128890295,-1.417675147,0.0758729661497,1.91678374398,0.151069525702,-0.0148734003207,-0.0869474520899,0.00050346994285,-0.13864472258,-0.00904247448323,0.0465696378951,-0.0185299225957,0.57396632524,0.818864590066,0.0020463451227,0.0,0.818821078906,-0.573905735596,-0.0120413574698,0.0,-0.00868599927784,0.00858708954712,-0.999925404873,0.0,0.65433815223,0.251467675406,0.303388937026,1.0,-0.01716,-0.0225531428571,0.859
0.459611249479,0.507075519615,-0.124133775432,-1.41992149519,0.0757197905262,1.91760490155,0.150749963698,-0.013328607302,-0.0895094670949,-0.00182552497894,-0.140249375119,-0.0049802563878,0.0574041516745,-0.0252361893235,0.573939206403,0.818883577272,0.00205453869099,0.0,0.818840281512,-0.573878692612,-0.0120244101879,0.0,-0.00866770293148,0.00858378474527,-0.999925592014,0.0,0.654059941899,0.251123504856,0.303402194031,1.0,-0.01748,-0.0229737142857,0.875
0.459388257687,0.505498149517,-0.124144467609,-1.422383849,0.0755690974896,1.91853117762,0.150420918043,-0.0134870080518,-0.0956283237385,0.00123152883212,-0.147009641828,-0.00454457326538,0.0553665878484,-0.0186129827881,0.573947127024,0.818877944692,0.00208661899055,0.0,0.818835086313,-0.573886495359,-0.0120057806029,0.0,-0.00863395271524,0.00859944569193,-0.999925749441,0.0,0.653743930044,0.250718246121,0.303414489636,1.0,-0.01784,-0.0234468571429,0.893
0.459145706705,0.503751831934,-0.124145488765,-1.42501131616,0.0754059028355,1.91953748333,0.150056499787,-0.0151947422714,-0.0939771972708,-0.0013652017261,-0.147113644056,-0.0101043165283,0.05678886301,-0.0186265341461,0.573938932772,0.818883415067,0.00219109061978,0.0,0.818841971358,-0.573877922136,-0.0119458498998,0.0,-0.00852500396246,0.00865051185421,-0.999926243756,0.0,0.653448703302,0.250332527675,0.303470125402,1.0,-0.01818,-0.0238937142857,0.91
0.458925877169,0.502164917857,-0.124152078282,-1.42734598798,0.0752595459768,1.92040979019,0.149730758376,-0.0116041465143,-0.102012673972,-0.00347243286477,-0.148218729392,-0.00800073573216,0.0502411808854,-0.023760799723,0.573937028204,0.818884463579,0.00229561899191,0.0,0.818844432116,-0.573875649975,-0.0118861793669,0.0,-0.00841616981116,0.00870184082973,-0.999926720341,0.0,0.653167604568,0.249964524108,0.303542660698,1.0,-0.0185,-0.0243142857143,0.926
0.45869071799,0.500437585553,-0.124149835849,-1.42993346591,0.0750866774061,1.92131872974,0.149371011519,-0.0182191625744,-0.110868684619,-0.00100911105906,-0.152096891505,-0.0067191556399,0.0488847287265,-0.0202811995596,0.573918317599,0.818897469376,0.00233372570182,0.0,0.818857941499,-0.5738567998,-0.0118655749576,0.0,-0.00837762623791,0.00872102854808,-0.999926876846,0.0,0.65283884135,0.249561970276,0.303595159684,1.0,-0.01884,-0.0247611428571,0.943
0.458442626535,0.498745677792,-0.124152953227,-1.43254357935,0.0749235964886,1.92228040144,0.148993830773,-0.0157602470246,-0.102851918432,-0.000967599362987,-0.158294136078,-0.0113642713183,0.0619159515626,-0.0232459358974,0.573903639962,0.818907654255,0.00236912276979,0.0,0.818868573844,-0.573841972619,-0.0118488874402,0.0,-0.00834380317962,0.00874028809279,-0.999926991491,0.0,0.652516972213,0.249149863026,0.303616355641,1.0,-0.01918,-0.025208,0.96
0.458201656869,0.497165636619,-0.124152648701,-1.4350361494,0.0747706389521,1.92320723413,0.148626169405,-0.0129000532702,-0.107332456139,-0.000155366264325,-0.157785849985,-0.00478452669009,0.0569469145036,-0.0140486016224,0.573888281492,0.818918388405,0.00237915926724,0.0,0.818879348505,-0.573826482807,-0.0118544136024,0.0,-0.00834273331189,0.00875152193504,-0.999926902161,0.0,0.652229648804,0.248781807783,0.303607219834,1.0,-0.01948,-0.0256022857143,0.975
0.457929340832,0.4954968535,-0.124150419124,-1.43773125912,0.0746055593292,1.92413381867,0.148231587928,-0.0161607879933,-0.106955049053,0.000409501730167,-0.160244297347,-0.0165194485659,0.0549799954127,-0.0195901461482,0.573874537031,0.818928249702,0.00229880157033,0.0,0.818888009347,-0.573812895312,-0.0119136989775,0.0,-0.00843754511517,0.0087195974061,-0.999926385517,0.0,0.651861831008,0.248318769489,0.303572134314,1.0,-0.01984,-0.0260754285714,0.993
0.457649158034,0.493783655788,-0.124165171288,-1.44053321779,0.0744254511981,1.92512481929,0.147834489635,-0.0184537919002,-0.111485497783,0.0014117458273,-0.177389901854,-0.0169411021423,0.063622674257,-0.0314439834014,0.573881590245,0.818923556854,0.00220801027958,0.0,0.818882116962,-0.57382029759,-0.0119620856981,0.0,-0.00852919686506,0.00867308787893,-0.999926012437,0.0,0.651507680018,0.247856214788,0.303518029893,1.0,-0.0246085714286,-0.0323426938776,1.01
0.457373593081,0.491530399694,-0.124234377925,-1.44394950542,0.0742389385907,1.92641730093,0.147347341287,-0.0216689174079,-0.150640579252,-0.00358350827028,-0.231779859495,-0.00618084320722,0.0942756731378,-0.0383177000411,0.573879671392,0.818924603206,0.00231601551162,0.0,0.818884662864,-0.573818039135,-0.0118959568923,0.0,-0.00841308227616,0.00872356536931,-0.99992655703,0.0,0.65108862052,0.24731833009,0.303574149937,1.0,-0.0328371428571,-0.0431573877551,1.026
0.456946658823,0.488557992066,-0.124258526555,-1.44875168822,0.0739820387775,1.92818573169,0.146640925537,-0.0262960549204,-0.191838424631,-0.00161485170332,-0.310653422479,-0.017204318931,0.112647796969,-0.0432910073578,0.573839240435,0.818953040521,0.00227825801896,0.0,0.818912221988,-0.573777365786,-0.0119605222128,0.0,-0.00848805656912,0.00872927838406,-0.99992587355,0.0,0.650474434615,0.246574761459,0.303509575607,1.0,-0.04158,-0.054648,1.043
0.456373111869,0.484737451201,-0.124333067859,-1.45470812505,0.0736261367601,1.93044136487,0.145743077423,-0.0347505240956,-0.249772728927,-0.00527044281446,-0.375179640842,-0.0217077281481,0.140184756299,-0.0606264949553,0.573824058518,0.818963406735,0.00237385685983,0.0,0.818924015142,-0.57376199247,-0.0118903457508,0.0,-0.00837589048343,0.00876714364162,-0.999926488123,0.0,0.649696411199,0.245533018505,0.303531131353,1.0,-0.0508371428571,-0.0668145306122,1.061
0.455710900499,0.48048287644,-0.124444163731,-1.4614275903,0.0732233638514,1.93276482796,0.14471149139,-0.0430456465862,-0.283458593874,-0.0102100042653,-0.446379573654,-0.0230599329716,0.14987239497,-0.0705259655603,0.573829049102,0.81896036292,0.00221207449427,0.0,0.818918781413,-0.573767548549,-0.0119823446095,0.0,-0.00854401322894,0.00868749402368,-0.999925760887,0.0,0.648818576345,0.244377791445,0.303469564542,1.0,-0.0590657142857,-0.0776292244898,1.077
0.454660544351,0.473878193802,-0.124579092887,-1.47169844079,0.0725883287193,1.93643689973,0.143233578835,-0.0522113165095,-0.33395197498,-0.000573398303129,-0.510208662087,-0.0267273526657,0.185333819434,-0.0736180904222,0.573897919821,0.818912070849,0.00222367815987,0.0,0.818870770994,-0.573836495653,-0.0119617544844,0.0,-0.00851976148489,0.00868589829568,-0.999925981678,0.0,0.647571441509,0.242714382776,0.303489836935,1.0,-0.0693514285714,-0.0911475918367,1.097
0.453838836511,0.468886901892,-0.124650057017,-1.47934971793,0.0721433561609,1.9392387474,0.142067938482,-0.0607116926479,-0.372325935139,-0.0061673694473,-0.560679922062,-0.0335215398987,0.216114681399,-0.0869642357518,0.573914034866,0.81890041863,0.00235198903817,0.0,0.81886060207,-0.573851897257,-0.0119189468308,0.0,-0.00841089911333,0.00876657081051,-0.999926199283,0.0,0.646600900767,0.241420017438,0.303541726558,1.0,-0.0765514285714,-0.10061044898,1.111
0.452560080623,0.461348960858,-0.12469195334,-1.4909158038,0.0714071330893,1.9434076846,0.140210261917,-0.0754858933939,-0.417212662406,-0.0037068271492,-0.651242260811,-0.0403637235935,0.22307908295,-0.0952560463547,0.57381493897,0.818969517217,0.00246831637306,0.0,0.818931049717,-0.573752183565,-0.011879165155,0.0,-0.00831263228713,0.00883799350564,-0.999926392299,0.0,0.645098128462,0.23946676419,0.303596262719,1.0,-0.0863228571429,-0.113452897959,1.13
0.451410034362,0.454836016748,-0.124800620191,-1.50112323459,0.0707354470193,1.9468294097,0.138686672895,-0.079507223881,-0.439986946508,-0.00443098610959,-0.694109783639,-0.0447910682645,0.230644316461,-0.112180790537,0.573876382032,0.818927184158,0.00221632433486,0.0,0.818885261781,-0.573814454958,-0.0120268956994,0.0,-0.00857755803363,0.00871703455412,-0.999925216607,0.0,0.643718684749,0.23766826042,0.303517661367,1.0,-0.0940371428571,-0.123591673469,1.145
0.449997256995,0.446621550687,-0.124919722677,-1.51326597195,0.0698965862254,1.95135255371,0.136755569848,-0.0855319079921,-0.491603486466,-0.00579956789175,-0.725180126671,-0.0516752503203,0.274325814663,-0.106239339488,0.573861415184,0.818936320889,0.00266934320992,0.0,0.818901250403,-0.573798762049,-0.0116820229719,0.0,-0.00803532178869,0.00888996188655,-0.999928198513,0.0,0.642167015212,0.235538873472,0.303767750117,1.0,-0.10278,-0.135082285714,1.162
0.448613842472,0.439026431741,-0.124953318583,-1.52495852203,0.0691493608497,1.95537183448,0.13492012296,-0.0921829241588,-0.51611574799,-0.00569140936426,-0.779402305864,-0.0524210153723,0.263048807021,-0.134729123296,0.573832551725,0.818956719634,0.00261550150591,0.0,0.818920322395,-0.573769406186,-0.0117864751174,0.0,-0.00815207520501,0.00890552188783,-0.999927115019,0.0,0.640556792165,0.233510028125,0.303748108633,1.0,-0.110494285714,-0.145221061224,1.177
0.446685442562,0.428583530107,-0.125038672109,-1.54062892715,0.0680760880704,1.9609464106,0.132345694946,-0.103401523756,-0.554440110636,-0.00173028364827,-0.843925330428,-0.0562110978726,0.301042223569,-0.133168549914,0.573752853255,0.81901167187,0.00287951800887,0.0,0.818978951724,-0.573689069627,-0.0116221738257,0.0,-0.00786689947045,0.00902669382572,-0.999928312776,0.0,0.638434784017,0.230731262993,0.303895782501,1.0,-0.120265714286,-0.158063510204,1.196
0.444863086416,0.419351875891,-0.125093863969,-1.5547901276,0.0670712248783,1.96573418742,0.129995189564,-0.115822173579,-0.580673347887,-0.00266963976351,-0.907065382834,-0.0637284722361,0.294288906011,-0.146160849301,0.573681739215,0.819061999368,0.00272950227488,0.0,0.81902718072,-0.573618309265,-0.0117157765125,0.0,-0.00803040946472,0.00895683604578,-0.999927641188,0.0,0.636438791483,0.2281667966,0.303845798404,1.0,-0.128494285714,-0.168878204082,1.212
0.442907048748,0.409444892286,-0.125209149699,-1.56957593471,0.066008104367,1.97096718876,0.127546385402,-0.128579799145,-0.623436625246,-0.00733124987206,-0.953963589157,-0.0637280134027,0.326890000441,-0.160495804907,0.573678416655,0.819063467079,0.00297624961976,0.0,0.819032444145,-0.573614842554,-0.0115158474057,0.0,-0.00772513767828,0.00904421223572,-0.999929259734,0.0,0.634395362357,0.225445952217,0.303973130187,1.0,-0.136722857143,-0.179692897959,1.228
0.44059283954,0.398429619697,-0.12528832871,-1.58621891716,0.0649104647106,1.97655850782,0.124747606272,-0.142066531058,-0.672305432886,-0.0123028079001,-0.977469041876,-0.0682482600443,0.347404036618,-0.16798874165,0.573704728057,0.819045061452,0.00296971676381,0.0,0.819013020185,-0.573640082059,-0.0116394125328,0.0,-0.00782980553312,0.00910999809338,-0.999927848437,0.0,0.631993885371,0.222348674474,0.303969629882,1.0,-0.145465714286,-0.191183510204,1.245
0.437932784466,0.386211781618,-0.125430944937,-1.60468020015,0.0635017971135,1.98279039547,0.121563274534,-0.153079326451,-0.694661648138,-0.00884584933036,-1.06455763432,-0.0847241101255,0.346256059815,-0.192374986676,0.573698513659,0.819049750805,0.00287541883709,0.0,0.819017058229,-0.573634843346,-0.0116134288719,0.0,-0.00786268697046,0.00901779757999,-0.999928426179,0.0,0.629317862117,0.218810658808,0.303933875554,1.0,-0.154722857143,-0.203350040816,1.263
0.435553411684,0.375486458732,-0.125531518038,-1.62057435363,0.0623226422241,1.98810538252,0.118696202268,-0.164039703254,-0.727753288781,-0.00361813134326,-1.07351359471,-0.0811198376302,0.356995587024,-0.195895797311,0.573635204485,0.81909377722,0.0029636458331,0.0,0.819062287763,-0.573571321841,-0.0115609007499,0.0,-0.00776974919705,0.00905932462194,-0.999928777281,0.0,0.626972409605,0.215740789371,0.304004679249,1.0,-0.162437142857,-0.213488816327,1.278
0.432369788551,0.362139609852,-0.12571275089,-1.64034147603,0.0608095633559,1.99467281885,0.115178979343,-0.184270487882,-0.758265228672,-0.0108119062012,-1.11214426389,-0.0829931689386,0.376891128964,-0.208351049059,0.573778831663,0.818992976401,0.00301725739672,0.0,0.818962607307,-0.573715261286,-0.0114801438016,0.0,-0.00767125822131,0.00905825888187,-0.99992954739,0.0,0.624043482256,0.211760043523,0.304055219278,1.0,-0.171694285714,-0.225655346939,1.296
0.42912737483,0.349105139083,-0.125868336557,-1.65984061123,0.0593388481824,2.00091573876,0.111544415535,-0.194311996368,-0.773734854586,-0.00742196503925,-1.15304350098,-0.089236445852,0.366714389702,-0.218483066176,0.573826994959,0.81896000481,0.0027995138878,0.0,0.818926342411,-0.573763580964,-0.0116509985252,0.0,-0.00793559547985,0.0089784260032,-0.999928204518,0.0,0.62104719034,0.207795544584,0.303954203715,1.0,-0.180437142857,-0.237145959184,1.313
0.42586870299,0.336224070238,-0.12601145674,-1.67851652956,0.0578878346297,2.00707779746,0.107975332866,-0.205731185969,-0.816042859625,-0.00654107885184,-1.18083337828,-0.0919966079653,0.382602920371,-0.230881370167,0.573878701977,0.818922831157,0.00306250365807,0.0,0.818892843833,-0.57381473774,-0.0114849454471,0.0,-0.00764812155785,0.00909900309925,-0.999929354694,0.0,0.618190188951,0.20394041833,0.304089568247,1.0,-0.188665714286,-0.247960653061,1.329
0.422278240035,0.322160604883,-0.126103625805,-1.69901286347,0.0562041656018,2.01366040599,0.103966689962,-0.209145831317,-0.844761280426,-0.000693671470599,-1.21766986298,-0.100902310317,0.387389057144,-0.238806764713,0.57375563046,0.81900885814,0.00311668154913,0.0,0.818979845868,-0.573691846656,-0.0114203346242,0.0,-0.00756548608587,0.0091051559696,-0.999929927322,0.0,0.614934842611,0.199743631851,0.304124362977,1.0,-0.197408571429,-0.259451265306,1.346
0.418358222802,0.30759140208,-0.126199382451,-1.72006780198,0.0544821832261,2.0202944539,0.0997221923028,-0.23240966009,-0.886314143601,-0.00720697856677,-1.24264262229,-0.10832649619,0.405653513742,-0.256162740402,0.573680667985,0.819061073347,0.00319315034588,0.0,0.819032968594,-0.573616571781,-0.0113917441921,0.0,-0.00749903465033,0.0091506950038,-0.999930012181,0.0,0.611531950412,0.195318657175,0.30417368373,1.0,-0.206151428571,-0.270941877551,1.363
0.414404899664,0.293574281014,-0.126314766612,-1.74043327181,0.0527659518655,2.0264313534,0.0955457714617,-0.255363108156,-0.909862126145,-0.00648739193595,-1.26608257593,-0.0978114968977,0.37800444927,-0.257765526511,0.573644690631,0.819087127902,0.00296525145101,0.0,0.819055703571,-0.573580853283,-0.0115544838289,0.0,-0.00776346698715,0.00905704879117,-0.999928846692,0.0,0.608139445302,0.190937949017,0.304096938214,1.0,-0.21438,-0.281756571429,1.379
0.409922223838,0.278136093482,-0.126485088971,-1.76250423863,0.0509477101035,2.03315051218,0.0908588302522,-0.270524124708,-0.909940365014,-0.00605536126462,-1.31937849189,-0.105060346,0.374570632723,-0.283384338795,0.573647090171,0.819085271194,0.00301352830542,0.0,0.81905397145,-0.573582509905,-0.0115949594547,0.0,-0.00776890295583,0.00911983266354,-0.999928233824,0.0,0.604438015573,0.186098374219,0.304117583597,1.0,-0.223122857143,-0.293247183673,1.396
