position_joint1,position_joint2,position_joint3,position_joint4,position_joint5,position_joint6,position_joint7,velocity_joint1,velocity_joint2,velocity_joint3,velocity_joint4,velocity_joint5,velocity_joint6,velocity_joint7,ee_T_00,ee_T_10,ee_T_20,ee_T_30,ee_T_01,ee_T_11,ee_T_21,ee_T_31,ee_T_02,ee_T_12,ee_T_22,ee_T_32,ee_T_03,ee_T_13,ee_T_23,ee_T_33,v_x,v_y,time
0.465082243764,0.547860220608,-0.123982500803,-1.35583591697,0.0794653157943,1.89409326375,0.159177998895,-1.90534544884e-05,-0.000761062218861,-0.000563703573621,0.00164071773923,-0.000475653564701,1.48613597908e-05,0.00140105832353,0.573800989674,0.818980924283,0.00184846193804,0.0,0.818936725835,-0.573743105152,-0.0119262429675,0.0,-0.00870699083324,0.0083572242877,-0.999927169904,0.0,0.66167118107,0.260892100315,0.30315610723,1.0,0.0,0.0,0.0
0.465082322502,0.547860194117,-0.123981418914,-1.35583842262,0.0794667399459,1.89409431318,0.159181099795,-0.000289757048828,-0.00111742493866,0.000886169564043,0.000355028628423,0.000187925858032,0.000115170013068,0.00187053179213,0.573803230013,0.818979355024,0.00184828903043,0.0,0.818935134546,-0.573745326966,-0.01192862487,0.0,-0.00870901798381,0.00835847323231,-0.999927141811,0.0,0.661670467325,0.260892783197,0.303154991436,1.0,-0.0001,-0.000131428571429,0.006
0.465084231599,0.547865551008,-0.123982085351,-1.35584092839,0.0794660278691,1.89409316071,0.159172200617,9.473143039e-05,0.00127341429132,0.000930704563843,-0.00143422378027,-0.000143122847537,6.72127479164e-05,-0.000937548754579,0.573794792736,0.818985284769,0.00184012580229,0.0,0.818940962704,-0.573736929838,-0.0119323864568,0.0,-0.00871686861874,0.00835385644749,-0.999927111986,0.0,0.661669214445,0.260893097019,0.303149924755,1.0,-0.0003,-0.000394285714286,0.016
0.465081838977,0.547857255396,-0.12398216764,-1.35584262987,0.0794660278691,1.8940944562,0.15917836513,0.000126100410211,0.000466660894503,0.000893498574138,0.00167353824773,-0.000114972090318,-0.00039977731199,-0.00240357734213,0.573801946269,0.818980257403,0.00184698215522,0.0,0.818936025928,-0.57374405469,-0.0119286229755,0.0,-0.00870977937447,0.0083573882114,-0.999927144249,0.0,0.661669947009,0.26089146321,0.303155106817,1.0,-0.00064,-0.000841142857143,0.033
0.465081125979,0.547823784914,-0.123982482362,-1.35588304489,0.0794653182655,1.89410016646,0.159176374989,0.000835069356105,-0.00296077368984,0.000812249445234,-0.00469300570529,2.83726655829e-05,-0.000163630208565,0.00130666537836,0.573803118951,0.818979434959,0.00184734858498,0.0,0.818935181682,-0.573745200178,-0.011931486813,0.0,-0.00871190267581,0.0083593440394,-0.999927109403,0.0,0.661663004325,0.260886724376,0.303160087835,1.0,-0.00098,-0.001288,0.05
0.465083254073,0.547728869661,-0.123987407023,-1.35599894246,0.0794636744514,1.89413010247,0.159172334282,0.00183625977466,-0.00430688302085,-0.000843758982613,-0.0113776626282,0.000249341565109,0.0054016531515,4.89081859983e-05,0.573807440117,0.818976384098,0.00185764848078,0.0,0.818932223948,-0.573749437827,-0.0119307197202,0.0,-0.00870532052903,0.00836738504119,-0.999927099474,0.0,0.66164558444,0.26087454087,0.303174925651,1.0,-0.0013,-0.00170857142857,0.066
0.465071913763,0.547590679899,-0.123982202842,-1.35618637818,0.0794602076027,1.89416209005,0.159167288468,-0.000145664845587,-0.00653094645389,-0.00116715866284,-0.0127573171442,-3.01424956016e-05,-0.000283925318848,-0.000207062646364,0.573818246098,0.818968829501,0.0018503116645,0.0,0.818924425035,-0.573760130783,-0.0119517909323,0.0,-0.00872667718322,0.00837358234389,-0.999926861437,0.0,0.661614597735,0.260851222575,0.303186207656,1.0,-0.00164,-0.00215542857143,0.083
0.465058790199,0.547414345248,-0.123983224195,-1.35641077232,0.0794566750754,1.89428274162,0.159166614752,0.000457020768317,-0.0123437031619,-0.000582112898716,-0.0109373940852,-0.000225731037263,0.0142714179747,0.00150198426979,0.573840997478,0.818952736245,0.00191632779635,0.0,0.818909157367,-0.57378256749,-0.01192074355,0.0,-0.00866313685745,0.00841007167031,-0.999927107721,0.0,0.661595732327,0.26082526508,0.303214819823,1.0,-0.002,-0.00262857142857,0.101
0.465039610399,0.547239652327,-0.123985363939,-1.3566061284,0.079454088063,1.89439276714,0.159153007502,-0.00068120391609,-0.012616496098,-0.0012063696025,-0.0153658338051,-0.000113750662562,0.00641448230871,0.00169635461101,0.573857487746,0.818940989485,0.00199659712807,0.0,0.81889843548,-0.573798703847,-0.0118805190307,0.0,-0.00858396443435,0.00845289781304,-0.999927429403,0.0,0.661583141265,0.260797512979,0.303255199277,1.0,-0.0023,-0.00302285714286,0.116
0.465007099776,0.54701416182,-0.123977489651,-1.35691651631,0.0794507067287,1.89452397947,0.159136008651,-0.000125366766291,-0.0114594184208,-0.00451483275304,-0.0178698395308,0.000152740540624,0.00817009104732,0.000686445637908,0.573881233831,0.818924227133,0.00204611139781,0.0,0.818882162078,-0.573822091586,-0.0118726045722,0.0,-0.00854882419283,0.00848915252848,-0.999927423313,0.0,0.66155093647,0.260755050571,0.303278308241,1.0,-0.00266,-0.003496,0.134
0.464973983884,0.546775541007,-0.123982849517,-1.35728630942,0.0794431669642,1.89465944934,0.159089806296,-0.00374844058333,-0.0158931603095,-0.000696645528775,-0.0222088881462,-9.05309108685e-05,0.0047014048601,-0.00791811412771,0.573892949694,0.818915990783,0.00205650966309,0.0,0.818873950408,-0.573833653848,-0.0118801496412,0.0,-0.00854891465305,0.00850212000444,-0.999927312365,0.0,0.66150970334,0.26069725576,0.303283230553,1.0,-0.003,-0.00394285714286,0.151
0.46493713176,0.546517787112,-0.12398536685,-1.35765047811,0.0794300209901,1.89479966955,0.158964035718,-0.000261951111428,-0.0156320217465,-0.00120553259914,-0.0263585078431,-6.85830810811e-06,0.00896376444357,-0.00270324838236,0.573838776731,0.818953865523,0.0020907809726,0.0,0.81891220399,-0.573779281929,-0.0118694855466,0.0,-0.00852107832219,0.00852350122463,-0.999927367938,0.0,0.661471829379,0.260638974166,0.303304673842,1.0,-0.0033,-0.00433714285714,0.166
0.464891160036,0.546219551123,-0.123983091687,-1.35815338307,0.079410486196,1.8949688716,0.158950111159,-0.0043695839881,-0.0134310723626,-0.00168074612573,-0.0298106523567,-0.00521356870403,0.00634186379701,0.00137541997996,0.57388630098,0.818920625542,0.00206627918654,0.0,0.81887851184,-0.573826766683,-0.0118983858234,0.0,-0.00855831203077,0.00852051629948,-0.99992707539,0.0,0.661410553045,0.260562419576,0.303291082515,1.0,-0.00366,-0.00481028571429,0.184
0.464837353057,0.545894474088,-0.123985230154,-1.35871222225,0.0793593078673,1.89515897398,0.158882517147,-0.000967017699094,-0.021543379772,-0.000663494316595,-0.0323148888885,-0.00396266807033,0.00631791041213,-0.00565947231365,0.573894097121,0.818915281546,0.002018375845,0.0,0.818872683698,-0.573834896521,-0.0119074065114,0.0,-0.00859310810561,0.00848654654615,-0.999927065851,0.0,0.661346087154,0.260468135452,0.303271756788,1.0,-0.004,-0.00525714285714,0.201
0.464781350612,0.545561424103,-0.123988552771,-1.35928968152,0.0792665248311,1.89536047908,0.158771285537,-0.00346856915317,-0.0215313909005,-0.00101239459376,-0.0362731227209,-0.00254407164175,0.00782673372317,-0.00881550388119,0.573858770891,0.818940205792,0.00194866860051,0.0,0.818897218672,-0.573800370664,-0.011883887338,0.0,-0.00861421222719,0.00841559430453,-0.999927483931,0.0,0.661282942919,0.260363649393,0.303250143907,1.0,-0.00432,-0.00567771428571,0.217
0.464713854978,0.54517087479,-0.123986152362,-1.35998323128,0.0792584186888,1.89557589196,0.158703731684,-0.00251515859422,-0.021272705872,-0.000243406302672,-0.0396500712429,0.000318810233672,0.0110974847408,-0.00648191662581,0.573893411366,0.818916061745,0.00189291005398,0.0,0.818871964413,-0.573834866976,-0.0119581872844,0.0,-0.00870670147854,0.0084129378439,-0.999926705227,0.0,0.661194269955,0.260256506699,0.30321513305,1.0,-0.00466,-0.00612457142857,0.234
0.464654483283,0.544735033182,-0.123991749033,-1.36070118006,0.0792361361862,1.89582920971,0.158626921606,-0.00209786500996,-0.0237451034828,-0.00126285531071,-0.0429664169727,-8.57627925232e-05,0.0168961472928,-0.0101865464086,0.573917130247,0.818899473563,0.00187795357473,0.0,0.818854992188,-0.573858464332,-0.011987976632,0.0,-0.00873943645977,0.00841803887919,-0.999926376726,0.0,0.661109180978,0.260148094444,0.303204059246,1.0,-0.005,-0.00657142857143,0.251
0.464577854171,0.544303370776,-0.123990295717,-1.36142126174,0.0792087440664,1.89610007982,0.158526236694,-0.00408639424922,-0.03064422662,-0.000748681939913,-0.048294176121,-0.00235719061282,0.0212813518855,-0.00818697315651,0.57392935349,0.818890922839,0.00187098771064,0.0,0.818846191656,-0.573870563059,-0.0120099194594,0.0,-0.00876127794012,0.00842505868079,-0.999926126469,0.0,0.661030059713,0.260032417925,0.303190254547,1.0,-0.00532,-0.006992,0.267
0.464508277315,0.543761567459,-0.123997874217,-1.36230106642,0.0791640422658,1.89639071367,0.158429047054,-0.00474090583775,-0.0346264256278,-0.000774556936135,-0.0484253705637,-0.000821551170828,0.0198563419422,-0.00589661651464,0.573948943859,0.818877276711,0.00183369346536,0.0,0.818831962322,-0.573890220595,-0.0120407261555,0.0,-0.00880770787218,0.00841241084376,-0.999925825062,0.0,0.660922117992,0.259897201788,0.303180300561,1.0,-0.00568,-0.00746514285714,0.285
0.464424626156,0.543223767096,-0.123998061786,-1.36316054115,0.0791091428895,1.89669747729,0.158307141005,-0.00581440367529,-0.0321403536959,-0.000513576643163,-0.0496952476893,-0.00166073399684,0.0218500363869,0.000194639431737,0.573950892867,0.818875943054,0.00181916647875,0.0,0.8188304424,-0.573892236258,-0.0120480148615,0.0,-0.00882199386371,0.00840471959651,-0.999925763801,0.0,0.660824374334,0.259758782518,0.30317826212,1.0,-0.00602,-0.007912,0.302
0.464360221665,0.542682425164,-0.124002027061,-1.36401171921,0.0790533916742,1.89700313624,0.158207012176,-0.000766852825701,-0.0362387849176,0.000110987210147,-0.0511447461023,-0.00478084389656,0.0186998435268,-0.010946830249,0.573956816463,0.818871806971,0.00181203863645,0.0,0.818826253354,-0.573898228607,-0.012047278578,0.0,-0.00882542093136,0.00839852416492,-0.999925785615,0.0,0.660724202851,0.259631720831,0.303182638139,1.0,-0.00634,-0.00833257142857,0.318
0.464288338879,0.542079133704,-0.12400811048,-1.36493628588,0.0790055539728,1.89734828074,0.158075696366,-0.00472425060963,-0.0377668916641,-0.00177606139401,-0.0571294537934,-0.00561961658644,0.0213172301315,-0.00601078813033,0.573951017845,0.818875819597,0.00183523704837,0.0,0.818830520715,-0.573892283138,-0.0120404568593,0.0,-0.00880658015314,0.00841354256442,-0.999925825473,0.0,0.660618478248,0.259494560186,0.303199337221,1.0,-0.00668,-0.00877942857143,0.335
0.464202042809,0.541400097235,-0.124008686728,-1.36597610178,0.0789476581607,1.89774182471,0.157936955833,-0.00677458723186,-0.038037001381,-0.000161080120815,-0.0508635522184,-0.00336202676287,0.0286474468978,-0.00680091493999,0.573950766134,0.818875928011,0.00186533603095,0.0,0.818830982367,-0.573891862305,-0.0120291146037,0.0,-0.00878002025825,0.0084316768133,-0.99992590629,0.0,0.660500692365,0.259340048223,0.30321865746,1.0,-0.00704,-0.00925257142857,0.353
0.464128263527,0.540790445672,-0.124008796002,-1.36691362764,0.0788906668155,1.89808713051,0.157819067818,-0.00666959877976,-0.0395407514463,0.0050400499809,-0.0670872395241,-0.000876729705876,0.0160608560993,-0.00891033850945,0.573951439864,0.818875422563,0.00187986718715,0.0,0.818830659735,-0.573892466387,-0.0120222545278,0.0,-0.00876605591382,0.00843964567503,-0.999925961581,0.0,0.660391489753,0.259202186286,0.303233312191,1.0,-0.00734,-0.00964685714286,0.368
0.464036629474,0.540010550566,-0.124010553176,-1.36808850381,0.0788150504851,1.89851962293,0.157674411915,-0.00250446675917,-0.0470222489586,-0.00161131149255,-0.0641671048517,-0.00483678604338,0.0277384481229,-0.00734317235961,0.573949243824,0.818876884965,0.00191303009073,0.0,0.818832599461,-0.573890170957,-0.0119996933252,0.0,-0.00872857037691,0.00845382907458,-0.999926169691,0.0,0.660262304622,0.259038123857,0.30326777905,1.0,-0.00768,-0.0100937142857,0.385
0.463938705195,0.539310934881,-0.124008993652,-1.36917295049,0.0787569965913,1.89893268852,0.157536994889,-0.00327142489262,-0.047337374033,-0.000385841093137,-0.0664638351018,-0.000325613116718,0.0312665708451,-0.00194966380018,0.573965105038,0.81886571158,0.00193687841295,0.0,0.818821662304,-0.573905855632,-0.0119958790762,0.0,-0.00871159591816,0.00847133709527,-0.999926169547,0.0,0.660133475075,0.258863899209,0.303276747055,1.0,-0.00802,-0.0105405714286,0.402
0.463832341725,0.53859838351,-0.1240116264,-1.37030133401,0.0786988250666,1.8993638633,0.157394831724,-0.004316791896,-0.0458577234414,-0.000305288701679,-0.0761069186496,-0.00226166236638,0.0271836916832,-0.0159567594891,0.573984512191,0.818852068768,0.00195349411638,0.0,0.818808164945,-0.573925120168,-0.0119955142329,0.0,-0.00870155983205,0.0084849396795,-0.9999261416,0.0,0.660008477833,0.25868741398,0.303280510268,1.0,-0.00834,-0.0109611428571,0.418
0.463719621829,0.53776705548,-0.124014804624,-1.3715979917,0.0786208059956,1.89986537177,0.157236462977,-0.00690072346079,-0.0503338715156,0.000258056437576,-0.0749761457379,-0.012079864433,0.0276601119441,-0.011761214252,0.574000133609,0.818841049467,0.00198222775587,0.0,0.81879755144,-0.573940648256,-0.0119770170545,0.0,-0.00866975905089,0.00849801623555,-0.999926306784,0.0,0.659864296618,0.25848958053,0.303294036511,1.0,-0.0087,-0.0114342857143,0.436
0.46360081702,0.536934459061,-0.124018002656,-1.37290262734,0.0785400236823,1.9003450984,0.157085943089,-0.00544292827264,-0.0482097154739,-0.000490649369989,-0.0734198848607,-0.00987068462005,0.0231439537377,-0.00672025711272,0.574026586091,0.818822496042,0.00198628751355,0.0,0.818779067834,-0.573967096895,-0.011973164157,0.0,-0.00866399929167,0.00849940882452,-0.99992634487,0.0,0.659715380239,0.258284886257,0.30330261204,1.0,-0.00904,-0.0118811428571,0.453
0.46348755192,0.53612983346,-0.124028860812,-1.37415720596,0.0784694999453,1.90081488872,0.156929223307,-0.0108096720042,-0.0553886955074,-0.00186749850642,-0.0811985815757,-0.0031391664128,0.0370352551256,-0.00646515783032,0.574048760775,0.818806910139,0.00200276369721,0.0,0.818763697779,-0.573989200615,-0.0119646009939,0.0,-0.00864729972461,0.00850821839379,-0.999926414506,0.0,0.659574819883,0.258085972327,0.303314519463,1.0,-0.00936,-0.0123017142857,0.469
0.46336293486,0.53523874546,-0.124030759853,-1.37557160161,0.078396987772,1.90131592491,0.156759414231,-0.00678994912383,-0.0546722693254,-0.000131612213745,-0.0826831792526,-0.00751863028194,0.0292645799405,-0.00936533187641,0.574071188083,0.818791216448,0.0019904225177,0.0,0.818747685323,-0.574011521995,-0.0119894660887,0.0,-0.00867451107573,0.00851262476559,-0.999926141311,0.0,0.659406336265,0.257868753533,0.303313652613,1.0,-0.0097,-0.0127485714286,0.486
0.463231789371,0.534292800061,-0.124038854486,-1.37711992195,0.0783023310436,1.90189120872,0.156571185066,-0.00235244783085,-0.0539323240504,-0.00136377511937,-0.0836262194717,-0.0076193246573,0.0330301218913,-0.00999556666393,0.574089690091,0.818778310695,0.00196279579549,0.0,0.818734448848,-0.574030167937,-0.0120006445433,0.0,-0.0086993309554,0.00849661842682,-0.999926061825,0.0,0.659226928706,0.257629928779,0.303294191496,1.0,-0.01006,-0.0132217142857,0.504
0.463113201283,0.533413993427,-0.124040376604,-1.37852118216,0.078219463192,1.90241146674,0.156381324915,-0.00560127132483,-0.0556185041914,0.00186051923288,-0.0890604904195,-0.00322950720114,0.0410325505825,-0.0188024339073,0.574086862151,0.818780298612,0.0019606661223,0.0,0.818736380993,-0.574027322092,-0.012004950286,0.0,-0.00870410843736,0.00849731652495,-0.999926014317,0.0,0.659063219022,0.257417971878,0.303292192013,1.0,-0.01038,-0.0136422857143,0.52
0.462979163668,0.532473000067,-0.124038607793,-1.38006666218,0.0781353427153,1.90298942174,0.156199377842,-0.00690005827497,-0.0584997996062,0.00302472574654,-0.0936233026921,-0.0131929388214,0.0301482021809,-0.0043146086791,0.574108341517,0.818765283934,0.00194137211985,0.0,0.818721003511,-0.574048773208,-0.0120279378508,0.0,-0.00873378381822,0.00849494513556,-0.999925775709,0.0,0.658881986177,0.2571851655,0.303270142364,1.0,-0.01072,-0.0140891428571,0.537
0.462847593619,0.531478144446,-0.124046663127,-1.38163893903,0.0780401077532,1.90356567716,0.155994223279,-0.00739478141476,-0.0596313618762,-0.000667913850769,-0.0962357667617,-0.012761471007,0.0331636474806,-0.011590703753,0.574113856288,0.818761425379,0.00193784199048,0.0,0.818717109633,-0.574054312936,-0.012028594842,0.0,-0.00873629110642,0.00849249087062,-0.999925774654,0.0,0.658697389497,0.256943930353,0.303273233276,1.0,-0.01106,-0.014536,0.554
0.462730038895,0.530591406446,-0.124046769331,-1.38307831837,0.0779552574813,1.90406822919,0.155810000943,-0.0105043160387,-0.0611588971622,-0.000607300993035,-0.0971490379244,-0.00719663624683,0.0443102363741,-0.0092741222486,0.57411469601,0.818760933803,0.00189631338541,0.0,0.818715986593,-0.574055246105,-0.0120604567628,0.0,-0.00878621135583,0.00847679075681,-0.999925470477,0.0,0.658519852964,0.256727611636,0.303256554574,1.0,-0.01136,-0.0149302857143,0.569
0.462583525894,0.529481858425,-0.124049960257,-1.38481371796,0.0778464427676,1.90471468522,0.155567764055,-0.00869237326746,-0.0632056151239,0.000471375975039,-0.0990563197858,5.48664769147e-05,0.0363692058316,-0.0184135061666,0.574103549747,0.818768716418,0.00191051932485,0.0,0.818723985591,-0.574044069203,-0.0120494370207,0.0,-0.00876914862872,0.00848197586653,-0.999925576289,0.0,0.658316788996,0.256464125965,0.303268279306,1.0,-0.01172,-0.0154034285714,0.587
0.462449231072,0.528381701761,-0.12404675842,-1.3865089901,0.0777460350535,1.90536576801,0.155345784353,-0.00901848792624,-0.0637647585212,0.00456448372319,-0.104749543055,-0.00689435455856,0.04461358876,-0.0106920004631,0.574094475856,0.818774963875,0.00195913869834,0.0,0.818730843425,-0.574034762897,-0.0120267997477,0.0,-0.00872279675162,0.00850869039489,-0.999925754746,0.0,0.658118231017,0.256218730913,0.303292410517,1.0,-0.01206,-0.0158502857143,0.604
0.462302495428,0.527239136619,-0.124047704645,-1.38826917056,0.077629621112,1.90604643338,0.155095631269,-0.00656663425606,-0.0692011205488,-5.49593571477e-05,-0.108205630036,-0.00863850735481,0.0435845474741,-0.00960199540494,0.574074416949,0.818788914248,0.00200614321254,0.0,0.818745519026,-0.574014616104,-0.0119892649388,0.0,-0.00866528852956,0.00852541518587,-0.999926112306,0.0,0.657915992735,0.255955044228,0.303317898365,1.0,-0.0124,-0.0162971428571,0.621
0.462156573607,0.526067283649,-0.124058447632,-1.39007780028,0.0775096189622,1.90670794748,0.154854138468,-0.00761715991918,-0.0697796229306,-0.00139551276815,-0.106410759284,-0.0054632390954,0.0390539664841,-0.020753437982,0.574068863328,0.818792775846,0.00201922769365,0.0,0.81874966223,-0.574009117483,-0.0119695674693,0.0,-0.0086417066471,0.00852476211188,-0.999926321954,0.0,0.657701000806,0.255679001379,0.303339286853,1.0,-0.01274,-0.016744,0.638
0.461993341637,0.524900514666,-0.124056354961,-1.39191363491,0.0773938045269,1.90737055036,0.154599909885,-0.0164848378888,-0.0667919131163,0.00085704766465,-0.109673100734,-0.0054623866996,0.0453730987713,-0.0168894102465,0.574060331309,0.81879877559,0.00201196678522,0.0,0.818755543609,-0.574000593636,-0.0119760266837,0.0,-0.00865125241938,0.00852243488805,-0.999926259249,0.0,0.657480392023,0.255396536537,0.303343548689,1.0,-0.01308,-0.0171908571429,0.655
0.461856177938,0.523782292357,-0.124062473505,-1.39370223456,0.0772899002299,1.90801922616,0.154362796541,-0.00457435564252,-0.0697573262466,0.0012958593773,-0.109748723893,-0.0125783407452,0.0454532500491,-0.00956198086293,0.574050826762,0.81880548302,0.0019940338572,0.0,0.818761953452,-0.573991103231,-0.0119926599506,0.0,-0.0086752650557,0.00851719939837,-0.999926095814,0.0,0.65726081174,0.255132402488,0.303334950477,1.0,-0.0134,-0.0176114285714,0.671
0.461693206746,0.522557701707,-0.124065700165,-1.39564514768,0.0771657621424,1.9087636275,0.154098420138,-0.0110193095942,-0.0663506618668,0.000173702022701,-0.110466011281,-0.00782050785547,0.0373681873234,-0.00879831212322,0.57404084235,0.818812443645,0.00201006151948,0.0,0.818769198054,-0.573981126177,-0.0119755589324,0.0,-0.00865216587979,0.00852040043961,-0.999926268683,0.0,0.65703327433,0.254839316127,0.303335557737,1.0,-0.01374,-0.0180582857143,0.688
0.46152463163,0.521315078273,-0.124074188377,-1.39763509271,0.0770447519466,1.90953434472,0.153815084221,-0.00998259276068,-0.0734309134099,-0.000748052936402,-0.117404796784,-0.00419631882932,0.0368176025394,-0.0188419617942,0.574026857941,0.818822209851,0.00202531932885,0.0,0.818779217545,-0.573967133197,-0.0119611800368,0.0,-0.00863177932965,0.00852449209203,-0.999926410002,0.0,0.656802165853,0.254536453287,0.303328585309,1.0,-0.01408,-0.0185051428571,0.705
0.461366990342,0.520093729562,-0.124077620668,-1.39955432689,0.076926258582,1.91022740094,0.153567592097,-0.0121287356482,-0.0749478635603,-0.000978562638242,-0.125864035402,-0.00741767456189,0.0465988655341,-0.0211676787537,0.5740259003,0.818822895695,0.00201944821528,0.0,0.818779803399,-0.573966177079,-0.0119669551681,0.0,-0.00863988825609,0.00852298972086,-0.999926352777,0.0,0.656566931763,0.254247060714,0.303333052457,1.0,-0.0144,-0.0189257142857,0.721
0.461192121274,0.518747211784,-0.124080882038,-1.40163479743,0.076787593171,1.91096980543,0.153283043395,-0.00762754588884,-0.078326115631,0.000795992943654,-0.120271731683,-0.0038540104882,0.0411619794601,-0.0158801278251,0.574011237469,0.818833172221,0.00202045315196,0.0,0.818790145772,-0.573951563912,-0.0119601994647,0.0,-0.00863393205167,0.00851978005811,-0.999926431576,0.0,0.656311501215,0.253929128178,0.30335252117,1.0,-0.01474,-0.0193725714286,0.738
0.461011907356,0.517404886385,-0.12408169141,-1.40377610619,0.0766580286519,1.91173168022,0.152980371065,-0.00611978795791,-0.078939515176,0.000192797155727,-0.130087193492,-0.0075276304437,0.0482099242703,-0.0233433869448,0.573989885369,0.818848215737,0.00198946722473,0.0,0.818804695105,-0.573930255975,-0.0119866363848,0.0,-0.00867358737629,0.00850935698034,-0.999926177138,0.0,0.656044976276,0.253604672188,0.303341363376,1.0,-0.01508,-0.0198194285714,0.755
0.460837715962,0.516116462447,-0.12408690463,-1.40579151598,0.0765275766785,1.91249386278,0.152708470954,-0.0074651289953,-0.0780675687235,1.81705799609e-05,-0.122901494423,-0.0068256748072,0.0481066465297,-0.0198396388214,0.573984919472,0.818851639652,0.00201279889206,0.0,0.818808507628,-0.573925275495,-0.011964651488,0.0,-0.00864224472018,0.00851579033318,-0.999926393752,0.0,0.655805709975,0.25329573503,0.303352051312,1.0,-0.0154,-0.02024,0.771
0.460647265189,0.514754598486,-0.124090815506,-1.40800429681,0.0763834207228,1.91332279667,0.152409401569,-0.0114020961297,-0.080239344786,-5.46075546031e-05,-0.134564009992,-0.005516092494,0.0522335193959,-0.0190230185916,0.573976512872,0.818857598433,0.00198571417679,0.0,0.818814183764,-0.573917052925,-0.0119706194205,0.0,-0.00866276422717,0.00849694891733,-0.999926376477,0.0,0.655538654787,0.25295681564,0.303325710638,1.0,-0.01574,-0.0206868571429,0.788
0.46042435871,0.513089612534,-0.124096444995,-1.41068178594,0.0762279404671,1.91424484921,0.152038306951,-0.00998728655637,-0.0849650499297,-0.00066125276422,-0.136147981042,-0.0121167984521,0.0447711695674,-0.0177759973009,0.573957489603,0.818871105101,0.00191318089583,0.0,0.81882654104,-0.573898143474,-0.012031770724,0.0,-0.00875466697932,0.0084724513365,-0.999925783933,0.0,0.655195906907,0.252549076697,0.303298285073,1.0,-0.01614,-0.0212125714286,0.808
0.460266932239,0.511910781371,-0.12409964389,-1.41256201331,0.0761160850737,1.91492531142,0.151777814199,-0.00995353293467,-0.0870609306486,-0.00324211472558,-0.138309733113,-0.00512158054029,0.0499611646646,-0.0166792172462,0.573943570823,0.818880900672,0.00189602920501,0.0,0.818836038868,-0.573884229487,-0.0120490455514,0.0,-0.0087788010331,0.00846817231115,-0.999925608588,0.0,0.654961525821,0.252264558911,0.303288210452,1.0,-0.01642,-0.0215805714286,0.822
0.460067512559,0.510447716067,-0.124102501334,-1.41489651786,0.0759660544174,1.91581748171,0.151448701526,-0.0139755216561,-0.0852708172929,0.000894010616982,-0.140582381986,-0.0149490526271,0.0482142610041,-0.016755713935,0.573920043618,0.818897356852,0.00191033383214,0.0,0.818852719448,-0.57386067947,-0.0120370806832,0.0,-0.0087610367619,0.00847276705127,-0.999925725468,0.0,0.654664206059,0.251892144117,0.303279606578,1.0,-0.01678,-0.0220537142857,0.84
0.459851579566,0.508853673354,-0.12410048709,-1.41739734909,0.0758069414109,1.91673161219,0.151099165948,-0.0150924657323,-0.0884353656201,0.00054901339537,-0.13605122735,-0.0127573810238,0.0549435893243,-0.026601146319,0.573897066808,0.818913460534,0.0019099126914,0.0,0.818868834429,-0.573837723589,-0.0120351937786,0.0,-0.00875997089094,0.00847109348227,-0.999925748986,0.0,0.654370057072,0.251531194837,0.303283309303,1.0,-0.01712,-0.0225005714286,0.857
0.45966559223,0.507522560079,-0.124108543451,-1.41951316992,0.0756776140323,1.91748044088,0.150808219083,-0.0102209473127,-0.0859907155056,-0.00185145721842,-0.135906290066,-0.0149287722267,0.0479745493852,-0.0174033615833,0.573891464745,0.81891745971,0.00187823776064,0.0,0.818872361498,-0.573832203598,-0.0120583825202,0.0,-0.00879719604189,0.00845840264797,-0.99992552961,0.0,0.654103959954,0.251201229524,0.303272540944,1.0,-0.01742,-0.0228948571429,0.872
0.459453535042,0.505953775215,-0.124106425835,-1.42195919301,0.0755278629178,1.91840058601,0.150475810275,-0.0109781506451,-0.0885335198781,0.00106199447403,-0.143319770638,-0.00518321164592,0.053431389854,-0.0208016172758,0.573877483185,0.818927174223,0.00191429189164,0.0,0.818882511635,-0.57381803285,-0.012043430349,0.0,-0.00876440591807,0.00847919690063,-0.99992564144,0.0,0.653803750516,0.250832441934,0.30328482842,1.0,-0.01776,-0.0233417142857,0.889
0.459219576496,0.504210808972,-0.124107435416,-1.42458055856,0.0753626512052,1.91940967252,0.150101042755,-0.0138153409154,-0.0962319040463,-0.000865788190499,-0.152051148908,-0.00242146279877,0.0527810249666,-0.0202023584647,0.573853378141,0.81894380565,0.0020224945562,0.0,0.818900619863,-0.573793532262,-0.0119793165077,0.0,-0.00865005929499,0.00853075753503,-0.999926198602,0.0,0.653489786375,0.250432603588,0.303342472873,1.0,-0.01812,-0.0238148571429,0.907
0.458991245443,0.502634346503,-0.12411363428,-1.42691677002,0.0752110293324,1.92029058241,0.149775879054,-0.015979956956,-0.101809521544,0.00218145102881,-0.14293605549,-0.0114044516176,0.0556304869801,-0.0228916085546,0.573857306834,0.818940804391,0.00212065961134,0.0,0.818898997687,-0.573797153368,-0.0119165966553,0.0,-0.00854232326841,0.0085751971925,-0.99992674467,0.0,0.653212280613,0.250058683388,0.303407901884,1.0,-0.01844,-0.0242354285714,0.923
0.4587573656,0.500924464193,-0.124122647825,-1.4294917733,0.0750421079998,1.92119591297,0.149425788254,-0.0179821587854,-0.101911745716,0.000714864015379,-0.151560057694,-0.0127445885931,0.0527455726338,-0.0220835847335,0.573854051964,0.81894300811,0.00215021247975,0.0,0.818901616515,-0.573793809475,-0.0118976290689,0.0,-0.00850986537039,0.00858848048033,-0.999926907426,0.0,0.652887561374,0.249651999477,0.303454426857,1.0,-0.01878,-0.0246822857143,0.94
0.458512402996,0.49922114365,-0.124117763676,-1.43209926254,0.0748846826279,1.92214879982,0.149039471831,-0.0140942944959,-0.0984283521642,0.0014875461678,-0.148513527754,-0.00483460895669,0.0603522534076,-0.0280952649367,0.573825006311,0.818963239502,0.00219576338561,0.0,0.818922329716,-0.573764471675,-0.0118867925685,0.0,-0.0084751583034,0.00861926443546,-0.999926937317,0.0,0.652562201919,0.2492473809,0.303484007406,1.0,-0.01912,-0.0251291428571,0.957
0.458252070551,0.497538196531,-0.124120375547,-1.43474649216,0.074716114962,1.92311847541,0.148663855055,-0.0182437239205,-0.101040668579,0.00158481045992,-0.154828756765,-0.0138476880642,0.0488081233108,-0.017745362965,0.57382115752,0.818965934272,0.00219649399178,0.0,0.818925027596,-0.573760613932,-0.0118871349808,0.0,-0.00847506003535,0.00862001941922,-0.999926931642,0.0,0.652234959983,0.248822855668,0.303481570353,1.0,-0.01946,-0.025576,0.974
0.457987149011,0.49587067259,-0.12411817483,-1.43744146103,0.0745490526646,1.92405137034,0.148274627234,-0.0152062081525,-0.100441941535,0.00266358591597,-0.156821111353,-0.00571004183488,0.0531214432764,-0.0156833226001,0.573808548138,0.818974977676,0.00211729181623,0.0,0.818932874627,-0.573748161324,-0.0119474321053,0.0,-0.0085700206546,0.00858962392067,-0.999926383844,0.0,0.651887107316,0.248390274012,0.303441776681,1.0,-0.0198,-0.0260228571429,0.991
0.457709989657,0.49418855717,-0.124128304821,-1.44017958592,0.0743778041733,1.92502484436,0.147881712637,-0.0205642365407,-0.100273450567,-0.00223031415172,-0.164355973808,-0.00535674298613,0.0577121272867,-0.0224913681493,0.573812486529,0.818972406343,0.00204324574461,0.0,0.818929274328,-0.573752344283,-0.0119932472827,0.0,-0.00864998809017,0.00855531351607,-0.99992598942,0.0,0.651542025733,0.247939752679,0.303394907411,1.0,-0.021424,-0.0281572571429,1.008
0.457464671139,0.492468834372,-0.124171802288,-1.44286366566,0.0742115403363,1.92602267234,0.147503199332,-0.01747342296,-0.117974412321,-0.00690613276885,-0.18551365732,-0.0144395137733,0.067379530784,-0.0246969205319,0.573824512467,0.818963935689,0.0020610271674,0.0,0.818921194305,-0.573764451534,-0.0119657250478,0.0,-0.00861711906247,0.00855420986634,-0.999926282659,0.0,0.651213990168,0.247499809206,0.30340228217,1.0,-0.0245182857143,-0.0322240326531,1.023
0.457118364075,0.490172795847,-0.124185534485,-1.44658613857,0.0739971212095,1.92735639336,0.146958862863,-0.020912427624,-0.130122859169,-0.000115461506267,-0.217559469153,-0.0118873559657,0.0763754967229,-0.0361854398026,0.573800378757,0.818981026895,0.00198741667316,0.0,0.818937079155,-0.573740389402,-0.0120321592373,0.0,-0.00871401668378,0.00853179099642,-0.999925634463,0.0,0.650734756813,0.246911324312,0.303343945499,1.0,-0.0282314285714,-0.0371041632653,1.041
0.45670674742,0.487626633426,-0.124203022222,-1.45060325088,0.0737551409913,1.9288260435,0.146378167292,-0.0231940466837,-0.158648172947,-0.00165228058561,-0.244979714616,-0.00973396562357,0.092798614209,-0.0392699390512,0.573808727938,0.818975180618,0.00198599464758,0.0,0.818931115621,-0.57374864704,-0.0120442845257,0.0,-0.00872467632981,0.00853767277162,-0.999925491308,0.0,0.650233276183,0.246251555675,0.303329690129,1.0,-0.0317382857143,-0.0417131755102,1.058
0.456284303903,0.484937409087,-0.124234484509,-1.45470128036,0.0734971705929,1.93039452397,0.145761190905,-0.0294371562857,-0.166957447206,-0.000944362506841,-0.266663765065,-0.0146507837202,0.0955559895451,-0.0329471612677,0.573804933979,0.818977524094,0.00211179365631,0.0,0.818935286011,-0.573744506819,-0.0119576386776,0.0,-0.00858157253025,0.00859093981611,-0.999926273465,0.0,0.649739319769,0.245573180113,0.303383479816,1.0,-0.0350388571429,-0.0460510693878,1.074
0.455770037698,0.481813750091,-0.124283854417,-1.4595648204,0.0732002296767,1.93205683055,0.145027560681,-0.0333154683414,-0.186478904643,-0.00239404842031,-0.300753368572,-0.0124264168857,0.102830386599,-0.0382949095779,0.57381850039,0.818968189287,0.0020446144194,0.0,0.818924930957,-0.573758209035,-0.012009243218,0.0,-0.0086622406405,0.00856567657224,-0.999925794633,0.0,0.649112849126,0.244740640333,0.303381313569,1.0,-0.0385457142857,-0.0506600816327,1.091
0.455184982058,0.47817272877,-0.124343836158,-1.46520997429,0.0728524892101,1.93409802624,0.144193241168,-0.0354199950598,-0.208485532617,-0.00184358686155,-0.318790827109,-0.0187884862972,0.112852277046,-0.0442099443045,0.573838380923,0.818954201326,0.00206775541833,0.0,0.81891128502,-0.573778029319,-0.0119927994572,0.0,-0.0086352871281,0.00857540197303,-0.999925944406,0.0,0.648401078752,0.243788113004,0.303396324506,1.0,-0.0422588571429,-0.0555402122449,1.109
0.454632666518,0.474890970924,-0.124378284393,-1.47022682248,0.0725536256482,1.93596182405,0.143483188734,-0.0375808028215,-0.219566356055,0.00043615159999,-0.346562342303,-0.0149844310065,0.127269825171,-0.051025148946,0.573895998052,0.818913539431,0.00217836129319,0.0,0.818872012005,-0.573835128058,-0.0119423893033,0.0,-0.00852992828958,0.00863765482502,-0.999926312906,0.0,0.647778143757,0.242937749791,0.303442502136,1.0,-0.0453531428571,-0.0596069877551,1.124
0.453920827258,0.470665302403,-0.124412865574,-1.47671605969,0.0721550314476,1.93824373171,0.142510765858,-0.0368016681121,-0.238434373187,-0.00149757972756,-0.363683116189,-0.0218465573558,0.13558381096,-0.0568414773577,0.573909902094,0.818903742492,0.00219811560868,0.0,0.818862239046,-0.573848712843,-0.0119597297172,0.0,-0.00853264589172,0.00866392798751,-0.99992606242,0.0,0.646937128753,0.241835783667,0.303473729747,1.0,-0.0490662857143,-0.0644871183673,1.142
0.453210098145,0.466336499884,-0.124421989398,-1.48317546252,0.0717428001061,1.94069087824,0.141461302867,-0.0452906282443,-0.26432758257,-0.000536888044402,-0.387898912083,-0.0265903805054,0.142163402522,-0.0599117255817,0.573833563212,0.818956480454,0.00246409321344,0.0,0.81891853636,-0.573771436983,-0.0118116810691,0.0,-0.0082595854753,0.00879599999349,-0.999927202166,0.0,0.646126773259,0.240764002809,0.303599245651,1.0,-0.0525731428571,-0.0690961306122,1.159
0.452477415826,0.462058164966,-0.124430675319,-1.48980545239,0.0713006265138,1.94295015255,0.14045372735,-0.0490588033843,-0.272684392463,-0.00304924117751,-0.425818239855,-0.0295700452105,0.140304531909,-0.0647209813751,0.573803974871,0.818977459527,0.00238035915696,0.0,0.818938221648,-0.573741958258,-0.0118786093301,0.0,-0.00836276237686,0.008765529108,-0.99992661216,0.0,0.645233861234,0.239642054701,0.303588562565,1.0,-0.0558737142857,-0.0734340244898,1.175
0.451658288219,0.457272723502,-0.124448292619,-1.49718287142,0.070798372981,1.94552144677,0.139360940674,-0.0493945250285,-0.285882334346,-0.00205456373452,-0.440867615373,-0.0255792339374,0.154873100395,-0.0706515392785,0.573796555405,0.818982751843,0.00234778425158,0.0,0.818943068087,-0.573734644885,-0.0118977053688,0.0,-0.00839717199127,0.00874973245549,-0.999926462138,0.0,0.644246467707,0.238390392966,0.303593774025,1.0,-0.0593805714286,-0.0780430367347,1.192
0.450759084953,0.45223684441,-0.124475166095,-1.5049039625,0.0702727472466,1.94832466116,0.138116138533,-0.0498804641846,-0.307114644786,-0.00571892410823,-0.45636096823,-0.0383567016034,0.169797785175,-0.0786545342042,0.573742766222,0.81902020254,0.00242753784249,0.0,0.818981735539,-0.57368074019,-0.0118352055585,0.0,-0.00830080056348,0.00877864174735,-0.999927013416,0.0,0.643237787319,0.237057761656,0.303622200821,1.0,-0.0628874285714,-0.0826520489796,1.209
0.449860585671,0.447193198653,-0.124518440598,-1.51245529983,0.069760114151,1.95111481704,0.136968102742,-0.0574271135762,-0.317942674175,-0.00124621153703,-0.481158611306,-0.0362191215436,0.167055098756,-0.0719579018849,0.573771239729,0.81899958248,0.00264485526816,0.0,0.818964275733,-0.573708774282,-0.0116835048716,0.0,-0.00805156395529,0.00886987182621,-0.999928246272,0.0,0.642262007318,0.235738783196,0.3037295715,1.0,-0.066188,-0.0869899428571,1.225
0.448784024448,0.441323637227,-0.12454665019,-1.52161076569,0.0691384572961,1.95415153603,0.135565885429,-0.0659482145693,-0.329478528261,-2.88918425427e-05,-0.518370585699,-0.0353612233591,0.175983260852,-0.0839941217389,0.573761413889,0.819007147615,0.00242466246936,0.0,0.818968616116,-0.573699367861,-0.0118401027953,0.0,-0.00830626141318,0.00877928561595,-0.999926962415,0.0,0.640980893437,0.234139535279,0.303654029465,1.0,-0.0699011428571,-0.0918700734694,1.243
0.44762288373,0.435152154995,-0.124570118595,-1.53102522705,0.0685185702642,1.95744530049,0.134016279071,-0.0653733280657,-0.353031530426,-0.00109333471625,-0.524112258499,-0.0339375563291,0.19163828924,-0.0888757679758,0.573703511553,0.819047579491,0.00246784573404,0.0,0.819009338612,-0.573641019773,-0.0118503418221,0.0,-0.00829049585975,0.00881994123008,-0.999926735474,0.0,0.639696414769,0.232482303039,0.303674629358,1.0,-0.0736142857143,-0.0967502040816,1.261
0.446585580966,0.429812970594,-0.124598502571,-1.53905941237,0.0679563514531,1.9603827007,0.132726440586,-0.0693509518572,-0.355559328043,-0.0015370386239,-0.547099073431,-0.038774036583,0.190175265839,-0.0798434199492,0.573709872678,0.819042558159,0.00264892765401,0.0,0.819006977279,-0.573647040515,-0.0117213897609,0.0,-0.0080809231285,0.00889433850185,-0.999927792105,0.0,0.638629237655,0.231039799441,0.303745162087,1.0,-0.0767085714286,-0.100816979592,1.276
0.44524936408,0.423176185557,-0.124698266563,-1.54931487364,0.0672150817911,1.96377416705,0.131038131145,-0.0748388237866,-0.373333292777,-0.0089734261676,-0.579328338539,-0.035791619462,0.193924070422,-0.0954729195392,0.573724367566,0.819033124457,0.00241619627541,0.0,0.818994641519,-0.573662526287,-0.0118249735016,0.0,-0.00829912351808,0.00876329596669,-0.999927161944,0.0,0.637190777667,0.229128509652,0.30367544871,1.0,-0.0804217142857,-0.105697110204,1.294
0.44401123316,0.416987053807,-0.124797253756,-1.55863976676,0.0665438112355,1.96698362819,0.129563456047,-0.0744351444175,-0.394867564402,-0.0057515163131,-0.580511027013,-0.0431517000639,0.216125013423,-0.0916395924176,0.573806624113,0.818975427595,0.00244008631492,0.0,0.818937615936,-0.573745064231,-0.0117698503751,0.0,-0.00823938939795,0.00875206508383,-0.9999277543,0.0,0.63590248955,0.227385044462,0.303717857234,1.0,-0.0837222857143,-0.110035004082,1.31
0.442673954148,0.410608153073,-0.12480142936,-1.56819662699,0.065897626775,1.97039080154,0.127904436455,-0.0898223557593,-0.406638761878,0.00044680505643,-0.602048822843,-0.0390278730028,0.210731547637,-0.100246330394,0.573760336492,0.819007252345,0.0026351046554,0.0,0.818971796025,-0.573697881548,-0.0116912327641,0.0,-0.00806360571361,0.00886621273916,-0.999928181688,0.0,0.634583205937,0.22563043249,0.303783255872,1.0,-0.0870228571428,-0.114372897959,1.326
0.441183630398,0.403720613875,-0.124872425874,-1.57883451363,0.0651393781722,1.97386733171,0.126186118146,-0.0877458668322,-0.400899296659,-0.00749919428065,-0.626505092505,-0.0416529911567,0.20219642783,-0.104209251178,0.57384271761,0.818950307029,0.00238263808484,0.0,0.818911292116,-0.573780889954,-0.0118546560411,0.0,-0.00834142260202,0.00875404581415,-0.999926891003,0.0,0.633042026637,0.223613754546,0.303676368065,1.0,-0.0905297142857,-0.118981910204,1.343
0.439607771368,0.396449668998,-0.124950053564,-1.5895076457,0.0643766468384,1.97769264706,0.124329160392,-0.0969104652112,-0.423266781223,-0.00375086968077,-0.628260692778,-0.0461412474352,0.223788989483,-0.110199261172,0.573879268769,0.818923674595,0.002710528874,0.0,0.818889359413,-0.573816715992,-0.0116335888867,0.0,-0.00797182806512,0.00889607001366,-0.999928652403,0.0,0.631571806983,0.221566055827,0.303827087383,1.0,-0.0940365714286,-0.123590922449,1.36
0.438043646025,0.38950853784,-0.124971417385,-1.60005912285,0.0635683198918,1.98116452139,0.122553864745,-0.0975897350598,-0.43492216548,0.000168942627986,-0.659060945658,-0.0473169393258,0.217566362348,-0.106087664948,0.573900082944,0.818909580959,0.00255732519536,0.0,0.818873287948,-0.573838076954,-0.0117109616873,0.0,-0.00812288454639,0.00881521689499,-0.999928152768,0.0,0.630020945411,0.219546108883,0.303770766701,1.0,-0.0973371428571,-0.127928816327,1.376
0.436243315158,0.381373884875,-0.125047155998,-1.6122018578,0.0626599620342,1.98512769341,0.120364465205,-0.103213356234,-0.468510040683,-0.00576939326722,-0.671285182303,-0.0488754958368,0.235369509181,-0.120591162225,0.573838753122,0.818952765495,0.00249002104534,0.0,0.818915550991,-0.573776948894,-0.0117507516669,0.0,-0.00819475167057,0.00878232272806,-0.999927855824,0.0,0.628217885284,0.217201611194,0.303786844242,1.0,-0.101050285714,-0.132808946939,1.394
