position_joint1,position_joint2,position_joint3,position_joint4,position_joint5,position_joint6,position_joint7,velocity_joint1,velocity_joint2,velocity_joint3,velocity_joint4,velocity_joint5,velocity_joint6,velocity_joint7,ee_T_00,ee_T_10,ee_T_20,ee_T_30,ee_T_01,ee_T_11,ee_T_21,ee_T_31,ee_T_02,ee_T_12,ee_T_22,ee_T_32,ee_T_03,ee_T_13,ee_T_23,ee_T_33,v_x,v_y,time
0.465082792904,0.547678401182,-0.123963680451,-1.35574500374,0.0794800432271,1.89409075648,0.159176674944,0.000375694887246,0.00132985575076,0.000739968815793,-0.000458017219654,5.18753407187e-05,7.94027026877e-06,-0.00167335759066,0.573784907822,0.818991600188,0.00209410562455,0.0,0.818950467678,-0.573725892813,-0.011810093444,0.0,-0.00847108780365,0.00849158564805,-0.999928064235,0.0,0.661691078126,0.26091880914,0.303327367915,1.0,0.0,0.0,0.0
0.465079055062,0.547675628557,-0.123966186145,-1.35573793599,0.079478978244,1.89408862832,0.159183577192,0.00141961964103,0.00122150014786,0.00529134504674,-0.000305212653571,8.97840211656e-05,-0.00026303486313,-0.00113444694775,0.573794683989,0.818984737494,0.002099352036,0.0,0.818943701107,-0.573735675083,-0.0118040863959,0.0,-0.00846305638075,0.00849253665726,-0.999928124166,0.0,0.66169395836,0.260915445294,0.303332592344,1.0,-0.00014,-0.000184,0.008
0.465074138582,0.547672398623,-0.123963680492,-1.3557450677,0.0794813637466,1.89409192014,0.159179595853,0.000247958271075,-0.00068629062517,-0.000298557717154,0.000484013854525,0.000754326991489,-0.000152733542236,-0.000568754175287,0.573794737715,0.818984695695,0.00210097326379,0.0,0.818943643173,-0.573735685068,-0.0118076198707,0.0,-0.00846501960977,0.00849589241788,-0.999928079041,0.0,0.66169363878,0.2609134482,0.303331693433,1.0,-0.00042,-0.000552,0.022
0.465078914663,0.547668817175,-0.123966186258,-1.35575463137,0.0794800519352,1.89409080632,0.15917729062,0.00125994423526,0.00151474539635,-0.000503871616376,9.7857890239e-05,0.000210522910926,-0.000168230084779,-0.00178327666732,0.573790850317,0.818987437034,0.0020940332541,0.0,0.818946306789,-0.57373183808,-0.0118098039854,0.0,-0.00847083063975,0.00849142175679,-0.999928067805,0.0,0.661690721312,0.260913780539,0.303329662134,1.0,-0.00074,-0.000972571428571,0.038
0.465072242779,0.547610907447,-0.123972132694,-1.35580367297,0.0794799389221,1.89410133911,0.159187423794,-0.000280217308634,-0.0118954304637,-0.00187618780635,-0.00842457833455,0.000190860138981,0.000558554515414,0.00229235135113,0.573811383438,0.818973006067,0.0021115091925,0.0,0.818932100206,-0.573752297011,-0.0118010095646,0.0,-0.0084533877823,0.00850089995052,-0.999928134885,0.0,0.661686224684,0.260901563858,0.303348455185,1.0,-0.00106,-0.00139314285714,0.054
0.465075397682,0.547471479106,-0.123961317385,-1.35597517272,0.0794768789073,1.89413654204,0.159180290473,0.000489292267942,-0.00794204474877,8.73520789638e-05,-0.0121164725752,0.000252650020053,-0.000107763177913,0.00119336291232,0.573803947806,0.818978187047,0.00212262192998,0.0,0.818937269597,-0.573744661506,-0.0118134990288,0.0,-0.00845731784617,0.00851709056825,-0.999927963877,0.0,0.661654477557,0.260893278702,0.303368289236,1.0,-0.00142,-0.00186628571429,0.072
0.465065300328,0.547352067484,-0.123964600101,-1.35615445045,0.0794767020954,1.89418464856,0.159168069889,-0.0002543636038,-0.00956247097611,-0.00269421620666,-0.0193136723402,-0.00167947686882,0.00308228428202,-0.000761377761331,0.573814364208,0.818970899961,0.00211833565107,0.0,0.818929823481,-0.573754989599,-0.0118280608803,0.0,-0.00847159511894,0.0085220435504,-0.999927800819,0.0,0.66162951978,0.26086822144,0.303371830789,1.0,-0.00172,-0.00226057142857,0.087
0.465050964531,0.547177907032,-0.123966869338,-1.35636989397,0.0794705950031,1.89430475584,0.15916164129,0.000825474998446,-0.0127055703305,0.000983303411949,-0.0121116498572,0.000648138467785,0.00182045953643,-0.000136578638991,0.573833079384,0.818957604429,0.00218770511978,0.0,0.818917436468,-0.573773437228,-0.0117907540957,0.0,-0.00840104238852,0.00855763936052,-0.999928092062,0.0,0.661613283197,0.260841317151,0.303403146947,1.0,-0.00206,-0.00270742857143,0.104
0.465031396344,0.546973270072,-0.123964364052,-1.35660563542,0.0794665492836,1.89442728209,0.159151110692,0.00181124915173,-0.0144899808821,-0.00116059726372,-0.0120615105741,-0.000306661116217,0.00825053270204,-0.000646476875275,0.573850989161,0.818944826816,0.0022715129124,0.0,0.818905696919,-0.573790971311,-0.0117527740233,0.0,-0.00832166010451,0.00860466152964,-0.99992835232,0.0,0.661593821787,0.260812203736,0.303446437862,1.0,-0.0024,-0.00315428571429,0.121
0.464993990675,0.546776552711,-0.123959152893,-1.35688499665,0.0794570983187,1.8945516221,0.159121746365,-0.00124839260513,-0.0121385360326,0.00165833276392,-0.0237746060383,-0.000378343930097,0.00411311687204,-0.000889210856591,0.573867169801,0.818933375705,0.00231181347838,0.0,0.818894707613,-0.573806934104,-0.0117391276897,0.0,-0.00828718841658,0.00862999795986,-0.99992842026,0.0,0.661568827821,0.260766813567,0.303463405318,1.0,-0.00272,-0.00357485714286,0.137
0.464955775548,0.546486224933,-0.123963947291,-1.35730934272,0.0794506099712,1.89470950119,0.158994868537,-0.00215921326199,-0.0121063383989,0.000840729043832,-0.0247288350091,0.00026235281248,0.00681528041314,-0.00723355446434,0.573819908814,0.818966404225,0.00234262688738,0.0,0.818927986523,-0.573759407238,-0.0117406301741,0.0,-0.00827123670968,0.00865561670342,-0.999928330903,0.0,0.661522053072,0.260701870283,0.303480894817,1.0,-0.0031,-0.00407428571429,0.156
0.464911978174,0.546223212354,-0.123964026286,-1.35771744102,0.0794377699161,1.89485851738,0.158949364772,-0.00236780319147,-0.0135550838005,0.00100383937206,-0.0267502816142,0.000193841672598,0.015101037633,1.3611040897e-06,0.573837975006,0.818953717878,0.00235229995782,0.0,0.818915319401,-0.57377732356,-0.0117485965326,0.0,-0.00827201969823,0.0086682922062,-0.999928214624,0.0,0.661477215518,0.2606359019,0.303485818882,1.0,-0.00342,-0.00449485714286,0.172
0.464873223507,0.545943006587,-0.123966612891,-1.35819238562,0.0794075882824,1.89501588513,0.158925520368,-0.00286819811033,-0.015204420596,-0.000217569801099,-0.0286939136189,-0.00483838709058,0.00646377127009,-0.00383360035861,0.573870469556,0.818931044772,0.00231840062714,0.0,0.818892204299,-0.57380993999,-0.0117667926123,0.0,-0.00830603035967,0.00865130156594,-0.999928079834,0.0,0.661419351635,0.260561863033,0.303471858097,1.0,-0.00374,-0.00491542857143,0.188
0.464815001533,0.545610546571,-0.123966910783,-1.35876174472,0.0793338038299,1.89520685004,0.158845686783,-0.000320638177256,-0.0241107983196,0.000942142086765,-0.0355217207976,-0.000671380768174,0.00734792955011,-0.00738197219209,0.57386513891,0.818934951347,0.00225714591929,0.0,0.818895629024,-0.573805167877,-0.0117611642548,0.0,-0.00833662698957,0.00859785462156,-0.999928286202,0.0,0.661354829861,0.260460973745,0.303452697679,1.0,-0.00408,-0.00536228571429,0.205
0.464746211015,0.545229956706,-0.123964646349,-1.35940528824,0.0792780064333,1.89542277862,0.158738114091,-0.00610073695904,-0.0248176318811,0.00148902064136,-0.0406192367186,-0.000207474879703,0.0204721607555,-0.00360557724923,0.573852821486,0.818943715767,0.00220829800656,0.0,0.818903858953,-0.57379314177,-0.0117748524841,0.0,-0.00837599645871,0.00856558099387,-0.999928234178,0.0,0.661280605211,0.260351019433,0.303434391776,1.0,-0.00442,-0.00580914285714,0.222
0.464689232097,0.544836255239,-0.123970754824,-1.36005746825,0.0792639785033,1.89562922173,0.158707667364,-0.0052758384054,-0.026141775055,-0.000462406928333,-0.0400761316203,-0.00399641957966,0.0160559430681,0.00195090461575,0.57391130234,0.81890281945,0.00217629172076,0.0,0.81886230313,-0.573851491612,-0.0118212092726,0.0,-0.00843171568914,0.0085665737927,-0.999927757382,0.0,0.661199280159,0.260249298392,0.303420753535,1.0,-0.00474,-0.00622971428571,0.238
0.464612406195,0.544376435721,-0.123976809843,-1.36082646659,0.0792362932038,1.89590064334,0.158578455294,-0.00559544371413,-0.0273071774206,0.000380163452306,-0.0468008541755,-0.00111742147808,0.0143375085355,-0.00768710240527,0.573908145332,0.818905094581,0.00215260120221,0.0,0.818864103711,-0.573848259933,-0.0118533171126,0.0,-0.00847163842227,0.00856556800796,-0.99992742856,0.0,0.661111632333,0.260123692981,0.303403889694,1.0,-0.0051,-0.00670285714286,0.256
0.464556119598,0.543921693641,-0.123985184444,-1.36156758806,0.0792041470075,1.89617628991,0.158473214104,-0.00196494536462,-0.0304728276777,-0.00534929312529,-0.044957249224,-0.00325280230012,0.0225078791212,-0.00863166757044,0.573906722561,0.818906105079,0.00214750171591,0.0,0.818864969544,-0.573846778535,-0.0118652147043,0.0,-0.00848432316736,0.00856820537513,-0.999927298416,0.0,0.661026446674,0.260013136294,0.303397090054,1.0,-0.00542,-0.00712342857143,0.272
0.464481384053,0.543443188322,-0.123980352614,-1.36235373694,0.0791595054652,1.89644463038,0.158394695851,-0.00799681949601,-0.0326098001946,-0.000129533467188,-0.0485372791565,-0.00566693946849,0.013265203839,-0.00657770526112,0.573932028376,0.818888450666,0.00211638168007,0.0,0.81884682252,-0.573872118165,-0.0118920201044,0.0,-0.00852386959191,0.0085583684091,-0.999927046328,0.0,0.660932427812,0.259890486928,0.303384532244,1.0,-0.00574,-0.007544,0.288
0.464408513842,0.542866586944,-0.123983747623,-1.36327434054,0.0790969918484,1.8967634414,0.158269085817,-0.00389610880837,-0.0349259339232,-0.000952139156182,-0.0498527275795,-0.000209633060645,0.020839894105,-0.0100429316935,0.573925655404,0.818892983748,0.00209048759999,0.0,0.818851057262,-0.57386588992,-0.0119009792838,0.0,-0.00854613344784,0.00854223978143,-0.999926994206,0.0,0.660822375217,0.259750175207,0.303381937239,1.0,-0.0061,-0.00801714285714,0.306
0.464333489249,0.542279565222,-0.12398466396,-1.36419430167,0.0790583482768,1.89709018203,0.158138765734,-0.00689203236128,-0.0300885498325,0.000696258200383,-0.053560039507,-0.000129348205417,0.0153779064696,-0.00175812763313,0.573921768513,0.81889569746,0.00209456682242,0.0,0.818853647653,-0.57386181049,-0.0119194415989,0.0,-0.00855895231895,0.00855613541706,-0.999926765759,0.0,0.660712840581,0.259614497468,0.303387593609,1.0,-0.00644,-0.008464,0.323
0.464257459909,0.541696578189,-0.123984988467,-1.36508776924,0.0789972967192,1.8974300469,0.158030866362,-0.00702057348594,-0.0380945794106,0.00117540573171,-0.0593737675479,-0.0007611478753,0.0218206877195,-0.00892943007446,0.573929266101,0.818890390125,0.00211503571311,0.0,0.818848679677,-0.573869296662,-0.0119002958499,0.0,-0.0085314481108,0.00856198710942,-0.999926950717,0.0,0.66061316275,0.259478866363,0.303404006993,1.0,-0.00676,-0.00888457142857,0.339
0.464174814263,0.541054578516,-0.123992222774,-1.36610053678,0.078937537656,1.89780807248,0.157899552943,-0.00778890593286,-0.0383878193828,0.00288137199096,-0.0603221685139,-0.00301003686761,0.020178454937,-0.00328675190545,0.573934751373,0.818886534199,0.00211947515005,0.0,0.81884489946,-0.573874781236,-0.0118959232696,0.0,-0.00852526217696,0.00856317004777,-0.999926993347,0.0,0.660498195734,0.259324275599,0.303408828243,1.0,-0.0071,-0.00933142857143,0.356
0.464086086404,0.540351804905,-0.123987593671,-1.36716435023,0.078880110767,1.89819218468,0.157759278072,-0.00436421667399,-0.0434150797634,0.000232412279139,-0.0641883373135,-0.00106182495801,0.0173104751253,-0.00696533027882,0.573935526528,0.818885908898,0.00215092985185,0.0,0.818844623367,-0.573875368638,-0.0118865872311,0.0,-0.00849955676958,0.00858357730598,-0.999927037206,0.0,0.66036846726,0.259157487357,0.303437752727,1.0,-0.00746,-0.00980457142857,0.374
0.463992009199,0.539629254238,-0.123997775779,-1.36827417794,0.0788157526707,1.89862674393,0.157623497486,-0.00516156354891,-0.0399197673702,-0.00276739689579,-0.0657703061434,-0.000383701493189,0.0260099623721,-0.0121097865203,0.573950157908,0.81887556998,0.00218266548627,0.0,0.818834705053,-0.573889878797,-0.0118692761634,0.0,-0.00846701366843,0.00859978075034,-0.999927174073,0.0,0.660252324435,0.258996882335,0.303452696845,1.0,-0.00778,-0.0102251428571,0.39
0.463886087507,0.53887818616,-0.123998114766,-1.36944008501,0.078743861601,1.89907564648,0.157490247567,-0.00316878422278,-0.0418062427672,-0.000663213247655,-0.0688742932531,-0.0075778323076,0.0304333307016,-0.0090085258856,0.573973341598,0.818859248069,0.00220949941983,0.0,0.818818762884,-0.573912984311,-0.0118518728665,0.0,-0.0084371177385,0.00861200446272,-0.999927321571,0.0,0.660123496434,0.258817050452,0.303467289998,1.0,-0.00812,-0.010672,0.407
0.463771161739,0.538104987457,-0.124001907594,-1.37063327313,0.0786705484866,1.89953505622,0.157328046125,-0.00462492326708,-0.0458754255836,-0.00051652357558,-0.0709811400464,-0.00501270008197,0.0269376794913,-0.0147175268982,0.573983637015,0.818851946986,0.00224059327611,0.0,0.818811910368,-0.5739232015,-0.0118305164931,0.0,-0.00840167475617,0.00862531340923,-0.999927505287,0.0,0.659993987626,0.258626820998,0.303485424473,1.0,-0.00846,-0.0111188571429,0.424
0.463666827469,0.537355650828,-0.124008332924,-1.37181945408,0.0786116697577,1.89997761853,0.157179050426,-0.00796033507653,-0.0509390319661,0.000210883780817,-0.0738456670967,-0.000532063449748,0.025424695069,-0.0139225104716,0.57400126476,0.818839564491,0.0022500177093,0.0,0.818799561155,-0.573940698492,-0.0118363917,0.0,-0.00840089083225,0.00863658359996,-0.999927414594,0.0,0.659858918614,0.258443774227,0.303488566195,1.0,-0.00878,-0.0115394285714,0.44
0.46355102149,0.53651735968,-0.124014537601,-1.3731134671,0.0785282058448,1.90046840104,0.157022074504,-0.00804050944949,-0.0496326859361,0.000336635822567,-0.0745233878744,-0.00683162202321,0.0284208594295,-0.00901786246982,0.574020835097,0.818825777501,0.00227461557063,0.0,0.818786176897,-0.573960256141,-0.0118138813978,0.0,-0.00836813279784,0.00864400427658,-0.999927625153,0.0,0.659714829267,0.258240969578,0.303507183006,1.0,-0.00912,-0.0119862857143,0.457
0.46344595588,0.535745706688,-0.124023428241,-1.37431324361,0.0784557768966,1.90090319761,0.156872603665,-0.0101385162501,-0.0548492113836,-0.000731136662647,-0.0847357656491,-0.00113318338235,0.0270125787267,-0.0149720833787,0.574037188722,0.818814303007,0.00227816951233,0.0,0.818774766837,-0.573976612832,-0.0118099963232,0.0,-0.0083627388964,0.00864485123965,-0.999927662956,0.0,0.659576624842,0.258052005773,0.303518712304,1.0,-0.00942,-0.0123805714286,0.472
0.463327151226,0.534848854089,-0.124024372973,-1.37573130904,0.0783805104631,1.90141670409,0.156693660549,-0.00283963639793,-0.0585997928887,0.000419983198769,-0.0835446739916,-0.0091916826338,0.0257468865361,-0.0174488181123,0.574046216585,0.818807977759,0.00227677030147,0.0,0.818768303447,-0.573985521029,-0.0118251351388,0.0,-0.00837584306295,0.00865248803134,-0.999927487223,0.0,0.65940832295,0.257839218937,0.303521123996,1.0,-0.00976,-0.0128274285714,0.489
0.463221539358,0.534014433565,-0.12402996531,-1.37712261987,0.0783091552166,1.90192097985,0.156528220769,-0.00617766326652,-0.0500048057959,-0.000369164002575,-0.0866274659069,-0.00223567609099,0.0328285619544,-0.0121825278612,0.574058322276,0.818799603261,0.00223589496217,0.0,0.818759272716,-0.573997657056,-0.0118612788825,0.0,-0.00842877425347,0.00863989193313,-0.999927151363,0.0,0.659239853436,0.257634807621,0.3034914322,1.0,-0.01008,-0.013248,0.505
0.463087590138,0.533029887955,-0.124031215577,-1.37868969543,0.0782159667033,1.90251913641,0.156328571062,-0.0102025556489,-0.0552198178205,0.000813330474945,-0.0863706652101,-0.00631053361691,0.0421992868988,-0.0117086026295,0.574066267011,0.818794000276,0.00224790864267,0.0,0.818753823295,-0.574005550632,-0.0118554453692,0.0,-0.00841701755436,0.00864646153363,-0.999927193609,0.0,0.659060324718,0.257398200938,0.303491747371,1.0,-0.01044,-0.0137211428571,0.523
0.462945924516,0.531953146706,-0.124029349256,-1.38041930355,0.0781169988357,1.90316261499,0.156111228464,-0.0057907131714,-0.0539454079185,-8.54080370299e-05,-0.0915583127342,-0.00326663619664,0.0270324374597,-0.0128705672909,0.574070916713,0.818790756885,0.00224185751492,0.0,0.818750421551,-0.574010141885,-0.0118680716605,0.0,-0.0084307807461,0.00864880307943,-0.99992705741,0.0,0.65885553252,0.257142405939,0.303483307297,1.0,-0.01082,-0.0142205714286,0.542
0.462816758493,0.530999056428,-0.124030506453,-1.3819420103,0.0780252860222,1.90370933887,0.155918610331,-0.00967352183689,-0.0589872150104,0.000403575339174,-0.0986468236583,-0.00748542026504,0.0347303391932,-0.00965757390603,0.574078012288,0.818785833978,0.00222278786396,0.0,0.818745206466,-0.574017267193,-0.0118832131187,0.0,-0.0084540507152,0.00864195465981,-0.999926920153,0.0,0.658673053566,0.256910687851,0.303478359424,1.0,-0.01114,-0.0146411428571,0.558
0.462682110452,0.529974644392,-0.124036481062,-1.38358248838,0.0779179928323,1.90428573154,0.155700938097,-0.0116611431902,-0.060288658606,-0.000851493688691,-0.0908367841396,-0.00589744141126,0.0257481314443,-0.0148810718451,0.574074406874,0.818788468023,0.00218332442465,0.0,0.81874735673,-0.574013850722,-0.0119000810099,0.0,-0.00849055410853,0.00861928899709,-0.999926806495,0.0,0.658473783184,0.256659035801,0.303469400879,1.0,-0.01148,-0.015088,0.575
0.46255456526,0.529055295631,-0.124036828253,-1.38503912749,0.0778299286233,1.90482864081,0.155508626289,-0.0152360631585,-0.059766115351,-0.000307415714642,-0.105374299069,-0.00733101591123,0.0353584059523,-0.0125617654399,0.5740770315,0.818786617533,0.00218717959648,0.0,0.818745541299,-0.574016444144,-0.0118998889103,0.0,-0.00848815615847,0.00862236245061,-0.999926800356,0.0,0.65830344496,0.25643661702,0.303470656406,1.0,-0.01178,-0.0154822857143,0.59
0.462427893683,0.528026140631,-0.124035385103,-1.38664091548,0.0777325924164,1.90544781222,0.155280238259,-0.00775074697573,-0.0618818854604,-0.000387434812798,-0.0994310492714,-0.00146291777397,0.0327652645377,-0.0211979967117,0.574053461598,0.818803038791,0.00222571239726,0.0,0.818762475367,-0.573992734555,-0.0118784052358,0.0,-0.00844869422134,0.00864133580818,-0.999926970774,0.0,0.658116745293,0.25620371507,0.303486482152,1.0,-0.0121,-0.0159028571429,0.606
0.462249002013,0.526670548935,-0.12403725962,-1.38871020621,0.0775996153406,1.90623245246,0.154993791498,-0.00942361231523,-0.0652758922459,-0.000748051519271,-0.10396342979,-0.00602078518096,0.0436846620929,-0.0137546216163,0.574042765081,0.818810385406,0.00228112041291,0.0,0.818770622774,-0.573981903337,-0.0118401361739,0.0,-0.0083856660775,0.00866462571018,-0.99992729979,0.0,0.657877692167,0.255888820941,0.303523679265,1.0,-0.0125,-0.0164285714286,0.626
0.462116413985,0.525641566345,-0.124045672277,-1.39032480933,0.0774969200469,1.90682371493,0.154784650772,-0.0055270380314,-0.0684862639696,-0.00204451566271,-0.100443457983,-0.00910189776369,0.0388000909433,-0.0132432024497,0.574043267765,0.818810037582,0.00227947118886,0.0,0.818770246153,-0.573982404803,-0.0118418702658,0.0,-0.00838802737822,0.00866427590437,-0.999927283016,0.0,0.657672217393,0.255623711283,0.303529978638,1.0,-0.01282,-0.0168491428571,0.642
0.461947534709,0.524400024813,-0.124051967003,-1.39229842754,0.0773756369413,1.90752203043,0.154506705472,-0.00827172851523,-0.0705482747663,-0.00105081706538,-0.112976396284,-0.00618849629784,0.0440294224526,-0.010825960243,0.574033803213,0.818816753404,0.00225033656637,0.0,0.818776605807,-0.573973079085,-0.0118541625717,0.0,-0.00841491631651,0.00864737944951,-0.999927203356,0.0,0.657445096516,0.255337213224,0.303525132242,1.0,-0.01316,-0.017296,0.659
0.461792377739,0.523223205353,-0.124053872131,-1.39421176066,0.0772563666852,1.90822760184,0.154253025383,-0.0109590868944,-0.0704170656212,0.000597981604645,-0.107788833461,-0.00643678568694,0.0373775608085,-0.017428463257,0.574025046032,0.818822975018,0.00222013782228,0.0,0.818782431005,-0.573964438709,-0.0118701590266,0.0,-0.00844544137002,0.00863174461278,-0.999927081094,0.0,0.65721341128,0.255051060153,0.303503014574,1.0,-0.0135,-0.0177428571429,0.676
0.461634418987,0.522069452039,-0.124058734661,-1.39603838076,0.0771451501515,1.90894088495,0.15400649841,-0.0102329251371,-0.0706169622626,3.48812991256e-05,-0.108377233295,-0.0045041872209,0.042786336891,-0.0191354467766,0.574024031983,0.818823602263,0.00225077407569,0.0,0.818783506699,-0.573963354986,-0.0118483413178,0.0,-0.00841000159747,0.0086442957755,-0.999927271367,0.0,0.657003421635,0.254773161907,0.303506403362,1.0,-0.01382,-0.0181634285714,0.692
0.461465410128,0.520828221219,-0.124062974507,-1.39805979202,0.0770149313251,1.90969710941,0.153731108326,-0.0118877877141,-0.0713538223233,0.00117641468834,-0.118211208495,-0.0067897771391,0.0320190719042,-0.0142728562334,0.574012839041,0.818831524405,0.00222309652834,0.0,0.818791125429,-0.573952330474,-0.0118558915006,0.0,-0.00843218862305,0.00862585172236,-0.999927243792,0.0,0.65676145392,0.254466312758,0.303481936454,1.0,-0.01416,-0.0186102857143,0.709
0.461301659066,0.519513076909,-0.124077608862,-1.40010548762,0.0768839540142,1.91044193797,0.153451685394,-0.00568110189297,-0.0858035003279,-0.000436067655361,-0.11999909171,-0.0076332832272,0.0349593383761,-0.0184567627774,0.574001958018,0.8188391375,0.00222845019412,0.0,0.818798886776,-0.573941510187,-0.0118436818661,0.0,-0.00841923227057,0.00862311514113,-0.99992737657,0.0,0.656513773373,0.254154114392,0.303496742329,1.0,-0.0145,-0.0190571428571,0.726
0.461139371121,0.518255417839,-0.124078626395,-1.40207457105,0.0767629316428,1.91114246403,0.153186326382,-0.013045420398,-0.0773929578249,0.000219050990612,-0.121561465544,-0.00612000063366,0.0419289451867,-0.00820062045355,0.573989994916,0.818847549002,0.00221903833551,0.0,0.818807118842,-0.573929527326,-0.0118552392602,0.0,-0.008434224373,0.00862191910746,-0.99992726054,0.0,0.656269128906,0.253857809627,0.30350301894,1.0,-0.01482,-0.0194777142857,0.742
0.460946301108,0.516809068473,-0.124082275679,-1.40432023653,0.0766182107958,1.91195196956,0.152871655563,-0.0145512547877,-0.0748798601862,-0.00041948784068,-0.118645285806,-0.00787299143841,0.0455131886476,-0.0203937401162,0.573972641179,0.818859701603,0.00222332410748,0.0,0.818819348314,-0.573912180444,-0.0118503529893,0.0,-0.00842794599045,0.00862244520976,-0.99992730894,0.0,0.655994688791,0.2535130483,0.303519156786,1.0,-0.01518,-0.0199508571429,0.76
0.460764369542,0.51544537672,-0.124090371737,-1.40650462959,0.0764859981257,1.91278790376,0.1525728469,-0.0144468115348,-0.0837523621404,-0.000754419574109,-0.12918439146,-0.00531325305719,0.0482719928066,-0.0237799712181,0.573962597346,0.818866717185,0.00223231630651,0.0,0.818826508747,-0.573902131046,-0.0118422740632,0.0,-0.00841627504001,0.00862506820675,-0.99992738462,0.0,0.655734537543,0.253182996326,0.303508542856,1.0,-0.01552,-0.0203977142857,0.777
0.46059728269,0.51412268505,-0.124090819295,-1.40859743575,0.0763610012339,1.91354404442,0.152288162855,-0.0103068845442,-0.08990727652,-0.00035935957047,-0.133254031291,-0.0104748093835,0.0451867660001,-0.0155843137589,0.573942979917,0.818880495889,0.00222174664162,0.0,0.81884006375,-0.573882469454,-0.0118578308862,0.0,-0.00843528739248,0.0086251400165,-0.999927223795,0.0,0.655472425063,0.252873325338,0.303505180315,1.0,-0.01584,-0.0208182857143,0.793
0.460403031447,0.512717892465,-0.124091506837,-1.41085280344,0.0762303655448,1.91433082648,0.151974770325,-0.0136885607078,-0.0847845180181,0.00102769088907,-0.132116751703,-0.00171866929769,0.03832743255,-0.017965843416,0.573928838007,0.81889054121,0.00217193984373,0.0,0.818849285768,-0.573868350101,-0.0119042366889,0.0,-0.00850202298053,0.00861084190539,-0.999926781823,0.0,0.655186354276,0.252528753349,0.30348425641,1.0,-0.01618,-0.0212651428571,0.81
0.460196498639,0.511297680074,-0.124094694222,-1.41315136457,0.0760825479621,1.91519984737,0.151644263544,-0.0157805218315,-0.0817867451907,0.00016158353773,-0.133392318266,-0.00812540762953,0.0540648387607,-0.0217425234045,0.573910092929,0.818903718783,0.00215673346846,0.0,0.818862322954,-0.573849727082,-0.0119051953296,0.0,-0.00851173169318,0.00859874508841,-0.999926803324,0.0,0.654910543941,0.252172580146,0.303460339719,1.0,-0.01652,-0.021712,0.827
0.460012658598,0.509917928943,-0.124096955198,-1.41535075574,0.0759467077,1.91603253006,0.151338961282,-0.0106917626553,-0.0876268734433,-0.000836863447526,-0.139837864433,-0.0128581755526,0.0526595790841,-0.0204193344228,0.573890448709,0.818917464889,0.00216459727018,0.0,0.818876177545,-0.573830059712,-0.0119002236067,0.0,-0.0085033536827,0.00860212742152,-0.999926845514,0.0,0.654642600253,0.251842571541,0.303451653273,1.0,-0.01684,-0.0221325714286,0.843
0.459784514643,0.508326552648,-0.124098926281,-1.41787175457,0.0757876915004,1.91692707275,0.150985096289,-0.00744101426783,-0.0831480370321,4.22289488494e-05,-0.142829672941,-0.00726709806763,0.0493937913401,-0.0181824388721,0.573876746209,0.818927151632,0.00213245908914,0.0,0.818885391155,-0.573816434229,-0.0119232068614,0.0,-0.00854076219882,0.00858885611544,-0.999926640775,0.0,0.654327143105,0.25144896885,0.30344282791,1.0,-0.0172,-0.0226057142857,0.861
0.459570411031,0.506780196124,-0.124112088651,-1.42027426822,0.0756366799422,1.9177957221,0.150654168807,-0.0122560037846,-0.0896548816569,-0.00276243101066,-0.141016438751,-0.0111486267969,0.0417768702207,-0.0209678258493,0.573873977016,0.818929076055,0.00213864369346,0.0,0.818887420925,-0.573813665136,-0.0119170657111,0.0,-0.00853221290745,0.00859036770359,-0.999926700776,0.0,0.654031186153,0.251071081695,0.303456412797,1.0,-0.01754,-0.0230525714286,0.878
0.459362430958,0.505271937572,-0.124121377078,-1.42259169901,0.0754847957662,1.91867475978,0.150332569652,-0.00594032870999,-0.0947149373443,-0.000635591357947,-0.146410547879,-0.00333173678769,0.0535508317591,-0.0234635476336,0.573866195791,0.818934393553,0.00218981408852,0.0,0.818893529912,-0.573805805431,-0.0118756567308,0.0,-0.00846901876091,0.00860842827832,-0.999927082683,0.0,0.653753361392,0.250709657556,0.303484071969,1.0,-0.01786,-0.0234731428571,0.894
0.459133622375,0.503621637577,-0.124123011746,-1.42506786347,0.0753311428167,1.91962511443,0.149989599314,-0.0154088341927,-0.100006363045,0.000714127713496,-0.14452922728,-0.0119858459795,0.0534588949046,-0.0234445687798,0.573859882025,0.818938532194,0.00229416467619,0.0,0.818899067291,-0.573799125068,-0.0118164530145,0.0,-0.00836071997325,0.00865984437525,-0.999927550104,0.0,0.653458033842,0.250326728547,0.303540754512,1.0,-0.0182,-0.02392,0.911
0.458906690084,0.501940888391,-0.124125971296,-1.42756769231,0.0751729345772,1.9205504486,0.149640882139,-0.0114678338446,-0.0957855939753,0.000359256546654,-0.155686098683,-0.00696644025985,0.0485542144116,-0.0174774678377,0.573847492377,0.818946960219,0.00238301105782,0.0,0.818908676028,-0.573786425594,-0.0117671165141,0.0,-0.0082694641156,0.00870416631664,-0.999927924129,0.0,0.65315179949,0.249939566958,0.30360463269,1.0,-0.01854,-0.0243668571429,0.928
0.458686603443,0.500320829941,-0.124129129267,-1.43000701796,0.0750114016576,1.92140686098,0.149304769749,-0.0135166565074,-0.106135138846,4.5477998054e-05,-0.152573244566,-0.0110489648618,0.0557406170323,-0.0183864915047,0.573835138452,0.818955535577,0.00241071079213,0.0,0.818917626076,-0.573773985322,-0.0117508455214,0.0,-0.00824037550153,0.00871738946248,-0.999928049078,0.0,0.652842185902,0.249558125382,0.303648358555,1.0,-0.01886,-0.0247874285714,0.944
0.45843875672,0.498640499972,-0.1241291585,-1.43262784713,0.0748461938046,1.92236825085,0.148913247657,-0.0183990706157,-0.0966396734858,-0.000123609043488,-0.153829321813,-0.0106102777068,0.0650600997737,-0.0225265264713,0.573806170354,0.818975785521,0.00242662211986,0.0,0.818938055467,-0.573744932917,-0.0117456443113,0.0,-0.00822729453181,0.00872714440536,-0.999928071701,0.0,0.652516687587,0.249146225618,0.303656243161,1.0,-0.0192,-0.0252342857143,0.961
0.458182224946,0.496977558839,-0.124129168572,-1.43528171128,0.0746882775892,1.92333628174,0.148522625606,-0.0165216724557,-0.100742227972,-0.00048264494057,-0.150193546693,-0.00637442468796,0.0596643117259,-0.0204350528856,0.573788377405,0.818988301559,0.00240972322877,0.0,0.818950226312,-0.573727072135,-0.0117694699594,0.0,-0.00825669372653,0.00872679647235,-0.999927832412,0.0,0.652184632276,0.248726269253,0.303636305673,1.0,-0.01954,-0.0256811428571,0.978
0.457927458908,0.495400374447,-0.124129888329,-1.43782525723,0.0745272887436,1.92420925845,0.148163621702,-0.0150235074596,-0.0964292787638,-0.000733233878028,-0.157175189345,-0.0108017734098,0.0529270544313,-0.0241703008068,0.573788133167,0.818988705349,0.00232930219098,0.0,0.818949463766,-0.573727006939,-0.0118255742787,0.0,-0.00834878893432,0.00869312233882,-0.999927361035,0.0,0.651856683624,0.248312323254,0.303600299087,1.0,-0.01986,-0.0261017142857,0.994
0.457652208128,0.493713044549,-0.124135061223,-1.44060231598,0.0743495847545,1.9252065523,0.147770065433,-0.0157230024327,-0.10204999354,0.000974324737932,-0.173316563614,-0.00904506189485,0.0682836508983,-0.0289915778025,0.573786598482,0.818990016822,0.0022446937317,0.0,0.818949633256,-0.573725760767,-0.0118741956898,0.0,-0.00843717155049,0.00865171203515,-0.999926978341,0.0,0.651505618318,0.247862004189,0.303540271712,1.0,-0.0214428571429,-0.0281820408163,1.011
0.457374158172,0.491779979836,-0.124150670398,-1.44362756683,0.0741577493725,1.92634372549,0.147338498482,-0.0199685432767,-0.120082843694,-0.00138074202887,-0.188189123185,-0.0141399098945,0.0740923952577,-0.0288708772219,0.573771951117,0.819000193934,0.00227537869865,0.0,0.818960289176,-0.573711076147,-0.0118487451083,0.0,-0.00839887628416,0.0086620891682,-0.999927210895,0.0,0.651131054129,0.24738481253,0.303544707576,1.0,-0.0239297142857,-0.0314504816327,1.028
0.457066438108,0.489819289907,-0.124154395967,-1.4468088309,0.0739701529741,1.92745837603,0.146880778053,-0.0228920062105,-0.130790518102,-0.000281796501247,-0.203742473574,-0.0201104827484,0.076955113139,-0.0276812808819,0.573759740058,0.819008980763,0.00219020970851,0.0,0.818967725703,-0.57369895866,-0.0119212411299,0.0,-0.00850724630909,0.00863380550318,-0.999926539383,0.0,0.650717485626,0.246876615507,0.303491094353,1.0,-0.0262702857143,-0.0345266612245,1.044
0.456677446166,0.487322425764,-0.124186885465,-1.45072051181,0.0737280935099,1.92890749291,0.146316741888,-0.0173368077713,-0.144554858361,0.000176012745811,-0.220414382007,-0.0138456359657,0.0880274767856,-0.0315366278626,0.573768651475,0.819002680499,0.00221152001586,0.0,0.818961768943,-0.573707850097,-0.0119025479895,0.0,-0.0084796155733,0.00864062561211,-0.999926715169,0.0,0.650234006159,0.24623320763,0.303491170607,1.0,-0.0289034285714,-0.0379873632653,1.062
0.456255175898,0.484731001308,-0.124216117276,-1.45467263123,0.0734906466917,1.93040970028,0.145717420667,-0.0320597972632,-0.160389670281,-0.00410140240268,-0.239780919746,-0.0201729452181,0.0836549363842,-0.0382687919151,0.5737760094,0.818997199518,0.00232918869833,0.0,0.818957876931,-0.573714802341,-0.0118350448984,0.0,-0.00835673948738,0.0086983397342,-0.999927249249,0.0,0.649758255465,0.245571062719,0.3035405364,1.0,-0.0313902857143,-0.0412558040816,1.079
0.455822424079,0.482127451588,-0.124252885065,-1.45874824828,0.0732352334781,1.93178618337,0.145099181785,-0.0282883666666,-0.164554658126,-0.00313538383822,-0.258600558995,-0.0204712053063,0.0920174538813,-0.0408597683861,0.573780765243,0.818994103691,0.0022446511157,0.0,0.818953571767,-0.57371977691,-0.011891668244,0.0,-0.0084515681564,0.00866164231708,-0.999926770793,0.0,0.649229643038,0.244872616622,0.303527421212,1.0,-0.0337308571429,-0.0443319836735,1.095
0.45533331034,0.479115027152,-0.124293764148,-1.46340754624,0.0729522563876,1.93346759749,0.144410080884,-0.0313708167812,-0.183809200391,-0.00334034181737,-0.278219704467,-0.0151592774344,0.101368514035,-0.0438477210132,0.573797137189,0.818982559569,0.00227142594575,0.0,0.81894233671,-0.573735999826,-0.0118826995661,0.0,-0.00842868714753,0.00867859295456,-0.999926816951,0.0,0.648642159039,0.244087865,0.303544693921,1.0,-0.0362177142857,-0.0476004244898,1.112
0.454801733548,0.47591016623,-0.124327913123,-1.46827963718,0.0726472936484,1.93528646664,0.143715257145,-0.0326121103253,-0.195845906222,-0.00253793635875,-0.296501736447,-0.0210385291151,0.104034414963,-0.0441953221707,0.57384157066,0.818951080491,0.00239299918186,0.0,0.818912543997,-0.573780064597,-0.0118080335597,0.0,-0.00829730636593,0.00873576576269,-0.999927417918,0.0,0.6480407892,0.243263048525,0.303603280931,1.0,-0.0387045714286,-0.0508688653061,1.129
0.454265256812,0.472726697358,-0.124341741507,-1.47318133728,0.0723495790459,1.93702634027,0.142996416022,-0.0302502345467,-0.206052911289,-0.000123661707742,-0.316270889229,-0.0213298072088,0.106621529805,-0.045990309965,0.573856965698,0.818940220729,0.00241758023017,0.0,0.818901782139,-0.573795130166,-0.0118222970865,0.0,-0.00829471852175,0.00876423703133,-0.999927190246,0.0,0.647407727841,0.242439849695,0.303623234091,1.0,-0.0410451428571,-0.053945044898,1.145
0.45366291244,0.469143551562,-0.12434799069,-1.47862376473,0.0720136855022,1.9390179731,0.1421363792,-0.0349641972244,-0.222446670605,-0.00121459029848,-0.324441120596,-0.023079999176,0.128782542065,-0.0497125578295,0.573818861336,0.818966564198,0.00253535039135,0.0,0.8189295155,-0.573756437182,-0.0117790634655,0.0,-0.00819214325243,0.00883549216362,-0.999927408799,0.0,0.646712987476,0.241531270121,0.303680849373,1.0,-0.043532,-0.0572134857143,1.162
0.453003793578,0.465132351934,-0.12434893841,-1.48471596247,0.0716094070987,1.94123565275,0.141182994921,-0.0380300633805,-0.225698394196,-0.000661655646073,-0.350407751735,-0.0188637882809,0.114235223137,-0.0514477401244,0.573755842338,0.819010372302,0.00264392607821,0.0,0.818974763956,-0.573693063433,-0.011719721544,0.0,-0.00808192705584,0.00888973859725,-0.999927824897,0.0,0.645923185655,0.240523318019,0.303740686289,1.0,-0.0461651428571,-0.0606741877551,1.18
0.452354591586,0.461412596592,-0.124352548404,-1.49051824383,0.0712243417206,1.9432360952,0.140312350371,-0.0477052940356,-0.234789248775,0.00109864422134,-0.368690500192,-0.0240353719121,0.129256482781,-0.0524837683371,0.573742839154,0.819019718239,0.00256954399313,0.0,0.818982965902,-0.573680138169,-0.011779114335,0.0,-0.0081733879138,0.00886276589751,-0.999927320914,0.0,0.645145544908,0.239540357973,0.303715634102,1.0,-0.0485057142857,-0.0637503673469,1.196
0.451641897619,0.457303679117,-0.124357894503,-1.4968741298,0.070785875113,1.94548286585,0.139352452289,-0.0409563350919,-0.240743426264,0.0018461991463,-0.382161672652,-0.0275588847708,0.134730602562,-0.0619314564827,0.573718083979,0.819037109632,0.00255344107715,0.0,0.819000185249,-0.573655486018,-0.0117824795382,0.0,-0.00818565010224,0.00885126071457,-0.999927322517,0.0,0.644300403326,0.23846435195,0.303712732889,1.0,-0.0509925714286,-0.0670188081633,1.213
0.450854001829,0.453024111609,-0.124385401672,-1.50353499902,0.0703353556564,1.94784380375,0.138278503934,-0.0462960340193,-0.263745192478,-0.00418525289302,-0.390344624739,-0.0322635268002,0.141322896497,-0.0715757803424,0.573685646718,0.819059933069,0.00252025646267,0.0,0.819022613435,-0.573623215203,-0.0117945989481,0.0,-0.00821496397323,0.00883070917839,-0.999927263826,0.0,0.643421674562,0.237300184468,0.303688540089,1.0,-0.0534794285714,-0.0702872489796,1.23
0.450035701388,0.44847363817,-0.124453025666,-1.51036944651,0.069882323559,1.95036613837,0.13723497478,-0.0494428799371,-0.269512159636,-0.00328095084529,-0.397413781709,-0.0292041709303,0.14029665607,-0.0621423957613,0.573736979286,0.81902339748,0.00270182934836,0.0,0.818988761616,-0.573674243046,-0.011662680391,0.0,-0.00800219227827,0.00890425032442,-0.999928337055,0.0,0.642546511805,0.23608738209,0.303777651753,1.0,-0.0559662857143,-0.0735556897959,1.247
0.449174118689,0.443771838395,-0.12447571289,-1.51765678851,0.0693896617501,1.95276559958,0.136153543048,-0.0529381150255,-0.276428398094,0.000289779069524,-0.432695404308,-0.0347831560175,0.139978036191,-0.0676613515382,0.573763601573,0.819005269184,0.00253879120913,0.0,0.81896820698,-0.573701108902,-0.0117839086029,0.0,-0.00819473367942,0.00884053733277,-0.99992734298,0.0,0.641528971672,0.234810240504,0.303738393243,1.0,-0.0584531428571,-0.0768241306122,1.264
0.448324279989,0.439215292346,-0.124495217034,-1.5247264821,0.0688936227313,1.95521063003,0.135010732533,-0.0521316311528,-0.28243663965,-0.00139297167275,-0.450006771157,-0.0293897634825,0.15000951097,-0.0731110821457,0.573713568522,0.819040551571,0.00246233176003,0.0,0.819002495623,-0.573651369547,-0.0118222367459,0.0,-0.0082705305521,0.00879940290371,-0.999927081758,0.0,0.640559814129,0.233570118657,0.303702111787,1.0,-0.0607937142857,-0.0799003102041,1.28
0.447409816459,0.434459347668,-0.124507686726,-1.53187281521,0.0684332307093,1.95780297229,0.133840587564,-0.0617895944913,-0.30444193572,-0.00144773253189,-0.445615579331,-0.0262049385906,0.168637973047,-0.0685208137804,0.57370012564,0.819049423119,0.00263727697471,0.0,0.8190135151,-0.573637143434,-0.0117489003044,0.0,-0.00811024613377,0.00890048242799,-0.999927500032,0.0,0.639608629956,0.232303053145,0.303772363317,1.0,-0.0631342857143,-0.0829764897959,1.296
0.446311421122,0.429015019492,-0.124550768634,-1.54025088586,0.0678159008721,1.96075589128,0.13251727577,-0.0629006944291,-0.303575214816,-0.000239515739849,-0.480331158726,-0.0359945758987,0.157626691601,-0.0719129763729,0.573737187442,0.819023547435,0.00261063097637,0.0,0.818987687633,-0.573674728549,-0.0117141038903,0.0,-0.00809662979177,0.00885906221044,-0.999927978208,0.0,0.638476952286,0.230767379134,0.303752203402,1.0,-0.0657674285714,-0.0864371918367,1.314
0.445238120504,0.423603442659,-0.124638360787,-1.54853442315,0.0672158887655,1.96346236669,0.131129626646,-0.0641481493902,-0.32717509322,-0.00356171023608,-0.489972468488,-0.0337941617377,0.159827799093,-0.0832277799119,0.573728503701,0.819030159682,0.00243894931675,0.0,0.818992173171,-0.573666787987,-0.0117891282964,0.0,-0.00825666637696,0.00876140802288,-0.999927529969,0.0,0.637309536611,0.229221898555,0.303727344262,1.0,-0.0682542857143,-0.0897056326531,1.331
0.444166953697,0.418382917776,-0.124685475557,-1.55645456507,0.0666532464501,1.96618884168,0.129871384287,-0.0644498373611,-0.322075865654,-0.00224134789994,-0.488339511735,-0.0332092349604,0.18490895346,-0.0761614106093,0.573785223504,0.818990423361,0.00243939176283,0.0,0.818952538855,-0.573723601138,-0.0117777545454,0.0,-0.0082464903251,0.00875581617822,-0.999927662924,0.0,0.636212684419,0.227750912426,0.303739173404,1.0,-0.0705948571429,-0.0927818122449,1.347
0.442970924632,0.412666738002,-0.124694683206,-1.56493656651,0.0660853619653,1.96932019046,0.128416031716,-0.0731163309018,-0.333426046027,-0.000382634875099,-0.508971389398,-0.0285540512392,0.176459455627,-0.09218689209,0.573773617171,0.818997582855,0.00274634623199,0.0,0.818963714162,-0.573710935649,-0.0116165443742,0.0,-0.0079384657373,0.00891459622874,-0.99992875283,0.0,0.635071896025,0.226191952151,0.303845850553,1.0,-0.0730817142857,-0.0960502530612,1.364
0.441738426803,0.406833902282,-0.124742429889,-1.57388305365,0.0654446829428,1.97222628976,0.126951411684,-0.0699168200379,-0.343945390896,-0.0082184462919,-0.534185411987,-0.0427659799271,0.169973565904,-0.0871519957385,0.573802253434,0.818978139637,0.00255492701769,0.0,0.818941543661,-0.573739973819,-0.0117446758145,0.0,-0.00815292595808,0.00883162736023,-0.999927763469,0.0,0.633772761315,0.224513676351,0.303784780425,1.0,-0.0755685714286,-0.0993186938775,1.381
0.440508410254,0.401228984785,-0.12480009828,-1.58247835376,0.0648456102327,1.9751247764,0.125503166117,-0.0823159427632,-0.357357207835,-0.0019351167637,-0.533814615824,-0.0369677759378,0.191536007877,-0.0918820762173,0.573842748618,0.81895004088,0.00246521851484,0.0,0.818912095875,-0.573780600414,-0.0118130740928,0.0,-0.00825998198189,0.00879781355301,-0.999927182936,0.0,0.632544307045,0.222877888959,0.303728607318,1.0,-0.0779091428571,-0.102394873469,1.397
