position_joint1,position_joint2,position_joint3,position_joint4,position_joint5,position_joint6,position_joint7,velocity_joint1,velocity_joint2,velocity_joint3,velocity_joint4,velocity_joint5,velocity_joint6,velocity_joint7,ee_T_00,ee_T_10,ee_T_20,ee_T_30,ee_T_01,ee_T_11,ee_T_21,ee_T_31,ee_T_02,ee_T_12,ee_T_22,ee_T_32,ee_T_03,ee_T_13,ee_T_23,ee_T_33,v_x,v_y,w_z,time
0.4650755896189477,0.5473166064630368,-0.12399783867990273,-1.3555741772911574,0.07944288278950584,1.8941640710839223,0.15914421263714662,0.00012981120397811282,-0.00017167354928273776,-0.0011742323387141493,-0.00014936505165173447,0.0002609250987869437,9.27680799865914e-05,-0.001903481592484915,0.5737686015632452,0.819001624976646,0.0025839982546253986,0.0,0.8189676082018226,-0.5737086299648221,-0.01145475976532245,0.0,-0.007899156846270627,0.008688759647528146,-0.9999310520115403,0.0,0.6617662112370114,0.26091833170957174,0.30367244811424654,1.0,5e-324,6.9433824276174e-310,6.9431702280384e-310,0.0
0.46507504466057814,0.5473169269462939,-0.12399996653074435,-1.3555725115596784,0.07944288278950584,1.894159972102384,0.159147008458415,-0.00038574720000605786,0.0004015963833729445,-0.0006053444103987824,-0.0008720223500691942,0.00015065198668868246,-4.413430477164547e-05,-0.000870800916982468,0.5737727071030309,0.8189987575357013,0.0025812089891543597,0.0,0.8189647117118589,-0.5737127517433299,-0.011455407413809088,0.0,-0.007901244050414757,0.008686886447943257,-0.9999310517962208,0.0,0.6617663975293111,0.2609166540895269,0.303672727893458,1.0,-0.00014000000000000001,-0.00018400000000000005,-7.000000000000001e-05,0.008
0.46507569529820864,0.547308834253477,-0.12399531714267746,-1.3555752786984436,0.07944217071268292,1.8941594661309216,0.15915185308807964,0.0001543483121283169,-0.0005016758110476436,8.451966345242819e-05,-0.0035036751130829583,-4.43882084541039e-05,-0.0004073046896750681,0.00041909844375391715,0.5737728351849938,0.8189986516054517,0.002586343641932674,0.0,0.8189646534863706,-0.5737128426458273,-0.011455017433480978,0.0,-0.007897977329803518,0.008690869180576863,-0.9999310429959578,0.0,0.6617646772616681,0.26091940332213487,0.30367694478474605,1.0,-0.0004600000000000003,-0.000604571428571429,-0.00023000000000000014,0.024000000000000014
0.46507450759245317,0.547285564253044,-0.12399539926655966,-1.355592990743458,0.07944217071268292,1.8941621400906887,0.1591520167990162,0.0003778646380320033,0.0014339303206374922,0.000497881713345465,-0.0015034237064338234,-0.00016163181756158164,-0.00011551008425608675,-0.0002534185772148424,0.5737749390752284,0.8189971522203803,0.0025943872750890697,0.0,0.8189632451893799,-0.5737149060789126,-0.011452356654939749,0.0,-0.007891160764045446,0.008695950488034648,-0.9999310526365834,0.0,0.6617620916625028,0.26091695408798093,0.30368523339930875,1.0,-0.0008200000000000006,-0.0010777142857142867,-0.0004100000000000003,0.04200000000000003
0.46507153399646356,0.5472025209616918,-0.12399560972429922,-1.3556713301953576,0.07944288278349612,1.8941747981287071,0.15915244444686516,-0.0029329968657395176,-0.008438314637667962,0.00021371491705912023,-0.011373499230328073,6.917921410293164e-06,0.0012868300586991596,0.0006960556092865694,0.5737822672641499,0.8189919571628462,0.0026135755184548103,0.0,0.8189582350377849,-0.5737221018386601,-0.011450154009195886,0.0,-0.007878269683149974,0.008710472225234106,-0.9999310278916306,0.0,0.6617496297062003,0.2609076286124221,0.30370787716874437,1.0,-0.0011400000000000008,-0.0014982857142857157,-0.0005700000000000004,0.058000000000000045
0.4650722176076532,0.5470802101188409,-0.1239932094824393,-1.355828331890502,0.07944004237327737,1.8942051300520453,0.15915163059035936,0.0009437912476867891,-0.006383675148383734,0.00015208406442377787,-0.010178686431070727,0.0005209771120089325,0.004707472855716218,-0.005495839355040146,0.5737871766538263,0.8189885112356292,0.002615582705002931,0.0,0.8189547153251626,-0.5737268938904772,-0.011461778861740414,0.0,-0.00788658690627081,0.008718833386654065,-0.999930889457539,0.0,0.6617223441942043,0.2608940347662021,0.30372232887697537,1.0,-0.001460000000000001,-0.0019188571428571445,-0.0007300000000000005,0.07400000000000005
0.4650531234977407,0.5469489881706595,-0.12400031278488689,-1.3560244435210627,0.07943035872877505,1.8942716409543303,0.15914456160104215,0.00045534663746922446,-0.009567658536065378,-0.0026518378769610947,-0.01382963168067357,0.0005021801677670104,0.0104692578713633,-0.00038688089698937696,0.5738145802330369,0.8189692855783983,0.0026236791724922994,0.0,0.8189356001064086,-0.5737542743572634,-0.011456981990679127,0.0,-0.007877720886569961,0.008722975533640334,-0.9999309232199357,0.0,0.6617010685871616,0.2608557222720445,0.3037303146841121,1.0,-0.0018000000000000013,-0.002365714285714288,-0.0009000000000000006,0.09100000000000007
0.4650275318352897,0.5467599282189007,-0.12399257433122254,-1.3562435387483134,0.07942709257184845,1.8943937588126072,0.15914481899364244,-0.003020295716160478,-0.008185665554587346,0.001958749986262747,-0.014755468522119454,0.00011206266273220347,0.015169796085215875,0.0012508116199885552,0.573837663531983,0.8189528584465933,0.0027015653827133944,0.0,0.8189201169163506,-0.5737770371283928,-0.0114236892062883,0.0,-0.007805517028983966,0.008767878170945445,-0.9999310967343149,0.0,0.6616854551742706,0.2608304712318281,0.3037678921888723,1.0,-0.0021200000000000017,-0.002786285714285717,-0.0010600000000000008,0.10700000000000008
0.46500063146914045,0.5465457648830397,-0.12399809805434242,-1.3564877821596786,0.07942172225548234,1.8945222762267098,0.15914127909207004,-0.0016621544616275607,-0.015937711229185126,-0.0011328786290060583,-0.016060367875574865,2.724359837007599e-05,0.004360648357315049,0.00030527958696860067,0.5738730022769852,0.8189278030632908,0.002788822106139735,0.0,0.8188961873826016,-0.5738121006338855,-0.011377801086992403,0.0,-0.007717486362370907,0.00881333834318268,-0.9999313803814214,0.0,0.6616693028183398,0.2607911565482992,0.3038146587207319,1.0,-0.002460000000000002,-0.0032331428571428606,-0.001230000000000001,0.1240000000000001
0.46496410029290275,0.5463156613321466,-0.12399880135425552,-1.3568091579667756,0.07941558289188907,1.8946424592219995,0.15912381055177624,-0.003973496504593041,-0.019274124568914985,-0.00041519743805119294,-0.022548014522684953,-1.6689489823831417e-05,0.01285611390940405,-0.0020383184473353444,0.5739054096099835,0.818904982836224,0.002820781382760331,0.0,0.8188736785279033,-0.5738442912165114,-0.011374311126758546,0.0,-0.007695938935437907,0.00883781246873426,-0.9999313304395806,0.0,0.6616356600064124,0.26073861770787654,0.3038350907633213,1.0,-0.002800000000000002,-0.0036800000000000036,-0.001400000000000001,0.1410000000000001
0.4649282013643718,0.5460630684313145,-0.12399883978080055,-1.3572116391239786,0.0793981416338799,1.8947839539194122,0.1591180283988543,-0.0011016748026072606,-0.0142862253024657,-0.0006886341510828101,-0.022066088659421387,-7.413728910190214e-05,0.007600085268774511,-0.0023826352529920103,0.57394795933056,0.8188751750920922,0.0028168243448296673,0.0,0.818843756279437,-0.5738867748555947,-0.011385049373390488,0.0,-0.007706544435339524,0.008841135101282427,-0.9999312193861072,0.0,0.6615885585351929,0.26067716753720016,0.30383463064605776,1.0,-0.003140000000000002,-0.0041268571428571465,-0.001570000000000001,0.1580000000000001
0.46488417924091385,0.5457679773592164,-0.1240019922131327,-1.3576656143846622,0.07937241242729667,1.8949440213913946,0.15909477931295746,-0.00040317045014533475,-0.01397217485017313,-5.4553679516338906e-05,-0.026610708553590774,0.00022344393529218635,0.01223169043855424,-0.0019573128252650994,0.5739856790594331,0.8188487328055325,0.0028177861281159077,0.0,0.8188173184895671,-0.5739244778931907,-0.0113859350863949,0.0,-0.0077063104552633765,0.008842786014824758,-0.9999312065910648,0.0,0.6615377287671024,0.2606029057058321,0.3038414369069724,1.0,-0.0034800000000000026,-0.00457371428571429,-0.0017400000000000013,0.17500000000000013
0.4648352359853513,0.5454122953686055,-0.12400415949547391,-1.358238517491207,0.07931737716084912,1.8951386090569167,0.15905914329940307,-0.0021537105781220603,-0.019420899055749504,0.002269302130694573,-0.03481394474620865,-0.004283924820902491,0.007453787062299499,-0.002753534912339156,0.5740117824977415,0.8188305215571505,0.002792386330454805,0.0,0.8187989092961727,-0.5739508041953474,-0.011382767682779057,0.0,-0.007718013814147662,0.008820415469389997,-0.9999313139079663,0.0,0.6614748728859733,0.2605170731486188,0.30383863477308015,1.0,-0.003840000000000003,-0.005046857142857148,-0.0019200000000000016,0.19300000000000014
0.4647717726632462,0.5450382043078017,-0.12400268966985925,-1.3588692045659887,0.07926684629808706,1.895343932398128,0.1589327322454508,-0.0073880226212182255,-0.019435438494176373,0.0004953809520193984,-0.03163239191264097,-0.0009809237896026594,0.010636962234404187,-0.004919420419224747,0.5739843298796077,0.818849945024241,0.002739249470840038,0.0,0.8188177214486092,-0.5739236030937447,-0.011401041830029034,0.0,-0.007763772026331051,0.008787134544500558,-0.9999312526921138,0.0,0.6613988261544852,0.2604121096275359,0.30382083333198057,1.0,-0.004200000000000003,-0.005520000000000005,-0.0021000000000000016,0.21100000000000016
0.464718379721596,0.5446376519578461,-0.12400806608325532,-1.3595419030577915,0.07924838483783837,1.8955781272573784,0.15893427669076066,-0.008242647062556646,-0.021300681160946626,5.647524060258355e-05,-0.03901331515312758,-0.002514055470370498,0.012387645622356655,-0.0013894929617563059,0.5740659458822778,0.8187928143364288,0.0027136452465682977,0.0,0.8187600875739994,-0.5740050943844098,-0.011437548590929153,0.0,-0.007807486722307633,0.008787900764472875,-0.9999309055885985,0.0,0.6613146390709523,0.26030481068159345,0.30380350269480355,1.0,-0.004560000000000003,-0.005993142857142863,-0.0022800000000000016,0.22900000000000018
0.4646531660969163,0.5441890826823538,-0.12400876321844406,-1.3603192677744798,0.07921230031389068,1.895824534895239,0.15891313616287725,-0.00024679558621888264,-0.028345012522676797,-6.538163963307916e-05,-0.04666021770694914,-0.0061651087674068844,0.01317985653812996,-0.0046557764761404824,0.5741361448314743,0.8187438064303504,0.002648307233237086,0.0,0.8187100949910071,-0.5740753375038748,-0.011490610551084433,0.0,-0.007887690214548049,0.008765539473845813,-0.9999304724133633,0.0,0.6612160780750156,0.2601857825071484,0.3037722875666006,1.0,-0.004920000000000004,-0.006466285714285721,-0.002460000000000002,0.2470000000000002
0.46459908095588626,0.5437754525429086,-0.1240091089496929,-1.3609726831464088,0.07918342353934983,1.8960529511396351,0.15884356495016105,-0.004318042043336219,-0.028501916756008272,0.0004245532153635326,-0.04833359172109552,-0.002592172029600922,0.018473541028903636,-0.0012868155099998516,0.5741524370405156,0.8187323849637593,0.002647216122587427,0.0,0.8186985424512343,-0.574091501331462,-0.011506154371495915,0.0,-0.007900869048383274,0.008773727475916399,-0.9999302965579444,0.0,0.6611338680904595,0.2600809233191945,0.3037739672737934,1.0,-0.005240000000000003,-0.0068868571428571486,-0.0026200000000000017,0.2630000000000002
0.4645292855217175,0.543290758734495,-0.12401014964568745,-1.3617727922015246,0.07913805999246254,1.8963404786953282,0.15877889095566824,-0.0045653906673015394,-0.031472564645340234,0.0009141643964821098,-0.04941631355025283,5.679160595369574e-06,0.017800149824971002,-0.0030323596735071104,0.5741898036472697,0.8187062650688313,0.002620653689956341,0.0,0.8186720532752187,-0.5741289224980064,-0.011523733710206104,0.0,-0.007930112585516735,0.00876243503765392,-0.9999301640847685,0.0,0.6610449788971942,0.25996534070063626,0.30376075694226906,1.0,-0.005560000000000004,-0.007307428571428578,-0.002780000000000002,0.2790000000000002
0.4644549817963651,0.5427792126200389,-0.12401020311808345,-1.3626301019692122,0.07909272453977374,1.896632552406547,0.1587465174548038,-0.002001053450054765,-0.026572278324383514,-9.527778428231688e-05,-0.055078072432868205,-0.0021157016798722117,0.018758392749325108,-0.007454215805756203,0.5742587418453078,0.818658028269263,0.002584001883612289,0.0,0.8186232518885419,-0.5741978753942183,-0.011555010229449908,0.0,-0.007976027062724711,0.00875105814620944,-0.9999298985297,0.0,0.6609480420611895,0.25984204306003983,0.30374350878445555,1.0,-0.005880000000000004,-0.0077280000000000066,-0.002940000000000002,0.2950000000000002
0.4643779145302591,0.5422083274310067,-0.12401563047798649,-1.363526217159534,0.07903844721913046,1.8969467757359888,0.1586578479855188,-0.008114024474935878,-0.035264314092011084,-0.00043280642259813524,-0.056624815370291626,-0.00863286384107021,0.02648157202720827,-0.0074235847870980625,0.5742892904241899,0.8186366545540855,0.0025662474128203905,0.0,0.8186016496912167,-0.5742284817821108,-0.011564459963134412,0.0,-0.007993632362397474,0.008742248187386017,-0.9999298350075794,0.0,0.6608367739659271,0.25969322286457897,0.30374443993359757,1.0,-0.006240000000000004,-0.008201142857142863,-0.003120000000000002,0.3130000000000002
0.4642995458406655,0.5416541462088158,-0.12401620730909056,-1.3644095099184441,0.0789812073753201,1.897269010618842,0.15859294674109325,-0.00980067876168417,-0.037493565194036634,-0.0015019667317328518,-0.056937083951950844,-0.0028362425211915804,0.0176707611987173,-0.002313996794788032,0.5743345147843656,0.8186049558988974,0.002556991665973957,0.0,0.8185698572841572,-0.5742737604979694,-0.011566488253718591,0.0,-0.008000125414464543,0.008736277922473515,-0.9999298352591617,0.0,0.660735715115958,0.25955613849319675,0.3037437952105519,1.0,-0.006560000000000005,-0.008621714285714293,-0.0032800000000000025,0.32900000000000024
0.4642096335366992,0.5410377256799093,-0.12401655031041811,-1.3653909741982586,0.07891781439860307,1.897621593232291,0.15855543900387672,-0.0031024905216927353,-0.04282800804494274,-0.00023340170894513832,-0.0691594698923129,-0.006327211644831834,0.024294920374063993,-0.004406817521865485,0.574410956767449,0.8185513819590535,0.0025366788593990898,0.0,0.8185160148119287,-0.5743502563559768,-0.011578575967302805,0.0,-0.008020871632598903,0.008727341198598346,-0.9999297470991932,0.0,0.6606138370529062,0.2593937488293211,0.3037403468796708,1.0,-0.006920000000000005,-0.009094857142857151,-0.0034600000000000026,0.34700000000000025
0.4641175266606335,0.5403605232276637,-0.12402402760361636,-1.36640961575631,0.07886820895980329,1.8979966669635289,0.15844124509952182,-0.006917513592533123,-0.04096726184047901,0.0012682235393178206,-0.06158537431786196,-0.0003329845079547874,0.022574063416948953,-0.002902280681268548,0.5744454649879549,0.8185270416800361,0.0025761782758637053,0.0,0.8184921410408921,-0.5743845766265203,-0.01156374027196567,0.0,-0.007985670796180622,0.008751488323513218,-0.9999298177942583,0.0,0.6605087320847234,0.259242024419488,0.30376953771877513,1.0,-0.007240000000000005,-0.00951542857142858,-0.0036200000000000026,0.36300000000000027
0.464015461379491,0.5396748035831204,-0.12402830930671953,-1.367483231044331,0.07880374493197184,1.8984065757499173,0.15836254601346172,-0.006259694710001454,-0.03595583650323357,0.0001541987351441045,-0.06528417796100172,-0.010749214901395271,0.015722697356190956,-0.0032443942245764033,0.5745098931684428,0.8184817708664563,0.0025923564767028496,0.0,0.8184471091479361,-0.5744489745487448,-0.01155214562279465,0.0,-0.007966197460932245,0.0087586972439197,-0.9999299100039976,0.0,0.6603915900436694,0.25907108232885073,0.30377875184240977,1.0,-0.007580000000000006,-0.009962285714285724,-0.003790000000000003,0.3800000000000003
0.4639287471468867,0.5389768777494609,-0.12403716729670293,-1.3685860785673418,0.07872850212625745,1.898808179888324,0.1583058462593869,-0.005968156608598337,-0.0404237767937096,0.000886770631534363,-0.0664387854600155,-0.0032723095940986437,0.02445167561720697,-0.007181916849120267,0.574581507976598,0.8184315334976896,0.002581195298070738,0.0,0.818396829273944,-0.5745207300215586,-0.01154588719235912,0.0,-0.007966721337530958,0.008746663721972026,-0.9999300111632137,0.0,0.6602638179147465,0.25890202150607944,0.3037819772724562,1.0,-0.007900000000000006,-0.010382857142857152,-0.003950000000000003,0.3960000000000003
0.46382223811821227,0.5382219015608022,-0.12404501325100491,-1.3697522663968908,0.07867969488163717,1.899267927492812,0.15823394741800337,-0.008957556469707069,-0.04175182359135305,-0.003534340003328358,-0.06760059956768795,-0.004383891262198321,0.01737034726996524,0.0010946110694173648,0.5746668599056323,0.8183714492549705,0.0026302227525642754,0.0,0.81833726813554,-0.5746057847082946,-0.01153493222497002,0.0,-0.007928670644790914,0.008781321650522436,-0.9999300098366267,0.0,0.6601376981270918,0.2587219264529114,0.30380030943158226,1.0,-0.008240000000000006,-0.010829714285714295,-0.004120000000000003,0.4130000000000003
0.46371425732799365,0.5374382418803656,-0.12404756919057294,-1.3709919668151422,0.07859956905519297,1.8997403125419758,0.15810535086664604,-0.003967598156296202,-0.04541979846075756,0.000602059346153726,-0.07415342832479585,-0.002163026780031788,0.027536379061010193,-0.006891001393777092,0.5746988085286444,0.8183489857714467,0.002638913376604681,0.0,0.8183149802286878,-0.5746377705603071,-0.011522702808378976,0.0,-0.007913325213181,0.008781714997832965,-0.9999301279418313,0.0,0.659998497905406,0.2585313943473534,0.3038046452247933,1.0,-0.008580000000000006,-0.011276571428571438,-0.004290000000000003,0.4300000000000003
0.4636157129514738,0.536617893052337,-0.12405065485618803,-1.3722652110135443,0.07852253023508278,1.90020617023015,0.15800054757901222,-0.0038415499711499323,-0.050227902459501386,0.0018459507093629,-0.07289099344124367,-0.008349353313645225,0.027825072094465608,-0.0031876126452343575,0.5747452847752934,0.8183163146967473,0.0026483260579870443,0.0,0.8182824319868383,-0.5746842111796565,-0.011518065103549475,0.0,-0.007903621585600318,0.008787201476281772,-0.9999301564889655,0.0,0.6598484196344893,0.25834335380318973,0.30381822850734497,1.0,-0.008920000000000008,-0.011723428571428584,-0.004460000000000004,0.44700000000000034
0.46350707332996094,0.5358263964282881,-0.12406957902263831,-1.3735375205460245,0.0784492850600252,1.9006750311897505,0.1579423806529157,-0.006323393093649259,-0.05143947009504401,-0.002632359945902756,-0.08451568879648169,-0.013560014672433778,0.02494879517587508,-0.004237893333509313,0.5748502572710001,0.8182426256515505,0.002633283792149327,0.0,0.8182085969946897,-0.5747892742209555,-0.011520804908390823,0.0,-0.007913382735293295,0.008777482096350722,-0.9999301646523787,0.0,0.6597041410050446,0.2581400201513766,0.3038125362274691,1.0,-0.009240000000000007,-0.01214400000000001,-0.0046200000000000034,0.46300000000000036
0.46338698081295016,0.5348858232149216,-0.12406847905315234,-1.374999002450629,0.0783704331496468,1.901205361980905,0.15783348479028309,-0.004724546111689096,-0.04979664547714132,-0.0011794178182228995,-0.0855454294487439,-0.006208282094369746,0.03116948768040937,-0.005494886626997807,0.5749176645856029,0.8181952242131121,0.002645925830339909,0.0,0.8181612535368914,-0.5748565141815238,-0.011528148820104438,0.0,-0.007911400927999135,0.008792699677481794,-0.9999300466371327,0.0,0.6595305070607498,0.25792353507598154,0.30382651249862835,1.0,-0.009600000000000008,-0.01261714285714287,-0.004800000000000004,0.48100000000000037
0.4632802071601134,0.5340414851969225,-0.1240751358971003,-1.3763649755641154,0.0782955937422698,1.9016993591792468,0.1577083593571732,-0.006063608696376131,-0.051954673869161014,-0.00048814657965748717,-0.08140361515803705,-0.007385228040935477,0.026218926876111513,-0.01158551159234753,0.5749621250050251,0.8181640535188182,0.002623593065004883,0.0,0.8181297310662482,-0.574900973644189,-0.011548183824309138,0.0,-0.007940155553559036,0.0087863769652569,-0.9999298742959976,0.0,0.6593670516315883,0.2577196089397034,0.3038149860706245,1.0,-0.009920000000000009,-0.0130377142857143,-0.004960000000000004,0.4970000000000004
0.4631475788284001,0.5330693167479352,-0.12406958891288193,-1.3779264460971157,0.07821084946467163,1.9022861587526478,0.15761867717631248,-0.006283615467313451,-0.05209084373370551,0.001459848366737665,-0.08948690448806951,-0.0054683069187690045,0.03513822619521339,-0.005994362227498696,0.5750561717887351,0.8180979494177155,0.0026251376006543835,0.0,0.8180635417662309,-0.5749948871153882,-0.01156150186008318,0.0,-0.007949153311406498,0.008796211717336036,-0.9999297163406313,0.0,0.659184076658299,0.25748890144665815,0.3038080380768957,1.0,-0.010280000000000008,-0.013510857142857156,-0.005140000000000004,0.5150000000000003
0.46302342781551287,0.5321802829689573,-0.12407233230795224,-1.3793529664998363,0.07812392275225742,1.9028334982272057,0.15751113295856217,-0.010847892549029445,-0.05080930946777285,-0.0001705106029096781,-0.08663520211335325,-0.003070357998278656,0.0305567361205072,-0.0041246297869891885,0.5751264193469909,0.8180485521973799,0.002629623183649907,0.0,0.8180142341621139,-0.5750651457907112,-0.011555851595035874,0.0,-0.007941195919876187,0.008797314120624372,-0.999929769869677,0.0,0.6590218916863039,0.25727088828884676,0.30380334704725653,1.0,-0.010600000000000007,-0.013931428571428582,-0.0053000000000000035,0.5310000000000004
0.46289703791261905,0.5312055222772049,-0.12407233231077933,-1.380918999908061,0.07804171308240779,1.9034093149211746,0.1573942537546727,-0.009106005900501105,-0.057270515609037266,-0.0002517705999145351,-0.09219673856878081,-0.010354605020294798,0.03302663839747511,-0.008164396680166197,0.5751975399130459,0.8179985734282779,0.0026212303390770447,0.0,0.8179640228225237,-0.5751361485530669,-0.011576480326363622,0.0,-0.007962133366339053,0.008803004602589301,-0.9999295532897421,0.0,0.6588344369484688,0.25704027554114295,0.3037948822520038,1.0,-0.010940000000000007,-0.014378285714285725,-0.0054700000000000035,0.5480000000000004
0.4627668164442138,0.530177094009074,-0.12407256907085228,-1.3825533813661819,0.0779293346949038,1.9039875899484435,0.15727067222824356,-0.00907860733551337,-0.060803719418790474,-0.000738478479918786,-0.09821054481968787,-0.0018110346708613146,0.04016456708537624,-0.013183199813203081,0.5752616613003385,0.8179535828683129,0.0025892493260423364,0.0,0.8179186826433276,-0.5752004415348693,-0.011585661064571047,0.0,-0.007987349403307586,0.008782751124234517,-0.999929530283109,0.0,0.658635195435085,0.2567949356134556,0.30379164089051686,1.0,-0.011280000000000009,-0.014825142857142872,-0.005640000000000004,0.5650000000000004
0.4626200250564197,0.529144797281163,-0.124077717480482,-1.3842195947924638,0.07782799042617176,1.9045828694968112,0.1571674766821272,-0.006036750040114465,-0.06524381232455678,-0.0004551798246145081,-0.0944013953182211,-0.00948412621754338,0.036880719065504684,-0.00560198195846144,0.5753640733712344,0.8178816616049102,0.002552956180693163,0.0,0.8178462764213728,-0.5753029489065319,-0.011607412474452728,0.0,-0.008024921086955406,0.008766582612729182,-0.9999293713412173,0.0,0.6584363118904657,0.25653505620016825,0.30377740363214845,1.0,-0.011620000000000009,-0.015272000000000015,-0.005810000000000004,0.5820000000000004
0.4624928952129976,0.5282120568914026,-0.12408025212864111,-1.3857001917077547,0.07774578079082006,1.9051405168649274,0.15707113971469877,-0.00730012151159151,-0.05389314237180782,-0.0014281428557348591,-0.10633250626836639,-0.012126304831449775,0.04084869653862388,-0.008284577010405166,0.5754492562786793,0.8178217009088442,0.0025623957711667263,0.0,0.81778638801251,-0.5753880339405162,-0.011609516817161776,0.0,-0.008020297340769034,0.008776349172469153,-0.9999293227652487,0.0,0.6582635641177665,0.25631091234821773,0.30377786007301755,1.0,-0.011920000000000009,-0.01566628571428573,-0.005960000000000004,0.5970000000000004
0.4623396421699002,0.5270917020025375,-0.12407622702633797,-1.3874407764229664,0.07762933459848854,1.905813735424364,0.1569302852851619,-0.010590977037471921,-0.06778008271569366,0.0012342331702077998,-0.10201790038347645,-0.00722392584448545,0.04677092496023588,-0.009164904006079756,0.5755194351754762,0.8177721977696196,0.002599844525190455,0.0,0.8177374690299499,-0.5754581849507544,-0.011578256297187079,0.0,-0.007972427780810143,0.008789671034779359,-0.9999295885603048,0.0,0.6580646066275481,0.25604733031716226,0.30379617556849303,1.0,-0.012260000000000009,-0.01611314285714287,-0.006130000000000004,0.6140000000000004
0.46218002943412917,0.5258500116571627,-0.12409356403967194,-1.389353134511666,0.07751067954281574,1.9065298542184212,0.15679096352749805,-0.0063460418008074145,-0.06905977127078813,-0.0018643791569615646,-0.10696388177595835,-0.00628843152100605,0.03107880513245265,-0.004313491748279424,0.5756194577047108,0.8177016959530004,0.002631206668114148,0.0,0.8176674732665662,-0.5755582002434338,-0.01155024656089199,0.0,-0.007930396311851884,0.00880016820020317,-0.9999298304651109,0.0,0.6578431857274408,0.2557509280776917,0.3038222162355506,1.0,-0.01262000000000001,-0.01658628571428573,-0.006310000000000005,0.6320000000000005
0.4620370718350477,0.5247632150232355,-0.12409964082018077,-1.3910709708794036,0.07740458215161823,1.9071545220049329,0.15666502273630667,-0.006780540783361714,-0.06715646550096749,-0.001551743931110297,-0.11413982794166773,-0.004113833161949787,0.04049741853388433,-0.010596660801662272,0.5757014628845324,0.8176439927624483,0.0026217614877816365,0.0,0.8176096610533362,-0.5756402413720138,-0.011554287802650873,0.0,-0.007938255432855534,0.008795567253888137,-0.9999298085852651,0.0,0.6576369810070325,0.2554889669765445,0.3038232971852511,1.0,-0.012940000000000009,-0.017006857142857157,-0.006470000000000004,0.6480000000000005
0.4618828462474655,0.5235838193030119,-0.12410428455633739,-1.3929512433972873,0.07728117283751451,1.9078256042943897,0.1565249486152929,-0.009459124333715084,-0.06801030167988077,0.0012708299335766116,-0.11235752523803244,-0.00675090924588349,0.04007631422408621,-0.009420054963424412,0.5757838385986105,0.8175860910715166,0.0025887827748406348,0.0,0.8175513793460343,-0.5757227693354908,-0.011566412550064995,0.0,-0.00796627021157642,0.008776385317903326,-0.999929754332607,0.0,0.6574072612508626,0.2552027725778609,0.30381585728062344,1.0,-0.01328000000000001,-0.0174537142857143,-0.006640000000000005,0.6650000000000005
0.4617415772463522,0.5224505981998251,-0.1241074087632368,-1.3947790869957801,0.07717117968481148,1.908517707658213,0.1563957276651532,-0.008397750509017952,-0.07725313883812478,0.00045341034315938113,-0.11775005645947566,-0.004455845470211839,0.046374252710045055,-0.006955835046341656,0.5758643123022322,0.8175294300909626,0.0025829543224201463,0.0,0.8174946486063377,-0.5758032589507605,-0.011569502275048885,0.0,-0.00797128855679241,0.008774183737699517,-0.9999297336605615,0.0,0.6571878842798462,0.2549351872748799,0.30380242879191927,1.0,-0.01360000000000001,-0.01787428571428573,-0.006800000000000005,0.6810000000000005
0.4615825593375123,0.521294439189396,-0.12410498399534403,-1.396620051155734,0.07706136012459905,1.909250424772775,0.1562540807996093,-0.012094361134895494,-0.07462586762360578,0.0005954125313942012,-0.11785188961161665,-0.0052069755938806035,0.04424849842480318,-0.0050850360793060784,0.5759526278195428,0.8174671120753059,0.0026149730841475366,0.0,0.8174327790934732,-0.5758914935316104,-0.011549296197609568,0.0,-0.00793538183487802,0.008789581436588562,-0.9999298840285276,0.0,0.6569631012826492,0.2546416367851107,0.30379729774230346,1.0,-0.01394000000000001,-0.018321142857142873,-0.006970000000000005,0.6980000000000005
0.4614117200838622,0.5200375015831371,-0.12411319061495785,-1.3986333601153558,0.0769299754508989,1.9099876899984625,0.1561123680510103,-0.010562061758211937,-0.07306492284338144,5.439329233411665e-05,-0.1177719934551756,-0.0017961563838881228,0.04815609918788647,-0.006739440656714372,0.5760473272944452,0.8174004454611794,0.002595260680541788,0.0,0.8173659235901619,-0.5759863203213218,-0.011552171116876292,0.0,-0.007948068192260793,0.008776043905473235,-0.9999299021758377,0.0,0.6567346011909263,0.2543500533480756,0.3037905568550484,1.0,-0.01426000000000001,-0.018741714285714303,-0.007130000000000005,0.7140000000000005
0.46123573935506723,0.518605346987037,-0.12411919370243406,-1.400828256948051,0.07678632395628125,1.910771878462041,0.15594198792329214,-0.007466415931271313,-0.08447674334759535,0.0007968457925559994,-0.11970869215430255,-0.011915510953528148,0.04718287195929487,-0.011637302690684052,0.5761336939544746,0.817339537435655,0.0026065563583949685,0.0,0.8173052171681778,-0.576072699805526,-0.011540079274350148,0.0,-0.00793074978900149,0.008779149637253167,-0.9999300124205848,0.0,0.6564641932056613,0.2540193294126586,0.3038193130023224,1.0,-0.014620000000000011,-0.019214857142857162,-0.007310000000000006,0.7320000000000005
0.4610878308592651,0.5174163722574249,-0.12413019557102703,-1.4026869371252495,0.07666710486486136,1.911445231546613,0.15580100948250025,-0.011766563934194188,-0.07545442644558188,0.001307693870838511,-0.12170270493041192,-0.004661840056495846,0.042673263301496636,-0.0017816728712047932,0.5762183757289515,0.817279848186147,0.002603866802586152,0.0,0.8172455292536943,-0.5761574199699648,-0.011537730695899655,0.0,-0.007929470279508799,0.008776419917654738,-0.9999300465305136,0.0,0.656221784780482,0.25372015442074713,0.30382491166358927,1.0,-0.01494000000000001,-0.01963542857142859,-0.007470000000000005,0.7480000000000006
0.46088949471316937,0.5159942339788829,-0.12413443388950095,-1.4049404946854607,0.07652584444056443,1.9122879473941958,0.15563358909501832,-0.01376341835617773,-0.08086912433525947,-0.0079899601508989,-0.12650432121923397,-0.009034042478506978,0.049848721023978505,-0.010355258210193403,0.5763225976771593,0.8172063501913343,0.0026060534947987476,0.0,0.8171721239415406,-0.5762616929944644,-0.011529438027649708,0.0,-0.007920313661967326,0.008774438878441468,-0.9999301364864769,0.0,0.6559674403453138,0.2533902591068974,0.30382566983422166,1.0,-0.015280000000000012,-0.020082285714285733,-0.007640000000000006,0.7650000000000006
0.46073613882189735,0.5148676746380486,-0.12413834143124568,-1.4067277392770667,0.07641392397484865,1.9129757516525927,0.15549475356145948,-0.014377740334886115,-0.07918964169966813,-0.00048281324994938244,-0.12846219823885882,-0.012192078990394838,0.04757588686527578,-0.008728591141939378,0.576401366142006,0.817150738780781,0.0026233796639421715,0.0,0.8171167922328146,-0.5763404562704522,-0.011514044395021246,0.0,-0.007896902091095337,0.008780487546513366,-0.9999302685566676,0.0,0.6557562313211404,0.25311864883444224,0.3038245917458403,1.0,-0.015560000000000011,-0.020450285714285733,-0.007780000000000006,0.7790000000000006
0.4605429311496845,0.5134599559271615,-0.12413663046901001,-1.4089774534299864,0.07628920730816068,1.9137676679622828,0.15532488262863112,-0.01766711063524221,-0.08016274024177923,-0.0001793780114813106,-0.12758840589664958,-0.007995499453260186,0.041252380939421726,-0.012659330185939531,0.5765036633459798,0.8170786872828328,0.002586858719839876,0.0,0.8170440759617296,-0.5764426489256231,-0.011558431410138022,0.0,-0.007953125393092286,0.008777224631645902,-0.9999298516017249,0.0,0.6554722058780441,0.25277809402204404,0.3038089785533732,1.0,-0.01590000000000001,-0.020897142857142875,-0.007950000000000006,0.7960000000000006
0.4603502387513064,0.5120537575343659,-0.12413942035583245,-1.4112677405802359,0.07614219770244386,1.9145719948830018,0.15514442195615608,-0.013427600644221578,-0.08122848221259393,0.0011747960756228286,-0.1344278117887988,-0.0011826255581228453,0.05879763392319663,-0.01058694695090144,0.5765956797043615,0.8170139877093725,0.0025125554129313936,0.0,0.8169783966774814,-0.5765348871336418,-0.011600438840814836,0.0,-0.008029299533998446,0.008741634714665297,-0.9999295546044775,0.0,0.6551821760591494,0.25242777339487277,0.30377375954335795,1.0,-0.01624000000000001,-0.02134400000000002,-0.008120000000000006,0.8130000000000006
0.4601442122505492,0.5105298607248463,-0.12414792422321722,-1.4137228532394355,0.0759915707166192,1.915498680007122,0.1549451121756078,-0.016166627090308246,-0.07892923688414352,-0.0012428273739771337,-0.13967330833723088,-0.010380170814606217,0.04558653090051653,-0.009692690621247821,0.5766949131080241,0.8169439779499693,0.0025021965983663425,0.0,0.8169082854068632,-0.5766341794346764,-0.011602725650667087,0.0,-0.008036079485267189,0.008735466178643334,-0.999929554047258,0.0,0.6548843294126058,0.2520550689914129,0.30375283952745574,1.0,-0.016600000000000014,-0.02181714285714288,-0.008300000000000007,0.8310000000000006
0.45993686028207426,0.5089473699998829,-0.12414477722476377,-1.4162372623437542,0.0758427979497647,1.9164359486575528,0.1547552093913573,-0.013856139851649112,-0.08789588217530826,0.0002918810259771554,-0.14924255346315296,-0.014292494986481427,0.059074470806060694,-0.008328636106115363,0.5767976917946429,0.8168714005455118,0.0025069129211745273,0.0,0.8168356892092621,-0.5767368421408599,-0.011611143467672374,0.0,-0.008039136762986343,0.008745185066917141,-0.9999294445200878,0.0,0.654572524716112,0.25168313374418216,0.3037446952452444,1.0,-0.016960000000000013,-0.022290285714285735,-0.008480000000000007,0.8490000000000006
0.45973869580859394,0.5075414861044868,-0.12415112843328453,-1.4184737877827114,0.07569267658980824,1.917215794715072,0.1545752980623927,-0.013162725926981835,-0.09371321078698343,-0.001953470224884957,-0.14357493702394536,-0.013363354765981444,0.04961682269804333,-0.00955139329984441,0.5768921189883157,0.8168048762678063,0.0024543951418966497,0.0,0.8167685301456774,-0.5768314901705408,-0.011633873495580295,0.0,-0.008086987893482167,0.008716330461722377,-0.9999293106065512,0.0,0.6542899230377693,0.25133161156385525,0.30373135307163157,1.0,-0.017280000000000014,-0.022710857142857165,-0.008640000000000007,0.8650000000000007
0.459521653777962,0.5059810899132899,-0.12415180414364747,-1.4208991618162568,0.07554432271901718,1.9181068887187769,0.15438859528679272,-0.015660086814731574,-0.0898394541861123,-0.0001764150116489764,-0.1420581900289475,-0.00504510414656514,0.05202725917051381,-0.01338482400378906,0.5770025619492858,0.8167267994819032,0.0024749572150440345,0.0,0.8166906840112522,-0.576941808628971,-0.011628542745035183,0.0,-0.00806959157150805,0.008731141558005931,-0.9999293219317869,0.0,0.6539908559123083,0.2509585054418231,0.30374512743480175,1.0,-0.017620000000000014,-0.02315771428571431,-0.008810000000000007,0.8820000000000007
0.45929981513810964,0.5043601863020887,-0.12416070610317291,-1.423359943403745,0.07539402373082216,1.9190748767964876,0.1541942785425908,-0.013452889827431232,-0.09585492683442767,0.00044658121545702655,-0.14935785952628386,-0.005523923731195133,0.052579953226117776,-0.007359173113696717,0.5771177660232798,0.8166450760213639,0.0025789244983051443,0.0,0.8166103941929104,-0.5770567370988744,-0.011564305690723743,0.0,-0.007955900719461617,0.008780111861356549,-0.9999298041759952,0.0,0.6537024007601546,0.25057893525451175,0.30379064832455455,1.0,-0.017960000000000014,-0.02360457142857145,-0.008980000000000007,0.8990000000000007
0.45907739567325734,0.502696046616952,-0.12416641605955374,-1.4258463252144518,0.07523488404131128,1.9200189050052585,0.1540012312312241,-0.013593051124413854,-0.09687286631755054,-0.002937953422829536,-0.15141647422477458,-0.00886005624975487,0.05569657318428824,-0.004653047310298324,0.5772302935190505,0.8165652280459359,0.0026764699526839056,0.0,0.8165318980553444,-0.5771690290611384,-0.01150296709408289,0.0,-0.007848298488548955,0.008825454079949793,-0.9999302553534009,0.0,0.6534029668220671,0.2501954826879803,0.30385132386484004,1.0,-0.018300000000000014,-0.024051428571428595,-0.009150000000000007,0.9160000000000007
0.45890324708052666,0.5014078745174018,-0.12416679123755303,-1.427770356874835,0.07510999774367395,1.9207261504969038,0.15384132981048798,-0.007483570701390789,-0.09954219460518113,-0.000694003462191428,-0.1486797316303525,-0.01428851799597971,0.056337606876776476,-0.003874009146800945,0.5773065856106104,0.8165111022799523,0.002733672512351663,0.0,0.8164785451760271,-0.5772451665587062,-0.011469518431829345,0.0,-0.007787139819256106,0.008853583939276238,-0.9999304848362539,0.0,0.6531655592283342,0.24989804683260927,0.3038959697999491,1.0,-0.018560000000000014,-0.02439314285714288,-0.009280000000000007,0.9290000000000007
0.45864680763359467,0.49948333109015924,-0.12416669499672385,-1.4306758317289998,0.07492203274647581,1.9217554288992138,0.15361519257295267,-0.012757966768898258,-0.10702664666102142,7.775267960804569e-05,-0.15411251284202435,-0.0024068788062548236,0.05227628884956101,-0.015889352472073293,0.5774279408164806,0.8164251599147041,0.002770978869828496,0.0,0.8163930730384492,-0.5773663758951484,-0.011452736867120812,0.0,-0.007750581723160899,0.008875509101812007,-0.9999305745006182,0.0,0.6527957186860681,0.24945093677392127,0.30394485191488196,1.0,-0.018940000000000016,-0.024892571428571455,-0.009470000000000008,0.9480000000000007
0.45840595460738387,0.49792356392933707,-0.1241674314887954,-1.4331383404105285,0.07477489696346512,1.9226851782185244,0.15342672955341674,-0.0174545997414131,-0.09480405360138626,-0.0004786621883630605,-0.1580138786221877,-0.002581979343967403,0.05853711272816036,-0.007237274245966101,0.5775566904261659,0.8163340106470425,0.0027927237773228966,0.0,0.8163021656448269,-0.57749499685175,-0.011447701776821292,0.0,-0.007732513170010835,0.00889157440904366,-0.9999305716621548,0.0,0.6524961407133574,0.24906108817950331,0.303941032522608,1.0,-0.019260000000000017,-0.025313142857142885,-0.009630000000000008,0.9640000000000007
0.4581494822090372,0.4962394100021997,-0.12416501753013726,-1.4358159581111765,0.07460299135006875,1.9236416100834315,0.15321174313532399,-0.0057641133459729555,-0.09637624497706737,-0.0007214845831720346,-0.15614924176421538,-0.007716369993251359,0.04931927860295131,-0.014763702940053131,0.5776775102025313,0.8162486409631847,0.0027563078868137938,0.0,0.8162162887230957,-0.5776158732179265,-0.011472572989387204,0.0,-0.007772534569414735,0.008877361710801404,-0.999930387654772,0.0,0.6521565190967128,0.24863709171347523,0.3039231367385927,1.0,-0.019600000000000017,-0.025760000000000026,-0.009800000000000008,0.9810000000000008
0.4578796469024702,0.49456026481566473,-0.12416964904722748,-1.4385444710837365,0.07443408165086794,1.9245764784608876,0.1529816844248709,-0.015720704790704823,-0.09892381918090688,0.00019184956038879414,-0.15170737969721879,-0.008361591176534648,0.05347226640927753,-0.018755452032318574,0.5778047461950225,0.8161589087278909,0.0026566670495570648,0.0,0.8161251475983836,-0.5777432777559008,-0.011541029702440163,0.0,-0.007884594481299134,0.008836804661860334,-0.9999298695674781,0.0,0.6518035922357169,0.2481933889234021,0.30387530470259017,1.0,-0.019940000000000017,-0.02620685714285717,-0.009970000000000008,0.9980000000000008
0.45760458552260697,0.49280141145542045,-0.12420367298756489,-1.441381956125507,0.07425885536253668,1.9256114244774705,0.1527875511868374,-0.01522528953369522,-0.10810170022118198,-0.003909241108620804,-0.17426953106501472,-0.006786358503588793,0.06474161746077675,-0.009546941426071829,0.5779902285442942,0.8160277206587001,0.002608011711885596,0.0,0.8159934126758295,-0.5779289901676092,-0.01155766822111757,0.0,-0.007924284646647906,0.008808509264741957,-0.9999298054750502,0.0,0.6514532243157433,0.2477229807098295,0.3038400298236014,1.0,-0.022571999999999853,-0.029666057142856955,-0.02162286878399928,1.014999999999999
