position_joint1,position_joint2,position_joint3,position_joint4,position_joint5,position_joint6,position_joint7,velocity_joint1,velocity_joint2,velocity_joint3,velocity_joint4,velocity_joint5,velocity_joint6,velocity_joint7,ee_T_00,ee_T_10,ee_T_20,ee_T_30,ee_T_01,ee_T_11,ee_T_21,ee_T_31,ee_T_02,ee_T_12,ee_T_22,ee_T_32,ee_T_03,ee_T_13,ee_T_23,ee_T_33,v_x,v_y,time
0.465070531125,0.547856755114,-0.123991573648,-1.35584233005,0.0794843747748,1.89409705988,0.159165251176,0.000844666454125,-0.000131622010696,0.00134274360152,-6.82747180419e-05,0.000271811280948,-0.00029646632881,0.000483231055729,0.57381190286,0.818973257107,0.00185773535651,0.0,0.818929048017,-0.573753851533,-0.0119364595202,0.0,-0.00870992600873,0.00837079716147,-0.99992703081,0.0,0.66167462927,0.260881731163,0.303156175324,1.0,0.0,0.0,0.0
0.465071953132,0.547856740938,-0.123991127918,-1.35584164411,0.0794837644233,1.89409791421,0.159167179659,0.000513423424596,-0.000904107529511,0.000637396094621,0.000759447968171,-5.32387777617e-05,-0.000126114307361,0.00101642010902,0.57381181302,0.81897331774,0.00185875505592,0.0,0.818929127244,-0.57375376249,-0.0119353039839,0.0,-0.00870839545864,0.00837096824073,-0.999927042708,0.0,0.661674518451,0.26088297107,0.303156570122,1.0,-8e-05,-0.000105142857143,0.005
0.465061098222,0.547853134335,-0.123986862651,-1.35584474066,0.0794805691474,1.89409779228,0.15916753609,-0.0013690756474,-0.000510689334531,0.00156048567278,-0.00266875372497,-0.00148996713688,0.000433523329225,0.000289211847874,0.57381732983,0.818969452796,0.00185856804857,0.0,0.818925264564,-0.573759283936,-0.0119349091538,0.0,-0.0087081230045,0.00837064719417,-0.999927047769,0.0,0.661675911407,0.260877410833,0.303157493596,1.0,-0.00044,-0.000578285714286,0.023
0.465068345257,0.547838542813,-0.123994187798,-1.35585748739,0.0794840155253,1.89409744814,0.159161322114,0.00108739457657,-0.00213723982768,2.91267309277e-05,-0.00126034673358,0.000114399121487,0.000406354524401,-0.00099354393796,0.573813005088,0.818972477868,0.00186080311424,0.0,0.818928310268,-0.573754942108,-0.0119346533161,0.0,-0.00870667524621,0.00837228482653,-0.999927046665,0.0,0.661672905504,0.26087718115,0.303161982815,1.0,-0.00076,-0.000998857142857,0.039
0.465063080873,0.547796145227,-0.123990921864,-1.35590003717,0.079484355772,1.89410516388,0.159165712575,-0.000864450417671,-0.00360621913991,0.000830021250593,-0.00460374795862,2.24668831835e-05,8.389107395e-05,0.00129695139273,0.573817324823,0.818969427431,0.00187124736828,0.0,0.818925337216,-0.573759160678,-0.0119358495583,0.0,-0.00870161809232,0.00838157051631,-0.999927012896,0.0,0.661663804283,0.260871692061,0.303175303551,1.0,-0.00108,-0.00141942857143,0.055
0.465067967145,0.547662692384,-0.123983707827,-1.35607254427,0.0794803370188,1.89413185872,0.159163567179,0.000773599779091,-0.00755507337267,0.00123143452527,-0.00695096759741,-0.000108106612308,0.00169002051041,0.000443784148984,0.573818523513,0.818968597396,0.0018669368789,0.0,0.818924310626,-0.573760242347,-0.0119542741202,0.0,-0.00871916882407,0.00838862542891,-0.99992680085,0.0,0.661633012763,0.260861519012,0.303186835397,1.0,-0.00142,-0.00186628571429,0.072
0.465054137277,0.54751362792,-0.123988898151,-1.35627260946,0.0794768340371,1.89418674534,0.159158768526,-0.00138171156004,-0.0120511661892,-0.000403009209418,-0.0105151732658,-2.4670537334e-05,0.00680518605211,-0.000558684331407,0.573839655797,0.818953772631,0.00187473469563,0.0,0.818909510771,-0.573781265026,-0.0119590958961,0.0,-0.00871842691284,0.00839800323266,-0.999926728603,0.0,0.661607023413,0.260830735484,0.303202139995,1.0,-0.00176,-0.00231314285714,0.089
0.465034752144,0.547357095101,-0.123991748726,-1.35648359488,0.0794753868365,1.89431428441,0.159146446685,-0.00110094780545,-0.00873729129498,0.000444179492444,-0.0141883767931,0.000531587411766,0.00657485962024,-0.000311921695389,0.57385917841,0.818939938964,0.00194077937884,0.0,0.818896516668,-0.573800486477,-0.0119265925074,0.0,-0.00865370939904,0.00843364442425,-0.999926990813,0.0,0.661594015259,0.260801713213,0.303223767976,1.0,-0.00208,-0.00273371428571,0.105
0.465006786637,0.547153859023,-0.123989322462,-1.35671661842,0.0794694291096,1.89443941071,0.159138255672,-0.00251381898154,-0.0157184076661,-0.000217318215649,-0.0145742978986,0.00039003069982,0.0155944569728,-0.000765353690148,0.57388532234,0.818921410519,0.00202659742309,0.0,0.818879076458,-0.573826244089,-0.0118847227394,0.0,-0.00856990411901,0.00848016943593,-0.999927319094,0.0,0.661577979381,0.260767174925,0.303267588338,1.0,-0.00242,-0.00318057142857,0.122
0.464975112043,0.546939084957,-0.123996664013,-1.35702718965,0.0794637036217,1.89456331722,0.159113229012,-0.00157013266804,-0.00872695983863,-0.00681504326455,-0.023415478065,-1.5063169302e-05,0.00530677589865,-0.0050789578776,0.57391180136,0.818902781435,0.00205565551827,0.0,0.818860757846,-0.573852534405,-0.0118774963004,0.0,-0.00854703618479,0.00850009458612,-0.999927345643,0.0,0.661547390074,0.260715416387,0.303282880452,1.0,-0.00276,-0.00362742857143,0.139
0.464940666335,0.546709447089,-0.12399669032,-1.35738526218,0.0794569476013,1.8946974184,0.159076396662,0.000224429873025,-0.0164797719213,-0.00207378606515,-0.0240911252707,0.00025516593791,0.0112154186713,-0.000397028383136,0.57392812704,0.818891307754,0.00206832730358,0.0,0.818849315664,-0.573868673797,-0.0118865626772,0.0,-0.00854701916538,0.0085158450078,-0.999927211775,0.0,0.661507406049,0.260661137136,0.303286721822,1.0,-0.00308,-0.004048,0.155
0.464900146009,0.546409100961,-0.123990042388,-1.35784638778,0.079439249106,1.89486644102,0.1589348545,-3.96594278183e-05,-0.0173981999439,0.00056103655758,-0.0281334804021,8.01384633978e-05,0.00611852256496,-0.00204219296208,0.573861840333,0.818937722891,0.00208353941694,0.0,0.818895790838,-0.573802195838,-0.0118941456335,0.0,-0.00854518956965,0.00853196222771,-0.99992709002,0.0,0.661453241053,0.260595999195,0.30329436517,1.0,-0.00344,-0.00452114285714,0.173
0.464857860028,0.546110350463,-0.123986913215,-1.35834626102,0.0794131145358,1.89503450454,0.158922153561,-0.00305521128282,-0.0198747967158,0.00155109593275,-0.0297214197432,-0.000611440824392,0.00721422911686,-0.000410273050653,0.573904819477,0.818907669574,0.0020576188735,0.0,0.818865323199,-0.573845199076,-0.0119170826976,0.0,-0.00857840086873,0.00852434805824,-0.99992687059,0.0,0.661391642487,0.260521599171,0.30328243483,1.0,-0.00378,-0.004968,0.19
0.464811774856,0.545813190542,-0.123990308861,-1.35885451163,0.0793422536438,1.89520885301,0.158860105482,-0.00168203995708,-0.0187172038856,0.00560497360218,-0.0308844947209,-0.00206572401966,0.0141962870063,-0.00500846165085,0.573900877279,0.818910593984,0.00199224016863,0.0,0.818867815057,-0.573841940407,-0.0119027641962,0.0,-0.008604234392,0.00846255109852,-0.999927173538,0.0,0.661329788017,0.260427658918,0.303262638721,1.0,-0.0041,-0.00538857142857,0.206
0.464745751249,0.545421330782,-0.123992056177,-1.35954333586,0.0792963466997,1.89543877774,0.158749435755,-0.00548092820808,-0.0177963735863,0.00275955597513,-0.0390212424254,-0.000290935566992,0.0125022277247,-0.0042908521363,0.573894508711,0.818915176718,0.00194245072499,0.0,0.818871690993,-0.573835722402,-0.0119358404644,0.0,-0.00865996001922,0.0084406937187,-0.999926877218,0.0,0.661252363465,0.260319948351,0.303235564065,1.0,-0.00444,-0.00583542857143,0.223
0.464683602976,0.544976122927,-0.123994922344,-1.36028572653,0.0792762430698,1.89567763938,0.158682721121,-0.00221360593978,-0.0250920933002,0.00105096769863,-0.0385757096111,-0.000363016203455,0.0157153024686,-0.00359384173395,0.573928670202,0.818891321776,0.00190566044514,0.0,0.818847088718,-0.573869775222,-0.0119863791979,0.0,-0.00872210890098,0.00843993367604,-0.999926343455,0.0,0.661159042428,0.260207867912,0.303218169114,1.0,-0.0048,-0.00630857142857,0.241
0.46461215254,0.544599641732,-0.123998484785,-1.36091018249,0.0792524778907,1.89590795503,0.158582217409,-0.00745421737796,-0.0248870316883,-0.00150865745511,-0.0387384233148,-0.00377571042441,0.0153955716564,-0.0150547057219,0.573935921737,0.818886260086,0.00189675595029,0.0,0.818841791188,-0.573876948291,-0.0120048376106,0.0,-0.00874226037308,0.00844331313907,-0.999926138946,0.0,0.661092028716,0.26010116769,0.303207496633,1.0,-0.0051,-0.00670285714286,0.256
0.46455220281,0.544113123556,-0.123998839671,-1.3617107315,0.0792151168248,1.89619498581,0.158485728403,-0.00478585002948,-0.0393473071587,-0.000131471331385,-0.0471818698772,-0.00443547928068,0.0151439684379,-0.00601274131425,0.573940910877,0.818882804397,0.0018789323416,0.0,0.818837980822,-0.573881896024,-0.0120281952482,0.0,-0.00877156588177,0.0084421770397,-0.999925891893,0.0,0.6609956632,0.259986122682,0.303195641671,1.0,-0.00544,-0.00714971428571,0.273
0.464467810969,0.543561639912,-0.124003707693,-1.36260321753,0.0791644960154,1.89649284505,0.158391943222,-0.00129775106581,-0.0312355779064,-0.00121017858014,-0.0537859251944,-0.00936318085624,0.0137802134244,-0.00531799149191,0.573972654506,0.81886063672,0.00184293564133,0.0,0.818815284642,-0.573913736479,-0.0120540291496,0.0,-0.0088130535831,0.00842786924284,-0.999925647789,0.0,0.660890012707,0.259840841876,0.303187004453,1.0,-0.0058,-0.00762285714286,0.291
0.464393892846,0.543078158977,-0.124007717423,-1.3633648103,0.0791155575126,1.89676511151,0.158273785002,-0.00741590779737,-0.0344096905748,-0.00509330607062,-0.0531698302706,-0.00183748229133,0.0182518018871,-0.00959983845148,0.573972334206,0.818860869582,0.00183922146377,0.0,0.818815504721,-0.573913466652,-0.0120519261931,0.0,-0.00881346648293,0.00842361744061,-0.999925679977,0.0,0.660798784169,0.259708080531,0.303193501375,1.0,-0.00612,-0.00804342857143,0.307
0.464313673997,0.542448050845,-0.124008075498,-1.36434069376,0.0790622313702,1.89712242976,0.15815440208,-0.0048497915324,-0.0367411373497,-0.000465745290559,-0.055656362691,-0.00390843930215,0.0258441944944,-0.00422720846966,0.573976691795,0.818857794968,0.00184818780886,0.0,0.818812473472,-0.57391771388,-0.0120556162309,0.0,-0.00881129724649,0.00843312431673,-0.999925618961,0.0,0.660691316129,0.259571017279,0.303202397623,1.0,-0.00646,-0.00849028571429,0.324
0.464231951739,0.541833140371,-0.124004104981,-1.3652981692,0.0790048120875,1.89748036899,0.158022902679,-0.00556341491213,-0.0341652342185,0.00169991234583,-0.0567170855021,-0.00076953832386,0.0164090302738,-0.00519681369704,0.573971022327,0.818861737484,0.00186207260397,0.0,0.81881656842,-0.573911956652,-0.012051563937,0.0,-0.00880006828186,0.00844210691001,-0.99992564205,0.0,0.660581582483,0.259428750392,0.303212382716,1.0,-0.0068,-0.00893714285714,0.341
0.464156708871,0.541217168172,-0.124019403676,-1.36623457092,0.078954706654,1.8978332314,0.157912505642,-0.00616072512986,-0.0378657532204,-0.0016847941602,-0.0600219348755,-0.000462794522072,0.0214919559111,-0.00193208904478,0.573991558201,0.818847280613,0.00188919211815,0.0,0.818802487507,-0.573932392919,-0.0120350202385,0.0,-0.00877074390534,0.00845503801106,-0.999925790438,0.0,0.660477900446,0.259282955978,0.303233266196,1.0,-0.00712,-0.00935771428571,0.357
0.464061863493,0.54051886491,-0.124011644207,-1.36730035016,0.0788876959707,1.89821924729,0.157770376522,-0.00823455485098,-0.0443375698517,-0.000359506122391,-0.066616502251,-0.00255110889528,0.0270419931343,-0.0110640046002,0.573988467124,0.818849408765,0.00190585320247,0.0,0.818804796738,-0.573929194933,-0.012030417393,0.0,-0.00875744398325,0.00846600557918,-0.99992581421,0.0,0.660353693054,0.25912283189,0.303252770424,1.0,-0.00746,-0.00980457142857,0.374
0.463970440142,0.539791767004,-0.124017398215,-1.3684339105,0.0788167955034,1.89865283118,0.157636618127,-0.0116049546663,-0.0404216378511,-1.72926748772e-05,-0.07001225206,-5.7024566557e-05,0.0284433619098,-0.00671507403383,0.574001718659,0.818840074785,0.00192504636392,0.0,0.818795774761,-0.573942421714,-0.0120134379424,0.0,-0.00873238677666,0.00847211696945,-0.999925981588,0.0,0.660226286269,0.258952069192,0.303264825095,1.0,-0.0078,-0.0102514285714,0.391
0.463867977887,0.539031519304,-0.124018029133,-1.36960770618,0.078758370123,1.89909178155,0.157473799551,-0.00370080783062,-0.0413180226888,-0.000973924618409,-0.065068445484,-0.00617663763015,0.0253077350754,-0.00911136795446,0.574002025148,0.818839793378,0.00195315345033,0.0,0.818795743097,-0.573942493952,-0.0120121448616,0.0,-0.0087151922486,0.00849439275106,-0.999925942616,0.0,0.660092278383,0.25877504039,0.303281349817,1.0,-0.00814,-0.0106982857143,0.408
0.46375659314,0.538240556961,-0.124022648977,-1.37081041236,0.0786871868142,1.89955320621,0.15733824965,-0.00770996636417,-0.0450803147276,-0.0002929532152,-0.0705206015546,-0.0143775459802,0.0285898428398,-0.0145208912824,0.57403290039,0.818818049822,0.0019943563529,0.0,0.818774563045,-0.573973215616,-0.0119878925257,0.0,-0.008671362601,0.00851453689871,-0.999926152339,0.0,0.659960559589,0.258586257001,0.303307733291,1.0,-0.00848,-0.0111451428571,0.425
0.463654013354,0.537442157353,-0.124026877614,-1.37207607043,0.0786109680141,1.90002689551,0.157180484535,-0.00330684019077,-0.0467972594048,0.000864007787892,-0.0732188534746,-0.0118755856333,0.0302550660411,-0.00747219411476,0.574040097669,0.818812995598,0.0019978511296,0.0,0.818769565895,-0.573980408531,-0.0119848023795,0.0,-0.00866675139228,0.00851570078421,-0.999926182406,0.0,0.65981453868,0.258396164678,0.303310321782,1.0,-0.00882,-0.011592,0.442
0.46354719535,0.536650443286,-0.12403288837,-1.3732943092,0.0785337939259,1.90049076677,0.157033833511,-0.00828809995626,-0.050709037578,-0.000784049547654,-0.0795988569789,-0.00834580855605,0.0267198076767,-0.00201082488217,0.574058146176,0.818800274369,0.00202543912882,0.0,0.81875727498,-0.573998408497,-0.0119623832293,0.0,-0.0086323700337,0.00852561070666,-0.999926395366,0.0,0.659678667162,0.2582069788,0.303329811617,1.0,-0.00914,-0.0120125714286,0.458
0.463432557106,0.535791909709,-0.124033184635,-1.37465567008,0.0784666796362,1.90098916485,0.156869507591,-0.00827989164184,-0.0520476009946,0.00162500511361,-0.0857682770175,-0.00644010177256,0.0222329959966,-0.0108190442744,0.574074511787,0.818788790877,0.00202922446322,0.0,0.818745680446,-0.574014597787,-0.0119791143255,0.0,-0.00864372648878,0.00853848736429,-0.999926187389,0.0,0.65951809188,0.258003817052,0.303331041559,1.0,-0.00948,-0.0124594285714,0.475
0.463312560684,0.534889302373,-0.12403888376,-1.37608892948,0.0783823517183,1.90150787369,0.156690481506,-0.00817676611683,-0.048694724543,0.000249625540773,-0.084618623718,-0.00925923019326,0.0355613296512,-0.0099956332102,0.574086162626,0.818780648617,0.00201847320699,0.0,0.818737370146,-0.574026264918,-0.011988027846,0.0,-0.00865707525509,0.00853492467252,-0.999926102324,0.0,0.659349260897,0.257784648126,0.303330893279,1.0,-0.00982,-0.0129062857143,0.492
0.463194911799,0.534040316502,-0.124044975506,-1.37748266586,0.0782953335161,1.90200695254,0.156523310089,-0.011519492287,-0.0566928524558,-0.00208301260255,-0.0862329874711,-0.00253857452142,0.0299263811134,-0.0126509295339,0.574102848242,0.818769054128,0.00197548587892,0.0,0.818725224127,-0.574043139678,-0.0120094990687,0.0,-0.00869915956251,0.00851223162714,-0.999925930525,0.0,0.659183564233,0.257569039863,0.303309870765,1.0,-0.01014,-0.0133268571429,0.508
0.463052503113,0.533069223303,-0.124038000365,-1.3790581227,0.078218438447,1.90261299411,0.156322924654,-0.00651120043859,-0.0513768962709,0.000393654537192,-0.0903328773085,-0.000985744173304,0.0345687449536,-0.0127383781756,0.57411624338,0.818759635698,0.00198618703446,0.0,0.818715750978,-0.574056297139,-0.0120263758446,0.0,-0.00870669556176,0.00853082457571,-0.999925706482,0.0,0.659002598794,0.257333625834,0.303297183797,1.0,-0.0105,-0.0138,0.526
0.462920268787,0.532107817977,-0.124040341642,-1.38060256947,0.0781322119791,1.90318239339,0.156119769511,-0.00777513500651,-0.0564460100464,0.000305614523509,-0.0920468139407,-0.00427827674983,0.0294248435139,-0.0161648160265,0.574121011459,0.818756314808,0.00197688238944,0.0,0.818712226911,-0.57406102453,-0.0120406197239,0.0,-0.00872365026057,0.00853143481442,-0.999925553502,0.0,0.658820885036,0.257099105807,0.303289316408,1.0,-0.01084,-0.0142468571429,0.543
0.462789125362,0.531165861057,-0.124040376768,-1.38212162771,0.0780273405213,1.90373697144,0.155930677886,-0.00828260622262,-0.0555510196987,-0.000390179020876,-0.0974455847103,-0.0056077289036,0.0309861246731,-0.0040899227881,0.574128109624,0.818751403159,0.00194947846491,0.0,0.818707041011,-0.574068321402,-0.0120453420007,0.0,-0.00874317516782,0.00851178505637,-0.99992555043,0.0,0.658641429202,0.256865425369,0.303278227398,1.0,-0.01116,-0.0146674285714,0.559
0.462650518937,0.53011341409,-0.124040642777,-1.38376005337,0.0779346424499,1.90431183458,0.15571537868,-0.00988990991429,-0.0622660094024,0.000576566632806,-0.0929502367697,-0.000255953197628,0.0349099307376,-0.00699263965,0.574129451084,0.818750474204,0.00194455415072,0.0,0.818705921442,-0.57406956113,-0.0120623414243,0.0,-0.00875990706857,0.00851752744725,-0.999925355091,0.0,0.65844193159,0.256617351225,0.303289736298,1.0,-0.0115,-0.0151142857143,0.576
0.462512473465,0.529064249741,-0.124051072899,-1.38542179669,0.0778331520935,1.90492793124,0.155483109565,-0.00896789037391,-0.0660105851959,-0.0038328113956,-0.096161435727,-0.00155252690993,0.0350240074526,-0.0100686445081,0.574122560412,0.818755307763,0.00194384591013,0.0,0.818710780772,-0.574062708447,-0.0120586533508,0.0,-0.00875736559386,0.00851475647509,-0.999925400953,0.0,0.658247314297,0.256362317004,0.303291494445,1.0,-0.01184,-0.0155611428571,0.593
0.462377992198,0.528041648846,-0.124046769366,-1.38702491791,0.0777199753897,1.90556293179,0.155263949369,-0.0140219444692,-0.0582021498238,0.000557917040252,-0.0994068496382,-0.00639815674783,0.0361313394853,-0.0100703153335,0.574106758574,0.818766300958,0.00198017077237,0.0,0.818722411278,-0.574046911285,-0.0120209740114,0.0,-0.00870582512365,0.00852269670241,-0.999925783371,0.0,0.658065403935,0.256124222654,0.303303339171,1.0,-0.01216,-0.0159817142857,0.609
0.46223195652,0.5267987921,-0.124055313289,-1.38889978473,0.077609380006,1.90627640001,0.155005723487,-0.0136190351802,-0.0706465607527,0.000311644574958,-0.105890440147,-0.00782605833484,0.0322114923678,-0.0079750418051,0.5740925289,0.818776108709,0.00204913909052,0.0,0.818733141301,-0.574032413683,-0.0119824153529,0.0,-0.00863480940436,0.00855687796326,-0.999926107223,0.0,0.657846529174,0.255847454061,0.303347817519,1.0,-0.01252,-0.0164548571429,0.627
0.462096639187,0.525697630675,-0.124053161946,-1.39063056129,0.077509624179,1.90690025928,0.154776381417,-0.00541613924828,-0.0622858561283,0.000718478331644,-0.107890515086,-0.00283445984418,0.0370386283121,-0.0136116488117,0.574080368534,0.818784638395,0.00204775318294,0.0,0.818741543793,-0.574020152562,-0.0119956584287,0.0,-0.00864657572774,0.00856321748233,-0.999925951276,0.0,0.657633475013,0.255594922169,0.303352780196,1.0,-0.01284,-0.0168754285714,0.643
0.461940111276,0.524524533406,-0.124056240207,-1.39250015487,0.0773795260332,1.90756352194,0.154527026835,-0.00971953410315,-0.0729007442819,0.000129499786935,-0.112573574352,-0.00488331759427,0.038079164373,-0.00615004457478,0.574071777411,0.818790756182,0.00200969447701,0.0,0.818747257037,-0.57401181404,-0.0120047214774,0.0,-0.00867593364246,0.00853716800335,-0.999925919725,0.0,0.657405289163,0.255307701763,0.303345539264,1.0,-0.01318,-0.0173222857143,0.66
0.461782447068,0.523332483015,-0.124058726252,-1.39440526683,0.0772533935273,1.90827588874,0.154256126064,-0.00617781973498,-0.0733708030361,0.000402350764505,-0.112818538724,-0.010233386429,0.0390670660404,-0.0201526483082,0.57404905656,0.818806706054,0.00200142045055,0.0,0.81876318167,-0.573989212422,-0.0119993027797,0.0,-0.00867648288503,0.00852704198799,-0.999926001362,0.0,0.657178381126,0.255020094187,0.303338665441,1.0,-0.01352,-0.0177691428571,0.677
0.461617735708,0.522090934044,-0.124059557449,-1.39636870899,0.0771466124665,1.90902625107,0.153996250234,-0.00771391229884,-0.073840949165,-0.000721613104053,-0.11887375849,-0.00977560233733,0.0480178537009,-0.0191022170211,0.574048271131,0.818807185263,0.00203043694128,0.0,0.81876393229,-0.573988198911,-0.0119965658624,0.0,-0.00865759416922,0.00854922102613,-0.999925975702,0.0,0.656946353161,0.254728251505,0.303341763065,1.0,-0.01386,-0.018216,0.694
0.461458614195,0.52091514863,-0.124072675649,-1.39826414265,0.0770279451131,1.90974746736,0.153745066261,-0.00885907621545,-0.0708340902463,-0.00600501191512,-0.116395850515,-0.00170462562496,0.0397653227567,-0.0174228228353,0.574051545365,0.818804904697,0.00202440359451,0.0,0.818761661706,-0.573991585705,-0.0119894854813,0.0,-0.00865522552744,0.00854025114595,-0.999926072858,0.0,0.656724171289,0.254436294422,0.303328556347,1.0,-0.01418,-0.0186365714286,0.71
0.461282509141,0.519602175806,-0.124074425596,-1.40031001387,0.0768964384888,1.91048155944,0.153470362006,-0.00957530058732,-0.0792067805559,0.00277956999543,-0.121279093468,-0.00267301649774,0.0432965391399,-0.0135723387765,0.574045274353,0.818809307642,0.00202178470979,0.0,0.818766037071,-0.573985333002,-0.0119900349712,0.0,-0.00865724414222,0.00853835595899,-0.999926071568,0.0,0.656474419675,0.254122646906,0.303340446416,1.0,-0.01452,-0.0190834285714,0.727
0.461108109473,0.518181794007,-0.12407554825,-1.40252510386,0.0767470896121,1.91127466863,0.153167395889,-0.00649626253909,-0.0730410710283,0.000142027263405,-0.124191809412,-0.0104299847901,0.0460747774166,-0.0138205142591,0.574017778512,0.81882860522,0.00201298980206,0.0,0.818785280621,-0.573957937475,-0.0119873746094,0.0,-0.00866040049624,0.00852933677959,-0.99992612121,0.0,0.656198888273,0.25379300462,0.303351861211,1.0,-0.01488,-0.0195565714286,0.745
0.460930869871,0.516890726095,-0.124086524306,-1.4045404307,0.0766228372189,1.91200438786,0.15288387629,-0.0143349774206,-0.0798971303771,-0.00175590406165,-0.131768914431,-0.00224376727526,0.0439720061182,-0.0173580523222,0.574011575806,0.818832949207,0.00201470467266,0.0,0.818789656111,-0.573951737316,-0.0119853735656,0.0,-0.00865784222735,0.00852952673295,-0.999926141743,0.0,0.655955399819,0.253477542345,0.303362042019,1.0,-0.0152,-0.0199771428571,0.761
0.460754898165,0.515618496983,-0.124084434256,-1.40658685067,0.0764882296892,1.91279102734,0.152599433716,-0.00949251144718,-0.0771333250071,0.000557842755901,-0.127828179117,-0.0108121303675,0.0568203902937,-0.0195173356786,0.573993141681,0.818845864064,0.00201769938701,0.0,0.818802690646,-0.57393337236,-0.011974338561,0.0,-0.0086472790789,0.0085254500385,-0.999926267915,0.0,0.65571197384,0.253168805169,0.303348393674,1.0,-0.01552,-0.0203977142857,0.777
0.460557300394,0.514142149786,-0.124098377574,-1.40895352575,0.0763487304073,1.91363548648,0.152283376958,-0.0161253754039,-0.0785279284885,0.0019625749434,-0.132143415878,-0.011196846152,0.0493478959837,-0.0174950062248,0.573992868676,0.818846152448,0.00197793622341,0.0,0.818802390135,-0.573933198366,-0.0120031922385,0.0,-0.00869373190002,0.0085094494868,-0.99992600141,0.0,0.655417957413,0.252804440286,0.30333055125,1.0,-0.01588,-0.0208708571429,0.795
0.460373456907,0.512805302489,-0.124096146622,-1.41109486394,0.0762227371383,1.91437499336,0.151980211472,-0.0149166033155,-0.0868304454758,0.000516781087355,-0.135857470337,-0.00936512234097,0.0487043331342,-0.0191560114234,0.573971648094,0.818861148617,0.00192701102711,0.0,0.818816542986,-0.573912025156,-0.0120500296518,0.0,-0.00876153500717,0.00849440743001,-0.999925537501,0.0,0.655144116565,0.252478596216,0.303312127545,1.0,-0.0162,-0.0212914285714,0.811
0.460182572934,0.511384772062,-0.124103179259,-1.41339068561,0.0760733731842,1.91524587609,0.151655345386,-0.0111280949505,-0.0825962393595,-0.00176064839268,-0.136083864836,-0.00680496012513,0.0555152202295,-0.0212848074986,0.57394685219,0.818878558871,0.00191404917612,0.0,0.81883388168,-0.573887383188,-0.0120454361447,0.0,-0.00876546948061,0.00848089175856,-0.999925617744,0.0,0.654866242687,0.252130640797,0.303290060418,1.0,-0.01654,-0.0217382857143,0.828
0.459981599105,0.509914765853,-0.124102796818,-1.41572199147,0.0759408872763,1.9161273026,0.151327219333,-0.00770347326972,-0.0829088788755,-0.000552125319141,-0.137020150904,-0.00700416142572,0.0517395768876,-0.0210710289228,0.573928533584,0.818891348445,0.00193511794577,0.0,0.818846832669,-0.573868865381,-0.0120472766614,0.0,-0.00875507525272,0.00849900466084,-0.999925555018,0.0,0.654582354193,0.251780325241,0.303285950089,1.0,-0.01688,-0.0221851428571,0.845
0.459790092966,0.508489704431,-0.124106383214,-1.41796176861,0.0757964588671,1.91691595893,0.151021544934,-0.0114560385369,-0.0840250939752,-0.00055533895027,-0.138217370799,-0.00496768340125,0.0534062824597,-0.0188100665236,0.573914663881,0.818901129706,0.00190925341084,0.0,0.818856256662,-0.573855090949,-0.0120628528583,0.0,-0.00878281813987,0.00848661563829,-0.999925416949,0.0,0.654298843712,0.251436125447,0.303285497311,1.0,-0.0172,-0.0226057142857,0.861
0.459577087013,0.506951088884,-0.124112744659,-1.42036694399,0.0756361434201,1.91778471588,0.150678160503,-0.00952806226862,-0.0846704455244,-0.000919466999596,-0.137934376306,-0.00658561117226,0.0480360834872,-0.0193990357932,0.573893442781,0.818916015937,0.00190317500578,0.0,0.818871134481,-0.573833967562,-0.0120577645597,0.0,-0.00878235913742,0.00847849032872,-0.999925489909,0.0,0.654000719161,0.251061043908,0.303292268137,1.0,-0.01754,-0.0230525714286,0.878
0.459356646145,0.505360121058,-0.124115938144,-1.42282678585,0.0754788367077,1.91873657786,0.150349043315,-0.0115016733133,-0.0946014551155,0.0002549004677,-0.140991729276,-0.0118596408447,0.0542865665707,-0.0186157665572,0.573893839725,0.818915569984,0.00197404792289,0.0,0.818871717299,-0.573834159549,-0.0120089484889,0.0,-0.00870170630079,0.00850851738735,-0.999925939977,0.0,0.65368990639,0.250662804287,0.303318117388,1.0,-0.0179,-0.0235257142857,0.896
0.459132959661,0.503693838524,-0.12411917347,-1.42532379283,0.0753215378811,1.91968246028,0.149999837948,-0.0173742349736,-0.0975659848343,-0.000256901005505,-0.144247254765,-0.0149185222314,0.0582220085869,-0.0237736468945,0.573876902404,0.818927220311,0.00206291620067,0.0,0.818884568642,-0.573816891701,-0.01195763104,0.0,-0.00860885913417,0.00855166315045,-0.999926375591,0.0,0.65340584395,0.250299630032,0.30337377941,1.0,-0.01822,-0.0239462857143,0.912
0.458904983531,0.501997740214,-0.124122389064,-1.42782511072,0.0751580776995,1.92060809075,0.149655482705,-0.0102618304357,-0.101207225185,4.70097556862e-05,-0.149681172991,-0.00880455078544,0.051332444015,-0.0246056145493,0.57386500886,0.818935295786,0.00216328998073,0.0,0.81889401246,-0.573804649598,-0.011898208204,0.0,-0.00850272050922,0.00859963613849,-0.999926872327,0.0,0.653082503735,0.249888998259,0.30344744288,1.0,-0.01858,-0.0244194285714,0.93
0.458673080318,0.500286497711,-0.124125958249,-1.43040821751,0.0749952280142,1.92151607989,0.14929287166,-0.0127139458754,-0.0977801684878,0.000741703397617,-0.149306356111,-0.00878354621553,0.0536809179382,-0.0238623227817,0.573848886407,0.818946519632,0.00219099373137,0.0,0.818905525252,-0.573788345018,-0.0118921291198,0.0,-0.00848201439168,0.00861866786089,-0.999926884325,0.0,0.652752931129,0.249482784634,0.303489139861,1.0,-0.01892,-0.0248662857143,0.947
0.458434593873,0.498694870268,-0.124133707559,-1.43287475789,0.0748435078529,1.9224361201,0.148937834104,-0.015295946616,-0.0985700948043,-0.000874894206498,-0.155289007008,-0.0128415187963,0.0651059566627,-0.0274052610998,0.573845294713,0.81894893459,0.00222871507331,0.0,0.818908462723,-0.573784635516,-0.0118688090304,0.0,-0.00844130856566,0.00863614012294,-0.999927078038,0.0,0.652471362925,0.249115056614,0.303507260545,1.0,-0.01922,-0.0252605714286,0.962
0.458160038482,0.496945508153,-0.124129129483,-1.43568602401,0.0746724209367,1.92345064142,0.148517291079,-0.0141130214853,-0.0966515234074,0.000325902239655,-0.155233247087,-0.00119505296306,0.0562365508803,-0.0248716916455,0.573818714007,0.81896766267,0.00219040115062,0.0,0.818926547197,-0.57375806361,-0.0119055298057,0.0,-0.00849364712414,0.00862555952269,-0.999926726156,0.0,0.652116813935,0.24866957533,0.303476579873,1.0,-0.01958,-0.0257337142857,0.98
0.45788919613,0.495262241517,-0.124127614239,-1.43840702183,0.0745031060702,1.92438251548,0.148125646959,-0.0163645971899,-0.0946606633428,0.000522142783125,-0.161786938267,-0.014830871625,0.05558303452,-0.00887276545677,0.573809916859,0.818974059181,0.00210157195744,0.0,0.818931611388,-0.573749454977,-0.0119718705461,0.0,-0.00859904121014,0.00859078715152,-0.999926124704,0.0,0.651764152994,0.248229492616,0.303435070012,1.0,-0.01992,-0.0261805714286,0.997
0.457621703761,0.493633181903,-0.124140667356,-1.44102762783,0.0743408315095,1.92533947622,0.14776167268,-0.0164713149857,-0.102165488097,0.000678498576066,-0.168476263444,-0.0144403785945,0.060709440971,-0.0195435743388,0.573828273284,0.818961283455,0.00206782093341,0.0,0.818918378904,-0.5737679335,-0.0119914169696,0.0,-0.00863422312364,0.00857455574734,-0.999925960851,0.0,0.651440250651,0.247797104882,0.303405585331,1.0,-0.0224554285714,-0.0295128489796,1.013
0.457330101466,0.491452910772,-0.124189937322,-1.44444299972,0.0741314896809,1.92660253665,0.147265803991,-0.0188758700211,-0.127091682321,-0.00120756870401,-0.198203298467,-0.0149087031382,0.0741312225232,-0.030988765037,0.573811059122,0.818973311469,0.002080969105,0.0,0.818930715806,-0.573750803216,-0.0119685178701,0.0,-0.00860810475065,0.00857200247148,-0.99992620793,0.0,0.651014006084,0.24725412051,0.303408261976,1.0,-0.0261685714286,-0.0343929795918,1.031
0.456968803613,0.489139068738,-0.124198326592,-1.44818592329,0.0739098807205,1.92792104313,0.146729591984,-0.0181720765145,-0.144453515632,0.00021076776401,-0.225405841652,-0.00928825691099,0.0784360067595,-0.0377153524377,0.573800392847,0.81898100766,0.00199127137712,0.0,0.818936987957,-0.573740267192,-0.0120441878367,0.0,-0.00872165643789,0.00854184995308,-0.999925481978,0.0,0.650529062535,0.246654804974,0.303350522515,1.0,-0.0296754285714,-0.0390019918367,1.048
0.456585178765,0.486780257623,-0.124219234925,-1.45184335279,0.0736873201594,1.92931523401,0.146197655509,-0.0267792299649,-0.16286387722,0.000215897990694,-0.253730248458,-0.0197674451658,0.0957754505434,-0.036370232442,0.573821691569,0.818965910563,0.00206167917871,0.0,0.818922886236,-0.573761339061,-0.0119991291122,0.0,-0.00864413231939,0.00857388190185,-0.999925881016,0.0,0.650055008104,0.246006022512,0.303364209431,1.0,-0.032976,-0.0433398857143,1.064
0.45608314297,0.483666934881,-0.124265102367,-1.45662034334,0.0733900823261,1.93105195244,0.145463202505,-0.0300311260603,-0.176748449097,-0.00633492865906,-0.2761391888,-0.0150620981995,0.0929076653431,-0.0448874572952,0.573813036898,0.818971818235,0.00212285763745,0.0,0.818929641101,-0.573752479558,-0.0119616900642,0.0,-0.00857845738971,0.00860241036839,-0.999926201579,0.0,0.649495472433,0.245241390873,0.303409604947,1.0,-0.0364828571429,-0.0479488979592,1.081
0.455556194568,0.480425159201,-0.124317904164,-1.46172132391,0.0730820653887,1.93283684749,0.144704870969,-0.027287952235,-0.190669484767,-0.00066095968233,-0.312849956717,-0.016199866483,0.112450898399,-0.0480317698368,0.573827611199,0.818961773931,0.0020572717486,0.0,0.818918615798,-0.57376720089,-0.0120102782489,0.0,-0.00865573037706,0.00857673253874,-0.999925756239,0.0,0.648840964639,0.244378695999,0.303386204352,1.0,-0.0399897142857,-0.0525579102041,1.098
0.455043465711,0.477284284709,-0.124358166545,-1.46652178442,0.0727741761276,1.93458378326,0.14401001158,-0.0383040798924,-0.213321814146,-0.00339804417748,-0.330877535171,-0.0215195357713,0.128467180545,-0.0413649303511,0.573856985268,0.818941029843,0.00212061322245,0.0,0.818898820451,-0.573796428678,-0.0119635781426,0.0,-0.00858082991863,0.00860211616983,-0.999926183753,0.0,0.648239598861,0.243564718268,0.30342957122,1.0,-0.043084,-0.0566246857143,1.113
0.454401273155,0.473481134159,-0.124398841625,-1.47235047246,0.0724318966428,1.93671890595,0.143167126172,-0.0429788631592,-0.234704075167,-0.00128921568444,-0.357019857565,-0.0249105561508,0.129082552462,-0.0514248805615,0.573910718588,0.818903112957,0.00221936482286,0.0,0.81886203384,-0.573849592724,-0.011931528317,0.0,-0.00849734768168,0.00866515241396,-0.999926352396,0.0,0.647507749012,0.242574960939,0.303472926254,1.0,-0.0465908571429,-0.0612336979592,1.13
0.453716032589,0.469395645332,-0.124419939499,-1.47858025215,0.0720521067895,1.93895993509,0.14221336354,-0.0423809228872,-0.245466827723,0.000266486110302,-0.372574306766,-0.0181323890081,0.1424297336,-0.0596141140773,0.573900486928,0.818910037112,0.00230848915609,0.0,0.818869903152,-0.573838782851,-0.0119113353204,0.0,-0.00842977374098,0.00872644144304,-0.999926391358,0.0,0.646706639324,0.241527368472,0.303525424502,1.0,-0.0500977142857,-0.0658427102041,1.147
0.453035745572,0.46527905058,-0.124427464231,-1.48479929781,0.0716422193554,1.9412440043,0.141208368048,-0.0431368959974,-0.25534599906,0.000830541260743,-0.40286368265,-0.0246347494103,0.133573824847,-0.0677173647571,0.573822159321,0.818964497169,0.0024553512349,0.0,0.818926341657,-0.573759963722,-0.0118278430864,0.0,-0.00827796070681,0.008797999653,-0.999927032622,0.0,0.645908129717,0.240491728332,0.303603697228,1.0,-0.0533982857143,-0.0701806040816,1.163
0.452244055725,0.460678284242,-0.124441903413,-1.49196289421,0.0711687985044,1.94368601414,0.140146110021,-0.0488886468484,-0.269762077172,-0.00253803888536,-0.423759127185,-0.0229665541368,0.151014775622,-0.0632697436998,0.57381591088,0.818969190891,0.00234769956829,0.0,0.818929387226,-0.573753874462,-0.0119120602048,0.0,-0.00840877047924,0.00875809846624,-0.999926291429,0.0,0.64494145609,0.239277320141,0.303576057308,1.0,-0.0569051428571,-0.0747896163265,1.18
0.451396309222,0.455839805745,-0.124455725881,-1.499464106,0.0706578594321,1.94633336387,0.138989420432,-0.050098156613,-0.287583915661,0.000715973672639,-0.445028066998,-0.0343571962671,0.160093564884,-0.0751605803716,0.5737791938,0.818994998587,0.00231861019526,0.0,0.818954813483,-0.573717275274,-0.011926794449,0.0,-0.00843792073534,0.00874235180091,-0.999926183665,0.0,0.643943091924,0.237999696097,0.303563842128,1.0,-0.060412,-0.0793986285714,1.197
0.450541416117,0.450970723447,-0.124485903126,-1.50675352405,0.0701588901102,1.94905157038,0.137809606703,-0.0542613530863,-0.308108763221,-0.00419579933785,-0.454956124702,-0.0357010446332,0.179177190102,-0.0796116915837,0.573731328475,0.819027845668,0.00254904844359,0.0,0.818991024619,-0.573668918496,-0.0117652219076,0.0,-0.00817389186168,0.00883789434831,-0.999927536932,0.0,0.643008167474,0.236740986109,0.303673854716,1.0,-0.0637125714286,-0.083736522449,1.213
0.449514318956,0.445262803359,-0.124531410239,-1.51546831309,0.0695760265856,1.95208525405,0.136518101384,-0.0573041909193,-0.321553962001,-0.000334877342214,-0.500016075698,-0.0346910532391,0.163904546779,-0.0742229186508,0.573780409629,0.81899343234,0.00255855660751,0.0,0.818956688003,-0.573717907731,-0.0117665808303,0.0,-0.00816901995635,0.00884695094529,-0.999927496658,0.0,0.641834101819,0.235216446471,0.303702389383,1.0,-0.0674257142857,-0.0886166530612,1.231
0.448475234752,0.439644048543,-0.124560489994,-1.52423335788,0.0689657963343,1.95501500847,0.135132759179,-0.0646526535704,-0.334201105186,-0.000981857866263,-0.520783539847,-0.034837843563,0.172107668888,-0.0787759190133,0.573737894925,0.81902381962,0.00235748217767,0.0,0.818984263405,-0.573675954971,-0.0118920934085,0.0,-0.00838763841513,0.00875385398202,-0.99992650608,0.0,0.64061090322,0.233678715831,0.303629320028,1.0,-0.0709325714286,-0.0932256653061,1.248
0.44743180524,0.434066032462,-0.124585488519,-1.53260406616,0.0684167699783,1.95804662548,0.133765749484,-0.0651268705671,-0.356725870453,-0.00111058224793,-0.51854452042,-0.0356566652733,0.192076384712,-0.0924256068994,0.573704657062,0.81904657769,0.00253316817639,0.0,0.819009238925,-0.573641973625,-0.0118109928811,0.0,-0.00822077998165,0.0088508801675,-0.999927037687,0.0,0.639560626101,0.232295077311,0.303705762771,1.0,-0.0740268571429,-0.0972924408163,1.263
0.446153256398,0.427644285569,-0.124636074579,-1.54245091046,0.0677143087042,1.96150893578,0.132183893262,-0.0794551455237,-0.355782208019,-0.0024441799441,-0.562233704973,-0.0426232166336,0.186053422875,-0.088241001762,0.573725125302,0.819032177876,0.00255325327459,0.0,0.818995389274,-0.57366267664,-0.0117657417609,0.0,-0.00817197232695,0.00884157455331,-0.999927520087,0.0,0.638154548381,0.230411083156,0.303706191521,1.0,-0.0779462857143,-0.102443689796,1.282
0.444941007119,0.421661733158,-0.124737843321,-1.55169018567,0.0670397886129,1.96452135816,0.130652286218,-0.0791981780333,-0.370756336441,-0.00949815385998,-0.586383876643,-0.0499587726375,0.194400547757,-0.0907997590757,0.573740851321,0.819021892089,0.00230709883757,0.0,0.818982033931,-0.573679477289,-0.0118757036108,0.0,-0.00840308777147,0.00870321636204,-0.999926818393,0.0,0.636849982577,0.228674194054,0.303639613417,1.0,-0.0812468571429,-0.106781583673,1.298
0.443674134423,0.415376023834,-0.124804467064,-1.56098854833,0.0663905255648,1.96785578548,0.129167660737,-0.0817391561241,-0.401350621972,-0.00142153892597,-0.578579922575,-0.0397970865786,0.206758446102,-0.0891062979392,0.573819132697,0.818966313527,0.00255483065118,0.0,0.818930003029,-0.573757162089,-0.0117096538269,0.0,-0.00812411605764,0.00881162052704,-0.999928174462,0.0,0.635590909431,0.22694795847,0.3037671222,1.0,-0.0845474285714,-0.111119477551,1.314
0.442155668676,0.408182406237,-0.124817889772,-1.57191132084,0.0656453186223,1.97159807696,0.12729602752,-0.0856196741207,-0.403107594088,-0.00193626625708,-0.614941747595,-0.0451562078763,0.206438566804,-0.107742581088,0.573779186837,0.818994259558,0.00256796914204,0.0,0.818957704652,-0.573716723359,-0.0117535624463,0.0,-0.00815297030098,0.00884717795267,-0.99992762564,0.0,0.634043760762,0.2249336285,0.303760275012,1.0,-0.0882605714286,-0.115999608163,1.332
0.440638771206,0.401204793113,-0.124898618885,-1.58261513265,0.0648950502121,1.97516253464,0.125527015612,-0.0893453827123,-0.420594950596,0.00046339653909,-0.628861853988,-0.0381720548581,0.221490472261,-0.107035539388,0.573851872977,0.818943799145,0.00241425443386,0.0,0.818905005393,-0.573789721622,-0.0118614672088,0.0,-0.00832876099436,0.00878393933228,-0.999926734391,0.0,0.632505559459,0.222896501911,0.303686257573,1.0,-0.0917674285714,-0.120608620408,1.349
0.439133432166,0.394275114292,-0.124954279151,-1.5927779551,0.0641280593684,1.97881348358,0.123789901921,-0.0963657715971,-0.441759508487,-0.00129663899689,-0.649008328658,-0.050494198819,0.228768533946,-0.106577320083,0.573886187297,0.818918795856,0.00271969202609,0.0,0.818884668555,-0.573823679483,-0.0116202999619,0.0,-0.00795561153703,0.00889601501961,-0.999928782045,0.0,0.63110007946,0.220950685182,0.303830180241,1.0,-0.095068,-0.124946514286,1.365
0.43736211193,0.386417204363,-0.124993623626,-1.60485806677,0.0632188324431,1.98264939768,0.121692258858,-0.0979255284712,-0.443926570617,-0.00447023564308,-0.680363219692,-0.0467359522882,0.209425840183,-0.126688137944,0.573852747334,0.818943327755,0.00236584133355,0.0,0.818904229105,-0.573791124742,-0.0118471778578,0.0,-0.00834482916348,0.00873610123232,-0.999927019518,0.0,0.629283289261,0.218636989078,0.303689949725,1.0,-0.0987811428571,-0.129826644898,1.383
0.435731790763,0.379054506736,-0.125049159981,-1.61559054813,0.0624391623028,1.9863146718,0.119773822935,-0.103072421746,-0.461793595376,-0.000497368104801,-0.671014084256,-0.0467379051592,0.236974963858,-0.112077785576,0.573840488829,0.818951208306,0.00259974905688,0.0,0.818915228333,-0.573778078933,-0.0117180135256,0.0,-0.00810495836171,0.00885341515782,-0.99992796075,0.0,0.627724079946,0.216564800977,0.303827502354,1.0,-0.102081714286,-0.134164538775,1.399
