position_joint1,position_joint2,position_joint3,position_joint4,position_joint5,position_joint6,position_joint7,velocity_joint1,velocity_joint2,velocity_joint3,velocity_joint4,velocity_joint5,velocity_joint6,velocity_joint7,ee_T_00,ee_T_10,ee_T_20,ee_T_30,ee_T_01,ee_T_11,ee_T_21,ee_T_31,ee_T_02,ee_T_12,ee_T_22,ee_T_32,ee_T_03,ee_T_13,ee_T_23,ee_T_33,v_x,v_y,time
0.465073410084,0.547736623677,-0.124018310047,-1.35582947967,0.0794534372322,1.89409407755,0.159157426028,0.000531227685668,0.0010750181818,-0.000418397948032,-0.000279853909869,-0.000176577471494,0.000201192160308,0.000747578910832,0.573812693671,0.818972493195,0.00194804339029,0.0,0.818929892974,-0.573754687733,-0.01183788828,0.0,-0.0085773709927,0.00838820302533,-0.999928030789,0.0,0.661687307543,0.260866078823,0.303247962032,1.0,0.0,0.0,0.0
0.465070312548,0.547735817986,-0.124018393411,-1.35583199285,0.0794537941144,1.89409078089,0.159153021677,-0.000431457538675,-0.000385550101589,0.000170922657525,0.000287856955381,-0.000200044106927,0.000247574970463,-0.00111062388607,0.573811889249,0.818973065848,0.00194424114955,0.0,0.818930406269,-0.57375388918,-0.0118410827436,0.0,-0.00858217714996,0.00838691372844,-0.999928000365,0.0,0.661686901724,0.260863526155,0.303247053685,1.0,-0.00022,-0.000289142857143,0.012
0.465071723561,0.547739580156,-0.124016190166,-1.35583734972,0.0794534386942,1.89409349921,0.159156948669,0.000801491181276,0.00156904939861,0.0010649859116,-0.000859788627007,-0.000173288145068,-0.000257779576288,0.000194706288689,0.573812633773,0.818972556567,0.0019390238009,0.0,0.818929819309,-0.573754645269,-0.01184504033,0.0,-0.00858840440207,0.00838491963552,-0.999927963622,0.0,0.661685261204,0.260865175263,0.303242001438,1.0,-0.00054,-0.000709714285714,0.028
0.465066244282,0.547716272401,-0.124021743071,-1.35585141258,0.0794508487831,1.89409709469,0.15915566762,-0.000384669840125,-0.00790772961036,-0.000486893028383,-0.00392565201933,-2.84241839369e-05,0.000286171991237,0.00121005808203,0.573820017693,0.81896736147,0.0019480869661,0.0,0.818924784655,-0.573762033026,-0.0118352624717,0.0,-0.00857512043825,0.00838680869219,-0.999928061787,0.0,0.661686222536,0.260856799957,0.303252310879,1.0,-0.00086,-0.00113028571429,0.044
0.465064143389,0.547610464063,-0.124019037934,-1.35597159952,0.079448995942,1.89411824586,0.159153284075,-0.00130218966583,-0.00327917192179,-0.000483382168348,-0.00954935628286,-0.000436273159501,-8.95162977171e-05,-9.42329043368e-05,0.573823926735,0.818964596316,0.0019590785821,0.0,0.818922069394,-0.573765805889,-0.0118402345582,0.0,-0.00857284566761,0.00839870427527,-0.999927981448,0.0,0.661665716251,0.260845236101,0.303271805019,1.0,-0.00124,-0.00162971428571,0.063
0.46506094656,0.547496730898,-0.124016105863,-1.35612877288,0.0794461445695,1.8941565345,0.159148832608,-0.00274603498763,-0.00673654386405,-1.66762029154e-05,-0.0151780173304,-0.000319485152296,0.00386810036942,-0.000408851816732,0.573828738969,0.81896122228,0.00196000887554,0.0,0.818918606095,-0.573770514458,-0.0118515919435,0.0,-0.00858156414488,0.00840603363822,-0.999927845074,0.0,0.661640642258,0.260829791586,0.303280785643,1.0,-0.00154,-0.002024,0.078
0.465047789246,0.547339751077,-0.124021830708,-1.35633577946,0.079443756363,1.89423945213,0.159143294654,-0.000517967658196,-0.0119215102993,-0.000867240397563,-0.0109929465411,3.38069214865e-05,0.00842904689339,-0.00206387020157,0.573849942425,0.818946287228,0.00199226393255,0.0,0.818904036832,-0.573791531627,-0.0118407598768,0.0,-0.00855396685618,0.00842645458574,-0.999927909659,0.0,0.661618744847,0.26080051232,0.303300841683,1.0,-0.00188,-0.00247085714286,0.095
0.465033555394,0.547136826673,-0.124015871159,-1.35656632795,0.0794419523955,1.8943722131,0.159135577537,-0.00252493429085,-0.0122321318734,-0.000347377146872,-0.0137842951787,2.31055749818e-05,0.0108666746189,0.000711730963343,0.57386377372,0.818936353685,0.00208919245254,0.0,0.818895287697,-0.57380489913,-0.011797983876,0.0,-0.00846317197407,0.00848142869765,-0.999928217467,0.0,0.661600167994,0.260778584566,0.303346174028,1.0,-0.00222,-0.00291771428571,0.113
0.465001008221,0.54692057144,-0.124016187155,-1.35684654551,0.0794332414292,1.89450067506,0.159119776228,-0.00492756035187,-0.0130599836908,-9.58261168228e-05,-0.0173459045179,-0.000190126023193,0.011437906221,-0.00267880195297,0.573891187654,0.818916990184,0.00214821369259,0.0,0.818876653588,-0.573832041374,-0.0117712107755,0.0,-0.00840709251315,0.00851468010583,-0.999928407946,0.0,0.661576280935,0.260733767874,0.303377119844,1.0,-0.0026,-0.00341714285714,0.131
0.464968981762,0.546715896648,-0.124016570765,-1.35716232758,0.0794240948348,1.89461975848,0.159097742078,-0.00478209421317,-0.0204846976435,0.00293673205675,-0.0199609491219,-0.000210589840045,0.0118434810597,-0.00171921417495,0.573914899285,0.818900341775,0.00215998168785,0.0,0.818860074393,-0.573855619701,-0.0117751095108,0.0,-0.0084032853621,0.00852679772184,-0.99992833669,0.0,0.661541942003,0.260684166415,0.303382112208,1.0,-0.0029,-0.00381142857143,0.146
0.464936708887,0.546453245509,-0.124016907241,-1.35754113231,0.0794110507927,1.89475930168,0.15899907158,-0.00162911848073,-0.0196428688201,-0.000525653624093,-0.024344775645,-0.000595540818009,0.00492042288599,-0.00629871195248,0.573873579249,0.818929215848,0.00219120330601,0.0,0.818889258649,-0.573814087087,-0.0117695552804,0.0,-0.00838125071705,0.00854875425576,-0.999928334151,0.0,0.661497338865,0.260624720428,0.303401400321,1.0,-0.00324,-0.00425828571429,0.163
0.464892265398,0.546178696479,-0.124015149142,-1.35800569039,0.0793841857184,1.89492735474,0.158950079027,-2.62350738943e-05,-0.0144951018727,0.000824648559317,-0.0267941586159,-0.00365910433096,0.0176469081206,0.000879179681212,0.573892377768,0.818916104638,0.00216776531065,0.0,0.818875817614,-0.573832948161,-0.0117851530657,0.0,-0.00840727834812,0.00853870450289,-0.999928201521,0.0,0.661445820865,0.260555604288,0.303387707611,1.0,-0.00356,-0.00467885714286,0.179
0.464847575781,0.545849620653,-0.124016990967,-1.35853989289,0.079324545745,1.89510713594,0.158900078004,-0.00276026689,-0.0211834670476,-0.000785395154371,-0.0324676103207,-0.0056379940412,0.0151382300572,-0.00857270434307,0.573904407049,0.818907779306,0.00212778361786,0.0,0.818867244077,-0.573845405953,-0.0117742747484,0.0,-0.00842118846717,0.0084998441234,-0.999928415555,0.0,0.661381916382,0.260457833054,0.303382375036,1.0,-0.00392,-0.005152,0.197
0.464781002413,0.545504095195,-0.124020023628,-1.3591333025,0.0792684198465,1.89530533746,0.158791832827,-0.00448734892622,-0.0281596739806,-0.000446947283987,-0.0355109572905,-0.000596298522136,0.0112410469449,-0.00537678576971,0.573889405221,0.818918424978,0.00207622446818,0.0,0.818877336332,-0.573830724585,-0.011787894873,0.0,-0.0084620858336,0.00846528412257,-0.999928363468,0.0,0.661316618981,0.26036110177,0.303361400281,1.0,-0.00424,-0.00557257142857,0.213
0.464718013871,0.54510820682,-0.124017293131,-1.35982620733,0.0792564826975,1.89552381552,0.158742267831,-0.0011257512886,-0.0235895514962,0.000553447735916,-0.0422523851268,-1.54088837812e-05,0.0165900436256,-0.00113342206318,0.573933828899,0.818887417503,0.00202593210517,0.0,0.818845337846,-0.573875007811,-0.0118547458604,0.0,-0.00854523494232,0.00846292767895,-0.999927676292,0.0,0.661227834812,0.260256866567,0.303330711869,1.0,-0.00458,-0.00601942857143,0.23
0.464655192466,0.544713456074,-0.124022951359,-1.36048460919,0.0792332416762,1.89575333253,0.158634690464,-0.00217491993373,-0.0259569511852,-0.000834057956142,-0.0398783915018,-0.00212535814883,0.0154892355173,-0.0064002614715,0.573931650104,0.818888997614,0.00200436951442,0.0,0.818846488398,-0.573872769756,-0.0118835799482,0.0,-0.00858124500252,0.00846179650294,-0.99992737748,0.0,0.661151591992,0.260150893768,0.303316821036,1.0,-0.0049,-0.00644,0.246
0.464589723471,0.544263957357,-0.124028958126,-1.36123862954,0.0792004574386,1.89602037774,0.158565570629,-0.00375571003986,-0.0271306697031,-0.000203748700998,-0.0485584241044,-0.0013347445404,0.017027466614,0.000441314932639,0.573966165475,0.818864872691,0.0019768822711,0.0,0.818821897855,-0.573907288005,-0.0119109726153,0.0,-0.00861909587562,0.00845537256425,-0.999927106274,0.0,0.661063502717,0.260033342817,0.303299382889,1.0,-0.00524,-0.00688685714286,0.263
0.464513992252,0.543756296388,-0.12402444294,-1.36204871246,0.0791603719404,1.89630634247,0.158446717902,-0.0011769941971,-0.0297018570309,0.000569899338078,-0.0502808289586,-0.000740818685328,0.0133583057659,-0.00804620419331,0.573962083764,0.81886775285,0.00196891978474,0.0,0.818824542768,-0.573903110947,-0.0119303942358,0.0,-0.00863961226812,0.00845995665857,-0.999926890444,0.0,0.660968380926,0.259909324232,0.303297648852,1.0,-0.00558,-0.00733371428571,0.28
0.464434172327,0.543225349223,-0.124040325988,-1.36290618916,0.0791005737726,1.89659750416,0.158334405553,-0.00654349493937,-0.0352567366899,-0.0043481569974,-0.051855306282,-0.00334985157071,0.019667031742,-0.00951408145694,0.573978252518,0.818856510599,0.00193069575503,0.0,0.818812912312,-0.573919544716,-0.0119380787777,0.0,-0.00866767638208,0.00843323857519,-0.999926873263,0.0,0.66087071248,0.259762633027,0.30329086235,1.0,-0.00592,-0.00778057142857,0.297
0.464354935041,0.542667465878,-0.124032341203,-1.36380357443,0.0790545086573,1.89691602107,0.158243321069,-0.00553827043323,-0.0349534253308,0.00116411323994,-0.0571287035526,-0.000877313542242,0.0199153170162,-0.00610127727263,0.57400052385,0.81884092727,0.00191868427132,0.0,0.818797030998,-0.573941726461,-0.0119609178851,0.0,-0.00869304349681,0.00843674855008,-0.999926623442,0.0,0.660763492946,0.259629861349,0.303285685196,1.0,-0.00626,-0.00822742857143,0.314
0.464289591401,0.542072100701,-0.124040961547,-1.36472081583,0.0790012318376,1.89726323993,0.158106891975,-0.00604135692539,-0.0333338473943,-0.000588273335264,-0.0575298800412,-0.00248862907312,0.0159327841802,-0.0128233909701,0.573985155,0.818851652514,0.00193905024555,0.0,0.818808046375,-0.573926297639,-0.0119471741811,0.0,-0.00867025832204,0.00844537316713,-0.999926748463,0.0,0.660658877155,0.259495574072,0.3033005149,1.0,-0.0066,-0.00867428571429,0.331
0.464202726121,0.541471547519,-0.124043910403,-1.36562608281,0.0789450285603,1.89759435773,0.157971851914,-0.00761700118864,-0.0426562706035,-0.00059956351483,-0.0583677825655,-0.00292156921452,0.0199056642119,-0.0120445478764,0.573982961202,0.81885313905,0.00196056612442,0.0,0.818809828572,-0.573924028913,-0.0119340090523,0.0,-0.00864715124932,0.00845541145997,-0.999926863722,0.0,0.660558250466,0.259350287543,0.303323038721,1.0,-0.00692,-0.00909485714286,0.347
0.464122258696,0.540805767494,-0.124039686104,-1.36665573606,0.0788793663189,1.89798283589,0.157874391436,-0.00291591953217,-0.0432498888841,0.00148592289316,-0.0585615651556,-0.00586412502397,0.0258488626709,-0.00469392793144,0.574005676983,0.818837169784,0.00197966471084,0.0,0.818794121696,-0.57394667569,-0.0119225266606,0.0,-0.00862655209554,0.00846469878701,-0.999926963069,0.0,0.660439137325,0.259201845976,0.30333711896,1.0,-0.00726,-0.00954171428571,0.364
0.464042698291,0.540234245997,-0.124045639735,-1.36755635482,0.078828286589,1.89830516157,0.157738553303,-0.00495510581833,-0.049918674008,-5.95971479291e-05,-0.0621271076669,-0.00375850593265,0.0249113208556,-0.00798041252533,0.573999942445,0.81884120222,0.00197446741039,0.0,0.818798059789,-0.573940937333,-0.0119283125752,0.0,-0.00863433237095,0.00846370376891,-0.99992690434,0.0,0.660335258691,0.259060057551,0.303340518358,1.0,-0.00754,-0.00990971428571,0.378
0.463922188976,0.539345186504,-0.124045666012,-1.3689138565,0.0787590849286,1.8988210794,0.157578114481,-0.0106257952907,-0.0473830587914,-0.00224965683244,-0.0709539437062,-0.000909874947899,0.0201684774076,-0.00946252390779,0.574023929541,0.818824272844,0.00202124142642,0.0,0.818781631389,-0.57396462116,-0.0119164028961,0.0,-0.00859748439494,0.00849541933212,-0.999926952888,0.0,0.660182819879,0.258854818652,0.303367333671,1.0,-0.00794,-0.0104354285714,0.398
0.46381817455,0.538577523946,-0.124048038368,-1.37008963724,0.0786893560319,1.89928092684,0.157419822084,-0.00727862158398,-0.0518809942952,5.45549975138e-05,-0.0725397948641,-0.000922520600678,0.029798154911,-0.00621307334379,0.574027591903,0.818821597633,0.00206443335211,0.0,0.818779541545,-0.573968128937,-0.0118910139358,0.0,-0.00855186472985,0.00851624985264,-0.999927166897,0.0,0.660054044424,0.258675210699,0.303389920812,1.0,-0.00828,-0.0108822857143,0.415
0.463719883308,0.537855364789,-0.124057068926,-1.37124773614,0.0786161200636,1.8997202385,0.157279429408,-0.00421261180345,-0.0464051482582,-0.00052384911188,-0.0731877362792,-0.00751559504964,0.032125226237,-0.00860323139349,0.574049239433,0.818806407235,0.00207004321312,0.0,0.81876450124,-0.573989827816,-0.0118792245235,0.0,-0.00853876580309,0.00851430162841,-0.99992729543,0.0,0.659916400981,0.258484770339,0.303392761229,1.0,-0.00862,-0.0113291428571,0.432
0.463621364859,0.537124709641,-0.124056050145,-1.37236478294,0.0785563786214,1.9001320296,0.157144258471,-0.00512613589571,-0.0471541527853,0.000453772016224,-0.0752288000729,-0.00236413768434,0.0323444354064,-0.0123157096283,0.574058635409,0.818799774447,0.00208791251561,0.0,0.818758012625,-0.573999062033,-0.0118802545691,0.0,-0.00852925415059,0.00852962204974,-0.999927246039,0.0,0.659795099609,0.258325922561,0.303406986138,1.0,-0.0089,-0.0116971428571,0.446
0.463486137576,0.536195947238,-0.12406081927,-1.37384104293,0.0784754245917,1.90069184323,0.156974177692,-0.0118792145057,-0.0462792009199,0.00103208859334,-0.0821840739513,-0.0116537236891,0.0217786353524,-0.0107760660705,0.574093103942,0.818775576637,0.00210000240983,0.0,0.818733924186,-0.574033429418,-0.0118798231754,0.0,-0.00852160155295,0.00853963218925,-0.999927225846,0.0,0.65962928396,0.258095780411,0.303408642715,1.0,-0.00928,-0.0121965714286,0.465
0.463372742914,0.535296553283,-0.124069843404,-1.37525058002,0.0783779230262,1.90119779677,0.15680068263,-0.00480649347594,-0.0566992785769,-0.00134069045019,-0.0899964789473,-0.00266546740362,0.028023658015,-0.014506271954,0.574101379123,0.818769806445,0.00208744915541,0.0,0.818728107693,-0.574041871444,-0.0118727588905,0.0,-0.00852293737196,0.00852538469,-0.999927336037,0.0,0.659463318554,0.257878810926,0.303416564598,1.0,-0.00962,-0.0126434285714,0.482
0.463239399404,0.534408216193,-0.12406590536,-1.37669007413,0.0783141185041,1.90172642028,0.156619975616,-0.00963121614307,-0.0577108627996,8.47099064677e-05,-0.0866064176466,-0.000471765776639,0.0301330216237,-0.00888842207019,0.574121714863,0.818755564201,0.00208074844116,0.0,0.818713523861,-0.574061977666,-0.0119062397989,0.0,-0.00855398620966,0.00853933210806,-0.999926951896,0.0,0.659294584768,0.257659497034,0.303403870147,1.0,-0.00996,-0.0130902857143,0.499
0.463104731344,0.53342891413,-0.124071118817,-1.37826339129,0.078215495928,1.90230162958,0.156422458367,-0.0101601391087,-0.0591665812439,0.000583283979479,-0.0895019566691,-0.00329256848032,0.0300169949081,-0.00960456734646,0.574133551777,0.818747315099,0.00206049600097,0.0,0.81870503598,-0.574073920805,-0.0119140427031,0.0,-0.0085718784923,0.00852735428378,-0.999926900892,0.0,0.659110377722,0.257416874322,0.303395737021,1.0,-0.01032,-0.0135634285714,0.517
0.462974029124,0.532491643021,-0.124076603305,-1.37978416284,0.0781417879122,1.90287608434,0.1562321761,-0.00867229025912,-0.0564636505322,0.000225457565021,-0.0872071089639,-0.00578383545066,0.0349005563575,-0.0148829297564,0.574152114994,0.818734300124,0.00205950248583,0.0,0.818691863355,-0.574092341886,-0.011931586832,0.0,-0.00858662010806,0.00853680810251,-0.999926693744,0.0,0.6589343957,0.257186373275,0.303382762591,1.0,-0.01066,-0.0140102857143,0.534
0.46284487471,0.531573724931,-0.124076903997,-1.38125612726,0.0780470638035,1.90341847681,0.156042311491,-0.0115503241914,-0.0537269613343,-0.000818385380418,-0.089667968915,-0.00709695783658,0.0304479888295,-0.0177600968208,0.574157443618,0.818730598785,0.00204534911073,0.0,0.81868800474,-0.574097755201,-0.0119358815907,0.0,-0.0085982066908,0.00852774222934,-0.999926671539,0.0,0.65876206491,0.256959916496,0.303376183674,1.0,-0.01098,-0.0144308571429,0.55
0.462721104145,0.530621907495,-0.124076957683,-1.38280720293,0.0779492592471,1.90395930697,0.155849749357,-0.00761333233289,-0.0561036567172,-0.000415782349252,-0.0959229885655,-0.00660552300365,0.0362414885328,-0.0157032283468,0.574159114524,0.818729555743,0.00199315401181,0.0,0.818686243868,-0.574099606296,-0.0119675834618,0.0,-0.00865411197602,0.0085032286083,-0.999926398016,0.0,0.658570178303,0.256727636943,0.303355511642,1.0,-0.0113,-0.0148514285714,0.566
0.4625769701,0.529582107528,-0.124077621695,-1.3844487393,0.0778485251967,1.90456469523,0.155626801453,-0.00613109684199,-0.0598770744335,-1.05021491278e-06,-0.0996824988282,-0.0024063190236,0.0398828581577,-0.0130385741921,0.57415712766,0.818730945077,0.00199480125043,0.0,0.818687642361,-0.57409760066,-0.0119681269718,0.0,-0.00865363190402,0.00850486828339,-0.999926388226,0.0,0.658377462141,0.256475930755,0.303359157081,1.0,-0.01164,-0.0152982857143,0.583
0.462435361645,0.528426759269,-0.124077758037,-1.38623987934,0.0777371736519,1.90524061544,0.155386947636,-0.00843902463891,-0.0573805493507,0.001057380624,-0.0976683996977,-0.00477207319235,0.0371109936517,-0.016746476788,0.574143911488,0.818740140596,0.00202434655658,0.0,0.818697199782,-0.574084239614,-0.0119552414013,0.0,-0.00862625665429,0.00852151998386,-0.999926482994,0.0,0.658155092782,0.256199648631,0.303373730262,1.0,-0.01202,-0.0157977142857,0.602
0.462311833893,0.52743572278,-0.124081200911,-1.3877713306,0.0776400772198,1.90582687555,0.155167534231,-0.0112659999252,-0.070962916272,-0.000870729478581,-0.104143189703,-0.00542060560037,0.0335930913414,-0.0140422386689,0.574124687601,0.818753527789,0.00206172783343,0.0,0.818711178497,-0.574064966908,-0.0119233751057,0.0,-0.00857890488094,0.00853362793072,-0.999926787113,0.0,0.657988361192,0.255985056056,0.303398413737,1.0,-0.0123,-0.0161657142857,0.616
0.462146392926,0.526149417646,-0.124084022066,-1.38978135138,0.0775172738306,1.90658763261,0.154892317078,-0.0131352892639,-0.0715772494098,0.000676445810751,-0.106622649947,-0.00582098673638,0.0449721708651,-0.0165706439356,0.574112317002,0.818762128051,0.00209094155032,0.0,0.818720175075,-0.574052494089,-0.0119061268603,0.0,-0.00854814013124,0.00854751467659,-0.999926931977,0.0,0.657752420841,0.255684629859,0.303412894291,1.0,-0.01268,-0.0166651428571,0.635
0.461999818992,0.524970721155,-0.12408947703,-1.39162918673,0.0774070739075,1.90724089719,0.154649778001,-0.00953293929861,-0.0643428084904,0.000408823627859,-0.110382691204,-0.005267795258,0.0382650297757,-0.0172935103058,0.574107198735,0.818765750071,0.00207792528811,0.0,0.818723565087,-0.574047367243,-0.0119201943684,0.0,-0.00856718428688,0.00854488031249,-0.999926791507,0.0,0.657524676635,0.255407729594,0.303419287353,1.0,-0.01302,-0.017112,0.652
0.461866960723,0.52400539186,-0.124089724023,-1.39319230997,0.0773027840914,1.90780274812,0.154426023753,-0.00847877258027,-0.0665449906308,-0.000710161003888,-0.114979501818,-0.00397655821333,0.0404460434325,-0.0178864413025,0.574088704796,0.818778808698,0.00204165456321,0.0,0.818736182939,-0.574029056481,-0.0119353242103,0.0,-0.00860058708369,0.00852367538832,-0.999926685742,0.0,0.657334442141,0.25516866199,0.303402795033,1.0,-0.0133,-0.01748,0.666
0.461713438548,0.522795306638,-0.12409040426,-1.39511479315,0.0771865152231,1.90854055202,0.154177496305,-0.0108599930596,-0.067217666127,0.000953357064579,-0.11867129828,-0.00196580597048,0.0483115547101,-0.0157645675826,0.574083310127,0.818782542331,0.00206114261388,0.0,0.818740174669,-0.574023586294,-0.0119245822953,0.0,-0.00858066053719,0.00853340823423,-0.999926773923,0.0,0.657106758617,0.254886310999,0.30340234702,1.0,-0.01364,-0.0179268571429,0.683
0.461547046609,0.521557247113,-0.124093603469,-1.39706767515,0.0770691592977,1.90930294437,0.153905802661,-0.00784209143185,-0.0721921363282,-6.14194342286e-05,-0.117105638221,-0.00535763963379,0.0448968191039,-0.0145202696579,0.574072416821,0.818790083245,0.00209922054511,0.0,0.818748238911,-0.574012566015,-0.011901354478,0.0,-0.0085398964715,0.00855113708891,-0.999926971445,0.0,0.656880829099,0.254592315389,0.303408962161,1.0,-0.01398,-0.0183737142857,0.7
0.461373594476,0.520272153788,-0.124103941946,-1.39910363016,0.0769483051686,1.91004878814,0.153639707458,-0.00972879311316,-0.0788916019415,-0.00329090843363,-0.123051009065,-0.00377966615316,0.0442000261031,-0.0176693743247,0.574079860664,0.818784878937,0.00209344331774,0.0,0.818742937788,-0.57402001084,-0.0119069676595,0.0,-0.008547731288,0.00854970687533,-0.999926916731,0.0,0.656636145765,0.254278673257,0.303407515601,1.0,-0.01432,-0.0188205714286,0.717
0.461204313227,0.518946767448,-0.124105609277,-1.40117328517,0.0768067642828,1.9107855151,0.153359986146,-0.00799421904543,-0.0804699130804,0.000207453217225,-0.122983988399,-0.00980178302329,0.0422401586757,-0.0149937610022,0.574062160375,0.818797326022,0.00207890024742,0.0,0.818755267479,-0.574002443967,-0.0119060151379,0.0,-0.0085554842553,0.00853706766468,-0.999926958415,0.0,0.656380102806,0.253965491905,0.303416812334,1.0,-0.01466,-0.0192674285714,0.734
0.461028655743,0.517592019619,-0.124109678056,-1.40329855285,0.0766692312279,1.9115494054,0.15307082382,-0.00972225281301,-0.0802022671181,5.69171776129e-06,-0.12654643083,-0.0101190499994,0.0411001721717,-0.0183785325042,0.574047476744,0.818807647523,0.00206826079312,0.0,0.818765473837,-0.573987828952,-0.0119087349596,0.0,-0.00856397161789,0.00852976400745,-0.99992694809,0.0,0.65611828871,0.253643039313,0.303422295749,1.0,-0.015,-0.0197142857143,0.751
0.460835976495,0.516254861661,-0.124114458295,-1.40544243687,0.0765313397363,1.91234835695,0.152769570538,-0.0155888635911,-0.0792668886684,9.70736377092e-05,-0.128366242419,-0.00739554017873,0.0511928511059,-0.0180363520392,0.574038145673,0.818814222586,0.00205501944922,0.0,0.818771930756,-0.573978607252,-0.0119092704996,0.0,-0.00857210790398,0.00851913181577,-0.999926969013,0.0,0.655862310989,0.253308914346,0.303409271869,1.0,-0.01534,-0.0201611428571,0.768
0.460661098381,0.514957807557,-0.124117689669,-1.40750327959,0.0764131511852,1.91312809939,0.152498368075,-0.0116887755581,-0.0816481083357,0.00109240221366,-0.131023296905,-0.00645584960748,0.0439509298604,-0.0170755808642,0.574032298637,0.818818287424,0.00206862328592,0.0,0.818776080523,-0.573972613463,-0.0119128442762,0.0,-0.00856728658173,0.00853226092176,-0.99992689839,0.0,0.65559649962,0.252981618978,0.303404073336,1.0,-0.01568,-0.020608,0.785
0.460453010705,0.51339746561,-0.12412166977,-1.41003032321,0.0762652014793,1.91400883717,0.152140871025,-0.0134896439234,-0.0833164052131,7.4782237733e-05,-0.130488864772,-0.00290179197318,0.0497691057191,-0.0152467324404,0.574011708105,0.818832892269,0.00200009924177,0.0,0.818789648003,-0.573952166509,-0.0119653576803,0.0,-0.00864983367944,0.00850607972269,-0.999926410785,0.0,0.655292184262,0.252616396683,0.303372859367,1.0,-0.01604,-0.0210811428571,0.803
0.460263583246,0.512044909867,-0.12413039181,-1.41219679927,0.0761351360794,1.9147721274,0.151840397681,-0.0146924083492,-0.0811609625671,-0.00106855784532,-0.136534027972,-0.00857353425282,0.053371616347,-0.0163202997276,0.574005204816,0.818837555935,0.00195671568365,0.0,0.818793666137,-0.5739457692,-0.0119972168286,0.0,-0.00870089053687,0.00848877474633,-0.999926114874,0.0,0.655021223215,0.252278700355,0.303355650503,1.0,-0.01636,-0.0215017142857,0.819
0.460059345099,0.51059579872,-0.124128064336,-1.41452023083,0.0759892563277,1.91565230003,0.1515098487,-0.00947872028009,-0.0884082137986,-0.000483809723953,-0.141184476545,-0.0103711097784,0.0557515246434,-0.0170502653446,0.573982245013,0.818853647366,0.00195793413265,0.0,0.818809777391,-0.573922810901,-0.0119959359086,0.0,-0.00869938030143,0.00848879327075,-0.999926127857,0.0,0.654739981884,0.25192578747,0.303340700765,1.0,-0.0167,-0.0219485714286,0.836
0.459883546174,0.509289068892,-0.124131261008,-1.41657663596,0.0758713821678,1.91642048823,0.151214946146,-0.0107167847236,-0.0868077233514,0.000507877287155,-0.140072983043,-0.0119261856609,0.0448794599484,-0.0171463774654,0.573962413281,0.81886750346,0.00197656748252,0.0,0.81882378948,-0.573902817367,-0.0119960368706,0.0,-0.00868897440636,0.00850389847464,-0.999926089986,0.0,0.654488091088,0.251615066663,0.303343191328,1.0,-0.017,-0.0223428571429,0.851
0.459672825228,0.507763911149,-0.124134800299,-1.41895389587,0.075715352631,1.91726188793,0.150886954355,-0.0137001865596,-0.0916085796203,0.00126996157088,-0.140306841376,0.000194856936688,0.0548882279912,-0.0208349041137,0.573949780046,0.818876392509,0.00196231428477,0.0,0.818832503876,-0.573890257348,-0.01200208391,0.0,-0.00870223766997,0.00849556370535,-0.999926045494,0.0,0.654189945894,0.251245071081,0.303351643586,1.0,-0.01734,-0.0227897142857,0.868
0.45945325478,0.50620404139,-0.124139791925,-1.42138413019,0.0755561854624,1.91816646792,0.150550387385,-0.0101556723255,-0.0979165620882,0.000375496202801,-0.144220358164,-0.0108899026879,0.0594932163475,-0.0270729167659,0.573940182092,0.818883067084,0.00198411804676,0.0,0.818839542468,-0.573880645991,-0.0119814335151,0.0,-0.00867291305894,0.0085014641265,-0.999926250124,0.0,0.653894384265,0.250866418001,0.303364144175,1.0,-0.01768,-0.0232365714286,0.885
0.45924825161,0.504680847627,-0.124141540174,-1.42371273426,0.0754099741059,1.91907936629,0.1502369915,-0.0130743756271,-0.104308893375,0.00160989807736,-0.144713815013,-0.0126199649322,0.0658154497649,-0.0197756969917,0.57393349547,0.818887537552,0.00207135726092,0.0,0.818845227023,-0.573873672702,-0.011926812781,0.0,-0.00857818610694,0.00854148280579,-0.999926726213,0.0,0.653617840446,0.250513418043,0.303399426612,1.0,-0.018,-0.0236571428571,0.901
0.459021239262,0.503001432411,-0.12415318077,-1.4262010105,0.0752529226822,1.92001202054,0.149887928278,-0.0149999892996,-0.105874107327,-0.00160639982752,-0.148153724071,-0.0156220792314,0.0511775720359,-0.018021410366,0.573927184652,0.818891697095,0.00217302752681,0.0,0.818850789139,-0.573867030415,-0.0118643765253,0.0,-0.00846877362407,0.00858883888371,-0.999927253214,0.0,0.65331832579,0.250123094609,0.303469187925,1.0,-0.01834,-0.024104,0.918
0.458774962163,0.501199589684,-0.124158622371,-1.42889306397,0.0750759744056,1.92097426703,0.149513156318,-0.0151469568392,-0.100590772098,0.000121941333079,-0.159573865777,-0.00846232296847,0.0497652554025,-0.0264074241126,0.573915324649,0.818899856211,0.00222991750303,0.0,0.818859729066,-0.573854988915,-0.0118297384645,0.0,-0.00840788372141,0.00861542370734,-0.999927538357,0.0,0.652982222614,0.249700248039,0.303529106276,1.0,-0.0187,-0.0245771428571,0.936
0.458548159732,0.499586537725,-0.124165191871,-1.43133135187,0.0749241427735,1.92184328969,0.149177578172,-0.0173739634425,-0.0984143597918,-0.00783039431013,-0.155457517247,-0.0110971506441,0.054413392365,-0.0271037932101,0.573913957267,0.81890071235,0.00226712770168,0.0,0.818861031196,-0.573853437967,-0.0118148306692,0.0,-0.0083743354573,0.00863732504672,-0.999927630942,0.0,0.652676554712,0.249314891005,0.303569398496,1.0,-0.01902,-0.0249977142857,0.952
0.458295399776,0.497907121774,-0.124159938584,-1.43397880056,0.0747703033727,1.92283558647,0.148789890928,-0.017901478623,-0.102935395598,-6.57221410653e-05,-0.156682360607,-0.00894146805553,0.0603822510464,-0.0204174811061,0.573892941462,0.818915368885,0.0022928681947,0.0,0.818875882852,-0.573832180954,-0.0118179307108,0.0,-0.00836232453139,0.00865996821606,-0.999927535614,0.0,0.652349592992,0.2489036353,0.303566276899,1.0,-0.01936,-0.0254445714286,0.969
0.458007093525,0.496053535287,-0.124157513517,-1.43696735289,0.0745832143849,1.9238806109,0.148341492458,-0.0154032380713,-0.0964094730605,0.000893199845925,-0.158045433437,-0.00753828391904,0.0503755527377,-0.0198884308355,0.573860471733,0.818938332829,0.00221650777961,0.0,0.818897704623,-0.573799861683,-0.0118749735998,0.0,-0.00845320197518,0.0086298372359,-0.999927031981,0.0,0.651965114302,0.248427917977,0.303526218427,1.0,-0.01974,-0.025944,0.988
0.457767890404,0.494568032008,-0.124157514597,-1.43938805422,0.0744310583763,1.92472027255,0.148013503223,-0.0141682689692,-0.100620875553,0.00174442663194,-0.160281717989,-0.00904586579553,0.0546862952184,-0.0237429419786,0.573868384075,0.818933007025,0.00213416641688,0.0,0.818891186456,-0.573807983372,-0.0119318843719,0.0,-0.0085469767761,0.00859514675589,-0.999926533621,0.0,0.651652638944,0.24803711848,0.303481645858,1.0,-0.02138,-0.0280994285714,1.003
0.457464154764,0.492341812035,-0.12423426082,-1.44275216233,0.0742323204729,1.92595830374,0.147520659097,-0.0219601969003,-0.156695711623,-0.00701848491487,-0.239695660619,-0.0157058209237,0.0817711301162,-0.0246288202013,0.573884039649,0.818921838004,0.00220888619596,0.0,0.818881197768,-0.573823545878,-0.0118688263604,0.0,-0.00845229292143,0.00862031135918,-0.999927121833,0.0,0.651244640336,0.247476700543,0.303539668572,1.0,-0.03328,-0.0437394285714,1.02
0.457067396501,0.489241268688,-0.124271725184,-1.4476840643,0.0739799258461,1.92784856421,0.146782393366,-0.0261877632478,-0.2053991011,-0.00132242508946,-0.328056103298,-0.0108585233296,0.117774665954,-0.0484740765516,0.573811062678,0.818972792823,0.00227505265387,0.0,0.818932698813,-0.573749993331,-0.0118712623369,0.0,-0.00841709148046,0.00867514369001,-0.999926944558,0.0,0.650622845921,0.24673997738,0.30351388466,1.0,-0.04518,-0.0593794285714,1.037
0.45645330077,0.485073642815,-0.124345611245,-1.45427724984,0.0736007447262,1.93033257327,0.145786304158,-0.0345105692156,-0.266542699089,-0.00609397765832,-0.418642607913,-0.0199547878285,0.154430006159,-0.064660218504,0.573776791244,0.818996674878,0.00232104937299,0.0,0.818957163224,-0.573715529186,-0.0118491888028,0.0,-0.00837298536615,0.00869979703841,-0.999927100667,0.0,0.649805211502,0.245678133891,0.303488579105,1.0,-0.05708,-0.0750194285714,1.054
0.455715790714,0.480247741763,-0.124486506909,-1.46196743787,0.0731435548424,1.93300155236,0.144614936267,-0.0480959415558,-0.32735988179,-0.0118090999636,-0.511333508925,-0.0223847912966,0.17906914826,-0.0801662655101,0.573776617846,0.81899728565,0.00214145097821,0.0,0.818955404241,-0.57371604213,-0.0119455334183,0.0,-0.00855493937467,0.00860798634504,-0.99992635508,0.0,0.648813399001,0.24437694295,0.303411541679,1.0,-0.06828,-0.0897394285714,1.07
0.454754933378,0.474068023022,-0.124632705133,-1.47163313271,0.072571427268,1.93639935341,0.143221852219,-0.0629720946942,-0.387148652754,-0.00640224901003,-0.597246615164,-0.0360253896345,0.21763274492,-0.084597696857,0.573841972865,0.818951704961,0.00205961675678,0.0,0.818908619735,-0.573781592788,-0.0120042993036,0.0,-0.00864933772484,0.00857537381322,-0.999925823209,0.0,0.647564923992,0.242744080722,0.303388442414,1.0,-0.08018,-0.105379428571,1.087
0.453610147285,0.466929518473,-0.124748552751,-1.48249911587,0.0719333424536,1.94044633329,0.14152962815,-0.0683551326373,-0.449423162899,-0.00547329535669,-0.672753830419,-0.0427995930514,0.259208040952,-0.103253641476,0.573825027903,0.818962841443,0.00233422149875,0.0,0.818923283002,-0.573763481437,-0.0118689016852,0.0,-0.00838105975676,0.00872238910674,-0.999926836206,0.0,0.646197006572,0.240915681978,0.303501461836,1.0,-0.09208,-0.121019428571,1.104
0.452150180724,0.458402759111,-0.12481629611,-1.49571171733,0.0710874200792,1.94512492188,0.139481624979,-0.0891162802787,-0.497371595406,-0.00341971835036,-0.787060844193,-0.0555887041367,0.263310180902,-0.107439712735,0.573780955451,0.818993761392,0.00231966895548,0.0,0.818953761479,-0.57371921014,-0.0119059386991,0.0,-0.00842021299233,0.00873127060279,-0.999926429757,0.0,0.644456503575,0.238667124857,0.30349436537,1.0,-0.10468,-0.137579428571,1.122
0.45075985559,0.450437115785,-0.124960810668,-1.50792297748,0.0702600488873,1.9493463822,0.137537349207,-0.0900927064386,-0.564813896211,-0.00990616306358,-0.835553101675,-0.0621012875805,0.301683271533,-0.12846842355,0.573765777382,0.819004563468,0.00225934167976,0.0,0.818964079675,-0.573704585489,-0.0119009113773,0.0,-0.00845086875095,0.0086788224416,-0.999926627737,0.0,0.642831898001,0.236506245366,0.303523986678,1.0,-0.11518,-0.151379428571,1.137
0.448800356792,0.439341691962,-0.125096216501,-1.5248192855,0.0691489027456,1.95530519139,0.134927756491,-0.10314804497,-0.594510170454,-0.00948110151681,-0.926132037966,-0.0678978278247,0.307362087219,-0.147498711742,0.573785664864,0.818990317192,0.00237024139737,0.0,0.818951258347,-0.573724015471,-0.0118464097583,0.0,-0.00834239109032,0.00873858051916,-0.999927018198,0.0,0.640558206301,0.233552901153,0.30359835474,1.0,-0.12848,-0.168859428571,1.156
0.446792783457,0.428447238003,-0.125221808827,-1.54112709116,0.0680647233124,1.96106721114,0.132245212332,-0.124268870864,-0.645727846205,-0.00984940967988,-0.98243395422,-0.0706481754737,0.352528900527,-0.15775543997,0.573738276475,0.819022662009,0.00264879698943,0.0,0.818987264557,-0.573675644999,-0.0116987918059,0.0,-0.00806218050771,0.00888154664557,-0.999928057099,0.0,0.638348894891,0.230641480284,0.303768095735,1.0,-0.14038,-0.184499428571,1.173
0.444666374155,0.417567563365,-0.125335258865,-1.55753661173,0.0669027374441,1.96674553185,0.129505533681,-0.138803631169,-0.706519054484,-0.00370781243937,-1.02752366497,-0.0752273208858,0.370831444276,-0.160296069399,0.573691697688,0.819055021962,0.00273018382361,0.0,0.819020934398,-0.573629071104,-0.0116251754484,0.0,-0.00795569869337,0.00890551580398,-0.999928696781,0.0,0.636076243768,0.227642603396,0.303843222824,1.0,-0.15158,-0.199219428571,1.189
0.442173333613,0.405191848135,-0.125464471126,-1.57616537021,0.0656128343125,1.9732381444,0.126413530271,-0.153316848229,-0.737252560136,-0.00254071496548,-1.12480555091,-0.0724430749298,0.378029277952,-0.187832004963,0.573703459332,0.81904619026,0.00290273536508,0.0,0.819014365145,-0.573640290194,-0.0115340389034,0.0,-0.00778193449133,0.0089946731565,-0.999929266174,0.0,0.633463726631,0.224209161096,0.303914040474,1.0,-0.16348,-0.214859428571,1.206
0.439392758828,0.391979602476,-0.125622703657,-1.59579658351,0.0642415722915,1.9799622007,0.12303141397,-0.167541312244,-0.784457963111,-0.0055638602104,-1.17963265257,-0.0913526051888,0.4071664568,-0.207207988172,0.573723079624,0.819031583018,0.00313700932312,0.0,0.819002739088,-0.573659125933,-0.011422237125,0.0,-0.0075557443992,0.00912259592595,-0.999929842024,0.0,0.630662487399,0.22049119848,0.304051523625,1.0,-0.17538,-0.230499428571,1.223
0.436710265065,0.379803564413,-0.125756104465,-1.61405522794,0.0628330394399,1.98601262374,0.11979252868,-0.185604663442,-0.866955471103,-0.0103652040167,-1.22992260684,-0.0967371240635,0.423237532214,-0.219196311219,0.573661538884,0.819075079482,0.00303312991156,0.0,0.81904530299,-0.573598393737,-0.0114202125183,0.0,-0.00761435963085,0.00903578146182,-0.999930185653,0.0,0.627974113587,0.216964503546,0.304047728937,1.0,-0.18588,-0.244299428571,1.238
0.433576734702,0.366245807152,-0.1258858587,-1.63439438085,0.0613302305801,1.99268785729,0.116178597383,-0.203343547793,-0.825093128373,-0.0119141986699,-1.27583431733,-0.0885047185069,0.42239982548,-0.22079743452,0.573683280327,0.81906029456,0.00291112517271,0.0,0.819028572778,-0.573620080728,-0.0115302584872,0.0,-0.00777424673461,0.0089991844695,-0.999929285383,0.0,0.624918436175,0.212984005582,0.303990167466,1.0,-0.19708,-0.259019428571,1.254
0.429422690265,0.349317704522,-0.126110369909,-1.65958927126,0.0594085954046,2.00087769884,0.111518323504,-0.22670660526,-0.901093384142,-0.0171839832089,-1.34359809555,-0.0922990016865,0.426771052131,-0.251894109263,0.573764846219,0.819003599944,0.00278413797038,0.0,0.818970130588,-0.57370193611,-0.0116086437372,0.0,-0.00791040796705,0.00894092966644,-0.999928740072,0.0,0.621087446154,0.207868796255,0.303936343603,1.0,-0.21038,-0.276499428571,1.273
0.425366260257,0.333344944829,-0.126307160642,-1.68292012301,0.0576016916388,2.00848114432,0.10706695734,-0.247629997765,-0.928512774339,-0.0106050920285,-1.41097614743,-0.113450408125,0.442754046089,-0.269781747116,0.573836699257,0.818952714527,0.00293953348368,0.0,0.818921303225,-0.573773322724,-0.0115247626954,0.0,-0.00775175904486,0.0090207520536,-0.99992926563,0.0,0.617487634376,0.20304762751,0.304014817807,1.0,-0.22228,-0.292139428571,1.29
0.421612130447,0.318692855348,-0.126432966835,-1.70407453669,0.0558817668998,2.0152249284,0.102915570307,-0.256368569777,-0.984575367366,-0.00955852973899,-1.4410491667,-0.113949145032,0.446378433941,-0.276325058899,0.573760283053,0.819005723729,0.00308366514552,0.0,0.818976332393,-0.573696654351,-0.011430777234,0.0,-0.00759292979165,0.00908414965055,-0.999929910365,0.0,0.614117596376,0.198676336676,0.304123224588,1.0,-0.23278,-0.305939428571,1.305
0.417030821877,0.301599033562,-0.126567387655,-1.72878709641,0.0538318358952,2.02298739544,0.0978372559485,-0.278199206658,-1.01565307433,-0.004783087819,-1.47298675461,-0.10891525626,0.443090405408,-0.294805885182,0.573571241802,0.819137922409,0.0031371245568,0.0,0.819109236603,-0.573507496577,-0.0113998589436,0.0,-0.00753903746964,0.00910845431746,-0.999930097044,0.0,0.610088145536,0.193489136245,0.30415392387,1.0,-0.24468,-0.321579428571,1.322
0.411364064847,0.281751035949,-0.126770483998,-1.75718510644,0.0514890447529,2.03168614839,0.0919189476179,-0.308049436993,-1.04693539573,-0.0122815898867,-1.52281197252,-0.122579224559,0.45211452541,-0.318748495276,0.573592630115,0.81912261608,0.00322201874281,0.0,0.819094535485,-0.5735280347,-0.011422882893,0.0,-0.00750896821206,0.00919139635041,-0.999929564334,0.0,0.605361001885,0.187311688195,0.304204997469,1.0,-0.25798,-0.339059428571,1.341
0.406175193602,0.264441687167,-0.126964718739,-1.78172060318,0.0493727922903,2.03901655715,0.0865352908046,-0.331929755983,-1.08674727518,-0.00648889722946,-1.55324111899,-0.128427205834,0.437698047613,-0.34005427137,0.573553418855,0.819149940899,0.00325529503016,0.0,0.819122088682,-0.573488483139,-0.0114328666894,0.0,-0.00749850223332,0.0092240214324,-0.99992934245,0.0,0.601179845581,0.181826544906,0.304249018674,1.0,-0.26918,-0.353779428571,1.357
0.400547208267,0.246692522638,-0.127219334027,-1.80679189428,0.0471158758927,2.04641516708,0.0809511358932,-0.356184725497,-1.12228078876,-0.0101759986937,-1.53738005335,-0.133042600282,0.444938891811,-0.355561285102,0.573672207135,0.819066886874,0.00322187666534,0.0,0.819038797361,-0.573607593059,-0.0114247321039,0.0,-0.00750967142302,0.00919307026629,-0.999929543665,0.0,0.59656711649,0.175677004488,0.304242737205,1.0,-0.28108,-0.369419428571,1.374
0.394218406278,0.227228217467,-0.127406574787,-1.83389007715,0.0447141866653,2.05421295708,0.0745951829702,-0.374617124133,-1.16163677945,-0.00675939102627,-1.61311741163,-0.134480791995,0.445224806426,-0.382527437036,0.573598649209,0.819117968349,0.00333023338508,0.0,0.819090473472,-0.573532728852,-0.011478331944,0.0,-0.00749225435004,0.00931189742127,-0.999928574795,0.0,0.591702169662,0.169400009059,0.304283756786,1.0,-0.29298,-0.385059428571,1.391
0.387418422415,0.207217817052,-0.127630678388,-1.86152602497,0.0420717219666,2.06190911977,0.0678638768366,-0.417134411531,-1.17170578441,-0.00765947298735,-1.60191818015,-0.146281513184,0.438995220446,-0.399905959186,0.573509985112,0.819180141169,0.00330759616555,0.0,0.819152579202,-0.573444424056,-0.0114582462463,0.0,-0.0074897894011,0.00928102325256,-0.999928880302,0.0,0.586945478932,0.163202295656,0.304305211767,1.0,-0.30418,-0.399779428571,1.407
0.380041807323,0.186675494644,-0.127931297178,-1.88962374717,0.0393679570732,2.06945570471,0.0606838433967,-0.444831668085,-1.22444422857,-0.0185754065167,-1.65899589928,-0.150362822499,0.429744028419,-0.433589556464,0.573492137338,0.819192906691,0.00323989816182,0.0,0.819164035916,-0.573426252609,-0.0115482457984,0.0,-0.00760254475355,0.00927701483091,-0.999928066567,0.0,0.5816792838,0.156302290447,0.304301654513,1.0,-0.31608,-0.415419428571,1.424
