position_joint1,position_joint2,position_joint3,position_joint4,position_joint5,position_joint6,position_joint7,velocity_joint1,velocity_joint2,velocity_joint3,velocity_joint4,velocity_joint5,velocity_joint6,velocity_joint7,ee_T_00,ee_T_10,ee_T_20,ee_T_30,ee_T_01,ee_T_11,ee_T_21,ee_T_31,ee_T_02,ee_T_12,ee_T_22,ee_T_32,ee_T_03,ee_T_13,ee_T_23,ee_T_33,v_x,v_y,time
0.465070171636,0.547763984789,-0.123980791881,-1.35585194427,0.0795348282208,1.89410542297,0.159154209074,0.000211275390932,-0.000726025898147,-0.00197482508876,-7.64483848083e-05,0.000350361184134,0.00696080331384,0.000623322900404,0.573809416083,0.818974739772,0.00196889088235,0.0,0.818931464308,-0.573750398579,-0.0119366577341,0.0,-0.00864633570179,0.00846191621584,-0.999926815748,0.0,0.661671349966,0.260896577564,0.303217781027,1.0,0.0,0.0,0.0
0.465072355598,0.547764723592,-0.123978320664,-1.35585879228,0.079534116144,1.89410427569,0.159151749896,-0.000518678345532,-0.000559596543138,-0.00074812900606,-0.00177330512423,6.45574870396e-05,0.00165166609035,0.000104270678951,0.573804065266,0.81897850549,0.0019619203861,0.0,0.818935123387,-0.573745062104,-0.0119421227401,0.0,-0.00865486633329,0.00845928695713,-0.999926764195,0.0,0.661668432898,0.260898434985,0.303213815624,1.0,-8e-05,-0.000105142857143,0.005
0.465072597674,0.547769721906,-0.123975774061,-1.35585678016,0.0795345703976,1.89410582315,0.159156720877,0.000263481690651,0.00141295977327,-0.00332214999213,-0.000467821247049,-0.000149088418763,0.002361858355,0.00121910723231,0.573806188798,0.818977019267,0.00196125216385,0.0,0.818933615589,-0.573747175597,-0.0119439797703,0.0,-0.00865674873008,0.00845982771461,-0.999926743325,0.0,0.661668396691,0.260900420487,0.30321128341,1.0,-0.00028,-0.000368,0.015
0.465068671198,0.547757906312,-0.123981064869,-1.35586118896,0.0795335057924,1.89410236345,0.159154902904,0.000925744621029,-0.00221543810756,-0.00145105521528,0.00128980759353,-0.000148062207553,-7.40824229887e-05,0.000678123600523,0.573811525864,0.818973274877,0.00196334545275,0.0,0.818929926866,-0.573752530992,-0.0119396383816,0.0,-0.00865193690005,0.00845910733004,-0.999926791066,0.0,0.661669308722,0.260893985859,0.303217427929,1.0,-0.00072,-0.000946285714286,0.037
0.46507434351,0.547733684683,-0.123976465345,-1.3558928479,0.0795341160899,1.89410616346,0.159151619228,0.00300542139627,0.000157607613446,0.000739885645321,-0.00430037766333,6.67384605116e-05,-3.01391801537e-05,0.000213025050485,0.573802851221,0.818979353044,0.00196319126606,0.0,0.818935945113,-0.573743801452,-0.0119463382996,0.0,-0.00865760227752,0.00846273380669,-0.999926711344,0.0,0.661660878237,0.260897317344,0.303219697597,1.0,-0.00096,-0.00126171428571,0.049
0.465073660636,0.547567178428,-0.123973723271,-1.35608887372,0.0795317148192,1.89413781824,0.159151630597,0.0011842097955,-0.00787180576149,0.0006371181418,-0.0105980791791,0.000231137211379,0.00206803950527,0.000400993639527,0.573811622339,0.818973160995,0.00198255897333,0.0,0.818929870697,-0.573752358392,-0.0119517790116,0.0,-0.00865085490577,0.00848180976926,-0.999926608113,0.0,0.661629152259,0.260880762848,0.303251714716,1.0,-0.00142,-0.00186628571429,0.072
0.465065106231,0.54748449511,-0.123981755397,-1.3562078036,0.0795312444253,1.89416047698,0.159147661849,0.00148000577053,-0.00630048204675,-0.00152657050853,-0.00897549058168,-0.00040770701715,-0.000145509532468,0.000125586676533,0.573827239971,0.818962262134,0.00196437504866,0.0,0.818918667843,-0.573767984994,-0.0119692003174,0.0,-0.00867539488266,0.00847707979085,-0.999926435615,0.0,0.66160987182,0.260857251644,0.303251201639,1.0,-0.00164,-0.00215542857143,0.083
0.465042000086,0.54724785588,-0.123973962958,-1.35649026823,0.079524418076,1.89430925889,0.159133587804,0.00137966706651,-0.0114433016373,0.00082984372628,-0.0154014340629,-5.68741185029e-05,0.0122625064868,-0.00314569861423,0.573843415875,0.818950695468,0.00205896848456,0.0,0.818908268708,-0.57378370021,-0.01192726779,0.0,-0.00858660701475,0.00853065464921,-0.999926746373,0.0,0.661585658427,0.26082506974,0.303297031623,1.0,-0.0021,-0.00276,0.106
0.465029282654,0.547133413381,-0.123974670322,-1.35661410967,0.0795256407819,1.89438515102,0.159130028908,-0.000225379099728,-0.0147641880165,0.000177274529509,-0.0157231254656,5.67564038928e-05,0.0050392534941,0.00108653103268,0.573858814174,0.818939750462,0.00211976641164,0.0,0.818898087121,-0.573798819771,-0.0118989175828,0.0,-0.00852834132781,0.00856433628365,-0.999926957101,0.0,0.661578834005,0.26080841283,0.303325765375,1.0,-0.0023,-0.00302285714286,0.116
0.464989271741,0.546890836342,-0.123976475446,-1.35695239747,0.0795165688362,1.89454680235,0.159116610285,-0.00164714044404,-0.00710392018687,-5.25286369456e-05,-0.021107769456,-0.000305390979667,0.00756560878743,1.51954440869e-05,0.573898263189,0.818911954938,0.00217726186781,0.0,0.818870960788,-0.573837952338,-0.0118785914869,0.0,-0.00847828831785,0.00860016512087,-0.999927075235,0.0,0.661546421026,0.260754457595,0.3033479246,1.0,-0.00272,-0.00357485714286,0.137
0.464968140743,0.546704816831,-0.123976474348,-1.35724083003,0.0795132809826,1.89463362803,0.159089877919,-0.000845191836894,-0.011621647661,0.000180216633639,-0.0224173961995,0.000560961233417,0.0109628692378,-0.00389419976358,0.573909523321,0.818904077757,0.00217195200629,0.0,0.818862866515,-0.573849082391,-0.0118988815615,0.0,-0.00849783357526,0.00860757801335,-0.999926845537,0.0,0.661509090189,0.260710278027,0.303348315815,1.0,-0.00298,-0.00391657142857,0.15
0.464923975099,0.546378361449,-0.123977520903,-1.35773596228,0.0794996529429,1.89482238599,0.15894409009,-0.00272969072591,-0.0165795235599,-0.000152939978013,-0.0280377264214,-0.000962361407832,0.00290237466963,-0.0115027760635,0.573851405416,0.818944713423,0.00220629983688,0.0,0.818903853588,-0.573790736526,-0.0118918525409,0.0,-0.00847297849388,0.00863106990704,-0.999926853959,0.0,0.661454925883,0.260635490813,0.303368700855,1.0,-0.00338,-0.00444228571429,0.17
0.464880625572,0.546124330919,-0.123974303468,-1.35816409338,0.079484337783,1.89497050479,0.158929393235,-0.00524900099742,-0.0144340898762,0.000445318893697,-0.0289647602811,-0.00240316483472,0.0110476520031,4.5329211866e-06,0.573891845039,0.81891643013,0.00218576344601,0.0,0.818875165576,-0.573831114177,-0.0119189976678,0.0,-0.00850656772511,0.00863024912541,-0.999926575857,0.0,0.661407533479,0.260572607534,0.303353393511,1.0,-0.00366,-0.00481028571429,0.184
0.464822336053,0.54573218698,-0.123979659058,-1.35882064276,0.0794481333502,1.89519029646,0.158865364324,-0.00320635733075,-0.0207756954997,0.00129318719448,-0.028237452389,-0.00460838415831,0.00683199794966,-0.00460859195613,0.573909702034,0.81890402379,0.00214490876771,0.0,0.818862176484,-0.573849084384,-0.0119461783265,0.0,-0.00855208422218,0.00861257812452,-0.999926339964,0.0,0.661324244979,0.260464305376,0.303336268734,1.0,-0.00408,-0.00536228571429,0.205
0.464777358215,0.545455251427,-0.123977132949,-1.35929524431,0.0793887065865,1.89535306094,0.158776351077,-0.00772314494138,-0.0215643026713,-0.0015838953201,-0.0360256048169,-0.00443434297662,0.0138587904741,-0.00249671725776,0.57389074779,0.818917419103,0.00210171194239,0.0,0.818875251598,-0.573830553555,-0.0119400598135,0.0,-0.00857206147787,0.00857349481701,-0.999926504774,0.0,0.661274580484,0.260387656033,0.303321854901,1.0,-0.00432,-0.00567771428571,0.217
0.464701065189,0.5449712573,-0.12397789327,-1.36011602625,0.0793533541217,1.89562154239,0.158693388908,-0.00103129444957,-0.0316685297106,-7.65834718239e-05,-0.0381693398292,-0.00011786714127,0.0140809237317,-0.00806186856478,0.573922088089,0.818895584235,0.00205081080113,0.0,0.818852568348,-0.573861917574,-0.0119882346326,0.0,-0.00864039653886,0.00855978914699,-0.999926034043,0.0,0.661174256831,0.260258183677,0.303297077941,1.0,-0.00472,-0.00620342857143,0.237
0.464650220962,0.544644108817,-0.12398285395,-1.36066828604,0.0793359599759,1.89580835372,0.158622557958,-0.00137030948255,-0.0258917962307,-0.000897249970804,-0.0437796565066,-0.000458913544012,0.0143968056814,-0.00894428068905,0.573935315097,0.81888637696,0.00202549145933,0.0,0.818842877268,-0.57387509823,-0.0120191880049,0.0,-0.00868013732869,0.00855696045725,-0.999925714063,0.0,0.661108492735,0.260170293178,0.303282131062,1.0,-0.00498,-0.00654514285714,0.25
0.464561825075,0.54409391466,-0.123983265901,-1.36156950127,0.0792975674169,1.89614022601,0.158516119353,-0.00755543941631,-0.0312639272031,0.000499684494982,-0.0459810233933,-0.00238576679165,0.0150937983066,-0.00284665185977,0.573963149578,0.818866895283,0.00201435784576,0.0,0.818823042438,-0.573902772167,-0.0120490735171,0.0,-0.00871070957836,0.00856529171363,-0.999925376874,0.0,0.661000251115,0.260022504577,0.303268293977,1.0,-0.0054,-0.00709714285714,0.271
0.464496935186,0.543682759946,-0.123983462298,-1.36225115028,0.0792675954673,1.89637996638,0.158426313394,-0.00476870624635,-0.0306145406958,2.13662825047e-06,-0.0462256338388,-0.00112257867107,0.016643032253,-0.00692930574324,0.573970611332,0.818861709698,0.00199615111373,0.0,0.818817540839,-0.573910234644,-0.0120674887893,0.0,-0.00873616114587,0.00856103229013,-0.999925191309,0.0,0.660927432182,0.259921066331,0.303258579337,1.0,-0.00566,-0.00743885714286,0.284
0.464405617484,0.54304161164,-0.123989234177,-1.36326265269,0.0792015261341,1.89673581971,0.158295588507,-0.00462282041191,-0.0349835337046,0.000708312590123,-0.0475113125034,-0.00519209685048,0.0178426163026,-0.00890234671938,0.573980975095,0.818854485015,0.00197977295424,0.0,0.818810141341,-0.573920706339,-0.0120715439762,0.0,-0.00874877367468,0.00855005936999,-0.999925174923,0.0,0.660811085386,0.259759178955,0.303261703003,1.0,-0.00606,-0.00796457142857,0.304
0.464337391626,0.542555310987,-0.123989851254,-1.36401895123,0.0791631752673,1.89700413554,0.158215530788,-0.00782947495651,-0.0328668158977,-0.000268088059318,-0.0555877120847,-0.000390946630774,0.0139494866771,-0.00818930998138,0.574003478415,0.818838704765,0.00198223291057,0.0,0.818794308071,-0.573943112904,-0.0120801954302,0.0,-0.00875421119783,0.00855727997545,-0.999925065565,0.0,0.660723127853,0.259642352712,0.30326896209,1.0,-0.00634,-0.00833257142857,0.318
0.464242045144,0.541812328578,-0.123995635978,-1.36517386386,0.0790954528871,1.89744205031,0.158041405795,-0.00375058228248,-0.0342251191111,-0.00017954338951,-0.0557399683945,-0.000687874445309,0.0229182832458,-0.00624675432203,0.573989202353,0.818848660227,0.00200352885192,0.0,0.818804556771,-0.573928761056,-0.0120673917992,0.0,-0.00873165288682,0.00856721609231,-0.999925177724,0.0,0.660593580109,0.259467430856,0.303282798016,1.0,-0.00676,-0.00888457142857,0.339
0.464182882033,0.541351332978,-0.123991150063,-1.36586472277,0.0790522942169,1.897689362,0.157954235568,-0.00118551486624,-0.0408646359881,0.0016655290605,-0.0608111440451,-0.0076835191528,0.0234551312491,-0.00745333795743,0.573989857399,0.818848162415,0.00201926068187,0.0,0.818804240137,-0.573929324268,-0.0120620885556,0.0,-0.00871827398378,0.00857706083323,-0.999925210066,0.0,0.66051236806,0.259364798838,0.303301173948,1.0,-0.007,-0.0092,0.351
0.464081485454,0.540538449546,-0.12399943144,-1.36711117706,0.0789754306179,1.8981553883,0.157795339236,-0.00520736457047,-0.0408980068355,-0.00196988404253,-0.0596060243809,-0.0109365822734,0.018784602404,-0.0076247702094,0.574008545996,0.81883501107,0.00203977198837,0.0,0.818791458358,-0.573948022822,-0.0120400049406,0.0,-0.00868822175429,0.00858137882896,-0.99992543459,0.0,0.66036572063,0.259159458241,0.30332436743,1.0,-0.00742,-0.009752,0.372
0.464007613812,0.539929201173,-0.124004534279,-1.36802525851,0.0789243623941,1.89849417032,0.15768650367,-0.00377248633024,-0.0392064675496,-0.000678060930622,-0.0668683166676,0.000251085242018,0.0243562792118,-0.0146153309832,0.574009060836,0.818834564659,0.00207381255209,0.0,0.818791396142,-0.573948333162,-0.0120294374275,0.0,-0.00866002463376,0.00860319159309,-0.999925491758,0.0,0.660266958548,0.259037415978,0.303348163558,1.0,-0.00768,-0.0100937142857,0.385
0.46388986831,0.539053577921,-0.12400514599,-1.36938597283,0.0788492462579,1.89901230279,0.157525181784,-0.00492088138327,-0.0445227138611,-0.000357382216888,-0.0725681129716,-0.00312539754062,0.0291919202557,-0.00366298538233,0.574029084849,0.818820448986,0.00210451222099,0.0,0.818777631544,-0.573968175491,-0.0120195885224,0.0,-0.00863412806445,0.0086228869489,-0.999925546055,0.0,0.660113508798,0.258832299363,0.303364103723,1.0,-0.00808,-0.0106194285714,0.405
0.463804930384,0.538465693333,-0.124005307097,-1.37030239473,0.0787937500338,1.89936670289,0.157409360276,-0.00315680954341,-0.0470719552933,-0.000316084386212,-0.0675362349734,-0.00955390536105,0.0312422885409,-0.00314077526258,0.574039786661,0.818812892418,0.00212542720489,0.0,0.818770364864,-0.573978805094,-0.0120069906917,0.0,-0.00861169441192,0.00863289339307,-0.999925653172,0.0,0.660012692092,0.258690141932,0.303373902542,1.0,-0.00834,-0.0109611428571,0.418
0.463676032023,0.537489045701,-0.124014032441,-1.37184260448,0.0787060594539,1.89994267887,0.157220398627,-0.00458542792111,-0.0444586644329,-0.000462057958061,-0.0726821564236,-0.00589569025298,0.0189972264732,-0.013065389173,0.574058286687,0.818799895891,0.00213562074342,0.0,0.818757489386,-0.573997248167,-0.0120033150549,0.0,-0.00860263831488,0.0086393242869,-0.999925675583,0.0,0.659836732394,0.258454896117,0.303380733563,1.0,-0.00876,-0.0115131428571,0.439
0.463589071471,0.536850201731,-0.124014813375,-1.37283508736,0.0786495683376,1.90031240244,0.157095482269,-0.00839682987959,-0.050581248551,-0.00166440741074,-0.0754472351245,-0.00452820006185,0.0307291924655,-0.0101496150573,0.574067307493,0.818793532037,0.00215064247485,0.0,0.818751289006,-0.574006172496,-0.0119994827993,0.0,-0.00859078224761,0.0086495186104,-0.999925689383,0.0,0.659722993871,0.258303586891,0.3033914507,1.0,-0.00902,-0.0118548571429,0.452
0.463455913361,0.535841646799,-0.124025493412,-1.37441769609,0.0785573024528,1.90090122854,0.156906621386,-0.00906122601091,-0.0541489634441,0.000159661286944,-0.079379266685,-0.00639263302998,0.0378806651466,-0.00926089999807,0.574091558477,0.818776500266,0.00216148049549,0.0,0.818734410252,-0.57403038707,-0.0119927933095,0.0,-0.00857882701787,0.00865480649211,-0.999925746269,0.0,0.659541710509,0.258059949229,0.303401437575,1.0,-0.00942,-0.0123805714286,0.472
0.463359570324,0.535112005131,-0.124024402343,-1.37557677295,0.0784997222148,1.90132250088,0.156769292034,-0.0126096795089,-0.0521575338798,7.55803251143e-05,-0.0843143432401,-0.0116223563132,0.0297149967138,-0.00868442007132,0.574105434379,0.818766771843,0.00216112072914,0.0,0.818724534162,-0.574044118506,-0.0120097489967,0.0,-0.00859277021018,0.00866439154316,-0.999925543538,0.0,0.659403537545,0.257888298308,0.303401116798,1.0,-0.0097,-0.0127485714286,0.486
0.463214143839,0.534062259023,-0.124029720108,-1.37730625622,0.0783978707098,1.90194324265,0.156555378802,-0.0132359451467,-0.0513638961216,-0.00240566839702,-0.0851298122675,-0.0100061109662,0.0216769595724,-0.00842272879996,0.574120564366,0.818756297053,0.00210962279331,0.0,0.818713328655,-0.574059404383,-0.0120429491008,0.0,-0.00864935813409,0.00864144740832,-0.999925254202,0.0,0.65919723133,0.257623448613,0.303372466839,1.0,-0.0101,-0.0132742857143,0.506
0.463112510981,0.533350781741,-0.1240301076,-1.37844902568,0.078326218477,1.90237420411,0.156413055644,-0.00849720116484,-0.0549604750168,-0.000390765193856,-0.0913997499413,-0.00628500667666,0.0372048987964,-0.0115742873299,0.574130910263,0.818749050339,0.00210650208794,0.0,0.818706061565,-0.574069782539,-0.0120422769585,0.0,-0.0086504901769,0.00863861578003,-0.999925268876,0.0,0.659066207049,0.257447566743,0.303367678173,1.0,-0.01036,-0.013616,0.519
0.462945689603,0.532191263865,-0.124030896045,-1.38034568123,0.0782366627072,1.90308713667,0.156172687532,-0.0107225655379,-0.0553844294387,-0.000854757335182,-0.0902208363138,-0.0079400070233,0.0356300942206,-0.0107338023053,0.574151057225,0.818734946841,0.00209695275168,0.0,0.818691592031,-0.574089726941,-0.0120751587992,0.0,-0.00868268263352,0.0086498893146,-0.999924892398,0.0,0.658845142249,0.257161116076,0.303344321788,1.0,-0.01078,-0.014168,0.54
0.462841203748,0.531438464116,-0.124035427846,-1.38155344512,0.0781571478005,1.90352976062,0.156015055518,-0.00838795161014,-0.0565824114881,-0.00127676056929,-0.0946795727462,-0.00703897960074,0.0393650383192,-0.0165182813343,0.574155211272,0.818732074267,0.002081066077,0.0,0.818688566807,-0.574094003234,-0.0120769586926,0.0,-0.00869323325781,0.00863796008121,-0.999924903851,0.0,0.658703867213,0.256973339183,0.303338560888,1.0,-0.01104,-0.0145097142857,0.553
0.462673725529,0.530224892022,-0.124036489461,-1.38350027219,0.078035817845,1.90420837905,0.155769620696,-0.00415226887519,-0.0589934932414,-0.000775867918809,-0.0975210652579,-0.00941568987284,0.040373849484,-0.013589335909,0.574165208241,0.818725185304,0.00203260806868,0.0,0.818680985788,-0.574104150409,-0.0121084637043,0.0,-0.00874674386356,0.00861648205561,-0.999924622514,0.0,0.658466595128,0.256673698454,0.30332587239,1.0,-0.01144,-0.0150354285714,0.573
0.462569747332,0.529432053096,-0.124032514665,-1.3847463569,0.0779643715563,1.90467339945,0.155595806113,-0.00684615088341,-0.0629164542316,-0.00230878784653,-0.094901363444,-0.00783071830227,0.0298429625736,-0.010494151023,0.574153734123,0.818733200294,0.00204529437843,0.0,0.818689097997,-0.574092554833,-0.0121097567079,0.0,-0.00874063987355,0.00862748834887,-0.999924580986,0.0,0.658318704898,0.256490036518,0.303331417268,1.0,-0.0117,-0.0153771428571,0.586
0.462407215945,0.528146921042,-0.124039320104,-1.3867513296,0.0778374848677,1.90544443568,0.15532942033,-0.00765337549889,-0.063652527596,1.23947330365e-05,-0.100381133729,-0.00379406517797,0.033931151774,-0.0152650537283,0.574148213628,0.818736977732,0.00208254254458,0.0,0.818693464395,-0.574086975131,-0.0120790414907,0.0,-0.0086941647636,0.00864029041716,-0.999924875618,0.0,0.658087433001,0.256189758598,0.303349069073,1.0,-0.0121,-0.0159028571429,0.606
0.462285220886,0.527212429801,-0.124037792193,-1.38819907396,0.0777501634413,1.90599368833,0.155118111278,-0.00834211359042,-0.0662475358694,0.00115235536041,-0.104724127171,-0.00752251584054,0.0377935402924,-0.00891284261419,0.574128878958,0.818750457237,0.0021132964904,0.0,0.818707336124,-0.574067501792,-0.0120643302038,0.0,-0.00866466785555,0.00865681838599,-0.9999249887,0.0,0.657918160886,0.25597393038,0.303365321357,1.0,-0.01238,-0.0162708571429,0.62
0.462105552192,0.525761522433,-0.124044282981,-1.39042885259,0.0776039738209,1.90681056412,0.154819835708,-0.0110976071607,-0.0739657252157,-0.00204525499985,-0.109084017911,-0.00469454293871,0.0402921646792,-0.00970661883216,0.574117135199,0.818758626617,0.00213853050201,0.0,0.818715928511,-0.574055746076,-0.0120405855571,0.0,-0.00863086374244,0.00866372227527,-0.999925221258,0.0,0.657651789082,0.255638145668,0.303395877284,1.0,-0.0128,-0.0168228571429,0.641
0.461991240647,0.524937974726,-0.124049033874,-1.39173820672,0.0775271354093,1.90728472915,0.154641424846,-0.0116261511967,-0.0653701903791,-0.00087971341638,-0.108910235309,-0.00748126820154,0.0406234492008,-0.0168447808216,0.574117769818,0.818758207196,0.00212871544822,0.0,0.818715342933,-0.574056384026,-0.0120499836392,0.0,-0.00864418673572,0.00866108848426,-0.999925128988,0.0,0.65749508466,0.255435354631,0.303393186597,1.0,-0.01304,-0.0171382857143,0.653
0.461800195788,0.523464967183,-0.124055285657,-1.39408213949,0.0773829428737,1.90813588986,0.154321885828,-0.0163819075502,-0.0713151160516,-0.000681652605915,-0.109058285835,-0.00651682999531,0.040239056265,-0.0202164692571,0.57410394335,0.818767953611,0.00210885525026,0.0,0.818724811531,-0.574042625294,-0.0120620988988,0.0,-0.00866565406806,0.00865163723099,-0.999925024996,0.0,0.657210628496,0.25508169909,0.303387222583,1.0,-0.01346,-0.0176902857143,0.674
0.461684299099,0.52253507723,-0.124058038128,-1.39556406944,0.0772867126149,1.9087148318,0.154122842424,-0.00733237838827,-0.0721442972476,-0.00151779051878,-0.112069305466,-0.00731748181771,0.037095016599,-0.0129176803348,0.574091474231,0.818776653556,0.00212549031951,0.0,0.818733818764,-0.574030177156,-0.0120431153758,0.0,-0.0086406924812,0.00865422728713,-0.999925218596,0.0,0.657037170159,0.254863951413,0.303385710594,1.0,-0.01372,-0.018032,0.687
0.46148945328,0.52106130116,-0.124056516105,-1.39790631651,0.0771532560052,1.90961648773,0.153810726642,-0.0113918238804,-0.0721292004975,-0.00181998263422,-0.123128643867,-0.000768635373783,0.0396536380233,-0.0224014767093,0.574083909988,0.818781876799,0.00215625111901,0.0,0.818739369577,-0.574022409725,-0.0120359768498,0.0,-0.00861726916005,0.00867523535748,-0.999925238687,0.0,0.65676029283,0.254517738587,0.303384449447,1.0,-0.01412,-0.0185577142857,0.707
0.461356309016,0.520077070442,-0.124064809038,-1.39945307808,0.0770498214002,1.9101843806,0.153597323999,-0.0125060458052,-0.0775134404525,-0.00150577148296,-0.122933931465,-0.00662578002047,0.0432322169865,-0.0201569643042,0.574078541042,0.818785648563,0.00215344438221,0.0,0.818743197218,-0.574017146388,-0.0120266189524,0.0,-0.00861127479354,0.0086675086768,-0.999925357334,0.0,0.656575797764,0.254276635596,0.303388930047,1.0,-0.01438,-0.0188994285714,0.72
0.461141659401,0.51841542888,-0.124067387235,-1.4020299554,0.0768892513076,1.91110246323,0.15325297072,-0.00505193157379,-0.0789943697519,-0.000166023805004,-0.128353334683,-0.0050967862363,0.0425002029615,-0.01936926797,0.574067530089,0.818793365754,0.00215452915767,0.0,0.818750883951,-0.574006087372,-0.0120311508437,0.0,-0.00861447949668,0.00867088264267,-0.999925300479,0.0,0.656257470989,0.253886580732,0.303408502997,1.0,-0.0148,-0.0194514285714,0.741
0.460991459135,0.517297003762,-0.124071287562,-1.40379261352,0.0767739642691,1.91173732189,0.153018721345,-0.0126571639779,-0.0805492526222,-0.000615845178417,-0.125042672961,-0.00681168215975,0.0437573745835,-0.0140926249831,0.574063627963,0.818796136153,0.00214134824894,0.0,0.818753515881,-0.574002274986,-0.0120339289174,0.0,-0.0086243617796,0.00866164406403,-0.999925295363,0.0,0.656041589782,0.253615708812,0.303409448594,1.0,-0.01508,-0.0198194285714,0.755
0.460780037067,0.51570208766,-0.124077284145,-1.40633091576,0.0766144257837,1.91269351737,0.15266410452,-0.0162182596238,-0.0788445258444,0.000420171028395,-0.124903025315,-0.00847932890804,0.0521804109954,-0.0130635398601,0.574041222679,0.818811830404,0.00214661503894,0.0,0.81876934979,-0.573979921664,-0.0120228229929,0.0,-0.00861248158651,0.00865934532982,-0.999925417668,0.0,0.655721281022,0.253213276719,0.303400620677,1.0,-0.0155,-0.0203714285714,0.776
0.460632091104,0.514637047365,-0.12408865745,-1.40802541329,0.0765099755845,1.91332070267,0.152437279428,-0.0139330429549,-0.0821449750535,-0.00193587390912,-0.130618581688,-0.00490847765611,0.0498126157929,-0.0146157703779,0.574046501762,0.818808146409,0.00214011474708,0.0,0.818765592603,-0.573985239079,-0.012024832247,0.0,-0.00861780224771,0.00865523184485,-0.999925407441,0.0,0.655532841517,0.252967248972,0.303397905544,1.0,-0.01574,-0.0206868571429,0.788
0.460382851062,0.512810689704,-0.124085120375,-1.41096611588,0.0763303861547,1.91433420409,0.152026150686,-0.0132235168876,-0.0859204416242,0.000714726602267,-0.1344935018,-0.00519645771188,0.0454142119909,-0.0175495754019,0.574017002596,0.81882904098,0.00205652140017,0.0,0.818785197622,-0.573955902883,-0.0120900207317,0.0,-0.00871947536103,0.00862389277943,-0.999924796784,0.0,0.655155823737,0.25252081826,0.303365822743,1.0,-0.01618,-0.0212651428571,0.81
0.460244367515,0.511813672618,-0.124090816083,-1.41256973105,0.0762372531803,1.91492578471,0.151800590435,-0.0119206296134,-0.0828204251759,8.04426162135e-05,-0.13190814788,-0.00342925854465,0.0444042200254,-0.0165389568027,0.574008692464,0.818834897425,0.0020441714289,0.0,0.8187908379,-0.573947593253,-0.0121025150685,0.0,-0.00873688262498,0.00862086366544,-0.999924670959,0.0,0.654959525343,0.252274661218,0.303352392687,1.0,-0.01642,-0.0215805714286,0.822
0.460000742221,0.51001556924,-0.124086834122,-1.41545693833,0.076059893578,1.91602342125,0.15139521054,-0.0083415640017,-0.0846868634161,0.00123367157922,-0.13656985503,-0.00968640498336,0.0563345208743,-0.0203678860973,0.573976530419,0.818857430544,0.00204887100674,0.0,0.81881340269,-0.573915385512,-0.012103253661,0.0,-0.00873512877864,0.00862479263778,-0.9999246524,0.0,0.654607430903,0.251844271414,0.303332126317,1.0,-0.01684,-0.0221325714286,0.843
0.45985477704,0.508933880453,-0.124094360955,-1.4171374053,0.0759484244839,1.91662906876,0.151156591007,-0.0108381897965,-0.0917837580326,0.000143738486722,-0.138227098862,-0.0080558984724,0.050283533764,-0.0164593358903,0.573963160079,0.818866802236,0.00204889468966,0.0,0.818822835394,-0.573902076714,-0.0120961763473,0.0,-0.0087294603966,0.00862060733378,-0.999924737993,0.0,0.654399838539,0.251582282128,0.303341926711,1.0,-0.01708,-0.022448,0.855
0.459607676716,0.50714602356,-0.124102857946,-1.4199459382,0.0757722479578,1.91763833148,0.150764362681,-0.0114569377675,-0.0900071532668,0.000435347117552,-0.144502105463,-0.00473329755026,0.0472652545895,-0.0214767097458,0.573948273803,0.818877269295,0.0020356159387,0.0,0.818833107215,-0.573887228654,-0.0121052971112,0.0,-0.00874470701549,0.00861480996684,-0.999924654736,0.0,0.654050001126,0.251145995871,0.303343426942,1.0,-0.01748,-0.0229737142857,0.875
0.459438668481,0.505955847228,-0.12410402718,-1.42182211859,0.075661399325,1.91833993837,0.150518207975,-0.0115890752338,-0.088496215364,0.000797183736153,-0.142725568247,-0.00739683504937,0.0613287213306,-0.0180381282715,0.573953142599,0.818873821244,0.00204984962163,0.0,0.818829789882,-0.573891980328,-0.012104421461,0.0,-0.00873576978765,0.00862601474938,-0.999924636258,0.0,0.653820510621,0.250857523114,0.303343369866,1.0,-0.01774,-0.0233154285714,0.888
0.459163946412,0.503914092346,-0.124118478875,-1.42488533629,0.0754663338363,1.91950750857,0.15009158293,-0.0123806795764,-0.0970080093857,-0.0013568410562,-0.150843816245,-0.00693191288839,0.0513327461766,-0.0282582637867,0.573944250686,0.818879751879,0.00216701819232,0.0,0.818837406693,-0.573882744646,-0.0120267908939,0.0,-0.00860504686904,0.00867731010975,-0.999925325941,0.0,0.653454821306,0.250380627003,0.303413546344,1.0,-0.01816,-0.0238674285714,0.909
0.458974900391,0.502555827209,-0.124116822686,-1.42692894522,0.0753342742319,1.92027644874,0.149809971947,-0.013145165426,-0.100807538117,0.00155780854323,-0.148151503789,-0.00727032323849,0.0518687840647,-0.0168887570937,0.573936409477,0.818885064115,0.00223529585197,0.0,0.818843659292,-0.57387467119,-0.0119862548735,0.0,-0.00853274970037,0.00870987361224,-0.999925662379,0.0,0.653206834006,0.250064369618,0.303455899338,1.0,-0.01844,-0.0242354285714,0.923
0.458693943427,0.500523822222,-0.124128380393,-1.42997087898,0.075129278449,1.92134305145,0.149376392905,-0.0138161505615,-0.104158933289,-0.00251396175322,-0.157247183792,-0.015840259877,0.0522353396944,-0.0237896189633,0.573919102413,0.818897083209,0.00227549972851,0.0,0.818856291945,-0.573857293789,-0.0119551833333,0.0,-0.00848441599598,0.00872478333697,-0.999925943678,0.0,0.652824503753,0.249579464262,0.303518909296,1.0,-0.01884,-0.0247611428571,0.943
0.458517196071,0.499245818379,-0.124125971186,-1.43195593014,0.0750090337087,1.92207558172,0.149090482952,-0.0111109351991,-0.0999800541167,-0.00183259077089,-0.152221019836,-0.0058500161706,0.0598171571475,-0.0214122900199,0.573896673745,0.818912736473,0.00229887092994,0.0,0.818872184509,-0.573834706147,-0.0119508308903,0.0,-0.00846767873203,0.00874119185178,-0.999925942249,0.0,0.652575570664,0.249277183646,0.303529007123,1.0,-0.0191,-0.0251028571429,0.956
0.458195846435,0.497162940712,-0.124129071076,-1.43522587897,0.074808976952,1.92328285727,0.148611387148,-0.0190217465783,-0.103468740759,-0.000735937063398,-0.157943829519,-0.0115384740628,0.0590446551195,-0.0200886144759,0.573881739885,0.818923154533,0.00231570655634,0.0,0.81888275745,-0.573819639584,-0.0119497983301,0.0,-0.00845733147286,0.00875423177337,-0.999925915741,0.0,0.652172754544,0.248754983444,0.303529553457,1.0,-0.01952,-0.0256548571429,0.977
0.458008007085,0.495993295747,-0.124124175932,-1.43711981945,0.0746962680898,1.92394900565,0.148333422443,-0.0123004415776,-0.10428258633,-0.000193636292662,-0.156295838812,-0.011344861898,0.0588509462434,-0.0222865160236,0.573869695775,0.818931722653,0.00226997904258,0.0,0.818890567522,-0.573807616143,-0.011991871412,0.0,-0.00851815665109,0.00874080431301,-0.9999255169,0.0,0.651929738485,0.248453261952,0.303500812077,1.0,-0.01976,-0.0259702857143,0.989
0.457661505757,0.493846555427,-0.124138234671,-1.44059494045,0.0744858684424,1.92515936417,0.147845742274,-0.0141123950131,-0.117105923818,0.00287517642691,-0.182141006987,-0.0129562354759,0.070619065102,-0.0210901263988,0.573882192979,0.818923237002,0.00216964977687,0.0,0.818880589771,-0.573820344679,-0.0120639392154,0.0,-0.00863461721365,0.00870013148629,-0.999924872727,0.0,0.651485638333,0.247883784734,0.303447366487,1.0,-0.0278022857143,-0.0365401469388,1.01
0.457412273571,0.491714400543,-0.12421937452,-1.44370860846,0.0743152778308,1.92633902335,0.147393195045,-0.0166625042788,-0.172795248803,0.000529746535553,-0.264559008271,-0.0149998822515,0.106142686528,-0.043834873016,0.573884631071,0.818921076839,0.00233388744358,0.0,0.81888077944,-0.573822314851,-0.011956878502,0.0,-0.00845266586305,0.00877321328838,-0.999925788831,0.0,0.651109791445,0.247385231002,0.30355373621,1.0,-0.0391011428571,-0.0513900734694,1.023
0.456785378338,0.486979568137,-0.124268242087,-1.45120412431,0.0739202587927,1.92921699081,0.146258183355,-0.0367022216456,-0.26312871002,-0.00227447547589,-0.41602980127,-0.0270857948679,0.157156284371,-0.0618810484563,0.573772635109,0.818999198261,0.00245425122561,0.0,0.81896008314,-0.573709447529,-0.0119414798285,0.0,-0.00837219648154,0.00886179875313,-0.999925684663,0.0,0.650168329088,0.24625373713,0.303528834203,1.0,-0.0573531428571,-0.0753784163265,1.044
0.45621461452,0.483063536919,-0.124368263646,-1.45737618972,0.0735642252296,1.93147924125,0.145303176759,-0.0478764108655,-0.319764493236,-0.00881870925176,-0.502446734133,-0.0310876032824,0.179074243231,-0.074375279244,0.573739159701,0.81902265453,0.00245252812379,0.0,0.818983547126,-0.573676015202,-0.0119384262247,0.0,-0.00837104614484,0.00885829336217,-0.999925725354,0.0,0.649393134895,0.245240442096,0.303508776243,1.0,-0.068652,-0.0902283428571,1.057
0.455045937226,0.475595316824,-0.124570262613,-1.46925204704,0.0728423584425,1.93556729394,0.14356802302,-0.0659543727676,-0.40724214841,-0.0127074115095,-0.638547598065,-0.0452458235043,0.219604410912,-0.0866065444632,0.573803836111,0.818978175035,0.00215716979822,0.0,0.818935128809,-0.573741813741,-0.012096812359,0.0,-0.00866953371234,0.00870794711786,-0.999924502571,0.0,0.647849092612,0.243217514988,0.303391409808,1.0,-0.0860348571429,-0.113074383673,1.077
0.454128330534,0.469819014468,-0.124681822014,-1.47821063894,0.0723273979458,1.93876105603,0.142235588873,-0.0784441383999,-0.4641146118,-0.00715111495878,-0.689482127584,-0.0400267989749,0.260011180399,-0.106169458181,0.573836300679,0.8189553807,0.00217516579859,0.0,0.818912255245,-0.573773880474,-0.012124322487,0.0,-0.00868139296087,0.00873881454311,-0.99992413039,0.0,0.646691813571,0.241707878366,0.303400695375,1.0,-0.0973337142857,-0.127924310204,1.09
0.452382805967,0.459054833186,-0.124839893485,-1.49473849091,0.0712960070666,1.94482544706,0.139604348445,-0.0893676443499,-0.541778597057,-0.0109339134382,-0.809871654279,-0.0583650388374,0.301462951722,-0.125345032435,0.573724941424,0.819032737212,0.00241119535437,0.0,0.818992869476,-0.573661730477,-0.0119852256665,0.0,-0.00843324405033,0.00885114510759,-0.99992526602,0.0,0.644563207409,0.238921717277,0.303484082265,1.0,-0.115585714286,-0.151912653061,1.111
0.451050178767,0.451509504554,-0.124986671631,-1.50638602837,0.0705353791882,1.94883275234,0.137760758002,-0.101128186772,-0.602430207972,-0.014473448716,-0.90730404482,-0.0631885911864,0.324659888142,-0.149811778137,0.573741642183,0.819021341098,0.00230602532002,0.0,0.818980127043,-0.573678886134,-0.0120347004183,0.0,-0.00853392274382,0.00879356699416,-0.999924919853,0.0,0.643013305066,0.236852929989,0.303476617965,1.0,-0.126884571429,-0.166762579592,1.124
0.448755246672,0.438561212599,-0.125159380742,-1.52617851847,0.0692067706461,1.9557824112,0.134697010688,-0.119379212979,-0.663541951625,-0.007358530087,-1.05029778354,-0.0711797864116,0.347394308941,-0.168137443086,0.573762100346,0.819006880604,0.00235130407694,0.0,0.818966464496,-0.573699370215,-0.0119878917139,0.0,-0.00846938719141,0.00880400661973,-0.99992537669,0.0,0.640347500465,0.233378038423,0.303528601807,1.0,-0.144267428571,-0.189608620408,1.144
0.447044899897,0.429275096591,-0.125274426368,-1.54011485497,0.0682989844578,1.96064672105,0.132409729849,-0.136578984364,-0.729596433255,-0.00950651794596,-1.10225300786,-0.0672446454102,0.37321819514,-0.17932332838,0.57374153396,0.819020767288,0.00252623450684,0.0,0.818982505167,-0.573677977385,-0.0119155946362,0.0,-0.00831003435328,0.00890558486979,-0.999925814192,0.0,0.638294919583,0.230681077117,0.303651689498,1.0,-0.156435428571,-0.20560084898,1.158
0.443891476142,0.413075404998,-0.125495538663,-1.56431038428,0.0665416164541,1.96914896244,0.128362146924,-0.160232081327,-0.797910432675,-0.00939847651677,-1.18288965482,-0.0917806775056,0.429352185046,-0.200537093427,0.573695585276,0.819051866064,0.00285710225506,0.0,0.819019052609,-0.573632109958,-0.0116077900217,0.0,-0.00786860797829,0.00899953234129,-0.99992854416,0.0,0.635131062823,0.226427870059,0.303875023544,1.0,-0.173818285714,-0.228446889796,1.178
0.441706389253,0.402437597245,-0.125603479291,-1.58046848886,0.0654668512694,1.97462895745,0.125644372681,-0.172463399678,-0.810164863877,-0.0122915630736,-1.25548592174,-0.0782938484421,0.413558284609,-0.210833981424,0.57369961368,0.819049134704,0.00283109620412,0.0,0.81901530581,-0.573635454201,-0.0117064697472,0.0,-0.00796431009759,0.00903488224439,-0.999927467703,0.0,0.632818103976,0.223437578995,0.303849030591,1.0,-0.185117142857,-0.243296816327,1.191
0.437764823344,0.383914119794,-0.125825774833,-1.60806083047,0.0634874753565,1.98397982464,0.120836355957,-0.189346752109,-0.907869814211,-0.010994978462,-1.34207398445,-0.0950909050914,0.428464475836,-0.244298751692,0.573676424448,0.819064708033,0.00301844152329,0.0,0.819033368411,-0.573611702692,-0.0116061563466,0.0,-0.00777492936921,0.00913055839419,-0.999928089103,0.0,0.628827890077,0.218187117004,0.303977389358,1.0,-0.203369142857,-0.267285159184,1.212
0.435265976528,0.372648504988,-0.125946950564,-1.62466793836,0.0622326743499,1.98955872653,0.117831552351,-0.206735436044,-0.940867142591,-0.0160734710858,-1.41450760837,-0.0931004411181,0.452409982087,-0.243627294943,0.573615122967,0.819107070991,0.00316920455974,0.0,0.81907800642,-0.573550316603,-0.0114891524781,0.0,-0.00759329395029,0.00918635423001,-0.999928973869,0.0,0.626380015384,0.214963256045,0.304085550771,1.0,-0.213798857143,-0.280992783673,1.224
0.430377147563,0.352080593488,-0.126193597606,-1.65522784283,0.0598601942454,1.99957072355,0.112286468675,-0.24848527398,-1.00745915924,-0.0181460476018,-1.50741871204,-0.128398320814,0.481763681796,-0.282362677248,0.57366504006,0.819072444207,0.00308218359095,0.0,0.819042597585,-0.573600907188,-0.0114877985473,0.0,-0.0076415430542,0.00911476355585,-0.999929261451,0.0,0.62175606981,0.208851454583,0.304072866118,1.0,-0.232050857143,-0.304981126531,1.245
0.427015266618,0.338649086244,-0.126374510509,-1.67483231294,0.0584054994141,2.00594608933,0.108536482257,-0.256779386811,-1.02984553715,-0.0135690357317,-1.51274764605,-0.110897563592,0.482238062937,-0.289884980909,0.573724296942,0.819030324181,0.00324130713925,0.0,0.819002177045,-0.573659240071,-0.0114567525115,0.0,-0.0075241667967,0.00922783254776,-0.999929114498,0.0,0.618743119197,0.204819271746,0.304158207978,1.0,-0.243349714286,-0.319831053061,1.258
0.421200122257,0.316010833817,-0.126588092549,-1.70795203362,0.0557201390464,2.01645389417,0.102081949444,-0.292699694869,-1.10729348222,-0.0208416822678,-1.61541896285,-0.134601235132,0.507572669214,-0.320000067537,0.573614145805,0.819107756029,0.00316901369503,0.0,0.819078653863,-0.573549297663,-0.0114938608541,0.0,-0.00759727126423,0.0091888895618,-0.999928920363,0.0,0.613453563849,0.197992120085,0.304137202939,1.0,-0.261601714286,-0.343819395918,1.279
0.417273603952,0.301449425141,-0.126715445726,-1.72902752744,0.053959774557,2.02306296324,0.0977150064013,-0.309396540011,-1.12723692038,-0.0047763428696,-1.61771078916,-0.13494640529,0.495839278863,-0.343910094434,0.573442446242,0.819227905169,0.00318545791247,0.0,0.819199093362,-0.573377664582,-0.0114737132263,0.0,-0.00757326144119,0.00918921533471,-0.999929099503,0.0,0.610013972406,0.193548861062,0.304146529529,1.0,-0.272900571429,-0.358669322449,1.292
0.410598701441,0.278049626027,-0.126994286444,-1.76258095709,0.0511725443412,2.03322145623,0.0907042643027,-0.345825005619,-1.17958362116,-0.0146778443034,-1.71611364434,-0.138257390131,0.502804884428,-0.361559351891,0.573452991806,0.819220706046,0.00313813249338,0.0,0.81919059225,-0.573387525426,-0.0115873273971,0.0,-0.00769336062762,0.00921569360936,-0.999927939,0.0,0.604390333907,0.186236836295,0.304152495281,1.0,-0.290283428571,-0.381515363265,1.312
0.405867617081,0.262281645053,-0.127205266236,-1.78478027142,0.0492470689925,2.03993633729,0.0858081874168,-0.367802994022,-1.2178511618,-0.0198969767031,-1.71726173449,-0.145729246893,0.505910956058,-0.374924099844,0.573443989671,0.819226307071,0.00331593351155,0.0,0.819198669638,-0.573378185384,-0.0114779392918,0.0,-0.00750189031369,0.00929854264769,-0.999928626826,0.0,0.600623163249,0.181243789,0.304254452476,1.0,-0.301582285714,-0.396365289796,1.325
0.397477120266,0.236093535151,-0.127623165534,-1.82144595345,0.0459188900108,2.05065533054,0.0774533674351,-0.408665919891,-1.26746580417,-0.0205071854985,-1.72083097322,-0.151209724595,0.497162868455,-0.40707773484,0.573584478438,0.819127655401,0.00338779483907,0.0,0.819101374714,-0.573518980726,-0.011386992117,0.0,-0.00738457768786,0.00930652852385,-0.999929425779,0.0,0.59423743145,0.172687194869,0.304332475184,1.0,-0.319834285714,-0.420353632653,1.346
0.391963577268,0.219337181836,-0.12778121582,-1.84477423328,0.0438119304554,2.05733185665,0.0718513418737,-0.439072074992,-1.2889747122,-0.0184637612267,-1.78698314178,-0.16418040973,0.494369313773,-0.441759540747,0.573438061217,0.819229914296,0.0034473717709,0.0,0.819203880645,-0.573371751548,-0.0114273078175,0.0,-0.00738510899966,0.00937713411142,-0.999928762223,0.0,0.590020528772,0.16727818574,0.304327344798,1.0,-0.331133142857,-0.435203559184,1.359
0.382707566061,0.19272739176,-0.128155121703,-1.88122678031,0.040295753026,2.0674346327,0.0627607553826,-0.484415035217,-1.33898579859,-0.0209048178667,-1.85163703708,-0.178088601444,0.525576052414,-0.466522194104,0.573371143334,0.819276342819,0.00354301988026,0.0,0.819251812223,-0.573304917591,-0.0113440087921,0.0,-0.00726278714679,0.00940713386525,-0.999929376384,0.0,0.583292643366,0.158469691524,0.304392286515,1.0,-0.348516,-0.4580496,1.379
0.37607677305,0.174950588138,-0.12853817979,-1.90526951148,0.0379709076236,2.07380508077,0.0564171544734,-0.522930050288,-1.38414936714,-0.0299142512287,-1.86131144114,-0.173980915973,0.517519077304,-0.499450949169,0.573511886606,0.819177639236,0.00358583305553,0.0,0.819153385403,-0.57344516607,-0.0113630803842,0.0,-0.00725224235969,0.00945439098204,-0.999929007216,0.0,0.578756895967,0.152363267226,0.304436502919,1.0,-0.359814857143,-0.472899526531,1.392
