position_joint1,position_joint2,position_joint3,position_joint4,position_joint5,position_joint6,position_joint7,velocity_joint1,velocity_joint2,velocity_joint3,velocity_joint4,velocity_joint5,velocity_joint6,velocity_joint7,ee_T_00,ee_T_10,ee_T_20,ee_T_30,ee_T_01,ee_T_11,ee_T_21,ee_T_31,ee_T_02,ee_T_12,ee_T_22,ee_T_32,ee_T_03,ee_T_13,ee_T_23,ee_T_33,v_x,v_y,time
0.46507017253,0.547866163714,-0.123998141685,-1.35584330696,0.0794758503198,1.89409078089,0.159170167198,-0.000750146919626,0.000762025661224,0.00106815796913,0.000613096024143,-0.000230744615132,0.000402112509425,-0.000517310122105,0.573818576661,0.818968627461,0.00183717581616,0.0,0.818924254409,-0.573760711345,-0.0119356004671,0.0,-0.00872095093465,0.00835353793858,-0.999927079051,0.0,0.661674981513,0.260875641168,0.303148701895,1.0,0.0,0.0,0.0
0.465071233474,0.547863379654,-0.124003431399,-1.35584542721,0.0794743281078,1.89409392056,0.159174437893,-0.00698055686919,-0.000794681713285,-0.000844588834213,0.000523247352641,0.000186756288086,0.000169852085109,0.00124284928337,0.573824630631,0.818964383297,0.00183822557648,0.0,0.818920067858,-0.57376680222,-0.01193004743,0.0,-0.00871573893041,0.00835127566169,-0.999927143391,0.0,0.661676219436,0.260873034112,0.303150110076,1.0,-6e-05,-7.88571428571e-05,0.004
0.465071720599,0.547857723746,-0.124003431435,-1.35585010216,0.0794721863653,1.89409197849,0.159178820352,-0.000295886025,-0.00193368512039,-0.00635987644893,0.000128028153629,-8.35390519949e-05,-0.00013235319863,0.00161456556439,0.57382748469,0.818962387299,0.00183654714087,0.0,0.818918062827,-0.573769675336,-0.0119294988413,0.0,-0.0087162236079,0.00834961669661,-0.99992715302,0.0,0.661674903214,0.26087239663,0.30315171923,1.0,-0.0003,-0.000394285714286,0.016
0.465072349688,0.547858004412,-0.124004178519,-1.35585714098,0.0794729736847,1.89409056049,0.159169801804,0.000489120015223,-0.00267813310271,-0.00123075253405,-0.00284300925225,7.11059466446e-05,-0.00699743596171,-0.00140581024857,0.573820688498,0.818967164482,0.00182971363179,0.0,0.818922737311,-0.573762895859,-0.0119346784971,0.0,-0.00872445598865,0.00834692023216,-0.999927103738,0.0,0.661672960918,0.260871570578,0.303148073583,1.0,-0.00064,-0.000841142857143,0.033
0.465070116405,0.547822044484,-0.124000594964,-1.35588477829,0.0794728530977,1.89409712593,0.159166942987,0.00026071629962,-0.00360078236764,5.63588630142e-06,-0.000226141325843,9.61181665038e-05,0.000244455960372,-0.00711024783069,0.573819133473,0.818968220224,0.00184478335529,0.0,0.818923951812,-0.573761241148,-0.0119308929421,0.0,-0.00871272471782,0.00835707282468,-0.999927121225,0.0,0.661668655349,0.260869788713,0.303160845442,1.0,-0.00098,-0.001288,0.05
0.465073685662,0.547711990911,-0.12400133551,-1.35601014368,0.0794730583658,1.89412381422,0.159164898971,-0.000679835657902,-0.00762726177489,0.000229091258401,-0.0107287505943,0.000350689602143,-0.000184281500939,-0.000995956540333,0.573821944592,0.818966216127,0.00186001310798,0.0,0.818922052353,-0.573763897435,-0.0119335272075,0.0,-0.00870611487178,0.00837108670922,-0.999927061576,0.0,0.661647377455,0.260860135162,0.303181483565,1.0,-0.0013,-0.00170857142857,0.066
0.465065195345,0.547572274144,-0.123998232961,-1.35620889611,0.0794686786295,1.89416719447,0.159166857892,-0.000400639666787,-0.00810133073106,-0.000515197887752,-0.0124027229489,-0.000195109419933,0.00588000590203,0.000753755290961,0.573838074622,0.818954930412,0.0018528273717,0.0,0.818910547224,-0.573779935131,-0.0119519282135,0.0,-0.00872514335532,0.0083759326136,-0.999926855138,0.0,0.661615897934,0.260836788837,0.303189517933,1.0,-0.00166,-0.00218171428571,0.084
0.465048262144,0.547413525081,-0.124003408612,-1.3564085995,0.0794655548416,1.89427494396,0.159157198757,-0.000938965421343,-0.0148974259804,-0.000604374378362,-0.00914647069718,-0.000368082828854,0.00563925971391,-0.00113662766286,0.573858193709,0.818940695396,0.00191254766927,0.0,0.818897081473,-0.573799791205,-0.01192126119,0.0,-0.00866555331443,0.00840745498736,-0.999927108787,0.0,0.661601579697,0.260807794778,0.303216442106,1.0,-0.00198,-0.00260228571429,0.1
0.465021394625,0.547236444539,-0.12400063349,-1.3566127262,0.0794650417488,1.89438911369,0.159151585641,-0.0042132193732,-0.014027779277,-0.000450214019416,-0.012084898398,-0.000594461399207,0.00350973151192,0.000794581108812,0.573882639967,0.818923346141,0.00200389365829,0.0,0.81888082729,-0.573823764191,-0.0118838229733,0.0,-0.0085822235066,0.00846103269862,-0.999927375546,0.0,0.661586005451,0.260780238913,0.303260578205,1.0,-0.00232,-0.00304914285714,0.117
0.464988847527,0.547007397328,-0.123998757385,-1.35690486853,0.0794569347489,1.89453242686,0.159132057553,-0.00156666880744,-0.0101798418519,0.000679859764497,-0.0137856493519,9.29416740013e-05,0.0140957686605,0.000725838706401,0.573908872212,0.818904806382,0.002066732137,0.0,0.818863086464,-0.573849719745,-0.011852918501,0.0,-0.00852058232014,0.00849502930156,-0.999927614457,0.0,0.661564769155,0.260733724351,0.303290091934,1.0,-0.00266,-0.003496,0.134
0.46495838992,0.546773028859,-0.123998839781,-1.3572823588,0.0794492787814,1.89466346684,0.159095430402,0.000908587227462,-0.0141047991712,0.000310673024411,-0.0224006724885,2.03375793238e-05,0.0108351544786,0.000414325389761,0.57392293202,0.818894958147,0.00206458795172,0.0,0.818853060252,-0.573863636905,-0.0118717671884,0.0,-0.00853710270991,0.0085042373284,-0.999927395277,0.0,0.661518872884,0.260679450592,0.303287779088,1.0,-0.003,-0.00394285714286,0.151
0.464912292847,0.546503162218,-0.123996307759,-1.35767822925,0.0794349050964,1.89481283624,0.15895078243,-0.00484994879592,-0.0191357493114,0.00337417320791,-0.0274670319524,-0.00167778675663,0.0109393451796,-0.00668067147363,0.5738587899,0.818939839824,0.0020916272028,0.0,0.818898189394,-0.573799289306,-0.0118691996618,0.0,-0.00852015030674,0.00852423840228,-0.999927369562,0.0,0.661477183874,0.260614792944,0.303303336583,1.0,-0.00332,-0.00436342857143,0.167
0.464876078302,0.54621351497,-0.123999814759,-1.35816133561,0.0794135485205,1.89497290803,0.158934099892,-0.000521527191526,-0.016843295926,0.000478482357774,-0.0280612458812,-0.00396568474402,0.00260182406352,-0.00463162526698,0.573898498428,0.818912078157,0.00206607161568,0.0,0.818870015515,-0.573839016997,-0.0118923153055,0.0,-0.00855333281411,0.0085169899711,-0.999927148036,0.0,0.661417288805,0.260542667851,0.303292480473,1.0,-0.00366,-0.00481028571429,0.184
0.464829157586,0.545896174754,-0.124001763219,-1.35871174378,0.0793659035811,1.89515798968,0.158885992581,-0.00148904917961,-0.0147205730332,0.000238171283942,-0.0342532036823,-0.00256240876212,0.0119851509411,0.000812086378998,0.573916940894,0.818899278058,0.00201599938288,0.0,0.818856673418,-0.573857771103,-0.0119060423415,0.0,-0.00859311800975,0.00848405729148,-0.999927086889,0.0,0.661351515369,0.260454177777,0.30327125354,1.0,-0.004,-0.00525714285714,0.201
0.464770583624,0.545553598248,-0.123999513255,-1.35928846289,0.0792787930909,1.89536048322,0.158792538758,-0.000119289159255,-0.0216320354583,0.000626861603844,-0.0417193882243,-0.00156435409404,0.00906701956999,-0.00299016467153,0.57389584262,0.818914199188,0.00196038069236,0.0,0.818871312851,-0.573837339123,-0.011883943729,0.0,-0.00860715633626,0.00842560763028,-0.999927460367,0.0,0.661288063619,0.260352418379,0.303256648352,1.0,-0.00432,-0.00567771428571,0.217
0.464705243477,0.54515711557,-0.12400131966,-1.35998288906,0.0792695606133,1.89557668461,0.158690272141,-0.00837437120072,-0.0234131655467,-7.86479411517e-05,-0.03876434363,-0.0021542051846,0.0154556851556,-0.00394947899817,0.573902984253,0.818909316789,0.00190851826527,0.0,0.818865400072,-0.573844350526,-0.0119526078706,0.0,-0.00869307688941,0.00842261906088,-0.999926742268,0.0,0.661199970852,0.260244110771,0.303225623724,1.0,-0.00466,-0.00612457142857,0.234
0.464642583056,0.544725034669,-0.124004560735,-1.36070431943,0.0792433660946,1.895822383,0.158645405592,-0.00695721126769,-0.0290679793223,-0.00257934419519,-0.0418486575185,-0.00860419673746,0.0141122808559,-0.00264625005627,0.573953008767,0.818874324316,0.00187925628535,0.0,0.818829849724,-0.57389432301,-0.01198874969,0.0,-0.00873895304008,0.00841993220744,-0.99992636501,0.0,0.661112992173,0.260133272692,0.303209483664,1.0,-0.005,-0.00657142857143,0.251
0.464574910781,0.544297160281,-0.124007704223,-1.36142065435,0.0792129911724,1.8960929763,0.158520398038,-0.00524820373368,-0.0274403298256,-0.00114212425086,-0.0442283285969,-0.00350075246808,0.0147662033153,-0.010284016546,0.573940209261,0.818883318115,0.00186933340968,0.0,0.818838607131,-0.573881464801,-0.0120061122315,0.0,-0.00875899786433,0.0084216350746,-0.999926175284,0.0,0.661033467854,0.260020747165,0.303194902656,1.0,-0.00532,-0.006992,0.267
0.464505106701,0.543758350589,-0.124002716352,-1.3622958585,0.0791734039599,1.89639186166,0.158408151991,-0.0033496956773,-0.0344455969428,0.000832910952256,-0.0505404345704,-0.00237169199905,0.00779719154989,-0.00580252441405,0.573940040681,0.818883489273,0.00184596873795,0.0,0.818838279297,-0.573881211485,-0.01204053005,0.0,-0.00880059392304,0.00842225432622,-0.999925804837,0.0,0.660925044735,0.259894555669,0.303185330544,1.0,-0.00568,-0.00746514285714,0.285
0.464417042164,0.543215661218,-0.124005935214,-1.36315142598,0.0791195190299,1.89669566162,0.158300289748,-0.0082610997668,-0.0335099930314,0.000349505345313,-0.0573525640663,-0.00359275035517,0.0205034124568,3.90028348105e-05,0.573959261154,0.818870039617,0.00183620662892,0.0,0.818824714266,-0.573900483801,-0.0120444551992,0.0,-0.00880921323807,0.00841672002333,-0.999925775538,0.0,0.660829525985,0.259751955352,0.303188452347,1.0,-0.00602,-0.007912,0.302
0.464352708706,0.54267672057,-0.124011874906,-1.36400831391,0.0790719391468,1.89699805691,0.158195548455,-0.00253077653078,-0.0366414348454,2.80392644883e-05,-0.0512004862402,-0.00173712229977,0.00946694807503,-0.00354164346036,0.573965211424,0.818865896875,0.00182370834572,0.0,0.818820370572,-0.573906452125,-0.0120553658942,0.0,-0.00882525993228,0.00841281215039,-0.999925666927,0.0,0.660727299536,0.259624185271,0.303188209342,1.0,-0.00634,-0.00833257142857,0.318
0.464276400234,0.542148870911,-0.124009829952,-1.36482948007,0.0790301071391,1.89731023786,0.158078882936,-0.00515567968144,-0.0335371832852,-0.000931439142061,-0.0587994399572,-0.000557892616428,0.0186279102707,-0.00846684895099,0.573965255956,0.818865820102,0.00184405124798,0.0,0.818820480051,-0.573906331527,-0.0120536709804,0.0,-0.00881219614779,0.00842849755226,-0.99992565005,0.0,0.660635809955,0.259498827968,0.303197654162,1.0,-0.00664,-0.00872685714286,0.333
0.464181302958,0.541399653462,-0.124017240071,-1.3659793728,0.0789449150779,1.89774233019,0.157925062825,-0.00141803280507,-0.0393638919563,-0.000143467309004,-0.0583669016577,-0.00340785133159,0.0235862253823,-0.0110420527531,0.573963454401,0.818867046836,0.00185997832266,0.0,0.818822097902,-0.573904636229,-0.0120244502119,0.0,-0.00877914487789,0.0084247485356,-0.999925972374,0.0,0.660507540258,0.259320598595,0.303217734991,1.0,-0.00704,-0.00925257142857,0.353
0.46409973233,0.540751812886,-0.12401731948,-1.36698357963,0.0789004263999,1.89810392127,0.157814287476,-0.00269917234645,-0.0445106033834,-0.000681586102764,-0.0621772215906,-0.00400262576213,0.0192913946753,-0.0107807383964,0.573983310197,0.818853098796,0.00187326144047,0.0,0.818808151631,-0.573924267021,-0.0120371694178,0.0,-0.00878173235488,0.00844313864199,-0.99992579454,0.0,0.660388499536,0.259173320711,0.303229085289,1.0,-0.00736,-0.00967314285714,0.369
0.463992362631,0.540010472553,-0.12401621022,-1.36810120912,0.0788312951638,1.8985194353,0.157657915213,-0.00808777138688,-0.0443388100408,0.000575880308133,-0.0648950987057,-0.00402572170966,0.0245551650594,-0.00642075304954,0.573985776424,0.818851293607,0.00190638954735,0.0,0.818806781989,-0.573926592569,-0.0120194430459,0.0,-0.0087481772591,0.00846011692285,-0.999925945166,0.0,0.660264074284,0.258997148757,0.303257026285,1.0,-0.0077,-0.01012,0.386
0.463901064434,0.539262699428,-0.12402899333,-1.36925536324,0.0787694071884,1.89895683409,0.157526390219,-0.00862082380041,-0.0457557655971,-0.000552287727686,-0.075808604989,4.67960643357e-05,0.0214365134413,-0.0139063884239,0.574009145587,0.818834849382,0.00193316370761,0.0,0.818790685334,-0.573949842121,-0.0120058003107,0.0,-0.00872139659821,0.00847445877502,-0.999926057661,0.0,0.66013412576,0.258821941238,0.303274380526,1.0,-0.00804,-0.0105668571429,0.403
0.46379116774,0.538545709952,-0.124027519621,-1.37038094757,0.078695093667,1.89939274638,0.157384157143,-0.00326216431362,-0.0472644688697,0.000212324963783,-0.0695790170986,-0.00100221120184,0.0197203064551,-0.00838789462045,0.57402404027,0.818824363414,0.00195191509727,0.0,0.818780510508,-0.573964719782,-0.0119884510378,0.0,-0.00869627281769,0.00848001240761,-0.999926229393,0.0,0.660011689669,0.258643614605,0.303282847404,1.0,-0.00836,-0.0109874285714,0.419
0.463689480686,0.537762235175,-0.124030790936,-1.37160000711,0.078626133579,1.89986877189,0.157230692242,-0.00462026814056,-0.0439835884129,-0.000901413274698,-0.0753698419864,-0.00206671672747,0.032274413661,-0.0121829738713,0.574032883236,0.818818080514,0.00198667774723,0.0,0.818774677128,-0.573973410975,-0.0119707346887,0.0,-0.00866172056202,0.0084984003994,-0.999926373183,0.0,0.659875788988,0.258461328379,0.303297308811,1.0,-0.0087,-0.0114342857143,0.436
0.463570686634,0.536928035339,-0.124033984165,-1.37290399499,0.0785574027646,1.90034465611,0.157074969759,-0.00854422572003,-0.0520767701423,0.000994384531577,-0.0751199666962,-0.00790900548134,0.0307874770303,-0.00876356750751,0.574058257203,0.818800268101,0.00199629546271,0.0,0.81875689197,-0.573998644932,-0.0119772437915,0.0,-0.00866126629335,0.00851028021482,-0.999926276081,0.0,0.659725618565,0.258258428521,0.303307010765,1.0,-0.00904,-0.0118811428571,0.453
0.463460283676,0.536129540714,-0.124041893533,-1.37415274116,0.0784735856888,1.9008106091,0.156916607616,-0.00465209074526,-0.0523124991051,-0.00175722485646,-0.0841884589526,-0.00967697207201,0.0288056195575,-0.0143598263518,0.574070760637,0.818791486763,0.00200247040577,0.0,0.818748298584,-0.574011226526,-0.01196170092,0.0,-0.00864486482728,0.00850654576073,-0.999926449791,0.0,0.659584801046,0.258061323541,0.303316911757,1.0,-0.00936,-0.0123017142857,0.469
0.463349745714,0.535232358989,-0.124041816951,-1.37556028339,0.0783977356911,1.90131852761,0.15675081292,-0.00642319767724,-0.0557164233718,-0.000265576868336,-0.0772954323333,-0.00436969525169,0.0283893722373,-0.00641210908656,0.574082330393,0.818783367978,0.00200528160777,0.0,0.818740097417,-0.574022665912,-0.011974088804,0.0,-0.00865327426738,0.0085160812248,-0.999926295886,0.0,0.659415545215,0.257855360098,0.303324127927,1.0,-0.0097,-0.0127485714286,0.486
0.463210261166,0.534282477453,-0.124048144415,-1.3771133271,0.0783224187709,1.90188474388,0.15655520695,-0.0127729351951,-0.0438290479154,-0.000803463734558,-0.0840755523123,0.000746387589494,0.0280247302057,-0.0117777651563,0.574105804591,0.818766967623,0.00198110208347,0.0,0.818723207523,-0.574046068437,-0.0120069844941,0.0,-0.0086938458058,0.00851541769407,-0.999925949612,0.0,0.659234005534,0.257614060614,0.303304383096,1.0,-0.01006,-0.0132217142857,0.504
0.463095354301,0.533472600526,-0.124041087056,-1.37842435924,0.0782392233051,1.90237730145,0.156395330676,-0.0059333563284,-0.0530273543443,0.000334459410219,-0.0849501190886,-0.00725099338958,0.0364498983491,-0.00635894939258,0.574113501807,0.818761593205,0.0019716582823,0.0,0.818717701197,-0.574053796434,-0.0120129699847,0.0,-0.00870408810225,0.0085112036685,-0.999925896386,0.0,0.659081069293,0.257417388897,0.30329403403,1.0,-0.01036,-0.013616,0.519
0.462963693567,0.532513574909,-0.124043546651,-1.37995646472,0.0781487622474,1.90295738963,0.156199804837,-0.00735869836737,-0.0600710659612,0.000157915761064,-0.0923414949721,-0.00304687950611,0.0356540167344,-0.0155173928551,0.574122463142,0.818755297614,0.00197657424097,0.0,0.818711458537,-0.574062724711,-0.0120117716339,0.0,-0.00870019157023,0.00851463582999,-0.999925901076,0.0,0.658904587764,0.257184642954,0.30329136983,1.0,-0.0107,-0.0140628571429,0.536
0.462822855025,0.531484290935,-0.124045840983,-1.38163592035,0.0780613772184,1.90356002975,0.155981668941,-0.00765727625971,-0.058557586805,0.00209368964054,-0.0968190127207,-0.00882769109902,0.0357015949056,-0.0211488057263,0.574128854916,0.818750897242,0.00194245193323,0.0,0.818706436868,-0.574069090674,-0.0120497412326,0.0,-0.00875080331084,0.00850856585323,-0.9999255111,0.0,0.658701799602,0.256931431929,0.303269863068,1.0,-0.01106,-0.014536,0.554
0.462697374027,0.530518444154,-0.124046184963,-1.38318521904,0.077958621564,1.90410148472,0.155786557593,-0.0110369627357,-0.0578157245704,-0.000505076525414,-0.099370693796,-0.00329680645059,0.0359943423842,-0.0172609584965,0.574128534288,0.818751217533,0.0019017899622,0.0,0.81870623857,-0.574068959046,-0.012069469209,0.0,-0.00879030326647,0.00848659736637,-0.999925351331,0.0,0.658511506258,0.256697505469,0.303259955578,1.0,-0.01138,-0.0149565714286,0.57
0.462552876289,0.52949073066,-0.124052363036,-1.38481513603,0.0778520032949,1.90470997735,0.155563533349,-0.00789056825978,-0.0591363727975,3.45023128848e-05,-0.10138871291,-0.00519234124473,0.0377095560513,-0.0120776771428,0.574128453595,0.818751277589,0.00190029485233,0.0,0.818706365505,-0.574068968314,-0.0120604146712,0.0,-0.0087837487293,0.00848017398645,-0.999925463426,0.0,0.658323382454,0.256442842353,0.303261042282,1.0,-0.01172,-0.0154034285714,0.587
0.46242367528,0.528391172884,-0.124050655176,-1.38652350373,0.0777463168873,1.90536629091,0.155332756524,-0.00150338207493,-0.0648565219357,0.00171441081217,-0.100515986103,-0.00798891871651,0.0402862650194,-0.0047271785219,0.574108352741,0.818765282419,0.0019386899968,0.0,0.818720893922,-0.574048724946,-0.0120376968063,0.0,-0.00874331404046,0.0084983519111,-0.999925663474,0.0,0.658122101946,0.256197878233,0.303279021486,1.0,-0.01206,-0.0158502857143,0.604
0.462287027599,0.527323435539,-0.124050656348,-1.38816614417,0.0776516369598,1.90599601822,0.155090898811,-0.00454366285507,-0.0713226664945,0.000232872286428,-0.105697399593,-0.00307792832997,0.0409531425763,-0.0131097831653,0.574085683252,0.818781060628,0.00198744626197,0.0,0.818737272655,-0.574025814167,-0.0120162363931,0.0,-0.00869798878332,0.00852570975827,-0.999925825881,0.0,0.657931277499,0.255954400094,0.303303373131,1.0,-0.01238,-0.0162708571429,0.62
0.462133974883,0.526149141654,-0.124050998301,-1.38997995189,0.0775218612139,1.90667615252,0.154858163349,-0.00745365403292,-0.076137321301,0.00070646122761,-0.110552969841,-0.00355067033445,0.0458486573043,-0.016560193667,0.574083516505,0.818782523671,0.00201045018627,0.0,0.818739207276,-0.574023718659,-0.0119844811191,0.0,-0.00865880431228,0.00852629161364,-0.999926161004,0.0,0.657718872242,0.255678824012,0.303325300903,1.0,-0.01272,-0.0167177142857,0.637
0.46196044333,0.524904324706,-0.124058863791,-1.3919275901,0.0774150112879,1.90736506989,0.154596222659,-0.0142462200829,-0.0708554028549,0.00103299900103,-0.10558343019,-0.00720631924799,0.045233613613,-0.0159871923209,0.574092565373,0.818776195102,0.00200390086679,0.0,0.818732653761,-0.574032656806,-0.0120040612205,0.0,-0.00867850212142,0.00853226564808,-0.999925939279,0.0,0.657483725242,0.255374775553,0.303333882945,1.0,-0.01308,-0.0171908571429,0.655
0.461820744707,0.523851709621,-0.124068375889,-1.3936105223,0.0772946434731,1.90797250416,0.154363783322,-0.00809588923245,-0.0753969166836,-0.00102229920591,-0.111513838937,-0.00686250404962,0.0454071549595,-0.0159055210091,0.574081114527,0.818784301792,0.00197179695361,0.0,0.818740501358,-0.57402150039,-0.012002309235,0.0,-0.00869561595863,0.00850485283366,-0.999926024134,0.0,0.657281353169,0.255113256266,0.303325947777,1.0,-0.01338,-0.0175851428571,0.67
0.461652577875,0.522550971073,-0.124068452471,-1.39567108439,0.077172035434,1.90876042897,0.154083715978,-0.0144616819091,-0.0683807308125,-0.000139526834511,-0.117632294525,-0.00953729545408,0.0457967544795,-0.0169019761921,0.574067080998,0.818794084622,0.0019950947309,0.0,0.818750566591,-0.574007348691,-0.0119925083624,0.0,-0.00867436287838,0.00851815321159,-0.999926095516,0.0,0.657037332905,0.254808823676,0.303327775869,1.0,-0.01374,-0.0180582857143,0.688
0.461490177395,0.521297306503,-0.124074425348,-1.39766033699,0.077056627153,1.90953703021,0.153807858236,-0.00677854569765,-0.0743505934399,-0.000136307544261,-0.114317942288,-0.0100120909544,0.051019556477,-0.0200857922046,0.574053917644,0.818803230194,0.0020289807776,0.0,0.818760157102,-0.573994047262,-0.0119743789211,0.0,-0.00864020360248,0.00853535208319,-0.999926244603,0.0,0.656805389005,0.254513010658,0.303329315928,1.0,-0.01408,-0.0185051428571,0.705
0.461322670493,0.520082552831,-0.124072411169,-1.39957176307,0.0769316785919,1.9102248574,0.153555316935,-0.0124216506565,-0.0777122889734,0.000143348056857,-0.120007445534,-0.00511616469987,0.0401878887936,-0.0179560595478,0.574050816918,0.818805432957,0.00201728937566,0.0,0.818762216431,-0.573991004896,-0.0119794049793,0.0,-0.00865106248451,0.00852863173755,-0.999926208057,0.0,0.656572385655,0.254219777571,0.303332224058,1.0,-0.0144,-0.0189257142857,0.721
0.461148037588,0.518645491654,-0.124080522648,-1.40176959244,0.076792428231,1.91101603006,0.153253149535,-0.0131181954156,-0.0831902353977,-0.000291418778271,-0.124283546284,-0.0101262846313,0.0447493680848,-0.0212636008641,0.57403111171,0.81881919223,0.00203963866109,0.0,0.81877629202,-0.573971233142,-0.0119647002821,0.0,-0.00862639838772,0.00853828237261,-0.99992633878,0.0,0.656302370883,0.253889644172,0.303363757761,1.0,-0.01476,-0.0193988571429,0.739
0.460966878982,0.517300284623,-0.124081984386,-1.40390905859,0.0766486148334,1.91177807945,0.152966171328,-0.0144089502713,-0.0830932838946,0.000774835781171,-0.129105178516,-0.010756598807,0.0418045151337,-0.0156663559415,0.574019764819,0.818827233309,0.00200461724494,0.0,0.818783922845,-0.573960080188,-0.0119775182092,0.0,-0.0086571144988,0.00851684453284,-0.999926256145,0.0,0.656037495201,0.253562188801,0.30335547177,1.0,-0.0151,-0.0198457142857,0.756
0.460799386125,0.516109640576,-0.124089685786,-1.40580160825,0.07653655493,1.91249576621,0.152698080174,-0.0141842349229,-0.0809300776276,-0.000788252788165,-0.130029324503,-0.00419367767212,0.0521982988363,-0.0229746254415,0.574012808421,0.818832080751,0.00201648290692,0.0,0.818788922011,-0.573953071861,-0.0119716078679,0.0,-0.00864553647498,0.00852309421515,-0.999926303066,0.0,0.655813727791,0.253269431931,0.303352302431,1.0,-0.0154,-0.02024,0.771
0.460618606271,0.514731563096,-0.124088313605,-1.4080200083,0.0763974864285,1.91332437058,0.15240466362,-0.013731396017,-0.0802749918035,0.00103361989723,-0.132025321614,-0.0123460257882,0.0539411524163,-0.020778944039,0.573999037876,0.818841767612,0.00200275638594,0.0,0.818798423702,-0.57393935463,-0.0119793760584,0.0,-0.00865991948923,0.00851616806638,-0.999926237618,0.0,0.655541766197,0.252940283809,0.303334445881,1.0,-0.01574,-0.0206868571429,0.788
0.460405774752,0.513167781325,-0.124094014661,-1.4105673697,0.0762440960731,1.91419736441,0.152045961369,-0.0100978780758,-0.0827139771154,-5.06903343154e-05,-0.135940583888,-0.00943963387757,0.0445168650552,-0.0123455912527,0.573975675931,0.818858366415,0.00190947450701,0.0,0.818813652426,-0.573916245363,-0.0120454477405,0.0,-0.00876780602725,0.00847746102142,-0.99992562635,0.0,0.655214864754,0.252550245972,0.30329380754,1.0,-0.01612,-0.0211862857143,0.807
0.460232551238,0.511900798002,-0.124097518874,-1.41257235958,0.0761214499867,1.91492284428,0.151759576392,-0.0143253582123,-0.0820954100881,-0.000489634868448,-0.132928135396,-0.00586531057056,0.0504592617422,-0.0253396395518,0.573957280728,0.818871286801,0.00189801314972,0.0,0.818826376681,-0.573897857437,-0.0120565742449,0.0,-0.00878368589946,0.00847426495462,-0.999925514074,0.0,0.654966731438,0.252242880201,0.303290001332,1.0,-0.01642,-0.0215805714286,0.822
0.460033800354,0.510445333032,-0.12410102501,-1.41489710887,0.0759768880712,1.91581596749,0.151427435091,-0.0108430909919,-0.0862404715821,0.000299457301343,-0.135686233773,-0.0115532408062,0.0448003953934,-0.0214485855235,0.57393313107,0.818888176918,0.00191354792922,0.0,0.818843508613,-0.573873680885,-0.0120438237546,0.0,-0.00876457882915,0.0084794090327,-0.999925638125,0.0,0.65468765609,0.251891167837,0.303280136804,1.0,-0.01676,-0.0220274285714,0.839
0.459829894635,0.508944391074,-0.124108883514,-1.41727557967,0.0758277340245,1.91667884579,0.151097856745,-0.0101537890739,-0.0914105011494,-0.00054062218211,-0.142404645816,-0.0125855931379,0.0402494159332,-0.0218880049927,0.573919178938,0.81889799362,0.0018971013928,0.0,0.818853107435,-0.573859798953,-0.0120526549144,0.0,-0.00878139377236,0.00847086027342,-0.999925563054,0.0,0.654392469786,0.251525111314,0.303273533128,1.0,-0.0171,-0.0224742857143,0.856
0.459631492884,0.507525821065,-0.12410687694,-1.41952167432,0.0756854016303,1.91748025685,0.1507915605,-0.0117885194723,-0.0917251973407,0.000618877010372,-0.142393337692,-0.00928827526483,0.0564573358818,-0.018661580468,0.57390719906,0.818906444617,0.0018731614556,0.0,0.8188611892,-0.573847870845,-0.0120714891314,0.0,-0.00881068016567,0.00846193665148,-0.999925380988,0.0,0.654109568424,0.251180077611,0.303266173295,1.0,-0.01742,-0.0228948571429,0.872
0.459417383259,0.505949420479,-0.124115938162,-1.42196274492,0.0755313957294,1.91839420143,0.150464670542,-0.0124341506759,-0.0911995333341,-4.64433371714e-05,-0.14274506172,-0.00401421655804,0.0566246500949,-0.0192130045976,0.573905907499,0.818907264807,0.00190994390447,0.0,0.818862546941,-0.573846473925,-0.0120457661686,0.0,-0.00876851967183,0.00847728110857,-0.999925621618,0.0,0.653812761531,0.250803018353,0.303285930623,1.0,-0.01776,-0.0233417142857,0.889
0.459186220599,0.504215770768,-0.124123808342,-1.42458973407,0.0753656959803,1.9194100205,0.150095676414,-0.0154437285428,-0.0971181953777,-0.00177898748668,-0.145569578718,-0.0063503931637,0.0554120762641,-0.024112176949,0.573889377074,0.818918612712,0.00200886468592,0.0,0.818875289377,-0.573829623651,-0.0119820853821,0.0,-0.0086597733993,0.00852156523352,-0.999926192902,0.0,0.653499400988,0.250400584455,0.303335210589,1.0,-0.01812,-0.0238148571429,0.907
0.458961108155,0.502639957284,-0.124125282832,-1.426919168,0.0752098640825,1.92029463282,0.149760762194,-0.0169776204849,-0.104618025935,-0.000338078398222,-0.147301063566,-0.0155712024241,0.0565485041677,-0.0149459158726,0.573877790525,0.818926467989,0.00211387549574,0.0,0.818884640331,-0.573817729779,-0.0119124188608,0.0,-0.00854258033602,0.00856745774078,-0.999926808816,0.0,0.653222588829,0.250031906671,0.303403571876,1.0,-0.01844,-0.0242354285714,0.923
0.45872955241,0.500922781404,-0.124123360072,-1.42949036033,0.075051672166,1.9211921448,0.149396090199,-0.0120966337322,-0.0987893282489,0.0015006192206,-0.14540872457,-0.00481385450703,0.0454802908403,-0.0315529667833,0.573855654147,0.818941872046,0.00215529894008,0.0,0.818900460508,-0.573795303907,-0.0119051205276,0.0,-0.00851306518435,0.00859696154078,-0.999926807308,0.0,0.65289378714,0.249634881093,0.303455981098,1.0,-0.01878,-0.0246822857143,0.94
0.458486472963,0.499214439012,-0.124125925236,-1.43210711228,0.0748880243133,1.9221456453,0.149038525573,-0.0141450989205,-0.0987967291689,0.00114531452059,-0.155777196528,-0.0099304102465,0.0544544821826,-0.0214472419736,0.573852651428,0.818943876922,0.00219267003591,0.0,0.818902923521,-0.573792122316,-0.0118890334765,0.0,-0.0084784776116,0.00861830321515,-0.999926917463,0.0,0.652567972728,0.249225162921,0.303484931503,1.0,-0.01912,-0.0251291428571,0.957
0.458238245989,0.497641847106,-0.124127373898,-1.43458141991,0.0747270290239,1.92306586308,0.148656837452,-0.0134212282102,-0.0962583406575,0.00076557402788,-0.151681315117,-0.0103797556621,0.0586142535457,-0.0304434377905,0.573826418021,0.818962231364,0.00220283479685,0.0,0.81892144816,-0.5737658901,-0.0118790573039,0.0,-0.0084647507808,0.0086206315379,-0.99992701369,0.0,0.652266077452,0.248826122199,0.303483545965,1.0,-0.01944,-0.0255497142857,0.973
0.457978762083,0.495957012108,-0.12413236255,-1.43727284849,0.0745673980076,1.92400091272,0.148271430786,-0.0183540803729,-0.0975273533049,-0.000592372604022,-0.159209008353,-0.0103789929268,0.0505749176504,-0.0217340246624,0.573819642923,0.818967129731,0.00214586064608,0.0,0.81892541937,-0.573759158128,-0.0119303342513,0.0,-0.00853950881273,0.00860332561018,-0.99992652709,0.0,0.65191990957,0.248394834821,0.30345791893,1.0,-0.01978,-0.0259965714286,0.99
0.457686362861,0.494176674298,-0.124132619293,-1.440174754,0.0743803847112,1.92502539922,0.147864888048,-0.0165506910275,-0.0999677449177,-0.000299038755467,-0.161705624925,-0.0124387123408,0.0573000957954,-0.0285910725256,0.573821652644,0.818965945318,0.00205870543283,0.0,0.818923021466,-0.573761450758,-0.0119845500066,0.0,-0.00863389873881,0.00856308043014,-0.99992606199,0.0,0.651550316808,0.247922999797,0.303405634147,1.0,-0.021424,-0.0281572571429,1.008
0.45742964219,0.49233190069,-0.124176586488,-1.44305299459,0.0742049556267,1.92609340549,0.147456428788,-0.0155571771063,-0.118574505341,-0.00413226698231,-0.181452204134,-0.00461593216308,0.0672965416252,-0.0219930818499,0.573826123097,0.818962761826,0.00207896484558,0.0,0.818920230367,-0.573765963588,-0.0119591900171,0.0,-0.00860145762245,0.00856516691919,-0.999926323707,0.0,0.651195788354,0.247457272603,0.303413708044,1.0,-0.0247245714286,-0.0324951510204,1.024
0.457102323905,0.490160414872,-0.124186690254,-1.44658314441,0.0740011118614,1.92735454496,0.146949557209,-0.0238646012487,-0.128136096762,8.47115079017e-05,-0.216545499077,-0.0140712086481,0.083248148059,-0.0277478128068,0.573807705666,0.81897585963,0.00200129031631,0.0,0.818932066294,-0.573747629837,-0.0120280901603,0.0,-0.00870264745607,0.00854089607113,-0.999925655747,0.0,0.650739456312,0.246901232105,0.303353826963,1.0,-0.0282314285714,-0.0371041632653,1.041
0.45666841743,0.487440426695,-0.12420613926,-1.45084100476,0.0737432436815,1.92892572623,0.146336587182,-0.0260427575948,-0.161642006547,0.000339641681635,-0.248240512621,-0.0138506098345,0.0971028543997,-0.0265503213029,0.573816958457,0.818969310506,0.00202818589924,0.0,0.818925806986,-0.573756706561,-0.01202128239,0.0,-0.00868154323514,0.00855911426153,-0.999925683424,0.0,0.650210775337,0.246203892813,0.303354550037,1.0,-0.0319445714286,-0.0419842938775,1.059
0.456238223508,0.484745400851,-0.124246220658,-1.45497550088,0.0734781708586,1.93049174977,0.145702866798,-0.0326384686123,-0.179469890762,-0.00665901897177,-0.270473089297,-0.0187347972608,0.1015848804,-0.0384551049236,0.573811660576,0.818972785669,0.00212165515678,0.0,0.818930737902,-0.573751253831,-0.0119453819,0.0,-0.00856580530242,0.00859205347102,-0.99992639909,0.0,0.649711545823,0.245509947837,0.303394977365,1.0,-0.0352451428571,-0.0463221877551,1.075
0.455736592899,0.481619638303,-0.124299292976,-1.45986985985,0.0731908529368,1.93217044514,0.144967296594,-0.0237311179888,-0.186300128777,-0.00189804959749,-0.299045907982,-0.0198592411429,0.112226114164,-0.0383540577714,0.573820344715,0.818966886378,0.00204887975524,0.0,0.81892366076,-0.573760012394,-0.0120097013568,0.0,-0.00866014918745,0.0085694520706,-0.999925780399,0.0,0.649077805427,0.244682459961,0.303381063202,1.0,-0.038752,-0.0509312,1.092
0.455177166398,0.478164160671,-0.124352825239,-1.46520628789,0.0728551662433,1.93409972121,0.144180908388,-0.0369303626966,-0.209865671655,-0.00129487330668,-0.314339137733,-0.0184795301255,0.116985558132,-0.048949244975,0.573841822559,0.818951760657,0.00207925466504,0.0,0.818909020186,-0.573781448047,-0.0119838823571,0.0,-0.008621349791,0.00857973848015,-0.999926027472,0.0,0.648406323514,0.243778835971,0.303404405343,1.0,-0.0422588571429,-0.0555402122449,1.109
0.454627299422,0.474883920838,-0.124382922379,-1.47023923647,0.0725512810977,1.93596117354,0.14345979752,-0.0347553391614,-0.222164117924,0.000708312316773,-0.345712748586,-0.0183511865451,0.121491428019,-0.0525970070218,0.573884213958,0.818921782673,0.00218397224232,0.0,0.818880312993,-0.57382330699,-0.0119411996549,0.0,-0.00852585848341,0.00864144422563,-0.999926314875,0.0,0.647732643522,0.242876395152,0.303446312151,1.0,-0.0455594285714,-0.0598781061224,1.125
0.453950352457,0.470903964245,-0.124416759646,-1.47635629709,0.0721825932659,1.93811575399,0.142546300776,-0.045034055078,-0.239003592517,-0.00165242485004,-0.366559226285,-0.0120082035844,0.131872971272,-0.0527037934753,0.573908171245,0.818904966658,0.00219396043151,0.0,0.818863395098,-0.573846985081,-0.0119634770753,0.0,-0.00853811760172,0.00866265792071,-0.999926026717,0.0,0.646986950518,0.241887700039,0.303469146188,1.0,-0.04886,-0.064216,1.141
0.453199294679,0.466329853783,-0.124429798318,-1.483189349,0.0717372616783,1.94069352222,0.141440648025,-0.0459631389334,-0.258389454179,-0.000708065068124,-0.391198508917,-0.0260209355611,0.146744682943,-0.0641695235777,0.573830208863,0.818958854566,0.00245618118409,0.0,0.818920874004,-0.573768183637,-0.0118076444581,0.0,-0.00826085541093,0.00878717030783,-0.999927269308,0.0,0.646128618236,0.240750188634,0.303597682048,1.0,-0.0525731428571,-0.0690961306122,1.159
0.452469592739,0.462056884403,-0.124441632226,-1.48981226808,0.0713038706688,1.94295271095,0.14043337572,-0.0408298018321,-0.26892766737,-0.00158622454327,-0.425616075971,-0.0321833863972,0.141596882902,-0.0615137788323,0.573803062189,0.81897810685,0.00237765094986,0.0,0.818938846113,-0.573741069264,-0.0118784960501,0.0,-0.00836423324639,0.00876323685253,-0.999926619949,0.0,0.645236821824,0.239630439738,0.303586765607,1.0,-0.0558737142857,-0.0734340244898,1.175
0.451648720965,0.457282214654,-0.124453771159,-1.49718781156,0.0708045658647,1.94552100275,0.139332882191,-0.0515682455213,-0.281854644464,-0.000944261918128,-0.443076095442,-0.0362691947993,0.158565257095,-0.0736314553021,0.573787570967,0.81898907524,0.00233772182367,0.0,0.818949217238,-0.573725656414,-0.011907882177,0.0,-0.00841137636943,0.00874723865874,-0.999926364571,0.0,0.644248053028,0.238381235185,0.303585080314,1.0,-0.0593805714286,-0.0780430367347,1.192
0.450749875532,0.452236856023,-0.124477473722,-1.50490291077,0.0702803112026,1.94832042222,0.138093229979,-0.0583036747021,-0.306292253916,-0.00350485051677,-0.453982622021,-0.0321984547662,0.172525040221,-0.0782574780039,0.573735487679,0.819025296985,0.00242898713943,0.0,0.818986787106,-0.573673391734,-0.0118418353467,0.0,-0.00830547732711,0.00878355866163,-0.999926931402,0.0,0.643239510476,0.237051501689,0.303622403107,1.0,-0.0628874285714,-0.0826520489796,1.209
0.449854944929,0.447205176503,-0.124519940706,-1.51246104595,0.0697670633146,1.95110978793,0.136950408881,-0.0553415305508,-0.315293981663,-0.00180952118303,-0.478819705228,-0.0333279778107,0.162903023014,-0.0697715162797,0.573764883067,0.819004085251,0.00262948718541,0.0,0.818968506562,-0.573702393138,-0.0117002678975,0.0,-0.00807417956854,0.00886684074945,-0.999928090794,0.0,0.642260529217,0.235734210125,0.303718316069,1.0,-0.066188,-0.0869899428571,1.225
0.448858233108,0.44166543711,-0.124546767972,-1.52108952986,0.0691814864277,1.95397930387,0.135639246223,-0.0592892290891,-0.328389127669,0.000193495202679,-0.516026591816,-0.0433909261597,0.17571775742,-0.0879434913779,0.573749938172,0.819015156291,0.00243497745588,0.0,0.818976720158,-0.573687812998,-0.0118394238904,0.0,-0.00829991051561,0.00878722775694,-0.999926945388,0.0,0.641051131439,0.234238891166,0.303653481937,1.0,-0.0696948571429,-0.091598955102,1.242
0.447764779076,0.435873306797,-0.124576098934,-1.52998711246,0.0685875446517,1.95705650841,0.134191611416,-0.0668876409625,-0.352320239968,-0.00122442638579,-0.524430425335,-0.0411864237986,0.18411677848,-0.0843604855112,0.573708999022,0.819043920484,0.00240575591968,0.0,0.819004871498,-0.573646746559,-0.0118818148955,0.0,-0.00835183499687,0.00878719912894,-0.999926513292,0.0,0.639831204697,0.232666650537,0.303643296837,1.0,-0.0732017142857,-0.0962079673469,1.259
0.446656563293,0.430168934593,-0.124600676545,-1.53852272725,0.0680018242482,1.96018882393,0.132799712764,-0.0766239682926,-0.346792217845,-0.00532639048191,-0.546540901489,-0.0352661096525,0.191061273677,-0.0793741847889,0.573703202339,0.819047249594,0.00264300214492,0.0,0.81901152564,-0.573640319559,-0.011732499565,0.0,-0.00809349472942,0.00889579306245,-0.999927677489,0.0,0.638701478808,0.231136127194,0.303741466658,1.0,-0.0765022857143,-0.100545861224,1.275
0.445330029713,0.423546811933,-0.124697164011,-1.54873600081,0.0672546009903,1.96357850037,0.131104062365,-0.0783361809709,-0.375543915161,-0.00505077251089,-0.572826547041,-0.0433288248996,0.188564082959,-0.0969303699957,0.573698022623,0.819051544725,0.00242751371118,0.0,0.819013231663,-0.573636165536,-0.0118162113747,0.0,-0.00828573604825,0.00876727174719,-0.999927238115,0.0,0.6372716176,0.229236366832,0.303682107888,1.0,-0.0802154285714,-0.105425991837,1.293
0.444002849213,0.416978776602,-0.124783074045,-1.55864116564,0.0665468300626,1.96698768145,0.129544229621,-0.0838866389599,-0.40013516948,-0.000105056124754,-0.57454405257,-0.0403624576318,0.222258803623,-0.0904262683721,0.573788170404,0.818988314774,0.00245411280402,0.0,0.818950612807,-0.573726483335,-0.0117712787775,0.0,-0.00823270876516,0.00876418643558,-0.999927703158,0.0,0.635901900388,0.227388766053,0.303722726536,1.0,-0.0837222857143,-0.110035004082,1.31
0.442665498691,0.410616299164,-0.124810257692,-1.56820403315,0.0658943518029,1.97039306079,0.12790587991,-0.0897662793584,-0.402422615729,-0.00142775160412,-0.608905162514,-0.0411884629261,0.206339370494,-0.102979244493,0.573774364351,0.818997472514,0.00262025385531,0.0,0.818961873069,-0.573712014781,-0.0116927951113,0.0,-0.00807325395941,0.00885508457557,-0.999928202446,0.0,0.634585430075,0.225618528444,0.303774733341,1.0,-0.0870228571428,-0.114372897959,1.326
0.44117768344,0.403715417323,-0.124877105593,-1.57883869771,0.0651417292914,1.97386896201,0.126163896245,-0.089184012913,-0.406776080911,-0.00174503195973,-0.626997106882,-0.0440245735624,0.200907837914,-0.112936347177,0.573833855456,0.81895650769,0.00238573799232,0.0,0.818917527906,-0.573772011457,-0.0118536179102,0.0,-0.00833888839004,0.00875589850362,-0.999926895919,0.0,0.633043588896,0.223607262052,0.303678137102,1.0,-0.0905297142857,-0.118981910204,1.343
0.439604652425,0.396444601365,-0.124956069558,-1.58951803092,0.0643763954054,1.97768620678,0.124307299852,-0.0927731830095,-0.422757405774,-0.00012738807311,-0.629777515237,-0.0490621742546,0.223758508412,-0.113925079126,0.573868763697,0.818931069445,0.00270045406088,0.0,0.818896621308,-0.573806244288,-0.011638922929,0.0,-0.00798209187888,0.0088907781935,-0.999928617588,0.0,0.631569833478,0.221558971775,0.303825165194,1.0,-0.0940365714286,-0.123590922449,1.36
0.438038583449,0.38950977477,-0.124977354815,-1.60006525502,0.0635729545026,1.98115836397,0.122540555497,-0.0972515468537,-0.435110988579,-0.000781582236749,-0.660339576019,-0.0548099087195,0.215213701144,-0.113928330452,0.57389957697,0.818909964299,0.00254810233325,0.0,0.818873513419,-0.573837562994,-0.0117203762463,0.0,-0.00813589270139,0.00881306215861,-0.999928066005,0.0,0.630020155547,0.219539015475,0.303766684677,1.0,-0.0973371428571,-0.127928816327,1.376
0.436233110837,0.381377078107,-0.125052199941,-1.61219998857,0.0626621733212,1.98512518896,0.120350166451,-0.102982630776,-0.466182174503,-0.00638097037053,-0.666268775189,-0.0473603795994,0.23611947288,-0.113359788742,0.573839887329,0.818951979174,0.00248725122262,0.0,0.818914724363,-0.573778088535,-0.0117527120381,0.0,-0.00819793436765,0.00878119066624,-0.999927839678,0.0,0.628220955204,0.217192562463,0.303785527717,1.0,-0.101050285714,-0.132808946939,1.394
