position_joint1,position_joint2,position_joint3,position_joint4,position_joint5,position_joint6,position_joint7,velocity_joint1,velocity_joint2,velocity_joint3,velocity_joint4,velocity_joint5,velocity_joint6,velocity_joint7,ee_T_00,ee_T_10,ee_T_20,ee_T_30,ee_T_01,ee_T_11,ee_T_21,ee_T_31,ee_T_02,ee_T_12,ee_T_22,ee_T_32,ee_T_03,ee_T_13,ee_T_23,ee_T_33,v_x,v_y,time
0.465073413028,0.547637639302,-0.124024702608,-1.35580762212,0.0795358077372,1.89415767856,0.159129523814,-0.00025477762084,-0.00156380393038,-0.000502359032036,0.00109328545207,0.000219225478929,0.000437145271321,-0.0018176972235,0.573815191643,0.818970240584,0.0021489019384,0.0,0.818929648048,-0.573755783866,-0.0118016494554,0.0,-0.00843241712779,0.00853192951811,-0.999928047671,0.0,0.661704485385,0.260883981946,0.303334377754,1.0,0.0,0.0,0.0
0.465076084497,0.547641992575,-0.124022628836,-1.35580762212,0.0795362574475,1.89415568325,0.15913499057,-0.000196387237676,-0.000531833577782,-0.00427744906708,0.000172228924567,8.18670437468e-05,0.000260035958616,0.000150558451326,0.573816145581,0.818969584657,0.002144149991,0.0,0.818928913321,-0.57375673908,-0.0118061928183,0.0,-0.00843885479593,0.00853065472062,-0.999928004238,0.0,0.661702773332,0.260886828918,0.30333105255,1.0,-0.00018,-0.000236571428571,0.01
0.465075601299,0.547640569743,-0.124021927322,-1.35580821166,0.0795359071225,1.89415319713,0.159135913093,0.000424134633965,-0.00134375357135,0.000330090562,0.000168075451635,6.7171199454e-05,-0.000312057361443,0.000683881134346,0.573816726387,0.818969181056,0.00214287193038,0.0,0.818928488999,-0.573757320678,-0.0118073611102,0.0,-0.00844053890808,0.00853028440602,-0.999927993183,0.0,0.661702164356,0.260886637924,0.303331539976,1.0,-0.0005,-0.000657142857143,0.026
0.465071723581,0.547629951455,-0.124024877001,-1.3558261286,0.0795359066537,1.89415951061,0.159135263435,-0.0016324178277,-0.00645087024622,0.000132427790717,-0.000947704312426,0.000149920974112,-0.000440266405133,0.00100147387993,0.573823757781,0.818964245523,0.00214626695819,0.0,0.818923620903,-0.573764361459,-0.0118028618366,0.0,-0.00843483274491,0.00853055548011,-0.999928039021,0.0,0.661700763124,0.260880526915,0.303337025747,1.0,-0.00084,-0.001104,0.043
0.465072167275,0.547544949294,-0.124022981058,-1.35589938966,0.0795322018985,1.89416847285,0.159130246834,-0.00178757034791,-0.0104096743414,-0.000445337945984,-0.00760294479003,0.000183042928302,2.2547341419e-07,-0.00123588221942,0.573819566207,0.818967140755,0.00216210624878,0.0,0.818926665904,-0.57376005162,-0.0118010989977,0.0,-0.00842434430571,0.00854247243831,-0.999928025704,0.0,0.661688182821,0.260874627849,0.303357234073,1.0,-0.00114,-0.00149828571429,0.058
0.465071598802,0.547410815513,-0.124020068451,-1.35606979982,0.0795335057924,1.8942038936,0.159130475752,0.000455374895813,-0.0108071358653,0.00103146283009,-0.00860435890757,0.000168931183376,0.00377769725613,8.54304010703e-05,0.573827843068,0.818961320516,0.00217000465797,0.0,0.81892079567,-0.573768141666,-0.0118151144714,0.0,-0.00843120453635,0.00855706834392,-0.999927843082,0.0,0.661659127959,0.260860085676,0.303374122404,1.0,-0.00148,-0.00194514285714,0.075
0.46505850106,0.54726516379,-0.124021898579,-1.35628765216,0.079527805732,1.894285579,0.159117456802,-2.75087704738e-05,-0.0127584060176,-0.0010055298245,-0.0135467135462,0.000498209588544,0.00728933003905,-0.00646096266903,0.573855972171,0.818941562201,0.002188105453,0.0,0.818901252034,-0.573796175505,-0.0118082722719,0.0,-0.00841492041402,0.00856825482477,-0.999927884462,0.0,0.661635912598,0.260821923387,0.303386368902,1.0,-0.00186,-0.00244457142857,0.094
0.46503296752,0.54708211886,-0.124020103581,-1.35650375927,0.07952672487,1.89441078137,0.159112496029,-0.00276479194479,-0.01037482663,0.000949778644672,-0.0130111038095,0.000616898655618,0.00698994650214,0.000426349704475,0.573867513075,0.818933262881,0.00226611690704,0.0,0.818893883225,-0.573807328101,-0.0117773144196,0.0,-0.00834468069897,0.0086144932662,-0.999928075818,0.0,0.661620036752,0.26080027365,0.303418355771,1.0,-0.00218,-0.00286514285714,0.11
0.465010906915,0.546883631168,-0.124023327587,-1.35673345065,0.0795221502027,1.89451882823,0.159093555582,-0.0036253823045,-0.0138704844911,-0.000463211380096,-0.0159195637616,0.000158537980047,0.00450073165182,-0.00143380684397,0.573884025225,0.81892149493,0.00233615793205,0.0,0.818882995756,-0.573823542554,-0.0117442825871,0.0,-0.00827726239556,0.00865306276872,-0.999928303146,0.0,0.661600900644,0.260765757999,0.303459097322,1.0,-0.0025,-0.00328571428571,0.126
0.464987159459,0.546682351822,-0.124025858798,-1.35704735958,0.0795188967302,1.89463413677,0.159056059093,-0.000769274479123,-0.0132874027439,-0.00143361302079,-0.0199480612175,0.000386226366886,0.00301757764077,-0.00598110706749,0.573891247429,0.818916404639,0.00234632446407,0.0,0.818877909819,-0.573830592145,-0.0117544557797,0.0,-0.00827968331855,0.00866729943551,-0.999928159802,0.0,0.661564159873,0.26072126327,0.303462328294,1.0,-0.00282,-0.00370628571429,0.142
0.464949898238,0.546410292332,-0.124020129893,-1.35743469311,0.0795080592361,1.89477543851,0.15894157216,-0.00433013031503,-0.0187491986447,0.000280969271043,-0.0197310220788,-0.00434491497268,0.00160284450537,-0.00383254285324,0.573842751239,0.818950296486,0.00237815819068,0.0,0.818912070082,-0.5737818304,-0.0117549767219,0.0,-0.00826235678796,0.0086931780004,-0.999928078472,0.0,0.661519657308,0.260665362421,0.30348269587,1.0,-0.00316,-0.00415314285714,0.159
0.464907887581,0.546102537957,-0.124023020197,-1.35791502418,0.0794941240104,1.89494489029,0.158923658407,-0.00306520390823,-0.0159822688603,-9.22223042135e-05,-0.0262872350217,0.00034913710638,0.00672447718931,-0.00125112321933,0.573887635764,0.81891883067,0.002382686044,0.0,0.818880535895,-0.573826558479,-0.0117684161199,0.0,-0.00827028826387,0.00870505132753,-0.999927909608,0.0,0.661463727217,0.260592166414,0.303486779963,1.0,-0.00352,-0.00462628571429,0.177
0.46485531938,0.545784400041,-0.124025414504,-1.3584341415,0.0794618708996,1.89511977295,0.158853730284,-0.00490076842836,-0.0184344677454,0.000222983323264,-0.0350373492283,-0.00677117587151,0.0133864799507,-0.00568905520803,0.57389548867,0.818913394673,0.00235945117263,0.0,0.818874788706,-0.57383448829,-0.011781654047,0.0,-0.00829437954671,0.00869370056777,-0.999927808813,0.0,0.661403869115,0.260505207453,0.303480153423,1.0,-0.00386,-0.00507314285714,0.194
0.464799634797,0.545474512318,-0.124023056209,-1.35899075687,0.0793987563407,1.89529946077,0.158770477495,-0.00722433506214,-0.0252677452865,0.00444649377748,-0.0338286360569,-0.00718060361179,0.00511102363958,-0.00321024586042,0.573885539102,0.818920574803,0.00228627988531,0.0,0.818881217946,-0.573825027325,-0.0117955844406,0.0,-0.00834788289519,0.00864167337175,-0.999927814561,0.0,0.661337535662,0.260409707321,0.303450018922,1.0,-0.00418,-0.00549371428571,0.21
0.464718016224,0.544982664775,-0.124025512295,-1.35983155155,0.0793539441462,1.89555620602,0.158699791579,-0.00930310399565,-0.0252206888725,0.00052352129961,-0.0429549613467,-0.000174347806126,0.00846678105139,-0.000810547690838,0.57393099629,0.818888925289,0.00221052889754,0.0,0.818848460014,-0.57387064687,-0.0118501938679,0.0,-0.008435597284,0.00861144755345,-0.999927339195,0.0,0.661232826114,0.260271122562,0.303420287452,1.0,-0.0046,-0.00604571428571,0.231
0.46465782062,0.544636283069,-0.124028993366,-1.36041737445,0.0793301359035,1.89576132935,0.158615539384,-0.00465052163004,-0.02454217801,0.000460162909134,-0.0388450059575,-0.00016536937939,0.0140036134748,-0.00706988746563,0.573940085536,0.818882619856,0.00218632403166,0.0,0.818841729269,-0.573879718656,-0.0118759346575,0.0,-0.00847047254822,0.00860649400563,-0.99992708702,0.0,0.661165985032,0.260174376505,0.303404503958,1.0,-0.00488,-0.00641371428571,0.245
0.464599752918,0.544212540283,-0.124031535165,-1.36111564894,0.0793019999146,1.89600497019,0.158506681037,-0.00157465305473,-0.0278418152419,-0.000955245463482,-0.0442020901403,-0.0022134762042,0.0189376847346,-0.00209099881483,0.573931694748,0.818888552149,0.00216698509468,0.0,0.818847265857,-0.573871260565,-0.0119028734998,0.0,-0.00850372010174,0.00860603187285,-0.999926808801,0.0,0.661082408045,0.260069166359,0.303393222071,1.0,-0.0052,-0.00683428571429,0.261
0.464521415231,0.543723497918,-0.124032909357,-1.36191909979,0.0792598351125,1.89628777263,0.158429670757,-0.00619575236309,-0.025175339534,-0.00437681425385,-0.0528881961026,-0.0038315542717,0.0138859950164,-0.00872430306852,0.573967263374,0.818863686724,0.00214243814283,0.0,0.81882200306,-0.573906845857,-0.011925036014,0.0,-0.00853558337416,0.00859902133593,-0.99992659763,0.0,0.660989854871,0.259939997218,0.303381380004,1.0,-0.00554,-0.00728114285714,0.278
0.464452874388,0.543202425366,-0.12404064609,-1.36275730476,0.0792075092433,1.89657488825,0.158318898818,-0.00112685241095,-0.0335646402836,-0.00292929417622,-0.0504867913305,-0.00547553744719,0.0122663795818,-0.00245319166003,0.573970724484,0.818861334078,0.00211421118803,0.0,0.818819294521,-0.573910433908,-0.0119383278761,0.0,-0.00856263208822,0.00858357287402,-0.999926499103,0.0,0.660890366552,0.2598085684,0.303376166499,1.0,-0.00588,-0.007728,0.295
0.464375035548,0.542645155522,-0.124038835648,-1.36364485102,0.0791609376428,1.89688727696,0.158204690772,-0.00440832030235,-0.0370149462319,-0.000327498873174,-0.0566281112161,8.96783102718e-05,0.0201310302381,-0.012827388809,0.573976570005,0.818857264874,0.00210327118454,0.0,0.818814978327,-0.57391621921,-0.0119562325273,0.0,-0.00858351167852,0.00858495257255,-0.999926308243,0.0,0.660785285334,0.259673798785,0.30337490138,1.0,-0.00622,-0.00817485714286,0.312
0.464320331335,0.542125337522,-0.124041067974,-1.36444193323,0.0791167299378,1.89718583297,0.158087191746,-0.00143054502793,-0.0373942809906,-0.000412128908553,-0.0550405254108,-0.000900592516423,0.0208866819188,-0.00805199983053,0.573959255821,0.818869350101,0.00212297528881,0.0,0.818827293942,-0.573898799458,-0.0119489571268,0.0,-0.00856642671754,0.00859673016488,-0.99992635357,0.0,0.660691975884,0.25956167272,0.303389072646,1.0,-0.00652,-0.00856914285714,0.327
0.464229088319,0.541509064236,-0.124036854559,-1.36540281091,0.0790553046857,1.89752996519,0.157967347655,-0.00451286844549,-0.0370332573096,0.00177771478133,-0.0541992628062,-0.00768281493887,0.0205249329334,-0.0103150928818,0.573969784493,0.818861973353,0.00212178878776,0.0,0.81881988744,-0.573909317354,-0.0119513299644,0.0,-0.00856894026276,0.00859723066378,-0.99992632773,0.0,0.660581357585,0.259411278126,0.303397137126,1.0,-0.00686,-0.009016,0.344
0.464142124593,0.540789838342,-0.124039685965,-1.36648597292,0.0789890435632,1.89791883126,0.157837036998,-0.00445371131884,-0.0370844752335,0.00181379840279,-0.0615824203557,-0.00995849276473,0.0194013913737,-0.0118330050178,0.573978550494,0.818855774865,0.00214253236697,0.0,0.818813959112,-0.573917996898,-0.0119406910008,0.0,-0.00854823047744,0.008608201657,-0.999926410602,0.0,0.660454750927,0.259248728718,0.303423792197,1.0,-0.00722,-0.00948914285714,0.362
0.464052678395,0.540078765745,-0.12404789591,-1.3675615553,0.0789315028513,1.89831716092,0.157694644803,-0.00323329836843,-0.0479069063943,0.000328651372837,-0.0649588990191,-0.00146843342628,0.0265344732468,-0.0151373885716,0.573985156785,0.818851062108,0.00217365511517,0.0,0.818809620361,-0.573924443584,-0.0119283512242,0.0,-0.0085201933067,0.00862667235742,-0.999926490713,0.0,0.660332754929,0.259084272902,0.303449192274,1.0,-0.00756,-0.009936,0.379
0.463959355334,0.539427967549,-0.124048092228,-1.36858979487,0.0788703074018,1.89869832805,0.157578658052,-0.00518686018202,-0.0445209785563,-8.59114704242e-06,-0.0696506445412,-0.000809504937127,0.0213554875568,-0.0102234298449,0.574007315347,0.818835521903,0.00217644175433,0.0,0.818794101156,-0.573946572537,-0.0119289012999,0.0,-0.0085188108499,0.00862950042476,-0.999926478089,0.0,0.660215862577,0.258924985138,0.303452671783,1.0,-0.00786,-0.0103302857143,0.394
0.463842279537,0.538584650255,-0.124053863966,-1.36989044359,0.0787998557105,1.89919789739,0.157416348792,-0.00765443966018,-0.0434112967758,-0.000874563663267,-0.0685008586638,0.000497812079471,0.0285881496826,-0.0158841880447,0.574027501726,0.818821268895,0.00221444559815,0.0,0.818780316162,-0.573966575223,-0.0119126527141,0.0,-0.00848347898855,0.00865150131159,-0.99992658836,0.0,0.660072370435,0.258723518837,0.303472841448,1.0,-0.00824,-0.0108297142857,0.413
0.463737055572,0.537839939909,-0.124055272293,-1.37104280446,0.0787310105664,1.89964363817,0.157275317905,-0.00385134214027,-0.0466697392743,0.000940277578478,-0.0723630840573,-0.00047062602991,0.0309303484062,-0.00736203312203,0.574044480791,0.818809280157,0.00224581890827,0.0,0.818768755115,-0.573983446076,-0.0118943759761,0.0,-0.00845032524964,0.00866687409747,-0.999926735964,0.0,0.659945443486,0.258545338611,0.303488980376,1.0,-0.00856,-0.0112502857143,0.429
0.463628064093,0.537029520929,-0.124057379937,-1.37231717379,0.0786597555044,1.90010536841,0.157112971968,-0.0103186217553,-0.0543730905603,0.000651910171523,-0.0776326225323,-0.00434922844612,0.0297465493628,-0.0112756875475,0.574053398019,0.818803026971,0.00224636284791,0.0,0.818762440604,-0.573992289854,-0.0119022663775,0.0,-0.0084563795943,0.0086719409477,-0.999926640851,0.0,0.659796175945,0.25835135767,0.303494726746,1.0,-0.0089,-0.0116971428571,0.446
0.463533290631,0.536339427512,-0.124071857136,-1.37340084583,0.0785908569196,1.90051927446,0.156987843667,-0.0117326487753,-0.0416560981741,-0.00201644669949,-0.0825710106604,-0.0104919357606,0.030267940475,-0.00906144883508,0.5740836248,0.818781805848,0.00225677872249,0.0,0.818741466571,-0.57402258581,-0.0118839723369,0.0,-0.00843510077461,0.00867027916691,-0.99992683499,0.0,0.659667536314,0.258165945149,0.303501660151,1.0,-0.0092,-0.0120914285714,0.461
0.463410828703,0.535471445013,-0.124066975088,-1.37476692015,0.0785147275242,1.90101306294,0.156824360065,-0.00740062624603,-0.0571735917467,0.00103211357238,-0.0816473442173,-0.00535704789913,0.0314179604199,-0.00955265597722,0.574097623611,0.818771987621,0.00225782011558,0.0,0.818731547975,-0.574036461626,-0.0118970574016,0.0,-0.0084450688592,0.0086787880341,-0.999926677037,0.0,0.659516160889,0.257970261473,0.303507408833,1.0,-0.00952,-0.012512,0.477
0.463290721672,0.534516905208,-0.124076207637,-1.37630215592,0.0784307637663,1.90156447316,0.156635306831,-0.0114826750173,-0.05568929517,0.000267476674506,-0.0837280791766,-0.00424766518965,0.0305001054338,-0.0187922226784,0.574109365415,0.81876381759,0.00223482646789,0.0,0.818722998757,-0.574048212211,-0.0119184002973,0.0,-0.00847561997047,0.0086723360283,-0.999926474524,0.0,0.659332298369,0.257739813907,0.303498247525,1.0,-0.00988,-0.0129851428571,0.495
0.463144839858,0.533556776418,-0.124074422325,-1.37786443774,0.0783389016784,1.9021243288,0.156442434035,-0.0132231982135,-0.0522650393565,0.000950144706638,-0.0844511072359,-0.00527053264689,0.0333360247628,-0.00762302407765,0.574130522041,0.818749077391,0.00219973496609,0.0,0.818707718248,-0.574069423442,-0.0119463823342,0.0,-0.00851845293716,0.00865988945054,-0.999926218415,0.0,0.659148120411,0.257494958116,0.303480318182,1.0,-0.01024,-0.0134582857143,0.513
0.463030944115,0.532662260376,-0.124079380957,-1.37928105981,0.0782663280933,1.90268156779,0.156264689159,-0.00504854697178,-0.0587100425173,0.000613075601346,-0.0897276679474,-0.00389201190679,0.0392804444729,-0.00709590337481,0.574140005378,0.818742336126,0.00223341904364,0.0,0.818701353577,-0.574078705275,-0.0119365280932,0.0,-0.00849094606038,0.0086819086514,-0.99992626143,0.0,0.658987456989,0.257286638674,0.303485268955,1.0,-0.01056,-0.0138788571429,0.529
0.462892050529,0.53161823191,-0.124080118906,-1.38093058346,0.0781705585124,1.90328402565,0.156049843782,-0.00651198700241,-0.0599193388611,-0.000420859595799,-0.0939881975487,-0.0114301994723,0.0380969068853,-0.0119327314313,0.5741426304,0.818740498105,0.00223240266722,0.0,0.818699436089,-0.574081266383,-0.0119448665621,0.0,-0.00849832906771,0.00868589114281,-0.999926164123,0.0,0.658791821879,0.257037974313,0.303488316317,1.0,-0.01092,-0.014352,0.547
0.462761971574,0.530691072162,-0.124077613258,-1.38246350623,0.0780747603668,1.90381861468,0.155860985807,-0.00765784314257,-0.0582200061971,0.000941986910667,-0.0973244230436,-0.00796802682796,0.0380104596365,-0.0164989413528,0.574150368047,0.818735239605,0.00217006959506,0.0,0.81869330089,-0.574089193254,-0.0119843301192,0.0,-0.00856634481721,0.00865759567423,-0.999925829136,0.0,0.658603304597,0.256804743274,0.303458297263,1.0,-0.01124,-0.0147725714286,0.563
0.462634242007,0.529726703694,-0.124081180317,-1.38399920254,0.0779759024469,1.90438364047,0.155662651225,-0.00872294340491,-0.0593566576072,8.1964048048e-05,-0.0988695380704,-0.00620040298321,0.0412038064914,-0.00676381374499,0.574151986032,0.81873413221,0.00215976665305,0.0,0.818692100934,-0.574090895888,-0.0119847414614,0.0,-0.00857257957613,0.00864941353887,-0.999925846513,0.0,0.658421743285,0.256571275551,0.303455791894,1.0,-0.01156,-0.0151931428571,0.579
0.46247944555,0.528502431738,-0.124085468633,-1.38588611633,0.0778640753681,1.90508625939,0.155405064206,-0.00482908569856,-0.0676500380598,0.000444541261277,-0.106486914175,-0.00325445769904,0.0355219662814,-0.00730853322357,0.574143156983,0.81874023259,0.00219402136789,0.0,0.81869863157,-0.574081910105,-0.0119690457976,0.0,-0.00854015578696,0.00866835492451,-0.99992595994,0.0,0.65819970697,0.256288545927,0.303480850277,1.0,-0.01194,-0.0156925714286,0.598
0.46236185006,0.527608742519,-0.124086527722,-1.38730059124,0.0777710194829,1.90562987191,0.15519726421,-0.00862477084296,-0.0647789302277,-0.000365492327132,-0.106420512401,-0.00154992647786,0.0480387702137,-0.018748796095,0.574121721125,0.81875522697,0.00220783671192,0.0,0.818713883407,-0.574060499063,-0.0119527165822,0.0,-0.00851908135219,0.00867006771031,-0.999926124861,0.0,0.658036016057,0.256076195634,0.303483881292,1.0,-0.01222,-0.0160605714286,0.612
0.462216900587,0.526452866356,-0.124092929523,-1.3890800832,0.0776594034305,1.90630841623,0.154956405258,-0.00864194789665,-0.0642339515159,-2.65136161197e-05,-0.102563265995,-0.0123955536909,0.0506471913035,-0.0135094950179,0.574113908912,0.81876058956,0.00225021727748,0.0,0.818719871389,-0.574052590997,-0.0119223262657,0.0,-0.0084699508966,0.00868723819201,-0.999926393203,0.0,0.657829443017,0.255809026188,0.303509334541,1.0,-0.01256,-0.0165074285714,0.629
0.462059412501,0.525200844145,-0.124098239658,-1.39101965297,0.077533511743,1.9070043625,0.154699805372,-0.0122639821559,-0.0726215793338,0.00040471065388,-0.104911096234,-0.00860016484846,0.0389136952064,-0.0128320302353,0.574106948932,0.818765464095,0.00225230863283,0.0,0.818724814725,-0.574045666135,-0.0119162849618,0.0,-0.00846387753341,0.00868541019118,-0.999926460509,0.0,0.657594455798,0.255515444829,0.303527376126,1.0,-0.01292,-0.0169805714286,0.647
0.461914531676,0.524105263754,-0.124107765012,-1.39277930726,0.0774189674156,1.90763108697,0.154455710642,-0.00630094757012,-0.0707823123801,-0.00180964106795,-0.107693683903,-0.0133307860003,0.0323762485186,-0.0178417986271,0.574080147328,0.818784340414,0.00222153947322,0.0,0.818743315527,-0.574019017693,-0.0119288518989,0.0,-0.00849211472732,0.00866715451907,-0.9999263795,0.0,0.657366096101,0.255231442189,0.303519898174,1.0,-0.01326,-0.0174274285714,0.664
0.461745383602,0.522750806634,-0.124108859253,-1.39494067771,0.0773011778414,1.90845115531,0.154163641714,-0.00613960365699,-0.0801221457992,-0.000406596381454,-0.111752429781,0.000113911164477,0.0525961634123,-0.0106274852978,0.574080681122,0.818783942753,0.00223014674611,0.0,0.818742927495,-0.574019411917,-0.0119365120791,0.0,-0.00849344042417,0.00867860495026,-0.999926268925,0.0,0.657120898129,0.254930159116,0.303509384591,1.0,-0.01362,-0.0179005714286,0.682
0.461578929893,0.521535149461,-0.124106356319,-1.39688722183,0.0771736182543,1.90921533986,0.153893389173,-0.00650453616791,-0.0651360223901,0.000671042082361,-0.117096461108,-0.00702240409461,0.0524715745851,-0.0193251878108,0.574063963593,0.818795607044,0.00225088654069,0.0,0.818754961462,-0.574002714825,-0.0119139983399,0.0,-0.00846327746223,0.00868248879693,-0.99992649096,0.0,0.656895575638,0.254638366518,0.303503228867,1.0,-0.01396,-0.0183474285714,0.699
0.461415277946,0.520327441769,-0.124114560674,-1.3988094529,0.0770538811127,1.90991309296,0.15363024331,-0.0109518883875,-0.0787650361456,-0.000602821496455,-0.118266558418,-0.0118982437438,0.0407473352641,-0.0235350537479,0.574058537033,0.818799461375,0.00223271443763,0.0,0.818758589182,-0.573997372308,-0.0119220856208,0.0,-0.00848038833819,0.00867219611948,-0.999926435308,0.0,0.656663140688,0.254341799129,0.303497310527,1.0,-0.01428,-0.018768,0.715
0.461228504741,0.518926854272,-0.124121278158,-1.40098286794,0.0769108036813,1.9107068323,0.153354054985,-0.00896262683868,-0.0834610842012,0.00107924227224,-0.118933072011,-0.00576312431681,0.0460643408709,-0.0123953566827,0.574066989133,0.818793507408,0.00224301473293,0.0,0.818752852149,-0.574005866718,-0.0119070975444,0.0,-0.00846211346749,0.00867211331167,-0.999926590849,0.0,0.656401721833,0.254006435857,0.303515120976,1.0,-0.01464,-0.0192411428571,0.733
0.461075231686,0.517735661647,-0.124129802347,-1.40285720465,0.0767941400675,1.91136896946,0.153083845729,-0.0100325760594,-0.077200675184,-0.000464860876204,-0.123649025708,-0.0079455511057,0.0522571771285,-0.0157402779882,0.574045083695,0.818808920527,0.00222271309232,0.0,0.818767983934,-0.573984028274,-0.0119193402241,0.0,-0.00848402363157,0.00866229174992,-0.99992649032,0.0,0.656168974313,0.253720156329,0.303516605181,1.0,-0.01494,-0.0196354285714,0.748
0.460905525912,0.516476316731,-0.124128064669,-1.40487223296,0.0766575084822,1.91211290653,0.15280818525,-0.0180577893824,-0.0806170254322,0.000841556202742,-0.126523174777,-0.00115795115163,0.0492300947725,-0.018819136678,0.574026812442,0.818821779328,0.00220435844179,0.0,0.818780676362,-0.57396590749,-0.0119200652673,0.0,-0.00849534602014,0.00864748965639,-0.99992652231,0.0,0.655923318305,0.253415636535,0.303505375878,1.0,-0.01526,-0.020056,0.764
0.460710155876,0.515032672138,-0.124133766627,-1.40718468708,0.0765198346742,1.91298891977,0.152494341332,-0.0115310639912,-0.0780661660947,0.00124618051804,-0.130533695033,-0.00842280347265,0.0469896626494,-0.0246062453047,0.574018993951,0.818827248777,0.00220865205,0.0,0.818786184144,-0.573958054731,-0.0119198559463,0.0,-0.00849279272872,0.00865080405724,-0.99992651533,0.0,0.655645812088,0.253065862518,0.303493157926,1.0,-0.01562,-0.0205291428571,0.782
0.460541126194,0.513779245348,-0.124134454061,-1.40917644232,0.0764027088216,1.91368828967,0.152225669244,-0.00997804324876,-0.0878256154651,0.000517195010008,-0.134403226306,-0.00417689424074,0.0435610869733,-0.0165383514167,0.574010922036,0.818832988126,0.00217849519609,0.0,0.818791400462,-0.573949974238,-0.0119505858996,0.0,-0.00853535103232,0.00864366638097,-0.999926214685,0.0,0.655394434688,0.252763305663,0.303484323948,1.0,-0.01592,-0.0209234285714,0.797
0.460356592079,0.512469369451,-0.124142629958,-1.41132352199,0.0762721058808,1.9144319904,0.151915074312,-0.0150992336907,-0.0846979360518,-0.000617298363555,-0.132855339074,-0.0143457900156,0.0450512286091,-0.0195307044253,0.573990724304,0.818847357625,0.00209767106734,0.0,0.81880462054,-0.573930017894,-0.0120031180591,0.0,-0.00862497117021,0.00860742691063,-0.999925758281,0.0,0.655122052488,0.252429438495,0.303444876999,1.0,-0.01624,-0.021344,0.813
0.460142259427,0.510850062379,-0.124145487882,-1.41389732684,0.0761166330356,1.915410097,0.151553831246,-0.00758943916561,-0.0821811079364,-0.000601511195612,-0.134175301739,-0.00194278662401,0.0462192103843,-0.016481602403,0.573965379318,0.818865076395,0.00211587014776,0.0,0.81882256088,-0.573904584085,-0.0119953766374,0.0,-0.00860845316885,0.00861761903049,-0.999925812836,0.0,0.654809740816,0.252044443788,0.303438691309,1.0,-0.01662,-0.0218434285714,0.832
0.459937034236,0.509370208626,-0.124144045876,-1.41625477157,0.0759641613323,1.91628944279,0.151237311524,-0.0131156553669,-0.0904891558744,0.000335368445395,-0.133637169186,-0.00452600482169,0.0460396757052,-0.0177680297044,0.573954948374,0.818872398754,0.00211156261736,0.0,0.818829857487,-0.573894202911,-0.0119939674042,0.0,-0.00860988108054,0.0086131732896,-0.999925838847,0.0,0.654521148896,0.251685679108,0.303428597077,1.0,-0.01696,-0.0222902857143,0.849
0.459730090766,0.50786525344,-0.124149667777,-1.41862164584,0.0758083131283,1.91713363692,0.150894838968,-0.00949344664348,-0.0907368290006,-0.00029399484196,-0.140768198186,-0.00910405821662,0.0425667611073,-0.0192904807254,0.573928543335,0.81889096067,0.0020901147958,0.0,0.818848169879,-0.573867921226,-0.0120012738548,0.0,-0.00862845096768,0.00859952586457,-0.999925796241,0.0,0.654225173189,0.251318085135,0.303428211364,1.0,-0.0173,-0.0227371428571,0.866
0.459497284661,0.506224355951,-0.124155037872,-1.4211968431,0.0756437094232,1.91808288784,0.15054386023,-0.0145978942988,-0.0942026864771,-0.000994865417813,-0.144009948132,-0.00583073395227,0.0568346409699,-0.018310528645,0.573924399877,0.818893846146,0.00209734858339,0.0,0.818851182939,-0.573863781107,-0.0119936580697,0.0,-0.00861810632296,0.00860103497512,-0.999925872473,0.0,0.653909770993,0.250916547668,0.30343229191,1.0,-0.01766,-0.0232102857143,0.884
0.459283297712,0.504702471097,-0.124156140378,-1.42351849394,0.0754985370207,1.91898367017,0.150219351839,-0.0199845535287,-0.0967009046029,0.000289613277423,-0.153025939863,-0.0137535022928,0.0564888631311,-0.0184648131325,0.573915451105,0.818899901362,0.0021802372021,0.0,0.818858378874,-0.573854551247,-0.0119438796972,0.0,-0.00852986709108,0.00864024895681,-0.999926291016,0.0,0.65363457481,0.250558192785,0.30346889425,1.0,-0.01798,-0.0236308571429,0.9
0.459058421206,0.503018321902,-0.124159983798,-1.42600620909,0.0753431342017,1.91992115922,0.149878417063,-0.0127300915023,-0.100895733463,0.00106297231414,-0.145127540441,-0.0167926218554,0.0622160181528,-0.016093584496,0.573909008495,0.818904108475,0.00229303142866,0.0,0.81886410018,-0.573847702799,-0.0118805020822,0.0,-0.0084133031302,0.00869617571624,-0.99992679375,0.0,0.653333997519,0.250174510467,0.303542400149,1.0,-0.01832,-0.0240777142857,0.917
0.458826960346,0.501323177382,-0.124171017903,-1.42852784288,0.075181586355,1.92083601058,0.149522338137,-0.0137538459168,-0.104290706014,-0.00120972887756,-0.154593615251,-0.00703195066799,0.0577580427663,-0.0142011564883,0.573900051791,0.818910181771,0.00236466658613,0.0,0.81887116056,-0.573838524838,-0.0118370906909,0.0,-0.00833673781186,0.00872983230862,-0.999927141761,0.0,0.653023511634,0.249776077905,0.30360504485,1.0,-0.01866,-0.0245245714286,0.934
0.458587906492,0.499616362597,-0.124168899642,-1.43111722938,0.0750192929618,1.9217598573,0.149153214134,-0.0158884166778,-0.0995535392876,-0.000701460616758,-0.154315137081,-0.0116697319595,0.0595044260379,-0.0270226961208,0.57387998413,0.81892413876,0.00240118125839,0.0,0.818885522646,-0.573818246058,-0.0118265883756,0.0,-0.00830739702492,0.0087535034511,-0.999927179015,0.0,0.652696632592,0.249373125999,0.303643342235,1.0,-0.019,-0.0249714285714,0.951
0.458377814517,0.498259365601,-0.124167130588,-1.43326330128,0.0748779068951,1.92257387482,0.148851101904,-0.0180840360856,-0.0941206685899,-0.00418674828082,-0.155781286486,-0.0141985747927,0.0540644886715,-0.0241678793468,0.573874361544,0.818928035306,0.00241599947792,0.0,0.818889671408,-0.573812630474,-0.0118117767824,0.0,-0.00828682368527,0.00875708147925,-0.999927318397,0.0,0.652436334847,0.249032806772,0.303638711254,1.0,-0.01928,-0.0253394285714,0.965
0.458104759542,0.496479204359,-0.124166081888,-1.43609708131,0.0747034810251,1.92358572109,0.148429110925,-0.0120661982984,-0.0953918934081,0.000907772815992,-0.158921371455,-0.0161153982306,0.0555258334861,-0.0214651979322,0.573847996955,0.818946611037,0.00238150436346,0.0,0.818907674008,-0.573786270237,-0.0118441732159,0.0,-0.00833343145381,0.00874715568431,-0.999927017931,0.0,0.65207701045,0.248583290487,0.30361841996,1.0,-0.01964,-0.0258125714286,0.983
0.457818449666,0.494692252365,-0.124169606405,-1.43900891936,0.0745234136181,1.92457323144,0.148005228473,-0.017205082794,-0.100881122855,0.000544008410057,-0.163829412661,-0.0183240988978,0.0509235376398,-0.0244916961295,0.573835761573,0.818955513361,0.00226556338762,0.0,0.818914871674,-0.573774290484,-0.0119265850737,0.0,-0.00846758360364,0.00869937206946,-0.999926307761,0.0,0.651697249015,0.248111000732,0.303563096427,1.0,-0.01998,-0.0262594285714,1.001
0.457573330243,0.493153579403,-0.124205541725,-1.44144469429,0.074373402755,1.92545389409,0.147674302274,-0.019951187165,-0.127999159451,-0.00156585344298,-0.19450661758,-0.0155378094777,0.0772235706878,-0.0260286022892,0.573870337684,0.818931316527,0.00225416043301,0.0,0.818890646787,-0.573809031731,-0.011918498646,0.0,-0.00846713719038,0.00868575096523,-0.999926429953,0.0,0.651350458743,0.247633522881,0.303558181859,1.0,-0.027148,-0.0356802285714,1.017
0.457234053363,0.490529218452,-0.124260311102,-1.44554730389,0.0741538555283,1.92700715459,0.147062587627,-0.0232522661976,-0.160243853517,-0.00144185723405,-0.25203397633,-0.00592176920452,0.0915733262556,-0.0363929086863,0.573836642542,0.818954766253,0.00231201415934,0.0,0.818914725015,-0.573774981035,-0.0119034110084,0.0,-0.008421941448,0.00872412381377,-0.99992647758,0.0,0.650888691071,0.247062337426,0.303562018163,1.0,-0.034316,-0.0451010285714,1.033
0.456724535539,0.487208429117,-0.124283920231,-1.45086033975,0.0738542504631,1.92895634711,0.146287103328,-0.027561912106,-0.190463411732,-0.00460724478033,-0.310519186739,-0.011480583159,0.12463070165,-0.0456198614506,0.57381785861,0.81896802384,0.00227771143713,0.0,0.818927222062,-0.573756013464,-0.011957795858,0.0,-0.00848636519818,0.00872704473548,-0.999925907403,0.0,0.650253270731,0.246270373823,0.303509176835,1.0,-0.041932,-0.0551106285714,1.05
0.456177948098,0.483611644901,-0.124378741329,-1.45646275886,0.073505254388,1.93103116832,0.14541760065,-0.034363229005,-0.229936600568,-0.00697061817509,-0.368796148294,-0.0244877806255,0.125102886461,-0.0651254387406,0.573806162428,0.818976093965,0.00232214859858,0.0,0.818936192991,-0.573744473226,-0.0118969808845,0.0,-0.00841118495166,0.00872842052782,-0.999926530623,0.0,0.649527586272,0.245272257863,0.303524429278,1.0,-0.049548,-0.0651202285714,1.067
0.455473191697,0.479156890755,-0.124467661917,-1.46348287863,0.0730913844866,1.93347227559,0.144372521517,-0.0417992053998,-0.27278006295,-0.00164639490464,-0.42764387255,-0.0327976656666,0.145575449116,-0.0668459262729,0.573823006157,0.818964586472,0.00221598992804,0.0,0.818923079129,-0.573761513767,-0.0119775912015,0.0,-0.00853793767145,0.00868790995416,-0.999925809168,0.0,0.648620753514,0.244089154901,0.303486055215,1.0,-0.057164,-0.0751298285714,1.084
0.454650357941,0.474032451948,-0.124566740861,-1.47138394319,0.0726082417903,1.93634322097,0.143233830273,-0.0538621715822,-0.311433123063,-0.00850488480969,-0.487404806116,-0.0330485520812,0.177928209223,-0.0704880472474,0.573887800856,0.818918996896,0.0022837368302,0.0,0.818878480493,-0.573826135411,-0.0119309432139,0.0,-0.00846017105369,0.00871729354343,-0.999926214427,0.0,0.647625266774,0.242747005015,0.303524206312,1.0,-0.06478,-0.0851394285714,1.101
0.453703200664,0.468311290476,-0.124624065702,-1.48009835013,0.0720913675058,1.93955367858,0.141879264604,-0.0588087287232,-0.355057559681,-0.00508940470167,-0.521668116868,-0.0313130468935,0.202108510062,-0.0832460020711,0.573873023657,0.8189287908,0.00247693720872,0.0,0.81889060753,-0.573810410726,-0.0118546338239,0.0,-0.00828696813557,0.00883156520756,-0.999926662118,0.0,0.646522351515,0.241279569175,0.303608952459,1.0,-0.072396,-0.0951490285714,1.118
0.452769642383,0.46273922778,-0.124665578358,-1.48860498905,0.0715409132283,1.94262741905,0.140503212959,-0.0651307524151,-0.378061933672,-0.00333706831388,-0.585331873232,-0.0367928453566,0.198389513753,-0.0939415903899,0.573791974128,0.818985245188,0.00258563194632,0.0,0.818948502452,-0.573728990761,-0.0117958633641,0.0,-0.00817734348162,0.00888604222042,-0.999927081995,0.0,0.645421622786,0.239840484475,0.303669781464,1.0,-0.079116,-0.103981028571,1.133
0.451510238261,0.455494913539,-0.124748537896,-1.49993021297,0.0708024786518,1.94643994349,0.138825747777,-0.0728152189971,-0.415200205403,-0.00640780896849,-0.653279010413,-0.0429183483696,0.224837621864,-0.0989717181559,0.573833081726,0.818957164899,0.00234590692069,0.0,0.818916944229,-0.573770640639,-0.0119598200987,0.0,-0.00844873050822,0.00878421247438,-0.999925725524,0.0,0.643885768822,0.237879703864,0.30359699194,1.0,-0.08718,-0.114579428571,1.151
0.450215608818,0.44789059553,-0.124857209657,-1.51117063372,0.0700231218703,1.95062925817,0.137026191394,-0.0746005562726,-0.456180521854,-0.00181790190213,-0.68089016244,-0.0384406126873,0.24607725528,-0.0998964981727,0.573797794827,0.818980578845,0.00276568734508,0.0,0.818946726348,-0.57373478068,-0.0116364833202,0.0,-0.00794343575866,0.00894211122935,-0.999928467679,0.0,0.642449823805,0.235917141173,0.303830575338,1.0,-0.094796,-0.124589028571,1.168
0.448762227426,0.439900465807,-0.124885956205,-1.5234094603,0.0692256356109,1.954900627,0.135125093989,-0.083226124631,-0.47932418602,-8.52558460794e-05,-0.747775128971,-0.0499355165698,0.259289052209,-0.112469109128,0.573780670223,0.818992502655,0.00278746735226,0.0,0.818958520701,-0.573717119199,-0.01167713195,0.0,-0.00796441912007,0.00898310568846,-0.999927933323,0.0,0.640782951771,0.233795407728,0.303844707101,1.0,-0.102412,-0.134598628571,1.185
0.447385489755,0.432305734121,-0.124935260103,-1.53483662344,0.0684510776215,1.95893040272,0.133228934578,-0.0925014747794,-0.529106049375,-0.00190400349459,-0.782306293055,-0.0491473280114,0.28135330247,-0.131761570206,0.573678643378,0.819063437455,0.00294048576882,0.0,0.819031456668,-0.573614608205,-0.0115974627814,0.0,-0.00781250255419,0.00906174152423,-0.999928422261,0.0,0.639225378905,0.231792882962,0.303939336573,1.0,-0.109132,-0.143430628571,1.2
0.445650592639,0.423316708784,-0.124966107364,-1.54852663544,0.067479262455,1.96370718551,0.130984553528,-0.105362327793,-0.540049548411,-0.00314092345373,-0.804489416797,-0.0538374599112,0.282251168454,-0.137810681652,0.573607779197,0.8191128887,0.00298966737945,0.0,0.819081619386,-0.573543679532,-0.0115626707296,0.0,-0.00775657713113,0.00908139432233,-0.999928679351,0.0,0.637448665658,0.229501445961,0.303967770464,1.0,-0.1163,-0.152851428571,1.216
0.44364079315,0.413152023713,-0.125098897376,-1.56384775029,0.0663646746147,1.96900080217,0.128495183094,-0.113826494695,-0.575652669948,-0.00623021663554,-0.880389217697,-0.059432883399,0.311127627531,-0.139402653294,0.573634544331,0.819094017155,0.0030244854712,0.0,0.819063756552,-0.573570987926,-0.011473073425,0.0,-0.00766291621598,0.00905877208733,-0.999929606704,0.0,0.635201574933,0.226519474731,0.304017928687,1.0,-0.124812,-0.164038628571,1.235
0.44155080267,0.403163400459,-0.125173901104,-1.5791854781,0.0653518797471,1.97412866339,0.125928552515,-0.126183122311,-0.595596526327,-0.00717533263523,-0.925870280972,-0.0583587369212,0.296890400699,-0.154824710694,0.573642574414,0.819089005906,0.00285379132559,0.0,0.819055610024,-0.573578501209,-0.0116772231566,0.0,-0.00792796439367,0.00903614012232,-0.999927745166,0.0,0.632987831843,0.22368279916,0.303914186502,1.0,-0.132428,-0.174048228571,1.252
0.439386387842,0.393118352793,-0.1253182735,-1.59402348693,0.0643020783444,1.9793025735,0.123386130721,-0.141386676526,-0.633554233037,-0.00923863434395,-0.947060901178,-0.073972986104,0.327125949569,-0.16230455398,0.573733052222,0.819024582342,0.00314089298299,0.0,0.818995280134,-0.573668472288,-0.0114874680621,0.0,-0.00760683390771,0.00916329306385,-0.999929082554,0.0,0.630908517614,0.22082366821,0.304064893991,1.0,-0.139596,-0.183469028571,1.268
0.436791093149,0.381493381443,-0.125442358893,-1.61155709032,0.0629502208302,1.98505459235,0.120262823298,-0.148476501666,-0.666437262298,-0.00440003608541,-0.970079344825,-0.0738651271635,0.316065325827,-0.180674415167,0.573677740516,0.819064085703,0.00293606009205,0.0,0.819032412468,-0.573614143362,-0.0115528681895,0.0,-0.00777852358702,0.0090325256039,-0.999928951502,0.0,0.628323319386,0.217421832193,0.304015590456,1.0,-0.14766,-0.194067428571,1.286
0.434298871216,0.370673297389,-0.125547597278,-1.62769476588,0.0617771849387,1.99045585166,0.117395900769,-0.162410811344,-0.694644879928,-0.0113796992858,-1.01677647724,-0.0839396945523,0.343285746138,-0.175070821613,0.573726855432,0.819029514692,0.00298267002347,0.0,0.818998362613,-0.57366300616,-0.0115405503462,0.0,-0.00774115293848,0.00906410003753,-0.999928955797,0.0,0.625784144826,0.214056848162,0.304030387707,1.0,-0.155276,-0.204077028571,1.303
0.43144266679,0.358717438944,-0.125714510227,-1.64532694728,0.0603725381061,1.99634713942,0.114253919744,-0.168046663059,-0.71247082788,-0.0103202718259,-1.04764261119,-0.0822616653263,0.34585548681,-0.191371070658,0.573828035182,0.818958300567,0.00307162371248,0.0,0.81892906517,-0.573764806258,-0.0113965003764,0.0,-0.00757101476188,0.00905524769593,-0.999930338686,0.0,0.623318079905,0.210702025591,0.304097852733,1.0,-0.162444,-0.213497828571,1.319
0.428331375043,0.34638909551,-0.125850300732,-1.66358908667,0.0590298702473,2.00218373095,0.110770016675,-0.186683838111,-0.742840366328,-0.0111803417797,-1.06905384116,-0.0771066398965,0.354777434608,-0.20492744158,0.573866052917,0.81893197222,0.00298748843299,0.0,0.818900941117,-0.573802238955,-0.0115319603326,0.0,-0.00772981228988,0.00906443216623,-0.999929040518,0.0,0.620509672934,0.206960204439,0.304071370461,1.0,-0.17006,-0.223507428571,1.336
0.425090717951,0.333605885261,-0.125973522729,-1.68238583893,0.0575701880478,2.00826973589,0.107231092471,-0.188380731712,-0.75063448309,-0.00552252811701,-1.13574379683,-0.0835263308752,0.352281166549,-0.213790584056,0.573907549686,0.818902808852,0.00301014422987,0.0,0.818871940645,-0.573843505129,-0.0115379091351,0.0,-0.00772122314071,0.00908679075626,-0.999928903946,0.0,0.617579908914,0.203113327608,0.304070641443,1.0,-0.177676,-0.233517028571,1.353
0.421881058598,0.321154530726,-0.126008191215,-1.70047368189,0.0560310290236,2.01405610876,0.103657281496,-0.209706669244,-0.774565674029,-0.00268590447329,-1.14870070542,-0.0986709499234,0.360591432096,-0.229598170361,0.573743228554,0.819017782853,0.00305384334107,0.0,0.818987966356,-0.573679644756,-0.0114508977022,0.0,-0.00762670792242,0.00907111061194,-0.999929771673,0.0,0.6146957391,0.199407297318,0.304118564858,1.0,-0.184844,-0.242937828571,1.369
0.418212026143,0.307534279695,-0.126085831099,-1.72012339412,0.0544567270854,2.02024984331,0.0996823510886,-0.223759350162,-0.845974365177,-0.00872809999718,-1.15364358569,-0.0976247425019,0.373128340996,-0.235135773179,0.573671493076,0.81906759896,0.00316753340002,0.0,0.819038924221,-0.573607182714,-0.0114362341023,0.0,-0.00755027426378,0.00915515090606,-0.999929585806,0.0,0.611516522184,0.195284869547,0.304177796493,1.0,-0.19246,-0.252947428571,1.386
0.414525908542,0.294446402761,-0.126197547329,-1.73917632981,0.0528331484049,2.02596167892,0.0957999952487,-0.234986923703,-0.866433625622,-0.00907079112317,-1.19070173229,-0.0943477545457,0.349393458871,-0.23649498584,0.573644869738,0.81908724474,0.00289755569191,0.0,0.819054807496,-0.573581096338,-0.0116058236533,0.0,-0.00784434997673,0.00903105199301,-0.999928450577,0.0,0.608336989642,0.191186657975,0.304088533325,1.0,-0.199628,-0.262368228571,1.402
0.41009693504,0.279214510453,-0.126355177562,-1.76093993443,0.0510524852951,2.032638447,0.0911949041616,-0.252091257158,-0.826580133187,-0.00383913915132,-1.23298539054,-0.108560237134,0.364218959829,-0.276056763258,0.57366668067,0.819071604508,0.00299884625505,0.0,0.819039998822,-0.573602010481,-0.0116172631421,0.0,-0.00779537620588,0.00912078742179,-0.999928019083,0.0,0.60470267147,0.186417521103,0.304122706988,1.0,-0.207692,-0.272966628571,1.42
