position_joint1,position_joint2,position_joint3,position_joint4,position_joint5,position_joint6,position_joint7,velocity_joint1,velocity_joint2,velocity_joint3,velocity_joint4,velocity_joint5,velocity_joint6,velocity_joint7,ee_T_00,ee_T_10,ee_T_20,ee_T_30,ee_T_01,ee_T_11,ee_T_21,ee_T_31,ee_T_02,ee_T_12,ee_T_22,ee_T_32,ee_T_03,ee_T_13,ee_T_23,ee_T_33,v_x,v_y,time
0.465081847397,0.547647141114,-0.123963680491,-1.3557592567,0.0794649598655,1.89408685176,0.159175842095,0.0017434680168,0.000344803520485,-0.000212492056126,-0.00730824578081,0.0001286656496,-0.000141882408742,0.00150875984178,0.573781699032,0.818993837247,0.00209840624376,0.0,0.818952877373,-0.573722784556,-0.0117939825357,0.0,-0.00845545833382,0.00848583054745,-0.999928245378,0.0,0.661688952731,0.260914194123,0.303342361921,1.0,0.0,0.0,0.0
0.465081839084,0.547639745405,-0.123968733442,-1.355749399,0.0794647039721,1.89408331963,0.159166943005,0.000953322539233,-0.00162700182779,-0.00130220861577,0.000591277785472,-9.28218825646e-05,-0.000177922394689,-0.00151112259533,0.573777303524,0.818996889779,0.00210888451372,0.0,0.818956099046,-0.573718381633,-0.0117844521934,0.0,-0.00844168641248,0.00848889847532,-0.999928335699,0.0,0.661691881546,0.260912252522,0.30335215329,1.0,-0.00018,-0.000236571428571,0.01
0.465078859761,0.547641132503,-0.123961437334,-1.35576025178,0.079462111971,1.89408522367,0.159167550704,0.000362558819424,0.00148183737244,0.00166092545362,-0.00152727533717,4.72441256659e-05,-0.00130605437879,-0.00367736688006,0.573775065924,0.818998478601,0.00210063676111,0.0,0.818957558449,-0.573716154275,-0.0117914665776,0.0,-0.0084521866742,0.00848614525056,-0.999928270367,0.0,0.661688983109,0.260912904501,0.303345923944,1.0,-0.00054,-0.000709714285714,0.028
0.465075107791,0.547616779737,-0.123961174838,-1.35577896612,0.07946413051,1.89409397209,0.159168423404,-0.00152520038575,-0.00348165370289,0.000777467683046,-0.00294031012311,-0.000103979892657,-0.000220263111686,0.00021035412397,0.57378024226,0.818994815372,0.00211492001393,0.0,0.818954054531,-0.573721247572,-0.0117870078137,0.0,-0.00844028624096,0.00849533808089,-0.999928292829,0.0,0.661687887988,0.260909596033,0.303355023382,1.0,-0.00088,-0.00115657142857,0.045
0.46508329563,0.547510807025,-0.123967169235,-1.35588533386,0.0794629077071,1.89411429344,0.159174421486,0.000660478929846,-0.00521630477399,-0.00157889172,-0.00370269326739,0.000555099510512,0.00533854234809,0.00105321169017,0.573788069788,0.818989279693,0.00213485785943,0.0,0.818948738682,-0.573728956758,-0.0117811073116,0.0,-0.0084239330054,0.00850836178786,-0.999928319997,0.0,0.661669666939,0.260901494704,0.303381426949,1.0,-0.00122,-0.00160342857143,0.062
0.465080307211,0.547364243342,-0.123966130428,-1.35606270616,0.0794572101934,1.89415948815,0.159162239981,0.000753215191409,-0.0082968107791,-0.00137921140131,-0.0114988258701,-0.000348367812001,-0.00105432674091,-0.00164833423913,0.573788038089,0.818989257827,0.00215169958091,0.0,0.818948859878,-0.573728782913,-0.0117811486353,0.0,-0.00841430419689,0.00852217815882,-0.999928283411,0.0,0.661642748918,0.260883135833,0.303404703823,1.0,-0.00156,-0.00205028571429,0.079
0.465059143313,0.547217218716,-0.123963392439,-1.35626757657,0.0794530970575,1.89424993718,0.159157911544,-0.00127930361227,-0.00883393087676,0.000133566916372,-0.0117429341596,-0.000130616247963,0.00592424641191,-0.000438247717779,0.573810364617,0.81897352933,0.00218417395859,0.0,0.818933487212,-0.573750913837,-0.0117719707426,0.0,-0.00838792211502,0.00854373651406,-0.999928321096,0.0,0.661622823115,0.260853811406,0.303419092871,1.0,-0.00188,-0.00247085714286,0.095
0.465036027316,0.547025968205,-0.123962225653,-1.35648008631,0.079451903373,1.89436631936,0.15914052554,-0.00296954621522,-0.0107333403674,-0.000764988063893,-0.0133232520252,0.000147784286699,0.00718867850918,-0.00230729265006,0.573825969684,0.818962357453,0.00227167167748,0.0,0.818923396419,-0.573766126847,-0.0117324072937,0.0,-0.00830515157588,0.00859285051669,-0.999928591139,0.0,0.661608186594,0.260824203531,0.303463478295,1.0,-0.00222,-0.00291771428571,0.112
0.465001339512,0.546793125524,-0.12396436353,-1.35676393513,0.0794474566406,1.89450844145,0.159127344569,-0.00144996281857,-0.0171433109507,-3.45554671628e-05,-0.0157967725923,-0.000404752797295,0.000488479251257,-0.00300410527275,0.573859930379,0.818938324943,0.00235523790963,0.0,0.818900401885,-0.573799724073,-0.0116942441904,0.0,-0.00822558825415,0.00863972976923,-0.999928844852,0.0,0.661587367723,0.260778323955,0.303505696925,1.0,-0.0026,-0.00341714285714,0.131
0.464971517895,0.546572867422,-0.123958736009,-1.35710274012,0.0794405118697,1.89463482293,0.159089417919,-0.000186132636799,-0.020485614009,0.000431112392689,-0.0229736562353,-8.06986411443e-05,0.00564738613598,-0.00339164357938,0.573866478808,0.818933691975,0.00237055903494,0.0,0.818895822911,-0.573806063113,-0.0117038478262,0.0,-0.00822459251227,0.0086578535227,-0.999928696283,0.0,0.661547539682,0.260731985383,0.303511199665,1.0,-0.00292,-0.00383771428571,0.147
0.464924628137,0.546298775576,-0.123966949558,-1.35751797019,0.0794231060242,1.89478912425,0.158953322301,-0.00150753665174,-0.0135049750485,-0.00117982801244,-0.03007775209,-0.00643831583175,0.00949399206674,-0.00398395474504,0.573817771401,0.818967779744,0.00238492505881,0.0,0.818930062889,-0.573757272925,-0.0117000326023,0.0,-0.00821373976533,0.00866694032705,-0.999928706771,0.0,0.661505356084,0.260658180988,0.303521299138,1.0,-0.00326,-0.00428457142857,0.164
0.46487776618,0.545998112376,-0.123966494564,-1.35799465947,0.0794103662422,1.89494644296,0.158930293447,-0.00239472732903,-0.019912342228,-0.000335896414522,-0.0330816000312,0.000129502792451,0.0121935830545,-0.00537384376114,0.573860132902,0.818938117476,0.00237792181144,0.0,0.818900143184,-0.573799479401,-0.0117243265171,0.0,-0.00823720618088,0.0086755711168,-0.99992843889,0.0,0.661448074405,0.260583425594,0.303520924585,1.0,-0.0036,-0.00473142857143,0.181
0.464831663623,0.545673318441,-0.123964393294,-1.35852532552,0.0793585914621,1.89513531892,0.15887987031,-0.00103200705957,-0.0178827515582,-0.000337895261859,-0.0349801801517,-0.00474485836666,0.0141017922056,5.24189949508e-05,0.573871024937,0.818930558428,0.00235246954444,0.0,0.818892401693,-0.573810619901,-0.0117198054241,0.0,-0.00824799359244,0.00865224276841,-0.999928552096,0.0,0.661386900282,0.260499859095,0.303514537344,1.0,-0.00394,-0.00517828571429,0.198
0.464774270357,0.545345510935,-0.123969828731,-1.35908816855,0.0792644905233,1.8953237743,0.158784279718,-0.00768624638609,-0.0203727102584,-0.0014331308604,-0.0339524772667,-0.00424927211552,0.0160379970205,-0.00323561929346,0.573849925292,0.818945553839,0.00227815518622,0.0,0.818906950354,-0.573790338475,-0.0116961974799,0.0,-0.00827152474008,0.00857762431189,-0.999929000599,0.0,0.661325318025,0.260393799662,0.303495077979,1.0,-0.00426,-0.00559885714286,0.214
0.464707832265,0.54492329575,-0.123969696795,-1.3598166945,0.0792567341832,1.89555298042,0.158695092593,-0.0048056811873,-0.0163944920381,-0.000840442508408,-0.0431868827203,0.000580038616016,0.0140183954925,-0.0119459905864,0.57386962599,0.818931874512,0.00223252674007,0.0,0.818892298385,-0.573809816296,-0.0117662767541,0.0,-0.00835489417723,0.00858067299807,-0.999928281325,0.0,0.661232451941,0.260283307034,0.303467074122,1.0,-0.00462,-0.006072,0.232
0.464650110896,0.544519543947,-0.123967732545,-1.36048571169,0.0792338706284,1.89578380497,0.158636424711,3.04892236203e-05,-0.0313744966421,0.000589435203483,-0.042798328625,-0.00114833074024,0.0149086938409,-0.00352123298664,0.57389865318,0.818911586639,0.00221270118298,0.0,0.818871560857,-0.573838719476,-0.0117999046895,0.0,-0.00839350665909,0.00858403274963,-0.999927929117,0.0,0.661151173888,0.26018413344,0.303454343047,1.0,-0.00494,-0.00649257142857,0.248
0.464584238558,0.54403399068,-0.123976090557,-1.36129405776,0.0792003557084,1.89607331615,0.158514232617,-0.00728716163735,-0.026086023675,0.000727309873074,-0.0443857832285,-0.00668133834287,0.0118519825134,-0.00614735961582,0.573894528897,0.818914537816,0.0021900588747,0.0,0.818874098888,-0.573834562855,-0.011825884531,0.0,-0.00842781954962,0.00858035811772,-0.99992767204,0.0,0.661056707453,0.260060390903,0.303438563497,1.0,-0.0053,-0.00696571428571,0.266
0.46452743028,0.543620427175,-0.123973609244,-1.36196915168,0.0791651243036,1.89631847604,0.158427849949,-0.00300967811134,-0.0305292829749,0.00049516559399,-0.0515787707376,-0.00700293330793,0.0167108299797,-0.00468231200311,0.573896805526,0.818912971538,0.00217911797365,0.0,0.81887231493,-0.573836805606,-0.011840577482,0.0,-0.0084461070072,0.00857985416087,-0.999927522063,0.0,0.660977313357,0.259960508749,0.30343100937,1.0,-0.00558,-0.00733371428571,0.28
0.464445523725,0.543096657128,-0.123975032231,-1.36281176291,0.0791124484394,1.89661174197,0.158335221965,-0.00398325538646,-0.0322670216932,0.00226211675825,-0.0563863939118,-0.000824250901211,0.0227596846735,-0.00608023180074,0.573921793087,0.81889552147,0.0021557450676,0.0,0.818854551955,-0.573861873721,-0.011854093499,0.0,-0.0084703272537,0.00856872923241,-0.999927412583,0.0,0.660880147719,0.259823785957,0.303425919733,1.0,-0.00592,-0.00778057142857,0.297
0.464385519186,0.542523716349,-0.123982858249,-1.36371964582,0.0790579837529,1.89692021632,0.158201950505,-0.00143004188219,-0.0347493002031,-0.000212744464722,-0.0610124865896,-0.000670490370887,0.00892760942475,-0.00359996289797,0.573903075139,0.8189087013,0.00213217797333,0.0,0.818867412033,-0.573843238951,-0.0118678355861,0.0,-0.00849530147367,0.00855712314825,-0.999927300106,0.0,0.660768019719,0.259691474926,0.303426006606,1.0,-0.00626,-0.00822742857143,0.314
0.464300493981,0.541947940906,-0.123986733383,-1.36464020344,0.0790110213673,1.89727157212,0.158087204242,-0.00128629714855,-0.0338883555257,-0.000439939635568,-0.0573588297276,-0.0101638834194,0.022566957053,-0.00420529750862,0.57392017332,0.818896697198,0.00214029812663,0.0,0.818855461614,-0.573860250079,-0.0118698468732,0.0,-0.00849210988198,0.00856510429005,-0.999927258883,0.0,0.660666631917,0.259547583034,0.303425603131,1.0,-0.0066,-0.00867428571429,0.331
0.464227673427,0.541348897595,-0.12398671136,-1.36554172815,0.0789547271227,1.8976005736,0.157961220471,-0.00141856236666,-0.0432051479254,0.000251051687564,-0.0575522048791,-0.00093178690626,0.0221255714741,-0.0148284732655,0.573908180065,0.818905024414,0.0021699641391,0.0,0.818864182431,-0.573848147692,-0.0118533127467,0.0,-0.00846167037583,0.00857978424431,-0.999927391082,0.0,0.660556700176,0.259404781308,0.303453412134,1.0,-0.00694,-0.00912114285714,0.348
0.464131089507,0.540673668531,-0.123981684865,-1.36657271631,0.0788900315969,1.89798235839,0.157835574497,-0.00951970660201,-0.0367407135424,0.000440194151123,-0.0585098152632,-0.00361609823553,0.0171062174112,-0.00719964281249,0.573924088113,0.818893837232,0.00218433691687,0.0,0.818853169056,-0.573863983437,-0.0118474867476,0.0,-0.00844848425954,0.00858837458755,-0.999927428835,0.0,0.660445553068,0.25925461162,0.303468036558,1.0,-0.00726,-0.00954171428571,0.364
0.464043508478,0.539960115329,-0.123990191495,-1.36766335004,0.0788310501213,1.89838677513,0.157694139358,-0.00598031845729,-0.0408131333169,-0.000273012913607,-0.0660117020076,-0.00689080586126,0.0241674729441,-0.0085192160252,0.573930570964,0.818889226738,0.00220928662859,0.0,0.818848856586,-0.573870340102,-0.0118376399399,0.0,-0.00842603397515,0.00860322091795,-0.999927490642,0.0,0.660321004385,0.259089651065,0.303488545172,1.0,-0.0076,-0.00998857142857,0.381
0.463941454362,0.539214054415,-0.123990227935,-1.36881365889,0.0787578438794,1.89882823147,0.157544334455,-0.0058616108299,-0.0495347785028,0.00074677968842,-0.0686195151945,-0.0109800086696,0.0218049758204,-0.0100767944098,0.573935623274,0.818885607616,0.00223805231818,0.0,0.818845657011,-0.573875325856,-0.0118172445749,0.0,-0.00839277008749,0.00861512291917,-0.999927667918,0.0,0.660193293183,0.258913611952,0.303506418686,1.0,-0.00794,-0.0104354285714,0.398
0.463813532658,0.538373043405,-0.123996224259,-1.37012382369,0.0786866439856,1.89934141851,0.157385507636,-0.00877108038565,-0.043552534884,0.00100115031858,-0.0692496620742,-0.000602909598787,0.0335359924014,-0.0141991650662,0.573968031134,0.818862786332,0.0022766856838,0.0,0.818823325967,-0.573907567881,-0.011798783084,0.0,-0.0083551381102,0.00863649391959,-0.999927798713,0.0,0.660053101876,0.258704511392,0.303521581858,1.0,-0.00832,-0.0109348571429,0.417
0.46372390721,0.537689838651,-0.12400760329,-1.37121792778,0.0786224042125,1.89975297734,0.157250817258,-0.00169922397537,-0.0470470943934,-0.000165596264492,-0.0759754103067,-0.00438837605926,0.0238103089776,-0.0101457729518,0.573982353126,0.818852754221,0.00227422661475,0.0,0.818813297439,-0.573921934283,-0.0117959394593,0.0,-0.00835406981883,0.00863299429359,-0.99992783786,0.0,0.659929172588,0.258535386211,0.303519353222,1.0,-0.00862,-0.0113291428571,0.432
0.463600237848,0.53681665579,-0.124003130535,-1.37257754563,0.0785425954875,1.90025802105,0.157087287526,-0.00348625545344,-0.0508858319173,3.57112008234e-05,-0.0786497293534,-0.00206025267015,0.0268170574669,-0.00815668619607,0.574000083007,0.818840277044,0.00229178953577,0.0,0.818800996858,-0.573939541071,-0.0117931183298,0.0,-0.0083414922456,0.0086459369178,-0.999927831037,0.0,0.659773154932,0.258327811966,0.303532337179,1.0,-0.00898,-0.0118022857143,0.45
0.463490055196,0.535967421417,-0.124019435254,-1.37390548193,0.0784739951333,1.90075135992,0.15692666408,-0.00257329229872,-0.0490735397472,2.41620963842e-05,-0.0771669382632,-0.00722434707523,0.0282325877979,-0.00352038564564,0.574024919658,0.818822826322,0.00230599351515,0.0,0.818783697231,-0.573964285502,-0.0117899540939,0.0,-0.00833048600077,0.00865600400257,-0.999927835695,0.0,0.659621847422,0.258121552856,0.303543012006,1.0,-0.00932,-0.0122491428571,0.467
0.463374443916,0.535113958875,-0.12401656197,-1.37523787694,0.0783826013712,1.90123765931,0.156752426848,-0.00412025866833,-0.0566527508864,0.000278570912632,-0.0843763503401,-0.00495800796369,0.040396253871,-0.0120180130765,0.574023472151,0.818823838774,0.00230681079011,0.0,0.818784777737,-0.573962894745,-0.0117826186566,0.0,-0.0083240255038,0.0086524478188,-0.999927920275,0.0,0.659466178477,0.257918238076,0.30355310462,1.0,-0.00964,-0.0126697142857,0.483
0.463259563194,0.534221588061,-0.124024680255,-1.37668919359,0.0783026402328,1.901763288,0.156588609487,-0.00981365575133,-0.0545526564959,-0.000626718166318,-0.0871442093146,-0.0031336054356,0.0314850766576,-0.00761844930129,0.574047228484,0.818807260909,0.00227944153685,0.0,0.818767779577,-0.573986686038,-0.0118048413323,0.0,-0.00835768161431,0.00864303614055,-0.99992772093,0.0,0.659293103757,0.257699943639,0.303537690178,1.0,-0.00998,-0.0131165714286,0.5
0.463144781583,0.533410179418,-0.124025093314,-1.3779939391,0.0782450271949,1.90223867573,0.156411416403,-0.0107368080326,-0.0568472191141,-6.54871145082e-05,-0.0838580118809,-0.00911411288759,0.0277224473905,-0.0135427597161,0.574052405959,0.818803643082,0.0022751241504,0.0,0.818763890889,-0.573991657703,-0.0118327834739,0.0,-0.00838298533213,0.00865559397104,-0.99992740049,0.0,0.659138606326,0.257502739332,0.303530186939,1.0,-0.01028,-0.0135108571429,0.515
0.462990691685,0.532242435816,-0.124025093368,-1.37988880899,0.0781209991399,1.90296071008,0.156178758769,-0.0130299788096,-0.0579596299774,-5.18014689348e-05,-0.0933559484466,-0.00685325712834,0.0393247639712,-0.0142013389911,0.574058469142,0.818799426783,0.00226265502126,0.0,0.818759595955,-0.573997854824,-0.0118293529352,0.0,-0.00838726975506,0.00864347716163,-0.999927469374,0.0,0.658918587028,0.257220522282,0.303514177541,1.0,-0.0107,-0.0140628571429,0.536
0.462894062725,0.531487926428,-0.124020178442,-1.38109136434,0.078053414109,1.90339109534,0.156029449351,-0.00753414122817,-0.0580358230549,0.00013221268322,-0.0946398050581,-0.00130318981982,0.0378208199357,-0.010290961453,0.574059213413,0.81879893599,0.00225140346204,0.0,0.818758851956,-0.573998532981,-0.0118479272665,0.0,-0.00840892985307,0.00864493476282,-0.999927274856,0.0,0.658771387757,0.257045147962,0.303510749483,1.0,-0.01096,-0.0144045714286,0.549
0.462754175908,0.530477849789,-0.12402509337,-1.38273171611,0.077955857961,1.90396835359,0.155820125082,-0.00858004151248,-0.0597600652474,-0.000691169687356,-0.0938218886585,-0.00949976641343,0.0294126612591,-0.0108575885956,0.57406875272,0.81879237244,0.00220564880981,0.0,0.818751632551,-0.574008190076,-0.0118789234172,0.0,-0.00846047429592,0.00862536337863,-0.999927009077,0.0,0.658572753727,0.256792099988,0.303491928115,1.0,-0.0113,-0.0148514285714,0.566
0.462617598908,0.529444505287,-0.12403000281,-1.3843752612,0.0778414837302,1.90457337771,0.155589550036,-0.0103894931375,-0.0629687170778,-0.000701198048669,-0.101056864477,-0.00871222289166,0.0394144449093,-0.0187711889052,0.574053712646,0.81880295595,0.00219116999178,0.0,0.818762153068,-0.57399333731,-0.0118714922478,0.0,-0.00846285890411,0.00860908701132,-0.999927129165,0.0,0.658379137939,0.256540357701,0.30349011692,1.0,-0.01164,-0.0152982857143,0.583
0.46247983788,0.528349209246,-0.124035435623,-1.38605434289,0.0777454918329,1.9052079836,0.155359934421,-0.00363767206068,-0.0618153128967,-0.00122179243715,-0.107151059411,-0.00564880586466,0.0442100444392,-0.00970297627949,0.574047585933,0.818807130318,0.00223591726495,0.0,0.818766884443,-0.573987008474,-0.0118511578919,0.0,-0.00842058724469,0.0086339898223,-0.99992727132,0.0,0.658183686819,0.25628910829,0.303517366329,1.0,-0.01198,-0.0157451428571,0.6
0.462352241509,0.527304421802,-0.124032188805,-1.38767564095,0.0776380437493,1.90584190213,0.155137046257,-0.00930379416607,-0.0691513777833,-0.00153529648226,-0.101388323055,-0.0116346017334,0.0413584581165,-0.011833939715,0.574026301205,0.818821932226,0.00227941491104,0.0,0.818782367148,-0.57396567524,-0.0118146432733,0.0,-0.00836594418538,0.00864842722381,-0.999927605222,0.0,0.657985126147,0.256036766686,0.303537998091,1.0,-0.01232,-0.016192,0.617
0.462198208662,0.526151591594,-0.124033639947,-1.38946586106,0.0775242959653,1.90651899168,0.154890281858,-0.0137676127304,-0.0710913865964,0.000158257149418,-0.107162160908,-0.0107356156624,0.041666902153,-0.0112863393527,0.57401733692,0.818828134625,0.00230862780784,0.0,0.818788975346,-0.573956626685,-0.0117962467611,0.0,-0.00833420696144,0.0086616959132,-0.999927755399,0.0,0.657787609422,0.255781924748,0.303553788388,1.0,-0.01264,-0.0166125714286,0.633
0.46204149563,0.524968462598,-0.124037890745,-1.39130365266,0.07740715543,1.90716810463,0.154644740823,-0.00750644227374,-0.0612954742924,-0.0016883517565,-0.111090424331,-0.00452568554882,0.0381460978085,-0.0148976761147,0.574014746906,0.818829972206,0.00230083742156,0.0,0.818790713315,-0.573954068562,-0.0118000792609,0.0,-0.00834184418038,0.00865749050756,-0.999927728135,0.0,0.657564321541,0.255498907737,0.303567650302,1.0,-0.01298,-0.0170594285714,0.65
0.461879410351,0.523805514775,-0.124043454648,-1.39320455469,0.0772907260611,1.90784718502,0.154373071356,-0.00654425682797,-0.0677379759872,0.000377589932671,-0.112366555238,-0.00677468518471,0.0421224468307,-0.0236227743618,0.573999617635,0.818840724277,0.00224813733302,0.0,0.818800743901,-0.57393910766,-0.0118317111022,0.0,-0.00839815464403,0.00863234036859,-0.999927474219,0.0,0.657332680276,0.255206019145,0.303539669122,1.0,-0.01332,-0.0175062857143,0.667
0.461713309247,0.522572595885,-0.124049617141,-1.39512983839,0.0771737023127,1.90858462533,0.154123510853,-0.0107488611996,-0.0758102748431,-0.000528338725693,-0.115044496243,-0.00854065545159,0.0516337400178,-0.0197088148607,0.574007419366,0.818835157864,0.00228334424523,0.0,0.818795674105,-0.573946811854,-0.0118088158029,0.0,-0.00835911634114,0.00864810677814,-0.999927665095,0.0,0.657109365772,0.254912034689,0.30355399817,1.0,-0.01366,-0.0179531428571,0.684
0.461551926819,0.521359772611,-0.124055973811,-1.39709253197,0.0770551878656,1.9093530488,0.153858480319,-0.00739310325573,-0.0733779519981,-0.00161054096939,-0.119885380843,-0.00558069210291,0.0469937385843,-0.0169662200053,0.574000370266,0.818840067942,0.00229455183556,0.0,0.818800776576,-0.573939768895,-0.0117973243291,0.0,-0.00834334794028,0.00865061590908,-0.999927775087,0.0,0.656881165471,0.254618219974,0.303538799511,1.0,-0.014,-0.0184,0.701
0.461387845739,0.520149189064,-0.124062749383,-1.39900315652,0.076936190967,1.91005359215,0.153598879307,-0.0106461636408,-0.0733556338749,-0.000337766067847,-0.113430349772,-0.00853045533169,0.0447384729272,-0.022487002419,0.573996681506,0.818842662681,0.00229135216991,0.0,0.818803346327,-0.57393611008,-0.0117969695597,0.0,-0.00834493288046,0.00864775469954,-0.99992778661,0.0,0.656651778924,0.254323942977,0.303540564478,1.0,-0.01432,-0.0188205714286,0.717
0.461213470241,0.518721776121,-0.12407160229,-1.40119958719,0.0767945704164,1.91083487606,0.153300713026,-0.0110390629444,-0.0793099313357,-0.00126610632121,-0.125570143178,-0.00870831875005,0.0382206210291,-0.0194206594328,0.573979849737,0.81885444597,0.00229680480789,0.0,0.818815236114,-0.57391929646,-0.0117897056584,0.0,-0.00833603279006,0.00864787875179,-0.999927859773,0.0,0.656380309019,0.253992522379,0.303565168349,1.0,-0.01468,-0.0192937142857,0.735
0.461049162043,0.517463606592,-0.124072589676,-1.4031859249,0.0766580120335,1.9115530887,0.153034489403,-0.00452674613185,-0.0735670205433,-0.00103168951397,-0.125852386028,-0.00761269988424,0.0354994610803,-0.0124518254262,0.57396533611,0.818864667815,0.00227939668361,0.0,0.818825315519,-0.573904938098,-0.0117886213347,0.0,-0.0083452891533,0.00863285392449,-0.999927912393,0.0,0.656136101699,0.253691600352,0.303564880414,1.0,-0.015,-0.0197142857143,0.751
0.460854958177,0.516096625451,-0.124081233575,-1.40532421878,0.0765302076653,1.91235448365,0.152728599334,-0.0131675450932,-0.0807166428982,-0.000909155692389,-0.125239555959,-0.00246677094633,0.0491857018403,-0.0171204090066,0.573958671962,0.818869271204,0.00230357521043,0.0,0.818830231056,-0.573898180344,-0.0117761711949,0.0,-0.00832128731293,0.0086454390531,-0.999928003689,0.0,0.655883494728,0.25335704887,0.303575697615,1.0,-0.01534,-0.0201611428571,0.768
0.460682034347,0.514813571416,-0.124090157842,-1.40739510119,0.0764023364242,1.91313366133,0.152456569583,-0.0112203635066,-0.0805347690181,-0.00246722495179,-0.126295684802,-0.0116283589135,0.050322787232,-0.00955851134059,0.573958683487,0.818869298507,0.00229096355456,0.0,0.818830128543,-0.573898275246,-0.0117786739865,0.0,-0.00833057486144,0.0086365484767,-0.999928003185,0.0,0.655634131275,0.253041732574,0.303557471656,1.0,-0.01566,-0.0205817142857,0.784
0.460494561014,0.513410215356,-0.124090172391,-1.40966807985,0.0762717864733,1.91391475536,0.15212892999,-0.00979906474655,-0.0791884355578,-0.0030952439606,-0.134147195087,-0.00598450247631,0.0436193059897,-0.0242479653172,0.573927926043,0.818891048249,0.00222119497248,0.0,0.818850765647,-0.573867579906,-0.0118393932991,0.0,-0.00842066352982,0.00861395149086,-0.9999274435,0.0,0.655341287011,0.252699495983,0.303526872593,1.0,-0.016,-0.0210285714286,0.801
0.460306381104,0.51207223342,-0.124093778941,-1.41180908098,0.0761343086339,1.91467234133,0.151831125309,-0.0156655494829,-0.0865028239256,-0.000111273984434,-0.134720799527,-0.00807930069345,0.0522000937054,-0.0215196432871,0.573915566638,0.818899825517,0.00217831123563,0.0,0.818858968922,-0.573855375166,-0.0118635707528,0.0,-0.00846520338949,0.00859258305716,-0.999927251278,0.0,0.655073947106,0.252366856114,0.303510895807,1.0,-0.01632,-0.0214491428571,0.817
0.460115300407,0.510638209087,-0.124092286924,-1.41410976774,0.0759953069482,1.91555912324,0.151504281291,-0.00978464343878,-0.0824425895044,0.00197942973492,-0.136177834433,-0.0123711292216,0.0555138702797,-0.0242048785606,0.573886325856,0.818920276556,0.00219375080518,0.0,0.818879602802,-0.573826058357,-0.0118573928553,0.0,-0.00845159077805,0.00860137901114,-0.999927290803,0.0,0.654795729836,0.252026091775,0.303496820006,1.0,-0.01666,-0.021896,0.834
0.459913467043,0.509141312801,-0.124092611683,-1.41647301668,0.0758529594213,1.91643276065,0.151179141348,-0.00962917789765,-0.0874619775211,0.00111276253545,-0.138265974801,-0.00661670930921,0.0508079482226,-0.0165032141977,0.573870260879,0.818931516851,0.00220029277461,0.0,0.818890864514,-0.573809904581,-0.0118613794162,0.0,-0.00845127036337,0.00860885829957,-0.999927229146,0.0,0.654503970508,0.251669312549,0.303495373612,1.0,-0.017,-0.0223428571429,0.851
0.459706575578,0.507647165597,-0.124101064938,-1.4188486702,0.0757010870376,1.91727023955,0.150845807499,-0.0118648033235,-0.0842360977035,-0.00217656453544,-0.136752526979,-0.00621924606491,0.052389016296,-0.0174826402651,0.573854738689,0.818942506042,0.00215814315609,0.0,0.818901293035,-0.573794540277,-0.0118846419909,0.0,-0.00849467128408,0.00858752968172,-0.999927044786,0.0,0.654204585017,0.251299129771,0.303482708264,1.0,-0.01734,-0.0227897142857,0.868
0.459487315916,0.506083684358,-0.124106732839,-1.42128748341,0.0755465746169,1.91816891592,0.150514463734,-0.012812092289,-0.0903328643351,-0.000761543245361,-0.140652411636,-0.00655531975333,0.0501758634685,-0.020658343459,0.573851337395,0.818944848419,0.00217364182993,0.0,0.818903860175,-0.573791100636,-0.0118738166705,0.0,-0.00847694786292,0.00859397472218,-0.999927139822,0.0,0.653905761231,0.250919659079,0.303493119575,1.0,-0.01768,-0.0232365714286,0.885
0.459266767281,0.504464450158,-0.124109622017,-1.42375386738,0.0753886982765,1.91912946352,0.150168524817,-0.0107520863908,-0.0980365540554,0.000840962403048,-0.145244842271,-0.0107007925263,0.0593755920245,-0.0197485963239,0.57383537433,0.818955788153,0.00226431457402,0.0,0.818916083357,-0.573774889057,-0.011814059738,0.0,-0.00837614702729,0.00863377524147,-0.999927646426,0.0,0.653613007952,0.250542102609,0.303534020113,1.0,-0.01802,-0.0236834285714,0.902
0.459032918046,0.502795527234,-0.1241124831,-1.42622083174,0.0752299608529,1.92006585452,0.149818689227,-0.0120893575142,-0.10304242874,-0.000123149365922,-0.139361901339,-0.00872283006255,0.0443449375551,-0.0240314913968,0.573826151222,0.81896192759,0.00237828365388,0.0,0.81892378667,-0.573765320227,-0.0117446086632,0.0,-0.00825396958184,0.00868716389724,-0.999928200007,0.0,0.65331889797,0.250154803854,0.303606550802,1.0,-0.01836,-0.0241302857143,0.919
0.458799461043,0.501091430013,-0.124121917666,-1.42877684184,0.0750663408332,1.92097531221,0.149461681034,-0.011756395703,-0.101309788357,-0.00246561921581,-0.153443570961,-0.00745673090304,0.053237116112,-0.0171478506638,0.573817879213,0.818967588064,0.00242447869435,0.0,0.81893006069,-0.573756892808,-0.0117188120177,0.0,-0.00820642384989,0.00871011003983,-0.999928391731,0.0,0.652999429064,0.24975140086,0.303658494922,1.0,-0.0187,-0.0245771428571,0.936
0.458588333794,0.499571887242,-0.124117061254,-1.43107509474,0.0749141145335,1.92179403806,0.14914333012,-0.0149249051796,-0.102622439127,-0.000116008966256,-0.150524123498,-0.0104923247088,0.0541696643044,-0.0270959281921,0.573802191734,0.818978485685,0.00245594126514,0.0,0.818941360521,-0.573741085713,-0.0117030549078,0.0,-0.00817563318468,0.00872667845274,-0.999928499496,0.0,0.652708631749,0.249394881185,0.303695443671,1.0,-0.019,-0.0249714285714,0.951
0.4582866084,0.497616740964,-0.124117075967,-1.4341872951,0.0747271397186,1.92295381421,0.148695103853,-0.0194550998488,-0.100791608937,-0.000760607987827,-0.15986656613,-0.0102836368947,0.0573465808283,-0.020332586228,0.573790034817,0.818986993641,0.00245908367088,0.0,0.818949817536,-0.57372882095,-0.0117125261862,0.0,-0.00818171695744,0.00873456509917,-0.999928380875,0.0,0.652325317787,0.248903148316,0.303678020446,1.0,-0.0194,-0.0254971428571,0.971
0.458041165286,0.496033733488,-0.124114883448,-1.43670800623,0.0745701906017,1.92384350818,0.148310684149,-0.0188247067332,-0.099373524188,0.000802637445244,-0.159871482766,-0.0105808320373,0.0605732551947,-0.0147054965088,0.573759534432,0.819008480973,0.00241901734461,0.0,0.818970670719,-0.573698350745,-0.01174690408,0.0,-0.00823318632005,0.00872117038273,-0.999928075329,0.0,0.652003710557,0.2485014468,0.303658491429,1.0,-0.01972,-0.0259177142857,0.987
0.457756386227,0.494266061,-0.124122764785,-1.43960481559,0.0743916640286,1.9248461384,0.14790357866,-0.0139285653176,-0.0983032785069,-0.000964707177793,-0.160649196627,-0.00707799907634,0.0510714405006,-0.0259804285145,0.573762516782,0.819006705712,0.00231024578002,0.0,0.818967340063,-0.573701595993,-0.0118203877212,0.0,-0.00835574599065,0.00867427825635,-0.999927466572,0.0,0.65163032533,0.248030419889,0.30359818452,1.0,-0.020428,-0.0268482285714,1.005
0.457485700163,0.492565244718,-0.124124413945,-1.44232080553,0.074216789465,1.92585246815,0.147522973363,-0.0113170875492,-0.111231547523,0.00157822189188,-0.171588147904,-0.00624805865139,0.0636950385702,-0.0303468979476,0.573762712706,0.819006605954,0.00229691380471,0.0,0.818967078444,-0.5737018554,-0.0118259222098,0.0,-0.00836792580834,0.00866653685308,-0.999927431845,0.0,0.651293344375,0.247593658563,0.303576737452,1.0,-0.02222,-0.0292034285714,1.021
0.457175797151,0.490615232014,-0.124134097749,-1.44545350311,0.0740210910364,1.92696613209,0.147070818325,-0.0195269352254,-0.116435341889,-0.00166338843248,-0.185560488929,-0.0142752283014,0.0644513616127,-0.0313084220738,0.573756653137,0.819011021545,0.00223527867317,0.0,0.818970610267,-0.573695953631,-0.011867569543,0.0,-0.00843746237195,0.00863989086564,-0.999927078098,0.0,0.650894162721,0.247084717064,0.303539196223,1.0,-0.024124,-0.0317058285714,1.038
0.456880918878,0.488770835582,-0.124148321411,-1.44842009911,0.0738443774433,1.92801740024,0.146645242948,-0.0199207975235,-0.12592633485,5.21038594218e-05,-0.205101047851,-0.0128543276353,0.0676759588233,-0.0308339537276,0.573759681272,0.819009059741,0.00217603076627,0.0,0.818967737078,-0.57369907599,-0.0119148115507,0.0,-0.00851011561134,0.00861850340313,-0.999926646975,0.0,0.650514847433,0.246600177509,0.303501190264,1.0,-0.025804,-0.0339138285714,1.053
0.456502948743,0.486451843716,-0.124168888697,-1.45197836269,0.0736295365627,1.92940293944,0.146141065608,-0.0277517218642,-0.146781185573,-9.69715303429e-06,-0.213603847604,-0.0158875305264,0.0816233193039,-0.0257652571731,0.573789853839,0.818987593257,0.00229621956488,0.0,0.818947922771,-0.573728857141,-0.0118425155129,0.0,-0.00838162722363,0.00867576652352,-0.999927237053,0.0,0.65009254148,0.246010494305,0.303539371666,1.0,-0.027708,-0.0364162285714,1.07
0.456055949495,0.483703630551,-0.124205448848,-1.4562162035,0.0733614790286,1.93091292553,0.145477850694,-0.0305701005151,-0.149088110736,-0.0010838109339,-0.232276855127,-0.015336806043,0.0836462677504,-0.0381611352689,0.573774902676,0.818998039362,0.0023064001993,0.0,0.818958536627,-0.57371390487,-0.0118329009717,0.0,-0.00836806994252,0.00867843482226,-0.999927327447,0.0,0.649560736056,0.245292232793,0.303561929929,1.0,-0.029836,-0.0392130285714,1.089
0.455644493265,0.481205465722,-0.124240506232,-1.46009399395,0.073124181755,1.93225932714,0.144901016048,-0.0293428559582,-0.16323406413,-0.00110951743721,-0.249703280483,-0.0192771005864,0.0850465436056,-0.0424530170757,0.573790015475,0.818987533927,0.00227690910361,0.0,0.818947555977,-0.573729036216,-0.0118591931665,0.0,-0.00840636434879,0.00866952269129,-0.999927083549,0.0,0.649064325718,0.244631567985,0.30356659186,1.0,-0.031628,-0.0415682285714,1.105
0.45517947967,0.478415253408,-0.12425693587,-1.4643797884,0.0728629215422,1.93383837349,0.144278878053,-0.0314555314946,-0.164366590167,0.000772195999005,-0.251074191606,-0.01311939909,0.0959580511844,-0.0367110462494,0.573811153544,0.818972521904,0.00234847522871,0.0,0.818933410226,-0.573749825886,-0.0118302076545,0.0,-0.0083413383405,0.00871171765633,-0.99992726138,0.0,0.648529064703,0.243914726855,0.303597422703,1.0,-0.033532,-0.0440706285714,1.122
0.454685326277,0.475474918327,-0.124276444081,-1.46886672023,0.0725839479833,1.93549911471,0.143644204645,-0.0270134489684,-0.17443155856,-2.68515467134e-06,-0.269181454808,-0.0168225079203,0.101196437158,-0.0370012250406,0.573851577088,0.81894392188,0.00244278338467,0.0,0.818906040108,-0.573789889732,-0.0117816305241,0.0,-0.00824700907911,0.00876148601107,-0.999927608982,0.0,0.647969782606,0.243158502495,0.303641681823,1.0,-0.035436,-0.0465730285714,1.139
0.454198822645,0.472560288565,-0.124294968588,-1.4733740145,0.0723006271523,1.93707177191,0.14297545229,-0.0324191499462,-0.184611999306,-0.00131097131669,-0.288710868652,-0.0193309412999,0.0980968444059,-0.034315757952,0.573854824211,0.818941696585,0.00242594854726,0.0,0.818903452683,-0.573793047945,-0.0118076337649,0.0,-0.00827793059283,0.00876265394815,-0.999927343241,0.0,0.647381656365,0.242399196482,0.303648880475,1.0,-0.037228,-0.0489282285714,1.155
0.453649149831,0.469315631853,-0.12428825286,-1.47830262926,0.0719884434519,1.93889280328,0.142201950435,-0.0365910221689,-0.196169534509,0.00208269703595,-0.289382502355,-0.0190545009901,0.117225127231,-0.0547417647183,0.573816729717,0.818968029355,0.00254450224459,0.0,0.818931242178,-0.57375442606,-0.0117569580508,0.0,-0.00816881061604,0.00883028161431,-0.999927645712,0.0,0.646754711241,0.241580885046,0.303702046008,1.0,-0.039132,-0.0514306285714,1.172
0.453057333241,0.465726911748,-0.124299363034,-1.48374359494,0.0716185466538,1.94090002701,0.14133993226,-0.0356154358841,-0.196955100715,-0.000293234728206,-0.312945859845,-0.0268379431439,0.102430275984,-0.0373073696091,0.573759519997,0.819007740288,0.00266110183179,0.0,0.818972652919,-0.57369700834,-0.0116740436238,0.0,-0.0080346206199,0.00887763421484,-0.999928313672,0.0,0.646058911701,0.240672982979,0.303762745496,1.0,-0.041148,-0.0540802285714,1.19
0.452518157762,0.462612958657,-0.124305892893,-1.48858891788,0.071305033058,1.94255255909,0.140616781722,-0.0419321763391,-0.212637649689,-0.00076204755709,-0.326418217352,-0.0324057193963,0.121676627507,-0.0499577000001,0.573754714573,0.819011319437,0.00259481031964,0.0,0.818975151178,-0.573692197899,-0.0117350212931,0.0,-0.00812264922368,0.00885827951569,-0.999927774119,0.0,0.645406991705,0.239852023518,0.303746306108,1.0,-0.042828,-0.0562882285714,1.205
0.451846616756,0.458775414265,-0.124313085684,-1.49457365357,0.0709004869267,1.94464468834,0.139735944438,-0.038723123299,-0.211817151031,0.000258544259152,-0.336739193702,-0.0224280387907,0.123761895836,-0.0504834537922,0.573755492366,0.819010955449,0.00253707200793,0.0,0.818973971045,-0.573693115134,-0.0117724806334,0.0,-0.00818644748249,0.00883249141218,-0.999927481957,0.0,0.644608038815,0.238836357583,0.303721307462,1.0,-0.044844,-0.0589378285714,1.223
0.451236467154,0.455524595774,-0.124319112738,-1.49976006429,0.0705555924923,1.94649003036,0.138924477285,-0.0434032469387,-0.214318807018,-0.00172004301202,-0.348358884913,-0.0201100097564,0.11996530254,-0.0506575544089,0.573739575613,0.819022365657,0.00245169947459,0.0,0.818984178056,-0.573677420792,-0.011827081986,0.0,-0.00828031945763,0.0087937373851,-0.999927050585,0.0,0.643921403122,0.237941015032,0.303648542432,1.0,-0.046524,-0.0611458285714,1.238
0.450563270508,0.451819710226,-0.124372580211,-1.50540162868,0.0701547103942,1.94851557525,0.138006481274,-0.0370512740413,-0.238664930315,-0.00306238038309,-0.348767989703,-0.0225507671894,0.135825785605,-0.0572744893706,0.573725192795,0.819032302765,0.00249741471728,0.0,0.818995091852,-0.573663276526,-0.0117571930543,0.0,-0.00819700360944,0.00879093750034,-0.999927761666,0.0,0.643190971164,0.236933602269,0.303684653994,1.0,-0.048316,-0.0635010285714,1.254
0.449718300673,0.4471982784,-0.12442372501,-1.5123643077,0.0697010009217,1.95097081511,0.136989789599,-0.050151644981,-0.245442719082,0.00387986644839,-0.372399201968,-0.0238795141136,0.125649834112,-0.0530996210316,0.573812257498,0.818971031799,0.0025863334762,0.0,0.818934979857,-0.573750010913,-0.0117119872484,0.0,-0.00810802552566,0.00883869096822,-0.999928066145,0.0,0.642271914507,0.235695516766,0.303753794697,1.0,-0.050444,-0.0662978285714,1.273
0.448986850744,0.443226314517,-0.124444705464,-1.5184958572,0.0692811719317,1.95302461609,0.136047679546,-0.0415787640728,-0.249865017918,-0.00112959850742,-0.384818324964,-0.0288477763373,0.13892897313,-0.0618888176752,0.573812774557,0.818970974201,0.002487985619,0.0,0.818933493764,-0.573750724687,-0.0117807306098,0.0,-0.00822075114733,0.00879759785395,-0.999927508134,0.0,0.641423761234,0.23461763651,0.30373380342,1.0,-0.052236,-0.0686530285714,1.289
0.44812093015,0.438678788895,-0.124447371643,-1.52554419277,0.0687994329969,1.95551137838,0.134889414156,-0.0507877026509,-0.261001404798,-7.44585228083e-05,-0.396645820778,-0.0223418744793,0.144390048383,-0.0670469346635,0.573753954651,0.819012250143,0.00246587508725,0.0,0.818974390033,-0.573691896589,-0.0118026759504,0.0,-0.00825204250969,0.00879148981091,-0.999927304108,0.0,0.6404664781,0.233384699275,0.303704089154,1.0,-0.054252,-0.0713026285714,1.307
0.447344584636,0.434709309209,-0.124465441813,-1.53148827104,0.0684012117788,1.95767525998,0.133928993619,-0.0504896145271,-0.274046367189,-0.00297406135887,-0.389148674475,-0.026197226425,0.136876565907,-0.058614627529,0.573766902627,0.81900270385,0.0026190527895,0.0,0.818966903967,-0.573704355651,-0.0117162030981,0.0,-0.00809319584228,0.00886745784252,-0.999927931589,0.0,0.639682966445,0.232314635398,0.30377250159,1.0,-0.055932,-0.0735106285714,1.322
0.446432524184,0.430151476708,-0.124495478423,-1.53847040979,0.0678875179382,1.96014611475,0.132814343062,-0.0565518075093,-0.268918500545,-0.00335585073892,-0.424902171503,-0.0353238795677,0.14158971991,-0.0655946880252,0.573781695894,0.81899232327,0.0026242680971,0.0,0.818956916678,-0.573719485699,-0.011673356667,0.0,-0.00805495083687,0.0088472912323,-0.999928419041,0.0,0.638741567631,0.231041265641,0.303771116483,1.0,-0.057836,-0.0760130285714,1.339
0.445548523468,0.425724756492,-0.124537190083,-1.54537583643,0.0673861155915,1.96237401205,0.131683896441,-0.0552782227768,-0.28139915462,-0.000415605256125,-0.432780783583,-0.0253709103372,0.139652538605,-0.0768323814564,0.573763663897,0.819005679761,0.00238776315106,0.0,0.818967115653,-0.573702230162,-0.0118051466322,0.0,-0.00829877687451,0.00872903174614,-0.999927464523,0.0,0.637695642576,0.229694764129,0.303693644132,1.0,-0.05974,-0.0785154285714,1.356
0.444510321623,0.420566647329,-0.124583286012,-1.55321143527,0.0668331265427,1.96503026514,0.130413762604,-0.0598464911859,-0.289662435762,-0.000258540830483,-0.447857397231,-0.0275290612546,0.15308189481,-0.0646750674123,0.573784587657,0.818991119404,0.00235376422886,0.0,0.818952112174,-0.573723280243,-0.0118229681091,0.0,-0.00833265698155,0.00871162479393,-0.99992733457,0.0,0.636659978084,0.228330415016,0.303698110477,1.0,-0.061644,-0.0810178285714,1.373
0.443406251372,0.415228944808,-0.124603157834,-1.56106957053,0.0663016696642,1.96794355447,0.129133568293,-0.0613286268171,-0.29464260334,-0.000426897273895,-0.432823541418,-0.03030696076,0.160497816832,-0.0732018372092,0.573835038313,0.818954775974,0.00267780031015,0.0,0.818920141362,-0.573772720495,-0.0116367601959,0.0,-0.00799368547364,0.00887065612901,-0.999928703685,0.0,0.635613452725,0.226881345237,0.303829609574,1.0,-0.06366,-0.0836674285714,1.391
0.442403809426,0.410445216403,-0.124621643991,-1.5683818969,0.0657831885635,1.9703955721,0.127869779577,-0.0625838878622,-0.300685436263,-0.000475541364287,-0.462590391274,-0.0375560375532,0.143151577516,-0.0763950306527,0.573788927017,0.818987324562,0.00260314048689,0.0,0.818951551062,-0.573726689094,-0.0116957314815,0.0,-0.00808532032949,0.00884289740998,-0.999928212804,0.0,0.634567977386,0.225529211116,0.303800363861,1.0,-0.065452,-0.0860226285714,1.407
