position_joint1,position_joint2,position_joint3,position_joint4,position_joint5,position_joint6,position_joint7,velocity_joint1,velocity_joint2,velocity_joint3,velocity_joint4,velocity_joint5,velocity_joint6,velocity_joint7,ee_T_00,ee_T_10,ee_T_20,ee_T_30,ee_T_01,ee_T_11,ee_T_21,ee_T_31,ee_T_02,ee_T_12,ee_T_22,ee_T_32,ee_T_03,ee_T_13,ee_T_23,ee_T_33,v_x,v_y,time
0.465064918635,0.547671040067,-0.123943443555,-1.35573473396,0.07948549244,1.89408701091,0.159171621754,0.000967838973309,-0.00210222353756,0.00740662797513,-0.00383980896358,0.000165770553486,-0.000499555018365,0.00100439101034,0.573782110784,0.818993508482,0.00211407405263,0.0,0.81895249165,-0.573722872723,-0.0118164561062,0.0,-0.00846487118063,0.00851156121348,-0.999927947045,0.0,0.66169259071,0.260920640281,0.303336486024,1.0,0.0,0.0,0.0
0.465065549499,0.547671040067,-0.123947668966,-1.35573425713,0.0794847473299,1.8940907958,0.159166128878,0.000645225982206,-0.0014000338455,0.0045290740327,-0.00293708432467,0.000110513702324,-9.56777379378e-05,-0.00116152937844,0.573779850562,0.818995086635,0.00211614231685,0.0,0.818954129623,-0.573720637736,-0.0118114482646,0.0,-0.00845960644882,0.00851035836021,-0.999928001838,0.0,0.661694303072,0.260918806141,0.303337180328,1.0,-0.0,-0.0,0.001
0.465062915252,0.547680934423,-0.123947654652,-1.3557450028,0.0794830523707,1.89409161528,0.159164456137,0.00127390768979,0.00193011381424,0.000106138527471,-0.000472653001322,-0.000372094705641,8.31760199385e-05,-0.000428057101613,0.57378079109,0.818994473517,0.00209833877911,0.0,0.818953289126,-0.573721652637,-0.0118204241202,0.0,-0.00847716284856,0.00850093741694,-0.99992793329,0.0,0.66169251915,0.260915443349,0.303325123576,1.0,-0.00032,-0.000420571428571,0.017
0.465064469397,0.547659150065,-0.123943099923,-1.35574588615,0.0794850873384,1.8940923322,0.159168467224,0.00191281364622,-0.00359611557572,0.000695916065948,0.000598000835247,0.00010671042097,0.000474630020927,-0.000805790672248,0.57378017188,0.818994852666,0.00211956726261,0.0,0.81895390475,-0.573720909856,-0.0118138219804,0.0,-0.00845958220704,0.00851452862364,-0.999927966541,0.0,0.661691471389,0.260919671138,0.303340051198,1.0,-0.00066,-0.000867428571429,0.034
0.465059547207,0.547615495139,-0.123948389745,-1.35579014187,0.0794843748289,1.89409993097,0.159165263526,0.00038285582083,-0.00518357669271,-0.000409567848132,-0.00217408445529,0.000101018598698,0.000112314461567,-0.000609343525187,0.573787476944,0.818989717959,0.00212604811805,0.0,0.8189488528,-0.573728186977,-0.0118106251309,0.0,-0.00845316956237,0.00851807746165,-0.999927990548,0.0,0.661686535239,0.260909074624,0.303350746062,1.0,-0.001,-0.00131428571429,0.051
0.46505662294,0.547499072456,-0.123945605581,-1.35593591815,0.0794850868516,1.89412485431,0.159168809378,-0.000381038840482,-0.006641510003,0.000133273279779,-0.0104277479568,-0.000105576764061,0.00647990784231,0.00101198326536,0.573798942189,0.81898167567,0.00212973230218,0.0,0.8189407229,-0.57373949971,-0.0118247938702,0.0,-0.00846254088287,0.00852934294177,-0.99992781525,0.0,0.661661245814,0.260894783015,0.303365907098,1.0,-0.00132,-0.00173485714286,0.067
0.465049548682,0.547343999263,-0.123949101881,-1.35613295981,0.0794816141691,1.89417400317,0.159154582723,0.00148372256471,-0.0043721082422,-0.00204118384693,-0.00856798240242,-0.000694863757152,0.00500868568587,-0.00130212382134,0.573805426456,0.81897710268,0.00214120442007,0.0,0.818936211038,-0.573745848996,-0.0118291974549,0.0,-0.00845949758231,0.00854133197217,-0.999927738664,0.0,0.661632812111,0.26086950207,0.303386346738,1.0,-0.00168,-0.002208,0.085
0.46503041055,0.547187024808,-0.123948554927,-1.3563285242,0.0794793469504,1.89428489997,0.159144641021,-0.00316513771194,-0.00837263659896,0.000766715721624,-0.0129186007802,0.000110574887743,0.00509365314585,-0.000738491448973,0.573823128523,0.818964524454,0.00220720630474,0.0,0.81892445807,-0.573763256983,-0.0117984665209,0.0,-0.00839627329963,0.00857793334957,-0.999927958232,0.0,0.661619233151,0.260843180571,0.303414065635,1.0,-0.002,-0.00262857142857,0.101
0.46501497961,0.546987142249,-0.123946431328,-1.35654615907,0.0794723255047,1.89441441423,0.159134817264,-0.00167545914708,-0.0100577688175,-0.000275410787703,-0.011876738576,6.30910002061e-05,0.00547849826042,0.000514864579195,0.573836770321,0.818954694659,0.00230565053665,0.0,0.8189159144,-0.573776528107,-0.0117459711035,0.0,-0.00829664975479,0.00862857016652,-0.999928354123,0.0,0.661604370059,0.260818666453,0.303463223646,1.0,-0.00234,-0.00307542857143,0.118
0.464985282323,0.546779668247,-0.12394879008,-1.35684324119,0.0794680933176,1.89454364207,0.159114596471,-0.00231684671021,-0.0163466471579,0.00136576440544,-0.0226407245268,-0.0048070917853,0.00562454903329,0.00211452044756,0.573865558657,0.81893439232,0.00235128988664,0.0,0.818896148363,-0.573805083268,-0.0117290883118,0.0,-0.00825633067988,0.00865654871385,-0.999928446024,0.0,0.661580634747,0.260777141533,0.303481732201,1.0,-0.00266,-0.003496,0.134
0.46495203794,0.546517492179,-0.123948801879,-1.35723795901,0.0794565116939,1.89468928679,0.159040397002,-0.00211515894301,-0.0126762131457,0.000207827002145,-0.0258050894355,-0.000186628682931,0.0102965673638,-0.000820958435589,0.573847247704,0.818947186888,0.00236395675582,0.0,0.818908972537,-0.573786585899,-0.0117386303298,0.0,-0.0082570705846,0.00867221307161,-0.999928304183,0.0,0.661530741598,0.260715814019,0.303490485226,1.0,-0.00304,-0.00399542857143,0.153
0.464914359011,0.546237028923,-0.123944501836,-1.35766635307,0.0794446387698,1.89485145594,0.158934343681,-0.0020075694537,-0.0162495656444,0.000400165588759,-0.0268360507143,-8.75655691113e-05,0.0143165485576,-0.00115736752403,0.573809076109,0.818973871146,0.00238525804168,0.0,0.818935789247,-0.57374818802,-0.0117446471093,0.0,-0.00825018047055,0.00869272564586,-0.999928182943,0.0,0.661481680803,0.260655299742,0.303499108073,1.0,-0.00338,-0.00444228571429,0.17
0.464869734759,0.545988139523,-0.123943791547,-1.35810826189,0.0794275538593,1.89499685046,0.15892428211,-0.00497836807599,-0.0137783408347,0.000813241782474,-0.0299448379674,-0.00112974593249,0.00993617151784,-0.00470507965519,0.573858223673,0.818939541567,0.00234803787353,0.0,0.818900853151,-0.573797340153,-0.0117793056967,0.0,-0.00829940111001,0.00868262882857,-0.999927863347,0.0,0.661426017594,0.260578427558,0.303475170288,1.0,-0.0037,-0.00486285714286,0.186
0.464794195849,0.545579984915,-0.123946895279,-1.35880363388,0.079362726692,1.89522881978,0.158829617123,2.62390036688e-05,-0.0185947673925,-0.000180663911025,-0.0327065239172,-0.0101138410872,0.0121699257794,-0.00729437789381,0.573865590803,0.818934546796,0.00228881139742,0.0,0.818895224973,-0.573805074003,-0.011793831696,0.0,-0.00834520529276,0.0086425373139,-0.999927829444,0.0,0.66135231024,0.260468364079,0.303453557775,1.0,-0.00408,-0.00536228571429,0.205
0.464743585161,0.545291995825,-0.123946907947,-1.35929186027,0.0792939101817,1.89538809794,0.158737752009,-0.00617268669101,-0.0231754361524,0.000753586767193,-0.0410099054093,-0.00342092054381,0.00526067518146,-0.0116422274587,0.573840188052,0.818952503565,0.00223212525177,0.0,0.818912799047,-0.573780257068,-0.0117809616268,0.0,-0.00836745971743,0.00858847052778,-0.999928109312,0.0,0.661293839211,0.260372427154,0.303440895622,1.0,-0.00436,-0.00573028571429,0.219
0.464663344108,0.544814889905,-0.123954471052,-1.36011261055,0.0792787900873,1.89564613092,0.158692198694,-0.00471150057512,-0.0268236581459,-0.000230784035081,-0.0371012590707,0.000303808218675,0.0157807075759,0.00169692177504,0.573915459789,0.818899907158,0.00217576939115,0.0,0.818859134799,-0.573855397497,-0.0118510346327,0.0,-0.00845639696345,0.00858330588658,-0.99992740547,0.0,0.66119270993,0.260238891528,0.303410589436,1.0,-0.00476,-0.006256,0.239
0.464609879075,0.544455946478,-0.123957395027,-1.3607122105,0.0792602177308,1.89585705345,0.158593793379,-0.00232623774355,-0.0269143954699,6.14588241687e-05,-0.0431091506204,-0.000108189211089,0.0213036090912,-0.00550140497518,0.573909185515,0.818904348314,0.00215916538041,0.0,0.818863192421,-0.573849020514,-0.0118794214823,0.0,-0.00848923841275,0.0085859354695,-0.999927104615,0.0,0.661121985582,0.260146699021,0.303397621615,1.0,-0.00504,-0.006624,0.253
0.464536267809,0.543964105848,-0.123958719691,-1.36152476491,0.0792235540634,1.8961582968,0.158497805341,-0.00177125350441,-0.0264553787083,-0.000283295076348,-0.0454295679881,-0.00253422050606,0.020543384105,-0.0109608456927,0.573927384071,0.818891623943,0.00214777792069,0.0,0.818850207281,-0.573867148955,-0.0118987514838,0.0,-0.00851141260459,0.00858789305191,-0.999926899302,0.0,0.661029599536,0.260021788935,0.303385064925,1.0,-0.0054,-0.00709714285714,0.271
0.464460617204,0.54341903491,-0.123962289901,-1.36240566958,0.0791711770284,1.89646043717,0.158372141612,-0.00180851692804,-0.0272748012123,0.000681842911149,-0.0507836015551,-0.00190849967341,0.020740943059,-0.0144093416041,0.573923912389,0.81889413246,0.00211884673379,0.0,0.818852305491,-0.573863761363,-0.0119177215639,0.0,-0.00854358739507,0.00857505301598,-0.999926735106,0.0,0.660924860816,0.259884339823,0.3033777028,1.0,-0.00576,-0.00757028571429,0.289
0.464395603397,0.542965022708,-0.123966911429,-1.36312441586,0.0791297926651,1.89671603131,0.158291297565,-0.00270837339196,-0.0311784435403,-0.000169665492402,-0.0508724967788,-0.00670142535177,0.0108214643788,-0.00446361821367,0.573943094393,0.818880709077,0.00211082963405,0.0,0.81883876284,-0.573882958824,-0.011923797298,0.0,-0.00855296310138,0.0085721752852,-0.999926679629,0.0,0.660842528438,0.25976999231,0.303379056554,1.0,-0.00604,-0.00793828571429,0.303
0.464312911493,0.542201650535,-0.123965099233,-1.3643056486,0.0790613026635,1.89713662853,0.158123957784,-0.00534900128605,-0.0363392767132,-0.00165961000496,-0.0588740125459,-0.00565168545256,0.0232194605295,-0.0114366546822,0.573919782703,0.818897034846,0.00211571379456,0.0,0.81885508292,-0.573859560571,-0.0119291583323,0.0,-0.00855479450436,0.00857900812505,-0.999926605362,0.0,0.660699181423,0.259603677527,0.303393092857,1.0,-0.00648,-0.00851657142857,0.325
0.464253366385,0.541766142234,-0.123965504241,-1.36497306563,0.0790242554197,1.89738104189,0.158044915763,-0.00529744097517,-0.0368208479232,0.000248061443031,-0.0535263412047,-0.00622090772927,0.0194744237539,-0.00550193472695,0.573931248367,0.81888896718,0.00212802246615,0.0,0.818847141133,-0.573870939864,-0.0119268914243,0.0,-0.00854575407967,0.00858790614077,-0.999926606284,0.0,0.660623107464,0.259501193164,0.303404565931,1.0,-0.00672,-0.008832,0.337
0.464173056102,0.541081318288,-0.12396357095,-1.36603074311,0.0789583386916,1.89778139463,0.157916727819,-0.00107019035613,-0.0378696490022,0.00125955962104,-0.0567973666426,-0.00600009488135,0.0218456348173,-0.00759265452941,0.573931814667,0.818888512695,0.0021500674142,0.0,0.818846987462,-0.573871430103,-0.0119138464776,0.0,-0.00852241384359,0.00859847730084,-0.99992671464,0.0,0.660501015231,0.259349214228,0.303419920066,1.0,-0.00708,-0.00930514285714,0.355
0.464088483488,0.54045750573,-0.123963659011,-1.36697285364,0.0789042419495,1.89812085753,0.157786940552,-0.0074193721798,-0.0466718754139,0.0015809933426,-0.065397758033,-0.00816000939593,0.0267023226565,-0.010079481707,0.573932509137,0.81888797264,0.00217028150711,0.0,0.818846667462,-0.573871998973,-0.0119084374365,0.0,-0.00850637617696,0.00861193296378,-0.999926735404,0.0,0.660392579503,0.259203955122,0.303441848365,1.0,-0.00738,-0.00969942857143,0.37
0.463985475064,0.539742850825,-0.123972231541,-1.36807087289,0.0788473632395,1.8985428147,0.157645407119,-0.00720306109171,-0.0415667906893,-0.000719119759873,-0.0602340499528,-0.00101247060102,0.0277509658156,-0.00820396033803,0.573952650272,0.818873761971,0.00220547093189,0.0,0.818832888337,-0.573891968945,-0.0118935217283,0.0,-0.00847375397122,0.00863239665074,-0.999926835934,0.0,0.660273674021,0.25902944139,0.303461117991,1.0,-0.00772,-0.0101462857143,0.387
0.463884012809,0.538997144482,-0.123977529003,-1.36923734344,0.0787692914605,1.89897914767,0.157507737239,-0.00998295644234,-0.0455845917447,-0.000329664102639,-0.0722297287734,-0.002455207851,0.0235870904509,-0.0064867601612,0.57397035555,0.818861333348,0.00221237383188,0.0,0.818820640529,-0.573909737165,-0.0118793573551,0.0,-0.0084580063616,0.00863010247915,-0.999926989064,0.0,0.660142428426,0.258847692555,0.303470734601,1.0,-0.00806,-0.0105931428571,0.404
0.463777552707,0.538276891601,-0.12397756845,-1.37036007309,0.0787147070905,1.89942209669,0.15736375221,-0.000561675368167,-0.0457419720991,-0.000693657260069,-0.0738543701262,-0.00628553331137,0.0290779344724,-0.00491463650216,0.573987239159,0.818849389189,0.00225255613521,0.0,0.818809131634,-0.573926369462,-0.01186908967,0.0,-0.00842635769534,0.00865728622365,-0.999927021283,0.0,0.660020508777,0.258674805053,0.303483514405,1.0,-0.00838,-0.0110137142857,0.42
0.463654057762,0.53744242068,-0.12398608411,-1.37168224522,0.0786289581087,1.89991668225,0.157213525185,-0.011472790318,-0.0482509535917,-0.00063994596583,-0.0763599659642,-0.00163656037665,0.0312236720954,-0.0107444586454,0.574021324662,0.818825497413,0.00225178172719,0.0,0.818785318727,-0.57396054514,-0.0118592310714,0.0,-0.00841836899298,0.00865134391345,-0.999927140002,0.0,0.659873525084,0.258462068301,0.303486612946,1.0,-0.00874,-0.0114868571429,0.438
0.463553211136,0.536663212856,-0.1239892804,-1.37291071045,0.0785610701026,1.90037174412,0.157056976772,-0.0053239407053,-0.045124162739,0.000170988022523,-0.0758314168315,-0.00315567134639,0.0300322007025,-0.00481207054779,0.574027433858,0.818821195499,0.0022587345513,0.0,0.818781053972,-0.573966571377,-0.0118620191945,0.0,-0.00841659665741,0.00865870020198,-0.999927091248,0.0,0.659730567344,0.258277980575,0.303491568677,1.0,-0.00906,-0.0119074285714,0.454
0.463433110706,0.535800458023,-0.124001672888,-1.37425551503,0.0784910798079,1.90087404061,0.156897064831,-0.00448212868988,-0.0554246498436,-0.00135433512964,-0.0880999296064,-0.00615705304975,0.0326304271463,-0.0138413189201,0.574058767987,0.818799173639,0.00227838693994,0.0,0.81875924364,-0.573997778799,-0.0118573938452,0.0,-0.00840119698829,0.00867245824169,-0.999927101522,0.0,0.659579151837,0.258066016025,0.303504376693,1.0,-0.0094,-0.0123542857143,0.471
0.463326884627,0.534957674134,-0.123996747669,-1.37557407606,0.0784125720215,1.9013494679,0.156730129975,-0.00672356577498,-0.0592268291845,-0.000365712689601,-0.083204687815,-0.00592186817311,0.0320220285252,-0.0107772505035,0.574066334325,0.818793873127,0.0022768454666,0.0,0.818753865744,-0.574005291076,-0.0118650767484,0.0,-0.00840829268666,0.00867568417672,-0.999927013896,0.0,0.659410610757,0.257857698413,0.303510812581,1.0,-0.00974,-0.0128011428571,0.488
0.463213245258,0.534062198772,-0.124005797156,-1.37705221931,0.0783352230013,1.90188012578,0.156554687808,-0.00870587205596,-0.0545879565716,0.000693105464765,-0.0814104494765,-0.0013509198004,0.0287442986143,-0.00996940129027,0.574066620025,0.818793781513,0.00223741592403,0.0,0.818753118467,-0.574005586774,-0.0119022793611,0.0,-0.00846138599425,0.00866475937198,-0.999926660757,0.0,0.659232487777,0.257638842093,0.303484775705,1.0,-0.01008,-0.013248,0.505
0.463089347921,0.533148653646,-0.124003475894,-1.37853181395,0.0782474942301,1.90244215609,0.156360383363,-0.00484269493817,-0.0482182473484,0.00104352685601,-0.0863667433761,-0.000994251570117,0.0296918085169,-0.0212735940156,0.574071135827,0.818790622714,0.00223474112024,0.0,0.818749918111,-0.574010105826,-0.011904490926,0.0,-0.00846468452286,0.00866388554317,-0.999926640411,0.0,0.6590700673,0.257432525956,0.303475621512,1.0,-0.0104,-0.0136685714286,0.521
0.462962738851,0.532196731496,-0.123998396424,-1.38007620869,0.0781565936603,1.90302529399,0.156176637444,-0.00634743361349,-0.0553669436411,0.00103103096148,-0.091373156241,-0.0132677832743,0.0354815177226,-0.0163508670421,0.574080842109,0.818783837933,0.00222718745293,0.0,0.818742980986,-0.574019785994,-0.0119148342525,0.0,-0.0084773872685,0.00866373897952,-0.999926534067,0.0,0.658888122077,0.257206077403,0.303462049375,1.0,-0.01074,-0.0141154285714,0.538
0.462834006294,0.53121265554,-0.124003741794,-1.38167600475,0.0780644517208,1.90359528117,0.155962717643,-0.00761541109492,-0.0573763766399,0.000154277234385,-0.0990663527227,-0.00308988775113,0.0380826898966,-0.0142535779295,0.574077227136,0.818786475678,0.00218893391052,0.0,0.818745044639,-0.574016249219,-0.0119433836123,0.0,-0.00852276143205,0.00864876985467,-0.999926277941,0.0,0.658694042746,0.256964960181,0.303443763792,1.0,-0.01108,-0.0145622857143,0.555
0.462696007179,0.530174937781,-0.124003822123,-1.38331273942,0.0779646156487,1.90417094256,0.155755811689,-0.0125515824332,-0.0602484597877,-0.00112390161491,-0.0965063024931,-0.00316695004101,0.0437994986407,-0.015018556667,0.57408964197,0.818777838035,0.00216375286424,0.0,0.818736023167,-0.574028709259,-0.0119629518025,0.0,-0.00855310822337,0.00863951546982,-0.999926098825,0.0,0.658507670819,0.25672650654,0.303441389006,1.0,-0.0114,-0.0149828571429,0.571
0.46254944,0.529138430152,-0.124008458679,-1.38494414922,0.0778715063437,1.90478830435,0.155530862292,-0.00815543823144,-0.0610760971497,-0.00327772906125,-0.0915607175189,-0.00312624102296,0.0412056024151,-0.00580276074401,0.574085587236,0.818780613757,0.0021890558128,0.0,0.818739095227,-0.574024517382,-0.011953840039,0.0,-0.00853116502879,0.00865495948889,-0.999926152723,0.0,0.658307976698,0.256463881044,0.303452982903,1.0,-0.01176,-0.015456,0.589
0.462388219553,0.527917743483,-0.124015142362,-1.38685873646,0.0777340350819,1.90552323612,0.155266585321,-0.0058883212065,-0.0588466467038,0.000100411356254,-0.105453184908,-0.00481535896951,0.0475575221419,-0.0208022367291,0.57407272343,0.818789579875,0.00220884634156,0.0,0.818748555139,-0.574011814728,-0.0119158260828,0.0,-0.00848881377119,0.00864920700599,-0.999926562933,0.0,0.65808911095,0.256170288465,0.30346504089,1.0,-0.01214,-0.0159554285714,0.608
0.462260652063,0.526892031478,-0.124017627869,-1.38841582219,0.0776464247573,1.90611338664,0.155050625736,-0.0117212868901,-0.0684973947515,-0.000817032117152,-0.110506663552,-0.00447530444875,0.0423897381344,-0.0227806160125,0.57406793502,0.818792820223,0.00225176233506,0.0,0.818752257951,-0.574006756027,-0.0119050844999,0.0,-0.00845543371267,0.00867812985219,-0.999926595157,0.0,0.657916856267,0.255956008573,0.30348910245,1.0,-0.01242,-0.0163234285714,0.622
0.462093581734,0.525600768694,-0.124018124196,-1.39044062079,0.0775128201159,1.90685267911,0.154777857164,-0.00892527906043,-0.067634467154,0.00132472210254,-0.102079059959,-0.00819054563737,0.0348196027961,-0.0138297804398,0.574049607003,0.818805645741,0.00226055389872,0.0,0.81876530574,-0.573988506045,-0.0118876383985,0.0,-0.0084362959049,0.00867512427791,-0.999926782885,0.0,0.657663787541,0.255634420081,0.303505880752,1.0,-0.01282,-0.0168491428571,0.642
0.461958210089,0.524567234249,-0.124022308821,-1.39207830276,0.0774056857554,1.90744294871,0.154550819121,-0.0108977429612,-0.0704832389235,0.00143785676206,-0.113220747486,-0.00318775363247,0.0417585496151,-0.0142859573728,0.574036612901,0.818814802628,0.00224342332868,0.0,0.818774278666,-0.573975621814,-0.0118917223331,0.0,-0.00844961065624,0.00866330812288,-0.999926772905,0.0,0.657465527681,0.255384903687,0.303504570434,1.0,-0.01312,-0.0172434285714,0.657
0.46180440987,0.523444756016,-0.124028602596,-1.39388474821,0.0772982905519,1.90808825128,0.154309437162,-0.0113119672461,-0.0668040434032,0.000465571085572,-0.114245677646,-0.00895395586849,0.0373550218652,-0.017216160681,0.574037284822,0.818814422703,0.00220991137812,0.0,0.818773406137,-0.573976370479,-0.0119156383241,0.0,-0.00848842303204,0.0086496038685,-0.999926562817,0.0,0.65724560861,0.255106899339,0.303490087892,1.0,-0.01344,-0.017664,0.673
0.461649308215,0.522223488395,-0.124031863432,-1.39582853834,0.0771833788682,1.9088558364,0.154054282835,-0.00757740299613,-0.0717665094761,9.99022706356e-05,-0.115972978107,-0.0136629507278,0.0483584593222,-0.0163475796967,0.574031156508,0.818818620876,0.00224596649759,0.0,0.818778100034,-0.57397012522,-0.0118939127529,0.0,-0.00845000225399,0.00866659153331,-0.999926741143,0.0,0.657019844271,0.254821864104,0.303489876935,1.0,-0.01378,-0.0181108571429,0.69
0.46145757512,0.520752850086,-0.124034021946,-1.39819541822,0.0770447578317,1.90974765024,0.153727132865,-0.00818747050763,-0.0753701857874,0.000417876533999,-0.121605201158,-0.00726319523619,0.0465171634404,-0.0195241459283,0.574011023745,0.818832744779,0.00224223037659,0.0,0.818792117565,-0.573949950731,-0.0119024859123,0.0,-0.00845938006436,0.00866824557233,-0.999926647514,0.0,0.656735308946,0.254471127616,0.303473850307,1.0,-0.01418,-0.0186365714286,0.71
0.461285359713,0.519426088222,-0.124043572584,-1.40024673385,0.0769124052923,1.91047212067,0.153462512476,-0.00935168098743,-0.0795819012973,-0.000648209061061,-0.121512556799,-0.00679152878549,0.0355867962089,-0.0136662412784,0.574015319586,0.81882974759,0.00223701639897,0.0,0.818789087113,-0.573954302353,-0.0119011149095,0.0,-0.00846120463521,0.00866323368749,-0.999926675511,0.0,0.656483566418,0.254154244943,0.303492173738,1.0,-0.01452,-0.0190834285714,0.727
0.461120205063,0.518078605144,-0.124041482542,-1.40235200872,0.0767767087022,1.91123218003,0.153173742646,-0.00946030364668,-0.0789495471259,-0.000936870057345,-0.126541750505,-0.00880381442496,0.0433310118723,-0.0140863516883,0.5739875729,0.818849201423,0.00223570697133,0.0,0.818808519122,-0.573926559513,-0.0119021090175,0.0,-0.00846306379429,0.00866244536065,-0.999926666607,0.0,0.656221720394,0.253844564563,0.303501684881,1.0,-0.01486,-0.0195302857143,0.744
0.460940132266,0.516708174899,-0.124044409791,-1.40446428088,0.0766452713632,1.91200821726,0.15288810154,-0.00602399304408,-0.0822916436647,0.000400329530943,-0.119365815382,-0.00567261721499,0.041404448245,-0.0168122061095,0.573979454365,0.818854817547,0.00226288484066,0.0,0.818814490606,-0.573918335216,-0.0118878668211,0.0,-0.00843588833325,0.00867644125801,-0.999926774897,0.0,0.655965944195,0.253523445841,0.303525086306,1.0,-0.0152,-0.0199771428571,0.761
0.460740751713,0.515332182384,-0.124048438876,-1.40662879651,0.0765007672805,1.9128431433,0.152571113211,-0.0137026551209,-0.0855339297982,0.000775155321703,-0.130222520143,-0.0108707341445,0.0452305732604,-0.0212544448858,0.573961396235,0.818867392715,0.00229252710726,0.0,0.818827593951,-0.573900309374,-0.0118555128439,0.0,-0.00839257245869,0.00868195831487,-0.999927091506,0.0,0.655714754278,0.253184814047,0.303532257276,1.0,-0.01554,-0.020424,0.778
0.460571574815,0.514031169845,-0.124054796251,-1.40873977565,0.076373404541,1.91359973719,0.152299168775,-0.0110030316777,-0.0823654519485,-0.001921867295,-0.135640100635,-0.010216376589,0.0397915739474,-0.0194703009289,0.573958434089,0.818869599198,0.00224551753902,0.0,0.818829126207,-0.573897468812,-0.0118871472051,0.0,-0.00844548923748,0.00866159032245,-0.999926822605,0.0,0.655449791094,0.25286755235,0.303505284186,1.0,-0.01586,-0.0208445714286,0.794
0.460350860178,0.512553362468,-0.124062640273,-1.41114515695,0.0762304600261,1.91442983553,0.151956866407,-0.0131396769743,-0.084010926956,-0.000679774320972,-0.137026615502,-0.00561065400848,0.0485040830089,-0.0272264325685,0.573951826309,0.818874451158,0.00216361237686,0.0,0.818832770719,-0.573891049193,-0.011945884421,0.0,-0.00854066620611,0.00862816501652,-0.999926303179,0.0,0.655147485595,0.252485606539,0.303468081773,1.0,-0.01622,-0.0213177142857,0.812
0.460145487902,0.511038098527,-0.124067112205,-1.41357653667,0.0760904236378,1.9153478791,0.151618364754,-0.00733509998962,-0.0829491753071,0.000452289259651,-0.136543016335,-0.00989928535047,0.0525993421871,-0.0180162822131,0.573930480934,0.818889439883,0.00215295216144,0.0,0.818847575982,-0.573869705293,-0.0119564022964,0.0,-0.00855562227935,0.00862524944158,-0.999926200477,0.0,0.654834671141,0.252095818028,0.30344408919,1.0,-0.0166,-0.0218171428571,0.831
0.459969019072,0.509737627435,-0.124067970667,-1.41564501727,0.075951724386,1.91612829918,0.15133083087,-0.011008006517,-0.0925776195354,0.00152066447838,-0.135949020644,-0.0128098955046,0.0500543398456,-0.0174377412708,0.573915697964,0.818899759326,0.00216857265372,0.0,0.81885815985,-0.573854921615,-0.011941100723,0.0,-0.00853428272933,0.00862910470563,-0.999926349573,0.0,0.654600368949,0.251805669572,0.303445212217,1.0,-0.01688,-0.0221851428571,0.845
0.459802861487,0.508488738357,-0.124079330928,-1.41760557674,0.0758341911398,1.91681006684,0.151055089073,-0.00846353172687,-0.0811489762628,-0.000474443954092,-0.141404081208,-0.00794918409094,0.0440767497682,-0.0159032542696,0.573904004679,0.818908020616,0.00214338193829,0.0,0.818866022379,-0.573843262116,-0.0119622246374,0.0,-0.00856616134172,0.00862047723743,-0.999926151399,0.0,0.654351609613,0.25150140537,0.303445343451,1.0,-0.01716,-0.0225531428571,0.859
0.459612331422,0.507131321528,-0.124081544998,-1.41971976267,0.075693368338,1.91758375099,0.150753992259,-0.0169978342671,-0.0919972564697,-1.633353874e-05,-0.142483845574,-0.0155425138675,0.0545296210647,-0.0214070610884,0.573886402639,0.818920335522,0.0021512404103,0.0,0.818878501271,-0.573825691955,-0.0119508288437,0.0,-0.00855250441167,0.00862018866207,-0.99992627079,0.0,0.654091935576,0.251172257741,0.303455529394,1.0,-0.01746,-0.0229474285714,0.874
0.459384692611,0.505454836815,-0.124087275651,-1.42230438867,0.0755446847151,1.91856594959,0.150398290798,-0.00771400001395,-0.0970569996787,-0.00103058613201,-0.14524168078,-0.00402509925023,0.0580967647063,-0.0200541838423,0.573879287768,0.818925145355,0.00221726780048,0.0,0.818884110719,-0.573818247562,-0.0119238785191,0.0,-0.00849261873502,0.00865871899017,-0.999926448301,0.0,0.653779247295,0.250778023898,0.303482574734,1.0,-0.01782,-0.0234205714286,0.892
0.459181721486,0.504011575231,-0.124094249217,-1.42449588776,0.0754062471226,1.91940885437,0.150095443914,-0.0179277393295,-0.097357692862,-0.00313205651588,-0.149281866836,-0.00674340665959,0.0580822591502,-0.023916038198,0.573878039109,0.818925811225,0.00229321585186,0.0,0.818885853129,-0.573816786003,-0.011874449364,0.0,-0.00840856921959,0.00869253509404,-0.999926865224,0.0,0.653519441551,0.250435071008,0.303521096131,1.0,-0.01812,-0.0238148571429,0.907
0.458953014213,0.502338836516,-0.124106341732,-1.42697490646,0.0752466184702,1.92033801347,0.149749161797,-0.0130745843517,-0.101791859991,-0.000885234109292,-0.150216247538,-0.00286886476699,0.0487943877348,-0.0216108669147,0.573874339057,0.818928120945,0.00239219547718,0.0,0.818889565341,-0.573812822803,-0.0118097867766,0.0,-0.0082988538329,0.00873644569897,-0.999927399135,0.0,0.653221608478,0.250043765968,0.303590047702,1.0,-0.01846,-0.0242617142857,0.924
0.458706893074,0.500518599833,-0.124108879372,-1.42972146357,0.0750673747854,1.92129688339,0.149371712852,-0.0189015625627,-0.10284006096,0.000758738306853,-0.15801003774,-0.00932569553088,0.0514992923947,-0.0280269751519,0.573859962414,0.81893812165,0.00241730151522,0.0,0.818899874861,-0.573798334124,-0.0117988817647,0.0,-0.00827566981971,0.00875060223052,-0.999927467494,0.0,0.652871239945,0.249615970192,0.303636219273,1.0,-0.01882,-0.0247348571429,0.942
0.458479570335,0.498934522428,-0.124107871076,-1.43219379081,0.0749119707911,1.922192822,0.149019321146,-0.0145067193703,-0.101422386887,0.00102010504386,-0.157352782404,-0.0154303933542,0.0539669002294,-0.0192621747785,0.573840598097,0.818951674233,0.0024228387257,0.0,0.818913450744,-0.573778899806,-0.0118017468535,0.0,-0.00827504592639,0.00875658528587,-0.999927420281,0.0,0.652560248268,0.249231562489,0.303642038432,1.0,-0.01914,-0.0251554285714,0.958
0.458235396333,0.49725151137,-0.124106462205,-1.43484801592,0.0747493962172,1.92315537534,0.148627086165,-0.016820979145,-0.104154333304,-1.55337540732e-05,-0.158088254152,-0.00910280857019,0.0530030384992,-0.0309054639759,0.573809042685,0.818973802727,0.00241658471586,0.0,0.818935400804,-0.573747269435,-0.0118163880651,0.0,-0.00829096301281,0.00875954574488,-0.9999272625,0.0,0.652224599256,0.248819595341,0.303635463948,1.0,-0.01948,-0.0256022857143,0.975
0.457980394508,0.495578677327,-0.124106425503,-1.43754326406,0.0745754442358,1.92408645441,0.148235447641,-0.0176131886902,-0.102971014971,-0.000763864269675,-0.158063523827,-0.00819353447992,0.0542881893774,-0.019193769981,0.573785915864,0.818990239617,0.00233603735911,0.0,0.81895069174,-0.573724353636,-0.0118691804233,0.0,-0.00838066274878,0.00872363592796,-0.999926828657,0.0,0.651874806596,0.248391045702,0.303598991199,1.0,-0.01982,-0.0260491428571,0.992
0.457701150448,0.493899723491,-0.124109249755,-1.44027616917,0.0744148279248,1.92506627172,0.147843021114,-0.0157523140734,-0.105645311388,-0.00114094151287,-0.163852015461,-0.0127391642424,0.0619705140354,-0.0230649242882,0.57378956757,0.818987849964,0.00227610647925,0.0,0.818947346078,-0.573728060474,-0.011920733099,0.0,-0.00845723224289,0.00870417123283,-0.999926353601,0.0,0.651530464554,0.247946128886,0.303552612923,1.0,-0.0213011428571,-0.0279957877551,1.009
0.457431795919,0.492105003938,-0.124127041226,-1.44310990834,0.0742391454931,1.9261303435,0.147439015948,-0.0223825464233,-0.117538476894,-0.00184157166679,-0.186605145108,-0.0111793912597,0.0607831109524,-0.0314596980889,0.573786918027,0.818989663531,0.00229142570129,0.0,0.818949410005,-0.573725402433,-0.01190686176,0.0,-0.00843711001439,0.00870873090882,-0.999926483888,0.0,0.651181897244,0.247491812361,0.303545801461,1.0,-0.0239434285714,-0.0314685061224,1.025
0.457095741273,0.490017662249,-0.124140041357,-1.44651501651,0.0740363746111,1.92733902456,0.146947897642,-0.0281619513995,-0.11915141858,-0.00187789013673,-0.213993853499,-0.00587430339142,0.0661073139346,-0.028951628925,0.573784536473,0.818991583478,0.0021997268581,0.0,0.818949951697,-0.573723204891,-0.0119752947759,0.0,-0.00854579582128,0.00867287214598,-0.999925872584,0.0,0.650746085508,0.246938755947,0.303482334355,1.0,-0.0267508571429,-0.0351582693878,1.042
0.456738973614,0.487774036342,-0.124169188796,-1.45004648818,0.0738173248593,1.92864227657,0.146445096609,-0.0209433815751,-0.149918637696,-7.47558592225e-05,-0.234438080297,-0.0152104771223,0.0920560466286,-0.0377648042308,0.573798712235,0.818981588472,0.00222316945398,0.0,0.818940326714,-0.573737348322,-0.011955890747,0.0,-0.0085163030134,0.00868108497102,-0.999926052939,0.0,0.650281682303,0.24631846859,0.303482579368,1.0,-0.0295582857143,-0.0388480326531,1.059
0.456320778127,0.485129824901,-0.12420086018,-1.45408382975,0.0735618425371,1.93020305068,0.145842061077,-0.0271137970046,-0.15958405143,-0.00726361874945,-0.241566228127,-0.0198439686739,0.0898677152538,-0.0379605737891,0.573804463436,0.818977244546,0.00233614171205,0.0,0.818937671576,-0.57374287092,-0.0118724489162,0.0,-0.00838308224692,0.00872578663258,-0.99992678961,0.0,0.649827445517,0.245684442107,0.30352568861,1.0,-0.0322005714286,-0.0423207510204,1.075
0.455844100821,0.482260528451,-0.124235996629,-1.4585384808,0.0732880913956,1.93172642203,0.145157446771,-0.0323978643125,-0.163363755197,-0.00342683885708,-0.269684297865,-0.0217005977878,0.0908028476288,-0.0348734268825,0.573803566101,0.81897802099,0.00228376134594,0.0,0.818937610932,-0.573742020509,-0.0119176425489,0.0,-0.00845016015234,0.00870881152625,-0.999926372987,0.0,0.649253904854,0.24492396332,0.303529349887,1.0,-0.035008,-0.0460105142857,1.092
0.45534525463,0.479144467251,-0.124290591992,-1.46339939035,0.0729879923111,1.93345909575,0.144433294734,-0.0296492897137,-0.188288740745,-0.00308283440684,-0.288278417973,-0.0179859004022,0.103951621784,-0.0446645405579,0.573814216366,0.818970608991,0.00226574631114,0.0,0.818929976881,-0.573752754662,-0.0119254511725,0.0,-0.00846677883361,0.00869864846952,-0.999926320871,0.0,0.648636212814,0.244103115837,0.303527479086,1.0,-0.0378154285714,-0.049700277551,1.109
0.454792025467,0.475782750018,-0.124312710732,-1.46848737336,0.0726785061496,1.93535109458,0.143716708712,-0.0341614569116,-0.201597303277,0.000161767608288,-0.302504550382,-0.0211406952924,0.110456094177,-0.0411597952939,0.573859195565,0.818938687542,0.00240761568506,0.0,0.818899873713,-0.573797138852,-0.0118569464519,0.0,-0.00832878952904,0.00877598289806,-0.999926804016,0.0,0.648003082292,0.243252064944,0.303597815974,1.0,-0.0406228571429,-0.0533900408163,1.126
0.454183846042,0.472226009047,-0.124327550109,-1.47395997404,0.0723538130741,1.93729454544,0.142905867508,-0.0328404297012,-0.210029944322,0.0007998008392,-0.32696018342,-0.0232275914192,0.116121955767,-0.0563451094309,0.573878863746,0.818924801624,0.00244252552582,0.0,0.818886128663,-0.573816338252,-0.0118770846177,0.0,-0.00832503839391,0.00881632783866,-0.999926480347,0.0,0.647297796186,0.242328728718,0.303621629579,1.0,-0.0434302857143,-0.0570798040816,1.143
0.453557361613,0.468413962935,-0.124342699546,-1.47970895833,0.0720020591476,1.93943369832,0.142002228491,-0.0312887999398,-0.231517734764,-0.00145802011347,-0.34585309849,-0.0219738198038,0.134570081992,-0.0568450738163,0.573841557186,0.81895039928,0.00261871468637,0.0,0.818913953116,-0.573778299554,-0.0117960694401,0.0,-0.00815799118472,0.00891374846933,-0.999926993469,0.0,0.646570172185,0.24137350922,0.303703889396,1.0,-0.0462377142857,-0.0607695673469,1.16
0.452923022103,0.464629931715,-0.124342350375,-1.48545467859,0.0716151313893,1.94148963392,0.14109536219,-0.0451923455885,-0.241815766209,0.000105601745295,-0.366228538246,-0.0263103104009,0.121857742589,-0.0560704330362,0.573783060463,0.818991151526,0.00269075259692,0.0,0.81895565903,-0.573719566464,-0.0117573169136,0.0,-0.00808555677654,0.00894992866165,-0.999927258629,0.0,0.645820334362,0.240412355813,0.303757285755,1.0,-0.04888,-0.0642422857143,1.176
0.452155833988,0.460203081327,-0.12435714465,-1.49238274424,0.0711569539347,1.94387265955,0.14007664127,-0.0421108994067,-0.252966957314,-0.000713530309772,-0.384923142053,-0.0211233780956,0.134926850578,-0.0555479982852,0.573785653273,0.818989681178,0.00258323889867,0.0,0.818952587371,-0.573722332297,-0.0118360451188,0.0,-0.00821169507302,0.00890707454933,-0.999926613351,0.0,0.64488904967,0.239237597457,0.303716286214,1.0,-0.0518525714286,-0.0681490938775,1.194
0.451438381943,0.456095534512,-0.124362825785,-1.4987844242,0.0707190949898,1.94615880123,0.139089141046,-0.0432567693722,-0.257739899592,0.00026940612578,-0.41094794161,-0.0343656701284,0.153114317132,-0.0681676865281,0.573744233091,0.819018768672,0.00256094900335,0.0,0.818981411855,-0.573681030753,-0.0118435168283,0.0,-0.00823105317881,0.00889269032207,-0.999926582216,0.0,0.64403932369,0.238155922027,0.303693032297,1.0,-0.0544948571429,-0.0716218122449,1.21
0.450608242333,0.451462464988,-0.124393577806,-1.50582118633,0.0702344364434,1.94872328228,0.137944886488,-0.048225124678,-0.281266153498,-0.00304367689304,-0.416710037796,-0.0325533128022,0.157423549278,-0.0687227938613,0.573697973433,0.819050808517,0.00267492935999,0.0,0.819015205874,-0.573634653046,-0.0117526283782,0.0,-0.00809172339076,0.00893343889993,-0.999927356202,0.0,0.643125761398,0.236931484234,0.30374860121,1.0,-0.0573022857143,-0.0753115755102,1.227
0.449688355054,0.446301276472,-0.124443225771,-1.51364319905,0.0697070826983,1.95148136116,0.136789042402,-0.0496723248204,-0.293189042107,-0.0029430861708,-0.446097554437,-0.0338139846558,0.146992676929,-0.0685833803634,0.573749151378,0.819014743707,0.00274003371291,0.0,0.818980096871,-0.573685714734,-0.0117067733039,0.0,-0.00801625607594,0.00896095685032,-0.999927717833,0.0,0.642083644984,0.235560986448,0.303804338375,1.0,-0.0602748571429,-0.0792183836735,1.245
0.448748978459,0.441286092018,-0.124470408997,-1.52148563992,0.0691628494452,1.95409088854,0.135576882681,-0.052914996552,-0.300931978267,-0.00187116393704,-0.472004336457,-0.0336918753558,0.154731759018,-0.0695653501939,0.573744070967,0.819018947698,0.00253992957515,0.0,0.818981499578,-0.57368114457,-0.011831932028,0.0,-0.00823362533583,0.00886882693385,-0.99992677298,0.0,0.64099215524,0.234177035614,0.303731281677,1.0,-0.0630822857143,-0.0829081469388,1.262
0.447694280401,0.435756162943,-0.124489880713,-1.52996652228,0.0686026144621,1.95708975545,0.134183758688,-0.0645439199697,-0.315646253587,-0.00185029740868,-0.467829229931,-0.0263587937336,0.171191992062,-0.0799232711547,0.573700075805,0.819049648923,0.00257730896771,0.0,0.81901250378,-0.573636816168,-0.0118350619019,0.0,-0.00821522215367,0.0089007955488,-0.999926640291,0.0,0.63984330171,0.232680804657,0.303732861848,1.0,-0.0660548571429,-0.086814955102,1.28
0.446744029627,0.430934914541,-0.12451365151,-1.53716207593,0.0681034285136,1.9597602686,0.133018618784,-0.0641927654727,-0.313118969359,-0.00148554123037,-0.489662021166,-0.0325802270195,0.165609041324,-0.0855767267533,0.573716017062,0.819037724583,0.00280791340871,0.0,0.819003905132,-0.573652287528,-0.0116791820655,0.0,-0.00795507791375,0.00900039914975,-0.999927852173,0.0,0.638902795224,0.231379617829,0.3038270968,1.0,-0.068532,-0.0900706285714,1.295
0.4455501029,0.42502551932,-0.124605565903,-1.54633362793,0.0674243880044,1.96274183156,0.13152778168,-0.0704952006627,-0.334614094743,-0.00964152512985,-0.50897758072,-0.0401614786708,0.167560618464,-0.0834235592888,0.573741928859,0.819020491866,0.00252584102158,0.0,0.818983168397,-0.573679387093,-0.0118015934921,0.0,-0.008216882178,0.00883986049119,-0.999927167205,0.0,0.637610462867,0.229662601092,0.303744910944,1.0,-0.0715045714286,-0.0939774367347,1.313
0.444515261339,0.41988739212,-0.124680471814,-1.55420906637,0.0668608269893,1.96535891449,0.130244636617,-0.0689623413407,-0.346762569013,0.000145749190266,-0.528481296482,-0.0373853333617,0.178542389427,-0.0854717836752,0.573767901794,0.819002681658,0.00239775098541,0.0,0.81896375118,-0.573705907202,-0.011859730008,0.0,-0.00833770730267,0.00876857236614,-0.999926794708,0.0,0.636502007458,0.228194639139,0.303715468961,1.0,-0.0739817142857,-0.0972331102041,1.328
0.443191989306,0.413487526863,-0.124700771379,-1.56365045224,0.0662147187064,1.96887527277,0.12870112585,-0.0767272281415,-0.352183615853,-0.00126402727241,-0.534167923124,-0.0338056955315,0.195372198391,-0.0945429066668,0.573815580287,0.818968051203,0.0027852882253,0.0,0.81893443368,-0.573752475524,-0.0116291471409,0.0,-0.00792598655658,0.00895412664498,-0.99992849862,0.0,0.635243483559,0.226457952042,0.303863897082,1.0,-0.0769542857143,-0.101139918367,1.346
0.44203400333,0.408108328402,-0.124730304847,-1.57191352378,0.0656374717047,1.97160821847,0.12730235178,-0.0794073550435,-0.359648114237,-0.00418591489403,-0.563550362449,-0.0424647341328,0.18561937655,-0.0906452587376,0.573815649991,0.818968446983,0.00265133428961,0.0,0.818932773373,-0.573752659177,-0.0117365107713,0.0,-0.00809077767288,0.00890602956845,-0.999927608357,0.0,0.634056400825,0.224908482102,0.303807322561,1.0,-0.0794314285714,-0.104395591837,1.361
0.440671848778,0.401827060115,-0.124821306737,-1.5815844544,0.0649505304797,1.97481677529,0.125698436654,-0.0795835808045,-0.381189085098,-0.00549203281723,-0.569518297612,-0.0400363985235,0.201425934556,-0.0979923970798,0.573880684029,0.818923431162,0.00247412485907,0.0,0.818885351118,-0.573818229878,-0.0118392434148,0.0,-0.00827589522913,0.00882050753532,-0.999926851427,0.0,0.632666767957,0.223060064887,0.303724909257,1.0,-0.0822388571429,-0.108085355102,1.378
0.439221906849,0.395221410316,-0.124854568417,-1.59126631071,0.0642250125851,1.97828668341,0.124031213824,-0.0846476895508,-0.390505607689,-0.000355988719309,-0.5783063967,-0.041562763146,0.208742192663,-0.090394578751,0.573903739246,0.818906332248,0.00276839024763,0.0,0.818872626169,-0.573840827815,-0.0116221058485,0.0,-0.00792895337886,0.00893710106357,-0.999928627414,0.0,0.631327505576,0.221207930241,0.30386470267,1.0,-0.0850462857143,-0.111775118367,1.395
