txl1_x,txl1_y,txl1_z,txl2_x,txl2_y,txl2_z,txl3_x,txl3_y,txl3_z,txl4_x,txl4_y,txl4_z,txl5_x,txl5_y,txl5_z,txl6_x,txl6_y,txl6_z,txl7_x,txl7_y,txl7_z,txl8_x,txl8_y,txl8_z,txl9_x,txl9_y,txl9_z,txl10_x,txl10_y,txl10_z,txl11_x,txl11_y,txl11_z,txl12_x,txl12_y,txl12_z,txl13_x,txl13_y,txl13_z,txl14_x,txl14_y,txl14_z,txl15_x,txl15_y,txl15_z,txl16_x,txl16_y,txl16_z
16239.0,16571.0,38356.0,16195.0,16665.0,38122.0,15982.0,16598.0,37925.0,15571.0,16694.0,38910.0,16110.0,16512.0,37982.0,16042.0,16369.0,37503.0,15913.0,16380.0,37478.0,15670.0,16472.0,37775.0,16245.0,16294.0,37819.0,16045.0,16295.0,37916.0,15826.0,16292.0,37328.0,15674.0,16256.0,38041.0,16165.0,16222.0,38722.0,15966.0,16348.0,38230.0,15840.0,16198.0,37899.0,15676.0,16380.0,38820.0
16239.0,16571.0,38356.0,16195.0,16665.0,38122.0,15982.0,16598.0,37925.0,15571.0,16694.0,38910.0,16110.0,16512.0,37982.0,16042.0,16369.0,37503.0,15913.0,16380.0,37478.0,15670.0,16472.0,37775.0,16245.0,16294.0,37819.0,16045.0,16295.0,37916.0,15826.0,16292.0,37328.0,15674.0,16256.0,38041.0,16165.0,16222.0,38722.0,15966.0,16348.0,38230.0,15840.0,16198.0,37899.0,15676.0,16380.0,38820.0
16241.0,16569.0,38355.0,16198.0,16664.0,38123.0,15983.0,16600.0,37925.0,15570.0,16695.0,38914.0,16111.0,16511.0,37982.0,16043.0,16369.0,37503.0,15913.0,16380.0,37476.0,15671.0,16473.0,37768.0,16244.0,16297.0,37820.0,16044.0,16294.0,37907.0,15830.0,16294.0,37337.0,15676.0,16259.0,38042.0,16163.0,16222.0,38728.0,15965.0,16346.0,38231.0,15843.0,16199.0,37904.0,15677.0,16381.0,38815.0
16241.0,16569.0,38355.0,16198.0,16664.0,38123.0,15983.0,16600.0,37925.0,15570.0,16695.0,38914.0,16111.0,16511.0,37982.0,16043.0,16369.0,37503.0,15913.0,16380.0,37476.0,15671.0,16473.0,37768.0,16244.0,16297.0,37820.0,16044.0,16294.0,37907.0,15830.0,16294.0,37337.0,15676.0,16259.0,38042.0,16163.0,16222.0,38728.0,15965.0,16346.0,38231.0,15843.0,16199.0,37904.0,15677.0,16381.0,38815.0
16242.0,16571.0,38362.0,16197.0,16663.0,38121.0,15985.0,16600.0,37926.0,15570.0,16693.0,38911.0,16109.0,16510.0,37987.0,16043.0,16370.0,37501.0,15913.0,16380.0,37476.0,15671.0,16473.0,37768.0,16244.0,16297.0,37820.0,16044.0,16295.0,37906.0,15830.0,16294.0,37334.0,15676.0,16256.0,38046.0,16165.0,16221.0,38723.0,15967.0,16345.0,38230.0,15843.0,16199.0,37904.0,15677.0,16381.0,38815.0
16242.0,16570.0,38359.0,16199.0,16662.0,38125.0,15986.0,16601.0,37921.0,15571.0,16695.0,38915.0,16112.0,16511.0,37985.0,16045.0,16369.0,37508.0,15915.0,16379.0,37478.0,15672.0,16474.0,37771.0,16246.0,16295.0,37827.0,16045.0,16295.0,37906.0,15828.0,16295.0,37331.0,15678.0,16258.0,38043.0,16165.0,16221.0,38730.0,15968.0,16344.0,38235.0,15841.0,16198.0,37912.0,15676.0,16383.0,38812.0
16243.0,16569.0,38364.0,16199.0,16662.0,38127.0,15987.0,16601.0,37934.0,15573.0,16696.0,38908.0,16111.0,16512.0,37987.0,16045.0,16369.0,37508.0,15915.0,16379.0,37478.0,15675.0,16474.0,37770.0,16246.0,16295.0,37825.0,16046.0,16295.0,37915.0,15830.0,16294.0,37333.0,15678.0,16258.0,38036.0,16164.0,16221.0,38730.0,15968.0,16344.0,38235.0,15841.0,16198.0,37912.0,15676.0,16383.0,38812.0
16243.0,16569.0,38364.0,16201.0,16661.0,38126.0,15988.0,16599.0,37929.0,15573.0,16697.0,38911.0,16112.0,16510.0,37993.0,16047.0,16369.0,37511.0,15915.0,16380.0,37480.0,15675.0,16474.0,37770.0,16246.0,16295.0,37825.0,16046.0,16295.0,37915.0,15831.0,16295.0,37332.0,15677.0,16259.0,38039.0,16164.0,16221.0,38730.0,15968.0,16345.0,38236.0,15841.0,16199.0,37906.0,15678.0,16380.0,38815.0
16244.0,16568.0,38369.0,16200.0,16661.0,38131.0,15987.0,16599.0,37928.0,15574.0,16697.0,38911.0,16112.0,16507.0,37988.0,16046.0,16367.0,37511.0,15914.0,16381.0,37476.0,15672.0,16474.0,37766.0,16244.0,16292.0,37828.0,16044.0,16295.0,37912.0,15830.0,16296.0,37328.0,15677.0,16261.0,38032.0,16159.0,16219.0,38725.0,15965.0,16345.0,38233.0,15840.0,16200.0,37896.0,15673.0,16384.0,38805.0
16244.0,16568.0,38369.0,16196.0,16661.0,38120.0,15983.0,16600.0,37927.0,15573.0,16699.0,38915.0,16110.0,16509.0,37982.0,16043.0,16368.0,37504.0,15914.0,16381.0,37476.0,15672.0,16474.0,37766.0,16244.0,16292.0,37828.0,16039.0,16294.0,37905.0,15826.0,16296.0,37329.0,15675.0,16260.0,38038.0,16160.0,16220.0,38723.0,15962.0,16344.0,38226.0,15840.0,16200.0,37896.0,15673.0,16384.0,38805.0
16242.0,16567.0,38354.0,16197.0,16662.0,38121.0,15985.0,16600.0,37919.0,15568.0,16697.0,38914.0,16109.0,16506.0,37967.0,16041.0,16368.0,37501.0,15910.0,16379.0,37480.0,15666.0,16473.0,37774.0,16240.0,16292.0,37813.0,16038.0,16293.0,37905.0,15825.0,16295.0,37327.0,15669.0,16261.0,38047.0,16157.0,16217.0,38712.0,15960.0,16343.0,38229.0,15834.0,16198.0,37902.0,15670.0,16384.0,38813.0
16242.0,16567.0,38354.0,16197.0,16662.0,38121.0,15987.0,16601.0,37931.0,15571.0,16700.0,38920.0,16110.0,16507.0,37979.0,16043.0,16367.0,37507.0,15912.0,16379.0,37480.0,15668.0,16474.0,37772.0,16240.0,16292.0,37813.0,16038.0,16293.0,37905.0,15829.0,16295.0,37328.0,15672.0,16260.0,38037.0,16158.0,16217.0,38717.0,15961.0,16343.0,38224.0,15835.0,16197.0,37899.0,15670.0,16382.0,38816.0
16246.0,16566.0,38379.0,16200.0,16661.0,38132.0,15988.0,16601.0,37935.0,15577.0,16699.0,38916.0,16113.0,16506.0,37992.0,16046.0,16367.0,37503.0,15920.0,16383.0,37482.0,15674.0,16477.0,37769.0,16246.0,16292.0,37826.0,16045.0,16293.0,37907.0,15827.0,16296.0,37324.0,15676.0,16262.0,38034.0,16160.0,16217.0,38725.0,15962.0,16343.0,38224.0,15839.0,16198.0,37899.0,15675.0,16385.0,38803.0
16246.0,16566.0,38379.0,16206.0,16659.0,38129.0,15992.0,16600.0,37932.0,15578.0,16700.0,38917.0,16116.0,16505.0,38004.0,16048.0,16367.0,37511.0,15920.0,16383.0,37482.0,15674.0,16477.0,37769.0,16246.0,16292.0,37826.0,16047.0,16292.0,37914.0,15831.0,16296.0,37330.0,15678.0,16264.0,38031.0,16162.0,16216.0,38730.0,15965.0,16343.0,38235.0,15839.0,16198.0,37899.0,15675.0,16385.0,38803.0
16247.0,16564.0,38379.0,16205.0,16659.0,38139.0,15993.0,16600.0,37933.0,15582.0,16698.0,38906.0,16116.0,16505.0,38002.0,16048.0,16366.0,37512.0,15917.0,16381.0,37484.0,15677.0,16478.0,37767.0,16245.0,16287.0,37831.0,16046.0,16293.0,37914.0,15831.0,16295.0,37329.0,15679.0,16263.0,38031.0,16161.0,16215.0,38733.0,15965.0,16342.0,38236.0,15840.0,16202.0,37898.0,15675.0,16385.0,38794.0
16247.0,16563.0,38380.0,16205.0,16659.0,38134.0,15991.0,16602.0,37944.0,15578.0,16700.0,38924.0,16115.0,16505.0,37996.0,16048.0,16366.0,37512.0,15917.0,16381.0,37484.0,15677.0,16478.0,37767.0,16243.0,16289.0,37819.0,16043.0,16293.0,37911.0,15829.0,16298.0,37324.0,15676.0,16265.0,38038.0,16159.0,16216.0,38724.0,15963.0,16343.0,38230.0,15840.0,16202.0,37898.0,15675.0,16385.0,38794.0
16247.0,16563.0,38372.0,16204.0,16658.0,38123.0,15990.0,16602.0,37936.0,15577.0,16702.0,38915.0,16113.0,16502.0,37992.0,16046.0,16365.0,37512.0,15917.0,16382.0,37480.0,15674.0,16478.0,37767.0,16242.0,16286.0,37821.0,16039.0,16291.0,37905.0,15827.0,16296.0,37325.0,15670.0,16265.0,38035.0,16154.0,16212.0,38720.0,15958.0,16340.0,38229.0,15834.0,16201.0,37896.0,15666.0,16385.0,38795.0
16247.0,16563.0,38372.0,16204.0,16658.0,38123.0,15990.0,16602.0,37936.0,15577.0,16702.0,38915.0,16113.0,16502.0,37992.0,16046.0,16365.0,37512.0,15917.0,16382.0,37480.0,15674.0,16478.0,37767.0,16242.0,16286.0,37821.0,16039.0,16291.0,37905.0,15827.0,16296.0,37325.0,15670.0,16265.0,38035.0,16154.0,16212.0,38720.0,15958.0,16340.0,38229.0,15834.0,16201.0,37896.0,15666.0,16385.0,38795.0
16246.0,16563.0,38369.0,16202.0,16659.0,38133.0,15989.0,16600.0,37935.0,15576.0,16701.0,38930.0,16112.0,16502.0,37982.0,16047.0,16366.0,37506.0,15914.0,16382.0,37478.0,15673.0,16478.0,37774.0,16241.0,16288.0,37815.0,16039.0,16292.0,37908.0,15825.0,16297.0,37324.0,15671.0,16266.0,38034.0,16153.0,16213.0,38712.0,15957.0,16341.0,38223.0,15834.0,16199.0,37891.0,15666.0,16388.0,38790.0
16246.0,16563.0,38369.0,16202.0,16659.0,38133.0,15989.0,16600.0,37935.0,15576.0,16701.0,38930.0,16112.0,16502.0,37982.0,16047.0,16366.0,37506.0,15914.0,16382.0,37478.0,15673.0,16478.0,37774.0,16241.0,16288.0,37815.0,16039.0,16292.0,37908.0,15825.0,16297.0,37324.0,15671.0,16266.0,38034.0,16153.0,16213.0,38712.0,15957.0,16341.0,38223.0,15834.0,16199.0,37891.0,15666.0,16388.0,38790.0
16246.0,16564.0,38368.0,16203.0,16658.0,38134.0,15988.0,16600.0,37938.0,15576.0,16702.0,38915.0,16111.0,16501.0,37984.0,16045.0,16367.0,37509.0,15915.0,16382.0,37477.0,15671.0,16479.0,37772.0,16241.0,16288.0,37814.0,16040.0,16290.0,37906.0,15827.0,16297.0,37328.0,15672.0,16266.0,38036.0,16153.0,16214.0,38720.0,15960.0,16344.0,38222.0,15833.0,16200.0,37889.0,15668.0,16387.0,38788.0
16244.0,16564.0,38369.0,16200.0,16660.0,38134.0,15988.0,16601.0,37935.0,15576.0,16700.0,38923.0,16112.0,16505.0,37984.0,16045.0,16367.0,37509.0,15915.0,16382.0,37477.0,15671.0,16478.0,37770.0,16242.0,16288.0,37820.0,16040.0,16293.0,37913.0,15827.0,16296.0,37322.0,15673.0,16264.0,38033.0,16155.0,16216.0,38716.0,15960.0,16344.0,38222.0,15833.0,16200.0,37889.0,15668.0,16387.0,38788.0
16244.0,16564.0,38369.0,16200.0,16660.0,38134.0,15987.0,16599.0,37928.0,15574.0,16699.0,38914.0,16111.0,16505.0,37982.0,16047.0,16369.0,37511.0,15916.0,16382.0,37478.0,15671.0,16478.0,37770.0,16242.0,16288.0,37820.0,16040.0,16293.0,37913.0,15829.0,16295.0,37331.0,15675.0,16263.0,38030.0,16157.0,16215.0,38724.0,15962.0,16343.0,38227.0,15836.0,16201.0,37893.0,15670.0,16389.0,38795.0
16242.0,16568.0,38360.0,16198.0,16661.0,38128.0,15984.0,16600.0,37925.0,15572.0,16698.0,38915.0,16111.0,16507.0,37982.0,16046.0,16366.0,37513.0,15915.0,16379.0,37479.0,15671.0,16473.0,37770.0,16244.0,16293.0,37820.0,16042.0,16293.0,37909.0,15828.0,16294.0,37337.0,15672.0,16261.0,38037.0,16159.0,16217.0,38725.0,15962.0,16344.0,38233.0,15838.0,16198.0,37909.0,15673.0,16382.0,38821.0
16240.0,16569.0,38358.0,16195.0,16660.0,38122.0,15985.0,16601.0,37923.0,15571.0,16696.0,38906.0,16110.0,16511.0,37984.0,16045.0,16371.0,37503.0,15913.0,16380.0,37478.0,15671.0,16471.0,37771.0,16246.0,16294.0,37824.0,16043.0,16293.0,37916.0,15829.0,16294.0,37333.0,15676.0,16258.0,38038.0,16160.0,16223.0,38723.0,15965.0,16346.0,38231.0,15842.0,16197.0,37907.0,15676.0,16381.0,38821.0
16240.0,16569.0,38358.0,16195.0,16660.0,38122.0,15985.0,16601.0,37923.0,15571.0,16696.0,38906.0,16110.0,16511.0,37984.0,16045.0,16371.0,37503.0,15913.0,16380.0,37478.0,15671.0,16471.0,37771.0,16246.0,16294.0,37824.0,16043.0,16293.0,37916.0,15829.0,16294.0,37333.0,15676.0,16258.0,38038.0,16160.0,16223.0,38723.0,15965.0,16346.0,38231.0,15842.0,16197.0,37907.0,15676.0,16381.0,38821.0
16239.0,16574.0,38351.0,16193.0,16663.0,38119.0,15982.0,16598.0,37918.0,15569.0,16692.0,38914.0,16109.0,16512.0,37979.0,16043.0,16370.0,37501.0,15913.0,16378.0,37476.0,15670.0,16471.0,37764.0,16244.0,16296.0,37825.0,16044.0,16293.0,37917.0,15830.0,16293.0,37336.0,15677.0,16254.0,38045.0,16162.0,16224.0,38723.0,15967.0,16349.0,38234.0,15841.0,16198.0,37900.0,15677.0,16380.0,38823.0
16239.0,16574.0,38350.0,16195.0,16663.0,38119.0,15982.0,16600.0,37928.0,15567.0,16694.0,38906.0,16108.0,16514.0,37979.0,16042.0,16370.0,37504.0,15913.0,16378.0,37474.0,15667.0,16472.0,37773.0,16244.0,16298.0,37820.0,16045.0,16296.0,37913.0,15830.0,16292.0,37335.0,15676.0,16253.0,38044.0,16165.0,16224.0,38722.0,15967.0,16349.0,38236.0,15843.0,16200.0,37901.0,15678.0,16380.0,38824.0
16239.0,16574.0,38350.0,16194.0,16664.0,38121.0,15981.0,16598.0,37923.0,15568.0,16693.0,38909.0,16109.0,16511.0,37981.0,16041.0,16368.0,37505.0,15911.0,16377.0,37478.0,15667.0,16472.0,37773.0,16244.0,16298.0,37820.0,16045.0,16296.0,37913.0,15830.0,16293.0,37330.0,15677.0,16256.0,38042.0,16167.0,16223.0,38731.0,15970.0,16347.0,38241.0,15844.0,16199.0,37912.0,15678.0,16380.0,38824.0
16244.0,16572.0,38361.0,16197.0,16663.0,38126.0,15986.0,16600.0,37920.0,15572.0,16694.0,38907.0,16112.0,16511.0,37992.0,16046.0,16370.0,37503.0,15915.0,16379.0,37478.0,15672.0,16470.0,37771.0,16246.0,16296.0,37829.0,16046.0,16295.0,37909.0,15833.0,16294.0,37333.0,15679.0,16256.0,38036.0,16167.0,16223.0,38732.0,15971.0,16346.0,38232.0,15842.0,16198.0,37904.0,15680.0,16381.0,38817.0
16244.0,16572.0,38361.0,16197.0,16663.0,38126.0,15986.0,16600.0,37920.0,15572.0,16694.0,38907.0,16112.0,16511.0,37992.0,16046.0,16370.0,37503.0,15915.0,16379.0,37478.0,15672.0,16470.0,37771.0,16246.0,16296.0,37829.0,16046.0,16295.0,37909.0,15833.0,16294.0,37333.0,15679.0,16256.0,38036.0,16167.0,16223.0,38732.0,15971.0,16346.0,38232.0,15842.0,16198.0,37904.0,15680.0,16381.0,38817.0
16242.0,16571.0,38368.0,16199.0,16662.0,38128.0,15985.0,16602.0,37926.0,15574.0,16697.0,38902.0,16115.0,16509.0,37995.0,16046.0,16367.0,37511.0,15919.0,16379.0,37479.0,15675.0,16474.0,37769.0,16247.0,16295.0,37834.0,16046.0,16295.0,37913.0,15832.0,16295.0,37333.0,15680.0,16259.0,38031.0,16165.0,16219.0,38738.0,15967.0,16346.0,38238.0,15843.0,16197.0,37901.0,15679.0,16382.0,38808.0
16244.0,16569.0,38381.0,16203.0,16663.0,38133.0,15990.0,16602.0,37928.0,15579.0,16697.0,38906.0,16113.0,16506.0,38004.0,16050.0,16368.0,37512.0,15919.0,16382.0,37482.0,15674.0,16477.0,37762.0,16248.0,16294.0,37831.0,16047.0,16293.0,37920.0,15830.0,16297.0,37326.0,15679.0,16260.0,38027.0,16163.0,16215.0,38740.0,15964.0,16345.0,38240.0,15842.0,16201.0,37903.0,15678.0,16386.0,38793.0
16247.0,16567.0,38376.0,16203.0,16659.0,38136.0,15990.0,16602.0,37928.0,15579.0,16697.0,38906.0,16115.0,16504.0,37988.0,16047.0,16367.0,37510.0,15918.0,16382.0,37477.0,15675.0,16478.0,37769.0,16244.0,16290.0,37826.0,16046.0,16294.0,37916.0,15830.0,16297.0,37326.0,15679.0,16260.0,38027.0,16158.0,16215.0,38725.0,15961.0,16343.0,38224.0,15838.0,16201.0,37892.0,15674.0,16386.0,38792.0
16244.0,16563.0,38360.0,16200.0,16657.0,38121.0,15986.0,16598.0,37928.0,15572.0,16699.0,38913.0,16110.0,16503.0,37983.0,16043.0,16367.0,37509.0,15914.0,16382.0,37479.0,15672.0,16478.0,37764.0,16242.0,16288.0,37818.0,16040.0,16292.0,37909.0,15825.0,16295.0,37324.0,15670.0,16265.0,38029.0,16153.0,16215.0,38718.0,15957.0,16343.0,38228.0,15835.0,16199.0,37892.0,15669.0,16385.0,38790.0
16244.0,16563.0,38361.0,16202.0,16657.0,38125.0,15987.0,16600.0,37938.0,15574.0,16701.0,38923.0,16109.0,16501.0,37980.0,16042.0,16367.0,37502.0,15912.0,16383.0,37480.0,15669.0,16479.0,37776.0,16237.0,16286.0,37807.0,16037.0,16292.0,37900.0,15824.0,16295.0,37324.0,15669.0,16263.0,38038.0,16152.0,16212.0,38712.0,15955.0,16343.0,38218.0,15831.0,16200.0,37889.0,15663.0,16384.0,38796.0
16245.0,16563.0,38358.0,16201.0,16660.0,38124.0,15989.0,16601.0,37935.0,15574.0,16702.0,38928.0,16111.0,16502.0,37979.0,16042.0,16366.0,37505.0,15912.0,16383.0,37480.0,15669.0,16479.0,37776.0,16235.0,16288.0,37811.0,16038.0,16291.0,37906.0,15821.0,16296.0,37324.0,15667.0,16265.0,38035.0,16151.0,16213.0,38706.0,15954.0,16341.0,38218.0,15831.0,16200.0,37889.0,15663.0,16384.0,38796.0
16243.0,16563.0,38371.0,16202.0,16660.0,38129.0,15989.0,16604.0,37931.0,15576.0,16699.0,38923.0,16112.0,16502.0,37984.0,16045.0,16366.0,37509.0,15916.0,16384.0,37481.0,15672.0,16478.0,37769.0,16239.0,16287.0,37813.0,16039.0,16290.0,37902.0,15826.0,16298.0,37323.0,15672.0,16264.0,38036.0,16153.0,16211.0,38719.0,15955.0,16343.0,38218.0,15833.0,16203.0,37889.0,15666.0,16388.0,38793.0
16243.0,16563.0,38371.0,16202.0,16662.0,38128.0,15990.0,16600.0,37935.0,15576.0,16699.0,38923.0,16112.0,16503.0,37986.0,16046.0,16366.0,37506.0,15914.0,16383.0,37471.0,15671.0,16479.0,37773.0,16239.0,16287.0,37813.0,16039.0,16290.0,37902.0,15828.0,16294.0,37325.0,15675.0,16263.0,38033.0,16155.0,16212.0,38722.0,15957.0,16343.0,38223.0,15833.0,16201.0,37893.0,15667.0,16387.0,38795.0
16245.0,16565.0,38371.0,16202.0,16662.0,38128.0,15990.0,16600.0,37935.0,15576.0,16699.0,38923.0,16112.0,16503.0,37988.0,16045.0,16367.0,37512.0,15917.0,16381.0,37478.0,15673.0,16478.0,37763.0,16242.0,16289.0,37825.0,16043.0,16295.0,37904.0,15828.0,16294.0,37325.0,15675.0,16263.0,38033.0,16156.0,16213.0,38722.0,15959.0,16342.0,38234.0,15837.0,16202.0,37898.0,15669.0,16388.0,38799.0
16245.0,16565.0,38369.0,16200.0,16660.0,38130.0,15989.0,16600.0,37927.0,15576.0,16698.0,38905.0,16114.0,16505.0,37993.0,16049.0,16366.0,37510.0,15919.0,16381.0,37477.0,15676.0,16476.0,37775.0,16246.0,16291.0,37825.0,16046.0,16292.0,37915.0,15830.0,16295.0,37334.0,15677.0,16262.0,38031.0,16160.0,16216.0,38734.0,15964.0,16343.0,38233.0,15842.0,16200.0,37904.0,15673.0,16386.0,38804.0
16245.0,16565.0,38369.0,16200.0,16660.0,38130.0,15989.0,16600.0,37927.0,15577.0,16698.0,38917.0,16114.0,16508.0,37996.0,16049.0,16367.0,37506.0,15917.0,16383.0,37481.0,15674.0,16475.0,37768.0,16245.0,16293.0,37834.0,16046.0,16292.0,37915.0,15830.0,16295.0,37334.0,15678.0,16262.0,38032.0,16163.0,16217.0,38732.0,15964.0,16342.0,38228.0,15842.0,16199.0,37903.0,15675.0,16383.0,38798.0
16242.0,16568.0,38364.0,16200.0,16660.0,38131.0,15986.0,16599.0,37927.0,15573.0,16698.0,38910.0,16113.0,16507.0,37994.0,16047.0,16368.0,37509.0,15918.0,16382.0,37480.0,15671.0,16476.0,37774.0,16244.0,16293.0,37831.0,16046.0,16292.0,37914.0,15831.0,16294.0,37331.0,15677.0,16261.0,38030.0,16162.0,16220.0,38723.0,15966.0,16347.0,38230.0,15842.0,16200.0,37903.0,15675.0,16384.0,38797.0
16242.0,16568.0,38364.0,16200.0,16660.0,38131.0,15983.0,16599.0,37922.0,15572.0,16694.0,38905.0,16110.0,16509.0,37981.0,16044.0,16368.0,37501.0,15916.0,16381.0,37478.0,15671.0,16476.0,37774.0,16244.0,16293.0,37831.0,16046.0,16292.0,37914.0,15827.0,16293.0,37336.0,15672.0,16258.0,38039.0,16160.0,16221.0,38721.0,15964.0,16346.0,38232.0,15841.0,16199.0,37903.0,15673.0,16384.0,38811.0
16236.0,16573.0,38342.0,16191.0,16663.0,38115.0,15982.0,16598.0,37922.0,15566.0,16697.0,38903.0,16107.0,16510.0,37972.0,16041.0,16370.0,37501.0,15911.0,16378.0,37477.0,15663.0,16472.0,37770.0,16242.0,16296.0,37816.0,16040.0,16294.0,37909.0,15827.0,16294.0,37336.0,15670.0,16258.0,38043.0,16161.0,16220.0,38721.0,15964.0,16345.0,38234.0,15838.0,16197.0,37907.0,15672.0,16381.0,38822.0
16242.0,16572.0,38364.0,16196.0,16663.0,38125.0,15985.0,16599.0,37927.0,15570.0,16692.0,38898.0,16109.0,16511.0,37982.0,16042.0,16371.0,37505.0,15917.0,16380.0,37480.0,15674.0,16473.0,37766.0,16248.0,16297.0,37833.0,16048.0,16293.0,37915.0,15831.0,16292.0,37334.0,15677.0,16255.0,38033.0,16165.0,16222.0,38730.0,15964.0,16347.0,38233.0,15845.0,16198.0,37910.0,15681.0,16381.0,38811.0
16243.0,16569.0,38376.0,16202.0,16661.0,38135.0,15988.0,16597.0,37926.0,15576.0,16695.0,38899.0,16114.0,16509.0,37991.0,16048.0,16370.0,37504.0,15917.0,16380.0,37480.0,15674.0,16473.0,37766.0,16251.0,16293.0,37845.0,16052.0,16296.0,37920.0,15835.0,16295.0,37335.0,15682.0,16260.0,38035.0,16166.0,16222.0,38731.0,15969.0,16346.0,38231.0,15845.0,16198.0,37910.0,15681.0,16381.0,38811.0
16243.0,16569.0,38376.0,16202.0,16661.0,38135.0,15990.0,16599.0,37932.0,15577.0,16696.0,38909.0,16115.0,16511.0,38010.0,16049.0,16372.0,37522.0,15921.0,16381.0,37477.0,15677.0,16474.0,37763.0,16251.0,16293.0,37845.0,16052.0,16296.0,37920.0,15835.0,16295.0,37335.0,15683.0,16260.0,38029.0,16167.0,16221.0,38747.0,15971.0,16346.0,38234.0,15848.0,16201.0,37894.0,15684.0,16383.0,38799.0
16244.0,16568.0,38370.0,16201.0,16661.0,38134.0,15989.0,16600.0,37932.0,15578.0,16698.0,38904.0,16116.0,16506.0,38004.0,16049.0,16367.0,37513.0,15921.0,16382.0,37484.0,15673.0,16475.0,37771.0,16246.0,16292.0,37832.0,16047.0,16295.0,37926.0,15833.0,16298.0,37330.0,15680.0,16260.0,38027.0,16165.0,16219.0,38744.0,15968.0,16346.0,38238.0,15844.0,16200.0,37895.0,15676.0,16382.0,38809.0
16244.0,16568.0,38370.0,16200.0,16662.0,38124.0,15987.0,16599.0,37933.0,15573.0,16697.0,38914.0,16112.0,16505.0,37984.0,16043.0,16366.0,37504.0,15916.0,16379.0,37480.0,15673.0,16475.0,37771.0,16246.0,16292.0,37832.0,16047.0,16295.0,37926.0,15828.0,16294.0,37333.0,15676.0,16262.0,38038.0,16160.0,16218.0,38721.0,15965.0,16344.0,38219.0,15842.0,16197.0,37892.0,15676.0,16382.0,38809.0
16242.0,16568.0,38356.0,16196.0,16662.0,38116.0,15985.0,16603.0,37928.0,15572.0,16698.0,38906.0,16111.0,16506.0,37984.0,16044.0,16368.0,37509.0,15912.0,16380.0,37475.0,15668.0,16477.0,37782.0,16241.0,16291.0,37805.0,16040.0,16295.0,37903.0,15826.0,16297.0,37327.0,15671.0,16261.0,38033.0,16159.0,16218.0,38722.0,15962.0,16344.0,38224.0,15834.0,16198.0,37894.0,15667.0,16383.0,38808.0
16241.0,16565.0,38350.0,16196.0,16662.0,38123.0,15984.0,16603.0,37928.0,15570.0,16698.0,38914.0,16109.0,16504.0,37969.0,16041.0,16366.0,37506.0,15912.0,16380.0,37475.0,15668.0,16477.0,37782.0,16241.0,16291.0,37805.0,16037.0,16294.0,37906.0,15825.0,16297.0,37330.0,15670.0,16263.0,38041.0,16155.0,16215.0,38713.0,15960.0,16342.0,38220.0,15834.0,16198.0,37894.0,15667.0,16383.0,38808.0
16240.0,16567.0,38347.0,16193.0,16660.0,38119.0,15982.0,16599.0,37932.0,15569.0,16697.0,38916.0,16105.0,16505.0,37962.0,16038.0,16367.0,37501.0,15912.0,16382.0,37484.0,15668.0,16475.0,37772.0,16238.0,16290.0,37812.0,16038.0,16293.0,37904.0,15823.0,16294.0,37335.0,15666.0,16261.0,38041.0,16154.0,16214.0,38707.0,15959.0,16343.0,38217.0,15833.0,16199.0,37895.0,15664.0,16386.0,38816.0
16240.0,16567.0,38347.0,16193.0,16660.0,38119.0,15984.0,16603.0,37927.0,15569.0,16698.0,38916.0,16109.0,16505.0,37976.0,16042.0,16367.0,37499.0,15911.0,16378.0,37472.0,15668.0,16475.0,37772.0,16238.0,16290.0,37812.0,16038.0,16293.0,37904.0,15826.0,16297.0,37325.0,15669.0,16261.0,38037.0,16156.0,16216.0,38717.0,15961.0,16343.0,38223.0,15835.0,16198.0,37897.0,15667.0,16383.0,38805.0
16245.0,16567.0,38364.0,16199.0,16660.0,38125.0,15988.0,16600.0,37932.0,15574.0,16698.0,38908.0,16112.0,16505.0,37984.0,16044.0,16367.0,37505.0,15917.0,16382.0,37475.0,15674.0,16476.0,37769.0,16245.0,16292.0,37824.0,16045.0,16294.0,37913.0,15830.0,16295.0,37330.0,15675.0,16261.0,38036.0,16159.0,16218.0,38720.0,15962.0,16344.0,38225.0,15837.0,16200.0,37894.0,15674.0,16385.0,38800.0
16245.0,16567.0,38364.0,16201.0,16662.0,38128.0,15988.0,16598.0,37930.0,15572.0,16698.0,38908.0,16113.0,16508.0,37991.0,16045.0,16367.0,37508.0,15917.0,16382.0,37475.0,15674.0,16476.0,37769.0,16245.0,16292.0,37824.0,16045.0,16291.0,37917.0,15833.0,16295.0,37330.0,15678.0,16260.0,38029.0,16160.0,16218.0,38723.0,15964.0,16344.0,38233.0,15840.0,16200.0,37900.0,15674.0,16385.0,38800.0
16244.0,16569.0,38368.0,16199.0,16661.0,38125.0,15988.0,16597.0,37926.0,15575.0,16695.0,38905.0,16112.0,16508.0,37992.0,16046.0,16369.0,37506.0,15919.0,16382.0,37483.0,15675.0,16473.0,37764.0,16250.0,16294.0,37836.0,16047.0,16292.0,37912.0,15833.0,16294.0,37330.0,15681.0,16257.0,38031.0,16163.0,16220.0,38726.0,15966.0,16345.0,38230.0,15844.0,16198.0,37903.0,15679.0,16382.0,38815.0
16242.0,16570.0,38373.0,16202.0,16660.0,38132.0,15990.0,16598.0,37929.0,15577.0,16698.0,38911.0,16114.0,16509.0,37993.0,16047.0,16368.0,37511.0,15919.0,16382.0,37483.0,15675.0,16473.0,37764.0,16251.0,16292.0,37839.0,16051.0,16291.0,37915.0,15834.0,16295.0,37339.0,15682.0,16261.0,38030.0,16163.0,16220.0,38729.0,15968.0,16347.0,38235.0,15844.0,16198.0,37903.0,15679.0,16382.0,38815.0
16242.0,16570.0,38373.0,16202.0,16660.0,38132.0,15991.0,16600.0,37931.0,15578.0,16699.0,38909.0,16114.0,16511.0,37999.0,16050.0,16368.0,37516.0,15920.0,16380.0,37481.0,15679.0,16471.0,37771.0,16251.0,16292.0,37839.0,16051.0,16291.0,37915.0,15834.0,16295.0,37339.0,15680.0,16261.0,38024.0,16166.0,16221.0,38741.0,15970.0,16344.0,38232.0,15846.0,16196.0,37894.0,15680.0,16380.0,38812.0
16248.0,16566.0,38389.0,16202.0,16662.0,38129.0,15991.0,16602.0,37931.0,15580.0,16698.0,38913.0,16117.0,16506.0,38001.0,16050.0,16368.0,37513.0,15922.0,16380.0,37482.0,15678.0,16475.0,37765.0,16251.0,16292.0,37841.0,16051.0,16292.0,37917.0,15832.0,16297.0,37330.0,15677.0,16262.0,38033.0,16164.0,16218.0,38730.0,15970.0,16342.0,38229.0,15844.0,16199.0,37896.0,15681.0,16383.0,38796.0
16240.0,16570.0,38346.0,16198.0,16662.0,38120.0,15985.0,16602.0,37935.0,15570.0,16695.0,38915.0,16111.0,16507.0,37984.0,16045.0,16367.0,37503.0,15912.0,16381.0,37478.0,15667.0,16476.0,37765.0,16240.0,16293.0,37803.0,16039.0,16295.0,37906.0,15827.0,16296.0,37327.0,15672.0,16258.0,38042.0,16158.0,16215.0,38716.0,15961.0,16344.0,38224.0,15835.0,16200.0,37900.0,15668.0,16386.0,38811.0
16238.0,16568.0,38347.0,16194.0,16660.0,38114.0,15983.0,16599.0,37927.0,15568.0,16697.0,38912.0,16107.0,16506.0,37969.0,16040.0,16366.0,37500.0,15912.0,16381.0,37478.0,15667.0,16476.0,37765.0,16240.0,16293.0,37803.0,16036.0,16291.0,37899.0,15824.0,16294.0,37330.0,15670.0,16259.0,38040.0,16156.0,16216.0,38713.0,15957.0,16342.0,38218.0,15835.0,16200.0,37900.0,15668.0,16386.0,38811.0
16239.0,16566.0,38342.0,16195.0,16661.0,38118.0,15981.0,16599.0,37924.0,15568.0,16697.0,38916.0,16104.0,16504.0,37962.0,16038.0,16368.0,37494.0,15909.0,16384.0,37475.0,15663.0,16479.0,37773.0,16237.0,16291.0,37807.0,16036.0,16293.0,37907.0,15824.0,16294.0,37330.0,15668.0,16260.0,38040.0,16152.0,16216.0,38701.0,15955.0,16345.0,38219.0,15834.0,16202.0,37885.0,15663.0,16385.0,38795.0
16241.0,16564.0,38350.0,16196.0,16658.0,38114.0,15982.0,16594.0,37930.0,15567.0,16690.0,38929.0,16106.0,16505.0,37970.0,16038.0,16368.0,37494.0,15909.0,16384.0,37475.0,15667.0,16477.0,37770.0,16236.0,16291.0,37803.0,16038.0,16289.0,37900.0,15823.0,16291.0,37327.0,15667.0,16256.0,38049.0,16153.0,16216.0,38693.0,15955.0,16345.0,38219.0,15834.0,16202.0,37885.0,15663.0,16385.0,38795.0
16241.0,16564.0,38350.0,16196.0,16658.0,38114.0,15993.0,16596.0,37932.0,15577.0,16692.0,38919.0,16111.0,16504.0,37985.0,16041.0,16366.0,37504.0,15911.0,16387.0,37480.0,15667.0,16477.0,37770.0,16236.0,16291.0,37803.0,16038.0,16289.0,37900.0,15830.0,16290.0,37331.0,15674.0,16260.0,38039.0,16153.0,16214.0,38713.0,15956.0,16347.0,38216.0,15833.0,16204.0,37885.0,15665.0,16386.0,38790.0
16278.0,16531.0,38465.0,16241.0,16639.0,38169.0,16012.0,16595.0,37967.0,15605.0,16705.0,38916.0,16122.0,16488.0,38025.0,16059.0,16360.0,37520.0,15952.0,16382.0,37497.0,15706.0,16492.0,37755.0,16250.0,16249.0,37862.0,16052.0,16274.0,37923.0,15836.0,16296.0,37326.0,15681.0,16272.0,38010.0,16149.0,16196.0,38737.0,15956.0,16335.0,38224.0,15833.0,16199.0,37875.0,15663.0,16396.0,38725.0
16278.0,16531.0,38465.0,16274.0,16625.0,38226.0,16049.0,16610.0,38003.0,15643.0,16728.0,38945.0,16148.0,16463.0,38098.0,16080.0,16347.0,37555.0,15952.0,16382.0,37497.0,15706.0,16492.0,37755.0,16250.0,16249.0,37862.0,16047.0,16267.0,37915.0,15836.0,16312.0,37312.0,15682.0,16303.0,37965.0,16135.0,16168.0,38761.0,15944.0,16322.0,38228.0,15828.0,16200.0,37863.0,15663.0,16396.0,38725.0
16300.0,16484.0,38632.0,16289.0,16613.0,38247.0,16060.0,16617.0,38029.0,15662.0,16753.0,38951.0,16152.0,16434.0,38132.0,16076.0,16323.0,37532.0,15949.0,16404.0,37480.0,15704.0,16538.0,37699.0,16227.0,16192.0,37874.0,16028.0,16253.0,37895.0,15815.0,16323.0,37274.0,15657.0,16335.0,37921.0,16104.0,16145.0,38765.0,15921.0,16307.0,38186.0,15809.0,16209.0,37832.0,15642.0,16422.0,38646.0
16276.0,16473.0,38609.0,16271.0,16596.0,38227.0,16059.0,16625.0,38034.0,15650.0,16778.0,38918.0,16124.0,16408.0,38175.0,16069.0,16313.0,37536.0,15932.0,16393.0,37461.0,15679.0,16527.0,37702.0,16232.0,16188.0,37852.0,16022.0,16240.0,37921.0,15818.0,16319.0,37292.0,15664.0,16328.0,37909.0,16135.0,16139.0,38766.0,15941.0,16290.0,38223.0,15812.0,16200.0,37852.0,15647.0,16413.0,38668.0
16254.0,16482.0,38506.0,16245.0,16602.0,38175.0,16027.0,16625.0,37985.0,15620.0,16769.0,38903.0,16125.0,16413.0,38172.0,16075.0,16313.0,37557.0,15944.0,16392.0,37480.0,15662.0,16523.0,37735.0,16228.0,16204.0,37787.0,16033.0,16243.0,37906.0,15819.0,16313.0,37300.0,15650.0,16322.0,37926.0,16138.0,16137.0,38739.0,15956.0,16291.0,38218.0,15813.0,16203.0,37843.0,15650.0,16405.0,38677.0
16254.0,16482.0,38506.0,16252.0,16597.0,38180.0,16023.0,16628.0,37977.0,15601.0,16761.0,38936.0,16105.0,16413.0,38131.0,16049.0,16304.0,37543.0,15915.0,16380.0,37494.0,15662.0,16523.0,37735.0,16228.0,16204.0,37787.0,16033.0,16243.0,37906.0,15804.0,16313.0,37309.0,15644.0,16320.0,37932.0,16130.0,16134.0,38699.0,15950.0,16283.0,38219.0,15808.0,16194.0,37868.0,15650.0,16405.0,38677.0
16257.0,16465.0,38395.0,16236.0,16587.0,38155.0,16020.0,16626.0,37962.0,15605.0,16772.0,38916.0,16125.0,16405.0,38175.0,16068.0,16291.0,37572.0,15910.0,16369.0,37519.0,15658.0,16518.0,37750.0,16233.0,16197.0,37750.0,16034.0,16235.0,37927.0,15811.0,16311.0,37310.0,15658.0,16323.0,37926.0,16137.0,16131.0,38719.0,15960.0,16275.0,38221.0,15799.0,16186.0,37896.0,15636.0,16401.0,38713.0
16261.0,16470.0,38335.0,16221.0,16583.0,38135.0,16015.0,16614.0,37961.0,15591.0,16766.0,38906.0,16114.0,16427.0,38103.0,16063.0,16299.0,37563.0,15910.0,16369.0,37519.0,15658.0,16518.0,37750.0,16233.0,16197.0,37750.0,16029.0,16234.0,37917.0,15808.0,16309.0,37328.0,15644.0,16319.0,37935.0,16143.0,16135.0,38656.0,15962.0,16278.0,38188.0,15799.0,16186.0,37896.0,15636.0,16401.0,38713.0
16269.0,16470.0,38313.0,16232.0,16561.0,38137.0,16015.0,16582.0,37984.0,15588.0,16744.0,38957.0,16124.0,16431.0,38066.0,16075.0,16295.0,37546.0,15927.0,16383.0,37505.0,15656.0,16529.0,37742.0,16239.0,16189.0,37718.0,16031.0,16210.0,37943.0,15792.0,16285.0,37362.0,15629.0,16310.0,37976.0,16144.0,16142.0,38629.0,15969.0,16276.0,38163.0,15816.0,16204.0,37856.0,15628.0,16416.0,38665.0
16269.0,16478.0,38284.0,16230.0,16577.0,38121.0,16021.0,16589.0,37969.0,15596.0,16749.0,38968.0,16130.0,16412.0,38101.0,16075.0,16295.0,37546.0,15927.0,16383.0,37505.0,15650.0,16519.0,37749.0,16237.0,16196.0,37686.0,16048.0,16225.0,37928.0,15805.0,16290.0,37353.0,15640.0,16302.0,37969.0,16142.0,16125.0,38651.0,15969.0,16276.0,38163.0,15816.0,16204.0,37856.0,15628.0,16416.0,38665.0
16269.0,16478.0,38284.0,16230.0,16577.0,38121.0,16017.0,16585.0,37966.0,15590.0,16764.0,38941.0,16130.0,16411.0,38094.0,16061.0,16281.0,37569.0,15914.0,16368.0,37530.0,15650.0,16519.0,37749.0,16237.0,16196.0,37686.0,16048.0,16225.0,37928.0,15808.0,16293.0,37335.0,15634.0,16313.0,37941.0,16151.0,16131.0,38670.0,15966.0,16267.0,38194.0,15803.0,16192.0,37908.0,15629.0,16410.0,38698.0
16275.0,16479.0,38259.0,16233.0,16551.0,38094.0,16021.0,16566.0,37990.0,15592.0,16745.0,38946.0,16117.0,16415.0,38109.0,16069.0,16275.0,37569.0,15920.0,16375.0,37519.0,15657.0,16523.0,37731.0,16234.0,16189.0,37718.0,16064.0,16205.0,37940.0,15808.0,16279.0,37366.0,15626.0,16307.0,37953.0,16140.0,16131.0,38695.0,15964.0,16261.0,38175.0,15813.0,16194.0,37875.0,15634.0,16412.0,38652.0
16272.0,16473.0,38259.0,16227.0,16563.0,38092.0,16018.0,16577.0,37984.0,15594.0,16740.0,38933.0,16119.0,16412.0,38124.0,16071.0,16284.0,37569.0,15918.0,16376.0,37556.0,15648.0,16521.0,37757.0,16223.0,16172.0,37754.0,16058.0,16220.0,37924.0,15814.0,16290.0,37351.0,15637.0,16305.0,37924.0,16143.0,16135.0,38696.0,15974.0,16275.0,38155.0,15831.0,16189.0,37873.0,15626.0,16400.0,38675.0
16277.0,16458.0,38294.0,16235.0,16550.0,38084.0,16031.0,16579.0,37990.0,15607.0,16756.0,38888.0,16118.0,16413.0,38156.0,16077.0,16277.0,37594.0,15918.0,16376.0,37556.0,15648.0,16521.0,37757.0,16224.0,16159.0,37783.0,16062.0,16206.0,37943.0,15818.0,16292.0,37348.0,15639.0,16310.0,37888.0,16140.0,16133.0,38707.0,15974.0,16265.0,38156.0,15831.0,16189.0,37873.0,15626.0,16400.0,38675.0
16273.0,16457.0,38300.0,16235.0,16555.0,38090.0,16039.0,16583.0,38011.0,15610.0,16770.0,38878.0,16115.0,16407.0,38221.0,16069.0,16267.0,37639.0,15934.0,16360.0,37539.0,15658.0,16512.0,37718.0,16221.0,16154.0,37811.0,16063.0,16207.0,37943.0,15836.0,16298.0,37329.0,15657.0,16320.0,37856.0,16139.0,16146.0,38751.0,15981.0,16250.0,38163.0,15842.0,16179.0,37850.0,15648.0,16389.0,38609.0
16273.0,16455.0,38307.0,16233.0,16560.0,38089.0,16032.0,16584.0,38009.0,15605.0,16771.0,38894.0,16095.0,16406.0,38226.0,16069.0,16267.0,37639.0,15934.0,16360.0,37539.0,15660.0,16514.0,37701.0,16209.0,16155.0,37824.0,16071.0,16215.0,37926.0,15834.0,16300.0,37307.0,15650.0,16326.0,37835.0,16145.0,16129.0,38746.0,15981.0,16250.0,38163.0,15842.0,16179.0,37850.0,15648.0,16378.0,38574.0
16285.0,16466.0,38340.0,16246.0,16580.0,38092.0,16041.0,16607.0,38012.0,15611.0,16778.0,38878.0,16091.0,16380.0,38246.0,16079.0,16247.0,37669.0,15937.0,16371.0,37551.0,15681.0,16521.0,37718.0,16220.0,16154.0,37845.0,16084.0,16235.0,37910.0,15848.0,16317.0,37293.0,15651.0,16326.0,37814.0,16133.0,16118.0,38795.0,15975.0,16244.0,38170.0,15845.0,16181.0,37828.0,15658.0,16391.0,38528.0
16274.0,16469.0,38339.0,16235.0,16582.0,38096.0,16027.0,16607.0,38038.0,15600.0,16769.0,38925.0,16084.0,16384.0,38215.0,16069.0,16251.0,37662.0,15939.0,16360.0,37556.0,15674.0,16511.0,37704.0,16217.0,16174.0,37832.0,16088.0,16241.0,37902.0,15839.0,16315.0,37293.0,15633.0,16325.0,37835.0,16128.0,16112.0,38753.0,15982.0,16238.0,38152.0,15858.0,16166.0,37834.0,15667.0,16381.0,38585.0
16274.0,16469.0,38339.0,16235.0,16582.0,38096.0,16027.0,16607.0,38038.0,15600.0,16769.0,38925.0,16084.0,16384.0,38215.0,16069.0,16251.0,37662.0,15939.0,16360.0,37556.0,15674.0,16511.0,37704.0,16217.0,16174.0,37832.0,16088.0,16241.0,37902.0,15839.0,16315.0,37293.0,15633.0,16325.0,37835.0,16128.0,16112.0,38753.0,15982.0,16238.0,38152.0,15858.0,16166.0,37834.0,15667.0,16381.0,38585.0
16288.0,16453.0,38360.0,16250.0,16572.0,38092.0,16034.0,16610.0,38048.0,15602.0,16781.0,38907.0,16080.0,16370.0,38234.0,16074.0,16237.0,37680.0,15936.0,16368.0,37555.0,15673.0,16521.0,37700.0,16217.0,16148.0,37874.0,16080.0,16211.0,37889.0,15826.0,16319.0,37270.0,15629.0,16332.0,37797.0,16128.0,16110.0,38824.0,15987.0,16232.0,38189.0,15864.0,16163.0,37847.0,15673.0,16379.0,38567.0
16288.0,16453.0,38360.0,16250.0,16572.0,38092.0,16032.0,16602.0,38071.0,15599.0,16785.0,38974.0,16085.0,16382.0,38222.0,16071.0,16254.0,37671.0,15943.0,16372.0,37548.0,15677.0,16522.0,37700.0,16217.0,16148.0,37874.0,16080.0,16211.0,37889.0,15827.0,16313.0,37286.0,15627.0,16318.0,37856.0,16118.0,16119.0,38771.0,15978.0,16250.0,38148.0,15861.0,16172.0,37800.0,15674.0,16379.0,38523.0
16272.0,16458.0,38307.0,16233.0,16577.0,38054.0,16023.0,16611.0,38004.0,15595.0,16782.0,38879.0,16079.0,16372.0,38240.0,16065.0,16242.0,37695.0,15943.0,16358.0,37538.0,15661.0,16502.0,37719.0,16209.0,16144.0,37829.0,16063.0,16220.0,37899.0,15823.0,16317.0,37260.0,15624.0,16329.0,37798.0,16140.0,16112.0,38795.0,15995.0,16236.0,38200.0,15870.0,16164.0,37866.0,15669.0,16369.0,38585.0
16260.0,16468.0,38299.0,16212.0,16571.0,38043.0,16008.0,16586.0,38006.0,15557.0,16767.0,38860.0,16059.0,16398.0,38169.0,16043.0,16259.0,37654.0,15919.0,16345.0,37556.0,15649.0,16490.0,37687.0,16210.0,16170.0,37823.0,16072.0,16228.0,37870.0,15828.0,16301.0,37276.0,15624.0,16308.0,37849.0,16135.0,16138.0,38725.0,15996.0,16248.0,38152.0,15869.0,16148.0,37874.0,15673.0,16354.0,38665.0
16246.0,16477.0,38300.0,16206.0,16575.0,38038.0,15997.0,16588.0,37987.0,15557.0,16767.0,38860.0,16059.0,16398.0,38169.0,16043.0,16259.0,37654.0,15908.0,16351.0,37532.0,15636.0,16479.0,37719.0,16223.0,16169.0,37851.0,16081.0,16213.0,37913.0,15828.0,16298.0,37299.0,15624.0,16308.0,37837.0,16135.0,16138.0,38725.0,15996.0,16248.0,38152.0,15873.0,16146.0,37878.0,15680.0,16343.0,38668.0
16242.0,16488.0,38327.0,16198.0,16580.0,38035.0,15995.0,16572.0,37962.0,15561.0,16727.0,38825.0,16060.0,16457.0,38158.0,16031.0,16290.0,37594.0,15893.0,16333.0,37537.0,15649.0,16456.0,37749.0,16244.0,16185.0,37835.0,16107.0,16241.0,37897.0,15853.0,16286.0,37285.0,15643.0,16276.0,37848.0,16170.0,16201.0,38721.0,16025.0,16287.0,38119.0,15904.0,16149.0,37879.0,15715.0,16328.0,38746.0
16218.0,16540.0,38387.0,16187.0,16612.0,38106.0,15985.0,16550.0,37920.0,15562.0,16716.0,38796.0,16047.0,16487.0,38117.0,16016.0,16315.0,37610.0,15897.0,16353.0,37528.0,15617.0,16436.0,37775.0,16231.0,16241.0,37807.0,16095.0,16259.0,37903.0,15863.0,16263.0,37273.0,15661.0,16263.0,37838.0,16185.0,16211.0,38664.0,16024.0,16291.0,38156.0,15893.0,16143.0,37922.0,15694.0,16325.0,38797.0
16218.0,16540.0,38387.0,16187.0,16612.0,38106.0,15972.0,16554.0,37937.0,15553.0,16672.0,38842.0,16091.0,16525.0,38135.0,16052.0,16344.0,37554.0,15888.0,16373.0,37541.0,15617.0,16436.0,37775.0,16231.0,16241.0,37807.0,16095.0,16259.0,37903.0,15868.0,16258.0,37335.0,15674.0,16227.0,37933.0,16194.0,16247.0,38645.0,16032.0,16328.0,38076.0,15904.0,16166.0,37849.0,15710.0,16329.0,38788.0
16214.0,16580.0,38371.0,16189.0,16634.0,38093.0,15962.0,16523.0,37932.0,15539.0,16682.0,38843.0,16091.0,16542.0,38037.0,16044.0,16360.0,37533.0,15909.0,16366.0,37485.0,15634.0,16446.0,37787.0,16210.0,16270.0,37727.0,16072.0,16253.0,37891.0,15851.0,16227.0,37334.0,15658.0,16236.0,37961.0,16180.0,16260.0,38617.0,16024.0,16320.0,38065.0,15891.0,16136.0,37902.0,15690.0,16325.0,38812.0
16216.0,16589.0,38369.0,16191.0,16661.0,38096.0,15961.0,16542.0,37963.0,15540.0,16666.0,38837.0,16117.0,16556.0,37938.0,16058.0,16374.0,37490.0,15925.0,16353.0,37486.0,15633.0,16430.0,37756.0,16205.0,16294.0,37717.0,16071.0,16283.0,37858.0,15852.0,16243.0,37351.0,15656.0,16226.0,38008.0,16182.0,16267.0,38619.0,16024.0,16329.0,38043.0,15877.0,16151.0,37893.0,15688.0,16329.0,38840.0
16216.0,16589.0,38369.0,16191.0,16661.0,38096.0,15961.0,16542.0,37963.0,15540.0,16666.0,38837.0,16117.0,16556.0,37938.0,16058.0,16374.0,37490.0,15925.0,16353.0,37486.0,15633.0,16430.0,37756.0,16205.0,16294.0,37717.0,16071.0,16283.0,37858.0,15852.0,16243.0,37351.0,15656.0,16226.0,38008.0,16182.0,16267.0,38619.0,16024.0,16329.0,38043.0,15877.0,16151.0,37893.0,15688.0,16329.0,38840.0
16219.0,16595.0,38361.0,16195.0,16680.0,38089.0,15981.0,16570.0,37938.0,15559.0,16664.0,38775.0,16119.0,16558.0,37911.0,16059.0,16376.0,37488.0,15923.0,16354.0,37477.0,15636.0,16429.0,37743.0,16212.0,16307.0,37729.0,16071.0,16292.0,37845.0,15865.0,16265.0,37335.0,15664.0,16221.0,37990.0,16167.0,16277.0,38683.0,16021.0,16332.0,38086.0,15888.0,16132.0,37957.0,15694.0,16321.0,38914.0
16218.0,16599.0,38366.0,16199.0,16687.0,38075.0,15981.0,16570.0,37938.0,15559.0,16664.0,38775.0,16119.0,16558.0,37911.0,16059.0,16376.0,37488.0,15923.0,16354.0,37477.0,15636.0,16429.0,37743.0,16209.0,16315.0,37737.0,16072.0,16301.0,37831.0,15865.0,16265.0,37335.0,15664.0,16221.0,37990.0,16167.0,16277.0,38683.0,16021.0,16332.0,38086.0,15888.0,16132.0,37957.0,15694.0,16321.0,38914.0
16222.0,16601.0,38357.0,16202.0,16704.0,38027.0,16008.0,16599.0,37899.0,15563.0,16677.0,38735.0,16114.0,16551.0,37902.0,16056.0,16372.0,37490.0,15939.0,16363.0,37451.0,15649.0,16438.0,37741.0,16212.0,16316.0,37749.0,16069.0,16309.0,37845.0,15875.0,16282.0,37290.0,15670.0,16224.0,37995.0,16145.0,16281.0,38756.0,16004.0,16333.0,38124.0,15881.0,16149.0,37937.0,15692.0,16336.0,38860.0
16231.0,16608.0,38332.0,16202.0,16714.0,38017.0,16016.0,16603.0,37875.0,15567.0,16681.0,38728.0,16120.0,16550.0,37884.0,16051.0,16371.0,37488.0,15950.0,16365.0,37413.0,15654.0,16445.0,37708.0,16208.0,16330.0,37758.0,16066.0,16320.0,37827.0,15877.0,16281.0,37283.0,15662.0,16225.0,38006.0,16133.0,16274.0,38792.0,15997.0,16339.0,38137.0,15872.0,16162.0,37963.0,15683.0,16349.0,38865.0
16240.0,16605.0,38296.0,16196.0,16714.0,38003.0,16022.0,16610.0,37852.0,15570.0,16676.0,38711.0,16122.0,16550.0,37885.0,16051.0,16374.0,37488.0,15950.0,16365.0,37413.0,15654.0,16445.0,37708.0,16208.0,16330.0,37758.0,16056.0,16318.0,37833.0,15870.0,16288.0,37275.0,15664.0,16224.0,38021.0,16131.0,16282.0,38818.0,15995.0,16345.0,38150.0,15872.0,16162.0,37963.0,15683.0,16349.0,38865.0
16246.0,16598.0,38270.0,16197.0,16709.0,37979.0,16025.0,16605.0,37809.0,15572.0,16683.0,38730.0,16121.0,16561.0,37877.0,16052.0,16388.0,37468.0,15957.0,16380.0,37360.0,15669.0,16450.0,37680.0,16200.0,16319.0,37782.0,16058.0,16307.0,37833.0,15876.0,16284.0,37257.0,15660.0,16235.0,38019.0,16119.0,16304.0,38843.0,15978.0,16361.0,38145.0,15865.0,16166.0,37938.0,15685.0,16343.0,38859.0
16246.0,16598.0,38270.0,16197.0,16709.0,37979.0,16025.0,16605.0,37809.0,15572.0,16683.0,38730.0,16128.0,16562.0,37858.0,16052.0,16388.0,37468.0,15957.0,16380.0,37360.0,15669.0,16450.0,37680.0,16200.0,16319.0,37782.0,16058.0,16307.0,37833.0,15876.0,16284.0,37257.0,15660.0,16235.0,38019.0,16112.0,16299.0,38872.0,15978.0,16361.0,38145.0,15865.0,16166.0,37938.0,15685.0,16343.0,38859.0
16265.0,16607.0,38202.0,16189.0,16716.0,37994.0,16025.0,16619.0,37765.0,15588.0,16695.0,38640.0,16142.0,16562.0,37813.0,16049.0,16393.0,37454.0,15942.0,16390.0,37347.0,15669.0,16453.0,37698.0,16201.0,16324.0,37775.0,16040.0,16317.0,37854.0,15861.0,16294.0,37226.0,15680.0,16247.0,37979.0,16120.0,16297.0,38856.0,15968.0,16375.0,38148.0,15856.0,16184.0,37935.0,15669.0,16357.0,38943.0
16281.0,16624.0,38155.0,16195.0,16731.0,38026.0,16019.0,16631.0,37803.0,15593.0,16707.0,38642.0,16148.0,16553.0,37785.0,16052.0,16385.0,37463.0,15939.0,16389.0,37351.0,15669.0,16460.0,37688.0,16222.0,16337.0,37735.0,16038.0,16335.0,37851.0,15838.0,16303.0,37252.0,15672.0,16256.0,38017.0,16133.0,16291.0,38855.0,15965.0,16365.0,38167.0,15852.0,16186.0,37963.0,15667.0,16366.0,38978.0
16288.0,16622.0,38054.0,16205.0,16720.0,37991.0,16015.0,16620.0,37820.0,15588.0,16703.0,38687.0,16171.0,16561.0,37748.0,16064.0,16398.0,37435.0,15918.0,16400.0,37370.0,15674.0,16462.0,37673.0,16245.0,16331.0,37681.0,16046.0,16323.0,37828.0,15838.0,16298.0,37263.0,15666.0,16259.0,38057.0,16148.0,16310.0,38779.0,15973.0,16377.0,38121.0,15839.0,16211.0,37946.0,15662.0,16377.0,39003.0
16287.0,16634.0,38040.0,16214.0,16734.0,37986.0,16021.0,16632.0,37785.0,15595.0,16707.0,38684.0,16162.0,16557.0,37733.0,16054.0,16407.0,37464.0,15918.0,16400.0,37370.0,15674.0,16462.0,37673.0,16243.0,16341.0,37632.0,16065.0,16342.0,37808.0,15847.0,16305.0,37246.0,15669.0,16257.0,38024.0,16138.0,16305.0,38749.0,15958.0,16396.0,38151.0,15839.0,16211.0,37946.0,15662.0,16377.0,39003.0
16283.0,16634.0,38037.0,16211.0,16734.0,38008.0,16014.0,16632.0,37822.0,15601.0,16707.0,38664.0,16173.0,16549.0,37701.0,16075.0,16408.0,37416.0,15922.0,16403.0,37415.0,15675.0,16465.0,37687.0,16243.0,16343.0,37620.0,16054.0,16346.0,37835.0,15832.0,16315.0,37298.0,15665.0,16255.0,38038.0,16158.0,16286.0,38709.0,15965.0,16402.0,38108.0,15828.0,16214.0,37918.0,15643.0,16387.0,39092.0
16286.0,16631.0,38019.0,16214.0,16726.0,37984.0,16012.0,16623.0,37832.0,15591.0,16703.0,38664.0,16181.0,16561.0,37677.0,16075.0,16408.0,37416.0,15922.0,16403.0,37415.0,15670.0,16458.0,37693.0,16256.0,16347.0,37586.0,16056.0,16337.0,37830.0,15829.0,16309.0,37289.0,15667.0,16255.0,38071.0,16166.0,16308.0,38651.0,15965.0,16402.0,38108.0,15828.0,16214.0,37918.0,15650.0,16374.0,39095.0
16286.0,16631.0,38019.0,16217.0,16738.0,37994.0,16007.0,16633.0,37823.0,15590.0,16702.0,38670.0,16176.0,16559.0,37664.0,16068.0,16419.0,37421.0,15923.0,16408.0,37413.0,15670.0,16458.0,37693.0,16256.0,16347.0,37586.0,16056.0,16337.0,37830.0,15824.0,16313.0,37280.0,15665.0,16251.0,38077.0,16162.0,16311.0,38653.0,15965.0,16414.0,38116.0,15823.0,16223.0,37940.0,15650.0,16374.0,39095.0
16291.0,16645.0,38032.0,16220.0,16749.0,37993.0,16002.0,16638.0,37841.0,15578.0,16712.0,38680.0,16172.0,16556.0,37653.0,16065.0,16410.0,37414.0,15923.0,16406.0,37392.0,15672.0,16465.0,37675.0,16272.0,16360.0,37568.0,16055.0,16367.0,37816.0,15818.0,16319.0,37296.0,15663.0,16253.0,38093.0,16174.0,16305.0,38631.0,15974.0,16402.0,38105.0,15831.0,16226.0,37922.0,15655.0,16389.0,39071.0
16286.0,16649.0,38018.0,16210.0,16743.0,37963.0,16009.0,16635.0,37798.0,15598.0,16710.0,38661.0,16169.0,16568.0,37646.0,16057.0,16430.0,37419.0,15907.0,16414.0,37423.0,15659.0,16462.0,37682.0,16262.0,16372.0,37558.0,16060.0,16366.0,37799.0,15829.0,16308.0,37267.0,15665.0,16253.0,38042.0,16167.0,16332.0,38646.0,15967.0,16434.0,38113.0,15824.0,16238.0,37953.0,15653.0,16383.0,39135.0
16285.0,16633.0,38013.0,16216.0,16735.0,37951.0,16014.0,16634.0,37810.0,15595.0,16711.0,38643.0,16184.0,16559.0,37685.0,16078.0,16421.0,37433.0,15934.0,16408.0,37443.0,15683.0,16463.0,37682.0,16267.0,16349.0,37579.0,16068.0,16355.0,37802.0,15834.0,16318.0,37263.0,15674.0,16256.0,38064.0,16178.0,16313.0,38701.0,15977.0,16422.0,38148.0,15833.0,16227.0,37949.0,15667.0,16379.0,39088.0
16285.0,16633.0,38013.0,16216.0,16735.0,37951.0,16031.0,16652.0,37841.0,15611.0,16731.0,38663.0,16184.0,16556.0,37692.0,16083.0,16411.0,37437.0,15926.0,16397.0,37416.0,15669.0,16454.0,37661.0,16267.0,16349.0,37579.0,16068.0,16355.0,37802.0,15831.0,16333.0,37275.0,15682.0,16274.0,38036.0,16176.0,16307.0,38682.0,15974.0,16413.0,38146.0,15827.0,16213.0,37958.0,15655.0,16365.0,39120.0
16285.0,16633.0,38013.0,16216.0,16735.0,37951.0,16031.0,16652.0,37841.0,15611.0,16731.0,38663.0,16184.0,16556.0,37692.0,16083.0,16411.0,37437.0,15926.0,16397.0,37416.0,15669.0,16454.0,37661.0,16267.0,16349.0,37579.0,16068.0,16355.0,37802.0,15831.0,16333.0,37275.0,15682.0,16274.0,38036.0,16176.0,16307.0,38682.0,15974.0,16413.0,38146.0,15827.0,16213.0,37958.0,15655.0,16365.0,39120.0
16313.0,16618.0,38101.0,16251.0,16718.0,38020.0,16041.0,16651.0,37860.0,15620.0,16725.0,38643.0,16181.0,16526.0,37701.0,16083.0,16402.0,37445.0,15947.0,16423.0,37432.0,15706.0,16495.0,37683.0,16265.0,16331.0,37609.0,16052.0,16334.0,37803.0,15828.0,16326.0,37256.0,15661.0,16286.0,37978.0,16127.0,16258.0,38647.0,15934.0,16392.0,38121.0,15802.0,16241.0,37900.0,15643.0,16422.0,39090.0
16306.0,16587.0,38137.0,16259.0,16698.0,38060.0,16051.0,16646.0,37862.0,15624.0,16747.0,38635.0,16173.0,16513.0,37712.0,16080.0,16408.0,37422.0,15967.0,16429.0,37428.0,15716.0,16509.0,37641.0,16246.0,16263.0,37620.0,16057.0,16302.0,37831.0,15825.0,16319.0,37270.0,15666.0,16297.0,37970.0,16125.0,16230.0,38690.0,15940.0,16378.0,38154.0,15808.0,16241.0,37861.0,15637.0,16442.0,38996.0
16297.0,16578.0,38127.0,16267.0,16693.0,38070.0,16071.0,16665.0,37909.0,15649.0,16779.0,38653.0,16190.0,16500.0,37791.0,16110.0,16393.0,37457.0,15967.0,16429.0,37428.0,15716.0,16509.0,37641.0,16245.0,16243.0,37653.0,16067.0,16294.0,37839.0,15839.0,16339.0,37247.0,15690.0,16325.0,37923.0,16126.0,16206.0,38706.0,15934.0,16359.0,38143.0,15808.0,16241.0,37861.0,15637.0,16442.0,38996.0
16286.0,16580.0,38063.0,16243.0,16699.0,38003.0,16043.0,16664.0,37889.0,15630.0,16779.0,38661.0,16174.0,16495.0,37769.0,16082.0,16371.0,37449.0,15942.0,16422.0,37416.0,15698.0,16502.0,37602.0,16248.0,16255.0,37637.0,16069.0,16297.0,37834.0,15836.0,16342.0,37266.0,15683.0,16339.0,37936.0,16136.0,16198.0,38697.0,15958.0,16337.0,38171.0,15821.0,16218.0,37854.0,15663.0,16418.0,38865.0
16276.0,16594.0,38077.0,16229.0,16722.0,38023.0,16032.0,16682.0,37902.0,15617.0,16782.0,38639.0,16147.0,16493.0,37761.0,16073.0,16374.0,37463.0,15942.0,16414.0,37433.0,15686.0,16501.0,37604.0,16233.0,16261.0,37628.0,16067.0,16321.0,37835.0,15842.0,16355.0,37270.0,15684.0,16323.0,37880.0,16131.0,16192.0,38665.0,15958.0,16325.0,38158.0,15826.0,16208.0,37852.0,15657.0,16419.0,38821.0
16276.0,16594.0,38077.0,16229.0,16722.0,38023.0,16032.0,16682.0,37902.0,15617.0,16782.0,38639.0,16147.0,16493.0,37761.0,16073.0,16374.0,37463.0,15942.0,16414.0,37433.0,15686.0,16501.0,37604.0,16233.0,16261.0,37628.0,16067.0,16321.0,37835.0,15842.0,16355.0,37270.0,15684.0,16323.0,37880.0,16131.0,16192.0,38665.0,15958.0,16325.0,38158.0,15826.0,16208.0,37852.0,15657.0,16419.0,38821.0
16266.0,16588.0,38116.0,16224.0,16707.0,38059.0,16032.0,16669.0,37881.0,15612.0,16761.0,38633.0,16129.0,16477.0,37790.0,16071.0,16375.0,37454.0,15956.0,16426.0,37439.0,15693.0,16518.0,37574.0,16224.0,16270.0,37653.0,16076.0,16304.0,37820.0,15848.0,16339.0,37258.0,15681.0,16311.0,37857.0,16126.0,16174.0,38666.0,15961.0,16333.0,38166.0,15837.0,16233.0,37810.0,15673.0,16429.0,38719.0
16266.0,16588.0,38116.0,16224.0,16707.0,38059.0,16032.0,16669.0,37881.0,15612.0,16761.0,38633.0,16129.0,16477.0,37790.0,16071.0,16375.0,37454.0,15956.0,16426.0,37439.0,15693.0,16518.0,37574.0,16224.0,16270.0,37653.0,16076.0,16304.0,37820.0,15848.0,16339.0,37258.0,15681.0,16311.0,37857.0,16126.0,16174.0,38666.0,15961.0,16333.0,38166.0,15837.0,16233.0,37810.0,15673.0,16429.0,38719.0
16277.0,16561.0,38139.0,16239.0,16666.0,38089.0,16045.0,16637.0,37920.0,15624.0,16755.0,38652.0,16137.0,16481.0,37812.0,16085.0,16383.0,37469.0,15958.0,16450.0,37462.0,15702.0,16529.0,37589.0,16225.0,16228.0,37663.0,16077.0,16263.0,37830.0,15842.0,16319.0,37267.0,15674.0,16331.0,37840.0,16122.0,16179.0,38625.0,15966.0,16339.0,38133.0,15838.0,16237.0,37801.0,15673.0,16429.0,38677.0
16262.0,16556.0,38087.0,16227.0,16682.0,38054.0,16052.0,16668.0,37907.0,15631.0,16793.0,38648.0,16135.0,16474.0,37848.0,16079.0,16366.0,37465.0,15947.0,16418.0,37450.0,15693.0,16504.0,37586.0,16218.0,16223.0,37639.0,16079.0,16273.0,37824.0,15850.0,16342.0,37267.0,15674.0,16336.0,37835.0,16130.0,16173.0,38656.0,15977.0,16309.0,38124.0,15839.0,16197.0,37822.0,15667.0,16396.0,38688.0
16253.0,16569.0,38098.0,16236.0,16689.0,38075.0,16039.0,16669.0,37917.0,15617.0,16767.0,38648.0,16131.0,16463.0,37828.0,16084.0,16348.0,37461.0,15955.0,16421.0,37451.0,15681.0,16511.0,37584.0,16230.0,16246.0,37630.0,16065.0,16299.0,37817.0,15848.0,16345.0,37260.0,15679.0,16330.0,37831.0,16134.0,16155.0,38646.0,15981.0,16295.0,38150.0,15850.0,16200.0,37826.0,15662.0,16406.0,38678.0
16270.0,16574.0,38130.0,16236.0,16689.0,38075.0,16039.0,16669.0,37917.0,15617.0,16767.0,38648.0,16127.0,16469.0,37812.0,16079.0,16369.0,37458.0,15953.0,16439.0,37452.0,15698.0,16525.0,37586.0,16217.0,16245.0,37642.0,16077.0,16297.0,37819.0,15848.0,16345.0,37260.0,15679.0,16330.0,37831.0,16128.0,16169.0,38598.0,15969.0,16319.0,38106.0,15840.0,16226.0,37799.0,15664.0,16425.0,38658.0
16258.0,16566.0,38062.0,16216.0,16680.0,38047.0,16030.0,16661.0,37908.0,15611.0,16776.0,38661.0,16123.0,16471.0,37809.0,16074.0,16376.0,37459.0,15948.0,16447.0,37451.0,15691.0,16525.0,37588.0,16211.0,16242.0,37629.0,16065.0,16284.0,37799.0,15840.0,16339.0,37258.0,15664.0,16327.0,37854.0,16122.0,16173.0,38592.0,15962.0,16322.0,38098.0,15832.0,16228.0,37789.0,15655.0,16425.0,38632.0
16258.0,16566.0,38062.0,16216.0,16680.0,38047.0,16030.0,16661.0,37908.0,15611.0,16776.0,38661.0,16123.0,16471.0,37809.0,16074.0,16376.0,37459.0,15948.0,16447.0,37451.0,15691.0,16525.0,37588.0,16211.0,16242.0,37629.0,16065.0,16284.0,37799.0,15840.0,16339.0,37258.0,15664.0,16327.0,37854.0,16122.0,16173.0,38592.0,15962.0,16322.0,38098.0,15832.0,16228.0,37789.0,15655.0,16425.0,38632.0
16255.0,16575.0,38089.0,16209.0,16675.0,38041.0,16015.0,16643.0,37902.0,15595.0,16753.0,38654.0,16117.0,16478.0,37788.0,16062.0,16369.0,37441.0,15936.0,16435.0,37445.0,15679.0,16518.0,37587.0,16222.0,16265.0,37620.0,16077.0,16286.0,37803.0,15848.0,16321.0,37268.0,15668.0,16305.0,37874.0,16141.0,16183.0,38587.0,15977.0,16320.0,38107.0,15841.0,16212.0,37813.0,15660.0,16408.0,38681.0
16255.0,16575.0,38089.0,16209.0,16675.0,38041.0,16015.0,16643.0,37902.0,15595.0,16753.0,38654.0,16117.0,16478.0,37788.0,16062.0,16369.0,37441.0,15936.0,16435.0,37445.0,15679.0,16518.0,37587.0,16222.0,16265.0,37620.0,16077.0,16286.0,37803.0,15848.0,16321.0,37268.0,15668.0,16305.0,37874.0,16141.0,16183.0,38587.0,15977.0,16320.0,38107.0,15841.0,16212.0,37813.0,15660.0,16408.0,38681.0
16243.0,16600.0,38096.0,16196.0,16713.0,38042.0,16014.0,16668.0,37885.0,15593.0,16759.0,38628.0,16110.0,16491.0,37766.0,16054.0,16367.0,37444.0,15931.0,16425.0,37443.0,15671.0,16491.0,37598.0,16231.0,16289.0,37615.0,16085.0,16316.0,37801.0,15858.0,16339.0,37265.0,15683.0,16302.0,37863.0,16173.0,16195.0,38618.0,16006.0,16321.0,38155.0,15867.0,16205.0,37871.0,15697.0,16392.0,38771.0
16240.0,16598.0,38113.0,16196.0,16704.0,38025.0,16009.0,16646.0,37880.0,15589.0,16733.0,38620.0,16131.0,16530.0,37730.0,16066.0,16390.0,37423.0,15938.0,16409.0,37443.0,15681.0,16474.0,37609.0,16232.0,16296.0,37611.0,16083.0,16318.0,37801.0,15857.0,16330.0,37272.0,15680.0,16294.0,37871.0,16185.0,16250.0,38594.0,16021.0,16347.0,38146.0,15881.0,16189.0,37910.0,15709.0,16361.0,38832.0
16240.0,16617.0,38146.0,16199.0,16717.0,38027.0,16013.0,16637.0,37868.0,15591.0,16727.0,38618.0,16142.0,16544.0,37735.0,16067.0,16407.0,37419.0,15938.0,16416.0,37433.0,15674.0,16473.0,37613.0,16243.0,16330.0,37601.0,16088.0,16340.0,37797.0,15852.0,16323.0,37286.0,15673.0,16277.0,37895.0,16180.0,16268.0,38564.0,16012.0,16363.0,38108.0,15871.0,16194.0,37897.0,15702.0,16358.0,38843.0
16240.0,16617.0,38146.0,16199.0,16717.0,38027.0,16011.0,16645.0,37852.0,15593.0,16723.0,38608.0,16137.0,16550.0,37734.0,16066.0,16407.0,37411.0,15937.0,16409.0,37437.0,15679.0,16466.0,37606.0,16243.0,16330.0,37601.0,16088.0,16340.0,37797.0,15852.0,16323.0,37286.0,15676.0,16269.0,37901.0,16178.0,16280.0,38575.0,16012.0,16371.0,38086.0,15869.0,16191.0,37895.0,15695.0,16351.0,38841.0
16248.0,16627.0,38161.0,16200.0,16722.0,38020.0,16018.0,16643.0,37830.0,15607.0,16719.0,38580.0,16145.0,16552.0,37723.0,16074.0,16409.0,37410.0,15944.0,16407.0,37435.0,15680.0,16465.0,37596.0,16242.0,16338.0,37621.0,16099.0,16350.0,37791.0,15860.0,16323.0,37272.0,15681.0,16266.0,37899.0,16174.0,16284.0,38614.0,16010.0,16377.0,38111.0,15859.0,16191.0,37907.0,15689.0,16354.0,38864.0
16248.0,16627.0,38161.0,16200.0,16722.0,38020.0,16018.0,16643.0,37830.0,15607.0,16719.0,38580.0,16145.0,16552.0,37723.0,16074.0,16409.0,37410.0,15944.0,16407.0,37435.0,15680.0,16465.0,37596.0,16242.0,16338.0,37621.0,16099.0,16350.0,37791.0,15860.0,16323.0,37272.0,15681.0,16266.0,37899.0,16174.0,16284.0,38614.0,16010.0,16377.0,38111.0,15859.0,16191.0,37907.0,15689.0,16354.0,38864.0
16244.0,16621.0,38175.0,16202.0,16718.0,38018.0,16024.0,16642.0,37819.0,15612.0,16722.0,38553.0,16144.0,16558.0,37739.0,16076.0,16418.0,37415.0,15952.0,16415.0,37412.0,15693.0,16471.0,37568.0,16233.0,16332.0,37622.0,16088.0,16341.0,37790.0,15864.0,16320.0,37264.0,15684.0,16269.0,37888.0,16154.0,16277.0,38614.0,15996.0,16386.0,38119.0,15856.0,16211.0,37884.0,15674.0,16370.0,38827.0
16244.0,16621.0,38175.0,16200.0,16724.0,38019.0,16029.0,16650.0,37822.0,15615.0,16727.0,38546.0,16148.0,16555.0,37751.0,16071.0,16418.0,37400.0,15952.0,16415.0,37412.0,15693.0,16471.0,37568.0,16233.0,16332.0,37622.0,16095.0,16344.0,37789.0,15868.0,16328.0,37267.0,15679.0,16275.0,37889.0,16156.0,16279.0,38603.0,15991.0,16387.0,38117.0,15856.0,16211.0,37884.0,15674.0,16370.0,38827.0
16247.0,16619.0,38186.0,16205.0,16722.0,38003.0,16036.0,16649.0,37809.0,15618.0,16728.0,38537.0,16143.0,16552.0,37750.0,16064.0,16412.0,37402.0,15959.0,16412.0,37401.0,15692.0,16473.0,37560.0,16224.0,16331.0,37635.0,16083.0,16344.0,37783.0,15859.0,16324.0,37273.0,15668.0,16277.0,37892.0,16144.0,16273.0,38625.0,15992.0,16381.0,38108.0,15848.0,16207.0,37895.0,15673.0,16380.0,38848.0
16253.0,16622.0,38175.0,16203.0,16721.0,38006.0,16036.0,16654.0,37806.0,15618.0,16730.0,38526.0,16146.0,16556.0,37746.0,16065.0,16418.0,37406.0,15964.0,16415.0,37389.0,15691.0,16472.0,37560.0,16228.0,16330.0,37629.0,16081.0,16345.0,37783.0,15865.0,16332.0,37250.0,15679.0,16279.0,37897.0,16141.0,16283.0,38614.0,15992.0,16385.0,38108.0,15844.0,16213.0,37896.0,15667.0,16378.0,38857.0
16265.0,16627.0,38164.0,16205.0,16726.0,38016.0,16036.0,16654.0,37801.0,15618.0,16729.0,38516.0,16150.0,16563.0,37726.0,16065.0,16425.0,37413.0,15964.0,16417.0,37395.0,15694.0,16472.0,37560.0,16230.0,16339.0,37610.0,16077.0,16348.0,37777.0,15869.0,16336.0,37252.0,15678.0,16280.0,37912.0,16145.0,16286.0,38581.0,15996.0,16394.0,38105.0,15846.0,16220.0,37887.0,15659.0,16386.0,38888.0
16265.0,16627.0,38164.0,16211.0,16725.0,37992.0,16043.0,16651.0,37784.0,15622.0,16728.0,38508.0,16155.0,16557.0,37725.0,16059.0,16419.0,37404.0,15963.0,16411.0,37393.0,15694.0,16472.0,37560.0,16230.0,16339.0,37610.0,16084.0,16345.0,37759.0,15860.0,16331.0,37266.0,15668.0,16277.0,37929.0,16143.0,16282.0,38574.0,15986.0,16387.0,38114.0,15847.0,16218.0,37898.0,15659.0,16386.0,38888.0
16272.0,16622.0,38137.0,16209.0,16729.0,37999.0,16040.0,16658.0,37783.0,15624.0,16734.0,38501.0,16158.0,16556.0,37704.0,16056.0,16418.0,37404.0,15967.0,16415.0,37380.0,15688.0,16473.0,37557.0,16233.0,16335.0,37591.0,16080.0,16353.0,37775.0,15867.0,16333.0,37246.0,15684.0,16280.0,37928.0,16135.0,16283.0,38594.0,15979.0,16384.0,38125.0,15844.0,16223.0,37901.0,15661.0,16395.0,38909.0
16272.0,16622.0,38137.0,16209.0,16729.0,37999.0,16040.0,16658.0,37783.0,15624.0,16734.0,38501.0,16158.0,16556.0,37704.0,16052.0,16424.0,37419.0,15967.0,16415.0,37380.0,15688.0,16473.0,37557.0,16233.0,16335.0,37591.0,16080.0,16353.0,37775.0,15867.0,16333.0,37246.0,15684.0,16280.0,37928.0,16135.0,16283.0,38594.0,15978.0,16391.0,38102.0,15844.0,16223.0,37901.0,15661.0,16395.0,38909.0
16275.0,16628.0,38094.0,16202.0,16732.0,37991.0,16037.0,16661.0,37777.0,15618.0,16738.0,38494.0,16160.0,16559.0,37683.0,16051.0,16419.0,37421.0,15963.0,16409.0,37367.0,15683.0,16468.0,37569.0,16234.0,16341.0,37568.0,16061.0,16355.0,37750.0,15856.0,16339.0,37249.0,15659.0,16284.0,37939.0,16142.0,16280.0,38546.0,15986.0,16390.0,38101.0,15841.0,16219.0,37916.0,15645.0,16392.0,38968.0
16275.0,16633.0,38093.0,16204.0,16729.0,37988.0,16038.0,16652.0,37766.0,15619.0,16725.0,38496.0,16167.0,16561.0,37693.0,16051.0,16419.0,37421.0,15963.0,16409.0,37367.0,15682.0,16467.0,37569.0,16239.0,16347.0,37570.0,16077.0,16354.0,37760.0,15867.0,16329.0,37262.0,15675.0,16270.0,37963.0,16152.0,16289.0,38549.0,15986.0,16390.0,38101.0,15841.0,16219.0,37916.0,15645.0,16392.0,38968.0
16281.0,16630.0,38112.0,16206.0,16731.0,38003.0,16033.0,16658.0,37782.0,15612.0,16732.0,38503.0,16167.0,16561.0,37700.0,16056.0,16423.0,37425.0,15966.0,16414.0,37378.0,15691.0,16471.0,37567.0,16245.0,16346.0,37582.0,16075.0,16357.0,37750.0,15864.0,16335.0,37256.0,15662.0,16276.0,37961.0,16147.0,16287.0,38544.0,15985.0,16393.0,38087.0,15845.0,16224.0,37903.0,15654.0,16398.0,38954.0
16287.0,16616.0,38137.0,16245.0,16711.0,38028.0,16067.0,16657.0,37811.0,15650.0,16746.0,38503.0,16172.0,16542.0,37736.0,16066.0,16413.0,37428.0,15977.0,16416.0,37373.0,15701.0,16478.0,37549.0,16238.0,16328.0,37581.0,16073.0,16338.0,37753.0,15865.0,16341.0,37243.0,15672.0,16299.0,37917.0,16127.0,16262.0,38562.0,15969.0,16378.0,38099.0,15830.0,16225.0,37885.0,15638.0,16409.0,38919.0
16302.0,16586.0,38194.0,16252.0,16703.0,38058.0,16076.0,16665.0,37839.0,15659.0,16757.0,38506.0,16182.0,16521.0,37764.0,16070.0,16399.0,37425.0,15982.0,16428.0,37360.0,15712.0,16499.0,37520.0,16229.0,16284.0,37617.0,16074.0,16323.0,37755.0,15863.0,16343.0,37244.0,15673.0,16309.0,37896.0,16119.0,16235.0,38583.0,15959.0,16363.0,38102.0,15838.0,16227.0,37859.0,15646.0,16426.0,38848.0
16294.0,16584.0,38187.0,16241.0,16708.0,38054.0,16073.0,16678.0,37828.0,15647.0,16765.0,38503.0,16160.0,16514.0,37760.0,16070.0,16399.0,37425.0,15982.0,16428.0,37360.0,15712.0,16499.0,37520.0,16230.0,16268.0,37624.0,16074.0,16316.0,37755.0,15871.0,16346.0,37243.0,15674.0,16318.0,37885.0,16116.0,16214.0,38626.0,15961.0,16350.0,38121.0,15838.0,16227.0,37859.0,15646.0,16426.0,38848.0
16294.0,16584.0,38187.0,16241.0,16708.0,38054.0,16064.0,16682.0,37826.0,15644.0,16773.0,38506.0,16154.0,16501.0,37792.0,16069.0,16389.0,37446.0,15983.0,16429.0,37373.0,15716.0,16504.0,37518.0,16230.0,16268.0,37624.0,16074.0,16316.0,37755.0,15874.0,16349.0,37238.0,15683.0,16325.0,37870.0,16122.0,16199.0,38621.0,15969.0,16339.0,38120.0,15839.0,16225.0,37858.0,15657.0,16430.0,38809.0
16284.0,16576.0,38159.0,16228.0,16694.0,38053.0,16061.0,16673.0,37825.0,15641.0,16767.0,38510.0,16151.0,16494.0,37802.0,16065.0,16383.0,37455.0,15980.0,16426.0,37376.0,15712.0,16502.0,37521.0,16230.0,16258.0,37662.0,16073.0,16304.0,37779.0,15878.0,16349.0,37228.0,15690.0,16325.0,37854.0,16122.0,16192.0,38636.0,15969.0,16331.0,38120.0,15842.0,16223.0,37838.0,15666.0,16426.0,38752.0
16284.0,16576.0,38159.0,16221.0,16692.0,38070.0,16054.0,16669.0,37828.0,15637.0,16764.0,38515.0,16148.0,16502.0,37815.0,16064.0,16386.0,37483.0,15983.0,16427.0,37381.0,15712.0,16502.0,37521.0,16230.0,16258.0,37662.0,16073.0,16304.0,37779.0,15882.0,16348.0,37225.0,15690.0,16322.0,37849.0,16125.0,16198.0,38610.0,15974.0,16331.0,38101.0,15855.0,16220.0,37821.0,15666.0,16426.0,38752.0
16267.0,16578.0,38188.0,16219.0,16691.0,38092.0,16051.0,16663.0,37833.0,15633.0,16762.0,38522.0,16145.0,16506.0,37815.0,16059.0,16388.0,37495.0,15977.0,16420.0,37373.0,15709.0,16495.0,37516.0,16241.0,16265.0,37657.0,16075.0,16307.0,37788.0,15882.0,16343.0,37210.0,15689.0,16319.0,37842.0,16138.0,16201.0,38598.0,15976.0,16332.0,38082.0,15859.0,16211.0,37782.0,15675.0,16412.0,38716.0
16267.0,16579.0,38189.0,16217.0,16686.0,38114.0,16045.0,16663.0,37842.0,15627.0,16755.0,38522.0,16148.0,16510.0,37807.0,16066.0,16386.0,37533.0,15977.0,16417.0,37371.0,15708.0,16492.0,37514.0,16244.0,16267.0,37643.0,16078.0,16305.0,37807.0,15881.0,16341.0,37201.0,15695.0,16313.0,37832.0,16149.0,16199.0,38571.0,15979.0,16328.0,38075.0,15862.0,16206.0,37772.0,15678.0,16409.0,38695.0
16254.0,16570.0,38217.0,16216.0,16679.0,38145.0,16047.0,16656.0,37847.0,15629.0,16751.0,38526.0,16149.0,16508.0,37808.0,16072.0,16383.0,37545.0,15974.0,16414.0,37374.0,15710.0,16490.0,37506.0,16254.0,16266.0,37631.0,16088.0,16302.0,37819.0,15873.0,16336.0,37200.0,15697.0,16309.0,37821.0,16160.0,16194.0,38564.0,15987.0,16325.0,38075.0,15864.0,16203.0,37763.0,15687.0,16405.0,38677.0
16254.0,16570.0,38217.0,16216.0,16679.0,38145.0,16045.0,16652.0,37850.0,15630.0,16748.0,38528.0,16146.0,16509.0,37812.0,16077.0,16381.0,37542.0,15975.0,16410.0,37366.0,15710.0,16490.0,37506.0,16254.0,16266.0,37631.0,16088.0,16302.0,37819.0,15873.0,16331.0,37210.0,15697.0,16307.0,37824.0,16166.0,16191.0,38541.0,15994.0,16321.0,38066.0,15864.0,16199.0,37767.0,15689.0,16399.0,38668.0
16233.0,16558.0,38257.0,16215.0,16673.0,38186.0,16044.0,16649.0,37861.0,15631.0,16742.0,38539.0,16140.0,16510.0,37808.0,16079.0,16378.0,37549.0,15972.0,16408.0,37363.0,15711.0,16488.0,37506.0,16246.0,16266.0,37615.0,16096.0,16303.0,37811.0,15874.0,16331.0,37215.0,15701.0,16305.0,37817.0,16167.0,16190.0,38525.0,15997.0,16315.0,38061.0,15859.0,16196.0,37770.0,15698.0,16393.0,38644.0
16233.0,16558.0,38257.0,16214.0,16665.0,38185.0,16040.0,16646.0,37874.0,15635.0,16743.0,38550.0,16123.0,16506.0,37817.0,16082.0,16374.0,37542.0,15971.0,16406.0,37373.0,15711.0,16488.0,37506.0,16246.0,16266.0,37615.0,16097.0,16297.0,37804.0,15872.0,16327.0,37220.0,15706.0,16301.0,37812.0,16168.0,16188.0,38526.0,15998.0,16310.0,38058.0,15857.0,16192.0,37780.0,15698.0,16393.0,38644.0
16215.0,16547.0,38290.0,16212.0,16661.0,38206.0,16041.0,16641.0,37890.0,15636.0,16743.0,38571.0,16119.0,16503.0,37837.0,16074.0,16365.0,37537.0,15967.0,16398.0,37381.0,15711.0,16486.0,37517.0,16237.0,16258.0,37623.0,16098.0,16297.0,37797.0,15869.0,16325.0,37235.0,15711.0,16299.0,37812.0,16162.0,16186.0,38512.0,15997.0,16306.0,38057.0,15858.0,16191.0,37808.0,15717.0,16386.0,38594.0
16213.0,16541.0,38299.0,16218.0,16654.0,38223.0,16029.0,16632.0,37930.0,15635.0,16740.0,38601.0,16109.0,16496.0,37858.0,16080.0,16355.0,37540.0,15961.0,16398.0,37403.0,15718.0,16488.0,37517.0,16233.0,16257.0,37613.0,16100.0,16293.0,37788.0,15869.0,16322.0,37239.0,15726.0,16299.0,37776.0,16168.0,16179.0,38494.0,16001.0,16298.0,38038.0,15853.0,16188.0,37820.0,15733.0,16384.0,38566.0
16210.0,16544.0,38286.0,16215.0,16650.0,38210.0,16029.0,16632.0,37930.0,15635.0,16740.0,38601.0,16109.0,16496.0,37858.0,16064.0,16353.0,37539.0,15963.0,16393.0,37417.0,15723.0,16483.0,37516.0,16236.0,16255.0,37615.0,16095.0,16293.0,37783.0,15872.0,16320.0,37255.0,15726.0,16299.0,37776.0,16168.0,16179.0,38494.0,15999.0,16297.0,38045.0,15856.0,16189.0,37844.0,15745.0,16376.0,38503.0
16215.0,16543.0,38294.0,16213.0,16656.0,38218.0,16020.0,16624.0,37970.0,15651.0,16738.0,38602.0,16113.0,16501.0,37848.0,16068.0,16356.0,37535.0,15962.0,16395.0,37427.0,15734.0,16484.0,37511.0,16244.0,16259.0,37617.0,16098.0,16292.0,37779.0,15870.0,16316.0,37295.0,15748.0,16298.0,37705.0,16188.0,16178.0,38470.0,16000.0,16296.0,38041.0,15863.0,16189.0,37865.0,15765.0,16368.0,38431.0
16215.0,16543.0,38294.0,16213.0,16656.0,38218.0,16020.0,16624.0,37970.0,15651.0,16738.0,38602.0,16113.0,16501.0,37848.0,16068.0,16356.0,37535.0,15962.0,16395.0,37427.0,15734.0,16484.0,37511.0,16244.0,16259.0,37617.0,16098.0,16292.0,37779.0,15870.0,16316.0,37295.0,15748.0,16298.0,37705.0,16188.0,16178.0,38470.0,16000.0,16296.0,38041.0,15863.0,16189.0,37865.0,15765.0,16368.0,38431.0
16220.0,16554.0,38302.0,16208.0,16663.0,38205.0,16027.0,16620.0,37992.0,15667.0,16739.0,38486.0,16131.0,16510.0,37853.0,16073.0,16356.0,37535.0,15968.0,16393.0,37468.0,15755.0,16475.0,37422.0,16261.0,16266.0,37609.0,16094.0,16286.0,37834.0,15888.0,16307.0,37346.0,15757.0,16300.0,37550.0,16196.0,16178.0,38463.0,15994.0,16294.0,38093.0,15874.0,16182.0,37924.0,15763.0,16338.0,38230.0
16233.0,16563.0,38321.0,16208.0,16666.0,38205.0,16033.0,16621.0,38013.0,15666.0,16743.0,38356.0,16143.0,16508.0,37848.0,16077.0,16347.0,37566.0,15997.0,16391.0,37503.0,15735.0,16472.0,37242.0,16266.0,16269.0,37604.0,16096.0,16281.0,37881.0,15912.0,16304.0,37361.0,15742.0,16299.0,37445.0,16193.0,16175.0,38480.0,15990.0,16296.0,38150.0,15938.0,16166.0,37932.0,15737.0,16307.0,38035.0
16229.0,16569.0,38336.0,16208.0,16668.0,38232.0,16057.0,16624.0,38008.0,15649.0,16753.0,38266.0,16139.0,16504.0,37845.0,16077.0,16347.0,37566.0,15997.0,16391.0,37503.0,15735.0,16472.0,37242.0,16249.0,16264.0,37633.0,16094.0,16274.0,37933.0,15952.0,16304.0,37330.0,15727.0,16300.0,37380.0,16178.0,16175.0,38525.0,15982.0,16297.0,38228.0,15938.0,16166.0,37932.0,15737.0,16307.0,38035.0
16229.0,16569.0,38336.0,16214.0,16670.0,38251.0,16096.0,16638.0,37920.0,15644.0,16757.0,38210.0,16127.0,16504.0,37873.0,16080.0,16347.0,37590.0,16033.0,16395.0,37472.0,15726.0,16470.0,37186.0,16249.0,16264.0,37633.0,16092.0,16273.0,38020.0,16030.0,16312.0,37186.0,15721.0,16303.0,37345.0,16153.0,16181.0,38634.0,15975.0,16305.0,38339.0,16004.0,16156.0,37773.0,15731.0,16300.0,37985.0
16219.0,16577.0,38467.0,16300.0,16704.0,38238.0,16109.0,16714.0,37395.0,15661.0,16759.0,38150.0,16106.0,16504.0,38112.0,16121.0,16359.0,37652.0,16079.0,16404.0,36987.0,15734.0,16469.0,37146.0,16214.0,16237.0,37884.0,16255.0,16283.0,37826.0,16001.0,16345.0,36788.0,15748.0,16311.0,37315.0,16092.0,16170.0,39058.0,16067.0,16288.0,38314.0,15997.0,16104.0,37295.0,15753.0,16302.0,37929.0
16219.0,16577.0,38467.0,16300.0,16704.0,38238.0,16109.0,16714.0,37395.0,15661.0,16759.0,38150.0,16106.0,16504.0,38112.0,16121.0,16359.0,37652.0,16079.0,16404.0,36987.0,15734.0,16469.0,37146.0,16214.0,16237.0,37884.0,16255.0,16283.0,37826.0,16001.0,16345.0,36788.0,15748.0,16311.0,37315.0,16092.0,16170.0,39058.0,16067.0,16288.0,38314.0,15997.0,16104.0,37295.0,15753.0,16302.0,37929.0
16566.0,16646.0,38450.0,16262.0,16782.0,37533.0,16122.0,16716.0,37344.0,15689.0,16744.0,38125.0,16299.0,16536.0,38597.0,16179.0,16372.0,37006.0,16074.0,16400.0,36911.0,15764.0,16465.0,37121.0,16542.0,16302.0,37525.0,16194.0,16327.0,37296.0,16032.0,16355.0,36783.0,15792.0,16316.0,37267.0,16479.0,16186.0,38781.0,16105.0,16218.0,37545.0,16012.0,16117.0,37244.0,15786.0,16313.0,37889.0
16566.0,16646.0,38450.0,16262.0,16782.0,37533.0,16122.0,16716.0,37344.0,15689.0,16744.0,38125.0,16299.0,16536.0,38597.0,16179.0,16372.0,37006.0,16074.0,16400.0,36911.0,15764.0,16465.0,37121.0,16542.0,16302.0,37525.0,16194.0,16327.0,37296.0,16032.0,16355.0,36783.0,15792.0,16316.0,37267.0,16479.0,16186.0,38781.0,16105.0,16218.0,37545.0,16012.0,16117.0,37244.0,15786.0,16313.0,37889.0
16426.0,16663.0,37711.0,16290.0,16777.0,37523.0,16141.0,16710.0,37333.0,15718.0,16736.0,38080.0,16343.0,16502.0,37393.0,16192.0,16371.0,36999.0,16082.0,16403.0,36897.0,15794.0,16465.0,37070.0,16472.0,16310.0,37232.0,16207.0,16338.0,37264.0,16031.0,16360.0,36768.0,15813.0,16319.0,37227.0,16383.0,16143.0,38065.0,16141.0,16240.0,37514.0,16034.0,16137.0,37217.0,15829.0,16328.0,37832.0
16426.0,16663.0,37704.0,16290.0,16778.0,37520.0,16139.0,16709.0,37327.0,15719.0,16735.0,38084.0,16345.0,16502.0,37377.0,16193.0,16374.0,36992.0,16080.0,16403.0,36895.0,15793.0,16464.0,37067.0,16472.0,16312.0,37227.0,16204.0,16339.0,37263.0,16030.0,16360.0,36767.0,15811.0,16319.0,37224.0,16386.0,16143.0,38050.0,16137.0,16237.0,37510.0,16031.0,16137.0,37213.0,15829.0,16329.0,37826.0
16428.0,16665.0,37696.0,16290.0,16777.0,37513.0,16141.0,16710.0,37324.0,15720.0,16735.0,38079.0,16345.0,16502.0,37371.0,16193.0,16372.0,36988.0,16080.0,16402.0,36888.0,15791.0,16465.0,37070.0,16472.0,16313.0,37231.0,16206.0,16341.0,37257.0,16032.0,16361.0,36763.0,15807.0,16319.0,37220.0,16388.0,16143.0,38041.0,16139.0,16236.0,37506.0,16032.0,16136.0,37211.0,15829.0,16330.0,37820.0
16428.0,16667.0,37695.0,16290.0,16777.0,37513.0,16141.0,16710.0,37324.0,15720.0,16735.0,38079.0,16345.0,16502.0,37371.0,16193.0,16372.0,36988.0,16079.0,16403.0,36887.0,15789.0,16463.0,37071.0,16474.0,16314.0,37223.0,16206.0,16341.0,37257.0,16032.0,16361.0,36763.0,15807.0,16319.0,37220.0,16388.0,16143.0,38041.0,16139.0,16236.0,37506.0,16031.0,16137.0,37210.0,15827.0,16329.0,37824.0
16431.0,16669.0,37687.0,16289.0,16779.0,37512.0,16140.0,16709.0,37319.0,15718.0,16734.0,38072.0,16345.0,16500.0,37372.0,16192.0,16373.0,36987.0,16078.0,16404.0,36883.0,15791.0,16467.0,37069.0,16474.0,16313.0,37215.0,16205.0,16342.0,37256.0,16033.0,16363.0,36764.0,15806.0,16319.0,37218.0,16389.0,16143.0,38041.0,16137.0,16238.0,37499.0,16031.0,16138.0,37214.0,15827.0,16329.0,37823.0
16431.0,16669.0,37687.0,16289.0,16779.0,37512.0,16140.0,16709.0,37319.0,15718.0,16734.0,38072.0,16345.0,16500.0,37372.0,16192.0,16373.0,36987.0,16078.0,16404.0,36883.0,15791.0,16467.0,37069.0,16474.0,16313.0,37215.0,16205.0,16342.0,37256.0,16033.0,16363.0,36764.0,15806.0,16319.0,37218.0,16389.0,16143.0,38041.0,16137.0,16238.0,37499.0,16031.0,16138.0,37214.0,15827.0,16329.0,37823.0
16429.0,16668.0,37688.0,16290.0,16779.0,37510.0,16141.0,16711.0,37323.0,15720.0,16734.0,38073.0,16347.0,16503.0,37367.0,16195.0,16375.0,36986.0,16079.0,16403.0,36885.0,15790.0,16464.0,37062.0,16473.0,16314.0,37218.0,16204.0,16341.0,37253.0,16034.0,16364.0,36754.0,15807.0,16321.0,37217.0,16391.0,16142.0,38036.0,16137.0,16236.0,37497.0,16032.0,16138.0,37201.0,15825.0,16328.0,37821.0
16429.0,16668.0,37688.0,16290.0,16779.0,37510.0,16141.0,16711.0,37323.0,15720.0,16734.0,38073.0,16347.0,16503.0,37367.0,16195.0,16375.0,36986.0,16079.0,16403.0,36885.0,15790.0,16464.0,37062.0,16473.0,16314.0,37218.0,16204.0,16341.0,37253.0,16034.0,16364.0,36754.0,15807.0,16321.0,37217.0,16391.0,16142.0,38036.0,16137.0,16236.0,37497.0,16032.0,16138.0,37201.0,15825.0,16328.0,37821.0
16430.0,16668.0,37689.0,16289.0,16779.0,37508.0,16141.0,16712.0,37318.0,15721.0,16734.0,38070.0,16346.0,16503.0,37364.0,16195.0,16374.0,36979.0,16081.0,16402.0,36881.0,15789.0,16463.0,37065.0,16476.0,16316.0,37220.0,16206.0,16342.0,37250.0,16035.0,16363.0,36760.0,15804.0,16321.0,37217.0,16391.0,16142.0,38033.0,16137.0,16235.0,37487.0,16032.0,16136.0,37200.0,15824.0,16329.0,37819.0
16430.0,16667.0,37686.0,16291.0,16781.0,37511.0,16141.0,16710.0,37315.0,15722.0,16734.0,38073.0,16347.0,16504.0,37363.0,16195.0,16374.0,36978.0,16081.0,16402.0,36882.0,15787.0,16464.0,37069.0,16476.0,16315.0,37221.0,16204.0,16341.0,37248.0,16035.0,16363.0,36759.0,15806.0,16320.0,37215.0,16392.0,16142.0,38037.0,16138.0,16236.0,37488.0,16032.0,16137.0,37205.0,15825.0,16328.0,37817.0
16430.0,16667.0,37686.0,16291.0,16781.0,37511.0,16141.0,16710.0,37315.0,15722.0,16734.0,38073.0,16347.0,16504.0,37363.0,16195.0,16374.0,36978.0,16081.0,16402.0,36882.0,15787.0,16464.0,37069.0,16476.0,16315.0,37221.0,16204.0,16341.0,37248.0,16035.0,16363.0,36759.0,15806.0,16320.0,37215.0,16392.0,16142.0,38037.0,16138.0,16236.0,37488.0,16032.0,16137.0,37205.0,15825.0,16328.0,37817.0
16431.0,16667.0,37685.0,16291.0,16780.0,37508.0,16141.0,16713.0,37312.0,15720.0,16733.0,38070.0,16347.0,16504.0,37364.0,16195.0,16374.0,36980.0,16080.0,16403.0,36874.0,15788.0,16466.0,37061.0,16476.0,16315.0,37214.0,16205.0,16343.0,37255.0,16034.0,16364.0,36754.0,15805.0,16321.0,37208.0,16395.0,16142.0,38036.0,16137.0,16236.0,37491.0,16034.0,16138.0,37201.0,15824.0,16328.0,37812.0
16431.0,16669.0,37684.0,16291.0,16779.0,37508.0,16140.0,16711.0,37305.0,15720.0,16735.0,38070.0,16348.0,16504.0,37361.0,16196.0,16373.0,36980.0,16082.0,16404.0,36872.0,15791.0,16465.0,37057.0,16477.0,16316.0,37210.0,16206.0,16342.0,37252.0,16039.0,16364.0,36750.0,15806.0,16323.0,37206.0,16395.0,16140.0,38032.0,16137.0,16235.0,37488.0,16034.0,16135.0,37204.0,15825.0,16329.0,37817.0
16431.0,16669.0,37684.0,16291.0,16779.0,37508.0,16140.0,16711.0,37305.0,15720.0,16735.0,38070.0,16348.0,16504.0,37361.0,16196.0,16373.0,36980.0,16082.0,16404.0,36872.0,15791.0,16465.0,37057.0,16477.0,16316.0,37210.0,16206.0,16342.0,37252.0,16039.0,16364.0,36750.0,15806.0,16323.0,37206.0,16395.0,16140.0,38032.0,16137.0,16235.0,37488.0,16034.0,16135.0,37204.0,15825.0,16329.0,37817.0
16433.0,16669.0,37685.0,16291.0,16781.0,37505.0,16140.0,16711.0,37311.0,15721.0,16733.0,38070.0,16346.0,16504.0,37366.0,16197.0,16377.0,36979.0,16082.0,16404.0,36878.0,15789.0,16466.0,37060.0,16476.0,16316.0,37216.0,16205.0,16343.0,37248.0,16037.0,16364.0,36756.0,15805.0,16321.0,37208.0,16394.0,16142.0,38034.0,16137.0,16235.0,37490.0,16034.0,16138.0,37199.0,15824.0,16328.0,37811.0
16433.0,16669.0,37684.0,16291.0,16779.0,37506.0,16140.0,16712.0,37313.0,15721.0,16736.0,38065.0,16348.0,16503.0,37358.0,16197.0,16377.0,36979.0,16082.0,16404.0,36878.0,15789.0,16466.0,37060.0,16477.0,16316.0,37216.0,16205.0,16343.0,37249.0,16037.0,16364.0,36758.0,15807.0,16323.0,37210.0,16395.0,16140.0,38029.0,16137.0,16235.0,37490.0,16034.0,16138.0,37199.0,15824.0,16328.0,37811.0
16433.0,16669.0,37684.0,16291.0,16779.0,37506.0,16141.0,16712.0,37308.0,15719.0,16735.0,38069.0,16349.0,16504.0,37360.0,16198.0,16372.0,36977.0,16081.0,16403.0,36879.0,15790.0,16466.0,37066.0,16477.0,16316.0,37216.0,16205.0,16343.0,37249.0,16036.0,16365.0,36754.0,15806.0,16323.0,37211.0,16397.0,16142.0,38027.0,16137.0,16235.0,37485.0,16033.0,16137.0,37197.0,15825.0,16328.0,37805.0
16433.0,16668.0,37681.0,16291.0,16781.0,37505.0,16141.0,16712.0,37307.0,15722.0,16734.0,38065.0,16348.0,16503.0,37354.0,16195.0,16374.0,36978.0,16082.0,16404.0,36874.0,15789.0,16464.0,37062.0,16478.0,16317.0,37209.0,16205.0,16344.0,37242.0,16039.0,16366.0,36745.0,15806.0,16322.0,37211.0,16397.0,16142.0,38029.0,16139.0,16236.0,37486.0,16033.0,16137.0,37201.0,15823.0,16328.0,37812.0
16434.0,16667.0,37682.0,16292.0,16781.0,37502.0,16140.0,16712.0,37309.0,15721.0,16735.0,38068.0,16347.0,16503.0,37362.0,16197.0,16375.0,36978.0,16084.0,16405.0,36873.0,15790.0,16462.0,37066.0,16478.0,16317.0,37209.0,16206.0,16343.0,37239.0,16040.0,16368.0,36753.0,15806.0,16322.0,37207.0,16396.0,16141.0,38027.0,16138.0,16236.0,37485.0,16035.0,16136.0,37196.0,15823.0,16329.0,37809.0
16434.0,16667.0,37682.0,16292.0,16781.0,37502.0,16140.0,16712.0,37309.0,15721.0,16733.0,38075.0,16348.0,16503.0,37356.0,16197.0,16375.0,36974.0,16084.0,16405.0,36873.0,15790.0,16462.0,37066.0,16478.0,16317.0,37209.0,16206.0,16343.0,37239.0,16040.0,16368.0,36753.0,15807.0,16322.0,37210.0,16395.0,16142.0,38026.0,16138.0,16235.0,37486.0,16035.0,16136.0,37196.0,15823.0,16329.0,37809.0
16433.0,16669.0,37681.0,16291.0,16778.0,37504.0,16141.0,16711.0,37312.0,15721.0,16734.0,38074.0,16348.0,16504.0,37359.0,16196.0,16375.0,36979.0,16081.0,16403.0,36868.0,15787.0,16465.0,37060.0,16478.0,16317.0,37213.0,16204.0,16342.0,37248.0,16037.0,16366.0,36750.0,15807.0,16321.0,37204.0,16397.0,16143.0,38024.0,16138.0,16236.0,37482.0,16032.0,16136.0,37197.0,15826.0,16328.0,37804.0
16433.0,16669.0,37681.0,16291.0,16780.0,37506.0,16141.0,16711.0,37312.0,15721.0,16734.0,38074.0,16348.0,16504.0,37359.0,16196.0,16375.0,36979.0,16081.0,16403.0,36868.0,15787.0,16465.0,37060.0,16478.0,16317.0,37213.0,16204.0,16342.0,37248.0,16037.0,16367.0,36751.0,15807.0,16321.0,37204.0,16397.0,16143.0,38024.0,16138.0,16236.0,37482.0,16032.0,16136.0,37197.0,15826.0,16328.0,37804.0
16435.0,16668.0,37684.0,16289.0,16780.0,37501.0,16141.0,16713.0,37305.0,15720.0,16736.0,38069.0,16348.0,16502.0,37357.0,16196.0,16376.0,36973.0,16082.0,16404.0,36873.0,15790.0,16464.0,37063.0,16478.0,16317.0,37212.0,16205.0,16343.0,37247.0,16040.0,16365.0,36749.0,15807.0,16323.0,37208.0,16397.0,16141.0,38027.0,16138.0,16234.0,37482.0,16034.0,16137.0,37198.0,15824.0,16329.0,37809.0
16433.0,16668.0,37687.0,16291.0,16782.0,37503.0,16142.0,16711.0,37307.0,15721.0,16733.0,38071.0,16348.0,16505.0,37353.0,16196.0,16377.0,36977.0,16082.0,16404.0,36876.0,15788.0,16465.0,37063.0,16478.0,16316.0,37208.0,16206.0,16342.0,37245.0,16041.0,16365.0,36754.0,15807.0,16323.0,37213.0,16396.0,16142.0,38029.0,16139.0,16234.0,37481.0,16035.0,16137.0,37198.0,15825.0,16329.0,37806.0
16435.0,16669.0,37678.0,16289.0,16780.0,37500.0,16143.0,16711.0,37306.0,15722.0,16735.0,38066.0,16349.0,16504.0,37357.0,16196.0,16374.0,36977.0,16083.0,16404.0,36872.0,15791.0,16464.0,37061.0,16479.0,16316.0,37210.0,16204.0,16342.0,37243.0,16039.0,16368.0,36748.0,15806.0,16322.0,37209.0,16399.0,16142.0,38025.0,16138.0,16233.0,37485.0,16036.0,16137.0,37196.0,15824.0,16329.0,37805.0
16435.0,16669.0,37678.0,16289.0,16780.0,37500.0,16143.0,16711.0,37306.0,15722.0,16735.0,38066.0,16349.0,16504.0,37357.0,16196.0,16374.0,36977.0,16083.0,16404.0,36872.0,15791.0,16464.0,37061.0,16479.0,16316.0,37210.0,16204.0,16342.0,37243.0,16039.0,16368.0,36748.0,15806.0,16322.0,37209.0,16399.0,16142.0,38025.0,16138.0,16233.0,37485.0,16036.0,16137.0,37196.0,15824.0,16329.0,37805.0
16434.0,16669.0,37678.0,16291.0,16780.0,37498.0,16141.0,16710.0,37307.0,15720.0,16735.0,38067.0,16349.0,16505.0,37353.0,16197.0,16377.0,36975.0,16083.0,16403.0,36873.0,15791.0,16463.0,37060.0,16479.0,16317.0,37205.0,16206.0,16343.0,37248.0,16040.0,16368.0,36747.0,15806.0,16322.0,37202.0,16398.0,16140.0,38029.0,16138.0,16234.0,37483.0,16035.0,16137.0,37192.0,15825.0,16328.0,37813.0
16434.0,16669.0,37678.0,16291.0,16780.0,37498.0,16141.0,16710.0,37307.0,15720.0,16735.0,38067.0,16349.0,16505.0,37353.0,16197.0,16377.0,36975.0,16083.0,16403.0,36873.0,15791.0,16463.0,37060.0,16479.0,16317.0,37205.0,16206.0,16343.0,37248.0,16040.0,16368.0,36747.0,15806.0,16322.0,37202.0,16398.0,16140.0,38029.0,16138.0,16234.0,37483.0,16035.0,16137.0,37192.0,15825.0,16328.0,37813.0
16435.0,16670.0,37678.0,16292.0,16782.0,37500.0,16142.0,16713.0,37305.0,15721.0,16736.0,38063.0,16349.0,16505.0,37355.0,16198.0,16377.0,36977.0,16083.0,16405.0,36873.0,15792.0,16466.0,37061.0,16479.0,16318.0,37210.0,16206.0,16343.0,37240.0,16041.0,16367.0,36747.0,15808.0,16323.0,37199.0,16398.0,16142.0,38026.0,16137.0,16235.0,37484.0,16036.0,16137.0,37199.0,15823.0,16328.0,37806.0
16436.0,16668.0,37686.0,16290.0,16780.0,37499.0,16143.0,16711.0,37304.0,15720.0,16735.0,38062.0,16349.0,16505.0,37358.0,16196.0,16374.0,36967.0,16085.0,16403.0,36871.0,15789.0,16466.0,37060.0,16480.0,16315.0,37207.0,16205.0,16344.0,37248.0,16041.0,16367.0,36745.0,15806.0,16323.0,37205.0,16399.0,16143.0,38026.0,16138.0,16234.0,37484.0,16036.0,16136.0,37197.0,15824.0,16328.0,37807.0
16436.0,16669.0,37680.0,16291.0,16780.0,37500.0,16142.0,16712.0,37305.0,15722.0,16734.0,38061.0,16350.0,16504.0,37352.0,16196.0,16374.0,36967.0,16085.0,16403.0,36871.0,15792.0,16464.0,37059.0,16478.0,16317.0,37205.0,16205.0,16343.0,37240.0,16043.0,16368.0,36747.0,15806.0,16323.0,37209.0,16399.0,16142.0,38026.0,16138.0,16234.0,37484.0,16036.0,16136.0,37197.0,15824.0,16328.0,37807.0
16436.0,16669.0,37680.0,16291.0,16780.0,37500.0,16142.0,16710.0,37306.0,15720.0,16734.0,38063.0,16347.0,16504.0,37350.0,16197.0,16375.0,36971.0,16082.0,16405.0,36868.0,15792.0,16464.0,37059.0,16478.0,16317.0,37205.0,16205.0,16343.0,37240.0,16043.0,16368.0,36742.0,15807.0,16325.0,37199.0,16399.0,16141.0,38026.0,16139.0,16236.0,37482.0,16035.0,16136.0,37197.0,15823.0,16328.0,37806.0
16436.0,16669.0,37684.0,16288.0,16780.0,37503.0,16143.0,16712.0,37303.0,15720.0,16735.0,38057.0,16348.0,16503.0,37356.0,16198.0,16374.0,36982.0,16085.0,16405.0,36867.0,15790.0,16464.0,37057.0,16480.0,16317.0,37200.0,16205.0,16344.0,37243.0,16041.0,16369.0,36743.0,15807.0,16324.0,37207.0,16398.0,16141.0,38027.0,16139.0,16235.0,37485.0,16035.0,16136.0,37194.0,15824.0,16329.0,37805.0
16437.0,16669.0,37679.0,16288.0,16780.0,37503.0,16143.0,16712.0,37303.0,15720.0,16735.0,38057.0,16348.0,16503.0,37356.0,16198.0,16374.0,36982.0,16085.0,16405.0,36867.0,15790.0,16464.0,37057.0,16480.0,16317.0,37200.0,16205.0,16344.0,37243.0,16041.0,16369.0,36743.0,15807.0,16324.0,37207.0,16398.0,16141.0,38027.0,16139.0,16235.0,37485.0,16035.0,16136.0,37194.0,15824.0,16329.0,37805.0
16435.0,16669.0,37676.0,16289.0,16780.0,37497.0,16142.0,16711.0,37304.0,15722.0,16735.0,38067.0,16350.0,16505.0,37350.0,16196.0,16374.0,36973.0,16083.0,16404.0,36874.0,15791.0,16466.0,37061.0,16480.0,16316.0,37204.0,16206.0,16343.0,37249.0,16041.0,16368.0,36741.0,15809.0,16323.0,37204.0,16397.0,16141.0,38024.0,16139.0,16234.0,37484.0,16038.0,16136.0,37195.0,15824.0,16329.0,37804.0
16435.0,16669.0,37676.0,16289.0,16780.0,37497.0,16143.0,16712.0,37310.0,15721.0,16734.0,38065.0,16349.0,16503.0,37353.0,16199.0,16374.0,36975.0,16083.0,16404.0,36869.0,15789.0,16465.0,37060.0,16480.0,16316.0,37204.0,16206.0,16343.0,37249.0,16045.0,16368.0,36739.0,15808.0,16324.0,37208.0,16399.0,16141.0,38026.0,16139.0,16235.0,37483.0,16036.0,16137.0,37196.0,15823.0,16328.0,37804.0
16436.0,16667.0,37681.0,16291.0,16781.0,37499.0,16140.0,16712.0,37299.0,15721.0,16734.0,38061.0,16350.0,16504.0,37352.0,16197.0,16376.0,36973.0,16086.0,16406.0,36867.0,15790.0,16466.0,37056.0,16480.0,16318.0,37201.0,16205.0,16344.0,37246.0,16044.0,16368.0,36743.0,15807.0,16323.0,37201.0,16399.0,16141.0,38023.0,16137.0,16234.0,37483.0,16035.0,16137.0,37195.0,15823.0,16327.0,37804.0
16436.0,16667.0,37681.0,16291.0,16782.0,37495.0,16141.0,16712.0,37305.0,15722.0,16733.0,38063.0,16349.0,16504.0,37352.0,16200.0,16376.0,36977.0,16085.0,16404.0,36868.0,15790.0,16466.0,37056.0,16480.0,16318.0,37201.0,16205.0,16344.0,37246.0,16043.0,16368.0,36743.0,15808.0,16325.0,37207.0,16398.0,16142.0,38027.0,16137.0,16234.0,37481.0,16036.0,16136.0,37191.0,15823.0,16327.0,37804.0
16437.0,16670.0,37675.0,16293.0,16781.0,37502.0,16142.0,16713.0,37301.0,15721.0,16733.0,38071.0,16351.0,16505.0,37350.0,16197.0,16376.0,36969.0,16086.0,16407.0,36867.0,15790.0,16466.0,37057.0,16480.0,16317.0,37202.0,16204.0,16342.0,37242.0,16043.0,16367.0,36741.0,15807.0,16322.0,37208.0,16399.0,16141.0,38020.0,16138.0,16235.0,37483.0,16036.0,16136.0,37187.0,15823.0,16329.0,37792.0
16436.0,16670.0,37674.0,16290.0,16782.0,37494.0,16142.0,16713.0,37304.0,15720.0,16734.0,38060.0,16349.0,16504.0,37351.0,16197.0,16376.0,36972.0,16086.0,16407.0,36867.0,15790.0,16466.0,37057.0,16480.0,16317.0,37202.0,16206.0,16344.0,37242.0,16043.0,16368.0,36744.0,15808.0,16323.0,37207.0,16399.0,16140.0,38028.0,16139.0,16233.0,37479.0,16036.0,16136.0,37187.0,15823.0,16329.0,37792.0
16437.0,16670.0,37676.0,16290.0,16782.0,37495.0,16142.0,16712.0,37298.0,15722.0,16736.0,38064.0,16351.0,16504.0,37350.0,16199.0,16374.0,36973.0,16083.0,16404.0,36868.0,15790.0,16466.0,37061.0,16480.0,16318.0,37209.0,16205.0,16344.0,37240.0,16043.0,16367.0,36744.0,15808.0,16322.0,37206.0,16398.0,16141.0,38024.0,16137.0,16234.0,37478.0,16036.0,16135.0,37196.0,15824.0,16328.0,37799.0
16436.0,16669.0,37680.0,16291.0,16780.0,37491.0,16143.0,16712.0,37298.0,15722.0,16734.0,38060.0,16349.0,16502.0,37347.0,16199.0,16374.0,36973.0,16083.0,16404.0,36868.0,15789.0,16466.0,37056.0,16480.0,16318.0,37206.0,16205.0,16344.0,37242.0,16043.0,16369.0,36743.0,15807.0,16324.0,37207.0,16399.0,16140.0,38023.0,16137.0,16234.0,37478.0,16036.0,16135.0,37196.0,15823.0,16328.0,37802.0
16435.0,16671.0,37675.0,16289.0,16781.0,37498.0,16143.0,16713.0,37303.0,15720.0,16735.0,38068.0,16349.0,16503.0,37353.0,16199.0,16376.0,36976.0,16084.0,16405.0,36871.0,15790.0,16466.0,37054.0,16481.0,16318.0,37199.0,16206.0,16344.0,37236.0,16044.0,16369.0,36742.0,15807.0,16324.0,37202.0,16400.0,16142.0,38022.0,16138.0,16233.0,37478.0,16036.0,16135.0,37198.0,15823.0,16327.0,37802.0
16435.0,16671.0,37671.0,16291.0,16782.0,37496.0,16142.0,16713.0,37298.0,15721.0,16734.0,38062.0,16349.0,16503.0,37350.0,16200.0,16375.0,36969.0,16084.0,16405.0,36871.0,15790.0,16466.0,37054.0,16481.0,16318.0,37199.0,16206.0,16345.0,37239.0,16044.0,16368.0,36745.0,15809.0,16324.0,37207.0,16399.0,16139.0,38024.0,16139.0,16235.0,37484.0,16036.0,16135.0,37198.0,15823.0,16327.0,37802.0
16437.0,16670.0,37672.0,16290.0,16780.0,37497.0,16142.0,16714.0,37298.0,15723.0,16734.0,38069.0,16348.0,16503.0,37353.0,16199.0,16375.0,36971.0,16085.0,16404.0,36865.0,15789.0,16465.0,37055.0,16481.0,16317.0,37207.0,16206.0,16343.0,37234.0,16044.0,16368.0,36742.0,15805.0,16324.0,37199.0,16400.0,16141.0,38028.0,16138.0,16236.0,37474.0,16036.0,16136.0,37199.0,15823.0,16328.0,37802.0
16437.0,16668.0,37673.0,16290.0,16781.0,37493.0,16144.0,16713.0,37302.0,15721.0,16734.0,38067.0,16350.0,16504.0,37351.0,16199.0,16375.0,36971.0,16085.0,16404.0,36865.0,15790.0,16464.0,37057.0,16480.0,16317.0,37203.0,16206.0,16345.0,37241.0,16045.0,16368.0,36747.0,15807.0,16325.0,37210.0,16402.0,16141.0,38027.0,16138.0,16236.0,37474.0,16036.0,16136.0,37199.0,15823.0,16328.0,37802.0
16437.0,16668.0,37673.0,16290.0,16781.0,37493.0,16142.0,16711.0,37297.0,15721.0,16734.0,38068.0,16349.0,16504.0,37354.0,16198.0,16375.0,36971.0,16086.0,16404.0,36867.0,15790.0,16464.0,37057.0,16480.0,16317.0,37203.0,16206.0,16345.0,37241.0,16044.0,16368.0,36745.0,15808.0,16323.0,37199.0,16397.0,16141.0,38021.0,16139.0,16233.0,37476.0,16037.0,16136.0,37198.0,15823.0,16329.0,37804.0
16436.0,16670.0,37669.0,16291.0,16782.0,37496.0,16142.0,16712.0,37299.0,15722.0,16733.0,38066.0,16349.0,16504.0,37353.0,16198.0,16375.0,36970.0,16085.0,16404.0,36866.0,15790.0,16464.0,37058.0,16482.0,16316.0,37202.0,16206.0,16342.0,37240.0,16044.0,16369.0,36744.0,15809.0,16324.0,37203.0,16401.0,16141.0,38023.0,16137.0,16234.0,37476.0,16035.0,16136.0,37201.0,15825.0,16328.0,37807.0
16438.0,16669.0,37672.0,16292.0,16781.0,37496.0,16143.0,16713.0,37298.0,15721.0,16734.0,38064.0,16349.0,16503.0,37356.0,16198.0,16376.0,36971.0,16086.0,16405.0,36866.0,15791.0,16465.0,37061.0,16484.0,16318.0,37201.0,16206.0,16344.0,37243.0,16045.0,16369.0,36742.0,15806.0,16323.0,37203.0,16399.0,16140.0,38022.0,16139.0,16235.0,37480.0,16037.0,16138.0,37196.0,15822.0,16328.0,37804.0
16438.0,16669.0,37672.0,16292.0,16781.0,37496.0,16143.0,16713.0,37298.0,15721.0,16734.0,38064.0,16349.0,16503.0,37356.0,16198.0,16376.0,36971.0,16086.0,16405.0,36866.0,15791.0,16465.0,37061.0,16484.0,16318.0,37201.0,16206.0,16344.0,37243.0,16045.0,16369.0,36742.0,15806.0,16323.0,37203.0,16399.0,16140.0,38022.0,16139.0,16235.0,37480.0,16037.0,16138.0,37196.0,15822.0,16328.0,37804.0
16437.0,16670.0,37672.0,16291.0,16782.0,37493.0,16141.0,16713.0,37300.0,15722.0,16734.0,38066.0,16348.0,16504.0,37347.0,16198.0,16375.0,36968.0,16086.0,16405.0,36863.0,15791.0,16465.0,37057.0,16481.0,16318.0,37200.0,16206.0,16344.0,37241.0,16044.0,16370.0,36742.0,15808.0,16325.0,37204.0,16400.0,16140.0,38028.0,16137.0,16233.0,37478.0,16036.0,16137.0,37199.0,15822.0,16327.0,37801.0
16435.0,16669.0,37672.0,16291.0,16781.0,37497.0,16142.0,16713.0,37300.0,15720.0,16735.0,38067.0,16349.0,16503.0,37346.0,16198.0,16375.0,36968.0,16086.0,16405.0,36863.0,15791.0,16466.0,37056.0,16484.0,16318.0,37206.0,16205.0,16345.0,37238.0,16045.0,16369.0,36743.0,15809.0,16325.0,37204.0,16399.0,16138.0,38021.0,16137.0,16233.0,37478.0,16036.0,16137.0,37199.0,15821.0,16327.0,37803.0
16435.0,16669.0,37672.0,16290.0,16782.0,37493.0,16143.0,16711.0,37297.0,15721.0,16734.0,38065.0,16350.0,16506.0,37350.0,16199.0,16377.0,36968.0,16085.0,16405.0,36864.0,15791.0,16466.0,37056.0,16484.0,16318.0,37206.0,16205.0,16345.0,37238.0,16046.0,16369.0,36745.0,15808.0,16322.0,37206.0,16402.0,16141.0,38017.0,16140.0,16234.0,37481.0,16037.0,16135.0,37197.0,15821.0,16327.0,37803.0
16437.0,16670.0,37678.0,16290.0,16781.0,37495.0,16143.0,16713.0,37302.0,15722.0,16734.0,38067.0,16351.0,16502.0,37349.0,16198.0,16377.0,36971.0,16086.0,16404.0,36870.0,15790.0,16466.0,37056.0,16481.0,16315.0,37206.0,16206.0,16345.0,37239.0,16044.0,16369.0,36743.0,15808.0,16325.0,37200.0,16400.0,16141.0,38020.0,16139.0,16233.0,37479.0,16036.0,16136.0,37199.0,15822.0,16326.0,37807.0
16437.0,16670.0,37678.0,16291.0,16781.0,37493.0,16143.0,16712.0,37301.0,15723.0,16736.0,38064.0,16350.0,16503.0,37353.0,16200.0,16376.0,36970.0,16086.0,16404.0,36870.0,15790.0,16466.0,37056.0,16481.0,16315.0,37206.0,16206.0,16343.0,37235.0,16044.0,16370.0,36744.0,15808.0,16325.0,37205.0,16402.0,16141.0,38026.0,16138.0,16234.0,37475.0,16036.0,16136.0,37199.0,15822.0,16326.0,37807.0
16436.0,16670.0,37673.0,16290.0,16781.0,37496.0,16144.0,16712.0,37298.0,15721.0,16735.0,38067.0,16350.0,16505.0,37356.0,16198.0,16375.0,36967.0,16084.0,16406.0,36864.0,15791.0,16465.0,37053.0,16482.0,16319.0,37199.0,16207.0,16343.0,37236.0,16044.0,16369.0,36742.0,15808.0,16324.0,37201.0,16402.0,16141.0,38016.0,16137.0,16233.0,37478.0,16038.0,16136.0,37197.0,15823.0,16327.0,37804.0
16437.0,16669.0,37677.0,16292.0,16783.0,37491.0,16142.0,16714.0,37303.0,15723.0,16735.0,38068.0,16349.0,16505.0,37349.0,16199.0,16376.0,36968.0,16088.0,16404.0,36867.0,15791.0,16465.0,37056.0,16483.0,16318.0,37200.0,16205.0,16344.0,37237.0,16045.0,16370.0,36744.0,15808.0,16324.0,37201.0,16402.0,16141.0,38024.0,16138.0,16234.0,37473.0,16037.0,16137.0,37190.0,15823.0,16328.0,37800.0
16436.0,16670.0,37672.0,16290.0,16782.0,37492.0,16143.0,16713.0,37300.0,15722.0,16735.0,38062.0,16350.0,16503.0,37349.0,16200.0,16375.0,36972.0,16086.0,16404.0,36869.0,15791.0,16465.0,37055.0,16480.0,16319.0,37206.0,16205.0,16346.0,37237.0,16045.0,16368.0,36738.0,15808.0,16324.0,37206.0,16400.0,16140.0,38018.0,16139.0,16234.0,37477.0,16035.0,16135.0,37200.0,15822.0,16328.0,37800.0
16436.0,16670.0,37672.0,16291.0,16781.0,37493.0,16144.0,16713.0,37301.0,15721.0,16734.0,38067.0,16350.0,16506.0,37351.0,16200.0,16376.0,36968.0,16086.0,16404.0,36869.0,15791.0,16465.0,37055.0,16480.0,16319.0,37206.0,16208.0,16344.0,37236.0,16046.0,16369.0,36737.0,15811.0,16324.0,37202.0,16401.0,16140.0,38020.0,16137.0,16234.0,37474.0,16037.0,16135.0,37193.0,15822.0,16328.0,37800.0
16436.0,16669.0,37677.0,16291.0,16781.0,37498.0,16143.0,16714.0,37297.0,15723.0,16735.0,38068.0,16350.0,16502.0,37349.0,16202.0,16378.0,36968.0,16087.0,16405.0,36871.0,15791.0,16466.0,37056.0,16482.0,16318.0,37196.0,16206.0,16342.0,37236.0,16046.0,16368.0,36739.0,15810.0,16322.0,37197.0,16400.0,16141.0,38024.0,16139.0,16232.0,37479.0,16037.0,16135.0,37197.0,15823.0,16328.0,37809.0
16438.0,16671.0,37674.0,16292.0,16782.0,37493.0,16143.0,16713.0,37302.0,15722.0,16735.0,38061.0,16350.0,16505.0,37350.0,16202.0,16378.0,36968.0,16087.0,16405.0,36871.0,15791.0,16464.0,37059.0,16481.0,16318.0,37197.0,16207.0,16345.0,37240.0,16045.0,16370.0,36737.0,15809.0,16325.0,37200.0,16402.0,16141.0,38020.0,16139.0,16232.0,37479.0,16037.0,16135.0,37197.0,15823.0,16328.0,37809.0
16438.0,16671.0,37674.0,16292.0,16782.0,37493.0,16143.0,16713.0,37302.0,15721.0,16735.0,38058.0,16350.0,16504.0,37349.0,16200.0,16377.0,36972.0,16087.0,16403.0,36868.0,15791.0,16464.0,37059.0,16481.0,16318.0,37197.0,16207.0,16345.0,37240.0,16046.0,16370.0,36742.0,15810.0,16326.0,37197.0,16399.0,16142.0,38024.0,16139.0,16232.0,37471.0,16037.0,16135.0,37193.0,15823.0,16329.0,37798.0
16437.0,16669.0,37677.0,16290.0,16783.0,37494.0,16142.0,16714.0,37301.0,15721.0,16736.0,38059.0,16349.0,16504.0,37349.0,16198.0,16376.0,36968.0,16086.0,16404.0,36865.0,15791.0,16466.0,37058.0,16483.0,16321.0,37204.0,16207.0,16344.0,37241.0,16044.0,16370.0,36740.0,15809.0,16323.0,37206.0,16400.0,16141.0,38025.0,16141.0,16234.0,37477.0,16038.0,16135.0,37198.0,15823.0,16326.0,37802.0
16437.0,16669.0,37677.0,16290.0,16781.0,37499.0,16145.0,16713.0,37302.0,15723.0,16734.0,38064.0,16349.0,16505.0,37348.0,16198.0,16376.0,36967.0,16086.0,16404.0,36865.0,15791.0,16466.0,37058.0,16483.0,16321.0,37204.0,16206.0,16343.0,37232.0,16045.0,16369.0,36739.0,15807.0,16323.0,37199.0,16399.0,16142.0,38020.0,16139.0,16233.0,37476.0,16038.0,16136.0,37194.0,15823.0,16326.0,37802.0
16438.0,16669.0,37678.0,16291.0,16781.0,37495.0,16144.0,16713.0,37297.0,15722.0,16734.0,38064.0,16351.0,16505.0,37349.0,16199.0,16376.0,36967.0,16087.0,16405.0,36866.0,15791.0,16466.0,37057.0,16483.0,16317.0,37200.0,16205.0,16344.0,37240.0,16045.0,16371.0,36742.0,15810.0,16326.0,37205.0,16403.0,16139.0,38021.0,16137.0,16234.0,37481.0,16038.0,16137.0,37198.0,15822.0,16328.0,37802.0
16438.0,16672.0,37668.0,16292.0,16781.0,37494.0,16143.0,16713.0,37300.0,15723.0,16735.0,38064.0,16351.0,16503.0,37350.0,16199.0,16376.0,36973.0,16085.0,16404.0,36867.0,15791.0,16464.0,37055.0,16483.0,16320.0,37198.0,16207.0,16343.0,37243.0,16045.0,16370.0,36734.0,15809.0,16324.0,37203.0,16402.0,16141.0,38021.0,16140.0,16235.0,37475.0,16037.0,16135.0,37198.0,15823.0,16327.0,37804.0
16438.0,16671.0,37675.0,16291.0,16784.0,37496.0,16143.0,16713.0,37298.0,15723.0,16734.0,38061.0,16349.0,16505.0,37346.0,16199.0,16377.0,36967.0,16085.0,16405.0,36868.0,15791.0,16466.0,37052.0,16482.0,16318.0,37197.0,16207.0,16346.0,37234.0,16046.0,16370.0,36744.0,15809.0,16325.0,37200.0,16401.0,16139.0,38024.0,16139.0,16233.0,37480.0,16038.0,16136.0,37196.0,15823.0,16328.0,37802.0
16438.0,16671.0,37675.0,16291.0,16784.0,37496.0,16143.0,16713.0,37298.0,15723.0,16734.0,38061.0,16349.0,16505.0,37346.0,16199.0,16377.0,36967.0,16085.0,16405.0,36868.0,15791.0,16466.0,37052.0,16482.0,16318.0,37197.0,16207.0,16346.0,37234.0,16046.0,16370.0,36744.0,15809.0,16325.0,37200.0,16401.0,16139.0,38024.0,16139.0,16233.0,37480.0,16038.0,16136.0,37196.0,15823.0,16328.0,37802.0
16437.0,16670.0,37676.0,16292.0,16782.0,37493.0,16143.0,16714.0,37301.0,15721.0,16735.0,38060.0,16350.0,16505.0,37354.0,16199.0,16376.0,36972.0,16088.0,16405.0,36859.0,15791.0,16466.0,37051.0,16483.0,16318.0,37200.0,16205.0,16345.0,37240.0,16047.0,16369.0,36741.0,15809.0,16325.0,37202.0,16399.0,16142.0,38024.0,16140.0,16233.0,37477.0,16036.0,16138.0,37195.0,15825.0,16329.0,37801.0
16438.0,16670.0,37673.0,16292.0,16784.0,37491.0,16144.0,16713.0,37298.0,15721.0,16737.0,38060.0,16351.0,16504.0,37352.0,16198.0,16376.0,36967.0,16088.0,16405.0,36859.0,15791.0,16466.0,37051.0,16483.0,16318.0,37200.0,16207.0,16345.0,37233.0,16047.0,16370.0,36742.0,15809.0,16326.0,37196.0,16403.0,16141.0,38016.0,16139.0,16232.0,37473.0,16036.0,16138.0,37195.0,15825.0,16329.0,37801.0
16437.0,16669.0,37674.0,16292.0,16782.0,37495.0,16141.0,16711.0,37297.0,15721.0,16734.0,38065.0,16351.0,16506.0,37346.0,16200.0,16374.0,36962.0,16086.0,16405.0,36868.0,15793.0,16466.0,37051.0,16482.0,16319.0,37196.0,16207.0,16345.0,37240.0,16047.0,16372.0,36741.0,15808.0,16324.0,37199.0,16402.0,16140.0,38023.0,16140.0,16233.0,37479.0,16038.0,16136.0,37195.0,15821.0,16328.0,37798.0
16436.0,16669.0,37678.0,16291.0,16782.0,37493.0,16145.0,16715.0,37292.0,15721.0,16734.0,38061.0,16350.0,16506.0,37347.0,16201.0,16375.0,36971.0,16085.0,16406.0,36864.0,15791.0,16464.0,37052.0,16481.0,16317.0,37193.0,16206.0,16344.0,37232.0,16047.0,16371.0,36741.0,15809.0,16325.0,37203.0,16403.0,16140.0,38025.0,16138.0,16233.0,37472.0,16039.0,16136.0,37196.0,15824.0,16328.0,37802.0
16437.0,16671.0,37676.0,16292.0,16781.0,37490.0,16144.0,16713.0,37292.0,15721.0,16735.0,38063.0,16350.0,16505.0,37350.0,16199.0,16377.0,36967.0,16087.0,16406.0,36868.0,15790.0,16465.0,37055.0,16484.0,16317.0,37201.0,16206.0,16343.0,37234.0,16047.0,16371.0,36743.0,15807.0,16324.0,37206.0,16401.0,16139.0,38020.0,16139.0,16234.0,37478.0,16039.0,16136.0,37198.0,15822.0,16327.0,37797.0
16438.0,16671.0,37669.0,16291.0,16781.0,37492.0,16144.0,16713.0,37301.0,15721.0,16734.0,38060.0,16350.0,16506.0,37351.0,16201.0,16376.0,36966.0,16087.0,16406.0,36868.0,15790.0,16465.0,37055.0,16484.0,16317.0,37201.0,16205.0,16343.0,37233.0,16046.0,16370.0,36738.0,15810.0,16324.0,37204.0,16403.0,16140.0,38024.0,16139.0,16234.0,37477.0,16039.0,16136.0,37198.0,15822.0,16327.0,37797.0
16439.0,16670.0,37672.0,16292.0,16782.0,37496.0,16144.0,16714.0,37295.0,15722.0,16733.0,38056.0,16350.0,16505.0,37346.0,16200.0,16375.0,36964.0,16087.0,16406.0,36868.0,15791.0,16465.0,37057.0,16484.0,16319.0,37196.0,16206.0,16346.0,37230.0,16047.0,16370.0,36741.0,15809.0,16326.0,37197.0,16401.0,16140.0,38021.0,16140.0,16234.0,37476.0,16037.0,16135.0,37193.0,15824.0,16329.0,37797.0
16439.0,16670.0,37672.0,16292.0,16782.0,37496.0,16144.0,16714.0,37295.0,15722.0,16733.0,38056.0,16350.0,16505.0,37346.0,16200.0,16375.0,36964.0,16087.0,16406.0,36868.0,15791.0,16465.0,37057.0,16484.0,16319.0,37196.0,16206.0,16346.0,37230.0,16047.0,16370.0,36741.0,15809.0,16326.0,37197.0,16401.0,16140.0,38021.0,16140.0,16234.0,37476.0,16037.0,16135.0,37193.0,15824.0,16329.0,37797.0
16438.0,16671.0,37670.0,16290.0,16781.0,37489.0,16143.0,16713.0,37294.0,15722.0,16734.0,38063.0,16352.0,16506.0,37349.0,16199.0,16376.0,36966.0,16088.0,16405.0,36863.0,15791.0,16467.0,37057.0,16484.0,16319.0,37202.0,16206.0,16345.0,37237.0,16048.0,16370.0,36741.0,15810.0,16325.0,37199.0,16402.0,16141.0,38020.0,16139.0,16233.0,37478.0,16038.0,16138.0,37188.0,15823.0,16328.0,37797.0
16439.0,16670.0,37673.0,16292.0,16782.0,37489.0,16144.0,16712.0,37295.0,15723.0,16735.0,38066.0,16351.0,16504.0,37344.0,16201.0,16375.0,36969.0,16088.0,16405.0,36859.0,15791.0,16464.0,37055.0,16483.0,16318.0,37195.0,16206.0,16343.0,37232.0,16047.0,16372.0,36736.0,15810.0,16323.0,37202.0,16403.0,16141.0,38020.0,16139.0,16232.0,37471.0,16037.0,16136.0,37193.0,15823.0,16328.0,37800.0
16439.0,16670.0,37673.0,16292.0,16782.0,37489.0,16144.0,16712.0,37295.0,15722.0,16735.0,38066.0,16352.0,16505.0,37354.0,16199.0,16374.0,36968.0,16087.0,16404.0,36866.0,15789.0,16466.0,37057.0,16482.0,16319.0,37200.0,16206.0,16343.0,37232.0,16047.0,16372.0,36736.0,15810.0,16326.0,37202.0,16400.0,16141.0,38025.0,16139.0,16234.0,37477.0,16039.0,16135.0,37192.0,15823.0,16327.0,37801.0
16438.0,16670.0,37673.0,16290.0,16781.0,37494.0,16143.0,16713.0,37293.0,15723.0,16733.0,38062.0,16351.0,16506.0,37343.0,16200.0,16376.0,36969.0,16088.0,16405.0,36864.0,15791.0,16467.0,37057.0,16481.0,16318.0,37197.0,16206.0,16343.0,37231.0,16048.0,16369.0,36739.0,15810.0,16326.0,37201.0,16403.0,16141.0,38018.0,16139.0,16234.0,37475.0,16040.0,16135.0,37195.0,15821.0,16327.0,37794.0
16438.0,16670.0,37673.0,16290.0,16781.0,37494.0,16143.0,16713.0,37293.0,15723.0,16733.0,38062.0,16351.0,16506.0,37343.0,16200.0,16376.0,36969.0,16088.0,16405.0,36864.0,15791.0,16467.0,37057.0,16481.0,16318.0,37197.0,16206.0,16343.0,37231.0,16048.0,16369.0,36739.0,15810.0,16326.0,37201.0,16403.0,16141.0,38018.0,16139.0,16234.0,37475.0,16040.0,16135.0,37195.0,15821.0,16327.0,37794.0
16438.0,16670.0,37669.0,16292.0,16782.0,37492.0,16143.0,16712.0,37294.0,15722.0,16736.0,38060.0,16352.0,16506.0,37351.0,16202.0,16377.0,36965.0,16088.0,16405.0,36860.0,15790.0,16465.0,37054.0,16483.0,16320.0,37198.0,16207.0,16345.0,37230.0,16048.0,16368.0,36736.0,15808.0,16325.0,37204.0,16401.0,16142.0,38023.0,16140.0,16233.0,37474.0,16039.0,16135.0,37188.0,15823.0,16327.0,37801.0
16438.0,16670.0,37675.0,16293.0,16781.0,37497.0,16142.0,16712.0,37295.0,15721.0,16735.0,38054.0,16351.0,16504.0,37346.0,16199.0,16376.0,36970.0,16088.0,16405.0,36860.0,15790.0,16465.0,37054.0,16483.0,16320.0,37198.0,16206.0,16345.0,37229.0,16046.0,16371.0,36738.0,15809.0,16325.0,37203.0,16402.0,16139.0,38019.0,16139.0,16234.0,37476.0,16039.0,16135.0,37188.0,15823.0,16327.0,37801.0
16439.0,16669.0,37675.0,16292.0,16782.0,37491.0,16144.0,16713.0,37298.0,15721.0,16733.0,38058.0,16351.0,16504.0,37345.0,16200.0,16377.0,36969.0,16088.0,16404.0,36867.0,15792.0,16467.0,37054.0,16483.0,16318.0,37192.0,16207.0,16346.0,37234.0,16049.0,16370.0,36741.0,15809.0,16324.0,37201.0,16404.0,16140.0,38025.0,16140.0,16234.0,37476.0,16038.0,16137.0,37197.0,15823.0,16329.0,37801.0
16436.0,16671.0,37677.0,16291.0,16782.0,37487.0,16143.0,16713.0,37294.0,15722.0,16735.0,38061.0,16351.0,16503.0,37350.0,16202.0,16378.0,36967.0,16087.0,16405.0,36864.0,15792.0,16464.0,37058.0,16485.0,16318.0,37196.0,16205.0,16345.0,37230.0,16046.0,16371.0,36738.0,15809.0,16325.0,37199.0,16402.0,16139.0,38026.0,16137.0,16234.0,37476.0,16038.0,16135.0,37197.0,15822.0,16327.0,37798.0
16439.0,16669.0,37676.0,16291.0,16781.0,37493.0,16144.0,16711.0,37295.0,15721.0,16733.0,38058.0,16351.0,16505.0,37351.0,16200.0,16377.0,36968.0,16087.0,16405.0,36863.0,15791.0,16466.0,37057.0,16483.0,16320.0,37198.0,16207.0,16344.0,37231.0,16047.0,16372.0,36742.0,15810.0,16326.0,37202.0,16403.0,16138.0,38016.0,16138.0,16233.0,37481.0,16039.0,16137.0,37194.0,15823.0,16327.0,37794.0
16439.0,16669.0,37676.0,16290.0,16783.0,37494.0,16144.0,16713.0,37294.0,15721.0,16735.0,38055.0,16351.0,16505.0,37347.0,16202.0,16377.0,36970.0,16089.0,16406.0,36867.0,15791.0,16466.0,37057.0,16483.0,16320.0,37198.0,16207.0,16344.0,37234.0,16048.0,16371.0,36740.0,15811.0,16325.0,37203.0,16401.0,16141.0,38021.0,16140.0,16234.0,37471.0,16038.0,16136.0,37195.0,15823.0,16327.0,37794.0
16437.0,16669.0,37673.0,16292.0,16781.0,37487.0,16144.0,16713.0,37295.0,15722.0,16734.0,38057.0,16351.0,16503.0,37349.0,16201.0,16376.0,36968.0,16087.0,16405.0,36861.0,15793.0,16466.0,37054.0,16483.0,16317.0,37196.0,16207.0,16345.0,37234.0,16047.0,16371.0,36735.0,15809.0,16324.0,37201.0,16401.0,16140.0,38019.0,16140.0,16233.0,37478.0,16038.0,16136.0,37191.0,15824.0,16328.0,37791.0
16437.0,16669.0,37673.0,16292.0,16781.0,37487.0,16144.0,16713.0,37295.0,15722.0,16734.0,38057.0,16351.0,16503.0,37349.0,16201.0,16376.0,36968.0,16087.0,16405.0,36861.0,15793.0,16466.0,37054.0,16483.0,16317.0,37196.0,16207.0,16345.0,37234.0,16047.0,16371.0,36735.0,15809.0,16324.0,37201.0,16401.0,16140.0,38019.0,16140.0,16233.0,37478.0,16038.0,16136.0,37191.0,15824.0,16328.0,37791.0
