position_joint1,position_joint2,position_joint3,position_joint4,position_joint5,position_joint6,position_joint7,velocity_joint1,velocity_joint2,velocity_joint3,velocity_joint4,velocity_joint5,velocity_joint6,velocity_joint7,ee_T_00,ee_T_10,ee_T_20,ee_T_30,ee_T_01,ee_T_11,ee_T_21,ee_T_31,ee_T_02,ee_T_12,ee_T_22,ee_T_32,ee_T_03,ee_T_13,ee_T_23,ee_T_33,v_x,v_y,time
0.465091166394,0.547656486581,-0.123945944528,-1.35575571706,0.0794168684566,1.894090787,0.159177472509,-0.000840826829187,0.00235724226055,-2.34886055889e-05,0.00111911715407,-0.000244354299015,-7.87042328589e-06,0.00134139792031,0.573750121913,0.819016020965,0.002074104197,0.0,0.818975095708,-0.573691657526,-0.0117652707939,0.0,-0.00844621161227,0.00844912790747,-0.999928634327,0.0,0.661686496835,0.260923394231,0.303337092329,1.0,0.0,0.0,0.0
0.465093911066,0.54765829342,-0.123947706786,-1.35576124519,0.0794166318223,1.89408685323,0.159172452859,0.00105270367703,0.00298160022793,-0.00102895430995,-0.00052466534478,-0.000160819350977,-0.000174654098967,-0.000747178967588,0.573745210249,0.819019486589,0.00206426853294,0.0,0.818978433272,-0.573686784627,-0.0117705514376,0.0,-0.00845623022663,0.00844405149241,-0.999928592533,0.0,0.661684098136,0.260923202841,0.303332897034,1.0,-0.00012,-0.000157714285714,0.007
0.465093503507,0.54765354454,-0.123948731372,-1.35576143826,0.0794181893632,1.89408709954,0.159177946186,0.00192218348654,0.00113994866432,-0.00111747323316,-0.000142976912764,0.000340856566733,-0.00030792037249,0.000749449369831,0.573751174907,0.819015296137,0.00206903058531,0.0,0.818974296571,-0.57369272182,-0.0117690011548,0.0,-0.00845216690844,0.00844712374155,-0.999928600939,0.0,0.66168448315,0.260922649687,0.303336227546,1.0,-0.00046,-0.000604571428571,0.024
0.465083630832,0.547633354415,-0.123948389353,-1.35577979765,0.0794129423541,1.89409162012,0.159173221578,-0.00117707576071,-0.000715055243386,-0.000116964486051,-0.00394445790796,0.000114199633082,-2.01546414301e-05,-0.000126175028067,0.573754759682,0.819012775849,0.00207259230534,0.0,0.818971855352,-0.57369632504,-0.0117632341593,0.0,-0.00844536307233,0.00844676898034,-0.999928661424,0.0,0.66168450222,0.260913858524,0.303342163624,1.0,-0.0008,-0.00105142857143,0.041
0.465078386445,0.547561331261,-0.123948392889,-1.3558500166,0.0794142481254,1.89410113865,0.159173154158,-0.000730437843921,-0.00949640017534,-0.000611605549048,-0.0110012237937,0.000308882526951,4.40144664663e-07,2.18935200798e-05,0.573763117422,0.819006885237,0.00208660508576,0.0,0.818966076737,-0.573704557013,-0.011764068919,0.0,-0.00843792105285,0.00845881049567,-0.999928622459,0.0,0.661673503047,0.260903856669,0.303360591796,1.0,-0.00112,-0.001472,0.057
0.465077650582,0.547424953168,-0.123943336811,-1.35602728263,0.0794101925404,1.89414256589,0.159164621082,6.23238552472e-05,-0.00830037426036,0.000438011037494,-0.013524114507,0.000331453222739,0.00412561350871,-0.00074289259063,0.573761842117,0.819007761395,0.00209337197214,0.0,0.818966924552,-0.573703138881,-0.0117742018065,0.0,-0.00844235113392,0.00847015320064,-0.999928489049,0.0,0.661643986759,0.26088920095,0.303376248461,1.0,-0.00148,-0.00194514285714,0.075
0.465057346295,0.547270929039,-0.123943100072,-1.3562303863,0.0794021026085,1.89421360168,0.159163630117,-0.00119067385086,-0.0131405893871,0.00105969392833,-0.00851860517632,-0.00428722111259,7.0526057292e-05,0.00113138028843,0.573786648129,0.818990327545,0.00211488037831,0.0,0.818949728097,-0.573727815823,-0.0117678843442,0.0,-0.00842457995264,0.00848439897515,-0.999928518158,0.0,0.661621352358,0.260857335057,0.303394826738,1.0,-0.00182,-0.002392,0.092
0.465043169745,0.54710929808,-0.123948792987,-1.35642186207,0.0793984972833,1.8943299044,0.159148074573,-0.00258270654178,-0.0184084135229,-0.000459346770648,-0.00993187382807,0.000326860670388,0.00703276340713,-0.00170233143365,0.573799493992,0.818981128749,0.0021905132739,0.0,0.818941528185,-0.573740386639,-0.0117255726418,0.0,-0.00834639747877,0.00852219401533,-0.999928852398,0.0,0.661610123138,0.260831384544,0.30342846139,1.0,-0.00212,-0.00278628571429,0.107
0.465017576676,0.546890732945,-0.123948696616,-1.35667809316,0.0793955612247,1.89446086254,0.159134514575,-0.000638668515098,-0.0117778764826,-0.000965114371009,-0.0180351056299,0.000402539399693,0.00815415200423,0.000428256183295,0.573822977468,0.818964440345,0.00227659415546,0.0,0.818925894795,-0.573763480815,-0.0116873358554,0.0,-0.00826544501634,0.00857098878315,-0.999929107772,0.0,0.661590069717,0.260795395204,0.303472676028,1.0,-0.00248,-0.00325942857143,0.125
0.464987739745,0.546661484799,-0.123946287457,-1.35699696192,0.0793803880639,1.89459233161,0.159107460246,0.000571586087844,-0.0170741245515,0.000240795282789,-0.0190656600558,-0.00070739417531,0.00354104019356,0.000268236638375,0.573837429227,0.818954206879,0.00231489862562,0.0,0.818916128534,-0.57377775897,-0.011670674334,0.0,-0.00822966894393,0.00859294301839,-0.999929214434,0.0,0.661557277767,0.260748685921,0.303494574622,1.0,-0.00282,-0.00370628571429,0.142
0.464952694999,0.546408848408,-0.12395093265,-1.35736887621,0.0793649459148,1.89471695207,0.158996893483,-0.00441812841195,-0.0184224348655,-0.000705229781226,-0.0243158651736,-0.00343647286414,0.00391431310391,-0.00614077906704,0.573795420089,0.818983616079,0.00232365665504,0.0,0.818945589045,-0.573735657861,-0.0116732165368,0.0,-0.00822716680939,0.00860115215343,-0.999929164445,0.0,0.661514536952,0.260687944882,0.303507410227,1.0,-0.00314,-0.00412685714286,0.158
0.464908716941,0.54612500612,-0.123944819577,-1.35781801099,0.0793384968492,1.89488931052,0.158943759199,-0.00308347980887,-0.00989820075706,0.000935877190464,-0.0270078808303,-0.00130778960321,0.00564729094683,-0.000735833166894,0.573801791127,0.81897913181,0.00233089257127,0.0,0.818941168346,-0.573741969973,-0.011673113579,0.0,-0.00822286384444,0.0086070830783,-0.999929148806,0.0,0.661464869119,0.260620227889,0.303509344398,1.0,-0.00348,-0.00457371428571,0.175
0.464867234353,0.545793533194,-0.123946737104,-1.35835610407,0.0792355801109,1.8950744019,0.158902059807,-0.00346625361044,-0.0173885784999,0.000614932817611,-0.0263369030678,-0.00867998537511,0.00820943764176,-0.00685958721143,0.573805635858,0.818976601302,0.00227281286503,0.0,0.818938488992,-0.573746655562,-0.0116307084825,0.0,-0.00822141761144,0.00853522433923,-0.999929776653,0.0,0.661404012175,0.260528056335,0.303503869598,1.0,-0.00384,-0.00504685714286,0.193
0.464809364083,0.545498007582,-0.123944843335,-1.35886800819,0.0792170860738,1.89524457284,0.158816386683,-0.00431413699506,-0.0220586395609,0.00110784116669,-0.0356462766346,-7.16040444459e-05,0.0126572301303,-0.0124851452547,0.573805150795,0.818977029846,0.00224062633821,0.0,0.818938352849,-0.573746135778,-0.0116658824723,0.0,-0.00826869827246,0.00852904250441,-0.999929439542,0.0,0.661343856781,0.260442551547,0.303484121815,1.0,-0.00414,-0.00544114285714,0.208
0.464739736281,0.54509831778,-0.123949492524,-1.35957361778,0.0792040856567,1.89546911011,0.158739040112,-0.00812997353869,-0.0211940728038,0.00030355554591,-0.0434641848996,-0.000154505779718,0.0162313396739,-0.00949585468457,0.573837865401,0.818954255361,0.00218603738881,0.0,0.818914580151,-0.57377875348,-0.0117302758417,0.0,-0.00835241831902,0.00852161840756,-0.99992880703,0.0,0.661256981958,0.260328438872,0.303450838855,1.0,-0.0045,-0.00591428571429,0.226
0.464675123834,0.544673569904,-0.12395236107,-1.3602696704,0.079180848471,1.89571029087,0.158665252733,-0.00325567821334,-0.0242377820533,0.000613011331095,-0.0438183296472,-0.000888503883418,0.0119767989431,-0.00309370071562,0.573864934709,0.818935331049,0.00216960206361,0.0,0.81889526399,-0.573805700634,-0.0117605882113,0.0,-0.00838639263202,0.00852583018932,-0.999928486762,0.0,0.661175058503,0.260219620302,0.303441173924,1.0,-0.00484,-0.00636114285714,0.243
0.464606282826,0.544232262044,-0.123955881718,-1.36101518796,0.079145311672,1.89596984721,0.158539455544,-0.00396980680247,-0.0299638722327,0.000800734224107,-0.0498184771158,-0.000939110669789,0.0142462239077,-0.00719825590894,0.573852816422,0.818943912166,0.00213558248965,0.0,0.818903304238,-0.573793615536,-0.0117903341909,0.0,-0.00843040112134,0.00851491597775,-0.999928209694,0.0,0.661087708396,0.260101233681,0.303421240849,1.0,-0.00518,-0.006808,0.26
0.464535590111,0.543747053588,-0.123958011027,-1.36182329468,0.0790970874182,1.89625578655,0.158484619381,-0.0073220814698,-0.0307034241657,6.3113977977e-05,-0.0449620261781,-0.00511516771538,0.0238242446711,-0.00213030695724,0.57389943205,0.818911330991,0.00210256247765,0.0,0.818870278169,-0.573840339261,-0.0118101426906,0.0,-0.00846508748362,0.00849972374952,-0.999928045906,0.0,0.660993144978,0.259975320137,0.303404759282,1.0,-0.00552,-0.00725485714286,0.277
0.464463115145,0.543189994288,-0.123961997941,-1.36271700078,0.0790446594272,1.89656535123,0.158349117402,-0.00912660155265,-0.0350334875839,0.00109264318889,-0.0479987647529,-0.00397650980531,0.0135491803165,-0.0050994372565,0.573886259636,0.818920620687,0.00207964323094,0.0,0.818879237226,-0.573827226572,-0.0118260638576,0.0,-0.00849141513316,0.00848995567407,-0.999927905662,0.0,0.660886482293,0.259838866759,0.303400416096,1.0,-0.00588,-0.007728,0.295
0.464404536004,0.542704439893,-0.123964775925,-1.36350849398,0.0789977449728,1.89683927533,0.158245689475,0.000807560659061,-0.0304897768324,-0.000745557142232,-0.0530014376249,-0.00491105408113,0.0176298209578,-0.00591761318593,0.57388288638,0.818923054256,0.00205203047535,0.0,0.81888128338,-0.573823935887,-0.0118440379069,0.0,-0.00852201556869,0.00847762323009,-0.999927749967,0.0,0.660790046434,0.259721969011,0.303390954825,1.0,-0.00618,-0.00812228571429,0.31
0.464323294777,0.542081874788,-0.123970083049,-1.36448528114,0.0789388972048,1.89720712802,0.158103369177,-0.00107277104877,-0.0330320131498,1.91159647649e-05,-0.0595784982386,-0.00490640374776,0.0239456965394,-0.00983794315578,0.57387519622,0.818928418711,0.00206181792725,0.0,0.818886798216,-0.573816230418,-0.0118360600236,0.0,-0.0085099451709,0.00848098003462,-0.999927824301,0.0,0.660680258441,0.259572888892,0.303398356676,1.0,-0.00654,-0.00859542857143,0.328
0.464250728389,0.541478462416,-0.12397289362,-1.36538868304,0.0788892260897,1.89753490277,0.158003341781,-0.0067490237304,-0.0437124587319,-0.00390306402513,-0.0603151405686,-0.00189082827371,0.0232840632737,-0.0128583314216,0.573891460769,0.818916954846,0.0020878754031,0.0,0.818875629066,-0.573832344931,-0.0118275497844,0.0,-0.0084878540317,0.0084976037124,-0.999927870931,0.0,0.660575403607,0.259438220261,0.303423506839,1.0,-0.00686,-0.009016,0.344
0.464160999225,0.540855564801,-0.123970801144,-1.36633975801,0.0788330036899,1.89788879985,0.157859438327,-0.00312273737203,-0.0445740996101,0.000776204067954,-0.0569739906861,-0.00372049567307,0.0248793162526,-0.00365017078886,0.573883323305,0.818922597892,0.00211111234112,0.0,0.818881545882,-0.573824087864,-0.0118184982755,0.0,-0.00846719121706,0.00851135387416,-0.999927929167,0.0,0.660468815657,0.259290373702,0.303441756628,1.0,-0.00718,-0.00943657142857,0.36
0.464074341538,0.540148053341,-0.123969085085,-1.36741236244,0.0787743572542,1.89828872952,0.157734578655,-0.00179107507132,-0.0429768934942,0.000995709496623,-0.0616322759593,-0.00611608083304,0.0265169013844,-0.00468172987342,0.573894538152,0.818914652091,0.00214442818358,0.0,0.818873966052,-0.573835102395,-0.011808889967,0.0,-0.00844008735044,0.00853323815657,-0.999927971792,0.0,0.660344824266,0.25913376428,0.303465880589,1.0,-0.00752,-0.00988342857143,0.377
0.463971354183,0.539420533229,-0.123969359662,-1.36854849168,0.0786957484812,1.89872835979,0.157587643031,-0.0015846340658,-0.0406624054027,0.00163354138835,-0.0716461991566,-0.00593511257864,0.0223878399596,-0.0146351933754,0.573900670948,0.818910302755,0.00216398444899,0.0,0.818869975905,-0.573841264452,-0.0117861220839,0.0,-0.00841015515312,0.00853624961468,-0.999928198289,0.0,0.660220187059,0.258957416063,0.303477277067,1.0,-0.00786,-0.0103302857143,0.394
0.463875911851,0.538708224259,-0.123977567128,-1.36963805139,0.0786472737632,1.89914958564,0.157460179759,-0.00483226948095,-0.0407982842637,-0.000553214306173,-0.0684643253225,-0.00309886017645,0.028587080941,-0.00990843753312,0.573927530743,0.818891360836,0.00220805462149,0.0,0.818851508875,-0.573867850957,-0.0117746741571,0.0,-0.00837520863219,0.00856604344565,-0.999928236815,0.0,0.660100214674,0.258790406722,0.30349868866,1.0,-0.00818,-0.0107508571429,0.41
0.463765498413,0.537935041014,-0.123990673447,-1.37083972239,0.0785723537334,1.89962291114,0.157313542395,-0.00676745905302,-0.0443317603486,-0.00469757398967,-0.0765440593275,-0.00278946715607,0.0286018780116,-0.0104226695477,0.57395348694,0.818873081632,0.00224006909839,0.0,0.818833757546,-0.573893796595,-0.0117445576817,0.0,-0.00833190079658,0.00857523913088,-0.999928519797,0.0,0.659972528324,0.258597434937,0.303514258111,1.0,-0.00852,-0.0111977142857,0.427
0.463659252667,0.537136045767,-0.123984216785,-1.37210972378,0.078488832662,1.90009437461,0.157155325518,-0.00652713661393,-0.0468451449268,0.000517923680596,-0.0778614235362,-0.00333320009177,0.0281367215272,-0.00187570922756,0.573953999286,0.818872730207,0.0022372589398,0.0,0.818833385593,-0.573894335963,-0.0117441342189,0.0,-0.00833316145727,0.00857270016624,-0.999928531062,0.0,0.659823972016,0.258409295169,0.30351458156,1.0,-0.00886,-0.0116445714286,0.444
0.463541480097,0.536351111387,-0.123992522875,-1.37334768193,0.0784193188057,1.90056000246,0.156999610383,-0.00803095699342,-0.0445048246852,-0.00182225755448,-0.0745560792237,-0.0123001718342,0.0302357500878,-0.0113976195825,0.573978299624,0.818855668406,0.00224783921296,0.0,0.818816451998,-0.573918583779,-0.0117398480547,0.0,-0.00832332467792,0.00857915092851,-0.999928557666,0.0,0.659686611844,0.258210481279,0.303520089461,1.0,-0.00918,-0.0120651428571,0.46
0.463423930102,0.535431239049,-0.123999168176,-1.37479956461,0.0783376649495,1.90108939229,0.156818453006,-0.00623820917652,-0.052702036436,-0.000498271161204,-0.0845614053658,-0.00303277573564,0.0350942958245,-0.0108232231626,0.573988698369,0.818848382105,0.00224681315603,0.0,0.818809103664,-0.573928934932,-0.0117463315608,0.0,-0.00832911387387,0.00858213786234,-0.999928483829,0.0,0.659515804243,0.257991539827,0.303524325356,1.0,-0.00954,-0.0125382857143,0.478
0.463299011219,0.534532443687,-0.123996739554,-1.37624105631,0.0782713140944,1.90161192065,0.156652008816,-0.00665409206915,-0.0519175754835,0.000139636153648,-0.0835310422643,-0.00347497046256,0.0360466338577,-0.00457041631023,0.574014226224,0.818830503838,0.00224075411875,0.0,0.818790920304,-0.573954249694,-0.0117768835509,0.0,-0.00835734204734,0.00859497330571,-0.999928138052,0.0,0.659344099727,0.257775985503,0.303517590873,1.0,-0.00988,-0.0129851428571,0.495
0.463174713292,0.533554712657,-0.124005876073,-1.37780832094,0.0781691011849,1.90218444318,0.156458591761,-0.00849338337923,-0.0581982475558,-0.000550595142444,-0.0846368234685,-0.00468476288328,0.0313068906595,-0.0118479062593,0.57402237523,0.818824850722,0.00221889071688,0.0,0.818785062227,-0.573962562888,-0.0117790142827,0.0,-0.00837155058734,0.00857837749048,-0.99992816171,0.0,0.659159280993,0.257537858863,0.303511139173,1.0,-0.01024,-0.0134582857143,0.513
0.463055669619,0.532739988925,-0.12400062586,-1.37913279718,0.0780899735663,1.90268973663,0.156291436147,-0.00961666519328,-0.0546811261623,0.000677418104909,-0.0896089232752,-0.00551839110204,0.0304254949886,-0.00881246854973,0.574030551521,0.818819129817,0.00221482908529,0.0,0.818779256196,-0.573970720683,-0.011785089022,0.0,-0.00837877060881,0.00857862242713,-0.999928099135,0.0,0.659006982273,0.257337412338,0.303498843256,1.0,-0.01054,-0.0138525714286,0.528
0.462920771858,0.531705547564,-0.123999924377,-1.38079188362,0.0780069459066,1.90329294591,0.156080899646,-0.014618800647,-0.0545366832772,0.00453177450871,-0.0956943354688,-0.0023940957868,0.0342465687864,-0.0148102816726,0.574036313673,0.818815115644,0.0022054202767,0.0,0.818774924642,-0.573976319112,-0.0118133304761,0.0,-0.00840723641278,0.00858718882957,-0.999927786675,0.0,0.658806996266,0.2570930764,0.303490652757,1.0,-0.0109,-0.0143257142857,0.546
0.462794410191,0.530757861667,-0.124000660936,-1.38231634871,0.0779059303159,1.90382831963,0.155878823757,-0.00812616197982,-0.0581643493591,-0.000741007897489,-0.096833406415,-0.00579757508288,0.0336919604051,-0.0149623594163,0.574030476893,0.818819314953,0.00216516937058,0.0,0.818778618703,-0.573970659349,-0.0118322720706,0.0,-0.00844591182992,0.00856504406955,-0.99992765068,0.0,0.658621265497,0.256860910595,0.30347929065,1.0,-0.01122,-0.0147462857143,0.562
0.462658790463,0.52973192868,-0.124001651822,-1.38395944644,0.0777976381765,1.90442327337,0.155668855489,-0.0048992835131,-0.0579100382735,0.00179186483354,-0.0974670802142,-0.00299287786976,0.0297778546107,-0.0114274233219,0.57403034359,0.818819473415,0.00214044296471,0.0,0.818778496298,-0.573970665058,-0.0118404625922,0.0,-0.00846681288519,0.00854949808647,-0.999927606961,0.0,0.658424190493,0.256612333022,0.303471551958,1.0,-0.01156,-0.0151931428571,0.579
0.462511351802,0.528588260568,-0.124007018408,-1.38573484926,0.0776961440784,1.90509183232,0.155423285516,-0.00976930503036,-0.0703979107374,0.00133939218566,-0.10285965007,-0.00608204972259,0.0402614278844,-0.0187133386446,0.574022785782,0.81882468553,0.002173170664,0.0,0.818784098027,-0.573962942441,-0.0118274436147,0.0,-0.00843744581666,0.00856874468926,-0.999927690447,0.0,0.658217137916,0.256345370334,0.303490036253,1.0,-0.01192,-0.0156662857143,0.597
0.462389133875,0.527617291059,-0.124012597809,-1.38725261287,0.0775967015294,1.90568223253,0.155213717958,-0.00840858234291,-0.0696718670976,-0.000643591514966,-0.102221747443,-0.00926786129866,0.0424110099411,-0.0167483043646,0.574010691627,0.818833083425,0.00220324486869,0.0,0.818792997678,-0.573950845095,-0.0117983587563,0.0,-0.00839649388397,0.0085765506656,-0.99992796824,0.0,0.658043230705,0.256118255186,0.303502516826,1.0,-0.01222,-0.0160605714286,0.612
0.462242945255,0.526466415022,-0.124018002672,-1.38903710388,0.0774898794056,1.90635686266,0.154962999705,-0.010830603885,-0.0680767537681,-0.0017087496396,-0.105440726999,-0.0107891465231,0.0419301864071,-0.0153174951461,0.573996558312,0.818842899555,0.0022369166185,0.0,0.818803259534,-0.573936591882,-0.0117795405739,0.0,-0.00836190585118,0.00859317581169,-0.999928115346,0.0,0.657834414038,0.255850717253,0.303521720382,1.0,-0.01256,-0.0165074285714,0.629
0.462089580119,0.525282732172,-0.124014871216,-1.39087530384,0.0773669970691,1.90701880084,0.154715673906,-0.00737667600687,-0.0703546933757,-0.000199152038542,-0.109675021567,-0.0106584119927,0.0380885725546,-0.0156832076156,0.573983087166,0.818852338865,0.00223823219745,0.0,0.818812750194,-0.573923152564,-0.0117746325309,0.0,-0.00835727301165,0.00859129840061,-0.99992817021,0.0,0.657611523631,0.255574095306,0.30353672972,1.0,-0.0129,-0.0169542857143,0.646
0.461955307809,0.524242350189,-0.124023334802,-1.39252584082,0.0772613272125,1.90760681919,0.154483286543,-0.0101322332606,-0.067417954277,-0.000930554595769,-0.110874652796,-0.00526271785859,0.0406719158352,-0.0243876128908,0.573968787815,0.81886242622,0.00221459701758,0.0,0.818822560716,-0.573908976896,-0.0117833442217,0.0,-0.00837812203456,0.00857679893017,-0.999928120212,0.0,0.657410460918,0.255321470942,0.303533986479,1.0,-0.0132,-0.0173485714286,0.661
0.461771078889,0.522906921062,-0.124022308207,-1.39467282566,0.0771372492015,1.90840162654,0.154196041074,-0.00732567286456,-0.0761021116678,0.00140329886322,-0.113964667341,-0.00341020976857,0.0410114006584,-0.0141676339462,0.573965441053,0.818864804825,0.00220245229964,0.0,0.818824684955,-0.573905578864,-0.011801218528,0.0,-0.0083997645662,0.00857707904314,-0.999927936239,0.0,0.657152695684,0.25499754656,0.303519742343,1.0,-0.01358,-0.017848,0.68
0.461607844054,0.521692009639,-0.124028277849,-1.39662994998,0.0770191957299,1.90917164215,0.153930408969,-0.00473722791639,-0.0647288631708,-0.000806299375465,-0.119383948097,-0.013019499268,0.0496674309294,-0.0111304462888,0.573958996555,0.818869269963,0.00222168519456,0.0,0.818829449633,-0.573899111444,-0.0117851261497,0.0,-0.00837561574409,0.00858352570372,-0.999928083488,0.0,0.656926699578,0.254703605863,0.303508877317,1.0,-0.01392,-0.0182948571429,0.697
0.461449921284,0.520497134716,-0.124026240774,-1.39852669076,0.076890926196,1.90987660352,0.153680559601,-0.00964711972116,-0.0784829138867,0.000328298716042,-0.114883023464,-0.00410204741398,0.0446831502496,-0.0167410409057,0.573948772409,0.818876450269,0.00221647166302,0.0,0.818836639453,-0.573888987793,-0.0117785601966,0.0,-0.00837333809657,0.00857538347626,-0.999928172424,0.0,0.65669815364,0.254418755318,0.303506403129,1.0,-0.01424,-0.0187154285714,0.713
0.461277193871,0.519185216379,-0.124034957524,-1.4005903353,0.0767576499349,1.91061011752,0.153406186186,-0.0140053893562,-0.0747568446983,-0.000915453293017,-0.121964075412,-0.00552779041894,0.0466030662615,-0.0173620849341,0.573945260117,0.818878969326,0.00219519621469,0.0,0.818838916616,-0.57388559336,-0.0117856382879,0.0,-0.00839138141193,0.00856198816779,-0.999928135956,0.0,0.656444780118,0.254100841139,0.303509141385,1.0,-0.01458,-0.0191622857143,0.73
0.461086163749,0.517742204673,-0.124037130472,-1.40282567297,0.0766124191038,1.91141070389,0.153094296581,-0.00827632866188,-0.0834730045714,-0.000994713595635,-0.123793439368,-0.00569062525253,0.0436076501829,-0.0159483496821,0.573926887079,0.818891839573,0.00219778767661,0.0,0.818851839188,-0.573867231604,-0.011781886601,0.0,-0.00838701393875,0.00856176882257,-0.999928174476,0.0,0.656170671849,0.253758750494,0.303527332024,1.0,-0.01494,-0.0196354285714,0.748
0.460912089873,0.516478080938,-0.124044283193,-1.40483432693,0.076485338851,1.9121552518,0.152809224285,-0.0113446763554,-0.0760640295953,-0.000527092631262,-0.124413031577,-0.00287898440066,0.0521952478827,-0.0229163301511,0.573912987256,0.81890159515,0.00219258310573,0.0,0.818861567683,-0.573853394968,-0.011779684063,0.0,-0.00838834231217,0.0085561004402,-0.999928211852,0.0,0.655929394491,0.253448591459,0.303522838589,1.0,-0.01526,-0.020056,0.764
0.460725875322,0.515096103324,-0.124044595345,-1.4069961217,0.0763649302202,1.91298012402,0.152522822716,-0.0155129193171,-0.0778360453242,0.000972310261218,-0.120674167385,-0.00544323171794,0.0460967124175,-0.0176318449335,0.573912912695,0.818901531516,0.00223544721772,0.0,0.818861961429,-0.573853053715,-0.0117689322967,0.0,-0.00835493932824,0.00858503019553,-0.999928243548,0.0,0.655671368412,0.253124363874,0.303534471822,1.0,-0.0156,-0.0205028571429,0.781
0.460533755497,0.51368614873,-0.124048179137,-1.40924746475,0.0762290946244,1.91377053772,0.152206559057,-0.0167870025416,-0.0808923740113,0.000448474118506,-0.131521714737,-0.00437664615246,0.0412259263184,-0.00681619363989,0.573895263183,0.818914015929,0.00219278643834,0.0,0.818873792419,-0.573835469707,-0.0118030800013,0.0,-0.00840757088021,0.00856951204013,-0.999927935511,0.0,0.65538814013,0.252779422116,0.303519775771,1.0,-0.01594,-0.0209497142857,0.798
0.460364873765,0.512448113166,-0.124051065506,-1.411265636,0.0761041124005,1.91447213746,0.151925566594,-0.00948486354195,-0.0862380250993,0.000169786812381,-0.136028147634,-0.00234193838467,0.0466063816302,-0.0191253553001,0.573877322971,0.818926768013,0.00212455005557,0.0,0.818885579631,-0.573817721967,-0.0118480517619,0.0,-0.00848374560193,0.0085392560384,-0.999927550959,0.0,0.65513067857,0.25247132997,0.303487502558,1.0,-0.01624,-0.021344,0.813
0.46016653849,0.511010106647,-0.124062658785,-1.4135658202,0.0759644292359,1.91534222147,0.151600624126,-0.0140131495663,-0.088800279671,-0.000133642706271,-0.136343142575,-0.0101085102787,0.0490917483242,-0.012306740494,0.573868445541,0.818932961322,0.00213517545745,0.0,0.818891955005,-0.573808847579,-0.0118372027518,0.0,-0.00846885598643,0.00854163960042,-0.999927656819,0.0,0.654839454969,0.252094039762,0.303480812594,1.0,-0.0166,-0.0218171428571,0.831
0.459949380909,0.509435158864,-0.12406122252,-1.41606294141,0.0758004797482,1.91628078912,0.151250640337,-0.0150128183268,-0.0839233773494,0.00178425919506,-0.141739632137,-0.0112722987816,0.0508059942557,-0.0174627979921,0.57384060554,0.818952474308,0.00213334496753,0.0,0.818911493302,-0.573781067802,-0.0118321287379,0.0,-0.00846604115026,0.0085369409954,-0.999927720781,0.0,0.654550527541,0.251737339364,0.303470682326,1.0,-0.01694,-0.022264,0.848
0.459764565279,0.508102506204,-0.124069823677,-1.41816122122,0.0756654141818,1.91703202137,0.150953097066,-0.0091601302762,-0.0915494783304,0.000721113848399,-0.139391258242,-0.00763329007084,0.048548277217,-0.0164668405775,0.57382666144,0.818962289758,0.00211600473475,0.0,0.818921106666,-0.573767217843,-0.0118383988105,0.0,-0.00848127133809,0.00852619396098,-0.999927683412,0.0,0.654289775738,0.251409137867,0.303469693065,1.0,-0.01724,-0.0226582857143,0.863
0.459535891886,0.506472536657,-0.124081227756,-1.42071740312,0.0755097114376,1.91795970124,0.150610859213,-0.012391658107,-0.0955502622485,-0.001430620193,-0.146413354077,-0.0114506174258,0.0519342309961,-0.0186254959776,0.573831942184,0.818958591776,0.00211517995943,0.0,0.818917370951,-0.573772474074,-0.0118420627368,0.0,-0.00848469034082,0.00852767565539,-0.999927641771,0.0,0.653974378323,0.251008879127,0.303473604781,1.0,-0.0176,-0.0231314285714,0.881
0.459317572857,0.504876489414,-0.1240912324,-1.42317490028,0.0753638371091,1.91891477604,0.150265012037,-0.0100330342287,-0.0973470797505,-0.00119223661693,-0.150030229709,-0.0108626733351,0.0606704937901,-0.015307454633,0.573823885164,0.818964007,0.00220248846013,0.0,0.818923951075,-0.573764105136,-0.0117924091692,0.0,-0.00839401145574,0.00857060160753,-0.999928040091,0.0,0.653662130146,0.250609113172,0.303510624275,1.0,-0.01796,-0.0236045714286,0.899
0.459104907942,0.503320167459,-0.124095633226,-1.42548737165,0.0752177666556,1.91979172079,0.149939060362,-0.0151547623259,-0.0934689785617,-0.000584790834355,-0.141303999184,-0.00929508725675,0.0510824108818,-0.017579508298,0.573812034502,0.81897206047,0.0022934976076,0.0,0.818933237997,-0.573751961189,-0.0117382126684,0.0,-0.0082975292181,0.00861391495937,-0.999928473181,0.0,0.653405502289,0.250271389102,0.303564995373,1.0,-0.01826,-0.0239988571429,0.914
0.458881919389,0.501629983167,-0.12410354346,-1.42800602442,0.0750543645193,1.92070896961,0.149592008916,-0.0116721618599,-0.100260508701,5.493866412e-05,-0.14809371616,-0.00697291314278,0.0520624004785,-0.018364873882,0.573800578649,0.818979884526,0.00236465333143,0.0,0.818942041235,-0.573740300558,-0.0116939092853,0.0,-0.00822053783386,0.00864665241547,-0.999928826547,0.0,0.653093585214,0.249880473896,0.30362583131,1.0,-0.0186,-0.0244457142857,0.931
0.458631236483,0.499801495108,-0.124099718846,-1.43076150249,0.0748769171501,1.92168444393,0.149206638604,-0.0154091214916,-0.103338964092,2.05095155811e-06,-0.15022878175,-0.00977897199406,0.0522549121258,-0.0181721061,0.573779632369,0.818994440371,0.00240562287279,0.0,0.818957077357,-0.573719153316,-0.011678418812,0.0,-0.00818456573982,0.00867110767541,-0.999928909861,0.0,0.652743716648,0.249453918929,0.303674455778,1.0,-0.01896,-0.0249188571429,0.949
0.458413601761,0.498339283814,-0.124106777303,-1.43307669332,0.0747314140467,1.92255262439,0.148872854952,-0.0143249726261,-0.0954311430081,-0.0011405723526,-0.158536294801,-0.00888658145745,0.0579334002748,-0.021821635722,0.573768039046,0.819002537993,0.00241392430513,0.0,0.818965309414,-0.573707559736,-0.0116706803346,0.0,-0.00817358755854,0.00867335062425,-0.999928980206,0.0,0.652460372402,0.249087855033,0.303667733008,1.0,-0.01926,-0.0253131428571,0.964
0.458128315825,0.496561496463,-0.124099695869,-1.43591571377,0.0745593386807,1.92355807307,0.148452214771,-0.0191443664737,-0.0999773444742,0.000706510102672,-0.152251912601,-0.00869328133107,0.054163661291,-0.0279426696944,0.573749230004,0.819015841511,0.00237051181074,0.0,0.818977869329,-0.573688721151,-0.0117152752902,0.0,-0.00823521871461,0.00866319368231,-0.999928562572,0.0,0.652100093172,0.248633211485,0.303642597802,1.0,-0.01962,-0.0257862857143,0.982
0.457860351513,0.494885768453,-0.124100159033,-1.43863808704,0.0743868772718,1.92450388989,0.148058312578,-0.0153513753845,-0.0974798371725,-0.00129475876087,-0.164470265298,-0.00493242655037,0.0605526139137,-0.0279588582238,0.573736799812,0.819024797947,0.00228293459568,0.0,0.818985577132,-0.573676505137,-0.011774498072,0.0,-0.00833410042128,0.00862531941473,-0.999928070731,0.0,0.651749480426,0.248194039972,0.303596296945,1.0,-0.01996,-0.0262331428571,0.999
0.457598354605,0.493245790746,-0.124115990866,-1.44127860909,0.0742224031205,1.92546416009,0.147691757342,-0.0131353091478,-0.109499385986,-0.00478775467098,-0.174530589893,-0.00970034295774,0.0636483153538,-0.0285192795485,0.573750777961,0.819015115521,0.00224326516959,0.0,0.818975379433,-0.573690634017,-0.0117953900021,0.0,-0.00837382370981,0.0086049588056,-0.999927914282,0.0,0.651420958435,0.247761297668,0.303565147584,1.0,-0.02178,-0.0286251428571,1.015
0.457308958766,0.491306658177,-0.124131582966,-1.44434422112,0.0740384368066,1.92659538648,0.147257700808,-0.0127586917612,-0.124401428014,-0.0016975279063,-0.187585927543,-0.00398590493059,0.065134200383,-0.029555964747,0.573747380168,0.819017488556,0.00224590552526,0.0,0.818977738821,-0.57368717715,-0.0117997029813,0.0,-0.0083758771621,0.00860956106168,-0.999927857468,0.0,0.651037561025,0.247272953899,0.303553928258,1.0,-0.0239657142857,-0.0314977959184,1.032
0.456886045204,0.488688395882,-0.124141925075,-1.44857659946,0.0737712992844,1.92808258509,0.146645155868,-0.0224523366176,-0.128176672669,-0.000219766774841,-0.208340595829,-0.01122698225,0.0687077547701,-0.032488166341,0.573737566325,0.819024663359,0.00213370500705,0.0,0.81898332551,-0.573677675604,-0.011873666272,0.0,-0.00850093026167,0.00856000201918,-0.999927227627,0.0,0.65049299513,0.246582650348,0.303489382135,1.0,-0.0266657142857,-0.0350463673469,1.053
0.456612993986,0.487027380993,-0.124156117061,-1.45115598708,0.0736078772756,1.92907350291,0.146274297732,-0.0220031412121,-0.1371429342,-0.00138333540185,-0.221428969924,-0.0124693249485,0.0829402010566,-0.0286568749535,0.573751462676,0.819014784196,0.00218843476444,0.0,0.818974257102,-0.573691452525,-0.0118334443789,0.0,-0.00843644200319,0.00858189298436,-0.999927586158,0.0,0.65018380532,0.246153851546,0.30350208986,1.0,-0.0282085714286,-0.037074122449,1.065
0.456105624556,0.483885042958,-0.12418488896,-1.45593949603,0.0733135135757,1.93082490317,0.145544432266,-0.0271949341422,-0.15014077361,-0.00211802046152,-0.234539872884,-0.0233749376644,0.0753119025292,-0.0349675757328,0.573745914609,0.819018421085,0.00227997682443,0.0,0.81897907611,-0.573685541424,-0.0117864056069,0.0,-0.00834545424733,0.00862982152891,-0.99992793719,0.0,0.649591956546,0.245353456645,0.30355939357,1.0,-0.0309085714286,-0.0406226938775,1.086
0.455732493916,0.481647871893,-0.124221982915,-1.45944941268,0.0730918164655,1.93202987875,0.145015589696,-0.0270138807074,-0.159224589524,-0.00773536676881,-0.253324676287,-0.0195484270552,0.0939245249669,-0.0366325409674,0.573756508808,0.819011174302,0.00221627391486,0.0,0.818970978602,-0.573696357582,-0.0118225380391,0.0,-0.0084114844374,0.008598487715,-0.999927653852,0.0,0.649141284045,0.244749530343,0.303546159353,1.0,-0.0327085714286,-0.0429884081633,1.1
0.45522613265,0.478576340954,-0.124249826942,-1.46418166944,0.0728124790752,1.93377441279,0.144318846891,-0.0310176678976,-0.174428183648,0.000262381028778,-0.263160723568,-0.0148016530511,0.101310618154,-0.0327762515113,0.573775825864,0.818997436133,0.00229088683079,0.0,0.818958096275,-0.573715265668,-0.0117973465332,0.0,-0.00834784053891,0.00864533901738,-0.999927783228,0.0,0.648550533262,0.243958253277,0.303574372569,1.0,-0.0350228571429,-0.0460300408163,1.118
0.454768644052,0.475836103823,-0.124275715754,-1.46832829961,0.0725543609532,1.93530523039,0.143738437517,-0.0326454221083,-0.181622317201,-0.00374251199912,-0.28597413721,-0.0168566246689,0.0944597391619,-0.0380033812744,0.573824458144,0.818963071306,0.002392900599,0.0,0.81892509216,-0.57376354339,-0.0117403836604,0.0,-0.00824214022089,0.00869669307418,-0.999928214751,0.0,0.64803571936,0.243254186871,0.303631127698,1.0,-0.0369514285714,-0.0485647346939,1.133
0.454227023412,0.472609999472,-0.124290692081,-1.47331805614,0.0722442723381,1.93706236073,0.143004224427,-0.0303800401123,-0.196808568679,-0.000114506092988,-0.298725707611,-0.0213173502586,0.101441777613,-0.0429456171758,0.573832718646,0.818957292303,0.00238983196668,0.0,0.818919086774,-0.57377161763,-0.0117646512991,0.0,-0.00826368832106,0.00870818851022,-0.999927936858,0.0,0.647387462796,0.242416448007,0.303640145828,1.0,-0.0391371428571,-0.0514373877551,1.15
0.453686468278,0.469402886571,-0.124297537259,-1.4781905017,0.0719395881065,1.93884855448,0.142248273917,-0.0371396725883,-0.207159274171,4.11040022304e-05,-0.305872892432,-0.0230850804835,0.116176471701,-0.047093446191,0.573810753594,0.818972370736,0.00249438019027,0.0,0.818935436278,-0.573749176577,-0.0117209421955,0.0,-0.00816813649881,0.00876850782433,-0.99992819483,0.0,0.646766995337,0.241601056725,0.3036915574,1.0,-0.0411942857143,-0.0541410612245,1.166
0.453098159019,0.465828986621,-0.124298860345,-1.4835901947,0.0715804166101,1.94085970141,0.141370344034,-0.0341226181592,-0.212026006889,-0.000966343510979,-0.328337632601,-0.0284651510575,0.113943375236,-0.0544752047912,0.573731762314,0.819027243881,0.00264302736827,0.0,0.818992340565,-0.573669779167,-0.0116308842248,0.0,-0.00800994034003,0.00883779702906,-0.99992886457,0.0,0.646078466275,0.240707730855,0.303761782702,1.0,-0.04338,-0.0570137142857,1.183
0.452451739076,0.46211088308,-0.124299596812,-1.48939758969,0.0712009741765,1.94284609251,0.140517506015,-0.0365474871767,-0.223914289331,0.00158006179111,-0.349416393034,-0.0183661900824,0.122517724006,-0.0506602597793,0.573731084505,0.819027997582,0.00255514199367,0.0,0.818991700182,-0.573669133725,-0.0117075593277,0.0,-0.00812316917484,0.00880980041153,-0.999928198192,0.0,0.645296227603,0.239727484261,0.303732488529,1.0,-0.0455657142857,-0.0598863673469,1.2
0.451779023959,0.458244374085,-0.124311423139,-1.49537817198,0.0707887791475,1.944956,0.139606985367,-0.03953954542,-0.228656322715,-0.000857650520757,-0.351702487818,-0.020190145921,0.128787941265,-0.0622594957823,0.573708981104,0.81904354184,0.00253544306487,0.0,0.819007045771,-0.573647165914,-0.0117104619195,0.0,-0.00813708514275,0.00879511224355,-0.999928214346,0.0,0.644503495374,0.238709274284,0.303730492061,1.0,-0.0477514285714,-0.0627590204082,1.217
0.451045461126,0.454273368586,-0.124333538611,-1.50164709329,0.0703669568897,1.94716684859,0.138632420009,-0.0449973020277,-0.237043656276,-0.00119410510596,-0.374553201668,-0.0339362602181,0.130633281256,-0.0613416264536,0.573700083205,0.819050043184,0.00244707826069,0.0,0.819012374176,-0.573638565757,-0.0117589848334,0.0,-0.00822761697899,0.00875048642742,-0.999927865051,0.0,0.643671767149,0.237619603743,0.303668915631,1.0,-0.0499371428571,-0.0656316734694,1.234
0.450236009591,0.449736821374,-0.124396129449,-1.50842931902,0.0699038106093,1.94968692491,0.137563173726,-0.0467514818499,-0.255874302251,-0.00331990619524,-0.385022711736,-0.025543116105,0.146093554106,-0.0612729252245,0.573714582311,0.819039247491,0.0026525487014,0.0,0.819004683831,-0.573652807567,-0.0115987557516,0.0,-0.00797834778078,0.00882699506891,-0.999929212557,0.0,0.642808638563,0.236419314654,0.30377425767,1.0,-0.0522514285714,-0.0686733061224,1.252
0.449509703791,0.4458634989,-0.124421273482,-1.51439071661,0.0695014519676,1.95166322461,0.136689359192,-0.0499351810062,-0.259468148582,0.000306778783237,-0.400246626903,-0.0238580035315,0.127652726886,-0.0572124709804,0.573768876081,0.819001533248,0.002551916679,0.0,0.818965482175,-0.573707244738,-0.0116740413675,0.0,-0.00809716058788,0.00878830247028,-0.999928598316,0.0,0.64198886245,0.235357698444,0.303763441747,1.0,-0.05418,-0.071208,1.267
0.448623529861,0.441090194722,-0.124445032889,-1.52179760705,0.0689875218796,1.95420416601,0.135525758424,-0.0544860061015,-0.270744989459,-0.00314985790251,-0.409560196778,-0.0260598095285,0.143455952547,-0.0617995865412,0.573746227607,0.819017691692,0.0024564004651,0.0,0.81898035202,-0.573684891701,-0.0117292344381,0.0,-0.00819740850549,0.00874151603043,-0.999928191617,0.0,0.640972792626,0.234058020607,0.303725599646,1.0,-0.0564942857143,-0.0742496326531,1.285
0.447785201673,0.436733438175,-0.124439267106,-1.5285351622,0.0685568430245,1.95658437684,0.134423977981,-0.0562114536,-0.279254510268,0.00108712556278,-0.431409017121,-0.0212737361026,0.146810735361,-0.0701681348928,0.573704490455,0.81904690302,0.00246478914772,0.0,0.81900930404,-0.573642736085,-0.0117693726815,0.0,-0.00822591822908,0.00877099607053,-0.999927699335,0.0,0.640054037255,0.232883243912,0.303701783698,1.0,-0.0585514285714,-0.0769533061224,1.301
0.446894279936,0.432155187548,-0.124474727153,-1.53533852408,0.0680811658856,1.95910074638,0.133307340433,-0.0549422568949,-0.282421348169,-0.00336015207904,-0.427666248434,-0.030914281069,0.153903171661,-0.0714665907661,0.573710023567,0.819042323716,0.00268844238712,0.0,0.819007989694,-0.573647865777,-0.0116097290024,0.0,-0.00796679356768,0.00886264432782,-0.999928989347,0.0,0.639166710505,0.23164897878,0.303805116365,1.0,-0.0606085714286,-0.0796569795918,1.317
0.445839893157,0.426939851249,-0.124530232993,-1.54348445156,0.0674785228146,1.96176175063,0.13202335335,-0.0609496949849,-0.293176416172,-0.00140013633394,-0.466682145661,-0.0328853460538,0.144789020999,-0.0742132521613,0.573742881063,0.819020133189,0.00242379071473,0.0,0.818982451867,-0.573681752722,-0.0117361419756,0.0,-0.00822181035382,0.0087187378347,-0.999928190144,0.0,0.638016904676,0.230143119835,0.303712059174,1.0,-0.0629228571429,-0.0826986122449,1.335
0.44479905761,0.421779952681,-0.124592874663,-1.55133499035,0.0669061761259,1.96439566731,0.130711817327,-0.0628357847058,-0.309472888838,-0.000655082529017,-0.466422985341,-0.0385828144569,0.15361242219,-0.0808537462271,0.573725626111,0.819032473776,0.00233660974671,0.0,0.818993798543,-0.57366497135,-0.0117645864925,0.0,-0.00829530692488,0.00866348044238,-0.999928063407,0.0,0.636983526787,0.22876920402,0.303705424016,1.0,-0.06498,-0.0854022857143,1.351
0.443713554209,0.416484677128,-0.124622691636,-1.55922705694,0.0663746134298,1.96726191927,0.129450818277,-0.0656616284484,-0.314514655086,-0.000978500459626,-0.464001172844,-0.0298627090911,0.178136378637,-0.0707309766912,0.573799523602,0.818980019456,0.00256541369871,0.0,0.818944402923,-0.573738122997,-0.0116352069873,0.0,-0.00805728153227,0.00877737640777,-0.99992901642,0.0,0.635856648881,0.227229486624,0.303797287752,1.0,-0.0672942857143,-0.0884439183673,1.369
0.442645976572,0.411414884323,-0.124639744943,-1.56688466041,0.0658364442523,1.96996433996,0.128121465386,-0.0643928134325,-0.313316190174,-0.000486054690218,-0.489449029544,-0.0341665161811,0.170925075992,-0.0783147845757,0.573762449202,0.819005726906,0.00264916638986,0.0,0.818971214005,-0.573700784596,-0.0115891020433,0.0,-0.00797186558991,0.00881915238286,-0.999929333458,0.0,0.634796190516,0.225812778065,0.30382005027,1.0,-0.0693514285714,-0.0911475918367,1.385
0.441418086005,0.405542323212,-0.124697454484,-1.57591596017,0.0651943443821,1.97287414766,0.126679703716,-0.0687987394797,-0.335142488767,-0.00435699844648,-0.511634765961,-0.0326565942333,0.168173194176,-0.0806399545128,0.57381486027,0.818969704409,0.00242410724153,0.0,0.818931986206,-0.573753678275,-0.0117416155173,0.0,-0.00822534530648,0.00872286036756,-0.999928125118,0.0,0.633474304465,0.224123294418,0.303744383302,1.0,-0.0716657142857,-0.0941892244898,1.403
