position_joint1,position_joint2,position_joint3,position_joint4,position_joint5,position_joint6,position_joint7,velocity_joint1,velocity_joint2,velocity_joint3,velocity_joint4,velocity_joint5,velocity_joint6,velocity_joint7,ee_T_00,ee_T_10,ee_T_20,ee_T_30,ee_T_01,ee_T_11,ee_T_21,ee_T_31,ee_T_02,ee_T_12,ee_T_22,ee_T_32,ee_T_03,ee_T_13,ee_T_23,ee_T_33,v_x,v_y,time
0.465095697058,0.547546793275,-0.124008457898,-1.35574534811,0.0794441657881,1.89409950168,0.159163566619,-0.000577602264618,-0.00167084394364,-0.00183045801048,-0.000330370439344,6.05105935851e-05,-0.000121396401033,0.000504261853756,0.573785216403,0.818991143796,0.00218602873759,0.0,0.818951762512,-0.573726411065,-0.0116945639189,0.0,-0.00832372211545,0.00850058363906,-0.999929225359,0.0,0.661705160507,0.260897922264,0.303422615137,1.0,0.0,0.0,0.0
0.465097127531,0.547554559904,-0.123998132912,-1.35575072035,0.0794438372056,1.89410255898,0.159153852475,0.000324466026271,0.00106230158501,0.000896413707465,-0.00198659542774,0.000161939915862,-0.000263091330365,-0.000842839821758,0.573769117818,0.819002439016,0.0021797306393,0.0,0.818962924893,-0.573710285966,-0.0117039449955,0.0,-0.00833518608719,0.00850064443866,-0.999929129347,0.0,0.661701607459,0.260904257571,0.303414479012,1.0,-0.00018,-0.000236571428571,0.01
0.465091787131,0.547551051416,-0.124005936615,-1.3557485645,0.0794434931411,1.89410151556,0.15916168532,-0.00222794810502,1.21985038191e-05,-0.0011117118149,0.000799922134244,0.000699508554622,-0.000364393127427,-0.000839233495707,0.573785136125,0.818991212013,0.00218153823848,0.0,0.818951765171,-0.573726340227,-0.0116978525095,0.0,-0.00832899281403,0.00849879211384,-0.999929196699,0.0,0.661705191164,0.260896383544,0.303418157789,1.0,-0.0005,-0.000657142857143,0.026
0.465091549083,0.547528028608,-0.124001005828,-1.35576728224,0.0794434931411,1.89410560888,0.159156547516,0.000152307098779,-0.00188938478464,0.000957795461925,0.000820259723673,-8.8745016201e-05,0.00112169331489,0.000307115261772,0.573778685988,0.818995705718,0.00219098691453,0.0,0.818956343105,-0.573719816175,-0.0116973295012,0.0,-0.00832321026759,0.0085061647521,-0.999929182158,0.0,0.661701254826,0.26089743905,0.303425750319,1.0,-0.00084,-0.001104,0.043
0.465093798655,0.547426436737,-0.124003299051,-1.35586137298,0.0794386224216,1.89411786148,0.15915799909,0.000267696774176,-0.00534668197813,-0.000585316464774,-0.00588234251427,-0.000578803588677,0.00068319319098,0.000537227373835,0.57378338245,0.818992365417,0.00220959607719,0.0,0.81895322084,-0.573724418379,-0.0116901981502,0.0,-0.00830664373958,0.00851736124588,-0.999929224609,0.0,0.661685024796,0.260887809101,0.303454062161,1.0,-0.00118,-0.00155085714286,0.06
0.465092503174,0.547286440537,-0.123998178306,-1.35603133804,0.079441347764,1.89415082164,0.159152372301,0.00133041474245,-0.0039135918643,-0.000343152510412,-0.0105087819885,0.000110422564321,0.000670783140789,-0.000278006620173,0.573786235234,0.818990332043,0.00222242602236,0.0,0.818951176457,-0.573727040645,-0.0117047132954,0.0,-0.00831114113865,0.00853622613068,-0.99992902637,0.0,0.66165533725,0.260874256298,0.303475026854,1.0,-0.00152,-0.00199771428571,0.077
0.465074138593,0.547142869138,-0.124003882956,-1.3562291031,0.0794326481833,1.89421881623,0.159150787385,-0.00113284431632,-0.0071926854666,-0.000404783447858,-0.012145545754,-0.00239602796456,0.00763894623115,0.00141659009357,0.573812666632,0.818971779646,0.00223487277778,0.0,0.818932780174,-0.573753416673,-0.0116989449899,0.0,-0.00829899968777,0.0085433778852,-0.999929066133,0.0,0.661633934888,0.26084042223,0.303488668528,1.0,-0.00184,-0.00241828571429,0.093
0.465051647955,0.546951758794,-0.124004129374,-1.35643597247,0.0794308356411,1.89435275565,0.159136941744,-0.000947990381253,-0.00945967312335,-0.000754751451664,-0.0108551992872,0.000224007362018,0.00700089666662,-0.00189099409563,0.573831285518,0.818958439273,0.00234038569275,0.0,0.8189207915,-0.573771628092,-0.0116448678705,0.0,-0.00819397366686,0.00859894556009,-0.999929455977,0.0,0.66162428474,0.260812170955,0.303537209935,1.0,-0.00218,-0.00286514285714,0.11
0.465025754708,0.546750313708,-0.123998602462,-1.35668206183,0.0794243671844,1.89447575749,0.159116470175,-0.002834192569,-0.00675956028562,-0.00012148767485,-0.0148401174588,-0.00432759374774,0.00961197018423,-0.0047766325359,0.573844043093,0.818949290015,0.00241277675147,0.0,0.818912523472,-0.573784065082,-0.0116134603223,0.0,-0.00812657869479,0.00864033447697,-0.999929649195,0.0,0.661603542303,0.260778985555,0.303573243285,1.0,-0.00252,-0.003312,0.127
0.464990327725,0.546483395559,-0.123996704915,-1.35704071987,0.0794124758022,1.89461201418,0.15909647304,-0.00329821895611,-0.0220620763265,0.00567691404348,-0.0200567569417,-0.00530536269709,0.00805698689076,-0.000554317155095,0.573872215137,0.818929417542,0.00245696542399,0.0,0.818893137651,-0.573811986569,-0.0116008654149,0.0,-0.00809060951565,0.00866957337447,-0.999929687796,0.0,0.661564957054,0.260724905037,0.303603310921,1.0,-0.00288,-0.00378514285714,0.145
0.464946601432,0.546212973253,-0.123998839745,-1.35744924991,0.0793908710542,1.8947632586,0.158980928747,-0.00106692470634,-0.0171792869678,-0.00236485036367,-0.0233814516702,-0.00258869715118,0.00593214963486,-0.00884967658444,0.573832004048,0.818957554915,0.00247007681327,0.0,0.818921421844,-0.573771709927,-0.0115964060297,0.0,-0.00807985969345,0.00867735479376,-0.99992970722,0.0,0.661521622381,0.260656568886,0.303613520204,1.0,-0.00322,-0.004232,0.162
0.464914090689,0.545956322975,-0.12399884853,-1.35788507451,0.0793598404464,1.89490852598,0.158916184164,-0.00121580218735,-0.0114878433271,0.000339030825485,-0.0320419871379,-0.00155157791305,0.0054905777,-0.00282092214047,0.573821699051,0.81896487004,0.00243849147933,0.0,0.818928342299,-0.573761532457,-0.0116112425159,0.0,-0.00811024325728,0.00865989942335,-0.999929612571,0.0,0.661467556037,0.260591526963,0.303600359476,1.0,-0.00354,-0.00465257142857,0.178
0.464868939328,0.545657334219,-0.124002291587,-1.35836951674,0.0793224610126,1.89508028222,0.158889668663,-1.19957192597e-05,-0.0152003878423,-0.000613264816629,-0.0311058285108,-0.000494580328774,0.0141728146882,-0.000470899786861,0.573856502346,0.818940535862,0.00242081369876,0.0,0.81890385538,-0.573796475175,-0.0116115296916,0.0,-0.00812025432045,0.00864593194774,-0.999929652191,0.0,0.661413129856,0.26051169428,0.303596422412,1.0,-0.00386,-0.00507314285714,0.194
0.464806910893,0.545317262764,-0.124007318302,-1.35896447345,0.0792785916252,1.89527853386,0.158800777096,-0.00381024971858,-0.0232178559124,-0.000793949759658,-0.0357298490427,-0.000921008941203,0.00565678410203,-0.00330574411709,0.573859552491,0.818938557152,0.00236654308,0.0,0.818901231377,-0.573799779496,-0.0116332798572,0.0,-0.00816917680567,0.00861399966135,-0.999929529297,0.0,0.661344766165,0.260407950748,0.303571285218,1.0,-0.0042,-0.00552,0.211
0.464746483539,0.544917372374,-0.124004160474,-1.35963986051,0.0792553333772,1.89549370726,0.158733264982,-0.000952779361648,-0.0275145566193,-0.000353635395644,-0.041659207608,7.27091165768e-05,0.0111634612701,-0.00409045810161,0.573882907256,0.818922308502,0.00232557466576,0.0,0.818884234307,-0.573823051931,-0.0116817283564,0.0,-0.00823211809448,0.00860848640047,-0.999929060581,0.0,0.66125935411,0.260305734114,0.303551418316,1.0,-0.00454,-0.00596685714286,0.228
0.464682537773,0.544514568528,-0.124007466159,-1.36034325117,0.0792208706055,1.8957287006,0.15863038178,-0.00634689482614,-0.0223570152109,6.90140301212e-05,-0.0429100947086,-0.00350312479328,0.015640774779,-0.00911760371764,0.573883348199,0.81892214761,0.00227282103803,0.0,0.81888329241,-0.573823588079,-0.0117213512918,0.0,-0.00829483555095,0.0085880288456,-0.999928718191,0.0,0.66117447912,0.260193698055,0.303522166105,1.0,-0.00488,-0.00641371428571,0.245
0.464617912237,0.544091112312,-0.124009952061,-1.3610507189,0.0791827176264,1.8959771668,0.158549832308,-0.00836223978276,-0.0283680944004,-0.000535278039573,-0.047238179126,-0.00168005248872,0.0125041837204,-0.00891394511611,0.573901315823,0.81890963626,0.0022437108389,0.0,0.818870351112,-0.573841609492,-0.0117431761329,0.0,-0.00832922581989,0.00857689764891,-0.999928527858,0.0,0.661092005681,0.260081799251,0.303506689594,1.0,-0.0052,-0.00683428571429,0.261
0.464546681673,0.543595861547,-0.12401347414,-1.3618611343,0.0791403455732,1.89627065788,0.158444601948,-0.00431794693245,-0.0306654110983,-0.00090186260081,-0.0490955413526,-0.000543016701886,0.0171182953674,-0.00974587229041,0.573909818816,0.818903722179,0.00222723341115,0.0,0.818864165616,-0.573850115086,-0.0117588514267,0.0,-0.00835142984343,0.00857248696755,-0.999928380479,0.0,0.660998812511,0.259956035762,0.303496907019,1.0,-0.00554,-0.00728114285714,0.278
0.464472304938,0.543070752348,-0.124013145546,-1.36270823813,0.0790929799602,1.89655818911,0.158339282533,-0.00472721608599,-0.0384560471317,0.000474959383213,-0.0543828936822,-0.000256595610448,0.0242877105402,-0.00313568932856,0.573918649564,0.818897606323,0.00220021404717,0.0,0.818857621038,-0.573858968958,-0.0117824918887,0.0,-0.00838620329999,0.00856401875761,-0.999928162008,0.0,0.66089686269,0.25982525394,0.303490074144,1.0,-0.00588,-0.007728,0.295
0.464397835179,0.542510535456,-0.124017316551,-1.3636040014,0.0790372420788,1.89687434849,0.158223421618,-0.00468136176496,-0.0377694985395,0.00020018316261,-0.0545676600292,-0.00540244786856,0.0189108798543,-0.00273037265516,0.573922562286,0.818894913809,0.00218163634111,0.0,0.818854692827,-0.573862958982,-0.0117916599624,0.0,-0.00840433189191,0.00855410754829,-0.99992809464,0.0,0.660791732815,0.25968708502,0.303487470161,1.0,-0.00622,-0.00817485714286,0.312
0.464325417651,0.541933037759,-0.124020495349,-1.36452863348,0.0789826877603,1.89721974258,0.158100864199,-0.00719485904882,-0.035220672861,0.000216118437135,-0.0532568493502,-0.00487467425794,0.0168635343835,-0.00776479673087,0.573920607394,0.818896290467,0.0021791671771,0.0,0.818856035804,-0.573861012304,-0.0117931372148,0.0,-0.00840697909635,0.00855291333949,-0.999928082602,0.0,0.660685268351,0.259549829546,0.303485785925,1.0,-0.00656,-0.00862171428571,0.329
0.464246563502,0.541346073857,-0.124018376611,-1.36543219748,0.0789296934603,1.89755569873,0.157984747144,-0.00632864376462,-0.0393121638478,-0.000570281826898,-0.0583380238584,-0.000114909655725,0.02278328417,-0.00210619276311,0.573924614483,0.81889343495,0.00219681320339,0.0,0.818853379837,-0.573864920121,-0.0117873951962,0.0,-0.00839210808195,0.00856410904586,-0.999928111695,0.0,0.660582253092,0.259413638069,0.303499752779,1.0,-0.00688,-0.00904228571429,0.345
0.464157100626,0.540674387282,-0.124021198933,-1.36644441752,0.0788626851479,1.89792850847,0.157845190776,-0.00538577553643,-0.0370438541569,7.59500151848e-05,-0.0577634788828,-0.00242713416062,0.0246605013714,-0.0151830765732,0.573923742957,0.818893981118,0.0022207793319,0.0,0.818854292862,-0.573864013115,-0.0117681100109,0.0,-0.0083625701228,0.00857265748462,-0.999928285911,0.0,0.660468252033,0.259256033318,0.303525147204,1.0,-0.00722,-0.00948914285714,0.362
0.464069435661,0.539963386587,-0.124026816417,-1.3675198515,0.0788038432191,1.89832597808,0.157708373244,-0.00680926447491,-0.0392433466275,0.00107118246189,-0.0637413164664,-0.000841291853772,0.0247431617868,-0.0101197092768,0.57393122891,0.818888651738,0.00225109726548,0.0,0.8188493219,-0.573871345988,-0.0117564101279,0.0,-0.00833551110566,0.00859084578206,-0.999928355745,0.0,0.660345136309,0.259094009104,0.303550384431,1.0,-0.00756,-0.009936,0.379
0.463963540186,0.539219926835,-0.124032140322,-1.36868153903,0.0787424856941,1.89876149052,0.157573143555,-0.00633221277535,-0.043873437262,-0.000917369951996,-0.0676336406248,-0.00136644366457,0.028727744927,-0.00328449468914,0.573958845294,0.818869247658,0.00226849072221,0.0,0.818830090106,-0.573898837562,-0.0117539220435,0.0,-0.00832320135969,0.00860394163877,-0.999928345687,0.0,0.660215109892,0.258912486435,0.303560682882,1.0,-0.0079,-0.0103828571429,0.396
0.46385439767,0.538474651066,-0.124035413833,-1.36983854789,0.0786702097613,1.89921711371,0.157425457874,-0.0100575611408,-0.0507841211384,0.00067048826509,-0.0695706149234,-0.0029539635039,0.0218857881649,-0.011894305823,0.573974336367,0.818858295315,0.00230223525788,0.0,0.818819639097,-0.573914265108,-0.0117286757847,0.0,-0.00828299727661,0.00861724025154,-0.999928565012,0.0,0.660090968602,0.25873020047,0.303576027067,1.0,-0.00824,-0.0108297142857,0.413
0.463751927846,0.537753878261,-0.124044293796,-1.37100324012,0.0785998172485,1.89965781549,0.157282008633,-0.00484866122446,-0.0445716062944,-0.00208312783371,-0.0764374929057,-0.00621992966365,0.0329021655897,-0.00494209181921,0.573992547703,0.818845548305,0.00229567054759,0.0,0.818806849461,-0.573932543059,-0.0117271563234,0.0,-0.00828532923253,0.00861117689567,-0.999928597927,0.0,0.659960637128,0.258547137934,0.303569184305,1.0,-0.00856,-0.0112502857143,0.429
0.46364013195,0.536883366976,-0.124043583899,-1.37233578401,0.078524551433,1.90015434844,0.157116188738,-0.00729429890106,-0.0511157966909,0.000763354594364,-0.0760295525597,-0.000120138251387,0.0329721480487,-0.0146142898296,0.574001056335,0.818839492923,0.00232788662018,0.0,0.818801155643,-0.573940871499,-0.0117171004082,0.0,-0.00825851428325,0.00863187045656,-0.999928641331,0.0,0.659806717217,0.258348541221,0.303592565285,1.0,-0.00892,-0.0117234285714,0.447
0.463525210687,0.536050466391,-0.124057057193,-1.3736674423,0.0784474907923,1.90065318137,0.15695293603,-0.00625814269497,-0.0504319156502,-0.000807278366354,-0.0837210266513,-0.00568641959335,0.0302292710058,-0.0104212281059,0.574023639762,0.818823669376,0.00232515920606,0.0,0.818785324367,-0.573963491182,-0.0117153870166,0.0,-0.00825843869013,0.00862888146392,-0.999928667753,0.0,0.659656312332,0.258139141528,0.303590324708,1.0,-0.00926,-0.0121702857143,0.464
0.463426114646,0.535210919387,-0.124061035802,-1.37496487898,0.0783704205539,1.90113035057,0.156792405046,-0.00289013244745,-0.0536569056246,-0.000631571042552,-0.0823455396827,-0.00367296799954,0.031439882779,-0.0116651264302,0.57402669111,0.818821484604,0.00234118463205,0.0,0.818783337396,-0.573966472128,-0.0117082098032,0.0,-0.00824333095893,0.00863791420527,-0.999928714426,0.0,0.659503142206,0.257948388398,0.303606704135,1.0,-0.00958,-0.0125908571429,0.48
0.463301683087,0.534314156695,-0.124058862834,-1.37640240491,0.0782982979936,1.90165036729,0.156622450908,-0.00594097469936,-0.0512250523974,0.000135445537221,-0.0831429643185,-0.00145649108454,0.0327910055725,-0.00943676474241,0.574047362947,0.818807020408,0.00233137823848,0.0,0.818768573275,-0.573986997166,-0.0117344537037,0.0,-0.00827023150644,0.00864515788438,-0.999928429697,0.0,0.659332017026,0.257732339985,0.303600151676,1.0,-0.00992,-0.0130377142857,0.497
0.463171797914,0.533401008337,-0.124065079697,-1.37788293064,0.0782012220529,1.90219737717,0.156442684386,-0.00961523560741,-0.0495648039106,-0.000986722179736,-0.086138486813,-0.0011413631863,0.0304739603205,-0.00691080865518,0.574065930924,0.81879407214,0.00230679059663,0.0,0.81875538018,-0.574005732523,-0.0117385415682,0.0,-0.00828749678543,0.00862756011226,-0.999928438741,0.0,0.659161042605,0.257500761038,0.303587088164,1.0,-0.01026,-0.0134845714286,0.514
0.463053848862,0.532512334247,-0.124068002209,-1.37932018347,0.0781325284564,1.90274022321,0.156251135652,-0.011104321345,-0.0561143157724,0.00126287305417,-0.0912746534167,-0.00525520083047,0.0282827720933,-0.0050688424459,0.574065515158,0.818794343889,0.00231378961442,0.0,0.818755547836,-0.574005087429,-0.0117583755099,0.0,-0.0082997241463,0.00864467241457,-0.999928189531,0.0,0.658982530664,0.257277080863,0.30357723515,1.0,-0.0106,-0.0139314285714,0.531
0.462914425301,0.531530647131,-0.124065006924,-1.38086859295,0.078034053343,1.90330745227,0.156062582745,-0.00837399065974,-0.0599760688175,-0.000430494437837,-0.0933695557609,-0.00365070722501,0.0336057051645,-0.0145952652026,0.574083631109,0.818781660397,0.00230737748676,0.0,0.818742824814,-0.574023270889,-0.0117566234131,0.0,-0.00830177910172,0.00863860013983,-0.99992822495,0.0,0.658811599785,0.257049610176,0.303580772977,1.0,-0.01092,-0.014352,0.547
0.462785889911,0.530529224973,-0.124068040465,-1.38250537968,0.0779389105201,1.90388667632,0.155843129155,-0.00884762994774,-0.0584803964138,-0.000509645754417,-0.101867501236,-0.00346634986138,0.0313649993987,-0.0213103463341,0.574074786183,0.818787992812,0.00226044163196,0.0,0.818748463143,-0.574014518555,-0.0117912463509,0.0,-0.00835716551867,0.00861995630081,-0.999927924471,0.0,0.658610545766,0.256805953676,0.303557671182,1.0,-0.01126,-0.0147988571429,0.564
0.462642667278,0.529504625733,-0.1240681269,-1.38414226408,0.0778225626902,1.90448385492,0.155629351155,-0.00862597106128,-0.0589075324435,-0.00470326035555,-0.0955859518606,-0.00407470985203,0.0387873168606,-0.00900978188588,0.574074638497,0.818788159973,0.00223728050053,0.0,0.818748445328,-0.574014579458,-0.0117895183825,0.0,-0.00836904756786,0.00859999901172,-0.999927996938,0.0,0.658417465566,0.256552458644,0.303552037661,1.0,-0.0116,-0.0152457142857,0.581
0.462501357529,0.528406619847,-0.124071233947,-1.38582296976,0.0777279909849,1.90511418348,0.1554022158,-0.0109408050009,-0.0724690553718,-0.000537885538778,-0.100915274156,-0.00320190501391,0.0432570356349,-0.00685703353313,0.574072270772,0.818789699589,0.00228093797616,0.0,0.818750494768,-0.574011985489,-0.0117734758452,0.0,-0.00833087540914,0.00862651119695,-0.999928087324,0.0,0.65822121374,0.256300000181,0.303579986849,1.0,-0.01194,-0.0156925714286,0.598
0.462372358753,0.527372143243,-0.124069397658,-1.38745518187,0.0776313734008,1.90573960982,0.155172224996,-0.00784260235439,-0.0639002036874,-0.000666898380459,-0.104755190832,-0.0104320486091,0.0400849376271,-0.0108099320075,0.574050754095,0.818804718366,0.00230473548525,0.0,0.818765797959,-0.573990355412,-0.0117637956466,0.0,-0.00830951542497,0.00864022070165,-0.999928146688,0.0,0.658029017716,0.256062803171,0.303585463025,1.0,-0.01226,-0.0161131428571,0.614
0.462220822048,0.526220518054,-0.124081541633,-1.38924485486,0.0775041715262,1.90641830857,0.154919908858,-0.00867023389724,-0.0704715518937,-0.00143250408345,-0.111247914371,-0.00368081263252,0.0484252066559,-0.00764771911636,0.574039192485,0.818812765876,0.00232525951632,0.0,0.81877432973,-0.573978945037,-0.0117266590155,0.0,-0.00826744727279,0.00863559093558,-0.999928535389,0.0,0.657823770346,0.255784211018,0.30360319273,1.0,-0.0126,-0.01656,0.631
0.462068203865,0.525030934903,-0.124083674363,-1.39107545725,0.0773871003687,1.907076123,0.154683287341,-0.00577892260412,-0.0714381924736,0.000294950961658,-0.106370809762,-0.0105427812416,0.0339468771597,-0.0172769337665,0.574038772293,0.818813028398,0.00233652135582,0.0,0.818774750753,-0.573978495872,-0.0117192451879,0.0,-0.00825491656216,0.00864055216799,-0.999928596056,0.0,0.657602611347,0.255506641039,0.303625708297,1.0,-0.01294,-0.0170068571429,0.648
0.46190952068,0.523869228053,-0.124086559879,-1.3929446303,0.0772695494571,1.90775218271,0.154437157755,-0.00840671551491,-0.0677878628318,0.00127297280923,-0.111347960825,-0.0112742561793,0.0409737694487,-0.0107451218215,0.574037906599,0.818813721654,0.00230606148188,0.0,0.818775045325,-0.573977740528,-0.0117356479278,0.0,-0.00828584112497,0.00862501842171,-0.999928474389,0.0,0.657376454029,0.255220898294,0.303611598771,1.0,-0.01328,-0.0174537142857,0.665
0.461759992568,0.5226596438,-0.124096109169,-1.39487856868,0.0771458835488,1.90847941716,0.154164182645,-0.00682789410016,-0.0764765276645,-0.000668117081437,-0.117157641139,-0.00691450835154,0.0404401754347,-0.00757933212636,0.5740140061,0.818830490444,0.00230122198933,0.0,0.818791831922,-0.573953945022,-0.0117282510356,0.0,-0.00828281357822,0.00861656802543,-0.999928572326,0.0,0.657145435172,0.254932738895,0.303604655786,1.0,-0.01362,-0.0179005714286,0.682
0.461601548593,0.521509921493,-0.124096798396,-1.3967299127,0.0770464732153,1.90920447407,0.153916473571,-0.0107325404589,-0.0748313360787,0.00172542948359,-0.118039410932,-0.00992310644904,0.0448943065041,-0.0143959840311,0.574011899492,0.818831870137,0.00233550633962,0.0,0.81879356146,-0.57395161148,-0.0117217018044,0.0,-0.0082577943706,0.00864086023501,-0.999928569632,0.0,0.656916893639,0.254640243819,0.303599444248,1.0,-0.01396,-0.0183474285714,0.699
0.461426771408,0.520241577035,-0.124096868602,-1.39875430494,0.0769196925568,1.90995100382,0.153639350098,-0.0114357948515,-0.0788450564422,0.00127306370662,-0.118941044466,-0.00821224702654,0.0439451546809,-0.00923782352645,0.574004029805,0.81883744822,0.00231388448686,0.0,0.818798859801,-0.573943824398,-0.011732882217,0.0,-0.00827944302814,0.00862949379782,-0.999928488773,0.0,0.656686373498,0.254348366651,0.303586214615,1.0,-0.01428,-0.018768,0.715
0.461261581712,0.518922577519,-0.124110986424,-1.40081412953,0.0767765389583,1.91069358768,0.153362235187,-0.0102451199773,-0.0765013971399,-0.00205698491343,-0.120593053654,-0.00939760628643,0.042377398014,-0.0114305727185,0.573993072893,0.818845160691,0.00230260407537,0.0,0.81880658726,-0.573933079108,-0.0117192263968,0.0,-0.00827485049166,0.00861230796983,-0.999928674957,0.0,0.656435663218,0.254031812568,0.30359658934,1.0,-0.01462,-0.0192148571429,0.732
0.461091868855,0.517566586488,-0.124107510911,-1.40293527092,0.0766379371078,1.91144535627,0.153076070382,-0.00835624879888,-0.0771795604458,-0.00100962719174,-0.129408583112,-0.00950589198326,0.0403294066143,-0.0178622696115,0.573970044033,0.818861344497,0.00228778115722,0.0,0.818822564201,-0.573910093497,-0.0117285906247,0.0,-0.00829126842273,0.00860531218969,-0.999928599186,0.0,0.656169409194,0.253717167678,0.303603584526,1.0,-0.01496,-0.0196617142857,0.749
0.460899482948,0.516224940268,-0.124115148934,-1.40506250816,0.0765018101045,1.91224004327,0.152784990796,-0.0134837490831,-0.0808594740635,0.000704632494319,-0.128152642115,-0.0106764220039,0.0457908058875,-0.00393295377346,0.573970447788,0.818861058555,0.00228883167951,0.0,0.818822357713,-0.573910561595,-0.0117200981608,0.0,-0.00828370679872,0.00860130214338,-0.999928696359,0.0,0.655917270862,0.25338357943,0.303601314075,1.0,-0.0153,-0.0201085714286,0.766
0.460732481276,0.514949961837,-0.124118819739,-1.40713254884,0.0763766175965,1.91302341359,0.152500151772,-0.00853766979506,-0.0782712990169,0.000586572467814,-0.129364417619,-0.014958400547,0.0533349432018,-0.0112274427088,0.573952159047,0.818873913072,0.00227607464158,0.0,0.818835037215,-0.573892313122,-0.0117278160938,0.0,-0.00829754066902,0.00859510051411,-0.999928634987,0.0,0.655665991905,0.253075900941,0.303578071442,1.0,-0.01562,-0.0205291428571,0.782
0.460539775794,0.513529452966,-0.124119173909,-1.40938949932,0.0762495378396,1.91380522933,0.152191392661,-0.0140542551224,-0.0775015814052,-0.000448480305897,-0.131831596269,-0.00951310202401,0.0433429683039,-0.0172365820503,0.573941532452,0.81888146967,0.002236707043,0.0,0.818841875715,-0.573881623765,-0.0117733334916,0.0,-0.00835752047098,0.00858887981932,-0.999928188919,0.0,0.655378876207,0.25273274379,0.303567203696,1.0,-0.01596,-0.020976,0.799
0.460324635876,0.512035517465,-0.124122362709,-1.41180588349,0.0760976922204,1.91465328798,0.151850290858,-0.0105806358923,-0.0852080737629,0.000801193454539,-0.141371954568,-0.0060187571405,0.0565225076676,-0.0190972118545,0.573926055778,0.818892494657,0.00217062071881,0.0,0.818851979906,-0.57386634195,-0.0118153917248,0.0,-0.00843005173783,0.00855874302563,-0.999927838469,0.0,0.655075706319,0.252355869477,0.303537265951,1.0,-0.01632,-0.0214491428571,0.817
0.460139581555,0.510676841782,-0.12412803501,-1.41397181679,0.0759711920125,1.91548514274,0.151543047888,-0.0127108324256,-0.0904245562128,-0.000913334689616,-0.135939305779,-0.00624809027491,0.0563514992252,-0.0245811812281,0.573909377578,0.818904128896,0.00219109703108,0.0,0.818863854606,-0.573849559571,-0.0118075188584,0.0,-0.00841202783653,0.00857082097432,-0.999927886808,0.0,0.654816108992,0.252028150063,0.303530023915,1.0,-0.01664,-0.0218697142857,0.833
0.459943487061,0.509190171654,-0.124131596475,-1.41633629251,0.0758200995006,1.9163659075,0.151209187339,-0.0149267197093,-0.0826843481565,0.000112819915857,-0.135863246393,-0.010883889232,0.0549949392931,-0.022530698445,0.573881472706,0.818923693148,0.00218791838936,0.0,0.818883411722,-0.573821705363,-0.0118048871771,0.0,-0.00841198869977,0.00856642104375,-0.999927924841,0.0,0.654525022294,0.251672027268,0.303521568333,1.0,-0.01698,-0.0223165714286,0.85
0.45972948,0.507680939715,-0.124131978023,-1.41871334402,0.0756690076282,1.9172079257,0.150879426891,-0.0151665696947,-0.0870230372364,-0.00203356288285,-0.140949116587,-0.00954156653693,0.0494152420953,-0.0187440132115,0.57386924613,0.818932325173,0.00216380096789,0.0,0.818891682715,-0.573809526499,-0.0118231205908,0.0,-0.00844088854065,0.00855700866493,-0.999927761893,0.0,0.654226584735,0.251302353375,0.30351891715,1.0,-0.01732,-0.0227634285714,0.867
0.459525026897,0.506210692552,-0.124134572927,-1.42099821355,0.0755152451297,1.91804740965,0.150575716699,-0.0196355398089,-0.101240413512,-0.000346118105803,-0.14765495149,-0.00215833623479,0.0472981832831,-0.015246091848,0.573866274738,0.818934373199,0.00217669744046,0.0,0.81889398351,-0.573806591306,-0.0118062036922,0.0,-0.00841966478659,0.00855783133435,-0.999927933787,0.0,0.653945980076,0.250947518888,0.303532183154,1.0,-0.01764,-0.023184,0.883
0.459304583832,0.504602921647,-0.12413981834,-1.42346424515,0.0753636721654,1.91901598693,0.150233740117,-0.014650451258,-0.0972518936041,-0.000606805740836,-0.149474414422,-0.00181963877434,0.056468359745,-0.010067860946,0.573857040825,0.818940598867,0.00226696364521,0.0,0.818901446732,-0.573797077552,-0.0117507971745,0.0,-0.00832258799633,0.00859986307666,-0.999928385878,0.0,0.653654901291,0.250570065638,0.303566087106,1.0,-0.01798,-0.0236308571429,0.9
0.45907762392,0.50293886367,-0.124149323768,-1.42594409448,0.0752079080432,1.91995474792,0.149884032084,-0.0153242912681,-0.1033078844,-0.00144422363153,-0.15126372119,-0.0145473954162,0.0532234241025,-0.02209063977,0.573848615722,0.818946216216,0.00236813867312,0.0,0.818908446014,-0.573788348249,-0.0116891129274,0.0,-0.00821410257209,0.00864723651926,-0.99992887438,0.0,0.653357770361,0.250182407205,0.303629580057,1.0,-0.01832,-0.0240777142857,0.917
0.458838930024,0.501235336451,-0.124151957459,-1.42847179649,0.0750427010605,1.92086692127,0.149530896925,-0.0121831655261,-0.102537447785,-0.00154035588753,-0.152902693694,-0.0112274636583,0.0558021590897,-0.0181459578727,0.573841094423,0.818951275989,0.00243983761419,0.0,0.818914466636,-0.573780601493,-0.0116475140995,0.0,-0.00813897174051,0.00868200771222,-0.999929187433,0.0,0.653045630869,0.249782805943,0.303694640625,1.0,-0.01866,-0.0245245714286,0.934
0.458604912891,0.499526150313,-0.124147921446,-1.43106287901,0.074882853437,1.92178720606,0.149156826054,-0.0166800149453,-0.0956571408589,-6.16772472369e-05,-0.148655858307,-0.0132554031087,0.0516410405107,-0.0213758493776,0.573812123342,0.818971466856,0.00247598120713,0.0,0.818935017761,-0.573751389487,-0.0116415912615,0.0,-0.00811368962773,0.00870792156918,-0.999929167563,0.0,0.652715888201,0.24938425673,0.303733376469,1.0,-0.019,-0.0249714285714,0.951
0.458351481918,0.497850526119,-0.124150438696,-1.4336950746,0.0747163781752,1.92277300234,0.148775944035,-0.0184420209656,-0.0991101143144,-0.000723474776776,-0.154948524926,-0.0137745292803,0.0565015329929,-0.0265207929725,0.573798373635,0.818981037451,0.0024967197363,0.0,0.818944871843,-0.573737583986,-0.0116287792072,0.0,-0.00809144349541,0.00871741825826,-0.999929265079,0.0,0.652393935083,0.248967313122,0.303734475431,1.0,-0.01934,-0.0254182857143,0.968
0.458102220721,0.496284414165,-0.124148012072,-1.43621469636,0.0745656466237,1.92366461833,0.148399276875,-0.0123931542553,-0.0990617640942,-7.28924824639e-05,-0.157709293467,-0.0125102937424,0.0646991542449,-0.0213597052353,0.573779049705,0.818994723997,0.00244766961983,0.0,0.818957759612,-0.573718262629,-0.01167433075,0.0,-0.00815709957811,0.00870319199521,-0.999928855557,0.0,0.652073316077,0.2485642493,0.303703971167,1.0,-0.01966,-0.0258388571429,0.984
0.457818242066,0.494510314683,-0.124150309878,-1.4391224988,0.0743807592369,1.9246635653,0.147992066311,-0.0122291734408,-0.0988945644444,0.00732072610371,-0.158849364635,-0.0101560481033,0.054292701121,-0.0310265212622,0.573769848573,0.819001532902,0.00232311713157,0.0,0.818962798169,-0.573709360033,-0.0117580749296,0.0,-0.0082972470962,0.00864914190119,-0.999928171438,0.0,0.651673424999,0.248074264499,0.303636763227,1.0,-0.0201182857143,-0.0264411755102,1.003
0.457551835937,0.492875860071,-0.124153973274,-1.44176094185,0.0742051917878,1.92564071932,0.147630833461,-0.0167335116493,-0.101772666427,-0.00113666926932,-0.16613030808,-0.0188790790248,0.0615960415732,-0.0165597079873,0.57378599911,0.8189902898,0.00229768147131,0.0,0.818951322002,-0.573725705964,-0.0117598218123,0.0,-0.00831310100279,0.00862947653056,-0.999928209666,0.0,0.651369766512,0.247665582813,0.303609419243,1.0,-0.0211554285714,-0.027804277551,1.018
0.457282290594,0.491145364712,-0.124156080138,-1.44454701286,0.0740352075196,1.92663326156,0.147239625385,-0.0166422811583,-0.106056818185,-0.000204685708218,-0.178898747062,-0.0143961245168,0.0564471193292,-0.0202343063794,0.573781219792,0.818993784711,0.002244843093,0.0,0.818953999223,-0.573720994129,-0.0118031755821,0.0,-0.00837897515184,0.00861102950055,-0.999927818868,0.0,0.651012258419,0.247221406607,0.303573577925,1.0,-0.0222617142857,-0.0292582530612,1.034
0.456969289451,0.489219771838,-0.124160016983,-1.44765793516,0.0738370072469,1.92772471502,0.146798250201,-0.0187142109438,-0.120159360542,-0.000247794391128,-0.188419494598,-0.0143386819976,0.0684079505349,-0.0258514930522,0.573779934708,0.818994908751,0.00216168178685,0.0,0.818953945413,-0.573719937414,-0.0118581451427,0.0,-0.00847172366661,0.00857444865853,-0.999927351725,0.0,0.650611674134,0.246714354344,0.303526704463,1.0,-0.0234371428571,-0.0308031020408,1.051
0.456631925517,0.487147995872,-0.124177745526,-1.45086760409,0.0736314013372,1.92895726328,0.146322755481,-0.0202945599722,-0.120687278349,-0.00157119717222,-0.192553609185,-0.0142574598651,0.0724710351007,-0.0255035951151,0.573783316528,0.818992349342,0.00223255342194,0.0,0.818952449222,-0.573723184532,-0.0118042511596,0.0,-0.00838688520405,0.00860160307989,-0.999927833687,0.0,0.650226833386,0.246181936105,0.303546004268,1.0,-0.0246125714286,-0.0323479510204,1.068
0.456269581115,0.484956517215,-0.124193410908,-1.45418905588,0.0734263486371,1.93020900511,0.145825492715,-0.0200497594361,-0.129360603984,-0.000554583765586,-0.194421211487,-0.0130843441476,0.0701766542911,-0.0278836301901,0.573792657083,0.818985523711,0.00233356606736,0.0,0.818946973708,-0.57373217754,-0.0117468979357,0.0,-0.00828185686798,0.00865151721634,-0.999928278476,0.0,0.649825407823,0.245624456278,0.303595682665,1.0,-0.025788,-0.0338928,1.085
0.455892494586,0.482670035629,-0.124230194871,-1.45771250068,0.0732023109075,1.93139379242,0.145290730269,-0.0215869897746,-0.137138992354,-0.00210143428915,-0.213689405266,-0.0176014225196,0.0702012971864,-0.0395961582358,0.573801615963,0.818979385137,0.00228454389697,0.0,0.818940160586,-0.573741281592,-0.0117771846138,0.0,-0.00833469473907,0.00862883844064,-0.999928035416,0.0,0.649370768869,0.245015363786,0.303608882377,1.0,-0.0269634285714,-0.0354376489796,1.102
0.455522507199,0.480448230414,-0.124254043879,-1.46118464158,0.0729891199612,1.93265890958,0.144778431015,-0.0215207761187,-0.134490359152,-0.00243526854431,-0.21841553127,-0.0129819321601,0.0827785401167,-0.0351288553021,0.573814251117,0.818970505849,0.00229405030849,0.0,0.818931381244,-0.573753854507,-0.0117751498264,0.0,-0.00832744053189,0.00863558482898,-0.999928037615,0.0,0.648935755223,0.244430917749,0.303607146691,1.0,-0.0280697142857,-0.0368916244898,1.118
0.455102954914,0.477972769532,-0.12426264738,-1.46494700395,0.0727627155343,1.93404791413,0.144231964999,-0.0273174047109,-0.149338318697,-7.37666222679e-05,-0.227030112819,-0.0104194016657,0.0901056627498,-0.0379095473757,0.573838149763,0.818953501212,0.00238487535277,0.0,0.818915455338,-0.573777302668,-0.011740138543,0.0,-0.00824639898611,0.0086901179766,-0.999928236802,0.0,0.648467859746,0.243798765587,0.303651889287,1.0,-0.0292451428571,-0.0384364734694,1.135
0.454660494714,0.475426254527,-0.124279091612,-1.46884621828,0.0725136876389,1.93548516963,0.143674307714,-0.0237733156693,-0.154353762778,0.000427754199951,-0.228989181998,-0.016238148417,0.0893996588013,-0.0280283915177,0.573876447992,0.818926469239,0.0024509835928,0.0,0.818889323198,-0.573815397106,-0.0117009956183,0.0,-0.00817600031805,0.00872217802784,-0.999928535761,0.0,0.647983594679,0.243131957211,0.303683667785,1.0,-0.0304205714286,-0.039981322449,1.152
0.454210868899,0.472770820556,-0.124288952851,-1.4729499107,0.072256842927,1.93689635942,0.143076690581,-0.0289317867751,-0.15908305195,-0.00058263721219,-0.24667248674,-0.00919255520206,0.0778359646635,-0.0326460386097,0.573889169963,0.818917638156,0.00242268816187,0.0,0.81887992787,-0.573828011853,-0.011739823041,0.0,-0.0082239001614,0.00872141592204,-0.999928149604,0.0,0.647444178449,0.242439295871,0.303689493654,1.0,-0.031596,-0.0415261714286,1.169
0.45378100179,0.470218826339,-0.124281164951,-1.47688429067,0.0720084890319,1.93832585478,0.142467654979,-0.0289358807268,-0.160495285428,-0.0053048070246,-0.249194612215,-0.0139000321898,0.0964803960648,-0.0378276350843,0.573856959454,0.818940082333,0.00246546877819,0.0,0.818902791982,-0.573795503298,-0.011733907252,0.0,-0.00819484984884,0.00875273212136,-0.999928114474,0.0,0.64693571905,0.241791274915,0.303703869824,1.0,-0.0327022857143,-0.0429801469388,1.185
0.453276497668,0.467229175997,-0.124284185654,-1.48139765609,0.0717070217351,1.94005918721,0.141734413283,-0.0249116638866,-0.16978167726,-0.000822853099285,-0.255350204167,-0.0148139196337,0.0896551460042,-0.0356290718861,0.573803788626,0.818976818586,0.0026324282669,0.0,0.818941880647,-0.573741946345,-0.0116242001234,0.0,-0.00800977013112,0.00882598575371,-0.999928970256,0.0,0.646375691298,0.241038251828,0.303769586135,1.0,-0.0339468571429,-0.0446158693878,1.203
0.452802581712,0.464487649224,-0.124295650803,-1.48564757879,0.0714148647682,1.9414875002,0.141100207883,-0.0281683330406,-0.173387429045,-0.00246741583869,-0.271216301402,-0.021455293156,0.0906693933348,-0.0436498515968,0.5738000816,0.818979660085,0.00255531298901,0.0,0.818943673739,-0.573738456712,-0.0116700229028,0.0,-0.00809158584753,0.00878908671785,-0.99992863655,0.0,0.64580424236,0.240309952016,0.303761560069,1.0,-0.0350531428571,-0.046069844898,1.219
0.452275277419,0.461543796057,-0.124293537336,-1.49031716589,0.0710965893073,1.94312962497,0.140402515588,-0.03604140469,-0.177292482246,0.00218690228155,-0.277765742157,-0.0285094096928,0.102123734007,-0.0406166664968,0.573789774529,0.8189871309,0.00247405884786,0.0,0.818950037586,-0.573728386759,-0.0117184071344,0.0,-0.00817794429699,0.00875020124244,-0.99992827503,0.0,0.645183658441,0.239519008416,0.30370976088,1.0,-0.0362285714286,-0.0476146938775,1.236
0.45172916523,0.458506065802,-0.124301666106,-1.4950379031,0.0707833099408,1.94480508824,0.13969102565,-0.0325578359967,-0.177353160368,-0.00231249425395,-0.282270069849,-0.0184949860696,0.104971026628,-0.0532765760343,0.573793334113,0.818984676473,0.00246096160117,0.0,0.818947364191,-0.57373194158,-0.011731189045,0.0,-0.00819588958333,0.00874684449575,-0.999928157472,0.0,0.64456197802,0.238708708775,0.303699167011,1.0,-0.037404,-0.0491595428571,1.253
0.451138553409,0.455421355157,-0.124313037167,-1.49996487855,0.0704528056923,1.94650813601,0.138932019953,-0.0353612034216,-0.184603449815,-0.0026984163284,-0.295650426507,-0.0256992931702,0.101940892659,-0.0456093466445,0.573799621257,0.818980643293,0.00233397914492,0.0,0.818941567101,-0.573738584546,-0.0118107230016,0.0,-0.0083338200825,0.0086885482051,-0.99992752566,0.0,0.643903186554,0.237844174226,0.303623343196,1.0,-0.0385794285714,-0.0507043918367,1.27
0.45054329826,0.452146520423,-0.124351276115,-1.50494917544,0.0701180036957,1.94827341174,0.138132719185,-0.0342507504165,-0.195523073467,-0.00162652634979,-0.293140713476,-0.0132309347427,0.100978066194,-0.0489186885679,0.57379600728,0.81898307496,0.00236893655579,0.0,0.818944551279,-0.573734940491,-0.0117807848737,0.0,-0.00828928134179,0.00869996250907,-0.999927796627,0.0,0.6432502214,0.236960662277,0.303654083967,1.0,-0.0397548571429,-0.0522492408163,1.287
0.449967964599,0.448948543672,-0.124375234632,-1.50969716667,0.0697924960212,1.95003826546,0.137415353467,-0.0395266231485,-0.200266288254,-0.00422639130804,-0.29581093716,-0.0165446897594,0.106596614466,-0.0434182595229,0.573822878491,0.818963747762,0.00253591657912,0.0,0.81892763721,-0.573761457745,-0.0116645411982,0.0,-0.00809798109372,0.00877028163405,-0.999928749893,0.0,0.642642413762,0.236127094401,0.303741271718,1.0,-0.0408611428571,-0.0537032163265,1.303
0.449340025591,0.445499192693,-0.124390774662,-1.51497298899,0.0694281954858,1.95177027578,0.136636476096,-0.0340845760462,-0.196120893759,-0.00182652918125,-0.311136785016,-0.0203313261488,0.1067455263,-0.0495023778978,0.573846122307,0.818947725423,0.00244904843783,0.0,0.818910342498,-0.573784856525,-0.0117275860429,0.0,-0.00819921086827,0.00873554905617,-0.999928228986,0.0,0.641908532329,0.235199255126,0.303744173531,1.0,-0.0420365714286,-0.0552480653061,1.32
0.448695279372,0.442018018188,-0.124388425346,-1.52030724335,0.0690520650757,1.95370499326,0.13578278707,-0.0386274136497,-0.205633818232,0.000762860280331,-0.314590510186,-0.0178928303954,0.115474680299,-0.0512456058844,0.573806741979,0.818975156468,0.00250256838775,0.0,0.818938583629,-0.573745410304,-0.0116853455122,0.0,-0.00813432715379,0.00875474840418,-0.999928591001,0.0,0.641196955562,0.234276849213,0.303755310349,1.0,-0.043212,-0.0567929142857,1.337
0.448012988774,0.438509065929,-0.124392282243,-1.52579180264,0.0686974320248,1.95562257138,0.134889294225,-0.0403250556745,-0.210279332195,-0.000786444263902,-0.328138329902,-0.02121959059,0.116238723702,-0.0550799325061,0.57378805835,0.818988354006,0.00246718433721,0.0,0.818951068555,-0.573726585989,-0.011734510804,0.0,-0.00819509622261,0.00875379395683,-0.99992810316,0.0,0.640407926447,0.23324952768,0.303716033724,1.0,-0.0444565714286,-0.0584286367347,1.355
0.447289826104,0.434823150876,-0.124415975942,-1.53133755212,0.0683049629685,1.95758367979,0.133998543954,-0.0389986353856,-0.223923272722,0.000342963934334,-0.327092083556,-0.0191154384565,0.118118264044,-0.0497817728424,0.573794667728,0.818983547729,0.00252482405239,0.0,0.818947157223,-0.57373314294,-0.0116867989822,0.0,-0.00812287724363,0.00877368933968,-0.999928518065,0.0,0.639707101741,0.232304244457,0.303757113837,1.0,-0.0455628571429,-0.0598826122449,1.371
0.446535321349,0.43110836214,-0.124440249195,-1.53704672578,0.0678925860943,1.95959950783,0.133100320568,-0.0459037024277,-0.216356719775,-0.000372925552573,-0.34558359949,-0.0247923272668,0.110048101353,-0.0518698251923,0.573827056198,0.818960872766,0.00251899866916,0.0,0.818924601819,-0.573765758908,-0.0116660765276,0.0,-0.00810890115318,0.00875734893944,-0.999928774744,0.0,0.638938429259,0.231258290548,0.303747915506,1.0,-0.0467382857143,-0.0614274612245,1.388
0.445822127619,0.427509151869,-0.124475645185,-1.54262493194,0.0674792384049,1.96137446592,0.132216879796,-0.0458889521989,-0.230848152727,-0.000280753046942,-0.348531449558,-0.0297079544686,0.111863025325,-0.0641327165399,0.573836011934,0.818955172161,0.00232471482113,0.0,0.818916371856,-0.573775419133,-0.011768228641,0.0,-0.00830394736859,0.00865694709087,-0.999928048274,0.0,0.63813915127,0.230231808953,0.303698629184,1.0,-0.0478445714286,-0.0628814367347,1.404
