position_joint1,position_joint2,position_joint3,position_joint4,position_joint5,position_joint6,position_joint7,velocity_joint1,velocity_joint2,velocity_joint3,velocity_joint4,velocity_joint5,velocity_joint6,velocity_joint7,ee_T_00,ee_T_10,ee_T_20,ee_T_30,ee_T_01,ee_T_11,ee_T_21,ee_T_31,ee_T_02,ee_T_12,ee_T_22,ee_T_32,ee_T_03,ee_T_13,ee_T_23,ee_T_33,v_x,v_y,time
0.465089246151,0.547664958452,-0.124038925541,-1.35583269833,0.0795301488031,1.89415144412,0.159129367805,-0.00137593678816,0.00109134538519,-0.000428892227003,0.000250470592111,-0.000189619591104,0.000441764068459,8.9360823807e-05,0.573811917082,0.818972680898,0.00209252429288,0.0,0.818931439857,-0.573752816863,-0.0118215420163,0.0,-0.00848109153735,0.00849713921561,-0.999927932259,0.0,0.661696218928,0.260881540502,0.303303006909,1.0,0.0,0.0,0.0
0.465089243199,0.547657137088,-0.124036790034,-1.3558352128,0.0795301488572,1.89415144412,0.159126146321,-0.00119595340381,0.000436747070345,-0.000457026833934,-0.000186142344009,5.8712680246e-05,0.000420106808138,0.000635916741846,0.573807912179,0.818975473149,0.00209790419976,0.0,0.818934288755,-0.573748777783,-0.0118202197634,0.0,-0.00847696331077,0.00850074497334,-0.999927936617,0.0,0.661695360135,0.260882579657,0.30330728013,1.0,-0.00014,-0.000184,0.008
0.465088622496,0.547656488025,-0.124031579099,-1.35583305153,0.0795307592087,1.89414981651,0.159127774901,-0.00062902812358,0.000545502921401,0.00187807487404,0.00109469552775,0.00025577664347,-0.00034189063679,0.000971759448899,0.573806144341,0.818976705006,0.00210054164115,0.0,0.818935523514,-0.573746968223,-0.0118225074224,0.0,-0.00847734199061,0.00850419930127,-0.999927904035,0.0,0.661694479167,0.260885438395,0.303308455814,1.0,-0.00034,-0.000446857142857,0.018
0.465083986957,0.547649016657,-0.124034392459,-1.35584677124,0.0795296551735,1.89415100577,0.159128587236,-0.00136391767414,0.000228687255967,0.000517574702709,-0.00433610028508,0.000122916028572,0.000431631148531,0.00334685424309,0.573813024049,0.818971897766,0.00209547182243,0.0,0.818930662153,-0.573753879031,-0.0118238649962,0.0,-0.0084812913595,0.00850089752511,-0.99992789862,0.0,0.661693685539,0.260879113203,0.303307412737,1.0,-0.00068,-0.000893714285714,0.035
0.465085825401,0.547610806705,-0.124037487683,-1.35587449473,0.07952751282,1.89415472952,0.159126906978,-0.000468804479021,-0.0048050283274,-0.000694975206335,-0.00526372170708,0.000145213201159,0.000143760299137,-0.000433218106832,0.573813208293,0.81897173815,0.00210736834903,0.0,0.818930669417,-0.573754028371,-0.0118161126372,0.0,-0.00846811426259,0.00850619384527,-0.999927965259,0.0,0.661689435484,0.260875657268,0.303321707235,1.0,-0.00098,-0.001288,0.05
0.465089901162,0.547496548099,-0.12403219809,-1.35600157187,0.0795259687198,1.89418645304,0.159125033899,0.00156318703044,-0.00670504917089,0.00106033853835,-0.00783310697592,-0.00019963207668,0.00157528950338,0.000499681420316,0.573811186965,0.81897309716,0.00212949382889,0.0,0.818932216057,-0.573751819287,-0.0118161868259,0.0,-0.00845550095754,0.00852433540821,-0.999927917507,0.0,0.661667458873,0.260869737684,0.303344739109,1.0,-0.00132,-0.00173485714286,0.067
0.465075446673,0.547345363614,-0.124033908788,-1.35621060854,0.0795224927489,1.89423457378,0.159115078022,0.000413641367808,-0.00611067125307,0.000575615427595,-0.010661855952,-0.000122803097179,0.00177765716649,-0.00156931583011,0.573826627577,0.818962284406,0.00212722939447,0.0,0.818921262832,-0.573767155059,-0.011830636455,0.0,-0.00846847374372,0.008530931848,-0.999927751467,0.0,0.661637479964,0.260839056316,0.30335656579,1.0,-0.00168,-0.002208,0.085
0.465056977608,0.547160995239,-0.124034703744,-1.35643173812,0.079521772496,1.8943555935,0.159107753789,-0.000169379572108,-0.00847738758246,0.000480048738189,-0.008459551219,0.000393938833872,0.00680540119597,-0.00017626799338,0.573848694998,0.818946616184,0.00220499228894,0.0,0.818906553591,-0.573788862157,-0.011795976082,0.0,-0.00839523631468,0.00857495321131,-0.9999279925,0.0,0.661620827386,0.260810662618,0.303392445843,1.0,-0.00204,-0.00268114285714,0.103
0.465032500884,0.546973397899,-0.124037185695,-1.35664121646,0.0795179485587,1.89445501554,0.159098952156,-0.00134086372274,-0.00860584944301,0.000925324427101,-0.0107184026965,0.000203310817334,0.00989839520119,-3.44026000195e-06,0.573874030002,0.818928669863,0.00227558059153,0.0,0.818889493956,-0.573813891637,-0.0117627103295,0.0,-0.00832722129397,0.00861392886441,-0.999928226232,0.0,0.661604741488,0.260776770803,0.303434325281,1.0,-0.00236,-0.00310171428571,0.119
0.46500921433,0.546787163458,-0.124035732644,-1.35688440249,0.0795115290133,1.89457473273,0.159075766574,-0.00125312573529,-0.016366329542,-0.000515263412186,-0.0159568786007,0.00029701015113,0.00899202811528,-0.00201940181854,0.573885153998,0.81892071186,0.00233336859571,0.0,0.818882249081,-0.573824757533,-0.011736979353,0.0,-0.00827287009653,0.00864659880086,-0.999928395411,0.0,0.661583857746,0.260742879856,0.303460816058,1.0,-0.00266,-0.003496,0.134
0.46498316342,0.546543235137,-0.12403790003,-1.357248654,0.0795075306087,1.89470328493,0.159002668478,-0.00149200536754,-0.0140923555986,-0.000276096634086,-0.0210344809463,-0.00019801579242,0.0040576840914,-0.00517213492224,0.573860263071,0.818938108236,0.00234952064629,0.0,0.818899707768,-0.573799654992,-0.0117461249277,0.0,-0.00827135444034,0.00866482293639,-0.999928250196,0.0,0.661536935001,0.260687072845,0.303471559575,1.0,-0.00302,-0.00396914285714,0.152
0.46494190472,0.546243390698,-0.124037900043,-1.35769585581,0.0794910625027,1.89487331002,0.158938682227,-0.000404793234086,-0.0171123097853,0.00482799559179,-0.0254348200965,-0.00324196822661,0.0110090716277,0.000913911171712,0.573869472929,0.818931579187,0.00237561589973,0.0,0.818893419267,-0.573808662944,-0.0117444928545,0.0,-0.00825494603027,0.00868534937111,-0.999928207709,0.0,0.661490763055,0.260624867313,0.303485632211,1.0,-0.00336,-0.004416,0.169
0.464898386374,0.545958705735,-0.124036341445,-1.35819306444,0.0794669636985,1.89503208137,0.158892537419,-0.00523632293221,-0.0202298330182,0.000224168835328,-0.0282913627412,-0.000466039875549,0.00590111077644,8.78934580958e-05,0.57388758469,0.818918981358,0.00234286404857,0.0,0.818880281671,-0.57382677562,-0.0117755158202,0.0,-0.00829895507834,0.00867651455434,-0.999927920122,0.0,0.661424420156,0.260545791806,0.303471649661,1.0,-0.00372,-0.00488914285714,0.187
0.464844794235,0.545618671489,-0.124040267688,-1.35874538985,0.0794250034341,1.89521599817,0.158807677768,-0.00803220463025,-0.0187097138236,-0.000725809730152,-0.0301720515254,-0.00796494563169,0.0118075862784,-0.00556833407039,0.573884340082,0.818921366568,0.00230358143948,0.0,0.818882231424,-0.573823758941,-0.01178692644,0.0,-0.00833087654243,0.00865086096692,-0.999927876949,0.0,0.661364166975,0.260455428828,0.303458118471,1.0,-0.00404,-0.00530971428571,0.203
0.464786531488,0.545227024631,-0.124040377128,-1.35943359643,0.0793683681435,1.89542845668,0.158735956711,-0.00428623383952,-0.0257951168764,-0.0015494025179,-0.0347043767576,-0.004527580528,0.0122493001713,-0.00035759118927,0.573896623694,0.818912979845,0.00222343326478,0.0,0.818872869253,-0.573836418935,-0.0118209646699,0.0,-0.00840461623498,0.00860488656073,-0.99992765656,0.0,0.661277130552,0.260345519408,0.30342615548,1.0,-0.0044,-0.00578285714286,0.221
0.464725926451,0.544843340474,-0.124041096342,-1.36008844113,0.0793426246602,1.8956363874,0.158657837126,-0.00245680097721,-0.0236878013554,-0.000791941835881,-0.0402282914114,-0.0035999419569,0.015431151708,-0.00438784722265,0.573912350906,0.818902082547,0.00217705761509,0.0,0.818861193715,-0.573852148665,-0.0118660777851,0.0,-0.00846800965509,0.00859296203628,-0.99992722426,0.0,0.661195587888,0.260242266656,0.303404088624,1.0,-0.00472,-0.00620342857143,0.237
0.464665474491,0.544441108343,-0.124041814696,-1.36077075929,0.0793115903028,1.89586341356,0.158561906754,-0.00425447686093,-0.0287804306504,-0.00032971794625,-0.0432628273457,-0.000129530117005,0.016077335025,-0.00368360292589,0.573906454207,0.818906315483,0.00213896767905,0.0,0.818864791105,-0.573846264386,-0.0119023376181,0.0,-0.00851962486136,0.00858251894092,-0.999926875507,0.0,0.661117673079,0.26014290752,0.303383836267,1.0,-0.00502,-0.00659771428571,0.252
0.464589435915,0.543946939179,-0.124041779489,-1.36158617495,0.0792710327176,1.89615692927,0.158482117347,-0.00433987670855,-0.0279784428289,0.000376636113068,-0.0520835417116,-0.000152522763355,0.0190643528872,-0.00322411822116,0.57394510941,0.818879280282,0.00211721768852,0.0,0.818837381537,-0.573884911654,-0.0119246666738,0.0,-0.0085499877911,0.00857792625867,-0.999926655755,0.0,0.6610182127,0.260009337959,0.303370692846,1.0,-0.0054,-0.00709714285714,0.271
0.464524849486,0.543454571633,-0.124044995479,-1.36236941811,0.0792286535037,1.89642056466,0.158369923807,-0.00222082327364,-0.032951878376,-0.000383407331076,-0.0469733693403,-0.00263448360983,0.0132931127525,-0.00637190260907,0.573940577505,0.818882509775,0.0020965638534,0.0,0.818840267763,-0.573880390819,-0.0119440288226,0.0,-0.00857774456364,0.00857207874633,-0.999926468179,0.0,0.660923373328,0.259889299962,0.303369186443,1.0,-0.00572,-0.00751771428571,0.287
0.464440803096,0.542928356314,-0.124050262284,-1.36323310419,0.0791772566427,1.89672396186,0.158251670233,-0.00572642694053,-0.0288458223475,0.00192138714576,-0.0555864143562,-0.000574987972119,0.0198288989008,-0.00703012847653,0.573945890597,0.818878850217,0.00207128829032,0.0,0.818836244483,-0.573885773659,-0.0119612045829,0.0,-0.00860626027028,0.00856129497329,-0.999926315542,0.0,0.660819606855,0.259739640708,0.303359441176,1.0,-0.00608,-0.00799085714286,0.305
0.46437266943,0.542410362528,-0.124053461795,-1.364030515,0.0791267191047,1.89700791575,0.158172300554,-0.0049811550823,-0.032055448469,-0.00102993494486,-0.0505015570951,-0.00364218401129,0.0215248552749,-0.0103183991982,0.573974422563,0.81885885966,0.00206811537004,0.0,0.818816250575,-0.573914353043,-0.0119586816349,0.0,-0.00860571699866,0.00855754861837,-0.999926352286,0.0,0.660732517179,0.259623708028,0.303368298262,1.0,-0.00636,-0.00835885714286,0.319
0.464281350996,0.541811576199,-0.124051341677,-1.36496371863,0.0790736261297,1.89735309321,0.158026151232,-0.00854096404781,-0.033942042418,0.000532586806094,-0.0560262123523,-0.00654350601733,0.0185816030536,-0.00963943008022,0.573965738428,0.818864917701,0.0020795601283,0.0,0.81882240743,-0.573905572357,-0.0119585120144,0.0,-0.00859910037011,0.0085667315456,-0.999926330578,0.0,0.660628138123,0.259476517903,0.303377384141,1.0,-0.0067,-0.00880571428571,0.336
0.464199408802,0.541155120437,-0.124057298879,-1.36595014722,0.0790120821856,1.89771441995,0.157914464011,-0.0113764685859,-0.0423163155818,-0.00128803788832,-0.061181809517,-0.00473828679555,0.0242716958012,-0.00991619411312,0.573983821717,0.818852179924,0.00210398230666,0.0,0.818810026656,-0.573923591148,-0.0119414686271,0.0,-0.00857093755273,0.00857713674454,-0.999926483175,0.0,0.660515950779,0.259325019904,0.303403474128,1.0,-0.00704,-0.00925257142857,0.353
0.464116914595,0.540496902153,-0.124057653845,-1.36694628737,0.0789596623466,1.89807952777,0.157784988573,-0.00492310265504,-0.0441086348143,0.000396712174417,-0.0641545537347,-0.00422369982167,0.021721624415,-0.00829918575806,0.573986785846,0.818850030596,0.00213165879478,0.0,0.818808158749,-0.573926361861,-0.0119363825099,0.0,-0.00855085663711,0.0085969109615,-0.999926485284,0.0,0.660400500642,0.259177014057,0.303426252692,1.0,-0.00736,-0.00967314285714,0.369
0.464005943995,0.539681411491,-0.124066243643,-1.36818048951,0.0788904170055,1.89853459635,0.157620406188,-0.00614723546337,-0.0427985977653,-0.00126482612835,-0.0653291744835,-0.00549099956262,0.025847880429,-0.00880254724193,0.573998715634,0.818841583748,0.00216381067751,0.0,0.8188001161,-0.573938144269,-0.011921548957,0.0,-0.0085201305828,0.00861484808616,-0.999926593189,0.0,0.660262132958,0.258982624788,0.303454812149,1.0,-0.00774,-0.0101725714286,0.388
0.463907142792,0.538926358701,-0.124069415466,-1.36934633174,0.0788198021695,1.89896768575,0.157480178161,-0.00922686808803,-0.0427896888098,-0.00123873732705,-0.0658006189607,-0.00413377400991,0.0193705853006,-0.0140595404002,0.574012619829,0.81883178988,0.0021815269547,0.0,0.818790563894,-0.573951986034,-0.0119112177082,0.0,-0.0085013556649,0.00862356899788,-0.999926677817,0.0,0.660129020604,0.258805033479,0.303470977605,1.0,-0.00808,-0.0106194285714,0.405
0.463795677903,0.538157549937,-0.124069579362,-1.37054721539,0.0787505815044,1.89943762122,0.157341715846,-0.00931608919111,-0.0427552112083,0.000252653413372,-0.074269714414,-0.00106380371458,0.0364933831848,-0.0152006522192,0.574038621926,0.818813474712,0.0022138356705,0.0,0.818772667385,-0.573977852895,-0.0118949750193,0.0,-0.00846923624139,0.00864096957046,-0.999926800162,0.0,0.659997782011,0.258619582213,0.303483160543,1.0,-0.00842,-0.0110662857143,0.422
0.463710460493,0.537452512891,-0.124081498272,-1.37164801314,0.0786814585412,1.89984613131,0.157208650794,-0.00756815285512,-0.0505488944788,-0.000599910610208,-0.0770016320295,-0.00578177221303,0.0210378928732,-0.00931025157745,0.574050043702,0.818805451089,0.00221979579703,0.0,0.818764794144,-0.573989323756,-0.0118833911747,0.0,-0.00845620919111,0.00863931820563,-0.999926924684,0.0,0.659871443944,0.258451542512,0.303492867024,1.0,-0.00872,-0.0114605714286,0.437
0.463594963616,0.536607582391,-0.12407871565,-1.37295403734,0.0786102586524,1.9003258807,0.157051572704,-0.00994196665248,-0.0494312570581,-0.000376783221005,-0.0747732750861,-0.00963369432987,0.02720183955,-0.0130557107812,0.574066886842,0.81879358623,0.00224041969064,0.0,0.818753099739,-0.574005982403,-0.0118844744902,0.0,-0.00844507977677,0.00865700051289,-0.999926865811,0.0,0.659719765515,0.258254035947,0.30350923928,1.0,-0.00906,-0.0119074285714,0.454
0.463477880517,0.53575611342,-0.12408541723,-1.3743010593,0.0785289443731,1.90082164449,0.156882762662,-0.00735863454464,-0.0541072220294,-0.00053908169145,-0.0836683146272,-0.000839906829948,0.0264308732936,-0.00980294341032,0.57408154824,0.818783312516,0.00223830677175,0.0,0.818742810876,-0.574020663021,-0.0118842317541,0.0,-0.00844593891563,0.00865528238393,-0.999926873428,0.0,0.659564773918,0.258044666713,0.303512242774,1.0,-0.0094,-0.0123542857143,0.471
0.463377699265,0.534916137814,-0.124085800248,-1.37562162928,0.0784617303283,1.90130020444,0.156718404525,-0.011406567291,-0.0515912251186,0.00123662615795,-0.0820797434769,-0.0016370679026,0.0255342851578,-0.00356748640033,0.574083738165,0.818781763648,0.00224321059083,0.0,0.818741185694,-0.574022689477,-0.0118983072324,0.0,-0.00845462598153,0.00866740046704,-0.999926695048,0.0,0.659405290718,0.257854228457,0.303517888192,1.0,-0.00972,-0.0127748571429,0.487
0.463246654716,0.534031871647,-0.124088312602,-1.37709475107,0.0783773635474,1.90183145858,0.156539139008,-0.00841205965303,-0.048626080129,0.000313929928759,-0.0869665054326,-0.00259612800034,0.0316391201471,-0.0148632240408,0.574104191205,0.818767554782,0.00219448802518,0.0,0.818726265824,-0.574043258086,-0.0119325771233,0.0,-0.00851043978999,0.00864739401373,-0.999926394787,0.0,0.659231087163,0.257625495704,0.303486648058,1.0,-0.01006,-0.0132217142857,0.504
0.463115299139,0.533054003381,-0.124090052889,-1.37865603192,0.0782945671608,1.90241865624,0.156345054354,-0.00363002395622,-0.0562639102322,0.000368840648757,-0.0844541415049,-0.00881177602118,0.0356188203166,-0.0145995673363,0.57411741849,0.818758259415,0.00220211878734,0.0,0.818716966848,-0.574056347956,-0.0119408738231,0.0,-0.00851271269458,0.00865854237182,-0.999926278966,0.0,0.659049424636,0.25739183261,0.303484099073,1.0,-0.01042,-0.0136948571429,0.522
0.462993851119,0.532153844042,-0.124095406812,-1.38011519238,0.0782063330316,1.90296764391,0.156169828664,-0.00613477567141,-0.0555418689735,0.000523033778675,-0.0964705618244,-0.00737516109767,0.026014221792,-0.00654602300203,0.574133308961,0.818747148206,0.00219037617613,0.0,0.818705718644,-0.574072300511,-0.0119451641336,0.0,-0.00852279886906,0.00865155668073,-0.999926253514,0.0,0.658880048448,0.257170258471,0.303471958774,1.0,-0.01074,-0.0141154285714,0.538
0.462852782339,0.531106232176,-0.124095043734,-1.38180543452,0.078104068493,1.90357944764,0.15594729514,-0.00669163280189,-0.0602260899674,-0.000477938436877,-0.0945350346808,-0.00480977709429,0.0337016464214,-0.0166912881828,0.574131010516,0.818748831669,0.00216340128461,0.0,0.818706999952,-0.574070061638,-0.0119649263538,0.0,-0.00855449026486,0.00864079339574,-0.999926075961,0.0,0.658677297833,0.256915610209,0.303458810276,1.0,-0.0111,-0.0145885714286,0.556
0.462716138275,0.530077281217,-0.124098439352,-1.38345655215,0.0780041719767,1.90415549981,0.155734399309,-0.00289384323788,-0.06032685209,-0.000894429238294,-0.103200984439,-0.0061515599938,0.0406942453999,-0.00610801943135,0.574133775928,0.818746996682,0.00212359698913,0.0,0.818704583219,-0.574072928451,-0.0119927118224,0.0,-0.00860006282211,0.0086241855524,-0.999925828421,0.0,0.658475150793,0.256664089317,0.303447911017,1.0,-0.01144,-0.0150354285714,0.573
0.462578426831,0.529094012749,-0.124096109165,-1.38500295899,0.0779008807282,1.90472567485,0.155518742755,-0.00813949604837,-0.0670416973818,0.000325839155701,-0.101740305125,-0.0155001364188,0.0317943806088,-0.00968557571807,0.574124470414,0.818753519665,0.00212447864317,0.0,0.818711167216,-0.574063670103,-0.0119864191529,0.0,-0.00859450233344,0.00862119692274,-0.999925902001,0.0,0.658293809898,0.256426101791,0.303453725129,1.0,-0.01176,-0.015456,0.589
0.462435268122,0.527943751118,-0.124099226062,-1.38681735752,0.0777932100905,1.90542672141,0.155274609751,-0.00881809710382,-0.0591432002558,0.000228997224712,-0.106125123901,-0.00777056905074,0.0397808868034,-0.0157142659503,0.574113586367,0.81876107343,0.00215441066975,0.0,0.818719122646,-0.574052674855,-0.0119696118223,0.0,-0.0085636718937,0.0086359402527,-0.999926039295,0.0,0.658082696963,0.256159911684,0.303460874874,1.0,-0.01212,-0.0159291428571,0.607
0.462294760417,0.526858606116,-0.124104832271,-1.38847003153,0.077687926767,1.90605926679,0.155042439881,-0.00357129358688,-0.0744224713335,-0.0015272177952,-0.109375723943,-0.0045764909868,0.0353247135492,-0.0127701082766,0.574103590497,0.818767947212,0.00220519803957,0.0,0.81872674442,-0.574042559726,-0.0119333354928,0.0,-0.00850491882355,0.00865659203099,-0.999926362174,0.0,0.65789330679,0.255908141917,0.303492981656,1.0,-0.01244,-0.0163497142857,0.623
0.462150974167,0.525763982362,-0.124108530964,-1.39017443268,0.0775815773201,1.90668266567,0.154813342962,-0.0111611405988,-0.0691381795932,-0.000929054031319,-0.107898249795,-0.00532184698943,0.0419378123525,-0.0169713772542,0.574099609564,0.818770713956,0.00221430972293,0.0,0.818729640366,-0.574038553093,-0.0119273823398,0.0,-0.00849485575683,0.00866059329078,-0.999926413067,0.0,0.657690173942,0.255648561636,0.303506030005,1.0,-0.01276,-0.0167702857143,0.639
0.461981697324,0.524533453666,-0.124113376137,-1.39212498762,0.0774604689722,1.90737755836,0.154545734059,-0.0110508660351,-0.0728343917436,-0.00128473025114,-0.106563963674,-0.00101822907513,0.0411286553979,-0.0118265064907,0.574094737847,0.818774193719,0.00219056566447,0.0,0.818732786734,-0.574033753905,-0.0119423701755,0.0,-0.00852080993195,0.0086497063398,-0.999926286472,0.0,0.657454103769,0.255346630634,0.303503460716,1.0,-0.01312,-0.0172434285714,0.657
0.461841741564,0.523480861248,-0.124120456832,-1.39380934715,0.077353457887,1.90798766632,0.154323216809,-0.0093340373826,-0.0709358424431,-0.000162789328317,-0.115916525031,-0.00706458500579,0.042321379619,-0.0146197715327,0.574093706406,0.818774978864,0.00216729146122,0.0,0.818733295695,-0.574032845139,-0.0119511557139,0.0,-0.00854137523124,0.00863568322405,-0.999926232221,0.0,0.657250663751,0.255088496696,0.303494907354,1.0,-0.01342,-0.0176377142857,0.672
0.46167974112,0.522254267689,-0.124120988468,-1.39574616476,0.0772278963054,1.90874219837,0.154051208508,-0.0139364038643,-0.0677812631664,0.000443130626886,-0.118709814598,-0.00702228376636,0.0476087955071,-0.0152115051224,0.574074170723,0.818788593721,0.00219822685022,0.0,0.818747409906,-0.5740132836,-0.0119237546473,0.0,-0.00850138656517,0.0086450785456,-0.99992649182,0.0,0.657025819697,0.254798806933,0.303500511016,1.0,-0.01376,-0.0180845714286,0.689
0.461525278205,0.521080554075,-0.124124723995,-1.39762404467,0.0771215888705,1.90946985396,0.153797553019,-0.0113484458595,-0.0768213249915,0.0019226676996,-0.119702417281,-0.00509393497553,0.0406943333758,-0.0091690554527,0.574071126818,0.818790683985,0.00221451444286,0.0,0.818749657745,-0.574010118671,-0.0119217661336,0.0,-0.008490440816,0.00865724133888,-0.999926479591,0.0,0.656788763023,0.254501837615,0.303492111844,1.0,-0.0141,-0.0185314285714,0.706
0.461349993907,0.51979468954,-0.124132937981,-1.39967932971,0.0769826216484,1.91021836306,0.153524318733,-0.00867649349954,-0.0784231001022,0.000374603108667,-0.127839904999,-0.00890145890721,0.0430142312031,-0.0166655142967,0.574065218097,0.818794890299,0.00219086574202,0.0,0.818753681019,-0.574004433448,-0.0119191904498,0.0,-0.008501969277,0.00863633833225,-0.999926562393,0.0,0.656557311784,0.254201202231,0.303484393359,1.0,-0.01442,-0.018952,0.722
0.461183008994,0.518444741724,-0.12414225255,-1.40174567289,0.0768516430805,1.91096087369,0.153249541232,-0.0107683517788,-0.0809607636916,-0.00303799440693,-0.118884810071,-0.0142477689723,0.0420583839778,-0.0194969387462,0.574057841593,0.818800012506,0.002209281872,0.0,0.818759074161,-0.573997015268,-0.0119059583189,0.0,-0.00848064089861,0.00864374473359,-0.999926679516,0.0,0.656304239303,0.253887858435,0.303513090878,1.0,-0.01476,-0.0193988571429,0.739
0.460980783124,0.516948533475,-0.124146390715,-1.40412789526,0.0766963706866,1.9118076688,0.152913580959,-0.00853046778745,-0.0828029905134,-0.000836359361472,-0.127864210018,-0.00598966961589,0.0415156990815,-0.0159762877281,0.574035378968,0.818815866144,0.00216977977574,0.0,0.818774426413,-0.573974728348,-0.0119246288006,0.0,-0.00851884051654,0.00862188500194,-0.99992654353,0.0,0.656009326955,0.253522065688,0.303502547224,1.0,-0.01514,-0.0198982857143,0.758
0.460817799016,0.515766375038,-0.124149414829,-1.40602954358,0.0765750895596,1.91253626099,0.152652718885,-0.00701796462709,-0.0784601826511,-0.00224971175934,-0.128644012165,-0.0111372530517,0.0472286011971,-0.0190005055543,0.574025344538,0.818822896272,0.00217146723698,0.0,0.818781539015,-0.573964749574,-0.0119165648124,0.0,-0.00851137433473,0.00861853344183,-0.999926636003,0.0,0.655783587509,0.253233044579,0.303489787379,1.0,-0.01544,-0.0202925714286,0.773
0.460627329935,0.514362750618,-0.124157168739,-1.40825900689,0.0764396376136,1.91335531261,0.152359923924,-0.0119247784662,-0.0829040048607,-0.0011198403134,-0.136120813223,-0.00952831592625,0.0460260291527,-0.0126950581688,0.57402802165,0.818821041192,0.00216327602389,0.0,0.818779559542,-0.573967441665,-0.0119229059565,0.0,-0.00852124032458,0.0086154941835,-0.999926578166,0.0,0.65551200728,0.252891166979,0.303483892066,1.0,-0.01578,-0.0207394285714,0.79
0.460421770499,0.512874379974,-0.124155965282,-1.41067615869,0.0763024494654,1.91419400684,0.152021091804,-0.0119412794307,-0.0840619624952,-0.000430512434124,-0.133942193963,-0.00862204807239,0.0553126279345,-0.0197067133635,0.57400782234,0.818835383399,0.0020932479246,0.0,0.818792752152,-0.573947295474,-0.0119865734653,0.0,-0.00861378233603,0.0085944886318,-0.999925966019,0.0,0.65520290201,0.252524629727,0.30344906094,1.0,-0.01614,-0.0212125714286,0.808
0.46022575532,0.511468101754,-0.124161325189,-1.41297329048,0.0761539334078,1.91503528983,0.151700009703,-0.0123707888351,-0.0834848975312,-0.000740469404875,-0.136021002074,-0.0158919630298,0.0554740207814,-0.0208651329605,0.573989403222,0.818848420223,0.00204367018442,0.0,0.818805173431,-0.573929117985,-0.0120084300585,0.0,-0.00866032889452,0.00856624424944,-0.999925806329,0.0,0.654919455776,0.252172081788,0.303413794794,1.0,-0.01648,-0.0216594285714,0.825
0.460026380718,0.510008102847,-0.124156831362,-1.41529194976,0.0760098524288,1.91592047444,0.151363607859,-0.00707816617378,-0.0812097585068,0.00104333565676,-0.136989172851,-0.00436003370093,0.0569320396298,-0.0145079879339,0.573956327212,0.818871553574,0.00206400162868,0.0,0.818828563891,-0.573895952328,-0.0119985731649,0.0,-0.00864093443268,0.00857688560662,-0.999925882896,0.0,0.654638535082,0.251824951958,0.303408889135,1.0,-0.01682,-0.0221062857143,0.842
0.459847379968,0.508663284729,-0.124162171576,-1.41738146223,0.0758671368232,1.91667815862,0.151075332807,-0.0120839253413,-0.0878909630547,0.00105580782904,-0.137167245775,-0.0113381744519,0.0458037158293,-0.012086996597,0.573940555603,0.81888260233,0.002066188733,0.0,0.818839740326,-0.573880271968,-0.0119858254115,0.0,-0.00862940509476,0.00857119376365,-0.999926031267,0.0,0.654379989325,0.251502814872,0.303421172108,1.0,-0.01712,-0.0225005714286,0.857
0.45963201289,0.507138792607,-0.124167789324,-1.41976853993,0.0757205189848,1.91753600353,0.150741332282,-0.0100027497593,-0.0922915309404,-0.000525868248354,-0.141716115133,-0.00506180038344,0.0571945277438,-0.0225399264469,0.573931484084,0.818888972419,0.00206139016479,0.0,0.818845995049,-0.573871169326,-0.0119943449462,0.0,-0.00863923075546,0.00857205831492,-0.999925939012,0.0,0.6540835739,0.251129996024,0.303425781946,1.0,-0.01746,-0.0229474285714,0.874
0.459422751145,0.505654520006,-0.124168513384,-1.4220706698,0.0755732879401,1.91840631251,0.150436157561,-0.0158309764668,-0.0936039392571,0.000409297731471,-0.145194979505,-0.0103811193657,0.0604033851647,-0.0140920851903,0.573932751764,0.818887982194,0.0021014215816,0.0,0.81884557443,-0.573872317042,-0.0119681189434,0.0,-0.00859476657598,0.008589800581,-0.999926169931,0.0,0.653805385017,0.250774364372,0.303443084572,1.0,-0.01778,-0.023368,0.89
0.459204984157,0.504004723104,-0.124172109099,-1.42455097724,0.0754169193394,1.91935376803,0.150085505017,-0.0118172073666,-0.100367507711,0.000713626483759,-0.147997292753,-0.00709060596148,0.0537713813692,-0.0220300787735,0.573912105435,0.818902199219,0.00219778286329,0.0,0.818861113162,-0.573851345775,-0.0119103822118,0.0,-0.00849240103797,0.00863535771101,-0.999926652171,0.0,0.65350651925,0.250396350336,0.303497396235,1.0,-0.01812,-0.0238148571429,0.907
0.458959181484,0.502220469404,-0.124180603881,-1.42717521182,0.0752514436455,1.9203412385,0.149714672159,-0.0122011111507,-0.105225749685,1.59452627026e-05,-0.146639870202,-0.00623843968014,0.0572275343926,-0.0198274519108,0.573905679798,0.818906363603,0.0023206136049,0.0,0.818866953644,-0.573844514799,-0.0118377348379,0.0,-0.00836248600503,0.00869418444264,-0.999927237345,0.0,0.653192081609,0.249983202752,0.303579987287,1.0,-0.01848,-0.024288,0.925
0.458715420766,0.500401622681,-0.12417850724,-1.42991395963,0.0750743650657,1.92130389528,0.149332828966,-0.0152758084787,-0.102021925872,0.000208681013933,-0.157591828906,-0.0037812510523,0.0560352467201,-0.0210085799826,0.573882720863,0.81892235121,0.00235632877104,0.0,0.818883360912,-0.573821374061,-0.0118244997246,0.0,-0.00833139570841,0.0087156023006,-0.999927310419,0.0,0.652842471796,0.249561147823,0.303629032175,1.0,-0.01884,-0.0247611428571,0.943
0.458500588255,0.498918084076,-0.124183796141,-1.4322086853,0.0749328830859,1.92214679828,0.149001249025,-0.0121193896729,-0.104808291863,-0.0010090544668,-0.154897184051,-0.0159319647911,0.0594512042225,-0.0241790537135,0.573869551142,0.818931504659,0.00238240444654,0.0,0.818892831322,-0.573808082899,-0.0118136239428,0.0,-0.00830766585111,0.00873058108273,-0.999927377184,0.0,0.652558605555,0.249199547858,0.303644811228,1.0,-0.01914,-0.0251554285714,0.958
0.458231740169,0.497150679489,-0.124178744488,-1.43502229092,0.0747555558225,1.92317845248,0.148586094705,-0.013368065833,-0.0961783700426,-0.000343196615568,-0.155343073718,-0.0126623966114,0.0492816647029,-0.0254935907825,0.573840988336,0.818951560173,0.00236835300424,0.0,0.818912640152,-0.573779510417,-0.0118282765469,0.0,-0.00832803344547,0.00872719214102,-0.999927237341,0.0,0.652206530766,0.248758118008,0.303627087234,1.0,-0.0195,-0.0256285714286,0.976
0.457956280275,0.495487830039,-0.12418129146,-1.43771495219,0.0745871697228,1.92410992879,0.148194048351,-0.0135099319083,-0.0961074215411,-0.0012142443024,-0.160235115563,-0.0146700102711,0.0572079398,-0.0216275712854,0.573837661927,0.818954130454,0.00228404618958,0.0,0.818913980648,-0.573776375424,-0.0118873969364,0.0,-0.00842486328221,0.00869204077022,-0.999926732369,0.0,0.651862457268,0.248315792803,0.303584991597,1.0,-0.01984,-0.0260754285714,0.993
0.457702960009,0.493999238063,-0.124181263098,-1.44015836956,0.0744355102456,1.92497348873,0.147861680543,-0.0191126877767,-0.106092712134,0.00212311065004,-0.169162841238,-0.00489235282554,0.0573722647028,-0.0207122103084,0.573855798491,0.818941674656,0.00219156369424,0.0,0.818900244909,-0.573794804328,-0.0119439656354,0.0,-0.00852406747308,0.00864895250192,-0.999926265229,0.0,0.65153063484,0.247880829138,0.30352849262,1.0,-0.023564,-0.0309698285714,1.009
0.457391701016,0.491627065098,-0.124264204332,-1.4438303156,0.0742270558311,1.92633991568,0.147331898034,-0.0188840377021,-0.143102916483,-0.00308261983999,-0.228329244276,-0.0136172644549,0.0856589819922,-0.0225571497927,0.573863980268,0.818935773705,0.00225335256044,0.0,0.818895262257,-0.573802851561,-0.0118989030971,0.0,-0.00845162000916,0.00867377862516,-0.999926665153,0.0,0.651102423003,0.247318452456,0.30355785416,1.0,-0.03118,-0.0409794285714,1.026
0.456953215249,0.488621015486,-0.124278697635,-1.44867714673,0.0739554256074,1.92811773472,0.14660859993,-0.0302488104311,-0.181992395123,-0.00215514069078,-0.296918440376,-0.0156187053254,0.1068831506,-0.0404424489693,0.573810179773,0.818973588463,0.00221040510164,0.0,0.818932179779,-0.573748886356,-0.0119602353088,0.0,-0.00852706353667,0.00867324362758,-0.99992602928,0.0,0.650481647213,0.246566489179,0.303495955979,1.0,-0.039244,-0.0515778285714,1.044
0.456404727761,0.485019806427,-0.12434203265,-1.45426904655,0.07362380792,1.93023771986,0.145769661902,-0.0348265510091,-0.219779482874,-0.00604729226883,-0.347117084525,-0.0222531470633,0.126234369795,-0.0507890992567,0.573805947342,0.818976271676,0.00231260204732,0.0,0.818936313437,-0.573744365457,-0.0118938867452,0.0,-0.00841413062621,0.00871882461087,-0.999926589557,0.0,0.649799564142,0.245647764822,0.303521390313,1.0,-0.04686,-0.0615874285714,1.061
0.455873745507,0.481607155011,-0.124430359144,-1.45964148216,0.07329576259,1.93210821831,0.144943344326,-0.0383767844916,-0.254210832157,-0.00770223444336,-0.400911537092,-0.0259460676521,0.140482579796,-0.0600317798057,0.57380269667,0.818978790751,0.00222542038083,0.0,0.818937726415,-0.57374149453,-0.0119350161377,0.0,-0.00849787267914,0.00867099209505,-0.999926297312,0.0,0.649112076483,0.244733938346,0.303496750324,1.0,-0.053132,-0.0698306285714,1.075
0.455108698993,0.476819723218,-0.124531592795,-1.4670967444,0.0728488571932,1.93476242231,0.143840640294,-0.043326260073,-0.299041593057,-0.00829735578802,-0.450781656666,-0.030988305958,0.167603159019,-0.0698023872355,0.573841406428,0.818951719026,0.00220659806281,0.0,0.818910372864,-0.57378023866,-0.0119493028805,0.0,-0.00851996380777,0.00866417762543,-0.999926168396,0.0,0.648164378579,0.243466874995,0.303498182868,1.0,-0.060748,-0.0798402285714,1.092
0.454166461348,0.471115264188,-0.124609184292,-1.47593323703,0.0723244753994,1.93795516603,0.142559671242,-0.0547702039293,-0.32937932312,-0.00104072653953,-0.502029755359,-0.0359278792162,0.183282530942,-0.0770792960358,0.573903788924,0.818907854125,0.00226150664197,0.0,0.818867004423,-0.573842166258,-0.0119475601316,0.0,-0.00848636634779,0.0087087908685,-0.999926066541,0.0,0.647037420239,0.241972943432,0.30351640555,1.0,-0.068812,-0.0904386285714,1.11
0.45310040022,0.464648218639,-0.124661725999,-1.48565332442,0.071715497309,1.94158200168,0.140975755279,-0.065991500509,-0.368241410647,-0.00419031753444,-0.559268049253,-0.0356290506966,0.198994924419,-0.0946796802684,0.573813931437,0.818969895659,0.00257468333298,0.0,0.81893322732,-0.57375122108,-0.0117750754378,0.0,-0.00816636182423,0.0088653667469,-0.999927355265,0.0,0.645811421008,0.240336906378,0.303668378129,1.0,-0.076876,-0.101037028571,1.128
0.452086475507,0.458799600749,-0.124708840358,-1.49474887215,0.071129017612,1.94469435484,0.139611958476,-0.0742534621214,-0.405829831376,-0.00911382099175,-0.613968335995,-0.0410360654254,0.203916716385,-0.0950157784389,0.573826122936,0.818961762234,0.00244121616867,0.0,0.818922997972,-0.573763530674,-0.0118861752859,0.0,-0.00833380270179,0.00881993575548,-0.999926375523,0.0,0.644500879632,0.238669918906,0.303634692828,1.0,-0.084044,-0.110457828571,1.144
0.450760550307,0.451106653378,-0.124822271147,-1.50644797193,0.0703219533104,1.94880234798,0.137747259498,-0.0756177658049,-0.445625030091,-0.00473478170104,-0.651959099217,-0.0492431930121,0.25423405595,-0.105596877283,0.573783013887,0.818991789651,0.0024996722444,0.0,0.818954275844,-0.573720725734,-0.0117970267851,0.0,-0.00822771271406,0.00881622059596,-0.999927286855,0.0,0.643045466001,0.236726601455,0.303714198196,1.0,-0.09166,-0.120467428571,1.161
0.449369403921,0.443259359775,-0.124878155024,-1.51824407433,0.0695621248128,1.9531188124,0.135960945243,-0.0834272583546,-0.462840746591,-0.00054676606665,-0.711739422445,-0.0465916331404,0.253385807439,-0.111799504964,0.573825071134,0.818961334301,0.00280491698304,0.0,0.81892781816,-0.57376172522,-0.0116386519228,0.0,-0.00792240443172,0.00897574762351,-0.999928333163,0.0,0.641496671274,0.234685191437,0.303851606913,1.0,-0.099276,-0.130477028571,1.178
0.447941521475,0.435454956433,-0.124914883587,-1.53023267285,0.068738385351,1.95722122092,0.133999850768,-0.0953784627047,-0.51001197765,-0.00251209858597,-0.757484124115,-0.05506586775,0.260789028059,-0.119454788416,0.573717091957,0.819037272085,0.00271886616964,0.0,0.819002434031,-0.573653827338,-0.0117066789395,0.0,-0.00802867297639,0.00894325199371,-0.999927776719,0.0,0.639836945927,0.232589957148,0.303834858604,1.0,-0.106444,-0.139897828571,1.194
0.446273073382,0.426587846569,-0.124960488587,-1.54360015275,0.0678047751386,1.96199516283,0.131825336055,-0.101307890429,-0.523354739095,-0.00204808138273,-0.789316834621,-0.0635794656768,0.28138788205,-0.13681940536,0.57365562883,0.819079634052,0.0029188171812,0.0,0.819047644387,-0.573591982622,-0.011573270839,0.0,-0.00780537058726,0.00902989615089,-0.999928766046,0.0,0.638020004867,0.230220706534,0.303927869073,1.0,-0.11406,-0.149907428571,1.211
0.444430309965,0.417236166105,-0.125056366772,-1.5578062476,0.0667885540505,1.96681294011,0.129494853705,-0.11131148013,-0.563365827823,-0.0134920266592,-0.847774480838,-0.0616706587641,0.297414162687,-0.1319334309,0.573642516537,0.819089071992,0.00284644769731,0.0,0.819056266242,-0.57357925015,-0.011594111819,0.0,-0.00786409836286,0.00898244924387,-0.999928733242,0.0,0.63602777916,0.227617503272,0.303936636208,1.0,-0.121676,-0.159917028571,1.228
0.442561755795,0.407963680803,-0.125146801129,-1.5718241667,0.0658296609785,1.97171871586,0.127152209734,-0.119152041862,-0.583541337219,0.00206807448867,-0.900901804175,-0.0535972632705,0.300377546796,-0.149699878204,0.573632105232,0.819095947145,0.00296380152917,0.0,0.819064614968,-0.573568403599,-0.0115407885767,0.0,-0.00775321951187,0.00904788600548,-0.999929009153,0.0,0.634066292214,0.225044438834,0.303967489076,1.0,-0.128844,-0.169337828571,1.244
0.440196671002,0.396940326618,-0.125278627518,-1.58836088541,0.0647089326988,1.97731482994,0.124352146455,-0.136097457517,-0.634549901749,-0.00919550460493,-0.922804898005,-0.062194458562,0.32729141393,-0.161168630846,0.573723494217,0.819031691932,0.0030309561709,0.0,0.819000822448,-0.573659088176,-0.0115607215852,0.0,-0.00773001063326,0.00911518867594,-0.999928577585,0.0,0.631710914169,0.221894692674,0.304017275047,1.0,-0.136908,-0.179936228571,1.262
0.437977232848,0.386789113192,-0.125399065498,-1.60375700694,0.0635090558078,1.98250142009,0.12170038234,-0.143424487697,-0.646185598621,-0.00537948807063,-0.99584767399,-0.0809159453409,0.327063629807,-0.168517608506,0.573714192719,0.819038693944,0.00289651462986,0.0,0.819006720419,-0.573650963881,-0.0115460144213,0.0,-0.00779519424417,0.00899655050193,-0.999929146003,0.0,0.62947579512,0.218938346138,0.30396006684,1.0,-0.144076,-0.189357028571,1.278
0.435434753934,0.375439193311,-0.125516148743,-1.62057107485,0.062274853649,1.98808357735,0.118661501737,-0.157471301361,-0.673362004729,-0.00608852767627,-0.99756067937,-0.0688694075004,0.327023690344,-0.184096718558,0.573675803118,0.819065333049,0.00296648212537,0.0,0.819034196062,-0.573612274739,-0.0115191515044,0.0,-0.00773347599688,0.00903808280433,-0.999929250701,0.0,0.626994739086,0.215667975857,0.304035024994,1.0,-0.151692,-0.199366628571,1.295
0.432957717232,0.365165148734,-0.125630527565,-1.63591235707,0.0611158481481,1.99316710093,0.115978905737,-0.167827417632,-0.702097809724,-0.0127704704101,-1.0144379805,-0.0796633295409,0.344829136259,-0.181083220042,0.573818694054,0.818965341619,0.00293640627823,0.0,0.818933898126,-0.573755339442,-0.0115250971194,0.0,-0.00775402560768,0.00901821244634,-0.999929270964,0.0,0.624717968883,0.212588880963,0.304020802393,1.0,-0.158412,-0.208198628571,1.31
0.430001050469,0.353037541515,-0.125771432575,-1.65388815007,0.059734702489,1.99906901003,0.112630343088,-0.172266630898,-0.710479198735,-0.00751006839525,-1.0844289025,-0.0811275702052,0.344225180685,-0.198609370333,0.573835294128,0.818953731898,0.002930379614,0.0,0.818922324401,-0.573772089112,-0.0115136116978,0.0,-0.00774789440552,0.00900684344962,-0.999929420961,0.0,0.621999314288,0.208956295798,0.304023868143,1.0,-0.166028,-0.218208228571,1.327
0.42683694458,0.340387318889,-0.125930812094,-1.67232355495,0.0583596359133,2.00507023337,0.109165383098,-0.190712791307,-0.758370368258,-0.00613937394376,-1.1078791883,-0.0815588739994,0.357762236408,-0.207411441037,0.573933098575,0.818884583353,0.00309586968278,0.0,0.818855061548,-0.573869065653,-0.0114643170588,0.0,-0.00761147520038,0.00911499506414,-0.999929488669,0.0,0.619171885091,0.205168141057,0.304121891798,1.0,-0.173644,-0.228217828571,1.344
0.423503186308,0.327447765884,-0.126001112751,-1.69131776468,0.0568085390782,2.01113112184,0.105460329094,-0.205507953819,-0.787507883046,-0.00368329359656,-1.11586059895,-0.0931845762265,0.36584867327,-0.223474817045,0.573834720416,0.818953735383,0.0030397118651,0.0,0.818923558899,-0.573770957676,-0.011482147404,0.0,-0.00765939658593,0.00907832128975,-0.999929456375,0.0,0.616167014741,0.201272489275,0.304106051929,1.0,-0.18126,-0.238227428571,1.361
0.419747412467,0.313275865716,-0.126041591767,-1.71204714822,0.0550938854192,2.01760104108,0.101374874216,-0.213537733689,-0.800540909941,-0.00407752484691,-1.14620045318,-0.0861818969835,0.355219166048,-0.243483274942,0.573717263236,0.819036486494,0.00291248305785,0.0,0.819004421641,-0.573653637725,-0.0115761893195,0.0,-0.00781071530678,0.00902696995458,-0.999928750732,0.0,0.612799971772,0.196990539708,0.30405824537,1.0,-0.189324,-0.248825828571,1.379
0.41570092921,0.298611258878,-0.126164839222,-1.73321456352,0.0532927870601,2.0242057694,0.0970054617351,-0.234573375516,-0.836790923017,-0.00632569566879,-1.20333384045,-0.0975129155242,0.365786686715,-0.237957572632,0.573615763508,0.819107555861,0.00291799371808,0.0,0.819075869909,-0.573552489049,-0.0115329328529,0.0,-0.00777323954,0.00900570371466,-0.99992923452,0.0,0.609342081649,0.192471329151,0.304079787883,1.0,-0.197388,-0.259424228571,1.397
0.412095362256,0.285961172684,-0.126299822821,-1.7511313479,0.0518747243936,2.02970638623,0.0932874926043,-0.246089467538,-0.844843956752,-0.0071745989938,-1.21237620152,-0.0965166182935,0.368490681108,-0.250990609304,0.573693585571,0.819052305177,0.00312060259802,0.0,0.819022648408,-0.573628962709,-0.0115091892847,0.0,-0.00763670701333,0.0091587686069,-0.999928896304,0.0,0.606372391563,0.188562054993,0.304196578192,1.0,-0.204108,-0.268256228571,1.412
