position_joint1,position_joint2,position_joint3,position_joint4,position_joint5,position_joint6,position_joint7,velocity_joint1,velocity_joint2,velocity_joint3,velocity_joint4,velocity_joint5,velocity_joint6,velocity_joint7,ee_T_00,ee_T_10,ee_T_20,ee_T_30,ee_T_01,ee_T_11,ee_T_21,ee_T_31,ee_T_02,ee_T_12,ee_T_22,ee_T_32,ee_T_03,ee_T_13,ee_T_23,ee_T_33,v_x,v_y,time
0.465094650663,0.547642578047,-0.123942416769,-1.35575397095,0.0794442052176,1.89408669477,0.159170821551,0.000323975865481,4.62423620533e-06,0.000855319114018,0.000277973837416,2.18284334601e-05,6.10393249328e-05,-0.000837186329379,0.573746447632,0.819018527632,0.00210050626222,0.0,0.81897767836,-0.573687612862,-0.0117827033415,0.0,-0.00844538051861,0.00848071520772,-0.999928373944,0.0,0.661683195007,0.260932285905,0.303347354788,1.0,0.0,0.0,0.0
0.465089343289,0.547644615694,-0.123947706458,-1.3557525934,0.0794442052178,1.8940875115,0.159166947213,-0.00154849700318,0.000838377143243,-0.0011993558968,0.000192188132352,1.45522889734e-05,0.000278051825032,-0.0019246448293,0.573751251718,0.819015165437,0.0020992469077,0.0,0.818974328804,-0.573692450412,-0.0117799830535,0.0,-0.00844382523674,0.00847817258051,-0.99992840864,0.0,0.661686219732,0.260925905185,0.303346812991,1.0,-0.0,-0.0,0.001
0.465086950273,0.547641273419,-0.123943091649,-1.35575240916,0.0794434931411,1.89408756383,0.159169283975,-0.000461367413206,0.000231584505255,-0.000417495425736,-0.000147835100492,0.000511404624327,3.04822918215e-05,0.000741782150948,0.573751696196,0.819014844171,0.00210310269313,0.0,0.818974041525,-0.573692863577,-0.0117798340307,0.0,-0.00844148645133,0.00848124955867,-0.999928402293,0.0,0.661685965399,0.260926946926,0.303349118969,1.0,-0.00032,-0.000420571428571,0.017
0.465083018856,0.54763664167,-0.123948415563,-1.35576140158,0.0794410114023,1.89409144401,0.159165567698,-0.00130337448472,0.000234974121566,-0.000282279421123,-7.8541468347e-05,6.59888478166e-05,-0.000178575130837,-0.00204669269102,0.573755444853,0.819012225328,0.00210027772571,0.0,0.818971430712,-0.573696667751,-0.0117760770444,0.0,-0.00843999122917,0.00847681898219,-0.999928452484,0.0,0.661687188301,0.260920119199,0.303348628649,1.0,-0.00066,-0.000867428571429,0.034
0.465087428496,0.54757855643,-0.123950893889,-1.3558158177,0.079438761057,1.89409476017,0.159173143678,0.000552609725713,-0.00439080303914,-0.00105559152114,-0.00563685830151,-9.78298854854e-05,-0.000130283313014,0.000869784473874,0.573762062656,0.819007571063,0.00210734393542,0.0,0.818966850999,-0.573703239834,-0.0117743989213,0.0,-0.00843449420824,0.00848171153763,-0.999928457379,0.0,0.661676455494,0.260915767243,0.303364241583,1.0,-0.00106,-0.00139314285714,0.054
0.46508645445,0.547473919614,-0.123945368358,-1.35593326157,0.0794394150595,1.89411865721,0.159168265434,-0.00231704485039,-0.00654698280869,0.000109200552864,-0.0079690275962,-8.25730943414e-05,0.000687748000949,0.000424410591585,0.573761565455,0.819007876629,0.00212389429583,0.0,0.818967249979,-0.573702555714,-0.0117799800716,0.0,-0.00842957517501,0.00849846329934,-0.999928356626,0.0,0.661656010821,0.260907483843,0.303384358684,1.0,-0.00132,-0.00173485714286,0.067
0.465069409623,0.547320929733,-0.123950895289,-1.35615665301,0.079435946443,1.89418813281,0.159166737626,-0.00169434265752,-0.00746137379591,-0.0010749715452,-0.00979757373654,-2.11246346788e-05,0.00570000369344,0.00100461604548,0.57378961758,0.818988214034,0.00212765866412,0.0,0.818947558675,-0.573730511442,-0.0117874205414,0.0,-0.00843321816933,0.00850610416225,-0.999928260938,0.0,0.661628602199,0.260872655624,0.303392612787,1.0,-0.0017,-0.00223428571429,0.086
0.465054630994,0.547165325952,-0.123945309714,-1.35634039503,0.0794305941631,1.89428488688,0.159148907816,-0.00165976837126,-0.0124778679637,0.00125285993223,-0.00838519498709,0.000584577641658,0.00255708622046,-0.00384503010767,0.57379220725,0.81898623438,0.00219036434589,0.0,0.818946353536,-0.5737328173,-0.0117588811128,0.0,-0.0083738390784,0.00854110968533,-0.999928461573,0.0,0.661612754391,0.260852058544,0.303423586007,1.0,-0.002,-0.00262857142857,0.101
0.465037508328,0.546978363394,-0.123943835563,-1.35656593649,0.0794274805299,1.89440055834,0.159132650962,0.00138403249527,-0.0116141540954,-2.59196340579e-05,-0.0149154372859,6.68500612709e-05,0.00464091693615,-0.0017195319569,0.573803819194,0.818977904652,0.00226178490021,0.0,0.818938895511,-0.573744099247,-0.0117277832253,0.0,-0.00830726953249,0.00858187566112,-0.999928667797,0.0,0.661593344693,0.260824629273,0.303458653342,1.0,-0.00234,-0.00307542857143,0.118
0.464997504962,0.546769419252,-0.123943108696,-1.3568520527,0.0794175376379,1.89453610164,0.159115700351,-0.000909175248032,-0.0139593321014,0.000996459862051,-0.0208863507885,-0.000249588804557,0.00824636739265,-0.00194522026721,0.573835713554,0.818955409216,0.0023148364427,0.0,0.81891706231,-0.573775764314,-0.0117031724035,0.0,-0.00825633825576,0.0086115231449,-0.999928834742,0.0,0.661571095598,0.260774968223,0.303482186662,1.0,-0.00268,-0.00352228571429,0.135
0.464962296086,0.54649392081,-0.123949099942,-1.35724292624,0.0794080400133,1.89467425711,0.159060010019,-0.000444083437826,-0.019239939385,-0.00139404073495,-0.0241737422046,4.26584155152e-05,0.0101793300019,-0.00518431329457,0.573842383898,0.818950659856,0.00234138105936,0.0,0.818912554452,-0.573782228096,-0.0117017000133,0.0,-0.00823983074852,0.00863248397762,-0.999928790169,0.0,0.661527336523,0.260713273014,0.3035034266,1.0,-0.00304,-0.00399542857143,0.153
0.464921847912,0.546231578955,-0.123949453613,-1.35764412023,0.0793934739875,1.89483115318,0.158936117247,-0.000984828608933,-0.0158815827871,-0.00063594374325,-0.0277204800911,-0.000666841947269,0.0194086897952,-0.00360781619528,0.573792916411,0.818985259284,0.00236242532342,0.0,0.818947347441,-0.573732605765,-0.0116998334692,0.0,-0.00822674910106,0.00864815002366,-0.999928762513,0.0,0.661484929538,0.260650430444,0.30351185362,1.0,-0.00336,-0.004416,0.169
0.46487813787,0.545944547529,-0.123945921439,-1.35814628198,0.0793683486214,1.89499213177,0.158923229802,-0.00221400959698,-0.0175861074393,-0.00704134587007,-0.0338474177827,-0.00432054979475,0.00263861726095,-0.00340410092124,0.573837001137,0.818954494602,0.00231922374625,0.0,0.81891592466,-0.573776743417,-0.0117347327509,0.0,-0.00827965488992,0.00863323932617,-0.999928454687,0.0,0.661421326247,0.260574578944,0.303489891159,1.0,-0.0037,-0.00486285714286,0.186
0.464825295839,0.545632382684,-0.123946334334,-1.35866703029,0.079294515811,1.89517427998,0.158861455062,-0.00268057823378,-0.0147973499335,-1.90331464299e-05,-0.0351578901976,-0.00134214514198,0.00980212095191,-0.00501038886073,0.573839439078,0.818952916751,0.00227270864653,0.0,0.818914098169,-0.5737797242,-0.0117164336705,0.0,-0.00829133302183,0.00858467015864,-0.999928776081,0.0,0.661364309485,0.260482082664,0.303478738329,1.0,-0.00402,-0.00528342857143,0.202
0.46476775122,0.545291276529,-0.123951993953,-1.35924734764,0.0792310246105,1.89536501047,0.158760726307,-0.00134168774145,-0.0192723614358,-0.000702753447804,-0.0385123999138,-0.000380125974105,0.012179575688,-0.00372957492313,0.573823467021,0.818964267698,0.00221445949173,0.0,0.818924932485,-0.573764219615,-0.0117184531961,0.0,-0.00832657713059,0.00853796391314,-0.999928883114,0.0,0.661297877665,0.260379007625,0.303460636057,1.0,-0.00434,-0.005704,0.218
0.46470683339,0.544862879974,-0.123952711428,-1.35998443248,0.0792223183652,1.89560413268,0.158700012622,-0.00197356317314,-0.0229595626985,0.000904455387019,-0.0434065343791,-0.00118343288175,0.011098784963,0.000453653384927,0.573862809708,0.818936807961,0.00217418979519,0.0,0.818896587053,-0.573803341165,-0.0117835598367,0.0,-0.00840259528624,0.00854274783348,-0.999928206349,0.0,0.661203976071,0.260271260742,0.303433818597,1.0,-0.0047,-0.00617714285714,0.236
0.464637729048,0.544433985281,-0.123955431079,-1.36071453191,0.0791975306263,1.89585970508,0.158589729504,-0.00475181420901,-0.0291043028826,-0.00108313510179,-0.0418019268311,-0.000967479296286,0.0236442516242,-0.00246327348233,0.573865089084,0.818935288583,0.0021446551764,0.0,0.818894495996,-0.573805545377,-0.0118214814347,0.0,-0.00845057597685,0.00854034624453,-0.999927822521,0.0,0.661118372601,0.260156297017,0.303412105716,1.0,-0.00504,-0.006624,0.253
0.46458128777,0.544039631697,-0.123956593751,-1.36134691201,0.0791689424576,1.89608210342,0.158521618562,-0.00539626615226,-0.0298500173653,7.19357760802e-05,-0.0458863837014,-0.00452646053791,0.0119386120707,0.000875852755577,0.573883921996,0.818922113602,0.00213607800056,0.0,0.818881109274,-0.573824308708,-0.0118380112866,0.0,-0.00846883879303,0.00854300274766,-0.999927645319,0.0,0.661044197433,0.260058893494,0.303409480648,1.0,-0.00532,-0.006992,0.267
0.464497902511,0.543442906923,-0.123966490213,-1.36231797331,0.0791180519262,1.89642671342,0.158393317782,-0.00477561008869,-0.0298180329394,-0.00308637815691,-0.0481729924487,-7.04824845701e-05,0.0163536081086,-0.00553635564222,0.573894540405,0.818914734556,0.00211208936188,0.0,0.818873367763,-0.573834970649,-0.011856682877,0.0,-0.00849778518266,0.00853418360869,-0.999927475049,0.0,0.660931942112,0.259905764639,0.303399660241,1.0,-0.00572,-0.00751771428571,0.287
0.46442581205,0.542937202925,-0.123967478087,-1.36313019327,0.0790599587336,1.89670889923,0.158284944651,-0.00109923140233,-0.0310277265569,-0.000161746886266,-0.0511226185437,-0.00756064649747,0.0157911857878,-0.00748053970571,0.573895123257,0.818914392548,0.00208616385544,0.0,0.81887274128,-0.573835710444,-0.0118641438093,0.0,-0.00851876681529,0.00851724097215,-0.999927440977,0.0,0.660836691558,0.259777528134,0.303395250555,1.0,-0.00604,-0.00793828571429,0.303
0.464350576484,0.542323759354,-0.123971079268,-1.36408153095,0.0790033888229,1.89706137814,0.158159396815,-0.00348927913146,-0.0311852333057,-0.00193321263909,-0.0487070542275,-0.00967392733897,0.0128331152213,-0.0144860176812,0.573894231303,0.818914987667,0.0020978925459,0.0,0.8188734912,-0.573834773673,-0.0118576909731,0.0,-0.00850676094427,0.00852313313601,-0.999927492981,0.0,0.660727450561,0.259635627613,0.303406957834,1.0,-0.0064,-0.00841142857143,0.321
0.464286240326,0.541782893663,-0.123967723268,-1.36491788641,0.0789588091729,1.89736662747,0.158055430117,-0.00485923391045,-0.0363280602972,0.000562047873273,-0.0539502043728,-0.00573321404808,0.0189273561771,1.83289906823e-05,0.573893932888,0.818915165145,0.00211021083928,0.0,0.818873746092,-0.5738343428,-0.0118609395101,0.0,-0.00850235548424,0.00853508180497,-0.999927428532,0.0,0.660628149319,0.259516396385,0.303417680045,1.0,-0.0067,-0.00880571428571,0.336
0.464187948938,0.541023747297,-0.123970831391,-1.36609587797,0.0788853291403,1.89780684951,0.157892951227,-0.00312165966575,-0.0426381102571,0.000374102072266,-0.0656786658413,-0.000581846379843,0.0198563415128,-0.0165863927071,0.573889286004,0.818918380993,0.0021259312241,0.0,0.818877197419,-0.573829664771,-0.0118489779095,0.0,-0.00848358673979,0.00854104251662,-0.999927537049,0.0,0.660494445226,0.259337793189,0.303431927573,1.0,-0.0071,-0.00933142857143,0.356
0.464125500759,0.540486249476,-0.123974293299,-1.36690147845,0.0788467107834,1.89810247067,0.157796469067,-0.00339057782323,-0.0461450958297,-4.37072335778e-05,-0.0605158511956,-0.00205884204885,0.0301019895683,-0.00913939709115,0.573898109002,0.818912123603,0.00215434479628,0.0,0.818871228822,-0.573838292163,-0.0118436462166,0.0,-0.00846282287135,0.00856134197038,-0.999927539401,0.0,0.660400688623,0.259219786997,0.303454145529,1.0,-0.00736,-0.00967314285714,0.369
0.464015696716,0.53972477227,-0.123974452217,-1.36806937595,0.0787810844201,1.89854663677,0.157656316213,-0.00444130118334,-0.0415031979341,-0.000974941659186,-0.0645716434612,0.000194779923449,0.0319660826644,-0.0081446392761,0.57392052122,0.818896326163,0.00218842876397,0.0,0.818855840238,-0.573860532098,-0.0118300257998,0.0,-0.00843187411065,0.00858166747109,-0.999927626622,0.0,0.660271628993,0.259038076529,0.303474882382,1.0,-0.00772,-0.0101462857143,0.387
0.463914928461,0.53898477385,-0.12398319008,-1.36922361903,0.0787034494097,1.8989860976,0.157517530434,-0.00464060921334,-0.0442462409289,-0.000983459537968,-0.0679365313232,-0.00346705615622,0.0238869900737,-0.00793177307057,0.573938629001,0.818883597875,0.00220231107724,0.0,0.818843412647,-0.573878705826,-0.011808618244,0.0,-0.00840618620789,0.00858093529315,-0.999927849189,0.0,0.660144273509,0.258856447895,0.303486668028,1.0,-0.00806,-0.0105931428571,0.404
0.463810573228,0.5382682215,-0.123983541358,-1.37034802005,0.0786443294963,1.89941919124,0.157369302026,-0.00669976478246,-0.0421709857573,-0.000245332207265,-0.0709356715469,-0.00634877692197,0.0255689288962,-0.00828782476599,0.573949324873,0.818876033513,0.00222735663203,0.0,0.818836109442,-0.573889237148,-0.0118032309217,0.0,-0.00838728840265,0.00859846200476,-0.99992785732,0.0,0.660019684136,0.258683120474,0.303495182626,1.0,-0.00838,-0.0110137142857,0.42
0.46370295614,0.537474835854,-0.123983953719,-1.37159005446,0.0785669786503,1.89989537358,0.157215792666,-0.00959712758277,-0.0519563759752,0.000288373439349,-0.0740761129741,-0.0130985296257,0.0263286789467,-0.00837897182646,0.573959899349,0.818868565078,0.00224810302141,0.0,0.818828943566,-0.573899764006,-0.0117885094047,0.0,-0.008363215005,0.00860710920697,-0.99992798456,0.0,0.659880101659,0.258494642372,0.303505559244,1.0,-0.00872,-0.0114605714286,0.437
0.463570931408,0.536558508835,-0.123989359818,-1.37304714118,0.07848108618,1.90043252833,0.157040473727,-0.00549274867035,-0.0479598506293,0.000305818586722,-0.0754973800048,-0.006575359659,0.0261272131445,-0.0117891698052,0.573985448562,0.818850668321,0.0022438207544,0.0,0.818810980182,-0.573925315248,-0.0117922920566,0.0,-0.00836850181736,0.00860603480979,-0.999927949575,0.0,0.659713684483,0.258266022023,0.303505675598,1.0,-0.0091,-0.01196,0.456
0.463474808593,0.535844471794,-0.124001068567,-1.37416476429,0.0784256564284,1.90084375193,0.156905678724,-0.00754322067893,-0.0512407111225,-0.00112934618938,-0.0849444430621,-0.000677684394778,0.030434712251,-0.0148045042745,0.574008585675,0.818834422401,0.00225369978739,0.0,0.818794798481,-0.573948345376,-0.0117949871525,0.0,-0.0083647952765,0.00861590743962,-0.99992789557,0.0,0.659585743773,0.258091461341,0.303513729851,1.0,-0.00938,-0.012328,0.47
0.463352525345,0.534950543473,-0.123994233249,-1.37556412677,0.078343354316,1.90135007281,0.156732417409,-0.0115607684142,-0.0513502364025,0.000804500150391,-0.080965986403,-0.00312828881649,0.0265479111997,-0.0129361326184,0.574021289461,0.818825496738,0.00226098178843,0.0,0.818785906994,-0.573960957206,-0.0117985173813,0.0,-0.00836337260484,0.0086240262245,-0.999927837481,0.0,0.659411814582,0.257866726762,0.303526179294,1.0,-0.00974,-0.0128011428571,0.488
0.463228475096,0.534056048469,-0.124004841225,-1.3770260276,0.0782598888026,1.90188726901,0.156549851818,-0.00997956208955,-0.0529252357496,0.000886059069079,-0.0856097726508,-0.00661540490252,0.0301166792313,-0.0158678078876,0.574033987533,0.818816679679,0.00223005329815,0.0,0.81877664571,-0.573973730201,-0.0118198299592,0.0,-0.00839844360751,0.00861106547233,-0.999927655231,0.0,0.659249698025,0.257654671616,0.303504204432,1.0,-0.01006,-0.0132217142857,0.504
0.463106413292,0.533137897134,-0.124003844726,-1.37851260777,0.0781708823251,1.90245008157,0.156372059732,-0.00763731496916,-0.0566020421783,0.000302067230279,-0.0885679792101,-0.0107982730291,0.0293132131615,-0.0111335201103,0.574045203182,0.818808833681,0.00222384612865,0.0,0.818768703043,-0.573984952316,-0.0118250722026,0.0,-0.0084061812093,0.00860910733768,-0.999927607074,0.0,0.659076330936,0.257434174604,0.303492895111,1.0,-0.0104,-0.0136685714286,0.521
0.462980287383,0.532184385706,-0.124003957248,-1.38005579595,0.0780841992079,1.90303404131,0.156171042359,-0.00420250431575,-0.0502656245446,0.000533129484023,-0.0947177035269,-0.00711456684587,0.0387548616504,-0.0110992591852,0.574045084334,0.818808925755,0.00222062087365,0.0,0.818768689061,-0.573984780468,-0.0118343781115,0.0,-0.00841565387122,0.00861180722666,-0.999927504145,0.0,0.658895706294,0.25720592745,0.303481261241,1.0,-0.01074,-0.0141154285714,0.538
0.462832954734,0.531071138876,-0.124004058922,-1.38185284157,0.0779768094033,1.90367900414,0.155940266711,-0.00943038974729,-0.059099307909,0.00177525121568,-0.107463861602,-0.00801645439887,0.0310527110071,-0.0108641427095,0.574045801412,0.818808512183,0.00218750049058,0.0,0.818767777306,-0.573985559389,-0.0118596525643,0.0,-0.00845535357018,0.00859920423658,-0.999927277697,0.0,0.65867838632,0.256936512759,0.303466428978,1.0,-0.01112,-0.0146148571429,0.557
0.4627087141,0.530164606709,-0.1240063278,-1.38329196081,0.0778823163541,1.90418568558,0.15575215142,-0.00620307405349,-0.0618934093379,-0.000726341318706,-0.0985066506142,-0.00872263209217,0.0334503544661,-0.0118638917141,0.574047754277,0.818807213195,0.00216109456254,0.0,0.818766154441,-0.573987637185,-0.0118711247222,0.0,-0.00847988425368,0.00858418884414,-0.999927198982,0.0,0.658504952325,0.256713564282,0.303464124335,1.0,-0.01142,-0.0150091428571,0.572
0.462572404733,0.529177578619,-0.12401456829,-1.38484333011,0.0777892439523,1.90474966358,0.155543732081,-0.0122150956392,-0.0652628149336,-0.0015690662982,-0.10234293534,-0.00545388058006,0.0395831343145,-0.0184177603734,0.574053619846,0.818803106043,0.00215916130174,0.0,0.81876201883,-0.573993506413,-0.0118725741725,0.0,-0.00848211934977,0.00858349870596,-0.99992718595,0.0,0.658322841487,0.256471058318,0.303470069398,1.0,-0.01174,-0.0154297142857,0.588
0.462442528136,0.52809217932,-0.124015496642,-1.3865506276,0.0776816890363,1.90540143431,0.155303068826,-0.0106702513794,-0.0661966104266,-0.000296022054653,-0.0996287070607,-0.00622272118493,0.0446335594177,-0.0106194997749,0.574027206831,0.818821566122,0.00218072770834,0.0,0.818780802561,-0.573967054412,-0.0118559988729,0.0,-0.00845644451858,0.00859136931089,-0.99992733582,0.0,0.65812139897,0.256223452928,0.303478201396,1.0,-0.01208,-0.0158765714286,0.605
0.462307903523,0.527015813935,-0.12401272173,-1.38819753498,0.0775818309461,1.90603311378,0.155083470491,-0.00596360108196,-0.0692155398869,0.000122778157636,-0.105898201943,-0.0057574514979,0.0372420602012,-0.00936189454475,0.574017884198,0.818827961691,0.00223263850605,0.0,0.818787872105,-0.573957527285,-0.0118289588418,0.0,-0.00840460439581,0.00861825718637,-0.999927541509,0.0,0.657929316374,0.255981830149,0.303506581487,1.0,-0.0124,-0.0162971428571,0.621
0.462151972324,0.525779026394,-0.124018614024,-1.39012614569,0.077459875904,1.90674712367,0.154819242963,-0.00715630913704,-0.0685058894054,-0.000564427683625,-0.110068330207,-0.0052155246213,0.0422761481682,-0.0183918017401,0.574004482248,0.818837317377,0.00224698288456,0.0,0.818797459685,-0.573944117719,-0.0118159490168,0.0,-0.00838585883971,0.00862239758334,-0.999927663199,0.0,0.65769993289,0.255691878084,0.303520887011,1.0,-0.01276,-0.0167702857143,0.639
0.461990852816,0.524615542519,-0.124021866644,-1.39196068186,0.0773378886885,1.90740495777,0.154573654574,-0.0130880877709,-0.0697319597599,-0.000188513474963,-0.11195534132,-0.0105343592865,0.0321195415685,-0.00693554692719,0.574003239471,0.818838237121,0.00222921659641,0.0,0.818798201113,-0.573942998283,-0.0118189456653,0.0,-0.00839852307365,0.00860955739872,-0.99992766755,0.0,0.657479589877,0.255406498899,0.303523118581,1.0,-0.0131,-0.0172171428571,0.656
0.461847678436,0.523546699845,-0.12402687655,-1.39364409591,0.0772339817412,1.90800607072,0.154329533567,-0.0117661229973,-0.0744983731323,-0.000732532348424,-0.113528703244,-0.00906242096352,0.0387528539677,-0.0145231870377,0.573986316797,0.818850135086,0.00221614554114,0.0,0.81880990998,-0.573926109164,-0.0118279093424,0.0,-0.00841354336179,0.00860382570018,-0.999927590614,0.0,0.6572752329,0.255147693129,0.303525602909,1.0,-0.0134,-0.0176114285714,0.671
0.461678428201,0.522261112208,-0.124024782274,-1.39570274087,0.0771126463863,1.90881001697,0.154062903777,-0.011733495687,-0.0664831967247,0.000384105381543,-0.111543429696,-0.00789331466843,0.0463673667038,-0.00672040668235,0.573982953838,0.818852422979,0.00224164805732,0.0,0.818812511603,-0.573922628827,-0.0118166773933,0.0,-0.00838974389771,0.0086182267983,-0.999927666566,0.0,0.657034178236,0.254845124298,0.303518933399,1.0,-0.01376,-0.0180845714286,0.689
0.461515526574,0.52101032282,-0.124033608932,-1.3976905307,0.076995253518,1.90957583932,0.153786129235,-0.0085496463735,-0.0753357998674,0.000616754551169,-0.120509502273,-0.00761183914088,0.0368869901871,-0.0131601829815,0.573970712241,0.818860943068,0.00226369354555,0.0,0.81882133868,-0.573910324369,-0.0118026185907,0.0,-0.00836570735866,0.00862808409551,-0.999927782945,0.0,0.656801231865,0.254546418744,0.303518211185,1.0,-0.0141,-0.0185314285714,0.706
0.461363833691,0.51980319042,-0.124038581071,-1.39962114895,0.0768609122966,1.91027323535,0.153526218152,-0.00907600539355,-0.0765753530463,0.000132200061312,-0.12298318366,-0.0147022657833,0.039800638936,-0.0174191209127,0.573952016423,0.818874138523,0.00223047151506,0.0,0.818834216022,-0.573891876376,-0.0118062611653,0.0,-0.00838795395207,0.00860277942683,-0.999927814602,0.0,0.6565634799,0.25425626293,0.303507601272,1.0,-0.01442,-0.018952,0.722
0.461175458741,0.518296597328,-0.124047112104,-1.40192570668,0.0767163156496,1.91110048484,0.153213105227,-0.0110294750483,-0.0696557164299,-0.000464363742751,-0.125542291994,-0.00541366622964,0.0452639441594,-0.0200626944582,0.573939024342,0.818883184338,0.00225247600506,0.0,0.818843558353,-0.573878811646,-0.011793362073,0.0,-0.0083648986856,0.00861326202099,-0.999927917496,0.0,0.656281109956,0.253906693319,0.303540170137,1.0,-0.0148,-0.0194514285714,0.741
0.460994547474,0.517004297238,-0.124049701654,-1.40394925839,0.0765878611649,1.91182390741,0.152936296485,-0.0119855959026,-0.0863294209566,-0.000645460496525,-0.122988082336,-0.0108688083227,0.0471557250202,-0.0196661764133,0.573934604068,0.818886308513,0.00224296329979,0.0,0.818846548621,-0.573874418057,-0.0117995343876,0.0,-0.00837545915201,0.00860896960301,-0.999927866062,0.0,0.656033913906,0.25359165051,0.303546502484,1.0,-0.01512,-0.019872,0.757
0.460824521195,0.515739779908,-0.124053497465,-1.40596887719,0.076461353298,1.91259957861,0.152656627768,-0.00888799445729,-0.0761978946818,-0.00171347436943,-0.132145225938,-0.0105814529743,0.0499341515545,-0.013519658714,0.573920233113,0.818896346675,0.00225528873165,0.0,0.818856797212,-0.573860053096,-0.0117869428094,0.0,-0.00835822521551,0.00861168927415,-0.999927986847,0.0,0.65579406152,0.253287003923,0.30353946038,1.0,-0.01544,-0.0202925714286,0.773
0.460623236737,0.514261878198,-0.124060231946,-1.40831861092,0.0763258725633,1.91345205631,0.152339083525,-0.013531080728,-0.0820741793315,-0.000273819473425,-0.13187839136,-0.0113198469424,0.0431346124098,-0.0146574935542,0.57391697234,0.818898670897,0.00224110789577,0.0,0.818858833557,-0.573856740896,-0.0118067156833,0.0,-0.00838259029849,0.00861139131161,-0.999927785452,0.0,0.655505064442,0.252927619835,0.303531249648,1.0,-0.0158,-0.0207657142857,0.791
0.460444573294,0.512933286405,-0.124065707324,-1.41046243741,0.0761999870711,1.91420207782,0.152038910453,-0.00863612433371,-0.0908069436262,-0.000495580165021,-0.136377405519,-0.0072398245979,0.0490356529691,-0.0240437886415,0.573899756223,0.818910881307,0.00218750690844,0.0,0.818870222865,-0.57383961,-0.0118493460285,0.0,-0.0084484429466,0.0085917864853,-0.999927399873,0.0,0.655233193808,0.252600973747,0.303507045878,1.0,-0.01612,-0.0211862857143,0.807
0.460261595882,0.511610811032,-0.124069708147,-1.41260452907,0.076065593527,1.91498581728,0.151722188274,-0.0127781483071,-0.0868488226681,0.000116439389676,-0.135345832793,-0.005037942568,0.0531414522087,-0.0219918256362,0.573868904543,0.818932592895,0.00215304304273,0.0,0.818891476257,-0.573808889308,-0.011868258763,0.0,-0.0084840320289,0.00857409832885,-0.999927250373,0.0,0.654968737896,0.252273439368,0.303481863855,1.0,-0.01644,-0.0216068571429,0.823
0.460043016896,0.510059301131,-0.124075518738,-1.4150692087,0.0759155515805,1.91592278766,0.151388971303,-0.0135403964825,-0.0836992631572,-0.00160782378644,-0.140364362434,-0.00814347958277,0.0562045034511,-0.017403270989,0.573867470681,0.818933553062,0.00216994579199,0.0,0.818892667564,-0.573807399564,-0.0118580823692,0.0,-0.00846601357204,0.00858208566617,-0.99992733457,0.0,0.654673357722,0.251894151885,0.303476377556,1.0,-0.0168,-0.02208,0.841
0.459834100527,0.508472128002,-0.124079422519,-1.4175891002,0.0757480938243,1.9168202291,0.151047313248,-0.0146306351088,-0.0865739476664,5.11994523697e-05,-0.13656301029,-0.010967820068,0.043522455221,-0.0173732629836,0.573846990738,0.818948003493,0.00213206396485,0.0,0.818906661054,-0.57378710991,-0.0118734949657,0.0,-0.00850058783873,0.00855969553887,-0.999927233162,0.0,0.65435481385,0.251510922703,0.303465491315,1.0,-0.01716,-0.0225531428571,0.859
0.459630748486,0.507018006158,-0.124088310393,-1.41984396922,0.0756039994815,1.91763632909,0.150719722892,-0.0106241561439,-0.0917124106769,1.44706681461e-06,-0.140650732428,-0.0141675813336,0.057391831407,-0.0200615238936,0.573829303395,0.818960374511,0.00214066532869,0.0,0.818919172204,-0.573769418704,-0.0118655155178,0.0,-0.00848930217634,0.00856197722755,-0.999927309505,0.0,0.65407737983,0.251156416783,0.303480213052,1.0,-0.01748,-0.0229737142857,0.875
0.459407837546,0.505426726833,-0.124100289954,-1.4222981275,0.0754473586263,1.91856705398,0.150396549409,-0.0139329824305,-0.0949337057934,-0.0012191843183,-0.147408461555,-0.0112249663737,0.0573325720817,-0.0136766434313,0.57384023712,0.81895258005,0.00219107101402,0.0,0.818912137232,-0.573780256475,-0.0118269047151,0.0,-0.00842864311956,0.00858121366799,-0.999927657757,0.0,0.653784056882,0.250771246337,0.303505474846,1.0,-0.01782,-0.0234205714286,0.892
0.459204291522,0.503879850417,-0.124103834504,-1.42462777459,0.0753033913182,1.91946369918,0.150066349658,-0.0120738563262,-0.0978930782607,-0.00328364464991,-0.145026751973,-0.0146506364282,0.0542414904618,-0.0163118356573,0.573820182814,0.818966371874,0.00228613984837,0.0,0.818927205409,-0.573759878732,-0.0117720303965,0.0,-0.00832936206727,0.00862737685515,-0.999928092463,0.0,0.653504194728,0.250417640243,0.303555136807,1.0,-0.01814,-0.0238411428571,0.908
0.458978219551,0.502302300492,-0.124109913945,-1.42694840021,0.0751595129442,1.92033411014,0.149750198299,-0.013928941019,-0.100763539468,-0.00111859871113,-0.147182368171,-0.00482712552899,0.0487093823048,-0.0199154234686,0.573830821082,0.818958610512,0.00239373076373,0.0,0.818920872712,-0.573770145883,-0.0117119951961,0.0,-0.0082183462912,0.00868114704491,-0.999928545682,0.0,0.653227319186,0.250047653558,0.303627691546,1.0,-0.01846,-0.0242617142857,0.924
0.458749085372,0.500581818424,-0.124105397047,-1.42953130267,0.0749961336659,1.92124316576,0.149379205257,-0.0114254855615,-0.109513687053,0.00122677140215,-0.156616505273,-0.01653692331,0.0553031718896,-0.0149336425342,0.573798783501,0.818980934638,0.0024354985413,0.0,0.818943655823,-0.573737871307,-0.0117000220995,0.0,-0.00818491487065,0.0087081621859,-0.99992858499,0.0,0.652897158142,0.249652320649,0.303677603129,1.0,-0.0188,-0.0247085714286,0.941
0.458504084908,0.498896730022,-0.124110687897,-1.4321471311,0.0748261201113,1.92220408083,0.149013996823,-0.0148728007294,-0.107504589458,-0.00121602509836,-0.157405255161,-0.0136270052372,0.0558783865082,-0.0224536113967,0.573791213104,0.818986180157,0.00245507176192,0.0,0.818949201257,-0.573730279812,-0.0116841212439,0.0,-0.00816074193666,0.00871499295165,-0.999928723054,0.0,0.652573853063,0.249239036171,0.303691384721,1.0,-0.01914,-0.0251554285714,0.958
0.458244985999,0.497230635847,-0.124111639315,-1.43481017029,0.0746620917773,1.92317293325,0.148616764216,-0.0129716455108,-0.0994408994724,0.000589078227541,-0.157005495104,-0.00862392888402,0.0500284781685,-0.0214882941166,0.573769537302,0.819001439252,0.002430528397,0.0,0.818964065091,-0.573708614091,-0.0117061141565,0.0,-0.00819306700597,0.0087072947619,-0.999928525781,0.0,0.652241230543,0.248814877196,0.303669466776,1.0,-0.01948,-0.0256022857143,0.975
0.457972195587,0.495555513161,-0.124107883071,-1.43751482569,0.0745036031143,1.92410769332,0.148221538243,-0.0145297125901,-0.100275748297,-0.00243692406887,-0.159627778976,-0.0121020704615,0.0528744352323,-0.0153563682187,0.573760257885,0.819008155852,0.00235669710636,0.0,0.81896957731,-0.57369935108,-0.0117742478608,0.0,-0.00829132906016,0.0086858259511,-0.999927902546,0.0,0.651892731691,0.24837852626,0.303630337317,1.0,-0.01982,-0.0260491428571,0.992
0.457689454771,0.493877476092,-0.124108784675,-1.44026260474,0.0743191044448,1.92509102432,0.14783488595,-0.0186921212954,-0.10402670315,0.00208713469395,-0.165164858938,-0.0115920446866,0.0618497784779,-0.025466024441,0.573763944161,0.819005807889,0.00227374699763,0.0,0.818966167331,-0.573703371023,-0.011815487525,0.0,-0.00837265778823,0.00864158896602,-0.999927608151,0.0,0.651547155463,0.247927154798,0.303576452852,1.0,-0.0210085714286,-0.0276112653061,1.009
0.457421201504,0.492123783889,-0.12412840923,-1.44305291357,0.0741525481365,1.92612233137,0.147450744973,-0.0176012162632,-0.115155876921,9.44823558184e-05,-0.186361752,-0.0117619294976,0.0696243099771,-0.0254194329254,0.573778239465,0.818995812591,0.00226666638478,0.0,0.818956055879,-0.573717667161,-0.0118221752101,0.0,-0.00838204682267,0.00863977338359,-0.999927545179,0.0,0.651201160318,0.247476367253,0.303559009335,1.0,-0.0230657142857,-0.0303149387755,1.025
0.457105312155,0.490120915575,-0.124132693698,-1.44631067355,0.0739594990115,1.92727055427,0.146965003389,-0.0160294505084,-0.122074322253,0.00078681870988,-0.200574964577,-0.00716975213373,0.0696858658374,-0.0256969120004,0.573752623354,0.819013993437,0.00218005754086,0.0,0.818972883879,-0.573692165531,-0.0118937622769,0.0,-0.00849063927887,0.00860965108161,-0.999926888804,0.0,0.650779519088,0.246955385757,0.303501411212,1.0,-0.0252514285714,-0.0331875918367,1.042
0.456739900861,0.487867555036,-0.124153521896,-1.44985357927,0.0737345751115,1.92856854378,0.14646107399,-0.0235129729089,-0.139227260243,-5.1777706811e-05,-0.211257238663,-0.0072281779062,0.0867036161157,-0.0298658189566,0.573769249025,0.81900234836,0.00217925560222,0.0,0.818961277222,-0.573708841891,-0.0118885679403,0.0,-0.00848667024874,0.00860618634625,-0.999926952324,0.0,0.650340516289,0.246367182503,0.303494548204,1.0,-0.0274371428571,-0.036060244898,1.059
0.456372543037,0.485561729455,-0.124175206202,-1.45336920155,0.0735136650319,1.92992843886,0.145939686179,-0.0249816153425,-0.147394792017,-0.00186166409969,-0.226580973077,-0.0203503770466,0.0850022215542,-0.0327625931978,0.573773028277,0.818999373924,0.00229879011851,0.0,0.818960008947,-0.573712305561,-0.0118085179266,0.0,-0.0083524854212,0.00865819296328,-0.999927633222,0.0,0.649920228367,0.245786057005,0.303541157998,1.0,-0.0294942857143,-0.0387639183673,1.075
0.455941213015,0.482948671524,-0.124205798345,-1.45740578594,0.0732595677508,1.93133200366,0.145323414437,-0.0241530896644,-0.156565539511,-0.00199573966285,-0.241114533179,-0.0129177235025,0.0807838779425,-0.0329749999127,0.573772658113,0.818999691053,0.00227810426464,0.0,0.818960007425,-0.573711964038,-0.0118252044023,0.0,-0.00837802438306,0.00865082180323,-0.999927483365,0.0,0.64940603039,0.245098758831,0.30355579298,1.0,-0.03168,-0.0416365714286,1.092
0.45548174533,0.480131716994,-0.12424784825,-1.46180483385,0.07299259867,1.93289191985,0.144676036399,-0.0317355181309,-0.168633982622,-0.00233768349424,-0.265151718716,-0.0140773269229,0.0925547083912,-0.0385942254601,0.573791633334,0.818986456705,0.00225657940019,0.0,0.818946423657,-0.573730949277,-0.0118448268046,0.0,-0.00840624513983,0.00864464658446,-0.999927299921,0.0,0.648846441379,0.244355083674,0.303551630634,1.0,-0.0338657142857,-0.0445092244898,1.109
0.455010462238,0.477303892041,-0.124270098607,-1.46608785362,0.0727295422201,1.93447212386,0.144058768351,-0.0329558374285,-0.18209158656,-0.00121047229272,-0.271450724715,-0.0245808213307,0.0984269450436,-0.03476119286,0.573824832028,0.818962899001,0.00236201390353,0.0,0.818924224726,-0.573763724283,-0.0117919360102,0.0,-0.00830208004637,0.00870098362595,-0.99992768156,0.0,0.648314713215,0.243631528976,0.303609287016,1.0,-0.0359228571429,-0.0472128979592,1.125
0.454448137624,0.473970103378,-0.124298807684,-1.47120703235,0.072417500704,1.93635531935,0.143315789828,-0.036134461335,-0.185238309412,-0.00484335028571,-0.286256687937,-0.0186639894422,0.100174862659,-0.0433381133054,0.573860043662,0.818937983999,0.00244449421805,0.0,0.818900329623,-0.573798566949,-0.0117559181659,0.0,-0.00822487899801,0.00874821726318,-0.999927907431,0.0,0.647672669724,0.242766102476,0.303643581913,1.0,-0.0382371428571,-0.0502545306122,1.143
0.453887531439,0.470639457963,-0.124300284371,-1.47635150443,0.0720974459935,1.93813542349,0.142546623744,-0.0331629976763,-0.201890071893,-0.000225308473602,-0.306535073757,-0.014850257561,0.105205456914,-0.0443661498104,0.573848838017,0.818945899011,0.0024233245024,0.0,0.818907667109,-0.573787121259,-0.0118033524316,0.0,-0.00827599401687,0.00875798771089,-0.999927400152,0.0,0.646992861127,0.241907533563,0.303651330007,1.0,-0.0404228571429,-0.0531271836735,1.16
0.453344239741,0.467322064441,-0.124300350997,-1.48131808263,0.0717762416966,1.94006200319,0.141735502683,-0.0355131579093,-0.212599276151,0.00386555530272,-0.319897248452,-0.0224139740228,0.119607995605,-0.0522094549268,0.573778185159,0.818994689869,0.00265313078229,0.0,0.81895959061,-0.573715800144,-0.0116668982058,0.0,-0.00803313929096,0.00886718929912,-0.999928418252,0.0,0.646377369962,0.241091640522,0.303744357837,1.0,-0.04248,-0.0558308571429,1.176
0.452724040099,0.46365393091,-0.124301525014,-1.48698072908,0.0714001588604,1.9419981678,0.140870180523,-0.0368753456039,-0.216956204764,-0.000271690820043,-0.348056136167,-0.0199272548813,0.110502739608,-0.0536259755944,0.5737410852,0.819020847933,0.00260090478359,0.0,0.818984886246,-0.573678687375,-0.0117160852725,0.0,-0.00810379047518,0.00885227162053,-0.99992798034,0.0,0.645615951983,0.240141239853,0.303746321553,1.0,-0.0446657142857,-0.0587035102041,1.193
0.452060182706,0.459852112842,-0.124313846144,-1.49290247096,0.0709972796018,1.94406829356,0.140002378164,-0.0379420763978,-0.232652449961,-4.77640122064e-05,-0.351553530375,-0.0259638483773,0.124967379296,-0.0543117548506,0.573748173559,0.819016057677,0.00254509451003,0.0,0.818979354989,-0.573685959467,-0.0117466128228,0.0,-0.00816073665875,0.00882414740499,-0.999927765791,0.0,0.644828414674,0.23913294437,0.303725876487,1.0,-0.0468514285714,-0.0615761632653,1.21
0.451392355504,0.456157472378,-0.124318507034,-1.49868492095,0.070612205927,1.94613994278,0.139103005605,-0.0462577387408,-0.22923487487,-0.00320549163978,-0.378635573472,-0.0266625182441,0.131688106282,-0.0541182773396,0.573723462948,0.819033437442,0.00252256139685,0.0,0.818996384707,-0.573661272958,-0.0117648903754,0.0,-0.00818890048495,0.0088159320456,-0.999927608005,0.0,0.644065629017,0.238145399013,0.303694674354,1.0,-0.0489085714286,-0.0642798367347,1.226
0.45058715993,0.451784931323,-0.124373497042,-1.50538835473,0.0701468150259,1.9485278148,0.138025169275,-0.0419623715643,-0.252966619528,-0.00409425922746,-0.369840485125,-0.0297350823737,0.143809312442,-0.0632001870794,0.573718566636,0.819036802423,0.00254351616482,0.0,0.819000308781,-0.573656610322,-0.0117189825677,0.0,-0.00813932985584,0.00880670796199,-0.999928094017,0.0,0.643192646666,0.236949972422,0.303715738175,1.0,-0.0512228571429,-0.0673214693878,1.244
0.44980292561,0.447432028656,-0.124423352683,-1.51197516552,0.0697091151418,1.95087401441,0.137050482419,-0.0509856091908,-0.259710397093,-0.0016651512683,-0.39075681181,-0.0310900983799,0.132700206667,-0.0578622259272,0.57377674487,0.818995790161,0.00262481340403,0.0,0.818960460313,-0.573714609924,-0.0116643775744,0.0,-0.00804733726624,0.00884253723543,-0.999928522395,0.0,0.642324865761,0.235787440205,0.303770332275,1.0,-0.0534085714286,-0.070194122449,1.261
0.449020438732,0.44322954555,-0.124439743337,-1.51847235475,0.0692652279422,1.95304762878,0.136060793348,-0.0449195377212,-0.267873565044,-3.67850370332e-05,-0.406761004949,-0.0322942402817,0.140783664196,-0.0678025088246,0.573786471118,0.818989321929,0.0025145634033,0.0,0.818952367997,-0.573724520749,-0.011744792223,0.0,-0.00817635015556,0.00879847993527,-0.999927864423,0.0,0.641426137215,0.234643793964,0.303744552242,1.0,-0.0554657142857,-0.0728977959184,1.277
0.448163981316,0.438670102462,-0.124451339508,-1.52557558802,0.068775335118,1.95551472493,0.134899452209,-0.0488259398235,-0.272751129817,-0.000967954209265,-0.414690777215,-0.0292163687993,0.146938040732,-0.0644298193088,0.573721096872,0.819035286017,0.0024597081115,0.0,0.818997529078,-0.573659261415,-0.0117832957114,0.0,-0.00824005928135,0.00877498915161,-0.99992754787,0.0,0.640397925453,0.23333214271,0.303706676355,1.0,-0.05778,-0.0759394285714,1.295
0.447229658406,0.433867841546,-0.124465301196,-1.53274186005,0.0682997908502,1.95813679285,0.133747456262,-0.0535754449291,-0.290964887435,-0.00162151621323,-0.424955425392,-0.0346154754393,0.160373989121,-0.0684096570464,0.57373814181,0.819022751989,0.00265014281603,0.0,0.818987505966,-0.573675653235,-0.0116814750126,0.0,-0.00804722633502,0.00887271244991,-0.999928255987,0.0,0.639506735575,0.232120373974,0.303789673067,1.0,-0.0598371428571,-0.0786431020408,1.311
0.446307360583,0.429306721813,-0.124502598356,-1.53980335936,0.0677706476254,1.96059394961,0.132616726087,-0.0577549810874,-0.285573391328,-0.00338248460832,-0.45497868884,-0.0311972917053,0.149105450678,-0.0604087582856,0.573751419805,0.819013695275,0.00257334904298,0.0,0.818977799116,-0.573689580623,-0.0116780367416,0.0,-0.00808832421734,0.00880797547743,-0.999928496733,0.0,0.638545277549,0.230824121913,0.303751071726,1.0,-0.0618942857143,-0.0813467755102,1.327
0.445293397989,0.42422130991,-0.124570652025,-1.54760775308,0.0672087245759,1.9631484777,0.131332780534,-0.0607356774543,-0.305480749988,-0.00427092430395,-0.462466167284,-0.0406014212612,0.148893388004,-0.0793965397973,0.573755190993,0.819011555885,0.00240811883983,0.0,0.818973543961,-0.573693984849,-0.0117598019378,0.0,-0.00825004922781,0.00871960090677,-0.999927950028,0.0,0.637444237376,0.229375377667,0.303719358435,1.0,-0.06408,-0.0842194285714,1.344
0.444229933242,0.41901960565,-0.124622624542,-1.55551815392,0.0666480235831,1.9658636995,0.130069387644,-0.0609012279935,-0.309545714379,-0.00184510077577,-0.468690977858,-0.0366502046765,0.169215017751,-0.0741294323489,0.573805483816,0.818976371253,0.0023910190754,0.0,0.818938228159,-0.573744431315,-0.0117580991436,0.0,-0.00825793048052,0.0087051262936,-0.999928011089,0.0,0.636347626827,0.22790669593,0.303723090575,1.0,-0.0662657142857,-0.0870920816326,1.361
0.44311627444,0.41362723628,-0.124640352377,-1.56347732415,0.066111732682,1.96882009178,0.128720687012,-0.0708380210841,-0.318261045641,-0.000488877630251,-0.477804178865,-0.025125754195,0.172682653897,-0.0868698487173,0.57380764097,0.818973853169,0.00271401738345,0.0,0.818940023428,-0.57374557735,-0.0115757246532,0.0,-0.00792321289823,0.00886502739458,-0.999929314495,0.0,0.635283357555,0.226444592078,0.303845238111,1.0,-0.0684514285714,-0.0899647346939,1.378
0.441956693094,0.408168511259,-0.124679339262,-1.57186277967,0.0655045387293,1.97154505277,0.12733260327,-0.0714995938419,-0.329631546417,-0.00719720555439,-0.501030550487,-0.033458504295,0.158728921351,-0.0799432952805,0.573819931201,0.818965845444,0.00252536210059,0.0,0.818929389533,-0.573758323126,-0.0116956617977,0.0,-0.00812955654719,0.0087794661234,-0.99992841308,0.0,0.634068372467,0.224870573201,0.303783882944,1.0,-0.0706371428571,-0.0928373877551,1.395
