position_joint1,position_joint2,position_joint3,position_joint4,position_joint5,position_joint6,position_joint7,velocity_joint1,velocity_joint2,velocity_joint3,velocity_joint4,velocity_joint5,velocity_joint6,velocity_joint7,ee_T_00,ee_T_10,ee_T_20,ee_T_30,ee_T_01,ee_T_11,ee_T_21,ee_T_31,ee_T_02,ee_T_12,ee_T_22,ee_T_32,ee_T_03,ee_T_13,ee_T_23,ee_T_33,v_x,v_y,time
0.465106804907,0.547745194772,-0.123988936346,-1.35576673108,0.079477651091,1.89409111558,0.159169694874,0.00307386627336,-0.00015697758295,-0.000133263641243,-0.00105540376826,-0.000287268627078,1.01858544575e-05,0.0014862100202,0.573777851175,0.818996754169,0.00201023938379,0.0,0.818954653207,-0.573719293362,-0.0118404103209,0.0,-0.00854410900264,0.00844022258878,-0.999927877821,0.0,0.661684063718,0.260916245152,0.303270570669,1.0,0.0,0.0,0.0
0.465101995284,0.547741607646,-0.123988385222,-1.35576144136,0.0794776117804,1.89409161958,0.159172040147,-0.000122875725428,-0.00024103182596,-9.10698342183e-05,0.000833861035702,-2.53341905906e-05,-0.000233631303825,0.0011842123725,0.573783023475,0.818993110809,0.00201824672064,0.0,0.818951118415,-0.573724437149,-0.0118356565399,0.0,-0.00853556804042,0.00844410677863,-0.999927917972,0.0,0.661686603377,0.260914086427,0.303275655072,1.0,-0.00016,-0.000210285714286,0.009
0.465098327061,0.547740597659,-0.123988947038,-1.35576243908,0.0794758685453,1.8940936045,0.159169010651,-0.000816893801755,0.000189953250131,-0.000487428130791,-0.000134410320035,3.34867037491e-05,0.000461194808956,0.000504618675947,0.573783543854,0.818992744729,0.00201885724546,0.0,0.818950780434,-0.573724974954,-0.0118329726534,0.0,-0.00853301421612,0.00844307225548,-0.999927948504,0.0,0.661687981468,0.260911081579,0.303276083513,1.0,-0.00036,-0.000473142857143,0.019
0.465095093912,0.54773735486,-0.123995639398,-1.35577268912,0.0794737403577,1.89409398524,0.159164502434,-0.00123847099984,0.00062629041591,-0.00458560298711,-0.000569539777277,-0.000290909362748,0.00896105276224,-0.000808719838377,0.573791956271,0.818986870376,0.00201096300016,0.0,0.818944820217,-0.573733434716,-0.0118352959243,0.0,-0.00853935966898,0.00843802779226,-0.999927936915,0.0,0.661689028562,0.26090381521,0.303272392611,1.0,-0.00066,-0.000867428571429,0.034
0.465097052904,0.547697381437,-0.123991599271,-1.3558126991,0.0794760701083,1.89410016639,0.159171520929,-0.000419684554517,-0.00499386310407,-0.00255395600024,-0.00380105608526,-8.38746485796e-05,0.000231312450404,0.00142301611137,0.57379126283,0.818987333332,0.00202025816901,0.0,0.81894535642,-0.57373265684,-0.0118359019296,0.0,-0.00853452998823,0.00844598077248,-0.999927911005,0.0,0.661679841509,0.260903783148,0.303283434684,1.0,-0.001,-0.00131428571429,0.051
0.465098960789,0.547578689247,-0.123990683654,-1.35594966486,0.0794734639548,1.89412697233,0.15916723795,-0.000835779126207,-0.00667641273658,0.000827754107417,-0.00865726381519,1.3602554812e-05,0.00189673395542,0.00149093589591,0.573792315409,0.818986565543,0.00203252020436,0.0,0.81894466163,-0.573733574312,-0.0118395015009,0.0,-0.00853043182754,0.00845809939515,-0.99992784354,0.0,0.661656364926,0.260892274952,0.30330461831,1.0,-0.00134,-0.00176114285714,0.068
0.465090357344,0.547448972658,-0.123984288301,-1.35612816148,0.0794700395331,1.89417123362,0.159159514544,-0.00068481210265,-0.0132484988855,0.00138991772515,-0.0153499441315,-3.61659806225e-05,-0.000569171947279,0.000108435428397,0.573804000402,0.818978372869,0.00203489458362,0.0,0.818936402872,-0.573745152161,-0.0118496971903,0.0,-0.00853729919089,0.00846601589895,-0.999927717936,0.0,0.661630385917,0.26087066536,0.303311828338,1.0,-0.00166,-0.00218171428571,0.084
0.465068452975,0.547277756006,-0.123984343682,-1.35634681118,0.0794636851688,1.8942815516,0.159150993304,-0.00409099698686,-0.0134705806423,0.00168650883002,-0.0123129508947,-0.00344881341038,0.00727271991643,-0.00148347086754,0.573819188007,0.818967587771,0.00209202234765,0.0,0.818926310346,-0.573760058978,-0.0118253898881,0.0,-0.00848445551759,0.00849901139808,-0.99992788781,0.0,0.661611143072,0.26084149107,0.303341957219,1.0,-0.002,-0.00262857142857,0.101
0.46505169941,0.547084581786,-0.123986018705,-1.35657730535,0.0794594981478,1.89440689675,0.159141892205,-0.00249266792398,-0.0083502614431,-0.000690021228191,-0.0105553531421,-3.82494156594e-05,0.0135307161269,-0.00153671787923,0.573837015678,0.818954873163,0.00217762743665,0.0,0.818914699748,-0.573777539858,-0.011781179573,0.0,-0.00839894241523,0.00854393254294,-0.999928226916,0.0,0.661594358414,0.260810151521,0.303383301071,1.0,-0.00236,-0.00310171428571,0.119
0.465026082386,0.546871287721,-0.123989005683,-1.35685868908,0.0794575771271,1.89453877539,0.159126050397,0.000163100413447,-0.013250735077,-4.06785419503e-05,-0.0149703270899,-6.72903861219e-05,0.0057395984803,-0.00396358432303,0.573864071719,0.818935766658,0.00223252749051,0.0,0.81889621332,-0.573804286102,-0.0117635012743,0.0,-0.00835267890668,0.00857902421983,-0.99992831398,0.0,0.661568256953,0.260771838146,0.303408702479,1.0,-0.00268,-0.00352228571429,0.135
0.464984607587,0.546634732335,-0.123986734731,-1.35723198628,0.0794507287562,1.89466947592,0.159068000615,-0.00441863217673,-0.0102392991849,0.000209195324505,-0.0247860442952,0.000322496421099,0.00562736288343,-0.0049735875961,0.573867944942,0.818933040955,0.00223676145076,0.0,0.818893379724,-0.573807975291,-0.0117807910596,0.0,-0.00836436852808,0.00859245293059,-0.999928100961,0.0,0.661525605358,0.260712272204,0.303409819538,1.0,-0.00302,-0.00396914285714,0.152
0.464950863643,0.546351423437,-0.123991749086,-1.35765826509,0.0794356566033,1.89482834805,0.158951000637,-0.000968814411707,-0.0167846461213,-0.000378530367746,-0.0297484900502,-7.20967913938e-05,0.0110652880822,-0.00228435912145,0.57382311292,0.818964403223,0.00225571140666,0.0,0.818924912679,-0.573762998365,-0.0117794737312,0.0,-0.00835288675337,0.00860675825849,-0.999928073911,0.0,0.661477742025,0.260648512656,0.303421487088,1.0,-0.00336,-0.004416,0.169
0.464913153502,0.546099853527,-0.123986746548,-1.35809242214,0.0794145593086,1.89497323308,0.158933482277,-0.00276609486418,-0.0186453693945,0.00136295941357,-0.029299477845,-0.00188380465473,0.00760683460615,0.00605161343041,0.573854781305,0.818942292136,0.00222688694288,0.0,0.81890233349,-0.573794677943,-0.011806043818,0.0,-0.00839085425913,0.00859872315928,-0.999927825158,0.0,0.661423478832,0.260584644521,0.303405355668,1.0,-0.00366,-0.00481028571429,0.184
0.46484938721,0.545758588642,-0.123989241484,-1.35868301994,0.079342484095,1.8951678549,0.158876741743,-0.00653831081313,-0.0158190443059,9.20115838281e-05,-0.0385033070716,-0.00407037230873,0.0140563674206,-0.00711214102048,0.573876063344,0.818927560633,0.00215899468647,0.0,0.818887018284,-0.573816526542,-0.0118064412617,0.0,-0.0084299156124,0.00854357124489,-0.999927969362,0.0,0.661356903581,0.260476929847,0.303382727201,1.0,-0.00402,-0.00528342857143,0.202
0.464777444873,0.545394845686,-0.123994941976,-1.3593094878,0.0792883179326,1.89537332909,0.158763094685,-0.00420660592943,-0.0264109636112,-0.000326745783255,-0.0401407427567,-0.000806250419546,0.0136375394659,-0.00760523558666,0.573866392489,0.818934491147,0.00209992454254,0.0,0.818893311023,-0.573807220842,-0.0118222405994,0.0,-0.00847685192943,0.00850416445698,-0.999927908486,0.0,0.661286638279,0.26036163267,0.303359995871,1.0,-0.00436,-0.00573028571429,0.219
0.464714828891,0.545014533999,-0.123995287377,-1.35996895832,0.0792710542321,1.89558568836,0.158708627181,-0.000707352998178,-0.0210432705472,0.000679620723168,-0.0410373343437,0.00034019586865,0.016705825857,-0.000909409626678,0.573905394103,0.818907273828,0.00205484589442,0.0,0.818865258261,-0.573846149678,-0.0118756984591,0.0,-0.00854609498404,0.00849833293767,-0.999927368661,0.0,0.661204798836,0.260258351454,0.303333746442,1.0,-0.00468,-0.00615085714286,0.235
0.464641816665,0.544585192528,-0.124001068563,-1.36068658985,0.0792434980542,1.89583562928,0.158602242394,-0.00390419814833,-0.0264521511509,0.000388762750615,-0.0372971729776,-0.00346328345736,0.0162838970558,-0.00453706990829,0.573917867357,0.818898590074,0.00203165081015,0.0,0.818856117799,-0.573858562508,-0.0119061110458,0.0,-0.00858418260737,0.00849692314715,-0.999927054392,0.0,0.661118251488,0.260133223126,0.303319546422,1.0,-0.00504,-0.006624,0.253
0.464580263644,0.544102912687,-0.124007069009,-1.36145352449,0.0792072255891,1.89611560683,0.158507936735,-0.000138767032435,-0.028734450096,-0.000662771392572,-0.0398848394387,-0.000927093147807,0.00977612515247,-0.00453427772007,0.573933684161,0.818887525986,0.00202308466614,0.0,0.818844858802,-0.573874330192,-0.0119204556317,0.0,-0.00860068165291,0.0084983071141,-0.999926900854,0.0,0.661028045316,0.260014645762,0.303315204722,1.0,-0.00538,-0.00707085714286,0.27
0.464515236027,0.543626750918,-0.124004614503,-1.36224006689,0.0791651834617,1.89637738865,0.158415615224,-0.000819134193859,-0.0260554262931,-0.000701154343699,-0.0471050952422,-0.00752850635547,0.0166632155056,-0.00868537973876,0.57393364242,0.818887634188,0.00199087267694,0.0,0.818844457171,-0.573874333421,-0.0119478576605,0.0,-0.00864160854056,0.00848765593633,-0.999926638458,0.0,0.660936775816,0.259906222725,0.303303752841,1.0,-0.00568,-0.00746514285714,0.285
0.46443825193,0.543051917279,-0.124008081305,-1.36314742079,0.0791077187146,1.89670519338,0.158294568937,-0.00640463953802,-0.0363219290669,0.000905409496693,-0.0491663804138,-0.00715873665284,0.0104478472658,-0.00144747411324,0.573935132116,0.818886605978,0.00198433216668,0.0,0.818843365692,-0.57387587184,-0.0119487691275,0.0,-0.00864609310837,0.00848283893879,-0.999926640568,0.0,0.660832349801,0.259766124265,0.303307031615,1.0,-0.00604,-0.00793828571429,0.303
0.464371056656,0.542468236045,-0.124013137007,-1.36405972354,0.0790533385326,1.89702482612,0.158175743711,-0.00586733532983,-0.0334214314721,-0.000512579196541,-0.0535260909977,-0.00155144087035,0.0153578136594,-0.00612916880486,0.57393249854,0.81888847147,0.00197618671606,0.0,0.818845110202,-0.573873258175,-0.0119547459858,0.0,-0.00865568960648,0.00847957132036,-0.999926585259,0.0,0.660722890793,0.259631053775,0.303313486014,1.0,-0.00638,-0.00838514285714,0.32
0.4642980907,0.541899310898,-0.124014043931,-1.36493247397,0.0790061734337,1.8973521618,0.158054310571,-0.00524423727317,-0.0385909187262,-3.30868320826e-05,-0.0527180764932,-0.00596391772029,0.0241314999962,-0.00495945381346,0.573929359434,0.81889061648,0.00199887999903,0.0,0.818847503148,-0.573869977553,-0.0119483200773,0.0,-0.0086374362712,0.00849443312871,-0.999926616958,0.0,0.660623709076,0.259500774043,0.30332879877,1.0,-0.0067,-0.00880571428571,0.336
0.464217065935,0.541252650927,-0.124013757274,-1.36591815707,0.078949653236,1.89771524697,0.157927944715,-0.00266524638039,-0.0407136203368,-4.01685687697e-05,-0.0544716463829,-0.00412617883409,0.0202488040114,-0.00579667512091,0.573931602945,0.818888989325,0.00202118896538,0.0,0.818846127883,-0.573872089615,-0.0119411270106,0.0,-0.00861871943107,0.00850859674101,-0.999926658039,0.0,0.660509845337,0.259354397495,0.303348292164,1.0,-0.00704,-0.00925257142857,0.353
0.464127596564,0.540517135696,-0.124017319461,-1.36704858745,0.0788824185806,1.89813094569,0.157783273853,-0.00420553955777,-0.0415567046426,-0.00102892910343,-0.0643129308643,-0.00548625703463,0.0248641892454,-0.00955689979567,0.573933558119,0.818887575961,0.00203855415463,0.0,0.818844935831,-0.573873967676,-0.0119326103181,0.0,-0.00860175878778,0.00851794924039,-0.999926724459,0.0,0.660378879584,0.259186041107,0.30336628019,1.0,-0.0074,-0.00972571428571,0.371
0.464041585744,0.539877672907,-0.124012308172,-1.36802391588,0.0788206428755,1.89850022362,0.157669124866,-0.00620903539883,-0.0368896165878,0.000850047708211,-0.0659901095241,-0.00448802735305,0.0288867368248,-0.00532516295339,0.573944511354,0.8188798298,0.00206618846625,0.0,0.818837555522,-0.573884811553,-0.0119175348019,0.0,-0.00857343975687,0.00853204066957,-0.999926847531,0.0,0.660268594892,0.259039834584,0.30338578874,1.0,-0.0077,-0.01012,0.386
0.463933698454,0.539086024888,-0.124017963774,-1.36925008968,0.0787450384938,1.89896649061,0.157508815989,-0.0061370841719,-0.04099618669,0.000316655257582,-0.064717071763,-0.000477715929207,0.022665603992,-0.012497110384,0.573953205228,0.818873675383,0.00209018517959,0.0,0.818831761749,-0.573893454337,-0.0118994084137,0.0,-0.00854473322225,0.00854137806032,-0.999927013534,0.0,0.660132344702,0.258849572224,0.303402084912,1.0,-0.00806,-0.0105931428571,0.404
0.463829373685,0.538359518804,-0.124023323562,-1.370388744,0.0786856029159,1.89939975836,0.157372073131,-0.00909704296121,-0.0509617629239,-0.00305421088199,-0.0689823985041,-0.00377003148588,0.0215873090378,-0.00717871896245,0.57396729136,0.818863723888,0.00212062511428,0.0,0.818822138325,-0.573907346887,-0.0118915885828,0.0,-0.00852071222692,0.00856196252383,-0.999927042469,0.0,0.659997825645,0.258666973431,0.303415852925,1.0,-0.0084,-0.01104,0.421
0.463715791539,0.537578835577,-0.124032193696,-1.3716247779,0.0786281804629,1.8998787383,0.157222095834,-0.00893884175462,-0.0494366008222,0.00112703860597,-0.0716150056715,-0.00133969316905,0.0344932121107,-0.0085506895654,0.574006901791,0.81883591677,0.00213658700852,0.0,0.818794462479,-0.573946810909,-0.0118925759777,0.0,-0.00851194493499,0.00857601141724,-0.999926996746,0.0,0.659870303728,0.258478371096,0.303415883119,1.0,-0.00872,-0.0114605714286,0.437
0.463604616803,0.536740947299,-0.124030103685,-1.37292637949,0.0785457017165,1.90036023463,0.15705637465,-0.00730785455832,-0.051488938179,0.000451866468087,-0.0781460251522,-0.000686516556465,0.0249292460027,-0.00845344046923,0.574010328769,0.818833479968,0.00214975630661,0.0,0.818792207661,-0.573950195061,-0.0118844926101,0.0,-0.00849773099771,0.00858219045635,-0.999927064628,0.0,0.659719490488,0.258282052779,0.303429572575,1.0,-0.00906,-0.0119074285714,0.454
0.463478707621,0.535886702052,-0.124044936369,-1.37426699586,0.0784546532795,1.90085876239,0.156894153321,-0.00787535072605,-0.0531292933901,-0.000698229953097,-0.0837304549501,-0.0037551827124,0.0384232747642,-0.0128817094454,0.57404033299,0.818812444883,0.00215014125661,0.0,0.818771330227,-0.573980348216,-0.0118665732632,0.0,-0.00848252235368,0.00857253073209,-0.999927276621,0.0,0.659571297481,0.258061563143,0.30343810026,1.0,-0.0094,-0.0123542857143,0.471
0.463367024923,0.535034962841,-0.124041323815,-1.37558789681,0.078391495327,1.90133574729,0.156730768946,-0.00127073595,-0.0560712521015,-0.000749137436201,-0.0804549633798,-0.00444315737106,0.03003913766,-0.00946687090673,0.574050967565,0.818804944736,0.00216702903225,0.0,0.818763852957,-0.573990714673,-0.0118810547445,0.0,-0.00848457518486,0.00859478148784,-0.999927068198,0.0,0.659413569069,0.257866532974,0.303451652635,1.0,-0.00972,-0.0127748571429,0.487
0.463240294475,0.534140127889,-0.124046069831,-1.3770724089,0.0783058625149,1.90187191959,0.156554280496,-0.0106691146309,-0.0505295399733,0.000490527588923,-0.0871363123599,0.000309194530596,0.0298772855996,-0.0132314773248,0.574071969106,0.818790341213,0.00212092526252,0.0,0.818748592897,-0.574011842933,-0.0119118724045,0.0,-0.00853605419743,0.00857494171553,-0.999926800398,0.0,0.659237448192,0.25763827268,0.303422971724,1.0,-0.01006,-0.0132217142857,0.504
0.463105757114,0.533212103086,-0.124049195649,-1.37855035952,0.0782225159309,1.90243346743,0.15636260007,-0.00344623431406,-0.058053514554,-0.000638270488076,-0.0880896788714,-0.00290959810096,0.0348379730732,-0.00526847190967,0.574086011163,0.818780467623,0.00213178961984,0.0,0.818738822979,-0.574025801059,-0.0119107668598,0.0,-0.0085287652202,0.0085833488167,-0.999926790464,0.0,0.65906993034,0.257409128727,0.303422779574,1.0,-0.0104,-0.0136685714286,0.521
0.46298501228,0.532318687919,-0.12404927502,-1.37999317634,0.0781373703065,1.90298730314,0.15618434375,-0.00678829009373,-0.0545428711631,-0.000448431848638,-0.0909392723554,-0.00919990108608,0.0353974910572,-0.0092638845314,0.574095100381,0.818774087691,0.00213446634727,0.0,0.818732465924,-0.574034866212,-0.0119108570796,0.0,-0.00852720721006,0.00858568688776,-0.999926783679,0.0,0.658903622408,0.257193768132,0.30341395359,1.0,-0.01072,-0.0140891428571,0.537
0.462841901192,0.531279806489,-0.124050074858,-1.38166968152,0.0780330375141,1.90359782699,0.155968771474,-0.00712934269796,-0.0578976240741,-0.000511319777348,-0.098369054931,-0.00490982363067,0.031770600179,-0.0175862883823,0.574099662692,0.818770955927,0.00210853711163,0.0,0.818728985751,-0.574039522889,-0.0119256426938,0.0,-0.00855415092483,0.00857299295542,-0.999926662458,0.0,0.65870452754,0.256938205633,0.303401157878,1.0,-0.01108,-0.0145622857143,0.555
0.462690955291,0.530054550077,-0.124058397993,-1.38360203467,0.0779000645402,1.90427664532,0.15571637378,-0.008354330071,-0.0585224968032,-0.00182214702516,-0.092475127407,-0.00384701381046,0.0333736851853,-0.0145928784329,0.574091514828,0.818776756372,0.00207430220088,0.0,0.81873444521,-0.574031621428,-0.0119311663092,0.0,-0.00857841175565,0.00854804857813,-0.99992666817,0.0,0.658468998843,0.256645246586,0.303403757867,1.0,-0.01148,-0.015088,0.575
0.462582326691,0.529253163407,-0.124055628374,-1.38486231051,0.0778400343217,1.90474994097,0.155544438849,-0.0147485474354,-0.0618745645907,0.000168366208931,-0.100332524673,3.21740869709e-05,0.034281349752,-0.0107701613239,0.574090101291,0.818777693451,0.00209552086646,0.0,0.818735489959,-0.574029952294,-0.0119397760152,0.0,-0.00857329558555,0.00857034953107,-0.999926521156,0.0,0.658320481834,0.256458645492,0.303409313761,1.0,-0.01174,-0.0154297142857,0.588
0.462435405543,0.528103514361,-0.124058144709,-1.38667671017,0.0777223226747,1.90543732785,0.155295766303,-0.00796436128817,-0.0626073468308,-0.000393185068844,-0.104911480544,-0.00875943235766,0.044023340435,-0.0134357073107,0.574070990182,0.818791059059,0.00210872894532,0.0,0.818749089636,-0.574010851425,-0.0119255007218,0.0,-0.00855422476383,0.00857276896442,-0.999926663746,0.0,0.658117957509,0.256207642011,0.303416355743,1.0,-0.01208,-0.0158765714286,0.605
0.462298007102,0.527032013288,-0.124055647,-1.38832826689,0.0776119296748,1.90606798332,0.15505331757,-0.00651779622791,-0.0694328636975,-0.00159454717393,-0.106114712414,-0.00231441206098,0.0391447580142,-0.0160968353882,0.5740516594,0.818804495529,0.00215344913312,0.0,0.818763241812,-0.573991475916,-0.0118863928582,0.0,-0.00849673405015,0.00858673385907,-0.999927034094,0.0,0.65790455617,0.255925702316,0.303443622017,1.0,-0.01244,-0.0163497142857,0.623
0.462152607962,0.525849979759,-0.124060995,-1.39014582854,0.0775069696149,1.90674388883,0.154814357969,-0.00728383531768,-0.0701775860921,0.00035236082047,-0.104589936919,-0.00278575278682,0.0412996306291,-0.0126065096809,0.574039791304,0.818812747887,0.00217917386212,0.0,0.818771729,-0.573979404783,-0.0118846782102,0.0,-0.00848068838628,0.00860668985582,-0.999926998743,0.0,0.657712907201,0.25568970833,0.303458346402,1.0,-0.01274,-0.016744,0.638
0.462002120831,0.524766490623,-0.124064844275,-1.39186658964,0.077397321139,1.90735694392,0.15457963454,-0.0137388198559,-0.0671386905081,-0.000149037643539,-0.109026952782,-0.0129890316158,0.04281252024,-0.0150255152946,0.574040696816,0.818812170339,0.00215754594191,0.0,0.818770900682,-0.573980428198,-0.0118923145132,0.0,-0.00849934635207,0.0085933737931,-0.999926954851,0.0,0.657491786742,0.255404361808,0.303459150329,1.0,-0.01308,-0.0171908571429,0.655
0.461840054162,0.523509745302,-0.124071174973,-1.39388614988,0.0772634947809,1.90807917794,0.154312631259,-0.00817908007774,-0.0680146782407,0.00187433748097,-0.112898100732,-0.00701807639043,0.0433093884792,-0.0237256833207,0.574031428537,0.818818779196,0.00211489677342,0.0,0.818777012903,-0.573971392712,-0.0119075770904,0.0,-0.00853642184245,0.00856711729392,-0.999926864327,0.0,0.657244239997,0.255098320078,0.303444314716,1.0,-0.01344,-0.017664,0.673
0.461707447506,0.522432393038,-0.124075413473,-1.39560799945,0.0771578864756,1.90874909168,0.154083421283,-0.00761683092964,-0.0732675454094,-0.0009765596845,-0.12022740906,-0.00980147309763,0.0536845298271,-0.0191369827582,0.574019933645,0.818826800805,0.00212907549912,0.0,0.818785270165,-0.573959893067,-0.0118940915232,0.0,-0.00851736095024,0.00857086630042,-0.999926994742,0.0,0.657028762502,0.254826924434,0.30343752884,1.0,-0.01376,-0.0180845714286,0.689
0.46153455383,0.521188513397,-0.124078465268,-1.39760551927,0.0770360171313,1.90951891325,0.153812547809,-0.0118191130583,-0.0738489963588,0.000647625410906,-0.121186757863,-0.00665083868612,0.0450897397237,-0.0141566669596,0.57401538051,0.818829957597,0.00214251760889,0.0,0.818788623324,-0.573955307839,-0.0118845202104,0.0,-0.00850185551324,0.00857633155513,-0.999927079836,0.0,0.656808343332,0.254543218745,0.303430199325,1.0,-0.01408,-0.0185051428571,0.705
0.461359501084,0.519827593268,-0.124086418925,-1.39977187842,0.0768963848443,1.91030642646,0.153519014739,-0.00938194364488,-0.0794828979706,-0.00120743561747,-0.120438451453,-0.0174807522502,0.0394503353887,-0.0207645330045,0.574001648005,0.818839641489,0.00212049871681,0.0,0.818798069931,-0.573941715498,-0.011890113078,0.0,-0.00851921728011,0.00856136959122,-0.999927060284,0.0,0.65654387287,0.254215255179,0.303423338828,1.0,-0.01444,-0.0189782857143,0.723
0.461197533122,0.518543853273,-0.124092912708,-1.40172479266,0.0767736220367,1.91100109253,0.15325023208,-0.0113491274998,-0.0837361473723,-0.00153600856974,-0.120302566394,-0.0124777773868,0.0392493373585,-0.0227534797069,0.573989140576,0.818848357409,0.00214032016235,0.0,0.818807042747,-0.573929128634,-0.0118797708215,0.0,-0.00849950237955,0.0085715336953,-0.99992714098,0.0,0.656303953332,0.253917539827,0.303455333121,1.0,-0.01476,-0.0193988571429,0.739
0.461013707182,0.517194078979,-0.124096681759,-1.40386793976,0.0766267530926,1.9117668021,0.152958283262,-0.00807311560924,-0.0839444854698,0.000436692660696,-0.128953235504,-0.0135454113643,0.0471460996941,-0.00913510843956,0.573976910782,0.81885701627,0.00210705843036,0.0,0.818815354498,-0.573917120749,-0.0118869949873,0.0,-0.00852463646575,0.00854831703847,-0.999927125769,0.0,0.656040452945,0.253586355059,0.303448842696,1.0,-0.0151,-0.0198457142857,0.756
0.460830896133,0.515839359748,-0.124105580655,-1.40600272075,0.0764979219463,1.91258172615,0.152667386255,-0.0108069919222,-0.0794139665777,-0.000522731124466,-0.12846021938,-0.00722746801244,0.0461589178236,-0.0148162524863,0.573972942257,0.818859729513,0.00213350429869,0.0,0.818818441261,-0.573913075721,-0.0118696532726,0.0,-0.0084952986149,0.0085599772828,-0.999927275701,0.0,0.655788041012,0.253260132051,0.303453851315,1.0,-0.01544,-0.0202925714286,0.773
0.46065917512,0.514516429035,-0.124103594273,-1.40809193617,0.0763736454015,1.91335319342,0.152375180135,-0.00895751880686,-0.0829772752334,0.000476570894192,-0.134452768786,-0.00521582914838,0.048781261695,-0.0196438445241,0.573949418522,0.818876202111,0.00213950815956,0.0,0.818834913212,-0.573889451415,-0.0118755783668,0.0,-0.00849695093957,0.00856805023793,-0.999927192519,0.0,0.655530620615,0.252950390627,0.303453738892,1.0,-0.01576,-0.0207131428571,0.789
0.460464573146,0.513123117413,-0.124105847351,-1.41036215081,0.0762414480739,1.91413718491,0.15205755474,-0.0129550790809,-0.0848925281923,-2.19534563918e-05,-0.135735063995,-0.00380370494874,0.047317978953,-0.0123758429376,0.573933619886,0.818887468887,0.00206401704649,0.0,0.818845019238,-0.573873784066,-0.0119357166174,0.0,-0.00858968887544,0.00854058355499,-0.999926635148,0.0,0.655240877616,0.25260230944,0.303417668214,1.0,-0.0161,-0.02116,0.806
0.460265141101,0.511627002161,-0.124106800952,-1.41279018923,0.0760922769171,1.91502108954,0.151735074599,-0.0065645849251,-0.078733591176,0.000517033438387,-0.139867843355,-0.0127502305867,0.0520793105445,-0.0206754651681,0.573920373538,0.818896859944,0.00202101788965,0.0,0.818853787929,-0.573860656712,-0.0119652652938,0.0,-0.00863870184586,0.0085221917599,-0.999926369828,0.0,0.654937138671,0.252238521175,0.303386648073,1.0,-0.01646,-0.0216331428571,0.824
0.460075155342,0.51023828998,-0.12410722851,-1.41497112978,0.0759565333108,1.91585081398,0.151409243118,-0.00727927884315,-0.0865909280714,0.00108416533256,-0.136732950157,-0.00509797060573,0.0509078873927,-0.0155324525088,0.573886741487,0.818920357194,0.00205022429072,0.0,0.818877680042,-0.573826921147,-0.0119480791903,0.0,-0.00860821712072,0.00853589148664,-0.999926515877,0.0,0.654674523176,0.251907660668,0.303392777113,1.0,-0.01678,-0.0220537142857,0.84
0.459869299475,0.508734388874,-0.124115862152,-1.41734255019,0.0757991042308,1.91670520188,0.151089686454,-0.0139253135881,-0.0903827133991,-7.81372892205e-05,-0.139590369088,-0.00862096752159,0.0508956155732,-0.0196719048157,0.573880365944,0.818924874385,0.00203041825702,0.0,0.818882012148,-0.573820701012,-0.0119499025816,0.0,-0.00862114242669,0.00852065150329,-0.999926534502,0.0,0.654380500077,0.25153885341,0.303390776928,1.0,-0.01712,-0.0225005714286,0.857
0.459652778042,0.507201289162,-0.124124753097,-1.41974334234,0.0756401909994,1.91756421289,0.150747579084,-0.0128693888278,-0.0906971465218,-0.00136603347171,-0.144823903801,-0.0134546938829,0.0457963177067,-0.0153788218224,0.573865086749,0.818935618576,0.00201537590356,0.0,0.818892620546,-0.573805545858,-0.0119506676826,0.0,-0.00863055972561,0.00850861121856,-0.99992655579,0.0,0.654082972195,0.251159984766,0.303395092111,1.0,-0.01746,-0.0229474285714,0.874
0.45944774548,0.505736004133,-0.124128654134,-1.42203785486,0.0755058040432,1.91843481308,0.15043849565,-0.0153182192639,-0.0940745394919,-0.000496008461692,-0.139426744854,-0.0146245641905,0.0561242239428,-0.0146717384811,0.573865184451,0.81893546015,0.00205160548377,0.0,0.818892885301,-0.573805444689,-0.011937376169,0.0,-0.00859888380418,0.00853065395273,-0.999926640879,0.0,0.653805152991,0.250807983233,0.303402948757,1.0,-0.01778,-0.023368,0.89
0.459230786492,0.504078648632,-0.124129626899,-1.42451519658,0.0753510289914,1.91939270962,0.150087207576,-0.0103440921745,-0.104363300102,0.00535283131518,-0.143646873847,-0.00758649132549,0.0570510760214,-0.0157543298003,0.573841769592,0.818951570568,0.00216689567773,0.0,0.818910552498,-0.573781619715,-0.0118704164279,0.0,-0.00847813449557,0.00858639982023,-0.999927194837,0.0,0.653508436776,0.250433434138,0.303464799927,1.0,-0.01812,-0.0238148571429,0.907
0.458982776276,0.502298674383,-0.124140857356,-1.42713710409,0.075178044941,1.92037310858,0.149718053371,-0.0126886265488,-0.106889733664,-0.000146655872955,-0.143111440679,-0.0121886101322,0.0569552463283,-0.0254183320814,0.573838121366,0.818953827211,0.00227733732161,0.0,0.818914387639,-0.573777684514,-0.0117958201006,0.0,-0.00835370751597,0.00863400177595,-0.999927832188,0.0,0.653194630648,0.250015809015,0.303545010519,1.0,-0.01848,-0.024288,0.925
0.458763262225,0.500694106673,-0.124142601601,-1.42956449875,0.0750295940511,1.92123039225,0.149376164324,-0.0138374308071,-0.102296367563,0.000258288966634,-0.149119364677,-0.0125199706245,0.0575762036054,-0.0236323341526,0.573822799106,0.818964473018,0.00230955899442,0.0,0.818925358232,-0.573762143249,-0.0117901450479,0.0,-0.00833073279977,0.00865697713375,-0.999927825214,0.0,0.652886698243,0.249638883001,0.303583812784,1.0,-0.0188,-0.0247085714286,0.941
0.458519594457,0.498984414154,-0.124144737175,-1.43218476807,0.074859550003,1.92219002047,0.14900986508,-0.0150504528379,-0.102665669051,-0.00013764676863,-0.158643628824,-0.00509407369166,0.0586197920529,-0.0287594673433,0.573811179846,0.818972508242,0.00234681239844,0.0,0.818933906934,-0.573750414628,-0.0117671020167,0.0,-0.00829060808656,0.00867414594203,-0.999928009914,0.0,0.652561659786,0.249228009708,0.30361243708,1.0,-0.01914,-0.0251554285714,0.958
0.458263008654,0.497318270429,-0.124144736852,-1.43483322898,0.0746944154574,1.9231627793,0.148625674751,-0.0137508696463,-0.0997014215336,-0.0013365845471,-0.157420917826,-0.010993045599,0.0655105372792,-0.0118364090628,0.573796452921,0.81898285485,0.00233687361511,0.0,0.818944075268,-0.57373567578,-0.0117780653198,0.0,-0.00830544570302,0.00867214787025,-0.999927904113,0.0,0.652232553323,0.248807836599,0.303597822359,1.0,-0.01948,-0.0256022857143,0.975
0.458012050656,0.495734236663,-0.124140158401,-1.43738408651,0.0745415069236,1.92403505966,0.148258752856,-0.0117841281915,-0.105029010171,0.00069660773859,-0.161409402808,-0.0161503443139,0.0523429062646,-0.0202283002055,0.573785541757,0.818990710381,0.00226169875211,0.0,0.81895073,-0.573724824082,-0.011843773317,0.0,-0.0084025093781,0.00864817223731,-0.999927300834,0.0,0.651900518229,0.248399902452,0.303563019073,1.0,-0.0198,-0.0260228571429,0.991
0.457735183926,0.494057264081,-0.124147524362,-1.44012800873,0.0743675170445,1.9250121153,0.147866650412,-0.0150883385298,-0.103360070366,-0.00157140938364,-0.165130576746,-0.00407886783353,0.0616188575539,-0.017302683228,0.573787476584,0.818989575387,0.00218037234989,0.0,0.818948483316,-0.573727026715,-0.0118923249304,0.0,-0.00848891503761,0.00860944550005,-0.999926905213,0.0,0.651554099911,0.247950232635,0.303509977286,1.0,-0.021136,-0.0277787428571,1.008
0.457416792257,0.491927221243,-0.124179570985,-1.44351390854,0.0741537726307,1.92626938177,0.147387644236,-0.0186201903438,-0.11492673117,-0.000256937204363,-0.190709667775,-0.0101413314648,0.0690460889956,-0.0198666896152,0.573791087991,0.818987072405,0.00217013297564,0.0,0.818945964147,-0.57373079746,-0.0118838863049,0.0,-0.00848784054821,0.00859625519909,-0.999927027817,0.0,0.651136083769,0.247401585568,0.303490958673,1.0,-0.0242737142857,-0.0319025959184,1.027
0.457139625623,0.49020859301,-0.124180403563,-1.4463225365,0.0739937491937,1.92725147968,0.146979103749,-0.0214404594414,-0.118464373165,0.00121068095297,-0.206311156758,-0.0206968188929,0.0725276047128,-0.0260819803319,0.573781099596,0.818994288362,0.00208621136168,0.0,0.818951806032,-0.573720870486,-0.0119603121534,0.0,-0.00859868989369,0.00857127264488,-0.999926295192,0.0,0.650770892708,0.246951344204,0.303434906292,1.0,-0.0265857142857,-0.0349412244898,1.041
0.456769040153,0.487823255215,-0.124200815852,-1.45007167224,0.07375772979,1.92863628406,0.146439627041,-0.0201490160003,-0.149872058699,-0.00107171392077,-0.227049581921,-0.0141050507798,0.0772240813555,-0.0288909064817,0.573785729266,0.818991015019,0.00209788202773,0.0,0.818948727814,-0.57372549419,-0.0119492857082,0.0,-0.00858291447554,0.00857455251873,-0.999926402606,0.0,0.650275736757,0.246300456983,0.303425017692,1.0,-0.0295582857143,-0.0388480326531,1.059
0.456343864368,0.48519157528,-0.124229496722,-1.4541163394,0.0735142343219,1.93019205354,0.1458351183,-0.0257933164975,-0.157589713131,-0.00232969309992,-0.244247465394,-0.0153002756707,0.0972648654675,-0.0353789980368,0.573788326309,0.818988890038,0.00221393039563,0.0,0.818948192001,-0.573727698522,-0.0118799691745,0.0,-0.00845953244952,0.00862984807525,-0.99992697835,0.0,0.64981884551,0.245669779601,0.303467401923,1.0,-0.0322005714286,-0.0423207510204,1.075
0.455906862724,0.482486970527,-0.124262848662,-1.4582804762,0.0732505055342,1.93161471818,0.145200312033,-0.0296831235011,-0.177337474233,-0.00308075820347,-0.267025641692,-0.0152332387465,0.0893088028749,-0.0350658239282,0.573782698798,0.818992926246,0.00217904098535,0.0,0.818951704096,-0.57372214058,-0.0119062448983,0.0,-0.0085011299644,0.00861629254885,-0.999926742463,0.0,0.649281531552,0.244963123931,0.303486310108,1.0,-0.0348428571429,-0.0457934693878,1.091
0.455368005393,0.479210114492,-0.124314677277,-1.46340319107,0.0729395236408,1.93344919163,0.144439198983,-0.0282377924708,-0.18342718679,-0.00290569407665,-0.294248457222,-0.0228323758507,0.0924432004901,-0.0395742242257,0.573803849628,0.818978145146,0.00216490779997,0.0,0.818936692428,-0.573743298892,-0.0119192144712,0.0,-0.00851963884574,0.00861237939624,-0.999926618645,0.0,0.648633870359,0.244094154932,0.30348017344,1.0,-0.0378154285714,-0.049700277551,1.109
0.454770220263,0.475660996878,-0.124346758239,-1.46881030849,0.0726103430066,1.93545684011,0.143671406546,-0.0307226308851,-0.199122446013,-0.00047035011933,-0.309517000482,-0.0178274846984,0.120696883148,-0.0405779377573,0.573860687082,0.818937977479,0.00229080029413,0.0,0.818898151437,-0.573799614673,-0.0118560817594,0.0,-0.00839509692241,0.0086798384645,-0.999927088718,0.0,0.647963961929,0.24317776432,0.303538729327,1.0,-0.040788,-0.0536070857143,1.127
0.454240527645,0.472521672203,-0.124374887013,-1.47366082474,0.0723171846751,1.93716265949,0.142951256367,-0.0372700543847,-0.213835725267,-0.000707565117341,-0.328624616084,-0.0254865005103,0.124242981116,-0.0505833097079,0.573878447859,0.818925531882,0.00229068012675,0.0,0.818885501049,-0.573817163643,-0.0118804789759,0.0,-0.00841495800519,0.00869392296279,-0.999926799413,0.0,0.647336454091,0.242354529816,0.303549871281,1.0,-0.0432651428571,-0.0568627591837,1.142
0.453617716701,0.468744647855,-0.124380895444,-1.47937669515,0.0719603443158,1.93928762411,0.142053237286,-0.0370764045259,-0.231572173975,0.00348015470357,-0.341495025838,-0.0174119009567,0.132007022607,-0.0560068624498,0.573833372175,0.818956610913,0.00246522245625,0.0,0.818918750158,-0.573771314842,-0.0118027880329,0.0,-0.00825165622657,0.00879181982047,-0.999927304395,0.0,0.646565320913,0.241351184129,0.303629231809,1.0,-0.0462377142857,-0.0607695673469,1.16
0.45289933107,0.464476652545,-0.124385111209,-1.48584225523,0.0715324529456,1.94161189783,0.141037303018,-0.048027533986,-0.236102202691,0.000301929712385,-0.368335820888,-0.0228936774772,0.129230496325,-0.051110702845,0.573780323287,0.81899351149,0.002552576507,0.0,0.818956807749,-0.573717971431,-0.0117551350169,0.0,-0.00816307745458,0.00883548518848,-0.999927646566,0.0,0.645771293102,0.240323484026,0.303690574496,1.0,-0.0490451428571,-0.0644593306122,1.177
0.45222119851,0.460529522073,-0.124393964592,-1.4920108183,0.071115747592,1.94374103702,0.140130540294,-0.0376483100261,-0.246798047214,-0.00148323032149,-0.384533692373,-0.0243799922649,0.132154292331,-0.0583410214254,0.573772974287,0.818998932096,0.00246375823445,0.0,0.818960965279,-0.57371083747,-0.011813518492,0.0,-0.00826193329706,0.00879616881736,-0.999927181285,0.0,0.644942004807,0.239282419707,0.303658484972,1.0,-0.0516874285714,-0.0679320489796,1.193
0.451454981042,0.456164670076,-0.12440575387,-1.49881190669,0.0706503694233,1.94613640704,0.139092590458,-0.0464001864717,-0.259575709495,-0.00314856464716,-0.410423023128,-0.0254837407655,0.144943374383,-0.0618756550223,0.573745355679,0.819018431828,0.00241289539715,0.0,0.818979805191,-0.57368341803,-0.0118389808395,0.0,-0.00831226547968,0.00876884170231,-0.999927004165,0.0,0.644034996706,0.238125078794,0.303631966608,1.0,-0.0544948571429,-0.0716218122449,1.21
0.450620730586,0.451538578129,-0.124436505021,-1.50584141676,0.0701756478293,1.94871119141,0.137943361629,-0.0471066015398,-0.279844891258,-0.00126494487638,-0.412854891629,-0.0261187518989,0.159519854046,-0.0727299291091,0.573701124001,0.819049029434,0.002540591312,0.0,0.819012265705,-0.57363892961,-0.0117487855615,0.0,-0.00816560654364,0.00882123676512,-0.999927751716,0.0,0.643125576068,0.236900959426,0.303687205011,1.0,-0.0573022857143,-0.0753115755102,1.227
0.449798486803,0.446975847179,-0.12449663684,-1.51275181803,0.0697069542082,1.95118895109,0.136922383454,-0.0508825543563,-0.288897217623,-0.00180637016773,-0.44417506924,-0.0238126866263,0.147430357725,-0.066957822884,0.573765897051,0.819003377723,0.00262860422426,0.0,0.818968003557,-0.573703647402,-0.0116739457027,0.0,-0.00805311617831,0.00885102509159,-0.999928400774,0.0,0.642219711835,0.2356765593,0.303742984955,1.0,-0.0599445714286,-0.0787842938775,1.243
0.448815119417,0.441662620201,-0.12451818377,-1.52101836766,0.0691395966096,1.95392911134,0.135657029472,-0.0521761337332,-0.29774187118,-0.000865429331649,-0.463233928642,-0.0367174392452,0.157190693035,-0.0747443999475,0.57376204586,0.819006666461,0.00243760618246,0.0,0.818968525928,-0.573700186115,-0.0118066461363,0.0,-0.00827142602424,0.00877069704708,-0.999927326552,0.0,0.641065283092,0.234226779559,0.303683789807,1.0,-0.0629171428571,-0.0826911020408,1.261
0.447883649885,0.436792537971,-0.12453500357,-1.52857132471,0.0686419795114,1.95656838721,0.134414674388,-0.0553258100896,-0.30744141928,-0.00335444521535,-0.475950406845,-0.0348967215883,0.169584333848,-0.0782382919584,0.573715541894,0.819039357384,0.00239894673215,0.0,0.819000459275,-0.573653567005,-0.0118566298075,0.0,-0.00833504258375,0.008767240067,-0.999926828606,0.0,0.640033565655,0.232896838043,0.303646116311,1.0,-0.0655594285714,-0.0861638204082,1.277
0.446891633237,0.431646765177,-0.12455348975,-1.53618240459,0.0681217342996,1.95940786968,0.133175479458,-0.0650911074281,-0.317401036697,-0.00111481455462,-0.488023428616,-0.0344629056135,0.181775419845,-0.0804762226631,0.573720091675,0.819035265564,0.002690180862,0.0,0.819000465573,-0.573657383704,-0.0116700648979,0.0,-0.00801510690343,0.00889878141063,-0.999928282304,0.0,0.63897338258,0.231442427465,0.303773079686,1.0,-0.0683668571429,-0.0898535836735,1.294
0.44570341105,0.425793785508,-0.12462804349,-1.54530602958,0.0674461010793,1.96241345176,0.131697984557,-0.0675028651783,-0.33114636462,-0.000604432259277,-0.510320816067,-0.036090926684,0.166375656977,-0.0781685741997,0.573733403715,0.819026746704,0.00243239509011,0.0,0.818988739783,-0.573671780733,-0.0117846934597,0.0,-0.00825674169025,0.00875354501272,-0.999927598212,0.0,0.637759540718,0.229838545699,0.303684234822,1.0,-0.0711742857143,-0.0935433469388,1.311
0.44459833996,0.420320624156,-0.124715122055,-1.55370239214,0.0668447353946,1.96515844825,0.130336950858,-0.0716739421232,-0.346494340391,-0.00411173042421,-0.522673489746,-0.0335315583321,0.172313028682,-0.0745584823486,0.573773632078,0.818999075668,0.00225390527843,0.0,0.818958775315,-0.573712721871,-0.0118736683274,0.0,-0.00843159158707,0.00865882001791,-0.999926963882,0.0,0.636571660564,0.228264834814,0.303646686655,1.0,-0.0738165714286,-0.0970160653061,1.327
0.44329100622,0.413916979397,-0.124745553688,-1.56315746265,0.0662035846226,1.96866906663,0.128797792491,-0.0719439698673,-0.358771825184,-0.000944634169179,-0.527123282651,-0.0296509969725,0.202195154655,-0.0921997213834,0.573821923384,0.818964120419,0.00262994505801,0.0,0.818928929422,-0.573759844245,-0.011653179319,0.0,-0.00803473357773,0.00884075807314,-0.99992863948,0.0,0.635307637619,0.226530958174,0.303791664542,1.0,-0.0767891428571,-0.100922873469,1.345
0.441980598187,0.407785336454,-0.124775742197,-1.57249078493,0.0655513454994,1.97178494683,0.127218476641,-0.078811580837,-0.366039341092,-0.00351045201042,-0.557769687631,-0.0446959669349,0.182306899851,-0.0920771167565,0.573822051566,0.818964281359,0.00255066568646,0.0,0.818927763896,-0.573759929943,-0.0117306100625,0.0,-0.00814363766445,0.00882026349666,-0.999927939462,0.0,0.633973899496,0.224783583122,0.303767629548,1.0,-0.0795965714286,-0.104612636735,1.362
0.440694110344,0.401876687019,-0.12485217071,-1.58160077773,0.0649050439127,1.97479758477,0.125696028514,-0.081985616826,-0.377051371857,-0.00645919639505,-0.567582207601,-0.0426300855265,0.193533938678,-0.100969884977,0.573869546401,0.818931540054,0.00237135377915,0.0,0.818892536589,-0.573807924958,-0.0118416922496,0.0,-0.00833699419247,0.0087376386979,-0.99992707144,0.0,0.632660904011,0.223045297037,0.303683171919,1.0,-0.0822388571429,-0.108085355102,1.378
0.439336475913,0.395666111311,-0.12488142673,-1.59068354849,0.0642207258929,1.97807572691,0.124133215964,-0.0921231009244,-0.389728907743,0.000546232383742,-0.580002685955,-0.0530154859969,0.197560275605,-0.0955127348664,0.573887693375,0.818917885152,0.00267575647971,0.0,0.818883407305,-0.573825579343,-0.0116153619912,0.0,-0.00797676374235,0.00885721641291,-0.999928957955,0.0,0.631409163518,0.221311434996,0.303825741249,1.0,-0.0848811428571,-0.111558073469,1.394
