position_joint1,position_joint2,position_joint3,position_joint4,position_joint5,position_joint6,position_joint7,velocity_joint1,velocity_joint2,velocity_joint3,velocity_joint4,velocity_joint5,velocity_joint6,velocity_joint7,ee_T_00,ee_T_10,ee_T_20,ee_T_30,ee_T_01,ee_T_11,ee_T_21,ee_T_31,ee_T_02,ee_T_12,ee_T_22,ee_T_32,ee_T_03,ee_T_13,ee_T_23,ee_T_33,v_x,v_y,time
0.465066716596,0.547874144163,-0.12390877337,-1.35586067861,0.0794776512535,1.89409279279,0.159169626138,-0.00240886210491,0.00121782325527,0.000330013317126,-0.0013433408578,-0.000218480418724,8.25033065698e-05,0.00186730453812,0.573759974009,0.819009677237,0.00184057562853,0.0,0.81896484974,-0.573701623807,-0.0119903558236,0.0,-0.00876444496897,0.00838711446673,-0.9999264177,0.0,0.661651457662,0.260923329707,0.303132000713,1.0,0.0,0.0,0.0
0.465068487478,0.547872328849,-0.123911132939,-1.35585761222,0.0794776512655,1.8940923322,0.159160517046,-0.00023414320042,-0.00297415571716,0.000373114799575,0.000781554802678,-0.000118366024375,-0.000402670303229,0.00122540226373,0.573757420689,0.819011451684,0.0018469203824,0.0,0.81896671001,-0.573699046426,-0.0119866145029,0.0,-0.00875776669673,0.00839013686533,-0.999926450858,0.0,0.661652050257,0.260923743959,0.303137225882,1.0,-0.00026,-0.000341714285714,0.014
0.46506905378,0.547861198099,-0.123911162009,-1.35586395989,0.0794743193892,1.89409233222,0.15916753609,9.83619072184e-05,-0.00200645980617,-0.00127682040178,0.000122059111061,-0.000369117901845,0.000455757783351,0.000742531096481,0.573757288061,0.819011545565,0.00184649092684,0.0,0.818966834817,-0.573698950654,-0.0119826703974,0.0,-0.00875478405177,0.00838752078657,-0.999926498924,0.0,0.661651084306,0.260922705464,0.303139642958,1.0,-0.0006,-0.000788571428571,0.031
0.465068712583,0.547836482563,-0.123911136937,-1.35588206205,0.0794784598208,1.89409557031,0.159169006202,-0.000684077480715,-0.00404919334823,0.00164598250272,-0.00019212510886,0.000167987269631,-4.47077515696e-05,0.00133258337915,0.573760819129,0.819009045302,0.00185823737807,0.0,0.818964435351,-0.573702380617,-0.0119824457161,0.0,-0.0087478246415,0.00839704986354,-0.999926479856,0.0,0.66164808717,0.260921563858,0.303148824275,1.0,-0.00092,-0.00120914285714,0.047
0.465063739033,0.547740437922,-0.123906125629,-1.35598957804,0.0794747858777,1.89411832911,0.159158752922,-0.00766629002035,-0.00427683113162,0.000747235298841,-0.00862693483718,-8.85259858219e-05,0.00344374087029,-0.0047439213548,0.573757876473,0.81901107539,0.00187202428658,0.0,0.818966571,-0.573699307874,-0.0119835984295,0.0,-0.00874088908845,0.00840897119697,-0.999926440325,0.0,0.661630873012,0.260910626635,0.303167495803,1.0,-0.00126,-0.001656,0.064
0.465063036347,0.547623829485,-0.123908631175,-1.35616527658,0.0794715573116,1.89414984217,0.159159586877,-2.08722638246e-05,-0.00866431590206,0.00203254375077,-0.00768359063762,9.23150426801e-05,0.00160613519849,0.00040684694152,0.573769625667,0.819002887357,0.00185312277858,0.0,0.818958035523,-0.573711040064,-0.012005226442,0.0,-0.00876932695944,0.00840602591407,-0.999926216094,0.0,0.66160089254,0.260890999504,0.303169292141,1.0,-0.00158,-0.00207657142857,0.08
0.465049880329,0.547465771642,-0.123911754621,-1.35637952336,0.0794680773935,1.89423239589,0.159150425886,-0.00433379118049,-0.0127158644212,0.000338259328402,-0.0124831842626,0.000204627137735,0.000725311020852,-0.000901661683623,0.573786143818,0.81899125338,0.00188014645156,0.0,0.818946688966,-0.573727377133,-0.0119985107642,0.0,-0.00874815230621,0.00842448113158,-0.999926246255,0.0,0.66157675579,0.260862181909,0.30318655077,1.0,-0.00192,-0.00252342857143,0.097
0.465029296147,0.547274907198,-0.123903669726,-1.35659901998,0.0794665114764,1.89436786093,0.159138784841,-0.0034952170484,-0.00889038563224,0.00120132525511,-0.0154216699016,0.000313652877204,0.00703663519035,0.000402962912815,0.573799987495,0.818981322748,0.0019784443594,0.0,0.818937970788,-0.573740734361,-0.0119547747287,0.0,-0.00865578975162,0.00848003606584,-0.999926580451,0.0,0.661562094787,0.26083866506,0.303228769634,1.0,-0.00226,-0.00297028571429,0.114
0.465003849853,0.547069364309,-0.123909699147,-1.35687718629,0.0794590313273,1.8945007678,0.159122133535,0.000677076765156,-0.015061024372,-0.000860904047951,-0.0163546655048,-0.00243499787133,0.00415395802066,0.00121542471679,0.5738251516,0.818963558925,0.00203259590245,0.0,0.818920902985,-0.573765660413,-0.0119276353902,0.0,-0.00860223061795,0.00850907628391,-0.999926795945,0.0,0.661538677321,0.260795848155,0.303253688074,1.0,-0.0026,-0.00341714285714,0.131
0.464965789834,0.546839284811,-0.123906307956,-1.35723695138,0.0794522006889,1.89462917565,0.159088844851,-0.000831492887941,-0.0174187168345,0.000430983027581,-0.0195635343438,0.000534278430046,0.00846847502805,0.00107355378422,0.573844977314,0.818949647822,0.0020404030677,0.0,0.818906933757,-0.573785293155,-0.011942282205,0.0,-0.00860954029398,0.00852408299584,-0.999926605219,0.0,0.661497353756,0.260740563845,0.303256436635,1.0,-0.00294,-0.003864,0.148
0.464924683899,0.546563664022,-0.123906624239,-1.35764127592,0.079439230826,1.89478439234,0.158950729902,-0.00296261634506,-0.0127306292303,-0.00185689835779,-0.0264078304355,6.18198804428e-06,0.0145051083399,-0.00956506511082,0.573784941115,0.818991637446,0.00207027617543,0.0,0.818949209952,-0.573725038898,-0.0119380970453,0.0,-0.00858959774421,0.00854551587607,-0.99992659379,0.0,0.661454323546,0.260677260108,0.303272654906,1.0,-0.00328,-0.00431085714286,0.165
0.464884194777,0.54628915082,-0.123908781533,-1.35808554158,0.0794206774054,1.89493291886,0.158938155702,-0.00366835140663,-0.0202223810797,0.00102419339188,-0.0252260767627,-0.000158619164216,0.00336493877661,3.88492423504e-05,0.573829136915,0.818960708484,0.00205584228302,0.0,0.818918006749,-0.573769203411,-0.0119560168939,0.0,-0.00861209488653,0.00854444162675,-0.999926409462,0.0,0.661401298135,0.260607176916,0.303268531822,1.0,-0.0036,-0.00473142857143,0.181
0.464831703301,0.545961602441,-0.12390651355,-1.35862904346,0.0793775327996,1.89512204433,0.158892027909,-0.0018125038514,-0.0246492843965,0.000871361589816,-0.0352846870944,-0.00359279447642,0.00964594756168,-0.00814134733024,0.573851633229,0.818945016706,0.00202720354154,0.0,0.818902003364,-0.573791877407,-0.0119639963416,0.0,-0.00863482850506,0.00852580403011,-0.999926372491,0.0,0.661338431681,0.260519409624,0.303258045822,1.0,-0.00394,-0.00517828571429,0.198
0.464772713771,0.54561254392,-0.123910394776,-1.35922932341,0.079296718767,1.89532707071,0.158779422862,-0.00223522071303,-0.0276855327104,-0.000564235034517,-0.038404946328,-0.00409895320746,0.00834853857437,-0.00908350705694,0.573822431783,0.818965636473,0.00196213139977,0.0,0.818922166754,-0.573763337153,-0.011952599706,0.0,-0.00866313615805,0.00846566571706,-0.999926638597,0.0,0.661271414982,0.260412307851,0.303237256474,1.0,-0.00428,-0.00562514285714,0.215
0.464710588011,0.54518843218,-0.123912551985,-1.35996022758,0.0792809415886,1.89555680796,0.158707140191,-0.00153510324742,-0.0312178039851,0.000587444872725,-0.0409791704249,3.24829510634e-05,0.018695342755,-0.00439815972617,0.573852015282,0.818945027342,0.00191145237344,0.0,0.818900582244,-0.573792826679,-0.0120156295552,0.0,-0.0087435307543,0.00846064559034,-0.999925981334,0.0,0.661177986603,0.260301821055,0.303209609435,1.0,-0.00464,-0.00609828571429,0.233
0.464642804495,0.544786419765,-0.12391571904,-1.36063012794,0.0792557139714,1.89578834282,0.158615935541,-0.00287894094834,-0.0259279070123,-0.00496239151683,-0.0451875513193,-0.00106590234922,0.0140033942299,-0.0105233548942,0.573865639484,0.818935535353,0.00188776532371,0.0,0.818890625248,-0.573806401279,-0.0120459384978,0.0,-0.00878180434261,0.00845878638332,-0.99992566166,0.0,0.661100511127,0.260192562647,0.303195487498,1.0,-0.00496,-0.00651885714286,0.249
0.464567413273,0.544273155288,-0.123920812207,-1.36147797086,0.0792186692541,1.89610289846,0.158512187434,-0.00248579995024,-0.0310471005177,-0.00187824998982,-0.0489826601156,0.000198456057936,0.0172141451856,-0.00228397139603,0.573883439005,0.818923089333,0.00187592504,0.0,0.818877911195,-0.573824141191,-0.0120651749099,0.0,-0.0088041687431,0.00846032053521,-0.999925452016,0.0,0.661004586086,0.260061228076,0.303182619516,1.0,-0.00534,-0.00701828571429,0.268
0.464511140306,0.543842580612,-0.1239196268,-1.36215868098,0.079183156737,1.89634288165,0.158441802422,-0.00377708854194,-0.0304752848798,0.000571797579218,-0.0499800518648,0.000443162963628,0.0147986820661,-0.00690209729633,0.573899431711,0.818911894222,0.00187047709039,0.0,0.818866565018,-0.573840079091,-0.0120772193132,0.0,-0.00881699357769,0.00846294338835,-0.999925316818,0.0,0.660923469237,0.259960115426,0.303184049046,1.0,-0.00562,-0.00738628571429,0.282
0.464436450371,0.543302595645,-0.123919074741,-1.36301013974,0.0791280418928,1.89663344293,0.158321247864,-0.000654847795881,-0.0270218095212,-0.00134661870275,-0.0571293741624,-0.00606837900412,0.0132131141027,-0.00328515525302,0.573894014027,0.818915734344,0.0018513803527,0.0,0.818870142886,-0.573834734138,-0.0120885849939,0.0,-0.00883731625072,0.00845376942127,-0.999925215016,0.0,0.660821936775,0.259827899066,0.303185948957,1.0,-0.00596,-0.00783314285714,0.299
0.464354448542,0.542702996459,-0.123920072435,-1.36394860148,0.0790722780254,1.89697637718,0.158193493953,-0.00366266741555,-0.0362051139578,0.000106464582287,-0.045402118537,-0.000684763531988,0.0174450782975,-0.0043961059663,0.573894522002,0.818915370372,0.00185490850738,0.0,0.818869806657,-0.573835208874,-0.0120888255769,0.0,-0.00883548337437,0.0084568021665,-0.999925205568,0.0,0.660714534941,0.259683868603,0.303193137411,1.0,-0.00632,-0.00830628571429,0.317
0.464290532252,0.542172915889,-0.123925066546,-1.36477052519,0.0790287980323,1.89728597865,0.158089702939,-0.00351357217677,-0.0369781916312,-8.28919304262e-05,-0.0541676751258,-0.00887861578939,0.0235408549483,-0.00988226214091,0.573899455795,0.818911874564,0.00187169370195,0.0,0.818866499945,-0.573840038964,-0.0120835363329,0.0,-0.00882146844351,0.0084675652231,-0.999925238222,0.0,0.660620916,0.259562123707,0.303203808076,1.0,-0.00662,-0.00870057142857,0.332
0.464198520561,0.541507789571,-0.123929939942,-1.36579014195,0.0789704439947,1.89766845053,0.157951738094,-0.00470265273944,-0.0338490204059,-0.00171279777493,-0.0560150380712,-0.00511046682823,0.0193142212102,-0.00589367192338,0.573906258264,0.818907051679,0.00189587354268,0.0,0.818861988097,-0.573846729658,-0.0120715455263,0.0,-0.00879770230684,0.0084805575798,-0.999925337501,0.0,0.660507742199,0.259402742897,0.303222102366,1.0,-0.00698,-0.00917371428571,0.35
0.464114067002,0.540825318455,-0.123924887355,-1.36685411728,0.0789067640729,1.89805704257,0.157817264778,-0.00648663695108,-0.0422702864952,0.000381620258418,-0.0640881222437,-0.00794455283189,0.0189856315852,-0.00850549113493,0.573903672574,0.818908846704,0.00190323340162,0.0,0.818863830623,-0.573844065141,-0.012073222473,0.0,-0.00879487882798,0.00848751912194,-0.999925303273,0.0,0.660381874335,0.259248632777,0.303231644899,1.0,-0.00732,-0.00962057142857,0.367
0.46402594494,0.540137619217,-0.123928472437,-1.36789294711,0.0788402865354,1.89843989086,0.157678253972,-0.00602126740119,-0.0477310584376,-0.000982593566825,-0.0720670917115,-0.00109678606598,0.0263999515004,-0.0110387423576,0.573904199271,0.818908420508,0.00192763645317,0.0,0.818863766958,-0.573844527686,-0.0120555426977,0.0,-0.00876639057913,0.00849736182664,-0.999925469842,0.0,0.660263705269,0.259089317238,0.30325651898,1.0,-0.00764,-0.0100411428571,0.383
0.463921374303,0.539402291809,-0.123924236308,-1.36904611373,0.0787839621014,1.89887705094,0.157535873969,-0.00635240151656,-0.0467746540653,0.00146350809468,-0.072673711192,-0.00218523911577,0.0267501574487,-0.0130036580946,0.573919049367,0.818897956805,0.00195141347306,0.0,0.818853473932,-0.573859136895,-0.012059275816,0.0,-0.00875564844823,0.00851913383358,-0.999925378705,0.0,0.660132886856,0.258916061234,0.303265008477,1.0,-0.00798,-0.010488,0.4
0.463816888471,0.538694536381,-0.123936695637,-1.37016325382,0.0787200318852,1.89930498814,0.157405371747,-0.00356769342537,-0.0470574279396,-0.00218960258797,-0.073569260951,-0.00495061822889,0.0319773065389,-0.00657446974146,0.573951193873,0.81887539584,0.00196469836958,0.0,0.818831128389,-0.573891260741,-0.01204785988,0.0,-0.00873834104414,0.00852380385432,-0.999925490306,0.0,0.660011831571,0.258735248083,0.303270781151,1.0,-0.0083,-0.0109085714286,0.416
0.463707930537,0.537947555193,-0.123937404937,-1.37131497635,0.0786520727521,1.89975232499,0.157255165398,-0.00549992703566,-0.0466688652994,-0.000233877742403,-0.073877594083,-0.00263197266837,0.0312602314568,-0.0116814101211,0.573963367589,0.818866776111,0.00200063700358,0.0,0.818822988072,-0.573903288589,-0.0120281525355,0.0,-0.00870144986354,0.00854205096541,-0.999925656304,0.0,0.659886140972,0.258555390018,0.303288971116,1.0,-0.00862,-0.0113291428571,0.432
0.463591292943,0.537092003043,-0.123945581505,-1.37268048015,0.0785755134439,1.90025627321,0.15709659983,-0.00503538727219,-0.0424310852927,-0.00112191306066,-0.078876781892,-0.0107690957624,0.0192138305042,-0.00673318446949,0.573989498695,0.818848471809,0.00199562159543,0.0,0.818804587754,-0.5739294079,-0.012034480555,0.0,-0.0087092377706,0.00854185403571,-0.999925590185,0.0,0.659728951968,0.258344643971,0.303287101229,1.0,-0.00898,-0.0118022857143,0.45
0.463465474478,0.536196114019,-0.123946720392,-1.37407127393,0.0784886133872,1.90078636715,0.156915318927,-0.00875862813724,-0.0501804282173,-0.000277057646859,-0.0719997302419,-0.00135581360972,0.0345387845197,-0.0108346704613,0.573998146693,0.818842343203,0.00202273856549,0.0,0.818798853902,-0.573937979287,-0.0120158096196,0.0,-0.00867829430359,0.00855343315196,-0.999925760239,0.0,0.659573186731,0.258129577501,0.303303513986,1.0,-0.00934,-0.0122754285714,0.468
0.463367115726,0.535401545547,-0.123950181854,-1.37533482788,0.0784133423971,1.90123575099,0.156777722213,-0.00767567692028,-0.0455446753936,-0.00341692832197,-0.0820320762573,-0.00401121861193,0.0265388400016,-0.00694373925424,0.574017521829,0.818828803713,0.0020054286084,0.0,0.818785054724,-0.573957392484,-0.0120288268061,0.0,-0.00869868676549,0.00854693688164,-0.999925638594,0.0,0.659420663903,0.25794147175,0.303301906685,1.0,-0.00964,-0.0126697142857,0.483
0.463241719588,0.53445857656,-0.1239502622,-1.37687808695,0.0783416820335,1.90179848605,0.156581814924,-0.00461120644089,-0.0546125526453,-0.000632617074689,-0.0880907498742,-0.000391208318506,0.0393488405384,-0.010537565799,0.574025258524,0.818823432501,0.00198390163299,0.0,0.81877916676,-0.573964989757,-0.0120670424998,0.0,-0.00874225539483,0.00855132915611,-0.999925221074,0.0,0.659235331617,0.257714522718,0.303281483479,1.0,-0.01,-0.0131428571429,0.501
0.463119550214,0.533528446647,-0.123950873814,-1.37836591758,0.0782536325008,1.90234089478,0.156396184919,-0.00536960286679,-0.0572006761491,-0.000735342412881,-0.0903425175622,-0.00525811094533,0.0312865022942,-0.0126805241616,0.574031463761,0.818819113676,0.0019709370963,0.0,0.818774630619,-0.573971203641,-0.0120792610075,0.0,-0.00875963730468,0.00854779374177,-0.999925099183,0.0,0.659058300418,0.257491809063,0.303276399663,1.0,-0.01034,-0.0135897142857,0.518
0.462996295602,0.532639104621,-0.123948089756,-1.37979662517,0.0781752962039,1.90289367645,0.156211828142,-0.00819824137363,-0.0550211483471,0.000109367081029,-0.0941577023445,-0.00888835809855,0.0377066328838,-0.00501568816414,0.574036792378,0.818815347362,0.0019836386526,0.0,0.818770953986,-0.573976401833,-0.0120814713218,0.0,-0.00875410090421,0.00855951955399,-0.999925047362,0.0,0.658894167556,0.257278878117,0.303270364577,1.0,-0.01066,-0.0140102857143,0.534
0.462859466313,0.531652931924,-0.123945584103,-1.3813699103,0.0780803911971,1.90345655375,0.156016986825,-0.00280749714552,-0.0590823216567,0.000757496908381,-0.0915290155259,-0.00569098936943,0.0311969089965,-0.010938175717,0.574047675852,0.818807766085,0.00196340237943,0.0,0.818763041429,-0.573987307025,-0.0120995977321,0.0,-0.00878044559594,0.00855347194142,-0.999924868124,0.0,0.658705436558,0.25703924209,0.303265397244,1.0,-0.011,-0.0144571428571,0.551
0.462721329053,0.53064494971,-0.123956830941,-1.38300665902,0.0779800186318,1.90403074423,0.155804931306,-0.00852690871441,-0.0620803073318,-0.00141134956252,-0.0928615281496,-0.00263945525058,0.0361254623472,-0.0197966860534,0.574056978667,0.818801362751,0.00191324377658,0.0,0.81875597464,-0.573996822367,-0.0121263681969,0.0,-0.00883106098195,0.00852787025025,-0.999924641056,0.0,0.658508047198,0.256783420112,0.303246808481,1.0,-0.01134,-0.014904,0.568
0.462598278464,0.529665668901,-0.123951516018,-1.38455210385,0.0778852796303,1.90460684518,0.155597159882,-0.00803541041973,-0.0594032933396,0.000333147174933,-0.0925995990096,-0.00431318626876,0.0412029287686,-0.0125144955541,0.574042322385,0.81881161865,0.00192150340866,0.0,0.818766305563,-0.573982099423,-0.0121257295573,0.0,-0.00882594961243,0.00853410851073,-0.999924632963,0.0,0.658323222759,0.256558677643,0.303250849086,1.0,-0.01166,-0.0153245714286,0.584
0.462449106622,0.528500096757,-0.123956884332,-1.38633876151,0.0777655032504,1.90528487431,0.155343121171,-0.0108791332238,-0.0688631793233,-0.000906757185372,-0.100785095451,-0.00240269823358,0.034318270854,-0.0164501532934,0.574024845893,0.818823774734,0.00196191984825,0.0,0.818779127996,-0.573964581214,-0.0120890847735,0.0,-0.00877292642928,0.00854597858323,-0.999924998193,0.0,0.658117288344,0.25628724419,0.303280173294,1.0,-0.01202,-0.0157977142857,0.602
0.46231436631,0.527441669234,-0.12395542415,-1.38796971219,0.0776742421379,1.90591930985,0.155120605515,-0.0104984116015,-0.0702158688046,0.000744004924513,-0.102336484151,-0.00512336917744,0.038523785358,-0.0127170053241,0.574015771441,0.818830000213,0.00201786743352,0.0,0.81878603495,-0.573955216657,-0.0120658668699,0.0,-0.00872189615521,0.00857836471451,-0.999925167293,0.0,0.657928955273,0.256048009628,0.303303934615,1.0,-0.01234,-0.0162182857143,0.618
0.462170114441,0.526342924719,-0.123957432436,-1.38966203786,0.0775620741406,1.90655721787,0.154881598542,-0.0105354339457,-0.0676145276216,0.000476982641559,-0.107557237238,-0.0060959556551,0.0429963713649,-0.0181853695547,0.574000695785,0.818840489804,0.00204948724421,0.0,0.818797031119,-0.573940099724,-0.01203871506,0.0,-0.00868167157209,0.00858851024711,-0.999925430255,0.0,0.657731879473,0.255790656734,0.303326975096,1.0,-0.01266,-0.0166388571429,0.634
0.462017162528,0.525146216062,-0.123959837126,-1.39151155731,0.0774407780209,1.90721554516,0.15464102541,-0.012221971735,-0.0684462258987,0.000772401725468,-0.110883797062,-0.00497637253869,0.0369369539247,-0.0165178643003,0.573997260117,0.818842898056,0.00204953211103,0.0,0.818799472464,-0.573936696458,-0.0120349180813,0.0,-0.0086785725999,0.0085863311292,-0.999925475871,0.0,0.657506830385,0.255509948879,0.303345604152,1.0,-0.013,-0.0170857142857,0.651
0.461845678349,0.523905269108,-0.123968880462,-1.39351143698,0.0773153862393,1.90794365443,0.154364504906,-0.0101354214506,-0.0730859643846,0.00163358413194,-0.113381360947,-0.00339361658635,0.0460506685601,-0.0211643094278,0.573991197435,0.818847226224,0.00201798750864,0.0,0.818803414218,-0.573930794463,-0.0120481920835,0.0,-0.00870761114302,0.00856805622449,-0.999925380176,0.0,0.657267365023,0.255200021162,0.303329765912,1.0,-0.01336,-0.0175588571429,0.669
0.461698989381,0.522758473343,-0.123972557143,-1.39532643129,0.0772060152667,1.90863281894,0.154120132663,-0.0117896261702,-0.0746330492225,-0.00125638973825,-0.109366670956,-0.00337609879461,0.042746888569,-0.0160218421017,0.573981690551,0.818853851018,0.00203383556636,0.0,0.81881025257,-0.573921227475,-0.0120391794145,0.0,-0.00869123435514,0.00857575907691,-0.999925456622,0.0,0.657052098056,0.254930185315,0.303331858397,1.0,-0.01368,-0.0179794285714,0.685
0.461528911946,0.521517427203,-0.123967294821,-1.39730899537,0.0770927159349,1.90940521612,0.153847759343,-0.00975969027205,-0.0670793306174,0.000837973974631,-0.119835380704,-0.00719584343812,0.0423724977368,-0.00777048539307,0.573969928622,0.818862023861,0.00206247845178,0.0,0.818818731311,-0.573909277732,-0.0120321688702,0.0,-0.00866917754244,0.00859506457848,-0.999925482336,0.0,0.656819978912,0.254636563859,0.303327065691,1.0,-0.01402,-0.0184262857143,0.702
0.461365580457,0.520231424,-0.123978278074,-1.39933083196,0.0769596827235,1.91014735263,0.153578993294,-0.0101118835254,-0.0770953985981,-0.000522056141195,-0.116525096753,-0.00673087415765,0.0412583073754,-0.0200108903553,0.573963133172,0.818866795256,0.00205919562948,0.0,0.818823563537,-0.573902599848,-0.0120218378403,0.0,-0.00866267288332,0.00858637493099,-0.999925613365,0.0,0.656576086298,0.254328701866,0.303332643797,1.0,-0.01436,-0.0188731428571,0.719
0.4612085188,0.518979598384,-0.123984380146,-1.4012954338,0.0768307382102,1.9108430891,0.153311812772,-0.00804495684952,-0.085925877678,-0.00122041212044,-0.127959948003,-0.0015380923724,0.0490831992412,-0.0207350545148,0.573946626598,0.818878415725,0.00203886681463,0.0,0.81883495408,-0.573886216709,-0.0120280983137,0.0,-0.00867963963868,0.00857314692574,-0.999925579735,0.0,0.656331926137,0.254031725656,0.303336915801,1.0,-0.01468,-0.0192937142857,0.735
0.461029759415,0.517625783058,-0.12398034432,-1.403415086,0.0766952341024,1.91160345899,0.153027781745,-0.014460509741,-0.0787981050117,0.000229183212198,-0.124488960915,-0.00823349288815,0.0396914658085,-0.0229544641863,0.573933101384,0.818887912096,0.00203210748869,0.0,0.818844330627,-0.573872690819,-0.0120351083717,0.0,-0.00868940107164,0.00857149179736,-0.999925509144,0.0,0.656069530198,0.253712725559,0.303343875981,1.0,-0.01502,-0.0197405714286,0.752
0.460837677349,0.516193036897,-0.123984965197,-1.4056935419,0.0765539475702,1.91245479619,0.152713284078,-0.0113943912246,-0.0818770546279,-0.00124427827139,-0.12609807055,-0.00785318281814,0.0460113593069,-0.0208428039225,0.573918480705,0.818898156928,0.00203297458599,0.0,0.818854601319,-0.573858082628,-0.0120328634128,0.0,-0.0086872180292,0.00857075829615,-0.9999255344,0.0,0.655794588047,0.253367386655,0.303338394173,1.0,-0.01538,-0.0202137142857,0.77
0.460662053246,0.514913717548,-0.123986003657,-1.40776999687,0.0764258016323,1.91322790402,0.152440856874,-0.0139133141139,-0.0824065569287,0.000960063595112,-0.131937102659,-0.00719545261841,0.0565698791351,-0.0167379725984,0.573914855831,0.818900755734,0.00200933221125,0.0,0.818856873656,-0.573854541849,-0.0120470812709,0.0,-0.00871246728364,0.00855951920069,-0.999925410991,0.0,0.655541376956,0.253053763837,0.30331418214,1.0,-0.0157,-0.0206342857143,0.786
0.460471441257,0.513505472873,-0.12398853876,-1.41002967139,0.0762956485427,1.91400212012,0.152110370662,-0.0116645247346,-0.080332484368,-0.00413944279752,-0.130215802224,-0.00405708015355,0.0432473460749,-0.0209752140584,0.573885385568,0.818921554835,0.00194888673572,0.0,0.818876680704,-0.57382514007,-0.0121011290637,0.0,-0.0087917244919,0.00854072345511,-0.99992487799,0.0,0.655251662529,0.252709265273,0.303292872905,1.0,-0.01604,-0.0210811428571,0.803
0.460273454069,0.512069768324,-0.123994233149,-1.41230929052,0.0761609811964,1.91482644839,0.151790704385,-0.00670637061896,-0.0833776624773,-0.000896654656766,-0.12816200389,-0.00288996143777,0.0568553509233,-0.022319854901,0.573872771827,0.818930431098,0.00193330752488,0.0,0.818885264396,-0.573812510333,-0.0121191435993,0.0,-0.00881554917484,0.00853816795936,-0.999924690055,0.0,0.654969882177,0.252358784018,0.30328528099,1.0,-0.01638,-0.021528,0.82
0.460086988473,0.510710692243,-0.123991458049,-1.41449921488,0.076023136287,1.91566045611,0.151486000847,-0.00775427106904,-0.0846439331612,0.000150163572639,-0.140103736965,-0.00643241875639,0.0522963582871,-0.0209271263943,0.573851265012,0.818945505147,0.00193187591557,0.0,0.818900331022,-0.573791023503,-0.0121184198896,0.0,-0.00881600217459,0.00853634876153,-0.999924701593,0.0,0.654703878782,0.252030607505,0.303266860963,1.0,-0.0167,-0.0219485714286,0.836
0.459883600116,0.509212919921,-0.123997317839,-1.41685424112,0.0758757067402,1.91652866997,0.151156208379,-0.0112076579651,-0.0903040956897,0.000299449061956,-0.140048772653,-0.00240200594583,0.0464351000967,-0.0219308112602,0.573834631866,0.818957146763,0.00193750839916,0.0,0.818912056372,-0.573774377355,-0.0121142363063,0.0,-0.0088095173358,0.00853838170888,-0.999924741389,0.0,0.654414801809,0.251669419411,0.303269678383,1.0,-0.01704,-0.0223954285714,0.853
0.459648627018,0.507510820921,-0.123995996097,-1.41952445617,0.0757053595884,1.91748265396,0.150784441134,-0.00914924932512,-0.0892094044415,0.00190173764587,-0.140866263767,-0.0117852380147,0.0588876623834,-0.0210987104823,0.5738138084,0.818971771484,0.00192294153438,0.0,0.818926443809,-0.573753575671,-0.0121268683798,0.0,-0.00882843827319,0.00853347649724,-0.999924616387,0.0,0.654079351058,0.251259310624,0.303272057606,1.0,-0.01742,-0.0228948571429,0.872
0.459468146704,0.506205522612,-0.124006599347,-1.42152238461,0.0755763671956,1.91823947894,0.150507609364,-0.0125373720575,-0.0962462785497,0.000565949224631,-0.143836658384,-0.0141421743842,0.0514888263771,-0.0178909346597,0.573810906971,0.818973690029,0.00197103597707,0.0,0.818929100675,-0.573750569312,-0.0120896311999,0.0,-0.00877037571778,0.00855146560606,-0.999924973658,0.0,0.653840876796,0.250945731222,0.303299639007,1.0,-0.0177,-0.0232628571429,0.886
0.459228884643,0.504481637704,-0.124013112402,-1.42414804828,0.0754102450318,1.91924665125,0.15015815054,-0.0116565023602,-0.0995141280347,-3.43979808459e-05,-0.148519432479,-0.00812685427772,0.0515854300173,-0.0109399869022,0.573815825869,0.818970036521,0.00205527732016,0.0,0.818926645214,-0.573755220356,-0.0120351058618,0.0,-0.00867733206101,0.00858922093943,-0.999925461818,0.0,0.653527815601,0.25053818481,0.303342057446,1.0,-0.01806,-0.023736,0.904
0.459004178685,0.502812872508,-0.124017062062,-1.42662532404,0.0752493186884,1.92018362723,0.149800370105,-0.00849655787886,-0.0988334642919,-8.56964761669e-05,-0.144694339838,-0.0108910681514,0.0564547045742,-0.0257509678689,0.573793220232,0.818985605934,0.00215976622879,0.0,0.818943682058,-0.573732283794,-0.0119690872893,0.0,-0.00856354747001,0.00863667432949,-0.99992603402,0.0,0.653229277329,0.250154735268,0.303409685867,1.0,-0.0184,-0.0241828571429,0.921
0.458785905314,0.501203943171,-0.124020825116,-1.42904430119,0.0750909057335,1.92103548346,0.149462789135,-0.0141733169325,-0.10264680402,0.000767261052554,-0.156763637297,-0.00710899278017,0.0530973583335,-0.0227350963037,0.573778583203,0.818995774373,0.0021922405871,0.0,0.818954283181,-0.573717524738,-0.0119511827726,0.0,-0.00853040558296,0.00865284413147,-0.99992617751,0.0,0.652923316753,0.24977655776,0.303455302772,1.0,-0.01872,-0.0246034285714,0.937
0.458544877694,0.499490240854,-0.124022125521,-1.43164680496,0.0749250637888,1.92196975744,0.149095297375,-0.00816668204416,-0.101772858142,0.000433088311213,-0.152558740864,-0.0118572138005,0.0532271473735,-0.0187288134834,0.573763394985,0.819006313931,0.00222962291303,0.0,0.818965287782,-0.573702163881,-0.0119344655129,0.0,-0.00849542668193,0.00867371021645,-0.999926294522,0.0,0.652596786828,0.2493690454,0.303493148296,1.0,-0.01906,-0.0250502857143,0.954
0.458290733945,0.497821412785,-0.124023957217,-1.43429045122,0.0747701094804,1.92295506229,0.148707874897,-0.012167048401,-0.101228787123,-0.00246905044604,-0.154031797201,-0.0103434304669,0.0629463922877,-0.022419491498,0.573748146419,0.819016964502,0.00224125876554,0.0,0.818975985539,-0.573686763409,-0.0119406658476,0.0,-0.00849399094509,0.00868663924813,-0.999926194485,0.0,0.652270955594,0.248952441502,0.303484064852,1.0,-0.0194,-0.0254971428571,0.971
0.45803717563,0.496243779841,-0.124024697211,-1.43681729227,0.0746130511863,1.92384425731,0.14832987641,-0.0183639297333,-0.100860685947,0.000581354131591,-0.159300551827,-0.00329502107082,0.0604349083422,-0.023286229162,0.57373189167,0.819028489217,0.00219025858456,0.0,0.818986730447,-0.573670602201,-0.0119800844115,0.0,-0.00855570819899,0.00866731608149,-0.999925835994,0.0,0.651950277109,0.248542901316,0.303458045723,1.0,-0.01972,-0.0259177142857,0.987
0.457773455056,0.494561093477,-0.124027569732,-1.43954716844,0.0744477136549,1.92478819,0.1479448948,-0.0165599038619,-0.104690757587,0.000112734374069,-0.160471236941,-0.00362718983458,0.0565054834099,-0.0253230666096,0.573727263928,0.819031955872,0.00210446827907,0.0,0.818988889186,-0.573666144861,-0.0120457682145,0.0,-0.00865877360426,0.00863468802229,-0.999925231106,0.0,0.651596341388,0.248105343709,0.303412852693,1.0,-0.0208097142857,-0.0273499102041,1.004
0.45747994912,0.492500629793,-0.124081051739,-1.44276832668,0.0742544934458,1.92598385549,0.147495785893,-0.0127670244751,-0.125650781837,-0.00125817556493,-0.191444979678,-0.0106947343369,0.063635552498,-0.0341563508882,0.573747950499,0.819017413102,0.00212443762488,0.0,0.818974747757,-0.573686884944,-0.0120194625888,0.0,-0.00862555322174,0.00863616906742,-0.999925505433,0.0,0.651202178683,0.247578034106,0.303419356405,1.0,-0.025788,-0.0338928,1.022
0.45715515438,0.490356203055,-0.124095811504,-1.44624034127,0.0740491804362,1.92724649317,0.146987334579,-0.0237601285716,-0.13911722562,-0.00385941976743,-0.23230569699,-0.0150426202185,0.0790770945061,-0.0294896888442,0.5737263023,0.819032717804,0.00206981094673,0.0,0.818989194769,-0.573665327564,-0.0120639008436,0.0,-0.00869351809767,0.008616695921,-0.999925084841,0.0,0.650760328638,0.247027257966,0.303368662524,1.0,-0.0302131428571,-0.0397087020408,1.038
0.456732528722,0.487613595546,-0.1241107628,-1.45057599665,0.0737893553779,1.92883011743,0.146357541089,-0.0298743999252,-0.174259509895,0.000392800424581,-0.262302836428,-0.015252104062,0.10149338391,-0.0412755076018,0.573712648411,0.819042299276,0.00206299571888,0.0,0.818998545946,-0.573651564835,-0.012083492915,0.0,-0.00871361886215,0.00862220922061,-0.999924862354,0.0,0.650212328411,0.246331512415,0.303349215827,1.0,-0.0349148571429,-0.0458880979592,1.055
0.456243199957,0.48445392195,-0.124166335102,-1.45543236625,0.073484675273,1.93066935135,0.145620064725,-0.0282213133178,-0.197964671061,-0.000876189667503,-0.297138269128,-0.0231410540822,0.111652578161,-0.0468821833007,0.573706996362,0.819045984307,0.00216905910192,0.0,0.819003881099,-0.573645729186,-0.0119986263025,0.0,-0.00858332045561,0.00866033041748,-0.99992565988,0.0,0.649623352106,0.245522770833,0.303392844101,1.0,-0.0396165714286,-0.0520674938775,1.072
0.455669001165,0.480907216954,-0.124233783175,-1.460985223,0.0731599253717,1.9325836567,0.144781311674,-0.0332055626988,-0.220880446962,-0.00623955183272,-0.345394076111,-0.0215180673071,0.123312306619,-0.0520410887363,0.573733616115,0.819027528371,0.00209580797316,0.0,0.818984259148,-0.573672444023,-0.0120605612572,0.0,-0.00867579143097,0.00863614943534,-0.999925070976,0.0,0.648954017105,0.244632983792,0.303380829554,1.0,-0.0440417142857,-0.0578833959184,1.088
0.455028522316,0.476951585565,-0.124307237094,-1.46708639284,0.0727873041312,1.93478412594,0.143902958518,-0.0383592976398,-0.241091841618,-0.00338456522757,-0.371683484121,-0.0206317724017,0.132365455196,-0.0444568030968,0.573776622321,0.818997307491,0.00213187749487,0.0,0.818954546496,-0.57371532869,-0.0120382432902,0.0,-0.00863636432066,0.00865333994433,-0.999925263667,0.0,0.6481406246,0.243538086036,0.30340716842,1.0,-0.04902,-0.0644262857143,1.106
0.454255887822,0.472347109299,-0.124350793259,-1.47416343528,0.0723715628502,1.93735606517,0.142870713694,-0.0518626584956,-0.263932943536,-0.00547305245873,-0.410959828991,-0.019906491754,0.140254962971,-0.0652158463887,0.573823828368,0.818963985418,0.00222519345618,0.0,0.81892219383,-0.573761886365,-0.0120201958676,0.0,-0.00856754127,0.00871990300246,-0.999925277472,0.0,0.647243171902,0.242343028203,0.303447982492,1.0,-0.0539982857143,-0.0709691755102,1.124
0.453612516726,0.468463579098,-0.124369475131,-1.48002268063,0.0719992043054,1.93952101567,0.141927316816,-0.0468929817869,-0.285862260633,0.00252551463329,-0.421256148187,-0.02600624939,0.16095079903,-0.0761702026037,0.573769552261,0.819001567963,0.00238316470896,0.0,0.818961869937,-0.573707008765,-0.011936104248,0.0,-0.00840861168976,0.00880046365273,-0.999925920801,0.0,0.646500930319,0.241361225437,0.303529557945,1.0,-0.0578702857143,-0.0760580897959,1.138
0.452765530714,0.463398593685,-0.124400493695,-1.4877729581,0.0714905077039,1.94227901273,0.140724828014,-0.0465058607095,-0.303065028578,-0.00431191241052,-0.473981248698,-0.0382356231579,0.158118763618,-0.0702883611236,0.573726912384,0.819031287697,0.00243447749266,0.0,0.818992255769,-0.573664168984,-0.011910210549,0.0,-0.00835842350054,0.00882719648836,-0.999926105949,0.0,0.645487898283,0.240052557378,0.303573656107,1.0,-0.062572,-0.0822374857143,1.155
0.45177708824,0.457652397237,-0.124433435702,-1.49662787938,0.0709075192648,1.9452985994,0.139413724031,-0.0600583746853,-0.324711746828,0.000850835087161,-0.505209680044,-0.0365650001688,0.168477843539,-0.071595752788,0.573737955516,0.819023791629,0.00235245581718,0.0,0.818983436049,-0.573675271134,-0.0119817222428,0.0,-0.00846393280974,0.00880116062108,-0.999925447928,0.0,0.644294442368,0.238538283317,0.303577291886,1.0,-0.0675502857143,-0.0887803755102,1.173
0.45082877907,0.452242162319,-0.124472937838,-1.50490563862,0.0703424070994,1.94828978957,0.1380773747,-0.0657718827098,-0.355353988206,-0.00192714830342,-0.524222152839,-0.0378384722124,0.200064126154,-0.0851516470415,0.573673508567,0.819068697402,0.00243339372373,0.0,0.819029634618,-0.573610758616,-0.0119122675584,0.0,-0.00836130563333,0.00882694384368,-0.999926084083,0.0,0.643209710741,0.237112227438,0.303614808506,1.0,-0.0719754285714,-0.094596277551,1.189
0.449737788637,0.446088409416,-0.124511873354,-1.51409925453,0.0697353246022,1.95170259698,0.136677734899,-0.0679042811654,-0.364899957107,-0.00585136657021,-0.553325208993,-0.0347562476851,0.187919708104,-0.0875436556789,0.573698990913,0.819049898585,0.00273465805822,0.0,0.819015017467,-0.57363539607,-0.011729468913,0.0,-0.00803847843095,0.00896908317931,-0.999927466575,0.0,0.642019498874,0.2355203394,0.303754727491,1.0,-0.0766771428571,-0.100775673469,1.206
0.448576357216,0.439701767574,-0.124542905173,-1.52406850614,0.0690358385324,1.95503063881,0.135102706356,-0.0680569730105,-0.381283498427,-0.00165985346036,-0.597759091399,-0.0418833137865,0.198394041756,-0.0960109880918,0.573631974424,0.819097597273,0.00249618935219,0.0,0.819059414543,-0.573569051786,-0.0118728759431,0.0,-0.00829346687286,0.00885535915185,-0.999926397802,0.0,0.640623874703,0.23378407245,0.303669070593,1.0,-0.0813788571429,-0.106955069388,1.223
0.447389633035,0.433266975757,-0.124563880665,-1.5337438715,0.0683998848676,1.95846552956,0.13353088809,-0.0734674243499,-0.410390987393,-0.00322943894598,-0.605537772882,-0.0457926168735,0.231347262515,-0.0978937465532,0.573580400811,0.819133190885,0.0026620099944,0.0,0.819096993633,-0.573516672831,-0.0118104999161,0.0,-0.00814782223802,0.00895488806842,-0.9999267088,0.0,0.639309712402,0.232092223581,0.303754343966,1.0,-0.085804,-0.112770971429,1.239
0.445840188656,0.4253918071,-0.124616955496,-1.54582181295,0.0675289228203,1.96266739784,0.131568668266,-0.0791279531746,-0.429030526911,-0.00401532036693,-0.653334584589,-0.0391962814308,0.221430345199,-0.106845422823,0.57355711862,0.819149638229,0.00261701565455,0.0,0.819113126204,-0.573493856127,-0.0117995917892,0.0,-0.00816494614661,0.00891154331644,-0.999926956357,0.0,0.637649493982,0.229906560935,0.303733658881,1.0,-0.0910588571428,-0.119677355102,1.258
0.444425889543,0.418428098321,-0.124734298155,-1.55650405026,0.066757460557,1.96623567625,0.129828185209,-0.0939460996878,-0.44050115569,-0.0141763628912,-0.669357049314,-0.0493267331426,0.230269762699,-0.108714210735,0.573610211139,0.819112989147,0.00244613746676,0.0,0.819074473471,-0.573547822858,-0.0118595406626,0.0,-0.00831148700545,0.00880649193337,-0.999926679754,0.0,0.63615440488,0.227899334454,0.303691031808,1.0,-0.095484,-0.125493257143,1.274
0.443032679726,0.411570510368,-0.124798782027,-1.56672629903,0.0660632563456,1.96992000193,0.128107669255,-0.0914005415422,-0.45495684257,-0.00106980758872,-0.693649317836,-0.0474958450637,0.239432732096,-0.122626420337,0.573620189291,0.819105198064,0.00270182204685,0.0,0.819070172846,-0.573557035332,-0.0117100843841,0.0,-0.0080422967847,0.00893029460776,-0.999927783043,0.0,0.634760381599,0.2260120481,0.303791307174,1.0,-0.0996325714286,-0.130945665306,1.289
0.441209205198,0.403142119219,-0.124863772585,-1.57966622709,0.0651707968263,1.97414941406,0.125966943726,-0.101884932802,-0.466442234259,-0.00688815838804,-0.716531614844,-0.0528091178705,0.237299333757,-0.121958976327,0.573681808055,0.819062803944,0.00246032571064,0.0,0.819023980575,-0.573618833523,-0.0119121775019,0.0,-0.00834569302198,0.00884903565553,-0.999926019251,0.0,0.632884772924,0.223569567122,0.30369490486,1.0,-0.104610857143,-0.137488555102,1.307
0.439385396687,0.394737096507,-0.124962650718,-1.59202117799,0.0642758513152,1.97854845531,0.123855530648,-0.111465643561,-0.494346544682,0.000710682687403,-0.736940255785,-0.0505173843982,0.261726180913,-0.126782418639,0.573756404694,0.819009465617,0.00279825010647,0.0,0.81897564719,-0.573692846235,-0.0116685213544,0.0,-0.00795144646096,0.00898676057535,-0.999928003725,0.0,0.631175672817,0.221191071116,0.303856906936,1.0,-0.109312571429,-0.14366795102,1.324
0.437587760989,0.386700078747,-0.125005195117,-1.60428848688,0.0633478664107,1.98256140726,0.121730482365,-0.116981116136,-0.504559987234,-0.00300774890791,-0.764795133551,-0.047665024119,0.24075172822,-0.141976939096,0.573727719665,0.819030283116,0.0025779698188,0.0,0.818993489379,-0.573664825733,-0.0117931748644,0.0,-0.00818023423603,0.00887758274095,-0.999927133491,0.0,0.62935835905,0.218847098204,0.303763540826,1.0,-0.113737714286,-0.149483853061,1.34
0.435585552508,0.377732376456,-0.125071333447,-1.61749793091,0.0623668172798,1.98700622866,0.119364049699,-0.121056658821,-0.527267291446,-0.0031515927165,-0.801689338213,-0.0525741661455,0.269612969242,-0.132790541098,0.573695264312,0.819052555913,0.00272052573545,0.0,0.819017725618,-0.573631981284,-0.0117073512699,0.0,-0.0080285099865,0.00894478299629,-0.999927764333,0.0,0.627421722212,0.216292462079,0.303863428762,1.0,-0.118439428571,-0.15566324898,1.357
0.433271800782,0.36808664568,-0.125144395577,-1.63206313936,0.0612506404633,1.99176042095,0.116797943845,-0.131950592743,-0.545364696034,-0.00636596056606,-0.79108325679,-0.059418831008,0.257850511023,-0.136382307198,0.573753650659,0.819012246571,0.00253677416762,0.0,0.818974972576,-0.573690966701,-0.0118074519347,0.0,-0.0082152814804,0.00885229364094,-0.999927070364,0.0,0.625237256582,0.213403749772,0.303778035341,1.0,-0.123417714286,-0.162206138775,1.375
0.431276313378,0.359685623298,-0.125269225208,-1.64437395066,0.0602684239766,1.99586390657,0.114563108373,-0.135177777126,-0.556592515279,-0.00945355224393,-0.805994487433,-0.0650617510779,0.265592844254,-0.154246878933,0.573803255995,0.818977186158,0.00263417219004,0.0,0.818941866956,-0.573740963012,-0.0116735945717,0.0,-0.00804923011829,0.00885575096628,-0.999928390221,0.0,0.623406837488,0.210912316329,0.303859080725,1.0,-0.127566285714,-0.167658546939,1.39
0.428702868008,0.349500728035,-0.125344833035,-1.65971067484,0.059164004374,2.00068052466,0.111698412144,-0.14971549035,-0.568855378299,-0.00612486564401,-0.866232496147,-0.0630904024592,0.267870582785,-0.161139294664,0.57383215811,0.818957746882,0.0023685525551,0.0,0.818917807603,-0.573769611806,-0.0119500569446,0.0,-0.00842775049073,0.00879714620402,-0.999925788867,0.0,0.621016552631,0.207811979844,0.303724448713,1.0,-0.132544571429,-0.174201436735,1.408
