position_joint1,position_joint2,position_joint3,position_joint4,position_joint5,position_joint6,position_joint7,velocity_joint1,velocity_joint2,velocity_joint3,velocity_joint4,velocity_joint5,velocity_joint6,velocity_joint7,ee_T_00,ee_T_10,ee_T_20,ee_T_30,ee_T_01,ee_T_11,ee_T_21,ee_T_31,ee_T_02,ee_T_12,ee_T_22,ee_T_32,ee_T_03,ee_T_13,ee_T_23,ee_T_33,v_x,v_y,time
0.465074045904,0.547792341448,-0.124006397833,-1.35582967358,0.0795752224082,1.8940975314,0.159156547582,0.00315604074402,0.000260020557229,-0.000564724891482,0.0023778429295,0.000146660582351,0.000385185770239,-0.00109880803543,0.573835531181,0.818956434751,0.00197181026003,0.0,0.818912970802,-0.573776276527,-0.0119615068887,0.0,-0.00866474190994,0.00847884190108,-0.999926513044,0.0,0.661676732335,0.260892601775,0.303208529943,1.0,0.0,0.0,0.0
0.465073330648,0.547789221133,-0.124001345423,-1.35583842258,0.0795746040416,1.8940927292,0.159158932458,-6.18072583357e-05,0.000866366757978,0.00192137221598,-0.000733449027971,-0.000201842354803,-0.000536856426454,0.000974722809431,0.57383481456,0.818956954828,0.00196434204902,0.0,0.818913357173,-0.573775555917,-0.0119696188865,0.0,-0.00867567821627,0.00847737319182,-0.999926430669,0.0,0.661672910777,0.260893626396,0.303205990888,1.0,-0.00016,-0.000210285714286,0.009
0.465075489558,0.547787656976,-0.124004444767,-1.35584163981,0.0795738335003,1.89409754208,0.159161345044,0.000167010163356,-0.00087419460261,0.000270319121823,-0.000163656365947,0.000473432213148,6.01616945481e-05,0.00151618542664,0.573837190131,0.818955286908,0.0019657490464,0.0,0.818911733942,-0.573777951009,-0.0119658618036,0.0,-0.00867176928489,0.00847639467185,-0.999926472872,0.0,0.661673366725,0.260893102426,0.303206086926,1.0,-0.00048,-0.000630857142857,0.025
0.465074999841,0.547773225453,-0.12400707823,-1.35585712914,0.0795752233202,1.89409793978,0.159154906826,0.00169478801294,0.000112083012759,0.0003495853025,-0.00133339419613,0.000148804812415,-0.000466812810629,0.00304126547076,0.573835350064,0.818956575112,0.00196621426053,0.0,0.818913012941,-0.573776094282,-0.0119673625621,0.0,-0.00867275049533,0.00847761734973,-0.999926453997,0.0,0.661670931477,0.260889857491,0.303209062584,1.0,-0.00082,-0.00107771428571,0.042
0.465071912778,0.547710273297,-0.124001591839,-1.35591392486,0.0795772507769,1.89411034604,0.15915412305,0.000722461058498,-0.0104748934675,0.000470647834533,-0.00594668737771,0.000323603049031,0.0051338820198,-0.00154083318351,0.573837017144,0.818955355867,0.00198739872029,0.0,0.818911982686,-0.573777586589,-0.0119663128508,0.0,-0.00865971788425,0.00849438144213,-0.999926424678,0.0,0.661661484786,0.260886250303,0.303227525869,1.0,-0.00112,-0.001472,0.057
0.465070877386,0.547587485212,-0.12400379062,-1.3560818421,0.0795692792125,1.8941396387,0.159155614963,-0.000622553617921,-0.010577228655,-0.000556960652319,-0.00916584939564,-0.00023856116728,-0.000251491191101,0.000123231966702,0.573847665893,0.818947921836,0.00197599853029,0.0,0.818904347615,-0.573788230717,-0.0119784242778,0.0,-0.00867606800982,0.00849210809965,-0.999926302256,0.0,0.661633295725,0.260866666822,0.303237189191,1.0,-0.00146,-0.00191885714286,0.074
0.465055666677,0.5474171995,-0.124004533274,-1.35630945973,0.0795658298218,1.8942148075,0.159154279732,-0.00286866164718,-0.0120473464982,0.00045899643252,-0.00922077636464,0.000149498196655,0.0105834704417,0.00155966844687,0.573871283842,0.818931320218,0.00199731061616,0.0,0.81888792466,-0.573811658485,-0.0119789120482,0.0,-0.00866399294994,0.00851009102711,-0.999926254069,0.0,0.661604931234,0.260835939015,0.303256023801,1.0,-0.00184,-0.00241828571429,0.093
0.465028277828,0.547252727004,-0.124004534283,-1.35649594586,0.0795680446067,1.89432921389,0.159142004529,-0.00462349624502,-0.0144725731852,0.0005641360599,-0.0088052067847,0.00035431750892,0.00469955656562,0.00117573800403,0.573894934202,0.818914534111,0.00208259921753,0.0,0.818872198196,-0.573834898706,-0.0119406428151,0.0,-0.00858346309513,0.0085582217942,-0.999926537802,0.0,0.661596360881,0.260805985959,0.303293705443,1.0,-0.00214,-0.00281257142857,0.108
0.465010177731,0.547039124209,-0.124002028629,-1.35675054949,0.0795609211153,1.89446109705,0.159122845823,-0.000280002034316,-0.0153779189497,0.000414424050146,-0.0170784473722,-0.000108489084159,0.00692217590646,2.15819368134e-05,0.573904857321,0.818907366845,0.00216475652175,0.0,0.818866073802,-0.573844458018,-0.0119011796954,0.0,-0.00850389392007,0.00860295614233,-0.99992683379,0.0,0.661574467046,0.260775860045,0.303335176202,1.0,-0.0025,-0.00328571428571,0.126
0.46497006498,0.54683364132,-0.124006665474,-1.35706653905,0.0795576787008,1.89459182107,0.159103862872,-0.00538267221018,-0.0175441827187,-0.00271145833622,-0.0178455507739,0.000433246864896,0.0117810752131,-0.0054685549141,0.573941809006,0.818881416534,0.00218458928644,0.0,0.81884025064,-0.573881192243,-0.0119066378045,0.0,-0.00849659331302,0.00862271289352,-0.999926725678,0.0,0.661539738157,0.260720434134,0.303340158154,1.0,-0.00284,-0.00373257142857,0.143
0.464941577246,0.546580670572,-0.124009449213,-1.3574399636,0.0795489280015,1.8947268211,0.159016311825,-0.00203166891094,-0.0174441290338,-0.00705410264462,-0.0230533011579,-0.000784147980649,0.00847452837414,-0.0136882903437,0.573914453296,0.818900524155,0.00220878661511,0.0,0.818859589242,-0.57385365705,-0.0119037934183,0.0,-0.00848066567208,0.00864061155076,-0.999926706385,0.0,0.661501666011,0.260666467745,0.303355028693,1.0,-0.00314,-0.00412685714286,0.158
0.464901663481,0.54629462856,-0.124001736676,-1.35789427242,0.0795414605675,1.89488895418,0.158939902562,-0.00283524433154,-0.0193182872169,0.00103575080826,-0.0281719647035,0.000346695388061,0.00962042614216,-0.00267880858606,0.573902596592,0.818908812579,0.00221657557307,0.0,0.818867748566,-0.573841535487,-0.0119268357056,0.0,-0.00849519129385,0.00866009096318,-0.999926414567,0.0,0.661446333606,0.26060415299,0.303355164122,1.0,-0.00348,-0.00457371428571,0.175
0.464857012648,0.545955216668,-0.124001681558,-1.35847289447,0.0795171249879,1.8950826401,0.158906872745,-0.00203446669022,-0.0232064396655,0.00164977849561,-0.0276502424624,-0.00366065005091,0.00761078986824,-0.00716242202796,0.573937909907,0.818884153985,0.00218284792269,0.0,0.81884251984,-0.573876848962,-0.011959800502,0.0,-0.00854116967229,0.00865175816964,-0.99992609502,0.0,0.661374053485,0.260519621009,0.303336863276,1.0,-0.00386,-0.00507314285714,0.194
0.464799014407,0.545632389858,-0.124001972499,-1.35903148563,0.0794826092211,1.89526348823,0.158807907141,-0.00433560431137,-0.0231100082442,0.00116696559724,-0.0366038413696,-0.00161770833958,0.0149624984751,-0.00709953511111,0.573926524971,0.818892257627,0.00213570493208,0.0,0.818849967241,-0.573865618285,-0.0119887530607,0.0,-0.00859205485234,0.00862965144405,-0.999925850106,0.0,0.661307442738,0.260425702826,0.303315208002,1.0,-0.00418,-0.00549371428571,0.21
0.464739038904,0.545246868393,-0.124002692968,-1.35970981324,0.079386183359,1.89547710627,0.158717596386,-0.00145649644672,-0.0212897339907,0.000897160697723,-0.048364466002,-0.00353352655476,0.00127265090084,-0.00713426972621,0.573914287634,0.818901084718,0.00203735086387,0.0,0.818857950347,-0.573854231144,-0.0119885551018,0.0,-0.00864846487326,0.00854886860576,-0.999926057717,0.0,0.661225520185,0.260309038639,0.303283667294,1.0,-0.00452,-0.00594057142857,0.227
0.464673288545,0.544798939927,-0.124005304782,-1.36045401844,0.0793727599297,1.89572712574,0.15865892372,-0.00273794185494,-0.0229804077797,0.000467128626241,-0.0456625397749,-0.000587069681817,0.0118379669441,-0.005923816595,0.573959773779,0.818869261951,0.00201415412563,0.0,0.818825507508,-0.573899497056,-0.0120375426987,0.0,-0.00870141919495,0.00855847083539,-0.999925516167,0.0,0.661134568996,0.260196382256,0.303268288367,1.0,-0.00488,-0.00641371428571,0.245
0.464602671054,0.544349207685,-0.124007593965,-1.36119770584,0.0793490638182,1.8960072729,0.158541881638,-0.00537889185836,-0.0285000541146,0.000366509766031,-0.0479615964418,-0.000638732236974,0.0218492188378,-0.00925483194943,0.573958642316,0.8188700591,0.00201249150029,0.0,0.818826095866,-0.573898188946,-0.0120598654344,0.0,-0.00872066539354,0.00856990954669,-0.999925250529,0.0,0.661051468694,0.260081169384,0.303256975455,1.0,-0.00522,-0.00686057142857,0.262
0.464537664638,0.543877984694,-0.12400377496,-1.36196301893,0.0793173423906,1.89627602049,0.158453734724,-0.00114483106656,-0.032506963303,0.0022910710076,-0.0533615325926,-0.00108557347927,0.0216516552456,-0.00385258397798,0.573971183848,0.818861300366,0.0019994438065,0.0,0.818816984215,-0.573910606311,-0.0120875649242,0.0,-0.008750705603,0.00857525759739,-0.999924942237,0.0,0.660959172598,0.259968851228,0.303249324102,1.0,-0.00554,-0.00728114285714,0.278
0.464467853272,0.543347473305,-0.124018464706,-1.36281412223,0.0792712486473,1.89656313,0.158344373205,-0.00526076043618,-0.0362523983945,0.00070173516172,-0.0544715691311,-0.001182349921,0.0170879340985,-0.0023157567212,0.573991025979,0.818847464621,0.0019694364104,0.0,0.818802697031,-0.573930519166,-0.0121098887763,0.0,-0.0087860012176,0.00856371220568,-0.999924731675,0.0,0.66085265208,0.259822774797,0.303242713943,1.0,-0.0059,-0.00775428571429,0.296
0.464375055226,0.542757032775,-0.124015184339,-1.36375470814,0.0792170415181,1.89690200276,0.158232015456,-0.00369369793752,-0.0364155093873,0.0059554163586,-0.0524555410867,-0.00116015022684,0.0170862477545,0.000598251062139,0.574003604716,0.818838663048,0.00196279718133,0.0,0.818793780241,-0.573943097818,-0.0121166334998,0.0,-0.00879520341591,0.00856228228033,-0.999924663022,0.0,0.660751358593,0.259683051851,0.303244125943,1.0,-0.00624,-0.00820114285714,0.313
0.464309468267,0.542236202532,-0.124020258994,-1.36456272145,0.0791696146593,1.89719990618,0.158115797383,-0.00457421952764,-0.029860831323,-0.00100615654515,-0.0569891240874,-0.00390317267758,0.0248457484764,-0.000826184223429,0.573997973964,0.818842589524,0.00197138739855,0.0,0.818797823473,-0.573937434339,-0.0121116737576,0.0,-0.00878627044044,0.00856640883924,-0.999924706211,0.0,0.660659069073,0.259560239341,0.303253858621,1.0,-0.00654,-0.00859542857143,0.328
0.464223753684,0.541610097855,-0.124020244521,-1.36552025991,0.0791188183097,1.89755674505,0.157979163149,-0.00235508397574,-0.0328404113057,9.96223565145e-05,-0.0546211558244,-0.00126103387541,0.0245333621167,-0.0154343633083,0.574000713851,0.8188405917,0.0020031936009,0.0,0.818796184376,-0.573939978844,-0.0121019022442,0.0,-0.00875998455828,0.00858687312803,-0.99992476131,0.0,0.660545180427,0.259401902566,0.303277320424,1.0,-0.0069,-0.00906857142857,0.346
0.46414401919,0.541016383506,-0.124025690558,-1.36641631429,0.0790629756213,1.89789949234,0.157874335612,-0.00444670656173,-0.0425493448785,-0.00088458523535,-0.0609256870114,-0.00264164428931,0.021608296685,-0.00851523875199,0.574014045674,0.81883118334,0.00202865976891,0.0,0.818787156793,-0.573953245404,-0.0120834954363,0.0,-0.0087301550913,0.00859730219025,-0.999924932576,0.0,0.66045316634,0.259274001864,0.303294847924,1.0,-0.00718,-0.00943657142857,0.36
0.464050871889,0.540316152284,-0.124021198973,-1.36749649636,0.078996267091,1.89828795603,0.157744550938,-0.00521513199149,-0.0353102984848,0.00074527781456,-0.0642681101647,-0.00253209787543,0.0345160796768,-0.011647882681,0.57402285846,0.818824986218,0.00203637200578,0.0,0.818781027191,-0.573961990931,-0.0120834341435,0.0,-0.00872558565985,0.0086036758171,-0.99992491764,0.0,0.66032642911,0.259111627871,0.303309149135,1.0,-0.00752,-0.00988342857143,0.377
0.4639468972,0.539567386392,-0.124023572556,-1.3686547676,0.0789323986654,1.89872428201,0.157590101781,-0.00660447088806,-0.0471457842845,0.000159231534751,-0.0693159979765,-0.00705961038457,0.0249929669477,-0.0133022121404,0.574030298743,0.818819707451,0.00206148387277,0.0,0.818776035514,-0.573969281408,-0.0120753703623,0.0,-0.00870449039877,0.00861968800485,-0.999924963598,0.0,0.660196476549,0.258933206894,0.303324856701,1.0,-0.00786,-0.0103302857143,0.394
0.463852496129,0.538864624004,-0.124026609579,-1.36975439755,0.0788653052635,1.89914336487,0.157466402377,7.38481448801e-05,-0.0363119898386,0.00160470720707,-0.0652919595152,-0.0107918536721,0.0252401262026,-0.00491871615187,0.574051386245,0.818804881724,0.00207810417928,0.0,0.818761457984,-0.57399032573,-0.0120634899357,0.0,-0.0086849999684,0.00862670081895,-0.999925072597,0.0,0.660073060388,0.258765398474,0.303334371785,1.0,-0.00818,-0.0107508571429,0.41
0.463740716495,0.538079120154,-0.124037522171,-1.37096144642,0.0787928128642,1.89961647782,0.157308375588,-0.00359342582648,-0.0446092041634,-0.00102546352117,-0.0740167532195,-0.0040580233286,0.0348687012236,-0.00819295977763,0.574068601962,0.818792708495,0.00211840921481,0.0,0.818749893669,-0.574007450266,-0.0120335180917,0.0,-0.00863714049074,0.00864267862532,-0.999925349169,0.0,0.659944111152,0.258572688068,0.303356023993,1.0,-0.00852,-0.0111977142857,0.427
0.463633489691,0.537271638243,-0.124030795316,-1.37222992576,0.0787271987291,1.90008494889,0.157155471891,-0.00477819970808,-0.050533551086,0.000849243751607,-0.0758086503823,-0.00416188761408,0.0279150360579,-0.00543090136854,0.574078872911,0.818785472462,0.00213182171648,0.0,0.81874268543,-0.574017515676,-0.0120438221989,0.0,-0.00863776994763,0.00865968403622,-0.999925196604,0.0,0.65979471133,0.258387025004,0.303362856433,1.0,-0.00886,-0.0116445714286,0.444
0.463524079824,0.536476420711,-0.124041653203,-1.37346126996,0.0786529528789,1.90055756026,0.157005169159,-0.00436972544484,-0.0480762016321,0.00500634984574,-0.0782530807484,-0.00366187268489,0.0327307152421,-0.0111522588498,0.574101040108,0.818769857894,0.00215927100845,0.0,0.818727498118,-0.574039633787,-0.0120220450846,0.0,-0.00860394665919,0.00866989006005,-0.999925399772,0.0,0.659659221013,0.258192863514,0.303379474938,1.0,-0.00918,-0.0120651428571,0.46
0.463428857065,0.535711235277,-0.124051003059,-1.3746625514,0.0785858323942,1.90098904673,0.156856881654,-0.00838939502909,-0.0515065452285,-0.000853243136779,-0.0763222419358,-0.00574404922213,0.0271639887786,-0.015584867678,0.574112159413,0.818762069676,0.00215605551625,0.0,0.818719632321,-0.57405072929,-0.0120279156541,0.0,-0.00861048165182,0.00867074454767,-0.99992533611,0.0,0.659517039269,0.2580104883,0.303385461469,1.0,-0.00948,-0.0124594285714,0.475
0.463293031607,0.534705102934,-0.124048886164,-1.37626059847,0.0785001177893,1.90157046153,0.156666844572,-0.0104858230535,-0.0518548170202,0.00488154111847,-0.0836258705848,-0.00127366081495,0.0292226286661,-0.0105744365913,0.574131010964,0.818748859129,0.00215286430998,0.0,0.81870623681,-0.574069447638,-0.0120463271161,0.0,-0.00862718905788,0.0086789004989,-0.999925121344,0.0,0.659327512107,0.257771234243,0.303385090559,1.0,-0.00986,-0.0129588571429,0.494
0.463174274806,0.533805535023,-0.124049264801,-1.37774938739,0.0784166334844,1.90211031742,0.156480879883,-0.00391723374837,-0.0524881019868,0.00133189342853,-0.0869123065086,-0.00162516231243,0.0300700598066,-0.00738387962569,0.574135471014,0.81874583604,0.00211276876158,0.0,0.818702585955,-0.574073973322,-0.0120787335835,0.0,-0.00867669432173,0.00866472546667,-0.999924815928,0.0,0.659147913096,0.257550918831,0.303357832351,1.0,-0.0102,-0.0134057142857,0.511
0.463045677633,0.532878849096,-0.124046769329,-1.37925587114,0.0783326396643,1.90268023077,0.156296887526,-0.00552535683507,-0.0539432552361,0.000621023046004,-0.0977447613618,-0.00426151647346,0.0320402700932,-0.00749950043329,0.574148388973,0.818736792964,0.00210670071713,0.0,0.818693380116,-0.574086832368,-0.0120915324192,0.0,-0.00869052065291,0.00866724266096,-0.999924674041,0.0,0.658972432251,0.257326013713,0.303343603417,1.0,-0.01054,-0.0138525714286,0.528
0.462908037096,0.531897912712,-0.124044273804,-1.38080982314,0.0782468706556,1.90325244761,0.156097029015,-0.00750842619595,-0.0655683108079,0.000736744337136,-0.0964667743148,-0.00625814607352,0.0382119599086,-0.0125140534208,0.574157525312,0.818730376335,0.00211042542051,0.0,0.818686899463,-0.574095839073,-0.0121026901038,0.0,-0.00869742102306,0.00867679529886,-0.999924531198,0.0,0.658789797847,0.257090129199,0.303345015,1.0,-0.01088,-0.0142994285714,0.545
0.462758514605,0.530778035786,-0.124055171951,-1.3826188181,0.0781330886569,1.90389532742,0.155862801103,-0.00397968003706,-0.0665856312111,-0.00133077136766,-0.0967804306946,-0.0026496075932,0.0335477375182,-0.00891167789199,0.574163716318,0.818726148999,0.00206560181718,0.0,0.818682105832,-0.574102243273,-0.0121231497778,0.0,-0.00873984136336,0.00865191055146,-0.999924376949,0.0,0.658572590495,0.25681049168,0.303329264635,1.0,-0.01126,-0.0147988571429,0.564
0.462637861958,0.529873087707,-0.12405247731,-1.38405686696,0.0780515355697,1.90442145116,0.155671050866,-0.00900222135281,-0.0635530391467,0.000758153532835,-0.09364066168,-0.00583155673477,0.0365892467268,-0.0146784767583,0.574159882326,0.81872884469,0.00206283832118,0.0,0.818684669647,-0.574098327112,-0.0121354601487,0.0,-0.00875154773245,0.00865667514829,-0.999924233324,0.0,0.658400295916,0.256596285982,0.303327853107,1.0,-0.01156,-0.0151931428571,0.579
0.462492951298,0.528807645132,-0.124057742719,-1.38573498421,0.0779435460222,1.90504910906,0.155449757519,-0.00894446305236,-0.0665997785539,-0.0010438926671,-0.0979237807326,-0.00265884668031,0.0397624150542,-0.0141160825856,0.574163127163,0.818726551403,0.0020698635167,0.0,0.818682539278,-0.57410161117,-0.0121238127436,0.0,-0.00873794365009,0.0086557740083,-0.999924360098,0.0,0.658205449984,0.256337733793,0.303334041625,1.0,-0.0119,-0.01564,0.596
0.462375106648,0.527906083606,-0.124060583518,-1.38712806032,0.0778507914973,1.90560544098,0.155244250224,-0.00638575300632,-0.0674222681826,-0.000859196932166,-0.0954165715023,-0.00518386381528,0.0433516510217,-0.019016150419,0.574144091604,0.81873977694,0.00211816756296,0.0,0.818696532671,-0.574082505022,-0.0120835309475,0.0,-0.00867743155946,0.00867199130135,-0.999924746543,0.0,0.658050025024,0.256127725468,0.303354014311,1.0,-0.01218,-0.016008,0.61
0.462212046194,0.526614400578,-0.124058626166,-1.38913278229,0.077723712297,1.90636356558,0.154968561313,-0.0104618641275,-0.0656074466463,-0.000286386236639,-0.10717821375,-0.00885904146027,0.0459939676749,-0.0151458213515,0.57412470523,0.818753280211,0.00215311137696,0.0,0.818710532869,-0.574063012671,-0.0120610013786,0.0,-0.00863912916771,0.00868746108458,-0.999924943917,0.0,0.657813726135,0.255831453531,0.303374542459,1.0,-0.01256,-0.0165074285714,0.629
0.462065928432,0.52549950033,-0.12406197074,-1.39085489186,0.0776219801977,1.90698203499,0.154742236139,-0.0084968772778,-0.0716931938751,0.000879659214767,-0.107064868041,-0.00852157719212,0.0441402800668,-0.0111898114376,0.574127669148,0.818751175135,0.00216324636608,0.0,0.818708553007,-0.574065926075,-0.0120567265328,0.0,-0.00862977913856,0.00869333597768,-0.999924973596,0.0,0.657594819745,0.255547803447,0.303396233579,1.0,-0.0129,-0.0169542857143,0.646
0.461907104355,0.524315858303,-0.124072673684,-1.39272269094,0.0774973159327,1.90765127838,0.154490129855,-0.00957826724239,-0.0724167634143,-0.00072363711536,-0.110904059624,-0.00655511154492,0.0394828511088,-0.0134081032544,0.574124620189,0.81875336672,0.00214286701536,0.0,0.81871051968,-0.574063005391,-0.0120622430612,0.0,-0.00864602790036,0.00867978559664,-0.999924950946,0.0,0.657381722129,0.255277593978,0.303394672805,1.0,-0.01322,-0.0173748571429,0.662
0.461746521282,0.523132694639,-0.124072331707,-1.39464899922,0.0773878545041,1.90837245329,0.15422308601,-0.0125430553953,-0.066927959952,0.0011488585461,-0.111310852595,-0.0097121775105,0.0495670338883,-0.017645489782,0.574111287879,0.818762758473,0.00212635094966,0.0,0.818719597448,-0.574049646763,-0.0120818337954,0.0,-0.00867169151108,0.00867736941999,-0.999924749682,0.0,0.657150465955,0.254990342815,0.303372130399,1.0,-0.01356,-0.0178217142857,0.679
0.461595995826,0.52194897297,-0.124074581182,-1.39649389145,0.0772816255548,1.90908265759,0.15397756179,-0.0109198810174,-0.0758187844869,0.00376694532642,-0.118597985196,-0.00405880277317,0.0484325168088,-0.0166713015568,0.574105456096,0.818766735128,0.0021692463029,0.0,0.818724110464,-0.574043608942,-0.0120628719231,0.0,-0.00863160246944,0.00870154236863,-0.999924886479,0.0,0.656933452613,0.25471766892,0.303387502197,1.0,-0.01388,-0.0182422857143,0.695
0.461413966114,0.520631303802,-0.124086489583,-1.39861846419,0.0771418040344,1.90987823936,0.153683051354,-0.00857983087021,-0.0760815411746,0.00070062256173,-0.117108905596,-0.00899151784507,0.041763937952,-0.0222905227231,0.574097622324,0.818772281421,0.00214898105881,0.0,0.818729516875,-0.574035987681,-0.0120586046959,0.0,-0.00863982515643,0.00868241767196,-0.999924981708,0.0,0.656682428675,0.254387673814,0.303371234475,1.0,-0.01424,-0.0187154285714,0.713
0.461251645963,0.51938492295,-0.124089694517,-1.40055938042,0.0770207315165,1.91056987983,0.153429906072,-0.00801554746657,-0.0805946725294,-0.000113685361049,-0.118157232434,-0.00322520774518,0.0396857450582,-0.0146148342021,0.574096020237,0.818773415453,0.00214490019848,0.0,0.818730571153,-0.574034376548,-0.0120637184469,0.0,-0.00864637197708,0.0086819952695,-0.999924928787,0.0,0.656443396598,0.254092610643,0.303382616463,1.0,-0.01456,-0.019136,0.729
0.461072694176,0.518040164178,-0.124093660611,-1.40265769367,0.0768830577714,1.91133551103,0.153146863203,-0.0122609771954,-0.0793910915866,0.000164607574538,-0.126477519169,-0.00535555395104,0.0485875957197,-0.013753563487,0.574087748424,0.818779204915,0.00214886238071,0.0,0.818736472411,-0.574026149304,-0.0120546903694,0.0,-0.00863679288339,0.00867996917368,-0.999925029162,0.0,0.656189115103,0.253771181339,0.303394195265,1.0,-0.0149,-0.0195828571429,0.746
0.460895423111,0.516674336148,-0.124100229909,-1.40479285511,0.0767429652278,1.91210828726,0.152836917526,-0.0109259439845,-0.0795346014344,-0.00176608566156,-0.11879648151,-0.0130073382897,0.0570833761801,-0.018305243895,0.574058852022,0.818799474237,0.00214529853705,0.0,0.818756753986,-0.573997330752,-0.012049439505,0.0,-0.00863484534513,0.00867373207248,-0.999925100104,0.0,0.655927605283,0.253445398252,0.30340330817,1.0,-0.01524,-0.0200297142857,0.763
0.460708173444,0.515307763958,-0.124108437225,-1.40696703531,0.076614239314,1.91293759102,0.152548446269,-0.00915897190337,-0.0819564519877,-0.000211744435326,-0.127254244001,-0.00576464409995,0.0450415059684,-0.0183266843955,0.574062134148,0.818797130064,0.00216167456754,0.0,0.818754627225,-0.574000546937,-0.0120407398413,0.0,-0.00861828677055,0.00868218102362,-0.999925169633,0.0,0.655669640393,0.253113152937,0.303398963923,1.0,-0.01558,-0.0204765714286,0.78
0.460525564195,0.513913193411,-0.124111792838,-1.40921675733,0.0764739049553,1.91372843687,0.15223685033,-0.016813222745,-0.0823972385264,-0.000981719224402,-0.134471510526,-0.0101436079739,0.0465071760105,-0.016799133256,0.574039237837,0.81881333056,0.00210476182514,0.0,0.818770012255,-0.573977823058,-0.012077771788,0.0,-0.00868152107917,0.00865659744362,-0.999924844432,0.0,0.65538427644,0.25277384752,0.303374378265,1.0,-0.01592,-0.0209234285714,0.797
0.460340197511,0.512584842852,-0.124109997251,-1.4113700397,0.0763433153796,1.91447591937,0.15194192804,-0.0101019029535,-0.0878999922883,0.000251348496461,-0.139401238359,-0.00733322553047,0.0470153968507,-0.0206724590943,0.574025778303,0.818822929561,0.0020402865084,0.0,0.818778623031,-0.573964500372,-0.0121270639953,0.0,-0.00875903467978,0.0086319565183,-0.99992438146,0.0,0.655109599116,0.252445019264,0.303344964702,1.0,-0.01624,-0.021344,0.813
0.460133651573,0.511140033005,-0.124111053537,-1.41366222923,0.076200740336,1.91534458697,0.151613039369,-0.0120056329102,-0.0860652097752,0.000363162003171,-0.133622917048,-0.00146107054687,0.0504279285052,-0.0190561107521,0.574007967418,0.818835378444,0.00205505509104,0.0,0.818791279465,-0.573946641481,-0.0121177682049,0.0,-0.00874313367881,0.00863852300263,-0.999924463914,0.0,0.654834923643,0.252091977118,0.303341141423,1.0,-0.01658,-0.0217908571429,0.83
0.459915429744,0.509477732999,-0.124121412109,-1.41629772437,0.0760390407193,1.91633963038,0.151248177432,-0.0121853712341,-0.0909888263487,-0.000758860489353,-0.143342313209,-0.0099115015358,0.0579472545533,-0.0137568346516,0.573989253466,0.818848461578,0.0020690041399,0.0,0.818804578052,-0.573927901979,-0.0121067416214,0.0,-0.00872629555443,0.00864341605946,-0.999924568717,0.0,0.654514361052,0.251693537801,0.30333690026,1.0,-0.01696,-0.0222902857143,0.849
0.459716746787,0.508043735011,-0.124120289583,-1.41853416026,0.0758919675368,1.91712986343,0.150936886532,-0.0133389936349,-0.0909181234277,-0.00130638331281,-0.147279231206,-0.0124932129346,0.054457178807,-0.0174174626157,0.573972371803,0.818860330847,0.0020547196825,0.0,0.818816248894,-0.573911073032,-0.0121151847052,0.0,-0.00874158608087,0.00863638544022,-0.999924495909,0.0,0.654232865299,0.251347598528,0.303344105711,1.0,-0.01728,-0.0227108571429,0.865
0.459482026695,0.506415780735,-0.124127926684,-1.42110067124,0.0757305622089,1.91807039697,0.150586531384,-0.0151160055787,-0.094451278497,0.000257188506452,-0.148041071526,-0.00815928661736,0.0523338380373,-0.020859918955,0.573972409021,0.818860311783,0.00205191864366,0.0,0.818816203913,-0.573911133025,-0.0121153828282,0.0,-0.00874335554311,0.00863420593788,-0.999924499261,0.0,0.653918324244,0.250944269999,0.303342682133,1.0,-0.01764,-0.023184,0.883
0.459299846213,0.505098216076,-0.124134456816,-1.42312284595,0.0756106920079,1.91884961364,0.15030400653,-0.0136241600851,-0.0856358157757,0.000104484776622,-0.146564172562,-0.00778198317726,0.0600699600122,-0.0171173992857,0.573967184955,0.818863812738,0.00211510832814,0.0,0.818820545238,-0.57390565084,-0.0120816195708,0.0,-0.00867949555133,0.00866651418649,-0.999924776115,0.0,0.653677283691,0.250632210391,0.303368796874,1.0,-0.01792,-0.023552,0.897
0.459080860741,0.503441716183,-0.124135291421,-1.42560178486,0.0754487483943,1.9197851429,0.149961337954,-0.0132142019521,-0.0925284287549,0.00142103079592,-0.146012569665,-0.0160298960037,0.0481117047778,-0.01788999832,0.573950202877,0.818875474998,0.0022063466033,0.0,0.818833496833,-0.573888383585,-0.0120239158261,0.0,-0.00858005829031,0.00870792708673,-0.999925274511,0.0,0.653376075014,0.250253631931,0.303427092413,1.0,-0.01826,-0.0239988571429,0.914
0.458844613817,0.501752338843,-0.1241387288,-1.42811381665,0.0752889204615,1.92070233546,0.149607261461,-0.0140977908842,-0.0976313527211,0.00120519439633,-0.147054874888,-0.00554745274018,0.0525247248055,-0.0221502737481,0.573941506614,0.818881353487,0.00228534415302,0.0,0.818840432004,-0.573879389085,-0.011980843044,0.0,-0.00849954070392,0.00874780372307,-0.999925614102,0.0,0.653067805816,0.249857994438,0.303490424403,1.0,-0.0186,-0.0244457142857,0.931
0.458621556585,0.500130021834,-0.124141952353,-1.43056519467,0.0751351447223,1.92156187092,0.149261751064,-0.013830842847,-0.0983519394864,0.000946186538715,-0.148393429843,-0.00600190898397,0.0571258845972,-0.0272428432266,0.573926245006,0.8188919716,0.00231323242083,0.0,0.818851331875,-0.573863931363,-0.0119762877278,0.0,-0.00847996848437,0.0087678681021,-0.999925604544,0.0,0.652736429922,0.249451480556,0.303529891019,1.0,-0.01894,-0.0248925714286,0.948
0.458371728503,0.498462643052,-0.124144080735,-1.43318564325,0.0749778270029,1.9225495628,0.148892124173,-0.0192436744473,-0.0944238268881,0.00121408700407,-0.157882723302,-0.0121841415946,0.058248749812,-0.0220734071846,0.573918496248,0.818897311683,0.00234509790112,0.0,0.81885703495,-0.573856000131,-0.0119663832052,0.0,-0.00845365329487,0.00878819776866,-0.999925648899,0.0,0.652416719284,0.249039210166,0.303531926009,1.0,-0.01928,-0.0253394285714,0.965
0.458109635454,0.496793966451,-0.124137020405,-1.43585221534,0.0748095723334,1.92349711349,0.148484740799,-0.0164978507206,-0.0939551140498,0.00626762191118,-0.157003429544,-0.0075308499206,0.0517610234778,-0.0138685943306,0.573886853048,0.818919617607,0.0022992821533,0.0,0.818878647859,-0.573824448547,-0.0120003846302,0.0,-0.00850812988673,0.00876986487864,-0.999925347811,0.0,0.652096911484,0.248639246803,0.303507534089,1.0,-0.0196,-0.02576,0.981
0.457839880229,0.4951104175,-0.124139552526,-1.4385718243,0.0746447468955,1.92443924338,0.148096582408,-0.0190846729185,-0.0996608358743,0.00121611064482,-0.15964020558,-0.00242457403137,0.0593470024593,-0.0244602548289,0.573884319191,0.818921607666,0.00222161781674,0.0,0.818879436138,-0.573822045488,-0.0120613466924,0.0,-0.00860264977172,0.00874122317581,-0.999924789889,0.0,0.651746972333,0.24819905839,0.303467840686,1.0,-0.01994,-0.0262068571429,0.998
0.457540402815,0.493156166602,-0.124190454008,-1.44161383902,0.074457828628,1.9255410748,0.147670933733,-0.0193355931395,-0.137372653161,-0.00846745119133,-0.209076233989,-0.0111520424645,0.075827277356,-0.028381453283,0.573920082494,0.818896539561,0.00222335484571,0.0,0.818854524771,-0.573857933161,-0.0120451945398,0.0,-0.00858804365701,0.00873375137131,-0.999924980733,0.0,0.651375865237,0.247683838392,0.303477682949,1.0,-0.030348,-0.0398859428571,1.015
0.457164215778,0.489996759166,-0.124248383321,-1.44649292411,0.0741948813147,1.92742306732,0.146929169717,-0.0220699275164,-0.19306721061,-0.0056545364741,-0.311302178782,-0.0176692261237,0.117418812255,-0.0504355909166,0.57383685076,0.818954463004,0.00236709467714,0.0,0.818914282667,-0.57377407806,-0.0119771403491,0.0,-0.00845071767934,0.00881154178804,-0.999925468274,0.0,0.650767902998,0.246953183935,0.30351823744,1.0,-0.0436782857143,-0.0574057469388,1.033
0.456657743317,0.486486626772,-0.124281207431,-1.45206606303,0.0738919590173,1.92951953148,0.1461077165,-0.0392219796301,-0.250524107557,-0.00500467039233,-0.402087976993,-0.0220452737739,0.152045284861,-0.0570805054685,0.573798915846,0.818980922434,0.0024082700806,0.0,0.818940982228,-0.573735671111,-0.0119914229047,0.0,-0.00843919862158,0.0088530669764,-0.999925198768,0.0,0.650066811896,0.246083421816,0.30348776806,1.0,-0.0547868571429,-0.0720055836735,1.048
0.455810202899,0.480840336428,-0.124450778157,-1.46102384506,0.0733475467024,1.93270749224,0.144732146139,-0.0451803242634,-0.32033265867,-0.0110847852293,-0.514665527956,-0.0291097419591,0.182252773275,-0.0719631022734,0.573782351929,0.818992904772,0.00227627956023,0.0,0.818951454065,-0.573719869928,-0.0120321916385,0.0,-0.00854849735267,0.00876819048776,-0.999925018203,0.0,0.648929600257,0.244575348485,0.303423579192,1.0,-0.0688577142857,-0.0904987102041,1.067
0.454832563247,0.474591946627,-0.124612087878,-1.47081118393,0.0727611095882,1.93614223281,0.143323444805,-0.0597365720812,-0.388096651939,-0.0121808886307,-0.607866660693,-0.0346333502445,0.22203148238,-0.0844389839125,0.573862377007,0.818937112621,0.00217364397654,0.0,0.818894289448,-0.573800284414,-0.0120881436366,0.0,-0.00865235849951,0.00871708331147,-0.999924571731,0.0,0.647670066839,0.242909232365,0.303394614688,1.0,-0.0814474285714,-0.107045191837,1.084
0.453883079058,0.468692716064,-0.124714938068,-1.47984384551,0.0722456234531,1.93945250802,0.141952249171,-0.0707243489316,-0.442428556819,-0.00208130130421,-0.655042402042,-0.036074903975,0.25433133634,-0.104752013957,0.573874537625,0.818928066473,0.00236302976868,0.0,0.818887457082,-0.573811384924,-0.0120238956811,0.0,-0.00849093573423,0.00883543312218,-0.999924916747,0.0,0.646436326282,0.241276845058,0.303470631709,1.0,-0.092556,-0.121645028571,1.099
0.452470012578,0.460147280357,-0.124802048512,-1.49301158532,0.0714161223648,1.94421304799,0.139839902529,-0.0821857419986,-0.496340972373,-0.00730721778041,-0.749038452,-0.0501385802162,0.266143079618,-0.117128885444,0.573771360198,0.819000123851,0.00244340930731,0.0,0.818960519702,-0.573707848655,-0.0119882635162,0.0,-0.00841674825592,0.00887974898294,-0.999925151402,0.0,0.644810438408,0.239167413238,0.303499956425,1.0,-0.105145714286,-0.138191510204,1.116
0.450869275047,0.45100661501,-0.12494411744,-1.50706326399,0.0704990639868,1.94904525625,0.137656744717,-0.0955773078234,-0.568298346412,-0.00825363572125,-0.834471229958,-0.0617066794255,0.308344678789,-0.13051893995,0.573794146677,0.818984418972,0.00235491443031,0.0,0.818943559041,-0.573730887546,-0.0120441970484,0.0,-0.00851308647877,0.00883960196233,-0.999924691562,0.0,0.642932935182,0.236697176812,0.303516261426,1.0,-0.117735428571,-0.154737991837,1.133
0.449193902058,0.441515598636,-0.125062693066,-1.52149580934,0.0695235179199,1.95419956236,0.135432944591,-0.111687290116,-0.598487876638,-0.00702573836403,-0.939956064268,-0.0586198434101,0.322075165862,-0.157035103139,0.573813969048,0.818970110468,0.00249679512841,0.0,0.818931473547,-0.573750527496,-0.0119298254114,0.0,-0.00833779344139,0.00889037575028,-0.999925718451,0.0,0.641011945022,0.23417077995,0.30359771518,1.0,-0.129584571429,-0.17031115102,1.149
0.44720284777,0.430461506848,-0.125197802086,-1.53810088008,0.0684205082127,1.96000074895,0.13270849349,-0.122174100162,-0.675891596532,-0.0121174644038,-0.997018619843,-0.0698730985707,0.357680017252,-0.157674633997,0.573737789564,0.819022861747,0.00269214823141,0.0,0.818986754553,-0.573673596792,-0.0118341502072,0.0,-0.00814818208782,0.00899470610005,-0.999926348483,0.0,0.638746881615,0.23122942892,0.303744270987,1.0,-0.142174285714,-0.186857632653,1.166
0.444914557893,0.418695276316,-0.12532100399,-1.55592675651,0.0671518808547,1.96613816576,0.129745516293,-0.142582183104,-0.701920668276,-0.00485725703817,-1.06001824817,-0.0793124676366,0.36397962834,-0.180019249989,0.573681919046,0.819061951507,0.00270596646685,0.0,0.819026303723,-0.573617991952,-0.0117923712745,0.0,-0.00810664765605,0.0089815008179,-0.999926804775,0.0,0.636273464131,0.227980123274,0.303792315109,1.0,-0.154764,-0.203404114286,1.183
0.442214596703,0.405263075432,-0.125471001679,-1.57608502718,0.0657498936237,1.97320763027,0.126402799977,-0.16058625114,-0.760587228869,-0.00337255534119,-1.15510682015,-0.0609257811224,0.394445178294,-0.185791044579,0.573706885646,0.819043596683,0.00295685577054,0.0,0.819011448933,-0.57364235244,-0.0116380799797,0.0,-0.0078360680536,0.00909872052754,-0.999927902062,0.0,0.633462607766,0.224258671417,0.303902083139,1.0,-0.168094285714,-0.220923918367,1.201
0.439002577811,0.390045332995,-0.125651824935,-1.59874458038,0.0641603788268,1.98095121037,0.122515681024,-0.17591691756,-0.793721756413,-0.0088623817743,-1.21841026066,-0.0919778073712,0.415463549368,-0.211665007252,0.573739984661,0.819019566696,0.00318218021973,0.0,0.818990300518,-0.573674674652,-0.011532658899,0.0,-0.00762008380227,0.00922309984751,-0.999928431815,0.0,0.630219591133,0.219965547474,0.304033905344,1.0,-0.182165142857,-0.239417044898,1.22
0.436224794318,0.377391236772,-0.125785722874,-1.61765923516,0.062702621783,1.98724659987,0.11912241252,-0.188658219064,-0.860244896423,-0.0126508680263,-1.28001923813,-0.0964300491454,0.435759559129,-0.22255935504,0.573637192392,0.81909174735,0.00313493690889,0.0,0.819062306039,-0.573572568608,-0.011497576614,0.0,-0.00761960300478,0.00916332264441,-0.999928985063,0.0,0.627428940526,0.216320858577,0.304052304777,1.0,-0.193273714286,-0.254016881633,1.235
0.432940358532,0.363265520379,-0.125956080309,-1.63863404916,0.061135994321,1.9941729536,0.115376170387,-0.217028454381,-0.925602800423,-0.00802722077356,-1.32119854031,-0.103669253024,0.458208086629,-0.242716531424,0.573707108766,0.819042542969,0.00319578759673,0.0,0.819013961193,-0.573642378459,-0.0114586172013,0.0,-0.00755200117288,0.00919146176789,-0.999929239651,0.0,0.624102049214,0.211897620798,0.304102405092,1.0,-0.205863428571,-0.270563363265,1.252
0.428572987,0.345667421059,-0.126201612595,-1.66472564032,0.0591443102462,2.00261082051,0.110469893507,-0.240143950167,-0.958132208109,-0.017751736152,-1.37438330041,-0.100047974839,0.456050777302,-0.268537254312,0.573776155515,0.818994742738,0.003046577042,0.0,0.818963992356,-0.573711594261,-0.0115642871235,0.0,-0.00772338248488,0.00913052489521,-0.999928488882,0.0,0.620314070522,0.206827401669,0.30405277054,1.0,-0.219193714286,-0.288083167347,1.27
0.424865319959,0.331179563379,-0.126344418224,-1.68609338299,0.057503168743,2.00946532803,0.106421563595,-0.245870484796,-0.976273477338,-0.00521175079422,-1.44234195251,-0.10618513599,0.441682790445,-0.283408461699,0.573822208121,0.818962538563,0.00302998334557,0.0,0.818930927675,-0.573756934627,-0.0116560098786,0.0,-0.0078075118022,0.0091700009494,-0.999927474291,0.0,0.616740920953,0.2021556166,0.304029246806,1.0,-0.231042857143,-0.303656326531,1.286
0.420673206458,0.314981555185,-0.126512411827,-1.70955953428,0.0555259771574,2.0169167292,0.101798243472,-0.268346303902,-1.01968412135,-0.0141631622395,-1.50048606957,-0.136271139067,0.463372942119,-0.299832274669,0.573741190396,0.819019235143,0.003047262714,0.0,0.818988672162,-0.573676842678,-0.0115404482282,0.0,-0.00770385335151,0.00911707968004,-0.999928762213,0.0,0.613214713649,0.197550910394,0.304082217736,1.0,-0.242151428571,-0.318256163265,1.301
0.415834187642,0.297243382571,-0.126662695498,-1.73519562198,0.053376292736,2.02490263511,0.0965042221871,-0.302585471294,-1.04776678892,-0.00814697703066,-1.56227798647,-0.136231541566,0.466029499345,-0.319399100632,0.57358219861,0.819130594446,0.00304591226506,0.0,0.819100047458,-0.573517915483,-0.0115351538969,0.0,-0.00770206050412,0.00911144123782,-0.999928827419,0.0,0.609012478005,0.192116045521,0.304093241714,1.0,-0.254741142857,-0.334802644898,1.318
0.410881382497,0.279920244271,-0.126840212707,-1.75981874117,0.0513548974816,2.03245692935,0.0913178170578,-0.322069580245,-1.09188784422,-0.0165691789091,-1.58326812137,-0.134491657347,0.469788861951,-0.345321463877,0.573583799454,0.819128747394,0.00323528938798,0.0,0.819100208371,-0.573518394789,-0.0114998428417,0.0,-0.00756449952569,0.00924632778254,-0.999928639339,0.0,0.604905242825,0.18674840574,0.304196180157,1.0,-0.266590285714,-0.350375804082,1.334
0.405146764586,0.260927748394,-0.127081404477,-1.7867359278,0.0490163998284,2.04050894591,0.0854266350698,-0.350343089808,-1.13034386462,-0.0175119665967,-1.64348326758,-0.132765914367,0.474556983101,-0.352648222527,0.573595418474,0.819120466011,0.003271844764,0.0,0.819092343703,-0.573529832256,-0.0114895996423,0.0,-0.0075350107069,0.00927050319679,-0.999928638146,0.0,0.600313885993,0.180697261722,0.304233946631,1.0,-0.27918,-0.366922285714,1.351
0.398131285837,0.239095606275,-0.127365126054,-1.81746100975,0.0462194020329,2.04943507024,0.0784341255488,-0.381524404588,-1.1562357123,-0.00519295733153,-1.60545167668,-0.146542245301,0.45970304259,-0.385790990831,0.573653274029,0.81908025201,0.00319513146314,0.0,0.819051236666,-0.573588036169,-0.0115144857025,0.0,-0.0075987449691,0.00922247635943,-0.999928599953,0.0,0.594939542988,0.173567391813,0.304228674566,1.0,-0.293250857143,-0.385415412245,1.37
0.392719217869,0.222448383567,-0.127511747831,-1.8406018163,0.0441595211739,2.05607937773,0.0729713067053,-0.411382621683,-1.18401451972,-0.0189598556896,-1.68414611379,-0.167312286539,0.464551245038,-0.401165043126,0.573545988151,0.819155182529,0.00324550654744,0.0,0.819126164692,-0.573479810541,-0.0115749782017,0.0,-0.00762061762219,0.00929744064578,-0.999927739281,0.0,0.590460353994,0.167829245326,0.304226284959,1.0,-0.304359428571,-0.40001524898,1.385
0.385122922676,0.200556928546,-0.127791559773,-1.87075678976,0.0412357718727,2.06436213349,0.0655057460111,-0.435981212814,-1.21520941329,-0.0139346917779,-1.65990482051,-0.157302524847,0.448916921202,-0.424471778887,0.57348293328,0.819199395913,0.00322829264342,0.0,0.819170145643,-0.573416807187,-0.0115838087149,0.0,-0.00763843890499,0.00928781637452,-0.999927692745,0.0,0.584903030222,0.160564497401,0.304272431031,1.0,-0.317689714286,-0.417535053061,1.403
