position_joint1,position_joint2,position_joint3,position_joint4,position_joint5,position_joint6,position_joint7,velocity_joint1,velocity_joint2,velocity_joint3,velocity_joint4,velocity_joint5,velocity_joint6,velocity_joint7,ee_T_00,ee_T_10,ee_T_20,ee_T_30,ee_T_01,ee_T_11,ee_T_21,ee_T_31,ee_T_02,ee_T_12,ee_T_22,ee_T_32,ee_T_03,ee_T_13,ee_T_23,ee_T_33,v_x,v_y,time
0.465041817113,0.547780482345,-0.123986075818,-1.3558486635,0.0794967027494,1.89410602745,0.159146523692,0.00356290679867,-0.000564932989855,0.00106756219688,0.000356380951223,-0.000230369048732,-0.000471108198996,-0.000594662374512,0.573819787067,0.818967553366,0.00193530490012,0.0,0.818924221004,-0.573761279883,-0.011910535739,0.0,-0.00864410572281,0.0084195312414,-0.999927192815,0.0,0.661682534759,0.260868789325,0.303207812324,1.0,0.0,0.0,0.0
0.465048051671,0.547780321442,-0.123984987114,-1.35584795707,0.0794958936813,1.89410481862,0.15914711994,0.00134408461269,6.30899647321e-05,0.00141116961954,0.000653401422411,-1.31731435487e-05,-0.000144507566543,-0.0012529641017,0.573814147101,0.81897150609,0.00193486424529,0.0,0.818928168648,-0.573755643083,-0.0119106475944,0.0,-0.00864450815313,0.00841917501899,-0.999927192335,0.0,0.661680628828,0.26087341736,0.303208119989,1.0,-8e-05,-0.000105142857143,0.005
0.465049890888,0.547782094774,-0.123991087952,-1.35585444886,0.0794973086114,1.89410962094,0.159145442122,0.000885562293477,0.000169253302127,-0.000139075695656,-0.00318601308135,0.000178194957125,0.000263295975699,-0.00132897912617,0.573816295201,0.8189700098,0.00193114227305,0.0,0.818926641386,-0.573757823448,-0.0119106239454,0.0,-0.00864660229583,0.0084161359983,-0.999927199812,0.0,0.66168089256,0.260870864358,0.303204395772,1.0,-0.00036,-0.000473142857143,0.019
0.465041808281,0.547773980781,-0.123987817873,-1.35586071437,0.0794967028033,1.894107688,0.159150144744,-0.00346541447641,-0.00471806130186,0.000621939594487,0.000680140868675,-0.000136419380415,7.9543462281e-05,0.00107650435173,0.573824634631,0.818964164695,0.00193197753903,0.0,0.818920787848,-0.573766139582,-0.0119124808855,0.0,-0.00864755815578,0.0084179736321,-0.999927176077,0.0,0.661680676931,0.260866542245,0.303206884459,1.0,-0.0007,-0.00092,0.036
0.46504138352,0.547728621135,-0.12399133674,-1.35591011347,0.0794937643929,1.89411435614,0.159148441742,-0.000683568878346,-0.00295886243676,0.000334586629341,-0.0083280553916,5.04698623895e-05,-0.00019814865093,0.0012779598397,0.573827930967,0.81896184988,0.00193416252618,0.0,0.81891850425,-0.573769429106,-0.0119110252086,0.0,-0.00864507835489,0.00841896252516,-0.999927189194,0.0,0.661672965903,0.260858934301,0.303216196254,1.0,-0.00104,-0.00136685714286,0.053
0.465040974907,0.54759718979,-0.123990684954,-1.35605651465,0.079493844863,1.8941401622,0.159140912894,-0.000839796540009,-0.0106823159443,0.000295894600274,-0.011162599253,-0.00361876524798,-0.000578233970689,-0.00132161582208,0.573829605087,0.818960638076,0.00195051526889,0.0,0.818917383717,-0.573770916311,-0.0119164231951,0.0,-0.008640098959,0.00843546968592,-0.999927093113,0.0,0.661647976998,0.260845158089,0.303241840732,1.0,-0.00138,-0.00181371428571,0.07
0.465034411199,0.547455359844,-0.123988552788,-1.35627560906,0.0794904787981,1.894174881,0.159136527193,0.000327029822093,-0.00813159337765,-0.000134619125205,-0.00781869037622,0.000251386224822,-0.00015822737567,-0.000975660381101,0.57384095328,0.818952754343,0.00192182041251,0.0,0.818908961937,-0.573782223448,-0.0119506910019,0.0,-0.00868451212669,0.0084317542133,-0.999926739701,0.0,0.66160981807,0.260819709292,0.303240968196,1.0,-0.00174,-0.00228685714286,0.088
0.465018452491,0.547281218356,-0.123993921495,-1.35647167867,0.079486654584,1.89429823007,0.159138005461,-0.00044949920347,-0.00873355998511,-0.00161981348452,-0.0114127896853,-0.000344440878269,0.014430607505,-0.000440875141753,0.573869223804,0.818932732382,0.00201015040125,0.0,0.818890118718,-0.573810150199,-0.0119009199368,0.0,-0.0085927736156,0.00847582717337,-0.999927159645,0.0,0.661599681017,0.260792833698,0.303281880813,1.0,-0.00206,-0.00270742857143,0.104
0.465000153305,0.54708130653,-0.123982889584,-1.35670029229,0.0794868517635,1.89442699243,0.159127134669,0.000381314050207,-0.0134302524717,0.00147409093623,-0.0136076921603,-0.00121117394863,0.00692167952693,0.000842670492787,0.573880660089,0.818924479502,0.00210517217618,0.0,0.818882984703,-0.573821081643,-0.0118646756378,0.0,-0.0085084449599,0.00853296184767,-0.999927394827,0.0,0.661580449445,0.260771395032,0.303325486215,1.0,-0.0024,-0.00315428571429,0.121
0.46497285749,0.54689188367,-0.12398354148,-1.35696132766,0.079478986234,1.89454448126,0.159112887336,-0.000611798960504,-0.0138061041319,0.000790995524091,-0.0206340055678,-0.000651758352072,0.0119697408397,-0.000702800607992,0.573904432384,0.818907709189,0.00214784112991,0.0,0.818866732966,-0.573844643764,-0.011846744966,0.0,-0.00846902670839,0.0085578598596,-0.999927516684,0.0,0.661556719041,0.260731172916,0.30334561534,1.0,-0.0027,-0.00354857142857,0.136
0.464927743452,0.54661721919,-0.123985988046,-1.35735509726,0.0794660991935,1.89468157162,0.159078669901,5.73230418331e-05,-0.0202822867384,0.00111126163619,-0.0183834642361,-0.00284188554999,0.00625040935243,-0.00193734465578,0.573933585998,0.818887220864,0.00216916348348,0.0,0.81884642727,-0.573873613276,-0.0118470010164,0.0,-0.00845669486943,0.00857576865541,-0.999927467621,0.0,0.661514013789,0.260664000977,0.303364677856,1.0,-0.00306,-0.00402171428571,0.154
0.464881052246,0.546335015186,-0.123988445017,-1.35778646555,0.0794519612458,1.89484291346,0.15893155734,-0.00237774457505,-0.0168111367714,-0.000160864192496,-0.026718498591,-0.00266431054099,0.0107922928178,-0.00597459599304,0.573873458435,0.818929313182,0.00218646192901,0.0,0.818888642868,-0.573813321368,-0.0118494600647,0.0,-0.0084494118882,0.00859072486772,-0.999927400807,0.0,0.661468168717,0.26059286056,0.303373271609,1.0,-0.0034,-0.00446857142857,0.171
0.464839524966,0.546055596631,-0.123991034852,-1.35825704246,0.0794304574889,1.89501265913,0.158907744254,-0.00117410137875,-0.0220216954019,-0.000703062608037,-0.0273866737245,-0.000272379680609,0.0104815787396,-0.000806482019489,0.573910348876,0.818903484245,0.00217757763738,0.0,0.818862637241,-0.573850180397,-0.0118616479011,0.0,-0.00846410443529,0.0085908248521,-0.999927275688,0.0,0.661411201285,0.260517287983,0.303365927244,1.0,-0.00374,-0.00491542857143,0.188
0.464788367659,0.545728040895,-0.123991749087,-1.35881289372,0.0793873453437,1.89520290928,0.158865172093,-0.00033483047816,-0.0154363052236,-0.00124871487768,-0.0291761889368,-0.00706238959559,0.01301439304,-0.00154799443686,0.573937501715,0.81888457496,0.00213164689294,0.0,0.818843197641,-0.573877581667,-0.0118779559445,0.0,-0.00850353426049,0.00856285377978,-0.999927181069,0.0,0.6613488194,0.260429742726,0.303345751978,1.0,-0.00406,-0.005336,0.204
0.464730392371,0.545353227052,-0.123989268766,-1.35945701198,0.0793354925841,1.89540839135,0.158765421319,-0.00203819472714,-0.025217055505,-0.00223012261628,-0.0392531299001,-0.00133452027956,0.0114614802325,-0.0125528992239,0.573923606269,0.818894469582,0.00207093136002,0.0,0.818852350235,-0.573863982416,-0.0119039951747,0.0,-0.0085598477005,0.00852793504017,-0.999926999001,0.0,0.661269127618,0.260326846856,0.303322190547,1.0,-0.0044,-0.00578285714286,0.221
0.464671128501,0.544964751153,-0.123991620264,-1.36011318994,0.0793110942509,1.89561931548,0.158672262815,-0.00274233530048,-0.0267610792477,-0.000497778226295,-0.042110974987,-5.66463620722e-05,0.0157522330351,-0.00530184999303,0.573920379639,0.818896821711,0.00203473044223,0.0,0.818854002976,-0.573860679237,-0.0119494576333,0.0,-0.00861788700446,0.00852434854911,-0.999926531054,0.0,0.661182301763,0.260220335639,0.303305373601,1.0,-0.00474,-0.00622971428571,0.238
0.464601253536,0.544505337171,-0.123992201632,-1.3608703767,0.0792788598563,1.8958917915,0.15861514581,-0.00492739592973,-0.022316009241,-0.000150783882424,-0.0441784790428,-0.00103013931784,0.0101761060293,-0.00664741032691,0.573971998875,0.818860690628,0.00201513074685,0.0,0.818817529033,-0.573912287634,-0.0119702611865,0.0,-0.00864563450062,0.00852078317056,-0.999926321915,0.0,0.661100392926,0.26010676235,0.303291603065,1.0,-0.00508,-0.00667657142857,0.255
0.46455507859,0.544149228333,-0.123989942847,-1.36147241246,0.0792536903497,1.8961066,0.158518802722,-0.00509957168805,-0.0310069668436,0.00201143740189,-0.0427331558795,-0.000103496000421,0.0189106957448,-0.0113296958791,0.573956204188,0.8188718113,0.00199480152092,0.0,0.818828248747,-0.573896447006,-0.0119964189794,0.0,-0.00867888692894,0.00851898295408,-0.999926049191,0.0,0.661027010543,0.260021260313,0.303275604287,1.0,-0.00534,-0.00701828571429,0.268
0.464481755567,0.543610061109,-0.123987565888,-1.36234692748,0.0792089956322,1.89640943857,0.158411309996,-0.00247405433501,-0.0283556558139,0.00162542267933,-0.0474586830732,-0.00367656751433,0.00955607070114,-0.00599979015001,0.573963271354,0.818866913039,0.00197199601323,0.0,0.818822926991,-0.573903487077,-0.0120228389009,0.0,-0.00871353735085,0.00851554744477,-0.999925777105,0.0,0.660921336936,0.259890761461,0.303267012262,1.0,-0.0057,-0.00749142857143,0.286
0.464409108754,0.543034333854,-0.12399870584,-1.36326206013,0.079153162119,1.89674167742,0.158284727567,-0.00481180565135,-0.0296957993636,-0.0018396540451,-0.0507338029549,-0.00573566118041,0.0115772172584,-0.008795683413,0.573962940301,0.818867167856,0.00196251588759,0.0,0.818823100908,-0.573903238495,-0.0120228601067,0.0,-0.00871899904934,0.0085077932837,-0.999925795501,0.0,0.660816549832,0.259748738466,0.303267861862,1.0,-0.00606,-0.00796457142857,0.304
0.464335279757,0.542416108421,-0.123992490939,-1.36422585872,0.0790993868153,1.89707917667,0.158163452211,-0.00139510998796,-0.0364199070749,0.000374075123583,-0.0578745872309,0.000298026037091,0.0171002918345,-0.00626211561632,0.573958850637,0.818870040432,0.00195998954822,0.0,0.81882583187,-0.573899054228,-0.0120365908364,0.0,-0.00873173558983,0.00851356182678,-0.999925635264,0.0,0.660698779664,0.259611470549,0.303275418351,1.0,-0.00642,-0.00843771428571,0.322
0.464271104453,0.541954910814,-0.123995267193,-1.36494437454,0.0790542322825,1.89734912918,0.158078854358,-0.00260461039914,-0.0375351883325,0.000492057443316,-0.0540288044399,-0.00585620461556,0.0234247181482,-0.0135363697555,0.573969298424,0.818862696259,0.00196876686156,0.0,0.818818626644,-0.573909486767,-0.0120293208606,0.0,-0.00872063603423,0.00851668780526,-0.999925705508,0.0,0.6606252538,0.259508246211,0.303282301817,1.0,-0.00666,-0.00875314285714,0.334
0.464168353961,0.541265956134,-0.123994197316,-1.36598297687,0.0789925627804,1.89774470487,0.157929445975,-0.00293065538887,-0.0369492296082,0.000462561766852,-0.0605217320948,-0.00124205341622,0.0267050870902,-0.0132788476166,0.573974227278,0.81885914503,0.0020084627815,0.0,0.818815594899,-0.573914246997,-0.0120085613471,0.0,-0.00868080200521,0.00853732973724,-0.999925876092,0.0,0.660506160353,0.259334620067,0.303310043465,1.0,-0.00704,-0.00925257142857,0.353
0.464085579799,0.540661964188,-0.123997069018,-1.36691637842,0.0789395381515,1.89808236804,0.157826569347,-0.00599342179216,-0.0401285825756,-0.0001171940781,-0.0624852720564,-0.00250697835461,0.01541991684,-0.00644831765224,0.573997299023,0.818842952675,0.00201654910014,0.0,0.818799475142,-0.573937249155,-0.0120083488308,0.0,-0.00867574620506,0.0085440736393,-0.999925862369,0.0,0.660398973296,0.259189755698,0.30332207555,1.0,-0.00734,-0.00964685714286,0.368
0.463959408336,0.539764802099,-0.12400415937,-1.36828344176,0.0788572354443,1.89859782665,0.157651503898,-0.00326736266197,-0.0422668186294,-0.000287258143935,-0.0691839724982,-0.00818814010463,0.0204441480205,-0.0110711058913,0.57401595705,0.818829781743,0.00205340799889,0.0,0.818786823618,-0.573955787547,-0.0119849201901,0.0,-0.00863521043284,0.00856100367191,-0.999926068446,0.0,0.660248416323,0.258973501214,0.303350319841,1.0,-0.00776,-0.0101988571429,0.389
0.463873063663,0.539177250349,-0.124005233681,-1.3691741335,0.0788069940562,1.89893424459,0.15753872307,-0.00644017355574,-0.0481668836589,-0.000936875681296,-0.068185364153,-0.000819491929878,0.0260448051517,-0.00380316503268,0.574030898505,0.818819231841,0.00208327357835,0.0,0.818776641228,-0.573970580549,-0.0119721069453,0.0,-0.00860741938677,0.00857826020815,-0.999926160165,0.0,0.660150410664,0.258832562347,0.303370696028,1.0,-0.00802,-0.0105405714286,0.402
0.463741113968,0.538272558324,-0.124008756724,-1.37058901819,0.078731004764,1.8994756871,0.157367380711,-0.00443841080639,-0.0503124224183,0.00149843097084,-0.0721702119963,0.000406016035614,0.0262726632845,-0.00618638948532,0.574059055631,0.818799416004,0.00211279459353,0.0,0.818757155786,-0.5739985572,-0.0119634060162,0.0,-0.00858305406149,0.00859773278493,-0.999926202364,0.0,0.659993936367,0.258611794128,0.303383358006,1.0,-0.00842,-0.0110662857143,0.422
0.463651137778,0.537621184871,-0.124017318992,-1.3716202791,0.0786732990334,1.89986958608,0.157235318923,-0.0107645016921,-0.0443836648341,-3.10779833623e-06,-0.0731371815447,-0.000622573980383,0.032591123835,-0.006428661273,0.574072141475,0.818790212362,0.00212401100514,0.0,0.818748105773,-0.574011602512,-0.0119568547351,0.0,-0.00857111368746,0.00860329283026,-0.999926256962,0.0,0.659879202027,0.25845097603,0.30338693502,1.0,-0.0087,-0.0114342857143,0.436
0.463497422477,0.536493756647,-0.124030091504,-1.37337942615,0.0785637034304,1.90052293861,0.15702112548,-0.00190913734399,-0.0489406366761,-0.000440544896579,-0.0739641916066,-0.00191885208668,0.0229651298914,-0.00343926656994,0.5740991045,0.818771274448,0.0021366451595,0.0,0.818729412431,-0.57403859054,-0.0119412181865,0.0,-0.00855077428611,0.00860494257536,-0.999926416904,0.0,0.659680035271,0.25817473937,0.303402624882,1.0,-0.00916,-0.0120388571429,0.459
0.463425544864,0.535991325495,-0.124033299513,-1.37416861959,0.0785219451612,1.90081221508,0.156927613725,-0.0100041931788,-0.0518177112805,-0.00199287908419,-0.0804938070962,-0.00995004613745,0.028076106749,-0.00936488907032,0.574115838662,0.818759529439,0.00214094634383,0.0,0.818717674184,-0.574055255356,-0.0119449017976,0.0,-0.00855114531094,0.00861075370812,-0.999926363706,0.0,0.659589418291,0.25805125397,0.303406800194,1.0,-0.00936,-0.0123017142857,0.469
0.463293369512,0.534926676331,-0.124034594769,-1.37583873569,0.0784339162827,1.90141405954,0.156723912288,-0.0088001996241,-0.0529117873423,0.000581082039803,-0.0843923033685,-0.00509164681552,0.0308450328166,-0.00717811327336,0.574126190746,0.818752261054,0.00214453263481,0.0,0.818710300696,-0.574065438488,-0.0119608849224,0.0,-0.00856206435337,0.00862297427574,-0.999926164959,0.0,0.659388848322,0.257805662095,0.30341535258,1.0,-0.00976,-0.0128274285714,0.489
0.463209195877,0.534256964512,-0.124040031253,-1.37696957415,0.078375413227,1.9018222455,0.156588245203,-0.00761414048434,-0.0544735975183,-5.7754155594e-07,-0.0936311247186,-0.00369140787192,0.0244551229179,-0.0150330135269,0.574134196433,0.818746757522,0.00210200743676,0.0,0.818704142599,-0.574073519266,-0.0119945099708,0.0,-0.0086139251847,0.00860754626191,-0.999925852471,0.0,0.65925115819,0.257639791899,0.303385143578,1.0,-0.01002,-0.0131691428571,0.502
0.463055596254,0.533125083408,-0.124037152052,-1.37879355101,0.0782603074637,1.90250162047,0.156349319214,-0.0090813008669,-0.0557897379497,0.000247406304819,-0.0875632866466,-0.00664325933792,0.0313177453527,-0.00809375643278,0.57413128661,0.818748835143,0.00208748410527,0.0,0.818706037502,-0.574070677366,-0.012001185257,0.0,-0.00862775914631,0.00859945733882,-0.9999258028,0.0,0.659037246207,0.25736604565,0.303374029027,1.0,-0.01044,-0.0137211428571,0.523
0.462960842092,0.532394928629,-0.124042882417,-1.37999058976,0.0782089141513,1.90294814954,0.156207788127,-0.00766649672043,-0.0576390995396,-0.00112498227823,-0.0929737705463,-0.0030538436015,0.034018117701,-0.0121599992292,0.574148753775,0.818736608761,0.00207868087124,0.0,0.818693519123,-0.574088003064,-0.0120263620811,0.0,-0.00865324375744,0.00860688906823,-0.999925518643,0.0,0.658895193859,0.257189734654,0.303358003229,1.0,-0.0107,-0.0140628571429,0.536
0.4627944283,0.531122506771,-0.124032663244,-1.382047284,0.078077614758,1.90369456791,0.155950478067,-0.00634868281911,-0.0568647990767,-0.00161348228653,-0.0926329354576,-0.00146661806207,0.0376960279861,-0.00329838821324,0.574143901882,0.818740098985,0.00204380714372,0.0,0.818696508794,-0.574083255277,-0.0120494564236,0.0,-0.00869222503904,0.0085915451137,-0.999925312499,0.0,0.658645588577,0.256888031143,0.303340262523,1.0,-0.01114,-0.0146411428571,0.558
0.462703108163,0.530400267331,-0.124037871114,-1.3832054996,0.0780080046756,1.90410060299,0.155791663207,-0.00178292374344,-0.0629810550986,-0.000842533393612,-0.0959140664284,-0.00560964559478,0.0373021507674,-0.00968727730194,0.574136482751,0.818745366768,0.00201754098945,0.0,0.818701400924,-0.574075917733,-0.0120666360162,0.0,-0.0087214485506,0.00857982478369,-0.99992515867,0.0,0.658503642035,0.256713160793,0.303333236102,1.0,-0.01138,-0.0149565714286,0.57
0.462516812211,0.529096513087,-0.124035116285,-1.38524596589,0.077874075918,1.90485224634,0.155515039251,-0.00873830866045,-0.0642658526849,0.00100656282542,-0.0976865834879,-0.00695077179863,0.0339652033832,-0.0193577423191,0.574135269944,0.818746199236,0.00202483180409,0.0,0.818702376702,-0.574074721033,-0.0120573609902,0.0,-0.00870968141886,0.00858045601773,-0.999925255819,0.0,0.658265511363,0.25639637095,0.303345383881,1.0,-0.0118,-0.0155085714286,0.591
0.462424484787,0.528317914596,-0.124038108851,-1.38644371346,0.0778018099978,1.90531941634,0.155359063251,-0.00749601464432,-0.0671141143873,0.000601720939465,-0.0979960026986,-0.00649326026874,0.0382634972293,-0.0165413238172,0.574129187844,0.818750364386,0.00206479652076,0.0,0.818707105829,-0.574068510691,-0.0120319075349,0.0,-0.00866596086155,0.00859849843263,-0.999925480697,0.0,0.658114661096,0.256207779319,0.303366173326,1.0,-0.01206,-0.0158502857143,0.604
0.462235987003,0.526907604422,-0.12404570783,-1.38861409204,0.0776693657341,1.90615109704,0.15505274312,-0.0154457852954,-0.0636626696073,0.000109700949266,-0.105909537676,-0.00563185284803,0.0456543066693,-0.0172110380391,0.574121604928,0.818755535958,0.0021217901472,0.0,0.818713075503,-0.574060743043,-0.0119962576911,0.0,-0.00860413162306,0.00862461410626,-0.999925789722,0.0,0.657879149589,0.255889348227,0.303396073344,1.0,-0.01246,-0.016376,0.624
0.462130354231,0.526018126098,-0.124049936492,-1.39001188722,0.0775820212994,1.9066587473,0.154873379368,-0.00730874660449,-0.0684256081353,0.000474098665358,-0.108313203202,-0.00382236227685,0.0475360530993,-0.0158350026524,0.574116033332,0.818759450956,0.0021186415917,0.0,0.818716958354,-0.574055194238,-0.0119967901371,0.0,-0.00860643379593,0.00862228337167,-0.99992579001,0.0,0.657708755545,0.255683494399,0.303400751074,1.0,-0.01272,-0.0167177142857,0.637
0.461943810863,0.524641627122,-0.124053930502,-1.39216980818,0.0774439682581,1.90743879258,0.154579116899,-0.0135984458082,-0.0695664394648,-0.000126291904025,-0.114551357,-0.00764794193632,0.0315933466452,-0.0159190501164,0.574109447022,0.818764084275,0.00211282832559,0.0,0.818721539731,-0.574048656969,-0.0119969459997,0.0,-0.00860996801139,0.00861754400817,-0.99992580044,0.0,0.65744998712,0.255351062089,0.303409548187,1.0,-0.01312,-0.0172434285714,0.657
0.461815499233,0.523728487658,-0.124065220012,-1.39361942535,0.0773561915063,1.90796946987,0.154376653191,-0.00658144895471,-0.0714090062389,5.77607223352e-06,-0.113890218431,-0.00830549184643,0.0393653211261,-0.0206747339397,0.574111093693,0.818762954609,0.00210313113925,0.0,0.81872030369,-0.574050364122,-0.0119996115852,0.0,-0.00861770015678,0.00861115208743,-0.999925788898,0.0,0.65726521943,0.255105956025,0.303406182151,1.0,-0.0134,-0.0176114285714,0.671
0.461621941957,0.522217490054,-0.12406594716,-1.39601893093,0.0772017567407,1.90889733409,0.154056920181,-0.011099682415,-0.0751954402876,-0.000165702328168,-0.110357818303,-0.00573615347792,0.0414697324923,-0.02111951144,0.574095257362,0.818773987993,0.00213048390957,0.0,0.818731793818,-0.574034516071,-0.0119737651626,0.0,-0.00858100136433,0.00861854263927,-0.999926040834,0.0,0.656997118428,0.254767271884,0.303408321922,1.0,-0.0138,-0.0181371428571,0.691
0.461495461453,0.521267574626,-0.124073771555,-1.39755417013,0.0771178959049,1.90948932514,0.153851490161,-0.0109614021971,-0.0748349610309,-0.000581875015524,-0.117617695426,-0.00573498146148,0.0492650663224,-0.0148389538663,0.574095861232,0.818773546996,0.00213723087954,0.0,0.818731399696,-0.574035050625,-0.0119750869346,0.0,-0.00857820412594,0.0086248319313,-0.999926010607,0.0,0.65681688191,0.254536454656,0.303396577857,1.0,-0.01406,-0.0184788571429,0.704
0.46129597407,0.519742755535,-0.124077663953,-1.39995184302,0.0769649675395,1.91036787522,0.153526201161,-0.0110784981317,-0.0840345888089,0.000738594530225,-0.117695435436,-0.00598942575182,0.049342345948,-0.0160940170441,0.574082038799,0.818783239579,0.00213687033846,0.0,0.81874111769,-0.574021261704,-0.0119716421619,0.0,-0.0085757360541,0.00862241435754,-0.999926052627,0.0,0.656526276447,0.25417354055,0.303402469192,1.0,-0.01446,-0.0190045714286,0.724
0.461157628237,0.518626818208,-0.124078729413,-1.40166508438,0.0768538119358,1.91097534564,0.153311864497,-0.00942732247189,-0.0793793327586,0.000330597827217,-0.122647871013,-0.00766252187108,0.0475652345805,-0.0118600597849,0.574081350364,0.81878370725,0.0021426167758,0.0,0.818741665892,-0.574020555252,-0.0119680232614,0.0,-0.00856948137218,0.00862503464214,-0.999926083651,0.0,0.656313303077,0.253916709966,0.303423027567,1.0,-0.01474,-0.0193725714286,0.738
0.460944847691,0.517041499245,-0.124084434297,-1.4041607885,0.0766926149484,1.91187645301,0.152955591065,-0.0064065356137,-0.0829418687549,-0.000145987903213,-0.120959907468,-0.00713836243954,0.0524714533255,-0.0185657961665,0.574056449654,0.818801201899,0.00212868042944,0.0,0.818759010908,-0.573995747531,-0.0119712477933,0.0,-0.00858038376599,0.00861521415866,-0.999926074817,0.0,0.656008080852,0.253533512567,0.303425798272,1.0,-0.01514,-0.0198982857143,0.758
0.460809296973,0.51602176754,-0.12408525959,-1.40580818454,0.0765962337433,1.91250428932,0.152726122763,-0.00910820043853,-0.082206572133,-0.000844145831928,-0.125259817087,-0.0098004330706,0.0530078054618,-0.0185262231472,0.574041401685,0.818811751282,0.00212885317306,0.0,0.818769522856,-0.573980660897,-0.0119756527377,0.0,-0.00858404990924,0.00861772649833,-0.999926021702,0.0,0.655809456582,0.253288999483,0.303411400246,1.0,-0.0154,-0.02024,0.771
0.460586558347,0.51431676532,-0.124085059375,-1.4085477678,0.0764287696455,1.91350025455,0.152360547663,-0.0115845932698,-0.0783777998723,0.0012399765017,-0.133422377735,-0.00288711587126,0.0392107377142,-0.0179357735567,0.574023394615,0.81882446318,0.00209471555334,0.0,0.818781708838,-0.573962717736,-0.0120024507123,0.0,-0.00862577770239,0.00860496795414,-0.999925772488,0.0,0.655468087218,0.252880888241,0.303389143313,1.0,-0.01582,-0.020792,0.792
0.460439174494,0.513253612153,-0.124090845764,-1.41028782595,0.076320829294,1.91410313529,0.152119228213,-0.00685891719551,-0.0845561628479,-0.00161690744389,-0.136633560992,-0.00790189621323,0.0525818460448,-0.0149108526472,0.574012645048,0.818832162836,0.00202961362392,0.0,0.818788498328,-0.573952185326,-0.0120428761925,0.0,-0.00869636061653,0.00857475259912,-0.999925420684,0.0,0.655247041697,0.252611906428,0.303358438134,1.0,-0.01608,-0.0211337142857,0.805
0.460209789515,0.511566018246,-0.124094015427,-1.4129968168,0.076162452433,1.91508830853,0.151737368035,-0.0140468455655,-0.0841207605937,-0.000851383043254,-0.131399622305,-0.00794473506705,0.0504542782849,-0.0115301235197,0.573989190559,0.818848674234,0.00200118176694,0.0,0.81880450355,-0.573928723545,-0.0120727858483,0.0,-0.00873741721143,0.00856839018809,-0.999925117311,0.0,0.654910183008,0.252201756376,0.303336678264,1.0,-0.01648,-0.0216594285714,0.825
0.460056017679,0.510435800127,-0.124091510054,-1.41478143559,0.0760475058725,1.91576724178,0.15148688556,-0.0107552751491,-0.0909009492805,0.000129117635757,-0.139142939592,-0.00839170583668,0.0557706587994,-0.0221357524336,0.573970421965,0.81886178882,0.00201802413103,0.0,0.818817873007,-0.573909918861,-0.0120599659767,0.0,-0.00871744908537,0.00857462307521,-0.999925238166,0.0,0.654694255556,0.251933099623,0.303337328884,1.0,-0.01674,-0.0220011428571,0.838
0.459798709475,0.508582366575,-0.124094705426,-1.41769292242,0.075867580718,1.91681449047,0.151083746947,-0.0097967228082,-0.0879982583126,0.000152251119081,-0.13888558374,-0.00709510039521,0.0446589297283,-0.0198188339031,0.57395598015,0.81887193666,0.00200776035456,0.0,0.818827817239,-0.573895454838,-0.0120730912486,0.0,-0.00873423923152,0.00857359801805,-0.999925100436,0.0,0.654331827558,0.25148375399,0.303339442794,1.0,-0.01716,-0.0225531428571,0.859
0.459634342304,0.507413915737,-0.12410324288,-1.41953310534,0.0757485638283,1.91748207268,0.150828983479,-0.00918489266325,-0.0954686135347,-0.000547130060445,-0.142566792743,-0.0131116879637,0.0522336731515,-0.0168737894749,0.573951195113,0.818875312384,0.00199882402381,0.0,0.818831118579,-0.573890750637,-0.0120727992409,0.0,-0.0087391788866,0.00856606178716,-0.999925121866,0.0,0.654105246268,0.251194363263,0.30333897454,1.0,-0.01742,-0.0228948571429,0.872
0.459358401771,0.505466442016,-0.124114930717,-1.42255126658,0.0755660275205,1.91861894192,0.150412490589,-0.0109452936783,-0.0980419623395,-0.00157946312373,-0.148500945893,-0.0119788887689,0.0511598816617,-0.0167512269591,0.573951305913,0.818875101152,0.00205281666862,0.0,0.818831626759,-0.57389064334,-0.0120433967944,0.0,-0.00868411268567,0.00859339997954,-0.999925367047,0.0,0.6537419525,0.250722238406,0.303362770896,1.0,-0.01784,-0.0234468571429,0.893
0.459187703483,0.504216980418,-0.124120586362,-1.42444762737,0.0754525606257,1.91934740202,0.150152160177,-0.00920992080437,-0.0945473079739,-0.0011329957471,-0.145331290199,-0.00559885987557,0.0595534519761,-0.0225323800054,0.573949151203,0.818876435295,0.00212189874943,0.0,0.818833879808,-0.573888214023,-0.0120059146338,0.0,-0.00861379373639,0.00862843322313,-0.999925673587,0.0,0.653515275008,0.250429874283,0.303396456023,1.0,-0.0181,-0.0237885714286,0.906
0.458906426458,0.5022234401,-0.124124493138,-1.42737361425,0.0752595654724,1.92043231722,0.149745434375,-0.0214942403063,-0.107601429196,1.30068593854e-05,-0.146271132109,-0.0138508436348,0.0556771783942,-0.014491898031,0.573946871805,0.818877701937,0.00224599995568,0.0,0.818836883376,-0.573885545418,-0.0119283730677,0.0,-0.00847909506477,0.00868552723499,-0.999926330568,0.0,0.65316255625,0.249965430598,0.303489885601,1.0,-0.0185,-0.0243142857143,0.926
0.458727200548,0.500924136639,-0.12412130408,-1.42934761848,0.075134067637,1.92112917716,0.149454838012,-0.00810045110197,-0.0974500178626,-6.62309742178e-05,-0.156143996705,-0.011034120226,0.0536214433852,-0.023612030675,0.57392008763,0.818896420003,0.00226566174895,0.0,0.818855799949,-0.573858626368,-0.0119248787873,0.0,-0.0084652339908,0.00869934523178,-0.999926327889,0.0,0.652911317901,0.249660299436,0.303517417408,1.0,-0.01876,-0.024656,0.939
0.458423527164,0.498817765141,-0.124128128469,-1.43257936147,0.0749249606437,1.9223052372,0.149009962821,-0.0201295302433,-0.103365171653,6.28918359348e-05,-0.153030829531,-0.00302954618876,0.0544648073435,-0.0219261836061,0.573917173866,0.818898358313,0.00230286677289,0.0,0.818858266139,-0.573855609044,-0.0119007077745,0.0,-0.00842411923523,0.00871590987403,-0.999926530866,0.0,0.65251049558,0.249148634301,0.30355062503,1.0,-0.01918,-0.025208,0.96
0.458231113606,0.497554236577,-0.124128445165,-1.43458418831,0.0748067021573,1.92305528652,0.148707775423,-0.0166795471893,-0.0942332227077,0.000249773693284,-0.155322419905,-0.0114545368038,0.0505793279651,-0.0336967459925,0.573897519166,0.818912106544,0.00231217475221,0.0,0.818872060632,-0.573835842289,-0.0119046764725,0.0,-0.00842223709549,0.00872560759289,-0.999926462143,0.0,0.652263397654,0.248833586737,0.303542385078,1.0,-0.01944,-0.0255497142857,0.973
0.457930044261,0.49556441658,-0.124126423878,-1.43776261834,0.0746097042798,1.92415588121,0.148243920478,-0.0113903706505,-0.101078308758,-0.000389650448674,-0.160117573703,-0.0124959210265,0.0498254648825,-0.0211157442122,0.57386984533,0.818931702345,0.00223928923522,0.0,0.818890515435,-0.573808268542,-0.0119641792566,0.0,-0.00851308691023,0.00869978191327,-0.999925917829,0.0,0.651851074051,0.248330821601,0.303511508435,1.0,-0.01984,-0.0260754285714,0.993
0.45770276324,0.494184592287,-0.124126179897,-1.44004216644,0.0744772033665,1.92495536578,0.147934608205,-0.0147913253207,-0.0996338218475,-0.00370768415786,-0.16734820145,-0.00750584102175,0.0600592582829,-0.0236490306042,0.573881531659,0.818923730823,0.00215815131387,0.0,0.818881276907,-0.573820077894,-0.0120299392197,0.0,-0.00861337798652,0.00867119659621,-0.999925307245,0.0,0.651557672885,0.24796370083,0.303456944416,1.0,-0.0251948571429,-0.0331132408163,1.007
0.457310795039,0.490934833112,-0.124233253507,-1.44487475762,0.0742091012242,1.92679443203,0.147212548754,-0.0232289483615,-0.185541497068,-0.00376632263619,-0.285720423436,-0.00760705977596,0.118461905074,-0.0444434832766,0.57385887179,0.818939023638,0.00237017557854,0.0,0.818899581399,-0.573796812921,-0.0118928536485,0.0,-0.00837968409703,0.00876592413741,-0.999926467031,0.0,0.650971350705,0.247196886917,0.303580733755,1.0,-0.0425777142857,-0.0559592816327,1.027
0.4569397309,0.488029048555,-0.124251594444,-1.44952686237,0.0739716780371,1.92857417824,0.146503118517,-0.0328608237325,-0.240701523558,-0.00145738342643,-0.386204335229,-0.0137342151065,0.144227815101,-0.0576419567559,0.573764163101,0.819005241641,0.00241789315,0.0,0.818966036687,-0.573701525453,-0.0119137461549,0.0,-0.00837043271665,0.0088160226979,-0.99992610407,0.0,0.650377523898,0.246513741155,0.303541655712,1.0,-0.0538765714286,-0.0708092081633,1.04
0.456056876997,0.482074824837,-0.124393770355,-1.45898113396,0.0734132466437,1.93203339224,0.145056022097,-0.0473326624505,-0.325333456702,-0.0113857563557,-0.526156270682,-0.0351133359275,0.182049751629,-0.0870384146476,0.573720948759,0.819035663937,0.00236665482525,0.0,0.818995877536,-0.573658609697,-0.0119289144569,0.0,-0.00841271642641,0.00878231775212,-0.999926045814,0.0,0.64918805315,0.244959504776,0.303479454692,1.0,-0.0712594285714,-0.0936552489796,1.06
0.455254826209,0.47683769171,-0.124532613295,-1.46730601934,0.0729212986796,1.93491090562,0.143831166758,-0.0647429731708,-0.392779302657,-0.0110839394366,-0.62290858039,-0.0429972893916,0.221329284195,-0.0892294922189,0.573747440882,0.81901762601,0.00217928140826,0.0,0.818975228044,-0.573685693667,-0.0120435723054,0.0,-0.00861384127499,0.00869491368164,-0.999925097302,0.0,0.648102821599,0.243557196099,0.303399669316,1.0,-0.0834274285714,-0.109647477551,1.074
0.453832239862,0.46787229393,-0.124707333166,-1.48112417842,0.072116543096,1.93990055727,0.141757525881,-0.0771242403239,-0.483696867516,-0.00658473946634,-0.730409253826,-0.0416872009173,0.27855471318,-0.117080918805,0.573786847854,0.818989687485,0.0023004180357,0.0,0.818948619442,-0.573724334985,-0.0120122046805,0.0,-0.00851822995186,0.00877653820941,-0.99992520327,0.0,0.646333704977,0.241225778934,0.303457164846,1.0,-0.100810285714,-0.132493518367,1.094
0.452751057076,0.461243770084,-0.124792504672,-1.49135278107,0.0714637082999,1.94362754565,0.140093825798,-0.0843705519096,-0.516887936099,-0.00237886760688,-0.787862839353,-0.0506928042987,0.287553478254,-0.120486147184,0.573676061396,0.819067032423,0.00239162735482,0.0,0.819027270452,-0.57361331374,-0.0119517135549,0.0,-0.00841754732544,0.00881538970705,-0.999925714141,0.0,0.645008865591,0.239503901386,0.303483582751,1.0,-0.112109142857,-0.147343444898,1.107
0.450632039158,0.448997127552,-0.125015878769,-1.51012609663,0.070214282259,1.95023442494,0.137178713816,-0.101300281528,-0.627479900433,-0.0119342917782,-0.918549369992,-0.0785917062689,0.347691745469,-0.150126799084,0.573708807541,0.819044060938,0.0024035999837,0.0,0.819004935387,-0.573646512513,-0.0118887086642,0.0,-0.00835872040678,0.00878938634321,-0.999926436535,0.0,0.642533536815,0.236202942668,0.30354167327,1.0,-0.130361142857,-0.171331787755,1.128
0.44899551009,0.439924053587,-0.125133106886,-1.52407481475,0.0693009657216,1.95508476128,0.135023251618,-0.117682396567,-0.662202960548,-0.0112441390586,-1.01512971067,-0.0682681905688,0.354570787346,-0.159493114619,0.573730058189,0.819029348855,0.00234370331261,0.0,0.818989183194,-0.573667726225,-0.011950087894,0.0,-0.00844312831266,0.00877576124503,-0.99992584705,0.0,0.640493301845,0.233564345851,0.303530506611,1.0,-0.143398285714,-0.188466318367,1.143
0.446480086232,0.426304320843,-0.125310984086,-1.54458841657,0.0679228127028,1.9622049173,0.131662210852,-0.144881401448,-0.731946112121,-0.0120226541533,-1.11571807957,-0.0829031513325,0.392068629694,-0.184082132659,0.573696040091,0.81905262363,0.00252986384188,0.0,0.819014967412,-0.573633074983,-0.0118458998223,0.0,-0.00825136061809,0.00886811291005,-0.999926633119,0.0,0.637835237941,0.230066190278,0.303680601368,1.0,-0.159042857143,-0.209027755102,1.161
0.444529943029,0.416328491186,-0.125442756382,-1.55953914202,0.0668657393081,1.96740841668,0.129154552231,-0.159492981813,-0.772138056883,-0.00807529249217,-1.16558225217,-0.0766926402874,0.423493732088,-0.191727878831,0.573673939259,0.819067627427,0.00267955521514,0.0,0.81903230698,-0.573610850793,-0.0117225797953,0.0,-0.00806471894439,0.00891975255186,-0.999927696547,0.0,0.63577412908,0.227313215671,0.303791031433,1.0,-0.170341714286,-0.223877681633,1.174
0.440619495922,0.397152315685,-0.125678417212,-1.58806952935,0.0649143211825,1.97730274941,0.12432193004,-0.174448499083,-0.864030227109,-0.0104372086184,-1.26613501839,-0.0871788436874,0.454173843774,-0.219793177854,0.573709729073,0.819041037236,0.00311014318718,0.0,0.819011237364,-0.573645127325,-0.0115155490233,0.0,-0.00764773597442,0.0091540009733,-0.99992885567,0.0,0.631760806689,0.221985708471,0.304023333372,1.0,-0.190332,-0.250150628571,1.197
0.438518739918,0.38751185343,-0.125785047507,-1.60262399445,0.0638270654839,1.98224301513,0.121816930456,-0.195553566998,-0.861991509669,-0.011547551923,-1.35092646015,-0.107799839575,0.459417376243,-0.235305361908,0.573717553185,0.81903567206,0.00307960407839,0.0,0.819005749036,-0.57365337015,-0.0114952539403,0.0,-0.00764854503642,0.00911741794739,-0.999929183717,0.0,0.629655797411,0.219201913329,0.304002640154,1.0,-0.199892571429,-0.26271595102,1.208
0.434363950738,0.368828975443,-0.125993737021,-1.63038949981,0.0617506136078,1.9914332097,0.116810999618,-0.220843003902,-0.952671065559,-0.00702414539253,-1.42610109422,-0.116820546922,0.469222052004,-0.253682361048,0.57362148116,0.819102873178,0.00310264487205,0.0,0.819073312124,-0.573557316101,-0.011474380747,0.0,-0.00761930026729,0.00912342054527,-0.999929352235,0.0,0.625525724191,0.213816445778,0.30407069877,1.0,-0.217275428571,-0.285561991837,1.228
0.431132426237,0.355095900397,-0.126147142514,-1.65068200718,0.0601778383317,1.99810224317,0.113120912455,-0.236015652817,-0.990795588254,-0.0120557327965,-1.4712076127,-0.111459469915,0.463240218024,-0.27804498649,0.57362765813,0.819098443315,0.0031299981765,0.0,0.819069483391,-0.57356370702,-0.0114281349254,0.0,-0.00756565983267,0.00911935583933,-0.999929796606,0.0,0.622453967196,0.209776623853,0.304111930248,1.0,-0.229443428571,-0.301554220408,1.242
0.425947152894,0.334469181459,-0.126415210987,-1.68107298927,0.0578675146579,2.00794890472,0.107345381506,-0.268491047724,-1.04961089808,-0.0161208161187,-1.57457004655,-0.131086138647,0.497248203298,-0.298461194147,0.573698004977,0.819049092267,0.00315126052809,0.0,0.819020036876,-0.573633534004,-0.0114671166178,0.0,-0.00758460877069,0.00915978379463,-0.999929283535,0.0,0.617760379989,0.203538937993,0.304110866691,1.0,-0.246826285714,-0.324400261224,1.262
0.42209177072,0.319362604835,-0.126522648606,-1.70304649882,0.0561019116768,2.01492913693,0.103033800752,-0.276798012617,-1.08888747189,-0.00636891276078,-1.59008294829,-0.115557771521,0.488846030749,-0.308849941287,0.573576205755,0.819134202667,0.00320017404256,0.0,0.819105617998,-0.573511406872,-0.0114629687996,0.0,-0.0075545189384,0.00919634374573,-0.999929175745,0.0,0.614244532498,0.199036177695,0.304151509822,1.0,-0.258994285714,-0.340392489796,1.276
0.415987755884,0.296862171336,-0.126771227958,-1.73573708565,0.0533578877633,2.02505580936,0.0963536367822,-0.329357985069,-1.14384779701,-0.0227346969882,-1.64762599454,-0.138924217178,0.503412144539,-0.346534099078,0.573429158105,0.819237761009,0.00303948561466,0.0,0.81920715207,-0.573364940355,-0.0115340396521,0.0,-0.00770653470645,0.00910409828348,-0.999928859828,0.0,0.6088889044,0.19209856711,0.304097608497,1.0,-0.276377142857,-0.363238530612,1.296
0.411666542369,0.281619428474,-0.126934902976,-1.75740337761,0.0515776007346,2.03170522437,0.0918206595577,-0.332396596211,-1.18150297715,-0.013148231092,-1.71102381922,-0.135742531894,0.497931183293,-0.358912164043,0.573432984043,0.819234449834,0.00320560729389,0.0,0.819205628113,-0.573367813601,-0.0114993954389,0.0,-0.00758285484387,0.00922036169839,-0.999928740082,0.0,0.605274604338,0.187390555991,0.304190997548,1.0,-0.287676,-0.378088457143,1.309
0.403925554607,0.25619419811,-0.127313495849,-1.79337754938,0.0484248990607,2.04244229339,0.083877742766,-0.384601356192,-1.22647619508,-0.0274446770892,-1.71374042278,-0.151603811154,0.501920693568,-0.378648392158,0.573482673813,0.81919947969,0.00325303137678,0.0,0.819171444775,-0.573417565519,-0.0114536683974,0.0,-0.00751763859687,0.0092334485628,-0.999929111756,0.0,0.59914593032,0.179226144855,0.304256078987,1.0,-0.305928,-0.4020768,1.33
0.398695855952,0.239874938312,-0.127569069011,-1.81626982387,0.0463391689281,2.04916621166,0.0786893510639,-0.413712542288,-1.25735155694,-0.0208123209142,-1.78464290914,-0.167264490761,0.498981896639,-0.410294989341,0.573575445621,0.819134368829,0.00329254981514,0.0,0.819107172411,-0.573510614085,-0.0113913361137,0.0,-0.00744286594944,0.00923091958052,-0.999929694464,0.0,0.595154522827,0.173896703955,0.304282968277,1.0,-0.317226857143,-0.416926726531,1.343
0.390175415971,0.214024801232,-0.127857351953,-1.85192215288,0.0430914109583,2.05944611042,0.0700959478961,-0.446392658842,-1.31454498171,-0.0177325422281,-1.80478925482,-0.17864683037,0.5302747347,-0.442989912496,0.573425362183,0.819238037817,0.00362467944058,0.0,0.819214976651,-0.57335945744,-0.011247288388,0.0,-0.00713609962433,0.00941905344672,-0.999930176319,0.0,0.588749405439,0.16555460832,0.304424715089,1.0,-0.334609714286,-0.439772767347,1.363
0.384150935971,0.196819295346,-0.128091519419,-1.87559776919,0.0408156006639,2.06584173146,0.0641643658694,-0.473078739049,-1.34006544837,-0.0181507537232,-1.80464790029,-0.171836480795,0.501850020514,-0.457743446204,0.573363704629,0.819281722075,0.00350271167055,0.0,0.819256758437,-0.573297702978,-0.0113514059476,0.0,-0.00729204325223,0.00937828493687,-0.999929434449,0.0,0.584340378754,0.15982526842,0.304402610049,1.0,-0.345908571429,-0.454622693878,1.376
0.372396763674,0.165238960912,-0.128708836588,-1.91846454757,0.0365901760512,2.07715161518,0.0529203064584,-0.528286484041,-1.40476550199,-0.0255552265869,-1.90337065711,-0.206925707969,0.470407015581,-0.504822495313,0.573513055447,0.819177559053,0.00341304518422,0.0,0.81915106805,-0.573446817993,-0.0114464643768,0.0,-0.00741962969828,0.00936067658879,-0.99992866087,0.0,0.576187895441,0.149026136164,0.304382416324,1.0,-0.365898857143,-0.480895640816,1.399
