position_joint1,position_joint2,position_joint3,position_joint4,position_joint5,position_joint6,position_joint7,velocity_joint1,velocity_joint2,velocity_joint3,velocity_joint4,velocity_joint5,velocity_joint6,velocity_joint7,ee_T_00,ee_T_10,ee_T_20,ee_T_30,ee_T_01,ee_T_11,ee_T_21,ee_T_31,ee_T_02,ee_T_12,ee_T_22,ee_T_32,ee_T_03,ee_T_13,ee_T_23,ee_T_33,v_x,v_y,time
0.465063931342,0.547770717904,-0.124016582608,-1.35585085029,0.0794708997029,1.89409395979,0.159142771422,-0.00110898147875,-0.000760066707523,-0.000959040196391,0.000300185519387,-0.000240154758915,0.000437494900698,-0.000593266102236,0.57381309912,0.818972297363,0.00191058427862,0.0,0.818929017387,-0.573755059204,-0.0118803796581,0.0,-0.00863366065094,0.00838191175403,-0.999927599109,0.0,0.661682570169,0.260860632574,0.303213603103,1.0,0.0,0.0,0.0
0.465068644916,0.547768823588,-0.124016509213,-1.35585335613,0.0794691464247,1.89409314165,0.15914406149,0.00123414635562,-0.00089046192711,-0.00105056170863,-0.000418689882695,0.000260439470125,5.75072160988e-05,0.00086059472508,0.573809907178,0.818974538506,0.00190856087359,0.0,0.818931244095,-0.573751887569,-0.0118800613406,0.0,-0.00863459359273,0.00838003836744,-0.999927606755,0.0,0.661680734407,0.260863181327,0.30321367568,1.0,-0.00014,-0.000184,0.008
0.465066296006,0.547768907997,-0.124013980463,-1.35585177179,0.0794692454393,1.89409314165,0.159143735201,0.00100632518456,-0.00230998563319,0.00020112024275,0.000736003881883,-1.97533480896e-05,5.85122655387e-05,-0.000641048769071,0.573809736789,0.818974653426,0.00191047454193,0.0,0.81893137175,-0.573751697471,-0.0118804424695,0.0,-0.00863380947021,0.00838182247974,-0.999927598572,0.0,0.661681122085,0.260863293902,0.303214286367,1.0,-0.00034,-0.000446857142857,0.018
0.465062827959,0.547762999976,-0.12401621692,-1.35585978746,0.0794690670244,1.89409162013,0.159144582551,0.0019811355597,0.000416296669515,0.000362086723895,-0.00321557740227,-0.000141409598726,2.51491744953e-05,0.00120142449814,0.573815202747,0.818970831383,0.00190718137679,0.0,0.818927509997,-0.573757179449,-0.0118818896828,0.0,-0.00863682835016,0.00838001357456,-0.999927587662,0.0,0.661680565094,0.260858697983,0.30321459821,1.0,-0.00066,-0.000867428571429,0.034
0.46506586498,0.547729660888,-0.124013801554,-1.35589262933,0.0794686727319,1.89409858239,0.159148510293,5.9914537515e-05,0.000993197474505,0.00075097351236,-0.00337238252981,9.79904664479e-05,-0.00036196872134,0.0010347829063,0.573815922937,0.818970307457,0.0019154604435,0.0,0.81892706047,-0.573757832914,-0.0118813172988,0.0,-0.00863160183318,0.00838647290755,-0.999927578639,0.0,0.661673982711,0.260859055518,0.303223108601,1.0,-0.001,-0.00131428571429,0.051
0.46506621832,0.547602803689,-0.124009403464,-1.35601762214,0.0794699951543,1.89412219978,0.159142343288,7.66855962839e-05,-0.00917580172439,0.00162751681334,-0.0122155539301,0.000330796195987,0.0034244333698,6.83506325598e-05,0.573814625126,0.818971146593,0.00194523543489,0.0,0.818928154275,-0.573756282997,-0.0118807726036,0.0,-0.00861408475671,0.00841053107085,-0.999927527629,0.0,0.661652218518,0.260850487687,0.303255390087,1.0,-0.00132,-0.00173485714286,0.067
0.465056388162,0.547469200419,-0.124013802528,-1.35620127805,0.0794659501737,1.8941705768,0.159132894709,-0.00174600848763,-0.00720230694138,-0.00018369243212,-0.00981603917749,0.000241460730555,0.000931020064414,-0.00136856047775,0.57382706467,0.818962424994,0.0019476142382,0.0,0.818919396177,-0.573768645341,-0.0118874340728,0.0,-0.00861804777624,0.00841643251879,-0.999927443826,0.0,0.661627089699,0.260824021147,0.303266957937,1.0,-0.00166,-0.00218171428571,0.084
0.465039959184,0.547296769224,-0.124013790192,-1.35641925627,0.0794581362286,1.89428513041,0.159136885212,0.00207949545987,-0.00689682683018,-0.000337995239206,-0.0139139930743,-0.00145622952148,0.0101441090708,-0.00214427160638,0.573854094875,0.818943338164,0.00200837565221,0.0,0.818901098833,-0.573795422576,-0.0118553895799,0.0,-0.00855666030398,0.0084480875371,-0.999927704077,0.0,0.661609236845,0.260796074511,0.303295283449,1.0,-0.002,-0.00262857142857,0.101
0.465016276992,0.547096696085,-0.124019409935,-1.35663656464,0.0794558961315,1.8944065715,0.159119064931,-0.000145345376507,-0.0103236350945,-0.000520313696504,-0.0136186648007,-0.000129825190131,0.00892533953386,-0.000988037668428,0.573874570565,0.818928756168,0.00210154263999,0.0,0.818887715468,-0.573815510329,-0.0118074748989,0.0,-0.0084637459233,0.00849710063398,-0.999928079557,0.0,0.661596508021,0.260761888066,0.303344295257,1.0,-0.00234,-0.00307542857143,0.118
0.464983309049,0.546890117905,-0.124014123168,-1.35691657299,0.0794484871942,1.89453887857,0.159108109909,-0.00224930420443,-0.0179881372748,0.000826095774618,-0.0215572302861,7.10920416516e-05,0.0150335569692,0.00142732063313,0.573902759957,0.818908856183,0.00215737798378,0.0,0.818868469941,-0.573843405723,-0.0117864984295,0.0,-0.0084142328177,0.00853107703724,-0.999928208128,0.0,0.661571926579,0.260720405197,0.303368636302,1.0,-0.00268,-0.00352228571429,0.135
0.464950243654,0.546639302658,-0.12401690735,-1.3572894521,0.0794404477433,1.89467109905,0.15907818247,-0.00276107027242,-0.017093755831,-0.000730901177336,-0.0247826744523,-0.00196438659989,0.00888505913203,0.00103993488177,0.57392595317,0.818892558917,0.00217350616591,0.0,0.818852259627,-0.573866408864,-0.0117927342902,0.0,-0.00840984209696,0.00854810128067,-0.999928099675,0.0,0.661529080378,0.260663626861,0.303380349262,1.0,-0.00302,-0.00396914285714,0.152
0.464914768146,0.546360959198,-0.124021789305,-1.35771064459,0.079425101277,1.89483617475,0.158943695036,0.000296340256032,-0.0194257451317,0.00122780342095,-0.0265016148635,-0.00231650385107,0.0038662908183,-0.00275887943651,0.573867831622,0.818933226951,0.00219739077897,0.0,0.818893175177,-0.573808137775,-0.0117870934891,0.0,-0.00839212337098,0.00856382697404,-0.999928113983,0.0,0.661483921155,0.260599715742,0.303391456189,1.0,-0.00336,-0.004416,0.169
0.464878845349,0.546094797317,-0.124020011623,-1.3581830994,0.0794048689268,1.89498382756,0.158922771576,-0.00216848641412,-0.0173706683633,-7.20289038144e-05,-0.0313370639344,0.000220184028354,0.0122121380725,-0.000606557648822,0.573899813905,0.818910935351,0.0021518512502,0.0,0.818870169374,-0.573840169835,-0.0118259077867,0.0,-0.00844970920321,0.00854913767316,-0.99992775472,0.0,0.661422018491,0.260531133643,0.303367777871,1.0,-0.00368,-0.00483657142857,0.185
0.46482053356,0.545763470365,-0.124013865475,-1.35873776299,0.0793500967341,1.89517610832,0.158873285705,-0.00674572282919,-0.0198326864487,0.000639946914699,-0.0334448744007,-0.00174688367671,0.0088377108082,-0.00608820343174,0.573919161049,0.818897473673,0.00211449600021,0.0,0.818856360751,-0.573859802328,-0.0118293969291,0.0,-0.00847380215055,0.00852075011164,-0.99992779314,0.0,0.661358582381,0.260438812317,0.303354760992,1.0,-0.00402,-0.00528342857143,0.202
0.464765663725,0.545422961608,-0.124014812743,-1.35932743484,0.0792961711482,1.89537006632,0.158773037383,-0.00529667959183,-0.0205242317504,0.000833843340022,-0.0378047188365,-0.000587481005377,0.0174456743954,-0.00955906985958,0.573901179941,0.818910221545,0.00205708837574,0.0,0.818868489976,-0.57384218054,-0.0118446130704,0.0,-0.00851939465922,0.0084822855793,-0.999927732762,0.0,0.661288302936,0.260340877852,0.303331940255,1.0,-0.00434,-0.005704,0.218
0.464708559394,0.545009138128,-0.124020103539,-1.36002513588,0.0792781947154,1.89558749919,0.158684974153,-0.00543935524079,-0.0223281761679,-0.00203346406402,-0.0381496174811,7.78418534984e-05,0.0132755541132,-0.00397196322034,0.573913485127,0.818901707519,0.00201293651909,0.0,0.818859146697,-0.573854410972,-0.011897889734,0.0,-0.00858823506868,0.00847683404859,-0.999927190101,0.0,0.661199306434,0.260234507527,0.303311819904,1.0,-0.00468,-0.00615085714286,0.235
0.464637535493,0.544587987565,-0.124020104511,-1.36074448122,0.0792478043814,1.8958373644,0.15863398473,-0.00372150206003,-0.023898157317,-0.00129415264358,-0.0398649706258,-0.00449723431561,0.00873926209976,-0.00861378104103,0.573961901251,0.81886785961,0.00197770371533,0.0,0.818824694015,-0.573902823311,-0.0119338497013,0.0,-0.0086374025127,0.00846913076038,-0.999926831874,0.0,0.66111501294,0.260119722126,0.303289167405,1.0,-0.00502,-0.00659771428571,0.252
0.464573496855,0.544116972579,-0.1240173546,-1.36152579705,0.079215820565,1.89611647736,0.158508741055,-0.00241369317265,-0.0312887074794,3.03399335872e-05,-0.0487574621756,-0.00128437874731,0.0100653529212,-0.0135397469799,0.573944892262,0.818879824525,0.00195972800534,0.0,0.818836245794,-0.573885716696,-0.011963847551,0.0,-0.00867246044404,0.00847144861798,-0.999926508794,0.0,0.661021159357,0.260006182002,0.30327471204,1.0,-0.00536,-0.00704457142857,0.269
0.464501111746,0.543606431247,-0.12402329235,-1.36235518765,0.0791737536189,1.89640378275,0.15840351837,-0.00760025327688,-0.0295775445901,-0.000413099637608,-0.0494163910647,-0.000928336571751,0.0205145074726,-0.00588947588054,0.573957063088,0.818871351186,0.00193567574872,0.0,0.81882737925,-0.573897910266,-0.0119857617476,0.0,-0.00870408423072,0.00846445987903,-0.999926293202,0.0,0.660923531626,0.259875834414,0.303266270038,1.0,-0.0057,-0.00749142857143,0.286
0.464422342455,0.543094543319,-0.124026215495,-1.36315725348,0.0791204862601,1.89669149917,0.158312573095,-0.00220973587816,-0.0241730853383,-0.000984705806523,-0.0541408796692,-0.000552135697708,0.0135610301673,-0.00729428442218,0.573979526858,0.818855618928,0.00193002552431,0.0,0.818811614439,-0.57392043527,-0.0119841954945,0.0,-0.00870581234389,0.00845917304048,-0.999926322897,0.0,0.660833793469,0.259744502062,0.303271640314,1.0,-0.00602,-0.007912,0.302
0.464347826006,0.542515996705,-0.12402968815,-1.36406178148,0.0790626036767,1.89701204697,0.158193776334,-0.00224541621795,-0.0320283541293,-0.00282426553354,-0.0524766875065,-0.00464957601953,0.011726945238,0.000606659019194,0.573980467716,0.818854976049,0.00192296151315,0.0,0.818810898553,-0.573921424644,-0.0119857267742,0.0,-0.00871111091533,0.00845427767527,-0.999926318153,0.0,0.660727903944,0.259605863163,0.303278190907,1.0,-0.00636,-0.00835885714286,0.319
0.464262098858,0.541911921276,-0.124036834297,-1.36498892857,0.0790101004549,1.89736663539,0.158066853248,-0.00891864163222,-0.0390186715923,-0.00255325911756,-0.0562740841138,-0.00474936513551,0.0226529725615,-0.0112710071248,0.573989308443,0.818848716309,0.00194948538132,0.0,0.818804997199,-0.573930163921,-0.0119703969903,0.0,-0.00868324292409,0.00846729128404,-0.999926450431,0.0,0.660627573761,0.259458527875,0.303295037631,1.0,-0.0067,-0.00880571428571,0.336
0.464175231257,0.541264996626,-0.124035368082,-1.36597181728,0.0789532521882,1.89773307555,0.157943720246,-0.00770730282109,-0.0373123665773,0.00130999878604,-0.0605246001675,-0.00325193672177,0.02142920131,-0.00855302465832,0.573997945421,0.818842595713,0.00197711927561,0.0,0.818799203023,-0.573938650341,-0.0119598358507,0.0,-0.00865864456938,0.00848394823529,-0.999926522549,0.0,0.660516281224,0.259309488109,0.303316301719,1.0,-0.00704,-0.00925257142857,0.353
0.464093167307,0.540572840407,-0.12403857863,-1.36704283632,0.0788872099455,1.89812493227,0.157801199459,-0.00457452253858,-0.038293590654,-0.00101569586837,-0.06527857411,-0.000578578533189,0.0316593481743,-0.011988815874,0.573992377672,0.818846475559,0.00198664060783,0.0,0.818803218473,-0.573933054637,-0.0119534561621,0.0,-0.00864801323764,0.00848802386831,-0.999926579964,0.0,0.660391056956,0.259151287184,0.303329843947,1.0,-0.00738,-0.00969942857143,0.37
0.463988488918,0.539841792099,-0.124034100011,-1.36814988787,0.078820997235,1.89854065164,0.157673223044,-0.0095062059717,-0.043953362223,-0.00066384491315,-0.0623559622052,-0.00986824398514,0.030365151387,-0.0122784267661,0.574013752511,0.818831406125,0.00202167573256,0.0,0.818788578758,-0.573954254351,-0.0119383461474,0.0,-0.0086153092465,0.0085082636811,-0.999926690261,0.0,0.660267199134,0.258980448462,0.30335542761,1.0,-0.00772,-0.0101462857143,0.387
0.463893301082,0.539125113194,-0.124041779104,-1.36924871203,0.0787667291826,1.89895082274,0.157529608118,-0.00418909338194,-0.0461426897826,-0.000850259730631,-0.0668256304099,-0.00451762522933,0.0204787727998,-0.0148073217836,0.574025750235,0.818822924553,0.0020501696316,0.0,0.818780392495,-0.573966057463,-0.0119323362322,0.0,-0.00859390812917,0.00852827114903,-0.999926703981,0.0,0.660143201879,0.25881117638,0.303374597369,1.0,-0.00804,-0.0105668571429,0.403
0.463778675503,0.538358863067,-0.124045002142,-1.37043811712,0.0787022309788,1.8994132442,0.157391233056,-0.00683499473052,-0.0468413031511,-0.00150033578961,-0.0672176507723,-0.00117952909798,0.0229047579314,-0.00226327240293,0.574057147669,0.818800823789,0.00208544323309,0.0,0.818758722681,-0.573997277599,-0.0119174763941,0.0,-0.00856116557957,0.00854895193778,-0.999926808254,0.0,0.660014326903,0.258623455887,0.30338992904,1.0,-0.00838,-0.0110137142857,0.42
0.463670715729,0.537573266087,-0.124053843396,-1.37168263836,0.0786167360845,1.89988787154,0.157226546496,-0.0104120636979,-0.0491845805619,-0.00122814543627,-0.0746949859395,-0.0138522152041,0.028625768351,-0.00800957185806,0.574062756748,0.818796880541,0.00208964893296,0.0,0.81875497582,-0.574003010329,-0.0118987648104,0.0,-0.0085433712174,0.00854171264499,-0.999927022314,0.0,0.65987609505,0.258428037331,0.303393769208,1.0,-0.00872,-0.0114605714286,0.437
0.463546063198,0.536641879327,-0.124057043318,-1.37312214508,0.078540003754,1.90042348431,0.157057847982,-0.00540746811172,-0.0454336408908,-0.000672932612938,-0.0659784250612,-0.00135917953403,0.0190210448414,-0.0143783861121,0.574087663393,0.818779346565,0.00211737538218,0.0,0.818737717761,-0.574027716156,-0.0118944315688,0.0,-0.00852364685939,0.00856218636338,-0.999927015541,0.0,0.659710901061,0.25820921477,0.303412708562,1.0,-0.0091,-0.01196,0.456
0.463439496064,0.535785202128,-0.12406346197,-1.37449307953,0.0784651725986,1.90092396214,0.156892781314,0.000521876401972,-0.0453154262583,0.000343457277127,-0.0837368082825,-0.00253701141609,0.0252731149679,-0.0132066935296,0.574099591157,0.818771008502,0.00210759846901,0.0,0.818729184673,-0.574039614143,-0.0119075799276,0.0,-0.00853990063376,0.00856185398647,-0.999926879703,0.0,0.659548247678,0.258005553684,0.303408435038,1.0,-0.00944,-0.0124068571429,0.473
0.463328800742,0.534934035164,-0.12406423255,-1.37582704729,0.0783843578955,1.9014091193,0.156734208019,-0.00986742499383,-0.0495188526698,-0.00136398355944,-0.0802528919979,-0.00337402850931,0.0346078479809,-0.00934653250329,0.574112418176,0.818762010816,0.00210899043013,0.0,0.81872018371,-0.574052412439,-0.0119094692966,0.0,-0.00854051441614,0.00856421213706,-0.999926854267,0.0,0.659390765601,0.257804779822,0.303416170296,1.0,-0.00976,-0.0128274285714,0.489
0.463212617562,0.534042067747,-0.124067349803,-1.37730382752,0.0783062221126,1.90194323633,0.156552464803,-0.00499741597571,-0.0520161792526,0.000184323768716,-0.0869072045002,-0.00604692652047,0.0284470087781,-0.00443254088985,0.574120926882,0.818756144817,0.00206967188531,0.0,0.818713677686,-0.574060953664,-0.0119449717416,0.0,-0.00859206662075,0.00855249159065,-0.999926512939,0.0,0.659212385927,0.257586370749,0.303388910108,1.0,-0.0101,-0.0132742857143,0.506
0.463083750188,0.533133182826,-0.124064297649,-1.37877790732,0.0782224136133,1.90250243803,0.156357968714,-0.00935523696449,-0.0496331282732,0.000810114992354,-0.0829762063298,-0.00250279177176,0.0364822642979,-0.010013527583,0.574123345357,0.818754457522,0.0020662779714,0.0,0.818711878781,-0.574063318849,-0.011954597258,0.0,-0.00860187101566,0.00855526440558,-0.999926404925,0.0,0.659041886659,0.257364528335,0.303376647712,1.0,-0.01044,-0.0137211428571,0.523
0.462966658453,0.532291905941,-0.124065256498,-1.3801616713,0.0781451494972,1.90301852141,0.156190730499,-0.0023633263784,-0.0545244115444,0.000689041724476,-0.0942866609218,-0.00387121171242,0.0333850637464,-0.00634446441956,0.574137897447,0.81874430625,0.00204514074364,0.0,0.818701380846,-0.57407788657,-0.0119739740298,0.0,-0.00862971913304,0.00854923642367,-0.99992621653,0.0,0.658879199741,0.257156105214,0.303355931649,1.0,-0.01074,-0.0141154285714,0.538
0.462822844958,0.53124137947,-0.124065177594,-1.38185070398,0.0780482066208,1.90362869857,0.155978191739,-0.0110018035616,-0.0602165069889,0.00148457029614,-0.0951001018002,-0.00505131462202,0.0352645906493,-0.00326975383343,0.574147546592,0.818737594406,0.00202315317633,0.0,0.818694286235,-0.574087531975,-0.0119965919386,0.0,-0.00866076055756,0.00854432227934,-0.999925990153,0.0,0.65867693853,0.256900425702,0.303345330275,1.0,-0.0111,-0.0145885714286,0.556
0.462688567571,0.53027237139,-0.124068759957,-1.38340042651,0.0779503428378,1.90416657738,0.155780871892,-0.0090402491704,-0.0633991712069,-0.00100457551806,-0.093557826888,-0.0063614339088,0.036259089432,-0.00593548224273,0.574154106392,0.818733069558,0.00199244222157,0.0,0.818689375001,-0.574094235149,-0.0120109670645,0.0,-0.00869009365107,0.00852750151978,-0.999925879248,0.0,0.658477905295,0.256642857448,0.303345553873,1.0,-0.01144,-0.0150354285714,0.573
0.462554715585,0.529297205284,-0.124071506309,-1.38494965793,0.0778517291002,1.90474118416,0.155563670693,-0.00987659405843,-0.0621258256366,-0.000850781155845,-0.0966319319473,-0.00628252738379,0.0381715592511,-0.0153188849732,0.57414751629,0.818737720233,0.00198038053087,0.0,0.818693866864,-0.574087695876,-0.0120173501353,0.0,-0.00870231330362,0.00852122118718,-0.999925826515,0.0,0.658307175056,0.256421581092,0.303336570976,1.0,-0.01174,-0.0154297142857,0.588
0.462405913454,0.528140789974,-0.124071474093,-1.38674818215,0.0777374577114,1.90544144175,0.155311245321,-0.00652452484665,-0.0569336863373,-0.000643081657087,-0.102393757518,-0.0151240821068,0.0420038743317,-0.0158484691334,0.574129546053,0.818750211787,0.00202532696012,0.0,0.818707017566,-0.574069609001,-0.01198542074,0.0,-0.00865055366307,0.0085394979756,-0.999926119719,0.0,0.658100888134,0.256154373001,0.303355473566,1.0,-0.0121,-0.0159028571429,0.606
0.462274067186,0.527069661375,-0.124074426368,-1.38841107812,0.0776392713403,1.90607351967,0.155079997726,-0.00496608455564,-0.066168585445,-0.000300543107036,-0.108444156697,-0.00209604248871,0.0444719594195,-0.0100538180501,0.574113820007,0.81876115369,0.0020595599731,0.0,0.818718397085,-0.574053732892,-0.0119684973145,0.0,-0.00861720848641,0.00855764411399,-0.999926252503,0.0,0.65790543841,0.255909572785,0.303372807887,1.0,-0.01242,-0.0163234285714,0.622
0.46211943236,0.5259000114,-0.124082632354,-1.39022389314,0.0775199458648,1.90675024549,0.154839946151,-0.0114803408888,-0.0691982668068,-0.000742785548,-0.104627118026,-0.0126799345616,0.039629355184,-0.0177653657158,0.574115304525,0.818760059718,0.00208053420697,0.0,0.818717685592,-0.574055238768,-0.0119449170129,0.0,-0.00858584471,0.00856129465058,-0.99992649105,0.0,0.657694005378,0.255629881964,0.303391849865,1.0,-0.01276,-0.0167702857143,0.639
0.461966431673,0.524733604633,-0.124091400844,-1.3920609371,0.0774062101216,1.90740278854,0.154590699651,-0.0100475845261,-0.065708930185,-0.000549439990113,-0.108187317449,-0.0138501396833,0.0411878454679,-0.0137688467344,0.574110734951,0.818763309914,0.00206234206112,0.0,0.818720693138,-0.574050739538,-0.0119549974239,0.0,-0.00860458994049,0.00855213913434,-0.999926408266,0.0,0.65747078184,0.255347333006,0.303394714465,1.0,-0.0131,-0.0172171428571,0.656
0.461825978971,0.523605419298,-0.124095280446,-1.39386586202,0.0772964207564,1.9080579355,0.154342351171,-0.00792147417301,-0.0708283774223,0.000176774257332,-0.110106080129,-0.0096189257711,0.03977704051,-0.0138323532588,0.57409241071,0.818776208367,0.0020424196136,0.0,0.818733300791,-0.57403246969,-0.0119688269658,0.0,-0.00862754169361,0.00854357416827,-0.999926283715,0.0,0.657249514058,0.255080027719,0.303385782651,1.0,-0.01342,-0.0176377142857,0.672
0.46166556817,0.52238894159,-0.124090927644,-1.39579865615,0.0771754321022,1.90880518623,0.154095449767,-0.00858529935015,-0.0653604400677,0.000966500922462,-0.11537476663,-0.000584903059804,0.0482469000204,-0.0156875432483,0.574089638424,0.818778094839,0.00206527652853,0.0,0.818735510557,-0.574029627752,-0.0119539582383,0.0,-0.00860227485575,0.0085537234815,-0.999926414634,0.0,0.657022107528,0.254794828397,0.303385461814,1.0,-0.01376,-0.0180845714286,0.689
0.461500244303,0.521139460648,-0.124091510102,-1.39778433742,0.0770603453174,1.90957721093,0.153814704445,-0.00902216327071,-0.0754453157778,0.00176168374218,-0.119944935463,-0.00993677605899,0.0407454132666,-0.011477715984,0.574070917478,0.81879114208,0.00209624883269,0.0,0.818748932015,-0.574010751829,-0.0119411059002,0.0,-0.00857416744852,0.00857150814091,-0.99992650375,0.0,0.656789443895,0.254500341674,0.303385143993,1.0,-0.0141,-0.0185314285714,0.706
0.461311499295,0.519679561892,-0.124102226556,-1.400059106,0.0769150299805,1.9104041443,0.153499119239,-0.0104394705873,-0.0810792613859,-2.02143155355e-05,-0.116075906886,-0.010773356032,0.0432900221218,-0.0194184603243,0.574056482876,0.8188012513,0.00210053296467,0.0,0.818759153211,-0.573996357586,-0.0119322006659,0.0,-0.00856456745978,0.00856975273299,-0.999926601067,0.0,0.656514181499,0.254151971769,0.303399640458,1.0,-0.01448,-0.0190308571429,0.725
0.461150090061,0.518409430342,-0.124103152965,-1.4020230035,0.076787506626,1.91110166076,0.15323889229,-0.00484039322087,-0.0753063877682,0.000169817724875,-0.123467126457,-0.00640350080929,0.04116051924,-0.00856748119766,0.574044866641,0.818809353803,0.002116626683,0.0,0.818767467684,-0.573984679232,-0.0119234545894,0.0,-0.00854828944082,0.00857778811796,-0.999926671461,0.0,0.65628737556,0.253875638818,0.30342660995,1.0,-0.01478,-0.0194251428571,0.74
0.460960229941,0.517040492206,-0.124108848632,-1.40416000361,0.0766529378222,1.91187134527,0.152943000592,-0.0151299368426,-0.080861725936,-0.00336125149225,-0.125655153295,-0.0152290807396,0.0399537333847,-0.0123530914342,0.574039777812,0.818812968003,0.00209852847233,0.0,0.818770848703,-0.573979667743,-0.011932528365,0.0,-0.00856616121618,0.00856812483265,-0.999926601366,0.0,0.656011062601,0.253522782121,0.303427140968,1.0,-0.01514,-0.0198982857143,0.758
0.460796483421,0.515859236786,-0.124109583584,-1.40606886326,0.0765312659057,1.91259251704,0.152683177638,-0.00860521015547,-0.0761658126701,-0.000173826521784,-0.130728751559,-0.0148401884531,0.0486015930361,-0.0157488661695,0.574029759309,0.818820018886,0.00208782217302,0.0,0.818777793941,-0.573969728299,-0.0119340708323,0.0,-0.0085736744487,0.00856013904961,-0.99992660537,0.0,0.655781782121,0.253233185382,0.303409636576,1.0,-0.01544,-0.0202925714286,0.773
0.460606523843,0.51444602959,-0.124114911738,-1.4082916539,0.0763998613317,1.91341783384,0.152386891795,-0.0127141293857,-0.0856959174969,0.00114810707401,-0.12670153809,-0.0113169492917,0.0407887870725,-0.0118437228902,0.57402818907,0.818821084955,0.00210140126752,0.0,0.818778990316,-0.573968055884,-0.0119324239893,0.0,-0.00856454805101,0.00857029594662,-0.999926596578,0.0,0.655512379631,0.252895053561,0.303414129095,1.0,-0.01578,-0.0207394285714,0.79
0.460401689745,0.512966032653,-0.124119134485,-1.41070213044,0.0762486366422,1.91424633526,0.152050583682,-0.0151896356872,-0.0902955123729,0.000679686445758,-0.132619724483,-0.0134246050715,0.0460207242829,-0.0182816750629,0.574008931818,0.818834808867,0.00201218359774,0.0,0.818791460003,-0.573949081746,-0.0119893073452,0.0,-0.00866253804089,0.00852969247124,-0.99992609966,0.0,0.655204387023,0.252523598256,0.303375915059,1.0,-0.01614,-0.0212125714286,0.808
0.460198435314,0.511555560614,-0.124119578218,-1.41300560186,0.0761226984203,1.91509086915,0.151730606077,-0.0142071301791,-0.0870331155406,0.00126034233352,-0.133169044591,-0.0108820336611,0.047015112714,-0.0188795933762,0.574000463872,0.818840829811,0.00197732409153,0.0,0.818796828683,-0.573940569382,-0.0120300896901,0.0,-0.0087160299202,0.0085244678804,-0.999925679373,0.0,0.654919667545,0.252172317861,0.303340775052,1.0,-0.01648,-0.0216594285714,0.825
0.460002835824,0.510067449024,-0.124128396928,-1.41533511243,0.0759776120638,1.91597027765,0.151394093033,-0.00739930202464,-0.0893813252056,-0.000960446848955,-0.13732851451,-0.0107834720748,0.0444364953142,-0.0187967645805,0.573973848473,0.818859418783,0.00200510354371,0.0,0.818815828456,-0.57391388608,-0.0120098849466,0.0,-0.0086838178307,0.00853533473347,-0.999925866937,0.0,0.65463784044,0.251818439866,0.303350306536,1.0,-0.01682,-0.0221062857143,0.842
0.45979757453,0.508574430672,-0.124134444155,-1.41770450457,0.0758289232693,1.91680863418,0.151064162309,-0.0132284593113,-0.0857463133757,0.000334011988485,-0.136040252306,-0.000210322723126,0.0510579239711,-0.0240045620024,0.5739588929,0.818869986561,0.00197009438465,0.0,0.818825895163,-0.573899038649,-0.0120330274463,0.0,-0.008723017695,0.00851979144179,-0.999925658295,0.0,0.654339436949,0.251451973731,0.303340160583,1.0,-0.01716,-0.0225531428571,0.859
0.459611894782,0.507221030572,-0.124137660933,-1.41982047966,0.0756866930408,1.9175820681,0.150770861108,-0.0122229080421,-0.091810029128,0.000220441505771,-0.140845188444,-0.0111777039479,0.0458301153152,-0.0146877818845,0.573944134984,0.81888032654,0.00197170568424,0.0,0.818836332169,-0.573884349912,-0.0120233501065,0.0,-0.00871432160417,0.0085153994749,-0.99992577153,0.0,0.654078218265,0.251124903753,0.303346734224,1.0,-0.01746,-0.0229474285714,0.874
0.459406720194,0.505749275441,-0.124140933058,-1.42212292168,0.0755447056517,1.91844285233,0.150459329992,-0.01222685323,-0.0939766041791,0.000369844158553,-0.144746755744,-0.0106289790377,0.0477476471864,-0.027520812786,0.5739400922,0.818883103145,0.00199520702592,0.0,0.818839409059,-0.573880201033,-0.0120118248066,0.0,-0.00869143790004,0.00852798616921,-0.999925863431,0.0,0.653796962358,0.250770469854,0.303354460564,1.0,-0.01778,-0.023368,0.89
0.459154919949,0.503913053659,-0.12414723065,-1.42488237461,0.0753721127868,1.91950904134,0.15007948138,-0.0113325285645,-0.100980850006,-0.00101667792035,-0.147426753794,-0.0064621362896,0.052525014903,-0.0225314614992,0.573935382302,0.818886108951,0.00211291502375,0.0,0.818844040062,-0.573875089003,-0.0119401497959,0.0,-0.00856523841675,0.00858318756519,-0.999926480088,0.0,0.653469645023,0.250343398458,0.303416541814,1.0,-0.01816,-0.0238674285714,0.909
0.458919927577,0.50222599807,-0.124152837768,-1.42736675152,0.0752154774896,1.92044041456,0.149722643611,-0.0132204884908,-0.104405074248,-0.000791420986298,-0.147090269042,-0.0110918490699,0.0530659739376,-0.0269565364708,0.573924621062,0.818893353692,0.00222520088976,0.0,0.818852800921,-0.573863929904,-0.011875490715,0.0,-0.00844796054033,0.00863791479635,-0.999927006531,0.0,0.653171126563,0.249951972056,0.303492875876,1.0,-0.0185,-0.0243142857143,0.926
0.458714241797,0.500716679739,-0.124151127988,-1.42964978587,0.0750727620634,1.92123029003,0.149407936221,-0.0132812259272,-0.103645673603,0.000301281146595,-0.150958787778,-0.00409555724787,0.054824755532,-0.0256349161379,0.573911799593,0.818902295196,0.0022414529357,0.0,0.818861852896,-0.573850942045,-0.0118789345823,0.0,-0.00844158944196,0.00865306762584,-0.999926929325,0.0,0.652877367595,0.249598367426,0.303527950259,1.0,-0.0188,-0.0247085714286,0.941
0.458475160728,0.499015549039,-0.124151159004,-1.43225812634,0.0749068718323,1.92219314246,0.149046561931,-0.0129886777466,-0.1033677126,0.000211239387959,-0.156290896106,-0.0123569987757,0.055341509274,-0.0212176165662,0.573899598347,0.818910722078,0.00228630365286,0.0,0.818870866284,-0.573838568382,-0.0118553232767,0.0,-0.00839664379132,0.00867611976175,-0.999927108003,0.0,0.652553742872,0.249193901096,0.303556517759,1.0,-0.01914,-0.0251554285714,0.958
0.458213950117,0.497337495467,-0.124151538608,-1.43491334584,0.0747458536563,1.92316951253,0.148647518414,-0.013951153308,-0.103106591534,0.00108178385398,-0.156910081771,-0.00822800864818,0.0557523121917,-0.0313591202605,0.573878322522,0.818925631176,0.00228657918802,0.0,0.818885693082,-0.573817205421,-0.0118652151182,0.0,-0.00840481211872,0.00868180388317,-0.999926990042,0.0,0.652225008379,0.248770747375,0.303547323391,1.0,-0.01948,-0.0256022857143,0.975
0.457965908268,0.495757964675,-0.12415705852,-1.43745005293,0.0745898136309,1.92404021941,0.148272753458,-0.0147455103031,-0.102552145646,0.000248274330665,-0.161182957775,-0.00514238496312,0.0566505009574,-0.0219876789985,0.573864278884,0.818935672239,0.00221383310614,0.0,0.818894645319,-0.573803307907,-0.0119193373935,0.0,-0.00849102930018,0.0086531446342,-0.999926510054,0.0,0.651897629495,0.24835981876,0.303516294243,1.0,-0.0198,-0.0260228571429,0.991
0.457683275865,0.494081942968,-0.124159849579,-1.4402044033,0.07442276685,1.92502044361,0.147898059571,-0.0188893786053,-0.100759805884,0.00208040824144,-0.164566790496,-0.00724514831194,0.0594528585598,-0.0274557413462,0.573884479801,0.818921737482,0.0021304046145,0.0,0.818879476604,-0.573823699477,-0.0119796334296,0.0,-0.0085880709123,0.00861963626935,-0.999925970714,0.0,0.651549271086,0.247909147179,0.303457805392,1.0,-0.02488,-0.0326994285714,1.008
0.457344110389,0.491368351322,-0.124255263594,-1.44428553307,0.0741931504912,1.92656466274,0.147285446528,-0.0232565996664,-0.161424242389,-0.00571213169146,-0.254528626492,-0.0170746339326,0.102403686182,-0.0426937015237,0.573872407108,0.818929815855,0.00227243609392,0.0,0.81888963375,-0.573811284695,-0.0118795704797,0.0,-0.00842474719338,0.00867839915331,-0.999926851836,0.0,0.651054960611,0.247251843553,0.303540439636,1.0,-0.03748,-0.0492594285714,1.026
0.456907469885,0.488148295115,-0.124269924335,-1.44945963858,0.0739164275512,1.92850548251,0.146509381628,-0.031289318846,-0.214672235129,-0.000149402851405,-0.358406936793,-0.0189297316777,0.133709293549,-0.0544426167499,0.573789299694,0.818988031475,0.00227832346694,0.0,0.818947515251,-0.573727741312,-0.0119244712298,0.0,-0.00845902470469,0.00870812899685,-0.99992630398,0.0,0.650391985637,0.246475146703,0.303485471097,1.0,-0.04868,-0.0639794285714,1.042
0.456284902786,0.483940275859,-0.124366463774,-1.4560427747,0.0735234414101,1.93096392165,0.145516922922,-0.0426151018843,-0.27933257135,-0.00739935406133,-0.44348118372,-0.0320964508432,0.151978605215,-0.0736034480628,0.573775816233,0.818997318872,0.00233479943411,0.0,0.818957726313,-0.573714230398,-0.0118731315512,0.0,-0.00838471667838,0.00872478576217,-0.99992678464,0.0,0.649578603827,0.245392554405,0.30349025968,1.0,-0.05988,-0.0786994285714,1.058
0.455452791897,0.478540625964,-0.12451916929,-1.46464544395,0.0730123345534,1.93394064724,0.144218521918,-0.05327622593,-0.341762736495,-0.00687025744863,-0.537503275223,-0.0313416320295,0.182976541578,-0.0795621938865,0.573786513924,0.818990384198,0.00212930307543,0.0,0.818948027589,-0.573725668904,-0.0119888218716,0.0,-0.00859725952337,0.00862297888062,-0.999925862934,0.0,0.648464606357,0.243935107214,0.303402157437,1.0,-0.07178,-0.0943394285714,1.075
0.454435506378,0.47209778873,-0.12466622335,-1.47471774738,0.0724262983067,1.93750245348,0.142760253292,-0.0665690225919,-0.397339015619,-0.00846511571279,-0.619892004789,-0.0350761519948,0.214488192896,-0.0877602979459,0.573859812257,0.818939175374,0.00207118691445,0.0,0.818895822411,-0.573798965544,-0.0120468286494,0.0,-0.00867734207679,0.00860944289718,-0.999925287823,0.0,0.647164997723,0.242229926927,0.303379183816,1.0,-0.08368,-0.109979428571,1.092
0.453235952431,0.464649405577,-0.124762189479,-1.48597079615,0.0717510350795,1.94172105244,0.140956552002,-0.0741091997442,-0.451397320914,-0.00368290940464,-0.695075399908,-0.0384778407683,0.250683686379,-0.111262769932,0.573787565521,0.818988826458,0.00242460119139,0.0,0.818950106851,-0.573725318492,-0.0118628963944,0.0,-0.0083246847817,0.00879257913135,-0.999926692401,0.0,0.645747636504,0.240342597957,0.303532343914,1.0,-0.09558,-0.125619428571,1.109
0.45179022662,0.456400072315,-0.124837899271,-1.49891427686,0.0709218478009,1.94618184186,0.138984448078,-0.0934109040674,-0.503048483645,-0.00672233509148,-0.794645549599,-0.050421231103,0.273027662426,-0.118094187067,0.573788156603,0.818988992799,0.00221989130009,0.0,0.818947147307,-0.573726256789,-0.012020777433,0.0,-0.00857143950317,0.00871552117253,-0.999925282266,0.0,0.644013363085,0.238116255223,0.303439799664,1.0,-0.10748,-0.141259428571,1.126
0.449963002685,0.445856411474,-0.125021179618,-1.51477347857,0.0698287872238,1.9518551788,0.136496876732,-0.100398550141,-0.569325208763,-0.00861867396985,-0.873228120733,-0.0559035636331,0.315200577597,-0.132681878537,0.573803126796,0.8189778223,0.00245869093783,0.0,0.818939977396,-0.573741205188,-0.0117936336363,0.0,-0.00824823089459,0.00878091321762,-0.999927428492,0.0,0.641937825698,0.235312880611,0.303621836657,1.0,-0.12078,-0.158739428571,1.145
0.448450073896,0.437514329724,-0.125093215482,-1.52764366944,0.0689919134297,1.95624395048,0.134467281594,-0.115185916663,-0.605358268667,-0.00699625117955,-0.944759392888,-0.069248503286,0.306328420345,-0.150183284633,0.573775365813,0.818997615426,0.0023414555888,0.0,0.818957712138,-0.573713340312,-0.0119170373091,0.0,-0.00841686288273,0.00875542412255,-0.999926246764,0.0,0.64015924953,0.233061204118,0.303583702128,1.0,-0.13058,-0.171619428571,1.159
0.446273703145,0.425792174734,-0.125225749254,-1.54515051669,0.0677954061428,1.96245810051,0.13158361284,-0.125938201678,-0.670636278278,-0.00661821074771,-0.999921926111,-0.0701590740188,0.35217509348,-0.166290561575,0.573722359402,0.819033743959,0.00266973395469,0.0,0.818998466284,-0.573659487947,-0.0117068789212,0.0,-0.00805696578104,0.00890317762392,-0.999927906767,0.0,0.63778917652,0.229922909426,0.303779983735,1.0,-0.14318,-0.188179428571,1.177
0.443958112112,0.4139419443,-0.125369092735,-1.56288539961,0.0665020717351,1.96869046545,0.128627151577,-0.142131729118,-0.714876606406,-0.0120855659074,-1.07519563794,-0.0846021104804,0.391013344433,-0.177438988207,0.573687417064,0.819057473751,0.0028894803079,0.0,0.819025856008,-0.573624730085,-0.0114918721712,0.0,-0.00775517573868,0.00895947404338,-0.999929790072,0.0,0.635349773974,0.226663238902,0.303922759187,1.0,-0.15508,-0.203819428571,1.194
0.441229028476,0.400642788046,-0.125494917677,-1.58300638399,0.0651674704497,1.97549772206,0.125237342955,-0.1581153043,-0.75802809379,-0.00319641124705,-1.13065374054,-0.0796402424048,0.381353827539,-0.195682873819,0.573687042093,0.819057725486,0.00289256925214,0.0,0.819025259941,-0.573623321606,-0.0116041108849,0.0,-0.00784534253243,0.00902638911926,-0.999928484893,0.0,0.632465059013,0.222940759006,0.303922242722,1.0,-0.16768,-0.220379428571,1.212
0.438522198128,0.388034781189,-0.125636164872,-1.60183796008,0.0637760654628,1.98196909384,0.122006521699,-0.172708780226,-0.816906098181,-0.00255358601069,-1.21589402373,-0.0928047784257,0.402765289714,-0.211106876947,0.573707260882,0.819043035141,0.00303846992857,0.0,0.819012934983,-0.573643627914,-0.0114694108676,0.0,-0.00765108948233,0.00906880506944,-0.999929606325,0.0,0.629768430211,0.219350553123,0.303998296444,1.0,-0.17888,-0.235099428571,1.228
0.435399583697,0.373913935923,-0.125787636288,-1.62287282655,0.062209063624,1.98896104591,0.118196263113,-0.191802880904,-0.862076145149,-0.00933460629688,-1.25757474204,-0.0883479017289,0.409632292192,-0.227470899397,0.573602401726,0.81911642248,0.00305254961956,0.0,0.819086561721,-0.573538807255,-0.0114537278768,0.0,-0.00763132786135,0.00907036282384,-0.999929743209,0.0,0.626653514657,0.215288014922,0.304040471367,1.0,-0.19078,-0.250739428571,1.245
0.432327933384,0.360880638317,-0.125950951619,-1.64216072452,0.0607279822844,1.99535052332,0.114776987593,-0.208965575699,-0.89962995609,-0.0138304536826,-1.29961021617,-0.0991020256764,0.446980545028,-0.229330315987,0.57371037366,0.819040622729,0.00310038314994,0.0,0.819011718458,-0.573647026901,-0.0113859763421,0.0,-0.00754719688433,0.00907167753113,-0.999930369819,0.0,0.6237749828,0.211433523538,0.304089544258,1.0,-0.20128,-0.264539428571,1.26
0.42849626196,0.345530788468,-0.126173654948,-1.66494251732,0.0590085846531,2.00266087277,0.110473788385,-0.228907137434,-0.940300925048,-0.0161685831665,-1.34661388227,-0.0977615468918,0.448578792848,-0.264573335441,0.573781654513,0.818991210018,0.00295935091861,0.0,0.81896011307,-0.573718289702,-0.01150670078,0.0,-0.0077262018008,0.00902609795481,-0.99992941519,0.0,0.62028368506,0.206756980883,0.304043264166,1.0,-0.21318,-0.280179428571,1.277
0.424393840756,0.329519448127,-0.126312879012,-1.68846996324,0.0572225234889,2.01020312569,0.105985733308,-0.243627573287,-0.954688178921,-0.0030079821059,-1.3882312151,-0.107143438293,0.434444853696,-0.26594983483,0.573820582188,0.818963901855,0.00296880746715,0.0,0.818932199686,-0.573756332729,-0.0115961145096,0.0,-0.00779357715072,0.00908551613288,-0.999928354209,0.0,0.616590689883,0.201929044446,0.304032150491,1.0,-0.22508,-0.295819428571,1.294
0.420031458671,0.312806203518,-0.126463922959,-1.71275229667,0.0551800907179,2.0178871205,0.101163722374,-0.260206035924,-0.977642070117,-0.00123930461849,-1.42613884116,-0.114689398946,0.435938514848,-0.293215601522,0.573696358248,0.819050942257,0.00296469593278,0.0,0.819019674281,-0.573632706896,-0.0115341935588,0.0,-0.00774659469544,0.00904544329006,-0.999929082599,0.0,0.612690444486,0.196873639485,0.30406279518,1.0,-0.23698,-0.311459428571,1.311
0.415572816446,0.296486610127,-0.126626061093,-1.73630340964,0.0531692482525,2.02524984091,0.0962970362939,-0.29015278853,-1.0160450916,-0.0125737046596,-1.49411885925,-0.131579396504,0.453030879097,-0.307834301079,0.573557285069,0.819148357774,0.00295898662676,0.0,0.819117284831,-0.57349398373,-0.0115009224375,0.0,-0.00772414941299,0.00902036861066,-0.999929482747,0.0,0.608586611834,0.191545952907,0.304079576439,1.0,-0.24888,-0.327099428571,1.328
0.410421421112,0.278551108269,-0.126813515164,-1.76184264896,0.0510878005751,2.03308161844,0.0908999373311,-0.314567000659,-1.06359560666,-0.0172006708499,-1.53210693429,-0.134262709113,0.469279843521,-0.336767540534,0.573562214414,0.819144169968,0.00315624871489,0.0,0.819115171644,-0.57349773708,-0.0114642072414,0.0,-0.00758088298495,0.00916094367628,-0.999929301163,0.0,0.604568071579,0.186287112055,0.304166019004,1.0,-0.26008,-0.341819428571,1.344
0.404799138599,0.260050771406,-0.127050951903,-1.78803607712,0.0487812365762,2.04089810344,0.0851618486361,-0.342924660739,-1.09722843541,-0.0199732928033,-1.5648755256,-0.145478786805,0.467678271422,-0.343266104529,0.573589379271,0.819125072711,0.00317586914784,0.0,0.819096463973,-0.573525004133,-0.0114367496531,0.0,-0.00754683332493,0.00916151771101,-0.999929553469,0.0,0.600097438657,0.18037127752,0.304207213769,1.0,-0.27198,-0.357459428571,1.361
0.39867711708,0.241025296686,-0.127286953512,-1.81483595708,0.0463686792257,2.04866195283,0.0790878291747,-0.375764525336,-1.13489055253,-0.0184217628324,-1.59883360739,-0.144673404196,0.449310271898,-0.376193609607,0.573664619954,0.819072697421,0.00309306524644,0.0,0.81904283939,-0.573600271848,-0.011502272906,0.0,-0.00764716186092,0.00913197577589,-0.999929061451,0.0,0.595405515011,0.174158052236,0.304192541546,1.0,-0.28388,-0.373099428571,1.378
0.391867114505,0.220309127979,-0.127491334022,-1.84366177086,0.0437705742609,2.05689187217,0.0722426561707,-0.394123637785,-1.13329594109,-0.0149489318763,-1.60683454003,-0.162718387574,0.433703855186,-0.386847729606,0.573561572248,0.81914461684,0.00315696751076,0.0,0.819114934541,-0.57349625667,-0.0115548473924,0.0,-0.00765472936727,0.00921351306205,-0.999928255574,0.0,0.5902129561,0.167458802545,0.304208833746,1.0,-0.29648,-0.389659428571,1.396
0.38570261277,0.202482915059,-0.127714607927,-1.86817779085,0.0414012021966,2.06364943879,0.0661945599981,-0.43331770808,-1.18332852944,-0.0197363164483,-1.6304770881,-0.170950668215,0.432966990874,-0.41599538089,0.57351063249,0.819180395197,0.00312753043495,0.0,0.819150441658,-0.573445548764,-0.0115543686764,0.0,-0.00767179159779,0.00918864813466,-0.999928353613,0.0,0.585698670565,0.16156147968,0.304233840739,1.0,-0.30698,-0.403459428571,1.411
