position_joint1,position_joint2,position_joint3,position_joint4,position_joint5,position_joint6,position_joint7,velocity_joint1,velocity_joint2,velocity_joint3,velocity_joint4,velocity_joint5,velocity_joint6,velocity_joint7,ee_T_00,ee_T_10,ee_T_20,ee_T_30,ee_T_01,ee_T_11,ee_T_21,ee_T_31,ee_T_02,ee_T_12,ee_T_22,ee_T_32,ee_T_03,ee_T_13,ee_T_23,ee_T_33,v_x,v_y,time
0.465060812401,0.547826139556,-0.123995182149,-1.35584224389,0.0795218823883,1.89410695564,0.159153394091,-0.000424524211501,0.00222376124485,0.00148426113009,0.000857219449061,0.000269017300303,0.00047223743122,-0.00161293948614,0.573822626556,0.818965616895,0.00191272013999,0.0,0.818921811213,-0.573764039521,-0.0119432396627,0.0,-0.00868381979452,0.00841983150206,-0.99992684618,0.0,0.661678699191,0.260880385663,0.30317895266,1.0,0.0,0.0,0.0
0.465060575219,0.547821856061,-0.124001025285,-1.35584223801,0.0795211703115,1.89410864234,0.159153394093,-0.000318096625042,-1.2542464831e-05,-0.00117420381505,4.21471930593e-05,-0.000229851280874,-0.0001047231513,-0.00237258549707,0.573826718733,0.8189627419,0.00191602423412,0.0,0.818919018591,-0.57376815543,-0.0119369889569,0.0,-0.00867676257013,0.00841899398179,-0.999926914495,0.0,0.661680595146,0.26087690458,0.303182328553,1.0,-0.0002,-0.000262857142857,0.011
0.46506095454,0.547816180885,-0.123998140272,-1.35584545371,0.0795221378715,1.8941083744,0.159153128416,-0.000435283631796,-0.00199980184991,0.00156926809648,0.000120032560654,0.000343923399451,-0.000281437475044,-0.00117111358253,0.57382459504,0.818964221998,0.00191940514021,0.0,0.818920515357,-0.57376599121,-0.0119383315328,0.0,-0.00867594404173,0.00842251066331,-0.999926891982,0.0,0.661679139276,0.260878657248,0.3031847014,1.0,-0.00052,-0.000683428571429,0.027
0.465060131271,0.547794554046,-0.124000925744,-1.3558684651,0.0795224795906,1.89411274189,0.159158473374,-0.000106365122795,-0.00483595289907,-0.000238309776245,-0.00219946814294,0.000288364510529,0.000142712828574,0.00148829226606,0.573832931838,0.818958373392,0.00192246983013,0.0,0.818914700553,-0.573774308153,-0.0119374797333,0.0,-0.00867340217791,0.00842461999941,-0.999926896264,0.0,0.661676142972,0.260874405853,0.303189542176,1.0,-0.00086,-0.00113028571429,0.044
0.465062797549,0.547710567875,-0.123993130377,-1.35596119252,0.0795196123219,1.89413337235,0.159153275288,0.00044546738547,-0.00994084406321,0.00241908010112,-0.00775730968403,0.000148493136399,0.00141858772924,-0.000350440586183,0.573825343476,0.818963655761,0.00193717019941,0.0,0.818920091618,-0.573766578446,-0.0119391751622,0.0,-0.00866643387611,0.00843755133445,-0.99992684765,0.0,0.661658897572,0.260871717031,0.303206433356,1.0,-0.00122,-0.00160342857143,0.062
0.465056277822,0.547576739168,-0.124000925745,-1.3561388576,0.0795152202779,1.8941645173,0.159148635568,0.000423064140487,-0.00462086611127,0.00166826736905,-0.0103038899447,-0.000116297672047,0.00329456634919,0.000745803435765,0.573836836103,0.818955624904,0.00192791889307,0.0,0.818911805072,-0.573777977192,-0.0119597367803,0.0,-0.00868846358576,0.00844189558802,-0.999926619807,0.0,0.661627226177,0.260848789545,0.303217337869,1.0,-0.00156,-0.00205028571429,0.079
0.465039980051,0.547417072955,-0.124000925745,-1.35636141764,0.07951484655,1.89426508376,0.15914480397,-0.00151086302259,-0.00769874063115,0.00031483240401,-0.0138798192477,0.000551759638849,0.00511060348018,0.00155671582418,0.573867000792,0.818934400133,0.00196483617717,0.0,0.81889105587,-0.573807977509,-0.011941124941,0.0,-0.00865172589001,0.00846176724293,-0.999926770386,0.0,0.661610016291,0.260817215843,0.303233783756,1.0,-0.00188,-0.00247085714286,0.095
0.465021584077,0.547236446087,-0.123995882136,-1.35656027221,0.0795138217493,1.89437673618,0.159137952643,0.000704723400944,-0.0122629009498,0.000150967628512,-0.0148953470891,-0.000628164478574,0.0116795254822,-0.000245834984202,0.573873626883,0.818929525917,0.00205884674085,0.0,0.818887336901,-0.57381414584,-0.0118996805825,0.0,-0.00856376927308,0.00851504032025,-0.999927075313,0.0,0.661591667713,0.260795201568,0.303281115731,1.0,-0.00224,-0.002944,0.113
0.465002381053,0.547037464295,-0.123995636152,-1.35680054889,0.0795075471378,1.89450203469,0.159125151699,-0.00139008659363,-0.0109528951032,0.000649509396382,-0.015666192016,1.48724749771e-06,0.00655362364259,0.00105348408877,0.573897522365,0.818912597586,0.00213031434439,0.0,0.818871303364,-0.573837713768,-0.0118664942314,0.0,-0.00849533046371,0.00855476962815,-0.999927319997,0.0,0.661574765155,0.260762618271,0.303315799604,1.0,-0.00254,-0.00333828571429,0.128
0.464976850684,0.546820271868,-0.123998115099,-1.35712019192,0.0795017890248,1.89461672919,0.159097050908,-0.00180745950066,-0.0162733238261,0.000637065193218,-0.0219016995235,-0.000153074711242,0.00373808410404,-0.00483470352118,0.57391347339,0.818901373163,0.0021477882051,0.0,0.818860192935,-0.573853478482,-0.0118708282086,0.0,-0.00848868522157,0.00857173154562,-0.999927231173,0.0,0.661537597805,0.260716058872,0.303327519702,1.0,-0.00286,-0.00375885714286,0.144
0.464938011595,0.546531367741,-0.124000632039,-1.35753902762,0.0794943477734,1.89477406539,0.158992842796,-0.00689424966677,-0.01649323999,-0.00023631424432,-0.0222653161311,-0.000118494505659,0.00655968290103,-0.0109968544221,0.573883153095,0.818922533412,0.00218123028451,0.0,0.818881640001,-0.5738228781,-0.011870599818,0.0,-0.00846962490295,0.00859867223637,-0.999927161492,0.0,0.661491621056,0.26065246568,0.303346502717,1.0,-0.00322,-0.004232,0.162
0.46490693209,0.546253025881,-0.12399883978,-1.35797636626,0.0794820085376,1.89492999542,0.158926497474,-0.00219639613845,-0.0160599576673,0.00065843693752,-0.028575486652,-0.000104285450073,0.00641384012475,-0.000249336450561,0.573874183475,0.818928803886,0.00218691750439,0.0,0.818887837267,-0.573813737368,-0.0118849352636,0.0,-0.00847819574474,0.00861146346287,-0.999926978781,0.0,0.661438066161,0.260593271624,0.303348907548,1.0,-0.00354,-0.00465257142857,0.178
0.464854395805,0.545953660575,-0.124001108121,-1.35848812237,0.0794636481542,1.89511059299,0.158896742383,-0.00217765582098,-0.0159744836765,-0.000775197059709,-0.032294693001,0.000365035140506,0.0178801590349,-0.00415418377185,0.573918171635,0.81889803494,0.00216507280419,0.0,0.81885666709,-0.573857689551,-0.0119104075186,0.0,-0.0085111295008,0.00860864935012,-0.999926723231,0.0,0.661379720606,0.260509672826,0.303333026929,1.0,-0.00388,-0.00509942857143,0.195
0.464790144817,0.54560574376,-0.124001345543,-1.35909477534,0.0793965325765,1.89530866299,0.158803071719,-0.00327409606075,-0.0159961697636,-0.000460564208819,-0.0383911507542,-0.00585271381643,0.0113130886572,-0.00200921668866,0.573910222887,0.8189037845,0.00209635355059,0.0,0.818861748999,-0.573850250028,-0.0119194576444,0.0,-0.00855806073423,0.0085574870865,-0.999926761824,0.0,0.661309603087,0.260402164503,0.303307692107,1.0,-0.00422,-0.00554628571429,0.212
0.4647347134,0.545236219758,-0.124003787258,-1.35973716957,0.0793222403739,1.89550581056,0.158715975352,-0.00154950254804,-0.0223823320365,0.000572841909037,-0.04027417684,-0.00123330887628,0.0188859284998,-0.00141572416193,0.573901927442,0.818909809929,0.00201190980365,0.0,0.818866942002,-0.573842569195,-0.0119324757271,0.0,-0.00861726784804,0.00849572081638,-0.999926780031,0.0,0.661230196451,0.26029403296,0.303280595581,1.0,-0.00454,-0.00596685714286,0.228
0.464665904574,0.544817029925,-0.124004168589,-1.36044619709,0.0793056964742,1.89573840943,0.158643291443,-0.00338322875854,-0.0261684216178,0.000416015654992,-0.0400508221748,-0.00419006940908,0.0220260249632,-0.00407307672413,0.573934056373,0.818887377037,0.00197726212033,0.0,0.818843770784,-0.573874557627,-0.0119840752082,0.0,-0.00867907458793,0.00849730126594,-0.999926232047,0.0,0.661143552839,0.260182757087,0.303260026493,1.0,-0.00488,-0.00641371428571,0.245
0.464605421412,0.544370084486,-0.124010177684,-1.3611861859,0.0792822030825,1.89601486908,0.158540648676,-0.00154389638416,-0.0249086896748,-0.00100877837478,-0.0424376273719,-0.00506815453226,0.0226326391117,-0.00971136099352,0.573938838009,0.818884037851,0.00197222672959,0.0,0.818840196048,-0.573879193852,-0.0120062941942,0.0,-0.00870011028783,0.00850598082704,-0.999925975446,0.0,0.661058698227,0.260072276017,0.303248306588,1.0,-0.00522,-0.00686057142857,0.262
0.46453453368,0.543902578043,-0.124005961524,-1.36195418823,0.0792504622441,1.89628746572,0.158448211028,-0.00350306851332,-0.0321220450817,-0.00371011451306,-0.0473644927786,-0.00102799111205,0.0166437674375,-0.0049692385607,0.573957175854,0.818871199206,0.0019662902541,0.0,0.818827109065,-0.573897387865,-0.0120291547431,0.0,-0.00872204745575,0.00851443537789,-0.99992571238,0.0,0.660964285629,0.259947819502,0.30324425168,1.0,-0.00556,-0.00730742857143,0.279
0.464453613017,0.543333801773,-0.124009130433,-1.36284752285,0.0792020911959,1.89658572691,0.158318400887,-0.00381758893845,-0.0392523696268,0.000375626218858,-0.052253042494,-0.000130387890923,0.0235039347282,-0.0052964583533,0.573951398337,0.818875316401,0.00193789511242,0.0,0.818830754058,-0.573891634813,-0.0120554801558,0.0,-0.00875996198916,0.00850623158052,-0.999925450766,0.0,0.660861131595,0.259814709524,0.303240214317,1.0,-0.0059,-0.00775428571429,0.296
0.464377499125,0.542778189134,-0.124014833433,-1.36373523511,0.0791487335029,1.89690554911,0.158223459111,-0.00543735215002,-0.0317878580792,-0.00049620940349,-0.0591743565995,-0.00230996194848,0.0205614886524,-0.00469387637752,0.573975108079,0.818858726784,0.00192555875277,0.0,0.818814010084,-0.573915401745,-0.0120613196638,0.0,-0.00877157791814,0.00849973538786,-0.999925404177,0.0,0.660759093271,0.259676094062,0.303238600511,1.0,-0.00624,-0.00820114285714,0.313
0.464294096279,0.542212788339,-0.124010167225,-1.36460153144,0.079099761498,1.89723143292,0.158097299106,-0.00382455655207,-0.0402520138554,5.59721060827e-05,-0.0554842056965,-0.00453436010432,0.0196326029975,-0.006581741238,0.573971942809,0.818860888295,0.00194971543664,0.0,0.818816433138,-0.573912079604,-0.0120548998003,0.0,-0.00875248923047,0.00851579725372,-0.999925434785,0.0,0.660662600828,0.25954247611,0.303254220665,1.0,-0.00656,-0.00862171428571,0.329
0.464213149394,0.541597326822,-0.124014813824,-1.36556154385,0.0790388269876,1.89757944183,0.157962615107,-0.0047290299724,-0.0340265114777,0.000688003133542,-0.0582388766268,-0.000776782359767,0.0265869090301,-0.00773767004039,0.573968193859,0.818863515519,0.00194994662043,0.0,0.818819094191,-0.573908360102,-0.0120512279682,0.0,-0.00874938868596,0.00851383899392,-0.999925478595,0.0,0.660552240341,0.259394188564,0.303262769142,1.0,-0.0069,-0.00906857142857,0.346
0.464128687944,0.540919173372,-0.124015522823,-1.36659320459,0.0789847125951,1.89796196028,0.157836156531,-0.00796064514756,-0.0393478297778,5.34135226009e-05,-0.063270586823,-0.00421513081621,0.0179600786696,-0.00504386833335,0.573977060608,0.818857230831,0.00197896737142,0.0,0.818813111627,-0.573917025544,-0.0120450371526,0.0,-0.00872757073338,0.0085341437597,-0.999925496174,0.0,0.660433342701,0.259241635062,0.303284324681,1.0,-0.00724,-0.00951542857143,0.363
0.464036418762,0.540252182258,-0.124017992828,-1.36762266808,0.0789195791753,1.8983298456,0.15770429324,-0.00589994078315,-0.0426175152632,3.062198369e-05,-0.0621494947333,-0.0055867388777,0.0306831313309,-0.014593056791,0.573985900901,0.818851027574,0.00198169340395,0.0,0.818806956431,-0.573925865192,-0.0120422699699,0.0,-0.00872364799501,0.00853488184514,-0.999925524105,0.0,0.660314588597,0.259080253099,0.303297703204,1.0,-0.00756,-0.009936,0.379
0.46393486039,0.539454523484,-0.124026396612,-1.36884389335,0.0788537479606,1.89879783422,0.157563616529,-0.00108810313941,-0.0427607789039,-0.000752320398146,-0.0755482485652,6.83616346119e-05,0.021063405446,-0.00498066640782,0.574009841812,0.818834149397,0.00202093684555,0.0,0.818790576543,-0.573949621438,-0.0120237563606,0.0,-0.00868571360153,0.00855664327337,-0.999925668355,0.0,0.660178518469,0.258894935458,0.303320925229,1.0,-0.00792,-0.0104091428571,0.397
0.463823030626,0.538693301056,-0.124024680688,-1.37000486182,0.0787886720787,1.89924819027,0.157419810347,-0.00920264468331,-0.0452639456093,0.000205849901347,-0.0676154044774,-0.00261007904587,0.0278767211612,-0.00723307788886,0.574029323852,0.818820378607,0.00206635824363,0.0,0.818777367215,-0.573968877795,-0.0120040476372,0.0,-0.00864329991923,0.00858272795525,-0.999925812322,0.0,0.660051958635,0.258714319591,0.30334508264,1.0,-0.00826,-0.010856,0.414
0.463711548726,0.537956331876,-0.124032234553,-1.37115907139,0.0787219215669,1.89970097753,0.15728096203,-0.00800194318262,-0.0437941272464,-0.00232691836753,-0.0727164546724,-2.01616766188e-05,0.0316229800147,-0.00767148793252,0.574058244522,0.818800031069,0.00209473606787,0.0,0.818757428189,-0.57399771404,-0.0119851977281,0.0,-0.00861127235135,0.00859544777271,-0.999925979394,0.0,0.659928692202,0.2585289439,0.30335571774,1.0,-0.00858,-0.0112765714286,0.43
0.463600868033,0.537141256449,-0.124034271903,-1.3724314211,0.0786422972609,1.90016303631,0.157113504627,-0.00308245154985,-0.0529644767454,0.000227735042503,-0.0727419006216,-0.0104166240039,0.0295989124574,-0.0116193902557,0.574061919962,0.818797449033,0.00209676140404,0.0,0.818754881453,-0.574001389441,-0.0119831513917,0.0,-0.00860839556996,0.00859597002898,-0.999925999674,0.0,0.659780940222,0.258332869886,0.303365749232,1.0,-0.00892,-0.0117234285714,0.447
0.463525082925,0.53649381682,-0.12404960793,-1.37344422314,0.0785883074636,1.90054956758,0.156996332719,-0.00560606968943,-0.0411529806608,-0.000404388599212,-0.0807929148641,-0.00583454231768,0.0301498103227,-0.0024715054007,0.574080191558,0.818784594137,0.00211399268346,0.0,0.818742269731,-0.574019605563,-0.0119722632271,0.0,-0.00858939681347,0.00860401998869,-0.99992609382,0.0,0.65966626434,0.258179732579,0.303374756179,1.0,-0.00918,-0.0120651428571,0.46
0.463390990445,0.535472774531,-0.124055258543,-1.37507351441,0.0784917319498,1.90114508535,0.156791143206,-0.00439518233122,-0.0513765033532,-0.00178622229991,-0.0883833127398,-0.00990460458603,0.0320474540706,-0.00561131138752,0.574089599363,0.818778029011,0.00210190681143,0.0,0.818735525424,-0.574029040813,-0.0119810940028,0.0,-0.00860346662559,0.0085992927967,-0.999926013526,0.0,0.659474949501,0.257932787498,0.303371672677,1.0,-0.00958,-0.0125908571429,0.48
0.463259973517,0.534523802974,-0.124055263153,-1.37661386103,0.0784137463698,1.90169160594,0.156612048962,-0.0127378989227,-0.0491933499495,-0.00109937619856,-0.0849225045735,-0.00645106574191,0.0322074509362,-0.00885113990085,0.574113756366,0.818761168724,0.00207129006638,0.0,0.818718071362,-0.574053129549,-0.0120196081722,0.0,-0.00865232447392,0.00859659051717,-0.99992561519,0.0,0.659289063966,0.257700464148,0.303355450091,1.0,-0.00994,-0.013064,0.498
0.463133280591,0.533596218199,-0.124056317026,-1.37809507904,0.0783212658906,1.9022270456,0.156423992349,-0.011693909047,-0.056219100012,-0.000581405167289,-0.0845245268368,-0.00838133377496,0.0314641485443,-0.0115574306599,0.574120484662,0.818756495904,0.00205338927362,0.0,0.818713156567,-0.574059924588,-0.0120298439788,0.0,-0.00867091135267,0.00858788201271,-0.999925529016,0.0,0.659113686959,0.257474057345,0.303351124065,1.0,-0.01028,-0.0135108571429,0.515
0.463023071111,0.532771029177,-0.124055667618,-1.37943010264,0.0782628539772,1.90274617009,0.156243998166,-0.00831090945746,-0.0557960606039,-0.000188788199078,-0.0894720184498,0.00035664927893,0.0337227294015,-0.014570380381,0.574129427431,0.818750171592,0.00207460303454,0.0,0.818706926761,-0.574068595103,-0.0120400619458,0.0,-0.00866700520135,0.00861121153832,-0.999925362243,0.0,0.658950023222,0.257264270106,0.303345388902,1.0,-0.0106,-0.0139314285714,0.531
0.462885912389,0.531736411681,-0.12405917366,-1.38108851759,0.0781580622392,1.90334441797,0.156040507989,-0.00852004102746,-0.0604469428361,0.00427768125763,-0.0956267154171,-0.0104434612687,0.0291002273633,-0.013869957529,0.574130916666,0.818749199814,0.00204578455889,0.0,0.818705579181,-0.574070207623,-0.0120548014747,0.0,-0.00869560251215,0.00859609495452,-0.99992524403,0.0,0.658761378266,0.25702786524,0.303334523512,1.0,-0.01094,-0.0143782857143,0.548
0.462746389451,0.530738563396,-0.12405590485,-1.38271737614,0.078061937446,1.90392448836,0.155821156771,-0.0138908014377,-0.0565742970319,-0.000547354136683,-0.098817492623,-0.0047249972868,0.0364090928753,-0.0149711281346,0.574126049302,0.818752716472,0.00200391707331,0.0,0.818708444528,-0.574065418733,-0.0120882080537,0.0,-0.00874704209511,0.00858094417283,-0.999924925508,0.0,0.65856362487,0.25678142554,0.303312609058,1.0,-0.01128,-0.0148251428571,0.565
0.462621051271,0.529768297445,-0.124056030401,-1.3842566868,0.0779651952397,1.90448362493,0.155618089949,-0.00666424643451,-0.0612889092268,0.000525207188372,-0.0963832042706,-0.00591455601471,0.0339161303185,-0.0186179739158,0.574120084488,0.81875692541,0.00199313392628,0.0,0.818712505641,-0.574059494837,-0.0120944779016,0.0,-0.00875842871321,0.00857565145345,-0.999924871242,0.0,0.658378617446,0.256551132854,0.303311935782,1.0,-0.0116,-0.0152457142857,0.581
0.462467772342,0.528623314637,-0.124061256866,-1.3860390811,0.0778461847979,1.90515643297,0.155371290964,-0.00772677944271,-0.0645534369647,0.000936609390109,-0.10389948574,-0.0142060312641,0.0343671095542,-0.0097522908149,0.574111899643,0.818762610775,0.00201513941283,0.0,0.81871860171,-0.574051336441,-0.0120690200486,0.0,-0.0087250368754,0.0085789653209,-0.99992513474,0.0,0.658173152644,0.256277054768,0.303328367888,1.0,-0.01196,-0.0157188571429,0.599
0.462323848882,0.527507374371,-0.124059929238,-1.38775544598,0.077746575365,1.90582987759,0.155129546538,-0.00329426972086,-0.0690016296313,-0.000839751111439,-0.0968414542291,-0.0135723704559,0.0370395514177,-0.0147744132175,0.574097201996,0.818772757779,0.00207862476834,0.0,0.818729568175,-0.574036359366,-0.0120374093151,0.0,-0.00866286341386,0.00861264038606,-0.999925385828,0.0,0.657977023223,0.25602358771,0.30335535716,1.0,-0.0123,-0.0161657142857,0.616
0.462179740907,0.526411208393,-0.12405955455,-1.38944890969,0.0776399509423,1.90646672419,0.154904274772,-0.00780177508894,-0.0726260611899,0.00105938074731,-0.104077713736,-0.0102863819039,0.0378002911875,-0.0172686752002,0.574093248265,0.818775450536,0.00210969107651,0.0,0.818732695158,-0.574032303463,-0.0120181263467,0.0,-0.00862928212634,0.00862696434929,-0.999925552717,0.0,0.657778569412,0.255768342036,0.303375894811,1.0,-0.01262,-0.0165862857143,0.632
0.462018845215,0.525227349782,-0.124065618305,-1.39128350707,0.077525753075,1.90712661491,0.154663383922,-0.0104403903446,-0.0728763882985,0.00123924051439,-0.109659741581,-0.0135244483642,0.0414065975083,-0.00855555752768,0.57409995926,0.818770731192,0.00211504673735,0.0,0.818728050093,-0.574038995483,-0.0120149305825,0.0,-0.00862352022325,0.00862958539533,-0.999925579808,0.0,0.657559533559,0.255483098701,0.303392868234,1.0,-0.01296,-0.0170331428571,0.649
0.461867407755,0.524051628428,-0.124077591312,-1.39316774894,0.0774074185729,1.90779222492,0.154404668095,-0.00222236409938,-0.0671740457366,-0.000611879620825,-0.114201355792,-0.00485283910389,0.0396886947018,-0.00823939599151,0.574089807569,0.81877795501,0.00207367700968,0.0,0.818734745372,-0.574029031165,-0.0120347414162,0.0,-0.0086635969621,0.0086069795133,-0.999925428215,0.0,0.657328303486,0.255194401095,0.303380891834,1.0,-0.0133,-0.01748,0.666
0.461714749231,0.522904913615,-0.124081873957,-1.39498192807,0.0772967025963,1.90849707865,0.154147227172,-0.011289501254,-0.0746627278746,-0.000478403096971,-0.113567080896,-0.00290806040575,0.0473145369236,-0.0139862249015,0.57407474652,0.818788442459,0.00210209526598,0.0,0.818745649075,-0.574013897082,-0.0120147816862,0.0,-0.00863109866307,0.0086186300393,-0.999925608909,0.0,0.657118195935,0.254921192834,0.303384724335,1.0,-0.01362,-0.0179005714286,0.682
0.461559935914,0.521668734566,-0.124084421265,-1.39693074777,0.0771804334929,1.90926328489,0.153890995328,-0.00926248520368,-0.072346546624,0.000485617193317,-0.116088257153,-0.00818241774464,0.0420758930068,-0.0186815388587,0.574066759896,0.818793929448,0.00214550289609,0.0,0.818751732064,-0.574005759776,-0.0119889902457,0.0,-0.00858514670406,0.00863928133001,-0.999925826286,0.0,0.656890833668,0.254636060079,0.303392295369,1.0,-0.01396,-0.0183474285714,0.699
0.461379654571,0.520316562103,-0.124090403276,-1.3990929839,0.0770448256934,1.91004683457,0.153602869319,-0.0111765930833,-0.080353525818,-0.000475209239038,-0.119432898754,-0.0108275650877,0.0436987499123,-0.0194023552536,0.574061397799,0.818797758888,0.00211860767828,0.0,0.818755211669,-0.574000511486,-0.0120026280686,0.0,-0.00861180887635,0.00862503258297,-0.999925720022,0.0,0.656627226456,0.254306544941,0.303381010249,1.0,-0.01432,-0.0188205714286,0.717
0.461233833576,0.519144763105,-0.124093600444,-1.40090125549,0.0769354058746,1.91069625654,0.153358706005,-0.00185778690403,-0.0813166273025,-0.000677474877413,-0.120363801449,-0.00970475761947,0.0338587952134,-0.0257956474757,0.574049685582,0.818805940377,0.00213011434801,0.0,0.818763498241,-0.573988707497,-0.0120018546913,0.0,-0.00860469400237,0.00863388701625,-0.999925704858,0.0,0.656404179995,0.254036103195,0.303399421275,1.0,-0.01462,-0.0192148571429,0.732
0.461046747619,0.517785086271,-0.124099296579,-1.40302219693,0.076792399879,1.911462729,0.153072582451,-0.0127948100377,-0.0843242805247,-0.000360723533249,-0.126313441276,-0.0133874254363,0.0422832986682,-0.0179857923497,0.574046366392,0.81880827813,0.00212598190315,0.0,0.818765873705,-0.573985497883,-0.011993297158,0.0,-0.00860009379229,0.00862555615369,-0.999925816332,0.0,0.65614771744,0.253705059113,0.303410741979,1.0,-0.01496,-0.0196617142857,0.749
0.460853086925,0.516365931948,-0.124097150684,-1.40527414871,0.0766481422797,1.91229667525,0.152755446109,-0.00800504967921,-0.0829624544031,-0.000930254854131,-0.121282610943,-0.00500074681556,0.0451739685162,-0.0141741131137,0.574023943234,0.818824006636,0.00212265215728,0.0,0.818781570219,-0.573963102914,-0.0119934842638,0.0,-0.00860239444252,0.00862270161029,-0.999925821162,0.0,0.65587439462,0.253363917613,0.303406644174,1.0,-0.01532,-0.0201348571429,0.767
0.460676077637,0.515069165595,-0.124100132082,-1.40734057013,0.0765224425654,1.91307163916,0.15247736362,-0.00959506876335,-0.0780921881929,-0.000687853841851,-0.125665000434,-0.00939290025104,0.0474497204924,-0.022631270595,0.574018515008,0.818827805754,0.00212505355843,0.0,0.818785388594,-0.573957653261,-0.0119936061563,0.0,-0.00860117305785,0.00862468085091,-0.999925814599,0.0,0.655625199777,0.253050152888,0.303399673423,1.0,-0.01564,-0.0205554285714,0.783
0.460472569773,0.513578651328,-0.124102783113,-1.40975118286,0.0763852606105,1.91390502153,0.152145465215,-0.0100699422053,-0.0843836577191,0.00141873096864,-0.130563268005,-0.00182899917984,0.0451019202869,-0.0228005092702,0.574004821523,0.818837578983,0.00205694321852,0.0,0.818794052915,-0.573944030063,-0.0120538859982,0.0,-0.00868977185265,0.00860336719702,-0.999925232174,0.0,0.655317382306,0.252683140707,0.303369359139,1.0,-0.016,-0.0210285714286,0.801
0.460282383357,0.512161275815,-0.12411182649,-1.41204207483,0.0762347570897,1.91471462545,0.151818382122,-0.00531119744511,-0.0856136805541,-0.00106364584124,-0.136350056684,-0.00763008739019,0.0434282758902,-0.0189058170877,0.573978359578,0.818856282018,0.00199475216751,0.0,0.818811971431,-0.573917867035,-0.0120823938077,0.0,-0.0087490886091,0.00856852450298,-0.999925014107,0.0,0.655029216852,0.252330698931,0.303342410352,1.0,-0.01634,-0.0214754285714,0.818
0.460101511854,0.510895641367,-0.124115248479,-1.41406726452,0.0761121052679,1.9154908592,0.151531664572,-0.0118661903252,-0.0820700515346,-0.00158570015746,-0.131001814448,-0.00571424848548,0.0432649558798,-0.0167963987419,0.573967134981,0.818864121061,0.00200651496966,0.0,0.818819968792,-0.573906597378,-0.0120757233799,0.0,-0.00873699264704,0.00857420795612,-0.999925071152,0.0,0.654787780356,0.252019373892,0.303332178478,1.0,-0.01664,-0.0218697142857,0.833
0.459902986533,0.509402367118,-0.12411588651,-1.4164316198,0.0759654786431,1.91637113922,0.151203899872,-0.0155157326692,-0.0868621371779,0.000861929096482,-0.134250701833,-0.0093813777152,0.051131575369,-0.01982802846,0.57394543861,0.818879314916,0.00201196470712,0.0,0.818835215925,-0.573884862568,-0.0120747909692,0.0,-0.00873332861079,0.00857790390555,-0.999925071461,0.0,0.654496473959,0.251664148943,0.303328358046,1.0,-0.01698,-0.0223165714286,0.85
0.459694781659,0.507882651972,-0.124112857097,-1.41881271971,0.0758209261697,1.91721775847,0.150875236181,-0.00839608584119,-0.0889941243221,0.00175701968181,-0.132811097112,-0.00719298576919,0.0460650914877,-0.0197174024121,0.573929059065,0.818890819674,0.00200187808547,0.0,0.818846465086,-0.573868407426,-0.0120939850998,0.0,-0.00875500734378,0.00858048548345,-0.999924859735,0.0,0.654195649211,0.251301273868,0.303331497085,1.0,-0.01732,-0.0227634285714,0.867
0.459488701664,0.506432091294,-0.124122391112,-1.4211095174,0.075670426697,1.91806613553,0.150559203447,-0.0127899185133,-0.0970205773984,-0.00113992911213,-0.142837491444,-0.0166701511527,0.0650525452111,-0.0227308160633,0.573924004066,0.818894378646,0.00199526433377,0.0,0.81885002364,-0.57386346612,-0.0120875116504,0.0,-0.00875355456899,0.00857130035658,-0.99992495123,0.0,0.65391520944,0.25094076005,0.303326451818,1.0,-0.01764,-0.023184,0.883
0.459258026062,0.504722293872,-0.124127827822,-1.42371237382,0.0755067095647,1.91907326018,0.150202276964,-0.0166076363181,-0.100559835556,-0.000754609799019,-0.146040369447,-0.0130837158617,0.0566222100146,-0.0199637488963,0.573914757287,0.818900629227,0.00208751572289,0.0,0.818857574507,-0.573853918777,-0.0120291096024,0.0,-0.00865288293914,0.00861322741072,-0.999925467188,0.0,0.653604891608,0.250542300723,0.30336992627,1.0,-0.018,-0.0236571428571,0.901
0.459033630846,0.503047087301,-0.124131259699,-1.42618720465,0.0753582632906,1.9200043686,0.14985581273,-0.0150994469983,-0.101340732378,-0.000997996252581,-0.147193945021,-0.011434304098,0.0511340219089,-0.0198906128101,0.573904369661,0.8189076096,0.0022018909487,0.0,0.818866034847,-0.573843043233,-0.0119718673653,0.0,-0.00854047791439,0.00867392770429,-0.999925908863,0.0,0.653305246686,0.250161278752,0.303442781682,1.0,-0.01834,-0.024104,0.918
0.458823318716,0.50155263054,-0.124134084415,-1.42841898376,0.0752110044734,1.92080884174,0.149546665513,-0.0177247542698,-0.0982958805672,-0.000220034014145,-0.145007139114,-0.00565272172864,0.0580825017238,-0.0202052486252,0.573900479596,0.818910175756,0.00226063346357,0.0,0.818869457818,-0.573839007797,-0.0119310974045,0.0,-0.00847342054837,0.00869859369608,-0.999926265088,0.0,0.653010060574,0.24978553411,0.303500737179,1.0,-0.01866,-0.0245245714286,0.934
0.458569917958,0.499725156258,-0.124128809976,-1.43116505336,0.0750307194321,1.92178650164,0.149158390014,-0.0186552871916,-0.101827140753,0.001049912474,-0.152971475042,-0.0185235801927,0.0474706008797,-0.0193607516649,0.573876265783,0.818927024905,0.00230355201568,0.0,0.818886807914,-0.573814565082,-0.0119158560719,0.0,-0.00843656729424,0.0087247433215,-0.999926348881,0.0,0.652682405029,0.24938137133,0.303546038161,1.0,-0.019,-0.0249714285714,0.951
0.458320247514,0.498060795162,-0.124135155405,-1.43380120915,0.0748698163899,1.92277607021,0.148778878937,-0.0144124950115,-0.0996016889894,-0.000957083679832,-0.158457007976,-0.0022030871338,0.0640253535623,-0.024884309258,0.57386524938,0.818934708347,0.00231644544481,0.0,0.818894643402,-0.573803482272,-0.0119110721893,0.0,-0.00842536818114,0.00873244330536,-0.999926376092,0.0,0.652359541945,0.248965159091,0.303537981506,1.0,-0.01934,-0.0254182857143,0.968
0.458074445842,0.496463392234,-0.124130184302,-1.43631680796,0.0747135080466,1.92366271852,0.14840459288,-0.013693722532,-0.0996714049444,0.000247979698073,-0.155895487244,-0.00646144613364,0.0549111973013,-0.0181646544757,0.573841379408,0.81895150439,0.00229164519126,0.0,0.818910984629,-0.573779578377,-0.0119390783552,0.0,-0.00846278990328,0.00872795865243,-0.999926099232,0.0,0.652038547551,0.24856551074,0.303530706821,1.0,-0.01966,-0.0258388571429,0.984
0.457790498517,0.494688588132,-0.124140857237,-1.43922408251,0.0745348033122,1.92466383145,0.147986462425,-0.0159956096746,-0.102720630239,-0.00179147373845,-0.157631746359,-0.0126234040779,0.0607269631837,-0.0203892924886,0.573844379075,0.818949690475,0.00218631548525,0.0,0.818907660475,-0.573782869127,-0.0120087306857,0.0,-0.00858024110236,0.00868170025256,-0.999925500997,0.0,0.65168512957,0.248116248392,0.303473685986,1.0,-0.01998,-0.0262594285714,1.001
0.45749135249,0.492594153269,-0.124197348981,-1.44243028946,0.0743467754687,1.92583458626,0.147544552401,-0.0159983026805,-0.147579295848,-0.0101238211524,-0.213017428301,-0.014292195404,0.0846284191206,-0.0274492121696,0.573871390658,0.818930664082,0.0022229062108,0.0,0.81888919081,-0.57380980655,-0.0119810676818,0.0,-0.00853630268055,0.00869607326668,-0.999925752167,0.0,0.651270468284,0.247560671205,0.303505678685,1.0,-0.0305125714286,-0.0401022367347,1.019
0.457184479567,0.490138998467,-0.124240765122,-1.44630265715,0.0741511504559,1.92732358465,0.146944851481,-0.0222080920449,-0.173994849102,-0.000656418095677,-0.281491243381,-0.00689985892841,0.102214377449,-0.0397917649062,0.573803227871,0.818978226959,0.00229485368579,0.0,0.818937499702,-0.573741161664,-0.0119665322611,0.0,-0.00848384069474,0.00874594496401,-0.999925763691,0.0,0.650748702359,0.246928705535,0.303500127823,1.0,-0.0398748571429,-0.052406955102,1.035
0.456562369821,0.486040959809,-0.124293067255,-1.45280147725,0.0737787390526,1.92975494325,0.145989872287,-0.0351456770029,-0.240983023616,-0.00577663414215,-0.37503840825,-0.0203153597646,0.137067081475,-0.0547110079633,0.573793178574,0.818985188062,0.00232311375522,0.0,0.818944693112,-0.573730858404,-0.0119682345869,0.0,-0.0084691278619,0.0087699618958,-0.999925678059,0.0,0.649977700273,0.245931246507,0.303467930582,1.0,-0.0504074285714,-0.0662497632653,1.053
0.455916165043,0.481787653722,-0.124416900839,-1.45952492234,0.0733654439551,1.93212834253,0.144956359716,-0.0419470891001,-0.284298820938,-0.00475268998481,-0.450144833603,-0.0309735129554,0.151123457169,-0.0684283217173,0.573784123925,0.818991817566,0.00222008845435,0.0,0.818950143982,-0.573722396042,-0.0120008688682,0.0,-0.00855506365074,0.00870421737236,-0.999925520969,0.0,0.649123006106,0.244793018393,0.303428827736,1.0,-0.0597697142857,-0.0785544816326,1.069
0.455122926888,0.476724839172,-0.124534468555,-1.46746562793,0.0728901053073,1.93492681886,0.143790432042,-0.0517027958719,-0.330382637512,-0.00786299975011,-0.51344565319,-0.0315370972051,0.17942504797,-0.0765247603773,0.573821873237,0.818965573304,0.00214346420103,0.0,0.818922838155,-0.573760399055,-0.0120472621175,0.0,-0.00863662433325,0.00866848119776,-0.999925130274,0.0,0.6481036688,0.243449474428,0.303403180354,1.0,-0.069132,-0.0908592,1.085
0.454127200818,0.470572446787,-0.124648220157,-1.47700324602,0.0723316954789,1.93834986599,0.142382594052,-0.0602284657019,-0.375791988199,0.000730174151997,-0.581373734605,-0.0327248322215,0.215588093213,-0.0854002862716,0.57387482989,0.818928373849,0.00217830773383,0.0,0.8188858753,-0.57381298179,-0.0120553749182,0.0,-0.00862271333586,0.00870222921062,-0.999924957195,0.0,0.646882554658,0.241832811889,0.303418126747,1.0,-0.0790794285714,-0.103932963265,1.102
0.452899522844,0.463144345297,-0.124703429471,-1.48825959078,0.0716316213513,1.94253369006,0.14056111546,-0.0734410047442,-0.419797100068,0.000947768689089,-0.661501817073,-0.0379985099989,0.231573156244,-0.104494561992,0.573771917237,0.818999626546,0.00247903386178,0.0,0.818961061628,-0.573708873714,-0.0119018763761,0.0,-0.00832554887513,0.00885936520054,-0.999926095711,0.0,0.645451252856,0.239945308826,0.303548861738,1.0,-0.089612,-0.117775771429,1.12
0.451712015329,0.456368083933,-0.124772727727,-1.49889804031,0.0709454379279,1.94613485225,0.138976838029,-0.0811914393436,-0.457396846591,-0.00842466004575,-0.736876219262,-0.0475247962141,0.243207438334,-0.106654047244,0.573804140621,0.818977709977,0.00225070379126,0.0,0.818935740807,-0.573741573979,-0.0120667152663,0.0,-0.00859121390744,0.00876728175746,-0.999924660069,0.0,0.644012005793,0.238107291945,0.303463383208,1.0,-0.0983891428571,-0.129311444898,1.135
0.450151383495,0.447252051967,-0.124925609432,-1.51253694838,0.0700016157632,1.95107327567,0.136831287907,-0.0895086517007,-0.518408734441,-0.00574936199116,-0.759432235445,-0.0487053355839,0.281989365511,-0.123179609163,0.573799688276,0.818979970238,0.00254420612838,0.0,0.818942746973,-0.573736921106,-0.0118097180973,0.0,-0.00821237569881,0.00886014230372,-0.999927024719,0.0,0.642239534772,0.235709630228,0.30365950769,1.0,-0.108921714286,-0.143154253061,1.153
0.448481859282,0.438034818901,-0.124981626021,-1.52668397789,0.0690876915777,1.95595531729,0.13460464483,-0.101986351739,-0.551502083965,-0.00107309507687,-0.835840315793,-0.0596512669796,0.285049020519,-0.142650576163,0.573764503635,0.819004725433,0.00251017701405,0.0,0.818966464776,-0.573701231958,-0.0118984420476,0.0,-0.00830494851288,0.00888282551255,-0.999926058887,0.0,0.64029759817,0.233248688045,0.303656357191,1.0,-0.118869142857,-0.156228016327,1.17
0.446746433997,0.428594314751,-0.125081298694,-1.54076771011,0.0681312722873,1.96098194823,0.132275097596,-0.107166366227,-0.589207812713,-0.00453692122496,-0.913913494091,-0.0646677553046,0.320507463942,-0.150505002235,0.573700765225,0.819048404204,0.00280899471396,0.0,0.819014330737,-0.573636730806,-0.011712131308,0.0,-0.00798161358387,0.00902003928322,-0.999927463737,0.0,0.638398143551,0.230739531488,0.303827308971,1.0,-0.128231428571,-0.168532734694,1.186
0.444680650008,0.418056725349,-0.12517715611,-1.55677813078,0.0669986305354,1.9664755853,0.129627446604,-0.129533523388,-0.633465114593,-0.00661839347778,-0.943915100847,-0.0594280742993,0.32377184883,-0.158001455503,0.573658329709,0.819078203308,0.00278648929326,0.0,0.819043932386,-0.573594486581,-0.0117110498203,0.0,-0.00799410466141,0.00900057171624,-0.999927539374,0.0,0.636165732465,0.227824185069,0.303844809577,1.0,-0.138178857143,-0.181606497959,1.203
0.442419470084,0.406792408656,-0.125289163557,-1.57372374734,0.0658093015312,1.97240279333,0.126814529573,-0.144147105052,-0.668449563169,-0.00634913358101,-1.03237942953,-0.066465277958,0.338900578016,-0.168549859902,0.573655845692,0.819079344702,0.00295714171496,0.0,0.819047496964,-0.573591662502,-0.0115995398992,0.0,-0.00780490197548,0.00907635813832,-0.999928349047,0.0,0.633796794766,0.224706432636,0.303918401998,1.0,-0.148126285714,-0.194680261224,1.22
0.44004457193,0.395539370798,-0.125410741481,-1.59052441303,0.0646650434002,1.97812082618,0.123952785199,-0.159345425859,-0.715663557072,-0.011400281723,-1.06341260946,-0.0815946774957,0.369864055358,-0.178961571935,0.573699129454,0.81904850592,0.0030985020611,0.0,0.819018140198,-0.573634070137,-0.0115752540001,0.0,-0.00770343646083,0.00917861925543,-0.99992820243,0.0,0.631397255626,0.221534391855,0.304003746264,1.0,-0.157488571429,-0.206984979592,1.236
0.437141223042,0.382375872318,-0.125554946642,-1.61039914836,0.0631462511481,1.98471678695,0.120455105909,-0.166708523824,-0.752182224117,-0.00999478090347,-1.10141499204,-0.0728392219869,0.359996607466,-0.198790014854,0.573652236254,0.819082004075,0.00292050369267,0.0,0.81904968382,-0.573588177504,-0.0116174422101,0.0,-0.00784062241347,0.00905658369675,-0.999928248892,0.0,0.628482441914,0.217703882402,0.303950902776,1.0,-0.168021142857,-0.220827787755,1.254
0.434144542575,0.369217091338,-0.125693648214,-1.63002931757,0.0616913468865,1.99123956156,0.116972471645,-0.183901927728,-0.790891483123,-0.00707402790164,-1.17086419008,-0.0873781596121,0.375715028985,-0.201155262424,0.573669757822,0.819069726693,0.00292210146542,0.0,0.819037363349,-0.573605617773,-0.0116249559029,0.0,-0.0078456666913,0.00906237039587,-0.999928156898,0.0,0.625563016926,0.213872268515,0.303960498776,1.0,-0.177968571429,-0.23390155102,1.271
0.431033212966,0.356324107946,-0.125889671071,-1.6490944096,0.0601791132459,1.9975466259,0.11350605009,-0.199801054377,-0.773759542661,-0.0113261370881,-1.20224440261,-0.102155989121,0.394298655619,-0.229335580048,0.573765787277,0.819002389266,0.00294187488924,0.0,0.818971052803,-0.573702464234,-0.0115171222131,0.0,-0.00774493885067,0.00901761468606,-0.999929346778,0.0,0.622716091326,0.209996077858,0.304000832927,1.0,-0.187330857143,-0.246206269388,1.287
0.427432912234,0.341993555889,-0.126070148239,-1.67007440938,0.0586438958522,2.00432151683,0.109536782516,-0.212087115009,-0.876792262688,-0.00921216780443,-1.23811462284,-0.0898572055775,0.4083120428,-0.228299532212,0.573871742264,0.818927765014,0.00304729729054,0.0,0.818897150315,-0.57380731568,-0.0115485314822,0.0,-0.00770900001972,0.00912297459523,-0.999928668783,0.0,0.619498460183,0.205680530811,0.304073781989,1.0,-0.197278285714,-0.259280032653,1.304
0.423642279758,0.327235679322,-0.126191855735,-1.69169240996,0.0569263697775,2.0112985389,0.105342692435,-0.228256666251,-0.903352437423,-0.00519529081348,-1.27206865905,-0.104293843748,0.420061208055,-0.252049596417,0.573827868644,0.818958340821,0.00309193591983,0.0,0.818928298381,-0.57376330008,-0.0115266861194,0.0,-0.00766598397644,0.00914658365002,-0.999928783813,0.0,0.616104969955,0.201234077362,0.304086167695,1.0,-0.207225714286,-0.272353795918,1.321
0.419887090145,0.312907249149,-0.126295476453,-1.71265163893,0.055170362412,2.01787720909,0.101204949203,-0.236200172859,-0.889694855796,-0.00866549320479,-1.30785714364,-0.102783232202,0.402493148578,-0.268817798949,0.573710405499,0.819041081914,0.00297046467808,0.0,0.819009601113,-0.57364639812,-0.0115684964565,0.0,-0.00777122711076,0.00906998050944,-0.999928669197,0.0,0.612711146646,0.196892370599,0.304040757369,1.0,-0.216588,-0.284658514286,1.337
0.415524555771,0.297072056795,-0.126409740779,-1.73554041753,0.0532213812861,2.02499302422,0.0964728333991,-0.267658024368,-0.929953776765,-0.0100389470215,-1.37281872085,-0.123716212444,0.400666877688,-0.281785981801,0.573567228259,0.819141456106,0.00294218590726,0.0,0.819109795254,-0.573503547786,-0.0115572876163,0.0,-0.00777984913681,0.0090390287497,-0.999928882424,0.0,0.608954215797,0.192024859401,0.304043224969,1.0,-0.226535428571,-0.297732277551,1.354
0.410815408141,0.280664276377,-0.126590125804,-1.75890299588,0.051312812405,2.03214413864,0.0915564056408,-0.288252731128,-0.97005346495,-0.0143683826017,-1.40720139869,-0.124226233601,0.428616283641,-0.310443624795,0.573592288177,0.819123377363,0.00308650316472,0.0,0.819093087711,-0.573527556811,-0.0115499845563,0.0,-0.0076908158111,0.00915329170669,-0.999928531748,0.0,0.605057803138,0.186919230376,0.3041232903,1.0,-0.236482857143,-0.310806040816,1.371
0.40603613422,0.264816632824,-0.126763382544,-1.78133626766,0.0493811107281,2.03883491104,0.0866662911871,-0.311231867053,-1.00660165594,-0.00959672869417,-1.41445622881,-0.112430829197,0.40810941249,-0.3116459608,0.573607075898,0.819112865271,0.00312783120542,0.0,0.819082899074,-0.573541958682,-0.0115573775852,0.0,-0.00767300196189,0.00919152357853,-0.999928317898,0.0,0.601235496441,0.181887653191,0.304174653153,1.0,-0.245845142857,-0.323110759184,1.387
0.400532328668,0.247568508395,-0.126981028262,-1.80569098172,0.0472161383251,2.04596923844,0.0812451480042,-0.330817653469,-1.00884536673,-0.00838885589114,-1.44616618409,-0.128573057316,0.404512512041,-0.335048720709,0.573737067283,0.819021983537,0.0030846410276,0.0,0.818991338805,-0.573671929342,-0.0115953158184,0.0,-0.00772739536798,0.00917913350355,-0.999928012843,0.0,0.5970135175,0.176262064148,0.30416939302,1.0,-0.255792571429,-0.336184522449,1.404
