position_joint1,position_joint2,position_joint3,position_joint4,position_joint5,position_joint6,position_joint7,velocity_joint1,velocity_joint2,velocity_joint3,velocity_joint4,velocity_joint5,velocity_joint6,velocity_joint7,ee_T_00,ee_T_10,ee_T_20,ee_T_30,ee_T_01,ee_T_11,ee_T_21,ee_T_31,ee_T_02,ee_T_12,ee_T_22,ee_T_32,ee_T_03,ee_T_13,ee_T_23,ee_T_33,v_x,v_y,time
0.465082893177,0.547881528434,-0.123988552788,-1.3558590399,0.0794673502975,1.89409437027,0.159174372454,0.00211631652403,-0.000482660711788,0.000817027580454,-0.000617369140105,0.000134986507878,0.000120045653032,0.000861489437064,0.573803557648,0.818979208255,0.00181123673983,0.0,0.818934513457,-0.573745820115,-0.011947529885,0.0,-0.00874575743999,0.00833897998258,-0.999926983904,0.0,0.661666634003,0.260886397083,0.303130308532,1.0,0.0,0.0,0.0
0.465077339998,0.547879413446,-0.12399133674,-1.35585761485,0.0794656724488,1.89409779204,0.15916765541,-0.00022404729727,-0.00134927192991,-0.000184711545187,0.000130427585267,-0.000432845610867,1.11502060922e-05,-0.00167658810049,0.573804048393,0.818978854961,0.0018155097326,0.0,0.818934251704,-0.573746326776,-0.0119411388525,0.0,-0.00873806641893,0.00833881746841,-0.999927052499,0.0,0.661669882696,0.260881270589,0.303132871192,1.0,-0.00018,-0.000236571428571,0.01
0.465074164096,0.547880561191,-0.123989275851,-1.35586229322,0.0794660142179,1.89409786915,0.159169135487,-0.00061535035604,-0.000718603190889,0.000279751059842,-0.00105688047981,-0.000179195671038,0.00015526533677,-0.00895453774781,0.573806769298,0.818976957717,0.00181139076948,0.0,0.818932282299,-0.573749047281,-0.0119454867379,0.0,-0.00874396300722,0.0083379680615,-0.999927008036,0.0,0.661669129938,0.260879850683,0.303129770726,1.0,-0.00052,-0.000683428571429,0.027
0.465071224581,0.54785699317,-0.123996920581,-1.35587322684,0.0794672186543,1.89409928125,0.159167654739,-0.00184952292535,-0.00251365189958,-0.00139344530185,-0.00258901927284,9.08852551646e-05,0.00133663034632,-0.000935906157608,0.573814191611,0.818971731395,0.001823069355,0.0,0.818927227558,-0.57375643746,-0.0119370573942,0.0,-0.00873028286856,0.0083427746957,-0.999927087478,0.0,0.66166998698,0.260872788073,0.303141640723,1.0,-0.00084,-0.001104,0.043
0.465077862389,0.547790485,-0.123994533147,-1.35595009206,0.0794645999613,1.8941115698,0.159170764506,0.00128705093456,-0.00696047818012,-0.00100051094349,-0.00679861488986,0.000490841304152,0.000335107270625,-0.000151218377676,0.573813104463,0.818972483481,0.00182738842728,0.0,0.818927983628,-0.57375528209,-0.0119407204974,0.0,-0.00873081585295,0.00834840215079,-0.999927035856,0.0,0.661654443324,0.260870722448,0.303153156072,1.0,-0.00118,-0.00155085714286,0.06
0.465071559919,0.54766237642,-0.123991749087,-1.35611377199,0.0794610379455,1.89414300651,0.159171503375,-0.00381243088661,-0.00906465775834,0.00011024602151,-0.00961158191518,0.000502429095977,0.00191342123846,-0.00147248106739,0.573822476447,0.818965912555,0.00182934353611,0.0,0.8189213001,-0.573764512563,-0.0119555538126,0.0,-0.00874174694163,0.00835861481218,-0.999926855034,0.0,0.661626442532,0.260849388508,0.303168839967,1.0,-0.00152,-0.00199771428571,0.077
0.465054274162,0.547518954301,-0.123986656248,-1.35631922509,0.0794561412223,1.89420983976,0.159157704379,-0.0012551339752,-0.00831715872439,0.00216444638395,-0.0152131883177,-5.00127630391e-06,0.00582383457356,-0.00133067168302,0.573834330807,0.818957583661,0.00183952528042,0.0,0.818913022768,-0.57377624433,-0.0119594934675,0.0,-0.00873901021826,0.00836934027431,-0.999926789242,0.0,0.661601403045,0.260824727789,0.303178075195,1.0,-0.00184,-0.00241828571429,0.093
0.465026826913,0.547316050444,-0.123989252298,-1.35655240955,0.07945287158,1.89435315707,0.159152715552,-0.00297867774857,-0.0128012286056,0.000557951286453,-0.0137326639989,-0.000161929785563,0.0109646866349,0.00030927470399,0.573867040635,0.818934431755,0.00193986086379,0.0,0.818891171835,-0.573808521502,-0.0119069829301,0.0,-0.00863809591569,0.00842172213715,-0.9999272263,0.0,0.661589828397,0.260789278433,0.303223340415,1.0,-0.0022,-0.00289142857143,0.111
0.465003852363,0.547108718517,-0.123991749087,-1.35680205224,0.0794510674387,1.89447940659,0.159138019944,0.0013273470573,-0.0144849655119,-0.000445718272783,-0.0178335686586,-3.86642976623e-05,0.00868727477663,-0.000762897097039,0.573889217622,0.818918702817,0.00201766567794,0.0,0.818876395433,-0.573830316645,-0.0118728093745,0.0,-0.00856523282421,0.00846605907834,-0.999927478686,0.0,0.661569903819,0.260754020931,0.303262418225,1.0,-0.00254,-0.00333828571429,0.128
0.464966200393,0.546888656665,-0.123986974543,-1.35712601482,0.0794441407273,1.89461021703,0.159115287704,-0.00119455347966,-0.013505733197,0.000766143379573,-0.0207215013097,0.000313050014738,0.00986720650046,0.00116891844693,0.573914449408,0.818900944159,0.00204824717136,0.0,0.81885891158,-0.573855299066,-0.0118712072592,0.0,-0.0085461098789,0.00849044629478,-0.999927435531,0.0,0.661536597497,0.260704075512,0.303275276198,1.0,-0.00286,-0.00375885714286,0.144
0.464925028555,0.546600280346,-0.123990199687,-1.35754786044,0.0794350494376,1.89475796251,0.158987187824,-0.00164887430387,-0.0145605597765,-0.00102947364157,-0.0238480505164,-2.51684377785e-05,0.0142510456141,-0.00747637380962,0.573866625448,0.818934403644,0.00207017535551,0.0,0.818892505242,-0.573807241701,-0.0118769158728,0.0,-0.0085386978032,0.00851118058239,-0.999927322581,0.0,0.661488863822,0.26063724715,0.303291644472,1.0,-0.00322,-0.004232,0.162
0.464880310922,0.546317832881,-0.123992735489,-1.3580135189,0.0794160090155,1.89492018131,0.158945367568,-0.00509821614755,-0.0170022215802,-0.000857673609908,-0.029909458724,-0.000435112872942,0.00817709167612,-0.000473714349944,0.573891726713,0.818916848619,0.00205620024032,0.0,0.818874682596,-0.573832311349,-0.0118945178987,0.0,-0.00856087180025,0.00851009958024,-0.999927142185,0.0,0.661435088068,0.260562559665,0.303284159875,1.0,-0.00356,-0.00467885714286,0.179
0.464841588773,0.546038887774,-0.123992438758,-1.35846789442,0.0794011982172,1.89508546249,0.158909958329,-0.00271785729271,-0.0185599506383,-0.00611843444852,-0.0292407657781,0.000212860375477,0.0176771883453,-0.00345071065985,0.57391571013,0.818900046514,0.00205387099118,0.0,0.818857728137,-0.573856180068,-0.0119101875955,0.0,-0.00857479170592,0.00851743589242,-0.999926960449,0.0,0.661381935656,0.260495667684,0.30327972849,1.0,-0.00386,-0.00507314285714,0.194
0.464785296627,0.545699478538,-0.123992439732,-1.35905753794,0.0793154404095,1.89528510331,0.158814854972,-0.00337047988474,-0.021647731845,-2.62441007829e-06,-0.0399629777506,-0.0115644253176,0.0148788883211,0.0010478045896,0.573894032425,0.81891541398,0.00198272408937,0.0,0.818872590332,-0.57383521343,-0.0118985516779,0.0,-0.00860631617033,0.00845226894578,-0.999927242589,0.0,0.661314731263,0.260392558465,0.303256569692,1.0,-0.0042,-0.00552,0.211
0.464723669685,0.545317919839,-0.123996007425,-1.35974105495,0.0792592000431,1.89549922543,0.158739392117,-0.00166935355193,-0.0211497260831,-0.000624433242862,-0.0401509073293,4.19676902888e-05,0.012061844212,-0.00518809606321,0.573907152825,0.818906423439,0.00189644050657,0.0,0.818862577225,-0.573848790152,-0.0119328354957,0.0,-0.00868377273649,0.00840142555869,-0.999927001405,0.0,0.661226011095,0.260271985347,0.303219748059,1.0,-0.00456,-0.00599314285714,0.229
0.464666561587,0.544901306089,-0.123993209482,-1.36040778029,0.079243322024,1.89571842892,0.158648056878,-0.00301738776115,-0.0340688347925,0.00132502390647,-0.0379804177886,-0.00313330170973,0.0121935171971,-0.00480335428563,0.573911062161,0.818903706074,0.0018867456429,0.0,0.81885944446,-0.573852460766,-0.0119712318727,0.0,-0.00872074041808,0.00841556391409,-0.999926560789,0.0,0.661146968424,0.260181525384,0.303216457855,1.0,-0.00486,-0.00638742857143,0.244
0.464593734617,0.5444432056,-0.123996330167,-1.3612002483,0.0792141080971,1.89600760084,0.158558296794,-0.00580809439043,-0.0259216336118,0.00145123354826,-0.0487679633192,-0.00768559755935,0.00948216750673,-0.00943503121801,0.573935855353,0.818886399937,0.00185602785976,0.0,0.818841566518,-0.573877217999,-0.0120072688846,0.0,-0.0087676258893,0.00841135684264,-0.999926186182,0.0,0.66105573239,0.260058408852,0.303188666565,1.0,-0.00522,-0.00686057142857,0.262
0.464525566038,0.543942365977,-0.123999444077,-1.36200923317,0.0791806331647,1.89629530811,0.158449650541,-0.00584238481511,-0.0299931284265,0.00118321667269,-0.0482129646945,-0.00128740072994,0.011627454908,-0.00107554311762,0.573941004693,0.818882813479,0.00184602871569,0.0,0.818837697549,-0.573882264381,-0.0120299045001,0.0,-0.00879184817381,0.00841621541657,-0.999925932619,0.0,0.660960451094,0.259936198473,0.303183069291,1.0,-0.00556,-0.00730742857143,0.279
0.464453559953,0.543481103941,-0.124002738882,-1.36275665862,0.0791454748276,1.89655083716,0.158371509515,-0.0030975102269,-0.0307902343796,-0.00167838355146,-0.0527331110733,-0.0065770135573,0.01230089836,-0.00614574481831,0.573967285212,0.818864453818,0.00181897787405,0.0,0.818818906298,-0.573908585101,-0.012053279157,0.0,-0.00882624476819,0.00840776326458,-0.9999257007,0.0,0.660866747963,0.259804621199,0.303176158041,1.0,-0.00588,-0.007728,0.295
0.46437110714,0.542888342705,-0.124007755913,-1.36369209114,0.0790838731688,1.89689120943,0.158242962033,-0.00200291406319,-0.03729556835,-0.00252176362468,-0.0544809492935,-0.00284137201,0.0192670440045,0.000649457959054,0.573971770802,0.818861311394,0.00181822081632,0.0,0.818815776406,-0.573913094817,-0.0120511745315,0.0,-0.00882490975177,0.00840598371669,-0.999925727445,0.0,0.66076690763,0.25966816541,0.303179641082,1.0,-0.00622,-0.00817485714286,0.312
0.464283681464,0.54225913168,-0.124003131514,-1.36467603728,0.0790258769873,1.89724223039,0.158102811674,-0.00199334109599,-0.0385196127462,0.00126789542028,-0.0590892028097,-0.00622753980456,0.028767875337,-0.00359210829408,0.573964472192,0.818866429384,0.00181724826147,0.0,0.818820815164,-0.573905738028,-0.0120591630135,0.0,-0.00883208459856,0.0084096937496,-0.999925632901,0.0,0.66065153338,0.259518986095,0.303186579396,1.0,-0.00658,-0.008648,0.33
0.464203899156,0.541704551562,-0.124015923988,-1.36552251404,0.0789740357093,1.8975622787,0.157993617655,-0.00876016444398,-0.0355382729909,0.00307601597468,-0.0592286062177,-0.00626283763113,0.0252460003389,-0.000527846643722,0.573982539295,0.818853720405,0.00183740708696,0.0,0.818808445565,-0.5739237871,-0.0120400570509,0.0,-0.0088046833937,0.00841542898319,-0.999925826302,0.0,0.660561240478,0.259379004356,0.303203979225,1.0,-0.00688,-0.00904228571429,0.345
0.464126989646,0.541037924982,-0.124015160856,-1.36653740731,0.0789198266869,1.89794317051,0.157866940349,-0.00407651182233,-0.0460229720238,-0.000164956581698,-0.0654158371932,-0.00323383992592,0.0212512303515,-0.000947828584473,0.573983074816,0.818853273353,0.0018690760108,0.0,0.818808341173,-0.573924116777,-0.0120314383377,0.0,-0.00877944389881,0.0084364194267,-0.999925871349,0.0,0.660443301496,0.259234010448,0.303225194491,1.0,-0.00722,-0.00948914285714,0.362
0.46403202939,0.540321099909,-0.124019681589,-1.36763006795,0.0788543268097,1.89833540694,0.157730886624,-0.00569270725473,-0.042707999721,-0.00687057540673,-0.0713298271203,-0.000484393820411,0.0190840656251,-0.00600226125926,0.573995506403,0.818844527928,0.00188271434547,0.0,0.818799766582,-0.573936480781,-0.0120251891869,0.0,-0.00876637069706,0.0084441331993,-0.999925920936,0.0,0.660317310751,0.259064412931,0.303245913654,1.0,-0.00756,-0.009936,0.379
0.46394443549,0.539625667332,-0.124015876763,-1.36870818793,0.0787879747449,1.8987601901,0.157588341348,-0.00186595547194,-0.0430757134726,0.000172107848791,-0.0684047192025,-0.000687349843909,0.0331298195606,-0.0102109735954,0.573989917647,0.818848364827,0.00191748811536,0.0,0.8188040744,-0.57393075952,-0.0120049124866,0.0,-0.00872986562612,0.00846090870975,-0.999926098504,0.0,0.660196639844,0.258908029513,0.303260877094,1.0,-0.00788,-0.0103565714286,0.395
0.463837230301,0.538825682452,-0.124026212464,-1.3699437672,0.078705766888,1.89922513231,0.157432683082,-0.0101140436311,-0.0438121467801,-0.00106508129377,-0.0681239525613,-0.00323686242102,0.0273197281002,-0.0143902349814,0.574003802044,0.818838590442,0.00193518547065,0.0,0.818794652292,-0.57394468459,-0.0119817907877,0.0,-0.00870063077911,0.00846227590704,-0.999926341742,0.0,0.660059276629,0.258713353578,0.303278571178,1.0,-0.00824,-0.0108297142857,0.413
0.463731025674,0.538036137825,-0.12402648865,-1.37116609587,0.0786524567514,1.89970083301,0.157284076196,-0.0112132833558,-0.0454574053858,-0.000648681073235,-0.0731793851976,-0.00471372156647,0.0286193820677,-0.00272696052979,0.57402262629,0.818825283252,0.00198164459222,0.0,0.818781785791,-0.573963148608,-0.0119765687546,0.0,-0.00866949324795,0.00849751955209,-0.999926313309,0.0,0.659922422173,0.258532016109,0.303295713577,1.0,-0.00858,-0.0112765714286,0.43
0.463627476305,0.537260642256,-0.124026907937,-1.37235688485,0.0785797403183,1.90014078294,0.157141049367,-0.0059875274435,-0.0508178021112,-0.000213014867438,-0.0780561770112,-0.00287565045359,0.027536484429,-0.00843112928019,0.574036699336,0.818815368016,0.00200195318552,0.0,0.818772133106,-0.573977132286,-0.0119663094855,0.0,-0.00864928928237,0.00850840809358,-0.999926395685,0.0,0.659785536652,0.258350367473,0.303314669378,1.0,-0.0089,-0.0116971428571,0.446
0.463508409996,0.536425600373,-0.12402983105,-1.37367907572,0.0785001968954,1.90064159745,0.156979265194,-0.0139108028028,-0.0484396706564,-9.99175334188e-05,-0.0779459901903,-0.000865301786837,0.0270224719918,-0.00847934740057,0.574052551776,0.818804237719,0.00200872934169,0.0,0.818761096914,-0.573992960037,-0.0119622284542,0.0,-0.00864189323335,0.00851178108644,-0.999926430926,0.0,0.659626082984,0.25813489399,0.303317594929,1.0,-0.00926,-0.0121702857143,0.464
0.463388720029,0.535488383661,-0.124035429664,-1.375160013,0.0784140726228,1.90116476146,0.156801347003,-0.00664567649997,-0.054006428217,-0.00121919449768,-0.088824802163,-0.00988195922076,0.0351230087851,-0.0106717521179,0.574069663814,0.818792274535,0.00199478076478,0.0,0.818748902811,-0.574010080235,-0.011975342846,0.0,-0.00866046068105,0.00850806941085,-0.999926301872,0.0,0.659458705547,0.257921137619,0.303320438537,1.0,-0.0096,-0.0126171428571,0.481
0.463275162587,0.534705026314,-0.124036477673,-1.37641872407,0.0783573309911,1.90163098268,0.156647847124,-0.0103043964345,-0.04787236446,0.000112077248452,-0.0848839732115,-0.00700857362272,0.0302553131943,-0.0111179369828,0.574091587593,0.818776899339,0.00199626283514,0.0,0.818733359388,-0.574031810793,-0.0119963879524,0.0,-0.00867661401261,0.00852159644937,-0.999926046647,0.0,0.659312473474,0.257728964233,0.303314520388,1.0,-0.0099,-0.0130114285714,0.496
0.463152556728,0.533797723214,-0.12404238992,-1.37791095732,0.0782590494005,1.90216772939,0.156464673224,-0.00677964224622,-0.0497934872912,-4.1133306848e-05,-0.0866047157389,-0.00149137107767,0.0297251725581,-0.00712088669054,0.574095212059,0.818774452493,0.00195712467488,0.0,0.818730454519,-0.574035652747,-0.0120107918201,0.0,-0.00871083786689,0.0084978592617,-0.999925951104,0.0,0.65912635121,0.257489133682,0.303294292113,1.0,-0.01026,-0.0134845714286,0.514
0.46300527051,0.532799372435,-0.124037382156,-1.37950754269,0.0781675966853,1.90279252043,0.156259051311,-0.0116986964393,-0.0556236372117,-0.000570377275861,-0.0905603241286,-0.000998524741226,0.0377261605313,-0.0132752939535,0.574113123221,0.818761857613,0.00197209657544,0.0,0.818718012883,-0.574053456669,-0.0120079627183,0.0,-0.00869974050235,0.00850868378773,-0.999925955666,0.0,0.658955641892,0.257257022398,0.303289046235,1.0,-0.0106,-0.0139314285714,0.531
0.462880230658,0.53187393436,-0.124042471157,-1.38098727619,0.0780833777716,1.90332514722,0.156077337009,-0.00444863440144,-0.0600955242452,0.002361519438,-0.0932932519719,-0.00682982850312,0.0305781126105,-0.0120150500909,0.57412833969,0.81875122911,0.00195481406791,0.0,0.8187070926,-0.574068680437,-0.0120247066343,0.0,-0.00872321375296,0.00850430873163,-0.999925788384,0.0,0.658779278241,0.257030701569,0.303283465694,1.0,-0.01092,-0.014352,0.547
0.462740380714,0.530870332539,-0.12403993169,-1.38261460592,0.0779859071595,1.90389574049,0.15586002731,-0.00671576728971,-0.0606120781431,-0.000422578833242,-0.101249475215,-0.00314649582386,0.0336594873079,-0.00929004560736,0.574125365263,0.818753419097,0.00191064878893,0.0,0.818708609277,-0.574065803394,-0.0120587466725,0.0,-0.00877647091041,0.00848766036456,-0.999925463812,0.0,0.658580486471,0.256783033173,0.303265561831,1.0,-0.01126,-0.0147988571429,0.564
0.462600437175,0.529842085257,-0.124043589769,-1.38425439642,0.0778874918067,1.90449458271,0.155635322214,-0.0070149593105,-0.0556975815006,-0.000388032288297,-0.0964817431088,-0.00842893663574,0.0459244329875,-0.0123540816948,0.574121155408,0.818756398544,0.00189885686223,0.0,0.818711406485,-0.574061618255,-0.0120680669307,0.0,-0.00879091542677,0.00848331163223,-0.99992537383,0.0,0.658386105217,0.256532330733,0.303261505832,1.0,-0.0116,-0.0152457142857,0.581
0.462468534579,0.528818347662,-0.124042824622,-1.38582806197,0.0777830476286,1.90508866429,0.155434682075,-0.00888951736175,-0.0682256184661,0.000893704469552,-0.102946393593,-0.00159485238929,0.0402492182636,-0.0110988309633,0.57412157607,0.818756028275,0.00193105042567,0.0,0.818711535146,-0.574061974866,-0.0120423474721,0.0,-0.00875137045742,0.008494908322,-0.999925622258,0.0,0.658202938176,0.256296018947,0.303284912036,1.0,-0.01192,-0.0156662857143,0.597
0.462326783086,0.527707351849,-0.124041330495,-1.38754509546,0.0776855093678,1.90575728724,0.155182748922,-0.00884808117243,-0.0637412764563,-0.000297303669365,-0.0997484134281,-0.00309163452118,0.0347955757679,-0.0199503717213,0.574097202303,0.818772984944,0.00198704177221,0.0,0.818729179408,-0.574037321463,-0.0120179555078,0.0,-0.00869950866002,0.00852648787538,-0.999925806024,0.0,0.658004905743,0.256043951156,0.30330773812,1.0,-0.01226,-0.0161131428571,0.614
0.462167408108,0.526482366497,-0.124043199366,-1.38943924849,0.07755369481,1.90647948883,0.154927759392,-0.0110330127537,-0.0716408567105,-0.00216946059265,-0.11131597789,-0.00593472654842,0.0415464845054,-0.0172722451671,0.574087035533,0.818780029458,0.00202135939778,0.0,0.818736840921,-0.574027177144,-0.0119804891409,0.0,-0.0086492365472,0.00853296918893,-0.999926186848,0.0,0.657785655862,0.255756961771,0.303330896938,1.0,-0.01262,-0.0165862857143,0.632
0.462011697813,0.525287285897,-0.12404676157,-1.39127160068,0.0774344636953,1.90712979512,0.154678517715,-0.00575833478326,-0.0733760923594,0.00131699334858,-0.108112571749,-0.00818746710355,0.0398824482757,-0.0119012020124,0.574079252449,0.818785468627,0.00202858909601,0.0,0.818742400951,-0.574019390942,-0.0119735795978,0.0,-0.00863950984212,0.00853483985377,-0.99992625497,0.0,0.657563907082,0.255475560173,0.303355921441,1.0,-0.01296,-0.0170331428571,0.649
0.461861658336,0.52418453859,-0.124057846229,-1.39304803378,0.077338022866,1.90776599805,0.154434213117,-0.00804001955184,-0.0683777230187,0.000936698113906,-0.111507513009,-0.0115485429973,0.0478769065189,-0.017656934388,0.574079355918,0.818785466463,0.00199997987189,0.0,0.818741912977,-0.574019503968,-0.0120014957282,0.0,-0.00867878991769,0.00852744246364,-0.999925977926,0.0,0.657348485347,0.255201665372,0.303341426946,1.0,-0.01328,-0.0174537142857,0.665
0.46170612164,0.522988164698,-0.12405956397,-1.3949794774,0.0772126299563,1.90849745353,0.154178548782,-0.00890661373554,-0.0656371065978,0.000527589481441,-0.111028740316,-0.00310424792841,0.0412755959239,-0.0163174084842,0.574068454605,0.818793134637,0.00198972348829,0.0,0.818749517481,-0.574008716357,-0.0119986695946,0.0,-0.00868247682802,0.00851730684202,-0.999926032305,0.0,0.657118351738,0.254914257987,0.303326616033,1.0,-0.01362,-0.0179005714286,0.682
0.461555957747,0.521813613212,-0.124068029693,-1.39681138288,0.0771020031469,1.90921604904,0.15392249052,-0.00995276553237,-0.0689568275426,-0.0010173629201,-0.113197401113,-0.00988950812456,0.0427721234594,-0.0183026180913,0.574056160515,0.818801634826,0.0020382054504,0.0,0.8187587154,-0.573996284279,-0.0119657215459,0.0,-0.00862779612034,0.00853795902688,-0.999926329481,0.0,0.656907280865,0.254639500932,0.30334261197,1.0,-0.01394,-0.0183211428571,0.698
0.461359947097,0.52031834833,-0.124068451477,-1.39920848135,0.0769490178141,1.91010111621,0.153599361815,-0.0119070088098,-0.0776323459677,-0.000281007982503,-0.12159868963,-0.00832211739969,0.0475611992473,-0.0224207270762,0.574038933768,0.818813761278,0.00201835626803,0.0,0.818770602542,-0.573979162011,-0.0119736749071,0.0,-0.00864588180769,0.00852609050836,-0.999926274536,0.0,0.65661596378,0.254280985234,0.303328701305,1.0,-0.01434,-0.0188468571429,0.718
0.461218450193,0.519159200478,-0.124074345564,-1.40102668804,0.0768395307669,1.91074510629,0.153354410231,-0.0114436726684,-0.0749354779384,-0.000951364286671,-0.126789093301,-0.00506453746269,0.0465181025564,-0.0158313682294,0.574025366921,0.81882330379,0.00200554281968,0.0,0.818779922996,-0.573965596629,-0.0119865960657,0.0,-0.00866395841868,0.00852287249191,-0.999926145507,0.0,0.656388619407,0.254010106771,0.30333314417,1.0,-0.01464,-0.0192411428571,0.733
0.461062461296,0.517955985611,-0.124073773503,-1.40289920126,0.0767115020365,1.91141381061,0.153104789145,-0.0118904701842,-0.0851168063292,-1.68508290363e-05,-0.131328521432,-0.00899474189347,0.0487981853368,-0.0172286344722,0.574012771471,0.818832151447,0.00199821071681,0.0,0.818788733751,-0.573953091413,-0.011983540456,0.0,-0.00866579583873,0.00851498163155,-0.999926196812,0.0,0.65615716273,0.25372636216,0.303344254182,1.0,-0.01494,-0.0196354285714,0.748
0.460868153205,0.516539434197,-0.124075527505,-1.40514882992,0.0765694667938,1.91224998678,0.152788090261,-0.00948353879584,-0.0792935077435,0.0013053417516,-0.123932383036,-0.00959331609624,0.0449727293918,-0.0180320096563,0.573994479174,0.818844978252,0.00199658999841,0.0,0.818801555749,-0.573934824273,-0.0119823491489,0.0,-0.00866594074454,0.00851277715322,-0.999926214326,0.0,0.655885741612,0.253383275329,0.30333982236,1.0,-0.0153,-0.0201085714286,0.766
0.460688546659,0.515146871494,-0.124086527384,-1.40735188395,0.0764351732596,1.91307371397,0.152494348746,-0.0109381743554,-0.0809720175732,-0.000893388794182,-0.128459897149,-0.00869340561375,0.043613860198,-0.0206431577478,0.573984295766,0.818852083757,0.00200998572944,0.0,0.818808802631,-0.573924552945,-0.0119791135607,0.0,-0.00865570858878,0.00852178114018,-0.999926226256,0.0,0.65560353353,0.253033670604,0.303340226137,1.0,-0.01566,-0.0205817142857,0.784
0.46051021012,0.513813489909,-0.124086568596,-1.40949443193,0.0763030359717,1.91382312727,0.152198428705,-0.0168180738974,-0.0889945926458,-3.55955639332e-06,-0.133756707909,-0.0133443303258,0.0511633000523,-0.0197044347587,0.573969341655,0.818862703984,0.00195288658922,0.0,0.81881864045,-0.573909806152,-0.0120131325863,0.0,-0.00871649328855,0.00849439328709,-0.999925931271,0.0,0.65534715343,0.252725986258,0.303319308588,1.0,-0.01596,-0.020976,0.799
0.460317431044,0.512415718347,-0.124087614405,-1.41176397309,0.0761653633174,1.91462254743,0.151868681714,-0.0147339935638,-0.0836500287024,0.000129262015628,-0.133824029011,-0.0111079446897,0.0447658878809,-0.0142366647561,0.573939548548,0.818883729683,0.00189176461504,0.0,0.818838752092,-0.573880168359,-0.0120580818289,0.0,-0.00878869003459,0.00846982328819,-0.999925507736,0.0,0.655059772156,0.252380152883,0.303287764821,1.0,-0.0163,-0.0214228571429,0.816
0.460129530493,0.511050866562,-0.124097892357,-1.41392930606,0.0760396007738,1.91544978819,0.151566799527,-0.0102472321276,-0.0861826047761,-0.00247835744854,-0.133480682647,-0.00630747936258,0.0501481163553,-0.0199066911965,0.573933047946,0.818888234761,0.00191372597363,0.0,0.818843529272,-0.573873558776,-0.012048236769,0.0,-0.00876809141764,0.00848208668794,-0.99992558462,0.0,0.654801298395,0.252047844853,0.303285009099,1.0,-0.01662,-0.0218434285714,0.832
0.459929619753,0.509551323795,-0.124095971435,-1.4162868671,0.0758827509763,1.9163401599,0.151247658055,-0.0065812627886,-0.0870323440926,-0.00148970351032,-0.134335289953,-0.00952968361891,0.0511170875454,-0.0136246030389,0.573914504261,0.818901185398,0.00193319768119,0.0,0.8188568225,-0.573855018859,-0.0120278209809,0.0,-0.00874038994684,0.00848611641014,-0.999925792953,0.0,0.654514180443,0.251693140285,0.303289626636,1.0,-0.01696,-0.0222902857143,0.849
0.459712112005,0.508042886817,-0.124102497384,-1.41866141765,0.0757284416439,1.91717802689,0.15090585255,-0.0130230334596,-0.092526812497,-0.00106402297756,-0.140122078134,-0.0154324487855,0.0543114362408,-0.0202820224389,0.573898628618,0.818912379685,0.00190404035029,0.0,0.818867640965,-0.573839275911,-0.0120423794637,0.0,-0.00876920932221,0.00847042517138,-0.99992567367,0.0,0.654217954089,0.251317087663,0.303287587076,1.0,-0.0173,-0.0227371428571,0.866
0.459492033234,0.506508307919,-0.124103505342,-1.4210918107,0.0755857378629,1.91807338258,0.150578194631,-0.0155317916306,-0.095608213704,0.000893330521934,-0.14284125739,-0.00823948601266,0.0522726731668,-0.0164004756669,0.573898576431,0.818912411691,0.00190600367055,0.0,0.818867591548,-0.573839111784,-0.0120535554888,0.0,-0.00877723573042,0.00847844620751,-0.999925535269,0.0,0.653918315677,0.250942078127,0.30328158524,1.0,-0.01764,-0.023184,0.883
0.459289549926,0.504996350223,-0.12411562128,-1.42341685238,0.0754445769236,1.91896550689,0.150252804506,-0.0118646429139,-0.0939909511457,-0.00248482884364,-0.147040349743,-0.00801981614401,0.0616910308067,-0.0219392313872,0.573888603496,0.818919249011,0.00197009593753,0.0,0.818875318639,-0.573828915309,-0.0120139660672,0.0,-0.00870813771314,0.00850810495473,-0.999925887497,0.0,0.65363974152,0.25058435288,0.303309373284,1.0,-0.01796,-0.0236045714286,0.899
0.459046318974,0.503230991036,-0.124116406191,-1.42604240089,0.0752683121952,1.91996185742,0.149894380337,-0.0150956111694,-0.0971009455415,-0.00103759668039,-0.147386153684,-0.0090445553216,0.0562187331877,-0.019378783139,0.573881971246,0.818923629974,0.00207804004268,0.0,0.818881251865,-0.573821973335,-0.0119409029809,0.0,-0.00858642789165,0.00855450167336,-0.999926544181,0.0,0.653324995398,0.250175851857,0.303379112104,1.0,-0.01832,-0.0240777142857,0.917
0.458809463549,0.501526328929,-0.124124868083,-1.42857577939,0.0751063902733,1.92087890211,0.149542777856,-0.0152687968681,-0.10546372331,-0.000830291269989,-0.151802872969,-0.0116018526016,0.0546398609534,-0.0131711744645,0.573879668148,0.818925056847,0.00215050135561,0.0,0.818883656565,-0.573819408732,-0.0118991627318,0.0,-0.00851068695733,0.00858986335479,-0.999926888555,0.0,0.653013150851,0.249774252574,0.303443013663,1.0,-0.01866,-0.0245245714286,0.934
0.458583009011,0.499912444462,-0.124121061797,-1.43101176108,0.0749483087365,1.92174768753,0.14919213872,-0.0140054835754,-0.101387877598,0.000884853165162,-0.147041398846,-0.00418788804498,0.0643483538643,-0.0210620122195,0.573856366799,0.818941282681,0.0021892249772,0.0,0.818900357552,-0.573795925322,-0.0118822298284,0.0,-0.00847484333225,0.00861161615568,-0.999927005885,0.0,0.65270607259,0.249394465261,0.303484753954,1.0,-0.01898,-0.0249451428571,0.95
0.458324560395,0.498245797832,-0.124124412694,-1.43364647846,0.0747898955318,1.92273123722,0.148807722577,-0.0170328588215,-0.102710117683,0.00109279180846,-0.15388733506,-0.00879389013933,0.0629086832222,-0.0198223609329,0.573846921722,0.818947865246,0.00220257574632,0.0,0.818907054164,-0.573786367314,-0.011882265211,0.0,-0.00846731081459,0.00862247213972,-0.999926976145,0.0,0.652383853739,0.248974482543,0.303478435787,1.0,-0.01932,-0.025392,0.967
0.458039396401,0.496351952355,-0.124131942886,-1.43665202158,0.0746004566788,1.92378916173,0.148359595948,-0.0181208273843,-0.0973653727367,-0.00152732948112,-0.162037392801,-0.00931913728495,0.0578724791263,-0.0210646678836,0.573819492732,0.818967212584,0.00215438513118,0.0,0.818925697626,-0.573759058322,-0.0119160254448,0.0,-0.00852290025171,0.00860209463959,-0.999926679382,0.0,0.652000663452,0.248493967727,0.303459867016,1.0,-0.0197,-0.0258914285714,0.986
0.45777099056,0.494677624308,-0.124131977905,-1.43937960141,0.0744264830943,1.92473613671,0.147977467197,-0.0216660548841,-0.0964373595455,-0.000243018457376,-0.161653136175,-0.0156240662742,0.0566689370759,-0.0252290292994,0.573816511068,0.81896954086,0.00206147298033,0.0,0.818926701896,-0.573756346651,-0.0119774163048,0.0,-0.00862652201316,0.00856119933406,-0.999926141764,0.0,0.651648703842,0.248053993065,0.303410155663,1.0,-0.0203925714286,-0.0268016653061,1.003
0.457527400106,0.493051548576,-0.124165747421,-1.44193623772,0.0742678263569,1.92568061849,0.147613000028,-0.0183381193291,-0.116348196167,-0.00465893049189,-0.178829825664,-0.0212052038426,0.0678028864186,-0.0247201695915,0.573827402519,0.818961901454,0.00206470013111,0.0,0.818919211737,-0.573767329684,-0.0119633998964,0.0,-0.00861307707459,0.00855591401954,-0.999926302904,0.0,0.651335862018,0.247632340958,0.303408302469,1.0,-0.0234868571429,-0.0308684408163,1.018
0.457228690223,0.490941188662,-0.124194184695,-1.44528216224,0.0740718678969,1.92690541885,0.147123342178,-0.0193895613821,-0.134323792912,-0.00194877425275,-0.207514556402,-0.00949147952825,0.0760729099411,-0.0354411460755,0.573806140034,0.818976824243,0.00205472945852,0.0,0.818933939144,-0.573746046581,-0.011975986512,0.0,-0.00862932863844,0.00855474698826,-0.99992617277,0.0,0.650912862065,0.247103873575,0.303391228771,1.0,-0.0269937142857,-0.0354774530612,1.035
0.456843237907,0.488560733709,-0.124205292105,-1.44913459746,0.0738446205559,1.92827347661,0.146576042872,-0.0218843168223,-0.15042268387,-0.00312639112334,-0.232538185292,-0.0172659267333,0.0842279975381,-0.0334662610466,0.573811911239,0.818972988445,0.00197018258505,0.0,0.818928759685,-0.573751939797,-0.0120476155813,0.0,-0.00873644385995,0.00852666866811,-0.999925482459,0.0,0.650419138809,0.246477656184,0.303331785216,1.0,-0.0305005714286,-0.0400864653061,1.052
0.456406304772,0.485787817589,-0.12423165467,-1.4533653349,0.0735811982294,1.9299014872,0.145954752957,-0.0287297965174,-0.167111494919,-0.000992421642051,-0.2560339471,-0.0129115951427,0.0950058307197,-0.0417140382111,0.573818405015,0.818968098434,0.0021068257145,0.0,0.818925805715,-0.573758006836,-0.0119591482665,0.0,-0.0085855180898,0.00858787867262,-0.999926265891,0.0,0.649910564824,0.245781247176,0.303386117183,1.0,-0.0340074285714,-0.044695477551,1.069
0.455857696869,0.482381646891,-0.12428560137,-1.45866395981,0.0732568586324,1.93174314471,0.145130369797,-0.0281548442563,-0.18892014234,-0.00341013332378,-0.290456050223,-0.0195813835659,0.104783893436,-0.0463969882594,0.573803558266,0.818978618356,0.00206060611062,0.0,0.818935622376,-0.573743254548,-0.0119946307073,0.0,-0.00864125359904,0.00857023053112,-0.9999259372,0.0,0.649232537722,0.244883494703,0.30338910415,1.0,-0.0379268571429,-0.0498467265306,1.088
0.455439130445,0.479837007085,-0.124328793606,-1.46265955267,0.073010476455,1.93317471336,0.144546873237,-0.0331363062805,-0.201433431653,-0.00248672537762,-0.30894494002,-0.0203108360355,0.114839063347,-0.0379209135762,0.573827958634,0.818961579896,0.00203750967508,0.0,0.818918291141,-0.57376775769,-0.012005814079,0.0,-0.008663409906,0.00855799049381,-0.999925850315,0.0,0.648727735368,0.244204495245,0.303376878293,1.0,-0.0406085714286,-0.0533712653061,1.101
0.454772941236,0.475764020767,-0.124373322895,-1.46885120539,0.072631358537,1.93546081106,0.14365933387,-0.0330075312841,-0.22609848535,-0.00216503762832,-0.342599390186,-0.0273311574742,0.12963805057,-0.0493190995085,0.573876358738,0.81892730758,0.00217639197251,0.0,0.818885848838,-0.573815594773,-0.0119321695493,0.0,-0.0085228959206,0.00862997275433,-0.999926439202,0.0,0.647956055137,0.243161323084,0.303449559047,1.0,-0.044528,-0.0585225142857,1.12
0.454154452042,0.472096665538,-0.124411733729,-1.47450894395,0.0723031102392,1.93746694403,0.142822355246,-0.0425175779917,-0.235776625586,-0.00253572305642,-0.360993535283,-0.0196568278196,0.127918139913,-0.057336250982,0.573908240699,0.818904899761,0.00220075119606,0.0,0.818863448137,-0.573847058614,-0.0119563174245,0.0,-0.00852835651872,0.00866411062221,-0.99992609743,0.0,0.647227807344,0.242200704641,0.303467900937,1.0,-0.0478285714286,-0.0628604081633,1.136
0.453542313881,0.468405249008,-0.124425634531,-1.48008717258,0.0719478972658,1.93952617767,0.141936750675,-0.0409788021814,-0.253747961431,0.000240087727408,-0.374977566971,-0.0218209904058,0.148795302688,-0.0647165389801,0.573855902602,0.818941104248,0.00237017370566,0.0,0.818901936611,-0.573794131554,-0.0118600045981,0.0,-0.0083528143164,0.00874704188882,-0.999926857201,0.0,0.64647637568,0.241205935363,0.303549175444,1.0,-0.0511291428571,-0.0671983020408,1.152
0.45274920648,0.463699586937,-0.124429112975,-1.48728662101,0.0714646881114,1.94209016629,0.140819805819,-0.0493543064884,-0.262723421169,0.0020153016223,-0.421210658514,-0.0269042131801,0.147220931588,-0.0611336706069,0.573807411148,0.818975011033,0.00239439256643,0.0,0.818936067492,-0.573745456758,-0.0118581242856,0.0,-0.00833789614126,0.00876530278901,-0.9999268218,0.0,0.645575414983,0.240061959195,0.303582045251,1.0,-0.054636,-0.0718073142857,1.169
0.451940225773,0.458977817023,-0.124460429376,-1.49454728688,0.0709819975889,1.9445916159,0.139751875642,-0.0473455809525,-0.282384935349,-0.00510058674085,-0.427323178189,-0.0413580515476,0.149357515107,-0.0722035737432,0.573823595598,0.818963792313,0.00235264016403,0.0,0.818924207446,-0.57376169968,-0.0118912295847,0.0,-0.00838879316697,0.00875027056793,-0.999926527758,0.0,0.644604579555,0.238819591536,0.303595190652,1.0,-0.0581428571429,-0.0764163265306,1.186
0.451124127482,0.454376137116,-0.124461177088,-1.50173498714,0.0704984914664,1.94715423106,0.138629413667,-0.0557630967798,-0.292043305727,1.24532802523e-05,-0.460126031303,-0.0276203783462,0.168508422882,-0.0755974645565,0.573771528686,0.819000359746,0.00232174637812,0.0,0.818960288576,-0.573709674368,-0.0119164665047,0.0,-0.00842774425586,0.00873891553795,-0.999926299525,0.0,0.643646957806,0.237603004105,0.303560016315,1.0,-0.0614434285714,-0.0807542204082,1.202
0.450193668483,0.449108774725,-0.124506005131,-1.50956773073,0.0699583192027,1.95010590441,0.137379797939,-0.0572541765218,-0.315727601479,-0.00102672947665,-0.464935732212,-0.0406494123453,0.176752899967,-0.0696156831941,0.573751144725,0.819013740071,0.00262000057242,0.0,0.818978079094,-0.573688735133,-0.011699916496,0.0,-0.00807948310854,0.00885873407687,-0.999928119808,0.0,0.642651621043,0.23623796733,0.303703309597,1.0,-0.0649502857143,-0.0853632326531,1.219
0.44914482702,0.443326582268,-0.124550262225,-1.51851111575,0.0693736883418,1.95309287855,0.136043462736,-0.0563325128772,-0.327687555526,-0.00141049067853,-0.506838232196,-0.038582977105,0.16899226749,-0.0761084655491,0.573788050269,0.818988345396,0.00247191740036,0.0,0.818950345989,-0.573725732877,-0.011826290251,0.0,-0.00826755043867,0.0088103312615,-0.999927010173,0.0,0.641412237895,0.234672199918,0.303667569178,1.0,-0.0686634285714,-0.0902433632653,1.237
0.448157751616,0.437955293359,-0.124574076925,-1.52685132441,0.068795646482,1.95591081242,0.134688953396,-0.0661657332771,-0.343636796978,-0.00404539481738,-0.526888076839,-0.0357452239968,0.184062111406,-0.0860050136279,0.573712819169,0.819041465026,0.00232950418144,0.0,0.819001431439,-0.573650875574,-0.0119195283341,0.0,-0.00842642807066,0.00874642185857,-0.999926244987,0.0,0.640249468333,0.233215808763,0.303615150539,1.0,-0.071964,-0.0945812571428,1.253
0.447014606758,0.431926318374,-0.124595414908,-1.53580803018,0.0681913518877,1.95923978108,0.133233970258,-0.0716786379123,-0.358878389934,-0.000326399575483,-0.537309640865,-0.0363415995109,0.199701903034,-0.090009429525,0.573697276881,0.819051358439,0.00265586867782,0.0,0.819015811518,-0.573634359625,-0.0117247107697,0.0,-0.00807979831612,0.00890180446856,-0.999927734757,0.0,0.63907230341,0.231628844552,0.303753732816,1.0,-0.0754708571429,-0.0991902693877,1.27
0.44578296233,0.425810135213,-0.124650949296,-1.54529204063,0.067509232981,1.96244981745,0.131685959669,-0.0734826533581,-0.365265193117,-0.0041916867198,-0.564627707846,-0.0379238727126,0.188461113772,-0.100096366856,0.573695157251,0.81905336714,0.00248902086505,0.0,0.819015723988,-0.573632929991,-0.0118005250068,0.0,-0.00823763400921,0.00880862086849,-0.999927272147,0.0,0.637753632232,0.229889093333,0.303683722831,1.0,-0.0789777142857,-0.103799281633,1.287
0.444565528535,0.41974347701,-0.124762753163,-1.55458517062,0.0668355993503,1.96549656607,0.130183661425,-0.0782062483533,-0.383895937472,-0.0104603939864,-0.583985901825,-0.0441521493912,0.196377876563,-0.0812168288996,0.573747298573,0.819017399641,0.0022985576446,0.0,0.818977446842,-0.573685974492,-0.0118781790186,0.0,-0.00840994692759,0.00869770745292,-0.99992680866,0.0,0.636442632312,0.228141221683,0.30364892339,1.0,-0.0822782857143,-0.10813717551,1.303
0.44319443782,0.413015664544,-0.124800496569,-1.56455982759,0.0661492057223,1.96916177274,0.128526832084,-0.0816571013351,-0.395607390947,-2.7059491103e-05,-0.595239885757,-0.0406041587052,0.217870472864,-0.105037936292,0.573761154454,0.819006672953,0.00263708174248,0.0,0.818971358462,-0.573698820218,-0.0116758126387,0.0,-0.008049832763,0.00885899271886,-0.999928356654,0.0,0.635015620446,0.226195189381,0.303778298211,1.0,-0.0859914285714,-0.113017306122,1.321
0.441717700682,0.406149657502,-0.124828250009,-1.57503098814,0.0654231097412,1.97262356386,0.126787420111,-0.0876249745594,-0.415359918532,-0.0024621453809,-0.626349059005,-0.0489265561949,0.209417128891,-0.100731816864,0.57379246352,0.818985131357,0.00251203603678,0.0,0.818947743091,-0.573730090169,-0.011795110111,0.0,-0.00821894738193,0.00882534144614,-0.999927278482,0.0,0.633591359244,0.224348377614,0.303737800169,1.0,-0.089292,-0.1173552,1.337
0.440273745498,0.399467992564,-0.124920412104,-1.58509580857,0.0647153564512,1.97610378134,0.125093563817,-0.0889885025016,-0.434268081139,-0.00582799834223,-0.620651088869,-0.0433028070875,0.227950255913,-0.103694687191,0.573860187611,0.818937497916,0.0025703078535,0.0,0.818900984148,-0.573797716942,-0.0117518124436,0.0,-0.00814932,0.00884889529309,-0.9999276402,0.0,0.632176389762,0.222422503957,0.303757281333,1.0,-0.0925925714286,-0.121693093878,1.353
0.4386507868,0.39212077256,-0.124957914969,-1.59606805839,0.0638651150168,1.97988145862,0.123196601674,-0.0982867955721,-0.424699613074,-0.00217871230023,-0.654050249771,-0.0530790804783,0.215548897811,-0.116780645401,0.573850128193,0.818944303764,0.00264662158969,0.0,0.818909277495,-0.573787930526,-0.0116513053209,0.0,-0.00802332507298,0.00885361648536,-0.999928617317,0.0,0.630612269674,0.220323093745,0.303804714699,1.0,-0.0960994285714,-0.126302106122,1.37
0.436948519215,0.38463428696,-0.125014234527,-1.60752557875,0.0630081576719,1.98352695164,0.121184175518,-0.105993079143,-0.447698126205,-0.00458200979478,-0.669105415703,-0.0477290777422,0.208500181547,-0.129892150527,0.573831236012,0.818958456889,0.00234635194505,0.0,0.818919209974,-0.573769801676,-0.0118443708709,0.0,-0.00835394264037,0.00871831051228,-0.999927098695,0.0,0.628893747668,0.218106909867,0.303691502776,1.0,-0.0996062857143,-0.130911118367,1.387
0.435299732989,0.377258982222,-0.125053678084,-1.61832774247,0.062243354389,1.98723623377,0.119278301089,-0.105807648162,-0.450767280921,-0.00159344670076,-0.68889505064,-0.0536291051602,0.235751950918,-0.128214473876,0.573837894873,0.818953083108,0.00258166170447,0.0,0.818916762743,-0.573775435614,-0.0117401910553,0.0,-0.00813352818755,0.00885130298113,-0.999927747467,0.0,0.627319572555,0.216031495979,0.30380473339,1.0,-0.102906857143,-0.135249012245,1.403
