position_joint1,position_joint2,position_joint3,position_joint4,position_joint5,position_joint6,position_joint7,velocity_joint1,velocity_joint2,velocity_joint3,velocity_joint4,velocity_joint5,velocity_joint6,velocity_joint7,ee_T_00,ee_T_10,ee_T_20,ee_T_30,ee_T_01,ee_T_11,ee_T_21,ee_T_31,ee_T_02,ee_T_12,ee_T_22,ee_T_32,ee_T_03,ee_T_13,ee_T_23,ee_T_33,v_x,v_y,time
0.465078816498,0.547869391195,-0.123933117449,-1.35585956717,0.0794770177243,1.89409435665,0.159171326176,9.83870557701e-05,0.000161937834048,0.000344274453754,-0.000797880520804,0.000113078586236,0.000471191450777,-0.000225944762177,0.5737682405,0.819003886111,0.00184055177706,0.0,0.81895919426,-0.573710019515,-0.0119749131753,0.0,-0.00875172592833,0.00837832297175,-0.999926602805,0.0,0.66165462215,0.260917447115,0.303136836908,1.0,0.0,0.0,0.0
0.465075833898,0.547871914513,-0.123932487391,-1.35586207283,0.0794777301179,1.89409537284,0.159176643423,-0.00038804320215,0.000379072056051,0.00466605751379,-0.0013366330408,9.62034342024e-05,0.000335311764342,0.000549590636252,0.573774934236,0.818999203331,0.00183757651943,0.0,0.818954461979,-0.573716714957,-0.0119777745882,0.0,-0.00875570805574,0.00837759961123,-0.999926574005,0.0,0.661654776137,0.260915691168,0.303133925627,1.0,-0.00012,-0.000157714285714,0.007
0.465075924682,0.547865168112,-0.123931861191,-1.35585760464,0.0794742194051,1.89409177905,0.159171118104,0.000539475603924,-0.00140873735041,0.00420694410257,0.000720563078649,0.00024820018166,-4.7615976989e-05,-0.000267074777091,0.573768686992,0.819003568785,0.00184256491013,0.0,0.818958921629,-0.573710474984,-0.0119717366861,0.0,-0.0087479647061,0.00837815391664,-0.999926637134,0.0,0.661655293822,0.260915921537,0.303140491956,1.0,-0.00046,-0.000604571428571,0.024
0.465075774727,0.547852807549,-0.123933446945,-1.35586996678,0.0794721410215,1.8940938161,0.159166942826,0.000553673701849,0.000481619868852,-0.0016569423869,-0.00150887801391,0.000438210110296,-0.000192289744378,0.00145764709653,0.573775321977,0.818998920703,0.00184246543163,0.0,0.818954275698,-0.573717112884,-0.0119714493866,0.0,-0.00874771859958,0.00837797847145,-0.999926640757,0.0,0.661653004326,0.260911958216,0.303142977837,1.0,-0.00082,-0.00107771428571,0.042
0.465077728515,0.547790660804,-0.123930314731,-1.35592886455,0.0794747858776,1.89410597822,0.15917477567,0.000334760443017,-0.00568940716912,0.000873619887285,-0.00615399158818,-0.00174618150359,0.000419421491595,-0.000151374748353,0.573773132667,0.819000411153,0.00186162858772,0.0,0.81895594474,-0.573714773503,-0.0119693834768,0.0,-0.00873505434208,0.00839246403334,-0.999926629995,0.0,0.661642906553,0.260911591173,0.303160541421,1.0,-0.00112,-0.001472,0.057
0.465074748282,0.547658451154,-0.123932819411,-1.3561158532,0.0794707079613,1.89413388164,0.15916891603,-0.00145399223877,-0.00578384820842,-0.000943781183593,-0.014595623878,0.000131550475313,0.00219462799568,-0.00281922033655,0.573781604611,0.818994516052,0.00184385138604,0.0,0.81894970821,-0.57372321555,-0.0119914245237,0.0,-0.00876321929747,0.0083906419052,-0.999926398849,0.0,0.661610674377,0.260888939499,0.303167701996,1.0,-0.00148,-0.00194514285714,0.075
0.46505707184,0.547511752034,-0.123927098789,-1.35631069055,0.0794681081088,1.89419410927,0.159160974488,-0.00128115173219,-0.0111287397565,0.00561104573062,-0.00925270189674,0.000473656935171,0.0111131375292,-0.0018149848231,0.573795682042,0.818984613567,0.00186142745059,0.0,0.818939905751,-0.57373709163,-0.0119969728608,0.0,-0.00875753482024,0.00840837033322,-0.99992629973,0.0,0.66158533399,0.260863027211,0.303183923798,1.0,-0.00182,-0.002392,0.092
0.46504006216,0.547357215803,-0.123927809073,-1.35649857431,0.0794638032966,1.89432200344,0.159154753667,-0.00141240594248,-0.0093494489113,0.00143848649464,-0.0105680118517,-0.000522913122141,0.0049244100877,-4.70009758592e-05,0.573814747426,0.818971064081,0.00194389704916,0.0,0.81892745371,-0.573755825039,-0.0119509704591,0.0,-0.00867234370794,0.00844971643944,-0.999926693686,0.0,0.661576694865,0.260839099008,0.303215086904,1.0,-0.00212,-0.00278628571429,0.107
0.465013443197,0.547138316536,-0.12392465023,-1.35675614611,0.0794636490103,1.89445226271,0.159136435732,-0.00211202572678,-0.0100368694573,0.00110728731518,-0.011041123194,0.000352894140397,0.000934427805393,-0.0019232814503,0.573833865945,0.818957457042,0.00203094836522,0.0,0.818914876868,-0.573774476653,-0.0119172684121,0.0,-0.00859459497085,0.00850186972216,-0.999926922904,0.0,0.661555620905,0.260804457863,0.303258750172,1.0,-0.00248,-0.00325942857143,0.125
0.46497827826,0.546919931654,-0.12392818419,-1.35708823576,0.0794547898629,1.894580188,0.159106216416,-0.00574534534035,-0.0178933109023,0.00121022439441,-0.0223336715009,0.000314609546458,0.00659614844048,-0.00587464059455,0.573856648698,0.818941450518,0.00204799160295,0.0,0.818899015707,-0.573797110526,-0.0119174211481,0.0,-0.00858470377946,0.00851615363135,-0.999926886321,0.0,0.661521200672,0.260749852231,0.303266574957,1.0,-0.00282,-0.00370628571429,0.142
0.464939957854,0.546681077127,-0.123932449532,-1.3574587219,0.07944295777,1.8947137546,0.159009113123,-0.00134794764706,-0.0152354430867,5.82822224666e-05,-0.0259111836672,0.000293928401559,0.0084517770883,7.96187857503e-06,0.573829056881,0.818960766705,0.00205498850971,0.0,0.818918337733,-0.573769408686,-0.0119234509525,0.0,-0.0085859142972,0.00852505452299,-0.999926800081,0.0,0.661480770211,0.260688346903,0.303271118933,1.0,-0.00314,-0.00412685714286,0.158
0.464892974083,0.546379780815,-0.123935039099,-1.3579266603,0.0794282227338,1.89488948386,0.158948497141,-0.00152529533663,-0.0199635142802,-0.00109848712568,-0.0210098490546,0.000163202145801,0.0128657229414,-0.00106707930622,0.573841982924,0.818951673628,0.00206925017147,0.0,0.818909322202,-0.573782166823,-0.0119287026915,0.0,-0.00858189741447,0.00853988308081,-0.999926708031,0.0,0.661430038942,0.260613728644,0.303277085069,1.0,-0.0035,-0.0046,0.176
0.464851264059,0.546125090497,-0.123931004077,-1.35837568089,0.0794040781544,1.89504397262,0.158922863173,-0.000966276893734,-0.0176914563986,0.000576974649512,-0.0327820482659,-0.000461685493434,0.0174161734115,-0.00351155974233,0.573870998939,0.818931422384,0.00203688741204,0.0,0.818888581556,-0.573811246043,-0.0119537363453,0.0,-0.00862066737867,0.00852805065257,-0.99992647552,0.0,0.661375770276,0.260545093983,0.303256956023,1.0,-0.0038,-0.00499428571429,0.191
0.464792292217,0.545789965189,-0.123928526042,-1.35895557387,0.0793242991049,1.89523814216,0.158820033988,-0.0067881231913,-0.0215515621428,0.000986631814527,-0.034478778619,-0.00743550097798,0.0161585957313,-0.00979133153537,0.573844475417,0.818950172939,0.00196956257908,0.0,0.818906811584,-0.573785358154,-0.011947535731,0.0,-0.00865449690918,0.00846907864197,-0.999926684508,0.0,0.66130940752,0.260443348913,0.303234866638,1.0,-0.00414,-0.00544114285714,0.208
0.464723682338,0.545390615695,-0.123934201238,-1.35966375472,0.0792684280095,1.89547231252,0.158759039166,-0.00625492056317,-0.0212922998917,0.000779874141007,-0.0401911895554,-0.000667975119409,0.0196837465127,-0.00290296193139,0.573879263675,0.818925968478,0.00189625353276,0.0,0.818881756012,-0.573820553441,-0.0119745154947,0.0,-0.00871830030121,0.00842489576305,-0.999926503485,0.0,0.661226206346,0.260322714552,0.303200949711,1.0,-0.0045,-0.00591428571429,0.226
0.464655695836,0.544932773513,-0.123939871527,-1.36040995609,0.0792518243943,1.89572355706,0.158651301877,-0.000645498155268,-0.030625677431,-0.00136951267947,-0.0453703692633,1.70371773288e-05,0.0141753400569,-0.00749029248659,0.573887758993,0.818920054453,0.00187920003654,0.0,0.818875342705,-0.573828853849,-0.0120152611682,0.0,-0.0087613678105,0.0084344042679,-0.999926046895,0.0,0.661136767192,0.260206281052,0.303191855738,1.0,-0.00486,-0.00638742857143,0.244
0.46459954469,0.544567748821,-0.123942407604,-1.36100145577,0.0792316269365,1.89593783487,0.158572355442,-0.00495441122477,-0.0293405658977,-0.00137230354892,-0.0438209873038,0.00011137592641,0.0193900875368,-0.00903167193956,0.57389846841,0.818912555973,0.00187630712949,0.0,0.8188676632,-0.573839436607,-0.0120332065749,0.0,-0.008777613923,0.00844244860128,-0.999925836528,0.0,0.661069407269,0.260113547365,0.30318733707,1.0,-0.00514,-0.00675542857143,0.258
0.464536353267,0.544043804851,-0.123943122832,-1.36185795363,0.0791927868339,1.89624555278,0.158474654814,-0.00340887466877,-0.0270555995145,-0.00134403629524,-0.0508763882608,-0.000503004118834,0.0170447934791,-0.00312646272655,0.573908071518,0.818905860393,0.00186122603289,0.0,0.818860632548,-0.573848971604,-0.0120569131182,0.0,-0.00880558370064,0.0084438070522,-0.99992557914,0.0,0.660966273662,0.259991172424,0.303177139544,1.0,-0.0055,-0.00722857142857,0.276
0.464456209001,0.543515567779,-0.123940219482,-1.36270010274,0.0791564856957,1.89653020993,0.158354913428,-0.00254725661116,-0.0308996366929,0.0011014150658,-0.0517888979943,-0.000414180919609,0.0122092025693,-0.0147285611186,0.573910657648,0.818904083276,0.0018456254282,0.0,0.818858453217,-0.573851436142,-0.012087585904,0.0,-0.00883962884145,0.00844866302185,-0.999925237733,0.0,0.660865266768,0.259860301798,0.30317462897,1.0,-0.00584,-0.00767542857143,0.293
0.46437586032,0.542914972535,-0.123943790524,-1.36363478382,0.0790883712053,1.89686490798,0.158251603689,-0.00529310219742,-0.0347308388585,0.000318331578038,-0.0564441128024,-0.00676533479202,0.0222722309352,-0.00559896532355,0.573928094897,0.818891878006,0.00183872912416,0.0,0.818846262914,-0.573869002096,-0.0120794472385,0.0,-0.00883674172146,0.00843853308073,-0.999925348791,0.0,0.660758019161,0.259713773315,0.303183695517,1.0,-0.0062,-0.00814857142857,0.311
0.464308343109,0.542357833279,-0.12395093276,-1.36450296125,0.0790419199144,1.89717912068,0.158113658547,-0.000469372383784,-0.0362783880186,5.7557877808e-06,-0.054554588973,-0.00265088178324,0.0256272134542,-0.00380206500986,0.573909073173,0.818905181699,0.0018509506679,0.0,0.818859660211,-0.573849865613,-0.0120803773344,0.0,-0.00883068582205,0.00844886966147,-0.999925315006,0.0,0.660663133872,0.259597217825,0.303194687764,1.0,-0.0065,-0.00854285714286,0.326
0.464216214967,0.54168952783,-0.123944401177,-1.36550705551,0.0789858546817,1.8975573459,0.157990123355,-0.00555261465372,-0.0415655622598,0.000451741400242,-0.0565015459766,-0.0014076335719,0.0292008531271,-0.0043227254791,0.573921710414,0.818896250973,0.00188344322413,0.0,0.818851109216,-0.573862315429,-0.0120685859365,0.0,-0.008802252159,0.00846884610772,-0.999925396718,0.0,0.66054398417,0.259432216107,0.303219193825,1.0,-0.00688,-0.00904228571429,0.345
0.464152073676,0.541154447332,-0.123945200276,-1.36633481734,0.0789414055317,1.89787721129,0.157872006881,-0.00135875658914,-0.0414786376723,0.0005153907856,-0.0575328944755,-0.00360210876823,0.0207300666053,-0.0134370597113,0.573912194216,0.81890286155,0.00190881577081,0.0,0.818858015232,-0.57385265485,-0.0120593661751,0.0,-0.00878023951835,0.00848422974362,-0.999925459842,0.0,0.660450124528,0.259312674639,0.303231251169,1.0,-0.00716,-0.00941028571429,0.359
0.464046597017,0.540325734018,-0.123949117774,-1.36761192603,0.0788522313606,1.89833819973,0.157721047544,-0.00218733472088,-0.0377058083627,0.000379307062367,-0.0660876240443,-0.00811146960298,0.0225205547886,-0.00948523144102,0.573924488995,0.818894237335,0.00191203883921,0.0,0.818849538215,-0.573865035686,-0.0120458077169,0.0,-0.00876715908166,0.00847921941022,-0.999925617114,0.0,0.660302123052,0.259116898652,0.303249192026,1.0,-0.00756,-0.009936,0.379
0.46394849182,0.53966967597,-0.123947677505,-1.36862979888,0.0787925825678,1.89872633107,0.15759587319,-0.00707569492318,-0.0398408208345,0.000753595387178,-0.0658313723934,-0.00359109395403,0.0290742535695,-0.00553523573854,0.57394173783,0.818882094314,0.00193496485524,0.0,0.818837678666,-0.573882167793,-0.0120357960468,0.0,-0.00874562442818,0.00849243133526,-0.999925693571,0.0,0.660189932611,0.258957442086,0.303261917155,1.0,-0.00786,-0.0103302857143,0.394
0.463847479152,0.538873247977,-0.123958114567,-1.36986268223,0.0787303879526,1.89920118618,0.157437218335,-0.00885838722331,-0.0452020225199,-8.26823455753e-05,-0.0698234984111,-0.00244529403231,0.0285900199101,-0.00833294746003,0.573948383282,0.818877372148,0.0019620430668,0.0,0.818833291224,-0.573888677706,-0.0120238798146,0.0,-0.00872025669634,0.00850783636447,-0.999925784168,0.0,0.660043946912,0.258758210612,0.303274639527,1.0,-0.00824,-0.0108297142857,0.413
0.463739947833,0.538183409542,-0.123954035321,-1.37094480723,0.0786756482758,1.89961009627,0.157302443137,-0.00675959872211,-0.0443367451854,0.00104654676524,-0.0777381419553,-0.00449010401118,0.030397909131,-0.00825611642553,0.573973421173,0.818859752914,0.00199091587986,0.0,0.818815907547,-0.573913450692,-0.0120252885465,0.0,-0.00870457899537,0.00853255387874,-0.999925710155,0.0,0.65993152417,0.258601872869,0.303286813342,1.0,-0.00852,-0.0111977142857,0.427
0.463616829214,0.537244357,-0.123964775438,-1.37244387046,0.0785788050389,1.90017069978,0.157118234653,-0.00369980779365,-0.0513263390956,-0.00056782934596,-0.079126130705,-0.00470083021157,0.0322611421848,-0.0140450193425,0.573987656038,0.818849792095,0.00198383538834,0.0,0.818805956268,-0.573927813904,-0.0120173752889,0.0,-0.00870201448999,0.00852236538796,-0.999925819365,0.0,0.659760345228,0.258371165499,0.303285346506,1.0,-0.00892,-0.0117234285714,0.447
0.463525804429,0.536589276971,-0.123960480517,-1.37345945233,0.0785232352927,1.90055190938,0.15700196082,-0.00959462307608,-0.0455179899017,-0.000474433675298,-0.0781861216152,-0.00805198147028,0.0295401897254,-0.00972716171857,0.574004972148,0.818837602051,0.00200507304942,0.0,0.818793968004,-0.573944963406,-0.0120151505377,0.0,-0.00868782274412,0.00853866226373,-0.999925803739,0.0,0.659643699116,0.258218536908,0.303297333059,1.0,-0.00918,-0.0120651428571,0.46
0.463374188714,0.535526569111,-0.123968670306,-1.37517050198,0.0784259975584,1.90117076198,0.156781283245,-0.00578634917085,-0.0577375821826,0.000663008872951,-0.0876007383782,-0.00221181029859,0.0297113931062,-0.0150700981987,0.574022050631,0.818825689662,0.00198046449587,0.0,0.818781674355,-0.573962085992,-0.0120349692835,0.0,-0.00871799833885,0.00853007001362,-0.999925614439,0.0,0.659444277472,0.257950897421,0.303286883436,1.0,-0.0096,-0.0126171428571,0.481
0.463277629226,0.534781971183,-0.12397015017,-1.3763486439,0.0783611622777,1.9015979746,0.156639708379,-0.00974878504379,-0.0535100621602,0.00128115052661,-0.081244483083,-0.00140144451345,0.0297074548298,-0.00911623913243,0.574032653155,0.81881827747,0.00197192632001,0.0,0.818774122998,-0.573972696809,-0.0120426628399,0.0,-0.00872908863692,0.0085276081272,-0.999925538683,0.0,0.659315531766,0.257782845804,0.303285895136,1.0,-0.00986,-0.0129588571429,0.494
0.463153204347,0.533928144584,-0.12397684659,-1.37774829208,0.0782790554293,1.90210612378,0.156468205173,-0.0149096007285,-0.0491328973809,-0.00109448728343,-0.0840371818013,-0.00397254596729,0.029508192321,-0.0142746564367,0.5740541633,0.818803263754,0.00194416177719,0.0,0.81875866976,-0.573994249401,-0.0120660369732,0.0,-0.00876394150724,0.00851852207742,-0.999925311266,0.0,0.659140556866,0.257555155833,0.303268959707,1.0,-0.0102,-0.0134057142857,0.511
0.463016931677,0.532943536664,-0.123972557264,-1.3793473171,0.0781858452576,1.9027233152,0.156265965828,-0.0123258008474,-0.0570117971746,-1.28996859271e-05,-0.0918286114568,-0.00148832814231,0.0353153801519,-0.0144926037695,0.574059732037,0.818799353426,0.00194673686122,0.0,0.818754751069,-0.573999765409,-0.0120695407453,0.0,-0.00876527441543,0.00852270146868,-0.999925263969,0.0,0.658956543819,0.257317749863,0.303255592313,1.0,-0.01056,-0.0138788571429,0.529
0.462893532917,0.532021760199,-0.12397287232,-1.38082113571,0.0781099532628,1.90324909472,0.156073876184,-0.00679787600573,-0.0636078185479,0.00141631518724,-0.0987353818786,-0.00341908303071,0.0226612693434,-0.0149826564789,0.57406364736,0.81879664466,0.00193141785499,0.0,0.818751669684,-0.574003579794,-0.0120971349824,0.0,-0.00879662213299,0.00852604117696,-0.999924960215,0.0,0.658778171331,0.257096823708,0.303249545177,1.0,-0.01088,-0.0142994285714,0.545
0.462771672953,0.531076393596,-0.123975745105,-1.38232641405,0.0780165489667,1.90379827824,0.155881621297,-0.0078974000909,-0.0611818094057,0.000584046616734,-0.0996338187078,-0.00473406346822,0.0381241423454,-0.0142505414746,0.574064849545,0.818795829476,0.0019196484588,0.0,0.818750702029,-0.574004834924,-0.0121030703956,0.0,-0.00880822565269,0.008519824842,-0.999924911054,0.0,0.658598525383,0.25687078586,0.303247040692,1.0,-0.0112,-0.01472,0.561
0.46262488547,0.529968652122,-0.123980464476,-1.38406684389,0.0779089429581,1.90441692939,0.155665442969,-0.00315765258077,-0.0621581162892,-0.000860386590253,-0.100510630964,-0.00510407486638,0.0366648661516,-0.0101195346398,0.574076813624,0.818787474027,0.00190560646815,0.0,0.818742146268,-0.574016843312,-0.01211232512,0.0,-0.0088237397645,0.0085137692566,-0.999924825849,0.0,0.658389262427,0.256603931999,0.303252864062,1.0,-0.01156,-0.0151931428571,0.579
0.462481617652,0.52883295674,-0.123978541208,-1.38583360995,0.0777940896379,1.90509023989,0.155417566276,-0.00607417758892,-0.0657608191682,0.00492302142844,-0.104883046851,-0.00674543879419,0.0436834314293,-0.0128225429243,0.574055496575,0.818802362509,0.00193000059167,0.0,0.818757417494,-0.573995483248,-0.0120922872341,0.0,-0.00879355103627,0.00852201032823,-0.999925021589,0.0,0.658196910689,0.256354720252,0.303264336163,1.0,-0.0119,-0.01564,0.596
0.462345977581,0.527784959044,-0.123984537676,-1.3874428128,0.0776951984806,1.90572284024,0.155187078131,-0.00658788791698,-0.0657282025548,-0.00149439801677,-0.102612124331,-0.00223861116414,0.0398955256293,-0.00935523293594,0.574042024379,0.818811654382,0.00199394006863,0.0,0.818767626268,-0.573981814476,-0.012049801999,0.0,-0.00872220090059,0.0085498309205,-0.999925409019,0.0,0.658001559323,0.256099970817,0.303296984503,1.0,-0.01224,-0.0160868571429,0.613
0.462206603024,0.526685394987,-0.123984720363,-1.38911842713,0.0775890816776,1.90636188146,0.154961340922,-0.0126558011985,-0.0667588335609,-0.00365819921239,-0.106831411502,-0.00863803519706,0.0473125133125,-0.0170782967628,0.574033387597,0.818817584489,0.00204454298197,0.0,0.818774269221,-0.573973014138,-0.0120175706056,0.0,-0.00866685250062,0.00857267100189,-0.999925694729,0.0,0.657806809083,0.255849918215,0.303328680372,1.0,-0.01256,-0.0165074285714,0.629
0.462049330682,0.525433807065,-0.123987831773,-1.39105527706,0.0774613304929,1.90705874985,0.154693941424,-0.00977760328637,-0.0675420417277,-0.000272418083102,-0.109670245698,-0.00813282245309,0.0373682437699,-0.0162691716159,0.574015106664,0.818830389366,0.00204882233909,0.0,0.818787182603,-0.573954769508,-0.0120091242164,0.0,-0.00865767119169,0.00857113320959,-0.999925787449,0.0,0.657572176599,0.255557867516,0.303347798771,1.0,-0.01292,-0.0169805714286,0.647
0.461899770845,0.524313187861,-0.123992833728,-1.39282117223,0.0773580577759,1.90769350304,0.154454095738,-0.0125191235461,-0.0707462006597,0.0009212981087,-0.108621247062,-0.000366616428297,0.0393733019212,-0.0155428051606,0.574011686832,0.81883280627,0.00204099418738,0.0,0.818789431058,-0.573951317678,-0.0120207913402,0.0,-0.00867175396162,0.00857138420944,-0.999925663265,0.0,0.657358366274,0.25528812188,0.303350568051,1.0,-0.01324,-0.0174011428571,0.663
0.461748298402,0.523123413355,-0.123991491392,-1.39474644642,0.0772343392304,1.90841592375,0.154202036965,-0.00867568571737,-0.069955262163,0.00104205133058,-0.117636746727,-0.000579180926808,0.0445285809224,-0.0108332888176,0.573998330762,0.818842210348,0.00202428644665,0.0,0.818798650263,-0.573938067076,-0.012025489155,0.0,-0.00868533028933,0.00856025852335,-0.999925640741,0.0,0.657125970722,0.255005475205,0.303333213607,1.0,-0.01358,-0.017848,0.68
0.461572379673,0.521804375341,-0.123997428533,-1.39681670825,0.0771117383452,1.90922576183,0.153907533631,-0.0101882433939,-0.0720900270424,-0.000184369439625,-0.117731879908,-0.0010804460778,0.0459423657003,-0.017355134235,0.573983405829,0.818852552603,0.00207215577259,0.0,0.818809649278,-0.573922973391,-0.0119969064923,0.0,-0.00863460594517,0.00858289163653,-0.999925886029,0.0,0.656887446677,0.254693130176,0.303345152551,1.0,-0.01394,-0.0183211428571,0.698
0.46142345992,0.520691220872,-0.124000349745,-1.39860655229,0.0769942138961,1.90988435113,0.153668535195,-0.0115151374504,-0.079332906763,-0.000497339918542,-0.123207113662,-0.00798953021968,0.0396093065105,-0.017386862875,0.573975442619,0.818858189982,0.00205009031374,0.0,0.818815052495,-0.573915157308,-0.0120020381909,0.0,-0.00865155593345,0.0085676849453,-0.99992586993,0.0,0.656670916899,0.254421510651,0.303332368563,1.0,-0.01424,-0.0187154285714,0.713
0.46125287771,0.519287432093,-0.124006213317,-1.40078680189,0.0768565456991,1.91066410219,0.153370966714,-0.0100518987203,-0.0778691733548,-0.00033391246466,-0.12108393778,-0.00417349265163,0.0407707592405,-0.0195277772217,0.573954205184,0.81887307683,0.00204970636114,0.0,0.81882993458,-0.573893924403,-0.0120020277459,0.0,-0.00865198993861,0.00856714016508,-0.999925870842,0.0,0.656400653361,0.254096461362,0.303348076886,1.0,-0.0146,-0.0191885714286,0.731
0.461072207888,0.517934136428,-0.124007015493,-1.40290704072,0.0767275896063,1.91141982548,0.153088475047,-0.00893036356419,-0.0889411760461,-0.000849331254075,-0.126437287368,-0.00512611233964,0.042862994754,-0.0214777993202,0.573948855697,0.818876848759,0.00204071369479,0.0,0.81883351466,-0.57388853989,-0.0120152384044,0.0,-0.00866802524537,0.00856730204735,-0.999925730579,0.0,0.6561385874,0.253774027831,0.303354249506,1.0,-0.01494,-0.0196354285714,0.748
0.460898379891,0.516677594614,-0.124007701527,-1.40491245714,0.0765957318279,1.91215969563,0.152805119198,-0.010739069896,-0.0758298028974,0.00035579738295,-0.12294870853,-0.00765768376421,0.0493828751459,-0.0170791740593,0.573940055962,0.818883044135,0.00202955437716,0.0,0.818839609139,-0.573879832756,-0.0120157797516,0.0,-0.00867496499409,0.00855838159136,-0.999925746787,0.0,0.65590949746,0.253485108304,0.303350177947,1.0,-0.01524,-0.0200297142857,0.763
0.460713248711,0.515285531062,-0.124015526398,-1.40709595201,0.0764586678336,1.91298534486,0.152515504453,-0.00735037651566,-0.0844900869403,0.000232164988949,-0.124805885028,-0.00778279583421,0.0387892374911,-0.022202848426,0.573928341556,0.818891202879,0.0020502460007,0.0,0.81884810596,-0.573868099666,-0.0119971018577,0.0,-0.00864791689426,0.00856448171992,-0.99992592885,0.0,0.655635205967,0.253134065358,0.303354169208,1.0,-0.0156,-0.0205028571429,0.781
0.460519111511,0.513898239159,-0.124014180293,-1.40935613181,0.0763246947502,1.91377544594,0.152208156224,-0.0136597010029,-0.0847682963796,0.000881504965484,-0.133063910442,-0.00534978181744,0.0429455868615,-0.0163724464523,0.57391716791,0.818899201226,0.0019822991981,0.0,0.818855055233,-0.573857057271,-0.0120508605963,0.0,-0.00873105183174,0.00853957591695,-0.999925419407,0.0,0.655348468487,0.252789612089,0.303319325345,1.0,-0.01594,-0.0209497142857,0.798
0.460349808855,0.512657389234,-0.124017271315,-1.41136574848,0.0762045726457,1.91446669236,0.151928826108,-0.0169409146613,-0.0824167214318,0.000806435760185,-0.12882923541,-0.00571763668031,0.0486281305288,-0.0123741746355,0.573901933064,0.818910031684,0.0019178462756,0.0,0.818864909851,-0.573841975106,-0.012099335619,0.0,-0.00880789619966,0.00851445304771,-0.999924959711,0.0,0.655090903279,0.252482259784,0.303292282558,1.0,-0.01624,-0.021344,0.813
0.460152050171,0.51120804876,-0.124026070715,-1.41365846412,0.076063430975,1.91534656776,0.151596547235,-0.00799626131696,-0.0915460770666,9.47540777857e-05,-0.133257384772,-0.0108240003917,0.053443182981,-0.0185940472294,0.573880033343,0.818925316777,0.00194416359501,0.0,0.818880594115,-0.573820016282,-0.0120792548232,0.0,-0.00877657657308,0.00852424511858,-0.999925151673,0.0,0.654817930745,0.252131452432,0.303292629866,1.0,-0.01658,-0.0217908571429,0.83
0.459937778467,0.509645789614,-0.124029374871,-1.41615418449,0.0759009631906,1.91628265531,0.15125185578,-0.0131410910282,-0.0843888842051,-0.000271397597271,-0.134360726727,-0.0107394622621,0.0479267317287,-0.0154267497792,0.573861778662,0.818938122858,0.00193825200516,0.0,0.818893396131,-0.57380186073,-0.0120738269595,0.0,-0.00877571353847,0.00851609354248,-0.999925228706,0.0,0.65451380364,0.251750925383,0.303279608385,1.0,-0.01694,-0.022264,0.848
0.459758556622,0.508317244404,-0.124035650186,-1.41823928354,0.0757712629442,1.9170213893,0.150958714943,-0.00782886562625,-0.0933650869778,0.000575649401221,-0.14232255851,-0.0119741001927,0.0529271339312,-0.020759020593,0.573845985007,0.818949229284,0.00192152248753,0.0,0.818904243137,-0.573786102682,-0.0120870113022,0.0,-0.00879627504649,0.00850978966463,-0.999925101708,0.0,0.654251355518,0.251429273838,0.30328094547,1.0,-0.01724,-0.0226582857143,0.863
0.459528841823,0.506692119515,-0.124039352146,-1.4208014021,0.0756123592075,1.91795007215,0.150608964066,-0.0127236707081,-0.0904685329421,-0.000249955366332,-0.142570553232,-0.00400310280564,0.053738906592,-0.0165469755569,0.57383990719,0.81895350909,0.00191252887631,0.0,0.818908361506,-0.573780022724,-0.0120966061228,0.0,-0.00880935677767,0.00850786502604,-0.999925002921,0.0,0.653933280262,0.251031630383,0.303278599093,1.0,-0.0176,-0.0231314285714,0.881
0.459309127951,0.505087645236,-0.124050318784,-1.42326404134,0.0754617818911,1.91891537012,0.150284905845,-0.0105861865233,-0.0890988736492,-0.000680495024394,-0.148787613162,-0.0123017801541,0.0567568170042,-0.0162694961771,0.57384900656,0.818946926493,0.00199903929487,0.0,0.818903004004,-0.573788837303,-0.0120410598264,0.0,-0.00871413027786,0.00854693405798,-0.999925504151,0.0,0.653643440714,0.250651620701,0.30331191219,1.0,-0.01794,-0.0235782857143,0.898
0.45909671541,0.503506267974,-0.12405486633,-1.42559150451,0.075309368929,1.91978915664,0.149945526574,-0.0122844687582,-0.0905983037183,0.000172954703123,-0.139961389454,-0.007559110363,0.0515944123673,-0.0215281806389,0.573826552505,0.818962399574,0.00210300382528,0.0,0.818919937236,-0.573766049395,-0.0119751350645,0.0,-0.00860071874142,0.00859400769172,-0.999926082603,0.0,0.653362972271,0.250289535287,0.303384569494,1.0,-0.01826,-0.0239988571429,0.914
0.458860925526,0.501818286673,-0.124058798857,-1.42810739803,0.0751458296601,1.92071099171,0.149595325413,-0.0150851826024,-0.0959558915366,0.00182671762284,-0.142795460439,-0.00840501608656,0.047617747385,-0.0275442265815,0.573820041521,0.818966762734,0.00217907929796,0.0,0.81892534888,-0.573759283712,-0.0119291331459,0.0,-0.00851946060362,0.00862984510269,-0.999926469579,0.0,0.653054873935,0.249893178585,0.303445541953,1.0,-0.0186,-0.0244457142857,0.931
0.458623694375,0.500103055577,-0.124060551551,-1.43071077004,0.0749797855923,1.9216248139,0.149232878623,-0.016374717898,-0.0964893232479,0.00171588146266,-0.150717216544,-0.00320339515231,0.0486123720043,-0.0320725398767,0.573806247841,0.818976370394,0.00220035820481,0.0,0.818935183158,-0.573745354114,-0.011923980891,0.0,-0.0085031770059,0.00864417191097,-0.999926484434,0.0,0.652723659639,0.24948636548,0.303482516165,1.0,-0.01894,-0.0248925714286,0.948
0.458388330713,0.498516967783,-0.124067363527,-1.43317974941,0.0748246309125,1.92254474758,0.148874042499,-0.0122400919013,-0.0890532985221,-0.000353899505422,-0.150589101895,-0.00921450403026,0.0562187472481,-0.0200177146716,0.573793646281,0.818985124263,0.00222814392198,0.0,0.818944323364,-0.573732667054,-0.0119066740144,0.0,-0.00847319307752,0.00865686638584,-0.99992662914,0.0,0.652421667924,0.249094234217,0.303493519984,1.0,-0.01926,-0.0253131428571,0.964
0.458073122243,0.496439600863,-0.124069987392,-1.43648151084,0.0746276818351,1.92373159938,0.148394655226,-0.0149475303185,-0.103817756705,3.7814647253e-05,-0.15802106251,-0.0146003456591,0.0589896481221,-0.0245419650518,0.57377502827,0.818998245311,0.00219954813742,0.0,0.818956901504,-0.573713993383,-0.011941280314,0.0,-0.00851814007898,0.00865311017626,-0.99992627977,0.0,0.652004398035,0.248571746144,0.303473019386,1.0,-0.01968,-0.0258651428571,0.985
0.457844492896,0.495065287641,-0.12406663597,-1.43873157784,0.0744838762287,1.92450468643,0.148063738484,-0.0217024452099,-0.0971765381547,0.000734610251868,-0.163812148019,-0.00400486830322,0.0558102845874,-0.0271858746917,0.573763115392,0.819006823889,0.00211109926537,0.0,0.818964202935,-0.573702322433,-0.0120011019257,0.0,-0.00861800774322,0.00861487021913,-0.999925754221,0.0,0.651713477168,0.248205391939,0.303426490144,1.0,-0.01996,-0.0262331428571,0.999
0.457549290536,0.493140574941,-0.124110759424,-1.44177797902,0.0742904969122,1.92562169037,0.147644018125,-0.0150198019184,-0.11948967677,-0.00879265609927,-0.180778190673,-0.00711206466534,0.0806967642661,-0.0235083865683,0.573793644101,0.818985481321,0.00209338861726,0.0,0.818942800797,-0.573733092615,-0.0119905947361,0.0,-0.00861924262297,0.00859465805973,-0.999925917511,0.0,0.651341244047,0.247696043166,0.303414845028,1.0,-0.024012,-0.0315586285714,1.017
0.457286837968,0.491244113336,-0.124124407311,-1.44479303895,0.0741122566592,1.92673464947,0.147203179783,-0.0181652503303,-0.12800657594,-0.00176521367932,-0.210702159942,-0.00995528140988,0.0817571123362,-0.0273498630625,0.573760293714,0.819008857236,0.00208902519959,0.0,0.818966034071,-0.573699679291,-0.0120024964615,0.0,-0.00863184401361,0.00859756210755,-0.999925783843,0.0,0.650957720612,0.247231502427,0.303396364638,1.0,-0.027792,-0.0365266285714,1.032
0.456794026336,0.488117594777,-0.124139463375,-1.44980413637,0.0738201639194,1.92853227108,0.146471741975,-0.0255238784157,-0.163767278649,-0.00247714123521,-0.253079174558,-0.0148084556369,0.0907093914187,-0.0413842815954,0.573746221293,0.819018883916,0.00202194004729,0.0,0.818974875461,-0.573685588223,-0.0120725362144,0.0,-0.00872784530908,0.00858265537559,-0.999925078565,0.0,0.650317732843,0.246424317933,0.303341460087,1.0,-0.033084,-0.0434818285714,1.053
0.456468604453,0.486025823235,-0.124171276409,-1.45300294341,0.0736263160042,1.92976740717,0.145996196331,-0.0260031284842,-0.180926729162,-0.0020726617516,-0.27315476845,-0.0219286204334,0.10562163426,-0.0423152357953,0.57375245848,0.819014254329,0.00212473423594,0.0,0.81897172125,-0.573691519696,-0.0120044542838,0.0,-0.00861304298886,0.00862784852526,-0.999925685099,0.0,0.64993503134,0.245895074109,0.303379918071,1.0,-0.036108,-0.0474562285714,1.065
0.455945038313,0.482798186602,-0.124217470884,-1.4579989495,0.0733160452569,1.93154217473,0.145223634711,-0.0340688118954,-0.197682122283,-0.00328948512386,-0.311229852582,-0.0277690296959,0.105284453417,-0.0429407710721,0.573743167861,0.819020763865,0.00212428634071,0.0,0.818978216277,-0.573682223447,-0.0120056097576,0.0,-0.00861434421597,0.00862804692925,-0.999925672178,0.0,0.64930506968,0.245049205623,0.303397222219,1.0,-0.040392,-0.0530866285714,1.082
0.455332005954,0.478975905481,-0.124294087096,-1.46398790597,0.0729506051303,1.93365941954,0.144336657804,-0.0400023113831,-0.220447252531,-0.0143788505918,-0.338201797892,-0.02645244288,0.123708000415,-0.0474216598015,0.573767210588,0.819004050942,0.00207352231865,0.0,0.81896082756,-0.573706463993,-0.0120334116529,0.0,-0.00866598658001,0.00860267622015,-0.99992544454,0.0,0.648541566049,0.244032685785,0.303382221143,1.0,-0.044928,-0.0590482285714,1.1
0.454719301947,0.475215253194,-0.124332558964,-1.46974003872,0.0726034180668,1.93576065944,0.143531212663,-0.0430268051,-0.237630737935,-0.0041330461792,-0.367621926389,-0.0294287891964,0.139645673945,-0.0584365344477,0.573821535412,0.818965747054,0.00216738360465,0.0,0.818923671237,-0.573760310363,-0.011994742231,0.0,-0.00857988953173,0.00865792983436,-0.999925710114,0.0,0.647816036624,0.243068435733,0.303431089609,1.0,-0.04896,-0.0643474285714,1.116
0.453992014688,0.470902974073,-0.124369074011,-1.47636230357,0.0722125022151,1.93811889004,0.142535167557,-0.0452192510353,-0.261307952223,-0.000858729718163,-0.401392757537,-0.0282646111753,0.138061515636,-0.0582570247464,0.573839403536,0.818953087157,0.00221965905141,0.0,0.818911371374,-0.573777633143,-0.0120058502705,0.0,-0.00855880220954,0.00870730163848,-0.999925462124,0.0,0.646963937601,0.241946916589,0.303465872846,1.0,-0.053244,-0.0699778285714,1.133
0.453220474465,0.466203616766,-0.124394876804,-1.48337948158,0.0717583939219,1.94077033456,0.141407121077,-0.0456020992402,-0.284521967531,-0.00448672128415,-0.425506289979,-0.0260864280474,0.153131559502,-0.0684710608841,0.573757861489,0.81900945471,0.00248523163312,0.0,0.818971387432,-0.573695240175,-0.0118484121234,0.0,-0.00827835537771,0.00883362327525,-0.999926715281,0.0,0.646023825503,0.24070364214,0.303596042756,1.0,-0.05778,-0.0759394285714,1.151
0.452415147871,0.461524714399,-0.124410038634,-1.49064675977,0.0712835435812,1.94325152407,0.140301916881,-0.0533966098191,-0.298320782397,-0.000712012138938,-0.469212075409,-0.0319094168378,0.163449309214,-0.0645406151413,0.573745007247,0.819018725443,0.00239602453364,0.0,0.818979201264,-0.573682422385,-0.0119286648323,0.0,-0.00839540434619,0.00880647570139,-0.999925978846,0.0,0.645043064038,0.239465662244,0.303580411416,1.0,-0.061812,-0.0812386285714,1.167
0.451512207566,0.456254198162,-0.12444320396,-1.49880971725,0.070721589357,1.94608289353,0.139077321128,-0.05060990526,-0.310393247273,-0.00333869173129,-0.491496710855,-0.032687143761,0.172764330332,-0.0750563614994,0.573734944314,0.819025978013,0.00232549219354,0.0,0.818985636788,-0.573672749122,-0.0119520103134,0.0,-0.00845509822324,0.00876199937219,-0.999925866593,0.0,0.644013431362,0.238146598552,0.303568398544,1.0,-0.065844,-0.0865378285714,1.183
0.450513572182,0.450597065296,-0.124489029767,-1.50727336376,0.070148754087,1.94926366169,0.137690712213,-0.0602950387186,-0.341928886429,-0.00528902644369,-0.510386262463,-0.0327942799874,0.192750913512,-0.0832816872728,0.573680755395,0.819063054105,0.00261747774183,0.0,0.819026973558,-0.573617940228,-0.011748282195,0.0,-0.00812130806463,0.00888371931661,-0.999927559319,0.0,0.642936594649,0.236677453571,0.303701159775,1.0,-0.070128,-0.0921682285714,1.2
0.449509315018,0.445007761192,-0.124522185205,-1.51574158173,0.0696019157682,1.95224684908,0.136434683123,-0.0586649183678,-0.352597360078,0.000105520271507,-0.539554980187,-0.0379244022501,0.178436886071,-0.0902477673778,0.573730471914,0.819027943752,0.00270552241284,0.0,0.818992832478,-0.5736671417,-0.0117259449531,0.0,-0.00805196229933,0.00894350758603,-0.999927587166,0.0,0.641801522198,0.235204458359,0.303760446984,1.0,-0.07416,-0.0974674285714,1.216
0.448302912211,0.438470931599,-0.124557447933,-1.52598045271,0.0688918974711,1.95563802954,0.13480913605,-0.0730412506923,-0.375091631013,-0.00169637856632,-0.579698975681,-0.0381556317133,0.188590248552,-0.0975916515484,0.573669814235,0.819071312745,0.00242399990098,0.0,0.81903221736,-0.573607196336,-0.0119062227221,0.0,-0.00836178267795,0.00881574432141,-0.999926178896,0.0,0.640362319401,0.23341055047,0.303653141152,1.0,-0.078696,-0.103429028571,1.234
0.447069185003,0.431862581544,-0.124580406838,-1.53583196504,0.0682251342228,1.95925224051,0.133186458763,-0.0765687836496,-0.390148679887,-0.00106036821119,-0.588419657352,-0.048230101151,0.222495726075,-0.0936288834328,0.573614140727,0.819109359054,0.00272440270133,0.0,0.819074374242,-0.573550626214,-0.0117301121219,0.0,-0.0080458166533,0.00896021913519,-0.999927487025,0.0,0.639052781144,0.231676618818,0.303786253038,1.0,-0.08298,-0.109059428571,1.251
0.445808814693,0.425521223129,-0.124625211459,-1.54562854815,0.067522091158,1.96260171972,0.131595464962,-0.0819478376382,-0.412406498091,-0.011352878472,-0.62275994955,-0.0388413939858,0.205764712123,-0.101862399236,0.573600036301,0.819119632072,0.00260261602679,0.0,0.81908313951,-0.573537046818,-0.0117819098227,0.0,-0.00815825400078,0.00889003396889,-0.999927202444,0.0,0.637692366243,0.229897153739,0.303732165542,1.0,-0.087012,-0.114358628571,1.267
0.444374940411,0.418432016353,-0.124749171564,-1.55649318637,0.066739614903,1.96620601679,0.129856884022,-0.0840629482644,-0.423903707884,-0.00638027176814,-0.637160155841,-0.0459519276869,0.222375786749,-0.0940870589356,0.573680198499,0.819064067037,0.00241471316464,0.0,0.819025318942,-0.573618109084,-0.0118549046298,0.0,-0.00832496348226,0.0087788042802,-0.999926811111,0.0,0.636166806582,0.227854740698,0.303691327253,1.0,-0.091296,-0.119989028571,1.284
0.442846202618,0.410999861528,-0.124797871744,-1.56760046519,0.0659890854491,1.97021774763,0.127963146764,-0.0896449722365,-0.436238544446,0.00141115184141,-0.670244249674,-0.0470880141551,0.221667362251,-0.114716190297,0.573668289048,0.819071552879,0.00268929486251,0.0,0.819036442327,-0.573605259058,-0.0117072551261,0.0,-0.00804664088256,0.00891888323034,-0.999927849943,0.0,0.634650927407,0.225808409743,0.303787061327,1.0,-0.09558,-0.125619428571,1.301
0.441303553094,0.403837294171,-0.124851247796,-1.5786197147,0.0652232865809,1.97378934889,0.126171894405,-0.102460206793,-0.451481185739,-0.00688027446145,-0.699238908742,-0.0402415789398,0.224652205776,-0.109856864744,0.573734900561,0.819025664331,0.00244375677241,0.0,0.818986787339,-0.573672155809,-0.0119015425272,0.0,-0.00834591424372,0.00882990482948,-0.999926186524,0.0,0.633044893334,0.223733210052,0.303692510967,1.0,-0.099612,-0.130918628571,1.317
0.439583792395,0.395832676486,-0.124952292319,-1.59036022976,0.0643768009548,1.97798737831,0.124134961479,-0.103143073039,-0.477133661752,0.00198494110011,-0.691884768363,-0.052190750735,0.242833378463,-0.111406265603,0.573777725838,0.81899453951,0.00279508244126,0.0,0.818960839271,-0.573714355546,-0.0116502739355,0.0,-0.00793808464818,0.00897390352144,-0.999928225358,0.0,0.631425984486,0.221478449988,0.303861700597,1.0,-0.103896,-0.136549028571,1.334
0.437645522532,0.387226690015,-0.124987779965,-1.6035269395,0.0633764248948,1.98231511858,0.121876522087,-0.110981205189,-0.480997265693,-0.00187150070414,-0.745871828101,-0.0554616342725,0.237697149528,-0.131284261819,0.57376474386,0.819004414969,0.00255614262463,0.0,0.818967528679,-0.573702133164,-0.0117811830255,0.0,-0.00818253397416,0.0088531957207,-0.999927330891,0.0,0.629481879811,0.218962696786,0.303751264043,1.0,-0.108432,-0.142510628571,1.352
0.435862596248,0.379158440968,-0.125048272643,-1.61541091587,0.062496575129,1.98628781498,0.119747425265,-0.104659228403,-0.506039523375,-0.00619247869993,-0.748548585482,-0.0595152437456,0.259605237702,-0.130961545012,0.57372314633,0.819033207542,0.00266518477556,0.0,0.818997775536,-0.573660185767,-0.0117209997383,0.0,-0.00807113301213,0.00890756074871,-0.999927753477,0.0,0.6277333959,0.216673368474,0.303841132535,1.0,-0.112464,-0.147809828571,1.368
0.433795923278,0.370501157569,-0.125099822733,-1.62845551446,0.0615122802686,1.99060956757,0.117439145519,-0.127645395775,-0.517246567947,-0.00383770808256,-0.789550597322,-0.0621207349701,0.246166798076,-0.13426911265,0.573760501416,0.819007320821,0.00257727698552,0.0,0.81897066609,-0.57369776652,-0.011775724013,0.0,-0.00816598334479,0.00886733028734,-0.999927340945,0.0,0.625792479841,0.214102175067,0.303786286609,1.0,-0.116748,-0.153440228571,1.385
0.431655603659,0.361464481419,-0.125236283419,-1.64171630438,0.0604591688561,1.99497266513,0.115080762945,-0.124525574283,-0.543620560877,-0.00180187379126,-0.773363541669,-0.0674075552085,0.267532532098,-0.147168038379,0.573852600901,0.818942633061,0.00262737435222,0.0,0.818907250022,-0.573790352379,-0.0116745141009,0.0,-0.00805335031408,0.00885119659958,-0.99992839737,0.0,0.6238148474,0.211417720288,0.303865217721,1.0,-0.121032,-0.159070628571,1.402
0.429371476013,0.352297612537,-0.125284520653,-1.65546016445,0.0594674122369,1.99936545839,0.112511840961,-0.138142730284,-0.548275269359,-0.00170511665261,-0.847923841265,-0.0620934816768,0.252220186413,-0.147319437345,0.573847424018,0.818946706646,0.00248445614532,0.0,0.818908569024,-0.573784729904,-0.0118569055696,0.0,-0.00828479027682,0.00883876731836,-0.999926616529,0.0,0.62168967694,0.208666316591,0.303781991952,1.0,-0.125316,-0.164701028571,1.419
