position_joint1,position_joint2,position_joint3,position_joint4,position_joint5,position_joint6,position_joint7,velocity_joint1,velocity_joint2,velocity_joint3,velocity_joint4,velocity_joint5,velocity_joint6,velocity_joint7,ee_T_00,ee_T_10,ee_T_20,ee_T_30,ee_T_01,ee_T_11,ee_T_21,ee_T_31,ee_T_02,ee_T_12,ee_T_22,ee_T_32,ee_T_03,ee_T_13,ee_T_23,ee_T_33,v_x,v_y,time
0.465075810265,0.547653978038,-0.123967106103,-1.35575406015,0.0794373799894,1.89408539821,0.159177486622,-0.000771706091932,0.000350012029688,0.000447548022213,-0.000322522759497,-3.17555399177e-05,0.000130623332312,0.000787724029025,0.5737827974,0.818993116211,0.00207940096541,0.0,0.818952178027,-0.573724226556,-0.0117723773395,0.0,-0.00844865595468,0.0084578803919,-0.999928539683,0.0,0.661693583419,0.260904174413,0.303339928095,1.0,0.0,0.0,0.0
0.465081134773,0.547658693724,-0.123967106427,-1.35575194159,0.0794341861738,1.89408756184,0.159175608021,0.0015548337033,0.000902226621196,0.000835650563967,0.00098792434184,8.90299892431e-05,0.000392874684424,-0.000152574899056,0.5737759602,0.818997912354,0.00207700681037,0.0,0.818956976114,-0.573717432622,-0.0117696933211,0.0,-0.00844790189253,0.00845430907501,-0.999928576255,0.0,0.661693166173,0.260907516277,0.303337777925,1.0,-0.0001,-0.000131428571429,0.006
0.465075488615,0.547650841551,-0.123969815724,-1.35575250724,0.079436549623,1.89408685175,0.159178760061,-0.000199655584244,-0.00182683804973,0.00018517848315,-3.26771814297e-05,-5.7752238769e-05,0.000107453351288,0.00112859566524,0.573785696274,0.818991074912,0.00208347469084,0.0,0.818950214414,-0.573727133967,-0.0117672835595,0.0,-0.00844211678504,0.00845832388418,-0.999928591161,0.0,0.661695065593,0.260902584225,0.303343103711,1.0,-0.00044,-0.000578285714286,0.023
0.465074788018,0.547633111757,-0.12397020041,-1.35576738616,0.079436057559,1.89408824112,0.159176418898,0.000829929025079,-0.0024161399633,-0.000475457705966,-0.000958103194193,-0.000377283297479,-0.00114518135484,0.00187634615066,0.573785281219,0.818991355153,0.00208761650585,0.0,0.81895054147,-0.573726695807,-0.011765884843,0.0,-0.00843859912127,0.00846090910997,-0.999928598982,0.0,0.661692699488,0.260900379908,0.303348714221,1.0,-0.0008,-0.00105142857143,0.041
0.465077297443,0.547566103748,-0.123967559968,-1.35583831936,0.0794344308537,1.89410098024,0.159178710354,0.00102959048044,-0.00527712938525,8.5681013532e-05,-0.00986139750887,0.000375071188984,0.000138898822262,0.00247982071086,0.573786667126,0.818990357026,0.00209824412334,0.0,0.818949627559,-0.573727986119,-0.0117665783554,0.0,-0.00843305519544,0.0084700250956,-0.999928568576,0.0,0.661679580697,0.260896631176,0.303363436558,1.0,-0.00112,-0.001472,0.057
0.465074355308,0.547423495568,-0.123970065639,-1.35600552184,0.0794333028216,1.89413736276,0.159174615545,-0.000158738962367,-0.0066628361154,-0.000604916970265,-0.01133114236,-0.000185018087961,0.000725005696387,0.00114601207566,0.573796298629,0.818983567565,0.00211438873877,0.0,0.818942948215,-0.573737453448,-0.0117698335115,0.0,-0.00842635846178,0.00848521401842,-0.999928496257,0.0,0.661653678893,0.260877548938,0.303388113967,1.0,-0.00146,-0.00191885714286,0.074
0.46505663632,0.547280744959,-0.123967559985,-1.35621058083,0.0794298256155,1.89420188273,0.159168300716,-0.00138805005244,-0.0145718116963,0.000720397936124,-0.0130487180836,7.89372419768e-05,0.00732699898625,0.00099694810215,0.573814349694,0.81897089998,0.00212225641346,0.0,0.818930276825,-0.573755364863,-0.0117783653764,0.0,-0.00842864476729,0.00849673868963,-0.999928379125,0.0,0.661627543434,0.260848627584,0.303397143031,1.0,-0.0018,-0.00236571428571,0.091
0.465039923489,0.547106981285,-0.123967559997,-1.35641470493,0.0794246779561,1.89432740601,0.159155673335,-0.000308198621236,-0.0132400992981,-0.000491076539025,-0.0108233970992,0.000335225686912,0.0120904342572,0.00051071284505,0.573828016454,0.818961102464,0.00220614709013,0.0,0.81892157156,-0.573768710015,-0.0117334540106,0.0,-0.00834358490211,0.00853981050102,-0.999928725574,0.0,0.66161501487,0.260823328605,0.303433961334,1.0,-0.00212,-0.00278628571429,0.107
0.465021969198,0.546917151844,-0.123968301268,-1.35665613283,0.079419428109,1.89445199658,0.159136080795,0.00069194553727,-0.0140364748162,2.3444523453e-05,-0.0187488518674,-0.000156242706415,0.0124618588617,0.00034684264968,0.573839482948,0.818952886443,0.00227255299091,0.0,0.81891418557,-0.573779892637,-0.0117020673082,0.0,-0.0082796559973,0.00857629925562,-0.999928944669,0.0,0.661594658167,0.260792477271,0.303464339265,1.0,-0.00246,-0.00323314285714,0.124
0.46498362679,0.546665008971,-0.123966948328,-1.35699877939,0.0794086803885,1.89458857845,0.159115050411,-0.00266337584404,-0.0180826980397,-0.000715294675796,-0.0197075147137,-0.000522395712699,0.0052901855686,-0.00302091287056,0.573869039007,0.818932049252,0.00231768832012,0.0,0.818893855427,-0.573809196271,-0.011687887726,0.0,-0.00824183365552,0.00860542330253,-0.999929006914,0.0,0.66156024856,0.260738071169,0.303491622622,1.0,-0.00282,-0.00370628571429,0.142
0.464945538133,0.546425435991,-0.123969734899,-1.35737216334,0.0793980049925,1.89472205159,0.158999913561,-0.00255525198409,-0.0117292463919,-0.000293460496345,-0.0264284320815,-0.000220477261932,0.00726205344892,-0.00491334862043,0.573825917808,0.818962246817,0.00232405711275,0.0,0.818924031386,-0.573765948031,-0.0116967773246,0.0,-0.00824591296509,0.00861530607498,-0.999928888182,0.0,0.661518691616,0.26067741895,0.303495224651,1.0,-0.00314,-0.00412685714286,0.158
0.464904138277,0.546136979488,-0.123967268051,-1.35782003033,0.0793794515928,1.89488449724,0.15894939117,-0.00131289749103,-0.0175540994716,-0.000124717479303,-0.033779458512,0.000200361564534,0.00551631656765,-0.00112324073836,0.573836822511,0.818954584056,0.00233179862401,0.0,0.818916376675,-0.573776726199,-0.0117039902341,0.0,-0.00824726345872,0.00862589472215,-0.999928785757,0.0,0.661467180435,0.260610111191,0.303500303923,1.0,-0.00348,-0.00457371428571,0.175
0.464854007904,0.545830854936,-0.123970763719,-1.35832726377,0.0793420483484,1.89506469133,0.158914452566,-0.00359258046678,-0.0250347951712,-0.000812879819432,-0.0338034247825,0.000798787191544,0.00779875305991,-0.00393239068517,0.573870122928,0.81893131552,0.0023085432181,0.0,0.818892871044,-0.573810176213,-0.0117087287298,0.0,-0.00826413814123,0.00860990494663,-0.999928784243,0.0,0.661410707947,0.260524913317,0.30349131991,1.0,-0.00382,-0.00502057142857,0.192
0.464794811595,0.545519287184,-0.123970851099,-1.35887734001,0.0792421181693,1.89524601882,0.158817895419,-0.0110672190015,-0.0199723680998,-0.000462235553947,-0.0362292823702,-0.00507422281929,0.0133539965206,-0.0147928732181,0.573843710931,0.818950060484,0.00222278213484,0.0,0.818911052799,-0.57378465522,-0.011687768738,0.0,-0.00829646036659,0.00852737762174,-0.999929223784,0.0,0.661349796138,0.260420629182,0.303465646358,1.0,-0.00414,-0.00544114285714,0.208
0.464732706703,0.545134236399,-0.123971886263,-1.35955040416,0.0792285531644,1.8954568698,0.158738199281,-0.00254165836874,-0.0199645276694,8.07989294122e-05,-0.0450203445678,-0.000332168837739,0.012191673969,-0.0059526024991,0.573863829863,0.818936099907,0.00217162266456,0.0,0.818896138819,-0.57380466924,-0.0117499909673,0.0,-0.00837656582683,0.00852139229556,-0.999928606961,0.0,0.661264525175,0.260316233363,0.303436184922,1.0,-0.00448,-0.005888,0.225
0.464670464879,0.544710759538,-0.123976582022,-1.36023855365,0.079211488065,1.89569554192,0.158675081367,-0.0073993271542,-0.0218380183726,-0.00190223476057,-0.0417888119444,-0.00139924169552,0.0188338870084,-0.00215451559389,0.573900179473,0.818910654071,0.00216137727078,0.0,0.818870340823,-0.573840831346,-0.011781854771,0.0,-0.00840816174995,0.00853166057088,-0.999928254218,0.0,0.661183343634,0.260209673096,0.303429239243,1.0,-0.00482,-0.00633485714286,0.242
0.464613969598,0.544298275431,-0.12398034284,-1.36092136538,0.07918328294,1.89593569307,0.158556650982,-0.00347865958938,-0.02697984074,-0.000283950059853,-0.0434334309669,-0.00302002920094,0.0166684281849,-0.00816460582907,0.573882625512,0.818923007229,0.00214179058287,0.0,0.818882315263,-0.573823230238,-0.0118068238842,0.0,-0.00844003302714,0.00852976974545,-0.999928001843,0.0,0.661102225594,0.260106242658,0.303417093595,1.0,-0.00514,-0.00675542857143,0.258
0.464548985805,0.54380697767,-0.123983300931,-1.36171795436,0.07914319715,1.89622268016,0.158469949308,-0.00167446250488,-0.0280618491185,-0.000371679122276,-0.050355120085,-0.0057626957538,0.0188793787375,-0.00438758511484,0.573900608432,0.818910437942,0.00212912466888,0.0,0.818869507353,-0.573841186157,-0.0118224319947,0.0,-0.0084598964161,0.00852854038445,-0.999927844473,0.0,0.661008948717,0.259986456164,0.303410541408,1.0,-0.00548,-0.00720228571429,0.275
0.464477650212,0.543294307135,-0.123983506485,-1.36255368407,0.0790964899096,1.89650938665,0.158362923647,-0.000513612852606,-0.0267934845976,-0.000753514114376,-0.0505839991362,-0.000412566822862,0.0162884740797,-0.0101408020886,0.573905498841,0.818907085621,0.00210010025846,0.0,0.818865705682,-0.573846118992,-0.0118462937662,0.0,-0.00849604309579,0.00851851722129,-0.999927623439,0.0,0.660908441753,0.259858613918,0.303400299208,1.0,-0.00582,-0.00764914285714,0.292
0.464407372206,0.542744924657,-0.123981033161,-1.36342872211,0.0790383144339,1.89682579671,0.15825218288,-0.00819033666057,-0.0341882359676,0.00107752157653,-0.0488811619641,-0.00177545908145,0.0230714120988,-0.00554702080177,0.573903761586,0.818908330323,0.00208946549726,0.0,0.818866828968,-0.573844441443,-0.0118499089346,0.0,-0.00850512472891,0.00851186517777,-0.999927602882,0.0,0.660805401922,0.259729009035,0.303399726335,1.0,-0.00616,-0.008096,0.309
0.464325794069,0.542147707969,-0.123986736805,-1.36435085449,0.078990417036,1.89716155146,0.158118170392,-0.00241691662735,-0.0383164734988,-0.00138626011321,-0.0525478814302,-0.000228478612003,0.0297029599152,-0.00445510463017,0.57390323817,0.818908665615,0.0021017852188,0.0,0.818867266782,-0.573843810941,-0.0118501872652,0.0,-0.00849828821924,0.00852210803886,-0.999927573763,0.0,0.660700725605,0.259585221027,0.303412464375,1.0,-0.0065,-0.00854285714286,0.326
0.464253803098,0.541520473924,-0.123986439568,-1.36531601944,0.0789332711003,1.89751108073,0.157991166426,-0.0072231088732,-0.0335520438924,0.0011741796974,-0.0611257512505,-0.00317951771079,0.026630413565,-0.00725421873198,0.573896235441,0.818913545474,0.00211255463652,0.0,0.818872255804,-0.573836735003,-0.0118480857408,0.0,-0.00849045991357,0.00852964840669,-0.999927575972,0.0,0.660586161992,0.2594459775,0.30342684543,1.0,-0.00684,-0.00898971428571,0.343
0.464164738619,0.540897802746,-0.123990017528,-1.36626904575,0.078874266107,1.89787036045,0.157880660882,-0.00594843079913,-0.0420293102579,-0.000544866121319,-0.0596647366891,-0.00600793068442,0.0232117434401,-0.00698415589771,0.573918296683,0.818898026186,0.00213502744413,0.0,0.818857062481,-0.573858738078,-0.0118324493662,0.0,-0.00846452824444,0.00853930589513,-0.999927713396,0.0,0.660481486216,0.259294959263,0.303444661075,1.0,-0.00716,-0.00941028571429,0.359
0.464065174949,0.540162192075,-0.123995899712,-1.36739056677,0.0788134299193,1.89828872807,0.157726210756,-0.00506319881626,-0.0344509277306,0.000584219329863,-0.0626182217307,-0.00148140654338,0.0244532871017,-0.0062649994407,0.57392191984,0.818895412025,0.00216356006568,0.0,0.818854743683,-0.573862171583,-0.0118263973438,0.0,-0.00844315980496,0.00855923488316,-0.999927723663,0.0,0.660360341729,0.259133929078,0.30346421255,1.0,-0.0075,-0.00985714285714,0.376
0.463965980167,0.539425772147,-0.124000961865,-1.36854738254,0.0787429660591,1.8987280451,0.15759862782,-0.0102422974941,-0.0446353732312,-0.00106172020915,-0.0699409434974,-0.00241002522443,0.0216501133127,-0.0132517907585,0.573948877277,0.818876479304,0.00217826014193,0.0,0.818836075999,-0.573889143049,-0.0118101242332,0.0,-0.00842111523859,0.00856221038035,-0.999927884085,0.0,0.660226243315,0.258943205482,0.303475201325,1.0,-0.00786,-0.0103302857143,0.394
0.463866357686,0.53871920428,-0.124001949771,-1.36963812739,0.0786753714875,1.89915517445,0.157457048333,-0.00472195461237,-0.0430992698765,-0.0020469453737,-0.0679488771424,-0.00581217394944,0.0276176844052,-0.0129623459045,0.57395753084,0.81887032228,0.00221246062017,0.0,0.818830405424,-0.573897705413,-0.0117871869868,0.0,-0.00838261292466,0.00857713990159,-0.99992807965,0.0,0.660107515269,0.258774715972,0.303492236251,1.0,-0.00818,-0.0107508571429,0.41
0.463748481748,0.53793769218,-0.124005083927,-1.3708536749,0.0786128766709,1.89961679961,0.157297645062,-0.00532730348929,-0.0499848132909,-0.00107837724612,-0.0746090560253,-0.00377274780782,0.0300531693211,-0.00267745877559,0.573976150996,0.818857194947,0.00224037342039,0.0,0.818817564018,-0.573916136989,-0.0117818275807,0.0,-0.0083620088198,0.00859711067406,-0.999928080662,0.0,0.659973452698,0.258582278391,0.303505763837,1.0,-0.00852,-0.0111977142857,0.427
0.463639772118,0.537130033702,-0.124011604373,-1.37211693658,0.0785297900047,1.90008927619,0.157144394982,-0.00742686078845,-0.0462802152093,0.00102489090265,-0.0756257152616,-0.00484012746064,0.0329008588327,-0.00695021454922,0.573991632749,0.818846320349,0.002248574395,0.0,0.818806881723,-0.573931673661,-0.011767383441,0.0,-0.00834531123804,0.00859569331693,-0.999928232343,0.0,0.659830466186,0.258386032429,0.303515921695,1.0,-0.00886,-0.0116445714286,0.444
0.463520119493,0.536336858393,-0.124018702755,-1.37335421455,0.0784709259266,1.90056331485,0.156986064475,-0.00995453017514,-0.0484032303992,-0.00228012266561,-0.0796212035032,-0.00277111607247,0.0230880947575,-0.0178876329824,0.574017380301,0.818828184479,0.00227998179897,0.0,0.818789058342,-0.573957199803,-0.0117625521893,0.0,-0.00832305752969,0.00861889948407,-0.999928218066,0.0,0.659694774475,0.258189152443,0.303528276822,1.0,-0.00918,-0.0120651428571,0.46
0.463415026252,0.535469562909,-0.124026868776,-1.37471863358,0.0783812791331,1.90105963187,0.156828688842,-0.00555173257932,-0.0503437683925,0.000784089365879,-0.083310372878,-0.00841605096125,0.0287817278134,-0.0144504957828,0.574031170326,0.818818537102,0.0022728161951,0.0,0.818779394201,-0.5739710943,-0.0117572718859,0.0,-0.00832270160507,0.00861014137975,-0.999928296481,0.0,0.659533868078,0.25798370192,0.303534196548,1.0,-0.00952,-0.012512,0.477
0.463304927863,0.534566251051,-0.124038586304,-1.37615836746,0.0783041527944,1.90158160344,0.156648236277,-0.00749793636078,-0.0454736573204,-0.00186251416507,-0.0884147540261,-0.00282248449669,0.0316206542003,-0.00909480260531,0.574040064219,0.818812330514,0.00226251417221,0.0,0.818772990238,-0.573979960607,-0.0117703941913,0.0,-0.00833926666013,0.00860932908795,-0.999928165462,0.0,0.659362605778,0.257768192418,0.303531882326,1.0,-0.00986,-0.0129588571429,0.494
0.463182189819,0.533656178847,-0.124036144255,-1.37763097962,0.0782169202336,1.90212635265,0.156465717014,-0.00986637518022,-0.0512380386218,-0.000853070817056,-0.0870930564036,-0.00695741595026,0.0337017122015,-0.00922463619966,0.574046673309,0.818807738548,0.00224745596493,0.0,0.818768154044,-0.573986576444,-0.0117841795065,0.0,-0.00835912875647,0.00860498008761,-0.999928037053,0.0,0.65918863821,0.257548688372,0.303520010455,1.0,-0.0102,-0.0134057142857,0.511
0.463063080722,0.53272956342,-0.124028369861,-1.3791346391,0.0781381923952,1.90269090512,0.156267142678,-0.00674554598081,-0.0555602623891,0.000135703315605,-0.09132864064,-0.0140460911255,0.0322560958822,-0.011699613177,0.574037321905,0.818814304975,0.00224364195567,0.0,0.818774513297,-0.573977078771,-0.0118049278242,0.0,-0.0083784060264,0.00861367184362,-0.999927800879,0.0,0.659008828498,0.257333937306,0.303506406833,1.0,-0.01054,-0.0138525714286,0.528
0.462936413849,0.531745606812,-0.124027749572,-1.3806873974,0.0780458733783,1.9032601484,0.156071889728,-0.00856957872656,-0.0585526756786,0.000622212357024,-0.0961652070508,-0.00914459333655,0.0303504279719,-0.0145868101127,0.574040611391,0.818811996657,0.0022444388291,0.0,0.818772170544,-0.57398031871,-0.0118098847489,0.0,-0.00838197297606,0.00861720342136,-0.999927740556,0.0,0.658823950821,0.257103129337,0.303510262277,1.0,-0.01088,-0.0142994285714,0.545
0.462804979052,0.530819259956,-0.124030506334,-1.38220919591,0.0779567707321,1.90379341669,0.155885590765,-0.00747010685916,-0.0557004139212,0.00065336385413,-0.0951529812054,-0.010670016734,0.035912071463,-0.00999252348825,0.574056439675,0.818801042288,0.00219182975832,0.0,0.818760452588,-0.573996269605,-0.0118469683192,0.0,-0.00844237044461,0.00859557747068,-0.999927418581,0.0,0.658638996067,0.256868248442,0.303485055701,1.0,-0.0112,-0.01472,0.561
0.462664662041,0.529799103432,-0.124030766594,-1.38385247467,0.0778549210819,1.90438689161,0.155656865897,-0.0116581795207,-0.0579488162256,-3.93089553259e-05,-0.0873200805514,-0.00178390602248,0.0326726971467,-0.0159857718416,0.574046094705,0.818808367295,0.0021646484876,0.0,0.818767398492,-0.573986007896,-0.011864097449,0.0,-0.00847210743204,0.00858304766887,-0.9999272747,0.0,0.658442146178,0.256617831514,0.303473037861,1.0,-0.01154,-0.0151668571429,0.578
0.46251531187,0.528734936523,-0.124031557401,-1.38552914875,0.0777424073686,1.90501109704,0.155433406822,-0.0134340875415,-0.0597137766153,-0.000292858018397,-0.0981473169038,-0.00470623252435,0.0415903236027,-0.0103828203302,0.574046619753,0.81880799163,0.00216750877937,0.0,0.818767143109,-0.573986605692,-0.0118527950959,0.0,-0.00846120524499,0.00857890710091,-0.999927402544,0.0,0.65824733149,0.256358165491,0.303478536997,1.0,-0.01188,-0.0156137142857,0.595
0.462378231911,0.527686982107,-0.124033995862,-1.38714853085,0.0776444563715,1.90563817947,0.155210357929,-0.0109180172518,-0.0669212626478,-0.00144481352892,-0.102173298657,-0.00488059936252,0.0407994963025,-0.023968423463,0.574039383523,0.818812942574,0.00221317386321,0.0,0.818772715932,-0.573979218862,-0.0118255173841,0.0,-0.00841273285273,0.00860056467136,-0.999927625488,0.0,0.658062030877,0.256114763183,0.303499954545,1.0,-0.0122,-0.0160342857143,0.611
0.462234871779,0.526536273487,-0.124036805302,-1.38893318348,0.0775389108085,1.90630919275,0.154957487971,-0.00909476496261,-0.0657759193989,0.00160925644079,-0.105862814296,0.000653192762032,0.0442158372281,-0.0239212729101,0.574019715598,0.818826644015,0.0022450072283,0.0,0.818786810893,-0.57395940851,-0.0118111215072,0.0,-0.00838287936134,0.00861816484373,-0.999927724672,0.0,0.65785109189,0.255850532486,0.303518584854,1.0,-0.01254,-0.0164811428571,0.628
0.462079849265,0.525290866679,-0.124042891186,-1.39087997152,0.077410608026,1.90702036449,0.154697708585,-0.00890165728618,-0.0692273806285,-0.000787753019572,-0.10900443694,-0.00980492141812,0.0390489701193,-0.0202272254894,0.574008439855,0.818834545427,0.00224612799551,0.0,0.818794804848,-0.573948210011,-0.0118011304506,0.0,-0.00837417337432,0.00861323224361,-0.999927840122,0.0,0.657617004463,0.255557827838,0.3035299164,1.0,-0.0129,-0.0169542857143,0.646
0.4619380425,0.524258606124,-0.12404923859,-1.39252302143,0.0773089955751,1.90760806368,0.154473403417,-0.00716455354015,-0.0675073001997,-0.00257536339456,-0.111672657944,-0.00783150155973,0.0401065957528,-0.0142296261219,0.574006196409,0.818836178735,0.00222391093641,0.0,0.818796141239,-0.573946044677,-0.0118137120581,0.0,-0.00839725162577,0.00860223923689,-0.999927741212,0.0,0.657418641328,0.255302887241,0.303524941778,1.0,-0.0132,-0.0173485714286,0.661
0.461776712784,0.522998479041,-0.124050418641,-1.39454756125,0.0771820397243,1.90836289935,0.154196904084,-0.0103303556422,-0.0728748652754,0.0010794181787,-0.112974482616,-0.00990357522553,0.0458684271205,-0.0195629350002,0.573987140643,0.818849569879,0.00221160266144,0.0,0.818809385263,-0.573927052455,-0.0118184587373,0.0,-0.0084084031448,0.0085946898275,-0.999927712419,0.0,0.657174560134,0.255003097378,0.303512644303,1.0,-0.01356,-0.0178217142857,0.679
0.461612450939,0.521755830344,-0.124053162072,-1.39650880192,0.0770608261853,1.90912619871,0.153930572068,-0.0121521186752,-0.0773391609281,-0.00071624721682,-0.116525011827,-0.00939566364737,0.0529480488344,-0.017510087643,0.573977970504,0.818855905667,0.00224544684043,0.0,0.818816213039,-0.573917805497,-0.0117944350715,0.0,-0.00836940202619,0.00860851992471,-0.999927920649,0.0,0.656946723795,0.254709271351,0.303518614943,1.0,-0.0139,-0.0182685714286,0.696
0.461450589129,0.520590131904,-0.124056248687,-1.39840274201,0.0769470716756,1.90983402449,0.153679400036,-0.0125535386969,-0.0731103107027,0.000733842378516,-0.113475780127,-0.00560385217508,0.0424093579345,-0.0153855788089,0.573977525546,0.818856270539,0.00222604297796,0.0,0.818816302756,-0.573917412116,-0.0118073414779,0.0,-0.00839111233731,0.00860003450306,-0.999927811715,0.0,0.656720055954,0.254421303739,0.303497465521,1.0,-0.01422,-0.0186891428571,0.712
0.46128181657,0.519257818963,-0.124065215105,-1.40045329241,0.0768205910009,1.91056460134,0.153402619344,-0.00522153449866,-0.0826431887232,-0.00272872165006,-0.119766561605,-0.00635001898543,0.0410802544613,-0.0110048145626,0.573970183803,0.818861392843,0.00223479677928,0.0,0.818821527569,-0.573910025764,-0.0118040339324,0.0,-0.00838345679741,0.00860522891575,-0.99992783124,0.0,0.656468454733,0.254108539216,0.303520514931,1.0,-0.01456,-0.019136,0.729
0.461094252258,0.51781495979,-0.124064237623,-1.40267580827,0.076669697115,1.91136801177,0.153089746122,-0.0105131283606,-0.0835096977572,-0.000260513511792,-0.124524514148,-0.00347287444147,0.0465479603476,-0.0186206693362,0.573943775477,0.818879867501,0.00224768652406,0.0,0.818840241698,-0.573883644889,-0.0117884522503,0.0,-0.00836357670658,0.00860657067137,-0.99992798617,0.0,0.656196708424,0.253771345492,0.303544847512,1.0,-0.01492,-0.0196091428571,0.747
0.460935945238,0.516625122698,-0.124068840246,-1.40455602859,0.0765512738455,1.91205464504,0.152831270254,-0.0122803396216,-0.0766884311504,0.000254065596913,-0.126197060461,-0.00972564217644,0.0482387197492,-0.0199509199615,0.573932465233,0.818887813094,0.00224094158598,0.0,0.8188481098,-0.57387237247,-0.0117906782467,0.0,-0.00836938939653,0.00860220943396,-0.999927975063,0.0,0.655967360048,0.253484748864,0.303544288055,1.0,-0.01522,-0.0200034285714,0.762
0.460738185801,0.515173651471,-0.124077753305,-1.40685545153,0.0764099491339,1.912926977,0.152520065735,-0.0108064314772,-0.0814289984969,-0.000555606939984,-0.129446112813,-0.0102805749267,0.0518376161737,-0.024547200671,0.573929244726,0.818890026257,0.00225695512693,0.0,0.818850572664,-0.573869133691,-0.0117772639734,0.0,-0.00834924786981,0.00860759093813,-0.999928097134,0.0,0.655694076833,0.253132362009,0.303543564083,1.0,-0.01558,-0.0204765714286,0.78
0.46054441994,0.513760805289,-0.124076966653,-1.40910643365,0.0762750582092,1.91372627885,0.152213191625,-0.0143873062969,-0.0819967745774,0.00158015884667,-0.128606944856,-0.013318573336,0.0323941495813,-0.0195920247686,0.573917883288,0.818898074361,0.00222574737219,0.0,0.818858100844,-0.573857776466,-0.0118072000922,0.0,-0.00839179254912,0.00859910010994,-0.999927814042,0.0,0.655412217121,0.252789702943,0.303531718827,1.0,-0.01592,-0.0209234285714,0.797
0.460381737541,0.512526145861,-0.12408510438,-1.4111223683,0.0761616489834,1.91442636197,0.151925780521,-0.00834175628841,-0.075348590325,0.000304523723867,-0.132595157641,-0.0132440524288,0.0474565987526,-0.0142236086645,0.573898791033,0.818911650829,0.0021523682303,0.0,0.818870591337,-0.573838841414,-0.0118610973511,0.0,-0.00847824155329,0.00856974546981,-0.999927336801,0.0,0.655138113026,0.252463128168,0.303491482393,1.0,-0.01624,-0.021344,0.813
0.460176355526,0.510996021521,-0.12409458396,-1.41356271983,0.076009632183,1.91534521562,0.151578662999,-0.0118527726735,-0.0829051673104,-0.00164670048928,-0.134619053308,-0.00697768383654,0.0462227963273,-0.0226362168573,0.57387392199,0.818929053133,0.00216205817829,0.0,0.818888137864,-0.573813955237,-0.0118536636921,0.0,-0.00846685344192,0.00857315732832,-0.999927404048,0.0,0.654858419831,0.252112796437,0.303488207727,1.0,-0.01658,-0.0217908571429,0.83
0.459963053631,0.509429091857,-0.124103154036,-1.41605688732,0.0758540047095,1.91628016604,0.15123450097,-0.00799317777543,-0.0888217252191,-0.00101285137557,-0.137514470816,-0.00677307926711,0.0448252520127,-0.019502204101,0.573860920403,0.818938161122,0.00216314448489,0.0,0.818897295702,-0.573800987119,-0.0118487625712,0.0,-0.00846235231742,0.00857109998387,-0.999927459788,0.0,0.654555174709,0.251731068866,0.303479166501,1.0,-0.01694,-0.022264,0.848
0.459777669215,0.508104262903,-0.124107090129,-1.418158317,0.0757195327966,1.91703337419,0.150938359542,-0.0147653615448,-0.0900249917079,-0.00138102228304,-0.138398729992,-0.0150085319846,0.0523546453989,-0.0228606818635,0.573845667514,0.818948911637,0.00213937051592,0.0,0.81890773034,-0.573785824153,-0.0118618755144,0.0,-0.00848689296686,0.00855899771332,-0.999927355464,0.0,0.654292918917,0.251404957063,0.303471241368,1.0,-0.01724,-0.0226582857143,0.863
0.459558394062,0.506579258911,-0.124101789632,-1.420567494,0.0755676836865,1.91790525323,0.150613661903,-0.0140978854211,-0.0919305126222,0.00175023933699,-0.148772307975,-0.00327712226314,0.0509918593636,-0.021353372284,0.573839110597,0.818953536436,0.00212772402254,0.0,0.818912142264,-0.573779252961,-0.0118751431905,0.0,-0.00850451034957,0.00855700539296,-0.999927222833,0.0,0.653992499006,0.251033505222,0.303466383312,1.0,-0.01758,-0.0231051428571,0.88
0.459341674407,0.50499477706,-0.124105328909,-1.42301959189,0.0754151987165,1.9188532762,0.150281987146,-0.0168444630571,-0.0870361202733,0.0001661900024,-0.144325430932,-0.002676745499,0.0688659075182,-0.0166416110667,0.57383214104,0.818958224271,0.00220175154831,0.0,0.818917876728,-0.573772075054,-0.011826409593,0.0,-0.0084221939985,0.00858959301688,-0.999927640152,0.0,0.653680870488,0.250633741225,0.303498269429,1.0,-0.01794,-0.0235782857143,0.898
0.459134664366,0.503412875232,-0.124114591366,-1.42534875688,0.0752713243145,1.91973269245,0.149939957124,-0.015945272827,-0.0992636768547,-0.00211320544496,-0.141798992585,-0.00975677955366,0.0600405600896,-0.0188037553044,0.573809954409,0.818973490149,0.00230337910247,0.0,0.8189344798,-0.573749515633,-0.0117710665236,0.0,-0.00831878895172,0.00864083807523,-0.999928064246,0.0,0.653418552259,0.250299502349,0.303561793315,1.0,-0.01824,-0.0239725714286,0.913
0.458885111564,0.501631643534,-0.12411527757,-1.42800728992,0.0750994714199,1.92071426016,0.149583641215,-0.0181145484977,-0.0899103584477,0.00127529403713,-0.148366578978,-0.00893354500419,0.0586805249434,-0.0151018330947,0.573812505406,0.818971458136,0.00238878629051,0.0,0.818933598321,-0.573751789656,-0.0117214465657,0.0,-0.00822911821212,0.00868233713526,-0.999928446758,0.0,0.653093738675,0.249883031492,0.303624984395,1.0,-0.0186,-0.0244457142857,0.931
0.458642349951,0.499913821578,-0.124120979664,-1.43060365004,0.0749341318537,1.92162924178,0.149202422219,-0.0129382385041,-0.0913225485095,0.000145907260503,-0.152287218604,-0.0182653833371,0.0608837140937,-0.0221482088927,0.573790566367,0.818986741505,0.00241869574607,0.0,0.818949240592,-0.573729712303,-0.011709203875,0.0,-0.00820216302974,0.00869958726163,-0.999928518297,0.0,0.65276677767,0.249471322777,0.303667221633,1.0,-0.01894,-0.0248925714286,0.948
0.45840786008,0.498339149022,-0.124123348235,-1.43308632568,0.0747739149926,1.92255136925,0.148854849095,-0.0108962645935,-0.0912569208078,4.69849202931e-05,-0.154337548524,-0.00794657028363,0.0493550687051,-0.022452375424,0.573782574511,0.818992321679,0.0024251019282,0.0,0.818954934949,-0.57372173096,-0.0117020018773,0.0,-0.00819267374412,0.00870062146986,-0.999928587092,0.0,0.652460698505,0.24907992381,0.303663739425,1.0,-0.01926,-0.0253131428571,0.964
0.458090514278,0.496350305513,-0.124123702404,-1.43623854781,0.0745800858474,1.92367803705,0.148381154118,-0.0151881021623,-0.10286664005,0.000481962693437,-0.158161885054,-0.00655928845009,0.0525753631478,-0.0220267677049,0.573761890679,0.819006901003,0.00239495616583,0.0,0.818968998418,-0.573701028735,-0.0117326961704,0.0,-0.00823532887043,0.00869333616355,-0.999928300062,0.0,0.652065174316,0.248570364299,0.303647305685,1.0,-0.01966,-0.0258388571429,0.984
0.457845499144,0.494890926776,-0.124123445513,-1.43863848463,0.0744322100286,1.92450467265,0.14803779673,-0.0157375061221,-0.0994358612454,0.000802632173768,-0.161985365479,-0.0115456274696,0.055486158418,-0.0269950914652,0.573762041434,0.819007071048,0.00229875698717,0.0,0.818967765991,-0.573701382782,-0.0118012101943,0.0,-0.0083466352324,0.00865386094042,-0.999927719573,0.0,0.651755923898,0.248177825393,0.303593400718,1.0,-0.01996,-0.0262331428571,0.999
0.457599221381,0.493373684476,-0.124131554049,-1.44110352308,0.0742737952794,1.92540290188,0.147706133044,-0.0113183144259,-0.105386698953,0.00139185637511,-0.16794477264,-0.0104490898529,0.0631017618494,-0.0180390759704,0.573778985378,0.818995336489,0.00224981106917,0.0,0.818955407322,-0.573718526652,-0.0118253920218,0.0,-0.0083943442433,0.00862782248883,-0.999927545207,0.0,0.651448439275,0.247775809247,0.303554741537,1.0,-0.0216514285714,-0.0284561632653,1.014
0.457295703871,0.491316757453,-0.124145528938,-1.4443519518,0.0740681278592,1.92659612472,0.147238094504,-0.0162850497414,-0.116967021146,0.000142834238278,-0.184022499583,-0.016437581659,0.0755448419428,-0.0270599727785,0.57376126423,0.819007765055,0.00224484985584,0.0,0.818967794026,-0.573700850322,-0.0118251253429,0.0,-0.00839715887879,0.00862342462843,-0.999927559511,0.0,0.651040399389,0.247259843317,0.303543807559,1.0,-0.0239657142857,-0.0314977959184,1.032
0.456962890158,0.489241979017,-0.124158602872,-1.44774077682,0.0738619332426,1.9277762446,0.146753737208,-0.0205856331725,-0.131737158134,-0.00055131078372,-0.198066076295,-0.0133044605204,0.0697420438835,-0.028005716761,0.573759460858,0.819009333625,0.00213058969825,0.0,0.818967704503,-0.573699327702,-0.0119049266133,0.0,-0.00852809232711,0.00857561353675,-0.999926862572,0.0,0.650601136583,0.246708292193,0.303476501153,1.0,-0.0261514285714,-0.0343704489796,1.049
0.456614273134,0.487038863194,-0.124179161048,-1.45115994834,0.0736558947578,1.9290751123,0.146258498306,-0.0225332708099,-0.14384887429,-0.000736854243301,-0.21893856296,-0.00812632117429,0.0816116269319,-0.0365943296975,0.573768390152,0.819002899858,0.00219804182674,0.0,0.818962173625,-0.57370801008,-0.0118669391047,0.0,-0.00845818618296,0.00860915341113,-0.99992716813,0.0,0.650185178333,0.24614821945,0.303493199253,1.0,-0.0282085714286,-0.037074122449,1.065
0.456204215604,0.484506859414,-0.124201120333,-1.45499338058,0.0734209518935,1.93050782488,0.145667893527,-0.0280853020189,-0.155241564202,-0.00140382682644,-0.232501307407,-0.0179991645861,0.0803527569174,-0.034662584741,0.573761960993,0.819007102196,0.00230772016892,0.0,0.818967832261,-0.57370118346,-0.0118062999962,0.0,-0.00834566243542,0.00866412123329,-0.999927638843,0.0,0.649717968665,0.245507374881,0.303551341979,1.0,-0.0303942857143,-0.0399467755102,1.082
0.45576517029,0.481821503148,-0.124250390203,-1.45918786119,0.0731564155805,1.93194235414,0.145032793571,-0.0258224465092,-0.160418015582,-0.00896551816388,-0.251262672247,-0.0117356251959,0.088347193338,-0.0351830976051,0.573770351698,0.81900142092,0.00223672610021,0.0,0.818961211539,-0.573709832316,-0.0118452184569,0.0,-0.00841818106747,0.00862839320015,-0.999927339889,0.0,0.649178470249,0.244786995312,0.303543640321,1.0,-0.03258,-0.0428194285714,1.099
0.455326775608,0.479102973356,-0.124279464491,-1.46339951308,0.0728990034532,1.93347111659,0.144415494768,-0.0278019146964,-0.170833463985,-0.00152240260468,-0.269167362444,-0.0171383216939,0.0976592651197,-0.0388851647147,0.573780420109,0.818994289671,0.00226492548698,0.0,0.818954402246,-0.573719742955,-0.0118359827556,0.0,-0.0083943314382,0.00864629232418,-0.999927385778,0.0,0.64864633858,0.244084991902,0.30355659292,1.0,-0.0346371428571,-0.0455231020408,1.115
0.45477517149,0.475847054629,-0.124298474747,-1.46832839506,0.0725988390764,1.93530353104,0.143709193311,-0.0322811467634,-0.183341624315,-3.10047666062e-05,-0.276744179904,-0.0168777118683,0.099941113461,-0.0441267767903,0.573824927893,0.818962715931,0.0024018625895,0.0,0.818924563167,-0.573763673515,-0.0117708834505,0.0,-0.00826197224546,0.00872153853575,-0.999927834686,0.0,0.648036236915,0.243251747997,0.303624158552,1.0,-0.0369514285714,-0.0485647346939,1.133
0.454262724349,0.472821200422,-0.124314497095,-1.47300969583,0.0723045049058,1.93695657933,0.143030940852,-0.0315462022145,-0.193520060839,0.00107931623533,-0.303226567391,-0.0195377734984,0.104011802005,-0.0507416331306,0.573835065707,0.81895560697,0.00240376341644,0.0,0.818917320435,-0.573773635634,-0.0117891579048,0.0,-0.0082757402266,0.00873368384737,-0.999927614825,0.0,0.647388110231,0.242418557137,0.303637528371,1.0,-0.0391371428571,-0.0514373877551,1.15
0.453735189255,0.469628750324,-0.124316053051,-1.47788380194,0.0720094642581,1.93871694884,0.142279729824,-0.0302818881643,-0.208185262385,-0.000332749705038,-0.307096446699,-0.0192149858755,0.121043603202,-0.0490552686548,0.573815866639,0.818968845099,0.00247565179525,0.0,0.818931285864,-0.573753949485,-0.0117771551675,0.0,-0.00822486652519,0.00878547635468,-0.999927580866,0.0,0.646799739826,0.241657098465,0.303670897796,1.0,-0.0410657142857,-0.0539720816327,1.165
0.453104539401,0.465830571919,-0.124319376019,-1.48359877707,0.0716290852873,1.94085974109,0.141343451908,-0.0356105523319,-0.214756074222,-0.00052833882353,-0.328433318477,-0.0189463849393,0.118801984927,-0.0496770092242,0.573734565466,0.819025233207,0.00265756668281,0.0,0.818990186869,-0.573672165359,-0.0116647934123,0.0,-0.00802934270099,0.00886918697314,-0.999928431028,0.0,0.646076799954,0.240706348929,0.303757331348,1.0,-0.04338,-0.0570137142857,1.183
0.452466624309,0.462118487174,-0.124325738914,-1.48940204258,0.0712418283502,1.9428464211,0.140490099564,-0.0397653514534,-0.219824779226,-0.000190598704384,-0.34721463681,-0.0233353117407,0.12184083263,-0.0537913167783,0.573728181025,0.81903000849,0.00256249727633,0.0,0.818993562114,-0.573665938841,-0.0117338284702,0.0,-0.00814049695553,0.00883086685845,-0.999927871449,0.0,0.645295092371,0.239727457405,0.303726046271,1.0,-0.0455657142857,-0.0598863673469,1.2
0.451838819454,0.458475068833,-0.124332841157,-1.49503216561,0.0708606707166,1.94482187392,0.139652863942,-0.0342659565975,-0.227341462209,-0.00145796720995,-0.355437534295,-0.0242310845958,0.135365848941,-0.0621029139432,0.573718424068,0.819036904352,0.00254285190253,0.0,0.819000167343,-0.573656216346,-0.0117481164934,0.0,-0.0081635753377,0.00882287688176,-0.999927753831,0.0,0.64454437047,0.238775192642,0.303725604964,1.0,-0.0476228571429,-0.0625900408163,1.216
0.451093924391,0.454512236572,-0.12434775857,-1.50129481394,0.0704431557452,1.94703204334,0.138667708373,-0.0432219773808,-0.237855363222,-0.000492003084211,-0.375190862436,-0.0259538578872,0.117552287646,-0.0633917802389,0.573706155979,0.819045762868,0.00245597665195,0.0,0.81900780722,-0.573644176592,-0.0118032739551,0.0,-0.00825872382269,0.00878324408572,-0.999927321411,0.0,0.643715182158,0.237683623466,0.303661366119,1.0,-0.0498085714286,-0.0654626938775,1.233
0.4503013032,0.450012648572,-0.124422941992,-1.5080582764,0.0699759539021,1.94954907844,0.13759248992,-0.0440414593624,-0.259273397989,-0.00639620826677,-0.387272856213,-0.0220700661302,0.142707376607,-0.0581190134846,0.573709505892,0.819042853109,0.00263714267712,0.0,0.819007790008,-0.573647453916,-0.0116441153905,0.0,-0.00802439380344,0.00884035028728,-0.999928726115,0.0,0.642854647154,0.236487508894,0.303750743532,1.0,-0.0521228571429,-0.0685043265306,1.251
0.449579656117,0.446123085376,-0.124454133476,-1.51399528219,0.0695817764178,1.95153513952,0.136729125508,-0.0483488796906,-0.265054245238,-0.00256332058369,-0.403270202625,-0.0206365334542,0.135087242671,-0.0609216021971,0.573774708581,0.818997354643,0.00258143015593,0.0,0.818961392838,-0.573712651929,-0.0116951681898,0.0,-0.00809746857042,0.00882465325787,-0.999928275677,0.0,0.642043700549,0.235430129781,0.303763813837,1.0,-0.0540514285714,-0.0710390204082,1.266
0.448695929769,0.441360773942,-0.124470126691,-1.52139989074,0.0690613918046,1.954057059,0.135551105373,-0.0504932348949,-0.26785095833,-0.00231386056236,-0.414955758499,-0.0328156055581,0.136369613239,-0.0722023980347,0.573730677274,0.819028570394,0.00246124658639,0.0,0.818990986928,-0.573668998389,-0.0117639499527,0.0,-0.00822322857059,0.00876524650282,-0.999927771874,0.0,0.641022704329,0.234134376651,0.303717984457,1.0,-0.0563657142857,-0.0740806530612,1.284
0.447806577574,0.436734681959,-0.124472269403,-1.52855857168,0.068600462602,1.95657840118,0.134390706436,-0.0458858542072,-0.277340267829,-0.00360823737663,-0.429861986423,-0.0284513289057,0.152048050349,-0.0620492001103,0.573698880603,0.819050853317,0.00245783967656,0.0,0.819012880945,-0.573636851555,-0.0118072133244,0.0,-0.00826095978399,0.00878695659777,-0.999927270324,0.0,0.640046803317,0.232881037224,0.303690370414,1.0,-0.0585514285714,-0.0769533061224,1.301
0.44690372784,0.432144883044,-0.124498628938,-1.53534761453,0.0681260208009,1.95910370194,0.13328147306,-0.0588351169469,-0.28139921831,-0.00114037255267,-0.426773069381,-0.0300199773786,0.152805809236,-0.0716865186358,0.57371337888,0.819039893124,0.00271279682175,0.0,0.819005594553,-0.573650825134,-0.0116324467039,0.0,-0.00797139324396,0.00889565734602,-0.99992865954,0.0,0.639166003752,0.231647047158,0.30380880086,1.0,-0.0606085714286,-0.0796569795918,1.317
0.445912611456,0.427238840301,-0.124554005214,-1.54301874964,0.0675586685827,1.96160620193,0.132064687508,-0.0615099217922,-0.297980352078,-0.00202928578464,-0.459675520294,-0.0352025996662,0.140042315044,-0.0827588445717,0.573739209203,0.819022610042,0.00245580215374,0.0,0.818985052268,-0.573677652205,-0.0117551019712,0.0,-0.00821901372542,0.00875579674052,-0.999927889318,0.0,0.638082959641,0.230227919092,0.303717530106,1.0,-0.0627942857143,-0.0825296326531,1.334
0.444882504879,0.422082061062,-0.124621157484,-1.55086453608,0.066991908877,1.96422586635,0.130770640182,-0.0592113683827,-0.306195899575,-0.00724522829779,-0.46341058554,-0.0339923412119,0.157123520266,-0.0738409492108,0.57374596562,0.81901813204,0.00236922462717,0.0,0.818979576904,-0.573684867075,-0.0117844305879,0.0,-0.00829263367083,0.00870178362598,-0.999927752984,0.0,0.63698530491,0.228769910088,0.303717427139,1.0,-0.06498,-0.0854022857143,1.351
0.443870825065,0.417100670223,-0.124642858362,-1.55829378141,0.0664810783775,1.96691588985,0.129582039415,-0.0636197350512,-0.323036283186,0.000232806349609,-0.459940151777,-0.0340055455707,0.180696647676,-0.073103191507,0.573785903015,0.818989571599,0.00256242363,0.0,0.818953629238,-0.573724202237,-0.0116721817584,0.0,-0.00808942643157,0.00879600883229,-0.999928593155,0.0,0.635978455921,0.227411661777,0.303794588604,1.0,-0.0670371428571,-0.0881059591837,1.367
0.442730954644,0.411720581963,-0.124655769347,-1.5663961812,0.0659221193604,1.96981461446,0.128178201307,-0.0744711565945,-0.32053495261,-0.00344695295978,-0.489405348677,-0.0348709460329,0.160841384705,-0.0804939716641,0.573757648642,0.819008914925,0.00270273928613,0.0,0.818974781725,-0.573695453551,-0.0116008781688,0.0,-0.00795082647871,0.00886973866721,-0.99992905353,0.0,0.634866564015,0.225913099894,0.303833179115,1.0,-0.0692228571429,-0.0909786122449,1.384
0.441557612594,0.406205022458,-0.124702460476,-1.57491301029,0.0653128156501,1.97252316766,0.126807781569,-0.0683134834809,-0.329944138237,-0.00402759578358,-0.505576669729,-0.0367508890766,0.168658964391,-0.0813420825365,0.57380427291,0.818977068267,0.00244232345073,0.0,0.818939216022,-0.573742630965,-0.0117771293278,0.0,-0.00824409249153,0.00875805020253,-0.999927663132,0.0,0.633615416211,0.224311294273,0.30374412295,1.0,-0.0714085714286,-0.0938512653061,1.401
