position_joint1,position_joint2,position_joint3,position_joint4,position_joint5,position_joint6,position_joint7,velocity_joint1,velocity_joint2,velocity_joint3,velocity_joint4,velocity_joint5,velocity_joint6,velocity_joint7,ee_T_00,ee_T_10,ee_T_20,ee_T_30,ee_T_01,ee_T_11,ee_T_21,ee_T_31,ee_T_02,ee_T_12,ee_T_22,ee_T_32,ee_T_03,ee_T_13,ee_T_23,ee_T_33,v_x,v_y,time
0.465088207924,0.547802650845,-0.123978558994,-1.35576491419,0.0794823237054,1.8940865042,0.159169282562,-0.000348082993935,-0.00198595040452,-0.000240959250933,-0.000520617576446,-0.000266679173989,-0.00306575738461,0.00011142821243,0.573786702392,0.818990668658,0.00196257759707,0.0,0.8189478467,-0.573728238244,-0.0118777071846,0.0,-0.00860191077553,0.00842268129727,-0.999927530159,0.0,0.661684238819,0.260909837999,0.303229996829,1.0,0.0,0.0,0.0
0.465089698637,0.54780527764,-0.12397862511,-1.35576180551,0.0794824419408,1.89408519872,0.159172373758,0.000748203449438,0.000285273610314,-0.00113869653279,0.00164916983735,-0.000256500510777,0.000386479199557,0.00131077364825,0.573787916397,0.818989820034,0.00196177948416,0.0,0.81894698864,-0.573729456309,-0.0118780327025,0.0,-0.00860262281568,0.00842222719017,-0.999927527859,0.0,0.661684241098,0.260911050947,0.303229504544,1.0,-0.00032,-0.000420571428571,0.017
0.465085027824,0.547799160996,-0.123976599476,-1.35577840917,0.0794830523284,1.89408685322,0.15917233448,-0.000811666776651,-0.00231815090299,-0.000108453657121,-0.00190562653889,-0.000207003290676,2.06203073399e-05,-0.000314162594897,0.573791362998,0.818987419926,0.00195567188544,0.0,0.818944478054,-0.573732897289,-0.0118849204385,0.0,-0.00861173283151,0.00842121352345,-0.999927457979,0.0,0.661681644449,0.26090745147,0.303226012947,1.0,-0.00066,-0.000867428571429,0.034
0.465087128691,0.547764253482,-0.123979545577,-1.355808912,0.0794840199064,1.89409247537,0.159165728077,-0.000130993506606,-0.00535111686023,-0.000900112142249,-0.00450863117206,0.000235306117167,-0.000295854338476,-0.00178697328071,0.573788189691,0.818989619109,0.00196572239445,0.0,0.818946789932,-0.573729665287,-0.0118816384107,0.0,-0.00860331090539,0.00842752809512,-0.999927477276,0.0,0.661676772305,0.260904515199,0.303236811752,1.0,-0.001,-0.00131428571429,0.051
0.465088808832,0.547660930556,-0.123978970367,-1.35593711227,0.079481361445,1.89412450815,0.159165197139,0.000176271170074,-0.0080003123397,-0.000125325618658,-0.0120452524363,0.000297365249706,0.00107783684492,-0.00166918544601,0.573792310983,0.818986707567,0.00197574993867,0.0,0.818943940031,-0.573733677357,-0.0118843365347,0.0,-0.00859972494369,0.00843733180882,-0.999927425448,0.0,0.661656082768,0.260893845135,0.303251746996,1.0,-0.00132,-0.00173485714286,0.067
0.465080988973,0.547534456143,-0.123978971341,-1.356131455,0.0794769744844,1.89416650208,0.159167538846,-0.000420273345175,-0.00526475817509,-0.00137581496182,-0.0105448436002,-0.000384054310212,0.00216624373533,0.000975038341309,0.573810146393,0.818974252665,0.00195863969639,0.0,0.818931156133,-0.573751477106,-0.01190592015,0.0,-0.00862703573542,0.00843589127229,-0.999927202347,0.0,0.661625526761,0.260869397797,0.303252480027,1.0,-0.00166,-0.00218171428571,0.084
0.465061929429,0.547376662936,-0.123981755401,-1.35633228239,0.0794741184476,1.89426818724,0.15915546737,-0.00136791485493,-0.0139460093062,-0.00347890356006,-0.00498412081252,0.000326994177077,0.0127584656523,0.00124102947003,0.573828446427,0.818961300083,0.00201244591286,0.0,0.818918872319,-0.573769522388,-0.0118811884752,0.0,-0.00857571853911,0.00846595685791,-0.999927389677,0.0,0.661609706416,0.260839864056,0.303277586827,1.0,-0.00198,-0.00260228571429,0.1
0.465042815348,0.54718728651,-0.12398133897,-1.35656238549,0.0794705900714,1.89438855462,0.159148272073,-0.00311329643586,-0.0121660945361,-0.000548106178299,-0.0141506365792,0.000117823126906,0.0046775467014,0.00116767299722,0.573850034455,0.818945990754,0.00208544584261,0.0,0.818904467656,-0.573790767585,-0.0118479866763,0.0,-0.00850641539114,0.00850691226442,-0.999927634052,0.0,0.66159104382,0.260810249165,0.303312640632,1.0,-0.00232,-0.00304914285714,0.117
0.46501910639,0.546977083304,-0.123976465688,-1.3568489964,0.0794641645888,1.89452168497,0.159126480683,-0.00342180199156,-0.0161648487698,-0.000449672514498,-0.0119704795163,8.95536309171e-05,0.00349780002734,-0.000440702382225,0.573862678776,0.818936989064,0.00214026893304,0.0,0.818896094683,-0.573803107467,-0.0118290690984,0.0,-0.00845933213462,0.00854108359339,-0.999927742185,0.0,0.661562839011,0.260774131925,0.303336497866,1.0,-0.00266,-0.003496,0.134
0.464981420964,0.546740289671,-0.123981102316,-1.35722189614,0.0794598236186,1.89465559788,0.1590895254,-0.00182865447985,-0.01222276873,-0.00117636037571,-0.0212805565273,0.000143981583514,0.00961348039123,0.00122697020394,0.573886216445,0.818920476941,0.00214707279563,0.0,0.818879524936,-0.5738264677,-0.011842951892,0.0,-0.00846655162091,0.00855486551138,-0.999927563266,0.0,0.661521384171,0.260713750526,0.30333849172,1.0,-0.003,-0.00394285714286,0.151
0.464939917296,0.546457184551,-0.123979235746,-1.35763594433,0.0794440810817,1.89481472419,0.158947012822,-0.00452260549573,-0.0125576198738,-0.000140887106688,-0.0262886462365,0.000355028572753,0.0112671398139,-0.00386953653944,0.573821194294,0.818965958558,0.00217775206548,0.0,0.818925312661,-0.573761238067,-0.0118372664365,0.0,-0.00844497112444,0.00857605577054,-0.999927564242,0.0,0.66147685659,0.260650202451,0.303355637104,1.0,-0.00334,-0.00438971428571,0.168
0.464894100484,0.546151076213,-0.123973961455,-1.35815572299,0.0794209486153,1.89499310533,0.158936522162,-0.00356310857605,-0.0214420985438,0.000449679815941,-0.0319491310997,-0.00494987302334,0.0104105211422,0.00128129286545,0.573869324906,0.818932299918,0.00215243656604,0.0,0.818891204244,-0.573809341204,-0.0118651784897,0.0,-0.00848185300349,0.00857183837582,-0.999927288235,0.0,0.661413220407,0.260573627458,0.303340274911,1.0,-0.0037,-0.00486285714286,0.186
0.464840849428,0.545816674201,-0.123984711677,-1.35870610072,0.0793542275412,1.89517579697,0.158859515851,-0.000183261115748,-0.0252277378637,-0.0024239288665,-0.035712512626,-0.00987010983296,0.00412880288752,-0.00558811602134,0.57387032537,0.818931727002,0.00210310994056,0.0,0.818890309428,-0.573810860824,-0.0118534394296,0.0,-0.00850053395922,0.00852471761944,-0.99992753243,0.0,0.66135217198,0.260472833267,0.303331182795,1.0,-0.00404,-0.00530971428571,0.203
0.464785480545,0.545497950787,-0.123979661986,-1.35926077489,0.0792918335245,1.89536130465,0.158757545334,-0.00217605509049,-0.022193119655,-0.000522751810693,-0.0370277132462,-2.6325726997e-05,0.0163052264931,-0.0067969155003,0.573842966042,0.818951044885,0.0020453133888,0.0,0.818909074328,-0.573783935889,-0.0118604299975,0.0,-0.00853970798872,0.00848111330993,-0.999927569429,0.0,0.661286907888,0.260379965319,0.303308654656,1.0,-0.00434,-0.005704,0.218
0.464720521495,0.545091992961,-0.12398284915,-1.35996263299,0.0792768730093,1.89558745042,0.158700857773,-0.0035368515924,-0.024476197513,0.000616964147938,-0.0392082952496,-2.74336180821e-05,0.0107969234771,-0.0160001780002,0.573887022918,0.818920284957,0.00199967820524,0.0,0.818877436809,-0.573827893629,-0.0119180065345,0.0,-0.00861259199401,0.00847724386558,-0.999926977132,0.0,0.661199888374,0.260270102081,0.303281690437,1.0,-0.00468,-0.00615085714286,0.235
0.464652750297,0.544684865487,-0.123977568884,-1.36063840473,0.0792549785995,1.89582059623,0.158605050559,-0.00402185577943,-0.0212418365516,0.000874321201847,-0.0466024922296,-0.000634621164008,0.0192973348102,-0.00360626484601,0.573892178283,0.818916717661,0.00198094445661,0.0,0.818873394451,-0.573832899488,-0.0119546738266,0.0,-0.00865331775268,0.00848299983843,-0.999926576707,0.0,0.661119390756,0.260165758299,0.303268249152,1.0,-0.005,-0.00657142857143,0.251
0.4645919927,0.544213885103,-0.123986042904,-1.36140368547,0.0792180771131,1.89609143177,0.158518530828,-0.00163823521084,-0.0275904289311,-0.000316892680401,-0.0449534437198,-0.00157061204171,0.00622525782339,-0.00633799843297,0.573909808063,0.818904404574,0.00196348664423,0.0,0.818860787369,-0.573850535528,-0.011971661762,0.0,-0.00867706574505,0.00847863956357,-0.999926407893,0.0,0.661029589686,0.260048433412,0.303261053211,1.0,-0.00534,-0.00701828571429,0.268
0.464512461892,0.54370062184,-0.1239868167,-1.36223290619,0.0791750909986,1.89639006589,0.158409906118,-0.00405433385308,-0.0256022433249,0.000455314810668,-0.0483982843258,-0.00614561145824,0.0134219657874,-0.00604542091039,0.573921247851,0.818896414761,0.00195193706142,0.0,0.818852565794,-0.573861943595,-0.0119871634206,0.0,-0.00869627018259,0.00847819969118,-0.999926244788,0.0,0.660935079775,0.259917032924,0.303255441167,1.0,-0.00568,-0.00746514285714,0.285
0.464440061217,0.543195773111,-0.123997155119,-1.36303306808,0.079126701266,1.89666763789,0.15830486289,-0.00213324551668,-0.0353661483755,0.00023720254742,-0.0483234249817,-0.000128864272985,0.0131259796332,-0.00558905526575,0.57393328566,0.818888019396,0.00193447731407,0.0,0.818843962591,-0.573874073573,-0.0119941448053,0.0,-0.00871188283827,0.00846803704214,-0.999926194999,0.0,0.66084336109,0.259785846424,0.303256123223,1.0,-0.006,-0.00788571428571,0.301
0.464364712947,0.542586974839,-0.123995636031,-1.36399272155,0.0790706036374,1.89700610586,0.158186313195,-0.010116638613,-0.0335641804003,0.000505046528752,-0.0532386457759,-0.00661766775848,0.0201840285723,-0.00232488853899,0.573935145888,0.818886737056,0.00192538057273,0.0,0.818842504037,-0.573875916564,-0.0120055349842,0.0,-0.00872641183934,0.00846714494078,-0.999926075864,0.0,0.660728129391,0.25964490866,0.303259243495,1.0,-0.00636,-0.00835885714286,0.319
0.464288391461,0.541990710836,-0.123993156854,-1.36492779275,0.079013831004,1.89736764244,0.158050370465,-0.0103279133905,-0.0332014047275,0.000596929390404,-0.0560987975638,-0.00897743308011,0.0296217069612,-0.0167737881724,0.573921496896,0.818896258532,0.00194423857584,0.0,0.818852272907,-0.573862190049,-0.0119953694746,0.0,-0.00870740581992,0.00847660778256,-0.999926161376,0.0,0.660622756285,0.259508103276,0.303267087684,1.0,-0.0067,-0.00880571428571,0.336
0.464215536902,0.541417397338,-0.12400126622,-1.36578492397,0.0789656701117,1.8976762193,0.157944440863,-0.00795128867334,-0.0339047155161,-0.0012934951054,-0.0552716187298,-0.000703871190248,0.02122920074,-0.0123810117452,0.573934709143,0.818886946732,0.00196596385106,0.0,0.818843236021,-0.573875300102,-0.0119850597443,0.0,-0.00868635812468,0.00848862141236,-0.999926242524,0.0,0.660525099434,0.259374210836,0.303291480145,1.0,-0.007,-0.0092,0.351
0.464129694334,0.540691183985,-0.123997043732,-1.36691181595,0.0788965663144,1.8981014325,0.157803933928,-0.00585928321,-0.0394240821975,-3.74480841655e-06,-0.0610230870214,-0.00362063955338,0.0266383959442,-0.00508593386988,0.573931043724,0.81888946596,0.00198657745762,0.0,0.818846013288,-0.573871537479,-0.0119754705397,0.0,-0.00866671327606,0.00849995898775,-0.999926316674,0.0,0.660394011765,0.259213405437,0.303305175588,1.0,-0.00736,-0.00967314285714,0.369
0.464033532279,0.539952648481,-0.12400461276,-1.36801786192,0.078835978578,1.89850451003,0.157666504353,-0.00827502032601,-0.04424236194,-0.000947613546567,-0.0658251786962,-0.00426161933393,0.0238010985304,-0.00573318284823,0.573947514083,0.818877842775,0.00201905705844,0.0,0.818834780135,-0.573887836543,-0.0119624750562,0.0,-0.00863725977513,0.00851927098566,-0.999926407175,0.0,0.660268334494,0.259041472841,0.303335855705,1.0,-0.0077,-0.01012,0.386
0.463934036831,0.539248214988,-0.124004899339,-1.36911005361,0.0787726986021,1.898929414,0.157532991611,-0.00871068958228,-0.0446805061024,0.000816067598506,-0.0689140971489,-0.00357476754591,0.0287319292941,-0.0150291436444,0.573963470607,0.818866579673,0.00205085436602,0.0,0.818823928703,-0.57390365592,-0.0119463134767,0.0,-0.00860560972257,0.00853620052152,-0.999926535682,0.0,0.660148447727,0.258873810809,0.303350572762,1.0,-0.00802,-0.0105405714286,0.402
0.463828361111,0.538485320118,-0.124010598368,-1.37030919176,0.0787026903757,1.89939013517,0.157391885678,-0.00528208217844,-0.0475404970351,-0.00146613243413,-0.0700019532347,-0.00710539420841,0.0315968315772,-0.0163187139761,0.573986080489,0.818850682791,0.00207016876123,0.0,0.818808302756,-0.573926202282,-0.0119341766925,0.0,-0.00858434991336,0.00854528719667,-0.999926640811,0.0,0.660015484491,0.258688354356,0.30335885136,1.0,-0.00836,-0.0109874285714,0.419
0.463703985027,0.537655503041,-0.124016262809,-1.37161392549,0.0786330393563,1.89988342461,0.157211364336,-0.00801274582963,-0.0414613157846,-0.000644297290172,-0.0752356222204,-0.000966351221852,0.0220032792923,-0.0213006143606,0.573997487287,0.818842640211,0.00208855514735,0.0,0.818800445269,-0.573937477712,-0.011931027059,0.0,-0.00857109864426,0.00855865421783,-0.999926640162,0.0,0.659870863192,0.258481200298,0.303366828645,1.0,-0.00872,-0.0114605714286,0.437
0.463604940872,0.53686728141,-0.12402539555,-1.37284290142,0.0785557080953,1.9003398927,0.157072222356,-0.00882195274643,-0.049180533971,-0.00412708795856,-0.0767432679981,-0.00274487607013,0.0264407127921,-0.00687648848731,0.574018037085,0.81882821234,0.00209730252114,0.0,0.818786195471,-0.573958053186,-0.0119191522565,0.0,-0.00855613919505,0.00855921552547,-0.999926763474,0.0,0.659729743705,0.258293476615,0.303378241706,1.0,-0.00904,-0.0118811428571,0.453
0.463477148627,0.535964537347,-0.124031792522,-1.37425303816,0.0784745085767,1.90086906762,0.156889579974,-0.011601109996,-0.0535898684286,0.000586217591246,-0.0826538299119,-0.000958637992973,0.0331613544335,-0.00743205411971,0.574033450494,0.818817359611,0.00211570690388,0.0,0.818775573297,-0.573973380441,-0.0119107522121,0.0,-0.00853853562689,0.00856962431525,-0.999926824797,0.0,0.65957083599,0.258072692296,0.303390340425,1.0,-0.0094,-0.0123542857143,0.471
0.463370026903,0.535118813681,-0.124033708103,-1.37557906806,0.0783829257392,1.90134037179,0.156728886437,-0.00812013984363,-0.0557061302371,0.000903917144268,-0.0780142287187,-0.0109186265776,0.0232880128277,-0.0124947747428,0.574039008082,0.81881350022,0.00210141818158,0.0,0.818771597586,-0.573979065456,-0.0119100925713,0.0,-0.00854613908195,0.00855760400795,-0.999926862786,0.0,0.659412286736,0.25787180569,0.303396863055,1.0,-0.00972,-0.0127748571429,0.487
0.463255563655,0.534271847718,-0.124038860375,-1.37696983482,0.0783242849214,1.90185201163,0.156573671124,-0.00499547732219,-0.0554401739852,0.00157530567154,-0.0877618894349,-0.00862853652671,0.0282885349825,-0.00172268626624,0.57406987379,0.818791902567,0.00208499380319,0.0,0.818749557491,-0.574009766308,-0.0119455929695,0.0,-0.0085843132637,0.00856485770213,-0.999926473686,0.0,0.659247261364,0.25766458277,0.303376980857,1.0,-0.01004,-0.0131954285714,0.503
0.463122414601,0.533302149086,-0.124051022066,-1.37854487508,0.0782318104618,1.90243916664,0.156366882394,-0.00940918848963,-0.0555205114936,-0.00096066079604,-0.0927665530807,-0.0026701693837,0.0383741180152,-0.00554717191586,0.574079602699,0.818785128602,0.00206636049113,0.0,0.818742556962,-0.574019587306,-0.0119534810681,0.0,-0.0086013667402,0.00855423163002,-0.999926418099,0.0,0.65906557786,0.257420387498,0.303362509748,1.0,-0.0104,-0.0136685714286,0.521
0.462993206294,0.532349923587,-0.124048525271,-1.38008637787,0.0781391301493,1.90301584727,0.156161799956,-0.00715841701962,-0.0539065109876,-0.000509627169015,-0.0913114551096,-0.0154215764779,0.0352069764656,-0.0151173203232,0.574075114795,0.818788304047,0.00205490366286,0.0,0.8187455492,-0.574015113927,-0.0119633419082,0.0,-0.00861606455751,0.0085504647302,-0.999926323778,0.0,0.658884378829,0.257190338473,0.303350084485,1.0,-0.01074,-0.0141154285714,0.538
0.462878022679,0.531480736901,-0.124041780955,-1.38146752314,0.0780591227457,1.90352132077,0.155996139816,-0.00312081016422,-0.0583657442589,0.000875707309801,-0.0981160484558,-0.00196392772242,0.0363763383964,-0.0105927502916,0.574082816817,0.818782910611,0.0020522251062,0.0,0.818740027982,-0.574022734046,-0.0119755700853,0.0,-0.0086275343711,0.00855537256587,-0.999926182901,0.0,0.658718515848,0.256987190254,0.303348945559,1.0,-0.01104,-0.0145097142857,0.553
0.462744373252,0.530462168487,-0.12404423607,-1.38310901353,0.0779685576976,1.90409272078,0.155786085071,-0.00467900727839,-0.0583730306866,0.00112171106874,-0.0964089517084,-0.00394654076809,0.0309228514506,-0.00759493393483,0.574086794382,0.81878021972,0.00201276242112,0.0,0.818736675095,-0.574026731957,-0.0120131075827,0.0,-0.00868088256521,0.00854465334622,-0.999925812837,0.0,0.65851601438,0.25674038497,0.303334994966,1.0,-0.01138,-0.0149565714286,0.57
0.462599425106,0.529346246659,-0.124046690441,-1.3848518047,0.0778547571615,1.90474668987,0.155546774795,-0.00857920504319,-0.0662276794909,0.00287822273378,-0.0964948591497,-0.00400825791175,0.0366248235514,-0.0119086076939,0.574075314466,0.818788226303,0.00202994803285,0.0,0.818744981969,-0.57401525575,-0.0119953144619,0.0,-0.00865656777877,0.00854838827038,-0.999925991708,0.0,0.658312591085,0.256477264214,0.303348272451,1.0,-0.01174,-0.0154297142857,0.588
0.462465077339,0.528315080789,-0.124048917027,-1.3864540554,0.0777477153595,1.90535914416,0.155326444716,-0.00989400276519,-0.0651870654304,8.19168934966e-05,-0.103768555137,-0.00508431493982,0.0329176996212,-0.0157906759893,0.574064577342,0.818795683976,0.00205811661641,0.0,0.818752914894,-0.574004508699,-0.0119680928676,0.0,-0.0086182204956,0.00855571187646,-0.999926260316,0.0,0.658127891131,0.256235126754,0.303364882213,1.0,-0.01206,-0.0158502857143,0.604
0.462321271969,0.527190361375,-0.124049972139,-1.38821386107,0.0776502789191,1.90603271978,0.15507797102,-0.00680155720446,-0.0690355404904,-0.000657790510651,-0.11417757118,-0.00257532855691,0.0415172690013,-0.00833434405409,0.574048740133,0.818806695229,0.00209444542095,0.0,0.818764327733,-0.573988450871,-0.0119574578997,0.0,-0.0085888244651,0.0085791860155,-0.999926312116,0.0,0.657922102273,0.255975679103,0.30337740465,1.0,-0.0124,-0.0162971428571,0.621
0.462162019571,0.526015144553,-0.124052479741,-1.39003078067,0.0775268246802,1.90670286794,0.154835587109,-0.00509949607721,-0.0677464878692,-0.00123059770701,-0.10966516078,-0.00771214604424,0.0436489143782,-0.0110012069285,0.574047103421,0.8188078009,0.00211072054724,0.0,0.818765750544,-0.57398685238,-0.0119367471502,0.0,-0.00856254069624,0.00858060602215,-0.999926525349,0.0,0.657708720789,0.255694742454,0.303397676698,1.0,-0.01274,-0.016744,0.638
0.462014264196,0.52491285077,-0.124058429915,-1.39175879595,0.077414596821,1.90732479236,0.154603422083,-0.0109235731116,-0.0706779324345,0.000116526459679,-0.107942305033,-0.00990353717193,0.044645450278,-0.0166828324054,0.574044810987,0.818809429849,0.00210225363817,0.0,0.818767313269,-0.573984639155,-0.0119359807765,0.0,-0.00856679725579,0.00857320945278,-0.999926552335,0.0,0.657501330242,0.255427543364,0.303404621267,1.0,-0.01306,-0.0171645714286,0.654
0.461857338576,0.523729125323,-0.124072672656,-1.39366127094,0.0773006367276,1.90800730622,0.154328661397,-0.0121534338975,-0.0734968762639,-0.000636685775046,-0.115316258151,-0.00568079024402,0.0463821735076,-0.0141940333997,0.574029781166,0.81882005218,0.00206866698721,0.0,0.818777486132,-0.573969738092,-0.0119547003099,0.0,-0.00860156168945,0.00855629669348,-0.999926398753,0.0,0.657270925433,0.255133705406,0.303391063557,1.0,-0.0134,-0.0176114285714,0.671
0.461693228402,0.52243059154,-0.124074837943,-1.39571534675,0.0771753508528,1.90879639381,0.154057118245,-0.00843581687538,-0.0764226442398,-3.41994754866e-05,-0.113028109584,-0.00538295938624,0.046938600945,-0.0200861244165,0.574019815578,0.818826973506,0.00209420238698,0.0,0.818784763398,-0.573959691347,-0.0119386279172,0.0,-0.00857384788278,0.00856787495938,-0.999926537627,0.0,0.657028191111,0.25483109783,0.303394550254,1.0,-0.01376,-0.0180845714286,0.689
0.461531766058,0.521262467062,-0.124081146698,-1.39758764494,0.0770601469915,1.90952794023,0.15380466158,-0.0118646082606,-0.0728146196541,0.000664828012685,-0.115569290853,-0.00587934182193,0.0435654323938,-0.0185939356319,0.574019053923,0.818827460982,0.00211229158214,0.0,0.818785552123,-0.573958921278,-0.0119215443864,0.0,-0.00854948392706,0.00857287251368,-0.999926703405,0.0,0.656812414263,0.254545438506,0.303387735464,1.0,-0.01408,-0.0185051428571,0.705
0.461370527131,0.519978414138,-0.124087135064,-1.39963008483,0.0769306137196,1.91026490419,0.153522704368,-0.0144509206189,-0.0716075634967,-9.3747883848e-05,-0.122460916376,-0.0149484218508,0.0400855839316,-0.0181035810894,0.57399822436,0.818842121007,0.00208954477114,0.0,0.818799927527,-0.573938199212,-0.0119318510397,0.0,-0.00857119767192,0.00855994522279,-0.999926628262,0.0,0.656560601663,0.254239589269,0.303381467792,1.0,-0.01442,-0.018952,0.722
0.46119791684,0.518612890722,-0.124087619865,-1.40170723905,0.0768016821147,1.91100496484,0.153253796421,-0.00453041735623,-0.0832306535108,0.000595422407945,-0.123734736622,-0.00849757304317,0.0418930566863,-0.017329787622,0.573995024364,0.818844301573,0.00211392718722,0.0,0.818802382594,-0.573934856522,-0.011924161553,0.0,-0.00855093987388,0.00857546312288,-0.999926668741,0.0,0.656304233073,0.253926797611,0.303415516368,1.0,-0.01476,-0.0193988571429,0.739
0.461029032899,0.517352143718,-0.124089762793,-1.40370948024,0.076667947096,1.91172238712,0.152976604517,-0.00980269700771,-0.0803226334729,-0.000122039732364,-0.127985099877,-0.0137098528368,0.0515033632932,-0.0155635837755,0.573977653919,0.818856547848,0.00208656385743,0.0,0.818814317047,-0.573917645102,-0.011933052466,0.0,-0.00857410741037,0.00855797858606,-0.99992662015,0.0,0.65605726796,0.253620750664,0.303409430934,1.0,-0.01508,-0.0198194285714,0.755
0.460842135857,0.515913170549,-0.124096786626,-1.40598524563,0.0765275346644,1.91258291684,0.152662062696,-0.00900644844667,-0.0780773113842,0.000388920436439,-0.129560322558,-0.00768750537035,0.0452190967278,-0.0144366442553,0.573960626995,0.81886844188,0.00210248743995,0.0,0.818826452666,-0.573900589143,-0.0119206164498,0.0,-0.00855496254759,0.00856370170172,-0.999926735131,0.0,0.655784029871,0.25327854452,0.303410363405,1.0,-0.01544,-0.0202925714286,0.773
0.460647580055,0.514509592186,-0.124098002239,-1.40821919304,0.0763952015443,1.91340514927,0.152355983846,-0.0116729193906,-0.0842927743782,0.000239048115801,-0.134455825846,-0.0122201143964,0.0480906772237,-0.0180977417281,0.573952187642,0.818874372378,0.00209653616684,0.0,0.818832227419,-0.573892096986,-0.0119327808518,0.0,-0.00856842786231,0.00856572197057,-0.999926602532,0.0,0.655511428717,0.252937988013,0.303402435985,1.0,-0.01578,-0.0207394285714,0.79
0.46047891656,0.51328212372,-0.1240979027,-1.41021510402,0.0762722655505,1.91408536943,0.152085313057,-0.00700439594641,-0.0745202188831,0.000637016984156,-0.13671128035,-0.0103831370134,0.0429888607755,-0.0137644965672,0.573939913548,0.818883163244,0.00202175501127,0.0,0.818839922981,-0.573880015763,-0.0119856139215,0.0,-0.00865473927426,0.00853468025468,-0.999926124632,0.0,0.655254234223,0.252633124309,0.303371639509,1.0,-0.01608,-0.0211337142857,0.805
0.460263857967,0.511768689536,-0.124108856622,-1.41264162741,0.0761245578304,1.91496705444,0.151731388191,-0.0157402180947,-0.0826339807797,-0.000931244703626,-0.136677161557,-0.0130273025757,0.0527004844096,-0.0223522351076,0.573921172117,0.818896370744,0.00199225483644,0.0,0.818852717642,-0.573861373863,-0.0120040534313,0.0,-0.0086869649426,0.00852090775639,-0.999925962645,0.0,0.654957063425,0.252253746746,0.303353629542,1.0,-0.01644,-0.0216068571429,0.823
0.460052789634,0.510214808938,-0.124106797576,-1.41510167509,0.0759745076101,1.91591120133,0.151386419512,-0.0102000266862,-0.0882101351771,0.00117316959138,-0.140097367624,-0.0114356321588,0.0465080404467,-0.0133753110257,0.573898214509,0.818912385048,0.00202284418887,0.0,0.818869119448,-0.573838278353,-0.0119892623319,0.0,-0.00865753666889,0.00853722525333,-0.99992607869,0.0,0.654660601645,0.251885016636,0.303352437587,1.0,-0.0168,-0.02208,0.841
0.459876314044,0.508879347453,-0.124115938132,-1.41720065506,0.0758344824037,1.91667179641,0.151097845777,-0.0123296297596,-0.0868452154502,-0.000490034862353,-0.137947056323,-0.00959068747259,0.0521141695873,-0.0152343753396,0.57388410345,0.81892230074,0.00201197894158,0.0,0.818878977984,-0.573824298158,-0.0119850389967,0.0,-0.00866046004625,0.00852575476603,-0.999926151242,0.0,0.65440028053,0.25156169221,0.303354141839,1.0,-0.0171,-0.0224742857143,0.856
0.45966729576,0.507374772017,-0.124116699591,-1.41960006826,0.0756864662059,1.91752540944,0.150762797269,-0.00847808536282,-0.0946264668128,0.000121756576334,-0.142428302059,-0.0115904018963,0.0479470119148,-0.0176150931845,0.573865714795,0.818935273163,0.00197652574225,0.0,0.81889139891,-0.573805974852,-0.0120136138452,0.0,-0.00870439744227,0.00851292492678,-0.99992587904,0.0,0.654096999416,0.251193640486,0.303338560432,1.0,-0.01744,-0.0229211428571,0.873
0.459441866484,0.505817384823,-0.124122008405,-1.42203700031,0.0755350459654,1.91844709022,0.150427882241,-0.0132267090529,-0.0874640306195,-0.000113064742824,-0.142623650554,-0.00994091431906,0.0563682599079,-0.0224884078699,0.573865038244,0.81893566913,0.0020086337161,0.0,0.818892242389,-0.573805190063,-0.0119935863628,0.0,-0.00866957813826,0.00852771864966,-0.999926055481,0.0,0.653804063779,0.250812523882,0.303347523451,1.0,-0.01778,-0.023368,0.89
0.459233163346,0.504274658657,-0.124124519891,-1.42437385817,0.0753919631504,1.91934384584,0.150113520445,-0.016219328187,-0.0930283291625,-0.000778034155578,-0.146223176523,-0.00868050226099,0.0528791406432,-0.0170823017764,0.573862188827,0.818937449891,0.00209482741605,0.0,0.81889517091,-0.573802004776,-0.0119459313752,0.0,-0.00858111961913,0.00857092739835,-0.99992644909,0.0,0.653523512523,0.250455376281,0.303390993988,1.0,-0.0181,-0.0237885714286,0.906
0.458984861642,0.50249808259,-0.1241280147,-1.42699871557,0.0752185499329,1.92033229347,0.149737598469,-0.0131379966548,-0.0988829398692,0.000526167744164,-0.151015062134,-0.00876724318866,0.0550461930879,-0.0243746663622,0.573847834337,0.818947211188,0.00220798901091,0.0,0.818906526994,-0.573787315741,-0.0118727942131,0.0,-0.00845643843471,0.00862147984948,-0.999927076708,0.0,0.653208941352,0.250042158069,0.303467978191,1.0,-0.01846,-0.0242617142857,0.924
0.458752956949,0.500791355237,-0.124129139827,-1.4295671048,0.0750590544733,1.92123512008,0.149381710012,-0.0123526067684,-0.0924477545787,0.000653667684183,-0.152018005478,-0.00164979333229,0.0534348456804,-0.0171703797502,0.573834898741,0.818956173802,0.002245279509,0.0,0.818915889222,-0.573774146363,-0.0118634837084,0.0,-0.00842755214867,0.00864654251093,-0.999927104177,0.0,0.652882420579,0.249643447666,0.303514940023,1.0,-0.0188,-0.0247085714286,0.941
0.458516894645,0.499179841762,-0.124129141539,-1.43202310428,0.0748976084979,1.92213838415,0.149034691641,-0.0153827583211,-0.0956631745409,0.00146636008866,-0.150205024598,-0.00995985518588,0.0598785140348,-0.0260626987253,0.573825282059,0.818962786774,0.00229051297075,0.0,0.818923136106,-0.573764400452,-0.0118345606296,0.0,-0.00837801125476,0.00866689102113,-0.999927344324,0.0,0.652580366494,0.249254539844,0.303548358849,1.0,-0.01912,-0.0251291428571,0.957
0.458267178,0.497496313553,-0.124131659352,-1.43466951307,0.0747407591261,1.92311682553,0.148645768159,-0.0146089737889,-0.0981203274739,-2.90877286615e-05,-0.153102712643,-0.00854015938988,0.053370599873,-0.0245531740511,0.573805185296,0.818976823839,0.00230613163929,0.0,0.818937280168,-0.573744145903,-0.011837782485,0.0,-0.00837190115821,0.00868132528713,-0.999927270286,0.0,0.652251843819,0.248839525856,0.303547471553,1.0,-0.01946,-0.025576,0.974
0.458001980399,0.495813258387,-0.124127588011,-1.43738021056,0.0745737297645,1.92404578859,0.148246006253,-0.0177716616793,-0.0969675103776,0.000834057567845,-0.160382830782,-0.00677899106242,0.0537544760606,-0.0200267562996,0.573783618232,0.818992158291,0.00222508588774,0.0,0.818951363777,-0.573722699732,-0.0119027089876,0.0,-0.00847180614911,0.00865198312942,-0.999926683157,0.0,0.651899490649,0.248405941266,0.303510573705,1.0,-0.0198,-0.0260228571429,0.991
0.457747228352,0.494237374516,-0.124132327091,-1.43995146355,0.0744162022671,1.92495853306,0.14789240104,-0.0135921699456,-0.104578386238,0.00169951779671,-0.162806230619,-0.00964644119916,0.0619791777796,-0.0229106113996,0.573792943202,0.818985815528,0.00215387923964,0.0,0.818943980107,-0.573732197597,-0.0119528150662,0.0,-0.00855360080866,0.00862251338367,-0.999926241368,0.0,0.651572521886,0.247989632971,0.303463703646,1.0,-0.0210908571429,-0.0277194122449,1.007
0.457445246085,0.492201269242,-0.124164108671,-1.44314969443,0.0742101009494,1.92615776935,0.147428865493,-0.0162490314846,-0.119810900373,-0.00363446769903,-0.185611989595,-0.00622794709717,0.0693151878617,-0.035030089612,0.573788283815,0.818989031663,0.00217215858056,0.0,0.818947613052,-0.57372764457,-0.0119224089321,0.0,-0.00851825872319,0.00861998860629,-0.999926564836,0.0,0.651181673075,0.247470103278,0.303463639244,1.0,-0.0244234285714,-0.0320993632653,1.025
0.457142647145,0.490202087382,-0.124168948619,-1.44640685768,0.0740249912044,1.92730445961,0.146964941194,-0.0184489731988,-0.124712172649,-0.000184722341493,-0.211743132434,-0.0114758524849,0.0730058372376,-0.0363995824448,0.573772380384,0.81900039834,0.00208564812274,0.0,0.81895754951,-0.573711796943,-0.0120022102446,0.0,-0.00863342025906,0.00859475949338,-0.999925794329,0.0,0.650756151565,0.246958592821,0.30340371862,1.0,-0.0273857142857,-0.0359926530612,1.041
0.456772969692,0.487897196239,-0.124194494578,-1.45004166251,0.0738054479798,1.92863597935,0.146433360152,-0.0214449014493,-0.151216618909,-0.00200945315119,-0.231057920365,-0.016326479348,0.0891549596792,-0.0366382880008,0.573779598874,0.818995344953,0.00208416972402,0.0,0.818952441944,-0.573718986013,-0.0120070738569,0.0,-0.00863817616619,0.00859641541379,-0.99992573902,0.0,0.650304548185,0.246357709327,0.303392064693,1.0,-0.030348,-0.0398859428571,1.057
0.456344476977,0.485153515125,-0.124222380703,-1.4542151665,0.0735480704857,1.93024272741,0.145812990172,-0.0205894375958,-0.165231358382,0.000750155325975,-0.255055090126,-0.0171983320677,0.100384265018,-0.0415427354715,0.573779608969,0.81899495958,0.00222787243021,0.0,0.818954072383,-0.573718548061,-0.0119164524456,0.0,-0.0084815060484,0.00866210939648,-0.999926513258,0.0,0.649802267364,0.245671868568,0.303451099869,1.0,-0.0334954285714,-0.0440225632653,1.074
0.455823256238,0.481989833521,-0.124278828311,-1.4591423535,0.0732445250237,1.93192964357,0.145059765029,-0.0287416321586,-0.180088471441,-0.00451571403273,-0.287694465422,-0.0208037484885,0.1027578238,-0.0477928189313,0.573789418343,0.81898827306,0.00215844583007,0.0,0.818946393194,-0.573728549572,-0.0119625825645,0.0,-0.00855901762806,0.00863182090833,-0.999926114713,0.0,0.649170196026,0.244824193532,0.303448882162,1.0,-0.036828,-0.0484025142857,1.092
0.455358104961,0.479109913371,-0.124325019273,-1.46363628409,0.0729632423717,1.93354402586,0.144390367488,-0.0290654210873,-0.193812218499,-0.0028279600043,-0.297376938263,-0.0223726722293,0.116541993274,-0.0431906918599,0.573797593683,0.818982523385,0.00216674302802,0.0,0.818940781136,-0.57373671951,-0.0119549395941,0.0,-0.00854791113256,0.00863431603696,-0.999926188177,0.0,0.648564954391,0.244021351995,0.303457770584,1.0,-0.0397902857143,-0.0522958040816,1.108
0.454737938408,0.475385299544,-0.124355955086,-1.46931635753,0.0726201972375,1.93564168231,0.143597251622,-0.0341416317301,-0.219188135782,-0.00155804465917,-0.330780185832,-0.0213660311017,0.119993586691,-0.0489791356759,0.573861314071,0.818937590607,0.00227196065463,0.0,0.818897169391,-0.57379995513,-0.011907323735,0.0,-0.00844786673602,0.00869382197767,-0.999926522804,0.0,0.647892415286,0.243109174381,0.30350516054,1.0,-0.0429377142857,-0.0564324244898,1.125
0.454067090199,0.471412082545,-0.124383285956,-1.47546730547,0.0722459125881,1.93781957228,0.142680166155,-0.0342510687909,-0.234627744902,0.00030297314211,-0.347597300482,-0.0278209907652,0.129199124344,-0.0519705504938,0.573872829212,0.818929506166,0.00227743830096,0.0,0.8188889007,-0.573811183796,-0.011934846542,0.0,-0.00846714143603,0.00871422087371,-0.999926182211,0.0,0.647096261978,0.242071300978,0.303514333717,1.0,-0.0462702857143,-0.0608123755102,1.143
0.453469133183,0.467813427661,-0.124391211923,-1.48081909174,0.0719124054128,1.93984572887,0.14180838401,-0.0406174343139,-0.246895321934,0.0010854073382,-0.359083074261,-0.0197011526968,0.145766633945,-0.0604496267083,0.573818498971,0.818966891378,0.00251156635928,0.0,0.818929356988,-0.573755973758,-0.0118126094368,0.0,-0.00823326834334,0.00883525934573,-0.999927073083,0.0,0.646428500846,0.241178268545,0.303627507025,1.0,-0.0490474285714,-0.0644623346939,1.158
0.452752749107,0.463565732553,-0.124404036085,-1.48735183273,0.0714706699324,1.94213975876,0.140800575127,-0.0414499087693,-0.249813984353,-0.000740791316865,-0.395447529197,-0.030155943227,0.131411661856,-0.0562084855736,0.573775356408,0.818997132032,0.00250699083357,0.0,0.818959531735,-0.573712847052,-0.0118153040641,0.0,-0.00823856591182,0.00883262439494,-0.999927052728,0.0,0.645565889467,0.240077246747,0.303646497941,1.0,-0.0521948571429,-0.068598955102,1.175
0.451973426592,0.459081645051,-0.124423598489,-1.49429816977,0.0710055676242,1.94452696422,0.139783067842,-0.0491634827942,-0.268500354953,-0.00446616785083,-0.425180735869,-0.0282540901012,0.147480269228,-0.0611842160714,0.573790094006,0.818987028675,0.00243347159324,0.0,0.818948344056,-0.573727727312,-0.0118680909322,0.0,-0.00832382266129,0.00880285002537,-0.999926609211,0.0,0.644634320294,0.238889981484,0.303635430688,1.0,-0.0553422857143,-0.0727355755102,1.192
0.4511466592,0.454429724855,-0.124437077495,-1.50156278672,0.0705162914337,1.94711424989,0.138634011845,-0.0495727261815,-0.274496293821,-0.000477703980589,-0.432842383789,-0.0267361631185,0.159707455226,-0.0632294728879,0.573736337292,0.819024793367,0.00239792054503,0.0,0.818985616291,-0.57367408453,-0.01188915259,0.0,-0.00836204686522,0.00878527043957,-0.999926444893,0.0,0.643669511314,0.237651320841,0.30360077308,1.0,-0.0584897142857,-0.0768721959184,1.209
0.450258360712,0.449417863707,-0.12448938532,-1.50903002005,0.0700004376803,1.94994134454,0.137450460417,-0.051890658746,-0.293702322318,-0.000236767829782,-0.453051037534,-0.0331191603941,0.16021190891,-0.0707263193671,0.573731327105,0.819027423535,0.0026815476596,0.0,0.81899250818,-0.573668644165,-0.0116749795404,0.0,-0.00802396308881,0.00889464019857,-0.999928248122,0.0,0.642725935442,0.236344012931,0.303732397766,1.0,-0.0616371428571,-0.0810088163265,1.226
0.449305547862,0.444231838267,-0.124526391251,-1.51702786813,0.0694734311144,1.95261647682,0.136269220067,-0.0591130773581,-0.308283893238,-0.00132298231008,-0.480262266482,-0.0319766984988,0.157954977418,-0.0698819474697,0.573785202098,0.818990059858,0.00256331989695,0.0,0.818953283758,-0.573722580585,-0.0117756719946,0.0,-0.00817368117426,0.00885611608986,-0.999927377435,0.0,0.641623384084,0.234935288746,0.303711747148,1.0,-0.0647845714286,-0.0851454367347,1.243
0.44842406141,0.439503028753,-0.124538184612,-1.52441243315,0.0689558565182,1.95508837522,0.135087509058,-0.0641696281443,-0.318049635237,-0.000508953754427,-0.496194836723,-0.0367103782685,0.166695931314,-0.0774072046589,0.573718221886,0.819037524296,0.00238381459376,0.0,0.818998191422,-0.573656055956,-0.0118928050759,0.0,-0.00837332516081,0.00877562778041,-0.999926435186,0.0,0.640519756662,0.233558170926,0.303640451216,1.0,-0.0677468571429,-0.0890387265306,1.259
0.44729495998,0.433500933075,-0.124558576389,-1.53337987064,0.0683653808919,1.95836382305,0.133620908124,-0.0640424872041,-0.34624304916,-0.00155263248496,-0.506767278387,-0.0415532856341,0.186449104265,-0.0771180290651,0.573700333532,0.819049227625,0.00265272166955,0.0,0.819013441817,-0.573637209214,-0.0117507970214,0.0,-0.00810293737569,0.00891422250163,-0.999927436889,0.0,0.639399430702,0.232062247442,0.303758979707,1.0,-0.0708942857143,-0.0931753469388,1.276
0.446141306695,0.427747555211,-0.12460334345,-1.542251144,0.0677179419769,1.9614520836,0.132184035848,-0.069370198827,-0.343097775284,-0.00292690668492,-0.532758701186,-0.036703580416,0.175976909075,-0.0830273596338,0.573709117211,0.819043324632,0.00257451065516,0.0,0.819006794809,-0.57364657371,-0.011756931119,0.0,-0.00815273370025,0.00885377075579,-0.999927569215,0.0,0.638109680896,0.230339477816,0.303722594476,1.0,-0.0742268571429,-0.0975552979592,1.294
0.444998980117,0.422062226758,-0.124704493632,-1.55102613065,0.0670827002497,1.96430676521,0.130736171786,-0.0741725978449,-0.354961862431,-0.00610687687105,-0.55695805343,-0.0377676441173,0.178311838577,-0.0937429070279,0.573721097267,0.819035595334,0.00235436353788,0.0,0.818996303589,-0.57365949012,-0.0118571077619,0.0,-0.0083609513022,0.00873105601025,-0.999926928907,0.0,0.636946806439,0.228795388117,0.30366398051,1.0,-0.077004,-0.101205257143,1.309
0.443643353942,0.415366018332,-0.124763154245,-1.56097735235,0.0663905640821,1.96786968246,0.129151852545,-0.0746230127909,-0.37353779731,0.00130727228872,-0.554130444039,-0.0335886853381,0.204181081257,-0.0857622930005,0.573800047219,0.818979568858,0.00259200816843,0.0,0.818943629772,-0.573737824586,-0.0117041358919,0.0,-0.00809847095942,0.00883871247789,-0.999928143383,0.0,0.635595104688,0.226955138406,0.30377920181,1.0,-0.0803365714286,-0.105585208163,1.327
0.44228143344,0.408913227985,-0.124778886824,-1.57074048819,0.0657299101513,1.97123739515,0.127481532251,-0.0845205405192,-0.381050292851,-0.00111158229909,-0.57642257707,-0.0393286650515,0.193632601533,-0.101152328913,0.573775314601,0.818996731516,0.00264367564843,0.0,0.818961116942,-0.573712530831,-0.0117204012397,0.0,-0.00808241607199,0.00889011563272,-0.999927817592,0.0,0.634220021676,0.225151792189,0.303791088164,1.0,-0.083484,-0.109721828571,1.344
0.440920620439,0.402739398452,-0.124851399522,-1.58032699474,0.0650364945703,1.97438929669,0.125911311185,-0.0862089274019,-0.393039785481,-0.00475915911553,-0.600409866803,-0.0403626418966,0.207047675035,-0.104014714667,0.573848109846,0.818946490253,0.00239579414094,0.0,0.818907524342,-0.573786102155,-0.0118626494574,0.0,-0.00834036233437,0.00876946165699,-0.999926764767,0.0,0.632836794915,0.223318315345,0.303672551374,1.0,-0.0864462857143,-0.113615118367,1.36
0.439423198304,0.395758547516,-0.124914254543,-1.5905033435,0.0642958254911,1.97802050721,0.124152103314,-0.0869036780076,-0.411189867193,-0.000704798757551,-0.60776350916,-0.0436016506532,0.211953061164,-0.106524973646,0.573873959805,0.818927322549,0.00273231437293,0.0,0.818893214058,-0.573811248379,-0.0116319432729,0.0,-0.00795803665612,0.00891291464616,-0.999928612254,0.0,0.631427827211,0.221374034219,0.303845334479,1.0,-0.0895937142857,-0.117751738776,1.377
0.437839449436,0.38873842787,-0.124948663882,-1.60119982125,0.0634784089221,1.98151885532,0.122342431925,-0.0889942058506,-0.41167621759,-0.0047882563293,-0.634260021698,-0.0495850865137,0.212065956363,-0.103586541966,0.573893907904,0.818914028625,0.00251854976344,0.0,0.818877058968,-0.57383185663,-0.0117520004058,0.0,-0.00817881137738,0.00880695362285,-0.999927769698,0.0,0.629752657041,0.219193062356,0.303758420422,1.0,-0.0929262857143,-0.122131689796,1.395
0.436317244141,0.381865237741,-0.125007767612,-1.61142162072,0.0627138342506,1.98485475199,0.120471510632,-0.0944235004307,-0.446541173897,-0.00419396321722,-0.628008107921,-0.040281086508,0.215891423466,-0.110162364104,0.573821782146,0.81896459175,0.002511313458,0.0,0.818927557394,-0.57375979814,-0.0117514543802,0.0,-0.00818329188999,0.00879999371843,-0.999927794315,0.0,0.628333850441,0.21734485686,0.303804556754,1.0,-0.0957034285714,-0.12578164898,1.41
