position_joint1,position_joint2,position_joint3,position_joint4,position_joint5,position_joint6,position_joint7,velocity_joint1,velocity_joint2,velocity_joint3,velocity_joint4,velocity_joint5,velocity_joint6,velocity_joint7,ee_T_00,ee_T_10,ee_T_20,ee_T_30,ee_T_01,ee_T_11,ee_T_21,ee_T_31,ee_T_02,ee_T_12,ee_T_22,ee_T_32,ee_T_03,ee_T_13,ee_T_23,ee_T_33,v_x,v_y,time
0.46506373509,0.547677034453,-0.123972547672,-1.35576422542,0.0794605176746,1.8940804558,0.159184741611,0.000190405603431,0.000174878296143,0.00068414589598,0.00213662709803,0.000307989941858,-8.96962066093e-05,-0.00117941105529,0.573809123225,0.818974725699,0.00205807447751,0.0,0.818933313544,-0.57375043656,-0.0118072611428,0.0,-0.00848919076898,0.00846070281018,-0.999928172494,0.0,0.66169275574,0.260894933522,0.30331854921,1.0,0.0,0.0,0.0
0.465068595126,0.547680052517,-0.123970816146,-1.35575834192,0.0794605307822,1.89408796555,0.159190341506,0.00420616198453,0.00160329802284,0.000259414608467,0.000865834224172,3.79230817441e-05,0.000214274428239,0.00153089940703,0.573808258167,0.818975310036,0.00206671537008,0.0,0.818934017366,-0.573749544534,-0.0118017900744,0.0,-0.00847976094461,0.00846463109702,-0.999928219261,0.0,0.661693857193,0.260900324455,0.303319806824,1.0,-0.0001,-0.000131428571429,0.006
0.465069028531,0.547669917116,-0.123975771954,-1.35575610332,0.0794606360919,1.89408800754,0.159188736569,0.000713978319173,0.000516509781387,-0.000839503242571,6.69556393859e-05,2.36372349912e-05,1.45317205928e-05,0.000856810561255,0.573809938571,0.818974108263,0.00207636545769,0.0,0.818932967673,-0.57375121328,-0.01179349903,0.0,-0.00846741617483,0.00846779411146,-0.999928297092,0.0,0.661695667003,0.260898164148,0.303328220438,1.0,-0.00032,-0.000420571428571,0.017
0.465070443095,0.547646038844,-0.123975062983,-1.35577017313,0.0794615855044,1.89408441019,0.159182848307,0.00154756362688,-0.00530336164264,-0.000805295442373,-0.00323325613894,-0.000234422570798,-0.000491805616702,-0.00155854976686,0.57380441428,0.818977960293,0.00208365270745,0.0,0.81893688314,-0.573745629682,-0.0117932503679,0.0,-0.00846308843753,0.00847356231593,-0.999928284866,0.0,0.661691770505,0.260898064331,0.303338105002,1.0,-0.00066,-0.000867428571429,0.034
0.46506892267,0.547573609518,-0.123973260599,-1.35580935672,0.0794612428589,1.89408977608,0.159189155297,0.000559144596547,-0.0046033370295,-0.000514778147384,-0.00493300431189,-0.000105390365708,-0.000305838056217,0.00103928627842,0.573811517995,0.818972890704,0.00211967190285,0.0,0.818932245098,-0.573752554798,-0.0117783998034,0.0,-0.00843018527247,0.00849461268865,-0.999928384201,0.0,0.661685776786,0.260894716346,0.303371170117,1.0,-0.001,-0.00131428571429,0.051
0.46506519373,0.547450919138,-0.12397005179,-1.35591755285,0.0794632642004,1.89413206201,0.159183560241,-0.000732946940185,-0.00750834019554,-0.000124781176843,-0.00655542570208,-5.43288705043e-05,0.00421058731705,0.000730490987378,0.573814256539,0.818970827361,0.00217481592686,0.0,0.818930810968,-0.573754991264,-0.0117594110606,0.0,-0.00838296451054,0.00852890569364,-0.99992848928,0.0,0.661672773719,0.260886082511,0.303410155464,1.0,-0.00132,-0.00173485714286,0.067
0.465036790737,0.547334764171,-0.123978529482,-1.35611771596,0.0794586333863,1.89418122111,0.159174794463,-0.00259874977116,-0.00687476614069,-0.00181704840343,-0.014310920567,0.000209981872012,-0.000298424953533,-0.00202364920403,0.573846100909,0.818948586572,0.00214753939273,0.0,0.818908159604,-0.573786880134,-0.0117808837309,0.0,-0.00841587018346,0.00851921574732,-0.999928295475,0.0,0.661649369151,0.260842731001,0.303401702663,1.0,-0.00166,-0.00218171428571,0.084
0.465019138136,0.547166774545,-0.123973879651,-1.35635350624,0.0794504814967,1.89426451157,0.159164353343,-0.00130056538994,-0.00832850578795,0.0010931657051,-0.0106997825583,-0.000216912646639,0.0120727937375,-0.00562316874819,0.573859741711,0.818938980779,0.00216552671105,0.0,0.818898705967,-0.573800366739,-0.0117811458695,0.0,-0.00840562140408,0.00853423665766,-0.999928253593,0.0,0.66162034565,0.26081229802,0.303415529844,1.0,-0.002,-0.00262857142857,0.101
0.465013322948,0.546976154815,-0.123971082829,-1.3565609237,0.079447456875,1.89439873098,0.15915992953,0.000674035056497,-0.0125405599056,-0.000285563224116,-0.0182754726175,0.000160374545995,0.00844936416039,-0.000197043059493,0.573870011715,0.818931500217,0.00227035402197,0.0,0.818892568283,-0.573810216219,-0.0117279270926,0.0,-0.00830177643107,0.00858964707133,-0.99992864669,0.0,0.661605632407,0.26079659506,0.303463383118,1.0,-0.00232,-0.00304914285714,0.117
0.464994279592,0.546769664658,-0.123973615727,-1.35682293197,0.079440685166,1.89453429639,0.159127380392,-0.00461159772315,-0.0100379625052,-0.000643136372349,-0.0168399129713,0.00017122008174,0.0107512485369,-0.00281627531074,0.573873772412,0.818928662424,0.00234224216288,0.0,0.818890648395,-0.573813693611,-0.0116917875732,0.0,-0.00823088780191,0.00862781655652,-0.999928904106,0.0,0.661583957365,0.260762260615,0.303496770027,1.0,-0.00266,-0.003496,0.134
0.464959799671,0.546530569894,-0.123968669021,-1.35719737972,0.0794324177782,1.89466751702,0.159024170474,-0.000153817511975,-0.0164309826376,-0.000901042131187,-0.0249018820557,0.00025857216462,0.00846435709365,-0.00348993676172,0.573823916675,0.818963573101,0.00235063545243,0.0,0.818925506238,-0.573763643508,-0.0117065589367,0.0,-0.0082386947942,0.00864266522581,-0.999928711582,0.0,0.66153519838,0.260707596979,0.303499552653,1.0,-0.00302,-0.00396914285714,0.152
0.464930387194,0.546260909864,-0.123978892082,-1.35759829741,0.079418141237,1.89480679281,0.158959781091,-0.00216732449289,-0.0149061791871,-0.00144848725646,-0.0257441789029,-0.000701624625136,0.00490441440958,-0.00147187204888,0.573829819157,0.818959408487,0.00236067734149,0.0,0.818921419091,-0.573769452714,-0.0117077490632,0.0,-0.00823384522826,0.00865163133687,-0.99992867399,0.0,0.661492962813,0.260646431379,0.303511796818,1.0,-0.00332,-0.00436342857143,0.167
0.464886696573,0.545976718979,-0.123973960034,-1.35806994035,0.0793935668906,1.89497613976,0.158946340794,-0.00355052239401,-0.0188347549489,0.00103148387565,-0.0260362305194,-0.00588650521293,0.00471487659872,0.00101227195294,0.573865692608,0.818934292389,0.00235340155043,0.0,0.818896122803,-0.573805258603,-0.0117222932252,0.0,-0.00824955255175,0.0086543799493,-0.999928520741,0.0,0.66143426884,0.260574263556,0.303505202132,1.0,-0.00368,-0.00483657142857,0.185
0.464815419959,0.545646572575,-0.123973960034,-1.35863748125,0.0793239564506,1.89518047361,0.158847736285,-0.00238281226087,-0.0229552629861,-0.000904703228802,-0.0350302396888,-0.00731581691466,0.0138859045133,-0.0123201869245,0.573861890925,0.81893711046,0.00229916439518,0.0,0.818898550611,-0.573801986708,-0.0117128458642,0.0,-0.00827297833002,0.00860450392992,-0.999928757633,0.0,0.661379222673,0.260468067407,0.303484263098,1.0,-0.00402,-0.00528342857143,0.202
0.46476137526,0.545318637646,-0.12397469675,-1.35926068545,0.0792552410364,1.89535751114,0.158763333733,-0.00439033951387,-0.0275157493558,0.000588998886605,-0.0399472841557,-0.000596985505635,0.0121700227717,-0.00612279840578,0.573853875765,0.818943049965,0.00218107400748,0.0,0.818903155092,-0.573794622584,-0.0117516201427,0.0,-0.00837258030285,0.00852996537988,-0.999928567244,0.0,0.66129810648,0.26036310829,0.303435062425,1.0,-0.00434,-0.005704,0.218
0.464707377042,0.544899533289,-0.123977046881,-1.35996367559,0.0792465302631,1.89557032067,0.158710312485,-0.00394222347412,-0.0278991734949,-0.00063087578475,-0.0388944990204,-0.00054128109215,0.0139592405692,0.00111890362522,0.573892978722,0.818915759427,0.00213888673363,0.0,0.818874960834,-0.573833524005,-0.0118166047525,0.0,-0.00844960162399,0.0085331115789,-0.99992789252,0.0,0.661205119002,0.260261127367,0.303415666596,1.0,-0.00468,-0.00615085714286,0.235
0.464647801664,0.544474702521,-0.123975072817,-1.36065970723,0.0792228285008,1.8958457402,0.158589638625,-0.00298839276932,-0.0277051177538,0.000375621693319,-0.0443008834701,-0.00019396232318,0.0151353117464,-0.0119089577909,0.573874247516,0.818928852114,0.00215177012428,0.0,0.818888061261,-0.573814582824,-0.0118285486668,0.0,-0.00845218543641,0.00855032295091,-0.999927723657,0.0,0.661127593423,0.260160699178,0.303408867518,1.0,-0.00502,-0.00659771428571,0.252
0.464573507089,0.544045254939,-0.123974635391,-1.36138256392,0.0791873952916,1.89611140047,0.158489102668,-0.00791095315109,-0.0316561986013,-0.000468989797032,-0.0500663312425,-0.000193892910136,0.0179505483189,-0.00189775695153,0.573883367428,0.81892251377,0.00213164977031,0.0,0.818881374143,-0.573823693475,-0.0118495059004,0.0,-0.00848079929619,0.00854596717796,-0.999927518617,0.0,0.661046818742,0.260043965568,0.303391709897,1.0,-0.00534,-0.00701828571429,0.268
0.464500528017,0.543525483542,-0.123977565198,-1.36222065311,0.0791498161697,1.89637833445,0.158420393583,-0.00481482535069,-0.0322175526035,0.000781214301439,-0.0524222392123,-0.000179259939696,0.0107409845934,-0.0121251188488,0.573925323831,0.818893205031,0.00209483191926,0.0,0.818851419969,-0.573865625617,-0.0118887614981,0.0,-0.00853363827609,0.00853878178244,-0.999927130457,0.0,0.660942600897,0.259913403544,0.303383784201,1.0,-0.00568,-0.00746514285714,0.285
0.464420623274,0.542981667495,-0.123988201387,-1.36306659087,0.0790946967484,1.89668831664,0.158281554234,-0.00184371598734,-0.0300724190745,-0.000510443980742,-0.0496740925354,0.000117529573761,0.0128297968884,-0.00920920331093,0.573916876756,0.818899119998,0.00209684086344,0.0,0.818857437491,-0.573857247936,-0.011878676613,0.0,-0.00852431461733,0.00853455103454,-0.999927246103,0.0,0.660850225638,0.259773278724,0.303393030293,1.0,-0.00602,-0.007912,0.302
0.464336261435,0.542405489972,-0.12398663109,-1.36397167044,0.0790416123374,1.89702221045,0.158172866682,-0.00372979719919,-0.0320855590879,-0.000171580371223,-0.0540301073288,-0.00412702222175,0.0273682004597,-0.00969977989722,0.573932021614,0.818888492982,0.00210179162411,0.0,0.818846844451,-0.573872340418,-0.011879778488,0.0,-0.00852221790374,0.00853939513289,-0.999927222618,0.0,0.66074795642,0.259632645777,0.303398628026,1.0,-0.00636,-0.00835885714286,0.319
0.464260456535,0.541801319644,-0.123990299935,-1.36493586517,0.0789826055318,1.89735048833,0.158043985119,-0.00624980484487,-0.0351056870439,-0.000586584617131,-0.0561836187002,-0.000831500844856,0.0110993662987,-0.00687931184379,0.573928765635,0.818890846135,0.00207388370969,0.0,0.818848809473,-0.573869173194,-0.0118973183442,0.0,-0.0085526318205,0.00852657460129,-0.999927072348,0.0,0.660630827854,0.259486648618,0.303395484155,1.0,-0.0067,-0.00880571428571,0.336
0.464183077928,0.541107511131,-0.123997351122,-1.36596906476,0.0789249657356,1.8977578439,0.157906231029,-0.00304620895478,-0.0373754117071,-0.0015252309357,-0.0561690750195,-0.00824315650916,0.0167983666373,-0.00533760803344,0.573926319067,0.818892411253,0.00213212934682,0.0,0.818851152915,-0.573866511986,-0.0118643454033,0.0,-0.00849222828563,0.00855532137574,-0.999927341628,0.0,0.660516866209,0.259336235639,0.30342975928,1.0,-0.00706,-0.00927885714286,0.354
0.464090708124,0.540447922,-0.123990080309,-1.36694369475,0.0788720429592,1.89814195896,0.157771921891,-0.00627394314284,-0.0461702232959,-0.00204009386427,-0.0664801233656,-0.00699930813395,0.0268914000286,-0.00280055917182,0.573926846872,0.818891873314,0.00219571430194,0.0,0.818851380416,-0.57386672472,-0.0118383255379,0.0,-0.00843442359054,0.00859246196687,-0.999927512421,0.0,0.660411053072,0.259189920091,0.303465135942,1.0,-0.00738,-0.00969942857143,0.37
0.463995689708,0.539783832897,-0.123995723817,-1.36799225856,0.0788004128834,1.89852507919,0.157653016652,-0.00573217637515,-0.0436690409718,-0.000725953671513,-0.0704753908621,-0.00106752224171,0.0219189701169,-0.0118620000277,0.573954517238,0.818872525306,0.00217861005513,0.0,0.818831899551,-0.573894550219,-0.0118369086688,0.0,-0.00844278940562,0.00857792776211,-0.999927566608,0.0,0.660284257119,0.259009486034,0.303463139885,1.0,-0.00772,-0.0101462857143,0.387
0.463894860022,0.538993884164,-0.124001647509,-1.36924621144,0.0787329816812,1.89897289781,0.157499176091,-0.00836844070554,-0.0457195768305,0.00105601039246,-0.0718671254301,-0.00129660972331,0.0310647739477,-0.00949555738958,0.57396207694,0.818867230733,0.00217705479502,0.0,0.818826500655,-0.573902029713,-0.0118477431163,0.0,-0.00845247516674,0.008582950654,-0.999927441678,0.0,0.660143946107,0.258833564953,0.303468997794,1.0,-0.00806,-0.0105931428571,0.404
0.463787867434,0.538262991939,-0.124002956036,-1.37036439777,0.0786734617777,1.89941675106,0.157358081146,-0.00425261951147,-0.044185462177,0.000436272329546,-0.071667362257,-0.00117928959306,0.022190125633,-0.00796997136921,0.573981062119,0.818853786241,0.00222800095889,0.0,0.818813687365,-0.573920780197,-0.0118249880624,0.0,-0.00840440200937,0.00861180269212,-0.99992759882,0.0,0.660024239497,0.258659532011,0.303491560486,1.0,-0.00838,-0.0110137142857,0.42
0.463681070558,0.537420574516,-0.124011229585,-1.37166458588,0.0785986085267,1.89992506719,0.157199712414,-0.00663702640277,-0.0482026759614,-0.00297467438641,-0.0704122037849,-5.10839740143e-05,0.0322797783612,-0.00902119827896,0.573996456514,0.818842881026,0.00226958227678,0.0,0.818803356977,-0.573936046655,-0.0117993158179,0.0,-0.00835935162241,0.00863127323469,-0.999927808576,0.0,0.659880325453,0.258463353855,0.30351192928,1.0,-0.00874,-0.0114868571429,0.438
0.463582638482,0.536632051863,-0.124007353677,-1.37290747418,0.0785170548738,1.90037757393,0.157038156933,-0.00277955069347,-0.0535392375127,0.00190847876486,-0.0844022394224,-0.00782189652037,0.0284839295235,-0.0107313554351,0.573988570263,0.818848421699,0.00226503660712,0.0,0.818808851725,-0.573928192481,-0.0118000471971,0.0,-0.00836264266429,0.00862789035672,-0.999927810252,0.0,0.659732278221,0.258280992205,0.303516111285,1.0,-0.00906,-0.0119074285714,0.454
0.463471475959,0.535820127093,-0.124017318167,-1.37415470749,0.0784501585763,1.90085273541,0.156889381725,-0.00336097953153,-0.0566583540002,-0.00101031106872,-0.0760444189229,-0.00095265505151,0.0344666982174,-0.0176779743528,0.574015488407,0.818829453562,0.0023004238172,0.0,0.818790326296,-0.573954953771,-0.0117838663803,0.0,-0.00832879757849,0.00864785308146,-0.999927920286,0.0,0.659593733566,0.258085901434,0.30353704413,1.0,-0.00938,-0.012328,0.47
0.46333796385,0.534890077634,-0.124021455366,-1.37563367009,0.078373685088,1.90139808266,0.156708843082,-0.0112462186402,-0.0529540045768,-0.00134001134182,-0.0818951744952,-0.0029285827354,0.0284032052877,-0.0108176375276,0.574040602777,0.818811841544,0.00230247970608,0.0,0.818772628041,-0.573979939867,-0.0117965716123,0.0,-0.0083377558902,0.00865708511472,-0.999927765743,0.0,0.659423139807,0.257856727335,0.303536778056,1.0,-0.00974,-0.0128011428571,0.488
0.463212371359,0.53400266981,-0.124029652774,-1.37713368136,0.0782678420007,1.90191511215,0.156528256686,-0.00846207626728,-0.0523944820732,-0.0042072870647,-0.0916798044746,-0.00812587259512,0.0280377675818,-0.00394276353802,0.574054977799,0.81880201928,0.00220965790115,0.0,0.818761692902,-0.573994769778,-0.0118339091289,0.0,-0.00842145875161,0.00860266331405,-0.999927533983,0.0,0.659240991406,0.257620734698,0.303493865838,1.0,-0.01008,-0.013248,0.505
0.463092949772,0.53312819703,-0.124027571723,-1.37855457387,0.078194112576,1.90243388533,0.156350900179,-0.0106551956215,-0.0520087637277,-0.00105277325999,-0.0881223700134,-0.0036710353073,0.037040890691,-0.0138359101595,0.574064041355,0.818795711937,0.00219213093175,0.0,0.818755007973,-0.574003748839,-0.0118608658859,0.0,-0.00845349751045,0.00860388043427,-0.999927253165,0.0,0.659071176439,0.257409312666,0.303479177776,1.0,-0.0104,-0.0136685714286,0.521
0.46296572301,0.532169150177,-0.124025093363,-1.3800645481,0.078119034856,1.90303137018,0.156148950726,-0.00646637018355,-0.0538505616141,-6.71610775316e-06,-0.0876821476557,-0.0106796138438,0.0327315434094,-0.0101287167414,0.574063709436,0.818795817649,0.00223906450999,0.0,0.818755603001,-0.574003107614,-0.0118508187542,0.0,-0.00841833292381,0.00863653786707,-0.999927268297,0.0,0.658900183827,0.257188638001,0.303488350782,1.0,-0.01074,-0.0141154285714,0.538
0.462834177746,0.531179689054,-0.124025093368,-1.38164358039,0.0780172564907,1.90361119862,0.155955053162,-0.00589771049565,-0.0591273807458,-0.000316351681711,-0.0976781892524,-0.00709620852886,0.0402833677036,-0.0151994114842,0.574071341147,0.818790501768,0.00222629480669,0.0,0.818750147865,-0.574010816197,-0.0118543309019,0.0,-0.00842845852216,0.00862817696058,-0.999927255179,0.0,0.658713094826,0.256950419827,0.303484386831,1.0,-0.01108,-0.0145622857143,0.555
0.462696723354,0.53022144952,-0.124027303155,-1.38319795683,0.0779289576445,1.90413884209,0.155753725703,-0.0125531457847,-0.0626521144351,-0.000587018660564,-0.0954588355132,0.00104717333406,0.0254783494407,-0.0162385631022,0.574081167339,0.818783760304,0.00217119114293,0.0,0.818742555393,-0.574020724451,-0.0118988566774,0.0,-0.00849644548377,0.00860872186055,-0.999926847485,0.0,0.658521361511,0.256708218584,0.303465516734,1.0,-0.0114,-0.0149828571429,0.571
0.462554338235,0.529172327069,-0.124031503914,-1.38485335486,0.0778227354078,1.90474506594,0.155526895005,-0.00902584169028,-0.0588230396952,-0.00452700899747,-0.0964903336752,-0.00441056325673,0.0288484972496,-0.013226194099,0.574076226591,0.818787236966,0.00216645924259,0.0,0.81874601099,-0.574015844437,-0.0118965005382,0.0,-0.0084972844727,0.00860344364438,-0.999926885784,0.0,0.658326369676,0.256453270287,0.303469209081,1.0,-0.01174,-0.0154297142857,0.588
0.462393022976,0.527967556984,-0.124037176078,-1.38675716669,0.0777060379265,1.90549064844,0.155256968292,-0.0137871344901,-0.0691684078942,0.000188246724602,-0.102953192449,-0.00503567027252,0.0421060930667,-0.0199602179106,0.5740633111,0.818796198769,0.00220150647251,0.0,0.81875549804,-0.574002860488,-0.0118700244977,0.0,-0.00845562272235,0.00861680699456,-0.999927123885,0.0,0.658110412746,0.256165326174,0.303476135768,1.0,-0.01212,-0.0159291428571,0.607
0.462285581681,0.52701600867,-0.124035050553,-1.38819860914,0.077609851631,1.90604170267,0.155062833836,-0.00693994178477,-0.0736332268366,0.00182391609141,-0.107744242744,-0.0126602056581,0.0433640407876,-0.00951021953733,0.57404285092,0.818810414362,0.00224889785633,0.0,0.818770407073,-0.573982294744,-0.0118360771938,0.0,-0.0084008374614,0.0086359127774,-0.999927420836,0.0,0.65794004048,0.255959098148,0.303507454577,1.0,-0.0124,-0.0162971428571,0.621
0.46214313799,0.525848953094,-0.124035096798,-1.39003072381,0.077495339075,1.90670278154,0.154824895305,-0.0131442498006,-0.0683645274166,0.000454174373015,-0.113539910322,-0.00693186455862,0.046646387717,-0.0135747970475,0.574032534632,0.818817661088,0.00224365231469,0.0,0.818777565388,-0.573971979535,-0.0118411159574,0.0,-0.00840808319412,0.00863440422475,-0.999927372963,0.0,0.657715705117,0.255689577985,0.303513862534,1.0,-0.01274,-0.016744,0.638
0.461962502455,0.52454808733,-0.124038201179,-1.39205909598,0.0773666927317,1.90745011267,0.154538706274,-0.00772906538219,-0.0679981144515,0.000666364353944,-0.10528996343,-0.010034146618,0.0340718698506,-0.0165281343175,0.57402270204,0.818824518578,0.00225659470028,0.0,0.818784621499,-0.573962128736,-0.0118306920937,0.0,-0.00839222243651,0.0086389172061,-0.999927467226,0.0,0.657476635669,0.255375224223,0.303528213554,1.0,-0.01312,-0.0172434285714,0.657
0.461807021411,0.523423839916,-0.124049273558,-1.39385435864,0.0772509164771,1.90810579319,0.154295127045,-0.0051217539816,-0.0738451503501,0.000198144301787,-0.113998346071,-0.00920727987524,0.0476322678924,-0.0156010673681,0.574023495185,0.818824017832,0.00223644776126,0.0,0.818783929075,-0.573963072723,-0.0118328161975,0.0,-0.00840551750435,0.00862364802868,-0.999927487356,0.0,0.65726344766,0.25509403133,0.303521322382,1.0,-0.01344,-0.017664,0.673
0.461648716592,0.522281332829,-0.124061694475,-1.3957038907,0.0771424253439,1.90879730171,0.154049013792,-0.0131812648855,-0.0793904665905,-0.000506699383189,-0.116115518969,-0.00205156770234,0.0396898987315,-0.0159448379874,0.574030326657,0.818819272069,0.00222051081798,0.0,0.818778977772,-0.573969967589,-0.0118409782139,0.0,-0.00842127677515,0.00861535404202,-0.999927426253,0.0,0.657045172382,0.254807615414,0.303504334531,1.0,-0.01376,-0.0180845714286,0.689
0.461486542245,0.52102561633,-0.124076543303,-1.3977079591,0.0770172523546,1.90955960192,0.153777519825,-0.0095281064361,-0.0769359222065,-0.00445762046303,-0.117699703257,-0.0113880044744,0.0484805807767,-0.0140782255924,0.574024792037,0.818823140122,0.00222491098975,0.0,0.818782997763,-0.573964513364,-0.0118273781683,0.0,-0.00840767285139,0.00861109337356,-0.999927577432,0.0,0.656809404501,0.254502530213,0.303499208822,1.0,-0.0141,-0.0185314285714,0.706
0.461329100422,0.519813074015,-0.124072783105,-1.39963210792,0.0769003291458,1.91026723616,0.153518309052,-0.00307199447591,-0.0769422796442,0.000412949172666,-0.120223471629,-0.00433668234204,0.0456550480153,-0.0197320412657,0.574009757385,0.818833688388,0.00222173101445,0.0,0.818793446415,-0.573949433389,-0.0118358321437,0.0,-0.00841657887769,0.00861318776213,-0.999927484469,0.0,0.656573884905,0.254218000418,0.303496111869,1.0,-0.01442,-0.018952,0.722
0.461156694824,0.518453909686,-0.124075396222,-1.40169323979,0.0767721251094,1.91100932894,0.153226138365,-0.0102182728005,-0.078147678338,3.83304642193e-05,-0.123008860079,-0.010739721863,0.0461760214898,-0.023558620449,0.573988216558,0.818848696068,0.00225546048723,0.0,0.818808872867,-0.573927743206,-0.0118204142543,0.0,-0.0083848208856,0.00863173574383,-0.999927591337,0.0,0.656321920713,0.253906180747,0.30353350707,1.0,-0.01476,-0.0193988571429,0.739
0.460977040597,0.517095461836,-0.124078019321,-1.40382037431,0.076623563665,1.91177676166,0.152935968297,-0.00917521896976,-0.0762136973196,0.000893935624066,-0.12519456877,-0.0102469140651,0.0464645830923,-0.0155371246505,0.57397189618,0.818860168419,0.00224362948674,0.0,0.818820308046,-0.573911590783,-0.0118125355961,0.0,-0.00838533136341,0.0086173587531,-0.99992771106,0.0,0.656061564657,0.253580268,0.303540776946,1.0,-0.0151,-0.0198457142857,0.756
0.460798390082,0.515834162842,-0.12408892166,-1.40582457928,0.076501036845,1.91255101882,0.152662229566,-0.00941034704605,-0.0769330953012,-0.00224770330804,-0.124065248441,-0.00985422580362,0.0496634983687,-0.014417217766,0.573974856645,0.818858034207,0.00226509491312,0.0,0.818818518276,-0.573914535324,-0.0117935225402,0.0,-0.00835741069518,0.00862405310962,-0.999927887097,0.0,0.655828619182,0.253268138572,0.303538942958,1.0,-0.01542,-0.0202662857143,0.772
0.460592718329,0.514359536111,-0.124097102273,-1.40817582175,0.0763672870981,1.91341642836,0.152337051834,-0.00510031285422,-0.0855021227836,-0.00119943043822,-0.132292783427,-0.0154381962193,0.0533850116219,-0.0202623463146,0.573970691196,0.818860973679,0.00225794939925,0.0,0.818821268298,-0.573910298386,-0.0118087632922,0.0,-0.00837403622006,0.00862690711452,-0.999927723384,0.0,0.655543150087,0.252905948039,0.303528926793,1.0,-0.01578,-0.0207394285714,0.79
0.460402311594,0.512957771997,-0.124107163545,-1.41047630565,0.0762309666022,1.91419356345,0.152025643796,-0.00682017355698,-0.082899692096,-0.000936579848715,-0.135139954271,-0.0071341630806,0.0418193374039,-0.0129904371729,0.573962454652,0.818867023432,0.00215533896172,0.0,0.818825836696,-0.573902317533,-0.011879646033,0.0,-0.00849105984051,0.00858348328487,-0.999927110202,0.0,0.655245932515,0.252551491337,0.303483972704,1.0,-0.01612,-0.0211862857143,0.807
0.460219251954,0.511634561152,-0.124118470061,-1.41262700218,0.0760934564507,1.91498148946,0.151718402852,-0.0104324945802,-0.0794826671186,-0.000757675361352,-0.141731269987,-0.0122891699117,0.0570093212455,-0.0212550633177,0.573944282975,0.818879867007,0.00211432059224,0.0,0.81883819511,-0.573884362602,-0.0118951877415,0.0,-0.0085275184115,0.00855862623684,-0.99992701301,0.0,0.654982100691,0.252218410756,0.303455814973,1.0,-0.01644,-0.0216068571429,0.823
0.460029886405,0.510156389647,-0.124116797459,-1.41493764485,0.075955644929,1.91587539814,0.151397472898,-0.0112779793051,-0.0844336454616,-0.000637184111432,-0.128991374505,-0.0027832673653,0.0539664846504,-0.0148911807857,0.573919048432,0.818897415956,0.00216676918085,0.0,0.818856402599,-0.573858895882,-0.0118704018765,0.0,-0.00847738486916,0.00858708789419,-0.999927195283,0.0,0.654703228546,0.251878963639,0.303468323468,1.0,-0.01678,-0.0220537142857,0.84
0.45983653382,0.508631712516,-0.12411672168,-1.4173184447,0.0758077449086,1.91672467682,0.151053568283,-0.0105484878346,-0.0913040072822,6.6719399296e-05,-0.136487439467,-0.00999977868817,0.0449962542329,-0.0316351712362,0.573879380509,0.818925230826,0.00216098225164,0.0,0.818884070472,-0.573819183503,-0.0118815265578,0.0,-0.00849023227101,0.00858832239476,-0.999927075678,0.0,0.654400858539,0.251523778833,0.303475632784,1.0,-0.01712,-0.0225005714286,0.857
0.45964431786,0.507195543505,-0.124113911462,-1.41957981534,0.0756617179416,1.91753317837,0.15074683432,-0.0151301031256,-0.094475557041,0.000161121610612,-0.146334514605,-0.00774689555376,0.0493235088517,-0.0131792089252,0.573861146304,0.818938053684,0.00214380351219,0.0,0.818896639006,-0.57380098969,-0.0118939378376,0.0,-0.00851044557883,0.00858118750684,-0.999926965101,0.0,0.65411463126,0.251181565202,0.303473758392,1.0,-0.01744,-0.0229211428571,0.873
0.459420210657,0.505606330824,-0.124118623665,-1.42201866515,0.0755126163345,1.91844829715,0.150418076915,-0.0164866284299,-0.0991903255869,-0.000919301285042,-0.144951123821,-0.00617413506215,0.0522062930638,-0.0202935238126,0.573864629058,0.818935468682,0.0021983065349,0.0,0.818894762959,-0.5738042533,-0.0118656223812,0.0,-0.00845594418932,0.0086096084568,-0.999927183174,0.0,0.653820169616,0.250801792211,0.303503340742,1.0,-0.01778,-0.023368,0.89
0.45916175203,0.503773790338,-0.124127814794,-1.42475933835,0.0753376417902,1.91952212506,0.150034307102,-0.0129683941646,-0.0917106844574,-0.00209061889324,-0.145432003827,-0.0132721074798,0.0584619928238,-0.0235106577321,0.573862605307,0.818936516158,0.00233230238169,0.0,0.81889770799,-0.573801869413,-0.0117773259908,0.0,-0.00830676278086,0.00866865094976,-0.999927923494,0.0,0.653501287956,0.250370968673,0.303572458663,1.0,-0.01816,-0.0238674285714,0.909
0.458950429891,0.502301610483,-0.124127020647,-1.42695890063,0.0752003403548,1.92034036618,0.149721591205,-0.0121952887362,-0.105272760083,0.000519540947571,-0.14926904393,-0.00834322483332,0.0570462232596,-0.0210681065381,0.573858137692,0.818939382291,0.00242339405665,0.0,0.818901826636,-0.573797135175,-0.0117214716838,0.0,-0.00820879625796,0.00871115144781,-0.999928363186,0.0,0.653220632105,0.24999627677,0.303637245649,1.0,-0.01848,-0.024288,0.925
0.458712641552,0.500598618491,-0.124132981596,-1.42954588613,0.0750294432311,1.92124997782,0.149364874044,-0.0146055452195,-0.0950874054306,-0.00136879138411,-0.155528087609,-0.00966635905329,0.0537650408625,-0.0137692222649,0.573847039979,0.818947149319,0.00242656765648,0.0,0.818909583899,-0.573785973079,-0.0117259284607,0.0,-0.00821074328427,0.00871619666186,-0.999928303235,0.0,0.65290810112,0.249616175417,0.303660504075,1.0,-0.0188,-0.0247085714286,0.941
0.458463983107,0.498919612548,-0.124137810191,-1.43216798853,0.0748594853188,1.92220827018,0.148986060163,-0.0128541701996,-0.10379648766,-3.25486755799e-05,-0.155382702022,-0.00504942135206,0.0602778355054,-0.022782828759,0.57383136305,0.818958112415,0.00243388372212,0.0,0.81892067197,-0.57377030309,-0.011718328109,0.0,-0.00820048755267,0.00871766972683,-0.999928374554,0.0,0.652583377407,0.249199793404,0.303666840779,1.0,-0.01914,-0.0251554285714,0.958
0.458214368452,0.497253096978,-0.124133753954,-1.43483766946,0.0746992808919,1.92317327994,0.148597170277,-0.0132205528553,-0.100876040174,0.000984592015138,-0.158626510091,-0.010164840035,0.04992373117,-0.0209884334914,0.573806598531,0.818975551116,0.0024043832111,0.0,0.818937581092,-0.573745495445,-0.0117512396436,0.0,-0.00824463266146,0.00871214635516,-0.999928059681,0.0,0.652244672534,0.248784332688,0.303641589576,1.0,-0.01948,-0.0256022857143,0.975
0.4579745915,0.495685061053,-0.124138628229,-1.43737141354,0.0745451806557,1.92404525264,0.148235179216,-0.0183900707178,-0.0985094409473,-8.64903740535e-05,-0.164023376793,-0.00851139659011,0.0482089343596,-0.0252806135099,0.573796199948,0.818983062949,0.00232603311641,0.0,0.818943922162,-0.573735234506,-0.0118101626704,0.0,-0.00833795657372,0.0086816842938,-0.999927550795,0.0,0.651915696312,0.248379767169,0.303604033495,1.0,-0.0198,-0.0260228571429,0.991
0.457679498797,0.493901868829,-0.124139752068,-1.44026912231,0.0743598767971,1.92507970382,0.147823320854,-0.0205166692216,-0.101391400311,-0.000165360783715,-0.163473159495,-0.00555788378623,0.0596033051464,-0.0259883964316,0.57379701871,0.818982691806,0.00225360673695,0.0,0.818942543167,-0.573736266584,-0.0118555598264,0.0,-0.00841668443114,0.00864842582496,-0.999927179426,0.0,0.651549926647,0.247907134616,0.30355648219,1.0,-0.0210085714286,-0.0276112653061,1.009
0.457428994212,0.492254154805,-0.124141872081,-1.44286841734,0.0742055439179,1.9260482325,0.147448748049,-0.0210641568087,-0.108915567556,0.000113429529739,-0.176760123987,-0.00428440664363,0.069007495211,-0.0239588529359,0.573785810568,0.818990499136,0.00226998169588,0.0,0.818950473754,-0.573724903071,-0.0118576572968,0.0,-0.0084091255414,0.0086629248769,-0.999927117514,0.0,0.651226074577,0.247497098889,0.303550205572,1.0,-0.0229371428571,-0.0301459591837,1.024
0.457094314538,0.490140090609,-0.124147704158,-1.4463119695,0.0739938464661,1.92725574321,0.146954676682,-0.0253259296904,-0.123296120377,-0.00183447451751,-0.1978248798,-0.0106010452685,0.0692779805727,-0.0309383507265,0.573773992936,0.818999059899,0.00216605981786,0.0,0.818957503971,-0.573713321773,-0.0119322257473,0.0,-0.00852994852419,0.00862047772442,-0.999926460967,0.0,0.650780000494,0.246943472747,0.303486748115,1.0,-0.0252514285714,-0.0331875918367,1.042
0.456734284769,0.487899197173,-0.124168110519,-1.44985578071,0.0737786684474,1.92856188662,0.146449933542,-0.0228417219582,-0.14118910182,-0.00268953030567,-0.213125772307,-0.0160064033973,0.0859016426749,-0.0250636499588,0.573788252832,0.81898907055,0.00216567125027,0.0,0.818947478234,-0.573727549806,-0.0119362217012,0.0,-0.00853329414922,0.00862260081624,-0.999926414116,0.0,0.650340141951,0.24636081743,0.303471547839,1.0,-0.0274371428571,-0.036060244898,1.059
0.456371805096,0.485576915107,-0.124200489294,-1.4533787556,0.0735523240284,1.92992898239,0.145922216303,-0.0222378386823,-0.150346735399,-0.00151397661157,-0.221708463079,-0.00499778923975,0.0875652081196,-0.0387568357658,0.573789442753,0.818987887276,0.00229407536735,0.0,0.818948221747,-0.573728488458,-0.0118397014197,0.0,-0.00838055701047,0.00867239159303,-0.9999272753,0.0,0.649921404159,0.245775539487,0.303527015616,1.0,-0.0294942857143,-0.0387639183673,1.075
0.455954312623,0.482956498696,-0.124230993647,-1.45743038049,0.0732959089492,1.93131700425,0.14530599598,-0.0239714090182,-0.162630164998,-0.00162526206937,-0.24824983128,-0.0138377858491,0.0824722292494,-0.0420800988794,0.573782768126,0.81899269455,0.00224681451514,0.0,0.818952346406,-0.573721930511,-0.0118721382966,0.0,-0.00843431015909,0.00865222897673,-0.999926998008,0.0,0.649365391451,0.245046165145,0.303538945998,1.0,-0.0318085714286,-0.0418055510204,1.093
0.455498520864,0.480135591285,-0.124260130438,-1.46182234928,0.0730238754268,1.93288414022,0.144647212244,-0.0299129611173,-0.167403243081,-0.005863010868,-0.258785217492,-0.0163737058506,0.104761817713,-0.0409026595079,0.573773238893,0.818999368407,0.00224761660001,0.0,0.818958961266,-0.573712328068,-0.0118798689412,0.0,-0.00844028230902,0.00865722331448,-0.999926904388,0.0,0.648837474754,0.244361052018,0.303540407085,1.0,-0.0338657142857,-0.0445092244898,1.109
0.455023128185,0.477302582328,-0.124272466087,-1.46608476442,0.0727675248931,1.93447762075,0.14402509061,-0.0322673247822,-0.178620344997,-0.000879134076821,-0.271698795164,-0.0116471964221,0.103364819386,-0.038911723634,0.573799723973,0.818980406747,0.00239103196652,0.0,0.818941803078,-0.573738186904,-0.0118136768495,0.0,-0.00830350339424,0.00873696875895,-0.999927355966,0.0,0.648312089064,0.243645049906,0.303612272319,1.0,-0.0359228571429,-0.0472128979592,1.125
0.454488976353,0.474149536267,-0.124299862407,-1.47090895711,0.0724673161234,1.9362536497,0.143332326187,-0.0320196860231,-0.188558751571,-0.0015519207317,-0.28707545693,-0.0251929835044,0.10668444927,-0.0433192266694,0.573840940821,0.818951274474,0.00247620203105,0.0,0.818913791898,-0.573779092709,-0.0117686494766,0.0,-0.00821731574171,0.00878129794977,-0.999927679649,0.0,0.647709179381,0.242825785732,0.303652600533,1.0,-0.0381085714286,-0.0500855510204,1.142
0.453927218205,0.470837079165,-0.124313094014,-1.47604212466,0.0721541160297,1.93802314083,0.142566582554,-0.0396729025689,-0.199097590593,0.00161868063322,-0.307017267334,-0.0193867514944,0.109066584633,-0.0504017939122,0.573843683639,0.818949458262,0.00244099606811,0.0,0.818911200739,-0.573781629863,-0.0118251189029,0.0,-0.00828373550455,0.00878489794836,-0.99992709999,0.0,0.647032388216,0.241960973791,0.303652779198,1.0,-0.0402942857143,-0.0529582040816,1.159
0.453382305023,0.467523236292,-0.12431924493,-1.48100203943,0.0718383282916,1.93994161895,0.141759696007,-0.0372630865803,-0.214047047789,0.00018053627959,-0.314973760159,-0.0271423687369,0.118561132687,-0.0478167276141,0.573783711353,0.818990769051,0.00266827583891,0.0,0.81895559473,-0.573720972375,-0.0116930157814,0.0,-0.00804578108469,0.00889463266777,-0.999928072871,0.0,0.646418577091,0.241141450083,0.303746165064,1.0,-0.0423514285714,-0.055661877551,1.175
0.452766334914,0.463875753884,-0.124320510947,-1.48664656609,0.0714568288768,1.9418879904,0.140897994149,-0.0382780505296,-0.220284139812,0.00103515622891,-0.340463664569,-0.0233326859604,0.113976744688,-0.0550161505216,0.573744018239,0.81901873933,0.00261783560631,0.0,0.818982802928,-0.573681346348,-0.0117315072439,0.0,-0.00810667689682,0.0088750153201,-0.999927755337,0.0,0.645662799962,0.240195324212,0.303743601284,1.0,-0.0445371428571,-0.0585345306122,1.192
0.452063260319,0.459857358838,-0.124336106159,-1.49291779226,0.0710322854719,1.9440619919,0.139970505415,-0.0485029750821,-0.232363216522,-0.00159717836758,-0.352861718493,-0.0313001386155,0.118215594302,-0.0562280434367,0.573747189141,0.819016769167,0.00253804611413,0.0,0.818979737814,-0.573684745054,-0.0117791869088,0.0,-0.00819147097876,0.00883705386109,-0.999927400506,0.0,0.644825547996,0.239124998535,0.303715202934,1.0,-0.0468514285714,-0.0615761632653,1.21
0.451454037044,0.456413709477,-0.124339633114,-1.49831949404,0.0706651043089,1.94600526575,0.139142071663,-0.0423965010288,-0.230404808257,0.000508486727754,-0.367628506445,-0.0295680418019,0.135785366887,-0.0545343199989,0.573719062482,0.819036550548,0.00251259074379,0.0,0.818999203663,-0.573656733102,-0.0117899901327,0.0,-0.00821522642017,0.0088221217571,-0.999927337471,0.0,0.644111276699,0.238211599934,0.303681543935,1.0,-0.04878,-0.0641108571429,1.225
0.4506440841,0.452061291089,-0.124380711107,-1.50502476434,0.0702094499399,1.94838301225,0.138060916308,-0.0479558495053,-0.251615240185,-0.000622763114437,-0.369517316004,-0.0238151652994,0.142907106387,-0.0563730666752,0.573708421546,0.81904399732,0.00251483652358,0.0,0.81900680427,-0.573646219084,-0.0117735632206,0.0,-0.00820059770642,0.00881443030077,-0.999927525382,0.0,0.643233315792,0.237021607826,0.303687006208,1.0,-0.0510942857143,-0.0671524897959,1.243
0.449815698,0.44745540558,-0.124438603142,-1.51198563264,0.0697453964106,1.95086804257,0.137023421008,-0.0472450247973,-0.259277312106,-0.00225550803099,-0.387058364092,-0.0241743241729,0.130413808969,-0.0605457308294,0.573767065234,0.819002623802,0.00260844008498,0.0,0.818966808078,-0.573704689734,-0.0117065428453,0.0,-0.00809137078024,0.00885322503483,-0.999928072476,0.0,0.642318893198,0.235790365167,0.303749448225,1.0,-0.0534085714286,-0.070194122449,1.261
0.449077858425,0.443515201358,-0.124455377518,-1.51809531883,0.0693361350595,1.95288134063,0.13610871715,-0.0470729235666,-0.26488766804,-0.00156438347168,-0.408196845567,-0.0251298197249,0.131485881867,-0.0602757231202,0.573794458746,0.818983848442,0.00247426859242,0.0,0.8189459887,-0.573732247937,-0.0118119503246,0.0,-0.00825438777549,0.00880409348807,-0.999927173858,0.0,0.641467871359,0.234711928707,0.303714827162,1.0,-0.0553371428571,-0.0727288163265,1.276
0.448210599197,0.43894012965,-0.124468542097,-1.52516192443,0.068844006369,1.95536649878,0.134953215162,-0.0544335864328,-0.266970884431,0.00285326217154,-0.412054220615,-0.0248960238765,0.141825111082,-0.0711025323885,0.573744584525,0.819018855625,0.00245209306161,0.0,0.818980726913,-0.573682484683,-0.0118204320625,0.0,-0.00827459321214,0.00879029508109,-0.999927128255,0.0,0.640509963123,0.233468304745,0.303695621768,1.0,-0.0575228571429,-0.0756014693877,1.293
0.44729531055,0.434145070483,-0.124480947922,-1.53232962769,0.0683764985456,1.95798339803,0.133786163747,-0.0497687261093,-0.291358225764,-0.00149249885744,-0.416696768548,-0.0300617061194,0.161317766901,-0.0672329411811,0.573736585599,0.819023726727,0.00268557355834,0.0,0.818988620601,-0.573673618479,-0.0117032341094,0.0,-0.00804473860029,0.00891419938843,-0.999927907016,0.0,0.639507266941,0.232121501017,0.303795558229,1.0,-0.0598371428571,-0.0786431020408,1.311
0.446325420328,0.429283662331,-0.12451286867,-1.53981120046,0.0678181511749,1.96058759493,0.132604836432,-0.0573514287264,-0.287207857706,-0.00229791473043,-0.451642140868,-0.0346363909003,0.145476090086,-0.0669996558209,0.573749790661,0.819014731527,0.00260656105853,0.0,0.81897889934,-0.573687432748,-0.011706359097,0.0,-0.00809248503647,0.00885141000518,-0.999928079527,0.0,0.638538305274,0.230835863594,0.303762765454,1.0,-0.0618942857143,-0.0813467755102,1.327
0.445311593865,0.424217527945,-0.124566593769,-1.54762363102,0.0672479081449,1.96314315056,0.13130983595,-0.056284571641,-0.297980103033,-0.00195822894626,-0.460934914676,-0.0357292927437,0.156049306761,-0.0836033753068,0.573731579873,0.819028069018,0.0024172954977,0.0,0.818989797754,-0.573669942026,-0.0118006648512,0.0,-0.00827850536507,0.00875032291024,-0.999927446467,0.0,0.637432196503,0.229393271393,0.303713901754,1.0,-0.06408,-0.0842194285714,1.344
0.444315891325,0.419325511358,-0.124616875356,-1.55506423689,0.0667220868894,1.96569729674,0.130130050318,-0.0612308769951,-0.31771011616,0.000595996260529,-0.469667273933,-0.0293418784833,0.173412459821,-0.065716578227,0.57378388651,0.818991473,0.00240117367269,0.0,0.818953071111,-0.573722386513,-0.0117998912465,0.0,-0.00828656276528,0.00873720423158,-0.999927494441,0.0,0.636400242729,0.228014060232,0.303717138885,1.0,-0.0661371428571,-0.0869231020408,1.36
0.443188889319,0.41394491387,-0.124645006792,-1.56299884307,0.0661868763887,1.9686639886,0.128795785494,-0.0681096791969,-0.319007129505,-0.00260553072032,-0.47591431302,-0.032677182716,0.173615704668,-0.0866762645154,0.57381632461,0.818967681649,0.00274024201309,0.0,0.818933896268,-0.573753840683,-0.011599601082,0.0,-0.00792762665815,0.00890028888646,-0.999928966274,0.0,0.635350078739,0.226540592266,0.303844566183,1.0,-0.0683228571429,-0.089795755102,1.377
0.442024742805,0.408499275859,-0.124686120019,-1.57137440833,0.0655901190271,1.97137419136,0.127388722211,-0.0713310012067,-0.317300163859,-0.00698430233321,-0.50308208175,-0.0444055131996,0.163407930562,-0.0815544623177,0.573821715605,0.818964543457,0.00254207825615,0.0,0.81892790768,-0.573759617909,-0.0117358331819,0.0,-0.00815284638254,0.00881622449761,-0.999927900042,0.0,0.634136115325,0.224963850555,0.303778328436,1.0,-0.0705085714286,-0.0926684081633,1.394
