position_joint1,position_joint2,position_joint3,position_joint4,position_joint5,position_joint6,position_joint7,velocity_joint1,velocity_joint2,velocity_joint3,velocity_joint4,velocity_joint5,velocity_joint6,velocity_joint7,ee_T_00,ee_T_10,ee_T_20,ee_T_30,ee_T_01,ee_T_11,ee_T_21,ee_T_31,ee_T_02,ee_T_12,ee_T_22,ee_T_32,ee_T_03,ee_T_13,ee_T_23,ee_T_33,v_x,v_y,time
0.465075451467,0.547734579427,-0.12401511371,-1.35582025832,0.079537190139,1.89412753723,0.159133166499,0.00177301376306,0.00174038004896,-0.0010519587046,0.000261120776233,-0.000220496460175,0.000319041546264,-0.00106876398321,0.573810836739,0.818973590627,0.00203184587891,0.0,0.818931354012,-0.573751775102,-0.0118779158018,0.0,-0.00856208902035,0.0084797823638,-0.999927389325,0.0,0.66169018691,0.260886257589,0.303256754783,1.0,0.0,0.0,0.0
0.465070289725,0.547734148269,-0.124013311778,-1.35581857387,0.0795343891613,1.89412828561,0.159135561206,0.00016803830297,-0.000249751641193,0.000301528107679,5.36659179909e-06,0.000511967317569,-0.000450114734238,-0.00038544182241,0.573814936389,0.818970715121,0.00203308944995,0.0,0.818928514311,-0.573755888621,-0.0118749999252,0.0,-0.00855894492305,0.00847917049973,-0.999927421431,0.0,0.661691824088,0.260883687971,0.303257862114,1.0,-0.00026,-0.000341714285714,0.014
0.465072239712,0.547728817657,-0.12401820474,-1.35582140713,0.079537924123,1.89412758956,0.159139251629,0.00077545382405,0.00166838696043,-0.0014207602069,0.00161489177415,0.00010607717651,0.000463301054866,0.000470335886111,0.573820857162,0.818966560484,0.00203558264379,0.0,0.818924381599,-0.573761788104,-0.011874958311,0.0,-0.00855741898319,0.00848125030492,-0.999927416853,0.0,0.661691593604,0.260882406301,0.303260397978,1.0,-0.0006,-0.000788571428571,0.031
0.465069054804,0.547690966894,-0.124010513632,-1.35585610386,0.0795343906216,1.89413132934,0.159135031564,0.000546634544037,-0.00094372236338,0.00195178541326,-0.00124081167933,-0.000136147842739,-0.000391746078739,-0.000905724716658,0.57381555302,0.818970257507,0.00204336296467,0.0,0.818928142463,-0.573756415898,-0.0118751673547,0.0,-0.00855318093071,0.00848768657418,-0.999927398501,0.0,0.661684649969,0.260880811117,0.303270761127,1.0,-0.00096,-0.00126171428571,0.049
0.465068217377,0.547602096524,-0.124012310332,-1.35595167287,0.0795341161628,1.89415657607,0.159139709481,0.000720846956368,-0.00677785572431,0.000309989466633,-0.00753498362607,2.1869534176e-05,0.00461745773663,0.000462967553831,0.573826488238,0.818962547093,0.00206270603426,0.0,0.818920632256,-0.573767220143,-0.0118710595801,0.0,-0.0085386044778,0.00850128463634,-0.999927407562,0.0,0.661670773704,0.260870713474,0.303290481423,1.0,-0.00126,-0.001656,0.064
0.465065193887,0.547464755211,-0.124008440795,-1.35614458361,0.0795304513483,1.89420003206,0.159129835631,0.000170192904094,-0.00504599538942,-0.00183302834669,-0.0122198459307,-0.000195940664101,0.00245230422923,-0.00177979402094,0.57383238563,0.818958445639,0.00205046826237,0.0,0.81891626265,-0.573773058257,-0.0118903022007,0.0,-0.00856132479472,0.00850236598067,-0.999927204096,0.0,0.6616385725,0.2608453443,0.303297422148,1.0,-0.00162,-0.00212914285714,0.082
0.465043522617,0.54730629493,-0.124013023543,-1.35634748735,0.0795316029357,1.8942940417,0.159123009864,-0.00200584512016,-0.0101123932115,0.000296488035543,-0.00863082530152,0.000429640108727,0.00334062286898,-0.0019502740733,0.573854908956,0.818942519403,0.00210719773556,0.0,0.818900986037,-0.573795260438,-0.0118710179617,0.0,-0.00851274518067,0.00853799261786,-0.999927315284,0.0,0.661622001701,0.260819794978,0.303323580949,1.0,-0.00194,-0.00254971428571,0.098
0.465032454438,0.547125447192,-0.124010866388,-1.35655645541,0.0795267248881,1.89442173467,0.159115380893,0.000575298832165,-0.0122967186529,0.000421683112903,-0.0132078152938,2.21609503527e-05,0.0080767388534,-0.00179758273081,0.573866887619,0.81893389295,0.00219571698846,0.0,0.818893504541,-0.573806879322,-0.011825411851,0.0,-0.0084244752471,0.00858443595039,-0.999927665222,0.0,0.661606999171,0.260799187302,0.303363228604,1.0,-0.00226,-0.00297028571429,0.114
0.465010167964,0.546899323294,-0.124010621211,-1.35684293214,0.0795230018115,1.89454151438,0.159100257893,-0.0017418832185,-0.00884758333219,-4.51523736646e-05,-0.0224455388787,0.000241928404107,0.0121595701211,-0.000824729234309,0.573887650956,0.818919184003,0.00225411902678,0.0,0.818879457068,-0.573827312379,-0.0118066617388,0.0,-0.00837538798616,0.00862171513044,-0.999927756843,0.0,0.661577121383,0.260761085879,0.303397421241,1.0,-0.00262,-0.00344342857143,0.132
0.464972251445,0.54666311173,-0.124016101462,-1.35720708244,0.0795202185082,1.89468147406,0.159070763612,-0.0029736656016,-0.0165387021592,-0.000926379045746,-0.0272019170178,-8.76487462372e-05,0.0119721993885,-0.00563217538376,0.573918062204,0.818897818958,0.00227307810654,0.0,0.818858203401,-0.573857507217,-0.0118131720995,0.0,-0.00836951907051,0.00864128786591,-0.999927637029,0.0,0.661539032683,0.260701757007,0.303403719019,1.0,-0.00296,-0.00389028571429,0.149
0.464936775276,0.546393187331,-0.124015888203,-1.357589526,0.0795080526384,1.89481504336,0.158946329278,-0.00192571190207,-0.0164510754736,-0.000826015026509,-0.0228298724896,-0.0049380548113,0.00506594489592,-0.00873413354563,0.573863145837,0.81893623205,0.00229882320301,0.0,0.818896837252,-0.573802380371,-0.0118129217411,0.0,-0.00835512025614,0.00866166624611,-0.999927581129,0.0,0.661494919505,0.260643657197,0.303424408989,1.0,-0.00328,-0.00431085714286,0.165
0.464892093759,0.546086113334,-0.124011500175,-1.35810114768,0.079496428412,1.8949944128,0.158917581269,0.00106320159989,-0.0177892258269,0.000431161148084,-0.031365527561,-0.000757257656978,0.0139378444701,0.000421426465461,0.573901469271,0.818909408206,0.00228727378852,0.0,0.818869638059,-0.573840510749,-0.0118461381884,0.0,-0.00838854515987,0.00867166212724,-0.999927214644,0.0,0.661435533706,0.260576097493,0.303413000961,1.0,-0.00362,-0.00475771428571,0.182
0.464838767378,0.545788304098,-0.124013713851,-1.3586080485,0.0794805518955,1.89516543977,0.158872055889,-0.00725074567948,-0.0218930537888,-0.000183195298192,-0.0347287604472,0.000280073778878,0.0129890633413,-0.00112004810877,0.573930665298,0.81888901442,0.00226282882165,0.0,0.818848795362,-0.573869664239,-0.0118745821671,0.0,-0.00842555828947,0.00866826838905,-0.999926932876,0.0,0.661373510438,0.260486448867,0.303398229822,1.0,-0.00396,-0.00520457142857,0.199
0.464771747175,0.5454539366,-0.124013719709,-1.35918108785,0.0794009391261,1.89535339483,0.158772963352,-0.00908560612802,-0.0268709903123,-0.000343053331347,-0.0428354620033,-0.00623320378755,0.0145192279538,-0.00654686218222,0.573915188318,0.818900046407,0.00219488347639,0.0,0.818859298883,-0.573854822649,-0.0118675210976,0.0,-0.00845893197013,0.0086084170889,-0.99992716816,0.0,0.661310098016,0.260378347429,0.30337837657,1.0,-0.00428,-0.00562514285714,0.215
0.464712275075,0.545037759992,-0.124016631018,-1.35991623569,0.0793393097648,1.89558106082,0.158699898393,-0.00599178198352,-0.0238823361053,0.00045413342488,-0.0382799520735,-0.000835266546284,0.013392200642,-0.00181152143165,0.573930572911,0.818889496033,0.0021065769533,0.0,0.818847695566,-0.573870657834,-0.0119023713862,0.0,-0.00853798858684,0.00855626524707,-0.999926943869,0.0,0.661217128276,0.260260995381,0.30334282953,1.0,-0.00464,-0.00609828571429,0.233
0.464643181196,0.544612504099,-0.124016906915,-1.36064511655,0.0793249036331,1.89582143173,0.158614305359,-0.00575206733529,-0.0259469934249,-0.000179393254344,-0.0444858010571,-0.000325295588243,0.0152703838166,-0.00751784251554,0.573953986459,0.818873182666,0.00206858395423,0.0,0.818830569902,-0.573893907815,-0.011959400845,0.0,-0.00860625060058,0.00855813033931,-0.999926342715,0.0,0.661127537231,0.260148188239,0.303317759394,1.0,-0.00498,-0.00654514285714,0.25
0.464577830157,0.544175823284,-0.124020023193,-1.36136144915,0.0792989536244,1.89608170125,0.158513166456,-0.00501826283613,-0.0258208387595,0.000937131559565,-0.0407186992698,-0.000485397570304,0.0169770198407,-0.00128146005556,0.5739599262,0.818869040531,0.00206021316645,0.0,0.818826161124,-0.573899725257,-0.0119820745059,0.0,-0.00862956022978,0.00856435192762,-0.999926088552,0.0,0.661045340331,0.260037341873,0.303308506286,1.0,-0.0053,-0.00696571428571,0.266
0.464505832353,0.543635571514,-0.12401484882,-1.36222648356,0.0792567419254,1.89638493205,0.158422087365,-0.00267207076106,-0.0330308600747,-0.000891755748906,-0.04819917374,-0.00416019900495,0.00995437013936,-0.00337137174092,0.57397756203,0.818856708752,0.00204834561728,0.0,0.818813525544,-0.573917261083,-0.0120056119573,0.0,-0.0086554616319,0.00856832994523,-0.999925830602,0.0,0.660940852902,0.259910902609,0.303305140483,1.0,-0.00566,-0.00743885714286,0.284
0.46443376499,0.543138572096,-0.124026508313,-1.36303048886,0.079199591423,1.89666781362,0.158300022355,-0.00971521590875,-0.0273311494374,-0.000537287591441,-0.0538479019136,-0.00478502681858,0.0177755453152,-0.00618000162546,0.573975233688,0.818858438474,0.00200891865851,0.0,0.818814844546,-0.573915202423,-0.0120140617849,0.0,-0.0086850341282,0.00854087077784,-0.999925809102,0.0,0.660843194962,0.25976746465,0.303291238366,1.0,-0.006,-0.00788571428571,0.301
0.464359316995,0.542561728587,-0.124028994324,-1.36393613689,0.0791589135282,1.89697835801,0.158208034241,-0.00404923129037,-0.0346441306022,-0.000606427648183,-0.0512553552513,0.000472508447792,0.0191447222274,-0.00416588663464,0.574001022855,0.818840353509,0.0020119961666,0.0,0.818796644524,-0.573940822585,-0.0120305439791,0.0,-0.00869649558434,0.00855312493368,-0.999925604742,0.0,0.660740434865,0.259641469972,0.30330287045,1.0,-0.00632,-0.00830628571429,0.317
0.464277738228,0.541971633241,-0.124026488687,-1.3648593442,0.0791150960166,1.89732652949,0.158067689258,-0.00302097604704,-0.0334742229933,-0.00113276386986,-0.0508733239001,-0.00590470661229,0.0234415125192,-0.00561990634061,0.573990830492,0.818847449814,0.00203158697555,0.0,0.818803874337,-0.573930427489,-0.0120343955024,0.0,-0.00868851176664,0.00857126897905,-0.999925518782,0.0,0.660635613062,0.259503715854,0.303310856243,1.0,-0.00666,-0.00875314285714,0.334
0.464199653323,0.54136179095,-0.124027527269,-1.36577531814,0.0790604827911,1.89765848882,0.157952959328,-0.00171777380926,-0.0377472774931,0.000515086352984,-0.0601216643441,-0.00199788647986,0.0187960240789,-0.0100278876343,0.573997748056,0.818842544192,0.00205425155449,0.0,0.818799249753,-0.573937233122,-0.0120244726115,0.0,-0.00866730516496,0.00858420510475,-0.999925591854,0.0,0.660530107139,0.259364499367,0.30333485068,1.0,-0.00698,-0.00917371428571,0.35
0.464112256301,0.540672165074,-0.124034940511,-1.36683000542,0.0789820824153,1.89804709432,0.157814515691,0.000345298828742,-0.0464354380689,-0.00247454910128,-0.0640841166398,-0.00647871773265,0.0241601622634,-0.0108814270866,0.573993838445,0.818845256808,0.00206536456417,0.0,0.818802250998,-0.57393341945,-0.012002112305,0.0,-0.0086426573838,0.0085804288655,-0.999925837607,0.0,0.660418927662,0.259210332529,0.303353006204,1.0,-0.0073,-0.00959428571429,0.366
0.464008366975,0.539945846443,-0.124032967656,-1.36793044376,0.0789190644678,1.8984514059,0.157691426786,-0.00387609453842,-0.0424330537253,-0.000489488819698,-0.0674399453827,-0.00454934190863,0.018926222919,-0.0012012388109,0.574025620079,0.81882290841,0.00209261942033,0.0,0.81878022651,-0.573965051245,-0.0119919775806,0.0,-0.00861838147785,0.00859726329361,-0.999925902537,0.0,0.660286521998,0.259028709552,0.303378724581,1.0,-0.00766,-0.0100674285714,0.384
0.463912034755,0.539201818275,-0.124036075819,-1.36908397449,0.0788551100637,1.89888697679,0.157535563941,-0.00608571958968,-0.0439519454807,0.00679119779399,-0.0711689051971,-0.00174109608918,0.0268268249565,-0.0119268500427,0.574025835065,0.818822695947,0.0021166437255,0.0,0.818780293321,-0.573965131921,-0.0119835516061,0.0,-0.00859768987021,0.0086121001978,-0.999925952988,0.0,0.660155491443,0.258855348628,0.303393235705,1.0,-0.008,-0.0105142857143,0.401
0.463810722131,0.538531044371,-0.124041067947,-1.37012664699,0.0788015612559,1.89930039974,0.157417948271,-0.0104049675441,-0.0496034561935,-0.00119918304793,-0.0718251275693,-0.00147206308217,0.0357256970692,-0.0040691203155,0.574059479714,0.818799010471,0.002154321955,0.0,0.818757072575,-0.573998589562,-0.0119675473786,0.0,-0.00856260304436,0.00863411659237,-0.999926064197,0.0,0.660044689806,0.258689992004,0.303406801684,1.0,-0.0083,-0.0109085714286,0.416
0.463692350373,0.537701505478,-0.124039656892,-1.3714295444,0.0787228845293,1.89980160182,0.157251089378,-0.00264758323121,-0.048590097338,0.00139754397177,-0.0767188601677,-0.00403670243181,0.0269464192055,-0.00457233737672,0.574069768017,0.818791737378,0.00217695952819,0.0,0.818750101998,-0.57400879103,-0.0119551327819,0.0,-0.00853933444286,0.00864563259371,-0.999926163676,0.0,0.659899434173,0.258490192713,0.303415900634,1.0,-0.00866,-0.0113817142857,0.434
0.463588349179,0.536869113725,-0.124053755706,-1.37272784193,0.0786450285111,1.90027400794,0.157095376154,-0.00479590166656,-0.0540306689748,0.000157252745595,-0.0843012362238,-0.0114248449743,0.0354770614297,-0.00993084737364,0.574084696076,0.818781279476,0.00217370919163,0.0,0.818739638118,-0.574023767348,-0.0119526731294,0.0,-0.00853902866149,0.00864171497749,-0.999926200153,0.0,0.659736456322,0.258277963828,0.303426895126,1.0,-0.00902,-0.0118548571429,0.452
0.463474673567,0.536082167769,-0.124057070387,-1.37397327673,0.0785771821316,1.90074060092,0.156942664558,-0.0111068475469,-0.0543554392476,-0.000857867301907,-0.079476767601,-0.0015167330145,0.0229330454289,-0.00235702975792,0.574110986624,0.818762806353,0.00218834935175,0.0,0.818721293104,-0.574049931147,-0.0119527264377,0.0,-0.00853039028345,0.00865400639546,-0.999926167582,0.0,0.659597931495,0.258080115696,0.303433566514,1.0,-0.00934,-0.0122754285714,0.468
0.463347215334,0.535127719605,-0.124058359817,-1.37546373389,0.0784955204037,1.90127548292,0.156755077529,-0.00571996961969,-0.0562883514591,0.000236213924355,-0.0781845590587,-0.00703380241549,0.0274477607796,-0.00627151406158,0.574120311145,0.81875625871,0.00219181539168,0.0,0.818714693255,-0.574059141492,-0.0119624420592,0.0,-0.00853625699273,0.00866251920347,-0.999926043804,0.0,0.659431194963,0.257869786346,0.303440821525,1.0,-0.00968,-0.0127222857143,0.485
0.463219015136,0.534237180158,-0.124060721119,-1.37693033428,0.0784154949219,1.90180411759,0.156578924007,-0.0100564075401,-0.0497077133081,-0.000690009687743,-0.085151689216,-0.00411386148429,0.0274254496701,-0.0100028996787,0.574141685624,0.818741370019,0.00215423975771,0.0,0.818699202622,-0.574080555147,-0.0119949460034,0.0,-0.00858421664087,0.00865063944087,-0.999925736073,0.0,0.659257176731,0.257644401098,0.303416928723,1.0,-0.01002,-0.0131691428571,0.502
0.463098740071,0.533367191623,-0.124060934278,-1.37833031925,0.0783305803523,1.9023178151,0.156398014681,-0.0103427683415,-0.0539122483329,0.000540393469875,-0.0941968261577,-0.00167653518627,0.0330442540201,-0.0164150795952,0.574146061297,0.818738341059,0.00213917709112,0.0,0.818695952247,-0.574084967961,-0.0120055918799,0.0,-0.00860153457359,0.0086444653498,-0.999925640646,0.0,0.659092513016,0.257431347988,0.30340868721,1.0,-0.01034,-0.0135897142857,0.518
0.462964896749,0.532419230936,-0.124061647977,-1.37985693513,0.0782531670164,1.90290345768,0.156204450442,-0.0100305518696,-0.0564011753801,0.000172565834074,-0.0930349256782,-0.00352198964876,0.0335938971786,-0.0116186055185,0.574160552061,0.818728148214,0.00215097173455,0.0,0.818685789991,-0.574099283558,-0.0120140245808,0.0,-0.00860151437172,0.00865911569437,-0.999925514059,0.0,0.658917599849,0.257201149922,0.303401259648,1.0,-0.01068,-0.0140365714286,0.535
0.462834805364,0.531452713092,-0.124061786917,-1.3814202742,0.0781594558508,1.90346805506,0.156010281496,-0.00648031798215,-0.0545601840885,0.000738974965983,-0.093555000221,-0.00673038824273,0.0333467457339,-0.0132024338548,0.574168257523,0.818722817293,0.00212306337153,0.0,0.818680040345,-0.574107050608,-0.0120346534455,0.0,-0.00863434596149,0.00864819210987,-0.999925325633,0.0,0.658729793609,0.256965627162,0.303387358694,1.0,-0.01102,-0.0144834285714,0.552
0.462704941467,0.530492352502,-0.124061796696,-1.3829607274,0.0780602018693,1.90400347738,0.155822885562,-0.00718479781059,-0.0576584528584,0.00103697558842,-0.0922485123527,-0.00153469398358,0.0342876906035,-0.0125692517845,0.574178132108,0.818715997924,0.00208188697536,0.0,0.818672660988,-0.574117076479,-0.0120583393089,0.0,-0.00867727550114,0.00862818480998,-0.999925126855,0.0,0.658541135364,0.256730132693,0.303377251365,1.0,-0.01134,-0.014904,0.568
0.462552514753,0.52939514925,-0.124066978053,-1.38470248205,0.0779518643071,1.90465543326,0.155586356217,-0.0125088473597,-0.0601904733054,0.000358943341661,-0.0963789030349,-0.00656266550122,0.0360621575582,-0.0139589445104,0.574178503641,0.818715731534,0.00208417773781,0.0,0.818672460586,-0.574117474067,-0.0120530141738,0.0,-0.00867159641325,0.00862700665619,-0.999925186287,0.0,0.658339329985,0.256461120069,0.303377779096,1.0,-0.0117,-0.0153771428571,0.586
0.462409902919,0.528231943964,-0.124068040466,-1.38651074037,0.0778337016068,1.90533951888,0.155337611968,-0.011324271523,-0.0693255570101,-0.000447597687105,-0.105985276197,-0.00902419458091,0.0360943870521,-0.0148837976893,0.574158650492,0.818729584324,0.00211156784219,0.0,0.818686752749,-0.574097588818,-0.0120293926522,0.0,-0.00863673992295,0.00863565873451,-0.999925413279,0.0,0.658126663801,0.256194563755,0.303395475817,1.0,-0.01206,-0.0158502857143,0.604
0.462282944658,0.527236020656,-0.124073005567,-1.38805407388,0.0777456155959,1.9059333969,0.15511938534,-0.00901535290294,-0.068156255768,-0.00103804647519,-0.104677091526,-0.00373606798828,0.0356325025825,-0.0161890483597,0.574147382243,0.818737381212,0.00215196906191,0.0,0.818695066612,-0.574086142063,-0.0120098416798,0.0,-0.0085976562406,0.00865739229771,-0.999925562162,0.0,0.657948358917,0.25596404096,0.303413569904,1.0,-0.01236,-0.0162445714286,0.619
0.462127378783,0.52606498595,-0.124076218477,-1.38986228914,0.0776243092866,1.9066058715,0.15487945881,-0.00853377420541,-0.0711805070549,-0.000768610011251,-0.107916842912,-0.00753602604323,0.0406120878587,-0.00810383645304,0.574145467525,0.818738664136,0.00217459643602,0.0,0.818696748781,-0.574084238559,-0.011986136764,0.0,-0.00856527697132,0.00866228790418,-0.999925797646,0.0,0.657736514863,0.255686594133,0.303435278588,1.0,-0.0127,-0.0166914285714,0.636
0.461979920278,0.524883618753,-0.124077320669,-1.39170371521,0.0775117538044,1.90725972739,0.154627376058,-0.0127372768111,-0.06855881452,0.00192410676904,-0.108895108924,-0.00547570866603,0.0343138289483,-0.00827458118092,0.574129234264,0.818750061028,0.00216952337143,0.0,0.81870802451,-0.574067972791,-0.0119950039305,0.0,-0.00857562142366,0.00866305540584,-0.999925702334,0.0,0.657509809692,0.255412100158,0.303446477232,1.0,-0.01304,-0.0171382857143,0.653
0.461832505236,0.523767918454,-0.124089721579,-1.39348514778,0.0773979611898,1.90790540026,0.154382503722,-0.0124612789489,-0.0686825041419,-0.000786594867527,-0.112806930359,-0.0117249366044,0.0387924640534,-0.0212883975784,0.574123195923,0.81875435733,0.00214596312165,0.0,0.818712071961,-0.574062092166,-0.0120001860233,0.0,-0.00859345396665,0.0086466775404,-0.999925690997,0.0,0.657295897539,0.255136590293,0.303439425359,1.0,-0.01336,-0.0175588571429,0.669
0.461675162309,0.522547868011,-0.124090407176,-1.39540895442,0.0772896878732,1.90864501355,0.1541240498,-0.0116743984187,-0.0698518503106,0.00176711841137,-0.110589316686,-0.00405575426403,0.0397564434482,-0.0243156747023,0.574110042918,0.818763492063,0.00217935484772,0.0,0.818721549426,-0.574048708371,-0.0119938244293,0.0,-0.00856921472147,0.00867022676428,-0.999925695103,0.0,0.657053926556,0.254838253184,0.303443655414,1.0,-0.01372,-0.018032,0.687
0.461496656794,0.521231353016,-0.124098614343,-1.39751668418,0.0771516886184,1.90946761166,0.15383561844,-0.0126832710784,-0.0727206822911,-0.00172355401271,-0.117397863674,-0.00513177351539,0.0449995568083,-0.0185203211756,0.574106680583,0.818765807203,0.00219525973948,0.0,0.818724255907,-0.574045467335,-0.0119641599163,0.0,-0.00853583048954,0.00866618338316,-0.999926015695,0.0,0.656825852878,0.254531639631,0.303438777449,1.0,-0.01406,-0.0184788571429,0.704
0.461340067439,0.520020168047,-0.12410001538,-1.39942151903,0.0770322494926,1.91016240345,0.153584555504,-0.00973201965359,-0.0722931168379,0.000396924977373,-0.116320125581,-0.0095489686496,0.0477445305797,-0.0107764355809,0.574099594064,0.818770780357,0.00219367944548,0.0,0.818729201631,-0.57403838126,-0.0119657067639,0.0,-0.00853807925119,0.00866570365851,-0.999926000653,0.0,0.656593455874,0.254245652158,0.303443013075,1.0,-0.01438,-0.0188994285714,0.72
0.461156507861,0.518587502566,-0.124106376882,-1.40163612099,0.0768917663161,1.91095054557,0.153278742714,-0.0116762266165,-0.0816289193749,0.000240001325722,-0.126897580289,-0.00859973639258,0.0398401453367,-0.0265253138178,0.574083584493,0.818782000066,0.00219574252196,0.0,0.818740450833,-0.574022367894,-0.0119642061771,0.0,-0.00853583568246,0.00866636444449,-0.999926014081,0.0,0.656320742522,0.253908214429,0.303463143755,1.0,-0.01474,-0.0193725714286,0.738
0.460991733304,0.517338507131,-0.124112505038,-1.40363759947,0.0767577607911,1.91166658402,0.153011690513,-0.01521834817,-0.0761886298238,0.00145732751905,-0.123704963783,-0.0118057581852,0.0476773812162,-0.0152376173852,0.574073954902,0.818788856363,0.00215636285435,0.0,0.818746854819,-0.574012963479,-0.0119771609016,0.0,-0.00856915062743,0.00864145780696,-0.99992594469,0.0,0.656073261789,0.25360233925,0.30344918421,1.0,-0.01506,-0.0197931428571,0.754
0.460817434478,0.516053599164,-0.124120719196,-1.40565815263,0.0766316322105,1.91241952511,0.152730906825,-0.0120487638039,-0.081500610803,-0.000541013205001,-0.129101765492,-0.00553787044795,0.0494356866189,-0.0141705729008,0.574065442625,0.818794797102,0.00216673104236,0.0,0.818752969943,-0.574004449075,-0.0119671865196,0.0,-0.00855512151254,0.00864413212868,-0.999926041703,0.0,0.655831347263,0.25329098869,0.303454239191,1.0,-0.01538,-0.0202137142857,0.77
0.460634477909,0.514687181819,-0.124127973609,-1.40786339668,0.0764985473456,1.91325002654,0.152423381651,-0.0131696586615,-0.0778861865774,0.000249869203833,-0.132818409802,-0.00401747523787,0.0413420581272,-0.0175259689263,0.574049172195,0.818806231148,0.00215653365616,0.0,0.81876426762,-0.573988219291,-0.0119726807525,0.0,-0.00856564560576,0.00863876649754,-0.999925997976,0.0,0.655564829624,0.252957846007,0.303434896737,1.0,-0.01572,-0.0206605714286,0.787
0.460445579108,0.513287429813,-0.124128755194,-1.41012493457,0.0763638949346,1.91403287363,0.152108957557,-0.0149137713606,-0.0781192413529,0.00059662958383,-0.132884583439,-0.00382012840371,0.0524636242112,-0.0168808882477,0.574029241024,0.81882037194,0.0020918525172,0.0,0.818777405357,-0.573968401094,-0.0120242223881,0.0,-0.00864518745014,0.00861518269674,-0.999925516907,0.0,0.655275532864,0.252614995618,0.30340735543,1.0,-0.01606,-0.0211074285714,0.804
0.460248303083,0.511854691793,-0.124134422187,-1.41240534226,0.0762302275856,1.91484554865,0.151804572369,-0.010081868659,-0.0836881591307,0.000379610189761,-0.132628885628,-0.00393510443468,0.0472503610397,-0.013755493717,0.574028900714,0.818820681015,0.00206407058671,0.0,0.818777235183,-0.57396806301,-0.0120519165182,0.0,-0.00868381508473,0.00860832813562,-0.999925241227,0.0,0.654990858293,0.252264221457,0.303396214793,1.0,-0.0164,-0.0215542857143,0.821
0.460053889529,0.510387441474,-0.124145446619,-1.41474996978,0.0760825109138,1.91574172013,0.151458883735,-0.0106483458965,-0.0884285990832,-0.00293905438175,-0.139403865159,-0.00852871479795,0.0520914545443,-0.0193325976145,0.573995725378,0.818843915351,0.00207278588321,0.0,0.818800668311,-0.573934939069,-0.0120373664129,0.0,-0.00866724687582,0.00860676103907,-0.999925398465,0.0,0.654708806994,0.251908436191,0.303385611011,1.0,-0.01674,-0.0220011428571,0.838
0.459839070535,0.508801580765,-0.124140856907,-1.41725423453,0.0759292087088,1.91665733996,0.151119862694,-0.0125941766489,-0.0925561354771,-0.000258819201409,-0.133642634474,-0.00457756646522,0.0567085338258,-0.0221373858142,0.573979699198,0.818855153608,0.00207104316499,0.0,0.818811796958,-0.573918836114,-0.0120481374464,0.0,-0.00867723582023,0.00861134667797,-0.999925272351,0.0,0.654396543605,0.25153156945,0.303382689399,1.0,-0.0171,-0.0224742857143,0.856
0.45963684225,0.507374263339,-0.124144036484,-1.41950958925,0.0757862130962,1.91746109422,0.150801105844,-0.0141857855985,-0.095340161966,-0.000458163835367,-0.145970560586,-0.012375413416,0.0610145376853,-0.0169446338913,0.573964734797,0.81886570155,0.00204766577068,0.0,0.818822005579,-0.573903939983,-0.0120639029114,0.0,-0.00870372044105,0.008601094226,-0.999925130412,0.0,0.654114308121,0.251180052699,0.303377342071,1.0,-0.01742,-0.0228948571429,0.872
0.459435139628,0.50590512995,-0.124152295298,-1.42179278487,0.0756410251392,1.91831572227,0.150503034586,-0.013503605967,-0.0923856248066,-0.00115998057435,-0.145775535108,-0.00441295020561,0.0512131781114,-0.0206211497113,0.573970618036,0.818861505,0.0020765746424,0.0,0.818818250877,-0.57390976263,-0.0120417311917,0.0,-0.00866891056973,0.00861210292049,-0.999925338049,0.0,0.653836926635,0.250826275864,0.30339204408,1.0,-0.01774,-0.0233154285714,0.888
0.459209366246,0.504257116383,-0.124153529388,-1.42426779949,0.0754903244037,1.91927099789,0.150152369907,-0.0126505295805,-0.102705087158,0.00137214671497,-0.149819155256,-0.00669796944622,0.0579296203776,-0.0228081867914,0.573956305481,0.818871253072,0.00218567910354,0.0,0.818829451282,-0.573895023368,-0.0119824357597,0.0,-0.00855788659103,0.00866725985194,-0.99992581784,0.0,0.653542147342,0.250446423909,0.303448340848,1.0,-0.01808,-0.0237622857143,0.905
0.458986746994,0.502681169148,-0.124156687737,-1.42659058726,0.0753292572285,1.92015458027,0.149825384281,-0.0168665829025,-0.0946128535167,0.00196964586211,-0.144828977778,-0.0113407561221,0.0556229735197,-0.016989865073,0.57394866455,0.818876317834,0.00229204133133,0.0,0.818836099093,-0.573887153651,-0.0119048140462,0.0,-0.00843335958326,0.00870972599545,-0.999926506859,0.0,0.653266892127,0.250078243422,0.303519911646,1.0,-0.0184,-0.0241828571429,0.921
0.458760552752,0.500961373934,-0.124160138745,-1.42916179522,0.0751674496212,1.92105814548,0.149478778749,-0.00983415835101,-0.100626719486,0.000931356825556,-0.149275426277,-0.0124263313514,0.0524115241858,-0.0165519402607,0.573939937471,0.818882307014,0.00233716432421,0.0,0.818842625555,-0.573878196984,-0.0118876617058,0.0,-0.00839350979531,0.00873674179708,-0.999926606475,0.0,0.652939573631,0.249681397683,0.303574828131,1.0,-0.01874,-0.0246297142857,0.938
0.458515520496,0.499272887325,-0.124162512056,-1.43176064985,0.0750088153444,1.92200369581,0.149095570958,-0.0129073306071,-0.0902247763561,0.00439649724024,-0.153747056167,-0.0122618541527,0.0569107670421,-0.0228339884436,0.57391806454,0.818897546902,0.00236849597194,0.0,0.818858207432,-0.573856135119,-0.0118793606292,0.0,-0.00836896446199,0.00875741063345,-0.999926631405,0.0,0.652616293419,0.249272604833,0.3035977778,1.0,-0.01908,-0.0250765714286,0.955
0.458278388174,0.497680898945,-0.124164197828,-1.4342463887,0.0748492064325,1.92293077563,0.148737874738,-0.0118574378005,-0.102347005116,7.71491642454e-05,-0.155792104546,-0.0116674844812,0.0568404817123,-0.0244891429532,0.573903699977,0.81890754491,0.00239226746135,0.0,0.818868545414,-0.573841711837,-0.0118634729142,0.0,-0.0083424652414,0.00876761238006,-0.999926763442,0.0,0.652310889416,0.248880205054,0.303605061697,1.0,-0.0194,-0.0254971428571,0.971
0.458002823923,0.495922551772,-0.124162858307,-1.43709033684,0.0746732223475,1.92393138399,0.148318180443,-0.0152577873341,-0.100592895849,0.00167265369803,-0.165149183692,-0.0122612529164,0.0588803152727,-0.0249617382473,0.573880913878,0.818923719755,0.00232051961473,0.0,0.818883634148,-0.573819052126,-0.0119178875389,0.0,-0.00842844470288,0.00873985199676,-0.999926285437,0.0,0.651946426451,0.248426804384,0.303563574086,1.0,-0.01976,-0.0259702857143,0.989
0.457727670086,0.494246154932,-0.124165309499,-1.43985004751,0.0745082566012,1.92487559302,0.147940179029,-0.0152957395813,-0.0987785697598,0.00189347239986,-0.168268117803,-0.00607881486593,0.058697861209,-0.0204147902993,0.573892790814,0.818915714831,0.00220534703478,0.0,0.818873893228,-0.573831155167,-0.0120041347618,0.0,-0.00856504266648,0.0086951549207,-0.999925514388,0.0,0.651587705918,0.247978505811,0.303499720882,1.0,-0.0225514285714,-0.0296390204082,1.006
0.4574656768,0.49231513817,-0.124223219429,-1.442785881,0.0743370666839,1.92596345126,0.147516416355,-0.0181776564194,-0.140983811791,-0.00016683303466,-0.212630801263,-0.0123417230187,0.0798222872366,-0.0340674962661,0.573903348402,0.818908140871,0.00226945159329,0.0,0.818867290509,-0.573841586593,-0.0119557907143,0.0,-0.00848855207446,0.00872001588822,-0.999925950162,0.0,0.651229799367,0.247497439245,0.303542465387,1.0,-0.0302657142857,-0.0397777959184,1.021
0.457066399995,0.489350087224,-0.124252493249,-1.4475145171,0.0740802674017,1.92774093695,0.146803139565,-0.0248656104743,-0.179507077065,-0.000432408565454,-0.283303534328,-0.0157341341176,0.107182832084,-0.0475232710248,0.573835205459,0.818955830846,0.00229150626128,0.0,0.818915012781,-0.573773100168,-0.0119740663998,0.0,-0.00849159033488,0.00874785815533,-0.999925681174,0.0,0.650630467322,0.246777948221,0.303509170829,1.0,-0.0395228571429,-0.0519443265306,1.039
0.456510936974,0.485718360398,-0.124309615386,-1.45321873161,0.0737473849763,1.92988839873,0.145967424108,-0.0352146689906,-0.231563786386,-0.00369044926757,-0.360378059243,-0.0258604740717,0.145016869871,-0.0599062426386,0.573840651666,0.818951845208,0.00235130339449,0.0,0.818911819887,-0.573778318007,-0.0119423588891,0.0,-0.00843125226925,0.0087786901662,-0.999925921548,0.0,0.649928735797,0.245846974542,0.303505250379,1.0,-0.0482657142857,-0.0634349387755,1.056
0.455887729976,0.481651128753,-0.124412966127,-1.45962659251,0.0733574490368,1.93214403524,0.144976876833,-0.0445281667347,-0.266130145014,-0.00398724355511,-0.426035049927,-0.0340138025431,0.145017702073,-0.0571017758992,0.573823840964,0.81896386614,0.0022654799226,0.0,0.818922771708,-0.573761908097,-0.0119797201564,0.0,-0.00851127571986,0.0087296702045,-0.99992567276,0.0,0.649111250256,0.244766457135,0.303476134146,1.0,-0.0564942857143,-0.0742496326531,1.072
0.45503138248,0.476225647797,-0.124542997377,-1.46809096003,0.0728459238551,1.9351314807,0.143730447047,-0.0488835785114,-0.32187916952,-0.00303541158549,-0.49171708112,-0.0313302166729,0.17259638576,-0.0681028328099,0.573871712666,0.818930476322,0.00220890358987,0.0,0.818888658042,-0.573810021208,-0.0120071725634,0.0,-0.00856571344739,0.00869959027375,-0.999925470064,0.0,0.648029698521,0.24332453894,0.303468750697,1.0,-0.0657514285714,-0.0864161632653,1.09
0.454081056449,0.470407756134,-0.124633295554,-1.47711471005,0.0723152555519,1.93837487317,0.142420135727,-0.059414496507,-0.362057034427,-0.00281089517216,-0.547435844969,-0.0330984530215,0.19849919757,-0.0774460839522,0.573932776066,0.818887583236,0.0022453241272,0.0,0.818845988314,-0.573870669139,-0.0120187114405,0.0,-0.00855361258932,0.00873667528385,-0.999925250315,0.0,0.646872896116,0.241799856835,0.303480220616,1.0,-0.0744942857143,-0.0979067755102,1.107
0.453056877996,0.464226319159,-0.124672085866,-1.48643907638,0.071730101742,1.9418725869,0.140880793693,-0.0711108937996,-0.395591433832,-0.00189372613256,-0.599921426839,-0.0419379049475,0.221724208701,-0.0988675227787,0.573822459419,0.818964017865,0.0025435034026,0.0,0.818926400468,-0.573759276971,-0.01185704886,0.0,-0.0082512965642,0.00888695412578,-0.999926466372,0.0,0.645696249311,0.240237199549,0.303611124929,1.0,-0.0827228571429,-0.108721469388,1.123
0.451805314463,0.457075364533,-0.124748943591,-1.49762874379,0.0710050779818,1.94566196024,0.139214965392,-0.076394825667,-0.436124237082,-0.00668356322307,-0.687716482163,-0.0405468409091,0.2302604528,-0.0971817869487,0.573861896731,0.818937041598,0.00232212839222,0.0,0.818896161709,-0.573799186704,-0.0120131834664,0.0,-0.00850576930768,0.00879565962089,-0.999925141328,0.0,0.644188033288,0.238299466626,0.303539080151,1.0,-0.0914657142857,-0.120212081633,1.14
0.450433755388,0.44908335282,-0.124896899691,-1.50959616078,0.0701697019648,1.95000428356,0.137298049751,-0.0799136196458,-0.487077079588,-0.00599305458334,-0.728561527196,-0.0572637643279,0.276540126386,-0.111231328104,0.57384143303,0.818950628277,0.00257392361436,0.0,0.818913965962,-0.573778739211,-0.0117737710015,0.0,-0.00816543172251,0.00886427028349,-0.999927372581,0.0,0.6426427235,0.236184792677,0.303710099474,1.0,-0.100208571429,-0.131702693878,1.157
0.449004097363,0.441098995122,-0.124938818018,-1.52177460073,0.0693896961641,1.95430745498,0.13543190813,-0.0889874105805,-0.515065207768,-0.000379340387898,-0.783877149457,-0.0564393736214,0.276665834944,-0.12380913459,0.573847848488,0.818945820294,0.0026715371676,0.0,0.818910051795,-0.573784386672,-0.0117707935804,0.0,-0.00810691197219,0.00894256538348,-0.999927151598,0.0,0.640997453744,0.234081412227,0.303754366677,1.0,-0.108437142857,-0.142517387755,1.173
0.447315588364,0.431928687071,-0.12501242723,-1.53555213128,0.0684553746946,1.95916772436,0.133157257812,-0.101908280629,-0.56145941921,-0.00390604251497,-0.804212850058,-0.0615554671784,0.303651122839,-0.13826243848,0.573768942379,0.81900044777,0.00286604507867,0.0,0.818967293012,-0.573704904561,-0.0116620049841,0.0,-0.0079070754213,0.00903866746786,-0.999927887724,0.0,0.63913109504,0.23164019683,0.303879056013,1.0,-0.11718,-0.154008,1.19
0.445458502902,0.42226711023,-0.12507014479,-1.55029477053,0.0674061279801,1.9642759056,0.130722604795,-0.116868544191,-0.587776100773,-0.00437821810177,-0.884884679858,-0.0649927339505,0.301639418897,-0.151186820116,0.573677594941,0.819064494524,0.00284917064103,0.0,0.819031242938,-0.573613765828,-0.0116540828142,0.0,-0.00791127426504,0.00901941962336,-0.999928028315,0.0,0.637083152947,0.229000889529,0.303879391936,1.0,-0.125922857143,-0.165498612245,1.207
0.443539436349,0.412568461759,-0.125184817746,-1.56485430456,0.0663500071419,1.96936888999,0.12834970666,-0.119332721394,-0.626300636337,-0.000720839493898,-0.924195881645,-0.069325089428,0.323796717998,-0.14989781252,0.573702909584,0.819046268077,0.00298817408437,0.0,0.819015383681,-0.573639276181,-0.0115121248175,0.0,-0.0077149773878,0.00905207432801,-0.999929267036,0.0,0.635068709455,0.226316704789,0.303968650944,1.0,-0.134151428571,-0.176313306122,1.223
0.441152552714,0.401161123744,-0.125269738986,-1.58228232587,0.0651974105759,1.97516776448,0.125409558135,-0.140464850283,-0.662457332871,-0.00423105880252,-0.980254922983,-0.0726497946601,0.308828821968,-0.171030635451,0.573699186093,0.819049463391,0.00282263989318,0.0,0.819015342767,-0.5736348502,-0.0117334500103,0.0,-0.007991265179,0.00904343021466,-0.999927175374,0.0,0.632545376788,0.223086202678,0.303883164411,1.0,-0.143408571429,-0.188479836735,1.241
0.438524673638,0.389011404312,-0.12540791749,-1.60042139529,0.0638616555193,1.98141891595,0.122304755216,-0.147068820478,-0.673801545562,-0.00873980598793,-1.03241338815,-0.0731152755979,0.343037262381,-0.17832912839,0.57374521292,0.819016655216,0.00298262169715,0.0,0.818985119613,-0.57368091355,-0.0115900898276,0.0,-0.00778155328323,0.00909265640508,-0.999928382949,0.0,0.629959815051,0.219615227267,0.303964009489,1.0,-0.152665714286,-0.200646367347,1.259
0.43618354526,0.37839601785,-0.125522289119,-1.61626075449,0.0626509634197,1.9866757828,0.119455669043,-0.158007129737,-0.726009730579,-0.00738505555286,-1.06748184387,-0.0837034574016,0.357865623751,-0.190838056591,0.573668492043,0.819070506284,0.00295192716389,0.0,0.819038874848,-0.573604654446,-0.01156584568,0.0,-0.00778015370798,0.00905287864935,-0.99992875476,0.0,0.627622899229,0.216554074428,0.303990731219,1.0,-0.16038,-0.210785142857,1.274
0.433258271013,0.365977825928,-0.12566555331,-1.63482531368,0.0612675412953,1.99279034966,0.116189089737,-0.170829769117,-0.744762675366,-0.00766370458217,-1.10203067999,-0.0925547278418,0.366973107384,-0.189851279139,0.573779977321,0.818992656588,0.00288322421128,0.0,0.818960038175,-0.573716239432,-0.0116137584694,0.0,-0.00785758163273,0.00902516124366,-0.999928399874,0.0,0.624854212078,0.212867516238,0.303966835602,1.0,-0.169122857143,-0.222275755102,1.291
0.430093288866,0.353020589863,-0.12584168528,-1.65401766329,0.059776778039,1.99910651977,0.112626427466,-0.193905443252,-0.755737023742,-0.00899637622008,-1.15201667407,-0.0878746175702,0.368336370762,-0.210320511278,0.573830143603,0.818957510451,0.00288258039672,0.0,0.818925242958,-0.573766814409,-0.0115687523112,0.0,-0.00782053818986,0.00899928991597,-0.999928923456,0.0,0.621964497369,0.208966359923,0.303979116905,1.0,-0.177865714286,-0.233766367347,1.308
0.426689863336,0.339429664073,-0.125995139189,-1.67377843822,0.058305759438,2.00556348234,0.108895389617,-0.207372133705,-0.815962748511,-0.0085891023475,-1.17294085732,-0.0843030366897,0.387820472329,-0.222353099591,0.57391771081,0.818895308717,0.003111507892,0.0,0.818865708403,-0.573853295583,-0.0114932002069,0.0,-0.00762632550393,0.00914423432167,-0.999929108556,0.0,0.618935770068,0.2049117769,0.304104504802,1.0,-0.186608571429,-0.245256979592,1.325
0.423125570595,0.325510199776,-0.126107138739,-1.69412449797,0.0566325704279,2.01210744353,0.104910624298,-0.20694007586,-0.862935964524,-0.00849886396584,-1.2074683111,-0.111284748517,0.40430509825,-0.236636506669,0.573815017936,0.81896719586,0.00313116564752,0.0,0.818938222453,-0.573751004624,-0.0114332584453,0.0,-0.00756709986269,0.00912498231362,-0.99992973438,0.0,0.61572754876,0.200726053129,0.304125725816,1.0,-0.195351428571,-0.256747591837,1.342
0.419301049535,0.311155743199,-0.126173357082,-1.7150991961,0.0549346474213,2.01864896597,0.100739229609,-0.227693070344,-0.826766112155,-0.00208815024932,-1.23261839367,-0.104766133253,0.381122107549,-0.261672119667,0.573713574896,0.819038642159,0.00303043432163,0.0,0.819007882031,-0.573649308773,-0.0115458484657,0.0,-0.00771823809605,0.00910613491519,-0.999928751016,0.0,0.61231690948,0.196373262996,0.304079390424,1.0,-0.204094285714,-0.268238204082,1.359
0.415427651357,0.297170145578,-0.126287113052,-1.73537578981,0.0531752755376,2.02490790685,0.0965722663061,-0.248445266049,-0.853477691617,-0.00565920022415,-1.29443353673,-0.109442835838,0.384049805673,-0.25492585731,0.573609588649,0.819111896572,0.00291334957352,0.0,0.819079960663,-0.573546110267,-0.0115595994109,0.0,-0.00779781521346,0.00901713692494,-0.999928940135,0.0,0.608979382136,0.19204304176,0.304047926804,1.0,-0.212322857143,-0.279052897959,1.375
0.410992724399,0.281778910955,-0.126458149548,-1.75723264626,0.0513974199899,2.03162821397,0.0919935765649,-0.277680766022,-0.902757411393,-0.012277808876,-1.30728424904,-0.111596791834,0.395875584985,-0.27605613892,0.573679767985,0.819062027803,0.00310890943896,0.0,0.819032218057,-0.573615181289,-0.0115150545244,0.0,-0.00764837351246,0.00915242701399,-0.999928865201,0.0,0.605350546201,0.187249177613,0.304153959721,1.0,-0.221065714286,-0.290543510204,1.392
0.406263342823,0.265976111711,-0.126629971723,-1.77958259488,0.0494709287264,2.03831086313,0.0871218463309,-0.283442516092,-0.934023146033,-0.0132642503895,-1.32387506111,-0.12126883743,0.391908893908,-0.287256702946,0.573669641776,0.819068879133,0.00317178845051,0.0,0.819039759093,-0.573604712781,-0.0115001478857,0.0,-0.00760020676302,0.00919528360409,-0.999928839276,0.0,0.601547310573,0.182253580995,0.304220253099,1.0,-0.229808571429,-0.302034122449,1.409
