position_joint1,position_joint2,position_joint3,position_joint4,position_joint5,position_joint6,position_joint7,velocity_joint1,velocity_joint2,velocity_joint3,velocity_joint4,velocity_joint5,velocity_joint6,velocity_joint7,ee_T_00,ee_T_10,ee_T_20,ee_T_30,ee_T_01,ee_T_11,ee_T_21,ee_T_31,ee_T_02,ee_T_12,ee_T_22,ee_T_32,ee_T_03,ee_T_13,ee_T_23,ee_T_33,v_x,v_y,time
0.465085353547,0.5476393861,-0.123987456267,-1.35575810755,0.079490272368,1.89408204413,0.159168468758,-0.000800896265631,0.0031037109633,-0.000971836276352,-0.000237166252232,-2.53254916859e-05,-0.00281550448248,-0.00159480851499,0.573795995917,0.818983789772,0.00211046479728,0.0,0.818942873812,-0.573736918976,-0.0118010227609,0.0,-0.00845415754226,0.0084998933634,-0.999928136934,0.0,0.661691587396,0.260906769651,0.303348818805,1.0,0.0,0.0,0.0
0.465080798132,0.547630231084,-0.123981930837,-1.35575607268,0.0794891801201,1.89408208193,0.15917396187,-0.00166026614871,0.000321560781685,0.000805049749339,-7.02714821429e-05,-0.000271236006024,-0.00111440429921,0.00100813182311,0.57379994686,0.818980994624,0.00212092647443,0.0,0.818940200111,-0.573740813733,-0.0117972115755,0.0,-0.00844499258087,0.00850631509944,-0.999928159771,0.0,0.661692284961,0.26090714223,0.303356091414,1.0,-4e-05,-5.25714285714e-05,0.003
0.465085025245,0.547627338933,-0.1239849517,-1.35576044697,0.0794898775772,1.89408046009,0.159176301766,-0.000225603930187,-0.000994638570617,-0.00134078556784,-0.00897655828667,-2.58511551013e-05,-0.000134207560989,0.00280572588527,0.573800919385,0.818980320386,0.00211816752499,0.0,0.818939492329,-0.573741799293,-0.0117984130089,0.0,-0.00844754946057,0.00850475501225,-0.999928151444,0.0,0.661690586649,0.260907712048,0.30335601848,1.0,-0.00036,-0.000473142857143,0.019
0.46508184785,0.547619134839,-0.12398219692,-1.35576521391,0.079490722547,1.89408481255,0.159166942825,-0.000351190905373,-0.00217047583432,0.000645707963287,0.000433983786944,0.000262490308166,-0.000394950951334,-0.00111839410764,0.573794431201,0.818984845217,0.00212624772595,0.0,0.818944101178,-0.573735259059,-0.0117965485936,0.0,-0.00844145375832,0.00851023577163,-0.999928156292,0.0,0.661690728292,0.260907179674,0.303359850029,1.0,-0.0007,-0.00092,0.036
0.465086443207,0.547574404591,-0.123984310643,-1.35580876337,0.0794898775756,1.89408835886,0.159166193513,0.000992015270126,-0.00336929570114,0.000191141125597,-0.00830411413611,-0.00025267854713,-0.000273934544462,-0.000220463231053,0.573793629297,0.818985392982,0.00213165697597,0.0,0.818944698058,-0.573734414696,-0.0117961781042,0.0,-0.00843805505158,0.00851444495422,-0.999928149146,0.0,0.661681968293,0.260904519207,0.303371184901,1.0,-0.00102,-0.00134057142857,0.052
0.465083676037,0.547437762875,-0.123980349661,-1.35594684615,0.0794897279567,1.89412183466,0.159167996117,-0.00216598438933,-0.00871468317174,0.000968084251617,-0.00320824159463,-0.000303367392002,0.00380292284302,-0.0019474483942,0.57380208768,0.818979376107,0.00216623794079,0.0,0.818939017986,-0.573742623078,-0.011791275799,0.0,-0.00841411065671,0.00854003986406,-0.999928132648,0.0,0.661660421375,0.260892637282,0.303405032359,1.0,-0.00136,-0.00178742857143,0.069
0.465074463111,0.547279362237,-0.123977213444,-1.35615697137,0.0794866671757,1.89418538092,0.159167454854,5.22657347651e-05,-0.00857053921569,0.00230167533823,-0.00727939751227,-8.4298504607e-05,0.00789597575186,-0.00035754555114,0.573817814375,0.818968312134,0.00218323793783,0.0,0.818928057136,-0.57375816195,-0.0117964287884,0.0,-0.00840841267571,0.00855708053778,-0.999928034895,0.0,0.661630958747,0.260869314408,0.303422631349,1.0,-0.00172,-0.00226057142857,0.087
0.465053819784,0.547128319511,-0.123988146903,-1.35634753566,0.0794813040505,1.89428254847,0.159156067207,-0.000595144535181,-0.0119829285507,0.00118658694026,-0.011526391242,0.000428529784495,0.00410618419879,0.000124413138108,0.573835834874,0.818955508373,0.00224873742646,0.0,0.81891608821,-0.573775911243,-0.0117639725046,0.0,-0.00834405936594,0.00859228166832,-0.999928272112,0.0,0.661617225883,0.260839163584,0.303455122056,1.0,-0.00204,-0.00268114285714,0.103
0.465044065833,0.546914684362,-0.123980352632,-1.35658271297,0.0794787895282,1.89441605843,0.159137192254,0.000861527554045,-0.0103170827747,-0.000733793405637,-0.0127530327808,6.11874970971e-05,0.0100537748121,-0.000181706922151,0.573842182,0.818950817181,0.00233582911069,0.0,0.818912507244,-0.573781908099,-0.0117206791045,0.0,-0.00825856224932,0.00863882606954,-0.999928580867,0.0,0.661598066904,0.260816050714,0.303498421727,1.0,-0.00238,-0.003128,0.12
0.465013383651,0.546719656254,-0.123980349709,-1.35683162996,0.0794745954392,1.89452959522,0.159122727182,-0.00100520575794,-0.0188592693998,0.000553454945054,-0.0141188049232,0.000291471356615,0.00845082914386,-0.000479205718296,0.573868352578,0.818932315426,0.00239239676194,0.0,0.818894678103,-0.573807802056,-0.0116986912269,0.0,-0.00820781839222,0.00867279661617,-0.999928704617,0.0,0.661577004523,0.260775803796,0.303527925811,1.0,-0.00268,-0.00352228571429,0.135
0.464978290395,0.546472379171,-0.123980956037,-1.35720441715,0.0794664502021,1.89466136398,0.159060960579,-0.000939093708457,-0.0122346763185,-0.00453223272431,-0.0214816188229,1.50836925474e-05,0.00922768538972,-0.0152731169291,0.57386558058,0.818934218145,0.00240596723079,0.0,0.818896624903,-0.573804841043,-0.0117076478998,0.0,-0.00820739585249,0.00868902189474,-0.999928567225,0.0,0.661534036385,0.26071885909,0.303537054923,1.0,-0.00302,-0.00396914285714,0.152
0.464939917189,0.546205774074,-0.123982489545,-1.35761041994,0.0794555506917,1.89481243909,0.158949559263,-0.00140324727393,-0.0147471413328,0.000651738818997,-0.0227374549442,0.000465769257047,0.00870299661813,-0.00231764899918,0.57382666797,0.818961432428,0.00242367961439,0.0,0.818923953092,-0.5737657454,-0.0117121884337,0.0,-0.00820136417766,0.00870574296693,-0.999928471274,0.0,0.661489004429,0.260656385495,0.303545749631,1.0,-0.00334,-0.00438971428571,0.168
0.464889852672,0.545894324263,-0.123981309285,-1.35812656554,0.0794392324193,1.89499245757,0.158933831142,-0.00646073373363,-0.0155049948887,0.000668646990131,-0.0263141643869,-0.00014236241993,0.0106571337644,0.000794977352588,0.573878469296,0.818925173828,0.00241019732698,0.0,0.818887369594,-0.573817431093,-0.0117379126832,0.0,-0.00822961739147,0.00870998320681,-0.999928202218,0.0,0.661428340821,0.260576349027,0.30353616664,1.0,-0.0037,-0.00486285714286,0.186
0.464844056488,0.545583586103,-0.123980748334,-1.35864784159,0.0794017969107,1.89517242844,0.158851611058,-0.00487207613548,-0.022612993135,0.00152250858763,-0.0372951797076,-0.00422607422864,0.0111114353364,-0.00768413987684,0.573867416245,0.818933005352,0.00238080212343,0.0,0.818894842963,-0.573806513673,-0.0117502313194,0.0,-0.00825669144868,0.00869286883321,-0.999928127956,0.0,0.661366636408,0.260494737493,0.303523593513,1.0,-0.00402,-0.00528342857143,0.202
0.4647886681,0.545219579858,-0.123990920742,-1.35926558914,0.0792854588019,1.89537857995,0.158755719968,-0.00257401159994,-0.0240268603584,-0.000857692085563,-0.0381929947997,-0.00805510267406,0.0162281679665,-0.000639290685401,0.573844883808,0.818949042098,0.0022940521124,0.0,0.818910454031,-0.573785040364,-0.0117107913377,0.0,-0.00827440787233,0.00859896650819,-0.999928793439,0.0,0.661298723794,0.260378816595,0.303505269861,1.0,-0.00436,-0.00573028571429,0.219
0.464708165364,0.544787547319,-0.123984602858,-1.3600035106,0.0792779574823,1.8956082945,0.158698327183,-0.00130429802115,-0.029391338327,-0.000874689884926,-0.0398414985314,-8.35735907077e-05,0.0118207413978,-0.00650233499446,0.573898377018,0.818911675695,0.00225103687624,0.0,0.818872110046,-0.573838256281,-0.0117843081491,0.0,-0.008358737389,0.00860647233895,-0.999928027482,0.0,0.661206265791,0.260261693026,0.303479570512,1.0,-0.00468,-0.00615085714286,0.237
0.464648884012,0.544362979428,-0.123991637369,-1.36072989492,0.0792533692206,1.89586323064,0.158590329867,-0.00369510115019,-0.0238047101655,0.000187808881364,-0.0418185798703,-0.00787739603857,0.0108319347736,-0.0121506934425,0.573897378768,0.818912461999,0.00221926299136,0.0,0.818872317363,-0.573837210846,-0.0118207532136,0.0,-0.00840682828923,0.00860135791572,-0.999927668324,0.0,0.661119698621,0.260151093646,0.30345664221,1.0,-0.00506,-0.00665028571429,0.254
0.464578228422,0.543890750546,-0.123992330942,-1.36151502383,0.0792304471023,1.89614797554,0.158489739869,-0.00442691918675,-0.0330171789092,0.000229132148547,-0.0501868698476,-0.000336523241126,0.0241007216892,-0.0118620280063,0.573911045894,0.818902915298,0.00220762720761,0.0,0.818862387755,-0.573850685402,-0.0118544373727,0.0,-0.00844094745193,0.00861130123178,-0.999927295306,0.0,0.661028135203,0.260032598425,0.303441821421,1.0,-0.0054,-0.00709714285714,0.271
0.464518978658,0.543437865675,-0.123998483809,-1.36225038202,0.0791917484528,1.89640546415,0.158387285966,-0.00258220869918,-0.0343307360436,0.000889005605223,-0.0515400501106,0.000130703149759,0.0224983630246,-0.00511911554641,0.573910572697,0.818903300037,0.00218783838984,0.0,0.818862465335,-0.573850240226,-0.0118706174709,0.0,-0.00846555922309,0.00860437726961,-0.999927146846,0.0,0.660941144759,0.259919735841,0.303434737374,1.0,-0.0057,-0.00749142857143,0.286
0.46442904274,0.542900279399,-0.124004235485,-1.36310994286,0.0791329408255,1.89671313744,0.158300448483,-0.00379970306131,-0.0299063879382,-0.00232569960771,-0.0479400297168,-0.00233901522165,0.0200784732657,-0.00280065237156,0.573949265189,0.818876229789,0.00216983353031,0.0,0.818835231114,-0.573889071109,-0.0118720364289,0.0,-0.00847664788334,0.00859084812536,-0.999927169232,0.0,0.660846694563,0.259773352143,0.303432713951,1.0,-0.00604,-0.00793828571429,0.303
0.464351653804,0.542247459841,-0.12400270623,-1.36412027515,0.079073458479,1.89707044214,0.158148862063,-0.00485702413741,-0.0396743368723,0.00100615303674,-0.0469149283772,-0.00133074063176,0.019987921733,-0.0115150760206,0.573927630651,0.818891388454,0.00217154133925,0.0,0.818850357424,-0.573867377121,-0.0118773954885,0.0,-0.00848028342185,0.0085950983351,-0.999927101882,0.0,0.660725400864,0.259626364862,0.303444425963,1.0,-0.00642,-0.00843771428571,0.322
0.464287299944,0.541713287152,-0.124003061278,-1.36496083392,0.0790259338365,1.89737955429,0.158052960796,-0.00195525884392,-0.0335472516512,0.00109304174883,-0.0576656842868,-0.00284975212331,0.0202018471182,-0.00582002549811,0.57393605447,0.81888547526,0.00217501480817,0.0,0.818844452562,-0.573875748605,-0.0118800072697,0.0,-0.00848034042069,0.00859952887693,-0.999927063305,0.0,0.660626738718,0.259504163174,0.303448858259,1.0,-0.00672,-0.008832,0.337
0.464191548393,0.541023692883,-0.124008697325,-1.36602165885,0.0789626492777,1.89777132232,0.157896419173,-0.00165793980677,-0.0393825617367,-0.000607225986794,-0.0634670205716,-0.001674931084,0.0199892971833,-0.00851485456443,0.573932175256,0.818888149703,0.00219166231666,0.0,0.818847354255,-0.573871814174,-0.0118700558672,0.0,-0.00846267778904,0.00860740959301,-0.999927145138,0.0,0.660507928466,0.259337120357,0.303465583455,1.0,-0.00708,-0.00930514285714,0.355
0.464110611327,0.540328545733,-0.124014044219,-1.3670851421,0.0789053830182,1.89816639086,0.157765019862,-0.0030153399168,-0.0435276095398,-0.000326500212681,-0.0643348888347,-0.0041493046351,0.0192270400604,-0.0106882781525,0.573938240236,0.818883831287,0.00221678887057,0.0,0.818843321987,-0.57387773704,-0.011861866102,0.0,-0.00844148710405,0.00862334734556,-0.999927186937,0.0,0.660384868375,0.25918099292,0.303485148888,1.0,-0.00742,-0.009752,0.372
0.464021756942,0.539643342099,-0.124017259311,-1.36813572797,0.0788452426748,1.89856366497,0.15764620444,-0.00722177270325,-0.047399424076,-0.00141423138647,-0.0685180428974,0.000146133990941,0.0295313489645,-0.00383691887128,0.573958086841,0.818869845765,0.00224435929327,0.0,0.818829687376,-0.573897464465,-0.0118486393531,0.0,-0.00841462337937,0.00863853671181,-0.999927282254,0.0,0.660266495873,0.259021965877,0.303503835142,1.0,-0.00774,-0.0101725714286,0.388
0.463911630585,0.538853521,-0.124018011429,-1.36936941095,0.0787663769101,1.89903157311,0.157487085625,-0.0101684177101,-0.0414816352216,-0.000498476016194,-0.0690357317257,-0.000995059371183,0.0279615213809,-0.00670401455762,0.573965688397,0.818864471126,0.00226127634925,0.0,0.818824579489,-0.57390504687,-0.0118343610736,0.0,-0.00839314150646,0.00864427228518,-0.999927413232,0.0,0.660128398658,0.258831736766,0.303515198724,1.0,-0.0081,-0.0106457142857,0.406
0.463806323663,0.538091241697,-0.124023703604,-1.37056541092,0.0787047649585,1.89948848867,0.157336169696,-0.00740835789943,-0.0387655810301,-9.77513540396e-05,-0.0721052714785,-0.000116254483636,0.0292138518578,-0.00825265311005,0.573982004548,0.818852970511,0.00228430349329,0.0,0.818813320976,-0.573921212139,-0.0118293934659,0.0,-0.008375685007,0.00866044384397,-0.999927419673,0.0,0.659994766468,0.258647988952,0.303524147302,1.0,-0.00844,-0.0110925714286,0.423
0.463703651675,0.537339453492,-0.124026908372,-1.37173933666,0.0786341760383,1.89993470797,0.157194347932,-0.0112396741354,-0.0449023869202,-0.000297753891266,-0.0687367694138,-0.00521901721038,0.0249278687791,-0.0101098581229,0.573998107796,0.81884162975,0.00230315774679,0.0,0.818802244119,-0.57393725978,-0.0118175193173,0.0,-0.00835496959038,0.00866923136815,-0.999927516828,0.0,0.659862836099,0.258467744326,0.303535036254,1.0,-0.00876,-0.0115131428571,0.439
0.463586899274,0.536507265815,-0.1240268857,-1.37302926696,0.0785692361814,1.90041869752,0.157027932102,-0.00581530248778,-0.0530845846031,0.00381722737142,-0.0726357303513,-0.00114885909314,0.0234621400928,-0.0127761190707,0.574011105588,0.818832436356,0.00233210921744,0.0,0.818793310963,-0.573950023573,-0.0118165673396,0.0,-0.00833743500523,0.00869252366858,-0.999927460974,0.0,0.65971599267,0.258270854114,0.303550524053,1.0,-0.0091,-0.01196,0.456
0.463486332275,0.535743328336,-0.124041661379,-1.37423239443,0.0784845165304,1.90085696768,0.156882977028,-0.00254485498143,-0.053155949431,-0.00135045252342,-0.0813267980339,-0.00480578389939,0.0318631495004,-0.0120030110226,0.574028538262,0.818820248093,0.00232066242915,0.0,0.818781128052,-0.573967658622,-0.0118041561819,0.0,-0.00833365736124,0.00867620416393,-0.9999276342,0.0,0.659578389176,0.258079185905,0.303555484297,1.0,-0.0094,-0.0123542857143,0.471
0.463362868164,0.534855630369,-0.124039655431,-1.37563517914,0.0784105522799,1.90135980742,0.15670982427,-0.00585670144278,-0.0525174299262,-0.00050651024975,-0.0773284239488,-0.0051207595986,0.0193740610413,-0.00867748166413,0.574043546635,0.818809738103,0.00231651782193,0.0,0.818770420876,-0.573982531962,-0.0118236120531,0.0,-0.00835180872207,0.00868413166547,-0.99992741394,0.0,0.659411749769,0.257866211744,0.303557685973,1.0,-0.00974,-0.0128011428571,0.488
0.463224444763,0.533848114628,-0.124040375751,-1.37729133239,0.0783215099958,1.90196619905,0.156509045737,-0.00944444140115,-0.0508395618599,0.00181545836377,-0.0860950610268,-0.00395505177288,0.0382064224943,-0.0111724618926,0.574059948279,0.818798328887,0.00228457755417,0.0,0.818758466418,-0.57399892123,-0.0118557579573,0.0,-0.00839629140617,0.00867660006586,-0.999927106794,0.0,0.659214953058,0.257617893105,0.303532704917,1.0,-0.01012,-0.0133005714286,0.507
0.463112917328,0.53303861618,-0.124049247252,-1.37860112441,0.0782385137331,1.90246507239,0.156345391331,-0.00689026499795,-0.0544094878156,-0.000205116346512,-0.0892740638739,-0.00263715788219,0.0300778699518,-0.0128264335774,0.574073028,0.818789179054,0.00227721070544,0.0,0.818749297825,-0.574012107773,-0.0118504996733,0.0,-0.00839607603245,0.00866768377659,-0.999927185932,0.0,0.659066284261,0.257414792422,0.303523657397,1.0,-0.01042,-0.0136948571429,0.522
0.462968337963,0.532020476678,-0.124047114419,-1.38023976536,0.078150413283,1.90308276952,0.156135282872,-0.00871609220025,-0.0576896476422,0.00145060400453,-0.0958535364719,-0.00545622116959,0.0272670590762,-0.00970105019361,0.574083855379,0.81878158115,0.00227953136417,0.0,0.818741614638,-0.574022805477,-0.0118631426131,0.0,-0.00840498149928,0.00867695289619,-0.999927030725,0.0,0.658876133499,0.257167254117,0.303514977432,1.0,-0.01078,-0.014168,0.54
0.46285887666,0.53114460819,-0.124047587871,-1.38164996927,0.078063246704,1.90359212588,0.155955486096,-0.00471731096448,-0.0584739707979,-0.000531383143131,-0.0981793964437,-0.00586080129702,0.0345498935545,-0.00126588023946,0.574079999698,0.81878434846,0.00225644983686,0.0,0.818744059647,-0.574019018743,-0.0118776182062,0.0,-0.00843012506902,0.00866632480963,-0.999926911232,0.0,0.658704972146,0.256959432493,0.303505209117,1.0,-0.01108,-0.0145622857143,0.555
0.46272831423,0.530172711125,-0.12404996136,-1.38319252806,0.0779677952525,1.90413313504,0.155745645146,-0.0119778320058,-0.0574464465195,0.000581203115326,-0.0928305807124,-0.00173164591,0.0355918107083,-0.0152960665732,0.57406916912,0.818792005616,0.00223327235319,0.0,0.818751371647,-0.574008237112,-0.0118946229458,0.0,-0.00845746828389,0.00865699778798,-0.999926761128,0.0,0.658505923972,0.25671172705,0.303503715836,1.0,-0.01142,-0.0150091428571,0.572
0.462559972943,0.528940108563,-0.12405251376,-1.38513144632,0.0778480250124,1.90484993414,0.155481888368,-0.00282510344796,-0.0596153903539,-0.000993869135856,-0.0960648688226,-0.00730250706375,0.0436271908356,-0.0202875406981,0.574071563744,0.81879031828,0.00223635690232,0.0,0.818749736854,-0.574010631809,-0.0118915883241,0.0,-0.00845318750034,0.00865780601949,-0.999926790328,0.0,0.658290330034,0.256425965395,0.303510187917,1.0,-0.0118,-0.0155085714286,0.591
0.462440953765,0.527985424413,-0.124050317662,-1.38663970899,0.0777509765284,1.90543597968,0.155280381696,-0.0102250392367,-0.0586872049445,0.00129027702584,-0.0955461852547,-0.00267737608003,0.0465942321969,-0.0168130341467,0.574058243068,0.818799593977,0.00225950680406,0.0,0.818759371374,-0.573997279929,-0.0118727133764,0.0,-0.00842458433182,0.00866578819507,-0.99992696258,0.0,0.658114786764,0.256206459697,0.303515180919,1.0,-0.0121,-0.0159028571429,0.606
0.46228452884,0.526756288018,-0.124053817046,-1.38850504709,0.0776355585234,1.90614759691,0.155010288251,-0.00620175376119,-0.0670863255048,0.00151369610921,-0.1093141915,-0.00598318023482,0.0413636744486,-0.0132569484778,0.574037460188,0.818813991281,0.00232139710843,0.0,0.818774622217,-0.573976307506,-0.0118348356935,0.0,-0.00835826303227,0.00869450745992,-0.999927269845,0.0,0.657899312116,0.255925819319,0.30355418764,1.0,-0.01246,-0.016376,0.624
0.462130831728,0.525603593331,-0.124058860954,-1.39031275807,0.077521258086,1.90681159272,0.154774745186,-0.0082650073836,-0.0658080471732,-3.57017339727e-05,-0.106319362561,-0.0144230694044,0.0403637279042,-0.0165384140575,0.574040662353,0.818811736627,0.00232482861236,0.0,0.818772445272,-0.573979530417,-0.0118291346382,0.0,-0.00835159103467,0.00869407727847,-0.999927329333,0.0,0.657684826481,0.255648916233,0.303562451169,1.0,-0.0128,-0.0168228571429,0.641
0.461979782863,0.524500490781,-0.124064817919,-1.39205781253,0.0774094441028,1.90743763614,0.154528258954,-0.00861854305441,-0.0725016845639,-0.000157337112631,-0.108640332957,-0.0102780367124,0.0385821537732,-0.0227829657725,0.574030361857,0.818819008847,0.00230679829758,0.0,0.818779506941,-0.573969325925,-0.0118354894986,0.0,-0.00836725341209,0.00868285666421,-0.999927295892,0.0,0.657475006159,0.25537788577,0.303562108261,1.0,-0.01312,-0.0172434285714,0.657
0.461825396964,0.523301582083,-0.124065942775,-1.39397364923,0.0772886683651,1.90812916333,0.154280789319,-0.00841578542257,-0.0699982285502,0.000796705175925,-0.106393142209,-0.00429073264799,0.0389187974201,-0.0177478647856,0.574025134176,0.818822743454,0.00228189337959,0.0,0.818782904765,-0.57396418266,-0.0118498433898,0.0,-0.00839335780355,0.00867065016839,-0.999927183034,0.0,0.657240298959,0.255091491918,0.303553082259,1.0,-0.01346,-0.0176902857143,0.674
0.461662191051,0.522064795847,-0.124077582439,-1.39592194897,0.0771734827698,1.90889131218,0.154003343011,-0.00463080719726,-0.0728219191676,-0.00112037340746,-0.113001523646,-0.00372963286157,0.0496585275951,-0.0141444266787,0.574015132251,0.818829629956,0.00232636059673,0.0,0.818790421326,-0.573954063006,-0.0118205924326,0.0,-0.00834398785854,0.00869016801428,-0.99992742679,0.0,0.657004208028,0.254781894048,0.303560719727,1.0,-0.01382,-0.0181634285714,0.692
0.461502190702,0.520835074597,-0.124080103647,-1.39792305899,0.0770464401561,1.90965610611,0.153736315114,-0.00499679600789,-0.0666458529343,8.84815408633e-05,-0.115210920024,-0.00799672830748,0.0441159924713,-0.0189114489248,0.574000417864,0.81883999263,0.00230947252269,0.0,0.818800622746,-0.573939476288,-0.0118222100536,0.0,-0.00835516180577,0.00867711811206,-0.999927446814,0.0,0.656778179831,0.254498893366,0.303539167823,1.0,-0.01414,-0.018584,0.708
0.461324681939,0.519527329419,-0.124089683532,-1.39996919727,0.0769254081193,1.91039745126,0.153461726939,-0.00969596055387,-0.076172262807,-0.000491019012584,-0.118910810354,-0.00450162867394,0.0427684044301,-0.0135653436248,0.574003986542,0.818837484461,0.00231179106539,0.0,0.818798106475,-0.573942995829,-0.0118256193435,0.0,-0.00835658499574,0.00868100992971,-0.999927401142,0.0,0.656531366429,0.25418180281,0.303548126503,1.0,-0.01448,-0.0190308571429,0.725
0.461180884903,0.518333492231,-0.124087513801,-1.40178916563,0.0768031775928,1.91105741695,0.153214582185,-0.00781273409933,-0.0770732865446,0.000387333649072,-0.112234395964,-0.00638930954684,0.0404812941065,-0.0150001770103,0.57398128807,0.818853327506,0.00233578206435,0.0,0.818814308711,-0.57392025708,-0.0118073394388,0.0,-0.00832808688705,0.00868993098416,-0.99992756141,0.0,0.656306927098,0.253913394578,0.303576922258,1.0,-0.01478,-0.0194251428571,0.74
0.46100211454,0.517044716054,-0.124092804065,-1.40381650227,0.0766687613046,1.91177643311,0.152936831154,-0.0130380394162,-0.0855848726914,-0.000288015533986,-0.12638234131,-0.00888124650843,0.048545841821,-0.0163987178713,0.573974865983,0.818857894861,0.0023126056617,0.0,0.818818616827,-0.573913968626,-0.011814239458,0.0,-0.00834710726646,0.00867484809647,-0.99992753378,0.0,0.656058300212,0.253596421896,0.303578685903,1.0,-0.0151,-0.0198457142857,0.756
0.460812044913,0.515629702639,-0.124104395348,-1.40609533186,0.0765197328604,1.91263954265,0.152619280057,-0.0129639475027,-0.0792416333586,-0.000690817740514,-0.128644310658,-0.00326582754083,0.0543511427758,-0.0165446388494,0.573959031481,0.818869025818,0.00230122537275,0.0,0.818829725905,-0.573898310804,-0.0118049028988,0.0,-0.00834616067187,0.00866000910775,-0.999927670306,0.0,0.655786477402,0.253247593542,0.303561630453,1.0,-0.01546,-0.0203188571429,0.774
0.460645831268,0.514309722387,-0.124103593909,-1.40819169377,0.0764028262788,1.91340396226,0.152345830174,-0.00882474426069,-0.0776229512209,0.000345066196962,-0.13367600774,-0.0107326109599,0.0375054401416,-0.0124765511816,0.573949593109,0.818875654068,0.00229665960628,0.0,0.818836141173,-0.573888731947,-0.0118255719976,0.0,-0.00836580700283,0.00866803701249,-0.999927436571,0.0,0.655524313812,0.252940594098,0.303555425449,1.0,-0.01578,-0.0207394285714,0.79
0.460430060051,0.512749317961,-0.124109593335,-1.41073298605,0.0762458920141,1.91427487258,0.151993340869,-0.010903585847,-0.0812199664199,-0.00067772778373,-0.131261690004,-0.00479937350143,0.0518622005598,-0.0255562892234,0.573932639396,0.818887797793,0.00220158189987,0.0,0.81884693431,-0.573872038046,-0.011888188307,0.0,-0.00847182915963,0.00862594395816,-0.99992690793,0.0,0.655199305712,0.252548415841,0.303514949836,1.0,-0.01616,-0.0212388571429,0.809
0.460248450485,0.511409935533,-0.124112540285,-1.41289702937,0.0761129530612,1.91508173785,0.151681334381,-0.0111395155691,-0.0853251144675,-0.000755017857226,-0.138934940326,-0.0110826389319,0.0561092587616,-0.0222708217557,0.573897388522,0.818912556985,0.00218136677091,0.0,0.818871350398,-0.573836791617,-0.0119077699856,0.0,-0.00849983750599,0.00862026281807,-0.999926719231,0.0,0.654948693277,0.252246670286,0.303490787294,1.0,-0.01646,-0.0216331428571,0.824
0.460045809513,0.509947910199,-0.124113020997,-1.41522088127,0.0759762021457,1.91596784604,0.151363233414,-0.0119337296651,-0.0871029894898,-0.000786696124943,-0.140540470162,-0.00192699154523,0.0525305012556,-0.021650234793,0.573895888362,0.818913545395,0.00220485610501,0.0,0.818872654756,-0.573835207448,-0.0118944057149,0.0,-0.00847542907221,0.0086318130955,-0.999926826775,0.0,0.654653598084,0.251870252863,0.303487347278,1.0,-0.01682,-0.0221062857143,0.842
0.459840224447,0.508442481888,-0.124113864416,-1.41758403821,0.0758268931868,1.91680611995,0.151024940401,-0.0114217970883,-0.0816153273047,-0.00231873040542,-0.136588475991,-0.00695110935354,0.0484703272324,-0.0191290065479,0.573870120698,0.818931651462,0.00218671082784,0.0,0.818890472028,-0.573809462588,-0.0119097593084,0.0,-0.00849868712003,0.00862549774134,-0.999926683865,0.0,0.654356000842,0.25150739921,0.303488596896,1.0,-0.01716,-0.0225531428571,0.859
0.459636389675,0.506993938544,-0.124116362418,-1.41983799727,0.0756767485007,1.91762089441,0.150711177519,-0.0149940133651,-0.0925289187283,0.000704908714579,-0.135721058248,-0.00580764201796,0.0539538849735,-0.0129124686895,0.573857892667,0.818940216491,0.00218809033782,0.0,0.818899106391,-0.573797282676,-0.0119028923531,0.0,-0.00849240045546,0.00862255995574,-0.999926762615,0.0,0.654077379244,0.251155281142,0.30349951706,1.0,-0.01748,-0.0229737142857,0.875
0.459410265157,0.505403068686,-0.124125545887,-1.42229000217,0.0755227141848,1.91855410107,0.150382515636,-0.0159396821844,-0.102148213568,0.000275277122796,-0.139718942447,-0.00624381016877,0.0522038951101,-0.0236713576874,0.573865675719,0.818934611102,0.00224407474543,0.0,0.818894306202,-0.573804919479,-0.0118649295823,0.0,-0.00842910265098,0.00864670233964,-0.999927089726,0.0,0.653785100519,0.250770457812,0.303525635869,1.0,-0.01782,-0.0234205714286,0.892
0.459173783385,0.50366415432,-0.124128781501,-1.42491970534,0.0753571463481,1.9195614475,0.150017444821,-0.0169831316818,-0.0989675392777,-0.000116458214028,-0.147407839105,-0.00996345081178,0.0545761013667,-0.0180766506631,0.57385341856,0.81894293269,0.00233963799367,0.0,0.818903938099,-0.573792361783,-0.0118073124542,0.0,-0.00832720900291,0.00869177272616,-0.999927552714,0.0,0.653469655437,0.250366457137,0.303576180486,1.0,-0.01818,-0.0238937142857,0.91
0.458956194857,0.502078537166,-0.124139110514,-1.42725887483,0.0752099030768,1.92042906599,0.149678913848,-0.00821336929655,-0.101998643637,-0.0016357810612,-0.15107305426,-0.0151408250321,0.04430820768,-0.0251796823099,0.573841789847,0.818950805108,0.00243432517343,0.0,0.818913098592,-0.573780438154,-0.0117512827768,0.0,-0.00822711272388,0.00873704612758,-0.999927986728,0.0,0.653186864894,0.24999672037,0.303645350501,1.0,-0.0185,-0.0243142857143,0.926
0.458718904633,0.500363500396,-0.124140857247,-1.42985590268,0.0750374697845,1.92133787094,0.149315184688,-0.0139721635277,-0.102740437102,-0.00108850959882,-0.153418437365,-0.0143071424973,0.048798492316,-0.0206739660137,0.573825027743,0.818962494251,0.00245304847579,0.0,0.818925037001,-0.573763615347,-0.0117407145126,0.0,-0.0082078929068,0.00874614703515,-0.999928065116,0.0,0.652856895435,0.249589203222,0.30368483146,1.0,-0.01884,-0.0247611428571,0.943
0.458467506295,0.498677638559,-0.124142983585,-1.43246395701,0.0748756266513,1.9222990979,0.148942505459,-0.0175862962102,-0.101519214024,-0.000526542501236,-0.151585323763,-0.0107870389146,0.0497256429764,-0.0306223793357,0.573816256542,0.818968542717,0.0024852906477,0.0,0.818931476678,-0.573754697463,-0.0117273418421,0.0,-0.00817853433681,0.00876479088449,-0.999928142427,0.0,0.652535850281,0.249175842538,0.303702697121,1.0,-0.01918,-0.025208,0.96
0.458225659355,0.497104719511,-0.124141514198,-1.43496685887,0.0747250940155,1.92321876914,0.148570088122,-0.0160066071765,-0.103146861704,0.000132815125352,-0.156960938486,-0.00283408645384,0.0556930718637,-0.0278424656439,0.573794689434,0.818983674785,0.00247824815983,0.0,0.818946417135,-0.573733051667,-0.0117430059165,0.0,-0.00819563505039,0.0087677956914,-0.999927976069,0.0,0.65222398663,0.248780930531,0.303687629262,1.0,-0.0195,-0.0256285714286,0.976
0.457937140597,0.495341118638,-0.124143664018,-1.43781282995,0.0745483984865,1.92420486994,0.148160979667,-0.0170268752666,-0.0966122703593,0.000620627825452,-0.159411376546,-0.0101300048162,0.053955532587,-0.0213757034841,0.573793259183,0.818984920232,0.00239646603229,0.0,0.818946454163,-0.573731772731,-0.0118027570833,0.0,-0.00829151100071,0.00873508799138,-0.999927471911,0.0,0.65185995378,0.24831584938,0.303647434591,1.0,-0.01986,-0.0261017142857,0.994
0.457661450624,0.493652516938,-0.124145444645,-1.44057437369,0.0743740511582,1.92518871859,0.14777222842,-0.0177915111808,-0.102930916391,-0.00236801210863,-0.162455478276,-0.0102475539559,0.0655366481862,-0.0177696622182,0.573793705138,0.81898483525,0.00231742870306,0.0,0.818945254552,-0.573732432279,-0.0118538221048,0.0,-0.00837867785266,0.00869966324018,-0.999927054148,0.0,0.651509182183,0.247868716406,0.303594353566,1.0,-0.0209457142857,-0.0275286530612,1.011
0.457415759369,0.492019901116,-0.124147503833,-1.44316008097,0.0742106127549,1.92615765565,0.147404363651,-0.0103440905322,-0.107190520222,7.39241226327e-05,-0.173907207966,-0.00781245048945,0.066533521027,-0.0305801011946,0.573785919002,0.818990281805,0.00232042344536,0.0,0.818950734906,-0.573724630076,-0.011852828461,0.0,-0.00837622850703,0.00870146608734,-0.999927058982,0.0,0.651165203347,0.247433733041,0.303577170711,1.0,-0.0224908571429,-0.0295594122449,1.027
0.457087433488,0.489958749487,-0.124149422722,-1.44649926572,0.0740032245539,1.92732969755,0.146934455548,-0.0179345511031,-0.114469344859,0.00198508350551,-0.190722915959,-0.0124201951895,0.0685724643213,-0.0251802433015,0.573776508273,0.818997108666,0.00223639270091,0.0,0.818956311013,-0.573715391578,-0.0119145717647,0.0,-0.00847511008431,0.00866797618644,-0.999926516649,0.0,0.650755513677,0.246924620645,0.30353004793,1.0,-0.0241325714286,-0.0317170938776,1.044
0.456741681586,0.487811589349,-0.124172457533,-1.44986687502,0.0737937336228,1.92857668706,0.146450931665,-0.023308611604,-0.13504790785,2.43573937752e-05,-0.203426402728,-0.010812003118,0.0802643911426,-0.0251376722372,0.573791024842,0.818986893957,0.00225260702902,0.0,0.818946352058,-0.573729887025,-0.0119010960587,0.0,-0.00845461649707,0.00867367340837,-0.999926640734,0.0,0.650341075352,0.246366257614,0.303528385838,1.0,-0.0257742857143,-0.0338747755102,1.061
0.456392761455,0.485639102205,-0.12419301314,-1.4531511203,0.07358950845,1.92985318344,0.145964287589,-0.0248259372259,-0.139118566569,-0.001205481983,-0.202511478481,-0.0162037303604,0.0736512101879,-0.0381006924525,0.573800541124,0.818979847651,0.00238643001169,0.0,0.818941190715,-0.573739028431,-0.0118152573806,0.0,-0.00830742959696,0.00873411507261,-0.999927348285,0.0,0.649951586187,0.245820425065,0.303585216709,1.0,-0.0273194285714,-0.0359055346939,1.077
0.455995503177,0.483238167629,-0.124229543683,-1.45689491353,0.0733579026282,1.93114301312,0.14538921998,-0.0282848145872,-0.14244670117,-0.00175273604316,-0.233582489856,-0.00813908679959,0.08684583054,-0.0279255152134,0.573802302643,0.818978752174,0.00233834785043,0.0,0.818939399637,-0.573740901465,-0.0118484011549,0.0,-0.00836214398666,0.00871377281724,-0.999927069696,0.0,0.649472868396,0.245179517673,0.303582488686,1.0,-0.0289611428571,-0.0380632163265,1.094
0.455548301669,0.480511433933,-0.124258394813,-1.46112828192,0.0730968517556,1.93264321981,0.14475627515,-0.0249581457063,-0.155396427811,0.000359187257592,-0.237742092752,-0.0170083712954,0.0900230793406,-0.0386408050728,0.573807134971,0.818975386951,0.00233116413611,0.0,0.81893586114,-0.573745678078,-0.0118616662573,0.0,-0.00837707864972,0.00871555044173,-0.999926929197,0.0,0.648933890773,0.244466822232,0.303589202595,1.0,-0.0306994285714,-0.0403478204082,1.112
0.455115184214,0.477982290139,-0.124273995916,-1.46501188598,0.0728570171275,1.93407612451,0.144197094378,-0.0270323181128,-0.157363421228,-0.00203962386352,-0.246763531738,-0.0153420018934,0.0884390924852,-0.032229207557,0.573839085014,0.818952812091,0.00239645132465,0.0,0.818914112339,-0.573777346947,-0.0118312993325,0.0,-0.008314406454,0.00875191829433,-0.999927134631,0.0,0.648451906419,0.243808933297,0.303617530361,1.0,-0.0322445714286,-0.0423785795918,1.128
0.454663512959,0.475335336707,-0.124292485098,-1.46906766671,0.0726058840951,1.93557153569,0.143624179216,-0.0291410135222,-0.16757874602,-0.000166259022462,-0.267712712537,-0.0152712092003,0.0954873944269,-0.0411289347499,0.573881271528,0.818923044131,0.00246594443636,0.0,0.818885213347,-0.573819227331,-0.0118003647006,0.0,-0.00824874306521,0.00879150299841,-0.999927331216,0.0,0.647910033214,0.243075015018,0.303648168078,1.0,-0.0338862857143,-0.0445362612245,1.145
0.454068174651,0.471859667322,-0.124301363533,-1.47444653397,0.0722666712749,1.9374373566,0.142824196528,-0.0302201634073,-0.181490887783,-0.000208264726639,-0.274953921036,-0.0165840167352,0.0914427475227,-0.0393018087476,0.573885370971,0.818920251057,0.00243932292319,0.0,0.818881859185,-0.573823198921,-0.0118399315433,0.0,-0.00829637935993,0.00879245007837,-0.999926928786,0.0,0.647241959335,0.242212566538,0.303654540701,1.0,-0.0357211428571,-0.0469477877551,1.164
0.453617559402,0.469118348399,-0.124305997205,-1.47856421925,0.0720098995601,1.93899521648,0.142167682369,-0.0333103554479,-0.187836645025,-0.00118032964486,-0.2709556654,-0.0187061900303,0.111371333416,-0.0395633275502,0.573846766599,0.818946826362,0.00259440879738,0.0,0.818910458777,-0.573784028023,-0.0117599571228,0.0,-0.00814230599835,0.00887317270482,-0.9999274822,0.0,0.646725771911,0.241531894516,0.303723138457,1.0,-0.0371697142857,-0.0488516244898,1.179
0.453084916767,0.46590075326,-0.124304466331,-1.48344473593,0.0716760152088,1.94079020081,0.141389693455,-0.0328279104768,-0.185115084714,-0.00411781422841,-0.289305733451,-0.0264748901166,0.108704584084,-0.0488444761071,0.573784023356,0.818990463789,0.00269474774011,0.0,0.818955529197,-0.573721075968,-0.0116925228215,0.0,-0.00803018572146,0.0089160330105,-0.999928007645,0.0,0.646098515245,0.240722413576,0.303775739945,1.0,-0.0388114285714,-0.0510093061224,1.196
0.45253964329,0.462783222414,-0.124307282275,-1.48833595304,0.0713511092531,1.9424503614,0.140671474618,-0.0321551406163,-0.195280067436,-0.00018024341864,-0.302208659258,-0.0190937704705,0.110362010306,-0.0502990364031,0.57378449164,0.818990458641,0.00259474664404,0.0,0.818954034848,-0.573721693772,-0.0117666393706,0.0,-0.00814825981452,0.00887666432642,-0.999927402711,0.0,0.645438201622,0.239893057031,0.303740670175,1.0,-0.0403565714286,-0.0530400653061,1.212
0.45197648019,0.459575852082,-0.124311991296,-1.49332665456,0.071008482065,1.94419710386,0.139934594841,-0.0394774002584,-0.201070401949,-0.000946211299961,-0.309893340248,-0.0192807768604,0.111328002633,-0.0534561203556,0.573783588808,0.818991225733,0.00255191863094,0.0,0.818954235156,-0.57372093795,-0.0117895284019,0.0,-0.00819158887962,0.00885471296803,-0.999927243318,0.0,0.644773966659,0.239044103377,0.303725270063,1.0,-0.0419017142857,-0.0550708244898,1.228
0.451332242581,0.456086457962,-0.124318030524,-1.49883485833,0.0706477211589,1.94616300316,0.139082900503,-0.0414245108458,-0.209720309118,0.00025065681659,-0.332575216456,-0.0221011617948,0.122081234867,-0.0503690137357,0.573773759797,0.818998268154,0.00250124577977,0.0,0.81896049599,-0.573711168271,-0.011829975033,0.0,-0.00825389533891,0.00883632086392,-0.99992689365,0.0,0.644046725063,0.238097389405,0.303674282443,1.0,-0.0435434285714,-0.0572285061224,1.245
0.450653640444,0.452440896547,-0.12436544337,-1.50448862901,0.0702469704523,1.9481352425,0.138177678849,-0.0394028157303,-0.222335294131,-0.00355074486328,-0.332065316329,-0.0223833592577,0.126183658901,-0.0477540530868,0.573770641918,0.819000625747,0.00244384954653,0.0,0.818962343736,-0.573708521221,-0.0118304320452,0.0,-0.00828723349337,0.00878954456708,-0.999927030171,0.0,0.643301808523,0.237084340877,0.303659815474,1.0,-0.0451851428571,-0.0593861877551,1.262
0.45000155909,0.44881626296,-0.124418007075,-1.50991209098,0.0698867724689,1.95014849142,0.137369908153,-0.0389110637921,-0.225874542258,-0.0016509382332,-0.345860591837,-0.0184865418533,0.128415486521,-0.0476852713711,0.573829105501,0.818959155898,0.00260874532546,0.0,0.818923302781,-0.573766675771,-0.011712080867,0.0,-0.00809506058232,0.00885726575531,-0.999928006827,0.0,0.642610147733,0.23612176223,0.303740697728,1.0,-0.0467302857143,-0.0614169469388,1.278
0.449216153749,0.444628014478,-0.124428579031,-1.51632479807,0.0694465901803,1.95225806672,0.136399125087,-0.0483696408453,-0.234760041574,0.000885872692491,-0.365559126759,-0.0280725818809,0.118743464127,-0.0623979688516,0.573850357729,0.818944583998,0.00250642709777,0.0,0.818907164483,-0.573788042684,-0.0117934275597,0.0,-0.00822016399189,0.00882036355095,-0.999927312404,0.0,0.641721312172,0.23498538123,0.303740861638,1.0,-0.0484685714286,-0.0637015510204,1.296
0.448477360116,0.440633482924,-0.124440464221,-1.52250542003,0.0690196317209,1.95444539947,0.135398483857,-0.0444168711672,-0.236321524733,-0.00239733556671,-0.362703675762,-0.0186094647481,0.120396063615,-0.0633030904044,0.573801228157,0.818979047617,0.00249339744088,0.0,0.818941473288,-0.573738983742,-0.0117978287742,0.0,-0.00823177374682,0.00881172486698,-0.99992729306,0.0,0.640883763121,0.233911010057,0.303721895981,1.0,-0.0501102857143,-0.0658592326531,1.313
0.447727585225,0.436780635414,-0.124452657726,-1.52845641782,0.0686298607219,1.95656148454,0.134440536953,-0.0451969562713,-0.242994037691,-0.00304481874102,-0.374799287845,-0.0222164328168,0.132612523592,-0.0624536403255,0.573794396009,0.818983793135,0.00250690880255,0.0,0.818946242596,-0.573731939028,-0.0118093512712,0.0,-0.00823353217134,0.00882933311634,-0.999927123257,0.0,0.640081150616,0.232856777528,0.303705537344,1.0,-0.0516554285714,-0.0678899918367,1.329
0.446892416605,0.432488887355,-0.12446859404,-1.53485482071,0.0681711684613,1.95890638524,0.133408873379,-0.0482576694223,-0.24724418161,0.00124593440686,-0.376109877153,-0.0309980770699,0.139242527699,-0.0582326820904,0.573796190862,0.818981971489,0.00268488922386,0.0,0.81894707297,-0.573733458541,-0.0116772053574,0.0,-0.00802316435569,0.00889928946404,-0.999928213164,0.0,0.639238334166,0.231704697066,0.303791044727,1.0,-0.0532971428571,-0.0700476734694,1.346
0.446014200633,0.428161146378,-0.12449722068,-1.54161177688,0.0676720408675,1.96110056154,0.132350674184,-0.0563029153094,-0.255117438666,-0.00287663294188,-0.403072040555,-0.0324378814217,0.128998452278,-0.062366392242,0.573819909647,0.818966059002,0.00246016195726,0.0,0.818928211655,-0.573757957421,-0.0117956496998,0.0,-0.00824885806456,0.0087834437855,-0.999927401093,0.0,0.638280430764,0.230462641906,0.3037141739,1.0,-0.0549388571429,-0.072205355102,1.363
0.44517005655,0.423931819105,-0.124552599469,-1.54805519652,0.0672000302285,1.96328489659,0.131262462992,-0.0581955504192,-0.269335653795,-0.00185550095745,-0.399904999488,-0.0266892308059,0.13458435321,-0.0626646324341,0.573802405888,0.818978482567,0.00240644758449,0.0,0.818940153465,-0.573740888035,-0.0117968360179,0.0,-0.00828083691863,0.00873995771434,-0.999927517813,0.0,0.637387810975,0.229266777098,0.303714516518,1.0,-0.056484,-0.0742361142857,1.379
0.444177526116,0.419085441546,-0.124566873654,-1.55541456609,0.0666987867861,1.96583985185,0.130092715272,-0.0571000138069,-0.27315766993,-0.00026846881935,-0.40644545814,-0.029619843317,0.148374998743,-0.0677416137813,0.573837519428,0.818953787375,0.00243769191539,0.0,0.818915698553,-0.573775703463,-0.011801172786,0.0,-0.00826608590275,0.00876838871427,-0.999927390956,0.0,0.636365765663,0.227923702799,0.303724194488,1.0,-0.0582222857143,-0.0765207183673,1.397
