position_joint1,position_joint2,position_joint3,position_joint4,position_joint5,position_joint6,position_joint7,velocity_joint1,velocity_joint2,velocity_joint3,velocity_joint4,velocity_joint5,velocity_joint6,velocity_joint7,ee_T_00,ee_T_10,ee_T_20,ee_T_30,ee_T_01,ee_T_11,ee_T_21,ee_T_31,ee_T_02,ee_T_12,ee_T_22,ee_T_32,ee_T_03,ee_T_13,ee_T_23,ee_T_33,v_x,v_y,time
0.465069222353,0.547853349764,-0.124002445213,-1.35587261135,0.079469751797,1.89409875386,0.159158940405,0.000114648829749,0.00128312720048,-9.67426142394e-05,0.000297479660569,-0.000327774696669,0.000625466694099,0.000735529966704,0.573813183091,0.81897243039,0.00182649185321,0.0,0.818927975709,-0.573755418883,-0.0119346891403,0.0,-0.00872638978293,0.00834420789268,-0.999927109501,0.0,0.661671769132,0.26086876264,0.303144656448,1.0,0.0,0.0,0.0
0.465069455652,0.547855534232,-0.123998703783,-1.35587036744,0.079467968815,1.89409766886,0.159163494028,0.000514470328892,0.000650905282983,0.00112544824863,0.000770243352786,0.00011986689055,8.02019313683e-05,0.000196780433881,0.573813508185,0.818972204994,0.00182542410759,0.0,0.818927734794,-0.573755746935,-0.0119354491451,0.0,-0.00872762156541,0.00834377301868,-0.99992710238,0.0,0.661671189134,0.260870957014,0.303143955481,1.0,-6e-05,-7.88571428571e-05,0.004
0.465064800302,0.54784033027,-0.124005688232,-1.35587287632,0.0794680630235,1.89409884592,0.159163235098,-0.00074876897194,-0.00131868054143,-0.000454493130301,-0.00140416680811,0.000331030384209,0.00411235381289,0.00144843977808,0.573822133711,0.818966137753,0.00183602261799,0.0,0.818921840516,-0.573764359863,-0.0119258281837,0.0,-0.00871357286829,0.00834702390227,-0.99992719777,0.0,0.661674067221,0.260863835173,0.303153865538,1.0,-0.00036,-0.000473142857143,0.019
0.465066155987,0.547833883065,-0.124001637689,-1.35587655742,0.0794667404407,1.89410113254,0.15916326138,-0.000644910154469,-0.00468577409172,0.00107068123968,0.00128985419085,-2.24348859783e-05,0.000144359301085,0.000928494091656,0.573818070494,0.818968973995,0.00184079026813,0.0,0.818924729206,-0.573760267724,-0.0119243438972,0.0,-0.00870966305801,0.00835003344288,-0.999927206706,0.0,0.66167264125,0.260866666254,0.303156742757,1.0,-0.0007,-0.00092,0.036
0.465067661953,0.547804157416,-0.124000277628,-1.35591515921,0.079464863754,1.89410417543,0.159157816789,3.37805266836e-05,-0.00342080870149,-0.00489232747717,-0.00282051450389,0.000394423634456,6.10174207339e-05,-0.00202275128452,0.573813006235,0.818972530793,0.00183700385776,0.0,0.818928210057,-0.573755194588,-0.0119293904743,0.0,-0.00871602041211,0.00834977445076,-0.999927153474,0.0,0.66166458412,0.260864159588,0.303159644504,1.0,-0.00102,-0.00134057142857,0.052
0.465067965802,0.547683090698,-0.123998247158,-1.35604565605,0.0794633228954,1.89413452959,0.159154148266,0.000817633349745,-0.0118677456302,0.000825226529218,-0.00785838425461,-4.36974026666e-05,0.00241615981044,-0.000989179697757,0.573815049124,0.818971046597,0.00186041295904,0.0,0.818926938426,-0.57375704958,-0.0119274673827,0.0,-0.00870099291632,0.00836786367817,-0.999927133135,0.0,0.661643466675,0.260853452924,0.303185864622,1.0,-0.00136,-0.00178742857143,0.069
0.465056281707,0.547545589237,-0.12399814564,-1.35624634473,0.07946387456,1.89417644322,0.159150981317,-0.00396948338033,-0.00950586743752,0.000411747827969,-0.0140963094138,-0.000271385482213,0.00929920652622,-0.00069696882441,0.573833099263,0.818958421781,0.00185053654809,0.0,0.818914024729,-0.573774985478,-0.011951277864,0.0,-0.00872597607881,0.00837363036768,-0.999926867154,0.0,0.661612435213,0.260826696376,0.303191388521,1.0,-0.0017,-0.00223428571429,0.086
0.465042418643,0.547389289938,-0.124003070693,-1.35643988354,0.0794591820346,1.89428928912,0.159148849774,6.51918388949e-05,-0.0072157055127,-0.000813563240059,-0.0133658783821,-0.00190848658725,0.00914533473993,0.000539023710697,0.573855980955,0.818942236908,0.00191641091098,0.0,0.818898716185,-0.573797604197,-0.0119142330702,0.0,-0.00865760337789,0.0084065621929,-0.999927185157,0.0,0.661599711933,0.260800671911,0.303219941843,1.0,-0.00202,-0.00265485714286,0.102
0.465017284501,0.547172224697,-0.123998575975,-1.35669582685,0.0794555032941,1.89443008988,0.159131490757,-0.0035626874347,-0.0097306702841,0.000729804612983,-0.0134564332633,0.000157484492735,0.0124199553157,-0.00425052387124,0.573872793677,0.818930230876,0.00201010869371,0.0,0.818887863399,-0.573813963272,-0.0118722210543,0.0,-0.00856925727764,0.0084593611459,-0.999927500891,0.0,0.661580571856,0.260768099933,0.303263946901,1.0,-0.0024,-0.00315428571429,0.121
0.464988850685,0.546966099884,-0.123996667705,-1.35698960288,0.0794514186432,1.89454976595,0.159110552991,-0.00190339449549,-0.0114580775269,0.00156214319657,-0.0219016590477,-0.000546470944798,0.00854101420237,-0.00156185492967,0.573893007013,0.818915979201,0.00204509482671,0.0,0.818873949035,-0.573833915222,-0.0118676128538,0.0,-0.0085451975511,0.00848557827734,-0.999927484651,0.0,0.661549704393,0.260725698696,0.303280437421,1.0,-0.00272,-0.00357485714286,0.137
0.464961493046,0.546732522387,-0.124001336596,-1.35735122142,0.0794438834292,1.89468688823,0.159081164691,0.0012802232949,-0.0239283766081,-0.000776644420492,-0.0249091593617,-0.00460900178472,0.00716547244784,-0.0013559478354,0.573912869324,0.818902024323,0.00205909822724,0.0,0.81886007421,-0.573853616807,-0.0118723310056,0.0,-0.00854081936613,0.00849996053076,-0.999927399902,0.0,0.661508878409,0.260673130756,0.303285796911,1.0,-0.00304,-0.00399542857143,0.153
0.464917543001,0.546445844434,-0.123999184193,-1.35777585272,0.0794313404437,1.89484347474,0.158935000347,0.000173061851901,-0.017259498875,-0.000381242156188,-0.0287996671409,-0.000135420090703,0.00731404445738,-0.00887136078046,0.57384806485,0.818947374469,0.00208403922509,0.0,0.818905609079,-0.573788579993,-0.011875006909,0.0,-0.00852937203913,0.00852124520614,-0.999927316455,0.0,0.661461891076,0.260607265883,0.30330021037,1.0,-0.00338,-0.00444228571429,0.17
0.464866701537,0.546156331372,-0.124001345435,-1.35826270779,0.0794136222879,1.89501189676,0.15891815066,-0.00416933606633,-0.0139183442979,0.000240296096949,-0.035437855085,-0.000122525842786,0.00796616486233,0.000542684491541,0.573899900391,0.8189110999,0.00206438670372,0.0,0.818868967358,-0.573840377904,-0.0118988186921,0.0,-0.00855961105546,0.00851935709447,-0.999927074148,0.0,0.661406088335,0.260526955142,0.303288159312,1.0,-0.00372,-0.00488914285714,0.187
0.464812114268,0.545854674668,-0.124005578443,-1.35878949431,0.0793812832898,1.89518345895,0.158871812613,-0.000344481701957,-0.012914782777,-0.000729821471661,-0.0310315770395,-0.00650789011946,0.0134150697651,-0.000747450549891,0.573930379637,0.818889857349,0.00201686943458,0.0,0.818847095295,-0.573871038023,-0.0119253153155,0.0,-0.00860826253728,0.00849597199819,-0.999926855463,0.0,0.66134428322,0.260436230669,0.303265997216,1.0,-0.00404,-0.00530971428571,0.203
0.464750320134,0.545484328899,-0.124007314957,-1.35942262719,0.0792716064526,1.8953980351,0.158763247508,-0.00338354603395,-0.0162711747791,0.00118273185026,-0.0394954394061,-0.0040679476117,0.0126583944798,-0.00366317779398,0.573899172503,0.818911935458,0.00193097522056,0.0,0.818868639956,-0.573840764402,-0.0119027101399,0.0,-0.00863936543583,0.00841233251596,-0.99992729437,0.0,0.661268041477,0.260314536123,0.303243000784,1.0,-0.0044,-0.00578285714286,0.221
0.464686774604,0.545085745231,-0.124004951628,-1.3601227097,0.0792608029528,1.89561850249,0.15870837558,-0.0036855446425,-0.026652510567,0.0016187585645,-0.0411148038386,5.64814420341e-06,0.0196947335829,0.0020823076657,0.573940907899,0.818882794451,0.00188416895339,0.0,0.818838569896,-0.573882381973,-0.01196474041,0.0,-0.0087165965163,0.00841004610437,-0.999926643344,0.0,0.661184174232,0.260215551869,0.303213332268,1.0,-0.00472,-0.00620342857143,0.237
0.464612637381,0.544647197586,-0.124009860113,-1.36083933341,0.0792395383948,1.89587263009,0.15859451488,-0.00245012290863,-0.0296983155897,0.000179383674047,-0.0406877667999,-0.000131662084451,0.0199595562459,-0.00341661547629,0.573946097067,0.818879179572,0.00187452027688,0.0,0.818834626956,-0.573887416825,-0.0119930567108,0.0,-0.00874526921392,0.00841845228398,-0.99992632225,0.0,0.661103230213,0.260098190722,0.303204844881,1.0,-0.00506,-0.00665028571429,0.254
0.464541709972,0.544167680536,-0.124010894084,-1.36162557973,0.07920802292,1.89615534555,0.158499336406,-0.00416406313949,-0.023015495623,0.00173719098378,-0.0517290287039,-0.00333938616813,0.0103995671846,-0.0036677998018,0.573962390572,0.818867788228,0.00186185748195,0.0,0.818822908273,-0.573903607056,-0.0120183857989,0.0,-0.00877311118211,0.00842279516704,-0.999926041786,0.0,0.661011802895,0.259977755491,0.303194506181,1.0,-0.0054,-0.00709714285714,0.271
0.464472057528,0.543654053242,-0.124016491784,-1.36245146016,0.0791648966031,1.89643929159,0.158397888841,-0.00348229255324,-0.0297232583372,0.00133252173598,-0.0484100109633,-0.00586054828284,0.0115678980138,-0.00550598368605,0.573974665027,0.818859233734,0.00184014559293,0.0,0.81881399792,-0.573915904975,-0.012038177951,0.0,-0.00880165380837,0.00841650817052,-0.999925843891,0.0,0.660913648716,0.259849473186,0.303189621212,1.0,-0.00574,-0.007544,0.288
0.464408154125,0.543168163669,-0.124028194337,-1.3632047619,0.0791199989172,1.89671288417,0.158293695444,-0.00359800051271,-0.0268492522798,-0.000185677411062,-0.0486908298009,-0.00834924196838,0.023020098637,-0.0112448651769,0.57397706713,0.818857558122,0.00183652294855,0.0,0.818812303123,-0.573918349469,-0.012036914003,0.0,-0.00880267326719,0.00841284215528,-0.999925865767,0.0,0.66082203692,0.25971966849,0.303194999062,1.0,-0.00606,-0.00796457142857,0.304
0.464330742987,0.542546889407,-0.124021201903,-1.36416696982,0.0790649474972,1.89705474107,0.158184954028,-0.00410171607188,-0.0390166747474,0.000403943717593,-0.0539608423202,-0.00144826566582,0.0159139363755,-0.00127253567314,0.573987952935,0.818849903442,0.00184727358979,0.0,0.818804709209,-0.573929110864,-0.0120403812499,0.0,-0.00879923034745,0.00842375228405,-0.999925804219,0.0,0.660713691518,0.259589859539,0.303209733486,1.0,-0.0064,-0.00841142857143,0.321
0.464251298993,0.541956557442,-0.124029363271,-1.36510968133,0.0790092681903,1.8974108792,0.158049378046,-0.00461596297447,-0.0299793622236,-0.00049438708815,-0.0598857001322,-0.009076428709,0.0215445749752,-0.0050388107306,0.573985295405,0.818851764058,0.00184825836771,0.0,0.818806611618,-0.573926477074,-0.0120365520638,0.0,-0.00879555681861,0.00842233221944,-0.999925848501,0.0,0.660608473658,0.259443648143,0.303209628426,1.0,-0.00674,-0.00885828571429,0.338
0.464171327631,0.541287638153,-0.124026671056,-1.36611337697,0.078950380083,1.89778298161,0.157922315912,-0.00240391971403,-0.0396809294236,0.000376118176855,-0.0605772665674,-0.00288812195108,0.0173843390023,-0.00638672058142,0.573984782022,0.818852047216,0.00188193486007,0.0,0.818807298084,-0.573925782666,-0.0120229571029,0.0,-0.00876510085519,0.0084420989465,-0.999925949244,0.0,0.660492115253,0.259297752238,0.303236993048,1.0,-0.00708,-0.00930514285714,0.355
0.464083977863,0.540597982165,-0.124024481644,-1.36717771606,0.0788843984302,1.89816834032,0.157805482197,-0.00675279734735,-0.0409725299496,0.000750509220775,-0.0617570838575,-0.00336803859982,0.0189942875909,-0.00804183858436,0.574000389967,0.818841086577,0.00189054275046,0.0,0.818796434065,-0.573941336317,-0.012020354847,0.0,-0.00875786840752,0.00844782067898,-0.999925964293,0.0,0.660367178085,0.259139523604,0.303251211505,1.0,-0.00742,-0.009752,0.372
0.463997005002,0.539904287723,-0.124026908382,-1.36821392562,0.0788289073687,1.89856820743,0.157658557304,-0.00753625965687,-0.0421926255256,0.000364016033978,-0.0649184433343,-0.00163446606961,0.021582013192,-0.0109863279874,0.573995603307,0.81884432007,0.00194262054204,0.0,0.818800308874,-0.573936289803,-0.0119973470411,0.0,-0.00870918673296,0.00847720596528,-0.999926140795,0.0,0.660251933137,0.258984950918,0.303282989235,1.0,-0.00774,-0.0101725714286,0.388
0.463886092618,0.539151956223,-0.124031903358,-1.36939198614,0.0787624658069,1.89901014354,0.157514874938,-0.00746592473471,-0.0473203736732,-0.000748941883496,-0.0687495689937,-0.00930648519666,0.0239544049686,-0.00676768459418,0.574019691982,0.81882739968,0.00195694949731,0.0,0.818783554884,-0.573960294502,-0.0119923929106,0.0,-0.0086966560307,0.00848635113936,-0.999926172284,0.0,0.660121000551,0.258798103572,0.303292300811,1.0,-0.00808,-0.0106194285714,0.405
0.463775493517,0.538382277071,-0.124035729888,-1.37058982357,0.0786944684644,1.89947096356,0.157372055754,-0.00320961632031,-0.0487261454714,0.000777038275949,-0.0729667621585,-0.000779570431966,0.0239603877486,-0.0124510768519,0.574038090949,0.81881443255,0.00198546938355,0.0,0.818770916446,-0.573978528024,-0.0119825978507,0.0,-0.00867207422973,0.00850427591526,-0.999926233489,0.0,0.659995473247,0.258624428836,0.303305475495,1.0,-0.0084,-0.01104,0.421
0.463663466564,0.537594670642,-0.124041697506,-1.37183967807,0.0786167980845,1.89994666648,0.157216718028,-0.00299862641629,-0.0523538421776,-0.00106538919438,-0.0773087556199,-0.00224151406249,0.0223845356272,-0.00120659595559,0.574061019974,0.818798340716,0.00199235756641,0.0,0.818755005385,-0.574001514445,-0.0119686872107,0.0,-0.00865649163255,0.00850217321114,-0.999926386392,0.0,0.659849934924,0.258415360465,0.303308666337,1.0,-0.00876,-0.0115131428571,0.439
0.463555338314,0.536807955412,-0.124048405486,-1.37305675827,0.0785534160115,1.90040060628,0.157060336624,-0.0118284070409,-0.0499675027246,-0.00209848892788,-0.0757101329495,-0.00840391385359,0.0312811168307,-0.00708215709551,0.574076285635,0.818787579774,0.0020160310335,0.0,0.81874448703,-0.57401661394,-0.0119640620225,0.0,-0.0086389564069,0.00851906259971,-0.999926394293,0.0,0.65971199659,0.258226527098,0.30332439284,1.0,-0.00908,-0.0119337142857,0.455
0.463443088621,0.535952414764,-0.124054446677,-1.37440679966,0.0784689081909,1.90090497614,0.156900012168,-0.00442536092973,-0.0580214156628,-0.000521014393429,-0.0789208939725,-0.0115437339777,0.0311891114754,-0.0177699299984,0.574092783511,0.818776001919,0.00202027300896,0.0,0.818733012571,-0.574033139492,-0.0119564122008,0.0,-0.00863008587704,0.00851831817206,-0.999926477234,0.0,0.659556878805,0.258020504565,0.303329600186,1.0,-0.00942,-0.0123805714286,0.472
0.463314292517,0.535049884332,-0.124052741209,-1.37581781894,0.0783940025736,1.90141831635,0.156728427635,-0.00792344058313,-0.0598953987611,-0.00015056986346,-0.0875477957437,-0.00200794884796,0.0339658991591,-0.0106575810382,0.574113869071,0.818761192345,0.00203030836128,0.0,0.818718203093,-0.574054051395,-0.0119664907891,0.0,-0.00863235772592,0.0085325430173,-0.999926336342,0.0,0.65939226003,0.257803624699,0.30333931687,1.0,-0.00976,-0.0128274285714,0.489
0.463206501751,0.534217985497,-0.124068611274,-1.37720854586,0.0783208996452,1.90191733942,0.156565219899,-0.0061959849537,-0.0487858955226,-0.00300734125578,-0.0880171109457,-0.00641459772086,0.0307375010393,-0.0100265507125,0.574136285116,0.818745597034,0.00197998787186,0.0,0.818701884306,-0.574076610533,-0.0120006989024,0.0,-0.0086890219519,0.00851122035558,-0.999926027277,0.0,0.659225785393,0.257591201776,0.303308051026,1.0,-0.01008,-0.013248,0.505
0.463074386014,0.533242767223,-0.124062369969,-1.37877681038,0.0782241179532,1.90250873258,0.156355650276,-0.00443916476476,-0.0569134948598,-0.000203962045896,-0.0841298311323,-6.39487400622e-05,0.031212935594,-0.0122890091039,0.574128402132,0.818751131242,0.00197733586346,0.0,0.818707361448,-0.574068717805,-0.0120046011771,0.0,-0.00869382151305,0.00851120578659,-0.999925985683,0.0,0.659042367509,0.25735885448,0.303300443538,1.0,-0.01044,-0.0137211428571,0.523
0.462942748599,0.532296568093,-0.124058982262,-1.38032926444,0.0781383834039,1.90309281639,0.156164597857,-0.00733860473548,-0.0534486673894,0.00035230145613,-0.0914652495992,-0.0141630707405,0.0283325394344,-0.00960409831309,0.574139276633,0.818743543846,0.00196146336942,0.0,0.818699462639,-0.574079556787,-0.0120249430487,0.0,-0.0087194763414,0.00851000495402,-0.999925772519,0.0,0.65885989886,0.257127967777,0.303279183641,1.0,-0.01078,-0.014168,0.54
0.462830608867,0.531415935583,-0.124061954875,-1.3817423511,0.0780482077386,1.90360073158,0.155986304317,-0.00469446528447,-0.0609829994906,0.000367713341321,-0.0972541050403,-0.0102136061431,0.0354018992497,-0.0113054861401,0.574142694063,0.818741229755,0.00192677307511,0.0,0.818696723195,-0.57408314987,-0.0120399072829,0.0,-0.0087516090345,0.00849023106987,-0.999925659895,0.0,0.658676789324,0.256902135536,0.303263986462,1.0,-0.0111,-0.0145885714286,0.556
0.462684971002,0.53032857024,-0.124067349784,-1.38348858071,0.0779416050595,1.90421174358,0.155759541152,-0.0103830968014,-0.0635781112808,-0.000937466604209,-0.0963874544618,-0.00837983312044,0.0353210355059,-0.0112116294088,0.574143415149,0.818740799596,0.00189441794744,0.0,0.818695811677,-0.574083954543,-0.0120634978523,0.0,-0.00878949215567,0.00847729310887,-0.999925437385,0.0,0.658476583132,0.256648242972,0.303259582474,1.0,-0.01144,-0.0150354285714,0.573
0.462542877687,0.529273853167,-0.124065110377,-1.38513578821,0.0778376302443,1.90482744729,0.155535725101,-0.00687141059482,-0.0616838993357,-0.00116947403647,-0.102248565897,-0.00634762106178,0.0314941271372,-0.0130846838807,0.574136389152,0.818745686151,0.00191179520579,0.0,0.818700938031,-0.574076866116,-0.0120529149948,0.0,-0.00877092362457,0.00848536899181,-0.999925531933,0.0,0.658283803254,0.256399275607,0.303271759598,1.0,-0.01178,-0.0154822857143,0.59
0.462412916571,0.52823724362,-0.124064281708,-1.3867410476,0.0777382835205,1.90544709819,0.155315047673,-0.0117217487086,-0.0719852287412,0.000726098813666,-0.0999705297477,-0.00817930611704,0.0475546219943,-0.00900094120361,0.574121902084,0.818755747357,0.00195310474635,0.0,0.818711568492,-0.574062231434,-0.0120278410144,0.0,-0.00872682830837,0.00850464015212,-0.999925754026,0.0,0.658097650805,0.256163248834,0.303291293249,1.0,-0.0121,-0.0159028571429,0.606
0.462256767019,0.527101316859,-0.124070546212,-1.38848921603,0.0776344354652,1.90612104854,0.155061541392,-0.00883760633944,-0.0724093775237,-0.00121841957488,-0.105180808052,-0.00289212659478,0.0373769322655,-0.00709001805113,0.574113324795,0.818761637739,0.00200443537185,0.0,0.818718156127,-0.574053463242,-0.0119978777105,0.0,-0.00867291591712,0.00852937331147,-0.999926012423,0.0,0.657899568238,0.255893181931,0.303317399552,1.0,-0.01244,-0.0163497142857,0.623
0.462106151617,0.525865541979,-0.124071315461,-1.39040639679,0.0775066562342,1.90682055692,0.154807202773,-0.00469240145449,-0.0658872306382,-0.000980936127294,-0.110772817863,-0.00667365201569,0.0322085287398,-0.0168908762257,0.574097769931,0.818772522269,0.00201351403512,0.0,0.818729225546,-0.57403793742,-0.0119853469273,0.0,-0.00865760597601,0.00852944794774,-0.999926144461,0.0,0.657667634864,0.255609140645,0.303335024925,1.0,-0.0128,-0.0168228571429,0.641
0.461966618417,0.524833570411,-0.124077582881,-1.39203356264,0.0774066073496,1.90740397972,0.154594417683,-0.0123308006413,-0.0658210530272,-4.78622933082e-05,-0.111147301925,-0.00328148885136,0.0349212523846,-0.0173943619805,0.574102698681,0.818769096061,0.0020014003699,0.0,0.818725631462,-0.574042906948,-0.0119928424845,0.0,-0.00867064605077,0.00852388512809,-0.999926078908,0.0,0.657471593781,0.255357570539,0.303337172668,1.0,-0.0131,-0.0172171428571,0.656
0.461803130412,0.523563721035,-0.124080818319,-1.39406774981,0.0772717736797,1.90814701896,0.154322006854,-0.00890055332517,-0.0693004447393,0.00104256215023,-0.112837214009,-0.00442569745959,0.0456547300057,-0.0167411207726,0.574088573306,0.818779063588,0.00197533039889,0.0,0.818735326803,-0.574028960393,-0.0119985072582,0.0,-0.00869039699909,0.00850564245331,-0.99992606279,0.0,0.657224753663,0.255052076464,0.303326318856,1.0,-0.01346,-0.0176902857143,0.674
0.461643287785,0.522350120237,-0.124087190713,-1.39600657785,0.0771653250861,1.9089033264,0.154050942898,-0.0118618248988,-0.071315242598,-0.000403217861793,-0.111638169913,-0.00360938780336,0.0426982629575,-0.0209089506236,0.574077521114,0.818786743585,0.00200379213042,0.0,0.818743327073,-0.574017739028,-0.011989435177,0.0,-0.00866674521947,0.00852362076768,-0.999926114979,0.0,0.65699909044,0.254763194823,0.30332226358,1.0,-0.0138,-0.0181371428571,0.691
0.46148327459,0.521158582793,-0.12409013455,-1.397898259,0.0770417438145,1.90962280347,0.153794924625,-0.00874121161445,-0.0748979213771,-0.000207757211535,-0.118629267752,-0.0108410747602,0.0436982763078,-0.0192971874956,0.574068809607,0.818792828752,0.00201303794156,0.0,0.818749620311,-0.57400907581,-0.0119744323196,0.0,-0.00864924378804,0.00852248624204,-0.999926276187,0.0,0.656776162348,0.254476319527,0.303321470073,1.0,-0.01412,-0.0185577142857,0.707
0.461316618708,0.51986479883,-0.12409602098,-1.39994611153,0.0769181625527,1.91036516724,0.153526494474,-0.00950217695537,-0.0716570464849,0.000429446138091,-0.119955799835,-0.00630885010938,0.044990888345,-0.0151416501945,0.574054490692,0.818802898811,0.00200037907673,0.0,0.818759484079,-0.573994771404,-0.0119856803443,0.0,-0.00866586952407,0.00851842697255,-0.999926166828,0.0,0.656510422108,0.254152505336,0.303318125956,1.0,-0.01448,-0.0190308571429,0.725
0.461134897564,0.518440689042,-0.12410455355,-1.40215456434,0.0767757425845,1.91113854255,0.153224950567,-0.00340792266984,-0.0761733527091,-0.000690692626114,-0.121975978442,-0.00973941612346,0.0360279508794,-0.0110370086307,0.574051770644,0.818804835954,0.00198799875027,0.0,0.818761277055,-0.573992120997,-0.0119901263689,0.0,-0.00867664488769,0.00851081352743,-0.999926138216,0.0,0.656250815229,0.253829627818,0.30333570622,1.0,-0.01482,-0.0194777142857,0.742
0.460968917751,0.517162459392,-0.124106140785,-1.40416781574,0.0766373517168,1.91186674852,0.152950508725,-0.0100930149633,-0.0761233729666,0.000666340431365,-0.123646726724,-0.00713572260696,0.0399903768919,-0.0131062071164,0.574033138621,0.818817934027,0.00197321596871,0.0,0.818774272391,-0.573973642117,-0.0119873235829,0.0,-0.00868302874967,0.00849690304074,-0.999926201102,0.0,0.656003082701,0.253524729704,0.303337500187,1.0,-0.01514,-0.0198982857143,0.758
0.460786494384,0.515808077351,-0.124109585012,-1.40632716774,0.0765069007026,1.91269711542,0.152652803519,-0.00839178527435,-0.085872086485,0.000610304202192,-0.124421151166,-0.00607990025034,0.0457901983911,-0.0144489534351,0.57402030698,0.818826883612,0.00199217216704,0.0,0.818783479038,-0.57396074167,-0.0119761587286,0.0,-0.00866313890714,0.00850587973216,-0.999926297301,0.0,0.655746549499,0.25319981176,0.303331761036,1.0,-0.01548,-0.0203451428571,0.775
0.460585886094,0.514337061737,-0.124113018072,-1.40868199943,0.0763596600992,1.91354241898,0.152330358518,-0.0139836459049,-0.0805165423231,-4.54960942462e-06,-0.13080236099,-0.00277545698764,0.0394700218557,-0.0240031263865,0.574007075228,0.818836245547,0.00195639153789,0.0,0.818792337817,-0.57394762739,-0.0119989768734,0.0,-0.00870249844208,0.00848953947178,-0.999926094389,0.0,0.655454282705,0.252839744834,0.303315602775,1.0,-0.01584,-0.0208182857143,0.793
0.460422608792,0.513090738776,-0.124120985849,-1.41069639503,0.0762400207428,1.91424572545,0.15204704962,-0.00937097429942,-0.0865484511193,-0.00176298545923,-0.133132640046,-0.00654167205281,0.0430945420274,-0.0153939044738,0.573987729796,0.81884993518,0.00190173605577,0.0,0.818805215422,-0.573928423356,-0.012038727592,0.0,-0.00876661971682,0.0084673963446,-0.99992572203,0.0,0.655197919044,0.252533842884,0.303291438002,1.0,-0.01614,-0.0212125714286,0.808
0.460224432056,0.511662739945,-0.124121676261,-1.41299415005,0.0761015500919,1.91508334097,0.151726245251,-0.0129710175174,-0.0812412022405,-0.000228890207237,-0.13470846828,-0.00852859856784,0.0493889333205,-0.0138007498632,0.573970697595,0.818861936964,0.00187440538045,0.0,0.818816777025,-0.573911432118,-0.0120623649432,0.0,-0.00880183830819,0.00845840144402,-0.999925488768,0.0,0.65491310152,0.252184185755,0.303270693927,1.0,-0.01648,-0.0216594285714,0.825
0.46002640969,0.510193715329,-0.124122116342,-1.41531572968,0.0759570743803,1.91596559228,0.151399271656,-0.0131702907156,-0.0869579976131,0.00065344437685,-0.139203722472,-0.00545349515209,0.0472812570096,-0.00951593185844,0.57394770219,0.818878004148,0.00189641099319,0.0,0.818833144514,-0.573888355962,-0.0120492007389,0.0,-0.00877866628209,0.00846861830131,-0.999925605994,0.0,0.654631924864,0.251834586012,0.303270685894,1.0,-0.01682,-0.0221062857143,0.842
0.459829130456,0.508764550096,-0.124125440568,-1.41754395799,0.0758148528471,1.91676884323,0.151087831874,-0.0132516791991,-0.0928129525495,0.00112318156174,-0.135839155256,-0.00670189486459,0.0484858551153,-0.0232393770157,0.573933853088,0.818887710035,0.00189671672977,0.0,0.818842850637,-0.573874503633,-0.0120493543697,0.0,-0.00877875985371,0.00846880836529,-0.999925603563,0.0,0.654355641465,0.251489486113,0.303279934982,1.0,-0.01714,-0.0225268571429,0.858
0.459602745518,0.507147999083,-0.124132709999,-1.42008777999,0.0756550596025,1.91768944625,0.150731618497,-0.00607392846218,-0.0889068071979,-0.000641329686645,-0.143134459085,-0.0102047300683,0.0536669131519,-0.0173081264179,0.573921270255,0.818896550207,0.00188746124924,0.0,0.818851559605,-0.573861952737,-0.0120552658529,0.0,-0.00878904263684,0.00846448704677,-0.999925549823,0.0,0.654040425125,0.251093258659,0.303279864621,1.0,-0.0175,-0.023,0.876
0.459376622074,0.50556663184,-0.124138761605,-1.42254808137,0.0755034407639,1.91861500217,0.150403531302,-0.00813396829948,-0.0938399394654,-0.00245491489218,-0.15205716191,-0.00327838276949,0.0544683841084,-0.024937664989,0.573928329443,0.818891517089,0.00192426716673,0.0,0.818847021842,-0.573868865532,-0.0120344046029,0.0,-0.00875076330591,0.00848272948714,-0.999925730963,0.0,0.653743423674,0.25070905554,0.303294732893,1.0,-0.01784,-0.0234468571429,0.893
0.459158221063,0.503911062168,-0.124135154265,-1.42502767989,0.0753449103389,1.91956303022,0.150049472043,-0.0113943084871,-0.100195137647,0.000486497156802,-0.149896448119,-0.0118855056885,0.0601935157873,-0.0237850459105,0.573899475218,0.81891149062,0.00202725819714,0.0,0.81886838955,-0.573839625886,-0.0119746089451,0.0,-0.00864299017973,0.00853244372059,-0.999926245343,0.0,0.65344345045,0.250334729499,0.303353200833,1.0,-0.01818,-0.0238937142857,0.91
0.458931733883,0.502320650389,-0.124148377911,-1.4273649036,0.0751956646821,1.92043844542,0.149721815818,-0.0136806210778,-0.108021544888,-0.00274474579274,-0.14714325165,-0.0068932634512,0.0532229061157,-0.0228748475555,0.573905501941,0.818907000599,0.00213216157027,0.0,0.818865370164,-0.573845322281,-0.0119079193788,0.0,-0.00852811179102,0.00858013891592,-0.999926823585,0.0,0.653165770666,0.24995799657,0.303427498553,1.0,-0.0185,-0.0243142857143,0.926
0.458686228132,0.500501670237,-0.12414472472,-1.43010097615,0.0750202669264,1.92140306275,0.14933639132,-0.0101189659984,-0.102684613573,0.000800526206495,-0.149094479639,-0.00445692406039,0.0527634776569,-0.0208718280342,0.573880192877,0.818924629485,0.00217309631084,0.0,0.818883468443,-0.573819786771,-0.0118938775393,0.0,-0.0084933871193,0.00860533906002,-0.999926902586,0.0,0.652817114577,0.249536456377,0.30347809015,1.0,-0.01886,-0.0247874285714,0.944
0.458464065604,0.499011433814,-0.124146902685,-1.43241664332,0.0748705846228,1.92225082974,0.149017464898,-0.0193924896927,-0.0959982987635,0.000406791936355,-0.158939276325,-0.0115756469444,0.0531041051379,-0.0203262565463,0.573879807686,0.818924860126,0.00218785246024,0.0,0.818883909607,-0.573819361126,-0.0118840348357,0.0,-0.00847686267047,0.00861177060561,-0.999926987438,0.0,0.652530824871,0.249168553747,0.303488946547,1.0,-0.01916,-0.0251817142857,0.959
0.45818948589,0.497233012387,-0.124150435448,-1.43521954368,0.0746987830207,1.9232842957,0.148594648396,-0.013498769174,-0.101990987481,-0.000898960823943,-0.154038054291,-0.014066293125,0.0530084826622,-0.0204839052253,0.573856767275,0.818940986965,0.0021948628851,0.0,0.818900071756,-0.573796238675,-0.0118867935619,0.0,-0.00847534156017,0.0086188562405,-0.999926939282,0.0,0.652184948558,0.248720787761,0.303484455523,1.0,-0.01952,-0.0256548571429,0.977
0.457921854762,0.495560384936,-0.12414793279,-1.43791597602,0.0745332341142,1.92420978792,0.14820038971,-0.0156176186331,-0.101783973918,-0.000193606626636,-0.157008025951,-0.0116373315402,0.0493696373463,-0.0229877976561,0.573842424082,0.818951250227,0.00211399550166,0.0,0.818909088955,-0.573782031311,-0.0119512121809,0.0,-0.00857465261279,0.00858944807242,-0.999926345645,0.0,0.651835682109,0.248286287191,0.303446743803,1.0,-0.01986,-0.0261017142857,0.994
0.457661100869,0.493943530089,-0.124158228222,-1.44054895765,0.0743666366776,1.92515576042,0.147835068823,-0.0147113124163,-0.107807665787,-0.000887003138353,-0.173850571659,-0.00466362990764,0.0644398470749,-0.0199959449284,0.573851594438,0.818944990043,0.00204883995694,0.0,0.818901953065,-0.573791445605,-0.0119881240658,0.0,-0.00864217369166,0.00855736790761,-0.999926039409,0.0,0.651504402077,0.247856854831,0.303401977623,1.0,-0.0234565714286,-0.0308286367347,1.01
0.457391565376,0.491873236699,-0.124235525734,-1.4437578728,0.0741885642211,1.92636596583,0.14738016444,-0.0163182302954,-0.133940315726,-0.00553402430606,-0.213317458561,-0.007871215078,0.0867834504633,-0.0286050593744,0.573868810309,0.818932790738,0.00210231067324,0.0,0.818890598962,-0.573808584275,-0.0119433012564,0.0,-0.00857460220505,0.00857561563674,-0.999926464803,0.0,0.651114400111,0.247336141895,0.303422833107,1.0,-0.0296371428571,-0.0389516734694,1.026
0.456971516427,0.489008136282,-0.124242732575,-1.44834132879,0.0739269419009,1.92803034212,0.146705762651,-0.027705219776,-0.168324002659,-0.0011564567321,-0.272624949402,-0.00892667109197,0.106106943838,-0.0398667193088,0.573823937551,0.818964324717,0.00206650315599,0.0,0.818921337345,-0.573763538685,-0.0119996590702,0.0,-0.0086417749047,0.00857816030122,-0.999925864698,0.0,0.650524851605,0.246623780891,0.303378388322,1.0,-0.0365902857143,-0.0480900897959,1.044
0.45648423087,0.485855655713,-0.124298058395,-1.45323118068,0.0736340407923,1.92988524672,0.145981792017,-0.0314679954245,-0.210784515089,-0.00899310051264,-0.320950672297,-0.0184683432445,0.124018706214,-0.0376535376613,0.573833641444,0.818957289631,0.00215791755415,0.0,0.818915626243,-0.573772994622,-0.0119371118186,0.0,-0.00853799430661,0.00861723465688,-0.999926420253,0.0,0.649931317321,0.245815078957,0.303403538497,1.0,-0.0427708571429,-0.0562131265306,1.06
0.455813008766,0.481531412982,-0.124403077986,-1.46001863443,0.073228347149,1.93225861412,0.144941244086,-0.0344752286015,-0.242038398322,-0.00427053957715,-0.378391045422,-0.0195170988907,0.13358287711,-0.0503734583181,0.573830487319,0.818959718149,0.00207334857221,0.0,0.818916907764,-0.573770146015,-0.0119860177532,0.0,-0.00862660629675,0.00857600772451,-0.999926014141,0.0,0.649063684399,0.244666385173,0.303382348164,1.0,-0.0501102857143,-0.0658592326531,1.079
0.455179976628,0.477578492135,-0.124484671657,-1.46616725111,0.072857921385,1.93445528201,0.144030254812,-0.046348116668,-0.27251824868,-0.0112967952814,-0.417793403551,-0.0255078241557,0.15447368847,-0.0619948417445,0.573860943384,0.818938392551,0.00206730898954,0.0,0.818895495281,-0.573800615508,-0.0119903441234,0.0,-0.0086332961896,0.00857386528251,-0.999925974776,0.0,0.648284203726,0.24362143821,0.303387630309,1.0,-0.0559045714286,-0.0734745795918,1.094
0.45440993771,0.472918029924,-0.12454356055,-1.47335075073,0.0724315841609,1.93706221325,0.143000766101,-0.0510785684485,-0.301592191647,-0.000269115707416,-0.457840638559,-0.0299223009499,0.167695965129,-0.0649008079795,0.573922369087,0.818895154331,0.00214181588546,0.0,0.818853059316,-0.573861553849,-0.0119720994012,0.0,-0.00857495348917,0.00862505420062,-0.999926036571,0.0,0.647373247875,0.242407591169,0.303420653874,1.0,-0.0620851428571,-0.0815976163265,1.11
0.453443791772,0.467078507245,-0.124586418573,-1.48217013031,0.0718955886306,1.94034463797,0.141605289709,-0.0570842471841,-0.340420491832,-0.00424168096597,-0.507938236533,-0.0354182875515,0.193702271936,-0.0795152081071,0.573877215491,0.818926070952,0.00240390439481,0.0,0.818887301953,-0.573815268919,-0.0118478165616,0.0,-0.00832324906775,0.00876788757106,-0.999926921166,0.0,0.646260989789,0.240927809917,0.303541261353,1.0,-0.0690382857143,-0.0907360326531,1.128
0.45242369116,0.461073286517,-0.124614538927,-1.49146806942,0.0712941113312,1.94357150495,0.140170280187,-0.0608510435498,-0.356405346716,0.000822891947563,-0.562020440177,-0.0326494986247,0.194786773032,-0.0867909607792,0.573829698727,0.818959536688,0.00234542690568,0.0,0.818919710698,-0.573767677142,-0.0119124723961,0.0,-0.00841026465038,0.00875661536118,-0.999926291852,0.0,0.64502097012,0.239356327207,0.303535279717,1.0,-0.0756051428571,-0.0993667591837,1.145
0.451420729118,0.455364308592,-0.124689011792,-1.50034322066,0.0706962390115,1.94657975005,0.138832984933,-0.07059297955,-0.386876135382,-0.00201920171367,-0.603061640412,-0.0400801256805,0.208183168083,-0.102243417398,0.573852313806,0.818944142526,0.00218180267395,0.0,0.818902144459,-0.573790913478,-0.0120005129541,0.0,-0.00857601635661,0.00867337200332,-0.999925609514,0.0,0.643744651373,0.237693922968,0.303498524647,1.0,-0.0817857142857,-0.107489795918,1.161
0.450131149159,0.447857095951,-0.124778426778,-1.51144487048,0.0699425094511,1.95076082968,0.137057495269,-0.0721465007819,-0.417153483099,-0.00399268793953,-0.630383087403,-0.0345403395357,0.230729644584,-0.0975779297423,0.573823205925,0.818963161415,0.00264867682364,0.0,0.818927998088,-0.573760823868,-0.0116703832061,0.0,-0.00803806168654,0.00886598301213,-0.999928389391,0.0,0.642414188695,0.235873817642,0.303732640187,1.0,-0.0883525714286,-0.116120522449,1.178
0.448782924835,0.440447470322,-0.124799251864,-1.52287197558,0.0691967019149,1.95468486173,0.135287882214,-0.0828117573695,-0.438620250663,0.00106709112016,-0.697561455514,-0.0421657131904,0.226349573618,-0.10868342924,0.573799051481,0.818980322584,0.00257422627791,0.0,0.818943666808,-0.573736364797,-0.0117729013404,0.0,-0.00816500451229,0.00886359658122,-0.999927382042,0.0,0.640840589828,0.233897183177,0.303706259658,1.0,-0.0949194285714,-0.12475124898,1.195
0.447407967814,0.432910419908,-0.124841192894,-1.53421266641,0.0684373490113,1.95865847032,0.133428385643,-0.0889392257235,-0.482668069095,-0.00369275951179,-0.718626241226,-0.0508408270874,0.264867386753,-0.120110583868,0.573720846868,0.819034665634,0.00271168940446,0.0,0.818999666881,-0.573657532019,-0.0117187247193,0.0,-0.00804261557601,0.00894432159499,-0.999927655106,0.0,0.639290837885,0.23190817114,0.303798761281,1.0,-0.1011,-0.132874285714,1.211
0.44580318622,0.424597881238,-0.124867010418,-1.54691379039,0.0675322817335,1.96308938063,0.131341055814,-0.0999859341516,-0.503837052481,-0.00172241176974,-0.743640872802,-0.0496040054778,0.259304859492,-0.136175353188,0.573637982919,0.819092694998,0.00271448989649,0.0,0.819057823925,-0.57357477041,-0.0117051577379,0.0,-0.0080308008956,0.0089380193468,-0.999927806418,0.0,0.637533677391,0.229646076971,0.303796926588,1.0,-0.107666857143,-0.141505012245,1.228
0.443951830818,0.415242877135,-0.125003452883,-1.56106701991,0.0664988365668,1.96797236163,0.129052305074,-0.104592809488,-0.537704410199,-0.00453025677071,-0.810940732411,-0.060024796268,0.289036228322,-0.129796586842,0.57368489844,0.819059811969,0.00272187815304,0.0,0.819025626365,-0.573622311879,-0.0116281371381,0.0,-0.00796296309081,0.00890034599156,-0.999928684987,0.0,0.635571464569,0.227023061479,0.303835263751,1.0,-0.11462,-0.150643428571,1.246
0.442277600733,0.40712558859,-0.12505424705,-1.57342555359,0.0656857177485,1.97221038879,0.126966891648,-0.114509761849,-0.543746615918,-0.000893439660946,-0.84685066816,-0.0590972500733,0.284540585908,-0.141463801547,0.573666924667,0.819072371096,0.00273081511616,0.0,0.819037712434,-0.573603651499,-0.0116971577545,0.0,-0.00801456752014,0.00894708534131,-0.999927855583,0.0,0.633816046564,0.224754961556,0.303812878836,1.0,-0.120414285714,-0.15825877551,1.261
0.440054013468,0.396838930867,-0.125190792739,-1.58881468318,0.0646298704923,1.97743070607,0.124360843602,-0.124364642691,-0.588526837426,-0.0126729689802,-0.848903413885,-0.0616201840023,0.29663819392,-0.149380725537,0.573774846092,0.81899647811,0.00281810865443,0.0,0.818962746528,-0.573711023404,-0.0116802536399,0.0,-0.00794945964606,0.00900993520738,-0.999927810974,0.0,0.631633030962,0.221801433266,0.303878512257,1.0,-0.127367428571,-0.167397191837,1.279
0.437831616701,0.386823209967,-0.125311656534,-1.60405271146,0.0634416515365,1.9825437078,0.12175485789,-0.133175623504,-0.596088920716,-0.00900338376248,-0.927069396157,-0.0635309294972,0.293976407516,-0.162927066584,0.573809042449,0.818972994949,0.0026764247285,0.0,0.818938139397,-0.573746507463,-0.0116625861791,0.0,-0.00801590812258,0.00888409474168,-0.999928406476,0.0,0.629564429405,0.219032083293,0.303814189033,1.0,-0.133548,-0.175520228571,1.295
0.435612129307,0.376872115015,-0.12541038536,-1.61872956979,0.0623682381227,1.98744883308,0.119102956222,-0.142319987805,-0.624609982069,-0.00859884794366,-0.930656293428,-0.0623382819842,0.312051451292,-0.1665309464,0.573768422192,0.81900114871,0.00276821387353,0.0,0.818967361099,-0.573705439365,-0.0116308726341,0.0,-0.00793771151679,0.00894067638666,-0.999928525967,0.0,0.627263931921,0.216007081242,0.303898657856,1.0,-0.140114857143,-0.184150955102,1.312
0.433018121398,0.366088765728,-0.125524976728,-1.6348589274,0.0611525504257,1.99276881527,0.116266050814,-0.156968716566,-0.64392989733,-0.00866622271727,-0.951506136501,-0.0740193368263,0.315849677279,-0.170670349389,0.57389461957,0.818912940439,0.00270342603034,0.0,0.81887831773,-0.573831849258,-0.0116643229506,0.0,-0.00800090708964,0.00890804064949,-0.999928313579,0.0,0.624865423768,0.212777245016,0.303872658731,1.0,-0.146681714286,-0.192781681633,1.329
0.430125828941,0.354210002406,-0.125668736063,-1.65245103873,0.0598018716143,1.99854403857,0.112976656498,-0.161238343327,-0.652810701226,-0.0091223643367,-0.991607452081,-0.0726240437819,0.315927692773,-0.190049590028,0.573905797524,0.818905102577,0.00270470744027,0.0,0.818870635681,-0.573843176395,-0.0116463653124,0.0,-0.00798534381464,0.00889889340506,-0.999928519435,0.0,0.622209693505,0.209218689895,0.30388566181,1.0,-0.153634857143,-0.201920097959,1.347
0.42736589917,0.343172856553,-0.125792190244,-1.66858019541,0.0586038154064,2.00377538967,0.109940425562,-0.170533551288,-0.693267424394,-0.00439239561428,-1.01253086826,-0.0777056996104,0.332606291926,-0.179735130596,0.573972935162,0.818857682764,0.0028128243231,0.0,0.818824260655,-0.573909533725,-0.0116371888638,0.0,-0.00791504720033,0.00898281319287,-0.999928327979,0.0,0.619733863567,0.205915808659,0.303955318927,1.0,-0.159815428571,-0.210043134694,1.363
0.423937842455,0.329832789674,-0.125864834828,-1.68824289859,0.0570257217668,2.01004915835,0.106160467,-0.183024420484,-0.727794593599,-0.00104414745385,-1.02907175369,-0.0771307644373,0.324013101028,-0.210283799531,0.573912362077,0.818900449511,0.00272054161393,0.0,0.818865687265,-0.573849126694,-0.0117009791646,0.0,-0.00802091109574,0.00894326695501,-0.999927838877,0.0,0.616628218234,0.201896259514,0.303912622439,1.0,-0.167154857143,-0.219689240816,1.382
0.421063481863,0.318877159318,-0.125875574603,-1.70411771417,0.0556829888288,2.01510267483,0.103072012897,-0.205109947163,-0.724859557947,-0.000707028390332,-1.06130085868,-0.0882448109148,0.328051786576,-0.193361344335,0.573834859832,0.818954587621,0.00277199509259,0.0,0.818920769172,-0.573771765631,-0.0116396599982,0.0,-0.00794201334363,0.00894945932174,-0.999928413239,0.0,0.614085685137,0.198626214178,0.3039615855,1.0,-0.172949142857,-0.227304587755,1.397
