position_joint1,position_joint2,position_joint3,position_joint4,position_joint5,position_joint6,position_joint7,velocity_joint1,velocity_joint2,velocity_joint3,velocity_joint4,velocity_joint5,velocity_joint6,velocity_joint7,ee_T_00,ee_T_10,ee_T_20,ee_T_30,ee_T_01,ee_T_11,ee_T_21,ee_T_31,ee_T_02,ee_T_12,ee_T_22,ee_T_32,ee_T_03,ee_T_13,ee_T_23,ee_T_33,v_x,v_y,time
0.465067387502,0.547825080111,-0.123898720825,-1.35585678311,0.0795218823883,1.8940983243,0.159162856728,-0.00145246431851,-0.00149071818863,-0.00118952959541,0.000619142892238,2.07832354361e-05,-0.000164025358919,-0.000821354460737,0.573758324562,0.81901065411,0.00191842391478,0.0,0.818966395775,-0.573699210421,-0.0120002272353,0.0,-0.00872788371106,0.00845651780609,-0.99992615295,0.0,0.661649796865,0.260938257325,0.303168841496,1.0,0.0,0.0,0.0
0.465074398588,0.547836719448,-0.123895747209,-1.35585177177,0.0795224927399,1.89409803218,0.159158177529,0.00135911870379,0.00197202469745,0.000958561670137,0.000685882727432,0.000263674503786,-0.00026261111039,-0.00195308105213,0.573746579041,0.819018894542,0.00191319718239,0.0,0.818974550178,-0.573687471482,-0.0120049209576,0.0,-0.00873484801063,0.00845480491413,-0.999926106622,0.0,0.66164803115,0.260945136355,0.303162858567,1.0,-0.00028,-0.000368,0.015
0.465068746695,0.547818972593,-0.123896090288,-1.35585807661,0.0795224927399,1.89410186871,0.159162856728,-0.000242179469653,-0.00320080801313,-0.000565529236985,0.00132643421757,0.000212681571649,-0.000113510643026,-0.00072345771185,0.573755620222,0.819012529455,0.00192659318263,0.0,0.81896836247,-0.573696456712,-0.0119976552266,0.0,-0.00872111818077,0.00846170389366,-0.999926168107,0.0,0.661649377055,0.260940947237,0.303172774394,1.0,-0.00062,-0.000814857142857,0.032
0.465069062569,0.547792456425,-0.123895862631,-1.35589048367,0.0795182343192,1.89410528805,0.159160976534,0.000301527217828,-0.00261270281973,0.000156631869668,-0.000356310080755,0.000216964218697,-8.25429965017e-05,-0.0011374574941,0.573753001638,0.81901435818,0.00192901742273,0.0,0.818970248424,-0.573693852948,-0.0119934226913,0.0,-0.00871628776579,0.00846123305191,-0.999926214209,0.0,0.66164318346,0.260935231926,0.30318226228,1.0,-0.00098,-0.001288,0.05
0.465074016876,0.547680102807,-0.123890645781,-1.35600271228,0.0795192593253,1.89412301867,0.159158244079,0.000792091178251,-0.00682184243455,0.000724666954621,-0.00725915162882,-1.1347919416e-05,0.00282783190614,-0.000972283569158,0.573750659026,0.819015957932,0.00194648949923,0.0,0.818971930839,-0.57369129486,-0.0120008999798,0.0,-0.0087124122527,0.00847980779845,-0.999926090635,0.0,0.661621668492,0.260933157757,0.303203962659,1.0,-0.00128,-0.00168228571429,0.065
0.465068083907,0.547545812896,-0.123890563825,-1.35619816806,0.079517254785,1.8941573362,0.159161976777,0.000438791552258,-0.0033880094886,0.000425539890854,-0.0119845100356,0.000328777228507,0.00920273480823,0.00123132228124,0.573768649868,0.819003392393,0.0019304349415,0.0,0.818959013454,-0.573709213975,-0.0120257633165,0.0,-0.00874180094615,0.00848111636473,-0.99992582304,0.0,0.661588886331,0.260909843536,0.303209038863,1.0,-0.00162,-0.00212914285714,0.082
0.465043483917,0.547366496265,-0.123900835097,-1.35642176938,0.0795120031858,1.89427020312,0.159144862764,-0.000498106141195,-0.0139484477907,-0.00102346930386,-0.0127708250826,2.81445546014e-05,0.00881416681084,-0.00118123816275,0.573793238956,0.818986021999,0.00199037705905,0.0,0.818942449873,-0.573733568072,-0.0119918124061,0.0,-0.00867934771143,0.00851098900924,-0.999926113265,0.0,0.661573943616,0.260870266555,0.303239766238,1.0,-0.00198,-0.00260228571429,0.1
0.465028576524,0.547188208406,-0.12389589001,-1.35662694292,0.0795109186013,1.89438674234,0.159138819426,0.000604448319225,-0.00885575200147,-0.00410708611444,-0.0123875221923,-1.15520492478e-06,0.0120355436126,0.000665765262209,0.573808442416,0.818975163827,0.00207348685413,0.0,0.818932611591,-0.573748358243,-0.0119560021376,0.0,-0.0086021747495,0.00855866574951,-0.999926373205,0.0,0.661557668194,0.260849010271,0.303278352932,1.0,-0.0023,-0.00302285714286,0.116
0.464992720724,0.54697101091,-0.123888807915,-1.35690455766,0.0795079406504,1.89452083066,0.159120886515,-0.00207967871772,-0.0110513687323,0.000907493852505,-0.0217740851211,0.00017023375954,0.00634532623973,0.000347009286722,0.573833065775,0.818957726817,0.00214504357768,0.0,0.818915998026,-0.57377257479,-0.0119317851391,0.0,-0.00854102489901,0.00860362899531,-0.999926511531,0.0,0.661534371217,0.260807925611,0.303311462803,1.0,-0.00264,-0.00346971428571,0.133
0.464962180281,0.546726150141,-0.123891602986,-1.3572767852,0.0795011860965,1.89465101059,0.159074168269,-0.000701827630277,-0.0153957793994,8.87879397964e-05,-0.017089712728,-0.00114653039281,0.0018941118352,-0.0102517778836,0.57384074714,0.818952316526,0.00215570870121,0.0,0.818910587778,-0.57378007155,-0.0119425968154,0.0,-0.00854367912676,0.00861864729458,-0.999926359521,0.0,0.661490386919,0.260752882858,0.303319100711,1.0,-0.00298,-0.00391657142857,0.15
0.464921142576,0.546464669858,-0.123896547142,-1.35766604983,0.0794927969511,1.8947924428,0.158955404302,-0.00561869794362,-0.0148721077196,-0.00520316090938,-0.0241266313518,0.000113418784006,0.00971647063027,-0.00509359702186,0.573800064218,0.818980769195,0.00217552142103,0.0,0.818939178109,-0.573739190933,-0.0119461394281,0.0,-0.00853564089529,0.00863648157451,-0.999926274293,0.0,0.661448474401,0.260688350076,0.303331430477,1.0,-0.0033,-0.00433714285714,0.166
0.464873899694,0.546179971733,-0.12389671056,-1.35814599109,0.0794730699176,1.8949617042,0.158934250161,-0.00808527753347,-0.0141900894443,-0.00221924382163,-0.0262790676029,-0.000420151776846,0.0145103456259,0.00152572064159,0.573859375565,0.81893926089,0.00215660611599,0.0,0.818897342556,-0.573798490942,-0.0119658283826,0.0,-0.00856199416159,0.0086329080313,-0.999926079845,0.0,0.661391837535,0.260603158957,0.303318493941,1.0,-0.00366,-0.00481028571429,0.184
0.464816064194,0.545837962486,-0.123894424136,-1.35873310856,0.0794468794518,1.89515658533,0.158871440352,-0.00543321174794,-0.0128762676786,0.000404677734748,-0.0332475104298,-0.00129502401453,0.0128471778744,-0.00216126578304,0.573863237675,0.818936650585,0.0021198290001,0.0,0.818894100142,-0.573802352119,-0.0120025145719,0.0,-0.00861310204468,0.00862388337046,-0.999925718796,0.0,0.661322105841,0.260518924911,0.303298781006,1.0,-0.004,-0.00525714285714,0.201
0.464755025426,0.545498287092,-0.12389703497,-1.3593094349,0.0793783448032,1.89535863812,0.158781920045,-0.00701732413036,-0.0260981451799,-0.000311443442211,-0.0356150585244,-0.0125536464812,0.0132091664648,-0.0032251147174,0.573855697211,0.818942060346,0.00207062219853,0.0,0.818899160831,-0.573795310931,-0.0119938502946,0.0,-0.00863432140095,0.00857853526721,-0.99992592587,0.0,0.661259300096,0.260415712871,0.303282460787,1.0,-0.00432,-0.00567771428571,0.217
0.464693576013,0.545105294246,-0.123899775558,-1.36000734935,0.0793301999766,1.89557377831,0.158708512265,-0.00386167255846,-0.0256173991902,-0.000467358793587,-0.0431341803877,-0.000235722836843,0.0176488853201,-0.000526638427294,0.573873774161,0.818929593167,0.00198989128628,0.0,0.818885634475,-0.573813722626,-0.0120364561905,0.0,-0.0087153510422,0.00853706429503,-0.999925577825,0.0,0.661171483453,0.260302609544,0.303247167966,1.0,-0.00466,-0.00612457142857,0.234
0.464621500284,0.544678871313,-0.123900151746,-1.36071926282,0.0793105650667,1.89582024518,0.158617603666,-0.00307354706291,-0.0288806704462,-0.000438137867816,-0.0443845293513,-0.000282909046702,0.0153700941378,-0.00837492892722,0.57389304236,0.818916141005,0.00196896728746,0.0,0.81887166231,-0.573832837622,-0.0120756794165,0.0,-0.00875927934534,0.00854264438702,-0.999925146325,0.0,0.66108812595,0.260189383309,0.303231533421,1.0,-0.005,-0.00657142857143,0.251
0.464570989579,0.544247787226,-0.123903673063,-1.36144538463,0.0792807846198,1.8960809372,0.158527923301,-0.0014007368763,-0.0285273897697,-0.000973886577817,-0.0465222206446,9.40512762477e-05,0.0105713733301,-0.00210584175398,0.573895989818,0.8189141313,0.00194559209967,0.0,0.818869211994,-0.573835755404,-0.0121031553733,0.0,-0.00879516399044,0.00853930221041,-0.999924859881,0.0,0.661000048929,0.260086293323,0.303213716452,1.0,-0.00532,-0.006992,0.267
0.464490462519,0.543701504541,-0.123905416996,-1.36231234508,0.0792479573758,1.89638669953,0.158418342455,-0.00421926424806,-0.0351579648107,0.0023365674797,-0.0480825163481,-0.00180554525766,0.0158672099122,-0.000525345739931,0.573912884908,0.818902296663,0.0019431822902,0.0,0.818857144387,-0.573852463478,-0.0121274131038,0.0,-0.00881623623892,0.0085514319836,-0.99992457065,0.0,0.660899054264,0.259951762686,0.303214179754,1.0,-0.00568,-0.00746514285714,0.285
0.464417454763,0.54316745736,-0.123909324984,-1.36316534952,0.0791887639412,1.89668531831,0.158306757413,-0.00378282023926,-0.0309047775311,0.000830338620074,-0.0531010952624,-0.0046542598514,0.0152961110584,-0.00495325247728,0.573915626614,0.81890042832,0.00192065805854,0.0,0.818855038133,-0.573855359591,-0.0121325881098,0.0,-0.00883337174866,0.00853598677943,-0.99992455139,0.0,0.660799408264,0.259817698893,0.303211966099,1.0,-0.00602,-0.007912,0.302
0.464342723956,0.542621694766,-0.123906276878,-1.3640210197,0.0791384287157,1.89699193612,0.158206214522,-0.00046561847585,-0.0277410326569,0.000961177611844,-0.053075680366,-0.00198784829393,0.0187002461026,-0.00831326944982,0.573926440807,0.818892852649,0.00191919876871,0.0,0.818847393981,-0.573866131184,-0.0121390177574,0.0,-0.00883936189245,0.00853859856117,-0.999924476156,0.0,0.660699285368,0.259688350706,0.30321718665,1.0,-0.00634,-0.00833257142857,0.318
0.464272808003,0.5420547647,-0.123905026067,-1.36489336312,0.0790922982945,1.89732482747,0.158082101771,-0.00162197318962,-0.0329300921924,0.00154591782652,-0.0541872285542,-0.000322047810559,0.0244537518515,-0.00688074975531,0.573924677608,0.818894010433,0.00195218104341,0.0,0.818848942608,-0.573864182622,-0.0121266646016,0.0,-0.00881033585623,0.00855849823271,-0.9999245622,0.0,0.660595884008,0.259551872172,0.303236358281,1.0,-0.00668,-0.00877942857143,0.335
0.464175381731,0.541332228298,-0.123907469708,-1.36598273635,0.0790317705989,1.89773024987,0.157932768105,-0.003779069069,-0.0364609165247,-0.00332485939658,-0.0615947579137,-0.00666444576251,0.0244736739776,-0.00460860619007,0.573920869935,0.818896608628,0.00198149725522,0.0,0.818851869624,-0.573860193102,-0.0121178086939,0.0,-0.00878629920942,0.00857738118058,-0.999924611897,0.0,0.660477688265,0.259394047251,0.303259290448,1.0,-0.00704,-0.00925257142857,0.353
0.464087559269,0.540635019219,-0.12391016817,-1.36705204426,0.0789690547489,1.89811740688,0.157819058969,-0.00658694211112,-0.043287144781,0.000454365840413,-0.0645914878101,-0.0110534236697,0.0184492202712,-0.0082470601115,0.573943994014,0.818880369763,0.00199465597335,0.0,0.818835782498,-0.573883236634,-0.0121135838169,0.0,-0.00877504531599,0.00858597966915,-0.999924636927,0.0,0.660353254967,0.259232840557,0.303276813205,1.0,-0.00738,-0.00969942857143,0.37
0.464007569054,0.539983743187,-0.123910431288,-1.36802455852,0.0789039812109,1.89848224821,0.157687032089,-0.00031624332914,-0.0379898791888,0.000169921804385,-0.070826329835,-0.000565913388449,0.0257349525121,-0.0127025806198,0.573937988735,0.818884495635,0.00202849630394,0.0,0.818840414832,-0.573877147509,-0.0120889000845,0.0,-0.00873547336079,0.00859945932178,-0.99992486758,0.0,0.660242885516,0.259087220838,0.303305808019,1.0,-0.00768,-0.0100937142857,0.385
0.463908837723,0.53923869521,-0.123916037769,-1.36918171145,0.0788418402723,1.89893088006,0.157541802894,-0.00159303266725,-0.0412609819353,-0.00195809009004,-0.0704197365343,-2.54325845878e-05,0.0275693919591,-0.00791639912489,0.57395135636,0.818875044623,0.0020612442518,0.0,0.818831371527,-0.573890352042,-0.0120745905873,0.0,-0.00870482031139,0.00861820502995,-0.999924973508,0.0,0.6601147346,0.258911603936,0.303320547407,1.0,-0.00802,-0.0105405714286,0.402
0.463792141663,0.538471021973,-0.123918917614,-1.37037502582,0.0787694580764,1.89938654756,0.157398326337,-0.00904051201559,-0.0522521192542,-0.00167960054653,-0.0729471646001,-0.00758232272248,0.023337326464,-0.0110673791087,0.573978064466,0.818856264442,0.00208484943169,0.0,0.818812930273,-0.573916985889,-0.0120592464913,0.0,-0.00867842611859,0.00862901076755,-0.999925109742,0.0,0.659984567433,0.258720550784,0.303334435756,1.0,-0.00836,-0.0109874285714,0.419
0.463673844923,0.537588796369,-0.123925293193,-1.37176208674,0.078700393291,1.89992112789,0.15722445309,-0.00401220651315,-0.050092139531,-1.88307815924e-05,-0.0744739442232,-0.00712646546917,0.0248094137433,-0.0161989123349,0.573995204344,0.818844172407,0.00211509012575,0.0,0.818801150353,-0.573933912154,-0.0120535290221,0.0,-0.00865620670505,0.00865067263442,-0.99992511517,0.0,0.65982903514,0.258510818517,0.303343849772,1.0,-0.00874,-0.0114868571429,0.438
0.463571889794,0.536854509871,-0.123925477885,-1.37291284409,0.0786269110326,1.9003470063,0.157086606974,-0.00687008515337,-0.0526132107617,-0.00017432398379,-0.0764314759319,-0.00108692899542,0.0308347812465,-0.00893064336589,0.574009613576,0.818834058291,0.00212023737966,0.0,0.818791129918,-0.573948324159,-0.0120479734856,0.0,-0.00864855084388,0.00865185073954,-0.999925171224,0.0,0.659697000547,0.258333503797,0.303351464225,1.0,-0.00904,-0.0118811428571,0.453
0.463476770571,0.53611062488,-0.123931021482,-1.37407786287,0.0785621552193,1.90078931389,0.156942128243,-0.00752335878618,-0.0495205171488,-0.0037050600561,-0.0833251689259,-0.00406830940613,0.036438384504,-0.00606716499182,0.574019885691,0.818826808556,0.00213900041377,0.0,0.818784107451,-0.573958497806,-0.0120405599366,0.0,-0.0086316019869,0.00866306717397,-0.999925220561,0.0,0.659563932374,0.258158553457,0.303360563709,1.0,-0.00934,-0.0122754285714,0.468
0.4633529441,0.535158646171,-0.123926644612,-1.37558144435,0.0784792409254,1.90132221889,0.156759834512,-0.00691509594058,-0.0579621868761,0.00071389290869,-0.0926076310286,-0.00690869158557,0.0321570330984,-0.0112785834971,0.57402910862,0.818820370166,0.00212855789008,0.0,0.818777386225,-0.573967616994,-0.0120628914442,0.0,-0.00865578458849,0.00866743276371,-0.999924973687,0.0,0.659381653393,0.257936206241,0.303362752939,1.0,-0.0097,-0.0127485714286,0.486
0.463225809703,0.534270404261,-0.123927733824,-1.37704513641,0.0783915747955,1.90185847414,0.156579366256,-0.0106849966963,-0.0530444591734,0.00147819861095,-0.0886258188881,-0.00331051656619,0.0339411692268,-0.00867880999297,0.574042945718,0.818810759656,0.00209362003801,0.0,0.818767282429,-0.573981565005,-0.0120849972511,0.0,-0.00869379385614,0.00865166158127,-0.999924780521,0.0,0.659209612111,0.257711877984,0.303339245619,1.0,-0.01004,-0.0131954285714,0.503
0.463105104812,0.533391555811,-0.123932453338,-1.37844396627,0.0783147127668,1.90237792589,0.156409540011,-0.00841635298579,-0.050926625764,0.000400534980158,-0.0888630770524,-0.00526572190114,0.0346722616255,-0.00640515248242,0.57406200217,0.818797395551,0.00209513823528,0.0,0.818753876495,-0.574000551116,-0.0120914822878,0.0,-0.00869803116795,0.00865682975407,-0.999924698941,0.0,0.659047282029,0.257497880906,0.303338473257,1.0,-0.01036,-0.013616,0.519
0.462968012071,0.532395661324,-0.123935215629,-1.3800747622,0.0782343491738,1.90299216558,0.156214998652,-0.00502518987316,-0.0553432970074,0.000169964171867,-0.095859822845,-0.0049686967046,0.0322405853163,-0.00562607269618,0.574084599661,0.818781579233,0.00208442844211,0.0,0.818737755611,-0.574023028436,-0.0121159920986,0.0,-0.00872400918174,0.00866237151531,-0.999924424636,0.0,0.658856497497,0.257254095048,0.303317824283,1.0,-0.01072,-0.0140891428571,0.537
0.462834699808,0.531414072544,-0.123932798906,-1.38165614693,0.0781297565295,1.90356264972,0.156009673611,-0.00465103573416,-0.056493920328,0.000545764230991,-0.094916622249,-0.0108233617815,0.029386057867,-0.0079308346364,0.574081935806,0.818783522849,0.00205440814935,0.0,0.818739326283,-0.574020515177,-0.0121289180812,0.0,-0.00875185435089,0.00864518396195,-0.999924330057,0.0,0.658666851331,0.257014658315,0.30330636683,1.0,-0.01106,-0.014536,0.554
0.462703970044,0.530457802023,-0.123935906198,-1.38320528116,0.0780354659102,1.90410337532,0.155804689211,-0.00695130625228,-0.0574538830854,0.000358516612653,-0.0951038549154,-0.00543654430824,0.0272704756182,-0.0091246164966,0.574082075847,0.818783537427,0.00200896293521,0.0,0.818738687416,-0.574020797287,-0.0121586558548,0.0,-0.00880229021674,0.00862504812819,-0.999924061233,0.0,0.658477720589,0.256776883373,0.30328982522,1.0,-0.01138,-0.0149565714286,0.57
0.462566501495,0.529407749376,-0.123936231968,-1.38484525904,0.0779425070094,1.90471708533,0.15558038497,-0.00702154837662,-0.0624168083536,0.000699402462716,-0.102472673631,-0.00490632462161,0.0375719056646,-0.0123086087583,0.574075307985,0.818788225783,0.00203198969046,0.0,0.818743610604,-0.574013863168,-0.0121545006943,0.0,-0.00878574095938,0.00864144367994,-0.99992406522,0.0,0.658285001218,0.256531911385,0.303302122381,1.0,-0.01172,-0.0154034285714,0.587
0.462430154601,0.528319429029,-0.123939112547,-1.38654361572,0.0778259478057,1.90536565682,0.155347849556,-0.00410262141468,-0.0637547850909,0.000332881301744,-0.0999111746268,-0.00666735528127,0.0449537992825,-0.012812932224,0.574059307054,0.818799385961,0.00205534316777,0.0,0.818755225249,-0.573997908576,-0.0121255506857,0.0,-0.00874879921769,0.00864377460203,-0.999924368976,0.0,0.658087706352,0.256278353287,0.303316395925,1.0,-0.01206,-0.0158502857143,0.604
0.462291249717,0.527251230965,-0.123941776079,-1.38818264389,0.0777250593356,1.90599762831,0.155113177843,-0.00592039878526,-0.0704335952609,-0.000735105634264,-0.108271068372,-0.0035174017914,0.0448311335343,-0.0124164341315,0.57404435747,0.818809740513,0.00210508903884,0.0,0.818766280303,-0.5739827949,-0.012094473886,0.0,-0.00869495553906,0.00866650727,-0.999924641861,0.0,0.65789972606,0.256031438164,0.303343043729,1.0,-0.01238,-0.0162708571429,0.62
0.462138601526,0.526080431703,-0.123944893415,-1.3899939702,0.077619913886,1.90667275327,0.154883682108,-0.0138116348554,-0.0704772722907,-0.000384055431064,-0.111836656225,-0.00813945598579,0.0407932529891,-0.00901012705895,0.574053064,0.818803556813,0.00213587549525,0.0,0.818760460667,-0.573991329932,-0.0120833816657,0.0,-0.00866810875807,0.00868543989472,-0.999924710678,0.0,0.657686001534,0.255758388814,0.303363378846,1.0,-0.01272,-0.0167177142857,0.637
0.461967062434,0.524848203466,-0.123945850373,-1.39194009194,0.0774842678355,1.90736792152,0.154604303842,-0.00885057475633,-0.0698403670386,-0.000338133742709,-0.109437461787,-0.00478391408492,0.0314770347801,-0.0184659314508,0.574033372057,0.818817428143,0.00211045867978,0.0,0.81877409324,-0.573971842788,-0.0120853145036,0.0,-0.00868448948595,0.00866552956705,-0.999924741288,0.0,0.657451637185,0.255455494721,0.303364088393,1.0,-0.01308,-0.0171908571429,0.655
0.461830339669,0.523794940754,-0.123956564268,-1.39361135156,0.0773884378481,1.90796882627,0.154378613535,-0.0098670743123,-0.0737076581195,-0.00107012296221,-0.103723072177,-0.00303557081682,0.0410472977579,-0.00670208992703,0.574031949635,0.81881846148,0.00209638720128,0.0,0.818774889432,-0.573970428055,-0.0120985559295,0.0,-0.00870342426091,0.00866159360943,-0.999924610759,0.0,0.657248914537,0.255200131424,0.303361661604,1.0,-0.01338,-0.0175851428571,0.67
0.461663143383,0.522497447603,-0.123954712219,-1.39567051228,0.0772645296984,1.90876154171,0.154108855966,-0.0105994298132,-0.0729461753366,5.75027148907e-05,-0.112169430349,-0.00783759611358,0.0490034307646,-0.018585235482,0.574023797376,0.818824112089,0.00212141664728,0.0,0.818780862042,-0.573962164056,-0.0120864009125,0.0,-0.00867919070708,0.00867502412068,-0.999924704968,0.0,0.657005504435,0.254897705158,0.30336221593,1.0,-0.01374,-0.0180582857143,0.688
0.461496942009,0.521264709024,-0.1239605021,-1.39765737943,0.0771415282695,1.90953436282,0.15384029556,-0.0106739700093,-0.0736320242447,0.00178634267916,-0.119052130171,-0.010215195303,0.0481851359073,-0.0102817273493,0.57401737178,0.818828590343,0.0021315329352,0.0,0.818785541197,-0.573955764758,-0.0120732982091,0.0,-0.00866272292172,0.00867571828911,-0.999924841747,0.0,0.656774176116,0.254598048119,0.303349850714,1.0,-0.01408,-0.0185051428571,0.705
0.461343185656,0.520039725144,-0.123970721832,-1.3995735748,0.0770258757909,1.91022560185,0.153582481166,-0.0132781197329,-0.0769992485032,-0.00194048273015,-0.121036096647,-0.00739157187738,0.0364812240723,-0.010965791036,0.574010203908,0.818833619335,0.00212991979749,0.0,0.81879053469,-0.573948590248,-0.012075717603,0.0,-0.00866570592754,0.00867571032779,-0.999924815969,0.0,0.656539798701,0.254308007797,0.303358365166,1.0,-0.0144,-0.0189257142857,0.721
0.461172493187,0.518691554168,-0.123964062441,-1.401649268,0.0768880156211,1.91097298855,0.153302621474,-0.00833167170599,-0.082153438936,0.000410159226704,-0.122945235479,-0.0128610528577,0.0466763065593,-0.0174953710213,0.57398891194,0.818848510646,0.00214300821446,0.0,0.818805610869,-0.573927259119,-0.0120673008522,0.0,-0.00865152706821,0.00868137117962,-0.999924889616,0.0,0.656283188793,0.253999666774,0.303381365721,1.0,-0.01474,-0.0193725714286,0.738
0.460999427674,0.517354389106,-0.123970051569,-1.40377689314,0.0767467885181,1.91172989566,0.15300369207,-0.0128047626971,-0.0777421984191,-2.78588445345e-05,-0.129558966526,-0.00862862560047,0.0515911075206,-0.0116906147327,0.573964464103,0.818865740933,0.00210693483103,0.0,0.818822415868,-0.573903014505,-0.012080071006,0.0,-0.00868294721756,0.0086589036604,-0.999924812081,0.0,0.65601878606,0.253676251414,0.303372794157,1.0,-0.01508,-0.0198194285714,0.755
0.46082157537,0.516069144807,-0.123967618506,-1.40579837475,0.0766280201108,1.91249454942,0.152736830175,-0.0100812491586,-0.0827961857462,2.69186800995e-05,-0.130019620945,-0.00844435079519,0.0495191694581,-0.0119350817782,0.573964771783,0.818865458722,0.00213264274587,0.0,0.818822412136,-0.573903154797,-0.0120736572501,0.0,-0.00866293727103,0.00867627665075,-0.999924835046,0.0,0.655777064515,0.253370659925,0.303378351622,1.0,-0.0154,-0.02024,0.771
0.460635693702,0.514688572253,-0.123978824428,-1.40800869645,0.0764867345107,1.91332195245,0.152422346763,-0.00749517762421,-0.0800281774734,-0.00136686099079,-0.129184945157,-0.00635807656195,0.0447898312496,-0.0191664887853,0.573945827252,0.818878762782,0.00212276851529,0.0,0.818835669512,-0.573884337203,-0.012068999495,0.0,-0.00866499059995,0.00866531731189,-0.999924912288,0.0,0.655511145771,0.253031388492,0.303366362004,1.0,-0.01574,-0.0206868571429,0.788
0.460447432858,0.513305140635,-0.123974362986,-1.41028416342,0.0763567117271,1.91409514173,0.152119325642,-0.00844753111913,-0.0796711456912,0.000165823040899,-0.133061438611,-0.00640287565442,0.0479849811029,-0.0176189629012,0.573930231497,0.818889935184,0.00202739455013,0.0,0.818845333847,-0.573868898271,-0.0121471698509,0.0,-0.00878390557243,0.00863191676295,-0.999924163632,0.0,0.655198030909,0.252666167029,0.303319575816,1.0,-0.0161,-0.02116,0.806
0.460261957766,0.511935551043,-0.12398212978,-1.41242717977,0.0762283663967,1.91487182683,0.151810039869,-0.0121716551833,-0.0853847788075,-0.00153133123337,-0.134668390216,-0.0096224697864,0.0590439489734,-0.0228791698256,0.573914478937,0.818900966491,0.00203097206099,0.0,0.818856355994,-0.573853076935,-0.012151594205,0.0,-0.00878564182336,0.00863721653059,-0.999924102614,0.0,0.654950932647,0.252359911497,0.303326770359,1.0,-0.0164,-0.0215542857143,0.821
0.460057563031,0.510392264302,-0.123985923221,-1.41489492233,0.0760665023374,1.91581621117,0.151461639551,-0.0104242817763,-0.0888682879782,0.000153224559225,-0.13274625552,-0.011416615791,0.0541284137891,-0.0172850756432,0.573884538479,0.818921930982,0.00203822299106,0.0,0.818877531402,-0.573823222584,-0.0121344423123,0.0,-0.00876775005105,0.00863299004926,-0.999924296155,0.0,0.654652787356,0.251989228874,0.303314776932,1.0,-0.01676,-0.0220274285714,0.839
0.459847758407,0.508892034136,-0.123983249008,-1.4172757403,0.0759135847029,1.91667882206,0.151135824579,-0.0136975206931,-0.0856546323722,-0.000288590619487,-0.139158981723,-0.0120493000837,0.0525300291485,-0.0241666038043,0.57387001868,0.818932152905,0.00201928225214,0.0,0.818887482244,-0.573808765098,-0.0121465806753,0.0,-0.00878871281735,0.00862428948274,-0.999924187205,0.0,0.6543563071,0.251624568402,0.303306182864,1.0,-0.0171,-0.0224742857143,0.856
0.459651266446,0.50747080669,-0.123986753573,-1.41953301649,0.0757783503141,1.91747806789,0.15080833345,-0.0135614111453,-0.0883468452575,0.000815158465955,-0.141573661489,-0.00754784716113,0.0443291104088,-0.0221482726786,0.573845604624,0.818949333235,0.00198961016877,0.0,0.818904158101,-0.57378437218,-0.0121746042178,0.0,-0.00882894676962,0.00861580903968,-0.999923905872,0.0,0.654070779492,0.251277268866,0.303295353369,1.0,-0.01742,-0.0228948571429,0.872
0.459435782587,0.505904353418,-0.123996057422,-1.42196751003,0.0756259829373,1.91839102907,0.150479853516,-0.0117082874759,-0.0914856428477,-0.000339977148489,-0.142617570749,-0.00523262185555,0.0563235359995,-0.0277433074991,0.573844436918,0.818950069503,0.00202306230222,0.0,0.818905387007,-0.57378310976,-0.0121514191006,0.0,-0.00879077578768,0.00862988702116,-0.999924120777,0.0,0.653775433165,0.250900018137,0.303311207708,1.0,-0.01776,-0.0233417142857,0.889
0.459217083973,0.504264865226,-0.123999766667,-1.42444724456,0.0754745698239,1.91934581783,0.150140121171,-0.0152826050267,-0.0940258517481,-0.000209054271621,-0.144622734833,-0.00549879573447,0.0509096161414,-0.0206352407283,0.573834982429,0.818956450985,0.00211925284134,0.0,0.818913071896,-0.573773281941,-0.0120974588462,0.0,-0.0086914886427,0.0086775960095,-0.999924575832,0.0,0.653477980995,0.250522562716,0.303359372213,1.0,-0.0181,-0.0237885714286,0.906
0.458994856468,0.502687064545,-0.124002410482,-1.42677191138,0.075318229543,1.9202278996,0.149816793277,-0.0164650357895,-0.100798703888,5.52168260534e-06,-0.14752138277,-0.0103577342486,0.0506558321983,-0.0192170590339,0.573830959753,0.818958983393,0.00222711692369,0.0,0.818917171753,-0.573768962867,-0.0120245565268,0.0,-0.00856993301919,0.00872405506976,-0.99992522076,0.0,0.65320152464,0.250155426964,0.303431220765,1.0,-0.01842,-0.0242091428571,0.922
0.458768954292,0.500981251367,-0.124003790409,-1.42933772216,0.0751522412344,1.92113041487,0.149457954036,-0.0124487448861,-0.0993019249988,0.00259474958331,-0.146689805838,-0.00449066049773,0.0527576819138,-0.0200242506059,0.573808906829,0.818974340073,0.00226177944816,0.0,0.818932961175,-0.573746749009,-0.0120091633505,0.0,-0.00853767240113,0.00874337897224,-0.999925327949,0.0,0.652874572371,0.249759738232,0.303478825346,1.0,-0.01876,-0.024656,0.939
0.458507406219,0.499172408841,-0.124011179617,-1.43209431546,0.0749765551396,1.92213854108,0.149060000043,-0.013248392779,-0.0955317674126,0.000825956256372,-0.151540813319,-0.00723111681324,0.054636146242,-0.0256154083743,0.573795233098,0.818983787275,0.0023094492444,0.0,0.818943065447,-0.573732917791,-0.0119808806043,0.0,-0.00848730332565,0.00876604839639,-0.999925558268,0.0,0.652535003168,0.249321645901,0.303516195493,1.0,-0.01912,-0.0251291428571,0.957
0.458282878602,0.497682845772,-0.12401202582,-1.43443551553,0.0748391604311,1.92301066584,0.14872321119,-0.0183744463439,-0.0968748682787,0.000161135976001,-0.153844417054,-0.010269581001,0.057725093767,-0.0214850411045,0.573785816707,0.81899032736,0.00232962198375,0.0,0.818949778964,-0.573723327811,-0.0119812170589,0.0,-0.00847610559549,0.00878266491746,-0.999925507441,0.0,0.652246255481,0.248953610032,0.303516113189,1.0,-0.01942,-0.0255234285714,0.972
0.457983630636,0.495812347077,-0.12401709259,-1.43744323379,0.0746532400132,1.92404899141,0.148277954301,-0.0189517325727,-0.0960068836203,-0.000898138284011,-0.16191158848,-0.00915881455409,0.0547439661316,-0.0225809436635,0.573771360591,0.819000689092,0.00224587031434,0.0,0.818958881813,-0.573709048056,-0.0120426317755,0.0,-0.00857461269041,0.00874916110873,-0.999924961283,0.0,0.651860391392,0.248464105438,0.303478283181,1.0,-0.0198,-0.0260228571429,0.991
0.457715368283,0.494223779035,-0.124012924956,-1.44002588419,0.0744867898445,1.92495782044,0.147912356351,-0.0147504489142,-0.0956528540348,0.00187621889255,-0.158812718318,-0.011638651972,0.0497867879247,-0.0333456829145,0.573773430251,0.818999442337,0.00217050500526,0.0,0.81895654928,-0.573711333452,-0.0120922769249,0.0,-0.00865849144007,0.008715944309,-0.999924528572,0.0,0.651532021391,0.248041386119,0.303434187319,1.0,-0.0219548571429,-0.028854955102,1.007
0.457455772304,0.492279263082,-0.124081228223,-1.44302530683,0.0743090181923,1.92607699243,0.147494149988,-0.0208602949422,-0.129716731275,-0.0019830324678,-0.200299917371,-0.0119771009463,0.0769074445471,-0.0280027170603,0.573795382246,0.818983947857,0.00221345135904,0.0,0.818941832075,-0.573733319242,-0.0120457864372,0.0,-0.008595540427,0.00872467252136,-0.999924995574,0.0,0.651167300069,0.24754952797,0.303459160443,1.0,-0.0272211428571,-0.0357763591837,1.023
0.457095962753,0.48985232754,-0.124080666762,-1.44695929617,0.0740882531761,1.92752079801,0.146906422464,-0.0211783403767,-0.151831890603,0.00148284248909,-0.250030502389,-0.0128275756903,0.0890839391213,-0.0392944031524,0.573745629799,0.819018918538,0.00217031441778,0.0,0.818975905582,-0.57368341924,-0.0121056791277,0.0,-0.00866987375322,0.00872318365926,-0.999924366818,0.0,0.650662380666,0.246943669029,0.303400188419,1.0,-0.0328165714286,-0.0431303510204,1.04
0.456628314419,0.486861814634,-0.124113045383,-1.45165844916,0.0738108961178,1.92925828855,0.146238822479,-0.0308448466029,-0.180700117712,-0.00663832898247,-0.286776819719,-0.0183795206249,0.110816064171,-0.0389320918906,0.573763809776,0.819006119106,0.00219416485306,0.0,0.818963345383,-0.573701421506,-0.012102263511,0.0,-0.00865319897621,0.00874094969773,-0.999924356112,0.0,0.650078189317,0.246176215846,0.303393454481,1.0,-0.038412,-0.0504843428571,1.057
0.456133241347,0.48360826657,-0.124187627237,-1.45668220594,0.0735099844519,1.93110051687,0.145456736009,-0.0315730533033,-0.215055390569,-0.00429070642729,-0.328377805043,-0.0256615750849,0.1094102779,-0.0525744920189,0.573749028742,0.81901633162,0.00224665467498,0.0,0.81897436695,-0.573686544794,-0.0120615713196,0.0,-0.00858991372036,0.00876043608545,-0.999924731238,0.0,0.649455736173,0.245334972232,0.30342288141,1.0,-0.0436782857143,-0.0574057469388,1.073
0.455510010481,0.479696261421,-0.124264225606,-1.4628260597,0.0731343371823,1.93324160859,0.144534842837,-0.0351188753652,-0.237818314364,-0.00629634067758,-0.367430794661,-0.0290116778532,0.130571429073,-0.0466308866055,0.573758067723,0.819010227819,0.00216179389971,0.0,0.818967080886,-0.573695869493,-0.0121126649592,0.0,-0.00868035138046,0.00872034517517,-0.999924300675,0.0,0.64866570353,0.244294514613,0.303399130571,1.0,-0.0492737142857,-0.0647597387755,1.09
0.454791455784,0.475286778034,-0.124335485405,-1.46959996145,0.0727127217359,1.93571466101,0.143572812669,-0.0422865833853,-0.265821494833,-0.00481101383656,-0.412815561375,-0.0208537877951,0.151781036607,-0.0618270689213,0.573824137271,0.818963724156,0.00224162957349,0.0,0.818921761239,-0.573761733454,-0.0120569106094,0.0,-0.00858817649367,0.00875443411695,-0.999924798726,0.0,0.647817085199,0.24314312896,0.303444501087,1.0,-0.0548691428571,-0.0721137306122,1.107
0.454025312334,0.470755132428,-0.124380510821,-1.47659700947,0.0723057721897,1.93820767675,0.142529399326,-0.0525276712837,-0.298288005132,-0.00307956357368,-0.446588611668,-0.0301909401244,0.154556561265,-0.075233277062,0.573855255781,0.818941818501,0.00227820620548,0.0,0.818899966033,-0.573792318615,-0.0120817064677,0.0,-0.00858716277381,0.00879894314649,-0.999924416761,0.0,0.646916965233,0.241956477599,0.303464543355,1.0,-0.0601354285714,-0.0790351346939,1.123
0.453044346197,0.464792376399,-0.124421006446,-1.48556626169,0.0717324161623,1.941535595,0.141079667482,-0.0515624065588,-0.326472216707,0.000348994364663,-0.495714979031,-0.031211609025,0.173645806032,-0.0816121604689,0.573769765635,0.819000938119,0.00254289288406,0.0,0.818962709176,-0.57370594317,-0.011929738134,0.0,-0.00831175398989,0.00892762938326,-0.999925603322,0.0,0.64577957819,0.240450506717,0.303599561502,1.0,-0.0663891428571,-0.0872543020408,1.142
0.45209948143,0.459398465599,-0.124457316038,-1.4939555308,0.0711913285996,1.94438337825,0.139845426502,-0.0661669784859,-0.331799822078,-0.00462056970885,-0.531724173264,-0.0396736740277,0.18192196289,-0.0685226632652,0.573802573789,0.818978337594,0.00241573295063,0.0,0.818938092995,-0.573738876765,-0.0120352827517,0.0,-0.00847079903998,0.00888438300691,-0.999924653813,0.0,0.644651207145,0.239007016479,0.303569717195,1.0,-0.0716554285714,-0.0941757061224,1.158
0.451030261421,0.453260217485,-0.1245192343,-1.50343125599,0.0705553563455,1.94769941539,0.138344155144,-0.0644834966735,-0.375784373947,-0.00426264410124,-0.565982037272,-0.0415634553939,0.205499548052,-0.0870262370501,0.573755597823,0.819011364257,0.00237614933378,0.0,0.818970650282,-0.573692119381,-0.0120487774477,0.0,-0.00850507125682,0.00885922064008,-0.999924586143,0.0,0.643389106461,0.237368626062,0.303568251098,1.0,-0.0772508571429,-0.101529697959,1.175
0.449871504651,0.446590878185,-0.124570522291,-1.51328595919,0.0698844846129,1.95142933428,0.136817043185,-0.0710782811086,-0.38911368172,-0.00860085200806,-0.596833255805,-0.0365192476694,0.210415417239,-0.0873005646661,0.573754600459,0.819010698884,0.00280721691757,0.0,0.818976269393,-0.573690189399,-0.0117551545885,0.0,-0.00801727892737,0.00904379218383,-0.999926963864,0.0,0.642132278044,0.235665412693,0.303775704854,1.0,-0.0828462857143,-0.108883689796,1.192
0.448619041822,0.43969546296,-0.124588703327,-1.52403569055,0.0691514591886,1.95504208031,0.135127226434,-0.0724436225953,-0.406684673882,-0.000177961767087,-0.644891479051,-0.0434970113027,0.210548983618,-0.101038535729,0.573685614106,0.819059732233,0.0025919304682,0.0,0.819022080673,-0.573621545831,-0.0119121966707,0.0,-0.00827017268004,0.00895687659506,-0.999925686542,0.0,0.640629003367,0.233806811119,0.303691374905,1.0,-0.0884417142857,-0.116237681633,1.209
0.447329791532,0.432693785258,-0.124622050346,-1.53455898181,0.0684528919445,1.95876896252,0.133410182104,-0.0794867989617,-0.447065910989,-0.000211357802797,-0.658574323446,-0.042409700881,0.250818291788,-0.109150364717,0.573627891672,0.819099603492,0.00276194791471,0.0,0.819064073749,-0.573563087549,-0.0118395353034,0.0,-0.00811376351399,0.00905387430008,-0.99992609437,0.0,0.639199535137,0.231959826034,0.303785110337,1.0,-0.093708,-0.123159085714,1.225
0.445838002058,0.425019058239,-0.124653652084,-1.54631994734,0.0676068961229,1.96286976232,0.131481671459,-0.085724049312,-0.462445943723,-0.00244354643244,-0.704640682585,-0.0439482655844,0.240739697375,-0.11906629489,0.573562362079,0.819145575984,0.0027366137129,0.0,0.819109895612,-0.573497859527,-0.0118292404448,0.0,-0.0081205842173,0.00902656825322,-0.999926285872,0.0,0.637575274486,0.229855360411,0.303768510941,1.0,-0.0993034285714,-0.130513077551,1.242
0.444207294373,0.416916311117,-0.124781894522,-1.55867112099,0.0667104871633,1.96704582291,0.129477114034,-0.0946399329989,-0.483160836252,-0.00898305286363,-0.73452478997,-0.049996460285,0.259669635469,-0.117631208326,0.573618898537,0.819106359133,0.00262270288219,0.0,0.819069550068,-0.573555202008,-0.0118426898419,0.0,-0.00819631548178,0.00894153892482,-0.999926431941,0.0,0.635852826234,0.227545433323,0.303755865517,1.0,-0.104898857143,-0.137867069388,1.259
0.44256487938,0.408919598908,-0.124844721592,-1.57072324632,0.0658982941016,1.97127609917,0.127449261809,-0.104974961167,-0.497533667131,-0.00570659686735,-0.750081735076,-0.0481813087007,0.257925845088,-0.129299225554,0.573620222408,0.819104966991,0.00276412657164,0.0,0.819069859355,-0.573555851192,-0.0117897396495,0.0,-0.00807180874517,0.00902701964024,-0.999926676722,0.0,0.634174311859,0.225322467939,0.303800394249,1.0,-0.110165142857,-0.144788473469,1.275
0.440649283672,0.400101626408,-0.12495122492,-1.58411814991,0.0649846403298,1.97572375628,0.125211057071,-0.115341416616,-0.534919015085,-0.00571590827076,-0.797709838866,-0.0542396451144,0.276157967868,-0.132827891469,0.573718027937,0.819036843012,0.0026497377669,0.0,0.818999762852,-0.573653535404,-0.0119061609592,0.0,-0.00823171153253,0.00900108708736,-0.999925606911,0.0,0.632253159364,0.222762584982,0.303763897811,1.0,-0.115760571429,-0.152142465306,1.292
0.438642362225,0.390890271534,-0.125056012591,-1.59781580721,0.0639355165435,1.98051084754,0.122852532091,-0.119900511708,-0.537576047573,-0.00523476706656,-0.797126477218,-0.0669278487864,0.279223119613,-0.137547706269,0.573746287923,0.819016439844,0.00283112358543,0.0,0.818982608941,-0.573682119591,-0.0117072121242,0.0,-0.0079643875543,0.00903578444528,-0.999927458934,0.0,0.630322873428,0.220125798662,0.303856160254,1.0,-0.121356,-0.159496457143,1.309
0.436492543117,0.381327915815,-0.125124917008,-1.61215876267,0.0628566571518,1.98520048903,0.120289927721,-0.127256548866,-0.584038950195,-0.00338371892742,-0.847079981382,-0.0614119599326,0.288106320689,-0.148358521801,0.573697042923,0.819051317697,0.00271823882838,0.0,0.819015931829,-0.573633182805,-0.0117737800825,0.0,-0.00808421374622,0.00898103663707,-0.999926990569,0.0,0.628198363469,0.217351463799,0.303846168875,1.0,-0.126951428571,-0.16685044898,1.326
0.434077876811,0.370881539053,-0.125211290857,-1.62775635817,0.0617060785378,1.99046031642,0.117514938481,-0.134675108855,-0.588182600029,-0.00619263082173,-0.895370041157,-0.0709910624953,0.301692515569,-0.155441050134,0.573714569702,0.819038841174,0.00277777986754,0.0,0.819004224342,-0.573650488288,-0.0117449860844,0.0,-0.00802627954558,0.00901345662036,-0.999927165566,0.0,0.62589647947,0.214306200672,0.303854971363,1.0,-0.132876,-0.174637028571,1.344
0.431628781933,0.360604240224,-0.125337492106,-1.64288045523,0.0605207649175,1.9954474631,0.114839793431,-0.13945925982,-0.616973030351,-0.00562838834444,-0.904119269632,-0.0777768443309,0.300229691111,-0.161033802424,0.57382172443,0.818963583727,0.00283266696507,0.0,0.818930162835,-0.573757983951,-0.0116580938439,0.0,-0.00792244155832,0.00900959739472,-0.999928028447,0.0,0.62363716524,0.211259335255,0.303925383109,1.0,-0.138471428571,-0.181991020408,1.361
0.429327319429,0.35140620631,-0.125420409874,-1.65674565667,0.0594878438043,1.99984755283,0.112243586918,-0.154450580321,-0.612159169406,-0.00108318676382,-0.928714654688,-0.0658323838806,0.286762570389,-0.165340367204,0.573824899181,0.818962139198,0.00259741038524,0.0,0.818925025399,-0.573761297793,-0.0118542326373,0.0,-0.00821803238829,0.00892951013444,-0.999926361185,0.0,0.62149042348,0.208458472321,0.303804797231,1.0,-0.143408571429,-0.188479836735,1.376
0.426417304013,0.339838361551,-0.125539536087,-1.67350786897,0.0582136458801,2.00535968721,0.10908606276,-0.160016064265,-0.634532307921,-0.00420939519945,-0.953563072212,-0.0674400064507,0.310020107382,-0.175033616668,0.573903121621,0.818906524786,0.00283858376685,0.0,0.818872588113,-0.573838676725,-0.0117304915902,0.0,-0.00797744054007,0.00905677854855,-0.99992716495,0.0,0.618929259176,0.20501227014,0.303938071767,1.0,-0.149333142857,-0.196266416327,1.394
0.42406221447,0.330760627183,-0.125556208573,-1.68697513056,0.0571242062616,2.00959213993,0.106463038915,-0.175299752326,-0.658052517112,0.00190062701323,-0.951959726173,-0.0825177796677,0.293023051826,-0.191968426431,0.573807972475,0.818973749448,0.00267494668004,0.0,0.818937390697,-0.573743804078,-0.0118467000656,0.0,-0.00816755953822,0.00898851785638,-0.999926246039,0.0,0.616778557325,0.20227057439,0.303861614252,1.0,-0.153941142857,-0.202322644898,1.408
