position_joint1,position_joint2,position_joint3,position_joint4,position_joint5,position_joint6,position_joint7,velocity_joint1,velocity_joint2,velocity_joint3,velocity_joint4,velocity_joint5,velocity_joint6,velocity_joint7,ee_T_00,ee_T_10,ee_T_20,ee_T_30,ee_T_01,ee_T_11,ee_T_21,ee_T_31,ee_T_02,ee_T_12,ee_T_22,ee_T_32,ee_T_03,ee_T_13,ee_T_23,ee_T_33,v_x,v_y,time
0.465091848943,0.547610992411,-0.12397798499,-1.35573929497,0.0794158870929,1.89408522415,0.159172334318,-0.00163050069638,-0.00185698306207,-0.000157790094448,-0.000372437587408,-4.43788228585e-05,0.00230933507195,0.000749168209686,0.573766462065,0.819004469895,0.002114758505,0.0,0.818964251785,-0.573708018569,-0.0117222279894,0.0,-0.00838746469346,0.00845789573845,-0.999929054701,0.0,0.661697593955,0.260907322421,0.303377713926,1.0,0.0,0.0,0.0
0.465096891408,0.547614183751,-0.123977941096,-1.35574221876,0.0794130807983,1.89408603795,0.159166381482,-0.00221184721672,-0.00419836225954,-0.00033539439636,0.000526246729728,-0.00018331718799,-6.4928703541e-05,-0.00235382791187,0.573756854681,0.819011215949,0.00210873355738,0.0,0.818970941708,-0.573698457667,-0.0117227645668,0.0,-0.00839146003429,0.00845317078307,-0.999929061135,0.0,0.661695833284,0.260909895023,0.303374125447,1.0,-0.00016,-0.000210285714286,0.009
0.46509141844,0.547608870217,-0.123976202497,-1.35574525977,0.0794176014794,1.89408522851,0.159166133417,0.00163318684143,-0.000169660678106,0.000451487023538,0.000660671675958,-0.000113309208065,0.00030397100807,0.000412017597784,0.573760613283,0.819008567991,0.00211449848544,0.0,0.818968326679,-0.5737021515,-0.0117246817426,0.0,-0.00838968400115,0.00845903073614,-0.999929026482,0.0,0.661695424489,0.26091133821,0.303376364809,1.0,-0.00052,-0.000683428571429,0.027
0.465085708194,0.547603959655,-0.123979208092,-1.35576103957,0.0794176014073,1.89409080565,0.159167654956,-0.00140481526119,0.000619100222588,-9.33643419009e-05,-0.00386404796769,0.000187002133306,7.61929735419e-05,-0.001229151274,0.573770181972,0.819001880578,0.00210826737729,0.0,0.818961554115,-0.573711738628,-0.0117286291682,0.0,-0.00839639325945,0.00845629042972,-0.999928993345,0.0,0.661695694708,0.260900717967,0.303372874291,1.0,-0.00082,-0.00107771428571,0.042
0.465096040881,0.547493396163,-0.123978968418,-1.35585497964,0.0794122024328,1.89410641182,0.159171622187,0.00183689831064,-0.00596024825445,-0.000198467929463,-0.00933285302161,-0.000180455484679,-0.000105836730954,-0.000613727568329,0.573768406705,0.819003047416,0.00213791759395,0.0,0.818963078131,-0.573709822258,-0.0117159465973,0.0,-0.00836901277319,0.00847327872261,-0.999929079072,0.0,0.661677746694,0.260898183355,0.303407821552,1.0,-0.00118,-0.00155085714286,0.06
0.465092578234,0.547386140689,-0.123979208212,-1.35599374988,0.0794112834341,1.89413930315,0.159166010232,-3.85524886045e-05,-0.00451693000869,-0.0016823276754,-0.0115571382661,0.000396915091337,0.00209927226776,-0.00317159821976,0.573774181637,0.818998985171,0.00214421952265,0.0,0.818959009086,-0.573715482736,-0.011723190993,0.0,-0.00837127076063,0.00848265553113,-0.999928980669,0.0,0.661656335643,0.260882773474,0.303420609477,1.0,-0.00146,-0.00191885714286,0.074
0.465069907441,0.547246599268,-0.123978971341,-1.35618760242,0.0794089487929,1.89420333652,0.159163229443,-0.00410045942099,-0.0138866813763,-0.000863518670122,-0.0163756419386,-0.00138269559372,0.00623315639439,-0.000933387556214,0.573800459931,0.818980537976,0.00215812414084,0.0,0.818940649441,-0.573741610534,-0.0117270599613,0.0,-0.00836618933078,0.00849653156949,-0.999928905386,0.0,0.661634337257,0.260850703501,0.303432733147,1.0,-0.00178,-0.00233942857143,0.09
0.465044729563,0.547034560704,-0.123974670647,-1.35642511601,0.0794025023305,1.89433516847,0.159151482136,-0.00249706506761,-0.0176774451383,-0.000457009029844,-0.0107795064799,0.000240708700596,0.00334932703484,0.000773749396324,0.573820220113,0.818966435763,0.00225366034142,0.0,0.81892775365,-0.573760975281,-0.0116800876255,0.0,-0.00827269665168,0.00854802002899,-0.999929244419,0.0,0.661617712055,0.260819049937,0.303481171473,1.0,-0.00216,-0.00283885714286,0.109
0.465020109026,0.546848195404,-0.123973960395,-1.35665321461,0.079399743991,1.89446012623,0.159132170487,-0.000564307164978,-0.0109738581294,-0.000471494463022,-0.011252742742,-7.35241168191e-06,0.00360601953431,-0.00423000827057,0.573836295399,0.818954958467,0.00233001869477,0.0,0.818917219281,-0.573776719919,-0.0116451941042,0.0,-0.00820013684796,0.00859069287181,-0.999929476389,0.0,0.661601657581,0.260786594266,0.303515427343,1.0,-0.00248,-0.00325942857143,0.125
0.46498467236,0.546607143318,-0.123978941473,-1.3569806346,0.0793863817925,1.89458159388,0.159114564198,-0.00108945166488,-0.0176987890092,-0.000756156656645,-0.0204571361437,-8.38292671415e-05,0.00358836904485,-0.000632514253754,0.573869094773,0.818931881726,0.00236263791524,0.0,0.818894536322,-0.573809367273,-0.0116316513369,0.0,-0.00816998364718,0.00860996227199,-0.999929557477,0.0,0.66156827442,0.260730653144,0.303540990936,1.0,-0.00282,-0.00370628571429,0.142
0.464949752382,0.546319049291,-0.123981454412,-1.35740478316,0.0793721214572,1.89473902365,0.158986080424,-0.00197016410007,-0.0141965571207,0.00290105908296,-0.0224629389061,-0.000158621537059,0.0134043242217,-0.015292732843,0.573804290934,0.818977215732,0.00238803658566,0.0,0.818940054054,-0.573744326798,-0.0116353871476,0.0,-0.00815915161583,0.00863226008025,-0.999929453677,0.0,0.661515171204,0.260671309655,0.303554653004,1.0,-0.0032,-0.00420571428571,0.161
0.464910518445,0.546051001674,-0.12397974383,-1.35783618666,0.0793499369092,1.89488831537,0.158944149138,-0.00388945579756,-0.0224192894567,-0.000708560659859,-0.0323610793721,-0.000920558545703,0.0099254740197,0.000641289101272,0.573828927085,0.818959983562,0.00237795422225,0.0,0.818922685562,-0.573768990121,-0.0116416471563,0.0,-0.00816980406514,0.0086278406677,-0.999929404842,0.0,0.661469354467,0.260601803989,0.303554183429,1.0,-0.0035,-0.0046,0.176
0.464872703201,0.545738235542,-0.123979325239,-1.35834399809,0.0792886256681,1.8950669794,0.158908929798,-0.00129716686812,-0.0241311287065,-0.00072015720152,-0.0311646577977,-0.00511945182395,0.00890876412553,-0.00341738372536,0.573842833833,0.818950329643,0.00234660124002,0.0,0.818912875259,-0.573783271112,-0.0116278728913,0.0,-0.00817636722231,0.00859439896878,-0.999929639187,0.0,0.661409850542,0.260523060275,0.303549312782,1.0,-0.00384,-0.00504685714286,0.193
0.464824185084,0.545448163545,-0.123975355501,-1.35885761943,0.079220858507,1.89523881226,0.158825578405,0.000166843033222,-0.0212388769317,0.000497281987215,-0.0392671765122,-0.00448171537204,0.022260198337,-0.00559820520503,0.573822181611,0.818964980606,0.00228283453795,0.0,0.818926971411,-0.573763135179,-0.0116287190104,0.0,-0.00821386547962,0.00854245615506,-0.999929776963,0.0,0.66134933945,0.260436797482,0.303524866378,1.0,-0.00414,-0.00544114285714,0.208
0.464767471058,0.545060726708,-0.123980378877,-1.35952379603,0.0792117763895,1.8954555661,0.158729592599,-0.00069651118517,-0.0228573801569,-0.000273124098571,-0.0491933592788,-0.00022077877552,0.00900221126767,-0.00651423909855,0.573828188147,0.818960874092,0.00224590635307,0.0,0.818922093501,-0.573768973259,-0.0116840490474,0.0,-0.00828030706012,0.00854402352648,-0.999929215583,0.0,0.661266159986,0.260335632771,0.3035010162,1.0,-0.00448,-0.005888,0.225
0.464700152289,0.544592627641,-0.123984987209,-1.36029908666,0.0791823505001,1.89571681217,0.158661413007,-0.00321491239149,-0.0258303251788,-0.00400202634224,-0.04356188082,-0.00363735361829,0.0161820215773,-0.011535681737,0.573866018771,0.818934450543,0.0022147496058,0.0,0.818895098053,-0.573806743492,-0.0117211948761,0.0,-0.00832821237051,0.00854020745986,-0.999928850336,0.0,0.661172620038,0.260215534684,0.303486100222,1.0,-0.00486,-0.00638742857143,0.244
0.464637868124,0.544238708759,-0.123983917254,-1.36090996171,0.07916049209,1.89592991571,0.15857602369,-0.00796187596908,-0.0275032526328,0.00136688624936,-0.0461159735632,0.000310577697447,0.0198981408122,-0.00595003317254,0.573874577054,0.818928532594,0.00218522647138,0.0,0.818888634687,-0.573815247364,-0.0117563929202,0.0,-0.00837389055784,0.00853631648692,-0.999928502073,0.0,0.661101149088,0.26011803358,0.303464242212,1.0,-0.00514,-0.00675542857143,0.258
0.464570584257,0.543714840676,-0.123989129435,-1.36176150677,0.0791135043408,1.89623476577,0.158460171126,-0.00503072126894,-0.0347107774964,-0.000489400677709,-0.050079837242,-0.0092911578711,0.0128120945362,-0.0133163407209,0.573873357554,0.818929437091,0.0021664385242,0.0,0.818889258936,-0.573814063511,-0.0117706846256,0.0,-0.00839638889819,0.00852911975639,-0.99992837482,0.0,0.661001149575,0.259989418485,0.303456182383,1.0,-0.0055,-0.00722857142857,0.276
0.464492965239,0.543195354886,-0.123992064505,-1.36259584781,0.0790552189787,1.89652000039,0.158359581582,-0.00986798780119,-0.0313468789497,-0.000831944809018,-0.0538577334247,-0.00584797943849,0.0197481079433,-0.00655273282862,0.573898292055,0.818912061833,0.00212891086236,0.0,0.818871380722,-0.573839125316,-0.0117926669145,0.0,-0.00843566724311,0.00851125944645,-0.999928196413,0.0,0.660890427292,0.259836247089,0.303444048168,1.0,-0.00588,-0.007728,0.295
0.464419829619,0.542646839052,-0.123998137422,-1.36349316586,0.079012228496,1.89683537242,0.158245773019,-0.00486920541683,-0.0376081803978,-0.00165031054226,-0.0592089045811,-0.000152335731345,0.021691984799,-0.00614183629596,0.573896711326,0.818913213468,0.00211197494055,0.0,0.818872273286,-0.573837572005,-0.0118062653147,0.0,-0.00845653891047,0.00850517830888,-0.999928071859,0.0,0.660797192295,0.259717403286,0.303439766603,1.0,-0.00618,-0.00812228571429,0.31
0.464335716661,0.542019192876,-0.123998826962,-1.36447106687,0.0789525134129,1.89719877723,0.158110775863,-0.00719378122616,-0.0382028129476,-0.00130590931952,-0.0583434307901,-0.00450015845806,0.0229815483739,-0.00613731149421,0.573893934064,0.818915133114,0.00212228686211,0.0,0.818874328632,-0.573834756221,-0.0118005661294,0.0,-0.00844598282985,0.00851032339964,-0.999928117301,0.0,0.66068613224,0.259568588973,0.303449680441,1.0,-0.00654,-0.00859542857143,0.328
0.464250460034,0.541428444519,-0.12399940487,-1.36537253426,0.0788990944562,1.89753133184,0.157994895273,-0.00866689771209,-0.0349131766089,-0.000635004320825,-0.0526192962142,-0.00806821149102,0.0174672928206,-0.00705107920574,0.573905002117,0.818907326956,0.00214133214301,0.0,0.818866755319,-0.573845733545,-0.0117922867975,0.0,-0.00842815801387,0.00852128214461,-0.999928174372,0.0,0.660585334685,0.259426607159,0.303467124823,1.0,-0.00686,-0.009016,0.344
0.464169263631,0.540806826997,-0.123994232129,-1.3663327194,0.0788439506356,1.89788459818,0.157864748103,-0.0052313533173,-0.0422798310912,0.0021234202762,-0.0632125970723,-0.00418539227982,0.0239240211445,-0.00881467102207,0.573899770245,0.818910953383,0.00215662790648,0.0,0.818870517426,-0.573840378782,-0.0117916186657,0.0,-0.00841888759836,0.00853337054656,-0.999928149378,0.0,0.660473505048,0.259285211332,0.303479972341,1.0,-0.00718,-0.00943657142857,0.36
0.464071146805,0.540058110821,-0.124004434257,-1.36746231589,0.0787740491307,1.89830559503,0.15772095756,-0.00648761567823,-0.0478224576242,-0.000366039072376,-0.0622968305924,-0.00305497482287,0.0192374436857,-0.00277186515205,0.57391131421,0.818902778211,0.00218864386113,0.0,0.818862804135,-0.573851843964,-0.0117692856383,0.0,-0.00838210477275,0.00854688979147,-0.99992834293,0.0,0.660356327313,0.259115557281,0.303508352927,1.0,-0.00752,-0.00988342857143,0.377
0.463964645036,0.539324331413,-0.124010838055,-1.36862064535,0.0787079162469,1.89874232927,0.157586762904,-0.00874769904056,-0.0475505541663,-0.00219478559412,-0.0714191274496,-0.00420655755439,0.0213997148253,-0.00479332017471,0.57394164126,0.818881500439,0.00219717270999,0.0,0.818841649579,-0.573882147174,-0.0117635440968,0.0,-0.00837219163856,0.0085508889633,-0.999928391789,0.0,0.660219379502,0.258924542851,0.30351348983,1.0,-0.00788,-0.0103565714286,0.395
0.463869947367,0.538615482455,-0.124014113961,-1.3697114779,0.0786580035833,1.89916588019,0.157450041589,-0.00357090940548,-0.0434445879085,-0.000196860472063,-0.0692721851669,-0.00441819069979,0.0162514965609,-0.00271588411472,0.573956560933,0.818870928426,0.00223956294007,0.0,0.818831519686,-0.573896791787,-0.0117542182482,0.0,-0.00834007019567,0.00858040060713,-0.999928407415,0.0,0.660098227254,0.258760609721,0.303531873089,1.0,-0.0082,-0.0107771428571,0.411
0.463758699329,0.537840817808,-0.124020076747,-1.37092873015,0.0785781200676,1.89963489193,0.157292887502,-0.000917825053016,-0.046451486212,0.00368249024973,-0.0721059244326,-0.00919051276285,0.0337399132687,-0.0125912639903,0.573969052476,0.818862128487,0.00225571052441,0.0,0.818823026333,-0.573909320471,-0.0117341520455,0.0,-0.00831423950058,0.00858223308387,-0.9999286068,0.0,0.659964947024,0.258568304469,0.303540438516,1.0,-0.00854,-0.011224,0.428
0.463657424909,0.537027196788,-0.124026884439,-1.37219643471,0.078494931701,1.90009914245,0.15713868258,-0.00553623199793,-0.0493773194724,0.000297030675365,-0.075831988861,-0.0047304083315,0.0288544395985,-0.0122111564992,0.57397799821,0.818855849696,0.00225873664507,0.0,0.818816858313,-0.573918327535,-0.0117240250856,0.0,-0.00830411604563,0.0085789892652,-0.999928718759,0.0,0.659817578294,0.258375774249,0.303551965239,1.0,-0.00888,-0.0116708571429,0.445
0.463549675113,0.536238309323,-0.124033213123,-1.37343779748,0.0784365306804,1.90057743297,0.15698284971,-0.00580891388488,-0.0496630875031,-0.0004231896003,-0.079880500838,-0.00125461704572,0.035488198309,-0.00650454044197,0.573995872158,0.818843242548,0.00228687138942,0.0,0.818804512868,-0.573935986639,-0.0117217681672,0.0,-0.00828593239708,0.00860091275058,-0.999928681269,0.0,0.659678383846,0.258187011964,0.303559677063,1.0,-0.0092,-0.0120914285714,0.461
0.463438136318,0.535363125514,-0.124033983145,-1.37480038631,0.078349145645,1.90107339928,0.156817456531,-0.00622766138568,-0.0570069374391,0.00019963704581,-0.0780352877557,-0.00610994944339,0.0379410556528,-0.0123564199372,0.574003650785,0.818837778237,0.00229100838829,0.0,0.818799124576,-0.573943772031,-0.0117169553296,0.0,-0.00827953508039,0.00860161640579,-0.999928728207,0.0,0.659517871803,0.257982262382,0.303571741924,1.0,-0.00954,-0.0125382857143,0.478
0.463333061346,0.534576182306,-0.124036502538,-1.37607404748,0.0782809095824,1.90153107312,0.156652117415,-0.00931530028292,-0.0477920195491,-0.00134914182138,-0.0859405290085,-0.00307983298254,0.0405938057885,-0.017246261291,0.574007599602,0.818835069035,0.00226985003933,0.0,0.818796040321,-0.57394769569,-0.0117402669443,0.0,-0.00831072710145,0.00859771220432,-0.999928503024,0.0,0.659365417546,0.257790666882,0.303560489227,1.0,-0.00984,-0.0129325714286,0.493
0.463210828086,0.533660388254,-0.124044952778,-1.37755067492,0.0781967553051,1.90206945836,0.156475446953,-0.00338640321309,-0.0484335394194,0.00150264573477,-0.0868472595059,-0.00567580287145,0.0285739070043,-0.0102385250462,0.574023118583,0.818824253072,0.00224695675068,0.0,0.818784825827,-0.573963195145,-0.0117646298442,0.0,-0.00834365441008,0.00859310904787,-0.999928268381,0.0,0.659179028312,0.257554908808,0.303545402887,1.0,-0.0102,-0.0134057142857,0.511
0.463075469122,0.532678430554,-0.124040376804,-1.37913753171,0.0781086822989,1.90267753206,0.156275776078,-0.00499823102674,-0.0582461662911,-0.00134644530332,-0.0884260342918,-0.0101536022382,0.0335416608743,-0.0100134973247,0.574034661668,0.818816135699,0.00225610829055,0.0,0.81877680851,-0.573974682522,-0.0117621669513,0.0,-0.00833626354963,0.00859930623547,-0.999928276749,0.0,0.659008014361,0.257329799809,0.303540231116,1.0,-0.01054,-0.0138525714286,0.528
0.462947538442,0.531701669443,-0.124037871114,-1.3806931307,0.0780312936148,1.90325017463,0.156070303281,-0.00371851068413,-0.0613247722253,0.00358418501198,-0.0979815649255,-0.0014234577191,0.0235959330207,-0.0144972483864,0.574033528386,0.818816919959,0.00225981817032,0.0,0.81877745571,-0.573973344108,-0.0117824095709,0.0,-0.0083507216995,0.00861395215599,-0.999928030048,0.0,0.65882203373,0.257101454351,0.30353791571,1.0,-0.01088,-0.0142994285714,0.545
0.462795503541,0.530581770982,-0.124042885453,-1.38251597546,0.0778862796871,1.90388435894,0.15584431521,-0.00484356631568,-0.0611970068936,-0.00108609842701,-0.100695960983,-0.00945843583055,0.0257527395768,-0.00475621064843,0.574036451742,0.818815085236,0.00218063344846,0.0,0.818774839245,-0.57397682611,-0.011794600823,0.0,-0.00840612585648,0.00855614333961,-0.999928062142,0.0,0.658600912135,0.256816338753,0.303514524492,1.0,-0.01126,-0.0147988571429,0.564
0.462672113787,0.529687654415,-0.124040413858,-1.38395907354,0.0778345036997,1.90441414158,0.155652805877,-0.00409135394136,-0.0571276275724,0.00229432518675,-0.100869711212,-0.00261791500968,0.0415151385958,-0.0101400186012,0.574043553557,0.818810098717,0.00218352019449,0.0,0.818769533885,-0.573983553156,-0.0118354547449,0.0,-0.00843784764315,0.00858203154231,-0.999927573108,0.0,0.658427016805,0.256604505079,0.303503419464,1.0,-0.01156,-0.0151931428571,0.579
0.462530272058,0.528612025946,-0.124046769366,-1.38562773094,0.0777248285611,1.90503914497,0.155416717217,-0.00681045126259,-0.068722980779,-0.000489698379194,-0.0979487476465,-0.00855947160253,0.0350356761002,-0.00739433386078,0.574031838521,0.818818256601,0.00220406956885,0.0,0.818778053402,-0.57397185526,-0.0118133626886,0.0,-0.00840808502337,0.00858605540255,-0.999927789272,0.0,0.658233699615,0.256348154469,0.303521019762,1.0,-0.0119,-0.01564,0.596
0.462408786816,0.527637226529,-0.124041558757,-1.38714231764,0.0776013555332,1.90563204604,0.155208357335,-0.00357620467604,-0.066354472867,0.000334826596434,-0.100222256356,-0.0115344679921,0.0384924434036,-0.0134508137173,0.574005804538,0.818836432937,0.00223144614665,0.0,0.818796862984,-0.57394600294,-0.0117656184642,0.0,-0.00835354828956,0.0085807996042,-0.999928291484,0.0,0.658059837731,0.256124523116,0.303537530195,1.0,-0.0122,-0.0160342857143,0.611
0.462262100916,0.52647896846,-0.124045301191,-1.38891787134,0.0775137837851,1.90630435164,0.154970222307,-0.0121312971588,-0.0668751525451,0.000370594474239,-0.104844199193,0.000783297203311,0.0406530116101,-0.00980610868813,0.574006004915,0.818836136501,0.00228796466889,0.0,0.818797140706,-0.573945823191,-0.0117550548558,0.0,-0.00831245597771,0.00862101698557,-0.999928288,0.0,0.657851574217,0.255861707927,0.303565953943,1.0,-0.01254,-0.0164811428571,0.628
0.462108910472,0.525307983145,-0.124050171238,-1.39076147765,0.0773978921307,1.90696965273,0.154716078117,-0.00825202946392,-0.0681940191706,-0.000662042467846,-0.105236798819,-0.00215704894626,0.0332399587002,-0.0132188799519,0.573994765873,0.818844041556,0.0022784337511,0.0,0.818804929246,-0.573934629189,-0.0117590884369,0.0,-0.00832134768233,0.00861541387398,-0.999928262335,0.0,0.657629184099,0.25558107242,0.303570034162,1.0,-0.01288,-0.016928,0.645
0.461955689163,0.524192906742,-0.124053153211,-1.39252475635,0.0772815463733,1.90759800544,0.154470323734,-0.0103528025934,-0.0693255819327,0.00035671685824,-0.114716660567,-0.00152507244734,0.0386565680808,-0.0183005421202,0.573984334365,0.81885141579,0.00225602830135,0.0,0.818812047156,-0.573924320071,-0.0117666122788,0.0,-0.00834047819468,0.00860127986974,-0.999928224628,0.0,0.657415841439,0.255307786959,0.30356945922,1.0,-0.0132,-0.0173485714286,0.661
0.46177423319,0.522855297381,-0.124062632402,-1.39466596641,0.0771521183739,1.90840042811,0.154178428471,-0.00719412584364,-0.0763050341255,8.96623997726e-05,-0.116667894507,-0.012897995573,0.0371813947872,-0.00749780360115,0.57398521866,0.818850785631,0.00225976402539,0.0,0.818811480595,-0.573925205568,-0.011762846637,0.0,-0.0083352411564,0.00860218644518,-0.999928260498,0.0,0.657149288811,0.254963491279,0.303565547818,1.0,-0.0136,-0.0178742857143,0.681
0.461614748977,0.5216253625,-0.124068686048,-1.3966176505,0.0770293340066,1.90917340126,0.153915391497,-0.00986109581911,-0.076133965383,-0.000674783548519,-0.113331725903,-0.00151848025897,0.0412628179219,-0.0113189266577,0.573971746395,0.818860150853,0.00228792169741,0.0,0.818821316425,-0.573911737051,-0.0117352777531,0.0,-0.00829664593175,0.0086092826779,-0.999928520404,0.0,0.656938586661,0.254688669993,0.303562955986,1.0,-0.01392,-0.0182948571429,0.697
0.461438738649,0.520363174525,-0.124074599725,-1.39863064616,0.0768992519759,1.90992136691,0.153642950364,-0.015844850021,-0.0744621778215,-0.000157799065967,-0.115541334314,-0.00282311679722,0.0410340857357,-0.0162884265881,0.57396926098,0.81886191912,0.00227854485741,0.0,0.818823028118,-0.573909354755,-0.0117323505808,0.0,-0.00829965669758,0.00859989916697,-0.999928576166,0.0,0.656699462522,0.254377000174,0.303556393584,1.0,-0.01426,-0.0187417142857,0.714
0.46126960089,0.519035552683,-0.124081232641,-1.40069435032,0.0767751507425,1.91066365817,0.153360648787,-0.00945040279773,-0.0763040896023,-7.70280265857e-05,-0.117451004408,-0.00906052653329,0.0415879141895,-0.0212746636388,0.573957434179,0.81887019424,0.0022837769885,0.0,0.818831327964,-0.573897464963,-0.0117346902733,0.0,-0.00829869405479,0.00860540654516,-0.999928536774,0.0,0.656446316902,0.254064904427,0.303570777012,1.0,-0.0146,-0.0191885714286,0.731
0.461115556646,0.517829241159,-0.124081954739,-1.40255599439,0.0766458400503,1.91132810226,0.153116413595,-0.0142453572512,-0.0839933131477,0.00133368043736,-0.128350079913,-0.013195879851,0.0475747263154,-0.0238631203135,0.57394222816,0.818880832468,0.0022908193392,0.0,0.818842127405,-0.573882306838,-0.0117224223778,0.0,-0.00828476581579,0.00860397825342,-0.999928664562,0.0,0.656201794062,0.253761608109,0.303595780464,1.0,-0.01492,-0.0196091428571,0.747
0.460914692593,0.516420568028,-0.124088333445,-1.40483243383,0.0765060848563,1.91215841647,0.152806340652,-0.0137685384352,-0.0753309801289,2.8743257229e-05,-0.124962704756,-0.00243759654992,0.0506817763532,-0.0155171131146,0.573945432774,0.818878704214,0.00224830672596,0.0,0.818839438967,-0.573885662614,-0.0117459073577,0.0,-0.00832836274846,0.00858267734296,-0.999928485455,0.0,0.65594020274,0.253429104469,0.303565730348,1.0,-0.01526,-0.020056,0.764
0.460729606554,0.515043909324,-0.124088994182,-1.40701223521,0.0763759799653,1.91297670086,0.152503160474,-0.0119615894787,-0.0811738611681,0.00135371386377,-0.126111696261,-0.00327960799542,0.0462103743729,-0.022167930943,0.573929173207,0.818890064692,0.00226119260903,0.0,0.818850922169,-0.573869310234,-0.0117443150122,0.0,-0.00831983401981,0.00859215008344,-0.999928475102,0.0,0.655676756355,0.253101212189,0.303564482175,1.0,-0.0156,-0.0205028571429,0.781
0.460547979002,0.513717279634,-0.124096892129,-1.40913234204,0.0762542722945,1.9137181423,0.152211703223,-0.0083637250079,-0.0813141553242,0.000406522104677,-0.129529738137,-0.00755530013486,0.0504913606115,-0.0148769199784,0.573923333489,0.818894270203,0.00222000127009,0.0,0.818854462807,-0.573863494948,-0.01178154526,0.0,-0.00837402344584,0.00857972686307,-0.999928129426,0.0,0.655410312121,0.252774046439,0.303549743786,1.0,-0.01592,-0.0209234285714,0.797
0.460354748537,0.512335383007,-0.124097524924,-1.41140564122,0.0761209226757,1.91451031807,0.151897491548,-0.00696838024458,-0.0866889438875,0.000706766411168,-0.133109719105,-0.0145965496101,0.0491599437958,-0.0169074611022,0.573907762908,0.81890540012,0.00213827746878,0.0,0.818864365915,-0.573848078938,-0.0118439619574,0.0,-0.00847220110414,0.008548465519,-0.99992757015,0.0,0.655120101818,0.252427705991,0.303504623718,1.0,-0.01626,-0.0213702857143,0.814
0.460150645076,0.510801860218,-0.124100064566,-1.41383799932,0.0759718667018,1.91543725476,0.151545748628,-0.0120245084012,-0.0816503082694,0.000800190837463,-0.137275150993,-0.00861455231568,0.0539662837492,-0.0195755677767,0.573882494368,0.818923049355,0.00216073920073,0.0,0.818882329337,-0.573822746906,-0.0118293166878,0.0,-0.00844758143233,0.00855819368897,-0.99992769523,0.0,0.654811825792,0.252037845121,0.30350006438,1.0,-0.01664,-0.0218697142857,0.833
0.459940268243,0.509313627631,-0.124101358178,-1.41620362283,0.075825124827,1.91630855656,0.151223678447,-0.0107586942194,-0.0854034234678,0.000447241272477,-0.142530594987,-0.0140074336148,0.0443206035126,-0.0238617842941,0.573868809305,0.818932663119,0.00215171669312,0.0,0.818891781865,-0.573809054763,-0.0118391371165,0.0,-0.00846094446544,0.00855629937241,-0.999927598459,0.0,0.654535707648,0.251698649925,0.30349245102,1.0,-0.01696,-0.0222902857143,0.849
0.459732401338,0.507802789932,-0.124107511237,-1.4185767445,0.0756712198125,1.91716206982,0.150881165285,-0.012446855356,-0.087913598854,0.000193399445813,-0.140474484298,-0.00952948311474,0.0491422562046,-0.0200851369931,0.573844318617,0.818949858523,0.00213871863592,0.0,0.818908832567,-0.57378464327,-0.0118428878202,0.0,-0.00847173050238,0.00854755403988,-0.999927581929,0.0,0.6542405196,0.251330427303,0.303494010044,1.0,-0.0173,-0.0227371428571,0.866
0.459534180003,0.506339945747,-0.124110003001,-1.42085721684,0.0755216314443,1.9180081958,0.150578291928,-0.0117023618645,-0.0919952505791,-0.000563226024577,-0.145197705683,-0.00464351993632,0.0584093404208,-0.0169142507807,0.573837877722,0.818954325362,0.00215637731587,0.0,0.818913590678,-0.573778195562,-0.0118262505681,0.0,-0.00844803942126,0.00855240187826,-0.999927740915,0.0,0.653960346966,0.250981259478,0.303504826954,1.0,-0.01762,-0.0231577142857,0.882
0.459326415133,0.504839615885,-0.124118483252,-1.42316214219,0.0753796052892,1.91890949149,0.150260124407,-0.0159831859697,-0.0918640872082,0.000679298235301,-0.144007509704,-0.00614738631427,0.0627486323392,-0.0203673527012,0.573834323328,0.818956606875,0.00223435177091,0.0,0.818916961127,-0.573774415149,-0.0117761709003,0.0,-0.00836232008245,0.00858748495797,-0.999928160772,0.0,0.653688769964,0.250624891062,0.303534669522,1.0,-0.01794,-0.0235782857143,0.898
0.459097202565,0.503176861902,-0.124119577612,-1.42563802421,0.0752293258592,1.91983948666,0.149904023715,-0.014244039817,-0.0946695415531,-8.01575596879e-05,-0.147250844898,-0.0103959247718,0.0577059356671,-0.0194002441846,0.57381782337,0.818967885438,0.0023356167425,0.0,0.818929530367,-0.573757508952,-0.0117257032024,0.0,-0.00826305580235,0.00864128938275,-0.999928522459,0.0,0.653389312983,0.250241419983,0.303598215445,1.0,-0.01828,-0.0240251428571,0.915
0.458868188393,0.501471373,-0.124128715891,-1.42815368254,0.0750636044555,1.92075825172,0.149561778871,-0.0141992162417,-0.0979017720845,-0.0004654052829,-0.144751183971,-0.00852199473206,0.0555953218919,-0.0185002467812,0.573815281268,0.818969414899,0.0024222602602,0.0,0.818932274194,-0.573754744509,-0.0116692047072,0.0,-0.0081670956766,0.00867980219792,-0.999928977269,0.0,0.65308066081,0.249846131471,0.30367123435,1.0,-0.01862,-0.024472,0.932
0.458643659955,0.499853847101,-0.124127032792,-1.43060754832,0.0749136721345,1.92161889053,0.149216257652,-0.0150952656938,-0.0997133293837,-0.00109083880819,-0.157464350606,-0.00529552518427,0.059066247162,-0.0183030889853,0.573799319317,0.818980525258,0.00244689603797,0.0,0.81894358448,-0.573738568402,-0.0116707955586,0.0,-0.00815443264501,0.00870073187565,-0.999928898719,0.0,0.652767465273,0.249465021726,0.303706350613,1.0,-0.01894,-0.0248925714286,0.948
0.458374220647,0.498072818572,-0.124129158717,-1.43339652334,0.074738930372,1.92266451619,0.148803939686,-0.0129014651717,-0.10398113121,0.000203134226146,-0.157346638825,-0.0130093226542,0.0654817171013,-0.0168014672317,0.573778477389,0.818995040413,0.00247579592243,0.0,0.81895847615,-0.573717627384,-0.0116552679774,0.0,-0.00812535534397,0.00871528376575,-0.999929008695,0.0,0.652426910587,0.249023359597,0.303711608856,1.0,-0.0193,-0.0253657142857,0.966
0.458109320338,0.496395594017,-0.124129167597,-1.43606029889,0.0745729900729,1.92360896782,0.148407629029,-0.0136687444475,-0.0999715185369,-0.000653129608853,-0.156359107325,-0.0127451336325,0.0639642933152,-0.0241788721304,0.573760693659,0.819007606652,0.00243999173497,0.0,0.818970479497,-0.573699869268,-0.0116859153122,0.0,-0.00817118791271,0.00870336764353,-0.999928739001,0.0,0.652090255854,0.248594178299,0.303694603924,1.0,-0.01964,-0.0258125714286,0.983
0.457857245845,0.494839694256,-0.124129176494,-1.43862818111,0.0744091770032,1.92449939206,0.14804113677,-0.0221799898312,-0.0951864340403,0.000268975725654,-0.161210823881,-0.0135398849648,0.0618632914824,-0.0219448017184,0.573751982921,0.819014018593,0.00233374008267,0.0,0.818975407873,-0.573691442,-0.0117540450803,0.0,-0.00828804055313,0.00865534905053,-0.99992819408,0.0,0.651758306345,0.248180008969,0.303633540596,1.0,-0.01996,-0.0262331428571,0.999
0.457579521244,0.493105494839,-0.124130580496,-1.44143653838,0.0742352250362,1.92551939843,0.14764635149,-0.0210730196403,-0.101068336295,0.000634631554097,-0.170244508725,-0.0167009515187,0.0619501256377,-0.0228032517741,0.573751244465,0.819014670953,0.00228585672339,0.0,0.818975355354,-0.573690799426,-0.0117890151462,0.0,-0.00834416204079,0.00863618870687,-0.999927893003,0.0,0.651404594099,0.247729348371,0.303592824503,1.0,-0.0214285714286,-0.0281632653061,1.016
0.45730148144,0.491342028597,-0.124135429064,-1.44426252026,0.0740629030383,1.92655220142,0.147248108312,-0.0174131183208,-0.115223358637,-0.000259840129814,-0.17996006825,-0.0137378038683,0.0685928019564,-0.0183247181581,0.573751216965,0.81901476258,0.00225978066166,0.0,0.818975026089,-0.573690787821,-0.0118124304512,0.0,-0.00837830088165,0.00862826639391,-0.999927675931,0.0,0.651049300653,0.247276024013,0.303564580255,1.0,-0.0229737142857,-0.0301940244898,1.032
0.456999861379,0.489475866303,-0.124146564214,-1.44730628535,0.0738722073906,1.92760792967,0.146819128156,-0.0195321583263,-0.114024169013,-0.000872181439014,-0.193741897089,-0.00187800396387,0.0621884793114,-0.0354148027524,0.573754737106,0.81901258405,0.00215307160259,0.0,0.818971347422,-0.573694614357,-0.0118814334655,0.0,-0.00849600151645,0.0085804978871,-0.999927093849,0.0,0.650654946565,0.246778115449,0.303505614805,1.0,-0.0245188571429,-0.0322247836735,1.048
0.456610047976,0.487020665747,-0.124166296637,-1.45109503658,0.0736499433908,1.9290542067,0.146266486487,-0.0226486911571,-0.13095072258,-0.00435977120838,-0.204835247014,-0.0186629994231,0.0843896754198,-0.0305731217337,0.573763955618,0.819005866213,0.00224972059008,0.0,0.818965861417,-0.573703422608,-0.0118341718645,0.0,-0.00840174553601,0.00863263182636,-0.999927441537,0.0,0.650195831273,0.246158592508,0.303534359997,1.0,-0.0263537142857,-0.0346363102041,1.067
0.456250078962,0.484800682654,-0.124189078632,-1.45445840308,0.0734358998915,1.93031902286,0.145758651227,-0.0192115009049,-0.139250617469,-0.000741345810141,-0.217121328966,-0.0170515448738,0.08173170174,-0.0301258728081,0.573767280272,0.81900326834,0.00234551441351,0.0,0.818964631456,-0.573706505858,-0.011769641499,0.0,-0.00829389765951,0.00867409554313,-0.999927983071,0.0,0.649788851483,0.245593368104,0.303585146712,1.0,-0.0278988571429,-0.0366670693878,1.083
0.455839317489,0.482332560757,-0.124232798378,-1.45828573342,0.0731887453445,1.93160593415,0.145181592181,-0.0279836748276,-0.142608007423,-0.000938697389297,-0.232425061124,-0.0129022945716,0.0796505732188,-0.0295058374352,0.573782641704,0.818992703572,0.00227562630956,0.0,0.818953162071,-0.573722136017,-0.0118057561613,0.0,-0.00836341199072,0.00863773562261,-0.999927718819,0.0,0.649295621172,0.24492801155,0.30358869321,1.0,-0.0295405714286,-0.0388247510204,1.1
0.455459080729,0.480029760756,-0.124258429286,-1.46186103404,0.0729773195485,1.93290766651,0.144653885519,-0.0267644271779,-0.159264569456,-0.00031549759355,-0.239701149076,-0.0169024406512,0.0876528225127,-0.0348351953139,0.573797883983,0.818981950836,0.00230205209176,0.0,0.818942664393,-0.573737183081,-0.0118027152829,0.0,-0.00834559858377,0.00865778841744,-0.999927694228,0.0,0.64884713108,0.244327500892,0.303597016576,1.0,-0.0309891428571,-0.0407285877551,1.115
0.454994887318,0.47731402703,-0.124271181166,-1.46601238438,0.0727254537626,1.93444087367,0.144039809051,-0.0311583111108,-0.156830575507,0.0011250297639,-0.245764030573,-0.0139443420802,0.0918354156869,-0.0333008346348,0.573817764519,0.818967777491,0.00238735322361,0.0,0.818929517382,-0.573756651108,-0.0117685075567,0.0,-0.00826842788037,0.00870822038138,-0.9999278974,0.0,0.648331072309,0.243626846933,0.303635386092,1.0,-0.0326308571429,-0.0428862693878,1.132
0.454452615011,0.474106953248,-0.12429094128,-1.47091971523,0.0724197467787,1.9362409356,0.143346668967,-0.0289368960633,-0.173541365307,-0.00202591642446,-0.261779766338,-0.0166797241507,0.0943107891833,-0.0356411980211,0.573861705876,0.818936776209,0.00245886221395,0.0,0.818899364697,-0.573800235693,-0.0117416744816,0.0,-0.00820495130008,0.00875182655251,-0.999928039564,0.0,0.647678116854,0.242758236688,0.303666353144,1.0,-0.0345622857143,-0.0454247183673,1.152
0.454006882863,0.471487291251,-0.124294593961,-1.47501496289,0.0721588888208,1.93764418294,0.1427399622,-0.0316667324106,-0.173913339477,-0.000914925063721,-0.271825080166,-0.0256463914917,0.0969877732097,-0.0383193712118,0.573851911736,0.81894379069,0.00240790112665,0.0,0.818905569112,-0.573790475732,-0.0117858278296,0.0,-0.00827045901816,0.00873533165607,-0.999927644127,0.0,0.647136386568,0.242065002615,0.30365957483,1.0,-0.0360108571429,-0.047328555102,1.167
0.453461904715,0.468171281353,-0.124292568669,-1.47998880459,0.0718458438512,1.93955017812,0.141927200083,-0.0317218248095,-0.189899769656,0.000690869966736,-0.275960790154,-0.0207740024232,0.10843054773,-0.0497561853343,0.57378856655,0.818987518913,0.00262138557559,0.0,0.818952089271,-0.573726381397,-0.0116731173731,0.0,-0.00805633448427,0.00884486076959,-0.999928429395,0.0,0.646550128271,0.241294766555,0.303746343243,1.0,-0.0376525714286,-0.0494862367347,1.184
0.452977316875,0.465320824833,-0.124290033179,-1.48435492374,0.0715558071224,1.94108775252,0.141255868473,-0.0322254073451,-0.196254617645,0.000971982835232,-0.294641015197,-0.0189037026306,0.0970720802545,-0.0451293153766,0.573760139347,0.819007384684,0.0026368978513,0.0,0.818972079392,-0.573697818636,-0.0116744580418,0.0,-0.0080488397683,0.00885805493431,-0.999928372955,0.0,0.645974892526,0.240562810311,0.303767704415,1.0,-0.0391011428571,-0.0513900734694,1.199
0.452395148709,0.462002392647,-0.124301338776,-1.48959201045,0.0712017226476,1.94288846322,0.140484241287,-0.0305872632646,-0.193291770717,0.000844741255832,-0.310861511525,-0.0162059465258,0.11080383888,-0.0497404122442,0.573760985773,0.819007140904,0.00252611455637,0.0,0.818970311498,-0.573698968844,-0.0117417602268,0.0,-0.00816751340633,0.00880594628933,-0.999927870916,0.0,0.645272742641,0.239671460277,0.303718477575,1.0,-0.0407428571429,-0.053547755102,1.216
0.451712422112,0.458150198449,-0.124305739419,-1.49557470382,0.0707986458224,1.94499996763,0.139585330217,-0.0380802272739,-0.207441418117,-0.000336890339733,-0.318975569929,-0.0240609434077,0.112638737015,-0.0471733304541,0.573753988278,0.819012123009,0.00250004015481,0.0,0.818974900989,-0.573692010162,-0.0117616294203,0.0,-0.00819882187243,0.00879592127557,-0.999927702931,0.0,0.644479478166,0.238652332261,0.30370553108,1.0,-0.0425777142857,-0.0559592816326,1.235
0.45108487581,0.454834397956,-0.124328320876,-1.50084974498,0.0704366199975,1.94683356995,0.138764597824,-0.0421350699503,-0.209520308534,-0.0029758111261,-0.334286374283,-0.0271416123679,0.109149330826,-0.050854630928,0.573755149468,0.819011675401,0.00237716571242,0.0,0.818972859819,-0.573693637869,-0.0118241976293,0.0,-0.00832055126164,0.00873119658247,-0.999927264671,0.0,0.643777485001,0.237723295439,0.303634165811,1.0,-0.0441228571429,-0.0579900408163,1.251
0.450409831784,0.451061132668,-0.124379658295,-1.50650731558,0.0700490181722,1.9489227437,0.13786019949,-0.0422130469791,-0.23179340235,-0.00106368942643,-0.337690890649,-0.0291600119725,0.125187087348,-0.0564038978161,0.573756412682,0.819010338352,0.00252813768976,0.0,0.818973843003,-0.57369472111,-0.0117029205303,0.0,-0.00813459027246,0.00878527348453,-0.999928321137,0.0,0.643055745075,0.236721316729,0.303714221868,1.0,-0.0457645714286,-0.060147722449,1.268
0.449698719534,0.447177703428,-0.124411824208,-1.51239801575,0.069660507011,1.9509464167,0.136989046241,-0.0487954214249,-0.230906036364,-0.000993257923041,-0.355399053754,-0.0212191363835,0.114943227226,-0.0549113683803,0.573807770378,0.818974328492,0.00253748412167,0.0,0.818937855267,-0.573745931405,-0.0117107774137,0.0,-0.00813511150383,0.00879794626928,-0.999928205474,0.0,0.642263013713,0.235678486515,0.303749318502,1.0,-0.0474062857143,-0.0623054040816,1.285
0.449012318507,0.443461741753,-0.124416687941,-1.51813691823,0.0692609447669,1.95288850816,0.136116524625,-0.0406355275855,-0.236179235876,0.00101182075628,-0.36238413193,-0.0243346462594,0.122748939839,-0.058405819595,0.573804458035,0.818976888492,0.00245905616809,0.0,0.818939286054,-0.573742788096,-0.0117645980271,0.0,-0.00822422648649,0.00876456524265,-0.999927769639,0.0,0.641470797304,0.234677420222,0.303730869274,1.0,-0.0489514285714,-0.0643361632653,1.301
0.448251796559,0.439439667102,-0.124426231281,-1.52434657663,0.0688393956277,1.95510706197,0.135083371384,-0.042031936946,-0.238418565925,5.22719217479e-05,-0.366770957058,-0.0208589386388,0.137210282185,-0.0625620241718,0.573746923492,0.819017147014,0.00247539514503,0.0,0.818979731608,-0.573685173235,-0.0117587468088,0.0,-0.00821067585217,0.0087740121841,-0.99992779815,0.0,0.640635120207,0.233590709898,0.303718419245,1.0,-0.0505931428571,-0.066493844898,1.318
0.447386622285,0.43500390632,-0.124442932085,-1.53105674206,0.0683896802429,1.9575174493,0.134013377448,-0.0453692322017,-0.252779568643,-0.00170121036724,-0.369894594438,-0.0225515194737,0.134296795644,-0.0547233343559,0.573761390696,0.819006678442,0.0025834307891,0.0,0.818970661474,-0.573699240159,-0.0117040329486,0.0,-0.00810372489073,0.00883124627243,-0.999928166786,0.0,0.639740482588,0.23238928966,0.303762580289,1.0,-0.0523314285714,-0.0687784489796,1.336
0.446634035564,0.431228601368,-0.124462866727,-1.53680691586,0.0679708963683,1.95958303112,0.133090436199,-0.048110375777,-0.251292827802,-0.0031642146512,-0.396344517205,-0.024146400814,0.138226115757,-0.0624860689561,0.57376900127,0.819001184692,0.0026343035986,0.0,0.818966100822,-0.573706969331,-0.0116441378792,0.0,-0.00802539889777,0.00883862087899,-0.999928733337,0.0,0.638972116056,0.231345162303,0.303779275999,1.0,-0.05378,-0.0706822857143,1.351
0.445699296381,0.426584584805,-0.124516316548,-1.54405469346,0.0674400558043,1.96189917485,0.131930521447,-0.0479200600965,-0.262374347659,-0.00590385909736,-0.405883476047,-0.0264703508508,0.13389167213,-0.0721023984029,0.573784881826,0.818990884657,0.00236371272788,0.0,0.818952248399,-0.573723789345,-0.0117887778454,0.0,-0.00829894315387,0.00870015786098,-0.999927714785,0.0,0.637937225414,0.230003120965,0.303693937663,1.0,-0.0555182857143,-0.0729668897959,1.369
0.444787809519,0.422041000591,-0.124560199089,-1.55092256617,0.0669447481937,1.96425783698,0.130780735379,-0.0552257870908,-0.27085740554,-0.00171676912764,-0.407383160176,-0.0345711512651,0.133793443006,-0.0635744969178,0.573773915488,0.818998551367,0.00236931737895,0.0,0.818960151921,-0.573712975255,-0.0117659887044,0.0,-0.00827717894282,0.00869156126859,-0.999927969942,0.0,0.636988607651,0.228734287982,0.303718686006,1.0,-0.05716,-0.0751245714286,1.386
0.443880391055,0.417675627265,-0.124569834305,-1.55744991832,0.0665020519648,1.96660159894,0.129751355572,-0.0627453374018,-0.278879846309,8.02599073126e-05,-0.402338691073,-0.0218807386624,0.148747393736,-0.0719427487069,0.573831264599,0.818957925223,0.00251860757462,0.0,0.818921436203,-0.573769738263,-0.0116925481559,0.0,-0.00813076071175,0.0087722603201,-0.999928466531,0.0,0.636102037281,0.227534270014,0.30377722544,1.0,-0.0587051428571,-0.0771553306122,1.402
