position_joint1,position_joint2,position_joint3,position_joint4,position_joint5,position_joint6,position_joint7,velocity_joint1,velocity_joint2,velocity_joint3,velocity_joint4,velocity_joint5,velocity_joint6,velocity_joint7,ee_T_00,ee_T_10,ee_T_20,ee_T_30,ee_T_01,ee_T_11,ee_T_21,ee_T_31,ee_T_02,ee_T_12,ee_T_22,ee_T_32,ee_T_03,ee_T_13,ee_T_23,ee_T_33,v_x,v_y,time
0.465070092092,0.547832797958,-0.12399524358,-1.35585486242,0.0795580141906,1.89409326818,0.159167258754,-0.00030008659141,-6.51264954807e-05,0.000908765391623,0.000855216394691,-0.000289403105639,-0.000183198883188,-0.00376156828357,0.573836602002,0.818955842241,0.00190514111376,0.0,0.818911572578,-0.57377769176,-0.0119893134445,0.0,-0.00872575881701,0.00844021149301,-0.999926309266,0.0,0.661668459979,0.260889824661,0.30316711075,1.0,0.0,0.0,0.0
0.465065162253,0.547835303608,-0.123994533255,-1.35585536257,0.079559295735,1.89409443659,0.159169282554,-0.000602891880012,0.000919628748818,0.000623975142928,0.000423672239469,0.000203538791844,0.000364960727923,-0.000842241978681,0.573842179776,0.818951935795,0.00190432910296,0.0,0.818907641341,-0.573783258582,-0.0119914146444,0.0,-0.00872788811674,0.00844081168397,-0.999926285617,0.0,0.661669562661,0.260887168122,0.303165178047,1.0,-0.00014,-0.000184,0.008
0.465064168897,0.547833946997,-0.123997354593,-1.35585761825,0.0795586985205,1.89409443561,0.159166129023,-0.000997923506194,-7.02041446983e-05,0.000159366397503,-0.000454659219594,-5.56338484489e-05,0.00049096814586,-0.000949092907002,0.573842344407,0.818951824279,0.00190267602969,0.0,0.818907525747,-0.573783447169,-0.0119902848695,0.0,-0.00872790969568,0.0084388113727,-0.999926302312,0.0,0.661670021751,0.260884531073,0.303165157755,1.0,-0.00036,-0.000473142857143,0.019
0.465065978801,0.547829646876,-0.123999445876,-1.35586402455,0.0795586853953,1.89409352872,0.159167298019,-0.000510607675331,0.000734627051928,0.00525397077373,-0.000909595001435,-0.000183785142911,-0.00906303847812,-0.000397362211041,0.57384361272,0.81895094198,0.00189991357069,0.0,0.818906610308,-0.573784729936,-0.0119914213905,0.0,-0.00873041253587,0.00843721479695,-0.999926293935,0.0,0.661668494404,0.260883750065,0.303165145514,1.0,-0.00064,-0.000841142857143,0.033
0.465065865045,0.547788001827,-0.124000570926,-1.35589122106,0.0795586853772,1.8940987002,0.159169573476,0.000414021974304,0.00077995556038,-0.0007469432938,-0.00124448724955,-0.000100572230772,0.00492701240755,0.00123732076562,0.573847803998,0.818947962807,0.00191806199682,0.0,0.818903854182,-0.573788829997,-0.0119834501913,0.0,-0.008713427333,0.0084475475798,-0.99992635485,0.0,0.661664684748,0.260880698486,0.303182189463,1.0,-0.00102,-0.00134057142857,0.052
0.465066243718,0.547695685707,-0.123995261195,-1.35599615651,0.0795592519179,1.89412112316,0.159162144657,-0.000428738964832,-0.00216642504634,0.000594820566954,-0.0067827574286,-0.000136724512744,0.00370545123048,-0.00133047643454,0.573843573847,0.818950892257,0.00193280294837,0.0,0.818906863774,-0.57378442877,-0.0119885222528,0.0,-0.0087091664386,0.00846248498452,-0.999926265666,0.0,0.661646192686,0.260874395537,0.303199415415,1.0,-0.0013,-0.00170857142857,0.066
0.46505987398,0.54754263889,-0.123994948314,-1.35621729109,0.0795547612278,1.8941641294,0.159165893161,-0.000215142319055,-0.00760625984068,0.000292321618836,-0.0105607080464,-0.00134903685615,0.00979500718188,-0.000128097547435,0.573862550922,0.818937629748,0.00191784604431,0.0,0.818893270583,-0.573803335942,-0.0120120754971,0.0,-0.0087368423892,0.00846395446369,-0.999926011793,0.0,0.661609951653,0.260848310388,0.303206298877,1.0,-0.00168,-0.002208,0.085
0.465042764226,0.547367780967,-0.123997969493,-1.35642926008,0.0795540308465,1.89427472618,0.159156738194,-3.12377584826e-05,-0.0126508526686,5.12711981493e-05,-0.0107068669308,0.000205105169325,0.012921516587,0.00151930337546,0.573883019865,0.818923123993,0.00198580006934,0.0,0.818879606014,-0.573823468776,-0.0119818377859,0.0,-0.00867287232635,0.00850246812934,-0.999926241941,0.0,0.661593232292,0.260819783479,0.303238975118,1.0,-0.00202,-0.00265485714286,0.102
0.465026109466,0.547197578172,-0.123995609359,-1.35661855361,0.0795516225813,1.89439420514,0.159144035931,-0.00248477134539,-0.0120794393822,0.000726325144791,-0.0115658502683,0.000113251539543,0.013859520821,0.00123217352213,0.573894831489,0.818914622931,0.00207596737351,0.0,0.818872261672,-0.573834884214,-0.0119369855532,0.0,-0.00858427479968,0.00855069103813,-0.99992659526,0.0,0.661582096679,0.260797637974,0.303279731124,1.0,-0.00232,-0.00304914285714,0.117
0.464998423898,0.546970700794,-0.123995600629,-1.35692388,0.0795433832216,1.89453032794,0.159124304509,-0.00556995860085,-0.0109463885329,0.000509872141691,-0.0188934439833,-0.000157494952746,0.00298239737548,-0.00333354024056,0.573916358926,0.818899396666,0.00213025772262,0.0,0.818857687389,-0.573856131286,-0.0119153384872,0.0,-0.00853516637133,0.00858295084066,-0.999926739261,0.0,0.661552890316,0.260753980181,0.30330690733,1.0,-0.00268,-0.00352228571429,0.135
0.464967861985,0.54673004466,-0.123995638961,-1.35730161007,0.0795368334876,1.8946658887,0.159062466417,-0.00227185026945,-0.0121755200067,0.000127129968123,-0.0202163353563,0.000160808617105,0.0139397251728,-0.0144816465592,0.573910163998,0.818903718009,0.00213803454347,0.0,0.818861954148,-0.573849748609,-0.0119295000659,0.0,-0.00854236583965,0.00859738200977,-0.999926553807,0.0,0.661507963913,0.260700203458,0.30330932458,1.0,-0.00302,-0.00396914285714,0.152
0.464930336673,0.54647127577,-0.123995636043,-1.35769376229,0.0795282744711,1.89481481617,0.158937644686,-0.0029806305394,-0.0170265301683,0.000510737362619,-0.0289519435692,0.000164558867224,0.0108024566458,-0.00351071153321,0.573858372142,0.818939954118,0.00216036387113,0.0,0.818898342735,-0.573797732552,-0.0119337037749,0.0,-0.00853353922819,0.00861754013,-0.999926455651,0.0,0.661464767428,0.260640955863,0.303318846921,1.0,-0.00334,-0.00438971428571,0.168
0.464879611091,0.546165837195,-0.123995636031,-1.358181321,0.0795166582089,1.89498397649,0.158929906082,-0.00593331306816,-0.017831010391,0.000547585863016,-0.0299758856766,0.000173272265684,0.0203203422647,-0.000521329866354,0.573917711474,0.818898374699,0.00215853498531,0.0,0.818856564793,-0.573856895567,-0.0119556098901,0.0,-0.00855190397252,0.00862923294992,-0.999926197915,0.0,0.661408514744,0.260563137751,0.303317742143,1.0,-0.00368,-0.00483657142857,0.185
0.464823131051,0.545847524004,-0.123998461023,-1.35874046352,0.0794952622715,1.89517014678,0.158870255278,-0.00272303893932,-0.0183947149807,-0.000240303758065,-0.0400053077962,-0.002196179374,0.0173434751769,-0.00190576517048,0.573942617909,0.818881026028,0.00211741850706,0.0,0.818838543494,-0.573881831884,-0.0119928988429,0.0,-0.00860577498568,0.00861722555281,-0.99992583928,0.0,0.661342199437,0.260471116081,0.303293215308,1.0,-0.00402,-0.00528342857143,0.202
0.464763171279,0.545524200127,-0.123995675425,-1.35928631663,0.0794296817906,1.89535025737,0.158776924315,-0.0075454662111,-0.0249176968897,-0.000585709171425,-0.0350361382403,-0.00765275986625,0.011712704867,-0.00297470359711,0.57392632477,0.81889258143,0.00206415044361,0.0,0.818849643966,-0.573866002938,-0.0119924205496,0.0,-0.00863612472908,0.00857315976686,-0.999925956399,0.0,0.66127989839,0.260374124993,0.303277744381,1.0,-0.00432,-0.00567771428571,0.217
0.464691741182,0.54505418572,-0.124006254411,-1.36010755097,0.079362783017,1.8956160899,0.158684653722,-0.00105552586237,-0.0228370464403,-0.00107095332414,-0.0369604097207,-0.000258815694388,0.0210149608832,-0.00127616889671,0.573944576791,0.818879999973,0.0019787162141,0.0,0.818836091796,-0.573884756487,-0.0120203138088,0.0,-0.00870780715101,0.0085194021983,-0.999925794187,0.0,0.661181320857,0.260236651491,0.303242903129,1.0,-0.00472,-0.00620342857143,0.237
0.464622627732,0.544641850294,-0.1239990761,-1.3607929489,0.0793450757507,1.89585217885,0.158611719179,-0.00437797101743,-0.0206415650727,0.000347076390541,-0.0436982261897,8.06154019642e-05,0.0101897248855,-0.00939352660131,0.573965745514,0.818865182202,0.0019705974616,0.0,0.818820848168,-0.573905644913,-0.0120613533022,0.0,-0.00874585364713,0.00853653427964,-0.999925316024,0.0,0.661093872173,0.260132061646,0.303230619123,1.0,-0.00506,-0.00665028571429,0.254
0.464555490218,0.54414602947,-0.124009452132,-1.36161692221,0.0793125077818,1.8961563607,0.158495218455,-0.00490231629155,-0.0288886574729,-0.00056257307868,-0.0481115583913,-7.99970832335e-05,0.012237421751,-0.0075438335517,0.573974082969,0.818859394787,0.00194693346766,0.0,0.818814665333,-0.573914000215,-0.0120835050508,0.0,-0.00877748825208,0.00852996063451,-0.99992509493,0.0,0.661004823426,0.260005996967,0.303214177658,1.0,-0.0054,-0.00709714285714,0.271
0.464485495805,0.543666102995,-0.124010676965,-1.36240103519,0.0792750443935,1.89642550131,0.158419763724,-0.00786050570477,-0.0283256928251,-0.000337299471757,-0.0465769004998,-0.00193791272698,0.0179178996625,-0.00211023739597,0.574004083148,0.818838424832,0.00192183510509,0.0,0.818793243583,-0.573943986855,-0.0121107851655,0.0,-0.0088139202414,0.00852538987463,-0.999924813442,0.0,0.660911219663,0.259884443156,0.303203907182,1.0,-0.00572,-0.00751771428571,0.287
0.464412005115,0.54314930266,-0.124008666755,-1.36321186782,0.0792281239538,1.89671316925,0.158308188291,-0.00232914906692,-0.0316466296584,0.00696769961217,-0.0512045977657,-0.0016688703979,0.0162401435198,-0.00409753280723,0.574004054378,0.818838453476,0.0019182198639,0.0,0.818793169609,-0.573943920553,-0.0121189258105,0.0,-0.00882266170284,0.00852710204542,-0.999924721752,0.0,0.6608167206,0.259759504081,0.303208433981,1.0,-0.00604,-0.00793828571429,0.303
0.464336446894,0.542523679818,-0.124014722722,-1.36417288886,0.0791711696767,1.89706510285,0.158173353894,-0.00371399772112,-0.0372839657086,0.000265960202239,-0.049616723003,-0.00817878802769,0.0250914184938,-0.00418542661456,0.573997993837,0.818842670462,0.00193158053592,0.0,0.818797569448,-0.573937809646,-0.0121110621093,0.0,-0.00880861693095,0.00853346309759,-0.999924791309,0.0,0.6607061203,0.259614872497,0.303224210929,1.0,-0.0064,-0.00841142857143,0.321
0.464261221778,0.542005974811,-0.124017344751,-1.36499657952,0.0791248246583,1.89737483355,0.158046248556,-0.009039248872,-0.0392753664972,0.000260794341627,-0.0565139931442,-0.00362616921779,0.0131028315124,-0.002640009878,0.573994461218,0.818845131312,0.00193812247427,0.0,0.818800053876,-0.57393418857,-0.012114696225,0.0,-0.00880787485047,0.00854086775703,-0.999924734627,0.0,0.660605879016,0.259480377427,0.303227051139,1.0,-0.00672,-0.008832,0.337
0.464185734946,0.541397865634,-0.124012658222,-1.36592180644,0.0790723204414,1.89771527022,0.157941358701,-0.00326006514001,-0.0371549971464,0.000849971366536,-0.0554133070226,-0.00398408529001,0.0181976061067,-0.00124879780491,0.574000775835,0.818840656916,0.0019582707529,0.0,0.818795821434,-0.573940392856,-0.0121068225521,0.0,-0.00878979707735,0.00855291411763,-0.999924790736,0.0,0.660506188231,0.259351806512,0.303244123213,1.0,-0.00702,-0.00922628571429,0.352
0.464103406975,0.540698679093,-0.124024002672,-1.36698972304,0.0790134874306,1.89810702033,0.157804939327,-7.9712060824e-05,-0.0407857380498,-0.00157841798148,-0.0668303151285,-0.00786963415381,0.0204417972788,-0.0115966835789,0.574007911661,0.818835606417,0.00197836165567,0.0,0.818791027523,-0.57394743388,-0.0120972431672,0.0,-0.00877034670558,0.00856394294255,-0.999924867127,0.0,0.660383394757,0.259190331083,0.303264403483,1.0,-0.00736,-0.00967314285714,0.369
0.463998072385,0.539967484171,-0.124017709851,-1.36809739417,0.0789480822605,1.89852164956,0.157671352213,-0.00825057867115,-0.0463099430546,0.000881889850804,-0.0671981917299,-0.00493806231488,0.0270259833211,-0.00607716709302,0.574024238742,0.818824076159,0.00201309221932,0.0,0.818779908215,-0.573963565637,-0.0120844580548,0.0,-0.00873977188214,0.00858521659011,-0.999924952406,0.0,0.660258909224,0.25902009157,0.303289665874,1.0,-0.0077,-0.01012,0.386
0.463902210639,0.539214633996,-0.124023704515,-1.36925329353,0.0788772492595,1.89896617962,0.157517339054,-0.014252163403,-0.0512302369789,-0.00124227853752,-0.0658606014314,-0.00666771050941,0.0270369508533,-0.0159236929726,0.574025933186,0.818822807579,0.00204565866764,0.0,0.818779121205,-0.573965174626,-0.0120613388975,0.0,-0.00870213008781,0.00859862947255,-0.999925165451,0.0,0.660130246359,0.258844700242,0.303310146901,1.0,-0.00804,-0.0105668571429,0.403
0.463793522529,0.538501144997,-0.124022253778,-1.37038242621,0.0788131659662,1.89939612664,0.157384706968,-0.00411126806166,-0.0446592167713,0.000422316928877,-0.0718029728193,-0.00550506862839,0.0296580183277,-0.0125321550284,0.574050655894,0.818805441743,0.00205911167775,0.0,0.818761893406,-0.573989799249,-0.0120589869142,0.0,-0.00869222236096,0.00860855726495,-0.999925166206,0.0,0.660004833974,0.258667931959,0.303313947462,1.0,-0.00836,-0.0109874285714,0.419
0.463685585099,0.537713269763,-0.124036790215,-1.37161780953,0.0787441412655,1.89987244447,0.157239473752,-0.00402038794886,-0.0468356704415,0.00027143361129,-0.0778369025162,-0.00543980585609,0.0252024595888,-0.0119193891586,0.574080166135,0.818784694755,0.00208167847856,0.0,0.818741480905,-0.574019248935,-0.0120430975352,0.0,-0.00866594726883,0.00861822588165,-0.999925310981,0.0,0.659869524806,0.258473105825,0.303324134973,1.0,-0.0087,-0.0114342857143,0.436
0.463573020917,0.536884335317,-0.124042389475,-1.37291818965,0.0786673048217,1.90035422035,0.15707749043,-0.00469910918775,-0.0472477154757,-0.00148704654175,-0.0797995354117,-0.00199179949918,0.0324689224082,-0.0126854181444,0.574094718519,0.818774471644,0.00208941464984,0.0,0.818731358632,-0.574033766445,-0.0120392805061,0.0,-0.00865822767193,0.00862252265859,-0.999925340811,0.0,0.659720620666,0.258272361282,0.303332402883,1.0,-0.00904,-0.0118811428571,0.453
0.463447531755,0.536031496352,-0.124046065454,-1.37425426014,0.078589321809,1.90085277383,0.156908538154,-0.00385948811523,-0.0499725129699,-0.000417521177985,-0.0783710515447,-0.00562381703233,0.0225265285876,-0.00873855995558,0.574114357281,0.81876066822,0.00210234187442,0.0,0.818717710072,-0.574053334081,-0.0120344399833,0.0,-0.0086466362345,0.00863053546599,-0.999925371985,0.0,0.659570070484,0.258061253008,0.303341793952,1.0,-0.00938,-0.012328,0.47
0.46334825863,0.535184103325,-0.124054511319,-1.37557015754,0.0785207718125,1.90132993672,0.156751827214,-0.0030629895069,-0.0541672551462,-0.000538113014046,-0.0799956727699,-0.000624280658954,0.0288481917952,-0.0101167228448,0.574127116709,0.818751691953,0.00211368983683,0.0,0.818708797526,-0.574065959532,-0.012038515722,0.0,-0.00864332414241,0.00864230117665,-0.999925298999,0.0,0.659413285501,0.257867080455,0.303355092895,1.0,-0.0097,-0.0127485714286,0.486
0.463219136798,0.534295234494,-0.124055664228,-1.37704163481,0.0784353780664,1.90186597254,0.156572181833,-0.00723299176363,-0.0478971147506,0.00120954658542,-0.085389493896,-0.00439405298129,0.0300241899163,-0.00779934707078,0.574144395473,0.818739676934,0.00207399660384,0.0,0.818696197249,-0.57408333845,-0.0120666492802,0.0,-0.00868896492857,0.00862613826891,-0.999925043004,0.0,0.659239798584,0.257640819968,0.303328313707,1.0,-0.01004,-0.0131954285714,0.503
0.463087635754,0.533363620073,-0.124058454606,-1.37853239668,0.0783474566932,1.90241520792,0.156379577647,-0.00461020605738,-0.0556906080112,-0.000619861988801,-0.0902605538828,-0.00353120162624,0.0324542970221,-0.0118444709641,0.574154371416,0.818732703633,0.00206511200653,0.0,0.818689075753,-0.574093319386,-0.0120749650508,0.0,-0.00870076929236,0.00862374464237,-0.999924961006,0.0,0.65906633373,0.257410825061,0.303323505965,1.0,-0.01038,-0.0136422857143,0.52
0.462956648943,0.532423629989,-0.124058853849,-1.38006646376,0.0782733387293,1.90299761695,0.156179026647,-0.00578341933688,-0.0599157418687,-0.00018247291366,-0.0901316116213,-0.009579056775,0.0359978879976,-0.0121106020456,0.574161859369,0.818727457441,0.00206314799045,0.0,0.818683630218,-0.574100642791,-0.0120959688197,0.0,-0.00871901507763,0.00863427567147,-0.999924711196,0.0,0.65888778477,0.257182013831,0.303306639963,1.0,-0.01072,-0.0140891428571,0.537
0.462829990417,0.531502620997,-0.124058863865,-1.38155289472,0.0781797425859,1.9035361435,0.156004427677,-0.0100959300868,-0.0554525791527,0.000131226155078,-0.0956033271642,-0.00338280343926,0.0417660039583,-0.00720921410292,0.574178506588,0.818715847667,0.0020372168642,0.0,0.818671673199,-0.574117392289,-0.0121102548973,0.0,-0.00874542434659,0.00862142579937,-0.999924591442,0.0,0.658710552843,0.256955610892,0.303295006249,1.0,-0.01104,-0.0145097142857,0.553
0.462688283547,0.530482376038,-0.124058893111,-1.38319053499,0.0780795637731,1.90410929024,0.155795948377,-0.00393396316169,-0.0625342872965,0.000145315454209,-0.0959344419322,-0.00347893395313,0.0331266658189,-0.0178758096059,0.574177395141,0.818716743072,0.00199008133803,0.0,0.818671888433,-0.574116425193,-0.0121415120345,0.0,-0.00879809019576,0.0086007709917,-0.999924307309,0.0,0.658496653987,0.256690766908,0.303278926028,1.0,-0.0114,-0.0149828571429,0.571
0.462558679101,0.529438261742,-0.124065553554,-1.38484070399,0.0779744604077,1.90471873861,0.155566058672,-0.0134489643256,-0.0602016594554,0.000684625916486,-0.10369649762,-0.00924296422682,0.0379911371111,-0.0156258592677,0.574169867602,0.818722005471,0.00199694691919,0.0,0.818677288943,-0.574108915588,-0.0121324569583,0.0,-0.00878681363534,0.00860111189348,-0.999924403533,0.0,0.658315331903,0.256456933004,0.303287217998,1.0,-0.01172,-0.0154034285714,0.587
0.4624222507,0.528334158903,-0.12406827733,-1.38654229621,0.0778698918236,1.90537152254,0.155340290557,-0.00564011508037,-0.0697780758056,-0.00431615339346,-0.105692075447,-0.00565287196028,0.0379718670107,-0.0184195525563,0.574162892317,0.818726787182,0.0020415528979,0.0,0.818682697635,-0.574101788985,-0.0121046841432,0.0,-0.00873853823133,0.00862161048476,-0.999924650052,0.0,0.658117856263,0.256205426417,0.303311439471,1.0,-0.01206,-0.0158502857143,0.604
0.462275999763,0.52721250024,-0.124067703065,-1.38829482106,0.0777578706486,1.90604489898,0.15508664177,-0.0099044914129,-0.0623301003772,-0.000507795532021,-0.104991763093,-0.00967101363867,0.03963029848,-0.0166648496591,0.574139354838,0.818743213112,0.00207342967628,0.0,0.818699602761,-0.574078178555,-0.0120810698038,0.0,-0.00870115070114,0.00863389990454,-0.999924870052,0.0,0.657914680522,0.255943781513,0.30332518121,1.0,-0.0124,-0.0162971428571,0.621
0.462132715511,0.526032347628,-0.124071233518,-1.39011464409,0.0776471886155,1.90671352747,0.154834506533,-0.00740267352793,-0.071523670343,-0.00140988590916,-0.109277817762,-0.00514295004805,0.0380648004945,-0.0148386880755,0.574121082507,0.818755965165,0.00209738612675,0.0,0.818712658168,-0.574059796184,-0.012069824461,0.0,-0.0086783828093,0.0086468637352,-0.999924955894,0.0,0.657695865654,0.255674420475,0.303347473999,1.0,-0.01274,-0.016744,0.638
0.461963951335,0.524791208054,-0.124071869311,-1.39206470446,0.0775183284106,1.90740946071,0.15457621143,-0.00934866785507,-0.0703539817798,0.00114018870307,-0.109851468781,-0.00792412422833,0.0395546615898,-0.011370343833,0.574118283239,0.818757970307,0.00208081977223,0.0,0.818714476916,-0.57405709814,-0.0120747779851,0.0,-0.0086919787023,0.00863611435063,-0.9999249307,0.0,0.657459758781,0.255374305821,0.303352621488,1.0,-0.0131,-0.0172171428571,0.656
0.461818338534,0.523671060162,-0.124078568746,-1.39385330032,0.0774119217958,1.90805561458,0.154326714343,-0.00890210611759,-0.0722447153074,-0.000830193721838,-0.114103942216,-0.00374023331528,0.0366204161003,-0.0219329497313,0.574105315009,0.818767113208,0.00206119085238,0.0,0.818723318897,-0.574044172015,-0.0120897713236,0.0,-0.00871566037323,0.00862851311528,-0.999924790185,0.0,0.657242106867,0.255103729745,0.303345143231,1.0,-0.01342,-0.0176377142857,0.672
0.461653239207,0.522386319364,-0.124081154835,-1.39591087538,0.0772911879703,1.9088527099,0.15405198965,-0.00818225724983,-0.0666787301856,-0.000341123132969,-0.117560266978,-0.000421527313263,0.0442371266023,-0.00870982909689,0.574095426956,0.81877399717,0.0020806746248,0.0,0.818730448357,-0.574034192217,-0.0120808112498,0.0,-0.00869724318739,0.00863921649254,-0.999924858127,0.0,0.656999815256,0.25480089443,0.303337991096,1.0,-0.01378,-0.0181108571429,0.69
0.461491626524,0.521206586303,-0.124084079165,-1.39779070162,0.0771748584851,1.90957477649,0.153793350402,-0.0156621009741,-0.0744984996105,0.000828056615247,-0.116583875845,-0.00522682611706,0.0430687350225,-0.0198558169379,0.574087368546,0.818779609796,0.00209541385895,0.0,0.818736293352,-0.574026111212,-0.0120686575966,0.0,-0.00867891558493,0.0086442216855,-0.999924974113,0.0,0.656779940982,0.254515552219,0.30333479826,1.0,-0.0141,-0.0185314285714,0.706
0.461333587555,0.519986951137,-0.124090380485,-1.39970985878,0.0770510309503,1.91028222517,0.15353640101,-0.00499739298083,-0.0761272217674,-0.000874569329109,-0.120276855144,-0.0123593737764,0.0430779424784,-0.0178022426138,0.574079709392,0.818784977913,0.00209621314996,0.0,0.818741731222,-0.574018508702,-0.0120613483701,0.0,-0.00867255268608,0.0086405989089,-0.999925060632,0.0,0.65654855203,0.254224316928,0.303339401895,1.0,-0.01442,-0.018952,0.722
0.461160797105,0.518627683045,-0.124091180826,-1.40178271811,0.0769243685071,1.91102640433,0.153264350748,-0.00949719228436,-0.0839677296788,0.00246439590998,-0.11771294948,-0.00497734827144,0.0479038651654,-0.0164857028973,0.574074817304,0.818788338424,0.00212318131102,0.0,0.818745394047,-0.574013452607,-0.0120533337191,0.0,-0.00865056100355,0.00865802696564,-0.999925100377,0.0,0.656293825277,0.253912287221,0.303371485441,1.0,-0.01476,-0.0193988571429,0.739
0.460969784083,0.517192243069,-0.124097773175,-1.40404976523,0.0767731756466,1.91183159328,0.152941639193,-0.0103950908672,-0.0861599403069,-0.000294114772096,-0.126748157808,-0.00949997142339,0.0506827260638,-0.0148908307559,0.574050736545,0.818805299996,0.0020927187535,0.0,0.818762014144,-0.573989560919,-0.012062132993,0.0,-0.00867550673585,0.00863788125657,-0.999925058487,0.0,0.656013783354,0.25356313733,0.303369662618,1.0,-0.01508,-0.0198194285714,0.757
0.460806804013,0.51599910042,-0.124104711443,-1.40593991871,0.0766532398976,1.9125572864,0.15268270359,-0.0093201246271,-0.0783862672226,-0.0010520690057,-0.129128434753,-0.0101621324033,0.0542163410849,-0.0182955214613,0.574044827122,0.818809396218,0.00211092905249,0.0,0.818766430709,-0.573983657077,-0.0120432658658,0.0,-0.00864966700757,0.00864189870103,-0.99992524763,0.0,0.655791329691,0.253273362993,0.303370006415,1.0,-0.01542,-0.0202662857143,0.772
0.46061294964,0.514613167852,-0.124098927254,-1.40815834179,0.0765128922121,1.91337880446,0.152380647284,-0.0174610797033,-0.0862489675334,0.00163243159152,-0.12947877311,-0.0106488447359,0.0468304345043,-0.0114533769431,0.574031192111,0.818818986316,0.0020988170016,0.0,0.818775836344,-0.573970048994,-0.0120523681634,0.0,-0.00866421659803,0.00863706220062,-0.999925163453,0.0,0.655520492399,0.252937625577,0.303356839169,1.0,-0.01576,-0.0207131428571,0.789
0.460413330377,0.513126720039,-0.124103218297,-1.41056941732,0.0763687366019,1.91420622876,0.152051383473,-0.00865149605952,-0.0830994538379,0.00118773801053,-0.132895271982,-0.0141683160769,0.0480795405039,-0.0200395059551,0.574015556896,0.818830150988,0.00201771519806,0.0,0.818785777296,-0.573954603304,-0.0121124376361,0.0,-0.00876012087179,0.00860496981419,-0.999924604546,0.0,0.655210693136,0.252570605468,0.303322836596,1.0,-0.01612,-0.0211862857143,0.807
0.46020732785,0.511689716761,-0.124108600107,-1.41285969184,0.0762337269613,1.91503932362,0.15172332287,-0.0112514551712,-0.0850782483704,-0.000134908243966,-0.136143926375,-0.00385028197911,0.0528444824062,-0.0164131142974,0.574002971857,0.818839012577,0.00200166966539,0.0,0.818794339806,-0.573942002693,-0.0121306862011,0.0,-0.00878440594135,0.00860217134075,-0.999924415574,0.0,0.654929903294,0.252214329972,0.303311709851,1.0,-0.01646,-0.0216331428571,0.824
0.460031360156,0.510384905218,-0.12410778665,-1.41490482366,0.0761046610656,1.91582000154,0.151440206929,-0.00934061716511,-0.0876958556432,0.00190111070655,-0.135999849044,-0.0107449785673,0.0545430959098,-0.0190345544074,0.573985552248,0.818851176898,0.00202059521251,0.0,0.818806712462,-0.57392446374,-0.0121253638811,0.0,-0.00876936829808,0.00861442646107,-0.999924442064,0.0,0.654664022561,0.251886079458,0.303308680889,1.0,-0.01678,-0.0220537142857,0.84
0.459829620138,0.508889286083,-0.124115975175,-1.41727719607,0.0759552923908,1.9166836294,0.151113404215,-0.0122422889381,-0.0894243240315,0.00130124117985,-0.136528709609,-0.0109018477565,0.0516499148102,-0.0214416335683,0.573973258023,0.818859804075,0.00201674135906,0.0,0.818815369422,-0.573912266713,-0.012118078087,0.0,-0.00876574321105,0.00860695729211,-0.999924538169,0.0,0.654389329684,0.251541958663,0.303312104978,1.0,-0.0171,-0.0224742857143,0.856
0.459616124025,0.50737422602,-0.124123814102,-1.41966821292,0.0758008159277,1.91754135965,0.150767648441,-0.011264045671,-0.0912560091046,-0.000559627559953,-0.138894980068,-0.0112437366285,0.0524541308343,-0.0207075722202,0.573952654243,0.818874297519,0.00199560802316,0.0,0.818829606297,-0.573891777693,-0.012126427718,0.0,-0.00878492608009,0.00859422377263,-0.999924479344,0.0,0.654092198572,0.251167218937,0.303308402235,1.0,-0.01744,-0.0229211428571,0.873
0.459408691876,0.50590123308,-0.124125546216,-1.42197000389,0.0756633944244,1.91839498524,0.15047751362,-0.00728487055266,-0.0954214078603,0.000182195557346,-0.145939521783,-0.00374087940693,0.0539200751173,-0.0189801982611,0.573964690852,0.818865785262,0.00202639678142,0.0,0.818821475052,-0.573903656642,-0.0121132897225,0.0,-0.00875637056535,0.00861202360054,-0.999924576668,0.0,0.65379324566,0.250792006647,0.303320296126,1.0,-0.01778,-0.023368,0.89
0.459190064516,0.504257307936,-0.124125882149,-1.42444887495,0.0755056766276,1.91935384459,0.150122614058,-0.0130717816533,-0.0963781370265,0.0014141447949,-0.146098546711,-0.0103812866447,0.0547652153274,-0.0249062098815,0.573942114412,0.818881374291,0.00211920837344,0.0,0.818838327363,-0.573880732845,-0.0120600585224,0.0,-0.00865975116949,0.00865723120664,-0.999925027718,0.0,0.653512960368,0.250436511976,0.303368586587,1.0,-0.0181,-0.0237885714286,0.906
0.458938824648,0.502484817261,-0.124132662465,-1.42707390188,0.0753392434234,1.92034178535,0.149754922748,-0.0163511692209,-0.102102491988,-0.00154229089857,-0.149439276688,-0.0123412432686,0.0556247826045,-0.0160092476247,0.573941339951,0.818881619426,0.00223126919298,0.0,0.818840120939,-0.573879575629,-0.0119931613126,0.0,-0.00854066397435,0.0087105915157,-0.999925588559,0.0,0.653199206356,0.250020455432,0.303442710803,1.0,-0.01846,-0.0242617142857,0.924
0.458691558747,0.500654370212,-0.124135478879,-1.42981666224,0.0751632364028,1.92128955542,0.149371652302,-0.0143817967537,-0.102211046507,-0.000473253926629,-0.159851063301,-0.0090176542693,0.0534850289184,-0.0169666967176,0.573924046269,0.818893657455,0.00226137033076,0.0,0.818852496985,-0.57386210466,-0.0119841528044,0.0,-0.00851619594726,0.00872989028802,-0.999925628946,0.0,0.65284794092,0.249592107702,0.303496913582,1.0,-0.01882,-0.0247348571429,0.942
0.458484946092,0.499171930876,-0.124136035286,-1.43211131406,0.0750136285677,1.92214325968,0.149038586629,-0.0138893491981,-0.10088043355,-0.00122147811733,-0.152747520865,-0.00761405259767,0.065197707072,-0.024922803302,0.57389732066,0.818912302842,0.00229183223232,0.0,0.818871585173,-0.573835305175,-0.0119631280321,0.0,-0.00848178177809,0.00874249173742,-0.999925811356,0.0,0.65256358845,0.249238067324,0.303512838902,1.0,-0.01912,-0.0251291428571,0.957
0.458191637666,0.497277952282,-0.124137772604,-1.43508847818,0.0748373552588,1.92322688018,0.148605084573,-0.014608808585,-0.0998761149179,0.000651281638093,-0.162140967388,-0.0059385598817,0.0648419532922,-0.0205669890059,0.573887354554,0.818919275301,0.00229602363567,0.0,0.818878471582,-0.57382517827,-0.0119774982468,0.0,-0.00849125149501,0.00875406765143,-0.999925629708,0.0,0.65219327415,0.248762656595,0.303510301753,1.0,-0.0195,-0.0256285714286,0.976
0.457959119916,0.495813542947,-0.124138677647,-1.43746376611,0.0746840990301,1.92405065442,0.148255574324,-0.0153634601303,-0.101321509582,0.000699753354436,-0.162344839459,-0.00843616427861,0.0467374041805,-0.0224608607761,0.573870570226,0.818931249821,0.00221891767188,0.0,0.818889352943,-0.573808624592,-0.012026507454,0.0,-0.00857581379394,0.00871887461239,-0.999925215525,0.0,0.651887491284,0.248379440048,0.303471692219,1.0,-0.0198,-0.0260228571429,0.991
0.457677494947,0.494116752966,-0.12414689949,-1.44021032416,0.074523629994,1.92502085544,0.147871710519,-0.0192182917395,-0.103954139902,-0.00302950213529,-0.165048118143,-0.00616297370043,0.0618619811447,-0.0207209546468,0.57388780731,0.8189193425,0.00215453042711,0.0,0.818876417168,-0.573825941536,-0.0120809407203,0.0,-0.00865715725763,0.00869756619214,-0.99992470015,0.0,0.651540193651,0.247927805735,0.303430654266,1.0,-0.025756,-0.0338507428571,1.008
0.457372121195,0.491600210812,-0.124235269577,-1.44392790208,0.0743138976375,1.9264324077,0.147333336966,-0.0153334640688,-0.16874951327,-0.00406307567311,-0.263098302563,-0.0124161978285,0.102010034051,-0.0441968014976,0.573890943453,0.818916675315,0.00232611596323,0.0,0.818876247682,-0.573828627787,-0.011964272487,0.0,-0.00846311325751,0.0087711576089,-0.999925718495,0.0,0.651091682887,0.24733132707,0.303537471332,1.0,-0.0389582857143,-0.0512023183673,1.024
0.456900532913,0.487965418609,-0.124270057065,-1.44971822173,0.0740090153678,1.92864643906,0.146446992372,-0.0352052434457,-0.244611846823,-0.0024411552232,-0.375117952313,-0.0275188167788,0.148009561686,-0.0589210411635,0.573784421558,0.818991123367,0.00239255609277,0.0,0.818951221904,-0.573721497452,-0.0119702299276,0.0,-0.00843101351423,0.00882788815477,-0.999925490425,0.0,0.650358744575,0.246466330603,0.303501855054,1.0,-0.0529857142857,-0.0696383673469,1.041
0.456231233724,0.48340362829,-0.124381345934,-1.45691095809,0.0735899788754,1.93131868316,0.14533787072,-0.0444712457123,-0.315017792908,-0.0096977523264,-0.498738780833,-0.0371198474055,0.167861842695,-0.0701321237432,0.573749189891,0.819015768981,0.00240502827597,0.0,0.818976160687,-0.573686357283,-0.011948162845,0.0,-0.00840616371432,0.00882507948693,-0.999925724433,0.0,0.649396808075,0.245201806898,0.303479917403,1.0,-0.0670131428571,-0.0880744163265,1.058
0.455301679101,0.477392900097,-0.124546655559,-1.46649506065,0.0730056016133,1.9346192668,0.143927822002,-0.0544781195811,-0.382334684633,-0.006154752149,-0.607047067344,-0.0430749432308,0.219013313234,-0.0861458713367,0.573782944124,0.818992796132,0.00216328864651,0.0,0.818949973826,-0.573721042992,-0.0120769242486,0.0,-0.00864995627891,0.00870132585925,-0.99992472976,0.0,0.648217477462,0.243661642532,0.303376594081,1.0,-0.0802154285714,-0.105425991837,1.074
0.454221566402,0.470654926559,-0.124688118304,-1.47699738419,0.0723981841997,1.93832060223,0.142399290725,-0.0693161620882,-0.438765017217,-0.0080518721625,-0.689598826166,-0.0390048046154,0.247265437724,-0.102461396574,0.573859888518,0.818939008797,0.00211544844176,0.0,0.81889519848,-0.573797820798,-0.0121433790706,0.0,-0.00873101521271,0.00870109625432,-0.999924027263,0.0,0.646858549676,0.241878498997,0.303362988572,1.0,-0.0934177142857,-0.122777567347,1.09
0.452807352541,0.461870162447,-0.124819745131,-1.4904091165,0.0715768357022,1.9433037216,0.140217546999,-0.0856906752468,-0.507795995872,-0.00151807991226,-0.780806780474,-0.060313145081,0.294236872115,-0.11921654821,0.573739707264,0.819022402197,0.00240830002958,0.0,0.818982571016,-0.573676584061,-0.0119779870173,0.0,-0.00842881664689,0.00884477280422,-0.999925359736,0.0,0.645150952587,0.239623268135,0.303474278458,1.0,-0.108270285714,-0.142298089796,1.108
0.451165088721,0.452496991845,-0.124960518118,-1.50498576574,0.0706485364462,1.94829587313,0.137975314835,-0.103360225784,-0.581694430498,-0.00986577805365,-0.889667767962,-0.0624908125363,0.305005512154,-0.154348739816,0.573771625318,0.819000578775,0.00221829817192,0.0,0.818957862059,-0.57370887106,-0.0121201625501,0.0,-0.00865392941845,0.00877106696401,-0.999924086064,0.0,0.643195498864,0.237076117977,0.30341838972,1.0,-0.122297714286,-0.160734138775,1.125
0.449302869892,0.441922939441,-0.125108582332,-1.52096921338,0.0695627293522,1.95401621188,0.135502594415,-0.117090528143,-0.634681948944,-0.00750001930434,-0.968758600626,-0.0679821163289,0.334885766581,-0.154970582314,0.573803372202,0.818977724996,0.00243370336083,0.0,0.818938402947,-0.573740326423,-0.0119447442905,0.0,-0.00838632720679,0.00884715803272,-0.999925695895,0.0,0.641081542279,0.23426391766,0.303555524634,1.0,-0.136325142857,-0.179170187755,1.142
0.447326708287,0.431018490425,-0.125240427394,-1.53745151206,0.0684756867387,1.95974616063,0.132787144145,-0.131270122246,-0.699059065616,-0.00998258125445,-1.05137813374,-0.0712209770462,0.379240715598,-0.179714562751,0.573720170836,0.819035655608,0.00255094476456,0.0,0.818997683146,-0.573656486493,-0.0119070317967,0.0,-0.00828907717353,0.00892069391958,-0.999925853461,0.0,0.638826608656,0.231343848249,0.303653764054,1.0,-0.149527428571,-0.196521763265,1.158
0.44493033922,0.418587385283,-0.125384903629,-1.55622870513,0.0671510313832,1.96620317474,0.129677068702,-0.151195981872,-0.754059382663,-0.00805301725672,-1.12435840926,-0.0776106981683,0.392100328178,-0.185835631795,0.573673937683,0.819067900205,0.00259518358718,0.0,0.819030758897,-0.573610365886,-0.0118537348442,0.0,-0.00822054777248,0.00892588577818,-0.999926372868,0.0,0.636220579488,0.227922883902,0.303729734446,1.0,-0.163554857143,-0.214957812245,1.175
0.442405358061,0.405963320213,-0.125534324425,-1.57507611491,0.065811782993,1.97284743078,0.126538731661,-0.164623890568,-0.800690720056,-0.0122720657775,-1.20354600748,-0.076792632334,0.408819736043,-0.206368259684,0.573685723598,0.819058634452,0.00289668278679,0.0,0.819025980752,-0.573621711783,-0.011632778092,0.0,-0.0078664786544,0.00904619134478,-0.999928139886,0.0,0.633605878499,0.224435783304,0.303880285007,1.0,-0.176757142857,-0.232309387755,1.191
0.439219603384,0.390799286881,-0.125719302311,-1.59762898815,0.0642886006207,1.98058028934,0.122686150309,-0.18163559505,-0.834348079209,-0.0109819666636,-1.27661130582,-0.0955105405395,0.441349007502,-0.211238820129,0.573748317222,0.819013704513,0.00318860578811,0.0,0.818984409418,-0.573682850319,-0.0115443181179,0.0,-0.00762585311206,0.00923512932672,-0.999928276803,0.0,0.630384040706,0.220176269174,0.304028599242,1.0,-0.191609714286,-0.251829910204,1.209
0.436105240909,0.376548407556,-0.125866975718,-1.61890224495,0.062636229348,1.98765894238,0.118868992109,-0.201866180161,-0.912573126954,-0.00542155074614,-1.35136036142,-0.0965852934404,0.454154045941,-0.245652029389,0.573617901591,0.819105221238,0.00314426723095,0.0,0.819075929226,-0.573553286077,-0.0114889988538,0.0,-0.00760744061213,0.00916586548913,-0.999929054362,0.0,0.627243208565,0.216083048071,0.304061302317,1.0,-0.204812,-0.269181485714,1.225
0.432401015699,0.360580641611,-0.126056233185,-1.64253500917,0.060851717359,1.99551317431,0.114639617768,-0.224571428417,-0.971377118977,-0.0137036139931,-1.41703794171,-0.1166292567,0.484092677335,-0.263097704233,0.573675736379,0.819064340865,0.00324066573562,0.0,0.819036499331,-0.573611073084,-0.0114147492008,0.0,-0.00749067649888,0.00920276535469,-0.999929596959,0.0,0.623713325178,0.211406750586,0.30412702898,1.0,-0.218839428571,-0.287617534694,1.242
0.428255409898,0.34385570051,-0.126294644814,-1.66729558809,0.0589736104909,2.00350657357,0.109960114771,-0.250254071431,-1.0234233352,-0.0272674570686,-1.47531328218,-0.116907555573,0.51095022768,-0.276513019081,0.573728519856,0.819027692005,0.00315786859185,0.0,0.818998519118,-0.573663779636,-0.0114908884421,0.0,-0.00759994733037,0.00917911684447,-0.999928989786,0.0,0.619919536722,0.206341391278,0.304103719065,1.0,-0.232866857143,-0.306053583673,1.259
0.423792764992,0.326368307843,-0.126454706534,-1.6929110014,0.057014357186,2.01174265964,0.105020363861,-0.271737178525,-1.06387845994,-0.0116853342537,-1.51906728505,-0.120869027042,0.500155058798,-0.301640680806,0.573719709247,0.819033590126,0.00322805942645,0.0,0.819004727084,-0.573654027463,-0.0115351935828,0.0,-0.00759606796994,0.00926194215911,-0.999928255516,0.0,0.615891052558,0.201087701514,0.304118513036,1.0,-0.246894285714,-0.324489632653,1.276
0.419269905521,0.309209554238,-0.126604030999,-1.71784006164,0.0549529548541,2.01957304152,0.100047447562,-0.29376833837,-1.09109057035,-0.00628409101682,-1.57249897814,-0.114379002422,0.498690377947,-0.32259132464,0.573609295769,0.819111018872,0.00320335295277,0.0,0.819081889853,-0.573543771084,-0.0115389456898,0.0,-0.00761456103192,0.00924283285464,-0.99992829168,0.0,0.611859678735,0.195884156314,0.304129770558,1.0,-0.260096571429,-0.341841208163,1.292
0.413665513158,0.289008261321,-0.126845483422,-1.74680669881,0.0524895350563,2.02852782462,0.0940537390335,-0.323018954373,-1.138631582,-0.0144879584647,-1.58199436288,-0.128550248731,0.516973867752,-0.336525389057,0.573550990301,0.819151616254,0.00326159692365,0.0,0.819123594941,-0.573485728036,-0.0114631082546,0.0,-0.00751968914504,0.0092465061126,-0.999928975678,0.0,0.607088842478,0.189634668882,0.304201281235,1.0,-0.274949142857,-0.361361730612,1.31
0.408209557411,0.270484153474,-0.127050120815,-1.77321103832,0.0502839014253,2.036522521,0.0883404025542,-0.347945971959,-1.18369594051,-0.0149266982065,-1.63079529185,-0.144470045686,0.534405396359,-0.358573265168,0.573516625117,0.81917541926,0.00332567225484,0.0,0.819147690925,-0.573450512871,-0.0115028970499,0.0,-0.00751592675826,0.00932149891119,-0.999928307682,0.0,0.602629608907,0.183801314841,0.30422576329,1.0,-0.288151428571,-0.378713306122,1.326
0.401869175662,0.250083630149,-0.12738372515,-1.80187003221,0.04768896163,2.04510014005,0.0820001677806,-0.378932666234,-1.21817271958,-0.0188681392472,-1.68378062833,-0.160459153189,0.52728467844,-0.381425728183,0.573651929403,0.819080106106,0.00346274077853,0.0,0.81905499613,-0.57358647274,-0.0113233610746,0.0,-0.00728869885132,0.00933202273308,-0.999929891653,0.0,0.597727169166,0.177201663191,0.304323408819,1.0,-0.302178857143,-0.397149355102,1.343
0.394256946604,0.226565532123,-0.127643595885,-1.83468248523,0.0447584386694,2.05453766229,0.0742969191779,-0.405266709905,-1.25875015902,-0.00290866156559,-1.72611640539,-0.15067013692,0.487856113758,-0.420877996601,0.573559389171,0.819144595447,0.00353634636483,0.0,0.819119814033,-0.573492943339,-0.0113719435826,0.0,-0.00728733674377,0.00941935774344,-0.999929082697,0.0,0.591880356431,0.169606093249,0.304358685157,1.0,-0.317856571429,-0.41775435102,1.362
0.38778644352,0.20743385071,-0.127881415046,-1.86109812608,0.0422310340731,2.06192145137,0.0678505245496,-0.443964791148,-1.2680682838,-0.0168589216513,-1.76862211308,-0.164544022028,0.47506086892,-0.433007258628,0.573440079068,0.819228356942,0.00348163773368,0.0,0.819202886277,-0.573373824629,-0.011394527102,0.0,-0.00733858106297,0.0093864269205,-0.99992901759,0.0,0.58670120208,0.162908942122,0.304354240257,1.0,-0.331058857143,-0.435105926531,1.378
0.379818440701,0.185128176726,-0.12821914926,-1.89164059779,0.0392846165217,2.07008911093,0.0600816951724,-0.487403142157,-1.32920283806,-0.0284422876339,-1.80492047601,-0.174372771614,0.467666707317,-0.472437115203,0.573445153004,0.819225236671,0.00337860892628,0.0,0.819197995067,-0.57337864347,-0.0115031730896,0.0,-0.00748661163428,0.00936436880402,-0.999928127039,0.0,0.580960471409,0.155386558393,0.304340958228,1.0,-0.345086285714,-0.45354197551,1.395
