position_joint1,position_joint2,position_joint3,position_joint4,position_joint5,position_joint6,position_joint7,velocity_joint1,velocity_joint2,velocity_joint3,velocity_joint4,velocity_joint5,velocity_joint6,velocity_joint7,ee_T_00,ee_T_10,ee_T_20,ee_T_30,ee_T_01,ee_T_11,ee_T_21,ee_T_31,ee_T_02,ee_T_12,ee_T_22,ee_T_32,ee_T_03,ee_T_13,ee_T_23,ee_T_33,v_x,v_y,w_z,time
0.4651010018691701,0.5472843344179122,-0.12397862286095122,-1.3555594228469419,0.07946194664837858,1.8941825005210353,0.159142981758387,-0.0008110758639475016,-0.0009295022249101967,-0.0004173713717670516,0.00022456444491453502,0.00025791929137617553,-0.0003319453415846627,0.0007936342463477072,0.5737376260906968,0.8190230982905797,0.0026547646824866726,0.0,0.8189897824294146,-0.5736771942236447,-0.011443775824209804,0.0,-0.007849889912020236,0.008740118198966362,-0.9999309924000941,0.0,0.661761998964716,0.2609527911808524,0.30370334172313995,1.0,5e-324,6.92810405792247e-310,6.92789185834347e-310,0.0
0.4651072452570263,0.547289344763822,-0.12397863458853801,-1.355561452353113,0.07946163777705013,1.8941816867192582,0.15914557058612594,0.0012842456844712224,0.0028470312805989016,-0.00033567029753763146,-0.00019567742924582522,-0.00011117652961798095,-0.00033350729397711075,0.0007672050320877882,0.5737346779772357,0.8190251859543665,0.0026478217427446096,0.0,0.8189917796443451,-0.5736742678654381,-0.011447539702935876,0.0,-0.007856987405564786,0.00873656295227647,-0.9999309677256174,0.0,0.6617596313114413,0.2609565036344307,0.30369875447682876,1.0,-0.0001,-0.00013142857142857146,-5e-05,0.006
0.4651059005392592,0.5472839039785752,-0.12398208762447556,-1.3555590236637671,0.07946233815421522,1.8941784669260129,0.15913642233301237,0.004492209523810458,-0.0003835258643643668,-3.732957344835927e-05,0.0011866098609328963,8.650821765070713e-06,-8.609499289954167e-05,0.0010420210178925331,0.5737307178379489,0.819027947702417,0.002651639629959763,0.0,0.8189945990637522,-0.5736703052690787,-0.011444407284536662,0.0,-0.007852273675542809,0.008737854772968692,-0.9999309934650946,0.0,0.6617607924606541,0.2609538695711356,0.3037036010560913,1.0,-0.0003800000000000002,-0.0004994285714285718,-0.0001900000000000001,0.02000000000000001
0.46510069948192684,0.5472715675672322,-0.12397437256164216,-1.3555684444677725,0.07946255802853698,1.8941826848983516,0.15913982827463913,0.0004038042519526893,-0.002330288881576639,0.0014634923053905714,3.5953896053474285e-05,-0.00015212551626547893,0.0017456106002588405,0.0018424054255376562,0.5737329515415281,0.8190263553967219,0.0026601470292323317,0.0,0.8189930758237487,-0.5736724660078485,-0.011445103688349199,0.0,-0.00784793955195856,0.008745243490466695,-0.9999309628974797,0.0,0.6617593718716479,0.26095425868293093,0.30370796797833655,1.0,-0.0007200000000000005,-0.000946285714285715,-0.00036000000000000024,0.037000000000000026
0.46509999384929945,0.5472013936830381,-0.12397964456076985,-1.355634668109509,0.07946194177404345,1.8941866102722802,0.15914356214322736,0.0004487192851920329,-0.01118492032193392,-0.0003093244867034775,-0.00508131022230185,9.073569597636555e-05,0.004586313776600263,0.0005047197632495758,0.5737436210531919,0.8190188528049983,0.002668885903165625,0.0,0.8189856594211109,-0.5736830765077222,-0.01144396314268954,0.0,-0.007841877869341485,0.008751848634216103,-0.9999309526647159,0.0,0.6617482516951148,0.2609439641483723,0.30372666793325026,1.0,-0.0010800000000000009,-0.0014194285714285728,-0.0005400000000000004,0.05500000000000004
0.46509750320897647,0.5470841307395169,-0.12397651205635318,-1.3557843028511227,0.07946064060347607,1.8942177709455756,0.15913731258924876,0.00019891316801424826,-0.008313924196497615,0.0015523723614027543,-0.009347028609846248,0.000568802551532102,1.7031495972850172e-05,-0.002049049860375343,0.57375845184065,0.8190084300282918,0.0026790642436218424,0.0,0.8189752757306747,-0.5736977697471102,-0.01145048602748009,0.0,-0.007841222370681078,0.008764069249061465,-0.9999308507701578,0.0,0.66172710708081,0.2609269494093639,0.30374411649935995,1.0,-0.001380000000000001,-0.0018137142857142874,-0.0006900000000000005,0.07000000000000005
0.465079152766438,0.5469375016593095,-0.12397961295608975,-1.355983075332291,0.07945896538002434,1.8942695022819724,0.15913889734207684,-0.0015544994619264155,-0.006917202064000707,0.000657161951269763,-0.01460065847918053,0.00021956500309827155,0.006290769633163231,-0.0003757554667220774,0.5737739992598774,0.8189975617159987,0.0026718117044051137,0.0,0.8189642037921911,-0.573713215801919,-0.011468470798286544,0.0,-0.007859947263797462,0.008768597323179361,-0.999930664061261,0.0,0.6616971687031925,0.26090028935087417,0.30375051242098283,1.0,-0.0017200000000000013,-0.002260571428571431,-0.0008600000000000006,0.08700000000000006
0.4650581645958511,0.5467692503129215,-0.12397685816244486,-1.3561924240165857,0.07945154428378157,1.8943874646045067,0.1591311180799305,-0.0004847518269704656,-0.009461611493121157,0.0005803579411006932,-0.015333315438792473,0.0002917939008090532,0.0032031512067057432,-0.0009508076097743768,0.5737940059329673,0.8189832933837204,0.0027478746261509835,0.0,0.8189509147172777,-0.5737329742161859,-0.011428931795752325,0.0,-0.007783707780403215,0.008808396586163808,-0.9999309106347151,0.0,0.6616826963693204,0.2608693184354854,0.30378460563403276,1.0,-0.0020600000000000015,-0.0027074285714285737,-0.0010300000000000008,0.10400000000000008
0.46503014320091046,0.5465659337651143,-0.1239803233884286,-1.3564227223293115,0.07944877372634786,1.8945004130792988,0.15913129004404125,-0.002388104251168678,-0.010649246907072958,-0.0005003161437005952,-0.016235821926033435,-0.0002578661190181161,0.01304319220335872,0.00014247380142029783,0.5738332621498274,0.8189555527877094,0.0028172166890774375,0.0,0.8189240350952427,-0.5737719715166053,-0.011397207837095542,0.0,-0.007717515256667251,0.008847353750292858,-0.9999310797699411,0.0,0.6616671332864755,0.2608343303329448,0.30382317845275564,1.0,-0.002380000000000002,-0.003128000000000003,-0.001190000000000001,0.12000000000000009
0.4649918601828463,0.5463423146331674,-0.12397719162383093,-1.3567133820041104,0.07944112368410429,1.8946311060541978,0.15912481212240706,-0.0022221892165738806,-0.02020828811588964,0.0018044179452876875,-0.016707200840508286,-8.655628424351328e-05,0.008068028402419922,0.000682997432089303,0.5738698572002947,0.8189296689344281,0.002886388239606242,0.0,0.8188989832686266,-0.5738082825850663,-0.011369122199825145,0.0,-0.007654425371943552,0.008888228053971312,-0.9999312022205757,0.0,0.6616410177209425,0.26078388143431264,0.30386016450105424,1.0,-0.002740000000000002,-0.0036011428571428605,-0.001370000000000001,0.1380000000000001
0.4649622557453436,0.5461070446900065,-0.12397506594248622,-1.3570890600630312,0.07942674478329262,1.8947595536987154,0.15911406498765393,-0.0008593181270149206,-0.020394301797171787,0.0011865465116141724,-0.024427004917992108,-0.0007710625745325255,0.009409761417379606,0.001114262582725379,0.5739009708813577,0.8189078840804597,0.002880957047200078,0.0,0.8188770389566212,-0.5738393049971912,-0.011383936541700904,0.0,-0.007669336654674619,0.008892573019493186,-0.999931049333088,0.0,0.6615947053810142,0.26073041135381264,0.30385899791563653,1.0,-0.0030600000000000024,-0.00402171428571429,-0.0015300000000000012,0.1540000000000001
0.46492326547821833,0.5458208507495568,-0.12397721510305906,-1.3575272188981515,0.07940900383797443,1.8949213721745686,0.15909202367760725,-0.00201964436456666,-0.018094905298895087,-0.0011579163950270822,-0.034092610810765686,-0.00024806948968937186,0.016045793250084116,-0.0018276710228303913,0.5739361395480164,0.8188831932661541,0.002893165766856401,0.0,0.8188524459595102,-0.5738743631073299,-0.011385693456799932,0.0,-0.007663386897580171,0.008903908241254588,-0.999930994078736,0.0,0.6615456428053222,0.26066323219568666,0.3038671719344659,1.0,-0.0034000000000000024,-0.004468571428571433,-0.0017000000000000012,0.17100000000000012
0.46487059850558565,0.5455210784482737,-0.1239859081356758,-1.358040898252815,0.0793696945993732,1.8950901963546332,0.1590711174815928,-0.00344850197903479,-0.014755380602367208,-0.006090948009153158,-0.025140515201525177,-0.001819944657361581,0.00856273787899622,-0.001347766175336173,0.5739864612857265,0.8188480823853717,0.0028473032323501823,0.0,0.8188168217716661,-0.573924908675407,-0.011399933634969779,0.0,-0.007700823813439339,0.008874998220579092,-0.9999309634765687,0.0,0.661487249918163,0.2605714141887693,0.30384976729298696,1.0,-0.003740000000000003,-0.004915428571428576,-0.0018700000000000014,0.18800000000000014
0.46482165868643827,0.5451741754749785,-0.12398598803011164,-1.3586175715225035,0.07930546218890101,1.895273625063653,0.15898057098867266,-0.004269856473609369,-0.021430955037441052,0.00044361650149134766,-0.03493308922349337,-0.001715904804089607,0.011783024144386447,-0.010516202411750601,0.5739674951192006,0.8188615669587791,0.0027920611761716547,0.0,0.818829789354427,-0.5739063392292607,-0.011403366146082866,0.0,-0.007735545595688786,0.00883155440233302,-0.9999310801156126,0.0,0.6614169422606604,0.2604771474155754,0.3038366589038511,1.0,-0.004080000000000003,-0.005362285714285719,-0.0020400000000000014,0.20500000000000015
0.46477041208016806,0.5448634876677333,-0.12398924343164756,-1.359139988187648,0.0792923345210521,1.895445458465757,0.1589301177423724,-0.009463189187397672,-0.028821114540294526,-0.0009738505090228823,-0.03821412886517256,-0.00036954620612935415,0.008117953385136517,-0.001023905290267247,0.573996031208732,0.8188416487419619,0.002767190520809438,0.0,0.8188093838561152,-0.5739347599783082,-0.011438142288818603,0.0,-0.007777990213360342,0.008831419875738461,-0.9999307520479702,0.0,0.6613542408724596,0.2603929746418261,0.30382291177550375,1.0,-0.004360000000000004,-0.00573028571428572,-0.002180000000000002,0.21900000000000017
0.46470984178562746,0.5444600990867386,-0.12399243958651003,-1.3598451285586473,0.07926423550015226,1.8956785067189659,0.15891991681514098,-0.008891276720296189,-0.021546635699809538,-0.001015053028188425,-0.041378202916036756,-0.0005357375179864321,0.017402048934792278,-0.0013670313800991081,0.5740713381583921,0.8187890312869596,0.0027143784562482605,0.0,0.8187559419304539,-0.5740100652213488,-0.011484749860851243,0.0,-0.007845657711655962,0.008815648939294526,-0.9999303625697396,0.0,0.6612674037413082,0.26028393277679623,0.30379306022691344,1.0,-0.004700000000000004,-0.006177142857142863,-0.002350000000000002,0.23600000000000018
0.4646559217233687,0.544015031485706,-0.12399306850870756,-1.360586342272938,0.07923067867275461,1.895912141110559,0.1588908391961703,-0.003570525284068483,-0.0241402615953477,0.0001276968254218968,-0.04337438761306659,-0.0012198205514183692,0.008761922505690516,-0.0023414497598702472,0.5741243456846632,0.8187520200828781,0.0026668714952256785,0.0,0.8187181714160261,-0.5740630592145993,-0.011528518533722203,0.0,-0.007908197686277818,0.008802388787120419,-0.9999299867295686,0.0,0.6611713785952033,0.26017619875104053,0.30377545228937963,1.0,-0.005040000000000004,-0.006624000000000006,-0.002520000000000002,0.25300000000000017
0.46458883718734495,0.54356882369162,-0.12399336769214957,-1.3613011321946438,0.07919712149077639,1.8961689218650297,0.15881124141646577,-0.0013772665784190575,-0.02821542772764518,-0.0018347910995431297,-0.04508016230631988,-0.0016525288873441989,0.013240315422713629,-0.006048677280240494,0.5741436371703599,0.8187385344210263,0.002653874923315389,0.0,0.8187044305797568,-0.5740822947458202,-0.011546476070974091,0.0,-0.007930154970188563,0.008802244396293402,-0.9999298141048383,0.0,0.6610822717995631,0.2600599836347275,0.30376953754098834,1.0,-0.005380000000000004,-0.007070857142857149,-0.002690000000000002,0.2700000000000002
0.4645259694339808,0.5430686731858657,-0.12399883941336676,-1.362125835548257,0.07915283115125171,1.8964646825660507,0.15877008774060708,-0.003658010763670859,-0.03347062854724704,-0.0005571065231464515,-0.05417316005134352,-0.002637922052294725,0.022512197452211315,0.0003012810342267984,0.574200947130805,0.8186983966290664,0.002637152307102284,0.0,0.8186640333838032,-0.574139605951429,-0.011561151452592611,0.0,-0.00795115565537513,0.008797535238196194,-0.9999296887769045,0.0,0.6609917822794517,0.2599415291376431,0.3037602646618944,1.0,-0.005700000000000004,-0.007491428571428578,-0.002850000000000002,0.2860000000000002
0.46445416861095506,0.5425321842814547,-0.12399643908571295,-1.3629927992542366,0.07909947997521344,1.8967596173481813,0.15871217500450668,-0.005320171503817342,-0.03589450431526556,-0.0005991509772970185,-0.046746157591820756,-0.006939231456273146,0.019198476103934662,-0.010454073119615279,0.5742445360598465,0.8186679218290493,0.002606429497609584,0.0,0.8186331201769927,-0.5741832485707707,-0.011582681520550746,0.0,-0.007985955407917189,0.008785170229997488,-0.9999295201664229,0.0,0.6608861906089366,0.25981097694917177,0.3037525191365878,1.0,-0.006040000000000005,-0.007938285714285722,-0.0030200000000000023,0.3030000000000002
0.4643818923492392,0.541969287435088,-0.1239943117504415,-1.3639081580325045,0.07904498637640335,1.8970928953596495,0.1586328048803873,-0.005252774026862531,-0.03290124977345346,0.0006955178211906307,-0.05817808489298089,-6.076189212959581e-05,0.018100246933415748,-0.005217516136021798,0.5742736093358823,0.8186475809626559,0.0025897307849392336,0.0,0.8186125326201955,-0.5742123418625291,-0.011595464247177832,0.0,-0.008005697511762666,0.00877912420716126,-0.99992941540166,0.0,0.6607779094571634,0.2596769798891693,0.30374369044812716,1.0,-0.006380000000000005,-0.008385142857142865,-0.0031900000000000023,0.32000000000000023
0.4642937929510427,0.5413485183587267,-0.12399886983007004,-1.364853575518095,0.07898811966364813,1.897430843292484,0.158572984913243,-0.005490884715241402,-0.040572657883333425,0.00026106589291958164,-0.05658123731572966,-0.0029870803187297883,0.028418424280156424,-0.0010203580123368484,0.5743371668025946,0.818602960252132,0.002599845538373651,0.0,0.8185680474784155,-0.574275861774204,-0.011590217085033284,0.0,-0.00799491140556291,0.008785012068042247,-0.9999294499886389,0.0,0.660670768953535,0.2595257843581422,0.30376201897279415,1.0,-0.006720000000000005,-0.008832000000000008,-0.0033600000000000023,0.33700000000000024
0.46421734422125005,0.5407422491253989,-0.12400271923729067,-1.3657881507824952,0.07893090514260294,1.8977649147117166,0.15851484598397603,-0.004276440894632834,-0.04287864253673113,0.0006312816121348013,-0.05765325210996428,0.00048717173272905235,0.02035033748397331,-0.008683507932615705,0.5743913253414719,0.8185649497058168,0.0026029573160059527,0.0,0.818530085278045,-0.5743300117636082,-0.011588096631367527,0.0,-0.007990807078117723,0.008786870230602373,-0.9999294664694058,0.0,0.6605616521705963,0.25938348293088287,0.3037748118777368,1.0,-0.0070400000000000055,-0.009252571428571438,-0.0035200000000000027,0.35300000000000026
0.4641155566145139,0.5400487252035712,-0.12399811717520723,-1.366844058130532,0.07887737558996356,1.8981693633024947,0.1584117636722617,-0.0049063464431816405,-0.037589921442120415,0.0016041121053257238,-0.06121467384177407,-0.0018890416778390654,0.02441031241289695,-0.001691154202643771,0.5744312964687065,0.818536766730992,0.0026446262614955507,0.0,0.8185023500310881,-0.5743697349656209,-0.011578318112615747,0.0,-0.007958439011797436,0.008815750824866589,-0.9999294704057328,0.0,0.6604451253123823,0.2592214647822003,0.3037972813030619,1.0,-0.0073800000000000055,-0.009699428571428581,-0.0036900000000000027,0.3700000000000003
0.46402077856598256,0.5393350943142058,-0.12401719812229334,-1.3679597980861407,0.07880043040776202,1.8985753602505067,0.1583626945455625,-0.009604974552630144,-0.044664784612766954,0.0003231918930351692,-0.06696907939289755,-0.003457873194839226,0.022639139760047645,-0.002924703876427036,0.5745232251227953,0.8184722710865886,0.002636694535227176,0.0,0.8184379104639133,-0.5744618546801157,-0.011563353067074029,0.0,-0.007949756470699287,0.00880155512048214,-0.9999296645262192,0.0,0.6603203203286612,0.2590398378994139,0.3038062373069819,1.0,-0.0077200000000000055,-0.010146285714285724,-0.0038600000000000028,0.3870000000000003
0.4639165831040728,0.538588612933719,-0.12401574590816508,-1.3691083280413223,0.07873961053204763,1.899021427262441,0.15825005738500028,-0.0016678747244699486,-0.050357460971205324,-0.0011797774778995788,-0.06973448047045126,-0.0011115149616924332,0.023347262190034638,-0.002879480659350615,0.5745626215026234,0.8184444821140973,0.0026777920435460158,0.0,0.8184105979951148,-0.5745010470933904,-0.011549323750116162,0.0,-0.007914238336128865,0.00882751307509562,-0.9999297174524157,0.0,0.6601934091091558,0.2588657709971272,0.30382551698636673,1.0,-0.008060000000000006,-0.010593142857142867,-0.004030000000000003,0.4040000000000003
0.4638106167375504,0.5378312961791829,-0.12403290649458955,-1.3703080610753697,0.07866456385217141,1.8994809125543326,0.1581870586406612,-0.005621155621002279,-0.04811928172671011,-0.00027991105472036234,-0.07490873125350665,0.0001549607399152448,0.030890886968304818,0.0009842864738227714,0.5746560909696744,0.8183788358641764,0.0026842172521833792,0.0,0.8183451520651214,-0.5745946144076031,-0.011532046067342622,0.0,-0.007895397669590687,0.00882374657381968,-0.9999298996389895,0.0,0.6600628855313049,0.25867242728558154,0.30382970389741676,1.0,-0.008400000000000006,-0.01104000000000001,-0.004200000000000003,0.4210000000000003
0.46371808250953417,0.537081092684618,-0.12403693444769331,-1.3714888992420418,0.07859891753370388,1.899923536310418,0.15806703069547934,-0.005132811416923325,-0.047089413194848835,-0.0008111635064431591,-0.07295757808373887,-0.003753378823899255,0.02474212707166324,-0.004828274841880575,0.574683983956619,0.818359212471175,0.002695338293195117,0.0,0.8183256419374231,-0.5746224330198174,-0.011530399789177147,0.0,-0.007887358899201724,0.008832170573126852,-0.9999298887084849,0.0,0.6599259322840455,0.25849810428129777,0.3038358540818158,1.0,-0.008720000000000007,-0.01146057142857144,-0.004360000000000004,0.43700000000000033
0.4636077560798676,0.5362517641398818,-0.12404037339503343,-1.3728080426769105,0.07852259701264633,1.9004090071929123,0.1579751445003343,-0.005369967817551908,-0.05002816078183046,-0.0002100527228498873,-0.07683837912145379,-0.0021352135885164486,0.029390449953729615,-0.0024108256027956243,0.5747536686500897,0.8183102872169166,0.0026909309613317948,0.0,0.8182766361009172,-0.5746920971350593,-0.011536342708276293,0.0,-0.007894003141651285,0.008832651285312743,-0.9999298320310638,0.0,0.659772348325518,0.25829819910143587,0.30383558396964966,1.0,-0.009060000000000007,-0.011907428571428583,-0.004530000000000004,0.45400000000000035
0.46349899682400303,0.5353889002296526,-0.12404570387882422,-1.3741608050167664,0.07845235060851984,1.9009038961177056,0.15790317381383348,-0.0055349773689652845,-0.04775077613537035,-0.0008299921387851076,-0.08429639100554816,-0.001072604137752342,0.032859708983556245,-0.0061440985819365,0.5748430098348533,0.8182475041513946,0.002698683980875585,0.0,0.8182138699253191,-0.5747813080964703,-0.011543735355228065,0.0,-0.007894631530453777,0.008844106516490438,-0.9999297258172314,0.0,0.6596131060182572,0.2580963119088214,0.3038437115179955,1.0,-0.009400000000000007,-0.012354285714285726,-0.004700000000000004,0.47100000000000036
0.46338244867718414,0.5344831896091878,-0.12404674526308435,-1.3755755051961975,0.07837368485573451,1.9014136118021987,0.15779299521540796,-0.0004414896049020011,-0.04705619347301972,0.0002895927396611732,-0.08322377320389744,-0.00016833455255865296,0.02970718218219183,-0.007034573120423894,0.574905389258454,0.8182036661174834,0.0027020463917577205,0.0,0.8181699972247188,-0.5748435809466026,-0.011552488346610424,0.0,-0.007899186378070022,0.008852491536551363,-0.9999296156471014,0.0,0.6594447324466192,0.2578846521891164,0.30385354838959544,1.0,-0.009740000000000007,-0.012801142857142869,-0.004870000000000004,0.4880000000000004
0.46326266884560635,0.533567535064804,-0.12405062083004036,-1.377055119508908,0.07828261658319613,1.901952771859193,0.15766410563126673,-0.0024386542146964145,-0.053343959119051536,0.0008164475073410806,-0.08486239428260056,-0.011425460492328513,0.036490635474153744,-0.0037756268340238177,0.5749572748887343,0.8181672879042776,0.002677304070803861,0.0,0.818133303925744,-0.5748955482193105,-0.011565143594998602,0.0,-0.007923204524048322,0.00884002526801772,-0.9999295359090714,0.0,0.6592692228217926,0.2576616576679465,0.30384195528309865,1.0,-0.010080000000000007,-0.013248000000000012,-0.005040000000000004,0.5050000000000003
0.46313374254896184,0.5326382875516839,-0.12404758942343863,-1.3785399469777653,0.07820650958262064,1.9025119579556793,0.15758659584951967,-0.008302204216567887,-0.05687379643444685,0.0008923370765457252,-0.08842984873766868,-0.0014349997214692996,0.03376567801649733,-0.006197089499581674,0.5750580823075359,0.8180964095920158,0.0026857934842503314,0.0,0.818062412140783,-0.5749961767730134,-0.011577281201972066,0.0,-0.007927163821592864,0.008854926307349978,-0.9999293726828095,0.0,0.6590964237530862,0.2574399884960575,0.30383882031099546,1.0,-0.010420000000000007,-0.013694857142857154,-0.005210000000000004,0.5220000000000004
0.4630147513843973,0.5317262435164941,-0.12405107730656097,-1.3799785520471979,0.07811687929875152,1.903058945675459,0.15745887189199537,-0.007327820112759564,-0.06132597191754989,0.00023927806548116278,-0.09381829135745964,-0.004309526304451899,0.03332547191865145,-0.003297751175389602,0.5751079280693205,0.8180613266102762,0.0026988659945676816,0.0,0.8180275437301614,-0.5750460232361317,-0.01156528254378163,0.0,-0.007909290501316724,0.008859202968793528,-0.9999294763364682,0.0,0.6589308041824408,0.25722335469357827,0.3038444913740045,1.0,-0.010740000000000008,-0.014115428571428584,-0.005370000000000004,0.5380000000000004
0.46288385462872994,0.530737343705121,-0.12405385271807985,-1.3815735707421284,0.07803191361599691,1.9036277800658825,0.15735185119729328,-0.00809287586466941,-0.060291915965347956,-0.000639244440612291,-0.09497621997575278,-0.005822122208118978,0.030700276832219316,-0.0007998379952692393,0.5751934241941793,0.8180013060834382,0.002671125375667786,0.0,0.8179670374794513,-0.5751314604516616,-0.011596365682283925,0.0,-0.007949747092838189,0.008855216285625883,-0.9999291908258778,0.0,0.6587373502999686,0.25698399707284836,0.30383157055354526,1.0,-0.011080000000000008,-0.014562285714285727,-0.005540000000000004,0.5550000000000004
0.46273899345639996,0.5297300041053775,-0.12405622900746491,-1.3832089663633862,0.07792724094701099,1.9042136018857414,0.15725511723412458,-0.004874883258171225,-0.058381613267938504,-0.0002596465302300851,-0.10163695373813161,-0.004048195098780452,0.034116431145970495,-0.004524768227453788,0.5752951646894261,0.8179298913877736,0.0026292889835905896,0.0,0.8178950981330658,-0.5752333499312542,-0.011616732672241104,0.0,-0.007989372003087136,0.008833702783236405,-0.999929065299201,0.0,0.6585424788103812,0.25672912988381885,0.30381363358711716,1.0,-0.011420000000000008,-0.01500914285714287,-0.005710000000000004,0.5720000000000004
0.4625945484463226,0.5286687705990893,-0.12406053771210128,-1.3848791475049014,0.07780792931416916,1.9048265957563497,0.15712244900345645,-0.006012294219619926,-0.05964905723192334,0.0015791880351635102,-0.09981020555745082,-0.010098970882544607,0.03641297138427126,-0.006838924773502637,0.5753662540446346,0.8178799149840273,0.002620166707187078,0.0,0.8178451552248261,-0.5753046291978384,-0.01160312888948565,0.0,-0.007982725725973472,0.008819109246876386,-0.9999292471980583,0.0,0.6583469770315126,0.2564695015945113,0.3038192456532731,1.0,-0.011760000000000008,-0.015456000000000013,-0.005880000000000004,0.5890000000000004
0.46245561288770076,0.5275608841837965,-0.1240634919667613,-1.3866132186160085,0.07771341700756977,1.9054888376979753,0.1569997677342462,-0.010558417416275574,-0.062331298927292014,0.0006864344068726977,-0.09916292603828714,0.0002503707175958987,0.038358708634195486,-0.005199794683023137,0.5754337705795523,0.8178323246077788,0.0026479056713123355,0.0,0.8177978626074789,-0.5753719746255461,-0.011597138929373689,0.0,-0.007961137651253614,0.008839007158727916,-0.99992924361664,0.0,0.658155181854429,0.25623463258199897,0.30382621359699274,1.0,-0.01208000000000001,-0.015876571428571445,-0.006040000000000005,0.6050000000000004
0.4623188863843942,0.5264991178919044,-0.12407160886577182,-1.3882670141222129,0.07760711624413609,1.9061215857489604,0.15688823522661424,-0.005065810307355326,-0.06293339623836093,-0.0010362563926497109,-0.10507679324411869,-0.00434900618349193,0.04021164805718437,-0.0035427257849229028,0.5755373467390108,0.8177593325317273,0.002680199076923735,0.0,0.8177253953498236,-0.5754755478073482,-0.011567997969214025,0.0,-0.007917601704375166,0.008849652091303395,-0.9999294951350888,0.0,0.6579534863529556,0.25596332017467327,0.3038464442710842,1.0,-0.01242000000000001,-0.016323428571428586,-0.006210000000000005,0.6220000000000004
0.4621666049888848,0.5253346122692237,-0.12407484453584906,-1.39009192655229,0.07749129016671337,1.906792887664571,0.15674143962777506,-0.007038726082138771,-0.07002291648215384,-0.0016052878699545576,-0.10789406705014656,-0.010326594828082276,0.03655983462275722,-0.008897894202454504,0.5756112102855753,0.8177073289957603,0.0026843251299150566,0.0,0.8176734817975131,-0.5755494291932234,-0.011561947141153248,0.0,-0.007909479400479202,0.008850258257327853,-0.9999295540508801,0.0,0.6577361152143327,0.2556867494148224,0.3038553151024822,1.0,-0.01276000000000001,-0.01677028571428573,-0.006380000000000005,0.6390000000000005
0.4620124498138032,0.5241626198300968,-0.12408440664924135,-1.3919272622861554,0.07737464340900495,1.9074498585656436,0.15660014442366313,-0.010641485602577707,-0.06337097234350803,-0.0015963853977674185,-0.10833427447012026,-0.010162090365731695,0.04051606125433521,-0.014867432578109505,0.5756955490578429,0.8176479910712254,0.002672899808519285,0.0,0.8176140379150182,-0.5756338422980792,-0.011563369174154153,0.0,-0.007916306401835382,0.008842550817563383,-0.9999295682136773,0.0,0.6575150102802788,0.25540306984560035,0.3038631379473704,1.0,-0.01310000000000001,-0.017217142857142872,-0.006550000000000005,0.6560000000000005
0.4618590417218294,0.5229839741548883,-0.12408831266614707,-1.393829731603819,0.07725831561038773,1.9081477414345958,0.15646298233362801,-0.010382409265496632,-0.07085624292929736,-0.0009210492524735426,-0.11204556062912918,-0.004870033513181535,0.035426257022288486,-0.005133604623311426,0.5757823013915208,0.8175869880669603,0.002646743109546371,0.0,0.8175526909594267,-0.575720665415474,-0.01157842043510324,0.0,-0.007942734108141614,0.008830671533881715,-0.9999294636198834,0.0,0.657284379311436,0.2551181473911412,0.3038467758793656,1.0,-0.01344000000000001,-0.017664000000000016,-0.006720000000000005,0.6730000000000005
0.46170577285862974,0.5218248074127775,-0.12408684628306772,-1.3956727753313691,0.07714325431866155,1.908855919702144,0.15633701159534244,-0.009382081647970246,-0.066224966946535,0.0007178681014656478,-0.11716128854248703,-0.012285872999596546,0.04794592439152791,-0.012009592044042,0.5758713351289486,0.8175242279734207,0.0026625090559645745,0.0,0.8174901714438485,-0.5758096756906301,-0.011566497956024942,0.0,-0.007922946377086515,0.008837559755744684,-0.9999295597482203,0.0,0.6570673433997728,0.2548441608986199,0.30384541601965687,1.0,-0.01376000000000001,-0.018084571428571446,-0.006880000000000005,0.6890000000000005
0.46154059889909854,0.5205848391037816,-0.12409496280775853,-1.3976798883940014,0.0770201879196937,1.9096312136511975,0.1561877627651582,-0.013676958034769865,-0.07490297898655796,-0.0009508399783227858,-0.1227060449758531,-0.00837254774225821,0.04098613761681553,-0.00995585314097429,0.5759642986085025,0.8174587361518031,0.002662389663537608,0.0,0.8174247426655818,-0.5759026999422201,-0.011559289708992056,0.0,-0.00791611737058534,0.008834211461190872,-0.999929643421793,0.0,0.6568321907540836,0.2545416492071131,0.30382855855355495,1.0,-0.01410000000000001,-0.018531428571428588,-0.007050000000000005,0.7060000000000005
0.4613775794611191,0.5192737473815378,-0.12409781489631444,-1.3997239486448452,0.07688857764752853,1.9103718758888166,0.15603200085622626,-0.008204909796245148,-0.07373174226223546,-0.0018520416840520498,-0.1217570257570008,-0.010855477853907686,0.03719489885859519,-0.00918272706224499,0.5760453449354571,0.8174016241583673,0.0026631377473912577,0.0,0.8173676737078953,-0.5759837708261746,-0.011555458598100678,0.0,-0.007911678828344482,0.008833400909719555,-0.999929685711193,0.0,0.6565812684799177,0.25423652814261116,0.30384045969303275,1.0,-0.01444000000000001,-0.018978285714285732,-0.007220000000000005,0.7230000000000005
0.46121723032144524,0.5180237966384162,-0.12410748719469074,-1.4016834836752643,0.07676276669636939,1.9110829774126716,0.15588657421311392,-0.008646060919562031,-0.0797262422416809,0.0011278681952541392,-0.12574447386781434,-0.00960630340796691,0.044511814952576306,-0.010939314183109691,0.5761383414770491,0.8173360835137736,0.0026617602539167617,0.0,0.8173021695496563,-0.5760768209090427,-0.011550193157003978,0.0,-0.007907163491074731,0.008830141567150979,-0.9999297502151988,0.0,0.6563271870239249,0.25391990079140103,0.3038513509142263,1.0,-0.014780000000000012,-0.019425142857142877,-0.007390000000000006,0.7400000000000005
0.46103322559773074,0.5165811457641799,-0.12411603470491765,-1.4039315032487893,0.07661829393122904,1.9118980229122349,0.15571724848910204,-0.01085682197287762,-0.07227363801446009,-0.0008499411060168463,-0.12647849288041704,-0.003970336138287836,0.04536372277399392,-0.006771281496053485,0.5762321351977703,0.8172699726297648,0.002658026405176148,0.0,0.8172360726973874,-0.5761706848521126,-0.011545141853020097,0.0,-0.007904173051823726,0.00882508671188531,-0.9999298184837246,0.0,0.6560676376817008,0.2535957652021409,0.3038599278166362,1.0,-0.015120000000000012,-0.019872000000000018,-0.007560000000000006,0.7570000000000006
0.46084673003759136,0.5152137468288359,-0.12412265657384858,-1.406085057085766,0.07647508832581242,1.9127218801153059,0.15554799859694565,-0.005636579081971659,-0.08112126226836297,-0.0011675416330408845,-0.12501235854584486,-0.008087582446546011,0.046772776272977115,-0.010297517470637679,0.5763259684806761,0.8172037383373023,0.002678619711155906,0.0,0.8171702453480523,-0.5762645959766288,-0.011517484226402919,0.0,-0.007868688957078929,0.008826883522662449,-0.9999300824864578,0.0,0.6558140667894213,0.2532646800003025,0.30386534912405383,1.0,-0.015460000000000012,-0.020318857142857163,-0.007730000000000006,0.7740000000000006
0.4606756039270156,0.5139061836809067,-0.12412570465892596,-1.4081835787385246,0.07635496941968611,1.913491069119951,0.15538455680068913,-0.008355375315605436,-0.08167604671750234,-0.00101288801194764,-0.13432690774062273,-0.009945103784493144,0.04017110173970057,-0.014848832344223172,0.5764124564022135,0.8171427936351486,0.0026611681118470336,0.0,0.8171089867181429,-0.5763510315620274,-0.011538593633751901,0.0,-0.007895063654522305,0.008825623399815005,-0.9999298857127412,0.0,0.6555543217775236,0.2529515889429374,0.30384980989654586,1.0,-0.015780000000000013,-0.020739428571428593,-0.007890000000000006,0.7900000000000006
0.46047886741583455,0.5125133330299004,-0.12412916423361882,-1.4104568634690269,0.07622507762537377,1.914280280609445,0.15521142684914058,-0.01468439107654114,-0.08061183119009066,-0.00028191542906256465,-0.13053341078433042,-0.010537964947985147,0.0446203333040249,-0.008311018225507985,0.5765247092264764,0.8170638869641382,0.002571219863995394,0.0,0.817028768935134,-0.5764634101857455,-0.011604927857099046,0.0,-0.007999907314729493,0.008791457521350174,-0.9999293533833309,0.0,0.655248549262695,0.2525798308536906,0.3038018503208031,1.0,-0.016140000000000012,-0.02121257142857145,-0.008070000000000006,0.8080000000000006
0.4602833952009336,0.5110830168529644,-0.12412986558259234,-1.412771304684597,0.07607950521842655,1.9151311773895512,0.15503408782226424,-0.012690024837107784,-0.08379826530822639,0.0005916216446371461,-0.13911417670137263,-0.007876524739186264,0.04720477359426841,-0.009632650676565315,0.5766152438465226,0.8170000579766667,0.0025520053187221186,0.0,0.8169646749479269,-0.5765539818873702,-0.011617777681398746,0.0,-0.008020510630639355,0.008784055026668833,-0.9999292533907147,0.0,0.6549793064677529,0.2522516410721502,0.3037860580267743,1.0,-0.016460000000000013,-0.02163314285714288,-0.008230000000000006,0.8240000000000006
0.4600909356273886,0.5097060655952246,-0.12412744444992742,-1.4149632715669909,0.07595082893892337,1.9159689954096357,0.15486545571810856,-0.009494316482764324,-0.09098715648349083,-0.00037012594380612815,-0.1359310000040771,-0.006355867185853244,0.050734834858999434,-0.015736531725771163,0.5767147957846412,0.8169297190042558,0.002573991436600335,0.0,0.8168945925090003,-0.5766534146029249,-0.011610816403260699,0.0,-0.008001074076121162,0.008798978704228952,-0.9999292778928873,0.0,0.6546988054289217,0.25189951268913413,0.30378314894273284,1.0,-0.016800000000000013,-0.02208000000000002,-0.008400000000000006,0.8410000000000006
0.4598674380309843,0.5081273474617856,-0.12413279847093288,-1.41747147978336,0.07578833307394017,1.9168664297898792,0.15466669281584527,-0.012087002479491866,-0.09191550610540228,-0.00015628856270286077,-0.1370300101192827,-0.008507530541695311,0.05310536376993154,-0.010649327745822631,0.5768228728802951,0.8168535297318917,0.0025359786830487846,0.0,0.8168179170299774,-0.5767616162949838,-0.011630790549877174,0.0,-0.00803815190944751,0.008780507896355469,-0.9999291428871162,0.0,0.6544027962781784,0.25152942219864904,0.30376780818813454,1.0,-0.017140000000000013,-0.022526857142857164,-0.008570000000000006,0.8580000000000007
0.4596676939450548,0.5066780990307694,-0.12413444537515204,-1.4197248317425737,0.0756448418282551,1.9176770341267826,0.1544900962361545,-0.009856652080322567,-0.08466535900717874,0.0019513877945147658,-0.1393908247844909,-0.008910272261633462,0.052375755461921664,-0.0075132119090622835,0.5769205805675046,0.8167845202358839,0.002537345443313203,0.0,0.8167489218906319,-0.5768593033022129,-0.011631409432423932,0.0,-0.008036818581924898,0.008782942736726737,-0.9999291322208611,0.0,0.6541219703428095,0.2511813229004998,0.3037790020161345,1.0,-0.017460000000000014,-0.022947428571428594,-0.008730000000000007,0.8740000000000007
0.4594472204625563,0.5050813312411474,-0.12414226843797684,-1.4221694911553382,0.07550124950059729,1.918608092084605,0.15430386400095739,-0.017619612101721433,-0.09319693227110402,-0.0004569110763733736,-0.145245944290365,-0.007656047339265963,0.05775682058835394,-0.00890770393693745,0.5770416094571,0.8166987999103253,0.0026073130617919613,0.0,0.8166641037994091,-0.5769800720993038,-0.011596761056365253,0.0,-0.007966846545685746,0.008821282486410398,-0.9999293546703252,0.0,0.6538289381188911,0.25080342887082996,0.30381237589922105,1.0,-0.017800000000000014,-0.023394285714285736,-0.008900000000000007,0.8910000000000007
0.459220273293214,0.5034378171279601,-0.12415021172321962,-1.42464504579794,0.07533676090243759,1.919569852310617,0.15411052069770084,-0.01403531209528439,-0.09645329255444433,0.000434140125748029,-0.14525603524085304,-0.006221942198662251,0.05753579629273954,-0.005782194536860148,0.5771575142399836,0.8166165721594578,0.0027064242217459695,0.0,0.8165833403757732,-0.5770958360046261,-0.011523505893345713,0.0,-0.007848570842361458,0.008861069551247894,-0.9999299382367449,0.0,0.6535375727757725,0.25041698960425407,0.30386570056643225,1.0,-0.018140000000000014,-0.02384114285714288,-0.009070000000000007,0.9080000000000007
0.4590029528316921,0.5018429693677008,-0.1241539825224378,-1.4269945182314978,0.07518494221435676,1.9204427755476652,0.15391015446571576,-0.010052351482607557,-0.10157609974196685,6.250930265609711e-06,-0.14498018824158607,-0.0038875238863884443,0.053085018443271376,-0.005480308428590887,0.5772530639993338,0.8165487078949872,0.002802612998007637,0.0,0.8165167879616759,-0.5771911448041188,-0.011465785523313926,0.0,-0.0077448780622025315,0.008907211878955268,-0.9999303367936914,0.0,0.6532523952261171,0.2500497552106391,0.30393655614351284,1.0,-0.018460000000000015,-0.02426171428571431,-0.009230000000000007,0.9240000000000007
0.4587689531420553,0.5001366104785543,-0.12415293692457173,-1.4295779932718202,0.07501676610465821,1.921358189228079,0.15371075446503527,-0.01426454309071265,-0.09874903938705869,3.8564140473127636e-05,-0.1541702379905265,-0.01108381238231121,0.050002912829812826,-0.01658300955278601,0.5773816025294204,0.8164577420162603,0.0028262100906612042,0.0,0.816426105385521,-0.577319568647357,-0.011457617687288778,0.0,-0.007723182970606701,0.008922981153813736,-0.9999303640014795,0.0,0.6529053731295874,0.2496262918160279,0.3039701473078045,1.0,-0.018820000000000014,-0.024734857142857166,-0.009410000000000007,0.9420000000000007
0.4585254256570799,0.49845673210007246,-0.12415328298417723,-1.432185577753622,0.07484781378326756,1.9223258961367151,0.15349825295012975,-0.01258686927867746,-0.0953540961249845,-0.00015122137622809983,-0.15147288107186588,-0.0023247174928515122,0.06258508177003293,-0.014278689308095055,0.5774787897644094,0.8163888923049141,0.00285846017932344,0.0,0.8163577344225981,-0.5774167162562802,-0.011433815523490981,0.0,-0.0076840652418144195,0.0089364840818357,-0.9999305447847937,0.0,0.6526035759903829,0.2492406503287826,0.3039911171077898,1.0,-0.019140000000000015,-0.025155428571428596,-0.009570000000000007,0.9580000000000007
0.45827262695606236,0.4967841251498761,-0.1241554257020379,-1.4348459123500767,0.07469003300409582,1.9232974134282919,0.15330991189821133,-0.013729382085020335,-0.09488241551927049,-9.645188111030008e-05,-0.15570871775819645,-0.00621257633706971,0.05097427621874323,-0.0051745230621990015,0.5776251137097047,0.816285417587221,0.0028446348649995186,0.0,0.8162539902296414,-0.5775629586015583,-0.011454221353347588,0.0,-0.007707106517466755,0.008938362562163182,-0.999930350666403,0.0,0.6522706792243951,0.24882144648973178,0.3039750825590496,1.0,-0.019480000000000015,-0.025602285714285737,-0.009740000000000007,0.9750000000000008
0.4580020467602597,0.4951205219527233,-0.12415292308783153,-1.4375571517805,0.07452713327963845,1.924235362179042,0.15308437743122513,-0.013653039834280086,-0.09500318691806296,-6.765635891066332e-05,-0.15572199801447825,-0.0011341964396651256,0.050826361525822476,-0.006082112781749435,0.5777526588655757,0.8161954631890844,0.0027528066626722357,0.0,0.816162670051267,-0.5776905722547478,-0.011525868469522596,0.0,-0.007817241603997604,0.008906010658246089,-0.999929784388814,0.0,0.6519209006083934,0.2483843647853555,0.30392491372015473,1.0,-0.019820000000000015,-0.026049142857142882,-0.009910000000000007,0.9920000000000008
0.45771761161276053,0.49341776041170926,-0.12417123041011968,-1.4403326711598736,0.07434887711678005,1.9252235497253118,0.15286964990042473,-0.012061174191657266,-0.1048476409748385,-0.006231320727860462,-0.17049659032018835,-0.014622704667364662,0.059494351811756316,-0.014545955450351453,0.5779137653224343,0.8160816734538392,0.002670019632194125,0.0,0.8160478441774649,-0.5778519687986288,-0.011565685023756687,0.0,-0.007895819506626045,0.008863002985648058,-0.9999295491245348,0.0,0.6515742190324854,0.24792001993188914,0.3038757796122915,1.0,-0.024094285714285617,-0.031666775510203964,-0.028454871085713797,1.0089999999999997
