position_joint1,position_joint2,position_joint3,position_joint4,position_joint5,position_joint6,position_joint7,velocity_joint1,velocity_joint2,velocity_joint3,velocity_joint4,velocity_joint5,velocity_joint6,velocity_joint7,ee_T_00,ee_T_10,ee_T_20,ee_T_30,ee_T_01,ee_T_11,ee_T_21,ee_T_31,ee_T_02,ee_T_12,ee_T_22,ee_T_32,ee_T_03,ee_T_13,ee_T_23,ee_T_33,v_x,v_y,time
0.465066138865,0.547734552936,-0.124012633491,-1.35581715876,0.0794433748516,1.89409314649,0.159165196572,0.000220012401807,-0.00127923103529,-0.00570803722178,0.00111289599094,5.23038024805e-05,0.000494690270659,0.0102941941483,0.573817697491,0.818968970641,0.00195501268236,0.0,0.818926536404,-0.573759736453,-0.0118253837032,0.0,-0.00856307962328,0.00838678768477,-0.99992816515,0.0,0.661691161072,0.260864351027,0.303255005758,1.0,0.0,0.0,0.0
0.465060743808,0.547734552936,-0.124011267673,-1.35582200922,0.079443493141,1.89409420564,0.159170037422,-0.000519082163221,-0.00116679368881,0.000631091758056,0.00137021163605,8.17411071409e-05,8.34092032757e-05,0.00146175961158,0.57382542927,0.818963559903,0.00195222308768,0.0,0.818921078484,-0.573767467898,-0.0118282246333,0.0,-0.00856692779516,0.00838621417474,-0.999928136998,0.0,0.661691346882,0.260861086184,0.303252744137,1.0,-0.00026,-0.000341714285714,0.014
0.465059866585,0.547736642515,-0.124015084386,-1.35583090802,0.0794428823027,1.89409692397,0.159166010211,-0.000122136767387,8.22233866011e-05,-0.00103210819662,-0.000613853837007,-1.68680840709e-05,-2.89017750654e-06,0.000948351751354,0.573825862774,0.818963275655,0.00194402708383,0.0,0.818920706784,-0.573767953259,-0.0118304148049,0.0,-0.00857341988495,0.00838076337158,-0.999928127056,0.0,0.661690932106,0.260857297016,0.303247389854,1.0,-0.00062,-0.000814857142857,0.032
0.465062676445,0.547701281815,-0.124009797739,-1.35585922085,0.0794427498964,1.89410101944,0.159159454115,0.00117699588932,-0.00328021466789,0.000519157884674,-0.00946128558809,-0.00010066951783,-0.000287978569237,-0.00441091405975,0.573815975692,0.818970173551,0.00195647005742,0.0,0.818927716111,-0.57375796768,-0.0118295059583,0.0,-0.00856563717877,0.008390328599,-0.999928113539,0.0,0.661684255246,0.260859578522,0.303259144224,1.0,-0.00096,-0.00126171428571,0.049
0.465061963104,0.547592189543,-0.124006668077,-1.35597280662,0.0794423921013,1.89412345121,0.159157255829,-0.000124049849562,-0.00932160686809,0.0017609937484,-0.00469936801086,-0.000116192594115,-6.23270748752e-05,-0.00452881524004,0.573818641567,0.818968254568,0.0019777515757,0.0,0.818925973633,-0.573760448867,-0.011829789774,0.0,-0.00855363133522,0.00840794791193,-0.999928068314,0.0,0.661665062314,0.260850336737,0.303284206158,1.0,-0.00126,-0.001656,0.064
0.465056351695,0.547468280711,-0.124006903213,-1.35616297456,0.0794394149996,1.89416800978,0.15916057376,-0.000183099014514,-0.00925203424744,0.000416611235849,-0.0118488498975,-0.000194809380492,0.00416077004424,0.00101483500841,0.573835798992,0.818956264403,0.00196460947025,0.0,0.818913703492,-0.573777550413,-0.011849716293,0.0,-0.00857731572007,0.00840879892944,-0.999927858276,0.0,0.661635304224,0.260828081033,0.303285339522,1.0,-0.0016,-0.00210285714286,0.081
0.465036202261,0.547309921398,-0.124014495705,-1.35636128552,0.079431555653,1.89426638936,0.15914609405,-0.00511170875527,-0.0129432149712,-0.000415897309033,-0.0126304899472,-0.000896935999958,0.00502078700745,-0.00117639540754,0.573854889712,0.818942766432,0.00201438905947,0.0,0.81890088713,-0.573796471615,-0.0118191844283,0.0,-0.00852355036264,0.00843224411122,-0.999928120591,0.0,0.661621082283,0.260794313504,0.303311905499,1.0,-0.00192,-0.00252342857143,0.097
0.465031450142,0.547123699743,-0.124010985137,-1.35657377445,0.079431029891,1.89438586385,0.159135228699,4.54775705397e-05,-0.0104816583545,0.000110845832135,-0.0123308036434,0.000613150839168,0.00795804894475,-0.00470779458207,0.573859377879,0.818939404181,0.00210085750766,0.0,0.818898573696,-0.57380054224,-0.0117817921371,0.0,-0.00844326321483,0.00848164442057,-0.999928383943,0.0,0.661601571259,0.260778468677,0.303352931633,1.0,-0.00226,-0.00297028571429,0.114
0.465001220523,0.546907265247,-0.124010514642,-1.35684395417,0.0794211365612,1.89450832313,0.159127156526,-0.000308012451272,-0.0130541069453,-0.000535717754577,-0.0160866521735,-5.95924941234e-06,0.00549395099347,0.000815951240844,0.573889767686,0.818917946661,0.00216288760456,0.0,0.818877894034,-0.573830659681,-0.0117522582319,0.0,-0.00838316536088,0.0085158055488,-0.999928599248,0.0,0.66157807521,0.26073623585,0.303388232059,1.0,-0.0026,-0.00341714285714,0.131
0.464963338309,0.546672921923,-0.124007730907,-1.35720097981,0.0794076984573,1.89463904501,0.159070768909,-0.00354245855173,-0.0160451954614,0.00094298529865,-0.0213069009889,-7.26196033081e-05,0.00682128191818,-0.00203778364788,0.573889066547,0.818918405773,0.00217505987178,0.0,0.818878420523,-0.573829819639,-0.0117565894416,0.0,-0.0083797346048,0.00852825192806,-0.999928521929,0.0,0.661538417613,0.260680182953,0.303395502207,1.0,-0.00294,-0.003864,0.148
0.464938752699,0.546411697075,-0.12400593814,-1.35757911361,0.0793908164325,1.89478643093,0.158962624274,-0.00213060195792,-0.00883866816944,-0.00163612918445,-0.0253427376072,-0.00504035111405,0.00732247465381,-0.00149279796666,0.573846994126,0.818947846522,0.00219064162752,0.0,0.818908041674,-0.573787670254,-0.0117505594323,0.0,-0.00836629326379,0.00853712162079,-0.999928558794,0.0,0.661492858129,0.260619644456,0.303404148925,1.0,-0.00328,-0.00431085714286,0.165
0.464890233868,0.546111681878,-0.124006024243,-1.35808876293,0.0793526611762,1.89496603857,0.158943472894,-0.00235430826391,-0.0220749671883,-0.000288645281267,-0.0298203579986,-0.00428429405399,0.0114966341088,0.000501440754256,0.573878553829,0.818925774023,0.00217462577695,0.0,0.818885777086,-0.57381930372,-0.0117574514941,0.0,-0.0083807991725,0.00852828357525,-0.999928512737,0.0,0.661436436909,0.260548085721,0.303398619117,1.0,-0.00362,-0.00475771428571,0.182
0.464846940039,0.545811752584,-0.124013628013,-1.35860093367,0.0792916355685,1.89513572206,0.158879910326,-0.00434515099875,-0.0169762634028,-0.000764016208431,-0.0356114483043,-0.0058789591672,0.012045907135,-0.00755603912122,0.573879613659,0.818925175509,0.00211963322634,0.0,0.818884739896,-0.573820854505,-0.0117540036655,0.0,-0.00840952167488,0.00848128167669,-0.999928671359,0.0,0.661377027403,0.260459819531,0.303382078505,1.0,-0.00394,-0.00517828571429,0.198
0.464783686103,0.545463006389,-0.124016136695,-1.35921216716,0.0792701019866,1.8953337818,0.158781412876,-0.00857141716109,-0.0222211144273,-0.000982094869156,-0.0409113697159,-0.00132154234776,0.0103646007799,0.000778186583609,0.573880819413,0.818924451139,0.00207251956794,0.0,0.818883234352,-0.573822074435,-0.0117992495768,0.0,-0.00847359964876,0.00846867759091,-0.999928237229,0.0,0.661303570841,0.260358507466,0.303355297033,1.0,-0.00428,-0.00562514285714,0.215
0.46471455413,0.545015664123,-0.124008421372,-1.35998882174,0.0792435458227,1.89558240548,0.158711688644,-0.00507030138074,-0.0186142545148,0.00332796793534,-0.0411675379411,-0.00393860744812,0.0147885348482,-0.000924228803931,0.57391105833,0.818903399797,0.00201638999833,0.0,0.81886117359,-0.573852256509,-0.0118622505198,0.0,-0.00855709207987,0.00845918309591,-0.999927606578,0.0,0.661204168994,0.260243510155,0.303323590959,1.0,-0.00466,-0.00612457142857,0.234
0.464648120875,0.54461502955,-0.124021891914,-1.36066529122,0.0792096364793,1.89580548604,0.158611323886,-0.00147089777874,-0.0262121439777,-0.00174792877802,-0.0479101705033,-0.00270554450071,0.00886749754991,-0.00631792256369,0.573921288546,0.818896338107,0.00197202716575,0.0,0.818853495175,-0.573862628002,-0.0118905224189,0.0,-0.00860559825962,0.00843918776591,-0.999927359256,0.0,0.661125949897,0.26012639146,0.303304936831,1.0,-0.00498,-0.00654514285714,0.25
0.464577217143,0.544170513412,-0.124014813452,-1.36138825111,0.0791731403044,1.89606707374,0.158533481898,-0.00121575538852,-0.0314869456238,0.00191479219392,-0.0397818884806,-0.000394310310578,0.0210618982442,-0.000640166591415,0.573941234082,0.818882381681,0.00196257316574,0.0,0.81883930072,-0.573882497531,-0.0119090522347,0.0,-0.00862599274468,0.00844229071524,-0.999927157335,0.0,0.661042387489,0.260015482924,0.303297832435,1.0,-0.0053,-0.00696571428571,0.266
0.464505399567,0.543695926717,-0.124020103539,-1.36216453177,0.0791343065762,1.89633499907,0.158442329573,-0.00628908732953,-0.0315132201253,0.000357902962881,-0.0477049650389,-0.000197646627676,0.0127378672182,-0.00658045472238,0.573961912982,0.818867949471,0.00193666654421,0.0,0.81882445097,-0.573903203577,-0.0119322385988,0.0,-0.00865963534482,0.00843460280434,-0.999926931426,0.0,0.660951714504,0.259890927159,0.303287536881,1.0,-0.00562,-0.00738628571429,0.282
0.464426898651,0.543163707539,-0.124026475537,-1.36300810681,0.0790834453139,1.89663010603,0.158321063421,-0.00442317414206,-0.0291827396439,0.000139043988496,-0.0477441369488,-0.00107568858615,0.0137553763565,-0.00611038285583,0.573964652067,0.818866065139,0.00192157290136,0.0,0.818822369435,-0.573906005104,-0.0119403315983,0.0,-0.00867489714371,0.00842691739181,-0.999926863937,0.0,0.660855032444,0.259754003973,0.30328830388,1.0,-0.00596,-0.00783314285714,0.299
0.464343419096,0.542595792552,-0.124032185895,-1.36390800628,0.0790290034556,1.89695368304,0.158211460992,-0.00683620317914,-0.0418816566348,-0.000423262452689,-0.0506035866113,-0.00863841864878,0.0226259916344,-0.00958714672834,0.573982735815,0.818853410354,0.00191265228598,0.0,0.818809607509,-0.573924133001,-0.0119441664239,0.0,-0.00868297127921,0.00842200553832,-0.99992683524,0.0,0.660753201684,0.259609317951,0.303289891173,1.0,-0.0063,-0.00828,0.316
0.464265339701,0.541996613531,-0.124035019596,-1.36483578636,0.0789706551712,1.89730326532,0.15810186943,-0.010974843862,-0.0372274135027,-0.000247591364061,-0.0561457878337,-0.000501024521037,0.0223734943827,-0.00402811967372,0.573994925403,0.818844830024,0.00192791470085,0.0,0.818801262458,-0.573936292345,-0.0119319666431,0.0,-0.00866409579306,0.00842762955217,-0.999926951584,0.0,0.660648969864,0.25946811168,0.303302398359,1.0,-0.00664,-0.00872685714286,0.333
0.464184014537,0.541408885417,-0.12403645645,-1.36574639479,0.0789198357321,1.89764026662,0.157972713918,-0.00486706909011,-0.0313045025271,-0.000679519948585,-0.0552847455671,-0.00855555980953,0.0228933777799,-0.00110909108921,0.573993731595,0.818845634083,0.00194178634295,0.0,0.818802206571,-0.573935001045,-0.0119292913329,0.0,-0.00865395559434,0.00843743983661,-0.999926956663,0.0,0.660545839414,0.259327829836,0.303313777749,1.0,-0.00696,-0.00914742857143,0.349
0.464107438041,0.540716252586,-0.124041770302,-1.36679670135,0.0788538882882,1.89802831326,0.157824167627,-0.00318137238838,-0.0339727177155,-0.000376595913857,-0.064556905338,-0.00453988724029,0.020657881735,-0.00878820132564,0.573979095862,0.818855837164,0.00196528817953,0.0,0.818812753553,-0.573920306201,-0.011912331864,0.0,-0.00862672977861,0.00844679512572,-0.999927112936,0.0,0.660423747474,0.259174258789,0.303337271928,1.0,-0.0073,-0.00959428571429,0.366
0.464004709823,0.539983445464,-0.124042805546,-1.36790304098,0.0787938312581,1.8984339335,0.157689782523,-0.00793438231318,-0.04613967518,-0.0010768112273,-0.0653976585823,-0.000592361031798,0.0259003786154,-0.00521081822938,0.573999042227,0.818841780065,0.00199640788529,0.0,0.818799031725,-0.5739400528,-0.0119041312046,0.0,-0.00860194715274,0.00846777978438,-0.999927148952,0.0,0.660298543485,0.259001927738,0.303363775016,1.0,-0.00764,-0.0100411428571,0.383
0.463909704225,0.539243623122,-0.124045639687,-1.36905102673,0.0787194115668,1.89887045983,0.157555017366,-0.00861749640919,-0.0435868149805,-0.00261441288108,-0.0632514362045,-0.00786497784484,0.0254294609845,-0.00207053475976,0.574012121861,0.818832562975,0.0020161024634,0.0,0.818790136564,-0.573953114634,-0.0118861839458,0.0,-0.00857581128697,0.00847374162467,-0.999927322941,0.0,0.660169049834,0.258828585368,0.303378015063,1.0,-0.00798,-0.010488,0.4
0.463799844181,0.538434892099,-0.124051338837,-1.37031420247,0.0786615504408,1.8993557157,0.157401173156,-0.00623857960895,-0.0492927425238,-0.000631213695084,-0.0707058001632,-0.00919441627363,0.0236724704842,-0.00643849506872,0.57403452793,0.818816771925,0.0020497950252,0.0,0.818774657282,-0.573975254954,-0.0118833578941,0.0,-0.00855392581786,0.00849994160844,-0.999927288029,0.0,0.660027771328,0.258636995022,0.303390339558,1.0,-0.00834,-0.0109611428571,0.418
0.463691332344,0.537644860164,-0.124052474373,-1.37154280053,0.0785817219078,1.89983014151,0.157240171405,-0.00523074483554,-0.0484562387551,0.00107214122969,-0.0720778902823,-0.00427424121906,0.0214168286126,-0.0108815123997,0.574038846122,0.818813679125,0.00207579450718,0.0,0.818771972669,-0.573979536991,-0.0118614833969,0.0,-0.00852104534649,0.00850871842513,-0.99992749412,0.0,0.659891400743,0.258448533771,0.303404638744,1.0,-0.00868,-0.011408,0.435
0.463588581523,0.536816524415,-0.124063462511,-1.37284390114,0.0785101654432,1.90030629427,0.157083444542,-0.00632118690447,-0.0505505169172,-0.000242388089511,-0.0793208865371,-0.00448060102226,0.0331324245383,-0.0124337989398,0.574054831728,0.818802462848,0.00207940040615,0.0,0.818760772499,-0.573995475335,-0.0118633305752,0.0,-0.00852032191064,0.00851289761963,-0.999927464714,0.0,0.659739601987,0.258251520133,0.303411822518,1.0,-0.00902,-0.0118548571429,0.452
0.46347823832,0.536071354801,-0.124058851738,-1.37400809256,0.0784396234146,1.90075097268,0.156941157337,-0.0102749959438,-0.0525886994411,0.00167295903974,-0.0826093538322,-0.000824100238596,0.0317036132065,-0.013270449189,0.574070633608,0.818791328497,0.00210116814791,0.0,0.818749906912,-0.574011173428,-0.0118536750461,0.0,-0.00849975599107,0.00852534210906,-0.999927533719,0.0,0.659609162083,0.258071754184,0.303422072942,1.0,-0.00932,-0.0122491428571,0.467
0.463372364489,0.535172460052,-0.124071901586,-1.37542904982,0.0783599421011,1.90124961576,0.156759342528,-0.0028627986574,-0.0545928036586,-0.00284159601749,-0.0823193074319,-0.00822467682583,0.0332130816178,-0.0153383024705,0.574074126396,0.818788928995,0.0020818401666,0.0,0.818747208742,-0.574014696187,-0.0118694414156,0.0,-0.00852372448184,0.00851860404645,-0.999927387117,0.0,0.659437021264,0.257858426395,0.303423714204,1.0,-0.00966,-0.012696,0.484
0.463228728524,0.534226823638,-0.124070278485,-1.37697113765,0.078275893937,1.90181427951,0.156581641918,-0.00969050041468,-0.0552400929248,0.000128696725282,-0.0868552524799,-0.00444305911059,0.0311812609229,-0.0160022069503,0.57410711355,0.818765858693,0.00205856995687,0.0,0.818723715774,-0.574047654181,-0.0118960018334,0.0,-0.00855848767885,0.00851514326254,-0.999927119656,0.0,0.659257380377,0.257618736694,0.303405756767,1.0,-0.01002,-0.0131691428571,0.502
0.463098474821,0.533369289681,-0.124068293339,-1.37835777958,0.0781950538466,1.90233879957,0.156407961897,-0.00806153070376,-0.0623317504377,-0.000440229667233,-0.0850969753981,-0.00339399671382,0.0424599300086,-0.0130238159899,0.574124462662,0.818753702511,0.0020549694412,0.0,0.818711471849,-0.574064975202,-0.0119028152377,0.0,-0.00856595298601,0.00851628842326,-0.999927045979,0.0,0.659099483776,0.257403195429,0.303395959532,1.0,-0.01034,-0.0135897142857,0.518
0.462960647046,0.532366532217,-0.124072211312,-1.37998515372,0.078106731012,1.90294660568,0.156200577171,-0.0163285491807,-0.0548871186283,0.000193055759295,-0.0923036020347,-0.0029777762103,0.0307369396925,-0.0101771177924,0.574135563749,0.818745947015,0.00204342508748,0.0,0.818703476556,-0.574076033422,-0.0119194055033,0.0,-0.00858604888592,0.00851647778999,-0.999926872011,0.0,0.658909288109,0.25715702524,0.303381222429,1.0,-0.0107,-0.0140628571429,0.536
0.462848614085,0.531561768119,-0.124071643457,-1.38127112192,0.0780230491231,1.90341741368,0.156036560504,-0.00861104195513,-0.0565879505131,0.000592501518164,-0.0897358148378,-0.00862789123168,0.0367313052516,-0.0158948868703,0.574136569972,0.818745272586,0.00203089621212,0.0,0.818702656551,-0.5740771086,-0.0119239439617,0.0,-0.00859694724182,0.00850883623224,-0.999926843426,0.0,0.658747122613,0.256946507683,0.303376102557,1.0,-0.011,-0.0144571428571,0.551
0.462704312662,0.530487908542,-0.124076793351,-1.38300320408,0.0779205698168,1.90402590057,0.155810407924,-0.0109844518282,-0.0520850907465,0.00086227470097,-0.093842529229,-0.00138980222154,0.0351081733394,-0.0114574366295,0.574143359014,0.818740616078,0.00198841278264,0.0,0.818697383291,-0.574084011023,-0.0119536513859,0.0,-0.00864559036862,0.00849118138277,-0.999926574107,0.0,0.658547070773,0.256695064837,0.303362357023,1.0,-0.01134,-0.014904,0.568
0.462561080027,0.52944250397,-0.124083231899,-1.38464478103,0.0778197709739,1.90463076741,0.155589658504,-0.00416890343721,-0.0606725014236,0.000938182416845,-0.0942647223724,-0.00886871314833,0.0450919484076,-0.00508461972768,0.574146451514,0.81873843609,0.00199308390623,0.0,0.818695281157,-0.57408710029,-0.0119492590639,0.0,-0.00863928025095,0.00849251658599,-0.999926617307,0.0,0.65835542107,0.256440622532,0.303370037134,1.0,-0.01168,-0.0153508571429,0.585
0.462432245736,0.528400485967,-0.124086492077,-1.38623510996,0.0777098636516,1.90523908443,0.155372698918,-0.01180957067,-0.0616598492914,-0.000132888574819,-0.0966792656217,-0.00855027565074,0.0408589998943,-0.0124653518428,0.574133245519,0.818747592678,0.00203538076692,0.0,0.818705134845,-0.574073864926,-0.0119099407824,0.0,-0.00858294168931,0.0085044333773,-0.999927001198,0.0,0.658171992532,0.256202336924,0.303399636593,1.0,-0.012,-0.0157714285714,0.601
0.462292561061,0.527295456759,-0.124088740434,-1.38796420436,0.077611775103,1.90591083537,0.155128714516,-0.00599360958025,-0.0638131197906,-0.00110186340713,-0.102095631178,-0.00994033516644,0.0442722564621,-0.00887618690661,0.574116792023,0.818759024489,0.00207745925825,0.0,0.8187170828,-0.574057210051,-0.0118913759267,0.0,-0.00854375538155,0.00852805417479,-0.999927135613,0.0,0.657971819847,0.255948066645,0.303412814091,1.0,-0.01234,-0.0162182857143,0.618
0.462147093792,0.526125348768,-0.124084434273,-1.38977947252,0.0775016997268,1.90657962877,0.15487895764,-0.00348867343277,-0.0679815405198,0.0015113881482,-0.108238553349,-0.000390489268685,0.0400500111675,-0.0174636101906,0.574096621873,0.818773113515,0.0020986280999,0.0,0.818731395181,-0.57403690438,-0.0118862044246,0.0,-0.00852757880903,0.00854220698322,-0.999927152896,0.0,0.65775266724,0.255682352791,0.303429991421,1.0,-0.01268,-0.0166651428571,0.635
0.461989102456,0.524948098891,-0.124090327495,-1.39162510444,0.0773789294234,1.90724646404,0.154635394611,-0.0143080427543,-0.0647156701526,0.000322542581649,-0.113243465376,-0.00318149297652,0.0433005468509,-0.0158811371976,0.574096838998,0.818772983175,0.00209006625036,0.0,0.818731228244,-0.574037231037,-0.01188192674,0.0,-0.00852898896917,0.00853274337264,-0.999927221671,0.0,0.65753181834,0.255396827344,0.303437578133,1.0,-0.01302,-0.017112,0.652
0.461845002718,0.523834667014,-0.124101455937,-1.3934039324,0.0772706462476,1.90788733954,0.154384622522,-0.00501050529924,-0.0671776957328,-0.000895967763899,-0.10920602969,-0.00329712890019,0.0412741721082,-0.0170039982712,0.574091485451,0.818776803596,0.00206376519726,0.0,0.818734704867,-0.574031983501,-0.0118958759731,0.0,-0.00855556479672,0.00851916131811,-0.999927110444,0.0,0.657302932193,0.255107946925,0.30342812029,1.0,-0.01336,-0.0175588571429,0.669
0.461687991533,0.522614348859,-0.124107927444,-1.39533160535,0.077155912671,1.90862433322,0.154132064022,-0.00891214782752,-0.0752086801008,-0.00115813078065,-0.115267196997,-0.00299136867354,0.0391278570673,-0.0179308493661,0.574082556583,0.818782999359,0.00208927948725,0.0,0.818741246428,-0.574022965817,-0.0118807833794,0.0,-0.00852865324544,0.00853129404204,-0.999927236901,0.0,0.657089328403,0.254836783271,0.30343407787,1.0,-0.01368,-0.0179794285714,0.685
0.461522527184,0.521377882827,-0.124103566583,-1.39731840682,0.0770303267801,1.90939590711,0.153863805976,-0.012555594288,-0.0724717175358,0.00131638323662,-0.118301508713,-0.0106720196562,0.0450985458004,-0.0136389049444,0.574067887696,0.818793249653,0.00210274587651,0.0,0.818751708953,-0.574008281475,-0.0118692369711,0.0,-0.0085116214386,0.00853553891203,-0.999927345799,0.0,0.656855599706,0.254543063977,0.303423939393,1.0,-0.01402,-0.0184262857143,0.702
0.461353501167,0.520098489769,-0.124112077482,-1.39933746746,0.0769004463179,1.91013864849,0.15359257319,-0.00354212696534,-0.0744773041393,0.000260326988295,-0.120680084748,-0.00215811105538,0.0485467491295,-0.0234035853369,0.574062761257,0.818796853894,0.00209883133011,0.0,0.818755326143,-0.574003235455,-0.01186374734,0.0,-0.00850942685603,0.0085291290992,-0.999927419172,0.0,0.656612996761,0.254233674146,0.30342612721,1.0,-0.01436,-0.0188731428571,0.719
0.461183181489,0.51875084782,-0.124118127778,-1.40142717845,0.0767673091378,1.91087883078,0.153315947151,-0.00966911576134,-0.0814175750854,-0.000127942841252,-0.129051395204,-0.00754565379668,0.0465639891713,-0.0136737426259,0.574054873582,0.818802396935,0.00209375079644,0.0,0.8187608057,-0.573995371803,-0.0118660481389,0.0,-0.00851430931827,0.00852620800926,-0.999927402522,0.0,0.65635420038,0.253916756152,0.303441891399,1.0,-0.0147,-0.01932,0.736
0.460989552273,0.517335635708,-0.124116003916,-1.40367407295,0.0766198268676,1.91168722763,0.153011541653,-0.0109355675205,-0.076518208011,0.000817113060995,-0.122756426254,-0.00654140299385,0.0427793787856,-0.01734659696,0.574041731627,0.818811674625,0.00206851370428,0.0,0.818769766666,-0.573982345022,-0.0118778658579,0.0,-0.00853860928204,0.00851219105414,-0.999927314736,0.0,0.656077645594,0.253573907302,0.303435515749,1.0,-0.01506,-0.0197931428571,0.754
0.460823532268,0.516134180704,-0.124124855287,-1.40557063048,0.0765085100823,1.91240002567,0.152740065216,-0.012069278184,-0.0843981002172,0.000663701729668,-0.126607558233,-0.0087874118071,0.0453675422561,-0.0236749235925,0.574032001125,0.818818459998,0.00208282297153,0.0,0.818776722953,-0.57397254259,-0.0118720345898,0.0,-0.00852572202972,0.00852045878538,-0.999927354284,0.0,0.655852153871,0.253280897143,0.303437626097,1.0,-0.01536,-0.0201874285714,0.769
0.460619373201,0.514603152325,-0.124136142718,-1.40803602011,0.0763584806585,1.91331465148,0.152407897362,-0.0160609840024,-0.0829307872362,0.000180978471464,-0.130112999174,-0.00980364404044,0.049063549517,-0.018636379425,0.574024741549,0.818823602772,0.00206168242325,0.0,0.818781595815,-0.573965374693,-0.0118825043227,0.0,-0.00854650522162,0.00850908292357,-0.999927273734,0.0,0.655552175815,0.252905786529,0.303417292377,1.0,-0.01574,-0.0206868571429,0.788
0.460452203338,0.513379955265,-0.124135151999,-1.41003085231,0.0762427833984,1.9140017117,0.152129363539,-0.0111721315455,-0.0801070080301,0.00116958477765,-0.134543411844,-0.00543380204771,0.0467818931601,-0.0238526668828,0.574006219163,0.81883675526,0.00199386518803,0.0,0.818793688601,-0.57394695882,-0.0119386292956,0.0,-0.00863158179838,0.00848557506945,-0.999926742722,0.0,0.655295565361,0.252604110342,0.303384622851,1.0,-0.01604,-0.0210811428571,0.803
0.460255457096,0.511950931283,-0.12414050255,-1.41232589022,0.0760985993452,1.91481676834,0.151809084751,-0.0115119782293,-0.0807550304448,0.000295789173475,-0.128356678693,-0.00616941926978,0.0519213189004,-0.0218669170885,0.573989963221,0.818848262781,0.00194719354372,0.0,0.818804552055,-0.573930865609,-0.0119672025106,0.0,-0.00868193566423,0.00846358801653,-0.999926493134,0.0,0.655008164412,0.252250577708,0.303364146947,1.0,-0.01638,-0.021528,0.82
0.460062255173,0.510495924491,-0.124145733866,-1.41465931658,0.0759534059156,1.91570520001,0.151477911607,-0.0142060431001,-0.0846203992566,-0.000982751704891,-0.139892333687,-0.00325203939656,0.0547819118382,-0.0134914825767,0.573963570687,0.818866754294,0.00195067637025,0.0,0.818823123131,-0.573904494956,-0.0119612121189,0.0,-0.00867530403465,0.00846272186885,-0.999926558022,0.0,0.654725182282,0.251900033408,0.30334949465,1.0,-0.01672,-0.0219748571429,0.837
0.459877215825,0.509084330383,-0.124149629766,-1.41687514625,0.0758210645714,1.91651972169,0.151174267632,-0.0104578629119,-0.0919038622962,2.19183223651e-05,-0.142098171984,-0.00692887831788,0.049472506551,-0.0179135997636,0.57394884785,0.818877051385,0.00196001723682,0.0,0.818833480283,-0.573889674344,-0.0119632834239,0.0,-0.0086717915602,0.00847140357388,-0.999926514976,0.0,0.654450412803,0.251566152902,0.303353469673,1.0,-0.01704,-0.0223954285714,0.853
0.459663349038,0.50756875451,-0.124152323976,-1.41924106902,0.0756694056411,1.91736440497,0.15083897807,-0.00927113043924,-0.0896084415972,0.00010112244312,-0.142962031241,-0.0179970311836,0.0483237090583,-0.016428982828,0.573932845259,0.818888286466,0.00195200480389,0.0,0.818844594792,-0.573873691805,-0.0119692245448,0.0,-0.00868142071882,0.00846808271803,-0.999926459551,0.0,0.654155630169,0.251196727748,0.303360813511,1.0,-0.01738,-0.0228422857143,0.87
0.459446888426,0.506003410662,-0.124156140382,-1.42167860579,0.0755202425816,1.91827506069,0.150501557579,-0.0120859373909,-0.0910052021175,0.000593796739275,-0.144860860808,-0.00894766873698,0.0557919455366,-0.0198354843444,0.573922343089,0.818895571662,0.00198335999261,0.0,0.818852271384,-0.573863042048,-0.0119546443182,0.0,-0.00865159486413,0.00848527968075,-0.999926572272,0.0,0.653857974899,0.250822004603,0.30337410118,1.0,-0.01772,-0.0232891428571,0.887
0.459219959023,0.504368043276,-0.124156714036,-1.42415326677,0.0753557588841,1.91923230923,0.150159901399,-0.0143454907596,-0.10023860414,0.000818462239886,-0.143309832749,-0.0104573858061,0.0555886938387,-0.0161985672476,0.573911919418,0.818902648255,0.00207565218059,0.0,0.818860688359,-0.573852375459,-0.0118899596966,0.0,-0.00854576608118,0.00852362367081,-0.999927156208,0.0,0.653564254828,0.250439610013,0.303421916633,1.0,-0.01806,-0.023736,0.904
0.458995157452,0.502697623706,-0.124164260136,-1.42662988337,0.0751984703652,1.92016753676,0.149817270496,-0.00769105427196,-0.0994411920324,0.00206519049687,-0.148141791701,-0.0135490217056,0.0499805532373,-0.0163937115958,0.573905412988,0.818906932194,0.0021817994284,0.0,0.818866428399,-0.573845521304,-0.0118252704948,0.0,-0.00843194249389,0.00857335411606,-0.999927697359,0.0,0.653266167713,0.250054532889,0.303490919752,1.0,-0.0184,-0.0241828571429,0.921
0.458760564631,0.500990214827,-0.124163223952,-1.4291953155,0.0750342280345,1.92106345492,0.149458934565,-0.0135201236664,-0.0986164281696,0.000530815984013,-0.158620436274,-0.0124813198099,0.0556467380587,-0.0230562043822,0.573889633607,0.818917902793,0.00221445818542,0.0,0.818877761249,-0.573829552452,-0.0118154037009,0.0,-0.00840528589777,0.00859427372851,-0.999927742203,0.0,0.652939574898,0.249654470573,0.303539156358,1.0,-0.01874,-0.0246297142857,0.938
0.458528226586,0.499385369466,-0.124171052483,-1.43164605168,0.074880396316,1.92195284223,0.149122566568,-0.0157307369888,-0.100258955054,-0.00344963923164,-0.158543690226,-0.00782206894047,0.0567963495342,-0.0168394148974,0.573893203142,0.818915306358,0.00224928918554,0.0,0.818875615317,-0.57383298409,-0.0117974535177,0.0,-0.00837056009545,0.00861253227193,-0.999927876405,0.0,0.65263640324,0.249264227529,0.303569557325,1.0,-0.01906,-0.0250502857143,0.954
0.458271638461,0.497706456076,-0.124168955512,-1.43428726407,0.0747190472582,1.92294329092,0.148719196772,-0.014643590765,-0.0966434758433,-0.000687476349152,-0.155520460791,-0.0128294108022,0.0611311328937,-0.0271234402088,0.573862191274,0.818936971596,0.00227351724568,0.0,0.818897538278,-0.573801823871,-0.0117913368583,0.0,-0.00835197415702,0.00862854620953,-0.999927893759,0.0,0.652312482696,0.248848056993,0.303568893374,1.0,-0.0194,-0.0254971428571,0.971
0.458001752548,0.496040313486,-0.124168639954,-1.4369638654,0.0745548799584,1.92388225856,0.148328670419,-0.0210103149337,-0.0984637272423,6.09169043873e-05,-0.157977813399,-0.00707101870318,0.0558909965399,-0.0166576796626,0.573854006522,0.818942869486,0.00221418564813,0.0,0.818902519536,-0.573793721484,-0.0118395770486,0.0,-0.00842561359772,0.00860755665297,-0.999927456871,0.0,0.651971965525,0.248414120987,0.303537496111,1.0,-0.01974,-0.025944,0.988
0.457702095992,0.494151481203,-0.124168797279,-1.44003969769,0.0743613069755,1.9249526879,0.147899321107,-0.0156771952537,-0.0984949829088,-0.000155023559593,-0.167552764676,-0.00960216528365,0.0570725075287,-0.0211530006689,0.573851799259,0.818944702549,0.00210560101017,0.0,0.818902795291,-0.573791803707,-0.0119132180975,0.0,-0.00854825483012,0.00856086901644,-0.999926816753,0.0,0.65159565775,0.247944561066,0.303476908177,1.0,-0.02348,-0.0308594285714,1.006
0.457458177109,0.492333208519,-0.124241292389,-1.44274430948,0.0742028730418,1.92596434332,0.147507170242,-0.0186172439073,-0.155619478976,-0.00480448768837,-0.237119191374,-0.0146861571174,0.0929277392005,-0.0321659632591,0.573874090592,0.818928811339,0.00220839483644,0.0,0.818888478672,-0.573813920368,-0.0118317873408,0.0,-0.00842234600049,0.00859855083697,-0.999927561882,0.0,0.651220359336,0.247428356095,0.303549364327,1.0,-0.03398,-0.0446594285714,1.021
0.456940763611,0.488344570544,-0.124286542163,-1.44908274156,0.0738606661028,1.92836753931,0.14655399813,-0.0330261359675,-0.220610649036,0.000544912193306,-0.351814358784,-0.0224893403936,0.132215961677,-0.0577721278888,0.573768034215,0.819002915365,0.00228351436441,0.0,0.818963256838,-0.57370727296,-0.0118277556107,0.0,-0.00837705881293,0.00865666911452,-0.99992744085,0.0,0.650405463563,0.246454867821,0.303521934311,1.0,-0.04868,-0.0639794285714,1.042
0.456369714616,0.48448571805,-0.124368892472,-1.45513843852,0.0735043811465,1.93065460776,0.145632863003,-0.0419432668196,-0.270778521434,-0.00965818046907,-0.427850227824,-0.0242093674347,0.160471249227,-0.0678910786573,0.573751796221,0.819014147034,0.00233456474476,0.0,0.818975277839,-0.57369097121,-0.0117860401283,0.0,-0.00831377495278,0.00867437951312,-0.999927815538,0.0,0.649704838453,0.245522327371,0.303515217854,1.0,-0.05848,-0.0768594285714,1.056
0.455614491653,0.479532046107,-0.124511610807,-1.46302936548,0.0730369191738,1.93335913232,0.14444164534,-0.0514262344609,-0.3331070511,-0.00449029954014,-0.528968080381,-0.0224898714997,0.180083730026,-0.0763058535595,0.573757489962,0.819010726577,0.00212587972364,0.0,0.818969040129,-0.5736973802,-0.0119068956208,0.0,-0.00853242788129,0.00857286527557,-0.999926849152,0.0,0.648678108098,0.244187476118,0.303433632306,1.0,-0.06968,-0.0915794285714,1.072
0.454684516994,0.473656370899,-0.124655064119,-1.47222441338,0.0724887665671,1.93662238146,0.143102433681,-0.0585883389062,-0.387325780469,-0.00937740853903,-0.6094460634,-0.0351883316804,0.215455407768,-0.0892448438667,0.573822919589,0.818965036095,0.00206724694488,0.0,0.81892255554,-0.573763011638,-0.0119415830241,0.0,-0.00859379459662,0.0085454337125,-0.999926558432,0.0,0.647500206993,0.242622781775,0.303411517669,1.0,-0.08088,-0.106299428571,1.088
0.453530922802,0.46643385764,-0.124757842547,-1.4831587438,0.0718488760426,1.94070259576,0.141385492284,-0.0734992839758,-0.449968000136,-0.00910012553006,-0.66758671968,-0.0369360665609,0.253767581283,-0.104099992843,0.573785633758,0.818990285905,0.00238851149343,0.0,0.818951862866,-0.573724332618,-0.0117891208835,0.0,-0.00828498783211,0.00872067203457,-0.999927651811,0.0,0.646122243552,0.240791504592,0.303551605959,1.0,-0.09278,-0.121939428571,1.105
0.452146593436,0.458375243761,-0.124813818064,-1.4957063776,0.0710408125203,1.94512173402,0.13945169797,-0.0865664979888,-0.505752898146,-0.00475497829722,-0.788747295604,-0.0489966318866,0.268965940953,-0.113993220377,0.573743057843,0.819020308539,0.00232049130599,0.0,0.818980719042,-0.573681728892,-0.0118575998185,0.0,-0.00838055294917,0.00870382079237,-0.999927002254,0.0,0.644460603838,0.238659793352,0.303515279465,1.0,-0.10468,-0.137579428571,1.122
0.450560321971,0.449272827579,-0.124976404006,-1.50958929448,0.0700854681306,1.95000036052,0.137260772994,-0.0955407367344,-0.565857618869,-0.00943256293151,-0.853497051887,-0.0619894282156,0.317601741086,-0.134974940694,0.573740014619,0.819022362913,0.00234767447706,0.0,0.818983724712,-0.573679204714,-0.0117718153329,0.0,-0.00829472768202,0.0086768357448,-0.999927952412,0.0,0.642630340284,0.236204261769,0.303586076206,1.0,-0.11658,-0.153219428571,1.139
0.448794634475,0.439329655712,-0.125095139304,-1.52479220074,0.0691121306306,1.95529827429,0.134919293494,-0.10764282374,-0.59847792334,-0.00693651780515,-0.928372811891,-0.0701335659241,0.317239353656,-0.142890000763,0.573769845383,0.819001380439,0.00237702957588,0.0,0.818962748206,-0.57370852678,-0.0118021291426,0.0,-0.00830239777073,0.00871857234692,-0.999927525717,0.0,0.640566995776,0.233547055414,0.303618628904,1.0,-0.12848,-0.168859428571,1.156
0.446917258935,0.429102333798,-0.125202777454,-1.54010889294,0.0680916872719,1.96070705093,0.132386970586,-0.117839260036,-0.658735527349,-0.00303471047928,-0.989707592709,-0.069487766794,0.339382911553,-0.1614338933,0.573700197541,0.81904938742,0.00263271896263,0.0,0.819014078826,-0.57363795514,-0.0116697047193,0.0,-0.00804799192835,0.00885131621398,-0.999928439453,0.0,0.638488591716,0.230823072862,0.303774884773,1.0,-0.13968,-0.183579428571,1.172
0.444668081535,0.417553175843,-0.125333092028,-1.55754214572,0.0668584999531,1.966739298,0.129481921731,-0.137058609414,-0.704219888656,-0.0128459274056,-1.02772865404,-0.0680441744814,0.36779914337,-0.163640010002,0.573655336517,0.81908055856,0.00270931272539,0.0,0.819046534889,-0.573593159291,-0.0115934551464,0.0,-0.007942083381,0.00886987138556,-0.999929121835,0.0,0.636075189089,0.227637368324,0.303849601808,1.0,-0.15158,-0.199219428571,1.189
0.442018907301,0.404439919061,-0.12546697745,-1.57731211602,0.0655036675077,1.9736085518,0.126193295706,-0.155161970102,-0.752563992952,-0.00933359882446,-1.13020009137,-0.073343173161,0.380523297467,-0.186117726883,0.573665678992,0.819072779552,0.00286660859767,0.0,0.819040645081,-0.573602813493,-0.0115317370391,0.0,-0.00780118734988,0.00896340328681,-0.999929396946,0.0,0.633295160401,0.223994483894,0.303907816075,1.0,-0.16418,-0.215779428571,1.207
0.439391645687,0.391965922417,-0.125604509373,-1.59579907144,0.0642090075029,1.97995939036,0.123002005745,-0.16687935797,-0.788271830465,-0.00717353744729,-1.18384078093,-0.0901946996665,0.407597805926,-0.199921603024,0.573675442637,0.819064976099,0.00313023081264,0.0,0.819036227159,-0.573611735527,-0.0114009810448,0.0,-0.00754275235928,0.00910441057042,-0.999930105855,0.0,0.630659573477,0.220496078246,0.304058663728,1.0,-0.17538,-0.230499428571,1.223
0.436353696136,0.378120015779,-0.125760772683,-1.61656032932,0.0626174243367,1.98686396834,0.119313852953,-0.181943581434,-0.865197118123,-0.0186939356375,-1.24055122964,-0.0915911135756,0.424896002464,-0.221795491515,0.573595734488,0.819121146316,0.00303775201706,0.0,0.819091639598,-0.573532833482,-0.0113895460887,0.0,-0.00758731360573,0.00902136602383,-0.9999305214,0.0,0.627600842701,0.216495421395,0.304054359485,1.0,-0.18728,-0.246139428571,1.24
0.433169479923,0.364470859189,-0.125902847919,-1.63694527056,0.0611138316389,1.99356162984,0.115695561573,-0.20814892325,-0.847751469554,-0.014952987926,-1.27970121029,-0.087845318151,0.431002312884,-0.225075731329,0.57366203563,0.819074947764,0.00297417599549,0.0,0.819044298803,-0.573598939769,-0.0114647196388,0.0,-0.00768462839447,0.0090130298274,-0.99992985343,0.0,0.624543598408,0.212476094916,0.304031765235,1.0,-0.19848,-0.260859428571,1.256
0.428971866301,0.347445057185,-0.126139941865,-1.66223350774,0.0591855226097,2.00174447159,0.110964992739,-0.23484864014,-0.91836585815,-0.0120971581597,-1.33397708861,-0.0956385343643,0.430211293364,-0.26456973587,0.573727036799,0.81902986749,0.00284786013528,0.0,0.81899744154,-0.573664168347,-0.0115481430131,0.0,-0.00782470937563,0.00895804450624,-0.999929261179,0.0,0.620687689974,0.207320010702,0.303989688053,1.0,-0.21178,-0.278339428571,1.275
0.425375820763,0.33332021883,-0.126301841124,-1.682915487,0.0575760405501,2.00847992681,0.107049406464,-0.248194838329,-0.924301815764,-0.0102045733167,-1.40646177306,-0.105622129647,0.439142460347,-0.261236706641,0.573801122522,0.818977603564,0.00295017857494,0.0,0.818946527779,-0.573737947366,-0.0114934456059,0.0,-0.00772039378059,0.00901116398343,-0.999929594743,0.0,0.617487450853,0.203053634985,0.304032700842,1.0,-0.22228,-0.292139428571,1.29
0.420824821001,0.315701651595,-0.12647334224,-1.70846205097,0.0554605008474,2.01658968372,0.102028435643,-0.261002732822,-0.986781850924,-0.0119497699189,-1.45453245761,-0.130463598836,0.453482850443,-0.291575308641,0.573713425262,0.819038825648,0.00300909563118,0.0,0.819008913928,-0.573650553281,-0.0114100187749,0.0,-0.00761922569803,0.00901073058295,-0.999930374643,0.0,0.61340712934,0.197748320723,0.304105387295,1.0,-0.23488,-0.308699428571,1.308
0.416159333292,0.298493820165,-0.126607360036,-1.73328206077,0.0533999113104,2.02436439513,0.0968980770053,-0.288819581407,-1.02536801486,-0.0120510052728,-1.49222405799,-0.137626007739,0.462778979322,-0.308493233627,0.573540371314,0.819159745274,0.00308238489505,0.0,0.819130741591,-0.573477258601,-0.0113758054012,0.0,-0.00755106959668,0.00904953411035,-0.999930541228,0.0,0.609348342875,0.192508089765,0.304145919807,1.0,-0.24678,-0.324339428571,1.325
0.411686088264,0.2827977548,-0.12675827346,-1.75563239019,0.0516021148081,2.03121264132,0.0922340565191,-0.302397474388,-1.02990755641,-0.0102676400822,-1.51042882326,-0.119445806601,0.442425678017,-0.317119055901,0.573569789271,0.81913852689,0.00324306972733,0.0,0.819110889529,-0.573505345673,-0.0113892949916,0.0,-0.00746963631034,0.00918916617734,-0.999929879421,0.0,0.605623007323,0.187653961607,0.304229317468,1.0,-0.25728,-0.338139428571,1.34
0.406181676722,0.264410593373,-0.126975437592,-1.78169717215,0.0493545259143,2.03901916995,0.0865204751333,-0.332141297687,-1.08394370682,-0.0127206672953,-1.55311211854,-0.122687929436,0.439188563271,-0.339734596953,0.573536825592,0.819161419055,0.00329030731402,0.0,0.819134244262,-0.573472068296,-0.0113852388023,0.0,-0.00743959226809,0.0092252347307,-0.999929771289,0.0,0.601189555306,0.181824423489,0.304279742372,1.0,-0.26918,-0.353779428571,1.357
0.399440079163,0.243276150488,-0.127266030396,-1.81158024577,0.046643367311,2.04776703444,0.0798524285656,-0.364966644664,-1.11849740637,-0.0146047705465,-1.58170157002,-0.144223558126,0.446626581195,-0.353277982294,0.573664234908,0.81907264161,0.00317808990842,0.0,0.819044220232,-0.573600036207,-0.0114153699059,0.0,-0.00752720961935,0.00915176181391,-0.999929790721,0.0,0.595993202352,0.174916056558,0.304241165093,1.0,-0.28248,-0.371259428571,1.376
0.393840093142,0.226048404429,-0.127419936885,-1.83548775498,0.0445539397722,2.05466898857,0.0741885612693,-0.372951721156,-1.15148420011,-0.00710833886148,-1.60922271927,-0.133313407651,0.450285115381,-0.382620486343,0.573575422499,0.819134099963,0.00336271969292,0.0,0.819107296379,-0.573509747998,-0.0114259735588,0.0,-0.0074309951133,0.00930826506055,-0.999929065741,0.0,0.591717267036,0.16939472678,0.304308348136,1.0,-0.29298,-0.385059428571,1.391
0.386993465099,0.205996185421,-0.127654460824,-1.86315047793,0.0418928206941,2.06235939491,0.0674254414531,-0.41578903549,-1.18361875192,-0.00822756437167,-1.62224841788,-0.145335540005,0.428751119592,-0.401200871977,0.573486834214,0.819196263462,0.00332863548666,0.0,0.819169190128,-0.573421483673,-0.0114187087154,0.0,-0.00744559576461,0.00927537332752,-0.999929262775,0.0,0.586650764663,0.16279548418,0.304330065913,1.0,-0.30488,-0.400699428571,1.408
0.380055745239,0.186630557931,-0.127933516745,-1.88960163373,0.0393525482603,2.06945345161,0.0606850798681,-0.441132681874,-1.22330707989,-0.0215319877098,-1.65240151943,-0.146734098643,0.422363259646,-0.428292056481,0.573476766361,0.819203493627,0.0032835004991,0.0,0.819175389439,-0.57341099726,-0.0115002808549,0.0,-0.0075384200963,0.00928508544367,-0.999928477148,0.0,0.581685570004,0.156309386589,0.304338579802,1.0,-0.31608,-0.415419428571,1.424
