position_joint1,position_joint2,position_joint3,position_joint4,position_joint5,position_joint6,position_joint7,velocity_joint1,velocity_joint2,velocity_joint3,velocity_joint4,velocity_joint5,velocity_joint6,velocity_joint7,ee_T_00,ee_T_10,ee_T_20,ee_T_30,ee_T_01,ee_T_11,ee_T_21,ee_T_31,ee_T_02,ee_T_12,ee_T_22,ee_T_32,ee_T_03,ee_T_13,ee_T_23,ee_T_33,v_x,v_y,time
0.465057791159,0.547764691214,-0.124012329976,-1.35583207147,0.0795026215994,1.89410518122,0.159163606863,-0.000675948203762,-5.85887346382e-05,-0.00050385411131,-0.00109494551269,-0.000178174683913,-0.000352227240016,8.46239603782e-05,0.573839667435,0.818953567835,0.00195875192674,0.0,0.818910639767,-0.573781157421,-0.011886730678,0.0,-0.00861095133851,0.00842528258542,-0.999927430432,0.0,0.661688122722,0.260867250596,0.303227702488,1.0,0.0,0.0,0.0
0.465063404568,0.547764623069,-0.124014460517,-1.35583118728,0.0795027399038,1.89410565994,0.159162163227,0.000825904482563,0.00128109965396,8.63763423014e-05,-0.00157981307146,-0.000114437125028,-0.000463638650087,0.000453262195467,0.573835362956,0.818956582211,0.00195948354203,0.0,0.818913674637,-0.57377686119,-0.0118850307927,0.0,-0.0086091836346,0.00842486103113,-0.999927449205,0.0,0.661687441197,0.260869889738,0.303228283949,1.0,-0.0001,-0.000131428571429,0.006
0.465060572306,0.547761623372,-0.124015250161,-1.35582669459,0.0795029799248,1.89411030726,0.159156833547,-0.00165241011269,-0.00308008988269,-0.00114397105401,-0.00250234690291,-0.000110517078472,-9.38786965132e-05,-0.00086429847514,0.573833715073,0.818957712625,0.00196958833769,0.0,0.818914949184,-0.573775184342,-0.0118781621967,0.0,-0.00859777716514,0.00842917756284,-0.999927510969,0.0,0.661690385818,0.260868488412,0.303232977527,1.0,-0.00036,-0.000473142857143,0.019
0.465058449318,0.547753386709,-0.124012932593,-1.35583526538,0.0795032331866,1.89411119058,0.159158077883,2.31495742616e-05,-0.00227768070838,-0.000829022380322,-0.000632388774691,0.000417123349095,2.43222075659e-05,0.000898976850546,0.573835380163,0.818956542048,0.00197119524093,0.0,0.818913777951,-0.573776821486,-0.0118798277948,0.0,-0.00859820209309,0.00843146677258,-0.999927488015,0.0,0.661688822467,0.260867616913,0.303234733612,1.0,-0.00068,-0.000893714285714,0.035
0.465057504899,0.547704170412,-0.12401051463,-1.35588642549,0.0795028380863,1.89411879499,0.159156652516,-0.000260485210182,-0.00336765555092,8.1601754713e-05,-0.00643186631797,0.000322463389699,0.000464383088471,-0.00133575511972,0.573835951545,0.81895612298,0.00197895168727,0.0,0.818913408568,-0.57377731067,-0.0118816635942,0.0,-0.00859524905976,0.00843887828067,-0.999927450882,0.0,0.66167962624,0.2608634187,0.303245828519,1.0,-0.00104,-0.00136685714286,0.053
0.465062385036,0.547583251731,-0.124007733553,-1.35603521414,0.0795009470456,1.89415339457,0.159155753181,0.000938262945689,-0.00771245531812,0.00060480252691,-0.0165582562461,8.06839847537e-05,0.00243355397873,0.000879693015931,0.573836924135,0.818955413335,0.00199057024404,0.0,0.818912745071,-0.573778132211,-0.0118877188089,0.0,-0.00859353144617,0.00845187806391,-0.999927355849,0.0,0.661653807073,0.260854228403,0.303263578807,1.0,-0.00138,-0.00181371428571,0.07
0.465052672498,0.547455402317,-0.124013257059,-1.35621693026,0.0794986355895,1.89420853902,0.159155603049,0.000621320308515,-0.0112456878929,-0.000901743948575,-0.0145227951078,-0.000233051546663,0.00715806051515,0.000603532539731,0.57385807936,0.818940577518,0.00199553233887,0.0,0.818897908316,-0.573799199988,-0.011892886541,0.0,-0.00859469798722,0.00845912915118,-0.999927284506,0.0,0.661630450846,0.26082808444,0.303272621944,1.0,-0.0017,-0.00223428571429,0.086
0.465033989042,0.54728270948,-0.124015469805,-1.35642809191,0.0794965914683,1.89431658777,0.15914602449,0.000365209119552,-0.0137390988294,-0.00157963628392,-0.0142093343573,-4.70047170971e-05,0.00388783116115,0.00043343732952,0.573878509933,0.818926101996,0.00205966211838,0.0,0.818884224669,-0.573819324512,-0.0118640763066,0.0,-0.00853409214576,0.00849532681082,-0.999927496718,0.0,0.661613645576,0.260798663634,0.303303896435,1.0,-0.00204,-0.00268114285714,0.103
0.465011220083,0.547083577713,-0.124005464939,-1.3566592559,0.0794954175274,1.89443592956,0.159126159042,-0.00134859335174,-0.0184805557868,0.000605061832416,-0.0121505283058,-0.00251556682937,0.000774900793362,-0.00235568914873,0.573886669582,0.818920169108,0.00214336333296,0.0,0.818879264394,-0.573827031998,-0.0118336214154,0.0,-0.00846103433198,0.0085464779188,-0.999927681692,0.0,0.661593407209,0.260772494327,0.303344949249,1.0,-0.00238,-0.003128,0.12
0.46499110476,0.546884749154,-0.124006023033,-1.35693637946,0.0794862384002,1.89455873797,0.159115604484,0.00111839081062,-0.0143599496382,0.00180293264283,-0.0159567965628,2.30191922298e-05,0.00395810584294,-0.00347831333582,0.573908070805,0.818905061989,0.00218463148928,0.0,0.818864658897,-0.573848232661,-0.0118162254003,0.0,-0.00842288204138,0.00857050965186,-0.999927798105,0.0,0.661565476761,0.26073543723,0.30336453917,1.0,-0.0027,-0.00354857142857,0.136
0.464957917105,0.546632900631,-0.124010660887,-1.35731528187,0.0794794129674,1.89469562671,0.159068398563,-0.00101488225279,-0.0169807681689,-2.43496234468e-05,-0.0169751232922,0.000154337043844,0.00979279780351,-0.00249943526112,0.573919195405,0.818897221909,0.00220090798838,0.0,0.81885690495,-0.573859164308,-0.0118226755387,0.0,-0.00841870702148,0.00858765447513,-0.999927686167,0.0,0.661522596416,0.260677316369,0.303374586076,1.0,-0.00304,-0.00399542857143,0.153
0.464919651742,0.54635635611,-0.124010312371,-1.35773877827,0.0794703736142,1.8948628933,0.158935780123,-0.00067220163489,-0.0147688012282,-0.00445952321379,-0.0262673256369,-0.000968981269985,0.00691807326491,-0.00125474761096,0.573863053632,0.818936492844,0.00222783869339,0.0,0.8188963826,-0.573802777538,-0.0118251408031,0.0,-0.00840586114534,0.00861054623761,-0.999927597375,0.0,0.661476470328,0.260615459957,0.303383351636,1.0,-0.00338,-0.00444228571429,0.17
0.464870708983,0.546063793405,-0.124008421227,-1.35823534535,0.0794509496285,1.89502834042,0.158921429269,-0.00251897035423,-0.0166032016138,-0.000960571366882,-0.0252888614575,-0.00360979086357,0.00743363787079,-0.0010511015424,0.573912608348,0.818901839481,0.00220049406825,0.0,0.818861243578,-0.5738523008,-0.0118552744854,0.0,-0.0084457101058,0.00860595650317,-0.999927301104,0.0,0.661416599515,0.260537157343,0.303368433444,1.0,-0.00372,-0.00488914285714,0.187
0.464810978693,0.545737476565,-0.124011648972,-1.35880233417,0.0793916460152,1.89521488227,0.15884193797,-0.00221853265242,-0.0193278771854,-0.00523957294265,-0.0353757057264,-0.00587161461246,0.0125685429906,-0.00422732723937,0.573914546411,0.818900642905,0.00213947843812,0.0,0.818859452726,-0.573854683702,-0.0118636240314,0.0,-0.00848754303562,0.00856080336973,-0.999927334489,0.0,0.661351823342,0.260435814119,0.303345803705,1.0,-0.00406,-0.005336,0.204
0.464748953725,0.545370492758,-0.124015955805,-1.35945287185,0.079322350536,1.89542762503,0.158743983079,-0.00683447966993,-0.0207137166154,-0.000397119834348,-0.042484848743,-5.02348342792e-07,0.018565757183,-0.00281403524095,0.573905967296,0.818906856281,0.0020611499798,0.0,0.818864889585,-0.573846664238,-0.0118762556878,0.0,-0.00854292764713,0.00850382108391,-0.999927349068,0.0,0.661275487923,0.260323108514,0.3033144679,1.0,-0.0044,-0.00578285714286,0.221
0.464693468585,0.544984319061,-0.124008696031,-1.36010759916,0.0793042448204,1.89563027324,0.158699873297,-0.0042190974052,-0.0264213953019,0.000722694651749,-0.0407963638118,0.000369554243791,0.0149840597562,-0.0013717333756,0.57394173105,0.818881897276,0.00201855754087,0.0,0.818839085958,-0.57388231071,-0.0119327977248,0.0,-0.00861330340764,0.00850176807956,-0.99992676279,0.0,0.661189384134,0.26022879131,0.303293527995,1.0,-0.00472,-0.00620342857143,0.237
0.464621163684,0.544558228232,-0.124017144003,-1.36082551055,0.0792804151491,1.89588412861,0.158579406042,-0.00361626994855,-0.0243122798438,-0.00407546187347,-0.0443781346518,-0.000921191685652,0.0114395973438,-0.0056056770219,0.573941906584,0.818881833303,0.00199445577146,0.0,0.818838545073,-0.573882426441,-0.011964306383,0.0,-0.0086529366234,0.00850011773215,-0.999926434637,0.0,0.661108242031,0.260109836319,0.303275689589,1.0,-0.00506,-0.00665028571429,0.254
0.464555018768,0.544072576051,-0.124014786418,-1.36160459455,0.0792445790984,1.89616094343,0.158498477176,-0.00495763570903,-0.0313430049339,0.00104880457384,-0.0454162645461,-0.0010476440931,0.0199930475608,-0.00810798325322,0.573961997405,0.818867770715,0.00198658481544,0.0,0.818824243039,-0.573902413629,-0.0119843874779,0.0,-0.00867368983235,0.00850541053773,-0.999926209826,0.0,0.661015674764,0.259994357213,0.303272454954,1.0,-0.0054,-0.00709714285714,0.271
0.464482291785,0.543553526244,-0.124020154011,-1.36243972947,0.0791956301332,1.89644304354,0.158390416193,-0.00746575666552,-0.0295878126909,-0.000300325848296,-0.0442807385941,-0.00566407065106,0.0133545070859,-0.00791804937911,0.573970151732,0.818862125268,0.00195745338173,0.0,0.818818184306,-0.573910658035,-0.0120035221736,0.0,-0.00870599393677,0.00849262537657,-0.999926037757,0.0,0.660916240977,0.259862077974,0.303266809107,1.0,-0.00574,-0.007544,0.288
0.4644037922,0.543008652675,-0.124020507303,-1.36329852881,0.0791428648688,1.89674923554,0.158264707356,-0.00215090391303,-0.0301126056382,0.000667181574996,-0.0465711114218,-0.00650595436801,0.0173976180552,-0.00276683390141,0.573965409435,0.818865466058,0.00195042857297,0.0,0.818821417742,-0.573905931012,-0.0120089590193,0.0,-0.00871452707977,0.00848994322741,-0.999925986202,0.0,0.660817285287,0.259727446865,0.303270025467,1.0,-0.00608,-0.00799085714286,0.305
0.46433674779,0.542454969992,-0.124026488322,-1.36415740106,0.0790989877329,1.89705626123,0.158162174732,-0.000385309391037,-0.0364510325669,-0.000416200507771,-0.0502467300492,-0.000691034980632,0.0167776547525,-0.00829844520976,0.573976524937,0.818857663815,0.00195502764294,0.0,0.818813610591,-0.573916962196,-0.0120140965746,0.0,-0.00871597933765,0.00849677623452,-0.999925915505,0.0,0.660716402371,0.259598733712,0.303279643641,1.0,-0.0064,-0.00841142857143,0.321
0.464251562124,0.541892040695,-0.124023704627,-1.36504508457,0.0790488249294,1.89738719886,0.158036276314,-0.00897167208297,-0.0346829521701,-0.000219787992116,-0.0552471657046,-0.000497277751967,0.0167895185121,-0.00975262517211,0.573977200959,0.818857172359,0.0019623852251,0.0,0.818813163314,-0.573917556101,-0.0120162092272,0.0,-0.00871347953927,0.00850402072095,-0.999925875706,0.0,0.660616808145,0.25946042697,0.303283797629,1.0,-0.00672,-0.008832,0.337
0.464162172885,0.541201221785,-0.124024375992,-1.36610283535,0.0789804735042,1.89778135395,0.15790944148,-0.00773620158697,-0.0425177831439,0.00129541083136,-0.064713524824,-0.000366734118745,0.0251582470436,-0.00237123532993,0.573987457398,0.818849934198,0.00198265321018,0.0,0.818806230762,-0.573927765107,-0.0120009918742,0.0,-0.00868927897613,0.00851199149626,-0.999926018479,0.0,0.66049669488,0.259300192941,0.303302917351,1.0,-0.00708,-0.00930514285714,0.355
0.464077806554,0.540496850777,-0.124029749531,-1.36716821444,0.0789186877358,1.89816652678,0.157769042409,-0.00327998086893,-0.0421267970938,0.000245893024866,-0.0655321505717,-0.00789818443642,0.0270378721581,-0.00824395079155,0.573987795242,0.818849645545,0.002003947418,0.0,0.818806203066,-0.573927996175,-0.011991827581,0.0,-0.00866954915378,0.00852417136733,-0.999926085978,0.0,0.660372596758,0.259140285287,0.303327262185,1.0,-0.00742,-0.009752,0.372
0.463972260074,0.539820453713,-0.124027590107,-1.36821720393,0.0788582246409,1.89855734146,0.157641014254,-0.00497280449671,-0.0417456380684,0.000256577003267,-0.0633950716228,-0.00146791491053,0.0267792254992,-0.0111975566535,0.574009801014,0.818834177556,0.00202111542506,0.0,0.81879091745,-0.573949885847,-0.0119878663207,0.0,-0.00865622235096,0.00853618806256,-0.999926098923,0.0,0.660256164059,0.258972941825,0.303339778586,1.0,-0.00774,-0.0101725714286,0.388
0.463871645264,0.539053543431,-0.124038563881,-1.36939662762,0.0787944757936,1.89900240787,0.157497739334,-0.00453172877301,-0.0460967810036,-0.000253649575936,-0.070227333427,-0.00269904073368,0.0302447121969,-0.00432598891605,0.574030790949,0.818819391968,0.00204970289347,0.0,0.818776495183,-0.573970743803,-0.0119742680826,0.0,-0.00862845954087,0.00855201178247,-0.999926203667,0.0,0.660124476924,0.258790103496,0.303359193298,1.0,-0.00808,-0.0106194285714,0.405
0.463767226945,0.538278577094,-0.124039352696,-1.37058521148,0.0787278888422,1.89946010263,0.157345575859,-0.000286370429919,-0.0466144365634,-0.00209396507995,-0.0695687416213,-0.0060402104329,0.0286717696204,-0.0130256193392,0.574040175539,0.818812713274,0.00208910224458,0.0,0.818770302899,-0.573979936195,-0.0119570413649,0.0,-0.00859164012538,0.00857448208697,-0.999926328275,0.0,0.659991968089,0.258610089635,0.303380562986,1.0,-0.00842,-0.0110662857143,0.422
0.463663744733,0.537520949087,-0.12404539866,-1.37175977843,0.0786555676978,1.89991270136,0.157200032449,-0.00479944877433,-0.0470563146129,0.000490675649088,-0.0754030045057,-0.000583149098908,0.0300050792117,-0.0109579169199,0.574055507633,0.818801894852,0.00211613921053,0.0,0.818759894483,-0.573995212639,-0.0119364129906,0.0,-0.00855906858692,0.00858493882203,-0.999926517885,0.0,0.659862263819,0.258427819348,0.303395948211,1.0,-0.00874,-0.0114868571429,0.438
0.463551631529,0.536691930385,-0.124051365136,-1.37305695415,0.0785794051591,1.90039527424,0.157042094623,-0.00572759243816,-0.0522159771041,-0.0013073817662,-0.0766089973981,-0.00342504993447,0.0256888248633,-0.0188624763607,0.574077534973,0.818786413328,0.00213074874018,0.0,0.818744594596,-0.574017168672,-0.0119300373553,0.0,-0.00854523066019,0.00859347090147,-0.999926562949,0.0,0.65970535667,0.258217880545,0.303407666038,1.0,-0.0091,-0.01196,0.456
0.463424989956,0.535781108975,-0.124052048849,-1.37448909524,0.0785002567945,1.90091733033,0.156866387229,-0.00822008235486,-0.0563993157494,0.00194899502425,-0.085108772726,-0.0031441298232,0.0239170410389,-0.00624070268834,0.574091039493,0.81877694256,0.00213157378347,0.0,0.818735053455,-0.574030586548,-0.0119392149094,0.0,-0.00855212998589,0.00859955604172,-0.99992645165,0.0,0.659547148102,0.258008349675,0.303412333137,1.0,-0.00944,-0.0124068571429,0.473
0.463315243898,0.534931596568,-0.124055262355,-1.37581294695,0.0784217885445,1.90140251011,0.156703610937,-0.00850109191914,-0.0570827101767,-0.000232307736825,-0.0829589536801,-0.00282037623798,0.033788227327,-0.0117149281263,0.574101472704,0.818769603606,0.00214059609417,0.0,0.818727813262,-0.574040962601,-0.0119368316,0.0,-0.00854488955058,0.00860568384629,-0.99992646083,0.0,0.659392163813,0.257808343296,0.303423799096,1.0,-0.00976,-0.0128274285714,0.489
0.463196009649,0.534041689353,-0.124061166859,-1.3772908297,0.0783441364539,1.90193290244,0.156524795721,-0.00851811610653,-0.0512492013922,-0.000155233285513,-0.0842688403712,-0.00350750957001,0.0299387328714,-0.0120738212356,0.574117022408,0.818758817985,0.00209510268144,0.0,0.818716308287,-0.574056571268,-0.0119752423729,0.0,-0.00860229344935,0.00859065062321,-0.999926097904,0.0,0.659214128173,0.257585973609,0.303394329893,1.0,-0.0101,-0.0132742857143,0.506
0.463071002954,0.533116826389,-0.124055295789,-1.37877077184,0.0782521150418,1.9024917933,0.156337274801,-0.00537481669075,-0.0558334777417,0.000705973304208,-0.0863837839687,-0.0070827738792,0.0307384939995,-0.00500034058027,0.574118071784,0.818758077936,0.00209675152095,0.0,0.818715578209,-0.574057602139,-0.0119757389989,0.0,-0.00860174250439,0.0085922967444,-0.9999260885,0.0,0.659041441884,0.257366486725,0.303390403123,1.0,-0.01044,-0.0137211428571,0.523
0.462938182507,0.532216430219,-0.124056239991,-1.38023016618,0.0781742718529,1.90304325822,0.156151214169,-0.0072382633404,-0.0573784127786,0.000948221795126,-0.0889009797436,-0.00685725003115,0.0358616792377,-0.0125936769798,0.574134106075,0.818746841515,0.00209395624585,0.0,0.818704209263,-0.574073550136,-0.0119884807919,0.0,-0.0086136117258,0.00859749202353,-0.99992594167,0.0,0.65887381967,0.25714181122,0.303378428706,1.0,-0.01076,-0.0141417142857,0.539
0.462809640362,0.53121770722,-0.124058627102,-1.38182411556,0.0780727713239,1.90361747684,0.155943394665,-0.00747425503571,-0.0612852711784,-8.19598054912e-05,-0.0949747251774,-0.00703048860181,0.0258303903947,-0.0185028608326,0.574130399782,0.818749495551,0.00207231331825,0.0,0.818706590737,-0.57406994467,-0.0119984920485,0.0,-0.00863427275662,0.00858548090541,-0.999925866678,0.0,0.658682079562,0.256902201024,0.303373499202,1.0,-0.0111,-0.0145885714286,0.556
0.462662643291,0.530118451348,-0.124062019805,-1.38357070761,0.0779694880099,1.90423188338,0.15572110057,-0.00960884229396,-0.0597812086084,-0.001688528705,-0.0965182509482,-0.0060080916751,0.0371038707452,-0.0141101977899,0.574138199897,0.818744094237,0.00204510960004,0.0,0.818700755956,-0.574077780761,-0.0120216776927,0.0,-0.0086687925342,0.00857660229194,-0.9999256442,0.0,0.658469959916,0.256635521442,0.303370039601,1.0,-0.01146,-0.0150617142857,0.574
0.462540894053,0.52920092066,-0.124063790535,-1.38502066316,0.0778784497163,1.90477311596,0.155522965687,-0.00974838512161,-0.0662783549386,-0.000626056258641,-0.106743859174,-0.00510024610368,0.0350138297551,-0.0103613147935,0.57413117431,0.818749009578,0.00204960995864,0.0,0.818705752831,-0.574070759555,-0.0120166636614,0.0,-0.00866217709925,0.00857733382369,-0.999925695256,0.0,0.658299803496,0.256416266671,0.303373122822,1.0,-0.01176,-0.015456,0.589
0.462400177274,0.528111416839,-0.124064052022,-1.38672823627,0.0777704834363,1.9054330093,0.155285790321,-0.0061747653537,-0.0630946219657,-0.000124792311265,-0.102408718159,-0.0063196404477,0.0327441233439,-0.013575088818,0.5741160263,0.818759552284,0.00208105505554,0.0,0.818716764223,-0.574055539033,-0.0119935393896,0.0,-0.00862534982399,0.00858964321414,-0.99992590794,0.0,0.658102621952,0.256162410117,0.303384702167,1.0,-0.0121,-0.0159028571429,0.606
0.462240147293,0.526891602848,-0.124067349892,-1.38858930853,0.077650319946,1.90614615099,0.155032320801,-0.00854937543349,-0.0701794026923,-0.000735345872961,-0.0999704868546,-0.00866312128639,0.0371558273089,-0.01905419289,0.574110185065,0.818763504701,0.00213674414026,0.0,0.818721540653,-0.574049565346,-0.0119533383818,0.0,-0.00856052499803,0.00861209757458,-0.999926271876,0.0,0.657889310767,0.255879248446,0.303419340298,1.0,-0.01246,-0.016376,0.624
0.462106295418,0.525867025695,-0.124070510017,-1.39019884489,0.0775480970803,1.90673585331,0.154800916277,-0.00787636276242,-0.0716724522225,-0.00398030897735,-0.109944933033,-0.00515229844459,0.0352375662505,-0.0198044232557,0.574091961065,0.818776275627,0.00213953550749,0.0,0.818734389116,-0.574031373588,-0.0119469291676,0.0,-0.00855386635122,0.00861051307028,-0.999926342505,0.0,0.657685250682,0.255617980961,0.303428683675,1.0,-0.01278,-0.0167965714286,0.64
0.461937970975,0.524627403416,-0.124070826588,-1.39214698265,0.077435514578,1.90743423205,0.154546315089,-0.0108344691745,-0.0732174500631,0.000209848782191,-0.111507685694,-0.00609127252877,0.0369030236836,-0.0148851078808,0.574095749183,0.818773639019,0.00213206883257,0.0,0.818731525661,-0.574035061704,-0.0119659402135,0.0,-0.00857367921891,0.00861535325189,-0.999926131128,0.0,0.657460620834,0.255338614705,0.303430522598,1.0,-0.01312,-0.0172434285714,0.657
0.461778575847,0.523437242383,-0.124082491027,-1.39406569528,0.0773062723482,1.9081283771,0.154290972551,-0.00925998224412,-0.0713322302715,-0.00184878043424,-0.106282393587,-0.00516963357713,0.0378071190715,-0.0111885899576,0.574093500841,0.818775318438,0.00209215449463,0.0,0.818732796772,-0.574033091351,-0.0119734884054,0.0,-0.00860279650027,0.00858698270262,-0.999926125081,0.0,0.657229625023,0.255041159389,0.303414584819,1.0,-0.01346,-0.0176902857143,0.674
0.461625292697,0.522290597091,-0.12407882531,-1.3958953031,0.0772015146815,1.90884268108,0.154042542328,-0.0109449941619,-0.0719915895916,-0.000498315643286,-0.113702537732,-0.00528369744889,0.0410963552699,-0.0228754710893,0.574083073697,0.818782556352,0.00212056831109,0.0,0.818740352404,-0.574022494917,-0.011964847557,0.0,-0.00857951973885,0.00860517698448,-0.99992616866,0.0,0.657015502605,0.254771954746,0.303411450713,1.0,-0.01378,-0.0181108571429,0.69
0.461449875789,0.520969369531,-0.124086527286,-1.39801303848,0.077063742239,1.90965396629,0.153750447784,-0.0107607084647,-0.0724101349366,-0.000984270886115,-0.119081530688,-0.00975377798431,0.0425684962327,-0.0160304293586,0.574069151961,0.818792308931,0.00212379453807,0.0,0.818750266395,-0.574008681396,-0.011949136442,0.0,-0.00856494941653,0.00859865351845,-0.999926349687,0.0,0.656766782414,0.254450993144,0.303402259921,1.0,-0.01414,-0.018584,0.708
0.461295734632,0.519753620736,-0.124095390917,-1.39993395633,0.0769456907542,1.91035606699,0.153496986452,-0.0108812901535,-0.0738131389131,-0.00173859311921,-0.122626772353,-0.0157180157458,0.0416791254848,-0.0184693168261,0.574064559129,0.818795544142,0.00211795821955,0.0,0.818753433712,-0.574004121364,-0.0119511649228,0.0,-0.00857000883843,0.00859499126743,-0.999926337824,0.0,0.656532993337,0.254161148343,0.303402860543,1.0,-0.01446,-0.0190045714286,0.724
0.461124634728,0.518409157525,-0.12409611794,-1.4020141487,0.0768079744241,1.91108848062,0.153223739059,-0.0109306513399,-0.0769433748365,-0.00150798762004,-0.124755115726,-0.00611908254683,0.045945976124,-0.013063019411,0.574054422147,0.818802670867,0.00211033055748,0.0,0.818760478429,-0.57399403454,-0.0119529986493,0.0,-0.00857599518246,0.00858969236761,-0.999926332032,0.0,0.656273842208,0.253846669446,0.3034199645,1.0,-0.0148,-0.0194514285714,0.741
0.460944126843,0.517042908112,-0.124102046912,-1.40415047281,0.0766643858243,1.91185352627,0.1529238709,-0.0113851783353,-0.0846350193946,0.000170694585198,-0.121273233676,-0.0114430173151,0.0476514662746,-0.0182850270929,0.574035037228,0.818816292737,0.00209801883817,0.0,0.818774015346,-0.573974778411,-0.0119504160446,0.0,-0.00858115067832,0.00857792597912,-0.99992638881,0.0,0.656011613973,0.253517922857,0.303428233388,1.0,-0.01514,-0.0198982857143,0.758
0.460763274848,0.515695298144,-0.124108193491,-1.40631995093,0.0765323173652,1.91267994649,0.152630178717,-0.00789466644473,-0.0853785873504,-0.00121122469461,-0.128618806859,-0.00811532337697,0.04750783175,-0.0222187284583,0.574026203103,0.818822486049,0.00209794980026,0.0,0.818780226798,-0.573965964709,-0.0119481572404,0.0,-0.00857943321493,0.00857648027186,-0.999926415949,0.0,0.655752010489,0.25319065296,0.30341263963,1.0,-0.01548,-0.0203451428571,0.775
0.460586840313,0.514378386789,-0.124106379913,-1.40840451095,0.0764166010772,1.91343977785,0.152338374046,-0.0128519113451,-0.0815587717715,-2.5311407875e-05,-0.131813436645,-0.00390484054858,0.0488069505019,-0.0183777874967,0.574009062855,0.818834502104,0.00209781457406,0.0,0.818792073089,-0.573948659277,-0.0119676423077,0.0,-0.00859564606102,0.00858737442325,-0.99992618321,0.0,0.655493855243,0.252878798368,0.303409498622,1.0,-0.0158,-0.0207657142857,0.791
0.460393481456,0.512966817486,-0.124106381263,-1.41068936613,0.0762703078477,1.91423253134,0.152010338717,-0.0132694464215,-0.0879464166029,-0.000241846184524,-0.131966890076,-0.00625724787106,0.0538120225565,-0.0226376310464,0.573978932877,0.818855802709,0.00202629837678,0.0,0.818812371535,-0.573918764284,-0.0120124570903,0.0,-0.00867370652841,0.00855422017648,-0.999925793313,0.0,0.655202661,0.252529705806,0.303379864615,1.0,-0.01614,-0.0212125714286,0.808
0.460188551622,0.511552563885,-0.124109900695,-1.41299242846,0.0761362523847,1.9150761726,0.151701535518,-0.0167741626007,-0.0766688605814,0.00105837567967,-0.140233832537,-0.00694399832307,0.0600210513572,-0.0201070042421,0.57398087319,0.818854534024,0.00198902533103,0.0,0.81881050792,-0.573920756967,-0.012044241068,0.0,-0.00872110639216,0.00854196330598,-0.999925485807,0.0,0.6549195225,0.252174278897,0.303347567261,1.0,-0.01648,-0.0216594285714,0.825
0.459997227773,0.510164221937,-0.124118479216,-1.41517502616,0.0760064503355,1.91589990448,0.151391289838,-0.0102235810826,-0.084595417618,-0.000661462407795,-0.132103117635,-0.00760526529098,0.0523439706822,-0.0186635983118,0.573968646737,0.818863045664,0.00201293559257,0.0,0.818819322874,-0.573908420885,-0.0120327813766,0.0,-0.00869812678449,0.00855483450919,-0.999925575929,0.0,0.654657071305,0.251838144217,0.303352378998,1.0,-0.0168,-0.02208,0.841
0.459781682831,0.508567352045,-0.124124176069,-1.41768785493,0.0758442604481,1.91680259941,0.15103609312,-0.0140988523907,-0.0897422904109,0.00145314698656,-0.141549130872,-0.0081502962714,0.0548463487582,-0.0224894460644,0.573945008438,0.818879654741,0.00199630690764,0.0,0.818835727984,-0.573884869641,-0.0120396791944,0.0,-0.00871356577558,0.0085449257131,-0.999925526235,0.0,0.65434325546,0.251451680728,0.303352186828,1.0,-0.01716,-0.0225531428571,0.859
0.45957676652,0.507036668784,-0.12412707851,-1.42008213605,0.0756837139735,1.91767442087,0.15071357235,-0.0118008435398,-0.0835413678469,0.00028950359944,-0.139614696354,-0.00166116439118,0.0457245653711,-0.0157585315948,0.573931267297,0.818889288601,0.0019950778527,0.0,0.81884542009,-0.573871208345,-0.0120316720278,0.0,-0.00870785726271,0.00853917754266,-0.999925625069,0.0,0.654045448014,0.251085255834,0.303358773169,1.0,-0.0175,-0.023,0.876
0.459364163001,0.505532585109,-0.124133999366,-1.42239156227,0.0755365394691,1.91855466958,0.15039567872,-0.0171305989299,-0.0934879299498,-0.00206637323727,-0.143683029742,-0.00568671060374,0.0597136094384,-0.0143966023359,0.573929629232,0.818890292852,0.00205325680353,0.0,0.818847269463,-0.573869408452,-0.0119915902477,0.0,-0.00864166196123,0.00856379755148,-0.999925988786,0.0,0.653770126892,0.250723909545,0.303387455209,1.0,-0.01782,-0.0234205714286,0.892
0.459158237967,0.503991156149,-0.124142297524,-1.42472270534,0.0753911404717,1.91944232468,0.15006426239,-0.0137191685083,-0.100541568467,-0.00110594819581,-0.148427224954,-0.0124963437891,0.053964478221,-0.0177312583388,0.573913634884,0.818901297951,0.00213326268675,0.0,0.818859382389,-0.573853148538,-0.0119424741292,0.0,-0.00855569277927,0.00860095649818,-0.999926409126,0.0,0.653489664963,0.25036489977,0.303432018307,1.0,-0.01814,-0.0238411428571,0.908
0.458909315922,0.502201539561,-0.124144424502,-1.42736043009,0.0752250422649,1.92042831467,0.149697915848,-0.0146299159831,-0.106235677665,-0.00113044279514,-0.148421330069,-0.00657826237076,0.051323647685,-0.0225723727968,0.573909302472,0.818904022828,0.00224962958699,0.0,0.818863658517,-0.573848383629,-0.0118780582335,0.0,-0.00843620579164,0.00865923474652,-0.999926921372,0.0,0.653171120258,0.249951748917,0.303511609792,1.0,-0.0185,-0.0243142857143,0.926
0.458698601286,0.500597626283,-0.124144499975,-1.42978895982,0.0750653349966,1.92128520569,0.149358784313,-0.0121848595836,-0.10090971136,-0.00022129656783,-0.152248667975,-0.0100893641782,0.0538107957054,-0.0230582723862,0.573884677496,0.818921212306,0.00227417494685,0.0,0.818881162245,-0.573823659427,-0.0118657870801,0.0,-0.00841233131386,0.00867203937895,-0.999927011544,0.0,0.652860736713,0.249579610886,0.303549277385,1.0,-0.01882,-0.0247348571429,0.942
0.458443504092,0.498891143867,-0.12414481576,-1.43241030272,0.0748981601497,1.92224079725,0.148986129975,-0.0161053696506,-0.101564649998,-0.000320106107811,-0.15581132644,-0.00749080255646,0.0545968056125,-0.0230486747871,0.573876758669,0.818926670942,0.00230659521461,0.0,0.818887032346,-0.573815603795,-0.0118502320156,0.0,-0.00838107209024,0.00868958095006,-0.999927121751,0.0,0.652536716329,0.249162386079,0.303574721956,1.0,-0.01916,-0.0251817142857,0.959
0.458177160132,0.497127812057,-0.124144806618,-1.43521262174,0.07472018259,1.92327599304,0.148568458539,-0.0202862410314,-0.0998694812949,0.000584931252464,-0.154272749323,-0.013466860546,0.0552445095711,-0.0288368106202,0.573846898353,0.818947615053,0.00229955444128,0.0,0.818907867517,-0.573785756785,-0.0118556623876,0.0,-0.00838987638292,0.00868662555723,-0.999927073596,0.0,0.652188409347,0.248721077857,0.303559989965,1.0,-0.01952,-0.0256548571429,0.977
0.457949682991,0.495647571988,-0.124150333456,-1.43760082795,0.0745807745994,1.924090278,0.148223667223,-0.0126993817963,-0.0971849027058,-0.00147975988866,-0.162842239601,-0.00450302574751,0.053947402783,-0.0204014441311,0.573837633194,0.818954313979,0.00222469029274,0.0,0.81891338456,-0.573776576997,-0.0119186903733,0.0,-0.00848455107109,0.0086613884904,-0.99992649367,0.0,0.651877003638,0.248338706084,0.303525531869,1.0,-0.01982,-0.0260491428571,0.992
0.457648421114,0.493828874671,-0.12416265897,-1.44055799324,0.0744003916656,1.92514667645,0.147813030029,-0.0182525262298,-0.1083986241,-0.00268830905539,-0.17646239298,-0.0139958006609,0.0619898222083,-0.0218664725589,0.573857050658,0.818940900508,0.00215262321874,0.0,0.818898936554,-0.573796189107,-0.0119671207083,0.0,-0.00856536251961,0.0086303636204,-0.999926072962,0.0,0.651505781902,0.247851170942,0.303476667989,1.0,-0.0249222857143,-0.0327550040816,1.01
0.457344076529,0.491376979349,-0.124240086521,-1.44427648655,0.0741898367102,1.92655890564,0.147270440695,-0.0214971248656,-0.151897412546,-0.00697439096204,-0.240625189794,-0.0089003606212,0.0959039751491,-0.0332861955375,0.573847760551,0.81894709493,0.00226943114126,0.0,0.818906833156,-0.573786611388,-0.0118857100892,0.0,-0.00843176088197,0.00867920788787,-0.999926785699,0.0,0.651052563854,0.247260774604,0.303537773564,1.0,-0.0342577142857,-0.0450244244898,1.027
0.456925215074,0.488461891916,-0.124244359322,-1.44897335635,0.0739421070862,1.92827899216,0.146570917697,-0.0310408847842,-0.196869630273,-0.000584165537207,-0.313043371602,-0.00849949658158,0.10916083334,-0.0436690353182,0.573789071456,0.818988302067,0.00223818147534,0.0,0.818947122625,-0.573727531841,-0.0119614569718,0.0,-0.00851235089102,0.00869647300228,-0.999925952878,0.0,0.650445709876,0.246544083096,0.303478568935,1.0,-0.043044,-0.0565721142857,1.043
0.456298276137,0.484239214536,-0.124345541291,-1.45555324701,0.0735450598929,1.93074732648,0.145580079829,-0.0396675341829,-0.254532979769,-0.00671128875162,-0.385394208123,-0.0193575689054,0.136724818966,-0.0568701341364,0.573782721209,0.818992538344,0.00231470938585,0.0,0.818952627894,-0.573721155026,-0.0118901825858,0.0,-0.00841013499605,0.00871818650618,-0.999926628735,0.0,0.649638356009,0.245456489857,0.303496334301,1.0,-0.0529285714286,-0.0695632653061,1.061
0.455555509122,0.47948133756,-0.124467299542,-1.46310224655,0.0730918979176,1.93336584934,0.144429156574,-0.0468671192293,-0.296973929345,-0.0114099044614,-0.473771469509,-0.0197985088526,0.16498542997,-0.0716660276672,0.573783136719,0.818992678454,0.00215674686754,0.0,0.818950638881,-0.573722137083,-0.0119794573587,0.0,-0.00857387952038,0.0086400461922,-0.999925916352,0.0,0.648664507926,0.244176430707,0.303433400143,1.0,-0.062264,-0.0818326857143,1.078
0.454717069716,0.47422716627,-0.12459301259,-1.47124095057,0.0726001916881,1.93630989407,0.143253997865,-0.0541279335475,-0.340918997636,-0.013114159687,-0.527801640147,-0.037773489288,0.18881481312,-0.0834110322904,0.573859639406,0.818938980281,0.00219265575474,0.0,0.818897541716,-0.573798616915,-0.0119461416408,0.0,-0.00852518235034,0.00865113550282,-0.99992623684,0.0,0.647638928197,0.242785587686,0.303455804227,1.0,-0.0710502857143,-0.0933803755102,1.094
0.4536841365,0.467931547826,-0.12467265944,-1.48084912348,0.0720370644087,1.93984780136,0.141765147812,-0.0650121221819,-0.395235917819,-0.00583993570629,-0.584897789206,-0.0317503189754,0.218150276275,-0.0979062139321,0.573851724179,0.81894396381,0.00239367837123,0.0,0.818904935279,-0.573789687362,-0.0118679633425,0.0,-0.00834588966202,0.00877081512362,-0.999926706778,0.0,0.646422295781,0.241166096799,0.303541002787,1.0,-0.0803857142857,-0.105649795918,1.111
0.452483630826,0.460920725724,-0.124721523116,-1.49166577322,0.0713452688358,1.94370182929,0.140064827327,-0.0769172129554,-0.424765453211,-0.00194544360726,-0.672059395044,-0.0471724066044,0.232739853626,-0.100204651968,0.573798116606,0.818981422124,0.00242868193497,0.0,0.818942673566,-0.573735765742,-0.0118707801606,0.0,-0.00832868708096,0.00880055201374,-0.999926588933,0.0,0.645008125486,0.239327132849,0.303560724296,1.0,-0.0897211428571,-0.117919216327,1.128
0.451120820826,0.453169581841,-0.12484117161,-1.50370927634,0.0705480050078,1.94778496676,0.13822220827,-0.0869592736949,-0.472370994592,-0.0100655168225,-0.714537891981,-0.049316069246,0.251133153428,-0.11281885672,0.573829609166,0.818959931428,0.00222649069301,0.0,0.818918446707,-0.57376795634,-0.0119856923599,0.0,-0.00853847717056,0.00870122698796,-0.999925688767,0.0,0.643387693613,0.23721001274,0.303515398719,1.0,-0.0990565714286,-0.130188636735,1.145
0.44963151954,0.444569180537,-0.124943267695,-1.51650295234,0.0696861801408,1.95251419463,0.136229421715,-0.087911600526,-0.514098608259,-0.00542273109567,-0.768462118332,-0.0505343929282,0.285512895216,-0.116518626942,0.573835421571,0.818954615496,0.00264454320785,0.0,0.818919198726,-0.573772832339,-0.0116974239782,0.0,-0.00806244753686,0.00887823435812,-0.999928084361,0.0,0.64173141475,0.23498131125,0.303734159086,1.0,-0.108392,-0.142458057143,1.162
0.447963955449,0.435435283748,-0.124986119153,-1.53048482194,0.0687666893161,1.95729321101,0.133977200131,-0.107669491806,-0.566392265537,-0.00329638855666,-0.830206717574,-0.062558306653,0.283320290333,-0.135599073385,0.573753802283,0.819011972471,0.00259040856845,0.0,0.818975273233,-0.5736907859,-0.01179537651,0.0,-0.00817461844081,0.00888929383357,-0.999927075375,0.0,0.639795876725,0.232542153779,0.30373732915,1.0,-0.117727428571,-0.154727477551,1.179
0.446242951766,0.42618263749,-0.12507836193,-1.54437908543,0.0677903727689,1.96225813234,0.131692513183,-0.119757455402,-0.580968490674,-0.00607611365238,-0.889798376879,-0.0631990337318,0.311066693241,-0.152740572445,0.573690395536,0.819055628506,0.00282035163497,0.0,0.819022407174,-0.573627122152,-0.0116175805979,0.0,-0.00789776664297,0.00897499839005,-0.999928534789,0.0,0.637914512151,0.230061269942,0.30385945269,1.0,-0.126513714286,-0.166275167347,1.195
0.44419288981,0.41576262632,-0.12516899929,-1.56009014051,0.0666680490598,1.96768690372,0.129104702357,-0.123243217818,-0.643626908848,-0.00588343319971,-0.927601615893,-0.0760731957315,0.33957262226,-0.150753349376,0.573665336763,0.819072927596,0.00289267649974,0.0,0.81904088884,-0.573602108695,-0.0115494679668,0.0,-0.00780076138855,0.00899492294222,-0.999929117229,0.0,0.635728603672,0.227191965206,0.30392736154,1.0,-0.135849142857,-0.178544587755,1.212
0.441973484509,0.404780889818,-0.125271305645,-1.57679893723,0.0655397774167,1.9734151471,0.126327070671,-0.139887494258,-0.655122332678,-0.0081993782526,-1.0186802104,-0.0642513850178,0.336942946033,-0.165458637799,0.573654570344,0.819080486652,0.00288742291338,0.0,0.819047931483,-0.573590844801,-0.0116092892003,0.0,-0.0078528940922,0.00902483332871,-0.999928439658,0.0,0.633350169919,0.224129591725,0.303899962339,1.0,-0.145184571429,-0.190814008163,1.229
0.439789955834,0.394453895742,-0.12537311328,-1.592103996,0.0644964771413,1.97866655669,0.123712793696,-0.148753344059,-0.700315968191,-0.0130536430474,-1.04311788687,-0.0747496549945,0.356867088408,-0.171278895898,0.573691094695,0.819054083828,0.00311167697887,0.0,0.819024183365,-0.573626346462,-0.0115303342704,0.0,-0.00765917493819,0.00916356521335,-0.999928680513,0.0,0.631019120142,0.221039511959,0.304017354885,1.0,-0.153970857143,-0.202361697959,1.245
0.436957024429,0.381662273538,-0.125524738819,-1.61141941409,0.063004969916,1.98506342479,0.120281283897,-0.16205564552,-0.73337735469,-0.0071778221305,-1.06990906765,-0.0837857183076,0.363724320432,-0.194067381663,0.573632689286,0.819095687661,0.00292218037433,0.0,0.819063809263,-0.573569113439,-0.0115626712483,0.0,-0.00779501182886,0.00902635217751,-0.999928878849,0.0,0.628336243536,0.217499454714,0.303971689403,1.0,-0.163306285714,-0.214631118367,1.262
0.434033289568,0.36890681716,-0.125662508965,-1.6304920571,0.0615981586074,1.99138068342,0.116911370644,-0.176096960087,-0.750343663623,-0.016448902309,-1.13653205486,-0.0828570769209,0.365918026787,-0.194516114845,0.5736739574,0.819066915653,0.00288533972626,0.0,0.819034403262,-0.57361031647,-0.0116016383656,0.0,-0.00784760860991,0.00901892393665,-0.999928534471,0.0,0.625495097418,0.213767653725,0.303958198686,1.0,-0.172641714286,-0.226900538775,1.279
0.431015478986,0.35637867882,-0.125847278883,-1.64896886345,0.0601341200826,1.9974952053,0.113550844276,-0.195171991687,-0.76577289558,-0.0150211047671,-1.17455798167,-0.0959847163395,0.374296107509,-0.223722454697,0.573764009201,0.819003655015,0.00293627632402,0.0,0.818972540606,-0.573701047009,-0.011481868132,0.0,-0.0077192957855,0.00899278551255,-0.999929768674,0.0,0.622736043304,0.21001370105,0.304018580553,1.0,-0.181428,-0.238448228571,1.295
0.427316849868,0.341707735052,-0.126026658672,-1.67047907441,0.0585670410174,2.00446216649,0.109487278127,-0.210211454219,-0.816496160914,-0.00853939886119,-1.20889765098,-0.0945961196248,0.398162823864,-0.220395505058,0.57388112846,0.818921190767,0.00304640955008,0.0,0.81889080045,-0.57381698276,-0.0115184259215,0.0,-0.00768474949035,0.00910505932148,-0.999929018741,0.0,0.619440183868,0.205590251699,0.304080470156,1.0,-0.191312571429,-0.251439379592,1.313
0.423642238258,0.327408890626,-0.126142671687,-1.69140451095,0.0568998548444,2.01120779741,0.105420632196,-0.219870615586,-0.858465145782,-0.00313789047111,-1.22636348467,-0.111567207597,0.414176599882,-0.249900759443,0.573833796546,0.818954184222,0.0030927314491,0.0,0.818924414908,-0.573769538591,-0.0114920039068,0.0,-0.00763705662502,0.00912738925469,-0.999929180558,0.0,0.616154800171,0.201283237556,0.304100444081,1.0,-0.200648,-0.2637088,1.33
0.419762011262,0.312623965456,-0.126245046861,-1.71299882478,0.0550950209907,2.01798520157,0.101155107033,-0.228669636587,-0.880981326286,-0.0078907374579,-1.26998436947,-0.0953226661454,0.392881999502,-0.261272752897,0.573736912098,0.819022595589,0.00294796752898,0.0,0.818991102212,-0.573673298808,-0.0115441601165,0.0,-0.00776390720467,0.00903784396037,-0.999929017041,0.0,0.612861476684,0.197067338012,0.304042313571,1.0,-0.209434285714,-0.275256489796,1.346
0.415776706719,0.298195598799,-0.126350108622,-1.73387507207,0.0533251430813,2.02449144308,0.0968432354812,-0.263560338948,-0.889867850592,-0.00595202845756,-1.3320112002,-0.116619020876,0.395782804267,-0.267606100586,0.573597861997,0.819120043861,0.00293144316503,0.0,0.819088432077,-0.573534430743,-0.0115388080591,0.0,-0.00777053498346,0.0090199204799,-0.999929127399,0.0,0.609016565963,0.192078065895,0.304049602791,1.0,-0.219318857143,-0.288247640816,1.364
0.411235764882,0.282353172774,-0.126514762766,-1.75644403338,0.0514804607166,2.03138507376,0.0921375099418,-0.274330373419,-0.922710130615,-0.00917750998121,-1.3541790757,-0.119202756811,0.409039180806,-0.284095528758,0.573648886541,0.81908374016,0.00308682301679,0.0,0.819053651904,-0.573584381681,-0.0115247253584,0.0,-0.00766930933738,0.00913959549974,-0.999928822211,0.0,0.605477640707,0.187437136625,0.304140508878,1.0,-0.228105142857,-0.299795330612,1.38
0.406641809214,0.267026567983,-0.126685271062,-1.77816399215,0.0496241634791,2.0378728666,0.0873909984761,-0.286815205791,-0.967144634715,-0.0108499837265,-1.36174518419,-0.113052401723,0.391590248584,-0.298440106927,0.573638520872,0.819090853593,0.00312535341587,0.0,0.819060996002,-0.573573575913,-0.0115405694443,0.0,-0.00766030222691,0.009180147014,-0.999928519781,0.0,0.601783897038,0.182580541128,0.304188489072,1.0,-0.236891428571,-0.311343020408,1.396
