position_joint1,position_joint2,position_joint3,position_joint4,position_joint5,position_joint6,position_joint7,velocity_joint1,velocity_joint2,velocity_joint3,velocity_joint4,velocity_joint5,velocity_joint6,velocity_joint7,ee_T_00,ee_T_10,ee_T_20,ee_T_30,ee_T_01,ee_T_11,ee_T_21,ee_T_31,ee_T_02,ee_T_12,ee_T_22,ee_T_32,ee_T_03,ee_T_13,ee_T_23,ee_T_33,v_x,v_y,time
0.465076561911,0.547630149349,-0.124029418048,-1.35582312217,0.07952463273,1.89415785691,0.159131463658,-0.00127150107505,-0.000874945422781,-0.000898385465543,-0.000264923169568,0.000168106776839,0.000280617764499,-0.000828338542127,0.573815371302,0.818970149704,0.00213552172705,0.0,0.818929490915,-0.57375612468,-0.0117959824863,0.0,-0.00843545128103,0.00851772178357,-0.999928143207,0.0,0.661702053527,0.260879794355,0.303332456745,1.0,0.0,0.0,0.0
0.465082783822,0.547630149022,-0.124025492154,-1.3558259034,0.0795229694426,1.8941571455,0.159128742246,0.000642392985733,-0.0075718693392,2.12131733912e-05,-0.000338486602361,1.80946393264e-05,0.000194864087367,-0.000566715320464,0.573805010781,0.818977416003,0.00213274017386,0.0,0.818936711682,-0.573745766852,-0.0117984820819,0.0,-0.00843920220248,0.00851677133733,-0.999928119653,0.0,0.661698842277,0.26088553478,0.303330938218,1.0,-0.00014,-0.000184,0.008
0.465081838977,0.547631683748,-0.1240280278,-1.35582346798,0.0795214326478,1.8941578579,0.159125725014,0.00102314820762,-0.00126907035566,-0.000876551943932,0.00105519886834,0.000231467182123,0.000394087873522,-0.00166113418024,0.573804552711,0.818977737485,0.00213253225152,0.0,0.818937060156,-0.57374533962,-0.0117950696483,0.0,-0.00843653144249,0.00851463828964,-0.999928160356,0.0,0.661700417359,0.260883510655,0.303331153255,1.0,-0.00042,-0.000552,0.022
0.465072394598,0.547613929088,-0.124024375316,-1.35583277381,0.0795236256801,1.89415657753,0.159130251689,-0.000694472854387,-0.00252295993769,0.00555219995368,-0.00016656939932,-7.81652993638e-05,4.58989710667e-05,0.000283935797083,0.573814490178,0.818970751403,0.00214152044538,0.0,0.818930143424,-0.573755192768,-0.0117960105113,0.0,-0.00843204145899,0.00852264149044,-0.999928130047,0.0,0.661700000411,0.260878773277,0.303339073359,1.0,-0.00078,-0.00102514285714,0.04
0.465078200972,0.547549661718,-0.124025114835,-1.35588949952,0.0795209202383,1.89416577398,0.159134924723,0.00366438820054,-0.00670840192816,0.00139258761821,-0.00525982645903,8.37035246204e-05,0.00435997861042,-0.000930195237435,0.573816407114,0.818969367392,0.0021571050135,0.0,0.818928945627,-0.573757032134,-0.0117896985128,0.0,-0.00841790983305,0.00853180243951,-0.999928170991,0.0,0.661689336687,0.260876486124,0.303358418616,1.0,-0.0011,-0.00144571428571,0.056
0.465075406447,0.547421415551,-0.124022609517,-1.35604051298,0.0795214281347,1.89420201676,0.159131640625,0.000814183180102,-0.00872526423932,0.00101827288984,-0.00610818680383,0.000365334271014,-0.000224267865413,0.000959756686052,0.573822658625,0.818964937319,0.00217595787484,0.0,0.818924638456,-0.573763085547,-0.0117942822304,0.0,-0.00841078123686,0.00854993651475,-0.999928076086,0.0,0.661665457701,0.260862389743,0.30338045269,1.0,-0.00144,-0.00189257142857,0.073
0.465062989567,0.547298937889,-0.12402860754,-1.35622123625,0.0795152246859,1.89426165926,0.159123042842,-0.00270888599058,-0.00957496082495,-0.000557034275643,-0.0123116170573,-0.00443855588969,0.00552704985416,-0.0011396364024,0.573838399051,0.818953901547,0.00217848968432,0.0,0.818913614577,-0.573778792818,-0.0117955785503,0.0,-0.00841022581641,0.00855291544299,-0.999928055282,0.0,0.661644116416,0.26083390239,0.303386557555,1.0,-0.00174,-0.00228685714286,0.088
0.465045315535,0.547129682782,-0.124022609197,-1.35642883321,0.0795162682315,1.89436962148,0.159113854039,0.00121524707159,-0.00714845560336,-0.000736820697348,-0.0112722149043,0.000391836428952,0.0066860854724,-0.00422995694101,0.573853203567,0.818943344992,0.00224618556413,0.0,0.818903832352,-0.573793226473,-0.0117725746397,0.0,-0.00835238640184,0.00859530512413,-0.999928176606,0.0,0.661625694351,0.260810771025,0.3034168168,1.0,-0.00208,-0.00273371428571,0.105
0.465022680891,0.546903883479,-0.12402590223,-1.35668908618,0.0795084089664,1.89451160923,0.159095652345,-0.000761976512138,-0.0113700632061,-0.00107330560044,-0.0144329096877,6.08323902584e-05,0.011840111141,-0.00128669734625,0.573871817029,0.818930036906,0.00234076344438,0.0,0.818891766101,-0.573811495042,-0.0117213681169,0.0,-0.00825598240623,0.00864356114563,-0.999928561251,0.0,0.661607394291,0.260774343665,0.303465303709,1.0,-0.00246,-0.00323314285714,0.124
0.464996958742,0.546682816072,-0.124022855165,-1.35700440673,0.079502057644,1.89463455383,0.159058174036,-0.00223113571687,-0.0159967953253,9.07478676472e-05,-0.0166632848613,0.000254547102057,0.00580745448931,2.67432783316e-05,0.573876036749,0.818926987004,0.00237303687514,0.0,0.818889018358,-0.573815472054,-0.0117186409046,0.0,-0.00823518456592,0.00866846793051,-0.999928517145,0.0,0.661571785864,0.260731883324,0.303482351982,1.0,-0.0028,-0.00368,0.141
0.464964808357,0.546454925418,-0.124023204572,-1.35734900582,0.0794917485009,1.89476210686,0.158969544468,-0.00363166005753,-0.0167388901062,0.00063707544222,-0.0225437062963,-0.000488832501346,0.00134980944022,-0.00714114286312,0.573846574645,0.818947587227,0.00238852342116,0.0,0.818909725003,-0.573785856685,-0.0117217688476,0.0,-0.00822917179545,0.00868264912789,-0.999928443608,0.0,0.661533218231,0.260679488024,0.303490789468,1.0,-0.0031,-0.00407428571429,0.156
0.464932452772,0.546183083911,-0.124025560534,-1.35776246265,0.0794807320656,1.89490260814,0.158930052597,-0.00221874949013,-0.0150780670374,4.43798558829e-05,-0.0292209331052,-0.00240057939814,0.0147723754766,-0.00130265039,0.573862498306,0.818936410065,0.00239503837809,0.0,0.818898505414,-0.573801620198,-0.0117339418347,0.0,-0.00823523385405,0.00869512993268,-0.999928285248,0.0,0.66148312024,0.260618961765,0.303498750528,1.0,-0.00342,-0.00449485714286,0.172
0.464884800088,0.545871021873,-0.124027929232,-1.35829611236,0.0794559481842,1.89507630935,0.158883829666,-0.00271123548713,-0.0218065438448,-0.00555747308513,-0.028908697611,0.000276841388796,0.011907158421,-0.00181910529522,0.573888507691,0.818918292857,0.00235738511812,0.0,0.818879808434,-0.573827671533,-0.0117647619199,0.0,-0.00828180538452,0.0086822438956,-0.999928012579,0.0,0.661417838577,0.260534589623,0.303480820127,1.0,-0.00378,-0.004968,0.19
0.464820112823,0.545535854933,-0.12402579815,-1.35887401371,0.0793916319946,1.89526603653,0.158774972335,-0.00853871565127,-0.0215253407609,-0.00016493758437,-0.0324399151747,-0.000315737722078,0.0182171443399,-0.00961294457758,0.573865988558,0.818934246118,0.00229665268095,0.0,0.818895176319,-0.573805597395,-0.0117717246274,0.0,-0.00832259650545,0.00863627646755,-0.999928071971,0.0,0.661351764923,0.260431295392,0.303459333323,1.0,-0.00412,-0.00541485714286,0.207
0.464757079828,0.545162577935,-0.124025799028,-1.35953726173,0.0793517729751,1.89547506685,0.158735859264,-0.0028875609259,-0.0186067971903,-0.000450360013287,-0.0427625504157,-0.00102415887118,0.0135672054619,4.7151086309e-05,0.57391190097,0.818902263564,0.00222700624794,0.0,0.818862231364,-0.573851713095,-0.0118154274298,0.0,-0.00839787060185,0.00860479139137,-0.999927714055,0.0,0.661269557129,0.260323503922,0.303425970125,1.0,-0.00446,-0.00586171428571,0.224
0.464695351373,0.544768680823,-0.124026488541,-1.36019121557,0.0793303458112,1.89568398247,0.158628956196,-0.00466936502584,-0.0177077097777,0.00125972658229,-0.0441605513553,-0.00347137266809,0.0146369042223,-0.0020173394619,0.573906035595,0.818906463587,0.00219387883765,0.0,0.81886578831,-0.573845761889,-0.0118578749842,0.0,-0.00845170511743,0.0086019639611,-0.999927284805,0.0,0.66118871639,0.260220536035,0.30341164227,1.0,-0.00478,-0.00628228571429,0.24
0.464624649404,0.544372137491,-0.124028994341,-1.36088536206,0.0793033070861,1.89591659288,0.158570604056,-0.0031962856864,-0.0227689561582,-4.8566233438e-05,-0.0451659109927,-0.00340277141417,0.0122052809222,-1.97966199451e-05,0.573949373912,0.818876218804,0.00214507907975,0.0,0.818834745819,-0.573889125593,-0.0119028344161,0.0,-0.00851607444311,0.00858825499444,-0.999926856501,0.0,0.661106413826,0.260106549504,0.303382133789,1.0,-0.0051,-0.00670285714286,0.256
0.464551499238,0.543848621222,-0.124034703634,-1.36171998292,0.0792595728473,1.89621985787,0.158447279808,-0.00156586880181,-0.0236856600768,-0.000906609098186,-0.0498444492285,-0.00468335332601,0.0205832206306,-0.0022429114819,0.573947169105,0.818877776379,0.00214040425872,0.0,0.818836194087,-0.573886891189,-0.0119109309436,0.0,-0.00852541084039,0.00858905093937,-0.999926770106,0.0,0.661011446718,0.259976186035,0.303381781751,1.0,-0.00546,-0.007176,0.274
0.464471926639,0.543298187447,-0.124035127083,-1.3625973683,0.0792051074105,1.89651812447,0.158326971444,-0.00451006281629,-0.0313853161266,0.000847627689008,-0.0490659904218,-0.000284216637971,0.0109997282409,-0.00496171164471,0.573948322234,0.818877032802,0.00211552715461,0.0,0.818835095455,-0.573888114359,-0.0119275122862,0.0,-0.00855325465667,0.00857820870178,-0.999926625393,0.0,0.660907273656,0.259837846622,0.303379428255,1.0,-0.00582,-0.00764914285714,0.292
0.464391109823,0.54279282115,-0.124034115561,-1.36342207422,0.079158190567,1.896805777,0.158245498639,-0.00768675053803,-0.0335003009228,0.00167480686085,-0.0500880319774,-0.000340919352503,0.0213917950787,-0.00124279954766,0.573980398194,0.818854615949,0.00208981549465,0.0,0.818812280274,-0.573920228661,-0.0119485442025,0.0,-0.00858489847344,0.00856956174035,-0.999926428358,0.0,0.660811370082,0.259705687144,0.303369251504,1.0,-0.00614,-0.00806971428571,0.308
0.464316791303,0.542199959965,-0.124042729498,-1.36433866841,0.0791037922219,1.89714326361,0.15811169234,-0.00596892419483,-0.0353370010074,-7.85360637446e-05,-0.0562669791282,-0.00378279109114,0.0247319708925,-0.00663494327769,0.573969863395,0.818861958255,0.00210621414592,0.0,0.818819860402,-0.573909651755,-0.0119371158184,0.0,-0.00856623833462,0.0085763198293,-0.999926530451,0.0,0.660701088353,0.259559458065,0.303384690066,1.0,-0.0065,-0.00854285714286,0.326
0.464239475386,0.541579013054,-0.12404710669,-1.36529359032,0.0790455503825,1.89748809199,0.157982414119,-0.00980121050601,-0.0393920446849,-0.00609135985164,-0.0582206019317,-0.00176704812929,0.0229405282231,-0.00344222784197,0.573972116923,0.818860373743,0.00210812917991,0.0,0.818818307545,-0.57391190385,-0.0119353570792,0.0,-0.0085636754047,0.0085769020681,-0.99992654741,0.0,0.660596560143,0.259419825663,0.303396347172,1.0,-0.00682,-0.00896342857143,0.342
0.464165987808,0.540952148329,-0.124045665346,-1.36625013558,0.0789890205819,1.89783563617,0.157877516602,-0.00298804224965,-0.0396835423772,0.00112353448155,-0.0610396322337,-0.00651366376065,0.0139604726342,-0.00501489721569,0.573983304761,0.818852489461,0.0021244434699,0.0,0.818810603045,-0.573922990569,-0.0119308062987,0.0,-0.00855046811246,0.00858776580764,-0.999926567191,0.0,0.660483515589,0.259281239342,0.303414279354,1.0,-0.00714,-0.009384,0.358
0.464073931759,0.540294226654,-0.124048533943,-1.36724465546,0.0789333106417,1.8981987274,0.157736266566,-0.00484595656832,-0.0411853660372,0.000645803953712,-0.0641249892739,-0.00266610387656,0.0198428718299,-0.0119477879344,0.573985212472,0.818851087446,0.00214926787691,0.0,0.81880948597,-0.573924758064,-0.0119224438586,0.0,-0.00852935228885,0.00860331303732,-0.999926613884,0.0,0.6603712129,0.259124986119,0.303437490735,1.0,-0.00746,-0.00980457142857,0.374
0.463978401237,0.539556532631,-0.124051368067,-1.36837225353,0.0788673249002,1.89862041665,0.157597302696,-0.00385044709235,-0.0481337937025,0.000891523613965,-0.0682392565621,-0.00606939352079,0.0344880625177,-0.00985171230865,0.573996433978,0.818843149394,0.00217655029503,0.0,0.818801897192,-0.573935861447,-0.0119091141902,0.0,-0.00850266000401,0.00861811851343,-0.999926713718,0.0,0.660243221391,0.258954031421,0.303458703173,1.0,-0.0078,-0.0102514285714,0.391
0.463865502502,0.53876218459,-0.124054564572,-1.36960823082,0.0787980493991,1.89908900281,0.157456518358,-0.0062438025531,-0.0419907421168,-6.78359706757e-05,-0.0667942444822,-0.00552100114741,0.0227036147108,-0.0087091298864,0.574025735253,0.818822544556,0.00220061221599,0.0,0.818781580299,-0.573965036376,-0.0118999026125,0.0,-0.00848099735204,0.00863283730331,-0.999926770721,0.0,0.660105535727,0.258761937425,0.303472313916,1.0,-0.00816,-0.0107245714286,0.409
0.463755307186,0.537981416055,-0.124058801674,-1.37081399118,0.0787286216315,1.89955705843,0.157303177554,-0.0046819151851,-0.0423629403429,-0.00049333213084,-0.0681434772608,-0.00343557464974,0.0367583751266,-0.00736835830725,0.57404151859,0.81881138107,0.00223697698082,0.0,0.818770902341,-0.573980684898,-0.0118798040666,0.0,-0.00844349975862,0.00865123899122,-0.999926929018,0.0,0.65997366461,0.25857438583,0.303490561589,1.0,-0.0085,-0.0111714285714,0.426
0.463663462397,0.537172332273,-0.124071856919,-1.37209342095,0.0786513651304,1.90002456089,0.157149741049,-0.00461456492333,-0.0477637934873,-0.0021181278098,-0.0747027737067,-0.00275517799571,0.0264190838443,-0.00669471531687,0.574050100693,0.818805381317,0.0022307671357,0.0,0.818764862307,-0.573989332112,-0.011878290053,0.0,-0.00844573388447,0.00864537379791,-0.999926960878,0.0,0.659822797399,0.258384166245,0.303493832361,1.0,-0.00884,-0.0116182857143,0.443
0.463555442149,0.536438693117,-0.124070543153,-1.37322764094,0.078591085327,1.90046347385,0.157005290379,-0.00817952047781,-0.051094151337,0.00124893973145,-0.0719394192288,-0.00504783289102,0.0359375342464,-0.00850950380783,0.57406578095,0.818794287715,0.00226725574784,0.0,0.818754181894,-0.574004802694,-0.0118668874287,0.0,-0.00841528597174,0.00866886602673,-0.999927014198,0.0,0.659697602756,0.25820867125,0.303509888394,1.0,-0.00914,-0.0120125714286,0.458
0.463441641914,0.535577394327,-0.124076991809,-1.37459810908,0.0785040914069,1.90095114352,0.156840247738,-0.0102388770722,-0.0534367273538,-0.000636851996542,-0.0784227971094,-0.0117941340782,0.0234416703766,-0.0103489254201,0.574080283717,0.818784181225,0.00224484410684,0.0,0.818743807546,-0.574019416671,-0.0118757648777,0.0,-0.0084352667221,0.00865576133195,-0.999926959368,0.0,0.659535149261,0.257997504515,0.303507917025,1.0,-0.00948,-0.0124594285714,0.475
0.463335394826,0.534721023444,-0.124080393837,-1.37594413566,0.0784354870979,1.90143761594,0.156686366092,-0.00828374237945,-0.0509165359438,-0.000514886901778,-0.0823465595567,-0.00380516044474,0.0337816461871,-0.0148985485724,0.574099123511,0.818770962915,0.00224801545858,0.0,0.818730503011,-0.574038110658,-0.0118894009148,0.0,-0.00844441227,0.00866638032609,-0.999926790197,0.0,0.659374020381,0.25779882495,0.30351376341,1.0,-0.0098,-0.01288,0.491
0.463201381381,0.533822257719,-0.12408287301,-1.37742546864,0.0783471395264,1.90196735074,0.15650682184,-0.0139662506282,-0.054520722124,-0.000536100267191,-0.0852477386666,-0.000879095184251,0.0334307341906,-0.0170635263781,0.574121040032,0.818755720596,0.0022018819902,0.0,0.81871460982,-0.5740601581,-0.0119192890197,0.0,-0.00849513690463,0.00864599402509,-0.99992653702,0.0,0.659198875017,0.257566635487,0.303488658966,1.0,-0.01014,-0.0133268571429,0.508
0.463071005568,0.532851601925,-0.124080739287,-1.37899275985,0.078268377247,1.90256309978,0.156304600165,-0.00772930343456,-0.0544139385783,0.00116474101038,-0.0862278456621,-0.00101423503154,0.0386731626993,-0.0152030268582,0.574125519688,0.818752561814,0.00220840848088,0.0,0.8187113811,-0.574064453024,-0.0119342001644,0.0,-0.0085035518709,0.00865994475964,-0.999926344769,0.0,0.659015876167,0.25733629672,0.303478748457,1.0,-0.0105,-0.0138,0.526
0.462939327223,0.531944535609,-0.124086066943,-1.38045241204,0.0781859793676,1.903111551,0.156118408946,-0.00204988053038,-0.0568535281035,-0.00140284772061,-0.0894331992081,-0.00243527669811,0.0356199530582,-0.0170098582688,0.574142344464,0.818740772164,0.00220526437867,0.0,0.818699513961,-0.574081251255,-0.0119402553836,0.0,-0.00851013682529,0.00866102184594,-0.999926279419,0.0,0.658848674474,0.257108942304,0.303471162594,1.0,-0.01082,-0.0142205714286,0.542
0.462803131706,0.530934451379,-0.124083191903,-1.38206996001,0.0780884318625,1.90368571777,0.155908036813,-0.00901360478126,-0.0619569959998,0.000717401170584,-0.093882059795,-0.00252168416357,0.0356577374448,-0.0197294340762,0.574141415216,0.818741497655,0.00217767135192,0.0,0.8186998012,-0.574080355027,-0.0119636276887,0.0,-0.00854512462855,0.00865183980996,-0.999926060523,0.0,0.658652202289,0.256865327669,0.303462773022,1.0,-0.01116,-0.0146674285714,0.559
0.46265916331,0.52984962763,-0.124089036301,-1.38380205034,0.0779828463109,1.90430346211,0.155681468722,-0.00771246807054,-0.0566303250746,-0.000282442166099,-0.0934804618707,-0.00181304386165,0.0358178784923,-0.0131866060202,0.574143616701,0.818740025444,0.0021505903934,0.0,0.818697949194,-0.574082640926,-0.0119806624686,0.0,-0.00857459636935,0.00863947116144,-0.999925915173,0.0,0.658443596858,0.256600596878,0.303456340935,1.0,-0.01152,-0.0151405714286,0.577
0.462522791281,0.528856652943,-0.124089723862,-1.38537412182,0.0778710522843,1.9048854939,0.155473334398,-0.00718664440134,-0.0565722817988,0.000639502677159,-0.0967936257617,-0.00848420991541,0.0415880550326,-0.0102812812477,0.574140564983,0.818742185393,0.00214298855885,0.0,0.818700139055,-0.574079750978,-0.0119694915848,0.0,-0.00856984635609,0.00862680178487,-0.999926065279,0.0,0.658259586183,0.256358262911,0.303457841568,1.0,-0.01184,-0.0155611428571,0.593
0.462376082788,0.527676557022,-0.124090407214,-1.38719045032,0.0777612305973,1.90558653094,0.155217541857,-0.010460837118,-0.0655259780469,0.000832322416922,-0.102728464416,0.000587042934103,0.0456118920374,-0.0140992554699,0.57412072091,0.818755957242,0.00219708955616,0.0,0.818714637497,-0.574059709404,-0.011938981886,0.0,-0.00851401587159,0.00865337287107,-0.999926312621,0.0,0.658049157068,0.256090983048,0.303484908214,1.0,-0.0122,-0.0160342857143,0.611
0.462250108041,0.526663147812,-0.124096109008,-1.38875519142,0.0776647052072,1.90618717922,0.154997386227,-0.00972479357511,-0.0635160625707,0.000277363265153,-0.0993809813385,-0.0060130473183,0.036647675932,-0.0193720896904,0.574106338369,0.818765937077,0.0022359402378,0.0,0.818725177587,-0.574045226957,-0.011912509952,0.0,-0.0084701896299,0.00866983495876,-0.999926542227,0.0,0.657867840057,0.255857474524,0.303505582308,1.0,-0.0125,-0.0164285714286,0.626
0.462099815482,0.525494707489,-0.12410142659,-1.39057790927,0.0775511102728,1.90683883169,0.154754463113,-0.00796673912436,-0.0678527042392,0.000421900669512,-0.109539542303,-0.00937130821732,0.0374415851348,-0.0186371344918,0.574101786987,0.818769140886,0.00223136986817,0.0,0.818728315677,-0.574040688172,-0.0119155500548,0.0,-0.0084753507636,0.00866779115503,-0.999926516213,0.0,0.657646846343,0.255580364132,0.303516688701,1.0,-0.01284,-0.0168754285714,0.643
0.461938992434,0.524238076238,-0.124108199337,-1.39255814931,0.0774263474933,1.90755352984,0.15447732215,-0.00628439536197,-0.0728467072079,-0.000610441448801,-0.112874552472,-0.00382297232044,0.0425113289349,-0.0149271553197,0.574099068626,0.818771105832,0.00220965120094,0.0,0.818730060878,-0.574038122077,-0.0119192582523,0.0,-0.0084908837099,0.00865210950353,-0.999926520248,0.0,0.657396591075,0.255255133295,0.303514255743,1.0,-0.01322,-0.0173748571429,0.662
0.461779893019,0.523052001715,-0.124111629872,-1.39446674505,0.0773031098707,1.90825591684,0.154223101607,-0.00697306561104,-0.0710308347851,-4.18075316344e-05,-0.112181446894,-0.00786538028435,0.0387200504261,-0.0219033645354,0.574077890382,0.818785990208,0.00219656878037,0.0,0.818744766926,-0.574016991336,-0.0119267426235,0.0,-0.00850474570905,0.00864547489071,-0.999926459828,0.0,0.657177301676,0.254990641888,0.303506391307,1.0,-0.01354,-0.0177954285714,0.678
0.461615195993,0.521803442827,-0.124110374222,-1.3964236661,0.0771935041361,1.90901845282,0.153959660911,-0.0083258172475,-0.0732671730249,0.00194952984755,-0.110377102039,-0.0057588655945,0.0567380502585,-0.0177099655243,0.574071682549,0.818790208825,0.00224591369572,0.0,0.818749566913,-0.574010522917,-0.0119085331523,0.0,-0.00846157516322,0.00867535955669,-0.999926567245,0.0,0.656949084062,0.254701239409,0.303518399903,1.0,-0.01388,-0.0182422857143,0.695
0.4614509113,0.520559162444,-0.124117792509,-1.3984442903,0.0770666046915,1.90978622,0.153690301549,-0.0121395499832,-0.0757758202111,-0.000370958608075,-0.115195203888,-0.00585786593303,0.0432897482829,-0.0142539611469,0.574064778747,0.818795087429,0.00223192850497,0.0,0.818754323385,-0.574003737475,-0.0119085769204,0.0,-0.00846971204528,0.00866386249415,-0.999926598038,0.0,0.656708898112,0.2543970712,0.303497479515,1.0,-0.01422,-0.0186891428571,0.712
0.461284041577,0.519235446943,-0.124123145981,-1.40050379036,0.0769347743191,1.91051981855,0.153414637009,-0.00755364145035,-0.0827571077745,0.000281026023594,-0.120117902025,-0.00319969467168,0.04440041934,-0.0147712817824,0.574053344756,0.818803119497,0.00222615759757,0.0,0.818762290677,-0.573992338697,-0.0119102218447,0.0,-0.00847449255482,0.00865996331185,-0.999926591311,0.0,0.656454531021,0.254085816761,0.303510373045,1.0,-0.01456,-0.019136,0.729
0.461137670944,0.518137861624,-0.124121679558,-1.40223421924,0.0768129483077,1.9111450936,0.153178908518,-0.00963956685536,-0.0852804691054,-0.000151194855166,-0.128125204101,-0.00704556909029,0.0410564714082,-0.0218536392992,0.574037954553,0.818813950174,0.00221102567219,0.0,0.818773011384,-0.573977100119,-0.0119076138943,0.0,-0.00848120555579,0.00864591693203,-0.999926655947,0.0,0.656242442257,0.253822401641,0.303511214275,1.0,-0.01484,-0.019504,0.743
0.460947137496,0.516697862095,-0.124130158108,-1.40448693672,0.0766693206332,1.91195678984,0.152870470455,-0.011574209199,-0.0763514535855,0.00104854799935,-0.122216926562,-0.00506312148745,0.0439960689934,-0.0135031802336,0.574027799955,0.818821084919,0.00220514693356,0.0,0.81878009741,-0.5739669988,-0.0119072782716,0.0,-0.00848441229666,0.00864080553306,-0.999926672925,0.0,0.655966932989,0.253475880185,0.30351985939,1.0,-0.0152,-0.0199771428571,0.761
0.460755661915,0.515339725262,-0.12413613395,-1.40666167163,0.0765376617618,1.91279120168,0.152565194229,-0.0129471338694,-0.0850137104702,0.00101882167633,-0.130277737681,-0.00513789286207,0.0471427460694,-0.00617170451047,0.574018459023,0.818827601552,0.00221687585692,0.0,0.818786787999,-0.573957633606,-0.0118986353943,0.0,-0.00847070134808,0.00864535146561,-0.999926749876,0.0,0.655710470007,0.253141852902,0.303509710701,1.0,-0.01554,-0.020424,0.778
0.460552513749,0.51386811586,-0.124140086468,-1.40903713767,0.0763965331246,1.91363878813,0.152240875129,-0.010982579583,-0.0839560708691,-5.96080841494e-05,-0.132713196691,-0.00367504405523,0.0452327008067,-0.0202182531081,0.574008939372,0.818834400999,0.00216982985349,0.0,0.818792862991,-0.573948191764,-0.0119359786802,0.0,-0.00852838422993,0.00862816577947,-0.999926408001,0.0,0.655414062283,0.252778514982,0.303484214045,1.0,-0.0159,-0.0208971428571,0.796
0.460373295297,0.512552660153,-0.124138687027,-1.41118780793,0.0762654747243,1.91438035066,0.15194122457,-0.0109158779851,-0.0810106400435,0.000467641917579,-0.137659472385,-0.00996237431949,0.0491357788292,-0.020576614987,0.573986569316,0.818850286956,0.00209109985218,0.0,0.8188075807,-0.573926007234,-0.0119929525157,0.0,-0.00862046199062,0.00859616758428,-0.999925894023,0.0,0.655137108487,0.252453151147,0.303446496811,1.0,-0.01622,-0.0213177142857,0.812
0.460176905131,0.511107529754,-0.124149322797,-1.41348511248,0.076129021164,1.91524988554,0.1516193871,-0.00934838385717,-0.0899483558476,-0.000251611793165,-0.140766161552,-0.00406514775493,0.0558422632051,-0.0176390921719,0.57397503057,0.818858342811,0.00210370899754,0.0,0.818815799816,-0.573914416054,-0.0119864890097,0.0,-0.00860805333743,0.00860266118906,-0.999925945077,0.0,0.654860738841,0.252101591655,0.30344083736,1.0,-0.01656,-0.0217645714286,0.829
0.459975193017,0.509641875643,-0.124149743894,-1.41582810546,0.0759737963578,1.91614283408,0.1512925106,-0.00881123010075,-0.0854809971657,-0.000371124487307,-0.142259961739,-0.00686924281002,0.0575757252309,-0.0154231766309,0.573953240377,0.818873605362,0.00210789077009,0.0,0.818831215691,-0.57389270998,-0.0119726581248,0.0,-0.00859455604988,0.00859791822505,-0.999926101974,0.0,0.654577799164,0.251746014208,0.30342901264,1.0,-0.0169,-0.0222114285714,0.846
0.45976812468,0.508144050491,-0.124157522421,-1.41819522577,0.0758261610814,1.91698234222,0.150956741107,-0.0159261495311,-0.0900609453063,-0.00210952467795,-0.146350052576,-0.0137679179106,0.0486048338223,-0.0256190875796,0.573936350194,0.818885514446,0.0020801581023,0.0,0.81884272215,-0.573875896718,-0.0119915991066,0.0,-0.00862616028746,0.00858590225243,-0.999925933078,0.0,0.654280889556,0.251377936354,0.30342330294,1.0,-0.01724,-0.0226582857143,0.863
0.459571126222,0.50679903264,-0.124153023379,-1.42031639537,0.0756931564948,1.91774935752,0.15066361417,-0.0131504440137,-0.0900380563438,-0.000774711205402,-0.1405504347,-0.0032536182603,0.0533101712743,-0.0242428585726,0.573928283934,0.818891188749,0.0020719052132,0.0,0.818848226441,-0.573867804114,-0.0120030145333,0.0,-0.00864032949782,0.00858561074192,-0.999925813245,0.0,0.654017345274,0.251048298229,0.303420637957,1.0,-0.01754,-0.0230525714286,0.878
0.459363022999,0.50528297336,-0.124158279946,-1.42262879352,0.0755478351852,1.91863084445,0.150350659838,-0.0165327950421,-0.0896328957497,0.000432261956852,-0.144390870744,0.000463318420091,0.0503272783824,-0.0178277633415,0.573926463819,0.818892287905,0.00214052305915,0.0,0.818850283223,-0.573865761226,-0.0119602951079,0.0,-0.00856598545191,0.00861726369976,-0.999926180605,0.0,0.653740179547,0.250691045535,0.303456227913,1.0,-0.01786,-0.0234731428571,0.894
0.45911993204,0.50354493571,-0.124159928387,-1.4252508047,0.0753768640871,1.91962682188,0.14997972955,-0.0169294165287,-0.0958683369782,0.000873101055362,-0.1444257874,-0.00377816633008,0.0549579829189,-0.0199382461305,0.573919384539,0.818896986044,0.00223901728889,0.0,0.81885635334,-0.573858373147,-0.0118990363178,0.0,-0.00845936902766,0.00866268791593,-0.99992669577,0.0,0.653409286905,0.25026044696,0.303512670507,1.0,-0.01824,-0.0239725714286,0.913
0.458899666953,0.501930569483,-0.124162525903,-1.42760946146,0.0752252438003,1.92049816416,0.149654768279,-0.0157901616625,-0.0940981352263,0.000452947271997,-0.14713057621,-0.0149975452484,0.0522635014564,-0.0193432140146,0.573907518133,0.818905031016,0.0023361738251,0.0,0.818865727089,-0.573846192254,-0.0118412641026,0.0,-0.00835642718033,0.00870897084523,-0.999927159323,0.0,0.653138748973,0.249913634182,0.303588683544,1.0,-0.01854,-0.0243668571429,0.928
0.458662530104,0.500236481985,-0.124169223962,-1.43018170403,0.0750566509296,1.92141485978,0.149289102677,-0.0177544982865,-0.0964411726604,-0.00189984340343,-0.154045960823,-0.0143669030805,0.0573537460014,-0.0254884784844,0.573892511433,0.818915467395,0.00236420875346,0.0,0.818876560774,-0.573831113446,-0.0118227897605,0.0,-0.0083253691504,0.00872117355042,-0.999927312038,0.0,0.652816492095,0.2495071236,0.303626147685,1.0,-0.01888,-0.0248137142857,0.945
0.458394576832,0.498455399216,-0.124166392652,-1.43294940168,0.0748795857091,1.92244233573,0.148890414337,-0.0161167389098,-0.0955227555737,0.000638000158217,-0.153349347439,-0.0164689681191,0.0638432795418,-0.0170573035859,0.573876398207,0.818926667696,0.0023957083993,0.0,0.818888172539,-0.573814883884,-0.0118062191207,0.0,-0.00829389422877,0.00873729599847,-0.999927432856,0.0,0.652476288117,0.249070244658,0.303639968322,1.0,-0.01924,-0.0252868571429,0.963
0.458135240994,0.496781771456,-0.124166577167,-1.43561409154,0.0747166631035,1.92340861454,0.148486717647,-0.0208660868531,-0.094318847326,0.000882325350144,-0.155709425789,-0.0127634488786,0.0518112505799,-0.0258302625821,0.573849396707,0.8189456482,0.00237530933098,0.0,0.818906789107,-0.573787860015,-0.0118283284779,0.0,-0.00832399473726,0.00873300423586,-0.999927220226,0.0,0.652142385427,0.248646320347,0.303622091304,1.0,-0.01958,-0.0257337142857,0.98
0.457865443078,0.495102275154,-0.124166419975,-1.43833736691,0.0745535010258,1.92434234705,0.148112458994,-0.018563058271,-0.09718993073,0.000889551825968,-0.158845738229,-0.00564659579007,0.0578405811052,-0.0222145385654,0.573856953914,0.818940607694,0.00228569786184,0.0,0.818900360867,-0.573795536139,-0.0119007806216,0.0,-0.00843467167775,0.00870127204704,-0.999926569393,0.0,0.651789190248,0.248206900289,0.303577009259,1.0,-0.01992,-0.0261805714286,0.997
0.457615922515,0.493535642159,-0.124189341102,-1.44084865398,0.0743985414856,1.92523995604,0.147759275196,-0.0162835050568,-0.117351885239,-0.00464441744441,-0.177474113257,-0.0126410681934,0.0643418433456,-0.0243836300166,0.573872971104,0.81892950843,0.00224057151168,0.0,0.818888670258,-0.573811728271,-0.0119244758076,0.0,-0.00847980216242,0.00867808006631,-0.999926389232,0.0,0.651475717366,0.247789756406,0.303551162323,1.0,-0.024908,-0.0327362285714,1.012
0.457331849899,0.491306753762,-0.124265368561,-1.4442671503,0.0741995047641,1.92653328773,0.147255388972,-0.0217215347874,-0.146643072983,-0.000785028282404,-0.231906946029,-0.0125169882945,0.0891431108043,-0.0366342800358,0.573865251353,0.818934678394,0.0023265241217,0.0,0.818895173837,-0.573803890141,-0.0118548229567,0.0,-0.00837351825011,0.0087084179949,-0.999927021161,0.0,0.651030425533,0.247201587079,0.303593699434,1.0,-0.032524,-0.0427458285714,1.029
0.456811666569,0.487801009871,-0.124281198911,-1.44988623949,0.0738943158743,1.92858796077,0.146424482197,-0.0299136629462,-0.207736025328,-0.00134518999196,-0.309810534404,-0.0151433186691,0.119849959,-0.0448071485727,0.573821005318,0.818965794222,0.00228662425296,0.0,0.81892529427,-0.573759314945,-0.0119313796251,0.0,-0.00845958269909,0.00871921856252,-0.999926202621,0.0,0.650340694831,0.246362419055,0.303531036968,1.0,-0.041036,-0.0539330285714,1.048
0.456274479393,0.484305047705,-0.124356875128,-1.45534638159,0.0735620672614,1.93064362751,0.1456024136,-0.0362394930059,-0.239105773125,-0.00568465433864,-0.357462694459,-0.0255823424371,0.135334362626,-0.061920393927,0.573822898182,0.818964290461,0.00234933435752,0.0,0.818924828145,-0.57376118805,-0.0118731561683,0.0,-0.00837589530677,0.00873718533595,-0.999926750302,0.0,0.649674078888,0.245453757233,0.303540293485,1.0,-0.048204,-0.0633538285714,1.064
0.455556515086,0.479713788621,-0.124470186211,-1.46260738416,0.0731340064502,1.93315414459,0.14450066353,-0.0414572953143,-0.264936707433,-0.00516153390912,-0.414644425888,-0.0244511906631,0.145898829709,-0.0641129286886,0.573830170433,0.818959585456,0.00220902500674,0.0,0.818918134196,-0.573768855129,-0.0119639988917,0.0,-0.00853072606656,0.00867448117063,-0.999925987306,0.0,0.648736154731,0.244223355645,0.303489379749,1.0,-0.056268,-0.0739522285714,1.082
0.454804568723,0.474974509178,-0.12455723541,-1.46992043539,0.0726851746028,1.93579605317,0.143461488221,-0.0477278449121,-0.305449919241,-0.00657767128023,-0.481866180104,-0.0271827236465,0.175094605382,-0.0629129444411,0.573890941914,0.818916872826,0.00225590156032,0.0,0.818876103248,-0.573829500668,-0.0119322501619,0.0,-0.00847718133446,0.00869528157471,-0.999926262019,0.0,0.647809775239,0.242988588091,0.303521430089,1.0,-0.063436,-0.0833730285714,1.098
0.453935942663,0.469721609699,-0.124613765013,-1.47799392838,0.0722089234763,1.93872553134,0.142225500386,-0.0577106159083,-0.345823621345,-0.00185177143575,-0.510823684483,-0.0299480816088,0.193343565841,-0.0910048808228,0.573889571627,0.818917546306,0.00235771756871,0.0,0.818877839115,-0.573827450667,-0.0119116903939,0.0,-0.0084019309711,0.00876684635438,-0.999926272263,0.0,0.646778744971,0.241629348836,0.303564949968,1.0,-0.070604,-0.0927938285714,1.114
0.45283493821,0.463122216605,-0.124668095403,-1.48801715354,0.0715671770502,1.94240744216,0.140611520381,-0.0651101629946,-0.379644563848,-0.00187082020502,-0.581724796897,-0.0350500919002,0.205279622864,-0.0942303774306,0.573808262759,0.818973894756,0.00256596934949,0.0,0.81893700578,-0.57374546889,-0.0117925567011,0.0,-0.0081857404039,0.00886820447053,-0.99992717165,0.0,0.645498231266,0.239934900783,0.303666705595,1.0,-0.078668,-0.103392228571,1.132
0.451877239328,0.457563415472,-0.124717738476,-1.49664714616,0.0710026049556,1.94533756477,0.139322952814,-0.0696326416185,-0.412970660497,-0.0103013118784,-0.634438134827,-0.0451457119792,0.210009742703,-0.101607803583,0.57382026322,0.818965876007,0.00243851505141,0.0,0.818927081043,-0.573757686943,-0.0118869469922,0.0,-0.00833604769582,0.00881810684098,-0.99992637294,0.0,0.644333522205,0.238451348334,0.303640956375,1.0,-0.08494,-0.111635428571,1.146
0.450608696326,0.450175757538,-0.12482877633,-1.50777375191,0.0702339743084,1.94934695395,0.137546729922,-0.0724883506774,-0.459181645542,-0.00379103009345,-0.661038551457,-0.0460343284659,0.254628741914,-0.113475598071,0.573786674553,0.818988698863,0.00266648496459,0.0,0.818953591173,-0.573724040867,-0.0116827795154,0.0,-0.0080383926296,0.00888732175373,-0.9999281973,0.0,0.642802019142,0.236385948559,0.303790999254,1.0,-0.093004,-0.122233828571,1.164
0.449026371129,0.44134268278,-0.124874938309,-1.52117382241,0.069374454179,1.95414986793,0.135483806177,-0.0876520426936,-0.473262967772,0.00033437382912,-0.746785112829,-0.0461301926159,0.256081382876,-0.113079558378,0.573791962465,0.818984463675,0.00282470726293,0.0,0.818951052267,-0.573728381116,-0.0116475574061,0.0,-0.00791870628988,0.00899674502251,-0.999928173755,0.0,0.641094717573,0.234187716449,0.303857431411,1.0,-0.101068,-0.132832228571,1.182
0.447476384775,0.432846354076,-0.124930836434,-1.53404954852,0.0684902005592,1.95862911753,0.133360934221,-0.0963544043839,-0.520247370433,-0.000864895422406,-0.783422445544,-0.053827205972,0.280831432428,-0.130916209276,0.573685018648,0.819059158773,0.00288802858117,0.0,0.819026561091,-0.573621229274,-0.0116156986199,0.0,-0.00785746111575,0.00902929823851,-0.999928363473,0.0,0.639329561596,0.231924853433,0.303919295403,1.0,-0.108684,-0.142841828571,1.199
0.445965712925,0.424963601698,-0.124965154755,-1.54603029617,0.0676424497722,1.96282905807,0.131414495981,-0.099904349285,-0.532995447421,-0.00229838479047,-0.792651694715,-0.0567663469206,0.275671699582,-0.134742961335,0.57363296382,0.819095416635,0.00294417530681,0.0,0.819063672716,-0.57356914196,-0.0115709260446,0.0,-0.00778915435021,0.00904910586435,-0.999928718838,0.0,0.63767952698,0.229789444608,0.303947947702,1.0,-0.115404,-0.151673828571,1.214
0.444090695158,0.415491059393,-0.125086327837,-1.56035555638,0.0666026597084,1.96775224896,0.12908797521,-0.1114409069,-0.570746460266,-0.0109239102415,-0.8579342468,-0.0644629466657,0.30998840416,-0.139192415373,0.573649415767,0.819083995656,0.0029159477427,0.0,0.81905220073,-0.573586048047,-0.0115449065137,0.0,-0.00778385107794,0.00901121578638,-0.999929102313,0.0,0.635800489751,0.227304501726,0.303968498838,1.0,-0.122572,-0.161094628571,1.23
0.442059344503,0.40555874295,-0.125157809456,-1.57548945393,0.0655902011162,1.97293942351,0.12654791144,-0.123604551805,-0.589873849466,-0.00525139674637,-0.924771423394,-0.0645123088491,0.307343013735,-0.154123161249,0.573643314736,0.819088212748,0.00293156919029,0.0,0.819056160918,-0.573579365089,-0.0115958660008,0.0,-0.00781670005865,0.00905318511824,-0.999928466961,0.0,0.633400145178,0.224202463227,0.303953097172,1.0,-0.131084,-0.172281828571,1.249
0.43993372107,0.395656736567,-0.12528571054,-1.59020671035,0.0645747043343,1.9779816583,0.124040599081,-0.136547526542,-0.625285945449,-0.010491938167,-0.923342789299,-0.0696687219846,0.324337489221,-0.156146762639,0.573723728364,0.819031214171,0.00311458293163,0.0,0.819001520022,-0.573659168799,-0.0115071784344,0.0,-0.00763817632764,0.00915296569252,-0.999928938216,0.0,0.631453395948,0.221550979688,0.304059812863,1.0,-0.137804,-0.181113828571,1.264
0.437537988549,0.384860297668,-0.125403625519,-1.60666963447,0.0633061736284,1.98343779143,0.121167552431,-0.140011336488,-0.643704487859,-0.00338414444408,-0.974620401596,-0.0700921977744,0.308642007753,-0.178042505265,0.573694526628,0.819052594185,0.00286094000007,0.0,0.819019946731,-0.573631171748,-0.0115910550446,0.0,-0.00785271052812,0.00899306490778,-0.999928727321,0.0,0.629038581527,0.218380105055,0.30394762448,1.0,-0.14542,-0.191123428571,1.281
0.43477884955,0.372728718132,-0.125522666399,-1.62459921507,0.0620024944658,1.98943169612,0.117934298203,-0.165959241561,-0.66924888433,-0.00326119742032,-1.00412768091,-0.0708183351192,0.335141586988,-0.181282841436,0.573701821597,0.81904695509,0.00300868004741,0.0,0.819016089252,-0.573637833455,-0.0115337971704,0.0,-0.00772097740184,0.00908129265586,-0.999928955792,0.0,0.626251234951,0.214672299318,0.304047177359,1.0,-0.153932,-0.202310628571,1.3
0.431951236377,0.360847541074,-0.125686058433,-1.64212884447,0.0606181154368,1.99528917678,0.114838681985,-0.167393861883,-0.720349520531,-0.00760958116653,-1.04533682142,-0.0824626963041,0.357116065319,-0.190767063609,0.573827324249,0.818958725611,0.00309105024945,0.0,0.818929710007,-0.573764000915,-0.0113907077919,0.0,-0.00755513163863,0.00906782684171,-0.999930344825,0.0,0.623803170899,0.211339535603,0.304114202901,1.0,-0.1611,-0.211731428571,1.316
0.428909673639,0.348660074824,-0.125818009246,-1.66040280281,0.0592658023899,2.00110722768,0.111402908702,-0.183367494483,-0.738904804119,-0.0070384446078,-1.08011452282,-0.0823909530862,0.342623880817,-0.213101869443,0.573846715297,0.818945996093,0.00285477272731,0.0,0.81891317019,-0.573783248598,-0.0116081962146,0.0,-0.00786861653761,0.00899930951718,-0.999928546098,0.0,0.620980106708,0.207633932744,0.303995393706,1.0,-0.168716,-0.221741028571,1.333
0.425674635674,0.335897483844,-0.125948916406,-1.6789551508,0.0578232593585,2.00720114814,0.107877007474,-0.199310775193,-0.733786526852,-0.00562574081325,-1.11362854861,-0.0922603486778,0.35897959241,-0.207747763184,0.573902142995,0.81890638748,0.00306687334566,0.0,0.818876483969,-0.573838194752,-0.0114794228126,0.0,-0.0076408307113,0.00909963101068,-0.999929404719,0.0,0.618130916898,0.203811111974,0.304104380912,1.0,-0.176332,-0.231750628571,1.35
0.422508812092,0.323528514444,-0.125994753688,-1.69699094611,0.0563126407497,2.01297951944,0.104346876853,-0.20396765569,-0.769737086004,-0.000769184688193,-1.14265224489,-0.0991874982366,0.365001281219,-0.218419204596,0.573759982438,0.819005921621,0.00308703813536,0.0,0.818976622657,-0.573696402071,-0.0114226395087,0.0,-0.00758433274876,0.00908224037129,-0.999929992953,0.0,0.615261420437,0.200129204015,0.304130647957,1.0,-0.1835,-0.241171428571,1.366
0.418663129664,0.309164859913,-0.126073077971,-1.71776830982,0.0546591248721,2.01949222128,0.100172117639,-0.216423364129,-0.849221064488,-0.00844882147554,-1.14413051641,-0.0966687082724,0.373543406852,-0.240391204216,0.57367797802,0.819063043557,0.00317098028913,0.0,0.819034396754,-0.573613636392,-0.0114367818674,0.0,-0.00754867316557,0.00915834815154,-0.999929568616,0.0,0.611711425288,0.195539027405,0.304180608396,1.0,-0.192012,-0.252358628571,1.385
0.415011144455,0.296139881883,-0.126180827495,-1.73680004331,0.0530066365954,2.02525742724,0.0962844666503,-0.234665684404,-0.851698393772,-0.00561527599523,-1.20024872278,-0.0996859321106,0.348524253572,-0.233210985041,0.573616693714,0.819107078766,0.00286864220158,0.0,0.819074495867,-0.573553282941,-0.0115908907692,0.0,-0.00784901264381,0.00899853335499,-0.999928707158,0.0,0.608733112998,0.191708741978,0.304063927973,1.0,-0.198732,-0.261190628571,1.4
0.411108701709,0.282595469954,-0.126332806454,-1.75594784681,0.0514616988091,2.03119050961,0.0922607278051,-0.244563927125,-0.827679102926,-0.0041308231585,-1.21496479657,-0.102417347771,0.369768501781,-0.250856941897,0.573687689666,0.819056385704,0.0031334747547,0.0,0.819026930693,-0.573623070054,-0.0114981390984,0.0,-0.00762033755867,0.00916291748014,-0.999928983178,0.0,0.605567635426,0.18750288927,0.304199001584,1.0,-0.2059,-0.270611428571,1.416
