position_joint1,position_joint2,position_joint3,position_joint4,position_joint5,position_joint6,position_joint7,velocity_joint1,velocity_joint2,velocity_joint3,velocity_joint4,velocity_joint5,velocity_joint6,velocity_joint7,ee_T_00,ee_T_10,ee_T_20,ee_T_30,ee_T_01,ee_T_11,ee_T_21,ee_T_31,ee_T_02,ee_T_12,ee_T_22,ee_T_32,ee_T_03,ee_T_13,ee_T_23,ee_T_33,v_x,v_y,time
0.465055319302,0.547651522719,-0.123965202556,-1.35576100975,0.0794530820323,1.89408672043,0.159169534626,0.00231774002966,8.01713705036e-05,-0.000834105929961,0.000330224148233,0.000261300458779,-0.000877316958852,0.00137219271427,0.573796280338,0.818983652817,0.00208614247894,0.0,0.818942646649,-0.573737525635,-0.0117872846296,0.0,-0.00845685801951,0.00847209423283,-0.999928350019,0.0,0.661696346029,0.260893558949,0.303338440439,1.0,0.0,0.0,0.0
0.465054602204,0.547651789412,-0.123966563228,-1.35576324379,0.0794517596099,1.89408689099,0.159159703305,-0.000218174606495,0.000664684025893,-0.00101922294767,5.1589078986e-05,-0.000330659200529,-0.000173010686377,-0.00177381872611,0.573789540595,0.81898838212,0.00208325637104,0.0,0.818947354188,-0.57373081381,-0.0117869103235,0.0,-0.00845827709095,0.0084694462158,-0.999928360449,0.0,0.661696434489,0.260891825136,0.303337245539,1.0,-0.00016,-0.000210285714286,0.009
0.465050439142,0.547650727687,-0.123963588422,-1.35576721007,0.0794523517447,1.89408603801,0.159163676886,0.000269255863672,-0.00112696938512,-0.000592691730432,0.000942888860837,-0.00032761645806,0.00184550468499,0.000765821988887,0.573794491532,0.818984918535,0.00208124963623,0.0,0.818943839615,-0.573735747093,-0.0117909696833,0.0,-0.00846270196384,0.00847018309967,-0.999928316768,0.0,0.661695752504,0.260890372551,0.30333593829,1.0,-0.00048,-0.000630857142857,0.025
0.465048144376,0.547640566019,-0.123966186145,-1.35578233376,0.0794502004191,1.89409161407,0.159166837177,-8.99847650015e-05,0.00347880908125,-0.00202549458769,-0.00191342866399,0.000361356386085,5.96369886523e-05,0.000549550060222,0.573801050415,0.81898032541,0.00208039319579,0.0,0.81893926002,-0.573742333225,-0.0117885692402,0.0,-0.00846115952984,0.00846817211579,-0.999928346853,0.0,0.661694982349,0.260885719207,0.303336504852,1.0,-0.0008,-0.00105142857143,0.041
0.465053079735,0.547537125662,-0.123961895135,-1.35586061907,0.0794494091934,1.89410184932,0.159163244923,-0.00040301621769,-0.012773186799,0.000134360963765,-0.00710234481345,-3.41713897996e-05,0.000290763134387,0.000767675062857,0.573795015549,0.8189844625,0.00211594337872,0.0,0.81894377924,-0.573736079774,-0.0117789690255,0.0,-0.00843296191766,0.0084917158742,-0.999928385393,0.0,0.661679584068,0.260884106494,0.303373266,1.0,-0.00114,-0.00149828571429,0.058
0.465049978854,0.547407057337,-0.123963680491,-1.35603427984,0.0794458021263,1.89414520371,0.159161225476,-0.000614344882302,-0.00286509740298,-0.00152607944105,-0.0143029605194,-0.000206366582338,0.00587102046193,-0.000820411031268,0.573803530331,0.818978462509,0.00212918447413,0.0,0.818937816547,-0.573744406008,-0.0117879643539,0.0,-0.0084326435958,0.00850780904765,-0.99992825128,0.0,0.661650192792,0.260868605131,0.303391156602,1.0,-0.0015,-0.00197142857143,0.076
0.465031370614,0.54723642792,-0.12396188347,-1.35625458754,0.0794414721359,1.89423033509,0.159159587028,8.47605015629e-05,-0.0103726781792,-0.00389269576491,-0.0122572923966,0.000177660307747,0.0118521884703,0.00105812896699,0.573829540226,0.818960168298,0.00215601633485,0.0,0.818919844973,-0.573770281987,-0.0117770080885,0.0,-0.00840800430592,0.00852376380821,-0.999928322888,0.0,0.661628932979,0.260834379494,0.303409893934,1.0,-0.00184,-0.00241828571429,0.093
0.465012038043,0.547051930963,-0.123959415799,-1.35645702972,0.0794385911315,1.89435239163,0.159142476952,-0.00134579205642,-0.0142578445226,-1.53527583751e-05,-0.00948324827602,0.00022026087542,0.00482018865037,-0.00240154110511,0.57383792299,0.818954022804,0.00225689432427,0.0,0.818914966479,-0.573778234095,-0.0117287107801,0.0,-0.00831047803818,0.00857874874079,-0.999928667968,0.0,0.66161543502,0.260808530952,0.303458500537,1.0,-0.0022,-0.00289142857143,0.111
0.464990956488,0.54684545097,-0.12396211973,-1.35669320424,0.0794334771488,1.89447137737,0.159126898061,-0.00144020363129,-0.0154487146509,-0.00137593052498,-0.0130959941415,-0.00125701069928,-0.000143247282902,-0.00229855620974,0.573858777731,0.818939204185,0.00233022982172,0.0,0.818901090386,-0.573798803679,-0.0116911916462,0.0,-0.00823745069514,0.00861748660345,-0.999928939141,0.0,0.661597793466,0.260775677289,0.30349898369,1.0,-0.00252,-0.003312,0.127
0.464960073899,0.54664706766,-0.123966832904,-1.3569925273,0.0794230449184,1.89459738248,0.159108535062,-0.00441888338912,-0.0119372818389,-0.00206162386785,-0.0160321774024,2.01509905032e-05,0.0123526052909,8.99125748802e-05,0.573886397824,0.81891978176,0.00235379178591,0.0,0.818881950738,-0.573826309942,-0.0116817667358,0.0,-0.00821592039292,0.00863165082756,-0.999928994107,0.0,0.661569221655,0.260726463211,0.303508094028,1.0,-0.00282,-0.00370628571429,0.142
0.464922505505,0.546396002173,-0.123961499544,-1.35736642215,0.079413187873,1.89472464501,0.159014897715,-0.00435205988369,-0.0133516087917,0.000127625122717,-0.0195760909705,1.37755065719e-05,0.0105216260543,-0.00727496384812,0.573846784856,0.818947508069,0.00236504524369,0.0,0.818909677975,-0.573786508149,-0.0116931299031,0.0,-0.00821918678853,0.00864698992008,-0.999928834735,0.0,0.661521274894,0.260668461697,0.303517193848,1.0,-0.00316,-0.00415314285714,0.159
0.464873871733,0.546035274447,-0.123961589369,-1.35796504336,0.0793810260213,1.8949345502,0.158939014952,-0.00573058345487,-0.0198648249816,0.00206122186163,-0.0316109210076,-0.00281652849196,0.00404591178995,-0.000471373801966,0.573857623543,0.818939971165,0.00234487327501,0.0,0.818901812582,-0.573797349744,-0.011711945896,0.0,-0.00824605732587,0.00864137678743,-0.999928662028,0.0,0.661453054245,0.260581155122,0.30350745816,1.0,-0.00358,-0.00470514285714,0.18
0.464822898901,0.545781542448,-0.123957278619,-1.35838521669,0.0793113023072,1.89508077508,0.158896975938,8.40707140536e-06,-0.0238021138177,-0.00222599124744,-0.0293230950927,-0.0054384368777,0.0132213373542,-0.00275080228492,0.573866869689,0.818933608526,0.00230382332706,0.0,0.818895269042,-0.573807114026,-0.011691070763,0.0,-0.00825241943763,0.00859587370254,-0.999929001744,0.0,0.661408640631,0.260502026681,0.303499543477,1.0,-0.00386,-0.00507314285714,0.194
0.464754765744,0.545404462938,-0.123967556904,-1.35905541757,0.0792539221701,1.89530632777,0.15880278832,-0.00400614054302,-0.0240812054645,0.000337705624028,-0.036850998636,-0.000584114375585,0.013292672817,-0.0121313131843,0.573874869757,0.818928196944,0.00223360993456,0.0,0.818889108523,-0.57381554224,-0.0117088995345,0.0,-0.00830722782811,0.00854868663217,-0.999928952437,0.0,0.661332955715,0.260382429161,0.303467324349,1.0,-0.00424,-0.00557257142857,0.213
0.464710601648,0.545106387247,-0.123967559985,-1.35958307229,0.0792477138178,1.89547547547,0.158713167836,-0.00425397337864,-0.0245459463336,-0.00174820891356,-0.043484514048,0.000191984612437,0.0124723913884,-0.00900257254161,0.573865355304,0.818934965291,0.00219624842815,0.0,0.818895122877,-0.573805895021,-0.0117609297715,0.0,-0.00837137749413,0.00854785184108,-0.999928424572,0.0,0.661265152997,0.260304976907,0.303441857592,1.0,-0.0045,-0.00591428571429,0.226
0.464642904347,0.544693496461,-0.123970735938,-1.36028246236,0.0792246895195,1.89570989901,0.158673719976,-0.00215106738833,-0.0213312703588,-0.000591129758148,-0.0447435330022,-0.000273145650516,0.012536649626,-0.0043768082887,0.573923512142,0.818894303348,0.00216079977585,0.0,0.818853810397,-0.573863988727,-0.0118028192447,0.0,-0.0084254184801,0.0085434590921,-0.999928008224,0.0,0.661181657193,0.260192961798,0.303421637385,1.0,-0.00484,-0.00636114285714,0.243
0.46456878525,0.544190009325,-0.123976455602,-1.36111925521,0.0791863282583,1.8960026441,0.158528807681,-0.00492579479719,-0.0262289736837,0.000596296502925,-0.0485246962471,-0.00506038606022,0.0109441088932,-0.00949226583638,0.573905939774,0.818906695773,0.00213138737604,0.0,0.818865704976,-0.573846417529,-0.0118318724076,0.0,-0.00846627353001,0.0085358662215,-0.999927727989,0.0,0.661083597875,0.26006159058,0.303405213307,1.0,-0.00522,-0.00686057142857,0.262
0.46450503253,0.543713801027,-0.123976893246,-1.36187936502,0.0791503641977,1.89627659084,0.158476524804,-0.00121244354802,-0.034557611872,0.00328456095542,-0.0535649874966,-0.00174865557282,0.0152557147779,-0.00145319581101,0.573948378837,0.818876962389,0.00212739309172,0.0,0.818835820062,-0.573888766864,-0.0118460943805,0.0,-0.0084797700463,0.0085411967766,-0.999927568106,0.0,0.660994561138,0.259947996741,0.303404127402,1.0,-0.00554,-0.00728114285714,0.278
0.464428668061,0.54318899421,-0.123985115106,-1.36270976043,0.0790960962805,1.89656343856,0.158342690467,-0.00490158224833,-0.0310038957043,-0.00172363332235,-0.0487464181003,-0.00371923911781,0.0131184663362,-0.0125387232764,0.573938714884,0.818883786589,0.00210772852235,0.0,0.81884242909,-0.573879223411,-0.0118515889417,0.0,-0.00849565598982,0.0085281474629,-0.99992754464,0.0,0.660899172704,0.259811771246,0.303405259493,1.0,-0.00588,-0.007728,0.295
0.464356731158,0.542622074131,-0.123980994133,-1.3636057631,0.079040718506,1.89688306931,0.158227457435,-0.00303703266123,-0.0407561351389,0.000548893356733,-0.0506178115108,-0.00445506379117,0.0206625963209,-0.00935841817163,0.573935369338,0.81888615155,0.00209988647804,0.0,0.818844657898,-0.573875875453,-0.0118597093846,0.0,-0.0085068413686,0.00852635166933,-0.999927464858,0.0,0.660792274399,0.259680442863,0.303407329206,1.0,-0.00622,-0.00817485714286,0.312
0.464292658138,0.542070123633,-0.123988532045,-1.36447248728,0.0789921138896,1.89721335389,0.158118090892,-0.0037001590467,-0.0381348016378,-0.000973320343225,-0.0596326985414,-0.000686699736996,0.0283421343539,-0.0110197622232,0.573938825099,0.818883697284,0.00211240805139,0.0,0.818842375401,-0.573879289544,-0.0118520960377,0.0,-0.00849338451611,0.00853227157412,-0.999927528755,0.0,0.660693975627,0.259552657991,0.303413998861,1.0,-0.00654,-0.00859542857143,0.328
0.464200138924,0.54143898139,-0.123987450941,-1.36543309978,0.0789257393336,1.89755837357,0.157987604777,-0.0079009146155,-0.0404027913841,-0.00100247636946,-0.0614854972847,-0.00142743533899,0.0257239717288,-0.00481241448489,0.573942472099,0.818881116753,0.00212185010659,0.0,0.81883996579,-0.573882946811,-0.0118414815313,0.0,-0.00847923528001,0.00853394915702,-0.999927634522,0.0,0.660585302767,0.259399105629,0.303432862946,1.0,-0.00688,-0.00904228571429,0.345
0.464124333186,0.540768917654,-0.123986119662,-1.366453317,0.0788763505101,1.8979416464,0.157859948287,-0.00522491058722,-0.0398098242559,0.000453490457641,-0.057102246784,-0.000383636405223,0.0252647914332,-0.0107963055945,0.573942466016,0.818881029499,0.00215687977506,0.0,0.81884021793,-0.57388268449,-0.0118367581901,0.0,-0.00845526356725,0.00855992289537,-0.999927615499,0.0,0.660466023011,0.259255525446,0.30345412687,1.0,-0.00722,-0.00948914285714,0.362
0.464039708511,0.540139400192,-0.123987149656,-1.3673991145,0.0788245897324,1.8982902874,0.157736944618,-0.00580783461193,-0.0453252701153,-5.9012157495e-05,-0.0611449536581,-0.000654004427235,0.0269723821416,-0.00838639055506,0.573950258357,0.818875486695,0.0021874926781,0.0,0.818835022636,-0.57389030387,-0.0118267379033,0.0,-0.00842940721104,0.00857932007021,-0.999927667565,0.0,0.660358741131,0.259110327851,0.303479119228,1.0,-0.00752,-0.00988342857143,0.377
0.463953537988,0.539451048268,-0.123998115216,-1.36847371845,0.0787587216724,1.89870066663,0.157615337987,-0.00705048723296,-0.0417878724879,-0.000259331669968,-0.0707692744951,-0.00570970535399,0.0290162736436,-0.0102864854982,0.573967214916,0.818863554642,0.0022049901608,0.0,0.818823374366,-0.573907247258,-0.0118110133991,0.0,-0.00840631042999,0.00858479723386,-0.999927814995,0.0,0.660230208874,0.258938420649,0.303488994789,1.0,-0.00786,-0.0103302857143,0.394
0.46384150112,0.538704302871,-0.12399347096,-1.36963529464,0.078682683195,1.89915076479,0.157463722141,-0.00433099133737,-0.0398298640263,0.000485518928817,-0.07072704333,-0.00136432472555,0.0205557867477,-0.0044241703595,0.573977461199,0.818856282771,0.00223810265912,0.0,0.818816576469,-0.573917408623,-0.0117885147453,0.0,-0.00836877441017,0.00859910288129,-0.999928006931,0.0,0.660103807728,0.258756660855,0.303506141417,1.0,-0.0082,-0.0107771428571,0.411
0.463734297516,0.537922094948,-0.124009830744,-1.37084733235,0.0786170073254,1.89961975087,0.157311970229,-0.00825570738181,-0.0425149432576,-0.000623793806636,-0.0710475981573,-0.0111835006749,0.0290657099771,-0.00584652448482,0.574003588247,0.81883790092,0.00226265281304,0.0,0.81879856121,-0.573943487347,-0.011770148377,0.0,-0.00833936930307,0.008608930019,-0.999928168042,0.0,0.659980447505,0.258571987741,0.303520211896,1.0,-0.00852,-0.0111977142857,0.427
0.463626188874,0.537117947237,-0.124011289662,-1.37211641443,0.0785502898973,1.90008575537,0.157163572936,-0.00293805812044,-0.0493737835231,-0.000845288436572,-0.081388444136,-0.00716397396029,0.0291479338659,-0.00990807838908,0.574023683432,0.81882379919,0.00226795942362,0.0,0.818784430315,-0.573963458456,-0.0117793010406,0.0,-0.00834360683573,0.00861873357355,-0.99992804824,0.0,0.659832503342,0.258380543382,0.303524421461,1.0,-0.00886,-0.0116445714286,0.444
0.463506951041,0.536275791487,-0.124013774698,-1.37343157674,0.0784608241951,1.90058871775,0.15699974522,-0.00689983041582,-0.0513201487278,-0.000358742133549,-0.0816539401627,-0.0117614122685,0.0255497715929,-0.0109912734106,0.574037388372,0.81881414096,0.00228609181077,0.0,0.818775116548,-0.573977205398,-0.0117568323426,0.0,-0.00831465606912,0.00862082239984,-0.999928271385,0.0,0.659686333157,0.258175038673,0.303536582918,1.0,-0.0092,-0.0120914285714,0.461
0.463386243444,0.535342398597,-0.124015496534,-1.37488490765,0.078380678603,1.90111446694,0.156823733746,-0.00710887371887,-0.0611161584979,0.00081715892324,-0.0858755735576,-0.0115949799293,0.0263624163337,-0.00523585077641,0.574051572821,0.81880417228,0.00229479870958,0.0,0.818765170873,-0.573991261636,-0.0117632236796,0.0,-0.00831474230633,0.00863176450047,-0.999928176272,0.0,0.659514397428,0.25795687679,0.303549173912,1.0,-0.00956,-0.0125645714286,0.479
0.463261435634,0.534454026653,-0.124019068069,-1.376330826,0.0783116699064,1.90164357651,0.156651138844,-0.00554041433044,-0.0519818553612,0.00622943418522,-0.0827382349784,-0.00405463470445,0.0357937021117,-0.011424870523,0.574075799462,0.818787232566,0.00227841183823,0.0,0.818747846402,-0.57401536969,-0.0117926363494,0.0,-0.00834797739198,0.00863547818552,-0.999927867293,0.0,0.659344166149,0.257737265791,0.303533728168,1.0,-0.0099,-0.0130114285714,0.496
0.463152697574,0.53364612746,-0.124035027362,-1.37764375334,0.0782241961689,1.90211566133,0.156483675532,-0.0112491242965,-0.0547759514561,-0.00129823148837,-0.0870975374024,-0.00298084144065,0.0340225972197,-0.00883423084017,0.574087302425,0.818779270004,0.00224122889123,0.0,0.818739510691,-0.574027127932,-0.0117990225709,0.0,-0.0083744301376,0.00860881743113,-0.99992787599,0.0,0.659190732012,0.257528963645,0.303520066281,1.0,-0.0102,-0.0134057142857,0.511
0.463023771062,0.532717487734,-0.12402758917,-1.37915522184,0.0781339889213,1.90268879128,0.156294314161,-0.0127808555264,-0.0614493962379,-0.000310490407871,-0.09251524194,-0.014125510793,0.0386973064429,-0.00986404384813,0.574091127497,0.818776610029,0.00223318161541,0.0,0.818736695841,-0.574030932051,-0.0118092689608,0.0,-0.0083873993659,0.00860815000318,-0.999927773034,0.0,0.65901409652,0.257305383251,0.303504907669,1.0,-0.01054,-0.0138525714286,0.528
0.46290229806,0.531741831902,-0.124027599022,-1.38070944805,0.0780607866726,1.90325802925,0.156095727298,-0.00677910727962,-0.0638581992436,-0.00116573748922,-0.090482243556,-0.00632641759347,0.0313576944223,-0.0113531649493,0.574093167622,0.818775172108,0.00223591834093,0.0,0.818735079448,-0.574032741603,-0.0118333490674,0.0,-0.00840552391639,0.00862423567342,-0.999927482234,0.0,0.658826396412,0.25708043228,0.303502271625,1.0,-0.01088,-0.0142994285714,0.545
0.462768484307,0.530747919547,-0.124025420744,-1.38233204064,0.0779496361988,1.90383393702,0.155893139622,-0.00882715746877,-0.0580055553805,-0.000164659357558,-0.0936674461756,-0.00379830058662,0.0352429556682,-0.0129116295978,0.574093657462,0.818774969946,0.00218356434771,0.0,0.818734239467,-0.574033481638,-0.0118555465381,0.0,-0.00845374847641,0.00859411843224,-0.999927334992,0.0,0.658628886391,0.256835120622,0.303480200736,1.0,-0.01122,-0.0147462857143,0.562
0.4626299555,0.529723631203,-0.124030004698,-1.38396368947,0.0778450573334,1.9044240433,0.15566366502,-0.01206946156,-0.0594006077487,-0.00131119431245,-0.0911114064033,-0.00282470621541,0.0430194131368,-0.00995108490121,0.57408287628,0.818782580316,0.00216430919431,0.0,0.818741628262,-0.574022807691,-0.0118620951767,0.0,-0.0084702771354,0.00858200098168,-0.999927299189,0.0,0.658434828581,0.256584142977,0.303476448155,1.0,-0.01156,-0.0151931428571,0.579
0.462494052661,0.52864358326,-0.124025479248,-1.38564719198,0.0777507936858,1.90504906594,0.155453219907,-0.00253760173931,-0.0629705048299,0.00103583068931,-0.107959377334,-0.00676528577367,0.0376216807503,-0.0119860090561,0.574084599559,0.81878131071,0.00218739174889,0.0,0.818740549892,-0.57402432819,-0.0118629469295,0.0,-0.00845770599369,0.00860140706464,-0.999927238856,0.0,0.658233296712,0.256338816667,0.303489785951,1.0,-0.0119,-0.01564,0.596
0.462354589091,0.527539093768,-0.124028525878,-1.38737037197,0.0776299481817,1.90571495849,0.155202270399,-0.00748063724159,-0.0650084194825,0.00417078569218,-0.103665100195,-0.00601144938451,0.0396942263262,-0.0106566076377,0.574056284051,0.818801085286,0.00221638838812,0.0,0.818760876031,-0.57399607975,-0.0118268851727,0.0,-0.00841183012274,0.00860415550905,-0.99992760219,0.0,0.658034884002,0.256080865722,0.303504929434,1.0,-0.01224,-0.0160868571429,0.613
0.462199200644,0.526383361948,-0.124033895554,-1.38916088021,0.07752351851,1.90639823792,0.154964708371,-0.0068945430351,-0.0670296611839,-0.000885225009225,-0.108499438151,-0.00553099358566,0.0381269418936,-0.0158928395071,0.574055211809,0.81880171928,0.00225946885075,0.0,0.818762034082,-0.573994803043,-0.0118086632364,0.0,-0.00837219157302,0.00862895812171,-0.999927721133,0.0,0.657840496676,0.255827965254,0.303525601455,1.0,-0.01256,-0.0165074285714,0.629
0.462059373609,0.525272082347,-0.124036115036,-1.39088774841,0.0774085941716,1.90701954053,0.154727691004,-0.00428756393129,-0.0667638493496,-0.000640987535766,-0.10494674089,-0.00847568258427,0.0354099202526,-0.00560157680048,0.574044772453,0.818809048409,0.00225574031961,0.0,0.818769414635,-0.573984482323,-0.0117985851563,0.0,-0.00836618941987,0.00862001327435,-0.99992784852,0.0,0.657619307903,0.255547254147,0.303539122132,1.0,-0.0129,-0.0169542857143,0.646
0.461903470305,0.524088818336,-0.12405066463,-1.39276041261,0.0772852564853,1.90768119275,0.154466738356,-0.00762426101736,-0.0682223721716,-0.00278956054969,-0.11459349945,-0.0068454918813,0.0412002575584,-0.0169170796792,0.574036212156,0.81881513683,0.00222390028934,0.0,0.818775169868,-0.573976129151,-0.0118055611355,0.0,-0.0083902680155,0.00859785946923,-0.999927837504,0.0,0.657392337643,0.255254528015,0.303537676959,1.0,-0.01324,-0.0174011428571,0.663
0.46173200523,0.522732751553,-0.124052334122,-1.39491319356,0.0771620213569,1.90850067494,0.154191143087,-0.00504816394201,-0.0761490215146,-0.00128720959509,-0.118522284651,-0.00321463453074,0.0493562740932,-0.0134456053031,0.574034531275,0.818816258303,0.0022447591966,0.0,0.818776501975,-0.573974305583,-0.0118018322837,0.0,-0.00837525930031,0.00861278116867,-0.999927834912,0.0,0.657135898807,0.254938800589,0.303537348125,1.0,-0.01362,-0.0179005714286,0.682
0.46156412993,0.521521439503,-0.124053161915,-1.39685793539,0.0770490463022,1.90926405863,0.153908924139,-0.0133372411521,-0.0729661273929,-0.000504774321481,-0.112554876056,-0.00408089645931,0.0509373346035,-0.0152197758114,0.57401537686,0.818829616993,0.00226988203691,0.0,0.818790171047,-0.573955040131,-0.0117904455632,0.0,-0.00835171658555,0.00862662024375,-0.999927912528,0.0,0.656911052427,0.254646596341,0.303529061652,1.0,-0.01396,-0.0183474285714,0.699
0.46141094649,0.52031096348,-0.124058860989,-1.39876061393,0.0769251636096,1.90996893085,0.153646282809,-0.00567165742249,-0.0781545846437,0.000221828916342,-0.115274289348,-0.00493248927714,0.0431405366677,-0.0131605332735,0.573997789408,0.818841933918,0.00227418402148,0.0,0.818802612599,-0.573937509405,-0.0117798047301,0.0,-0.00834071915781,0.00862385572898,-0.999928028168,0.0,0.656681729739,0.254360549017,0.303534905773,1.0,-0.01428,-0.018768,0.715
0.461240284907,0.518997831198,-0.124062875731,-1.40081039379,0.0767984731125,1.91070771586,0.153375570626,-0.0100789449216,-0.0756499315798,-0.000335877599112,-0.118943922747,-0.00650231806059,0.0356999675989,-0.0107152628557,0.573993389271,0.818845017922,0.00227433474595,0.0,0.818805675904,-0.573933085813,-0.0117824028754,0.0,-0.00834280655965,0.00862542562527,-0.999927997214,0.0,0.656430681471,0.254049797014,0.303545344862,1.0,-0.01462,-0.0192148571429,0.732
0.461071307633,0.517704519884,-0.124063642478,-1.40280616132,0.076662669473,1.91141866508,0.153097642154,-0.00752740068169,-0.0844106763598,0.00510989949806,-0.124299790759,-0.000817134232473,0.041097733021,-0.0194585727211,0.573973582629,0.818858900336,0.0022747935668,0.0,0.818819624258,-0.573913341894,-0.0117747962576,0.0,-0.00833652284107,0.00862123359181,-0.999928085773,0.0,0.656184940331,0.253744913011,0.303564637659,1.0,-0.01494,-0.0196354285714,0.748
0.460883870555,0.51637263703,-0.124071612063,-1.40494305756,0.0765243076648,1.91221671225,0.152807085333,-0.0149151510217,-0.0760530616387,-0.00125063981532,-0.127594808837,-0.00431938818574,0.053700399721,-0.0197243515868,0.573970527382,0.818861080869,0.0022607159858,0.0,0.818821701758,-0.573910423276,-0.0117725819479,0.0,-0.00834282133531,0.00860840411842,-0.999928143774,0.0,0.65592991236,0.25341298334,0.303551286594,1.0,-0.01528,-0.0200822857143,0.765
0.460720170545,0.515146631442,-0.124075410031,-1.40687615807,0.0764084008945,1.91293573447,0.152547939506,-0.0136334938467,-0.0831144299113,0.0012899894596,-0.1332528225,-0.00252394421335,0.0475527678333,-0.0168428709402,0.573965801818,0.818864367118,0.00227013437105,0.0,0.818825083241,-0.573905634338,-0.011770846715,0.0,-0.00833604453414,0.00861507230501,-0.999928142864,0.0,0.655695734886,0.253120157421,0.303553318596,1.0,-0.01558,-0.0204765714286,0.78
0.460525606162,0.51375047587,-0.124081233772,-1.40913275391,0.0762728006256,1.9137294047,0.152228515693,-0.0132764673026,-0.0865375614018,-0.000875594590211,-0.134603974613,-0.00417050943534,0.0430185083718,-0.0273827833152,0.573949612954,0.818875869636,0.00221332765804,0.0,0.818835752448,-0.5738895687,-0.0118118733339,0.0,-0.00840241416581,0.00859193736799,-0.999927786417,0.0,0.655412697226,0.252771749947,0.303526841958,1.0,-0.01592,-0.0209234285714,0.797
0.460307923346,0.512180407415,-0.124080209235,-1.41167651551,0.0761216923663,1.9146285847,0.151876763927,-0.0080900230197,-0.0872378773774,-0.00126980626401,-0.135052539199,-0.0135737858781,0.0497008214839,-0.0137232232738,0.573931510705,0.818888719648,0.00215238344387,0.0,0.818847654318,-0.57387155086,-0.0118620838374,0.0,-0.00847869826218,0.00857066284291,-0.999927325066,0.0,0.655091153379,0.252385128961,0.303494001631,1.0,-0.0163,-0.0214228571429,0.816
0.460120785727,0.510821856076,-0.124088037202,-1.41385180688,0.0759939898271,1.91545416945,0.151562642002,-0.0101899017321,-0.0821626340074,0.00114265204079,-0.130043609361,-0.00944569363193,0.0529088060076,-0.0216532048604,0.573912554604,0.818901987801,0.00215892189931,0.0,0.818860982844,-0.573852546056,-0.0118614106508,0.0,-0.0084745930936,0.00857543449986,-0.999927318956,0.0,0.654829188164,0.252053076659,0.303481799415,1.0,-0.01662,-0.0218434285714,0.832
0.459920869285,0.509327513493,-0.124094015321,-1.41621421139,0.07584177758,1.91633285103,0.151238202941,-0.00914426406818,-0.0906697165128,-0.000959214472771,-0.136083426757,-0.0103678273592,0.0532611323845,-0.0175955042734,0.573896777196,0.818913038922,0.00216118234607,0.0,0.818872121398,-0.573836820341,-0.0118532408607,0.0,-0.00846677050025,0.00857243374767,-0.999927410954,0.0,0.654539996979,0.251693078403,0.303479634294,1.0,-0.01696,-0.0222902857143,0.849
0.459730185541,0.508003270365,-0.124097214852,-1.41830093812,0.0757095045795,1.91707976103,0.150932514906,-0.0123338093782,-0.084783344063,-0.0018888889328,-0.138798614448,-0.00477303087639,0.0524636126818,-0.0252199510928,0.573877314707,0.818926719533,0.00214536749626,0.0,0.818885574353,-0.573817401162,-0.011863942872,0.0,-0.00848481397459,0.00856542308252,-0.999927318088,0.0,0.654280967797,0.251365606777,0.303477686719,1.0,-0.01726,-0.0226845714286,0.864
0.459517090891,0.506469997511,-0.124098217607,-1.42071667577,0.0755502904397,1.91796172163,0.150611144701,-0.0128114120775,-0.0950586050682,0.000174273472437,-0.14480378436,-0.0127530189264,0.0525460823574,-0.0248557565493,0.57387120203,0.818931021972,0.00213813793122,0.0,0.818889824548,-0.573811360339,-0.0118627526051,0.0,-0.00848805170065,0.00855875627478,-0.999927347695,0.0,0.65398140635,0.250993359768,0.303476506753,1.0,-0.0176,-0.0231314285714,0.881
0.459301605203,0.504868300621,-0.124106791675,-1.42316772571,0.0753923643892,1.91891123224,0.150270823545,-0.0129081142968,-0.0963140211527,-0.000272079110498,-0.145098972162,-0.0107148364701,0.0565407261406,-0.0225670673593,0.573859006551,0.818939361821,0.00221566269293,0.0,0.818899301222,-0.573798991269,-0.0118067344536,0.0,-0.00839781624439,0.00858997091868,-0.999927841938,0.0,0.653689916353,0.250616621211,0.303511829402,1.0,-0.01794,-0.0235782857143,0.898
0.459075524015,0.503209840829,-0.124110686759,-1.42563562567,0.07524321161,1.91984659935,0.14993274961,-0.0135109687415,-0.099801664455,0.000832126907235,-0.146427463989,-0.00809993555663,0.0616086034782,-0.0110907463494,0.573856673793,0.818940696811,0.00232377950452,0.0,0.818902038897,-0.573796243101,-0.0117502763218,0.0,-0.00828956312895,0.00864608872436,-0.999928261573,0.0,0.653393122852,0.25023498847,0.30357674432,1.0,-0.01828,-0.0240251428571,0.915
0.458856692783,0.501607930735,-0.124119575614,-1.42799920378,0.0750924020021,1.92071247094,0.14960210669,-0.0136995694268,-0.0991900620977,0.000362862109238,-0.145650250873,-0.00694288658428,0.0553315012897,-0.01727633384,0.573851492713,0.818944079188,0.00240964213845,0.0,0.818906584604,-0.573790795459,-0.0116993862868,0.0,-0.00819867050012,0.00868714935276,-0.999928655074,0.0,0.653104399207,0.249861977832,0.303645299619,1.0,-0.0186,-0.0244457142857,0.931
0.458620667611,0.499890077613,-0.124120604831,-1.43061323864,0.0749263092118,1.92162831244,0.149231971287,-0.0172714709657,-0.0994719555752,0.000463170583333,-0.155556532311,-0.0102495475933,0.048225421377,-0.0271540591624,0.5738304458,0.818958777512,0.0024263366219,0.0,0.818921436635,-0.57376962347,-0.0116981496046,0.0,-0.00818830169955,0.00869990097486,-0.999928629172,0.0,0.652770642649,0.24945526285,0.303679082306,1.0,-0.01894,-0.0248925714286,0.948
0.458374138429,0.498210443201,-0.124123149508,-1.43324380652,0.0747607875268,1.9226150518,0.148855941435,-0.0105948283797,-0.098606774603,0.000156452125313,-0.154705020473,-0.00776607825696,0.0605092693745,-0.0260890763732,0.573806863604,0.81897524758,0.00244418347027,0.0,0.818938157087,-0.573745999401,-0.0116863142286,0.0,-0.008168618872,0.00870749006748,-0.999928724101,0.0,0.652425605156,0.249018804585,0.303678304579,1.0,-0.0193,-0.0253657142857,0.966
0.458095870826,0.496441614035,-0.1241188281,-1.43607003375,0.0745864208271,1.9236209803,0.148425801978,-0.0149206332088,-0.101774861749,0.000503090999658,-0.160450256261,-0.0103093715556,0.056807757718,-0.0202516927675,0.57379632284,0.818982730981,0.00241104799723,0.0,0.818945040935,-0.573735400938,-0.0117241861222,0.0,-0.0082187606161,0.00870197822603,-0.999928361208,0.0,0.652109068666,0.248616300027,0.303658501187,1.0,-0.01962,-0.0257862857143,0.982
0.457846924593,0.494876510772,-0.124123439299,-1.43864016111,0.0744270566082,1.92450348728,0.148067244624,-0.014123923422,-0.0947410623525,-0.00102765873723,-0.167167694782,-0.0162096729224,0.057094545758,-0.0180946825669,0.573783546942,0.818991984772,0.00230587074504,0.0,0.818952818673,-0.573722906576,-0.0117921227189,0.0,-0.00833488359656,0.00865469197543,-0.999927810405,0.0,0.651755577126,0.248177853919,0.303602501967,1.0,-0.01996,-0.0262331428571,0.999
0.457563940716,0.493130454565,-0.12412616254,-1.44145542991,0.0742507626878,1.92552929621,0.147671847405,-0.0195228926975,-0.109227115719,-0.0036778523214,-0.177294484289,-0.00793709737927,0.0628710107809,-0.0232384547199,0.573787256922,0.818989497382,0.00226580529636,0.0,0.818949755722,-0.573726713892,-0.0118195714752,0.0,-0.00838031322173,0.00863766649055,-0.999927577911,0.0,0.65140337372,0.247722347206,0.303567293182,1.0,-0.02166,-0.0284674285714,1.016
0.45727412225,0.49123441329,-0.124131617978,-1.4445028771,0.0740552692027,1.9266445722,0.147244333201,-0.0153331064053,-0.115209655544,0.000758159875999,-0.188157928562,-0.0131949579566,0.061178819586,-0.0249345123164,0.573777979757,0.818996099101,0.00222856540829,0.0,0.818955870197,-0.573717580213,-0.0118392451215,0.0,-0.00841789048793,0.00861836080109,-0.999927428855,0.0,0.651018406117,0.247238392384,0.303533044872,1.0,-0.023564,-0.0309698285714,1.033
0.456963184736,0.48931455809,-0.124148658961,-1.44762325182,0.0738639534214,1.92772932711,0.146795896381,-0.0189662540556,-0.12595783909,-0.00142953080059,-0.196241189585,-0.0145397428908,0.0726013914155,-0.032972569721,0.573780625781,0.818994472597,0.00214341644228,0.0,0.818952972097,-0.573720399341,-0.0119029313303,0.0,-0.0085188772448,0.00858519394477,-0.999926858913,0.0,0.650589866927,0.246694953059,0.303488395506,1.0,-0.025468,-0.0334722285714,1.05
0.456597194722,0.487049224598,-0.124164975284,-1.45112855258,0.0736469229448,1.92906957156,0.146286853358,-0.0254684918443,-0.141198307226,-2.3936808855e-05,-0.206978751426,-0.0125370355051,0.0889682419144,-0.0268834271465,0.57379114678,0.81898692988,0.00220804515093,0.0,0.818946381052,-0.573730772327,-0.0118563378761,0.0,-0.00844352487104,0.00861149809014,-0.99992727185,0.0,0.650192979003,0.246147225115,0.303499985485,1.0,-0.02726,-0.0358274285714,1.066
0.456205301694,0.484603529347,-0.12419589913,-1.45483273657,0.0734184285581,1.93045477277,0.145719707871,-0.0244182578813,-0.146742809388,0.00049643207161,-0.226583140268,-0.0159779594528,0.080329659595,-0.028984843306,0.573790889755,0.818986826533,0.00231077923672,0.0,0.818947699246,-0.573730203744,-0.0117926295859,0.0,-0.00833240486332,0.00865907747607,-0.999927793096,0.0,0.649742888004,0.245524921131,0.30355591341,1.0,-0.029164,-0.0383298285714,1.083
0.455780777421,0.482028570852,-0.124231248544,-1.45885265113,0.0731765347951,1.9318173742,0.145114299403,-0.0209315897592,-0.157662260361,-0.0026519212419,-0.23798460525,-0.00761395620339,0.0890883770965,-0.0347665020799,0.573799451375,0.818981016076,0.00224316972915,0.0,0.818940823476,-0.57373883428,-0.0118500879582,0.0,-0.00841816556687,0.0086367635188,-0.999927267757,0.0,0.649221260912,0.244840098464,0.303548159289,1.0,-0.031068,-0.0408322285714,1.1
0.455328128714,0.479257122631,-0.12425762187,-1.46310344578,0.0729108555999,1.93337113533,0.144490472001,-0.0313773482754,-0.169869588348,-0.000475502850552,-0.25021635218,-0.0167467095015,0.0917377998196,-0.0283377147785,0.573813501819,0.818971008924,0.00230186294325,0.0,0.818931597172,-0.573752672278,-0.0118176609031,0.0,-0.00835778257127,0.00866636853718,-0.999927518137,0.0,0.648689436753,0.244126836776,0.303581272971,1.0,-0.032972,-0.0433346285714,1.117
0.454870185473,0.476539077039,-0.124277603392,-1.4672483444,0.0726465543128,1.93490328533,0.143891634888,-0.0320951551075,-0.172911905412,-0.0032988148844,-0.265994941578,-0.0245026530735,0.0947878637101,-0.0358373827705,0.57384162626,0.818951064915,0.00238498355698,0.0,0.818912796781,-0.57378054273,-0.0117671982345,0.0,-0.008268461559,0.00870576933938,-0.999927918464,0.0,0.648174637699,0.243424872578,0.303623913463,1.0,-0.034764,-0.0456898285714,1.133
0.454363583244,0.473512517973,-0.124286688876,-1.47193231122,0.0723631379905,1.93659790536,0.143221967823,-0.0301969482185,-0.180559618269,0.00100801385895,-0.280144806474,-0.0187790972288,0.101949272338,-0.0421385633137,0.573863315008,0.818935759312,0.00242171622652,0.0,0.818897778431,-0.573801890363,-0.0117714059247,0.0,-0.00825059875003,0.00873848430707,-0.999927780648,0.0,0.647574197184,0.242646548652,0.303635470187,1.0,-0.036668,-0.0481922285714,1.15
0.453823999636,0.470317323841,-0.124288216339,-1.47683482235,0.0720596855924,1.93831417308,0.142478569768,-0.0303555662916,-0.191318990214,0.00156261664934,-0.2875903266,-0.0176677056417,0.104950431303,-0.0464985723761,0.573848879314,0.8189458295,0.00243699724363,0.0,0.818907781672,-0.573787117599,-0.0117955795259,0.0,-0.00826178210012,0.0087647248466,-0.999927458646,0.0,0.64693162469,0.241826726311,0.303658885564,1.0,-0.038572,-0.0506946285714,1.167
0.453272452384,0.466959685002,-0.12429776597,-1.48187503014,0.0717309498481,1.94025575847,0.14164222457,-0.0310573194865,-0.200148452534,-0.003121334114,-0.299580812644,-0.0247777923142,0.102527940758,-0.051207541794,0.573772341063,0.818998800414,0.00264810364342,0.0,0.818963681372,-0.573710024516,-0.0116637586169,0.0,-0.00803351537943,0.00886121340149,-0.999928468205,0.0,0.646305869578,0.240991679397,0.303745983837,1.0,-0.040476,-0.0531970285714,1.184
0.452709766506,0.463679725926,-0.124297123494,-1.48696305273,0.0713846003316,1.94197918015,0.140880711235,-0.037798129058,-0.207952449948,-0.00298057007518,-0.321062768934,-0.0233336123923,0.105286780703,-0.0542962166147,0.573752576374,0.81901289636,0.00256974732954,0.0,0.818976628884,-0.573690396864,-0.0117199312817,0.0,-0.00812469192436,0.00882907375987,-0.999928015828,0.0,0.645619135991,0.240132702173,0.303735199212,1.0,-0.042268,-0.0555522285714,1.2
0.452076707439,0.460105509445,-0.124308484559,-1.49257010664,0.0710013964516,1.94394432932,0.140061926048,-0.0378399600206,-0.21773749404,-0.000710783418156,-0.336199928027,-0.0196939162297,0.11824925812,-0.0448885371778,0.57376471654,0.819004614631,0.00249763238837,0.0,0.818967409716,-0.573702797865,-0.0117570593917,0.0,-0.00819634501209,0.0087914346391,-0.999927762694,0.0,0.644875034703,0.239174996613,0.303698873189,1.0,-0.044172,-0.0580546285714,1.217
0.45141114014,0.456405602319,-0.124308380305,-1.49835528882,0.0706171395527,1.94601469556,0.139161815187,-0.0447106399357,-0.222696677189,0.0016952306069,-0.354142948032,-0.0223612906619,0.121001335789,-0.0658112464155,0.573734517333,0.819025830145,0.00247791791495,0.0,0.81898828147,-0.573672581853,-0.0117775441262,0.0,-0.00822475763924,0.00878673850138,-0.999927570671,0.0,0.644110133841,0.238191476241,0.303669956021,1.0,-0.046076,-0.0605570285714,1.234
0.450694369177,0.452544104627,-0.124359466667,-1.50434366893,0.0702024835209,1.94810250221,0.138199920683,-0.0440512963913,-0.236693952715,-0.0084430202424,-0.348488115047,-0.0340429420215,0.131431224755,-0.0576717224679,0.573730709717,0.819028665844,0.00242160143607,0.0,0.818990557163,-0.573669168479,-0.0117855553908,0.0,-0.00826366872701,0.00874517213982,-0.999927614252,0.0,0.643320478515,0.23712063222,0.303654894008,1.0,-0.04798,-0.0630594285714,1.251
0.449917579573,0.448197455302,-0.124408513567,-1.51086179678,0.0697723070806,1.95048082407,0.137227109151,-0.0379009628234,-0.243557593976,-0.000239719558066,-0.375749902932,-0.0274761335476,0.125209780971,-0.0596340503799,0.573783561611,0.818991147193,0.00258304964732,0.0,0.818955319977,-0.573721621898,-0.0116803831346,0.0,-0.00808433459843,0.00881758385219,-0.999928444314,0.0,0.64247535962,0.235974293117,0.303741312444,1.0,-0.049996,-0.0657090285714,1.269
0.449173130325,0.444249288192,-0.124436979564,-1.51696145717,0.0693559080774,1.95249039301,0.136314805658,-0.0442000945674,-0.2472369692,-0.00630185168678,-0.380953746636,-0.0277647710382,0.130981812824,-0.0604604656882,0.573824663821,0.818962745335,0.00245435228091,0.0,0.818925072137,-0.573762998571,-0.0117683727135,0.0,-0.00822980075049,0.00876308185122,-0.999927736777,0.0,0.641632008417,0.234884440613,0.303717549842,1.0,-0.051788,-0.0680642285714,1.285
0.448321183533,0.439714649364,-0.12443223623,-1.52396080746,0.0688670933907,1.95496312533,0.135168745387,-0.046017471491,-0.249976370729,0.000676264840921,-0.392953820288,-0.0254952901663,0.137521103347,-0.0671217576864,0.573755178153,0.819011450189,0.00244681507045,0.0,0.818973661159,-0.573693530755,-0.0117737843606,0.0,-0.00823930085855,0.00875931548371,-0.999927691543,0.0,0.640681527842,0.233667994083,0.303701920724,1.0,-0.053804,-0.0707138285714,1.303
0.447560189646,0.435813838624,-0.124450499539,-1.52990150509,0.0684817494778,1.95710490179,0.134213927628,-0.0546527301482,-0.270574015761,-0.00774746194285,-0.385623345009,-0.0322986413297,0.145754023683,-0.0640870196738,0.573764819986,0.819004436013,0.00253220025645,0.0,0.818967662108,-0.57370275492,-0.0117415637816,0.0,-0.00816381973855,0.00881085598979,-0.99992785783,0.0,0.63989016737,0.232607411626,0.303724504159,1.0,-0.055484,-0.0729218285714,1.318
0.446661081278,0.431242849809,-0.124483442962,-1.53678733076,0.0679764813375,1.95959780164,0.133090869222,-0.053686097731,-0.266432076079,-0.000346099527519,-0.421114856229,-0.0384346743945,0.134996359495,-0.0703742503114,0.573763510548,0.819004985977,0.00264835968825,0.0,0.818970160706,-0.573701514825,-0.0116273239872,0.0,-0.0080036224487,0.00884043199439,-0.999928891867,0.0,0.638977675554,0.23135414253,0.303780769613,1.0,-0.057388,-0.0754242285714,1.335
0.445777936153,0.426843657053,-0.124532506624,-1.54366415118,0.0674826656587,1.96178990004,0.132009781122,-0.0567130710365,-0.279483415004,-0.00553143420566,-0.431267091859,-0.031175098679,0.148887071799,-0.0714394087962,0.573793467639,0.818984802918,0.00238662641342,0.0,0.818946445545,-0.573732267544,-0.0117792787668,0.0,-0.00827792509107,0.00871356019101,-0.999927772304,0.0,0.637993036754,0.230085145173,0.303694612904,1.0,-0.05918,-0.0777794285714,1.351
0.444806405192,0.422007381663,-0.124577136081,-1.55101826264,0.0669441952212,1.96428256293,0.130787710832,-0.0587028394603,-0.292688593117,-0.00013397916411,-0.436604112797,-0.0301823478502,0.138688159443,-0.0732396533657,0.573781162007,0.818993567176,0.00233708163289,0.0,0.818954737699,-0.57372033107,-0.0117841511703,0.0,-0.00831047275733,0.00867565506067,-0.999927831922,0.0,0.636968930868,0.228726983457,0.303698757102,1.0,-0.061084,-0.0802818285714,1.368
0.443776304561,0.417028738674,-0.1245932412,-1.5584260908,0.066447227372,1.96698196314,0.129608943634,-0.0594878947161,-0.297525701062,-8.60962574549e-05,-0.436106203747,-0.0305783444386,0.163298765036,-0.0713340476482,0.573843397573,0.818949291343,0.00256128321016,0.0,0.818913385074,-0.573781748941,-0.0116670145876,0.0,-0.00808523143453,0.00879267768056,-0.999928656381,0.0,0.635971582467,0.227365586289,0.303784794179,1.0,-0.062988,-0.0827842285714,1.385
0.442719851645,0.411970831862,-0.124608770235,-1.56606461552,0.0659144641148,1.96967491039,0.128278839691,-0.0614107113587,-0.297582955956,-0.00135057892874,-0.460845819315,-0.0370529823137,0.151852276712,-0.0873654016995,0.573796810605,0.818981664553,0.00264578277218,0.0,0.818946833661,-0.573734850255,-0.0116254952731,0.0,-0.00800324377467,0.00883759768439,-0.999928919952,0.0,0.634911904379,0.225958892457,0.303808417416,1.0,-0.064892,-0.0852866285714,1.402
