position_joint1,position_joint2,position_joint3,position_joint4,position_joint5,position_joint6,position_joint7,velocity_joint1,velocity_joint2,velocity_joint3,velocity_joint4,velocity_joint5,velocity_joint6,velocity_joint7,ee_T_00,ee_T_10,ee_T_20,ee_T_30,ee_T_01,ee_T_11,ee_T_21,ee_T_31,ee_T_02,ee_T_12,ee_T_22,ee_T_32,ee_T_03,ee_T_13,ee_T_23,ee_T_33,v_x,v_y,w_z,time
0.46509099353188504,0.5473205862239913,-0.12399883981293283,-1.3555653875691078,0.07944268395545276,1.8941602735519407,0.15915490337290253,0.00033481707282150447,0.002701621085178616,0.004522490602984459,-0.0007124112357434285,-0.0003331592373363198,0.00013512575180158718,0.0016606091295966873,0.5737648883595867,0.8190042257668103,0.0025841755023564977,0.0,0.8189702215267263,-0.5737049279086085,-0.011453333447149777,0.0,-0.007897926331605243,0.008688050642175218,-0.9999310678920319,0.0,0.661763584762784,0.26092864695036483,0.3036735159125914,1.0,5e-324,6.90624750127553e-310,6.90603530169653e-310,0.0
0.4650907256748596,0.5473227461645221,-0.12399883978134456,-1.355570676313766,0.07944359652259085,1.8941594597498574,0.1591565472437126,0.0005283707567251795,0.0023082886967534773,0.0023666670960497986,-0.0024194517900217633,-8.339137584215368e-05,-0.00014410643549497091,0.0015622735539366599,0.5737669867995349,0.8190027759326463,0.002577746071762841,0.0,0.8189686749731465,-0.5737070319710192,-0.011458524378857395,0.0,-0.007905844438374054,0.008685783519083043,-0.9999310250154138,0.0,0.6617621728532879,0.26092790555291173,0.3036693982774735,1.0,-6e-05,-7.885714285714287e-05,-3e-05,0.004
0.4650907223266468,0.5473166255645185,-0.12399625502213756,-1.355568574659868,0.0794449316197323,1.8941586459484385,0.15915490727333698,0.004042352884034883,0.0018040428000038456,0.0010550501205406184,-0.0007703684683985656,0.00026780718321131554,0.00015822397994956323,-0.007694676034810145,0.5737640584323621,0.8190048026928152,0.0025855982936873363,0.0,0.8189707808667713,-0.5737040538962848,-0.011457117030394409,0.0,-0.007900217753743666,0.00869137875485633,-0.9999310208683313,0.0,0.6617619847132731,0.26092989034183,0.3036745815143518,1.0,-0.00042000000000000023,-0.0005520000000000004,-0.00021000000000000012,0.022000000000000013
0.4650900107414603,0.5473050338748261,-0.12400483842082041,-1.355575515594813,0.07944229063170759,1.8941601022168648,0.15915012180012442,0.00013408470003856067,-0.003055893405633722,-0.001025450262497804,-0.0016033342894791146,-0.00022525089253872915,-0.0005823964437982669,-0.0008478395777857159,0.5737663861657708,0.8190031651916146,0.00258774295412848,0.0,0.8189692286278903,-0.573706437733107,-0.011448701473762962,0.0,-0.007892069899165133,0.008688329199181902,-0.9999311117114186,0.0,0.6617632941305578,0.2609234510421553,0.30367989520180605,1.0,-0.0007400000000000005,-0.0009725714285714294,-0.00037000000000000027,0.03800000000000003
0.46509030879120095,0.5472309504266986,-0.12399907924816163,-1.355645173552204,0.07944420521789218,1.89416901974401,0.1591572425663471,0.0002783093330371943,-0.007889401342108159,0.00010784055879151954,-0.0035096461600108327,0.00015978275697553748,0.003757977974253555,0.0017724759837716181,0.5737721817661804,0.8189990495366117,0.0026052237163269893,0.0,0.8189652415732215,-0.5737120689102038,-0.01145172401416892,0.0,-0.007884454595075419,0.00870443593015277,-0.9999310317071253,0.0,0.6617495485247313,0.2609205988669129,0.30369980425147247,1.0,-0.0010800000000000009,-0.0014194285714285728,-0.0005400000000000004,0.05500000000000004
0.46508498295827894,0.5470935367731471,-0.12399846405990328,-1.3558096989511998,0.07944187811674314,1.8942001027612776,0.15915648028709192,-0.0005056857346717937,-0.009370142266706483,0.00021699887105926566,-0.002898922218986387,0.0007172639582646677,0.005392645160157294,0.0006394465500996142,0.5737838232916238,0.8189908631687695,0.0026147803212982915,0.0,0.8189570775077929,-0.5737235663309419,-0.01145956096927402,0.0,-0.007885266454467799,0.008716871383234695,-0.9999309169768831,0.0,0.6617230345195332,0.2609014339884414,0.3037214993559959,1.0,-0.001420000000000001,-0.0018662857142857157,-0.0007100000000000005,0.07200000000000005
0.4650685282759038,0.5469612926905277,-0.12400441921589657,-1.3560007351295664,0.07943727856331073,1.894252286604586,0.15915167010186632,-0.0008598916337605589,-0.009833361984700712,-0.0012273140046018954,-0.008320348677564808,-0.0004843505994379502,0.0008198883074046584,-0.00018210077903905232,0.5738068611648293,0.8189747305321247,0.002612227250521049,0.0,0.8189408603130659,-0.5737465526741874,-0.011467672187049669,0.0,-0.007893129326630444,0.00871965649480104,-0.9999308306578238,0.0,0.6616990554687281,0.2608689542905235,0.30372895433098546,1.0,-0.0017400000000000013,-0.002286857142857145,-0.0008700000000000007,0.08800000000000006
0.4650474347056229,0.5467665240635998,-0.12400202862900041,-1.356230692717881,0.07943247063770048,1.8943878322412124,0.15914537897869718,1.166133800658913e-05,-0.01536746926776909,-0.00017802311780850416,-0.011718011734522419,-0.0003870603431551964,0.0049074916295027285,-0.0009282911093399717,0.5738291237387566,0.8189588402135275,0.0027021633060922024,0.0,0.818926109771252,-0.5737685002862456,-0.01142285933574668,0.0,-0.007804585708319933,0.008767810254964273,-0.9999311045993389,0.0,0.6616837218286848,0.2608400755133196,0.3037691433098452,1.0,-0.0021000000000000016,-0.0027600000000000025,-0.0010500000000000008,0.10600000000000008
0.46502291806933016,0.5465746376261554,-0.12400201986844439,-1.3564572590327926,0.07942771711157197,1.8944988580495226,0.1591380598404304,-0.0021740512842499623,-0.013490588063873026,-0.0011980448049096679,-0.01365632331455847,0.00023235584895059166,0.0032931944669702447,-0.0006092049897848997,0.5738546823098325,0.8189406979883023,0.0027719434918471965,0.0,0.8189088316123356,-0.5737937970900091,-0.01139082216335837,0.0,-0.007738032852726284,0.00880681519848893,-0.9999312790655316,0.0,0.6616656240334595,0.26080625635954313,0.3038068428751989,1.0,-0.002420000000000002,-0.003180571428571432,-0.001210000000000001,0.1220000000000001
0.4649842513298789,0.5463530318421937,-0.12399952297586023,-1.356759080382389,0.0794181370830642,1.8946348071164965,0.15913288549576177,-0.0014704682456168716,-0.014538489057754614,0.0006298287272306457,-0.01874020118243391,-0.0004066398681103104,0.005810814662969274,0.001115667978390988,0.5738947992320503,0.8189124074563904,0.0028240448990352494,0.0,0.8188811647578732,-0.5738336946877111,-0.011369949298388079,0.0,-0.007690608502267937,0.008837882102744846,-0.9999313708354202,0.0,0.661639404637642,0.2607568824118972,0.3038318293184401,1.0,-0.002760000000000002,-0.003627428571428575,-0.001380000000000001,0.1390000000000001
0.46495256326165346,0.546108858961668,-0.12399975977597974,-1.3571323362630787,0.07940448047281942,1.8947561243803512,0.15912398105963016,-0.0037652498772362646,-0.018752563203043263,-0.0026442939565200236,-0.02817356573278684,-0.0007701826175316546,0.013913989587872601,-0.0010627479738218298,0.5739346304508446,0.8188844837421537,0.0028265096509980416,0.0,0.8188531921711164,-0.5738734207917701,-0.011379520250564476,0.0,-0.007696601986736162,0.008845767508573563,-0.9999312549945831,0.0,0.6615917141700569,0.26069247669178036,0.3038419947564193,1.0,-0.003100000000000002,-0.004074285714285718,-0.001550000000000001,0.1560000000000001
0.46491143782315175,0.5458241587561681,-0.12400211632475407,-1.3575720295244205,0.07938021719491462,1.8949142392612852,0.15910781426518686,-0.0032321178212523487,-0.015079624242002512,-0.00018580560485205336,-0.025929289936721216,-0.0002371096107648383,0.016839339639181584,-0.0016282208429118901,0.5739709760757327,0.8188590127400587,0.0028253810814917726,0.0,0.81882768516543,-0.5739097406918229,-0.011383252912785434,0.0,-0.007699913765299937,0.00884732737440444,-0.9999312156975285,0.0,0.6615442711340866,0.2606304800896635,0.303843638796576,1.0,-0.0034200000000000025,-0.004494857142857147,-0.0017100000000000012,0.17200000000000013
0.4648572556136951,0.5455222835573411,-0.12399993521495552,-1.3580788874645777,0.07933716256722201,1.8950838010806625,0.15907900811802003,-0.0012937339224235126,-0.014854729630745996,-0.0013853897565053498,-0.02978491309030513,-0.002496626753533502,0.00728392867535025,-0.005609459555619573,0.5740070896701013,0.8188338252437025,0.002788287365798275,0.0,0.8188020874894626,-0.5739460415776493,-0.011394287228875814,0.0,-0.007729850124733151,0.008823627048911542,-0.9999311941442526,0.0,0.661485746943417,0.2605442367980789,0.3038306705197812,1.0,-0.003760000000000003,-0.004941714285714291,-0.0018800000000000015,0.18900000000000014
0.46480680675545527,0.5451773149370237,-0.12401068681657977,-1.3586605071360647,0.07927969196875591,1.8952712661280466,0.15896133007112598,-0.0009553802354677952,-0.02210014470306561,-0.0005684088899436892,-0.03772891793919615,-0.005459457812183808,0.014034733435269623,-0.007121620878407656,0.573976699199554,0.8188553181615432,0.0027319582263662873,0.0,0.8188230433009748,-0.5739160444057334,-0.011399326042115843,0.0,-0.007766633626050512,0.00878010692810366,-0.9999312922018441,0.0,0.6614175156362295,0.2604435502905334,0.3038145546978821,1.0,-0.004100000000000003,-0.0053885714285714335,-0.0020500000000000015,0.20600000000000016
0.46474502022205977,0.5447847419494111,-0.12400591557336707,-1.359300436213355,0.07926739533923083,1.895491407983998,0.15893778169170078,0.00011295191106744634,-0.024894931263359576,0.00042047839302382774,-0.03866231113440095,0.00018888439858546905,0.018124342948800366,0.0019444295925379633,0.5740370701946598,0.818813025340058,0.0027236881247861763,0.0,0.8187803844180341,-0.5739761411173462,-0.011437588098227518,0.0,-0.007802064327746494,0.008795871319626503,-0.9999308778310401,0.0,0.661340456525652,0.26034759617696296,0.3038067657666669,1.0,-0.004440000000000004,-0.005835428571428577,-0.002220000000000002,0.22300000000000017
0.4646871294425868,0.5444082935058597,-0.1240116144573243,-1.3599681549875275,0.07923808639320556,1.8957116333802968,0.1589290924409407,-0.0016084216678346405,-0.0293085116695938,0.0005342243560164873,-0.03977148149519687,0.00014706820322458577,0.012277253273102466,0.00231762203118514,0.5741134714110231,0.8187596761092203,0.0026573714676444236,0.0,0.8187260712242278,-0.5740526255426698,-0.011486962458207116,0.0,-0.00787974230317412,0.00877064805649068,-0.9999304902811519,0.0,0.6612505848922366,0.2602398208432339,0.3037712605332418,1.0,-0.004780000000000004,-0.00628228571428572,-0.002390000000000002,0.24000000000000019
0.46462216519785826,0.5439540192176509,-0.12401725758885694,-1.3607113349770132,0.07919659190584223,1.8959522152822854,0.15888018219533004,-0.0024283583631219082,-0.027805254259021965,-0.0005324730533809845,-0.03705601187238788,-0.0010001739232925156,0.015818119004460788,0.00011651102442511397,0.5741580977956642,0.8187284851054403,0.002625512106946076,0.0,0.8186944275590482,-0.5740973055664352,-0.011509340829516969,0.0,-0.00791587816076711,0.008757841984599918,-0.999930317110506,0.0,0.6611684743013979,0.26012303508865026,0.30376334299454405,1.0,-0.005100000000000004,-0.006702857142857149,-0.002550000000000002,0.25600000000000017
0.4645617785708901,0.5434775456708022,-0.12402332457459088,-1.3614934897891153,0.07915600645539961,1.8962376237215095,0.15881338309250448,-0.00723823558497878,-0.02529474349731285,0.00037465627521006905,-0.049661052340690556,-0.004387239557665129,0.013354234987001855,-0.0009879067818194974,0.574189909600297,0.8187062276034326,0.0026091181972691287,0.0,0.8186719206076062,-0.5741291263779206,-0.011523001101581193,0.0,-0.007936134806518391,0.008752571280611104,-0.9999302026943233,0.0,0.6610773912376543,0.2600058127761597,0.3037530881896278,1.0,-0.005440000000000004,-0.007149714285714292,-0.002720000000000002,0.2730000000000002
0.46449263797149803,0.5429676994800673,-0.12401910095060267,-1.3623227916706724,0.07910882511771408,1.89652686622414,0.15875024129586127,-0.004358904313574826,-0.02632889089176747,0.001324778877526602,-0.04894887963089124,-0.0032825070005089306,0.012748384955645434,-0.0009230254724572415,0.5742308538305009,0.8186776165403589,0.00257557490661505,0.0,0.8186428054029121,-0.5741701007584741,-0.011549868322285075,0.0,-0.007976954146887316,0.00874093490549556,-0.9999299796783355,0.0,0.6609835972481752,0.25988466387483444,0.3037389757263235,1.0,-0.005760000000000004,-0.00757028571428572,-0.002880000000000002,0.2890000000000002
0.4644290113859983,0.5424139154070223,-0.12402722405660097,-1.3632121765966694,0.07905906783223675,1.8968338517505794,0.15868634032795767,-0.001605945618121212,-0.03370396894959211,-0.00042545885314855005,-0.055576805034389665,0.00022931138227987258,0.013772312497331707,-0.0028335390864688403,0.574266979498609,0.8186523235352341,0.0025605329746921594,0.0,0.8186172890960319,-0.5742062415647604,-0.01156170585786503,0.0,-0.007994897275318602,0.008735770653886435,-0.9999298815060185,0.0,0.6608694288034517,0.25975052318721353,0.3037391323314863,1.0,-0.006120000000000005,-0.00804342857142858,-0.0030600000000000024,0.3070000000000002
0.46435135126954385,0.5418757282487471,-0.12402207238873078,-1.3640718604273847,0.07901152513584747,1.8971515981108495,0.1586328362814122,-0.0011074901680202594,-0.035746567213641625,-0.0008852079075267644,-0.05201880352113443,-0.00021445671987813607,0.01736746985850398,-0.007287966907759003,0.5743230739381232,0.8186129648378648,0.0025627022522349743,0.0,0.8185779177626932,-0.5742622771821739,-0.011566177330720729,0.0,-0.007996713446947357,0.008740662276607622,-0.9999298242361878,0.0,0.6607648270912179,0.25961195048976965,0.3037420111412262,1.0,-0.006460000000000005,-0.008490285714285723,-0.0032300000000000024,0.32400000000000023
0.46426333144697285,0.5412178873730061,-0.12403044028445269,-1.3650826031693835,0.07894124320171628,1.8975161170657306,0.15855073617625448,-0.001968542800626575,-0.040770511314856546,-0.0007536533995989609,-0.05317408279817433,-0.0051828533957480605,0.02256957710348305,-0.0028482949127121363,0.5743662510973199,0.8185826729282278,0.002562046700769159,0.0,0.8185476960308918,-0.5743055372127893,-0.011557082263984279,0.0,-0.0079891835005933,0.008735323619674787,-0.9999299310792998,0.0,0.6606561463038723,0.25946009348266,0.3037537204785784,1.0,-0.006800000000000005,-0.008937142857142866,-0.0034000000000000024,0.34100000000000025
0.46418253339166754,0.540603567339047,-0.12402550555812825,-1.3660401921515493,0.07888811423284334,1.8978629223513328,0.15849052901368302,-0.0010128783262754338,-0.03653436389390248,0.0008219723778724188,-0.059742114287160586,-0.001662241690279018,0.026891462012448828,-0.0007018640479156349,0.5744185112146267,0.8185459828175303,0.0025680514915803485,0.0,0.8185110086442009,-0.5743576884454407,-0.011563794925166935,0.0,-0.007990671608798072,0.008744604642266368,-0.9999298380670971,0.0,0.6605433173141213,0.25931891194924317,0.30376205823725344,1.0,-0.007120000000000006,-0.009357714285714294,-0.003560000000000003,0.35700000000000026
0.4640825328288567,0.539911772723228,-0.12403435123355591,-1.3671120936445689,0.07883489075047201,1.8982631357647384,0.15841760717389392,-0.005502119507360185,-0.040414403121123196,-0.0014755805065935308,-0.0665045190874075,0.0001835494898192355,0.02643420131001142,-0.0041703259520500455,0.5744920477198096,0.8184943099800195,0.0025881534421341706,0.0,0.8184595426906583,-0.574431089265035,-0.011560604032316433,0.0,-0.007975726376880765,0.008759942622106456,-0.9999298231346131,0.0,0.6604247545791565,0.25914812072465937,0.3037757449389555,1.0,-0.007460000000000006,-0.009804571428571437,-0.003730000000000003,0.3740000000000003
0.4639753407549795,0.5391317470849677,-0.12403186006361858,-1.368310726820222,0.0787530915608611,1.8987053105581793,0.15830712130271032,-0.00692351287109328,-0.041588903478538546,0.0016723030078644027,-0.06998666414432747,-0.004279409603266878,0.02217107565405902,-1.742195691924192e-05,0.5745320001020615,0.8184662191817866,0.0026030401850092692,0.0,0.8184317049410021,-0.5744710529838468,-0.011545584965820907,0.0,-0.00795445318704896,0.008763887371397786,-0.9999299580233791,0.0,0.660288235947548,0.25896351083876934,0.30379455764094376,1.0,-0.007820000000000006,-0.010277714285714295,-0.003910000000000003,0.3920000000000003
0.46388903294925965,0.538483104977017,-0.12404071209502517,-1.3693415953547161,0.07870678179922021,1.8991101297861328,0.15825210545922197,-0.004275921322998643,-0.04341458040609852,-0.001240549049092569,-0.06900893850359602,-0.001756756371572847,0.020031385699109106,0.00015022073279424624,0.5746085752266048,0.8184123867223811,0.0026262971338722896,0.0,0.8183781072380099,-0.5745474677022417,-0.011542436990602546,0.0,-0.007937693863575956,0.00878185642922541,-0.9999299335522388,0.0,0.6601745970140186,0.2588075104173062,0.3037974842576142,1.0,-0.008120000000000006,-0.01067200000000001,-0.004060000000000003,0.4070000000000003
0.46377075465663725,0.5376791026023232,-0.12404082052786838,-1.3706114314216649,0.07862521659784151,1.8996021537745316,0.15815501892837824,-0.006178619436233803,-0.04946716316974909,0.0009116888158850629,-0.06387323843968934,-3.4779802247863817e-05,0.025579177165359554,-0.0031786364935463742,0.5746743846829349,0.8183661227086307,0.0026434245479072804,0.0,0.8183321280455597,-0.5746132821400005,-0.011526105063297808,0.0,-0.007913779419797928,0.008787125750058522,-0.9999300768135476,0.0,0.6600351516406413,0.2586093809009947,0.3038035117833745,1.0,-0.008480000000000007,-0.011145142857142867,-0.004240000000000003,0.4250000000000003
0.4636788662545344,0.5369159524817978,-0.12405318300697595,-1.3718102186476255,0.07855689969061375,1.9000504534920697,0.15804446736464958,-0.00907170295400208,-0.04939187040277008,-1.9372096293474734e-05,-0.07413459091726105,0.00019606087281249368,0.032190299766387424,-0.004018341433084547,0.5747155911274797,0.8183371568216031,0.0026521654048398636,0.0,0.818303295387113,-0.5746544770160062,-0.011519362189791441,0.0,-0.00790279553241724,0.008790801991188882,-0.9999301313707495,0.0,0.6598973329091604,0.2584286450221239,0.30381099494103414,1.0,-0.008800000000000007,-0.011565714285714297,-0.004400000000000004,0.44100000000000034
0.4635683920321225,0.5361404584640004,-0.12405566761780705,-1.3730550293834478,0.07848601742520546,1.9005067776693412,0.1579745362537306,-0.005667241782925135,-0.05375576940013808,0.00028091626282555785,-0.08172483764966335,-0.0008125487852956794,0.025643863942405164,-0.005053925885927248,0.5748000328792838,0.8182778834636327,0.0026409349594969257,0.0,0.8182438401124849,-0.5747389046383536,-0.01153067709582395,0.0,-0.00791760242141265,0.008788931550713475,-0.9999300306791937,0.0,0.659753200547365,0.2582362207592571,0.30380552607113026,1.0,-0.009120000000000007,-0.011986285714285725,-0.004560000000000003,0.45700000000000035
0.4634623577158549,0.5353630121402226,-0.12406061555640897,-1.37426633997737,0.07841170933086915,1.9009508021164827,0.15786033421835075,-0.006471441210422352,-0.05244958505741178,0.00039368972026222125,-0.07919769014686509,-0.0006918797722889726,0.02810548642660026,-0.00680553208577332,0.574843417907972,0.8182473860687842,0.002647070208871608,0.0,0.8182134404003416,-0.5747822843111716,-0.011525558185033757,0.0,-0.007909421077365641,0.008791428945214133,-0.9999300734728014,0.0,0.6596137722965132,0.2580479255161999,0.30381624609953184,1.0,-0.009420000000000008,-0.012380571428571442,-0.004710000000000004,0.47200000000000036
0.4633525216267344,0.534476368276948,-0.12406841725095223,-1.3756833828448716,0.07834420066952132,1.9014548012136314,0.1577919530707998,-0.010396094156740057,-0.044287354169654666,-0.00040474000886313717,-0.0844988719218145,-0.010781086036386592,0.030429790310756964,-0.004198734804954324,0.5749423876165531,0.818177899298396,0.002631144741308689,0.0,0.8181435979526117,-0.5748811286230547,-0.011553699989469684,0.0,-0.007940539408043734,0.008795535424451911,-0.9999297907305826,0.0,0.6594423776252932,0.25783765793334384,0.303811262912324,1.0,-0.009760000000000008,-0.012827428571428585,-0.004880000000000004,0.4890000000000004
0.46322833417595405,0.5335592655773436,-0.12407479838725073,-1.3771624756454055,0.07825599521148222,1.901991920352631,0.15767870821347207,-0.009110810611879063,-0.05548383605571076,-7.878862867319643e-05,-0.08526389224095886,-0.0013111508592355257,0.034500040344035206,-0.008373646300452422,0.5750131553988722,0.8181282419182083,0.002607258188727657,0.0,0.818093624459316,-0.5749519602173394,-0.011567712067096919,0.0,-0.007964977080558933,0.00878473705137478,-0.9999296912958653,0.0,0.6592681328637062,0.25761070982890494,0.30380084893703463,1.0,-0.010100000000000007,-0.013274285714285725,-0.005050000000000003,0.5060000000000003
0.46311103666401826,0.5326827418098224,-0.12407233364315377,-1.37855775885935,0.07817912897206968,1.9025252065714715,0.15755255968528595,-0.006595507429210991,-0.05849129150541545,0.0006381585218517029,-0.09169581318871606,-0.0013759647848516298,0.0359784238722343,-0.004672057507833757,0.575076301682142,0.8180838080533883,0.002622431250828377,0.0,0.8180492935281644,-0.5750149441422419,-0.011572133440906544,0.0,-0.007959191072518967,0.008800307167018337,-0.9999296004575711,0.0,0.6590959156051865,0.2573899350975011,0.3038014126475899,1.0,-0.010440000000000007,-0.013721142857142868,-0.005220000000000003,0.5230000000000004
0.46297854442178943,0.5316537385289835,-0.12406713422314117,-1.3801890663762224,0.07808122391176038,1.9031420341237815,0.1574426458748766,-0.006199745137514107,-0.0583485432734517,0.0015188872874999442,-0.0933607881812856,-0.003061272558127654,0.0310045604617647,-0.009540266769229932,0.5751376035752183,0.8180406768836003,0.002633404409543432,0.0,0.8180063082685163,-0.5750762056650313,-0.011566512526771374,0.0,-0.007947622537122723,0.008806647270848622,-0.999929636654427,0.0,0.6589151815272875,0.25716601870654815,0.30380309663665317,1.0,-0.010780000000000008,-0.014168000000000014,-0.005390000000000004,0.5400000000000004
0.4628336306077679,0.530595341200025,-0.1240719617483412,-1.3818883769972188,0.07797806939537467,1.9037410676806685,0.15732605555471343,-0.010511608796873125,-0.05558701847165357,-0.000487769491501659,-0.09948233721063005,-0.003184590732686398,0.03290032053365393,-0.00571519860641671,0.57522884086079,0.8179766458369078,0.002595073903120499,0.0,0.8179417519890955,-0.5751675293925695,-0.011590961421100655,0.0,-0.007988687306793918,0.008790243837014433,-0.9999294537558139,0.0,0.6587102465438758,0.25690389369532596,0.3037921438361544,1.0,-0.011140000000000008,-0.01464114285714287,-0.005570000000000004,0.5580000000000004
0.46269349661382797,0.5295907242912236,-0.12407799918031955,-1.3835312473150252,0.07787488190573606,1.9043406865041475,0.15721367798914893,-0.004106676606463017,-0.06245181660706865,-0.0013355342190335129,-0.10295820852057518,-0.0058527711428747855,0.03649139653943073,-0.0148798505423314,0.5753173512639276,0.8179145182264863,0.002555994953376991,0.0,0.8178791494809858,-0.5752561970997577,-0.011608248954622319,0.0,-0.008024357908242852,0.0087690908521037,-0.999929353867456,0.0,0.6585157526022599,0.25665026716954026,0.3037700276009089,1.0,-0.011480000000000008,-0.015088000000000013,-0.005740000000000004,0.5750000000000004
0.4625631418185437,0.528570537877634,-0.12408121440254287,-1.3851019947569982,0.07777393738014161,1.9049202481506895,0.1570851836674498,-0.006297333744560698,-0.06487953878454247,-0.0002023292443463018,-0.1005163512973475,-0.0061244242062287665,0.04710684788086107,-0.011458164418704108,0.5753790822800297,0.8178710311762664,0.002575837430827354,0.0,0.8178359700518484,-0.5753179076581091,-0.011592157627297638,0.0,-0.007999118518843717,0.008776666499203695,-0.9999294896281853,0.0,0.6583307795323923,0.2564125102130435,0.30379111575875695,1.0,-0.011800000000000008,-0.015508571428571443,-0.005900000000000004,0.5910000000000004
0.4624235822265334,0.5274679020533153,-0.12408934425159841,-1.3868245284430047,0.07767157370746966,1.905580153776882,0.1569878065598842,-0.012205897787556562,-0.06680192373606073,-0.002033162175471544,-0.10294280679770032,-0.012717669885244228,0.032813778264600794,-0.007512485473722069,0.5754851153257892,0.8177963298473272,0.0026061135648648825,0.0,0.817761700258963,-0.5754238680234636,-0.01157240682372125,0.0,-0.007964405219416881,0.008791096991276864,-0.9999296399563276,0.0,0.6581316012848529,0.25615412759428435,0.30380490640192026,1.0,-0.012140000000000008,-0.015955428571428586,-0.006070000000000004,0.6080000000000004
0.46226994957583434,0.5263255844600792,-0.12409504358897772,-1.3885849104747334,0.07755981381143853,1.9062604441126478,0.15684354100638753,-0.005975820357044306,-0.06309484708771956,-0.002037984862096785,-0.10875635420649028,-0.010886341934601506,0.04533191491795967,-0.011856717639190795,0.5755618671403848,0.8177421644029372,0.0026526501242728146,0.0,0.8177082304490808,-0.5755005581604744,-0.011537084294732481,0.0,-0.00790791090674009,0.008809569228658595,-0.9999299257623487,0.0,0.6579317084079707,0.2558838200490293,0.3038299956740064,1.0,-0.012480000000000008,-0.016402285714285727,-0.006240000000000004,0.6250000000000004
0.4621161636479719,0.5251556522834728,-0.12409435076992432,-1.3903963124048944,0.07744329118829249,1.9069179587465328,0.15670565847782703,-0.007871581313175039,-0.06674729465610243,0.0007436926454689112,-0.10296720598852761,-0.011341212179480384,0.03296721887198157,-0.013313347158376182,0.5756404136439597,0.8176868440753103,0.002661974300852208,0.0,0.8176530526925339,-0.5755790885251068,-0.011530185445002755,0.0,-0.007896056229916237,0.008813981828696707,-0.9999299805588074,0.0,0.6577143119289134,0.2556091887700249,0.3038477321762753,1.0,-0.01282000000000001,-0.016849142857142875,-0.006410000000000005,0.6420000000000005
0.4619652551890723,0.5240078685465617,-0.12409854636438747,-1.3922668089939707,0.07732956766116633,1.9075848455332343,0.15657845298190445,-0.008724780514438538,-0.06063715462807526,0.0016056866715611659,-0.11158849920702667,-0.004533935205064283,0.040968900436487016,-0.004348925796471257,0.5757325638675537,0.8176221278414623,0.002611104689804907,0.0,0.8175876446201755,-0.5756713591513251,-0.01156185618783136,0.0,-0.00795024433926489,0.008791513303156556,-0.9999297489867907,0.0,0.6574839752282441,0.25532743573590455,0.30382247830543413,1.0,-0.01316000000000001,-0.017296000000000016,-0.006580000000000005,0.6590000000000005
0.4618059186597977,0.5228009265173453,-0.12410006674173985,-1.3941833714704066,0.07721761855171273,1.9082998185746216,0.15642204493647774,-0.009168339359962186,-0.07335098705683407,0.002079697742319651,-0.11129677981280255,-0.00800635132093659,0.044314842114974884,-0.01266499227687282,0.5758128010411856,0.817565664114719,0.0025980606172277387,0.0,0.8175310222041048,-0.5757516414232159,-0.011568147370800853,0.0,-0.00796203571676013,0.008785251635906127,-0.9999297102001414,0.0,0.6572678844566442,0.2550523550909193,0.3038145286334315,1.0,-0.01348000000000001,-0.017716571428571443,-0.006740000000000005,0.6750000000000005
0.46165197540209285,0.521579229652852,-0.12410781020463617,-1.3961247465188193,0.07708443261655283,1.9090619217355052,0.1562880250618574,-0.0060832846589377034,-0.06928988347137653,0.000753241017171576,-0.11539447057584849,-0.006825648486451789,0.04494256787718176,-0.0063345262567472685,0.5758985544797053,0.8175051371412316,0.0026367777855867986,0.0,0.8174711431894464,-0.5758374177136119,-0.011530191441055727,0.0,-0.007907787673565203,0.008795879682438945,-0.9999300472506674,0.0,0.6570301294481877,0.2547506608066215,0.3038213331116645,1.0,-0.01384000000000001,-0.018189714285714302,-0.006920000000000005,0.6930000000000005
0.4614856807063465,0.5203138297351805,-0.12411905844700803,-1.398159931738423,0.076959300647606,1.9098216915456703,0.15614422378039264,-0.012754676613460787,-0.07528210932428463,-0.00048301746356095305,-0.11710364942484384,-0.005541871791378117,0.04641510894753979,-0.01248933336379961,0.575999782733436,0.817433865823181,0.002621487671625549,0.0,0.8173997224347112,-0.5759387376464349,-0.011533045699045865,0.0,-0.00791783827305731,0.008786004269866116,-0.9999300545368419,0.0,0.6567868562024202,0.2544412360023081,0.3038076451907716,1.0,-0.01418000000000001,-0.018636571428571447,-0.007090000000000005,0.7100000000000005
0.4613236663299296,0.5190911187659927,-0.12411957869222211,-1.4000890617387907,0.07683620820003072,1.9105174508306697,0.15599207581025568,-0.010646980016729526,-0.07356257767720167,0.0002539625787443211,-0.12640388981174,-0.01518972431759415,0.04550724844605706,-0.0068677576433787465,0.5760774546159279,0.8173791728400548,0.0026078711144923742,0.0,0.817344859257266,-0.5760164516691211,-0.011540162626380707,0.0,-0.007930664606079552,0.008779726597638648,-0.9999300080304504,0.0,0.65655037819007,0.2541489609154847,0.30380818201347015,1.0,-0.014500000000000011,-0.019057142857142877,-0.007250000000000006,0.7260000000000005
0.46115174274452564,0.5177294036843606,-0.12411873672300444,-1.4021802797467355,0.07670432915542162,1.911263915250294,0.1558454206020714,-0.011354460212941108,-0.07962328083706006,0.0018199644509542087,-0.1299548998783378,-0.012284576122404073,0.04412658939523674,-0.007547333309345717,0.5761725447862264,0.8173121082487108,0.0026197797273508497,0.0,0.8172779301121168,-0.5761114697797897,-0.011537167808119562,0.0,-0.007920334286228514,0.008788656697424582,-0.9999300114599268,0.0,0.6562913547692368,0.2538356353067441,0.30383308088861655,1.0,-0.014840000000000011,-0.019504000000000018,-0.007420000000000006,0.7430000000000005
0.46096866628076266,0.5164013799553014,-0.12412883973241559,-1.4043006303127086,0.07655920581104281,1.9120567139023312,0.15567807998713093,-0.00712006381234224,-0.07652390967523479,-0.0004994939569236299,-0.12358498343887683,-0.008529485003140711,0.04968592140469407,-0.013403009722359192,0.576265507765053,0.8172466092458224,0.00260598113960428,0.0,0.8172124160922457,-0.576204648126019,-0.011524641593266396,0.0,-0.00791704824701367,0.008771062453072673,-0.9999301919686686,0.0,0.6560390840638306,0.25350575856742114,0.30382447192248685,1.0,-0.015180000000000011,-0.019950857142857163,-0.007590000000000006,0.7600000000000006
0.46079751220091747,0.5151040696286647,-0.12413237085680046,-1.4063490183397396,0.0764370689433917,1.9128338658068145,0.15551621261676615,-0.012701581756144957,-0.07877123326953447,0.0007332860234169427,-0.12857074238932187,-0.00501923670086358,0.04335503634686827,-0.008437120480172158,0.5763507984213818,0.8171863979278012,0.0026258526290080424,0.0,0.817152456328698,-0.5762898566665867,-0.011515690182905325,0.0,-0.007897365193774486,0.00878296825639735,-0.9999302431127899,0.0,0.6557934198849313,0.25319833543667764,0.30382664251029795,1.0,-0.015500000000000012,-0.02037142857142859,-0.007750000000000006,0.7760000000000006
0.4605950127485628,0.5136107427589746,-0.12413374469907676,-1.4087241391197527,0.07629460476423032,1.9136809984545837,0.15533708213879982,-0.007471955060563154,-0.08173570469209625,-0.0009772054654354893,-0.1309185069621695,-0.00759973928011927,0.04917600273493973,-0.012353684695561718,0.5764571187777192,0.8171114972050402,0.002595813367034623,0.0,0.8170770835393424,-0.5763961705512073,-0.011543007838272237,0.0,-0.007935860322658583,0.008775197605574547,-0.9999300065644207,0.0,0.6554970343614641,0.2528369991028587,0.3038162630062163,1.0,-0.015860000000000013,-0.02084457142857145,-0.007930000000000006,0.7940000000000006
0.4604168344842478,0.5123078570072169,-0.12414088735873237,-1.4108709268197528,0.07616631734227046,1.9144327404654151,0.15517246218920475,-0.013402831225291015,-0.08976751316336028,-0.0015670540300800552,-0.1385400906538879,-0.010530045123604812,0.040892210083500156,-0.011116865528789195,0.5765572761011448,0.8170410863502359,0.002513462087099929,0.0,0.8170055562037322,-0.5764965387030055,-0.011593485105547634,0.0,-0.008023505949200316,0.008737988916805703,-0.9999296329752275,0.0,0.6552091139307984,0.2524836385717016,0.30377460567680126,1.0,-0.016200000000000013,-0.021291428571428593,-0.008100000000000007,0.8110000000000006
0.46022037691359413,0.5108727107774717,-0.12414500869038717,-1.4131814218561445,0.07603201945633183,1.9152915324091455,0.15498938307091267,-0.01197610503675138,-0.08494964484411241,-0.0012474610824347978,-0.13584726176011613,-0.0057220703158953065,0.05491461092643657,-0.00881978319260825,0.5766495040705633,0.8169760363329106,0.0025004827830887345,0.0,0.8169402426195536,-0.5765886961737667,-0.011613024349795206,0.0,-0.008045967405232501,0.008739558007125031,-0.9999294387777341,0.0,0.6549409961483198,0.2521588689322071,0.30375249694406165,1.0,-0.016520000000000014,-0.021712000000000023,-0.008260000000000007,0.8270000000000006
0.46002203245062107,0.5094003912019948,-0.1241444358751193,-1.4155273404818784,0.07587926889494719,1.9161797150083206,0.15481178609563706,-0.008882983342673416,-0.09147222253330682,-0.0007509298241225298,-0.13944367779854727,-0.006452559298384102,0.04575913266826535,-0.012525108311205454,0.5767470221042171,0.816907185017014,0.002504089196478392,0.0,0.8168715100013825,-0.5766862678129354,-0.011603084299309093,0.0,-0.008034723772806507,0.008737731668367207,-0.9999295451476499,0.0,0.6546555012758166,0.25180588483634836,0.30374339022739394,1.0,-0.016860000000000014,-0.022158857142857164,-0.008430000000000007,0.8440000000000006
0.459811505423926,0.5079069853601916,-0.12415101150125274,-1.4179163537698798,0.07572819623340928,1.917023451855033,0.1546232383815419,-0.014647404554603997,-0.07877335914559525,-0.0009837446689970458,-0.13740879934023614,-0.011616673231939783,0.04559563343758697,-0.013569825937487939,0.5768525796629828,0.8168328005569363,0.002454418807542837,0.0,0.8167964658886154,-0.5767919676983264,-0.011632119831273314,0.0,-0.008085963644491267,0.008714946729160886,-0.9999293309506666,0.0,0.6543549954925483,0.25143332168283866,0.3037244034245416,1.0,-0.017200000000000014,-0.02260571428571431,-0.008600000000000007,0.8610000000000007
0.4595969928459005,0.5063602936463956,-0.12415349707707846,-1.4203272498597517,0.07557663092975907,1.9179046162374056,0.15443019272532127,-0.02007615275969578,-0.09568123544392326,-0.00010586256383258632,-0.14217363946079126,-0.010139528842038139,0.05206568991200395,-0.012362718985587058,0.5769554864433942,0.8167600865413668,0.0024646697575193824,0.0,0.8167238847278494,-0.5768948257453012,-0.011627684402198572,0.0,-0.008075328763433975,0.00872177889068386,-0.9999293573239783,0.0,0.654057241181148,0.2510611453948652,0.3037348137370707,1.0,-0.017540000000000014,-0.02305257142857145,-0.008770000000000007,0.8780000000000007
0.45938552152318346,0.5047489418068158,-0.12416071391476238,-1.4227887506446102,0.07542592180117029,1.9188550177620936,0.15424127292910442,-0.01319474697915456,-0.09483390502725143,-0.0006191912782386146,-0.14456568603765282,-0.018031499348826408,0.058216542269528375,-0.008522278646624085,0.5770653629075155,0.8166822111979155,0.0025455346214210226,0.0,0.8166471141632827,-0.5770044720956549,-0.011579162819707936,0.0,-0.007987865226143809,0.008760905971894384,-0.9999297177980463,0.0,0.65376214057651,0.25068787037737505,0.3037718919546373,1.0,-0.017880000000000014,-0.023499428571428595,-0.008940000000000007,0.8950000000000007
0.4591698554288899,0.503198522464652,-0.12415967719837434,-1.425110501791692,0.07527990759654463,1.919744009052217,0.15405408290938152,-0.013548124777749731,-0.09603541666252717,-0.0008327954910027266,-0.14570465087124673,-0.006282058006475357,0.0524613376889412,-0.005778982134267119,0.5771676512280123,0.8166096169441188,0.0026424972142553935,0.0,0.8165758190488223,-0.5771064731831299,-0.011523769178635207,0.0,-0.007885570308666823,0.008809115719966759,-0.999930106187997,0.0,0.6534846341380957,0.25032915200257433,0.30382670244809584,1.0,-0.018200000000000015,-0.023920000000000025,-0.009100000000000007,0.9110000000000007
0.45894124897393107,0.5015089706957063,-0.1241700339397207,-1.4276289472219106,0.07511982593323965,1.9206749813818778,0.15385131695168078,-0.012562804069363298,-0.1017126175817161,-0.00041150478070968417,-0.15630758372419623,-0.0066562162029113634,0.053287836899457756,-0.011124718285892149,0.5772815134410169,0.8165288607201722,0.002724105628457623,0.0,0.8164961847964233,-0.5772201332906459,-0.011473658441080621,0.0,-0.0077963147444498615,0.008847923112128175,-0.9999304634488377,0.0,0.6531774281887212,0.24993452702798488,0.3038884056672415,1.0,-0.018540000000000015,-0.024366857142857166,-0.009270000000000007,0.9280000000000007
0.458707179046044,0.4997777710020852,-0.1241628346703284,-1.4302148318027723,0.07495002699418471,1.9215926988656185,0.1536480927875782,-0.014550416065291548,-0.09930529367443947,0.001501034434940891,-0.15786749240081022,-0.007678024148451952,0.06012891821976655,-0.016333453394267235,0.5773869062626259,0.8164541668476647,0.002775034192079604,0.0,0.8164221335040639,-0.5773253351624085,-0.011450074475455513,0.0,-0.0077465126155449315,0.008876893321208418,-0.9999305937450164,0.0,0.6528492116612943,0.24953687639057232,0.30394467758920285,1.0,-0.018880000000000015,-0.02481371428571431,-0.009440000000000007,0.9450000000000007
0.4584591046678512,0.4981164767574443,-0.12417134393580746,-1.432827949348315,0.07478423979472393,1.9225781672470188,0.15344437371145417,-0.016171785756603097,-0.09612646558853491,-0.001679082987806669,-0.15695885862857092,-0.0076564445094850575,0.061937786192091754,-0.012628343589053515,0.5775067168460593,0.8163693591963834,0.0027943271426581293,0.0,0.8163375998496021,-0.5774450992956703,-0.011437975013632508,0.0,-0.007724190532630015,0.008886792808622188,-0.9999306784943605,0.0,0.6525485770562598,0.24915063032545712,0.303943663201593,1.0,-0.019200000000000016,-0.02523428571428574,-0.009600000000000008,0.9610000000000007
0.45821608937345665,0.49654246256599605,-0.12416820637917748,-1.4353365402864515,0.07463240682759932,1.9234795236591387,0.15324163200514232,-0.017854481764041117,-0.09718649729687157,-0.006504284429350876,-0.16123420791743473,-0.007043182586132499,0.059099166790398165,-0.015473303595410506,0.5776336574074518,0.8162796365831424,0.0027676038357448496,0.0,0.8162474696332674,-0.5775720354168439,-0.01146120076346329,0.0,-0.007757203563574122,0.008879595902891571,-0.9999304868686995,0.0,0.6522147607098997,0.2487252423845187,0.3039262189597991,1.0,-0.019540000000000016,-0.02568114285714288,-0.009770000000000008,0.9780000000000008
0.457942934795332,0.4948694676129325,-0.12417107384080155,-1.4380614627538442,0.07446489901588167,1.9244079842335946,0.15302133009756877,-0.01922880327489057,-0.09627057336112954,-0.001197227546351742,-0.16902970391658317,-0.008428977710810864,0.0555064019060607,-0.012573393567804117,0.5777705980440363,0.8161830677139147,0.002661374484793131,0.0,0.8161493843133333,-0.5777091373065987,-0.01153611973937465,0.0,-0.007878236921211923,0.008837480096994588,-0.99992991370823,0.0,0.6518618531557749,0.2482805184841563,0.30387532532946326,1.0,-0.019880000000000016,-0.026128000000000026,-0.009940000000000008,0.9950000000000008
0.4576624314232297,0.49313198758189425,-0.12419595007448034,-1.4408709747621646,0.07428574963042806,1.9254268068986726,0.15282257929685678,-0.014316268679877545,-0.1105689785016335,-0.009881261364877556,-0.16773486275746455,-0.010564812160670506,0.06978921199948672,-0.01276139906529117,0.5779476974676058,0.8160578570562711,0.002603810635902381,0.0,0.8160235114896778,-0.5778864970701483,-0.011557339713676998,0.0,-0.00792690349005487,0.008804478088220227,-0.9999298202207259,0.0,0.6515142429255607,0.24781323368032948,0.30383692655160693,1.0,-0.022494285714285606,-0.0295639183673468,-0.021274087885713736,1.0119999999999993
