position_joint1,position_joint2,position_joint3,position_joint4,position_joint5,position_joint6,position_joint7,velocity_joint1,velocity_joint2,velocity_joint3,velocity_joint4,velocity_joint5,velocity_joint6,velocity_joint7,ee_T_00,ee_T_10,ee_T_20,ee_T_30,ee_T_01,ee_T_11,ee_T_21,ee_T_31,ee_T_02,ee_T_12,ee_T_22,ee_T_32,ee_T_03,ee_T_13,ee_T_23,ee_T_33,v_x,v_y,w_z,time
0.4650970849900722,0.5472931682968548,-0.12397575539873357,-1.3555915828646719,0.07946585017703976,1.894175146632724,0.15913671471818425,-0.0007201918782126912,-0.0007684596655593193,-0.0002945236067381113,-0.00012379409527464688,0.00024456854302635616,-0.004037759292473894,-0.0017569003791568808,0.5737364787883561,0.8190240219608855,0.0026174911196262616,0.0,0.8189901368654873,-0.5736760702050727,-0.011474715348244407,0.0,-0.007896627530621592,0.00872733021745821,-0.9999307360917145,0.0,0.6617530777995134,0.26094805434952106,0.30368104220504744,1.0,5e-324,6.9325602490835e-310,6.9323480495045e-310,0.0
0.46510010908849053,0.5473016655614614,-0.12397609057089774,-1.3555888262041818,0.07946245394673755,1.894177977979824,0.1591496141175252,0.0011520285628153566,-0.002112046616611932,8.290467824249945e-05,0.0012256315188321663,9.673613912940983e-05,0.005293094529867236,0.0017105367370422308,0.5737437878189107,0.8190189178773333,0.002612469992050238,0.0,0.818985004612814,-0.5736834352698628,-0.01147280338569009,0.0,-0.007897864312750247,0.008722191349109329,-0.9999307711623674,0.0,0.6617535299920626,0.2609497196858981,0.30367658565495514,1.0,-0.00020000000000000004,-0.00026285714285714297,-0.00010000000000000002,0.011000000000000003
0.4650942375073417,0.5472975043850558,-0.12397396295668245,-1.3555990853272157,0.07946443302893413,1.894176206270878,0.1591385530742421,-0.0008212127768922084,0.0009565514299102263,0.0006507818085237833,-0.0017321221363309916,0.0001347807627826351,0.0002778134185648942,-0.001981222316986116,0.5737391195965746,0.8190222023252162,0.002607996186442864,0.0,0.8189881918744162,-0.5736787387733887,-0.011480119810199196,0.0,-0.007906473271053316,0.008722679852534027,-0.9999306988669788,0.0,0.6617518677596025,0.26094610165461174,0.30367442812323664,1.0,-0.0005200000000000003,-0.0006834285714285719,-0.00026000000000000014,0.027000000000000017
0.4650888996171265,0.5472712956032434,-0.12397939788814794,-1.3556096417182002,0.07946123117793749,1.8941766446952009,0.1591386003740928,-0.0018251729205319281,-0.0020673095061059183,0.0004079005129801604,-0.00334461269443753,0.00021611562327561088,-6.243188468890369e-05,-0.0015494941014515093,0.5737470043801276,0.8190166417543912,0.002619617414365288,0.0,0.8189828256515046,-0.5736866334802788,-0.011468424266226534,0.0,-0.007890142742983552,0.00872556373399111,-0.9999308026983764,0.0,0.6617530445561987,0.2609380255668196,0.3036881825449047,1.0,-0.0008600000000000006,-0.0011302857142857154,-0.0004300000000000003,0.04400000000000003
0.46509601630646147,0.5471787185634522,-0.1239771259839933,-1.3557068490190538,0.07946122531412289,1.8941941934438966,0.15914532149271643,0.0006427203963078539,-0.009136957601084426,0.0007981210945890558,-0.011993127007859294,-0.0011630225536846588,0.0006894450645787743,0.001276179122716394,0.5737503469941444,0.8190142483146948,0.002635769872840709,0.0,0.8189805605258073,-0.5736898341908946,-0.01147007097042528,0.0,-0.007882188929205891,0.008739769754855575,-0.9999307413627787,0.0,0.6617343227689628,0.2609349146027319,0.30370893886684447,1.0,-0.001200000000000001,-0.0015771428571428588,-0.0006000000000000005,0.06100000000000005
0.46508470774871424,0.5470417513993836,-0.12397470653324164,-1.3558725835108003,0.0794584741464413,1.8942327386939803,0.1591362609079665,-0.0011581886473546207,-0.00481095242117299,-0.0012598425976857977,-0.013008764284666248,0.00022751211585648453,0.003962061429220627,-0.0017033215485217747,0.573758833300743,0.8190082564162834,0.0026502891422956138,0.0,0.818974658169184,-0.5736981634543167,-0.011474904227068577,0.0,-0.00787772696065292,0.008754515857480313,-0.9999306475301346,0.0,0.6617101776305268,0.26091312490485497,0.3037303294631759,1.0,-0.0015400000000000012,-0.002024000000000002,-0.0007700000000000006,0.07800000000000006
0.46506876918079115,0.5468846207077906,-0.12397958306547147,-1.3560635810467925,0.07945109202880837,1.8943015939842398,0.15913762424578876,-0.0015508749926152453,-0.004988983846538105,-0.0007879426096789137,-0.012942111566350726,0.00013424373798541413,0.00863846718610467,-0.0013440749351866493,0.5737850582620978,0.8189897811141376,0.002681836495091236,0.0,0.8189565802019194,-0.5737242718636759,-0.01145977834342755,0.0,-0.007846957744949423,0.008771926115895015,-0.9999307368844936,0.0,0.6616899563685964,0.26088262650467253,0.3037568414201175,1.0,-0.0018600000000000014,-0.002444571428571431,-0.0009300000000000007,0.09400000000000007
0.46504919718573723,0.5466987187221687,-0.12397715665748613,-1.3562631047001035,0.07944714835340297,1.8944176843410323,0.15913766466533588,-0.001902554021634412,-0.013114360777903539,2.5668984384180654e-06,-0.008762981951271448,0.00010884020519961027,0.008033430730699493,-0.0003259127853009674,0.5738055763590106,0.8189751168591323,0.002768646976853367,0.0,0.8189429507626189,-0.5737444150522547,-0.011425256836017118,0.0,-0.007768654882881754,0.008823409886667036,-0.9999308953319137,0.0,0.6616728384985642,0.2608569173411008,0.3037960805879218,1.0,-0.002200000000000002,-0.0028914285714285743,-0.001100000000000001,0.11100000000000008
0.4650282848604728,0.5464876147658205,-0.12397685718315427,-1.3565154098892482,0.07944463690137125,1.8945415111684851,0.1591345435681944,0.00019310296884642085,-0.011676480883430939,0.0006487391933246292,-0.01567417528541993,0.00039384132565574486,0.0016838107218522112,-0.002326124209274184,0.5738339522623386,0.8189549586989725,0.0028491673444369127,0.0,0.8189238193053949,-0.5737725249990396,-0.011384842190370864,0.0,-0.0076890470624299545,0.00886643069979616,-0.9999311301094278,0.0,0.6616516091744912,0.260822139742703,0.30384259886042053,1.0,-0.002540000000000002,-0.0033382857142857172,-0.001270000000000001,0.12800000000000009
0.46499421928070206,0.5462606849383281,-0.12398285827353499,-1.3568463616450754,0.07943251556678556,1.894676523383862,0.15912602507612944,-0.0045334141146272065,-0.013880549720202445,0.00093213379622675,-0.02141620469842108,-0.002826926825752254,0.007933675404442436,-0.00022461494655400238,0.573875069841664,0.8189260079171325,0.0028887146522822375,0.0,0.8188953633737793,-0.5738135005178406,-0.011366502082713552,0.0,-0.007650888011257739,0.008888678346038806,-0.9999312252899696,0.0,0.6616217447736981,0.2607668650479747,0.3038643851524177,1.0,-0.002880000000000002,-0.00378514285714286,-0.001440000000000001,0.1450000000000001
0.4649550819982089,0.5459703578261493,-0.12397755687958734,-1.3572816526784075,0.0794158860581775,1.894827826166898,0.1591010968998567,-0.0018757182874290848,-0.018778186866196176,-0.00010999232743948545,-0.02588242596714617,-0.000499980738766756,0.010287481317912593,-0.0023596330734381023,0.5739058094019694,0.8189044557837977,0.002891562435898297,0.0,0.8188737497681321,-0.5738441135950885,-0.01137814282535279,0.0,-0.007658453224249517,0.00889797815590046,-0.9999310846648128,0.0,0.6615707870310038,0.26070603183238694,0.30387010276104104,1.0,-0.0032200000000000024,-0.004232000000000004,-0.0016100000000000012,0.16200000000000012
0.46491401204064764,0.5456864583902701,-0.12398035554797132,-1.3577193038052184,0.07939077305864681,1.8949820821819783,0.15908867955175404,0.0003644980117827096,-0.02180723477491535,-0.0014971228752255115,-0.030026933906688362,-0.00027854420848646337,0.012877279379134876,-0.005146869628191417,0.5739489871553509,0.8188741936845786,0.0028917057226184924,0.0,0.8188434840922056,-0.5738872792145752,-0.011379201054470371,0.0,-0.0076587684138363366,0.008899106644108062,-0.9999310722081397,0.0,0.6615213624088746,0.2606354226571269,0.3038762338702389,1.0,-0.0035400000000000028,-0.004652571428571433,-0.0017700000000000014,0.17800000000000013
0.4648576554461342,0.5453740480164416,-0.12397788352536089,-1.3582484925755862,0.0793405195279492,1.895156497373763,0.1590338927103157,-0.0013707709858721167,-0.02412944557683107,-0.0003251731206811346,-0.032338276568054526,-0.006610812666970097,0.00785112284328249,-0.006930589749912404,0.5739647270234687,0.8188633221205612,0.0028458249702641254,0.0,0.8188321270290504,-0.57390327913448,-0.011389505914671631,0.0,-0.0076933684895059695,0.008867598295546453,-0.9999310865163427,0.0,0.6614598506729216,0.2605445615277142,0.3038604815839692,1.0,-0.003880000000000003,-0.005099428571428576,-0.0019400000000000014,0.19500000000000015
0.4647981846036554,0.5450197250211312,-0.12397574610088491,-1.3588508021974952,0.07930068492464809,1.8953494754852307,0.15894046105082735,-0.004727845913450499,-0.02174853047668816,0.003033111065396378,-0.03440259100422807,8.501210023028751e-05,0.011796034908116976,-0.001544573373045067,0.573964696358043,0.8188634959495296,0.0028016490041735728,0.0,0.8188317284917833,-0.57390338142207,-0.011412979833545325,0.0,-0.00773794570807862,0.00884489689308969,-0.9999309436131923,0.0,0.6613823111198309,0.26044071186591544,0.30384638337398095,1.0,-0.004240000000000003,-0.005572571428571434,-0.0021200000000000017,0.21300000000000016
0.4647444522392842,0.5446750020669564,-0.12398086264847623,-1.3594371876021425,0.07928036037648203,1.8955485962115224,0.15893272470521133,-0.006972082154074149,-0.023076507199725604,-0.0009998062213246975,-0.04654892805327639,-0.00021833075289229748,0.01506564121808105,-0.0011079469006476058,0.5740514099534831,0.8188028876108532,0.002748976492241445,0.0,0.818770245787157,-0.5739900289671559,-0.011466392681675357,0.0,-0.0078109807274077125,0.008833249111629471,-0.9999304787285004,0.0,0.661293350687163,0.26032654910718483,0.3038157342962841,1.0,-0.004600000000000003,-0.006045714285714291,-0.0023000000000000017,0.23100000000000018
0.4646856760331427,0.5442283148269651,-0.1239899296576271,-1.3602121497981117,0.07924409461804371,1.8957932826444175,0.15891640343428914,-0.0065486854514199685,-0.027534822527193387,-0.00018718923435298018,-0.04521423264300967,-0.0005489650808819495,0.015683192263733128,0.001598235448216417,0.5741014832326923,0.818767946650076,0.0026987755833745436,0.0,0.8187346010482868,-0.5740401959313027,-0.011500147940907363,0.0,-0.00786689831326437,0.008812002599199925,-0.9999302278264821,0.0,0.6612188742491465,0.2602334125183302,0.30379223834645097,1.0,-0.004880000000000004,-0.0064137142857142925,-0.002440000000000002,0.2450000000000002
0.4646086656134758,0.5437381943170192,-0.12398748844307085,-1.3610000303963126,0.07920490796921659,1.8960659671037052,0.15884793112696854,-0.0026031495523551264,-0.031154651477733553,6.669678212961474e-05,-0.04389228494257199,-0.0005334435342545256,0.01910886258278289,-0.006405042687516521,0.5741401793426677,0.8187408667835973,0.002682242349541968,0.0,0.8187071987715673,-0.5740788199143781,-0.01152293827705834,0.0,-0.007894633946270546,0.008811922626181579,-0.9999300099379379,0.0,0.6611266592483099,0.2601089857609493,0.3037875571095028,1.0,-0.005240000000000003,-0.0068868571428571486,-0.0026200000000000017,0.2630000000000002
0.4645474995591316,0.5432832771461097,-0.12399600451793835,-1.3617544269308182,0.0791656074241543,1.896343269163708,0.15875754363163774,-0.002561431224250036,-0.029512836303436717,-0.00016847682425027925,-0.049516706797221664,-0.0014236631321944196,0.020993603433405155,-0.006439324836913179,0.5741443446966237,0.8187379893586488,0.0026689202029824485,0.0,0.818704114233987,-0.5740829899944628,-0.011534332948569577,0.0,-0.007911567198905012,0.008807597556558994,-0.9999299142088603,0.0,0.6610334957986537,0.2599885674257719,0.3037781741306659,1.0,-0.005580000000000004,-0.007333714285714292,-0.002790000000000002,0.2800000000000002
0.4644776486971627,0.5427657773623721,-0.12399567887033235,-1.3626050336102473,0.07911793814320288,1.8966322546355519,0.15873762563629285,-0.0058569695443422,-0.030548781507659606,-0.0021633251208690355,-0.04817967555407181,-0.004590456240231129,0.015715556575058427,-0.004188789580615476,0.57422903594678,0.8186787284545862,0.0026269284006055034,0.0,0.81864425441339,-0.5741677495092341,-0.011564040844558893,0.0,-0.007959089923667395,0.00879109712359269,-0.9999296822771842,0.0,0.6609366347268303,0.25986424198875746,0.30376081657202486,1.0,-0.005900000000000004,-0.007754285714285721,-0.002950000000000002,0.2960000000000002
0.4644101864267523,0.5422406266147608,-0.12399673760631424,-1.3634468214692195,0.07906828915842778,1.8969264428071246,0.15868165817505653,-0.006693476353588258,-0.030079182190979003,-0.0002359308175789631,-0.050767427948709073,-0.0025689468782332274,0.014189716994697572,-0.00524489338955674,0.5742726874501362,0.8186481711846015,0.0026075210668529145,0.0,0.8186134148246617,-0.5742114270158506,-0.011578473765369933,0.0,-0.007981581650537362,0.008783922088293358,-0.9999295660530809,0.0,0.6608357820585827,0.25973794574343356,0.30375705706200934,1.0,-0.006220000000000004,-0.00817485714285715,-0.003110000000000002,0.3120000000000002
0.4643262792958411,0.541633621394266,-0.12399520665677338,-1.364392136149435,0.07901687866236563,1.8972627900916894,0.1585707616505918,-0.007007652945285892,-0.035718963355264796,3.521318344605334e-06,-0.05672988831717228,-0.0030242269736545867,0.017439392288878697,-0.009983784669541506,0.5742882378636025,0.8186372565386119,0.0026093983332634903,0.0,0.8186024461729351,-0.5742268829075964,-0.011587448689018388,0.0,-0.007987684321561161,0.008790764597059575,-0.999929457190345,0.0,0.6607252728993727,0.25959365170396453,0.30376541113280126,1.0,-0.006560000000000005,-0.008621714285714293,-0.0032800000000000025,0.32900000000000024
0.4642461649071958,0.541011891215761,-0.12400546169125005,-1.3653660642357133,0.07894335489204356,1.8976077797613238,0.15853230365335536,-0.00581242270275181,-0.03851805053153233,-0.001131208166311409,-0.05996002562292848,-0.005089001415223277,0.01563914201800772,-0.000790738991707608,0.5743638544966055,0.8185842609470273,0.0025917713672051557,0.0,0.8185493736917365,-0.5743027165505616,-0.011578406311716222,0.0,-0.007989593661192729,0.00877187979337142,-0.9999296077814775,0.0,0.6606130658667042,0.2594388484411231,0.30377156993167564,1.0,-0.006900000000000005,-0.009068571428571436,-0.0034500000000000025,0.34600000000000025
0.46416062977393857,0.5403688249941008,-0.12400062585426387,-1.3663239373865785,0.07889384075573425,1.897976561520353,0.15846659308536462,-0.0030919267835687178,-0.042004068618062565,0.0004249256386396145,-0.06086652117229769,-0.00798142155682896,0.02271895196889802,-0.002537307350696313,0.574416592836785,0.8185470915484394,0.002642667701039902,0.0,0.818512790650425,-0.5743551961603439,-0.011561448286218402,0.0,-0.0079459129264009,0.008804314557906229,-0.9999296707833664,0.0,0.66050631353589,0.25929690080916473,0.3038019814527288,1.0,-0.007220000000000005,-0.009489142857142866,-0.0036100000000000025,0.36200000000000027
0.4640446455779486,0.5396381344165558,-0.1240063244150119,-1.3674579617131066,0.07882923268804323,1.8983996858229806,0.15836587862887952,-0.0034727591792918576,-0.0397707438931648,-0.0031245289653331018,-0.0644864323660756,-0.005724447289882946,0.025939102072029197,-0.002517007168686522,0.5744786277318946,0.8185035013135744,0.002659232578540072,0.0,0.8184694099484019,-0.5744171623962726,-0.01155402200696326,0.0,-0.007929651305396745,0.008814208927652903,-0.9999297127054253,0.0,0.6603829948691946,0.25911023377674586,0.30381541276520574,1.0,-0.007580000000000006,-0.009962285714285724,-0.003790000000000003,0.3800000000000003
0.4639532721448997,0.5389065674849728,-0.1240097865629092,-1.3686248449772713,0.07875737072151537,1.8988277811292482,0.158295689185055,-0.006320031061080395,-0.04380080087621904,-0.00025225030771291155,-0.06770042321602955,-0.0032830413592080995,0.024965800271264618,-0.00568487676190343,0.5745437165011207,0.8184578446677615,0.002649760761006221,0.0,0.8184236480800455,-0.5744822939997318,-0.011557380558059951,0.0,-0.007937140955580457,0.008809016848279227,-0.9999296990366962,0.0,0.6602463819991794,0.25893640708837523,0.30381404983657456,1.0,-0.007920000000000007,-0.010409142857142869,-0.0039600000000000034,0.3970000000000003
0.46384815504923477,0.53814652944896,-0.1240180450547206,-1.3697856849929029,0.0786975959836142,1.899288832209775,0.15818862411300383,-0.00825113808502705,-0.036848962352293534,0.0007392428754676497,-0.0676521669862694,-0.00913079619749774,0.022527595381848852,-0.0031476359579731515,0.5745962008185737,0.8184208251269846,0.0027029436796363908,0.0,0.8183873063293332,-0.5745345835823924,-0.011531522364098462,0.0,-0.007884855234666033,0.008838193899823168,-0.9999298552331144,0.0,0.660122235159315,0.25875600716574626,0.3038385962589212,1.0,-0.008260000000000007,-0.010856000000000011,-0.0041300000000000035,0.4140000000000003
0.46374309701148164,0.5373605786989067,-0.12402525534415305,-1.371038673507303,0.0786180973721245,1.8997544969512539,0.1581183820312901,-0.0021401360200593257,-0.04619153058754333,-5.730682945015306e-05,-0.07052151682696362,-0.008024678327667336,0.029740341399602705,-0.002225019211675849,0.5746776200990977,0.8183636798351694,0.002695808799933472,0.0,0.8183301305424555,-0.5746160853822608,-0.011528172775517292,0.0,-0.007885334611917483,0.008831214490137546,-0.9999299131182581,0.0,0.659978951755197,0.25856280151158456,0.3038377799324047,1.0,-0.008600000000000007,-0.011302857142857154,-0.0043000000000000035,0.4310000000000003
0.4636493925798609,0.5365873113737931,-0.12403146539300337,-1.3722464111828,0.07855727203687662,1.9002002223171053,0.1579992510209484,-0.00011049847958043764,-0.0462888066047573,-4.998711888037847e-05,-0.07473628314890135,-0.0037376812451708407,0.02811772152059116,-0.0072225440264900055,0.5747113955176626,0.8183399147751481,0.0027097323026878794,0.0,0.8183064634039516,-0.5746497186281069,-0.011531683882374787,0.0,-0.007879842011596194,0.008844951886824631,-0.9999298349964321,0.0,0.6598373691048137,0.2583845469345701,0.3038476768735247,1.0,-0.008920000000000008,-0.011723428571428584,-0.004460000000000004,0.44700000000000034
0.46353158838370045,0.5357290114316074,-0.12404390806643162,-1.3735979023384914,0.07846422713473455,1.900689740029284,0.1579369236887409,-0.005948823917898522,-0.049714744284709615,0.0005069183640200583,-0.07897743662127282,-0.005825037885693672,0.027193875508537645,0.0012462786378415313,0.5748148457735768,0.8182672992069583,0.002695742580004261,0.0,0.8182338003968944,-0.5747533516092379,-0.011523003220129871,0.0,-0.007879661348653921,0.00882951101040376,-0.9999299728842753,0.0,0.6596825866601653,0.2581686102961731,0.3038529762721637,1.0,-0.009260000000000008,-0.012170285714285727,-0.004630000000000004,0.46400000000000036
0.46342030462421796,0.5348915009103888,-0.12404468291775336,-1.3748915527145205,0.07839894791904169,1.9011621461436983,0.15783067802097336,-0.0038736845141477913,-0.05143926682890055,0.00014387160503576805,-0.08856646948048867,-0.006782565141065398,0.025806806796403844,-0.008391724061229712,0.5748729823318324,0.8182263899029552,0.0027158704847991613,0.0,0.8181930337534136,-0.5748112827806551,-0.011528035680520791,0.0,-0.007871581572649,0.008849432942334659,-0.999929860410291,0.0,0.6595310634483358,0.25797367533153387,0.3038691539199603,1.0,-0.009580000000000007,-0.012590857142857154,-0.0047900000000000035,0.48000000000000037
0.4633077809689352,0.5339977371635438,-0.12405574616095376,-1.3763439981807821,0.07832580061041561,1.9016881945156294,0.15771959676100422,-0.006614865799481388,-0.052879667277053136,-0.0006856979859793494,-0.08741369075933153,-0.009283292614824613,0.024613455411080343,-0.010243769673713602,0.5749419683392485,0.8181779975044334,0.002691531726362696,0.0,0.8181442266336574,-0.5748802285177419,-0.01155396843564772,0.0,-0.00790604659988986,0.008845092792691175,-0.9999296269041383,0.0,0.6593576313210812,0.25775622400659054,0.3038542637070548,1.0,-0.009920000000000009,-0.0130377142857143,-0.004960000000000004,0.4970000000000004
0.46318279691737946,0.5330768192929416,-0.12405421185979403,-1.3778203795342763,0.07822721619371743,1.9022360801454299,0.15762928060267442,-0.006897475395804804,-0.05004807010015904,-0.0006421021690611391,-0.08367806385220422,-0.001256865228852722,0.03199927424924093,-0.0032513737027013863,0.5750236144538339,0.8181206626857765,0.0026778738287094907,0.0,0.81808677715589,-0.5749619791975112,-0.011553978586529842,0.0,-0.007913025331531598,0.008834713793925128,-0.9999296634575263,0.0,0.6591850721089718,0.2575327839444205,0.3038483883734732,1.0,-0.010260000000000007,-0.01348457142857144,-0.0051300000000000035,0.5140000000000003
0.4630607276603936,0.5321842284668322,-0.12405426456534605,-1.3792415861414555,0.07816336117501362,1.9027808789575102,0.1575123147456511,-0.007681855710673434,-0.055149579375323436,-3.34134328369726e-05,-0.09335327531388556,-0.002423997152246987,0.03366327192000242,-0.004936385879738586,0.5750933805059133,0.8180715589220088,0.002697236067409579,0.0,0.8180377575088877,-0.5750314858143853,-0.011565660946907495,0.0,-0.007910694922756145,0.008857946538717881,-0.9999294763576861,0.0,0.6590112318469564,0.2573063009986693,0.303843677478849,1.0,-0.010600000000000007,-0.013931428571428582,-0.0053000000000000035,0.5310000000000004
0.46292943095906525,0.5311622578195238,-0.12405391636801447,-1.3808998343647785,0.07805197785285142,1.9033914851406082,0.15740234123936905,-0.0077000014611531414,-0.05545923311431014,0.0004000702360112758,-0.09427248456044111,-0.004525928658963015,0.030072823972920215,-0.011649637757688612,0.5751662193177589,0.8180204366396367,0.0026706360332844296,0.0,0.81798635785438,-0.5751044792366672,-0.011571656201964268,0.0,-0.00793010919299747,0.008840339794885146,-0.9999294783936005,0.0,0.6588233782837253,0.2570756076362836,0.30383233926592246,1.0,-0.010940000000000007,-0.014378285714285725,-0.0054700000000000035,0.5480000000000004
0.46280497818687283,0.5302541385489917,-0.1240542736178388,-1.3823267560699901,0.07796484078743372,1.903897450268503,0.1572958695723107,-0.005354316007551103,-0.06105649931800284,-0.0004698119188425609,-0.0978012956018658,-0.0048677600666865144,0.03878064007201317,-0.009836286850105815,0.5752431921577087,0.8179663752386184,0.0026506143464035343,0.0,0.8179319807590192,-0.5751814470466035,-0.011589854451681751,0.0,-0.007955680211555405,0.00883517721855058,-0.9999293209001765,0.0,0.6586271153643439,0.25682712579327355,0.30382836072765407,1.0,-0.011280000000000009,-0.014825142857142872,-0.005640000000000004,0.5650000000000004
0.4626487598186538,0.5291661990822636,-0.12405745687286616,-1.3840840570184922,0.07785525804829642,1.904533550564347,0.15717286676701023,-0.006862350135322371,-0.06358024119298743,0.0006750426046429421,-0.09762046211332293,-0.008495205798176525,0.03486818909424714,-0.0046392786944815904,0.5753305907442697,0.8179049852448989,0.002625522157551393,0.0,0.8178702966001022,-0.5752689540363344,-0.011599800102196956,0.0,-0.007977306533928141,0.008821226266979884,-0.9999292717725641,0.0,0.6584440841918605,0.2565826065759867,0.3038219172211898,1.0,-0.011600000000000008,-0.015245714285714298,-0.005800000000000004,0.5810000000000004
0.46251932347441016,0.5282263570138002,-0.12406627603258459,-1.3855656148131414,0.07776709325455868,1.9050895101909842,0.15706108904544783,-0.0029943327965683687,-0.058897022118393025,-0.001504978767825246,-0.10051871360363564,-0.007588952988901379,0.03832805166655731,-0.006365518596019835,0.5754100655305465,0.8178490364530577,0.0026376050018075024,0.0,0.8178145421994574,-0.5753484197233472,-0.011589537960914931,0.0,-0.007961103860545105,0.00882597845205009,-0.9999293589697652,0.0,0.6582619307450299,0.2563406123778689,0.30382749358215116,1.0,-0.011920000000000009,-0.01566628571428573,-0.005960000000000004,0.5970000000000004
0.46236615587620694,0.5270418112755726,-0.12406707730886725,-1.3874121369365124,0.0776439066035425,1.9058009659644768,0.15691646839039539,-0.010550471608522594,-0.0650189219251573,0.0006331127205157581,-0.10476511065464966,-0.012555882163562146,0.046379655547148756,-0.014861083790853514,0.5754822462103707,0.8177981514275399,0.002667343167504144,0.0,0.8177641517475375,-0.5754206131593305,-0.011561010733451463,0.0,-0.007919881447758903,0.008834584141263771,-0.9999296103230989,0.0,0.6580603930497138,0.25607562673050105,0.3038434997466209,1.0,-0.012260000000000009,-0.01611314285714287,-0.006130000000000004,0.6140000000000004
0.4622234347261916,0.5258776806672221,-0.12407098013056235,-1.3892185435824256,0.0775377190969464,1.9064786948512342,0.15679988814417442,-0.00695970968646813,-0.0708223589087715,0.0009441836596158922,-0.11043693687903447,-0.009274007561790577,0.03552753194183739,-0.0028278153258863743,0.5755766131441619,0.8177316715398486,0.002687501320847818,0.0,0.817697949176399,-0.575514919589285,-0.011549378513952092,0.0,-0.007897747547010447,0.008845286786626966,-0.9999296907709792,0.0,0.6578628689398425,0.25581705373141234,0.30385623877997525,1.0,-0.01258000000000001,-0.0165337142857143,-0.006290000000000005,0.6300000000000004
0.4620714940563772,0.5248039120632735,-0.12408188919522696,-1.3909277085903298,0.07743159873128973,1.9071047000014147,0.15668075530975029,-0.01144485789333955,-0.0629423575182836,-0.0007088760329601439,-0.10636809806048982,-0.006823270715511973,0.031110495226451793,-0.009641156639062514,0.5756731963002535,0.8176636978422627,0.002682385799022996,0.0,0.8176299296334277,-0.5756115303358793,-0.011550377190004698,0.0,-0.007900464038339994,0.00884261171522531,-0.9999296929714773,0.0,0.657645285967841,0.2555393674183817,0.3038579783609715,1.0,-0.01292000000000001,-0.016980571428571446,-0.006460000000000005,0.6470000000000005
0.4619155770246987,0.5236114700205231,-0.1240872482083022,-1.392810212162082,0.07730324651996127,1.9077740530473448,0.15653773081881217,-0.010363500510451271,-0.07209898248214973,-9.428354252389772e-05,-0.10948930594465252,-0.005825881469270353,0.03540930704397714,-0.006828528232548643,0.5757537915896425,0.8176070391848316,0.002654778102282958,0.0,0.8175730009786193,-0.5756923046861631,-0.011554449236415002,0.0,-0.007918816167213072,0.008823162730835443,-0.9999297196053005,0.0,0.6574159581959521,0.255250633831472,0.3038585115618962,1.0,-0.01326000000000001,-0.017427428571428587,-0.006630000000000005,0.6640000000000005
0.46176634000634476,0.5224099290680614,-0.1240858344565353,-1.3947457393623692,0.0771828198466157,1.908503272763046,0.1563908601944791,-0.010658149385210893,-0.07653670218364104,-0.0003469694678811044,-0.11467941742934182,-0.005567666451075041,0.044797676126311234,-0.006215037434694462,0.5758260666609382,0.8175561669975749,0.0026460648584272634,0.0,0.8175220281900945,-0.575764613291554,-0.011558131613295115,0.0,-0.007926063870753064,0.008818859564991566,-0.9999297001427099,0.0,0.6571820570185528,0.25496940440272325,0.3038449041358286,1.0,-0.01360000000000001,-0.01787428571428573,-0.006800000000000005,0.6810000000000005
0.461603733119949,0.5211841663240527,-0.12408524394892849,-1.3967169797788055,0.07707141756544358,1.9092769280442612,0.15624131729298882,-0.006607111456510903,-0.07454447526886758,0.0010235624861652459,-0.11278457183407065,-0.003453637916503863,0.048142534782122,-0.0106633687781229,0.5759119938876891,0.817495561372439,0.002670081248828892,0.0,0.8174616974952458,-0.5758504098018092,-0.011550998246377096,0.0,-0.007905474619375796,0.008835217686901056,-0.9999297187300054,0.0,0.6569517093698296,0.2546794597533345,0.30383489813491843,1.0,-0.01394000000000001,-0.018321142857142873,-0.006970000000000005,0.6980000000000005
0.461441861797071,0.5199911250078557,-0.12409401575602595,-1.3986144832799658,0.07695612052611017,1.9099755067605575,0.15612439626671176,-0.010278937470835678,-0.07227161243880288,-0.006279316439572833,-0.1174250684861562,-0.009661624144723612,0.03718083941264881,-0.00946044330927873,0.5760249727176314,0.8174159891445257,0.002660525838438824,0.0,0.8173820179701479,-0.5759634244516422,-0.011554968377066892,0.0,-0.007913002682546855,0.00883078634283975,-0.999929698329394,0.0,0.6567243873089355,0.2543872333906279,0.30383042788607423,1.0,-0.01426000000000001,-0.018741714285714303,-0.007130000000000005,0.7140000000000005
0.46127160164055875,0.5186510412016807,-0.12410037874543034,-1.4006967858196813,0.07681794479538517,1.9107163005180343,0.15595145558140386,-0.007131215516454121,-0.07685881139395696,-0.0015638910670701203,-0.1215605433112734,-0.012137963356288913,0.04023873190066506,-0.009737997118329159,0.576100365303595,0.817362885729309,0.0026512318890088505,0.0,0.8173288584667404,-0.5760389100688944,-0.011552406905220237,0.0,-0.00791544831439378,0.008822444030993914,-0.9999297526123033,0.0,0.6564678657814063,0.2540701496955095,0.3038444060775004,1.0,-0.01460000000000001,-0.019188571428571447,-0.007300000000000005,0.7310000000000005
0.4610982980455392,0.5173059794188963,-0.12410109041454412,-1.4028024697934551,0.07668080201321,1.9114771774677342,0.1558018518404532,-0.010340998648382217,-0.07785857351495765,1.9193503780509693e-05,-0.12612258372580418,-0.010061460548694785,0.047342789675577986,-0.00927243140360945,0.5761946120512924,0.8172964699471225,0.002645024809267842,0.0,0.8172623954291807,-0.5761332024875317,-0.01155235517229133,0.0,-0.007917964933227606,0.008818253897082434,-0.9999297696486104,0.0,0.6562086356769239,0.25375322496274766,0.30385191765063296,1.0,-0.01494000000000001,-0.01963542857142859,-0.007470000000000005,0.7480000000000006
0.4609125128977089,0.5159515721685847,-0.12411266259028804,-1.404934337682731,0.07654135760291955,1.912272760538702,0.15563893623764682,-0.011027184096277768,-0.08363219257244874,-0.0024986817429379317,-0.12366914814869921,-0.004286886421045715,0.04412393193646801,-0.007602944829006159,0.5762964868865827,0.8172246226121318,0.002649962235547784,0.0,0.8171907295100427,-0.5762351792039551,-0.011535889728945693,0.0,-0.007900563776883307,0.008813786989055356,-0.9999299466717251,0.0,0.6559553659632145,0.2534208075887746,0.3038564801914873,1.0,-0.015280000000000012,-0.020082285714285733,-0.007640000000000006,0.7650000000000006
0.4607215241667574,0.5145756537800934,-0.12410763415102957,-1.4071279829636705,0.07641107463373777,1.9131019551860353,0.15546880495969875,-0.01509888568935044,-0.08262149545453397,0.002224554004642173,-0.12742348612582083,-0.008419272194795014,0.05302634169640849,-0.013775197939053904,0.576390526451385,0.8171582686418126,0.0026593060408862104,0.0,0.8171244427023289,-0.5763291161690509,-0.011538712901241678,0.0,-0.007896471188106546,0.008823958658899983,-0.9999298892904249,0.0,0.6556909760703364,0.25309140428200344,0.3038487305776297,1.0,-0.015620000000000012,-0.020529142857142878,-0.007810000000000006,0.7820000000000006
0.4605509829521551,0.513262907161814,-0.12411486695033051,-1.4092488931607303,0.07629305316312987,1.9138523449705171,0.155308401218868,-0.01094628850581363,-0.08292702440769185,-0.001118850853010533,-0.13647358704334506,-0.0076507957714278645,0.05028702849919546,-0.006521007604600629,0.5764834457630322,0.8170928685970126,0.0026129964206720174,0.0,0.8170583062926372,-0.576422026014748,-0.01158097338173624,0.0,-0.007956695261895241,0.008811379516576595,-0.9999295228122451,0.0,0.6554225826692841,0.2527727949996848,0.30382449265394884,1.0,-0.015940000000000013,-0.020949714285714308,-0.007970000000000007,0.7980000000000006
0.46035572224287913,0.5118582004291746,-0.1241171081202614,-1.4115298791795954,0.07614091028069403,1.914659992449114,0.15512406831562045,-0.0085165456956706,-0.07967327646859405,-0.0013044297115913565,-0.1272313905426921,-0.010155560518904748,0.04768913642759795,-0.019352069130480275,0.5765720692365236,0.8170305493843251,0.002545044256859829,0.0,0.816995142205775,-0.5765109089853357,-0.011612766004523014,0.0,-0.008020893237666915,0.008775054266327229,-0.999929329349976,0.0,0.6551361025115134,0.25242159754631766,0.30379284960861436,1.0,-0.016280000000000013,-0.02139657142857145,-0.008140000000000007,0.8150000000000006
0.4601759774431774,0.5104762937184307,-0.12411989455170315,-1.4137307703932631,0.07601333493793261,1.9154854864334578,0.1549542806251867,-0.010292712269519087,-0.08523212378908254,-0.0005388337939430277,-0.13312277931432823,-0.011658168585678468,0.05098182021030883,-0.010209726121617833,0.5766781291158034,0.8169556587398067,0.002556159954619529,0.0,0.8169203341775804,-0.5766168500229688,-0.011615626456958437,0.0,-0.008015681189334267,0.008786825951674099,-0.9999292677708588,0.0,0.6548513986742079,0.25207214763691477,0.30378589497535724,1.0,-0.016620000000000013,-0.021843428571428593,-0.008310000000000007,0.8320000000000006
0.4599620511543483,0.508903792957422,-0.12411817577920976,-1.4162375459121312,0.07585998441243143,1.916424619817307,0.15476671685761964,-0.011510719033605702,-0.08738393041649103,0.0007888872142141465,-0.14179856216931708,-0.006547571938124552,0.05031835117553835,-0.013103101231174502,0.5767722271217308,0.8168892431048347,0.002551356865867685,0.0,0.8168538343344549,-0.5767109287109815,-0.011621744259118674,0.0,-0.008022436940572641,0.008787354141808007,-0.9999292089506742,0.0,0.6545580528055976,0.25171768499934016,0.3037731923252179,1.0,-0.016960000000000013,-0.022290285714285735,-0.008480000000000007,0.8490000000000006
0.4597651611255572,0.5074934484120366,-0.12412412021952715,-1.418464120530872,0.07571794704006869,1.9172075937659607,0.15458349482857436,-0.010511544808243397,-0.09055580141809613,0.0003042154232798803,-0.14059635772642848,-0.013157322573674492,0.04510465809208586,-0.0148066223809879,0.5768643940729943,0.816824263405768,0.002518027726238623,0.0,0.8167884130249126,-0.5768031893440811,-0.011641134478625182,0.0,-0.008056509785138,0.008772220750234275,-0.9999290678809128,0.0,0.6542777435602016,0.2513699595235157,0.3037679485489438,1.0,-0.017280000000000014,-0.022710857142857165,-0.008640000000000007,0.8650000000000007
0.45955190801161305,0.5059355495494724,-0.12412830805876626,-1.4208863277375707,0.07556746968774394,1.9180984483279968,0.15439055052746856,-0.013710563026211726,-0.0888884962116332,0.0013741091102082636,-0.14425354995209821,-0.005866575313610832,0.0507911916364333,-0.009316022152407202,0.5769683972342109,0.8167507451883106,0.0025368737717118943,0.0,0.8167151402157818,-0.5769071150398092,-0.011632164887439685,0.0,-0.008037193551992672,0.008783463858540966,-0.9999291246295676,0.0,0.6539792977080717,0.2509972596404038,0.30378155271151214,1.0,-0.017620000000000014,-0.02315771428571431,-0.008810000000000007,0.8820000000000007
0.4593161402857393,0.5042073400123579,-0.12414324866512728,-1.4234909636873183,0.07539945123221466,1.9191260067090652,0.15418583932984084,-0.01112717855816258,-0.0988871719086616,-0.0024723247238621062,-0.14673362427532755,-0.002107156399504661,0.05904366929680204,-0.007727585972840769,0.5770932990250841,0.8166621251374715,0.0026541453430639194,0.0,0.8166282389115007,-0.5770318248295445,-0.011547270127397116,0.0,-0.00789884390832768,0.008831472283083189,-0.9999298042173886,0.0,0.6536768574846723,0.2505905783938654,0.30383886178112246,1.0,-0.017980000000000013,-0.023630857142857165,-0.008990000000000007,0.9000000000000007
0.4591021658240643,0.5026433974325784,-0.12414416147811946,-1.4258334566682556,0.07524976419418018,1.9200129750304786,0.15400737897196026,-0.011393677458792092,-0.10375646080705775,-0.0008892726349527178,-0.14754583872219737,-0.00788241495559108,0.05707516310976016,-0.01223113102660494,0.5772025720623845,0.8165846070067371,0.0027417704916717104,0.0,0.8165519165276524,-0.5771408696917513,-0.011494826996313406,0.0,-0.007804261235548948,0.008873812505726594,-0.9999301720411182,0.0,0.6533942389264888,0.25022885929408534,0.30389292424044123,1.0,-0.018300000000000014,-0.024051428571428595,-0.009150000000000007,0.9160000000000007
0.4588851902584138,0.5010313793357265,-0.12414297989894695,-1.4282110611630177,0.07509447601027201,1.9208712705588387,0.15381616511872379,-0.014905840596310192,-0.10257309383708806,-0.0001858733185217881,-0.14983494471801526,-0.00704222575246182,0.04844550027748812,-0.011449054335023386,0.5773071082533485,0.8165104588231256,0.002814301656529113,0.0,0.8164787433399645,-0.577245207330086,-0.011453348403281032,0.0,-0.007727385392725883,0.008910088473232367,-0.9999304465003511,0.0,0.6530764458299884,0.24984051039489655,0.30396153998758996,1.0,-0.018640000000000014,-0.024498285714285736,-0.009320000000000007,0.9330000000000007
0.45865574633080936,0.4993475278269539,-0.12414546494299644,-1.4308074169160323,0.07492809460581057,1.9218057578611167,0.15361186156552692,-0.016183867220434224,-0.10012175808307418,0.00010271305078171674,-0.1541490105951597,-0.008494702029357173,0.05767033734174342,-0.013609065290464888,0.577411137781438,0.8164368371408639,0.0028312235122461976,0.0,0.8164053322988133,-0.5773491621255349,-0.011446627809773091,0.0,-0.007710992542855455,0.0089210081167799,-0.9999304756872772,0.0,0.6527702638737012,0.24945971827365093,0.30398057467124806,1.0,-0.018960000000000015,-0.024918857142857166,-0.009480000000000008,0.9490000000000007
0.45840533691884955,0.49768197086054505,-0.124149295476772,-1.433436266186942,0.07476376765343151,1.9227857219339135,0.15340632947576185,-0.016867178867786835,-0.10324190578703861,-0.0017862602509909368,-0.14946131893071984,-0.0038991161628534436,0.051012752010664054,-0.017920574442249326,0.5775395495472121,0.8163459744169729,0.002840011129343847,0.0,0.8163145959238977,-0.5774775454431537,-0.011441673468613554,0.0,-0.0077004696785948346,0.008926533342027379,-0.9999305074700056,0.0,0.652447254354663,0.2490441628804816,0.30397570724331313,1.0,-0.019300000000000015,-0.02536571428571431,-0.009650000000000008,0.9660000000000007
0.4581397541803054,0.4960149164787049,-0.1241409677457961,-1.4361132470974876,0.0746000487559603,1.9237412340214557,0.15319397539369004,-0.017790175750913694,-0.10086070683093243,0.0013170880663806487,-0.15522280558848794,-0.008988115792030033,0.04913375141424364,-0.013592663945007381,0.5776679996305345,0.8162552430398005,0.0027941571361716757,0.0,0.8162231414966727,-0.5776059713742712,-0.011483554297142151,0.0,-0.007759738955984363,0.00891450918692617,-0.9999301565495917,0.0,0.6521075364836272,0.24861879094510325,0.3039458872597495,1.0,-0.019640000000000015,-0.025812571428571452,-0.009820000000000008,0.9830000000000008
0.45786969540232714,0.49433951034090157,-0.12414652157480104,-1.4388737459133518,0.07443052214959507,1.9246763608626658,0.15296713229643324,-0.01234521278647375,-0.1002372169515712,0.0005693068664768565,-0.1609987048100505,-0.011247309760122032,0.058231049451748916,-0.01764070411470997,0.5778000920757718,0.8161621777355496,0.0026646073638217508,0.0,0.8161282500835247,-0.5777382961351397,-0.01157097643579863,0.0,-0.007904499794240016,0.008860543187919886,-0.9999295023437491,0.0,0.6517469754486064,0.2481705179532088,0.3038802370636156,1.0,-0.019980000000000015,-0.026259428571428597,-0.009990000000000008,1.0000000000000007
0.457603737667746,0.4923376882982599,-0.12423614962877239,-1.4418954713774184,0.07426801783120851,1.9257786145706859,0.1528715713006845,-0.014749061028878317,-0.14856004779580964,-0.008637881987677957,-0.22869462889338515,-0.009133341373159033,0.08113610439578826,-0.0019657715485935866,0.5781414259859983,0.8159202237449246,0.002725242029036086,0.0,0.8158872177734402,-0.5780795426052228,-0.011525502004657441,0.0,-0.0078286342342474,0.00888703140390025,-0.9999298641199053,0.0,0.651349506751924,0.2476216926267626,0.30393365982702003,1.0,-0.03388628571428478,-0.044536261224488574,-0.07240126426971004,1.0169999999999988
