position_joint1,position_joint2,position_joint3,position_joint4,position_joint5,position_joint6,position_joint7,velocity_joint1,velocity_joint2,velocity_joint3,velocity_joint4,velocity_joint5,velocity_joint6,velocity_joint7,ee_T_00,ee_T_10,ee_T_20,ee_T_30,ee_T_01,ee_T_11,ee_T_21,ee_T_31,ee_T_02,ee_T_12,ee_T_22,ee_T_32,ee_T_03,ee_T_13,ee_T_23,ee_T_33,v_x,v_y,w_z,time
0.4650839658469316,0.5472559193979398,-0.12399494538599985,-1.355539921068733,0.07943813758081966,1.894181673565518,0.1591289615293079,8.736566074826033e-05,-0.0004504113459058069,0.0002878587748018542,0.00038264561281569715,0.0003114793441116394,5.22913880360373e-05,0.0013558267043529732,0.5737440530077567,0.8190185199934021,0.0026781425014483773,0.0,0.8189857986121956,-0.5736838732656999,-0.011393951360992378,0.0,-0.007795600106627387,0.008730740602786335,-0.9999314990475618,0.0,0.6617765753912996,0.26093084516803405,0.3037331839979345,1.0,5e-324,6.92895285623885e-310,6.92874065665986e-310,0.0
0.46507976387313366,0.5472637147652532,-0.12399494538599984,-1.3555433605353058,0.07944130105327711,1.8941809702578554,0.15912159123221148,-0.0008572757646946936,0.0022981815442499466,0.0001919058511284079,-0.0006729228443801785,0.00020765289607442626,-0.00020249801572285218,-0.0014697049401535738,0.5737424994256599,0.8190196358441726,0.002669710786560928,0.0,0.8189867746933666,-0.5736823116204122,-0.011402416955441655,0.0,-0.0078073878436065725,0.008728677084040418,-0.9999314250944521,0.0,0.6617763621713786,0.26092801839085117,0.30372596776596544,1.0,-0.0,-0.0,-0.0,0.001
0.46508434431466256,0.5472625580385376,-0.12399494538599984,-1.3555409038472668,0.07944201248248327,1.8941799150042322,0.159125473603089,0.0007882972445488597,-0.000593734305326665,-0.00031769033263535776,0.0011892397800871476,4.549409480969491e-05,-0.00036845868553624556,0.0005462113402573559,0.5737404960373874,0.8190210483917058,0.002666908197169261,0.0,0.8189881337828532,-0.5736802979583464,-0.011406110577683443,0.0,-0.0078120423602497935,0.008728481758388862,-0.9999313904465421,0.0,0.6617747596825053,0.2609307239901479,0.30372396325042617,1.0,-0.0003200000000000001,-0.00042057142857142873,-0.00016000000000000004,0.017000000000000005
0.465080767514189,0.5472445986618665,-0.12399718195046346,-1.3555531043547029,0.07944104713374668,1.8941785331823422,0.1591301131331014,0.00019971271042742885,-0.00076675213721199,0.00047952007147006445,-0.003020365217654068,0.0002115669772637803,-0.0003165374813335148,-0.0011668099275834033,0.5737506292460024,0.8190139209464702,0.0026757497853323146,0.0,0.8189811392395827,-0.5736904232079121,-0.011399069723896465,0.0,-0.007801094958216848,0.008731780148241955,-0.9999314471166989,0.0,0.6617744102650839,0.2609262747798253,0.3037347334149401,1.0,-0.0006800000000000004,-0.0008937142857142863,-0.0003400000000000002,0.03500000000000002
0.4650804153031306,0.547211027356104,-0.12399814156017633,-1.355582099757081,0.0794373800517565,1.894182726164596,0.15912309407194455,-0.0011566086027818303,-0.007523726577716562,0.0012083432566553968,-0.0006992498760185548,0.0002098896424798818,-0.00017687866604439032,0.0012031829441701792,0.5737534748953241,0.8190119029826175,0.0026832293119385935,0.0,0.8189791983287324,-0.5736932233102552,-0.011397593339146982,0.0,-0.007795564226038387,0.008737085990582746,-0.9999314439034263,0.0,0.6617698104588693,0.2609201902520386,0.3037448562727229,1.0,-0.0009600000000000006,-0.0012617142857142866,-0.0004800000000000003,0.04900000000000003
0.46507753239611455,0.547072093972412,-0.12399313037617359,-1.355743633877709,0.0794370143177251,1.894214365006737,0.1591301131149133,0.0002810300280426384,-0.007926039104504368,0.0004217588798121831,-0.009847349733586324,-0.00018249662605451033,-0.0003397783751307107,0.0008626221960342235,0.5737597115558286,0.8190074836264306,0.00269852931848053,0.0,0.8189748758002846,-0.5736992984867367,-0.011402395579138833,0.0,-0.007790652927835873,0.008752431423405135,-0.9999313479790184,0.0,0.6617425665714447,0.2609079009844703,0.30376920417152753,1.0,-0.001340000000000001,-0.0017611428571428587,-0.0006700000000000005,0.06800000000000005
0.4650627169138371,0.5469302471827477,-0.12399560972430473,-1.3559339163340087,0.07943330134986121,1.8942641777340845,0.1591235570013523,-0.004513043323550049,-0.007725835761565446,0.0004476687305182823,-0.01232610453684778,-0.0001983620858386695,0.0007308238780243438,-0.001341845319076257,0.573777703587084,0.8189948592479833,0.002704494946647056,0.0,0.8189622521195296,-0.5737171838970628,-0.011409180765507397,0.0,-0.007792595202132602,0.008761381495538234,-0.9999312544641783,0.0,0.6617172639082064,0.2608787151287469,0.3037835002432966,1.0,-0.0016800000000000012,-0.002208000000000002,-0.0008400000000000006,0.08500000000000006
0.465046079515322,0.5467780938413368,-0.123998934036512,-1.3561426261579803,0.07942696678758066,1.8943703120748363,0.15912217657741964,-0.0007214304981915456,-0.011896530766161614,-0.0006255039994758103,-0.014246832259040543,0.0001460983961415195,0.008595478403328654,-0.0009393607724243035,0.5738026679723098,0.8189772231901029,0.0027482767137965106,0.0,0.8189451815865154,-0.5737420098379855,-0.011386070635050498,0.0,-0.007748279884773557,0.008784214803898655,-0.9999313985114711,0.0,0.6617000541491163,0.2608491913889996,0.30380124430773026,1.0,-0.0020000000000000013,-0.0026285714285714306,-0.0010000000000000007,0.10100000000000008
0.4650201060646596,0.5465722838607802,-0.12399629754604938,-1.3563705851935395,0.07942623867777876,1.894480845495436,0.1591213457081765,-0.0036196709682188824,-0.01225009908021103,-0.0003072333429811457,-0.01780302045415351,0.0005239929024558774,0.0005596796047751848,0.00022098918279529677,0.5738339982051838,0.8189549875675168,0.002831561998208709,0.0,0.8189239384100803,-0.5737729896594386,-0.01135281187199826,0.0,-0.007672915839777195,0.008833633405622043,-0.9999315442985939,0.0,0.6616814542800444,0.2608165640757085,0.3038480229601634,1.0,-0.002340000000000002,-0.0030754285714285744,-0.001170000000000001,0.11800000000000009
0.4649860935608583,0.5463475920904677,-0.12399598121139149,-1.3566666865077224,0.0794172665356816,1.8946133672604877,0.15910865210522157,-0.0020087104322611573,-0.009278342966927276,0.00023515605067208484,-0.018651913899053518,-0.0006399848395659523,0.0005292141302894722,-0.0012754709094316007,0.5738654840471952,0.8189327270632039,0.0028881941262318264,0.0,0.8189023658153002,-0.5738042546379436,-0.011328703487448612,0.0,-0.007620334678271001,0.008866471620411029,-0.9999316557547299,0.0,0.6616551980850766,0.26076959139258193,0.30387769444568125,1.0,-0.002680000000000002,-0.0035222857142857174,-0.001340000000000001,0.1350000000000001
0.46495257305806115,0.5460768615423138,-0.1239988386944935,-1.3570700251095424,0.07939826010528442,1.8947496498467438,0.15910142824249227,-0.001164922893626007,-0.018963412919452406,-0.00026600876534668005,-0.023983114535082665,-0.0028513749741412293,0.015705021029017295,-0.0013012205603432077,0.5739003152767703,0.8189082927779138,0.0028953490281583057,0.0,0.8188779897910696,-0.5738390209757248,-0.011329728265371115,0.0,-0.007616690824632233,0.008873243052843524,-0.9999316234516276,0.0,0.6616110550449813,0.26070939988167635,0.3038897982306023,1.0,-0.0030200000000000023,-0.003969142857142861,-0.0015100000000000011,0.1520000000000001
0.4649115446656062,0.5458180980648576,-0.12399916865916276,-1.3574901837685052,0.07937075237707134,1.8949009659155023,0.1590869940058551,-0.007474087964718411,-0.024204617941643608,-0.0012175450791676453,-0.022589373095996824,-0.003984513868010413,0.014459349232145334,-0.001488096494830058,0.5739571742546459,0.8188684507848949,0.002892979774623102,0.0,0.8188381377413245,-0.5738959037105376,-0.011328847505088292,0.0,-0.007616713208828341,0.008871326273279065,-0.9999316402884988,0.0,0.6615609690147004,0.26063309849361904,0.30389171114810043,1.0,-0.0033800000000000024,-0.004442285714285718,-0.0016900000000000012,0.17000000000000012
0.4648668252107884,0.545516217266133,-0.12399641187108366,-1.3579782846043305,0.07933360821873658,1.8950632048072695,0.15906441998576507,-0.0033445015443815647,-0.01750342674777735,0.000921931782570721,-0.030069749524091992,0.00016591578446549792,0.013213721744449231,-0.0016136086434739294,0.5739782066978243,0.8188538283575211,0.0028588321723459287,0.0,0.818823086594967,-0.5739170478141329,-0.011345571321425267,0.0,-0.0076497792728594805,0.008853158915194503,-0.9999315488843719,0.0,0.6615017697516465,0.2605626518491429,0.3038809537147781,1.0,-0.0037000000000000028,-0.004862857142857147,-0.0018500000000000014,0.18600000000000014
0.46481237920523216,0.5451719804506342,-0.12400047879623394,-1.3585464272989105,0.07929389317680727,1.895253985309608,0.15897658838872208,-0.006423332729168667,-0.02211116573811617,0.0005874188783130679,-0.03704838475746139,-0.0019409362938221657,0.011246673484163975,-0.006331142905234917,0.5739748482121352,0.8188562938997359,0.0028267404999702686,0.0,0.8188251713892116,-0.5739138238496002,-0.0113581862533897,0.0,-0.007678564687669698,0.008834089588715052,-0.9999314969064009,0.0,0.6614357975995464,0.26046788329967663,0.3038708355638422,1.0,-0.004040000000000003,-0.00530971428571429,-0.0020200000000000014,0.20300000000000015
0.4647536813770426,0.5447957979029531,-0.12400522480371128,-1.3591760881169057,0.07927014807922184,1.895454779019602,0.15892959702170908,-0.00800537114984459,-0.02219760822480232,-0.0005420373796760352,-0.0382411746768553,-0.00021659884300570954,0.018299296586642574,-0.003124898842187416,0.5740164742935068,0.8188272460110699,0.0027884280135606733,0.0,0.8187954925660861,-0.5739554046237865,-0.011396567808513,0.0,-0.007731535759857411,0.008825139872627799,-0.9999311677615726,0.0,0.6613588427342306,0.2603662955259354,0.30385493894074644,1.0,-0.004380000000000004,-0.005756571428571435,-0.002190000000000002,0.22000000000000017
0.4647035257474056,0.5444251095140047,-0.12401068562721348,-1.3598429579871054,0.07923879868969089,1.8956682797382658,0.15892322388362745,-0.0008582757520785341,-0.022349274655682753,-0.0006345900757547479,-0.04262274327516676,7.184021608425004e-06,0.007901848112904302,-0.0014243883896176588,0.5740849578689821,0.8187794629993662,0.002720114013563091,0.0,0.8187467359091188,-0.5740239890883118,-0.011445055286603044,0.0,-0.007809715885953861,0.00879768793467807,-0.9999308021182188,0.0,0.661274028313369,0.26026509063455905,0.30381852313933133,1.0,-0.004700000000000004,-0.006177142857142863,-0.002350000000000002,0.23600000000000018
0.4646318545927346,0.5439823691298634,-0.12400807275086118,-1.360581162505216,0.07920045046278626,1.8959066513460454,0.15887865936983073,-0.004461353832505788,-0.02217346946270789,0.0003192738644612736,-0.04646726277898685,-0.00013395348327431214,0.01272339262624391,-0.004540577008365,0.5741361459212948,0.8187437182127646,0.0026752074661436955,0.0,0.8187103010613184,-0.5740751915863038,-0.011483215683848438,0.0,-0.007866191915943621,0.008783318211608965,-0.9999304857568525,0.0,0.6611837205473483,0.26014737130978216,0.30380099263946125,1.0,-0.005040000000000004,-0.006624000000000006,-0.002520000000000002,0.25300000000000017
0.46457457509032535,0.5435368963682293,-0.12401161459028524,-1.3613042668701125,0.07916840129156706,1.8961668353805534,0.15882232815697203,-0.004321515001371352,-0.030441917263883313,-0.0002994409265178405,-0.04495082383652885,-0.0012450307509645191,0.013791691659731924,-0.007939028607019876,0.5741660956554085,0.8187227524885624,0.0026638428228695915,0.0,0.8186890811140056,-0.5741050549639714,-0.011503096571322216,0.0,-0.007888673138178925,0.008785716231453022,-0.9999302875832993,0.0,0.6610919535482894,0.260036911442441,0.3037942890730897,1.0,-0.005380000000000004,-0.007070857142857149,-0.002690000000000002,0.2700000000000002
0.46449716001731606,0.5430001697430483,-0.12401574975059004,-1.3621705557593593,0.07911633334756289,1.896470425816227,0.15872416538211906,-0.0031779104960984335,-0.034087176758451306,-0.0004903255156899212,-0.04906662294474506,-0.004288523918781454,0.012615859168361047,-0.0041040994270416,0.5741913858974523,0.8187050882968978,0.0026415259113575446,0.0,0.8186711315963122,-0.5741304190249437,-0.011514649029163177,0.0,-0.007910673676757463,0.008774322224062672,-0.9999302138206886,0.0,0.6609978324778337,0.25990276164471976,0.3037884235107424,1.0,-0.005720000000000004,-0.007517714285714292,-0.002860000000000002,0.2870000000000002
0.46441952047754115,0.5424342818565181,-0.12401540818482334,-1.3630956957129052,0.07904908599642953,1.8967877122827668,0.15870431603698096,-0.004125260229420629,-0.029017376863786838,-0.00039785026928282027,-0.04862120186600303,-0.0034256884392123727,0.015181470401639034,-5.84708193594474e-05,0.5742719046466197,0.818648749659765,0.0025982908335244453,0.0,0.8186142948561378,-0.5742111388010291,-0.011530448179580358,0.0,-0.007947572462173536,0.008748778897137974,-0.9999301450400259,0.0,0.660886826559918,0.25975991029547735,0.3037757538392337,1.0,-0.006080000000000005,-0.00799085714285715,-0.0030400000000000023,0.3050000000000002
0.46434730368263977,0.5419006026636076,-0.12401894968981873,-1.363953136764185,0.07900661164726132,1.8970927762363345,0.15862637968553078,-0.003789694191882788,-0.03572746305257906,-0.0007105489595362209,-0.05353559770893006,9.713908659320027e-05,0.01826769782429225,-0.015409721187406734,0.5743059886525781,0.8186248782356119,0.002585929759746302,0.0,0.818590180998344,-0.5742451693228056,-0.011547639747109421,0.0,-0.007968380925168772,0.00874886381438654,-0.9999299786922025,0.0,0.6607860871564808,0.25962919132233225,0.3037715756486789,1.0,-0.006400000000000005,-0.008411428571428578,-0.0032000000000000023,0.32100000000000023
0.4642640384819012,0.541322245016387,-0.12401657951703875,-1.3648421576390377,0.0789490930543762,1.8974229121637203,0.15854418368807904,-0.0072233029917500875,-0.032413904136128074,0.0023473786499082724,-0.053708037977185256,-0.0026727072374709434,0.017676970884800636,-0.002386450606417751,0.5743392033067718,0.8186015296384044,0.0026004076248090507,0.0,0.8185670392818751,-0.5742783527571413,-0.011537879227022364,0.0,-0.007951720872018675,0.008755432902678384,-0.9999300538186957,0.0,0.6606864611222809,0.25949071109566,0.3037858470486703,1.0,-0.006720000000000005,-0.008832000000000008,-0.0033600000000000023,0.33700000000000024
0.4641782945406687,0.5406731033361942,-0.12402724376920025,-1.3658304598517328,0.07889586685365692,1.8977844779307924,0.1585023168258683,-0.0038015768685267844,-0.03908241532846943,0.0011529250158479872,-0.05690592128902111,-0.003977055375688899,0.014236404247622429,0.000505044623954751,0.574423137111321,0.8185425730375715,0.00261965215794878,0.0,0.8185083230356015,-0.5743622024426256,-0.011529632600908488,0.0,-0.007933018687444893,0.008767263620086688,-0.9999300987084649,0.0,0.6605753008533414,0.2593350158740508,0.30380598727863795,1.0,-0.0070600000000000055,-0.009278857142857151,-0.0035300000000000028,0.35400000000000026
0.4640799873831787,0.5400210876253485,-0.12402558462649964,-1.3668196008283118,0.07884309946661928,1.8981541852989243,0.15841957022096015,-0.008513628176877489,-0.043100009140340095,0.0005856678058633539,-0.06642498621419687,-5.9802709614074134e-05,0.012309503847306011,-0.0010770924934537423,0.5744753979973181,0.8185057945956172,0.0026510772203872266,0.0,0.8184718881581872,-0.5744142829727584,-0.01152157597171503,0.0,-0.007907812324960128,0.008788863332984884,-0.9999301087503802,0.0,0.6604658824301897,0.25917874008474173,0.30382796867446443,1.0,-0.0073800000000000055,-0.009699428571428581,-0.0036900000000000027,0.3700000000000003
0.4639881480670475,0.5393042752821825,-0.12404710008599777,-1.3679471212386913,0.07877020374805281,1.8985628587853982,0.1583293362806781,-0.007467821410885926,-0.043462139137206035,-0.005224672295213433,-0.06987818015390818,-0.004154781763848558,0.019054034344769075,-0.006948680675821364,0.5745346716619355,0.8184642237102865,0.0026405427165946014,0.0,0.8184303041128176,-0.5744737207092098,-0.011512099092960647,0.0,-0.007905471053117452,0.008775369204129427,-0.999930245778554,0.0,0.6603385379284609,0.25899712423820387,0.3038338794294606,1.0,-0.0077200000000000055,-0.010146285714285724,-0.0038600000000000028,0.3870000000000003
0.46389012044568784,0.5386010211273753,-0.12404106594539963,-1.369028005975198,0.07870389868404816,1.898981397061545,0.1582685402278996,-0.005481232777660257,-0.04511955865604349,-0.0010208478329575034,-0.06611660950589071,-0.0046721845609113384,0.024444755617742276,-0.0002603921454692069,0.5746158011434628,0.8184071392131198,0.0026800116533922244,0.0,0.8183737199815797,-0.5745546999559377,-0.011493393896578868,0.0,-0.007866613784047682,0.008797706231227845,-0.9999303559511742,0.0,0.6602111400897355,0.25882371195922443,0.3038551125058099,1.0,-0.008060000000000006,-0.010593142857142867,-0.004030000000000003,0.4040000000000003
0.46377933494564294,0.5377937138880748,-0.12405456327175492,-1.370303219130082,0.07864235478818066,1.8994752771384333,0.15815904715256004,-0.003502770885577661,-0.05119337425688333,-0.0007585020989786392,-0.07025694974966655,-0.004837389403710688,0.02491514339118364,-0.0017093094900352676,0.5746676227211835,0.818370687963874,0.0026995145354483385,0.0,0.8183374875068103,-0.5746064145468085,-0.011487898150246652,0.0,-0.007850351887845886,0.008811006701674687,-0.9999303666436679,0.0,0.6600781411879959,0.2586363105717753,0.303858720964922,1.0,-0.008400000000000006,-0.01104000000000001,-0.004200000000000003,0.4210000000000003
0.46369016909095984,0.537043075527413,-0.12405455995494215,-1.3714732037567372,0.07856015486247449,1.8999146297132796,0.15807637281597225,-0.001806743577881737,-0.046054050612503825,0.0007578163081618284,-0.07021583645065861,-0.0015290331292155059,0.02661933805765341,-0.006058289526403549,0.5747209953008934,0.8183331754755746,0.002708944004782372,0.0,0.8183001993176133,-0.5746598652495652,-0.011470395342536632,0.0,-0.007830034400287178,0.008809176050747825,-0.999930542077097,0.0,0.6599339961482996,0.25844658374845114,0.30387416839403736,1.0,-0.008740000000000006,-0.011486857142857153,-0.004370000000000003,0.43800000000000033
0.46356633867747604,0.5361692563883994,-0.1240649013707448,-1.372872376135318,0.0784894861568909,1.9004279728660076,0.15797766205683939,-0.004809001174470828,-0.047857487348571356,7.818544980025055e-05,-0.08089295499740572,-0.004972064307168269,0.029454804580338077,-0.007529453180957291,0.5748013566907284,0.8182767551281073,0.002701715144499112,0.0,0.8182435993019463,-0.5747401429296434,-0.011485956983093529,0.0,-0.00784605852230208,0.008812974457964945,-0.9999303830001707,0.0,0.6597815137434102,0.2582460218592427,0.3038655789588527,1.0,-0.009080000000000006,-0.011933714285714296,-0.004540000000000003,0.45500000000000035
0.4634594520061113,0.5353404530208536,-0.1240723186624101,-1.3741572300256584,0.07841173049472898,1.9008904633075385,0.15786981498932703,-0.00837438366774151,-0.05257444408327394,0.0001467690198839435,-0.08202403317684438,-0.004004245158983547,0.03376681337274974,-0.00336894376157707,0.5748554396856537,0.8182387511034097,0.0027049136315870706,0.0,0.8182056474456983,-0.5747942210420081,-0.011483416124349494,0.0,-0.007841558318431363,0.008814649543792144,-0.9999304035364456,0.0,0.659631055752846,0.25804837088310906,0.30387921280397,1.0,-0.009400000000000007,-0.012354285714285726,-0.004700000000000004,0.47100000000000036
0.46333017604312654,0.534401787470877,-0.1240733586054268,-1.3756568341401563,0.07834175324107856,1.901431887068782,0.15776059659074657,-0.010761992836725675,-0.04802357447146786,-0.00106844130802359,-0.08171390358594992,-0.004189865979778211,0.027206191233314164,-0.0029204075948837407,0.5749418434746946,0.818178090075886,0.002690063735891788,0.0,0.818144659902179,-0.5748805112111396,-0.01150913569192217,0.0,-0.007870208969071812,0.008818114747864841,-0.9999301478918798,0.0,0.6594629247901496,0.25783255598837856,0.3038717780660133,1.0,-0.009740000000000007,-0.012801142857142869,-0.004870000000000004,0.4880000000000004
0.46320912629153466,0.5335483331969066,-0.1240808821347217,-1.3770458897083755,0.0782486303966238,1.9019394531620633,0.15768263728944146,-0.009578370868628006,-0.05117081355010982,-0.0011094758708564655,-0.08213455304251449,-0.005035376607578591,0.02100498068269074,-0.000935095634586854,0.5750277208694812,0.8181178193104061,0.002664743823327647,0.0,0.8180840939728158,-0.5749664968724543,-0.011519095628711184,0.0,-0.007891990920308845,0.008803953345615567,-0.9999301009994657,0.0,0.6592917957760364,0.25760374819701204,0.30385964741504934,1.0,-0.010080000000000007,-0.013248000000000012,-0.005040000000000004,0.5050000000000003
0.4630873215948785,0.5326144976409535,-0.12407595389942601,-1.3785334822313107,0.07817387875377527,1.9024972851696589,0.15757227242366686,-0.009150498549218332,-0.057924192164501634,0.0005807687569844592,-0.08684305853906302,-0.006681046338474195,0.03712153748292609,-0.005986408936226133,0.5750949782028913,0.8180705071439598,0.002675497757241653,0.0,0.8180367699691504,-0.5750335418946158,-0.011533237870633897,0.0,-0.007896652837200924,0.00882153256705262,-0.9999299092622131,0.0,0.6591158471637694,0.2573877417481561,0.3038582467236137,1.0,-0.010420000000000007,-0.013694857142857154,-0.005210000000000004,0.5220000000000004
0.4629555650175025,0.5316449423751468,-0.1240787323549022,-1.3800651828896673,0.07808565400700308,1.9030847442064387,0.15744568796845457,-0.00636645310967494,-0.0648674334456836,0.004282134625919395,-0.09527540849892956,-0.002031757807610209,0.027120881393647756,-0.004555604596485479,0.5751612081108668,0.8180238759163212,0.002696296811531507,0.0,0.8179903986954542,-0.575099684926317,-0.011524189381954267,0.0,-0.007876574266702796,0.008833981672811048,-0.9999299577198522,0.0,0.6589411496205879,0.25715578475190576,0.3038636325912932,1.0,-0.010760000000000007,-0.014141714285714297,-0.005380000000000004,0.5390000000000004
0.46283687360756465,0.5307237721839582,-0.12407622670290762,-1.3815620871153653,0.07798354484057402,1.9036174167656477,0.15736153082274992,-0.008475667154564588,-0.06147481354594536,0.0002629021093918969,-0.10026244634375744,-0.004928656697573455,0.036215396330817134,-0.008317010697104317,0.5752409082484928,0.8179680056187769,0.0026431350131365227,0.0,0.8179338873074495,-0.5751796028434494,-0.01154674708238588,0.0,-0.007924744911142756,0.008804240483872322,-0.9999298394225444,0.0,0.6587439823407375,0.25691883746088595,0.3038415029807078,1.0,-0.011100000000000007,-0.01458857142857144,-0.005550000000000004,0.5560000000000004
0.4626915383025503,0.5296487434817326,-0.12407978788800766,-1.383309521230634,0.07788963336807839,1.9042427437161,0.15722422541512687,-0.008088965848778119,-0.06012910763250834,-0.0011115073966222284,-0.10011448217495542,0.0003261615808532141,0.030163619568023044,-0.006492145253610562,0.5753204811843189,0.8179121280949944,0.0026156349457566695,0.0,0.8178775212251828,-0.5752591112412293,-0.011578519322861025,0.0,-0.007965696909672304,0.008800797776724809,-0.9999295443336177,0.0,0.6585465626355187,0.25666923483911624,0.30382622786076785,1.0,-0.011440000000000007,-0.015035428571428583,-0.005720000000000004,0.5730000000000004
0.46254192595275223,0.5285215783167148,-0.12408511750225643,-1.3850858266845965,0.07777060738479684,1.9048914702324127,0.1570983105701242,-0.008631694989589435,-0.06183726404047002,0.0011683027945146498,-0.10144354232112385,-0.007750801280596608,0.03585045136377614,-0.006455777370548752,0.5754078520710438,0.8178506950522308,0.0026060082077923674,0.0,0.8178160586546056,-0.5753466087727697,-0.011572419000722683,0.0,-0.007965306295218244,0.008790265361637767,-0.9999296400899892,0.0,0.6583366027297805,0.2563963543149739,0.3038308694845442,1.0,-0.011800000000000008,-0.015508571428571443,-0.005900000000000004,0.5910000000000004
0.46241326890134665,0.5274812980257393,-0.12409081519291103,-1.3867070570283804,0.07766572970528056,1.9055146312663398,0.15698657568405253,-0.008180450027886093,-0.06940343478387548,-0.0011981441109384558,-0.09998306579416777,0.0003227666530955974,0.04569189106802456,-0.011707464442091437,0.5754853228033506,0.8177960933379007,0.0026343614784774694,0.0,0.8177619242618291,-0.5754240857780357,-0.01154571935006655,0.0,-0.007926321740153952,0.008798841943984101,-0.9999298744432614,0.0,0.6581489604783951,0.25615488131403963,0.3038456955688833,1.0,-0.01212000000000001,-0.01592914285714287,-0.006060000000000005,0.6070000000000004
0.4622724379581352,0.526411156206537,-0.1240939335346628,-1.3883711299361385,0.07756461209997362,1.9061516160200618,0.156861866069716,-0.012102665933039174,-0.06705321522731009,-0.0009179984218478962,-0.10569225211912342,-0.004549552397515305,0.03253423999944307,-0.0068839548584517275,0.575563450382357,0.8177410007211775,0.002667812716735137,0.0,0.8177072959569331,-0.5755021280654556,-0.011525000309786216,0.0,-0.007889285284064407,0.008815028583295428,-0.9999300247761252,0.0,0.6579566852126482,0.25590376962404326,0.30386202052813127,1.0,-0.012440000000000008,-0.0163497142857143,-0.006220000000000004,0.6230000000000004
0.46212393627921433,0.5253128377416124,-0.1240943343630533,-1.3900741485314172,0.07745705993510493,1.9067743388148772,0.15674250368366702,-0.005512717993181899,-0.06931352491011251,-0.0008588966013126326,-0.10498706907329738,-0.005737280593543591,0.04349205760760224,-0.0024850918039941074,0.5756502509075501,0.8176798612189757,0.0026795686592279147,0.0,0.8176463243017531,-0.5755888968694034,-0.01151768456350706,0.0,-0.007875600376513692,0.008821267310519687,-0.9999300776363044,0.0,0.657754369192832,0.2556429861543534,0.3038780244100338,1.0,-0.01276000000000001,-0.01677028571428573,-0.006380000000000005,0.6390000000000005
0.4619754047397852,0.5241527521647238,-0.12410565949316087,-1.3919187107551074,0.0773388755643065,1.9074375100879075,0.15659717160943112,-0.0040055115718348275,-0.06577140805625574,-0.0015538015492765282,-0.10711287957743358,-0.008214123520635757,0.03958763551951418,-0.008312018867071535,0.5757280655170369,0.8176251576169782,0.00265388564751509,0.0,0.8175913471933154,-0.5756668515722763,-0.011524404396359919,0.0,-0.007895040969881473,0.008804886512551055,-0.9999300687055995,0.0,0.6575310627113701,0.2553609094767831,0.30387368120203423,1.0,-0.01310000000000001,-0.017217142857142872,-0.006550000000000005,0.6560000000000005
0.46182127893503583,0.5229734224809593,-0.12410998409740799,-1.3938184164772847,0.07721484158837465,1.908133821207994,0.1564655862282914,-0.01038915970918286,-0.0714421992970141,-0.0007983890685977656,-0.11235131397807925,-0.008341476253902106,0.042009152960671405,-0.006634379073463788,0.5758179720032985,0.8175619363412452,0.0026249314601854467,0.0,0.817527814239273,-0.5757569123515589,-0.011532463993638501,0.0,-0.007917333593979725,0.008786723679850353,-0.9999300522115212,0.0,0.657301471919716,0.2550742749283649,0.3038589717703777,1.0,-0.01344000000000001,-0.017664000000000016,-0.006720000000000005,0.6730000000000005
0.4616625204914718,0.5217327108347337,-0.12411377454139473,-1.3957751596398698,0.07709617242355488,1.908895341313713,0.15631803301059635,-0.009967356833310567,-0.06997173375646369,9.980509227544153e-05,-0.11514943732540059,-0.01231561239584181,0.04944027458255759,-0.005120939154692405,0.5759027281496641,0.8175021245368393,0.002659133079841969,0.0,0.8174684895475149,-0.5758415952921411,-0.01150967547390814,0.0,-0.007878096395627365,0.008802380480926256,-0.9999302244132089,0.0,0.6570732204763069,0.25478422330921746,0.3038655739688844,1.0,-0.013780000000000011,-0.01811085714285716,-0.0068900000000000055,0.6900000000000005
0.4615088260745919,0.5205699219558967,-0.12411917293515304,-1.3976624821144599,0.07698347134674902,1.9096280992119514,0.156176299110242,-0.010696627868645952,-0.07226248648322425,-0.0008154666495674591,-0.11850746551883481,-0.005035028589329913,0.04184797485100175,-0.007277315067624352,0.5759869438275839,0.8174427833255383,0.0026614714661294617,0.0,0.8174092079164915,-0.5759258256416319,-0.011505523610290253,0.0,-0.007872448661092879,0.008802712143934924,-0.9999302659740776,0.0,0.6568516522438107,0.2545028339086053,0.3038477378480392,1.0,-0.01410000000000001,-0.018531428571428588,-0.007050000000000005,0.7060000000000005
0.46133690717825426,0.5192612821861448,-0.12411957868071788,-1.3997132577453604,0.07684862097830432,1.910367631103473,0.15602567648579058,-0.010596895494450228,-0.07749001179013683,-0.0023269029254990776,-0.12227736249912542,-0.006420362441538597,0.04171097367679633,-0.012039086106246951,0.5760771791548198,0.8173792237806987,0.002652374388384883,0.0,0.8173455715599967,-0.5760161249814337,-0.01150596861823892,0.0,-0.007877080939041214,0.008796401763496664,-0.9999302850258586,0.0,0.6566007266472642,0.2541918816481487,0.3038545373669673,1.0,-0.01444000000000001,-0.018978285714285732,-0.007220000000000005,0.7230000000000005
0.4611647491771581,0.5179127697081498,-0.12412809030752468,-1.4017831561554575,0.07671446865866467,1.9111191205153506,0.15588097456960143,-0.009779218362989834,-0.0883222621025587,4.241430611499175e-05,-0.12053756025938142,-0.01211317009706515,0.04795481622395764,-0.004514407520512545,0.5761790571817924,0.8173073522187785,0.0026707630817710114,0.0,0.8172740076425262,-0.5761180088845098,-0.011488392928530504,0.0,-0.007851024453343403,0.008802286124681757,-0.9999304381675819,0.0,0.6563498403989528,0.25387526611834155,0.3038811016760444,1.0,-0.014780000000000012,-0.019425142857142877,-0.007390000000000006,0.7400000000000005
0.46098041399322925,0.516573272684954,-0.12412986139243978,-1.4039073407565814,0.0765731709422813,1.9118861685618873,0.15571807693661932,-0.007963286146311734,-0.07564220477116856,0.001582769493061648,-0.12413425614394237,-0.012878861038295872,0.05146287989281679,-0.010276198435702495,0.5762718953825068,0.8172419729431734,0.002647102833416165,0.0,0.8172083809570778,-0.5762109774997627,-0.011494276988465228,0.0,-0.007868467384803512,0.008787232588374369,-0.9999304334624743,0.0,0.6560901718044048,0.2535480045108258,0.30387625584537387,1.0,-0.015120000000000012,-0.019872000000000018,-0.007560000000000006,0.7570000000000006
0.46079535774121266,0.5152010291332331,-0.12413980875280091,-1.4060548019880459,0.07644997333310652,1.9127071780737916,0.15555741883770155,-0.01450120744041759,-0.08484880248280707,0.0010687240362750082,-0.12699670131251367,-0.008383340482155962,0.04846928524322885,-0.012537025600478285,0.5763791352041546,0.8171662200308526,0.0026848171273656206,0.0,0.8171331082214052,-0.5763180742076793,-0.011476397134346979,0.0,-0.007830966199769973,0.00880877841612579,-0.9999305382831317,0.0,0.6558368944356788,0.253219728261512,0.30388785530923,1.0,-0.015460000000000012,-0.020318857142857163,-0.007730000000000006,0.7740000000000006
0.46061680140125244,0.5138037583425951,-0.12413947348103292,-1.408285979536207,0.07631178233080287,1.91352941542509,0.15539178909967918,-0.008111037390762639,-0.08354131463493203,0.0006198020464497062,-0.13302269720288415,-0.018218368088851484,0.04428773731223846,-0.007438231997999522,0.5764695050408578,0.8171025164045,0.002671019391670809,0.0,0.817069210701807,-0.5764084596224439,-0.011486492067461817,0.0,-0.007846194463365874,0.008804189610839494,-0.9999304593209167,0.0,0.6555606622962636,0.25288988236014126,0.3038764990938441,1.0,-0.015800000000000012,-0.020765714285714304,-0.007900000000000006,0.7910000000000006
0.46044121176341435,0.5125027479133699,-0.12414024035766978,-1.410445720955369,0.07618690591662018,1.9142676473571205,0.1552182249863678,-0.005677107384057498,-0.07992444865900936,0.00011387134772178733,-0.13420182610133494,-0.009180252700392395,0.04243155538751427,-0.007694597093540901,0.5765510728649775,0.817045285950911,0.002570600094497802,0.0,0.8170105137943074,-0.5764901618515708,-0.011561165128126338,0.0,-0.007964223139477866,0.00876597823440066,-0.9999298619280147,0.0,0.6552800400369599,0.2525651237720319,0.3038240917557057,1.0,-0.016120000000000013,-0.021186285714285734,-0.008060000000000006,0.8070000000000006
0.4602340540517699,0.5110626996797595,-0.12414013778191288,-1.412754559208385,0.0760469497609148,1.9151172726107504,0.1550345426862952,-0.012525487030866932,-0.0898180264770572,0.0015015881948293617,-0.1375948895830807,-0.010228881434913741,0.051935876366148784,-0.008480266194436708,0.5766553605655661,0.8169717555320407,0.002548076745490257,0.0,0.8169366706726172,-0.5765944895019391,-0.011576600863230275,0.0,-0.007988702727332153,0.00875749488690307,-0.9999297409878558,0.0,0.6549803031862333,0.25218650029910855,0.30380644751598906,1.0,-0.016480000000000012,-0.02165942857142859,-0.008240000000000006,0.8250000000000006
0.46003619551356795,0.509601533793035,-0.1241435904881835,-1.4150877447997003,0.07590244902669241,1.9160131933861304,0.15485885336958574,-0.016001283935055833,-0.0875203189197895,-0.000571041932426506,-0.13686219713735281,-0.015765903668275988,0.051393948883722035,-0.005874422431652928,0.5767564577798454,0.8169003306502385,0.002566143796624452,0.0,0.81686549850126,-0.5766955336371207,-0.011565714093512525,0.0,-0.00796830541558402,0.008766963415137038,-0.9999298207680785,0.0,0.6547168833380164,0.25185761613027874,0.30379729786211146,1.0,-0.016800000000000013,-0.02208000000000002,-0.008400000000000006,0.8410000000000006
0.4598384115905443,0.508092249078075,-0.12414833657124665,-1.4174632819694304,0.0757428188124326,1.9168562330415786,0.1546667530925822,-0.014310780485924714,-0.08401775928555756,-0.0017628732252106898,-0.14408191702317055,-0.01522197073607461,0.05039546623366327,-0.010450336152052877,0.5768443312371422,0.8168383742814147,0.0025366753986097125,0.0,0.8168032230091368,-0.5767835643087638,-0.011574183615816178,0.0,-0.007991278507347988,0.008748635287133238,-0.9999297979600521,0.0,0.6544168922722915,0.251494843042758,0.30379572506739644,1.0,-0.017140000000000013,-0.022526857142857164,-0.008570000000000006,0.8580000000000007
0.4596460306066578,0.5067620311279286,-0.12414937428545092,-1.4195753345762725,0.07561360322931938,1.9176121013800356,0.1545001870257402,-0.011794510448005713,-0.0897753502477496,0.00030322678070159015,-0.1442974128318841,-0.006704514787489886,0.05342285146584773,-0.010242770501556064,0.5769404347326084,0.8167705712526917,0.002513087206760146,0.0,0.81673505642493,-0.5768796728960109,-0.01159471893432821,0.0,-0.008020630703706066,0.008742156917798491,-0.9999296196110701,0.0,0.6541530697461427,0.25116571370021634,0.3037862286479636,1.0,-0.017440000000000015,-0.02292114285714288,-0.008720000000000007,0.8730000000000007
0.4594522412951067,0.5053421204518078,-0.12416212870423789,-1.421736141354242,0.07548002503407202,1.9184334308289113,0.1543261737235671,-0.01456007843660263,-0.095530132759756,-0.003426142768682569,-0.14658501361060383,-0.007954022431588142,0.0549016462651382,-0.012426259052552433,0.5770411297106601,0.8166992375026529,0.00257623485709376,0.0,0.816664612900605,-0.5769802209345232,-0.011553423192380521,0.0,-0.007949388405097735,0.00877088908006006,-0.9999299369099468,0.0,0.6538954551870482,0.250827937239583,0.3038217730794291,1.0,-0.017740000000000013,-0.02331542857142859,-0.008870000000000006,0.8880000000000007
0.4592430145730719,0.503795364762368,-0.12416987251792497,-1.4240638256488447,0.07533373357917647,1.9193344930413396,0.1541500746043971,-0.012335549534144985,-0.09577094405096559,-0.0027065397385675105,-0.14506411678849537,-0.010844503676024861,0.05785240753257566,-0.018324989686845452,0.5771539744028753,0.8166191856265319,0.0026725266759210654,0.0,0.8165859007699574,-0.5770928402718818,-0.011492052552004247,0.0,-0.007842485578235026,0.00881520112736292,-0.9999303914018413,0.0,0.6536196370738769,0.2504682686781834,0.3038727458654671,1.0,-0.018060000000000014,-0.02373600000000002,-0.009030000000000007,0.9040000000000007
0.459008415801106,0.5021277612058714,-0.12417057243141753,-1.4265523002867415,0.07517456894296287,1.9202725374052352,0.15396103293605745,-0.017470218218278908,-0.10080937295956212,-0.0016924073019032593,-0.15088852482462092,-0.0075613589938523665,0.043461243868431164,-0.006256694268797172,0.5772760410865765,0.8165325830775654,0.002767681574195908,0.0,0.8165005855087453,-0.5772146565012404,-0.011435955807878758,0.0,-0.0077404331939388005,0.008861687535591564,-0.9999307756979939,0.0,0.6533201994454848,0.25007921053183657,0.3039339399182501,1.0,-0.018400000000000014,-0.024182857142857166,-0.009200000000000007,0.9210000000000007
0.45877973023337026,0.5004084896449815,-0.12417071201469487,-1.4291265162563973,0.0750075655790945,1.9211865126481733,0.15374982606133963,-0.011165086614397348,-0.1027165883168327,0.0005254850523557502,-0.15193312748181934,-0.014764591844780477,0.052150986637097926,-0.00769373494711776,0.5773761778316336,0.8164616183279578,0.002814599622428699,0.0,0.8164302252128189,-0.5773146349143694,-0.011412562106844513,0.0,-0.007693157490691216,0.008887436802838211,-0.9999309120108745,0.0,0.6529943614580215,0.24968216000114096,0.3039876034311948,1.0,-0.018740000000000014,-0.024629714285714307,-0.009370000000000007,0.9380000000000007
0.4585521288835856,0.49882351413310405,-0.12417352337394183,-1.4315664513520225,0.07485230029436749,1.9220822485183313,0.15355648581819273,-0.012974772149689808,-0.1007759847164484,-0.0004866375210827723,-0.15703219853147282,-0.011903759771246622,0.05071412969505428,-0.010135414042251255,0.5774977079645598,0.8163755708335194,0.002841046133707598,0.0,0.8163445125988193,-0.5774360620553782,-0.011400784577467103,0.0,-0.0076669471383045695,0.008903370801254862,-0.999930971572515,0.0,0.652671767896957,0.24927757026870745,0.30400571492564027,1.0,-0.019080000000000014,-0.02507657142857145,-0.009540000000000007,0.9550000000000007
0.4582842600885051,0.49706853331261935,-0.1241731892214653,-1.4343637405265042,0.0746755855552041,1.9231174704181924,0.15332752802893798,-0.013153430719316494,-0.09674041798721895,-0.0003220343739592394,-0.15533408192701298,-0.012996404599943199,0.054040503760890146,-0.015906559529664546,0.5776136866001271,0.8162935445246877,0.0028328644054467084,0.0,0.8162624008836372,-0.5775520742678881,-0.011403565834771133,0.0,-0.007672678184831694,0.00889938774396859,-0.9999309630705784,0.0,0.6523456941753958,0.24885764664692278,0.3039912166618888,1.0,-0.019420000000000017,-0.0255234285714286,-0.009710000000000009,0.9720000000000008
0.4579850573311709,0.4952077956950127,-0.12417044392996142,-1.437388587136149,0.07448845758562606,1.9241594775761535,0.15309011742862108,-0.01601295632383896,-0.09346977289653588,-4.016051938150173e-05,-0.1610403127420446,-0.007251254659499633,0.054043361051291185,-0.01709282691166803,0.5777638980600054,0.8161875911091301,0.002727841489444242,0.0,0.8161549364185886,-0.5777024148064036,-0.011479833954716245,0.0,-0.0077939674641973045,0.008859145478138875,-0.9999303823829756,0.0,0.6519544702398689,0.24837063723494113,0.3039381955114917,1.0,-0.019800000000000016,-0.026022857142857167,-0.009900000000000008,0.9910000000000008
0.45768483306643165,0.49342991946580844,-0.12417743596154135,-1.4403216952416948,0.07430778542445411,1.9252049504139401,0.1528694568046278,-0.016105605304981407,-0.09395471416770632,0.000885433952898234,-0.1601698057807093,-0.008965091468944385,0.060846689364776656,-0.016294301243082586,0.577932354645427,0.8160686411291699,0.002629319453908421,0.0,0.8160346363618495,-0.5778710835069966,-0.01154253028768363,0.0,-0.007900241429474875,0.008816587198800838,-0.9999299245324753,0.0,0.6515845288386704,0.24788843567489982,0.3038710503913197,1.0,-0.022398285714285666,-0.02943774693877545,-0.020843240893714005,1.0089999999999997
