position_joint1,position_joint2,position_joint3,position_joint4,position_joint5,position_joint6,position_joint7,velocity_joint1,velocity_joint2,velocity_joint3,velocity_joint4,velocity_joint5,velocity_joint6,velocity_joint7,ee_T_00,ee_T_10,ee_T_20,ee_T_30,ee_T_01,ee_T_11,ee_T_21,ee_T_31,ee_T_02,ee_T_12,ee_T_22,ee_T_32,ee_T_03,ee_T_13,ee_T_23,ee_T_33,v_x,v_y,w_z,time
0.4650999138857188,0.547307745717052,-0.12400412848171678,-1.3555791703608828,0.07944530925290692,1.894164581166662,0.15915807491319153,0.00073517496087541,0.00022375935569989385,-0.005309884134430912,0.0008026529372340404,0.00030153271131942683,-3.1411836462418056e-05,0.00013948887668518436,0.5737653279414658,0.8190039065985532,0.002587726751192232,0.0,0.8189699430516171,-0.5737053502171797,-0.011452092010748949,0.0,-0.007894867414132756,0.008690251072482696,-0.9999310729269345,0.0,0.661760362861915,0.2609307399303804,0.3036766055434409,1.0,5e-324,6.9211014718123e-310,6.9208892722333e-310,0.0
0.46509678544356803,0.5472995946655523,-0.12399633693483852,-1.355584459093295,0.07944527420624305,1.894164227619642,0.15916208059478507,-0.0020779599628259096,-0.0019189414182487487,0.003590677186422093,-0.0007869575661051819,0.0002578864317965835,0.00010464174743610318,0.0012444193159695843,0.5737659873762466,0.8190034307291598,0.002592119834255918,0.0,0.8189694827382956,-0.5737059499675252,-0.01145496470689893,0.0,-0.007894692819191085,0.008695503590659792,-0.9999310286427736,0.0,0.6617583232336934,0.26093262810532764,0.3036795736660993,1.0,-0.00022000000000000006,-0.0002891428571428573,-0.00011000000000000003,0.012000000000000004
0.46510195481428956,0.5472927662887003,-0.12399887574767808,-1.3555898642268076,0.07944420527198155,1.8941627022425334,0.15915492143078178,0.002665640424683841,-0.0004116644107627755,0.0006603381486824139,-0.0012283168405882747,0.0002021278145513531,-0.0001319363103545114,-0.0013576328742987644,0.5737576540868595,0.8190092712513994,0.002591308974962859,0.0,0.8189753258802953,-0.5736976347480227,-0.011453662514539999,0.0,-0.00789417994678171,0.00869401203394439,-0.9999310456615104,0.0,0.6617562538435348,0.26093375028555943,0.30368178720269645,1.0,-0.0005800000000000004,-0.000762285714285715,-0.0002900000000000002,0.03000000000000002
0.4650913967742015,0.5472682014719892,-0.1240038125287367,-1.35560316498902,0.0794434931430716,1.8941642137119672,0.1591573614322761,-0.001369784878637802,-0.006983081514776814,0.0007995318606602822,-0.0014728413077326101,0.0001754434370747339,0.00442233686207973,-0.0005407493976705728,0.5737692749080934,0.8190010990062032,0.0026011342295822887,0.0,0.818967279079438,-0.5737092207237792,-0.011448701015581837,0.0,-0.007884355820384936,0.008699324191819416,-0.9999310769707594,0.0,0.6617556922541519,0.2609249474006803,0.30369310479240325,1.0,-0.0008800000000000007,-0.0011565714285714298,-0.00044000000000000034,0.04500000000000003
0.4650935064224325,0.5471608437409532,-0.12400373682843878,-1.3557086581723556,0.07944314061270819,1.8941846027931386,0.15915841336946004,-0.0003714396145055054,-0.00740801176778952,-0.00036012765539990824,-0.004285872471060093,0.00018701431228254425,7.184295089408656e-05,-0.00011303788357529937,0.5737769313469713,0.8189956571968644,0.002625537647344871,0.0,0.8189621017584284,-0.5737167415474356,-0.011442169934903164,0.0,-0.007864924005908103,0.008715636786130895,-0.9999310879484613,0.0,0.6617402444985527,0.26091428863759675,0.3037207533575232,1.0,-0.001220000000000001,-0.0016034285714285731,-0.0006100000000000005,0.06200000000000005
0.4650865363615478,0.5470108320505717,-0.12399731527347688,-1.355898002049075,0.07944074132885935,1.8942243618401953,0.15916097279998676,0.000319559093727356,-0.008056734949316942,0.00012946021512159832,-0.010050823067481786,-0.004341380620922579,-0.0004719844347464799,0.0012500353660825606,0.5737899565841263,0.8189865041341128,0.0026341356418705135,0.0,0.8189529193613226,-0.5737295818619651,-0.011455551809947999,0.0,-0.00787081232690573,0.008730481738408208,-0.999930912114397,0.0,0.6617092023554485,0.26089519255849314,0.303740116652518,1.0,-0.001580000000000001,-0.0020765714285714302,-0.0007900000000000006,0.08000000000000006
0.4650693121869316,0.5468730949448335,-0.1240070790579971,-1.3560664758265093,0.07943193609043751,1.8942977386105062,0.15915327528197074,-0.006228693471633594,-0.010127339360710155,0.0002642321519369535,-0.012676988473895088,-0.0016926771499860625,0.0010058826247856287,0.000298828801375009,0.5738162855051185,0.8189679475809154,0.0026680002660956353,0.0,0.8189347981911419,-0.573755796721854,-0.011438047950282592,0.0,-0.007836764917856343,0.008748424882038044,-0.9999310227099196,0.0,0.6616942558608586,0.260859419811635,0.3037602639523155,1.0,-0.0018800000000000015,-0.0024708571428571453,-0.0009400000000000007,0.09500000000000007
0.4650486131999331,0.5467089724984227,-0.12400171367965106,-1.3562612073406874,0.07942901429232883,1.894402168887038,0.15914975603206113,0.000235504552927211,-0.010414914947489853,-0.00026859680893830546,-0.016214039519510358,0.00011179636099010781,0.0011491784427960484,0.00025806006931973995,0.5738322429993021,0.818956537469347,0.0027374316093896206,0.0,0.8189242803789836,-0.5737715292284444,-0.011401848702069131,0.0,-0.007767107754011127,0.008784666757910009,-0.9999312484701586,0.0,0.6616809072294745,0.2608385840550877,0.3037966132858644,1.0,-0.0021600000000000018,-0.0028388571428571456,-0.0010800000000000009,0.10900000000000008
0.4650282178118506,0.5464888411278099,-0.12400202862544248,-1.3565032625533058,0.07942304484019398,1.8945407424290666,0.1591394244220867,-0.0016280284275319013,-0.010299922512605668,-0.0003937903457738794,-0.014942376110753811,5.900318503570457e-05,0.0019593758637763046,-0.0015665614125100029,0.5738528171497433,0.8189417685710971,0.0028409224127604665,0.0,0.8189108411530378,-0.5737917794711327,-0.011347905294973232,0.0,-0.0076633232480048386,0.008838659756542536,-0.9999315734441556,0.0,0.6616645573054624,0.2608075121833965,0.303849349900654,1.0,-0.002500000000000002,-0.0032857142857142885,-0.001250000000000001,0.12600000000000008
0.46498986557180183,0.5462628451400647,-0.12400453429525687,-1.3568252299262087,0.07941165013340723,1.8946637850670696,0.15912864249624872,-0.0017970982221086796,-0.016634276204976813,-0.0008614627021631107,-0.019152889470725753,-0.002929870663792179,0.0030728552364506466,-0.0015297974220739572,0.5738921196931841,0.8189141336515577,0.002867675189305429,0.0,0.8188835050057881,-0.5738309441910823,-0.01134017722149164,0.0,-0.007641217760400831,0.008856500768659042,-0.9999315847523134,0.0,0.6616324256111021,0.2607519426674393,0.3038668867319135,1.0,-0.002840000000000002,-0.0037325714285714314,-0.001420000000000001,0.1430000000000001
0.46495513624744544,0.5459983656738477,-0.12400176231877899,-1.3572442677530794,0.0793879517166501,1.8948080269216536,0.15912287832397187,-0.0020528501164671633,-0.012471264231016736,0.000439168449493992,-0.027461721476325696,-0.0004584827942600613,0.011642985742385852,0.0003082295986324866,0.5739310059070424,0.8188869077423155,0.0028600153788489796,0.0,0.8188561430447299,-0.5738698051575315,-0.011349476973595576,0.0,-0.0076528089754798745,0.008855928402211888,-0.9999315011774155,0.0,0.6615817874135185,0.26069025468349766,0.303867092203033,1.0,-0.0031800000000000023,-0.004179428571428575,-0.0015900000000000011,0.16000000000000011
0.4649168726567657,0.5457145272442714,-0.12400058709618955,-1.3576666099298682,0.07935625423816947,1.8949599888068296,0.1590951256186262,0.0008572691456829766,-0.02323522563051265,0.0005783048382079363,-0.03008348165364974,-0.00679814050318338,0.010774460299570294,-0.00043119949507376367,0.5739539441720752,0.8188708013580757,0.002868371264260412,0.0,0.8188401849338985,-0.5738927627058967,-0.011339989083786464,0.0,-0.007639995532708277,0.008857539653079533,-0.9999315848894635,0.0,0.6615341409852828,0.2606243961591281,0.3038801283037806,1.0,-0.0035000000000000027,-0.004600000000000004,-0.0017500000000000013,0.17600000000000013
0.4648657584797146,0.5454112040558113,-0.12400522503661544,-1.3581965056666676,0.07931679317191774,1.895134380574549,0.15902514004285165,-0.0038137492402169956,-0.022372408298545088,-0.0005918256428943496,-0.032225020085857876,-0.0033738130689046726,0.009445017162668184,-0.008140556136277713,0.5739608422985749,0.818866140313033,0.0028182721576855982,0.0,0.8188349277729414,-0.5738998671975649,-0.01136003481101008,0.0,-0.007685089804284451,0.008828084795340155,-0.9999314998106351,0.0,0.6614718904104626,0.2605344290768983,0.3038578595166818,1.0,-0.003840000000000003,-0.005046857142857148,-0.0019200000000000016,0.19300000000000014
0.46480935292082526,0.5450573490476639,-0.12400567447453709,-1.3587892318469814,0.0792952134088768,1.8953270798216013,0.15895696578837692,-0.0025465624569439844,-0.024331666637091177,0.0010812412758604373,-0.03949985838372113,-0.0010088046910937671,0.012787172464658112,0.00013609684915044456,0.5739751467163539,0.8188562302611557,0.0027842441770524603,0.0,0.8188244469231301,-0.5739141225282731,-0.011395261508214453,0.0,-0.0077333127179128325,0.008820573917803595,-0.999931194307972,0.0,0.6614028587957455,0.26044538976520465,0.3038431151869958,1.0,-0.004160000000000003,-0.005467428571428576,-0.0020800000000000016,0.20900000000000016
0.4647538729116592,0.5446718864379734,-0.12401092579740022,-1.3594495327243366,0.07926193132138523,1.8955474291369367,0.15894803458803172,-0.0005678349339484428,-0.021212334385986107,-0.001309737819535312,-0.039465477871704985,-0.0016267139766275918,0.014776173559971819,-0.0013778451638422169,0.5740485543628112,0.8188049153557871,0.0027412997605200783,0.0,0.8187724985363943,-0.5739875646466891,-0.011428830764404527,0.0,-0.0077846607119981814,0.008805374163260563,-0.9999309298363783,0.0,0.6613194920547096,0.2603372503192993,0.303820696451965,1.0,-0.004520000000000003,-0.005940571428571434,-0.0022600000000000016,0.22700000000000017
0.4646970706629653,0.5442849056288275,-0.12401243267776818,-1.3601351769798025,0.07922719778056203,1.8957607329751711,0.1589069243360137,-0.001676996393927333,-0.02277408460653079,-0.00012323052411975812,-0.04827399738335178,0.0004007751043386421,0.012421339544689667,-0.005084025909235546,0.5740913496437309,0.8187751423770054,0.002671215259375745,0.0,0.8187417168287602,-0.5740304620164939,-0.011479403409296086,0.0,-0.007865842673210721,0.008777430556565755,-0.9999305402036007,0.0,0.6612317308107525,0.2602313621635794,0.3037867111793582,1.0,-0.004840000000000004,-0.006361142857142864,-0.002420000000000002,0.2430000000000002
0.46462005545168666,0.5437924243533107,-0.12401222914088836,-1.3609227824377788,0.07918723710659983,1.896029735499438,0.15884812385547156,-0.0025455032467361725,-0.028209083038596153,0.0005766682126789502,-0.037511345849692124,-0.0048605116688599835,0.013496586697869115,-0.00417383590704779,0.5741392886608334,0.8187415869071154,0.0026529202887766237,0.0,0.8187078302390478,-0.5740783493006575,-0.011501498628899511,0.0,-0.007893923121509772,0.008775597812203023,-0.9999303350037891,0.0,0.661139473292868,0.26010532196145286,0.30378358921233817,1.0,-0.005200000000000003,-0.00683428571428572,-0.0026000000000000016,0.2610000000000002
0.4645632332378106,0.5433328426570935,-0.12402222977430766,-1.3616794912485928,0.07914833070437373,1.8963006697952671,0.15881763571330768,-0.0036774091288282428,-0.033372197295300284,-0.0008418989213871156,-0.045330423280456666,-0.004335519466488588,0.01370916838044275,-0.0063195243621150515,0.5741996519796317,0.8186993266346664,0.002630424988839822,0.0,0.8186652553291329,-0.5741387528364988,-0.011516905376155167,0.0,-0.007918806215409302,0.00876660938837999,-0.9999302170991504,0.0,0.6610507690496278,0.2599902649089411,0.3037723531660509,1.0,-0.005520000000000004,-0.00725485714285715,-0.002760000000000002,0.2770000000000002
0.46448865098193726,0.5428192396228596,-0.12401511902562047,-1.3625287026812745,0.07908998427918484,1.8965940665253418,0.15873050102027464,-0.0033104164034175867,-0.03592367134665429,0.0015880706242609591,-0.052681080435211504,-0.0013409464873956382,0.024320829804092694,-0.0053784035742829965,0.5742160635224282,0.8186879396837443,0.0025916617064789885,0.0,0.8186533593882951,-0.5741552830668126,-0.011538413666330025,0.0,-0.007958497076740123,0.008747383451418164,-0.9999300703584394,0.0,0.6609483462115722,0.25986149398655195,0.30375660255550774,1.0,-0.005860000000000004,-0.007701714285714293,-0.002930000000000002,0.2940000000000002
0.46442233025102225,0.5423052063244025,-0.12402106679294833,-1.3633691479208834,0.07904000684286927,1.8968917931063045,0.15867069695769648,-0.006410199248036193,-0.03481951455775173,0.0010133222128439004,-0.049490785442409105,-0.00034401388757944836,0.011003728223529729,-0.0018996658775416015,0.5742589538486127,0.8186579389683415,0.0025651101364692072,0.0,0.8186230149255118,-0.5741982573166329,-0.011552819137132728,0.0,-0.007985079071409606,0.008734336188261985,-0.9999299724898609,0.0,0.6608490706064886,0.25973331830969015,0.30374609425713545,1.0,-0.006180000000000005,-0.008122285714285723,-0.0030900000000000025,0.3100000000000002
0.46434208197149307,0.5416748432465316,-0.12402534966584365,-1.3643592367990156,0.07898465187565966,1.8972436838826399,0.15861505931342465,-0.0038205034006723844,-0.0368363061202307,-0.001748056673975488,-0.05739911534822802,-0.0008842435980103383,0.019103640005760553,-0.0015770370722454335,0.5743222603262792,0.8186135470810068,0.002559048724536961,0.0,0.8185785066316409,-0.5742615350116667,-0.01156134888174549,0.0,-0.007994867494378166,0.008734890479223184,-0.9999298894332859,0.0,0.6607325685990868,0.25958347846103574,0.3037511953448894,1.0,-0.006540000000000005,-0.00859542857142858,-0.0032700000000000025,0.32800000000000024
0.46425826395012765,0.541104298934669,-0.12402508912858601,-1.3652722887982973,0.07893254143689937,1.8975749877614712,0.15853599818022468,-0.00558374386477445,-0.034753737383430336,0.0010555497005855635,-0.06400580681940626,-0.004305603417781667,0.01638197687904365,-0.0071851277366405605,0.5743627294143768,0.8185851807559288,0.002550256390810496,0.0,0.8185499861304956,-0.5743019849678934,-0.011571394423816576,0.0,-0.008007708861808294,0.00873385817155492,-0.9999297956957897,0.0,0.6606276945084184,0.2594414096855049,0.30374865761613573,1.0,-0.006860000000000005,-0.009016000000000008,-0.0034300000000000025,0.34400000000000025
0.4641695728125378,0.540431127427848,-0.12402827943685153,-1.3662867721182903,0.07886680409522996,1.8979515654291388,0.15847509269988017,-0.0024593958466710424,-0.03782065267232358,0.0007967234457763526,-0.06146347169098513,-0.002551347916824353,0.025038088264200748,-0.003968373564145419,0.5744263494442896,0.8185404559822842,0.0025764094452218333,0.0,0.8185056539607507,-0.5743655674913697,-0.011551459466623925,0.0,-0.007975689582715773,0.008744436747502984,-0.999929959147964,0.0,0.6605137961362108,0.25928430439114547,0.30377432484717337,1.0,-0.007200000000000005,-0.009462857142857151,-0.0036000000000000025,0.36100000000000027
0.4640725543892282,0.5397736172793706,-0.12403079532068415,-1.3672883282517427,0.07882010742263644,1.898326236495693,0.15836127925001847,-0.004884872219766961,-0.04263015307709709,-0.0029964973164599597,-0.06209190507546218,-0.0019116846857229323,0.02540289229186251,-0.009949552076575888,0.5744573470212263,0.8185185981993308,0.002609167749446771,0.0,0.818484116126143,-0.5743963366876221,-0.011547594998721822,0.0,-0.007953378001014089,0.008769331983487089,-0.9999299188417838,0.0,0.6604028544311272,0.2591263766814131,0.303794824775075,1.0,-0.007520000000000006,-0.009883428571428581,-0.003760000000000003,0.3770000000000003
0.4639664655327411,0.538991531224095,-0.12404278888376662,-1.3685087243316223,0.07873246918531128,1.8987762349149182,0.1583274506929807,-0.00786565605280826,-0.04809596208588417,-0.0021996427968533163,-0.07066404968974163,-0.008349326556755219,0.022254125710100443,-0.00087590424510286,0.5745689481070779,0.8184402703352152,0.0026066580048011026,0.0,0.8184059265064889,-0.574508120590389,-0.011528475005950289,0.0,-0.007937974839676287,0.008757376723591628,-0.9999301460143933,0.0,0.6602662395309326,0.2589311271686554,0.3038058552829317,1.0,-0.007880000000000007,-0.010356571428571439,-0.003940000000000003,0.3950000000000003
0.4638644980021188,0.5382346208489157,-0.12405124971146866,-1.369675693638027,0.07868050789174914,1.8992351492893704,0.15820778812998462,-0.009722361843958676,-0.04460353113830132,-0.0022690750483696756,-0.06961666876375565,-0.0003243573486684852,0.023508295474310315,-0.00876582674464587,0.5746111200079161,0.818410508281987,0.0026547312625805628,0.0,0.8183766983628281,-0.5745500308423339,-0.011514709594178892,0.0,-0.007898635476106974,0.008789219601901557,-0.9999301781506573,0.0,0.6601389844395941,0.2587530346981659,0.30382512480623114,1.0,-0.008220000000000007,-0.010803428571428582,-0.004110000000000003,0.4120000000000003
0.46376682294425553,0.5374631858410475,-0.1240600939560719,-1.3709126775460885,0.07860183240121728,1.8997080115440563,0.15813140832192432,-0.006459770100022395,-0.048123226448815754,-0.0007185647763763728,-0.0767788857376114,-0.0005175482142143907,0.02861674030324429,-0.0069689661603900225,0.5746820657210919,0.8183606947798011,0.002653955400558727,0.0,0.8183269608670983,-0.574621066044602,-0.011504889264650316,0.0,-0.007890282402866655,0.008783625897734862,-0.9999302932503303,0.0,0.6599989056726296,0.25856607779223845,0.3038223746742137,1.0,-0.008560000000000007,-0.011250285714285725,-0.004280000000000003,0.4290000000000003
0.4636572290873568,0.5366902487012353,-0.12405644887008312,-1.3721201216057581,0.07853617962809932,1.900143690910679,0.15802129185369565,-0.009739536765371998,-0.052502689751065874,0.000628561478673378,-0.07162410261255121,-0.013627590036584918,0.03302423817430746,-0.012669787937562642,0.5747279310431149,0.8183284671399065,0.0026593323522576904,0.0,0.8182947035817149,-0.5746667975873396,-0.011515065871849386,0.0,-0.007895028201091114,0.008794316881120895,-0.9999301618214635,0.0,0.6598575215161637,0.2583816249883418,0.3038309899820776,1.0,-0.008880000000000008,-0.011670857142857155,-0.004440000000000004,0.44500000000000034
0.4635312298510944,0.5357495087814641,-0.12407123357133448,-1.373617128029999,0.07843468560470465,1.900702613525177,0.15791913972179403,-0.006726967925522929,-0.05041722695894898,-0.0008701896042145496,-0.08191803822792447,-0.01281243845187187,0.02295683025453952,-0.0029841533464551474,0.5748130109695659,0.8182687388567023,0.0026495907556052176,0.0,0.8182350065026052,-0.5747520738673129,-0.011501070389887074,0.0,-0.007888260455209128,0.008779121834625717,-0.999930348757754,0.0,0.6596881402414331,0.25814606796830336,0.3038313250159438,1.0,-0.009260000000000008,-0.012170285714285727,-0.004630000000000004,0.46400000000000036
0.4634377169359184,0.5349574789439757,-0.12407243964108662,-1.374825924854144,0.07837947135856156,1.9011463251976837,0.15783378301388834,-0.006702255787641354,-0.05597474289605143,-0.0007897680314612502,-0.08440792147771004,-0.006457575978692655,0.02199039206577909,-0.010026705016882815,0.5748720483767801,0.8182271594628681,0.002681494661511733,0.0,0.8181936873034344,-0.574810829813484,-0.011504211713630343,0.0,-0.007871857858436249,0.00880760133098013,-0.9999302275722297,0.0,0.6595443510155719,0.25797175416817375,0.3038533434672738,1.0,-0.009560000000000008,-0.01256457142857144,-0.004780000000000004,0.47900000000000037
0.46332558387983985,0.5341732222169112,-0.1240772845114836,-1.3761202726543633,0.07831265432218763,1.9016107217586005,0.15775896600477407,-0.00526094250984083,-0.05526513767955116,-0.0003177090295450247,-0.08469489437501196,-0.013696910513239761,0.03487595144596123,-0.0028926155059661677,0.5749590486059053,0.8181661447819425,0.00264553587277163,0.0,0.8181321054514252,-0.5748978236494732,-0.011536780050143258,0.0,-0.007918242491884775,0.008797743299064784,-0.9999299481207089,0.0,0.6593906334825859,0.25777234127354637,0.3038309285746182,1.0,-0.009860000000000008,-0.012958857142857156,-0.004930000000000004,0.4940000000000004
0.4631865861720171,0.53313998988322,-0.12407872926215775,-1.377763108458875,0.07821277926408246,1.9022179560910708,0.1576179451734798,-0.0062925959840584526,-0.05474374174288987,0.0014180456058074979,-0.08801911296354915,-0.008070438468846253,0.032126382141477505,-0.007212045021504491,0.5750215393066527,0.8181222411541306,0.0026409777656935867,0.0,0.8180881392348238,-0.5749603176789536,-0.011540209661383149,0.0,-0.007922997318663139,0.008796591071143792,-0.9999299205939461,0.0,0.6591985501301331,0.25752345536062415,0.3038303107584916,1.0,-0.010240000000000008,-0.013458285714285726,-0.005120000000000004,0.5130000000000003
0.46306329237336297,0.5322019651882917,-0.12407970571510801,-1.3792669317651194,0.07812524509962805,1.902800901214908,0.15754117379826618,-0.00458133882911509,-0.054820473189337846,-0.0021360602429450815,-0.08865678299051222,-0.004239599534682658,0.035033563106871585,-0.0070885579352401,0.5751191434419709,0.8180535902273681,0.0026535379958196707,0.0,0.8180196515832467,-0.5750578688231222,-0.011534471355059672,0.0,-0.007910030091254905,0.00880451102670178,-0.9999299535515156,0.0,0.6590262070968521,0.2573008055278213,0.30382641003495525,1.0,-0.010580000000000008,-0.01390514285714287,-0.005290000000000004,0.5300000000000004
0.4629379741120157,0.5312952993994252,-0.12407097206537293,-1.3807317989946088,0.07804920934587063,1.90333489198632,0.1574082768212611,-0.006089062448216089,-0.05271260776113628,0.0013040370064232693,-0.0982065239639655,-0.011042412302000182,0.031666080252103976,-0.008587686283330375,0.5751681462763268,0.8180192285837279,0.002625276660657026,0.0,0.8179847689161176,-0.5751067875827648,-0.011569252295913886,0.0,-0.007954209554749792,0.008801871182747834,-0.9999296263307941,0.0,0.658838054363771,0.25706841071144265,0.30380374779986585,1.0,-0.010920000000000008,-0.014352000000000012,-0.005460000000000004,0.5470000000000004
0.462804317855315,0.5302096599774201,-0.12407622767902265,-1.3824622674479212,0.0779318153823177,1.9039471272880686,0.15728963220769615,-0.003937873224784994,-0.06066705051958592,0.00018292797089821932,-0.0987252741458182,-0.0038017660203566307,0.03865817636018662,-0.001835495855257071,0.5752446775854491,0.8179654833089618,0.002603060882417442,0.0,0.8179307984748373,-0.5751834533053017,-0.011573713808074716,0.0,-0.007969814304810752,0.00878701011120031,-0.9999296327808536,0.0,0.658638598619068,0.25682555575019683,0.303808660913731,1.0,-0.011260000000000008,-0.014798857142857155,-0.005630000000000004,0.5640000000000004
0.46266512101330187,0.5292315022340857,-0.12408713605080111,-1.3840096558875197,0.07783434366613344,1.9045101009530279,0.15717720730633034,-0.00976366982010041,-0.06631635270196169,-0.004275342341679281,-0.09741449115570538,-0.004957055889543719,0.036725106585595566,-0.003428213322894992,0.5753320175678175,0.8179040898565322,0.0025915745235219447,0.0,0.8178693134874483,-0.5752708842556176,-0.01157336098713519,0.0,-0.007975195464229257,0.008778263411946277,-0.9999296667010026,0.0,0.6584588012013362,0.2565791431428933,0.30381023593110706,1.0,-0.011580000000000009,-0.015219428571428585,-0.005790000000000004,0.5800000000000004
0.4625173865560511,0.5280981494172405,-0.12408512042524393,-1.3858027157677038,0.0777237107385542,1.9051836202157009,0.157045769403659,-0.00528860089930106,-0.0627716626564521,0.0012250605302398104,-0.1013285234879445,-0.010039437454031856,0.04367865388933416,-0.0026254430208438274,0.5754113864341993,0.8178482270784092,0.0026001399546127964,0.0,0.8178135671391554,-0.5753502203511048,-0.011568934534928363,0.0,-0.007965794868982745,0.008783495501159186,-0.9999296956880951,0.0,0.6582472097374307,0.25631289075857283,0.30381309098379866,1.0,-0.011940000000000008,-0.01569257142857144,-0.005970000000000004,0.5980000000000004
0.4623803148151064,0.5270540918045885,-0.1240883105495475,-1.3874390257707876,0.07761970304292348,1.905810800488103,0.1569266807063361,-0.013490215205327572,-0.06459859714437366,-0.00024319139065382558,-0.10845366115568116,-0.011204610254892096,0.03218164979201943,-0.007408424226677223,0.5754715643110471,0.8178058134655535,0.0026224096836844624,0.0,0.8177715119095026,-0.5754103934527157,-0.011549039659017973,0.0,-0.007936062779006658,0.008790845101747352,-0.9999298675156997,0.0,0.658069763686095,0.2560865315389542,0.30382265412395953,1.0,-0.01224000000000001,-0.01608685714285716,-0.006120000000000005,0.6130000000000004
0.46222594093590413,0.5258198299228551,-0.12410151817908478,-1.389340588765432,0.07750883952686828,1.9065329842258931,0.15680605011626472,-0.009404725675903608,-0.06817574706642632,-0.0025441552408408848,-0.10989849893166811,-0.007608818592391904,0.04625594609208904,-0.008930854119472274,0.575598648363624,0.8177162265882629,0.0026675227140610953,0.0,0.8176825448974265,-0.5755373525743461,-0.011522085878391233,0.0,-0.007886689469332853,0.008813453505627816,-0.9999300591373972,0.0,0.6578377111517173,0.25577829394390844,0.3038499229721131,1.0,-0.01262000000000001,-0.01658628571428573,-0.006310000000000005,0.6320000000000005
0.4620799986275779,0.5247398067378433,-0.1241031890444616,-1.3910521041565895,0.07739145071573489,1.9071511042757594,0.1566700608747891,-0.00872716413379649,-0.0686664535751176,-0.003997907176021035,-0.10402415880806362,-0.0036506860145525516,0.034159437765514396,-0.0031596473053870566,0.5756683100116011,0.8176672534387319,0.002646961192800696,0.0,0.8176333894026497,-0.575607166377353,-0.011522909796463553,0.0,-0.007898448242802059,0.008797787245300254,-0.9999301042847656,0.0,0.6576318976401765,0.2555153330689623,0.3038485087924287,1.0,-0.012940000000000009,-0.017006857142857157,-0.006470000000000004,0.6480000000000005
0.46193821885188135,0.5236199848853027,-0.12410957506989569,-1.392820105040576,0.07728462369072865,1.9077828141549296,0.15653403438060562,-0.011386830191653196,-0.07176228123479592,-0.0006427432396655218,-0.11049052818260682,-0.007809707143106692,0.037398170547081916,-0.01204961065617044,0.5757435382596516,0.8176143372192924,0.002630708444984817,0.0,0.8175802411763036,-0.5756824147087923,-0.011534883370015278,0.0,-0.007916785854133468,0.008792119085317573,-0.9999300091225031,0.0,0.6574154801278828,0.255248834857568,0.3038492752087479,1.0,-0.01326000000000001,-0.017427428571428587,-0.006630000000000005,0.6640000000000005
0.4617784849234515,0.5224136977077665,-0.1241099709311496,-1.3947606033531637,0.07716567117869565,1.9085080353325703,0.15639013889376777,-0.007452965671967065,-0.07449979644907463,-0.0018275067570051936,-0.1146200160565713,-0.005995442093756228,0.0385055539735576,-0.009528130499455894,0.5758287407379218,0.8175543700392833,0.0026192119154871017,0.0,0.817520124179893,-0.5757676435417947,-0.011541841812706517,0.0,-0.007928178381765405,0.008787551874813948,-0.9999299590069268,0.0,0.657182740444303,0.254959086464055,0.30383635074827436,1.0,-0.01360000000000001,-0.01787428571428573,-0.006800000000000005,0.6810000000000005
0.4616037478782593,0.5211246371772911,-0.12411283948489428,-1.396835781019003,0.07703628556177618,1.9093251490126106,0.15624359159358978,-0.009033300010932116,-0.07140496596242736,-0.0005095368406248752,-0.11419031451317073,-0.007053462854158358,0.03843671050904708,-0.00810464928425773,0.5759301450822064,0.8174828784444915,0.002637865975721807,0.0,0.817448955755972,-0.5758690644154562,-0.01152268562213623,0.0,-0.007900684910969624,0.00879275207709597,-0.9999301309035789,0.0,0.6569430801904501,0.2546477002861893,0.30382519528461416,1.0,-0.01396000000000001,-0.018347428571428587,-0.006980000000000005,0.6990000000000005
0.4614461270862965,0.519929068998952,-0.12411305552580774,-1.3987476954294271,0.0769169367501007,1.9100324295740112,0.156101033154163,-0.013260931171700052,-0.07268062233855604,0.00044279308926418743,-0.12180402321643412,-0.0077220392629718144,0.03321306562465222,-0.0055855763285688285,0.5760122997293916,0.8174250317339128,0.002625824913713411,0.0,0.8173909585222524,-0.575951254351143,-0.011529112655659538,0.0,-0.007911990455990447,0.008787405422542235,-0.9999300885126742,0.0,0.6567113155376686,0.25436151145681507,0.3038161041643422,1.0,-0.014280000000000011,-0.018768000000000017,-0.007140000000000006,0.7150000000000005
0.4612777815601857,0.5185778305009037,-0.1241195688155417,-1.4008188064754459,0.07677971349195602,1.91076826896827,0.1559417182471363,-0.008733226653602402,-0.07928746015071596,0.0009185726906694861,-0.11827016020977159,-0.00931228886320875,0.04106328066889197,-0.005357240953553382,0.576096960826012,0.8173653478229149,0.002631882703729124,0.0,0.8173314176005073,-0.5760359567787386,-0.011518559039938167,0.0,-0.007898964024260435,0.00878709645603673,-0.999930194215184,0.0,0.6564561887233482,0.25404688598016784,0.3038427784957334,1.0,-0.014620000000000011,-0.019214857142857162,-0.007310000000000006,0.7320000000000005
0.4611056437048011,0.5173225142481096,-0.12412768882247521,-1.4028099728144592,0.07665399289653997,1.911487576580529,0.15579833596094522,-0.011345041068743882,-0.075339066024269,-0.0024090551195546147,-0.12631064898631694,-0.009735505652756878,0.05056334296156263,-0.006863129059439213,0.5761976746391188,0.817294417886971,0.0026117297864816195,0.0,0.8172602568141009,-0.5761367575845973,-0.011526321757824504,0.0,-0.007915837304966145,0.008776071716605535,-0.9999301576035129,0.0,0.6562141346949508,0.2537378365801982,0.30383847397872654,1.0,-0.01494000000000001,-0.01963542857142859,-0.007470000000000005,0.7480000000000006
0.4609143128393523,0.5158865645192768,-0.12413487750913284,-1.4050665842228638,0.07650966052308474,1.9123267780786077,0.15562259805566525,-0.007533893043170189,-0.08681270955803887,9.546176851003684e-05,-0.12800596235963263,-0.008873979175707343,0.045075423747100496,-0.011037403099839813,0.5762957482120219,0.8172252412565508,0.0026196463742199326,0.0,0.817191252397433,-0.5762348703654661,-0.011514255565054275,0.0,-0.007900360799616146,0.008776537602900106,-0.9999302759127462,0.0,0.6559428131285966,0.253392767710668,0.3038444891089044,1.0,-0.015300000000000012,-0.020108571428571448,-0.007650000000000006,0.7660000000000006
0.4607350037234344,0.514599330909432,-0.12413342971432433,-1.407132478386025,0.07638733727897405,1.9131152230354456,0.155469521683899,-0.007693096887101101,-0.08532249513227308,0.0022722783746349094,-0.13009000307609397,-0.005547817250324085,0.04712527595449532,-0.014046002912209372,0.576392192442543,0.8171572000050373,0.002626380097006723,0.0,0.8171232679771894,-0.5763312468621999,-0.011515455776862997,0.0,-0.007896424714006312,0.008783664202772198,-0.9999302444270345,0.0,0.6556956637841246,0.2530814426290131,0.3038319575413193,1.0,-0.015620000000000012,-0.020529142857142878,-0.007810000000000006,0.7820000000000006
0.4605404175512342,0.5131198568342533,-0.12413909231840987,-1.409537058129264,0.0762446319119437,1.913954396357344,0.15527305102380207,-0.01315562955618329,-0.08485576950277754,0.00013930797117380907,-0.13262605649869555,-0.005295187353769254,0.04847066988988623,-0.011327439846385637,0.5764822383534821,0.8170939113197024,0.002552615998832111,0.0,0.8170589161515242,-0.5764214073736362,-0.011568731991944567,0.0,-0.00798151163460814,0.008754974735378035,-0.9999298204821222,0.0,0.6553889815016342,0.25271858091190946,0.3037971619445779,1.0,-0.01598000000000001,-0.021002285714285734,-0.007990000000000006,0.8000000000000006
0.46035468178705596,0.5117922361185362,-0.12414766537008934,-1.4116712384315946,0.0761183264742328,1.9147076569627244,0.15510351594256888,-0.010546850158048899,-0.07990778926221204,-0.0008367766565350761,-0.12914122807021075,-0.004599577914424299,0.05280383229007332,-0.011978216433940151,0.5765790548789075,0.8170257399224427,0.002506128555970805,0.0,0.8169900705560248,-0.576518291884894,-0.011603044264075005,0.0,-0.008035311575523951,0.008737722669501305,-0.9999295405029472,0.0,0.655122093915891,0.25238678550583066,0.3037768670226277,1.0,-0.016300000000000012,-0.021422857142857164,-0.008150000000000006,0.8160000000000006
0.46015410960981457,0.5103392949028704,-0.12414541216056604,-1.4139983827015965,0.07597370175501958,1.9155961484568595,0.15493476060875563,-0.010987548783903534,-0.08354263395116632,6.403947118921059e-05,-0.1338222225720489,-0.007074627831128148,0.058129837413783,-0.014476658454012355,0.5766860379573593,0.8169502095688046,0.0025130880878895187,0.0,0.8169146468592896,-0.5766252556249769,-0.011598328474424558,0.0,-0.008026301347914377,0.008741740868289022,-0.9999295777469852,0.0,0.6548409896478816,0.2520365592115865,0.30376343362960995,1.0,-0.016640000000000012,-0.021869714285714305,-0.008320000000000006,0.8330000000000006
0.4599736072727684,0.5089214765683534,-0.12414584167210184,-1.4162402451138003,0.07582523640985173,1.9164207466676528,0.1547485887486909,-0.008757699463471314,-0.09192836620721863,-9.43247940610975e-06,-0.13939750522559763,-0.016618720298184626,0.04924298640375953,-0.012201436248936036,0.5767580833539,0.8168993723732306,0.002505115439622627,0.0,0.8168637669044799,-0.576697385340731,-0.011595644052680152,0.0,-0.008027935387523888,0.008734387637646654,-0.9999296288869578,0.0,0.6545613847927817,0.25170274010571625,0.3037600381151003,1.0,-0.016960000000000013,-0.022290285714285735,-0.008480000000000007,0.8490000000000006
0.45973334876322375,0.5072447535010446,-0.12415658550390159,-1.4188828973129954,0.07565132235572933,1.9173715898160244,0.15454279593694253,-0.012505585575515158,-0.08843466327633799,-0.004331375419203282,-0.1337641267250529,-0.015576775016420973,0.06311417520012932,-0.011563153411067513,0.5768835885925047,0.816810818979391,0.0024815543635269676,0.0,0.8167749897152866,-0.5768230445491627,-0.011599066938188091,0.0,-0.008042980474291972,0.00871835075464271,-0.9999296479378983,0.0,0.6542357526044459,0.2512842001193345,0.30375772684807123,1.0,-0.017340000000000015,-0.02278971428571431,-0.008670000000000008,0.8680000000000007
0.45953389333516087,0.5057724413608191,-0.12416071785836694,-1.4211855124228765,0.07551645719536987,1.9182257276127863,0.1543567782529834,-0.012910840717716043,-0.08881844241791145,-7.035625864717688e-05,-0.14787789260933615,-0.0002514556513812218,0.05470771804237969,-0.0147212891465452,0.5769800816070226,0.8167425978194509,0.002502246409989953,0.0,0.816706976098167,-0.5769193885822821,-0.011596601728169651,0.0,-0.008027998716261586,0.008734778481991848,-0.9999296249644183,0.0,0.6539518949479451,0.25093363150825015,0.3037651940904855,1.0,-0.017660000000000012,-0.023210285714285735,-0.008830000000000006,0.8840000000000007
0.4593413482791174,0.5043321754053568,-0.1241643267226787,-1.4233568501103588,0.0753834903987722,1.9190700992679166,0.15419328887732525,-0.013684918736859645,-0.09922163983346215,0.0011628904960346868,-0.1458248974309202,-0.008953390319575583,0.05241984758680229,-0.012735703341883136,0.57708238986314,0.8166700220949004,0.0025956160290667527,0.0,0.8166356574811168,-0.5770214214443119,-0.011542487859126838,0.0,-0.00792883041888276,0.008780808138943247,-0.9999300130792235,0.0,0.6536938926666642,0.2506027040536511,0.303811321610737,1.0,-0.017960000000000014,-0.02360457142857145,-0.008980000000000007,0.8990000000000007
0.4591220408739859,0.5027674577736287,-0.12416741681969154,-1.4256878440025123,0.07522619710588627,1.9199634627779658,0.15400826157468964,-0.01669344466401653,-0.10020473142018799,0.001344261291476581,-0.14779425180975303,-0.007173301916258711,0.05666334023264705,-0.012719180283641638,0.5771895286670629,0.8165939858191085,0.002693923229059738,0.0,0.8165610439572125,-0.5771283964233647,-0.011472682097545223,0.0,-0.007813934051239368,0.008821834584343546,-0.9999305564233996,0.0,0.6534176255047024,0.25023680049173436,0.30387204191867284,1.0,-0.018280000000000015,-0.02402514285714288,-0.009140000000000007,0.9150000000000007
0.45888336319840883,0.5009712328140954,-0.12417131060182733,-1.4283733117122657,0.07505615332216861,1.920919569985049,0.1537914413188066,-0.012650935624300226,-0.10657552811554905,0.0015993649041459181,-0.15387045575251923,-0.013032036719421488,0.051829303359394445,-0.007544364657871881,0.5773010001653552,0.8165150009362792,0.002748700659721588,0.0,0.8164827515309395,-0.5772396638919197,-0.011446998891320712,0.0,-0.007760136672185225,0.008852801030488286,-0.9999307016952443,0.0,0.6530793473587089,0.2498211510772567,0.3039304783515171,1.0,-0.018640000000000014,-0.024498285714285736,-0.009320000000000007,0.9330000000000007
0.458662352693978,0.4993713717204789,-0.12417389956249421,-1.4308134265275068,0.07490358946006567,1.9217947159766482,0.15360413578316076,-0.01900352008898005,-0.09342269956832451,-0.0002650014030904145,-0.15085154373027182,-0.011576188802813333,0.05424728724701566,-0.01042293766773112,0.5774131141231601,0.8164356272463561,0.002776527084644405,0.0,0.8164037077095511,-0.5773516434564067,-0.011437339616025747,0.0,-0.007734967990121799,0.008871007685820678,-0.999930735347619,0.0,0.6527720407033435,0.24944174929332572,0.3039610151623165,1.0,-0.018960000000000015,-0.024918857142857166,-0.009480000000000008,0.9490000000000007
0.45841074580862406,0.49771234372637835,-0.1241716394407525,-1.4334425498927792,0.07473458136378733,1.922786796023445,0.15340227121721225,-0.020210219050490363,-0.10313187164014742,0.00039862086681876025,-0.15727487061766884,-0.002934278036440095,0.0515757430083194,-0.012786420950293307,0.5775398997669525,0.8163459062269739,0.0027879140674120905,0.0,0.8163141728280214,-0.5774784229256059,-0.011427563023951405,0.0,-0.007719032689151084,0.008875858257064398,-0.9999308154440207,0.0,0.6524503887246661,0.24902891815721565,0.3039523432571504,1.0,-0.019300000000000015,-0.02536571428571431,-0.009650000000000008,0.9660000000000007
0.45816532523538833,0.4961338227415971,-0.12417129745020743,-1.4359689864384941,0.07457750052886376,1.9236844355610205,0.15318837712418057,-0.014634035690458923,-0.09931911595224839,0.00029777828431700094,-0.1571670410946154,-0.012232100068104882,0.04878246134504005,-0.011811471879106944,0.5776504780085253,0.8162678166240663,0.002742936658016575,0.0,0.8162354262899963,-0.5775890401962603,-0.011461955136838488,0.0,-0.007771884575028698,0.00886005651959311,-0.9999305461923951,0.0,0.6521296344266713,0.24862585241353832,0.30392772317607786,1.0,-0.019620000000000016,-0.02578628571428574,-0.009810000000000008,0.9820000000000008
0.4578728636549273,0.49436822747973785,-0.12417628797765536,-1.438863357641576,0.07440095007616815,1.924681105023699,0.1529605183648726,-0.017592845844573605,-0.10077450658844796,0.0007152175629388545,-0.16315150450970364,-0.014211183263228653,0.050207287758548054,-0.014746791608410878,0.5778045587116265,0.8161591317621906,0.0026287781302803776,0.0,0.8161251237684413,-0.5777433096031905,-0.011541120565482666,0.0,-0.007900784077662704,0.008814093650927085,-0.9999299422279898,0.0,0.6517571557205339,0.24815162291336104,0.3038665138721049,1.0,-0.019980000000000015,-0.026259428571428597,-0.009990000000000008,1.0000000000000007
0.45761828826910533,0.4927151302612471,-0.12418201014092323,-1.4415146148829845,0.07423655929552458,1.925657320570039,0.15276311818826888,-0.010308849474781426,-0.10893686042694493,0.0020513173539615363,-0.16740765711631814,-0.008527084345548103,0.059900129486434556,-0.009934018862133496,0.5779438865838105,0.8160605523388834,0.002604952583931017,0.0,0.8160262196658998,-0.5778826807659126,-0.011556945521690534,0.0,-0.007925962962658961,0.008805145147646729,-0.9999298218025321,0.0,0.6514253633454193,0.24772958714256538,0.3038402106563312,1.0,-0.02142857142857135,-0.02816326530612235,-0.016491173361428153,1.015999999999999
