position_joint1,position_joint2,position_joint3,position_joint4,position_joint5,position_joint6,position_joint7,velocity_joint1,velocity_joint2,velocity_joint3,velocity_joint4,velocity_joint5,velocity_joint6,velocity_joint7,ee_T_00,ee_T_10,ee_T_20,ee_T_30,ee_T_01,ee_T_11,ee_T_21,ee_T_31,ee_T_02,ee_T_12,ee_T_22,ee_T_32,ee_T_03,ee_T_13,ee_T_23,ee_T_33,v_x,v_y,time
0.465086416449,0.547588990557,-0.123982570966,-1.35575500406,0.0794421707127,1.89408614479,0.159151709912,2.08825173034e-05,-0.000804473773078,-0.000349633241547,-0.000276593355201,-0.000315036674308,-0.000182832988227,-0.000351858413108,0.573765009957,0.819005433233,0.0021355525705,0.0,0.818965257453,-0.573706257073,-0.011738167691,0.0,-0.00838860474979,0.00848405660721,-0.999928823514,0.0,0.661695753096,0.260903821568,0.303386103308,1.0,0.0,0.0,0.0
0.465083243937,0.547594619506,-0.123984678833,-1.35575778812,0.0794428827895,1.89408684885,0.159150121636,-0.00193921764839,-1.38765402834e-05,-0.000708258920932,-0.00103662301373,-0.000127722540015,-2.44929667706e-05,-0.00136881731088,0.573768136847,0.819003260305,0.00212876741117,0.0,0.818962998597,-0.573709411845,-0.011741575321,0.0,-0.00839525620429,0.00848048681359,-0.999928797973,0.0,0.661696378061,0.260900260122,0.30338092265,1.0,-8e-05,-0.000105142857143,0.005
0.465088245849,0.547586621528,-0.123976816822,-1.35575560962,0.0794441920746,1.89408685176,0.159158305902,0.000637031667869,-0.00163386878059,0.00181057538737,0.00103396820758,0.000302961403168,5.72402080258e-06,0.00104726069013,0.573765461577,0.819005104786,0.00214017220074,0.0,0.818964943014,-0.573706644393,-0.0117411751589,0.0,-0.00838841288257,0.00848957023946,-0.999928778327,0.0,0.661693905668,0.260908697409,0.303387368053,1.0,-0.00034,-0.000446857142857,0.018
0.465088216661,0.547576380223,-0.123982141335,-1.35576450238,0.0794428827895,1.89408720496,0.159155654454,0.000283016228794,-0.00226715156049,-0.000400521618112,-0.000632929337562,-4.03600454253e-05,5.42032290182e-05,0.000226533400222,0.573767157318,0.819003916883,0.00214014364157,0.0,0.818963784391,-0.573708370047,-0.0117376699697,0.0,-0.00838554080764,0.00848755307959,-0.999928819541,0.0,0.661693512165,0.260904487446,0.303390594746,1.0,-0.00066,-0.000867428571429,0.034
0.465085036579,0.547534566469,-0.123979662961,-1.35580342314,0.0794423889436,1.89409410247,0.159149409721,-0.00103432779119,-0.00763469516293,0.000601225742338,-0.00429090477262,0.000191615863147,0.00261303596475,-0.00198073531023,0.57376488187,0.819005482791,0.002150904783,0.0,0.818965451561,-0.573706014685,-0.0117364715939,0.0,-0.00837840888334,0.00849565551221,-0.999928810517,0.0,0.661687358856,0.260900136097,0.303402206343,1.0,-0.001,-0.00131428571429,0.051
0.465090618232,0.54740360115,-0.123977156333,-1.3559444334,0.0794394145015,1.89411910522,0.159154330576,0.000400332209324,-0.00356813255174,-0.000854793553171,-0.00854510898997,-0.000119889899786,0.00123301996025,0.00131371554217,0.573769436296,0.8190022437,0.00216925997256,0.0,0.818962355681,-0.573710401777,-0.0117380480444,0.0,-0.00836912180615,0.00851163934231,-0.99992875236,0.0,0.661661613065,0.260891477928,0.303429944597,1.0,-0.00134,-0.00176114285714,0.068
0.465079024401,0.547252448877,-0.123982193996,-1.35613858832,0.0794360798229,1.89417097984,0.159148377652,-0.00356168702353,-0.00921785183701,0.00453681730754,-0.0159242440721,2.73362385561e-05,0.00897118535937,2.1021942739e-05,0.573787379275,0.818989640648,0.00218146649684,0.0,0.818949837293,-0.573728220783,-0.0117405100455,0.0,-0.00836394824318,0.00852323222164,-0.999928696899,0.0,0.661635805386,0.260862811754,0.303449265393,1.0,-0.00168,-0.002208,0.085
0.46506517706,0.547105520164,-0.123982138109,-1.35633873871,0.079434509898,1.89427525308,0.159133577478,0.000732267840007,-0.00594691365852,0.000487374835629,-0.0206419211186,0.000363369463986,0.0105325623383,-0.00160789691332,0.573797518826,0.818982406555,0.00222980775489,0.0,0.818943176747,-0.573738120411,-0.0117213202223,0.0,-0.00832038952676,0.00855191495811,-0.999928815401,0.0,0.661618279161,0.260838688645,0.303467124737,1.0,-0.002,-0.00262857142857,0.101
0.465042437866,0.546887630139,-0.123975357666,-1.35657127386,0.0794305619998,1.89440231218,0.15913088356,-0.00224371415436,-0.00688805701203,-0.00141198619504,-0.0157883225661,-0.00130670596132,0.00563705194734,0.00242529897493,0.573821302153,0.818965456552,0.0023326104899,0.0,0.818927496789,-0.573761452868,-0.0116746351757,0.0,-0.00822291925978,0.00860955898887,-0.999929127035,0.0,0.661600644176,0.260810830807,0.303521579758,1.0,-0.00236,-0.00310171428571,0.119
0.465012758159,0.546683081357,-0.123978221762,-1.35683807379,0.0794227899114,1.89452892023,0.159117437422,-0.000427710341329,-0.0157056687776,0.000542062953435,-0.0115973529643,0.000205062269296,0.0125518193592,-0.00041181508544,0.573849585583,0.818945470977,0.00239073072203,0.0,0.81890824523,-0.573789501476,-0.0116464926574,0.0,-0.00816622345046,0.00864129045694,-0.999929317949,0.0,0.661578935418,0.260767899172,0.303550537498,1.0,-0.00268,-0.00352228571429,0.135
0.464972626158,0.546429835,-0.123982857199,-1.35722206561,0.07941109482,1.89466090846,0.159082556582,-0.00335696714835,-0.0194577320354,-0.000431793952296,-0.0250291182576,-0.00118704221534,0.00465966179993,-0.00962720593944,0.57387542978,0.818927341852,0.00239724069143,0.0,0.818890110507,-0.573815223804,-0.0116543016091,0.0,-0.00816861030509,0.00865136060493,-0.999929211377,0.0,0.661536033855,0.260703476942,0.303558703375,1.0,-0.00302,-0.00396914285714,0.152
0.46493980683,0.546143282626,-0.123983566919,-1.3576543309,0.0793867515141,1.89481796395,0.158937245861,-0.00251547230865,-0.0194638152443,0.000363973813645,-0.0279253801058,-0.00155384591226,0.0137943392051,-0.00855157184845,0.573801487774,0.818979118593,0.0024089081,0.0,0.818942012631,-0.573741221533,-0.0116506464868,0.0,-0.00815970341454,0.00865808103021,-0.999929225932,0.0,0.661485807182,0.260640527433,0.303569486138,1.0,-0.00336,-0.004416,0.169
0.464892317011,0.545871474491,-0.123982478543,-1.35811825089,0.0793599637512,1.89498019936,0.158924487292,-0.00545353129066,-0.0171026573953,0.000159229959473,-0.0282887492711,5.91376112493e-05,0.0114750037482,-0.00175187702795,0.573842767309,0.818950269631,0.00238352246507,0.0,0.818912805239,-0.573782556575,-0.0116679941491,0.0,-0.00818804098597,0.0086476576139,-0.999929084487,0.0,0.661427951724,0.260562495279,0.30355792177,1.0,-0.0037,-0.00486285714286,0.186
0.464840490382,0.54554380427,-0.123982717658,-1.35865845462,0.0792985566873,1.89516581956,0.158869435209,-0.00240235012011,-0.0210640282516,0.000316411180728,-0.0406723118232,-0.00653339513067,0.0130479186244,-0.00262927711363,0.573859346061,0.818938766516,0.00234404293562,0.0,0.818901019914,-0.573799518459,-0.0116610077043,0.0,-0.00820479852576,0.00861148320403,-0.999929259317,0.0,0.661371092296,0.26047333336,0.30354600366,1.0,-0.00402,-0.00528342857143,0.202
0.46476452315,0.545132649736,-0.123980048463,-1.35937044595,0.0792612814283,1.89540082748,0.158753119241,-0.00434478692902,-0.0270482920306,0.0016648978972,-0.0415778221396,-0.000247358652799,0.00953359475871,-0.00498587376221,0.573854197205,0.818942522822,0.0022916294055,0.0,0.818903987241,-0.573794448839,-0.011702011117,0.0,-0.00826850946898,0.00859203807601,-0.999928901789,0.0,0.661286503869,0.260355435529,0.303518422285,1.0,-0.0044,-0.00578285714286,0.221
0.464705234569,0.544786810095,-0.123983541469,-1.35997510469,0.0792390104222,1.89559896268,0.158700304617,-0.00485268277328,-0.0188918500878,0.000910349250678,-0.0382741713337,-0.00103144284908,0.0178250840206,-0.000596661652098,0.573889680053,0.818917783668,0.00224624635829,0.0,0.818878512827,-0.573829946369,-0.0117439678605,0.0,-0.00832854105472,0.00857931001365,-0.999928512867,0.0,0.66121365329,0.260256814117,0.303492693977,1.0,-0.0047,-0.00617714285714,0.236
0.464638520762,0.54435447025,-0.123991745833,-1.36071173524,0.0792032285326,1.89585299263,0.158596076044,-0.00225284376839,-0.0268056165542,-8.54742092398e-05,-0.0451354531387,-0.000398136807166,0.0134156838386,-0.012448954954,0.57389622354,0.818913308413,0.00220563199695,0.0,0.818873439769,-0.57383657206,-0.0117739164531,0.0,-0.00837630584106,0.00856330451906,-0.999928251084,0.0,0.661127583395,0.260137637078,0.303470326868,1.0,-0.00504,-0.006624,0.253
0.464561725873,0.54385900282,-0.123989934077,-1.36153001786,0.0791691791086,1.89614729399,0.158516835811,-0.00657474113602,-0.0262048389174,-7.30821953934e-05,-0.0430594392271,-0.000483446540007,0.01899289709,-0.00267475188721,0.573929495399,0.818890034721,0.00218912012681,0.0,0.818849788703,-0.573869737597,-0.0118023181201,0.0,-0.00840869279582,0.00856642396671,-0.999927952538,0.0,0.661032552515,0.260011755379,0.303456893712,1.0,-0.0054,-0.00709714285714,0.271
0.464490209968,0.543308678158,-0.12399572392,-1.36240993056,0.0791129152875,1.89644328804,0.158381354834,-0.00193970144583,-0.0297517745122,-0.00100060020793,-0.046670291077,-0.00415954212188,0.0147244437518,-0.00366623938203,0.573915006913,0.818900271365,0.00215807758795,0.0,0.81885962787,-0.573855378499,-0.0118178388077,0.0,-0.00843936945954,0.00854976226103,-0.9999278367,0.0,0.660926605756,0.259874890852,0.303453235384,1.0,-0.00576,-0.00757028571429,0.289
0.464423347328,0.542871248255,-0.123996412484,-1.36312441598,0.0790700359434,1.89670274201,0.158302334746,-0.00444440483318,-0.0308723042603,-0.000137689370781,-0.0503180601568,-0.0041096593309,0.0166170252063,-0.00291106432345,0.573933863813,0.818887097072,0.00214222259741,0.0,0.81884623545,-0.573874283427,-0.0118277813355,0.0,-0.00845641387681,0.00854267962469,-0.999927753235,0.0,0.66084524944,0.259761904556,0.303445079315,1.0,-0.00604,-0.00793828571429,0.303
0.464360796693,0.542286211763,-0.123996476453,-1.36403030926,0.0790179604339,1.8970292724,0.158184010067,-0.00439838495413,-0.0339518015799,0.00157649808811,-0.0508581874973,-0.00158910146726,0.0188396402797,-0.00809276810234,0.573924640436,0.818893544661,0.00214860759913,0.0,0.818852722644,-0.573864992082,-0.011829470941,0.0,-0.00845422947759,0.00854878262936,-0.999927719548,0.0,0.660736202398,0.259634419496,0.303455953467,1.0,-0.00638,-0.00838514285714,0.32
0.464263889611,0.541600494422,-0.124000243008,-1.36508425605,0.078948693681,1.8974218149,0.158037366925,-0.00806822906466,-0.0424141788956,5.9658269863e-05,-0.0549161798152,-0.00648325049656,0.0215698407498,-0.017379241048,0.573926590535,0.818892134347,0.00216515174271,0.0,0.818851590652,-0.573866940863,-0.0118132795177,0.0,-0.0084314550024,0.008553057858,-0.999927875283,0.0,0.66061940748,0.259467543245,0.303473294013,1.0,-0.00676,-0.00888457142857,0.339
0.4641956712,0.54098868567,-0.124004426836,-1.36602858804,0.0789012882486,1.89776873231,0.15792146038,-0.00442528898051,-0.0364271975939,0.00045566759868,-0.0603189561872,-0.00330905536554,0.0184268088971,-0.0128122328321,0.573930172286,0.818889580563,0.00218153310326,0.0,0.81884917328,-0.573870380254,-0.0118137626006,0.0,-0.0084224120269,0.00856678631999,-0.99992783397,0.0,0.660508107153,0.259331865,0.303486546991,1.0,-0.00708,-0.00930514285714,0.355
0.464106221324,0.540295472903,-0.124002719383,-1.36709413126,0.078837811541,1.89816217448,0.157787575921,-0.00619807202042,-0.0384190490966,0.000181483489121,-0.0631008912979,-0.000443110035101,0.0212610358817,-0.00712277197673,0.573934642855,0.818886397157,0.00220026896433,0.0,0.818846207376,-0.573874750574,-0.0118070411607,0.0,-0.00840610843769,0.00857831700756,-0.999927872308,0.0,0.660385128233,0.259172825262,0.303503374931,1.0,-0.00742,-0.009752,0.372
0.464016154405,0.539653103611,-0.124007447532,-1.36807007859,0.0787778842124,1.89853214146,0.157661316948,-0.0026323686524,-0.0496228351959,-0.00135853098845,-0.0689064554537,-0.000967905760643,0.0336437105768,-0.00135160252295,0.573946342999,0.818878118258,0.0022292818155,0.0,0.818838342323,-0.573886374466,-0.011787503804,0.0,-0.00837333568784,0.00859098153076,-0.999928038554,0.0,0.660278078361,0.259018605265,0.303524990801,1.0,-0.00772,-0.0101462857143,0.387
0.463916600497,0.538909096111,-0.124005941881,-1.36922505002,0.0787102397985,1.89896959226,0.15752463265,-0.00582515746813,-0.045348679142,0.000689472387238,-0.0671333378035,-0.00170179926039,0.0296215077002,-0.0131939033243,0.573960692194,0.818867997371,0.0022524648298,0.0,0.81882850056,-0.573900610049,-0.0117780880017,0.0,-0.00835216920001,0.00860470760862,-0.999928097553,0.0,0.660147040588,0.25884516032,0.3035387546,1.0,-0.00806,-0.0105931428571,0.404
0.463802099457,0.538141582936,-0.12401160832,-1.37042659578,0.078647588095,1.89943405608,0.157377018431,-0.00952529276131,-0.0418044170007,-0.000763507037949,-0.0694465793106,-0.00508857656365,0.0209345483713,-0.00428564372923,0.573987267799,0.818849290294,0.00228102836365,0.0,0.818810120998,-0.573927028287,-0.0117685535611,0.0,-0.00832768823494,0.0086228950324,-0.999928145063,0.0,0.660016225214,0.258655117677,0.303549421715,1.0,-0.0084,-0.01104,0.421
0.46369975022,0.537390749853,-0.124017963304,-1.37158786151,0.0785772882623,1.89987870395,0.157234985448,-0.00584263232971,-0.0464727916079,9.96683227152e-05,-0.0728007192622,-0.00429170556539,0.0217493568734,-0.00255980044592,0.574006997623,0.818835392698,0.0023050481512,0.0,0.818796546047,-0.573946675667,-0.0117548531947,0.0,-0.00830247495652,0.00863489970303,-0.999928251134,0.0,0.659878272632,0.258461767348,0.303563203241,1.0,-0.00874,-0.0114868571429,0.438
0.463583663014,0.536560205492,-0.124025840086,-1.37290189658,0.0784930412698,1.90036129012,0.157077150286,-0.00553064317598,-0.0502086207122,3.73637426572e-05,-0.0745943875655,-0.0100066974935,0.0319627270162,-0.00826434594041,0.574025627232,0.818822343137,0.00230142605416,0.0,0.818783542874,-0.573965413778,-0.0117456633008,0.0,-0.0082968323279,0.0086268476153,-0.999928367471,0.0,0.659737508329,0.258267570053,0.303568603932,1.0,-0.00906,-0.0119074285714,0.454
0.463471118596,0.535703553984,-0.124041503789,-1.37424158104,0.0784170347743,1.90085825804,0.156905154765,-0.0107402517286,-0.056172243819,-0.00213948397647,-0.0861905233461,-0.00575624090946,0.0309109318932,-0.00619087918673,0.574041245186,0.81881136536,0.00231164067132,0.0,0.81877271705,-0.573981011525,-0.0117381056483,0.0,-0.00828461596632,0.00863103126986,-0.999928432658,0.0,0.659585188568,0.258057880796,0.303579151161,1.0,-0.0094,-0.0123542857143,0.471
0.463353274581,0.534803681304,-0.12403721646,-1.37563864272,0.078339529906,1.90137414686,0.156730669379,-0.00662984756048,-0.0550991292013,3.83613343149e-05,-0.0832065871325,-0.00774774579255,0.0318031969705,-0.0080663566854,0.574047723967,0.818806765331,0.00233207152118,0.0,0.818768285143,-0.573987311587,-0.0117391772161,0.0,-0.00827369755542,0.00864844067166,-0.999928372636,0.0,0.659421022346,0.257851094029,0.303593704428,1.0,-0.00974,-0.0128011428571,0.488
0.463224469466,0.533907877513,-0.124038175149,-1.37711129883,0.0782579087084,1.90190212762,0.156557020092,-0.00973684841544,-0.0503050756073,0.00215548225094,-0.0852185788438,-0.0030972619645,0.0339191003387,-0.00803615033063,0.574070454388,0.818790939326,0.00229302826516,0.0,0.818751847643,-0.574010077758,-0.0117724047834,0.0,-0.00832307728295,0.0086357771575,-0.999928072282,0.0,0.659245485101,0.257625185981,0.303570461702,1.0,-0.01008,-0.013248,0.505
0.463097140561,0.533040259063,-0.124040650982,-1.37851484552,0.0781805484478,1.90243743871,0.156378868894,-0.00884168391287,-0.0483338419959,0.000271498536095,-0.0892916276269,-0.000262732479683,0.0384446055675,-0.00922400886219,0.574086765722,0.818779500166,0.00229399919926,0.0,0.81874036935,-0.574026329677,-0.0117782568876,0.0,-0.0083271396699,0.00864009750282,-0.999928001138,0.0,0.659086118243,0.257408401392,0.303560750478,1.0,-0.0104,-0.0136685714286,0.521
0.46297365172,0.532078366143,-0.124044254494,-1.38005484845,0.0780856258212,1.90302642856,0.15618939483,-0.00564496177111,-0.056361617871,0.00229099272595,-0.0945381416903,-0.00253384637542,0.0346989916121,-0.00647636592001,0.574094026826,0.818774394115,0.00229930536002,0.0,0.818735370158,-0.574033609055,-0.0117709909526,0.0,-0.00831806757977,0.00864034457414,-0.999928074512,0.0,0.658908031193,0.25717935989,0.303557045114,1.0,-0.01074,-0.0141154285714,0.538
0.462844833632,0.531075721711,-0.124049155322,-1.38165999685,0.0779990001877,1.90359252015,0.155986445776,-0.0119946380316,-0.0640173445944,0.000465007960874,-0.10209771908,-0.00494518165269,0.0313065083664,-0.00803427904147,0.574100866206,0.818769672393,0.00227285989787,0.0,0.81873017445,-0.574040413691,-0.0118004998093,0.0,-0.00835733883158,0.00863570240691,-0.999927787158,0.0,0.658712032212,0.256938675773,0.30354891094,1.0,-0.01108,-0.0145622857143,0.555
0.462712297417,0.530056640198,-0.124047455404,-1.38329348538,0.0778912428596,1.90417319163,0.155768259012,-0.00643729172975,-0.06536723239,6.62640961097e-05,-0.0973076177002,-0.00414191768727,0.0331250881768,-0.0191517399989,0.574089258149,0.818777903471,0.00223950137474,0.0,0.818737983054,-0.574028947638,-0.0118164834073,0.0,-0.00838969842094,0.00861744694438,-0.999927673669,0.0,0.658512920777,0.256693844208,0.30353965803,1.0,-0.01142,-0.0150091428571,0.572
0.462550385313,0.528890341784,-0.124052099159,-1.38514957704,0.0777754781234,1.90484793042,0.155521880642,-0.00742262088505,-0.0622796489704,-0.00130365194178,-0.101034847035,-0.00418083908271,0.036254768795,-0.0134953966968,0.574092901048,0.81877539383,0.00222313406067,0.0,0.818735268162,-0.574032661604,-0.0118241693471,0.0,-0.00840534918098,0.00860849568452,-0.999927619334,0.0,0.658293350167,0.256406601486,0.303536256871,1.0,-0.0118,-0.0155085714286,0.591
0.462439614581,0.527996004893,-0.124049944289,-1.38654932482,0.0776872795395,1.90539046231,0.155337834734,-0.00691958689682,-0.0652684920787,-1.4781730066e-05,-0.0960839861992,-0.0020098519451,0.0388536175382,-0.0104646976863,0.574083599044,0.818781837393,0.00225188036363,0.0,0.818742119753,-0.574023284286,-0.0118049710198,0.0,-0.00837322531036,0.00862091553135,-0.999927781849,0.0,0.658130341348,0.256203074294,0.303546633925,1.0,-0.01208,-0.0158765714286,0.605
0.462271360878,0.526705171453,-0.124055559714,-1.3885091572,0.0775605321505,1.90615018028,0.155060900146,-0.00881326981787,-0.0785758423485,-0.00130372083578,-0.102862786411,-0.00750455793436,0.0382642856817,-0.013227498989,0.57407047932,0.818790838612,0.00232255889356,0.0,0.818752160574,-0.574010022208,-0.0117533340199,0.0,-0.00829050975458,0.00864900872681,-0.999928228472,0.0,0.657908091057,0.255904449404,0.303588309581,1.0,-0.01246,-0.016376,0.624
0.462125792899,0.525619951266,-0.124053851148,-1.39022309828,0.0774636245585,1.9067740987,0.154829822457,-0.00547453123711,-0.0649931361402,-0.0029199489476,-0.106262656306,-0.00438223562645,0.0468625807641,-0.00745444592141,0.574069812709,0.818791322791,0.00231662659277,0.0,0.81875246318,-0.574009269126,-0.0117690226727,0.0,-0.00830676843586,0.00865315097059,-0.9999280577,0.0,0.657689626822,0.25562836437,0.303586364511,1.0,-0.0128,-0.0168228571429,0.641
0.461981789983,0.524540594668,-0.124067376219,-1.39195778297,0.0773398601137,1.90739144134,0.154599037849,-0.00900293800345,-0.0742561457911,-0.00144461034975,-0.108252454466,-0.00524086163228,0.0382490970056,-0.0161184060414,0.574063820605,0.818795636583,0.00227646356389,0.0,0.818756412807,-0.57400359397,-0.0117710449306,0.0,-0.00833154236798,0.00862136615484,-0.999928126141,0.0,0.657492111502,0.255374777024,0.303577437573,1.0,-0.0131,-0.0172171428571,0.656
0.461834893935,0.523413461271,-0.124074833049,-1.3937519861,0.0772270207745,1.90803604906,0.154349756585,-0.0120249998908,-0.0702701773042,0.000901524791359,-0.11235585088,-0.00889079361491,0.0376050734949,-0.0175993889899,0.574051037213,0.818804662926,0.0022533411942,0.0,0.818765151274,-0.573990913492,-0.0117815614073,0.0,-0.00835356087834,0.00860834052683,-0.999928054659,0.0,0.657273891959,0.255101218646,0.30357199607,1.0,-0.01342,-0.0176377142857,0.672
0.461668424848,0.522107743078,-0.124077990574,-1.39581427075,0.0771038753079,1.90884342602,0.154072100302,-0.00400162789169,-0.0748937267728,0.000455489812305,-0.113816071546,-0.00569558747375,0.0420933125145,-0.0164527967977,0.57403977473,0.818812445261,0.00229421333337,0.0,0.81877348881,-0.57397952179,-0.0117571037241,0.0,-0.00831019137445,0.00862765233731,-0.999928249593,0.0,0.657033735084,0.254797184678,0.303578142636,1.0,-0.01378,-0.0181108571429,0.69
0.461505483036,0.520869982804,-0.124087099939,-1.39780843592,0.0769843987918,1.90960648108,0.153804552984,-0.0104905767449,-0.0721044546329,0.00118859985501,-0.116144798907,-0.0112845980531,0.0458713156209,-0.0181857190962,0.574035097944,0.818815718847,0.00229603960267,0.0,0.818776812882,-0.573974866476,-0.0117528822956,0.0,-0.0083057356522,0.00862667701808,-0.999928295029,0.0,0.656798530243,0.254496836265,0.30356496608,1.0,-0.01412,-0.0185577142857,0.707
0.46134599771,0.519647216283,-0.124091117386,-1.39973968205,0.076856840774,1.91030723166,0.15354210346,-0.0101439843798,-0.0744648246563,-0.000682008241627,-0.122950949239,-0.0142583522653,0.0476812046571,-0.0225095310793,0.574021941519,0.818824979165,0.00228277293442,0.0,0.818785956376,-0.573961819384,-0.0117530605295,0.0,-0.00831363509972,0.00861578292473,-0.999928323309,0.0,0.656563062593,0.254203556614,0.303565247547,1.0,-0.01444,-0.0189782857143,0.723
0.461173195099,0.518301287747,-0.124093029243,-1.40179982169,0.0767235511983,1.91104863512,0.153266234717,-0.0134042441872,-0.0767084591504,1.84692792158e-06,-0.12116623608,-0.0108769569088,0.0422303009243,-0.0190523838821,0.574012103622,0.818831821091,0.00230229567972,0.0,0.818793071781,-0.573951929817,-0.0117403051104,0.0,-0.00829208801374,0.00862434703076,-0.999928428396,0.0,0.656311026083,0.253890964213,0.303593691436,1.0,-0.01478,-0.0194251428571,0.74
0.460997344352,0.51693001344,-0.12409470494,-1.40394818896,0.0765863618321,1.91181408826,0.152976027299,-0.0125863876318,-0.0874809414267,0.00172902444508,-0.119246486085,-0.0052608612573,0.0356356629327,-0.0121819590234,0.573996169666,0.818843027395,0.00228923504202,0.0,0.818804095192,-0.57393603321,-0.0117486331426,0.0,-0.00830657177841,0.00861827137837,-0.999928360566,0.0,0.65604374543,0.253567436408,0.303599619387,1.0,-0.01512,-0.019872,0.757
0.460827911788,0.515672681423,-0.124105449142,-1.40597393699,0.076465181618,1.91259010074,0.152690082194,-0.00989776819442,-0.0791693937166,-0.00147679326522,-0.133082054982,-0.00888220800245,0.0556784256141,-0.025648079749,0.573982965324,0.818852275828,0.00229189670396,0.0,0.818813405497,-0.573922848805,-0.0117438281166,0.0,-0.00830124831949,0.00861755894658,-0.999928410915,0.0,0.655803450006,0.253259171384,0.303584868735,1.0,-0.01544,-0.0202925714286,0.773
0.460622430639,0.51411139024,-0.124101012794,-1.40846092023,0.0763162074538,1.91349789121,0.152358840764,-0.00835374185146,-0.0827976324245,0.000727703040515,-0.132441929571,-0.0045438778024,0.0477376741029,-0.0116230362197,0.573967561339,0.818863110964,0.0022783621467,0.0,0.818823957501,-0.573907386656,-0.0117637181315,0.0,-0.00832546625126,0.00861773603594,-0.999928208042,0.0,0.655494330262,0.25288993088,0.303574178478,1.0,-0.01582,-0.020792,0.792
0.460441376869,0.512783884744,-0.12410718209,-1.41060370861,0.0761891616356,1.91423101544,0.152058577006,-0.011018620844,-0.0846719040695,-0.00117060384191,-0.131654077035,-0.011040828912,0.0397769484571,-0.0134963366881,0.573952234951,0.818874040179,0.00221025266509,0.0,0.818833869318,-0.573892188357,-0.0118151386571,0.0,-0.00840682544607,0.00859132038997,-0.99992775464,0.0,0.65522006822,0.252560105356,0.303548208253,1.0,-0.01614,-0.0212125714286,0.808
0.460224630937,0.511272000548,-0.124112745746,-1.41304081104,0.0760329085953,1.91514351774,0.151711963205,-0.0143032833254,-0.0846947197667,-0.000733310837486,-0.140729449052,-0.0160940363208,0.055638049364,-0.0200639561941,0.57393527502,0.818885976303,0.00219198603534,0.0,0.818845623653,-0.573875358727,-0.0118179596558,0.0,-0.00841979676549,0.00857780724675,-0.999927761513,0.0,0.654925996111,0.252182208441,0.303526389937,1.0,-0.0165,-0.0216857142857,0.826
0.46002658035,0.509808577713,-0.124110734941,-1.41536250917,0.075895821588,1.91601783251,0.151392982352,-0.0188513021516,-0.0840232540404,-0.00059120012211,-0.13856343093,-0.0112807869836,0.0498298743656,-0.0179543904208,0.57391907676,0.818897288407,0.00220709555251,0.0,0.818857056717,-0.573859026393,-0.0118188575274,0.0,-0.00841203063402,0.00859052896283,-0.999927717664,0.0,0.65464209029,0.251834589335,0.303521508001,1.0,-0.01684,-0.0221325714286,0.843
0.459849816922,0.508479667003,-0.124112482896,-1.41744694818,0.075762924937,1.91675950242,0.151089561328,-0.0104066563374,-0.083725526259,-0.00010374038351,-0.133491091332,-0.00790979642316,0.0477074662393,-0.0282433996195,0.573888836361,0.818918519304,0.00219297591544,0.0,0.818878076816,-0.573828817321,-0.0118292275223,0.0,-0.00842894299435,0.00858460679823,-0.999927626104,0.0,0.654379205563,0.25151692034,0.303523542447,1.0,-0.01714,-0.0225268571429,0.858
0.45963390466,0.506960923331,-0.124116696668,-1.41984189613,0.0756011829146,1.91762863966,0.150761095044,-0.00901595686682,-0.0901448154111,-0.000228345638764,-0.138291442283,-0.00914517237145,0.0548634517502,-0.0206435160708,0.573879841306,0.818924863864,0.00217761083475,0.0,0.81888430444,-0.573819968069,-0.0118273872062,0.0,-0.00843634730388,0.00857087544263,-0.999927681454,0.0,0.654083618084,0.251141918463,0.303521243015,1.0,-0.01748,-0.0229737142857,0.875
0.459422662759,0.505454948914,-0.124127337609,-1.42215668319,0.075452041777,1.91850278425,0.150451113072,-0.0138860699136,-0.0996338668883,-0.00108755792554,-0.141449465219,-0.011287170735,0.0561185644481,-0.0235084364361,0.573885859878,0.818920515943,0.00222605051161,0.0,0.818880687044,-0.573825900038,-0.0117899844634,0.0,-0.00837785602103,0.00858914051162,-0.999928016506,0.0,0.653806539617,0.25077794762,0.303548244812,1.0,-0.0178,-0.0233942857143,0.891
0.459199705336,0.503814829952,-0.124126266369,-1.42463501067,0.0753021782772,1.91945787904,0.150102083591,-0.0154582343467,-0.0979610709923,-0.00526112997999,-0.144268911031,-0.00790932049349,0.0563504740335,-0.0230324751635,0.573869129685,0.818931961313,0.00232629238662,0.0,0.818893427031,-0.573808782969,-0.0117380856372,0.0,-0.00827800586698,0.00864127690488,-0.999928398913,0.0,0.653509278687,0.250400934382,0.303597204635,1.0,-0.01814,-0.0238411428571,0.908
0.458971003835,0.502139489617,-0.124131339915,-1.42711434201,0.0751329530395,1.92037821329,0.14975302508,-0.0119534356581,-0.100420317067,0.00567421821019,-0.145774052701,-0.0100804179448,0.0506344850427,-0.018874651493,0.573855256698,0.818941421338,0.00241654246658,0.0,0.818904200025,-0.573794728787,-0.0116733585004,0.0,-0.00817335483532,0.00867790199071,-0.999928942619,0.0,0.653208530582,0.250011626909,0.303666731983,1.0,-0.01848,-0.024288,0.925
0.458732402528,0.500426872509,-0.12413237035,-1.4297012371,0.0749761275455,1.92128938946,0.149387994016,-0.0147285748748,-0.103838407154,-0.00100453411643,-0.155104565358,-0.0075810566414,0.0555519807213,-0.0226742085154,0.573841915373,0.818950663987,0.00245214568043,0.0,0.818913787807,-0.573781136559,-0.011668863289,0.0,-0.00814938530387,0.00870434635302,-0.99992890841,0.0,0.65288080912,0.249607474751,0.303709574937,1.0,-0.01882,-0.0247348571429,0.942
0.458474238102,0.498643539066,-0.124135215748,-1.43247786678,0.0747957783826,1.92230280236,0.149004419531,-0.0116861132442,-0.0965036088561,0.000832478653708,-0.158048327895,-0.0188982913231,0.058804547894,-0.0195085091781,0.573833641311,0.818956427128,0.00246362877266,0.0,0.818919724323,-0.573772848506,-0.0116597741494,0.0,-0.00813544031238,0.00870845251704,-0.999928986211,0.0,0.652534942267,0.249171168642,0.303719741043,1.0,-0.01918,-0.025208,0.96
0.458241795448,0.497161222219,-0.124135488683,-1.43481377473,0.0746576115293,1.92316758587,0.148651512022,-0.0161640395271,-0.10157995354,-2.23913920457e-05,-0.15726979165,-0.0091821993814,0.0559629558724,-0.0221507075399,0.573816470077,0.818968421866,0.00247579407724,0.0,0.818931783576,-0.573755535985,-0.0116647193156,0.0,-0.00813269279114,0.00872108242939,-0.999928898487,0.0,0.652247506261,0.248798236926,0.303716270292,1.0,-0.01948,-0.0256022857143,0.975
0.457959381792,0.495397236472,-0.124133436815,-1.43765875988,0.0744869590014,1.92414845249,0.148232452761,-0.0111539811178,-0.101016466555,0.00628640452851,-0.155757202384,-0.0130436208668,0.0530481597883,-0.0180989325492,0.57380048921,0.81897985799,0.00239534758121,0.0,0.818941958147,-0.573739618531,-0.0117331247078,0.0,-0.00823504554966,0.00869429072796,-0.999928294096,0.0,0.651879966421,0.24834033234,0.303676254649,1.0,-0.01984,-0.0260754285714,0.993
0.457677962404,0.493717231306,-0.124139462563,-1.44042019438,0.0743096108858,1.92512939405,0.147851048796,-0.0140104398134,-0.0952515783427,-0.00246152320041,-0.165571053003,-0.00614358111673,0.0512785920256,-0.0202409214447,0.573813800314,0.818970794377,0.00230378558508,0.0,0.81893166368,-0.573753229044,-0.0117859783589,0.0,-0.00833072803294,0.00864976652928,-0.999927887655,0.0,0.65153101847,0.247886213459,0.303617150906,1.0,-0.0207205714286,-0.0272327510204,1.01
0.45738629261,0.491793365201,-0.12414120153,-1.4435007387,0.0741198395638,1.92628058648,0.147418081399,-0.0149388564902,-0.105355837669,-0.000204778360167,-0.171154062928,-0.00717551834406,0.0676865270216,-0.0183231060045,0.573802629942,0.818978640497,0.00229677632973,0.0,0.818939368151,-0.573742034438,-0.0117955971775,0.0,-0.00834274563993,0.00864943176681,-0.999927790356,0.0,0.651145803015,0.247402893975,0.303589755467,1.0,-0.0222017142857,-0.0291793959184,1.028
0.457085758826,0.489981928221,-0.124146561951,-1.44644492897,0.0739321150146,1.92728919158,0.146991019848,-0.0172872155332,-0.111271417285,-0.0029022834406,-0.191886887082,-0.0138544614935,0.0586784520666,-0.0211147241607,0.573798540657,0.818981802039,0.00218850853054,0.0,0.818941000195,-0.57373824402,-0.0118664421696,0.0,-0.00846293208818,0.00860137216771,-0.999927194938,0.0,0.650763550611,0.246917417401,0.303536028506,1.0,-0.0235182857143,-0.0309097469388,1.044
0.456750574741,0.487895910652,-0.124157099344,-1.44970719909,0.073727888711,1.92849880886,0.146522438779,-0.0220873190273,-0.127593077261,0.000548919828903,-0.194441274273,-0.01854745284,0.0741609932781,-0.0357543519282,0.573803720539,0.818978107748,0.00221274172215,0.0,0.818937624995,-0.573743331019,-0.0118534121973,0.0,-0.00843830174881,0.0086137953128,-0.999927296154,0.0,0.650360104286,0.246383262468,0.303538390283,1.0,-0.0249171428571,-0.032748244898,1.061
0.456396292818,0.485663298206,-0.124173648243,-1.45308811885,0.0735203598172,1.92981310322,0.146031482143,-0.023218211106,-0.138636582896,-0.00177799499591,-0.20149425891,-0.0130564968319,0.0844891311075,-0.0269436435527,0.573815103884,0.818969750476,0.00234973650684,0.0,0.818931144832,-0.573754282844,-0.0117707197606,0.0,-0.00829185168475,0.00867865628085,-0.999927960466,0.0,0.649956769524,0.245827665919,0.303594158417,1.0,-0.026316,-0.0345867428571,1.078
0.456033446656,0.483486983567,-0.124212798414,-1.45644497804,0.0733079494801,1.930973779,0.145515338018,-0.0235654065724,-0.136007994837,-0.00351235011608,-0.208454040441,-0.00863513647424,0.0730778850526,-0.0258126361413,0.57382490624,0.818962948768,0.00232646193593,0.0,0.818924061523,-0.573764193903,-0.0117804140816,0.0,-0.0083130421485,0.00866525749647,-0.999927900722,0.0,0.649532434116,0.245244753006,0.303608594416,1.0,-0.0276325714286,-0.0363170938776,1.094
0.455637254739,0.481018758839,-0.124248082221,-1.46025215576,0.0730723354794,1.93231047019,0.144951140129,-0.0242596196722,-0.147742709982,0.000470356775259,-0.230932441482,-0.0135474855774,0.0863023580585,-0.0363440399235,0.573834957324,0.818955920746,0.00232132063535,0.0,0.818916929956,-0.573774225035,-0.0117875959648,0.0,-0.00832176777793,0.00866527022885,-0.999927828032,0.0,0.649046731892,0.244601430071,0.303625097057,1.0,-0.0290314285714,-0.0381555918367,1.111
0.455258471726,0.478794441903,-0.124259095743,-1.46369883347,0.0728650841449,1.93359328146,0.144434962453,-0.0242036800862,-0.144223113888,0.000621922391802,-0.22935835801,-0.0178728156509,0.0798545121995,-0.0338710152376,0.573842320762,0.81895060927,0.00237431673885,0.0,0.818912233348,-0.573781309642,-0.0117690135596,0.0,-0.00827606159702,0.00869808254244,-0.999927922485,0.0,0.648619038883,0.244024126157,0.303637469712,1.0,-0.0302657142857,-0.0397777959184,1.126
0.454799725517,0.476129685137,-0.12427605514,-1.46774750284,0.0726106456667,1.93507718429,0.143855006376,-0.0272432966069,-0.165037023982,-0.000649348217147,-0.243776472922,-0.0182195200753,0.0881704444714,-0.0323538710563,0.573882194069,0.818922425926,0.00245653163249,0.0,0.818885120522,-0.573820875359,-0.0117264355265,0.0,-0.00819358964915,0.00874137804914,-0.999928224123,0.0,0.648115526964,0.243332495269,0.303684435306,1.0,-0.0316645714286,-0.0416162938775,1.143
0.454275717921,0.473051551961,-0.124287105668,-1.47253086453,0.0723078583184,1.93677532862,0.143174986223,-0.0269389991252,-0.169014163524,-0.000919470886362,-0.265181549652,-0.0174581660161,0.0860807582836,-0.0380669305659,0.573909878739,0.818903046498,0.00244916780247,0.0,0.818865521328,-0.573848451347,-0.0117456275976,0.0,-0.00821323720242,0.00874663917954,-0.999928016928,0.0,0.647497720287,0.242528019971,0.303684410001,1.0,-0.033228,-0.0436710857143,1.162
0.453849982502,0.470531958099,-0.124290706045,-1.47642163715,0.0720704724222,1.93815170155,0.142581260607,-0.0241184603728,-0.168783976378,-0.000264575860884,-0.260430607281,-0.0172406840969,0.0933225061616,-0.0402558293301,0.573896168746,0.818912622232,0.00245998954242,0.0,0.818875025625,-0.573834477053,-0.0117657237069,0.0,-0.00822363117099,0.00876689654741,-0.999927754098,0.0,0.646989863443,0.241878876015,0.303693086642,1.0,-0.0344622857143,-0.0452932897959,1.177
0.453327719424,0.467359687651,-0.124293182642,-1.48118566121,0.071760263807,1.9399983773,0.141798991921,-0.034211982195,-0.173198898903,-0.0031352386874,-0.270342681201,-0.0120309520482,0.0983948310183,-0.0440872300444,0.573826970745,0.818960457217,0.0026690937505,0.0,0.818925736126,-0.573764713291,-0.0116378431445,0.0,-0.00799965555027,0.00886406850281,-0.99992871436,0.0,0.646399859207,0.241093587286,0.303775489453,1.0,-0.0359434285714,-0.0472399346939,1.195
0.452803557832,0.464268375568,-0.124294238329,-1.48596546716,0.0714301975561,1.94161221239,0.141086478299,-0.028329739243,-0.185908849086,-0.00195071270375,-0.286263762576,-0.021133877253,0.102888086414,-0.0479797211205,0.573807147861,0.818974577986,0.00259703254474,0.0,0.818938842189,-0.573745057241,-0.0116845601966,0.0,-0.0080794787249,0.00883166502264,-0.999928359292,0.0,0.645754185084,0.240287495896,0.303772188309,1.0,-0.0373422857143,-0.0490784326531,1.212
0.452313819454,0.461503180661,-0.124297827896,-1.49034591642,0.0711330545925,1.94314865148,0.140444990473,-0.0325474474716,-0.191337738634,-0.000554610795372,-0.296498506629,-0.0219508020998,0.0996175983405,-0.0411948436246,0.57380856946,0.818973821951,0.00252021308567,0.0,0.818937044333,-0.573746706501,-0.011729496941,0.0,-0.00816034409363,0.00879455103801,-0.999928029738,0.0,0.645171196067,0.239545417425,0.303725812146,1.0,-0.0385765714286,-0.0507006367347,1.227
0.451734334827,0.458254585062,-0.124298514578,-1.49538474169,0.0707991754963,1.94492466912,0.139685618892,-0.0299786677259,-0.19469825859,-0.000390657998121,-0.300687626278,-0.0155729395976,0.107993918478,-0.0482107614144,0.573803794469,0.818977217857,0.00250379416445,0.0,0.81894011959,-0.573741876691,-0.011751015201,0.0,-0.00818743980711,0.00879340390392,-0.999927818333,0.0,0.644502585871,0.238686793301,0.303717311172,1.0,-0.0399754285714,-0.0525391346939,1.244
0.451103084424,0.454970141331,-0.124317939046,-1.50064169294,0.0704465755001,1.94675268377,0.138861990925,-0.0335799038457,-0.199067591274,-0.000605030851711,-0.311089276118,-0.0186234845981,0.10452641025,-0.0523507383746,0.573805408205,0.818976486236,0.0023696853755,0.0,0.818937561889,-0.57374390696,-0.0118298713315,0.0,-0.00832895426828,0.00872883656941,-0.999927215318,0.0,0.643803107587,0.237760023267,0.303632606977,1.0,-0.0413742857143,-0.0543776326531,1.261
0.450462972663,0.451418723097,-0.124367929164,-1.50597982604,0.0700859439525,1.94869486556,0.138005041236,-0.0411709046898,-0.211357273269,-0.00623551739769,-0.321098523149,-0.0182371711686,0.12209222805,-0.0452269337006,0.573808908078,0.818973695936,0.00248380271218,0.0,0.818936509892,-0.573747247518,-0.0117403420868,0.0,-0.00819011406595,0.00877095846577,-0.999927993567,0.0,0.643117242469,0.236810426833,0.303699878078,1.0,-0.0427731428571,-0.0562161306122,1.278
0.449793923321,0.4477813196,-0.124391772203,-1.51145536611,0.0697113826262,1.95061598473,0.137194603015,-0.0464347158502,-0.219376101668,-0.00115725053001,-0.32903084695,-0.0151638790062,0.110510879583,-0.0464171615083,0.573854562955,0.818941526611,0.00254233547404,0.0,0.818905169736,-0.573792758356,-0.0117021510289,0.0,-0.00812476017072,0.00879743380507,-0.999928294144,0.0,0.642391130218,0.235840199292,0.303755057586,1.0,-0.044172,-0.0580546285714,1.295
0.449110457459,0.444088590659,-0.124399390962,-1.51713397709,0.0693269059852,1.95254156563,0.13633115422,-0.0428736055866,-0.219606826205,0.000608949943507,-0.334732541359,-0.0201086730285,0.117873093687,-0.0557378600548,0.573860530978,0.818937514637,0.00248696756985,0.0,0.818900263909,-0.573798738945,-0.0117521000856,0.0,-0.00819737460533,0.00878081385238,-0.999927847576,0.0,0.641610488437,0.234847210837,0.303748533041,1.0,-0.0455708571429,-0.0598931265306,1.312
0.448450509411,0.440575139074,-0.124405687044,-1.52257868426,0.0689380683981,1.95447577437,0.135440521493,-0.0434657923848,-0.218318490416,-0.00187371252225,-0.341814114951,-0.0257664362428,0.117421533694,-0.0582486261694,0.573809935352,0.818973016618,0.00247043393035,0.0,0.818935663798,-0.573748331221,-0.0117463987132,0.0,-0.00820273417169,0.00876349546132,-0.999927955555,0.0,0.640875413983,0.233895927242,0.303728364249,1.0,-0.0468874285714,-0.061623477551,1.328
0.447699645741,0.436748749074,-0.124412490538,-1.52849084264,0.0685529823007,1.95658138233,0.134487772297,-0.0485726605785,-0.229714633755,-0.000386822171544,-0.348960506274,-0.0292060070837,0.127525991327,-0.0486084239559,0.573803746085,0.818977301095,0.0024876037251,0.0,0.818939987027,-0.573741882189,-0.0117599817786,0.0,-0.00820407364839,0.00878528890482,-0.999927753327,0.0,0.640078741778,0.232848463577,0.303711328695,1.0,-0.0482862857143,-0.0634619755102,1.345
0.446914029919,0.432729715296,-0.124433775122,-1.53447484116,0.0681226859124,1.95876884364,0.133532517409,-0.0493824724696,-0.233972873816,0.000452753371901,-0.35779878038,-0.0269445170451,0.135274111871,-0.0657627282927,0.573821185646,0.818964566335,0.00265196023153,0.0,0.818929725066,-0.573759100964,-0.0116338456927,0.0,-0.00800627521986,0.00884768653765,-0.999928806466,0.0,0.639292191752,0.231763847177,0.303794654704,1.0,-0.0496851428571,-0.0653004734694,1.362
0.446099527875,0.428689841923,-0.124473840347,-1.54078553148,0.0676623612148,1.96081268471,0.132540223121,-0.0470369171363,-0.243564048481,-0.00553914054991,-0.383400842374,-0.0305401277208,0.113178953021,-0.0509350203015,0.573847260411,0.818946965612,0.00243641856109,0.0,0.818909304564,-0.573785919682,-0.0117480285513,0.0,-0.00822318799108,0.00873694804222,-0.999928019869,0.0,0.638398338212,0.230600011941,0.303721771337,1.0,-0.051084,-0.0671389714286,1.379
0.445322574124,0.424744130218,-0.124512141669,-1.54679467447,0.0672221916233,1.96284312241,0.13153898233,-0.0478663658647,-0.252875335947,0.00136456072844,-0.372101429303,-0.0293106522896,0.128323655219,-0.0575272160663,0.573824024072,0.818963399481,0.00238466136573,0.0,0.818925210793,-0.573763032018,-0.0117570879968,0.0,-0.00826055325953,0.0086995263501,-0.999928038161,0.0,0.637560462882,0.229498596615,0.303722748704,1.0,-0.0524005714286,-0.068869322449,1.395
