position_joint1,position_joint2,position_joint3,position_joint4,position_joint5,position_joint6,position_joint7,velocity_joint1,velocity_joint2,velocity_joint3,velocity_joint4,velocity_joint5,velocity_joint6,velocity_joint7,ee_T_00,ee_T_10,ee_T_20,ee_T_30,ee_T_01,ee_T_11,ee_T_21,ee_T_31,ee_T_02,ee_T_12,ee_T_22,ee_T_32,ee_T_03,ee_T_13,ee_T_23,ee_T_33,v_x,v_y,time
0.465067032387,0.547679489953,-0.124052080236,-1.35585324023,0.0795226123988,1.8941571455,0.159130914887,-0.0005791884975,2.38204535281e-05,-0.000122924894531,-0.00148719135038,1.06515094907e-05,-0.000106209661634,0.000517269646685,0.573839760623,0.818953254086,0.00206001230743,0.0,0.818911710993,-0.57378090691,-0.0118248621763,0.0,-0.00850217732167,0.00847270740987,-0.99992796051,0.0,0.661701498142,0.260855759226,0.303283852153,1.0,0.0,0.0,0.0
0.465066951942,0.547673940205,-0.124051784691,-1.35585046502,0.0795213281329,1.89415633164,0.159129419767,-0.00165531267775,-0.00199177112697,0.000105544733009,-0.00122243419623,0.00015293872328,-0.000142923342671,-0.000640112927018,0.57383788777,0.818954551547,0.00206590437076,0.0,0.818913097148,-0.573779022864,-0.0118202851701,0.0,-0.00849506730579,0.00847488678933,-0.999928002471,0.0,0.661702144852,0.260856017386,0.303289021723,1.0,-0.00032,-0.000420571428571,0.017
0.465071443161,0.547667549487,-0.124048096215,-1.35585473737,0.0795197648204,1.89415788301,0.159127530343,0.000963374736693,-0.00184805427898,0.000793186627527,-0.002207748953,-0.000440375288289,-0.000500506198048,-0.00101852477503,0.573829903626,0.81896013727,0.00206933987007,0.0,0.818918720323,-0.57377101883,-0.0118192366722,0.0,-0.00849231994543,0.00847701580769,-0.999928007761,0.0,0.661699713337,0.260860553367,0.303291525179,1.0,-0.00066,-0.000867428571429,0.034
0.46506524614,0.547614363062,-0.124054557762,-1.35589634209,0.0795206784394,1.89416230836,0.159124633321,-0.000992141508255,-0.00893195495941,-0.000907792795852,-0.000261623461622,0.000494503606947,0.000237139425413,-0.00105727590504,0.573839570593,0.81895332546,0.00208442811592,0.0,0.818912093512,-0.573780613588,-0.0118125980301,0.0,-0.00847812522593,0.00848566294868,-0.99992805487,0.0,0.661695514729,0.260848924443,0.303310000066,1.0,-0.00102,-0.00134057142857,0.052
0.465060955093,0.547511531165,-0.124052770862,-1.35602468306,0.0795215231388,1.89419248903,0.159127773434,-0.00466383563505,-0.00462305142092,-0.000548092864907,-0.0109733685351,-0.00244986163638,9.36742876034e-06,-0.000387229511766,0.573851667878,0.81894482282,0.00209460027514,0.0,0.818903615738,-0.573792561532,-0.0118199560996,0.0,-0.00847818902791,0.00849834088025,-0.999927946661,0.0,0.661675489872,0.260835421823,0.303324322156,1.0,-0.00134,-0.00176114285714,0.068
0.465054261936,0.547379465943,-0.124052771203,-1.35621635613,0.0795177020736,1.89422852684,0.159121110269,-0.00315823296241,-0.0093790084175,-0.000889269792469,-0.0139144461905,4.87846327379e-05,0.00407659790835,-0.00147171527317,0.573861165411,0.818938204305,0.00208020773109,0.0,0.818896694376,-0.573801999417,-0.0118412966766,0.0,-0.00850382660666,0.00849889917555,-0.999927724211,0.0,0.661644176733,0.26081179752,0.303329763943,1.0,-0.00166,-0.00218171428571,0.084
0.465042499561,0.547217995539,-0.124058353812,-1.35640710636,0.0795149463139,1.8943299221,0.159112626084,6.40566000848e-05,-0.00727489787609,-0.00105480914302,-0.0156044390433,2.5152479303e-05,0.00958982303361,-0.00294060949912,0.573877847476,0.818926348096,0.00214463761383,0.0,0.818885669166,-0.573818417386,-0.0118081160537,0.0,-0.00843950728296,0.00853279351386,-0.999927980482,0.0,0.661629435557,0.260786711734,0.303362335064,1.0,-0.00198,-0.00260228571429,0.1
0.465021120935,0.547014122028,-0.124055165586,-1.35663438332,0.0795131359787,1.89446540541,0.159100614101,-0.000786252573984,-0.010597157988,-0.00119069644332,-0.0116153549873,6.43819068708e-05,0.00631837069758,-0.000836219387512,0.573895778722,0.818913508598,0.00224666439196,0.0,0.818874106753,-0.573835902188,-0.0117601679603,0.0,-0.00834150431764,0.00858901141173,-0.999928321525,0.0,0.661614671796,0.260759033944,0.303410222499,1.0,-0.00234,-0.00307542857143,0.118
0.464995205329,0.546770102879,-0.124052505879,-1.35693987722,0.0795016924592,1.89460110271,0.159079143563,-0.00090787472198,-0.0143784625093,-5.91592439e-05,-0.0206188547062,0.000309696817117,0.00178538733915,0.00223626858656,0.573911691782,0.81890216764,0.00231447008673,0.0,0.818863605629,-0.573851515209,-0.0117294829438,0.0,-0.00827729620539,0.00862708881854,-0.999928527299,0.0,0.661584897812,0.260717736473,0.303449320999,1.0,-0.0027,-0.00354857142857,0.136
0.464964809463,0.546540896308,-0.124053195743,-1.3572920768,0.0794944945755,1.89472607226,0.158998385676,-0.00453961088707,-0.016930643836,-0.000488730553027,-0.0244638436477,-5.20800074519e-06,0.0064406847902,-0.00422338428655,0.573888704206,0.818918249688,0.00232430947194,0.0,0.818879683441,-0.573828356003,-0.0117400509164,0.0,-0.00828054669073,0.00864097877792,-0.999928380451,0.0,0.661543554684,0.26066574661,0.303454869232,1.0,-0.00302,-0.00396914285714,0.152
0.464936332178,0.546260160191,-0.12404792558,-1.35770478551,0.0794780193083,1.89486824068,0.158925513794,-0.00100692605006,-0.0136416228814,0.00137319516548,-0.0266400314454,0.000158520052306,0.0140537247621,-0.00209695703108,0.573867292879,0.818933209741,0.00233988207347,0.0,0.818894728819,-0.573806766842,-0.011745822252,0.0,-0.00827656309997,0.00865682698514,-0.999928276353,0.0,0.66149174394,0.260611635985,0.303469372874,1.0,-0.00336,-0.004416,0.169
0.464891239133,0.545958951857,-0.124050677777,-1.35819879886,0.0794570551163,1.89503287655,0.158899137844,-0.000795105767244,-0.0150467879828,0.000462705454014,-0.0318981082945,1.51805849972e-05,0.0129159807012,-0.0011802475856,0.573906533321,0.8189057679,0.00231974391605,0.0,0.818866935322,-0.573845984228,-0.0117675623476,0.0,-0.00830550885672,0.00865320910493,-0.99992806766,0.0,0.661432680054,0.260533301945,0.303461862499,1.0,-0.0037,-0.00486285714286,0.186
0.464834882786,0.545629240603,-0.12405346174,-1.35875650641,0.0794126596676,1.89522320599,0.158808208634,-0.00348029225012,-0.0190587642979,-0.00113897593666,-0.0377317751147,-0.000310631260694,0.0136404826164,-0.00533448995238,0.573899519832,0.818910792179,0.00228089661714,0.0,0.818871532575,-0.573839199998,-0.0117784797484,0.0,-0.00833681680095,0.00862759128837,-0.999928028487,0.0,0.661369073141,0.260438263876,0.303446384245,1.0,-0.00404,-0.00530971428571,0.203
0.464782279345,0.54530165161,-0.124048172135,-1.35931084835,0.0793797249826,1.89539910787,0.15875618669,0.000870734492971,-0.0237375014748,0.000741901504046,-0.037050994054,-0.000407889696551,0.0161248814183,-0.000812103675339,0.573918387241,0.81889768469,0.0022391286431,0.0,0.818857806547,-0.573858147814,-0.0118095616283,0.0,-0.00838604191608,0.00861141832949,-0.999927756278,0.0,0.66129977551,0.260351634136,0.303429483182,1.0,-0.00434,-0.005704,0.218
0.464712132138,0.544899459069,-0.12405347484,-1.36000423612,0.0793479905441,1.89560075871,0.15865301146,-0.00571467095333,-0.0241185132688,-0.00040021406564,-0.0393252200782,-0.00562617050344,0.00987636897951,-0.00997312143413,0.573925057172,0.818893201232,0.00216809310298,0.0,0.81885224912,-0.573864943188,-0.0118645687946,0.0,-0.00847178520422,0.00858488652312,-0.999927261644,0.0,0.661212487689,0.260233685297,0.303401771345,1.0,-0.00468,-0.00615085714286,0.235
0.464642400831,0.544503552024,-0.12405387015,-1.36069358323,0.079315657518,1.89583621984,0.158601683183,-0.00415160256953,-0.0213447941538,-0.000296975222459,-0.0431706315039,-0.00209431067886,0.0137231811951,0.000998356123941,0.573970237352,0.818861654065,0.00212250747027,0.0,0.818819992979,-0.573910184374,-0.0119023640935,0.0,-0.00852842509387,0.00856971928933,-0.999926910267,0.0,0.661131422914,0.260121458145,0.303374276396,1.0,-0.005,-0.00657142857143,0.251
0.464574614311,0.544027219046,-0.124059736064,-1.36145662911,0.0792776855723,1.89610729598,0.158477668534,-0.00539612755729,-0.0309162542661,6.23265291598e-05,-0.04147797122,-0.00393997977601,0.0128992961074,-0.00551861634028,0.57396070815,0.818868359736,0.00211230298139,0.0,0.818826496557,-0.573900628393,-0.011915710939,0.0,-0.00854531118703,0.00856892451692,-0.999926772914,0.0,0.661043607243,0.260001170635,0.303371840102,1.0,-0.00534,-0.00701828571429,0.268
0.464498044466,0.543526185597,-0.124059921082,-1.36228619454,0.0792314163494,1.89639090553,0.158372328862,-0.00655469912946,-0.0247317929556,0.000467304876966,-0.0467679329478,-0.00274966969303,0.0163472186802,-0.0146518352919,0.573971091926,0.81886117468,0.00207584606274,0.0,0.818818759462,-0.573911083469,-0.0119437986405,0.0,-0.00858912728923,0.00855530156143,-0.999926514154,0.0,0.66094496338,0.259870306599,0.303356056391,1.0,-0.00568,-0.00746514285714,0.285
0.464422146836,0.542993329843,-0.124067925956,-1.36314287168,0.0791777823716,1.89668456787,0.158285669673,-0.0074074838856,-0.032807742047,-0.000626285474188,-0.0537412826139,-0.00273025215051,0.0112226577425,-0.00906084605203,0.574001167664,0.818840165179,0.00204702484779,0.0,0.818797391959,-0.573941292461,-0.0119570326915,0.0,-0.00861619242574,0.0085396137474,-0.999926415405,0.0,0.660844826065,0.259732055708,0.303350938915,1.0,-0.00602,-0.007912,0.302
0.464346729894,0.542378562457,-0.124069442365,-1.36409166737,0.0791206009939,1.89703075025,0.158145755021,-0.00389055321044,-0.0289604594136,-0.000602558490895,-0.0550181945521,-0.00117293105032,0.0180301452631,-0.00287725368888,0.573986909695,0.81885013401,0.00205728734088,0.0,0.818807484762,-0.573926983906,-0.0119526960548,0.0,-0.00860689975715,0.00854537786903,-0.999926446192,0.0,0.660734550183,0.259591023717,0.303364181722,1.0,-0.00638,-0.00838514285714,0.32
0.464268874508,0.54181333374,-0.124076937373,-1.36497083675,0.0790722265493,1.89735419652,0.158027196039,-0.00437355010377,-0.036193545183,-0.00186934458465,-0.0498756982101,-0.00464215861307,0.0187820219862,-0.00780238346749,0.573994777779,0.818844596767,0.00206599334405,0.0,0.818802045413,-0.57393479943,-0.0119500347856,0.0,-0.00859964150954,0.00855106177155,-0.99992646005,0.0,0.660635849143,0.259452418011,0.303373690333,1.0,-0.0067,-0.00880571428571,0.336
0.464183274723,0.541171757287,-0.124069483719,-1.36596117687,0.0790150974088,1.89771645524,0.157899110428,-0.00884624417353,-0.032972469133,0.000309821699117,-0.0581054377406,-0.000405236892556,0.0207289832033,-0.00615897639255,0.573994457216,0.818844784027,0.00208078322803,0.0,0.81880234946,-0.573934342039,-0.0119511692926,0.0,-0.0085920851096,0.00856382000707,-0.999926415823,0.0,0.660520176419,0.259306393417,0.303387051572,1.0,-0.00704,-0.00925257142857,0.353
0.464108074775,0.540502351403,-0.124078341482,-1.36695470416,0.078953491959,1.89807753275,0.157790392041,-0.00509412888036,-0.0437237463097,-0.000964595337364,-0.0622047520185,-0.0117397165004,0.0234358502332,-0.00760246603414,0.574011762196,0.818832579058,0.00210979490589,0.0,0.818790568972,-0.573951571809,-0.0119308122752,0.0,-0.00855858246241,0.00857607186591,-0.999926598135,0.0,0.660405385619,0.259156975779,0.303418892717,1.0,-0.00736,-0.00967314285714,0.369
0.464011078138,0.539772980462,-0.124078782325,-1.36806395941,0.0788905047104,1.89847951243,0.157653963539,-0.008049930377,-0.0459519022538,-0.000588727672995,-0.0694896151287,-0.00395016306512,0.0241220482131,-0.00913503873751,0.574024306191,0.818823730224,0.00213110906893,0.0,0.818781944757,-0.573963973815,-0.0119260472905,0.0,-0.00854231516542,0.00859092005129,-0.999926609779,0.0,0.660277203525,0.258987651299,0.303441201948,1.0,-0.0077,-0.01012,0.386
0.463904196933,0.538977290441,-0.124076105082,-1.36928698525,0.0788212221312,1.89894016374,0.157497463567,-0.00533735267068,-0.0457411094547,0.000238551775432,-0.0665846954047,-0.000494262181705,0.0303788652684,-0.00580647702608,0.574030966659,0.818818979433,0.00216220677762,0.0,0.818777546247,-0.573970453726,-0.0119161618123,0.0,-0.0085163006139,0.00861077802801,-0.999926660873,0.0,0.660138132011,0.258803947026,0.303461078231,1.0,-0.00806,-0.0105931428571,0.404
0.463788264953,0.538155391126,-0.12407940743,-1.37055674753,0.0787542611206,1.89942611778,0.157342805039,-0.00553913730713,-0.0450963280029,0.0010568457119,-0.0705311762033,-0.00529162478052,0.0331021588461,-0.00891527696636,0.574053909687,0.818802798933,0.00219821173981,0.0,0.81876177714,-0.573993190177,-0.0119044876557,0.0,-0.00848583262168,0.0086337956595,-0.999926721424,0.0,0.659997295085,0.258607699368,0.30347947883,1.0,-0.00842,-0.0110662857143,0.422
0.463686315983,0.537453969487,-0.124085337347,-1.3716565582,0.0786888150366,1.89984719321,0.157203444216,-0.0116558104364,-0.0468409721306,-0.000352505609656,-0.074109256241,-0.00352849276417,0.0295223334323,-0.012775081197,0.574070700737,0.818790979954,0.00221553664453,0.0,0.8187502133,-0.574009939782,-0.0118921887859,0.0,-0.00846563984371,0.00864109461776,-0.999926829536,0.0,0.659876346409,0.258433607721,0.30348800533,1.0,-0.00872,-0.0114605714286,0.437
0.463569826007,0.536563422186,-0.124090749194,-1.3730308675,0.0785951654892,1.90035388587,0.157032311424,-0.00589629308336,-0.0450278170103,0.00028182635334,-0.0736757906169,-0.000989119056507,0.0268323329825,-0.00449093898396,0.574080334978,0.818784192078,0.00222771090822,0.0,0.81874368982,-0.574019632596,-0.0118734441383,0.0,-0.00844320112668,0.0086404013916,-0.999927025247,0.0,0.65971877421,0.258221388938,0.303506645093,1.0,-0.00908,-0.0119337142857,0.455
0.463465154415,0.535764988285,-0.124099906623,-1.37431319177,0.0785321228429,1.9008217971,0.156882935324,-0.00708526578496,-0.0526499126373,-0.000485371839354,-0.0804428937842,-0.00128654964653,0.0312569205328,-0.00661240372797,0.574103833273,0.818767740008,0.00221888368469,0.0,0.818727013475,-0.57404305126,-0.0118911567027,0.0,-0.00846252366862,0.0086435850733,-0.999926834389,0.0,0.659568172347,0.258026826272,0.30350070424,1.0,-0.0094,-0.0123542857143,0.471
0.4633462553,0.534871266307,-0.124095654963,-1.37571603304,0.0784507559305,1.90132544594,0.156714312598,-0.0040975545237,-0.0540411868842,0.00152342433845,-0.0834797114209,-0.0013192145506,0.0268394451494,-0.00818753679692,0.574115259451,0.818759732969,0.0022170782725,0.0,0.818718893934,-0.574054392355,-0.011902698612,0.0,-0.00847288994602,0.00864885129,-0.999926701067,0.0,0.659400534258,0.257817095759,0.303507115126,1.0,-0.00974,-0.0128011428571,0.488
0.463219364947,0.533978977555,-0.124099320874,-1.37719108262,0.0783730619899,1.90185296422,0.156534415271,-0.00363482367741,-0.0499047340892,0.00180678773641,-0.0809980096107,-0.00748434488797,0.0322321998706,-0.0112791330705,0.574134465772,0.818746380056,0.002174226089,0.0,0.818704846116,-0.574073630577,-0.0119410436788,0.0,-0.00852868462509,0.00863598043827,-0.999926337977,0.0,0.659224140704,0.257591136443,0.30348033013,1.0,-0.01008,-0.013248,0.505
0.463097961043,0.533109445996,-0.124102195655,-1.37858879593,0.0782933291794,1.90237992143,0.156357338927,-0.00711828034637,-0.0518361765858,-0.0013913094901,-0.0854293836705,-0.00110319624983,0.0340053859952,-0.0100129324967,0.574146133243,0.818738200109,0.00217353745892,0.0,0.81869662183,-0.574085263583,-0.0119456453309,0.0,-0.00853272461372,0.00863818016259,-0.99992628451,0.0,0.65906319209,0.257377784119,0.303474040754,1.0,-0.0104,-0.0136685714286,0.521
0.462954133514,0.532107243624,-0.124102074518,-1.38021634888,0.0782006544055,1.90300216875,0.156152385731,-0.00949794641681,-0.0521534898186,0.000117178853953,-0.0910712965192,-0.000725770879475,0.0370501002473,-0.0132719018415,0.574160259615,0.818728298863,0.00217159399031,0.0,0.818686645621,-0.574099345888,-0.0119525827238,0.0,-0.0085393714405,0.00864071936,-0.999926205829,0.0,0.658876630334,0.257130241406,0.303459878219,1.0,-0.01076,-0.0141417142857,0.539
0.46285403178,0.531301205979,-0.12410029063,-1.38151927879,0.0781307975553,1.90347263827,0.155985850506,-0.00655497179723,-0.0537096921932,0.000845035048768,-0.0975835394338,-0.00709005640805,0.0399215145879,-0.0135142039229,0.574156897841,0.8187307034,0.00215380446468,0.0,0.818688689388,-0.574095927576,-0.0119767571207,0.0,-0.00856941339766,0.00863999941575,-0.999925955041,0.0,0.658717027157,0.256941861691,0.303448555859,1.0,-0.01104,-0.0145097142857,0.553
0.462715757284,0.530273270509,-0.124099996103,-1.38315571701,0.0780234456483,1.90404197202,0.155769606739,-0.00520107426163,-0.0637966639702,0.00147655302414,-0.100250334565,-0.00548168808242,0.0344437530842,-0.0124631958081,0.574152834033,0.818733650407,0.00211654545096,0.0,0.818691144202,-0.574092012809,-0.0119965884352,0.0,-0.00860708451686,0.00862083824364,-0.999925796869,0.0,0.658517005909,0.256691486759,0.303443250309,1.0,-0.01138,-0.0149565714286,0.57
0.46257457072,0.529161254741,-0.124110297136,-1.38490544763,0.0779141244401,1.90468326111,0.155538287242,-0.0048045014454,-0.0637715557622,-0.000828054747323,-0.0965500058576,-0.00383051559158,0.0296269403177,-0.0135462969631,0.574151917458,0.818734297514,0.0021148651568,0.0,0.818691815902,-0.574091149946,-0.011992040249,0.0,-0.00860433493931,0.00861684159973,-0.999925854982,0.0,0.658309874775,0.256425264364,0.303449585069,1.0,-0.01174,-0.0154297142857,0.588
0.4624332801,0.528142177291,-0.124105697057,-1.3865144746,0.0778067284117,1.90530088974,0.155317659055,-0.00907756138544,-0.0634507018901,0.00124402661176,-0.0999358340957,-0.0101710299609,0.0401565093025,-0.0171340010056,0.574142166263,0.818741089894,0.00213249578935,0.0,0.81869891317,-0.574081401904,-0.0119741581733,0.0,-0.00857967432639,0.00862090707705,-0.999926031839,0.0,0.658124519083,0.256181849475,0.30345464768,1.0,-0.01206,-0.0158502857143,0.604
0.462293794883,0.527000834194,-0.124111223992,-1.38827312849,0.0777028816199,1.9059685336,0.155075652914,-0.011764495261,-0.0670581029279,-0.00151534020813,-0.110384968555,-0.00272007755044,0.0365497790364,-0.0124848719298,0.574129406933,0.81874992561,0.00217492760387,0.0,0.818708307146,-0.574068474677,-0.0119516146931,0.0,-0.00853699063235,0.00864257114866,-0.999926210155,0.0,0.657918490003,0.255921563386,0.30347897,1.0,-0.0124,-0.0162971428571,0.621
0.462138865002,0.525763242982,-0.12411210451,-1.39019561918,0.0775782786885,1.90668025452,0.15481217193,-0.00906410374226,-0.0676747162198,0.000267849073787,-0.106249143617,-0.011003129022,0.0344278537005,-0.0179405267172,0.574111291985,0.818762579922,0.00219295121161,0.0,0.818721245875,-0.574050338747,-0.0119363745618,0.0,-0.00851435637301,0.00864838967771,-0.999926352834,0.0,0.657688825323,0.255635324153,0.303496376508,1.0,-0.01276,-0.0167702857143,0.639
0.461986410589,0.524679649476,-0.124120300453,-1.39192122938,0.0774622659624,1.90730487799,0.154582640456,-0.0080864670994,-0.0608083072102,-0.000286311562264,-0.107395551148,-0.00673104093415,0.0434292068705,-0.0154042632542,0.574115517455,0.818759679313,0.00216957366798,0.0,0.818718131975,-0.574054751421,-0.011937740469,0.0,-0.00852885069224,0.00863007750296,-0.999926387525,0.0,0.657483907793,0.255363334744,0.303491557975,1.0,-0.01308,-0.0171908571429,0.655
0.461828252615,0.523407125879,-0.124126850461,-1.39393155296,0.0773530075792,1.90802536781,0.154297519837,-0.00798800379912,-0.0736464127873,-0.00365119650719,-0.109448722004,-0.0108301048811,0.0399730058076,-0.0245553268523,0.574094675779,0.818774316476,0.00216074572192,0.0,0.818732502109,-0.574033794889,-0.0119599003177,0.0,-0.00855228279918,0.00863535410392,-0.999926141832,0.0,0.657236291289,0.255064851187,0.303492061095,1.0,-0.01344,-0.017664,0.673
0.461688732116,0.522330033501,-0.124124183876,-1.39564779783,0.0772388565312,1.90869449507,0.154061056091,-0.0156634860802,-0.0717761137073,0.00034414482776,-0.114062615279,-0.00883664170626,0.0433849872883,-0.0161117902573,0.574074809313,0.818788197223,0.00217905976601,0.0,0.818746716466,-0.574013951998,-0.0119391829165,0.0,-0.00852501548157,0.0086382484976,-0.999926349675,0.0,0.657035311451,0.254812071611,0.30349007924,1.0,-0.01374,-0.0180582857143,0.688
0.461529262481,0.521151743631,-0.12413266363,-1.39751961955,0.0771227878422,1.90942441044,0.153817445161,-0.00979734277129,-0.0772585676567,-0.00128502640298,-0.115274428018,-0.00384961950633,0.0382519547025,-0.016542494846,0.574080968002,0.8187838122,0.00220407757759,0.0,0.818742742249,-0.5740200947,-0.0119163667221,0.0,-0.00849190684803,0.00864569831939,-0.999926567013,0.0,0.656819640982,0.254526388644,0.303490512099,1.0,-0.01406,-0.0184788571429,0.704
0.461337884405,0.519715097465,-0.12413335004,-1.39980544981,0.0769779114267,1.91026283449,0.153516314119,-0.018080104252,-0.0741045787957,0.000100355153697,-0.121271240358,-0.0096492924422,0.0448926226158,-0.0146814826196,0.574074323777,0.818788506878,0.00219059030868,0.0,0.818747265142,-0.574013509775,-0.0119228067078,0.0,-0.00850499241797,0.00863828333631,-0.999926519883,0.0,0.656541916265,0.254181340273,0.303484119462,1.0,-0.01444,-0.0189782857143,0.723
0.46117889411,0.518441196294,-0.124134415798,-1.40174632731,0.0768526672188,1.9109570872,0.153250467247,-0.0133210660044,-0.0823653961634,-0.000210494067539,-0.117296075756,-0.0131838671132,0.0435156241603,-0.015829384261,0.574056685247,0.818800817995,0.00221121579149,0.0,0.818759852955,-0.573995798408,-0.011911066291,0.0,-0.00848372558657,0.00864824845463,-0.999926614407,0.0,0.656302630721,0.253889607496,0.303514685881,1.0,-0.01476,-0.0193988571429,0.739
0.460975234058,0.516926836462,-0.124139736792,-1.4041313394,0.0766977134051,1.91180633842,0.152922340091,-0.00612635089387,-0.0807245904268,0.000254637547613,-0.123473704382,-0.00866600855964,0.0489365436737,-0.0184655555302,0.574042863295,0.818810572952,0.00218714978162,0.0,0.818769315111,-0.57398209633,-0.0119209323009,0.0,-0.00850576435312,0.00863406347238,-0.999926549763,0.0,0.656008641599,0.253522309677,0.3035157791,1.0,-0.01514,-0.0198982857143,0.758
0.460795354643,0.515664415853,-0.124145782143,-1.40615913807,0.0765691261589,1.91258022322,0.152644122085,-0.0127499148011,-0.0825914274821,0.00131181904999,-0.134895862491,-0.00700844261801,0.042755903828,-0.0173343748057,0.57403928009,0.818813083127,0.00218785636353,0.0,0.818771902089,-0.57397857935,-0.0119125856813,0.0,-0.00849856194602,0.00862981357543,-0.999926647691,0.0,0.655769483775,0.253208423991,0.303503270646,1.0,-0.01546,-0.0203188571429,0.774
0.460619945886,0.514348153633,-0.124157424984,-1.408249226,0.0764418690048,1.91335144617,0.152360292395,-0.0120808209668,-0.0854984229135,-0.00123098617011,-0.129745550784,-0.00819848797621,0.0462673012087,-0.0173206638636,0.574034613573,0.818816369812,0.00218216617681,0.0,0.818775125362,-0.57397394726,-0.0119142291565,0.0,-0.00850322304639,0.00862604939306,-0.999926640544,0.0,0.655515750556,0.252887624649,0.303498427624,1.0,-0.01578,-0.0207394285714,0.79
0.46044394585,0.513129370458,-0.124152668235,-1.41026267742,0.0763189306032,1.91405038757,0.152082706755,-0.00977869039651,-0.0819391183364,0.000962232054976,-0.135601498498,-0.0108989770146,0.0397302178936,-0.0285286225091,0.574020477738,0.818826490177,0.00210167161876,0.0,0.818784056357,-0.573960001658,-0.0119721532837,0.0,-0.00859700632635,0.00859324180712,-0.99992612111,0.0,0.655258673543,0.252579728594,0.303454645422,1.0,-0.01608,-0.0211337142857,0.805
0.460252162399,0.511702405518,-0.124153651822,-1.41255113727,0.0761862302879,1.9148733467,0.15175368535,-0.0136350920502,-0.0831284572492,-0.00174314200464,-0.13627351071,-0.0093318186016,0.0478003303163,-0.0285853054503,0.573992864349,0.818845921722,0.00207245178586,0.0,0.818802961622,-0.573932369207,-0.0120038542584,0.0,-0.00864002628823,0.00858722167974,-0.999925802032,0.0,0.65497142784,0.252235100527,0.303436333987,1.0,-0.01642,-0.0215805714286,0.822
0.460021248981,0.510069229432,-0.124161429454,-1.41513932514,0.076019845847,1.91587006202,0.151387965516,-0.01559728472,-0.0818956718361,-0.00052798544674,-0.137139431825,-0.00962452852786,0.055070160006,-0.0255314951073,0.573978483969,0.818855934386,0.00209894335548,0.0,0.818813437819,-0.573917997357,-0.0119763624906,0.0,-0.00860245975461,0.00859298285203,-0.999926076434,0.0,0.654665097105,0.251834397472,0.303434474946,1.0,-0.0168,-0.02208,0.841
0.459826157309,0.508637619067,-0.12416462579,-1.41737147122,0.0758741047325,1.91667400637,0.151080868369,-0.0180730430074,-0.0899030244385,-0.00296408463343,-0.137968834841,-0.0136355594591,0.0461028076278,-0.0186944067232,0.57396559931,0.818864971316,0.00209677419544,0.0,0.818822470849,-0.573905147695,-0.0119745389833,0.0,-0.00860234663856,0.0085900246561,-0.999926102824,0.0,0.654387747585,0.251489845082,0.303443562184,1.0,-0.01712,-0.0225005714286,0.857
0.459620780939,0.507116244726,-0.12416530996,-1.41975612675,0.0757157352202,1.91753890377,0.150742922488,-0.010104459517,-0.0901930078906,8.92452108369e-05,-0.142785587675,-0.0127117436253,0.048822282792,-0.0214374129467,0.573938198646,0.818884189787,0.00209159101081,0.0,0.818841663175,-0.573877813392,-0.0119721696799,0.0,-0.0086036684398,0.00858413263309,-0.999926142051,0.0,0.654090244412,0.251125293348,0.303447571046,1.0,-0.01746,-0.0229474285714,0.874
0.459382240352,0.505446254862,-0.124171354755,-1.42234893572,0.0755542848849,1.91851391724,0.150398749729,-0.0149718649272,-0.0956004923548,0.000901414046774,-0.141324833278,-0.0048493217718,0.057045493164,-0.0178430106416,0.57394650385,0.818878263995,0.00213222303434,0.0,0.818836297976,-0.573885980549,-0.0119476084885,0.0,-0.00856014880057,0.00860339537929,-0.999926350008,0.0,0.653777444254,0.250720170592,0.303465553339,1.0,-0.01782,-0.0234205714286,0.892
0.459174457936,0.503892213969,-0.124176464463,-1.42469362334,0.0754159409493,1.91940496052,0.150070651373,-0.0132648076413,-0.102017121037,-0.000132272599925,-0.146748819919,-0.00841500040459,0.0592756441161,-0.0201398986166,0.573935191594,0.818885960522,0.00221955185995,0.0,0.818845110929,-0.573874293568,-0.0119048893837,0.0,-0.00847516619543,0.00865027070284,-0.999926669499,0.0,0.653494119426,0.250361707383,0.303512641348,1.0,-0.01814,-0.0238411428571,0.908
0.458953278973,0.502331604342,-0.124185779706,-1.42702914397,0.0752627244221,1.92028526086,0.149746542712,-0.0133187438546,-0.0966036396564,-0.00245606068799,-0.146799088815,-0.00891060617143,0.0559566223389,-0.027931554307,0.573935943009,0.818885205419,0.00230229655977,0.0,0.818845558839,-0.573874847152,-0.0118472560644,0.0,-0.00838047397968,0.00868495860685,-0.999927166923,0.0,0.653215159435,0.24999020544,0.303567270738,1.0,-0.01846,-0.0242617142857,0.924
0.458706092979,0.500508825698,-0.12418355102,-1.4297602456,0.0750814534509,1.92124160284,0.149361553261,-0.0196997370574,-0.106219401264,-0.0010056316656,-0.153232311207,-0.0095250197745,0.056588918693,-0.0232306726975,0.573911516515,0.818902216818,0.00234038544866,0.0,0.818863057359,-0.573850267373,-0.0118283908188,0.0,-0.00834342528421,0.00870507249624,-0.999927301841,0.0,0.652867342828,0.249565861576,0.303622168573,1.0,-0.01882,-0.0247348571429,0.942
0.458486463203,0.499013807803,-0.124181055243,-1.43205238945,0.0749445896223,1.92209169379,0.149027814834,-0.016636895657,-0.107085010808,0.000189882945044,-0.15425897143,-0.00850421552389,0.0641081112218,-0.0296874804653,0.573896157158,0.818912841124,0.00238879517192,0.0,0.818874230722,-0.573834639971,-0.0118130067932,0.0,-0.00830320940032,0.00873573020176,-0.999927369228,0.0,0.652585092182,0.249207351178,0.303647583327,1.0,-0.01912,-0.0251291428571,0.957
0.458248060538,0.49746962313,-0.124181293411,-1.43454210998,0.0747935366327,1.92301111522,0.148669204713,-0.0144686029305,-0.0978517967008,-0.000850344727623,-0.161583817063,-0.00928660050872,0.0557225124761,-0.0238829604951,0.573883677214,0.818921652198,0.00236632398233,0.0,0.81888266963,-0.573822163833,-0.0118340430359,0.0,-0.00833346537233,0.00872927389921,-0.999927173914,0.0,0.652275333177,0.248814746965,0.303618955328,1.0,-0.01944,-0.0255497142857,0.973
0.457950155269,0.495574513586,-0.12417875304,-1.43757075622,0.0746052775652,1.92405381141,0.148220595638,-0.0172670705087,-0.102008303484,0.000343585337927,-0.161844537726,-0.0090034557787,0.0524790573922,-0.0246704922846,0.573860339161,0.818938220333,0.00229113893429,0.0,0.818898072603,-0.573798928499,-0.0118946728276,0.0,-0.00842651136778,0.00870225778583,-0.999926629616,0.0,0.651883892901,0.248328334003,0.303588303758,1.0,-0.01982,-0.0260491428571,0.992
0.457666747871,0.493898154594,-0.124193440837,-1.44033615112,0.0744292781752,1.92503710615,0.147837750756,-0.0203809122919,-0.108654788106,-0.00578871865933,-0.16837040287,-0.00650474895617,0.064960378761,-0.0191858164817,0.573881075988,0.818923955199,0.0021938836153,0.0,0.81888251635,-0.573820029253,-0.0119476083491,0.0,-0.00852545246551,0.00865320587139,-0.999926216622,0.0,0.651536751879,0.247867676702,0.303525345443,1.0,-0.0233125714286,-0.0306393795918,1.009
0.457417023086,0.491940965889,-0.124262128987,-1.44332025327,0.0742575153341,1.92614172422,0.147407085089,-0.0180454615549,-0.1380093401,-0.00296300447026,-0.206417529962,-0.0081317002312,0.0843445141595,-0.0319131950424,0.573885903796,0.818920413405,0.00225229536602,0.0,0.818879888831,-0.573824777202,-0.0118995646257,0.0,-0.00845253623354,0.00867351877106,-0.999926659662,0.0,0.651170284575,0.247383971863,0.30356496599,1.0,-0.0295611428571,-0.0388517877551,1.024
0.457058553867,0.489452929074,-0.124269610676,-1.44733602357,0.0740367365156,1.9276268554,0.146811975725,-0.025827939359,-0.170600106141,-0.000719503448578,-0.268870808044,-0.00761532129659,0.0966617528406,-0.0340697116138,0.573839105656,0.818953274618,0.00222749061355,0.0,0.818912108963,-0.573777759595,-0.0119493635584,0.0,-0.00850804964829,0.00868129827544,-0.999926121347,0.0,0.650656515287,0.246768129074,0.303513139137,1.0,-0.0362262857143,-0.0476116897959,1.04
0.456479610819,0.485700894202,-0.124325768392,-1.45320586156,0.0736801619673,1.92983070052,0.145947249211,-0.0340703258763,-0.209309963635,-0.00106406460841,-0.329217860673,-0.0224900978041,0.126380523028,-0.0509229518046,0.573840749656,0.818951949839,0.00229015075873,0.0,0.818911715355,-0.573779269115,-0.0119037678361,0.0,-0.0084347352461,0.00870646597152,-0.999926523646,0.0,0.649935609938,0.245804501006,0.303518797455,1.0,-0.0441411428571,-0.0580140734694,1.059
0.455867994656,0.481737036277,-0.124420139285,-1.45940574742,0.0733042467661,1.93201861784,0.144982445235,-0.0423641815732,-0.242963483902,-0.00378283476843,-0.385945839685,-0.0305687424555,0.134117841198,-0.0589850024243,0.573822567135,0.818964832322,0.00223869758313,0.0,0.818923959205,-0.573761327449,-0.011926234329,0.0,-0.00848285172163,0.00867703254693,-0.999926372456,0.0,0.649147370416,0.244757730175,0.303510745859,1.0,-0.0512228571429,-0.0673214693878,1.076
0.455129570821,0.477130550417,-0.124514301617,-1.46658256922,0.072880321507,1.93457895619,0.143931033204,-0.0469764868134,-0.286169291174,-0.00933369397724,-0.440129128137,-0.025400763878,0.158495067323,-0.061386174006,0.573869370661,0.818932068631,0.00222694540864,0.0,0.818890947907,-0.573808076082,-0.0119437917222,0.0,-0.00850347852021,0.00867796875334,-0.999926189132,0.0,0.648235929303,0.243539936089,0.303511247956,1.0,-0.0583045714286,-0.0766288653061,1.093
0.454398768999,0.472605941117,-0.124573995212,-1.47358104147,0.0724623409294,1.93712043459,0.142914766369,-0.0481481373793,-0.305410056101,-0.00454413088998,-0.486071450621,-0.0309434579353,0.171621097665,-0.0781109538106,0.573903360107,0.818908088621,0.00228529005179,0.0,0.818867596932,-0.573841691061,-0.0119297609692,0.0,-0.00845814589062,0.00871804772792,-0.999926224985,0.0,0.64734388927,0.242368075255,0.303532299741,1.0,-0.0645531428571,-0.0848412734694,1.108
0.453460582718,0.466879908612,-0.124624629005,-1.4822069272,0.0719321879963,1.94034201338,0.141538387288,-0.0570313157293,-0.350506141103,-0.00147457240127,-0.524921037461,-0.032810052841,0.194019310442,-0.0789944965606,0.573848907479,0.818945439719,0.00255832929372,0.0,0.818908535682,-0.573786227967,-0.011786504285,0.0,-0.00818472740047,0.00885888086358,-0.999927262588,0.0,0.646259052296,0.240919956254,0.30366114801,1.0,-0.0716348571429,-0.0941486693877,1.125
0.452330497535,0.460280495287,-0.124678372337,-1.49242647738,0.0712615548324,1.9439063784,0.139974814598,-0.0621860450554,-0.378805372324,-0.00390026312343,-0.590982667114,-0.0373126974042,0.204640174405,-0.0798849491988,0.573828947947,0.818959614742,0.00249696227277,0.0,0.818921794927,-0.573766374231,-0.0118316734543,0.0,-0.00825714871972,0.00883434364549,-0.999926884261,0.0,0.644906384652,0.239173238277,0.303655209227,1.0,-0.0791331428571,-0.104003559184,1.143
0.451133283118,0.453469451523,-0.124769077391,-1.50295430021,0.0705521456797,1.94750301396,0.138334142995,-0.0743144854482,-0.421167718997,-0.00375096711856,-0.620157939302,-0.0410441344104,0.220941404655,-0.112136806546,0.573822664517,0.818964397076,0.00236915812493,0.0,0.818924932939,-0.573760605212,-0.0118940749423,0.0,-0.00838165568711,0.00876542119544,-0.999926454915,0.0,0.643495217215,0.237327359663,0.303641402665,1.0,-0.0862148571429,-0.113310955102,1.16
0.449844417649,0.445992790308,-0.124855218901,-1.51401709522,0.0698033433927,1.95167154839,0.136613732366,-0.0838487398581,-0.440439458427,-0.00106473280209,-0.668642896928,-0.0430737768371,0.243706289969,-0.0970539281027,0.573829505629,0.818958153527,0.00282633035114,0.0,0.818925334635,-0.573766564354,-0.0115746630467,0.0,-0.00785766210545,0.00895660914497,-0.99992901563,0.0,0.642083017223,0.235405345927,0.303866034087,1.0,-0.0932965714286,-0.12261835102,1.177
0.448414637677,0.438181754957,-0.124875832029,-1.52608041723,0.0690043937159,1.95577876938,0.134698208098,-0.0931682229513,-0.466667454349,0.000769224827587,-0.743300627765,-0.0508589011092,0.243119143322,-0.125796786041,0.573763349184,0.819004913927,0.00270499486549,0.0,0.818969986836,-0.573700228891,-0.0117027745497,0.0,-0.00803292834805,0.00893010466194,-0.999927860044,0.0,0.640409976891,0.233312258801,0.303823540356,1.0,-0.100378285714,-0.131925746939,1.194
0.446955098009,0.430239985849,-0.124918438676,-1.53794671294,0.0682030672475,1.96002654825,0.132747576778,-0.0931224513258,-0.498060212719,-0.00741762344287,-0.751657691854,-0.0449377246531,0.26938537978,-0.120697213373,0.573688978116,0.819056107143,0.00296591307028,0.0,0.819024640209,-0.573625073208,-0.0115611858706,0.0,-0.00776808735079,0.00906185526197,-0.999928767262,0.0,0.638805445709,0.231225213881,0.303960837185,1.0,-0.107043428571,-0.14068564898,1.21
0.445242424032,0.42146021789,-0.124967316616,-1.55141662275,0.0672310497835,1.96461374929,0.130513422797,-0.10241976717,-0.52257000509,-0.00141911262346,-0.838516906522,-0.0578448410235,0.268744519998,-0.134974662021,0.573600656626,0.819118413058,0.00283883947697,0.0,0.819085349479,-0.573537239386,-0.0116177540241,0.0,-0.00788828795678,0.00898937623517,-0.999928480456,0.0,0.636916115184,0.228799395374,0.303919198214,1.0,-0.114125142857,-0.149993044898,1.227
0.443612248917,0.413229823825,-0.125083597794,-1.56375946433,0.0663357637251,1.96894921856,0.128523691558,-0.105112334899,-0.561815777018,-0.00870387565768,-0.858454864232,-0.0611089982061,0.304397494917,-0.150144956473,0.573656522992,0.819078810244,0.00297374160615,0.0,0.819048075925,-0.573593335681,-0.0114752554386,0.0,-0.00769356832962,0.00901866611345,-0.999929733865,0.0,0.635216904672,0.226511946656,0.30400244528,1.0,-0.120373714286,-0.158205453061,1.242
0.441585754952,0.403595434025,-0.12515103182,-1.57853602452,0.0653587192709,1.97389268542,0.126062415415,-0.119080649678,-0.575043278173,-0.00659447527461,-0.893024407804,-0.0587378178487,0.281550010052,-0.151023861421,0.57368041538,0.819062614773,0.00282152308623,0.0,0.819029027867,-0.573616706969,-0.0116649860005,0.0,-0.00793603394672,0.00900305666131,-0.999927979575,0.0,0.633087924386,0.223773717872,0.303910776157,1.0,-0.127455428571,-0.16751284898,1.259
0.439232941998,0.392718728265,-0.125298050015,-1.59465299612,0.0642003005237,1.97947731014,0.123283407762,-0.132779874777,-0.61173798243,-0.00443056344619,-0.910750627804,-0.0734953452859,0.31144010708,-0.166826413073,0.5737522022,0.819011444514,0.00306775606153,0.0,0.818981475,-0.573688178491,-0.0114875744622,0.0,-0.00764866682778,0.00910363180296,-0.999929308393,0.0,0.630820427194,0.220667656002,0.304048400657,1.0,-0.134953714286,-0.177367738775,1.277
0.437168191099,0.383444830936,-0.125397294432,-1.60876461573,0.0631335788437,1.98408786563,0.120789418972,-0.14061605296,-0.628809089926,-0.00465311787816,-0.946140351667,-0.0696727371489,0.302284547725,-0.175247898499,0.573711867467,0.819040561499,0.00282818827654,0.0,0.819007488281,-0.573648617944,-0.0116079357216,0.0,-0.00788513570842,0.00897609067458,-0.999928624668,0.0,0.628730120992,0.217945618596,0.303954385919,1.0,-0.141202285714,-0.185580146939,1.292
0.434634995023,0.372369815261,-0.125495338446,-1.6251533569,0.0619405365999,1.98960036307,0.117852032705,-0.154462281417,-0.654199251196,-0.00371174273325,-0.980928201192,-0.0689793611939,0.317286777313,-0.17920865781,0.573724861146,0.819030946816,0.00297300542414,0.0,0.818999661331,-0.573661033391,-0.0115464457677,0.0,-0.00775154828691,0.00905954785467,-0.999928916519,0.0,0.626320095654,0.214743549912,0.304032470269,1.0,-0.148284,-0.194887542857,1.309
0.431584031267,0.359539856912,-0.125660452951,-1.64412448107,0.0604344481886,1.99593004301,0.114486482303,-0.163737295233,-0.678316458918,-0.00712770813548,-1.02082702944,-0.0885595524941,0.340401131626,-0.18829856786,0.57383540721,0.81895326923,0.00303564678937,0.0,0.818923617354,-0.573772341677,-0.0114085830505,0.0,-0.00760147257151,0.00903278565933,-0.999930310771,0.0,0.623499337759,0.210930339493,0.304087265423,1.0,-0.156198857143,-0.205289926531,1.328
0.428795432412,0.348439229729,-0.125775055234,-1.66070162987,0.0592221111671,2.00119991358,0.11136169373,-0.173761807624,-0.70746759584,-0.00679367364495,-1.03131976283,-0.0732956700991,0.328355722399,-0.198555882037,0.573869649285,0.818929896252,0.00286313739337,0.0,0.818897208127,-0.573806185394,-0.0116004753118,0.0,-0.00785724137389,0.00900194923207,-0.999928611786,0.0,0.620938834773,0.20755712187,0.304005848109,1.0,-0.162864,-0.214049828571,1.344
0.425490379869,0.335409443492,-0.12590574785,-1.67972240303,0.0577330466669,2.00741595617,0.10774372481,-0.183748866544,-0.726470447079,-0.00433276827263,-1.07985960919,-0.0866679004877,0.342987384867,-0.207891826841,0.573907049016,0.818903184638,0.00300336155965,0.0,0.818872469187,-0.573843309061,-0.0115101153322,0.0,-0.00770235945966,0.00906528095508,-0.999929244667,0.0,0.618005144354,0.203644000498,0.304077852034,1.0,-0.170362285714,-0.223904718367,1.362
0.422428104901,0.32345303013,-0.125938461833,-1.69715406132,0.0562579500307,2.01298912276,0.104349462143,-0.190828763223,-0.750717622476,-0.000267856691842,-1.11139976003,-0.0907270244272,0.343654887599,-0.211134810255,0.57377076221,0.818998661787,0.0030085422277,0.0,0.818968410695,-0.573707492062,-0.0114543763189,0.0,-0.00765524304772,0.00903626125389,-0.999929869159,0.0,0.615226745866,0.200088650182,0.304102271244,1.0,-0.177027428571,-0.232664620408,1.378
0.419117111952,0.311215180469,-0.12599100306,-1.71494888228,0.054857949766,2.01853667882,0.100770668115,-0.208821634029,-0.764871102083,-0.00539883195598,-1.1065387674,-0.0791029246179,0.354327039583,-0.23788768978,0.573714644655,0.819038019028,0.00299613023169,0.0,0.81900691814,-0.573650609648,-0.0115495882933,0.0,-0.00774096901998,0.00908019415289,-0.999928811202,0.0,0.612340009204,0.196366271997,0.304097952513,1.0,-0.183692571429,-0.241424522449,1.394
0.415195178693,0.297038404995,-0.126119611273,-1.73550765185,0.0530852861132,2.02484894459,0.0965673603421,-0.220770885311,-0.811007046075,-0.00458105958304,-1.17342096982,-0.0896764248864,0.337334358645,-0.228662472442,0.573635762525,0.819093784965,0.00285136559234,0.0,0.819061058705,-0.573572498698,-0.0115895535443,0.0,-0.00785761767466,0.00898379787148,-0.999928772073,0.0,0.608949729577,0.191971593378,0.304061203798,1.0,-0.191190857143,-0.251279412245,1.412
