position_joint1,position_joint2,position_joint3,position_joint4,position_joint5,position_joint6,position_joint7,velocity_joint1,velocity_joint2,velocity_joint3,velocity_joint4,velocity_joint5,velocity_joint6,velocity_joint7,ee_T_00,ee_T_10,ee_T_20,ee_T_30,ee_T_01,ee_T_11,ee_T_21,ee_T_31,ee_T_02,ee_T_12,ee_T_22,ee_T_32,ee_T_03,ee_T_13,ee_T_23,ee_T_33,v_x,v_y,time
0.465084369664,0.547734115454,-0.124010510406,-1.35582347696,0.0794183135562,1.89411025064,0.159162488742,0.00636650892066,-0.00463338631672,0.00169420591388,0.00130368978269,-0.000269621498215,-0.000367719513136,-0.0014152075488,0.573792889008,0.818986362457,0.00195077799122,0.0,0.81894410459,-0.573735174673,-0.0118004152858,0.0,-0.00854531376263,0.00836873363768,-0.999928468397,0.0,0.661689300081,0.260874000557,0.303253677924,1.0,0.0,0.0,0.0
0.465082243873,0.5477266966,-0.124012783208,-1.35582948193,0.0794179586879,1.89411014839,0.159164329239,0.00165329271682,-0.00104170480359,0.000544746763488,-0.00166997461018,-0.000416743133278,-6.66477616231e-05,0.00118137342593,0.573797945378,0.818982818148,0.00195150181436,0.0,0.818940578538,-0.573740236195,-0.0117990294334,0.0,-0.00854371175777,0.00836858399235,-0.999928483338,0.0,0.661689195909,0.260870599023,0.303256141121,1.0,-0.00016,-0.000210285714286,0.009
0.465079764967,0.547727802564,-0.124015604871,-1.35582971775,0.0794183135562,1.89411275661,0.159160057329,0.000391042873895,0.00121524486795,-0.000244390289958,-0.0017932463515,-0.000286792239787,-0.000544086150596,0.000317798049812,0.573798575534,0.818982375468,0.00195199617682,0.0,0.818940156266,-0.573740877991,-0.0117971301071,0.0,-0.00854186609588,0.00836790561303,-0.999928504784,0.0,0.661690907661,0.260867518178,0.303255566097,1.0,-0.00048,-0.000630857142857,0.025
0.465075837287,0.547709765316,-0.124012912636,-1.35583979311,0.0794164421691,1.89411164395,0.159163566698,0.0044081031025,-0.00858821059849,0.00163760748161,-0.0015328849712,0.000132015684603,0.000951893518651,0.000856463891744,0.573802799979,0.818979400735,0.00195826674644,0.0,0.818937255025,-0.573745068974,-0.0117947048039,0.0,-0.00853623873167,0.00837169341637,-0.999928521134,0.0,0.661689365327,0.260865140775,0.303263359056,1.0,-0.00082,-0.00107771428571,0.042
0.46507771972,0.547636146849,-0.124018347461,-1.35593123185,0.0794191612041,1.89412592994,0.15916204074,0.000263593057201,-0.00328771021411,0.00164441818179,-0.00920103617382,-0.000131215572833,0.00373598292549,0.000223461379298,0.573797546855,0.818983082337,0.00195779762651,0.0,0.81894083653,-0.573739726194,-0.0118059201785,0.0,-0.00854574715554,0.00837768975928,-0.999928389696,0.0,0.661672697298,0.260863130478,0.303270305129,1.0,-0.00114,-0.00149828571429,0.058
0.465075406897,0.547501667105,-0.124016213673,-1.35608958898,0.0794161677161,1.89415076016,0.159160398009,-0.0033528957835,-0.0134345130158,-0.00062783586491,-0.00676479269359,8.93169392612e-05,0.0026505214299,0.00105015337503,0.573816330276,0.818969900999,0.00196653687478,0.0,0.81892767655,-0.573758381743,-0.0118121488394,0.0,-0.00854564188077,0.00838861688029,-0.999928298985,0.0,0.661646283571,0.260838637984,0.303295385629,1.0,-0.00148,-0.00194514285714,0.075
0.465060306154,0.547356709476,-0.12401869593,-1.35629437103,0.0794081841044,1.89420946698,0.159152885303,-0.00128919056002,-0.00841346719564,-0.000284652044746,-0.0103809445136,-0.000204239308094,0.00861927410302,0.00159048544131,0.573829617621,0.818960580239,0.00197100383769,0.0,0.818918357973,-0.573771594639,-0.0118163895251,0.0,-0.00854641575181,0.008394847136,-0.999928240085,0.0,0.661617961053,0.2608075848,0.303305504369,1.0,-0.00184,-0.00241828571429,0.093
0.465043060938,0.547178176608,-0.124015841843,-1.35650551439,0.0794051997666,1.89433829082,0.159144049054,0.000742282037464,-0.0118034671821,-0.00598657516722,-0.0138544489927,-0.000778987169333,0.0059685160662,-0.000831668127635,0.57384968533,0.818946312346,0.00205500436968,0.0,0.818905150878,-0.57379129553,-0.0117749709288,0.0,-0.00846408836047,0.00844007952338,-0.999928559581,0.0,0.661605832391,0.260783304039,0.303342815602,1.0,-0.00216,-0.00283885714286,0.109
0.465022234907,0.546981200035,-0.124014670659,-1.35674662491,0.0794024041184,1.89447482918,0.159130351205,-0.00119710472067,-0.0130575159928,-6.56024522106e-06,-0.0152201467853,-4.91728054748e-06,0.00953327495807,-0.00295490025086,0.573867704508,0.818933469567,0.00213940326898,0.0,0.818893353742,-0.573808934445,-0.011735793496,0.0,-0.00838338678189,0.0084868993912,-0.999928843151,0.0,0.661588293445,0.260753004361,0.303379387045,1.0,-0.0025,-0.00328571428571,0.126
0.464984656735,0.546758282835,-0.124010935975,-1.35708227327,0.0793841155632,1.89459669954,0.159096645714,-0.00565646050652,-0.014615752055,0.000440446235858,-0.0238635647033,-0.000495895810049,0.00646737487476,-0.00288907656515,0.573882170876,0.818923306317,0.00214923783079,0.0,0.818883278026,-0.573823320717,-0.011735436582,0.0,-0.00837730102674,0.00849489629506,-0.999928826249,0.0,0.661551454306,0.260698703176,0.303387934596,1.0,-0.00284,-0.00373257142857,0.143
0.464964295005,0.54650015937,-0.124011646388,-1.3574502925,0.0793688386816,1.89473217222,0.159004077011,0.00106583458915,-0.0166336279307,0.00173800329397,-0.0215439656265,-0.00138161808355,0.0104811332024,-0.00575224368631,0.57384002719,0.818952768164,0.00217568651765,0.0,0.818913017208,-0.57378101414,-0.0117288090055,0.0,-0.00835713388653,0.0085123219779,-0.999928846812,0.0,0.661507173563,0.26065125301,0.303407329203,1.0,-0.00316,-0.00415314285714,0.159
0.46491651478,0.546194474039,-0.124011538565,-1.35793297071,0.0793328700791,1.89490680988,0.158930070695,-0.00224027366867,-0.0207881640516,0.00154124100291,-0.0251389357704,-0.00587844742063,0.0134737753932,0.000724484939956,0.573835904771,0.818955672081,0.00216989944766,0.0,0.81891589645,-0.573776965602,-0.0117258341881,0.0,-0.00835806101603,0.00850583358554,-0.999928894278,0.0,0.661453732126,0.260572457311,0.303409149146,1.0,-0.00352,-0.00462628571429,0.177
0.464875315931,0.54591043447,-0.124013491813,-1.35841753411,0.0792999999258,1.89507110379,0.158904287061,0.000660868115794,-0.017241684688,0.000675268029428,-0.0313455019578,-0.0020488755742,0.0151958036716,-0.00269336946594,0.573868202523,0.818933130064,0.0021357708302,0.0,0.818892932939,-0.573809411791,-0.0117418151722,0.0,-0.00839039758896,0.00848738541493,-0.999928780222,0.0,0.661395763409,0.260496110998,0.303393900928,1.0,-0.00384,-0.00504685714286,0.193
0.464809993652,0.545568451806,-0.124019415765,-1.35901196068,0.0792666072417,1.89526931645,0.158811907685,-0.0046644566954,-0.0261828206453,-0.002335212899,-0.0371381178385,-0.0031567301556,0.0103687140342,-0.0115312831733,0.573874454496,0.818928869085,0.00208920010922,0.0,0.818888040148,-0.573815816136,-0.0117700363828,0.0,-0.00844016901773,0.00846550717873,-0.999928546815,0.0,0.661328029349,0.260391449048,0.303370441962,1.0,-0.00418,-0.00549371428571,0.21
0.464746128928,0.545181702073,-0.124019779032,-1.35969478871,0.0792342524272,1.8954864635,0.158744581964,-0.00366795106794,-0.0249533898654,-6.99393080227e-05,-0.0459481744595,-0.00837364715304,0.0130722041115,-0.00576437310278,0.573901250135,0.818910249219,0.0020262575808,0.0,0.818868473362,-0.573842728546,-0.0118191848215,0.0,-0.00851626237326,0.0084424459397,-0.999928096606,0.0,0.661243152386,0.260282520177,0.303338035001,1.0,-0.00452,-0.00594057142857,0.227
0.464684610706,0.544766698983,-0.124014813826,-1.36035523631,0.0792038874224,1.89571192936,0.158649349688,-0.00193641750655,-0.028566850602,0.00124446007775,-0.044829294971,-0.00195661342602,0.013597079752,-0.00964931153808,0.573898828794,0.818911971219,0.00201608632027,0.0,0.818869920428,-0.573840207057,-0.0118413294854,0.0,-0.0085402595057,0.00844680019475,-0.999927855165,0.0,0.661163806244,0.260182157877,0.303336792447,1.0,-0.00484,-0.00636114285714,0.243
0.464614500105,0.54432713854,-0.124023203445,-1.36109224499,0.0791616049395,1.89597559082,0.158569703079,-0.00128648672566,-0.0268775934815,0.000370593859207,-0.0452954262328,-0.00068077129099,0.0158558967063,-0.00257585550279,0.573926731724,0.818892490914,0.00198540628565,0.0,0.818850045526,-0.573868235228,-0.0118574212843,0.0,-0.00857075666359,0.00843120339856,-0.999927725858,0.0,0.661080998078,0.260060279761,0.303320189861,1.0,-0.00518,-0.006808,0.26
0.464546285149,0.543827635496,-0.124025558914,-1.36189920718,0.0791212868443,1.8962577858,0.158449284843,-0.00354661072309,-0.0312127647617,-0.000603803633431,-0.0498611832733,-0.00266915121507,0.0180084692547,-0.00416945278328,0.573919777571,0.81889740681,0.00196797702847,0.0,0.818854638567,-0.573861258777,-0.0118778564204,0.0,-0.00859756557613,0.00842858610959,-0.999927517774,0.0,0.660985282258,0.259937216741,0.303314075113,1.0,-0.00552,-0.00725485714286,0.277
0.464461079537,0.543297215466,-0.124026250466,-1.36274160034,0.0790733450871,1.89654994957,0.158368191163,-0.00650971929707,-0.0357733802245,-0.000451128873677,-0.0519385082457,-0.000737527830863,0.0126643263095,-0.00378448596135,0.573957631011,0.818870913385,0.00195241306796,0.0,0.818827888377,-0.573899118595,-0.0118927622148,0.0,-0.00861831484791,0.00842479410003,-0.999927371109,0.0,0.660888554929,0.259799538957,0.303313709078,1.0,-0.00586,-0.00770171428571,0.294
0.464382551877,0.542745486025,-0.124034356561,-1.36362671982,0.0790153852256,1.89686805207,0.158229926535,-0.00468368683801,-0.0335479504673,-0.00127665722178,-0.052633612996,-0.00582272253817,0.0199279918217,-0.008319658903,0.57394812998,0.818877614545,0.00193478449838,0.0,0.818834418559,-0.573889748728,-0.0118953011321,0.0,-0.00863060899167,0.00841171593166,-0.999927375175,0.0,0.66078811359,0.259657333847,0.303310497191,1.0,-0.0062,-0.00814857142857,0.311
0.464314779536,0.542187123377,-0.124029829427,-1.36449518886,0.0789617695604,1.8971807887,0.158133387591,-0.00493615481207,-0.0363945629505,0.000966354203616,-0.0535165772727,-0.00268274678454,0.0222482958418,-0.000398104636999,0.57396182503,0.818868011138,0.00193665788261,0.0,0.818824812885,-0.573903408361,-0.0118975030035,0.0,-0.0086311962396,0.00841465807378,-0.999927345351,0.0,0.6606811668,0.259518022777,0.303318377797,1.0,-0.00654,-0.00859542857143,0.328
0.464220885208,0.541525644175,-0.124037639288,-1.36550079902,0.0789112543178,1.89755975742,0.157986467044,-0.00418042240342,-0.0344905056853,-0.000625963657211,-0.0574027868332,-0.0048633853073,0.02172681401,-0.00792430918058,0.573959703,0.818869417178,0.00197074705704,0.0,0.818826603214,-0.573901087765,-0.0118862202617,0.0,-0.00860241400155,0.0084360739903,-0.99992741293,0.0,0.660574577372,0.25937227613,0.303341140341,1.0,-0.00688,-0.00904228571429,0.345
0.464139735337,0.540898110669,-0.124041752804,-1.36646707299,0.0788458425266,1.89791404511,0.157858341012,-0.00232950761621,-0.040584057285,-0.000379752455837,-0.0621839451211,-0.00894381447339,0.0182108555326,-0.0033537057798,0.57396018659,0.818869058032,0.00197911807951,0.0,0.81882642375,-0.573901606394,-0.0118735356615,0.0,-0.00858721724808,0.00843565333542,-0.999927547102,0.0,0.660464364806,0.259223292154,0.303355662409,1.0,-0.0072,-0.00946285714286,0.361
0.46405251946,0.540187963815,-0.124039540854,-1.367544845,0.0787866605095,1.89830950651,0.15773095911,-0.00676849419776,-0.0437866206193,-7.81728270746e-05,-0.0636897431133,-0.000463144730249,0.0247818260952,-0.00545817135644,0.573969565347,0.81886241692,0.00200676669709,0.0,0.81882006364,-0.573910793625,-0.0118680766303,0.0,-0.008566781783,0.00845525840952,-0.999927556804,0.0,0.660338390788,0.259065629523,0.303378790906,1.0,-0.00754,-0.00990971428571,0.378
0.463952351416,0.53945327197,-0.124044928567,-1.3687012446,0.0787281627361,1.89874759113,0.157592221553,-0.00819163652536,-0.0487282931283,-0.000232860991911,-0.0713470959245,-0.00447433461858,0.0276163816828,-0.0105909446398,0.573990180611,0.818847922924,0.00202449665246,0.0,0.818805726578,-0.573931261381,-0.0118674442924,0.0,-0.00855587491892,0.00846962901185,-0.999927528568,0.0,0.660208234579,0.258889003344,0.303385686352,1.0,-0.00788,-0.0103565714286,0.395
0.463852496055,0.538748944736,-0.124047797359,-1.36979213198,0.078662250556,1.89916646945,0.157449637242,-0.0072246061371,-0.0422770710634,0.000662906921173,-0.0675545606557,-0.00173351821959,0.0239891190757,-0.00261851483704,0.573999933968,0.818841021457,0.00205043543483,0.0,0.818799186276,-0.573940932202,-0.0118509830509,0.0,-0.0085274064208,0.00848152164981,-0.999927670949,0.0,0.660088132537,0.25871893454,0.303400424458,1.0,-0.0082,-0.0107771428571,0.411
0.463734856192,0.537957912266,-0.12405447569,-1.37101747817,0.0785834854153,1.89963806518,0.15729951665,-0.0121945561507,-0.0455208065811,-0.000723169502095,-0.0727185527621,-0.000939242410642,0.0306238265166,-0.00810364176973,0.574024655179,0.818823625123,0.00207679750041,0.0,0.81878222139,-0.573965633198,-0.0118267808245,0.0,-0.00849220065709,0.00848947210408,-0.999927903097,0.0,0.659955658823,0.258521606642,0.303416969883,1.0,-0.00854,-0.011224,0.428
0.463636279419,0.537154985727,-0.12405517347,-1.37227562632,0.078508244584,1.90010165884,0.15714574544,-0.00993764840515,-0.0532809041871,0.000761541969068,-0.0777409646739,-0.00525260180832,0.0292310789317,-0.00532738416938,0.574029102656,0.81882048989,0.00208363660484,0.0,0.818779154552,-0.573970032387,-0.0118256033611,0.0,-0.00848726477398,0.00849444224779,-0.999927902795,0.0,0.659807534425,0.258336634551,0.303425278868,1.0,-0.00888,-0.0116708571429,0.445
0.463519444829,0.536325383927,-0.124060608849,-1.37358992863,0.0784402639137,1.90060351055,0.156988597985,-0.00694786417393,-0.0472837114107,0.000840392702218,-0.0726781180755,-0.00288521887103,0.0241123670121,-0.0124393679625,0.574054143574,0.818802888547,0.0021016309557,0.0,0.818761717536,-0.57399492898,-0.0118244790298,0.0,-0.00847575525859,0.00850878997417,-0.999927878432,0.0,0.659659837341,0.258134326423,0.30342904188,1.0,-0.00922,-0.0121177142857,0.462
0.463410371143,0.535434123843,-0.124067336764,-1.37497063407,0.0783586284017,1.90110276288,0.156811048615,-0.0092976811456,-0.0542827820807,0.000302335994598,-0.0888957756328,-0.00462285870206,0.0353163415479,-0.0174536144705,0.574056662143,0.818801102391,0.00210956720177,0.0,0.81876001943,-0.573997400595,-0.0118220807681,0.0,-0.00846920973381,0.00851393742811,-0.999927890078,0.0,0.659496563839,0.257926957208,0.303444339359,1.0,-0.00956,-0.0125645714286,0.479
0.463289706753,0.534607320817,-0.124065590723,-1.37632830273,0.0782814988818,1.90158920183,0.156651239849,-0.00653283858511,-0.0491835120338,0.000380618784334,-0.0859563081906,-0.00444819188938,0.0290529263867,-0.0118134552463,0.574077116671,0.818786852957,0.00207375019113,0.0,0.818745210936,-0.574017901945,-0.0118522030171,0.0,-0.00851422220028,0.008502115264,-0.999927608408,0.0,0.659334856275,0.257718626365,0.303423591705,1.0,-0.00988,-0.0129851428571,0.495
0.463158341719,0.533690021788,-0.124073703387,-1.37781472239,0.0781937178811,1.90213309218,0.156467078192,-0.0121831753837,-0.0517092065545,-0.000450425272411,-0.086030755156,-0.0032264211813,0.0299132571966,-0.00622637384408,0.574097434131,0.818772666708,0.0020501895001,0.0,0.81873071023,-0.574038303924,-0.0118657766659,0.0,-0.00853865069542,0.00849082851814,-0.999927496009,0.0,0.659162305688,0.257485616013,0.303410528684,1.0,-0.01022,-0.013432,0.512
0.463021621391,0.532740192579,-0.124071248551,-1.3793154271,0.078118514766,1.90271550835,0.156275407848,-0.0094039814012,-0.0609070979153,0.00038904193853,-0.0980446371105,-0.00282109889803,0.0346251525144,-0.0105052874971,0.574112772364,0.818761825767,0.00208426883795,0.0,0.81872017803,-0.574053368503,-0.0118636882474,0.0,-0.00851721748535,0.00851769189623,-0.999927450334,0.0,0.658992863222,0.257258600088,0.303416428768,1.0,-0.01056,-0.0138788571429,0.529
0.462894102462,0.531766265204,-0.124074343907,-1.38087290032,0.0780151726094,1.90327888433,0.156081179106,-0.0101368769106,-0.0578049848367,0.000683976345137,-0.0942241019758,-0.00623667025849,0.0346158965091,-0.0120602126367,0.574117443274,0.81875861028,0.00206066044754,0.0,0.818716712222,-0.574058190811,-0.0118695237126,0.0,-0.00853550006606,0.00850176143863,-0.999927430012,0.0,0.658807062534,0.257022213572,0.303410575655,1.0,-0.0109,-0.0143257142857,0.546
0.46276876342,0.530817861689,-0.12407453095,-1.3823965182,0.0779309422908,1.90381789844,0.155881860029,-0.00561172434248,-0.0637591268038,0.00124945347207,-0.0981155811834,-0.0130998557322,0.0302739895199,-0.0157484094538,0.574115304278,0.818760190525,0.00202847415373,0.0,0.818717746484,-0.574056056968,-0.0119013424086,0.0,-0.00858005269617,0.00849365413531,-0.999927117612,0.0,0.658608620981,0.25677770074,0.303397589138,1.0,-0.01124,-0.0147725714286,0.563
0.462632855834,0.529793180653,-0.124074833727,-1.38404262945,0.0778199397594,1.90441233683,0.155667564164,-0.00607927714461,-0.057429334259,0.00116760758995,-0.0985343381666,-0.00288884959054,0.0332025028727,-0.0146217314642,0.57411273718,0.818762050513,0.00200413272942,0.0,0.818719344625,-0.574053644648,-0.0119077581674,0.0,-0.00859930635975,0.00847738108577,-0.999927090312,0.0,0.658423045559,0.256544873824,0.303390359068,1.0,-0.01156,-0.0151931428571,0.579
0.46249048971,0.528719636806,-0.12408307537,-1.3857130814,0.0777292353331,1.90504378647,0.155441473123,-0.0050841792492,-0.0690306548451,-7.61963937978e-05,-0.10420909326,-0.00427539849962,0.0380510922305,-0.0124321647482,0.574116303722,0.818759469727,0.00203652482892,0.0,0.818717126077,-0.574057018936,-0.0118976207478,0.0,-0.00857237332695,0.00849811941706,-0.999927145537,0.0,0.658230028405,0.256290330176,0.303406325504,1.0,-0.0119,-0.01564,0.596
0.462345589051,0.527547165929,-0.124080178848,-1.38754898521,0.0776033296749,1.90574510508,0.155178312989,-0.0109612045751,-0.0677874679977,-0.000916885125025,-0.103088161033,-0.000625061833546,0.0354061363378,-0.0131809024175,0.5740829561,0.818782793104,0.00206012932662,0.0,0.818740875264,-0.574023697217,-0.011871019597,0.0,-0.00853738790096,0.00850182579667,-0.999927413349,0.0,0.658014353609,0.256021354566,0.303418569163,1.0,-0.01226,-0.0161131428571,0.614
0.462202438783,0.526462615732,-0.12408401328,-1.38923724726,0.0774984459754,1.90638357679,0.154948565968,-0.0073653335032,-0.0690229850914,6.33913599842e-06,-0.10864154089,-0.0057932280865,0.0382178019561,-0.00940061704158,0.574077725693,0.818786393388,0.00208656830731,0.0,0.818744854781,-0.574018396161,-0.011852870513,0.0,-0.00850740429932,0.00851299991444,-0.999927573829,0.0,0.657817804732,0.255765144943,0.303433702199,1.0,-0.01258,-0.0165337142857,0.63
0.462040924413,0.525197921475,-0.124089608565,-1.39117276565,0.07737569048,1.90707942625,0.154698526479,-0.0102861754485,-0.0744465955225,-0.000353167235257,-0.103852755388,-0.0121787237088,0.032883853535,-0.0195632708143,0.574080151487,0.818784646352,0.00210463023994,0.0,0.818743363598,-0.574020770432,-0.0118408858409,0.0,-0.00848719745877,0.00852093363343,-0.999927677969,0.0,0.65758494576,0.255469912843,0.303462587567,1.0,-0.01294,-0.0170068571429,0.648
0.46188768307,0.524109849229,-0.124098163217,-1.39294307922,0.0772579402948,1.9077092928,0.154449162137,-0.0115445864719,-0.0667253214985,-0.00115945511866,-0.116367707217,-0.00846746551858,0.0409718685035,-0.00724153814845,0.574070736091,0.818791381546,0.0020519190866,0.0,0.818749479009,-0.574011633448,-0.0118609523369,0.0,-0.00853398442945,0.00848919676526,-0.999927549699,0.0,0.657370744525,0.25519206789,0.303439993571,1.0,-0.01326,-0.0174274285714,0.664
0.461735951884,0.522897873415,-0.12409360319,-1.39487720298,0.0771503772614,1.90843710705,0.154192721291,-0.0108971071502,-0.0768328721593,0.000458636609259,-0.113882262811,-0.00504747247433,0.0500540493444,-0.0138148783165,0.574056627136,0.818801249118,0.00206159771702,0.0,0.818759344243,-0.573997359441,-0.0118707401254,0.0,-0.00853658955262,0.00850259313412,-0.99992741364,0.0,0.657136324521,0.254913316546,0.303434343928,1.0,-0.0136,-0.0178742857143,0.681
0.461574351645,0.521660184894,-0.124096562943,-1.3968340536,0.0770312058111,1.90920391267,0.153924902259,-0.00983705170886,-0.0688876149826,0.000402468462459,-0.121430714697,-0.0127253516034,0.0437038337507,-0.0106046466635,0.574044554941,0.81880961859,0.00209865384193,0.0,0.8187682383,-0.573985182246,-0.0118460716721,0.0,-0.00849524477947,0.00851864806013,-0.999927629107,0.0,0.656909231977,0.254622136824,0.303439211045,1.0,-0.01394,-0.0183211428571,0.698
0.461419526463,0.520483323163,-0.124105705857,-1.39873484297,0.0769098111313,1.90990704573,0.15367653946,-0.011747261933,-0.07245112192,-0.000252810291278,-0.11798656835,-0.00815018362413,0.0380527030199,-0.00277279349611,0.574043104817,0.818810698062,0.00207399425763,0.0,0.818769057932,-0.573983892015,-0.0118519357286,0.0,-0.00851421639632,0.00850180799434,-0.99992761107,0.0,0.656680186209,0.254333062621,0.303422387555,1.0,-0.01426,-0.0187417142857,0.714
0.461253356354,0.519153293778,-0.124111734568,-1.40079849312,0.0767759837185,1.91065015357,0.153385671834,-0.00686111842063,-0.0829721961323,0.000910658725308,-0.115046513621,-0.00379427201464,0.0491386883267,-0.0136152643313,0.574018715432,0.818827788669,0.00207695420225,0.0,0.818786226475,-0.573959533149,-0.0118455284265,0.0,-0.00850752397896,0.00850030016191,-0.999927680851,0.0,0.656426875931,0.254021806296,0.303438562523,1.0,-0.0146,-0.0191885714286,0.731
0.461092969732,0.517866369564,-0.124115286478,-1.40277158053,0.0766468134207,1.91136824046,0.153116465301,-0.0110602177241,-0.0808987948006,0.000766634109509,-0.123776709506,-0.00516636979683,0.0375520435674,-0.0145322294269,0.574009608721,0.818834145921,0.00208745571659,0.0,0.818792756223,-0.573950421515,-0.0118356622433,0.0,-0.00849351182238,0.00850314118472,-0.999927775815,0.0,0.656169351951,0.253704047347,0.303456529144,1.0,-0.01494,-0.0196354285714,0.748
0.460910462042,0.516532024555,-0.124112167428,-1.40490752911,0.0765041767068,1.9121569611,0.152835702086,-0.0110678195375,-0.0780257353414,0.00145242189257,-0.119342912808,-0.0143280716694,0.0420669118055,-0.0090836443988,0.57399348377,0.818845466777,0.0020806320788,0.0,0.818804057012,-0.573934394454,-0.0118310602019,0.0,-0.00849382723377,0.00849474499942,-0.9999278445,0.0,0.655925732918,0.253401669751,0.303452636474,1.0,-0.01526,-0.020056,0.764
0.460716564394,0.515150278583,-0.124120988916,-1.40708494641,0.0763827871049,1.91297418502,0.152526694623,-0.00896112012249,-0.0788013034962,-0.000828165138805,-0.124973394919,-0.00146237120624,0.0554311953634,-0.0178643558176,0.573987780539,0.818849409797,0.00210208661109,0.0,0.818808195683,-0.573928523082,-0.0118294537584,0.0,-0.00848025703542,0.00851133152248,-0.999927818633,0.0,0.655666352431,0.253064907066,0.303456308221,1.0,-0.0156,-0.0205028571429,0.781
0.460517870911,0.513744585885,-0.124121676518,-1.40934166188,0.0762425853876,1.91376607327,0.152224980391,-0.0139112381801,-0.085057978508,0.000643777825624,-0.136737812099,-0.00474538826488,0.0477301991916,-0.0259978422148,0.573984476087,0.818851856605,0.00205062109642,0.0,0.81880989456,-0.573925346915,-0.0118659024196,0.0,-0.0085396772177,0.00849007608765,-0.999927493632,0.0,0.655383221793,0.252716046226,0.303436128711,1.0,-0.01594,-0.0209497142857,0.798
0.460327776601,0.51235030069,-0.124124868358,-1.4116143172,0.0761102087424,1.91456743238,0.151904849337,-0.0136416056116,-0.0806344081579,0.000953359830734,-0.126463979915,-0.00541911564015,0.0446542588051,-0.0226048870865,0.573963565243,0.818866668956,0.00198774955289,0.0,0.818823740067,-0.573904549267,-0.0119162886483,0.0,-0.00861723898911,0.00846729506193,-0.99992702139,0.0,0.655094968652,0.252371277044,0.303400877443,1.0,-0.01628,-0.0213965714286,0.815
0.46013096002,0.510897632662,-0.124128752274,-1.41392364143,0.0759713368022,1.91543917745,0.151569074329,-0.0160581362375,-0.0895943291945,0.000317996783805,-0.134094028817,-0.00992097260214,0.0516361896516,-0.0149003184564,0.573935919295,0.818886017823,0.00199931455134,0.0,0.818843214411,-0.573876834177,-0.0119128632087,0.0,-0.00860808254084,0.00847450841149,-0.999927039149,0.0,0.654814898181,0.252021851711,0.303394687187,1.0,-0.01662,-0.0218434285714,0.832
0.45993576,0.509491045953,-0.124134343258,-1.41615701343,0.0758332215425,1.91627744989,0.151268586962,-0.011441425113,-0.0899059339838,1.23558604654e-05,-0.146935039126,-0.00434259033612,0.0594676986302,-0.0175219558542,0.573932848253,0.81888815546,0.00200535371212,0.0,0.81884544402,-0.573873751726,-0.0119080976725,0.0,-0.00860074587077,0.00847668636775,-0.999927083821,0.0,0.654544087829,0.251678830092,0.303389065831,1.0,-0.01694,-0.022264,0.848
0.459733233482,0.507987881775,-0.124135151372,-1.41852151736,0.0756687499778,1.91712017218,0.150935098099,-0.0124584930358,-0.0892027507158,0.000878384994115,-0.141378143908,-0.00651187085711,0.0507149925119,-0.0206438719856,0.57390409296,0.818908371734,0.00197931539823,0.0,0.818865409652,-0.573845194481,-0.0119113620856,0.0,-0.00861865943688,0.00845693519024,-0.999927096821,0.0,0.654246628772,0.251315740319,0.303388306579,1.0,-0.01728,-0.0227108571429,0.865
0.459513303419,0.506452561521,-0.124143691872,-1.42095013098,0.0755198154023,1.91800436788,0.150603790762,-0.018633077721,-0.0983946218691,0.000214685563758,-0.149804511335,-0.0110007671216,0.0516932851732,-0.0185666376932,0.573904382532,0.818908193087,0.00196924013109,0.0,0.818865072337,-0.573845498886,-0.0119198832294,0.0,-0.00863141663328,0.0084535779446,-0.99992701517,0.0,0.653947252245,0.250934904772,0.303382892628,1.0,-0.01762,-0.0231577142857,0.882
0.459289692054,0.504842060991,-0.124149755466,-1.42339881209,0.0753668365449,1.91896466233,0.150269009112,-0.0134028365527,-0.0995621224119,0.000480474226019,-0.148134948472,-0.00991606397332,0.0633803627647,-0.0192222877438,0.573902909888,0.818908980633,0.00206842020337,0.0,0.818867241233,-0.573843710044,-0.0118568368647,0.0,-0.00852288435893,0.00849859834874,-0.999927564511,0.0,0.653659829672,0.250556222559,0.303426338825,1.0,-0.01796,-0.0236045714286,0.899
0.459060310127,0.503191465539,-0.12415363375,-1.42589055866,0.0752100718398,1.91989738297,0.149916613485,-0.015031641864,-0.0989403575101,0.00045699503191,-0.151023636701,-0.0136141030944,0.0583828074122,-0.019198927908,0.573890577288,0.81891742897,0.00214399857883,0.0,0.818876698598,-0.573831104535,-0.0118136727289,0.0,-0.00844429200403,0.00853559027689,-0.999927916218,0.0,0.653357689213,0.25016814403,0.303474199957,1.0,-0.0183,-0.0240514285714,0.916
0.458849701293,0.501598288303,-0.124159328165,-1.42826212303,0.0750628711122,1.92075492217,0.14958538344,-0.0164446903065,-0.0963522917536,-0.00387958861742,-0.15067884623,-0.00443137099575,0.0564887473807,-0.0269702497474,0.573877273202,0.818926571998,0.00221175901065,0.0,0.818886697777,-0.573817513337,-0.0117806830366,0.0,-0.00837852963207,0.00857201132782,-0.999928157851,0.0,0.653062072651,0.249801347173,0.303532061606,1.0,-0.01862,-0.024472,0.932
0.458610984122,0.499885975726,-0.124154021892,-1.43086175439,0.0748950490873,1.92166714028,0.149226808365,-0.0112042316183,-0.0998914268822,0.00108977516576,-0.153120635618,-0.00704712965228,0.0559490641568,-0.0177415554585,0.573862078817,0.818937162174,0.00223289218366,0.0,0.818897494491,-0.573802169762,-0.0117775376539,0.0,-0.00836398591653,0.00858735738933,-0.999928147935,0.0,0.652730140744,0.249397705896,0.303568315329,1.0,-0.01896,-0.0249188571429,0.949
0.45836118692,0.498215678721,-0.124162164982,-1.43348124222,0.074731961459,1.92266011331,0.148851853237,-0.0141937487836,-0.0958507330178,-0.000235947101984,-0.157804278062,-0.00990388921406,0.0627601795047,-0.0166223134564,0.57385468796,0.818942251147,0.00226567744071,0.0,0.818903044229,-0.573794690518,-0.0117560276851,0.0,-0.00832763442381,0.00860178736335,-0.999928327311,0.0,0.652412823056,0.248982277456,0.30357270269,1.0,-0.0193,-0.0253657142857,0.966
0.458091934363,0.496523523952,-0.124160714078,-1.43615176674,0.0745629492092,1.92360711523,0.148444221671,-0.0166321638345,-0.100124422325,4.87683841837e-05,-0.156791741022,-0.00826965468776,0.0534710638702,-0.0230917936995,0.573829588711,0.818959913521,0.00223831771387,0.0,0.818920267627,-0.573769612804,-0.0117802204196,0.0,-0.00836341062962,0.0085930082216,-0.999928104202,0.0,0.65207630132,0.248550195661,0.303563108812,1.0,-0.01964,-0.0258125714286,0.983
0.457823072136,0.49484096513,-0.124163220729,-1.43889326441,0.0743914769436,1.92455327211,0.148055562795,-0.0174706101058,-0.101657692553,0.000443848961495,-0.165368175682,-0.01428986582,0.0553791347134,-0.0285435596987,0.573824890726,0.818963464295,0.00214145630491,0.0,0.818922425918,-0.573765158433,-0.0118469489181,0.0,-0.00847368845599,0.00855192541164,-0.999927527962,0.0,0.651721788479,0.248107258764,0.303512564231,1.0,-0.01998,-0.0262594285714,1.0
0.457538154834,0.492910015523,-0.124219230957,-1.44186330658,0.0742147476296,1.92562926227,0.147637174781,-0.0127733484083,-0.150166952137,-0.00631109964488,-0.215305060216,-0.0127527684376,0.0880319100771,-0.0383211611582,0.573857331127,0.818940670727,0.00216523476261,0.0,0.818900049909,-0.573797610368,-0.0118219074729,0.0,-0.00843919678314,0.00855736388217,-0.999927773132,0.0,0.651359196859,0.247606657576,0.303538196202,1.0,-0.0323571428571,-0.0425265306122,1.016
0.457170803593,0.48975627037,-0.124280309855,-1.44671919499,0.0739570913107,1.92751967813,0.146901214514,-0.026138804516,-0.201310891177,-0.000758606288088,-0.323522222608,-0.0195986696476,0.125414201452,-0.0521751030959,0.573773961605,0.81899862654,0.00233186839251,0.0,0.818960107427,-0.573713546044,-0.0117412278079,0.0,-0.00827838434874,0.00864668445815,-0.999928349033,0.0,0.650756428601,0.246884002382,0.303586478255,1.0,-0.0463845714286,-0.0609625795918,1.033
0.456555211103,0.485448492908,-0.124345295688,-1.45353582497,0.0735904725435,1.93011158928,0.145889259559,-0.0388245965335,-0.276558175349,-0.009174076311,-0.433674364445,-0.0222439565513,0.162999246165,-0.065025666846,0.573736956569,0.81902431288,0.00241381013284,0.0,0.818986607306,-0.573675977473,-0.011728462168,0.0,-0.00822130906656,0.00870609798022,-0.999928304397,0.0,0.649908188059,0.245810863845,0.303561737,1.0,-0.060412,-0.0793986285714,1.05
0.455718965481,0.47995490386,-0.124507240828,-1.46230030828,0.0730596663989,1.9331651403,0.144538086486,-0.051339471681,-0.344042881427,-0.00947055166593,-0.554471397502,-0.0299659831892,0.189950885605,-0.0878981418148,0.573718241893,0.819038005202,0.00220722769245,0.0,0.818997696128,-0.573658135173,-0.0118264359395,0.0,-0.00842026849486,0.0085929218704,-0.999927627767,0.0,0.648780108783,0.244328966586,0.303470524778,1.0,-0.0744394285714,-0.097834677551,1.067
0.454667275784,0.473210864296,-0.124678840828,-1.4728779602,0.0724421009891,1.93686982391,0.143004906673,-0.0660299711898,-0.423641158656,-0.00934782015397,-0.662846037372,-0.0385480544661,0.223362962449,-0.0918542867295,0.573793082461,0.818985876507,0.00209272635441,0.0,0.81894388039,-0.573733225594,-0.011910227621,0.0,-0.00855380625328,0.00854799623617,-0.999926879406,0.0,0.64741132703,0.24253544176,0.303430573086,1.0,-0.0884668571429,-0.116270726531,1.084
0.453407205218,0.465329232707,-0.124803916117,-1.48487073421,0.0717190561539,1.94134405176,0.141113981841,-0.0821752025956,-0.485959047458,-0.00560207518302,-0.739994468424,-0.0523872872948,0.273433964486,-0.119817345878,0.573743328073,0.819019904206,0.00239518431474,0.0,0.818981918731,-0.573682376987,-0.0117428287645,0.0,-0.00824369417547,0.00869914978774,-0.999928180571,0.0,0.645898855291,0.240519331143,0.303555516493,1.0,-0.102494285714,-0.13470677551,1.101
0.45199122343,0.456976950509,-0.124903249773,-1.49788121844,0.0709064588628,1.94589185647,0.139099705983,-0.0913063038166,-0.541226499254,-0.00712560809879,-0.840514693187,-0.0550483455944,0.292372558026,-0.133450580634,0.573711791676,0.819042268409,0.00229990285059,0.0,0.819002643054,-0.57365078755,-0.0118402497767,0.0,-0.00837848526591,0.00867668447976,-0.99992725542,0.0,0.644167695173,0.238299400992,0.303511199065,1.0,-0.115696571429,-0.15205835102,1.117
0.450230916341,0.446880675955,-0.125078270965,-1.51316336623,0.0698527683147,1.95132061334,0.136697928259,-0.104857460281,-0.621939603801,-0.00732109041594,-0.927106804,-0.0627877332437,0.334765677112,-0.144741169801,0.573721964122,0.819034726122,0.0024438070139,0.0,0.818997713655,-0.573661200224,-0.0116755850642,0.0,-0.0081609494742,0.00870017945769,-0.999928850359,0.0,0.642161573845,0.235595107019,0.30364166148,1.0,-0.129724,-0.1704944,1.134
0.448250790791,0.435908709137,-0.125199516024,-1.53008191244,0.0687753607937,1.95711080433,0.134018004355,-0.118170866822,-0.671151030237,-0.00737679987802,-1.01911211312,-0.0609241686316,0.342887370588,-0.164787427115,0.573694906101,0.819054041863,0.00231907802446,0.0,0.819014665256,-0.573633828964,-0.0118302689802,0.0,-0.00835948896377,0.00868649120551,-0.999927329267,0.0,0.639829332443,0.232629999417,0.303597312607,1.0,-0.143751428571,-0.18893044898,1.151
0.446117318528,0.424485113104,-0.125335448912,-1.54715855979,0.0675982560573,1.96311419158,0.131194915283,-0.142838504957,-0.719836543556,-0.00947088156189,-1.08954427684,-0.0747546494328,0.366163700744,-0.189235512224,0.573642157794,0.819090211415,0.00257822943496,0.0,0.819054509608,-0.573580457893,-0.0116582809859,0.0,-0.00807051720009,0.00879956132526,-0.999928714696,0.0,0.637503152998,0.229554001884,0.30377270559,1.0,-0.156953714286,-0.20628202449,1.167
0.443578398251,0.411466386847,-0.125494466154,-1.56657215693,0.0662156194319,1.96998501424,0.127946877896,-0.149921294345,-0.777691022364,-0.00824452079527,-1.17112189462,-0.084337535621,0.413930805008,-0.191797624882,0.573606019533,0.819114380831,0.00291759700014,0.0,0.819083740014,-0.573543967751,-0.0113969645617,0.0,-0.00766219493152,0.00892729561781,-0.999930794686,0.0,0.634833748825,0.225992600051,0.303958725348,1.0,-0.170981142857,-0.224718073469,1.184
0.440702948115,0.397557058263,-0.125668017367,-1.58737501087,0.0648584504785,1.97708404649,0.124429575401,-0.175403809533,-0.859175331685,-0.0123591362968,-1.23947699277,-0.0838821308247,0.436024650783,-0.216557611222,0.573673553134,0.819066361185,0.00311405042216,0.0,0.819037454727,-0.573609955979,-0.0114023268259,0.0,-0.00755315743847,0.00909191232338,-0.999930141031,0.0,0.631872810628,0.222096760047,0.304061735001,1.0,-0.185008571429,-0.243154122449,1.201
0.437516631324,0.382895998992,-0.125823596404,-1.60942181933,0.0632100172561,1.98445187093,0.120551428771,-0.193692226387,-0.892828261656,-0.00924158435776,-1.30876785832,-0.102074707223,0.418119314491,-0.243745340238,0.573608490156,0.819112244929,0.00302937753913,0.0,0.819082451379,-0.573545400337,-0.0114174645223,0.0,-0.00761484605219,0.00903063843472,-0.99993022841,0.0,0.628649624584,0.217878012326,0.304050920101,1.0,-0.199036,-0.261590171429,1.218
0.433978484562,0.367289437672,-0.1259929433,-1.632684442,0.0614609928348,1.99218446595,0.116405205019,-0.215864041524,-0.92138252541,-0.0103698294694,-1.39802981513,-0.110054338535,0.444714515076,-0.241069856522,0.573597915493,0.819119641698,0.00303163773095,0.0,0.819089981271,-0.57353494357,-0.0114025430072,0.0,-0.00760144311893,0.00902383272928,-0.99993039183,0.0,0.625186791918,0.213339495057,0.304067941225,1.0,-0.213063428571,-0.280026220408,1.235
0.430015785637,0.350884459885,-0.12620816679,-1.65700154267,0.0595939660181,2.00016029371,0.111916731844,-0.245583648761,-0.966848404865,-0.00980452411749,-1.47729635447,-0.104079587022,0.46883609017,-0.274404409092,0.573645819008,0.819086157135,0.00301470150134,0.0,0.819056437905,-0.573583081027,-0.0113906798392,0.0,-0.00760091274222,0.00900359988563,-0.999930578248,0.0,0.621505990365,0.208431617279,0.304070907329,1.0,-0.227090857143,-0.298462269388,1.252
0.425956034048,0.33466396435,-0.126412679746,-1.68070703764,0.0577894644623,2.00785984128,0.107402804072,-0.257692491445,-1.02250908053,-0.0137305710812,-1.50326864181,-0.125410216556,0.485480793687,-0.285218479978,0.573694937832,0.819051205564,0.00316035948645,0.0,0.819023148489,-0.573631507954,-0.0113455816219,0.0,-0.00747987453813,0.00909748547499,-0.999930641212,0.0,0.617840875662,0.203566906474,0.304148597041,1.0,-0.240293142857,-0.315813844898,1.268
0.42132759566,0.316705156734,-0.126558784612,-1.70685542137,0.0556789448967,2.01613119105,0.102281384426,-0.278352830615,-1.08267813362,-0.00878978981456,-1.55122755099,-0.128780035278,0.489062645583,-0.302570147912,0.573597091816,0.819119701635,0.003168210082,0.0,0.819091582843,-0.573533453734,-0.0113623617733,0.0,-0.00749020412478,0.00911264732688,-0.99993042583,0.0,0.613652588052,0.19817311618,0.304176931284,1.0,-0.254320571429,-0.334249893878,1.285
0.416259599584,0.298065740124,-0.126744762371,-1.733872577,0.0534210114869,2.02453252365,0.0967307570904,-0.313348003206,-1.10936558019,-0.0107236732279,-1.60680682788,-0.139065736955,0.482004886618,-0.332455452433,0.573455852245,0.819218822042,0.00310709509521,0.0,0.819189919603,-0.573392416457,-0.0113911927043,0.0,-0.00755044007346,0.00907782187781,-0.999930289573,0.0,0.609229093862,0.192443006865,0.304159211474,1.0,-0.268348,-0.352685942857,1.302
0.410690697018,0.278611714809,-0.126980392653,-1.7616147188,0.051139957369,2.03297858764,0.0908942170825,-0.339832413025,-1.16028644154,-0.0166520308471,-1.67649448559,-0.144608434005,0.490896772014,-0.358708845982,0.573479982568,0.8192015356,0.00320944936554,0.0,0.819173375899,-0.573415540704,-0.0114168646311,0.0,-0.00751250953332,0.00917661547946,-0.999929673492,0.0,0.604590386113,0.18637655529,0.304228648449,1.0,-0.282375428571,-0.371121991837,1.319
0.404954996804,0.259718413106,-0.127248235391,-1.78833718986,0.0488094292628,2.04102193766,0.0850175336505,-0.379403177981,-1.1808249408,-0.0238469048878,-1.71662602625,-0.162354905875,0.493174578994,-0.382239319344,0.57352722422,0.819168141528,0.00329027126501,0.0,0.81914126093,-0.573462834009,-0.0113454640169,0.0,-0.00740713699957,0.00920230661085,-0.999930223503,0.0,0.599764447998,0.1799325248,0.30428862661,1.0,-0.296402857143,-0.389558040816,1.336
0.398326632137,0.239048623754,-0.127552419306,-1.81730660858,0.0461907636198,2.04946219021,0.0784046172839,-0.403589971471,-1.22480228353,-0.00974848110702,-1.70796751686,-0.154793280803,0.48463362075,-0.39550148106,0.573602882563,0.819114983095,0.00333533910839,0.0,0.819088732674,-0.573538418037,-0.0113171526172,0.0,-0.00735724580866,0.00922366763115,-0.999930395022,0.0,0.594991971634,0.173587366011,0.304334861955,1.0,-0.309605142857,-0.406909616326,1.352
0.391322278012,0.217737664405,-0.127767702616,-1.84685440717,0.0435331304868,2.05792643552,0.0713146149535,-0.420542846231,-1.25895671501,-0.0203445835922,-1.72592913674,-0.160276007377,0.492004586292,-0.426407854675,0.573457111368,0.819216385558,0.00349312970302,0.0,0.819191571033,-0.573391474231,-0.0113196346915,0.0,-0.00727043940624,0.00935304749635,-0.999929828145,0.0,0.589665564425,0.166715204845,0.304386619214,1.0,-0.323632571429,-0.425345665306,1.369
0.383667638821,0.19574661932,-0.128041466352,-1.87701802471,0.0406274821311,2.06623193514,0.0638089323259,-0.467859455934,-1.29776031345,-0.01768434575,-1.76050918228,-0.163733537947,0.501540050225,-0.446659486903,0.57338666345,0.819265614476,0.00351198176526,0.0,0.819241053127,-0.573320997765,-0.011308284329,0.0,-0.00725113522646,0.00936135929585,-0.999929890537,0.0,0.584085738741,0.159443403058,0.304422634629,1.0,-0.33766,-0.443781714286,1.386
0.375284873965,0.1730552876,-0.128498100889,-1.90775135212,0.0376836242413,2.07444849058,0.0557415843795,-0.504352696366,-1.34767712483,-0.0276851828333,-1.83156997133,-0.167595641171,0.503990426377,-0.480918545937,0.573511035513,0.819178121948,0.00361158804004,0.0,0.819154400258,-0.573444506437,-0.011323138966,0.0,-0.00720476110565,0.00945257537996,-0.999929367624,0.0,0.578286264304,0.151714881935,0.304469429295,1.0,-0.351687428571,-0.462217763265,1.403
