position_joint1,position_joint2,position_joint3,position_joint4,position_joint5,position_joint6,position_joint7,velocity_joint1,velocity_joint2,velocity_joint3,velocity_joint4,velocity_joint5,velocity_joint6,velocity_joint7,ee_T_00,ee_T_10,ee_T_20,ee_T_30,ee_T_01,ee_T_11,ee_T_21,ee_T_31,ee_T_02,ee_T_12,ee_T_22,ee_T_32,ee_T_03,ee_T_13,ee_T_23,ee_T_33,v_x,v_y,time
0.465070173824,0.54777426892,-0.12400982437,-1.35582669696,0.0795017016046,1.894110843,0.159160713045,0.000843218748075,-0.00195948240066,9.13573450125e-05,0.00055588979369,1.51815133088e-05,0.000266303136047,0.000634226204597,0.573824925273,0.81896389571,0.00195947969039,0.0,0.818920984496,-0.573766421288,-0.0118853630412,0.0,-0.00860956532941,0.0084249388023,-0.999927445263,0.0,0.661686476596,0.260877641884,0.303223882678,1.0,0.0,0.0,0.0
0.465067669151,0.547774296355,-0.124012408572,-1.35582971809,0.0795021107669,1.89411013095,0.159158594602,0.000159955641335,-0.000398501842035,-0.00177789773462,7.20779853248e-06,6.35627740297e-06,-9.53703589013e-05,-0.000361268314171,0.573827315605,0.818962229176,0.00195600360735,0.0,0.818919278001,-0.573768830814,-0.0118866229667,0.0,-0.00861256715793,0.00842284017627,-0.999927437092,0.0,0.661686864633,0.260874147197,0.303222449825,1.0,-0.0001,-0.000131428571429,0.006
0.465066008071,0.547778147136,-0.124012665164,-1.35583269405,0.0795015844996,1.89411084302,0.159153294374,-0.00110411530639,0.00293540861086,0.000741830100353,-2.30931002538e-05,0.000143888942055,0.000100550924055,-0.000451651793346,0.573824549464,0.818964180583,0.00195045020145,0.0,0.818921160422,-0.573766091137,-0.0118891789188,0.0,-0.00861787540381,0.00841972978478,-0.999927417553,0.0,0.661686743337,0.260872457462,0.303218374879,1.0,-0.00042,-0.000552,0.022
0.46506379069,0.547752049838,-0.124014777192,-1.35584758784,0.0794970584673,1.89411394864,0.159154354714,-0.00135169991942,-0.00314927332471,-0.00131610909741,-0.00505947682419,-0.000208225592197,0.000233381455097,0.000597599237323,0.57382829915,0.818961528937,0.00196064179205,0.0,0.818918683162,-0.573769839216,-0.0118789257053,0.0,-0.00860359167777,0.00842223208177,-0.999927519482,0.0,0.66168595845,0.26086782326,0.303230105021,1.0,-0.00076,-0.000998857142857,0.039
0.465060690408,0.547706670141,-0.124010266183,-1.35589411115,0.0795026590279,1.89412157052,0.159157242566,-0.00104892905119,-0.00743036352557,-6.06979148547e-05,-0.00213173142622,-0.000105414128433,0.00055580227838,0.00155534589805,0.57383404827,0.818957471842,0.00197262815119,0.0,0.81891467065,-0.573775429204,-0.0118855347819,0.0,-0.00860206756881,0.00843590108972,-0.999927417369,0.0,0.661677472549,0.260864883035,0.303240632253,1.0,-0.00108,-0.00141942857143,0.055
0.465065186111,0.547587814924,-0.124007730259,-1.3560484287,0.0794986402636,1.89414827779,0.159156338125,-0.000120158972912,-0.010283667456,-0.000522373246934,-0.00897658903468,-0.00222871398861,0.000590977508023,0.000853173109895,0.573835189386,0.818956677999,0.00197024963291,0.0,0.81891374465,-0.573776480776,-0.0118985642813,0.0,-0.00861409162408,0.00844144191646,-0.999927267097,0.0,0.661649031,0.260853729066,0.303253608062,1.0,-0.0014,-0.00184,0.071
0.465048112582,0.547446469677,-0.1240127046,-1.35625391813,0.079495273476,1.89421623707,0.159143713501,-0.00338625910279,-0.0113663846229,-0.000889119747552,-0.0152114032332,6.88844065702e-07,0.00613234242537,-0.000610667225439,0.573852856928,0.818944280514,0.00197760190743,0.0,0.818901375435,-0.573794049652,-0.0119026381797,0.0,-0.00861302708065,0.00844998653486,-0.999927204096,0.0,0.661624988997,0.260821087669,0.30326198908,1.0,-0.00174,-0.00228685714286,0.088
0.465030114065,0.547275541886,-0.124013259994,-1.35646871994,0.0794931231502,1.89433129773,0.159138541084,0.000291799759402,-0.0104718240448,-0.00076941272617,-0.0110630246069,0.00017995411284,0.00667413980493,-0.00232474844251,0.573875399658,0.818928322911,0.00204316007816,0.0,0.818886226482,-0.573816277088,-0.0118732947483,0.0,-0.0085511434821,0.00848707081783,-0.999927421153,0.0,0.661608146671,0.260793083572,0.303290834316,1.0,-0.00208,-0.00273371428571,0.105
0.465005307205,0.547079795257,-0.124006253824,-1.35668797319,0.0794853899721,1.8944546267,0.159128384503,-0.00154490107476,-0.0139970457065,0.000747940360187,-0.00793561289992,-0.003665082606,0.00830958464469,-0.000103785350265,0.573889412502,0.818918269169,0.00213483955137,0.0,0.818877343228,-0.573829898766,-0.0118275496523,0.0,-0.00846092462518,0.00853604160662,-0.999927771766,0.0,0.66159144776,0.260764454705,0.303335254849,1.0,-0.00242,-0.00318057142857,0.122
0.46497331756,0.546850313808,-0.124013021271,-1.35701728736,0.0794866758589,1.89458195245,0.15910622603,-0.00343201356167,-0.0157703197399,0.000368740765468,-0.0224207384602,-0.0010533531313,0.00807720850282,-0.000697114665036,0.573924482374,0.818893610246,0.00216576316526,0.0,0.818852938833,-0.573864692961,-0.0118290168096,0.0,-0.00844401384049,0.00856256873814,-0.999927687909,0.0,0.661558672606,0.260712110198,0.303352666296,1.0,-0.00276,-0.00362742857143,0.139
0.464938466321,0.546585603787,-0.12401267194,-1.35740120874,0.0794760414721,1.89472505296,0.159065039696,-0.00425702044674,-0.0169699718615,-0.00124010532626,-0.0266741925927,-0.000227947279659,0.00786839826498,0.00040004533795,0.573937692884,0.818884278113,0.002193318836,0.0,0.818843853158,-0.573877679754,-0.0118279215042,0.0,-0.00842716448701,0.00858464090754,-0.999927640802,0.0,0.661515716603,0.260655156369,0.303369798264,1.0,-0.0031,-0.00407428571429,0.156
0.464904773681,0.546313395597,-0.124015391322,-1.35780546944,0.079467648058,1.89487946642,0.158921102136,0.000362921808213,-0.0164461751716,-0.00143846828464,-0.0271316001615,0.000520911194378,0.0113327641455,-0.00348205473974,0.573869721933,0.818931837019,0.00222159103713,0.0,0.81889164775,-0.573809471706,-0.0118282004559,0.0,-0.00841188190343,0.00860725416794,-0.999927575087,0.0,0.661470797154,0.26059600805,0.303383631695,1.0,-0.00342,-0.00449485714286,0.172
0.464863214707,0.546030437675,-0.124011570945,-1.35829898243,0.079454108755,1.89504299504,0.158904598851,-0.00382692338457,-0.0185646165218,-0.000878393210418,-0.0271029658835,0.000666293516148,0.00819725922444,6.2375642291e-05,0.573911518167,0.818902630299,0.00219050345307,0.0,0.818861843316,-0.573851188222,-0.0118676972396,0.0,-0.00846162838828,0.00860489350614,-0.999927175675,0.0,0.661408287711,0.260524764959,0.303363144572,1.0,-0.00376,-0.00494171428571,0.189
0.464809994401,0.545692486509,-0.124013711915,-1.35887083317,0.0794188850631,1.89523865252,0.158837193681,-9.59734975475e-06,-0.0202944906833,-0.00155470784543,-0.0366658501762,-0.000207825796778,0.0162299986693,-0.00268777371754,0.573923965062,0.818893997186,0.00215652529952,0.0,0.818852755762,-0.573863757087,-0.0118869501586,0.0,-0.00849676400814,0.0085882476023,-0.999927020839,0.0,0.661341221641,0.260432453282,0.303347235924,1.0,-0.0041,-0.00538857142857,0.206
0.464763493041,0.545340302771,-0.124021827456,-1.35948189479,0.0793076576386,1.89543065948,0.15873727587,-0.000350492463248,-0.0230765855631,-0.00210297490811,-0.0470215078392,-0.0085988587938,0.00873781519494,-0.00764879210237,0.573890315596,0.818917835984,0.00205681159355,0.0,0.818875948452,-0.57383116699,-0.0118625350912,0.0,-0.0085343432817,0.00849223105348,-0.999927520872,0.0,0.66126860578,0.260324101738,0.303322454468,1.0,-0.00442,-0.00580914285714,0.222
0.464700794179,0.544921871953,-0.124011617527,-1.36018315695,0.0792920890847,1.89566091954,0.158687122923,-0.00185971018479,-0.0321110513421,0.00126418166795,-0.0435040678015,-5.346006014e-05,0.0125783992343,-0.00326472387651,0.573928311895,0.818891276909,0.00202886891915,0.0,0.818848687247,-0.573868936892,-0.0119171122907,0.0,-0.00859467992533,0.00850106846264,-0.999926928986,0.0,0.661179219833,0.260223908844,0.303304499857,1.0,-0.00476,-0.006256,0.239
0.464628524778,0.544470077548,-0.124013748405,-1.36095314379,0.0792715045533,1.89592876573,0.158554735617,-0.00445635012694,-0.025780815003,0.00053951999542,-0.0462263987262,-0.00106331464493,0.0115255483114,-0.00729570806205,0.573918017633,0.818898564262,0.00199934649069,0.0,0.818855327626,-0.573858507989,-0.0119629481474,0.0,-0.00864926559331,0.00850309072232,-0.999926441121,0.0,0.661087917177,0.260104264799,0.303281073512,1.0,-0.00512,-0.00672914285714,0.257
0.464567218272,0.544007963042,-0.124009121628,-1.36170003539,0.0792406200159,1.89619702305,0.158487643078,-0.00321965240417,-0.030765504123,0.00164838637814,-0.0471927438387,-0.00138379238284,0.0178926199189,-0.004695834826,0.573943434103,0.81888076513,0.00199345217927,0.0,0.818837281217,-0.573883778691,-0.0119859228021,0.0,-0.0086711987131,0.00851171853358,-0.999926177755,0.0,0.660998361114,0.259997030701,0.303275688158,1.0,-0.00544,-0.00714971428571,0.273
0.464489846437,0.543491805903,-0.124014916289,-1.36253439424,0.0791935941697,1.89647849836,0.158363240071,-0.00870529269307,-0.0290942168097,-0.000175669649152,-0.0467498170192,-0.00755917692532,0.0231444480039,-0.00492627282872,0.573942775308,0.81888130029,0.00196306092865,0.0,0.818837369388,-0.573883199526,-0.0120076099879,0.0,-0.00870640721898,0.00849927228536,-0.999925977682,0.0,0.660900091095,0.259861755799,0.303268321583,1.0,-0.00578,-0.00759657142857,0.29
0.464403378788,0.542947529616,-0.124023396562,-1.36339944811,0.0791409731848,1.8967894312,0.158271991631,-0.00557703179176,-0.0340648968894,-0.000654148577837,-0.0556979915627,-0.00432364670168,0.0224588603774,-0.0028000925804,0.573978874617,0.818856024332,0.00195187337953,0.0,0.818811975282,-0.573919369257,-0.0120105631808,0.0,-0.00871487186564,0.00849219033639,-0.999925964115,0.0,0.660804536231,0.259716743327,0.303268811839,1.0,-0.00612,-0.00804342857143,0.307
0.464325846286,0.542390164283,-0.124021169256,-1.364261762,0.0790961236463,1.89709824378,0.158144167346,-0.00514476831982,-0.0347352082601,0.000954452680823,-0.0519624648732,-0.00237570850341,0.0194845226301,-0.00850599248168,0.573972044446,0.818860792239,0.00196010943417,0.0,0.818816749765,-0.57391240633,-0.0120177812187,0.0,-0.00871612654009,0.00850300460104,-0.999925861277,0.0,0.660704195171,0.259585461593,0.3032792717,1.0,-0.00644,-0.008464,0.323
0.464238408097,0.541734119135,-0.124028990431,-1.36527734505,0.0790397099794,1.89746967846,0.15801252036,-0.00426019500046,-0.0373816931188,0.00050311108914,-0.0557030057172,-0.00425370407501,0.0163409353647,-0.0103474123422,0.573982651692,0.818853331028,0.00197096981391,0.0,0.818809410372,-0.573922946378,-0.0120144916114,0.0,-0.00870708931224,0.00851012223125,-0.999925879461,0.0,0.660588973061,0.259427299683,0.303292236594,1.0,-0.0068,-0.00893714285714,0.341
0.464142584967,0.541126685796,-0.124025115933,-1.36622762458,0.0789718089567,1.89782310998,0.1578905118,-0.00957738946203,-0.0371660022698,0.000464089716103,-0.0594965224152,-0.00380516901828,0.0192101398025,-0.00663668215133,0.573993099969,0.818845998293,0.00197463143348,0.0,0.818802196282,-0.573933447035,-0.0120045257405,0.0,-0.00869671827752,0.00850751129397,-0.999925991933,0.0,0.660483908299,0.259274423106,0.303299853155,1.0,-0.00712,-0.00935771428571,0.357
0.464065862796,0.540464214691,-0.124032885808,-1.36722858605,0.0789175103129,1.89819194339,0.157753922937,-0.00349130622376,-0.0403655162767,-0.000149782063192,-0.0623390262552,-0.00607292134361,0.0242002624155,-0.00278180006836,0.573990460252,0.8188477814,0.00200233310548,0.0,0.818804313914,-0.573930663793,-0.0119931470003,0.0,-0.0086715283986,0.00852363505759,-0.999926073388,0.0,0.660368457658,0.259125373938,0.303323905325,1.0,-0.00744,-0.00977828571429,0.373
0.463944098241,0.539687791095,-0.12404109535,-1.36842394973,0.0788504950845,1.89864619515,0.15761044249,-0.0066017395647,-0.0426498819254,-0.00218605168904,-0.0702450732938,-0.00391006783926,0.0225519252475,-0.000111188998409,0.574026771045,0.81882225304,0.002032474028,0.0,0.818779182086,-0.573966846513,-0.0119773531245,0.0,-0.00864091692677,0.00853963317636,-0.999926201887,0.0,0.660240399952,0.258928491516,0.303343267591,1.0,-0.0078,-0.0102514285714,0.391
0.463848638587,0.538930084097,-0.124049599153,-1.3695889685,0.0787861374214,1.89908549988,0.157474186885,-0.0045229183934,-0.0447017294562,-0.000172030860157,-0.0719772507422,-0.00199343865427,0.0275308930504,-0.00461552508537,0.574046577553,0.818808297897,0.0020603387683,0.0,0.818765581352,-0.573986525304,-0.0119640488206,0.0,-0.00861382160292,0.00855502045919,-0.999926304136,0.0,0.660108743629,0.258751590303,0.303362431057,1.0,-0.00814,-0.0106982857143,0.408
0.463743850612,0.538194030802,-0.124050914438,-1.37072483782,0.0787206111618,1.89951957832,0.157330418913,-0.00908208613823,-0.0441617610162,-0.00089666520225,-0.0734098300476,-0.000525755951448,0.0275459961108,-0.00955904029245,0.574060850135,0.81879821609,0.0020901127797,0.0,0.81875587634,-0.574000661375,-0.0119500042296,0.0,-0.00858508131698,0.00857148673543,-0.999926410289,0.0,0.659982820743,0.258575344569,0.303379354971,1.0,-0.00846,-0.0111188571429,0.424
0.463639339846,0.537389216774,-0.124051230395,-1.3719824089,0.0786452168836,1.89999478946,0.157174555926,-0.00851315268157,-0.0444351841764,0.00159368253538,-0.0729062127754,-0.00120233508078,0.02166713634,-0.00610748146736,0.574068247997,0.818792982193,0.00210851953242,0.0,0.818750879843,-0.574007979992,-0.0119407940595,0.0,-0.00856689627944,0.00858134816531,-0.999926481673,0.0,0.659838722316,0.258387526507,0.30339031084,1.0,-0.0088,-0.0115657142857,0.441
0.463537514935,0.536553152362,-0.124055356217,-1.37328763589,0.0785717537424,1.90047948799,0.157002242255,-0.00543165529283,-0.0458787763663,0.00534394064803,-0.073081761871,-0.0026670816289,0.0219308029233,-0.00868756466177,0.574065633304,0.818794777308,0.00212325530021,0.0,0.818752826359,-0.574005264407,-0.0119378667947,0.0,-0.00855606799456,0.00859170575691,-0.999926485444,0.0,0.659686076585,0.258194992002,0.303401452174,1.0,-0.00914,-0.0120125714286,0.458
0.463433376791,0.535745625673,-0.124058508287,-1.37457666077,0.078495485083,1.90094521722,0.15685386116,-0.0075220255268,-0.0483731582341,0.00197509190401,-0.0826921909909,-0.00631056617778,0.0242643351096,-0.0103247086589,0.574082000827,0.818783337716,0.0021092907238,0.0,0.818741173592,-0.574021655983,-0.0119488923866,0.0,-0.00857294049175,0.00858677253359,-0.999926383305,0.0,0.659532886339,0.258001321048,0.30339833134,1.0,-0.00946,-0.0124331428571,0.474
0.463322071148,0.534835223462,-0.124058864891,-1.37600568605,0.0784152594306,1.90146338682,0.156678285827,-0.00549477728729,-0.0526958131013,-2.84154863538e-05,-0.084916762803,-0.0013448677062,0.0363228891968,-0.0150409612757,0.574086493002,0.81878018116,0.0021119643929,0.0,0.818737965977,-0.574026050512,-0.0119575625955,0.0,-0.00857845785077,0.00859398606741,-0.999926274014,0.0,0.659361468543,0.257792210919,0.303405465256,1.0,-0.0098,-0.01288,0.491
0.463181835594,0.533888064391,-0.124069026913,-1.37757115752,0.0783321794,1.90202956647,0.15648757983,-0.014404901964,-0.0585360338821,-0.00125056720934,-0.0865022006456,-0.00373232921779,0.0316979267881,-0.0104696836702,0.574115842549,0.81875970945,0.00206988323431,0.0,0.818716845857,-0.574055471963,-0.0119911767574,0.0,-0.00862983075182,0.00857913799508,-0.999925959465,0.0,0.659178337732,0.257545425563,0.303377908372,1.0,-0.01016,-0.0133531428571,0.509
0.463062362874,0.533014364766,-0.124064729808,-1.37895288354,0.0782500210145,1.90256455447,0.156313324193,-0.00247926712012,-0.0561973812409,-0.000401331895303,-0.0860048947335,-0.00550086776705,0.0349923571076,-0.0087392337902,0.574121664024,0.818755568995,0.00209285421779,0.0,0.818712987497,-0.574061179253,-0.0119813805727,0.0,-0.00860856144936,0.00859238251074,-0.99992602908,0.0,0.659020736876,0.257339627063,0.3033826075,1.0,-0.01048,-0.0137737142857,0.525
0.462923604549,0.532059248438,-0.12406484424,-1.38050814599,0.0781658332644,1.90313504664,0.156109018851,-0.0123703152542,-0.0597136380065,0.000113919779923,-0.0912604218565,-0.00606801800305,0.0315360461874,-0.0124594754126,0.574130446848,0.818749464112,0.00207169474692,0.0,0.818706483535,-0.574069927031,-0.012006648032,0.0,-0.00864130536166,0.00858965749846,-0.999925770058,0.0,0.658837635975,0.257101131164,0.303365175263,1.0,-0.01082,-0.0142205714286,0.542
0.462790092164,0.531057588129,-0.124059554562,-1.38212193798,0.0780601673651,1.90371130706,0.155915049988,-0.0119262137011,-0.0559738232978,0.00132079904833,-0.0972654840937,-0.00332683319271,0.027819021631,-0.00975368344928,0.57413663854,0.818745208405,0.00203737612007,0.0,0.818701769833,-0.574076253075,-0.0120255822285,0.0,-0.00867644562719,0.00857249583957,-0.999925613036,0.0,0.658641424305,0.256859863775,0.303352763526,1.0,-0.01116,-0.0146674285714,0.559
0.462660568735,0.530077491909,-0.124067586801,-1.38367224289,0.0779728823651,1.90426689891,0.155703887021,-0.00383023944636,-0.0597123551528,-2.08227330563e-05,-0.0939092838414,-0.00325951668765,0.0344404606753,-0.00904002078952,0.574136227379,0.818745523124,0.00202674038208,0.0,0.818701875416,-0.57407581791,-0.0120391604274,0.0,-0.00869367343968,0.00857157932983,-0.999925471258,0.0,0.658455910714,0.256622318704,0.303353813795,1.0,-0.01148,-0.015088,0.575
0.462519230975,0.529031292385,-0.12407017144,-1.38531962789,0.0778514202425,1.90488734638,0.155493188937,-0.0042833404581,-0.0603893151653,0.000724160532448,-0.0956427362561,-0.00847295731839,0.038333950418,-0.00408069663219,0.574138004897,0.818744270232,0.00202933379992,0.0,0.818700859447,-0.574077784495,-0.0120144492627,0.0,-0.00867193300358,0.00855953405329,-0.999925763222,0.0,0.658265624738,0.256368417986,0.303360385972,1.0,-0.01182,-0.0155348571429,0.592
0.462369689151,0.527937679557,-0.12407194583,-1.38702756479,0.0777582431007,1.90555653589,0.155240520483,-0.0112762972553,-0.0581244501407,0.000974574545187,-0.0977521376077,-0.00933724651336,0.0365481600327,-0.013646808322,0.574119405487,0.818757189468,0.0020784223265,0.0,0.818714333737,-0.574058895656,-0.0119987896212,0.0,-0.0086311246177,0.00859053750862,-0.999925850427,0.0,0.658058378601,0.256096293255,0.303376707346,1.0,-0.01218,-0.016008,0.61
0.462230839777,0.526761232014,-0.124074425681,-1.38879581336,0.0776408506327,1.90622292383,0.155000550456,-0.013400214718,-0.0684726135144,0.000127646582288,-0.101017217336,-0.00688580742172,0.0345832201538,-0.0130374990686,0.574105417206,0.818766846637,0.00213721417747,0.0,0.818724892397,-0.574044799859,-0.0119526242186,0.0,-0.00855972055688,0.00861202256932,-0.999926279408,0.0,0.657864156226,0.255849881015,0.303419682006,1.0,-0.0125,-0.0164285714286,0.626
0.462074385116,0.525606468153,-0.124077612116,-1.39062807189,0.0775286692595,1.90688816278,0.154761583924,-0.00937542873667,-0.0670640206449,0.0010501031405,-0.108116039075,-0.00965078796072,0.0333214286085,-0.0135180226333,0.574108627626,0.818764627319,0.00212500289611,0.0,0.818722491127,-0.57404803729,-0.0119616181233,0.0,-0.00857406114038,0.00860722154541,-0.999926197883,0.0,0.657644271329,0.255569796563,0.30341779018,1.0,-0.01284,-0.0168754285714,0.643
0.461918784664,0.524415378535,-0.124075872811,-1.3925032964,0.077417427752,1.9075531317,0.15449815811,-0.00988371275114,-0.0742431126959,0.00106867825823,-0.113596680032,-0.00572427835846,0.0384611339878,-0.0107102780119,0.574089836281,0.818777838834,0.00211125869412,0.0,0.818735418541,-0.574029200108,-0.011980765899,0.0,-0.00859782700578,0.00860676391094,-0.999925997755,0.0,0.657413207705,0.255288700736,0.303420505396,1.0,-0.01318,-0.0173222857143,0.66
0.461771189451,0.52328948321,-0.124082187983,-1.39429490945,0.0772993238708,1.90821900073,0.154252147908,-0.00866680798869,-0.0676250796528,0.00118136960191,-0.114770517132,-0.00713929987765,0.04032174997,-0.0140127739745,0.574078041206,0.818786128317,0.00210370686747,0.0,0.81874369696,-0.574017525367,-0.0119743960495,0.0,-0.00859707029039,0.00859680008176,-0.999926089974,0.0,0.657199851998,0.25501622704,0.303417206301,1.0,-0.0135,-0.0177428571429,0.676
0.461614200885,0.522061265172,-0.124081914013,-1.39624003789,0.0771898573682,1.9089818655,0.153989841632,-0.00750321196296,-0.0732386505454,0.00150953718893,-0.114477542769,-0.00475284607512,0.0486367768609,-0.0137112994893,0.574066613034,0.818794033885,0.00214494177139,0.0,0.81875209164,-0.574005879467,-0.0119586652288,0.0,-0.00856063937355,0.00862141199501,-0.99992619063,0.0,0.656972250685,0.254732498547,0.303420681853,1.0,-0.01384,-0.0181897142857,0.693
0.461448355101,0.520819518786,-0.124093857007,-1.39826042752,0.0770577088845,1.90974391239,0.153714478866,-0.00876274628272,-0.0703368564516,-0.000913081651685,-0.117777686787,-0.00793184568862,0.0468287011678,-0.023562101415,0.574057784279,0.818800287711,0.00212039006593,0.0,0.818758146343,-0.573997274515,-0.0119571546352,0.0,-0.00857358860489,0.00860034991944,-0.999926261061,0.0,0.656732679444,0.254423442601,0.303397816335,1.0,-0.01418,-0.0186365714286,0.71
0.461289591261,0.519579826431,-0.12409676068,-1.40018492169,0.0769293024813,1.91043569068,0.153457054982,-0.00694639993485,-0.0799653366231,0.000880392950357,-0.126898067857,-0.0112909902309,0.0412054191152,-0.017595864042,0.574048459936,0.818806836279,0.00211598899906,0.0,0.818764642864,-0.573987974844,-0.0119587303621,0.0,-0.00857750307688,0.00859755325383,-0.99992625154,0.0,0.656479961979,0.25411471743,0.303409050432,1.0,-0.01452,-0.0190834285714,0.727
0.461108677537,0.518166229824,-0.124102501715,-1.40240716643,0.076792991015,1.91122841684,0.153158758321,-0.00993086664983,-0.0775307713729,-0.000827698712558,-0.124915354685,-0.00736692791234,0.0534294602933,-0.0187405387079,0.574035673912,0.818815827958,0.00210519901582,0.0,0.818773500866,-0.573975242032,-0.0119633906322,0.0,-0.0085876468299,0.00859125958042,-0.999926218569,0.0,0.656221478153,0.25379608307,0.303415738665,1.0,-0.01486,-0.0195302857143,0.744
0.460919337823,0.516728674109,-0.124108803792,-1.40466763119,0.0766380804616,1.91204589918,0.152852814444,-0.0100055957228,-0.0777418895752,-0.000170846634726,-0.124311629799,-0.0141342894682,0.0475024462044,-0.0146781674858,0.5740222916,0.818825249155,0.0020897351081,0.0,0.818782838169,-0.573962043032,-0.0119575908829,0.0,-0.00859191412291,0.00857512806123,-0.999926320381,0.0,0.655944968664,0.253449261223,0.303419422582,1.0,-0.01522,-0.0200034285714,0.762
0.46074994575,0.515527752759,-0.124108871603,-1.40659053566,0.0765218171036,1.91278416431,0.1525876784,-0.0124633196621,-0.0811630324525,0.000761478184736,-0.125491172002,-0.00902465033768,0.0515017980742,-0.0127865168201,0.574014330058,0.818830799527,0.0021017933524,0.0,0.818788539142,-0.573954026068,-0.0119520304174,0.0,-0.00858052306774,0.00858172626629,-0.999926361588,0.0,0.655717110221,0.253156964294,0.303410400525,1.0,-0.01552,-0.0203977142857,0.777
0.460557569466,0.51405812715,-0.124107619429,-1.40896623536,0.0763819290706,1.91362404733,0.152270602573,-0.0170863460584,-0.0799890302242,0.00120894315858,-0.136252347779,-0.00346962736437,0.0404785373039,-0.0192309233943,0.573998498191,0.818842032964,0.00204842059224,0.0,0.818798915984,-0.5739382589,-0.0119982105352,0.0,-0.00864913868113,0.00856436427916,-0.999925919288,0.0,0.655415107689,0.252803361963,0.30338264797,1.0,-0.01588,-0.0208708571429,0.795
0.460374590917,0.512726148919,-0.124115050202,-1.41111369191,0.0762535292829,1.91435567018,0.151964085344,-0.00700022613062,-0.0843703968397,0.00297935951071,-0.142656732975,-0.0105502927978,0.0453757768826,-0.0171800526639,0.573980334861,0.818854937364,0.00197829455536,0.0,0.818810773501,-0.57392026721,-0.0120495221832,0.0,-0.00873159550305,0.00853620202107,-0.999925443468,0.0,0.655140199554,0.252470741568,0.303357501103,1.0,-0.0162,-0.0212914285714,0.811
0.460188161047,0.511392491673,-0.124120987926,-1.41326900334,0.0761210779944,1.9151799647,0.151652369582,-0.00739114284727,-0.0831417164667,-0.00158447639596,-0.132711173785,-0.00865732391085,0.0568369003706,-0.0195447520656,0.573959261625,0.818869713556,0.00197613684469,0.0,0.8188255485,-0.573899232294,-0.0120473730631,0.0,-0.00873129361564,0.0085329769698,-0.999925473631,0.0,0.654881951982,0.252141416271,0.303337390961,1.0,-0.01652,-0.021712,0.827
0.459977445216,0.509918737932,-0.124119094658,-1.41560188901,0.0759767696504,1.91606059226,0.151326896701,-0.0204474512784,-0.090002516635,0.000132833145125,-0.143136045955,-0.00842552177536,0.0514507235475,-0.0243800217823,0.573946805909,0.818878404564,0.00199234185891,0.0,0.818834437224,-0.573886694867,-0.0120404639665,0.0,-0.00871646525763,0.00854214842288,-0.999925524694,0.0,0.654600420859,0.251783522212,0.303335005425,1.0,-0.01686,-0.0221588571429,0.844
0.459762561022,0.508329220121,-0.124123068832,-1.41811565238,0.0758142897711,1.91695639052,0.150972267773,-0.0103374586782,-0.0809449699414,-0.00205527030363,-0.138073380008,-0.00906475735658,0.0496510832918,-0.0190893790375,0.573921708577,0.818896064958,0.00196319144234,0.0,0.818851710789,-0.573861720282,-0.0120560621283,0.0,-0.00874622980942,0.008526962617,-0.999925394403,0.0,0.654284085597,0.251397796643,0.303328497588,1.0,-0.01722,-0.022632,0.862
0.459573166755,0.506960125336,-0.124125556122,-1.42023831473,0.0756864403846,1.91772137225,0.150690887083,-0.0137292946662,-0.0819398989219,0.000364226302616,-0.147147313065,-0.00749012200346,0.0430311674188,-0.0171244927004,0.573923495074,0.818894786216,0.00197428754362,0.0,0.818850501729,-0.573863385139,-0.0120589351387,0.0,-0.00874219609374,0.00853771692484,-0.999925337911,0.0,0.654019837166,0.25106988126,0.303342038825,1.0,-0.01752,-0.0230262857143,0.877
0.459337505632,0.50526159612,-0.124134192772,-1.42283126314,0.0755179065085,1.91871664134,0.150326919263,-0.0151195622491,-0.0894813644558,0.000169374229266,-0.144066225071,-0.0116348427763,0.0504055250446,-0.0217398199989,0.573913062425,0.818901907122,0.00205187507528,0.0,0.818858778444,-0.573852763086,-0.0120022566838,0.0,-0.00865136327226,0.00856861277944,-0.999925863646,0.0,0.653711847619,0.250665731386,0.303381629893,1.0,-0.01788,-0.0234994285714,0.895
0.459108602257,0.503593860746,-0.124143270936,-1.42530277668,0.0753624012756,1.9196659906,0.149983261493,-0.014646862161,-0.097816566378,-0.00123672993952,-0.139459497037,-0.00455469555341,0.0553753268289,-0.0233033370318,0.573910808094,0.818903177691,0.00217182454014,0.0,0.818861716532,-0.573850116167,-0.0119281295279,0.0,-0.0085218454816,0.00862427247133,-0.999926497336,0.0,0.653419605293,0.250278812071,0.303452810694,1.0,-0.01822,-0.0239462857143,0.912
0.458882622413,0.501997799845,-0.124146551734,-1.42766460544,0.0752059477307,1.92054244084,0.149657200073,-0.0181543936775,-0.104034584415,7.94528923995e-06,-0.153737481912,-0.0146521568423,0.0599461585404,-0.0249291241935,0.573909750169,0.818903678686,0.00226066288295,0.0,0.818863470277,-0.57384880025,-0.0118709055626,0.0,-0.00842401173976,0.00866416951132,-0.999926981431,0.0,0.653134241279,0.249904328252,0.303519002377,1.0,-0.01854,-0.0243668571429,0.928
0.458639689115,0.50019600191,-0.124150809677,-1.43038855366,0.07503841164,1.92150526245,0.149268960071,-0.0138896511923,-0.0956013552692,-0.00232651572418,-0.144393436138,-0.013340746201,0.0552670769168,-0.0242210250435,0.573887319915,0.818919295261,0.00229756205491,0.0,0.818879481634,-0.573826139483,-0.0118618340326,0.0,-0.00839564524449,0.00868894985601,-0.999927004982,0.0,0.652788265774,0.249482186834,0.303563357486,1.0,-0.0189,-0.02484,0.946
0.458404020261,0.49860110293,-0.124152947381,-1.43285407693,0.0748789880567,1.92242442211,0.148918740087,-0.0174425480174,-0.0919676390113,-0.000860194145851,-0.153364966972,-0.0060062455357,0.0644449703042,-0.0209275397403,0.573877380435,0.818926157814,0.00233391833609,0.0,0.81888686276,-0.57381610691,-0.0118375821212,0.0,-0.00835502657105,0.00870470327512,-0.999927208187,0.0,0.652486558627,0.24909235589,0.303581928041,1.0,-0.01922,-0.0252605714286,0.962
0.458161506519,0.4970264466,-0.124156052592,-1.43537177745,0.0747264604045,1.92332762966,0.148548020462,-0.0135655448718,-0.102949812178,-0.00159031707711,-0.155614956777,-0.0097514592039,0.0536284771663,-0.0230885747459,0.573861054429,0.818937691658,0.00230093313297,0.0,0.818897859224,-0.573799799204,-0.0118673288193,0.0,-0.00839848959672,0.0086945944442,-0.999926932031,0.0,0.652168976327,0.248691226049,0.303559737367,1.0,-0.01954,-0.0256811428571,0.978
0.457901295531,0.495356021725,-0.124151126082,-1.43807494667,0.0745631972825,1.92425435028,0.148149361855,-0.0208754373656,-0.0936913556851,-0.00103969896899,-0.155808783677,-0.00746156796087,0.0499998795379,-0.0275924422027,0.573836305452,0.818955269265,0.00221548843673,0.0,0.818914090534,-0.573775154652,-0.0119386401991,0.0,-0.00850618384888,0.00866528671584,-0.999926276104,0.0,0.651815684262,0.2482626116,0.303517243979,1.0,-0.01988,-0.026128,0.995
0.457606315685,0.493598823,-0.124170391733,-1.44093625874,0.0743835857299,1.92527861113,0.14775945985,-0.0209931081979,-0.115661407745,-0.00474671004237,-0.17987450283,-0.00915829872984,0.0682234894112,-0.0273873604978,0.573867789355,0.818933406816,0.00214066385707,0.0,0.818891241579,-0.573806930265,-0.011978653779,0.0,-0.00858155721331,0.00862730054958,-0.99992596054,0.0,0.651459411552,0.247783633913,0.303468493851,1.0,-0.0260205714286,-0.0341984653061,1.012
0.457307723891,0.49104860014,-0.124245976939,-1.4448116529,0.0741659093765,1.92675389915,0.147181024784,-0.0161087667338,-0.160050787567,-0.0025883270971,-0.252228342296,-0.0142762582393,0.0946299781648,-0.0409191675365,0.57382903056,0.818960236713,0.0022630226126,0.0,0.81891981672,-0.573767832312,-0.0118977009389,0.0,-0.00844545699955,0.00868064738815,-0.999926657619,0.0,0.650981484488,0.247183894083,0.303528600881,1.0,-0.035356,-0.0464678857143,1.029
0.456835456601,0.487814380013,-0.124253264066,-1.44998940445,0.0738839044097,1.92866756398,0.14641670307,-0.0313280349751,-0.212864796375,-0.000348967608201,-0.334012922537,-0.0204198407653,0.121726354714,-0.0471453482534,0.573777616128,0.818996281007,0.00225517818724,0.0,0.818955318831,-0.573716004406,-0.0119531982432,0.0,-0.00849595666202,0.00870553537298,-0.99992601345,0.0,0.65031950091,0.246385538024,0.30347888148,1.0,-0.0446914285714,-0.0587373061224,1.046
0.456221927248,0.483732155772,-0.124366335661,-1.45637089179,0.0735011877331,1.93103570554,0.145441403655,-0.0339904284693,-0.252904315542,-0.00835539121609,-0.391429315323,-0.0231669111126,0.140640378973,-0.065654313671,0.573775196484,0.818997864278,0.00229545398305,0.0,0.818957688922,-0.573713692894,-0.0119016487481,0.0,-0.0084306538408,0.00870891821158,-0.999926536711,0.0,0.649534520921,0.245317008792,0.30348470756,1.0,-0.0540268571429,-0.0710067265306,1.063
0.45550837745,0.479182828536,-0.124487663115,-1.4636015086,0.0730655403917,1.93353762859,0.144347286418,-0.0496363259503,-0.296866062414,-0.013546665698,-0.472708769883,-0.0314403487582,0.168628361932,-0.0738925576583,0.573786720567,0.818990236542,0.00213041099912,0.0,0.81894786362,-0.573725840048,-0.0119918319917,0.0,-0.0085990870384,0.00862561555829,-0.999925824478,0.0,0.648601101951,0.244086136203,0.303418166437,1.0,-0.0628131428571,-0.0825544163265,1.079
0.454608053128,0.47355205315,-0.124604599249,-1.4723394295,0.0725381766718,1.93669108986,0.143095581057,-0.0568103175632,-0.345437261227,-0.000963978355288,-0.539716929092,-0.0399715856329,0.189059776426,-0.082900829204,0.573863725678,0.818936207676,0.00215847388722,0.0,0.818894240828,-0.573802759328,-0.0119734133451,0.0,-0.00856708838834,0.00863883575088,-0.999925985018,0.0,0.647493033063,0.242603020572,0.303433343884,1.0,-0.0721485714286,-0.0948238367347,1.096
0.453556401148,0.467135542565,-0.12467171524,-1.4820596628,0.0719672845751,1.94030858578,0.141566876153,-0.0619433140397,-0.39673676271,-0.00127684490841,-0.589308893061,-0.0377513315889,0.225064399729,-0.104920530678,0.5738319753,0.81895767484,0.00243676929101,0.0,0.818919147169,-0.573769711201,-0.0118530928289,0.0,-0.00830919690823,0.00879737007769,-0.999926779083,0.0,0.646267878602,0.240971426468,0.30355398758,1.0,-0.081484,-0.107093257143,1.113
0.452342654445,0.460050054072,-0.124725576523,-1.49304857963,0.0712620563525,1.94416948415,0.139871782789,-0.0696378651563,-0.430084196614,-0.00526641448902,-0.671916032361,-0.0337190445763,0.227928709841,-0.102269071935,0.573786948254,0.818989323542,0.00240267307606,0.0,0.81895010934,-0.57372456635,-0.0118990453438,0.0,-0.00836687961666,0.00879535563118,-0.999926315808,0.0,0.64490735417,0.239221543774,0.30354162225,1.0,-0.0902702857143,-0.118640946939,1.129
0.450964239556,0.45221501079,-0.124865591352,-1.50516039931,0.0704503136863,1.94830213172,0.13797255876,-0.0822713727065,-0.481943759992,-0.00920196174225,-0.703495660645,-0.0425930639688,0.267420712495,-0.123212909121,0.573810818962,0.81897306634,0.00223775639108,0.0,0.818931815088,-0.573749210625,-0.0119696468268,0.0,-0.00851907142035,0.00870105027365,-0.999925855824,0.0,0.643196763868,0.236955843432,0.303525533238,1.0,-0.100154857143,-0.131632097959,1.147
0.449452621817,0.443534991518,-0.124948640424,-1.51812138943,0.0695960644201,1.95305032785,0.135987932787,-0.0944486802831,-0.514667936071,-0.00137662126498,-0.788834981524,-0.0548919279651,0.279065768351,-0.122317873606,0.573836199527,0.818954171176,0.00261314506979,0.0,0.818918115302,-0.573773468737,-0.0117419719087,0.0,-0.00811693983774,0.0088780913014,-0.999927644774,0.0,0.641501085685,0.234708587261,0.303718413758,1.0,-0.109490285714,-0.143901518367,1.164
0.447858997695,0.434871242912,-0.124994338027,-1.5313231134,0.0687098709159,1.95758776104,0.133836486014,-0.103803466895,-0.558784008167,-0.00328164574125,-0.813446476523,-0.0555524658165,0.297503000522,-0.134847886045,0.573751542562,0.819013506284,0.00260592265336,0.0,0.818977027761,-0.573688489894,-0.0117852222828,0.0,-0.00815742544808,0.00889615153189,-0.999927154796,0.0,0.639683230818,0.23239006268,0.303748854802,1.0,-0.118276571429,-0.155449208163,1.18
0.446014987312,0.425010187697,-0.125077844207,-1.54618627877,0.0676606851925,1.9628779247,0.131392840037,-0.112269616562,-0.584115862886,-0.00178780470956,-0.874300013307,-0.0627472031709,0.314658311471,-0.148592579047,0.573672104867,0.819068495993,0.00280390257238,0.0,0.819035039573,-0.573608864599,-0.0116284696479,0.0,-0.00791632218798,0.00896759576765,-0.999928454475,0.0,0.637659604992,0.229741471355,0.303850274456,1.0,-0.127612,-0.167718628571,1.197
0.443821534661,0.413830525715,-0.125192289687,-1.56297758109,0.0664509795624,1.96873049683,0.12862812139,-0.125710212614,-0.634543134434,-0.00894906174763,-0.950408288785,-0.0741455714603,0.347211971611,-0.154909865782,0.573655142672,0.819079861803,0.00295028404203,0.0,0.819048792674,-0.573591992038,-0.0114912484292,0.0,-0.00772013951121,0.00900861378354,-0.999929619685,0.0,0.635332400357,0.226666684084,0.303952569578,1.0,-0.137496571429,-0.180709779592,1.215
0.441829904585,0.404100041897,-0.125276739468,-1.57784328424,0.065457299291,1.97375121819,0.126145418429,-0.137631513535,-0.653196330811,-0.00736548604246,-1.02560244506,-0.0664747608648,0.338111225138,-0.171206093487,0.57364585316,0.819086692513,0.00285870612844,0.0,0.81905378442,-0.573582246889,-0.0116211523728,0.0,-0.00787917987451,0.0090080333732,-0.999928384365,0.0,0.633196714386,0.223932852145,0.303891611949,1.0,-0.145733714286,-0.191535738775,1.23
0.439173339303,0.391656622815,-0.12541462363,-1.59636043308,0.0641389657163,1.98010554569,0.122966836517,-0.154380161814,-0.6938494012,-0.0130116954455,-1.05587139051,-0.08361870656,0.354282437861,-0.178743014024,0.573682304919,0.819060434395,0.0030601851788,0.0,0.81903027511,-0.573618204572,-0.0115026404756,0.0,-0.00766612737342,0.00910542091714,-0.999929158391,0.0,0.630558829376,0.220409468339,0.304007272111,1.0,-0.155618285714,-0.204526889796,1.248
0.436458560553,0.379395782361,-0.125548963858,-1.61473789326,0.062725412591,1.98621794146,0.119693215981,-0.162361161659,-0.735223798598,-0.0126449375268,-1.08325830534,-0.0943440538737,0.379552029264,-0.197570962879,0.573620877833,0.819103750891,0.00298004896658,0.0,0.819072991742,-0.573557550692,-0.011485518915,0.0,-0.0076987502628,0.00902938490863,-0.999929597248,0.0,0.62785858512,0.216853616583,0.3040081839,1.0,-0.164953714286,-0.216796310204,1.265
0.433662474824,0.367371160235,-0.125674158692,-1.63278551327,0.0614115662718,1.99212136731,0.116525676367,-0.182481816977,-0.762731069246,-0.0113348515475,-1.13684374843,-0.0898831654102,0.371569781187,-0.200528327478,0.573698951344,0.819049501519,0.00285905409301,0.0,0.819016710562,-0.573635465877,-0.0116071964129,0.0,-0.00786696507282,0.00900082278241,-0.999928545472,0.0,0.625149031866,0.213307512747,0.30395322971,1.0,-0.17374,-0.228344,1.281
0.430409939651,0.354026162902,-0.125874494615,-1.65250144453,0.0598726594527,1.99862596459,0.112877325467,-0.199042477232,-0.765011344267,-0.00359970042731,-1.17268018905,-0.0907021275267,0.377160562565,-0.228710547251,0.573776081077,0.818995354597,0.00289220211219,0.0,0.818963538089,-0.573713103905,-0.0115214838155,0.0,-0.00777689720145,0.00897953279036,-0.999929441441,0.0,0.622195901657,0.209285485046,0.3039941815,1.0,-0.183075428571,-0.240613420408,1.298
0.426898360661,0.340050574321,-0.126050085805,-1.67291135371,0.0583826730247,2.00526580467,0.109033074668,-0.204606165374,-0.814596636165,-0.00531731734924,-1.20902554709,-0.0923396666494,0.39769575054,-0.236350096111,0.573896652744,0.818910239284,0.00306575721651,0.0,0.818880101498,-0.573832447057,-0.0115086479126,0.0,-0.00766546623427,0.00911543759568,-0.999929072197,0.0,0.619066162248,0.20508990146,0.304084285436,1.0,-0.192410857143,-0.252882840816,1.315
0.423208791441,0.325657179188,-0.12616774162,-1.69393165743,0.0566682298598,2.01202345933,0.104934479397,-0.220865492622,-0.865085751714,-0.0103869993914,-1.23705020771,-0.107600310873,0.410423725686,-0.248376328757,0.573819018703,0.818964503003,0.00310217625707,0.0,0.818935121879,-0.573755052307,-0.011452205312,0.0,-0.00759920663931,0.00911214974243,-0.999929607915,0.0,0.615754672877,0.200761000446,0.304115568979,1.0,-0.201746285714,-0.265152261224,1.332
0.419275068543,0.310835735624,-0.12625346385,-1.71557029826,0.0549004123307,2.0188078978,0.100602661162,-0.244128826861,-0.893608742416,-0.00339899205448,-1.26965420111,-0.105328543977,0.40896070937,-0.26113359643,0.573689431444,0.819055570362,0.00302585681392,0.0,0.819024933764,-0.573625398644,-0.0115241834471,0.0,-0.00770338663912,0.00908972943166,-0.999929014807,0.0,0.612244787961,0.196267340182,0.304078933236,1.0,-0.211081714286,-0.277421681633,1.349
0.415272560889,0.296396659458,-0.126377408302,-1.73653904232,0.0531011767771,2.02525203941,0.0962977572124,-0.257296797663,-0.888641208134,-0.00638718184985,-1.3172825396,-0.110099950314,0.397193786001,-0.267066049029,0.573593870826,0.819123043464,0.00287365929027,0.0,0.81909056623,-0.573530493049,-0.0115829511013,0.0,-0.00783988187083,0.0089978702099,-0.999928784756,0.0,0.60878343811,0.191789862079,0.304026715519,1.0,-0.219868,-0.288969371429,1.365
0.41095782035,0.281382386988,-0.12653911634,-1.75781442863,0.0513628181337,2.03179161043,0.0918450645612,-0.277340345379,-0.944230781437,-0.012152467659,-1.34516106071,-0.114565165186,0.411059149849,-0.284684707438,0.573655908738,0.819078819165,0.00308759881074,0.0,0.819048763638,-0.573591427571,-0.0115214539979,0.0,-0.00766610632231,0.00913842009457,-0.999928857515,0.0,0.605247118941,0.187128349294,0.304147797016,1.0,-0.228654285714,-0.300517061224,1.381
0.405738294896,0.264076979665,-0.126738196528,-1.78231789996,0.0492381163734,2.03910833416,0.0864769616221,-0.300128204787,-0.974320653592,-0.0139493302386,-1.38281057231,-0.115151697185,0.405422390975,-0.302026777937,0.573651565771,0.819081717559,0.00312537192444,0.0,0.819052067367,-0.573586867455,-0.0115136147873,0.0,-0.00763806613998,0.00916482193765,-0.99992883046,0.0,0.601075784081,0.181625694039,0.304201799751,1.0,-0.238538857143,-0.313508212245,1.399
