position_joint1,position_joint2,position_joint3,position_joint4,position_joint5,position_joint6,position_joint7,velocity_joint1,velocity_joint2,velocity_joint3,velocity_joint4,velocity_joint5,velocity_joint6,velocity_joint7,ee_T_00,ee_T_10,ee_T_20,ee_T_30,ee_T_01,ee_T_11,ee_T_21,ee_T_31,ee_T_02,ee_T_12,ee_T_22,ee_T_32,ee_T_03,ee_T_13,ee_T_23,ee_T_33,v_x,v_y,time
0.465060575218,0.547831431565,-0.12401208367,-1.35586405219,0.0794843747749,1.89410413877,0.159151295409,-0.000346736480974,-0.000553759334861,-0.00109441147156,0.000184510407001,-0.000123754700835,0.000311339739846,-0.000872955356902,0.573824149205,0.8189646647,0.00186297178279,0.0,0.818920616462,-0.57376616335,-0.0119231132294,0.0,-0.00869586567819,0.00836755740694,-0.9999271803,0.0,0.661679040952,0.260861511377,0.303165070415,1.0,0.0,0.0,0.0
0.465058449319,0.547826420257,-0.124007280431,-1.35586655729,0.0794850868516,1.89410496233,0.159158754945,-0.000232153585027,-0.00157351898095,0.000910501702544,0.000216761604532,4.90485930604e-05,0.00045166900927,0.000418138946041,0.573828965763,0.818961279595,0.00186747881001,0.0,0.81891725799,-0.573770929456,-0.0119244278293,0.0,-0.00869430701333,0.00837205390304,-0.999927156216,0.0,0.661678175662,0.260862825149,0.303167341913,1.0,-0.0002,-0.000262857142857,0.011
0.465059892037,0.547827150642,-0.124015113602,-1.35587180219,0.0794875685904,1.89410148775,0.15915561496,0.00024708156388,0.000168366651101,-0.0013148274582,-0.00026158154462,1.75918315553e-05,-0.000177531139088,0.00107179578603,0.573831605968,0.818959448549,0.00185917359024,0.0,0.81891532585,-0.573773611191,-0.0119280798797,0.0,-0.00870203651696,0.00836737607784,-0.999927128134,0.0,0.661677542599,0.260858778442,0.303164290629,1.0,-0.00054,-0.000709714285714,0.028
0.46505945791,0.547802027435,-0.124009823997,-1.35589047607,0.0794843747568,1.8941066903,0.159155614964,0.00148240647032,-0.000506961466831,-0.00129487391693,-0.00261418981523,-0.000264892619595,-9.08164713046e-05,0.000815353138657,0.573828431919,0.818961648644,0.0018696720751,0.0,0.818917652505,-0.57377038345,-0.0119236065198,0.0,-0.00869238134508,0.00837337311217,-0.999927161912,0.0,0.661674043811,0.260859504375,0.303173471084,1.0,-0.00088,-0.00115657142857,0.045
0.465058775575,0.547723258532,-0.124004850402,-1.35596449502,0.0794857857852,1.89412162,0.159156409202,0.000973562476581,-0.00656270130964,0.000905406214139,-0.00975023816639,-8.32465493519e-05,0.00288367207021,0.000284402824029,0.573830547481,0.81896011467,0.00189215703359,0.0,0.818916316097,-0.573772312231,-0.0119225772822,0.0,-0.00867861503215,0.00839121887362,-0.999927131889,0.0,0.661661095775,0.26085542737,0.303195176552,1.0,-0.0012,-0.00157714285714,0.061
0.46505237256,0.547592054883,-0.124005248794,-1.356144348,0.079481618559,1.89414935172,0.159150309002,-0.00069646279819,-0.00536810126509,0.000588473609319,-0.010581655408,-8.73312545605e-05,-0.000114409097578,0.0012775689242,0.573839746682,0.818953697546,0.00187970886399,0.0,0.818909625703,-0.573781455471,-0.0119420764396,0.0,-0.00870163310215,0.00839231137919,-0.999926922675,0.0,0.661630852002,0.260832538548,0.303204932949,1.0,-0.00154,-0.002024,0.078
0.465031814707,0.54743229404,-0.12401080616,-1.35637063722,0.079478859947,1.89425043319,0.159141279248,-0.00172147538997,-0.0114100851029,-0.000721561140156,-0.0160206356488,0.000209444979495,0.0115493227367,-0.000853701319984,0.573865114198,0.818935844584,0.00191312916482,0.0,0.818892160842,-0.573806633324,-0.0119299356854,0.0,-0.00867225271889,0.00841298235618,-0.999927004216,0.0,0.661610142393,0.260797382223,0.30321935597,1.0,-0.0019,-0.00249714285714,0.096
0.465009103974,0.547267037446,-0.124010277548,-1.35655916916,0.0794760010608,1.89435614664,0.159136743213,-0.00604798192858,-0.0105981765337,0.000185047204661,-0.0183006186955,-0.00303211074534,0.0023833397067,-0.00040478662327,0.573889604748,0.818918505,0.00198761969267,0.0,0.81887576243,-0.573830783182,-0.0118939009136,0.0,-0.00859974376156,0.00845356244272,-0.999927288201,0.0,0.661598329604,0.260769185801,0.303255836749,1.0,-0.0022,-0.00289142857143,0.111
0.464988595845,0.547059794965,-0.124004863067,-1.35681759192,0.0794710070294,1.89448489122,0.159120461608,0.00031986810797,-0.0184363189709,-0.000433511630837,-0.0160808374577,0.000109740173723,0.00456506298278,0.000318557328846,0.573902584149,0.818909229256,0.00206035152581,0.0,0.818867356532,-0.573843388632,-0.0118644271263,0.0,-0.00853373407308,0.00849634357566,-0.999927491136,0.0,0.661574602212,0.26073874578,0.303290619627,1.0,-0.00254,-0.00333828571429,0.128
0.464953433771,0.546839336318,-0.124010514602,-1.35716231891,0.0794614205467,1.8946119633,0.159100203965,0.000759704733183,-0.0139496648295,-0.00102270643325,-0.0251129837904,-0.000183173827103,0.0045468036988,-0.00185765996276,0.573935494156,0.818886147514,0.00206708936364,0.0,0.818844289211,-0.573876194394,-0.0118697276752,0.0,-0.00853386649387,0.0085052460918,-0.999927414321,0.0,0.661537685195,0.260681262905,0.303293888258,1.0,-0.00288,-0.00378514285714,0.145
0.464913652839,0.546580317526,-0.124009732848,-1.35753938672,0.0794534003926,1.89475517034,0.159013370189,-0.00621527798343,-0.0171472919468,0.00240607535573,-0.0232430121167,2.76976158209e-05,0.00576580500074,-0.00452431117709,0.573915388657,0.818900161337,0.00209745704743,0.0,0.818858561993,-0.573855832784,-0.0118695211557,0.0,-0.00851647879728,0.00852978573373,-0.999927353533,0.0,0.661497202934,0.260622470335,0.303310251288,1.0,-0.0032,-0.00420571428571,0.161
0.464871407131,0.546286697514,-0.124007835822,-1.35800155796,0.0794367301663,1.89491935864,0.158924460923,-0.00785653836111,-0.0170228295452,0.00067325242441,-0.0284018068873,-0.00187898397596,0.0141652027923,-0.00168689846149,0.573897243159,0.818912869646,0.00210074365563,0.0,0.818871186857,-0.573837549849,-0.0118824500549,0.0,-0.00852536982048,0.00853970819491,-0.999927193076,0.0,0.66144312324,0.260553064925,0.303312364368,1.0,-0.00354,-0.00465257142857,0.178
0.464829743681,0.545977859393,-0.124008154908,-1.35852525796,0.0794072204595,1.89509595729,0.158893349616,-0.00151442479864,-0.0179696748602,0.00126043469453,-0.0350672280284,-0.00195250615245,0.0122033289761,-0.00327387401429,0.573939861128,0.818883080906,0.00206942379794,0.0,0.818840960878,-0.573880260291,-0.0119027113521,0.0,-0.00855949227205,0.00852613362611,-0.999927017405,0.0,0.661376302962,0.260465740021,0.3032999528,1.0,-0.0039,-0.00512571428571,0.196
0.464778727289,0.545652950029,-0.124010923922,-1.35908574024,0.0793214621374,1.89528049237,0.158811938191,-0.00666521873258,-0.0154633170647,-0.000148784924992,-0.0351785265383,-0.00909245812965,0.010848708953,-0.00253847464727,0.573912974712,0.818902107842,0.00199552766798,0.0,0.818859456577,-0.573854106332,-0.01189125398,0.0,-0.00859279664048,0.00845876450393,-0.999927303932,0.0,0.661314178709,0.260375439443,0.303276305647,1.0,-0.0042,-0.00552,0.211
0.464711614683,0.545241179596,-0.124013948029,-1.35980383964,0.0792939412443,1.89551395267,0.158714233492,-0.00511301220565,-0.024194651686,-0.00111411062458,-0.0396905706754,-0.00527686344643,0.0167255146449,-0.00414517379038,0.57392268847,0.818895430716,0.00194116284532,0.0,0.818851888898,-0.573863865778,-0.0119412940611,0.0,-0.0086648747546,0.00844306700909,-0.999926814604,0.0,0.661226280902,0.260260855136,0.303246348063,1.0,-0.00456,-0.00599314285714,0.229
0.464642447205,0.544762672018,-0.124014110353,-1.36059260887,0.0792727214918,1.89578469257,0.158640861337,-0.00497261811898,-0.0332456341754,-0.000169171777725,-0.0376624286539,-0.000974426499022,0.0170903903317,-0.000849824315898,0.573957636488,0.818870982762,0.00192146000255,0.0,0.818826907084,-0.573898623403,-0.0119838721729,0.0,-0.00871068964093,0.00845174082153,-0.999926343269,0.0,0.661130766592,0.26014261895,0.303233105743,1.0,-0.00494,-0.00649257142857,0.248
0.464586213234,0.544400290645,-0.12401412318,-1.36121221579,0.0792493678852,1.89600930207,0.158553676234,-0.0028707105977,-0.0256551119197,0.000720189085358,-0.0470400296057,-0.00053197628176,0.0170522871588,-0.00330985172421,0.573960672316,0.818868903901,0.00190046289971,0.0,0.818824408921,-0.573901607942,-0.0120116051418,0.0,-0.008745419599,0.00845049707156,-0.999926050633,0.0,0.661058524738,0.260048102654,0.303214134795,1.0,-0.00522,-0.00686057142857,0.262
0.464503714079,0.543804959682,-0.124014462692,-1.3621762431,0.079205277113,1.8963425877,0.158433328051,-0.00557837653153,-0.0287999399272,0.000598327469067,-0.0488619593664,0.000272834819041,0.0173492462367,-0.00274910897036,0.573971775912,0.818861173135,0.00187789523819,0.0,0.818816211065,-0.573912641493,-0.0120432276893,0.0,-0.00878415285955,0.00845028654244,-0.999925712899,0.0,0.660942809478,0.259902236119,0.303205445001,1.0,-0.00562,-0.00738628571429,0.282
0.464434818022,0.543361618802,-0.124025811752,-1.36287801732,0.079165964808,1.89658795657,0.158357020001,-0.00500267196217,-0.0290237745275,-0.00363923447768,-0.0511953697689,4.60304933317e-06,0.0223541635717,-0.0102944562638,0.574002166112,0.818839898665,0.00186562450457,0.0,0.818794781311,-0.573943086159,-0.0120493505733,0.0,-0.0087958960649,0.00844407951224,-0.999925662104,0.0,0.660864530113,0.259782933631,0.303206707837,1.0,-0.0059,-0.00775428571429,0.296
0.464353560111,0.542795439559,-0.1240236957,-1.363765184,0.0791033302712,1.89690415445,0.158231136991,-0.00445741248702,-0.0379227220655,-0.000353634737475,-0.057371695121,-0.00502734814885,0.0221093791153,-0.00365840180443,0.573996714818,0.818843738942,0.00185727625171,0.0,0.818798559274,-0.573937716808,-0.0120483798417,0.0,-0.00879994893266,0.00843662799831,-0.999925689342,0.0,0.660762227261,0.259643911892,0.303212239934,1.0,-0.00624,-0.00820114285714,0.313
0.464289818519,0.542244783501,-0.124023730995,-1.36462819703,0.0790609126399,1.89722259755,0.158113132173,-0.00667758638373,-0.0349861397665,-0.00103056245984,-0.0544980549571,-4.11220323708e-05,0.0218045290577,-0.0137985294888,0.573988961006,0.81884915092,0.00186750713933,0.0,0.81880400405,-0.57392982253,-0.0120544043273,0.0,-0.00879909011698,0.00844837999616,-0.999925597676,0.0,0.660660214977,0.25952131072,0.303218521966,1.0,-0.00656,-0.00862171428571,0.329
0.464186298918,0.541580991406,-0.124026978181,-1.36564029821,0.078996096776,1.89759979615,0.157983212495,-0.004313677369,-0.035822337197,0.000690321628011,-0.0593850334805,-0.00459718791878,0.0182783330708,-0.00786533106079,0.574008505997,0.818835400388,0.00188918415293,0.0,0.81879058461,-0.573949316887,-0.0120377365083,0.0,-0.00877279774303,0.00845677216479,-0.999925757756,0.0,0.66055067939,0.259354732677,0.303238933625,1.0,-0.00692,-0.00909485714286,0.347
0.464102797075,0.540952335078,-0.124029866824,-1.36660145473,0.0789364013905,1.89796868801,0.157856816598,-0.00317641448624,-0.043155582079,0.000488025110727,-0.0659870864653,-0.00277059927581,0.0188341568512,-0.0115062574335,0.574012843659,0.818832292612,0.00191801741198,0.0,0.818787894068,-0.573953568943,-0.0120179917998,0.0,-0.00874003511187,0.00846909414191,-0.999925940373,0.0,0.660444585337,0.259207445057,0.303257932874,1.0,-0.00724,-0.00951542857143,0.363
0.464008948555,0.540242227131,-0.124032472305,-1.36769919681,0.0788793629779,1.89837175708,0.157722064176,-0.00595751285439,-0.0417286483975,0.000365439812577,-0.0624785442291,-0.00156020695925,0.0252826603056,-0.0140398402525,0.574026723201,0.818822521639,0.00193546102348,0.0,0.818778264839,-0.573967288442,-0.0120188072632,0.0,-0.00873054684486,0.00848399331168,-0.999925896959,0.0,0.660318190002,0.259041100593,0.303272367779,1.0,-0.00758,-0.00996228571429,0.38
0.463911796599,0.539497145664,-0.124039273721,-1.36885011477,0.0788081790398,1.89881402507,0.157600076221,-0.00378107043568,-0.0455751257962,1.965091133e-05,-0.068414180996,-0.0018904376242,0.0232761622196,-0.000929113999153,0.574055904679,0.818801998706,0.00196268169947,0.0,0.818758162182,-0.573996413404,-0.0119973397434,0.0,-0.00869704094992,0.00849426892237,-0.999926101707,0.0,0.660190632126,0.258864670747,0.303289607782,1.0,-0.00792,-0.0104091428571,0.397
0.463810958755,0.538791821896,-0.12404141753,-1.36994135227,0.0787459751962,1.89923159148,0.157441706157,-0.00809849308043,-0.0451886877182,0.000478388435986,-0.0687493969681,-0.000159421281936,0.0255412168807,-0.0142730938024,0.574054050442,0.818803231372,0.00199056953164,0.0,0.818759743259,-0.5739944262,-0.0119845071433,0.0,-0.00867054429407,0.00850971690526,-0.999926200467,0.0,0.660070068433,0.258694857599,0.303304761918,1.0,-0.00824,-0.0108297142857,0.413
0.463702697175,0.538002798189,-0.124051355275,-1.37116600932,0.0786828457531,1.899700333,0.157304541558,-0.00438902724575,-0.0487777933165,0.000134039186946,-0.0686214561062,-0.00473095117662,0.0223387075504,-0.0106403352509,0.574088166153,0.818779237329,0.00202111457429,0.0,0.818736110851,-0.574028373031,-0.0119730800282,0.0,-0.00864329863348,0.00852852724333,-0.999926276088,0.0,0.659934553927,0.258504215373,0.303320115926,1.0,-0.00858,-0.0112765714286,0.43
0.4635818894,0.537046605583,-0.124059944207,-1.37267094304,0.078592885275,1.90026377633,0.157120936448,-0.00304356234649,-0.0457244396409,-0.00404469428541,-0.0790207541717,-0.00138602662023,0.037018038487,-0.00507407450072,0.574101673681,0.818769742046,0.00203093287503,0.0,0.818726770279,-0.574041864152,-0.0119649793132,0.0,-0.00863088870363,0.00853205803123,-0.999926353161,0.0,0.659761494836,0.258277103892,0.303328097608,1.0,-0.00898,-0.0118022857143,0.45
0.463503460804,0.53645284832,-0.124063454182,-1.37359124919,0.0785370491322,1.90061435273,0.15699539078,-0.00335343666297,-0.0473544465569,-0.00111196848796,-0.072603331538,-0.000786959326085,0.0376285964784,-0.00725053727429,0.57410130009,0.818769956781,0.00204988015864,0.0,0.818727255514,-0.574041434973,-0.0119523601793,0.0,-0.00860968304271,0.00854032270216,-0.999926465419,0.0,0.659657733424,0.258136630425,0.303339705684,1.0,-0.00922,-0.0121177142857,0.462
0.46337597973,0.535467064053,-0.124066659236,-1.37514786213,0.0784446902008,1.9011779657,0.156817278194,-0.00861250091112,-0.0529682500909,-0.00156944640671,-0.0853309539499,-0.00608674165449,0.0337130769855,-0.00515518570321,0.574122796699,0.818754899822,0.00204333757082,0.0,0.818712078235,-0.574062921376,-0.0119600231784,0.0,-0.0086194891959,0.00853959151849,-0.999926387182,0.0,0.65947346394,0.257902154809,0.30334347698,1.0,-0.0096,-0.0126171428571,0.481
0.463255647198,0.534577266269,-0.124056678209,-1.37659649394,0.0783687743304,1.90170630108,0.156644243202,-0.00879608921704,-0.0496431541659,0.00120964952297,-0.0959590657046,-0.000359955569371,0.0351957364298,-0.0106652569361,0.574131744923,0.818748671024,0.00202486287834,0.0,0.818705419629,-0.574071759092,-0.0119915880488,0.0,-0.00865584683581,0.00854268205647,-0.999926046715,0.0,0.65929854799,0.257691887272,0.303327259714,1.0,-0.00994,-0.013064,0.498
0.463139627343,0.533712587034,-0.124059554546,-1.37799712385,0.0782895212417,1.90220917335,0.156468008762,-0.00766248393341,-0.0484601163723,0.00162313862078,-0.0885314037244,0.000833972972902,0.029919492501,-0.0100320519491,0.574139847114,0.818743054797,0.00199826881982,0.0,0.818699376873,-0.574079894554,-0.0120146526509,0.0,-0.00868991476818,0.00853423658426,-0.999925823343,0.0,0.659130709658,0.257480123552,0.303314198266,1.0,-0.01026,-0.0134845714286,0.514
0.463011575705,0.532777097132,-0.124064766329,-1.37951582643,0.0782060498899,1.90279819439,0.156274583215,-0.0044648916925,-0.0532465899557,-0.00114681956603,-0.0913037309063,-0.00544931796219,0.0323245417156,-0.0100860808297,0.574150866533,0.818735313619,0.0020038944193,0.0,0.818691673474,-0.574090853644,-0.012015924749,0.0,-0.00868761172347,0.00853968969794,-0.999925796798,0.0,0.658957944453,0.257251150889,0.303302255522,1.0,-0.0106,-0.0139314285714,0.531
0.462875318548,0.531780751961,-0.12406216577,-1.3810776314,0.0781085451012,1.90336032528,0.156076829013,-0.0111710451519,-0.0585365799647,-0.00026409472286,-0.0929304971758,-0.000724111676772,0.0338949658742,-0.00771985173874,0.574157574444,0.81873061886,0.00200008774544,0.0,0.818686900313,-0.574097548702,-0.0120212616485,0.0,-0.00869409690541,0.00853970848237,-0.999925740272,0.0,0.658772055928,0.257012953407,0.303309862256,1.0,-0.01094,-0.0143782857143,0.548
0.462764240216,0.530959972658,-0.124062333041,-1.38242064611,0.0780365273518,1.90383339995,0.155918100019,-0.00759687642419,-0.0602274231192,9.54858195474e-05,-0.0972477716128,-0.00278930481886,0.0332553658402,-0.0124147575603,0.574172390326,0.818720319147,0.00196267780525,0.0,0.818675969796,-0.574112384002,-0.0120571105858,0.0,-0.00874477215696,0.00852982138657,-0.99992538277,0.0,0.658607182576,0.256811494063,0.303290094441,1.0,-0.01122,-0.0147462857143,0.562
0.46260518628,0.529801991979,-0.124064221615,-1.38426307829,0.0779132064679,1.9045007065,0.155663229816,-0.0131135346873,-0.0591452606696,0.000370905908819,-0.0995655122763,-0.00475386940583,0.0357073263179,-0.0174614007811,0.574162138062,0.818727561109,0.00194082374383,0.0,0.818682992342,-0.574102292007,-0.0120608151898,0.0,-0.00876045911158,0.0085139467462,-0.999925380749,0.0,0.658388436667,0.256527508244,0.303286839654,1.0,-0.0116,-0.0152457142857,0.581
0.462470930995,0.528734764565,-0.124071256841,-1.38594451138,0.0778041532009,1.90513380587,0.155441195221,-0.0099603509585,-0.0673908990025,0.000151693875093,-0.101505015451,-0.00386766195764,0.0434035456863,-0.015322541673,0.574153650679,0.818733450094,0.00196723434125,0.0,0.818689296812,-0.574093760344,-0.0120389584902,0.0,-0.00872748909101,0.00852292975985,-0.999925592533,0.0,0.658181388602,0.256257785344,0.303306052022,1.0,-0.01196,-0.0157188571429,0.599
0.462326306928,0.527597553275,-0.124067742401,-1.38766848088,0.077701355543,1.9058004733,0.155202734128,-0.0110840444124,-0.0709271235514,0.000132520019794,-0.105153576122,-0.010781748388,0.0390591084918,-0.0167748462527,0.574143599317,0.818740372009,0.00201928373911,0.0,0.818696909242,-0.574083498904,-0.0120105780114,0.0,-0.0086744746454,0.00854914244294,-0.999925830076,0.0,0.657992783227,0.256020538218,0.303330913908,1.0,-0.01228,-0.0161394285714,0.615
0.462176890444,0.526443060505,-0.124074336903,-1.389459203,0.0775903083508,1.90647980136,0.154949079822,-0.00764653179327,-0.0654337315663,-4.2487922171e-05,-0.109118510849,-0.0061468652908,0.0353339525633,-0.0162343173174,0.574129790335,0.818749973346,0.00205229049624,0.0,0.818706995031,-0.574069605684,-0.0119871188666,0.0,-0.00863646193524,0.00856255148236,-0.999926044384,0.0,0.657784736569,0.25574912893,0.303350137206,1.0,-0.01262,-0.0165862857143,0.632
0.462023899469,0.525256139505,-0.12407451731,-1.39128654121,0.0774748846216,1.9071339423,0.154710377979,-0.00421612089201,-0.0688459738355,-0.000398739331014,-0.103482876663,-0.00861380268374,0.04016422424,-0.0112453896761,0.574126871809,0.818751994577,0.00206236384161,0.0,0.818709134186,-0.574066631965,-0.0119834287849,0.0,-0.00862768806482,0.00856864957003,-0.999926067889,0.0,0.657563039313,0.255472829322,0.303372030775,1.0,-0.01296,-0.0170331428571,0.649
0.461877284794,0.524152659301,-0.124085819398,-1.39306407006,0.0773479286259,1.9077712799,0.154460430832,-0.00945437574102,-0.0700710252299,-0.000734541435262,-0.112050882602,-0.0112856072825,0.0371376653552,-0.0212035020053,0.574111395075,0.818762958575,0.0020175758511,0.0,0.8187196782,-0.574051507654,-0.0119875764685,0.0,-0.00865695778962,0.0085341976112,-0.999926109547,0.0,0.657348448059,0.255196110021,0.30335756928,1.0,-0.01328,-0.0174537142857,0.665
0.461714005586,0.522944931265,-0.124087130188,-1.39498903004,0.077248435758,1.90849985091,0.154200761948,-0.00939667863499,-0.0791188814378,-2.82369249371e-05,-0.117871254993,-0.00326284962513,0.0430908534938,-0.0188057503043,0.574110053579,0.81876385669,0.00203476265735,0.0,0.818720638998,-0.574049934482,-0.0119972872097,0.0,-0.00865505641211,0.00855383007351,-0.999925958254,0.0,0.657120033102,0.254908719934,0.303353582275,1.0,-0.01362,-0.0179005714286,0.682
0.461541996586,0.521628591645,-0.124091889129,-1.39705748486,0.0771157054719,1.90930674029,0.153928953694,-0.0115727250547,-0.0755060832427,-0.000409297389121,-0.11749912346,-0.00204273535967,0.0414974680876,-0.0138397971828,0.57410679256,0.818766045273,0.002073823902,0.0,0.818723451995,-0.574046624456,-0.0119636535108,0.0,-0.00860512733678,0.00856646793932,-0.999926280988,0.0,0.656880461929,0.254597975586,0.303364115528,1.0,-0.01398,-0.0183737142857,0.7
0.461386154004,0.520432088362,-0.124096078479,-1.39898052562,0.0770005487102,1.91001450183,0.153659828807,-0.0109683665059,-0.0802051156121,0.000783228387248,-0.120132673009,-0.00484431463893,0.0398283167604,-0.0165197069759,0.574088569294,0.81877886584,0.00205678424352,0.0,0.81873601111,-0.574028435445,-0.011976907503,0.0,-0.0086259521765,0.00855993382545,-0.999926157515,0.0,0.656646325632,0.25431005099,0.303350742238,1.0,-0.0143,-0.0187942857143,0.716
0.461205233395,0.519033615402,-0.124104868365,-1.40116942152,0.0768466251606,1.91079133945,0.153369392404,-0.0145786536485,-0.0766357064774,-0.00140727518116,-0.127081234492,-0.0110207476225,0.0410082057625,-0.0194250148625,0.574079654775,0.818785176647,0.00203257894431,0.0,0.818742151895,-0.574019767514,-0.0119725567071,0.0,-0.00863637774231,0.00853752365374,-0.999926259116,0.0,0.656377311723,0.253972609637,0.303358338695,1.0,-0.01466,-0.0192674285714,0.734
0.461029662683,0.517668224678,-0.124105689189,-1.40328991031,0.0767086768516,1.91155727327,0.153088557578,-0.0141630305913,-0.078929392613,-0.000265701585855,-0.122677746766,-0.00880352860962,0.04127187014,-0.0127981093037,0.574069062455,0.818792591459,0.00203730343142,0.0,0.818749651013,-0.574009179213,-0.011967374234,0.0,-0.00862953263679,0.00853830516888,-0.999926311541,0.0,0.656116590495,0.253652881218,0.30337365208,1.0,-0.015,-0.0197142857143,0.751
0.460860759881,0.516408514288,-0.124108886874,-1.40529680967,0.0765806096412,1.91230620605,0.152793375361,-0.0104792787337,-0.0779997702865,2.24295423578e-05,-0.129703549874,-0.0147356227789,0.0420857484027,-0.0253512063282,0.574039548634,0.818813292053,0.00203378055055,0.0,0.818770342199,-0.573979719915,-0.0119647299993,0.0,-0.00862969731693,0.00853359170377,-0.999926350356,0.0,0.655874167822,0.25334870053,0.303367143216,1.0,-0.01532,-0.0201348571429,0.767
0.460679626517,0.515106563532,-0.124112195894,-1.4073605559,0.0764597146305,1.91307943887,0.152523741127,-0.0125698128279,-0.0711273718023,-0.000109933411334,-0.13193872366,-0.0137209753462,0.0491714583966,-0.00989269191729,0.57404579444,0.818808887819,0.00204401939803,0.0,0.818766019646,-0.573985870931,-0.0119654480152,0.0,-0.00862434297255,0.00854245320702,-0.999926320886,0.0,0.655626245836,0.25303308043,0.303364955512,1.0,-0.01564,-0.0205554285714,0.783
0.460496760455,0.513686359718,-0.124117445112,-1.40962779075,0.0763263846026,1.91386114057,0.152219528751,-0.0135085803008,-0.0870257471109,-0.000564688978842,-0.131109321761,-0.00601974131328,0.0422928991447,-0.0105103134022,0.574033112334,0.818817908823,0.0019912398883,0.0,0.818774201735,-0.573973264439,-0.012010211667,0.0,-0.00869142527958,0.00852479916179,-0.999925890717,0.0,0.655335514629,0.252691296907,0.30334919772,1.0,-0.01598,-0.0210022857143,0.8
0.460314300293,0.512376992423,-0.1241184472,-1.41177386239,0.0761967527749,1.91462176994,0.15190706522,-0.00986387737253,-0.0799238154267,-0.000453462803367,-0.134805172954,-0.00901880403438,0.0509068320224,-0.024136322319,0.574004788597,0.818837918878,0.00192670084234,0.0,0.818793258258,-0.573945113477,-0.0120562784264,0.0,-0.00876648618451,0.00849809482447,-0.999925462774,0.0,0.655064367438,0.25236439294,0.303311107478,1.0,-0.0163,-0.0214228571429,0.816
0.460103332962,0.510847167345,-0.124120719466,-1.41421117456,0.0760525168189,1.91554829355,0.151567252004,-0.00895348634811,-0.0820884735483,-0.000623095023673,-0.138220549085,-0.010295321263,0.0567996446764,-0.0235057042628,0.573989628029,0.818848508319,0.00194274037787,0.0,0.818804011563,-0.573929840951,-0.0120530168388,0.0,-0.00875476673951,0.00850919409511,-0.99992547106,0.0,0.654770172276,0.251995301511,0.303302743647,1.0,-0.01666,-0.021896,0.834
0.459912380486,0.509437566516,-0.124123779046,-1.41643770525,0.0759070093819,1.91637532163,0.151254603474,-0.00951147533498,-0.0897862423911,-0.000761428029313,-0.136244796407,-0.00726934381045,0.0523785357266,-0.0181202520148,0.57396880415,0.818863100362,0.0019446414245,0.0,0.818818688295,-0.573909069654,-0.0120450143016,0.0,-0.00874733881755,0.00850593496068,-0.999925563797,0.0,0.654497481091,0.25165546383,0.30330139832,1.0,-0.01698,-0.0223165714286,0.85
0.459711388636,0.50801737856,-0.12412236274,-1.41867813018,0.0757565129208,1.91717419138,0.150948009953,-0.0160467252486,-0.0898297483597,0.000896547040777,-0.143810262944,-0.00913951188954,0.0486363132797,-0.0167095699121,0.573956670538,0.818871663125,0.00192004632818,0.0,0.818826955049,-0.573897068576,-0.0120548441288,0.0,-0.00876963014375,0.00849130737246,-0.999925492867,0.0,0.654217025817,0.251307576278,0.303297797561,1.0,-0.0173,-0.0227371428571,0.866
0.459489401413,0.506380872122,-0.124125559057,-1.42124860282,0.0755940127611,1.91812356458,0.15058324432,-0.0133197188529,-0.0956778128645,-8.52756138696e-05,-0.141851329422,-0.00474165712286,0.059547941391,-0.0224069749383,0.573931124444,0.818889546499,0.00192923031928,0.0,0.81884496508,-0.573871492328,-0.0120490812032,0.0,-0.00875990501516,0.00849524681672,-0.999925544651,0.0,0.653899316766,0.250915246255,0.303301077396,1.0,-0.01766,-0.0232102857143,0.884
0.459261428544,0.504769878537,-0.124134417828,-1.42371829556,0.0754380462794,1.91908769905,0.150250866714,-0.0110083341367,-0.0974243716001,-0.000620790579993,-0.152109203312,-0.0096119097556,0.0632691286699,-0.0223867721753,0.573937448851,0.818884913704,0.00201241527763,0.0,0.818841537795,-0.573877577128,-0.0119920537212,0.0,-0.00866539870874,0.00853070218233,-0.99992606626,0.0,0.65360939825,0.250529385552,0.303335287234,1.0,-0.018,-0.0236571428571,0.901
0.459043255848,0.503199272765,-0.124137660715,-1.42605243033,0.0752924446773,1.91996583401,0.149929331681,-0.0178933946756,-0.0970685919943,-0.00066132026541,-0.144506388553,-0.0121526720277,0.0564378895964,-0.0238705078851,0.573935692315,0.818885902064,0.00210888303119,0.0,0.818843813592,-0.573875448556,-0.0119383997456,0.0,-0.00856611597365,0.0085788847169,-0.999926509497,0.0,0.653328490141,0.250164742114,0.30339750124,1.0,-0.01832,-0.0240777142857,0.917
0.458820469827,0.501493574359,-0.12414472717,-1.42858287337,0.0751238921509,1.92087508204,0.149571986251,-0.0111959850738,-0.105276115283,0.000757793121466,-0.153834243379,-0.0045850754333,0.05600890701,-0.0245183684031,0.573914092934,0.818900866834,0.00217511617992,0.0,0.818859718773,-0.573853660972,-0.0118946904605,0.0,-0.00849253745363,0.00860781123681,-0.999926888524,0.0,0.653012336386,0.249771932036,0.303462769356,1.0,-0.01866,-0.0245245714286,0.934
0.458575264152,0.499782495686,-0.124147479689,-1.43117032531,0.0749590227686,1.9217954376,0.149214347294,-0.012799048965,-0.10051728475,-0.002482064129,-0.151616807235,-0.0128846336855,0.0549304324872,-0.0265088062643,0.573911039463,0.81890290945,0.00221146526717,0.0,0.818862205943,-0.573850433287,-0.011879174857,0.0,-0.00845900341248,0.00862864104524,-0.999926993242,0.0,0.652688086483,0.249361775472,0.303504877673,1.0,-0.019,-0.0249714285714,0.951
0.458336270583,0.498203708084,-0.124150174309,-1.43364910272,0.0748119695618,1.92272564893,0.148849379568,-0.0153105097564,-0.0956182783174,-0.000451127746371,-0.157488100304,-0.00939046762691,0.0654519766539,-0.0218362609909,0.573896310571,0.818913157788,0.00223866369063,0.0,0.818872741653,-0.573835530052,-0.011872840012,0.0,-0.00843836260521,0.00864712623682,-0.999927007958,0.0,0.65238492182,0.248970402875,0.303506810797,1.0,-0.01932,-0.025392,0.967
0.458058473245,0.496405569951,-0.124147279956,-1.43648492353,0.0746356937696,1.9237323465,0.14842886502,-0.0134940021688,-0.106720922704,-0.0033290497046,-0.161727257221,-0.0137634324809,0.0581913974128,-0.0250594182871,0.573873079041,0.818929506335,0.00221352839479,0.0,0.818888639137,-0.573812275044,-0.0119002774193,0.0,-0.00847550172779,0.00864204848515,-0.999926737751,0.0,0.652025210346,0.248518267367,0.303497528655,1.0,-0.01968,-0.0258651428571,0.985
0.457790408846,0.494719566682,-0.124150675567,-1.43922396397,0.0744670829889,1.92467735256,0.148044403382,-0.015380894317,-0.106574741682,-0.0012028527042,-0.159221914704,-0.00975707826368,0.0611146637552,-0.020438802819,0.573872482831,0.818930166093,0.00212212475838,0.0,0.818887946574,-0.573811888129,-0.0119664070827,0.0,-0.00858211655762,0.00860513980445,-0.999926146695,0.0,0.651670852713,0.248076049716,0.303450440474,1.0,-0.0203965714286,-0.026806922449,1.002
0.457523432852,0.492892489338,-0.124201961506,-1.4420907612,0.0742915780288,1.92572937852,0.14764380482,-0.0196430107666,-0.12384662115,-0.00939735764999,-0.192053853881,-0.0035997106514,0.0711049741801,-0.0329902368292,0.573888936078,0.818918613701,0.0021307470065,0.0,0.818876617055,-0.573828414625,-0.011949205423,0.0,-0.00856290842563,0.00860250131246,-0.999926334072,0.0,0.651346161529,0.247633852774,0.303457404407,1.0,-0.0266451428571,-0.0350193306122,1.017
0.457194462631,0.490391594063,-0.124244672516,-1.44602620808,0.0740750278587,1.92720259361,0.147051837357,-0.0230206219692,-0.154509360216,-0.00112902444119,-0.249514725455,-0.0155915238087,0.091350341437,-0.0427289494867,0.573851036367,0.818945099985,0.0021582799394,0.0,0.818903395491,-0.573790339626,-0.0119424413876,0.0,-0.0085419681362,0.0086207711144,-0.999926355831,0.0,0.650825122578,0.24699148949,0.303446551073,1.0,-0.0341434285714,-0.0448742204082,1.035
0.456712499548,0.487292729418,-0.124266866547,-1.45098053104,0.0737861041315,1.92901769101,0.146319950827,-0.0317728099715,-0.195171506901,-0.00152146986387,-0.307283420246,-0.0234294788485,0.107360031017,-0.0471280158276,0.573830926512,0.818959270979,0.00212771179659,0.0,0.818916956917,-0.573770146,-0.0119826597444,0.0,-0.00859265821577,0.00861860594774,-0.999925940186,0.0,0.650199466588,0.246195195661,0.303400537931,1.0,-0.0412251428571,-0.0541816163265,1.052
0.456187830518,0.483786052714,-0.124366755131,-1.45642406936,0.0734470844113,1.93103580192,0.145499205626,-0.0353862573625,-0.22298999082,-0.0106400612768,-0.355373005694,-0.0209033395301,0.125855635352,-0.0491079640404,0.573837619677,0.818954459228,0.00217413334908,0.0,0.818913103357,-0.573777003704,-0.0119174691602,0.0,-0.00851256068597,0.00861928437142,-0.999926619431,0.0,0.649531327503,0.245279143659,0.303422162324,1.0,-0.0478902857143,-0.0629415183673,1.068
0.455504321367,0.479478800967,-0.124450992483,-1.4632038585,0.0730492909165,1.93338742953,0.144473169085,-0.0477733686142,-0.267837244988,-0.00296875098699,-0.422198432143,-0.0195167730987,0.14694566459,-0.0621602721574,0.573841789914,0.818951799755,0.00207285487326,0.0,0.81890887781,-0.573781344779,-0.0119985469669,0.0,-0.00863703246594,0.00858291217364,-0.999925864896,0.0,0.648654909576,0.24413561011,0.30338828342,1.0,-0.054972,-0.0722489142857,1.085
0.45460149038,0.473922582568,-0.124553275147,-1.47174819381,0.0725331298551,1.93647896098,0.143246713149,-0.0569205024538,-0.308714210898,-0.00201705183588,-0.468252160466,-0.0197295680682,0.169757998844,-0.0654558358926,0.573924595144,0.818893565215,0.00215286754496,0.0,0.818851705759,-0.573863826184,-0.0119557464971,0.0,-0.00855519578124,0.00862474228249,-0.9999262085,0.0,0.647577806533,0.242678991152,0.303438477121,1.0,-0.0628868571429,-0.0826512979592,1.104
0.453793771891,0.469057313261,-0.12460041989,-1.47918479334,0.0720982444991,1.93918081919,0.142117587056,-0.0523995666368,-0.344739982916,-0.001894220992,-0.49616678209,-0.0269157937747,0.198115405074,-0.0839386724249,0.573933857343,0.818886740458,0.0022760930773,0.0,0.818846194245,-0.573872288613,-0.011927004389,0.0,-0.00846084190162,0.00870924946968,-0.999926278847,0.0,0.646628075383,0.241426424619,0.303496179289,1.0,-0.0691354285714,-0.0908637061224,1.119
0.452718421795,0.462631790754,-0.1246482644,-1.48903093972,0.0714552537364,1.94274522397,0.140539811038,-0.0596017921847,-0.361480632274,-0.00194578005359,-0.571966074009,-0.0378502481745,0.201068921138,-0.0857371723677,0.573846219222,0.818947852582,0.00238292632707,0.0,0.818908775015,-0.57378432032,-0.0118624980038,0.0,-0.00834764222149,0.00875881754384,-0.999926797313,0.0,0.645354134705,0.239763428174,0.303551250222,1.0,-0.0766337142857,-0.100718595918,1.137
0.451555569021,0.456012635713,-0.124710618016,-1.49934477247,0.0707829777629,1.94622920453,0.139000994419,-0.0715137891726,-0.401026018461,-0.00735264305619,-0.624474263566,-0.0388253745493,0.209358122562,-0.0908541860729,0.573877772714,0.818926263663,0.00219626250611,0.0,0.818884402756,-0.573816257015,-0.0119993753718,0.0,-0.00856651744086,0.00868482713278,-0.99992559151,0.0,0.643959417718,0.237976388977,0.3035009077,1.0,-0.0837154285714,-0.110025991837,1.154
0.450389065302,0.449164688174,-0.124812198455,-1.50950323507,0.0700702581348,1.95001341669,0.137354128659,-0.0744291390412,-0.444368953527,-0.0053180409574,-0.652186943314,-0.0429700984873,0.252247192628,-0.104507661072,0.573826816702,0.818960952254,0.00254755157578,0.0,0.818924556111,-0.573764880956,-0.0117123729718,0.0,-0.00813043703164,0.00880729580954,-0.999928161187,0.0,0.642663045024,0.236201020569,0.303696796109,1.0,-0.0903805714286,-0.118785893878,1.17
0.449001268953,0.441525944947,-0.12483491572,-1.52117838966,0.0693270629993,1.95411232711,0.135569690215,-0.0855788035311,-0.456867808878,-0.00170759874937,-0.717390345313,-0.052488161168,0.242888454655,-0.114272987906,0.573838929658,0.818952261191,0.00261220218349,0.0,0.818916191997,-0.573776200761,-0.0117426073268,0.0,-0.00811797167418,0.00887771080805,-0.999927639775,0.0,0.641080708919,0.234182718832,0.303726300951,1.0,-0.0974622857143,-0.128093289796,1.187
0.447405608114,0.432824220285,-0.12488694559,-1.53435749748,0.0684384487683,1.95870142739,0.1334089886,-0.0924374599426,-0.510737837076,-0.000337237252423,-0.737409341237,-0.0469003425713,0.270096108472,-0.122228939091,0.573747864097,0.819015794353,0.00269517078478,0.0,0.81898064661,-0.573684677211,-0.011719151552,0.0,-0.00805214706459,0.00893130283928,-0.999927694765,0.0,0.639274770357,0.231866820681,0.303793671854,1.0,-0.104960571429,-0.137948179592,1.205
0.445956986123,0.425245821967,-0.124919627926,-1.54593437597,0.0676166384136,1.96275548811,0.131517311321,-0.0986419268785,-0.514638075591,-0.00355659694689,-0.783980430106,-0.0631567803223,0.278146724059,-0.129440577463,0.573678147255,0.819064576049,0.00271118500721,0.0,0.819029753546,-0.573615043037,-0.011695815914,0.0,-0.00802460649711,0.00893034712932,-0.999927924698,0.0,0.63767569556,0.229809767939,0.303795206523,1.0,-0.111209142857,-0.146160587755,1.22
0.44414916858,0.416129933134,-0.125037438416,-1.55975398182,0.0666158512892,1.96749328743,0.129265153197,-0.108014213333,-0.549792489787,-0.00675537618629,-0.823092993521,-0.0636207058662,0.291803614044,-0.130818816383,0.57370224693,0.81904777829,0.00268619557323,0.0,0.819013027283,-0.573639666887,-0.011659357435,0.0,-0.00800881666415,0.00888919987117,-0.999928417929,0.0,0.635752389819,0.22725606371,0.30381878521,1.0,-0.118290857143,-0.155467983673,1.237
0.442211645547,0.406561154836,-0.125108145038,-1.57427204318,0.065651543687,1.97249124329,0.126832024412,-0.117179652776,-0.575105455767,-0.00192967171099,-0.873473996794,-0.0566079647659,0.285884599576,-0.140570886511,0.573676711343,0.819065507661,0.00273348196295,0.0,0.819030834459,-0.573613372656,-0.0117020432728,0.0,-0.00801693255681,0.00895216807077,-0.999927791133,0.0,0.633691812837,0.22460365899,0.303816983727,1.0,-0.125372571429,-0.164775379592,1.254
0.440163311621,0.39706697152,-0.125218457871,-1.588459291,0.0646749412356,1.97731349522,0.124425366632,-0.124600092097,-0.602711887141,-0.00954233409543,-0.88839941306,-0.0603434063016,0.311925035648,-0.152831883446,0.573758700146,0.819007739666,0.00283253869089,0.0,0.818974151208,-0.573694779694,-0.0116784547793,0.0,-0.00793988505871,0.00902056467783,-0.999927791212,0.0,0.631677495464,0.221891302079,0.303884772292,1.0,-0.132037714286,-0.173535281633,1.27
0.437873966102,0.386663165433,-0.125351431421,-1.60426723209,0.0634505656832,1.98261983451,0.121724450667,-0.129145261135,-0.61392650858,-0.00449960455657,-0.954718876045,-0.0745746505982,0.313350685764,-0.16245357335,0.573784411717,0.818990287411,0.00266550139796,0.0,0.818955135368,-0.573721746864,-0.0116871866013,0.0,-0.00804259104015,0.00888902268809,-0.999928148421,0.0,0.629381290223,0.218843830908,0.303812222215,1.0,-0.139119428571,-0.182842677551,1.287
0.435405386714,0.375701140408,-0.125456690003,-1.62048489936,0.0622765081977,1.98802528102,0.118787992339,-0.149740064762,-0.647720831243,-0.00392693108334,-0.964326961222,-0.0662566356894,0.325514495333,-0.178056865811,0.573755578147,0.819010129565,0.00277328618351,0.0,0.818976192406,-0.573692337099,-0.011655278925,0.0,-0.00795493162748,0.00895870913999,-0.999928227721,0.0,0.626993505039,0.21568803578,0.303896261313,1.0,-0.146201142857,-0.192150073469,1.304
0.432866418423,0.365097064802,-0.125577776411,-1.63626248997,0.0610773919786,1.99325284788,0.116015450467,-0.161818676789,-0.681657188703,-0.0154167740125,-0.978459724666,-0.0779758228572,0.331757027265,-0.177252232744,0.573884104687,0.818920085806,0.00277026220504,0.0,0.818886280484,-0.573821050205,-0.0116365320579,0.0,-0.00793990793134,0.00894672274692,-0.999928454448,0.0,0.624651674026,0.212524266471,0.303906959033,1.0,-0.152866285714,-0.20090997551,1.32
0.430006438377,0.353404605366,-0.125709927687,-1.65360210671,0.0597557849337,1.9989282156,0.112772140109,-0.17724923537,-0.6930226464,-0.00791886920425,-1.04366072004,-0.0726996910416,0.335274712422,-0.201020182816,0.573896176579,0.818911686322,0.00275234720651,0.0,0.818877629403,-0.573833160173,-0.0116481436167,0.0,-0.0079595660826,0.00893883274187,-0.999928368723,0.0,0.622025839341,0.209018154173,0.303905018244,1.0,-0.159948,-0.210217371429,1.337
0.426962397957,0.341215836336,-0.125846965874,-1.67137357648,0.0584218787219,2.00472002602,0.109437820717,-0.184868107843,-0.736581569435,-0.00904321789073,-1.05082270353,-0.0770639813352,0.351881720562,-0.195917564519,0.573975278811,0.818855700685,0.00290992611545,0.0,0.81882346356,-0.573911467626,-0.0115978339765,0.0,-0.0078270631949,0.00903975981422,-0.999928507357,0.0,0.619299341505,0.205378525737,0.303997908709,1.0,-0.167029714286,-0.219524767347,1.354
0.423951295528,0.329539660034,-0.125909837854,-1.68860146872,0.0570439679465,2.01019911897,0.106087433964,-0.192507570019,-0.747769113224,-0.00310606642039,-1.08282546752,-0.0904898901457,0.347635513245,-0.216671850824,0.573881389119,0.818921787255,0.00282921959682,0.0,0.818888375613,-0.573817714062,-0.0116535923586,0.0,-0.00792007684664,0.00900476818056,-0.999928090681,0.0,0.616404898076,0.201631062835,0.30395792823,1.0,-0.174111428571,-0.228832163265,1.371
0.420368768529,0.315887148082,-0.125926836633,-1.70850109763,0.0553799267507,2.01648284117,0.102198598297,-0.201621517538,-0.78194784963,0.000924857738961,-1.12865872815,-0.0852559894006,0.346809126203,-0.222032146669,0.573773431507,0.818997613312,0.00277589382424,0.0,0.818963454183,-0.57370989117,-0.0116862478055,0.0,-0.00797860493035,0.00897878696902,-0.999927859022,0.0,0.613358192922,0.197767500006,0.303946977072,1.0,-0.181193142857,-0.238139559184,1.388
0.416760364131,0.302584175149,-0.126027546765,-1.7276096042,0.0537684024245,2.0225122302,0.0982205843455,-0.216790706088,-0.797540432476,-0.00575650111207,-1.13807864057,-0.111707255963,0.345554824055,-0.233069865872,0.573622171539,0.819103146119,0.00289607295083,0.0,0.819070895804,-0.573558643381,-0.0115800324197,0.0,-0.00782432395683,0.00901482597258,-0.999928753896,0.0,0.610257543672,0.193720551499,0.3040250345,1.0,-0.188274857143,-0.247446955102,1.405
