position_joint1,position_joint2,position_joint3,position_joint4,position_joint5,position_joint6,position_joint7,velocity_joint1,velocity_joint2,velocity_joint3,velocity_joint4,velocity_joint5,velocity_joint6,velocity_joint7,ee_T_00,ee_T_10,ee_T_20,ee_T_30,ee_T_01,ee_T_11,ee_T_21,ee_T_31,ee_T_02,ee_T_12,ee_T_22,ee_T_32,ee_T_03,ee_T_13,ee_T_23,ee_T_33,v_x,v_y,time
0.465073330721,0.54778319073,-0.123997729482,-1.35583198433,0.0794832921563,1.89411030107,0.159147765085,-3.67120348029e-05,-0.00585033826144,0.000738932285975,-0.0010152581991,-0.000316110737974,-0.000134534313661,0.000240132108129,0.573798708191,0.818982311461,0.001939818059,0.0,0.818939242384,-0.573740384238,-0.0118842618488,0.0,-0.00862021424626,0.00840792910694,-0.999927496689,0.0,0.661682349989,0.260882961675,0.303214564283,1.0,0.0,0.0,0.0
0.465076551521,0.547786675837,-0.1240002351,-1.35582944435,0.0794815366826,1.89411249629,0.159144611547,0.000634782109943,-0.00178905719375,-0.000322565418436,0.000206460494631,-0.000151803626531,-0.000421642367514,0.000328350477366,0.573794656133,0.818985152188,0.00193906943035,0.0,0.818942107292,-0.573736368849,-0.0118806929631,0.0,-0.00861776239919,0.00840522556548,-0.999927540552,0.0,0.661683111745,0.260883763256,0.303213574704,1.0,-0.0001,-0.000131428571429,0.006
0.465075835946,0.547783518235,-0.124003395186,-1.35583413105,0.0794807757971,1.89411555711,0.159143810909,0.000454657310034,-0.000225291023513,7.76670909165e-06,-0.00432083017149,-6.33416610463e-05,0.000238363948021,-0.000470092143231,0.573796864461,0.818983604497,0.00193927827898,0.0,0.818940584647,-0.573738597826,-0.011878008399,0.0,-0.00861542120581,0.00840387946368,-0.999927572041,0.0,0.661683686628,0.260881030945,0.303213950061,1.0,-0.00034,-0.000446857142857,0.018
0.4650754348,0.547778273584,-0.124000925733,-1.35583607291,0.0794818735558,1.89411325814,0.159149290911,0.00102566397857,-0.00302100112517,-3.39851030309e-05,-0.000884120119084,-8.87174153436e-06,-0.000563037136584,0.000996741528277,0.573800327079,0.818981173041,0.00194158439649,0.0,0.81893815611,-0.57374202409,-0.0118799479235,0.0,-0.00861565100244,0.00840691740898,-0.999927544524,0.0,0.66168239785,0.260882055114,0.303216461754,1.0,-0.0007,-0.00092,0.036
0.465069459592,0.547726232109,-0.12399814265,-1.3558810431,0.0794803020301,1.89412040455,0.159141071826,-0.000517211257771,-0.00295662065866,0.000705204779217,-0.00167826157047,-0.000252462786843,-8.4269417464e-05,-0.00100759651507,0.573798542046,0.818982389201,0.00195607390154,0.0,0.818939523977,-0.573740143653,-0.011876469672,0.0,-0.00860450704943,0.00841676926115,-0.999927557603,0.0,0.661675900314,0.260875291409,0.303232450311,1.0,-0.00104,-0.00136685714286,0.053
0.465068138427,0.547627017738,-0.124001163072,-1.35601475944,0.0794828225117,1.89415304473,0.159140947401,0.00145417273235,-0.00716552773821,-0.000563333935146,-0.0164755806914,0.000375834489141,0.00659493985776,-0.00141388422764,0.573810028906,0.818974319359,0.0019651610634,0.0,0.818931464268,-0.573751485913,-0.0118842814284,0.0,-0.00860557289768,0.00842881437795,-0.99992744697,0.0,0.661653143835,0.260860013239,0.303246893225,1.0,-0.00136,-0.00178742857143,0.069
0.46505639111,0.547480167842,-0.124005576021,-1.35623278429,0.0794768249536,1.89420772524,0.159139710188,0.00134171706281,-0.00892567046234,-0.00126710685151,-0.0134656515859,0.000412391782385,0.00427755280253,0.00181125303805,0.573831774295,0.818959119206,0.00195007197683,0.0,0.818915996357,-0.573773221149,-0.0119007774576,0.0,-0.00862751725135,0.00842615160938,-0.999927280313,0.0,0.661624482568,0.260829184426,0.303247168661,1.0,-0.00172,-0.00226057142857,0.087
0.46503464293,0.547320556825,-0.124001305888,-1.35643136442,0.0794746375218,1.89433105105,0.159134851918,-0.00441447105749,-0.0056251592905,0.00127684652957,-0.0105585249801,0.000229948118405,0.00873107156394,-0.00207511692249,0.573853455359,0.81894374068,0.00202688764152,0.0,0.818901575709,-0.573794543468,-0.0118649942861,0.0,-0.0085539104242,0.00846875250208,-0.999927552799,0.0,0.661612584655,0.260803827914,0.303276278248,1.0,-0.00204,-0.00268114285714,0.103
0.465016618795,0.547126061946,-0.123999182798,-1.35664675384,0.079473233303,1.89444214965,0.159119422362,-0.00332818092772,-0.0113945419699,-0.000894422340047,-0.0148696306241,3.9433659079e-05,0.0105780444881,-0.000130328882879,0.573865899426,0.818934808986,0.00211068917848,0.0,0.818893664015,-0.573806579906,-0.0118288966019,0.0,-0.00847613103226,0.00851679435733,-0.999927807102,0.0,0.661594784861,0.260777452022,0.303321100534,1.0,-0.00236,-0.00310171428571,0.119
0.464986093598,0.54691741383,-0.123998497205,-1.35694639035,0.0794647316215,1.89455981072,0.159113245072,-0.00348531652365,-0.014455234786,2.20027774152e-05,-0.0178302801186,6.17562633579e-05,0.00797847503183,0.00047224069947,0.573899896556,0.818910912339,0.00213852429772,0.0,0.81887005159,-0.57384038441,-0.0118236513538,0.0,-0.00845550830702,0.00853693015323,-0.999927809996,0.0,0.661563312299,0.260731442303,0.303336444034,1.0,-0.0027,-0.00354857142857,0.136
0.46494948873,0.546654495757,-0.123998100455,-1.35735260683,0.0794585041964,1.8947023531,0.159072343665,-0.000488914884051,-0.0139710363837,0.000871237764172,-0.024927815096,-0.00146949442728,0.00263521346503,-0.0061156023019,0.573917129178,0.818898810143,0.00214813466829,0.0,0.818857896875,-0.573857397587,-0.011839715403,0.0,-0.0084629688239,0.00855419720586,-0.999927599313,0.0,0.661515283503,0.260671358489,0.303341657371,1.0,-0.00306,-0.00402171428571,0.154
0.464915479751,0.546396021246,-0.124003362917,-1.35772284838,0.0794483641817,1.89484707716,0.158939905453,-0.000704293231777,-0.0165310592605,0.000366492972978,-0.0255019107073,-4.67508231075e-06,0.0136257406342,-0.00667722843719,0.573858246487,0.818939982815,0.00218274742412,0.0,0.818899439356,-0.573798304058,-0.0118305275739,0.0,-0.00843619770086,0.00857666157776,-0.999927633104,0.0,0.661476646841,0.26061344839,0.303361201188,1.0,-0.00336,-0.004416,0.169
0.464873082095,0.546130772477,-0.124003444965,-1.358177135,0.0794366350876,1.89499649295,0.158909575374,-0.00644560041857,-0.019015054246,0.0012921077713,-0.0309572908343,-0.00025661146252,0.00541259587153,-0.00549940859717,0.573890408298,0.818917512908,0.00215713177901,0.0,0.818876467732,-0.573830392517,-0.0118641527564,0.0,-0.00847809792225,0.00857531302246,-0.999927290288,0.0,0.661420881888,0.26054315154,0.303345757353,1.0,-0.00368,-0.00483657142857,0.185
0.464814058441,0.545783602954,-0.124001204807,-1.35876962288,0.0794058211963,1.89519922939,0.158858258297,-0.00585438116709,-0.019989379497,0.000605257087695,-0.0338714342324,-0.00757939333361,0.00668054669459,-0.0068437651997,0.573920045287,0.818896831092,0.00212333388383,0.0,0.818855262236,-0.573860077088,-0.0118919441321,0.0,-0.00851994285435,0.00856389312058,-0.999927032492,0.0,0.661351000908,0.260448404255,0.303327039364,1.0,-0.00404,-0.00530971428571,0.203
0.46475273513,0.545404360852,-0.124001451439,-1.35940104318,0.0792783338299,1.89540667894,0.15874158916,-0.00124774204079,-0.0144623216313,6.46298749184e-05,-0.0414212611098,-0.0069206182772,0.00876059905078,-0.00626933234831,0.57387615191,0.818927812738,0.00203634357288,0.0,0.818885873186,-0.57381730049,-0.0118481752263,0.0,-0.00853447536626,0.00846708120837,-0.999927733022,0.0,0.661280477782,0.260331166244,0.303312781265,1.0,-0.00438,-0.00575657142857,0.22
0.464685399782,0.545001917511,-0.124004505073,-1.3600982907,0.0792675873973,1.89563368037,0.158700713992,-0.000660306963,-0.0252231845645,-0.000167785146683,-0.0402273713818,-0.000169127017018,0.0143100515162,-0.0031039936565,0.573935887869,0.818886052126,0.00199427938819,0.0,0.81884325087,-0.573876890195,-0.0119076574213,0.0,-0.00860670942814,0.00846739717554,-0.999927111213,0.0,0.661194927851,0.260221052346,0.303285592997,1.0,-0.00472,-0.00620342857143,0.237
0.464621568014,0.544563485615,-0.124009685972,-1.36082220884,0.0792503897577,1.89588457513,0.158589044457,-0.00445514697202,-0.026891666839,-0.00132404603134,-0.0423882721611,-1.26233258757e-05,0.0137999035074,-0.0158253867357,0.573936083516,0.818885954356,0.00197805429933,0.0,0.818842693189,-0.57387690913,-0.0119450357557,0.0,-0.00864662879159,0.0084755655297,-0.999926697613,0.0,0.661108814761,0.26010991609,0.30327327768,1.0,-0.00506,-0.00665028571429,0.254
0.46455503099,0.544117016873,-0.12400796604,-1.36155488689,0.0792229597487,1.8961451539,0.158483276445,-0.00234527273941,-0.0349422275661,0.000313213155159,-0.0467531173053,-0.00248979015372,0.010509108473,-0.0025620326011,0.573936271768,0.818885852585,0.00196552437942,0.0,0.818842241445,-0.57387696731,-0.0119731749099,0.0,-0.00867686143065,0.00848145705179,-0.999926385771,0.0,0.661022431611,0.259999060661,0.303263032388,1.0,-0.00538,-0.00707085714286,0.27
0.46447177914,0.543608879453,-0.124008421228,-1.36238956755,0.0791869475777,1.89643616969,0.158405206814,-0.00815210213419,-0.0308128910666,0.000109717888449,-0.0521494282012,-0.00254714384172,0.0133041242669,-0.00650327931993,0.573977665764,0.818856894277,0.00194236987755,0.0,0.818812819662,-0.57391829702,-0.0120042327663,0.0,-0.0087151549426,0.00848076213968,-0.99992605864,0.0,0.660925484444,0.25986528041,0.3032505262,1.0,-0.00572,-0.00751771428571,0.287
0.464399215034,0.543032852334,-0.124021645073,-1.36330094375,0.0791251788331,1.89675304699,0.158268055001,-0.00180411248065,-0.0350948123856,-0.000602747814112,-0.051654183591,-0.000182266262003,0.0243440180118,-0.0110511361738,0.573968172361,0.818863600999,0.00192015035161,0.0,0.818819326444,-0.57390898724,-0.0120054949054,0.0,-0.00872903930746,0.00846319112939,-0.999926086403,0.0,0.660819282829,0.25972055124,0.303252099021,1.0,-0.00608,-0.00799085714286,0.305
0.464320362668,0.542495690939,-0.124022950096,-1.36415234933,0.0790722734234,1.89705520161,0.158170459715,-0.00109315877686,-0.0279789982224,-0.00181209676394,-0.0515741352509,-0.00627971937009,0.0216497299086,-0.00163083949242,0.573986895297,0.818850504362,0.00190851635094,0.0,0.818806073,-0.573927752936,-0.0120123323665,0.0,-0.00874112220979,0.00845778897752,-0.999926026558,0.0,0.660721206884,0.259585624015,0.303252998795,1.0,-0.0064,-0.00841142857143,0.321
0.464248751792,0.541873588666,-0.124028036961,-1.3651031639,0.0790197097324,1.89740844216,0.158030162817,-0.00496377764752,-0.0340690627286,-0.000950751385845,-0.0578037868908,-0.00539499403375,0.0135152232429,-0.0115064927038,0.573973002063,0.818860190239,0.00193097023601,0.0,0.818816025447,-0.573913739551,-0.0120034547943,0.0,-0.00872110883566,0.00847093144901,-0.999926090059,0.0,0.660611474682,0.259446137249,0.303271140383,1.0,-0.00674,-0.00885828571429,0.338
0.464157474928,0.541230788769,-0.124020488684,-1.36610618604,0.0789676448614,1.89778202892,0.157902369588,-0.00631107763749,-0.0406304229727,0.000574910910609,-0.0604212364493,-0.00197962853111,0.0188391203227,-0.00551674758271,0.573979589181,0.818855531769,0.0019483829172,0.0,0.818811471588,-0.573920132179,-0.012008446089,0.0,-0.00871513411991,0.00848812465925,-0.99992599635,0.0,0.660496312333,0.259296524536,0.303280335277,1.0,-0.00708,-0.00930514285714,0.355
0.46408116045,0.540569686743,-0.124024416584,-1.36710979029,0.0789064501596,1.89814685096,0.15778675681,-0.00729811566585,-0.0448807539406,0.000275045842275,-0.0706157637289,-0.00320326660587,0.0267382106211,-0.00349015368031,0.573989367718,0.818848634464,0.00196633780113,0.0,0.818804817942,-0.573929842129,-0.0119980552332,0.0,-0.00869621862928,0.00849696659534,-0.999926085938,0.0,0.660378833847,0.259148253798,0.303301691416,1.0,-0.0074,-0.00972571428571,0.371
0.463979570284,0.539848256585,-0.124025950181,-1.36821947113,0.0788405662628,1.89856407758,0.157645106865,-0.00880151238631,-0.042278816975,0.000168080120974,-0.0660123492711,0.00019498813947,0.0280544898854,-0.01333515714,0.574001494758,0.818840074409,0.0019908436228,0.0,0.818796575176,-0.573941861484,-0.011985617079,0.0,-0.00867184204586,0.0085100219033,-0.999926186617,0.0,0.660254960552,0.258975684887,0.303319559882,1.0,-0.00774,-0.0101725714286,0.388
0.463875347402,0.539076453963,-0.124027154883,-1.36938887634,0.0787661778607,1.89900153834,0.157501145345,-0.00719179283384,-0.0408405266079,8.18119030405e-05,-0.0671283761453,-0.00342738219529,0.0230498535628,-0.00553435949322,0.574018373729,0.818828183647,0.0020147427105,0.0,0.818785019648,-0.573958660955,-0.0119705478959,0.0,-0.00864560941731,0.00852111964358,-0.999926319264,0.0,0.660114580558,0.258784628702,0.303339680055,1.0,-0.0081,-0.0106457142857,0.406
0.463771883206,0.53835079552,-0.124030104664,-1.37051105497,0.0787111509679,1.89943765749,0.157354176574,-0.00822012659748,-0.0501642031558,0.000175873832089,-0.0717617370504,-0.00313830949661,0.0271068565289,-0.0155529678633,0.574028387007,0.818821048104,0.00206130860832,0.0,0.818778424971,-0.573968413234,-0.0119540082469,0.0,-0.00860523320809,0.00854985969926,-0.999926422223,0.0,0.660000366371,0.258622155775,0.303362574089,1.0,-0.0084,-0.01104,0.421
0.463657909969,0.537504288077,-0.124038957427,-1.37183630045,0.0786302389188,1.89994785024,0.157195322152,-0.00623477742577,-0.0475318173842,0.000678594803507,-0.0779553272065,-0.00794949221484,0.0240037075276,-0.00439711726155,0.574049409215,0.818806252948,0.00208394194813,0.0,0.81876399183,-0.573989406069,-0.0119345843691,0.0,-0.00857611682347,0.00855746249215,-0.999926607335,0.0,0.659853415861,0.258417133288,0.303374099112,1.0,-0.00876,-0.0115131428571,0.439
0.463541914728,0.536674262172,-0.124039685094,-1.37313567715,0.0785590239898,1.90041990115,0.157048305939,-0.00389766171924,-0.0464691658953,0.000206989767137,-0.0732737843745,-0.00645659810964,0.0289879212621,-0.0113997000837,0.574076936142,0.818786938966,0.00208970564617,0.0,0.818744666026,-0.57401681906,-0.0119419509354,0.0,-0.00857855242764,0.00856669889144,-0.999926507354,0.0,0.659702233887,0.258217345534,0.303382579785,1.0,-0.0091,-0.01196,0.456
0.46343382659,0.53586116239,-0.12405582899,-1.37441520058,0.0784811187299,1.90089164345,0.156888526099,-0.00675829930687,-0.0568137582621,-0.00174928379587,-0.0864810187991,-0.00243721897316,0.0244976778332,-0.0045885289688,0.574095424639,0.818773976605,0.00208938820815,0.0,0.818731767963,-0.574035374901,-0.0119342947777,0.0,-0.00857227229256,0.00856223737941,-0.999926599426,0.0,0.659556712512,0.258014872855,0.303388876649,1.0,-0.00942,-0.0123805714286,0.472
0.463302575611,0.534908113926,-0.124049274983,-1.37592211516,0.0784033547335,1.90144044995,0.156704769475,-0.00824895993518,-0.052495402685,7.18834552765e-05,-0.0890540938777,-0.00686577652862,0.0333527178108,-0.00790031015277,0.574109664229,0.818763981763,0.0020934441977,0.0,0.818721642518,-0.574049412735,-0.0119536903257,0.0,-0.0085856759764,0.00857684234203,-0.99992635926,0.0,0.659377889253,0.257790412272,0.303391495572,1.0,-0.00978,-0.0128537142857,0.49
0.463174646059,0.533957656063,-0.124057794578,-1.377491463,0.0783086682492,1.90199901039,0.156511325189,-0.00995393559713,-0.0587589149893,6.89707261125e-06,-0.0874091429791,-0.0135451900129,0.0318112516523,-0.0121469477266,0.574128470886,0.818750933603,0.00203826958205,0.0,0.81870785231,-0.574068424364,-0.0119851414957,0.0,-0.00864290598433,0.00854992288477,-0.999926096767,0.0,0.659200292557,0.257563261615,0.303360438077,1.0,-0.01012,-0.0133005714286,0.507
0.463051846999,0.533103010254,-0.124055658435,-1.37888178513,0.0782362916269,1.90252462527,0.156328215859,-0.00734762927042,-0.0506131960413,7.98866454571e-07,-0.085555143256,-7.62280879855e-05,0.0332154695468,-0.0156670681292,0.574128433734,0.818750966582,0.0020354851722,0.0,0.818707729442,-0.574068280748,-0.0120004038221,0.0,-0.00865700142953,0.00855640523152,-0.999925919384,0.0,0.65902837609,0.25734032681,0.303350174687,1.0,-0.01046,-0.0137474285714,0.524
0.46292255988,0.532140028868,-0.124055667617,-1.38043215215,0.0781483104796,1.90310478023,0.156136415435,-0.0126026936446,-0.0579795510764,0.00045811059582,-0.0849747318877,-0.00540930388435,0.0301763117736,-0.0156991820617,0.574138381463,0.818744002397,0.00203085494074,0.0,0.818700637685,-0.574078180456,-0.0120106402558,0.0,-0.00866793704987,0.00855859657133,-0.999925805894,0.0,0.658846321287,0.257108862899,0.303341460099,1.0,-0.0108,-0.0141942857143,0.541
0.462784726915,0.531147078468,-0.124055667943,-1.38203258041,0.0780536478479,1.90368458075,0.155931583925,-0.0103668250522,-0.0611915486994,-0.000480614913285,-0.0946093820881,-0.0128817732835,0.0274349140253,-0.0120015911443,0.574145269908,0.818739229112,0.00200764971623,0.0,0.818695497395,-0.574085103508,-0.0120301029457,0.0,-0.00869712286331,0.00855084511606,-0.999925618785,0.0,0.658655437772,0.256865156898,0.303329790914,1.0,-0.01114,-0.0146411428571,0.558
0.462662409571,0.530231343022,-0.124063489292,-1.38349533871,0.0779591613984,1.90419636145,0.155747846815,-0.013714716613,-0.0621695580336,-0.00105598570783,-0.0940802308066,-0.00426396895976,0.0345032336372,-0.015528151508,0.574147352757,0.818737833782,0.0019808475103,0.0,0.818693723291,-0.574087272715,-0.0120473088869,0.0,-0.00872657624973,0.00853880232713,-0.999925465083,0.0,0.658466419548,0.25662849952,0.303325685246,1.0,-0.01146,-0.0150617142857,0.574
0.462516399111,0.529121708948,-0.124061410775,-1.38523378428,0.0778505750607,1.90485054056,0.155508606822,-0.010119768861,-0.0631293718605,-3.82527354602e-05,-0.0986038284307,-0.0106487298606,0.0271680980866,-0.0160587033715,0.574141879826,0.818741644449,0.00199207833184,0.0,0.818697746954,-0.574081817256,-0.0120338327361,0.0,-0.00870915173264,0.00854020181597,-0.999925605047,0.0,0.658274746882,0.256378023095,0.303334111692,1.0,-0.0118,-0.0155085714286,0.591
0.462374773899,0.528039937801,-0.124056673947,-1.38693999797,0.0777318920294,1.90551034853,0.155267532232,-0.00514648891679,-0.0574581583116,0.000667551588877,-0.0986991629436,-0.00705203889512,0.0391541776129,-0.0109375100042,0.574117724738,0.818758531222,0.00201310581287,0.0,0.818715038596,-0.574057703757,-0.0120077156468,0.0,-0.00867594776483,0.0085421668529,-0.999925876911,0.0,0.658077278165,0.256124815242,0.303340693117,1.0,-0.01214,-0.0159554285714,0.608
0.462240915425,0.526942421948,-0.124067372333,-1.38859971188,0.0776411647978,1.90614807221,0.155044224962,-0.0110047248392,-0.0743944026232,-0.00387324879564,-0.100585326315,-0.00999445054843,0.0386930022784,-0.00757041344409,0.574117467474,0.818758544725,0.00207987561702,0.0,0.818715903311,-0.574057146339,-0.0119753623554,0.0,-0.00861112858413,0.00857825711017,-0.999926128256,0.0,0.657886217281,0.255876495012,0.303378821191,1.0,-0.01246,-0.016376,0.624
0.462094103643,0.525780701455,-0.124070227243,-1.3904238799,0.0775207768811,1.90680786537,0.15479814742,-0.00686622236245,-0.0651042239585,-0.00295914236037,-0.109706759893,-0.00545947823561,0.0271506026949,-0.0115430922332,0.574104009261,0.81876800238,0.00207164944245,0.0,0.818725305291,-0.574043775458,-0.0119735222854,0.0,-0.00861448531121,0.00857032397652,-0.999926167369,0.0,0.657665299019,0.255602312946,0.303385214943,1.0,-0.0128,-0.0168228571429,0.641
0.46193940486,0.524673358116,-0.1240684527,-1.39215848345,0.077417913078,1.90743456158,0.154551468757,-0.00956870563002,-0.0696533857668,-0.00232347280847,-0.10999811233,-0.00540242476415,0.040813673688,-0.011934404391,0.574092964236,0.818775742688,0.00207328304729,0.0,0.818732987229,-0.574032645736,-0.0119818260092,0.0,-0.00862046230708,0.00857631235387,-0.999926064515,0.0,0.657456819862,0.25533616839,0.303392698492,1.0,-0.01312,-0.0172434285714,0.657
0.461794445592,0.523538267148,-0.124074091459,-1.39396631661,0.0773041962079,1.90808901927,0.154307091061,-0.0110067637576,-0.0735554688437,0.00137751668987,-0.118243701878,-0.00748531874503,0.0439835009235,-0.0208881015792,0.574081865341,0.818783573675,0.00205384214417,0.0,0.818740574714,-0.574021639653,-0.0119906391446,0.0,-0.00863895486093,0.00856533729354,-0.99992599899,0.0,0.657236644368,0.25506395539,0.30338720774,1.0,-0.01344,-0.017664,0.673
0.461630371859,0.522253915843,-0.124073260214,-1.3960243964,0.0771763561858,1.90889131506,0.154039313228,-0.0117830631301,-0.0728220028699,0.00235047258729,-0.115100773818,-0.00422116736889,0.0489437458127,-0.0166031347748,0.574072419974,0.818790146418,0.0020735610927,0.0,0.818747448862,-0.574012156894,-0.0119752085801,0.0,-0.00861509937877,0.00857252487164,-0.999926143213,0.0,0.656994560435,0.254762947057,0.303379829768,1.0,-0.0138,-0.0181371428571,0.691
0.461458988844,0.520991772162,-0.124084022052,-1.39802528072,0.07705849812,1.90965875308,0.153765107982,-0.00958830913586,-0.0687522510267,-0.000470485071273,-0.119504413828,-0.00831946914003,0.0465424094989,-0.0211706714394,0.574071180172,0.818790959945,0.00209544984019,0.0,0.818748571473,-0.574010849907,-0.0119610953194,0.0,-0.00859099117802,0.00858233190586,-0.999926266507,0.0,0.656761651136,0.254456173119,0.303381054617,1.0,-0.01414,-0.018584,0.708
0.461299916179,0.519776495862,-0.124085142832,-1.39995099385,0.0769295938541,1.91036183146,0.153511036327,-0.00543577184242,-0.0816285684824,0.00142669800472,-0.120647166377,-0.0143497191035,0.0459715132364,-0.0209968883605,0.57406186786,0.818797523489,0.00208189797993,0.0,0.818755022237,-0.57400165868,-0.0119606143685,0.0,-0.00859847407796,0.00857086206765,-0.999926300568,0.0,0.656526994304,0.254165357257,0.303378869397,1.0,-0.01446,-0.0190045714286,0.724
0.461135086836,0.518430024504,-0.124093572837,-1.40203277776,0.0767950825202,1.91109564995,0.153235151748,-0.00970577443688,-0.0737513613956,-9.88088476487e-05,-0.123817398309,-0.0147706280442,0.049368447179,-0.0124036377672,0.574050875384,0.818805245624,0.00207583966058,0.0,0.818762691387,-0.573990718613,-0.0119606454725,0.0,-0.00860209217232,0.00856580398927,-0.999926312791,0.0,0.65626777949,0.253850948657,0.303397008337,1.0,-0.0148,-0.0194514285714,0.741
0.460950617524,0.517051663421,-0.124100014297,-1.40417762303,0.0766535480053,1.91185904579,0.152940055824,-0.0154767435492,-0.0849451164127,-0.00311838510827,-0.118443353191,-0.0032496932068,0.0400583093471,-0.0231549695735,0.574039976271,0.818812909556,0.00206680634495,0.0,0.818770287429,-0.573979907994,-0.0119594541518,0.0,-0.00860641583517,0.0085576091631,-0.999926345753,0.0,0.656004526819,0.253518672157,0.303409595604,1.0,-0.01514,-0.0198982857143,0.758
0.460782165258,0.515794300935,-0.124107173316,-1.40621066067,0.0765279028227,1.91263640359,0.152650123477,-0.00769843170506,-0.0791517517494,-0.00155061147764,-0.12975849301,-0.0122524287316,0.0448618920444,-0.0205690318732,0.574019312865,0.818827404956,0.00206306892532,0.0,0.818784777528,-0.57395930585,-0.0119561790975,0.0,-0.00860609518928,0.00855245180226,-0.999926392638,0.0,0.655761862358,0.253211660473,0.303391446536,1.0,-0.01546,-0.0203188571429,0.774
0.460596196253,0.514407214821,-0.124103623566,-1.40842519798,0.0763985202086,1.91344153067,0.152352648477,-0.0170848346123,-0.0815652315016,0.000671970003601,-0.132304369747,-0.0123688160618,0.0397776240397,-0.0187936477205,0.574007202749,0.818835933584,0.00204742882415,0.0,0.818792969146,-0.573947130421,-0.0119796518902,0.0,-0.00863441978047,0.00855299146902,-0.999926143839,0.0,0.655486506468,0.252880941242,0.303379534161,1.0,-0.0158,-0.0207657142857,0.791
0.460394931348,0.512907440709,-0.124108931818,-1.41082890866,0.0762543745223,1.91427541254,0.152028601493,-0.0124645398317,-0.0842860785809,-0.000872340245205,-0.132977955599,-0.0107900580644,0.0534088807474,-0.017495580066,0.57399536734,0.818844379938,0.00198660966026,0.0,0.818800507393,-0.573935440963,-0.0120243752655,0.0,-0.00870607403596,0.0085287369,-0.999925729703,0.0,0.655197252431,0.252534415799,0.303355284436,1.0,-0.01614,-0.0212125714286,0.808
0.460207501114,0.511572161994,-0.124115371718,-1.41299706876,0.0761220882945,1.91508777339,0.151711247793,-0.0172258777783,-0.0841909637627,-0.00270986782465,-0.136593216955,-0.00426415229135,0.0623863330802,-0.0182288852176,0.57397358469,0.818859693384,0.00196812864783,0.0,0.818815557633,-0.573913718793,-0.0120363141956,0.0,-0.00872668453605,0.0085202248023,-0.999925622607,0.0,0.65491743813,0.252181199862,0.303332823672,1.0,-0.01648,-0.0216594285714,0.825
0.460000796591,0.51003113266,-0.124115977574,-1.41545704153,0.0759759362261,1.91601066714,0.151363549716,-0.00658476104331,-0.081632912807,-0.00085596901748,-0.138344492938,-0.00349939089718,0.0496893801523,-0.0167340997156,0.573947646923,0.818877864429,0.00197196385669,0.0,0.818833709253,-0.573887699912,-0.0120420671864,0.0,-0.0087294645281,0.00852639076444,-0.999925545783,0.0,0.654615533568,0.251812833103,0.303320871018,1.0,-0.01684,-0.0221325714286,0.843
0.459794087851,0.508503355454,-0.124122729448,-1.41783087587,0.0758205663801,1.91685791774,0.151036031413,-0.00899706175743,-0.0858077445449,-0.000387293354633,-0.13988639332,-0.00239746418598,0.0512145994482,-0.0180593768335,0.573934670398,0.818886971159,0.0019671002141,0.0,0.818842787633,-0.573874780272,-0.0120404572355,0.0,-0.00873107245402,0.00852134574008,-0.999925574751,0.0,0.654319607512,0.25144447117,0.303333649384,1.0,-0.01718,-0.0225794285714,0.86
0.459592734075,0.507057617118,-0.124125546228,-1.42008066831,0.0756757592819,1.91767635678,0.150717129317,-0.0145589368013,-0.0974481461147,0.00492447456941,-0.141158797358,-0.014194781682,0.0450319438419,-0.0191311840758,0.57391773072,0.818898823542,0.00197536532652,0.0,0.818854762438,-0.573857821361,-0.0120343590318,0.0,-0.00872151152668,0.00852443345315,-0.99992563187,0.0,0.654041701758,0.251095355713,0.303344962641,1.0,-0.0175,-0.023,0.876
0.45937014145,0.505464368067,-0.124131833161,-1.42254240191,0.075521434103,1.91861581597,0.150395731208,-0.0137807709001,-0.0986298335393,0.000924328721999,-0.14360252662,-0.00624563394455,0.06585326944,-0.0222236317998,0.573926932591,0.818892238391,0.00203097280571,0.0,0.818848966939,-0.573866848163,-0.0119982008456,0.0,-0.00865989231417,0.00854931519258,-0.999925954996,0.0,0.653746768679,0.250713803368,0.303368605858,1.0,-0.01784,-0.0234468571429,0.893
0.459145615305,0.503811515698,-0.124137660679,-1.42502901204,0.0753632565194,1.9195583363,0.15004294537,-0.0157188271423,-0.0954555751991,0.000155349109595,-0.146552473941,-0.0172352087072,0.0496889861841,-0.0251772804588,0.573911322277,0.818902954732,0.002119385531,0.0,0.81886091339,-0.573850948485,-0.0119432134032,0.0,-0.00856428623678,0.0085899927522,-0.999926429807,0.0,0.653447574097,0.250328779433,0.303421628125,1.0,-0.01818,-0.0238937142857,0.91
0.45892664637,0.502220990813,-0.124144752121,-1.42737270186,0.0752077217998,1.92043246874,0.149712835311,-0.00974783858211,-0.105166261549,-0.00105538842217,-0.145567460649,-0.00911780342782,0.0576062485831,-0.0199119778489,0.573903314273,0.818908311119,0.00221602074185,0.0,0.818867650126,-0.573842673799,-0.0118787291083,0.0,-0.00845610553086,0.00863203589556,-0.999926988452,0.0,0.653165146401,0.24995869763,0.303492578921,1.0,-0.0185,-0.0243142857143,0.926
0.458690713597,0.500500070111,-0.124149727054,-1.4299559917,0.0750419120404,1.92134378411,0.149348785663,-0.0161140181278,-0.102733609797,0.000436988133719,-0.154028713262,-0.0141210485725,0.0547321218325,-0.0245759485638,0.573888687697,0.818918451912,0.00225613654378,0.0,0.818878296991,-0.57382787384,-0.0118597142898,0.0,-0.00841766689645,0.00865382373389,-0.999927124454,0.0,0.65283913209,0.24955311021,0.303543077475,1.0,-0.01884,-0.0247611428571,0.943
0.458438390605,0.498812006607,-0.124150438804,-1.43257054042,0.0748814867693,1.92230756161,0.148980158522,-0.0144611032655,-0.098027396911,-0.00123788642548,-0.149508602059,-0.00787290985007,0.0627234133869,-0.0147077192498,0.57388372488,0.818921840946,0.00228815229862,0.0,0.818882051165,-0.573822733042,-0.0118492288847,0.0,-0.00839076007457,0.00867397345784,-0.999927176013,0.0,0.652516870687,0.249139643013,0.303559636875,1.0,-0.01918,-0.025208,0.96
0.458200630711,0.49724484318,-0.124148021202,-1.43506449433,0.0747277167632,1.92322235842,0.148613748999,-0.0136776048116,-0.0961719113711,-0.00071077597536,-0.158189982353,-0.0152365550265,0.0554935804962,-0.0194707431429,0.573861638709,0.818937346746,0.00227785527796,0.0,0.818897346388,-0.57380061092,-0.0118634686,0.0,-0.00840856463936,0.00867348616566,-0.999927030677,0.0,0.652204928644,0.248748108253,0.30354442117,1.0,-0.0195,-0.0256285714286,0.976
0.45793418845,0.495564713931,-0.12414809981,-1.43776223553,0.0745633144514,1.92414587502,0.148207000725,-0.017507654625,-0.0977845792399,0.00077292309058,-0.157447409333,-0.00530101441623,0.0529845195045,-0.0274253222,0.573838370294,0.818953861281,0.00220108440901,0.0,0.818912666216,-0.573777452007,-0.0119259205582,0.0,-0.00850400981518,0.00864621318574,-0.999926459703,0.0,0.651855448838,0.248312857107,0.303511204299,1.0,-0.01984,-0.0260754285714,0.993
0.45764818494,0.493853756047,-0.124167981107,-1.44056600315,0.0743843526463,1.92514272494,0.147820192363,-0.0157268679045,-0.110438304735,-0.00133185074579,-0.181010447579,-0.0121025078926,0.0674984344571,-0.0198771602718,0.573862731948,0.818937028027,0.00211090233394,0.0,0.818894665464,-0.573802188262,-0.0119717384433,0.0,-0.008593024965,0.00859890674542,-0.999926106632,0.0,0.651504483565,0.247843830248,0.303455393345,1.0,-0.0249222857143,-0.0327550040816,1.01
0.457368251869,0.491557242631,-0.124249536824,-1.44403354069,0.0741965045777,1.92645945646,0.147323512092,-0.0233567473267,-0.150508458556,-0.0026862611685,-0.236725006917,-0.0124188692395,0.0933362107845,-0.0343380288688,0.573867714946,0.818933217847,0.00223099758588,0.0,0.818892557477,-0.573806820643,-0.0118936451067,0.0,-0.00846010231077,0.00865249284591,-0.999926777837,0.0,0.651082842188,0.2472917741,0.303519721032,1.0,-0.0337085714286,-0.0443026938775,1.026
0.456936086964,0.48849098089,-0.124257764057,-1.44897239603,0.073926864162,1.92828842921,0.146582214257,-0.0294349825132,-0.192823028408,0.00103704573756,-0.309352508965,-0.0220507095872,0.115219455604,-0.0539033883451,0.573794741193,0.818984407832,0.00220943628077,0.0,0.818943056954,-0.573733525331,-0.0119523336657,0.0,-0.00852131130469,0.00866775558542,-0.999926125905,0.0,0.650448184205,0.246541236278,0.303460086124,1.0,-0.043044,-0.0565721142857,1.043
0.456333832044,0.484518488422,-0.1243393429,-1.45514832966,0.073551187948,1.93062393689,0.145649611545,-0.0403586485859,-0.250218717132,-0.00838898461111,-0.381709934289,-0.0232836186216,0.145896407155,-0.0605552469506,0.57378756767,0.818989168667,0.00230557907382,0.0,0.818949322535,-0.573726226662,-0.0118731150354,0.0,-0.00840134318195,0.00870096573796,-0.999926852639,0.0,0.649695164026,0.245520143813,0.303484381254,1.0,-0.0523794285714,-0.0688415346939,1.06
0.455652399126,0.48010723673,-0.12446311277,-1.46216212609,0.0731345127874,1.93304659955,0.1445914884,-0.0461442141655,-0.291303075322,-0.00575317745078,-0.464085770825,-0.0341124134293,0.154926346772,-0.0680934431348,0.573799257569,0.818981422015,0.00214226716436,0.0,0.81893937884,-0.573738502206,-0.0119654407478,0.0,-0.00857053753383,0.0086203139262,-0.999926115308,0.0,0.648788914902,0.244330015832,0.303419396912,1.0,-0.0611657142857,-0.0803892244898,1.076
0.454833241811,0.474933918342,-0.124580606383,-1.47019106903,0.0726517921918,1.93590531955,0.143428359003,-0.0503943005759,-0.346111933737,-0.00752152047576,-0.529119447602,-0.0284352829969,0.197459933942,-0.0798506956725,0.573870603617,0.818931418876,0.00214671455447,0.0,0.818889467673,-0.573809855141,-0.0119597984209,0.0,-0.00856261357964,0.00862146466762,-0.999926173273,0.0,0.647698966625,0.242869147682,0.303436972942,1.0,-0.0705011428571,-0.092658644898,1.093
0.453684533802,0.467931943974,-0.12466355704,-1.48086916473,0.0720276471075,1.93985447471,0.141782708611,-0.0620860946983,-0.394053714973,-0.00266154690403,-0.58579882166,-0.0382233710519,0.227884619049,-0.0879844995508,0.573857315639,0.818940088776,0.00237890380355,0.0,0.818900894665,-0.573795363655,-0.0118723319534,0.0,-0.00835788552602,0.00876127967998,-0.999926690177,0.0,0.646416997808,0.241168319755,0.303531526441,1.0,-0.0803857142857,-0.105649795918,1.111
0.452645265864,0.461783046316,-0.124705910039,-1.49036019127,0.0714255778604,1.94323885605,0.140276608321,-0.0742817390062,-0.418947046246,-0.00482160354083,-0.670592370868,-0.0452666345807,0.220011123177,-0.0988904287853,0.573788159847,0.818988484853,0.00239920815076,0.0,0.818949348069,-0.573725920157,-0.0118861574512,0.0,-0.00835829910086,0.00878513550358,-0.999926477412,0.0,0.64508547335,0.239449854326,0.303541743161,1.0,-0.089172,-0.117197485714,1.127
0.451220804716,0.453678621316,-0.124832535095,-1.50302642017,0.0705853367104,1.94752215553,0.138356766377,-0.0803370770874,-0.471764649473,-0.00703021904819,-0.731602913176,-0.0475429285632,0.251765153333,-0.113214378133,0.573830288664,0.818959665487,0.00214779388298,0.0,0.81891714624,-0.573768955222,-0.0120266586776,0.0,-0.00861717682264,0.00866029299549,-0.99992536901,0.0,0.643466728486,0.237341521935,0.303468084792,1.0,-0.0985074285714,-0.129466906122,1.144
0.449741272164,0.445100465456,-0.124948122959,-1.51573600261,0.0697228446168,1.95223969901,0.136372405528,-0.0952042129304,-0.509829530038,-0.00587710971745,-0.762867469664,-0.0422280540743,0.273131947187,-0.117573647727,0.573841476304,0.818950509368,0.00260195684298,0.0,0.818914681725,-0.573779193528,-0.0117016251667,0.0,-0.0080902589543,0.00884582883036,-0.99992814693,0.0,0.641831248459,0.235119481887,0.303711934248,1.0,-0.107842857143,-0.141736326531,1.161
0.448180692105,0.436587472107,-0.124980388176,-1.52884612539,0.0688639426983,1.95670148877,0.134270320376,-0.10029113693,-0.544428976956,-0.00385520388779,-0.828812608836,-0.0581669610869,0.282472318604,-0.135934964059,0.573766733851,0.819003211998,0.00249414597868,0.0,0.818965332805,-0.573704154459,-0.0118352744308,0.0,-0.00826238494039,0.00883347591765,-0.999926848674,0.0,0.640011415796,0.232837062897,0.303679847918,1.0,-0.116629142857,-0.153284016327,1.177
0.446246994129,0.42620403494,-0.125068288361,-1.54440193501,0.0677722917868,1.96226400094,0.131723101343,-0.107135870012,-0.574714162735,-0.00283302629338,-0.892659393667,-0.0641320123113,0.310190873275,-0.143595208971,0.573700015128,0.819049030201,0.00277950885668,0.0,0.819015358386,-0.573636968088,-0.0116283477799,0.0,-0.00792991061398,0.0089478160128,-0.999928523999,0.0,0.637906986893,0.230064498482,0.303834416761,1.0,-0.126513714286,-0.166275167347,1.195
0.444196733768,0.415764452624,-0.125168876149,-1.56010741156,0.0666456712196,1.9676889794,0.129121420438,-0.125285284675,-0.6492212333,-0.0102135616911,-0.927960795323,-0.0698644124645,0.341016075834,-0.15744483524,0.573669383535,0.81907018659,0.00286613601153,0.0,0.81903796037,-0.573606420729,-0.011542983743,0.0,-0.00781063020809,0.00896950325174,-0.999929268532,0.0,0.635724621816,0.227189188563,0.303918119697,1.0,-0.135849142857,-0.178544587755,1.212
0.442115961941,0.405457130482,-0.125267754513,-1.57579848281,0.0655876944435,1.97308510472,0.126497392815,-0.133210935888,-0.653797760082,-0.00336017686587,-1.01243273988,-0.0731815929945,0.345689799613,-0.156523396794,0.573646918501,0.819085906768,0.00287004000546,0.0,0.81905333341,-0.573583489386,-0.011591576023,0.0,-0.00784844010345,0.00900036098449,-0.999928695203,0.0,0.633495434459,0.224314733285,0.303891091555,1.0,-0.144635428571,-0.190092277551,1.228
0.439631676286,0.393768578771,-0.125386675152,-1.59320051747,0.0643902742484,1.97904003336,0.123547749336,-0.151657740622,-0.700706928596,-0.00941011264234,-1.05016096344,-0.0807638674358,0.3629997558,-0.180448800082,0.573710809732,0.819040449276,0.00306531358662,0.0,0.819010164163,-0.573646461361,-0.0115254183032,0.0,-0.00768152538642,0.0091229556962,-0.999928880395,0.0,0.631014284159,0.221020566598,0.30399946783,1.0,-0.153970857143,-0.202361697959,1.245
0.436948324666,0.381671742922,-0.125533020422,-1.61144702813,0.062980608598,1.98506906944,0.120293931351,-0.161717602394,-0.734149296851,-0.0112755414821,-1.06934156511,-0.0834973615822,0.362806112499,-0.193807820213,0.573649516873,0.819084048693,0.00288094924316,0.0,0.819051819694,-0.57358628477,-0.0115601678165,0.0,-0.00781642657612,0.00899130451342,-0.999929027441,0.0,0.628334395245,0.217482525945,0.303953087952,1.0,-0.163306285714,-0.214631118367,1.262
0.434203243489,0.36966448647,-0.125650817502,-1.62937474525,0.061660516206,1.99100955222,0.117124890078,-0.176313763969,-0.745032769913,-0.00262499945056,-1.13959250227,-0.0830109872578,0.368385988219,-0.201404436495,0.573677071374,0.819064800266,0.00286664356883,0.0,0.819032198208,-0.573613667182,-0.0115916358739,0.0,-0.00785010613064,0.00899790234172,-0.999928704252,0.0,0.625663345889,0.213983815039,0.303953039357,1.0,-0.172092571429,-0.226178808163,1.278
0.431005561194,0.356394329628,-0.125850894739,-1.64898673912,0.0601058653646,1.99750008339,0.11356897639,-0.198017581942,-0.762561002412,-0.00899028531163,-1.17592454332,-0.0883705570555,0.385040646466,-0.219548383706,0.573772143208,0.818998115287,0.00289166675422,0.0,0.818966633476,-0.573709563027,-0.0114776934273,0.0,-0.00774138146041,0.00895393173464,-0.999929946606,0.0,0.622560556359,0.209758146403,0.303999416549,1.0,-0.181977142857,-0.239169959184,1.296
0.427309857069,0.341721562691,-0.126030922433,-1.67049042577,0.0585380341616,2.00446489209,0.109493583457,-0.207070521111,-0.818944841144,-0.00749596854798,-1.20569674202,-0.0929990390646,0.397322269424,-0.222576835652,0.573885677248,0.818918135946,0.00301047664497,0.0,0.818887493256,-0.573821894973,-0.0115088287513,0.0,-0.00769745937471,0.00907016828443,-0.99992923808,0.0,0.619440735521,0.205577854872,0.304066458085,1.0,-0.191312571429,-0.251439379592,1.313
0.424085864686,0.329154780439,-0.126141381715,-1.68895689925,0.0570861333508,2.01036440041,0.105917872347,-0.2157854004,-0.843372195009,-0.01173609486,-1.22006827505,-0.0962431819573,0.393893126722,-0.248517326591,0.573843089824,0.81894799164,0.00300701705138,0.0,0.818917174856,-0.57377917169,-0.0115269146446,0.0,-0.00771472837743,0.00907731299067,-0.99992904016,0.0,0.616340453501,0.201527641659,0.304063206018,1.0,-0.200098857143,-0.262987069388,1.329
0.420227171675,0.314398456977,-0.126226783691,-1.71051587964,0.0552616984603,2.01719997592,0.101687843188,-0.231886527383,-0.860734037044,-3.02288613319e-05,-1.28470346075,-0.0959809753028,0.390017562608,-0.260222192509,0.573732553223,0.819025786989,0.00290938504871,0.0,0.818993992982,-0.573669295388,-0.0115380192773,0.0,-0.00778106025747,0.00900267946672,-0.999929200926,0.0,0.613059427225,0.197327930293,0.304025895323,1.0,-0.208885142857,-0.274534759184,1.345
0.415778042651,0.298202520363,-0.126346499,-1.73391551586,0.053300541632,2.02448854676,0.0968417162945,-0.261381227168,-0.884869469224,-0.00990135004776,-1.32945261366,-0.10822336506,0.393009621597,-0.267072352181,0.573587273481,0.819127522811,0.00291341297354,0.0,0.819095792391,-0.573524034556,-0.0115330643942,0.0,-0.00777628782239,0.00900175658061,-0.99992924636,0.0,0.609227045706,0.192358593934,0.30404004818,1.0,-0.218769714286,-0.287525910204,1.363
0.411515111448,0.28329081729,-0.126503705497,-1.75511751011,0.051575886864,2.03097107707,0.092428042496,-0.273408089174,-0.91900363763,-0.0178016178147,-1.3409617746,-0.109195849992,0.403642191705,-0.285252796914,0.573642526229,0.819088296123,0.00305976434116,0.0,0.819057963769,-0.573578233385,-0.0115242819721,0.0,-0.00768453821032,0.00911711810708,-0.999928910488,0.0,0.605697406872,0.187731322825,0.304132946884,1.0,-0.227556,-0.2990736,1.379
0.406645238787,0.267037222425,-0.126673519695,-1.77819025379,0.0496057323854,2.03788031231,0.0873926260488,-0.291953368595,-0.968459192409,-0.0119256202549,-1.36068792643,-0.109170183995,0.399788699206,-0.288327896772,0.573621755162,0.819102719132,0.00309263896994,0.0,0.819072504756,-0.573556995507,-0.0115478031761,0.0,-0.0076851802293,0.00915734298079,-0.999928537984,0.0,0.601775360562,0.182584456684,0.304169987394,1.0,-0.236891428571,-0.311343020408,1.396
