position_joint1,position_joint2,position_joint3,position_joint4,position_joint5,position_joint6,position_joint7,velocity_joint1,velocity_joint2,velocity_joint3,velocity_joint4,velocity_joint5,velocity_joint6,velocity_joint7,ee_T_00,ee_T_10,ee_T_20,ee_T_30,ee_T_01,ee_T_11,ee_T_21,ee_T_31,ee_T_02,ee_T_12,ee_T_22,ee_T_32,ee_T_03,ee_T_13,ee_T_23,ee_T_33,v_x,v_y,time
0.465060898241,0.547761130338,-0.124022158558,-1.35583913551,0.0794244341525,1.89409468313,0.159150979534,-0.000600791398986,0.0010369502753,-4.66071287586e-05,0.00098644694454,-1.73899906975e-05,-0.000106909693946,-0.00101341154408,0.5738132393,0.81897221882,0.00190213184977,0.0,0.818929297623,-0.57375568913,-0.0118305361894,0.0,-0.0085976870347,0.0083463904871,-0.999928206195,0.0,0.661690337011,0.260849437455,0.303226132528,1.0,0.0,0.0,0.0
0.46505779444,0.547758975744,-0.124024781529,-1.35583913551,0.0794233284065,1.89409519804,0.159154103872,-0.000441335317258,-0.00184503600662,-0.000985250460312,0.00151415126524,0.0002537648047,-0.000545809768871,6.09944912852e-05,0.573819879465,0.818967563981,0.00190314977453,0.0,0.818924680723,-0.57376234833,-0.0118271654398,0.0,-0.00859427465157,0.00834535964256,-0.999928244133,0.0,0.66169197112,0.260845750297,0.303227788424,1.0,-0.00022,-0.000289142857143,0.012
0.465063080547,0.547753756985,-0.124025087439,-1.35584520194,0.0794232492597,1.89409638848,0.159147795283,0.000303809509848,-0.00244938689361,-0.000207914367002,-0.00201897497057,5.87974567219e-05,0.0027661802361,-0.00170532230204,0.573810907059,0.818973849331,0.0019036685648,0.0,0.818930969485,-0.573753371657,-0.0118271987641,0.0,-0.00859409570402,0.00834570947491,-0.999928242752,0.0,0.66168965171,0.260848487586,0.303228711491,1.0,-0.00056,-0.000736,0.029
0.465062676083,0.547729160943,-0.124024799159,-1.35586668248,0.0794207024284,1.89410114179,0.159154043784,0.000731298259234,-0.00581630700723,-0.000471122779265,-2.9613258588e-05,3.21412298978e-05,0.000566709511603,-0.00830847439167,0.573816641919,0.818969816275,0.00191007533859,0.0,0.818927026052,-0.573759085907,-0.0118230385585,0.0,-0.00858695396123,0.00834862933645,-0.999928279733,0.0,0.661686509206,0.260846071821,0.303236310314,1.0,-0.0009,-0.00118285714286,0.046
0.46505981506,0.547628070949,-0.124022609193,-1.35597596515,0.0794209585823,1.89412098389,0.159156073181,-0.000490565979749,-0.00467855209332,-0.00170783248759,-0.00711931989435,0.000325631960643,0.000103705988199,0.000788237427582,0.573825110152,0.818963846024,0.00192581544984,0.0,0.81892116025,-0.573767391649,-0.0118262621498,0.0,-0.0085804762276,0.0083634582259,-0.99992821142,0.0,0.661668315998,0.26083519349,0.303257559427,1.0,-0.00124,-0.00162971428571,0.063
0.465059049818,0.547491979364,-0.124022609194,-1.35615210919,0.0794156150045,1.89416165668,0.159156309952,0.000366380163882,-0.0123201399297,-0.000952845678379,-0.0117318634227,-0.000271733258445,0.00432385065676,0.0018265922113,0.573834170679,0.818957486265,0.00193058326764,0.0,0.81891478269,-0.57377635391,-0.0118330590542,0.0,-0.00858321452308,0.00837135798061,-0.999928121814,0.0,0.661640138347,0.260817461999,0.303273648486,1.0,-0.00158,-0.00207657142857,0.08
0.465037553285,0.547329323637,-0.124020132701,-1.35636395462,0.0794116151585,1.89425599823,0.159140886091,2.17244900917e-05,-0.0141648137733,0.00102892021057,-0.0104997393,-0.001990667012,0.00335721311413,-0.00128600043967,0.573848281404,0.818947494492,0.00197435957958,0.0,0.818905287397,-0.573790214701,-0.0118180661625,0.0,-0.00854567199711,0.00839875215781,-0.99992821365,0.0,0.661619942184,0.260787429596,0.303296139371,1.0,-0.00192,-0.00252342857143,0.097
0.465022047977,0.547158714352,-0.124022232694,-1.35656063136,0.0794075910209,1.89437154128,0.159129301514,-0.000273033820556,-0.00806070834784,-0.00164363597904,-0.0165768084546,0.000245430686331,0.00998375541338,0.00140237553459,0.573873754683,0.818929435071,0.00205935919855,0.0,0.818888331003,-0.5738153457,-0.0117727349229,0.0,-0.008459510121,0.00844261135656,-0.99992857695,0.0,0.661606421396,0.260756704734,0.30333790782,1.0,-0.00226,-0.00297028571429,0.114
0.464994237208,0.546934533868,-0.124020104524,-1.35684164848,0.0793970562691,1.89451157813,0.159122707926,3.02263634358e-05,-0.0108545284776,9.26749339485e-05,-0.01662580792,-0.000173387502559,0.00122827210282,-0.000645808798699,0.573892110285,0.818916396862,0.00212781679775,0.0,0.818876156915,-0.573833408319,-0.0117390814967,0.0,-0.0083924755376,0.00847954795251,-0.999928829278,0.0,0.661583905229,0.260722296379,0.303370572187,1.0,-0.0026,-0.00341714285714,0.131
0.464951573101,0.546668471939,-0.124020106564,-1.35723964581,0.0793820667272,1.89465392383,0.159090573246,-0.00221329947268,-0.0151220592048,0.000591377200253,-0.0265435469051,-0.000664391102413,0.00314547669397,-0.000238382618964,0.573918977629,0.818897531354,0.00214176581347,0.0,0.818857385199,-0.573860130497,-0.0117422413263,0.0,-0.00838677989699,0.00849305940854,-0.999928762395,0.0,0.661539974788,0.260657558996,0.303381904157,1.0,-0.00296,-0.00389028571429,0.149
0.464922532476,0.546428343085,-0.124025770667,-1.35758738023,0.0793635056113,1.89478435562,0.158972614601,-0.000482950109645,-0.0208103582013,-0.000698784277035,-0.0203354477916,-0.00396406348777,0.00806864073771,-0.00502963004179,0.573864633028,0.818935561876,0.00216225705545,0.0,0.818895681559,-0.573805713901,-0.011730827715,0.0,-0.0083662376087,0.00850273381088,-0.999928852262,0.0,0.661502441482,0.260602797616,0.303397925909,1.0,-0.00326,-0.00428457142857,0.164
0.464877063076,0.546123140326,-0.124020504438,-1.35809345622,0.0793209409593,1.89495689986,0.158940895041,-0.00192404435429,-0.0188859911476,0.000467069678124,-0.0322618136934,-0.00308890607078,0.0157402924129,0.001262777591,0.5738891498,0.818918460076,0.00213222669878,0.0,0.818878250504,-0.573830404084,-0.0117398935731,0.0,-0.00839064060398,0.00848359494565,-0.99992881035,0.0,0.661441764723,0.260524520445,0.303387897924,1.0,-0.00362,-0.00475771428571,0.182
0.464834874067,0.545800703502,-0.124025423254,-1.35863114932,0.0792614747278,1.89514310123,0.158885344642,-0.00195597756491,-0.0200581979353,-0.00638391516431,-0.0288550887152,-0.002848384766,0.00963232418402,0.000525832360949,0.573895860887,0.81891386368,0.00209084430306,0.0,0.818873362845,-0.573837521444,-0.0117329240541,0.0,-0.00840861114865,0.00844577586375,-0.999928979542,0.0,0.661379389219,0.260437182312,0.303376494953,1.0,-0.00396,-0.00520457142857,0.199
0.464780506886,0.545487975435,-0.124023529149,-1.35916842128,0.0792501314372,1.89532259267,0.158795515016,-0.00482453396303,-0.0214886831005,0.000175328971655,-0.0397520299245,-0.000457183220844,0.0144636004316,-0.00309484969947,0.573892419809,0.818916342073,0.00206447872806,0.0,0.818875269388,-0.57383395342,-0.0117742934978,0.0,-0.00845765620749,0.00844789100963,-0.999928548042,0.0,0.661314374647,0.260352996503,0.303357677963,1.0,-0.00426,-0.00559885714286,0.214
0.464712669142,0.545089158006,-0.124028552259,-1.35985861426,0.079224527757,1.895542008,0.15872452421,-0.00250284853083,-0.0200466402009,-0.00183380838781,-0.0374600710082,-0.000100948814902,0.0156369805245,-0.00220836932348,0.57392490934,0.818893706778,0.0020105571357,0.0,0.818851762536,-0.573866483122,-0.0118235968353,0.0,-0.00852864189007,0.00843236734519,-0.999928076138,0.0,0.661230280061,0.260239276549,0.303330664081,1.0,-0.0046,-0.00604571428571,0.231
0.464653528429,0.544691943509,-0.124027929389,-1.36052546313,0.0791967541682,1.89577420183,0.158624843454,-0.00690200541575,-0.0269976496314,0.000363814256509,-0.0427757675237,5.74117534683e-05,0.0108750025146,-0.00495628461554,0.573918231563,0.818898468113,0.00197719562095,0.0,0.818855906289,-0.573859760094,-0.0118628572008,0.0,-0.00858000777625,0.00842751059379,-0.999927677651,0.0,0.66114409439,0.260132020757,0.303308797805,1.0,-0.00494,-0.00649257142857,0.248
0.464574590579,0.54422027455,-0.124025843499,-1.3613283166,0.0791543456253,1.89604670595,0.158563230612,-0.00527499992106,-0.0237587250437,0.000935719375229,-0.0441251482071,-0.00511565308482,0.0116420740027,-0.00802154496461,0.573967150566,0.818864274746,0.00193817356865,0.0,0.818821142254,-0.573908771858,-0.01189140375,0.0,-0.00862527695834,0.00841245458781,-0.999927414968,0.0,0.661055065174,0.260009391425,0.303289708103,1.0,-0.00528,-0.00693942857143,0.265
0.464510030611,0.543743576922,-0.12402731913,-1.36210169081,0.0791064063682,1.89631735725,0.15844115208,-1.48119869121e-05,-0.0281434673055,0.000368929362119,-0.0455717897164,-0.00543506239644,0.0163806040307,-0.0122140428287,0.573951321612,0.818875424031,0.00191500370166,0.0,0.818831977847,-0.573893029243,-0.0119050385237,0.0,-0.00864990273127,0.00840114061112,-0.999927297367,0.0,0.660963416083,0.259890927987,0.303282388257,1.0,-0.0056,-0.00736,0.281
0.464430652435,0.543204922841,-0.124032197114,-1.36295828154,0.0790589654754,1.89661649901,0.158333078833,-0.00423784360722,-0.030372057579,0.000403161868804,-0.0506009801811,-0.00139102474567,0.00478543779349,-0.0076487645902,0.573966167903,0.818865052462,0.00190022638684,0.0,0.818821367577,-0.573907890548,-0.0119183920083,0.0,-0.00866916668823,0.00839686142294,-0.999927166481,0.0,0.660864411976,0.259753657026,0.30328182605,1.0,-0.00594,-0.00780685714286,0.298
0.464358041296,0.542632723913,-0.124037842226,-1.36385778084,0.0790042024506,1.89693683314,0.15822702519,-0.00364780635219,-0.0365553615883,-0.000435330160894,-0.056506392617,-0.00764477961142,0.015970033038,-0.00636227166289,0.573978072026,0.818856726108,0.0018925754647,0.0,0.818812949467,-0.573919832924,-0.0119216636291,0.0,-0.00867611489671,0.00839260038708,-0.99992714199,0.0,0.660759327883,0.259616022724,0.303286353728,1.0,-0.00628,-0.00825371428571,0.315
0.464274188224,0.542035313277,-0.124035374734,-1.36477548076,0.0789531606917,1.89728300961,0.158089650406,-0.00739846200997,-0.0348265415391,0.00477541847724,-0.0527546630623,-0.0035056848151,0.0295915879914,-0.00527615828058,0.573969909674,0.818862389507,0.00191748293841,0.0,0.818818882952,-0.573911514698,-0.0119145758858,0.0,-0.00865609919892,0.00840884117891,-0.999927179017,0.0,0.660656580314,0.259476198606,0.303301955071,1.0,-0.00662,-0.00870057142857,0.332
0.464187358005,0.541409787523,-0.124033902031,-1.36573683907,0.0788882696368,1.89763970851,0.157965572388,-0.00834128341745,-0.0334407536906,0.000175438206439,-0.0576388650035,-0.000402120374559,0.0104284566845,-0.00501816070129,0.573974386386,0.818859218222,0.00193168492467,0.0,0.818815943856,-0.573915977724,-0.0119015755913,0.0,-0.00863725633607,0.00841305593928,-0.999927306504,0.0,0.660548218288,0.259327501653,0.303317496001,1.0,-0.00696,-0.00914742857143,0.349
0.464104699171,0.540717742447,-0.124043909431,-1.36678420977,0.0788304135405,1.89802653031,0.157843857244,-0.00759963662863,-0.0407469517294,-0.000947335792433,-0.0577107681217,-0.000442406770615,0.0257867336587,-0.00506019730652,0.573991986553,0.8188468161,0.00195909106056,0.0,0.818803890046,-0.573933454156,-0.0118880926341,0.0,-0.00861030467862,0.00842794355277,-0.999927413576,0.0,0.660428746426,0.259168758893,0.303342034679,1.0,-0.0073,-0.00959428571429,0.366
0.464014408521,0.540035111454,-0.124037098468,-1.36782659532,0.0787710122789,1.89840614654,0.15771058257,-0.00538331280301,-0.0461002771707,0.00180503912016,-0.0645676828971,-0.0068537853272,0.0207882942318,-0.0121616923414,0.573993778916,0.818845509658,0.00197989423304,0.0,0.818802769194,-0.573935077203,-0.0118869347638,0.0,-0.00859739793195,0.00844433206506,-0.999927386366,0.0,0.66030675936,0.25901446586,0.303361005585,1.0,-0.00762,-0.0100148571429,0.382
0.463921932968,0.539294795138,-0.124053106596,-1.36897271636,0.0787034676028,1.89884460715,0.157569480157,-0.00202532791305,-0.0454522994311,-0.00189372946959,-0.0663806854338,-0.00657248150212,0.0236618114147,-0.00750811554772,0.574010602516,0.818833658314,0.00200377469923,0.0,0.818791301592,-0.57395187296,-0.0118658697608,0.0,-0.00856626823091,0.00845197107149,-0.999927588995,0.0,0.660180090279,0.258836622165,0.303377103555,1.0,-0.00796,-0.0104617142857,0.399
0.463801404747,0.538534850337,-0.124045394734,-1.37015589335,0.0786365073439,1.89930376753,0.15742190977,-0.00701795542325,-0.0500364224513,0.00423493609977,-0.0715152642131,-0.00647291614578,0.0252653200481,-0.0135509769181,0.574030613922,0.818819546776,0.00203739983156,0.0,0.818777565229,-0.573971683999,-0.0118554437509,0.0,-0.00853822365391,0.00847372807366,-0.999927644717,0.0,0.660051055133,0.258651387085,0.303390328543,1.0,-0.0083,-0.0109085714286,0.416
0.463698768172,0.537758128361,-0.124060180747,-1.37137601965,0.0785683356254,1.89977466251,0.157271921925,-0.00530604011143,-0.0444197421766,-0.00107007819145,-0.0720036290178,-0.000234382976368,0.0288193794242,-0.00343674442643,0.574051415403,0.818804910103,0.00205877769081,0.0,0.818763243085,-0.573992433206,-0.0118399871618,0.0,-0.00851308071068,0.00848257620341,-0.999927784071,0.0,0.659916579297,0.258461355467,0.303399443398,1.0,-0.00864,-0.0113554285714,0.433
0.463586635733,0.53697794917,-0.124063799444,-1.37259157136,0.0784903954038,1.90022212309,0.157116571786,-0.00801381905911,-0.0516728388276,-0.000724775256104,-0.0800879172731,-0.00880410989803,0.0292782045539,-0.00518360352548,0.574064608292,0.818795643919,0.0020654074121,0.0,0.818754104999,-0.574005639723,-0.0118316530901,0.0,-0.00850231420355,0.00848335742468,-0.999927869049,0.0,0.659778755095,0.258268977166,0.303410619066,1.0,-0.00896,-0.011776,0.449
0.463473644207,0.5361335739,-0.124067345531,-1.37391615072,0.0784185084595,1.90071769166,0.156959123703,-0.00629665562282,-0.0519865151254,0.00138294714948,-0.0771374904187,-0.0105433873483,0.0283753644365,-0.01186721869,0.574084328727,0.818781777468,0.00208117727917,0.0,0.818740380407,-0.574025231703,-0.0118308816027,0.0,-0.00849242550331,0.00849603117532,-0.999927845479,0.0,0.6596265217,0.258068227642,0.303419267482,1.0,-0.0093,-0.0122228571429,0.466
0.463365322188,0.535251839225,-0.124079030779,-1.37533341731,0.0783322451333,1.901227177,0.1567844921,-0.00527984401336,-0.0534756728704,-0.00141047370255,-0.0861503277128,-0.00837102394188,0.0267757693451,-0.00504794782967,0.574092877031,0.818775849496,0.00205517038785,0.0,0.818734138194,-0.57403390683,-0.011841945218,0.0,-0.0085163252343,0.00848117784516,-0.999927768305,0.0,0.659457652187,0.257853961984,0.303411461203,1.0,-0.00964,-0.0126697142857,0.483
0.463241390838,0.53434822763,-0.124082194802,-1.37678272777,0.0782580342088,1.90175854513,0.156597786736,-0.00768727745532,-0.0560578350911,-0.0015929656644,-0.0851470793099,-0.00611295374473,0.0325466061807,-0.00845775335482,0.574103272773,0.818768576636,0.00204865933514,0.0,0.818726648719,-0.574044196227,-0.0118609593655,0.0,-0.00853552415112,0.00848687098035,-0.9999275563,0.0,0.659287335008,0.257634276078,0.303405307407,1.0,-0.00998,-0.0131165714286,0.5
0.463119506334,0.533483009672,-0.124077542735,-1.37816556025,0.0781770150129,1.90226579943,0.156438284499,-0.00459813624498,-0.0592282660235,0.000469603819868,-0.0909901706182,-0.00428757996702,0.0327047547813,-0.00610176204079,0.574123123873,0.818754675326,0.00204136394347,0.0,0.818712582297,-0.57406400468,-0.0118732060079,0.0,-0.00854953397468,0.00848813589211,-0.999927425875,0.0,0.659124369355,0.257425157362,0.303401172479,1.0,-0.0103,-0.0135371428571,0.516
0.46299136594,0.532539010764,-0.124077622021,-1.3796950349,0.0780936469908,1.90284685964,0.156245075973,-0.0102349793008,-0.0528221274171,0.00360277653472,-0.0903584600113,-0.00762811152665,0.0382984783275,-0.0104916802993,0.57413125012,0.818748979227,0.00204047840668,0.0,0.818706790207,-0.574072049682,-0.0118836166439,0.0,-0.00855848215277,0.0084934727322,-0.99992730401,0.0,0.658946519696,0.257197431611,0.303389188854,1.0,-0.01064,-0.013984,0.533
0.462857642775,0.531567018962,-0.124074571325,-1.38125601021,0.0780016158764,1.90341270775,0.156041870014,-0.0134421813935,-0.0551234041418,0.00203854318829,-0.0870219313689,-0.00590588523363,0.0319668184896,-0.00987295081716,0.574132558314,0.818748107377,0.00202214034779,0.0,0.818705602566,-0.574073356319,-0.0119023019882,0.0,-0.00858429560419,0.00848920016566,-0.999927119019,0.0,0.658759808439,0.256962082278,0.30338030075,1.0,-0.01098,-0.0144308571429,0.55
0.462723267845,0.530549592211,-0.124078649341,-1.38290633497,0.0778946652771,1.90398791872,0.155835189968,-0.007399419964,-0.0553193722347,-0.000178492725212,-0.0945001313897,-0.00716784367353,0.0355688392358,-0.00391247559306,0.57413707542,0.818745071705,0.00196801644633,0.0,0.818701870523,-0.574078105032,-0.0119299382181,0.0,-0.00863794927694,0.00846080148097,-0.999926897663,0.0,0.658557475033,0.256710418503,0.303361715303,1.0,-0.01132,-0.0148777142857,0.567
0.462586074374,0.529577642494,-0.124083083915,-1.38445656909,0.0777969655024,1.90455730372,0.155624401171,-0.00505542768116,-0.0555791187271,0.00294268700328,-0.10000717326,-0.00680636364377,0.0431381959099,-0.0149131213721,0.574137844539,0.818744559851,0.0019565486729,0.0,0.818701235626,-0.574078947667,-0.0119329598862,0.0,-0.00864699906805,0.00845315543352,-0.999926884112,0.0,0.658376016323,0.256469089222,0.303358016493,1.0,-0.01164,-0.0152982857143,0.583
0.46244286909,0.528425223413,-0.12408554329,-1.38623207739,0.0776888502108,1.90523975949,0.155379211932,-0.0102099488123,-0.0617356534986,-0.000347478930441,-0.0972241175143,-0.0103514302668,0.0454193242066,-0.0209443451107,0.574123350705,0.818754605612,0.00200520966989,0.0,0.81871194196,-0.574064280249,-0.0119039966025,0.0,-0.00859549828759,0.0084762147125,-0.999927132942,0.0,0.658170398345,0.256206581792,0.303383668874,1.0,-0.012,-0.0157714285714,0.601
0.462306932122,0.527373538051,-0.124089368879,-1.38785848366,0.0775784982343,1.90587172589,0.155152043986,-0.00310707324935,-0.0697364433131,-0.00124188731358,-0.103207283409,-0.00939677269032,0.0445758952992,-0.0196403938807,0.574109731186,0.818764056646,0.00204523902128,0.0,0.818722056641,-0.574050640252,-0.0118660565118,0.0,-0.00854159424848,0.00848706421431,-0.999927502826,0.0,0.657985023573,0.255960687087,0.303404745019,1.0,-0.01232,-0.016192,0.617
0.462157398857,0.526217143891,-0.1240843557,-1.38966037497,0.0774706794991,1.90654349598,0.154907904516,-0.0108304799282,-0.0682467087829,0.000726670004295,-0.10474379467,-0.0163289762906,0.031930988129,-0.0137450745382,0.574096941893,0.818772964306,0.00206908963662,0.0,0.818731216495,-0.574037698391,-0.0118601375814,0.0,-0.00852318864958,0.00850306070139,-0.999927523981,0.0,0.657770031373,0.255694677785,0.30341890523,1.0,-0.01266,-0.0166388571429,0.634
0.462004690477,0.525037152519,-0.124089689782,-1.39150813917,0.0773573524719,1.90720723502,0.154663363976,-0.00963032363766,-0.0664254747221,0.000494305606397,-0.111690572312,-0.00336141289562,0.0378372682526,-0.0206189254156,0.574094316515,0.818774817858,0.00206404648967,0.0,0.818732985152,-0.574035074441,-0.0118650426467,0.0,-0.00853012728295,0.00850172017711,-0.999927476211,0.0,0.657546177479,0.25541404286,0.303427159496,1.0,-0.013,-0.0170857142857,0.651
0.461841430915,0.523866968057,-0.124106721663,-1.39339928868,0.0772422430012,1.9078875551,0.154415286917,-0.00948447205064,-0.068451519329,-0.00143739292697,-0.113481899279,-0.00769114390063,0.0431873685968,-0.0142061905868,0.57410740299,0.818765740768,0.00202446974091,0.0,0.818723418782,-0.574048345442,-0.01188307764,0.0,-0.00856747831187,0.0084798068935,-0.999927342956,0.0,0.657320020247,0.255115253208,0.303409405129,1.0,-0.01334,-0.0175325714286,0.668
0.461669409068,0.522494299356,-0.124109465977,-1.39555648004,0.0771112001176,1.90871965271,0.154114835629,-0.00704235113399,-0.0713675862348,-0.00062253145331,-0.108296160403,-0.00648872386092,0.0390051662799,-0.0149583230905,0.574084655477,0.81878159622,0.00206226550479,0.0,0.818739789455,-0.57402547072,-0.0118601445886,0.0,-0.00852723936632,0.00849734944557,-0.999927537995,0.0,0.657066067216,0.254797833159,0.303419686525,1.0,-0.01372,-0.018032,0.687
0.46151650544,0.521337995082,-0.124114931809,-1.39743249421,0.076996575583,1.90944372386,0.153855744049,-0.012256453739,-0.0753471001473,6.69111421248e-06,-0.119513480928,-0.00603153325711,0.0416031569756,-0.0168332768194,0.57407117821,0.818791047515,0.00206149423984,0.0,0.818749267944,-0.574012035315,-0.0118560725216,0.0,-0.0085244876578,0.00849423996161,-0.999927587877,0.0,0.656845235313,0.254517289071,0.30340215215,1.0,-0.01404,-0.0184525714286,0.703
0.461356733694,0.520126469308,-0.124114912177,-1.39933995807,0.0768760834317,1.91013471339,0.15360782736,-0.0100664161738,-0.0770913621584,0.0014585864242,-0.12251186679,-0.00841526946217,0.0400713136553,-0.0180331513881,0.574068016633,0.818793281214,0.00205470673087,0.0,0.818751400971,-0.574008889169,-0.011861090331,0.0,-0.00853252542031,0.00849153010419,-0.999927542338,0.0,0.65661202725,0.254229316421,0.303405030731,1.0,-0.01436,-0.0188731428571,0.719
0.461176689458,0.51869320015,-0.124123795244,-1.40154916127,0.0767290679814,1.91092908672,0.153299042097,-0.0114803672652,-0.086609806395,-0.00327757935873,-0.126592001198,-0.00847397395208,0.0465095968346,-0.0253428037393,0.574046355147,0.818808448177,0.00206258028165,0.0,0.818766757128,-0.573987285083,-0.0118465558407,0.0,-0.00851632911373,0.0084894078173,-0.999927698433,0.0,0.656341908886,0.25389274326,0.303428797417,1.0,-0.01472,-0.0193462857143,0.737
0.461025418944,0.517517401975,-0.124122117317,-1.4034097648,0.0766078620828,1.9115969281,0.153053502829,-0.0114403833967,-0.0759958393545,0.000928208592883,-0.123613858473,-0.00444836524503,0.0456952338525,-0.0173533784614,0.574033687109,0.818817375263,0.00204424386626,0.0,0.81877544632,-0.573974693011,-0.0118561034353,0.0,-0.00853480357159,0.00847974271502,-0.999927622927,0.0,0.656110377899,0.253614833054,0.303426129496,1.0,-0.01502,-0.0197405714286,0.752
0.460825939453,0.516074840117,-0.124129504932,-1.40569372573,0.0764671341223,1.91244946596,0.152737649669,-0.0150254744765,-0.08534702998,-0.000989092364819,-0.130693099882,-0.00843581348582,0.0474161704324,-0.00936403257027,0.574026441898,0.818822440311,0.00204991356918,0.0,0.818780602567,-0.573967443181,-0.0118509885317,0.0,-0.00852743587918,0.00848137353996,-0.999927671954,0.0,0.655837073209,0.253262657812,0.303425047443,1.0,-0.01538,-0.0202137142857,0.77
0.460641312441,0.514703524693,-0.124136432332,-1.40790894932,0.0763294735752,1.91327281067,0.152428526571,-0.0107668587948,-0.0841335812526,-0.00168202625765,-0.133388115636,-0.0140843621604,0.0459569600011,-0.0163211854623,0.574009070306,0.818834673688,0.0020276277314,0.0,0.818792562093,-0.573950179647,-0.0118607944266,0.0,-0.00854843701719,0.00846857313334,-0.999927601126,0.0,0.655567450809,0.252926297778,0.30340375964,1.0,-0.01572,-0.0206605714286,0.787
0.460470875576,0.513461653124,-0.124133738093,-1.40990690117,0.0762248325378,1.91395093864,0.152160331209,-0.0141041507063,-0.0815489523128,-0.000645788224235,-0.130777391095,-0.00594551511301,0.0430417512351,-0.0172764109767,0.574003635164,0.818838617569,0.00197284008594,0.0,0.81879549707,-0.57394467864,-0.0119242081929,0.0,-0.00863186727335,0.00846005431025,-0.999926956507,0.0,0.65530869244,0.252624517456,0.303381886567,1.0,-0.01602,-0.0210548571429,0.802
0.460277743696,0.512039420805,-0.124137542401,-1.41219444459,0.0760859420046,1.9147687558,0.151833314962,-0.0114348007559,-0.0848999087742,-0.000202502106455,-0.133165198295,-0.00233472684367,0.0525932481776,-0.0198588222603,0.573978935011,0.818856029273,0.00193193873371,0.0,0.818812296464,-0.573920075269,-0.0119548008623,0.0,-0.00868064947082,0.00844386162892,-0.999926671074,0.0,0.65502195403,0.252276078101,0.303360450569,1.0,-0.01636,-0.0215017142857,0.819
0.460052988632,0.510417658324,-0.124137663982,-1.41479207515,0.0759156481009,1.9157560966,0.151470988564,-0.0131143389913,-0.0888652437582,6.21122507882e-05,-0.130212492033,-0.00658076055253,0.0463867720742,-0.0184444726702,0.573956128751,0.81887201313,0.0019326878967,0.0,0.818828378209,-0.573897354402,-0.0119440592491,0.0,-0.00867165832778,0.0084380681632,-0.999926797994,0.0,0.654708263555,0.251881371769,0.303345204034,1.0,-0.01674,-0.0220011428571,0.838
0.459823122735,0.508731521064,-0.124146226705,-1.41742689269,0.0757495991927,1.91671424046,0.1510927534,-0.00932168656317,-0.0931869275523,-0.00162209098122,-0.138019444109,-0.00858878754083,0.0426440340869,-0.0302251336383,0.573932792228,0.818888360198,0.00193660486055,0.0,0.818844785273,-0.57387401302,-0.0119407584831,0.0,-0.00866694779638,0.00843913412819,-0.999926829839,0.0,0.654383332956,0.251473666651,0.30335438098,1.0,-0.01712,-0.0225005714286,0.857
0.459644267905,0.507502471292,-0.124146797054,-1.419395519,0.075624709292,1.91741176996,0.150832486279,-0.0179102284374,-0.0899418975146,-0.00151919136066,-0.140843784979,-0.0112109924152,0.0473566249313,-0.021438776611,0.573929578109,0.81889069966,0.00189954845954,0.0,0.818846546183,-0.573870863143,-0.0119713466265,0.0,-0.00871329665877,0.00842631084675,-0.999926535175,0.0,0.654149848024,0.251194706334,0.303336307898,1.0,-0.01738,-0.0228422857143,0.87
0.459458982386,0.506111743303,-0.12414976521,-1.42153565303,0.0754924238362,1.91822347658,0.150539136778,-0.00971515571013,-0.0937078775568,-0.00105577431176,-0.142440395718,-0.0121016891223,0.0545850298958,-0.016937754161,0.573923297983,0.818894983836,0.0019494566481,0.0,0.818851546816,-0.573864437273,-0.0119372866316,0.0,-0.00865682697166,0.00844756514616,-0.999926846319,0.0,0.653876105146,0.250841269082,0.303361708127,1.0,-0.0177,-0.0232628571429,0.886
0.459229918885,0.504477142802,-0.124153633642,-1.42400664649,0.0753363226378,1.91917883816,0.150196598607,-0.0112036584876,-0.0961543428317,0.000829418964669,-0.146841748207,-0.0147176229526,0.0492926907873,-0.0186805578212,0.573918444033,0.81889814909,0.00204643994086,0.0,0.818856052383,-0.573859260196,-0.0118769467162,0.0,-0.00855180582097,0.00849230201375,-0.999927371074,0.0,0.653583758072,0.250457183903,0.303410727413,1.0,-0.01804,-0.0237097142857,0.903
0.459001203088,0.502810012682,-0.12415930669,-1.42647204484,0.0751767663963,1.92012331779,0.149849951529,-0.0176199534177,-0.0985704954717,-0.00122589866556,-0.148981383958,-0.010160035485,0.0579854230088,-0.024341260431,0.573909370522,0.818904201802,0.00216554822552,0.0,0.818863763684,-0.573849823313,-0.0118010046436,0.0,-0.00842135495869,0.00854616065698,-0.999928019369,0.0,0.653290875309,0.250072180239,0.303483549549,1.0,-0.01838,-0.0241565714286,0.92
0.458768248306,0.501093153957,-0.124159650424,-1.42904406682,0.075004726665,1.9210222673,0.149488192839,-0.0127725942591,-0.106157073616,0.00200170486764,-0.154518845196,-0.00985684462605,0.0520569036439,-0.0193861322042,0.573888552153,0.818918702494,0.00219893476993,0.0,0.81887870755,-0.573828887308,-0.0117820759333,0.0,-0.00838691151774,0.00856242421431,-0.999928169724,0.0,0.652963932657,0.249670687353,0.303535572691,1.0,-0.01872,-0.0246034285714,0.937
0.458521558201,0.499388129324,-0.124162235227,-1.43163803077,0.0748410116136,1.92196054145,0.14913429452,-0.0201529412224,-0.102636250257,-0.00010900675277,-0.153339127679,-0.00957418703813,0.0501706764693,-0.0234628714973,0.573890306299,0.818917362731,0.00223969978586,0.0,0.818877872256,-0.5738304589,-0.0117635738449,0.0,-0.00834834764498,0.00858520688398,-0.999928297087,0.0,0.652641580065,0.249260211163,0.303571767238,1.0,-0.01906,-0.0250502857143,0.954
0.458281944382,0.497823900891,-0.124163592394,-1.43413245496,0.0747017031638,1.92288714221,0.148754243778,-0.0147038425307,-0.100567719481,-0.000444265540426,-0.157099467599,-0.00636720604353,0.0519845124585,-0.0264609777635,0.573865651266,0.81893463061,0.00224320865262,0.0,0.818895016336,-0.573805619286,-0.0117817824343,0.0,-0.00836150490051,0.00859827817945,-0.999928074837,0.0,0.652332746809,0.248868201978,0.30355566138,1.0,-0.01938,-0.0254708571429,0.97
0.458020487185,0.496150801968,-0.124161431559,-1.43680544668,0.0745302291539,1.9238257018,0.148371079887,-0.0155818564716,-0.0978760696796,0.000702255118547,-0.15929638205,-0.00638597134643,0.0546040333564,-0.0234528213312,0.57385296905,0.818943664501,0.00218887815375,0.0,0.81890326097,-0.573793064453,-0.0118201209198,0.0,-0.00842421222956,0.0085756560503,-0.999927742775,0.0,0.651991153547,0.248440172348,0.303530750088,1.0,-0.01972,-0.0259177142857,0.987
0.457749271969,0.494487085855,-0.124167863786,-1.43954169137,0.0743603091027,1.92477251622,0.147982219944,-0.0152169131683,-0.0999409517336,-0.001412742534,-0.160884360095,-0.0111681371483,0.056476154509,-0.020437847878,0.573852955469,0.818943956965,0.00208032466924,0.0,0.818902014142,-0.57379335617,-0.0118921213586,0.0,-0.00854546897498,0.00852807524201,-0.999927120791,0.0,0.651638611288,0.24799410227,0.303469663543,1.0,-0.02208,-0.0290194285714,1.004
0.457469172825,0.492352426519,-0.124238715387,-1.44274529118,0.0741672276035,1.92595993726,0.147523307256,-0.0180439304589,-0.155404066651,-0.00545145706525,-0.22450558863,-0.00763051194945,0.088492716785,-0.0296288076175,0.573866156779,0.818934475242,0.0021693929071,0.0,0.818893922708,-0.573806433018,-0.0118181081258,0.0,-0.00843360694358,0.00855867973924,-0.999927809032,0.0,0.651249545926,0.247467843761,0.303535729482,1.0,-0.03328,-0.0437394285714,1.02
0.457067304644,0.489236857134,-0.124277023348,-1.44768300149,0.0739148345615,1.92785252544,0.146774403592,-0.0275001353783,-0.199213686223,-0.000969597335481,-0.325116660034,-0.0148330588195,0.121002317562,-0.0512157576171,0.573789450466,0.818988015724,0.00224578179843,0.0,0.81894814019,-0.573729115071,-0.0118149523852,0.0,-0.00838799550085,0.008618639799,-0.999927677674,0.0,0.650628641659,0.246726976007,0.303517835131,1.0,-0.04518,-0.0593794285714,1.037
0.456446963223,0.485086351185,-0.124346061273,-1.45426170063,0.0735323147459,1.93033261871,0.145784025049,-0.0412201521175,-0.263665763127,-0.00907457254912,-0.418413683764,-0.0231040629433,0.154995965554,-0.0628994104971,0.573759660158,0.819008778803,0.00228462683612,0.0,0.818969405564,-0.573699175683,-0.011794722225,0.0,-0.00834945326608,0.00863854161611,-0.99992782851,0.0,0.649813928133,0.245664638451,0.303487059332,1.0,-0.05708,-0.0750194285714,1.054
0.455662523025,0.479896503156,-0.124498401689,-1.46249232812,0.0730456369494,1.93318772506,0.144538661404,-0.0499807289408,-0.326378403621,-0.0126765511888,-0.520777959141,-0.033645569746,0.176536599245,-0.0804102078997,0.573763830051,0.819006315679,0.00211402571023,0.0,0.818964686661,-0.573703980172,-0.011888315223,0.0,-0.00852394439862,0.0085525623419,-0.999927095367,0.0,0.64875138909,0.244274992946,0.303421462019,1.0,-0.06898,-0.0906594285714,1.071
0.454674969904,0.473672848607,-0.124647731068,-1.47223044045,0.0724611901763,1.93661969677,0.143125142416,-0.063501536819,-0.392953802383,-0.0128303496612,-0.605514613447,-0.0366423433357,0.211491438444,-0.0887446177998,0.573836085974,0.818955899364,0.00203180496631,0.0,0.818913157115,-0.573776521537,-0.0119369735284,0.0,-0.00861021867899,0.0085139019065,-0.999926686117,0.0,0.647499843535,0.242615495732,0.303396816488,1.0,-0.08088,-0.106299428571,1.088
0.453526506534,0.466462039096,-0.124750690394,-1.48316305594,0.071822952763,1.94071031741,0.141415856842,-0.0668345087281,-0.452153575789,-0.00461879604361,-0.6655782357,-0.0402498486555,0.256825215351,-0.108650072243,0.573801412074,0.81897933322,0.00235332976196,0.0,0.818940646116,-0.573740445008,-0.0117841759749,0.0,-0.00830095593671,0.00868918150397,-0.999927793521,0.0,0.646122776083,0.240788443673,0.303530632788,1.0,-0.09278,-0.121939428571,1.105
0.452229293344,0.458907904051,-0.124815447218,-1.49491244014,0.0710833270031,1.94485430176,0.139592447566,-0.0875626403981,-0.496737164155,-0.00202583515674,-0.789548772056,-0.044971103053,0.266471451381,-0.107440585112,0.573766468525,0.819003942386,0.00230843101645,0.0,0.818964326349,-0.573705318992,-0.0118484610471,0.0,-0.00837973849208,0.0086889395938,-0.999927138501,0.0,0.644571154203,0.238787486823,0.303503655191,1.0,-0.10398,-0.136659428571,1.121
0.45065428686,0.449845907274,-0.124983480014,-1.50874741334,0.0701310078163,1.94967347,0.137417141952,-0.094684513047,-0.557144181787,-0.0112993024123,-0.840200518722,-0.0649256845972,0.313462475832,-0.129104378591,0.573770185096,0.819001384852,0.00229198767039,0.0,0.818962113416,-0.573709677435,-0.0117902378187,0.0,-0.00834144619288,0.00864210438933,-0.999927864552,0.0,0.642740363977,0.236337397748,0.30356574613,1.0,-0.11588,-0.152299428571,1.138
0.448338016796,0.43689374787,-0.125117999137,-1.52856900308,0.0688547313539,1.95655495669,0.134325913112,-0.112625455175,-0.60702369516,-0.00529712972393,-0.94255587911,-0.0629073925283,0.316455895525,-0.15723372031,0.573769686167,0.819001709998,0.00230068615145,0.0,0.818961974817,-0.573708547432,-0.0118546745315,0.0,-0.0083892369215,0.00868619459571,-0.999927082705,0.0,0.640038667151,0.232873952692,0.303594453752,1.0,-0.13128,-0.172539428571,1.16
0.44703533098,0.429754669676,-0.125204155076,-1.53911813078,0.068159189753,1.96035852228,0.132555259701,-0.120316167491,-0.652398273022,-0.00981359341805,-0.981731281785,-0.0600232093129,0.338538390103,-0.162022042218,0.573718326353,0.819036716079,0.0026242375221,0.0,0.819001325081,-0.573656141853,-0.0116707896447,0.0,-0.00805355030824,0.00884517020706,-0.999928449086,0.0,0.638627319968,0.230992362287,0.303772130186,1.0,-0.13898,-0.182659428571,1.171
0.444662465683,0.417562950875,-0.125333563137,-1.55753842544,0.066850297257,1.96674414927,0.129500363135,-0.135304423722,-0.704817456178,-0.00679169927135,-1.02873274627,-0.0682399628402,0.359936597905,-0.174103887066,0.573672655711,0.819068450157,0.00270276688653,0.0,0.819034421016,-0.573610586963,-0.0115870020074,0.0,-0.00794036495261,0.00886097592662,-0.99992921435,0.0,0.636078653963,0.227632870218,0.303845208582,1.0,-0.15158,-0.199219428571,1.189
0.442329678608,0.40592521164,-0.125460775242,-1.57501297344,0.0656424754756,1.97285424389,0.126582636516,-0.1445237363,-0.728774278123,-0.00322454943841,-1.11667602912,-0.0689193323812,0.374432538399,-0.182712503896,0.573670566245,0.819069220289,0.00290528830591,0.0,0.819037877846,-0.573607913644,-0.0114744480994,0.0,-0.0077320197597,0.00896226685855,-0.999929944368,0.0,0.633634384237,0.224413779873,0.303933864201,1.0,-0.16278,-0.213939428571,1.205
0.439560018985,0.392766820817,-0.12560209576,-1.59460114855,0.0642976803673,1.97955295336,0.123250404595,-0.166714302725,-0.786250935357,-0.00718149530999,-1.18235402081,-0.0894130316792,0.406543088581,-0.200524116633,0.573717713416,0.819035390351,0.00312435046722,0.0,0.819006570342,-0.573654024063,-0.0114037412095,0.0,-0.00754791673566,0.00910156712517,-0.999930092771,0.0,0.63083501553,0.220718350951,0.304055600769,1.0,-0.17468,-0.229579428571,1.222
0.436346746505,0.378125226322,-0.12576612408,-1.61654241966,0.0626063275897,1.98686708082,0.119332323319,-0.186415238315,-0.865072885253,-0.00575816127442,-1.23998973119,-0.092856372664,0.428472217011,-0.226966617704,0.5736162079,0.819106791233,0.00304261269821,0.0,0.819077478886,-0.573553446602,-0.0113698888583,0.0,-0.00756819789095,0.00901426162171,-0.999930730335,0.0,0.627609291322,0.216488358448,0.304059737781,1.0,-0.18728,-0.246139428571,1.24
0.432953998997,0.363579294471,-0.125931206382,-1.63823520269,0.0609989909367,1.99400918539,0.115482720334,-0.21107309098,-0.87100114571,-0.0127220890057,-1.27747114294,-0.108382952221,0.432212891429,-0.232808498347,0.573697959103,0.819049698048,0.00299845800589,0.0,0.819019603497,-0.573635067468,-0.0114212678483,0.0,-0.00763471231384,0.00900832738024,-0.999930278172,0.0,0.624360856635,0.212201189103,0.304049540419,1.0,-0.19918,-0.261779428571,1.257
0.429434588271,0.349326232369,-0.126117782661,-1.65957141209,0.0593779458385,2.00088212145,0.111516166345,-0.230901454813,-0.91077732222,-0.00709354152327,-1.33997170881,-0.101779764481,0.419652961905,-0.256944377599,0.573747805226,0.819015565751,0.00277596055745,0.0,0.818982284552,-0.573685257059,-0.0115754189679,0.0,-0.00788807253869,0.00891500538807,-0.999929147985,0.0,0.621093411156,0.207869375362,0.303939684397,1.0,-0.21038,-0.276499428571,1.273
0.425617461419,0.334276404428,-0.126305681306,-1.68151876244,0.0576769830098,2.0080337717,0.107342117758,-0.243805847482,-0.93840965253,-0.00700601587497,-1.4036319833,-0.113351725038,0.450473395229,-0.258319828367,0.573830126719,0.818957315932,0.00294062107967,0.0,0.818926238741,-0.573767120383,-0.0114827683885,0.0,-0.00771681406244,0.00899748342921,-0.999929745568,0.0,0.617711289984,0.203330625872,0.304031019976,1.0,-0.22158,-0.291219428571,1.289
0.421355885142,0.317706984722,-0.12645937956,-1.70554426173,0.0557238546892,2.01567766595,0.102622475243,-0.256770784618,-0.990797714278,-0.0140729551274,-1.44129838968,-0.126472459737,0.45445771192,-0.276024809366,0.573746034023,0.819015906979,0.00302976234876,0.0,0.818986111662,-0.573682917483,-0.0114195443648,0.0,-0.00761481219047,0.00903342549638,-0.999930203494,0.0,0.613880377023,0.19835937419,0.304107040331,1.0,-0.23348,-0.306859428571,1.306
0.416741639501,0.300576424469,-0.126583334457,-1.73025255159,0.0536684232175,2.02344162494,0.0975257596385,-0.279789525946,-1.01290906881,-0.00810623593997,-1.48865620202,-0.120919047712,0.443991263894,-0.303353023519,0.573555265819,0.819149178335,0.00311890770845,0.0,0.819120574893,-0.573491959214,-0.0113667675378,0.0,-0.00752255462904,0.00907440556224,-0.999930530755,0.0,0.609851169658,0.193161425484,0.304158591182,1.0,-0.24538,-0.322499428571,1.323
0.411682028681,0.282813475864,-0.126764937157,-1.75563189391,0.0515982279081,2.0312133866,0.0922517798706,-0.300679408881,-1.04075905113,-0.0116370419122,-1.50635235293,-0.122729381683,0.448398396858,-0.318417913533,0.573591474826,0.819123404524,0.00322723868151,0.0,0.819095599588,-0.573527119492,-0.0113924907386,0.0,-0.00748109092909,0.00917822927691,-0.999929894236,0.0,0.605625026269,0.187646929948,0.304219832548,1.0,-0.25728,-0.338139428571,1.34
0.407175586136,0.267696280313,-0.126943756355,-1.77710328597,0.0497362827844,2.0377211018,0.0875385874812,-0.326841244156,-1.0942988874,-0.00942043855076,-1.55229484035,-0.132260546783,0.442267171115,-0.330418341502,0.573551210667,0.819151491428,0.00325418708836,0.0,0.819123893666,-0.573486609339,-0.011397483786,0.0,-0.00747017694639,0.00920280020495,-0.999929749995,0.0,0.601450448243,0.182170033675,0.304254768654,1.0,-0.26848,-0.352859428571,1.356
0.399807988462,0.244438306161,-0.127246343413,-1.80996106829,0.0468041882415,2.04730363041,0.0802334544018,-0.361238889318,-1.13187173238,-0.0137814742831,-1.55447470769,-0.131041897514,0.442358033323,-0.348054598475,0.573675623011,0.819064637193,0.00318536705776,0.0,0.819036209052,-0.573611278753,-0.0114252374468,0.0,-0.00753099048784,0.00916348759532,-0.999929654864,0.0,0.596279342749,0.175294046445,0.304236741395,1.0,-0.28178,-0.370339428571,1.375
0.394218784794,0.22722664235,-0.127401629841,-1.83388055018,0.0446962829954,2.05421724636,0.0745906981609,-0.3692777326,-1.15982711072,-0.000972146776173,-1.61370314152,-0.135865519746,0.443338619112,-0.380228978678,0.573593159185,0.819121756915,0.00334394771611,0.0,0.819094747908,-0.57352758343,-0.0114303060434,0.0,-0.00744510945701,0.00929553433325,-0.999929079178,0.0,0.592008428071,0.169770426135,0.304295049577,1.0,-0.29228,-0.384139428571,1.39
0.387420155968,0.207234425036,-0.127633632454,-1.86148642975,0.0420601934239,2.06190399768,0.0678663260992,-0.409077224899,-1.18805888245,-0.0125465442507,-1.60598894366,-0.144930835062,0.43436146869,-0.398101911643,0.573507481107,0.819181871836,0.00331313605331,0.0,0.819154519915,-0.57344207573,-0.0114370095204,0.0,-0.00746924305765,0.00927335943553,-0.999929105093,0.0,0.586956733977,0.163203316904,0.304313104693,1.0,-0.30418,-0.399779428571,1.407
0.380040910781,0.186664754842,-0.127933757523,-1.88962843361,0.0393603243803,2.06945422974,0.0606849706477,-0.439130881958,-1.22676805137,-0.014321415637,-1.64916081634,-0.158312810278,0.430849903745,-0.429069019339,0.573492816025,0.819192432951,0.0032395469155,0.0,0.819163614284,-0.573427001443,-0.0115409683911,0.0,-0.0075967765626,0.00927255994771,-0.999928151728,0.0,0.581678587456,0.156298902923,0.304305801623,1.0,-0.31608,-0.415419428571,1.424
