position_joint1,position_joint2,position_joint3,position_joint4,position_joint5,position_joint6,position_joint7,velocity_joint1,velocity_joint2,velocity_joint3,velocity_joint4,velocity_joint5,velocity_joint6,velocity_joint7,ee_T_00,ee_T_10,ee_T_20,ee_T_30,ee_T_01,ee_T_11,ee_T_21,ee_T_31,ee_T_02,ee_T_12,ee_T_22,ee_T_32,ee_T_03,ee_T_13,ee_T_23,ee_T_33,v_x,v_y,time
0.465092856979,0.547649575721,-0.124024759703,-1.35581828731,0.0795257152063,1.89414826375,0.15913150901,0.000782554844606,-0.00307239420707,0.000295689347525,-0.00161781805542,-0.000376714549083,0.000229616090331,-0.00153794668634,0.573798801711,0.818981808707,0.00211637987607,0.0,0.818940858325,-0.573739589185,-0.0118110655385,0.0,-0.00845895975802,0.00851052905924,-0.999928005856,0.0,0.661695350999,0.260893111104,0.303320010135,1.0,0.0,0.0,0.0
0.465085433046,0.54765964275,-0.124022865744,-1.3558082159,0.0795273894737,1.89415062531,0.159136305355,-0.000690743989779,-0.00396344126613,0.000848652964318,0.000981345567449,0.000166756109192,-8.16381230673e-05,0.000399331008184,0.573807413905,0.818975767795,0.0021190595392,0.0,0.818934841861,-0.573748179306,-0.0118109453074,0.0,-0.00845723427701,0.00851274356792,-0.999928001601,0.0,0.661699272874,0.260890790436,0.303317817923,1.0,-0.00016,-0.000210285714286,0.009
0.46508750804,0.547654302722,-0.124022631765,-1.35581067957,0.0795253712851,1.89414875682,0.159135028637,0.000750928991178,-0.000969220277698,-1.44290026438e-05,-0.00261693296839,-5.77845790878e-06,-0.000113260975413,-0.000251051975704,0.573804082775,0.818978101406,0.0021191765742,0.0,0.81893718889,-0.5737448601,-0.0118094480428,0.0,-0.00845597547342,0.00851194589008,-0.999928019037,0.0,0.661697994842,0.26089162267,0.303320254385,1.0,-0.00038,-0.000499428571429,0.02
0.465085106687,0.547645911835,-0.124024140029,-1.35581998898,0.0795278403616,1.89414900271,0.159129109865,-0.000319755998031,-0.0017992157681,0.000278161092725,-0.00100273361921,-0.000210353406196,0.000115912260969,0.00142715794565,0.573803405568,0.818978573342,0.00212015689367,0.0,0.818937649521,-0.573744154903,-0.0118117658885,0.0,-0.00845731838036,0.00851407171796,-0.999927989582,0.0,0.661696965773,0.260888582625,0.303321843368,1.0,-0.00072,-0.000946285714286,0.037
0.465089608907,0.547597014768,-0.124022605151,-1.35585667226,0.0795246460591,1.89415711117,0.159136028517,0.000761644732714,-0.00663348729574,0.00128710048722,-0.00796698619353,-0.000251822721306,-0.000228311906934,0.00275828445316,0.573805436061,0.818977104067,0.00213809762251,0.0,0.818936409361,-0.573746110489,-0.0118027549157,0.0,-0.00843962333505,0.008523615027,-0.999928057785,0.0,0.661690119822,0.260888773905,0.303339669837,1.0,-0.00104,-0.00136685714286,0.053
0.465084001776,0.547476387675,-0.124019866452,-1.35600227306,0.0795234422825,1.89419439357,0.15913467042,-4.84169108736e-05,-0.00773141425613,0.000841985684699,-0.00895264283702,-0.000211479015837,0.0044065536177,0.0010942185045,0.573814677858,0.818970585512,0.00215463270322,0.0,0.818930004425,-0.573755183895,-0.0118060877181,0.0,-0.00843276924514,0.00853916419526,-0.999927982946,0.0,0.6616682655,0.260873287206,0.303358963881,1.0,-0.00138,-0.00181371428571,0.07
0.465071918182,0.54732807222,-0.124022609193,-1.35621796482,0.0795239168952,1.89426025205,0.159123482268,-0.000679047224503,-0.00536925224127,0.000155608660564,-0.0106031555267,0.000373492444729,0.000656313171392,-0.00104112879147,0.573829425995,0.818960236063,0.00216067347196,0.0,0.818919608716,-0.573769780107,-0.0118178169241,0.0,-0.00843875546724,0.00855099360943,-0.999927831353,0.0,0.661639620376,0.26084459634,0.303367172729,1.0,-0.00174,-0.00228685714286,0.088
0.465058142868,0.547153106959,-0.124022609193,-1.35641711828,0.0795199943467,1.89436355047,0.159116549656,2.45748843664e-05,-0.0100846359993,0.000446391843716,-0.00957353117032,5.71029732571e-05,0.00322221409223,5.7853649784e-06,0.573853214079,0.818943364229,0.00223646548037,0.0,0.818903685264,-0.573793233121,-0.0117824779857,0.0,-0.00836607447471,0.00859302812819,-0.999928081747,0.0,0.661623161531,0.260816605546,0.303405937209,1.0,-0.0021,-0.00276,0.106
0.465044887142,0.546969847365,-0.124020891895,-1.35663276535,0.079518302736,1.89448635124,0.159100263842,0.000147162208394,-0.00825866520625,0.00076568691804,-0.01720243598,0.00028512726517,0.00127426309264,-0.00130379360247,0.573852404645,0.818943713671,0.00231482668617,0.0,0.818905019676,-0.57379209173,-0.0117452594473,0.0,-0.00829063676404,0.00863583483661,-0.999928341282,0.0,0.6616039371,0.260795774749,0.303443248083,1.0,-0.00242,-0.00318057142857,0.122
0.465013079931,0.546730681192,-0.124022925439,-1.35696756643,0.0795081576709,1.89462128931,0.159074582438,-0.00210334074075,-0.0144064270944,0.000840306673633,-0.0209119225458,-2.3922804213e-06,0.00815863105407,0.000668948034104,0.573875928792,0.818927118612,0.00235364756273,0.0,0.818888863101,-0.573815399123,-0.0117330523905,0.0,-0.00825811456536,0.00866085886331,-0.99992839397,0.0,0.661571798922,0.260746337883,0.303464849269,1.0,-0.00276,-0.00362742857143,0.139
0.464988470313,0.546468221803,-0.124025797668,-1.35735365588,0.0795030929547,1.89475799342,0.158965942541,-0.000473039304125,-0.0182681136206,-0.000573523600219,-0.0234630884404,-0.000885540935536,0.0119503605445,-0.0020306552956,0.573829325114,0.8189597123,0.00237532522914,0.0,0.818921578674,-0.573768552854,-0.0117406404951,0.0,-0.00825238352678,0.00868249606319,-0.99992825364,0.0,0.661524770472,0.260694469318,0.303478908794,1.0,-0.0031,-0.00407428571429,0.156
0.464951482087,0.546201839701,-0.124019799538,-1.35776261036,0.0794907668512,1.89490264744,0.158932750566,-0.00117127620863,-0.0210306254012,0.00163983354604,-0.0271809081546,-0.00354727082531,0.00979859185768,0.00052179139242,0.573847806879,0.818946732978,0.00238536894117,0.0,0.818908583845,-0.573786841188,-0.011753258527,0.0,-0.00825675833093,0.0086981481973,-0.999928081494,0.0,0.661475754875,0.260636247033,0.303485230659,1.0,-0.00342,-0.00449485714286,0.172
0.464900489506,0.545900850109,-0.124025885695,-1.35827066377,0.0794677151495,1.89506564984,0.158883371287,-0.0022694787963,-0.0239112234895,-0.00278460882459,-0.0346145708146,0.000127095229521,0.00889357849167,-0.0144099851269,0.573871620022,0.818930167796,0.00234326855147,0.0,0.818891392554,-0.573810726936,-0.0117848952445,0.0,-0.00830657353636,0.00868206652965,-0.999927808673,0.0,0.661410639494,0.260545291008,0.303468165146,1.0,-0.00378,-0.004968,0.19
0.464850103279,0.545606952425,-0.124023301193,-1.35877368134,0.0794182637626,1.89522593955,0.158823834499,-0.00253065310625,-0.0254786694504,0.000152595177675,-0.0366903497919,-0.00804205858871,0.0115309968529,-0.00163335002933,0.573881155818,0.818923611103,0.00229892938083,0.0,0.818884375669,-0.573820551529,-0.011794101483,0.0,-0.00833945581129,0.00865113650279,-0.999927803051,0.0,0.661355061292,0.260465142242,0.303453239629,1.0,-0.00406,-0.005336,0.204
0.464785834174,0.545232423895,-0.124027851149,-1.35941404167,0.0793515396911,1.89543763805,0.158708979156,0.000842593672203,-0.0232714378472,-0.0069627440475,-0.0411685758173,-0.00111084523584,0.0133293082581,-0.00661209264593,0.573860870111,0.81893799979,0.00223632648167,0.0,0.818898174828,-0.573800740679,-0.0117998372966,0.0,-0.00838029070853,0.00860295420589,-0.999927877352,0.0,0.66128156459,0.260352463759,0.303431994075,1.0,-0.0044,-0.00578285714286,0.221
0.46470146672,0.544772406845,-0.1240210936,-1.36019482068,0.0793329716749,1.8956832112,0.158657416711,-0.00472845399583,-0.0205268191598,0.00190081478186,-0.0419380465406,-0.000189631709284,0.0148257369925,-0.00555735341774,0.573921454609,0.818895669277,0.00218944743895,0.0,0.818854882626,-0.573861141937,-0.0118666707845,0.0,-0.00846128941269,0.0086035423285,-0.99992719017,0.0,0.661184658633,0.260227598986,0.303407049415,1.0,-0.00478,-0.00628228571429,0.24
0.464639927461,0.544375365302,-0.124027440876,-1.36089062887,0.0793041523931,1.89592081967,0.158537778539,-0.00248713959911,-0.0263535829371,0.00124332638623,-0.0435605623852,6.8565930085e-05,0.0152025767636,-0.00904644128766,0.573909443585,0.81890421105,0.00214256627931,0.0,0.818862685323,-0.573849190242,-0.0119061473261,0.0,-0.00852064830714,0.00858768330361,-0.999926822446,0.0,0.661101582307,0.260117305115,0.303377660944,1.0,-0.0051,-0.00670285714286,0.256
0.464563928803,0.543855351946,-0.1240327736,-1.36171784069,0.0792632839377,1.89622178653,0.158462224492,-0.00354767759625,-0.0340642170825,0.000659045915142,-0.0457674966,-0.00101445106841,0.0158708824858,-0.000651127040765,0.573948775315,0.818876651254,0.00214015082427,0.0,0.818835027532,-0.573888459817,-0.011915547698,0.0,-0.00852932015236,0.00859150988081,-0.999926715643,0.0,0.661008265315,0.259986417077,0.303378150547,1.0,-0.00546,-0.007176,0.274
0.464488454894,0.543383901789,-0.124040929598,-1.36250679932,0.0792176150357,1.89647838745,0.158337394028,-0.00608445031925,-0.031368392294,-0.000851185350298,-0.0502075364794,-0.00106727980649,0.0108925008494,-0.0143095437396,0.573945686685,0.818878951176,0.00208781164247,0.0,0.818836605626,-0.573885545976,-0.0119473975132,0.0,-0.00858547271752,0.00856689880769,-0.999926446246,0.0,0.660914276969,0.259854356893,0.303358664837,1.0,-0.00578,-0.00759657142857,0.29
0.464415502013,0.542867008724,-0.124038591152,-1.36332938653,0.0791716838306,1.89677260607,0.158270353743,-0.00491992285547,-0.036846817896,-0.000797657119395,-0.0548209559619,-0.00563440924992,0.0215874016948,-0.00623284104966,0.573982391199,0.818853243929,0.00208000062422,0.0,0.81881073192,-0.573922213767,-0.0119592950441,0.0,-0.00859931454252,0.00856771655507,-0.999926320297,0.0,0.660818090644,0.259729170671,0.303358186335,1.0,-0.0061,-0.00801714285714,0.306
0.464339283346,0.542243347485,-0.124047480351,-1.36428917538,0.0791135733175,1.89711409889,0.158127622415,-0.00555163833057,-0.0334562478118,-0.000170684591751,-0.0571790796843,-0.00449066334201,0.0205041045683,-0.00219592649152,0.57397193042,0.818860568896,0.00208295442785,0.0,0.818818113079,-0.573911759681,-0.0119556135132,0.0,-0.00859471391676,0.00856791234062,-0.999926358174,0.0,0.660706499646,0.259581681692,0.303372302881,1.0,-0.00646,-0.00849028571429,0.324
0.464259239594,0.541626907102,-0.124049861136,-1.36524739471,0.0790564985579,1.89746526102,0.158005681577,-0.00554563256398,-0.0404018860323,-0.000886422519458,-0.0635499116116,-0.00134194540126,0.0177604108258,-0.00671383904434,0.573977272838,0.818856804658,0.00209060573192,0.0,0.818814440474,-0.573917061691,-0.0119526261261,0.0,-0.00858782028025,0.00857251895732,-0.999926377921,0.0,0.660596292094,0.259436359038,0.303382602657,1.0,-0.0068,-0.00893714285714,0.341
0.464188753691,0.541052960286,-0.124050598864,-1.36612714185,0.0790089762111,1.89779307433,0.15787483425,-0.00699754135129,-0.043016272706,0.000171244461778,-0.0608940603787,-0.00225885354622,0.0287197153902,-0.0106516041278,0.57396369322,0.818866265492,0.00211305622917,0.0,0.818824131596,-0.573903328811,-0.0119481210943,0.0,-0.00857138832199,0.00858817449113,-0.999926384571,0.0,0.660487310935,0.259296694481,0.303399019246,1.0,-0.00712,-0.00935771428571,0.357
0.464092153813,0.540277121861,-0.124045022057,-1.36730969807,0.0789415793196,1.8982227331,0.157734502217,-0.0045386853197,-0.0400204651097,0.00105808900329,-0.0661271954993,-0.00111799973869,0.0261800926189,-0.0122245534687,0.573972252015,0.818860207642,0.00213568680388,0.0,0.818818296553,-0.573911721101,-0.0119448949004,0.0,-0.00855566815219,0.00860494332862,-0.999926375036,0.0,0.660355436064,0.259134520907,0.303420613337,1.0,-0.00748,-0.00983085714286,0.375
0.46399234435,0.539539069057,-0.124048862345,-1.36845051666,0.0788625731208,1.89865073056,0.157591843625,-0.00742599531338,-0.0396728949658,0.00141643390334,-0.067782465926,-0.00504259493775,0.0288233826398,-0.0137168524374,0.573981919536,0.818853393416,0.0021501252382,0.0,0.818811779713,-0.573921438453,-0.0119247133807,0.0,-0.00853075329114,0.00860528342741,-0.999926584978,0.0,0.660227710111,0.25895691408,0.303436343532,1.0,-0.00782,-0.0102777142857,0.392
0.463895307426,0.538829357461,-0.124052166518,-1.36954169759,0.07880957917,1.89905962275,0.157465343326,-0.00510349025719,-0.0437050442025,-0.000969372734567,-0.0652051980995,-0.00102913336797,0.0303409287368,-0.0111476632829,0.574006304377,0.81883622296,0.00217931326032,0.0,0.818794890503,-0.573945601603,-0.0119214339653,0.0,-0.0085110585644,0.00862755492283,-0.999926560892,0.0,0.660104396268,0.258789887353,0.303453926587,1.0,-0.00814,-0.0106982857143,0.408
0.463777452575,0.538051987352,-0.124056700517,-1.37074355335,0.0787442959573,1.89952835699,0.157304083949,-0.00789905749729,-0.0461003900442,-0.000354634180775,-0.0649758783605,-0.00426713846887,0.0325842611456,-0.0128659608131,0.574023008873,0.818824406873,0.00221875964212,0.0,0.818783569849,-0.57396212634,-0.0119033682019,0.0,-0.00847344754582,0.00864965770412,-0.999926689367,0.0,0.65997531379,0.258598238412,0.303471721568,1.0,-0.00848,-0.0111451428571,0.425
0.463682859755,0.537299320689,-0.12406346151,-1.37194103041,0.0786709610277,1.89997010367,0.157171185281,-0.0116092896615,-0.0464416109952,4.14560759801e-05,-0.0726004194855,-0.00465453721091,0.0213597385736,-0.00366028893594,0.574042814108,0.818810538165,0.00221293055534,0.0,0.818769652271,-0.573981980054,-0.0119033606535,0.0,-0.00847657808122,0.00864508547288,-0.999926702374,0.0,0.659835891159,0.258417729486,0.303471742679,1.0,-0.0088,-0.0115657142857,0.441
0.463576942126,0.536509512589,-0.124066659163,-1.37315701018,0.0785930203189,1.90043138474,0.157019340118,-0.0109219943421,-0.0498947523625,-0.000485048825998,-0.0735907463269,-0.0017831979466,0.0287499897332,-0.00703778152413,0.574053587805,0.81880291428,0.00223892739493,0.0,0.818762428451,-0.573992711558,-0.0118827495836,0.0,-0.00844466456829,0.00865465129133,-0.999926889653,0.0,0.659699171405,0.258230700922,0.303490612475,1.0,-0.00912,-0.0119862857143,0.457
0.463447945005,0.535546999086,-0.124073039715,-1.37469023614,0.0785141166675,1.90098185671,0.156838154953,-0.00672007126022,-0.0450783925325,-0.000851791769629,-0.0772572055225,-0.00747827579214,0.0269172544104,-0.0119033645395,0.574078442661,0.818785520243,0.00222719874527,0.0,0.818744748147,-0.574017473383,-0.0119048113706,0.0,-0.00846919923328,0.00865796954029,-0.999926653424,0.0,0.65951759652,0.257997115816,0.303488086947,1.0,-0.0095,-0.0124857142857,0.476
0.463333936661,0.534707961746,-0.124076449266,-1.37605050195,0.0784376444603,1.90147153272,0.156672025084,-0.00464418030644,-0.0465271042547,0.000111662921101,-0.0860902456226,-0.00353840067479,0.0272219920074,-0.0155027169004,0.574092303027,0.818775870758,0.00220181059891,0.0,0.818734693266,-0.57403135806,-0.011926814638,0.0,-0.00850164339532,0.00864995774715,-0.99992644744,0.0,0.659355758336,0.257790342805,0.303475198124,1.0,-0.00982,-0.0129062857143,0.492
0.463197062201,0.533744259103,-0.124079436557,-1.37761568429,0.0783416350061,1.90203525391,0.156486637703,-0.00728954206535,-0.0539841578529,0.000133441975024,-0.0877095785479,-0.008999802828,0.0342175005935,-0.00802205738185,0.574114650082,0.818760294161,0.0021670642351,0.0,0.818718644675,-0.574053824157,-0.0119471642094,0.0,-0.00853801655441,0.00863342411321,-0.999926280413,0.0,0.659170844692,0.257547939226,0.303458934102,1.0,-0.01018,-0.0133794285714,0.51
0.463092601675,0.532990569826,-0.124079417238,-1.37882598329,0.0782793838217,1.90249836466,0.156320568812,-0.00591487356795,-0.0499180535948,-0.00314731941081,-0.0866456188458,-0.00842028121677,0.0351662263359,-0.00770597881577,0.574113865514,0.818760817562,0.00217714293904,0.0,0.818719204633,-0.574052902522,-0.0119530737418,0.0,-0.00853707757103,0.0086450605503,-0.999926187893,0.0,0.659031672529,0.257366657512,0.303454511248,1.0,-0.01046,-0.0137474285714,0.524
0.462960685383,0.53208485098,-0.124080846841,-1.38029018399,0.0781999423397,1.9030522948,0.15614596343,-0.0133288784746,-0.0587761528571,-0.000410819489359,-0.0883436591308,-0.00127170864095,0.0351192122893,-0.0117504296925,0.574138726225,0.818743387903,0.00217594005815,0.0,0.818701680415,-0.574077685165,-0.0119631426529,0.0,-0.00854574984613,0.00865011580802,-0.999926070095,0.0,0.658863521262,0.257141696206,0.303444197136,1.0,-0.01078,-0.014168,0.54
0.462812565374,0.530956822939,-0.124084800283,-1.3820713104,0.0780909992909,1.90368913171,0.15591692666,-0.00769691828053,-0.0586140197938,-0.00157903270584,-0.0968087508783,-0.00858143185615,0.0308346296051,-0.0120164851989,0.574142942508,0.818740471937,0.00216057431951,0.0,0.818698536406,-0.574081936164,-0.0119743040663,0.0,-0.00856366555093,0.00864398762787,-0.999925969815,0.0,0.658649779975,0.256870793993,0.303446733933,1.0,-0.01116,-0.0146674285714,0.559
0.462680483422,0.529935108873,-0.124083085858,-1.38371541102,0.0779917683514,1.90427369043,0.155695931386,-0.0020947459277,-0.0571710945481,0.000480857646297,-0.0936029863127,-0.00393064039332,0.0348742141358,-0.0182331852809,0.574136179194,0.818745296178,0.00212946642439,0.0,0.818702858042,-0.574075205365,-0.0120014882421,0.0,-0.00860385382129,0.00863405508403,-0.999925710637,0.0,0.658437394588,0.256613848364,0.303432205303,1.0,-0.01152,-0.0151405714286,0.577
0.462546162468,0.528937692707,-0.124082927526,-1.38527334864,0.077885931666,1.90485502533,0.155475850641,-0.0117043024503,-0.0677981062032,0.00271640786559,-0.0978934706751,-0.00524986373429,0.0318345309339,-0.0133809268858,0.574117343855,0.81875847717,0.00213973117138,0.0,0.818716282331,-0.574056439586,-0.0119833266753,0.0,-0.00858328909712,0.00863183462076,-0.999925906545,0.0,0.658266587969,0.256388824916,0.303445909097,1.0,-0.01182,-0.0155348571429,0.592
0.462397049205,0.527771049864,-0.124089033362,-1.38708713646,0.0777667718384,1.90555833831,0.155221865514,-0.00988757556431,-0.0646925733027,-0.000651072461778,-0.0964545406141,-0.00752752017075,0.0317928081215,-0.0220160568721,0.574102147108,0.818769028244,0.00217944392675,0.0,0.818727486965,-0.574041218386,-0.0119469068147,0.0,-0.00853083088103,0.00864328191273,-0.999926256582,0.0,0.658059255308,0.256115579528,0.303465102062,1.0,-0.01218,-0.016008,0.61
0.462258942287,0.526674995279,-0.124089299407,-1.38875977932,0.0776672115998,1.90618928752,0.155000231259,-0.00945616455295,-0.0652173271572,-0.000557215387953,-0.0996673842508,-0.00374967388496,0.039706639075,-0.0105679414557,0.574097586568,0.818772099513,0.00222644498082,0.0,0.818731155848,-0.574036452604,-0.0119244466094,0.0,-0.0084855069795,0.0086688227939,-0.999926421134,0.0,0.657862923129,0.255867093841,0.303495040465,1.0,-0.0125,-0.0164285714286,0.626
0.462111972077,0.52557061667,-0.124094355576,-1.39048700047,0.0775602123604,1.90681224387,0.154771191809,-0.00825769785054,-0.0684427078745,-0.000171925027402,-0.104692245251,-0.00441712644012,0.036424404477,-0.00884331330352,0.574098182892,0.81877168709,0.0022243475157,0.0,0.818730712507,-0.574037053646,-0.0119259523664,0.0,-0.00848793766407,0.00866797609458,-0.999926407844,0.0,0.657655669707,0.255601928297,0.303504052994,1.0,-0.01282,-0.0168491428571,0.642
0.461948183643,0.524320545576,-0.124104555669,-1.39246240745,0.0774382419631,1.90751899889,0.154495169757,-0.00860093434366,-0.0770643653788,-0.000662726956678,-0.110443575042,-0.00175979552735,0.0456033630659,-0.015838643685,0.574086787607,0.818779728532,0.00220529849468,0.0,0.818738505266,-0.574025736379,-0.0119356973062,0.0,-0.00850697269347,0.00865785560812,-0.999926333763,0.0,0.657416396687,0.255298468902,0.303504542884,1.0,-0.01318,-0.0173222857143,0.66
0.461796998035,0.523140298359,-0.12410853551,-1.39436602847,0.0773201191532,1.90822050635,0.154237065381,-0.00775860223178,-0.0698592285087,0.000726993023405,-0.113974840149,-0.00458480352468,0.0419941656595,-0.0123911480863,0.574072439101,0.818789848448,0.00218303565216,0.0,0.818748335671,-0.574011480907,-0.0119469462763,0.0,-0.00852911501527,0.00864593585659,-0.999926248275,0.0,0.657185621606,0.255014812418,0.303489142744,1.0,-0.01352,-0.0177691428571,0.677
0.461650385743,0.521965868887,-0.124112077482,-1.39620644435,0.0772113612174,1.90893636057,0.153993539616,-0.00425806312104,-0.0759858309909,-0.000391301653993,-0.119653143217,-0.0087653261936,0.0444220497579,-0.013699713571,0.57406508354,0.818794894577,0.00222426982035,0.0,0.818753932699,-0.574003972794,-0.0119240851954,0.0,-0.00848680376433,0.00866649748356,-0.999926430285,0.0,0.656970068109,0.254744328386,0.303500643343,1.0,-0.01384,-0.0181897142857,0.693
0.461465019254,0.520654938891,-0.124117380376,-1.39834752201,0.0770763691612,1.90974477494,0.153708323515,-0.00929292066054,-0.0778256238836,-0.000725996299658,-0.116907267376,-0.0103101490868,0.0477457827618,-0.0230359507922,0.574065221021,0.818794866389,0.00219902034119,0.0,0.818753623244,-0.574004260972,-0.0119314589015,0.0,-0.00850733404385,0.00865005800378,-0.999926398173,0.0,0.656716724168,0.254415570093,0.303472709374,1.0,-0.0142,-0.0186628571429,0.711
0.461323092554,0.519574015987,-0.124118108302,-1.40004078184,0.0769683222948,1.9103575626,0.153473363577,-0.0110697730614,-0.0816888136022,-0.000970260882667,-0.12276163715,-0.00627864195608,0.0405857153526,-0.0155199829649,0.574050487015,0.818805202539,0.00219671449853,0.0,0.818763929668,-0.573989538499,-0.011932479628,0.0,-0.00850964909449,0.00864860284934,-0.999926391061,0.0,0.656509757926,0.254159297327,0.303478899722,1.0,-0.01448,-0.0190308571429,0.725
0.461156368856,0.518223790716,-0.124124172426,-1.40211207794,0.0768384215743,1.91110401209,0.153194235588,-0.0120996301492,-0.0790892804643,-0.000341778901216,-0.12536874998,-0.00705309847211,0.044230212906,-0.0174590727136,0.57403755139,0.818814219615,0.00221590857786,0.0,0.818773202376,-0.57397653251,-0.0119218328854,0.0,-0.00849005022831,0.0086580730148,-0.999926475706,0.0,0.656255319295,0.253847883254,0.303505611521,1.0,-0.01482,-0.0194777142857,0.742
0.460960142838,0.5167986419,-0.124127363859,-1.40436371757,0.0766831563081,1.91190863078,0.152887503079,-0.0094075100357,-0.078233083392,0.000131269380709,-0.125963634251,-0.0115284104992,0.0421313493167,-0.0144508165659,0.574026407575,0.818822109828,0.00218695297149,0.0,0.818780809358,-0.573965602811,-0.0119255992883,0.0,-0.00850987243102,0.00863641031932,-0.999926494542,0.0,0.655979184276,0.253498302885,0.303503592114,1.0,-0.01518,-0.0199508571429,0.76
0.460790165711,0.515514240037,-0.124132777211,-1.40640826811,0.0765564763124,1.9126999891,0.152608664236,-0.0109954555224,-0.0771048355958,0.000393050819281,-0.131256065819,-0.00635592655399,0.0577703597287,-0.0116182224172,0.574017328717,0.818828414392,0.002209302792,0.0,0.818787471889,-0.573956502885,-0.0119061150074,0.0,-0.00848118485786,0.0086434321925,-0.999926677604,0.0,0.655721788664,0.253167752402,0.303502304908,1.0,-0.01552,-0.0203977142857,0.777
0.460578561425,0.513954549585,-0.124134082348,-1.40890563875,0.0764027132513,1.91359360436,0.152262409155,-0.012355520882,-0.0866187958844,-0.000281959698616,-0.132578045739,-0.0113592743972,0.042898023855,-0.0164770556523,0.573995730407,0.818843660284,0.00216988224944,0.0,0.818802117118,-0.57393497834,-0.0119365213522,0.0,-0.00852893772175,0.00862838259492,-0.999926401409,0.0,0.655425747369,0.252811495046,0.303482125248,1.0,-0.01588,-0.0208708571429,0.795
0.46039971995,0.512622402801,-0.12413975581,-1.41105842324,0.0762800158981,1.91433728708,0.151968925109,-0.0140840803393,-0.0799120219704,-0.00152013238922,-0.1345484495,-0.0131243111287,0.0409019995068,-0.015690362339,0.573985599485,0.818850921723,0.00210866748865,0.0,0.818808402634,-0.573924922198,-0.0119887596245,0.0,-0.00860695575501,0.00860813577149,-0.999925907411,0.0,0.655150265762,0.252483685579,0.303455523252,1.0,-0.0162,-0.0212914285714,0.811
0.460206272073,0.511271921245,-0.12414292439,-1.41322282941,0.0761384311717,1.91515712362,0.15164979347,-0.00821355464517,-0.0901359846007,-0.00123623926448,-0.13460143958,-0.0125545731898,0.0505444082912,-0.0202394911034,0.573960099271,0.81886880296,0.00210591647446,0.0,0.818826328476,-0.573899517143,-0.0119806059382,0.0,-0.00860212561306,0.00860093522311,-0.999926010937,0.0,0.654891065005,0.252148759808,0.303442315496,1.0,-0.01652,-0.021712,0.827
0.459992421654,0.509718800602,-0.124143362969,-1.41569945616,0.07598949898,1.91609806873,0.151308567685,-0.0118707453156,-0.0888316323362,-0.00191839808233,-0.136421455125,-0.0146631814399,0.0558300336557,-0.0250509491512,0.573945366143,0.818879093933,0.00211969397982,0.0,0.818836764895,-0.573884694333,-0.0119773522843,0.0,-0.00859170887163,0.00861019497619,-0.999926020804,0.0,0.654590934002,0.251774753309,0.303432336394,1.0,-0.01688,-0.0221851428571,0.845
0.459825353129,0.508481068598,-0.124146550835,-1.41764760743,0.0758665148751,1.91678447204,0.1510398319,-0.0103910841538,-0.0854508165523,0.000928901134447,-0.134658941827,-0.00360055794016,0.0521538517227,-0.0219869206659,0.573932241642,0.818888349876,0.00209746099983,0.0,0.818845690019,-0.573871623294,-0.0119934488947,0.0,-0.00861778814508,0.00860108950648,-0.999925874746,0.0,0.654344433681,0.251475412559,0.303430699329,1.0,-0.01716,-0.0225531428571,0.859
0.459609787394,0.506882227438,-0.124150484741,-1.42018583316,0.0757035216295,1.91770801347,0.15068013213,-0.0105641473713,-0.0852702562082,0.00016409411652,-0.137928693982,-0.00570300590677,0.0590401644217,-0.0153528177889,0.573904455883,0.818907871252,0.00207865845886,0.0,0.818864975052,-0.573843928791,-0.0120018716484,0.0,-0.00863576789125,0.00859023361362,-0.999925812948,0.0,0.654027338064,0.251088317998,0.303420955008,1.0,-0.01752,-0.0230262857143,0.877
0.459366276137,0.505196984204,-0.124158806398,-1.42279219004,0.0755402880899,1.91869079221,0.150332284254,-0.0106575255932,-0.086322939574,-0.000269198331128,-0.145732061713,-0.0108155706229,0.0544866753975,-0.0184568791708,0.573915583646,0.81889995012,0.0021263685316,0.0,0.818857732545,-0.573854912407,-0.011970808601,0.0,-0.00858283278495,0.00861159271916,-0.999926084994,0.0,0.653714919287,0.250677454169,0.303443794874,1.0,-0.01788,-0.0234994285714,0.895
0.459154369534,0.503637272044,-0.124159161576,-1.42513506234,0.0753955001189,1.91958388501,0.150010230896,-0.0152222410372,-0.0978147910421,-0.00105827123616,-0.142486175603,-0.0149388234147,0.0625910453546,-0.017609786996,0.573907194496,0.818905582973,0.00221927516976,0.0,0.81886459843,-0.573846167088,-0.0119202708425,0.0,-0.0084882172181,0.0086585817721,-0.999926486863,0.0,0.653432728295,0.250318487996,0.303495626222,1.0,-0.0182,-0.02392,0.911
0.458906189871,0.501853463219,-0.124163065959,-1.42778971387,0.0752257756079,1.92055935301,0.149628351805,-0.0142630794167,-0.0934828170736,-0.000267291116478,-0.14908505016,-0.00874775597507,0.054159717361,-0.0187710720383,0.573890522791,0.818917026975,0.00230600987701,0.0,0.818877209615,-0.573829191091,-0.0118710541254,0.0,-0.00839831426262,0.00870119191644,-0.999926876115,0.0,0.653108071629,0.24990143217,0.303562120934,1.0,-0.01856,-0.0243931428571,0.929
0.458687280228,0.500226688695,-0.124160023175,-1.43021262956,0.0750679145945,1.9214113371,0.149285540211,-0.013011649877,-0.0987717688549,0.00147555537227,-0.147703349651,-0.00686560567949,0.055831695505,-0.0258615007252,0.57386746772,0.81893304946,0.00235306098219,0.0,0.818893814728,-0.573805924374,-0.0118502428269,0.0,-0.00835451601337,0.00872754395919,-0.999927013356,0.0,0.652799736295,0.2495266989,0.303617705856,1.0,-0.01888,-0.0248137142857,0.945
0.458436724787,0.498560680427,-0.124160735125,-1.43282861895,0.0749074723825,1.92239296791,0.148907965483,-0.0145333493493,-0.0902172427991,0.000321161332432,-0.151690842282,-0.00575770439628,0.0643612490834,-0.0214722268244,0.573853950612,0.818942446418,0.0023790171855,0.0,0.818903518468,-0.573792276222,-0.0118405273832,0.0,-0.00833180918918,0.00874308729141,-0.999927067031,0.0,0.65247957302,0.249115103251,0.30361968277,1.0,-0.01922,-0.0252605714286,0.962
0.458170069841,0.496895013245,-0.124162764558,-1.43548387303,0.074742398104,1.9233604922,0.148521398951,-0.0168953368687,-0.0950932869035,-0.000556384124649,-0.157573594387,-0.00561501785354,0.0534177637173,-0.0288374617802,0.573847262432,0.818947192194,0.00235853702686,0.0,0.818907939375,-0.573785607016,-0.0118579471962,0.0,-0.00835789887733,0.00873624343296,-0.999926909117,0.0,0.65215041569,0.248686058417,0.30360095775,1.0,-0.01956,-0.0257074285714,0.979
0.457907271001,0.495213544749,-0.124165491218,-1.4381966061,0.0745746122836,1.92428503666,0.148125072599,-0.016327343687,-0.0977328600964,0.00485465420107,-0.160291006196,-0.0105503724239,0.0508465956001,-0.0204484628862,0.573831197813,0.818958701817,0.0022689284112,0.0,0.818918109948,-0.573769719924,-0.0119241184085,0.0,-0.0084636810652,0.00870066523007,-0.99992632955,0.0,0.651797218109,0.248249425067,0.303561578169,1.0,-0.0199,-0.0261542857143,0.996
0.457612550516,0.493419101594,-0.124188361444,-1.44106802746,0.074390875094,1.92532350187,0.147715058435,-0.0163195561081,-0.117772475569,0.00270688957297,-0.179563549238,-0.0136797422553,0.0716955136185,-0.0264995988224,0.573847939553,0.81894708586,0.0022270461597,0.0,0.818906005912,-0.573786687552,-0.0119389099557,0.0,-0.00849964972215,0.00867502737536,-0.999926247208,0.0,0.651443228996,0.247768075743,0.303535147576,1.0,-0.0257468571429,-0.0338387265306,1.013
0.457340165325,0.491271543758,-0.124254780083,-1.44436058327,0.0742044543053,1.92656798015,0.147241075784,-0.0234716361734,-0.150339384594,-0.00260168299095,-0.233609406613,-0.0173025054649,0.092532350741,-0.0411142674054,0.573845809754,0.818948361053,0.0023055274319,0.0,0.81890843871,-0.573784383367,-0.011882647672,0.0,-0.00840856109098,0.00870699108159,-0.99992673952,0.0,0.651040172128,0.247243978021,0.303572242872,1.0,-0.0329554285714,-0.0433128489796,1.028
0.456905681953,0.488276057405,-0.124265911343,-1.44917543222,0.073943569574,1.92832052853,0.146531793431,-0.0328100255067,-0.190453499598,-0.00102355750543,-0.306156028306,-0.0170332405107,0.109299626766,-0.0379055619516,0.573798990224,0.818981277095,0.00226571978918,0.0,0.818940390517,-0.573737269604,-0.011955297965,0.0,-0.00849140079564,0.0087155951513,-0.999925964516,0.0,0.650419128187,0.246500303746,0.303515674892,1.0,-0.0411251428571,-0.0540501877551,1.045
0.456300769441,0.484262097498,-0.124361079331,-1.45542313676,0.0735755453589,1.93067871576,0.145599971673,-0.0362843156013,-0.237545213516,-0.00703091374703,-0.365988513038,-0.024624001502,0.138326605237,-0.0511258670407,0.573810307671,0.818973084282,0.0023590111645,0.0,0.818933614622,-0.573748422084,-0.0118840187101,0.0,-0.00837937385227,0.00875121446028,-0.999926598476,0.0,0.64965719572,0.245464311979,0.303536788592,1.0,-0.0497754285714,-0.0654191346939,1.063
0.455600176362,0.47979855686,-0.124461061992,-1.46248187422,0.0731505984147,1.93312925013,0.144508212573,-0.0457987103039,-0.279961774239,-0.00515440844582,-0.44051802722,-0.0315775263981,0.151139144046,-0.071374163613,0.573792713164,0.818985777405,0.00222836936369,0.0,0.818944493629,-0.573731237217,-0.0119637242457,0.0,-0.00851979892255,0.00868977591978,-0.999925947669,0.0,0.64874630793,0.244271680621,0.303487975855,1.0,-0.0579451428571,-0.0761564734694,1.08
0.454821955865,0.474913974025,-0.124570162203,-1.47003147737,0.0726939972542,1.93584831388,0.143426893616,-0.0451130263287,-0.321174722756,-0.00559610159917,-0.488357308053,-0.0222619864086,0.172611524124,-0.0707267730443,0.573866037738,0.818934306213,0.00226268403566,0.0,0.818893552974,-0.57380449837,-0.0119370619515,0.0,-0.00847749448749,0.00870333937983,-0.999926189261,0.0,0.647792541202,0.242984775484,0.303515442019,1.0,-0.0656342857143,-0.0862622040816,1.096
0.45380614248,0.46873738055,-0.124637588303,-1.47948494903,0.0721334314442,1.93930676766,0.141981774998,-0.0567560809519,-0.362341667435,-0.000810828538384,-0.547555561599,-0.0341142000254,0.204849657282,-0.0911846351883,0.573864833225,0.818934684724,0.0024253339147,0.0,0.818895825432,-0.573802415897,-0.0118811406199,0.0,-0.00833837622767,0.008804434111,-0.999926474008,0.0,0.646590444881,0.241395148937,0.303585896015,1.0,-0.0742845714286,-0.0976311510204,1.114
0.452775398541,0.462620946324,-0.12468662821,-1.48882733221,0.071533464084,1.9426981821,0.140466476076,-0.0671413853232,-0.394008000423,-0.00108310602855,-0.603872159916,-0.037277741277,0.210587432763,-0.0857053553999,0.573781174707,0.818992902894,0.00255645514004,0.0,0.81895577811,-0.573718298432,-0.011810776666,0.0,-0.00820641517308,0.00887059580448,-0.999926980974,0.0,0.645386849945,0.239810708671,0.303652298938,1.0,-0.0819737142857,-0.107736881633,1.13
0.451543220248,0.455557002396,-0.124773384628,-1.49988579067,0.0708075739615,1.946431696,0.138825996649,-0.0785534221669,-0.431856673581,-0.0110478070639,-0.676596115184,-0.0482870650714,0.230104123989,-0.0986516591037,0.573824077443,0.818963551537,0.00231868549165,0.0,0.818923060608,-0.573761835168,-0.0119634531246,0.0,-0.00846742184084,0.00876391120414,-0.999925745557,0.0,0.643891032192,0.237890934179,0.303575624519,1.0,-0.0901434285714,-0.118474220408,1.147
0.450196472143,0.447680658932,-0.124886360445,-1.51153281585,0.0700031826114,1.95073839664,0.136971777116,-0.0792538855578,-0.469572354637,-0.00726497812108,-0.697213214833,-0.0469978354104,0.256385919156,-0.107219168746,0.573801371815,0.81897820766,0.00272543248481,0.0,0.818943864436,-0.573738530518,-0.0116529997771,0.0,-0.00798002088256,0.00891865518097,-0.999928385864,0.0,0.642397073159,0.235852037427,0.303812483034,1.0,-0.0983131428571,-0.129211559184,1.164
0.448686471603,0.439395487132,-0.124915279005,-1.52425363581,0.0691773876765,1.95516346533,0.134984911065,-0.101143752256,-0.501714666134,-0.0014957081691,-0.775963681806,-0.0603068317687,0.254553934294,-0.121521741838,0.573773868784,0.818997488835,0.0027217059586,0.0,0.818962599761,-0.573710488904,-0.0117167408574,0.0,-0.00803466477561,0.00895190747091,-0.99992765114,0.0,0.640659263686,0.233647232557,0.303811839838,1.0,-0.106482857143,-0.139948897959,1.181
0.447145381056,0.430959593545,-0.124985129463,-1.53691364614,0.0683182164704,1.95966953129,0.132893891377,-0.0998165008643,-0.533499442078,-0.00392976326531,-0.803593135045,-0.0515913829928,0.287930390898,-0.127762394893,0.573691650733,0.819054329121,0.00293985182487,0.0,0.819022424106,-0.573627713392,-0.0115871541281,0.0,-0.00780427852733,0.00905543249229,-0.999928543637,0.0,0.638946298112,0.231412886828,0.303933600294,1.0,-0.114172,-0.150054628571,1.197
0.445211977432,0.421004079004,-0.125039111093,-1.55214244083,0.0672372188839,1.96486639374,0.130372346408,-0.113999381841,-0.563768928359,-0.00473707449097,-0.859985542517,-0.0560576514001,0.27871129323,-0.136745902268,0.57359830975,0.819120050173,0.0028406613823,0.0,0.819086793241,-0.573534639488,-0.0116442838719,0.0,-0.00790900096033,0.00900606316409,-0.999928166685,0.0,0.636811864936,0.228676423678,0.303907509412,1.0,-0.122822285714,-0.16142357551,1.215
0.443215588655,0.410940281704,-0.125163089543,-1.56722457717,0.0661538385116,1.97017544111,0.127899395532,-0.122178010898,-0.608067548291,-0.00785562748699,-0.906045733904,-0.062364701932,0.311212010881,-0.158783586901,0.573624008351,0.819101370561,0.00303128508768,0.0,0.819071153312,-0.573560379598,-0.0114753504423,0.0,-0.00766099774738,0.00906554923067,-0.999929559984,0.0,0.634729026101,0.225892780636,0.304010905728,1.0,-0.130992,-0.172160914286,1.232
0.441283729259,0.401741231107,-0.125226039499,-1.58134565988,0.0652277654283,1.97484943928,0.125550353475,-0.136607665558,-0.62887874947,-0.00467978797166,-0.943425784356,-0.0575969512289,0.304823722934,-0.163388792769,0.573643568497,0.819088340742,0.00284486981321,0.0,0.81905468926,-0.573579366815,-0.0116992677885,0.0,-0.00795112829847,0.00904148776047,-0.999927512902,0.0,0.632674520878,0.223279692785,0.303908896065,1.0,-0.138200571429,-0.181635036735,1.247
0.438739205063,0.390010503372,-0.125370637079,-1.59878319801,0.0639406454413,1.9808913244,0.12256081494,-0.147614763102,-0.648034635245,-0.00523102496857,-0.990402947105,-0.0753214601624,0.338997484127,-0.160466379607,0.573708253445,0.819042245231,0.00306387958757,0.0,0.819012073735,-0.573644066916,-0.0115088865942,0.0,-0.0076688356179,0.00911227304122,-0.999929075205,0.0,0.63020762795,0.21992551852,0.304025898486,1.0,-0.146850857143,-0.193003983673,1.265
0.436479122324,0.379814566101,-0.125489248203,-1.61404442928,0.062773977626,1.98593440166,0.119815608131,-0.155795148196,-0.712560681733,-0.00624513046992,-1.00893591309,-0.0682464041903,0.352006025763,-0.184035296486,0.57364624152,0.819085963431,0.00298680467979,0.0,0.819055072834,-0.57358263325,-0.0115107514854,0.0,-0.00771526421975,0.00904963108466,-0.999929286937,0.0,0.627958795709,0.216965078818,0.30403181697,1.0,-0.154059428571,-0.202478106122,1.28
0.433692880918,0.367851021971,-0.125618093523,-1.63196434006,0.0614450308584,1.99183733772,0.116659038051,-0.170646695688,-0.701309253466,-0.0129288683957,-1.06247957521,-0.0858018071886,0.343630672226,-0.187883217376,0.573718768784,0.819035458755,0.00290491788174,0.0,0.819003343431,-0.573655222731,-0.0115739269021,0.0,-0.00781318564341,0.00901949020293,-0.999928798928,0.0,0.625283869069,0.213433738037,0.303998076983,1.0,-0.162229142857,-0.213215444898,1.297
0.430482268625,0.354672031585,-0.125799153426,-1.65144172248,0.0599184559187,1.99829028966,0.113061528029,-0.186757379608,-0.725733858389,-0.0130069004932,-1.09797800667,-0.0848542153977,0.351497219626,-0.205628356967,0.573784559676,0.818989195924,0.00295346222949,0.0,0.818958298859,-0.57372153551,-0.0114739410715,0.0,-0.00770271718805,0.00900250595481,-0.999929809054,0.0,0.622371333382,0.20947171243,0.304039364666,1.0,-0.170879428571,-0.224584391837,1.315
0.427603660181,0.343171265071,-0.125946402948,-1.66823912975,0.0586910938745,2.00374385138,0.109902225045,-0.19644914282,-0.76485267206,-0.00646705135877,-1.12508646254,-0.0887107394691,0.366347763976,-0.209811243957,0.573883231165,0.818919576684,0.00308396059393,0.0,0.818889923398,-0.573819267921,-0.0114668226664,0.0,-0.00762091627979,0.00910621682038,-0.99992949674,0.0,0.619800367046,0.206020321718,0.304117421977,1.0,-0.178088,-0.234058514286,1.33
0.423785863775,0.328287481035,-0.126057078598,-1.69012032819,0.0569717217239,2.01075540206,0.105674544999,-0.209091875887,-0.799469627578,-0.00664480924595,-1.1523088734,-0.100832797991,0.377955896957,-0.233859860989,0.573836585536,0.818952373458,0.0030545061996,0.0,0.818922055339,-0.573772381586,-0.0115181730123,0.0,-0.00768039170095,0.00911112698544,-0.999928996953,0.0,0.616353482606,0.20153591926,0.304094885871,1.0,-0.187218857143,-0.246059069388,1.349
0.420361293028,0.315244388333,-0.126110864119,-1.70913820547,0.0553511434087,2.0167560305,0.101975955115,-0.216927272819,-0.791830043647,-0.00445782578348,-1.20688161423,-0.0920339218895,0.370884516232,-0.230051201916,0.573752208356,0.819011716775,0.00299300753573,0.0,0.81898094434,-0.573688611418,-0.0115037749353,0.0,-0.00770482046365,0.00905170668497,-0.999929348678,0.0,0.613287131715,0.197604546505,0.30408815943,1.0,-0.194908,-0.2561648,1.365
0.416705596051,0.301790827409,-0.126193603871,-1.72847334613,0.0537403291799,2.02283033563,0.0979242378382,-0.230857324431,-0.857129597593,-0.00274239767963,-1.21869106044,-0.109798961026,0.379282504034,-0.252754633855,0.573572610824,0.819137093277,0.0031031323727,0.0,0.819107816446,-0.573508783673,-0.0114370882567,0.0,-0.00758901566955,0.00910197579479,-0.999929777973,0.0,0.61013771574,0.193520386636,0.30415703361,1.0,-0.202597142857,-0.266270530612,1.381
0.413012540028,0.288815334716,-0.126349691405,-1.74700446611,0.0522363802131,2.02848721061,0.0941527680446,-0.257121571584,-0.865047116009,-0.0113956103729,-1.23953111787,-0.095946208769,0.393264276889,-0.248195982474,0.573690774923,0.819054088971,0.00316875512461,0.0,0.819025271341,-0.573626266041,-0.0114568194983,0.0,-0.00756621935968,0.00916813869694,-0.999929346283,0.0,0.607070351469,0.189473186263,0.304216973554,1.0,-0.209805714286,-0.275744653061,1.396
