position_joint1,position_joint2,position_joint3,position_joint4,position_joint5,position_joint6,position_joint7,velocity_joint1,velocity_joint2,velocity_joint3,velocity_joint4,velocity_joint5,velocity_joint6,velocity_joint7,ee_T_00,ee_T_10,ee_T_20,ee_T_30,ee_T_01,ee_T_11,ee_T_21,ee_T_31,ee_T_02,ee_T_12,ee_T_22,ee_T_32,ee_T_03,ee_T_13,ee_T_23,ee_T_33,v_x,v_y,time
0.465063734852,0.547851090412,-0.12389585357,-1.35586293141,0.0795143927725,1.8940924519,0.15917556116,0.000703903366468,-0.000788406135748,0.000928780239599,-0.00376844141957,-0.000157413496042,-0.000289540549826,0.000210832839248,0.573768069751,0.819003911226,0.00188213480139,0.0,0.81895921736,-0.573709147101,-0.0120150627908,0.0,-0.00876075413933,0.00843541343718,-0.999926043759,0.0,0.66164723534,0.260934806473,0.303146870937,1.0,0.0,0.0,0.0
0.465060614573,0.547851657294,-0.123896563826,-1.35586083624,0.0795138348106,1.89409505875,0.159176367685,0.000347737230658,-0.000650311269725,0.000764757766041,-0.0011006950506,-5.5959220033e-05,0.000394606270594,0.000578782270132,0.573771539464,0.819001473902,0.00188497964849,0.0,0.818956832253,-0.573712618645,-0.0120118697149,0.0,-0.00875647097981,0.0084359483581,-0.999926076763,0.0,0.661649229896,0.260932659686,0.303147715304,1.0,-0.00012,-0.000157714285714,0.007
0.465057660964,0.547849258001,-0.12389907859,-1.35585831544,0.0795146628535,1.89409602584,0.159171758923,-0.000264990221527,-0.0011953522254,0.000662555662393,0.000948261970121,-0.000174929846482,-7.11081000813e-05,0.000734109089044,0.573772026098,0.819001121776,0.00188984082671,0.0,0.818956553145,-0.573713093512,-0.0120082177867,0.0,-0.00875068588868,0.00843783943327,-0.999926111451,0.0,0.661651367208,0.260929782138,0.303150783369,1.0,-0.00044,-0.000578285714286,0.023
0.465056682693,0.547839905007,-0.123896535049,-1.35587553493,0.0795110313298,1.89409875355,0.159173966425,0.00027946275107,-0.000540439730518,0.00110305725973,0.000574279354777,8.19656654853e-05,-6.95751254232e-05,0.00158763999614,0.573772837147,0.819000565412,0.00188470393,0.0,0.81895593556,-0.573713932187,-0.0120102675167,0.0,-0.00875530355096,0.00843481713456,-0.999926096529,0.0,0.66164808487,0.260928281318,0.303149359936,1.0,-0.00082,-0.00107771428571,0.042
0.465056281274,0.54777769872,-0.123896544195,-1.35594202399,0.0795109799986,1.89410451543,0.159174775725,0.000153707466002,-0.00509980981644,0.00023015723706,-0.00759841717485,-0.000271028346489,9.95243100489e-05,0.000904293470377,0.57377737948,0.818997372456,0.00188934059243,0.0,0.818952742256,-0.573718395318,-0.0120148127888,0.0,-0.00875631923794,0.00844127097673,-0.999926033173,0.0,0.661635747336,0.260921319624,0.303162283568,1.0,-0.00114,-0.00149828571429,0.058
0.46505567624,0.547652848236,-0.123899324923,-1.35610805959,0.0795093570903,1.89413619491,0.159168603876,0.000366393792596,-0.00578081654793,-0.000830766093695,-0.0117975542149,-2.85806410759e-05,0.00257434223132,-0.00020323130588,0.573783391444,0.818993166654,0.0018866846161,0.0,0.818948398237,-0.573724318229,-0.0120280754412,0.0,-0.00876864357279,0.00844676989001,-0.999925878737,0.0,0.661608186245,0.260903129215,0.303174544491,1.0,-0.00148,-0.00194514285714,0.075
0.465042767032,0.547500170818,-0.123899368768,-1.35631027619,0.0795065948311,1.89419580079,0.159157909745,0.00248678955341,-0.00927145772401,-0.000835261306529,-0.0128373800889,0.000626676066262,0.00451558197552,-0.00311258869242,0.573795682598,0.81898452121,0.00190146009263,0.0,0.818939839488,-0.57373644147,-0.0120325362911,0.0,-0.00876369275443,0.00846156170889,-0.999925797078,0.0,0.661581277202,0.260876169075,0.303191625448,1.0,-0.00182,-0.002392,0.092
0.465014129173,0.547280443573,-0.123898684299,-1.35656531682,0.0795035781704,1.89435293958,0.159149647574,-0.000539171907863,-0.0157418506879,-0.000200629786187,-0.0132291653351,0.000314940391516,0.0099253975726,-0.00073643804099,0.573825717316,0.818963216379,0.00201078731524,0.0,0.818919940658,-0.573765985921,-0.0119779419492,0.0,-0.00865593915158,0.00852008899797,-0.99992623868,0.0,0.661567436167,0.260840440698,0.303239497058,1.0,-0.00222,-0.00291771428571,0.112
0.464995550697,0.547124067576,-0.123899464709,-1.35675615677,0.079504134549,1.8944568834,0.159134038179,-0.00251870385569,-0.0145875501673,-0.000574468720724,-0.0135517154048,0.000364013667223,0.00850886854195,-0.00471749585508,0.573845308718,0.818949315974,0.00208000703211,0.0,0.81890684604,-0.573785190237,-0.0119532369859,0.0,-0.00859578351814,0.00856280582731,-0.999926392722,0.0,0.661549851368,0.260815571257,0.303270575961,1.0,-0.0025,-0.00328571428571,0.126
0.464966236843,0.546918165061,-0.12390220705,-1.35706585959,0.0794969812696,1.89456723877,0.15911528849,0.00128132564243,-0.0136122801972,-0.000718844434952,-0.0185643181418,-0.000172890817963,0.00289155369874,0.00168600658876,0.573865660068,0.818935037262,0.00208706514396,0.0,0.818892606446,-0.573805457102,-0.0119558943259,0.0,-0.00859369685165,0.00857032440989,-0.999926346245,0.0,0.661518607998,0.260765561621,0.303276571192,1.0,-0.0028,-0.00368,0.141
0.464931312847,0.546675967491,-0.123896955339,-1.35743674651,0.0794869401745,1.89469828401,0.159000565735,-0.00132882481834,-0.0173798171679,0.000783914145868,-0.0241413459015,0.000194610832579,0.00268556592361,-0.00963454544594,0.573814679957,0.818970730618,0.00209817967602,0.0,0.818928289688,-0.573754282602,-0.0119677251779,0.0,-0.00859754258735,0.00858568038728,-0.999926181452,0.0,0.661474501587,0.260711928514,0.303282761763,1.0,-0.00312,-0.00410057142857,0.157
0.464888680205,0.546385346241,-0.123899713091,-1.35790077678,0.0794757519434,1.89487415117,0.158946574168,0.000886137404524,-0.0154046901801,-9.58352723856e-05,-0.0230576176864,-3.55426065796e-05,0.00926518397163,-0.00460979427978,0.573830336645,0.818959734727,0.0021082084206,0.0,0.818917289238,-0.573769760412,-0.011978410833,0.0,-0.00860037550176,0.00860018942603,-0.999926032406,0.0,0.661423120575,0.26064099856,0.303283053269,1.0,-0.00348,-0.00457371428571,0.175
0.464839482307,0.546099980203,-0.123899752174,-1.35838698207,0.0794573697843,1.89504587845,0.158917710946,-0.000283266591079,-0.0141699448155,-0.00175215898375,-0.0289596003695,-0.00357312742581,0.0131875000963,-0.00257915363291,0.573869314546,0.818932472969,0.00208840607714,0.0,0.818889654255,-0.573808701466,-0.0120022988039,0.0,-0.00863089283294,0.00859809065789,-0.999925787509,0.0,0.66136712989,0.260563148713,0.303268588883,1.0,-0.0038,-0.00499428571429,0.191
0.464769166325,0.545715515564,-0.123899741456,-1.35904006669,0.0794126959706,1.89527037919,0.158807110849,-0.0043650225526,-0.0247703769308,-0.000700344580797,-0.0357880628578,-0.0013324494086,0.0139693722392,-0.00956891448735,0.573860889116,0.81893847989,0.00204768132463,0.0,0.818895140483,-0.573800459671,-0.0120219913873,0.0,-0.0086704778002,0.00857595206611,-0.999925635165,0.0,0.661292860819,0.260452180528,0.303249373523,1.0,-0.00418,-0.00549371428571,0.21
0.464711624685,0.545357277877,-0.123902661532,-1.35966728529,0.0793290509188,1.89546920953,0.158763559981,-0.00294381085409,-0.0273944275274,0.000297999186972,-0.0381907284859,-0.00320715433035,0.0157080712139,-0.00275122889239,0.573887014589,0.818920383497,0.00196134649315,0.0,0.818876295708,-0.57382732184,-0.0120234744853,0.0,-0.00872096203667,0.00850637980245,-0.999925790408,0.0,0.661218169398,0.260342637207,0.303221667601,1.0,-0.0045,-0.00591428571429,0.226
0.464643963401,0.544936780681,-0.123900240638,-1.36037278131,0.079312536246,1.89570324392,0.158647849081,-0.00404589240856,-0.0219798130358,4.65645056382e-05,-0.0409633784593,-0.00102582020521,0.0137944079588,-0.00901037724369,0.573880815582,0.818924794733,0.00193312695132,0.0,0.818880034752,-0.57382095031,-0.0120728029397,0.0,-0.00877761792128,0.00851151293544,-0.999925250992,0.0,0.66113172472,0.260234291333,0.303203751765,1.0,-0.00484,-0.00636114285714,0.243
0.464579574762,0.544492480061,-0.123909343226,-1.36111061066,0.0792862819688,1.89596917163,0.158548108478,-0.0013110934973,-0.0233114587684,-0.00152504451785,-0.0499870767982,-0.00296122463932,0.0208635401792,-0.00591239230547,0.57389239795,0.818916716658,0.0019166779846,0.0,0.81887159878,-0.573832464919,-0.0120976781934,0.0,-0.00880730842095,0.00851244260453,-0.999924982006,0.0,0.661047083886,0.26011850505,0.303190385523,1.0,-0.00518,-0.006808,0.26
0.464509038686,0.543998903627,-0.123906307855,-1.36190984796,0.0792547749806,1.89625393059,0.158468153996,-0.00329957499348,-0.0274724666863,-0.000575612970087,-0.0524921936523,-0.000366544873394,0.0222567336444,-0.00477295842137,0.573913656012,0.818901827041,0.00191311592451,0.0,0.818856451174,-0.573853531822,-0.0121236664095,0.0,-0.00883041425599,0.0085246691563,-0.999924674063,0.0,0.660956848573,0.26000859876,0.303188705615,1.0,-0.0055,-0.00722857142857,0.276
0.464439435084,0.543502050233,-0.123916708302,-1.36270626765,0.0792174011168,1.89652555944,0.158361401485,-0.00601212028148,-0.0343611021403,-0.000985556488032,-0.0523175668814,-0.00275080771018,0.0182028868749,-0.00464154690194,0.57392977706,0.818890586923,0.00188800253417,0.0,0.818844810861,-0.573869693637,-0.0121448487918,0.0,-0.00886200554038,0.00851643540525,-0.99992446474,0.0,0.660858841692,0.259871827049,0.303180191841,1.0,-0.00584,-0.00767542857143,0.293
0.464362253321,0.542983390593,-0.123907341154,-1.36352676501,0.079162674331,1.89682382193,0.158270371517,-0.00377264513622,-0.032259060855,-5.47476009197e-05,-0.0536460437693,-0.00333119447735,0.0139992971259,-0.00244926838181,0.573942901553,0.818881397788,0.0018838829645,0.0,0.818835553341,-0.573882820996,-0.0121487140291,0.0,-0.00886739858031,0.00851542247795,-0.999924425555,0.0,0.660763942356,0.259747059136,0.303182081769,1.0,-0.00616,-0.008096,0.309
0.464295587278,0.542414047704,-0.123910432257,-1.36439609227,0.0791088771748,1.8971364472,0.158131734772,-0.00723527773619,-0.0383576103791,0.00111644683808,-0.0555028577869,-0.00290262315122,0.0160619859648,-0.0109392580239,0.573920012779,0.81889741676,0.00189384712121,0.0,0.818851709532,-0.573859897123,-0.0121426179546,0.0,-0.00885692608486,0.0085198354377,-0.999924480781,0.0,0.660661944201,0.259618026385,0.303198171111,1.0,-0.00648,-0.00851657142857,0.325
0.464212388409,0.541725914672,-0.123916748322,-1.36546385952,0.0790518260636,1.89753894649,0.157987770143,-0.00118642064766,-0.0339150379793,-0.00110259159307,-0.0597596383824,-0.000534522421241,0.0240872293646,-0.0028140115392,0.573918788105,0.818898225172,0.00191529901767,0.0,0.818852764289,-0.573858543929,-0.0121354388728,0.0,-0.00883874882249,0.00853326855795,-0.999924527075,0.0,0.660540297176,0.259459783943,0.30321164337,1.0,-0.00686,-0.009016,0.344
0.464111559206,0.540988982846,-0.123913864773,-1.36659400259,0.0789866268623,1.89796364262,0.15785021162,-0.00716882550888,-0.0427627848004,-0.00237630897448,-0.0601424437793,-0.00229247010836,0.0180955429346,-0.0116193597747,0.57393197293,0.818888916837,0.00194402441337,0.0,0.818843792412,-0.573871561691,-0.0121252303873,0.0,-0.00881376614449,0.00855107435627,-0.999924595484,0.0,0.660412681661,0.259288665663,0.303231426752,1.0,-0.00724,-0.00951542857143,0.363
0.464052739054,0.540410634453,-0.123927079062,-1.36748962457,0.078933619878,1.89828871668,0.157733000635,-0.00201343177381,-0.0315350857163,-0.00209601219225,-0.066002488058,-0.00368648984544,0.0166434689126,-0.00421444570271,0.573928822353,0.81889111531,0.00194808648257,0.0,0.818846084322,-0.573868432702,-0.0121185411509,0.0,-0.00880598988507,0.0085505276637,-0.999924668672,0.0,0.660307103474,0.259156930245,0.30324252868,1.0,-0.00752,-0.00988342857143,0.377
0.463941246823,0.539675447863,-0.123916791113,-1.3686326881,0.0788640358404,1.89872967085,0.157603401852,-0.00479372577512,-0.0449114425406,0.00112686836992,-0.0675236131998,-0.0091944368397,0.0337475868637,-0.00938898036282,0.573951533831,0.818875127665,0.00197712061798,0.0,0.818830448573,-0.573890986648,-0.0121069746765,0.0,-0.00877961776654,0.00856790820693,-0.999924751799,0.0,0.660180605783,0.258981921675,0.303255876418,1.0,-0.00786,-0.0103302857143,0.394
0.46384573184,0.538953858851,-0.123921770697,-1.36972832033,0.0788034134338,1.89914267905,0.157463321591,-0.00430187154714,-0.0449007693828,-0.000798795850952,-0.0697467108064,-0.00214300689046,0.0225746211031,-0.0124033192793,0.573961304917,0.818868211167,0.00200501858808,0.0,0.818823892003,-0.573900630004,-0.0120932901352,0.0,-0.00875229793813,0.00858300295998,-0.999924861848,0.0,0.66004962876,0.258801797628,0.303275444606,1.0,-0.0082,-0.0107771428571,0.411
0.463722419123,0.538131891554,-0.123925540174,-1.37101964031,0.0787312476601,1.89964128626,0.157301395426,-0.00655504159274,-0.0438996071865,0.000200692045634,-0.073830713382,-0.00127807229342,0.0377126282053,-0.00930475047768,0.57398601657,0.818850809321,0.00203758622303,0.0,0.818806886043,-0.573925168078,-0.0120802200122,0.0,-0.0087226438562,0.00860243261793,-0.999924954003,0.0,0.659916695441,0.258609723382,0.303289461116,1.0,-0.00854,-0.011224,0.428
0.46360933903,0.537330557825,-0.123926495666,-1.37228281425,0.0786573720379,1.90010369026,0.157144111527,-0.00656587399646,-0.0484015280787,-0.00116391369342,-0.0762310427845,0.000247890176543,0.018406546329,-0.01227224001,0.574000288066,0.818840802696,0.00203863702858,0.0,0.818796855085,-0.573939395678,-0.0120841670203,0.0,-0.0087251229043,0.00860571062497,-0.999924904168,0.0,0.659770869847,0.258414564888,0.303294203117,1.0,-0.00888,-0.0116708571429,0.445
0.463500650086,0.536531912861,-0.123929622926,-1.37351657661,0.0785865307354,1.90057922729,0.156992650984,-0.00595847818561,-0.0520160701648,-0.000821827147233,-0.08377322673,-0.00828459113137,0.0278890915888,-0.00730264395821,0.574016485149,0.818829361597,0.00207322585409,0.0,0.818785867504,-0.57395544338,-0.0120664448576,0.0,-0.00869058739593,0.00862403233423,-0.99992504707,0.0,0.659633340674,0.258225893439,0.303312112548,1.0,-0.0092,-0.0120914285714,0.461
0.463353970689,0.53544382616,-0.123935299353,-1.37523497604,0.078490498334,1.90120736207,0.156776715587,-0.0120988923871,-0.0515299319237,0.00100420165892,-0.0812660618576,-0.00113867644126,0.0344321190564,-0.0110697218764,0.57403238691,0.818818212925,0.00207361084829,0.0,0.818774649819,-0.573971267997,-0.0120749008198,0.0,-0.00869712310915,0.00862937027756,-0.999924944192,0.0,0.659432808895,0.257963259354,0.303316776909,1.0,-0.00962,-0.0126434285714,0.482
0.463263446249,0.534818195568,-0.123940245901,-1.37624917984,0.0784349970966,1.90157002439,0.156671088854,-0.0123509407208,-0.0510073889033,-0.000339928887516,-0.0875753528698,-0.00621415991128,0.0315196864386,-0.00913576013862,0.574064196386,0.81879596449,0.00205276975264,0.0,0.818752068149,-0.574003102984,-0.0120927899055,0.0,-0.00872339931879,0.00862291321737,-0.999924771006,0.0,0.659313480059,0.257804156527,0.303307083755,1.0,-0.00986,-0.0129588571429,0.494
0.463118231871,0.533809975668,-0.123943652426,-1.37790584088,0.078327550616,1.90217573293,0.156451012342,-0.00582187191675,-0.0493147322618,-0.00154967142506,-0.0883862647982,-0.00775708388334,0.0319705087155,-0.018754412536,0.574067185025,0.818793975487,0.0020098965968,0.0,0.818749560294,-0.574006318644,-0.0121099371206,0.0,-0.00876201890751,0.0085976850006,-0.99992465058,0.0,0.659119641807,0.257546768049,0.303282366095,1.0,-0.01024,-0.0134582857143,0.513
0.463020467556,0.533046166678,-0.123944530765,-1.37915049609,0.0782702299159,1.90265062283,0.156308124922,-0.00641808197489,-0.0514814294065,-0.000320639031922,-0.0935661608417,-0.00465530421324,0.0321444353481,-0.00916577121389,0.574083703047,0.81878238818,0.00201236271262,0.0,0.818737846591,-0.574022668094,-0.0121269112042,0.0,-0.00877432843658,0.00860962536651,-0.999924439901,0.0,0.658973226625,0.257367048719,0.303269818545,1.0,-0.01052,-0.0138262857143,0.527
0.462867832601,0.531892012283,-0.123944893343,-1.38098902286,0.0781569571637,1.90333229834,0.1560667498,-0.00901398265684,-0.0577829731341,0.00041527197178,-0.0977344596209,-0.00250069991538,0.0395485933205,-0.0166048364158,0.574081208859,0.818784148641,0.00200760310169,0.0,0.818739540069,-0.574020190488,-0.0121298532831,0.0,-0.00877949591123,0.00860739059512,-0.999924413783,0.0,0.658756674651,0.257091129573,0.303267487611,1.0,-0.01092,-0.014352,0.547
0.462764512867,0.531076381338,-0.123939645386,-1.38231939017,0.0780904977711,1.90380307138,0.155894116713,-0.00941801103314,-0.0534785957287,-0.000217069945178,-0.0943530918576,-0.00251591154039,0.0347244119861,-0.0190574503234,0.574075287093,0.818788370918,0.00197871165482,0.0,0.818743169505,-0.574014187363,-0.0121688946537,0.0,-0.00882811083528,0.0086060840375,-0.999923997,0.0,0.658590652907,0.256900112535,0.30324977024,1.0,-0.0112,-0.01472,0.561
0.462611572604,0.529911448191,-0.12394768044,-1.38416464957,0.0779695540732,1.90445753068,0.155654337412,-0.0117128426487,-0.0640807348084,-0.00100327253283,-0.0966935345461,-0.00261843929861,0.0375768132271,-0.0118047891079,0.57407739685,0.818786960899,0.00194986894838,0.0,0.818741436125,-0.574016478489,-0.0121774420787,0.0,-0.00885164430546,0.00858739808591,-0.999923949602,0.0,0.658368612485,0.256615868111,0.303249189941,1.0,-0.01158,-0.0152194285714,0.58
0.462500811424,0.529040098102,-0.123950838265,-1.3855290932,0.0778868788771,1.90496803911,0.155467087319,-0.00828996216563,-0.0623212236258,-0.000124609973156,-0.0996111065888,-0.0072048752591,0.0330575268798,-0.0161856713755,0.574068798499,0.818792957235,0.00196333195952,0.0,0.818747614937,-0.574007827058,-0.0121698156439,0.0,-0.00883776158252,0.00859395026403,-0.999924016108,0.0,0.658208020251,0.256411871053,0.3032578031,1.0,-0.01186,-0.0155874285714,0.594
0.46236368647,0.527948331722,-0.123945582803,-1.38724126454,0.077773192401,1.90563817947,0.155225438286,-0.0026394226114,-0.0636196515179,0.000590087079326,-0.100064311372,-0.0128076989213,0.0428930918615,-0.016012108994,0.574041800838,0.818811797625,0.00199946564449,0.0,0.818767025313,-0.573980767208,-0.0121401827357,0.0,-0.00879303931793,0.00860623459474,-0.999924304728,0.0,0.658009869393,0.256162867322,0.303269459015,1.0,-0.0122,-0.0160342857143,0.611
0.462217440245,0.526768186556,-0.123950953526,-1.38902446079,0.0776680860644,1.90631643691,0.15498087965,-0.00528347922775,-0.0660861288947,-0.000762752188991,-0.104592011934,-0.0113102279393,0.0417577771064,-0.0140003075004,0.574033178242,0.818817683068,0.00206375238088,0.0,0.818773765577,-0.573971878281,-0.0121058104188,0.0,-0.00872808385108,0.00863904946647,-0.999924590845,0.0,0.657802792962,0.255896379485,0.303310268532,1.0,-0.01254,-0.0164811428571,0.628
0.462078812159,0.525594700042,-0.123948119928,-1.39085838734,0.0775476355484,1.90698126281,0.154743601378,-0.00999761893414,-0.0677573175003,0.000265235327612,-0.110809714673,-0.00940525243396,0.0383528181254,-0.0116223004438,0.574016620579,0.818829292209,0.00206310946727,0.0,0.818785389696,-0.573955348664,-0.0121033161666,0.0,-0.00872658511026,0.00863691482027,-0.999924622366,0.0,0.657577400116,0.255630237862,0.30332050733,1.0,-0.01288,-0.016928,0.645
0.461891717089,0.524269617208,-0.123959752546,-1.39294566137,0.0774180414062,1.90772699599,0.154454998073,-0.0105083243122,-0.0696531071621,-0.000157765656884,-0.110770375986,-0.0110954799817,0.0389749801385,-0.0177780907731,0.574018816673,0.818827797694,0.00204517217306,0.0,0.81878367159,-0.573957633216,-0.0121112060523,0.0,-0.00874331833519,0.00862677983973,-0.999924563682,0.0,0.657328159773,0.25529977983,0.303323943329,1.0,-0.01326,-0.0174274285714,0.664
0.461755736329,0.523208443965,-0.123957678599,-1.39464291994,0.0773153313951,1.90836182559,0.154225773314,-0.0113781777303,-0.0734685204051,0.000622839128842,-0.1116849864,-0.0049029021803,0.0335970643978,-0.0166276538772,0.574004404661,0.818837905057,0.00204342160563,0.0,0.818793722119,-0.573943197188,-0.0121158541198,0.0,-0.00874828110744,0.0086278605264,-0.999924510951,0.0,0.657123286845,0.255050563429,0.303317098841,1.0,-0.01356,-0.0178217142857,0.679
0.461589608841,0.52196432557,-0.123961436196,-1.3965919592,0.0771885287597,1.90913215257,0.153958092342,-0.0121899830125,-0.0758103499971,-1.60463064076e-05,-0.116044721238,-0.00593644468732,0.0505055451064,-0.0136435676705,0.573993072287,0.818845728667,0.00209105508106,0.0,0.818802275061,-0.57393176581,-0.0120792984525,0.0,-0.0086911263392,0.00864576074518,-0.999924854749,0.0,0.656886163137,0.254741260493,0.303326613189,1.0,-0.01392,-0.0182948571429,0.697
0.461407565594,0.520643387835,-0.123969243883,-1.39872517042,0.0770634693936,1.90992691569,0.153669639429,-0.0110035056948,-0.0739185148018,-0.000795218244775,-0.121607496465,-0.0104573826733,0.0408739300003,-0.0149862412796,0.573992892706,0.818845895909,0.00207479587492,0.0,0.818802227784,-0.573931654174,-0.012087804365,0.0,-0.00870742561118,0.00863732757382,-0.999924785827,0.0,0.656645866826,0.254429720255,0.303312365613,1.0,-0.01426,-0.0187417142857,0.714
0.461248076776,0.519392687035,-0.123974679753,-1.40066025334,0.0769457055491,1.91061797984,0.15340705908,-0.00792088373022,-0.0849136480394,-0.000889074841536,-0.122892926797,-0.00610573496091,0.0428026316376,-0.0176804646301,0.573983320235,0.818852592213,0.00208019684556,0.0,0.818808956763,-0.573922022018,-0.0120893287048,0.0,-0.00870567497948,0.00864252323374,-0.999924756177,0.0,0.656407796399,0.254136482036,0.303329588505,1.0,-0.01458,-0.0191622857143,0.73
0.461075262669,0.518044040901,-0.123973388167,-1.40276427693,0.0768062500774,1.91138066912,0.153121905549,-0.00999840944097,-0.0841030980507,9.62126313186e-05,-0.126851158247,-0.0116839908427,0.044454636903,-0.0154115919439,0.573964210453,0.818865985678,0.00208074965374,0.0,0.818822397589,-0.573902952141,-0.0120842720613,0.0,-0.00870141851303,0.00863987043713,-0.999924816151,0.0,0.65614899638,0.253821068606,0.30334076261,1.0,-0.01492,-0.0196091428571,0.747
0.460914647474,0.516836379197,-0.12397388946,-1.40465425559,0.0766861030525,1.91206139113,0.152857955811,-0.0123198288772,-0.0782269912498,0.000683076951469,-0.128127878969,-0.00190068502284,0.0452705821949,-0.0199861736942,0.57394736013,0.818877805842,0.00207696899467,0.0,0.818834156627,-0.573886108621,-0.0120873973193,0.0,-0.00870632536483,0.0086383892531,-0.999924786236,0.0,0.655916358778,0.253533768639,0.303347481299,1.0,-0.01522,-0.0200034285714,0.762
0.460728159465,0.515470496912,-0.123979926915,-1.40683118529,0.0765436767591,1.91288707745,0.152565439462,-0.0134053950289,-0.08718607293,0.00111344151455,-0.121440909176,-0.00682453742382,0.0523623143728,-0.0175854728087,0.573941362368,0.818882000677,0.00208048855785,0.0,0.818838505481,-0.573880203723,-0.0120731362334,0.0,-0.00869269011706,0.00863302261167,-0.999924951213,0.0,0.655657120705,0.253200549078,0.303341000047,1.0,-0.01556,-0.0204502857143,0.779
0.460540866043,0.51408280726,-0.123983248552,-1.40907728073,0.0764108626378,1.9136787517,0.152250752226,-0.0123646633989,-0.0834167444766,0.000464571923883,-0.132887372142,-0.0132399872904,0.0562503175726,-0.0175055480534,0.573921575282,0.818896007087,0.00202531585952,0.0,0.818851656047,-0.573860525037,-0.0121165215565,0.0,-0.00876009095879,0.00861253220217,-0.999924539701,0.0,0.655373437706,0.252859812416,0.303313473338,1.0,-0.0159,-0.0208971428571,0.796
0.460350115503,0.512671965434,-0.123989106769,-1.41136135429,0.0762820045141,1.91447142183,0.151935465428,-0.0103774605346,-0.08275977393,-0.000452610456438,-0.132946124108,-0.01077327253,0.0515626768987,-0.0173389981995,0.573908609505,0.818905248526,0.00196182900166,0.0,0.818859862463,-0.57384764183,-0.012171956094,0.0,-0.00884205802097,0.00859221885019,-0.999923993004,0.0,0.655081875021,0.252511904809,0.303283837679,1.0,-0.01624,-0.021344,0.813
0.460111231542,0.510973761771,-0.123989633851,-1.41405812794,0.0761172717743,1.91549473613,0.151554579194,-0.0122367618187,-0.0867256034949,-0.000687643832837,-0.128971576624,-0.00549930608143,0.0462385213412,-0.0165053954294,0.573889417947,0.818918653056,0.00198054204613,0.0,0.818873501017,-0.573828358611,-0.0121635145752,0.0,-0.00882460768193,0.00860249132362,-0.999924058838,0.0,0.654757503377,0.25210025012,0.303278302137,1.0,-0.01664,-0.0218697142857,0.833
0.459947735294,0.509754993183,-0.123995614829,-1.4160139518,0.0759904390614,1.9162296755,0.151282854782,-0.015056645228,-0.0858640243824,-0.000540336400961,-0.142042017109,-0.0151685753353,0.0529309054852,-0.0184763867508,0.573872769128,0.818930341605,0.0019716374368,0.0,0.818885143066,-0.573811819793,-0.0121599684097,0.0,-0.00882698816491,0.00859298478985,-0.999924119567,0.0,0.654518883514,0.251803053447,0.303264447442,1.0,-0.01692,-0.0222377142857,0.847
0.459730524663,0.508150622069,-0.124001292789,-1.41853706055,0.0758284449569,1.91712039844,0.150928251252,-0.0117594460149,-0.0874042615215,-0.000309486776703,-0.143381440883,-0.00982769988221,0.0507738592759,-0.0174975680798,0.573851237344,0.818945496777,0.00194360712898,0.0,0.818899911554,-0.573790396811,-0.0121763001556,0.0,-0.00885667359246,0.00857916979217,-0.999923975699,0.0,0.654200478931,0.251413673139,0.303263437836,1.0,-0.01728,-0.0227108571429,0.865
0.459544469129,0.506812140507,-0.124007373582,-1.42065678329,0.0756965507543,1.91789332544,0.150635708987,-0.00950134309464,-0.0838747428723,-0.00107296452442,-0.14333840056,-0.00742830472952,0.0482805503404,-0.0109721973769,0.573842427657,0.818951693366,0.00193366383964,0.0,0.818905965171,-0.573781620538,-0.0121827353606,0.0,-0.00886774171344,0.00857462437586,-0.999923916593,0.0,0.653937768447,0.251085697352,0.303257775295,1.0,-0.01758,-0.0231051428571,0.88
0.459313633602,0.505104721406,-0.124011608796,-1.42325828655,0.0755372946061,1.91891023441,0.150284376564,-0.00759660231497,-0.0929886834241,-0.000847457132466,-0.148351453857,9.04138484138e-05,0.0593859700395,-0.0148431394228,0.57383832134,0.818954324073,0.00203542261274,0.0,0.818910000374,-0.573777134387,-0.0121226334956,0.0,-0.00876017282688,0.00862342561558,-0.999924445097,0.0,0.653629435188,0.250689328271,0.303301215269,1.0,-0.01794,-0.0235782857143,0.898
0.459115825047,0.503637416971,-0.124019415822,-1.42544665594,0.0753901603682,1.91973247995,0.149965707915,-0.0107102174412,-0.0940684868763,-0.000915286945097,-0.141985441279,-0.00968465304412,0.0564592299587,-0.019436173054,0.573817513595,0.818968705568,0.00211359725181,0.0,0.818925556462,-0.573756142973,-0.0120651678842,0.0,-0.00866847241257,0.00865425006314,-0.999924977957,0.0,0.653365910549,0.250347239035,0.303356087022,1.0,-0.01824,-0.0239725714286,0.913
0.458865923309,0.501844626956,-0.12402399235,-1.42810726145,0.0752237120467,1.92070745948,0.149606411941,-0.0132188851923,-0.100075631598,-0.000423446269825,-0.150628902208,-0.0144152488049,0.0539844059871,-0.020219447174,0.573822309703,0.81896510608,0.00220427099315,0.0,0.818923155858,-0.573760571246,-0.0120174283283,0.0,-0.008577295821,0.00870116456248,-0.99992535708,0.0,0.65304025713,0.249928616594,0.30342601327,1.0,-0.0186,-0.0244457142857,0.931
0.458602764508,0.499924311441,-0.124021625135,-1.43101468839,0.0750410203228,1.92173891501,0.149198590552,-0.0138792135108,-0.103644248258,4.60609954609e-05,-0.152593654306,-0.0102385231285,0.0561722987395,-0.020530509521,0.573800702763,0.818980138346,0.00224352497929,0.0,0.818938620198,-0.57373872259,-0.012006725227,0.0,-0.00854623687332,0.00872694464477,-0.999925398354,0.0,0.652671046972,0.24947920693,0.303471404944,1.0,-0.01898,-0.0249451428571,0.95
0.458380478194,0.498445055625,-0.124022990666,-1.43333046844,0.0748989373812,1.92260777508,0.148860256552,-0.0124139271417,-0.0952519381244,-0.0014094403024,-0.153199853301,-0.00939330480878,0.0673621380557,-0.0191586758177,0.573786115756,0.818990284957,0.00227011318286,0.0,0.818949092827,-0.573724006522,-0.0119956075408,0.0,-0.00852203168305,0.00874218850289,-0.999925471781,0.0,0.652387765884,0.249114191667,0.303476205352,1.0,-0.01928,-0.0253394285714,0.965
0.458084825375,0.496561457625,-0.124024877945,-1.43631355866,0.0747165335029,1.92367746928,0.148412341605,-0.0157287733704,-0.0989730799011,-0.000515539281688,-0.161772557519,-0.013018874196,0.056363317485,-0.0240030959096,0.573764452487,0.81900552868,0.00224587526614,0.0,0.818963898722,-0.573702321739,-0.0120218768388,0.0,-0.00855768450349,0.00873718456415,-0.999925211024,0.0,0.652013281321,0.248634533275,0.303462126526,1.0,-0.01966,-0.0258388571429,0.984
0.457869454804,0.495177133841,-0.124025476678,-1.43856192665,0.074578220469,1.92444308803,0.148099714798,-0.0105150462874,-0.0951477371508,0.00121293747086,-0.159583424523,-0.00748194898984,0.0572628033143,-0.0194128588402,0.573760985379,0.819008179375,0.00216348670667,0.0,0.818965306306,-0.573699032559,-0.0120827980598,0.0,-0.00865488684352,0.00870462626537,-0.999924658369,0.0,0.651718926779,0.24827520613,0.303422880117,1.0,-0.01994,-0.0262068571429,0.998
0.457589242206,0.493364773027,-0.12406261862,-1.44144130327,0.074396595045,1.92549499592,0.147689038307,-0.0135238240933,-0.122316042697,0.000722529476184,-0.183552624655,-0.0113268602693,0.0645451025451,-0.0271495984003,0.573776499974,0.81899737338,0.00213948011158,0.0,0.818954307927,-0.573714769488,-0.0120810471768,0.0,-0.00866706143423,0.00868412461553,-0.99992473118,0.0,0.651365512589,0.24779550025,0.303406734766,1.0,-0.024588,-0.0323156571429,1.015
0.457294621704,0.491236866145,-0.124091998198,-1.44477357279,0.0741956971839,1.9267431258,0.147209792313,-0.0227122503479,-0.137234534544,0.000240364836429,-0.222398477132,-0.0108735394992,0.0847562804077,-0.0409269085557,0.573759234158,0.819009384697,0.00217161192772,0.0,0.81896678721,-0.573697417599,-0.0120590790332,0.0,-0.00863081691402,0.00869765345104,-0.999924927094,0.0,0.650950776043,0.247271707731,0.303410509121,1.0,-0.0298542857143,-0.0392370612245,1.031
0.456889866578,0.488569669456,-0.124097671935,-1.44909014403,0.0739602272886,1.92827979388,0.146572122467,-0.0254776040879,-0.173037206871,-0.000273292594266,-0.265384628606,-0.0091513640995,0.0933017066974,-0.0430920890811,0.57372428088,0.819034076904,0.00209219982915,0.0,0.81898996217,-0.573662332187,-0.0121539045467,0.0,-0.00875441430742,0.00868664804978,-0.999923948296,0.0,0.650389388746,0.246594914785,0.303344122565,1.0,-0.0354497142857,-0.0465910530612,1.048
0.456423034038,0.485534282314,-0.124156685617,-1.45377913003,0.073671899158,1.93007759347,0.145883027459,-0.0323858890141,-0.194298398825,-0.00425855472478,-0.300101565639,-0.0207260249806,0.122256158287,-0.0446459796998,0.573739403262,0.819023200051,0.00220041445077,0.0,0.818980773171,-0.573677259664,-0.0120682153494,0.0,-0.00862198662205,0.00872627580902,-0.999924753898,0.0,0.649825538051,0.245816553898,0.303378406653,1.0,-0.040716,-0.0535124571429,1.064
0.455848491333,0.481882782539,-0.124220718459,-1.45947659558,0.0733312148053,1.93205762951,0.145004460726,-0.0368038799443,-0.222892261133,-0.00275147756255,-0.349644408426,-0.0167883615275,0.115867047056,-0.0503709108745,0.573723897678,0.819034211789,0.00214384079574,0.0,0.818990883311,-0.573661834623,-0.0121152569506,0.0,-0.00869313765297,0.00870676613828,-0.999924307926,0.0,0.649092795691,0.244858795146,0.303373844539,1.0,-0.0463114285714,-0.0608664489796,1.081
0.45513966533,0.477456356209,-0.124306751372,-1.46632575671,0.0729213358884,1.93451154411,0.143998824164,-0.043446423375,-0.254270233211,-0.00546551440082,-0.392957812356,-0.0290413484727,0.142056395964,-0.0493957282003,0.573765537155,0.819004986195,0.00216514732511,0.0,0.81896190954,-0.5737033501,-0.012108001773,0.0,-0.00867452856258,0.0087204952255,-0.999924349897,0.0,0.648226523521,0.243696502941,0.30339629572,1.0,-0.052236,-0.0686530285714,1.099
0.454429130723,0.473107092168,-0.124349700177,-1.47303587243,0.0725149987394,1.93693652536,0.143029682518,-0.0439714728404,-0.284288385799,-0.00415474508576,-0.438809549608,-0.0282465268644,0.147785375564,-0.0607269250257,0.573798225275,0.818981935506,0.00222101045806,0.0,0.818939444803,-0.573735649219,-0.0120970022103,0.0,-0.00863311962122,0.00876028013336,-0.999924360508,0.0,0.647369261145,0.242573492573,0.303423137297,1.0,-0.0575022857143,-0.0755744326531,1.115
0.453590214737,0.46803142374,-0.124392684309,-1.4807256067,0.0720466818332,1.93977597498,0.141828827719,-0.0468423019768,-0.310840806041,0.000597833524089,-0.459831952605,-0.0357080299543,0.1819942706,-0.0704196660818,0.573772960025,0.818999086656,0.00241522302887,0.0,0.818959083936,-0.573709529714,-0.0120058842475,0.0,-0.00844733440253,0.00886679129485,-0.999925008465,0.0,0.646396307839,0.241280291469,0.303516309943,1.0,-0.0630977142857,-0.0829284244898,1.132
0.452650754472,0.462531908164,-0.124428222686,-1.48918116008,0.0714958608161,1.94277109001,0.140500782931,-0.059518687468,-0.330448379688,-0.00301630671518,-0.516065334583,-0.0252315415152,0.18031321733,-0.0789677930546,0.573727902034,0.819030579745,0.00243942032399,0.0,0.818990825868,-0.573664309238,-0.012001431264,0.0,-0.00843029314006,0.0088835898829,-0.999925003182,0.0,0.645289975121,0.239841154536,0.303544334326,1.0,-0.0686931428571,-0.0902824163265,1.149
0.451682223687,0.456956477818,-0.124475661909,-1.49781725398,0.0709255833879,1.94570122604,0.13922478331,-0.0619406758552,-0.351828987838,-0.00439720518682,-0.548106784177,-0.0407298679055,0.190441043926,-0.0922513338352,0.573754706164,0.819012154172,0.00231848510129,0.0,0.818970600917,-0.573691379087,-0.0120873196316,0.0,-0.00856973176842,0.00883409774395,-0.999924256339,0.0,0.644124877165,0.238351016413,0.303526335041,1.0,-0.0739594285714,-0.0972038204082,1.165
0.450575704902,0.450555114132,-0.124547060986,-1.50740303753,0.0702650686371,1.94924190327,0.137662055122,-0.0666670235958,-0.396744309969,-0.00228044264163,-0.568201958483,-0.0418649186015,0.22184042713,-0.0893380069121,0.573690707362,0.819056189216,0.00258420105587,0.0,0.819018730715,-0.573626986215,-0.0118805018635,0.0,-0.00824858992973,0.00893241456321,-0.999926083635,0.0,0.642892598034,0.236685238795,0.303668407753,1.0,-0.0795548571429,-0.104557812245,1.182
0.449357049176,0.443812056655,-0.124575263601,-1.51760917182,0.0696014326185,1.95290289728,0.13613376048,-0.0753995311963,-0.399358888323,0.000279551719695,-0.618065019598,-0.0394013317013,0.21597547002,-0.091983161979,0.573735578601,0.819024222105,0.00274888245621,0.0,0.818988804434,-0.573671123012,-0.0118121858475,0.0,-0.00809766774463,0.00902854906565,-0.999926453835,0.0,0.641535859351,0.234915277867,0.303748753198,1.0,-0.0851502857143,-0.111911804082,1.199
0.448054871783,0.436732242452,-0.124623037055,-1.52864177177,0.068831108112,1.95659462831,0.134351557438,-0.0835269396117,-0.419699274287,-0.000848937489814,-0.662941293091,-0.0453900111899,0.222621477865,-0.10992548592,0.573651313091,0.819084032327,0.00250317355274,0.0,0.819045193604,-0.573587563782,-0.0119592813205,0.0,-0.0083600281043,0.00891084126155,-0.999925350633,0.0,0.639992200812,0.232977804293,0.303658802608,1.0,-0.0907457142857,-0.119265795918,1.216
0.446541823458,0.428697131348,-0.124656353056,-1.54069848543,0.0680122341375,1.96094820455,0.132388205961,-0.087514647648,-0.448490412976,-0.00118618837747,-0.696630368448,-0.0533941099838,0.246510868713,-0.110848328812,0.573603941898,0.81911635615,0.0027676396203,0.0,0.819081121943,-0.573539367408,-0.0118091748686,0.0,-0.00808589368899,0.00904088468558,-0.999926437658,0.0,0.638368149555,0.230846593419,0.303775485546,1.0,-0.0966702857143,-0.12705237551,1.234
0.444970996158,0.420806020273,-0.124738469853,-1.55284364651,0.0671286383196,1.96500560837,0.130370775927,-0.0951328822572,-0.467828369568,-0.00605618757201,-0.724478096581,-0.04607990511,0.239681294205,-0.115707735349,0.573566575008,0.819143206271,0.00255706004342,0.0,0.819105324743,-0.573502899131,-0.0119012002202,0.0,-0.00828246542183,0.00892080389916,-0.999925907267,0.0,0.636658329215,0.228614819024,0.303713311117,1.0,-0.102265714286,-0.134406367347,1.251
0.443302483333,0.412429425785,-0.124859041305,-1.56536451068,0.066237428434,1.96948738438,0.128324234882,-0.10359580745,-0.49739630839,-0.00875470908961,-0.745320227333,-0.0450799390442,0.262584408654,-0.127028649658,0.573618207937,0.819106278466,0.00279338540676,0.0,0.819072131199,-0.573554384296,-0.0117029504595,0.0,-0.00798395546673,0.00900118290918,-0.999927614961,0.0,0.634952033557,0.226292641706,0.303822335325,1.0,-0.107861142857,-0.141760359184,1.268
0.441447505383,0.403796955505,-0.124908033227,-1.57861339338,0.0653575819328,1.97383009181,0.126132610021,-0.111598481979,-0.50747246116,-0.00283111815323,-0.799723187742,-0.0556598492705,0.244896523003,-0.127281654332,0.573671241862,0.819069834632,0.00258053423386,0.0,0.819031922801,-0.573607098739,-0.011931161347,0.0,-0.00829240125076,0.00895827653676,-0.999925489906,0.0,0.6330292842,0.223814821015,0.303727729137,1.0,-0.113456571429,-0.14911435102,1.285
0.439599590026,0.39520389842,-0.125037550191,-1.59126433837,0.0644532432439,1.97826930277,0.123961515371,-0.110878153893,-0.541878011641,-0.010469398702,-0.806890692489,-0.0620195821585,0.285113552687,-0.144974609134,0.573750428715,0.819013421646,0.00286489341424,0.0,0.818979737811,-0.573685810419,-0.0117271854897,0.0,-0.00796132689432,0.00907494208035,-0.999927128695,0.0,0.631269038043,0.221371804505,0.303880980774,1.0,-0.118722857143,-0.156035755102,1.301
0.437519961247,0.385906494397,-0.12509789114,-1.60545653099,0.0633732430359,1.98295306525,0.121506772455,-0.126874659515,-0.547212288915,-0.000629969619657,-0.860482517171,-0.0651696201124,0.25854927637,-0.152240734465,0.57372725128,0.819030424794,0.00263653216049,0.0,0.818993781745,-0.573663473615,-0.0118385558436,0.0,-0.00818381278776,0.00895157789368,-0.999926444526,0.0,0.629177110531,0.218654881548,0.303775906947,1.0,-0.124318285714,-0.163389746939,1.318
0.4355931017,0.377262421325,-0.125162957919,-1.61813996472,0.0624264217354,1.98723775852,0.119233973139,-0.130908108773,-0.577702397099,-0.00302359107695,-0.840890989636,-0.0609090398913,0.284938082377,-0.148815468404,0.573698533939,0.819049947952,0.00281457225136,0.0,0.819015798644,-0.573634312637,-0.0117279085187,0.0,-0.00799136150154,0.00903363698916,-0.999927263127,0.0,0.627196106805,0.216030379181,0.303891813783,1.0,-0.129584571429,-0.17031115102,1.334
0.433227793225,0.367327136573,-0.125238564218,-1.63307970364,0.0612930307756,1.9921528433,0.116606138983,-0.142354743383,-0.592760012501,-0.00199002839607,-0.878679518981,-0.0622130926011,0.287092765948,-0.149170460875,0.573759537361,0.819007607945,0.00269783546409,0.0,0.818971893175,-0.573695672777,-0.0117923758045,0.0,-0.0081104651196,0.00897561231182,-0.999926826692,0.0,0.625085550844,0.213245886245,0.303835564559,1.0,-0.134850857143,-0.177232555102,1.35
0.430435241901,0.355760459101,-0.125376790885,-1.65016603317,0.0599593133665,1.99776285225,0.113427849832,-0.152713378422,-0.60618968612,-0.0045338923172,-0.894583817848,-0.0660484470001,0.286017539702,-0.173741327703,0.573763579845,0.819004732531,0.00271098431244,0.0,0.818969555217,-0.573700073682,-0.0117405275332,0.0,-0.00806041090018,0.00895667316698,-0.999927401256,0.0,0.622511238284,0.209795914206,0.30387175436,1.0,-0.141104571429,-0.185451722449,1.369
0.427900947107,0.345668403108,-0.125479595735,-1.66507466313,0.0588626051736,2.00256224448,0.110619838931,-0.160884508365,-0.638191967874,-0.00546387112269,-0.92758698787,-0.074832672307,0.311995813121,-0.173895546426,0.573808286736,0.818973466993,0.0026939444083,0.0,0.818937518267,-0.573744227332,-0.0118173465199,0.0,-0.00813261477505,0.00898723654056,-0.99992654238,0.0,0.620214858463,0.206755425226,0.303866630138,1.0,-0.146370857143,-0.192373126531,1.385
0.424767038171,0.333401610245,-0.125560102312,-1.68314163034,0.0574288867842,2.00839827951,0.107199581585,-0.164499635997,-0.646971491711,-0.00180161716297,-0.980009486428,-0.0771924785672,0.307434310472,-0.191032126807,0.573805128318,0.818975738069,0.0026762047065,0.0,0.818939536213,-0.573741110323,-0.0118288314815,0.0,-0.00815223428903,0.00897926688593,-0.999926454217,0.0,0.617389840048,0.203064942565,0.303849836763,1.0,-0.152624571429,-0.200592293878,1.404
