position_joint1,position_joint2,position_joint3,position_joint4,position_joint5,position_joint6,position_joint7,velocity_joint1,velocity_joint2,velocity_joint3,velocity_joint4,velocity_joint5,velocity_joint6,velocity_joint7,ee_T_00,ee_T_10,ee_T_20,ee_T_30,ee_T_01,ee_T_11,ee_T_21,ee_T_31,ee_T_02,ee_T_12,ee_T_22,ee_T_32,ee_T_03,ee_T_13,ee_T_23,ee_T_33,v_x,v_y,time
0.465076514282,0.54777421692,-0.123985600162,-1.35586083099,0.0795688771754,1.89410512416,0.159162752817,0.00069950889708,-0.00276959748713,0.000569440475868,1.3530588122e-05,-0.000412176733172,0.000432326335661,0.00176942200364,0.573824101444,0.81896444812,0.00196982699603,0.0,0.818920886901,-0.573764786699,-0.0119706909482,0.0,-0.00867351993192,0.00848236675948,-0.999926407045,0.0,0.661666517581,0.260902296656,0.303206499525,1.0,0.0,0.0,0.0
0.465078620218,0.547777080448,-0.123992789285,-1.35586083397,0.0795688635454,1.89410349655,0.159158077829,-0.000255626721072,-0.00132893631479,0.0010721402332,-8.212871802e-05,-0.000159048951228,-7.39257318603e-05,0.00245632155365,0.573823561341,0.818964839932,0.00196425693032,0.0,0.818921240119,-0.573764303427,-0.011969690758,0.0,-0.0086759024043,0.00847722551306,-0.999926429976,0.0,0.661667218382,0.26089937788,0.303204566171,1.0,-0.00016,-0.000210285714286,0.009
0.465076426556,0.547773607314,-0.123988517361,-1.35586165519,0.0795688771694,1.89410268275,0.159153394585,0.000929229990882,0.000641530802717,0.000959837398677,0.000227904630635,-0.000272847927448,-0.000396797270666,-0.00102996934248,0.573818574565,0.818968327172,0.00196709797601,0.0,0.818924740233,-0.573759281661,-0.0119709416615,0.0,-0.00867534837284,0.00848021714985,-0.999926409416,0.0,0.661666550417,0.260900294196,0.303206423622,1.0,-0.00044,-0.000578285714286,0.023
0.46507522286,0.547760927228,-0.123995394226,-1.35587907476,0.0795681639372,1.89410669032,0.159163566619,6.8062972235e-05,0.000827595369301,-0.00185267985399,-0.0020314809285,-0.00012291082639,0.000256121161848,0.00121915160494,0.573833462875,0.818957900483,0.00196494864918,0.0,0.818914315695,-0.573774206686,-0.0119687172878,0.0,-0.00867460574217,0.00847733828088,-0.99992644027,0.0,0.661665625057,0.260893773131,0.303207689929,1.0,-0.00082,-0.00107771428571,0.042
0.465070116734,0.54770883961,-0.123990683618,-1.35592657563,0.0795654680249,1.89410913364,0.15916095644,-0.000848775655779,-0.00266510401207,-0.00322015356142,-0.00487616541895,6.65421680455e-05,0.000474212828123,0.00184869296707,0.573834019709,0.818957490057,0.00197337431613,0.0,0.818913970581,-0.573774684368,-0.0119694305216,0.0,-0.00867034948311,0.00848465358238,-0.999926415139,0.0,0.66165700317,0.260887897177,0.303222032126,1.0,-0.0011,-0.00144571428571,0.056
0.465069433984,0.547539938528,-0.123983306244,-1.35613278259,0.0795687658141,1.89414699907,0.159155446802,-0.00133749503643,-0.0086070099368,0.0045572608945,-0.00673912842052,0.000336535172405,0.00722555338833,0.00111918121405,0.57383700857,0.818955363686,0.00198665175965,0.0,0.818911785199,-0.573777389406,-0.0119892606536,0.0,-0.00867894055509,0.00850693779241,-0.999926151273,0.0,0.661620042182,0.260872562067,0.303246584848,1.0,-0.00152,-0.00199771428571,0.077
0.465054265368,0.547423400166,-0.123986845161,-1.35628833114,0.0795620423198,1.89418819678,0.159152391158,-0.00177196771332,-0.00849451323099,0.000719149662402,-0.0108912312183,-0.000302197673063,0.00371583253708,-7.85274965889e-05,0.573856191413,0.818941913944,0.00198999094165,0.0,0.818898352573,-0.573796529803,-0.0119907231335,0.0,-0.00867802293472,0.00851071487108,-0.999926127097,0.0,0.661600819377,0.26084525269,0.303258784041,1.0,-0.00178,-0.00233942857143,0.09
0.465026913497,0.547196986108,-0.123988426455,-1.35655032222,0.0795585144409,1.89434795954,0.159141634958,-0.00105072891241,-0.0118543444306,0.000771149929339,-0.013905802701,0.00056948474443,0.0105004363094,0.00150878112631,0.573884963355,0.818921475089,0.00210080314766,0.0,0.818879352038,-0.573824829884,-0.0119339145038,0.0,-0.00856761081326,0.00856916339094,-0.999926580047,0.0,0.661586295177,0.260808415749,0.303308383355,1.0,-0.0022,-0.00289142857143,0.111
0.46500702506,0.5470402263,-0.123989274818,-1.35673632003,0.0795547961242,1.89444634236,0.159131697678,-0.00397413337904,-0.0176911210334,-0.0012068510105,-0.0187493251547,-0.000737847701692,0.0117243574986,-0.00168253792132,0.573898077141,0.818912117551,0.00216510569258,0.0,0.81887082001,-0.573837668127,-0.0119020030264,0.0,-0.00850443903641,0.00860364417171,-0.999926823234,0.0,0.661575961574,0.260782638267,0.303339689234,1.0,-0.00244,-0.00320685714286,0.123
0.464967236194,0.546785306007,-0.123989138057,-1.35711169456,0.0795484569448,1.89459972408,0.159106069053,-0.00519457548621,-0.00969533066514,0.001403608915,-0.0186757139564,0.000559268114257,0.0110474800016,-0.00622884365494,0.573934185909,0.818886719091,0.00219964608018,0.0,0.818845743881,-0.573873504053,-0.0118994106688,0.0,-0.00848211406499,0.00863081557575,-0.999926778701,0.0,0.661534910027,0.260722774087,0.303354640095,1.0,-0.00286,-0.00375885714286,0.144
0.464943136597,0.546577440767,-0.123991667243,-1.35742257391,0.0795404141821,1.89471653485,0.159054502971,-0.000132377835557,-0.0154599130964,-0.000259417137295,-0.0240313261162,-0.000221178036646,0.0106397483136,-0.00506532126263,0.573928730916,0.818890495929,0.00221684638247,0.0,0.818849662565,-0.573867897068,-0.0119001568287,0.0,-0.00847291148526,0.00864527226693,-0.999926731835,0.0,0.661499679144,0.260677823801,0.303364095304,1.0,-0.00312,-0.00410057142857,0.157
0.464901441704,0.546248947411,-0.123991828982,-1.3579568519,0.0795283158168,1.89490202315,0.158934751941,-0.00249158000342,-0.0102740035285,-0.000465222693544,-0.0273627057494,0.000594076808211,0.00913810097078,0.000108020107071,0.573891564733,0.818916558545,0.00221110141087,0.0,0.81887544319,-0.573830547513,-0.011927203504,0.0,-0.00849875054064,0.0086557047787,-0.9999264223,0.0,0.661434299704,0.26060167082,0.303358507869,1.0,-0.00352,-0.00462628571429,0.177
0.464866110695,0.546008772677,-0.123989983277,-1.35835190525,0.0795106263025,1.89503575345,0.158915726183,-0.00306861726998,-0.0193845076301,-0.000570679840433,-0.0270504035787,-0.000160961549784,0.0112477410074,6.76011384829e-05,0.573920972452,0.81889598825,0.00219652178541,0.0,0.818854598841,-0.573859925211,-0.0119448354806,0.0,-0.00852124608823,0.0086541901802,-0.999926243959,0.0,0.661386381985,0.260541838697,0.303352058002,1.0,-0.00378,-0.004968,0.19
0.46479971513,0.545582664163,-0.123991463434,-1.35907272758,0.0794721429961,1.8952833614,0.158817316886,-0.00538404151541,-0.0208999346744,-8.04022549093e-05,-0.041232308568,-0.00337516466797,0.0188173934934,-0.00704691499568,0.573925816025,0.818892695211,0.00215831671391,0.0,0.818850730566,-0.573864846769,-0.0119735372858,0.0,-0.00856662506293,0.00863942771118,-0.999925983873,0.0,0.661301239577,0.260427667402,0.303332139731,1.0,-0.0042,-0.00552,0.211
0.464754994806,0.545285965163,-0.123991413314,-1.35958484411,0.0794081429872,1.89544812193,0.158744700612,-0.000883110519788,-0.0216294181977,-0.000431529290318,-0.0417393318938,-0.00107974101041,0.0172745982347,-0.00271280020598,0.573914428968,0.818900835338,0.00209690403116,0.0,0.818858322389,-0.573853969087,-0.0119756802906,0.0,-0.00860374354132,0.00859024842152,-0.999926088883,0.0,0.661239466846,0.260342040407,0.303312619512,1.0,-0.00446,-0.00586171428571,0.224
0.464680032065,0.544768787392,-0.123992413413,-1.3604479908,0.0793770141956,1.89573427781,0.158662239673,-0.00408548322572,-0.0254514178625,0.00179512250764,-0.0373901918117,-4.70877496172e-05,0.0159084672049,-0.00417611256563,0.573948744977,0.818876885804,0.00205692409773,0.0,0.818833607991,-0.573888206801,-0.0120247835947,0.0,-0.00866653971822,0.00858605334122,-0.99992558262,0.0,0.661133234491,0.260210600195,0.303292697698,1.0,-0.00488,-0.00641371428571,0.245
0.464634247511,0.544461958812,-0.12398993409,-1.36095891093,0.0793567815075,1.89591720058,0.158583718548,-0.00550939167355,-0.0261923397651,0.00103965759077,-0.0446856744901,-0.00492558811973,0.0125649743646,0.000262146960522,0.573943327428,0.818880712891,0.00204495903433,0.0,0.818837151787,-0.573882715132,-0.0120455397171,0.0,-0.00869046082607,0.00858811092486,-0.999925357335,0.0,0.661072775882,0.260134282824,0.303282442848,1.0,-0.00512,-0.00672914285714,0.257
0.464557527446,0.543850364578,-0.123987494401,-1.36195488925,0.0793156706511,1.89628217762,0.158466260681,-0.0029441402944,-0.0346975022497,0.00192980326959,-0.048423282484,-0.00375695127251,0.0149148437061,-0.00579961173321,0.573952881416,0.818874033006,0.00203835302131,0.0,0.818830182042,-0.573892095262,-0.0120724013345,0.0,-0.00871614909547,0.00859822004945,-0.999925046869,0.0,0.660954204462,0.259992893797,0.303272725709,1.0,-0.00554,-0.00728114285714,0.278
0.464499320757,0.543455864606,-0.123990280093,-1.36259129348,0.0792852686011,1.89649848037,0.158382636625,-0.00651657503326,-0.0355682331007,0.000538769352702,-0.0524265964183,-0.00218155267374,0.0154634169629,-1.92443392605e-05,0.573961269825,0.818868197797,0.00202046484659,0.0,0.818824017617,-0.573900465997,-0.0120925680986,0.0,-0.00874284205548,0.00859523636941,-0.999924839488,0.0,0.66087868846,0.259892198209,0.303267762862,1.0,-0.0058,-0.00762285714286,0.291
0.464408126232,0.54280313955,-0.123996251062,-1.36363477942,0.0792225155736,1.8968737056,0.158252727659,-0.00298622056137,-0.0359735656792,8.79773923629e-05,-0.0516987734794,-0.00698699288723,0.0176695304558,-0.0116512174387,0.573975064127,0.818858565907,0.00200541840586,0.0,0.818814190003,-0.573914324963,-0.0121002790475,0.0,-0.00875764740908,0.00858748882563,-0.999924776494,0.0,0.660758913424,0.259728479103,0.303265516612,1.0,-0.0062,-0.00814857142857,0.311
0.464345203714,0.542346216079,-0.123996570326,-1.3643254633,0.0791870277495,1.89712266862,0.158154174211,-0.00142343456642,-0.0333901028326,0.000515942915461,-0.0528579287886,0.000366053180916,0.0250554623913,-0.0129541788092,0.573973333105,0.818859753937,0.00201573007762,0.0,0.818815443032,-0.573912480708,-0.0121029600061,0.0,-0.00875394274374,0.00859745273928,-0.999924723313,0.0,0.660673503993,0.259611157439,0.303275502094,1.0,-0.00648,-0.00851657142857,0.325
0.464233768574,0.541580032977,-0.124007077878,-1.36550940217,0.079119428644,1.89756782415,0.158007201743,-0.00193694897957,-0.0312832540133,-0.0021266621556,-0.0584612404241,-0.00235207895689,0.0146525705849,-0.0101697154518,0.574001036455,0.818840263434,0.00204451189298,0.0,0.818796352009,-0.573940078521,-0.0120858225075,0.0,-0.00872309871615,0.00861147932299,-0.999924872164,0.0,0.660550809521,0.259430961633,0.303298688049,1.0,-0.00688,-0.00904228571429,0.345
0.464148410163,0.541032644802,-0.124002817838,-1.36634567559,0.0790678994425,1.89787963321,0.157895996058,-0.00419486547036,-0.0456045902846,-0.000141071998608,-0.0610515021717,-0.00199371693537,0.028091290585,-0.00758870534057,0.574009531079,0.818834258681,0.00206444697759,0.0,0.818790595108,-0.573948473574,-0.0120771663007,0.0,-0.00870447891139,0.00862292435237,-0.999924935794,0.0,0.660458440604,0.259297788949,0.303314498182,1.0,-0.00716,-0.00941028571429,0.359
0.464038095333,0.54020214509,-0.124008680557,-1.36761688665,0.0789898988968,1.89834266192,0.157727709672,-0.00365160809175,-0.0418820012693,-0.000929491948745,-0.062211501041,-0.00270666402199,0.0203062342151,-0.0059498899487,0.574015717463,0.818829878353,0.00208166332678,0.0,0.818786461854,-0.573954607255,-0.0120658856051,0.0,-0.00868529460393,0.00863061189858,-0.999925036288,0.0,0.660313332686,0.259100342855,0.303336741304,1.0,-0.00756,-0.009936,0.379
0.463956933385,0.539644764092,-0.124014121718,-1.36849126885,0.0789383550352,1.898675395,0.1576314053,-0.00754549657787,-0.0395325821623,-0.000813690953255,-0.0677923841158,9.36517594745e-05,0.0273272588861,-0.012274026225,0.574041837822,0.818811536844,0.00209343309042,0.0,0.818768297549,-0.573980697349,-0.0120574002736,0.0,-0.008671315213,0.00863565512303,-0.999925114073,0.0,0.660217407398,0.258961357481,0.303343445546,1.0,-0.00782,-0.0102777142857,0.392
0.463829749442,0.538707091587,-0.124022634818,-1.36993488269,0.078855973307,1.89923232948,0.157446250604,-0.00903801192811,-0.0491189983275,0.000434653356523,-0.0692897712667,-0.00616661952779,0.0245611197073,-0.00511495079661,0.57405827315,0.818799903633,0.0021362909329,0.0,0.818757247711,-0.573996972651,-0.0120329384725,0.0,-0.00862651042056,0.0086568782367,-0.9999253181,0.0,0.660058691298,0.258737861949,0.303367318802,1.0,-0.00824,-0.0108297142857,0.413
0.463747352268,0.53815248792,-0.124028623062,-1.37080042379,0.0788031834212,1.89955223644,0.157345951987,-0.0093117042507,-0.0479431307019,-0.000987571188773,-0.0764700933452,-0.00121732339256,0.024431814956,-0.00916549641899,0.574081484076,0.818783615737,0.0021417615879,0.0,0.818741058718,-0.574020185203,-0.0120271630503,0.0,-0.00861839559684,0.00865828646196,-0.999925375882,0.0,0.659962333882,0.258597705889,0.303374983366,1.0,-0.00848,-0.0111451428571,0.425
0.463622061645,0.537152165335,-0.124035966636,-1.37236709751,0.0787130910123,1.90014079886,0.157151497887,-0.00257313151116,-0.0541377795811,-0.000316581895016,-0.0733925756917,-0.00801218933801,0.0265165372822,-0.00698753541274,0.574092354529,0.818775945236,0.00216029550073,0.0,0.818733623369,-0.574030969753,-0.0120185952052,0.0,-0.00860062571697,0.00866865708083,-0.999925439031,0.0,0.659782122263,0.258363280763,0.303386906697,1.0,-0.0089,-0.0116971428571,0.446
0.463536333697,0.536510012068,-0.12403395355,-1.37336937218,0.0786606633283,1.90052091806,0.157025819981,-0.00556703072832,-0.0495178879654,0.000918317793166,-0.0804064745713,-0.00560604483702,0.0343410025502,-0.00640377453399,0.57409233112,0.81877590322,0.00218232840613,0.0,0.818733787234,-0.574030771842,-0.0120168848615,0.0,-0.00858657741521,0.0086857146708,-0.999925411743,0.0,0.659657273429,0.258202836977,0.303396003888,1.0,-0.00918,-0.0120651428571,0.46
0.463401904559,0.535435094156,-0.124045212581,-1.3750769814,0.0785645850379,1.90113768778,0.156817709746,-0.0127606459019,-0.0518119643852,-0.00289287337801,-0.0865271829162,-0.000790952066467,0.026993214602,-0.0116645510271,0.574115103688,0.818759972107,0.00216856945318,0.0,0.818717627083,-0.574053549095,-0.0120298286065,0.0,-0.00860483281297,0.00868211949236,-0.999925286036,0.0,0.659464520143,0.25795715243,0.303395761844,1.0,-0.00958,-0.0125908571429,0.48
0.463316881114,0.53474440669,-0.124037621198,-1.37617524805,0.0785112866046,1.90153432759,0.156684769437,-0.00497927109358,-0.0516897869635,0.000741894820076,-0.0841076712863,-0.00428448767936,0.0288881497949,-0.00965795726306,0.574116497726,0.818758996313,0.00216792436728,0.0,0.818716458029,-0.574054759241,-0.0120516242415,0.0,-0.00862303448735,0.00869411904944,-0.999925024974,0.0,0.659329770108,0.257802472144,0.30339449143,1.0,-0.00984,-0.0129325714286,0.493
0.463170355821,0.533689950193,-0.124040140005,-1.37791375264,0.0784069940381,1.90216668249,0.156464275266,-0.00572380816129,-0.0504505700638,-0.000293293574509,-0.0904327844516,-0.00501870829813,0.0272256169774,-0.0156842222568,0.574125017248,0.818753142706,0.00212197543786,0.0,0.8187099584,-0.574063427003,-0.0120802605667,0.0,-0.00867276978949,0.00867302921135,-0.999924777985,0.0,0.659123408315,0.257537909834,0.303365698135,1.0,-0.01024,-0.0134582857143,0.513
0.463069188296,0.53297562532,-0.124043119184,-1.37906086541,0.0783440190586,1.90260932551,0.156325738165,-0.00770155431347,-0.0564363157643,0.000757795043867,-0.0929691254029,-0.00715803058016,0.0361179775713,-0.0139461969855,0.574142540723,0.818740830248,0.00213136562564,0.0,0.818697736841,-0.574080876254,-0.0120793258145,0.0,-0.00866642785583,0.00868036615142,-0.999924769306,0.0,0.658993655035,0.257362539381,0.30336190661,1.0,-0.0105,-0.0138,0.526
0.462907947745,0.531775606075,-0.124043622951,-1.38100212286,0.0782385430854,1.90332383382,0.156082303211,-0.00493105684969,-0.0558231745473,-0.00109691857576,-0.0976489402746,-0.00286439480458,0.0365683446534,-0.0100808855628,0.574153347307,0.818733298631,0.00211338363071,0.0,0.818689825093,-0.574091613584,-0.0121052221136,0.0,-0.00869784007341,0.00868062660035,-0.999924494299,0.0,0.658762747181,0.257072720199,0.303345863603,1.0,-0.01092,-0.014352,0.547
0.462800081327,0.531018546759,-0.124045367296,-1.38222833134,0.0781624594997,1.90375662976,0.155923383481,-0.0101585442051,-0.059464362237,-0.00179478623606,-0.0979566672438,-0.00239525091157,0.0301496003079,-0.0125373610421,0.574159048943,0.818729383823,0.00208074091181,0.0,0.818685454239,-0.574097426889,-0.0121251126998,0.0,-0.00873280617962,0.00866538233007,-0.999924321759,0.0,0.658615220013,0.256882097786,0.303333322802,1.0,-0.01118,-0.0146937142857,0.56
0.462640432196,0.529802762011,-0.124043590267,-1.38417135951,0.0780396567344,1.90444929752,0.155667551771,-0.00882833871374,-0.0640315780761,-0.000867331740071,-0.0949208536839,-0.00134353663519,0.0382381262955,-0.00930249882986,0.574151545969,0.818734726197,0.00204872677421,0.0,0.818690342266,-0.574090029718,-0.0121452937264,0.0,-0.00876778892605,0.00865067854559,-0.999924142942,0.0,0.65837890471,0.256590458353,0.303325009342,1.0,-0.01158,-0.0152194285714,0.58
0.46253157319,0.529000401205,-0.124046756249,-1.38543244405,0.0779634315035,1.90493211792,0.155496598554,-0.00684266111263,-0.0652494658716,0.000654230405082,-0.0963868385127,-0.00541731445167,0.0339749447833,-0.011712315937,0.574151010005,0.818735054946,0.0020674655978,0.0,0.818690938463,-0.574089433746,-0.0121332699885,0.0,-0.0087471917269,0.00865911128378,-0.999924250345,0.0,0.658234314723,0.256398208828,0.303331814181,1.0,-0.01184,-0.0155611428571,0.593
0.462351345042,0.52761718119,-0.1240496035,-1.38756848655,0.0778278879167,1.90575248496,0.155196199608,-0.00955927168256,-0.0687991490594,-0.00173503903417,-0.10142274276,-0.0045965965375,0.0480454533589,-0.0154947845334,0.574133999525,0.818746849889,0.00211973783432,0.0,0.8187035089,-0.574072290334,-0.0120961517492,0.0,-0.00868697063808,0.00868041591044,-0.999924590617,0.0,0.657988639192,0.256076269641,0.30336013433,1.0,-0.01226,-0.0161131428571,0.614
0.46223557527,0.52673382389,-0.12405526169,-1.38892033367,0.0777505395483,1.90626476167,0.15500918541,-0.0119999500983,-0.0739604190794,-0.00106849682708,-0.10579971777,-0.00503090857047,0.0386083075735,-0.0156424332075,0.574131974004,0.818748170444,0.0021579439106,0.0,0.818705320932,-0.574070093723,-0.0120777428337,0.0,-0.00864998532419,0.00870110601975,-0.999924731421,0.0,0.657832428607,0.255870173988,0.30338296443,1.0,-0.01252,-0.0164548571429,0.627
0.462061796235,0.525349389227,-0.124060957319,-1.39107542734,0.0776089362153,1.90704709015,0.154725694529,-0.00861454625932,-0.0674188860188,-0.00166941094359,-0.106844722282,-0.00982670524948,0.039270005656,-0.0133464586946,0.574123582213,0.818754038217,0.00216428997572,0.0,0.818711309627,-0.574061714277,-0.0120700701028,0.0,-0.00864014897426,0.00870180810221,-0.999924810354,0.0,0.657560139355,0.255531341733,0.303400807774,1.0,-0.01294,-0.0170068571429,0.648
0.461930882513,0.524374259214,-0.124064018151,-1.39262536039,0.0775114210374,1.90759989503,0.154510011945,-0.00975889802006,-0.0735951000204,-0.000277468469486,-0.111309801664,-0.00191846927511,0.0421352919231,-0.00979049675199,0.574113803974,0.818760959726,0.0021395829218,0.0,0.818717931561,-0.57405206586,-0.0120797815974,0.0,-0.00866238835546,0.00868705152087,-0.99992474625,0.0,0.657383996992,0.255307848082,0.303395211398,1.0,-0.0132,-0.0173485714286,0.661
0.461735432982,0.522898850564,-0.124068122414,-1.39499431845,0.077371108374,1.90849902336,0.154200626753,-0.0105749428473,-0.0692920705822,-0.00286708561191,-0.115127882986,-0.00691794953644,0.0448364547632,-0.0121789350868,0.574112978086,0.818761530984,0.00214258597813,0.0,0.818718521358,-0.574051206488,-0.0120806463606,0.0,-0.00866138120215,0.00868999799257,-0.999924729372,0.0,0.657103363885,0.254953465736,0.303382954744,1.0,-0.01362,-0.0179005714286,0.682
0.461613052153,0.521945199039,-0.124065291735,-1.39648262536,0.0772807602627,1.90908226145,0.153999836147,-0.00935228419807,-0.074247573866,-0.000274601387449,-0.112097120063,-0.00191629097409,0.0429741036576,-0.0129616673713,0.574102297359,0.818768913543,0.00218295294948,0.0,0.818726446857,-0.574040371384,-0.0120583638656,0.0,-0.00862007632268,0.00871014340685,-0.999924911024,0.0,0.656929722035,0.254735506185,0.303395170063,1.0,-0.01388,-0.0182422857143,0.695
0.461410765838,0.520458028662,-0.124071944531,-1.39885811615,0.0771323081479,1.90996510357,0.153676133383,-0.0117401495799,-0.0818655197525,-0.000595347534884,-0.120069286142,-0.00681792216794,0.0469504272022,-0.0168038277462,0.57409445473,0.818774439162,0.00217295295449,0.0,0.81873187206,-0.57403260252,-0.0120598432287,0.0,-0.00862711163496,0.0087027225172,-0.999924914964,0.0,0.656645781108,0.254372233714,0.303385906192,1.0,-0.01428,-0.018768,0.715
0.461280104334,0.519444746012,-0.124074415984,-1.40042946436,0.0770284351526,1.91053170658,0.15346065339,-0.00902563892591,-0.0836117835852,0.000187726485927,-0.12261148647,-0.0132280400874,0.0432526697352,-0.0164799268115,0.574082231729,0.818783002193,0.00217564544316,0.0,0.818740511496,-0.574020411319,-0.0120535938707,0.0,-0.00862057885739,0.00870121065791,-0.999924984463,0.0,0.656453796055,0.254133481629,0.303398632466,1.0,-0.01454,-0.0191097142857,0.728
0.461076973788,0.517852997944,-0.124075890567,-1.40291566324,0.0768778210977,1.91142193384,0.153119685805,-0.0121300431674,-0.0811273561653,-8.94778287159e-05,-0.128584486215,-0.0114674055932,0.0396358207899,-0.0200155140362,0.574061607294,0.81879746943,0.00217301333235,0.0,0.818754859696,-0.573999715242,-0.0120645566662,0.0,-0.0086312856131,0.0087051316179,-0.999924857973,0.0,0.656145391232,0.25376120304,0.303409657809,1.0,-0.01494,-0.0196354285714,0.748
0.460941947534,0.516820955177,-0.124078034259,-1.40454375684,0.0767743936827,1.91200686531,0.152903618182,-0.0110820530231,-0.0740971314613,0.000386682558961,-0.126495245373,-0.00948012126291,0.043242930275,-0.025440651814,0.574054943866,0.818802173365,0.00216083728227,0.0,0.818759397524,-0.573993097245,-0.0120714615147,0.0,-0.00864399966338,0.00869905547733,-0.999924801024,0.0,0.655944008116,0.253514682535,0.303409541753,1.0,-0.0152,-0.0199771428571,0.761
0.460704115342,0.515134829309,-0.12408402202,-1.40723322841,0.0766016438772,1.91302661074,0.152528678254,-0.00796636733512,-0.0770640568718,-0.000635746649871,-0.126161391851,-0.00579222165814,0.0496396368771,-0.0295888877035,0.574042482773,0.81881089573,0.00216608082047,0.0,0.818768282251,-0.573980710032,-0.0120578352957,0.0,-0.00862996446529,0.00869539539592,-0.99992495409,0.0,0.655624936171,0.253099428929,0.303400443601,1.0,-0.01562,-0.0205291428571,0.782
0.460565894621,0.514081022038,-0.124084194136,-1.40896316806,0.0765005318066,1.91363631548,0.152303060245,-0.00631380738875,-0.0792217578687,1.6606492073e-05,-0.13575833728,-0.00984392257945,0.0566500683406,-0.0176427504738,0.574034752785,0.818816457645,0.00211144184148,0.0,0.818772999672,-0.573973083506,-0.0121004678016,0.0,-0.0086963188278,0.00867504763478,-0.999924555948,0.0,0.655403863562,0.252842310113,0.30336862814,1.0,-0.01588,-0.0208708571429,0.795
0.460331368113,0.512418477905,-0.124090160836,-1.41163463906,0.0763322380723,1.91457287597,0.151915619394,-0.0131612252038,-0.0813882155187,6.37317901749e-05,-0.129527205201,-0.00161273664972,0.0544668551144,-0.0245048246864,0.574008246958,0.818835203994,0.00204646659678,0.0,0.818790828733,-0.573946796734,-0.0121408485265,0.0,-0.0087669600232,0.00864474169813,-0.999924201554,0.0,0.655068664326,0.252426383652,0.30334334303,1.0,-0.01628,-0.0213965714286,0.815
0.460156102928,0.511145545721,-0.124087247382,-1.4136718469,0.0762088324938,1.91534629349,0.151638318959,-0.0129309636841,-0.0869977993887,-0.00190239496242,-0.134954535827,-0.0127508674176,0.0538317352404,-0.0200938976868,0.573996085957,0.818843711298,0.00205345446088,0.0,0.81879939164,-0.573934571279,-0.0121412949253,0.0,-0.00876344321442,0.00865058957957,-0.999924181807,0.0,0.654821338267,0.252120778057,0.303332129046,1.0,-0.01658,-0.0217908571429,0.83
0.459931920589,0.509486415958,-0.124090815218,-1.41630291008,0.0760462229431,1.91633059413,0.151272968741,-0.0104648528032,-0.0948031286909,-0.000457062052835,-0.138007684586,-0.0091730967408,0.0560982806741,-0.0121001199978,0.573976436237,0.818857466938,0.00206067596089,0.0,0.818813238831,-0.573914889529,-0.0121378084492,0.0,-0.00875665105714,0.00865429141707,-0.999924209279,0.0,0.654499624603,0.251722026144,0.303326633933,1.0,-0.01696,-0.0222902857143,0.849
0.459762445133,0.508254447889,-0.124094011372,-1.41824645097,0.0759228854032,1.91702104769,0.150990632991,-0.0106176484049,-0.084243711535,0.000178164882529,-0.136471420273,-0.0105255108785,0.0569951451905,-0.0213378023581,0.573953791897,0.81887338975,0.00204039880326,0.0,0.818828866153,-0.573892307415,-0.0121513104671,0.0,-0.00877958464905,0.00864519460446,-0.99992408687,0.0,0.654255318839,0.251421807507,0.303323461503,1.0,-0.01724,-0.0226582857143,0.863
0.459513881811,0.506429007334,-0.124094705061,-1.42111729935,0.0757465497389,1.91806504502,0.150596503329,-0.0107030692178,-0.0957187303097,0.00131679752632,-0.150353125249,-0.00848975636658,0.0550829169833,-0.0193753439299,0.573936083326,0.81888580541,0.0020388367894,0.0,0.818841184829,-0.57387453266,-0.0121606617191,0.0,-0.00878832595899,0.00864909261185,-0.999923976372,0.0,0.653896557026,0.25098457438,0.303324078939,1.0,-0.01764,-0.023184,0.883
0.459337544205,0.505202500682,-0.124105316996,-1.42297990564,0.0756309054265,1.9187896471,0.150347268832,-0.0150495028253,-0.0966948765896,-0.00027489897259,-0.13958280007,-0.00222108392629,0.0606509151545,-0.0194427342894,0.573949095917,0.81887650532,0.00210979430238,0.0,0.818832914316,-0.573887333572,-0.0121133686482,0.0,-0.00870873642988,0.00868019312199,-0.999924403221,0.0,0.653679748286,0.250688661462,0.30335788471,1.0,-0.0179,-0.0235257142857,0.896
0.459071898808,0.503244304623,-0.124106800934,-1.42590761928,0.0754434274467,1.91989926822,0.14994001192,-0.0118951220648,-0.100029080579,0.000588709987263,-0.149443677509,-0.00814721333885,0.0552916384796,-0.0224471769241,0.573934127417,0.81888669175,0.00222494078408,0.0,0.818844700838,-0.573871972859,-0.0120441511718,0.0,-0.00858612926038,0.00873459853209,-0.999924989773,0.0,0.65332664814,0.250237610531,0.303428411122,1.0,-0.0183,-0.0240514285714,0.916
0.458884809208,0.501844206855,-0.124110683512,-1.42797494022,0.0753091035701,1.92064748766,0.149645442421,-0.0116010503499,-0.0964255344429,0.00245760979553,-0.149627131651,-0.0031561716404,0.0633027948346,-0.0194886116228,0.573918237929,0.81889764453,0.00229147477036,0.0,0.818856566638,-0.573855854973,-0.0120053274723,0.0,-0.00851632214094,0.00876663433652,-0.9999253064,0.0,0.653070425443,0.249915436061,0.303486791602,1.0,-0.01858,-0.0244194285714,0.93
0.458601487785,0.499827251663,-0.12411914759,-1.43103661469,0.0751172567694,1.92173054205,0.149222410239,-0.0148181489395,-0.102353657214,-0.0019257599656,-0.148975935884,-0.00330529841218,0.0604019779775,-0.0229090967446,0.573913980316,0.818900538298,0.00232346181309,0.0,0.81885983441,-0.573851422198,-0.0119943208455,0.0,-0.0084889973705,0.00878646713985,-0.999925364674,0.0,0.652684869187,0.249431494314,0.30353098147,1.0,-0.01898,-0.0249451428571,0.95
0.45841469058,0.498545169885,-0.124116392766,-1.4330328986,0.0749892685982,1.92248321185,0.148929455174,-0.0137094684403,-0.0927094020374,-0.000909004880046,-0.151059935947,-0.00571119902411,0.05679797016,-0.0250378370114,0.573892110503,0.818915779748,0.00235331304534,0.0,0.818875485439,-0.573829454893,-0.0119767668717,0.0,-0.00845772587701,0.00880061181844,-0.999925505278,0.0,0.652439837731,0.249121719615,0.303540103667,1.0,-0.01924,-0.0252868571429,0.963
0.458108662955,0.496582618185,-0.124114303926,-1.43616559829,0.074796573129,1.92360980908,0.148460694581,-0.013348561848,-0.0997535977246,0.00141425023657,-0.161100651687,-0.0115024672152,0.0586866317427,-0.0224716202556,0.573864027225,0.818935562619,0.00231720442262,0.0,0.818894660026,-0.573801380093,-0.0120107820532,0.0,-0.00850660524105,0.00879027132699,-0.9999251816,0.0,0.652044965772,0.248623078738,0.303514701239,1.0,-0.01964,-0.0258125714286,0.983
0.457886274143,0.495205509433,-0.124114327186,-1.43841912061,0.0746528464504,1.92437544003,0.148149202039,-0.0155382118659,-0.0912352621677,0.000651087924598,-0.159934937162,-0.0113818036348,0.050812515387,-0.0185433415989,0.573865659125,0.818934684443,0.00222143980957,0.0,0.818892398248,-0.573803274453,-0.0120743206454,0.0,-0.00861357636893,0.0087483265813,-0.999924633702,0.0,0.651751126608,0.248257927786,0.303467966906,1.0,-0.01992,-0.0261805714286,0.997
0.457526289701,0.492772737402,-0.124185054518,-1.44213944322,0.0744374724181,1.9257341328,0.147613229653,-0.0168198461812,-0.156217864218,-0.000921223338791,-0.233301740752,-0.014161392321,0.0843173541939,-0.0349437362318,0.573901502391,0.818909417497,0.00227560770621,0.0,0.818867956658,-0.573839006426,-0.01203375101,0.0,-0.00854888415723,0.00876977886197,-0.999925000967,0.0,0.651300195287,0.247630327363,0.303510859445,1.0,-0.0338862857143,-0.0445362612245,1.017
0.457222971664,0.490155745121,-0.124243367423,-1.44618337819,0.0742304933489,1.92731182014,0.147002173084,-0.0227369782603,-0.203226426522,-0.00636013932488,-0.32181370661,-0.0113243597523,0.129619206429,-0.055316431542,0.573825002194,0.818962622205,0.00241602752636,0.0,0.818922934782,-0.573761882046,-0.0119698162268,0.0,-0.00841676963275,0.00884729051278,-0.99992543894,0.0,0.650755419897,0.246980914711,0.303541174099,1.0,-0.0469234285714,-0.0616707918367,1.032
0.456494842243,0.484970938099,-0.124314440873,-1.45438422708,0.0737856027974,1.93043109516,0.145760621218,-0.047926250975,-0.290458226006,-0.00207183416988,-0.460139836769,-0.0196948204884,0.177846992822,-0.0819774236475,0.573759049313,0.819008539245,0.00251254367046,0.0,0.818969836795,-0.57369526395,-0.0119539718178,0.0,-0.0083491313391,0.00891656865701,-0.999925390621,0.0,0.649774620232,0.245747742008,0.303516811571,1.0,-0.0634371428571,-0.0833745306122,1.051
0.455841797732,0.48068349454,-0.124443793932,-1.46124716903,0.0733729275996,1.9328151499,0.144713253485,-0.0485188220965,-0.350517754212,-0.00926286955353,-0.555169389836,-0.0302762722363,0.187746715032,-0.0954989059929,0.573754811465,0.819012037462,0.00233360563456,0.0,0.818971001101,-0.573691751132,-0.0120424640455,0.0,-0.0085243168305,0.0088207468574,-0.999924762393,0.0,0.648889729517,0.244586743401,0.3034351583,1.0,-0.074736,-0.0982244571429,1.064
0.454571130417,0.472589741472,-0.12463487544,-1.4740127686,0.0726028437533,1.93723430018,0.14286453752,-0.0689574705585,-0.429886545189,-0.00611628293542,-0.68083920314,-0.0374605695078,0.239643904191,-0.0966821134637,0.573828981593,0.818960694917,0.00210403594945,0.0,0.818916431369,-0.573766665634,-0.0121835438744,0.0,-0.00877078673165,0.00871446796534,-0.999923562753,0.0,0.647224417334,0.242422765646,0.303350868788,1.0,-0.0921188571428,-0.121070497959,1.084
0.453516659031,0.465866296797,-0.124749632503,-1.48415082511,0.0720119921604,1.94104349709,0.14125406634,-0.0790902988621,-0.499701629677,-0.00962858120593,-0.763371066441,-0.0511879827955,0.285258400677,-0.115152629615,0.573781500632,0.818993017963,0.00244396425353,0.0,0.818953256672,-0.573717812147,-0.0120075939933,0.0,-0.0084321521636,0.00889139897204,-0.999924918098,0.0,0.645951062621,0.240725737264,0.30350082955,1.0,-0.104286857143,-0.137062726531,1.098
0.451687980289,0.455134701362,-0.124884254896,-1.5009810864,0.0709429339448,1.94691194155,0.138648238025,-0.101977384462,-0.553314597613,-0.00965482265888,-0.894605154611,-0.0571659863206,0.296112639994,-0.134020164247,0.573736674154,0.819025019096,0.00223466460025,0.0,0.818982081375,-0.573673412569,-0.0121619488231,0.0,-0.00867913980028,0.00880807591726,-0.999923542243,0.0,0.643705077435,0.23784811383,0.303390945306,1.0,-0.121669714286,-0.159908767347,1.118
0.450292459545,0.447072614781,-0.12505334091,-1.51302854249,0.0700767691468,1.95127160641,0.136741839859,-0.110211339768,-0.646056716496,-0.0101498335531,-0.946636107291,-0.0748052503969,0.340696198688,-0.143898083519,0.573752125216,0.819013501266,0.00247597547271,0.0,0.818974958651,-0.573689162251,-0.0118957605786,0.0,-0.00832250846111,0.00885315027401,-0.999926176067,0.0,0.642149878994,0.235694153034,0.303570197069,1.0,-0.132968571429,-0.174758693878,1.131
0.447849136607,0.433639134391,-0.125216169724,-1.53354245484,0.0687587032206,1.95834979846,0.133462336575,-0.13000217251,-0.703960936537,-0.0128796968524,-1.05205784276,-0.0680585841285,0.376055785623,-0.17887401168,0.57372413144,0.819033036106,0.00250073414689,0.0,0.818994163373,-0.573660379954,-0.0119614268994,0.0,-0.00836239269071,0.00891081748997,-0.999925331072,0.0,0.639196476374,0.23187569084,0.303620898286,1.0,-0.151220571429,-0.198747036735,1.152
0.445896308541,0.423310346035,-0.125344080838,-1.54912285214,0.0676819237229,1.96374867802,0.130883473245,-0.141222661158,-0.753305129011,5.21247498709e-05,-1.13725334895,-0.0821777437534,0.392670074874,-0.203090421783,0.573690032628,0.819056718852,0.00256606065284,0.0,0.819018895626,-0.5736262424,-0.0119050215663,0.0,-0.00827908756999,0.0089316163341,-0.999925838719,0.0,0.637199567544,0.229248890254,0.303692321905,1.0,-0.162519428571,-0.213596963265,1.165
0.442743722828,0.407394585718,-0.125555855556,-1.57289731204,0.0659805401277,1.97211655361,0.12691813053,-0.167814459155,-0.802813033046,-0.0122359320679,-1.22556215029,-0.0837069164487,0.410652651613,-0.207932873426,0.57369513192,0.81905197827,0.00291537394258,0.0,0.819019611423,-0.573631107668,-0.0116178879717,0.0,-0.00784345595339,0.00905304850538,-0.999928258682,0.0,0.63391677943,0.224849336316,0.303888005494,1.0,-0.179902285714,-0.236443004082,1.185
0.440433877933,0.396282473822,-0.125687626168,-1.58937009168,0.0648941841753,1.97775751272,0.12410991578,-0.18155547663,-0.878256717185,-0.0112867674606,-1.27648716118,-0.0869504482123,0.450364400178,-0.212565842715,0.57374418988,0.81901667571,0.003168026088,0.0,0.818987092591,-0.573678762173,-0.0115571147898,0.0,-0.00764818770257,0.00922557755845,-0.999928194394,0.0,0.631573076741,0.221750602964,0.304029287946,1.0,-0.191201142857,-0.251292930612,1.198
0.436507375478,0.378295361078,-0.125901073473,-1.61625230835,0.0628484814518,1.98679538172,0.119344195731,-0.208291020104,-0.933692820849,-0.0120972092983,-1.37673561972,-0.120362471351,0.477649562697,-0.24488526419,0.573652933717,0.819080603858,0.00316589999463,0.0,0.819051613955,-0.573588274524,-0.0114757094312,0.0,-0.00758375390615,0.00917628655388,-0.99992913871,0.0,0.627434608114,0.216309136469,0.304074125884,1.0,-0.209453142857,-0.275281273469,1.219
0.433461373223,0.3650323032,-0.126024742087,-1.63606793086,0.0614008097749,1.99326706602,0.115812602904,-0.221480324067,-0.952833993143,-0.00709560394219,-1.41770721616,-0.104230443861,0.463309512629,-0.256447582557,0.573674723229,0.819065608209,0.00309649450255,0.0,0.819035250306,-0.573609713852,-0.0115715958861,0.0,-0.00770186518166,0.00917464685765,-0.99992825099,0.0,0.624659313067,0.212702526621,0.304053759521,1.0,-0.220752,-0.2901312,1.232
0.428574679415,0.344956192311,-0.126301416375,-1.66569517549,0.0591442068653,2.00294659078,0.110263668891,-0.261093267653,-1.03250571793,-0.0188443470602,-1.48928570439,-0.105365176247,0.50108705504,-0.290082040876,0.573719423684,0.819034147732,0.00313602280587,0.0,0.819004317736,-0.573654301861,-0.0115506012226,0.0,-0.00766149136223,0.00919539753502,-0.999928370542,0.0,0.620150612579,0.206690741432,0.304091569858,1.0,-0.238134857143,-0.312977240816,1.252
0.424846764841,0.330270958388,-0.12644816176,-1.68727394584,0.0574739747997,2.00987177804,0.10611603903,-0.271323843682,-1.04319919937,-0.00610977452671,-1.51822845885,-0.110475976818,0.480486563625,-0.311452353351,0.573706419536,0.819043278388,0.00313036922487,0.0,0.819013016622,-0.57364088785,-0.0115998832671,0.0,-0.00770524698846,0.00921891813095,-0.999927817754,0.0,0.616764693204,0.20226731038,0.304082614818,1.0,-0.250302857143,-0.328969469388,1.266
0.419112308293,0.30829778711,-0.126645466551,-1.71915477296,0.054883868488,2.02000589363,0.099772484249,-0.299264925088,-1.1214356185,-0.00770517527142,-1.57194112492,-0.12224726901,0.526450160209,-0.327735995876,0.573565860502,0.819141285906,0.00324103244761,0.0,0.819112474543,-0.573500016998,-0.0115425930092,0.0,-0.00759642857126,0.00927538597993,-0.999928128161,0.0,0.611636974098,0.195647754552,0.304135111047,1.0,-0.267685714286,-0.351815510204,1.286
0.414996646539,0.293418492089,-0.126821605121,-1.74066020115,0.0529941920602,2.02649763847,0.0953302523293,-0.320770473088,-1.14250663141,-0.0169725855692,-1.61698974453,-0.133322157994,0.493711817509,-0.338110004581,0.57347136612,0.819208261743,0.00302705048083,0.0,0.819177000891,-0.573406604498,-0.0116040523378,0.0,-0.0077705544142,0.00913445774771,-0.999928087497,0.0,0.608063558653,0.191013499351,0.304106026408,1.0,-0.278984571429,-0.366665436735,1.299
0.408098331378,0.269639983977,-0.12709141843,-1.77444182688,0.0502052712662,2.0368708821,0.0880688450037,-0.354992736328,-1.21322807768,-0.0119327301975,-1.7194095545,-0.144078599405,0.531741521104,-0.382391195062,0.573426049656,0.819238914994,0.00330342809994,0.0,0.819210688597,-0.573359757744,-0.0115404848121,0.0,-0.00756050708408,0.00932399774127,-0.999927948304,0.0,0.602391527497,0.183600530636,0.304211107443,1.0,-0.296367428571,-0.389511477551,1.319
0.402750686061,0.252441894906,-0.127378366169,-1.79856502636,0.048027136721,2.04406673729,0.0827343762289,-0.389333135632,-1.24439144611,-0.0201033357192,-1.72076464286,-0.155568478174,0.542869081318,-0.384508167621,0.573560064334,0.819144595722,0.00342502564676,0.0,0.819118613228,-0.573494233381,-0.0113933596139,0.0,-0.00736871836795,0.00934045816397,-0.999929226411,0.0,0.598269225814,0.178031920926,0.304311236925,1.0,-0.308535428571,-0.405503706122,1.333
0.394146315208,0.225764727019,-0.127701106716,-1.8357574714,0.0446852106845,2.05485843334,0.0740396623746,-0.418467065949,-1.29932397197,-0.0132488399559,-1.80375540272,-0.159818958617,0.502047293213,-0.431605753835,0.573484926896,0.819196535015,0.00358085786554,0.0,0.8191722802,-0.573418306093,-0.0113564294813,0.0,-0.00724995781379,0.00944626250352,-0.999929100605,0.0,0.591672290017,0.169417063953,0.304377620419,1.0,-0.326787428571,-0.42949204898,1.354
0.388852895796,0.210043043352,-0.127899252072,-1.85743645067,0.042629734019,2.06094391701,0.0687417603603,-0.444410592604,-1.3259561411,-0.0184962778642,-1.810478125,-0.178728272756,0.508061758082,-0.442201659368,0.573388557226,0.819263820392,0.00361966021309,0.0,0.819240146336,-0.573321948929,-0.0113257409678,0.0,-0.00720367785936,0.00945960336238,-0.999929308966,0.0,0.58771597141,0.164277930955,0.304412095039,1.0,-0.337217142857,-0.443199673469,1.366
0.379239471635,0.183175062333,-0.12832564787,-1.89423100793,0.0390521899036,2.07079983359,0.0593666236028,-0.499063039736,-1.35882805173,-0.0253514382052,-1.86127211058,-0.172785354459,0.478727517473,-0.488475782215,0.573362853871,0.819282489699,0.00346219213845,0.0,0.819256393554,-0.573296188609,-0.0114537613111,0.0,-0.00739914698265,0.00940376536963,-0.999928408348,0.0,0.580811771293,0.155243427131,0.304382462963,1.0,-0.3546,-0.466045714286,1.386
0.371844277044,0.163830207781,-0.128735059452,-1.92034971391,0.0364566995969,2.07762869231,0.0523887040584,-0.534851950687,-1.39614541052,-0.0269935725467,-1.89131799862,-0.199548730795,0.471851261877,-0.511006712321,0.573534605346,0.819162346096,0.00344297977743,0.0,0.81913582041,-0.57346774383,-0.0114891866113,0.0,-0.00743721440365,0.00940989534313,-0.999928068269,0.0,0.57582048362,0.148544072853,0.304385071223,1.0,-0.366768,-0.482037942857,1.4
