position_joint1,position_joint2,position_joint3,position_joint4,position_joint5,position_joint6,position_joint7,velocity_joint1,velocity_joint2,velocity_joint3,velocity_joint4,velocity_joint5,velocity_joint6,velocity_joint7,ee_T_00,ee_T_10,ee_T_20,ee_T_30,ee_T_01,ee_T_11,ee_T_21,ee_T_31,ee_T_02,ee_T_12,ee_T_22,ee_T_32,ee_T_03,ee_T_13,ee_T_23,ee_T_33,v_x,v_y,time
0.465078842742,0.547756445067,-0.123959506786,-1.35583771846,0.0795525722255,1.89410337881,0.159162870925,0.000221264186099,-0.00215395274451,0.00028758795583,-0.00144755962303,0.000273332216491,-6.14945355217e-05,0.005005714315,0.573798433928,0.818982357555,0.00200053385351,0.0,0.818939237115,-0.573739033185,-0.0119496700304,0.0,-0.00863895090109,0.00849518117577,-0.999926597518,0.0,0.661666258808,0.260919162317,0.303229043884,1.0,0.0,0.0,0.0
0.465079031341,0.547756467306,-0.123960375591,-1.35583341456,0.0795511480719,1.89410111836,0.159156809847,0.000376745614144,-0.00138384161864,0.000715562818332,0.000470264071052,-0.000353236896842,0.000243735905722,0.0010325947261,0.573793294671,0.818985956349,0.00200129802926,0.0,0.818942864461,-0.57373390966,-0.0119470731246,0.0,-0.008636438844,0.00849426273143,-0.999926627021,0.0,0.661667024715,0.260918911005,0.303230906323,1.0,-2e-05,-2.62857142857e-05,0.002
0.465076157251,0.547759269529,-0.123960235589,-1.3558383077,0.0795517416753,1.89410468123,0.159156547576,0.00014514145739,-0.00167980059714,0.000340012038879,-0.000685051619608,0.000104838472132,0.000243910838635,-0.000250862299911,0.573795790323,0.818984215773,0.00199805496069,0.0,0.818941074738,-0.573736411779,-0.0119495944011,0.0,-0.00864033866902,0.00849307975843,-0.999926603378,0.0,0.661667223115,0.260916809958,0.303226898261,1.0,-0.00034,-0.000446857142857,0.018
0.465072707553,0.547755770789,-0.123961194481,-1.35584937937,0.0795500638266,1.89410434481,0.15916204074,7.25499570972e-05,0.00250721884416,0.00019471672516,-0.00146927411179,-0.000509520799241,0.000126551745402,0.000711902328769,0.573803935387,0.818978527481,0.00199051783719,0.0,0.818935296577,-0.573744595569,-0.0119526556629,0.0,-0.00864708596604,0.00848874960779,-0.999926581822,0.0,0.661665923712,0.260912407728,0.303224106654,1.0,-0.00068,-0.000893714285714,0.035
0.465074749717,0.547702791925,-0.123962989954,-1.35588609348,0.0795518594986,1.894109167,0.159157005952,0.000246785860077,-0.00337577095521,-0.00102149261264,-0.0014847443822,-0.000154082241047,-0.000812423233297,-0.00156593087077,0.573801813713,0.818979962887,0.00201143505773,0.0,0.818936967594,-0.573742350417,-0.0119459343471,0.0,-0.00862960153703,0.00850200101139,-0.999926620286,0.0,0.661659651989,0.260909680833,0.303244644573,1.0,-0.00102,-0.00134057142857,0.052
0.465076878327,0.547582859872,-0.123960722038,-1.35602292128,0.079549096483,1.89413096702,0.159157954827,0.00127001048075,-0.00690665447365,-0.000642587997367,-0.00863132838165,0.000282489162525,-0.000305384875486,0.00126100607338,0.573805938922,0.818977049005,0.00202102985738,0.0,0.818934080637,-0.573746338379,-0.0119523080923,0.0,-0.00862927367008,0.00851355950779,-0.999926524771,0.0,0.661634880942,0.260898768696,0.303266292636,1.0,-0.00134,-0.00176114285714,0.068
0.465059816536,0.547449115213,-0.123960811621,-1.35621773276,0.0795485425,1.89416193721,0.159145983956,-0.000698123485761,-0.00613839555248,-0.00070989518926,-0.0146514513763,-9.1262965929e-05,0.000896398688171,0.000372868631998,0.573827724457,0.818961824446,0.00200490549413,0.0,0.818918513236,-0.573768058104,-0.0119762715366,0.0,-0.00865792514755,0.00851433479712,-0.9999262705,0.0,0.661603522498,0.260865507096,0.303274168842,1.0,-0.0017,-0.00223428571429,0.086
0.465031905919,0.547272349979,-0.123963443692,-1.3564303096,0.0795436128723,1.89428741679,0.15914566759,-0.00139776183147,-0.0116104288927,-0.000354111713371,-0.0141951595596,0.000426294644739,0.00581324267089,0.00166524172651,0.573855929572,0.81894186836,0.00208212476077,0.0,0.818899552655,-0.573795927211,-0.0119374820927,0.0,-0.00858155440233,0.00855561064022,-0.99992657653,0.0,0.661593547206,0.260832905643,0.303306010596,1.0,-0.00202,-0.00265485714286,0.102
0.465012973617,0.547084347068,-0.123961173863,-1.35664112359,0.0795403811563,1.89439927702,0.159128503671,-2.26548352726e-05,-0.0150039730716,0.00072129325479,-0.0136466590121,-0.000196663880707,0.00243774072213,-0.00110010959868,0.573866877242,0.818933985592,0.00216364241731,0.0,0.81889268941,-0.573806498681,-0.0119000925938,0.0,-0.00850404190607,0.00860102553014,-0.99992684914,0.0,0.661577082189,0.260806226676,0.303348468944,1.0,-0.00234,-0.00307542857143,0.118
0.464987859131,0.546881463996,-0.123961174837,-1.35691690146,0.0795365315588,1.89453916634,0.159110857477,-0.001160794901,-0.0122074576505,0.000142928996335,-0.0208970984217,-0.000208083841104,0.004648484243,-0.0041767761488,0.573887625621,0.818919277087,0.00222658411198,0.0,0.818878743316,-0.573826934623,-0.0118743314685,0.0,-0.0084466076298,0.00863800060008,-0.999927017219,0.0,0.661553855179,0.260768425883,0.3033730472,1.0,-0.00268,-0.00352228571429,0.135
0.46494941361,0.546613403137,-0.123966042613,-1.35731332056,0.0795316353168,1.89468068022,0.15906161167,-0.00187178819545,-0.0181823463136,-0.0011264858321,-0.0249678869822,-0.000146175466888,0.00937197529144,-0.0103087160825,0.573903016778,0.81890843386,0.00224748451058,0.0,0.818868020482,-0.573842085536,-0.0118816160503,0.0,-0.00844041689687,0.00865945520904,-0.999926883926,0.0,0.661509624088,0.260705455668,0.303386651075,1.0,-0.00304,-0.00399542857143,0.153
0.464923209445,0.546340407383,-0.123964275863,-1.35771121384,0.0795184837947,1.89483235864,0.158931796213,0.000463621805947,-0.0182222856304,-0.000620427814508,-0.0253982516582,-0.00255033734862,0.00974648649051,-0.00763654598552,0.573835709483,0.818955515947,0.00227778898865,0.0,0.8189153913,-0.573774557936,-0.0118779400117,0.0,-0.00842072924578,0.00868146973995,-0.999926859026,0.0,0.661462934308,0.260653668816,0.303403680286,1.0,-0.00336,-0.004416,0.169
0.464881326965,0.546049173598,-0.123964360406,-1.35820408619,0.0795062789524,1.89499381552,0.15891593272,-0.000842751160393,-0.0183041882352,-0.00109245277899,-0.0297688696208,0.000219362345514,0.0107435974331,-0.00182172254929,0.573881318872,0.818923625607,0.00225259256145,0.0,0.818882984638,-0.573820068281,-0.0119135892876,0.0,-0.00846389987224,0.00868176320358,-0.999926491992,0.0,0.661401294959,0.260580213041,0.303389310813,1.0,-0.0037,-0.00486285714286,0.186
0.46482419137,0.545711557035,-0.123961579626,-1.35877227491,0.0794787906702,1.89518173472,0.158864133106,-0.00206248163735,-0.0170946413939,-0.00557616606439,-0.0338666514463,0.000526212715396,0.0133917872654,-0.00314937174333,0.573908117023,0.818904933515,0.00222035586941,0.0,0.818863759476,-0.573846877516,-0.0119436796324,0.0,-0.00850675767409,0.00867291062315,-0.999926205125,0.0,0.661332987665,0.260489320037,0.303374088821,1.0,-0.00404,-0.00530971428571,0.203
0.464774487805,0.54536552929,-0.123961591322,-1.35935945964,0.0794041668277,1.89538242397,0.158748073747,-0.00482671184282,-0.0295059570001,0.000503566930238,-0.0392333259058,-0.00470875561819,0.00976726072073,-0.00937019595522,0.573866713922,0.818934098306,0.00216429798531,0.0,0.818892507114,-0.573806025855,-0.0119353837819,0.0,-0.00853256980807,0.00862181287027,-0.999926427091,0.0,0.661264371155,0.260392818836,0.303356868794,1.0,-0.00436,-0.00573028571429,0.219
0.464716195201,0.544964654714,-0.123963956349,-1.360043265,0.0793767176612,1.89560226497,0.158699479189,-0.000677862973533,-0.0234046646911,-4.53305632311e-05,-0.0370378484932,-0.000364268172784,0.0130093493129,-0.00436694545412,0.57390704165,0.818905960486,0.00211715045338,0.0,0.818863586811,-0.573846373746,-0.0119796675273,0.0,-0.0085954675218,0.00860903871531,-0.999925998457,0.0,0.661178879397,0.260287466878,0.303334286972,1.0,-0.0047,-0.00617714285714,0.236
0.464640274995,0.544533011753,-0.123964666763,-1.36077390292,0.0793528464396,1.8958486225,0.158594322471,-0.00680481382949,-0.0250863725718,2.67883987183e-05,-0.044980987284,-0.00220230782794,0.00410981329993,-0.00581713352621,0.573917927962,0.818898418395,0.00208307852929,0.0,0.818855373236,-0.573857174974,-0.0120236165448,0.0,-0.00865089756841,0.00860647484187,-0.999925542509,0.0,0.661092641905,0.260168648663,0.303313411533,1.0,-0.00504,-0.006624,0.253
0.464574578138,0.544083993017,-0.123962270235,-1.36151294212,0.0793224569458,1.89611641611,0.158507922468,-0.00484237018917,-0.0302274135257,-0.00020808486684,-0.0466791712191,-0.000894917256292,0.019484798276,-0.00176859173644,0.573932359456,0.818888324911,0.00207484821733,0.0,0.818845005677,-0.57387147397,-0.0120471964422,0.0,-0.00867477932609,0.00861342081427,-0.999925275801,0.0,0.661003360451,0.260049167545,0.303302706013,1.0,-0.00538,-0.00707085714286,0.27
0.464491605049,0.543551345211,-0.123969969267,-1.36238825352,0.0792758964221,1.89642615318,0.158400177579,-0.00814834422166,-0.0295350371235,-0.000375806808273,-0.048318867153,-0.00377486305825,0.019663421982,-0.012110717008,0.573953868589,0.818873325581,0.00204457465461,0.0,0.818829568071,-0.573893067537,-0.012067824417,0.0,-0.00870881996427,0.00860069828099,-0.999925089416,0.0,0.660906377504,0.259915297497,0.30328987562,1.0,-0.00572,-0.00751771428571,0.287
0.464409997732,0.543014957148,-0.123970790077,-1.36325160779,0.0792192623983,1.89673752391,0.158274600471,-0.00647352132355,-0.0300908751526,0.000201756026802,-0.0489947048011,-0.00243243109145,0.0169802896071,-0.000400876213918,0.573951382803,0.818875108433,0.0020282673023,0.0,0.818831160175,-0.573890674323,-0.0120736056003,0.0,-0.00872293934892,0.00859063649437,-0.999925052838,0.0,0.660808324124,0.259777413884,0.30328538164,1.0,-0.00606,-0.00796457142857,0.304
0.464343540861,0.542459147249,-0.123971202239,-1.36410589578,0.0791713075703,1.89703474274,0.158179510407,-0.00451843910956,-0.0296355022354,0.000229359406569,-0.0529412052911,-0.00209694226693,0.013806509895,-0.000537916690902,0.573962805833,0.818867098622,0.00202958538624,0.0,0.818823104299,-0.573902027882,-0.0120802798398,0.0,-0.00872752856601,0.00859566821174,-0.999924969552,0.0,0.660705407714,0.25965156507,0.303297643769,1.0,-0.00638,-0.00838514285714,0.32
0.464248659961,0.541852332577,-0.123974363455,-1.36503425428,0.0791189481369,1.8973915375,0.158035332008,-0.00377351581826,-0.0385637913368,0.00044604180836,-0.0530105167784,-0.00377480912619,0.0110053110572,-0.00651333067738,0.573962344821,0.818867344391,0.00206056288764,0.0,0.818823750792,-0.573901429563,-0.0120648740321,0.0,-0.00869713881902,0.00861218703312,-0.9999250922,0.0,0.660606765304,0.259500559073,0.303315904333,1.0,-0.00672,-0.008832,0.337
0.464168041643,0.541213671455,-0.123977568086,-1.36603058131,0.0790566183983,1.89776713669,0.157927792956,-0.00645432266947,-0.035511449232,0.000203093820846,-0.0604993249281,-0.000924216881581,0.0272751757158,-0.00774437502788,0.573981257467,0.818854056599,0.00207291327122,0.0,0.818810664312,-0.573920326598,-0.0120541125137,0.0,-0.00868103900578,0.00861632404184,-0.999925196463,0.0,0.660493730719,0.259350970048,0.30332586575,1.0,-0.00706,-0.00927885714286,0.354
0.464084647339,0.54056012584,-0.123980589919,-1.36703719812,0.0790014721415,1.89812183884,0.157796744696,-0.00431733759036,-0.0425446895232,-0.00155405267742,-0.0639915278606,-0.00179030614713,0.0213198955267,-0.00427031317233,0.573985301649,0.818851210707,0.00207728566903,0.0,0.818807805873,-0.573924282428,-0.0120599328699,0.0,-0.00868325312406,0.00862328795201,-0.999925117206,0.0,0.660374643673,0.259198380905,0.303339549452,1.0,-0.00738,-0.00969942857143,0.37
0.463981846665,0.539822295503,-0.123980991262,-1.36814108072,0.0789372687455,1.89853709338,0.157654389897,-0.00292667506822,-0.0384359349118,0.000801987516943,-0.0637697458482,-0.00751751532997,0.0200349482678,-0.00868592100537,0.573997160613,0.818842786858,0.00212059435087,0.0,0.818799935355,-0.573935943514,-0.0120393316761,0.0,-0.00864140095571,0.00864705119767,-0.999925274556,0.0,0.660252133395,0.259026712753,0.303371554232,1.0,-0.00772,-0.0101462857143,0.387
0.463883800316,0.539027362164,-0.123989953721,-1.36938876838,0.0788667451124,1.89900880966,0.157514326175,-0.00627416837769,-0.0457642338992,-0.000997182308399,-0.0740956737389,-0.00127743789845,0.0240546072723,-0.00560271288368,0.574019275971,0.818827243951,0.002135949187,0.0,0.818784598794,-0.573957997153,-0.0120310092223,0.0,-0.00862553907439,0.00865508013821,-0.999925342045,0.0,0.66010997843,0.258839711916,0.303380517571,1.0,-0.00808,-0.0106194285714,0.405
0.463791043334,0.538341093549,-0.123984564969,-1.37044099002,0.07880756329,1.89941683098,0.157381356799,-0.0035556104061,-0.0453558348615,-0.00286964357882,-0.0701618013355,-0.00568794096664,0.0214638242055,-0.0110034819606,0.574022802724,0.818824679928,0.00217080516777,0.0,0.818782459709,-0.573961347045,-0.0120167662746,0.0,-0.00859383199821,0.00867548208135,-0.999925438251,0.0,0.659982672419,0.258670986166,0.30339937204,1.0,-0.0084,-0.01104,0.421
0.463683415552,0.537496244831,-0.123995187273,-1.37175788797,0.0787310617961,1.89991270194,0.157218383507,-0.0045632719595,-0.0454926985481,0.000645047636513,-0.0759079353767,-0.00236727532027,0.0280079483334,-0.00510235290908,0.574039323277,0.818813038763,0.00219312226889,0.0,0.81877112226,-0.573977785209,-0.0120040968117,0.0,-0.00857047253357,0.00868665603675,-0.999925541732,0.0,0.659842595879,0.258482674731,0.303412780431,1.0,-0.00874,-0.0114868571429,0.438
0.463559838376,0.536618773879,-0.123996334013,-1.37312822515,0.0786512815182,1.90042578523,0.157041414683,-0.00556016785764,-0.0476286683612,-0.000951038490894,-0.0721221805841,-0.00352626218162,0.0265075899198,-0.0114904612156,0.574050556448,0.818805115479,0.00221097459308,0.0,0.818763406893,-0.573988917616,-0.0119980368281,0.0,-0.00855514373002,0.0086979122696,-0.999925575149,0.0,0.659686950851,0.258271234621,0.303424539848,1.0,-0.0091,-0.01196,0.456
0.463459665642,0.535863628728,-0.124002019756,-1.37432633631,0.0785792218439,1.90086736618,0.156903647597,-0.00349476559365,-0.047801396133,-0.00039995021798,-0.0813770376461,-0.0072908622096,0.0318100970034,-0.00709496313458,0.574070355857,0.818791242882,0.00220771536977,0.0,0.818749500887,-0.574008737242,-0.0119988027695,0.0,-0.00855743147824,0.0086958902557,-0.99992557316,0.0,0.659548042365,0.258087853114,0.303425724006,1.0,-0.0094,-0.0123542857143,0.471
0.463340720758,0.534961717157,-0.124007382101,-1.37573630495,0.0785050755082,1.90137562099,0.156725587901,-0.00623175636279,-0.0579868029871,-0.00109054242304,-0.0870614746239,-0.00120794904049,0.0348541771981,-0.0174243633633,0.574083193393,0.818782228583,0.00221271815201,0.0,0.818740444693,-0.574021443485,-0.0120088943957,0.0,-0.00856268650676,0.00870591390339,-0.999925440952,0.0,0.659381700219,0.257873256833,0.303435273589,1.0,-0.00974,-0.0128011428571,0.488
0.463213094754,0.534020694165,-0.124011262382,-1.37729735471,0.0784159443883,1.90193266099,0.156534475884,-0.0108508462075,-0.0545297308405,-0.00200376954095,-0.0812705132456,-0.00509350931612,0.0297019718457,-0.0129000270731,0.574095578179,0.818773686654,0.00215964329991,0.0,0.818731119863,-0.574033957559,-0.0120464035364,0.0,-0.00862373567773,0.0086841213769,-0.999925105805,0.0,0.659193345109,0.257637283363,0.303404510235,1.0,-0.0101,-0.0132742857143,0.506
0.463093049037,0.533157145777,-0.124006406734,-1.37869329777,0.0783419004731,1.90246749034,0.156363290719,-0.00727994343497,-0.0498491318266,0.0010021724847,-0.0857660202253,-0.00190147534137,0.0388093458802,-0.0167884289682,0.574107003633,0.818765657471,0.0021664317447,0.0,0.818723067943,-0.574045240662,-0.0120559774676,0.0,-0.00862755659265,0.00869529615568,-0.999924975732,0.0,0.659031778027,0.257430904492,0.303395304566,1.0,-0.01042,-0.0136948571429,0.522
0.462955520852,0.532210098043,-0.124006198887,-1.38023638056,0.0782565157686,1.90305247737,0.156167516277,-0.00615268212532,-0.0556641206993,0.0009915331517,-0.0897351301106,-0.00374223163593,0.0388922262293,-0.0147970834662,0.574120717966,0.818756060119,0.00215919470808,0.0,0.818713297717,-0.57405890501,-0.0120688284824,0.0,-0.00864208789562,0.00869689333531,-0.999924836357,0.0,0.658853960353,0.257195526939,0.303379259164,1.0,-0.01076,-0.0141417142857,0.539
0.462818095322,0.531218767795,-0.124009931774,-1.38183964775,0.0781497854123,1.90362812368,0.155965610384,-0.00621226341112,-0.0568784937807,-0.000815013595231,-0.0917041746371,-0.00914046513938,0.0365233002031,-0.01585698368,0.574129188463,0.818750219641,0.00212124832933,0.0,0.818707012965,-0.574067587929,-0.0120821485298,0.0,-0.0086746888653,0.0086735620067,-0.999924756717,0.0,0.658663022937,0.256947332474,0.303364851464,1.0,-0.0111,-0.0145885714286,0.556
0.462681553078,0.530240240776,-0.124004887544,-1.38339410149,0.0780641081176,1.90416735501,0.155766742679,-0.0110128260353,-0.0646471100515,0.00615717466689,-0.099156402698,-0.000996402374593,0.0330787452062,-0.00831313147723,0.574135949678,0.818745542284,0.00209646806544,0.0,0.818701831612,-0.574074275423,-0.0121154494101,0.0,-0.00871610962382,0.00867246426977,-0.999924406041,0.0,0.658472044698,0.256711409099,0.303361018212,1.0,-0.01142,-0.0150091428571,0.572
0.462535814777,0.529191105967,-0.124017897206,-1.3850426175,0.0779613045133,1.90478076829,0.155544478054,-0.0118284663999,-0.0654207190086,-0.000416133130455,-0.102106501865,-0.00658274418432,0.0381441535836,-0.016233608242,0.574144368778,0.818739621815,0.00210294355888,0.0,0.818696070784,-0.574082740086,-0.0121036407603,0.0,-0.00870263421079,0.00867107575804,-0.999924535454,0.0,0.65828273709,0.256450978475,0.303368919306,1.0,-0.01176,-0.015456,0.589
0.462396733603,0.528109582518,-0.124015988363,-1.38674759605,0.0778504070369,1.90544563992,0.15530447395,-0.0103252871057,-0.065827491141,-0.000441271854547,-0.101658385664,-0.00657429984538,0.0387020594506,-0.0150038444613,0.574123160536,0.818754417448,0.00213245085678,0.0,0.818711338546,-0.574061494238,-0.0120785706981,0.0,-0.00866539202596,0.00868061600805,-0.999924776114,0.0,0.658086196961,0.256199528531,0.303376476053,1.0,-0.0121,-0.0159028571429,0.606
0.46226286329,0.527018948532,-0.124021524183,-1.38839825415,0.077754690664,1.90607674491,0.155062894012,-0.00251950858199,-0.069677549957,-0.0011826444026,-0.110020649983,-0.0117705452432,0.0434119114478,-0.0146925621263,0.574102471299,0.818768762198,0.00219394581104,0.0,0.818726492456,-0.574040552975,-0.0120466174448,0.0,-0.00860414584383,0.00871240214509,-0.999925028551,0.0,0.6578949223,0.255953933982,0.303413338278,1.0,-0.01242,-0.0163234285714,0.622
0.462108995124,0.525782753645,-0.124021888244,-1.39030837462,0.0776266434236,1.90677746606,0.154815917817,-0.00943240111646,-0.0704852970988,0.000329695667554,-0.105866950848,-0.0116715972216,0.0321393972093,-0.0147864405348,0.574094929317,0.81877400723,0.00221000394278,0.0,0.818732027826,-0.574033026515,-0.0120290474931,0.0,-0.00858062137076,0.00871538397803,-0.999925204712,0.0,0.657665696432,0.255668865944,0.303434679743,1.0,-0.01278,-0.0167965714286,0.64
0.461950050469,0.524619629535,-0.124020174492,-1.39215458455,0.077511815408,1.90744378142,0.15456093379,-0.0098448631648,-0.0682685272905,-0.000535281786046,-0.112425143495,-0.00284968114028,0.0368521384163,-0.0157710310431,0.574089364963,0.818777965757,0.00218877333617,0.0,0.818735657641,-0.57402749959,-0.012045726308,0.0,-0.00860652489947,0.00870751779019,-0.999925050623,0.0,0.657428165957,0.25536653195,0.303428979068,1.0,-0.01314,-0.0172697142857,0.658
0.461800550257,0.523483235983,-0.124028286689,-1.39395639176,0.0773940062888,1.90810147235,0.154315262223,-0.00961425794135,-0.0705207462467,-0.000112938046138,-0.110170308909,-0.00587499095305,0.0384045508351,-0.0146175785375,0.574075322931,0.818787832279,0.00218087481936,0.0,0.818745503511,-0.574013575958,-0.012040016502,0.0,-0.00860653296096,0.00869762526982,-0.99992513665,0.0,0.657226046705,0.255111786491,0.303430331922,1.0,-0.01344,-0.017664,0.673
0.461643920627,0.522251571854,-0.124031127476,-1.39589883717,0.0772806513036,1.90885790282,0.154053565443,-0.0104892992287,-0.0740413736582,0.00015970099036,-0.114957802461,-0.00698163280592,0.0409959506181,-0.0142141627809,0.574065103268,0.818794894451,0.00221921876243,0.0,0.818753066506,-0.574003197584,-0.0120204888697,0.0,-0.00856864122243,0.00871770319409,-0.999925287228,0.0,0.656998837459,0.25482578259,0.303437090143,1.0,-0.01378,-0.0181108571429,0.69
0.461472102691,0.521005621125,-0.124036486547,-1.39789418287,0.0771609663246,1.90962716648,0.153782610349,-0.0117107224712,-0.0771155335247,-0.00490527653745,-0.116925129193,-0.00308242274399,0.041502992806,-0.0151313257864,0.57406234514,0.818796790431,0.00223310846622,0.0,0.81875516667,-0.57400040551,-0.0120107629148,0.0,-0.00855273362674,0.00872346377397,-0.999925373179,0.0,0.656766212615,0.254522138134,0.30342956854,1.0,-0.01412,-0.0185577142857,0.707
0.461315818079,0.51979096948,-0.124040393145,-1.39982845189,0.077039280101,1.91032471019,0.153515321738,-0.0120691297921,-0.0782683624157,-0.00364642221508,-0.121503115037,-0.0141633644177,0.0395322770792,-0.021032660362,0.574044368291,0.818809453832,0.00221098383783,0.0,0.818767532183,-0.573982513551,-0.012022864951,0.0,-0.00857553452897,0.0087121074315,-0.999925276904,0.0,0.656527998081,0.254231286998,0.303422502858,1.0,-0.01444,-0.0189782857143,0.723
0.461141934728,0.518438255702,-0.124037871101,-1.40190358809,0.0769050111852,1.91105723177,0.153245099698,-0.00733852877877,-0.0753170688177,0.00117000502576,-0.119204015773,-0.0109834768686,0.0426175121691,-0.0214691193944,0.57403450928,0.818816344972,0.00221861736626,0.0,0.818774509078,-0.573972609912,-0.0120205347794,0.0,-0.00856934973913,0.00871691695595,-0.999925288011,0.0,0.656255021301,0.253901554137,0.303449194997,1.0,-0.0148,-0.0194514285714,0.741
0.460962562797,0.51707638969,-0.124041103458,-1.40404871668,0.0767640451854,1.91183048637,0.152948813794,-0.0128903026134,-0.084750282256,9.57510297791e-05,-0.127918585834,-0.00932616953569,0.0453319803818,-0.0156716125179,0.574016560131,0.818828943848,0.00221276161954,0.0,0.818787029281,-0.57395468516,-0.0120236003442,0.0,-0.00857541217564,0.00871369398853,-0.999925264129,0.0,0.655993429416,0.253573277559,0.303454178088,1.0,-0.01514,-0.0198982857143,0.758
0.460783714084,0.515741786192,-0.124046768931,-1.40620135627,0.0766289711176,1.91264276538,0.152650544552,-0.00928530658063,-0.0830366173467,-0.000518775927311,-0.132641003826,-0.00773793896582,0.0428373695992,-0.0162890671986,0.57400307631,0.818838451731,0.00219208883696,0.0,0.818796343948,-0.573941367043,-0.0120250253734,0.0,-0.00858858805194,0.00869744333508,-0.999925292527,0.0,0.655747174619,0.253266290924,0.303431435676,1.0,-0.01546,-0.0203188571429,0.774
0.46059849718,0.514427440906,-0.124053122485,-1.40828376658,0.0765007868067,1.91341193533,0.152375117394,-0.0119311812145,-0.0830651626679,-0.0005685948268,-0.13354420173,-0.00530419965043,0.0434539364173,-0.0170980705816,0.574008862266,0.818834401501,0.0021899450565,0.0,0.818792267908,-0.573947163419,-0.01202591029,0.0,-0.00859048169497,0.00869625659256,-0.999925286582,0.0,0.65549613867,0.252942760626,0.303428584562,1.0,-0.01578,-0.0207394285714,0.79
0.460408039541,0.513044678589,-0.124053814123,-1.41056153836,0.076358273823,1.91419980965,0.152056110615,-0.00693665953907,-0.081757403991,3.11515489491e-06,-0.134543935314,-0.0150871817468,0.0460045044439,-0.0183913921846,0.573984998145,0.818851373723,0.0020967968501,0.0,0.818807912277,-0.573923585562,-0.0120858441652,0.0,-0.00869327630337,0.00865413371093,-0.999924763628,0.0,0.65520417492,0.252595900507,0.303381794185,1.0,-0.01612,-0.0211862857143,0.807
0.460222455955,0.511706969525,-0.124059551146,-1.41271650682,0.0762397831898,1.91497795978,0.151747962399,-0.0120813699815,-0.086626413803,-0.000746531007675,-0.134471181977,-0.00811932509404,0.0493404368988,-0.0231430860269,0.573969684164,0.818862178831,0.00206897122053,0.0,0.818818182788,-0.573908224324,-0.0121194261665,0.0,-0.00873690833012,0.00865046101228,-0.999924415122,0.0,0.654936090253,0.252266483446,0.303360787368,1.0,-0.01644,-0.0216068571429,0.823
0.460008621704,0.510158709719,-0.124058338925,-1.4151854435,0.0760888315954,1.91591112777,0.151411461462,-0.0151811101454,-0.0844039676084,-0.000410663247014,-0.138401714016,-0.00531537062777,0.0478042793603,-0.0176606378328,0.57395670884,0.818871251483,0.00207768437348,0.0,0.818827344407,-0.573895188004,-0.0121177612439,0.0,-0.00873068134349,0.00865650180459,-0.999924417234,0.0,0.654636068293,0.25189345781,0.303350500063,1.0,-0.0168,-0.02208,0.841
0.459803705463,0.508651507312,-0.124065946134,-1.4175563316,0.0759285610483,1.91676401642,0.151072863544,-0.0158593682371,-0.0901867505254,-0.000921106265723,-0.135862452631,-0.00731140037522,0.0520927661196,-0.0203271079151,0.573932420756,0.818888322198,0.00205890101086,0.0,0.818844259743,-0.573871074115,-0.0121167438678,0.0,-0.00874088461094,0.00864027776598,-0.999924468416,0.0,0.654341558785,0.251525436054,0.303350868456,1.0,-0.01714,-0.0225268571429,0.858
0.459609027972,0.50721473465,-0.124071266821,-1.41980855786,0.0757838568126,1.91757280311,0.15076693166,-0.0145771256831,-0.0982454720016,-0.000664475790596,-0.140340593698,-0.0145017920606,0.0487966033411,-0.0125365522772,0.573922597558,0.818895232171,0.00204881449154,0.0,0.818851044946,-0.573861303204,-0.0121209643816,0.0,-0.00875023305636,0.00863433548781,-0.999924437981,0.0,0.654059901462,0.251178187779,0.303354062883,1.0,-0.01746,-0.0229474285714,0.874
0.459388651985,0.505635028828,-0.124078021067,-1.42225267055,0.0756328753343,1.9185023834,0.15043133406,-0.00980468995021,-0.0918676433146,-0.00123265392657,-0.148274665501,-0.00701502282654,0.0476000256364,-0.0213699705652,0.573918774897,0.818897779316,0.00210089333451,0.0,0.818854318497,-0.573857300477,-0.0120892791162,0.0,-0.00869443823915,0.00865875654733,-0.999924713505,0.0,0.653766364905,0.250799585111,0.303375853154,1.0,-0.0178,-0.0233942857143,0.891
0.459151768918,0.503891405331,-0.124079758279,-1.42487999895,0.0754694109932,1.919513392,0.150068270665,-0.0137810527549,-0.0947812413238,0.000365404830366,-0.143683458747,-0.00674031930659,0.0571593991656,-0.017853104185,0.573907984528,0.818905062526,0.00220698117271,0.0,0.818863051218,-0.573846125947,-0.0120280500095,0.0,-0.00858352870862,0.00871037697756,-0.999925223388,0.0,0.653452034089,0.250397129453,0.303431186154,1.0,-0.01816,-0.0238674285714,0.909
0.458952903408,0.502409744265,-0.124087239472,-1.42706672251,0.0753261977619,1.92033454885,0.149759291575,-0.00991073676376,-0.101604078901,-0.00251754225587,-0.148235680978,-0.00393874391897,0.0570930429791,-0.0254990776906,0.573896522666,0.818912838035,0.00230040739061,0.0,0.818872165407,-0.573834403651,-0.0119666540833,0.0,-0.00847975701562,0.0087515292417,-0.999925749472,0.0,0.653188409735,0.250055512916,0.303496318908,1.0,-0.01846,-0.0242617142857,0.924
0.458702580419,0.500583805817,-0.124088915345,-1.42980044367,0.0751552409566,1.92129430397,0.149368753595,-0.0137916799087,-0.109456805647,-0.00285244408146,-0.153129923737,-0.00520101502097,0.0566535457903,-0.0198562510913,0.573875994067,0.818927092817,0.00234669678592,0.0,0.818886950694,-0.573813615275,-0.0119517283237,0.0,-0.00844119008266,0.0087806584027,-0.999925820423,0.0,0.652841856006,0.249628443102,0.303552657115,1.0,-0.01882,-0.0247348571429,0.942
0.458459457855,0.498881841358,-0.124089723615,-1.43240846278,0.0749786446636,1.92225414238,0.148994726299,-0.0132587273259,-0.0996415233712,-0.000167036095769,-0.153046864345,-0.00943190755826,0.0577535014408,-0.0276105981473,0.573854186095,0.818942266548,0.00238412725151,0.0,0.818902712475,-0.573791765516,-0.0119207478251,0.0,-0.00839457327955,0.00879330861243,-0.999926101701,0.0,0.652519430575,0.249219042192,0.303581649951,1.0,-0.01916,-0.0251817142857,0.959
0.458219700042,0.497315267536,-0.124089416363,-1.4349023976,0.0748265064541,1.92317404074,0.148632704252,-0.0142986126405,-0.100183525018,0.000770618896047,-0.158547649795,-0.0157439436799,0.0583911515719,-0.0222559912102,0.573839404952,0.818952642392,0.00237776033737,0.0,0.818912932886,-0.57377693567,-0.0119324493032,0.0,-0.00840796872639,0.00879465762376,-0.99992597729,0.0,0.652209477366,0.248825549422,0.303566571865,1.0,-0.01948,-0.0256022857143,0.975
0.457956161055,0.495630298022,-0.12409530822,-1.43760333305,0.0746637400483,1.92410362859,0.148239620009,-0.0128942779555,-0.10558414315,-0.00100967834377,-0.159794890043,-0.00748592024169,0.053200390502,-0.0209919989117,0.573829860423,0.818959532897,0.00230687330528,0.0,0.818918718068,-0.573767489837,-0.0119894831357,0.0,-0.0084954561666,0.00876923399913,-0.999925461102,0.0,0.651861166224,0.248389120265,0.303535939306,1.0,-0.01982,-0.0260491428571,0.992
0.457642664816,0.493816387055,-0.124115878555,-1.44060006981,0.0744778571614,1.92516308661,0.147819819318,-0.0192352228759,-0.116116897604,-0.00612452102137,-0.185088022275,-0.0159140905498,0.0709628288585,-0.0247183785769,0.573858192649,0.818939985468,0.00219586710677,0.0,0.818897656132,-0.573796211837,-0.0120533383097,0.0,-0.00861114626388,0.00871526516057,-0.99992494334,0.0,0.651486012084,0.247883382063,0.303465483286,1.0,-0.0286251428571,-0.0376216163265,1.01
0.457343537084,0.491195566103,-0.124203785339,-1.44441536144,0.0742751574615,1.92661014281,0.147252997249,-0.0250579613144,-0.188927244893,-0.00792880709406,-0.29019751731,-0.00906997966137,0.105752640591,-0.0475028260448,0.573839379026,0.818952560889,0.00241184424174,0.0,0.81891319928,-0.573776673632,-0.01192676576,0.0,-0.00838375680921,0.00881930874068,-0.999925963467,0.0,0.651021296208,0.247284557392,0.303601142404,1.0,-0.0430337142857,-0.0565585959184,1.025
0.456739138674,0.486587318286,-0.124241915751,-1.45174438634,0.0739029631162,1.92943898253,0.146137960222,-0.0373940841069,-0.278811192727,-0.00290937667636,-0.448840822138,-0.0210649139637,0.171914282174,-0.0649191654698,0.573715478006,0.819038999526,0.00253267705126,0.0,0.819000691994,-0.573651761036,-0.0119277187496,0.0,-0.00831655230012,0.00891755281207,-0.999925653341,0.0,0.650097362768,0.246192425382,0.303562482553,1.0,-0.0612845714286,-0.0805454367347,1.044
0.455956062709,0.481346764421,-0.124393485827,-1.46007692462,0.0734074878956,1.93242872437,0.144853893065,-0.0560147991743,-0.346262541189,-0.0120405755411,-0.560949991365,-0.032075691195,0.198686359942,-0.0939755321408,0.573691231271,0.819056304833,0.00242643302151,0.0,0.819016723403,-0.573628055526,-0.0119669377859,0.0,-0.00840988770347,0.00885278693934,-0.999925448197,0.0,0.649041883337,0.244799697751,0.303497022389,1.0,-0.0766537142857,-0.100744881633,1.06
0.454941327973,0.47482293639,-0.124550752376,-1.47043136928,0.0727864228767,1.93597199053,0.143348161512,-0.0702241056748,-0.424641999018,-0.0150647386043,-0.683701986692,-0.0364441466777,0.236558098916,-0.103296339092,0.573726998431,0.819031995036,0.00216085159402,0.0,0.818988682089,-0.57366465394,-0.01213055363,0.0,-0.00869587478107,0.00872950719267,-0.999924085852,0.0,0.647771343062,0.243166650394,0.303392096766,1.0,-0.0910622857143,-0.119681861224,1.075
0.453664278332,0.466528786185,-0.124705881076,-1.48310315415,0.0720451844464,1.94062287416,0.141392812155,-0.0791857789599,-0.52167938759,-0.0114973283057,-0.757042189083,-0.0416931378704,0.287166811427,-0.128152896191,0.57370045785,0.819049898741,0.00240726740819,0.0,0.819009718738,-0.573636992302,-0.0120178440539,0.0,-0.00846247924868,0.00886638874446,-0.999924883977,0.0,0.646063996699,0.240939076683,0.303504657006,1.0,-0.108352571429,-0.142406236735,1.093
0.45210096152,0.457115212262,-0.124830059858,-1.49780535718,0.0711065479814,1.9458701789,0.139084141035,-0.0983496729613,-0.591216627202,-0.00768640926885,-0.91964274192,-0.0593927994341,0.319353448968,-0.140541568587,0.573612944471,0.819111354878,0.00235056315918,0.0,0.819070363271,-0.573549649272,-0.0120534946065,0.0,-0.00852515375827,0.00883948734063,-0.999924589765,0.0,0.644126481811,0.238450066288,0.303448907834,1.0,-0.124682285714,-0.163868146939,1.11
0.450330278596,0.446916086319,-0.125016216685,-1.51324077307,0.0700455193088,1.95138348894,0.136667800163,-0.110156847013,-0.652935984472,-0.0122029340301,-0.99333384245,-0.0696099843643,0.35949857911,-0.144672402154,0.573633714067,0.819096303283,0.00252089952746,0.0,0.819058396341,-0.573570647254,-0.0118660395002,0.0,-0.00827367440949,0.0088716950417,-0.999926416962,0.0,0.642107026712,0.23571994068,0.303584941687,1.0,-0.140051428571,-0.184067591837,1.126
0.44817308214,0.435047543269,-0.125159542457,-1.5315241897,0.068861409602,1.95762028118,0.133765032546,-0.134949422647,-0.732285176168,-0.0053239698897,-1.09506265664,-0.0695712700358,0.371431281163,-0.174382947237,0.573615671862,0.81910939917,0.0023664502583,0.0,0.819068831189,-0.573552535364,-0.0120202268401,0.0,-0.00848876067437,0.00883344621316,-0.999924952769,0.0,0.639588608058,0.232493149924,0.303542230335,1.0,-0.156381142857,-0.205529502041,1.143
0.44568312773,0.421831978361,-0.125339445722,-1.5514593894,0.0674928596584,1.96451603207,0.130456054949,-0.151278597848,-0.808864809472,-0.0130865889248,-1.20930399976,-0.0798251965474,0.41023468834,-0.203355538565,0.57355625583,0.819150683829,0.00247497103389,0.0,0.819111709761,-0.573492877588,-0.0119445883202,0.0,-0.00836520048637,0.00887834204512,-0.999925596464,0.0,0.636841635623,0.228884196974,0.303650994839,1.0,-0.172710857143,-0.226991412245,1.16
0.443029105253,0.408392320485,-0.125511940779,-1.5714286034,0.0660732086663,1.97161430695,0.127129127693,-0.170043056767,-0.873007149871,-0.00338833472772,-1.2846668404,-0.0850316024726,0.443215905329,-0.209865792162,0.573566955437,0.819141825816,0.00289201158563,0.0,0.819109105461,-0.573502967737,-0.0116347002191,0.0,-0.00787204391446,0.0090423266978,-0.999928131044,0.0,0.63409879569,0.225194984513,0.303868428209,1.0,-0.18808,-0.247190857143,1.176
0.439630692173,0.392169704498,-0.125718531326,-1.59550535984,0.0644762946297,1.97985311871,0.122993598871,-0.196743981007,-0.91429253175,-0.011750575274,-1.36541233982,-0.0920227472613,0.469378262105,-0.237736438992,0.573634780365,0.819093053127,0.00323357008487,0.0,0.819064128409,-0.57356893053,-0.0115491292023,0.0,-0.00760528258918,0.00927366200333,-0.999928076848,0.0,0.630669987816,0.220643956794,0.304055861564,1.0,-0.205370285714,-0.269915232653,1.194
0.436276668574,0.376866000202,-0.125909427172,-1.61833477231,0.0626915683376,1.98753447333,0.118917701081,-0.211608354641,-0.978847583673,-0.015645525202,-1.44965192624,-0.119351188505,0.497357046378,-0.265895309557,0.573545270145,0.819155673535,0.00324846290725,0.0,0.819127911574,-0.573480575143,-0.0114123317344,0.0,-0.00748569003486,0.0092065727797,-0.999929599253,0.0,0.627332633617,0.216226151946,0.30410917212,1.0,-0.220739428571,-0.290114677551,1.21
0.432298169698,0.359603762746,-0.126128922183,-1.64383147378,0.0607764591238,1.99599874787,0.11433897394,-0.243637990104,-1.04924773251,-0.0104321800794,-1.53891314991,-0.132346878678,0.526523961148,-0.275260700407,0.573594702138,0.819120533517,0.00337877936801,0.0,0.81909463744,-0.573529860135,-0.0113234867414,0.0,-0.00733761091431,0.00926281040386,-0.999930177467,0.0,0.623520781284,0.211184659487,0.304201146569,1.0,-0.237069142857,-0.311576587755,1.227
0.427829529916,0.341442510265,-0.126395412993,-1.67059808698,0.0587456738484,2.00464595494,0.109287038526,-0.267116183417,-1.10916969451,-0.0255116741796,-1.6104762328,-0.133996620678,0.544042099575,-0.3033708729,0.573648678544,0.819082794724,0.00336391030294,0.0,0.819056492513,-0.573583600791,-0.0113605403609,0.0,-0.00737588137268,0.0092723700613,-0.9999298073,0.0,0.61941099796,0.205716546099,0.304221635768,1.0,-0.253398857143,-0.333038497959,1.244
0.42298659287,0.32244267383,-0.126582926597,-1.69843277734,0.0565357642359,2.01358995617,0.103866416158,-0.29204055087,-1.16054799521,-0.0153015279686,-1.70836069715,-0.155956269619,0.536615632915,-0.328650003225,0.573562924324,0.819142742508,0.0033891205527,0.0,0.819116690581,-0.57349769268,-0.0113574030276,0.0,-0.00735982314603,0.00929044937429,-0.99992975781,0.0,0.615014603359,0.199999597375,0.304219867308,1.0,-0.269728571429,-0.354500408163,1.261
0.418020840978,0.303740547942,-0.126776342896,-1.72554454195,0.0543096064405,2.02209350053,0.098363805702,-0.319458845372,-1.20735726203,-0.0175278412801,-1.74437526997,-0.154939998105,0.534581703767,-0.353644889553,0.573418847326,0.819243572621,0.00339722710895,0.0,0.819217577415,-0.573353551589,-0.0113583729552,0.0,-0.00735760346718,0.00929635227318,-0.999929719283,0.0,0.610610152213,0.194309046492,0.304234782275,1.0,-0.285097714286,-0.374699853061,1.277
0.412171588938,0.283004983732,-0.127010137055,-1.75531174989,0.0518132379733,2.03114748194,0.0922058228276,-0.349799188277,-1.24244986301,-0.010671192006,-1.76537784973,-0.145822260112,0.528032621103,-0.375668485795,0.573398170496,0.819258260115,0.00334487758864,0.0,0.81923120547,-0.573332545984,-0.0114354974108,0.0,-0.00745104198407,0.00929750039884,-0.999929016711,0.0,0.605347237107,0.187472445819,0.304250182698,1.0,-0.302388,-0.397424228571,1.295
0.405368635832,0.260144382577,-0.127336986513,-1.78774859955,0.0490168440733,2.04081470963,0.085116894329,-0.392202889904,-1.28274347055,-0.0232251216579,-1.83189549571,-0.163486044953,0.533688002387,-0.397398634842,0.573392020338,0.81926253456,0.00335222018166,0.0,0.819235380583,-0.573326132651,-0.0114579109023,0.0,-0.0074652654235,0.00931631142529,-0.999928735537,0.0,0.600102159105,0.180602597503,0.3042811967,1.0,-0.318717714286,-0.418886138775,1.312
0.399096473805,0.240461085833,-0.127675228478,-1.81533090693,0.0464958544424,2.04894760171,0.0788398682747,-0.429533623969,-1.33343305276,-0.0241514790086,-1.87209300306,-0.172656715923,0.530340885989,-0.43348883296,0.573497565481,0.819188313851,0.00343449240562,0.0,0.819162699677,-0.573432028746,-0.0113545923252,0.0,-0.00733224256188,0.00932541866976,-0.999929634917,0.0,0.594991651896,0.173737975965,0.304348024871,1.0,-0.334086857143,-0.439085583673,1.328
0.391080891323,0.216098650974,-0.127959696259,-1.84894810265,0.0434771082614,2.05861344978,0.0707525898381,-0.460252751695,-1.38441256143,-0.0193472084319,-1.86268038772,-0.178085189157,0.540198390502,-0.460868497313,0.573378878614,0.819270072468,0.00373588261784,0.0,0.819248036437,-0.573312153366,-0.0112506221095,0.0,-0.00707560730999,0.00951166671695,-0.99992972952,0.0,0.589284987628,0.166304106454,0.304474436116,1.0,-0.350416571429,-0.460547493878,1.345
0.382767828545,0.192328302893,-0.128304109962,-1.88161554125,0.0403144314436,2.06758969109,0.0625854521054,-0.504163314295,-1.42262277388,-0.0210605432451,-1.9518046826,-0.196681103816,0.547168094127,-0.492006890912,0.573313941149,0.819315704006,0.00369444927648,0.0,0.819293182879,-0.573247396023,-0.0112627856905,0.0,-0.00711008065067,0.00948413175816,-0.999929746531,0.0,0.583227980679,0.158397027849,0.304467274857,1.0,-0.366746285714,-0.482009404082,1.362
0.374190401556,0.169268322029,-0.128787645117,-1.91280992923,0.0372991560402,2.07579941335,0.0543249794076,-0.542998754185,-1.44824258162,-0.0267703351418,-1.95856290988,-0.18589373857,0.510864483513,-0.517799342348,0.573429863091,0.819234494513,0.00371241379868,0.0,0.819211626782,-0.573362483905,-0.0113366440116,0.0,-0.00715894886138,0.00954220648784,-0.999928845342,0.0,0.577300052535,0.150512237192,0.304496481241,1.0,-0.382115428571,-0.50220884898,1.378
0.364396069888,0.144111833883,-0.129213299021,-1.94651300379,0.0337489479604,2.08433819933,0.0450277217912,-0.589585825561,-1.49521100415,-0.0176914506183,-1.99790000433,-0.217258126516,0.482172119486,-0.558273743413,0.57338226108,0.81926844222,0.00357059699103,0.0,0.819243951711,-0.573315548172,-0.0113743883442,0.0,-0.00727173865226,0.00944724438483,-0.99992893317,0.0,0.570678524285,0.141861824217,0.304467854496,1.0,-0.398445142857,-0.523670759184,1.395
