position_joint1,position_joint2,position_joint3,position_joint4,position_joint5,position_joint6,position_joint7,velocity_joint1,velocity_joint2,velocity_joint3,velocity_joint4,velocity_joint5,velocity_joint6,velocity_joint7,ee_T_00,ee_T_10,ee_T_20,ee_T_30,ee_T_01,ee_T_11,ee_T_21,ee_T_31,ee_T_02,ee_T_12,ee_T_22,ee_T_32,ee_T_03,ee_T_13,ee_T_23,ee_T_33,v_x,v_y,time
0.465097120996,0.547881424762,-0.123987457354,-1.35585678311,0.079464560115,1.89409204128,0.159178760042,0.00178601418996,-0.000154503699166,-0.00121854285535,-0.000342430629888,5.78896606152e-05,3.35277711814e-05,0.00119700670871,0.573793854073,0.818986009594,0.00180997766246,0.0,0.818941317537,-0.573736141355,-0.0119459380396,0.0,-0.00874527489957,0.00833693183165,-0.999927005203,0.0,0.661662882928,0.260896103979,0.303131212356,1.0,0.0,0.0,0.0
0.465091840108,0.547876135048,-0.1239849517,-1.35585427746,0.0794624598314,1.8940930234,0.159174120171,-0.000287588538651,-0.00124991013298,-0.000699164041386,0.00077774994522,3.85524341261e-05,5.85228497682e-05,-0.0013325598875,0.5737919339,0.818987339325,0.00181700786831,0.0,0.818942749231,-0.573734201308,-0.0119409644689,0.0,-0.00873718737916,0.00833981508155,-0.99992705186,0.0,0.661664715239,0.260894155275,0.303136150456,1.0,-0.00012,-0.000157714285714,0.007
0.465089547584,0.547882140521,-0.123985267388,-1.3558599995,0.0794599072669,1.8940923322,0.159175612409,-0.00324521132759,0.00229708559461,3.27826993496e-05,-0.000206968304291,-0.000482478569559,3.17585041786e-05,-0.000989632375446,0.573794893936,0.818985292152,0.00180494651662,0.0,0.818940563447,-0.573737230134,-0.0119453421844,0.0,-0.00874766296336,0.0083324806951,-0.999927021416,0.0,0.661663917893,0.260891233788,0.303129118775,1.0,-0.00052,-0.000683428571429,0.027
0.465085670281,0.547860238978,-0.123982618558,-1.35587247527,0.0794612297494,1.89409515225,0.159177085513,-0.000127305534847,0.00156586796681,0.00174884453832,-0.000242187864912,7.73230056306e-05,-0.000596132990694,0.000177024183837,0.573798439339,0.818982780179,0.00181760403123,0.0,0.818938181547,-0.573740687849,-0.0119425630415,0.0,-0.00873808833031,0.00834128997068,-0.999927031685,0.0,0.661662531532,0.260889417161,0.303138855904,1.0,-0.00078,-0.00102514285714,0.04
0.465091141362,0.547808880734,-0.123988147999,-1.35591911615,0.0794612296952,1.89410046064,0.159173308224,0.000318819246732,-0.00468329856519,-0.000675606836691,-0.00326451629088,9.9193320726e-05,0.000787970841364,0.00069960750649,0.573797222378,0.818983611038,0.00182738716961,0.0,0.818939126515,-0.573739416618,-0.0119388350905,0.0,-0.00872943429403,0.00834714997433,-0.999927058372,0.0,0.661654101775,0.260885338761,0.303153684472,1.0,-0.0011,-0.00144571428571,0.056
0.465090317214,0.54767513163,-0.123982846598,-1.35609812635,0.0794577618959,1.89414011356,0.159172036506,-0.000528870975915,-0.00908343660069,0.000271761569412,-0.00933850049986,0.000151339230447,-0.0004311802752,0.00176481546764,0.573802041948,0.818980230127,0.00182926725259,0.0,0.818935639475,-0.573744102685,-0.0119528211476,0.0,-0.00873976118318,0.00835676622244,-0.999926887844,0.0,0.661623697247,0.260870499237,0.303166495751,1.0,-0.00146,-0.00191885714286,0.074
0.465075834293,0.547544784723,-0.123985363903,-1.35628008906,0.0794557270815,1.89418273187,0.159169842356,-0.00151205390338,-0.0116139119667,-0.000669454472881,-0.00805794502156,-0.000275062089547,-0.000799586785027,0.00037136638821,0.573823320779,0.818965326203,0.00182699421686,0.0,0.818920603957,-0.57376529117,-0.0119658666472,0.0,-0.00875153250737,0.00836261754931,-0.999926735969,0.0,0.661598389236,0.260842135303,0.303176007001,1.0,-0.00176,-0.00231314285714,0.089
0.465054957991,0.547366986369,-0.123983567243,-1.35650421358,0.0794490478872,1.89432156353,0.159158418258,-0.00249568037961,-0.0151362604496,0.000973675289901,-0.0146945639818,-0.00432586524915,0.0105574025114,-0.000652532623514,0.573840925077,0.818952805633,0.00190833796558,0.0,0.81890914721,-0.573782552336,-0.0119221705618,0.0,-0.00866889090523,0.00840434660982,-0.999927105987,0.0,0.66158480152,0.260813459699,0.303207261763,1.0,-0.00212,-0.00278628571429,0.107
0.4650290443,0.547158672003,-0.123980434285,-1.35676360524,0.0794477086678,1.89445979455,0.159142778261,-0.00436580193527,-0.0105309927889,0.00590390045005,-0.0184944467641,-0.000290149988302,0.0160405587584,-0.00121620029033,0.573861540352,0.8189381649,0.00199034576804,0.0,0.818895486018,-0.57380273876,-0.0118889390321,0.0,-0.00859440552974,0.00845265277096,-0.999927341788,0.0,0.661564507662,0.260779261825,0.303243252755,1.0,-0.00248,-0.00325942857143,0.125
0.464999591051,0.546958449362,-0.12398285829,-1.35706376322,0.07943791905,1.89457601342,0.15912196921,-0.00453049596095,-0.0123530938105,0.000278595091667,-0.0198201695241,-0.00451034990488,0.00224924241161,-0.0052886864903,0.573884541468,0.818922003892,0.00200786145584,0.0,0.818879496749,-0.573825609834,-0.0118863873563,0.0,-0.00858202705913,0.00846577352856,-0.999927337105,0.0,0.66153290665,0.260731681558,0.303252357748,1.0,-0.0028,-0.00368,0.141
0.46495846491,0.546694220635,-0.123985364052,-1.35746379488,0.0794303696242,1.89471329343,0.159058529167,0.000162867765092,-0.0146525486373,-0.000562557995148,-0.0265494880694,0.000220463412017,0.0167265471023,-0.0121469407324,0.573888316596,0.81891933274,0.00201827667819,0.0,0.818876805523,-0.573829188155,-0.0118990377709,0.0,-0.00858637131815,0.00848160201148,-0.999927165675,0.0,0.6614871953,0.260667108148,0.303261082745,1.0,-0.00314,-0.00412685714286,0.158
0.464918260776,0.546430450967,-0.12398114389,-1.35787803057,0.0794155187258,1.89487182791,0.1589364848,-0.00336767587151,-0.0129264395541,0.0005950666133,-0.0265057407575,-0.00176113383306,0.0137247992517,-0.00128507952558,0.573837620145,0.818954823542,0.00203214283225,0.0,0.81891236083,-0.573778326312,-0.0119048072248,0.0,-0.00858366504916,0.00849573669975,-0.999927068917,0.0,0.661441046982,0.260605608887,0.303264317408,1.0,-0.00346,-0.00454742857143,0.174
0.464870365879,0.54612872044,-0.123988211552,-1.358383793,0.0793825552053,1.89504698316,0.158916523311,-0.00350788603983,-0.0207203349772,-0.00123678861039,-0.0327094963919,-0.00290154449908,0.0118463214786,-0.00477836984976,0.573884922898,0.818921747165,0.00200354455542,0.0,0.818878952624,-0.573825781083,-0.0119155702987,0.0,-0.0086083998664,0.00847898985606,-0.999926998427,0.0,0.661383772454,0.260520311093,0.303252636835,1.0,-0.0038,-0.00499428571429,0.191
0.464821682224,0.545793942246,-0.123980754492,-1.3589591588,0.0792884663169,1.89524148846,0.158850635761,-0.00239537267926,-0.0224361502816,0.00275050024425,-0.0336505085195,-0.00611299837802,0.0103308664853,-0.0105224842005,0.573872699716,0.818930482812,0.0019328069138,0.0,0.818887240181,-0.573814315517,-0.0118981543463,0.0,-0.00863485525482,0.00841093881242,-0.999927345052,0.0,0.66131548602,0.260426487573,0.303232294636,1.0,-0.00414,-0.00544114285714,0.208
0.464757467219,0.545414202528,-0.123986126163,-1.35962205768,0.0792659210902,1.89545492842,0.158751751204,-0.00186616250655,-0.0207504475864,0.000492450916498,-0.041640427232,-0.00108250516826,0.0159466450246,-0.00216961375852,0.573878945353,0.818926225235,0.00188164917496,0.0,0.818882131885,-0.573820595997,-0.011946739694,0.0,-0.00870393696818,0.00839699293198,-0.999926863321,0.0,0.661234961585,0.260318037527,0.30320429805,1.0,-0.00448,-0.005888,0.225
0.464694520159,0.545013790134,-0.123988505533,-1.36029026815,0.0792481076508,1.89567366569,0.158705692132,-0.00348880734054,-0.0262452281355,-0.000321290003098,-0.0407030599383,-1.63237041859e-05,0.0180810260852,-0.00587309717851,0.57392684042,0.818892728825,0.00185133057158,0.0,0.818848002077,-0.573868385522,-0.0119905168575,0.0,-0.00875669557683,0.00839779947843,-0.999926395914,0.0,0.661153461918,0.2602129342,0.303188743421,1.0,-0.0048,-0.00630857142857,0.241
0.464624368908,0.544577426093,-0.123991828008,-1.3610067503,0.0792224701066,1.89593671128,0.158571360209,-0.00504729689829,-0.0294738742789,-0.00272424034345,-0.046499072928,-0.00427936369549,0.0154116756123,-0.00674394537693,0.573909775119,0.818904702461,0.00184532171807,0.0,0.818859736638,-0.573851194283,-0.0120118872057,0.0,-0.00877781984663,0.00840496096257,-0.999926150528,0.0,0.661073098121,0.260099013611,0.303179486404,1.0,-0.00514,-0.00675542857143,0.258
0.464562512915,0.544086510067,-0.123989589323,-1.36180729099,0.0791814347975,1.89622510951,0.158484196009,-0.00193304618693,-0.0348314568117,0.000304207094483,-0.0462190715013,0.000147486876607,0.017627251434,-0.00754895327261,0.573921153975,0.818896759935,0.0018309807269,0.0,0.81885150875,-0.573862540176,-0.0120307315743,0.0,-0.00880136530845,0.00840415448501,-0.999925950336,0.0,0.660977218829,0.25998376924,0.303170771657,1.0,-0.00548,-0.00720228571429,0.275
0.464478730398,0.543571688511,-0.123992360811,-1.36264888993,0.0791301736618,1.89650862501,0.158387935054,-0.00943537366624,-0.0331999189218,0.00282683831158,-0.0543908616938,-0.000439138088913,0.0160085753402,-0.00338449533899,0.573945921338,0.818879484906,0.00179317625977,0.0,0.818833711656,-0.573887443192,-0.0120541321954,0.0,-0.00884197045959,0.00838689465498,-0.999925737021,0.0,0.660878843017,0.259844588086,0.303159099061,1.0,-0.00582,-0.00764914285714,0.292
0.464402341375,0.54296210475,-0.124000593902,-1.3635862712,0.0790764366751,1.89685040568,0.158249503224,-0.00687189955984,-0.0358199925454,-0.00406680733167,-0.05605716541,-0.00539808698051,0.0200502981052,-0.00514970037992,0.573938655943,0.818884551295,0.0018049282341,0.0,0.818838930547,-0.573880126034,-0.0120479735171,0.0,-0.00883025695494,0.00839290482161,-0.999925790102,0.0,0.660771871427,0.25970057404,0.303174038884,1.0,-0.00618,-0.00812228571429,0.31
0.464320803439,0.542330309095,-0.123993550018,-1.36455945741,0.0790199232575,1.89720333621,0.158126642091,-0.00777867221634,-0.0429386963824,0.00160056981328,-0.0574780656679,-0.00664606668054,0.0182560005097,-0.000533491609111,0.573938824117,0.818884404887,0.00181782981848,0.0,0.81883887637,-0.573880164955,-0.0120498015771,0.0,-0.00882434801345,0.00840452048707,-0.999925744702,0.0,0.660657287568,0.259558367432,0.303188023079,1.0,-0.00654,-0.00859542857143,0.328
0.464256414776,0.541820397683,-0.124005153087,-1.36534335835,0.0789763399641,1.89749582935,0.15802007059,-0.00420744722411,-0.0398236216634,-0.00174456354759,-0.0558507731937,-0.00604475868636,0.0233079794216,-0.00757366284357,0.573944312655,0.81888052496,0.00183267939385,0.0,0.818835211373,-0.573885607809,-0.0120396289856,0.0,-0.0088074389467,0.00841090093753,-0.999925840132,0.0,0.660570052073,0.259435547826,0.303201214314,1.0,-0.00682,-0.00896342857143,0.342
0.464162878945,0.541130247799,-0.123994341738,-1.36640892688,0.0789151921538,1.89790578387,0.157883051977,-0.0115803345021,-0.0407801275878,0.00181564298081,-0.0624725002426,-0.000174279903557,0.0212595778002,-0.0032318273368,0.573943994636,0.818880673451,0.00186562863095,0.0,0.818835716769,-0.573885076109,-0.0120305970009,0.0,-0.00878113600932,0.0084326946133,-0.99992588791,0.0,0.660449261909,0.25928053633,0.303217141312,1.0,-0.00718,-0.00943657142857,0.36
0.464082123296,0.540414150885,-0.124007730456,-1.36747920534,0.0788496987004,1.89829139805,0.157747423439,-0.00533351412833,-0.0446037770511,-2.84769730139e-05,-0.0644556695112,-3.92851551956e-06,0.0242503700468,-0.00672237301205,0.573950116387,0.818876328019,0.00188950012741,0.0,0.818831736979,-0.573891145886,-0.0120119145451,0.0,-0.00875207358645,0.00844158494921,-0.999926067693,0.0,0.660325486961,0.259117375745,0.303247726007,1.0,-0.00752,-0.00988342857143,0.377
0.463993473753,0.539765447985,-0.124005911672,-1.36849427392,0.078785408304,1.89867553069,0.157615509329,-0.00549029967265,-0.0385901365039,0.000934261758229,-0.0683996181243,-0.00321321259087,0.0254477928829,-0.00581457512622,0.573952446934,0.818874664089,0.00190264888183,0.0,0.818830264033,-0.57389343837,-0.0120027913487,0.0,-0.00873703223993,0.00844714058452,-0.999926152315,0.0,0.660210698147,0.258963586026,0.303256233621,1.0,-0.00782,-0.0102777142857,0.392
0.463883364224,0.538974640761,-0.124011979173,-1.36972295304,0.0787201517763,1.8991425698,0.157466064263,-0.00742424144313,-0.0448789186968,-0.00135106862484,-0.0659801260056,-0.00435819162069,0.0274072567511,-0.0120473495875,0.57397502783,0.818858772659,0.00192996613875,0.0,0.818814683469,-0.573915855515,-0.0119938244774,0.0,-0.00871377799066,0.00846460332106,-0.999926207559,0.0,0.660073993175,0.258773041797,0.303270828683,1.0,-0.00818,-0.0107508571429,0.41
0.463777634298,0.538231673283,-0.124016932573,-1.37087406022,0.0786618926383,1.8995844029,0.157338407229,-0.00804498335322,-0.0425521648121,-0.00165362163801,-0.0749588148826,-0.000357858029377,0.0316757358428,-0.00657893022615,0.574008600843,0.818835161483,0.00196249287951,0.0,0.818791431423,-0.573949222649,-0.0119845129419,0.0,-0.00868713658175,0.00848624924614,-0.999926255897,0.0,0.659946925503,0.258594047778,0.303286201867,1.0,-0.0085,-0.0111714285714,0.426
0.463672446123,0.537484004762,-0.124017316087,-1.37206843461,0.0785852162897,1.90002584914,0.157179733922,-0.0085802302119,-0.0491259176761,-0.000514611872245,-0.0761377323279,-0.00203821932261,0.0226162121036,-0.0073080384863,0.57401706468,0.818829255606,0.00195103080291,0.0,0.818785397869,-0.573957755349,-0.0119880862959,0.0,-0.00869655395314,0.00847900488601,-0.999926235492,0.0,0.6598009584,0.258398542555,0.303282188083,1.0,-0.00884,-0.0116182857143,0.443
0.463560258421,0.536640755962,-0.124017998772,-1.37336746292,0.0785101918012,1.90051926788,0.157025942349,-0.00501416122794,-0.0446454056576,-0.000244825463721,-0.0782646478074,0.00172950409328,0.0271720057685,-0.00194429090511,0.574032182401,0.818818583793,0.00198174266784,0.0,0.818775105719,-0.573972720868,-0.0119745085674,0.0,-0.00866765079477,0.00849651843277,-0.999926337789,0.0,0.659653047596,0.258199352071,0.303299267411,1.0,-0.00918,-0.0120651428571,0.46
0.463431614246,0.535734600203,-0.124023707544,-1.37480710586,0.0784393588574,1.9010457574,0.156849018542,-0.00439554511692,-0.0564616085194,0.000592466989144,-0.0815132769831,-0.00399727924124,0.0322369062104,-0.0183353135264,0.574043307522,0.81881072907,0.00200448242883,0.0,0.818767405245,-0.573983609109,-0.0119791270346,0.0,-0.00865826438032,0.00851790657736,-0.999926237142,0.0,0.659485502921,0.257982950508,0.303314040799,1.0,-0.00954,-0.0125382857143,0.478
0.463321258936,0.534873270132,-0.12402222152,-1.37616649894,0.0783536791606,1.90153933251,0.156680770468,-0.00823398265222,-0.0522739334837,0.0005598256109,-0.0819543571156,-0.00627589693421,0.034759259895,-0.0104668336399,0.574061635202,0.818797933256,0.00198252010414,0.0,0.818754325138,-0.574002029321,-0.0119905089094,0.0,-0.00868000046763,0.00850665184076,-0.999926144506,0.0,0.659325360927,0.257774582764,0.303305870305,1.0,-0.00986,-0.0129588571429,0.494
0.463191426562,0.533969300078,-0.124030676615,-1.37765230539,0.0782734481546,1.90207769538,0.156497986079,-0.00819138875557,-0.0528989908182,0.00152416009211,-0.0866472196864,-0.000513528702201,0.0349252979193,-0.0122639875454,0.574078395084,0.81878626692,0.00194738336975,0.0,0.818742107306,-0.574018845915,-0.0120196988091,0.0,-0.008723897525,0.00849481771716,-0.999925863094,0.0,0.65915890903,0.25755710382,0.303284880341,1.0,-0.01014,-0.0133268571429,0.51
0.463058481643,0.532995305229,-0.124034284157,-1.37924425259,0.0781804046776,1.90268712983,0.156303338767,-0.00644766945347,-0.0568378900157,0.000446703366299,-0.0948777430011,-0.0047964154157,0.0403183173289,-0.010158405896,0.574092679819,0.818776272839,0.00193827632029,0.0,0.818731986591,-0.574033160406,-0.012025464168,0.0,-0.00873369799948,0.00849082324718,-0.999925811468,0.0,0.658975681504,0.257317489757,0.303266991923,1.0,-0.01054,-0.0138525714286,0.528
0.462948691494,0.532139407417,-0.124033984121,-1.38059763928,0.0780943761341,1.90318906446,0.156131857174,-0.00375217247002,-0.0634101896162,0.000572069291422,-0.0911381245569,-0.00211635744334,0.0404363789875,-0.0109016904809,0.574092701968,0.818776255499,0.00193904079402,0.0,0.818731998414,-0.57403319792,-0.0120228682252,0.0,-0.00873113333929,0.00848995910713,-0.999925841203,0.0,0.658815855942,0.257116051313,0.303269714935,1.0,-0.01084,-0.0142468571429,0.543
0.462781432091,0.530891392734,-0.124036489825,-1.38262444965,0.0779836409726,1.90390315322,0.155867888288,-0.00556422566571,-0.0593622999367,-0.000982777747836,-0.101549208841,-0.0102041451069,0.0361653008309,-0.0104647469215,0.574095754154,0.818774231205,0.00188951820246,0.0,0.818729142819,-0.574036285785,-0.0120698053979,0.0,-0.00879796301266,0.00847639084744,-0.999925370538,0.0,0.658567903435,0.256810756719,0.303246583527,1.0,-0.01126,-0.0147988571429,0.564
0.462658267946,0.530029546092,-0.12402869558,-1.38396181392,0.0778983499214,1.9043857116,0.155684381524,-0.00882256155241,-0.0640465764883,0.00131702574106,-0.0941836328348,-0.00899758606797,0.0343410627168,-0.0122052954554,0.574094217027,0.818775316536,0.00188624194415,0.0,0.818730191777,-0.57403476939,-0.0120707707191,0.0,-0.00880065009676,0.00847424604908,-0.999925365071,0.0,0.658397282528,0.256589950227,0.303255015154,1.0,-0.01156,-0.0151931428571,0.579
0.462493676667,0.528836873305,-0.124041825733,-1.38583683423,0.0777832363169,1.90508865721,0.155433483187,-0.0115296813637,-0.0690533816511,-0.00387128458578,-0.0991544651821,-0.000986360980124,0.0342907377952,-0.0211556127576,0.57409985086,0.818771316068,0.00190791166947,0.0,0.818726498797,-0.574040331457,-0.0120567379076,0.0,-0.00877666189491,0.00848399261892,-0.999925493262,0.0,0.658193706466,0.256311891931,0.303267677613,1.0,-0.01192,-0.0156662857143,0.597
0.46237459473,0.527935956316,-0.124036922601,-1.38723886264,0.0776938176657,1.90563927364,0.155230688877,-0.0109683195222,-0.0646137269339,0.000880326516959,-0.0975556896673,-0.00932542394189,0.0348520927489,-0.0159975704685,0.574079848962,0.818785247652,0.00194734298384,0.0,0.818740987144,-0.574020202068,-0.0120312297304,0.0,-0.00873334734525,0.008501419742,-0.999925724495,0.0,0.658033362703,0.256104670234,0.303282208729,1.0,-0.0122,-0.0160342857143,0.611
0.462205276035,0.526563257017,-0.124042970112,-1.38934182929,0.0775589229343,1.90643524956,0.154953374046,-0.0121009854313,-0.0716505723778,0.000394100764173,-0.104581968202,-0.00437109898742,0.0439839564679,-0.0117330359868,0.574072967908,0.818789952154,0.00199716520944,0.0,0.818746439025,-0.574013204397,-0.0119940261223,0.0,-0.00867435588147,0.00852078212804,-0.999926073178,0.0,0.657787519521,0.255790353282,0.303316518731,1.0,-0.0126,-0.01656,0.631
0.462084076769,0.525661735424,-0.12404891695,-1.39074934204,0.0774745842812,1.90693574075,0.154764670746,-0.00921148246563,-0.0661421033275,0.000326886472622,-0.108041799791,-0.00242915808164,0.0345287975487,-0.0137266502656,0.574074877091,0.818788625632,0.0019922171106,0.0,0.818745017596,-0.574015104495,-0.0120001197539,0.0,-0.00868216600642,0.00852024914729,-0.999926009937,0.0,0.657617762754,0.255572280881,0.30332441361,1.0,-0.01286,-0.0169017142857,0.644
0.461914634771,0.524338538469,-0.124055259524,-1.39282767622,0.0773392001663,1.90768758268,0.154472391313,-0.00614717303024,-0.063922834647,0.00339318251344,-0.110004807073,-0.00911945666452,0.0365493288962,-0.014702775855,0.574054176825,0.818803178924,0.00197564062858,0.0,0.818759418408,-0.573994539698,-0.0120012526795,0.0,-0.00869282427561,0.00850710738799,-0.999926029229,0.0,0.657351556292,0.255238386742,0.303328737539,1.0,-0.01326,-0.0174274285714,0.664
0.4617782117,0.523277385603,-0.124056353878,-1.39451492701,0.0772354353461,1.90831630001,0.154235654202,-0.00602357346097,-0.0712040375047,0.000736485221347,-0.113817348248,-0.00453749079822,0.0438384532873,-0.0138844871429,0.574035067743,0.818816557169,0.00198333273253,0.0,0.818772882594,-0.573975386216,-0.011998735266,0.0,-0.00868654617266,0.00851175774751,-0.999926044213,0.0,0.657163600802,0.255006252628,0.303328618725,1.0,-0.01354,-0.0177954285714,0.678
0.461598610959,0.521980309586,-0.124059550287,-1.39658866588,0.077113664592,1.90913178897,0.153961096684,-0.010858742047,-0.0713132076337,-0.000159520695814,-0.117101581961,-0.0105859484041,0.0467401191566,-0.0146692174509,0.574038098026,0.81881435665,0.002014512475,0.0,0.818771099841,-0.573978295256,-0.0119812162028,0.0,-0.00865427202239,0.00852726333216,-0.999926191954,0.0,0.656925149269,0.254692877199,0.303323943214,1.0,-0.0139,-0.0182685714286,0.696
0.461445127883,0.520791332212,-0.124064191042,-1.39847695573,0.0769941388713,1.90983309778,0.153704603054,-0.00545228618825,-0.0769924388535,-0.000339920234654,-0.114136051471,-0.00652676415947,0.0355429329455,-0.0129876641586,0.574025575502,0.818823143021,0.00201147292856,0.0,0.818779882107,-0.573965822083,-0.0119785908064,0.0,-0.00865399727629,0.00852313514541,-0.999926229528,0.0,0.65669763724,0.254409119664,0.303321352426,1.0,-0.01422,-0.0186891428571,0.712
0.461255847453,0.519307084013,-0.124073598965,-1.40077932525,0.0768499693413,1.9106578874,0.153391169949,-0.0080877276083,-0.0796602569227,0.000747146758531,-0.123610627103,-0.00824442353056,0.0370454962572,-0.0145436898746,0.574013965792,0.818831276251,0.00201370558614,0.0,0.818788051623,-0.573954211501,-0.0119764986882,0.0,-0.00865112346496,0.00852363968823,-0.999926250095,0.0,0.65641556664,0.254058279448,0.303339465246,1.0,-0.0146,-0.0191885714286,0.731
0.461134007602,0.518365375688,-0.124069135995,-1.40224972358,0.0767463257148,1.91119750803,0.153193927992,-0.0140945620645,-0.0696890899451,0.000397484390591,-0.121250303157,-0.00471507046556,0.0453533826466,-0.0220824857777,0.573998975076,0.818841778755,0.00201615431481,0.0,0.818798661487,-0.573939286725,-0.0119663696061,0.0,-0.00864157958133,0.0085196723737,-0.999926366432,0.0,0.656235845274,0.253838656725,0.303347188197,1.0,-0.01484,-0.019504,0.743
0.46090855608,0.516693966367,-0.124072304912,-1.4048925603,0.07658041742,1.91215657743,0.152824042516,-0.0116757153014,-0.0770618877057,0.000529035848294,-0.126921998532,-0.00998070918505,0.0446060156711,-0.0168279185061,0.573977911909,0.818856577912,0.00200208677593,0.0,0.818813260742,-0.573918268995,-0.0119754518739,0.0,-0.00865731004367,0.00851314396647,-0.999926285964,0.0,0.655912223974,0.253435478384,0.303345190632,1.0,-0.01526,-0.020056,0.764
0.460742538809,0.515470623729,-0.124080895964,-1.40682180612,0.0764610491238,1.91289165102,0.152561919999,-0.0137926726839,-0.0820800088849,-0.00224255132557,-0.134490485375,-0.00790596859973,0.0524210691241,-0.0155055658961,0.573975047999,0.818858535714,0.00202229166435,0.0,0.818815535897,-0.573915373899,-0.0119586235126,0.0,-0.00863196285404,0.00851999937393,-0.999926446709,0.0,0.655683989498,0.253139268544,0.303348835072,1.0,-0.01556,-0.0204502857143,0.779
0.46056097033,0.51408103121,-0.124084079171,-1.40906777243,0.0763250316698,1.9136834634,0.152262972295,-0.012341109606,-0.0868260039936,-0.000177682230876,-0.126438135964,-0.00834734660088,0.041614475938,-0.0127138899466,0.57396246246,0.818867491737,0.00196712092592,0.0,0.818823673938,-0.573902925661,-0.0119987423661,0.0,-0.00869661104756,0.00849771650591,-0.999926076153,0.0,0.655399097678,0.252801888297,0.303322696452,1.0,-0.0159,-0.0208971428571,0.796
0.460378749547,0.512747422411,-0.124087303836,-1.41121707743,0.0761975420092,1.91442011237,0.151969677141,-0.010015657689,-0.0816580197426,0.000239419115992,-0.135889700028,-0.0100407967601,0.0384371707388,-0.0105700223578,0.573951825002,0.818875100843,0.00190228752796,0.0,0.818830285226,-0.573892421116,-0.0120498914623,0.0,-0.00877581665288,0.00847387098322,-0.999925586508,0.0,0.655123568527,0.252472509951,0.30329813057,1.0,-0.01622,-0.0213177142857,0.812
0.460165822855,0.51113704615,-0.124093573837,-1.41379052023,0.0760438577442,1.91540693785,0.151605186837,-0.00276348198029,-0.087269559136,-0.000915581742006,-0.141734087727,-0.00775803319811,0.0540804566616,-0.0192385087994,0.573925592914,0.818893444609,0.00192017622372,0.0,0.818848857248,-0.57386610953,-0.0120409392558,0.0,-0.00875849079247,0.0084831006341,-0.999925660158,0.0,0.654813223366,0.252087246517,0.303286866338,1.0,-0.0166,-0.0218171428571,0.831
0.459984778785,0.509848447776,-0.124091558976,-1.41586270196,0.075911003196,1.91618332734,0.151306175875,-0.0144455928587,-0.0838561165426,-0.000117301332389,-0.141318868232,-0.0152055154196,0.0546192413224,-0.0229033231023,0.573899736546,0.818911590475,0.00190952348298,0.0,0.818866878395,-0.573840316468,-0.0120446488287,0.0,-0.00876790977866,0.00847622951698,-0.999925635881,0.0,0.65455994362,0.251772162348,0.303269889348,1.0,-0.0169,-0.0222114285714,0.846
0.459764561207,0.50824854239,-0.1240971766,-1.41839318542,0.0757568371472,1.91707619251,0.1509584831,-0.0110592157233,-0.0886343247972,0.000666801387341,-0.145823981665,-0.0105792075856,0.0572652663394,-0.021023568255,0.573888925166,0.818919240973,0.00187756133259,0.0,0.81887401539,-0.573829553354,-0.012072179493,0.0,-0.00880890948523,0.00846573929293,-0.999925364401,0.0,0.654240455495,0.251381284556,0.303262487606,1.0,-0.01726,-0.0226845714286,0.864
0.459560265196,0.506812769913,-0.124098470813,-1.42064833764,0.0756113940405,1.91790410713,0.150649197541,-0.0138400150266,-0.0896170332905,0.00140815905044,-0.141192836805,-0.00504617628689,0.054469399108,-0.0174542360015,0.573881230961,0.818924626836,0.00188021601728,0.0,0.818879455403,-0.573821867181,-0.0120685196353,0.0,-0.00880446838633,0.00846573016397,-0.999925403592,0.0,0.653963112651,0.251030919901,0.303265002646,1.0,-0.01758,-0.0231051428571,0.88
0.459368116403,0.5053853733,-0.124107471689,-1.42282523181,0.0754700212103,1.91873710817,0.150340806147,-0.0111225015063,-0.0966767778288,-0.00194535466211,-0.141169568211,-0.0122856786841,0.0550061271573,-0.0260757866355,0.573866686312,0.818934669741,0.00194420654855,0.0,0.818890455167,-0.57380716404,-0.0120211411626,0.0,-0.00872909768418,0.00849078810415,-0.999925851937,0.0,0.653702959539,0.250694198439,0.303299057415,1.0,-0.01788,-0.0234994285714,0.895
0.459122648025,0.503635458028,-0.124113227442,-1.42544344417,0.0753128385156,1.91973164854,0.149987070726,-0.0209788683427,-0.0965753539906,-0.00292204341584,-0.142235955867,-0.00685348448255,0.0541600565368,-0.0162586483918,0.573874471493,0.818928950005,0.00205248982485,0.0,0.818886148266,-0.573814490447,-0.011964682714,0.0,-0.00862064262322,0.00854714601516,-0.999926312693,0.0,0.653390150937,0.250284874517,0.3033617129,1.0,-0.01824,-0.0239725714286,0.913
0.45887413438,0.501850650186,-0.124123792291,-1.42810202991,0.0751405784497,1.92071331201,0.149609690605,-0.01583354057,-0.0987858549753,-0.00136632416195,-0.150372171549,-0.00822963013474,0.0506668102718,-0.0220978662557,0.573865928464,0.818934715542,0.0021388617872,0.0,0.818893131696,-0.573805685621,-0.0119088585227,0.0,-0.00852545075377,0.00858575268257,-0.999926798091,0.0,0.653067401319,0.24986329495,0.303427790908,1.0,-0.0186,-0.0244457142857,0.931
0.458657905686,0.50022796746,-0.124120318215,-1.43056137478,0.0749873198459,1.92157355847,0.149264614768,-0.011656029644,-0.0959165742425,-2.85351450113e-05,-0.149651500606,-0.00838959530613,0.0528098541517,-0.022679911887,0.573841624353,0.818951685714,0.00216183437279,0.0,0.818910291045,-0.573781180482,-0.0119096199055,0.0,-0.00851314732388,0.00860474971552,-0.999926739619,0.0,0.652750683562,0.249487517657,0.303463961061,1.0,-0.01892,-0.0248662857143,0.947
0.458411016521,0.498554599687,-0.124125011091,-1.43318369092,0.0748228209122,1.92254780329,0.148890183747,-0.0132946462838,-0.0928666194993,-0.000520757431505,-0.148245529279,-0.019377485199,0.0555842882255,-0.0185081176763,0.573829499398,0.818960133586,0.00217993545829,0.0,0.818918978291,-0.573768987682,-0.0118996920139,0.0,-0.00849475755059,0.00861375067093,-0.999926818519,0.0,0.652427747207,0.249074230558,0.303467547034,1.0,-0.01926,-0.0253131428571,0.964
0.458147000976,0.496874775349,-0.124123216051,-1.43585976894,0.0746565008441,1.92350937856,0.148481825215,-0.0158351036538,-0.0929311320362,0.000579368676162,-0.153324550192,-0.0058874073229,0.0419909970296,-0.0168126165602,0.573800529969,0.818980508928,0.00215051280055,0.0,0.818938870513,-0.573740040025,-0.0119264301608,0.0,-0.00853384284541,0.00860469613784,-0.999926563669,0.0,0.652091112055,0.248646313492,0.303448157016,1.0,-0.0196,-0.02576,0.981
0.457891701737,0.495296283983,-0.124123386275,-1.4384181344,0.0744969806363,1.92437996832,0.148122785221,-0.0206398959415,-0.0955287205964,0.00531108305704,-0.162984695354,-0.0115867403829,0.0536971143915,-0.015314067943,0.573801313198,0.81898019737,0.00205820051619,0.0,0.818937192489,-0.573741042164,-0.0119932562255,0.0,-0.00864153161776,0.00856744807393,-0.999925958641,0.0,0.651758794322,0.248230709834,0.30340579549,1.0,-0.01992,-0.0261805714286,0.997
0.457613714127,0.493544685064,-0.124144561793,-1.44121741986,0.0743234559816,1.92540247459,0.147720745922,-0.0120443746608,-0.107599967591,-0.00490226482274,-0.171449825252,-0.0061543611721,0.0649156588641,-0.0279919222104,0.573808842366,0.818974990434,0.00203085407592,0.0,0.818931647885,-0.573748704598,-0.0120052890916,0.0,-0.00866699849023,0.00855203636412,-0.999925870158,0.0,0.651412836563,0.247769791182,0.3033825022,1.0,-0.0229514285714,-0.0301647346939,1.014
0.457326635348,0.49145611903,-0.124189122619,-1.44450286939,0.0741254104164,1.92663080129,0.147247200841,-0.0193278724196,-0.128162676817,0.000570916499459,-0.203659374098,-0.00758449617127,0.0684054033587,-0.0306468432091,0.573799495472,0.818981494051,0.00204897516925,0.0,0.818938496299,-0.573739389691,-0.0119832757289,0.0,-0.00863866961814,0.00855414690525,-0.999926097248,0.0,0.651005986561,0.247246139645,0.30338005397,1.0,-0.0268371428571,-0.0352716734694,1.031
0.456972563602,0.489220300331,-0.124190663714,-1.44812328159,0.0739190940448,1.92789328646,0.146729829615,-0.0235639878253,-0.145430811925,0.00092827007655,-0.230911726511,-0.0118492164744,0.0758381057222,-0.0336268155573,0.57379150068,0.818987323127,0.00195581335513,0.0,0.818942739308,-0.573731430972,-0.0120740113839,0.0,-0.00876651945041,0.00852982848344,-0.999925192283,0.0,0.650533517847,0.246667698077,0.303321341233,1.0,-0.0304942857143,-0.0400782040816,1.047
0.456590695155,0.486814186652,-0.124216716401,-1.45187752439,0.0736814681227,1.92933058478,0.146196158329,-0.0283471841271,-0.159449214582,-0.00539577769506,-0.260113687529,-0.0139918671791,0.104391143684,-0.0397778076048,0.573808100742,0.818975535897,0.0020204026278,0.0,0.818931958484,-0.573747910361,-0.012022047695,0.0,-0.00868672841423,0.00855308530919,-0.99992568998,0.0,0.650079507265,0.246050057637,0.303331747178,1.0,-0.0339228571429,-0.0445843265306,1.062
0.456043360487,0.483388432623,-0.124274700132,-1.45713581466,0.0733640627659,1.9312483535,0.145373756315,-0.0332917476794,-0.184193135108,-0.00455574298541,-0.289174526813,-0.0202725127085,0.109115084272,-0.0523110950075,0.573797858128,0.818982542402,0.00208809732685,0.0,0.81893988442,-0.573737419491,-0.0119827410986,0.0,-0.00861580207885,0.00858586266487,-0.999926022722,0.0,0.649428835104,0.245161640648,0.303374960087,1.0,-0.0382657142857,-0.0502920816327,1.081
0.455530614817,0.480172653244,-0.124323597998,-1.46215933341,0.0730602214755,1.93299923896,0.144630730645,-0.0325065739345,-0.200944665257,0.00141078398381,-0.323530270373,-0.0159330936956,0.111965872557,-0.0438966462466,0.573807593769,0.81897584565,0.00203874395251,0.0,0.818932403907,-0.573747223144,-0.0120245027446,0.0,-0.00867822070494,0.00856950946173,-0.999925623231,0.0,0.64878090437,0.244317706451,0.303367072895,1.0,-0.0419228571429,-0.0550986122449,1.097
0.454882891333,0.476189437021,-0.12437867408,-1.46822825837,0.0726869217512,1.9352158906,0.143755131757,-0.0426053263682,-0.229518666653,-0.000492305962525,-0.346948905392,-0.0231456159095,0.131252211887,-0.04437896947,0.573854030651,0.818943038871,0.00214417620856,0.0,0.81890101888,-0.573793258794,-0.0119651302407,0.0,-0.00856861123802,0.00862227230322,-0.999926114931,0.0,0.648021438685,0.243289832025,0.303430687691,1.0,-0.0460371428571,-0.0605059591837,1.115
0.454112347728,0.471665605242,-0.124414966911,-1.47523939689,0.0722729288042,1.93771515383,0.142714500381,-0.0434779214298,-0.243753386435,-0.00528730004825,-0.373353559956,-0.0151909039297,0.131314078334,-0.0594802186941,0.573883845724,0.818922090234,0.00216532812436,0.0,0.818879987635,-0.573822621345,-0.0119963321626,0.0,-0.00858171237389,0.00865781179346,-0.999925695493,0.0,0.647119930213,0.242102845093,0.303439897365,1.0,-0.05038,-0.0662137142857,1.134
0.453558394111,0.468298375946,-0.124429941965,-1.48028339042,0.0719532126648,1.93961714069,0.14190427045,-0.043503921866,-0.264638402772,-0.00136433931136,-0.398686938902,-0.028608187962,0.149141271996,-0.0617078796052,0.573838204926,0.818953552518,0.00235378143674,0.0,0.818913983078,-0.573776303254,-0.0118907125332,0.0,-0.00838755874611,0.008751058152,-0.999926531221,0.0,0.64648836422,0.241261250403,0.303529603458,1.0,-0.0533514285714,-0.0701190204082,1.147
0.452720999011,0.463347841273,-0.124438068286,-1.4878391169,0.0714572243216,1.94229964607,0.140729674418,-0.0505158780303,-0.273087101991,-0.000776518064684,-0.437493464088,-0.0341291905484,0.144548395268,-0.0638804303399,0.573787997381,0.818988552825,0.00241480947036,0.0,0.818949671496,-0.573725752058,-0.011871978968,0.0,-0.00833773702194,0.00878977568987,-0.999926608299,0.0,0.645497469184,0.239990724621,0.303579962763,1.0,-0.0574657142857,-0.0755263673469,1.165
0.451829471506,0.458083826456,-0.124460357322,-1.49594860052,0.070915937175,1.94508069824,0.139538004223,-0.0508825490151,-0.304564767318,-0.00295536384063,-0.460863893849,-0.0330174186282,0.165371527715,-0.0723698522201,0.573786576526,0.818989733763,0.00235106171943,0.0,0.818949848682,-0.573724400077,-0.0119249738728,0.0,-0.00841773177012,0.00876796038341,-0.999926129603,0.0,0.644403394688,0.238617243406,0.303585695691,1.0,-0.06158,-0.0809337142857,1.183
0.451013642357,0.453513396087,-0.124481365165,-1.50304173495,0.0704305713392,1.94762650795,0.138410039781,-0.0540816897422,-0.314387434754,-0.000825484641347,-0.475385742289,-0.0369891734731,0.183488553021,-0.0737977743702,0.573722528022,0.819034548762,0.00236974162356,0.0,0.818995068878,-0.573660454774,-0.0118956581556,0.0,-0.00838368936424,0.00876578254221,-0.999926434699,0.0,0.643407923859,0.237317871317,0.303583399028,1.0,-0.0652371428571,-0.085740244898,1.199
0.449964666111,0.447595559916,-0.124530268213,-1.51181888684,0.0698330008935,1.95092660456,0.137033800304,-0.060048665421,-0.333203456358,-0.00444657715624,-0.503294388567,-0.0270582064162,0.178551243901,-0.0749067593054,0.573741165242,0.819020479898,0.00269735347458,0.0,0.818985722844,-0.573678373861,-0.0116728763948,0.0,-0.00801306574801,0.00890647516689,-0.999928230163,0.0,0.642349879351,0.235866827902,0.303740804828,1.0,-0.0691228571429,-0.0908471836735,1.216
0.448917586992,0.441824151398,-0.124555496098,-1.52081504911,0.0692291208065,1.95392655875,0.135656999224,-0.0609791858267,-0.352841784204,-0.000140521526813,-0.538297777521,-0.0398326446716,0.185180483929,-0.0759463984064,0.573724556751,0.819032735764,0.00250152528231,0.0,0.81899503724,-0.573662045411,-0.0118208938936,0.0,-0.00824682773175,0.00883084392236,-0.99992700035,0.0,0.641092188141,0.23430563146,0.303671225412,1.0,-0.0730085714286,-0.095954122449,1.233
0.447854826818,0.436119936431,-0.124589566788,-1.52964456522,0.0686350156991,1.95692000597,0.134223661523,-0.0666446707938,-0.366646323071,-0.00332863779482,-0.54804967134,-0.0395910114182,0.202535855644,-0.0897467399164,0.573670481646,0.819070965986,0.00238286978142,0.0,0.819031432087,-0.573608127851,-0.0119153606195,0.0,-0.00839285404694,0.00878730509801,-0.99992616891,0.0,0.639864968357,0.2327515327,0.303626712369,1.0,-0.0766657142857,-0.100760653061,1.249
0.446629126168,0.429753272115,-0.124620144159,-1.53915640836,0.0679672694404,1.96041435457,0.132687990688,-0.0754223811881,-0.372803166306,-0.0044348027211,-0.576945284884,-0.03763649578,0.205763243675,-0.089605034533,0.573666682057,0.819072807362,0.0026497243053,0.0,0.819037162807,-0.573603771106,-0.0117297321317,0.0,-0.00808776848739,0.00889935053071,-0.999927692166,0.0,0.638606159121,0.231048027213,0.303743052736,1.0,-0.0805514285714,-0.105867591837,1.266
0.445306016643,0.423172163436,-0.124706530573,-1.5492973192,0.0672368209897,1.96379792586,0.130999015857,-0.0793533970234,-0.39412230859,0.000847028499723,-0.610956299893,-0.0420265054505,0.203930775971,-0.104786610131,0.57365838985,0.819079195867,0.00246364628219,0.0,0.819041239083,-0.57359628025,-0.0118111331521,0.0,-0.00826127415633,0.00879355283313,-0.99992720974,0.0,0.63718797668,0.229166604841,0.303688779833,1.0,-0.0844371428571,-0.110974530612,1.283
0.443995301586,0.416681660267,-0.124815874976,-1.55908273457,0.066524448096,1.96716182311,0.12945393298,-0.0824025172342,-0.411937732903,-0.000737461400017,-0.610780230055,-0.0433493529964,0.236100043604,-0.0955358929747,0.573757500117,0.819009735111,0.00247623777876,0.0,0.818972398183,-0.573695817592,-0.0117501826496,0.0,-0.00820306465675,0.00876989466277,-0.999927896739,0.0,0.635838997341,0.227324997324,0.303729928289,1.0,-0.0880942857143,-0.115781061224,1.299
0.44241117202,0.409131134671,-0.124846459262,-1.57045325683,0.0657632332342,1.97113612111,0.127525747074,-0.0898031698713,-0.426812928232,0.000371572706859,-0.645806449637,-0.0434620848665,0.214776854044,-0.120974072753,0.573754312757,0.819011551289,0.00261043085955,0.0,0.818975629457,-0.573691787382,-0.0117217041305,0.0,-0.00810278434175,0.00886342820256,-0.999927889663,0.0,0.634253083535,0.225222980967,0.303773763253,1.0,-0.0922085714286,-0.121188408163,1.317
0.440815993723,0.401823217457,-0.12492893153,-1.58170042377,0.064973852634,1.97483948181,0.125660225225,-0.0941865977046,-0.432051818464,-0.00591463994545,-0.663122246,-0.0440250289327,0.228859003187,-0.109290553676,0.573825072091,0.81896263591,0.00239468662395,0.0,0.818923577619,-0.573762989681,-0.0118723457083,0.0,-0.00834918572671,0.00877388389378,-0.99992665234,0.0,0.632630038732,0.223079246763,0.303677685063,1.0,-0.0960942857143,-0.126295346939,1.334
0.439245875399,0.394575126084,-0.125004049088,-1.59231503958,0.0641695505031,1.9786641221,0.12382614945,-0.0984489560051,-0.452210015662,-0.00386023416175,-0.677867192722,-0.0490384037659,0.240975216917,-0.112758663432,0.573855508858,0.8189402702,0.00272684792106,0.0,0.818906363606,-0.573793123878,-0.0116002386532,0.0,-0.00793540877127,0.00889006513165,-0.999928995494,0.0,0.631169265255,0.221038108321,0.30383714335,1.0,-0.0997514285714,-0.131101877551,1.35
0.437494561914,0.386782793945,-0.125039177971,-1.60425904467,0.0632840575418,1.98249346031,0.121756880786,-0.0979554810647,-0.459006972627,-0.00171340153707,-0.700013540615,-0.0510638154133,0.213435865989,-0.124150378657,0.573828765369,0.81895993234,0.00243395923241,0.0,0.818921806638,-0.573766976965,-0.0118015955993,0.0,-0.00826866770019,0.00876548608682,-0.999927395058,0.0,0.629380733553,0.218756858715,0.303717446818,1.0,-0.103637142857,-0.136208816327,1.367
0.435552526261,0.378124116321,-0.125098465016,-1.61700227775,0.0623438195375,1.98681063502,0.119489878965,-0.109089495269,-0.478425936355,-0.00151488816978,-0.710536445266,-0.0562542949581,0.243085774278,-0.12866158749,0.573818054451,0.818966910277,0.00260521740692,0.0,0.818931094778,-0.57375573,-0.0117034695528,0.0,-0.00809015164452,0.00884932604923,-0.999928116854,0.0,0.627519890549,0.216291323086,0.30382171548,1.0,-0.107751428571,-0.141616163265,1.385
0.433690654074,0.370322325968,-0.125140696625,-1.62877371114,0.0614473340335,1.99067262667,0.117404861972,-0.115907930173,-0.493772086651,-0.00047191753242,-0.737703358353,-0.0619007893397,0.228354676108,-0.126116975843,0.573840378036,0.818951646604,0.00248353796852,0.0,0.81891415254,-0.573778388501,-0.0117778843674,0.0,-0.00822067565635,0.00879259929345,-0.99992755272,0.0,0.625756973763,0.213972712978,0.303760676911,1.0,-0.111408571429,-0.146422693878,1.401
