position_joint1,position_joint2,position_joint3,position_joint4,position_joint5,position_joint6,position_joint7,velocity_joint1,velocity_joint2,velocity_joint3,velocity_joint4,velocity_joint5,velocity_joint6,velocity_joint7,ee_T_00,ee_T_10,ee_T_20,ee_T_30,ee_T_01,ee_T_11,ee_T_21,ee_T_31,ee_T_02,ee_T_12,ee_T_22,ee_T_32,ee_T_03,ee_T_13,ee_T_23,ee_T_33,v_x,v_y,time
0.465098217798,0.547665706762,-0.124028303695,-1.35583487953,0.0795248101594,1.89415303027,0.159132179677,-0.00052575005588,0.00109073823755,0.000891752334423,-0.000255489113192,-5.595828231e-05,0.00038987541707,0.00049783675278,0.573798167951,0.818982317926,0.00209100011288,0.0,0.818941050858,-0.573739069248,-0.011822966591,0.0,-0.00848327545422,0.00849656598466,-0.999927918604,0.0,0.661691534901,0.260892597669,0.303301214758,1.0,0.0,0.0,0.0
0.465098217809,0.547663534764,-0.124028303695,-1.35583814578,0.0795260716085,1.89415063255,0.15912792222,-0.000465117767532,-0.000213007586859,7.86189051471e-05,-0.00122025837881,-6.93266631227e-05,-0.000381804853276,-0.00120971691672,0.57379517368,0.81898442081,0.00208902687101,0.0,0.818943109798,-0.573736064874,-0.0118261438475,0.0,-0.00848704091484,0.00849674201378,-0.999927885156,0.0,0.66169029414,0.260892279389,0.303300992755,1.0,-4e-05,-5.25714285714e-05,0.003
0.465100889094,0.5476581901,-0.124029051983,-1.35583590814,0.0795273916215,1.89415784409,0.159130364934,0.000414996051388,0.000685516213154,0.000874617727339,-0.000709035712648,-0.000291111208201,0.000187058051006,-3.68214915592e-05,0.57379577605,0.818983965763,0.0021019305095,0.0,0.818942826793,-0.573736620246,-0.0118187958074,0.0,-0.0084736128977,0.00850309973649,-0.999927944994,0.0,0.661691789164,0.260894656275,0.303306497952,1.0,-0.00034,-0.000446857142857,0.018
0.465095697056,0.547651788238,-0.124033245253,-1.35583933521,0.0795257113293,1.89415538358,0.159133055944,-0.000392991401667,0.00182555295225,-2.7742434478e-05,0.000166482497282,-0.000214710321569,-3.34695200198e-05,0.000524551012357,0.573804875345,0.818977593564,0.00210075488055,0.0,0.818936469588,-0.573745753461,-0.011815924223,0.0,-0.00847184110332,0.0085005833738,-0.999927981402,0.0,0.661693093982,0.260888031791,0.303309323846,1.0,-0.00068,-0.000893714285714,0.035
0.465094268807,0.547596908314,-0.124031263179,-1.3558812539,0.0795246480048,1.89416055729,0.15913205591,0.000459453193446,-0.00568255475993,0.000586403159719,-0.00309335305869,-0.000281063201259,-0.000578032649747,0.000549755794493,0.573805785426,0.81897690982,0.00211865413323,0.0,0.818935983467,-0.573746557508,-0.011810572896,0.0,-0.008457178805,0.00851218104902,-0.999928006859,0.0,0.661685945411,0.260884160481,0.303328630683,1.0,-0.00104,-0.00136685714286,0.053
0.465093537006,0.547466609236,-0.124031491189,-1.35603064669,0.0795275144705,1.89420095517,0.159128587239,0.000486923741611,-0.00265295911601,-0.000608767887836,-0.0123752787836,0.000496613979942,0.000485851050446,-0.000188843187605,0.573812668379,0.818972019677,0.00214464337465,0.0,0.818931308391,-0.573753213503,-0.0118113941946,0.0,-0.00844286788208,0.00853400753099,-0.999927941752,0.0,0.661663280232,0.260870732208,0.303353347655,1.0,-0.0014,-0.00184,0.071
0.465073706309,0.547331854872,-0.124034204804,-1.35621301515,0.0795193036605,1.89424758633,0.159124397594,-0.000522407116992,-0.00956792031769,-0.00359608669878,-0.0130414728242,6.20983048981e-05,0.0015065434312,-0.00186023518503,0.573835241712,0.818956200346,0.00214573679291,0.0,0.818915466303,-0.573775742385,-0.0118153883065,0.0,-0.00844527638951,0.00853742762303,-0.999927892218,0.0,0.661640583431,0.260837996231,0.303366123823,1.0,-0.0017,-0.00223428571429,0.086
0.465052850536,0.54714935157,-0.124026488687,-1.35643054614,0.079517021439,1.89436072997,0.15911225632,-0.00181323187459,-0.00911851348941,0.00138216475892,-0.0145569581298,-4.05014451711e-05,0.00954439683807,-0.00119116744665,0.57384870816,0.81894656713,0.00221973654874,0.0,0.818906707266,-0.573788829634,-0.0117868860958,0.0,-0.00837933119698,0.00858181173388,-0.999928067071,0.0,0.661621890322,0.260812562966,0.303401426452,1.0,-0.00206,-0.00270742857143,0.104
0.465032615632,0.546946206027,-0.124033662209,-1.35665361044,0.0795159129946,1.89449029864,0.159097563817,0.000147645744133,-0.0118642056817,-0.000204939404502,-0.0146682052039,0.000407357921761,0.00766124984173,0.00107406189496,0.573870658189,0.81893091469,0.00231765748452,0.0,0.818892321885,-0.573810399532,-0.0117361598187,0.0,-0.00828136757009,0.00863311589283,-0.99992844157,0.0,0.661608932551,0.260779845639,0.303450632323,1.0,-0.0024,-0.00315428571429,0.121
0.465003972539,0.546746297707,-0.124029234585,-1.35693318534,0.0795113513239,1.89461092579,0.159070835801,0.000601428551281,-0.0125830116542,0.000422164694672,-0.0251964617395,0.000271891811695,0.0148401080049,-0.00315385339615,0.57388365287,0.818921687332,0.00236006088171,0.0,0.818883540311,-0.573823124865,-0.0117267079237,0.0,-0.00824915675156,0.00866254777046,-0.99992845328,0.0,0.661580851209,0.260740351783,0.303469468935,1.0,-0.00272,-0.00357485714286,0.137
0.464968328416,0.546474894076,-0.124029085495,-1.35732566714,0.0794988340471,1.89474737237,0.158978388916,-0.00138802948233,-0.0156534863666,0.000334015836299,-0.0254834766944,-9.70368107752e-05,0.00612145779986,-0.0102395750898,0.573855589168,0.818941293692,0.00238058155609,0.0,0.81890329953,-0.573794869076,-0.0117294988249,0.0,-0.00823996410458,0.00868067167974,-0.9999283719,0.0,0.661535142531,0.260681066571,0.303486684342,1.0,-0.00308,-0.004048,0.155
0.464938854403,0.546234243427,-0.124034703269,-1.35767640023,0.0794876075526,1.89487661086,0.158922244754,-0.00285506770222,-0.017697960134,-0.000842617031999,-0.027946981048,0.000174721934181,0.00740764936054,-0.00428046193233,0.573854293431,0.81894214078,0.00240143020867,0.0,0.818904356403,-0.573793432091,-0.0117260076142,0.0,-0.00822515525676,0.00869572889343,-0.999928362994,0.0,0.661496383607,0.260626798108,0.303501546004,1.0,-0.00336,-0.004416,0.169
0.464897695584,0.545940117831,-0.124034703744,-1.35817681798,0.0794706876247,1.8950352491,0.158904550933,-0.006854762625,-0.0156377054162,-0.00100129606967,-0.030923355834,0.00041553386316,0.00341127668938,-0.000383913002286,0.573896898927,0.818912382454,0.00236773457434,0.0,0.818874006272,-0.573835995298,-0.011762621019,0.0,-0.00827402397713,0.00868957532402,-0.999928013313,0.0,0.661432585568,0.260552052067,0.303485364743,1.0,-0.0037,-0.00486285714286,0.186
0.464841273244,0.545623513272,-0.124031820373,-1.3587327207,0.0794196247174,1.89522075952,0.15882430659,-0.004043660512,-0.0182336911884,0.00122819856076,-0.0347289135533,-0.00361190810007,0.0111101832553,-0.00563315836431,0.573892851554,0.81891537663,0.00231252139962,0.0,0.818876385054,-0.573832263745,-0.011779048658,0.0,-0.0083192048489,0.0086537475985,-0.999927949146,0.0,0.66136717949,0.260458885614,0.303460845968,1.0,-0.00404,-0.00530971428571,0.203
0.464789359639,0.545250486489,-0.124032224506,-1.35936304211,0.0793606072954,1.89542014998,0.158725466043,-0.00252869882351,-0.0250608857721,-0.000963733660692,-0.0358535233551,-0.000758286520864,0.00974413713129,-0.000885361151552,0.573874085515,0.818928696209,0.0022519770467,0.0,0.818889048283,-0.573813866888,-0.0117949001553,0.0,-0.00836712764195,0.00861307270926,-0.999927900478,0.0,0.661288897785,0.260358362521,0.303442124125,1.0,-0.00438,-0.00575657142857,0.22
0.464714199116,0.544825603509,-0.124032806517,-1.36009456155,0.0793364660733,1.8956560057,0.158652246845,-0.0048348768382,-0.0219886642892,0.000497823862642,-0.0375705093316,8.1978330143e-05,0.0102349453586,-0.0113493141043,0.573910370334,0.818903403296,0.00220222493503,0.0,0.818862878126,-0.573850105364,-0.0118486414049,0.0,-0.00843930824277,0.00860354407013,-0.999927375916,0.0,0.661200059704,0.260239158311,0.303415148061,1.0,-0.00474,-0.00622971428571,0.238
0.46464878016,0.544385584981,-0.124036107601,-1.36087581137,0.0793051872346,1.89591832107,0.158541408378,-0.00220002528496,-0.0234131935928,-0.00119346313987,-0.0420048706772,-0.00393207753373,0.0223022281267,-0.00974143489658,0.573910704221,0.818903328675,0.00214214061523,0.0,0.818861843609,-0.573850499011,-0.0119009565993,0.0,-0.00851662848407,0.00858436887195,-0.999926885152,0.0,0.661103850564,0.260119760294,0.303377552311,1.0,-0.0051,-0.00670285714286,0.256
0.46458775657,0.54395316314,-0.12403224541,-1.3615697579,0.079268444447,1.89616682933,0.15846870477,-0.00443886911943,-0.0300656151059,0.00104607695146,-0.046526235315,-0.000241761527387,0.0182327930274,-0.00499321729208,0.573927323166,0.818891701757,0.00213434250701,0.0,0.818850032314,-0.573867064092,-0.0119148743669,0.0,-0.00853232715203,0.00858614369198,-0.999926736081,0.0,0.661022198945,0.260015873142,0.303374643368,1.0,-0.0054,-0.00709714285714,0.271
0.464519651484,0.54348074511,-0.124038587723,-1.36235951398,0.0792263703749,1.89643060977,0.158357732443,-0.00399595124882,-0.0248674928525,0.000476115050519,-0.0497332671449,-0.0028330305544,0.016002706866,-0.00928742526378,0.573929334703,0.818890405622,0.00209027474844,0.0,0.818848090999,-0.573869184698,-0.0119461133235,0.0,-0.00858317857216,0.00856800732014,-0.999926456444,0.0,0.660926976093,0.259890719322,0.303356043713,1.0,-0.00572,-0.00751771428571,0.287
0.464434575331,0.542942905527,-0.124041687821,-1.36321577254,0.0791821644628,1.89673394481,0.158255729043,-0.00279496357421,-0.0304151068711,-0.000390573035739,-0.0520019420112,-0.000829667582771,0.0210088954355,-0.00991693459509,0.573953469984,0.818873514216,0.00208060327178,0.0,0.818830994913,-0.573893278576,-0.0119604964348,0.0,-0.00860025509585,0.00856859585056,-0.999926304673,0.0,0.660829725734,0.259751542524,0.303355341069,1.0,-0.00606,-0.00796457142857,0.304
0.46435340375,0.542353992371,-0.124044946081,-1.36411809437,0.0791217022846,1.89705274361,0.158161905984,-0.00653236177679,-0.035952981956,0.000487855099029,-0.0480988175925,-0.00177455849947,0.0168869245714,-0.00913977839827,0.573979336089,0.818855381895,0.00208139019228,0.0,0.81881291813,-0.573919183304,-0.0119550424459,0.0,-0.00859506657,0.00856638143252,-0.999926368259,0.0,0.660726087384,0.259608488108,0.303370084464,1.0,-0.0064,-0.00841142857143,0.321
0.464267062226,0.541749703238,-0.124047560411,-1.36505710759,0.0790623625076,1.89740099779,0.158011450359,-0.00459200469113,-0.0309736206518,-0.00112815023657,-0.0549638281715,-0.00609630624203,0.0221916719926,-0.00426039944239,0.573965017022,0.818865394662,0.00209082805079,0.0,0.818823081685,-0.573904854716,-0.01194677925,0.0,-0.00858303298674,0.00856921660737,-0.999926447331,0.0,0.660621253509,0.259460425459,0.303380699839,1.0,-0.00674,-0.00885828571429,0.338
0.464184067362,0.541133413191,-0.124047797307,-1.36599446994,0.0790157466836,1.89774139575,0.157889634916,-0.00453631109107,-0.0430506842717,0.00180979711687,-0.058635059417,-0.000641621020501,0.022585026435,-0.00564341899891,0.573972917551,0.818859799741,0.00211309882221,0.0,0.818817672916,-0.57391255834,-0.0119474181949,0.0,-0.0085706915318,0.00858790248251,-0.99992639288,0.0,0.660513271445,0.259317840122,0.303399763429,1.0,-0.00706,-0.00927885714286,0.354
0.464098216914,0.540440073103,-0.124049581838,-1.36705398703,0.0789534515275,1.89812329704,0.15777122712,-0.00804390895991,-0.0431120370292,-0.00353689955874,-0.0655493026615,-0.00244756466467,0.0185735932282,-0.00827234406213,0.573989524289,0.818848122637,0.00212719584285,0.0,0.818806152753,-0.573929078179,-0.0119433804048,0.0,-0.00855911986276,0.00859730180586,-0.999926411227,0.0,0.660389193468,0.259159271477,0.303418686653,1.0,-0.0074,-0.00972571428571,0.371
0.464004729787,0.539705871408,-0.124056990341,-1.3681613954,0.0788825322165,1.89854347516,0.157625245938,-0.00623662975965,-0.0436986462564,0.000893877221842,-0.0673764977224,-0.00522187684606,0.0210387433142,-0.00819207320927,0.573994137322,0.818844795133,0.00216303147919,0.0,0.818803373508,-0.573933626491,-0.0119153185622,0.0,-0.0085155240362,0.00861058625168,-0.999926669139,0.0,0.660266310431,0.25898846167,0.303447072671,1.0,-0.00774,-0.0101725714286,0.388
0.463896138628,0.53890659105,-0.124063346195,-1.36939685542,0.0788059151579,1.89900326096,0.157469677486,-0.00351464276888,-0.0461064953774,-0.000718023941678,-0.0721913021472,-0.00317353349555,0.0282003743148,-0.0053941442022,0.57400797602,0.818835049071,0.00218008710856,0.0,0.818793892501,-0.573947438049,-0.0119015486749,0.0,-0.00849431332439,0.00861679177592,-0.999926796091,0.0,0.660127181305,0.258795718993,0.30346376447,1.0,-0.0081,-0.0106457142857,0.406
0.463799923988,0.538176683006,-0.124068751727,-1.37052174861,0.0787512275566,1.89944131856,0.157330399122,-0.00583394629681,-0.0499024336494,0.000206576504745,-0.0719634021164,-0.00724257165128,0.0303448276724,-0.00842875293844,0.574017109739,0.818828530577,0.00222309293262,0.0,0.818787852631,-0.573956315465,-0.0118889538002,0.0,-0.00845921920792,0.00864487082724,-0.999926851234,0.0,0.660009153509,0.258637594892,0.303486475698,1.0,-0.0084,-0.01104,0.421
0.463692064829,0.537370411623,-0.124064576925,-1.3717699699,0.0786793069156,1.89991762503,0.15718421966,-0.0115821444392,-0.0512210299814,0.00136428320159,-0.0749074891539,8.64626369018e-05,0.0261291318917,-0.00397739792829,0.574039535296,0.818812728136,0.00225278933106,0.0,0.818772408063,-0.573978590761,-0.0118772069528,0.0,-0.00843231773035,0.00866267488856,-0.999926924371,0.0,0.659860614204,0.258440320335,0.303498444803,1.0,-0.00876,-0.0115131428571,0.439
0.463574141197,0.536490700675,-0.124071986449,-1.37314425867,0.078601993672,1.90042748397,0.157016003004,-0.0124707383494,-0.0481410563514,0.000248797719606,-0.0765194817357,-0.000178181698813,0.0280355242006,-0.00729741992411,0.574058563798,0.818799349775,0.00226650396436,0.0,0.818759182458,-0.573997536154,-0.0118733538213,0.0,-0.00842108882934,0.00867188833573,-0.999926939139,0.0,0.65970329247,0.258228706119,0.30350980356,1.0,-0.00912,-0.0119862857143,0.457
0.463460652426,0.535629793863,-0.124073729374,-1.3745149756,0.0785204912135,1.90092202665,0.156848549411,-0.00937655276722,-0.0459147891476,0.001284926592,-0.0782730037052,-0.00111802850463,0.0283530577592,-0.0103699132679,0.574069081974,0.818792011829,0.00225330594378,0.0,0.818751634153,-0.574008065592,-0.0118848268211,0.0,-0.0084379479338,0.0086677764279,-0.999926832667,0.0,0.659540705974,0.258021789049,0.303507901018,1.0,-0.00946,-0.0124331428571,0.474
0.463361502553,0.534827515972,-0.124073283851,-1.37577037299,0.0784582657019,1.90137102288,0.156700777657,-0.0086197018378,-0.0510511497264,0.00422136174718,-0.0881310011968,-0.00189752250992,0.0279549806209,-0.0113524304467,0.574081122302,0.81878355852,0.00225747985315,0.0,0.81874307653,-0.574019924797,-0.011901574311,0.0,-0.00844913762291,0.00868093227265,-0.999926624052,0.0,0.659388698233,0.257838559212,0.303515358414,1.0,-0.00976,-0.0128274285714,0.489
0.463239158014,0.533940126369,-0.12407764166,-1.3772514858,0.0783758759543,1.90189698664,0.156523431008,-0.0102042022236,-0.0512792991265,0.00134566158729,-0.0832903358345,-0.00472673765714,0.029312125046,-0.0053139792501,0.574098227077,0.818771718457,0.0022012775559,0.0,0.818730401809,-0.574037149046,-0.0119426785491,0.0,-0.00851487628393,0.00865869014605,-0.999926259265,0.0,0.659209693646,0.257613547778,0.303482106211,1.0,-0.0101,-0.0132742857143,0.506
0.463109996705,0.533081093444,-0.124077617758,-1.37864249287,0.0782916078725,1.90242351674,0.156344547517,-0.00934140808625,-0.0552105621704,0.000609751817799,-0.0839332693065,-0.00284846744151,0.029691787819,-0.0151226625741,0.574111141277,0.818762680825,0.00219473274063,0.0,0.818721275612,-0.574050084942,-0.0119465367098,0.0,-0.0085216559752,0.0086556808625,-0.999926227563,0.0,0.659051523028,0.25739666361,0.303471462068,1.0,-0.01042,-0.0136948571429,0.522
0.462972300303,0.532118825971,-0.124082554408,-1.38019148684,0.0782022517545,1.90301844954,0.156148110471,-0.0134388401508,-0.0546171982752,-0.00111493630624,-0.0929840019021,-0.00899521366972,0.0317377359578,-0.0117921738638,0.574127362941,0.818751290171,0.00220065125506,0.0,0.818709955965,-0.574066274223,-0.0119443587384,0.0,-0.00851630342568,0.00865944499775,-0.999926240574,0.0,0.658876160955,0.257157707519,0.303464326496,1.0,-0.01076,-0.0141417142857,0.539
0.462825154183,0.531009041469,-0.124082633342,-1.38198389426,0.078099535236,1.90365391877,0.155925629137,-0.0104114627133,-0.0608953231855,-0.000789054241306,-0.0993316897955,-0.0111629849486,0.0350899429297,-0.0115784429747,0.574135750501,0.818745508465,0.00216316126509,0.0,0.818703563987,-0.574074691298,-0.0119778974597,0.0,-0.00856519851715,0.00864809348728,-0.999925921183,0.0,0.658657583238,0.256889027379,0.30344842767,1.0,-0.01114,-0.0146411428571,0.558
0.462697313075,0.530035822567,-0.124086443702,-1.38353446034,0.0779919983965,1.90420311709,0.155724185781,-0.00808274128375,-0.0600416572579,-0.00162812549262,-0.100510886706,-0.0074695703538,0.0430423516179,-0.0141372506493,0.574133438094,0.818747214849,0.00213080762734,0.0,0.818704929229,-0.574072594566,-0.0119850709923,0.0,-0.00858967060935,0.00862569879379,-0.999925904695,0.0,0.658470311175,0.256651222917,0.303443765792,1.0,-0.01146,-0.0150617142857,0.574
0.462553648321,0.528998662156,-0.124088290682,-1.38517958614,0.0778999751244,1.90481695568,0.155489823179,-0.0101730921706,-0.0656113612064,0.000157955480144,-0.0967578282771,-0.00120746703849,0.0456943614548,-0.0143399153539,0.574125149446,0.818753006504,0.00213869477331,0.0,0.818710745641,-0.5740641957,-0.0119900412246,0.0,-0.00858929957645,0.0086349228515,-0.999925828269,0.0,0.658277849287,0.256400645063,0.303444493968,1.0,-0.0118,-0.0155085714286,0.591
0.462437370014,0.52804172277,-0.124084316252,-1.38670616029,0.0778062147037,1.90539690789,0.155290289087,-0.00657024684741,-0.0644581734791,0.00215384379115,-0.104890307448,-0.000881312743962,0.0376798858347,-0.0161616761274,0.574111804112,0.818762344938,0.00214611113178,0.0,0.818720169815,-0.574050810187,-0.0119874001832,0.0,-0.00858302029951,0.0086393387501,-0.999925844045,0.0,0.658095555832,0.256181948951,0.303441799185,1.0,-0.0121,-0.0159028571429,0.606
0.462280474237,0.52680961406,-0.124089724023,-1.38856647116,0.077673189653,1.90610667842,0.155033210834,-0.00708442923831,-0.0765039573323,-0.000632878494381,-0.105198927403,-0.0075715137867,0.0423844777371,-0.0189993026383,0.574097518053,0.81877221518,0.00220143507009,0.0,0.818730975168,-0.574036515326,-0.0119338289524,0.0,-0.00850754724719,0.00865373127526,-0.999926364576,0.0,0.657895627239,0.255910644642,0.303483404596,1.0,-0.01244,-0.0163497142857,0.623
0.462127964964,0.52571781189,-0.124095418524,-1.39027677042,0.0775776529192,1.9067295847,0.154796758569,-0.0132232719816,-0.0645124299501,-0.000689344692754,-0.107898883262,-0.00747381524193,0.0390411367805,-0.00472954269808,0.574100161124,0.81877033908,0.00220991905052,0.0,0.81872913288,-0.574039045535,-0.0119385122921,0.0,-0.00850648371124,0.00866339373564,-0.999926289955,0.0,0.657679844916,0.255632059473,0.303493462682,1.0,-0.01278,-0.0167965714286,0.64
0.461972432254,0.524547806353,-0.124098479718,-1.39211399652,0.0774656623225,1.90738975469,0.154545650152,-0.0112957708561,-0.0667539033054,0.000671385223381,-0.109055135982,-0.00841335108874,0.0414552734593,-0.0163768075601,0.574092665997,0.818775612376,0.00220325387718,0.0,0.818734281555,-0.574031540017,-0.0119463037864,0.0,-0.00851676895636,0.00866233164649,-0.999926211606,0.0,0.657457439177,0.255351979056,0.303499193757,1.0,-0.01312,-0.0172434285714,0.657
0.461825327566,0.523429921289,-0.124110561433,-1.39391208305,0.0773504195294,1.90803675701,0.154304574052,-0.0110644679694,-0.0711356930009,-0.00106363423856,-0.114998587258,-0.00979476953779,0.0432811012626,-0.0179546335012,0.574089686116,0.818777795158,0.00216826041911,0.0,0.818736059861,-0.574028755913,-0.0119582009651,0.0,-0.00854663013847,0.00864047918683,-0.999926145889,0.0,0.657239732738,0.255074772545,0.303485772588,1.0,-0.01344,-0.017664,0.673
0.461666428086,0.522198584905,-0.124111471674,-1.39585473014,0.0772376032805,1.90879838064,0.154043035929,-0.0146082968078,-0.0731651700213,-0.000819130207434,-0.115950321834,-0.011099722686,0.0509104238839,-0.016846385338,0.574080301263,0.818784260658,0.00221113134254,0.0,0.818743074407,-0.574019187493,-0.0119372275202,0.0,-0.00850494593932,0.00866344244247,-0.999926302614,0.0,0.65701362293,0.254788794345,0.303492572475,1.0,-0.01378,-0.0181108571429,0.69
0.461501603616,0.520943056349,-0.124111985043,-1.39785291009,0.0771051129112,1.90956810953,0.153769107652,-0.00887627149505,-0.0729875362472,0.000979458144501,-0.12245792286,-0.0143637094519,0.0456288940531,-0.0147838503457,0.574062551781,0.81879666593,0.00222562501353,0.0,0.818755778178,-0.574001493576,-0.011916709808,0.0,-0.0084800134443,0.00866334697739,-0.999926515196,0.0,0.656778498876,0.254490323835,0.303490259643,1.0,-0.01412,-0.0185577142857,0.707
0.461331858463,0.519651484085,-0.124126278144,-1.39990269981,0.0769735143501,1.91031630763,0.153492233906,-0.0101098158844,-0.0760082372931,-0.00103010241701,-0.124450585022,-0.00928498950143,0.0471383416188,-0.0192387434374,0.574058637422,0.818799454325,0.00220936633766,0.0,0.818758433281,-0.573997725258,-0.0119157975364,0.0,-0.0084886407012,0.0086494703478,-0.999926562124,0.0,0.656531459289,0.254173697712,0.303486906068,1.0,-0.01446,-0.0190045714286,0.724
0.46116034541,0.518294105794,-0.124127370975,-1.40196763808,0.0768433778939,1.9110511009,0.153217833269,-0.0111159874135,-0.0791650519066,-0.000248829469581,-0.125238669767,-0.00765929498045,0.0458752004619,-0.0208084944414,0.574049491551,0.818805805985,0.00223164434065,0.0,0.818765051721,-0.573988467134,-0.011906997066,0.0,-0.00846874326476,0.00866256478685,-0.999926617487,0.0,0.656276531262,0.253862064705,0.303520501637,1.0,-0.0148,-0.0194514285714,0.741
0.46097960511,0.516938001214,-0.12413335004,-1.40411047089,0.0766983239192,1.91181792207,0.152911134529,-0.0135387794727,-0.0744113128457,-5.59414549804e-05,-0.119883794842,-0.0125686158294,0.0414592234071,-0.0245032699881,0.574024749016,0.81882322204,0.00220578038086,0.0,0.818782210207,-0.573963912522,-0.0119107628612,0.0,-0.00848693428516,0.00864329280761,-0.999926630026,0.0,0.656013021768,0.253532098559,0.303518680214,1.0,-0.01514,-0.0198982857143,0.758
0.460784613809,0.515510874345,-0.124131260969,-1.40641140679,0.0765651169495,1.91269961977,0.152603435691,-0.00910603692443,-0.0733742179709,0.00134137550173,-0.128503647943,-0.00455023048267,0.0526259696127,-0.0285403947573,0.574016950243,0.818828667533,0.00221381138776,0.0,0.818787686269,-0.573956006951,-0.0119152759229,0.0,-0.00848610254678,0.00865237843571,-0.999926558509,0.0,0.655737154834,0.253189334991,0.303500775714,1.0,-0.0155,-0.0203714285714,0.776
0.460591541366,0.51403082135,-0.124137925026,-1.40878343229,0.0764307634636,1.91354506492,0.152279268839,-0.0128160567035,-0.0818652554465,-0.000301287610142,-0.132035885629,-0.0083937035016,0.04727804064,-0.018604074908,0.57400297154,0.818838561777,0.00217837367224,0.0,0.818796961772,-0.57394201435,-0.011951839096,0.0,-0.00853653091714,0.00864420332858,-0.999926199971,0.0,0.655439168975,0.252832464581,0.303482790916,1.0,-0.01586,-0.0208445714286,0.794
0.460414104653,0.512778211201,-0.124140166604,-1.41077800673,0.0763036415612,1.91424055059,0.152008968284,-0.0133413146251,-0.0910781825052,-0.000575653868877,-0.133483672649,-0.00763427787532,0.0392602298754,-0.0169717767522,0.573998651001,0.81884170146,0.00213623480357,0.0,0.818799507306,-0.573937822745,-0.0119787043667,0.0,-0.00858276195767,0.0086250742113,-0.999925969406,0.0,0.655188788457,0.252521333367,0.303471457937,1.0,-0.01616,-0.0212388571429,0.809
0.460200558266,0.511275995919,-0.124143690728,-1.41321848283,0.0761491178053,1.91515374564,0.151643690734,-0.0133669401023,-0.0806345579012,-0.000646031632058,-0.132290730262,-0.0143556390424,0.0562560165863,-0.017988298054,0.573963093391,0.818866696419,0.00210898599392,0.0,0.818824169012,-0.573902405138,-0.0119898506588,0.0,-0.00860790299399,0.00860878622315,-0.999925893657,0.0,0.654892357109,0.252146510468,0.303441283553,1.0,-0.01652,-0.021712,0.827
0.460015274841,0.509899565472,-0.124141810625,-1.41541950283,0.0760136557872,1.91598708924,0.151348150949,-0.00700763014814,-0.0816759426783,-0.000314959193187,-0.139569681181,-0.0025742667363,0.0511813407189,-0.0178798556496,0.573949931516,0.818875908189,0.00211423755812,0.0,0.818833431142,-0.573889204869,-0.0119891400669,0.0,-0.00860444551178,0.00861254033238,-0.999925891087,0.0,0.654623450552,0.25181783154,0.303429422826,1.0,-0.01684,-0.0221325714286,0.843
0.459821780688,0.508486597033,-0.124146887344,-1.41764336215,0.0758720976361,1.91678041665,0.15103450543,-0.0119954654607,-0.0873632851859,0.00187569424364,-0.138026123683,-0.00993890431291,0.0469559902498,-0.0249099410769,0.573932387484,0.81888825167,0.00209589497618,0.0,0.818845520505,-0.573871724907,-0.0120001584305,0.0,-0.00862417993391,0.00860365943801,-0.999925797529,0.0,0.654345166511,0.251473927474,0.303428525423,1.0,-0.01716,-0.0225531428571,0.859
0.45959444415,0.506875105166,-0.124150320422,-1.42017346453,0.0757078077547,1.91770004853,0.150681297489,-0.0106584242002,-0.0950672537697,0.000686568581007,-0.140276933661,-0.00996586981616,0.0505991302837,-0.0196992372512,0.573918369403,0.818898088769,0.0020910220284,0.0,0.818855320824,-0.573857755744,-0.0119994429824,0.0,-0.00862653780378,0.00859911082367,-0.999925816318,0.0,0.654032484089,0.251080088328,0.303431107459,1.0,-0.01752,-0.0230262857143,0.877
0.459366303482,0.505287351731,-0.124161324756,-1.42263118011,0.0755498714937,1.91862915076,0.150351500898,-0.0144899039598,-0.0869092026864,0.000352583206423,-0.148849963217,-0.0157714518325,0.0583781076645,-0.0216414574927,0.57392734329,0.818891689135,0.00213377390704,0.0,0.818849585935,-0.573866657841,-0.0119650128924,0.0,-0.00857371298789,0.00861445379696,-0.999926138588,0.0,0.653738907314,0.25069128141,0.303451995046,1.0,-0.01786,-0.0234731428571,0.894
0.45914150166,0.503628827232,-0.124162486536,-1.42511183343,0.0753963867906,1.91957822043,0.150007615136,-0.0130850954869,-0.0988358654633,0.000467659275644,-0.142582993581,-0.00852982370651,0.0505114671979,-0.0179932344311,0.573916984557,0.818898662922,0.0022408935187,0.0,0.818857991002,-0.573855900782,-0.0119055705725,0.0,-0.00846366880629,0.00866794961208,-0.999926613787,0.0,0.653441328623,0.250310754714,0.303512153295,1.0,-0.0182,-0.02392,0.911
0.458934813423,0.502130388876,-0.124173516196,-1.42731947817,0.0752609274025,1.92040053306,0.149688265793,-0.0179026228001,-0.09528085303,-0.00108574504237,-0.148194916433,-0.00846099855432,0.0552081593801,-0.0221433411552,0.573909200882,0.818903850839,0.0023364771673,0.0,0.818864461161,-0.573847780145,-0.0118518509727,0.0,-0.00836490521564,0.00871531223409,-0.999927033185,0.0,0.65317557214,0.249961002277,0.303579162012,1.0,-0.0185,-0.0243142857143,0.926
0.458718694779,0.500520377509,-0.124173947065,-1.42974673128,0.0750993718021,1.92125118013,0.149355775464,-0.0133796283603,-0.108397749932,-0.000643376686634,-0.155838063208,-0.00955259696916,0.0522977544425,-0.0261252459874,0.573889483241,0.818917598576,0.00236107375677,0.0,0.818878553883,-0.573827995823,-0.0118360509274,0.0,-0.00833806071378,0.00872618582002,-0.99992716256,0.0,0.652844494022,0.249560549029,0.303625011432,1.0,-0.01884,-0.0247611428571,0.943
0.458472980903,0.498823135083,-0.124172095609,-1.43236211558,0.0749374437386,1.92221076706,0.148980982915,-0.0115305658353,-0.105931242044,0.000340101690908,-0.158867324649,-0.00927874590053,0.0624774240842,-0.0195045706836,0.573876475916,0.81892660928,0.00239706174127,0.0,0.818887961099,-0.573814776714,-0.0118260768576,0.0,-0.00830937955557,0.00874980077368,-0.999927194949,0.0,0.652540847783,0.249176462177,0.30364320729,1.0,-0.01916,-0.0251817142857,0.959
0.458216199958,0.497163202859,-0.124177438273,-1.4350101339,0.0747719750339,1.92318729312,0.148585741355,-0.0181033084067,-0.10297094358,-0.00318901816038,-0.156058485432,-0.00353467420145,0.0562143697987,-0.0166178216987,0.573856673623,0.818940524361,0.00238382010162,0.0,0.818901684412,-0.573795007188,-0.0118350282517,0.0,-0.00832452044277,0.00874389258835,-0.999927120695,0.0,0.65221361588,0.24875320417,0.303624912152,1.0,-0.0195,-0.0256285714286,0.976
0.457947063278,0.495495003138,-0.124169620497,-1.43770283978,0.0746103146293,1.92411628577,0.148188732869,-0.0208834840724,-0.0965664455205,0.000431935621991,-0.156292508686,-0.00702572687925,0.0587466330748,-0.0192186542878,0.57383856904,0.818953426772,0.0023083243663,0.0,0.818913361579,-0.573776946888,-0.0119024513725,0.0,-0.00842325220487,0.00872057122809,-0.999926497529,0.0,0.651864921681,0.248322042833,0.303585989875,1.0,-0.01984,-0.0260754285714,0.993
0.457664131015,0.493782061521,-0.124182766883,-1.4404952534,0.0744279807411,1.92510958782,0.147812638882,-0.0186684544718,-0.104683846759,-0.00380154799432,-0.169984685056,-0.0169917688947,0.0659805404903,-0.0223654837757,0.573862834462,0.818936651822,0.00222585401856,0.0,0.818895526331,-0.573801554792,-0.0119431810741,0.0,-0.00850367394646,0.0086766566943,-0.999926198856,0.0,0.651514001021,0.24785954918,0.303536378885,1.0,-0.024012,-0.0315586285714,1.01
0.457347441017,0.491320589202,-0.124256757848,-1.44428059422,0.0742141628828,1.92653405835,0.147256428025,-0.0181074478752,-0.146887839213,-0.00407447396678,-0.232054026678,-0.00883592422972,0.0907457465386,-0.0394150525774,0.573852534358,0.818943649352,0.00230540630905,0.0,0.81890368877,-0.573791069637,-0.0118871284881,0.0,-0.00841222879378,0.00870953222518,-0.99992668654,0.0,0.651049699301,0.247255648029,0.303573322672,1.0,-0.032076,-0.0421570285714,1.028
0.456916602683,0.488434135465,-0.124266244458,-1.44895714956,0.073959810133,1.92823924485,0.146574682291,-0.0264770684167,-0.186873175438,-0.000809512840681,-0.295547835358,-0.0148312390411,0.106924861484,-0.0500695617107,0.573819048474,0.818967270446,0.0022486546559,0.0,0.818926138788,-0.573757371572,-0.0119668156651,0.0,-0.00851041202802,0.00870843651742,-0.999925865262,0.0,0.650448533235,0.246528095796,0.303502731948,1.0,-0.039692,-0.0521666285714,1.045
0.456505164043,0.485692221058,-0.124326043316,-1.45320244041,0.0737023755144,1.92985885718,0.145931508847,-0.034553152919,-0.220853863673,-0.00830813147465,-0.34145718203,-0.0197943954939,0.129573115371,-0.057141609559,0.573813630562,0.81897082327,0.00233557610907,0.0,0.818931036822,-0.573751824659,-0.011897374999,0.0,-0.00840372374119,0.0087397199736,-0.99992649466,0.0,0.649934940863,0.245826807095,0.303528914921,1.0,-0.045516,-0.0598210285714,1.058
0.455693132769,0.480533261821,-0.124445429029,-1.46131114251,0.0732148743534,1.93272001271,0.144698328541,-0.0439213684449,-0.268549453409,-0.00598099105737,-0.414535187484,-0.0210188769717,0.147281145391,-0.0646058349408,0.573821128753,0.818965812333,0.00224885041913,0.0,0.818924874012,-0.573759646085,-0.0119442935999,0.0,-0.00849183198425,0.00869569500086,-0.999926134111,0.0,0.648903796556,0.244452687674,0.303500029605,1.0,-0.054924,-0.0721858285714,1.079
0.4549066789,0.475599599433,-0.124550417343,-1.46895600118,0.0727586391929,1.93545231152,0.143584863705,-0.0484420157272,-0.303015411258,-0.00723003117697,-0.470230717135,-0.0283335415713,0.168740746207,-0.0716049071079,0.573877190514,0.818926497173,0.00226038419945,0.0,0.818885679867,-0.573815624023,-0.0119423547599,0.0,-0.00848303030624,0.00870460884038,-0.999926131263,0.0,0.647933005362,0.243153066873,0.303518021731,1.0,-0.06254,-0.0821954285714,1.096
0.454102994766,0.47076544245,-0.124607330844,-1.47644527229,0.0723082669093,1.93814510252,0.142477127927,-0.0582597429825,-0.335201333429,-0.00325892834255,-0.516060924263,-0.0315223355689,0.185566152969,-0.0753553169831,0.573907290876,0.818905306974,0.00229490526724,0.0,0.818864742106,-0.573845377954,-0.011948357115,0.0,-0.00846781530229,0.00873663447937,-0.999925980922,0.0,0.646973204992,0.241887222747,0.303530741309,1.0,-0.06926,-0.0910274285714,1.111
0.45303167955,0.464267019182,-0.124661700766,-1.48623698659,0.0716953381826,1.94180120124,0.14088457511,-0.065471861267,-0.363794649571,-0.000481642932933,-0.565178341588,-0.0377683776936,0.200096073157,-0.0851602529513,0.573818033701,0.818966947154,0.00259818582396,0.0,0.81893044026,-0.573755079675,-0.0117808939943,0.0,-0.00815759753389,0.00888799400918,-0.999927225934,0.0,0.645736960398,0.240240140037,0.303672358712,1.0,-0.077324,-0.101625828571,1.129
0.451879066879,0.457560878397,-0.12471961604,-1.49665096768,0.071015689871,1.94534182136,0.139316791081,-0.0686392004515,-0.408300711119,-0.00402897458015,-0.631669876702,-0.0404019355342,0.20874985794,-0.0942834676054,0.573819284034,0.818966533884,0.00244796858088,0.0,0.818927760448,-0.573756563561,-0.0118943616613,0.0,-0.00833670660928,0.00883009352678,-0.999926261667,0.0,0.644332797564,0.238453314493,0.30364133086,1.0,-0.08494,-0.111635428571,1.146
0.450687960331,0.450633594706,-0.124828827316,-1.50711194162,0.0702955736525,1.94907839699,0.137645507611,-0.0744344447417,-0.451181850929,-0.00540964738344,-0.661438505315,-0.0504673915302,0.255702851654,-0.105374996721,0.573787678058,0.818988276034,0.00257897827306,0.0,0.818951737172,-0.57372503529,-0.0117636289452,0.0,-0.00815480679432,0.00886205469687,-0.999927478927,0.0,0.642964998009,0.236618293177,0.303746709243,1.0,-0.092108,-0.121056228571,1.162
0.449206503815,0.442314192627,-0.124877785739,-1.51968884082,0.0694802202133,1.95365371143,0.135724133828,-0.085052726026,-0.468281692168,-0.00280228504837,-0.723353110782,-0.0530166345958,0.256272061631,-0.108069258609,0.573806825388,0.818973992582,0.00284139291567,0.0,0.818940836251,-0.573743229544,-0.0116344391074,0.0,-0.00789822516469,0.00900302659601,-0.999928279204,0.0,0.641302229483,0.2344464499,0.303856931843,1.0,-0.100172,-0.131654628571,1.18
0.447749192233,0.434415677729,-0.124910547594,-1.53174850771,0.0686598577853,1.95776500387,0.133753915671,-0.0915869808982,-0.51219311202,-0.00133259533141,-0.768042874332,-0.0495302353972,0.268280332,-0.122198376227,0.573715362308,0.819038244521,0.00278997577022,0.0,0.819004122327,-0.573651616162,-0.0116969135461,0.0,-0.00797989906528,0.00899587384847,-0.999927695118,0.0,0.639631232686,0.232329362968,0.303869220752,1.0,-0.10734,-0.141075428571,1.196
0.446065696554,0.42550370894,-0.124959459437,-1.54520836012,0.067707877394,1.9625647403,0.131547457613,-0.106088335369,-0.532616780251,-0.00312386575892,-0.785785174907,-0.0539330196023,0.283685983953,-0.132383675166,0.573639377948,0.819090851349,0.00296449066176,0.0,0.819059333617,-0.573575446305,-0.0115655658282,0.0,-0.00777303976126,0.00906273221892,-0.999928720828,0.0,0.637798134773,0.229938024013,0.303948916533,1.0,-0.114956,-0.151085028571,1.213
0.444205770652,0.416085463461,-0.125065605283,-1.55951646672,0.0666797006418,1.96743562165,0.129216404372,-0.1132765704,-0.573235123468,-0.00770117323894,-0.858624900975,-0.0637446466983,0.306411728424,-0.126975002442,0.573646627174,0.819086000156,0.00290144493972,0.0,0.819053882294,-0.573583150749,-0.0115695279575,0.0,-0.00781236886049,0.00901343396951,-0.99992885992,0.0,0.635794206853,0.227309358382,0.303956650542,1.0,-0.122572,-0.161094628571,1.23
0.442318022303,0.406771445584,-0.125158251893,-1.57364263524,0.0657237696363,1.97233297186,0.126847793166,-0.121613678592,-0.585015857637,-0.00323060588853,-0.92215500137,-0.0617357345911,0.304137394695,-0.147142157786,0.573636018581,0.819093209675,0.00296292969538,0.0,0.819061668306,-0.573572088444,-0.0115667528257,0.0,-0.00777494461597,0.00906210265175,-0.999928711725,0.0,0.63380385976,0.224711914124,0.303960933119,1.0,-0.12974,-0.170515428571,1.246
0.440202418872,0.396939310842,-0.125264710822,-1.58834088698,0.0647238381032,1.97732653031,0.124355002658,-0.137660084906,-0.630980877408,-0.00541888826163,-0.922445944669,-0.0627190874663,0.333328209613,-0.156816553777,0.573714732269,0.819037691121,0.00306812656055,0.0,0.819007191436,-0.573650076523,-0.0115566856497,0.0,-0.00770547844966,0.00914323456637,-0.999928510876,0.0,0.631713741388,0.221911830078,0.304028055046,1.0,-0.136908,-0.179936228571,1.262
0.437693095921,0.385502422474,-0.125406721381,-1.60570406542,0.0633859243979,1.98313084512,0.121357077378,-0.137808257047,-0.644375042529,-0.00765771684085,-0.96906040858,-0.072013778297,0.306325241814,-0.183692577086,0.573691011501,0.819055070356,0.00285691224421,0.0,0.819022312408,-0.573627603715,-0.0116004713358,0.0,-0.00786277252414,0.0089951341913,-0.999928629638,0.0,0.629034711468,0.218385386462,0.303942417014,1.0,-0.14542,-0.191123428571,1.281
0.435106787475,0.374091719652,-0.125516247607,-1.62256343708,0.0621471491842,1.98876936305,0.118295202258,-0.160657612662,-0.675723345932,-0.00626599120157,-1.01055535532,-0.0747273083033,0.333583420463,-0.189526320554,0.57368245041,0.819060520288,0.0030095013848,0.0,0.819029782424,-0.573618600245,-0.0115179796894,0.0,-0.00770776486363,0.00907270875413,-0.999929135647,0.0,0.626704370208,0.215277216132,0.304045263312,1.0,-0.152588,-0.200544228571,1.297
0.432463926443,0.36299678141,-0.125662313958,-1.63898794632,0.0608828727433,1.99423285487,0.115410348661,-0.168919638687,-0.701826511539,-0.00648440543899,-1.02221805288,-0.0844628042299,0.347598692197,-0.188291096043,0.573824150695,0.818961066346,0.00305986776939,0.0,0.818931389671,-0.573760611962,-0.0114405451266,0.0,-0.00761387602325,0.00907085749745,-0.999929871759,0.0,0.624269737539,0.211973824696,0.304090257274,1.0,-0.159756,-0.209965028571,1.313
0.429465634804,0.350839668977,-0.125798831085,-1.65718947326,0.059509974676,2.00009202668,0.11201879163,-0.178215623879,-0.728336962187,-0.00604407137908,-1.08746560274,-0.0724224026447,0.339029526119,-0.206122871755,0.573853890467,0.818940889714,0.00287722985761,0.0,0.818908404834,-0.573790405571,-0.0115905938972,0.0,-0.00784123535962,0.0090076685393,-0.999928685925,0.0,0.621313756259,0.208073270871,0.304000347982,1.0,-0.16782,-0.220563428571,1.331
0.426066343978,0.337379277095,-0.12595077197,-1.67673716543,0.0580098142954,2.00650262081,0.108292098038,-0.193081453337,-0.745126015645,-0.0103772201216,-1.1084665696,-0.0936253162368,0.358364913965,-0.217478677946,0.573906173726,0.81890340952,0.00310749689608,0.0,0.818874039827,-0.573842111122,-0.0114579797733,0.0,-0.0075999124453,0.00912062946776,-0.999929525241,0.0,0.618484034025,0.204263885933,0.304125103239,1.0,-0.175436,-0.230573028571,1.348
0.422905129626,0.325101803287,-0.126001469283,-1.69469967976,0.0565155853624,2.01224545927,0.104784397653,-0.198791915644,-0.769197369199,-0.00192585836245,-1.13246918712,-0.103452216054,0.369813756906,-0.222882279555,0.573789078765,0.81898553824,0.00308676948501,0.0,0.818956149005,-0.573725391538,-0.0114345096981,0.0,-0.00759388625407,0.00908910062947,-0.999929858111,0.0,0.615632420019,0.200586167939,0.304128557447,1.0,-0.182604,-0.239993828571,1.364
0.419758938419,0.313260896426,-0.126038740687,-1.71203798123,0.055108088176,2.01761068037,0.101375137536,-0.215238184465,-0.794712128558,-0.00558045597231,-1.15498656264,-0.0980302772837,0.354500607395,-0.242371836449,0.573710609184,0.819041018606,0.00294849975997,0.0,0.819009346668,-0.573646781789,-0.011567485212,0.0,-0.00778299731914,0.00905141211748,-0.999928745907,0.0,0.612801538933,0.197003065121,0.304072914723,1.0,-0.189324,-0.248825828571,1.379
0.415947254496,0.299410501566,-0.126160490828,-1.73198045422,0.0534001772149,2.02386800839,0.0972427817652,-0.231148857257,-0.843783572904,-0.00679951427427,-1.19957120836,-0.114464432924,0.361880118177,-0.235745415068,0.573603155029,0.8191160791,0.00300273227576,0.0,0.819085589097,-0.573539731168,-0.0114769946406,0.0,-0.00767895243132,0.00904290917514,-0.999929627265,0.0,0.609555547566,0.192742056518,0.304119679453,1.0,-0.19694,-0.258835428571,1.396
0.411353580009,0.28343077381,-0.126318649928,-1.75475849371,0.0515647604848,2.03081923006,0.0925250053976,-0.251468488483,-0.839255597903,-0.00822948671247,-1.20873198213,-0.109674194643,0.369597373293,-0.252281441097,0.573692761742,0.819052868017,0.00312432680936,0.0,0.819023252454,-0.57362811906,-0.0115082520232,0.0,-0.007633812089,0.00916127357404,-0.999928895462,0.0,0.605764306261,0.187768363521,0.304195502865,1.0,-0.205452,-0.270022628571,1.415
