position_joint1,position_joint2,position_joint3,position_joint4,position_joint5,position_joint6,position_joint7,velocity_joint1,velocity_joint2,velocity_joint3,velocity_joint4,velocity_joint5,velocity_joint6,velocity_joint7,ee_T_00,ee_T_10,ee_T_20,ee_T_30,ee_T_01,ee_T_11,ee_T_21,ee_T_31,ee_T_02,ee_T_12,ee_T_22,ee_T_32,ee_T_03,ee_T_13,ee_T_23,ee_T_33,v_x,v_y,time
0.46506408031,0.547849861361,-0.124000945389,-1.35586612761,0.0794889944724,1.8941026255,0.159170754591,-4.64101376397e-05,0.000332001332365,0.00049269707966,-0.00162105743795,-0.00010113918465,-0.000346042725872,0.000912774276238,0.57383078938,0.818960044007,0.00184888662531,0.0,0.818915708587,-0.573772762663,-0.0119426109895,0.0,-0.00871984831875,0.0083672812883,-0.999926973758,0.0,0.661674039491,0.260870428923,0.303150535327,1.0,0.0,0.0,0.0
0.465058483461,0.547849602641,-0.124000954306,-1.35586651888,0.0794898379828,1.89409808445,0.159174059492,-0.00200552885705,0.000144703822263,0.00055993128177,-0.0001080399821,0.000192341118662,-0.000161541890371,0.00223708321898,0.573838297961,0.818954790381,0.00184553699041,0.0,0.818910397726,-0.573780271524,-0.0119460205802,0.0,-0.00872448603806,0.00836657463046,-0.999926939217,0.0,0.661674465068,0.260866504775,0.303150139919,1.0,-0.00024,-0.000315428571429,0.013
0.465060605837,0.547843504099,-0.123997821159,-1.35586464216,0.0794894067545,1.89409758047,0.159162145163,0.000134342247767,-0.000731722752468,0.000630667811212,0.00114168208042,0.000162192921873,-0.000549667965684,-0.00145043956278,0.573824383778,0.818964523597,0.00185272041625,0.0,0.818920212528,-0.573766316992,-0.0119434458614,0.0,-0.00871839773651,0.00837083182309,-0.99992695669,0.0,0.661673708779,0.260869922962,0.303155204932,1.0,-0.00056,-0.000736,0.029
0.465057494754,0.547817639612,-0.123998115374,-1.35589684952,0.0794880814839,1.89410071392,0.159168102695,-0.000302558838605,-0.00409365082804,0.00131006150362,-0.00734669532975,-0.000564509082661,0.000818016993435,0.00143687573206,0.573833398863,0.818958211638,0.00185063259851,0.0,0.818913858383,-0.573775325461,-0.0119463526651,0.0,-0.00872188421597,0.00837088600101,-0.999926925832,0.0,0.66166858745,0.260864208405,0.303158478445,1.0,-0.00092,-0.00120914285714,0.047
0.46505739893,0.547736799786,-0.123998141661,-1.35598457028,0.0794864109029,1.8941222452,0.159169110987,-0.000518294606982,-0.00239347600774,0.000855965279939,-0.00628039268501,0.000262697053859,-0.00192784685333,0.000248163466644,0.573838676062,0.818954478921,0.00186606858491,0.0,0.818910279878,-0.573780491412,-0.0119435374303,0.0,-0.00871066743037,0.00838196783249,-0.999926930775,0.0,0.661655036688,0.260855974472,0.303175863281,1.0,-0.00126,-0.001656,0.064
0.465061558459,0.547614752647,-0.124001164036,-1.3561482531,0.0794834732877,1.89414736083,0.159154874835,-0.000804099855349,-0.0104258365432,-0.00464404574217,-0.00973681126521,0.000392689909016,0.00128176733044,-0.00156298012125,0.573833836754,0.818957890669,0.00185688133884,0.0,0.818913474855,-0.573775598456,-0.0119595241502,0.0,-0.00872908153184,0.00838356618805,-0.999926756795,0.0,0.661625515707,0.260840377459,0.303186692042,1.0,-0.00156,-0.00205028571429,0.079
0.465035342086,0.547448084355,-0.124003076254,-1.35637940232,0.07948094863,1.89425154508,0.159157123999,-0.000538649182174,-0.0135715579071,0.000548512153263,-0.00971625669632,0.000800218829065,0.00916313589011,-0.00386901072812,0.573870865025,0.818931855017,0.0018957885132,0.0,0.818887878525,-0.57381239176,-0.0119468978264,0.0,-0.00869603568326,0.00840857671486,-0.999926834724,0.0,0.661605120036,0.260803350835,0.303203844638,1.0,-0.00192,-0.00252342857143,0.097
0.465010669591,0.547252198663,-0.124003061578,-1.3566185219,0.0794787435517,1.89438619162,0.159145118427,-0.00211373403339,-0.010451161502,-0.000950189121012,-0.0169079441236,0.000377204863897,0.00879253607804,0.000899721978637,0.573894286662,0.818915243966,0.0019793529786,0.0,0.818872309183,-0.573835415541,-0.0119081495431,0.0,-0.00861610823609,0.0084550191171,-0.999927135011,0.0,0.661588878979,0.260770029223,0.303240474483,1.0,-0.00228,-0.00299657142857,0.115
0.464988727427,0.547048772726,-0.123998862419,-1.35687495699,0.0794739512846,1.89450286365,0.159127016573,-0.00088866822635,-0.0147254041982,-3.99411455256e-05,-0.0235716330544,-6.75429660771e-05,0.00966614854493,-0.00100104060959,0.573907667437,0.818905716715,0.0020404140136,0.0,0.818863490266,-0.573848458523,-0.0118860363636,0.0,-0.00856281955156,0.00849247145164,-0.999927275381,0.0,0.661563737126,0.260737333517,0.30327249132,1.0,-0.0026,-0.00341714285714,0.131
0.464948057336,0.546821824676,-0.124004410981,-1.35723129332,0.0794659389035,1.89463721032,0.159105949914,-0.00124683734343,-0.00669374812305,-0.00175365278999,-0.021200456839,0.000371574630498,0.00947864660381,0.000933459406416,0.57394544222,0.818879217794,0.00205010267122,0.0,0.818837027104,-0.573886099458,-0.0118917952282,0.0,-0.00856158338615,0.00850410537797,-0.99992718709,0.0,0.661527099803,0.260675723218,0.303275461433,1.0,-0.00294,-0.003864,0.148
0.464903322739,0.546515062546,-0.124001318084,-1.35765978235,0.0794539932559,1.89479796465,0.158971951641,-0.0018443303352,-0.0198621836995,0.000256040738432,-0.0248487510549,-0.000826370261791,0.00364313208144,-0.0150616299984,0.573890953318,0.818917296513,0.00209333996914,0.0,0.818875523317,-0.573831296708,-0.0118855850359,0.0,-0.00853225144844,0.00853537892222,-0.999927171344,0.0,0.661480554452,0.260610073511,0.303302598609,1.0,-0.0033,-0.00433714285714,0.166
0.46486681977,0.546260788771,-0.123998813075,-1.35807949177,0.0794416189655,1.89494156701,0.158930938285,0.00108542510634,-0.0193214564988,0.00112573315074,-0.0277867605906,0.000461793709571,0.0101354758665,0.000368417745569,0.573905651384,0.818907024355,0.00208222797155,0.0,0.81886495737,-0.573845889156,-0.0119089878301,0.0,-0.0085576405864,0.00853986335597,-0.99992691609,0.0,0.661429190489,0.260548638235,0.303295257545,1.0,-0.0036,-0.00473142857143,0.181
0.464822656907,0.545939921777,-0.124004840935,-1.35862334376,0.079405113548,1.89512852446,0.158895554505,-0.00109559023756,-0.0215381676538,-0.00288987455447,-0.0309816423207,0.00062465740561,0.00779819271513,-0.00454343353458,0.573937723784,0.818884634872,0.00204716599492,0.0,0.818842151354,-0.573878141309,-0.0119229608106,0.0,-0.00858887095627,0.00851950682277,-0.999926821972,0.0,0.661364993147,0.260462368405,0.303279969158,1.0,-0.00394,-0.00517828571429,0.198
0.464756033948,0.545591289724,-0.12399957466,-1.35922604511,0.0793065670738,1.89533417457,0.158799751275,-0.00153904478473,-0.0224866219079,0.000612341858706,-0.0374856457334,-0.00442213585692,0.0145538194504,-0.00452870237345,0.573917579345,0.818898936523,0.00197250637112,0.0,0.818855986695,-0.573858806349,-0.0119033747833,0.0,-0.00861588668192,0.00844691732178,-0.999927205393,0.0,0.661298410379,0.260352386845,0.303257441434,1.0,-0.00428,-0.00562514285714,0.215
0.46470245147,0.545239543134,-0.124009823956,-1.35983240815,0.0792934093375,1.89552642989,0.158709310908,-0.00242271842853,-0.0229856091514,-0.000582870125926,-0.036694209546,-0.000522061765843,0.00841289840065,-0.00274144623546,0.573923954258,0.818894579087,0.00192612893929,0.0,0.818850781184,-0.573865136141,-0.0119561941197,0.0,-0.00868569153165,0.00843932087673,-0.999926665624,0.0,0.661217881989,0.260249354491,0.303232523043,1.0,-0.0046,-0.00604571428571,0.231
0.464632395392,0.544781838021,-0.124004885091,-1.36058477759,0.0792731989572,1.89577835137,0.158643631125,-0.00479374560588,-0.0224066483683,-0.000553761956232,-0.0385679167241,-0.00151036288558,0.0111982471316,-0.000445497827035,0.573961369017,0.818868397102,0.00190840361426,0.0,0.818824098177,-0.573902359892,-0.0119968519449,0.0,-0.00872877364051,0.00844853909516,-0.999926212627,0.0,0.661131265241,0.260141638322,0.303222415975,1.0,-0.00494,-0.00649257142857,0.248
0.464570291644,0.544334899639,-0.124012733182,-1.36133550235,0.0792419516014,1.89606212937,0.158527798816,-0.00392978858773,-0.024821791103,-3.43763962436e-05,-0.046842579112,0.000226927955078,0.0160677572553,-0.0070854736499,0.573956520495,0.818871824594,0.00189588187439,0.0,0.81882726937,-0.573897475908,-0.0120140327747,0.0,-0.00875007958281,0.00844809487877,-0.999926030164,0.0,0.661046653579,0.260026989981,0.303206262014,1.0,-0.00528,-0.00693942857143,0.265
0.464507875055,0.543855671742,-0.124006152661,-1.36211122258,0.079209581494,1.89632620794,0.158460231812,-0.00811067566764,-0.0274278172661,0.00170462066797,-0.0526846565204,-0.00153543660515,0.0168319039198,-0.00430615319549,0.573982173526,0.818853885599,0.00187760885084,0.0,0.818808885543,-0.573923006117,-0.0120473609914,0.0,-0.0087875946315,0.00845253599527,-0.999925663645,0.0,0.660949945596,0.259916436642,0.303198823461,1.0,-0.0056,-0.00736,0.281
0.464422736654,0.543319852176,-0.124014034153,-1.36296328491,0.0791573990668,1.89662255976,0.158325638285,-0.00630161478621,-0.0332593792643,-0.000262257445249,-0.0458946917421,-0.00284995627202,0.0156283949368,-0.00801440012913,0.573980617382,0.818855019367,0.00185877053724,0.0,0.818809783467,-0.573921542219,-0.0120560680367,0.0,-0.00880555290654,0.00844209141247,-0.999925593897,0.0,0.660853805937,0.259773160897,0.303198275924,1.0,-0.00594,-0.00780685714286,0.298
0.464351048518,0.542760462683,-0.124023200522,-1.36385873276,0.0790997232118,1.896939916,0.158236641852,-0.00379404442714,-0.0328577679243,-2.31794270402e-05,-0.052446140618,-0.00510227330502,0.0185169960758,-0.000215584504854,0.574007221327,0.818836417226,0.00183809426158,0.0,0.8187909648,-0.573948284777,-0.0120610639769,0.0,-0.00882123720225,0.00842831506465,-0.99992557187,0.0,0.660749453826,0.259633731973,0.303195543867,1.0,-0.00628,-0.00825371428571,0.315
0.464264031053,0.542124620378,-0.124025660125,-1.36484110368,0.0790526488763,1.89730488859,0.158096530198,-0.00115226555867,-0.0345593869886,-0.000333290478815,-0.0573110590059,-0.00374583567371,0.0201767001159,-0.00516446665564,0.574007510926,0.818836165102,0.00185984504998,0.0,0.818790887999,-0.573948374747,-0.0120619963788,0.0,-0.00880951342502,0.00844666332265,-0.999925520402,0.0,0.660638284353,0.259483704598,0.303209365183,1.0,-0.00664,-0.00872685714286,0.333
0.464175269082,0.541490081087,-0.124026868828,-1.36580175062,0.0789889968305,1.89766367254,0.157960647854,-0.00345196336704,-0.0368947658713,0.00137101489161,-0.052293547607,-0.00042019843891,0.0267505897027,-0.00557077001877,0.574006099485,0.818837098323,0.00188442697433,0.0,0.818792197788,-0.57394690952,-0.0120427901728,0.0,-0.00877969135893,0.00845575191731,-0.99992570588,0.0,0.660531783587,0.259332722377,0.303231901294,1.0,-0.00698,-0.00917371428571,0.35
0.464092085581,0.540848754675,-0.12403219809,-1.36679141542,0.0789327931788,1.89803793,0.157837961336,-0.00314304421766,-0.0384953281334,-0.00109049161555,-0.0597287554639,-0.0040622630838,0.024433650804,-0.0101015843854,0.574017405662,0.818829121263,0.0019065856742,0.0,0.818784507505,-0.573958115785,-0.0120315624502,0.0,-0.00875766199953,0.00846757210301,-0.999925799037,0.0,0.660420762408,0.25918194049,0.303246830177,1.0,-0.0073,-0.00959428571429,0.366
0.463999260162,0.540175175191,-0.124030104563,-1.36782952046,0.0788734297358,1.89841886267,0.157709437451,-0.00553031518895,-0.0401864392547,0.00104426991666,-0.0650134801661,-0.00497426341895,0.0213922177125,-0.0157978759717,0.574028306532,0.818821441424,0.00192282748398,0.0,0.818776984961,-0.573968892186,-0.0120294057695,0.0,-0.00874646060729,0.00847974957385,-0.999925793884,0.0,0.660301526454,0.259023720393,0.3032617359,1.0,-0.00762,-0.0100148571429,0.382
0.463906011219,0.53942930618,-0.124037870183,-1.36897181033,0.0788035469666,1.89885266721,0.157571385449,-0.00150137488677,-0.0484779072374,-0.00115231003212,-0.0650189361522,-0.00074937210282,0.0223443145843,-0.01207940485,0.574041629975,0.818812032737,0.00195166629129,0.0,0.818768007143,-0.573982143172,-0.0120081930388,0.0,-0.00871239909167,0.00849132810937,-0.999925992986,0.0,0.660173409572,0.258849981566,0.303282924993,1.0,-0.00796,-0.0104617142857,0.399
0.463795067167,0.53866574691,-0.124033567755,-1.37015692353,0.0787369031331,1.89931385225,0.157420101917,-0.00507071471117,-0.0481658097191,0.000487856731564,-0.0717836605912,-0.00387129598927,0.0266109682731,-0.00933701287813,0.574053378312,0.81880370906,0.00198790825617,0.0,0.818760110399,-0.573993691006,-0.0119946324,0.0,-0.00868036982463,0.00851334314237,-0.999926084352,0.0,0.660042714497,0.258669099778,0.303298095281,1.0,-0.0083,-0.0109085714286,0.416
0.463693055915,0.537933711198,-0.12404497439,-1.37130033634,0.0786749572179,1.89975630801,0.157279171153,-0.00713610906916,-0.0499316406278,-0.00254595227902,-0.0715025469818,-0.00319022711089,0.0270469840003,-0.0124706140622,0.574076173838,0.818787662637,0.0020142110569,0.0,0.818744416057,-0.574016381537,-0.0119800585874,0.0,-0.00865310062548,0.00852675441824,-0.999926206432,0.0,0.659917888254,0.25848903607,0.303309618852,1.0,-0.00862,-0.0113291428571,0.432
0.463575089858,0.537114744919,-0.124046065607,-1.37258287577,0.0786023051058,1.90023154866,0.157124076981,-0.00797754830055,-0.0513410515534,0.000705685333631,-0.0768385519948,-0.000281927042634,0.0295924306912,-0.0091017847184,0.574097762,0.818772497317,0.00202588355193,0.0,0.818729352437,-0.574037868125,-0.0119799965714,0.0,-0.00864612430008,0.00853650390314,-0.999926183593,0.0,0.659771750862,0.258289566586,0.303318673251,1.0,-0.00896,-0.011776,0.449
0.463454526015,0.536213621477,-0.124062069381,-1.37397789297,0.0785178763927,1.90075715341,0.156955781563,-0.0114394631272,-0.0448156689333,-0.00215823545892,-0.0730825973407,-0.00287494057878,0.0272735886517,-0.00917522165906,0.574124101176,0.81875397314,0.00204812540842,0.0,0.818711199975,-0.57406419189,-0.0119591607209,0.0,-0.00861602078331,0.00854303009036,-0.999926387702,0.0,0.659616163292,0.258068984814,0.303336870621,1.0,-0.00932,-0.0122491428571,0.467
0.463351343307,0.535367993192,-0.124060510456,-1.37531224695,0.078439362699,1.90123357518,0.156788688885,-0.00470939034554,-0.0520631869516,-0.00102736392749,-0.0855999366647,-0.0156726092528,0.0317761992228,-0.00865496314706,0.574120633451,0.818756434144,0.00203634328635,0.0,0.818713433426,-0.574060700542,-0.0119738432962,0.0,-0.00863484283417,0.00854177655733,-0.999926236051,0.0,0.659461981594,0.25789036184,0.303337343665,1.0,-0.00962,-0.0126434285714,0.482
0.463232170835,0.534480114924,-0.124061381833,-1.37677205752,0.0783652032934,1.90177022469,0.156616011824,-0.0106655906693,-0.0561391964536,0.000285623308619,-0.0879285553428,-0.0101255236246,0.0367592084016,-0.0156177693561,0.574139862731,0.818743003077,0.00201490387609,0.0,0.818699575184,-0.574079872009,-0.012002210137,0.0,-0.00867017673959,0.0085407126631,-0.999925939389,0.0,0.659280350969,0.25765786653,0.303317944064,1.0,-0.00998,-0.0131165714286,0.5
0.463104425289,0.533557060549,-0.124058863905,-1.3782513938,0.0782767663156,1.90231370559,0.15642445623,-0.00928671615291,-0.0607349974842,0.000768159163778,-0.0927889264467,-0.00231825955803,0.0326240497625,-0.0115177755501,0.574143101132,0.818740758396,0.00200421192495,0.0,0.818697141326,-0.574083106476,-0.0120135150806,0.0,-0.00868553746372,0.00853848376973,-0.999925825116,0.0,0.659106083549,0.257434204531,0.303311903018,1.0,-0.01032,-0.0135634285714,0.517
0.462986951264,0.532676976057,-0.12405887366,-1.37968814298,0.0782051023241,1.90286522266,0.156254063083,-0.00926428082492,-0.0505902542809,-0.00115901298883,-0.0884011989306,-0.00330482485121,0.0320847185176,-0.0072818891727,0.574159298258,0.818729396365,0.00200565540259,0.0,0.818685664803,-0.574099164355,-0.0120282431759,0.0,-0.0086965986206,0.00854829356893,-0.99992564516,0.0,0.658938841894,0.257223593882,0.303296467345,1.0,-0.01064,-0.013984,0.533
0.462843108319,0.531630070494,-0.12405635925,-1.38135021051,0.0781021815566,1.90345808305,0.156033423133,-0.00752739040974,-0.0622317924858,0.000455735040877,-0.0925397820767,-0.00346040867942,0.0307870671952,-0.0120056197028,0.574157511876,0.818730696984,0.00198601971295,0.0,0.81868666051,-0.574097414654,-0.0120439732647,0.0,-0.00872076974466,0.00854123001442,-0.999925495007,0.0,0.658739240101,0.256970326282,0.303294639315,1.0,-0.011,-0.0144571428571,0.551
0.462691767425,0.530565046407,-0.124066603116,-1.38309680561,0.0779881535634,1.90406636455,0.155816113265,-0.00720243305249,-0.0576312886728,-0.00186553610662,-0.0938631046844,-0.00947551647274,0.0299042650952,-0.00452427428844,0.574174925825,0.818718651293,0.00191611081453,0.0,0.818673741685,-0.574115168362,-0.0120758036537,0.0,-0.00878678657066,0.00850245697582,-0.99992524751,0.0,0.658528397309,0.25669419904,0.303266861872,1.0,-0.01136,-0.0149302857143,0.569
0.462571013191,0.5296393585,-0.1240669751,-1.38454820485,0.0778961566318,1.90460704696,0.155610043632,-0.0101903848176,-0.0565097981613,-0.000505949217057,-0.0977426482185,-0.00520892094624,0.0368734286849,-0.0180783883902,0.574159446856,0.818729483281,0.0019260564464,0.0,0.81868472635,-0.574099669957,-0.0120679202232,0.0,-0.00877478266015,0.00850590715986,-0.999925323578,0.0,0.658357605287,0.256476153357,0.303275000258,1.0,-0.01166,-0.0153245714286,0.584
0.462422515289,0.52842233995,-0.124071256505,-1.38643916354,0.0777767723517,1.90532760356,0.155354087515,-0.00530910699888,-0.064000232594,-0.000249234618357,-0.103345578854,-0.0103064666487,0.0438078319465,-0.015251340275,0.574144978639,0.818739546591,0.00196093159762,0.0,0.818695314989,-0.574085120395,-0.0120417048933,0.0,-0.00873344649814,0.00851925393278,-0.999925571843,0.0,0.658136631533,0.256197013315,0.303294564639,1.0,-0.01204,-0.015824,0.603
0.462293795191,0.527431001816,-0.124069814519,-1.38796636504,0.0776793242502,1.90591670892,0.155144178907,-0.00755671947488,-0.0645486667658,-0.000606251433728,-0.0999842103877,-0.00506167874784,0.0342856170882,-0.0147221710628,0.57413397544,0.818747160775,0.00200296506149,0.0,0.818703530446,-0.574073990189,-0.0120137390232,0.0,-0.00868653181313,0.00853749468571,-0.999925824924,0.0,0.657960559371,0.25596909038,0.303316512318,1.0,-0.01234,-0.0162182857143,0.618
0.462125496503,0.526112442058,-0.124066052143,-1.38999989036,0.0775686592073,1.90667362599,0.154865757957,-0.00902353112301,-0.0677831599855,0.00110583106545,-0.11181749965,-0.00102997190793,0.0402468673471,-0.0235999733734,0.57412115011,0.818756046636,0.0020464593045,0.0,0.818712829671,-0.574060830031,-0.012008865787,0.0,-0.00865770603703,0.00857017132749,-0.999925795392,0.0,0.657717690558,0.255669949295,0.303341965608,1.0,-0.01272,-0.0167177142857,0.637
0.462001407872,0.525152310218,-0.124076556114,-1.3915072418,0.0774633310586,1.90721127379,0.154671745676,-0.0100625855816,-0.0642336882417,-0.00359928362508,-0.109889758561,-0.00628178934716,0.040439818924,-0.00666756543876,0.574123908753,0.818754157054,0.00202844918455,0.0,0.818710830485,-0.574063788388,-0.0120037415115,0.0,-0.0086638208447,0.00855251297509,-0.999925893619,0.0,0.657536194605,0.255435396305,0.303346813899,1.0,-0.013,-0.0170857142857,0.651
0.461822589714,0.523837030794,-0.124085828166,-1.39362123164,0.0773170050544,1.90797655995,0.154373944016,-0.0111350077723,-0.0676748902478,-0.00113074941055,-0.115028568124,-0.00998141923667,0.03794122022,-0.0156337074806,0.574107018521,0.818766101531,0.00198725197032,0.0,0.818722381666,-0.574047216847,-0.0120083924736,0.0,-0.00869145556597,0.00852127412728,-0.9999259205,0.0,0.657282309979,0.255107087293,0.303332119678,1.0,-0.01338,-0.0175851428571,0.67
0.461685873613,0.522755332777,-0.124091401005,-1.39533040168,0.0772295603261,1.90863000686,0.154146338968,-0.0104278413325,-0.0700519730302,-0.0013325656514,-0.115272742497,-0.00564492437643,0.0499983766848,-0.0176560869311,0.574104833971,0.818767564396,0.00201544184476,0.0,0.818724092984,-0.574044795578,-0.0120074617615,0.0,-0.00867453333093,0.00854379713188,-0.999925875254,0.0,0.657079772338,0.254855488753,0.303335801376,1.0,-0.01368,-0.0179794285714,0.685
0.461513004768,0.521441822346,-0.124090407164,-1.39743112163,0.0770936298721,1.9094477891,0.153862783821,-0.0111657529753,-0.073411845697,-0.000210113219875,-0.121112648263,-0.00641030360187,0.0428160943453,-0.011532803798,0.574089416275,0.818778328693,0.00203408099256,0.0,0.818735191287,-0.574029390772,-0.0119871589398,0.0,-0.00864737017824,0.00854723932993,-0.999926081112,0.0,0.656833647798,0.254543894965,0.303329715392,1.0,-0.01404,-0.0184525714286,0.703
0.461358439745,0.520237396984,-0.124096365685,-1.39933090456,0.076980296959,1.91014288715,0.153597643709,-0.00660446806993,-0.0790111299362,-0.00180499509742,-0.122811764013,-0.0106447801688,0.0479922114706,-0.0198818758351,0.574073799928,0.818789279573,0.00203341914266,0.0,0.818746097449,-0.574013743502,-0.0119915421694,0.0,-0.00865150220791,0.00854904876342,-0.999926029902,0.0,0.656602543246,0.254258090614,0.303331862719,1.0,-0.01436,-0.0188731428571,0.719
0.461182904275,0.51889838099,-0.124098486868,-1.40141879361,0.0768384174672,1.91088076664,0.153329847969,-0.0121770697724,-0.0831645158382,-0.000646994287305,-0.123749378058,-0.0118058264388,0.0516848932385,-0.00956767308689,0.574072133054,0.818790490357,0.00201639622842,0.0,0.818747147143,-0.574012208746,-0.0119933380198,0.0,-0.00866276185045,0.00853612414581,-0.999926042836,0.0,0.656344409654,0.253938584774,0.303342156415,1.0,-0.0147,-0.01932,0.736
0.461013714949,0.517620411454,-0.124099069677,-1.40340552646,0.0767072543726,1.91159973457,0.153041369618,-0.00749868834473,-0.0825497409617,0.00256123798359,-0.121271301472,-0.0107912436169,0.0410298777104,-0.0174206214343,0.574044609233,0.818809778185,0.00202006434753,0.0,0.818766520172,-0.573984709725,-0.0119868823619,0.0,-0.00865565708797,0.00853513058543,-0.999926112843,0.0,0.656101559624,0.25363582582,0.303355679083,1.0,-0.01502,-0.0197405714286,0.752
0.460819818839,0.516193191737,-0.124110328316,-1.40568888195,0.0765633798007,1.9124488541,0.152730241414,-0.00741246165994,-0.0834438084645,-0.000409425116876,-0.131527337964,-0.00900873086067,0.0490252444487,-0.0199358463715,0.574038562596,0.818814048689,0.00200729261815,0.0,0.818770683142,-0.573978775826,-0.0119866688311,0.0,-0.00866287626336,0.00852448661711,-0.999926141124,0.0,0.655826951138,0.253284189213,0.303344006493,1.0,-0.01538,-0.0202137142857,0.77
0.460660062675,0.514985001815,-0.124116963894,-1.40762054798,0.0764457095486,1.9131722978,0.152467820437,-0.00975296230619,-0.0781631901959,-0.00166101643299,-0.132376595775,-0.00671039176033,0.0388615604895,-0.0207786694369,0.574029407476,0.818820474313,0.00200427034986,0.0,0.818777074686,-0.573969639849,-0.0119875519833,0.0,-0.0086654295063,0.00852242205902,-0.999926136599,0.0,0.655593017735,0.252992249337,0.303334689178,1.0,-0.01568,-0.020608,0.785
0.460460964506,0.513505614358,-0.124109973562,-1.41002335564,0.0763085314722,1.9140060139,0.152136748682,-0.0110902824052,-0.0825010580769,9.33702371739e-05,-0.129668735367,-0.0110998917203,0.0535628874387,-0.0208092137659,0.574005442724,0.818837439964,0.00193533923021,0.0,0.818792883653,-0.57394572178,-0.0120527603047,0.0,-0.00875864035201,0.008503155716,-0.999925488505,0.0,0.655283407182,0.25263456507,0.303300002618,1.0,-0.01604,-0.0210811428571,0.803
0.460271015092,0.512147807356,-0.12411597761,-1.41218401808,0.0761765670567,1.91477414692,0.151830796515,-0.0133196687011,-0.0878974950738,0.00101968049968,-0.135026430363,-0.00640181035904,0.0586237391218,-0.0185318830687,0.573992151469,0.818846828372,0.00190489324381,0.0,0.818801811627,-0.573932504113,-0.0120756325215,0.0,-0.00879498257198,0.00849121181249,-0.99992527101,0.0,0.655014569197,0.25229888681,0.303289597044,1.0,-0.01636,-0.0215017142857,0.819
0.460077462416,0.510705031458,-0.124119094975,-1.41449606248,0.0760294065748,1.91566430448,0.151508170547,-0.0117064479668,-0.0862419733094,-0.0007752740015,-0.141459331712,-0.00791010795695,0.052288041934,-0.0178623826513,0.573969973954,0.818862348271,0.00191585082393,0.0,0.818817545634,-0.573910350097,-0.0120616712928,0.0,-0.00877749085567,0.00849193292321,-0.999925418584,0.0,0.654736498792,0.251951509004,0.303276708277,1.0,-0.0167,-0.0219485714286,0.836
0.459874026066,0.509211376017,-0.124127373688,-1.41684471741,0.075883498298,1.91652061592,0.151183475906,-0.0118916424611,-0.090942439815,-0.000581339001005,-0.13846280032,-0.0126186463167,0.0412152413476,-0.0164670166744,0.57395939163,0.818869770532,0.00191378389671,0.0,0.818824936546,-0.573899773897,-0.0120631551487,0.0,-0.00878000198512,0.00849097864571,-0.999925404641,0.0,0.654446911292,0.251589003603,0.303278713422,1.0,-0.01704,-0.0223954285714,0.853
0.459663314651,0.507696758641,-0.12412874516,-1.41923109322,0.07572879107,1.91737320674,0.150853478075,-0.0142399277835,-0.0894079607681,0.000844120840629,-0.138957033078,-0.0133388531972,0.0538954255107,-0.0198268104195,0.573944462636,0.818880282378,0.00189310426345,0.0,0.818835169759,-0.573884928993,-0.0120747647044,0.0,-0.00880153218178,0.0084805479675,-0.999925303879,0.0,0.654147874942,0.251220022408,0.303276368249,1.0,-0.01738,-0.0228422857143,0.87
0.459453369088,0.506221893584,-0.124136962632,-1.42152437174,0.0755782521837,1.91823435113,0.150531150753,-0.0137212950641,-0.0976664329519,-0.000741292567155,-0.146659658276,-0.0120101059143,0.0589702749125,-0.0135948315381,0.573936229829,0.818885986783,0.00192136449167,0.0,0.818841351332,-0.573876678361,-0.0120476671333,0.0,-0.00876320823539,0.00848804877071,-0.999925576835,0.0,0.653871983275,0.250859345989,0.303290951766,1.0,-0.0177,-0.0232628571429,0.886
0.459238431432,0.504591604459,-0.124138351216,-1.42399430261,0.0754215006184,1.91919545915,0.150200058854,-0.0166164002516,-0.0991912060102,0.00104881037067,-0.14709188465,-0.00776745016137,0.0575164773431,-0.0254021141284,0.573927272758,0.818892026767,0.00202014446631,0.0,0.818848769145,-0.573867386928,-0.0119859247545,0.0,-0.00865604984461,0.0085334062101,-0.999926124161,0.0,0.653576881908,0.250486285845,0.303337937521,1.0,-0.01804,-0.0237097142857,0.903
0.459011176983,0.502922188929,-0.12414375131,-1.42647696564,0.0752650093186,1.92012917931,0.149837706624,-0.0162002603997,-0.099280849213,0.000119244130211,-0.148267575873,-0.00698987744353,0.0562577165235,-0.0189639837143,0.57390567716,0.818906908285,0.00212042158081,0.0,0.818865009909,-0.573845429724,-0.0119274990534,0.0,-0.00855088177115,0.00858176368542,-0.999926615184,0.0,0.653277183764,0.250100153766,0.30340326629,1.0,-0.01838,-0.0241565714286,0.92
0.45875950713,0.501017454698,-0.124147330195,-1.42934933701,0.0750888410245,1.92112965226,0.149451272946,-0.0110300661006,-0.0969902709218,-0.000232466661579,-0.155289785241,-0.00847022043741,0.049054907433,-0.0248696765561,0.573896744275,0.818913086759,0.00215177739816,0.0,0.818871476817,-0.573836249223,-0.011925201612,0.0,-0.00853110004109,0.00860602920849,-0.999926575601,0.0,0.652908733095,0.249657587773,0.303452430579,1.0,-0.01876,-0.024656,0.939
0.458553912853,0.4996059161,-0.124147933138,-1.4314787421,0.0749468296512,1.92190636104,0.149150331402,-0.0106706475562,-0.101042507052,-0.0026594417295,-0.14956753387,-0.010611502215,0.0466346923796,-0.0199741498599,0.573888968026,0.818918415902,0.00219712879443,0.0,0.818877450491,-0.573828345255,-0.0118952998884,0.0,-0.00848066864006,0.00862592667874,-0.999926833147,0.0,0.652646546498,0.249318867625,0.303490932745,1.0,-0.01904,-0.025024,0.953
0.458301345286,0.497926980389,-0.124148670071,-1.43412407273,0.0747872770325,1.92289681953,0.148757746935,-0.0135229052844,-0.101816974734,0.000587904239702,-0.16252539162,-0.00933429589082,0.062271381548,-0.0288069286568,0.573866318847,0.818934230841,0.00221823140528,0.0,0.818893476684,-0.573805549721,-0.0118916716243,0.0,-0.00846582645754,0.00864089141147,-0.999926829712,0.0,0.652321264955,0.24890344542,0.303488516926,1.0,-0.01938,-0.0254708571429,0.97
0.458054769405,0.496335470279,-0.124140405112,-1.43664298908,0.0746322629262,1.92378275143,0.148385113592,-0.0153431978183,-0.0962412704471,0.00217428602051,-0.163793581954,-0.0102252240927,0.0513761886689,-0.0252842201457,0.573842514937,0.818950996334,0.00218644830815,0.0,0.818909663561,-0.573781709248,-0.0119272779816,0.0,-0.00851347604991,0.00863504909316,-0.999926475623,0.0,0.65199840358,0.248504928283,0.303475367968,1.0,-0.0197,-0.0258914285714,0.986
0.457763533753,0.494567964619,-0.124151495427,-1.43953016497,0.0744504755759,1.92478642909,0.147974965873,-0.0208409569358,-0.102157900107,-0.00104947801852,-0.159608195081,-0.00475338601685,0.0599942425251,-0.0259258602275,0.573849240442,0.81894655132,0.00208380110495,0.0,0.818903789338,-0.573788765532,-0.0119909656847,0.0,-0.0086244643785,0.00858760450937,-0.999925933089,0.0,0.65163007935,0.248028479066,0.303419853282,1.0,-0.0212297142857,-0.0279019102041,1.004
0.45749023047,0.492499466367,-0.124219086868,-1.44270307676,0.0742579034002,1.92595607385,0.14752980211,-0.0197178382128,-0.128560807184,-0.0016679690554,-0.2058864688,-0.0153512623851,0.0780033799942,-0.0186944340788,0.573864472766,0.818935767716,0.0021265356811,0.0,0.818893782068,-0.573804037857,-0.0119434806659,0.0,-0.00856089357161,0.00859551157218,-0.999926411433,0.0,0.651240763188,0.247510209754,0.303452992686,1.0,-0.0283114285714,-0.0372093061224,1.021
0.457153674001,0.49010685171,-0.12423429755,-1.44655325813,0.0740502685977,1.92739267379,0.146954570502,-0.0227694104103,-0.155411684357,-0.000455690224408,-0.257267207085,-0.0129262217845,0.0980906212789,-0.0360113310403,0.573817105397,0.818968975922,0.00211965358115,0.0,0.818926615801,-0.573756419293,-0.0119798227797,0.0,-0.00859510382713,0.00861023373818,-0.999925991294,0.0,0.650751217448,0.246921209088,0.303409989414,1.0,-0.0349765714286,-0.0459692081633,1.037
0.456658198042,0.486911004138,-0.124258375023,-1.45159649107,0.0737492943806,1.92925468047,0.146221631922,-0.0326901148459,-0.202267499267,-0.00281792302367,-0.315574546837,-0.0201326477688,0.116264900666,-0.0450303818377,0.573809392809,0.818974347581,0.00213204811903,0.0,0.818932035425,-0.573748542155,-0.0119866021282,0.0,-0.00859362561144,0.00862419343719,-0.999925883697,0.0,0.650119702331,0.246107040989,0.303392842838,1.0,-0.0420582857143,-0.0552766040816,1.054
0.456092303549,0.48310748364,-0.124375968084,-1.45751686984,0.0733922596693,1.93141759631,0.145303985968,-0.0339794801095,-0.233871229126,-0.0067193803196,-0.366011450186,-0.0260800594117,0.125761172067,-0.0617043505539,0.573801684814,0.818979694107,0.0021526835541,0.0,0.818937915643,-0.573741016141,-0.0119450249614,0.0,-0.00854781461114,0.00861715553777,-0.999926337035,0.0,0.649385700069,0.245108268009,0.30340626881,1.0,-0.04914,-0.064584,1.071
0.455424103901,0.478958902263,-0.124463379861,-1.46404672826,0.0730089538718,1.93369280515,0.144343346032,-0.0435972779111,-0.268356146155,-0.00355669329673,-0.42482220099,-0.025299807291,0.1510902905,-0.057784014844,0.573840549007,0.818952697205,0.00206178489128,0.0,0.818909541587,-0.573780062112,-0.0120145711943,0.0,-0.00865652108723,0.0085830287003,-0.99992569537,0.0,0.648546372632,0.243997552134,0.303374227611,1.0,-0.0558051428571,-0.0733439020408,1.087
0.454607916698,0.473955935357,-0.124542717708,-1.47173806922,0.0725408511478,1.93649243169,0.143240325747,-0.0520364536592,-0.306427404087,-0.00190757844451,-0.468996045769,-0.0229959008368,0.171236016677,-0.0652780279364,0.573908378443,0.818904939602,0.00214940694961,0.0,0.818862944548,-0.573847534602,-0.011967956296,0.0,-0.00856735159693,0.00862874622502,-0.99992606988,0.0,0.647577835728,0.242692203911,0.303421179858,1.0,-0.0628868571429,-0.0826512979592,1.104
0.453627223619,0.468046789153,-0.124606273932,-1.4807202949,0.0720054092711,1.9398026234,0.14182733716,-0.0533046401474,-0.343633433613,0.000348492069629,-0.507985759197,-0.0340983685497,0.207884928316,-0.0928053148039,0.573885011052,0.818920742,0.00235781960741,0.0,0.818881308203,-0.573823174302,-0.0118791671126,0.0,-0.00837528606485,0.00874821878465,-0.999926658936,0.0,0.646442984422,0.24117413442,0.303516916495,1.0,-0.0703851428571,-0.0925061877551,1.122
0.452725180721,0.462639077362,-0.124646851355,-1.48901560509,0.0714728140982,1.94274740881,0.140514091131,-0.0625735287051,-0.368204609349,-0.00467325468608,-0.571908127087,-0.037458870699,0.195301022893,-0.0871867401008,0.573823193881,0.81896393301,0.00240114448573,0.0,0.818924955648,-0.573761083316,-0.0118694224913,0.0,-0.00834310629535,0.00877747605858,-0.999926671557,0.0,0.645355402886,0.239773201674,0.30355369834,1.0,-0.0766337142857,-0.100718595918,1.137
0.451494861302,0.455618640751,-0.12471903581,-1.49995841638,0.0707503065845,1.94644524333,0.138885954363,-0.0688381883543,-0.397033691286,-0.00765554245532,-0.633823782963,-0.0441307604851,0.214816561343,-0.102360294378,0.573858984617,0.818939430927,0.00219571144511,0.0,0.818897508042,-0.57379741806,-0.0120058839862,0.0,-0.00857236328597,0.00868791429379,-0.999925514592,0.0,0.64387624645,0.237874551901,0.303498618411,1.0,-0.084132,-0.110573485714,1.155
0.45023567716,0.448305730024,-0.124811885675,-1.51080683692,0.0700065832844,1.95048987331,0.137162184485,-0.0775400532158,-0.43978384956,-0.00500854024526,-0.646656556156,-0.0388932577239,0.240602861677,-0.0988770834173,0.573837321052,0.818953470932,0.00258617800101,0.0,0.818917381577,-0.573775033262,-0.0117166657429,0.0,-0.00811167588428,0.00884149642468,-0.999928011737,0.0,0.642489554485,0.235982393608,0.303706483095,1.0,-0.0912137142857,-0.119880881633,1.172
0.44892733972,0.441081219973,-0.124831976331,-1.52187449099,0.0692861473049,1.95435471944,0.135440751494,-0.0841638398656,-0.459869858858,-0.00175581713777,-0.719823158349,-0.0540819647275,0.252544726361,-0.115992459306,0.573811538671,0.818971465972,0.00260823959304,0.0,0.818935258543,-0.573748732845,-0.0117550318882,0.0,-0.00813071807805,0.00888132329334,-0.999927504132,0.0,0.640981752505,0.234070977877,0.303720053048,1.0,-0.0978788571428,-0.128640783673,1.188
0.44741978046,0.432821281766,-0.124875516585,-1.53434688777,0.0684480556981,1.95870448336,0.133402355109,-0.0895746547658,-0.507491874718,-0.00292981858937,-0.73602184894,-0.0574914331959,0.271769027243,-0.120772829674,0.573724882834,0.819031822452,0.00271652893773,0.0,0.818996849899,-0.573661509522,-0.0117208894103,0.0,-0.00804156814852,0.0089495668532,-0.999927616598,0.0,0.639271976278,0.231885574195,0.303800633767,1.0,-0.104960571429,-0.137948179592,1.205
0.445760412674,0.424190680186,-0.124917560491,-1.54752124584,0.0675117715393,1.96331237251,0.13124091171,-0.10393392509,-0.524773080424,-0.00363401534886,-0.792678765144,-0.0424573718317,0.278291937758,-0.134431082011,0.57364968793,0.819084430589,0.00273459425979,0.0,0.819049844035,-0.573586429469,-0.0116922117617,0.0,-0.00800853664476,0.00894717489112,-0.999927903102,0.0,0.63745306728,0.229534827513,0.30380529669,1.0,-0.112042285714,-0.14725557551,1.222
0.444052117762,0.41556090458,-0.125033192984,-1.5605638902,0.0665658429639,1.96779205182,0.129108816894,-0.1031007719,-0.553192824976,-0.00783869371283,-0.832932113173,-0.0588829044595,0.301901640701,-0.134633729093,0.573676346021,0.819065726285,0.00274462080805,0.0,0.819031722408,-0.573613556145,-0.0116306834429,0.0,-0.00795209558186,0.00892035123143,-0.999928593205,0.0,0.635522000429,0.22697131605,0.303842855308,1.0,-0.119124,-0.156562971429,1.239
0.44208716698,0.40598935776,-0.125106345754,-1.57515416403,0.0655954598956,1.97279031236,0.12667296405,-0.123211268598,-0.578027773055,-0.00176288241584,-0.894979812097,-0.0652682598797,0.291068143252,-0.145595986069,0.573665784036,0.819073232679,0.00271194323715,0.0,0.819038158918,-0.573602388313,-0.0117277985366,0.0,-0.00805050373895,0.0089491940383,-0.999927548033,0.0,0.63343289157,0.224277982796,0.303805570168,1.0,-0.126205714286,-0.165870367347,1.256
0.439769650702,0.395234294576,-0.125246830505,-1.59116887524,0.0644919417798,1.97826521737,0.12395462122,-0.129495030007,-0.61304804977,-0.00361712458761,-0.888086181825,-0.0631481549688,0.314941805339,-0.151920602121,0.573772360606,0.818997955763,0.00289371082631,0.0,0.818965175214,-0.573708246041,-0.0116463347258,0.0,-0.00787833025209,0.00905236764803,-0.999927990684,0.0,0.631297191849,0.221371177451,0.303910966652,1.0,-0.133287428571,-0.175177763265,1.273
0.437588408427,0.385443736352,-0.125362077321,-1.60614646793,0.0633156352226,1.98322559017,0.121349876374,-0.141097692301,-0.61795197612,-0.00845955081772,-0.947138381899,-0.0729114478649,0.304445389661,-0.163509010594,0.573752810224,0.819012577241,0.00261877495282,0.0,0.818976724716,-0.573690212323,-0.011722267637,0.0,-0.00809847499054,0.00887057051854,-0.999927861239,0.0,0.629101111522,0.218476921171,0.303788021411,1.0,-0.139952571429,-0.183937665306,1.289
0.435085693402,0.374420934437,-0.125482144741,-1.62242931805,0.0621499843224,1.98868023984,0.11842056246,-0.150195151982,-0.640233304597,-0.013552005215,-0.966649840878,-0.0637513409277,0.321601586093,-0.175454498618,0.573772288385,0.81899843995,0.00276827422475,0.0,0.818964333732,-0.573708945388,-0.0116710306724,0.0,-0.00797052568455,0.00896380441376,-0.999928057878,0.0,0.626711546371,0.215290317282,0.303882789806,1.0,-0.147034285714,-0.193245061224,1.306
0.432371868605,0.363043344543,-0.125625326523,-1.63924985858,0.0608448279284,1.99427370615,0.115442400302,-0.163558445377,-0.677755988148,-0.00655968654883,-0.991474088475,-0.0735581416735,0.337998971895,-0.175375169102,0.57390211572,0.818907241338,0.00283523490176,0.0,0.81887451308,-0.5738391076,-0.0115739931855,0.0,-0.00785120932503,0.00896421336501,-0.999928998175,0.0,0.624067195735,0.211698628133,0.30394297184,1.0,-0.154532571429,-0.20309995102,1.324
0.429655527787,0.352017518336,-0.125749084514,-1.65573791991,0.0596050365037,1.99958808577,0.112372198087,-0.174289849676,-0.708121000364,-0.00754127187727,-1.05596305436,-0.076361943717,0.330089580795,-0.200518613398,0.573916128739,0.818897953489,0.00267690969561,0.0,0.818862782257,-0.573853221754,-0.0117034447314,0.0,-0.00804792863374,0.00890898894002,-0.999927927783,0.0,0.621692926365,0.208573777045,0.303864889872,1.0,-0.160781142857,-0.211312359184,1.339
0.42658152059,0.339789021436,-0.125883888217,-1.67351491328,0.0582500033171,2.00541955374,0.109003289736,-0.177651535726,-0.724792031348,-0.00468629092678,-1.06534440715,-0.083067876081,0.352947808167,-0.198349707698,0.573979791132,0.818852624985,0.00288527800907,0.0,0.81882015732,-0.573916163295,-0.0115988954936,0.0,-0.00784202932023,0.00902022907344,-0.99992856647,0.0,0.618973432956,0.204918589823,0.303979990033,1.0,-0.167862857143,-0.220619755102,1.356
0.423167747567,0.326526710953,-0.125932622038,-1.69294633728,0.0566406497326,2.01164008331,0.105208499443,-0.196177768964,-0.765092707653,-0.00263167484813,-1.09237355999,-0.105642215556,0.35846718532,-0.219129137817,0.573849722017,0.81894388218,0.00285679591693,0.0,0.818911269209,-0.573786461904,-0.0115834450376,0.0,-0.00784715170853,0.00898679210863,-0.999928827356,0.0,0.615896057399,0.200945299329,0.303978693531,1.0,-0.175361142857,-0.230474644898,1.374
0.420149075386,0.315140139189,-0.125945734088,-1.70961846593,0.0552899389184,2.01681885883,0.101967211248,-0.202006393565,-0.772128134199,0.000824495989898,-1.11809583742,-0.0862516352906,0.351937095563,-0.221098979759,0.573777501276,0.818994930913,0.0027256318269,0.0,0.81896000106,-0.573714004751,-0.0117262235176,0.0,-0.0080401392664,0.0089605991925,-0.999927529285,0.0,0.612990095712,0.197287167482,0.303924251819,1.0,-0.182026285714,-0.239234546939,1.39
0.41630416895,0.301038233397,-0.126067839926,-1.72991692117,0.0535732853001,2.02320712783,0.0977447733163,-0.224956885461,-0.797627892528,-0.00576860129724,-1.14889191435,-0.10011874723,0.350488043707,-0.232089252466,0.573644042056,0.819088063439,0.00282917771929,0.0,0.819054955369,-0.573580743652,-0.0116128161089,0.0,-0.00788930909122,0.00897904767747,-0.999928565201,0.0,0.609879400239,0.193202225314,0.30399062066,1.0,-0.189108,-0.248541942857,1.407
