position_joint1,position_joint2,position_joint3,position_joint4,position_joint5,position_joint6,position_joint7,velocity_joint1,velocity_joint2,velocity_joint3,velocity_joint4,velocity_joint5,velocity_joint6,velocity_joint7,ee_T_00,ee_T_10,ee_T_20,ee_T_30,ee_T_01,ee_T_11,ee_T_21,ee_T_31,ee_T_02,ee_T_12,ee_T_22,ee_T_32,ee_T_03,ee_T_13,ee_T_23,ee_T_33,v_x,v_y,time
0.465092302439,0.547592911218,-0.123988069074,-1.35574868371,0.0794448141091,1.89408667588,0.159166942833,-0.00175738439515,-0.00153026706202,-1.1929249306e-05,0.000298584712002,-0.000765487645579,9.64058976307e-05,-0.00113320289603,0.573776871551,0.818997117819,0.00213765699549,0.0,0.818956981452,-0.573718121383,-0.0117356989105,0.0,-0.0083852524698,0.00848448507939,-0.999928847996,0.0,0.661696783177,0.260905698293,0.303386567385,1.0,0.0,0.0,0.0
0.465091950148,0.547600697755,-0.123990653545,-1.35575182417,0.0794448155675,1.89408602463,0.159174007167,-0.000850107392782,0.00204315586567,-0.000430676115521,-0.000441997674701,3.27113176361e-05,-0.000288758794654,0.00110924165709,0.573784933981,0.81899149717,0.00212696971137,0.0,0.818951231464,-0.573726233387,-0.0117403793967,0.0,-0.00839513421074,0.00847850051885,-0.999928815842,0.0,0.661696412428,0.260903448611,0.303379585256,1.0,-0.0001,-0.000131428571429,0.006
0.465092134023,0.547600273466,-0.123988471696,-1.35574989035,0.0794448155695,1.89408685175,0.159165434188,0.000355070568007,0.00180256523975,-0.00167312909172,0.00154686363011,0.00025448285413,0.00923427829183,-0.0020845554241,0.573776136958,0.818997651776,0.00213024518722,0.0,0.818957419888,-0.573717416045,-0.0117395842297,0.0,-0.008392694738,0.00848063666961,-0.999928818205,0.0,0.661696483045,0.260905124834,0.303380806003,1.0,-0.00042,-0.000552,0.022
0.465091379276,0.547583984657,-0.12398850195,-1.35576450105,0.0794434931411,1.89408557736,0.159166942825,-0.000160893990959,-0.00212059437109,-0.000257931035185,-0.000672916408605,-0.000269324795823,-0.000299533900209,-0.00159810590032,0.573778421378,0.818996049991,0.00213076557378,0.0,0.818955820772,-0.573719694057,-0.0117398116083,0.0,-0.0083925587445,0.00848121673093,-0.999928814427,0.0,0.661693587871,0.260902786298,0.303385278425,1.0,-0.00074,-0.000972571428571,0.038
0.465093506386,0.547513785993,-0.123988555705,-1.35582945669,0.0794448155695,1.89409543733,0.1591705413,0.000103395429441,-0.00171422485735,-0.000153857220795,-0.00818020320393,3.12747652478e-05,0.000425960158311,-2.44509185483e-05,0.573783501716,0.818992446415,0.0021477374024,0.0,0.818952373923,-0.573724644255,-0.0117383440731,0.0,-0.00838156662331,0.00849432635299,-0.999928795345,0.0,0.661681902014,0.260898259535,0.303404950101,1.0,-0.00108,-0.00141942857143,0.055
0.465091061327,0.547374598071,-0.123988552788,-1.35597778146,0.0794424138892,1.89413253504,0.15916523785,-0.000915281756326,-0.0102730426054,-0.00055234432252,-0.00983457902235,-4.32435025389e-05,0.000506507937591,-0.000724255186144,0.573788624724,0.818988780165,0.0021769251046,0.0,0.81894900664,-0.573729573861,-0.0117323272038,0.0,-0.00835983898531,0.00851483047986,-0.999928802843,0.0,0.661659746132,0.260882997412,0.303436165771,1.0,-0.00142,-0.00186628571429,0.072
0.465080868491,0.547232187592,-0.123986757748,-1.35617970198,0.0794374051561,1.89418827521,0.159161285857,-0.000431372547918,-0.0112321507536,-0.00372722100036,-0.0126157620233,-4.1715427413e-05,0.00731854811533,-0.00170949677625,0.573802308842,0.81897918752,0.00217891673491,0.0,0.818939343516,-0.573743150582,-0.011742900089,0.0,-0.00836721331647,0.0085226679118,-0.999928674393,0.0,0.661630856168,0.260858165423,0.303445703528,1.0,-0.00176,-0.00231314285714,0.089
0.465061982329,0.547060133112,-0.123983544403,-1.35638453336,0.079434505179,1.89431030608,0.159151228053,-0.00112252305142,-0.0113462262155,0.00136260524789,-0.0185030395595,-5.40262606891e-05,0.0072105356716,-0.00158188980006,0.573818225096,0.818967816412,0.00225989616683,0.0,0.818928985743,-0.573758720203,-0.0117044522441,0.0,-0.00828909415495,0.00856708743122,-0.999928945441,0.0,0.661617125523,0.260833306061,0.303480567891,1.0,-0.00208,-0.00273371428571,0.105
0.465044184484,0.546862372027,-0.123988423893,-1.35660931155,0.0794301282162,1.89442825967,0.1591398489,0.000849727482837,-0.00876568992502,2.09970900109e-05,-0.0153840403223,0.000772039058709,0.0124123648688,0.000173815039494,0.57383843793,0.818953425949,0.00234097890264,0.0,0.81891563838,-0.573778622737,-0.0116625987067,0.0,-0.00820807954666,0.00860967741951,-0.99992924794,0.0,0.661600332723,0.260801933998,0.303524049819,1.0,-0.00242,-0.00318057142857,0.122
0.465016634462,0.546644556147,-0.123986058831,-1.35689743771,0.0794234823537,1.89455548506,0.159116674012,-0.000884647312311,-0.0179001354957,0.000305173562249,-0.024249336412,-5.63785201762e-05,0.00825326423442,-0.00164593396306,0.573850844352,0.818944581585,0.00239324667898,0.0,0.818907420911,-0.573790785418,-0.0116411961122,0.0,-0.00816042870115,0.00864032403674,-0.999929373608,0.0,0.661570336683,0.260759088374,0.303550336346,1.0,-0.00276,-0.00362742857143,0.139
0.464977463171,0.546379812248,-0.123981783735,-1.35730827341,0.0794054501575,1.89470695866,0.159036259098,-0.000320352327799,-0.0168562670934,0.00172599015526,-0.023292423144,-7.68595667734e-05,0.00383451740624,-0.0110978641804,0.573836235382,0.818954782896,0.00240529324123,0.0,0.81891766793,-0.573776017994,-0.0116482285457,0.0,-0.008159429996,0.00865407936716,-0.999929262804,0.0,0.661525568982,0.260699936188,0.303557048566,1.0,-0.0031,-0.00407428571429,0.156
0.464938857614,0.546089655086,-0.123989233327,-1.35775649165,0.0793829815834,1.8948682461,0.15893576114,-0.00258080407005,-0.021511503653,-5.80195368245e-05,-0.0291919178629,0.000167538974354,0.0121152542037,-0.00181573711741,0.573809832397,0.818973270942,0.00240927972487,0.0,0.818936191639,-0.573749586971,-0.0116478485139,0.0,-0.00815711039947,0.00865686303747,-0.999929257634,0.0,0.66147556493,0.260628000804,0.303563380646,1.0,-0.00344,-0.00452114285714,0.173
0.464894359433,0.545801379355,-0.123985763338,-1.35822763687,0.0793512140452,1.89502090409,0.158921339454,-0.00701161682197,-0.020266330283,0.00275177638078,-0.0292120666573,-0.00151438543169,0.00774561429276,-0.00269784187817,0.573849831791,0.818945323002,0.00238230700729,0.0,0.818907877954,-0.573789661665,-0.0116644113895,0.0,-0.008185729622,0.00864467692662,-0.999929129184,0.0,0.661418039787,0.260553649171,0.303556319119,1.0,-0.00376,-0.00494171428571,0.189
0.46483707004,0.545476937979,-0.123987448064,-1.35878913074,0.0792956958279,1.89521102778,0.158854123026,-0.00876001997929,-0.0179956716366,0.00149841421225,-0.0329854639763,-8.03040539881e-06,0.0130168788278,-0.00893733228346,0.57385947044,0.818938721198,0.00232937982171,0.0,0.818900757383,-0.573799667901,-0.0116720852914,0.0,-0.0082222835386,0.00860583327345,-0.999929164335,0.0,0.661353996674,0.260456302851,0.303535219351,1.0,-0.0041,-0.00538857142857,0.206
0.464777444964,0.545113134538,-0.123992067806,-1.35939666609,0.0792650134449,1.8954141193,0.158757846393,-0.00752617647922,-0.0249470667342,-0.000776952050323,-0.0369752767594,-0.0004900552852,0.0112985226676,-0.00654295247399,0.573858370162,0.818939583567,0.002297033401,0.0,0.818901134995,-0.573798618801,-0.0116971392839,0.0,-0.00826137483836,0.00859370999979,-0.999928946393,0.0,0.661282829931,0.260355671289,0.303521314461,1.0,-0.00442,-0.00580914285714,0.222
0.464709461338,0.54468079309,-0.123991720638,-1.36013377811,0.0792374825919,1.89565752427,0.158657481492,-0.00322905930593,-0.0242550802248,8.03223291411e-05,-0.0387590712373,-0.000148699610145,0.00874080547347,-0.00324665280552,0.573865311996,0.818934838655,0.00225402438291,0.0,0.818895634015,-0.573805515979,-0.0117438206998,0.0,-0.00832421255282,0.00858534735059,-0.999928497092,0.0,0.661192514144,0.260241157403,0.303497558096,1.0,-0.00478,-0.00628228571429,0.24
0.464639958102,0.544244386792,-0.124001004699,-1.36087824619,0.0792023302915,1.89591045583,0.15859441438,-0.00270588183576,-0.0324639903235,-0.00098832592343,-0.0459133805297,-0.00142077529642,0.0133179179772,0.000737326880889,0.573909177284,0.818904220495,0.0022092500541,0.0,0.818864357997,-0.573849468493,-0.0117769950991,0.0,-0.00837661529789,0.00856816665916,-0.999928206841,0.0,0.661105448529,0.260118659452,0.303474269063,1.0,-0.00512,-0.00672914285714,0.257
0.464557610205,0.543693800772,-0.123998941886,-1.36176042457,0.0791593687269,1.89624020233,0.158451572608,-0.000373211464428,-0.0282153861449,-0.00140204443871,-0.0447245708787,0.000436786036287,0.0205900706248,-0.00441617589341,0.573895971875,0.81891346421,0.0022132560472,0.0,0.818873545989,-0.573836139005,-0.0117876270912,0.0,-0.00838316163313,0.00857741367493,-0.999928072701,0.0,0.661006099176,0.259983356326,0.303472462656,1.0,-0.0055,-0.00722857142857,0.276
0.464489015201,0.543274236418,-0.124004179966,-1.36245029549,0.0791091910806,1.89646804975,0.158391999571,-0.00671582796826,-0.0252528394759,3.26242058342e-05,-0.0473612997579,-0.00976356290672,0.0145994461007,-0.00380721470401,0.573931929468,0.818888377113,0.00217095999662,0.0,0.818847969632,-0.573872318041,-0.0118030553858,0.0,-0.00841969312944,0.00855200118913,-0.999927983428,0.0,0.660925617361,0.259865941887,0.303460810198,1.0,-0.00578,-0.00759657142857,0.29
0.464421552796,0.542729329609,-0.124012633342,-1.36332585585,0.0790564613744,1.89677788315,0.15826337537,-0.0022437108807,-0.0343685153846,-0.00433409949594,-0.0521080162812,-0.00198687362703,0.0169453166381,-0.00919755730771,0.573922358952,0.818895136917,0.00215116931191,0.0,0.818854483123,-0.57386283728,-0.0118121276711,0.0,-0.00843858025051,0.00854090325109,-0.99992791907,0.0,0.660822511168,0.259732175345,0.303456617204,1.0,-0.00612,-0.00804342857143,0.307
0.464340676618,0.542073191363,-0.124017154354,-1.36435644729,0.0790016434373,1.89716296474,0.158117554937,-0.00496260776673,-0.0351236933053,-0.00134013263966,-0.0543800118542,-0.00590562354708,0.0229048948951,-0.00975834826593,0.573915040611,0.81890023571,0.00216264094292,0.0,0.818859681205,-0.573855424348,-0.0118119154017,0.0,-0.00843189941081,0.00855009999646,-0.999927896832,0.0,0.660704169114,0.259579657258,0.303463630445,1.0,-0.0065,-0.00854285714286,0.326
0.464259347921,0.541443674117,-0.124017319317,-1.3653263157,0.0789440849243,1.89750906067,0.15799217171,-0.000617785336228,-0.0395743876419,-0.00137044751809,-0.0578826890979,-0.0108880065345,0.0285098777062,-0.00562114358916,0.57391746282,0.818898522864,0.00216841463713,0.0,0.818858009728,-0.573857789453,-0.0118128866153,0.0,-0.008429356061,0.00855541032704,-0.999927872854,0.0,0.660590445506,0.2594331436,0.303477090648,1.0,-0.00684,-0.00898971428571,0.343
0.464185081497,0.540828960462,-0.124015146916,-1.36628340237,0.0788838900787,1.8978613078,0.157871564425,-0.00359103808172,-0.0371119495747,-0.000265945800466,-0.0614028598475,-0.00555149086024,0.0256777132827,-0.00900961120637,0.573917501474,0.818898458623,0.00218239961522,0.0,0.818858118442,-0.573857764424,-0.0118065648053,0.0,-0.00841615279341,0.00856323468544,-0.999927917094,0.0,0.660472711486,0.259283446113,0.303490497538,1.0,-0.00718,-0.00943657142857,0.36
0.464086370478,0.540075872561,-0.124015415219,-1.36740186344,0.0788242231862,1.89827774189,0.157729115315,-0.00245587561105,-0.0409403465679,-0.000161325610434,-0.0574651544542,0.000263984676999,0.0273014929746,-0.00826156649668,0.573925313647,0.818892871697,0.00222394720463,0.0,0.818853007603,-0.573865348992,-0.0117923732949,0.0,-0.00838060554546,0.00858919276773,-0.999927993017,0.0,0.660351679665,0.259124352204,0.30352253014,1.0,-0.00752,-0.00988342857143,0.377
0.464003704823,0.539434244077,-0.124020499455,-1.36841825596,0.0787601043674,1.89866120179,0.157597649111,-0.0120096749657,-0.0472187942307,0.00023729345331,-0.0675766924134,-0.00451629308523,0.0244586708428,-0.00978928427945,0.573928079029,0.818890923559,0.00222762563125,0.0,0.818851155152,-0.573868148937,-0.0117847462176,0.0,-0.00837221950767,0.00858785592273,-0.999928074749,0.0,0.660236294671,0.258970238331,0.303525522053,1.0,-0.00782,-0.0102777142857,0.392
0.463900714383,0.538688680306,-0.124020450247,-1.36958233633,0.0787074697975,1.89911328159,0.157462953844,-0.00934897809128,-0.0507367490889,-0.000217955666089,-0.0728537780954,-0.00226828562726,0.0295697623293,-0.0148132306022,0.573952491443,0.818873712347,0.00226444143021,0.0,0.818834285242,-0.57389227584,-0.0117820178439,0.0,-0.00834859998133,0.00861668667365,-0.999928024204,0.0,0.660106430662,0.258796033674,0.303537361145,1.0,-0.00816,-0.0107245714286,0.409
0.463806292547,0.538009510679,-0.124025928338,-1.37063054153,0.078641886266,1.89951805949,0.157326369403,-0.00611899554741,-0.0437348284435,0.000744005293433,-0.0710587408347,-0.000125153495933,0.0303701171307,-0.0112695601976,0.573962208729,0.818866826348,0.00229140976255,0.0,0.818827809692,-0.573901951333,-0.0117607496529,0.0,-0.00831560331082,0.00862666197402,-0.999928213146,0.0,0.659991746829,0.258631874866,0.303553384225,1.0,-0.00846,-0.0111188571429,0.424
0.463701305406,0.537208195073,-0.124035382317,-1.37189553383,0.0785608268617,1.89999132082,0.157177642333,-0.00380725769529,-0.0465270154432,-0.000890753566336,-0.0784411254357,-0.0055801631777,0.0288080190532,-0.00534212933063,0.57398109863,0.818853579542,0.00229359739462,0.0,0.818814671807,-0.57392091417,-0.0117500814488,0.0,-0.00830541264576,0.0086225218672,-0.999928333551,0.0,0.659848001067,0.258436462146,0.303558420491,1.0,-0.0088,-0.0115657142857,0.441
0.463585857173,0.536374945064,-0.124038210928,-1.37319160807,0.0784877755591,1.90048355983,0.157015336899,-0.00420878005252,-0.0535316004013,-0.000160589891506,-0.0709338790914,-0.00677253101335,0.0289752888532,-0.00903047423686,0.573996561349,0.818842666571,0.00231988425427,0.0,0.818804072237,-0.573936247006,-0.0117397854185,0.0,-0.00828173098368,0.00863829344965,-0.999928393845,0.0,0.659702134631,0.258237314246,0.303572504444,1.0,-0.00914,-0.0120125714286,0.458
0.463472935696,0.535505033423,-0.124039522374,-1.37456160499,0.0783999746581,1.90097898432,0.156847872468,-0.00465368547521,-0.0546022704201,-0.000517213716016,-0.0819233094261,-0.00459391322107,0.0324722871095,-0.00871177420309,0.574004491353,0.818837128538,0.00231251691548,0.0,0.818798457714,-0.573944223649,-0.0117414090586,0.0,-0.00828720550722,0.00863327303555,-0.999928391847,0.0,0.659540221616,0.258030277531,0.303577322031,1.0,-0.00948,-0.0124594285714,0.475
0.463355386714,0.534655270878,-0.124043286064,-1.37590415218,0.0783354286932,1.90146931755,0.1566780754,-0.00535667375664,-0.0494738366465,-0.000970163403075,-0.0833955108419,-0.00332526588896,0.0337439730837,-0.0135646670912,0.574020709336,0.81882574349,0.00231817859401,0.0,0.818786994793,-0.573960260557,-0.0117568430979,0.0,-0.00829642313273,0.00864693237922,-0.999928197384,0.0,0.659383282311,0.25782518075,0.303580502961,1.0,-0.0098,-0.01288,0.491
0.463217725233,0.533758251599,-0.124043943362,-1.37737815382,0.0782469385087,1.90200568727,0.156506704922,-0.00941179940251,-0.0516908682555,-0.00127598317121,-0.0882884222014,-0.00832434269612,0.0229167474532,-0.00363493812676,0.574050590234,0.818804896528,0.00228214262713,0.0,0.818765644316,-0.57399023777,-0.0117802178724,0.0,-0.00833593297942,0.00863114717757,-0.999928005168,0.0,0.659211668503,0.257592923822,0.303558154945,1.0,-0.01014,-0.0133268571429,0.508
0.463077729773,0.532704755112,-0.12404594979,-1.37905055136,0.07814990038,1.9026389294,0.156283907802,-0.00945738198057,-0.0561477163467,-0.000386858538068,-0.0835815461557,-0.00467951601851,0.0320316688599,-0.017046269567,0.574049716393,0.818805474454,0.0022945620547,0.0,0.818766354297,-0.573989286283,-0.0117772324605,0.0,-0.00832636868489,0.00863959350105,-0.999928011913,0.0,0.659018294516,0.257342056061,0.303559959734,1.0,-0.01052,-0.0138262857143,0.527
0.462954033038,0.53178457533,-0.124046769366,-1.38051076599,0.0780770664648,1.90317873294,0.156100165318,-0.00360660773356,-0.060168042035,0.00030456392822,-0.0914933239611,-0.00664653989676,0.0253580237639,-0.0139123469156,0.574061309307,0.818797326393,0.00230181427019,0.0,0.818758148705,-0.574000692528,-0.0117917686194,0.0,-0.00833398608895,0.00865399393945,-0.999927823928,0.0,0.65884595653,0.257123652108,0.303560428705,1.0,-0.01084,-0.0142468571429,0.543
0.462824537299,0.530789413339,-0.124044355561,-1.38212183296,0.0779651221456,1.90375417443,0.155902412145,-0.00418545406685,-0.060164593974,0.000739791138022,-0.0923473287597,-0.00650405872254,0.0317695985267,-0.0111931589702,0.574061256435,0.818797482118,0.00225921194156,0.0,0.818757812247,-0.57400086715,-0.0118066208842,0.0,-0.00837060299885,0.00862763715448,-0.999927745831,0.0,0.658650023734,0.256882532628,0.303544673688,1.0,-0.01118,-0.0146937142857,0.56
0.462694401256,0.529873533702,-0.124057733319,-1.38358415864,0.0778758619359,1.90427472711,0.155706678917,-0.0053186969603,-0.0599876801399,-0.00167512451119,-0.0980621294122,-0.0030243806571,0.0351498712939,-0.0103165564033,0.574072372269,0.818789759233,0.00223348917224,0.0,0.818749775565,-0.574012102556,-0.0118176999747,0.0,-0.00839432351794,0.00861304964565,-0.999927672739,0.0,0.658477874052,0.25664838621,0.303539424138,1.0,-0.01148,-0.015088,0.575
0.462555677464,0.528830712539,-0.1240580397,-1.38523994347,0.0777616470036,1.9048890619,0.155476205699,-0.00492519299724,-0.0609841906422,-0.00194547706942,-0.102668343187,-0.00251703891899,0.0412999488572,-0.0128113832603,0.574056558329,0.818800866843,0.00222602742614,0.0,0.818760887104,-0.573996423106,-0.0118094415699,0.0,-0.00839201078626,0.00860203718944,-0.999927786948,0.0,0.65828274963,0.256397244082,0.303538975917,1.0,-0.01182,-0.0155348571429,0.592
0.462416419927,0.527721429964,-0.124060248541,-1.38694642557,0.0776652780002,1.90555583771,0.155234378183,-0.0147875588746,-0.0685176333311,0.00285697959313,-0.0990329117964,-0.00682979167091,0.0415461739332,-0.0116399280013,0.574040815437,0.818811735043,0.00228728455477,0.0,0.81877252669,-0.573980420781,-0.0117801951967,0.0,-0.00833306595432,0.00863524486612,-0.999927993686,0.0,0.658087089042,0.256145933686,0.303565567783,1.0,-0.01216,-0.0159817142857,0.609
0.462281392289,0.52663682025,-0.12405874586,-1.38860891638,0.0775597423865,1.90618853338,0.155008315865,-0.0100929282964,-0.0659432385259,0.000200489974333,-0.097424042429,-0.00966118749791,0.0407292326016,-0.0184951498231,0.574031858006,0.81881789955,0.00232814792762,0.0,0.818779287129,-0.573971377393,-0.0117509065274,0.0,-0.00828572185363,0.00865180058167,-0.999928244006,0.0,0.657882050235,0.255884973278,0.303589453066,1.0,-0.0125,-0.0164285714286,0.626
0.462131203315,0.525481506173,-0.124067310361,-1.39043844793,0.0774375719785,1.90684489967,0.154774727843,-0.0124841293706,-0.0697430008738,-0.00205994671743,-0.108997238217,-0.00650301623397,0.0399903836822,-0.0103906591347,0.574027709524,0.818820869138,0.00230648317986,0.0,0.818781985322,-0.573967321534,-0.011761004397,0.0,-0.00830646979462,0.00863981563602,-0.999928175493,0.0,0.657656390754,0.25560384423,0.303590678747,1.0,-0.01284,-0.0168754285714,0.643
0.461974565618,0.524303479529,-0.124065255378,-1.39230855454,0.0773285410795,1.90751080949,0.154518651272,-0.00524322252826,-0.0699207435025,-0.00101373500698,-0.116398332903,-0.00141811569655,0.0378701782906,-0.017615639894,0.574018166253,0.818827609862,0.0022884580517,0.0,0.818788422286,-0.573957775665,-0.0117787174846,0.0,-0.00833142119781,0.00863512702193,-0.99992800841,0.0,0.657441714292,0.255339004334,0.303587491382,1.0,-0.01316,-0.017296,0.659
0.461816085416,0.52311595294,-0.124066287915,-1.3942231131,0.0772107332014,1.90821297227,0.154262302577,-0.0116697915718,-0.0708115221321,0.00188452257641,-0.114620754519,-0.0100915766089,0.0475120190445,-0.0145891867216,0.574009730751,0.818833588633,0.00226495704845,0.0,0.818794071588,-0.573949406325,-0.0117938209425,0.0,-0.00835736687796,0.00862446743513,-0.99992788389,0.0,0.657209911889,0.255051173372,0.303571954612,1.0,-0.0135,-0.0177428571429,0.676
0.461664866967,0.52187678214,-0.124082258487,-1.39616031359,0.0770991219817,1.9089790665,0.153994000406,-0.0086864389786,-0.0751923360099,0.000367401237322,-0.116429500919,-0.00229153419864,0.0391978479783,-0.0112679484624,0.573999119501,0.818840873257,0.00231991317869,0.0,0.818802131164,-0.573938650261,-0.0117576630372,0.0,-0.00829632696033,0.00864860459799,-0.99992818372,0.0,0.656987484412,0.254762725336,0.303587627268,1.0,-0.01384,-0.0181897142857,0.693
0.461505795659,0.520724351139,-0.124081233616,-1.3980566077,0.0769764734361,1.909693689,0.15372967614,-0.011851637494,-0.0732739643284,-8.35476020957e-05,-0.121126080046,-0.00292946023287,0.0414117969578,-0.0130420779797,0.57398050885,0.81885400688,0.00228861924713,0.0,0.818814897084,-0.57392020078,-0.0117692120233,0.0,-0.00832394186698,0.0086294199823,-0.999928119968,0.0,0.656760230772,0.254477546515,0.303556520177,1.0,-0.01416,-0.0186102857143,0.709
0.461341130099,0.519403156353,-0.124087502081,-1.40008625253,0.0768436684243,1.91043737062,0.153461095024,-0.00820436536322,-0.0749795055318,-0.000242240266799,-0.120933721216,-0.0114592647392,0.0457165955142,-0.0179207111586,0.573971929613,0.818859953744,0.00231237387501,0.0,0.818821224954,-0.573911608041,-0.0117479624572,0.0,-0.0082929974512,0.00863658777056,-0.999928315203,0.0,0.656514713891,0.25417122516,0.303582787973,1.0,-0.0145,-0.0190571428571,0.726
0.461160003679,0.518066730062,-0.124087362367,-1.40217695579,0.0767110254859,1.91118275784,0.153178288647,-0.00920089098832,-0.0781944016984,0.00150583819737,-0.122674404707,-0.0075987533431,0.050070343635,-0.0140557308158,0.573963544069,0.818865858924,0.00230262248067,0.0,0.818826977341,-0.573903233102,-0.0117561522403,0.0,-0.00830538912009,0.00863321842646,-0.999928241451,0.0,0.656257484054,0.253850995936,0.303590253922,1.0,-0.01484,-0.019504,0.743
0.460986286242,0.516708995866,-0.124096763603,-1.40429570734,0.0765748947926,1.91195607255,0.152881758748,-0.00986879269319,-0.0800311856811,0.000933898584359,-0.124038064173,-0.0043877888222,0.047274133915,-0.0137099283652,0.57394495433,0.8188788759,0.00230714240805,0.0,0.818840108659,-0.573884686486,-0.0117469131944,0.0,-0.00829542508705,0.00863142847873,-0.999928339615,0.0,0.65599946293,0.253528389659,0.303601634691,1.0,-0.01518,-0.0199508571429,0.76
0.460800654877,0.515337196065,-0.124105238855,-1.40647960949,0.0764369288052,1.91278826627,0.15259010445,-0.0067298903646,-0.0798206791675,0.000652704636962,-0.122630317016,-0.00645170144508,0.0531250920056,-0.00965930946086,0.573942376493,0.818880654061,0.00231727660386,0.0,0.818842094578,-0.57388215028,-0.011732375628,0.0,-0.00827773111967,0.00863135735822,-0.999928486862,0.0,0.65574024551,0.253194676191,0.303596567166,1.0,-0.01552,-0.0203977142857,0.777
0.460607220973,0.513946276558,-0.124114536727,-1.40871946036,0.0763086859188,1.91358956423,0.152286700289,-0.00978289741245,-0.0841257991816,-0.0013005209139,-0.135000695055,-0.00477457821434,0.0412069933438,-0.0199450327927,0.57394219312,0.818880890537,0.00227880915101,0.0,0.818841720223,-0.573881996429,-0.0117659805453,0.0,-0.00832732940879,0.00861914262884,-0.999928180404,0.0,0.655462851396,0.252848547289,0.30357522451,1.0,-0.01586,-0.0208445714286,0.794
0.460410688268,0.512542402261,-0.12411848184,-1.41099111156,0.0761787988176,1.91436889055,0.151956940871,-0.0114976099936,-0.0782224525809,-0.000888417163659,-0.134861093085,-0.0044172695033,0.0447355993749,-0.0195948401273,0.573919814762,0.818896766894,0.00220868629661,0.0,0.81885649153,-0.573859692357,-0.0118256783128,0.0,-0.00841669574547,0.00859575371334,-0.999927633507,0.0,0.655172613484,0.25249826094,0.303545314415,1.0,-0.0162,-0.0212914285714,0.811
0.460218424875,0.511172009973,-0.124119084758,-1.41316662221,0.0760360429267,1.91519469733,0.15165361286,-0.0113294252808,-0.095278765631,0.000553323082591,-0.13512545877,-0.00463590548209,0.0530700216636,-0.0183133467258,0.573904631282,0.81890738048,0.0022188488312,0.0,0.818867314706,-0.573844550281,-0.0118110084096,0.0,-0.00839900935481,0.00859550070055,-0.999927784397,0.0,0.654911690993,0.25216477563,0.303541148825,1.0,-0.01652,-0.021712,0.827
0.460014223461,0.50970783264,-0.124119578696,-1.41550704361,0.0758921728461,1.91607576082,0.151323379286,-0.0163305639433,-0.0926754084165,0.00151322230214,-0.137662308132,-0.00737203211211,0.052805001588,-0.0288170513107,0.573885131374,0.818921041493,0.002220515322,0.0,0.81888098043,-0.573825028953,-0.0118119828545,0.0,-0.00839905574022,0.0085972246194,-0.999927769187,0.0,0.654627112921,0.251808830099,0.303528518792,1.0,-0.01686,-0.0221588571429,0.844
0.459812240987,0.508225918698,-0.124128400063,-1.41788952437,0.0757406919438,1.91691675086,0.150990533268,-0.010201579796,-0.0876240210304,0.000303441137595,-0.140395588324,-0.0113823717257,0.0542628082503,-0.023643897902,0.573866932874,0.818933943114,0.00216496431091,0.0,0.818893142322,-0.573807033124,-0.0118430188929,0.0,-0.00845654122693,0.00856935634229,-0.999927523895,0.0,0.654325700051,0.251440930364,0.303504576542,1.0,-0.0172,-0.0226057142857,0.861
0.459569469933,0.506507423227,-0.124134694149,-1.42057055537,0.0755708651328,1.91789697197,0.150631782568,-0.0152531579145,-0.0925428184369,-0.00227366527054,-0.145490290279,-0.00717189592248,0.0519760152293,-0.0166749912994,0.573869290026,0.818932263464,0.0021754823771,0.0,0.818891613987,-0.573809363131,-0.011835802714,0.0,-0.00844457113338,0.00857385304861,-0.999927586509,0.0,0.653996488187,0.251022044231,0.303515359387,1.0,-0.01758,-0.0231051428571,0.88
0.459377563436,0.505106569487,-0.124130900429,-1.42274036847,0.0754399160611,1.91872387841,0.15033029977,-0.0118894981127,-0.0934779608628,0.00228050369858,-0.144851739072,-0.00781240926225,0.0516516486675,-0.0268546258305,0.573853633116,0.818943099915,0.00222570486429,0.0,0.8189030638,-0.573793470864,-0.0118140507078,0.0,-0.00839810207946,0.00860233807461,-0.999927733219,0.0,0.653732619854,0.250694694649,0.303533242583,1.0,-0.01788,-0.0234994285714,0.895
0.459140759351,0.503365147503,-0.124135514502,-1.42535719896,0.0752612553285,1.91972444052,0.149969020173,-0.00971816863371,-0.0920421143552,0.00147804516002,-0.143933671704,-0.00686590766336,0.0531096693243,-0.0202971867656,0.573841173972,0.818951565836,0.00232094157339,0.0,0.818912955191,-0.573780843595,-0.0117414754557,0.0,-0.00828414739128,0.00863855750136,-0.999928371548,0.0,0.653419859815,0.250288721488,0.303590957769,1.0,-0.01824,-0.0239725714286,0.913
0.458917477462,0.501767304823,-0.124141624925,-1.42771966557,0.0751085909902,1.9205905984,0.149632185652,-0.0148348249461,-0.098441075492,0.00194134604184,-0.147883150296,-0.00732862672328,0.05527840422,-0.0194418666292,0.573838816032,0.818952983265,0.00240235682962,0.0,0.818915469829,-0.573778227106,-0.0116938562766,0.0,-0.00819845628666,0.00867788288854,-0.999928737292,0.0,0.653114943528,0.249887911443,0.303654197444,1.0,-0.01858,-0.0244194285714,0.93
0.458693314436,0.500148897583,-0.124147920105,-1.43015956605,0.0749544224949,1.92144888602,0.149293492291,-0.0228012705456,-0.0984923669999,-7.1304571909e-05,-0.155761170224,-0.0123528382216,0.0525181626951,-0.018776252148,0.573825281968,0.818962370723,0.00243475152186,0.0,0.818925254994,-0.57376455307,-0.0116795237824,0.0,-0.00816827363152,0.00869605296451,-0.999928826452,0.0,0.652823908851,0.24952947123,0.303699705999,1.0,-0.01888,-0.0248137142857,0.945
0.458447626542,0.498472673321,-0.124147932176,-1.43277686369,0.0747937567101,1.92242314868,0.148914088409,-0.00928034393945,-0.0915430943117,0.000150944546891,-0.15096761719,-0.00838174807509,0.0574255202877,-0.0208984994658,0.573805620297,0.818976063263,0.00246268547942,0.0,0.818939265783,-0.573744746134,-0.011670138984,0.0,-0.00814476843969,0.008713348936,-0.999928867619,0.0,0.652500880406,0.249120926732,0.303707466329,1.0,-0.01922,-0.0252605714286,0.962
0.458198091226,0.496892772036,-0.124145179295,-1.43528103395,0.0746371615467,1.92333117335,0.148540781865,-0.0146589789432,-0.0986473269427,0.000333410063733,-0.156212128481,-0.00758990313531,0.0528070619385,-0.0201369781879,0.573789182456,0.818987614962,0.0024510277331,0.0,0.818950563054,-0.573728242119,-0.0116887283776,0.0,-0.00816685718049,0.00871430421915,-0.99992867913,0.0,0.652168845796,0.248697283795,0.303697242199,1.0,-0.01956,-0.0257074285714,0.979
0.457927914534,0.495223394692,-0.124145862339,-1.43797733127,0.0744698919357,1.92425998821,0.14814857297,-0.014402303963,-0.0937883636245,0.000355337414136,-0.161319772445,-0.0143343433462,0.0482586409402,-0.0248130599711,0.573778033222,0.818995677224,0.00236562522483,0.0,0.818957400092,-0.573717285122,-0.0117473608824,0.0,-0.00826399680742,0.00867789098266,-0.999928197705,0.0,0.651841135095,0.248281882102,0.303655828921,1.0,-0.01988,-0.026128,0.995
0.457631777036,0.493418112139,-0.124145859029,-1.44091790657,0.0742831398868,1.92532089216,0.147746119454,-0.015448519527,-0.0992874324113,0.00195347129943,-0.15907559941,-0.00747617859816,0.0612119990451,-0.0230231656919,0.573788309988,0.818988669504,0.00229813997226,0.0,0.818949451122,-0.573727748623,-0.0117904142973,0.0,-0.00833786957579,0.0086474288524,-0.99992784835,0.0,0.651470605063,0.247806012677,0.303605329661,1.0,-0.0209674285714,-0.0275571918367,1.013
0.457343182641,0.491563697611,-0.124154021136,-1.44386743844,0.0740954996107,1.92641106554,0.147333722361,-0.0166923881131,-0.114645308307,0.00081117481632,-0.184624809388,-0.0134038118197,0.0702932692049,-0.0229180887244,0.573789796,0.818987657313,0.0022878102563,0.0,0.818948322024,-0.573729292009,-0.0117937375612,0.0,-0.00834650243363,0.00864089100374,-0.999927832846,0.0,0.651103536675,0.247331813719,0.303586710617,1.0,-0.0223662857143,-0.0293956897959,1.03
0.457047400551,0.489742978767,-0.124168983424,-1.44681450605,0.0739120104287,1.92743379754,0.146897009958,-0.0231359844552,-0.117840981757,-0.00523632374708,-0.190192323409,-0.00207656571873,0.0731143092792,-0.0267267589157,0.57378222611,0.818993209472,0.00219698417405,0.0,0.818952596227,-0.573721977541,-0.011852616644,0.0,-0.00844691707025,0.00860021223715,-0.999927340331,0.0,0.650724215829,0.246845198118,0.303539486017,1.0,-0.0236828571429,-0.0311260408163,1.046
0.456712654023,0.487640051674,-0.124180499471,-1.45008913624,0.0737067918114,1.92865727978,0.146429395876,-0.0172945040408,-0.131236581599,-0.00090484912299,-0.197131770507,-0.0108566309113,0.0837305757984,-0.0233794667894,0.573788863119,0.818988453131,0.00223631369615,0.0,0.818948376445,-0.573728484585,-0.0118291840713,0.0,-0.00840509012042,0.00861904549391,-0.999927530632,0.0,0.650320917221,0.246310289864,0.303548807185,1.0,-0.0250817142857,-0.0329645387755,1.063
0.456345829093,0.485412178512,-0.124198976137,-1.45347769265,0.073500979865,1.929966523,0.145922564527,-0.0242737858422,-0.126623722897,-0.0014688652229,-0.202779483998,-0.00926522777166,0.079124920594,-0.0340915620544,0.57379969564,0.81898051777,0.0023595970249,0.0,0.818942112678,-0.573738915305,-0.0117567022659,0.0,-0.00827487678837,0.00867853264317,-0.999928102158,0.0,0.649917763223,0.245744407843,0.303597163217,1.0,-0.0264805714286,-0.0348030367347,1.08
0.4559826272,0.483209739895,-0.124219927719,-1.45687349271,0.0732839923437,1.93111921829,0.145404248308,-0.0235985070727,-0.136120475035,-0.00149026848589,-0.215946960561,-0.0179401398682,0.0745590122227,-0.0290871190071,0.573795224609,0.818983755952,0.00232262849915,0.0,0.818944795238,-0.573734505916,-0.0117849893835,0.0,-0.00831930292712,0.00866444196832,-0.99992785572,0.0,0.649478973166,0.245166497591,0.303609797543,1.0,-0.0277971428571,-0.0365333877551,1.096
0.455579079805,0.480736082527,-0.124254250168,-1.46070342223,0.0730510880935,1.93248998288,0.144830783665,-0.0244451796469,-0.14556752891,-4.89213837337e-05,-0.228644200665,-0.0199096814138,0.0852004664585,-0.0333321294574,0.573805037334,0.818976851799,0.00233286288781,0.0,0.818937982519,-0.573744235133,-0.0117847503596,0.0,-0.008313131169,0.00867278612488,-0.999927834712,0.0,0.648995792477,0.244519051699,0.303622039413,1.0,-0.029196,-0.0383718857143,1.113
0.455144761459,0.478187405074,-0.124266581261,-1.46463180879,0.0728108544798,1.93394066156,0.144266128938,-0.0278374128569,-0.144809535294,-0.00129242181662,-0.236770259549,-0.0161676837286,0.0812266559466,-0.0282024803179,0.573833299381,0.818956874671,0.00239350213306,0.0,0.818918730587,-0.573772199053,-0.011761087903,0.0,-0.00825865781423,0.00870915528239,-0.999927969999,0.0,0.648506692306,0.243858375271,0.303644180461,1.0,-0.0305948571429,-0.0402103836735,1.13
0.454665638575,0.47535225699,-0.12428002109,-1.46896736224,0.0725378137978,1.93553974663,0.143651367532,-0.0288164935068,-0.158301680615,0.000555561289538,-0.247835909664,-0.0101626225895,0.0889521489423,-0.0359753521462,0.573867386254,0.818932749621,0.00247416515291,0.0,0.81889564992,-0.573805980043,-0.0117200132057,0.0,-0.00817836933878,0.00875198492898,-0.999928255944,0.0,0.647964216735,0.243128818741,0.303682036268,1.0,-0.032076,-0.0421570285714,1.148
0.454246894425,0.472896926613,-0.124282800902,-1.47278322424,0.0722959226569,1.93686225219,0.143090118152,-0.0285737413405,-0.17221866413,0.000258925310582,-0.25242799935,-0.0142017879532,0.0829034716393,-0.0328141164626,0.573869779848,0.81893116363,0.00244374990007,0.0,0.818893495645,-0.573808300484,-0.0117568697875,0.0,-0.0082259814544,0.00874825160577,-0.999927898062,0.0,0.647463267391,0.242488067539,0.303678627911,1.0,-0.0333102857143,-0.0437792326531,1.163
0.453704719884,0.469673667592,-0.124287557428,-1.47771626708,0.071982184663,1.93866786602,0.142332134741,-0.0280491240844,-0.181232707532,-0.000638328632859,-0.255085242484,-0.0199895286726,0.100913920561,-0.0364394248476,0.57384646664,0.818947256531,0.0025240138951,0.0,0.818910571351,-0.573784631523,-0.0117226131618,0.0,-0.00815211845903,0.00879409111714,-0.999928100878,0.0,0.646832867423,0.241665762502,0.303714241106,1.0,-0.0348737142857,-0.0458340244898,1.182
0.453234602127,0.466835284187,-0.124282791777,-1.48200286582,0.0717024983293,1.94027877516,0.141633196813,-0.028970313318,-0.176205401767,0.000201405900782,-0.272416703581,-0.0115851676254,0.0880437161329,-0.0408073749673,0.573782473581,0.81899166703,0.00265880588315,0.0,0.818956769006,-0.573720209223,-0.0116481298998,0.0,-0.00801446496017,0.00886111046583,-0.999928621989,0.0,0.646289122879,0.240959713834,0.303772327184,1.0,-0.0361902857143,-0.0475643755102,1.198
0.452725675327,0.46392419267,-0.124298200613,-1.48654940092,0.0713970610556,1.9418039435,0.140972382256,-0.0301497115719,-0.18175789038,-0.00295654166061,-0.286523740378,-0.0233649315471,0.0957262882143,-0.0456929899716,0.573798806125,0.818980544917,0.00255813169308,0.0,0.81894422972,-0.573736774604,-0.0117136234974,0.0,-0.00812569197299,0.00881640011012,-0.999928119526,0.0,0.645676863154,0.240178208548,0.303748334678,1.0,-0.0375068571429,-0.0492947265306,1.214
0.45216850499,0.460751551655,-0.124298066455,-1.49153249788,0.0710560034051,1.94356271711,0.140219352918,-0.0363194945754,-0.187626253428,-0.00328295113388,-0.297187139003,-0.0245140134955,0.0996766870757,-0.0418610959595,0.573777067008,0.818995946727,0.00250270276211,0.0,0.81895888999,-0.573715216451,-0.0117445229998,0.0,-0.008183035625,0.00878851784248,-0.999927897342,0.0,0.645015021556,0.239337202929,0.303714517237,1.0,-0.0389057142857,-0.0511332244898,1.231
0.451611831224,0.457680473617,-0.12429912911,-1.49629253419,0.0707381989599,1.9452494824,0.13948807886,-0.0383603614097,-0.19429950015,0.0012391189608,-0.302831301493,-0.0214532815413,0.105806055665,-0.0435131493753,0.573767984309,0.819002332904,0.00249515151382,0.0,0.81896511078,-0.573706090489,-0.0117565284973,0.0,-0.00819729846934,0.00878913091228,-0.99992777513,0.0,0.644386795641,0.238520271445,0.303708322531,1.0,-0.0402222857143,-0.0528635755102,1.247
0.45097706178,0.454357512728,-0.124338127231,-1.50158746339,0.070370070083,1.94707991081,0.138663611108,-0.0385107552374,-0.198245617761,-0.00258962286288,-0.312200542313,-0.0283287102318,0.110455563772,-0.0430695337097,0.573782789674,0.818992381153,0.00235303796477,0.0,0.818953405864,-0.573721528545,-0.0118183589847,0.0,-0.00832931779347,0.00870836710602,-0.999927390768,0.0,0.643684252195,0.237573660389,0.303632263438,1.0,-0.0416211428571,-0.0547020734694,1.264
0.450272941751,0.450378057359,-0.124394995287,-1.50754946663,0.0699780584276,1.94929343402,0.137727897737,-0.0312468312348,-0.205271102139,-0.00371859953207,-0.315937320181,-0.0187749126514,0.121752018465,-0.0523922699063,0.573799146431,0.81898038506,0.00253285291866,0.0,0.818944013009,-0.573737499629,-0.0116932449353,0.0,-0.00812350194178,0.00878400781579,-0.9999284224,0.0,0.642923237891,0.236524332518,0.303719372035,1.0,-0.0431845714286,-0.0567568653061,1.283
0.449673039358,0.447145013125,-0.124407771696,-1.51244257018,0.069643897485,1.95093619743,0.137009622324,-0.0408882854272,-0.220319342653,0.000678215565421,-0.330294625066,-0.0226432163618,0.106974060552,-0.0436535913606,0.573839461438,0.818952198708,0.00251309143039,0.0,0.818915469345,-0.57377777209,-0.0117161949115,0.0,-0.00815320455576,0.0087813934954,-0.999928203615,0.0,0.642256479812,0.235656400865,0.303749461798,1.0,-0.0444188571429,-0.0583790693878,1.298
0.448942155355,0.443216289744,-0.124418189639,-1.51848611143,0.0692236015188,1.95302685741,0.1360836097,-0.033540779937,-0.224822336822,5.256969374e-05,-0.334412073567,-0.0206810692776,0.124262535246,-0.0509078386505,0.573840892176,0.818951298547,0.00247951111666,0.0,0.818914111117,-0.573779301539,-0.0117362106557,0.0,-0.00818885046058,0.00876539299651,-0.999928052719,0.0,0.641434541498,0.234597130346,0.303744557255,1.0,-0.0459,-0.0603257142857,1.316
0.448220102368,0.439464533914,-0.12442614048,-1.52430181054,0.068821298923,1.95509342659,0.135125823951,-0.0473512292273,-0.219972578789,-0.00164939473994,-0.343353635996,-0.0269055171772,0.11940305349,-0.0564369481409,0.573799867188,0.81898007634,0.00246857736771,0.0,0.818942760471,-0.5737383364,-0.0117398176426,0.0,-0.00819851712382,0.00875809798862,-0.999928037429,0.0,0.640651474708,0.233571674199,0.303721491676,1.0,-0.0472988571429,-0.0621642122449,1.333
0.447544350708,0.436060931994,-0.124427056523,-1.52954553108,0.0684645717269,1.95696076612,0.134285049526,-0.049025262812,-0.229792949019,2.06077672217e-05,-0.35081853349,-0.0287975734472,0.122683980421,-0.0483638290145,0.573796765733,0.818982199934,0.0024848997529,0.0,0.818945040639,-0.573735116063,-0.0117381390932,0.0,-0.00818781037026,0.00877047143528,-0.999928016705,0.0,0.639945674886,0.232637449746,0.303712128259,1.0,-0.0485331428571,-0.0637864163265,1.348
0.446766897666,0.432047000326,-0.124452233338,-1.53556380313,0.0680375312223,1.95914012186,0.133302659774,-0.045921317104,-0.239497950092,-0.00416440521186,-0.362067853686,-0.0295480725852,0.125655101718,-0.0592489820418,0.573790219732,0.818986390496,0.00261205351454,0.0,0.818951140077,-0.573728396657,-0.0116406158445,0.0,-0.00803505137841,0.00881858551202,-0.999928832717,0.0,0.639146124612,0.231551973926,0.303774547076,1.0,-0.049932,-0.0656249142857,1.365
0.445996173755,0.428211601462,-0.124479353781,-1.54154082384,0.0676048712353,1.96104286376,0.132360457632,-0.0462492120856,-0.240900019082,-0.00285430440371,-0.370342523047,-0.0179510452378,0.106573728571,-0.0597264812564,0.573804716172,0.818976900774,0.00239386690453,0.0,0.818938675724,-0.573743527692,-0.0117710125398,0.0,-0.00826688088924,0.00871486049017,-0.999927852341,0.0,0.638289448829,0.230455316068,0.303707991103,1.0,-0.0512485714286,-0.0673552653061,1.381
0.445110842666,0.423759383732,-0.124521834073,-1.54828339584,0.0671106886849,1.9633659559,0.131231390239,-0.0508287719817,-0.251484525427,-1.62745485502e-05,-0.372112707937,-0.0243225203817,0.126384197914,-0.0606413954234,0.573788042508,0.818988612902,0.00238350834538,0.0,0.818950435207,-0.573727086613,-0.0117542189388,0.0,-0.00825924718162,0.00869657290886,-0.999928074641,0.0,0.63740951479,0.229286268482,0.303720552726,1.0,-0.0526474285714,-0.0691937632653,1.398
