txl1_x,txl1_y,txl1_z,txl2_x,txl2_y,txl2_z,txl3_x,txl3_y,txl3_z,txl4_x,txl4_y,txl4_z,txl5_x,txl5_y,txl5_z,txl6_x,txl6_y,txl6_z,txl7_x,txl7_y,txl7_z,txl8_x,txl8_y,txl8_z,txl9_x,txl9_y,txl9_z,txl10_x,txl10_y,txl10_z,txl11_x,txl11_y,txl11_z,txl12_x,txl12_y,txl12_z,txl13_x,txl13_y,txl13_z,txl14_x,txl14_y,txl14_z,txl15_x,txl15_y,txl15_z,txl16_x,txl16_y,txl16_z
15822.0,16651.0,38476.0,15848.0,16518.0,38166.0,15635.0,16557.0,38238.0,15343.0,16365.0,39154.0,15974.0,16372.0,37666.0,15709.0,16475.0,38130.0,15798.0,16526.0,37741.0,15518.0,16384.0,38152.0,16213.0,16499.0,37598.0,15884.0,16277.0,38114.0,15696.0,16265.0,38039.0,15452.0,16348.0,38545.0,16083.0,16277.0,38642.0,15900.0,16352.0,38892.0,15756.0,16119.0,38389.0,15535.0,16019.0,38471.0
15822.0,16651.0,38476.0,15848.0,16518.0,38166.0,15635.0,16557.0,38238.0,15343.0,16365.0,39154.0,15974.0,16372.0,37666.0,15709.0,16475.0,38130.0,15798.0,16526.0,37741.0,15518.0,16384.0,38152.0,16213.0,16499.0,37598.0,15884.0,16277.0,38114.0,15696.0,16265.0,38039.0,15452.0,16348.0,38545.0,16083.0,16277.0,38642.0,15900.0,16352.0,38892.0,15756.0,16119.0,38389.0,15535.0,16019.0,38471.0
15822.0,16651.0,38476.0,15845.0,16518.0,38174.0,15637.0,16557.0,38238.0,15344.0,16366.0,39163.0,15973.0,16372.0,37665.0,15709.0,16475.0,38126.0,15799.0,16526.0,37735.0,15518.0,16384.0,38152.0,16213.0,16499.0,37598.0,15883.0,16277.0,38109.0,15694.0,16266.0,38036.0,15454.0,16348.0,38548.0,16081.0,16275.0,38641.0,15901.0,16353.0,38886.0,15757.0,16117.0,38388.0,15535.0,16019.0,38471.0
15820.0,16650.0,38476.0,15845.0,16520.0,38171.0,15635.0,16557.0,38236.0,15342.0,16365.0,39161.0,15972.0,16372.0,37664.0,15709.0,16476.0,38130.0,15799.0,16527.0,37740.0,15518.0,16386.0,38151.0,16213.0,16497.0,37594.0,15882.0,16277.0,38113.0,15693.0,16265.0,38040.0,15452.0,16349.0,38550.0,16081.0,16276.0,38635.0,15902.0,16352.0,38884.0,15756.0,16117.0,38389.0,15535.0,16018.0,38467.0
15821.0,16652.0,38474.0,15845.0,16519.0,38169.0,15635.0,16557.0,38239.0,15342.0,16366.0,39158.0,15972.0,16372.0,37665.0,15709.0,16475.0,38126.0,15799.0,16527.0,37740.0,15518.0,16386.0,38151.0,16213.0,16496.0,37588.0,15883.0,16279.0,38112.0,15693.0,16264.0,38039.0,15450.0,16347.0,38544.0,16082.0,16277.0,38636.0,15902.0,16353.0,38886.0,15756.0,16117.0,38389.0,15535.0,16018.0,38467.0
15820.0,16653.0,38474.0,15845.0,16519.0,38168.0,15633.0,16556.0,38236.0,15340.0,16365.0,39160.0,15972.0,16374.0,37666.0,15707.0,16477.0,38120.0,15799.0,16526.0,37740.0,15518.0,16384.0,38147.0,16214.0,16498.0,37599.0,15883.0,16277.0,38110.0,15694.0,16265.0,38040.0,15452.0,16347.0,38546.0,16083.0,16277.0,38642.0,15901.0,16355.0,38885.0,15756.0,16118.0,38383.0,15534.0,16017.0,38467.0
15818.0,16653.0,38471.0,15844.0,16519.0,38174.0,15632.0,16556.0,38241.0,15341.0,16365.0,39153.0,15972.0,16373.0,37665.0,15707.0,16477.0,38120.0,15796.0,16526.0,37735.0,15514.0,16383.0,38153.0,16212.0,16496.0,37593.0,15883.0,16278.0,38107.0,15692.0,16264.0,38038.0,15450.0,16347.0,38555.0,16083.0,16278.0,38638.0,15901.0,16355.0,38885.0,15756.0,16120.0,38392.0,15535.0,16016.0,38476.0
15818.0,16653.0,38471.0,15844.0,16519.0,38174.0,15632.0,16557.0,38232.0,15337.0,16365.0,39160.0,15973.0,16374.0,37661.0,15707.0,16475.0,38120.0,15796.0,16526.0,37735.0,15514.0,16383.0,38153.0,16212.0,16496.0,37593.0,15883.0,16278.0,38107.0,15692.0,16265.0,38037.0,15452.0,16348.0,38545.0,16082.0,16278.0,38638.0,15901.0,16354.0,38885.0,15756.0,16120.0,38392.0,15535.0,16016.0,38476.0
15816.0,16655.0,38470.0,15843.0,16521.0,38164.0,15630.0,16557.0,38233.0,15337.0,16365.0,39148.0,15973.0,16376.0,37660.0,15708.0,16477.0,38118.0,15795.0,16524.0,37732.0,15515.0,16385.0,38153.0,16214.0,16499.0,37589.0,15882.0,16278.0,38114.0,15693.0,16264.0,38036.0,15449.0,16346.0,38545.0,16083.0,16278.0,38635.0,15902.0,16355.0,38888.0,15757.0,16117.0,38391.0,15535.0,16017.0,38478.0
15819.0,16655.0,38477.0,15844.0,16520.0,38178.0,15634.0,16557.0,38235.0,15343.0,16363.0,39157.0,15974.0,16376.0,37670.0,15712.0,16475.0,38131.0,15801.0,16524.0,37727.0,15522.0,16383.0,38145.0,16217.0,16500.0,37603.0,15888.0,16278.0,38115.0,15698.0,16263.0,38043.0,15455.0,16346.0,38546.0,16084.0,16280.0,38647.0,15905.0,16355.0,38898.0,15761.0,16118.0,38393.0,15542.0,16017.0,38467.0
15820.0,16655.0,38484.0,15847.0,16518.0,38171.0,15638.0,16557.0,38230.0,15345.0,16362.0,39149.0,15973.0,16376.0,37678.0,15712.0,16475.0,38131.0,15801.0,16524.0,37727.0,15522.0,16381.0,38140.0,16218.0,16499.0,37607.0,15888.0,16279.0,38117.0,15701.0,16263.0,38041.0,15458.0,16345.0,38541.0,16084.0,16280.0,38658.0,15905.0,16355.0,38898.0,15761.0,16118.0,38393.0,15542.0,16017.0,38467.0
15820.0,16655.0,38484.0,15847.0,16518.0,38171.0,15636.0,16556.0,38237.0,15343.0,16364.0,39158.0,15974.0,16376.0,37678.0,15713.0,16476.0,38131.0,15802.0,16524.0,37739.0,15522.0,16381.0,38140.0,16218.0,16499.0,37607.0,15888.0,16279.0,38117.0,15699.0,16263.0,38040.0,15456.0,16346.0,38544.0,16085.0,16278.0,38649.0,15907.0,16357.0,38905.0,15762.0,16116.0,38394.0,15542.0,16017.0,38469.0
15816.0,16658.0,38471.0,15840.0,16522.0,38162.0,15630.0,16555.0,38231.0,15335.0,16361.0,39152.0,15971.0,16380.0,37659.0,15706.0,16477.0,38123.0,15796.0,16526.0,37736.0,15514.0,16382.0,38147.0,16215.0,16502.0,37593.0,15885.0,16282.0,38110.0,15692.0,16263.0,38040.0,15451.0,16344.0,38548.0,16085.0,16281.0,38641.0,15905.0,16357.0,38888.0,15759.0,16119.0,38393.0,15540.0,16017.0,38474.0
15816.0,16658.0,38471.0,15840.0,16522.0,38162.0,15630.0,16555.0,38231.0,15335.0,16361.0,39152.0,15971.0,16380.0,37659.0,15706.0,16477.0,38123.0,15796.0,16526.0,37736.0,15514.0,16382.0,38147.0,16215.0,16502.0,37593.0,15885.0,16282.0,38110.0,15692.0,16263.0,38040.0,15451.0,16344.0,38548.0,16085.0,16281.0,38641.0,15905.0,16357.0,38888.0,15759.0,16119.0,38393.0,15540.0,16017.0,38474.0
15815.0,16660.0,38475.0,15839.0,16526.0,38163.0,15629.0,16558.0,38230.0,15332.0,16360.0,39151.0,15968.0,16381.0,37657.0,15704.0,16480.0,38121.0,15795.0,16524.0,37727.0,15511.0,16380.0,38148.0,16214.0,16505.0,37597.0,15887.0,16284.0,38110.0,15695.0,16264.0,38037.0,15452.0,16344.0,38537.0,16084.0,16283.0,38640.0,15906.0,16358.0,38885.0,15759.0,16118.0,38392.0,15538.0,16015.0,38474.0
15814.0,16659.0,38466.0,15839.0,16522.0,38163.0,15629.0,16557.0,38226.0,15332.0,16360.0,39149.0,15970.0,16382.0,37663.0,15706.0,16480.0,38122.0,15796.0,16523.0,37728.0,15516.0,16380.0,38141.0,16215.0,16504.0,37597.0,15887.0,16281.0,38114.0,15697.0,16263.0,38039.0,15453.0,16341.0,38538.0,16085.0,16285.0,38647.0,15907.0,16359.0,38900.0,15761.0,16115.0,38398.0,15543.0,16012.0,38472.0
15814.0,16659.0,38466.0,15839.0,16522.0,38163.0,15629.0,16557.0,38226.0,15332.0,16360.0,39149.0,15970.0,16382.0,37663.0,15706.0,16480.0,38122.0,15796.0,16523.0,37728.0,15516.0,16380.0,38141.0,16215.0,16504.0,37597.0,15887.0,16281.0,38114.0,15697.0,16263.0,38039.0,15453.0,16341.0,38538.0,16085.0,16285.0,38647.0,15907.0,16359.0,38900.0,15761.0,16115.0,38398.0,15543.0,16012.0,38472.0
15813.0,16659.0,38471.0,15840.0,16525.0,38160.0,15630.0,16558.0,38232.0,15333.0,16358.0,39142.0,15969.0,16383.0,37667.0,15706.0,16479.0,38118.0,15795.0,16524.0,37730.0,15514.0,16382.0,38142.0,16214.0,16504.0,37600.0,15888.0,16281.0,38112.0,15697.0,16262.0,38031.0,15455.0,16342.0,38540.0,16086.0,16287.0,38656.0,15907.0,16360.0,38894.0,15762.0,16116.0,38393.0,15541.0,16014.0,38473.0
15814.0,16661.0,38480.0,15839.0,16527.0,38165.0,15629.0,16558.0,38223.0,15333.0,16360.0,39146.0,15970.0,16382.0,37668.0,15704.0,16480.0,38112.0,15796.0,16524.0,37733.0,15516.0,16381.0,38138.0,16216.0,16504.0,37598.0,15887.0,16283.0,38113.0,15699.0,16263.0,38035.0,15453.0,16342.0,38540.0,16086.0,16287.0,38652.0,15909.0,16360.0,38892.0,15763.0,16115.0,38394.0,15543.0,16015.0,38470.0
15814.0,16661.0,38480.0,15840.0,16522.0,38166.0,15630.0,16557.0,38232.0,15336.0,16360.0,39144.0,15969.0,16382.0,37666.0,15707.0,16482.0,38126.0,15796.0,16524.0,37733.0,15516.0,16381.0,38138.0,16216.0,16504.0,37598.0,15890.0,16281.0,38113.0,15697.0,16264.0,38040.0,15453.0,16342.0,38537.0,16086.0,16286.0,38655.0,15910.0,16359.0,38894.0,15763.0,16115.0,38394.0,15543.0,16015.0,38470.0
15814.0,16658.0,38473.0,15841.0,16525.0,38161.0,15630.0,16558.0,38227.0,15337.0,16360.0,39147.0,15972.0,16382.0,37666.0,15707.0,16479.0,38122.0,15796.0,16523.0,37731.0,15515.0,16382.0,38144.0,16215.0,16503.0,37597.0,15886.0,16282.0,38111.0,15697.0,16264.0,38038.0,15453.0,16344.0,38539.0,16085.0,16283.0,38652.0,15908.0,16356.0,38890.0,15763.0,16116.0,38390.0,15538.0,16014.0,38470.0
15814.0,16658.0,38473.0,15841.0,16525.0,38161.0,15629.0,16557.0,38230.0,15336.0,16362.0,39149.0,15971.0,16379.0,37664.0,15707.0,16479.0,38124.0,15796.0,16524.0,37730.0,15515.0,16382.0,38144.0,16215.0,16503.0,37597.0,15886.0,16282.0,38111.0,15697.0,16264.0,38037.0,15452.0,16345.0,38540.0,16085.0,16283.0,38639.0,15906.0,16358.0,38887.0,15759.0,16118.0,38385.0,15538.0,16014.0,38470.0
15818.0,16654.0,38465.0,15842.0,16520.0,38156.0,15633.0,16557.0,38229.0,15339.0,16364.0,39151.0,15972.0,16378.0,37660.0,15707.0,16478.0,38118.0,15794.0,16523.0,37733.0,15515.0,16381.0,38152.0,16213.0,16497.0,37596.0,15882.0,16278.0,38113.0,15695.0,16264.0,38036.0,15449.0,16346.0,38543.0,16082.0,16281.0,38638.0,15904.0,16355.0,38891.0,15757.0,16115.0,38391.0,15537.0,16014.0,38475.0
15820.0,16654.0,38472.0,15845.0,16521.0,38167.0,15635.0,16558.0,38240.0,15341.0,16367.0,39157.0,15971.0,16374.0,37661.0,15708.0,16475.0,38118.0,15797.0,16523.0,37728.0,15515.0,16383.0,38157.0,16213.0,16497.0,37596.0,15885.0,16277.0,38108.0,15694.0,16265.0,38036.0,15451.0,16348.0,38546.0,16084.0,16277.0,38634.0,15902.0,16353.0,38890.0,15756.0,16117.0,38389.0,15535.0,16014.0,38473.0
15820.0,16654.0,38472.0,15845.0,16521.0,38167.0,15635.0,16558.0,38240.0,15342.0,16368.0,39159.0,15974.0,16375.0,37662.0,15707.0,16477.0,38119.0,15796.0,16525.0,37741.0,15517.0,16384.0,38150.0,16212.0,16498.0,37596.0,15885.0,16277.0,38108.0,15694.0,16265.0,38036.0,15451.0,16350.0,38545.0,16082.0,16275.0,38636.0,15902.0,16353.0,38887.0,15757.0,16116.0,38387.0,15537.0,16018.0,38467.0
15821.0,16650.0,38468.0,15846.0,16517.0,38168.0,15637.0,16557.0,38237.0,15344.0,16367.0,39165.0,15976.0,16372.0,37661.0,15710.0,16476.0,38120.0,15798.0,16525.0,37735.0,15518.0,16387.0,38151.0,16211.0,16493.0,37592.0,15883.0,16275.0,38115.0,15693.0,16263.0,38039.0,15451.0,16351.0,38549.0,16080.0,16274.0,38635.0,15900.0,16352.0,38886.0,15754.0,16117.0,38396.0,15533.0,16019.0,38476.0
15821.0,16650.0,38468.0,15846.0,16517.0,38168.0,15640.0,16555.0,38242.0,15346.0,16367.0,39158.0,15976.0,16371.0,37670.0,15711.0,16474.0,38120.0,15801.0,16524.0,37734.0,15518.0,16387.0,38151.0,16211.0,16493.0,37592.0,15883.0,16275.0,38115.0,15696.0,16264.0,38039.0,15453.0,16348.0,38553.0,16081.0,16274.0,38646.0,15900.0,16351.0,38893.0,15754.0,16117.0,38388.0,15533.0,16018.0,38473.0
15826.0,16651.0,38478.0,15850.0,16519.0,38171.0,15637.0,16557.0,38245.0,15345.0,16369.0,39166.0,15975.0,16370.0,37668.0,15710.0,16474.0,38124.0,15800.0,16527.0,37734.0,15524.0,16389.0,38149.0,16214.0,16496.0,37597.0,15883.0,16276.0,38109.0,15693.0,16264.0,38040.0,15450.0,16349.0,38554.0,16080.0,16274.0,38635.0,15899.0,16353.0,38884.0,15753.0,16118.0,38385.0,15535.0,16023.0,38471.0
15822.0,16651.0,38472.0,15850.0,16518.0,38168.0,15639.0,16558.0,38241.0,15347.0,16367.0,39162.0,15975.0,16370.0,37663.0,15711.0,16474.0,38130.0,15797.0,16527.0,37728.0,15517.0,16386.0,38156.0,16213.0,16497.0,37592.0,15884.0,16277.0,38109.0,15695.0,16265.0,38036.0,15452.0,16349.0,38547.0,16082.0,16272.0,38645.0,15902.0,16351.0,38895.0,15753.0,16115.0,38385.0,15534.0,16019.0,38480.0
15822.0,16651.0,38472.0,15850.0,16518.0,38168.0,15639.0,16558.0,38241.0,15347.0,16367.0,39162.0,15975.0,16370.0,37663.0,15711.0,16474.0,38130.0,15797.0,16527.0,37728.0,15517.0,16386.0,38156.0,16213.0,16497.0,37592.0,15884.0,16277.0,38109.0,15695.0,16265.0,38036.0,15452.0,16349.0,38547.0,16082.0,16272.0,38645.0,15902.0,16351.0,38895.0,15753.0,16115.0,38385.0,15534.0,16019.0,38480.0
15817.0,16655.0,38466.0,15843.0,16521.0,38163.0,15632.0,16559.0,38232.0,15340.0,16365.0,39158.0,15972.0,16372.0,37655.0,15708.0,16475.0,38115.0,15798.0,16524.0,37740.0,15514.0,16385.0,38150.0,16213.0,16498.0,37586.0,15882.0,16280.0,38107.0,15692.0,16265.0,38036.0,15448.0,16348.0,38552.0,16082.0,16274.0,38633.0,15900.0,16353.0,38883.0,15754.0,16117.0,38383.0,15534.0,16019.0,38478.0
15817.0,16658.0,38462.0,15841.0,16524.0,38160.0,15631.0,16560.0,38232.0,15336.0,16366.0,39151.0,15971.0,16376.0,37650.0,15704.0,16475.0,38113.0,15792.0,16525.0,37729.0,15513.0,16383.0,38159.0,16213.0,16500.0,37588.0,15883.0,16280.0,38100.0,15693.0,16265.0,38033.0,15448.0,16348.0,38544.0,16082.0,16278.0,38631.0,15900.0,16352.0,38886.0,15756.0,16116.0,38390.0,15533.0,16016.0,38477.0
15817.0,16658.0,38462.0,15839.0,16526.0,38155.0,15627.0,16558.0,38232.0,15330.0,16362.0,39162.0,15969.0,16378.0,37645.0,15701.0,16480.0,38111.0,15794.0,16523.0,37726.0,15513.0,16383.0,38159.0,16213.0,16500.0,37588.0,15883.0,16280.0,38100.0,15692.0,16264.0,38040.0,15446.0,16344.0,38548.0,16083.0,16281.0,38627.0,15901.0,16356.0,38880.0,15754.0,16117.0,38390.0,15533.0,16016.0,38477.0
15813.0,16662.0,38471.0,15839.0,16524.0,38161.0,15629.0,16558.0,38219.0,15332.0,16361.0,39145.0,15968.0,16380.0,37650.0,15704.0,16479.0,38111.0,15795.0,16524.0,37725.0,15513.0,16382.0,38148.0,16212.0,16504.0,37595.0,15883.0,16282.0,38113.0,15695.0,16261.0,38036.0,15450.0,16340.0,38548.0,16085.0,16283.0,38638.0,15904.0,16356.0,38889.0,15762.0,16118.0,38392.0,15539.0,16014.0,38478.0
15814.0,16662.0,38482.0,15843.0,16524.0,38172.0,15632.0,16555.0,38228.0,15336.0,16359.0,39127.0,15972.0,16382.0,37673.0,15708.0,16481.0,38122.0,15800.0,16523.0,37725.0,15519.0,16379.0,38139.0,16216.0,16503.0,37608.0,15890.0,16282.0,38115.0,15701.0,16263.0,38041.0,15458.0,16339.0,38530.0,16088.0,16286.0,38657.0,15911.0,16359.0,38902.0,15766.0,16115.0,38394.0,15547.0,16013.0,38465.0
15814.0,16662.0,38482.0,15843.0,16524.0,38172.0,15632.0,16555.0,38228.0,15336.0,16359.0,39127.0,15972.0,16382.0,37673.0,15708.0,16481.0,38122.0,15800.0,16523.0,37725.0,15519.0,16379.0,38139.0,16216.0,16503.0,37608.0,15890.0,16282.0,38115.0,15701.0,16263.0,38041.0,15458.0,16339.0,38530.0,16088.0,16286.0,38657.0,15911.0,16359.0,38902.0,15766.0,16115.0,38394.0,15547.0,16013.0,38465.0
15815.0,16663.0,38484.0,15842.0,16525.0,38162.0,15631.0,16556.0,38223.0,15334.0,16360.0,39143.0,15969.0,16383.0,37664.0,15708.0,16482.0,38118.0,15798.0,16525.0,37729.0,15520.0,16380.0,38139.0,16218.0,16508.0,37607.0,15892.0,16280.0,38113.0,15700.0,16263.0,38037.0,15457.0,16339.0,38530.0,16089.0,16288.0,38656.0,15913.0,16362.0,38905.0,15766.0,16117.0,38397.0,15548.0,16015.0,38474.0
15815.0,16663.0,38475.0,15841.0,16527.0,38160.0,15630.0,16556.0,38226.0,15336.0,16360.0,39137.0,15971.0,16383.0,37665.0,15708.0,16482.0,38120.0,15797.0,16524.0,37730.0,15515.0,16378.0,38136.0,16217.0,16505.0,37607.0,15886.0,16282.0,38113.0,15700.0,16261.0,38038.0,15454.0,16340.0,38538.0,16087.0,16286.0,38656.0,15910.0,16360.0,38904.0,15764.0,16118.0,38399.0,15542.0,16014.0,38466.0
15815.0,16663.0,38475.0,15843.0,16524.0,38161.0,15631.0,16557.0,38213.0,15334.0,16361.0,39141.0,15969.0,16383.0,37664.0,15705.0,16480.0,38116.0,15797.0,16521.0,37724.0,15515.0,16378.0,38136.0,16217.0,16505.0,37607.0,15888.0,16283.0,38111.0,15697.0,16264.0,38036.0,15454.0,16341.0,38542.0,16087.0,16284.0,38649.0,15909.0,16357.0,38894.0,15761.0,16114.0,38391.0,15542.0,16014.0,38466.0
15815.0,16659.0,38475.0,15840.0,16524.0,38157.0,15631.0,16558.0,38226.0,15336.0,16362.0,39151.0,15969.0,16380.0,37658.0,15708.0,16478.0,38116.0,15796.0,16525.0,37727.0,15512.0,16382.0,38149.0,16213.0,16501.0,37592.0,15884.0,16284.0,38104.0,15695.0,16264.0,38035.0,15452.0,16343.0,38537.0,16084.0,16282.0,38642.0,15908.0,16356.0,38895.0,15757.0,16116.0,38390.0,15536.0,16016.0,38478.0
15816.0,16657.0,38474.0,15842.0,16524.0,38168.0,15631.0,16557.0,38229.0,15336.0,16365.0,39143.0,15971.0,16378.0,37654.0,15706.0,16480.0,38114.0,15796.0,16525.0,37727.0,15512.0,16382.0,38149.0,16214.0,16500.0,37592.0,15884.0,16279.0,38107.0,15697.0,16265.0,38042.0,15450.0,16346.0,38545.0,16085.0,16281.0,38636.0,15905.0,16357.0,38890.0,15757.0,16116.0,38390.0,15536.0,16016.0,38478.0
15818.0,16656.0,38467.0,15841.0,16521.0,38162.0,15631.0,16557.0,38231.0,15336.0,16363.0,39158.0,15969.0,16378.0,37654.0,15709.0,16479.0,38115.0,15797.0,16525.0,37728.0,15515.0,16384.0,38154.0,16212.0,16499.0,37594.0,15882.0,16279.0,38104.0,15693.0,16263.0,38034.0,15448.0,16345.0,38546.0,16083.0,16281.0,38636.0,15902.0,16358.0,38881.0,15756.0,16118.0,38385.0,15536.0,16015.0,38471.0
15815.0,16657.0,38464.0,15842.0,16522.0,38158.0,15634.0,16556.0,38234.0,15341.0,16364.0,39151.0,15972.0,16375.0,37657.0,15708.0,16477.0,38114.0,15795.0,16525.0,37733.0,15513.0,16385.0,38150.0,16210.0,16499.0,37590.0,15883.0,16280.0,38099.0,15696.0,16263.0,38037.0,15451.0,16344.0,38543.0,16082.0,16278.0,38633.0,15902.0,16355.0,38885.0,15756.0,16118.0,38386.0,15534.0,16018.0,38476.0
15820.0,16653.0,38473.0,15847.0,16520.0,38168.0,15634.0,16556.0,38234.0,15341.0,16364.0,39151.0,15976.0,16373.0,37663.0,15711.0,16476.0,38126.0,15801.0,16525.0,37732.0,15520.0,16385.0,38151.0,16215.0,16496.0,37594.0,15883.0,16278.0,38107.0,15696.0,16263.0,38037.0,15451.0,16344.0,38543.0,16082.0,16275.0,38643.0,15901.0,16352.0,38892.0,15757.0,16115.0,38391.0,15534.0,16020.0,38476.0
15823.0,16651.0,38480.0,15851.0,16517.0,38171.0,15642.0,16558.0,38237.0,15351.0,16367.0,39151.0,15977.0,16370.0,37672.0,15714.0,16473.0,38130.0,15805.0,16524.0,37738.0,15523.0,16387.0,38149.0,16214.0,16495.0,37608.0,15887.0,16276.0,38117.0,15699.0,16264.0,38038.0,15457.0,16349.0,38546.0,16081.0,16274.0,38645.0,15903.0,16351.0,38898.0,15758.0,16115.0,38392.0,15537.0,16019.0,38469.0
15823.0,16650.0,38479.0,15849.0,16519.0,38168.0,15642.0,16557.0,38232.0,15349.0,16367.0,39153.0,15977.0,16372.0,37663.0,15711.0,16475.0,38122.0,15802.0,16526.0,37738.0,15520.0,16388.0,38148.0,16216.0,16496.0,37598.0,15886.0,16275.0,38107.0,15696.0,16264.0,38037.0,15453.0,16348.0,38541.0,16083.0,16272.0,38647.0,15901.0,16352.0,38896.0,15755.0,16117.0,38383.0,15534.0,16020.0,38473.0
15819.0,16652.0,38466.0,15845.0,16519.0,38167.0,15637.0,16557.0,38239.0,15342.0,16367.0,39163.0,15976.0,16372.0,37657.0,15711.0,16475.0,38122.0,15802.0,16526.0,37738.0,15520.0,16388.0,38148.0,16210.0,16495.0,37581.0,15880.0,16277.0,38110.0,15690.0,16265.0,38038.0,15451.0,16351.0,38549.0,16080.0,16274.0,38635.0,15901.0,16350.0,38891.0,15755.0,16117.0,38383.0,15534.0,16020.0,38473.0
15817.0,16654.0,38455.0,15842.0,16522.0,38157.0,15629.0,16558.0,38233.0,15332.0,16364.0,39170.0,15972.0,16374.0,37651.0,15701.0,16478.0,38100.0,15792.0,16527.0,37727.0,15509.0,16388.0,38151.0,16209.0,16497.0,37578.0,15880.0,16279.0,38102.0,15690.0,16263.0,38031.0,15444.0,16346.0,38556.0,16078.0,16276.0,38616.0,15896.0,16354.0,38878.0,15749.0,16120.0,38376.0,15529.0,16019.0,38480.0
15816.0,16656.0,38457.0,15841.0,16523.0,38153.0,15627.0,16558.0,38226.0,15330.0,16363.0,39155.0,15969.0,16374.0,37645.0,15701.0,16478.0,38100.0,15792.0,16527.0,37727.0,15511.0,16385.0,38156.0,16211.0,16500.0,37581.0,15880.0,16279.0,38100.0,15690.0,16265.0,38027.0,15441.0,16345.0,38546.0,16080.0,16276.0,38620.0,15896.0,16354.0,38878.0,15749.0,16120.0,38376.0,15533.0,16016.0,38482.0
15816.0,16656.0,38457.0,15844.0,16521.0,38161.0,15630.0,16556.0,38229.0,15333.0,16361.0,39151.0,15971.0,16377.0,37653.0,15703.0,16478.0,38108.0,15794.0,16523.0,37733.0,15511.0,16385.0,38156.0,16211.0,16500.0,37581.0,15880.0,16279.0,38100.0,15691.0,16264.0,38043.0,15446.0,16344.0,38544.0,16083.0,16278.0,38621.0,15901.0,16355.0,38885.0,15754.0,16117.0,38387.0,15533.0,16016.0,38482.0
15817.0,16659.0,38477.0,15844.0,16523.0,38171.0,15631.0,16557.0,38227.0,15340.0,16365.0,39135.0,15971.0,16381.0,37656.0,15706.0,16476.0,38114.0,15799.0,16523.0,37726.0,15516.0,16382.0,38144.0,16215.0,16501.0,37599.0,15888.0,16283.0,38115.0,15697.0,16266.0,38044.0,15454.0,16345.0,38529.0,16085.0,16282.0,38641.0,15906.0,16356.0,38889.0,15761.0,16117.0,38392.0,15538.0,16015.0,38474.0
15817.0,16659.0,38477.0,15844.0,16523.0,38171.0,15631.0,16557.0,38227.0,15338.0,16359.0,39138.0,15971.0,16381.0,37668.0,15709.0,16477.0,38123.0,15800.0,16523.0,37721.0,15519.0,16380.0,38137.0,16218.0,16504.0,37605.0,15888.0,16283.0,38115.0,15697.0,16266.0,38044.0,15454.0,16342.0,38536.0,16086.0,16282.0,38654.0,15908.0,16358.0,38899.0,15765.0,16116.0,38389.0,15544.0,16014.0,38462.0
15815.0,16658.0,38483.0,15843.0,16523.0,38176.0,15637.0,16555.0,38226.0,15344.0,16360.0,39124.0,15977.0,16379.0,37676.0,15713.0,16478.0,38135.0,15803.0,16524.0,37738.0,15521.0,16379.0,38138.0,16216.0,16502.0,37613.0,15890.0,16280.0,38120.0,15700.0,16263.0,38049.0,15460.0,16343.0,38528.0,16087.0,16284.0,38661.0,15913.0,16358.0,38910.0,15767.0,16117.0,38401.0,15543.0,16014.0,38462.0
15815.0,16658.0,38483.0,15843.0,16523.0,38176.0,15636.0,16556.0,38221.0,15341.0,16360.0,39145.0,15974.0,16379.0,37666.0,15712.0,16478.0,38119.0,15803.0,16522.0,37723.0,15521.0,16379.0,38138.0,16216.0,16502.0,37613.0,15890.0,16280.0,38120.0,15702.0,16262.0,38041.0,15458.0,16342.0,38545.0,16087.0,16283.0,38657.0,15910.0,16357.0,38892.0,15765.0,16115.0,38384.0,15543.0,16014.0,38457.0
15815.0,16658.0,38469.0,15841.0,16524.0,38163.0,15631.0,16558.0,38223.0,15335.0,16362.0,39126.0,15970.0,16379.0,37657.0,15709.0,16478.0,38116.0,15797.0,16523.0,37727.0,15514.0,16383.0,38139.0,16214.0,16502.0,37596.0,15884.0,16281.0,38103.0,15695.0,16264.0,38036.0,15450.0,16343.0,38531.0,16085.0,16283.0,38638.0,15908.0,16356.0,38894.0,15761.0,16116.0,38394.0,15538.0,16014.0,38464.0
15815.0,16658.0,38469.0,15842.0,16522.0,38159.0,15632.0,16557.0,38219.0,15334.0,16364.0,39139.0,15971.0,16378.0,37663.0,15707.0,16479.0,38114.0,15796.0,16524.0,37724.0,15514.0,16383.0,38139.0,16214.0,16502.0,37596.0,15883.0,16278.0,38105.0,15693.0,16264.0,38031.0,15449.0,16345.0,38542.0,16083.0,16281.0,38645.0,15905.0,16356.0,38885.0,15758.0,16115.0,38382.0,15538.0,16014.0,38464.0
15816.0,16656.0,38465.0,15841.0,16522.0,38157.0,15633.0,16557.0,38226.0,15339.0,16364.0,39153.0,15969.0,16377.0,37657.0,15707.0,16478.0,38114.0,15796.0,16525.0,37727.0,15514.0,16384.0,38144.0,16211.0,16499.0,37593.0,15882.0,16280.0,38101.0,15695.0,16262.0,38036.0,15449.0,16345.0,38545.0,16082.0,16280.0,38638.0,15903.0,16355.0,38882.0,15756.0,16116.0,38389.0,15534.0,16018.0,38470.0
15816.0,16654.0,38469.0,15842.0,16519.0,38163.0,15633.0,16557.0,38229.0,15338.0,16367.0,39152.0,15971.0,16375.0,37654.0,15707.0,16477.0,38119.0,15796.0,16525.0,37727.0,15514.0,16384.0,38144.0,16212.0,16500.0,37588.0,15882.0,16279.0,38103.0,15691.0,16264.0,38034.0,15446.0,16347.0,38546.0,16081.0,16280.0,38636.0,15902.0,16355.0,38883.0,15756.0,16116.0,38389.0,15534.0,16018.0,38470.0
15815.0,16658.0,38458.0,15839.0,16521.0,38157.0,15628.0,16559.0,38231.0,15336.0,16365.0,39156.0,15971.0,16376.0,37653.0,15707.0,16477.0,38109.0,15796.0,16524.0,37725.0,15509.0,16383.0,38157.0,16209.0,16497.0,37583.0,15883.0,16280.0,38101.0,15692.0,16266.0,38036.0,15450.0,16349.0,38547.0,16081.0,16276.0,38634.0,15900.0,16354.0,38880.0,15756.0,16114.0,38381.0,15531.0,16016.0,38482.0
15815.0,16658.0,38458.0,15841.0,16523.0,38162.0,15629.0,16557.0,38232.0,15333.0,16365.0,39153.0,15970.0,16378.0,37646.0,15703.0,16475.0,38109.0,15793.0,16524.0,37729.0,15509.0,16383.0,38157.0,16209.0,16497.0,37583.0,15883.0,16280.0,38101.0,15692.0,16264.0,38041.0,15447.0,16347.0,38551.0,16081.0,16278.0,38627.0,15900.0,16353.0,38875.0,15754.0,16115.0,38388.0,15531.0,16016.0,38482.0
15820.0,16657.0,38479.0,15846.0,16522.0,38167.0,15635.0,16556.0,38228.0,15340.0,16363.0,39149.0,15970.0,16377.0,37665.0,15707.0,16477.0,38117.0,15803.0,16525.0,37728.0,15520.0,16382.0,38144.0,16216.0,16500.0,37603.0,15888.0,16280.0,38111.0,15700.0,16262.0,38038.0,15453.0,16344.0,38541.0,16084.0,16279.0,38641.0,15904.0,16355.0,38887.0,15760.0,16118.0,38393.0,15541.0,16016.0,38468.0
15820.0,16657.0,38479.0,15849.0,16522.0,38171.0,15641.0,16556.0,38228.0,15344.0,16360.0,39142.0,15974.0,16378.0,37673.0,15710.0,16478.0,38128.0,15803.0,16525.0,37728.0,15520.0,16382.0,38144.0,16216.0,16500.0,37603.0,15892.0,16278.0,38118.0,15703.0,16263.0,38038.0,15459.0,16344.0,38537.0,16084.0,16282.0,38656.0,15910.0,16356.0,38902.0,15760.0,16118.0,38393.0,15541.0,16016.0,38468.0
15820.0,16656.0,38486.0,15846.0,16520.0,38163.0,15637.0,16556.0,38225.0,15345.0,16361.0,39135.0,15973.0,16378.0,37675.0,15714.0,16477.0,38121.0,15803.0,16524.0,37727.0,15524.0,16384.0,38133.0,16218.0,16500.0,37608.0,15888.0,16279.0,38117.0,15700.0,16264.0,38044.0,15458.0,16342.0,38530.0,16087.0,16280.0,38659.0,15910.0,16357.0,38905.0,15764.0,16118.0,38390.0,15543.0,16015.0,38464.0
15819.0,16657.0,38486.0,15848.0,16521.0,38166.0,15636.0,16558.0,38229.0,15344.0,16360.0,39142.0,15976.0,16377.0,37675.0,15714.0,16477.0,38121.0,15803.0,16524.0,37727.0,15524.0,16384.0,38133.0,16218.0,16502.0,37609.0,15891.0,16279.0,38117.0,15702.0,16262.0,38035.0,15459.0,16340.0,38538.0,16086.0,16283.0,38666.0,15910.0,16357.0,38908.0,15764.0,16118.0,38390.0,15543.0,16015.0,38464.0
15819.0,16658.0,38476.0,15845.0,16522.0,38164.0,15634.0,16555.0,38228.0,15342.0,16358.0,39130.0,15971.0,16378.0,37657.0,15709.0,16478.0,38116.0,15799.0,16526.0,37734.0,15519.0,16382.0,38140.0,16215.0,16500.0,37601.0,15886.0,16281.0,38110.0,15699.0,16263.0,38034.0,15455.0,16343.0,38539.0,16086.0,16281.0,38656.0,15907.0,16356.0,38888.0,15763.0,16117.0,38392.0,15540.0,16016.0,38473.0
15815.0,16660.0,38465.0,15840.0,16523.0,38154.0,15630.0,16555.0,38219.0,15333.0,16360.0,39141.0,15971.0,16378.0,37657.0,15709.0,16478.0,38116.0,15799.0,16526.0,37734.0,15512.0,16381.0,38137.0,16214.0,16502.0,37588.0,15883.0,16281.0,38104.0,15695.0,16263.0,38027.0,15448.0,16341.0,38542.0,16085.0,16282.0,38643.0,15907.0,16356.0,38888.0,15763.0,16117.0,38392.0,15537.0,16015.0,38472.0
15813.0,16661.0,38472.0,15838.0,16524.0,38152.0,15628.0,16558.0,38221.0,15330.0,16364.0,39142.0,15968.0,16383.0,37656.0,15705.0,16481.0,38110.0,15796.0,16526.0,37719.0,15514.0,16380.0,38140.0,16214.0,16501.0,37595.0,15884.0,16282.0,38103.0,15694.0,16264.0,38032.0,15448.0,16344.0,38544.0,16083.0,16283.0,38633.0,15904.0,16358.0,38885.0,15760.0,16118.0,38385.0,15540.0,16014.0,38470.0
15808.0,16663.0,38460.0,15833.0,16527.0,38144.0,15624.0,16555.0,38216.0,15329.0,16361.0,39149.0,15971.0,16382.0,37649.0,15704.0,16482.0,38110.0,15796.0,16526.0,37719.0,15514.0,16380.0,38140.0,16214.0,16506.0,37587.0,15883.0,16285.0,38098.0,15696.0,16264.0,38031.0,15451.0,16340.0,38549.0,16085.0,16287.0,38640.0,15908.0,16361.0,38884.0,15760.0,16118.0,38385.0,15540.0,16014.0,38470.0
15804.0,16672.0,38452.0,15826.0,16531.0,38142.0,15617.0,16558.0,38208.0,15315.0,16356.0,39139.0,15963.0,16389.0,37641.0,15696.0,16488.0,38098.0,15785.0,16524.0,37721.0,15499.0,16377.0,38140.0,16211.0,16513.0,37578.0,15881.0,16287.0,38095.0,15691.0,16262.0,38024.0,15444.0,16337.0,38550.0,16086.0,16291.0,38626.0,15908.0,16362.0,38881.0,15758.0,16116.0,38391.0,15537.0,16010.0,38474.0
15802.0,16675.0,38462.0,15826.0,16536.0,38142.0,15616.0,16556.0,38210.0,15312.0,16354.0,39135.0,15962.0,16391.0,37643.0,15696.0,16488.0,38098.0,15785.0,16524.0,37721.0,15504.0,16376.0,38137.0,16214.0,16513.0,37599.0,15885.0,16288.0,38092.0,15695.0,16262.0,38026.0,15445.0,16335.0,38545.0,16087.0,16295.0,38632.0,15908.0,16362.0,38881.0,15758.0,16116.0,38391.0,15544.0,16007.0,38472.0
15802.0,16675.0,38462.0,15830.0,16532.0,38148.0,15621.0,16555.0,38203.0,15320.0,16354.0,39129.0,15962.0,16394.0,37657.0,15698.0,16488.0,38102.0,15788.0,16523.0,37716.0,15504.0,16376.0,38137.0,16214.0,16513.0,37599.0,15885.0,16288.0,38092.0,15700.0,16261.0,38031.0,15455.0,16336.0,38538.0,16091.0,16297.0,38645.0,15913.0,16367.0,38891.0,15765.0,16115.0,38396.0,15544.0,16007.0,38472.0
15804.0,16676.0,38479.0,15830.0,16534.0,38153.0,15622.0,16553.0,38207.0,15324.0,16351.0,39123.0,15967.0,16396.0,37665.0,15705.0,16487.0,38115.0,15797.0,16522.0,37720.0,15515.0,16371.0,38125.0,16219.0,16516.0,37611.0,15894.0,16289.0,38112.0,15704.0,16260.0,38031.0,15459.0,16332.0,38532.0,16094.0,16299.0,38669.0,15920.0,16367.0,38905.0,15774.0,16115.0,38401.0,15557.0,16007.0,38467.0
15802.0,16677.0,38481.0,15827.0,16535.0,38159.0,15620.0,16557.0,38205.0,15323.0,16352.0,39116.0,15964.0,16398.0,37676.0,15702.0,16490.0,38106.0,15794.0,16523.0,37719.0,15511.0,16370.0,38121.0,16218.0,16518.0,37612.0,15892.0,16290.0,38115.0,15702.0,16262.0,38033.0,15460.0,16331.0,38521.0,16095.0,16300.0,38671.0,15924.0,16368.0,38898.0,15773.0,16115.0,38387.0,15554.0,16007.0,38459.0
15806.0,16678.0,38483.0,15833.0,16536.0,38154.0,15620.0,16554.0,38206.0,15322.0,16349.0,39128.0,15964.0,16398.0,37676.0,15704.0,16488.0,38126.0,15796.0,16521.0,37729.0,15515.0,16371.0,38127.0,16221.0,16516.0,37612.0,15893.0,16288.0,38106.0,15707.0,16260.0,38035.0,15458.0,16330.0,38529.0,16094.0,16300.0,38667.0,15922.0,16367.0,38911.0,15774.0,16115.0,38406.0,15556.0,16007.0,38463.0
15807.0,16675.0,38489.0,15835.0,16534.0,38161.0,15618.0,16555.0,38202.0,15322.0,16352.0,39130.0,15966.0,16395.0,37667.0,15705.0,16487.0,38115.0,15796.0,16523.0,37719.0,15513.0,16371.0,38128.0,16221.0,16516.0,37623.0,15895.0,16288.0,38124.0,15699.0,16260.0,38041.0,15456.0,16332.0,38537.0,16095.0,16298.0,38661.0,15921.0,16366.0,38909.0,15773.0,16116.0,38406.0,15553.0,16007.0,38468.0
15799.0,16681.0,38459.0,15820.0,16539.0,38139.0,15611.0,16557.0,38195.0,15308.0,16353.0,39129.0,15960.0,16398.0,37646.0,15693.0,16491.0,38101.0,15786.0,16522.0,37710.0,15495.0,16371.0,38139.0,16209.0,16518.0,37593.0,15883.0,16289.0,38096.0,15693.0,16261.0,38032.0,15446.0,16331.0,38534.0,16090.0,16301.0,38640.0,15914.0,16370.0,38889.0,15765.0,16114.0,38400.0,15544.0,16002.0,38477.0
15799.0,16681.0,38459.0,15822.0,16536.0,38143.0,15611.0,16556.0,38209.0,15309.0,16351.0,39133.0,15962.0,16399.0,37644.0,15694.0,16493.0,38092.0,15783.0,16522.0,37711.0,15495.0,16371.0,38139.0,16209.0,16518.0,37593.0,15884.0,16289.0,38101.0,15694.0,16259.0,38036.0,15447.0,16333.0,38538.0,16089.0,16300.0,38638.0,15913.0,16370.0,38883.0,15767.0,16113.0,38393.0,15544.0,16002.0,38477.0
15805.0,16674.0,38480.0,15830.0,16533.0,38154.0,15623.0,16556.0,38209.0,15322.0,16351.0,39126.0,15965.0,16397.0,37661.0,15701.0,16489.0,38108.0,15795.0,16521.0,37721.0,15510.0,16373.0,38129.0,16218.0,16514.0,37607.0,15891.0,16288.0,38108.0,15703.0,16262.0,38032.0,15456.0,16332.0,38529.0,16092.0,16299.0,38658.0,15918.0,16368.0,38888.0,15770.0,16113.0,38406.0,15549.0,16006.0,38466.0
15810.0,16672.0,38495.0,15836.0,16533.0,38160.0,15635.0,16555.0,38222.0,15341.0,16353.0,39120.0,15974.0,16391.0,37683.0,15713.0,16486.0,38137.0,15804.0,16520.0,37724.0,15519.0,16370.0,38118.0,16220.0,16515.0,37621.0,15894.0,16287.0,38112.0,15704.0,16260.0,38042.0,15468.0,16335.0,38522.0,16094.0,16294.0,38686.0,15925.0,16365.0,38911.0,15777.0,16113.0,38398.0,15555.0,16006.0,38453.0
15817.0,16670.0,38508.0,15842.0,16530.0,38172.0,15635.0,16555.0,38222.0,15341.0,16353.0,39120.0,15974.0,16391.0,37683.0,15712.0,16485.0,38130.0,15807.0,16522.0,37726.0,15526.0,16376.0,38115.0,16224.0,16512.0,37626.0,15898.0,16285.0,38125.0,15711.0,16262.0,38038.0,15468.0,16335.0,38522.0,16094.0,16294.0,38686.0,15923.0,16364.0,38913.0,15776.0,16118.0,38399.0,15558.0,16011.0,38450.0
15810.0,16672.0,38482.0,15839.0,16532.0,38158.0,15619.0,16557.0,38210.0,15317.0,16357.0,39131.0,15965.0,16391.0,37652.0,15703.0,16485.0,38108.0,15792.0,16521.0,37721.0,15507.0,16375.0,38127.0,16217.0,16509.0,37604.0,15890.0,16285.0,38114.0,15692.0,16262.0,38028.0,15447.0,16336.0,38535.0,16087.0,16294.0,38651.0,15913.0,16363.0,38893.0,15766.0,16114.0,38396.0,15543.0,16007.0,38463.0
15807.0,16669.0,38460.0,15832.0,16533.0,38148.0,15621.0,16560.0,38211.0,15320.0,16359.0,39148.0,15963.0,16391.0,37647.0,15697.0,16485.0,38099.0,15791.0,16523.0,37717.0,15505.0,16377.0,38138.0,16212.0,16508.0,37587.0,15884.0,16286.0,38092.0,15692.0,16264.0,38027.0,15445.0,16338.0,38540.0,16085.0,16292.0,38623.0,15907.0,16363.0,38877.0,15761.0,16115.0,38385.0,15537.0,16011.0,38466.0
15807.0,16669.0,38460.0,15832.0,16533.0,38148.0,15621.0,16560.0,38211.0,15320.0,16359.0,39148.0,15963.0,16391.0,37647.0,15697.0,16485.0,38099.0,15791.0,16523.0,37717.0,15505.0,16377.0,38138.0,16212.0,16508.0,37587.0,15884.0,16286.0,38092.0,15692.0,16264.0,38027.0,15445.0,16338.0,38540.0,16085.0,16292.0,38623.0,15907.0,16363.0,38877.0,15761.0,16115.0,38385.0,15537.0,16011.0,38466.0
15817.0,16662.0,38483.0,15844.0,16528.0,38165.0,15632.0,16558.0,38222.0,15337.0,16361.0,39136.0,15971.0,16384.0,37661.0,15711.0,16483.0,38118.0,15802.0,16525.0,37733.0,15520.0,16381.0,38144.0,16218.0,16504.0,37601.0,15889.0,16282.0,38112.0,15699.0,16261.0,38032.0,15453.0,16339.0,38542.0,16083.0,16285.0,38644.0,15904.0,16359.0,38882.0,15765.0,16117.0,38384.0,15546.0,16014.0,38465.0
15815.0,16665.0,38475.0,15842.0,16529.0,38160.0,15633.0,16558.0,38224.0,15336.0,16363.0,39135.0,15974.0,16384.0,37670.0,15711.0,16483.0,38118.0,15802.0,16525.0,37733.0,15520.0,16381.0,38144.0,16212.0,16506.0,37595.0,15886.0,16283.0,38108.0,15700.0,16264.0,38036.0,15455.0,16342.0,38537.0,16087.0,16286.0,38643.0,15911.0,16360.0,38896.0,15765.0,16117.0,38384.0,15546.0,16014.0,38465.0
15815.0,16665.0,38475.0,15842.0,16529.0,38160.0,15626.0,16557.0,38212.0,15324.0,16359.0,39140.0,15967.0,16383.0,37652.0,15703.0,16483.0,38098.0,15795.0,16524.0,37714.0,15513.0,16379.0,38142.0,16212.0,16506.0,37595.0,15886.0,16283.0,38108.0,15691.0,16262.0,38030.0,15446.0,16339.0,38540.0,16084.0,16287.0,38634.0,15904.0,16358.0,38885.0,15759.0,16116.0,38382.0,15540.0,16015.0,38466.0
15813.0,16667.0,38476.0,15838.0,16527.0,38161.0,15633.0,16558.0,38215.0,15337.0,16360.0,39139.0,15970.0,16386.0,37672.0,15707.0,16484.0,38112.0,15799.0,16524.0,37726.0,15513.0,16379.0,38140.0,16216.0,16507.0,37595.0,15886.0,16282.0,38110.0,15699.0,16261.0,38032.0,15455.0,16341.0,38531.0,16088.0,16288.0,38649.0,15910.0,16362.0,38893.0,15763.0,16117.0,38385.0,15543.0,16011.0,38459.0
15823.0,16661.0,38493.0,15850.0,16523.0,38172.0,15642.0,16554.0,38227.0,15348.0,16360.0,39127.0,15975.0,16382.0,37670.0,15710.0,16478.0,38110.0,15808.0,16524.0,37731.0,15525.0,16378.0,38126.0,16222.0,16502.0,37617.0,15896.0,16281.0,38126.0,15706.0,16261.0,38042.0,15464.0,16341.0,38532.0,16085.0,16285.0,38663.0,15912.0,16358.0,38899.0,15770.0,16118.0,38396.0,15551.0,16014.0,38452.0
15807.0,16666.0,38459.0,15834.0,16530.0,38159.0,15628.0,16558.0,38219.0,15338.0,16360.0,39150.0,15974.0,16383.0,37671.0,15712.0,16481.0,38123.0,15808.0,16524.0,37731.0,15525.0,16378.0,38126.0,16222.0,16502.0,37617.0,15880.0,16286.0,38087.0,15694.0,16265.0,38028.0,15454.0,16340.0,38539.0,16090.0,16287.0,38656.0,15916.0,16360.0,38897.0,15770.0,16118.0,38396.0,15551.0,16014.0,38452.0
15803.0,16669.0,38437.0,15825.0,16532.0,38127.0,15610.0,16557.0,38210.0,15307.0,16355.0,39154.0,15962.0,16389.0,37639.0,15691.0,16487.0,38075.0,15781.0,16523.0,37704.0,15492.0,16378.0,38147.0,16204.0,16509.0,37565.0,15873.0,16284.0,38086.0,15684.0,16260.0,38029.0,15432.0,16335.0,38557.0,16081.0,16289.0,38611.0,15899.0,16362.0,38865.0,15751.0,16115.0,38377.0,15528.0,16007.0,38470.0
15804.0,16671.0,38445.0,15825.0,16531.0,38134.0,15612.0,16556.0,38204.0,15306.0,16355.0,39145.0,15958.0,16390.0,37626.0,15691.0,16487.0,38075.0,15781.0,16523.0,37704.0,15496.0,16377.0,38143.0,16207.0,16510.0,37569.0,15875.0,16284.0,38080.0,15686.0,16260.0,38027.0,15433.0,16334.0,38552.0,16083.0,16292.0,38605.0,15899.0,16362.0,38865.0,15751.0,16115.0,38377.0,15528.0,16007.0,38470.0
15804.0,16671.0,38445.0,15825.0,16531.0,38134.0,15618.0,16558.0,38212.0,15315.0,16360.0,39151.0,15961.0,16390.0,37635.0,15694.0,16488.0,38085.0,15782.0,16525.0,37713.0,15496.0,16377.0,38143.0,16207.0,16510.0,37569.0,15875.0,16284.0,38080.0,15689.0,16263.0,38021.0,15442.0,16339.0,38544.0,16081.0,16290.0,38624.0,15902.0,16362.0,38865.0,15754.0,16117.0,38375.0,15530.0,16010.0,38466.0
15812.0,16669.0,38481.0,15829.0,16533.0,38149.0,15621.0,16556.0,38196.0,15325.0,16354.0,39108.0,15967.0,16391.0,37664.0,15705.0,16482.0,38104.0,15798.0,16519.0,37717.0,15515.0,16370.0,38130.0,16220.0,16511.0,37610.0,15885.0,16288.0,38103.0,15699.0,16262.0,38028.0,15452.0,16334.0,38529.0,16089.0,16295.0,38662.0,15917.0,16364.0,38906.0,15771.0,16112.0,38398.0,15552.0,16004.0,38467.0
15812.0,16669.0,38481.0,15829.0,16533.0,38149.0,15621.0,16556.0,38196.0,15325.0,16354.0,39108.0,15967.0,16391.0,37664.0,15705.0,16482.0,38104.0,15798.0,16519.0,37717.0,15515.0,16370.0,38130.0,16220.0,16511.0,37610.0,15885.0,16288.0,38103.0,15699.0,16262.0,38028.0,15452.0,16334.0,38529.0,16089.0,16295.0,38662.0,15917.0,16364.0,38906.0,15771.0,16112.0,38398.0,15552.0,16004.0,38467.0
15807.0,16672.0,38488.0,15833.0,16535.0,38164.0,15626.0,16559.0,38203.0,15326.0,16355.0,39112.0,15965.0,16396.0,37663.0,15702.0,16488.0,38111.0,15793.0,16524.0,37729.0,15508.0,16372.0,38136.0,16220.0,16514.0,37618.0,15892.0,16290.0,38109.0,15702.0,16262.0,38030.0,15459.0,16335.0,38515.0,16092.0,16299.0,38657.0,15917.0,16367.0,38894.0,15771.0,16114.0,38391.0,15549.0,16008.0,38452.0
15817.0,16671.0,38484.0,15846.0,16532.0,38156.0,15635.0,16551.0,38205.0,15341.0,16350.0,39120.0,15975.0,16389.0,37679.0,15708.0,16484.0,38117.0,15801.0,16522.0,37722.0,15517.0,16374.0,38120.0,16223.0,16512.0,37622.0,15900.0,16284.0,38117.0,15712.0,16260.0,38044.0,15467.0,16332.0,38533.0,16094.0,16294.0,38687.0,15918.0,16365.0,38911.0,15774.0,16113.0,38407.0,15555.0,16008.0,38462.0
15802.0,16676.0,38477.0,15831.0,16537.0,38156.0,15625.0,16560.0,38203.0,15328.0,16358.0,39117.0,15969.0,16390.0,37672.0,15708.0,16484.0,38117.0,15801.0,16522.0,37722.0,15505.0,16374.0,38132.0,16216.0,16515.0,37600.0,15889.0,16291.0,38102.0,15702.0,16263.0,38027.0,15454.0,16335.0,38520.0,16092.0,16294.0,38669.0,15918.0,16365.0,38911.0,15774.0,16113.0,38407.0,15547.0,16009.0,38453.0
15802.0,16676.0,38477.0,15827.0,16536.0,38144.0,15617.0,16562.0,38203.0,15318.0,16358.0,39126.0,15962.0,16397.0,37656.0,15698.0,16489.0,38106.0,15792.0,16523.0,37717.0,15505.0,16374.0,38132.0,16216.0,16515.0,37600.0,15889.0,16291.0,38102.0,15695.0,16264.0,38021.0,15450.0,16337.0,38526.0,16092.0,16298.0,38647.0,15916.0,16367.0,38884.0,15768.0,16114.0,38384.0,15547.0,16009.0,38453.0
15807.0,16671.0,38456.0,15830.0,16533.0,38132.0,15621.0,16556.0,38197.0,15311.0,16352.0,39129.0,15960.0,16394.0,37641.0,15696.0,16485.0,38087.0,15792.0,16521.0,37712.0,15508.0,16373.0,38128.0,16215.0,16514.0,37594.0,15884.0,16289.0,38096.0,15692.0,16260.0,38029.0,15444.0,16332.0,38540.0,16086.0,16295.0,38637.0,15911.0,16364.0,38888.0,15765.0,16113.0,38390.0,15545.0,16008.0,38458.0
15809.0,16672.0,38474.0,15834.0,16533.0,38157.0,15630.0,16559.0,38219.0,15330.0,16356.0,39133.0,15968.0,16391.0,37664.0,15704.0,16484.0,38114.0,15792.0,16521.0,37712.0,15508.0,16373.0,38128.0,16215.0,16514.0,37594.0,15890.0,16286.0,38103.0,15702.0,16263.0,38032.0,15458.0,16337.0,38535.0,16090.0,16293.0,38660.0,15914.0,16364.0,38904.0,15765.0,16113.0,38390.0,15545.0,16008.0,38458.0
15804.0,16669.0,38449.0,15831.0,16531.0,38145.0,15620.0,16559.0,38203.0,15318.0,16358.0,39136.0,15964.0,16390.0,37640.0,15696.0,16484.0,38088.0,15785.0,16520.0,37717.0,15497.0,16373.0,38150.0,16209.0,16508.0,37580.0,15880.0,16284.0,38091.0,15691.0,16261.0,38023.0,15442.0,16336.0,38538.0,16086.0,16289.0,38629.0,15905.0,16358.0,38882.0,15757.0,16111.0,38395.0,15532.0,16006.0,38485.0
15804.0,16669.0,38449.0,15831.0,16531.0,38145.0,15620.0,16559.0,38203.0,15318.0,16358.0,39136.0,15964.0,16390.0,37640.0,15696.0,16484.0,38088.0,15785.0,16520.0,37717.0,15497.0,16373.0,38150.0,16209.0,16508.0,37580.0,15880.0,16284.0,38091.0,15691.0,16261.0,38023.0,15442.0,16336.0,38538.0,16086.0,16289.0,38629.0,15905.0,16358.0,38882.0,15757.0,16111.0,38395.0,15532.0,16006.0,38485.0
15818.0,16660.0,38476.0,15846.0,16525.0,38158.0,15639.0,16558.0,38221.0,15348.0,16362.0,39143.0,15979.0,16384.0,37678.0,15714.0,16482.0,38118.0,15805.0,16524.0,37725.0,15514.0,16378.0,38143.0,16217.0,16502.0,37604.0,15886.0,16281.0,38110.0,15702.0,16263.0,38035.0,15461.0,16343.0,38535.0,16089.0,16286.0,38664.0,15915.0,16359.0,38894.0,15766.0,16116.0,38387.0,15540.0,16010.0,38469.0
15818.0,16660.0,38476.0,15837.0,16528.0,38154.0,15627.0,16556.0,38214.0,15331.0,16361.0,39140.0,15969.0,16381.0,37653.0,15705.0,16479.0,38097.0,15797.0,16520.0,37714.0,15514.0,16378.0,38143.0,16217.0,16502.0,37604.0,15881.0,16282.0,38101.0,15694.0,16262.0,38032.0,15448.0,16339.0,38541.0,16082.0,16285.0,38643.0,15907.0,16355.0,38892.0,15761.0,16112.0,38383.0,15540.0,16010.0,38469.0
15810.0,16664.0,38457.0,15834.0,16529.0,38150.0,15621.0,16558.0,38222.0,15325.0,16358.0,39158.0,15968.0,16388.0,37647.0,15702.0,16483.0,38102.0,15797.0,16525.0,37714.0,15504.0,16384.0,38138.0,16208.0,16505.0,37582.0,15878.0,16282.0,38089.0,15688.0,16262.0,38028.0,15443.0,16339.0,38547.0,16083.0,16287.0,38623.0,15904.0,16362.0,38868.0,15755.0,16116.0,38371.0,15532.0,16012.0,38454.0
15823.0,16662.0,38486.0,15848.0,16522.0,38166.0,15640.0,16555.0,38220.0,15340.0,16359.0,39145.0,15972.0,16385.0,37660.0,15704.0,16484.0,38114.0,15797.0,16525.0,37714.0,15504.0,16384.0,38138.0,16219.0,16504.0,37610.0,15890.0,16281.0,38114.0,15702.0,16261.0,38035.0,15456.0,16341.0,38537.0,16085.0,16287.0,38646.0,15905.0,16361.0,38873.0,15755.0,16116.0,38371.0,15532.0,16012.0,38454.0
15815.0,16666.0,38463.0,15841.0,16529.0,38153.0,15635.0,16556.0,38209.0,15340.0,16359.0,39136.0,15974.0,16381.0,37666.0,15702.0,16481.0,38106.0,15793.0,16522.0,37719.0,15507.0,16379.0,38131.0,16212.0,16505.0,37594.0,15881.0,16281.0,38100.0,15695.0,16261.0,38031.0,15455.0,16340.0,38543.0,16087.0,16285.0,38663.0,15907.0,16358.0,38892.0,15760.0,16114.0,38390.0,15538.0,16011.0,38466.0
15809.0,16670.0,38471.0,15835.0,16531.0,38155.0,15626.0,16560.0,38207.0,15328.0,16356.0,39128.0,15965.0,16384.0,37657.0,15702.0,16481.0,38106.0,15793.0,16522.0,37719.0,15506.0,16380.0,38144.0,16213.0,16509.0,37594.0,15886.0,16287.0,38099.0,15697.0,16261.0,38025.0,15450.0,16336.0,38536.0,16085.0,16288.0,38647.0,15907.0,16358.0,38892.0,15760.0,16114.0,38390.0,15540.0,16014.0,38459.0
15814.0,16668.0,38477.0,15844.0,16527.0,38152.0,15637.0,16553.0,38210.0,15344.0,16354.0,39115.0,15976.0,16388.0,37688.0,15712.0,16483.0,38126.0,15796.0,16520.0,37724.0,15511.0,16373.0,38130.0,16218.0,16509.0,37612.0,15895.0,16281.0,38119.0,15710.0,16258.0,38037.0,15467.0,16335.0,38526.0,16094.0,16290.0,38681.0,15922.0,16363.0,38904.0,15769.0,16117.0,38391.0,15545.0,16006.0,38482.0
15814.0,16668.0,38477.0,15832.0,16533.0,38155.0,15625.0,16555.0,38205.0,15325.0,16357.0,39118.0,15967.0,16390.0,37654.0,15703.0,16481.0,38105.0,15796.0,16520.0,37724.0,15511.0,16373.0,38130.0,16218.0,16509.0,37612.0,15886.0,16284.0,38105.0,15699.0,16260.0,38020.0,15449.0,16334.0,38530.0,16087.0,16292.0,38650.0,15912.0,16361.0,38898.0,15765.0,16110.0,38402.0,15545.0,16006.0,38482.0
15803.0,16674.0,38464.0,15827.0,16537.0,38142.0,15616.0,16560.0,38205.0,15315.0,16353.0,39139.0,15966.0,16395.0,37667.0,15703.0,16489.0,38102.0,15787.0,16524.0,37720.0,15502.0,16376.0,38135.0,16210.0,16514.0,37591.0,15885.0,16288.0,38092.0,15695.0,16261.0,38018.0,15448.0,16333.0,38531.0,16090.0,16297.0,38642.0,15914.0,16367.0,38878.0,15766.0,16116.0,38385.0,15543.0,16006.0,38461.0
15816.0,16671.0,38492.0,15843.0,16530.0,38163.0,15632.0,16554.0,38218.0,15332.0,16353.0,39126.0,15969.0,16394.0,37668.0,15703.0,16489.0,38102.0,15787.0,16524.0,37720.0,15502.0,16376.0,38135.0,16224.0,16512.0,37621.0,15896.0,16287.0,38116.0,15709.0,16261.0,38033.0,15457.0,16334.0,38522.0,16091.0,16298.0,38649.0,15915.0,16367.0,38881.0,15766.0,16116.0,38385.0,15543.0,16006.0,38461.0
15816.0,16671.0,38492.0,15843.0,16530.0,38163.0,15621.0,16557.0,38194.0,15327.0,16355.0,39115.0,15972.0,16390.0,37667.0,15713.0,16485.0,38118.0,15805.0,16521.0,37723.0,15521.0,16372.0,38124.0,16224.0,16512.0,37621.0,15896.0,16287.0,38116.0,15699.0,16259.0,38020.0,15451.0,16332.0,38532.0,16094.0,16293.0,38663.0,15922.0,16364.0,38905.0,15777.0,16115.0,38403.0,15557.0,16008.0,38461.0
15803.0,16676.0,38454.0,15826.0,16541.0,38142.0,15615.0,16559.0,38212.0,15311.0,16350.0,39135.0,15963.0,16392.0,37647.0,15694.0,16487.0,38089.0,15786.0,16521.0,37716.0,15496.0,16376.0,38135.0,16211.0,16515.0,37575.0,15882.0,16290.0,38090.0,15693.0,16265.0,38018.0,15444.0,16332.0,38541.0,16086.0,16295.0,38632.0,15907.0,16365.0,38875.0,15760.0,16112.0,38389.0,15536.0,16008.0,38457.0
15803.0,16676.0,38454.0,15833.0,16535.0,38145.0,15620.0,16562.0,38208.0,15310.0,16356.0,39148.0,15961.0,16395.0,37639.0,15694.0,16486.0,38086.0,15782.0,16525.0,37715.0,15496.0,16376.0,38135.0,16211.0,16515.0,37575.0,15881.0,16290.0,38099.0,15689.0,16264.0,38021.0,15440.0,16335.0,38543.0,16084.0,16293.0,38617.0,15906.0,16364.0,38858.0,15761.0,16116.0,38370.0,15536.0,16008.0,38457.0
15808.0,16671.0,38464.0,15834.0,16533.0,38147.0,15623.0,16558.0,38214.0,15319.0,16356.0,39131.0,15963.0,16388.0,37640.0,15697.0,16482.0,38090.0,15788.0,16520.0,37712.0,15504.0,16375.0,38134.0,16213.0,16509.0,37587.0,15883.0,16285.0,38092.0,15691.0,16261.0,38027.0,15444.0,16336.0,38536.0,16084.0,16291.0,38631.0,15905.0,16359.0,38884.0,15760.0,16111.0,38385.0,15537.0,16008.0,38469.0
15808.0,16671.0,38464.0,15834.0,16533.0,38147.0,15623.0,16558.0,38214.0,15319.0,16356.0,39131.0,15963.0,16388.0,37640.0,15697.0,16482.0,38090.0,15788.0,16520.0,37712.0,15504.0,16375.0,38134.0,16213.0,16509.0,37587.0,15883.0,16285.0,38092.0,15691.0,16261.0,38027.0,15444.0,16336.0,38536.0,16084.0,16291.0,38631.0,15905.0,16359.0,38884.0,15760.0,16111.0,38385.0,15537.0,16008.0,38469.0
15806.0,16669.0,38462.0,15831.0,16535.0,38149.0,15616.0,16558.0,38214.0,15314.0,16357.0,39155.0,15962.0,16392.0,37645.0,15707.0,16486.0,38110.0,15796.0,16526.0,37716.0,15510.0,16383.0,38130.0,16211.0,16510.0,37587.0,15878.0,16287.0,38087.0,15690.0,16263.0,38018.0,15439.0,16335.0,38536.0,16084.0,16291.0,38619.0,15909.0,16363.0,38886.0,15762.0,16117.0,38376.0,15538.0,16015.0,38451.0
15811.0,16661.0,38461.0,15835.0,16527.0,38144.0,15625.0,16557.0,38214.0,15325.0,16364.0,39131.0,15972.0,16383.0,37656.0,15705.0,16481.0,38109.0,15793.0,16521.0,37718.0,15507.0,16378.0,38146.0,16207.0,16501.0,37582.0,15878.0,16279.0,38093.0,15688.0,16259.0,38026.0,15439.0,16340.0,38542.0,16085.0,16287.0,38634.0,15908.0,16355.0,38879.0,15756.0,16111.0,38383.0,15534.0,16008.0,38471.0
15810.0,16661.0,38471.0,15835.0,16527.0,38156.0,15629.0,16556.0,38222.0,15332.0,16363.0,39143.0,15972.0,16383.0,37656.0,15705.0,16481.0,38109.0,15795.0,16526.0,37720.0,15512.0,16380.0,38137.0,16212.0,16504.0,37588.0,15881.0,16283.0,38095.0,15698.0,16266.0,38025.0,15450.0,16341.0,38530.0,16085.0,16287.0,38634.0,15908.0,16355.0,38879.0,15756.0,16111.0,38383.0,15537.0,16013.0,38452.0
15810.0,16661.0,38471.0,15849.0,16526.0,38167.0,15639.0,16556.0,38233.0,15344.0,16364.0,39147.0,15971.0,16383.0,37668.0,15708.0,16484.0,38107.0,15795.0,16526.0,37720.0,15512.0,16380.0,38137.0,16212.0,16504.0,37588.0,15891.0,16279.0,38119.0,15704.0,16261.0,38036.0,15458.0,16343.0,38541.0,16086.0,16286.0,38643.0,15907.0,16360.0,38877.0,15758.0,16118.0,38372.0,15537.0,16013.0,38452.0
15808.0,16663.0,38455.0,15834.0,16527.0,38137.0,15625.0,16557.0,38206.0,15327.0,16361.0,39124.0,15971.0,16383.0,37656.0,15710.0,16477.0,38098.0,15792.0,16521.0,37717.0,15503.0,16375.0,38136.0,16211.0,16504.0,37582.0,15878.0,16280.0,38092.0,15691.0,16261.0,38023.0,15444.0,16338.0,38536.0,16082.0,16286.0,38641.0,15907.0,16356.0,38899.0,15759.0,16113.0,38383.0,15533.0,16006.0,38468.0
15807.0,16667.0,38475.0,15835.0,16529.0,38149.0,15628.0,16559.0,38214.0,15332.0,16361.0,39136.0,15969.0,16387.0,37660.0,15704.0,16482.0,38103.0,15792.0,16521.0,37717.0,15503.0,16375.0,38136.0,16212.0,16508.0,37595.0,15886.0,16285.0,38096.0,15699.0,16262.0,38020.0,15454.0,16340.0,38526.0,16087.0,16289.0,38644.0,15909.0,16358.0,38881.0,15759.0,16113.0,38383.0,15533.0,16006.0,38468.0
15809.0,16667.0,38467.0,15838.0,16528.0,38147.0,15633.0,16555.0,38196.0,15340.0,16355.0,39116.0,15974.0,16385.0,37688.0,15715.0,16481.0,38128.0,15808.0,16519.0,37725.0,15510.0,16373.0,38120.0,16215.0,16508.0,37601.0,15887.0,16283.0,38101.0,15701.0,16258.0,38029.0,15460.0,16335.0,38524.0,16093.0,16288.0,38684.0,15922.0,16359.0,38916.0,15774.0,16114.0,38406.0,15543.0,16007.0,38456.0
15809.0,16667.0,38467.0,15838.0,16528.0,38147.0,15633.0,16555.0,38196.0,15340.0,16355.0,39116.0,15974.0,16385.0,37688.0,15715.0,16481.0,38128.0,15808.0,16519.0,37725.0,15510.0,16373.0,38120.0,16215.0,16508.0,37601.0,15887.0,16283.0,38101.0,15701.0,16258.0,38029.0,15460.0,16335.0,38524.0,16093.0,16288.0,38684.0,15922.0,16359.0,38916.0,15774.0,16114.0,38406.0,15543.0,16007.0,38456.0
15815.0,16673.0,38486.0,15839.0,16534.0,38162.0,15627.0,16564.0,38211.0,15320.0,16360.0,39120.0,15960.0,16392.0,37651.0,15695.0,16487.0,38095.0,15802.0,16523.0,37723.0,15518.0,16375.0,38133.0,16218.0,16511.0,37613.0,15890.0,16291.0,38109.0,15701.0,16266.0,38019.0,15447.0,16338.0,38516.0,16087.0,16294.0,38635.0,15911.0,16364.0,38877.0,15770.0,16116.0,38398.0,15551.0,16009.0,38461.0
15808.0,16670.0,38438.0,15835.0,16531.0,38125.0,15625.0,16556.0,38205.0,15329.0,16353.0,39122.0,15975.0,16388.0,37671.0,15710.0,16480.0,38109.0,15802.0,16523.0,37723.0,15518.0,16375.0,38133.0,16218.0,16511.0,37613.0,15881.0,16280.0,38091.0,15699.0,16260.0,38026.0,15452.0,16332.0,38534.0,16092.0,16291.0,38663.0,15918.0,16361.0,38902.0,15770.0,16116.0,38398.0,15551.0,16009.0,38461.0
15804.0,16675.0,38459.0,15828.0,16537.0,38141.0,15619.0,16561.0,38208.0,15312.0,16353.0,39139.0,15962.0,16391.0,37644.0,15690.0,16487.0,38082.0,15782.0,16524.0,37716.0,15493.0,16376.0,38157.0,16210.0,16513.0,37579.0,15882.0,16288.0,38086.0,15694.0,16262.0,38018.0,15441.0,16334.0,38540.0,16084.0,16292.0,38629.0,15904.0,16362.0,38860.0,15755.0,16114.0,38379.0,15533.0,16009.0,38466.0
15811.0,16672.0,38458.0,15836.0,16538.0,38150.0,15622.0,16564.0,38213.0,15313.0,16364.0,39145.0,15959.0,16389.0,37634.0,15690.0,16487.0,38082.0,15793.0,16524.0,37719.0,15509.0,16380.0,38145.0,16214.0,16511.0,37582.0,15883.0,16289.0,38087.0,15691.0,16265.0,38014.0,15439.0,16340.0,38531.0,16082.0,16290.0,38605.0,15904.0,16362.0,38860.0,15755.0,16114.0,38379.0,15540.0,16011.0,38470.0
15811.0,16672.0,38458.0,15836.0,16538.0,38150.0,15623.0,16559.0,38188.0,15322.0,16356.0,39149.0,15969.0,16385.0,37652.0,15702.0,16482.0,38105.0,15793.0,16524.0,37719.0,15509.0,16380.0,38145.0,16214.0,16511.0,37582.0,15883.0,16289.0,38087.0,15688.0,16261.0,38025.0,15444.0,16338.0,38555.0,16086.0,16287.0,38633.0,15908.0,16360.0,38883.0,15762.0,16114.0,38395.0,15540.0,16011.0,38470.0
15810.0,16668.0,38448.0,15832.0,16532.0,38130.0,15618.0,16559.0,38202.0,15308.0,16358.0,39148.0,15959.0,16386.0,37620.0,15688.0,16481.0,38072.0,15779.0,16523.0,37706.0,15500.0,16377.0,38142.0,16209.0,16505.0,37578.0,15879.0,16283.0,38084.0,15684.0,16262.0,38023.0,15434.0,16338.0,38557.0,16075.0,16285.0,38605.0,15891.0,16357.0,38863.0,15743.0,16112.0,38378.0,15531.0,16011.0,38467.0
15819.0,16659.0,38463.0,15850.0,16525.0,38153.0,15642.0,16555.0,38210.0,15353.0,16358.0,39126.0,15981.0,16379.0,37695.0,15718.0,16480.0,38140.0,15797.0,16521.0,37707.0,15512.0,16378.0,38129.0,16215.0,16501.0,37606.0,15886.0,16278.0,38118.0,15708.0,16260.0,38031.0,15464.0,16339.0,38525.0,16092.0,16282.0,38675.0,15919.0,16359.0,38912.0,15758.0,16113.0,38382.0,15538.0,16010.0,38463.0
15819.0,16659.0,38463.0,15850.0,16525.0,38153.0,15642.0,16555.0,38210.0,15353.0,16358.0,39126.0,15981.0,16379.0,37695.0,15718.0,16480.0,38140.0,15797.0,16521.0,37707.0,15512.0,16378.0,38129.0,16215.0,16501.0,37606.0,15886.0,16278.0,38118.0,15708.0,16260.0,38031.0,15464.0,16339.0,38525.0,16092.0,16282.0,38675.0,15919.0,16359.0,38912.0,15758.0,16113.0,38382.0,15538.0,16010.0,38463.0
15821.0,16664.0,38497.0,15847.0,16530.0,38167.0,15636.0,16562.0,38215.0,15334.0,16367.0,39137.0,15969.0,16382.0,37666.0,15707.0,16482.0,38115.0,15798.0,16522.0,37725.0,15515.0,16380.0,38135.0,16220.0,16505.0,37609.0,15890.0,16285.0,38098.0,15699.0,16267.0,38016.0,15451.0,16345.0,38526.0,16085.0,16286.0,38639.0,15908.0,16358.0,38883.0,15761.0,16112.0,38388.0,15542.0,16010.0,38456.0
15820.0,16660.0,38459.0,15851.0,16526.0,38144.0,15628.0,16556.0,38196.0,15329.0,16357.0,39116.0,15966.0,16380.0,37649.0,15700.0,16477.0,38097.0,15795.0,16521.0,37716.0,15514.0,16378.0,38120.0,16216.0,16501.0,37601.0,15889.0,16281.0,38100.0,15695.0,16257.0,38021.0,15446.0,16335.0,38536.0,16080.0,16284.0,38638.0,15900.0,16355.0,38888.0,15754.0,16113.0,38381.0,15538.0,16010.0,38458.0
15820.0,16660.0,38459.0,15851.0,16526.0,38144.0,15628.0,16556.0,38196.0,15329.0,16357.0,39116.0,15966.0,16380.0,37649.0,15700.0,16477.0,38097.0,15795.0,16521.0,37716.0,15514.0,16378.0,38120.0,16216.0,16501.0,37601.0,15889.0,16281.0,38100.0,15695.0,16257.0,38021.0,15446.0,16335.0,38536.0,16080.0,16284.0,38638.0,15900.0,16355.0,38888.0,15754.0,16113.0,38381.0,15538.0,16010.0,38458.0
15812.0,16668.0,38473.0,15838.0,16533.0,38150.0,15619.0,16564.0,38216.0,15325.0,16360.0,39174.0,15972.0,16387.0,37653.0,15706.0,16484.0,38116.0,15797.0,16526.0,37720.0,15509.0,16383.0,38137.0,16213.0,16509.0,37584.0,15879.0,16289.0,38083.0,15691.0,16266.0,38016.0,15445.0,16341.0,38558.0,16091.0,16288.0,38631.0,15909.0,16360.0,38864.0,15762.0,16117.0,38367.0,15539.0,16016.0,38449.0
15807.0,16666.0,38437.0,15831.0,16530.0,38121.0,15613.0,16554.0,38193.0,15304.0,16354.0,39135.0,15958.0,16384.0,37601.0,15692.0,16481.0,38086.0,15784.0,16520.0,37712.0,15495.0,16375.0,38140.0,16208.0,16503.0,37572.0,15873.0,16283.0,38080.0,15683.0,16260.0,38022.0,15425.0,16332.0,38552.0,16076.0,16286.0,38595.0,15888.0,16359.0,38848.0,15751.0,16111.0,38381.0,15530.0,16006.0,38479.0
15807.0,16666.0,38437.0,15831.0,16530.0,38121.0,15613.0,16554.0,38193.0,15304.0,16354.0,39135.0,15958.0,16384.0,37601.0,15692.0,16481.0,38086.0,15784.0,16520.0,37712.0,15495.0,16375.0,38140.0,16208.0,16503.0,37572.0,15873.0,16283.0,38080.0,15683.0,16260.0,38022.0,15425.0,16332.0,38552.0,16076.0,16286.0,38595.0,15888.0,16359.0,38848.0,15751.0,16111.0,38381.0,15530.0,16006.0,38479.0
15812.0,16671.0,38463.0,15836.0,16535.0,38145.0,15624.0,16559.0,38206.0,15326.0,16358.0,39154.0,15971.0,16387.0,37659.0,15704.0,16487.0,38111.0,15797.0,16525.0,37721.0,15510.0,16380.0,38145.0,16215.0,16508.0,37586.0,15882.0,16289.0,38082.0,15693.0,16265.0,38021.0,15451.0,16342.0,38550.0,16088.0,16289.0,38636.0,15911.0,16361.0,38867.0,15762.0,16118.0,38377.0,15541.0,16014.0,38449.0
15806.0,16667.0,38441.0,15833.0,16533.0,38136.0,15624.0,16559.0,38206.0,15326.0,16358.0,39154.0,15971.0,16387.0,37659.0,15704.0,16487.0,38111.0,15797.0,16525.0,37721.0,15495.0,16378.0,38144.0,16209.0,16507.0,37575.0,15875.0,16286.0,38081.0,15693.0,16265.0,38021.0,15451.0,16342.0,38550.0,16088.0,16289.0,38636.0,15911.0,16361.0,38867.0,15762.0,16118.0,38377.0,15527.0,16008.0,38467.0
15814.0,16668.0,38471.0,15855.0,16533.0,38179.0,15638.0,16561.0,38207.0,15337.0,16357.0,39114.0,15970.0,16387.0,37681.0,15707.0,16482.0,38114.0,15801.0,16520.0,37719.0,15516.0,16372.0,38123.0,16217.0,16507.0,37604.0,15904.0,16287.0,38117.0,15715.0,16265.0,38024.0,15462.0,16336.0,38512.0,16090.0,16291.0,38668.0,15915.0,16360.0,38895.0,15768.0,16112.0,38381.0,15546.0,16005.0,38458.0
15816.0,16666.0,38471.0,15848.0,16526.0,38152.0,15643.0,16555.0,38225.0,15358.0,16351.0,39114.0,15986.0,16386.0,37725.0,15729.0,16484.0,38148.0,15797.0,16520.0,37703.0,15514.0,16375.0,38113.0,16216.0,16508.0,37620.0,15898.0,16283.0,38117.0,15717.0,16258.0,38038.0,15477.0,16334.0,38510.0,16102.0,16290.0,38704.0,15937.0,16363.0,38924.0,15766.0,16115.0,38381.0,15543.0,16008.0,38449.0
15811.0,16669.0,38465.0,15841.0,16532.0,38140.0,15629.0,16555.0,38190.0,15326.0,16352.0,39119.0,15964.0,16385.0,37656.0,15700.0,16481.0,38093.0,15797.0,16520.0,37703.0,15514.0,16375.0,38113.0,16216.0,16508.0,37620.0,15889.0,16285.0,38100.0,15701.0,16260.0,38019.0,15448.0,16331.0,38524.0,16083.0,16289.0,38648.0,15907.0,16358.0,38887.0,15766.0,16115.0,38381.0,15543.0,16008.0,38449.0
15818.0,16669.0,38485.0,15837.0,16533.0,38124.0,15630.0,16558.0,38205.0,15335.0,16357.0,39136.0,15975.0,16386.0,37672.0,15714.0,16483.0,38125.0,15806.0,16524.0,37727.0,15519.0,16378.0,38138.0,16221.0,16512.0,37607.0,15876.0,16283.0,38089.0,15693.0,16262.0,38031.0,15455.0,16338.0,38534.0,16092.0,16286.0,38653.0,15918.0,16361.0,38892.0,15769.0,16115.0,38387.0,15547.0,16012.0,38450.0
15807.0,16667.0,38431.0,15837.0,16533.0,38124.0,15615.0,16562.0,38192.0,15303.0,16362.0,39161.0,15958.0,16386.0,37609.0,15687.0,16479.0,38064.0,15778.0,16520.0,37700.0,15489.0,16376.0,38137.0,16206.0,16506.0,37563.0,15876.0,16283.0,38089.0,15678.0,16262.0,38013.0,15424.0,16340.0,38558.0,16074.0,16283.0,38588.0,15888.0,16353.0,38852.0,15742.0,16109.0,38371.0,15523.0,16006.0,38472.0
15805.0,16666.0,38420.0,15828.0,16533.0,38115.0,15615.0,16562.0,38192.0,15303.0,16362.0,39161.0,15959.0,16387.0,37623.0,15686.0,16481.0,38069.0,15775.0,16523.0,37714.0,15487.0,16377.0,38159.0,16202.0,16503.0,37550.0,15869.0,16284.0,38073.0,15678.0,16262.0,38013.0,15424.0,16340.0,38558.0,16076.0,16283.0,38592.0,15891.0,16356.0,38849.0,15742.0,16110.0,38373.0,15517.0,16007.0,38479.0
15817.0,16665.0,38465.0,15841.0,16528.0,38130.0,15632.0,16561.0,38196.0,15334.0,16364.0,39146.0,15974.0,16382.0,37659.0,15704.0,16480.0,38109.0,15796.0,16528.0,37730.0,15509.0,16386.0,38154.0,16211.0,16505.0,37577.0,15879.0,16282.0,38081.0,15694.0,16264.0,38019.0,15447.0,16341.0,38543.0,16084.0,16281.0,38634.0,15906.0,16357.0,38871.0,15756.0,16119.0,38387.0,15532.0,16017.0,38475.0
15812.0,16661.0,38448.0,15838.0,16526.0,38130.0,15628.0,16555.0,38200.0,15324.0,16359.0,39134.0,15966.0,16379.0,37635.0,15696.0,16477.0,38084.0,15790.0,16522.0,37726.0,15503.0,16375.0,38144.0,16213.0,16502.0,37584.0,15881.0,16280.0,38088.0,15694.0,16259.0,38025.0,15440.0,16336.0,38538.0,16079.0,16280.0,38627.0,15895.0,16353.0,38877.0,15752.0,16113.0,38379.0,15531.0,16006.0,38479.0
15824.0,16661.0,38498.0,15849.0,16527.0,38174.0,15640.0,16560.0,38214.0,15339.0,16367.0,39127.0,15968.0,16385.0,37658.0,15697.0,16480.0,38105.0,15790.0,16522.0,37726.0,15503.0,16375.0,38144.0,16224.0,16504.0,37612.0,15891.0,16285.0,38108.0,15703.0,16267.0,38020.0,15454.0,16345.0,38517.0,16082.0,16284.0,38626.0,15902.0,16357.0,38882.0,15752.0,16113.0,38379.0,15531.0,16006.0,38479.0
15810.0,16659.0,38443.0,15842.0,16526.0,38134.0,15635.0,16560.0,38204.0,15344.0,16362.0,39144.0,15980.0,16381.0,37686.0,15698.0,16476.0,38091.0,15786.0,16520.0,37711.0,15500.0,16376.0,38134.0,16205.0,16498.0,37572.0,15875.0,16280.0,38090.0,15691.0,16261.0,38016.0,15457.0,16344.0,38535.0,16090.0,16283.0,38652.0,15894.0,16350.0,38876.0,15748.0,16109.0,38377.0,15522.0,16007.0,38465.0
15817.0,16656.0,38464.0,15845.0,16522.0,38144.0,15635.0,16555.0,38214.0,15333.0,16361.0,39140.0,15969.0,16378.0,37639.0,15698.0,16476.0,38091.0,15786.0,16520.0,37711.0,15511.0,16377.0,38142.0,16214.0,16499.0,37591.0,15882.0,16279.0,38096.0,15694.0,16260.0,38030.0,15448.0,16340.0,38541.0,16076.0,16279.0,38628.0,15894.0,16350.0,38876.0,15748.0,16109.0,38377.0,15533.0,16011.0,38461.0
15817.0,16654.0,38432.0,15845.0,16525.0,38134.0,15635.0,16562.0,38216.0,15337.0,16369.0,39159.0,15979.0,16373.0,37669.0,15714.0,16476.0,38117.0,15785.0,16521.0,37712.0,15500.0,16382.0,38153.0,16203.0,16495.0,37564.0,15872.0,16278.0,38079.0,15690.0,16265.0,38020.0,15444.0,16346.0,38548.0,16085.0,16273.0,38630.0,15908.0,16351.0,38881.0,15737.0,16111.0,38372.0,15515.0,16013.0,38476.0
15820.0,16653.0,38451.0,15847.0,16519.0,38140.0,15634.0,16556.0,38216.0,15330.0,16364.0,39150.0,15969.0,16372.0,37633.0,15698.0,16472.0,38084.0,15785.0,16521.0,37712.0,15500.0,16382.0,38153.0,16203.0,16495.0,37564.0,15878.0,16274.0,38085.0,15688.0,16262.0,38025.0,15437.0,16343.0,38546.0,16074.0,16270.0,38611.0,15887.0,16345.0,38868.0,15737.0,16111.0,38372.0,15515.0,16013.0,38476.0
15835.0,16649.0,38505.0,15864.0,16519.0,38186.0,15650.0,16558.0,38228.0,15354.0,16371.0,39130.0,15972.0,16372.0,37659.0,15720.0,16475.0,38133.0,15814.0,16526.0,37738.0,15533.0,16388.0,38150.0,16225.0,16492.0,37611.0,15891.0,16277.0,38111.0,15700.0,16266.0,38029.0,15454.0,16350.0,38516.0,16077.0,16273.0,38621.0,15907.0,16348.0,38885.0,15760.0,16119.0,38379.0,15541.0,16021.0,38459.0
15821.0,16646.0,38437.0,15851.0,16520.0,38132.0,15642.0,16561.0,38223.0,15353.0,16370.0,39163.0,15985.0,16368.0,37682.0,15720.0,16475.0,38133.0,15814.0,16526.0,37738.0,15533.0,16388.0,38150.0,16201.0,16488.0,37555.0,15872.0,16275.0,38067.0,15687.0,16266.0,38018.0,15451.0,16352.0,38547.0,16083.0,16269.0,38638.0,15907.0,16348.0,38885.0,15760.0,16119.0,38379.0,15541.0,16021.0,38459.0
15821.0,16646.0,38437.0,15851.0,16520.0,38132.0,15636.0,16559.0,38223.0,15332.0,16373.0,39174.0,15969.0,16366.0,37618.0,15693.0,16469.0,38080.0,15784.0,16527.0,37723.0,15497.0,16390.0,38149.0,16201.0,16488.0,37555.0,15872.0,16275.0,38067.0,15678.0,16264.0,38016.0,15429.0,16352.0,38567.0,16063.0,16260.0,38588.0,15877.0,16342.0,38857.0,15730.0,16115.0,38362.0,15504.0,16018.0,38470.0
15840.0,16641.0,38487.0,15864.0,16517.0,38167.0,15647.0,16565.0,38226.0,15341.0,16380.0,39154.0,15969.0,16362.0,37631.0,15700.0,16466.0,38089.0,15788.0,16524.0,37724.0,15529.0,16392.0,38164.0,16215.0,16483.0,37601.0,15879.0,16273.0,38092.0,15690.0,16268.0,38016.0,15432.0,16356.0,38545.0,16070.0,16259.0,38592.0,15877.0,16339.0,38859.0,15733.0,16112.0,38368.0,15531.0,16024.0,38463.0
15840.0,16641.0,38487.0,15858.0,16516.0,38140.0,15647.0,16565.0,38253.0,15359.0,16378.0,39196.0,15987.0,16360.0,37676.0,15722.0,16467.0,38126.0,15815.0,16524.0,37740.0,15529.0,16392.0,38164.0,16215.0,16483.0,37601.0,15868.0,16271.0,38073.0,15689.0,16267.0,38018.0,15446.0,16359.0,38561.0,16081.0,16259.0,38621.0,15898.0,16342.0,38884.0,15751.0,16114.0,38372.0,15531.0,16024.0,38463.0
15829.0,16637.0,38437.0,15853.0,16513.0,38136.0,15637.0,16563.0,38221.0,15332.0,16378.0,39187.0,15969.0,16357.0,37614.0,15693.0,16466.0,38077.0,15791.0,16524.0,37722.0,15505.0,16392.0,38166.0,16201.0,16480.0,37554.0,15865.0,16269.0,38077.0,15677.0,16264.0,38023.0,15421.0,16353.0,38577.0,16064.0,16253.0,38575.0,15868.0,16335.0,38848.0,15730.0,16112.0,38364.0,15505.0,16019.0,38486.0
15840.0,16637.0,38486.0,15866.0,16516.0,38165.0,15649.0,16565.0,38237.0,15347.0,16382.0,39165.0,15973.0,16356.0,37637.0,15702.0,16464.0,38092.0,15791.0,16524.0,37722.0,15505.0,16392.0,38166.0,16215.0,16485.0,37583.0,15876.0,16273.0,38086.0,15685.0,16268.0,38013.0,15437.0,16361.0,38556.0,16068.0,16253.0,38597.0,15878.0,16335.0,38856.0,15730.0,16112.0,38364.0,15505.0,16019.0,38486.0
15832.0,16633.0,38446.0,15858.0,16506.0,38138.0,15643.0,16556.0,38224.0,15343.0,16375.0,39162.0,15972.0,16356.0,37631.0,15706.0,16466.0,38097.0,15800.0,16529.0,37722.0,15517.0,16393.0,38164.0,16207.0,16475.0,37567.0,15867.0,16262.0,38078.0,15677.0,16262.0,38022.0,15427.0,16354.0,38561.0,16066.0,16255.0,38587.0,15874.0,16339.0,38859.0,15734.0,16116.0,38358.0,15510.0,16021.0,38481.0
15832.0,16633.0,38446.0,15858.0,16506.0,38138.0,15642.0,16558.0,38242.0,15347.0,16376.0,39181.0,15979.0,16354.0,37636.0,15705.0,16464.0,38094.0,15798.0,16527.0,37728.0,15517.0,16393.0,38164.0,16207.0,16475.0,37567.0,15867.0,16262.0,38078.0,15680.0,16267.0,38021.0,15433.0,16357.0,38567.0,16069.0,16255.0,38599.0,15881.0,16337.0,38865.0,15735.0,16115.0,38370.0,15510.0,16021.0,38481.0
15846.0,16633.0,38491.0,15875.0,16508.0,38184.0,15667.0,16560.0,38263.0,15376.0,16379.0,39184.0,15987.0,16356.0,37667.0,15717.0,16468.0,38134.0,15811.0,16525.0,37733.0,15529.0,16396.0,38151.0,16217.0,16481.0,37597.0,15884.0,16268.0,38106.0,15703.0,16268.0,38030.0,15461.0,16362.0,38548.0,16078.0,16258.0,38628.0,15890.0,16341.0,38869.0,15739.0,16121.0,38355.0,15525.0,16026.0,38469.0
15846.0,16633.0,38491.0,15858.0,16507.0,38132.0,15646.0,16561.0,38222.0,15352.0,16379.0,39155.0,15978.0,16355.0,37653.0,15712.0,16462.0,38116.0,15811.0,16525.0,37733.0,15529.0,16396.0,38151.0,16217.0,16481.0,37597.0,15866.0,16267.0,38081.0,15681.0,16263.0,38016.0,15435.0,16359.0,38558.0,16070.0,16254.0,38606.0,15883.0,16336.0,38876.0,15740.0,16116.0,38365.0,15525.0,16026.0,38469.0
15824.0,16638.0,38457.0,15853.0,16515.0,38159.0,15640.0,16562.0,38241.0,15344.0,16376.0,39174.0,15978.0,16359.0,37637.0,15707.0,16467.0,38100.0,15797.0,16528.0,37725.0,15509.0,16395.0,38163.0,16203.0,16483.0,37565.0,15867.0,16272.0,38083.0,15683.0,16268.0,38021.0,15435.0,16357.0,38561.0,16071.0,16256.0,38597.0,15882.0,16335.0,38858.0,15738.0,16115.0,38347.0,15510.0,16021.0,38456.0
15839.0,16636.0,38492.0,15867.0,16511.0,38185.0,15653.0,16562.0,38256.0,15355.0,16380.0,39177.0,15977.0,16360.0,37650.0,15707.0,16467.0,38100.0,15797.0,16528.0,37725.0,15509.0,16395.0,38163.0,16217.0,16482.0,37591.0,15882.0,16270.0,38104.0,15693.0,16268.0,38025.0,15445.0,16359.0,38545.0,16075.0,16259.0,38591.0,15886.0,16340.0,38848.0,15738.0,16115.0,38347.0,15510.0,16021.0,38456.0
15828.0,16636.0,38428.0,15856.0,16514.0,38135.0,15643.0,16558.0,38219.0,15346.0,16371.0,39171.0,15971.0,16359.0,37625.0,15699.0,16466.0,38082.0,15787.0,16525.0,37715.0,15501.0,16394.0,38164.0,16201.0,16478.0,37552.0,15862.0,16264.0,38073.0,15681.0,16260.0,38016.0,15433.0,16351.0,38571.0,16078.0,16256.0,38609.0,15875.0,16337.0,38857.0,15731.0,16114.0,38374.0,15502.0,16020.0,38492.0
15822.0,16643.0,38458.0,15849.0,16516.0,38159.0,15637.0,16559.0,38236.0,15335.0,16372.0,39166.0,15971.0,16359.0,37625.0,15699.0,16466.0,38082.0,15787.0,16525.0,37715.0,15508.0,16397.0,38158.0,16206.0,16488.0,37563.0,15869.0,16274.0,38082.0,15681.0,16267.0,38017.0,15428.0,16351.0,38561.0,16070.0,16259.0,38591.0,15875.0,16337.0,38857.0,15731.0,16114.0,38374.0,15512.0,16023.0,38469.0
15840.0,16635.0,38468.0,15867.0,16505.0,38154.0,15659.0,16555.0,38224.0,15362.0,16370.0,39147.0,15984.0,16361.0,37663.0,15714.0,16470.0,38115.0,15804.0,16520.0,37729.0,15519.0,16383.0,38144.0,16220.0,16482.0,37596.0,15887.0,16265.0,38107.0,15701.0,16260.0,38035.0,15455.0,16354.0,38551.0,16082.0,16263.0,38627.0,15895.0,16344.0,38873.0,15747.0,16108.0,38389.0,15527.0,16012.0,38489.0
15819.0,16645.0,38453.0,15845.0,16517.0,38151.0,15637.0,16561.0,38216.0,15342.0,16372.0,39138.0,15978.0,16359.0,37640.0,15711.0,16462.0,38103.0,15804.0,16520.0,37729.0,15519.0,16383.0,38144.0,16220.0,16482.0,37596.0,15870.0,16271.0,38078.0,15686.0,16264.0,38019.0,15437.0,16351.0,38547.0,16077.0,16261.0,38614.0,15894.0,16337.0,38887.0,15747.0,16108.0,38389.0,15527.0,16012.0,38489.0
15832.0,16639.0,38472.0,15858.0,16511.0,38148.0,15647.0,16554.0,38219.0,15347.0,16371.0,39139.0,15973.0,16367.0,37640.0,15700.0,16470.0,38096.0,15789.0,16524.0,37719.0,15526.0,16385.0,38145.0,16217.0,16488.0,37598.0,15880.0,16269.0,38102.0,15691.0,16264.0,38031.0,15442.0,16351.0,38542.0,16074.0,16267.0,38603.0,15890.0,16344.0,38858.0,15738.0,16114.0,38359.0,15513.0,16017.0,38474.0
15832.0,16639.0,38472.0,15858.0,16511.0,38148.0,15647.0,16554.0,38219.0,15347.0,16371.0,39139.0,15973.0,16367.0,37640.0,15700.0,16470.0,38096.0,15789.0,16524.0,37719.0,15526.0,16385.0,38145.0,16217.0,16488.0,37598.0,15880.0,16269.0,38102.0,15691.0,16264.0,38031.0,15442.0,16351.0,38542.0,16074.0,16267.0,38603.0,15890.0,16344.0,38858.0,15738.0,16114.0,38359.0,15513.0,16017.0,38474.0
15823.0,16645.0,38458.0,15854.0,16515.0,38149.0,15646.0,16556.0,38231.0,15356.0,16365.0,39154.0,15970.0,16369.0,37635.0,15700.0,16475.0,38092.0,15790.0,16527.0,37713.0,15512.0,16394.0,38150.0,16211.0,16490.0,37572.0,15879.0,16272.0,38087.0,15693.0,16263.0,38039.0,15453.0,16347.0,38558.0,16073.0,16270.0,38592.0,15887.0,16348.0,38852.0,15743.0,16116.0,38361.0,15521.0,16018.0,38466.0
15816.0,16650.0,38460.0,15844.0,16521.0,38156.0,15631.0,16563.0,38226.0,15327.0,16372.0,39177.0,15970.0,16369.0,37635.0,15700.0,16475.0,38092.0,15792.0,16525.0,37716.0,15506.0,16389.0,38157.0,16208.0,16491.0,37570.0,15868.0,16276.0,38071.0,15679.0,16266.0,38015.0,15431.0,16350.0,38561.0,16073.0,16270.0,38592.0,15887.0,16348.0,38852.0,15743.0,16116.0,38361.0,15522.0,16018.0,38471.0
15824.0,16644.0,38455.0,15849.0,16516.0,38148.0,15637.0,16557.0,38225.0,15348.0,16372.0,39163.0,15974.0,16363.0,37653.0,15705.0,16467.0,38102.0,15795.0,16524.0,37707.0,15512.0,16385.0,38138.0,16211.0,16487.0,37574.0,15874.0,16272.0,38089.0,15687.0,16262.0,38031.0,15446.0,16351.0,38558.0,16077.0,16266.0,38622.0,15891.0,16342.0,38873.0,15744.0,16111.0,38370.0,15522.0,16011.0,38468.0
15824.0,16646.0,38444.0,15851.0,16518.0,38150.0,15640.0,16564.0,38243.0,15350.0,16373.0,39181.0,15981.0,16364.0,37657.0,15714.0,16468.0,38111.0,15806.0,16526.0,37731.0,15525.0,16392.0,38160.0,16206.0,16488.0,37562.0,15871.0,16275.0,38085.0,15688.0,16267.0,38021.0,15445.0,16353.0,38555.0,16083.0,16265.0,38625.0,15899.0,16342.0,38874.0,15751.0,16116.0,38377.0,15530.0,16017.0,38478.0
15824.0,16646.0,38444.0,15851.0,16518.0,38150.0,15640.0,16564.0,38243.0,15350.0,16373.0,39181.0,15981.0,16364.0,37657.0,15714.0,16468.0,38111.0,15806.0,16526.0,37731.0,15505.0,16392.0,38149.0,16206.0,16488.0,37562.0,15871.0,16275.0,38085.0,15688.0,16267.0,38021.0,15445.0,16353.0,38555.0,16083.0,16265.0,38625.0,15899.0,16342.0,38874.0,15751.0,16116.0,38377.0,15530.0,16017.0,38478.0
15827.0,16642.0,38452.0,15852.0,16515.0,38146.0,15638.0,16559.0,38228.0,15335.0,16372.0,39160.0,15971.0,16361.0,37621.0,15700.0,16469.0,38082.0,15788.0,16525.0,37717.0,15511.0,16393.0,38156.0,16208.0,16484.0,37572.0,15872.0,16270.0,38081.0,15682.0,16264.0,38024.0,15431.0,16351.0,38550.0,16073.0,16263.0,38592.0,15881.0,16342.0,38858.0,15736.0,16113.0,38368.0,15514.0,16018.0,38469.0
15830.0,16635.0,38454.0,15857.0,16513.0,38154.0,15646.0,16562.0,38235.0,15349.0,16379.0,39177.0,15981.0,16356.0,37653.0,15711.0,16467.0,38117.0,15795.0,16525.0,37722.0,15511.0,16394.0,38155.0,16206.0,16482.0,37566.0,15870.0,16270.0,38085.0,15683.0,16267.0,38023.0,15438.0,16357.0,38561.0,16076.0,16255.0,38604.0,15888.0,16339.0,38870.0,15735.0,16110.0,38365.0,15506.0,16020.0,38464.0
15830.0,16635.0,38454.0,15857.0,16513.0,38154.0,15646.0,16562.0,38235.0,15349.0,16379.0,39177.0,15981.0,16356.0,37653.0,15711.0,16467.0,38117.0,15795.0,16525.0,37722.0,15511.0,16394.0,38155.0,16206.0,16482.0,37566.0,15870.0,16270.0,38085.0,15683.0,16267.0,38023.0,15438.0,16357.0,38561.0,16076.0,16255.0,38604.0,15888.0,16339.0,38870.0,15735.0,16110.0,38365.0,15506.0,16020.0,38464.0
15832.0,16638.0,38449.0,15858.0,16512.0,38168.0,15645.0,16563.0,38252.0,15350.0,16378.0,39178.0,15977.0,16356.0,37647.0,15707.0,16466.0,38098.0,15799.0,16527.0,37725.0,15513.0,16394.0,38155.0,16207.0,16481.0,37565.0,15869.0,16267.0,38083.0,15683.0,16267.0,38023.0,15438.0,16356.0,38555.0,16074.0,16254.0,38595.0,15885.0,16338.0,38862.0,15738.0,16114.0,38360.0,15513.0,16021.0,38468.0
15846.0,16632.0,38488.0,15874.0,16505.0,38178.0,15663.0,16557.0,38260.0,15364.0,16375.0,39180.0,15981.0,16355.0,37655.0,15711.0,16465.0,38098.0,15800.0,16529.0,37711.0,15517.0,16398.0,38174.0,16220.0,16477.0,37595.0,15883.0,16265.0,38099.0,15694.0,16265.0,38035.0,15449.0,16358.0,38556.0,16074.0,16254.0,38610.0,15887.0,16336.0,38856.0,15738.0,16116.0,38345.0,15511.0,16025.0,38463.0
15846.0,16632.0,38488.0,15874.0,16505.0,38178.0,15655.0,16561.0,38238.0,15365.0,16376.0,39164.0,15987.0,16352.0,37664.0,15719.0,16464.0,38129.0,15816.0,16528.0,37735.0,15535.0,16399.0,38150.0,16220.0,16477.0,37595.0,15883.0,16265.0,38099.0,15683.0,16266.0,38024.0,15444.0,16361.0,38554.0,16077.0,16249.0,38627.0,15895.0,16339.0,38880.0,15748.0,16117.0,38370.0,15526.0,16026.0,38459.0
15829.0,16631.0,38436.0,15856.0,16509.0,38140.0,15640.0,16565.0,38239.0,15343.0,16384.0,39194.0,15976.0,16352.0,37620.0,15702.0,16460.0,38083.0,15792.0,16527.0,37718.0,15504.0,16397.0,38168.0,16201.0,16478.0,37545.0,15861.0,16265.0,38064.0,15674.0,16270.0,38023.0,15423.0,16363.0,38580.0,16067.0,16249.0,38575.0,15872.0,16332.0,38847.0,15727.0,16113.0,38356.0,15501.0,16023.0,38474.0
15829.0,16631.0,38436.0,15856.0,16509.0,38140.0,15640.0,16565.0,38239.0,15343.0,16384.0,39194.0,15976.0,16352.0,37620.0,15702.0,16460.0,38083.0,15791.0,16529.0,37717.0,15504.0,16397.0,38168.0,16201.0,16478.0,37545.0,15861.0,16265.0,38064.0,15674.0,16270.0,38023.0,15423.0,16363.0,38580.0,16067.0,16249.0,38575.0,15872.0,16332.0,38847.0,15728.0,16112.0,38345.0,15501.0,16023.0,38474.0
15845.0,16628.0,38482.0,15870.0,16503.0,38181.0,15655.0,16561.0,38250.0,15360.0,16382.0,39161.0,15979.0,16349.0,37645.0,15708.0,16464.0,38100.0,15817.0,16524.0,37731.0,15531.0,16397.0,38158.0,16216.0,16475.0,37591.0,15876.0,16264.0,38104.0,15686.0,16266.0,38031.0,15441.0,16363.0,38548.0,16071.0,16250.0,38591.0,15877.0,16335.0,38855.0,15746.0,16114.0,38359.0,15520.0,16026.0,38482.0
15828.0,16633.0,38424.0,15853.0,16510.0,38128.0,15637.0,16561.0,38218.0,15340.0,16382.0,39185.0,15975.0,16350.0,37623.0,15694.0,16462.0,38077.0,15784.0,16526.0,37721.0,15497.0,16398.0,38186.0,16196.0,16478.0,37550.0,15861.0,16266.0,38065.0,15672.0,16265.0,38020.0,15423.0,16361.0,38577.0,16064.0,16251.0,38580.0,15871.0,16331.0,38836.0,15723.0,16112.0,38353.0,15495.0,16021.0,38495.0
15828.0,16633.0,38424.0,15853.0,16510.0,38128.0,15637.0,16561.0,38218.0,15340.0,16382.0,39185.0,15975.0,16350.0,37623.0,15694.0,16462.0,38077.0,15784.0,16526.0,37721.0,15497.0,16398.0,38186.0,16196.0,16478.0,37550.0,15861.0,16266.0,38065.0,15672.0,16265.0,38020.0,15423.0,16361.0,38577.0,16064.0,16251.0,38580.0,15871.0,16331.0,38836.0,15723.0,16112.0,38353.0,15495.0,16021.0,38495.0
15831.0,16634.0,38456.0,15858.0,16513.0,38155.0,15648.0,16561.0,38235.0,15353.0,16380.0,39185.0,15980.0,16356.0,37650.0,15707.0,16468.0,38113.0,15799.0,16528.0,37722.0,15513.0,16397.0,38164.0,16208.0,16479.0,37569.0,15868.0,16270.0,38075.0,15685.0,16266.0,38018.0,15439.0,16358.0,38561.0,16074.0,16256.0,38602.0,15889.0,16338.0,38854.0,15736.0,16115.0,38354.0,15512.0,16021.0,38457.0
15842.0,16631.0,38472.0,15871.0,16506.0,38172.0,15659.0,16558.0,38248.0,15368.0,16376.0,39165.0,15985.0,16354.0,37656.0,15713.0,16464.0,38120.0,15808.0,16525.0,37730.0,15525.0,16395.0,38159.0,16217.0,16477.0,37592.0,15879.0,16265.0,38102.0,15695.0,16265.0,38036.0,15448.0,16357.0,38557.0,16076.0,16253.0,38617.0,15891.0,16336.0,38875.0,15740.0,16113.0,38361.0,15518.0,16024.0,38479.0
15842.0,16631.0,38472.0,15854.0,16512.0,38149.0,15642.0,16563.0,38239.0,15348.0,16381.0,39184.0,15982.0,16353.0,37647.0,15715.0,16463.0,38109.0,15808.0,16525.0,37730.0,15525.0,16395.0,38159.0,16217.0,16477.0,37592.0,15868.0,16270.0,38074.0,15683.0,16267.0,38024.0,15436.0,16359.0,38561.0,16075.0,16253.0,38602.0,15888.0,16336.0,38870.0,15741.0,16112.0,38364.0,15518.0,16024.0,38479.0
15821.0,16639.0,38434.0,15845.0,16515.0,38136.0,15632.0,16561.0,38234.0,15332.0,16376.0,39194.0,15972.0,16358.0,37625.0,15696.0,16470.0,38080.0,15786.0,16527.0,37717.0,15499.0,16394.0,38167.0,16203.0,16483.0,37549.0,15862.0,16271.0,38066.0,15675.0,16265.0,38018.0,15428.0,16357.0,38576.0,16073.0,16260.0,38572.0,15881.0,16340.0,38846.0,15730.0,16115.0,38351.0,15504.0,16018.0,38478.0
15829.0,16635.0,38441.0,15853.0,16514.0,38140.0,15642.0,16564.0,38235.0,15339.0,16379.0,39180.0,15974.0,16362.0,37619.0,15696.0,16470.0,38080.0,15786.0,16527.0,37717.0,15499.0,16394.0,38167.0,16207.0,16483.0,37569.0,15868.0,16271.0,38079.0,15680.0,16267.0,38016.0,15431.0,16357.0,38570.0,16071.0,16257.0,38571.0,15880.0,16340.0,38842.0,15730.0,16115.0,38351.0,15504.0,16018.0,38478.0
15833.0,16633.0,38455.0,15860.0,16511.0,38145.0,15644.0,16561.0,38239.0,15343.0,16378.0,39168.0,15982.0,16355.0,37658.0,15711.0,16467.0,38123.0,15805.0,16525.0,37732.0,15517.0,16392.0,38155.0,16209.0,16481.0,37584.0,15870.0,16267.0,38081.0,15683.0,16265.0,38022.0,15434.0,16355.0,38562.0,16072.0,16255.0,38595.0,15890.0,16340.0,38869.0,15739.0,16116.0,38364.0,15517.0,16019.0,38471.0
15838.0,16637.0,38486.0,15854.0,16513.0,38154.0,15647.0,16561.0,38234.0,15357.0,16376.0,39154.0,15981.0,16356.0,37660.0,15711.0,16467.0,38121.0,15808.0,16528.0,37732.0,15528.0,16396.0,38152.0,16214.0,16480.0,37594.0,15870.0,16269.0,38086.0,15688.0,16265.0,38011.0,15447.0,16356.0,38542.0,16080.0,16257.0,38624.0,15894.0,16342.0,38880.0,15745.0,16117.0,38374.0,15526.0,16025.0,38478.0
15826.0,16635.0,38448.0,15854.0,16513.0,38154.0,15647.0,16561.0,38234.0,15357.0,16376.0,39154.0,15969.0,16361.0,37616.0,15697.0,16463.0,38074.0,15787.0,16524.0,37717.0,15503.0,16394.0,38167.0,16206.0,16482.0,37563.0,15870.0,16269.0,38086.0,15688.0,16265.0,38011.0,15447.0,16356.0,38542.0,16070.0,16257.0,38576.0,15880.0,16336.0,38842.0,15732.0,16109.0,38353.0,15505.0,16017.0,38490.0
15826.0,16635.0,38444.0,15853.0,16512.0,38151.0,15638.0,16564.0,38232.0,15336.0,16383.0,39183.0,15973.0,16361.0,37621.0,15698.0,16466.0,38081.0,15788.0,16525.0,37721.0,15499.0,16393.0,38169.0,16203.0,16484.0,37551.0,15865.0,16268.0,38067.0,15680.0,16265.0,38017.0,15428.0,16359.0,38562.0,16071.0,16259.0,38581.0,15878.0,16340.0,38842.0,15730.0,16109.0,38357.0,15502.0,16014.0,38491.0
15832.0,16633.0,38458.0,15858.0,16511.0,38160.0,15644.0,16563.0,38243.0,15344.0,16382.0,39178.0,15973.0,16358.0,37633.0,15715.0,16463.0,38110.0,15804.0,16525.0,37726.0,15522.0,16395.0,38159.0,16210.0,16480.0,37581.0,15872.0,16267.0,38082.0,15682.0,16265.0,38023.0,15433.0,16359.0,38567.0,16069.0,16257.0,38586.0,15890.0,16334.0,38883.0,15743.0,16114.0,38367.0,15515.0,16020.0,38479.0
15842.0,16630.0,38478.0,15873.0,16504.0,38169.0,15660.0,16555.0,38241.0,15366.0,16371.0,39158.0,15984.0,16353.0,37658.0,15715.0,16463.0,38110.0,15804.0,16525.0,37726.0,15530.0,16392.0,38151.0,16218.0,16480.0,37599.0,15884.0,16263.0,38108.0,15698.0,16261.0,38031.0,15453.0,16352.0,38554.0,16079.0,16254.0,38626.0,15890.0,16334.0,38883.0,15743.0,16114.0,38367.0,15515.0,16020.0,38479.0
15842.0,16630.0,38478.0,15873.0,16504.0,38169.0,15645.0,16563.0,38242.0,15353.0,16380.0,39179.0,15984.0,16356.0,37661.0,15716.0,16464.0,38114.0,15810.0,16525.0,37730.0,15530.0,16392.0,38151.0,16218.0,16480.0,37599.0,15884.0,16263.0,38108.0,15686.0,16267.0,38021.0,15440.0,16359.0,38565.0,16075.0,16255.0,38620.0,15893.0,16337.0,38874.0,15747.0,16115.0,38376.0,15525.0,16020.0,38471.0
15821.0,16637.0,38410.0,15844.0,16515.0,38137.0,15629.0,16566.0,38245.0,15327.0,16386.0,39209.0,15969.0,16357.0,37607.0,15695.0,16468.0,38078.0,15778.0,16533.0,37718.0,15489.0,16403.0,38189.0,16196.0,16480.0,37531.0,15853.0,16271.0,38053.0,15665.0,16270.0,38007.0,15417.0,16363.0,38582.0,16067.0,16254.0,38551.0,15874.0,16336.0,38831.0,15726.0,16112.0,38342.0,15488.0,16023.0,38498.0
15833.0,16629.0,38436.0,15856.0,16508.0,38133.0,15643.0,16561.0,38237.0,15358.0,16376.0,39169.0,15982.0,16349.0,37635.0,15709.0,16459.0,38095.0,15801.0,16524.0,37717.0,15511.0,16393.0,38158.0,16206.0,16477.0,37566.0,15866.0,16263.0,38076.0,15673.0,16265.0,38022.0,15442.0,16355.0,38566.0,16073.0,16250.0,38613.0,15885.0,16330.0,38871.0,15735.0,16109.0,38370.0,15506.0,16018.0,38486.0
15844.0,16628.0,38495.0,15872.0,16505.0,38192.0,15661.0,16561.0,38266.0,15368.0,16384.0,39184.0,15985.0,16351.0,37663.0,15712.0,16465.0,38114.0,15804.0,16529.0,37726.0,15524.0,16401.0,38161.0,16216.0,16477.0,37595.0,15879.0,16266.0,38096.0,15695.0,16269.0,38027.0,15450.0,16365.0,38554.0,16076.0,16255.0,38609.0,15888.0,16338.0,38860.0,15739.0,16117.0,38349.0,15516.0,16026.0,38472.0
15845.0,16624.0,38455.0,15870.0,16501.0,38154.0,15664.0,16561.0,38243.0,15374.0,16387.0,39173.0,15991.0,16345.0,37663.0,15711.0,16454.0,38107.0,15801.0,16525.0,37729.0,15522.0,16399.0,38169.0,16211.0,16471.0,37582.0,15875.0,16261.0,38092.0,15688.0,16266.0,38029.0,15450.0,16365.0,38560.0,16077.0,16247.0,38621.0,15878.0,16329.0,38877.0,15732.0,16110.0,38380.0,15508.0,16022.0,38495.0
15832.0,16627.0,38438.0,15858.0,16506.0,38146.0,15645.0,16560.0,38224.0,15352.0,16381.0,39161.0,15982.0,16344.0,37637.0,15711.0,16454.0,38107.0,15801.0,16525.0,37729.0,15502.0,16400.0,38184.0,16202.0,16474.0,37558.0,15860.0,16263.0,38071.0,15679.0,16264.0,38020.0,15432.0,16359.0,38565.0,16070.0,16246.0,38606.0,15878.0,16329.0,38877.0,15732.0,16110.0,38380.0,15497.0,16020.0,38494.0
15832.0,16627.0,38438.0,15846.0,16516.0,38158.0,15630.0,16573.0,38270.0,15334.0,16394.0,39226.0,15971.0,16353.0,37609.0,15697.0,16466.0,38084.0,15787.0,16529.0,37718.0,15502.0,16400.0,38184.0,16202.0,16474.0,37558.0,15860.0,16263.0,38071.0,15665.0,16277.0,38010.0,15420.0,16371.0,38579.0,16067.0,16251.0,38546.0,15874.0,16331.0,38832.0,15724.0,16110.0,38347.0,15497.0,16020.0,38494.0
15841.0,16623.0,38427.0,15868.0,16504.0,38147.0,15649.0,16565.0,38250.0,15342.0,16388.0,39212.0,15971.0,16348.0,37618.0,15693.0,16465.0,38069.0,15799.0,16525.0,37720.0,15512.0,16401.0,38163.0,16205.0,16472.0,37558.0,15863.0,16262.0,38076.0,15671.0,16268.0,38025.0,15424.0,16366.0,38586.0,16066.0,16246.0,38555.0,15868.0,16329.0,38822.0,15726.0,16109.0,38362.0,15500.0,16022.0,38498.0
15842.0,16623.0,38456.0,15869.0,16501.0,38153.0,15655.0,16560.0,38241.0,15361.0,16384.0,39186.0,15982.0,16341.0,37631.0,15710.0,16453.0,38090.0,15799.0,16525.0,37720.0,15512.0,16401.0,38163.0,16205.0,16472.0,37558.0,15868.0,16261.0,38090.0,15681.0,16265.0,38029.0,15432.0,16362.0,38585.0,16068.0,16241.0,38606.0,15873.0,16324.0,38864.0,15726.0,16109.0,38362.0,15500.0,16022.0,38498.0
15847.0,16622.0,38469.0,15876.0,16499.0,38160.0,15661.0,16557.0,38243.0,15365.0,16383.0,39179.0,15985.0,16349.0,37657.0,15717.0,16465.0,38118.0,15811.0,16533.0,37740.0,15530.0,16408.0,38170.0,16213.0,16472.0,37585.0,15876.0,16258.0,38088.0,15691.0,16264.0,38026.0,15446.0,16362.0,38555.0,16075.0,16248.0,38608.0,15888.0,16337.0,38861.0,15742.0,16121.0,38347.0,15518.0,16030.0,38458.0
15847.0,16622.0,38469.0,15876.0,16499.0,38160.0,15645.0,16561.0,38236.0,15352.0,16386.0,39186.0,15984.0,16341.0,37640.0,15715.0,16456.0,38105.0,15806.0,16526.0,37731.0,15528.0,16401.0,38165.0,16213.0,16472.0,37585.0,15876.0,16258.0,38088.0,15674.0,16265.0,38022.0,15425.0,16364.0,38580.0,16071.0,16243.0,38605.0,15879.0,16329.0,38877.0,15736.0,16114.0,38367.0,15514.0,16024.0,38488.0
15825.0,16628.0,38417.0,15851.0,16511.0,38138.0,15634.0,16570.0,38249.0,15329.0,16390.0,39225.0,15971.0,16349.0,37600.0,15694.0,16462.0,38067.0,15783.0,16530.0,37713.0,15494.0,16402.0,38191.0,16198.0,16476.0,37531.0,15856.0,16269.0,38055.0,15667.0,16272.0,38009.0,15413.0,16368.0,38594.0,16063.0,16248.0,38544.0,15863.0,16329.0,38827.0,15716.0,16113.0,38346.0,15489.0,16022.0,38494.0
15825.0,16628.0,38417.0,15853.0,16510.0,38132.0,15636.0,16571.0,38244.0,15330.0,16393.0,39222.0,15970.0,16353.0,37599.0,15692.0,16464.0,38071.0,15781.0,16530.0,37715.0,15494.0,16402.0,38191.0,16198.0,16476.0,37531.0,15852.0,16265.0,38057.0,15664.0,16273.0,38011.0,15413.0,16369.0,38588.0,16067.0,16248.0,38542.0,15867.0,16331.0,38823.0,15719.0,16113.0,38345.0,15489.0,16022.0,38494.0
15841.0,16623.0,38442.0,15868.0,16504.0,38146.0,15652.0,16566.0,38237.0,15350.0,16388.0,39196.0,15978.0,16345.0,37624.0,15699.0,16456.0,38078.0,15800.0,16530.0,37734.0,15517.0,16404.0,38167.0,16207.0,16472.0,37570.0,15867.0,16262.0,38069.0,15679.0,16270.0,38022.0,15430.0,16366.0,38577.0,16070.0,16243.0,38578.0,15873.0,16326.0,38841.0,15729.0,16114.0,38358.0,15500.0,16025.0,38494.0
15843.0,16623.0,38462.0,15872.0,16504.0,38154.0,15661.0,16566.0,38239.0,15366.0,16392.0,39173.0,15982.0,16345.0,37644.0,15708.0,16456.0,38105.0,15800.0,16530.0,37734.0,15517.0,16404.0,38167.0,16211.0,16473.0,37586.0,15871.0,16264.0,38090.0,15688.0,16269.0,38021.0,15440.0,16367.0,38562.0,16072.0,16245.0,38606.0,15877.0,16329.0,38870.0,15729.0,16114.0,38358.0,15500.0,16025.0,38494.0
15841.0,16628.0,38491.0,15874.0,16506.0,38180.0,15664.0,16565.0,38257.0,15372.0,16384.0,39166.0,15983.0,16342.0,37667.0,15717.0,16459.0,38129.0,15811.0,16529.0,37729.0,15530.0,16403.0,38158.0,16217.0,16477.0,37600.0,15880.0,16267.0,38097.0,15695.0,16270.0,38024.0,15452.0,16362.0,38551.0,16077.0,16246.0,38632.0,15893.0,16333.0,38876.0,15745.0,16114.0,38362.0,15520.0,16027.0,38460.0
15846.0,16627.0,38488.0,15874.0,16506.0,38192.0,15664.0,16565.0,38267.0,15373.0,16387.0,39182.0,15986.0,16347.0,37674.0,15717.0,16459.0,38129.0,15811.0,16529.0,37729.0,15528.0,16404.0,38163.0,16215.0,16474.0,37588.0,15877.0,16266.0,38094.0,15697.0,16271.0,38024.0,15450.0,16367.0,38548.0,16081.0,16249.0,38623.0,15893.0,16333.0,38876.0,15745.0,16114.0,38362.0,15512.0,16030.0,38471.0
15846.0,16627.0,38488.0,15874.0,16506.0,38192.0,15654.0,16561.0,38229.0,15360.0,16392.0,39172.0,15983.0,16344.0,37655.0,15713.0,16461.0,38119.0,15808.0,16531.0,37737.0,15528.0,16404.0,38163.0,16215.0,16474.0,37588.0,15877.0,16266.0,38094.0,15678.0,16266.0,38019.0,15436.0,16367.0,38566.0,16074.0,16246.0,38599.0,15882.0,16330.0,38869.0,15736.0,16116.0,38359.0,15512.0,16030.0,38471.0
15824.0,16628.0,38418.0,15845.0,16513.0,38144.0,15625.0,16566.0,38261.0,15321.0,16392.0,39231.0,15967.0,16354.0,37600.0,15687.0,16470.0,38070.0,15778.0,16534.0,37716.0,15490.0,16406.0,38185.0,16197.0,16476.0,37540.0,15852.0,16267.0,38046.0,15662.0,16272.0,38007.0,15409.0,16367.0,38582.0,16067.0,16253.0,38529.0,15867.0,16337.0,38800.0,15719.0,16115.0,38335.0,15486.0,16024.0,38494.0
15833.0,16621.0,38402.0,15856.0,16506.0,38118.0,15639.0,16566.0,38234.0,15333.0,16392.0,39222.0,15972.0,16347.0,37603.0,15701.0,16454.0,38080.0,15789.0,16524.0,37711.0,15503.0,16400.0,38177.0,16199.0,16470.0,37539.0,15851.0,16262.0,38057.0,15661.0,16269.0,38014.0,15411.0,16367.0,38601.0,16062.0,16247.0,38542.0,15865.0,16330.0,38816.0,15719.0,16107.0,38366.0,15489.0,16019.0,38511.0
15840.0,16621.0,38458.0,15866.0,16501.0,38153.0,15654.0,16558.0,38241.0,15354.0,16386.0,39167.0,15977.0,16344.0,37622.0,15701.0,16454.0,38080.0,15789.0,16524.0,37711.0,15503.0,16400.0,38177.0,16213.0,16471.0,37585.0,15872.0,16261.0,38081.0,15683.0,16262.0,38019.0,15429.0,16362.0,38567.0,16068.0,16245.0,38592.0,15868.0,16322.0,38868.0,15719.0,16107.0,38366.0,15489.0,16019.0,38511.0
15840.0,16621.0,38458.0,15866.0,16501.0,38153.0,15654.0,16567.0,38265.0,15363.0,16391.0,39195.0,15983.0,16352.0,37659.0,15709.0,16463.0,38114.0,15807.0,16528.0,37731.0,15521.0,16401.0,38163.0,16213.0,16471.0,37585.0,15872.0,16261.0,38081.0,15688.0,16272.0,38018.0,15446.0,16370.0,38550.0,16081.0,16252.0,38604.0,15889.0,16339.0,38869.0,15738.0,16112.0,38351.0,15512.0,16022.0,38481.0
15847.0,16618.0,38472.0,15876.0,16501.0,38168.0,15663.0,16565.0,38261.0,15371.0,16391.0,39189.0,15988.0,16346.0,37670.0,15716.0,16461.0,38123.0,15807.0,16531.0,37736.0,15526.0,16405.0,38165.0,16211.0,16468.0,37586.0,15870.0,16262.0,38090.0,15688.0,16270.0,38028.0,15448.0,16370.0,38560.0,16079.0,16249.0,38617.0,15891.0,16333.0,38860.0,15741.0,16112.0,38348.0,15506.0,16028.0,38487.0
15846.0,16617.0,38460.0,15876.0,16496.0,38155.0,15666.0,16559.0,38240.0,15374.0,16384.0,39165.0,15990.0,16346.0,37663.0,15715.0,16457.0,38122.0,15809.0,16520.0,37732.0,15528.0,16396.0,38160.0,16216.0,16468.0,37593.0,15876.0,16255.0,38101.0,15689.0,16262.0,38035.0,15447.0,16363.0,38557.0,16077.0,16247.0,38606.0,15888.0,16329.0,38872.0,15737.0,16103.0,38379.0,15513.0,16019.0,38491.0
15833.0,16622.0,38461.0,15865.0,16504.0,38165.0,15654.0,16568.0,38264.0,15366.0,16392.0,39188.0,15990.0,16346.0,37663.0,15715.0,16457.0,38122.0,15795.0,16530.0,37728.0,15513.0,16405.0,38178.0,16208.0,16472.0,37564.0,15866.0,16266.0,38076.0,15684.0,16271.0,38019.0,15443.0,16371.0,38561.0,16077.0,16247.0,38606.0,15888.0,16329.0,38872.0,15730.0,16114.0,38328.0,15501.0,16024.0,38471.0
15830.0,16616.0,38366.0,15851.0,16503.0,38086.0,15629.0,16564.0,38213.0,15324.0,16395.0,39212.0,15966.0,16342.0,37570.0,15687.0,16446.0,38046.0,15775.0,16520.0,37705.0,15482.0,16399.0,38187.0,16191.0,16464.0,37519.0,15840.0,16257.0,38036.0,15650.0,16264.0,38008.0,15395.0,16366.0,38610.0,16060.0,16236.0,38532.0,15861.0,16317.0,38850.0,15705.0,16099.0,38361.0,15472.0,16013.0,38532.0
15826.0,16625.0,38413.0,15849.0,16508.0,38129.0,15629.0,16570.0,38232.0,15328.0,16393.0,39208.0,15972.0,16341.0,37581.0,15687.0,16446.0,38046.0,15775.0,16520.0,37705.0,15487.0,16410.0,38195.0,16195.0,16474.0,37521.0,15848.0,16264.0,38039.0,15657.0,16270.0,38004.0,15404.0,16370.0,38597.0,16065.0,16239.0,38572.0,15861.0,16317.0,38850.0,15705.0,16099.0,38361.0,15472.0,16013.0,38532.0
15826.0,16625.0,38413.0,15849.0,16508.0,38129.0,15641.0,16573.0,38273.0,15334.0,16398.0,39241.0,15973.0,16348.0,37606.0,15689.0,16461.0,38066.0,15776.0,16534.0,37717.0,15487.0,16410.0,38195.0,16195.0,16474.0,37521.0,15848.0,16264.0,38039.0,15671.0,16277.0,38007.0,15418.0,16372.0,38577.0,16072.0,16248.0,38554.0,15872.0,16327.0,38809.0,15716.0,16113.0,38319.0,15479.0,16023.0,38485.0
15848.0,16609.0,38439.0,15876.0,16492.0,38130.0,15661.0,16558.0,38221.0,15363.0,16388.0,39177.0,15980.0,16339.0,37628.0,15702.0,16457.0,38092.0,15810.0,16517.0,37725.0,15520.0,16397.0,38160.0,16212.0,16463.0,37587.0,15864.0,16253.0,38086.0,15677.0,16262.0,38018.0,15429.0,16363.0,38574.0,16068.0,16245.0,38598.0,15874.0,16327.0,38852.0,15721.0,16117.0,38346.0,15501.0,16016.0,38512.0
15848.0,16609.0,38439.0,15878.0,16500.0,38185.0,15669.0,16565.0,38266.0,15380.0,16386.0,39170.0,15991.0,16333.0,37658.0,15716.0,16445.0,38110.0,15810.0,16517.0,37725.0,15520.0,16397.0,38160.0,16212.0,16463.0,37587.0,15878.0,16261.0,38094.0,15693.0,16268.0,38023.0,15450.0,16365.0,38557.0,16079.0,16240.0,38650.0,15888.0,16317.0,38907.0,15733.0,16100.0,38390.0,15501.0,16016.0,38512.0
15851.0,16617.0,38492.0,15882.0,16500.0,38198.0,15670.0,16564.0,38289.0,15379.0,16396.0,39204.0,15990.0,16342.0,37684.0,15719.0,16458.0,38129.0,15812.0,16533.0,37737.0,15531.0,16415.0,38171.0,16216.0,16472.0,37596.0,15876.0,16263.0,38094.0,15694.0,16271.0,38021.0,15454.0,16374.0,38543.0,16086.0,16248.0,38629.0,15897.0,16328.0,38871.0,15738.0,16118.0,38343.0,15511.0,16037.0,38469.0
15855.0,16608.0,38452.0,15881.0,16492.0,38148.0,15665.0,16564.0,38254.0,15373.0,16391.0,39179.0,15992.0,16329.0,37651.0,15719.0,16440.0,38102.0,15810.0,16521.0,37722.0,15526.0,16399.0,38152.0,16212.0,16460.0,37589.0,15869.0,16250.0,38092.0,15683.0,16264.0,38031.0,15439.0,16371.0,38570.0,16076.0,16234.0,38637.0,15884.0,16313.0,38894.0,15729.0,16101.0,38379.0,15504.0,16022.0,38497.0
15847.0,16613.0,38458.0,15877.0,16496.0,38160.0,15665.0,16564.0,38254.0,15373.0,16391.0,39179.0,15992.0,16329.0,37651.0,15713.0,16455.0,38100.0,15804.0,16529.0,37721.0,15522.0,16408.0,38162.0,16211.0,16465.0,37577.0,15868.0,16256.0,38087.0,15683.0,16268.0,38025.0,15439.0,16371.0,38570.0,16076.0,16234.0,38637.0,15882.0,16320.0,38850.0,15730.0,16110.0,38343.0,15502.0,16024.0,38473.0
15845.0,16618.0,38467.0,15870.0,16505.0,38183.0,15656.0,16571.0,38290.0,15361.0,16400.0,39234.0,15984.0,16337.0,37644.0,15713.0,16455.0,38100.0,15804.0,16529.0,37721.0,15511.0,16423.0,38187.0,16206.0,16470.0,37548.0,15863.0,16265.0,38064.0,15678.0,16276.0,38010.0,15433.0,16376.0,38572.0,16077.0,16242.0,38588.0,15882.0,16320.0,38850.0,15730.0,16110.0,38343.0,15486.0,16040.0,38468.0
15833.0,16611.0,38377.0,15854.0,16501.0,38106.0,15636.0,16566.0,38221.0,15334.0,16393.0,39212.0,15977.0,16330.0,37579.0,15692.0,16442.0,38052.0,15769.0,16532.0,37713.0,15481.0,16412.0,38203.0,16190.0,16464.0,37511.0,15841.0,16256.0,38030.0,15650.0,16268.0,38005.0,15399.0,16369.0,38614.0,16060.0,16229.0,38551.0,15855.0,16310.0,38854.0,15698.0,16107.0,38322.0,15463.0,16023.0,38510.0
15829.0,16621.0,38409.0,15849.0,16508.0,38145.0,15628.0,16575.0,38271.0,15320.0,16409.0,39277.0,15970.0,16340.0,37579.0,15682.0,16455.0,38044.0,15769.0,16532.0,37713.0,15481.0,16412.0,38203.0,16190.0,16464.0,37511.0,15842.0,16266.0,38022.0,15652.0,16278.0,37997.0,15397.0,16382.0,38607.0,16065.0,16238.0,38517.0,15855.0,16319.0,38791.0,15698.0,16107.0,38322.0,15463.0,16023.0,38510.0
15837.0,16607.0,38382.0,15855.0,16496.0,38093.0,15637.0,16566.0,38223.0,15323.0,16403.0,39225.0,15969.0,16339.0,37569.0,15696.0,16438.0,38056.0,15783.0,16518.0,37715.0,15490.0,16400.0,38191.0,16199.0,16459.0,37537.0,15845.0,16252.0,38048.0,15651.0,16269.0,38006.0,15395.0,16373.0,38602.0,16067.0,16244.0,38544.0,15874.0,16315.0,38879.0,15715.0,16096.0,38387.0,15477.0,16014.0,38532.0
15837.0,16610.0,38432.0,15862.0,16495.0,38131.0,15662.0,16569.0,38290.0,15364.0,16402.0,39233.0,15986.0,16336.0,37645.0,15702.0,16452.0,38100.0,15792.0,16528.0,37719.0,15507.0,16408.0,38178.0,16209.0,16467.0,37555.0,15861.0,16253.0,38060.0,15686.0,16274.0,38020.0,15437.0,16377.0,38568.0,16082.0,16249.0,38612.0,15893.0,16326.0,38862.0,15734.0,16108.0,38345.0,15494.0,16017.0,38479.0
15837.0,16610.0,38432.0,15862.0,16495.0,38131.0,15662.0,16569.0,38290.0,15364.0,16402.0,39233.0,15986.0,16336.0,37645.0,15702.0,16452.0,38100.0,15792.0,16528.0,37719.0,15507.0,16408.0,38178.0,16209.0,16467.0,37555.0,15861.0,16253.0,38060.0,15686.0,16274.0,38020.0,15437.0,16377.0,38568.0,16082.0,16249.0,38612.0,15893.0,16326.0,38862.0,15734.0,16108.0,38345.0,15494.0,16017.0,38479.0
15860.0,16598.0,38464.0,15884.0,16485.0,38153.0,15672.0,16559.0,38247.0,15385.0,16395.0,39164.0,15995.0,16322.0,37662.0,15719.0,16432.0,38112.0,15812.0,16518.0,37726.0,15532.0,16404.0,38161.0,16219.0,16460.0,37605.0,15871.0,16246.0,38084.0,15685.0,16264.0,38022.0,15444.0,16372.0,38571.0,16081.0,16235.0,38666.0,15896.0,16315.0,38930.0,15738.0,16096.0,38388.0,15508.0,16018.0,38503.0
15859.0,16605.0,38497.0,15888.0,16495.0,38202.0,15674.0,16572.0,38295.0,15383.0,16409.0,39237.0,15992.0,16323.0,37666.0,15716.0,16444.0,38116.0,15807.0,16542.0,37741.0,15525.0,16433.0,38186.0,16217.0,16462.0,37577.0,15870.0,16257.0,38077.0,15687.0,16276.0,38019.0,15444.0,16387.0,38570.0,16083.0,16239.0,38641.0,15894.0,16317.0,38881.0,15728.0,16121.0,38318.0,15499.0,16045.0,38461.0
15859.0,16605.0,38497.0,15888.0,16495.0,38202.0,15674.0,16572.0,38295.0,15383.0,16409.0,39237.0,15992.0,16323.0,37666.0,15713.0,16451.0,38109.0,15807.0,16542.0,37741.0,15525.0,16433.0,38186.0,16217.0,16462.0,37577.0,15870.0,16257.0,38077.0,15687.0,16276.0,38019.0,15444.0,16387.0,38570.0,16083.0,16239.0,38641.0,15894.0,16317.0,38881.0,15728.0,16121.0,38318.0,15499.0,16045.0,38461.0
15854.0,16589.0,38425.0,15882.0,16482.0,38134.0,15666.0,16564.0,38244.0,15374.0,16407.0,39205.0,15992.0,16313.0,37629.0,15703.0,16441.0,38085.0,15792.0,16531.0,37721.0,15508.0,16420.0,38190.0,16201.0,16449.0,37551.0,15853.0,16243.0,38060.0,15664.0,16268.0,38013.0,15419.0,16381.0,38599.0,16070.0,16222.0,38615.0,15868.0,16308.0,38846.0,15711.0,16107.0,38338.0,15475.0,16029.0,38493.0
15859.0,16597.0,38459.0,15882.0,16494.0,38182.0,15664.0,16580.0,38305.0,15367.0,16417.0,39280.0,15987.0,16318.0,37620.0,15703.0,16441.0,38085.0,15792.0,16531.0,37721.0,15508.0,16444.0,38216.0,16202.0,16455.0,37525.0,15853.0,16256.0,38044.0,15666.0,16283.0,38008.0,15416.0,16393.0,38594.0,16069.0,16227.0,38559.0,15868.0,16308.0,38846.0,15711.0,16107.0,38338.0,15470.0,16044.0,38480.0
15850.0,16582.0,38383.0,15875.0,16477.0,38105.0,15656.0,16568.0,38246.0,15356.0,16416.0,39250.0,15982.0,16317.0,37601.0,15699.0,16451.0,38074.0,15788.0,16549.0,37733.0,15490.0,16421.0,38205.0,16200.0,16452.0,37536.0,15846.0,16236.0,38034.0,15652.0,16270.0,37987.0,15406.0,16379.0,38601.0,16075.0,16229.0,38565.0,15858.0,16314.0,38822.0,15707.0,16124.0,38302.0,15474.0,16019.0,38534.0
15855.0,16588.0,38422.0,15877.0,16485.0,38153.0,15654.0,16581.0,38297.0,15350.0,16434.0,39303.0,15984.0,16315.0,37585.0,15689.0,16435.0,38043.0,15776.0,16536.0,37717.0,15488.0,16432.0,38222.0,16200.0,16451.0,37524.0,15848.0,16252.0,38026.0,15649.0,16281.0,37996.0,15399.0,16403.0,38614.0,16073.0,16227.0,38543.0,15867.0,16311.0,38827.0,15706.0,16107.0,38336.0,15471.0,16027.0,38511.0
15855.0,16588.0,38422.0,15877.0,16485.0,38153.0,15654.0,16581.0,38297.0,15350.0,16434.0,39303.0,15984.0,16315.0,37585.0,15689.0,16435.0,38043.0,15776.0,16536.0,37717.0,15488.0,16432.0,38222.0,16200.0,16451.0,37524.0,15848.0,16252.0,38026.0,15649.0,16281.0,37996.0,15399.0,16403.0,38614.0,16073.0,16227.0,38543.0,15867.0,16311.0,38827.0,15706.0,16107.0,38336.0,15471.0,16027.0,38511.0
15855.0,16577.0,38379.0,15875.0,16470.0,38071.0,15655.0,16571.0,38212.0,15343.0,16428.0,39207.0,15977.0,16309.0,37562.0,15685.0,16424.0,38017.0,15762.0,16533.0,37692.0,15489.0,16432.0,38218.0,16203.0,16450.0,37538.0,15843.0,16237.0,38047.0,15644.0,16265.0,37998.0,15385.0,16386.0,38614.0,16063.0,16227.0,38572.0,15861.0,16309.0,38863.0,15704.0,16108.0,38375.0,15467.0,16024.0,38542.0
15855.0,16577.0,38379.0,15875.0,16470.0,38071.0,15661.0,16577.0,38261.0,15357.0,16431.0,39256.0,15988.0,16308.0,37596.0,15698.0,16425.0,38050.0,15776.0,16530.0,37710.0,15489.0,16432.0,38218.0,16203.0,16450.0,37538.0,15843.0,16237.0,38047.0,15655.0,16273.0,37996.0,15403.0,16390.0,38604.0,16074.0,16227.0,38590.0,15874.0,16309.0,38872.0,15711.0,16106.0,38377.0,15474.0,16022.0,38539.0
15859.0,16578.0,38418.0,15884.0,16473.0,38134.0,15677.0,16578.0,38266.0,15378.0,16438.0,39260.0,15992.0,16309.0,37617.0,15705.0,16439.0,38072.0,15785.0,16549.0,37717.0,15502.0,16448.0,38216.0,16205.0,16453.0,37548.0,15854.0,16242.0,38035.0,15663.0,16274.0,38007.0,15411.0,16397.0,38595.0,16071.0,16229.0,38579.0,15874.0,16318.0,38840.0,15714.0,16121.0,38334.0,15475.0,16040.0,38498.0
15872.0,16566.0,38430.0,15902.0,16461.0,38115.0,15684.0,16568.0,38242.0,15379.0,16445.0,39237.0,15993.0,16301.0,37631.0,15713.0,16422.0,38090.0,15797.0,16534.0,37718.0,15516.0,16438.0,38201.0,16210.0,16442.0,37575.0,15860.0,16231.0,38067.0,15662.0,16263.0,38012.0,15414.0,16387.0,38600.0,16068.0,16222.0,38609.0,15872.0,16307.0,38889.0,15718.0,16110.0,38369.0,15483.0,16031.0,38513.0
15861.0,16569.0,38430.0,15892.0,16469.0,38132.0,15675.0,16582.0,38246.0,15379.0,16445.0,39237.0,15993.0,16301.0,37631.0,15713.0,16422.0,38090.0,15789.0,16546.0,37707.0,15510.0,16450.0,38193.0,16197.0,16444.0,37553.0,15849.0,16239.0,38041.0,15654.0,16275.0,37984.0,15406.0,16400.0,38589.0,16068.0,16222.0,38609.0,15872.0,16307.0,38889.0,15709.0,16120.0,38327.0,15471.0,16037.0,38478.0
15877.0,16562.0,38437.0,15910.0,16461.0,38128.0,15694.0,16582.0,38262.0,15398.0,16449.0,39231.0,15994.0,16288.0,37613.0,15710.0,16415.0,38065.0,15793.0,16535.0,37701.0,15518.0,16444.0,38185.0,16206.0,16437.0,37568.0,15855.0,16235.0,38071.0,15665.0,16277.0,38007.0,15417.0,16408.0,38591.0,16063.0,16223.0,38601.0,15859.0,16297.0,38895.0,15708.0,16108.0,38368.0,15472.0,16033.0,38513.0
15865.0,16567.0,38449.0,15897.0,16469.0,38151.0,15681.0,16586.0,38283.0,15387.0,16450.0,39239.0,15993.0,16294.0,37627.0,15709.0,16421.0,38074.0,15795.0,16540.0,37718.0,15512.0,16456.0,38203.0,16200.0,16444.0,37554.0,15850.0,16239.0,38046.0,15655.0,16281.0,37987.0,15405.0,16405.0,38587.0,16061.0,16216.0,38588.0,15862.0,16305.0,38872.0,15706.0,16112.0,38363.0,15469.0,16039.0,38479.0
15865.0,16567.0,38449.0,15897.0,16469.0,38151.0,15681.0,16586.0,38283.0,15387.0,16450.0,39239.0,15993.0,16294.0,37627.0,15709.0,16421.0,38074.0,15795.0,16540.0,37718.0,15512.0,16456.0,38203.0,16200.0,16444.0,37554.0,15850.0,16239.0,38046.0,15655.0,16281.0,37987.0,15405.0,16405.0,38587.0,16061.0,16216.0,38588.0,15862.0,16305.0,38872.0,15706.0,16112.0,38363.0,15469.0,16039.0,38479.0
15878.0,16557.0,38418.0,15909.0,16453.0,38102.0,15692.0,16568.0,38224.0,15397.0,16437.0,39192.0,15996.0,16283.0,37614.0,15712.0,16411.0,38067.0,15791.0,16535.0,37707.0,15509.0,16445.0,38195.0,16201.0,16433.0,37559.0,15848.0,16222.0,38055.0,15652.0,16263.0,38004.0,15403.0,16395.0,38604.0,16056.0,16208.0,38626.0,15857.0,16291.0,38899.0,15700.0,16105.0,38369.0,15465.0,16030.0,38522.0
15878.0,16557.0,38418.0,15898.0,16468.0,38147.0,15678.0,16583.0,38267.0,15383.0,16452.0,39238.0,15993.0,16292.0,37616.0,15707.0,16413.0,38068.0,15791.0,16535.0,37707.0,15509.0,16445.0,38195.0,16201.0,16433.0,37559.0,15847.0,16239.0,38039.0,15649.0,16279.0,37985.0,15399.0,16407.0,38596.0,16061.0,16217.0,38603.0,15860.0,16296.0,38881.0,15700.0,16105.0,38369.0,15465.0,16030.0,38522.0
15876.0,16563.0,38429.0,15904.0,16460.0,38133.0,15684.0,16580.0,38260.0,15386.0,16448.0,39251.0,15992.0,16299.0,37622.0,15706.0,16417.0,38062.0,15789.0,16540.0,37702.0,15511.0,16452.0,38200.0,16201.0,16438.0,37555.0,15849.0,16233.0,38043.0,15655.0,16277.0,37992.0,15401.0,16405.0,38594.0,16065.0,16219.0,38588.0,15865.0,16309.0,38843.0,15700.0,16111.0,38353.0,15466.0,16035.0,38510.0
15872.0,16559.0,38396.0,15903.0,16456.0,38096.0,15682.0,16578.0,38227.0,15388.0,16442.0,39210.0,15994.0,16289.0,37604.0,15706.0,16417.0,38062.0,15789.0,16540.0,37702.0,15511.0,16452.0,38200.0,16196.0,16432.0,37541.0,15844.0,16225.0,38039.0,15646.0,16269.0,37990.0,15396.0,16398.0,38606.0,16058.0,16213.0,38599.0,15856.0,16298.0,38875.0,15700.0,16111.0,38353.0,15466.0,16035.0,38510.0
15872.0,16559.0,38396.0,15903.0,16456.0,38096.0,15673.0,16579.0,38262.0,15374.0,16443.0,39238.0,15988.0,16292.0,37590.0,15701.0,16415.0,38045.0,15781.0,16537.0,37699.0,15501.0,16445.0,38203.0,16196.0,16432.0,37541.0,15844.0,16225.0,38039.0,15645.0,16274.0,37982.0,15392.0,16398.0,38602.0,16058.0,16217.0,38583.0,15855.0,16298.0,38871.0,15698.0,16108.0,38371.0,15459.0,16029.0,38531.0
15865.0,16569.0,38425.0,15895.0,16465.0,38126.0,15674.0,16582.0,38260.0,15372.0,16448.0,39248.0,15986.0,16303.0,37607.0,15698.0,16429.0,38057.0,15779.0,16545.0,37706.0,15505.0,16443.0,38205.0,16202.0,16440.0,37554.0,15848.0,16236.0,38044.0,15651.0,16278.0,37985.0,15398.0,16402.0,38597.0,16065.0,16225.0,38571.0,15861.0,16309.0,38835.0,15705.0,16114.0,38328.0,15469.0,16029.0,38510.0
15865.0,16569.0,38425.0,15905.0,16463.0,38119.0,15688.0,16579.0,38243.0,15391.0,16444.0,39208.0,15994.0,16296.0,37621.0,15707.0,16418.0,38072.0,15790.0,16538.0,37708.0,15505.0,16443.0,38205.0,16202.0,16440.0,37554.0,15855.0,16233.0,38055.0,15656.0,16273.0,37996.0,15410.0,16398.0,38592.0,16065.0,16221.0,38611.0,15867.0,16302.0,38874.0,15708.0,16110.0,38356.0,15469.0,16029.0,38510.0
15860.0,16574.0,38449.0,15893.0,16468.0,38139.0,15676.0,16579.0,38253.0,15379.0,16438.0,39220.0,15992.0,16301.0,37619.0,15707.0,16421.0,38068.0,15788.0,16537.0,37699.0,15507.0,16442.0,38185.0,16204.0,16450.0,37565.0,15856.0,16240.0,38052.0,15659.0,16274.0,37991.0,15408.0,16395.0,38583.0,16069.0,16227.0,38612.0,15873.0,16308.0,38879.0,15712.0,16109.0,38366.0,15475.0,16027.0,38510.0
15863.0,16572.0,38439.0,15893.0,16464.0,38133.0,15676.0,16576.0,38253.0,15378.0,16437.0,39222.0,15987.0,16306.0,37630.0,15708.0,16424.0,38070.0,15790.0,16537.0,37702.0,15510.0,16442.0,38191.0,16207.0,16448.0,37566.0,15857.0,16236.0,38057.0,15660.0,16271.0,37992.0,15410.0,16392.0,38583.0,16071.0,16232.0,38610.0,15875.0,16311.0,38887.0,15717.0,16110.0,38362.0,15481.0,16028.0,38501.0
15863.0,16571.0,38417.0,15894.0,16465.0,38104.0,15681.0,16578.0,38226.0,15386.0,16439.0,39193.0,15993.0,16302.0,37623.0,15708.0,16424.0,38070.0,15790.0,16537.0,37702.0,15503.0,16438.0,38187.0,16202.0,16445.0,37565.0,15855.0,16232.0,38058.0,15658.0,16269.0,37991.0,15412.0,16394.0,38586.0,16070.0,16228.0,38626.0,15875.0,16311.0,38887.0,15717.0,16110.0,38362.0,15481.0,16028.0,38501.0
15863.0,16571.0,38417.0,15894.0,16465.0,38104.0,15672.0,16574.0,38229.0,15377.0,16435.0,39195.0,15989.0,16300.0,37616.0,15706.0,16420.0,38056.0,15785.0,16533.0,37700.0,15503.0,16438.0,38187.0,16202.0,16445.0,37565.0,15855.0,16232.0,38058.0,15655.0,16268.0,37995.0,15406.0,16389.0,38586.0,16068.0,16225.0,38621.0,15871.0,16305.0,38896.0,15711.0,16105.0,38374.0,15473.0,16025.0,38520.0
15856.0,16583.0,38428.0,15883.0,16475.0,38127.0,15667.0,16582.0,38249.0,15366.0,16440.0,39222.0,15986.0,16310.0,37610.0,15698.0,16429.0,38057.0,15781.0,16541.0,37695.0,15500.0,16442.0,38190.0,16200.0,16454.0,37555.0,15852.0,16246.0,38047.0,15656.0,16275.0,37987.0,15402.0,16394.0,38586.0,16069.0,16235.0,38604.0,15873.0,16314.0,38872.0,15714.0,16109.0,38361.0,15477.0,16030.0,38492.0
15856.0,16583.0,38428.0,15890.0,16469.0,38107.0,15671.0,16575.0,38235.0,15371.0,16433.0,39212.0,15984.0,16310.0,37621.0,15701.0,16429.0,38056.0,15781.0,16541.0,37695.0,15500.0,16442.0,38190.0,16200.0,16454.0,37555.0,15850.0,16236.0,38052.0,15656.0,16266.0,37997.0,15404.0,16387.0,38592.0,16069.0,16232.0,38612.0,15876.0,16316.0,38869.0,15717.0,16113.0,38343.0,15477.0,16030.0,38492.0
15855.0,16580.0,38417.0,15885.0,16473.0,38119.0,15664.0,16579.0,38251.0,15368.0,16440.0,39218.0,15987.0,16307.0,37608.0,15702.0,16426.0,38052.0,15782.0,16538.0,37695.0,15502.0,16442.0,38185.0,16200.0,16453.0,37548.0,15850.0,16239.0,38044.0,15653.0,16272.0,37999.0,15402.0,16394.0,38586.0,16067.0,16229.0,38602.0,15870.0,16309.0,38870.0,15712.0,16109.0,38358.0,15474.0,16030.0,38508.0
15855.0,16580.0,38417.0,15885.0,16473.0,38119.0,15664.0,16579.0,38251.0,15368.0,16440.0,39218.0,15987.0,16307.0,37608.0,15702.0,16426.0,38052.0,15782.0,16538.0,37695.0,15502.0,16442.0,38185.0,16200.0,16453.0,37548.0,15850.0,16239.0,38044.0,15653.0,16272.0,37999.0,15402.0,16394.0,38586.0,16067.0,16229.0,38602.0,15870.0,16309.0,38870.0,15712.0,16109.0,38358.0,15474.0,16030.0,38508.0
15861.0,16576.0,38418.0,15891.0,16468.0,38113.0,15669.0,16579.0,38244.0,15366.0,16436.0,39224.0,15984.0,16310.0,37606.0,15703.0,16423.0,38062.0,15784.0,16537.0,37701.0,15504.0,16442.0,38188.0,16204.0,16448.0,37555.0,15852.0,16239.0,38051.0,15655.0,16271.0,37999.0,15400.0,16392.0,38592.0,16068.0,16232.0,38598.0,15871.0,16308.0,38885.0,15712.0,16110.0,38366.0,15474.0,16027.0,38511.0
15867.0,16572.0,38429.0,15895.0,16465.0,38125.0,15677.0,16582.0,38254.0,15381.0,16445.0,39228.0,15990.0,16303.0,37607.0,15702.0,16425.0,38065.0,15785.0,16542.0,37705.0,15505.0,16450.0,38199.0,16202.0,16444.0,37552.0,15851.0,16239.0,38049.0,15657.0,16275.0,37984.0,15409.0,16400.0,38597.0,16062.0,16222.0,38593.0,15864.0,16308.0,38867.0,15709.0,16114.0,38344.0,15469.0,16033.0,38502.0
15866.0,16569.0,38402.0,15895.0,16464.0,38104.0,15676.0,16578.0,38235.0,15378.0,16440.0,39226.0,15990.0,16303.0,37607.0,15702.0,16425.0,38065.0,15782.0,16536.0,37704.0,15500.0,16444.0,38201.0,16201.0,16442.0,37549.0,15849.0,16232.0,38047.0,15651.0,16270.0,37994.0,15398.0,16393.0,38594.0,16062.0,16222.0,38593.0,15864.0,16308.0,38867.0,15705.0,16107.0,38364.0,15465.0,16028.0,38525.0
15868.0,16568.0,38422.0,15898.0,16462.0,38116.0,15675.0,16576.0,38247.0,15377.0,16438.0,39216.0,15991.0,16296.0,37603.0,15703.0,16416.0,38051.0,15782.0,16536.0,37704.0,15500.0,16444.0,38201.0,16201.0,16442.0,37549.0,15853.0,16233.0,38048.0,15654.0,16270.0,37995.0,15402.0,16392.0,38601.0,16062.0,16217.0,38605.0,15863.0,16303.0,38885.0,15705.0,16107.0,38364.0,15465.0,16028.0,38525.0
15874.0,16563.0,38436.0,15907.0,16458.0,38132.0,15686.0,16579.0,38261.0,15394.0,16447.0,39227.0,15996.0,16296.0,37631.0,15708.0,16421.0,38081.0,15791.0,16541.0,37710.0,15516.0,16447.0,38194.0,16205.0,16436.0,37564.0,15854.0,16230.0,38058.0,15658.0,16272.0,38001.0,15411.0,16400.0,38594.0,16066.0,16217.0,38606.0,15869.0,16304.0,38866.0,15711.0,16111.0,38350.0,15473.0,16034.0,38502.0
15874.0,16563.0,38436.0,15907.0,16458.0,38132.0,15686.0,16579.0,38261.0,15394.0,16447.0,39227.0,15996.0,16296.0,37631.0,15708.0,16421.0,38081.0,15791.0,16541.0,37710.0,15516.0,16447.0,38194.0,16205.0,16436.0,37564.0,15854.0,16230.0,38058.0,15658.0,16272.0,38001.0,15411.0,16400.0,38594.0,16066.0,16217.0,38606.0,15869.0,16304.0,38866.0,15711.0,16111.0,38350.0,15473.0,16034.0,38502.0
15870.0,16566.0,38441.0,15902.0,16464.0,38140.0,15684.0,16582.0,38267.0,15385.0,16444.0,39237.0,15994.0,16294.0,37617.0,15706.0,16418.0,38072.0,15788.0,16538.0,37709.0,15510.0,16453.0,38206.0,16203.0,16441.0,37552.0,15852.0,16236.0,38051.0,15657.0,16273.0,37988.0,15403.0,16402.0,38601.0,16062.0,16216.0,38601.0,15863.0,16302.0,38868.0,15706.0,16110.0,38354.0,15467.0,16034.0,38500.0
15870.0,16566.0,38441.0,15905.0,16462.0,38133.0,15686.0,16583.0,38260.0,15388.0,16448.0,39241.0,15993.0,16295.0,37620.0,15708.0,16421.0,38068.0,15789.0,16541.0,37711.0,15510.0,16453.0,38206.0,16203.0,16441.0,37552.0,15852.0,16232.0,38052.0,15657.0,16278.0,37990.0,15405.0,16404.0,38597.0,16063.0,16217.0,38584.0,15866.0,16302.0,38857.0,15709.0,16113.0,38342.0,15467.0,16034.0,38500.0
15872.0,16565.0,38434.0,15905.0,16462.0,38133.0,15686.0,16583.0,38260.0,15389.0,16442.0,39215.0,15995.0,16293.0,37617.0,15710.0,16416.0,38069.0,15791.0,16539.0,37707.0,15513.0,16451.0,38197.0,16204.0,16438.0,37556.0,15852.0,16232.0,38052.0,15657.0,16278.0,37990.0,15405.0,16404.0,38597.0,16063.0,16214.0,38602.0,15866.0,16301.0,38876.0,15706.0,16111.0,38355.0,15468.0,16035.0,38499.0
15873.0,16561.0,38432.0,15907.0,16460.0,38123.0,15683.0,16579.0,38257.0,15389.0,16448.0,39228.0,15994.0,16296.0,37617.0,15709.0,16422.0,38079.0,15792.0,16544.0,37716.0,15511.0,16454.0,38196.0,16203.0,16438.0,37556.0,15852.0,16232.0,38054.0,15657.0,16274.0,37989.0,15405.0,16406.0,38592.0,16062.0,16216.0,38590.0,15863.0,16303.0,38855.0,15708.0,16115.0,38347.0,15467.0,16037.0,38496.0
15870.0,16564.0,38437.0,15904.0,16459.0,38129.0,15683.0,16579.0,38257.0,15389.0,16448.0,39228.0,15994.0,16296.0,37617.0,15709.0,16421.0,38070.0,15791.0,16540.0,37709.0,15513.0,16451.0,38203.0,16204.0,16439.0,37560.0,15854.0,16233.0,38052.0,15656.0,16272.0,37990.0,15405.0,16406.0,38592.0,16062.0,16216.0,38590.0,15866.0,16304.0,38879.0,15707.0,16113.0,38350.0,15466.0,16034.0,38500.0
15872.0,16565.0,38437.0,15904.0,16459.0,38128.0,15687.0,16577.0,38243.0,15391.0,16440.0,39207.0,15994.0,16295.0,37628.0,15709.0,16421.0,38070.0,15791.0,16540.0,37709.0,15517.0,16446.0,38196.0,16206.0,16440.0,37569.0,15857.0,16230.0,38058.0,15659.0,16270.0,37989.0,15410.0,16397.0,38591.0,16065.0,16218.0,38612.0,15866.0,16304.0,38879.0,15707.0,16113.0,38350.0,15474.0,16030.0,38515.0
15868.0,16567.0,38428.0,15900.0,16462.0,38122.0,15681.0,16578.0,38250.0,15385.0,16443.0,39226.0,15995.0,16298.0,37633.0,15711.0,16421.0,38077.0,15785.0,16537.0,37701.0,15507.0,16445.0,38196.0,16204.0,16443.0,37560.0,15856.0,16234.0,38056.0,15659.0,16272.0,37996.0,15408.0,16397.0,38593.0,16068.0,16219.0,38609.0,15875.0,16305.0,38870.0,15711.0,16107.0,38357.0,15469.0,16029.0,38507.0
15868.0,16567.0,38428.0,15900.0,16462.0,38122.0,15681.0,16578.0,38250.0,15385.0,16443.0,39226.0,15995.0,16298.0,37633.0,15711.0,16421.0,38077.0,15785.0,16537.0,37701.0,15507.0,16445.0,38196.0,16204.0,16443.0,37560.0,15856.0,16234.0,38056.0,15659.0,16272.0,37996.0,15408.0,16397.0,38593.0,16068.0,16219.0,38609.0,15875.0,16305.0,38870.0,15711.0,16107.0,38357.0,15469.0,16029.0,38507.0
15862.0,16569.0,38396.0,15890.0,16465.0,38109.0,15670.0,16578.0,38249.0,15370.0,16441.0,39229.0,15989.0,16302.0,37603.0,15700.0,16421.0,38036.0,15778.0,16537.0,37697.0,15496.0,16446.0,38207.0,16197.0,16445.0,37536.0,15845.0,16233.0,38040.0,15648.0,16272.0,37995.0,15394.0,16398.0,38603.0,16061.0,16224.0,38572.0,15863.0,16308.0,38849.0,15703.0,16109.0,38342.0,15458.0,16030.0,38517.0
15862.0,16569.0,38396.0,15890.0,16465.0,38109.0,15670.0,16578.0,38249.0,15370.0,16441.0,39229.0,15989.0,16302.0,37603.0,15700.0,16421.0,38036.0,15778.0,16537.0,37697.0,15496.0,16446.0,38207.0,16197.0,16445.0,37536.0,15845.0,16233.0,38040.0,15648.0,16272.0,37995.0,15394.0,16398.0,38603.0,16061.0,16224.0,38572.0,15863.0,16308.0,38849.0,15703.0,16109.0,38342.0,15458.0,16030.0,38517.0
15859.0,16571.0,38390.0,15888.0,16464.0,38091.0,15671.0,16581.0,38244.0,15367.0,16444.0,39245.0,15986.0,16301.0,37591.0,15698.0,16422.0,38039.0,15776.0,16539.0,37699.0,15492.0,16445.0,38201.0,16196.0,16444.0,37530.0,15845.0,16235.0,38034.0,15652.0,16273.0,37992.0,15394.0,16400.0,38616.0,16061.0,16221.0,38574.0,15862.0,16305.0,38845.0,15701.0,16108.0,38349.0,15459.0,16028.0,38512.0
15866.0,16571.0,38423.0,15901.0,16464.0,38129.0,15681.0,16576.0,38253.0,15384.0,16438.0,39223.0,15993.0,16298.0,37615.0,15706.0,16421.0,38062.0,15788.0,16538.0,37701.0,15507.0,16447.0,38201.0,16202.0,16445.0,37557.0,15858.0,16234.0,38056.0,15660.0,16269.0,38001.0,15408.0,16395.0,38597.0,16067.0,16222.0,38609.0,15870.0,16308.0,38870.0,15711.0,16108.0,38360.0,15470.0,16029.0,38512.0
15866.0,16571.0,38423.0,15901.0,16464.0,38129.0,15681.0,16576.0,38253.0,15384.0,16438.0,39223.0,15993.0,16298.0,37615.0,15706.0,16421.0,38062.0,15788.0,16538.0,37701.0,15507.0,16447.0,38201.0,16202.0,16445.0,37557.0,15858.0,16234.0,38056.0,15660.0,16269.0,38001.0,15408.0,16395.0,38597.0,16067.0,16222.0,38609.0,15870.0,16308.0,38870.0,15711.0,16108.0,38360.0,15470.0,16029.0,38512.0
15872.0,16566.0,38441.0,15905.0,16463.0,38130.0,15683.0,16578.0,38253.0,15391.0,16439.0,39219.0,15994.0,16297.0,37630.0,15712.0,16420.0,38072.0,15797.0,16540.0,37708.0,15517.0,16447.0,38190.0,16209.0,16443.0,37569.0,15860.0,16233.0,38063.0,15664.0,16272.0,37993.0,15414.0,16397.0,38595.0,16067.0,16221.0,38616.0,15875.0,16306.0,38875.0,15715.0,16112.0,38353.0,15476.0,16033.0,38504.0
15868.0,16567.0,38430.0,15899.0,16462.0,38124.0,15682.0,16577.0,38250.0,15389.0,16439.0,39216.0,15994.0,16296.0,37619.0,15708.0,16422.0,38067.0,15789.0,16539.0,37715.0,15508.0,16446.0,38200.0,16204.0,16442.0,37557.0,15857.0,16233.0,38058.0,15661.0,16270.0,37991.0,15410.0,16396.0,38595.0,16065.0,16221.0,38610.0,15872.0,16306.0,38871.0,15714.0,16111.0,38352.0,15471.0,16030.0,38509.0
15868.0,16567.0,38430.0,15899.0,16462.0,38124.0,15682.0,16577.0,38250.0,15389.0,16439.0,39216.0,15994.0,16296.0,37619.0,15708.0,16422.0,38067.0,15789.0,16539.0,37715.0,15508.0,16446.0,38200.0,16204.0,16442.0,37557.0,15857.0,16233.0,38058.0,15661.0,16270.0,37991.0,15410.0,16396.0,38595.0,16065.0,16221.0,38610.0,15872.0,16306.0,38871.0,15714.0,16111.0,38352.0,15471.0,16030.0,38509.0
15868.0,16569.0,38442.0,15900.0,16464.0,38127.0,15677.0,16579.0,38248.0,15385.0,16445.0,39227.0,15994.0,16298.0,37625.0,15707.0,16424.0,38068.0,15789.0,16541.0,37708.0,15508.0,16448.0,38194.0,16204.0,16445.0,37558.0,15853.0,16235.0,38059.0,15657.0,16272.0,37994.0,15406.0,16401.0,38602.0,16065.0,16220.0,38603.0,15872.0,16304.0,38866.0,15714.0,16114.0,38344.0,15471.0,16033.0,38498.0
15868.0,16566.0,38419.0,15898.0,16460.0,38109.0,15679.0,16576.0,38248.0,15382.0,16440.0,39224.0,15991.0,16298.0,37612.0,15703.0,16417.0,38053.0,15786.0,16541.0,37706.0,15505.0,16447.0,38202.0,16202.0,16441.0,37550.0,15853.0,16231.0,38050.0,15654.0,16267.0,37991.0,15401.0,16397.0,38603.0,16060.0,16218.0,38595.0,15866.0,16302.0,38869.0,15708.0,16107.0,38359.0,15463.0,16032.0,38512.0
15868.0,16566.0,38419.0,15902.0,16465.0,38124.0,15678.0,16581.0,38267.0,15383.0,16442.0,39240.0,15992.0,16297.0,37613.0,15706.0,16422.0,38058.0,15786.0,16541.0,37706.0,15505.0,16447.0,38202.0,16202.0,16441.0,37550.0,15853.0,16236.0,38045.0,15657.0,16276.0,37985.0,15402.0,16402.0,38605.0,16065.0,16219.0,38582.0,15866.0,16305.0,38857.0,15708.0,16111.0,38356.0,15463.0,16032.0,38512.0
15871.0,16562.0,38423.0,15901.0,16461.0,38115.0,15681.0,16579.0,38249.0,15386.0,16446.0,39228.0,15993.0,16291.0,37606.0,15706.0,16416.0,38061.0,15788.0,16539.0,37709.0,15508.0,16448.0,38200.0,16202.0,16436.0,37547.0,15852.0,16232.0,38049.0,15654.0,16273.0,37993.0,15402.0,16400.0,38603.0,16062.0,16215.0,38594.0,15865.0,16301.0,38869.0,15706.0,16110.0,38354.0,15466.0,16034.0,38514.0
15870.0,16564.0,38433.0,15901.0,16461.0,38130.0,15681.0,16580.0,38261.0,15385.0,16444.0,39235.0,15993.0,16295.0,37613.0,15708.0,16418.0,38062.0,15791.0,16543.0,37702.0,15510.0,16453.0,38198.0,16202.0,16441.0,37547.0,15853.0,16234.0,38048.0,15656.0,16275.0,37992.0,15401.0,16401.0,38599.0,16062.0,16215.0,38590.0,15867.0,16302.0,38859.0,15710.0,16114.0,38337.0,15464.0,16036.0,38492.0
15870.0,16564.0,38433.0,15901.0,16461.0,38130.0,15681.0,16580.0,38261.0,15387.0,16443.0,39238.0,15995.0,16295.0,37617.0,15708.0,16418.0,38062.0,15791.0,16543.0,37702.0,15510.0,16453.0,38198.0,16202.0,16441.0,37547.0,15853.0,16234.0,38048.0,15656.0,16275.0,37992.0,15406.0,16400.0,38600.0,16064.0,16216.0,38593.0,15867.0,16302.0,38859.0,15710.0,16114.0,38337.0,15464.0,16036.0,38492.0
15875.0,16563.0,38432.0,15904.0,16460.0,38126.0,15687.0,16580.0,38252.0,15391.0,16446.0,39222.0,15996.0,16292.0,37621.0,15709.0,16416.0,38069.0,15792.0,16538.0,37709.0,15514.0,16447.0,38194.0,16205.0,16440.0,37552.0,15854.0,16234.0,38051.0,15661.0,16275.0,37991.0,15408.0,16402.0,38595.0,16062.0,16213.0,38601.0,15867.0,16301.0,38873.0,15712.0,16110.0,38353.0,15469.0,16034.0,38498.0
15872.0,16561.0,38433.0,15906.0,16458.0,38127.0,15687.0,16580.0,38252.0,15391.0,16446.0,39222.0,15996.0,16293.0,37627.0,15711.0,16418.0,38071.0,15793.0,16539.0,37708.0,15515.0,16446.0,38199.0,16205.0,16437.0,37564.0,15856.0,16232.0,38058.0,15661.0,16275.0,37991.0,15408.0,16402.0,38595.0,16063.0,16216.0,38604.0,15869.0,16300.0,38871.0,15711.0,16106.0,38353.0,15469.0,16031.0,38504.0
15873.0,16563.0,38435.0,15906.0,16461.0,38139.0,15685.0,16581.0,38269.0,15393.0,16446.0,39229.0,15997.0,16296.0,37628.0,15711.0,16419.0,38081.0,15793.0,16539.0,37713.0,15514.0,16450.0,38198.0,16206.0,16438.0,37562.0,15858.0,16236.0,38055.0,15661.0,16274.0,37991.0,15411.0,16403.0,38591.0,16066.0,16218.0,38599.0,15870.0,16302.0,38863.0,15712.0,16113.0,38352.0,15470.0,16033.0,38501.0
15873.0,16562.0,38434.0,15904.0,16459.0,38133.0,15685.0,16579.0,38257.0,15393.0,16444.0,39226.0,15996.0,16295.0,37622.0,15710.0,16417.0,38076.0,15791.0,16538.0,37708.0,15512.0,16450.0,38196.0,16204.0,16438.0,37559.0,15854.0,16231.0,38061.0,15660.0,16274.0,37995.0,15409.0,16401.0,38598.0,16065.0,16214.0,38596.0,15868.0,16302.0,38862.0,15708.0,16110.0,38347.0,15466.0,16034.0,38506.0
15869.0,16563.0,38425.0,15902.0,16460.0,38122.0,15681.0,16579.0,38260.0,15387.0,16443.0,39215.0,15997.0,16292.0,37613.0,15710.0,16417.0,38076.0,15791.0,16538.0,37708.0,15512.0,16450.0,38196.0,16203.0,16439.0,37549.0,15852.0,16230.0,38052.0,15655.0,16271.0,37989.0,15403.0,16399.0,38593.0,16062.0,16214.0,38599.0,15867.0,16300.0,38867.0,15708.0,16110.0,38347.0,15466.0,16034.0,38506.0
15869.0,16563.0,38425.0,15902.0,16460.0,38122.0,15676.0,16582.0,38258.0,15383.0,16446.0,39244.0,15993.0,16297.0,37609.0,15708.0,16417.0,38057.0,15789.0,16538.0,37702.0,15508.0,16447.0,38190.0,16203.0,16439.0,37549.0,15852.0,16230.0,38052.0,15655.0,16275.0,37989.0,15401.0,16404.0,38602.0,16060.0,16216.0,38582.0,15866.0,16300.0,38855.0,15706.0,16109.0,38348.0,15464.0,16030.0,38502.0
15867.0,16565.0,38424.0,15899.0,16461.0,38120.0,15679.0,16580.0,38256.0,15381.0,16443.0,39239.0,15992.0,16298.0,37610.0,15708.0,16423.0,38068.0,15788.0,16541.0,37710.0,15509.0,16444.0,38193.0,16203.0,16441.0,37558.0,15853.0,16234.0,38058.0,15658.0,16274.0,37988.0,15404.0,16400.0,38598.0,16063.0,16221.0,38591.0,15869.0,16306.0,38860.0,15711.0,16111.0,38341.0,15469.0,16026.0,38507.0
15868.0,16569.0,38441.0,15899.0,16462.0,38129.0,15682.0,16581.0,38258.0,15384.0,16443.0,39224.0,15993.0,16299.0,37620.0,15708.0,16420.0,38068.0,15790.0,16540.0,37714.0,15510.0,16449.0,38201.0,16206.0,16444.0,37562.0,15857.0,16237.0,38050.0,15661.0,16275.0,37988.0,15408.0,16400.0,38594.0,16066.0,16219.0,38600.0,15872.0,16306.0,38868.0,15714.0,16113.0,38351.0,15472.0,16032.0,38500.0
15870.0,16567.0,38429.0,15898.0,16461.0,38127.0,15682.0,16577.0,38253.0,15385.0,16439.0,39214.0,15995.0,16299.0,37625.0,15708.0,16422.0,38072.0,15790.0,16540.0,37714.0,15510.0,16449.0,38201.0,16206.0,16444.0,37562.0,15857.0,16234.0,38057.0,15660.0,16271.0,37996.0,15409.0,16398.0,38591.0,16066.0,16221.0,38594.0,15874.0,16305.0,38868.0,15714.0,16113.0,38351.0,15472.0,16032.0,38500.0
15869.0,16567.0,38429.0,15900.0,16461.0,38126.0,15682.0,16578.0,38260.0,15384.0,16440.0,39224.0,15994.0,16296.0,37618.0,15709.0,16420.0,38070.0,15788.0,16538.0,37711.0,15509.0,16446.0,38197.0,16205.0,16443.0,37558.0,15856.0,16234.0,38052.0,15661.0,16271.0,37990.0,15407.0,16397.0,38596.0,16064.0,16219.0,38599.0,15872.0,16305.0,38863.0,15712.0,16111.0,38350.0,15470.0,16030.0,38506.0
15869.0,16566.0,38424.0,15898.0,16464.0,38129.0,15680.0,16579.0,38258.0,15386.0,16444.0,39223.0,15994.0,16299.0,37621.0,15709.0,16420.0,38070.0,15788.0,16538.0,37711.0,15506.0,16447.0,38206.0,16203.0,16442.0,37556.0,15857.0,16235.0,38052.0,15659.0,16273.0,37987.0,15406.0,16400.0,38595.0,16065.0,16219.0,38597.0,15872.0,16305.0,38863.0,15712.0,16111.0,38350.0,15470.0,16030.0,38506.0
15869.0,16566.0,38424.0,15898.0,16464.0,38129.0,15678.0,16580.0,38261.0,15381.0,16444.0,39224.0,15992.0,16294.0,37615.0,15708.0,16418.0,38064.0,15787.0,16539.0,37708.0,15506.0,16447.0,38206.0,16203.0,16442.0,37556.0,15857.0,16235.0,38052.0,15655.0,16273.0,37992.0,15399.0,16401.0,38596.0,16062.0,16216.0,38595.0,15868.0,16300.0,38864.0,15708.0,16110.0,38359.0,15466.0,16032.0,38510.0
15870.0,16564.0,38416.0,15899.0,16461.0,38121.0,15679.0,16582.0,38268.0,15381.0,16443.0,39248.0,15993.0,16294.0,37601.0,15708.0,16419.0,38059.0,15784.0,16541.0,37698.0,15505.0,16451.0,38204.0,16201.0,16440.0,37548.0,15852.0,16234.0,38042.0,15653.0,16274.0,37989.0,15400.0,16401.0,38612.0,16062.0,16215.0,38580.0,15865.0,16302.0,38855.0,15707.0,16110.0,38345.0,15461.0,16033.0,38501.0
15870.0,16564.0,38416.0,15901.0,16461.0,38118.0,15680.0,16579.0,38251.0,15382.0,16444.0,39248.0,15992.0,16294.0,37600.0,15705.0,16417.0,38056.0,15784.0,16541.0,37698.0,15505.0,16451.0,38204.0,16201.0,16440.0,37548.0,15851.0,16233.0,38045.0,15654.0,16273.0,37989.0,15398.0,16401.0,38613.0,16060.0,16214.0,38584.0,15864.0,16301.0,38860.0,15704.0,16110.0,38341.0,15461.0,16033.0,38501.0
15870.0,16563.0,38427.0,15901.0,16459.0,38121.0,15681.0,16578.0,38266.0,15384.0,16444.0,39228.0,15994.0,16294.0,37603.0,15705.0,16417.0,38060.0,15788.0,16541.0,37708.0,15509.0,16452.0,38211.0,16203.0,16440.0,37556.0,15854.0,16231.0,38053.0,15657.0,16274.0,37994.0,15402.0,16401.0,38599.0,16062.0,16214.0,38587.0,15864.0,16301.0,38855.0,15710.0,16110.0,38353.0,15465.0,16033.0,38508.0
15872.0,16561.0,38434.0,15906.0,16455.0,38123.0,15687.0,16579.0,38257.0,15392.0,16446.0,39224.0,15995.0,16292.0,37622.0,15711.0,16418.0,38068.0,15792.0,16538.0,37713.0,15515.0,16450.0,38202.0,16205.0,16437.0,37558.0,15856.0,16230.0,38058.0,15661.0,16271.0,37993.0,15406.0,16402.0,38595.0,16062.0,16214.0,38599.0,15870.0,16302.0,38862.0,15711.0,16112.0,38357.0,15468.0,16033.0,38509.0
15874.0,16564.0,38447.0,15906.0,16458.0,38135.0,15687.0,16580.0,38264.0,15394.0,16443.0,39231.0,15997.0,16293.0,37625.0,15711.0,16418.0,38068.0,15792.0,16538.0,37713.0,15515.0,16452.0,38203.0,16208.0,16438.0,37566.0,15859.0,16232.0,38061.0,15664.0,16271.0,37997.0,15411.0,16402.0,38593.0,16065.0,16214.0,38602.0,15870.0,16302.0,38862.0,15711.0,16112.0,38357.0,15467.0,16035.0,38495.0
15874.0,16564.0,38447.0,15907.0,16460.0,38135.0,15687.0,16579.0,38263.0,15393.0,16441.0,39227.0,15995.0,16292.0,37625.0,15711.0,16418.0,38070.0,15793.0,16541.0,37708.0,15515.0,16452.0,38203.0,16208.0,16438.0,37566.0,15859.0,16232.0,38061.0,15665.0,16273.0,37991.0,15408.0,16401.0,38595.0,16064.0,16215.0,38601.0,15869.0,16304.0,38865.0,15712.0,16112.0,38351.0,15467.0,16035.0,38495.0
15873.0,16565.0,38435.0,15904.0,16460.0,38136.0,15683.0,16578.0,38268.0,15388.0,16444.0,39237.0,15994.0,16295.0,37619.0,15710.0,16417.0,38067.0,15792.0,16539.0,37709.0,15513.0,16450.0,38197.0,16205.0,16440.0,37558.0,15855.0,16234.0,38058.0,15660.0,16275.0,37992.0,15406.0,16402.0,38609.0,16065.0,16215.0,38592.0,15868.0,16301.0,38863.0,15711.0,16110.0,38353.0,15467.0,16033.0,38503.0
15873.0,16565.0,38435.0,15904.0,16460.0,38136.0,15683.0,16578.0,38268.0,15388.0,16444.0,39237.0,15994.0,16295.0,37619.0,15710.0,16417.0,38067.0,15792.0,16539.0,37709.0,15513.0,16450.0,38197.0,16205.0,16440.0,37558.0,15855.0,16234.0,38058.0,15660.0,16275.0,37992.0,15406.0,16402.0,38609.0,16065.0,16215.0,38592.0,15868.0,16301.0,38863.0,15711.0,16110.0,38353.0,15467.0,16033.0,38503.0
15872.0,16564.0,38431.0,15904.0,16459.0,38124.0,15685.0,16579.0,38259.0,15391.0,16443.0,39233.0,15996.0,16292.0,37617.0,15712.0,16415.0,38068.0,15792.0,16537.0,37709.0,15512.0,16447.0,38197.0,16205.0,16438.0,37560.0,15857.0,16231.0,38057.0,15659.0,16274.0,37998.0,15406.0,16400.0,38598.0,16063.0,16213.0,38596.0,15870.0,16299.0,38866.0,15711.0,16109.0,38351.0,15467.0,16030.0,38507.0
15874.0,16561.0,38429.0,15904.0,16459.0,38124.0,15685.0,16579.0,38259.0,15391.0,16443.0,39233.0,15996.0,16292.0,37617.0,15712.0,16415.0,38068.0,15792.0,16537.0,37709.0,15512.0,16447.0,38197.0,16207.0,16441.0,37564.0,15857.0,16231.0,38057.0,15659.0,16274.0,37998.0,15406.0,16400.0,38598.0,16063.0,16213.0,38596.0,15870.0,16299.0,38866.0,15711.0,16109.0,38351.0,15467.0,16030.0,38507.0
15870.0,16562.0,38434.0,15902.0,16459.0,38130.0,15683.0,16581.0,38266.0,15388.0,16446.0,39238.0,15995.0,16294.0,37618.0,15709.0,16420.0,38063.0,15791.0,16541.0,37706.0,15511.0,16452.0,38204.0,16206.0,16441.0,37552.0,15855.0,16235.0,38057.0,15658.0,16274.0,37992.0,15405.0,16405.0,38603.0,16064.0,16216.0,38597.0,15868.0,16303.0,38859.0,15710.0,16112.0,38344.0,15465.0,16033.0,38499.0
15874.0,16563.0,38433.0,15902.0,16456.0,38123.0,15683.0,16579.0,38260.0,15387.0,16445.0,39234.0,15994.0,16292.0,37614.0,15708.0,16417.0,38066.0,15791.0,16538.0,37700.0,15510.0,16450.0,38202.0,16203.0,16440.0,37553.0,15855.0,16230.0,38061.0,15659.0,16273.0,37996.0,15405.0,16401.0,38601.0,16062.0,16214.0,38596.0,15867.0,16301.0,38860.0,15710.0,16110.0,38348.0,15465.0,16034.0,38501.0
15873.0,16562.0,38430.0,15902.0,16456.0,38123.0,15683.0,16579.0,38260.0,15387.0,16445.0,39234.0,15994.0,16292.0,37614.0,15708.0,16417.0,38066.0,15791.0,16540.0,37709.0,15511.0,16450.0,38198.0,16206.0,16438.0,37550.0,15855.0,16230.0,38061.0,15659.0,16273.0,37996.0,15405.0,16401.0,38601.0,16062.0,16214.0,38596.0,15867.0,16301.0,38860.0,15710.0,16111.0,38352.0,15465.0,16032.0,38509.0
15871.0,16563.0,38417.0,15902.0,16461.0,38119.0,15682.0,16582.0,38261.0,15385.0,16445.0,39240.0,15994.0,16294.0,37617.0,15708.0,16420.0,38064.0,15790.0,16543.0,37707.0,15509.0,16453.0,38206.0,16202.0,16439.0,37549.0,15853.0,16232.0,38051.0,15657.0,16273.0,37993.0,15402.0,16399.0,38604.0,16063.0,16214.0,38586.0,15868.0,16303.0,38858.0,15707.0,16110.0,38348.0,15463.0,16032.0,38504.0
15866.0,16568.0,38421.0,15897.0,16463.0,38122.0,15675.0,16580.0,38256.0,15376.0,16445.0,39243.0,15990.0,16296.0,37609.0,15706.0,16421.0,38057.0,15786.0,16541.0,37707.0,15503.0,16450.0,38199.0,16203.0,16444.0,37546.0,15853.0,16235.0,38052.0,15656.0,16274.0,37989.0,15399.0,16402.0,38602.0,16063.0,16216.0,38580.0,15867.0,16301.0,38851.0,15708.0,16110.0,38345.0,15465.0,16031.0,38511.0
15866.0,16568.0,38421.0,15897.0,16463.0,38122.0,15675.0,16580.0,38256.0,15376.0,16445.0,39243.0,15990.0,16296.0,37609.0,15706.0,16421.0,38057.0,15786.0,16541.0,37707.0,15503.0,16450.0,38199.0,16203.0,16444.0,37546.0,15853.0,16235.0,38052.0,15656.0,16274.0,37989.0,15399.0,16402.0,38602.0,16063.0,16216.0,38580.0,15867.0,16301.0,38851.0,15708.0,16110.0,38345.0,15465.0,16031.0,38511.0
15864.0,16574.0,38424.0,15894.0,16464.0,38120.0,15674.0,16580.0,38248.0,15378.0,16440.0,39221.0,15990.0,16301.0,37612.0,15704.0,16419.0,38056.0,15787.0,16539.0,37705.0,15505.0,16444.0,38192.0,16206.0,16447.0,37560.0,15856.0,16235.0,38050.0,15660.0,16271.0,37992.0,15406.0,16394.0,38596.0,16066.0,16222.0,38598.0,15871.0,16304.0,38861.0,15717.0,16110.0,38352.0,15471.0,16029.0,38502.0
15864.0,16574.0,38424.0,15894.0,16464.0,38120.0,15674.0,16580.0,38248.0,15378.0,16440.0,39221.0,15990.0,16301.0,37612.0,15704.0,16419.0,38056.0,15787.0,16539.0,37705.0,15505.0,16444.0,38192.0,16206.0,16447.0,37560.0,15856.0,16235.0,38050.0,15660.0,16271.0,37992.0,15406.0,16394.0,38596.0,16066.0,16222.0,38598.0,15871.0,16304.0,38861.0,15717.0,16110.0,38352.0,15471.0,16029.0,38502.0
15864.0,16573.0,38429.0,15893.0,16465.0,38118.0,15675.0,16577.0,38249.0,15383.0,16433.0,39205.0,15992.0,16303.0,37631.0,15707.0,16421.0,38062.0,15789.0,16536.0,37705.0,15508.0,16440.0,38184.0,16208.0,16447.0,37569.0,15859.0,16236.0,38056.0,15663.0,16271.0,37992.0,15416.0,16389.0,38587.0,16070.0,16228.0,38617.0,15882.0,16310.0,38878.0,15720.0,16109.0,38365.0,15475.0,16025.0,38503.0
15862.0,16579.0,38450.0,15896.0,16467.0,38136.0,15679.0,16575.0,38246.0,15387.0,16433.0,39195.0,15992.0,16306.0,37642.0,15709.0,16425.0,38074.0,15794.0,16536.0,37707.0,15516.0,16438.0,38173.0,16213.0,16454.0,37583.0,15868.0,16240.0,38074.0,15674.0,16269.0,37997.0,15421.0,16390.0,38578.0,16074.0,16232.0,38630.0,15889.0,16311.0,38887.0,15729.0,16108.0,38367.0,15485.0,16025.0,38499.0
15862.0,16579.0,38450.0,15896.0,16467.0,38136.0,15678.0,16574.0,38241.0,15384.0,16431.0,39196.0,15991.0,16307.0,37640.0,15710.0,16428.0,38077.0,15794.0,16537.0,37705.0,15516.0,16438.0,38173.0,16213.0,16454.0,37583.0,15868.0,16240.0,38074.0,15674.0,16268.0,37996.0,15420.0,16389.0,38576.0,16075.0,16235.0,38635.0,15891.0,16315.0,38885.0,15732.0,16109.0,38361.0,15491.0,16026.0,38493.0
15859.0,16578.0,38433.0,15892.0,16468.0,38111.0,15676.0,16574.0,38233.0,15382.0,16428.0,39189.0,15991.0,16309.0,37640.0,15712.0,16425.0,38072.0,15795.0,16534.0,37703.0,15509.0,16434.0,38173.0,16210.0,16455.0,37577.0,15866.0,16240.0,38070.0,15671.0,16267.0,37994.0,15421.0,16385.0,38578.0,16075.0,16232.0,38637.0,15892.0,16313.0,38889.0,15732.0,16108.0,38367.0,15481.0,16022.0,38501.0
15853.0,16582.0,38413.0,15884.0,16471.0,38108.0,15666.0,16577.0,38236.0,15365.0,16434.0,39199.0,15984.0,16313.0,37610.0,15701.0,16430.0,38056.0,15782.0,16538.0,37701.0,15497.0,16436.0,38185.0,16205.0,16455.0,37560.0,15857.0,16240.0,38050.0,15661.0,16268.0,37987.0,15405.0,16388.0,38592.0,16072.0,16235.0,38603.0,15885.0,16315.0,38864.0,15720.0,16106.0,38366.0,15475.0,16022.0,38512.0
15853.0,16582.0,38413.0,15884.0,16471.0,38108.0,15666.0,16577.0,38236.0,15365.0,16434.0,39199.0,15984.0,16313.0,37610.0,15701.0,16430.0,38056.0,15782.0,16538.0,37701.0,15497.0,16436.0,38185.0,16205.0,16455.0,37560.0,15857.0,16240.0,38050.0,15661.0,16268.0,37987.0,15405.0,16388.0,38592.0,16072.0,16235.0,38603.0,15885.0,16315.0,38864.0,15720.0,16106.0,38366.0,15475.0,16022.0,38512.0
15853.0,16583.0,38412.0,15882.0,16471.0,38111.0,15664.0,16580.0,38237.0,15365.0,16432.0,39210.0,15986.0,16313.0,37604.0,15699.0,16428.0,38051.0,15780.0,16537.0,37698.0,15496.0,16441.0,38188.0,16205.0,16455.0,37554.0,15856.0,16242.0,38049.0,15661.0,16271.0,37991.0,15404.0,16389.0,38595.0,16069.0,16234.0,38600.0,15879.0,16312.0,38855.0,15720.0,16108.0,38350.0,15474.0,16023.0,38501.0
15854.0,16578.0,38413.0,15884.0,16470.0,38100.0,15665.0,16579.0,38234.0,15365.0,16434.0,39216.0,15985.0,16313.0,37606.0,15699.0,16428.0,38051.0,15780.0,16537.0,37698.0,15497.0,16438.0,38190.0,16206.0,16453.0,37553.0,15856.0,16239.0,38052.0,15657.0,16270.0,37991.0,15404.0,16388.0,38592.0,16070.0,16233.0,38594.0,15879.0,16312.0,38855.0,15720.0,16108.0,38350.0,15474.0,16023.0,38501.0
15854.0,16578.0,38413.0,15884.0,16470.0,38100.0,15669.0,16576.0,38232.0,15368.0,16434.0,39197.0,15987.0,16308.0,37612.0,15701.0,16424.0,38053.0,15780.0,16536.0,37697.0,15497.0,16438.0,38190.0,16206.0,16453.0,37553.0,15856.0,16239.0,38052.0,15662.0,16268.0,37992.0,15406.0,16386.0,38598.0,16068.0,16230.0,38601.0,15877.0,16312.0,38878.0,15717.0,16107.0,38360.0,15470.0,16022.0,38512.0
15858.0,16580.0,38431.0,15889.0,16469.0,38123.0,15672.0,16579.0,38244.0,15374.0,16434.0,39215.0,15988.0,16306.0,37614.0,15704.0,16424.0,38058.0,15787.0,16538.0,37701.0,15507.0,16440.0,38188.0,16207.0,16453.0,37565.0,15862.0,16240.0,38056.0,15664.0,16271.0,37991.0,15410.0,16390.0,38597.0,16070.0,16229.0,38610.0,15879.0,16309.0,38871.0,15719.0,16107.0,38359.0,15478.0,16025.0,38497.0
15858.0,16580.0,38431.0,15893.0,16466.0,38121.0,15676.0,16577.0,38241.0,15377.0,16435.0,39213.0,15989.0,16305.0,37625.0,15705.0,16427.0,38068.0,15787.0,16538.0,37701.0,15507.0,16440.0,38188.0,16207.0,16453.0,37565.0,15862.0,16237.0,38062.0,15665.0,16269.0,38000.0,15412.0,16392.0,38589.0,16070.0,16228.0,38615.0,15882.0,16310.0,38868.0,15723.0,16108.0,38355.0,15478.0,16025.0,38497.0
15864.0,16572.0,38433.0,15896.0,16464.0,38119.0,15678.0,16576.0,38239.0,15384.0,16433.0,39205.0,15992.0,16303.0,37627.0,15708.0,16424.0,38074.0,15793.0,16536.0,37705.0,15512.0,16440.0,38184.0,16209.0,16447.0,37572.0,15863.0,16236.0,38061.0,15666.0,16269.0,38001.0,15415.0,16392.0,38591.0,16070.0,16227.0,38617.0,15880.0,16307.0,38877.0,15722.0,16108.0,38367.0,15478.0,16028.0,38505.0
15868.0,16570.0,38434.0,15900.0,16461.0,38127.0,15681.0,16577.0,38252.0,15388.0,16438.0,39219.0,15995.0,16301.0,37629.0,15710.0,16420.0,38071.0,15793.0,16538.0,37711.0,15511.0,16442.0,38184.0,16208.0,16445.0,37570.0,15861.0,16236.0,38059.0,15666.0,16273.0,37999.0,15412.0,16395.0,38597.0,16067.0,16226.0,38608.0,15879.0,16305.0,38874.0,15720.0,16108.0,38353.0,15475.0,16030.0,38499.0
15868.0,16569.0,38428.0,15899.0,16462.0,38120.0,15682.0,16579.0,38246.0,15385.0,16441.0,39218.0,15995.0,16297.0,37624.0,15710.0,16420.0,38071.0,15793.0,16538.0,37711.0,15510.0,16446.0,38188.0,16208.0,16445.0,37561.0,15860.0,16234.0,38057.0,15664.0,16272.0,37994.0,15412.0,16395.0,38594.0,16069.0,16221.0,38608.0,15879.0,16305.0,38874.0,15720.0,16108.0,38353.0,15472.0,16027.0,38507.0
15868.0,16569.0,38428.0,15895.0,16463.0,38125.0,15678.0,16579.0,38252.0,15383.0,16441.0,39218.0,15995.0,16299.0,37622.0,15708.0,16421.0,38066.0,15789.0,16538.0,37706.0,15510.0,16446.0,38188.0,16208.0,16445.0,37561.0,15860.0,16234.0,38057.0,15661.0,16274.0,37989.0,15407.0,16397.0,38600.0,16066.0,16219.0,38599.0,15875.0,16305.0,38871.0,15716.0,16108.0,38357.0,15472.0,16027.0,38507.0
15866.0,16569.0,38422.0,15896.0,16463.0,38118.0,15676.0,16580.0,38251.0,15383.0,16442.0,39227.0,15993.0,16300.0,37613.0,15705.0,16422.0,38060.0,15788.0,16539.0,37708.0,15509.0,16446.0,38204.0,16206.0,16443.0,37554.0,15856.0,16236.0,38050.0,15660.0,16275.0,37988.0,15404.0,16398.0,38601.0,16063.0,16221.0,38591.0,15870.0,16304.0,38853.0,15713.0,16111.0,38352.0,15467.0,16030.0,38503.0
15868.0,16567.0,38422.0,15900.0,16463.0,38125.0,15678.0,16579.0,38253.0,15382.0,16439.0,39222.0,15992.0,16298.0,37621.0,15705.0,16421.0,38064.0,15788.0,16539.0,37708.0,15509.0,16446.0,38204.0,16206.0,16443.0,37554.0,15859.0,16234.0,38055.0,15662.0,16273.0,37991.0,15406.0,16396.0,38602.0,16066.0,16219.0,38592.0,15870.0,16306.0,38861.0,15713.0,16111.0,38352.0,15467.0,16030.0,38503.0
15866.0,16570.0,38428.0,15896.0,16462.0,38124.0,15678.0,16579.0,38249.0,15383.0,16440.0,39225.0,15992.0,16298.0,37614.0,15708.0,16420.0,38065.0,15788.0,16538.0,37702.0,15508.0,16445.0,38190.0,16204.0,16444.0,37560.0,15857.0,16234.0,38057.0,15660.0,16273.0,37989.0,15407.0,16397.0,38598.0,16066.0,16219.0,38597.0,15875.0,16304.0,38867.0,15714.0,16108.0,38357.0,15470.0,16029.0,38507.0
15864.0,16571.0,38422.0,15894.0,16464.0,38119.0,15676.0,16578.0,38241.0,15380.0,16440.0,39224.0,15993.0,16300.0,37615.0,15708.0,16420.0,38065.0,15788.0,16538.0,37702.0,15508.0,16445.0,38190.0,16204.0,16445.0,37552.0,15856.0,16235.0,38053.0,15660.0,16271.0,37994.0,15407.0,16397.0,38600.0,16067.0,16221.0,38600.0,15875.0,16304.0,38867.0,15714.0,16108.0,38357.0,15470.0,16029.0,38507.0
15864.0,16575.0,38421.0,15895.0,16465.0,38122.0,15675.0,16578.0,38252.0,15379.0,16440.0,39225.0,15991.0,16302.0,37617.0,15706.0,16423.0,38059.0,15785.0,16539.0,37706.0,15508.0,16445.0,38189.0,16206.0,16448.0,37559.0,15857.0,16237.0,38057.0,15662.0,16274.0,37990.0,15407.0,16395.0,38600.0,16064.0,16223.0,38589.0,15875.0,16310.0,38859.0,15717.0,16109.0,38352.0,15471.0,16029.0,38507.0
15863.0,16574.0,38424.0,15891.0,16466.0,38117.0,15674.0,16577.0,38242.0,15378.0,16435.0,39213.0,15992.0,16304.0,37619.0,15705.0,16423.0,38060.0,15787.0,16538.0,37703.0,15506.0,16442.0,38191.0,16206.0,16448.0,37563.0,15859.0,16237.0,38055.0,15665.0,16268.0,37985.0,15409.0,16392.0,38599.0,16067.0,16227.0,38596.0,15878.0,16309.0,38869.0,15719.0,16108.0,38357.0,15474.0,16027.0,38508.0
15860.0,16577.0,38429.0,15891.0,16466.0,38116.0,15673.0,16577.0,38246.0,15375.0,16435.0,39212.0,15989.0,16305.0,37618.0,15706.0,16424.0,38062.0,15786.0,16537.0,37701.0,15507.0,16440.0,38184.0,16207.0,16450.0,37565.0,15860.0,16239.0,38061.0,15666.0,16270.0,37990.0,15410.0,16390.0,38593.0,16070.0,16228.0,38604.0,15881.0,16308.0,38870.0,15721.0,16108.0,38364.0,15477.0,16024.0,38505.0
15860.0,16577.0,38429.0,15892.0,16467.0,38117.0,15674.0,16578.0,38242.0,15375.0,16433.0,39205.0,15989.0,16306.0,37622.0,15706.0,16424.0,38062.0,15786.0,16537.0,37701.0,15507.0,16440.0,38184.0,16208.0,16451.0,37567.0,15862.0,16239.0,38062.0,15667.0,16269.0,37994.0,15413.0,16390.0,38590.0,16072.0,16230.0,38608.0,15881.0,16310.0,38870.0,15721.0,16108.0,38364.0,15477.0,16024.0,38505.0
15860.0,16577.0,38429.0,15892.0,16467.0,38117.0,15672.0,16577.0,38237.0,15375.0,16433.0,39206.0,15991.0,16306.0,37621.0,15707.0,16426.0,38061.0,15789.0,16535.0,37699.0,15506.0,16438.0,38184.0,16208.0,16451.0,37567.0,15862.0,16239.0,38062.0,15666.0,16270.0,37991.0,15411.0,16390.0,38593.0,16070.0,16230.0,38612.0,15883.0,16311.0,38874.0,15723.0,16106.0,38361.0,15478.0,16024.0,38508.0
15858.0,16578.0,38425.0,15889.0,16468.0,38113.0,15672.0,16578.0,38239.0,15373.0,16432.0,39202.0,15991.0,16308.0,37623.0,15704.0,16427.0,38058.0,15786.0,16536.0,37698.0,15505.0,16440.0,38185.0,16207.0,16451.0,37567.0,15861.0,16239.0,38063.0,15666.0,16269.0,37996.0,15411.0,16389.0,38590.0,16071.0,16229.0,38610.0,15881.0,16310.0,38872.0,15721.0,16108.0,38363.0,15477.0,16025.0,38506.0
15858.0,16578.0,38425.0,15890.0,16467.0,38116.0,15671.0,16577.0,38240.0,15375.0,16435.0,39201.0,15988.0,16308.0,37623.0,15705.0,16426.0,38060.0,15786.0,16536.0,37698.0,15505.0,16440.0,38185.0,16207.0,16451.0,37567.0,15861.0,16239.0,38055.0,15666.0,16269.0,37989.0,15409.0,16389.0,38587.0,16069.0,16232.0,38605.0,15880.0,16312.0,38864.0,15720.0,16109.0,38364.0,15477.0,16025.0,38506.0
15857.0,16576.0,38418.0,15888.0,16467.0,38108.0,15671.0,16576.0,38235.0,15374.0,16432.0,39205.0,15990.0,16306.0,37616.0,15705.0,16425.0,38057.0,15785.0,16536.0,37698.0,15505.0,16438.0,38178.0,16205.0,16450.0,37564.0,15859.0,16238.0,38052.0,15664.0,16269.0,37994.0,15411.0,16392.0,38593.0,16070.0,16230.0,38604.0,15881.0,16311.0,38872.0,15720.0,16107.0,38362.0,15474.0,16023.0,38504.0
15861.0,16578.0,38422.0,15889.0,16469.0,38114.0,15672.0,16578.0,38244.0,15375.0,16434.0,39208.0,15986.0,16307.0,37616.0,15703.0,16426.0,38056.0,15786.0,16536.0,37701.0,15503.0,16439.0,38185.0,16207.0,16451.0,37562.0,15858.0,16238.0,38055.0,15662.0,16270.0,37998.0,15410.0,16391.0,38588.0,16068.0,16229.0,38601.0,15880.0,16311.0,38865.0,15719.0,16109.0,38361.0,15473.0,16025.0,38506.0
15861.0,16575.0,38433.0,15892.0,16466.0,38120.0,15674.0,16575.0,38240.0,15378.0,16434.0,39204.0,15991.0,16306.0,37618.0,15707.0,16424.0,38059.0,15789.0,16536.0,37700.0,15510.0,16441.0,38182.0,16209.0,16450.0,37574.0,15862.0,16236.0,38062.0,15667.0,16268.0,37999.0,15413.0,16390.0,38592.0,16070.0,16230.0,38610.0,15881.0,16311.0,38870.0,15722.0,16110.0,38359.0,15479.0,16027.0,38503.0
15861.0,16575.0,38433.0,15894.0,16467.0,38117.0,15677.0,16577.0,38239.0,15380.0,16434.0,39206.0,15991.0,16306.0,37621.0,15708.0,16423.0,38065.0,15789.0,16538.0,37705.0,15510.0,16441.0,38182.0,16209.0,16450.0,37574.0,15862.0,16236.0,38062.0,15668.0,16269.0,38001.0,15414.0,16392.0,38593.0,16072.0,16227.0,38621.0,15883.0,16312.0,38881.0,15722.0,16107.0,38359.0,15479.0,16027.0,38503.0
15863.0,16575.0,38433.0,15893.0,16467.0,38123.0,15676.0,16578.0,38250.0,15381.0,16435.0,39214.0,15992.0,16305.0,37630.0,15709.0,16424.0,38067.0,15789.0,16537.0,37705.0,15511.0,16441.0,38178.0,16209.0,16449.0,37566.0,15862.0,16235.0,38062.0,15668.0,16269.0,37998.0,15414.0,16394.0,38593.0,16071.0,16227.0,38611.0,15885.0,16310.0,38871.0,15722.0,16108.0,38356.0,15478.0,16026.0,38496.0
15862.0,16574.0,38430.0,15894.0,16465.0,38114.0,15676.0,16576.0,38247.0,15380.0,16435.0,39207.0,15991.0,16305.0,37623.0,15707.0,16423.0,38069.0,15789.0,16537.0,37705.0,15511.0,16441.0,38178.0,16209.0,16449.0,37566.0,15862.0,16236.0,38063.0,15666.0,16270.0,37995.0,15413.0,16392.0,38598.0,16069.0,16227.0,38608.0,15882.0,16310.0,38870.0,15722.0,16108.0,38356.0,15478.0,16026.0,38496.0
15861.0,16573.0,38421.0,15893.0,16464.0,38124.0,15675.0,16579.0,38244.0,15378.0,16437.0,39208.0,15991.0,16302.0,37615.0,15704.0,16424.0,38062.0,15785.0,16538.0,37702.0,15506.0,16443.0,38190.0,16206.0,16449.0,37555.0,15859.0,16238.0,38054.0,15663.0,16270.0,37992.0,15407.0,16393.0,38595.0,16066.0,16227.0,38607.0,15875.0,16309.0,38862.0,15717.0,16110.0,38357.0,15471.0,16028.0,38503.0
15861.0,16572.0,38427.0,15893.0,16466.0,38118.0,15673.0,16579.0,38245.0,15377.0,16438.0,39216.0,15990.0,16302.0,37610.0,15704.0,16424.0,38062.0,15785.0,16538.0,37702.0,15506.0,16443.0,38190.0,16205.0,16448.0,37558.0,15858.0,16236.0,38051.0,15662.0,16273.0,37997.0,15404.0,16395.0,38599.0,16065.0,16225.0,38599.0,15875.0,16309.0,38862.0,15717.0,16110.0,38357.0,15471.0,16028.0,38503.0
15864.0,16571.0,38419.0,15895.0,16464.0,38122.0,15674.0,16578.0,38251.0,15378.0,16438.0,39218.0,15992.0,16301.0,37613.0,15705.0,16423.0,38061.0,15786.0,16537.0,37704.0,15506.0,16443.0,38192.0,16206.0,16447.0,37561.0,15861.0,16238.0,38051.0,15664.0,16273.0,37992.0,15406.0,16396.0,38604.0,16067.0,16223.0,38599.0,15876.0,16306.0,38870.0,15715.0,16109.0,38358.0,15471.0,16029.0,38497.0
15864.0,16571.0,38419.0,15895.0,16464.0,38120.0,15676.0,16579.0,38243.0,15380.0,16438.0,39217.0,15993.0,16302.0,37617.0,15706.0,16422.0,38058.0,15788.0,16540.0,37706.0,15506.0,16443.0,38192.0,16206.0,16447.0,37561.0,15860.0,16236.0,38059.0,15663.0,16272.0,37997.0,15408.0,16396.0,38595.0,16066.0,16221.0,38599.0,15876.0,16306.0,38864.0,15717.0,16110.0,38355.0,15471.0,16029.0,38497.0
15864.0,16570.0,38431.0,15899.0,16463.0,38121.0,15680.0,16577.0,38251.0,15384.0,16439.0,39218.0,15991.0,16300.0,37625.0,15708.0,16420.0,38062.0,15790.0,16538.0,37704.0,15511.0,16445.0,38191.0,16207.0,16446.0,37567.0,15861.0,16236.0,38057.0,15665.0,16270.0,37991.0,15409.0,16396.0,38591.0,16067.0,16223.0,38607.0,15877.0,16306.0,38873.0,15718.0,16110.0,38360.0,15473.0,16028.0,38497.0
15864.0,16571.0,38430.0,15897.0,16461.0,38129.0,15680.0,16578.0,38250.0,15384.0,16439.0,39214.0,15992.0,16302.0,37625.0,15708.0,16422.0,38065.0,15790.0,16538.0,37704.0,15511.0,16445.0,38191.0,16208.0,16443.0,37563.0,15861.0,16236.0,38064.0,15667.0,16271.0,37997.0,15411.0,16396.0,38593.0,16068.0,16222.0,38609.0,15878.0,16306.0,38874.0,15718.0,16110.0,38360.0,15473.0,16028.0,38497.0
15866.0,16574.0,38430.0,15898.0,16463.0,38121.0,15680.0,16580.0,38248.0,15384.0,16439.0,39220.0,15993.0,16300.0,37628.0,15708.0,16422.0,38064.0,15790.0,16539.0,37704.0,15510.0,16442.0,38188.0,16207.0,16449.0,37569.0,15861.0,16236.0,38061.0,15668.0,16273.0,37991.0,15414.0,16397.0,38592.0,16068.0,16224.0,38607.0,15878.0,16306.0,38876.0,15720.0,16109.0,38359.0,15476.0,16029.0,38498.0
15864.0,16571.0,38431.0,15896.0,16464.0,38122.0,15677.0,16576.0,38245.0,15383.0,16438.0,39211.0,15992.0,16302.0,37625.0,15708.0,16422.0,38064.0,15790.0,16539.0,37704.0,15509.0,16442.0,38188.0,16210.0,16446.0,37565.0,15863.0,16237.0,38059.0,15667.0,16270.0,37994.0,15412.0,16394.0,38597.0,16065.0,16224.0,38610.0,15878.0,16306.0,38876.0,15720.0,16109.0,38359.0,15475.0,16028.0,38502.0
15864.0,16574.0,38429.0,15893.0,16466.0,38115.0,15676.0,16577.0,38245.0,15380.0,16438.0,39215.0,15990.0,16304.0,37621.0,15706.0,16422.0,38065.0,15787.0,16539.0,37704.0,15507.0,16442.0,38187.0,16208.0,16449.0,37561.0,15862.0,16236.0,38064.0,15665.0,16272.0,37994.0,15410.0,16395.0,38599.0,16068.0,16226.0,38597.0,15877.0,16307.0,38868.0,15720.0,16107.0,38361.0,15476.0,16029.0,38498.0
15864.0,16576.0,38418.0,15894.0,16466.0,38117.0,15674.0,16578.0,38246.0,15377.0,16437.0,39216.0,15990.0,16304.0,37621.0,15706.0,16422.0,38065.0,15786.0,16537.0,37701.0,15505.0,16441.0,38191.0,16207.0,16447.0,37560.0,15860.0,16237.0,38059.0,15664.0,16272.0,37995.0,15409.0,16393.0,38594.0,16068.0,16226.0,38597.0,15877.0,16307.0,38868.0,15720.0,16107.0,38361.0,15473.0,16026.0,38505.0
15864.0,16576.0,38418.0,15892.0,16466.0,38112.0,15672.0,16578.0,38240.0,15374.0,16437.0,39216.0,15990.0,16305.0,37618.0,15705.0,16424.0,38060.0,15786.0,16537.0,37701.0,15505.0,16441.0,38191.0,16207.0,16447.0,37560.0,15858.0,16237.0,38056.0,15665.0,16271.0,37995.0,15406.0,16393.0,38597.0,16066.0,16226.0,38599.0,15877.0,16309.0,38867.0,15720.0,16108.0,38355.0,15473.0,16026.0,38505.0
15862.0,16576.0,38426.0,15892.0,16465.0,38115.0,15674.0,16578.0,38242.0,15377.0,16433.0,39209.0,15990.0,16306.0,37622.0,15707.0,16425.0,38064.0,15787.0,16537.0,37701.0,15505.0,16441.0,38186.0,16208.0,16450.0,37561.0,15861.0,16239.0,38059.0,15665.0,16270.0,37996.0,15411.0,16391.0,38591.0,16068.0,16229.0,38604.0,15879.0,16311.0,38866.0,15720.0,16109.0,38366.0,15474.0,16026.0,38502.0
15862.0,16576.0,38426.0,15892.0,16465.0,38115.0,15674.0,16578.0,38242.0,15377.0,16433.0,39209.0,15990.0,16306.0,37622.0,15707.0,16425.0,38064.0,15787.0,16537.0,37701.0,15505.0,16441.0,38186.0,16208.0,16450.0,37561.0,15861.0,16239.0,38059.0,15665.0,16270.0,37996.0,15411.0,16391.0,38591.0,16068.0,16229.0,38604.0,15879.0,16311.0,38866.0,15720.0,16109.0,38366.0,15474.0,16026.0,38502.0
15860.0,16576.0,38425.0,15891.0,16466.0,38122.0,15675.0,16577.0,38237.0,15380.0,16434.0,39206.0,15991.0,16306.0,37619.0,15707.0,16423.0,38067.0,15789.0,16537.0,37699.0,15507.0,16440.0,38186.0,16207.0,16452.0,37564.0,15863.0,16239.0,38060.0,15668.0,16270.0,38003.0,15413.0,16393.0,38588.0,16071.0,16229.0,38614.0,15882.0,16310.0,38872.0,15723.0,16107.0,38367.0,15476.0,16024.0,38503.0
15859.0,16578.0,38420.0,15890.0,16467.0,38111.0,15672.0,16578.0,38236.0,15374.0,16436.0,39207.0,15987.0,16306.0,37607.0,15706.0,16422.0,38050.0,15786.0,16537.0,37699.0,15503.0,16442.0,38195.0,16207.0,16450.0,37560.0,15860.0,16239.0,38052.0,15665.0,16270.0,37996.0,15407.0,16390.0,38596.0,16068.0,16228.0,38600.0,15879.0,16310.0,38868.0,15721.0,16109.0,38355.0,15474.0,16026.0,38500.0
15859.0,16577.0,38412.0,15889.0,16466.0,38109.0,15670.0,16579.0,38238.0,15372.0,16436.0,39213.0,15987.0,16306.0,37607.0,15706.0,16422.0,38050.0,15783.0,16538.0,37691.0,15501.0,16440.0,38191.0,16205.0,16450.0,37558.0,15858.0,16240.0,38050.0,15663.0,16269.0,37993.0,15406.0,16392.0,38598.0,16068.0,16228.0,38600.0,15879.0,16310.0,38868.0,15719.0,16109.0,38354.0,15472.0,16026.0,38504.0
15858.0,16576.0,38411.0,15887.0,16467.0,38112.0,15667.0,16578.0,38237.0,15372.0,16436.0,39211.0,15987.0,16306.0,37606.0,15704.0,16424.0,38055.0,15782.0,16537.0,37699.0,15501.0,16441.0,38195.0,16205.0,16451.0,37555.0,15858.0,16240.0,38054.0,15663.0,16270.0,37990.0,15404.0,16391.0,38599.0,16066.0,16227.0,38593.0,15877.0,16309.0,38853.0,15718.0,16108.0,38360.0,15469.0,16025.0,38505.0
15863.0,16576.0,38423.0,15891.0,16467.0,38115.0,15674.0,16578.0,38240.0,15376.0,16435.0,39215.0,15989.0,16305.0,37617.0,15703.0,16426.0,38058.0,15786.0,16537.0,37702.0,15507.0,16441.0,38184.0,16207.0,16450.0,37570.0,15860.0,16238.0,38060.0,15665.0,16271.0,37994.0,15409.0,16394.0,38592.0,16070.0,16227.0,38607.0,15879.0,16308.0,38864.0,15719.0,16109.0,38362.0,15471.0,16026.0,38505.0
15863.0,16576.0,38423.0,15891.0,16467.0,38115.0,15674.0,16578.0,38240.0,15376.0,16435.0,39215.0,15989.0,16305.0,37617.0,15703.0,16426.0,38058.0,15786.0,16537.0,37702.0,15507.0,16441.0,38184.0,16207.0,16450.0,37570.0,15860.0,16238.0,38060.0,15665.0,16271.0,37994.0,15409.0,16394.0,38592.0,16070.0,16227.0,38607.0,15879.0,16308.0,38864.0,15719.0,16109.0,38362.0,15471.0,16026.0,38505.0
15864.0,16575.0,38440.0,15896.0,16466.0,38133.0,15680.0,16578.0,38243.0,15386.0,16435.0,39206.0,15992.0,16306.0,37634.0,15711.0,16424.0,38076.0,15797.0,16535.0,37704.0,15516.0,16442.0,38183.0,16211.0,16451.0,37581.0,15866.0,16238.0,38066.0,15673.0,16271.0,38000.0,15418.0,16393.0,38584.0,16070.0,16226.0,38621.0,15886.0,16313.0,38883.0,15725.0,16110.0,38366.0,15483.0,16027.0,38490.0
15864.0,16575.0,38440.0,15897.0,16463.0,38126.0,15680.0,16577.0,38247.0,15387.0,16435.0,39200.0,15995.0,16304.0,37640.0,15714.0,16425.0,38080.0,15797.0,16535.0,37704.0,15516.0,16442.0,38183.0,16211.0,16451.0,37581.0,15867.0,16236.0,38070.0,15673.0,16269.0,37991.0,15418.0,16391.0,38587.0,16073.0,16227.0,38627.0,15886.0,16308.0,38883.0,15725.0,16110.0,38366.0,15483.0,16027.0,38490.0
15864.0,16574.0,38444.0,15895.0,16465.0,38131.0,15679.0,16577.0,38245.0,15386.0,16434.0,39203.0,15993.0,16304.0,37632.0,15710.0,16424.0,38069.0,15792.0,16537.0,37698.0,15512.0,16440.0,38180.0,16211.0,16448.0,37577.0,15865.0,16238.0,38068.0,15671.0,16270.0,37994.0,15417.0,16392.0,38583.0,16072.0,16226.0,38624.0,15885.0,16310.0,38883.0,15723.0,16108.0,38361.0,15478.0,16026.0,38498.0
15861.0,16572.0,38431.0,15894.0,16465.0,38123.0,15675.0,16579.0,38251.0,15377.0,16437.0,39212.0,15992.0,16305.0,37620.0,15706.0,16424.0,38066.0,15790.0,16538.0,37705.0,15509.0,16442.0,38187.0,16208.0,16449.0,37567.0,15863.0,16238.0,38059.0,15663.0,16272.0,37994.0,15408.0,16392.0,38593.0,16067.0,16223.0,38601.0,15881.0,16308.0,38867.0,15719.0,16110.0,38361.0,15475.0,16027.0,38498.0
15861.0,16572.0,38431.0,15894.0,16465.0,38123.0,15675.0,16579.0,38251.0,15377.0,16437.0,39212.0,15992.0,16305.0,37620.0,15706.0,16424.0,38066.0,15790.0,16538.0,37705.0,15509.0,16442.0,38187.0,16208.0,16449.0,37567.0,15863.0,16238.0,38059.0,15663.0,16272.0,37994.0,15408.0,16392.0,38593.0,16067.0,16223.0,38601.0,15881.0,16308.0,38867.0,15719.0,16110.0,38361.0,15475.0,16027.0,38498.0
15862.0,16573.0,38418.0,15890.0,16464.0,38112.0,15673.0,16578.0,38242.0,15375.0,16438.0,39218.0,15990.0,16304.0,37607.0,15705.0,16423.0,38061.0,15784.0,16538.0,37702.0,15503.0,16445.0,38194.0,16203.0,16447.0,37555.0,15856.0,16237.0,38047.0,15662.0,16271.0,37982.0,15404.0,16395.0,38597.0,16067.0,16225.0,38588.0,15874.0,16305.0,38863.0,15716.0,16110.0,38360.0,15469.0,16028.0,38500.0
15862.0,16574.0,38417.0,15891.0,16465.0,38117.0,15670.0,16579.0,38243.0,15376.0,16438.0,39222.0,15990.0,16303.0,37605.0,15703.0,16423.0,38056.0,15785.0,16540.0,37695.0,15504.0,16443.0,38192.0,16204.0,16449.0,37555.0,15858.0,16237.0,38050.0,15661.0,16271.0,37984.0,15404.0,16394.0,38603.0,16064.0,16225.0,38594.0,15874.0,16307.0,38860.0,15716.0,16109.0,38359.0,15469.0,16027.0,38507.0
15862.0,16574.0,38417.0,15891.0,16465.0,38117.0,15670.0,16579.0,38243.0,15376.0,16438.0,39222.0,15990.0,16303.0,37605.0,15703.0,16423.0,38056.0,15785.0,16540.0,37695.0,15504.0,16443.0,38192.0,16204.0,16449.0,37555.0,15858.0,16237.0,38050.0,15661.0,16271.0,37984.0,15404.0,16394.0,38603.0,16064.0,16225.0,38594.0,15874.0,16307.0,38860.0,15716.0,16109.0,38359.0,15469.0,16027.0,38507.0
15862.0,16575.0,38429.0,15891.0,16464.0,38122.0,15676.0,16578.0,38248.0,15379.0,16436.0,39212.0,15990.0,16305.0,37622.0,15708.0,16423.0,38067.0,15790.0,16537.0,37700.0,15508.0,16440.0,38189.0,16208.0,16449.0,37566.0,15861.0,16238.0,38062.0,15667.0,16271.0,37991.0,15410.0,16392.0,38593.0,16069.0,16226.0,38607.0,15880.0,16310.0,38867.0,15724.0,16109.0,38369.0,15475.0,16024.0,38502.0
15862.0,16577.0,38432.0,15892.0,16467.0,38121.0,15676.0,16577.0,38244.0,15381.0,16435.0,39209.0,15992.0,16305.0,37626.0,15708.0,16423.0,38067.0,15790.0,16537.0,37700.0,15507.0,16440.0,38181.0,16209.0,16449.0,37572.0,15864.0,16238.0,38060.0,15669.0,16272.0,37998.0,15413.0,16392.0,38595.0,16070.0,16227.0,38611.0,15880.0,16310.0,38867.0,15724.0,16109.0,38369.0,15475.0,16024.0,38502.0
15862.0,16577.0,38432.0,15892.0,16467.0,38121.0,15675.0,16577.0,38239.0,15379.0,16436.0,39208.0,15991.0,16306.0,37628.0,15710.0,16423.0,38072.0,15788.0,16537.0,37703.0,15507.0,16440.0,38181.0,16209.0,16449.0,37572.0,15864.0,16238.0,38060.0,15670.0,16269.0,37999.0,15414.0,16391.0,38590.0,16071.0,16229.0,38619.0,15884.0,16308.0,38878.0,15724.0,16108.0,38373.0,15479.0,16024.0,38500.0
15858.0,16579.0,38422.0,15889.0,16469.0,38108.0,15671.0,16577.0,38240.0,15374.0,16435.0,39205.0,15989.0,16309.0,37623.0,15705.0,16425.0,38062.0,15788.0,16537.0,37697.0,15507.0,16438.0,38183.0,16209.0,16453.0,37573.0,15863.0,16241.0,38060.0,15670.0,16269.0,37987.0,15412.0,16391.0,38583.0,16071.0,16231.0,38615.0,15886.0,16311.0,38880.0,15725.0,16106.0,38374.0,15477.0,16024.0,38501.0
15857.0,16581.0,38419.0,15886.0,16468.0,38116.0,15670.0,16577.0,38238.0,15371.0,16432.0,39198.0,15987.0,16310.0,37619.0,15702.0,16427.0,38062.0,15785.0,16536.0,37701.0,15502.0,16438.0,38179.0,16208.0,16453.0,37568.0,15863.0,16241.0,38059.0,15665.0,16269.0,37992.0,15412.0,16390.0,38591.0,16070.0,16232.0,38610.0,15885.0,16313.0,38879.0,15723.0,16107.0,38367.0,15478.0,16023.0,38504.0
15855.0,16581.0,38419.0,15887.0,16471.0,38116.0,15668.0,16578.0,38236.0,15372.0,16433.0,39201.0,15988.0,16311.0,37616.0,15702.0,16427.0,38062.0,15785.0,16536.0,37701.0,15502.0,16438.0,38179.0,16208.0,16453.0,37569.0,15862.0,16241.0,38060.0,15668.0,16269.0,37998.0,15411.0,16387.0,38592.0,16073.0,16232.0,38611.0,15885.0,16313.0,38879.0,15723.0,16107.0,38367.0,15478.0,16023.0,38504.0
15855.0,16581.0,38419.0,15887.0,16471.0,38116.0,15670.0,16577.0,38236.0,15370.0,16432.0,39204.0,15986.0,16310.0,37617.0,15704.0,16429.0,38057.0,15785.0,16538.0,37696.0,15502.0,16436.0,38181.0,16208.0,16453.0,37569.0,15862.0,16241.0,38060.0,15667.0,16270.0,37994.0,15412.0,16388.0,38592.0,16071.0,16232.0,38613.0,15882.0,16313.0,38876.0,15723.0,16108.0,38369.0,15478.0,16022.0,38500.0
15856.0,16582.0,38422.0,15885.0,16469.0,38108.0,15670.0,16577.0,38236.0,15370.0,16432.0,39204.0,15987.0,16312.0,37617.0,15704.0,16429.0,38059.0,15784.0,16536.0,37697.0,15503.0,16438.0,38184.0,16207.0,16454.0,37564.0,15863.0,16241.0,38054.0,15667.0,16270.0,37994.0,15412.0,16388.0,38592.0,16071.0,16232.0,38613.0,15883.0,16314.0,38867.0,15724.0,16106.0,38365.0,15479.0,16022.0,38507.0
15855.0,16583.0,38420.0,15885.0,16471.0,38114.0,15668.0,16576.0,38232.0,15371.0,16431.0,39200.0,15987.0,16311.0,37614.0,15703.0,16427.0,38058.0,15785.0,16537.0,37696.0,15503.0,16437.0,38175.0,16208.0,16456.0,37569.0,15861.0,16239.0,38057.0,15669.0,16269.0,37988.0,15411.0,16387.0,38593.0,16072.0,16233.0,38615.0,15886.0,16313.0,38878.0,15723.0,16107.0,38372.0,15479.0,16022.0,38504.0
15855.0,16577.0,38421.0,15888.0,16469.0,38116.0,15669.0,16576.0,38236.0,15373.0,16433.0,39200.0,15987.0,16311.0,37620.0,15704.0,16427.0,38059.0,15786.0,16535.0,37693.0,15505.0,16436.0,38185.0,16208.0,16454.0,37563.0,15865.0,16241.0,38063.0,15669.0,16268.0,37989.0,15411.0,16387.0,38591.0,16073.0,16234.0,38616.0,15885.0,16314.0,38870.0,15725.0,16107.0,38370.0,15480.0,16023.0,38500.0
15856.0,16580.0,38423.0,15886.0,16469.0,38115.0,15669.0,16577.0,38232.0,15373.0,16432.0,39204.0,15990.0,16311.0,37618.0,15703.0,16427.0,38059.0,15786.0,16535.0,37693.0,15505.0,16436.0,38185.0,16208.0,16454.0,37566.0,15863.0,16242.0,38060.0,15669.0,16268.0,37992.0,15414.0,16386.0,38588.0,16071.0,16234.0,38616.0,15887.0,16313.0,38880.0,15725.0,16107.0,38370.0,15480.0,16023.0,38500.0
15858.0,16579.0,38420.0,15888.0,16468.0,38116.0,15672.0,16577.0,38236.0,15372.0,16432.0,39200.0,15989.0,16310.0,37617.0,15706.0,16427.0,38061.0,15787.0,16535.0,37698.0,15506.0,16437.0,38186.0,16208.0,16452.0,37574.0,15863.0,16240.0,38060.0,15668.0,16269.0,37996.0,15413.0,16388.0,38593.0,16072.0,16231.0,38615.0,15883.0,16313.0,38875.0,15722.0,16108.0,38373.0,15478.0,16024.0,38506.0
15858.0,16579.0,38420.0,15888.0,16468.0,38116.0,15671.0,16577.0,38238.0,15373.0,16434.0,39204.0,15987.0,16309.0,37622.0,15705.0,16426.0,38062.0,15785.0,16537.0,37702.0,15506.0,16437.0,38186.0,16208.0,16452.0,37574.0,15863.0,16240.0,38060.0,15668.0,16270.0,38002.0,15411.0,16389.0,38598.0,16072.0,16230.0,38615.0,15883.0,16312.0,38876.0,15724.0,16108.0,38369.0,15478.0,16024.0,38506.0
15859.0,16577.0,38423.0,15889.0,16466.0,38119.0,15673.0,16577.0,38241.0,15375.0,16434.0,39211.0,15988.0,16309.0,37616.0,15706.0,16427.0,38064.0,15787.0,16538.0,37702.0,15506.0,16439.0,38183.0,16207.0,16454.0,37569.0,15862.0,16240.0,38060.0,15668.0,16271.0,37989.0,15410.0,16388.0,38595.0,16072.0,16229.0,38612.0,15883.0,16311.0,38873.0,15723.0,16108.0,38366.0,15476.0,16026.0,38507.0
15860.0,16576.0,38418.0,15892.0,16466.0,38113.0,15674.0,16578.0,38239.0,15377.0,16432.0,39208.0,15990.0,16306.0,37624.0,15706.0,16425.0,38067.0,15787.0,16538.0,37702.0,15506.0,16439.0,38183.0,16207.0,16451.0,37566.0,15862.0,16237.0,38061.0,15668.0,16271.0,37990.0,15411.0,16393.0,38597.0,16069.0,16229.0,38607.0,15882.0,16311.0,38871.0,15723.0,16108.0,38366.0,15476.0,16026.0,38507.0
15859.0,16576.0,38423.0,15891.0,16468.0,38115.0,15675.0,16578.0,38242.0,15376.0,16436.0,39208.0,15991.0,16306.0,37622.0,15708.0,16425.0,38062.0,15787.0,16535.0,37697.0,15507.0,16440.0,38185.0,16209.0,16451.0,37573.0,15861.0,16238.0,38055.0,15667.0,16272.0,37995.0,15410.0,16391.0,38592.0,16069.0,16229.0,38610.0,15881.0,16308.0,38872.0,15722.0,16107.0,38362.0,15476.0,16025.0,38505.0
15861.0,16577.0,38421.0,15889.0,16467.0,38121.0,15675.0,16579.0,38238.0,15377.0,16433.0,39212.0,15993.0,16306.0,37622.0,15708.0,16425.0,38062.0,15787.0,16535.0,37697.0,15507.0,16441.0,38182.0,16209.0,16449.0,37568.0,15861.0,16238.0,38055.0,15666.0,16270.0,37994.0,15410.0,16392.0,38590.0,16070.0,16227.0,38610.0,15881.0,16308.0,38872.0,15722.0,16107.0,38362.0,15476.0,16026.0,38504.0
15861.0,16577.0,38421.0,15892.0,16465.0,38124.0,15674.0,16576.0,38242.0,15378.0,16435.0,39215.0,15992.0,16303.0,37622.0,15706.0,16423.0,38061.0,15787.0,16536.0,37706.0,15507.0,16441.0,38182.0,16209.0,16449.0,37568.0,15862.0,16239.0,38058.0,15668.0,16270.0,37990.0,15411.0,16392.0,38596.0,16067.0,16227.0,38606.0,15881.0,16309.0,38867.0,15722.0,16107.0,38370.0,15476.0,16026.0,38504.0
15861.0,16575.0,38419.0,15890.0,16467.0,38115.0,15674.0,16577.0,38243.0,15379.0,16436.0,39213.0,15990.0,16304.0,37618.0,15708.0,16425.0,38068.0,15788.0,16537.0,37703.0,15507.0,16441.0,38191.0,16207.0,16449.0,37563.0,15862.0,16238.0,38063.0,15666.0,16270.0,37995.0,15412.0,16391.0,38593.0,16069.0,16226.0,38599.0,15880.0,16309.0,38864.0,15720.0,16107.0,38365.0,15474.0,16026.0,38505.0
15860.0,16577.0,38420.0,15891.0,16465.0,38113.0,15673.0,16578.0,38239.0,15377.0,16436.0,39215.0,15989.0,16304.0,37616.0,15708.0,16425.0,38056.0,15788.0,16537.0,37699.0,15505.0,16441.0,38186.0,16205.0,16449.0,37560.0,15861.0,16239.0,38060.0,15667.0,16269.0,37993.0,15410.0,16393.0,38594.0,16068.0,16226.0,38607.0,15879.0,16309.0,38867.0,15722.0,16110.0,38363.0,15475.0,16025.0,38508.0
15861.0,16577.0,38419.0,15893.0,16466.0,38113.0,15673.0,16578.0,38237.0,15375.0,16433.0,39213.0,15990.0,16304.0,37614.0,15708.0,16425.0,38056.0,15788.0,16537.0,37699.0,15506.0,16442.0,38181.0,16207.0,16449.0,37565.0,15859.0,16238.0,38060.0,15667.0,16270.0,37996.0,15411.0,16391.0,38590.0,16068.0,16228.0,38600.0,15879.0,16309.0,38867.0,15722.0,16110.0,38363.0,15475.0,16025.0,38508.0
15861.0,16577.0,38419.0,15893.0,16466.0,38113.0,15673.0,16577.0,38241.0,15376.0,16433.0,39210.0,15990.0,16306.0,37619.0,15706.0,16426.0,38065.0,15788.0,16536.0,37702.0,15506.0,16442.0,38181.0,16207.0,16449.0,37565.0,15859.0,16238.0,38060.0,15667.0,16271.0,37997.0,15411.0,16392.0,38590.0,16069.0,16227.0,38600.0,15882.0,16309.0,38866.0,15721.0,16109.0,38365.0,15474.0,16026.0,38505.0
15861.0,16579.0,38423.0,15891.0,16467.0,38112.0,15673.0,16578.0,38245.0,15376.0,16434.0,39209.0,15991.0,16305.0,37618.0,15706.0,16426.0,38063.0,15788.0,16537.0,37700.0,15506.0,16441.0,38183.0,16208.0,16450.0,37569.0,15863.0,16240.0,38063.0,15668.0,16270.0,37996.0,15411.0,16391.0,38592.0,16071.0,16229.0,38608.0,15882.0,16310.0,38868.0,15723.0,16108.0,38363.0,15477.0,16024.0,38499.0
15861.0,16579.0,38423.0,15889.0,16468.0,38116.0,15672.0,16576.0,38245.0,15375.0,16433.0,39206.0,15990.0,16307.0,37619.0,15706.0,16424.0,38063.0,15788.0,16537.0,37700.0,15506.0,16441.0,38183.0,16208.0,16450.0,37569.0,15864.0,16238.0,38061.0,15669.0,16270.0,37996.0,15412.0,16390.0,38593.0,16071.0,16228.0,38609.0,15883.0,16312.0,38870.0,15723.0,16108.0,38367.0,15477.0,16024.0,38499.0
15860.0,16578.0,38425.0,15888.0,16468.0,38114.0,15671.0,16578.0,38240.0,15375.0,16433.0,39203.0,15990.0,16309.0,37627.0,15706.0,16427.0,38065.0,15788.0,16538.0,37698.0,15508.0,16439.0,38183.0,16209.0,16452.0,37569.0,15866.0,16241.0,38061.0,15668.0,16268.0,37996.0,15414.0,16387.0,38594.0,16072.0,16232.0,38614.0,15884.0,16311.0,38871.0,15724.0,16108.0,38364.0,15477.0,16025.0,38503.0
15859.0,16580.0,38428.0,15888.0,16468.0,38114.0,15671.0,16578.0,38240.0,15375.0,16433.0,39203.0,15990.0,16309.0,37627.0,15706.0,16427.0,38065.0,15788.0,16538.0,37698.0,15508.0,16439.0,38183.0,16208.0,16452.0,37572.0,15866.0,16241.0,38061.0,15668.0,16268.0,37996.0,15414.0,16387.0,38594.0,16072.0,16232.0,38614.0,15884.0,16311.0,38871.0,15724.0,16108.0,38364.0,15477.0,16025.0,38503.0
15857.0,16580.0,38415.0,15889.0,16469.0,38119.0,15671.0,16576.0,38242.0,15374.0,16432.0,39208.0,15990.0,16311.0,37621.0,15706.0,16426.0,38058.0,15787.0,16535.0,37702.0,15506.0,16439.0,38182.0,16210.0,16452.0,37567.0,15863.0,16240.0,38059.0,15668.0,16268.0,37993.0,15412.0,16389.0,38588.0,16071.0,16230.0,38613.0,15883.0,16312.0,38871.0,15725.0,16108.0,38362.0,15479.0,16024.0,38503.0
15858.0,16579.0,38419.0,15887.0,16469.0,38110.0,15669.0,16578.0,38238.0,15372.0,16431.0,39200.0,15988.0,16308.0,37627.0,15706.0,16426.0,38058.0,15787.0,16535.0,37702.0,15504.0,16437.0,38177.0,16207.0,16453.0,37569.0,15862.0,16240.0,38056.0,15668.0,16269.0,37999.0,15412.0,16387.0,38584.0,16071.0,16230.0,38606.0,15883.0,16312.0,38871.0,15725.0,16108.0,38362.0,15479.0,16021.0,38506.0
15856.0,16581.0,38418.0,15888.0,16469.0,38115.0,15669.0,16576.0,38236.0,15372.0,16432.0,39203.0,15989.0,16309.0,37617.0,15705.0,16428.0,38058.0,15786.0,16536.0,37696.0,15502.0,16438.0,38180.0,16208.0,16455.0,37568.0,15864.0,16239.0,38056.0,15668.0,16270.0,37998.0,15411.0,16389.0,38592.0,16071.0,16231.0,38612.0,15883.0,16311.0,38874.0,15724.0,16107.0,38367.0,15478.0,16022.0,38502.0
15856.0,16581.0,38421.0,15887.0,16470.0,38112.0,15669.0,16577.0,38240.0,15371.0,16431.0,39206.0,15989.0,16309.0,37612.0,15704.0,16426.0,38056.0,15786.0,16536.0,37696.0,15502.0,16438.0,38180.0,16208.0,16455.0,37568.0,15864.0,16240.0,38056.0,15668.0,16269.0,37993.0,15410.0,16387.0,38591.0,16071.0,16232.0,38610.0,15885.0,16314.0,38870.0,15724.0,16107.0,38367.0,15478.0,16022.0,38502.0
15856.0,16581.0,38422.0,15887.0,16469.0,38112.0,15669.0,16576.0,38237.0,15371.0,16433.0,39207.0,15985.0,16309.0,37619.0,15705.0,16426.0,38058.0,15787.0,16536.0,37700.0,15503.0,16437.0,38183.0,16208.0,16453.0,37567.0,15862.0,16241.0,38060.0,15669.0,16269.0,37999.0,15412.0,16387.0,38589.0,16071.0,16231.0,38609.0,15884.0,16313.0,38868.0,15724.0,16106.0,38366.0,15478.0,16023.0,38504.0
15857.0,16579.0,38418.0,15887.0,16469.0,38115.0,15670.0,16576.0,38236.0,15374.0,16433.0,39204.0,15989.0,16309.0,37621.0,15705.0,16426.0,38058.0,15787.0,16536.0,37700.0,15504.0,16438.0,38181.0,16209.0,16454.0,37567.0,15863.0,16240.0,38066.0,15668.0,16271.0,37993.0,15413.0,16388.0,38590.0,16074.0,16230.0,38612.0,15884.0,16313.0,38868.0,15724.0,16106.0,38366.0,15478.0,16023.0,38504.0
15857.0,16579.0,38418.0,15887.0,16469.0,38115.0,15672.0,16576.0,38238.0,15375.0,16432.0,39205.0,15987.0,16309.0,37622.0,15706.0,16426.0,38065.0,15787.0,16537.0,37697.0,15504.0,16438.0,38181.0,16209.0,16454.0,37567.0,15863.0,16240.0,38066.0,15669.0,16269.0,37992.0,15414.0,16389.0,38590.0,16071.0,16231.0,38615.0,15885.0,16312.0,38864.0,15723.0,16107.0,38368.0,15478.0,16025.0,38502.0
15858.0,16580.0,38420.0,15891.0,16469.0,38110.0,15671.0,16578.0,38242.0,15376.0,16432.0,39204.0,15990.0,16309.0,37618.0,15707.0,16426.0,38061.0,15787.0,16536.0,37700.0,15506.0,16439.0,38181.0,16208.0,16452.0,37570.0,15863.0,16239.0,38060.0,15669.0,16269.0,37994.0,15413.0,16387.0,38593.0,16072.0,16230.0,38616.0,15885.0,16312.0,38877.0,15725.0,16107.0,38368.0,15479.0,16025.0,38501.0
15860.0,16577.0,38421.0,15891.0,16468.0,38111.0,15672.0,16577.0,38246.0,15377.0,16434.0,39205.0,15991.0,16308.0,37619.0,15705.0,16425.0,38066.0,15789.0,16535.0,37703.0,15506.0,16437.0,38181.0,16209.0,16453.0,37569.0,15862.0,16240.0,38062.0,15670.0,16272.0,37999.0,15413.0,16389.0,38590.0,16070.0,16229.0,38613.0,15883.0,16312.0,38875.0,15725.0,16107.0,38369.0,15479.0,16024.0,38498.0
15858.0,16580.0,38422.0,15890.0,16468.0,38114.0,15672.0,16577.0,38241.0,15375.0,16433.0,39207.0,15991.0,16306.0,37619.0,15705.0,16425.0,38063.0,15787.0,16536.0,37698.0,15506.0,16439.0,38185.0,16208.0,16451.0,37564.0,15863.0,16238.0,38060.0,15669.0,16270.0,37997.0,15411.0,16389.0,38591.0,16069.0,16230.0,38607.0,15884.0,16310.0,38869.0,15724.0,16109.0,38361.0,15478.0,16025.0,38496.0
15858.0,16580.0,38422.0,15890.0,16468.0,38114.0,15672.0,16577.0,38241.0,15375.0,16433.0,39207.0,15991.0,16306.0,37619.0,15705.0,16425.0,38063.0,15787.0,16536.0,37698.0,15504.0,16439.0,38185.0,16208.0,16451.0,37564.0,15863.0,16238.0,38060.0,15669.0,16270.0,37997.0,15411.0,16389.0,38591.0,16069.0,16230.0,38607.0,15884.0,16310.0,38869.0,15724.0,16109.0,38361.0,15476.0,16026.0,38498.0
15860.0,16578.0,38418.0,15890.0,16466.0,38109.0,15673.0,16578.0,38239.0,15376.0,16435.0,39212.0,15988.0,16307.0,37615.0,15706.0,16427.0,38066.0,15789.0,16536.0,37696.0,15506.0,16439.0,38183.0,16208.0,16451.0,37565.0,15863.0,16238.0,38059.0,15668.0,16272.0,37990.0,15411.0,16392.0,38594.0,16069.0,16228.0,38614.0,15881.0,16310.0,38871.0,15722.0,16108.0,38362.0,15476.0,16024.0,38502.0
15860.0,16578.0,38418.0,15890.0,16468.0,38117.0,15672.0,16578.0,38240.0,15375.0,16435.0,39209.0,15989.0,16307.0,37616.0,15705.0,16425.0,38063.0,15787.0,16538.0,37702.0,15506.0,16439.0,38183.0,16208.0,16451.0,37565.0,15863.0,16238.0,38059.0,15668.0,16270.0,37998.0,15411.0,16391.0,38594.0,16069.0,16228.0,38608.0,15881.0,16310.0,38877.0,15722.0,16106.0,38362.0,15476.0,16024.0,38502.0
15860.0,16578.0,38422.0,15889.0,16466.0,38119.0,15672.0,16577.0,38246.0,15376.0,16436.0,39211.0,15989.0,16308.0,37612.0,15706.0,16425.0,38062.0,15785.0,16537.0,37695.0,15506.0,16440.0,38184.0,16207.0,16450.0,37564.0,15862.0,16239.0,38061.0,15669.0,16271.0,37990.0,15410.0,16390.0,38589.0,16069.0,16229.0,38603.0,15882.0,16309.0,38870.0,15722.0,16108.0,38359.0,15474.0,16025.0,38503.0
15860.0,16577.0,38425.0,15890.0,16466.0,38114.0,15672.0,16578.0,38241.0,15376.0,16437.0,39204.0,15989.0,16307.0,37618.0,15707.0,16425.0,38066.0,15789.0,16537.0,37696.0,15506.0,16440.0,38185.0,16209.0,16451.0,37569.0,15862.0,16238.0,38063.0,15669.0,16270.0,37996.0,15412.0,16392.0,38594.0,16070.0,16228.0,38608.0,15883.0,16311.0,38870.0,15722.0,16109.0,38363.0,15476.0,16025.0,38499.0
15860.0,16577.0,38425.0,15890.0,16466.0,38114.0,15672.0,16578.0,38241.0,15376.0,16437.0,39204.0,15989.0,16307.0,37618.0,15707.0,16425.0,38066.0,15789.0,16537.0,37696.0,15506.0,16440.0,38185.0,16209.0,16451.0,37569.0,15862.0,16238.0,38063.0,15669.0,16270.0,37996.0,15412.0,16392.0,38594.0,16070.0,16228.0,38608.0,15883.0,16311.0,38870.0,15722.0,16109.0,38363.0,15476.0,16025.0,38499.0
15858.0,16575.0,38427.0,15891.0,16467.0,38114.0,15673.0,16578.0,38236.0,15376.0,16434.0,39209.0,15991.0,16308.0,37622.0,15707.0,16426.0,38062.0,15788.0,16536.0,37701.0,15506.0,16439.0,38189.0,16208.0,16451.0,37564.0,15864.0,16240.0,38064.0,15669.0,16269.0,37997.0,15413.0,16389.0,38589.0,16069.0,16229.0,38605.0,15883.0,16311.0,38871.0,15724.0,16107.0,38361.0,15477.0,16026.0,38500.0
15859.0,16577.0,38423.0,15891.0,16466.0,38116.0,15672.0,16578.0,38240.0,15377.0,16435.0,39207.0,15991.0,16306.0,37621.0,15709.0,16425.0,38065.0,15787.0,16536.0,37696.0,15508.0,16438.0,38178.0,16209.0,16451.0,37568.0,15862.0,16240.0,38063.0,15670.0,16271.0,37993.0,15413.0,16391.0,38588.0,16071.0,16229.0,38609.0,15884.0,16310.0,38874.0,15725.0,16107.0,38363.0,15477.0,16025.0,38496.0
15859.0,16577.0,38423.0,15891.0,16468.0,38112.0,15671.0,16578.0,38241.0,15374.0,16433.0,39208.0,15989.0,16309.0,37620.0,15707.0,16426.0,38062.0,15787.0,16536.0,37696.0,15508.0,16438.0,38178.0,16209.0,16451.0,37568.0,15863.0,16239.0,38061.0,15668.0,16271.0,37994.0,15413.0,16390.0,38588.0,16070.0,16228.0,38607.0,15884.0,16311.0,38873.0,15725.0,16108.0,38360.0,15477.0,16025.0,38496.0
15858.0,16579.0,38421.0,15889.0,16466.0,38111.0,15672.0,16576.0,38241.0,15372.0,16432.0,39206.0,15990.0,16310.0,37618.0,15706.0,16427.0,38063.0,15787.0,16537.0,37705.0,15505.0,16439.0,38178.0,16208.0,16452.0,37567.0,15864.0,16239.0,38058.0,15668.0,16269.0,37995.0,15411.0,16391.0,38596.0,16070.0,16230.0,38606.0,15883.0,16311.0,38870.0,15725.0,16108.0,38367.0,15477.0,16024.0,38503.0
15859.0,16579.0,38420.0,15888.0,16466.0,38112.0,15670.0,16578.0,38241.0,15373.0,16435.0,39204.0,15988.0,16307.0,37616.0,15706.0,16427.0,38063.0,15787.0,16537.0,37705.0,15505.0,16438.0,38181.0,16207.0,16452.0,37567.0,15863.0,16240.0,38052.0,15668.0,16271.0,37993.0,15412.0,16391.0,38592.0,16070.0,16231.0,38608.0,15883.0,16311.0,38870.0,15725.0,16108.0,38367.0,15477.0,16024.0,38503.0
15858.0,16579.0,38421.0,15888.0,16469.0,38112.0,15670.0,16576.0,38239.0,15374.0,16433.0,39204.0,15989.0,16309.0,37618.0,15704.0,16427.0,38062.0,15787.0,16536.0,37699.0,15503.0,16439.0,38181.0,16207.0,16454.0,37567.0,15863.0,16239.0,38058.0,15669.0,16270.0,37999.0,15410.0,16389.0,38595.0,16071.0,16230.0,38606.0,15883.0,16312.0,38872.0,15726.0,16109.0,38362.0,15475.0,16024.0,38502.0
15857.0,16580.0,38419.0,15888.0,16468.0,38109.0,15670.0,16577.0,38236.0,15372.0,16434.0,39205.0,15989.0,16310.0,37621.0,15705.0,16427.0,38063.0,15787.0,16536.0,37700.0,15504.0,16438.0,38182.0,16210.0,16453.0,37565.0,15864.0,16239.0,38058.0,15669.0,16270.0,37994.0,15413.0,16387.0,38593.0,16071.0,16231.0,38613.0,15884.0,16312.0,38872.0,15723.0,16106.0,38368.0,15476.0,16023.0,38500.0
15857.0,16580.0,38419.0,15888.0,16468.0,38109.0,15670.0,16577.0,38236.0,15372.0,16434.0,39205.0,15989.0,16310.0,37621.0,15705.0,16427.0,38063.0,15787.0,16536.0,37700.0,15504.0,16438.0,38182.0,16210.0,16453.0,37565.0,15864.0,16239.0,38058.0,15669.0,16270.0,37994.0,15413.0,16387.0,38593.0,16071.0,16231.0,38613.0,15884.0,16312.0,38872.0,15723.0,16106.0,38368.0,15476.0,16023.0,38500.0
15858.0,16581.0,38418.0,15889.0,16468.0,38114.0,15672.0,16577.0,38235.0,15373.0,16432.0,39201.0,15991.0,16309.0,37623.0,15706.0,16427.0,38064.0,15788.0,16536.0,37697.0,15507.0,16437.0,38179.0,16210.0,16455.0,37570.0,15864.0,16239.0,38063.0,15670.0,16269.0,37998.0,15412.0,16388.0,38589.0,16071.0,16232.0,38611.0,15886.0,16313.0,38874.0,15725.0,16108.0,38366.0,15477.0,16022.0,38498.0
15858.0,16579.0,38424.0,15889.0,16469.0,38114.0,15671.0,16577.0,38239.0,15374.0,16432.0,39201.0,15989.0,16310.0,37620.0,15706.0,16425.0,38065.0,15788.0,16537.0,37701.0,15505.0,16438.0,38182.0,16209.0,16453.0,37570.0,15865.0,16240.0,38063.0,15670.0,16270.0,37998.0,15413.0,16388.0,38587.0,16072.0,16232.0,38620.0,15885.0,16312.0,38867.0,15726.0,16107.0,38362.0,15479.0,16025.0,38503.0
15858.0,16581.0,38423.0,15888.0,16468.0,38116.0,15673.0,16577.0,38239.0,15375.0,16433.0,39203.0,15989.0,16310.0,37620.0,15706.0,16425.0,38065.0,15788.0,16537.0,37701.0,15507.0,16439.0,38179.0,16209.0,16454.0,37571.0,15864.0,16240.0,38063.0,15671.0,16270.0,37993.0,15413.0,16389.0,38587.0,16069.0,16230.0,38616.0,15885.0,16312.0,38867.0,15726.0,16107.0,38362.0,15479.0,16023.0,38503.0
15860.0,16578.0,38418.0,15887.0,16469.0,38111.0,15671.0,16577.0,38237.0,15374.0,16432.0,39205.0,15987.0,16308.0,37618.0,15705.0,16426.0,38059.0,15787.0,16536.0,37696.0,15506.0,16437.0,38186.0,16207.0,16454.0,37565.0,15865.0,16239.0,38059.0,15670.0,16269.0,37994.0,15413.0,16387.0,38585.0,16070.0,16232.0,38612.0,15883.0,16312.0,38866.0,15725.0,16108.0,38367.0,15477.0,16025.0,38501.0
