position_joint1,position_joint2,position_joint3,position_joint4,position_joint5,position_joint6,position_joint7,velocity_joint1,velocity_joint2,velocity_joint3,velocity_joint4,velocity_joint5,velocity_joint6,velocity_joint7,ee_T_00,ee_T_10,ee_T_20,ee_T_30,ee_T_01,ee_T_11,ee_T_21,ee_T_31,ee_T_02,ee_T_12,ee_T_22,ee_T_32,ee_T_03,ee_T_13,ee_T_23,ee_T_33,v_x,v_y,time
0.465094625153,0.547639372642,-0.123949559874,-1.35576136156,0.0794486410668,1.89408318992,0.159173103481,0.000445729259375,0.00474256359066,-0.00718016434462,-0.000663225192464,-0.000229075750544,5.38593373552e-05,0.00169274193898,0.573754877656,0.81901263604,0.0020950592816,0.0,0.818971700268,-0.573696047421,-0.0117875457777,0.0,-0.00845238444545,0.00847911939687,-0.999928328297,0.0,0.661682284126,0.260927779406,0.303346047707,1.0,0.0,0.0,0.0
0.46509175147,0.547642953487,-0.123943803334,-1.35576144136,0.0794495624812,1.8940833181,0.159165192197,-0.000937314569735,0.00187729817092,-0.00730473300681,6.13569141842e-05,-0.000269390509859,-0.000233441334576,-0.00150255686973,0.573746985733,0.819018167412,0.00209397039833,0.0,0.818977179568,-0.573688122701,-0.0117925451123,0.0,-0.00845718556726,0.00848101446906,-0.99992827163,0.0,0.661681572338,0.260929310303,0.303343295306,1.0,-0.00022,-0.000289142857143,0.012
0.465088595216,0.547632008314,-0.123948441357,-1.35576453953,0.0794499576057,1.89408178142,0.159164902757,-0.000473880874555,0.000438283738905,-0.00138659519063,-0.000899142279134,0.000325143885442,-0.000318496213325,-0.00165239673469,0.573752817564,0.819014069432,0.00209888319007,0.0,0.818973160621,-0.573693949774,-0.011788175284,0.0,-0.00845072752582,0.00848259109927,-0.999928312857,0.0,0.661682712009,0.260924274369,0.303349595113,1.0,-0.00054,-0.000709714285714,0.028
0.465080121268,0.547616098121,-0.123944887754,-1.35578604939,0.0794445793137,1.89408946303,0.159162397598,-0.00184703766812,-0.00187807874659,-8.69455069929e-05,-0.00386146053196,-0.000308544221674,-2.46491226862e-05,-0.00094332412125,0.57375499743,0.819012541171,0.00209934041126,0.0,0.818971656981,-0.573696146332,-0.0117857391416,0.0,-0.00844844731892,0.00848159032295,-0.999928340614,0.0,0.661681430648,0.260918029931,0.303351167658,1.0,-0.00088,-0.00115657142857,0.045
0.465083276163,0.547503428365,-0.123945605579,-1.35589863202,0.0794458885267,1.8941127464,0.159157328198,-0.000922499078907,-0.0085600229663,0.000105844416917,-0.0087394246846,0.000102036232742,-0.000161435726348,-0.00165602410691,0.573755213449,0.819012322922,0.00212528675672,0.0,0.818971684146,-0.573696168587,-0.0117827677854,0.0,-0.00843112547015,0.00850113779339,-0.999928320821,0.0,0.661662511788,0.260909614655,0.30337944461,1.0,-0.00124,-0.00162971428571,0.063
0.465080868008,0.547377100147,-0.123948153426,-1.3560660926,0.0794418664338,1.89415675225,0.1591597013,-0.00153109174393,-0.00341101999794,-0.00144705355769,-0.0115814339854,-0.000387917906047,0.00260048828017,-0.000783261237953,0.573769288284,0.819002451668,0.00212952689187,0.0,0.818961768335,-0.573710124627,-0.0117924470247,0.0,-0.00843647431411,0.00851030889537,-0.999928197694,0.0,0.661636737468,0.260895248602,0.303390719761,1.0,-0.00154,-0.002024,0.078
0.465065259624,0.547222215911,-0.123945605583,-1.35628364348,0.0794381537579,1.89425683755,0.159157952921,0.00112715289558,-0.0116064187624,0.000523706088047,-0.0139202149141,2.2383645226e-05,0.0115609290604,-0.00352979014399,0.573789934874,0.818987885189,0.00216828337517,0.0,0.818947671957,-0.573730583952,-0.0117760152692,0.0,-0.00840056509114,0.00853283394009,-0.999928308056,0.0,0.661615540892,0.260864224657,0.303407888902,1.0,-0.0019,-0.00249714285714,0.096
0.465044583304,0.547030117171,-0.123943126234,-1.35649004191,0.0794364392651,1.89436314738,0.159143948265,0.000207249304681,-0.0137012412784,-0.00207180052492,-0.011558755884,0.000106476600783,0.00696940160999,0.00111778288503,0.573804850762,0.818977205029,0.00225339434249,0.0,0.818938033092,-0.573745106738,-0.0117387116297,0.0,-0.00832102346907,0.00858128522176,-0.999928558504,0.0,0.661599410365,0.260836958672,0.303454864362,1.0,-0.00224,-0.002944,0.113
0.465019054949,0.546838008388,-0.123940594286,-1.35673308848,0.0794284457586,1.89449058948,0.159129051279,0.000255830779542,-0.0091872799545,0.00197521472736,-0.0148238700299,-0.00035627866952,0.00518249959977,0.00182122533939,0.573823449729,0.818963981908,0.00232202051847,0.0,0.818925681899,-0.573763427047,-0.0117048798003,0.0,-0.00825374342884,0.00861826267043,-0.999928798099,0.0,0.661580685886,0.260802578278,0.303486218146,1.0,-0.00256,-0.00336457142857,0.129
0.464983458392,0.546601959332,-0.123945614459,-1.35707613119,0.0794205402232,1.89462389574,0.159093140297,-0.000109484132985,-0.0138042015293,-0.000635399415299,-0.0246436639543,0.000131026639701,0.00430394342604,-0.00603686815457,0.573843809575,0.818949635676,0.0023501785088,0.0,0.818911622725,-0.573783598415,-0.0116997118421,0.0,-0.00823313938232,0.00863856202981,-0.999928792796,0.0,0.661545691187,0.260746277562,0.303501841906,1.0,-0.0029,-0.00381142857143,0.146
0.464949135113,0.546332875747,-0.123949108699,-1.3574810995,0.0794072856136,1.89477243329,0.158968895563,0.000927178077133,-0.0188899829643,-0.00142052966502,-0.0251493513732,0.000186155353267,0.0089277268907,-0.006692632171,0.573791722652,0.818986081774,0.00236723018382,0.0,0.818948199823,-0.573731360353,-0.0117012416092,0.0,-0.00822515818352,0.00865288107247,-0.999928734672,0.0,0.661499991178,0.260684951809,0.303512632259,1.0,-0.00324,-0.00425828571429,0.163
0.464906241863,0.54605482568,-0.12394299212,-1.35793052369,0.0793907192419,1.89493289269,0.158937844504,-0.00845271521625,-0.0170870677564,0.00102358636864,-0.0303225279836,-0.00169148655664,0.0109745483969,-0.000214619134865,0.57381786164,0.818967775197,0.00236468892318,0.0,0.818929729648,-0.573757368132,-0.0117186737648,0.0,-0.00824061714584,0.00866106513389,-0.999928536536,0.0,0.661446884777,0.260618633583,0.303509306155,1.0,-0.00356,-0.00467885714286,0.179
0.464846208708,0.545726097858,-0.123948791702,-1.35848148177,0.0793414067139,1.89511648902,0.158894050071,-0.00474972186707,-0.0225882343589,-0.000782846994495,-0.031620952989,-0.00231012554537,0.0131310591658,-0.000503906029032,0.573852833639,0.818943395452,0.00232104981534,0.0,0.818904921974,-0.573792643025,-0.0117251216857,0.0,-0.00827056889128,0.00862937956431,-0.999928563198,0.0,0.661385413433,0.260518959447,0.30349585588,1.0,-0.00392,-0.005152,0.197
0.46478375219,0.545379739419,-0.123946293304,-1.35909075355,0.079236568428,1.89531580843,0.15879634006,-0.00169037605727,-0.0245063667276,0.00130752824248,-0.0397083461551,-0.00362389899663,0.00899833411973,-0.0068232576345,0.573828307495,0.818960834763,0.00222969585059,0.0,0.818921717859,-0.5737690233,-0.011707895692,0.0,-0.00830913759545,0.00854443283235,-0.999928972928,0.0,0.661315924717,0.260407875501,0.303468096499,1.0,-0.00426,-0.00559885714286,0.214
0.46472690327,0.545003363286,-0.123951970415,-1.35974006246,0.0792325219165,1.89552261872,0.158694699597,-0.00108836414076,-0.0212396175807,-0.000829336677354,-0.0450444013074,0.000179974553064,0.0158912032545,-0.00527217820587,0.573830613876,0.818959321691,0.0021915509072,0.0,0.818919374476,-0.573771131234,-0.0117683461325,0.0,-0.00838050947368,0.00854790535724,-0.99992834762,0.0,0.661234220648,0.260308243128,0.303443610191,1.0,-0.00458,-0.00601942857143,0.23
0.464656039382,0.544584858646,-0.123954773422,-1.36044839016,0.0792157942229,1.89577849045,0.158654110136,-0.00228350096375,-0.0222279183331,-0.00121891029894,-0.042721842112,-0.00029138974867,0.0249769863973,-0.00273701497822,0.573892456585,0.818916031182,0.00217463741554,0.0,0.818875635583,-0.573832799176,-0.0118050387234,0.0,-0.0084196192877,0.00855574499345,-0.999927952024,0.0,0.661153468449,0.260195840584,0.303424963159,1.0,-0.00492,-0.00646628571429,0.247
0.464587125033,0.544118086345,-0.123954957265,-1.36120384854,0.0791828664033,1.89603334221,0.158531823073,-0.000871129375035,-0.0331336499288,0.00311942342413,-0.0482030600227,-0.00207747571431,0.0217089320377,-0.00725435196907,0.573882092794,0.818923350472,0.00215325876322,0.0,0.818882521838,-0.573822363445,-0.0118345908071,0.0,-0.00845619753059,0.00855509041792,-0.999927648958,0.0,0.661062649361,0.260078597251,0.303417793924,1.0,-0.00526,-0.00691314285714,0.264
0.464520343306,0.543648578891,-0.123960854769,-1.36197453029,0.0791453507767,1.89631260094,0.158447199763,-0.00185695671156,-0.0290926843638,-0.00132234042027,-0.0534978189791,-0.00544061264519,0.0203865186969,-0.000603700459678,0.573904556881,0.818907649908,0.00213715093128,0.0,0.818866545378,-0.573844821628,-0.0118510949998,0.0,-0.00847872260187,0.00855160346934,-0.999927488042,0.0,0.660974179773,0.259958602962,0.303407567665,1.0,-0.00558,-0.00733371428571,0.28
0.464445461761,0.543125374709,-0.123961921381,-1.36282094554,0.079083924699,1.89661126029,0.158342436961,-0.00601114769793,-0.0308478388103,-0.000413814230633,-0.0532603867536,-0.00925092623045,0.023863936711,-0.00205159485471,0.573911506467,0.818902850099,0.00210991614529,0.0,0.818861460916,-0.573851949225,-0.0118572804084,0.0,-0.00849934486688,0.00853292296412,-0.999927472551,0.0,0.660875778951,0.25982522327,0.303400712613,1.0,-0.00592,-0.00778057142857,0.297
0.464378269729,0.542594667358,-0.123959764563,-1.36367028001,0.0790391743625,1.89690719531,0.158225431339,-0.00354089951482,-0.035905135517,0.00115135741308,-0.0547585612769,-0.00138765445562,0.0151286870512,-0.00779899368536,0.573904397403,0.818907871031,0.00209482853753,0.0,0.818866181197,-0.573844797137,-0.011877415237,0.0,-0.00852456649227,0.00853204934749,-0.999927265305,0.0,0.660772565259,0.259701065997,0.303397402061,1.0,-0.00624,-0.00820114285714,0.313
0.464308015363,0.542003666823,-0.123966999657,-1.36459535152,0.0789879310174,1.89724744235,0.158104413114,-0.000626955443917,-0.0322539193242,-0.00141885578749,-0.0541268319681,-0.00635025828891,0.018093884967,-0.00243221065629,0.573905606152,0.818907009338,0.00210052007544,0.0,0.818865376558,-0.573845965722,-0.0118764304826,0.0,-0.00852048124254,0.00853615754504,-0.999927265062,0.0,0.660665502809,0.259563208389,0.303404761903,1.0,-0.00658,-0.008648,0.33
0.464222471699,0.54133058279,-0.123967979566,-1.36560623931,0.0789255965839,1.89761923645,0.157962217925,-0.00378482770754,-0.0336386138774,-0.00061221773699,-0.054417611946,-0.00168321349206,0.0144582780228,-0.0117721683075,0.573899293444,0.818911359723,0.00212903787367,0.0,0.818870103944,-0.573839545171,-0.0118606983907,0.0,-0.00849129800509,0.00855041651307,-0.999927391482,0.0,0.660550098205,0.259410123646,0.303431740033,1.0,-0.00694,-0.00912114285714,0.348
0.464143610495,0.540649125787,-0.123967635216,-1.36664221419,0.0788734839121,1.89800160786,0.15782959151,-0.00538928773401,-0.0425502193661,0.000565739299897,-0.0648309484394,-0.0068920123778,0.0203251435431,-0.00307149383555,0.573898492916,0.818911843059,0.00215870975425,0.0,0.818870868929,-0.573838520948,-0.0118574364074,0.0,-0.00847160739453,0.00857283446993,-0.999927366551,0.0,0.660428444764,0.259261729749,0.303453489968,1.0,-0.00728,-0.009568,0.365
0.464056865855,0.539974955687,-0.123968325617,-1.36766620518,0.0788078114325,1.89838719479,0.157706782705,-0.0044432776833,-0.0408282765654,-0.00098935409175,-0.0660027230733,-0.00140376626102,0.0231178376054,-0.00808919823495,0.573908593151,0.818904690704,0.00218658449647,0.0,0.818864119493,-0.573848550398,-0.011838155051,0.0,-0.00843971484761,0.00858469978132,-0.999927534446,0.0,0.660312861133,0.259106890874,0.303475978226,1.0,-0.0076,-0.00998857142857,0.381
0.463956494872,0.539236522087,-0.123974906219,-1.36881894893,0.0787340263096,1.89883100218,0.157569984607,-0.00367124364721,-0.0405236263254,5.31942673991e-05,-0.0683975703698,-0.00152492557933,0.0294189729184,-0.00519411745366,0.573927506478,0.81889138213,0.0022064637377,0.0,0.818851152808,-0.573867468341,-0.0118180042903,0.0,-0.00841160605767,0.00858960848572,-0.999927729143,0.0,0.66018595188,0.2589278453,0.303487727537,1.0,-0.00794,-0.0104354285714,0.398
0.463847481346,0.538482845463,-0.123977125694,-1.36998409427,0.0786736855272,1.89927552319,0.157412519984,-0.0043992062882,-0.0478388452337,-0.00128303238108,-0.0741012336161,-0.00841277030083,0.0277996488905,-0.0057033627636,0.573937673944,0.818884168097,0.00223887648867,0.0,0.818844290012,-0.573877436525,-0.0118094649564,0.0,-0.0083859046411,0.00861135387161,-0.999927757984,0.0,0.660056971553,0.258746584433,0.303504161018,1.0,-0.00828,-0.0108822857143,0.415
0.463737106904,0.537751992743,-0.123977568422,-1.37114240035,0.0786032203496,1.89972866657,0.157271223621,-0.00865467914439,-0.0454871785436,-0.00576672945078,-0.0706434353825,-0.0072801878024,0.0226422401439,-0.0061238470517,0.573957865895,0.818869961814,0.00225847680517,0.0,0.818830367219,-0.573897579738,-0.0117959566131,0.0,-0.00836338118999,0.00861985743458,-0.999927873355,0.0,0.659930962835,0.258564930042,0.303508282727,1.0,-0.0086,-0.0113028571429,0.431
0.463641366784,0.536997260662,-0.123988867182,-1.37233422317,0.0785354029347,1.9001770051,0.157126594076,-0.008602866075,-0.0421690712532,0.000669923256194,-0.0764329772746,-0.00239695547651,0.023809295337,-0.011970906161,0.57397332032,0.818859107184,0.00226650472638,0.0,0.818819632426,-0.573913017356,-0.0117900366822,0.0,-0.00835376318072,0.00862319109129,-0.999927925011,0.0,0.659795166764,0.258383083967,0.303513133448,1.0,-0.00892,-0.0117234285714,0.447
0.463504450113,0.536050397039,-0.123992884804,-1.37382036406,0.0784479102417,1.90073158185,0.15695228094,-0.00968877651201,-0.0522784115469,-0.000319318082863,-0.0799357863626,-0.00469552426609,0.0314228252177,-0.00996357832242,0.57400528542,0.818836649419,0.00228490227898,0.0,0.818797375684,-0.57394486862,-0.0117852559997,0.0,-0.00833895214767,0.00863583749019,-0.999927939498,0.0,0.659637338652,0.258163106072,0.303522595181,1.0,-0.00928,-0.0121965714286,0.465
0.463388079197,0.535207256189,-0.124000994828,-1.37514959818,0.0783677810764,1.90121376875,0.15679098735,-0.0121612517499,-0.055968349094,-0.00197405479392,-0.0825128927737,-0.00657994811499,0.0367871825127,-0.0085610603581,0.574024199033,0.818823423353,0.0022731465554,0.0,0.818784036342,-0.573963865747,-0.0117868379673,0.0,-0.0083467957322,0.00862731243762,-0.999927947645,0.0,0.659473209566,0.257941512577,0.303526694388,1.0,-0.00962,-0.0126434285714,0.482
0.463269607631,0.534311105693,-0.124004534277,-1.37659153912,0.0783018324154,1.90173948693,0.1566105649,-0.00768005867479,-0.0580919436667,-0.00114057090877,-0.0868177799448,-0.00371085196433,0.0298009642955,-0.011110084195,0.574037352115,0.81881422245,0.00226591963945,0.0,0.818774541629,-0.573976838652,-0.0118146338235,0.0,-0.00837356603349,0.00863748472873,-0.999927636006,0.0,0.659301561185,0.257726937486,0.303518309568,1.0,-0.00996,-0.0130902857143,0.499
0.463142384961,0.533393028344,-0.12401088872,-1.37806651567,0.0782047756803,1.90228131257,0.156430124779,-0.0063387861531,-0.0498633227274,-0.00177103234197,-0.0884561659164,-0.00867070164318,0.0370357791916,-0.00820854423805,0.5740529112,0.818803369239,0.00224601106351,0.0,0.818763504554,-0.573992550218,-0.011816209478,0.0,-0.00838611997284,0.0086222473448,-0.999927662305,0.0,0.659130269941,0.257497421581,0.303510919354,1.0,-0.0103,-0.0135371428571,0.516
0.463014174565,0.532453504807,-0.124008055208,-1.37958810793,0.0781234800797,1.90285502341,0.156232245245,-0.0117720130234,-0.0557372833325,-0.00897663713159,-0.0887933006415,-0.00507595369646,0.0285012218665,-0.0127444542686,0.574055312342,0.818801692453,0.00224359307586,0.0,0.818761679548,-0.573994840462,-0.0118314042805,0.0,-0.00839992472393,0.00862901464998,-0.999927488056,0.0,0.658951949441,0.257272058797,0.30349877919,1.0,-0.01064,-0.013984,0.533
0.462881994473,0.531483578677,-0.124003131514,-1.3811589551,0.0780336082975,1.90342787021,0.156028985237,-0.0085106852791,-0.0545160504719,-0.000813227842055,-0.0876580129156,-0.0088764429224,0.036460441656,-0.0106057015375,0.574055155875,0.818801859432,0.00222259004181,0.0,0.818761467223,-0.573994657684,-0.0118549417077,0.0,-0.00843125583127,0.00862532755783,-0.999927256179,0.0,0.658763376609,0.257038438178,0.30348426911,1.0,-0.01098,-0.0144308571429,0.55
0.462734695798,0.530405230176,-0.124002756727,-1.3828951449,0.0779180345847,1.90404049211,0.155806210267,-0.0087008183268,-0.0608416113285,0.000340493014791,-0.0978435898672,-0.00654468246565,0.0344237594814,-0.0154087168553,0.574056298619,0.81880117762,0.00217817469732,0.0,0.818760229717,-0.573995999276,-0.0118754347705,0.0,-0.00847351955434,0.0086007365352,-0.999927110742,0.0,0.658552882714,0.256772607162,0.303470798013,1.0,-0.01134,-0.014904,0.568
0.46261965619,0.529551455148,-0.12400393256,-1.38425883309,0.0778412204028,1.90454390794,0.155621945199,-0.00936820757114,-0.0585011931218,0.000182632787031,-0.0966840827102,-0.00519780019916,0.0350600704551,-0.0154705944071,0.574053882736,0.818802880547,0.00217472403452,0.0,0.81876181934,-0.573993528111,-0.0118852756989,0.0,-0.00848358379238,0.0086035353141,-0.999927001329,0.0,0.658391200892,0.256567245626,0.303466818178,1.0,-0.01162,-0.015272,0.582
0.462476209347,0.528459444243,-0.124009111832,-1.38594599619,0.077734155277,1.90517155059,0.155403612661,-0.0117971241714,-0.0644458376777,-0.000440963366958,-0.104150398523,-0.005844330331,0.0352775107108,-0.0153907171706,0.57405369405,0.818802926976,0.00220681306541,0.0,0.818762318237,-0.573993246955,-0.0118644673481,0.0,-0.00844812744739,0.00861786261099,-0.999927178142,0.0,0.658184479231,0.256292819187,0.303492033936,1.0,-0.01198,-0.0157451428571,0.6
0.462322607121,0.52727810954,-0.124007009563,-1.38777263252,0.0776122757573,1.90587387777,0.155140314017,-0.00871657814508,-0.0646624319839,0.000736692683619,-0.102254718997,-0.0167943232944,0.035775551548,-0.012492594448,0.57403359426,0.818816928418,0.00223993255676,0.0,0.818776870606,-0.57397314216,-0.0118327993847,0.0,-0.00840339711038,0.00862659541885,-0.999927479755,0.0,0.657983479002,0.256035933747,0.303510242511,1.0,-0.01232,-0.016192,0.617
0.462182780712,0.526186015843,-0.124012367393,-1.38947200561,0.0775057091617,1.90652127441,0.154915686969,-0.00854078658501,-0.0666437351924,-0.000333673577107,-0.107434999405,-0.0075183429224,0.0427485763789,-0.00937286830802,0.57403103097,0.818818643461,0.00226969261471,0.0,0.818779033013,-0.573970525701,-0.0118100645731,0.0,-0.00836772549434,0.00863788657313,-0.999927681428,0.0,0.657785834683,0.25578014685,0.303526148876,1.0,-0.01264,-0.0166125714286,0.633
0.462028468856,0.525006321524,-0.124018338163,-1.39130572873,0.0773974687568,1.90717210512,0.154666552406,-0.011338029853,-0.0647171204116,-0.000491197201255,-0.108912422598,-0.00594656340232,0.0370571532655,-0.0191226172777,0.574026979827,0.818821487752,0.00226815489553,0.0,0.818781795353,-0.573966417072,-0.0118182304958,0.0,-0.00837533758965,0.00864127346723,-0.999927588435,0.0,0.657563042138,0.255499696882,0.303539765528,1.0,-0.01298,-0.0170594285714,0.65
0.461875076801,0.52383126038,-0.124024023861,-1.39319689644,0.0772726185588,1.90785686167,0.154403601932,-0.00730478087043,-0.0699632494369,-0.0030787891877,-0.11140826214,-0.0142815214074,0.049637027623,-0.0169310752308,0.574009122136,0.81883410065,0.0022338795498,0.0,0.818794022954,-0.573948757107,-0.0118287400902,0.0,-0.00840380516178,0.00861905788212,-0.999927541325,0.0,0.6573334116,0.255212801251,0.303525412876,1.0,-0.01332,-0.0175062857143,0.667
0.461722756455,0.522688352533,-0.124025476214,-1.39501339467,0.077163585631,1.90853997865,0.154158456322,-0.00741333773568,-0.0767525107385,0.00119268986553,-0.113439701309,-0.00489073179158,0.0396407508276,-0.0147248808944,0.574002185645,0.818838943933,0.00224090944256,0.0,0.818798938873,-0.573941774764,-0.0118272474238,0.0,-0.00839862094705,0.00862388618162,-0.999927543252,0.0,0.657117480013,0.254939966873,0.303523431198,1.0,-0.01364,-0.0179268571429,0.683
0.461563686538,0.521471709054,-0.124034694458,-1.39697377395,0.0770466781016,1.90930787737,0.153884974746,-0.00817063720808,-0.0727756467464,-0.000159766373631,-0.121533032422,-0.00475532030468,0.0418040714184,-0.0167765091129,0.57398041444,0.818854145648,0.00226249766599,0.0,0.818814425776,-0.57391992694,-0.0118152657098,0.0,-0.00837664808969,0.00863446307621,-0.999927636289,0.0,0.656873757667,0.254631116868,0.303516519658,1.0,-0.014,-0.0184,0.701
0.461389689394,0.520111599444,-0.124042481164,-1.39912852055,0.0769086187907,1.91010059844,0.153595280237,-0.011570094603,-0.0787862782862,-0.00346890315496,-0.123695723287,-0.00591197638179,0.0438545599125,-0.016898763163,0.573977011275,0.818856568137,0.00224905494525,0.0,0.818816773289,-0.573916679052,-0.0118103424266,0.0,-0.00838036767081,0.00862059493452,-0.999927724778,0.0,0.656628971946,0.254321345898,0.303510718804,1.0,-0.01434,-0.0188468571429,0.718
0.46123912334,0.518941696639,-0.124045975646,-1.40094854433,0.0767910471287,1.91074795941,0.153355566985,-0.0093643065285,-0.0853640846445,0.000405135973603,-0.124737100068,-0.00336559456727,0.0447520419631,-0.0227713710623,0.573960706868,0.818867990376,0.00225126874482,0.0,0.818828222954,-0.573900366704,-0.0118092036995,0.0,-0.00837833625209,0.00862158728089,-0.999927733246,0.0,0.6563878701,0.254029132587,0.303529537735,1.0,-0.01466,-0.0192674285714,0.734
0.461055929882,0.517502269015,-0.124041479635,-1.40318678731,0.076649797804,1.91154952854,0.153058281241,-0.0101214232276,-0.0797310222133,0.000142681916824,-0.120337695302,-0.0123966474777,0.0488838587916,-0.0172230377599,0.573954964784,0.818872033963,0.00224439196678,0.0,0.81883214133,-0.573894615194,-0.0118170164663,0.0,-0.00838874135428,0.00862038151897,-0.999927656404,0.0,0.656125833487,0.253712026125,0.303536067761,1.0,-0.015,-0.0197142857143,0.751
0.460862762451,0.516136136962,-0.124047475083,-1.40532972817,0.0765085517638,1.91235165869,0.152749041015,-0.0148340183609,-0.088158853745,-0.000472460017894,-0.127781862883,-0.0112457138293,0.0489400502378,-0.0174797208619,0.573939302046,0.818882974967,0.00225782592968,0.0,0.818843355662,-0.573879003957,-0.0117980764195,0.0,-0.00836568608701,0.00862035147492,-0.999927849816,0.0,0.655872119069,0.25337704484,0.303544052511,1.0,-0.01534,-0.0201611428571,0.768
0.460693382532,0.514848770822,-0.124050656268,-1.40738506036,0.0763896970344,1.91312846219,0.152470387756,-0.00722966333853,-0.0792995549494,-0.000212798222559,-0.127011958822,-0.00677963268882,0.0430900963431,-0.0156780689412,0.573928552565,0.818890485715,0.00226624283555,0.0,0.818850919003,-0.573868164789,-0.0118003725169,0.0,-0.0083628491757,0.00862845187134,-0.99992780368,0.0,0.655623405741,0.253070588759,0.303535875765,1.0,-0.01566,-0.0205817142857,0.784
0.460504195722,0.513436549049,-0.124056437219,-1.40965179086,0.0762601618447,1.91391554351,0.152158687698,-0.00691807415046,-0.0829265293106,-0.00111510056838,-0.132700184748,-0.0105897685404,0.0473228807417,-0.0299088307619,0.573916312085,0.818899209515,0.00221320571149,0.0,0.818858784436,-0.573855959423,-0.0118480330861,0.0,-0.00843244599225,0.0086122482053,-0.999927358879,0.0,0.655335176233,0.252725284452,0.303515167352,1.0,-0.016,-0.0210285714286,0.801
0.460304999814,0.512012823211,-0.124059890063,-1.41193956311,0.0761186212624,1.91472900206,0.15183792229,-0.00654397815497,-0.0822022717028,0.000434572242417,-0.137718797192,-0.00945771433592,0.0497465337682,-0.0237325439076,0.573895150467,0.818914182944,0.00215966294186,0.0,0.818872955851,-0.573834906665,-0.0118881861608,0.0,-0.00849627785353,0.0085912273701,-0.999926999373,0.0,0.655030994657,0.252352966475,0.3034875969,1.0,-0.01636,-0.0215017142857,0.819
0.460121604487,0.510657668794,-0.124063431601,-1.41410439416,0.0759833171439,1.91555810793,0.151540131699,-0.00868868799775,-0.0912410110047,-0.000158994571225,-0.133067942279,-0.0125986443218,0.0507383950423,-0.0185511141528,0.573886297716,0.818920333137,0.00217994724503,0.0,0.818879454267,-0.573826059155,-0.0118676078167,0.0,-0.00846787784293,0.00859593702147,-0.999927199806,0.0,0.65478882218,0.252045477974,0.303484751854,1.0,-0.01666,-0.021896,0.834
0.459920040391,0.509184128949,-0.124066950482,-1.41647274265,0.0758371673134,1.91644134302,0.151204642598,-0.0104002858777,-0.0876126200146,-0.00339600190748,-0.136252706091,-0.0094199937833,0.0626139732855,-0.0154211528709,0.573866616763,0.818934169214,0.00216322909935,0.0,0.818893093592,-0.573806468494,-0.0118737055405,0.0,-0.00848267164994,0.00858554189455,-0.999927163723,0.0,0.654480171148,0.251664429905,0.303466880707,1.0,-0.01702,-0.0223691428571,0.852
0.459691849686,0.50756905329,-0.124076138646,-1.41899980004,0.0756710034078,1.91732798331,0.15085343115,-0.0149192580037,-0.0891112590496,-1.126278417e-05,-0.139865487008,-0.00847706105529,0.0520452164105,-0.0250946222679,0.573854700013,0.818942584723,0.00213848135506,0.0,0.818901182613,-0.57379464817,-0.0118870411346,0.0,-0.00850791883854,0.00857280438804,-0.999927058511,0.0,0.654181686166,0.25128626905,0.303469611509,1.0,-0.01736,-0.022816,0.869
0.459490498655,0.506108227064,-0.12408972383,-1.42128913939,0.0755244341634,1.91817215854,0.150534414017,-0.0125349843439,-0.0919945052531,-0.00121476552024,-0.13619434027,-0.000998822395385,0.0510411734277,-0.020006101088,0.573846770163,0.818948124743,0.00214482028768,0.0,0.818906877838,-0.573786767122,-0.0118751087059,0.0,-0.00849459205408,0.00857106588107,-0.999927186717,0.0,0.653901909831,0.250927862259,0.303474922639,1.0,-0.01768,-0.0232365714286,0.885
0.459263273636,0.504475768929,-0.124095412629,-1.42375503444,0.0753683910263,1.91913556563,0.150198662203,-0.0113724007846,-0.0973602448626,-0.000277098596682,-0.143403154556,-0.00927811953519,0.0561468736824,-0.0251247516949,0.573847087464,0.81894762009,0.00225003523835,0.0,0.818907850034,-0.573786779993,-0.0118072502375,0.0,-0.00837864032233,0.00861829360815,-0.999927759091,0.0,0.653612404379,0.250545021663,0.303525623163,1.0,-0.01802,-0.0236834285714,0.902
0.459020808519,0.502721040082,-0.124098585857,-1.42636951037,0.0752009721396,1.9201248719,0.149840591333,-0.0126747988484,-0.0979537000414,0.000772117321099,-0.145985071775,-0.00752745228688,0.0579810034701,-0.015758216249,0.573843607258,0.818949759756,0.00235633328188,0.0,0.818911444872,-0.573782972743,-0.0117427658172,0.0,-0.00826487045397,0.00866830627993,-0.999928273619,0.0,0.65329833524,0.250137740816,0.303592473223,1.0,-0.01838,-0.0241565714286,0.92
0.458830778171,0.501307573509,-0.124107174452,-1.42846406243,0.0750631871308,1.92087826766,0.149535760267,-0.0112812283546,-0.105742068075,-0.000949512908706,-0.151230415968,-0.0039619975209,0.057317190257,-0.0216580757471,0.573825297479,0.818962422616,0.00241354852413,0.0,0.818924910543,-0.573764516937,-0.0117054217192,0.0,-0.00820164993304,0.00869354948713,-0.999928575017,0.0,0.653038721658,0.249807673167,0.303647645362,1.0,-0.01866,-0.0245245714286,0.934
0.458561811308,0.499413400974,-0.124107381291,-1.43137160701,0.0748851049616,1.92191521277,0.149130422453,-0.0183460800212,-0.0991325554068,-6.70795094935e-05,-0.154405822531,-0.00628326920654,0.0562242432422,-0.0166840421185,0.573813615092,0.818970541177,0.00243612840373,0.0,0.81893321489,-0.57375263955,-0.0117066246656,0.0,-0.00818980331494,0.0087126148303,-0.999928506177,0.0,0.652671453527,0.249353714028,0.303675095896,1.0,-0.01904,-0.025024,0.953
0.458312449765,0.497729624384,-0.124105398179,-1.43402489243,0.074720820495,1.9228979037,0.148744107068,-0.0183369349701,-0.100967233983,0.000709475065997,-0.158683809301,-0.00264336685515,0.0605438955037,-0.023519437038,0.573790437341,0.818986749093,0.00244657452236,0.0,0.818949506535,-0.573729371362,-0.0117073090079,0.0,-0.00818461686156,0.00872133086617,-0.999928472659,0.0,0.652341712487,0.248939845603,0.303671409604,1.0,-0.01938,-0.0254708571429,0.97
0.458058208541,0.496154855106,-0.124110767792,-1.43654739001,0.0745680906303,1.9237880687,0.148366139511,-0.0115533871326,-0.103503650119,-0.00208628429441,-0.160358482365,-0.00963297628536,0.056183179209,-0.0164367699109,0.57377920558,0.818994759623,0.00239871976038,0.0,0.818956778002,-0.573718192459,-0.0117464167944,0.0,-0.00824422336064,0.0087044650909,-0.999928129952,0.0,0.652023288961,0.248528350786,0.30364563592,1.0,-0.0197,-0.0258914285714,0.986
0.457786253465,0.494473739989,-0.124105401447,-1.43928414347,0.0743945009303,1.92473054669,0.147974374749,-0.0132766716207,-0.103001627833,0.000680366969302,-0.156190269582,-0.0125030027872,0.0491329885747,-0.0259926720516,0.573767876962,0.819002973382,0.00230214246062,0.0,0.818963583763,-0.573707071231,-0.0118148970168,0.0,-0.00835584125417,0.0086645460371,-0.999927550155,0.0,0.651668096027,0.248088001413,0.303595620822,1.0,-0.0202371428571,-0.0265973877551,1.003
0.457502028463,0.492695174702,-0.124122657698,-1.44215872498,0.0742080686151,1.92580059754,0.14757792078,-0.0145065839837,-0.108725076758,-0.000277481340492,-0.179786698202,-0.0100783931842,0.0643910629655,-0.0278175269728,0.573782346985,0.818992929156,0.0022687401047,0.0,0.818953202913,-0.573721769729,-0.0118207140012,0.0,-0.0083796169302,0.00864067535773,-0.999927557751,0.0,0.651314974185,0.247617944293,0.303558937825,1.0,-0.0224228571429,-0.0294700408163,1.02
0.457217089589,0.49080868721,-0.124130981975,-1.44513159568,0.0740334977398,1.92685980038,0.147154132959,-0.0220163263258,-0.122021853415,-0.00115765327289,-0.19310190535,-0.00438278962593,0.0675872290382,-0.0230711186241,0.573776026755,0.818997408862,0.00224995562876,0.0,0.818957271658,-0.573715352158,-0.0118502657276,0.0,-0.00841466484773,0.00864218229705,-0.999927250404,0.0,0.650934663375,0.247143804603,0.303548517102,1.0,-0.02448,-0.0321737142857,1.036
0.456851797528,0.488564911487,-0.12414135077,-1.44879210585,0.07381357325,1.92815662282,0.146625761157,-0.0211704996806,-0.133202897106,-0.000300461259371,-0.208868731557,-0.0129661485618,0.0710445886114,-0.0347116757796,0.573772588572,0.819000088413,0.00214911211376,0.0,0.818958441803,-0.57371211797,-0.0119257367117,0.0,-0.00853437207183,0.00860285996335,-0.999926574951,0.0,0.650464539905,0.246548467511,0.303479164192,1.0,-0.0267942857143,-0.0352153469388,1.054
0.456496802084,0.486295846775,-0.124163155608,-1.45226409313,0.0735930767914,1.92950482606,0.146124756633,-0.0221815435914,-0.144549011642,-0.00129800769851,-0.218249240871,-0.0160159956068,0.0850963491835,-0.0285403177924,0.573781256863,0.818993709848,0.00226260980309,0.0,0.818953722367,-0.573720516651,-0.0118455179473,0.0,-0.00840346081619,0.00864987543342,-0.999927278106,0.0,0.650049254872,0.245979188372,0.303520398238,1.0,-0.0288514285714,-0.0379190204082,1.07
0.456079850344,0.483740201191,-0.124188358732,-1.45619384665,0.0733501568225,1.93090817418,0.145519576542,-0.025566459882,-0.152450448947,-0.00170270636711,-0.241810580605,-0.0161506733737,0.0838061670414,-0.0364209370301,0.5737727367,0.818999614361,0.00228586884645,0.0,0.818959881646,-0.573711857384,-0.0118390815331,0.0,-0.00838493458438,0.00866514392211,-0.999927301434,0.0,0.649555219159,0.245317856696,0.303546297881,1.0,-0.0310371428571,-0.0407916734694,1.087
0.455623556029,0.480969093593,-0.124228188284,-1.46048920724,0.0730851242538,1.93241185634,0.144882302794,-0.0308459004686,-0.169821104859,-0.000946744501421,-0.258833665489,-0.0134735235474,0.0991231002328,-0.0351378539697,0.573791351923,0.818986630477,0.00226505153771,0.0,0.81894656894,-0.573730491934,-0.0118569282406,0.0,-0.00841129851818,0.00865852577358,-0.99992713734,0.0,0.64900826613,0.24458564323,0.303555214902,1.0,-0.0332228571429,-0.0436643265306,1.104
0.455137639882,0.478033981088,-0.124252335704,-1.4650045061,0.072802939798,1.93407627611,0.144209819068,-0.0331115087233,-0.184147171683,-0.000600964783275,-0.272672170956,-0.0135648774906,0.102643270765,-0.0414787893022,0.573799136343,0.818980988673,0.00233200024644,0.0,0.818941816682,-0.573738034271,-0.0118201447326,0.0,-0.00834267720446,0.00869232871161,-0.999927418945,0.0,0.648444901047,0.243827943125,0.303584639726,1.0,-0.0354085714286,-0.0465369795918,1.121
0.454643179674,0.475117387098,-0.124277537329,-1.4694682504,0.0725376478178,1.93571911884,0.143584788303,-0.0280001600715,-0.182607809597,0.00132828052013,-0.288268785543,-0.0174008785085,0.106920315403,-0.0388957526374,0.573854482146,0.818941964673,0.00241634421452,0.0,0.81890379515,-0.573792953028,-0.0117884793506,0.0,-0.00826775833748,0.00874379350581,-0.999927592502,0.0,0.647887297188,0.243071628405,0.303621919123,1.0,-0.0374657142857,-0.0492406530612,1.137
0.454093058318,0.471843205779,-0.124297084909,-1.47451512509,0.072219050486,1.93747710683,0.142833775108,-0.0308367120231,-0.197295624449,-0.0025685399839,-0.298933448033,-0.0103418397931,0.106083289212,-0.0368009519138,0.573859066465,0.818938788464,0.00240405617542,0.0,0.818900301916,-0.573797417232,-0.0118138224446,0.0,-0.00829551593,0.0087483198796,-0.999927323016,0.0,0.647228800728,0.242218480842,0.303636600098,1.0,-0.0396514285714,-0.0521133061224,1.154
0.453522114805,0.468384984032,-0.124297806925,-1.47972851083,0.0718998723537,1.93945384365,0.141995889208,-0.0347730662718,-0.203646246494,0.000142029558124,-0.308157677375,-0.0134937690784,0.115606157976,-0.0525118543768,0.573802835943,0.818977597885,0.00259740788671,0.0,0.818941557206,-0.573740406163,-0.0117225900629,0.0,-0.0081104569462,0.00885375114426,-0.999927913191,0.0,0.646573912398,0.241360558185,0.303714755078,1.0,-0.0418371428571,-0.0549859591837,1.171
0.452952248739,0.46496825187,-0.124295447954,-1.48493000554,0.0715360504941,1.94130720709,0.141190235305,-0.0345275432884,-0.216505963692,0.000853585805566,-0.336533577936,-0.022101899606,0.106956880737,-0.0507925723717,0.573753128684,0.819012282039,0.00264123007203,0.0,0.818976912165,-0.57369066063,-0.0116871787619,0.0,-0.0080568490428,0.00886883258136,-0.999928212919,0.0,0.645892678872,0.240491769108,0.303756360986,1.0,-0.0438942857143,-0.0576896326531,1.187
0.452304478665,0.461211638482,-0.124304889258,-1.49079757762,0.0711516341755,1.94333061022,0.140325969424,-0.0379776186037,-0.22455653665,0.00119030306946,-0.351814544647,-0.028229562236,0.124716056168,-0.0467928236037,0.573751559081,0.819013629347,0.0025632591429,0.0,0.81897705295,-0.573689159399,-0.011750831034,0.0,-0.00815373377466,0.00884147827092,-0.999927669828,0.0,0.645104906661,0.239500809752,0.303727664059,1.0,-0.04608,-0.0605622857143,1.204
0.451572297388,0.457100347364,-0.124319774018,-1.49720503545,0.0707145222194,1.94559826224,0.139346022197,-0.0421852122514,-0.223126091292,-0.00238787715396,-0.363721630092,-0.0250445781691,0.132594619119,-0.0616492766604,0.573736026873,0.819024635477,0.00252286571248,0.0,0.818987564111,-0.573673809848,-0.0117676092894,0.0,-0.00819081762228,0.00881786681518,-0.999927575243,0.0,0.644257375293,0.238402289101,0.303703879126,1.0,-0.0483942857143,-0.0636039183673,1.222
0.450911653102,0.453538409063,-0.124342506422,-1.50278078552,0.0703378508351,1.94755652919,0.138456449022,-0.04579776943,-0.240201289456,0.00107693597963,-0.369730679808,-0.035825931667,0.129154385394,-0.061364388361,0.573717305775,0.81903793185,0.0024629547746,0.0,0.819000073893,-0.573655306094,-0.0117989683517,0.0,-0.00825107442038,0.00878660164536,-0.999927355063,0.0,0.643518000592,0.237425901097,0.303668223858,1.0,-0.0503228571429,-0.0661386122449,1.237
0.450096944628,0.448986061333,-0.124412313195,-1.50959667196,0.0698699978373,1.95009921296,0.137409136321,-0.0419617007881,-0.249724723258,-0.00742158358603,-0.387499089339,-0.0275451472966,0.140042395018,-0.0564759409439,0.573759142702,0.819007980011,0.00266865985576,0.0,0.818973304521,-0.573696952091,-0.0116310165403,0.0,-0.00799504726618,0.00885913382541,-0.999928794948,0.0,0.642652962185,0.236215200441,0.303769773206,1.0,-0.0526371428571,-0.069180244898,1.255
0.449272261222,0.444543194432,-0.124428759053,-1.51642994981,0.069416974117,1.95235411381,0.136395931636,-0.0492147405117,-0.258951170385,-0.000707565567665,-0.406164053646,-0.0270165623683,0.134487143526,-0.0635833808205,0.573798039693,0.818981091105,0.00255518266752,0.0,0.818944590611,-0.573735859537,-0.0117331961186,0.0,-0.00814342262144,0.00882520786835,-0.999927897588,0.0,0.641704359408,0.23501166914,0.303757110956,1.0,-0.0548228571429,-0.0720528979592,1.272
0.448477258873,0.440286152341,-0.124444080951,-1.52304736287,0.0689482767381,1.95463078004,0.135318954355,-0.0575143653136,-0.266868903997,-0.000188520943359,-0.413743026565,-0.0309310525262,0.145147761536,-0.0638304963318,0.573741843248,0.819020736884,0.00246510885705,0.0,0.818983075928,-0.573680012458,-0.0117775867875,0.0,-0.00823206262232,0.00877634575859,-0.999927601829,0.0,0.640795740814,0.233851112226,0.303717521954,1.0,-0.05688,-0.0747565714286,1.288
0.447569796256,0.435593902023,-0.124448309605,-1.53021641862,0.0684863501448,1.95719337523,0.134160552061,-0.0572200629986,-0.28501233458,-2.92464600976e-05,-0.419992584046,-0.0322587724743,0.154772000759,-0.0639866301832,0.57372739192,0.819030622321,0.00254290420125,0.0,0.818993721995,-0.573665005686,-0.0117682405306,0.0,-0.00817993170137,0.00883455461612,-0.999927517054,0.0,0.639829817618,0.23258749305,0.3037322887,1.0,-0.0590657142857,-0.0776292244898,1.305
0.446547132953,0.430458722133,-0.124486945366,-1.5379902721,0.0679198737888,1.96000173355,0.132902307083,-0.0572993036206,-0.285183341328,-9.48376275594e-05,-0.446401571357,-0.0322555696136,0.14745614655,-0.0686532916664,0.573741970921,0.819020073025,0.00264909170183,0.0,0.818985007413,-0.573679699575,-0.0116579084692,0.0,-0.00802848548732,0.00885836832003,-0.999928533812,0.0,0.638798647694,0.23116696825,0.303777582571,1.0,-0.06138,-0.0806708571429,1.323
0.445666465601,0.426043053574,-0.124545150723,-1.54484526937,0.0674184779625,1.96222055481,0.131790710838,-0.0601807316287,-0.294442622789,-0.00100993043149,-0.452765636846,-0.0393313871161,0.152054314282,-0.0819304816314,0.573747904833,0.819016580556,0.00243503072859,0.0,0.818978767604,-0.573686439584,-0.0117641044444,0.0,-0.00823821109745,0.00874403709217,-0.999927834243,0.0,0.637825808467,0.229897666936,0.303714586625,1.0,-0.0633085714286,-0.0832055510204,1.338
0.444550222995,0.420574512515,-0.124606930992,-1.55320290894,0.0668213383897,1.96501805492,0.130433360017,-0.0627463359751,-0.307156889457,-0.000940546806569,-0.469419827087,-0.0351115276629,0.163877298585,-0.0782212797664,0.573781425353,0.81899339557,0.00233255952871,0.0,0.818954292755,-0.573720387861,-0.0118122746318,0.0,-0.00833609844834,0.00868809068673,-0.999927510644,0.0,0.636656042295,0.228340136483,0.303696414578,1.0,-0.0656228571429,-0.0862471836735,1.356
0.443520751836,0.415521366148,-0.124632191302,-1.56063999542,0.066312084449,1.9677740316,0.129232549692,-0.0656443456211,-0.324131504364,-0.00459367116845,-0.468772848977,-0.0335497574716,0.174501756088,-0.0744313039048,0.573823350944,0.818963006023,0.00266525410692,0.0,0.818928433019,-0.573761326422,-0.0116150245836,0.0,-0.00798320941789,0.00884779504471,-0.999928989924,0.0,0.635603205324,0.226887523737,0.303833210153,1.0,-0.0678085714286,-0.0891198367347,1.373
0.442379214856,0.410109149873,-0.12465000349,-1.56887520669,0.0657427888182,1.97058791334,0.127816681771,-0.0658127466607,-0.324477426323,-0.00085753777219,-0.498349564832,-0.0396406070123,0.160945522837,-0.0804542850764,0.573795498564,0.818982659338,0.0026222952181,0.0,0.818947316041,-0.573733391196,-0.0116634590887,0.0,-0.00804782735896,0.00884013215346,-0.999928539716,0.0,0.634499171823,0.225450328844,0.303810194249,1.0,-0.0698657142857,-0.0918235102041,1.389
0.441184185082,0.404578093298,-0.12470973865,-1.57742581264,0.0651243601014,1.97336977048,0.126454577374,-0.0725798898965,-0.323592754286,-0.00347063322162,-0.508101201134,-0.0321382776297,0.168065595162,-0.0764795129792,0.573873713591,0.818928539769,0.00239885431446,0.0,0.818890149169,-0.573812254756,-0.0117968973241,0.0,-0.00828448339839,0.00873449560974,-0.999927535335,0.0,0.633258447152,0.223827556282,0.303720123829,1.0,-0.0720514285714,-0.0946961632653,1.406
