position_joint1,position_joint2,position_joint3,position_joint4,position_joint5,position_joint6,position_joint7,velocity_joint1,velocity_joint2,velocity_joint3,velocity_joint4,velocity_joint5,velocity_joint6,velocity_joint7,ee_T_00,ee_T_10,ee_T_20,ee_T_30,ee_T_01,ee_T_11,ee_T_21,ee_T_31,ee_T_02,ee_T_12,ee_T_22,ee_T_32,ee_T_03,ee_T_13,ee_T_23,ee_T_33,v_x,v_y,time
0.465078621306,0.547790332931,-0.124005602498,-1.35582991426,0.0795036924976,1.89411119624,0.15915654781,0.00138325368919,-0.00190386435574,-0.000113092502459,0.00175590915475,-0.000348095737122,8.44568924064e-05,-0.00102336705236,0.573812379918,0.818972719856,0.00194516992351,0.0,0.818929577845,-0.573753893046,-0.0118980521924,0.0,-0.00862829747021,0.00842036894741,-0.999927322294,0.0,0.661682096241,0.260885424363,0.303210866094,1.0,0.0,0.0,0.0
0.465078620434,0.547791032373,-0.124008314119,-1.35583770963,0.0795029990912,1.89411169607,0.1591557338,0.00120486347567,-0.00084614620358,-0.000297735312984,-0.00181805170608,3.53007748283e-06,0.000308803757736,-0.000545252249916,0.573813854947,0.818971704562,0.00193749806933,0.0,0.818928475136,-0.573755411848,-0.0119007095355,0.0,-0.00863486061889,0.00841562638155,-0.999927305565,0.0,0.661681050935,0.260882839746,0.303206792385,1.0,-2e-05,-2.62857142857e-05,0.002
0.465072789031,0.547794968587,-0.124006517589,-1.35582991422,0.0795050315165,1.89411247064,0.159160413142,0.00302378947683,0.00124773943625,0.000490234947539,0.000695716184757,-7.3604710366e-05,0.000658797889493,-0.00125464692514,0.573821332927,0.818966452992,0.00194258909475,0.0,0.818923272019,-0.573762850418,-0.0119001230055,0.0,-0.00863138225265,0.00841953796488,-0.999927302668,0.0,0.661683883702,0.260881277571,0.303207725649,1.0,-0.00032,-0.000420571428571,0.017
0.465072948903,0.547790253733,-0.124003891744,-1.35583838694,0.0795060765413,1.89411013531,0.159159701061,-0.000237548969432,0.00200584089064,0.000713442940806,-0.00146385421906,-0.000269815651116,0.000114272728249,-7.07554080586e-05,0.573819498973,0.818967746233,0.00193910570302,0.0,0.818924484726,-0.573760996839,-0.0119060373018,0.0,-0.0086382436274,0.00842005961016,-0.999927239025,0.0,0.661680895988,0.260881968715,0.303206745299,1.0,-0.00066,-0.000867428571429,0.034
0.465076898136,0.54774205081,-0.1240066351,-1.35588081366,0.0795041459967,1.89411798123,0.159162748429,0.00103432962133,-0.0026443664351,-0.000555745356791,-0.00231621411847,-0.00470349720784,0.000445321374302,0.00137994032529,0.573822451757,0.818965648644,0.0019511794929,0.0,0.818922543325,-0.573763898204,-0.0118997501276,0.0,-0.00862613630984,0.00842637090007,-0.99992729038,0.0,0.661673719909,0.260878814175,0.303221468368,1.0,-0.00102,-0.00134057142857,0.052
0.465074039649,0.547646736484,-0.123998840106,-1.35601050356,0.079504857911,1.89415015134,0.159155620839,0.000855664213825,-0.00639532450921,0.0010193100815,-0.009689392661,9.40970290267e-05,-0.00039918736688,-0.000550181490591,0.573820833807,0.818966768956,0.00195676685907,0.0,0.818923597166,-0.573762121248,-0.0119128975061,0.0,-0.00863371470135,0.0084384738018,-0.99992712291,0.0,0.661651838458,0.260869590965,0.303229800065,1.0,-0.00132,-0.00173485714286,0.067
0.465059819548,0.54749767128,-0.124004132555,-1.3562205402,0.0795006701699,1.89419627538,0.159155652704,-0.00316613631509,-0.0111051712024,-0.00022796804083,-0.012994349156,7.25893389269e-05,0.00145887210229,0.0012067546632,0.573846615958,0.818948722721,0.00194879679386,0.0,0.818905355728,-0.573787844165,-0.0119279147137,0.0,-0.00865032115392,0.00844083613785,-0.999926959447,0.0,0.661621977534,0.26083659545,0.30323959972,1.0,-0.00168,-0.002208,0.085
0.465043160415,0.547340090599,-0.124001427521,-1.35642312135,0.0794985244595,1.89429959473,0.159146735151,-0.0031563779881,-0.0176648660251,0.000883349312314,-0.0186170116986,1.72828585829e-05,0.00765887618221,0.000121964145496,0.573861995142,0.818937812893,0.00200400783649,0.0,0.818895099672,-0.573802928408,-0.0119063841923,0.0,-0.00860084825777,0.00847385673253,-0.999927106924,0.0,0.661604145676,0.260811841372,0.303263681257,1.0,-0.002,-0.00262857142857,0.101
0.46502162232,0.547169045787,-0.123998841199,-1.35663023979,0.0794951578367,1.89442251373,0.159134865972,-0.00106855115053,-0.00896317566492,0.000880313548019,-0.0168886169364,-0.000231129252734,0.000918878067803,-0.00103100889532,0.573879065655,0.818925654691,0.00208254472494,0.0,0.818883934001,-0.573819647089,-0.0118685362243,0.0,-0.00852460784374,0.00851663086774,-0.999927396394,0.0,0.661590902015,0.260784566834,0.303296839174,1.0,-0.00232,-0.00304914285714,0.117
0.464993568811,0.546925369428,-0.124001357429,-1.35693737139,0.0794926168771,1.89455285803,0.159111379877,0.00050741875459,-0.0147703973685,0.000140512815745,-0.0188681543265,-0.00081006970969,0.00878390434395,-0.0026193445517,0.573901116796,0.818910032331,0.00214801971802,0.0,0.818869059138,-0.57384132859,-0.0118465391467,0.0,-0.0084687903173,0.00855785369718,-0.999927518739,0.0,0.661560927638,0.260739743273,0.303334644665,1.0,-0.00268,-0.00352228571429,0.135
0.46495916683,0.546681821451,-0.124001436317,-1.35731103534,0.0794854575849,1.8946813632,0.159065227027,-0.00412404328365,-0.0155953048762,0.000183614033839,-0.0202283802979,0.000454414644815,0.00809895061155,-0.0106529608755,0.57391049556,0.818903440014,0.00215543963019,0.0,0.818862410907,-0.573850522555,-0.0118607195409,0.0,-0.00847604706515,0.0085721649623,-0.999927334667,0.0,0.661516645903,0.260683346144,0.303340429354,1.0,-0.00302,-0.00396914285714,0.152
0.464915871756,0.546411365819,-0.124002092354,-1.35770060432,0.0794729266135,1.894838489,0.158939600255,-0.00602180290915,-0.0172882218963,0.000230682602231,-0.0296886427333,0.000351064059181,0.0130722114792,-0.00747673587803,0.573862061877,0.818937277901,0.00219447105054,0.0,0.818896673065,-0.573801855159,-0.0118497578406,0.0,-0.00844517946576,0.00859733703495,-0.999927379733,0.0,0.661477863674,0.260620277975,0.303360180488,1.0,-0.00334,-0.00438971428571,0.168
0.464876024614,0.546102359627,-0.124000207018,-1.35820975551,0.0794553395528,1.89500895092,0.158923655889,0.000168448648793,-0.0200893982686,0.00175663986422,-0.0310149883719,-0.00399123781751,0.00892844898183,0.000748901258672,0.573904044396,0.818907905877,0.00217633172804,0.0,0.818866912159,-0.573843749263,-0.0118776472707,0.0,-0.00847798812227,0.00859892140441,-0.999927088476,0.0,0.661414069857,0.260547350121,0.303351359039,1.0,-0.0037,-0.00486285714286,0.186
0.464827078288,0.54580020911,-0.124006665149,-1.35874080358,0.079424522994,1.89518777845,0.15884841127,-0.00307909390397,-0.0207788730797,0.00043479544878,-0.0334030769125,-0.00397057807776,0.0122324846705,-0.00506536875634,0.573909530032,0.818904171918,0.00213435100096,0.0,0.818862607689,-0.573849378929,-0.0119023918564,0.0,-0.00852228643112,0.00857880151145,-0.999926884726,0.0,0.661349253319,0.260451848471,0.3033285939,1.0,-0.00404,-0.00530971428571,0.203
0.464763051146,0.545454534989,-0.124004869822,-1.35932433273,0.079317556308,1.8953810321,0.158757719848,-0.00257585228132,-0.0265794161428,0.000582964158939,-0.037869253088,-0.00277324780184,0.0148972755552,-0.00561572471166,0.573889471026,0.818918431968,0.00205517159315,0.0,0.818876446525,-0.573830252985,-0.0118723623172,0.0,-0.00854334118313,0.00849651892557,-0.999927407609,0.0,0.661287568482,0.260349065668,0.303311731845,1.0,-0.00434,-0.005704,0.218
0.464695775957,0.545068332451,-0.124002613993,-1.36002469294,0.0793018144298,1.89560335417,0.158711540148,-0.00194849163645,-0.0192089269612,0.0010396387624,-0.0380899954204,-0.000235692281598,0.0164008183547,-0.0030266971362,0.57393994577,0.818883215834,0.00199107381776,0.0,0.818840086179,-0.573880679099,-0.0119426263245,0.0,-0.00863714374719,0.00848488472187,-0.999926700553,0.0,0.661198993291,0.260240351302,0.303270981943,1.0,-0.00468,-0.00615085714286,0.235
0.464626529598,0.54460037483,-0.124005120674,-1.36078484986,0.0792784887538,1.89586360245,0.15858948628,-0.00644169233135,-0.0286028082084,0.000543619773956,-0.0425596575706,-0.00430664739797,0.0192084957067,-0.00667905355373,0.573934559304,0.818887027638,0.00197598164548,0.0,0.818843468161,-0.573875128051,-0.0119774352623,0.0,-0.00867436664931,0.00849244719841,-0.999926314137,0.0,0.661108338444,0.260122912697,0.30326303359,1.0,-0.00504,-0.006624,0.253
0.464561411362,0.544151775136,-0.124013125524,-1.36152402753,0.0792491133522,1.89613174752,0.158511290576,-0.00316307729031,-0.0305139405409,-0.00128229815913,-0.0501785918288,-0.00492578369825,0.0159581627927,-0.00398791370382,0.573962861688,0.818867223453,0.0019623095709,0.0,0.818823371975,-0.573903373716,-0.0119979184396,0.0,-0.00869869355364,0.00849330806409,-0.999926095493,0.0,0.661024001404,0.260006815764,0.303252181351,1.0,-0.00536,-0.00704457142857,0.269
0.464488786345,0.543641923926,-0.124008393929,-1.36235264234,0.0792118721601,1.89641705556,0.158396241784,-0.0117118356457,-0.0296898260599,0.000529850693372,-0.0490162612035,-0.00433520651244,0.0186147658111,-0.00144696019351,0.573960949917,0.818868611695,0.00194207405909,0.0,0.818824313474,-0.573901370769,-0.0120294303358,0.0,-0.00873613215155,0.00849480427197,-0.999925756392,0.0,0.660923481416,0.259883219607,0.303243109039,1.0,-0.0057,-0.00749142857143,0.286
0.464404153312,0.543097320799,-0.124011607188,-1.36320691574,0.0791647805535,1.89671646647,0.158277285713,-0.0032903022538,-0.0291427893363,0.00166613068528,-0.0511044863444,5.20725335839e-05,0.0186400436242,-0.0058901566785,0.573969990633,0.818862290627,0.00193539202353,0.0,0.818817848436,-0.573910384032,-0.012039480251,0.0,-0.0087481032249,0.00849519745835,-0.999925648391,0.0,0.660826154652,0.259743869655,0.303247815228,1.0,-0.00604,-0.00793828571429,0.303
0.464340340905,0.542555281607,-0.124020073834,-1.36405363217,0.0791140445216,1.89702063699,0.158173207996,-0.00626659547648,-0.0356283239671,-0.000549832583198,-0.0478970200222,-0.00219017213941,0.0222318452588,-0.00930012452875,0.57397645267,0.818857766631,0.00193305701629,0.0,0.818813313148,-0.573916873982,-0.0120385577448,0.0,-0.0087486209064,0.00849282500283,-0.999925664015,0.0,0.660727324288,0.259615838143,0.303254817687,1.0,-0.00636,-0.00835885714286,0.319
0.464254666044,0.541954499853,-0.124017398325,-1.3649977806,0.0790550185426,1.8973685792,0.158046898635,-0.00603368080552,-0.0366031847714,0.00349022137298,-0.0612717508485,-0.00130955369324,0.0165365870281,-0.00510433420815,0.573978012389,0.818856666128,0.00193611303318,0.0,0.818812245898,-0.573918413858,-0.0120377366361,0.0,-0.00874617835954,0.00849487276168,-0.999925667988,0.0,0.660619756668,0.259470660581,0.303260340739,1.0,-0.0067,-0.00880571428571,0.336
0.46416925532,0.541308414633,-0.124024327557,-1.36598365496,0.0789950117785,1.89772994774,0.157909052931,-0.00514878975716,-0.0398649808581,-0.00093314960691,-0.0583682463468,-0.00525067565274,0.0235102362238,-0.00752997480611,0.573978586394,0.818856224099,0.00195282260484,0.0,0.818812048751,-0.573918941877,-0.0120259667889,0.0,-0.00872694389356,0.00850180578152,-0.99992577712,0.0,0.660508462093,0.259316496556,0.303279428258,1.0,-0.00704,-0.00925257142857,0.353
0.464096649437,0.540656221886,-0.124023730991,-1.36698133742,0.0789390398574,1.89810093847,0.157779359316,-0.00189527068051,-0.0408022974713,1.62257138126e-05,-0.0667000012248,-0.00704784649056,0.0249251839575,-0.00867276316586,0.573971779193,0.818860937649,0.00197696326381,0.0,0.818817029137,-0.573911985033,-0.0120188656619,0.0,-0.00870734433769,0.00851742488107,-0.999925815062,0.0,0.660391081777,0.259175143613,0.303297715071,1.0,-0.00736,-0.00967314285714,0.369
0.463987335624,0.539880910896,-0.124030402713,-1.3681615254,0.0788677951425,1.89853543709,0.157636650794,-0.00887380138842,-0.0413124097255,-0.00152474175162,-0.0676513068948,0.000293347507746,0.0323568464224,-0.0145774654397,0.573995378011,0.818844338276,0.00200064899736,0.0,0.818800762042,-0.573935502796,-0.0120040664058,0.0,-0.00868138546807,0.00852857575941,-0.999925945729,0.0,0.660259276243,0.258987136813,0.303321771715,1.0,-0.00772,-0.0101462857143,0.387
0.463888367839,0.539121175404,-0.124029996075,-1.36932643349,0.0788044752191,1.89897921723,0.157504399527,-0.00819046661389,-0.0464236779129,0.000948348569368,-0.0670849081704,-0.00667603252435,0.0256103338743,-0.00264975001135,0.57401539888,0.818830214744,0.00203670617597,0.0,0.818787053158,-0.573955313853,-0.0119919215167,0.0,-0.00865053588786,0.00855134090051,-0.999926018662,0.0,0.660127461909,0.258813596323,0.303342552124,1.0,-0.00806,-0.0105931428571,0.404
0.463780776849,0.538389943809,-0.124035759121,-1.37044986756,0.0787397489219,1.89941485735,0.157356802137,-0.0060442556725,-0.051793767955,-0.00144920346806,-0.0698135308897,-0.00205174915859,0.0286279639071,-0.0101219517367,0.574031538152,0.818818809174,0.00207312593616,0.0,0.818776142813,-0.573971318696,-0.0119708051728,0.0,-0.00861217142004,0.0085692107477,-0.999926196842,0.0,0.660006360487,0.258634565039,0.303362303201,1.0,-0.00838,-0.0110137142857,0.42
0.46367716168,0.537606906036,-0.124042488367,-1.3716913153,0.0786698160784,1.89988783225,0.157203392123,-0.00249655875572,-0.0490697325859,-0.00275208572121,-0.0699443437429,-0.00481718731911,0.0332562838736,-0.00596325479985,0.574045368398,0.818809082555,0.00208524514076,0.0,0.818766567338,-0.573985089968,-0.0119654337849,0.0,-0.00860067182961,0.00857619596938,-0.999926235933,0.0,0.659865974909,0.258445968729,0.303365622141,1.0,-0.00872,-0.0114605714286,0.437
0.463559201674,0.536767964248,-0.124041922216,-1.37299183035,0.0785980581954,1.90036262584,0.157041239631,-0.00695224330553,-0.0506830809219,5.48596980147e-05,-0.0736927409503,-0.00713684922728,0.0268553936422,-0.0162967316108,0.574061144495,0.818797983568,0.00210033027076,0.0,0.818755579356,-0.574000715952,-0.0119677174677,0.0,-0.00859371730701,0.00859002409878,-0.999926177029,0.0,0.659715590111,0.258245711741,0.303380066193,1.0,-0.00906,-0.0119074285714,0.454
0.463448786161,0.535970122403,-0.124046616564,-1.37425449454,0.0785164377215,1.90083959612,0.156893456528,-0.0100906315723,-0.0518584852476,-0.000211742382053,-0.0798298368001,-0.0088234471512,0.0319745264086,-0.0104372600811,0.574081486961,0.81878370836,0.00210526835509,0.0,0.818741439922,-0.57402110683,-0.011957021733,0.0,-0.00858191135255,0.00858814060892,-0.999926294603,0.0,0.659572849406,0.258049901031,0.303383710349,1.0,-0.00938,-0.012328,0.47
0.463335138262,0.535072624886,-0.124052293361,-1.37566460033,0.0784421257351,1.9013413089,0.156720152586,-0.00629078908422,-0.0532032950021,-0.0020429108008,-0.0848518636071,-0.000594333183978,0.0280210137706,-0.0147536183427,0.574094025152,0.818774928738,0.00210077512658,0.0,0.818732485967,-0.574033546291,-0.0119729301262,0.0,-0.00859738514126,0.00859372594669,-0.999926113692,0.0,0.659403774052,0.257838072113,0.303389546048,1.0,-0.00972,-0.0127748571429,0.487
0.463203143616,0.534117341693,-0.124055180306,-1.37723055916,0.0783558455687,1.90190089276,0.156522618035,-0.00571514087219,-0.0555497990569,0.000429844540375,-0.085240991426,-0.0020208356486,0.0335700856401,-0.0111840290641,0.574103703836,0.818768257563,0.00205537105963,0.0,0.818725135079,-0.574043326735,-0.0120066282815,0.0,-0.00865094063391,0.00857599882997,-0.999925803983,0.0,0.659227588047,0.25761252029,0.303361553228,1.0,-0.01006,-0.0132217142857,0.504
0.463080893109,0.533302561244,-0.124058098657,-1.37854315789,0.0782774500841,1.90239877034,0.156357341311,-0.00532979426437,-0.0536814322378,-0.00108192449229,-0.0885430207442,-0.00705234616141,0.0380622013811,-0.0076269159355,0.574122785805,0.818754869835,0.00205835909687,0.0,0.818711760715,-0.574062368291,-0.0120082088693,0.0,-0.00865031953721,0.00857955431193,-0.999925778855,0.0,0.659067680858,0.25739373416,0.303359842574,1.0,-0.01038,-0.0136422857143,0.52
0.462944999799,0.532307370151,-0.124055667614,-1.38016703631,0.0781893029998,1.90301180511,0.156150449637,-0.00762738787359,-0.0530213230919,0.000417280632697,-0.0931590447997,-0.00638449152541,0.0337885994048,-0.0128413541082,0.574128161643,0.818751123934,0.00204889386802,0.0,0.818707777336,-0.574067670604,-0.0120262961034,0.0,-0.00867050665545,0.00858224585276,-0.999925580916,0.0,0.658877141295,0.257153222147,0.303341674113,1.0,-0.01074,-0.0141154285714,0.538
0.462803904834,0.531317094945,-0.124061904388,-1.38175782147,0.0780923151174,1.90359627694,0.155944050908,-0.0126279091416,-0.0585629554904,-0.00238799988448,-0.0950720744966,-0.00923537721308,0.0393686287285,-0.016018996377,0.574139770525,0.818743024837,0.00203226060578,0.0,0.818699467455,-0.574079355058,-0.0120342422381,0.0,-0.00868644027463,0.00857331281552,-0.999925519258,0.0,0.658691837976,0.256904784699,0.303333348029,1.0,-0.01108,-0.0145622857143,0.555
0.46267617348,0.530345810248,-0.124059410433,-1.38330186818,0.0779972788861,1.90412405492,0.155747809342,-0.0109755807282,-0.057433891619,-0.000750468369163,-0.0971143208562,-0.00416554785989,0.0355769835111,-0.0147373028137,0.57414009673,0.81874288868,0.00199460894322,0.0,0.818698752926,-0.574079757511,-0.0120636177882,0.0,-0.00873210477748,0.00855935533235,-0.999925241097,0.0,0.658499656283,0.256672041692,0.303328458456,1.0,-0.0114,-0.0149828571429,0.571
0.462531257844,0.529236193084,-0.124061003552,-1.38504265238,0.0778899685707,1.90477607245,0.15550854041,-0.0029896223017,-0.0626606577439,0.000478974509927,-0.0992064116753,-0.00947567338425,0.0424877314957,-0.0127430987957,0.5741296839,0.818750152566,0.00201013387083,0.0,0.818706231138,-0.574069290441,-0.0120542012993,0.0,-0.00871559083005,0.00856654883969,-0.99992532357,0.0,0.658295512663,0.256410520313,0.303338039486,1.0,-0.01176,-0.015456,0.589
0.462387888293,0.528150021154,-0.124062483732,-1.38674286015,0.0777791423275,1.90544116142,0.155273652863,-0.00806563256162,-0.0644939147509,0.000840548185795,-0.102415666596,-0.0068703406265,0.0405176803061,-0.0119890131952,0.574118315626,0.818758032847,0.00204700072474,0.0,0.818714700362,-0.574057872283,-0.0120227110991,0.0,-0.00866876130889,0.0085785333938,-0.999925627905,0.0,0.658102114873,0.256154930263,0.303351273399,1.0,-0.0121,-0.0159028571429,0.606
0.462262805224,0.527145906598,-0.124062512785,-1.38829293256,0.0776903140059,1.90603357426,0.155058967792,-0.00837882512983,-0.0702483685344,0.000785229622035,-0.10651495611,-0.0024158355731,0.0406506757433,-0.0194736750097,0.574105004898,0.81876726115,0.00208861692302,0.0,0.818724433355,-0.574044349426,-0.0120055829064,0.0,-0.00863098566523,0.00860263256741,-0.999925747643,0.0,0.6579205256,0.255927613052,0.303371617593,1.0,-0.0124,-0.0162971428571,0.621
0.462100282037,0.525902160298,-0.124070259132,-1.39021477537,0.0775660493526,1.90673986149,0.154795295477,-0.00942334742613,-0.0743197362664,-0.000218096035577,-0.111649394961,-0.00875879931522,0.0412120801404,-0.0135181590409,0.574097785988,0.818772276488,0.00210672225925,0.0,0.818729760318,-0.574037130969,-0.0119874408844,0.0,-0.00860581314931,0.00860696519252,-0.999925927322,0.0,0.65769356864,0.25563224619,0.30339345775,1.0,-0.01276,-0.0167702857143,0.639
0.461952888456,0.524747043461,-0.124074530572,-1.39205038224,0.077445601534,1.90739337423,0.154549689548,-0.00575068817569,-0.0636877783802,-0.000766352799063,-0.111536322831,-0.00327187553463,0.0323872832976,-0.00897165053704,0.574086544908,0.818780231948,0.00207789042683,0.0,0.818737372907,-0.574026045058,-0.0119983624809,0.0,-0.00863142497303,0.00858951038517,-0.999925856659,0.0,0.65746849124,0.255355014688,0.3033890033,1.0,-0.0131,-0.0172171428571,0.656
0.461806847197,0.523613992306,-0.124086089251,-1.39385361392,0.0773346579215,1.90804432079,0.154311534693,-0.00696184056471,-0.0716209575024,-0.00317231866228,-0.113106022801,-0.0108137781684,0.039560537958,-0.0167762194772,0.574086151444,0.818780558948,0.00205764685799,0.0,0.81873745036,-0.574025751287,-0.0120071286475,0.0,-0.00865022776554,0.0085779639698,-0.999925793294,0.0,0.657250150785,0.255079364447,0.303384177544,1.0,-0.01342,-0.0176377142857,0.672
0.461647303813,0.522400991612,-0.124084995537,-1.39579540971,0.0772187997819,1.90880424977,0.154043856924,-0.00939179312969,-0.0712569230158,-0.00365278879278,-0.110024532041,-0.0073877483959,0.0422332302808,-0.0118379421193,0.574069973016,0.818791839086,0.00208260133053,0.0,0.818749057214,-0.574009471142,-0.011993967334,0.0,-0.00862529574665,0.00859066977669,-0.999925899588,0.0,0.657023306128,0.254793398448,0.303378356537,1.0,-0.01376,-0.0180845714286,0.689
0.461491877252,0.52115466488,-0.124081928531,-1.39778435155,0.0770966826429,1.90957217016,0.153784366971,-0.00833355969617,-0.0709281252003,0.00118398288827,-0.113586044376,-0.00778887638184,0.0488443060129,-0.00858858160775,0.574056185647,0.8188014571,0.00210154076355,0.0,0.818758930108,-0.573995614206,-0.0119831607664,0.0,-0.00860572000164,0.00859982840206,-0.999925989529,0.0,0.656786002272,0.254505711204,0.303373793963,1.0,-0.0141,-0.0185314285714,0.706
0.461327719117,0.519934684803,-0.124087217936,-1.39971550319,0.076970019336,1.91027051195,0.153509988276,-0.00995000074315,-0.0740391208714,0.00148735453729,-0.123128287808,-0.00920353373705,0.0423991182807,-0.0188405957851,0.574038281431,0.818814053335,0.00208432566748,0.0,0.818771351391,-0.573977833547,-0.0119861436661,0.0,-0.00861823207574,0.00858725678588,-0.99992598981,0.0,0.656551440884,0.25420857519,0.303372093508,1.0,-0.01442,-0.018952,0.722
0.46114761467,0.518508332876,-0.124090407176,-1.40191414541,0.0768357927328,1.91105294536,0.153228237485,-0.00839501862309,-0.0787033647934,-0.00331490699626,-0.121191692449,-0.00145988962897,0.0449245896983,-0.0131363892529,0.57403768611,0.818814447898,0.00209326061664,0.0,0.818771805028,-0.573977143672,-0.0119881914634,0.0,-0.00861478648603,0.00859574195645,-0.999925946595,0.0,0.656279152133,0.253877694417,0.303394777401,1.0,-0.01478,-0.0194251428571,0.74
0.460963613114,0.517154282612,-0.124093573944,-1.40406224528,0.0766887856236,1.91182032828,0.152924241541,-0.0116512238513,-0.0764004085884,0.00156046526957,-0.126551365928,-0.0114843261784,0.0506537274501,-0.0255264380717,0.574015541439,0.818830053335,0.00206127222902,0.0,0.818787072613,-0.57395521482,-0.011995332594,0.0,-0.00863922721459,0.00857341545275,-0.999925927407,0.0,0.656014763852,0.253546314152,0.303389048879,1.0,-0.01512,-0.019872,0.757
0.46079678697,0.515882236781,-0.124096720878,-1.40608786648,0.0765723599231,1.91258568573,0.15264784781,-0.00757187522564,-0.082858077842,0.000203421078712,-0.120638776789,-0.00560777186717,0.0543825083908,-0.0147847611427,0.574006621903,0.818836292789,0.00206652460268,0.0,0.818793351299,-0.573946245264,-0.0119959292231,0.0,-0.00863679446218,0.00857796456728,-0.999925909408,0.0,0.655787852681,0.25326045834,0.303378810454,1.0,-0.01542,-0.0202662857143,0.772
0.460608949484,0.514491377801,-0.124104895705,-1.40830611816,0.0764295759196,1.91340138252,0.152334357172,-0.00795963151122,-0.0843969381129,-0.00121621186692,-0.132693631302,-0.00802843868516,0.0477247981848,-0.0198110422959,0.573985088663,0.818851414024,0.0020558804473,0.0,0.818808354144,-0.573924779796,-0.0119988842155,0.0,-0.00864554902715,0.0085707177185,-0.999925895894,0.0,0.655499955654,0.252903828904,0.303373837647,1.0,-0.01578,-0.0207394285714,0.79
0.46041753619,0.513095334147,-0.1241000286,-1.41057986319,0.0762875253349,1.91418642614,0.152016686851,-0.0143657966187,-0.083008282788,0.000586507470463,-0.137063111864,-0.00460737657849,0.0441559944283,-0.0182721151512,0.573958987927,0.818869903326,0.00197699422369,0.0,0.818825681522,-0.573898888533,-0.0120547053503,0.0,-0.00873680882788,0.00853788450595,-0.999925383566,0.0,0.655207673731,0.252560119577,0.303337849295,1.0,-0.01612,-0.0211862857143,0.807
0.460231144876,0.511746729572,-0.124110314103,-1.4127276763,0.0761615986039,1.91497073641,0.151718845137,-0.0107336552034,-0.0780326789695,-0.00232255420322,-0.13662806246,-0.0105315293374,0.0504150663339,-0.0171235816072,0.573953561816,0.81887373713,0.00196428601757,0.0,0.818829291375,-0.573893461548,-0.012067861427,0.0,-0.00875493244334,0.00853497130197,-0.999925249918,0.0,0.654944435921,0.252227728701,0.303328538414,1.0,-0.01644,-0.0216068571429,0.823
0.460031915119,0.510278611609,-0.124106774474,-1.41503952091,0.0760174391164,1.91585673895,0.151399513502,-0.00603347686935,-0.0864917328726,0.0010098586661,-0.140834519749,-0.0124976065298,0.0484929110151,-0.0170820078145,0.573934653711,0.818886909287,0.00199749101327,0.0,0.818842908376,-0.573874423252,-0.0120492589595,0.0,-0.00872083932849,0.00855128325783,-0.999925408476,0.0,0.654665806396,0.251881097297,0.303332743838,1.0,-0.01678,-0.0220537142857,0.84
0.459811286243,0.508677730471,-0.124112781307,-1.41754818525,0.0758608674931,1.91675862434,0.15104725444,-0.0121560971908,-0.0894286865614,0.000504470751093,-0.136983831883,-0.00640029591842,0.0487647973594,-0.0159632722486,0.573919185287,0.818897768359,0.00199013495593,0.0,0.818853640652,-0.573858958353,-0.0120564509985,0.0,-0.00873111214515,0.00854922238757,-0.999925336451,0.0,0.65435404937,0.251492502001,0.303337323245,1.0,-0.01714,-0.0225268571429,0.858
0.459633236741,0.507334609083,-0.124119509126,-1.41966317558,0.0757187512941,1.91752391652,0.150743098109,-0.0092310555668,-0.0913363974744,9.03633627155e-05,-0.140125860908,-0.0145006782525,0.050589070177,-0.0225649523054,0.573891770087,0.818917014853,0.00197633804514,0.0,0.818872784392,-0.573831681891,-0.0120544905308,0.0,-0.00873771024462,0.00853650670034,-0.999925387453,0.0,0.654090097095,0.251167824966,0.303336631164,1.0,-0.01744,-0.0229211428571,0.873
0.459412806738,0.505764156035,-0.124128288316,-1.42209903746,0.0755702913779,1.91843850135,0.15042359591,-0.00961144563407,-0.094115789298,-0.00200531678662,-0.140448969645,-0.004792286531,0.0555815908959,-0.0162409961692,0.573902833916,0.81890916526,0.00201573268663,0.0,0.818865463201,-0.573842588864,-0.0120325925374,0.0,-0.00869705449262,0.00855631757233,-0.999925572567,0.0,0.653795681504,0.250788253335,0.303354696074,1.0,-0.01778,-0.023368,0.89
0.459204984192,0.504218632652,-0.124134452924,-1.42443778484,0.0754225936776,1.91934229525,0.150093337499,-0.0112864383805,-0.0947694546387,-0.00157982465852,-0.143666147545,-0.0109125930811,0.0512178908693,-0.0218359350648,0.573887710215,0.818919538587,0.00210529949763,0.0,0.818877098012,-0.573827181706,-0.0119754243469,0.0,-0.0085989964605,0.0085966959134,-0.999926074307,0.0,0.653516977394,0.250429095356,0.303399916119,1.0,-0.0181,-0.0237885714286,0.906
0.45895075582,0.502439972232,-0.124138371184,-1.42705602895,0.0752527810288,1.92032988313,0.149727443634,-0.0112151478382,-0.103552821968,-0.00230400884508,-0.143359351989,-0.0024676837478,0.0594156396381,-0.0192980670651,0.57388742429,0.818919417587,0.0022268010812,0.0,0.818878663567,-0.573826504412,-0.0119005920149,0.0,-0.00846799143642,0.00865324659417,-0.999926704536,0.0,0.653205229292,0.250013086042,0.303481411846,1.0,-0.01846,-0.0242617142857,0.924
0.45872117488,0.500711049466,-0.124139320194,-1.4296350701,0.0750911248596,1.92122617372,0.149365232576,-0.0151315077534,-0.104680281768,0.000127440295789,-0.151174813787,-0.0115909453151,0.0485417403334,-0.0171640775176,0.57386713786,0.81893351916,0.00226851977271,0.0,0.818893222956,-0.573805966646,-0.0118890260113,0.0,-0.00843479412572,0.00868056392483,-0.999926748346,0.0,0.652874875227,0.249614259337,0.303538160371,1.0,-0.0188,-0.0247085714286,0.941
0.458467147861,0.499023716751,-0.124138730247,-1.43225671537,0.074926158884,1.92219480642,0.14899307054,-0.0152787657754,-0.0975266582312,0.00106511168191,-0.161397713006,-0.00769552552418,0.0606355818072,-0.0225536212449,0.573858909373,0.818939209164,0.00229580645815,0.0,0.818899249681,-0.573797612175,-0.011877122341,0.0,-0.00840947482187,0.00869599408395,-0.999926827533,0.0,0.652552376789,0.249199179362,0.303551298403,1.0,-0.01914,-0.0251554285714,0.958
0.458232193235,0.497445523148,-0.124144072513,-1.43474798816,0.0747730840938,1.92310876422,0.148620915666,-0.0144727742753,-0.098423372758,-0.000182988781063,-0.155451232002,-0.0136379371387,0.0543252757101,-0.0322617845852,0.573835505717,0.818955609663,0.00229536094816,0.0,0.818915601465,-0.57377416886,-0.0118822441746,0.0,-0.00841417370085,0.00869832795622,-0.999926767704,0.0,0.652242358173,0.248805428422,0.303545269202,1.0,-0.01946,-0.025576,0.974
0.457965540836,0.495770313459,-0.124143947594,-1.43744966136,0.0746088751925,1.92403954072,0.148231757812,-0.0178917443241,-0.10248341138,-0.000962445573605,-0.162398433025,-0.00515517613742,0.0542458938051,-0.0216626935573,0.573827060469,0.818961743456,0.00221682873301,0.0,0.818920519656,-0.573765841686,-0.0119452208671,0.0,-0.0085109021647,0.00867006444048,-0.99992619454,0.0,0.651893399155,0.248370121039,0.303507471064,1.0,-0.0198,-0.0260228571429,0.991
0.45768335247,0.494072466761,-0.124150237345,-1.44021218457,0.0744350344153,1.92501016119,0.14784815202,-0.0163378960377,-0.107935658491,-0.00740840944218,-0.170964285748,-0.0117491950542,0.0571202897989,-0.0205857595776,0.573839831389,0.818953027415,0.00212924878623,0.0,0.818910631437,-0.573778941085,-0.0119938062579,0.0,-0.00860081142358,0.00862635431285,-0.999925803274,0.0,0.651521259086,0.247884303103,0.303458325621,1.0,-0.0246611428571,-0.0324117877551,1.009
0.457389132984,0.491678290257,-0.124226287254,-1.44384490113,0.0742289166907,1.9263862486,0.147316116625,-0.0173813243538,-0.154617369818,-0.00469024195435,-0.237383464554,-0.00922952120026,0.0973312043394,-0.0363072782479,0.573827490684,0.818961369157,0.00224358318685,0.0,0.818920579947,-0.57376625143,-0.0119213825176,0.0,-0.00847602262364,0.00867830054425,-0.999926419363,0.0,0.651098837002,0.24733997153,0.303518268707,1.0,-0.0340234285714,-0.0447165061224,1.025
0.45701316731,0.488962204419,-0.124242925269,-1.44818364396,0.0739951147579,1.92800950131,0.146655357006,-0.0265087829214,-0.196934306713,0.000293442101401,-0.314249129726,-0.0140775757446,0.115300818572,-0.0487624509543,0.573760464443,0.819008291483,0.00225717179391,0.0,0.818967367463,-0.573698859283,-0.0119505978308,0.0,-0.00849286534224,0.00870549821159,-0.999926040035,0.0,0.650546611402,0.246679333562,0.303483317525,1.0,-0.0428005714286,-0.0562521795918,1.04
0.456342302489,0.484494463605,-0.124331924842,-1.45518836275,0.0735798770365,1.93063909364,0.145605351322,-0.0354436640331,-0.258598923693,-0.00393559464639,-0.399937217553,-0.0249043847834,0.143189972239,-0.0603495463862,0.5737494514,0.819015819129,0.00232420660701,0.0,0.818975906665,-0.573687721513,-0.0118999743123,0.0,-0.00841306039376,0.00873124105004,-0.99992649022,0.0,0.649683781831,0.245531114608,0.303483147919,1.0,-0.0539182857143,-0.0708640326531,1.059
0.455637611461,0.479964269905,-0.1244633286,-1.46241283337,0.0731514068637,1.93313008262,0.144514881853,-0.0458729356699,-0.298635804791,-0.00931988677628,-0.478707823613,-0.0239802071133,0.161050465337,-0.0744572193529,0.57376634841,0.819004483659,0.00214011209173,0.0,0.818962094994,-0.573705287169,-0.0120032220505,0.0,-0.00860306469117,0.00863988191172,-0.999925667097,0.0,0.648750419822,0.244300777514,0.303406496308,1.0,-0.0632805714286,-0.0831687510204,1.075
0.454669139289,0.473891718129,-0.12460396404,-1.47183014111,0.0725790448823,1.93650384777,0.143152865748,-0.0537343001799,-0.349566485159,-0.00890462465909,-0.547328535917,-0.0298926951302,0.19887031068,-0.0816258695314,0.573832716399,0.818957955437,0.00215121318077,0.0,0.818915821928,-0.573771711501,-0.0119852650452,0.0,-0.00858128810464,0.00863936604228,-0.999925858676,0.0,0.647625443342,0.242793922612,0.303425131712,1.0,-0.073228,-0.0962425142857,1.092
0.453615532092,0.467343518381,-0.124696213916,-1.48180836527,0.0719982670339,1.94020353103,0.141599830939,-0.0628330116707,-0.406624603958,-0.00392419891109,-0.614563138711,-0.0358369229157,0.223970629358,-0.102759742218,0.573825397112,0.81896243096,0.00238688224085,0.0,0.818923196341,-0.573763266642,-0.0118852534209,0.0,-0.00836423171995,0.00877490244206,-0.999926517658,0.0,0.646293604535,0.24102002078,0.303521908069,1.0,-0.0837605714286,-0.110085322449,1.11
0.452439266405,0.460500854194,-0.124726433901,-1.49240132115,0.0713206515139,1.94395060806,0.13993789373,-0.0764700300084,-0.438349094643,-0.001980813134,-0.693129496161,-0.0429572399392,0.239089041071,-0.101210622787,0.573762371901,0.819006598609,0.00238304967486,0.0,0.818967010868,-0.573699946799,-0.0119227955637,0.0,-0.00839785445361,0.00879265981726,-0.999926079855,0.0,0.644897324212,0.23922720789,0.303521640859,1.0,-0.0931228571428,-0.122390040816,1.126
0.451112997083,0.452963664713,-0.124852858708,-1.50413013652,0.0705484692765,1.94791533089,0.138127342368,-0.0876240970865,-0.484714575143,-0.00541768344041,-0.737746166814,-0.0481653180414,0.252745132276,-0.112989974684,0.573787213981,0.818989793672,0.00216744850923,0.0,0.818947266585,-0.573725537164,-0.0120469688964,0.0,-0.00862299002987,0.00868759001511,-0.999925082105,0.0,0.64331717989,0.237160061566,0.303468442061,1.0,-0.102485142857,-0.134694759184,1.142
0.449476277009,0.44352749401,-0.124976159473,-1.51820523808,0.0696015172347,1.95307314962,0.135957002974,-0.0917976522611,-0.537091531008,-0.0049909283737,-0.799847845731,-0.0473853972505,0.285139319507,-0.122485493174,0.57381753938,0.818967390271,0.00256750328538,0.0,0.81893072436,-0.573754958856,-0.0117670211905,0.0,-0.00816384607316,0.00885490095497,-0.999927468543,0.0,0.64148462284,0.234700151933,0.30368664118,1.0,-0.113017714286,-0.148537567347,1.16
0.44794763665,0.435149022188,-0.125025658883,-1.53099327147,0.0687528293739,1.95745883488,0.133877864952,-0.106308810033,-0.589191724116,-0.00809566517364,-0.873216504547,-0.0570235858867,0.309605938906,-0.147275433689,0.573725628552,0.819031782997,0.00256680420334,0.0,0.818994706315,-0.573662627157,-0.0118155885265,0.0,-0.0082050208674,0.00888127600083,-0.999926897613,0.0,0.639600676898,0.232306054072,0.303719999039,1.0,-0.12238,-0.160842285714,1.176
0.445916164781,0.424345075584,-0.125116919452,-1.54723334105,0.0676058891944,1.96322841549,0.131192765772,-0.1211942406,-0.608210186354,-0.00345416046788,-0.924483981857,-0.067060068307,0.318303535828,-0.162624915272,0.573648301411,0.819085252536,0.00277889679034,0.0,0.819051416924,-0.573585087306,-0.0116477876333,0.0,-0.00794675031655,0.00895796541322,-0.999928299437,0.0,0.637509364429,0.229556545982,0.303835626968,1.0,-0.132327428571,-0.17391604898,1.193
0.443773928483,0.413435556873,-0.125245443666,-1.56360231747,0.066426524188,1.96896694798,0.128499180561,-0.129237104651,-0.664124153608,-0.0087193542664,-0.985445588258,-0.0772325287899,0.355434086949,-0.160869769716,0.573648317469,0.819084626818,0.00295446721661,0.0,0.81905365746,-0.573585207919,-0.0114831336749,0.0,-0.00771116803198,0.00900732091035,-0.999929700558,0.0,0.635249752914,0.226549186509,0.303944708712,1.0,-0.142274857143,-0.186989812245,1.21
0.441566185683,0.402682070099,-0.125329737915,-1.58003778366,0.065323281276,1.97447468251,0.125729863808,-0.140164474714,-0.691612875386,-0.000200530292848,-1.04475660457,-0.0742375218669,0.348092777989,-0.176720046802,0.573612677349,0.819110076297,0.00281534974164,0.0,0.819076497493,-0.573549098844,-0.0116563018173,0.0,-0.00793320570247,0.00899236242986,-0.999928098248,0.0,0.632875172078,0.223525885057,0.303867900625,1.0,-0.151637142857,-0.199294530612,1.226
0.438791708029,0.38977631523,-0.125477760145,-1.59923582155,0.0639346708902,1.98106539754,0.122460294313,-0.157730616527,-0.726908771782,-0.00746050493776,-1.08281384284,-0.0879551134607,0.356215421162,-0.185840078515,0.573681387373,0.819061232387,0.003018324617,0.0,0.819030603598,-0.573617503537,-0.0115142045846,0.0,-0.00769962300698,0.00907775986853,-0.999929152531,0.0,0.630138659804,0.219856403503,0.30398605166,1.0,-0.162169714286,-0.213137338775,1.244
0.436135673352,0.37774551747,-0.125615224598,-1.61723063371,0.0625663255917,1.98705317266,0.119223741233,-0.167768215298,-0.75136186615,-0.00628940882247,-1.13403532464,-0.081598931401,0.383328720149,-0.203863931345,0.573599129115,0.81911907775,0.00295337882273,0.0,0.819087825285,-0.57353571533,-0.0115180125277,0.0,-0.00774090459986,0.0090259723701,-0.99992930261,0.0,0.62730854852,0.216165664859,0.303981699724,1.0,-0.172117142857,-0.226211102041,1.261
0.433006263895,0.364448330827,-0.125769660131,-1.63704209572,0.0610985740043,1.99358055134,0.115709131672,-0.195495377923,-0.790606393579,-0.0172915766347,-1.1664799543,-0.09440705067,0.3952071588,-0.213618757946,0.573703649279,0.819045901672,0.00294629585933,0.0,0.819014501254,-0.573640179046,-0.0115299011747,0.0,-0.0077535538995,0.00902797923011,-0.999929186489,0.0,0.624529844573,0.212441450297,0.303999354674,1.0,-0.181479428571,-0.238515820408,1.277
0.429594406962,0.350606601447,-0.125974784157,-1.65775851731,0.0595128142076,2.00027114825,0.111880194034,-0.203748082294,-0.797619520561,-0.0109515338907,-1.24616667156,-0.0820956177924,0.392043973618,-0.233291548783,0.573782381825,0.818991484903,0.00273365413132,0.0,0.818957244424,-0.573719510257,-0.011649131157,0.0,-0.00797234200692,0.00892298387111,-0.999928408498,0.0,0.621370778011,0.208222269353,0.303900462982,1.0,-0.191426857143,-0.251589583673,1.294
0.42589502108,0.336023192232,-0.126132488831,-1.67892108211,0.0579001850229,2.00721079245,0.107838663638,-0.222064085017,-0.857376184259,-0.0120180115196,-1.27619906711,-0.0985633243276,0.416938207462,-0.241609107249,0.573858228953,0.818937386394,0.00300618209871,0.0,0.818906625358,-0.573794389817,-0.0115188567534,0.0,-0.00770844043219,0.00907214784067,-0.999929135529,0.0,0.61812695184,0.203852731103,0.304044194311,1.0,-0.201374285714,-0.264663346939,1.311
0.422290061642,0.321897257014,-0.126232470035,-1.6994785616,0.0562126297658,2.01379418576,0.103795974364,-0.223308159435,-0.881074171338,-0.00536666366822,-1.30189863505,-0.107724125611,0.417711882238,-0.252660812264,0.573725800803,0.819029952347,0.00306423763886,0.0,0.819000190687,-0.573662092957,-0.0114559006575,0.0,-0.00762503559798,0.00908233185225,-0.999929682568,0.0,0.614859161847,0.199636362274,0.304089952718,1.0,-0.210736571429,-0.276968065306,1.327
0.418148043621,0.306341924114,-0.126360717593,-1.72192145296,0.0543654500612,2.02089027143,0.0992554673921,-0.249803347342,-0.932193933256,-0.00701404317087,-1.33883528801,-0.111304414714,0.424157418898,-0.273591383634,0.573617629036,0.819105281812,0.00317802900253,0.0,0.819077090874,-0.573553717873,-0.0113841477751,0.0,-0.00750218966198,0.00913337445119,-0.999930146871,0.0,0.611231105155,0.194928319479,0.30415851574,1.0,-0.220684,-0.290041828571,1.344
0.413627549721,0.290277003599,-0.126518151667,-1.74502334772,0.0524317731892,2.0279371098,0.0945022854117,-0.279213178795,-0.985179004426,-0.0101924278497,-1.36308156257,-0.116606395669,0.436330098056,-0.283731631985,0.573613619761,0.819108264907,0.00313248887538,0.0,0.819079263284,-0.573549573968,-0.0114365012072,0.0,-0.00757124077038,0.00912606524021,-0.999929693152,0.0,0.607401699013,0.18993612242,0.30417411519,1.0,-0.230631428571,-0.303115591837,1.361
0.409080094113,0.274838009867,-0.126654855173,-1.76724154922,0.0505864518403,2.03454926466,0.0897561547687,-0.293998131286,-0.983640455876,-0.00749465291575,-1.37620368835,-0.119235561321,0.40961356296,-0.30219733907,0.573580265591,0.819132199072,0.00297762805966,0.0,0.8191002868,-0.573515640254,-0.0116308833979,0.0,-0.00781966538455,0.00911039658941,-0.999927924156,0.0,0.603622884591,0.185061347901,0.304102760813,1.0,-0.239993714286,-0.315420310204,1.377
0.403804819942,0.257852889545,-0.126883198792,-1.79131149669,0.048457318648,2.04172082392,0.0844636182745,-0.314908484263,-0.983723244809,-0.0127323615433,-1.4072957115,-0.113461680182,0.404840193703,-0.311322478003,0.573672722082,0.819067480364,0.00296941935515,0.0,0.819035627927,-0.573608305549,-0.0116145982543,0.0,-0.00781000648965,0.00909521355361,-0.999928137862,0.0,0.599513140293,0.179563087702,0.30411695543,1.0,-0.249941142857,-0.328494073469,1.394
