position_joint1,position_joint2,position_joint3,position_joint4,position_joint5,position_joint6,position_joint7,velocity_joint1,velocity_joint2,velocity_joint3,velocity_joint4,velocity_joint5,velocity_joint6,velocity_joint7,ee_T_00,ee_T_10,ee_T_20,ee_T_30,ee_T_01,ee_T_11,ee_T_21,ee_T_31,ee_T_02,ee_T_12,ee_T_22,ee_T_32,ee_T_03,ee_T_13,ee_T_23,ee_T_33,v_x,v_y,time
0.465097050353,0.547752306875,-0.124003431519,-1.35584795937,0.0794906028552,1.89411013094,0.159165873882,0.00171894225957,1.88929316846e-05,-0.000236743749164,-0.000473282722722,-0.000144215054422,-0.000268360338149,0.00128839663238,0.57380085023,0.818980771915,0.00195612125329,0.0,0.818937861769,-0.57374240682,-0.0118817540114,0.0,-0.00860878410182,0.00841986441897,-0.999927494731,0.0,0.6616741843,0.260895042574,0.303229026853,1.0,0.0,0.0,0.0
0.465091839785,0.547747614287,-0.124005937053,-1.35584264316,0.0794916543113,1.89411013095,0.159155293412,-0.000285002009285,1.19699711612e-05,0.000625628702607,0.00139129988685,7.19008838539e-05,3.26476155745e-05,-0.00110508112341,0.573796456668,0.818983853279,0.0019548105292,0.0,0.818940912633,-0.573738006046,-0.0118839780663,0.0,-0.00861140285001,0.00842002093588,-0.999927470864,0.0,0.661674921814,0.26089157247,0.303229264918,1.0,-0.0001,-0.000131428571429,0.006
0.465089417648,0.547746337348,-0.124001300533,-1.35585019348,0.0794905945197,1.8941108561,0.159161226992,-0.000431497740566,-0.00103633257043,0.00586743154547,-0.000648661411752,-0.000177920729638,0.00343434208086,0.00153562348002,0.573801921161,0.818980010638,0.00196070096182,0.0,0.818937148065,-0.573743447012,-0.0118807167672,0.0,-0.00860529589461,0.00842303112914,-0.999927498086,0.0,0.661675477692,0.260891087537,0.303232184777,1.0,-0.00038,-0.000499428571429,0.02
0.465088246309,0.547747734288,-0.124005567561,-1.35585509588,0.0794919121343,1.89410970976,0.159160767669,0.000548511367275,-0.00101471062105,8.17740143653e-05,-4.73731277545e-05,0.000271317278332,0.00118019056881,0.000391633625769,0.57380609685,0.818977100584,0.0019541845364,0.0,0.818934156265,-0.573747652002,-0.0118838725354,0.0,-0.00861157648298,0.00841954908193,-0.999927473342,0.0,0.661675298787,0.26088737687,0.303228906044,1.0,-0.00072,-0.000946285714286,0.037
0.465092523523,0.547688377475,-0.124001646917,-1.35590024747,0.0794887182646,1.89411401391,0.159159687739,0.000603114828039,-0.000376661184627,0.000212361661791,-0.00559204313971,0.000218277275998,-0.000850040284177,-0.00127782562435,0.573800514194,0.818980969363,0.00197196182423,0.0,0.818938225135,-0.573741966338,-0.0118779786412,0.0,-0.00859660671837,0.00843066748474,-0.999927508472,0.0,0.661665541743,0.260887674454,0.303249702501,1.0,-0.00106,-0.00139314285714,0.054
0.465092822224,0.547563616787,-0.124001980855,-1.35603985012,0.0794872591989,1.89414056542,0.159159635471,0.000361367060609,-0.0102880108276,0.000169003883792,-0.00834752041816,-0.000174413899392,0.000764687368931,0.000537529472877,0.573807658493,0.818975926354,0.00198746277947,0.0,0.818933290451,-0.573748954493,-0.0118806528056,0.0,-0.0085898293262,0.00844497159328,-0.999927446011,0.0,0.661642212127,0.260874314599,0.303273950836,1.0,-0.00138,-0.00181371428571,0.07
0.465075107409,0.547416053838,-0.124004120379,-1.35624701566,0.0794876200596,1.89418994446,0.159152411161,-6.91647917885e-05,-0.00909537165633,0.000851191778554,-0.014473814351,0.000197132121604,4.08905207443e-05,0.00111155785516,0.573829230903,0.818960813647,0.00198654787904,0.0,0.818918024266,-0.573770388872,-0.0118977849745,0.0,-0.008604162971,0.00845427943663,-0.999927244123,0.0,0.661613550649,0.260842111252,0.303284236507,1.0,-0.00174,-0.00228685714286,0.088
0.465058520571,0.547265861692,-0.124004126523,-1.3564282429,0.0794816189504,1.8942922589,0.159146154488,0.00163694534515,-0.00868263610372,0.00100610627693,-0.0113231548681,0.000219348297061,0.00557964718935,0.000752378107317,0.573846439676,0.818948601183,0.00204919327408,0.0,0.818906632377,-0.573787345002,-0.0118641082806,0.0,-0.00854045814284,0.00848643765014,-0.999927517849,0.0,0.661601039992,0.26081758233,0.303313241118,1.0,-0.00204,-0.00268114285714,0.103
0.465032618565,0.54707069084,-0.124004129495,-1.35665681918,0.0794787440405,1.89442103159,0.159136491037,-0.000324404518757,-0.00758187634152,-0.000780546314319,-0.0144756134345,5.52222505235e-05,0.00803209796817,-0.00101129944813,0.573871992774,0.818930474349,0.00213564813849,0.0,0.818889595257,-0.573812514652,-0.0118226777821,0.0,-0.00845665231218,0.00853372799918,-0.999927827655,0.0,0.66158638324,0.260784169086,0.303353866808,1.0,-0.00238,-0.003128,0.12
0.465004643578,0.54684504318,-0.124004162347,-1.35694923471,0.079471603224,1.89455551878,0.159116817637,-0.00426190658788,-0.00973407704824,-0.000387972932769,-0.0173264529732,0.000129977977972,0.00628568664994,-0.00200092405805,0.573893399274,0.818915306146,0.00219875647492,0.0,0.818875192147,-0.573833615368,-0.0117961205835,0.0,-0.0083984650181,0.0085703878773,-0.999928004527,0.0,0.661559799008,0.26074187994,0.303386172995,1.0,-0.00272,-0.00357485714286,0.137
0.464965557403,0.546601135427,-0.124004873135,-1.35733420347,0.0794592748427,1.89469265059,0.159077920108,-0.00468787465063,-0.00819562825745,-0.000116139553706,-0.0224483572836,0.000304521327524,0.0138997622861,-0.00323841436304,0.573912299532,0.818902054335,0.00220107988577,0.0,0.818861868512,-0.573852400139,-0.0118072034202,0.0,-0.00840601000317,0.00857884482329,-0.999927868607,0.0,0.661516308547,0.260680428587,0.3033875875,1.0,-0.00306,-0.00402171428571,0.154
0.464932701475,0.546332621843,-0.124004183007,-1.35773628264,0.0794494161509,1.89484107266,0.158950068281,-0.00014852487275,-0.00693185128834,0.000649248452923,-0.0288126403398,9.69828323312e-05,0.00667762902498,-0.00291008471117,0.573853886797,0.818942929822,0.00222288185821,0.0,0.818902886797,-0.573793766011,-0.0118119847542,0.0,-0.00839802733687,0.00859884328707,-0.999927763906,0.0,0.661469683319,0.260623372282,0.303399207782,1.0,-0.00338,-0.00444228571429,0.17
0.464897159782,0.546035004028,-0.124004531353,-1.35823009436,0.079421936812,1.8950112685,0.158931734621,0.000656756537355,-0.0224268541287,0.000901785254086,-0.0258601280638,0.000149363634768,0.0118133985594,0.000559327330202,0.573888501163,0.818918732276,0.00220115012936,0.0,0.818878368977,-0.57382842245,-0.0118281575689,0.0,-0.00842337947131,0.0085906832438,-0.9999276208,0.0,0.661409001914,0.260552049941,0.303389650051,1.0,-0.00372,-0.00488914285714,0.187
0.464841553299,0.545707759591,-0.124007318235,-1.35879617281,0.079368501924,1.89519573686,0.158872053295,-0.00186572670109,-0.0238031660202,5.57191280922e-05,-0.0336084369948,-0.00188799949105,0.0125195577024,-3.24702153616e-05,0.573904465353,0.81890769842,0.0021431326892,0.0,0.818866726143,-0.573844761276,-0.0118415232504,0.0,-0.00846745210901,0.00855100775225,-0.999927588639,0.0,0.661342544934,0.260454618787,0.303367923836,1.0,-0.00406,-0.005336,0.204
0.464780106125,0.545339561405,-0.124004535246,-1.35944449219,0.0793244218685,1.8954111879,0.158761929642,-0.00367049213318,-0.0215923672164,-6.43716136726e-05,-0.038443172555,-0.00211608241713,0.00953341998132,-0.00741546326606,0.573887085125,0.818920026796,0.00208569909485,0.0,0.818878292761,-0.573827598487,-0.0118733213685,0.0,-0.00852663311461,0.00852204358069,-0.99992733301,0.0,0.661264107663,0.26035094728,0.303338548163,1.0,-0.0044,-0.00578285714286,0.221
0.464721947482,0.5449150469,-0.124009697668,-1.36013411569,0.0792969480926,1.89564345522,0.158698428366,-0.00049693189933,-0.0275028835969,-0.00124735410899,-0.037692463579,-0.00501129024443,0.0083467737957,0.0015607837863,0.573917394098,0.818898840566,0.00206411544392,0.0,0.81885668769,-0.57385785383,-0.0119010723646,0.0,-0.00856143033622,0.00852061122205,-0.999927047886,0.0,0.661180980272,0.260244525881,0.303331097102,1.0,-0.00474,-0.00622971428571,0.238
0.464655942874,0.544512762874,-0.124007016998,-1.36081577187,0.0792746043571,1.89587451566,0.158596042033,-0.00515098786073,-0.0247074048995,0.000869077126065,-0.0422700371173,-0.00129450083866,0.0249512290791,-0.0096099663902,0.573917733839,0.818898678359,0.00203378184634,0.0,0.818855906604,-0.573858096405,-0.0119430444849,0.0,-0.00861320699635,0.00851986333731,-0.999926609604,0.0,0.661098727229,0.260138863666,0.303311314316,1.0,-0.00506,-0.00665028571429,0.254
0.464583785787,0.544032158942,-0.124007730582,-1.361600456,0.0792381115267,1.89616012994,0.158513018518,-0.0055577639303,-0.0310195627308,-0.000248354154608,-0.0486117429002,-0.00171070904952,0.0183975950002,-0.0102305743976,0.573943380569,0.81888073046,0.00202288989783,0.0,0.818837707648,-0.573883677517,-0.0119616100155,0.0,-0.00863439469204,0.00852186948849,-0.999926409777,0.0,0.661008802796,0.2600173881,0.303302701916,1.0,-0.0054,-0.00709714285714,0.271
0.464506903144,0.543516534796,-0.124010111,-1.36243569131,0.0791941082611,1.89644130914,0.158399823043,-0.0112980277698,-0.0300857803685,-0.00022179120642,-0.0490756370539,-0.0022979234151,0.013825407844,-0.00616379727258,0.573949964135,0.818876188307,0.0019934379103,0.0,0.818832685778,-0.573890289877,-0.0119881102829,0.0,-0.00867293037405,0.00851303148716,-0.99992615156,0.0,0.660909194501,0.259884771269,0.30329441033,1.0,-0.00574,-0.007544,0.288
0.464424076003,0.542974512575,-0.124020931927,-1.36329331314,0.0791341977813,1.89675388468,0.15827431275,-0.00793181026731,-0.0388401466648,-0.001582588936,-0.0500123280352,-0.00434085650602,0.0213433166335,-0.0136681277279,0.573954338017,0.818873146717,0.00198352175919,0.0,0.818829628406,-0.573894816476,-0.0119802406752,0.0,-0.0086721314896,0.00850044115088,-0.999926265599,0.0,0.660815636117,0.259740592487,0.303297051363,1.0,-0.00608,-0.00799085714286,0.305
0.464350498674,0.542417830025,-0.124013304362,-1.36415735245,0.0790856727103,1.8970536756,0.158176202232,-0.00666925729582,-0.035352397505,-0.000284021978772,-0.0509892538081,-0.00220706066481,0.0167990886393,-0.00755097448173,0.573959571285,0.818869483381,0.00198157009369,0.0,0.818825815849,-0.57389993608,-0.0119955644759,0.0,-0.00868574596269,0.00850769359202,-0.999926085752,0.0,0.660705102292,0.259608584832,0.303302695014,1.0,-0.00642,-0.00843771428571,0.322
0.464265812994,0.541815452651,-0.124022570069,-1.36508687256,0.0790323923319,1.89741215303,0.158055015274,-0.00619673527826,-0.0417830037975,0.000726621959653,-0.0564981711042,-0.00254651204381,0.0256786266557,-0.00668306555063,0.573969707442,0.818862298996,0.0020142302577,0.0,0.81881907556,-0.573909950898,-0.0119765045458,0.0,-0.00865128782208,0.0085236050737,-0.999926248968,0.0,0.660601446019,0.259460343147,0.303327169635,1.0,-0.00676,-0.00888457142857,0.339
0.464177015336,0.541158277348,-0.12402505004,-1.36609626412,0.078973759379,1.89778854409,0.157922198255,-0.00365199200918,-0.0422667015168,-0.00176009912942,-0.0669066524312,-0.00475639584492,0.0236890348431,-0.00946349504161,0.573984041825,0.818852218238,0.0020276386335,0.0,0.818809190439,-0.573924247805,-0.0119672192089,0.0,-0.00863583928443,0.00852940621641,-0.999926333041,0.0,0.660497468292,0.259310359168,0.303337026803,1.0,-0.00708,-0.00930514285714,0.355
0.464087579066,0.540462797469,-0.124023428547,-1.36715845297,0.0789095859287,1.89817839853,0.157784345975,-0.00671124658489,-0.0386480415222,0.000734279178637,-0.066352668796,-0.00178943471468,0.0307101281429,-0.00912275697179,0.573984942337,0.818851536633,0.00204788315044,0.0,0.818808752028,-0.573925043213,-0.0119590667522,0.0,-0.00861753467537,0.00854131333364,-0.999926389322,0.0,0.660374653809,0.259151349878,0.303356772468,1.0,-0.00742,-0.009752,0.372
0.463996471696,0.539777613061,-0.124029706247,-1.36821309811,0.0788371099411,1.89856690857,0.157655810107,-0.00797490600076,-0.0391200223386,-0.000899906112885,-0.0688797972675,-0.000206885551334,0.0140671222354,-0.00334709117164,0.573997675876,0.818842586453,0.00205757191466,0.0,0.818800028628,-0.573937834669,-0.0119424434715,0.0,-0.00859822847393,0.00853983915791,-0.999926568111,0.0,0.660255548986,0.258985993538,0.303372853655,1.0,-0.00774,-0.0101725714286,0.388
0.463885288023,0.538978668164,-0.124037788271,-1.36944977763,0.0787796613124,1.89903108883,0.157499759154,-0.00796437948994,-0.042994389771,-0.000432919466623,-0.0691592234601,-0.0035783400483,0.0292345413915,-0.00443465143168,0.574019675758,0.818827089783,0.00208705085057,0.0,0.818784799276,-0.573959593767,-0.0119408583388,0.0,-0.00857978061203,0.00856329801367,-0.999926525947,0.0,0.660116996147,0.258793789916,0.30338921862,1.0,-0.0081,-0.0106457142857,0.406
0.463783680642,0.538247348476,-0.124038669484,-1.37057869624,0.0787112146953,1.89946532217,0.157356797754,-0.00301897687324,-0.0481468789172,-0.00145406587756,-0.0721386430857,-0.000370730060008,0.0271276540534,-0.00170385726763,0.574030551289,0.818819388807,0.00211697961882,0.0,0.818777508612,-0.573970365557,-0.011922992711,0.0,-0.00854785861147,0.00857766252359,-0.999926676221,0.0,0.659991861619,0.258620194042,0.303406108853,1.0,-0.00842,-0.0110662857143,0.422
0.463684892567,0.537454957195,-0.124039684661,-1.37183153974,0.0786309855027,1.89993597129,0.157203760557,-0.00529355557879,-0.0467688554449,0.00170292252926,-0.0742082195774,-0.00699640043047,0.0268402713585,-0.0107152619087,0.574034505654,0.818816604188,0.00212177417708,0.0,0.818774827951,-0.573974341549,-0.0119156728004,0.0,-0.00853907120643,0.00857742777438,-0.999926753315,0.0,0.659846605965,0.258435050883,0.303410172761,1.0,-0.00876,-0.0115131428571,0.439
0.463566614491,0.536617788174,-0.12404593832,-1.37312573496,0.078569935123,1.90042662496,0.157041704594,-0.00610318870462,-0.054795114332,-0.000386867805575,-0.0702086268489,-0.00151000854214,0.0304209892745,-0.0182702146946,0.574058052686,0.818800002386,0.00215757752564,0.0,0.818758574932,-0.573997621853,-0.0119110446137,0.0,-0.00851448291958,0.00860433183663,-0.999926731843,0.0,0.659701826988,0.258234152477,0.303427963279,1.0,-0.0091,-0.01196,0.456
0.46346303525,0.535755431204,-0.124055345552,-1.37449235184,0.0784886363401,1.90092345143,0.156883628706,-0.00610092332563,-0.0518650323123,0.00574299138763,-0.0776132571094,-0.00201814515617,0.0319601528418,-0.00318274412374,0.574073353174,0.818789297587,0.0021490078669,0.0,0.818747764709,-0.57401296141,-0.0119148989911,0.0,-0.00852239748856,0.00859968697455,-0.999926704376,0.0,0.65953987416,0.25803002078,0.303429512931,1.0,-0.00944,-0.0124068571429,0.473
0.463343613949,0.534864027743,-0.124053266123,-1.37591892754,0.0784021603945,1.90143117497,0.156699300168,-0.00288582455689,-0.0524778790357,0.000105716528552,-0.0845573634982,-0.00647818639397,0.0272822310694,-0.0145467129603,0.574073753065,0.818789077861,0.0021257749181,0.0,0.818747185259,-0.574013398463,-0.0119336464251,0.0,-0.0085510807016,0.00859143083335,-0.999926530469,0.0,0.65936834345,0.257815296274,0.303423418217,1.0,-0.00978,-0.0128537142857,0.49
0.463223639407,0.533966114125,-0.124055667612,-1.37739531726,0.0783235834368,1.90196852946,0.156520339474,-0.00723093207449,-0.0567376282431,0.000782650384367,-0.090987515967,-0.00651916036654,0.0376629776078,-0.00657272982093,0.574087007982,0.818779864889,0.00209452134018,0.0,0.818737443158,-0.574026658449,-0.0119641740962,0.0,-0.00859387922281,0.00858350521561,-0.999926231618,0.0,0.659191680046,0.257595074029,0.303400777914,1.0,-0.01012,-0.0133005714286,0.507
0.463102953801,0.533101305347,-0.12405874586,-1.3787805418,0.0782479865145,1.90249685144,0.156342215097,-0.00695014450928,-0.0521835888372,-0.000173519220627,-0.086295499739,-0.00695497230731,0.0366617196371,-0.00493823195086,0.57409779519,0.818772278871,0.00210328592642,0.0,0.818729915668,-0.574037352264,-0.0119662147947,0.0,-0.00859040566457,0.00859196606153,-0.999926188801,0.0,0.659033378853,0.257384261071,0.30339723675,1.0,-0.01044,-0.0137211428571,0.523
0.462968448276,0.532157127816,-0.124061564708,-1.38033193909,0.0781561201542,1.90307835893,0.156151969534,-0.00976699739747,-0.0573652781718,0.000404723813435,-0.0868765072631,-0.00301732958436,0.0345928874787,-0.0109723579114,0.574114328429,0.818760746737,0.00207951843792,0.0,0.81871805382,-0.574053962516,-0.0119809586287,0.0,-0.00861594871778,0.00858114451906,-0.99992606196,0.0,0.658853091234,0.257146810208,0.303374986261,1.0,-0.01078,-0.014168,0.54
0.462825282866,0.531157266475,-0.124054203372,-1.38193263465,0.0780586655972,1.90365827868,0.155949002989,-0.00479856483499,-0.0643402932635,0.00171709876085,-0.0954019092423,-0.00173626654709,0.0405801098509,-0.0114471245549,0.574121174357,0.818755989449,0.00206247386114,0.0,0.818713000736,-0.574060805925,-0.0119983510292,0.0,-0.00863990270665,0.00857724668561,-0.999925888714,0.0,0.658662233529,0.256903479753,0.303367822683,1.0,-0.01112,-0.0146148571429,0.557
0.462694331322,0.530182388847,-0.124064232588,-1.38347974582,0.0779661693148,1.90420243551,0.155751851601,-0.00542553133979,-0.0663684087641,-0.00117433064456,-0.0965500585463,-0.0054992322786,0.0329988530566,-0.0095034882811,0.574133164808,0.818747645014,0.00203709416672,0.0,0.818704300044,-0.574072877104,-0.012014481462,0.0,-0.00866755477111,0.00856585493841,-0.999925747055,0.0,0.658476207946,0.256662528801,0.303365801865,1.0,-0.01144,-0.0150354285714,0.573
0.462553714733,0.529141322187,-0.124069864339,-1.38513435092,0.077857689619,1.90482021946,0.155521254388,-0.0104892670919,-0.0630758047581,-0.00239920330755,-0.100049623962,-0.0098343583245,0.0379027451651,-0.0137571319108,0.574124147258,0.818753976628,0.00203376331891,0.0,0.818710672568,-0.574063958154,-0.0120063930006,0.0,-0.00866293858178,0.00855838865326,-0.99992585099,0.0,0.65828341864,0.25640830877,0.303365245585,1.0,-0.01178,-0.0154822857143,0.59
0.462412810901,0.528043868715,-0.124065246758,-1.38683233326,0.0777510688229,1.90547244675,0.155280327907,-0.00828341148263,-0.0630872926339,0.000886611418407,-0.0976800664754,-0.00930094977151,0.0376788129943,-0.0140860807558,0.574102406614,0.818769115495,0.0020758450876,0.0,0.818726383319,-0.574042066145,-0.0119817551234,0.0,-0.00861883458065,0.00857846875481,-0.999926060049,0.0,0.658085996399,0.256158108549,0.303386139744,1.0,-0.01212,-0.0159291428571,0.607
0.462266412215,0.526890241258,-0.124073978252,-1.3885932243,0.0776436686024,1.90614484442,0.155039455457,-0.00774942854591,-0.0732924287698,-0.000722895685725,-0.100337555545,-0.00319657775998,0.0397170252011,-0.0158192532598,0.574097581234,0.8187723642,0.00212831965383,0.0,0.818730375087,-0.57403708292,-0.0119476878031,0.0,-0.0085608670069,0.00860182422937,-0.999926357376,0.0,0.657883320611,0.255891067806,0.303418524399,1.0,-0.01246,-0.016376,0.624
0.462116905358,0.525732154926,-0.124077503598,-1.39041525525,0.0775304781589,1.90680702709,0.154793625292,-0.0103570764731,-0.0672789029754,0.000550907399194,-0.106280129679,-0.00368531665284,0.0380522013349,-0.0161213416512,0.574088899859,0.818778461428,0.00212439669211,0.0,0.818736416809,-0.574028414367,-0.0119501544449,0.0,-0.00856522991279,0.00859993752945,-0.999926336242,0.0,0.657663741538,0.255616237104,0.303423606482,1.0,-0.0128,-0.0168228571429,0.641
0.461970005399,0.524631836734,-0.1240829541,-1.39215612361,0.0774137180683,1.90743268129,0.154563721936,-0.00838500236815,-0.0712476935112,0.00112042335125,-0.110304473876,-0.0053414721804,0.0340547281993,-0.0133167739223,0.574082516387,0.818782980348,0.00210769379073,0.0,0.818740777433,-0.574022160058,-0.0119518212852,0.0,-0.00857625002939,0.00858715182092,-0.999926351667,0.0,0.657439144645,0.255333311277,0.303425894874,1.0,-0.01314,-0.0172697142857,0.658
0.461818932146,0.523426365118,-0.124089723536,-1.39406421224,0.0773018425608,1.90813160368,0.154302816574,-0.00428052986444,-0.0746354507947,-0.00104143339685,-0.114683623638,-0.00338750155914,0.0503667156332,-0.00905221563696,0.574073982941,0.818788980072,0.00210121959051,0.0,0.818746659139,-0.574013620772,-0.0119590224117,0.0,-0.00858595240411,0.00858589545289,-0.999926279193,0.0,0.657222501731,0.25506329507,0.303423431142,1.0,-0.01346,-0.0176902857143,0.674
0.461659067066,0.52220250227,-0.124085117396,-1.39600229253,0.0771809121032,1.90889050303,0.154032991683,-0.0127496655331,-0.0699168563264,0.00127749890382,-0.119858489195,-0.00487940619884,0.0490715520848,-0.0180577530176,0.574052153317,0.818804194973,0.00213599342256,0.0,0.818762361204,-0.573991684888,-0.0119368528585,0.0,-0.00854806730857,0.00860141270927,-0.999926470419,0.0,0.656996111426,0.25477886418,0.30342673263,1.0,-0.0138,-0.0181371428571,0.691
0.461500879433,0.520944914582,-0.124093649574,-1.39801622619,0.077058118907,1.90965712601,0.153770164758,-0.0104720587961,-0.0703602371879,-0.00134095634505,-0.115067593766,-0.0106327683654,0.0397763643092,-0.0139286525004,0.574047173379,0.81880767539,0.00214017747644,0.0,0.818765935387,-0.573986727988,-0.0119300479721,0.0,-0.00854014580455,0.00860088032363,-0.999926542686,0.0,0.656756255357,0.254479594748,0.303418389843,1.0,-0.01414,-0.018584,0.708
0.461323625562,0.519648824743,-0.124101465722,-1.40005514073,0.0769298864758,1.91040416383,0.153489325583,-0.00941632315295,-0.0742870829095,-0.00119104276637,-0.12227576937,-0.00750738093623,0.0401842597579,-0.0191269577904,0.574041851858,0.818811408408,0.00213931688779,0.0,0.818769687695,-0.573981441361,-0.0119268766597,0.0,-0.0085380988697,0.00859829972862,-0.99992658236,0.0,0.656511875161,0.254163630469,0.30342307685,1.0,-0.01448,-0.0190308571429,0.725
0.461166006088,0.518375772126,-0.124102090768,-1.40201683381,0.0768019774741,1.91109579029,0.153230384638,-0.0124536714586,-0.0787923987642,3.61189311383e-05,-0.121592228777,-0.0131531382893,0.0457701286107,-0.0174510113561,0.574028692989,0.818820635528,0.00213854152695,0.0,0.818778905236,-0.573968287829,-0.011927103926,0.0,-0.0085388681977,0.00859765809959,-0.999926581307,0.0,0.656266731264,0.253869987646,0.303442896321,1.0,-0.0148,-0.0194514285714,0.741
0.460979608668,0.517016169132,-0.124107493379,-1.40415115571,0.0766551522991,1.91187052704,0.15292866276,-0.011982250574,-0.0826170274626,0.00359215935366,-0.127364556403,-0.0120720565921,0.0507233366714,-0.0201374508887,0.574011311041,0.818832847682,0.00212820484217,0.0,0.818791099966,-0.573951068132,-0.0119185950478,0.0,-0.00853801606426,0.00858412882392,-0.999926704821,0.0,0.656008300874,0.253537952328,0.303448268623,1.0,-0.01514,-0.0198982857143,0.758
0.460805951466,0.515670527673,-0.124112085941,-1.40631985712,0.0765257171368,1.91269600318,0.152637064569,-0.0107022103763,-0.0786166598207,0.00018482258415,-0.131710579746,-0.00938919110487,0.0476661157939,-0.0176219256211,0.573997882881,0.818842261144,0.00212807743502,0.0,0.818800498713,-0.573937629043,-0.0119200745409,0.0,-0.00853944148329,0.00858473369807,-0.999926687456,0.0,0.655746334772,0.253216720888,0.303431529195,1.0,-0.01548,-0.0203451428571,0.775
0.460616709882,0.514283390636,-0.124111397173,-1.40854868825,0.0763909733687,1.91349737414,0.152326929798,-0.0115052389735,-0.0852481829134,0.00169326861837,-0.131524839241,-0.00880353966769,0.0510909510786,-0.0199386707415,0.573979328097,0.818855354722,0.00209424491556,0.0,0.818813056951,-0.573919120614,-0.0119485421979,0.0,-0.00858236579675,0.00857317636404,-0.999926419115,0.0,0.655468564005,0.252879380181,0.303412573869,1.0,-0.01582,-0.020792,0.792
0.460420302379,0.512869162109,-0.124119173422,-1.41082798849,0.0762540214253,1.91428683657,0.152010924406,-0.0123655087064,-0.0832022895533,0.00023336136779,-0.133280262318,-0.0128916376215,0.0558758009708,-0.021371475575,0.573969362816,0.818862501201,0.00203016649677,0.0,0.818819256636,-0.573909313405,-0.0119946592473,0.0,-0.00865701188634,0.0085470709047,-0.999925999124,0.0,0.655180088048,0.252525707283,0.30338738589,1.0,-0.01616,-0.0212388571429,0.809
0.460234374343,0.511545462617,-0.124119539346,-1.41299708494,0.0761221489774,1.91508930115,0.151714342393,-0.0120737631496,-0.0823861857364,0.000630069354985,-0.132577892816,-0.00542574589093,0.0568953648359,-0.0217726401844,0.573957068362,0.818871212881,0.00199180657803,0.0,0.818827412125,-0.573897128463,-0.0120208982664,0.0,-0.0087006429821,0.00853058959411,-0.999925761171,0.0,0.654912612375,0.2521968265,0.303351738287,1.0,-0.01648,-0.0216594285714,0.825
0.460030125222,0.510063976915,-0.124124868412,-1.41532546447,0.0759853268287,1.91597151843,0.151384722809,-0.0150021204547,-0.0813072780891,-0.000624530090295,-0.139870044195,-0.0108619838201,0.0522571870426,-0.0180199109938,0.573942990748,0.81888100523,0.00202226242383,0.0,0.818837563994,-0.573882885778,-0.0120093340242,0.0,-0.0086738407206,0.00854874211339,-0.999925838998,0.0,0.654632401949,0.251840865391,0.303357323512,1.0,-0.01682,-0.0221062857143,0.842
0.459822160082,0.508558886246,-0.124126269308,-1.417695738,0.0758329899389,1.91681408205,0.151056036586,-0.00938541116927,-0.0880910961429,0.00100681761722,-0.141432390394,-0.0115952652139,0.0501865410509,-0.0138148844078,0.573926973673,0.818892286898,0.00199956258937,0.0,0.818848523903,-0.573866942175,-0.0120239129297,0.0,-0.00869897416983,0.00853835122393,-0.999925709444,0.0,0.654334790732,0.251475090211,0.303355394854,1.0,-0.01716,-0.0225531428571,0.859
0.459608034755,0.507031297083,-0.124129702366,-1.42009419615,0.0756808531037,1.91768271409,0.150721172682,-0.0143624048053,-0.0891987241827,0.000870393660632,-0.141534770342,-0.0155142666724,0.0487831756019,-0.0212787417548,0.573913617165,0.818901660563,0.00199430721105,0.0,0.818857817972,-0.573853599007,-0.0120277909156,0.0,-0.00870530518717,0.00853613138904,-0.999925673299,0.0,0.654037253255,0.251102912345,0.303357591336,1.0,-0.0175,-0.023,0.876
0.459383287954,0.505438089869,-0.124136618414,-1.42255599757,0.0755181431912,1.9186169119,0.150388257785,-0.00991046882969,-0.0963004251378,0.000234806277123,-0.150872053836,-0.0136857170377,0.0550191451265,-0.018597405642,0.573913192561,0.818901843247,0.00204093912007,0.0,0.818858742803,-0.573853108389,-0.0119881703792,0.0,-0.00864610202683,0.00855157462157,-0.999926055012,0.0,0.653742380339,0.250717886394,0.303380710016,1.0,-0.01784,-0.0234468571429,0.893
0.459176215363,0.503879546159,-0.124146134351,-1.42488173403,0.0753746099522,1.91950512476,0.150057385944,-0.0113498725577,-0.09766629518,-0.00158625094514,-0.146524488124,-0.0124872851903,0.0573704416568,-0.0221336506853,0.57389965195,0.818911075757,0.0021415871493,0.0,0.818869351558,-0.573839216709,-0.0119283421953,0.0,-0.00853948925849,0.00859951708181,-0.999926560018,0.0,0.653464191336,0.250358607861,0.303439821739,1.0,-0.01816,-0.0238674285714,0.909
0.458934959432,0.502192583639,-0.124146550846,-1.42736728111,0.075215517475,1.92043483513,0.149719648769,-0.016507714518,-0.0984891406827,-0.000872655585902,-0.151910898745,-0.0108051980408,0.0489585008311,-0.017830710647,0.573905282913,0.818906835777,0.00225110256444,0.0,0.818866587712,-0.573844458421,-0.0118657476944,0.0,-0.00842532138014,0.00865333456656,-0.99992706422,0.0,0.653165589145,0.249965480845,0.303515209127,1.0,-0.0185,-0.0243142857143,0.926
0.458706954343,0.500478394845,-0.12415269746,-1.42994922909,0.0750472522885,1.92134370153,0.149357222466,-0.0178589068804,-0.100147215282,-0.00162834697931,-0.150912067809,-0.00950251312034,0.0501371463561,-0.0186209778828,0.573885567948,0.818920564325,0.0022827893259,0.0,0.818880735998,-0.57382462911,-0.0118482969306,0.0,-0.00839305486273,0.00866906572293,-0.999927199315,0.0,0.652837651422,0.249563896829,0.303561466444,1.0,-0.01884,-0.0247611428571,0.943
0.458225685789,0.497227221404,-0.124147923082,-1.43506003671,0.0747318013329,1.92322872772,0.14860710003,-0.0144811469516,-0.0978129680544,0.000211827977612,-0.15910231988,-0.00669441338044,0.0564948929745,-0.0255098131582,0.573836559795,0.818954845586,0.00230443814553,0.0,0.818915172336,-0.573775411569,-0.011851771929,0.0,-0.00838399752261,0.00868828666876,-0.999927108474,0.0,0.652201277675,0.248766329711,0.303559341286,1.0,-0.0195,-0.0256285714286,0.976
0.45809866511,0.496439442215,-0.124144095835,-1.43631439543,0.0746563249619,1.92367370148,0.148417735344,-0.0144775683138,-0.10259546036,0.00118593368506,-0.157131440926,-0.0109343177959,0.0520788643046,-0.0199464789902,0.573826298125,0.818962088578,0.00228559691445,0.0,0.818922107901,-0.573765160661,-0.0118688038469,0.0,-0.00840886640325,0.00868252478311,-0.999926949696,0.0,0.652021784021,0.248540147849,0.303549919317,1.0,-0.01968,-0.0258651428571,0.985
0.457939916982,0.495448059776,-0.124145148099,-1.43791250006,0.0745556188854,1.92420901831,0.148186559998,-0.0162595219941,-0.0979118359335,0.000393598061894,-0.160850453143,-0.00281874346713,0.0493493526037,-0.0268136937968,0.573820353827,0.818966412544,0.00222790482965,0.0,0.81892555209,-0.573759314537,-0.0119136903184,0.0,-0.00847879431536,0.00866097293707,-0.9999265461,0.0,0.651833050606,0.248305061704,0.303526284157,1.0,-0.01986,-0.0261017142857,0.994
0.457643452817,0.493680713689,-0.124173701788,-1.44078479458,0.0743789510151,1.9252303371,0.147792728749,-0.0194417315944,-0.123425300648,-0.00408249425016,-0.190474183898,-0.0136172312138,0.0712317951409,-0.0241271577414,0.573857907183,0.818940306738,0.00215017772283,0.0,0.818898423845,-0.57379716939,-0.0119551965677,0.0,-0.00855699120181,0.00862152722162,-0.999926220863,0.0,0.651476177835,0.24781876657,0.303479438439,1.0,-0.0286714285714,-0.0376824489796,1.011
0.4573271449,0.490909399047,-0.124256329709,-1.44487476966,0.0741601276966,1.9267942739,0.147180157808,-0.0241713053545,-0.189723628841,-0.00351400485889,-0.288600819091,-0.0180385913055,0.115908216808,-0.0450303032399,0.573821351027,0.818965342869,0.00236033600886,0.0,0.818926302105,-0.573759889209,-0.0118341944169,0.0,-0.0083376894876,0.00872382262867,-0.999927186275,0.0,0.650975693675,0.247186575896,0.303598970766,1.0,-0.0425777142857,-0.0559592816327,1.027
0.456795642379,0.486942687869,-0.124291698936,-1.45118822833,0.0738223305143,1.92922456314,0.146226363276,-0.0416708885837,-0.260181625613,-0.00227005946582,-0.407114303416,-0.0211726138737,0.166354190689,-0.0575246140969,0.573725723031,0.819032085249,0.00244641917446,0.0,0.818993853464,-0.573663616078,-0.0118266850282,0.0,-0.00828317230689,0.00878904490209,-0.999927068214,0.0,0.650182557741,0.246234047331,0.303563101447,1.0,-0.0573531428571,-0.0753784163265,1.044
0.45601073105,0.481706422401,-0.124443053343,-1.4595326854,0.0733264974213,1.93221729476,0.144942823952,-0.0507971392874,-0.332686261195,-0.00489461148484,-0.537241121299,-0.0390731054545,0.185581417079,-0.0813001837343,0.573703915234,0.819047703538,0.00232892167787,0.0,0.819008054633,-0.573642382511,-0.0118730928843,0.0,-0.0083888227916,0.0087192133583,-0.999926798806,0.0,0.649125791167,0.244838861394,0.303489703223,1.0,-0.0721285714286,-0.0947975510204,1.061
0.454981078929,0.475157638335,-0.124605016692,-1.46991464898,0.0727039370046,1.93581093941,0.143432886713,-0.0648289508379,-0.407625292831,-0.00733312358894,-0.643686492356,-0.0382983340858,0.227688963481,-0.0893821092441,0.573763495571,0.819006554108,0.00211243438302,0.0,0.818963924758,-0.573702671163,-0.0120034139526,0.0,-0.00861913139565,0.00861729421097,-0.999925723649,0.0,0.647776080878,0.243077038239,0.30340082727,1.0,-0.086904,-0.114216685714,1.078
0.453825940079,0.467846092349,-0.1247425064,-1.48110541477,0.072069750483,1.93991099559,0.141728943765,-0.0734178106073,-0.483408899043,-0.00464774460377,-0.730283068696,-0.0477930690574,0.279888835586,-0.11456375878,0.573779360737,0.818994895704,0.00231363431781,0.0,0.818954610356,-0.573717425435,-0.0119335170482,0.0,-0.00844627984315,0.00874213558773,-0.999926114982,0.0,0.646352867154,0.241196893284,0.303485923065,1.0,-0.100810285714,-0.132493518367,1.094
0.452376019779,0.459032740845,-0.124861556012,-1.49471099941,0.0712135673601,1.94482848039,0.139560111617,-0.0947728339498,-0.543777021203,-0.00852502497944,-0.811599258431,-0.0540569066722,0.289281707901,-0.130341949579,0.573683775774,0.819061589114,0.00240531758185,0.0,0.819022492019,-0.573621483637,-0.0118868826177,0.0,-0.00835650801522,0.00878949012721,-0.999926454114,0.0,0.644581874707,0.23889542888,0.303512969178,1.0,-0.115585714286,-0.151912653061,1.111
0.450620517527,0.448978771952,-0.125048901696,-1.51011783517,0.0701757942695,1.95023766213,0.137150906254,-0.105250091922,-0.62335108043,-0.0174462303096,-0.925514683919,-0.0686983763681,0.341833127471,-0.138967526192,0.573707562443,0.819044941171,0.00240084125284,0.0,0.819006265014,-0.573645788917,-0.0118318902495,0.0,-0.0083137774448,0.00875451749311,-0.999927117108,0.0,0.642548626228,0.236171482649,0.303559263378,1.0,-0.130361142857,-0.171331787755,1.128
0.448631025939,0.437869670794,-0.125175635619,-1.52721151794,0.0690627412176,1.95610913595,0.13448727221,-0.121495241404,-0.666121498642,-0.0101752222268,-1.0389223243,-0.0615856499416,0.348275297993,-0.160131519103,0.573706949193,0.819045669987,0.0022964806684,0.0,0.819005157192,-0.573645087997,-0.0119420437956,0.0,-0.00846387736236,0.00873223114644,-0.999926052726,0.0,0.640205904713,0.233176318337,0.303537839976,1.0,-0.145136571429,-0.190750922449,1.145
0.446498422311,0.426289231426,-0.125323273936,-1.54456025483,0.0678974670973,1.96219875829,0.131620938427,-0.136886313666,-0.72273480988,-0.00899249141854,-1.11381535057,-0.0848844277944,0.386600497929,-0.179625793037,0.573647006998,0.819086920014,0.00254474473454,0.0,0.819049748506,-0.573584305648,-0.011802571247,0.0,-0.00820786411616,0.00885495269084,-0.999927107733,0.0,0.6378413548,0.230069780953,0.303703848476,1.0,-0.159042857143,-0.209027755102,1.161
0.443912613639,0.41306051039,-0.12549341456,-1.56427604717,0.0664751640797,1.96914892104,0.128322521294,-0.15909864502,-0.798024909067,-0.00997976260101,-1.18342111464,-0.0944434915832,0.434708220224,-0.198371776664,0.573621274147,0.819103896124,0.00286148584421,0.0,0.819071707952,-0.573558445327,-0.0115322993264,0.0,-0.00780507220919,0.0089591068217,-0.999929405135,0.0,0.635138389133,0.226436539776,0.303901043436,1.0,-0.173818285714,-0.228446889796,1.178
0.441011469551,0.3989214133,-0.125649048372,-1.5854735304,0.0650753027584,1.97638668182,0.124739197276,-0.183019917721,-0.847578906071,-0.00890533702251,-1.26198012433,-0.0873759294639,0.441888665979,-0.2140145845,0.573649565481,0.819083479249,0.00302934751192,0.0,0.819052706876,-0.573585313304,-0.0115455022357,0.0,-0.00771928951941,0.00910444290923,-0.999928758307,0.0,0.632119355796,0.222492687066,0.303988187387,1.0,-0.188593714286,-0.24786602449,1.195
0.437775276207,0.383903118664,-0.125824797249,-1.60801086475,0.0634207615596,1.9839839628,0.120802564352,-0.194355470089,-0.908106460924,-0.0138224020084,-1.34906235496,-0.101894021647,0.438156830623,-0.245461205027,0.573615139594,0.819107569433,0.00303450620313,0.0,0.819077034782,-0.573551077349,-0.0115204021551,0.0,-0.00769615248089,0.00909394651991,-0.999929032169,0.0,0.628843043896,0.218190253536,0.304008421158,1.0,-0.203369142857,-0.267285159184,1.212
0.434401617397,0.368806555421,-0.126001492772,-1.63035036113,0.061730074987,1.99144119338,0.11679083038,-0.217612801787,-0.947017603206,-0.0132598039724,-1.42938238794,-0.107442063334,0.459690830005,-0.252021955014,0.57357148693,0.819137713293,0.00314689431174,0.0,0.819108983343,-0.573507506955,-0.0114175204852,0.0,-0.00754789943083,0.00912658931727,-0.999929864831,0.0,0.625533049059,0.21383746442,0.304104701127,1.0,-0.217275428571,-0.285561991837,1.228
0.430403700389,0.352041669689,-0.126208445039,-1.65516271255,0.0598028729722,1.99958516409,0.112249323818,-0.255704348053,-1.00767057866,-0.0133705095682,-1.52786686214,-0.117002323513,0.483656396635,-0.279403615311,0.573616517597,0.819106430206,0.00308117437183,0.0,0.819077041771,-0.57355295684,-0.0114259461388,0.0,-0.00759199545144,0.0090780054038,-0.99992997326,0.0,0.62153827243,0.208538570582,0.304090701735,1.0,-0.23292,-0.306123428571,1.246
0.425966190305,0.334448713025,-0.126433189319,-1.68103077968,0.0578437162448,2.00796295937,0.107316899095,-0.269668785743,-1.04906267209,-0.0123794130755,-1.57201625754,-0.127391881367,0.500064197329,-0.293923239893,0.573663096477,0.819073364465,0.00319722797471,0.0,0.819045231775,-0.573598892316,-0.0114002605598,0.0,-0.00750386782041,0.00915875943546,-0.99992990209,0.0,0.617776275572,0.203542209132,0.304145494988,1.0,-0.246826285714,-0.324400261224,1.262
0.421215204702,0.315994581099,-0.126594241241,-1.70787893721,0.0556547803119,2.01646747185,0.10206012975,-0.287283406366,-1.11195708986,-0.0126414273414,-1.60825927493,-0.137942168765,0.494647890327,-0.319435505774,0.573562806319,0.819143532555,0.00321359336928,0.0,0.81911565858,-0.573498625562,-0.01138469362,0.0,-0.00748285083659,0.00916231787385,-0.999930026989,0.0,0.613478454777,0.197997007466,0.304183052563,1.0,-0.261601714286,-0.343819395918,1.279
0.415979255563,0.296826403792,-0.126792396873,-1.73567548823,0.0533321322793,2.02506286677,0.096339031466,-0.326243669174,-1.14484528361,-0.0185621052872,-1.64922028207,-0.14030240996,0.488596767765,-0.342422405785,0.573429256193,0.819237441602,0.00310633560188,0.0,0.81920808624,-0.573365294108,-0.0114497970265,0.0,-0.00759918370473,0.00911055924261,-0.999929622582,0.0,0.608915703067,0.192084490432,0.304150106093,1.0,-0.276377142857,-0.363238530612,1.296
0.410226799445,0.276858436862,-0.127026924068,-1.7641823982,0.050982412951,2.03371717199,0.090311369312,-0.351201344806,-1.18151957093,-0.0146855853414,-1.69851543539,-0.145755638255,0.493136795231,-0.364680889924,0.573440982928,0.819228974371,0.00317388572716,0.0,0.819199825801,-0.57337601021,-0.0115040525447,0.0,-0.00760476964762,0.00919711890675,-0.999928787706,0.0,0.60413638112,0.185840111492,0.304197065251,1.0,-0.291152571429,-0.382657665306,1.313
0.403891853484,0.256152297255,-0.127353897754,-1.79330681384,0.0484221205686,2.04244898918,0.0838514940613,-0.388849954242,-1.22533369308,-0.027632720175,-1.72412763669,-0.15116868801,0.50523221479,-0.389951981333,0.573517559393,0.819174698515,0.00334204763477,0.0,0.819148097626,-0.573452539926,-0.0113721374152,0.0,-0.00739940399533,0.00925993074002,-0.999929748784,0.0,0.599182687493,0.179189860354,0.304316366227,1.0,-0.305928,-0.4020768,1.33
0.397444887692,0.236075419389,-0.127661376967,-1.82138005627,0.045890477795,2.05065149865,0.077425602626,-0.408951798919,-1.26437060151,-0.0177162180611,-1.73180459286,-0.150927791966,0.505554943237,-0.410698145776,0.573605792836,0.819112552252,0.00343046194043,0.0,0.819087226418,-0.573540686059,-0.0113112269381,0.0,-0.00729779897682,0.0092982118713,-0.999930140253,0.0,0.594270087713,0.172648224674,0.304374509412,1.0,-0.319834285714,-0.420353632653,1.346
0.390159584929,0.213998477416,-0.127893815149,-1.85189660124,0.0430964020654,2.05943375038,0.0700817108243,-0.444778505294,-1.30928769739,-0.0161740381425,-1.80290667294,-0.167677981191,0.526102957231,-0.433970632812,0.573456976005,0.819215769748,0.00365597697429,0.0,0.819193188919,-0.573391089767,-0.0112215999634,0.0,-0.00709674366468,0.00943023777844,-0.999930350997,0.0,0.588763803195,0.165526922848,0.304452046736,1.0,-0.334609714286,-0.439772767347,1.363
0.382219163126,0.191330187204,-0.128211466133,-1.88303467701,0.0400705263611,2.06792707178,0.062251058851,-0.477972556102,-1.36733787374,-0.0278599198761,-1.85922557428,-0.183515379636,0.529298839461,-0.474222684544,0.573350516551,0.819290640579,0.00357467917324,0.0,0.819266977864,-0.573284807169,-0.0112648014484,0.0,-0.00717997537093,0.00938747707041,-0.999930159175,0.0,0.582964584111,0.157991875104,0.304436476357,1.0,-0.349385142857,-0.459191902041,1.38
0.373469560676,0.168018979956,-0.1286702836,-1.91457212129,0.0370275009577,2.0761816712,0.0539194998002,-0.520685569576,-1.36607483139,-0.0207522463336,-1.8660087285,-0.186461116187,0.47249344272,-0.492024378064,0.573519760042,0.819172224536,0.0035634662977,0.0,0.819147634734,-0.573453038896,-0.011380315989,0.0,-0.00727909833243,0.00944602294965,-0.999928891161,0.0,0.576958014839,0.149999461848,0.304453068193,1.0,-0.364160571429,-0.478611036735,1.397
