position_joint1,position_joint2,position_joint3,position_joint4,position_joint5,position_joint6,position_joint7,velocity_joint1,velocity_joint2,velocity_joint3,velocity_joint4,velocity_joint5,velocity_joint6,velocity_joint7,ee_T_00,ee_T_10,ee_T_20,ee_T_30,ee_T_01,ee_T_11,ee_T_21,ee_T_31,ee_T_02,ee_T_12,ee_T_22,ee_T_32,ee_T_03,ee_T_13,ee_T_23,ee_T_33,v_x,v_y,time
0.46508330639,0.547655684113,-0.124024356232,-1.35582304536,0.0795192375336,1.89415057798,0.159132744226,-0.000398244690693,-0.000660348580034,-0.000348115029771,0.000228169822206,-8.74492238782e-05,0.000105818514558,0.00123976095209,0.573805924821,0.818976846152,0.00210547093032,0.0,0.81893580829,-0.573746809071,-0.0118104988593,0.0,-0.00846468085075,0.00850134343592,-0.99992803558,0.0,0.661697322085,0.260885485704,0.303313593767,1.0,0.0,0.0,0.0
0.46508471523,0.547662793116,-0.124021518037,-1.35582025832,0.0795198478831,1.89414546001,0.159135011066,0.000535317824394,0.00111832070807,-0.000584323002531,0.00111638481508,4.87656886251e-05,-0.000130071181553,-0.000400623766726,0.573804631776,0.818977770322,0.00209837349712,0.0,0.818936616332,-0.573745520296,-0.0118170754549,0.0,-0.00847415286758,0.00849929115927,-0.999927972798,0.0,0.661695697691,0.260888047546,0.303309346622,1.0,-8e-05,-0.000105142857143,0.005
0.465085039539,0.547658863883,-0.124019672588,-1.35582093255,0.0795195929699,1.89415142522,0.159136393895,9.4464919935e-05,-0.00088641442334,0.000406114406228,0.000719157868041,-0.000171604574858,0.00048893934909,0.000857581441367,0.573804212109,0.818978043729,0.00210640861229,0.0,0.81893699468,-0.573745069388,-0.0118127473117,0.0,-0.00846600212575,0.00850338381903,-0.999928007044,0.0,0.661696343576,0.260889667302,0.303312266019,1.0,-0.0004,-0.000525714285714,0.021
0.46508501616,0.547646145786,-0.124024701628,-1.35583058977,0.0795185254547,1.89414898914,0.159127097908,0.000165527110641,-0.0031941058302,-0.000647064849315,-0.00188242320198,-0.000272985144606,5.39882942685e-05,-0.00173948380723,0.573800337239,0.818980759746,0.00210595619155,0.0,0.818939726105,-0.573741218164,-0.0118104397873,0.0,-0.00846441204535,0.00850164920269,-0.999928035255,0.0,0.661695201049,0.260885423533,0.303316631907,1.0,-0.00072,-0.000946285714286,0.037
0.465086095433,0.547598649936,-0.124019413002,-1.35586685063,0.0795198478831,1.89415455401,0.159136452233,0.00114272097412,-0.00385017876102,0.000395680252174,-0.00402840432647,-0.00142677177224,-0.000812851034966,0.00174494402152,0.573805701719,0.818976953732,0.00212434251849,0.0,0.818936092958,-0.573746442985,-0.0118085441061,0.0,-0.00845225424842,0.00851567465239,-0.999928018751,0.0,0.661687684686,0.260886112798,0.303333329805,1.0,-0.00106,-0.00139314285714,0.054
0.465080424114,0.547491020314,-0.124024623687,-1.35599554603,0.0795163015205,1.89419047381,0.159131359483,-0.00126463610956,-0.00960751724429,-0.00126228793403,-0.0100389320026,-6.66503593496e-05,0.00247542689964,0.000154108811964,0.573815961825,0.818969726773,0.00213903853151,0.0,0.818929031525,-0.57375661837,-0.0118038596818,0.0,-0.00843987871786,0.00852512798468,-0.999928042731,0.0,0.661671065049,0.260867347607,0.303351603897,1.0,-0.00136,-0.00178742857143,0.069
0.465071838449,0.547363496733,-0.124019755875,-1.35618012313,0.0795177020192,1.89423375538,0.159130572601,-0.000556675888526,-0.00716807818944,-0.000113041609295,-0.012288162083,0.000263727998506,0.00233601147,0.000511902938801,0.573829472493,0.818960267237,0.0021363724263,0.0,0.818919368526,-0.573769967452,-0.0118253627721,0.0,-0.00845887877812,0.00853542277316,-0.999927794357,0.0,0.661641788723,0.260847411139,0.303357683416,1.0,-0.00168,-0.002208,0.085
0.465047016732,0.54717390422,-0.124022159353,-1.35641821697,0.0795100528535,1.89435714533,0.15911426839,-0.00549949462501,-0.0106006864046,-0.000630310588246,-0.0141380456462,-0.000136050860145,0.000696912022212,-0.000790515648122,0.573849609781,0.818945981696,0.00220257123658,0.0,0.818905945925,-0.573789845737,-0.0117903163111,0.0,-0.00839198072745,0.00856973209016,-0.999928064588,0.0,0.661624271859,0.260810975193,0.303389436198,1.0,-0.00206,-0.00270742857143,0.104
0.4650384532,0.546976257825,-0.124024075771,-1.35664820142,0.079509593701,1.89448574639,0.159105041011,0.000738215053277,-0.0103810209284,-0.00141126038125,-0.0141992516322,-5.14919314048e-05,0.0049803240185,-0.00241617896272,0.573863360046,0.818936104532,0.00229076237924,0.0,0.818897167812,-0.573803208992,-0.0117495872855,0.0,-0.00830787438954,0.00861872240042,-0.999928345856,0.0,0.661605101796,0.260788167336,0.303431196847,1.0,-0.0024,-0.00315428571429,0.121
0.465012707368,0.546775469966,-0.124019731542,-1.35693663103,0.0795039222342,1.89460618924,0.159079116386,0.00109942876788,-0.0113588265037,-0.000386287046129,-0.0215195145133,-0.000142049591764,0.0102250224253,-0.000915577805153,0.573874886617,0.818927928329,0.00232585788587,0.0,0.818889342321,-0.573814492715,-0.0117439297045,0.0,-0.00828298053346,0.00864433299228,-0.999928331302,0.0,0.661574302144,0.260749309384,0.30344642727,1.0,-0.00272,-0.00357485714286,0.137
0.464971516921,0.546501082684,-0.124020102552,-1.35732991188,0.0794971039348,1.89474682305,0.158977417743,-0.00434044493503,-0.0104692349049,-0.00136593293227,-0.0238541583509,0.000316692472059,0.00570223489475,-0.00680689515321,0.573845728223,0.8189482778,0.0023548650767,0.0,0.818909911844,-0.573785065375,-0.0117474226048,0.0,-0.00826950431241,0.00866979755224,-0.999928222378,0.0,0.661530571024,0.260687207278,0.303465769187,1.0,-0.00308,-0.004048,0.155
0.464942313455,0.546241701628,-0.124017309736,-1.35771422394,0.0794849494782,1.89488175264,0.158918943105,0.000647739272331,-0.0187000507141,0.00154030679689,-0.0303341536786,-0.000163089356488,0.00582266237503,-0.000544025542652,0.573838014788,0.818953636783,0.00237075620633,0.0,0.818915355672,-0.573777165823,-0.0117537706827,0.0,-0.0082656666093,0.00868637633643,-0.999928110227,0.0,0.661483784962,0.260634481931,0.30347812667,1.0,-0.00338,-0.00444228571429,0.17
0.464903672211,0.545973097439,-0.124017555691,-1.35817253211,0.0794686531197,1.89503904,0.158897196769,-0.00121236351255,-0.021891630854,0.000847058746796,-0.028166614697,-7.08993799029e-05,0.0123707131908,-0.00302725436334,0.573873310197,0.818928968412,0.00234849746787,0.0,0.818890280247,-0.573812417064,-0.0117798914179,0.0,-0.00829945710866,0.00868349421557,-0.999927855368,0.0,0.661428076187,0.260565934701,0.303463812906,1.0,-0.0037,-0.00486285714286,0.186
0.464834561476,0.545599047167,-0.124020103577,-1.35880050521,0.079413729184,1.89524675423,0.158805067581,-0.00330188145108,-0.0233491282625,0.00340244997742,-0.0310668511283,-0.00448898804213,0.0145525209092,-0.0135821016584,0.57387666608,0.818926756698,0.00229917255833,0.0,0.818887547147,-0.573816084994,-0.0117912098986,0.0,-0.00833699559665,0.00864963053461,-0.999927836594,0.0,0.661356829398,0.260454313648,0.30344776359,1.0,-0.00408,-0.00536228571429,0.205
0.464778745982,0.545246476832,-0.124023347314,-1.3594179368,0.0793314151348,1.8954385797,0.158735787577,-0.00297540695183,-0.0260155880276,-0.000329846478617,-0.0469532219043,-0.00633274410977,0.0113152035773,-0.00283442398873,0.573885502491,0.818920822105,0.00220546033315,0.0,0.818880721637,-0.573825618384,-0.0118012845922,0.0,-0.0083989297461,0.00857876025512,-0.999927928829,0.0,0.661279485091,0.260335668307,0.30341576464,1.0,-0.00442,-0.00580914285714,0.222
0.464712796105,0.544811355686,-0.124025798042,-1.36015304523,0.0793190591397,1.89567128611,0.158642660504,-1.31731228132e-05,-0.0286785070051,-0.000322509470991,-0.0413551646514,-0.000572582648581,0.0106199597799,-0.00452855604536,0.573897400027,0.818912575852,0.00217123363941,0.0,0.818871723598,-0.573837336789,-0.0118557200936,0.0,-0.00846302629071,0.00858209400169,-0.999927359786,0.0,0.661189766316,0.260233749644,0.303398460883,1.0,-0.00476,-0.006256,0.239
0.464637500687,0.544385982989,-0.124034284042,-1.36088051418,0.079289761292,1.8959173187,0.158573534273,-0.00355476435237,-0.0223256358505,-0.00131939684833,-0.0437407452221,-0.000530114825354,0.012310665285,-0.000292005040612,0.573941112822,0.818882051778,0.00212865914222,0.0,0.818840517349,-0.573881085381,-0.0118934390086,0.0,-0.00851789051492,0.00856933095934,-0.99992700339,0.0,0.66110593592,0.260110230423,0.303374856552,1.0,-0.0051,-0.00670285714286,0.256
0.464578969719,0.54392704649,-0.124034438709,-1.36161821699,0.0792607711349,1.89618657355,0.158471249441,-0.00183677418983,-0.0291388992884,-0.000554803346557,-0.0437820165409,-0.00284598833603,0.0193455277379,0.000376275098546,0.57393881695,0.818883660993,0.00212862803899,0.0,0.818841973385,-0.573878636265,-0.0119113543285,0.0,-0.00853260356286,0.00857956377882,-0.999926790201,0.0,0.661018890131,0.260003482118,0.303371831787,1.0,-0.00542,-0.00712342857143,0.272
0.464499444475,0.543413780189,-0.124034575463,-1.36245249264,0.0792137888011,1.89645868734,0.158369085062,-0.00643032030818,-0.0283072774561,-0.000223971723768,-0.0460160393988,-0.00231520521337,0.0148435711494,-0.00457091580353,0.573954134053,0.818873026552,0.00208932756646,0.0,0.818830736565,-0.57389402177,-0.0119425095336,0.0,-0.00858051152795,0.0085654232589,-0.999926501472,0.0,0.660917966866,0.259869400911,0.303361446681,1.0,-0.00576,-0.00757028571429,0.289
0.464422261969,0.542882161254,-0.124035016677,-1.36330703895,0.079162422168,1.89676849811,0.158245537471,-0.0016690314014,-0.026319532567,0.000920660478146,-0.0470509414146,-0.00311711852116,0.0130020572012,-0.0071677709179,0.573950344905,0.818875711734,0.00207779118893,0.0,0.818833251919,-0.573890261322,-0.0119507494597,0.0,-0.0085939198008,0.00856066610968,-0.999926427063,0.0,0.660819963245,0.259736386126,0.303357613331,1.0,-0.0061,-0.00801714285714,0.306
0.464351138075,0.542329889541,-0.124036793523,-1.36416382649,0.0791154933451,1.89707187685,0.158135300329,-0.00726874721175,-0.0339659356687,0.00103790328587,-0.0559444487877,-0.00372878059802,0.0170622040946,-0.00661804536109,0.573954601666,0.818872724197,0.00207934924177,0.0,0.818830223718,-0.573894450358,-0.0119570679983,0.0,-0.00859815539614,0.0085656131195,-0.999926348286,0.0,0.660719061889,0.259606897155,0.303366746692,1.0,-0.00642,-0.00843771428571,0.322
0.464264963935,0.541676502053,-0.124039273879,-1.36517490226,0.0790527189811,1.89744332657,0.158001048491,-0.00400873273338,-0.0414719412886,0.00085598037534,-0.0557156700809,-0.00902234970243,0.0197384991541,-0.00766603528022,0.573956369212,0.81887145968,0.00208941704403,0.0,0.818829106184,-0.573896191724,-0.0119500163464,0.0,-0.00858658416261,0.00856982848054,-0.999926411598,0.0,0.660603634373,0.25945213276,0.303379779629,1.0,-0.00678,-0.00891085714286,0.34
0.464192635521,0.541145917687,-0.124042391247,-1.36599664664,0.0790000597534,1.89774219193,0.157906257353,-0.00618132976062,-0.0315872932835,0.00106265705338,-0.0643010521949,-0.00148298882826,0.0241205730985,-0.00674212457665,0.573971667502,0.818860726512,0.00209341410384,0.0,0.818818455125,-0.573911501574,-0.0119445723639,0.0,-0.0085796719573,0.00857013722145,-0.999926468285,0.0,0.660510010223,0.259323727696,0.303389752747,1.0,-0.00706,-0.00927885714286,0.354
0.464103837061,0.540446420911,-0.124045005114,-1.36705316014,0.0789420854103,1.89812972003,0.157766832265,-0.00658382164831,-0.0415083736149,-0.00073287745468,-0.0638790020392,-0.0100848375304,0.0205205096767,-0.00772059380617,0.573975077811,0.818858261504,0.00212238548879,0.0,0.818816316637,-0.573914741306,-0.0119355026223,0.0,-0.00855558133014,0.00858869027364,-0.999926515514,0.0,0.660388627192,0.259164249664,0.303414981567,1.0,-0.0074,-0.00972571428571,0.371
0.463996623941,0.539631333446,-0.124048183827,-1.36829523453,0.0788678915216,1.89860080613,0.157613026008,-0.00468490940794,-0.0479255832126,-0.000991593294447,-0.0705734927472,-0.00527738848292,0.0226949581336,-0.00391064012492,0.573988148005,0.818849003796,0.00215912771891,0.0,0.818807554461,-0.573927677132,-0.011914574286,0.0,-0.00851721811125,0.00860690022549,-0.999926686445,0.0,0.66024966622,0.258974829261,0.303440707059,1.0,-0.00778,-0.0102251428571,0.39
0.463892603145,0.53892676617,-0.124051368429,-1.36939222639,0.0788095814196,1.89901119949,0.157478736082,-0.00826247356127,-0.046563801088,-0.00015546671714,-0.0718622816759,-0.00191124605273,0.0299292607412,-0.0192244256629,0.574010705175,0.818833143037,0.00217740902007,0.0,0.818791873907,-0.57395009889,-0.0119120992782,0.0,-0.00850446130701,0.00862068329349,-0.999926676291,0.0,0.660127274627,0.258801746336,0.303452023808,1.0,-0.0081,-0.0106457142857,0.406
0.463789936267,0.538148761236,-0.124059851146,-1.37058735699,0.0787423937876,1.89947253498,0.157333438568,-0.00843543963061,-0.0381848343101,-0.000298499097671,-0.0717253747889,-0.00153270304855,0.0239570485159,-0.00707803311485,0.574029898497,0.818819587827,0.00221475131347,0.0,0.81877882085,-0.573969155908,-0.011891067838,0.0,-0.00846560331309,0.00863938626795,-0.999926844607,0.0,0.659995399605,0.258617829299,0.303472966582,1.0,-0.00844,-0.0110925714286,0.423
0.463694339979,0.537426594136,-0.124063453246,-1.37169338374,0.0786679589824,1.89988441098,0.157190609114,-0.00460963984622,-0.0528119016511,0.000105386588834,-0.0698199372081,-0.00500597405952,0.0271436312756,-0.00669607435178,0.574034810868,0.818816093335,0.00223340721374,0.0,0.818775649421,-0.573974075441,-0.0118719643325,0.0,-0.0084392000951,0.00864374666099,-0.99992703011,0.0,0.659870040537,0.258446744996,0.303492284933,1.0,-0.00874,-0.0114868571429,0.438
0.463567719648,0.536554229942,-0.12406993403,-1.37306317885,0.0785953634905,1.90040171229,0.157022778175,-0.0107916802648,-0.043876877342,-0.000486121932187,-0.0753601237196,-0.0075045498901,0.0225538308993,-0.0141007958926,0.574061719475,0.818797174044,0.00225320042698,0.0,0.818756930689,-0.574000843859,-0.0118687235575,0.0,-0.00842490056734,0.00865837001966,-0.999927024177,0.0,0.659716842866,0.258231634409,0.303501234491,1.0,-0.0091,-0.01196,0.456
0.463452380596,0.535646328193,-0.124076235028,-1.37451114112,0.0785143917313,1.90093001648,0.156840775219,-0.00758113797561,-0.0498442407731,0.000472961793181,-0.0810849864454,-0.00134192422022,0.0209301907135,-0.0108171804257,0.574069486651,0.818791752309,0.0022444930111,0.0,0.818751338941,-0.574008586321,-0.0118800132282,0.0,-0.00843906106633,0.00865780144291,-0.99992690969,0.0,0.659545801178,0.258014671905,0.303498828144,1.0,-0.00946,-0.0124331428571,0.474
0.463339858719,0.534797685674,-0.124076931263,-1.37585595974,0.0784362597365,1.90140533592,0.156689717763,-0.00789131432945,-0.0464013470009,-0.000195438373917,-0.0831966348571,-0.00680419974634,0.0341039685668,-0.0157453237854,0.574091178832,0.81877658761,0.00222819877394,0.0,0.81873589023,-0.57403026703,-0.0118971208224,0.0,-0.00846219337563,0.00865450505049,-0.999926742729,0.0,0.659384069433,0.257811176445,0.303498738304,1.0,-0.00978,-0.0128537142857,0.49
0.463205264823,0.533838049575,-0.124080422081,-1.37743332494,0.0783506924936,1.90196808553,0.156508133112,-0.00616493882084,-0.0610322026772,-0.000619731691969,-0.0882770895329,-0.00312968099329,0.0295724065126,-0.0094070402308,0.574118627582,0.818757458335,0.00218467060239,0.0,0.818716068038,-0.574057759502,-0.0119346383333,0.0,-0.00851761102705,0.00864068946617,-0.999926391685,0.0,0.659195019303,0.257570100836,0.303473782164,1.0,-0.01014,-0.0133268571429,0.508
0.463100487332,0.53308636446,-0.124083048075,-1.37864992272,0.0782815881244,1.90243287708,0.156342266674,-0.00856621220218,-0.0540670998594,0.000180851273612,-0.0803910373381,-0.00695613649687,0.0340687425454,-0.0110134220542,0.574118640549,0.818757449064,0.00218473749122,0.0,0.818716033718,-0.574057745902,-0.0119376464846,0.0,-0.00852003554103,0.00864247137897,-0.99992635563,0.0,0.659055763473,0.257385307707,0.30346518576,1.0,-0.01042,-0.0136948571429,0.522
0.462968936505,0.532136594191,-0.124085820412,-1.38019297172,0.0781993319681,1.90302163519,0.156150859846,-0.00843251090895,-0.0501152700128,-0.00102391155907,-0.0894266770923,-0.00106580154382,0.0413412518523,-0.0148503487149,0.574134013366,0.818746671427,0.00218394695595,0.0,0.818705161269,-0.574073034295,-0.0119481005881,0.0,-0.00852888673813,0.00864798608804,-0.999926232493,0.0,0.65887775302,0.25715292714,0.303451482671,1.0,-0.01076,-0.0141417142857,0.539
0.462838319186,0.531144621398,-0.124083315205,-1.38179495174,0.0780939110192,1.90359454306,0.155946308203,-0.00841696517829,-0.0655033570019,-0.000753772912387,-0.100243959985,-0.00508172624475,0.0363363088925,-0.00889478022935,0.574130624317,0.818749143845,0.00214769064737,0.0,0.818707168626,-0.574069802048,-0.0119658396557,0.0,-0.0085642615173,0.00862845084544,-0.9999260989,0.0,0.658683345867,0.256913021369,0.30343767722,1.0,-0.0111,-0.0145885714286,0.556
0.462704231493,0.530110934775,-0.124086527724,-1.38343992782,0.0779971474536,1.90417843781,0.15572654703,-0.0111765351848,-0.0591162493845,-0.000685678980267,-0.0993991605622,-0.0118855503432,0.0383320206485,-0.00721644259603,0.57412611039,0.818752367586,0.00212528607556,0.0,0.818710028173,-0.574065309027,-0.0119857265789,0.0,-0.00859345445663,0.00862147759392,-0.999925908588,0.0,0.658483456612,0.25666511802,0.303433723402,1.0,-0.01144,-0.0150354285714,0.573
0.462552905664,0.52895427078,-0.124089398447,-1.38528289871,0.0778768380415,1.90485782393,0.155488130292,-0.0096283777066,-0.0632927775956,-0.000162675600993,-0.0939001937209,-0.00682513415879,0.0385763414019,-0.014222514951,0.574124521058,0.818753514256,0.00211284509622,0.0,0.818711072071,-0.574063831282,-0.0119851985409,0.0,-0.00860018105372,0.00861097183383,-0.999925941283,0.0,0.658264719074,0.256386874855,0.303430141467,1.0,-0.01182,-0.0155348571429,0.592
0.462421865292,0.527918235959,-0.124084355048,-1.38690418694,0.0777807841528,1.90548180103,0.155245197335,-0.0121942234614,-0.0619473092175,0.00119968992773,-0.100671287093,-0.0110666264357,0.0401789718855,-0.015254899944,0.574091507348,0.818776574013,0.00214707692448,0.0,0.818734544178,-0.57403064559,-0.0119712570515,0.0,-0.00856946187084,0.00863064921934,-0.999926035373,0.0,0.658074755836,0.256151490846,0.303441812338,1.0,-0.01214,-0.0159554285714,0.608
0.462268408841,0.526693486572,-0.124092233565,-1.38876155223,0.0776631871996,1.90619112569,0.155002080486,-0.00850184491527,-0.06892920451,-0.00124603051494,-0.104824952182,-0.00336581615034,0.0401757417151,-0.0100918320846,0.574092464779,0.818775742643,0.00220727065246,0.0,0.818734595353,-0.574031456029,-0.0119288206632,0.0,-0.00850014986515,0.00865558154772,-0.999926411473,0.0,0.657860852876,0.255870637513,0.30348144666,1.0,-0.0125,-0.0164285714286,0.626
0.462123235338,0.525600729621,-0.124098199656,-1.39049209235,0.0775508592387,1.90681421047,0.154763720964,-0.0093722716587,-0.0672792082246,-0.00155307138686,-0.108771367935,-0.00984864053835,0.0423491873365,-0.0181825961613,0.574083338053,0.81878219014,0.00218928767745,0.0,0.818740849419,-0.574022444918,-0.0119331942578,0.0,-0.00851415058832,0.00864327365562,-0.999926398822,0.0,0.657652579607,0.255604728709,0.303480751552,1.0,-0.01282,-0.0168491428571,0.642
0.461968915051,0.524427061863,-0.124100745348,-1.39234999204,0.0774367772486,1.90748053398,0.154503821383,-0.00819710088366,-0.0679156842014,-0.000635790163335,-0.114955956959,-0.0136988986577,0.0369670547309,-0.0197144531081,0.574076046349,0.818787334171,0.0021774551371,0.0,0.818745792598,-0.574015154996,-0.0119446992455,0.0,-0.00853044044213,0.00864011429875,-0.999926287289,0.0,0.657441127819,0.255340266552,0.303481223696,1.0,-0.01314,-0.0172697142857,0.658
0.461830647716,0.523373840501,-0.124107164574,-1.39402912358,0.0773316759271,1.90808888351,0.154290569621,-0.0113103623384,-0.0691946105964,0.000210126932542,-0.113668100837,-0.00758136322663,0.0381867247558,-0.0216776014078,0.574072706869,0.818789737165,0.00215416850671,0.0,0.818747912272,-0.574011931667,-0.0119543027796,0.0,-0.0085517066521,0.00862652601034,-0.99992622296,0.0,0.657222965902,0.255067605227,0.303473890651,1.0,-0.01346,-0.0176902857143,0.674
0.461665537359,0.522145675064,-0.124108883514,-1.39596636557,0.0772128052147,1.90885165317,0.154025736498,-0.0141214029954,-0.0714560427488,-0.00105988379552,-0.110443472481,-0.010410965491,0.0433780042729,-0.0181413323985,0.574064315918,0.818795508765,0.00219611417272,0.0,0.818754285773,-0.574003426739,-0.0119261276705,0.0,-0.00850464645368,0.00864460864916,-0.999926468162,0.0,0.657000337173,0.254776780937,0.303481134627,1.0,-0.0138,-0.0181371428571,0.691
0.46148529747,0.520831393618,-0.124111734682,-1.39809793301,0.0770745523972,1.90966119908,0.153733459732,-0.00715930846419,-0.069809195449,0.000541737302392,-0.118440435575,-0.0139411697759,0.0405248843674,-0.0150382842207,0.574051360527,0.818804631121,0.00218138343481,0.0,0.818763294697,-0.573990612337,-0.0119243912833,0.0,-0.00851181707143,0.00863141590923,-0.999926521115,0.0,0.656747956653,0.254453539309,0.303460139586,1.0,-0.01416,-0.0186102857143,0.709
0.461307828822,0.519525277757,-0.12411741767,-1.40014218963,0.0769523083068,1.910412194,0.153461444837,-0.0119864547566,-0.0776439067682,0.00119195990003,-0.121856435781,-0.0067130373548,0.0406600559923,-0.0142561264697,0.574053883739,0.818802834144,0.00219186318711,0.0,0.818761603206,-0.573993061281,-0.0119226514492,0.0,-0.00850435027153,0.00863902411394,-0.999926518945,0.0,0.656502580986,0.254139400032,0.303469564828,1.0,-0.0145,-0.0190571428571,0.726
0.461135868685,0.518178451437,-0.124121885117,-1.40224588016,0.07681340814,1.91115328302,0.153183409315,-0.0150446210137,-0.0831527805786,0.000993562343433,-0.125436021984,-0.00255417637708,0.044474241513,-0.00910698146412,0.574044134601,0.818809720509,0.00217256345555,0.0,0.818768267577,-0.573983421499,-0.011929071832,0.0,-0.00852078861867,0.00862680582586,-0.999926484489,0.0,0.65624072489,0.253819806333,0.303477952878,1.0,-0.01484,-0.019504,0.743
0.460952333607,0.516810491322,-0.124127452969,-1.40436586897,0.0766750907092,1.91191726086,0.152891449163,-0.0060840596448,-0.0818231224341,0.000999605790503,-0.121694376729,-0.00762088183375,0.0361869562455,-0.019287441856,0.574034043325,0.818816782775,0.00217721186577,0.0,0.818775436067,-0.573973358883,-0.0119212200568,0.0,-0.00851179732458,0.00862599982263,-0.999926568021,0.0,0.655982523973,0.253492004882,0.303495009778,1.0,-0.01518,-0.0199508571429,0.76
0.460761593853,0.515450813671,-0.124136550681,-1.40654455343,0.0765404034013,1.91275465096,0.152586805572,-0.0105805334467,-0.0861688641648,-0.00142891375164,-0.127032483759,-0.00345752946221,0.0556116985601,-0.0180791057987,0.574026234325,0.818822231061,0.00218703648406,0.0,0.81878107526,-0.573965575,-0.0119086696205,0.0,-0.00849596334811,0.00862675895396,-0.999926696132,0.0,0.655726488668,0.253155904195,0.303484452534,1.0,-0.01552,-0.0203977142857,0.777
0.46058874252,0.514146818451,-0.12413981074,-1.40865006814,0.0764225516214,1.91351109591,0.152305885092,-0.0135072497906,-0.0824281215797,0.000174140871897,-0.131642156335,-0.0141115148348,0.0462067201132,-0.0169489108582,0.574019172864,0.818827271162,0.00215315739584,0.0,0.818785517421,-0.573958493611,-0.0119444956019,0.0,-0.00854482027799,0.00861950953041,-0.999926342338,0.0,0.655462611625,0.252840214953,0.303462103714,1.0,-0.01584,-0.0208182857143,0.793
0.460388456607,0.512728577914,-0.124137661047,-1.41091498268,0.0762841351094,1.91429331411,0.151982097719,-0.0116407091673,-0.079466200967,-8.32457837416e-05,-0.137261618016,-0.0103490719673,0.0458339615229,-0.0257341497543,0.573985498464,0.818851044853,0.00208825234245,0.0,0.818808279523,-0.573924926582,-0.0119969551447,0.0,-0.00862538524834,0.00859612208849,-0.999925851958,0.0,0.655155232945,0.252477474025,0.303438224545,1.0,-0.0162,-0.0212914285714,0.811
0.46020491497,0.511383336491,-0.124142376862,-1.4130896491,0.0761473350046,1.91510647811,0.15167755325,-0.0113734188095,-0.0902913277313,5.50418306241e-05,-0.136471277197,-0.00606074807248,0.055622799007,-0.0232864869373,0.573979042162,0.818855588525,0.00208115397988,0.0,0.818812777797,-0.573918547864,-0.0119950921052,0.0,-0.00862800145098,0.00858917231668,-0.999925889109,0.0,0.654909501432,0.252160533601,0.30342332464,1.0,-0.0165,-0.0216857142857,0.826
0.46001706121,0.510005280846,-0.124143362975,-1.41527269435,0.0760137133157,1.91593946771,0.151370637012,-0.0103426639518,-0.0828223063257,-0.000109431331904,-0.136531969113,-0.00151445039353,0.0511909187851,-0.018271781838,0.573960319117,0.818868656986,0.0021027570877,0.0,0.818826128641,-0.573899737469,-0.011983709325,0.0,-0.00860647792145,0.00860013165315,-0.999925980397,0.0,0.654646105522,0.251830913958,0.303421234902,1.0,-0.01682,-0.0221062857143,0.842
0.459802741755,0.508408194409,-0.124146551702,-1.41778981353,0.0758496856736,1.91683547976,0.151028253084,-0.0110463955505,-0.0862276384577,0.000897026130555,-0.138220063491,-0.0118717934806,0.0507960310396,-0.0166685303797,0.57394403863,0.818880134177,0.00207684222143,0.0,0.818837270586,-0.57388357019,-0.0119966273001,0.0,-0.00863210033909,0.00858615384865,-0.999925879656,0.0,0.65432912038,0.251445464365,0.303418426501,1.0,-0.01718,-0.0225794285714,0.86
0.459591496854,0.50688058391,-0.124145000882,-1.42017744881,0.0756980396129,1.91770720002,0.150694086611,-0.0127310814546,-0.0879492426931,0.00135323719311,-0.137394590729,-0.00975793420171,0.0566305494094,-0.0149148898228,0.573924946699,0.818893495999,0.00208438676207,0.0,0.818850709909,-0.573864428197,-0.011994991984,0.0,-0.00862663159232,0.008591192122,-0.999925883576,0.0,0.654032876802,0.251079648027,0.303425828933,1.0,-0.01752,-0.0230262857143,0.877
0.459381831428,0.505372053084,-0.124152865525,-1.42249711368,0.075554169062,1.91858298578,0.150372429857,-0.0113988410516,-0.0908674179228,0.000691383350102,-0.152985974009,-0.006557358699,0.0552636247409,-0.0237433627326,0.573919921231,0.818896884703,0.00213615068263,0.0,0.81885481555,-0.573859229979,-0.0119633656928,0.0,-0.00857107813038,0.008615377042,-0.999926153222,0.0,0.653753587844,0.250718737879,0.303452338182,1.0,-0.01784,-0.0234468571429,0.893
0.459158515849,0.503716933875,-0.124161292073,-1.42497952228,0.0753944899313,1.91953265932,0.15003679982,-0.0173776455415,-0.0971241296719,-0.000366206354537,-0.145358312315,-0.00480947737857,0.0498523936316,-0.0122430043554,0.573905618402,0.818906655934,0.00223090450391,0.0,0.818865941963,-0.573844666128,-0.0119002164012,0.0,-0.00846513674787,0.00865657943683,-0.99992669986,0.0,0.653438663623,0.250314923737,0.303506583564,1.0,-0.0182,-0.02392,0.911
0.458928414642,0.502029920301,-0.124164862981,-1.42747476007,0.0752323338756,1.92045287645,0.149688046139,-0.0114239068851,-0.103652211802,-0.000294704384823,-0.150934963846,-0.0169197121794,0.04996396959,-0.0201069293451,0.57390796066,0.818904750376,0.00232581256541,0.0,0.818865339168,-0.573846703562,-0.0118433112412,0.0,-0.00836404499564,0.00870166543116,-0.999927159232,0.0,0.653152473221,0.249943782938,0.303579614955,1.0,-0.01852,-0.0243405714286,0.927
0.458696801274,0.500325746253,-0.124160732195,-1.4300622531,0.0750660406095,1.92136800571,0.149317750655,-0.0111474313897,-0.101185024018,0.00110946386096,-0.152522199439,-0.0108227238168,0.0586968722483,-0.0149557124586,0.573878291628,0.818925465313,0.0023527773444,0.0,0.818886348469,-0.573816875047,-0.0118359242578,0.0,-0.00834283706225,0.00871920511294,-0.999927183615,0.0,0.652822616901,0.249545798748,0.303616425486,1.0,-0.01886,-0.0247874285714,0.944
0.45847853807,0.498835128284,-0.124169960367,-1.43237141531,0.0749254468062,1.92221961782,0.148984743996,-0.018334393169,-0.10448382191,-0.00238562030534,-0.159680912346,-0.00674065472226,0.062403679855,-0.0265083940125,0.573870589962,0.818930784115,0.0023798542574,0.0,0.818892004531,-0.573809054567,-0.0118237351338,0.0,-0.00831739889851,0.00873430564254,-0.999927263745,0.0,0.652538829048,0.249178767746,0.30363113258,1.0,-0.01916,-0.0251817142857,0.959
0.458215153344,0.497169474983,-0.124165726615,-1.435022748,0.0747562678836,1.92320042865,0.148590907074,-0.0182021594845,-0.103279344739,-0.000355799772825,-0.16148282247,-0.0179887124011,0.0523623064537,-0.0248338161452,0.573849563933,0.818945539206,0.00237248601299,0.0,0.818906637406,-0.573788031792,-0.0118304981023,0.0,-0.00832738989564,0.00873193883716,-0.999927201261,0.0,0.652211487281,0.248756190688,0.303615313264,1.0,-0.0195,-0.0256285714286,0.976
0.457939646155,0.495400509568,-0.124163223674,-1.43787273866,0.0745779094444,1.9241733562,0.148174656967,-0.0136101652376,-0.0953848646566,-0.000405593674009,-0.159467840017,-0.0133834001449,0.0579589172879,-0.0183699599792,0.573827925786,0.818960958694,0.0022818027924,0.0,0.818920694766,-0.573766561844,-0.0118985333356,0.0,-0.00843537453171,0.00869649366642,-0.999926605034,0.0,0.651839757475,0.248300779821,0.303575680099,1.0,-0.01986,-0.0261017142857,0.994
0.457636792156,0.493556875524,-0.124182985896,-1.44087839587,0.0743887076231,1.92524979072,0.147760207468,-0.0175354308895,-0.113599665682,-0.00104911613184,-0.174748452253,-0.0151315637969,0.0640915813969,-0.027002627041,0.573850822319,0.81894513483,0.00220153648919,0.0,0.818903815379,-0.573789768194,-0.0119411044361,0.0,-0.00851605423108,0.00865542587452,-0.999926277494,0.0,0.651463818456,0.247802387007,0.303522954335,1.0,-0.0252662857143,-0.0332071183673,1.012
0.457375467303,0.491423460069,-0.124248968999,-1.44411772731,0.0742128024213,1.92647815919,0.147286973263,-0.0199948858766,-0.1481381847,-0.00227283478837,-0.233510831823,-0.0167123744367,0.0889057063261,-0.0350543107847,0.573840264736,0.818952250545,0.00230408235672,0.0,0.818912347413,-0.573778884116,-0.0118788172476,0.0,-0.00840631216276,0.00870355269586,-0.999926788363,0.0,0.6510668497,0.247292428959,0.303574173513,1.0,-0.0324748571429,-0.0426812408163,1.027
0.45691995162,0.4882895697,-0.124262712231,-1.44916298673,0.0739382861416,1.92833083046,0.146540807221,-0.0287302860287,-0.190560892967,-0.000891110141185,-0.301312149052,-0.01519197346,0.1081524993,-0.0424987488476,0.573790312312,0.818987345138,0.00227000047895,0.0,0.818946575136,-0.573728637871,-0.0119458805486,0.0,-0.00848132400482,0.00871360741254,-0.999926067361,0.0,0.650419920506,0.246512594247,0.303513008567,1.0,-0.0411251428571,-0.0540501877551,1.045
0.45637808081,0.484776628634,-0.124341208449,-1.45466147651,0.0736057828292,1.93041102456,0.145705612024,-0.0368312045064,-0.232022332484,-0.00625927242456,-0.353513804828,-0.0284359345955,0.134218791935,-0.0604803158491,0.573789539514,0.818987703089,0.00233525913578,0.0,0.818948013325,-0.573727842775,-0.0118853185149,0.0,-0.00839428814074,0.00873229539121,-0.999926638781,0.0,0.64975179427,0.245596409353,0.303518438226,1.0,-0.0488142857143,-0.0641559183673,1.061
0.455691874543,0.480378799179,-0.124450291834,-1.46160318594,0.0731955380901,1.93282351484,0.14465154316,-0.0439598921235,-0.273528742103,-0.00566362733941,-0.44157699436,-0.0217526833491,0.154689647706,-0.0646262478772,0.573796405207,0.818983219957,0.00221758904931,0.0,0.818941880246,-0.573735059057,-0.0119593348436,0.0,-0.00852235005623,0.00867846697495,-0.999926024144,0.0,0.648859078673,0.244420395281,0.303477294265,1.0,-0.056984,-0.0748932571429,1.078
0.454973536154,0.475878167671,-0.124547672017,-1.46854754325,0.0727743860085,1.93530209672,0.143650975382,-0.0549275063763,-0.309452862709,-0.00303436997669,-0.470699650153,-0.0302736852743,0.177009076799,-0.0696258833799,0.573858898695,0.818939377357,0.00223774536298,0.0,0.818898343033,-0.573797506104,-0.0119445664175,0.0,-0.00849802668948,0.00868714895412,-0.999926155766,0.0,0.64797893186,0.243235058629,0.30350659695,1.0,-0.0641925714286,-0.0843673795918,1.093
0.453993477116,0.469842798689,-0.124631904174,-1.47786321526,0.0722287321418,1.93867568477,0.142260372641,-0.0526429531958,-0.357910109429,-0.0018093417721,-0.538184438488,-0.0299699781846,0.197119742122,-0.0792028428731,0.573883783968,0.818921696125,0.00232486875335,0.0,0.818881525614,-0.573821757672,-0.0119324905849,0.0,-0.00843787760968,0.00875182342035,-0.999926101174,0.0,0.6467871804,0.241669512257,0.303539842985,1.0,-0.0728428571429,-0.0957363265306,1.111
0.452916973017,0.463432692966,-0.124674190118,-1.48759264805,0.0716047147997,1.94228235811,0.140663876796,-0.0682498897078,-0.387062023141,-0.00688335426121,-0.605516799157,-0.0370500228092,0.212962283983,-0.096474906538,0.573777363072,0.818995570737,0.00255727219105,0.0,0.818958530653,-0.573714564326,-0.011801298768,0.0,-0.00819822496024,0.0088657886579,-0.999927090792,0.0,0.645469173634,0.239920378491,0.30364979768,1.0,-0.0814931428571,-0.107105273469,1.129
0.451619294954,0.455993306877,-0.12475942275,-1.49920904784,0.0708482772285,1.94619920779,0.138930988448,-0.0721487585089,-0.426059130245,-0.00804081383063,-0.679642878771,-0.034094029031,0.224339971378,-0.108531782114,0.573817416245,0.818968197543,0.00232618323945,0.0,0.818927810371,-0.573755150756,-0.0119588997411,0.0,-0.00845946182117,0.00876736989641,-0.999925782611,0.0,0.64398041771,0.238012960624,0.303577301056,1.0,-0.0896628571428,-0.117842612245,1.146
0.450273548396,0.448176015098,-0.124885271559,-1.51083932545,0.0700394033196,1.95048869166,0.137076866822,-0.0824183531234,-0.46778709475,-0.00216625067481,-0.695346683376,-0.0401930709109,0.259137577655,-0.110595845779,0.573801875135,0.818978018459,0.00267586870096,0.0,0.818943103021,-0.573739284633,-0.011669369493,0.0,-0.00802186055545,0.00888746142513,-0.999928328823,0.0,0.642489914242,0.235966278656,0.303781557813,1.0,-0.0978325714286,-0.12857995102,1.163
0.448962892456,0.440900085855,-0.124917277829,-1.5219368823,0.069332710504,1.95440277238,0.135355026246,-0.08878547577,-0.4964205842,-0.00201402043002,-0.781602303662,-0.053834770345,0.263827766982,-0.123246333551,0.573792577402,0.818984243102,0.00276307263099,0.0,0.818950050333,-0.573729228392,-0.0116762343945,0.0,-0.00797755005183,0.00896272765806,-0.999928011513,0.0,0.640988113783,0.234048656629,0.303820259533,1.0,-0.105041142857,-0.138054073469,1.178
0.447336608288,0.432030025686,-0.124973390788,-1.53529284254,0.0684215143536,1.95909362524,0.133158011937,-0.094812483171,-0.540732217503,-0.00477958872153,-0.783753353117,-0.0516641644846,0.296112236318,-0.128859513444,0.573700689138,0.81904807711,0.00291780155597,0.0,0.819015917809,-0.5736368595,-0.01159425287,0.0,-0.00782264260761,0.0090415308584,-0.999928525937,0.0,0.639168783457,0.231695543085,0.303925447351,1.0,-0.113210857143,-0.148791412245,1.195
0.445665001585,0.423267386774,-0.125023751031,-1.54861580097,0.067478388038,1.96373627973,0.130964041604,-0.104046786718,-0.564623152573,-0.00487798075167,-0.826499794758,-0.0620535179777,0.299442712553,-0.147233224766,0.573618858526,0.819105261071,0.00295352842487,0.0,0.819073691666,-0.573555070216,-0.0115592366455,0.0,-0.00777437002792,0.00904992779958,-0.999928826456,0.0,0.637324356871,0.229318064282,0.30395037759,1.0,-0.1209,-0.158897142857,1.211
0.44370682991,0.413356801609,-0.125148314439,-1.56357243334,0.0664011163604,1.96891490455,0.128531124274,-0.110566325395,-0.606689318431,-0.0128780250814,-0.898308314007,-0.0607788780225,0.330614910938,-0.141813329301,0.573646615551,0.819085614522,0.00301055654301,0.0,0.819055222428,-0.573583158032,-0.0114738980791,0.0,-0.00767144802884,0.00904794906027,-0.999929639276,0.0,0.635244947622,0.226561394196,0.304004428247,1.0,-0.129069714286,-0.169634481633,1.228
0.441549489093,0.403011803553,-0.12521748489,-1.5794589465,0.0653428945877,1.97423285409,0.125877019513,-0.132211200541,-0.620783100845,-0.00662526735487,-0.959745956438,-0.0632455992761,0.304122444323,-0.162942682775,0.573643300975,0.819088563037,0.00283479278339,0.0,0.819054985957,-0.573579367415,-0.0116784483743,0.0,-0.0079398577128,0.00902128852683,-0.999927784899,0.0,0.632950281771,0.223631874233,0.303896677942,1.0,-0.137239428571,-0.180371820408,1.245
0.439169416198,0.391970418343,-0.125351826393,-1.59581481552,0.0641698194692,1.97989600517,0.123059219408,-0.142113625777,-0.65095542489,-0.0130661241447,-0.983877989153,-0.0760036219817,0.331028779955,-0.175163167631,0.573700542442,0.819047551619,0.00308912461663,0.0,0.819017623806,-0.573636179461,-0.0115070590838,0.0,-0.00765294226882,0.00913182935747,-0.999929018564,0.0,0.630640589554,0.220494108944,0.30403604613,1.0,-0.145409142857,-0.191109159184,1.262
0.436788970415,0.381224755051,-0.125477511742,-1.61199266226,0.0629315654867,1.98521853944,0.120177323113,-0.152596150583,-0.70058988058,-0.0118254302718,-1.01174307207,-0.0778487780213,0.344541945228,-0.180024293701,0.573648041853,0.819084898236,0.00293265437557,0.0,0.819053197554,-0.57358447886,-0.0115521464931,0.0,-0.00778021349625,0.00902903999561,-0.999928969835,0.0,0.628254482991,0.217360961333,0.304003284438,1.0,-0.153098285714,-0.201214889796,1.278
0.434032524165,0.369290227673,-0.125592922778,-1.62982255525,0.0616251969034,1.99115227972,0.117016572154,-0.165418673938,-0.707979863273,-0.00535966040328,-1.07341765439,-0.0781529221947,0.356292673159,-0.194994722496,0.573689752509,0.819055671527,0.00293627436648,0.0,0.819023820943,-0.573625944041,-0.0115760076098,0.0,-0.00779722165166,0.00904608975692,-0.999928683254,0.0,0.625606232464,0.213869045427,0.303999439243,1.0,-0.161268,-0.211952228571,1.295
0.431039341179,0.356850303434,-0.125772135393,-1.64816202355,0.0601637721693,1.99723692522,0.113705116869,-0.18249768401,-0.745908230351,-0.00823431706904,-1.10154925463,-0.092102331358,0.353959413329,-0.20322488184,0.57379184521,0.818983928523,0.00299834837421,0.0,0.818953703861,-0.573728790128,-0.0114391089088,0.0,-0.00764835482234,0.00901934956528,-0.999930074556,0.0,0.622872315852,0.210146043748,0.304065176532,1.0,-0.169437714286,-0.222689567347,1.312
0.427798132473,0.343957994877,-0.125931752786,-1.66710562506,0.0587769300817,2.00337372191,0.110111614783,-0.197042546169,-0.771379654613,-0.00984813142737,-1.11080498059,-0.0846506882811,0.378883099406,-0.215035559457,0.573871406738,0.818927927845,0.00306666355432,0.0,0.818898037034,-0.573807481475,-0.0114771967913,0.0,-0.00763946957858,0.00909789499557,-0.999929430916,0.0,0.619973713086,0.206255737801,0.304106017591,1.0,-0.177607428571,-0.233426906122,1.329
0.424409996779,0.330696916807,-0.126026469879,-1.68668441572,0.0572524283496,2.00961498017,0.106372320951,-0.204124483429,-0.806728505498,-0.00954907099146,-1.15474543946,-0.0885655672793,0.364024183327,-0.225103164869,0.573847626459,0.818944935581,0.00297338097213,0.0,0.818913387427,-0.573783469077,-0.0115819431637,0.0,-0.00777904661979,0.00908138692312,-0.999928504867,0.0,0.616882741848,0.202259250946,0.304051822536,1.0,-0.185777142857,-0.244164244898,1.346
0.420578536747,0.31607210882,-0.126099046954,-1.70793521418,0.0554351403766,2.01639133589,0.102195532467,-0.222785916531,-0.796560614771,-0.00824707600754,-1.20104391406,-0.0980439443924,0.372758781396,-0.234170119147,0.573733123963,0.819025071379,0.00299696881434,0.0,0.818994473967,-0.573669662617,-0.0114854997751,0.0,-0.00768779019833,0.00904428669441,-0.999929546898,0.0,0.613485085114,0.197855850185,0.304089263328,1.0,-0.194427428571,-0.255533191837,1.364
0.416709623083,0.301793372117,-0.126184749961,-1.72846421308,0.0537339052849,2.02282289437,0.0979336347454,-0.236694465681,-0.86221046264,-0.00507297041113,-1.21340852988,-0.0989503063735,0.380099494468,-0.248862775522,0.573567418183,0.819140741042,0.00310001035841,0.0,0.819111448892,-0.573503631096,-0.0114353099993,0.0,-0.00758940722949,0.00909835038012,-0.999929807996,0.0,0.610136578105,0.193527661752,0.304158843817,1.0,-0.202597142857,-0.266270530612,1.381
0.412504450677,0.287085670266,-0.12634303554,-1.74948682274,0.052028575296,2.02924551806,0.0936094106694,-0.252736788698,-0.870024884949,-0.00972926380179,-1.24097618278,-0.105618220858,0.384266771474,-0.25540610432,0.573660204659,0.819075486757,0.00317229979286,0.0,0.819046624582,-0.573595579566,-0.0114666806334,0.0,-0.00757260567918,0.00917641647088,-0.999929222007,0.0,0.606652022259,0.188940552133,0.304215731939,1.0,-0.210766857143,-0.277007869388,1.398
