position_joint1,position_joint2,position_joint3,position_joint4,position_joint5,position_joint6,position_joint7,velocity_joint1,velocity_joint2,velocity_joint3,velocity_joint4,velocity_joint5,velocity_joint6,velocity_joint7,ee_T_00,ee_T_10,ee_T_20,ee_T_30,ee_T_01,ee_T_11,ee_T_21,ee_T_31,ee_T_02,ee_T_12,ee_T_22,ee_T_32,ee_T_03,ee_T_13,ee_T_23,ee_T_33,v_x,v_y,w_z,time
0.465084618655865,0.5472757901225174,-0.12397965321823964,-1.3555711108927142,0.07945440446668199,1.8941825005213677,0.15912926882509795,-0.0011988605883626797,-0.0020025500312646043,0.0012416751952272283,-0.001470575653470446,0.0001648919097666485,-0.000170474317632143,-0.002002771231059611,0.5737391624548617,0.8190220426444175,0.002648401285312428,0.0,0.8189887009177462,-0.5736788134386654,-0.011440003578473622,0.0,-0.007850434537024997,0.008732756932392949,-0.9999310524400866,0.0,0.6617644805328772,0.26093885471182177,0.30370385013889756,1.0,5e-324,6.92852845708066e-310,6.92831625750166e-310,0.0
0.46508503983066224,0.5472856194608705,-0.12397644603199898,-1.3555660995851484,0.07945511654350491,1.8941821473086322,0.1591348620228807,-0.0002660301694094785,0.0003593733761572741,0.0014103694543349983,-0.00020701107023848766,0.0002998370916010254,0.00010001545901886937,0.0007295145827099016,0.5737410900802579,0.8190207042308641,0.002644710930283382,0.0,0.8189872983944203,-0.5736807343555093,-0.011444081402210364,0.0,-0.007855871150534044,0.008732092518338272,-0.999931015544931,0.0,0.6617644141549905,0.26094154694880545,0.303699136644055,1.0,-0.0001,-0.00013142857142857146,-5e-05,0.006
0.4650876122151512,0.5472766107243778,-0.12398505692931905,-1.355566300172787,0.07945304252909612,1.894182254685293,0.15913138602449112,0.000704330450382066,-0.00013690443196317966,-0.0020593684756230364,0.0008487755596615378,-0.0006046732299073214,0.0026644689368804067,-0.0016833959207721457,0.5737415951704301,0.8190203354779401,0.0026493293681795257,0.0,0.8189870467380809,-0.573681288509503,-0.011434307610049366,0.0,-0.007845210813736181,0.008730272407738118,-0.9999311151329249,0.0,0.6617660483455003,0.2609380315532785,0.3037057142549765,1.0,-0.0004400000000000003,-0.0005782857142857148,-0.00022000000000000014,0.023000000000000013
0.46508753347281945,0.5472648980660195,-0.12398068828782584,-1.3555786077120613,0.07945507688984577,1.8941840120210398,0.15913254698643403,0.00027888205368804516,0.0019492487551268489,3.236516555255352e-05,-0.0009852668544268332,6.570829957015392e-05,8.397706996005336e-05,-9.985021959434686e-05,0.5737407586363765,0.8190209092216895,0.002653118587741212,0.0,0.8189876227573138,-0.5736803880476541,-0.011438227180176796,0.0,-0.007846256188786316,0.008735616612566971,-0.9999310602567649,0.0,0.6617627893502156,0.2609396492017616,0.30370816458091154,1.0,-0.0007600000000000006,-0.0009988571428571438,-0.0003800000000000003,0.03900000000000003
0.46508494760159835,0.5471871815898687,-0.12398528400349614,-1.3556459250672375,0.07945525298329094,1.8941874924154334,0.1591282621115631,0.0010470128767680067,-0.009056892854595298,-0.001062942718472442,-0.001123569828186785,0.00022489007113813038,1.09817093947871e-05,-0.0018964202136387905,0.5737461776204695,0.8190170649679833,0.0026679314719318557,0.0,0.8189839314771719,-0.5736857164116818,-0.011435281746364455,0.0,-0.00783528756874241,0.008746110587515302,-0.9999310545324145,0.0,0.6617518177242591,0.26092856915388163,0.30373162783263025,1.0,-0.001100000000000001,-0.0014457142857142872,-0.0005500000000000005,0.05600000000000004
0.46508042365179614,0.5470549307789521,-0.1239807010029327,-1.3558013498118096,0.07945164079808638,1.8942172602165945,0.1591286192298417,-0.0013121219990148854,-0.014013115489802554,-0.0012054866269905172,-0.012222935103285029,9.811933054049248e-05,0.004079506980333018,-0.0011475224535708887,0.5737544672913006,0.8190112195571614,0.002679627581475252,0.0,0.8189781361228816,-0.573693854975169,-0.011442037302375896,0.0,-0.00783402187732024,0.008759645069643829,-0.9999309459755105,0.0,0.6617259419822387,0.2609129462785365,0.30375374930467236,1.0,-0.001420000000000001,-0.0018662857142857157,-0.0007100000000000005,0.07200000000000005
0.4650631585036578,0.5469030728532813,-0.12398035263176435,-1.356012033422035,0.07944817316111266,1.8942786674436731,0.15912891804669127,0.00037941143863693365,-0.006507518345364393,-0.00019003634987056861,-0.010217274523574616,0.00030949980005417826,0.0002773964358603525,-0.0019677165961024274,0.5737793429864468,0.8189937658042372,0.0026877568796178147,0.0,0.8189606908745826,-0.5737185937038096,-0.011450281304745867,0.0,-0.00783584377237384,0.00877127098922871,-0.999930829786545,0.0,0.6616985147271071,0.2608823140930736,0.30376633898147837,1.0,-0.0017800000000000014,-0.0023394285714285735,-0.0008900000000000007,0.09000000000000007
0.46503320678217674,0.5467047582766501,-0.12397756856800153,-1.3562438010646034,0.07944266663871315,1.8944046644854897,0.15912260266775477,-0.0032101015155091834,-0.010115477925257207,-0.0005962223570551011,-0.01743412981793893,-0.0007516024356333363,0.011154279946499989,0.0014532706511446037,0.5738084053790478,0.8189731257692474,0.0027712966840692035,0.0,0.8189411013726118,-0.5737473576209731,-0.011410039735846256,0.0,-0.007754641058819234,0.008816875216988956,-0.9999310617504873,0.0,0.6616832113677478,0.2608468694263944,0.3038073314562104,1.0,-0.0021400000000000017,-0.002812571428571431,-0.0010700000000000009,0.10800000000000008
0.4650100063449633,0.5465247911048977,-0.1239828582855693,-1.3564677668607739,0.07943847248824726,1.8945198533818386,0.15912561252423,-0.004062831113467841,-0.010551265572075212,-0.0018697863339869243,-0.015617295022148932,-0.004241024513257858,0.012342255716264515,0.0010881947313042051,0.5738451040250558,0.8189471938830138,0.0028349812730187086,0.0,0.8189159839319842,-0.5737838479581582,-0.011377784681017931,0.0,-0.007691286454500956,0.008850867919110689,-0.9999312507616478,0.0,0.6616670689412708,0.2608113808736258,0.3038383632923668,1.0,-0.002460000000000002,-0.0032331428571428606,-0.001230000000000001,0.1240000000000001
0.4649747722157387,0.5463018298214251,-0.12397828001428603,-1.3567680142821048,0.07942701415296897,1.894647994951464,0.15911121913454995,-0.0031260949747694915,-0.014948581639685737,-0.00016526862865800455,-0.02356281699784313,-0.004024703089651287,0.007048302681458305,-0.00075718747936167,0.5738727658923842,0.8189276431935695,0.0028828252910682774,0.0,0.8188970002290133,-0.5738113045092226,-0.011359433725131159,0.0,-0.007648503804994544,0.008879777597087718,-0.9999313226113938,0.0,0.661638418844596,0.2607648519489092,0.3038643053799294,1.0,-0.002780000000000002,-0.003653714285714289,-0.001390000000000001,0.1400000000000001
0.46494031712326694,0.5460651189955672,-0.12398035264380369,-1.3571442962476563,0.07941289681566444,1.8947804070067746,0.1591037545574453,-0.002589221249376372,-0.015583571207068839,-0.000989148173874595,-0.02434657129671418,0.00025705616575350025,0.007859164454260973,-0.00039630225785889907,0.5739203598321646,0.8188943182475789,0.002874545731064322,0.0,0.8188635192620041,-0.5738588602055613,-0.011370676612586714,0.0,-0.007661946452052537,0.008879894412134187,-0.9999312186604614,0.0,0.6615913182394852,0.26069980542298743,0.3038639372616514,1.0,-0.003120000000000002,-0.004100571428571432,-0.001560000000000001,0.1570000000000001
0.464905193782232,0.5458106091607173,-0.12398667722765587,-1.3575427577623185,0.07939335847420835,1.8949145873704156,0.15909325325131662,-0.0017773089429355955,-0.02438636434175181,-0.0008225492553547413,-0.028349880798313506,0.00038537439122117293,0.01077540919508804,-0.002770356257233206,0.5739524158397447,0.8188718527575072,0.00287402408066404,0.0,0.8188409979297215,-0.5738908568735896,-0.011377671447291429,0.0,-0.007667626381350379,0.00888378180041742,-0.9999311405924902,0.0,0.661546936352987,0.2606365808269226,0.3038659839107328,1.0,-0.0034200000000000025,-0.004494857142857147,-0.0017100000000000012,0.17200000000000013
0.464851152459796,0.5454895628956248,-0.1239842780813015,-1.358085075664199,0.07934908146998226,1.8950952123565834,0.15906742118108377,-0.005025759504389376,-0.014745070590919694,-0.0007910533794455407,-0.03246823700013801,-0.0007385982015991247,0.006257823501046155,-0.00031461638451092374,0.573995141345909,0.818842051619517,0.0028318036723271565,0.0,0.818810716577965,-0.5739337795559178,-0.011391839313592354,0.0,-0.007702997597216543,0.00885774215012633,-0.9999310997423869,0.0,0.661484785641481,0.2605516649488795,0.30385139205601197,1.0,-0.003760000000000003,-0.004941714285714291,-0.0018800000000000015,0.18900000000000014
0.4647993078807252,0.5451432447343246,-0.12398672864348914,-1.3586623636743738,0.07930447236292025,1.8952840336838546,0.15897166434294566,-0.0015755210689056567,-0.02407610807963802,-0.00012946721314627022,-0.031363537255919866,-0.0005458499263035483,0.008070970041181605,-0.01177213127769886,0.5739812166969156,0.8188519551605566,0.002790216850015301,0.0,0.8188201362944385,-0.5739200448695523,-0.011406725949907711,0.0,-0.0077392074700320945,0.008832102226013522,-0.9999310469417404,0.0,0.6614155926728071,0.2604575701363909,0.30383815893342103,1.0,-0.004100000000000003,-0.0053885714285714335,-0.0020500000000000015,0.20600000000000016
0.4647348230173678,0.5447678886868034,-0.12398143933290652,-1.3592974118411247,0.07927975002570992,1.8954994836598484,0.15892784867792653,-0.0053532349366156445,-0.024120711500866275,0.001257960403801342,-0.03466186959921448,-0.0008489374799897948,0.01211360861334765,0.0004082813059150591,0.5740232859087308,0.818822565480208,0.0027605065046139134,0.0,0.8187901997435284,-0.573962015842865,-0.011443778866959322,0.0,-0.007786148399980597,0.00882944121483499,-0.9999307060296363,0.0,0.6613395493209799,0.26035815616793045,0.3038200543544199,1.0,-0.004440000000000004,-0.005835428571428577,-0.002220000000000002,0.22300000000000017
0.46468037255310385,0.5443839615865353,-0.12399339555078612,-1.3599740718640658,0.07924787270523774,1.8957061990812747,0.15891915707571305,-0.003089734434586525,-0.02579183581318498,-0.0008417224184130694,-0.04520054545022334,-0.0008304968140662114,0.016446258259223197,0.0009993931203884396,0.5740982465254811,0.8187702502041259,0.002688423004168306,0.0,0.8187368764860072,-0.5740371116355867,-0.011492103733336027,0.0,-0.007866289523397185,0.008798877060952337,-0.9999303482001134,0.0,0.6612540994166192,0.2602488154154439,0.30378796993363205,1.0,-0.004760000000000004,-0.006256000000000006,-0.002380000000000002,0.23900000000000018
0.46461573951318325,0.5439362611248922,-0.12399026739216555,-1.360717455673727,0.07921491247811749,1.8959557670239744,0.15887451844884767,-0.001703198710771956,-0.031154135125020636,2.4572703494771614e-05,-0.039316477246358686,-0.0011518634836865625,0.009244547454767132,-0.000389003528725132,0.5741450187173284,0.8187375594047885,0.002655786734160369,0.0,0.8187036138164386,-0.5740838180390904,-0.01152863785417297,0.0,-0.007914437009180375,0.00879358149704565,-0.9999300148566812,0.0,0.661162696345604,0.2601371339407405,0.3037724488120068,1.0,-0.005100000000000004,-0.006702857142857149,-0.002550000000000002,0.25600000000000017
0.464545934708893,0.5434566671111041,-0.12399526621061396,-1.3614921008119318,0.07917184520017148,1.8962344586220443,0.15879982602899068,-0.004937578796146022,-0.028103795960150647,-0.00035708720030399867,-0.04329763307013706,-0.0019962291617603325,0.007392912176079647,-0.005801174706529948,0.5741762075501753,0.8187157322095904,0.002641858629946291,0.0,0.8186815838986103,-0.5741150242568911,-0.011539064475953795,0.0,-0.007930635579339484,0.008788466492294367,-0.9999299314832123,0.0,0.6610744246930853,0.2600143808393847,0.3037673506567024,1.0,-0.005440000000000004,-0.007149714285714292,-0.002720000000000002,0.2730000000000002
0.46448346677597424,0.5429411152112649,-0.1239935499051534,-1.3623281484563152,0.07912515264753886,1.8965302195424765,0.1587367332700141,-0.0037121057579305484,-0.035661993775416505,-9.387695950916782e-05,-0.04678777029497634,-0.003450992262663837,0.014250514121555416,-0.0026156621312896653,0.5742085653099401,0.8186931009386023,0.002622384686516833,0.0,0.8186586384512148,-0.5741473744303838,-0.011557379681744475,0.0,-0.007956464914467332,0.008783353389526405,-0.999929771218609,0.0,0.6609730171127088,0.2598941288910625,0.3037596647394632,1.0,-0.005780000000000004,-0.007596571428571435,-0.002890000000000002,0.2900000000000002
0.46441025950879616,0.5423949357299532,-0.12399449480199996,-1.3632076052421451,0.07907729407204774,1.8968330201324686,0.1586895289846551,-0.004040692598895437,-0.03968015240209412,-0.00010480505411201329,-0.05359895667849067,-0.005028706194744141,0.014121105428088743,-0.0044131588824370335,0.5742665730668055,0.8186524894266299,0.002598367737102006,0.0,0.8186176442116953,-0.5742053771533392,-0.011579479033792174,0.0,-0.00798772639929729,0.008776946401792995,-0.9999295782398027,0.0,0.6608671626238835,0.2597607808026126,0.30375361543382146,1.0,-0.006120000000000005,-0.00804342857142858,-0.0030600000000000024,0.3070000000000002
0.4643303763385083,0.5418227817061205,-0.12400236412988534,-1.3641199939019801,0.07901478055269258,1.89716536391229,0.15861253278191217,-0.003622918544807522,-0.03086872354099379,-0.0008643527174848725,-0.04934750499187036,-0.011246893189522947,0.01918440536225912,-0.003904232768248707,0.5743111746440346,0.8186212168976358,0.0025932267990604182,0.0,0.8185863652767307,-0.5742500567454479,-0.011575051278037669,0.0,-0.007986575692696174,0.008770630257646655,-0.99992964285173,0.0,0.6607701576280784,0.25962378511290685,0.3037583137476611,1.0,-0.006440000000000005,-0.008464000000000008,-0.0032200000000000024,0.32300000000000023
0.4642507295881421,0.5412388935044977,-0.12400271533537197,-1.3650137949945609,0.07896189643664421,1.8974865881053768,0.15853716119829483,-0.0040421789689663295,-0.03783882366748582,-0.0012072226751987652,-0.049056289462352916,-0.008776950973294485,0.019032032718133227,-0.0017433251255220546,0.5743580514900911,0.8185883052436606,0.0026004053579426,0.0,0.8185535376808682,-0.5742968936048264,-0.01157284957087808,0.0,-0.007980148240467555,0.008775699294271133,-0.9999296496933955,0.0,0.6606535457462418,0.25946930733140866,0.3037727745145896,1.0,-0.006800000000000005,-0.008937142857142866,-0.0034000000000000024,0.34100000000000025
0.4641610629716534,0.5405735147573939,-0.12400062548537509,-1.3660391658290294,0.0789036825991645,1.8978570946186601,0.1584942565353556,-0.006917024940306781,-0.04214008281438615,0.0010706936070604745,-0.062086746525522735,-0.007031409084850882,0.018417012723442747,-0.005815799633662151,0.5744256898056082,0.8185408276027811,0.002605252370408752,0.0,0.818506085736227,-0.574364466264848,-0.011575595287701957,0.0,-0.007978886577866828,0.008781903306959035,-0.9999296052939349,0.0,0.6605421771240709,0.25932179154447077,0.30378249088855686,1.0,-0.007120000000000006,-0.009357714285714294,-0.003560000000000003,0.35700000000000026
0.4640694253017867,0.5398759809457435,-0.12401130038131469,-1.3670877774750883,0.07884153747687152,1.8982543479764225,0.15837225699254595,-0.006014189619285674,-0.04088502618042658,-0.0006885841548219721,-0.06662531033119595,-0.00418762374087358,0.028839215899913277,-0.01055463484265598,0.5744646776768021,0.8185133601074712,0.002638243444720239,0.0,0.818479088577212,-0.5744033858096347,-0.011553304005912753,0.0,-0.007941270609052975,0.00879648151146574,-0.9999297766014034,0.0,0.660419764002549,0.25914545842194003,0.30380987072211146,1.0,-0.007480000000000006,-0.009830857142857152,-0.003740000000000003,0.3750000000000003
0.4639667042978329,0.5391977739945452,-0.12401552240980915,-1.3681561141532,0.0787742579124984,1.8986489559197424,0.15833984458799974,-0.011904077209121369,-0.03888005718040347,-0.0020004449429158414,-0.06848624405384358,-0.0036705665054542007,0.020448853554878334,-0.005876677677615196,0.5745514334837103,0.8184524530995967,0.0026418172295461654,0.0,0.8184182741574986,-0.5744901701978304,-0.011546418160515194,0.0,-0.00793264896622825,0.008796291959249108,-0.9999298467033306,0.0,0.6603083122264977,0.25898436565990796,0.303816104979452,1.0,-0.007780000000000006,-0.010225142857142867,-0.003890000000000003,0.3900000000000003
0.46386175613082514,0.5384424072070559,-0.12401374185617638,-1.369314700513075,0.07871413323395675,1.8991006199573444,0.1582387430726771,-0.003006140812081468,-0.04630686263905833,0.00045334132673005654,-0.07066471860136277,-0.0018580492042018619,0.021670138962635307,-0.012669840498627035,0.5746013817832331,0.8184172390975487,0.002687322450522122,0.0,0.818383584621658,-0.5745398896991315,-0.011531282128347071,0.0,-0.007893578114267052,0.008825321139552852,-0.9999299001086716,0.0,0.6601804585977445,0.25880941439004873,0.30383732785033846,1.0,-0.008120000000000006,-0.01067200000000001,-0.004060000000000003,0.4070000000000003
0.4637626381306036,0.5376877320174034,-0.1240300637499364,-1.3705265637580024,0.0786457894430535,1.8995595569070975,0.15813652499948846,-0.004720967748034458,-0.045969697501438235,-0.002526041821293145,-0.0816426124979714,-0.007188706381149943,0.023140290956093598,-0.00479545266499372,0.5746590006915984,0.8183767889501861,0.00268535526966167,0.0,0.8183431484985335,-0.5745975520120494,-0.011527854461066486,0.0,-0.007891281884732093,0.008822297267487608,-0.9999299449167125,0.0,0.660044562368108,0.25862065714183313,0.3038337888628011,1.0,-0.008460000000000007,-0.011118857142857154,-0.004230000000000004,0.4240000000000003
0.4636529529958208,0.5368833689854607,-0.12403360937433323,-1.3717915334629105,0.07857015790231489,1.9000372201620217,0.15807639604660678,-0.006365400652132733,-0.046471624950287733,-0.0006556215142790193,-0.0776225884854803,-0.0001740706928311101,0.02889688720065177,-0.007579751460902082,0.5747515607295053,0.8183117471000925,0.0026972019205543894,0.0,0.8182782787757463,-0.5746900827108892,-0.011520165743668504,0.0,-0.007877183421963363,0.008828464961406018,-0.999930001643996,0.0,0.6599013537289333,0.258426790776871,0.30384111730457286,1.0,-0.008800000000000007,-0.011565714285714297,-0.004400000000000004,0.44100000000000034
0.46355106002178836,0.5360444042664565,-0.12404603920596675,-1.3731169915549957,0.07848951303144268,1.9005252537503465,0.15795503585192022,-0.002806163907073315,-0.051351150249902125,-0.00015014766460664074,-0.08083174035009057,-0.0026231124528196675,0.026703967804281227,-0.005208144018981089,0.5747956809421448,0.8182807677137072,0.0026939304612924493,0.0,0.8182473052999677,-0.5747342621546352,-0.011516170201786566,0.0,-0.007875318082149863,0.008823916121328407,-0.999930056488647,0.0,0.65974710840463,0.2582260934897541,0.30384511354491867,1.0,-0.009140000000000007,-0.01201257142857144,-0.004570000000000004,0.45800000000000035
0.4634325139404422,0.535166687831035,-0.12404722026625985,-1.3744969982673685,0.07841257533541927,1.9010181773478845,0.15786431270648046,-0.0077015256477593,-0.05141023918465557,0.0006046142367424776,-0.08426166820994167,0.00043852076296554694,0.024262431776377495,-0.006953989987439101,0.574874356007228,0.81822551587005,0.0026882867543394197,0.0,0.8181919024747595,-0.5748128585786176,-0.011529754490891848,0.0,-0.007888829406636044,0.008827864605552946,-0.9999299151326052,0.0,0.6595834045777617,0.2580159205073188,0.3038503930868779,1.0,-0.009480000000000008,-0.012459428571428583,-0.004740000000000004,0.47500000000000037
0.4633174414594358,0.5342726019025976,-0.12405313134413555,-1.3759285003032375,0.07834982794566267,1.9015394702796937,0.15774504149420035,-0.006634308467893231,-0.057000218375826424,-0.0001887259886337866,-0.07974347486527408,-0.00018274608658251857,0.027799783033389303,-0.00473999290146695,0.5749367821475393,0.8181816643710685,0.0026846828544646976,0.0,0.8181478106546778,-0.5748750722370805,-0.01155673580978419,0.0,-0.007912304426030692,0.008841030115515264,-0.9999296133354416,0.0,0.6594128956015061,0.257803622166611,0.30384518889370643,1.0,-0.009820000000000008,-0.012906285714285726,-0.004910000000000004,0.4920000000000004
0.46320098982784924,0.5334016962928493,-0.12405385158269389,-1.3772984748240098,0.07825402260419513,1.9020367245913332,0.15764790404222928,-0.00876644380825144,-0.056304796061306006,0.0003209378974442614,-0.08344538838597838,-0.007253587394072084,0.03479324991087174,-0.007339701612900268,0.5750023024179545,0.8181356522429789,0.0026746297342306264,0.0,0.8181017585314629,-0.5749407183577703,-0.011551188821381012,0.0,-0.007912838206478479,0.008830249466618575,-0.9999297043722002,0.0,0.659251932893983,0.2575934884207642,0.3038504206420688,1.0,-0.010140000000000007,-0.013326857142857154,-0.005070000000000003,0.5080000000000003
0.4630948945518722,0.5325253156758697,-0.12406239571689405,-1.378711869388325,0.07818043685454247,1.9025681551618143,0.1575566480356699,-0.005893449497990976,-0.05730396790506404,-0.0002305355713149248,-0.0833999655018943,-0.010774143389821413,0.029841494589270077,-0.00686747029183359,0.5750845141583106,0.8180778601763146,0.002676409133585401,0.0,0.8180438979641712,-0.5750228117002387,-0.011562609097646259,0.0,-0.00792027069315726,0.008839067774952553,-0.9999295676161482,0.0,0.6590771331904994,0.257372618625633,0.30384391381891895,1.0,-0.010480000000000007,-0.013773714285714297,-0.005240000000000003,0.5250000000000004
0.4629589458906805,0.5315104788466937,-0.12404920742841594,-1.3803419710903684,0.0780884349523578,1.903186494536541,0.15744742858163874,-0.006824352961559537,-0.050654431481994874,0.001540023672134652,-0.09201500115246324,-0.00648357284301036,0.02752121603599037,-0.01063533155908619,0.5751550447810939,0.8180282697692849,0.0026779138029559505,0.0,0.8179942494081688,-0.5750932417822257,-0.011572298509153537,0.0,-0.007926569807572892,0.008846554282064711,-0.9999294514956643,0.0,0.6588927161367308,0.2571514257356527,0.3038345605515721,1.0,-0.010820000000000008,-0.014220571428571442,-0.005410000000000004,0.5420000000000004
0.4628315830372997,0.5305746308373454,-0.12405800505920624,-1.381870515803534,0.07798231148091767,1.903729590155612,0.1573294894850008,-0.00701116439716401,-0.056828552602196124,-0.0015069155312995924,-0.0970340860325623,-0.010144877196279435,0.03803726445024228,-0.011263897336848357,0.575223557894082,0.8179802675497034,0.002624355958626712,0.0,0.8179456607284042,-0.5751620457783078,-0.01158723836357347,0.0,-0.007968855819952159,0.008812002704585584,-0.9999294204818934,0.0,0.6587097702465443,0.25691295504150674,0.3038137788956048,1.0,-0.011140000000000008,-0.01464114285714287,-0.005570000000000004,0.5580000000000004
0.4626889293781223,0.5295582054156309,-0.12406024520736136,-1.383524057937377,0.07789184345950483,1.9043273550191082,0.15720398686298542,-0.008501235220040641,-0.05730381773043759,-1.407126904391449e-05,-0.09747547843587992,-0.0035700456783129674,0.035936148561725334,-0.008972490652640868,0.5753047096699924,0.8179232921762076,0.0025934626213515105,0.0,0.817888178226627,-0.5752431751105733,-0.011617413956814596,0.0,-0.008010436023010992,0.008804884903536259,-0.9999291509484842,0.0,0.6585118086562247,0.25666069031359456,0.3037946306667959,1.0,-0.011480000000000008,-0.015088000000000013,-0.005740000000000004,0.5750000000000004
0.46253554842814487,0.5283403241350402,-0.12406349196525243,-1.3853787347333495,0.0777613551618231,1.9050062729168962,0.1570834091028156,-0.007346608065224823,-0.06584493340955655,0.0012075926572463103,-0.09305364810159406,-0.01235388321516932,0.03708753479224357,-0.010219842106273011,0.5753990767295567,0.8178568314922898,0.0026177435654320584,0.0,0.8178221819345526,-0.5753376124526637,-0.011586946719673717,0.0,-0.007970530655287411,0.00880813678296924,-0.9999294411944702,0.0,0.6582929815437767,0.2563786280298346,0.30382833345366145,1.0,-0.01186000000000001,-0.015587428571428587,-0.005930000000000005,0.5940000000000004
0.4624097299007775,0.52738036123703,-0.12406670895068495,-1.38691998718248,0.07766691887658433,1.9055954337756578,0.1569659692185889,-0.008313053437760008,-0.06275700193936913,-0.00039535511354570453,-0.10295957032577414,-0.010350107685164502,0.03375449200631346,-0.00630226511160561,0.5754663220831978,0.8178095096710646,0.0026201032075753063,0.0,0.8177749235654653,-0.5754048777420505,-0.011582226010622138,0.0,-0.007964587751814689,0.008808005285573517,-0.9999294897065658,0.0,0.6581132351600432,0.25614829114082116,0.30382165562308794,1.0,-0.01216000000000001,-0.0159817142857143,-0.006080000000000005,0.6090000000000004
0.4622844441778696,0.5264430229745667,-0.12407230583859709,-1.388383316891137,0.07758771108640045,1.9061575918212001,0.1568766620291689,-0.006662458127069205,-0.0699043020557011,-0.0037199793431167594,-0.10570127536544717,-0.009900665132889343,0.04386034169751782,-0.004118426810728869,0.57555389124172,0.8177477141384524,0.002672302201987683,0.0,0.8177137882338819,-0.5754922433624396,-0.011557909113205056,0.0,-0.00791371693195303,0.008837548071802481,-0.999929632938438,0.0,0.6579348815389116,0.25591457811651336,0.30384712404566094,1.0,-0.01246000000000001,-0.016376000000000016,-0.006230000000000005,0.6240000000000004
0.46214286848523817,0.525348241555196,-0.12407326025534265,-1.390081261154901,0.07747426271701455,1.9067871525423878,0.1567343328632161,-0.011780210228203145,-0.07436570729952088,0.0004596070299755226,-0.10299445773523766,-0.010668546306244342,0.039818911535453735,-0.011358711796195511,0.5756184516223589,0.8177022864727007,0.002667536392195467,0.0,0.8176683588013006,-0.575556878382209,-0.01155342647541892,0.0,-0.007912096659059953,0.008831695600070522,-0.9999296974684196,0.0,0.6577437567792309,0.2556700266861869,0.30385022794242555,1.0,-0.01276000000000001,-0.01677028571428573,-0.006380000000000005,0.6390000000000005
0.4619859229906177,0.5241819308194112,-0.12408768781331515,-1.3919218530344717,0.07736170360401538,1.9074478533935983,0.1566095230860501,-0.006279339550705755,-0.06821447949544286,-0.003840269890185567,-0.10914905293871245,-0.0022257092715854245,0.049134145802201705,-0.006825643943503265,0.5757234211478901,0.8176284382068855,0.0026507127997967197,0.0,0.8175943229582869,-0.5756619244049073,-0.011559358028366981,0.0,-0.007925498010428411,0.008822370745246971,-0.9999296736549628,0.0,0.6575236058773297,0.2553818963134634,0.30385205332013643,1.0,-0.01310000000000001,-0.017217142857142872,-0.006550000000000005,0.6560000000000005
0.46183109867789957,0.5229956374897721,-0.12408264205477801,-1.3938264285465454,0.07724357742519652,1.908142310547687,0.15646348321593515,-0.0029688354166196762,-0.06407317739771043,0.0003922084995049299,-0.11507884813174347,-0.012165892950469326,0.039228708794874924,-0.00695207017537855,0.575797307879388,0.8175764799946855,0.002628021985650638,0.0,0.8175420339188894,-0.5757358367886053,-0.01157652427537251,0.0,-0.007951800627427563,0.008814419656584735,-0.9999295349537882,0.0,0.6572904099681434,0.25510059564271204,0.30383947524045446,1.0,-0.01344000000000001,-0.017664000000000016,-0.006720000000000005,0.6730000000000005
0.4616844044816873,0.5218364309486714,-0.12408660905112492,-1.3956636312856279,0.07712308689617235,1.908856243151587,0.15632150127773198,-0.009956327025874182,-0.0682342944249181,0.0006125012285461509,-0.11196951169742868,-0.0008333314299380987,0.046425869096103016,-0.005579589401801727,0.5758699459554949,0.8175252498192815,0.002649179938176878,0.0,0.817491195752636,-0.5758085261566506,-0.011551319121191898,0.0,-0.007918227104978082,0.008817908565524252,-0.999929770617939,0.0,0.6570757500672911,0.2548279795953136,0.30384158993565324,1.0,-0.01376000000000001,-0.018084571428571446,-0.006880000000000005,0.6890000000000005
0.46152143493844605,0.52059635347167,-0.12409147730536266,-1.3976611565827346,0.07700605954724687,1.90962968398734,0.15618373409429312,-0.009784324994039428,-0.0743986707703974,0.00018018912926195203,-0.11945263484414193,-0.006605517308666214,0.05295102264471512,-0.01487949382502779,0.5759693289864273,0.8174552012255818,0.002659503219799411,0.0,0.8174212894655036,-0.5759078721733184,-0.011545787048188441,0.0,-0.007906687062659123,0.008824123661755959,-0.9999298071071266,0.0,0.6568408580806506,0.2545307953427943,0.30382911684283137,1.0,-0.01410000000000001,-0.018531428571428588,-0.007050000000000005,0.7060000000000005
0.46133859983172115,0.5191994655567547,-0.12409719127515924,-1.3998369220865359,0.076867738883262,1.9104149120329628,0.15601838652185204,-0.005002981128063215,-0.0790361785208347,-0.0010931818148558234,-0.12093424241294934,-0.0097456374367496,0.04047490779169763,-0.007699950118855017,0.5760659229637933,0.8173871345442305,0.002659244752348522,0.0,0.8173532487973493,-0.576004487664979,-0.01154312658821635,0.0,-0.00790361842361742,0.008823314085745854,-0.9999298385108617,0.0,0.6565760253454298,0.25419843682400645,0.30384251404181034,1.0,-0.014460000000000011,-0.019004571428571447,-0.0072300000000000055,0.7240000000000005
0.4611725101583913,0.51793413614044,-0.12409858540923159,-1.4017883676531353,0.07673716265898751,1.9111232886390406,0.15587930329299293,-0.012142382829259904,-0.07739566169233157,0.0035703880815711473,-0.12430732554507296,-0.016484817660121092,0.042507654610871255,-0.009311086278313806,0.5761570551339896,0.8173228633846924,0.0026705260127247417,0.0,0.8172891939301787,-0.5760956498529796,-0.011529206678694462,0.0,-0.007884757602451664,0.008825395736553124,-0.9999299690416543,0.0,0.6563389830644223,0.25390058244834607,0.303863110688083,1.0,-0.014780000000000012,-0.019425142857142877,-0.007390000000000006,0.7400000000000005
0.46098744893380433,0.5165913209996632,-0.12410642612390999,-1.4039156154885921,0.07660221383430964,1.9118874335297316,0.15570926667776017,-0.005878592804669276,-0.07319158938734499,-0.0004039999251652526,-0.1264290527493637,-0.0033091940529997037,0.04884598428421458,-0.005611651871731276,0.5762508579977557,0.8172568070236066,0.0026470609434640887,0.0,0.8172228595020563,-0.5761895467832436,-0.011539106820335508,0.0,-0.007905356953187781,0.008812828593499633,-0.9999299172360152,0.0,0.6560793183669559,0.2535698066710714,0.30385909531852084,1.0,-0.015120000000000012,-0.019872000000000018,-0.007560000000000006,0.7570000000000006
0.4608028174851673,0.515204422798165,-0.12411363390044465,-1.406070615468659,0.07646045666459175,1.9127187753662473,0.15554634076484888,-0.012708330555477324,-0.08190716653707404,0.00017957430010675469,-0.12461385582759991,-0.006406957913026397,0.05070525955045656,-0.009592893225063352,0.5763492169266528,0.8171873038718,0.0026902490555537097,0.0,0.8171540570201111,-0.5762879113085131,-0.011499446788981673,0.0,-0.007846994987350142,0.008826215014049149,-0.9999302588671843,0.0,0.6558269822623575,0.2532404300379005,0.3038781556334875,1.0,-0.015460000000000012,-0.020318857142857163,-0.007730000000000006,0.7740000000000006
0.4606026602493956,0.5137292007416655,-0.12412026495718416,-1.4084307668280827,0.07632437112113755,1.9135826638309554,0.15537119354156403,-0.011684254822489918,-0.082913670967079,-0.0001497270832892596,-0.129769737055447,-0.009184051302001388,0.047122645471106846,-0.014687219080426842,0.5764618066493429,0.8171079432848245,0.002672339167784704,0.0,0.8170743886371657,-0.5764004595835155,-0.011519571446980039,0.0,-0.007872547379022599,0.008824262754303744,-0.9999300752475684,0.0,0.6555373982341415,0.25288123181516764,0.3038638909345711,1.0,-0.01582000000000001,-0.02079200000000002,-0.007910000000000006,0.7920000000000006
0.46041306797956133,0.5123466526665736,-0.12412570773927854,-1.4107070642184105,0.07618166219735784,1.9143785341071202,0.15519153525998525,-0.012838166285932784,-0.08531141546768747,-0.0007665181759810016,-0.1293620297525544,-0.0039025780193263976,0.041322378974427185,-0.01032444992224863,0.5765544016599939,0.8170428959429368,0.002583605402192101,0.0,0.8170081522439281,-0.5764932922799231,-0.011571949897323425,0.0,-0.00796550163214349,0.008782854422027017,-0.999929703655187,0.0,0.6552482015512573,0.2525328450014603,0.3038182189003228,1.0,-0.01616000000000001,-0.02123885714285716,-0.008080000000000006,0.8090000000000006
0.4602169943529008,0.5109036640515404,-0.1241266530115706,-1.4130243122059232,0.07605527738074992,1.9152313241500019,0.15501170487022625,-0.007791988072177711,-0.08037415584556143,0.0005879969073056269,-0.13801230648676718,-0.006769940311829813,0.04735866217738052,-0.00873844679709431,0.5766502483302136,0.816975315499125,0.0025635652939448523,0.0,0.8169401415572559,-0.5765890072772619,-0.01160468442658718,0.0,-0.00800277123089782,0.008786292713873517,-0.9999293758626017,0.0,0.6549758294094904,0.252207386064168,0.3037953628186533,1.0,-0.016480000000000012,-0.02165942857142859,-0.008240000000000006,0.8250000000000006
0.46002342677753344,0.5094333621839936,-0.12412882414308483,-1.415378386236808,0.07590280423887165,1.91612058057832,0.1548244871512184,-0.004304668191510742,-0.09008842764557128,7.020615448513375e-05,-0.13945179062545068,-0.007364622065986357,0.05230461634534712,-0.015110625514076815,0.5767437366150393,0.8169093121569442,0.0025661036220164975,0.0,0.8168742548260649,-0.576682567150558,-0.01159376764524522,0.0,-0.007991383386959594,0.008782985956902814,-0.999929495989214,0.0,0.6546732313372358,0.2518329147236036,0.30378553807116887,1.0,-0.016840000000000015,-0.022132571428571453,-0.008420000000000007,0.8430000000000006
0.4598200912876687,0.5080289176970557,-0.12413237132886128,-1.4176113573647713,0.0757605393318686,1.9169123318966537,0.15465967360956392,-0.01708780585709125,-0.0882189935375288,-0.0010152176789597646,-0.14309991336281774,-0.007365655994412499,0.052857098886383125,-0.017155252625632167,0.5768549735811412,0.8168308805368275,0.0025296160459815312,0.0,0.8167953390921496,-0.5767939028764294,-0.011615271978076122,0.0,-0.008028800304871575,0.008766674791757162,-0.9999293393929194,0.0,0.6543944113281289,0.2514820602109748,0.30377399189996435,1.0,-0.017160000000000012,-0.022553142857142876,-0.008580000000000006,0.8590000000000007
0.4596087796673322,0.5065106922402638,-0.12413226288706586,-1.4200085185274676,0.07560754874941224,1.917782225292486,0.154462210170742,-0.013116199411041791,-0.08999745660535767,0.00022163972851435543,-0.1476337628423183,-0.006808039644677556,0.048002924946286094,-0.013701775753883094,0.5769487399543536,0.8167646930532395,0.0025168527846834874,0.0,0.8167289830630313,-0.5768876982450633,-0.011623198335574653,0.0,-0.008041631437399333,0.008761744940044183,-0.9999292794940203,0.0,0.6540957577487972,0.25111376815170433,0.30377004281930453,1.0,-0.017500000000000012,-0.02300000000000002,-0.008750000000000006,0.8760000000000007
0.4594062949576039,0.5050057946259078,-0.1241384021761636,-1.4223176958180976,0.07546318707484004,1.9186661770223354,0.1542885267472754,-0.013223082423966213,-0.09504939322711524,-0.0012833720883020582,-0.14799559738838733,-0.009377308417965292,0.05768372988993063,-0.01057202207459226,0.5770667673607458,0.8166810972930966,0.002584227770760771,0.0,0.8166463105214014,-0.5770055353409217,-0.011582857977537261,0.0,-0.007968540853678874,0.008794651808734899,-0.9999295757483255,0.0,0.6538006782487389,0.25073263277221014,0.30380238517743724,1.0,-0.017840000000000016,-0.02344685714285717,-0.008920000000000008,0.8930000000000007
0.4591798843833106,0.5033625020005051,-0.12413944275347404,-1.4248007986545324,0.07531208030517206,1.9196211868757587,0.15409175778858739,-0.017494918095872437,-0.09207118169682797,0.0007459990604130485,-0.14698633455155283,-0.014677525750838685,0.05031275714038252,-0.017710553591941056,0.5771686171262832,0.8166088273590382,0.002675328958981109,0.0,0.8165752577972679,-0.5771071114944104,-0.011531570452969183,0.0,-0.007872982436701037,0.008840438211837276,-0.9999299289449108,0.0,0.6535213963455502,0.2503789605739659,0.30384828338823255,1.0,-0.018160000000000013,-0.02386742857142859,-0.009080000000000006,0.9090000000000007
0.4589465415980238,0.5016772502403346,-0.1241482299254469,-1.4273021451743026,0.07514646088922772,1.9205409794512065,0.1538935091075446,-0.01561668532862308,-0.09791225887355764,-0.00011071935422256618,-0.15069875865883475,-0.010302342152494582,0.05702330550190006,-0.006065745914787209,0.5772864542148093,0.81652526258092,0.0027554035023581187,0.0,0.8164928398193669,-0.5772248021501164,-0.011476811738146782,0.0,-0.007780769280509359,0.008875346062408834,-0.9999303415046848,0.0,0.6532172125975848,0.24998249815886944,0.303914144718917,1.0,-0.018500000000000013,-0.024314285714285736,-0.009250000000000006,0.9260000000000007
0.458717793832731,0.49995081257114754,-0.12414057925108639,-1.4298956023494473,0.07498550085561277,1.9214637430300554,0.15369784913372792,-0.014358774699842938,-0.09851408964116169,-0.0016850762881891303,-0.14932506995811626,-0.00457509760867888,0.05668347439834739,-0.008238580044144093,0.5773963528688841,0.8164473843117617,0.00280486103079895,0.0,0.8164155115511784,-0.5773344294009002,-0.01146368301083794,0.0,-0.0077403001907769275,0.008909192343752897,-0.9999303545971282,0.0,0.652886296207356,0.24958936479508254,0.30396401381947047,1.0,-0.018840000000000016,-0.024761142857142884,-0.009420000000000008,0.9430000000000007
0.4584753433712581,0.49828065613539685,-0.12414867276561578,-1.432510887625304,0.07481553060391889,1.9224452148820284,0.1534917696787976,-0.018234352907183567,-0.09661841641049758,-0.0012381430074539347,-0.1549581589963866,-0.007739050850220201,0.06324053246646712,-0.01190126928604892,0.5775187452237414,0.8163607412735251,0.002825937675245746,0.0,0.8163292347463509,-0.5774568493030442,-0.011441791496398283,0.0,-0.007708920741835323,0.008914916247749052,-0.9999305459927164,0.0,0.6525666691094402,0.24917733601828274,0.30396927204869206,1.0,-0.019180000000000016,-0.025208000000000026,-0.009590000000000008,0.9600000000000007
0.4582197386215625,0.4965873881060276,-0.12414344819201018,-1.4351620608689257,0.07465499482786968,1.9234121530066304,0.1532611812235637,-0.01599172781490871,-0.09412668091587928,-7.545345160733715e-05,-0.1550828619845938,-0.0020686866380241592,0.05496542894646608,-0.012578241335170982,0.5776261777512371,0.8162846990357941,0.0028347482687980973,0.0,0.8162532101927272,-0.577564129820709,-0.011450750880317963,0.0,-0.007709972259802633,0.008928297735272775,-0.9999304184928585,0.0,0.6522346368429917,0.2487612493722874,0.3039712494297411,1.0,-0.019520000000000017,-0.02565485714285717,-0.009760000000000008,0.9770000000000008
0.45794385339494603,0.49491696660023,-0.12414801001452107,-1.4378655537182183,0.07448456422474838,1.924348548382999,0.15305490701435734,-0.021569580497913302,-0.09778622264195024,-0.0010409623031906587,-0.16062103524086235,-0.01139851595373214,0.05348104811559567,-0.011958241716239295,0.577776179824206,0.8161788291282231,0.002748056010715488,0.0,0.8161461422898117,-0.5777142966111933,-0.011507076853012069,0.0,-0.007804391526022303,0.008891501405973612,-0.9999300138888001,0.0,0.6518897448219498,0.24831630427127716,0.3039294915791909,1.0,-0.019860000000000017,-0.02610171428571431,-0.009930000000000008,0.9940000000000008
0.4576761380265564,0.4932964510955016,-0.12416158963065281,-1.4405148696157464,0.07431873236762475,1.925287510560344,0.15286207240597147,-0.020617244967951545,-0.10996420210058994,-0.0012099923336666265,-0.17663510095204282,-0.0011822888960534724,0.06488621796689016,-0.012150423618453199,0.5779351271846404,0.8160665636660418,0.00266445746454948,0.0,0.8160327721318125,-0.5778734695117473,-0.01155486661686217,0.0,-0.00788997292066479,0.008852418355326575,-0.999929689036471,0.0,0.651555672442386,0.24787818873651563,0.30387869765453224,1.0,-0.02401199999999987,-0.03155862857142841,-0.028085573663999358,1.0099999999999996
