position_joint1,position_joint2,position_joint3,position_joint4,position_joint5,position_joint6,position_joint7,velocity_joint1,velocity_joint2,velocity_joint3,velocity_joint4,velocity_joint5,velocity_joint6,velocity_joint7,ee_T_00,ee_T_10,ee_T_20,ee_T_30,ee_T_01,ee_T_11,ee_T_21,ee_T_31,ee_T_02,ee_T_12,ee_T_22,ee_T_32,ee_T_03,ee_T_13,ee_T_23,ee_T_33,v_x,v_y,time
0.465086142218,0.547858733014,-0.123907813437,-1.35585046502,0.0795150571598,1.89408996707,0.159180685587,0.000157330538065,0.00071072398865,0.00121973066817,-0.000671880568363,-0.000100786818066,0.000187690832037,-4.22613673088e-06,0.573761763223,0.819008331934,0.00188100691042,0.0,0.818963688606,-0.57370290905,-0.0120081553217,0.0,-0.00875580869964,0.00843045904055,-0.999926128859,0.0,0.661646259161,0.260944029747,0.303147571014,1.0,0.0,0.0,0.0
0.465082848234,0.547853851613,-0.123913368993,-1.35585046502,0.0795163795882,1.89409314595,0.159180489907,-0.00178211083874,-0.000616510648144,0.000513838532238,-0.000191145001671,0.000438145173837,0.000102393326208,0.000534972743679,0.57376854724,0.819003564971,0.00188723730058,0.0,0.818959024639,-0.57370968632,-0.0120024450398,0.0,-0.00874748737251,0.0084323578218,-0.999926185679,0.0,0.661649085351,0.260939131539,0.303151491312,1.0,-0.00018,-0.000236571428571,0.01
0.465087429267,0.547850853648,-0.12391127162,-1.35585367046,0.0795166959064,1.89409162013,0.15917870117,0.000796308800952,-0.000614763451804,-0.000764304372865,0.000477711999981,0.000599346092581,-0.000282044450112,-0.00116865696939,0.573762107626,0.81900807753,0.0018867152517,0.0,0.818963510635,-0.57370323071,-0.0120049249095,0.0,-0.0087498842981,0.00843328433094,-0.999926156894,0.0,0.661646430376,0.260942982524,0.303151888245,1.0,-0.00044,-0.000578285714286,0.023
0.465090343788,0.547837585238,-0.123913264019,-1.35586296631,0.0795146914318,1.89409092406,0.159179573844,0.000940839300957,-2.39866146141e-05,-0.000129472172823,-0.000101788590394,1.39770013158e-06,2.18498858615e-05,0.00128292753524,0.573761775312,0.819008306068,0.00188856676781,0.0,0.818963781894,-0.57370290837,-0.0120018238116,0.0,-0.00874628553538,0.00843301788135,-0.999926190625,0.0,0.66164432221,0.260942457535,0.303156865274,1.0,-0.00078,-0.00102514285714,0.04
0.465087154989,0.547776179517,-0.123906047254,-1.35592715765,0.0795116026581,1.89410070691,0.159170886243,0.000407645236548,-0.00190461832935,0.00265486910061,-0.00620587972927,-0.00467133106242,0.00232344018078,-0.00195887019278,0.573754874004,0.81901311927,0.00189787277611,0.0,0.818968653594,-0.57369590722,-0.0120040564517,0.0,-0.00874284620117,0.00844184674081,-0.999926146205,0.0,0.661632531138,0.260937877028,0.303170419717,1.0,-0.00112,-0.001472,0.057
0.465089289912,0.547648066814,-0.123910428316,-1.35607440171,0.0795132678976,1.89412700404,0.159172086212,0.00129478497048,-0.00461884230614,0.00335211998517,-0.00529602723621,-5.73383521748e-05,-7.55936278204e-05,-0.000538944000477,0.573765602319,0.819005574079,0.00191052970416,0.0,0.818961162946,-0.573706472922,-0.0120101380271,0.0,-0.00874045501249,0.00845581650807,-0.999926049072,0.0,0.661607763702,0.260923017014,0.303193526231,1.0,-0.00144,-0.00189257142857,0.073
0.46506873848,0.547499883602,-0.12391327277,-1.35629373982,0.0795055403345,1.89418308508,0.159164688624,-0.000763813462284,-0.00547098444054,-0.000607886089954,-0.0109803064657,-0.00241895130759,0.00471283792428,-0.000598859344866,0.573788409402,0.818989618136,0.00190092644805,0.0,0.818945011769,-0.573729250973,-0.0120233596721,0.0,-0.00875655823027,0.0084557814543,-0.999925908479,0.0,0.661579019702,0.2608862377,0.303199052443,1.0,-0.0018,-0.00236571428571,0.091
0.465045408132,0.547313092482,-0.123907075914,-1.35650693067,0.0795078628853,1.89433298852,0.159158367339,0.000104794837841,-0.0116291382844,0.000639998006394,-0.0149901112388,-0.0001088707453,0.00542349075932,-0.00529109382365,0.573810976467,0.818973536451,0.00201414472272,0.0,0.81893034248,-0.573751270188,-0.0119716759719,0.0,-0.00864903423568,0.00851908732581,-0.999926306964,0.0,0.66156951405,0.260862119326,0.303242712762,1.0,-0.00214,-0.00281257142857,0.108
0.465020070763,0.547133556781,-0.123909008569,-1.35672950462,0.0795045883164,1.89443742534,0.159142347056,0.000521573590915,-0.0109574256066,0.000624577559221,-0.0173271201733,-9.75838790689e-05,0.00208588127928,0.000378954818079,0.573831638362,0.818958916474,0.00207143520198,0.0,0.818916422989,-0.573771644851,-0.0119473271313,0.0,-0.00859600479887,0.00855225126518,-0.999926481147,0.0,0.661551283114,0.260826750352,0.30327307161,1.0,-0.00246,-0.00323314285714,0.124
0.464982214529,0.546912440243,-0.123903606277,-1.35705382716,0.0794969812642,1.89457431533,0.159109812768,-0.000621353746259,-0.011952898172,0.00198630764492,-0.0221513657895,8.69778764562e-05,0.00437387701791,-0.00885657066361,0.573848450849,0.818947044051,0.00210746304715,0.0,0.818904909623,-0.573788196354,-0.0119415920986,0.0,-0.00857045913758,0.00857864112801,-0.99992647437,0.0,0.661519089448,0.260777309862,0.30328701349,1.0,-0.0028,-0.00368,0.141
0.464937766797,0.546637556804,-0.123913955987,-1.35747478559,0.079488717175,1.89472356572,0.15898604761,-0.00145351020815,-0.0142812769642,-0.00343729995492,-0.0258900230157,-0.000344233843122,0.0127101609705,-0.0157392579365,0.573812042146,0.818972527503,0.00211810872373,0.0,0.818930412439,-0.573751628815,-0.0119496827208,0.0,-0.00857135855565,0.00859162091104,-0.99992635522,0.0,0.661473954115,0.260704354667,0.303294619134,1.0,-0.00316,-0.00415314285714,0.159
0.464903628885,0.546374068886,-0.123914419607,-1.35789505706,0.0794764200058,1.89487660683,0.158962479345,-0.00204828670432,-0.0136495490537,-0.00199431162387,-0.0297894384577,8.08843659056e-06,0.00644304691484,0.000456839934883,0.573841263637,0.818952044255,0.00212138169767,0.0,0.818909852021,-0.573780713003,-0.0119622134593,0.0,-0.008579436444,0.00860179767075,-0.99992619845,0.0,0.661424667182,0.26064347749,0.30329446103,1.0,-0.00348,-0.00457371428571,0.175
0.464854034737,0.546071269972,-0.123917422951,-1.35840971026,0.0794600144548,1.89505264878,0.158921492083,-0.00053881119402,-0.020167112429,-0.00157912797449,-0.0294455909603,-0.0024962021028,0.0045859677776,-0.00549003735266,0.573874786743,0.818928615029,0.00209750508622,0.0,0.818885968236,-0.573814187912,-0.0119914835409,0.0,-0.00861675672984,0.00859939310812,-0.999925898225,0.0,0.661364138192,0.260561111911,0.303279275164,1.0,-0.00382,-0.00502057142857,0.192
0.464798867841,0.545747086216,-0.123912512651,-1.35896768127,0.079425380053,1.89523661015,0.158812008921,-0.00686442411632,-0.0228422554018,-0.000524701746454,-0.0336699503011,-0.00283925010378,0.0141062947474,-0.00783530792665,0.573848761692,0.818946957248,0.00205592333714,0.0,0.818903706052,-0.573788279664,-0.012019868362,0.0,-0.00866413671831,0.00858135503304,-0.999925643776,0.0,0.661296408279,0.260472367861,0.303258985445,1.0,-0.00414,-0.00544114285714,0.208
0.464745523733,0.545396735024,-0.123912534776,-1.35958742813,0.0793285787793,1.89543962589,0.15875616733,-0.00409147017958,-0.0256964726938,0.000278223509142,-0.0393492651333,-0.00286362306159,0.0154932444112,-0.000736508855197,0.573855503465,0.81894245446,0.00196578948475,0.0,0.81889852291,-0.573795891531,-0.01200961858,0.0,-0.00870739223135,0.00850173150673,-0.999925948199,0.0,0.66122305039,0.260366212474,0.303229498457,1.0,-0.00446,-0.00586171428571,0.224
0.464685359005,0.544970558938,-0.123915717971,-1.36028323015,0.0793150968975,1.89566972699,0.158689484838,-0.00241251034664,-0.0275972615441,-0.000853238626764,-0.0397525505542,-0.000260405321046,0.0122677704261,-0.00175945697583,0.573887483929,0.818920088672,0.00194706468511,0.0,0.818875621778,-0.57382766505,-0.012052957436,0.0,-0.00875329791837,0.00851160909634,-0.999925463365,0.0,0.661137380555,0.260261025514,0.303220066377,1.0,-0.0048,-0.00630857142857,0.241
0.464620765402,0.544512080752,-0.123915958775,-1.36105430987,0.0792901884048,1.89594147513,0.158555430889,-0.00249446442539,-0.0278366435166,-0.000305044313314,-0.0479725971391,-0.00136087573154,0.0125142204036,-0.0121998560268,0.573867117687,0.818934415701,0.00192377721458,0.0,0.818889411167,-0.573807176508,-0.0120914584461,0.0,-0.00879840368232,0.00851441512643,-0.999925043605,0.0,0.6610445824,0.260147082596,0.303201127811,1.0,-0.00516,-0.00678171428571,0.259
0.464558987039,0.54407872917,-0.123920700538,-1.36175973791,0.0792600495461,1.89620518822,0.158487942023,-0.00671461463261,-0.0308965738164,-0.00131272390897,-0.0501262247995,-0.00106445595325,0.0212029942845,-0.00524727665756,0.573897106301,0.818913406653,0.00192111538994,0.0,0.818868274459,-0.573837083215,-0.0121036322,0.0,-0.00880958903774,0.0085195439673,-0.999924901436,0.0,0.660965126486,0.260038473445,0.3031950485,1.0,-0.00546,-0.007176,0.274
0.4644876696,0.543524834016,-0.12391588868,-1.36264863709,0.0792143379211,1.89651038294,0.158367256454,-0.00360598200271,-0.0340835546058,-3.04245770413e-05,-0.0546123074797,-0.00265952144358,0.0227831387811,-0.00188043002898,0.573890491334,0.818918088111,0.00190153128231,0.0,0.818872555176,-0.57383041617,-0.0121300765839,0.0,-0.00884255288418,0.00851861140022,-0.999924618418,0.0,0.660855939146,0.259909197595,0.303190147959,1.0,-0.00582,-0.00764914285714,0.292
0.464413043537,0.542970600805,-0.123924865659,-1.36351495878,0.0791675616838,1.89682502705,0.158252217098,-0.0011773378354,-0.0361797365832,-0.00066259734209,-0.0516435191668,-0.00836788377307,0.0241514731235,-0.000427183891686,0.573899377409,0.81891185399,0.00190444354651,0.0,0.818866338219,-0.573839268001,-0.0121310153346,0.0,-0.00884155799516,0.00852163092894,-0.999924601487,0.0,0.660757799731,0.259772910333,0.303197433418,1.0,-0.00616,-0.008096,0.309
0.464348834519,0.542444985944,-0.123917118413,-1.36433437835,0.079117803136,1.89711195403,0.158140484105,-0.00228677994608,-0.0349996406881,0.000488123734715,-0.0538054877387,-0.00189919080906,0.0118283886304,-0.0113693926877,0.573894780455,0.818915063027,0.00190982067007,0.0,0.81886955617,-0.573834588481,-0.0121351531508,0.0,-0.00884190878323,0.0085283592551,-0.999924541022,0.0,0.660653292994,0.259646371773,0.3032084637,1.0,-0.00648,-0.00851657142857,0.325
0.464256145989,0.541795910481,-0.123917765437,-1.36534657792,0.0790558937373,1.89749097392,0.158010009776,-0.00570236772078,-0.0322654887355,0.00229147665803,-0.0604869019362,-0.00225474996372,0.0221093823724,-0.00792519077302,0.573896413623,0.818913910845,0.00191310107003,0.0,0.818868448222,-0.573836208126,-0.0121333281022,0.0,-0.00883851467273,0.0085300158169,-0.999924556898,0.0,0.660544597303,0.259498504321,0.303213843545,1.0,-0.00682,-0.00896342857143,0.342
0.464169576621,0.541137169616,-0.123922278662,-1.3663488589,0.0790021772671,1.89787511012,0.157885668172,-0.00733841242604,-0.0412552443253,0.000948682226134,-0.0610215653056,-0.00338246745373,0.0253597160745,-0.00163900320375,0.573909967033,0.818904325955,0.00194976233977,0.0,0.818859318376,-0.573849573831,-0.0121173522125,0.0,-0.0088042513673,0.00855101490288,-0.999924679814,0.0,0.660433741956,0.259345765641,0.30323595834,1.0,-0.00716,-0.00941028571429,0.359
0.464071104475,0.540435049308,-0.123927808753,-1.36742146852,0.0789438872257,1.89826084906,0.157750165845,-0.00496805712232,-0.0468041358266,-0.00148127293674,-0.0609877103442,-0.00938948053912,0.0227279681017,-0.0103592287698,0.573910588127,0.818903849615,0.00196693223524,0.0,0.818859029122,-0.57385008286,-0.0121127919191,0.0,-0.00879065695336,0.00856246460863,-0.99992470144,0.0,0.66030169435,0.25917228615,0.303257223802,1.0,-0.00752,-0.00988342857143,0.377
0.463970156934,0.539700097164,-0.123925793592,-1.36856996276,0.078871252053,1.89869601443,0.157608852197,-0.00439979679012,-0.0403607341148,0.000480955082758,-0.0731463164516,-0.000618339460356,0.0226952218611,-0.00704048075029,0.573937007215,0.818885298596,0.00198151279321,0.0,0.818840677875,-0.573876443562,-0.0121044902135,0.0,-0.00877521451827,0.00856992316339,-0.999924773184,0.0,0.660181922155,0.259001794278,0.303265693249,1.0,-0.00784,-0.010304,0.393
0.463864495077,0.538943170079,-0.123931692016,-1.36973483578,0.078798009034,1.89914438458,0.157457337173,-0.0117516705275,-0.0433678747931,3.52664348379e-05,-0.0718285600214,-0.00341131377923,0.0263779601291,-0.0017201238202,0.573948477738,0.818877184634,0.0020120359173,0.0,0.818833037282,-0.573887852592,-0.0120804223641,0.0,-0.00873786751385,0.00858122672282,-0.999925003297,0.0,0.660054614798,0.258818866463,0.303285067796,1.0,-0.00818,-0.0107508571429,0.41
0.463753474542,0.538215659792,-0.123939531286,-1.37088043625,0.0787407283226,1.89958190033,0.157316760388,-0.00672984396667,-0.0405150665484,-2.35880945187e-05,-0.0703382185231,-0.00193751512975,0.0237083778369,-0.0119939121214,0.573977797215,0.818856584691,0.00203197268381,0.0,0.818812638464,-0.573917023698,-0.0120772473101,0.0,-0.00872351772466,0.00859604222245,-0.999925001336,0.0,0.659929528894,0.258635028368,0.303291866866,1.0,-0.0085,-0.0111714285714,0.426
0.463658868863,0.53741507005,-0.123943435753,-1.37214837501,0.0786662488475,1.90004902702,0.157162203869,-0.0019746551149,-0.0451111678546,-0.000135672421362,-0.0796580281291,-0.00043799773393,0.0230013270781,-0.0099768380731,0.573981392715,0.818854066356,0.00203118946162,0.0,0.81881009238,-0.573920604869,-0.0120796864306,0.0,-0.00872592687074,0.00859683918752,-0.999924973464,0.0,0.659779488348,0.258449987638,0.303294337167,1.0,-0.00884,-0.0116182857143,0.443
0.463537500615,0.536526054234,-0.123944481108,-1.37354089228,0.0785893767487,1.90057939757,0.156979384265,-0.00888393512576,-0.0517568377115,0.000494641677934,-0.078055988135,-0.00367077572136,0.0282025968807,-0.0078398374357,0.573987961542,0.818849398322,0.00205664133822,0.0,0.818805704029,-0.573927010917,-0.0120727830436,0.0,-0.00870559672529,0.00861378763033,-0.999925004812,0.0,0.659621607315,0.258239236827,0.303305185163,1.0,-0.0092,-0.0120914285714,0.461
0.463425681332,0.535716799967,-0.123950179869,-1.37481082725,0.0785144113306,1.90104416401,0.156835412736,-0.00648430549207,-0.0522742726805,-5.68938798309e-05,-0.0785178169649,-0.00460420427154,0.034740239851,-0.013935001777,0.574015291042,0.81883023424,0.00205913717692,0.0,0.818786565431,-0.573954319161,-0.0120725592382,0.0,-0.00870369340551,0.00861599334613,-0.999925002378,0.0,0.659475157025,0.258041467887,0.303312367928,1.0,-0.00952,-0.012512,0.477
0.4633094837,0.534762857486,-0.123944975306,-1.37633860654,0.0784284617525,1.90159756569,0.156643430181,-0.00588171262828,-0.0467654008777,-0.00034934683062,-0.0837881759125,-0.001242609133,0.0259527661325,-0.00924598770217,0.574010292014,0.81883377213,0.00204577183527,0.0,0.818789803706,-0.573949254923,-0.0120936769272,0.0,-0.00872870993132,0.00861711805015,-0.99992477462,0.0,0.6592892136,0.257822687628,0.303306098973,1.0,-0.00988,-0.0129851428571,0.495
0.46318550184,0.533855307305,-0.123953378448,-1.37782538265,0.0783512865143,1.90213725143,0.156462690305,-0.00708407095764,-0.0482860046946,-0.000401387137006,-0.0849910138237,0.000169349046433,0.0332091366218,-0.0103278982274,0.574030467855,0.818819702973,0.00201566332195,0.0,0.818775224961,-0.573969445248,-0.0121224507835,0.0,-0.00876934122815,0.00860919703841,-0.999924487339,0.0,0.659113079052,0.257595631684,0.303285702689,1.0,-0.01022,-0.013432,0.512
0.463063809081,0.53297392438,-0.12395369737,-1.37924459518,0.0782679256658,1.90268601755,0.156279734143,-0.00824185460449,-0.053897540154,-0.00195717385274,-0.0936387605467,-0.00942598073713,0.0387024645087,-0.0087108655044,0.574035942641,0.818815844257,0.00202401870872,0.0,0.818771468472,-0.573974875837,-0.0121190439129,0.0,-0.00876169797592,0.00861414141572,-0.999924511759,0.0,0.658951340106,0.257382089746,0.303279333699,1.0,-0.01054,-0.0138525714286,0.528
0.462933106058,0.532006876244,-0.123956450213,-1.38079592799,0.0781787375216,1.90325499731,0.156085388322,-0.0103063999761,-0.0577054360095,-0.00489440002234,-0.0897446393969,-0.00591496487594,0.0286311533558,-0.013977509556,0.574046480779,0.818808486407,0.0020118137833,0.0,0.818763890487,-0.573985406729,-0.0121322462334,0.0,-0.00877940345316,0.00861183953899,-0.999924376288,0.0,0.658767915431,0.257147097949,0.303272120811,1.0,-0.01088,-0.0142994285714,0.545
0.462810438239,0.531061505934,-0.123951277152,-1.38231191057,0.0780906361748,1.90380019251,0.155895106679,-0.00606597146493,-0.0601643526067,8.14099909166e-05,-0.095530917182,-0.00976069022596,0.0310454944718,-0.0158574458866,0.574046294486,0.818808663344,0.00199286762873,0.0,0.818763711246,-0.573985198055,-0.0121541952358,0.0,-0.00880825342062,0.00860892418175,-0.999924147671,0.0,0.65858307035,0.256924509611,0.303263927275,1.0,-0.0112,-0.01472,0.561
0.462681005146,0.530082124217,-0.123956991509,-1.38386881979,0.0779870533547,1.90434965104,0.15568354604,-0.0116620361721,-0.0630382986872,-0.00258949142047,-0.0974752315909,-0.0105581283947,0.03375583232,-0.0166569446231,0.574039658715,0.818813388213,0.00196275491887,0.0,0.81876809047,-0.573978744242,-0.0121639668003,0.0,-0.00883360934066,0.00858980582805,-0.99992408841,0.0,0.658395081236,0.25668455313,0.303260706468,1.0,-0.01152,-0.0151405714286,0.577
0.462539618662,0.52901595412,-0.123957258963,-1.38552068994,0.0778876527825,1.90497106194,0.155462288405,-0.00916042419947,-0.0636131619227,0.00115647185228,-0.0935160396001,-0.00373165343295,0.0354918084116,-0.0070700678364,0.574037375112,0.81881491648,0.00199284364739,0.0,0.818770004878,-0.573976319814,-0.0121494981918,0.0,-0.00880451479872,0.0086061123482,-0.999924204802,0.0,0.658202706027,0.256435324729,0.30327925479,1.0,-0.01186,-0.0155874285714,0.594
0.462388818735,0.527846137691,-0.123949473485,-1.38734523453,0.0777790280586,1.90568061374,0.155200894855,-0.00484484537244,-0.0646658782041,0.00110210151216,-0.103012653291,-0.000939270106606,0.0386799149492,-0.0179230292497,0.57401108976,0.818833225388,0.00204076816117,0.0,0.818788912938,-0.573949799555,-0.0121280889811,0.0,-0.00875975239352,0.00863278212479,-0.999924368045,0.0,0.657990812944,0.25616995391,0.303295711401,1.0,-0.01222,-0.0160605714286,0.612
0.462246614301,0.52674877305,-0.123957438043,-1.38901278158,0.0776672430593,1.90631010278,0.154970079781,-0.00526753279391,-0.0673167995667,0.000439056603236,-0.108028963295,-0.0108718980102,0.0339321381863,-0.0146594151148,0.574004104796,0.818838014518,0.00208340071475,0.0,0.81879440134,-0.57394277065,-0.012090130419,0.0,-0.00870427319321,0.00864582778799,-0.999924739813,0.0,0.657798842863,0.255912877249,0.30332912443,1.0,-0.01254,-0.0164811428571,0.628
0.462090561258,0.525569213308,-0.123963646833,-1.3908516743,0.0775539460414,1.90698197633,0.154733265706,-0.0118160523427,-0.0666172577101,-0.00108388624447,-0.106337878613,-0.00889715665133,0.0349298200351,-0.0122471242109,0.574010866777,0.818833253709,0.00209149313355,0.0,0.81878975673,-0.573949507307,-0.0120848763762,0.0,-0.00869525460084,0.00864951004748,-0.999924786433,0.0,0.657579985309,0.255631118723,0.303342179936,1.0,-0.01288,-0.016928,0.645
0.461937480496,0.524369138534,-0.123972462267,-1.39271450602,0.0774414174456,1.90765304475,0.154476132457,-0.0104763969538,-0.0711145520802,-0.000247342229971,-0.112004936418,-0.014480149935,0.0455308153561,-0.010225468684,0.574001591485,0.818839740596,0.00209740198533,0.0,0.818796306894,-0.573940193931,-0.0120833980542,0.0,-0.00869075054988,0.0086534013181,-0.999924791922,0.0,0.657355078502,0.255347336427,0.30335796456,1.0,-0.01322,-0.0173748571429,0.662
0.461790565236,0.52324892736,-0.123975344918,-1.39451485603,0.0773265472796,1.90831792991,0.154235142289,-0.00872646280884,-0.0769163891793,0.000378323312735,-0.114535895424,-0.00935733556286,0.0424153567371,-0.0110376308633,0.573992214112,0.818846359897,0.00207940452488,0.0,0.818802719551,-0.573930923596,-0.0120891809906,0.0,-0.00870591490467,0.00864188422669,-0.999924759611,0.0,0.657138142769,0.255076660074,0.303346329399,1.0,-0.01354,-0.0177954285714,0.678
0.46163002006,0.522016537187,-0.123971120738,-1.39647629504,0.0772098807174,1.90908783382,0.153968411971,-0.00989666248018,-0.0766631368468,0.000157092944925,-0.118183637549,-0.00433981201668,0.0411448623682,-0.0171245469305,0.573976121843,0.818857552469,0.00211357973049,0.0,0.81881434974,-0.573914677748,-0.0120727058752,0.0,-0.00867297893643,0.0086602410475,-0.99992488701,0.0,0.656908562646,0.254790347412,0.303345449425,1.0,-0.01388,-0.0182422857143,0.695
0.461465668864,0.520762533625,-0.123976436754,-1.39847981895,0.0770839646178,1.90984111942,0.153683718785,-0.0119229675401,-0.0786834899515,0.000176871623444,-0.121350591683,-0.00507026965439,0.0427282842178,-0.0175258381226,0.573954411456,0.818872774822,0.00211166420186,0.0,0.818829590699,-0.573893021879,-0.0120684603448,0.0,-0.00867083120072,0.0086560058434,-0.999924942308,0.0,0.656669267083,0.254488719422,0.303338231892,1.0,-0.01422,-0.0186891428571,0.712
0.461287553825,0.519444158523,-0.1239803432,-1.40053888608,0.0769568328623,1.91057697592,0.153425815239,-0.00980473962741,-0.0820733403365,-0.00171792923737,-0.122086989077,-0.0153468800543,0.0394470929623,-0.014176111121,0.573966936591,0.818864010162,0.00210605389729,0.0,0.818820719979,-0.573905536717,-0.0120751960419,0.0,-0.0086794345681,0.00865541049288,-0.99992487282,0.0,0.656417600872,0.254171830542,0.303347826858,1.0,-0.01456,-0.019136,0.729
0.461114517715,0.518096943837,-0.1239835413,-1.40263348161,0.0768189962618,1.91133166013,0.153120969654,-0.00803335638587,-0.0762033877574,-0.000882940575159,-0.121654711205,-0.0093620408069,0.0413231120169,-0.0197154616752,0.573935005748,0.818886388899,0.0021066928292,0.0,0.818843151953,-0.573873651984,-0.0120694224595,0.0,-0.00867467728087,0.00865228162837,-0.999924941181,0.0,0.656160437012,0.253854462061,0.303361943496,1.0,-0.0149,-0.0195828571429,0.746
0.460945940011,0.516825021395,-0.123990979605,-1.40465761899,0.0766959848432,1.9120557045,0.152850347461,-0.00855151526165,-0.0823649294622,-0.0011568399923,-0.12431864956,-0.00580554841392,0.0557665276201,-0.0183211007403,0.573934347462,0.81888689513,0.00208918382666,0.0,0.818843418093,-0.573873057524,-0.0120796272944,0.0,-0.00869308954806,0.00864379385428,-0.999924854688,0.0,0.655897181074,0.253524328286,0.30335767677,1.0,-0.01524,-0.0200297142857,0.763
0.460745746942,0.515367943356,-0.123995522151,-1.40696699256,0.0765473377154,1.9129381773,0.152535100799,-0.0110887198606,-0.0800421765702,0.000652098731128,-0.129496064448,-0.00594761056061,0.0473852809547,-0.0196759789277,0.573921456258,0.818895904679,0.00209910644373,0.0,0.818852621042,-0.573860188901,-0.0120671251176,0.0,-0.00867729278454,0.00864460726914,-0.999924984864,0.0,0.655636673529,0.253192246467,0.303353192322,1.0,-0.01558,-0.0204765714286,0.78
0.460580432261,0.514065142939,-0.123995614553,-1.40908707817,0.0764186674342,1.91367873428,0.152249408121,-0.0135991701918,-0.0842848322743,-0.000485168108907,-0.131638847075,-0.0137656083491,0.0497795714121,-0.0186762623377,0.573899547,0.818911423091,0.00203420406272,0.0,0.818867166903,-0.573838439711,-0.0121142469499,0.0,-0.00875335925332,0.00861826968294,-0.999924549218,0.0,0.655363947822,0.252878842376,0.303321581472,1.0,-0.0159,-0.0208971428571,0.796
0.460384135824,0.51265795673,-0.123996025336,-1.41136465361,0.0762846933303,1.91446977695,0.151917387062,-0.0118041300587,-0.080576307436,0.000312731390784,-0.128870684303,-0.00819252737355,0.0510825456724,-0.0314981500375,0.573871768882,0.818931046039,0.00197018127611,0.0,0.818885771662,-0.573810770902,-0.0121671306293,0.0,-0.00883369985281,0.00859589168863,-0.999924035311,0.0,0.655073963476,0.25253026464,0.30329214568,1.0,-0.01624,-0.021344,0.813
0.460198146832,0.511305675696,-0.123998822544,-1.41352455584,0.0761495424173,1.91530281518,0.151616037885,-0.012113109486,-0.0837282234677,0.000324028596822,-0.141429641601,-0.00889519539171,0.0536434486068,-0.0209871425143,0.573856011888,0.818942047657,0.00198673136156,0.0,0.818897041713,-0.57379499281,-0.0121527034907,0.0,-0.00881255304289,0.00860099598933,-0.999924178014,0.0,0.654816123581,0.252202931109,0.303283513442,1.0,-0.01656,-0.0217645714286,0.829
0.45998839379,0.509831551788,-0.124006638342,-1.41586842546,0.0760044814033,1.91618005601,0.1512967718,-0.0185815617815,-0.0870234437202,-0.000479257727057,-0.139507081925,-0.0104219774153,0.0505089115756,-0.0118238700744,0.57385502643,0.818942733366,0.00198872075111,0.0,0.818897776834,-0.573794021483,-0.0121490291315,0.0,-0.00880841263652,0.00860050602156,-0.99992421871,0.0,0.654533222693,0.251838371169,0.303276165436,1.0,-0.0169,-0.0222114285714,0.846
0.459776656498,0.508227858236,-0.124005195675,-1.4183896657,0.0758491554325,1.91707457583,0.150941087535,-0.011443245758,-0.0933008854434,0.00030552285316,-0.143162559848,-0.00633682920471,0.050216346428,-0.0190071338641,0.573824892382,0.818963893404,0.00197004699132,0.0,0.818918584962,-0.573763869557,-0.0121704599822,0.0,-0.00883699564614,0.00859718650645,-0.999923995058,0.0,0.654212737006,0.251458242295,0.30327571288,1.0,-0.01726,-0.0226845714286,0.864
0.459569555601,0.506794364103,-0.124008392297,-1.42065344037,0.0757076194981,1.91789028924,0.150627090756,-0.013600055411,-0.0813154778191,-0.000367655487678,-0.139470556968,-0.00547146918616,0.0562227470362,-0.0271553549002,0.573818469227,0.818968428633,0.00195555032194,0.0,0.818922892659,-0.573757475447,-0.0121820420771,0.0,-0.00885486672526,0.00859189108367,-0.999923882475,0.0,0.653931774539,0.251103696224,0.303271549856,1.0,-0.01758,-0.0231051428571,0.88
0.459349430314,0.505183352926,-0.124013963664,-1.42310964676,0.0755529524009,1.91884399266,0.150291353361,-0.0126581610932,-0.097062937552,0.00110425721386,-0.143470446108,-0.00818536752971,0.0563083287081,-0.0261939359368,0.573812961064,0.818972074858,0.0020428458715,0.0,0.818927786853,-0.573751684406,-0.0121256530901,0.0,-0.00875865364168,0.00863096632574,-0.999924393345,0.0,0.653640525439,0.25072598332,0.303311329197,1.0,-0.01792,-0.023552,0.897
0.459122361895,0.503506827611,-0.124019404134,-1.42558761982,0.0753930278048,1.91978551062,0.14993876848,-0.00978961941303,-0.0976278001312,0.000641953126413,-0.142854555896,-0.0127738858673,0.0566723157139,-0.0276583324946,0.57379819968,0.818982123566,0.00215736523364,0.0,0.818939451904,-0.573736551093,-0.0120536698079,0.0,-0.00863414704154,0.00868329271761,-0.999925023155,0.0,0.653344276764,0.25034054201,0.303384746065,1.0,-0.01826,-0.0239988571429,0.914
0.458913162429,0.501999925492,-0.124026977039,-1.4278031691,0.0752523958762,1.92060088271,0.149626721907,-0.015605890945,-0.0986677555573,0.000311588390719,-0.149848753353,-0.0135868266259,0.056697283944,-0.0231623737083,0.573794703515,0.818984334454,0.00224611625505,0.0,0.818942879187,-0.5737327431,-0.0120019592113,0.0,-0.0085409105755,0.00872626954788,-0.999925449754,0.0,0.653075435108,0.249989106334,0.303453147337,1.0,-0.01856,-0.0243931428571,0.929
0.45865476964,0.500193894382,-0.124021589734,-1.43054629223,0.0750753189091,1.92156870061,0.149248226816,-0.0167545749823,-0.0986974942307,0.00146699255365,-0.153048886794,-0.00926554448654,0.0559490837648,-0.0247370733197,0.573784185139,0.818991632809,0.00227182179683,0.0,0.818950455993,-0.573722061978,-0.011995546226,0.0,-0.00852102176044,0.00874353255315,-0.999925468636,0.0,0.652728120184,0.249559139447,0.303491476022,1.0,-0.01892,-0.0248662857143,0.947
0.458405708021,0.498505222929,-0.124024537524,-1.43316691449,0.074914861691,1.92254952939,0.148869254427,-0.0173125553931,-0.0978639018097,0.0007061366819,-0.151328521458,-0.00827436471438,0.0606604915943,-0.0200198721513,0.573769954437,0.819001488336,0.00231265863937,0.0,0.818960825889,-0.573707647422,-0.0119769716815,0.0,-0.00848253100059,0.00876617210123,-0.999925597679,0.0,0.652407283238,0.249146941743,0.303507022175,1.0,-0.01926,-0.0253131428571,0.964
0.458157502942,0.496927293364,-0.124029700959,-1.43568118514,0.0747621565385,1.92345015577,0.148497075996,-0.00975683675239,-0.0988099843187,-6.07630259327e-05,-0.156172755668,-0.00388074309532,0.0557533656748,-0.0200969896742,0.573758225332,0.819009789414,0.00228267566832,0.0,0.818968637188,-0.573695940735,-0.0120035739554,0.0,-0.00852164688065,0.00875675766627,-0.999925347578,0.0,0.652091890838,0.248741165032,0.303488556379,1.0,-0.01958,-0.0257337142857,0.98
0.45787543841,0.495159332515,-0.124022724368,-1.43856433273,0.0745774286895,1.92444593039,0.148094881003,-0.0191177582323,-0.0944325876356,0.00185061921096,-0.16013428745,-0.0132014434714,0.0556375476736,-0.0297256270673,0.573750021264,0.819015817361,0.00217965887669,0.0,0.818973156401,-0.573688001787,-0.0120744607197,0.0,-0.0086388964955,0.0087129719565,-0.99992472396,0.0,0.651717322159,0.248280729587,0.303434258378,1.0,-0.01994,-0.0262068571429,0.998
0.457595901474,0.493350895699,-0.124056008573,-1.44143648062,0.0744043984365,1.92549041457,0.147684253861,-0.0168795093179,-0.120714585366,-0.00717442418328,-0.178650902936,-0.0155575045356,0.0688856178913,-0.0242950151259,0.573764320107,0.819005858221,0.00215779368254,0.0,0.818962934541,-0.573702415067,-0.0120829506567,0.0,-0.00865824262352,0.00870008651842,-0.999924668827,0.0,0.651362590693,0.247805395799,0.303418062917,1.0,-0.024212,-0.0318214857143,1.015
0.457315153165,0.491271073648,-0.124097553832,-1.44470792771,0.0742075353801,1.9267161206,0.147204305328,-0.0186634026484,-0.134588913158,-0.000955493571116,-0.215074051226,-0.00958359970496,0.070562426922,-0.0345058714587,0.573741976208,0.819021455044,0.00217894836093,0.0,0.818978906924,-0.573680083963,-0.0120606044245,0.0,-0.0086280406223,0.00870435534945,-0.999924892736,0.0,0.650956003954,0.247289200868,0.303415785274,1.0,-0.0290485714286,-0.038178122449,1.031
0.456908964361,0.488688847322,-0.12410336208,-1.44890087886,0.0739803618881,1.92819497438,0.146607470665,-0.0260958732997,-0.165040584696,0.000124970250984,-0.260883724535,-0.0156306415834,0.0801464265911,-0.0446734922944,0.573737818052,0.819024615712,0.00208372165971,0.0,0.818980320919,-0.573675836397,-0.0121661655116,0.0,-0.00876917710069,0.00868688353767,-0.999923816892,0.0,0.65041099803,0.246622350456,0.303344208327,1.0,-0.0341874285714,-0.0449320489796,1.048
0.456424545161,0.48555754867,-0.124160470155,-1.45371317542,0.0736778376067,1.930049212,0.145884626038,-0.0304622920495,-0.193819525031,-0.00689714464255,-0.293272595243,-0.0208794263321,0.112060689944,-0.0482521832203,0.573740544225,0.819022365444,0.00221353013615,0.0,0.818980111848,-0.573678347047,-0.0120614024202,0.0,-0.00860886977856,0.00873312088681,-0.999924807153,0.0,0.649835568073,0.245821852714,0.303391253835,1.0,-0.0393262857143,-0.0516859755102,1.065
0.455895757917,0.482264088889,-0.124208399905,-1.4588601319,0.0733671947373,1.93184978625,0.145096489127,-0.0373714844524,-0.213347056669,-0.000772203106637,-0.332525221897,-0.0198828669266,0.111972433446,-0.0520998663844,0.573722984772,0.81903479049,0.00216693591944,0.0,0.818991737979,-0.573660796281,-0.012106644185,0.0,-0.0086728435777,0.00872073055325,-0.999924362461,0.0,0.649131628246,0.244902493302,0.303385863931,1.0,-0.0444651428571,-0.0584399020408,1.082
0.455268992554,0.478307669092,-0.124276659531,-1.46502608041,0.0729995326524,1.93403270413,0.144183419181,-0.0378497196469,-0.249813619613,-0.00484872875358,-0.370624880297,-0.0284013216299,0.140294233165,-0.0554301397241,0.573747063719,0.819017983652,0.00214388198157,0.0,0.818974542385,-0.573684884011,-0.0121284658469,0.0,-0.00870368652975,0.00871462421539,-0.999924147706,0.0,0.648386775372,0.243920771191,0.303382985735,1.0,-0.0493017142857,-0.0647965387755,1.098
0.454508940984,0.473659861439,-0.124336457935,-1.47217592624,0.0725724881842,1.9366602064,0.143158529774,-0.0516662033804,-0.260504688248,-0.00146352463402,-0.419459166693,-0.0285531722787,0.152462955335,-0.0595111456937,0.573803434913,0.81897820608,0.0022500999005,0.0,0.818936094907,-0.573740734087,-0.0120826077358,0.0,-0.00860458410442,0.0087758988104,-0.999924469514,0.0,0.647487341812,0.242717767196,0.303425892103,1.0,-0.0547428571429,-0.071947755102,1.116
0.453744321457,0.469116011869,-0.124373689696,-1.47906296017,0.0721496274429,1.93914660769,0.142099530689,-0.0519240334581,-0.290823664745,-0.00279102846016,-0.437518608428,-0.0288761173974,0.168086204875,-0.0678512746288,0.573803471158,0.818977828021,0.00237499426338,0.0,0.818937236542,-0.573740134575,-0.0120335981367,0.0,-0.0084927840494,0.00885006201134,-0.999924771681,0.0,0.64660916682,0.241547280345,0.30350388301,1.0,-0.0595794285714,-0.0783043918367,1.132
0.452874304009,0.463896389132,-0.124404448376,-1.48701874956,0.0716321258408,1.94201294531,0.140827132469,-0.0508596875311,-0.312795080256,-0.000777346423511,-0.491121362673,-0.0312068947747,0.176117441596,-0.0767348127248,0.573730554699,0.819028609219,0.0024768502691,0.0,0.818989372362,-0.573666841466,-0.0119795601877,0.0,-0.00839087719934,0.00890172514467,-0.999925173435,0.0,0.645577807783,0.240207200192,0.303566845184,1.0,-0.0647182857143,-0.0850583183673,1.149
0.451903394004,0.458279381656,-0.124452595221,-1.49569061196,0.0710605754452,1.94497213715,0.139544928143,-0.0608704817201,-0.346421743784,-0.00143714532101,-0.520209485068,-0.0352095763045,0.188971103671,-0.0725051115763,0.573757499784,0.819010005552,0.00238519371006,0.0,0.818969391499,-0.573693964808,-0.0120464696858,0.0,-0.00849797158017,0.00886532365443,-0.999924592415,0.0,0.644414739749,0.238712612543,0.303564677455,1.0,-0.0698571428571,-0.091812244898,1.166
0.450989885018,0.453052449699,-0.124499929125,-1.50374035855,0.0705193881548,1.9478287984,0.138258397375,-0.06341931319,-0.367006635295,-0.00153093890986,-0.541641482567,-0.0356964957537,0.200981639207,-0.0870200007993,0.573708100741,0.819044581469,0.00239491353065,0.0,0.819004193156,-0.573644635457,-0.0120295762412,0.0,-0.00847909318734,0.0088630802037,-0.999924772564,0.0,0.643349527331,0.237323361054,0.303574387128,1.0,-0.0743914285714,-0.0977715918367,1.181
0.449719345477,0.445879512605,-0.124553484437,-1.51440255239,0.0698025509986,1.95180433533,0.136600529329,-0.0728645457077,-0.386391714868,-0.00159024560313,-0.580626568576,-0.0373692787669,0.196193265227,-0.0842190465064,0.573716596585,0.819037408662,0.00278153138952,0.0,0.819002572353,-0.573652200346,-0.0117765197996,0.0,-0.00804993364397,0.00903464016697,-0.999926784242,0.0,0.641978265558,0.235468208632,0.30376357124,1.0,-0.0801348571429,-0.105320097959,1.2
0.448498236275,0.439208788413,-0.124580892763,-1.52484488878,0.0690826938473,1.95528607469,0.1349652702,-0.070909571447,-0.403994721922,-0.00421145767462,-0.633878533644,-0.043707490804,0.203906450129,-0.0954967568079,0.573662171558,0.819076375558,0.00252008464603,0.0,0.819037763896,-0.573598361042,-0.0119502478439,0.0,-0.00834280989332,0.00891962135246,-0.999925416158,0.0,0.64051340912,0.233651222822,0.303659882845,1.0,-0.0852737142857,-0.11207402449,1.217
0.447250614099,0.432467431778,-0.124606431235,-1.53493018525,0.0684119345289,1.95891072626,0.133311460065,-0.0810599537076,-0.429285003122,0.00245511456224,-0.643015492481,-0.0395703150011,0.240029098904,-0.0998473509295,0.573604558544,0.81911597367,0.00275299792553,0.0,0.819080398678,-0.573539869969,-0.0118349042978,0.0,-0.00811536133081,0.00904365581195,-0.999926173875,0.0,0.639155266599,0.231881017851,0.303774637175,1.0,-0.0901102857143,-0.118430661224,1.233
0.445900722812,0.425542277841,-0.124644759232,-1.54556245122,0.0676412159546,1.96260141937,0.131577587936,-0.0859801131407,-0.449692802242,-0.00176841556593,-0.679471477232,-0.0447657789864,0.224442693649,-0.11952490382,0.573559593385,0.81914763566,0.00270013521835,0.0,0.819111586653,-0.573495343721,-0.0118341135152,0.0,-0.00814552795766,0.00899945464614,-0.999926327381,0.0,0.637686204774,0.229969800712,0.303749913748,1.0,-0.0949468571428,-0.124787297959,1.249
0.444336853235,0.417815863573,-0.124764729816,-1.55738966629,0.066792466204,1.96656948828,0.129659072525,-0.0933389872035,-0.468867371053,-0.00923626512267,-0.696258316986,-0.050072655127,0.246088130769,-0.106205424309,0.573618158481,0.819107125806,0.00254393719429,0.0,0.819069228382,-0.573554693347,-0.011889480959,0.0,-0.00827983087068,0.00890385427456,-0.999926080158,0.0,0.636031331507,0.227756763465,0.30371447496,1.0,-0.100085714286,-0.13154122449,1.266
0.442669157378,0.4096700525,-0.12483154535,-1.56961481162,0.065959866748,1.97089643993,0.12760025824,-0.098176240871,-0.478852425514,0.000474426716142,-0.726077536847,-0.0403826883517,0.247648731592,-0.125796865195,0.573620087751,0.819105142464,0.00273996701311,0.0,0.819069823175,-0.573555918641,-0.0117889718689,0.0,-0.00808503884701,0.00900678878348,-0.999926752269,0.0,0.634340889052,0.225499752731,0.303787502354,1.0,-0.105224571429,-0.13829515102,1.283
0.440843372916,0.401267065678,-0.124921078482,-1.58246418698,0.0650879718473,1.9750991241,0.125465916675,-0.110412864499,-0.505494448602,-0.0067542848553,-0.768885917126,-0.0520471136018,0.26490555026,-0.132699511373,0.573707607921,0.819044502757,0.00253574822027,0.0,0.819005832524,-0.573643448288,-0.0119744490077,0.0,-0.00835315210431,0.00894679733217,-0.999925087028,0.0,0.632481257318,0.223054398841,0.303711289894,1.0,-0.110363428571,-0.145049077551,1.3
0.438929081129,0.392430360807,-0.12501892067,-1.59551306468,0.0641034991566,1.97971600881,0.123222750877,-0.113705482571,-0.512327501328,-0.000527192238266,-0.807641817925,-0.0592451805301,0.268543589113,-0.13238373365,0.573745105047,0.819017324438,0.00281489016945,0.0,0.818983163386,-0.57368085861,-0.0117301942418,0.0,-0.00799253757487,0.00903566314755,-0.99992723542,0.0,0.630659531217,0.22054743879,0.303848081532,1.0,-0.115502285714,-0.151803004082,1.317
0.437017640808,0.383951627909,-0.125075711691,-1.60841217123,0.0631402864799,1.98389570283,0.120943101582,-0.120266904494,-0.532939362256,-0.00513443279628,-0.781448709151,-0.0578015494177,0.257943372396,-0.148076598965,0.573704798071,0.819046324977,0.0025824625748,0.0,0.819008864013,-0.573641103579,-0.0118790510615,0.0,-0.00824824523907,0.00893030026621,-0.999926105364,0.0,0.628738945317,0.21806453387,0.303759911382,1.0,-0.120338857143,-0.158159640816,1.333
0.43489422005,0.374519683831,-0.12513577696,-1.62231499093,0.0621169026739,1.98864855186,0.118450890984,-0.129198181483,-0.546071529546,-0.00434328528497,-0.801282422211,-0.0574731058322,0.278344104435,-0.15136060479,0.573674394227,0.819066926387,0.00279399492518,0.0,0.819032350679,-0.573610069634,-0.0117576977795,0.0,-0.00802783231869,0.009033636308,-0.999926970995,0.0,0.626705348003,0.215380450014,0.303859962319,1.0,-0.125477714286,-0.164913567347,1.35
0.432570577613,0.364842594409,-0.125237276613,-1.63674698959,0.0609987433573,1.99336312567,0.115948043179,-0.142037546557,-0.594634300159,-0.0115243514359,-0.842893950087,-0.0756271844823,0.289363558933,-0.151478839206,0.573803104308,0.818977053549,0.00270742454127,0.0,0.818941534153,-0.573739277464,-0.0117793053732,0.0,-0.00809378083764,0.0089763972206,-0.999926954835,0.0,0.624545310329,0.212485265995,0.303847238437,1.0,-0.130616571429,-0.171667493878,1.367
0.43030296023,0.355481511601,-0.125346157944,-1.65065185852,0.0599136734858,1.99789648666,0.113332593176,-0.14395587724,-0.582172055076,-0.00421408389151,-0.890976243719,-0.0628479706651,0.281644120367,-0.167569404609,0.573773436467,0.818998027184,0.00264990092671,0.0,0.818961940848,-0.573710022939,-0.0117854114538,0.0,-0.00813211057711,0.00893249601425,-0.999927036984,0.0,0.622435167106,0.209682387374,0.303836578187,1.0,-0.135453142857,-0.178024130612,1.383
0.42769699229,0.345146748974,-0.125441916705,-1.66583522848,0.0587976094597,2.00280349104,0.110478746567,-0.154395489359,-0.626221741446,-0.0098317213318,-0.890319731334,-0.0681091861525,0.303397911176,-0.177735274397,0.573844651749,0.818947863792,0.00273110796117,0.0,0.818912347376,-0.573780394437,-0.0118056417088,0.0,-0.00810130483017,0.00901131588226,-0.999926579828,0.0,0.619969859858,0.206401390843,0.303884545714,1.0,-0.140894285714,-0.185175346939,1.401
