position_joint1,position_joint2,position_joint3,position_joint4,position_joint5,position_joint6,position_joint7,velocity_joint1,velocity_joint2,velocity_joint3,velocity_joint4,velocity_joint5,velocity_joint6,velocity_joint7,ee_T_00,ee_T_10,ee_T_20,ee_T_30,ee_T_01,ee_T_11,ee_T_21,ee_T_31,ee_T_02,ee_T_12,ee_T_22,ee_T_32,ee_T_03,ee_T_13,ee_T_23,ee_T_33,v_x,v_y,w_z,time
0.4651035075229511,0.547282910549662,-0.12397555770088228,-1.3555600937816896,0.07945304252082298,1.8941816862287602,0.1591289023534923,0.00036388709923963715,0.0007904573564885923,-0.0010730361408910567,0.001632155096860186,0.00011998203289169739,-0.00010558754171742709,0.0012818156421937972,0.5737195732708158,0.819035757071503,0.0026508084561943255,0.0,0.8190024469261721,-0.5736592195108796,-0.011438474562616006,0.0,-0.007848010061595023,0.0087336635069752,-0.9999310635537932,0.0,0.6617608621478129,0.2609546636852745,0.30370384226495273,1.0,5e-324,6.9455044234084e-310,6.9452922238294e-310,0.0
0.4651062915668584,0.5472854576383349,-0.12396970883952048,-1.3555628807889735,0.07945119244811097,1.8941826239842845,0.15913104140598347,0.00025047702339296837,0.0017742506302944713,0.001521849968826379,0.0004148291529675482,0.0005020911867236392,-0.0014980157874219288,0.0010617434398675265,0.5737146339932607,0.8190392278469366,0.002647431034288437,0.0,0.8190058604192724,-0.5736542764431941,-0.011441967423984433,0.0,-0.007852861221494811,0.008732853819449465,-0.9999310325391467,0.0,0.6617583781067083,0.2609592904852772,0.30370059527127996,1.0,-0.0002400000000000001,-0.0003154285714285716,-0.00012000000000000004,0.013000000000000005
0.46510037494088696,0.5472818253906766,-0.1239747339283911,-1.3555731770598807,0.07944731837333778,1.8941801608403532,0.1591255542607422,-4.973743129883282e-05,0.001055942640600741,-0.00025416601353067886,-0.0013797549480659957,-0.0005284929221642117,-0.0005381274017423022,-0.0016989878544644702,0.5737180160463285,0.8190368929704424,0.002636838712804816,0.0,0.8190034315168709,-0.573657739553044,-0.011442198901025456,0.0,-0.007859091412955543,0.008724343577496255,-0.9999310578791443,0.0,0.6617585389154701,0.2609504960510792,0.3036982107811462,1.0,-0.0005800000000000004,-0.000762285714285715,-0.0002900000000000002,0.03000000000000002
0.46509713118866347,0.5472447337661247,-0.1239732693517213,-1.3555989857654098,0.07944828408130268,1.8941862581787174,0.15912150820157828,0.0002558323007155583,-0.006316289495372303,-0.0001969454781922303,-0.0027261015029258527,-0.00017107463801370145,-0.00033877737043702666,-0.0012771012176889685,0.5737179661871985,0.8190368720833717,0.002654118143531653,0.0,0.819003602486202,-0.5736575996111605,-0.01143697618224208,0.0,-0.00784490119375042,0.00873549922101323,-0.9999310719137695,0.0,0.6617552703577412,0.26094719075059,0.30371268528255657,1.0,-0.0009400000000000007,-0.0012354285714285726,-0.00047000000000000037,0.048000000000000036
0.4651017065924887,0.5471507326896722,-0.12397326938834106,-1.3557069467013907,0.07944533472877144,1.894204900052427,0.15912699924562984,0.00096365828470633,-0.010239373409849819,0.0001606807694111212,-0.009469595510362073,-0.0008648506195865716,0.006524687451285337,0.0006322798177200534,0.5737237877224554,0.8190327706103477,0.002661384779506298,0.0,0.8189995407272065,-0.5736633369224389,-0.011440063847961163,0.0,-0.00784319932180022,0.0087432780099483,-0.9999310172777116,0.0,0.6617356902479095,0.2609394217653719,0.303729494434816,1.0,-0.001240000000000001,-0.0016297142857142875,-0.0006200000000000005,0.06300000000000004
0.46508819635476806,0.5470225865243397,-0.12397006153752861,-1.3558956552795633,0.07944552821408865,1.8942331634243808,0.15912309358591398,-0.0006759498652314755,-0.012296289151849243,-7.943814121657842e-05,-0.01362138841592096,0.00017241373312318765,-0.00021955330697398333,-0.0015475417179017061,0.5737397493811763,0.8190216500421778,0.002642658400509159,0.0,0.8189880166866065,-0.5736791771708504,-0.011470706409075295,0.0,-0.007878870486234368,0.00874567416390977,-0.9999307158914962,0.0,0.6617042275874269,0.26091356385309794,0.303732780296156,1.0,-0.001580000000000001,-0.0020765714285714302,-0.0007900000000000006,0.08000000000000006
0.46507119469731406,0.5468609903298907,-0.12396801475137235,-1.3560990011243896,0.07943708887481712,1.8943361264684875,0.1591248863627752,-0.0023690000862565757,-0.012862748572867882,0.0012928808837012512,-0.019247517038883,-8.293026683416405e-05,0.01312597174618773,0.0004837794113559097,0.5737629645705224,0.8190052106510859,0.0026967229787227976,0.0,0.8189722718172956,-0.5737022114515717,-0.011442791232992503,0.0,-0.007824740358147009,0.008774160094920963,-0.9999308913884781,0.0,0.6616868441564171,0.26088711247565244,0.3037593130451801,1.0,-0.0019200000000000016,-0.002523428571428574,-0.0009600000000000008,0.09700000000000007
0.4650505599702978,0.5466741462751442,-0.12397179977703955,-1.3563283003715743,0.07943455980813256,1.8944489988150857,0.1591170975135516,0.0007037263755793603,-0.00840998892243682,-0.00010060651997355706,-0.017175321727045625,0.00013893829215084946,0.001386049310359835,-0.0008492120629745747,0.5737883767031227,0.8189871911095405,0.0027616046256640587,0.0,0.8189550523795321,-0.5737273737884092,-0.011413573020786352,0.0,-0.0077633114072948595,0.008810775231567772,-0.9999310482407335,0.0,0.6616680972275018,0.260853762459021,0.30379243385617083,1.0,-0.0022600000000000016,-0.002970285714285717,-0.0011300000000000008,0.11400000000000009
0.4650200798706152,0.5464527204661823,-0.12397324634687186,-1.3565977918900225,0.07942738133222446,1.8945823649967253,0.15911343988637625,-0.001096539633262383,-0.011623468806217039,0.00022872636347157294,-0.015801722869614503,-6.022439469885568e-05,0.007904447333335826,-0.001063073027348823,0.5738246246314502,0.818961531782357,0.002838402451877612,0.0,0.8189303634968728,-0.5737633579013185,-0.011376105392079824,0.0,-0.00768816939683542,0.008852513796367298,-0.9999312601628227,0.0,0.6616474112444545,0.2608115726368053,0.3038326028997213,1.0,-0.0026000000000000016,-0.00341714285714286,-0.0013000000000000008,0.1310000000000001
0.4649870381511196,0.5462118625483608,-0.12397395711058053,-1.3569515454349275,0.07941406694171349,1.8947090026991678,0.15910976870430046,-0.002144086730612911,-0.013024608083453817,-0.0007396681905998148,-0.023591888342561276,-0.0004296042216737352,0.00636044937430715,0.0009372457168086271,0.5738653769701331,0.8189329210028127,0.00285427993312193,0.0,0.8189018933752145,-0.5738039831669821,-0.011376503390891518,0.0,-0.007678943801465665,0.008866127348898134,-0.9999312104379617,0.0,0.6616074049801227,0.2607569111915265,0.3038457786424472,1.0,-0.002940000000000002,-0.0038640000000000033,-0.001470000000000001,0.1480000000000001
0.4649494886758569,0.5459592418761937,-0.12397117597387541,-1.3573478939164598,0.07939587871476043,1.8948474994944062,0.15909932360840076,-0.0038927448078094284,-0.016722692360004714,0.00027105248931321124,-0.027612919329455685,-0.00381972009996552,0.015449602939176823,-0.001363518358531129,0.5739029289574298,0.8189066086616015,0.002853300833494057,0.0,0.8188755004768935,-0.5738414550347117,-0.011386224289480242,0.0,-0.007687060016140612,0.008871256416713685,-0.9999311025855216,0.0,0.6615609298578465,0.2606964044177151,0.30384789715345506,1.0,-0.0032600000000000025,-0.004284571428571433,-0.0016300000000000012,0.16400000000000012
0.46492038094747007,0.5456661874892222,-0.12397191256954733,-1.3577933541138967,0.07936968421372807,1.8950041018443582,0.15908134673892774,-0.003036218335511525,-0.018105759053602857,0.0006802693458959365,-0.03558755757026338,-0.005357953871692603,0.009807754047969046,-0.0007435277723619084,0.5739304477852161,0.8188873096178728,0.0028569482094312273,0.0,0.8188562371170212,-0.5738689462325648,-0.011386061025932563,0.0,-0.007684534973394552,0.008874407823386873,-0.999931094029997,0.0,0.661506885290438,0.26063408030153434,0.30385692670727305,1.0,-0.003580000000000003,-0.004705142857142862,-0.0017900000000000014,0.18000000000000013
0.46486254532326293,0.5453218713174324,-0.1239718665709811,-1.3583599169994516,0.07931577502771908,1.8951871306862693,0.1590503771068468,-0.00024275648424187382,-0.021032271316017564,0.0012624121749021762,-0.028931444438260956,-0.001687707449784504,0.007594133405538466,-0.0022162455264007285,0.573969655093915,0.8188599830997972,0.0028124740675187047,0.0,0.8188284630095634,-0.5739084294483651,-0.011393404878059937,0.0,-0.007715649301101635,0.008842572733092358,-0.9999311364605676,0.0,0.6614404890957938,0.2605368107983009,0.30384679206315274,1.0,-0.003940000000000003,-0.0051782857142857195,-0.0019700000000000017,0.19800000000000015
0.4648206553890909,0.5449913233179723,-0.12397399653494408,-1.3588940912397873,0.07929306808317024,1.8953628275484415,0.1589422282812429,-0.002068621887015166,-0.023076722725528093,0.0011264894095863788,-0.03767900153953851,-0.002450464980779041,0.009908623975342687,-0.011953314510142992,0.5739405851178093,0.8188804212038021,0.0027941769662327273,0.0,0.8188485616986877,-0.573879301357441,-0.011416101729324321,0.0,-0.007745050983595514,0.00884034210020393,-0.9999309288829968,0.0,0.6613742447590212,0.26045705180016343,0.3038417979784262,1.0,-0.004240000000000003,-0.005572571428571434,-0.0021200000000000017,0.21300000000000016
0.46475678909830775,0.5445908453411598,-0.12397519071260345,-1.3595674993291231,0.07926554316543655,1.895586260043194,0.15891586780874326,-0.00277832357810397,-0.022470140183688973,0.0004539094601629997,-0.03963511717885424,-0.00041407057747286694,0.011971997185125337,0.0008938085282009651,0.5740023220424089,0.8188372695073555,0.0027581256079753213,0.0,0.8188048083302641,-0.5739409887841381,-0.01145312839068236,0.0,-0.007795397125662407,0.0088326588567441,-0.9999306055527922,0.0,0.6612931020232355,0.26035015538149675,0.3038241029177505,1.0,-0.004580000000000003,-0.006019428571428577,-0.0022900000000000017,0.23000000000000018
0.4646914255445601,0.5441574574270555,-0.12398607257183777,-1.3602964906187394,0.07922280703663262,1.8958237804039417,0.1589022612871275,-0.004605803489184129,-0.026199780431653327,-0.003268353726444571,-0.043905513925390445,-0.0027753784166849624,0.013206015546121802,-0.0003241623360111459,0.5740814965098152,0.8187819374056,0.0027057798490573628,0.0,0.8187487979581974,-0.5740203186119297,-0.011481574973578112,0.0,-0.0078478846863837,0.008806883301870821,-0.9999304223357025,0.0,0.661206239210809,0.26022899038296027,0.30380471873078285,1.0,-0.004920000000000004,-0.006466285714285721,-0.002460000000000002,0.2470000000000002
0.4646296466418489,0.5437192898039191,-0.12398289672734332,-1.3609929058353487,0.07918847734361568,1.8960713252821846,0.15886536937770238,-0.0015421203153955633,-0.03222860783863618,-0.0002791396332018048,-0.04488967367378342,-0.005241177370929658,0.019259023629751394,-0.008494763576178396,0.5741292905969022,0.8187484409008019,0.0027009447259426205,0.0,0.8187151466340226,-0.5740680188740397,-0.0114963159000865,0.0,-0.007862216103412145,0.008811845704880888,-0.9999302660351956,0.0,0.6611242681723081,0.26012431470599756,0.3038046100627995,1.0,-0.005240000000000003,-0.0068868571428571486,-0.0026200000000000017,0.2630000000000002
0.4645599187640067,0.5432226643573116,-0.12398672792622703,-1.3618006025078386,0.07915068277963581,1.8963593290681124,0.15878551630939375,-0.008221929706753525,-0.024858145370924112,-0.00044622974279110475,-0.05055516867899131,-0.0015415559853786324,0.020248903142505544,-0.00520192423333213,0.5741585916607079,0.8187279438724989,0.002685599693017334,0.0,0.81869435828296,-0.5740972624461954,-0.011516417352852127,0.0,-0.007887169120736726,0.008811104926643928,-0.9999300760519372,0.0,0.6610300811383222,0.26000007363479916,0.3037965841609171,1.0,-0.005580000000000004,-0.007333714285714292,-0.002790000000000002,0.2800000000000002
0.46449145150938725,0.5427132010320342,-0.12398722888952003,-1.3626567558922886,0.07909554294051566,1.8966499081328052,0.15872807936322844,-0.0014980074821128483,-0.027729286364993697,0.0008290665155393753,-0.053638782322926105,-0.0006612495560088692,0.01914863958906051,-0.005649177570633394,0.5742008561972733,0.8186984681367312,0.0026347512398677614,0.0,0.8186642158566906,-0.5741396802571096,-0.011544528194003617,0.0,-0.007938925162287835,0.008786023689336286,-0.9999298871695944,0.0,0.6609253522195964,0.2598703858720169,0.30377459921247585,1.0,-0.005920000000000004,-0.007780571428571435,-0.002960000000000002,0.2970000000000002
0.4644131614737361,0.5421500310939489,-0.12399034631589566,-1.3635497073061495,0.07903917799137289,1.896968762441561,0.15867603872385666,-0.00838359460669042,-0.03593687969487029,-0.0009694091948064648,-0.05578599330564773,-0.0015551701352592446,0.027817916595847963,-0.0017557032841909368,0.5742590975384525,0.8186576566170345,0.00262241450502963,0.0,0.8186232629307388,-0.5741979758073927,-0.011549236707751195,0.0,-0.007949239005850983,0.008779192794581572,-0.9999298652271085,0.0,0.6608222846004483,0.25973075447884525,0.30377556574194886,1.0,-0.006260000000000004,-0.008227428571428578,-0.003130000000000002,0.3140000000000002
0.464329601652938,0.5415462799289897,-0.12399355006316583,-1.3645069815570208,0.07898397086569418,1.8973043664043703,0.158584635319321,-0.0041683241407346645,-0.04218645595821501,0.0006200438803547114,-0.05782671593209754,-0.0023096742310174216,0.016118310751797156,-0.00031075421384334125,0.5742932675139839,0.8186337341704827,0.0026075021402908937,0.0,0.8185991111104615,-0.5742321515964729,-0.01156193164034085,0.0,-0.007967829114045533,0.008774607373147975,-0.999929757515325,0.0,0.6607099761135278,0.2595818201419216,0.30377599756843265,1.0,-0.006600000000000005,-0.008674285714285723,-0.0033000000000000026,0.33100000000000024
0.4642428097359823,0.5409158996048947,-0.12399978403198082,-1.365483531586555,0.07892908007545808,1.8976573856706191,0.1585375221868615,-0.0008944077791411538,-0.04526879709581467,0.001907882379627822,-0.06538449798466975,-0.0024363116335826126,0.01270760662377693,-0.001661345283042145,0.5743695847760893,0.8185801721106059,0.002613199709578096,0.0,0.818545606890314,-0.574308422595091,-0.011561664158517245,0.0,-0.007963519756062798,0.00877986042377045,-0.999929745734186,0.0,0.6605987465780865,0.25942829638757886,0.30378761146528116,1.0,-0.006940000000000005,-0.009121142857142866,-0.0034700000000000026,0.34800000000000025
0.4641537063039182,0.5402409115466384,-0.12400839488030853,-1.3664994078703137,0.0788709708868038,1.8980444799632592,0.15844881776843853,-0.005225912431404859,-0.04054047913241253,-0.0013013834567234081,-0.059690465443378804,-0.0007270805849587179,0.02764996459041222,-0.010499137647545276,0.5744167483328474,0.8185469537930543,0.0026515225886309095,0.0,0.8185129105137784,-0.5743554807046691,-0.01153880444327365,0.0,-0.007922289225079981,0.008798557398761994,-0.9999299089041865,0.0,0.6604875602968576,0.2592695830351553,0.3038149780454451,1.0,-0.007280000000000005,-0.009568000000000009,-0.0036400000000000026,0.36500000000000027
0.4640544862627966,0.5395907864519225,-0.12400632777281238,-1.3675230175965816,0.07881356764214303,1.8984237063538931,0.15837562976184485,-0.0049866233598729985,-0.039125788890560495,-0.0008188938599287379,-0.06354316927895104,-0.0013990826664968222,0.02156777832718939,-0.0019359117025717835,0.5744779490754119,0.818503981451239,0.0026580586499279834,0.0,0.8184699735757668,-0.5744165974412353,-0.011542176576607818,0.0,-0.007920636973882011,0.008806436671760523,-0.9999298526312105,0.0,0.6603723223211106,0.2591087274931564,0.30381996122261906,1.0,-0.007600000000000006,-0.009988571428571439,-0.003800000000000003,0.3810000000000003
0.46396614245933815,0.5388401842925938,-0.1240186879085047,-1.3686920320912699,0.07873830312674902,1.8988533544745494,0.15830281011788586,-0.004272570338894912,-0.040732447257022394,0.0011157345601281547,-0.06145113827047974,-0.008949323250353011,0.03231802163450112,4.884241595297118e-05,0.5745438101284381,0.8184577430355634,0.0026608287125087582,0.0,0.8184238596202431,-0.5744825396727066,-0.0115301568380488,0.0,-0.007908498769227557,0.008802435419949559,-0.999929983937823,0.0,0.6602374542155659,0.25893129013423527,0.3038314413901032,1.0,-0.007940000000000006,-0.010435428571428582,-0.003970000000000003,0.3980000000000003
0.46385983262934455,0.5380872443971594,-0.12402727898916256,-1.3698548574248903,0.07867561542904278,1.8993048578579608,0.15820301183886087,-0.007642479503654874,-0.04400722344863684,-0.00048144525074076934,-0.0660053361825193,-0.005845911082770872,0.022658647904997206,0.0006966782662867833,0.5746027250804819,0.8184162653576615,0.0026966329579292125,0.0,0.8183828448503321,-0.5745413293618639,-0.011512037655760891,0.0,-0.007872463349749614,0.00882189620869589,-0.9999300967908156,0.0,0.6601112914040221,0.2587484629011602,0.3038491933371895,1.0,-0.008280000000000006,-0.010882285714285725,-0.004140000000000003,0.4150000000000003
0.4637440974136809,0.5372057746556604,-0.12403565580372869,-1.3712509007829072,0.07859285069744364,1.8998339962188933,0.15812268794723994,-0.003311765408129024,-0.045694454891824804,0.0012522374216883039,-0.0683970192172479,-0.0011460285608129324,0.02630793704320856,-0.00656754493533793,0.5747027359959108,0.8183460134221845,0.002704525104497757,0.0,0.8183127182325175,-0.5746413281433098,-0.011505914557716976,0.0,-0.007861838775797103,0.008825797790201526,-0.9999301459524209,0.0,0.6598815403446161,0.25844619671123853,0.30385260692266325,1.0,-0.008820000000000007,-0.01159200000000001,-0.004410000000000003,0.44200000000000034
0.4636146936410837,0.5362392675345171,-0.12404604900346597,-1.3727943447081754,0.0785027076107729,1.9004079050280942,0.15798360533698586,-0.0026823201905047337,-0.04789138854855298,0.0014542919644392539,-0.07680634687230649,-0.006717813484959059,0.027133902399962787,-0.000741415765679624,0.5747643800668256,0.818302717137327,0.002705075465390722,0.0,0.8182694762862046,-0.5747030157521363,-0.011500207168059023,0.0,-0.007856187001412274,0.008823560008841949,-0.9999302101219711,0.0,0.6597591359124342,0.2582734158541218,0.30385734062119957,1.0,-0.009100000000000007,-0.011960000000000012,-0.004550000000000004,0.45600000000000035
0.4635220195159817,0.53557182550023,-0.12405517325770321,-1.3738198208654482,0.0784448585693368,1.900772666423994,0.15791955488946913,-0.011849669348059037,-0.04975590339192551,-0.00022789342500876316,-0.08141607070573377,-0.006940401090533716,0.029424020263884007,-0.0014667074568538111,0.5748233415238704,0.8182612991865943,0.0027054008957920796,0.0,0.8182280273718023,-0.5747619292853599,-0.01150507577673336,0.0,-0.00785934813076039,0.008827190891459336,-0.9999301532346774,0.0,0.6596578838539836,0.2581339726608238,0.3038658103652011,1.0,-0.009320000000000007,-0.012249142857142868,-0.0046600000000000035,0.46700000000000036
0.46342591372550285,0.5347810298635525,-0.12406123247825836,-1.375058170212199,0.07838199880116432,1.9012231714694108,0.157840888226548,-0.006500500150486532,-0.055497179206035974,-0.0013221436670200538,-0.0836610109050842,-0.004499829594335647,0.033348144997255046,-0.0038558301435507487,0.5748929550269138,0.8182123700995141,0.002711932478260917,0.0,0.8181790950970246,-0.5748314143298372,-0.011513485440162617,0.0,-0.007861723590596892,0.008838038288006528,-0.9999300387434136,0.0,0.6595107192222631,0.2579508381452245,0.3038735986072197,1.0,-0.009620000000000007,-0.012643428571428583,-0.0048100000000000035,0.4820000000000004
0.46329991785657715,0.5338846478013699,-0.12406582877286862,-1.3765031685364164,0.07829232256291516,1.9017523563527805,0.15772589161235623,-0.00486236773305463,-0.05478568464266745,-0.0010141099874558979,-0.078024297188345,-0.008970476590508206,0.03013624249812059,-0.008492704945041611,0.5749603401687013,0.8181650886705754,0.0026910620523477513,0.0,0.8181315645098175,-0.5748988825731054,-0.011522363912048583,0.0,-0.007880259044372173,0.008826715023115633,-0.9999299928591474,0.0,0.6593425817613078,0.25772672229873983,0.30386410651950735,1.0,-0.009960000000000009,-0.013090285714285728,-0.004980000000000004,0.4990000000000004
0.46317496961014437,0.5329714318156006,-0.12406635477559827,-1.3779841090542038,0.07820303668924608,1.9023012415018736,0.15761649774566697,-0.011625088986051111,-0.04998619494258289,4.09045418599245e-05,-0.08602287157005989,-0.0054858578253047935,0.03462933990153682,-0.0035399443931203207,0.5750305629184108,0.818115796279257,0.002672543601324257,0.0,0.8180820206838936,-0.5749691441953414,-0.011534190836057435,0.0,-0.00789982570912462,0.008819041912888861,-0.9999299061701795,0.0,0.659168866407208,0.2575030349116856,0.30385078126251297,1.0,-0.010300000000000007,-0.013537142857142869,-0.0051500000000000035,0.5160000000000003
0.46305101540534965,0.5320681423551495,-0.12406384617132574,-1.3794205658623004,0.07813355268393943,1.9028493813847371,0.15751542220206072,-0.010803424969299532,-0.05594735979611365,-0.00019021506694203374,-0.08880847692016061,-0.00932347063736005,0.035051222068372336,-0.006957709012653099,0.575116778546014,0.8180551185963547,0.002694600966376792,0.0,0.8180214837911463,-0.5750551144621385,-0.011541849430520407,0.0,-0.007892476892193356,0.008842322985802592,-0.9999297585994333,0.0,0.6589947419167154,0.25727540812007976,0.30385029182868667,1.0,-0.010640000000000007,-0.013984000000000012,-0.0053200000000000035,0.5330000000000004
0.46292008063371803,0.5310846840424994,-0.12406984629756525,-1.3809983139959225,0.07802957530691712,1.9034277330399232,0.15739651375722905,-0.009028956315596885,-0.05728178545986328,-0.004331120133065587,-0.09545606304520929,-0.002265614845297794,0.036583031714921915,-0.010456568434496667,0.5751795876106122,0.8180110354305327,0.0026711067298925547,0.0,0.8179771736204055,-0.5751180795027216,-0.011544910839094622,0.0,-0.007907814946740699,0.00882547130645861,-0.9999297862945113,0.0,0.6588169554748214,0.2570483634734477,0.3038437512380705,1.0,-0.010960000000000008,-0.014404571428571442,-0.005480000000000004,0.5490000000000004
0.46278229688057565,0.5300672531887267,-0.12406876132941422,-1.382632603571935,0.07792828346645,1.904009577737628,0.15729357759619844,-0.00927106589289668,-0.06040680548099134,-0.0002897673140962962,-0.09744827051322737,-0.003595493258214334,0.033944763738823776,-0.003844161860633525,0.5752688963863469,0.817948336702727,0.002638605102106919,0.0,0.817914025475225,-0.5752074535428552,-0.011566296765411658,0.0,-0.007943040807539714,0.008812052555537506,-0.9999296254399548,0.0,0.6586191762138457,0.2568006997676494,0.3038330686998829,1.0,-0.011300000000000008,-0.014851428571428585,-0.005650000000000004,0.5660000000000004
0.4626296492602024,0.5290400556912337,-0.1240726677964266,-1.384290047847712,0.07783858417344507,1.9046121238572575,0.15716744701356658,-0.015793697254283527,-0.061976193988216584,0.0011393304410031208,-0.09477815761848656,-0.0044217669789053705,0.03826041283145865,-0.002632734868783574,0.5753592178635198,0.8178848720468118,0.0026178994742880298,0.0,0.8178501913952958,-0.5752977214684797,-0.01159064316860299,0.0,-0.00797389362446338,0.008810002593973021,-0.9999293979450549,0.0,0.6584242235430615,0.25654101904322335,0.3038199996065384,1.0,-0.011640000000000008,-0.015298285714285728,-0.005820000000000004,0.5830000000000004
0.46249492266808834,0.5279541126181597,-0.12408115451062454,-1.3859953461024026,0.0777169065043535,1.9052550684143896,0.15706001278525533,-0.004107580657473961,-0.0691350497814109,-0.0012707446718215139,-0.10384829880748496,-0.005415635331750563,0.04266684850324872,-0.007052706439334977,0.5754471682606354,0.817822977013183,0.0026233016066360294,0.0,0.8177885623744218,-0.5753858594458036,-0.0115640347889148,0.0,-0.007948075732921667,0.008799966549139282,-0.9999296918688222,0.0,0.6582254011671897,0.2562831763703363,0.30382886133407283,1.0,-0.011980000000000008,-0.01574514285714287,-0.005990000000000004,0.6000000000000004
0.4623487631291918,0.526812337975987,-0.12408476411816836,-1.3877366021939037,0.0776151297708663,1.9059183277086251,0.1569214867414387,-0.008887923708490886,-0.07121657455268789,-0.0005333460706441397,-0.10366018912998026,-0.0029295160079409674,0.04323678803067258,-0.005328846980004121,0.5755227274020771,0.8177696311224032,0.0026772296897457307,0.0,0.8177359141199503,-0.5754612293119752,-0.011536690095856623,0.0,-0.007893864897011271,0.008829064203658574,-0.9999298648016647,0.0,0.6580238896195957,0.2560217054442776,0.3038612587576559,1.0,-0.01232000000000001,-0.016192000000000015,-0.006160000000000005,0.6170000000000004
0.46220534740309555,0.5257364027342135,-0.12409080922661742,-1.3894385561045788,0.07750931790286253,1.9065509446662687,0.15680005544991557,-0.006890362366415076,-0.07074111346066296,-0.004230335148117917,-0.10362553566758533,-0.010932172799954114,0.036523718401880234,-0.008287564263774307,0.5756082861741998,0.817709408793371,0.0026777900598640237,0.0,0.8176757371605587,-0.5755468181616927,-0.011532383279115793,0.0,-0.007889096654041805,0.008827869299796162,-0.9999299129827095,0.0,0.6578233023388474,0.2557617446059811,0.3038631832333895,1.0,-0.012640000000000009,-0.016612571428571442,-0.006320000000000004,0.6330000000000005
0.4620458504535716,0.5245083349193287,-0.12409709378186239,-1.3913737548752658,0.07738994897346982,1.907252804538523,0.15664951029863536,-0.008933920279848425,-0.07201446340649256,-0.0010081304685851922,-0.1064681097025296,-0.005512902654390553,0.04052517685715122,-0.013244808619863968,0.5756919123878915,0.8176505634169116,0.0026692801253141,0.0,0.8176167897862993,-0.575630470999482,-0.011536586049151365,0.0,-0.007896529139887976,0.008824137424152653,-0.9999298872552327,0.0,0.6575901472127665,0.25546792880563524,0.3038668076093836,1.0,-0.01300000000000001,-0.0170857142857143,-0.006500000000000005,0.6510000000000005
0.4619062399704595,0.5233880172443814,-0.12409753164020368,-1.393151207766788,0.07727352380967963,1.9078917976523053,0.15654027676945395,-0.00696928062012101,-0.06996510381675038,-0.0004264987022286588,-0.10912072650457949,-0.002796208124557588,0.0466418299369363,-0.0014549182205624237,0.5757809368828531,0.8175879468876714,0.0026474001424884345,0.0,0.8175539224459959,-0.5757195927768579,-0.011544751501178667,0.0,-0.007914841930459549,0.008811809860849756,-0.9999298511816677,0.0,0.6573714942460264,0.25520416540662083,0.3038637921986574,1.0,-0.01332000000000001,-0.01750628571428573,-0.006660000000000005,0.6670000000000005
0.4617476378379334,0.5221854893261105,-0.1240985770967368,-1.3950856125350823,0.07716117684444697,1.9086357131267173,0.15638827233708552,-0.011361140886569974,-0.07272995954979301,-2.8140752710651958e-05,-0.11642182937679041,-0.005995859042788107,0.05104559937898528,-0.007184792243043939,0.5758606195954487,0.8175317961741899,0.002656302798412998,0.0,0.8174978637823312,-0.5757992101953371,-0.01154379274585859,0.0,-0.007908072819725775,0.008819307305368076,-0.9999298386401576,0.0,0.6571432158411585,0.25491777730438225,0.30385272311659584,1.0,-0.01366000000000001,-0.017953142857142876,-0.006830000000000005,0.6840000000000005
0.4615918107752154,0.5209511164502493,-0.12410349105326482,-1.397055084904801,0.07704109697166558,1.9094028997013042,0.15623758906061344,-0.008784622511897416,-0.07437387607564784,-0.0007887797304236209,-0.11825603438191502,-0.01124135387614468,0.04397644598644791,-0.006452808731825169,0.5759413773772311,0.8174748343116366,0.002678057726928659,0.0,0.817441237550725,-0.5758799467039871,-0.011526362694300312,0.0,-0.007880423415255633,0.008827833991997672,-0.9999299816856209,0.0,0.6569121003192829,0.25462757886907034,0.3038491337284444,1.0,-0.01400000000000001,-0.018400000000000017,-0.007000000000000005,0.7010000000000005
0.46142850386676193,0.519752897410945,-0.12410429528247524,-1.3989761253921593,0.07691673732700095,1.910118299903461,0.15610642636603297,-0.008631809566732205,-0.07694816364849313,-0.00045357769138729825,-0.11677485419432945,-0.006465050975864385,0.05437637278686941,-0.005433600378184137,0.576037027597198,0.817407481506428,0.002664379010604073,0.0,0.8173737593923411,-0.5759756875809977,-0.011527865094483239,0.0,-0.007888497519440374,0.00881844041421559,-0.999930000907837,0.0,0.6566816577857341,0.25433601237197845,0.3038382306255357,1.0,-0.014320000000000012,-0.018820571428571447,-0.007160000000000006,0.7170000000000005
0.461264665480899,0.5184073332972977,-0.12411067147755704,-1.401046768410093,0.0767823007871011,1.91084820060709,0.15595034511651595,-0.017118435824425543,-0.07761102870332627,-0.003637646762257328,-0.11677722397200375,-0.0030581455757855243,0.03724325467443991,-0.011544069746269443,0.5761212396146573,0.8173481357034561,0.0026625604525722622,0.0,0.8173144230457092,-0.5760599319026626,-0.011525434437258493,0.0,-0.007886649799917822,0.008816366377582069,-0.9999300337717784,0.0,0.6564238988354749,0.2540244610724344,0.3038605791694087,1.0,-0.014660000000000012,-0.019267428571428588,-0.007330000000000006,0.7340000000000005
0.4610815164487159,0.5170421341199368,-0.12411137848803419,-1.4031734358635843,0.07664069492594475,1.911620051339047,0.1557914930465802,-0.01221933106061111,-0.08164053972944633,0.0011031416963480953,-0.12592031096451664,-0.0030013722565110108,0.04733909275586412,-0.0023497003892899134,0.5762157976586985,0.8172814741346304,0.0026633561691765542,0.0,0.8172478354337452,-0.5761545467086924,-0.011517842114205892,0.0,-0.00787896591008136,0.00881355433362506,-0.9999301191364304,0.0,0.6561650361141464,0.2536988797863229,0.3038730930565728,1.0,-0.015000000000000012,-0.019714285714285733,-0.007500000000000006,0.7510000000000006
0.46090428641260284,0.5157073487588874,-0.12412276475280493,-1.4053042241977618,0.07650980858266195,1.9124094277220702,0.15563003302093809,-0.008013371757133167,-0.08222753815766118,0.0005091106345106864,-0.12445724683722405,-0.008150175653005562,0.048843795479527385,-0.014268023494904206,0.5763140052162417,0.817212263110931,0.0026516624846235903,0.0,0.8171785085853589,-0.5762528198683906,-0.01152039934831768,0.0,-0.007886735483374208,0.008806418635423974,-0.9999301207555621,0.0,0.6559074603373687,0.25337301479694624,0.30386381720153177,1.0,-0.015340000000000012,-0.020161142857142874,-0.007670000000000006,0.7680000000000006
0.46072620336075953,0.5143990280375065,-0.12412415287764798,-1.4073799247315073,0.07638900280125654,1.9131939376989762,0.15547236405484058,-0.01077233896464648,-0.0845614115558436,0.0012410881452130504,-0.13150865499904907,-0.004588807270929701,0.04929806252974305,-0.010312593546342987,0.5764085362930482,0.817145543337898,0.002665931868104609,0.0,0.8171119298506009,-0.5763472437538322,-0.011519358245824795,0.0,-0.007876641418226082,0.008818390940460302,-0.9999300948072268,0.0,0.6556579177298452,0.25305993665128756,0.3038610793357217,1.0,-0.01566000000000001,-0.020581714285714304,-0.007830000000000005,0.7840000000000006
0.4605374865036178,0.5130096680675718,-0.12412666291827455,-1.4096567773317497,0.07625122553907893,1.9140000487113538,0.1553044740964325,-0.013095501347882045,-0.0827794055086968,-0.001480759001954747,-0.13549752941301638,-0.006431421627418337,0.04488127758478481,-0.013970279528491282,0.576509581637746,0.8170744880924293,0.002594241618291344,0.0,0.8170398678697085,-0.5764484263240041,-0.011567756966538783,0.0,-0.00795642578929584,0.008788690767828858,-0.9999297246323099,0.0,0.6553700889078495,0.2527152849700469,0.30382092214899586,1.0,-0.01600000000000001,-0.021028571428571445,-0.008000000000000005,0.8010000000000006
0.4603377450708276,0.5116096882176154,-0.12413226452753269,-1.4119404090885577,0.0761093937508707,1.914804991912745,0.15511320097975326,-0.009736996661133344,-0.07774088103134155,-0.000761180404573284,-0.13604858727296446,-0.010841287397870675,0.04278681585582826,-0.016709617576641227,0.5766015298717594,0.8170098275279283,0.0025227710042711416,0.0,0.816974238879525,-0.5765405597574518,-0.0116113247733956,0.0,-0.008032241289075426,0.008756315135459866,-0.99992940253056,0.0,0.6550834920666154,0.25236028709811925,0.3037845281482315,1.0,-0.016340000000000014,-0.021475428571428593,-0.008170000000000007,0.8180000000000006
0.46013783311858225,0.5101393366417178,-0.12412736004957228,-1.4142589048445506,0.07597400608431969,1.91569092635995,0.15493926854785936,-0.014948628327357582,-0.08336718427451843,3.469012505871968e-05,-0.14235198874085228,-0.009801535570563069,0.06191662838429608,-0.00221149167288717,0.5767038921643399,0.8169374733308294,0.002555842630172208,0.0,0.8169022484442772,-0.5766427247305315,-0.011603077317750878,0.0,-0.008005334736081227,0.008779582475656814,-0.9999294142824866,0.0,0.6548030290303604,0.2520146017702461,0.30378701765150234,1.0,-0.016680000000000014,-0.021922285714285738,-0.008340000000000007,0.8350000000000006
0.45993820035725597,0.5086304576543152,-0.12413305311262822,-1.416625661144686,0.07582086360484765,1.9165741127914673,0.15474424842586937,-0.010166203813634757,-0.0883023381411894,4.765229118831626e-05,-0.14135662071513472,-0.013167268107760742,0.05142577432913066,-0.009424663387985558,0.5767933508441931,0.8168742727857706,0.002569004448085186,0.0,0.8168392945204552,-0.5767322109188081,-0.011587524206517597,0.0,-0.007984076512596028,0.008782239781389409,-0.9999295609124992,0.0,0.654513844219272,0.2516547644902741,0.3037930535549254,1.0,-0.017020000000000014,-0.02236914285714288,-0.008510000000000007,0.8520000000000006
0.4597302155063963,0.5072054198360466,-0.12413623904814983,-1.4188725818635166,0.07567980695736376,1.9173659406617996,0.15458501925085044,-0.016157607303882635,-0.0937665277194026,0.00021251510115719027,-0.1436007053434283,-0.0028730778343058943,0.05358407979885654,-0.007993752982162098,0.5769134920736284,0.8167895188989025,0.0025399569915991608,0.0,0.8167541286490833,-0.5768523972247326,-0.01160827515025915,0.0,-0.008016491538078152,0.008771659794999845,-0.9999293944313572,0.0,0.6542327836395191,0.25129993269672374,0.3037889917698251,1.0,-0.017340000000000015,-0.02278971428571431,-0.008670000000000008,0.8680000000000007
0.45952069279841434,0.5056438805790947,-0.12414195133020892,-1.4213086254157006,0.07553180188496454,1.918275131702796,0.15440080765324782,-0.016440853020089168,-0.09478213048281212,-0.0002849981606151113,-0.1432526177699779,-0.011455684612153686,0.06068577730947749,-0.013707283789835628,0.5770241098895426,0.8167112936807882,0.0025663751951862683,0.0,0.8166762426409715,-0.5769629074256618,-0.011595907121069664,0.0,-0.007989958843558131,0.008787184817046129,-0.9999294704831283,0.0,0.6539338863612477,0.25092881671933015,0.30380010509572736,1.0,-0.017680000000000015,-0.023236571428571454,-0.008840000000000008,0.8850000000000007
0.4592738799206877,0.5038080515557708,-0.12415112798408547,-1.4240623783125754,0.0753504882165795,1.919352393586861,0.15417286517372272,-0.015440497929428367,-0.09298605230327446,-0.0008060227049911655,-0.14534129063914691,-0.008447506849084954,0.05802065091186919,-0.011542928382518549,0.5771275463534353,0.8166378255675902,0.0026840256165122757,0.0,0.8166044707684474,-0.5770661324901113,-0.01151364212999895,0.0,-0.007853766600724843,0.008836797485913817,-0.9999301122380376,0.0,0.6536266515473396,0.2505289879635697,0.30386109607331035,1.0,-0.018040000000000014,-0.02370971428571431,-0.009020000000000007,0.9030000000000007
0.459072593920661,0.5023335624402584,-0.12414690415405509,-1.426253972232548,0.07520877099157086,1.9201779668219792,0.15400620479101182,-0.012114724779584847,-0.10448380300313924,0.0069220657776431025,-0.14599294995260398,-0.00846328942191856,0.061518785102224346,-0.009307951759724091,0.5772379249810312,0.816559490767826,0.0027790109374117074,0.0,0.8165274321296806,-0.5771762723427494,-0.01145644471230598,0.0,-0.007751038718149583,0.00888240405177916,-0.9999305097340768,0.0,0.6533444384726244,0.25016671405074214,0.30392338371042327,1.0,-0.018360000000000015,-0.02413028571428574,-0.009180000000000008,0.9190000000000007
0.4588358111125971,0.5006273787420822,-0.12415552159859751,-1.4288181168043101,0.07504024672076264,1.9210903399189783,0.1538012649866299,-0.013931812429471047,-0.0975957777914198,0.0007332650121395591,-0.1493229864928466,-0.007198688301576558,0.048954479872964085,-0.011549536453353411,0.5773549875815877,0.8164765894714938,0.0028185210431766732,0.0,0.8164450974068665,-0.5772932625423668,-0.011429735110254956,0.0,-0.007705146280766406,0.008900353619669246,-0.9999307048122069,0.0,0.6530245330213699,0.24976006261912492,0.3039729279533746,1.0,-0.018700000000000015,-0.02457714285714288,-0.009350000000000008,0.9360000000000007
0.45862292928427056,0.4990287745286613,-0.12415196358665885,-1.4312642822655197,0.07489226587405298,1.9219791850648111,0.15360873574688744,-0.008025571068283402,-0.09923267195443898,0.0006576897348692258,-0.1531402683433436,-0.00294394608713909,0.05202938048915043,-0.014573683637759094,0.577457434040851,0.8164039953389026,0.0028592248672165985,0.0,0.8163729601966462,-0.5773954922116384,-0.01141850842505255,0.0,-0.007671360046926368,0.008928068337403908,-0.9999307175153652,0.0,0.6526968511717309,0.24936333396324062,0.30400356941939954,1.0,-0.019040000000000015,-0.025024000000000025,-0.009520000000000008,0.9530000000000007
0.45836539884951966,0.497363146708039,-0.12416071838297589,-1.433902127361291,0.07472433409989929,1.9229588732522715,0.15339946384784237,-0.014451448848572726,-0.10234984423509481,-0.002661828933495755,-0.1549715710353321,-0.012889948798128896,0.05547521954594316,-0.01605756879128327,0.5775874464637948,0.8163120396190114,0.002853517424241887,0.0,0.8162809703832926,-0.5775255516113168,-0.011417597267504357,0.0,-0.007672490607736837,0.008924104639223857,-0.9999307442239499,0.0,0.6523922602327908,0.24896577196568984,0.3039915058080959,1.0,-0.019360000000000016,-0.025444571428571455,-0.009680000000000008,0.9690000000000007
0.458105009384066,0.4956739857109681,-0.12415542863335524,-1.4366028679460978,0.07456229399839644,1.9239100316252518,0.15318136947775235,-0.016819308932287513,-0.1048917651762534,-0.0005178145026115193,-0.16464933681810592,-0.008297533002377669,0.05720869880630457,-0.020480696452550216,0.5777106579783613,0.8162250166596832,0.0028044140773475328,0.0,0.8161931530871378,-0.5776487134087005,-0.011465062239573701,0.0,-0.00773825341921297,0.008912603813780937,-0.9999303400373841,0.0,0.652045577891495,0.24853949079179963,0.30396535766144606,1.0,-0.019700000000000016,-0.025891428571428596,-0.009850000000000008,0.9860000000000008
0.4578243167817556,0.4939978492681899,-0.12415817106161492,-1.43934943436185,0.0743918129832231,1.924866414866118,0.15296056127817384,-0.016396797251467865,-0.10162655890970371,-0.0003759839784613973,-0.1598867095380327,-0.0113935638613513,0.06157964975306728,-0.008918469698360871,0.577853394437369,0.8161243097889888,0.002704146790653837,0.0,0.8160910423899527,-0.577791628884627,-0.011532173383111148,0.0,-0.007849404789109227,0.008870906300266546,-0.9999298444720351,0.0,0.6516944955419988,0.24808885757817484,0.30390845516345766,1.0,-0.02154457142857179,-0.028315722448980077,-0.017011780143430147,1.0030000000000003
0.4575458626098855,0.49169025147249246,-0.12427272854904833,-1.4428166880385889,0.07421051162885882,1.926131272500335,0.152894664430994,-0.01643566031250867,-0.1629423883360413,-0.0033309759400201883,-0.2394851008148969,-0.00594589892001106,0.08778414591406816,0.0034514723857392003,0.5782340186693932,0.8158544092028451,0.002783799369317248,0.0,0.8158223477355614,-0.5781721511909884,-0.011472027877832601,0.0,-0.007750138470967061,0.008904773963680501,-0.9999303177493601,0.0,0.6512702395728031,0.24751609667526708,0.30397716416617443,1.0,-0.03484342857142747,-0.04579422040816183,-0.07669691136256644,1.0199999999999985
