position_joint1,position_joint2,position_joint3,position_joint4,position_joint5,position_joint6,position_joint7,velocity_joint1,velocity_joint2,velocity_joint3,velocity_joint4,velocity_joint5,velocity_joint6,velocity_joint7,ee_T_00,ee_T_10,ee_T_20,ee_T_30,ee_T_01,ee_T_11,ee_T_21,ee_T_31,ee_T_02,ee_T_12,ee_T_22,ee_T_32,ee_T_03,ee_T_13,ee_T_23,ee_T_33,v_x,v_y,time
0.46506626972,0.547650699746,-0.124037620296,-1.3558294885,0.0795240313176,1.89414943333,0.15913492619,-0.000341512262752,-0.00038151581258,-0.00041066480888,-0.000672592813097,-0.00130877380481,-0.000125778649942,-0.00160150135679,0.573832537085,0.818958206386,0.00210296833535,0.0,0.818917152976,-0.573773445007,-0.0118100494285,0.0,-0.00846547249736,0.00849931110672,-0.999928046154,0.0,0.661702969764,0.260866535429,0.303314406582,1.0,0.0,0.0,0.0
0.465063764054,0.547645435674,-0.124039673009,-1.35582737183,0.0795240357054,1.89415092951,0.159127906658,-0.000878316206508,-0.00336812250525,-0.000564204202064,0.0021646185776,-0.000208196179935,0.000324340643656,-0.0015937131368,0.573830160597,0.818959853121,0.00211013439401,0.0,0.818918907173,-0.573771054938,-0.011804528404,0.0,-0.00845686363144,0.00850198707138,-0.999928096252,0.0,0.661705018241,0.260864113756,0.303319341264,1.0,-0.00034,-0.000446857142857,0.018
0.465065955782,0.547638622225,-0.124029610402,-1.35584162799,0.0795245275776,1.89414981488,0.159125209971,0.000911186617193,0.000864716194822,0.00280637275397,-0.00165334799431,-7.80428268841e-05,0.000147384447148,-0.00138159503061,0.573820016498,0.818966970729,0.00210628172971,0.0,0.818925902913,-0.573760855147,-0.0118149710499,0.0,-0.00846773207363,0.00850471929225,-0.999927981038,0.0,0.661698796739,0.260869787313,0.303316953088,1.0,-0.0007,-0.00092,0.036
0.465068370585,0.547592425988,-0.12403827705,-1.35587762788,0.079524646037,1.89415660145,0.159127024906,0.00162391145439,-0.00664882053411,-0.000892798770191,-0.004208101647,-9.91164180202e-05,-9.4633657453e-05,-0.000303277685123,0.573827541435,0.818961661009,0.00212070487232,0.0,0.818920796635,-0.573768338333,-0.0118054930774,0.0,-0.00845161562879,0.00851117025788,-0.9999280625,0.0,0.661694473528,0.260863185656,0.303333420449,1.0,-0.00102,-0.00134057142857,0.052
0.465062676084,0.547461497465,-0.124036131436,-1.35602862978,0.0795205796875,1.89418891377,0.15912929932,-0.000740242225202,-0.00897819274177,0.00427360572841,-0.0114259941469,-0.000149051647419,0.00496732353236,-0.000253555173765,0.573839728072,0.818953082058,0.00213606533891,0.0,0.818912333027,-0.573780378079,-0.011807431927,0.0,-0.00844426296828,0.00852498790884,-0.999928006911,0.0,0.661670980494,0.260845990725,0.303357023106,1.0,-0.00138,-0.00181371428571,0.07
0.465058542405,0.547343861666,-0.124037487768,-1.35619246593,0.0795185162499,1.89423324794,0.159125331543,-0.000950014908435,-0.00911256681808,-0.000467041489607,-0.00705837285801,-0.00027515290192,0.00210476013447,0.000504726238792,0.573849310773,0.818946359166,0.00213921359097,0.0,0.818905567037,-0.573789862382,-0.0118157947345,0.0,-0.00844920567987,0.00853246385971,-0.999927901393,0.0,0.661646870945,0.260827242337,0.30336626125,1.0,-0.00166,-0.00218171428571,0.084
0.465031566367,0.547183489283,-0.124037189307,-1.35640365281,0.0795150838045,1.89431694774,0.159117318619,-0.00331916138471,-0.00645089335597,0.000440743176371,-0.0150424006827,0.000118853596521,0.000925938993753,0.000420616255682,0.573875545063,0.818927887875,0.00217258839157,0.0,0.81888745528,-0.573815887221,-0.0118072036986,0.0,-0.00842274481508,0.00855513555043,-0.999927930916,0.0,0.661626536072,0.260791735877,0.303386592537,1.0,-0.002,-0.00262857142857,0.101
0.46501972584,0.54699580213,-0.124035385512,-1.35661487613,0.0795129695431,1.8944401664,0.1590951944,-0.00311948824323,-0.0099109535359,-1.7720657494e-05,-0.0155696124301,0.000332839818018,0.00997370909397,0.00110817334673,0.573888297588,0.818918693532,0.00226763683377,0.0,0.818879456393,-0.573828231035,-0.0117619753781,0.0,-0.00833102787514,0.00860714695801,-0.999928252924,0.0,0.661610837186,0.260768329348,0.303427943131,1.0,-0.00234,-0.00307542857143,0.118
0.464991775091,0.546788153065,-0.124040683093,-1.35688956768,0.0795107430853,1.89457653736,0.159081348879,-0.00101274729156,-0.014668740627,-0.00114576616899,-0.0203494690694,0.000127757382008,0.0034898779136,1.97739663639e-05,0.573907555779,0.818905027949,0.00232798631157,0.0,0.818866524694,-0.573847207391,-0.0117364477554,0.0,-0.00827528695832,0.00864211249276,-0.999928414196,0.0,0.661588734432,0.260727845224,0.303457975563,1.0,-0.00266,-0.003496,0.134
0.464957890097,0.546509423802,-0.124040684104,-1.35730083801,0.0794995459617,1.89472367455,0.158980756203,-0.000346310319734,-0.015247681282,0.00293590249799,-0.0242447800397,3.10268804813e-05,0.0128050615027,-0.00537809419064,0.573857542581,0.818939999514,0.00235476520598,0.0,0.818901650727,-0.573796897996,-0.0117453474688,0.0,-0.00826773705926,0.00866864424773,-0.999928246991,0.0,0.661535304927,0.26067071349,0.303473168544,1.0,-0.00306,-0.00402171428571,0.154
0.464915444735,0.546240987323,-0.124037525304,-1.35770682937,0.0794874512672,1.8948697629,0.158930886574,-0.00113712628136,-0.0173032806235,0.000434562338924,-0.0271782633571,-0.00156483212067,0.0126905477332,0.00115988598817,0.573878670643,0.818925179748,0.00235971544708,0.0,0.818886848421,-0.573817955788,-0.0117486168997,0.0,-0.00826735028438,0.00867478761046,-0.999928196912,0.0,0.661490189982,0.260603047217,0.303480567466,1.0,-0.00338,-0.00444228571429,0.17
0.464873187071,0.545941509251,-0.124032918952,-1.35823431773,0.0794655288896,1.89504092244,0.158891169556,0.000182138516313,-0.0163964372226,0.00120928293969,-0.0342227636204,-0.00134544417286,0.00816742434975,-0.00146768010553,0.5739065855,0.81890572629,0.00232152314205,0.0,0.818866729129,-0.57384583412,-0.0117892107512,0.0,-0.00832221603716,0.00866709061823,-0.999927808524,0.0,0.661426741453,0.260529574013,0.303457433843,1.0,-0.00372,-0.00488914285714,0.187
0.464810741146,0.545603583288,-0.124038587748,-1.35879370152,0.0794226983755,1.89522433795,0.158817736896,-0.00881568174525,-0.0170917854266,0.000513775565902,-0.0332392349812,0.000132453987565,0.0152036509209,-0.0078166208112,0.573921345159,0.818895490871,0.00228287162566,0.0,0.818856060737,-0.573860812034,-0.0118011485378,0.0,-0.0083540176006,0.00864244070358,-0.999927756695,0.0,0.661363742725,0.260428532993,0.303446469473,1.0,-0.00406,-0.005336,0.204
0.464760354706,0.545266884856,-0.12403861697,-1.35939986225,0.0793789221005,1.89541966429,0.15872010146,-0.00285616658394,-0.0220928053335,-0.00175591004029,-0.0417217698283,-0.00370779092602,0.0128274973715,-0.00549420499941,0.573904827722,0.818907252026,0.00221544510328,0.0,0.818866956148,-0.573844569926,-0.0118348889906,0.0,-0.00842051739992,0.00860642041577,-0.99992750958,0.0,0.66128789656,0.260333819902,0.303413194829,1.0,-0.00438,-0.00575657142857,0.22
0.464699905131,0.544899006041,-0.124038599773,-1.36001629923,0.0793515592518,1.89559863053,0.158679379611,-0.00317737651374,-0.0226335113212,0.000258203749804,-0.0386112347519,-0.00178447492672,0.0101834885866,-0.000678716247941,0.573947843455,0.818877246582,0.0021621574475,0.0,0.8188360974,-0.57388762903,-0.0118819923796,0.0,-0.00848922123637,0.00859026185764,-0.999927067602,0.0,0.661208870009,0.260233221534,0.303395681384,1.0,-0.00468,-0.00615085714286,0.235
0.464635345397,0.544480932229,-0.124049910404,-1.36074409613,0.0793169785038,1.8958446519,0.158575481054,-0.00257530545268,-0.0230231629511,-0.00105356992013,-0.0469212441126,-0.000392822928466,0.00638289441619,-0.011918250829,0.573954906363,0.818872433041,0.00210968441616,0.0,0.818830527877,-0.573894830115,-0.0119179480375,0.0,-0.00854870671581,0.00856800371466,-0.99992675178,0.0,0.661122933987,0.260114171847,0.303366847057,1.0,-0.00502,-0.00659771428571,0.252
0.464572851451,0.544039821265,-0.124040309062,-1.36145833626,0.0792780381009,1.89610313467,0.15846668579,-0.00538467447035,-0.0259108930231,-0.00395607656429,-0.0513241792595,-0.000472030613539,0.0216274068888,-0.00588495429988,0.573951010782,0.818875175305,0.00210508738702,0.0,0.818833118873,-0.573890862289,-0.0119309898687,0.0,-0.00856206585085,0.00857168399685,-0.999926605938,0.0,0.66103435562,0.259998879794,0.303363350938,1.0,-0.00536,-0.00704457142857,0.269
0.464504357404,0.543504657112,-0.124053457464,-1.36233420662,0.0792358558264,1.89640467022,0.158405094322,-0.00596894466815,-0.0300666618194,-0.000438679199,-0.0484335752693,5.2260002247e-05,0.0156331190367,-0.00777163249804,0.573992073094,0.818846482392,0.00207007276223,0.0,0.818803888454,-0.573931982928,-0.0119590186071,0.0,-0.00860468502086,0.00855953030702,-0.999926344206,0.0,0.660933849324,0.25987445818,0.303349427612,1.0,-0.0057,-0.00749142857143,0.286
0.464415530597,0.542930284812,-0.124048862744,-1.36324526617,0.0791747085771,1.8967283042,0.158266110453,-0.00239048647217,-0.0330992709059,0.000233270177661,-0.0567266283113,-0.00352333865976,0.0207351911009,-0.00985210904726,0.573982140221,0.818853478278,0.00205687150038,0.0,0.818810714856,-0.573922108804,-0.0119654989483,0.0,-0.00861767232097,0.00855233577769,-0.999926293922,0.0,0.660829142161,0.259729873479,0.303349963991,1.0,-0.00606,-0.00796457142857,0.304
0.464350852563,0.542352483487,-0.1240645983,-1.36414529612,0.0791249980182,1.89704630901,0.158129362668,-0.0026814776569,-0.0360547727612,-0.00217657736879,-0.0506161407004,-0.00520455695415,0.0153813865584,-0.0071977166592,0.573970860033,0.818861396031,0.00205251641884,0.0,0.818818581604,-0.57391085391,-0.0119669998367,0.0,-0.00862151873297,0.00854951237571,-0.999926284909,0.0,0.660723550117,0.259592296907,0.3033583019,1.0,-0.0064,-0.00841142857143,0.321
0.464260802224,0.541732403971,-0.124053096233,-1.36509065414,0.079073631739,1.89738790577,0.15801888283,-0.00731480912958,-0.0386056832391,0.00117962810631,-0.0617126966422,-0.00154245043997,0.0162190895094,-0.00317017389473,0.573984818987,0.818851560838,0.00207262789532,0.0,0.818808882145,-0.57392460165,-0.0119713425258,0.0,-0.00861338620779,0.00856861997527,-0.999926191441,0.0,0.6606136183,0.259450259274,0.303376031625,1.0,-0.00674,-0.00885828571429,0.338
0.464174231515,0.541087234481,-0.124062400034,-1.3660899149,0.079005923938,1.89775951609,0.157876206756,-0.00947431060205,-0.0395828343149,-0.00076752784442,-0.0645111457564,-0.00741077826995,0.0181117790085,-0.00960310727806,0.573982796451,0.818852957228,0.00208103794416,0.0,0.818810494771,-0.573922650573,-0.0119545687123,0.0,-0.00859484460701,0.00856585740786,-0.999926374656,0.0,0.660502508164,0.259291792985,0.303389020075,1.0,-0.00708,-0.00930514285714,0.355
0.464082648528,0.540374810919,-0.124060618621,-1.36714977461,0.0789505543753,1.89814248532,0.157762879631,-0.0111403702471,-0.0475094856759,-0.000433440031874,-0.0604972147666,-0.00221249191331,0.0217783359243,-0.00520280575533,0.574007597488,0.818835479573,0.00211714897999,0.0,0.818793385299,-0.573947196976,-0.011947977911,0.0,-0.0085684614695,0.00859190309682,-0.999926377624,0.0,0.660379333489,0.259132910575,0.30342124442,1.0,-0.00742,-0.009752,0.372
0.463983150072,0.539695351865,-0.124066543826,-1.36819256342,0.0788809525777,1.89853505235,0.157632101626,-0.00794681562641,-0.0450156538393,-0.000178242805312,-0.0669168889077,-0.00345367478939,0.0330925354766,-0.00588881813855,0.574025310335,0.818823012116,0.00213654507431,0.0,0.818781262206,-0.573964920176,-0.0119273621682,0.0,-0.00854026112061,0.00859613634503,-0.999926582495,0.0,0.660265560981,0.258964284428,0.303439252427,1.0,-0.00774,-0.0101725714286,0.388
0.46389404763,0.539020562763,-0.12406489033,-1.36922196329,0.0788265286592,1.89890818938,0.157505762653,-0.00492014055545,-0.0424928706037,0.000329709278524,-0.0675696638078,-0.00112024935732,0.0229728291968,-0.0143798556288,0.574035972113,0.81881548326,0.00215731232603,0.0,0.818773908109,-0.573975399403,-0.0119279160373,0.0,-0.00852868233397,0.00861356975986,-0.999926531298,0.0,0.660145419803,0.258809592914,0.303458320529,1.0,-0.00804,-0.0105668571429,0.403
0.463784984826,0.538251133659,-0.124069855462,-1.37041686167,0.0787631124518,1.89937784216,0.157357626103,-0.00102909712336,-0.0391026885557,0.0004476069764,-0.0688597893333,-0.00119243036448,0.0351704002115,-0.00918626064055,0.574056703448,0.818800843475,0.00219700983834,0.0,0.818759761145,-0.573995942765,-0.0119104206593,0.0,-0.00849135123334,0.00863624634531,-0.999926653412,0.0,0.660015705014,0.258624580826,0.303473949198,1.0,-0.00838,-0.0110137142857,0.42
0.463666706102,0.537404957808,-0.124079027965,-1.37173692717,0.0786842350357,1.89987950373,0.157194354474,-0.00785836963143,-0.0466588778829,-2.74022794759e-05,-0.0791253666317,-0.0133220652692,0.0294342671568,-0.00734166192202,0.574078106973,0.818785781076,0.0022178149943,0.0,0.818745013846,-0.574017305108,-0.0118946475356,0.0,-0.00846626708867,0.00864444814096,-0.999926795239,0.0,0.65986933671,0.258416882921,0.303486953094,1.0,-0.00874,-0.0114868571429,0.438
0.463548556366,0.536523297997,-0.1240875469,-1.37310267379,0.0786081076472,1.90039240962,0.157029994281,-0.00501949094997,-0.0497343965947,-0.00131426301977,-0.0749290061836,-0.00107363454425,0.0267204495998,-0.00791351656305,0.574101143931,0.818769559787,0.00224307898634,0.0,0.818729105609,-0.574040222255,-0.0118836763329,0.0,-0.00844253742493,0.00865907294314,-0.999926869335,0.0,0.659714904633,0.258205915306,0.303504060723,1.0,-0.0091,-0.01196,0.456
0.463449075767,0.535719170715,-0.124096815543,-1.37439311487,0.0785300935255,1.90085660031,0.156864615351,-0.00731924731172,-0.0477470996601,-0.000895764966493,-0.0817714027317,-0.00208133186349,0.0248159688007,-0.015818086011,0.574103724255,0.818767809434,0.00222147086317,0.0,0.818727082015,-0.574042896604,-0.011893903278,0.0,-0.00846328850805,0.00864727901232,-0.999926795977,0.0,0.659561321661,0.258011159871,0.303497919811,1.0,-0.00942,-0.0123805714286,0.472
0.463308610899,0.534718924319,-0.124095391939,-1.3759804638,0.0784449672048,1.90143016105,0.156669736937,-0.00970862135615,-0.0506593617076,-0.000394205166303,-0.0891660298654,-0.00178415738087,0.0293633288047,-0.0161665134064,0.574122457731,0.818754689032,0.00221576573321,0.0,0.818713744702,-0.574061504991,-0.0119138417302,0.0,-0.00848269128756,0.00865424857707,-0.999926571269,0.0,0.659373945933,0.257769195411,0.303497822084,1.0,-0.0098,-0.01288,0.491
0.463203490641,0.533923215903,-0.124092912872,-1.37727961916,0.0783690811106,1.90189382477,0.156518638882,-0.00508381550293,-0.0504513967058,0.00203559559343,-0.0865031625492,-0.00271877958499,0.0284300002688,-0.010828014647,0.574133875156,0.818746770677,0.00218307255825,0.0,0.818705318893,-0.574072970414,-0.0119403666916,0.0,-0.00852305781661,0.00864282851565,-0.999926326786,0.0,0.659216011732,0.257576740765,0.303480854503,1.0,-0.0101,-0.0132742857143,0.506
0.463082990357,0.533055177815,-0.124098588392,-1.37867754408,0.0782923277121,1.90241295482,0.156347640579,-0.0110804013795,-0.0520721432654,-0.000632156464407,-0.0850736524213,-0.00232925164496,0.0353039609275,-0.0152943241177,0.574152510457,0.818733722891,0.00217546259367,0.0,0.818692112235,-0.574091573941,-0.0119514432039,0.0,-0.008536299194,0.00864315159245,-0.999926211041,0.0,0.659053630452,0.257362266828,0.303472818365,1.0,-0.01042,-0.0136948571429,0.522
0.462975151307,0.53227715803,-0.124098299141,-1.3799477243,0.0782259410395,1.90289528911,0.156188635363,-0.0118277191094,-0.0513861378761,-0.000420281758483,-0.0908431821446,-0.00935799733886,0.0351899273475,-0.0105026293732,0.574162170124,0.818726960675,0.00217098193194,0.0,0.818685192951,-0.574101150924,-0.0119653772146,0.0,-0.00855017831194,0.00864758420255,-0.999926054135,0.0,0.65890578233,0.257172776567,0.303458591193,1.0,-0.0107,-0.0140628571429,0.536
0.462832281806,0.531172676878,-0.124098614828,-1.38172173583,0.0781130303191,1.90354108104,0.155958934856,-0.0100446804049,-0.0603226714402,0.00011757766143,-0.0943685494139,-0.00947322316358,0.0326401913269,-0.0140299760024,0.574157680544,0.818730173188,0.00214669145267,0.0,0.818688095427,-0.574096768821,-0.0119770337547,0.0,-0.00857371536419,0.00863434289509,-0.999925967023,0.0,0.65869300953,0.256907940284,0.303448631246,1.0,-0.01108,-0.0145622857143,0.555
0.462697620199,0.53020810685,-0.12410156446,-1.38326322957,0.0780243303051,1.90407865401,0.155758667135,-0.00903706352637,-0.0656878105612,-0.000924713411128,-0.0960547060717,-0.00444321538377,0.0366584023985,-0.00944657731641,0.574165930637,0.818724468979,0.00211539401747,0.0,0.818681882952,-0.574105047682,-0.012004817917,0.0,-0.00861434564383,0.00862475826216,-0.999925700537,0.0,0.658505890086,0.256669351148,0.303441228443,1.0,-0.0114,-0.0149828571429,0.571
0.46253891984,0.529028854946,-0.124099055699,-1.38511480503,0.0778952584385,1.90476775309,0.15551593793,-0.00460643412532,-0.068757124403,0.000953513970291,-0.0982146052568,-0.00235999616526,0.0341673118184,-0.00911668321066,0.57416117727,0.818727790285,0.00212010208754,0.0,0.818685386075,-0.574100395875,-0.011988368744,0.0,-0.00859822474563,0.00861911845241,-0.999925887918,0.0,0.658288872481,0.256387903271,0.303450122773,1.0,-0.01178,-0.0154822857143,0.59
0.462406670133,0.528013448402,-0.124101811118,-1.38672816172,0.0778048328953,1.90538340749,0.155294354007,-0.00694792600595,-0.0617402383712,-0.00114822603466,-0.102211181667,-0.00280682353476,0.0394817842852,-0.0104286902742,0.574153273646,0.818733289051,0.00213697510804,0.0,0.818691053948,-0.574092371934,-0.0119855568936,0.0,-0.00858631862132,0.00863123530843,-0.999925885708,0.0,0.658100377124,0.256148200781,0.303450613822,1.0,-0.0121,-0.0159028571429,0.606
0.462260612416,0.526858249198,-0.124101846524,-1.38848789092,0.0776872015448,1.90605391696,0.155047409395,-0.00656888375674,-0.0694971533804,7.38859714664e-05,-0.104307605598,-0.00909714611506,0.039929630894,-0.0157472631262,0.574134216958,0.818746521102,0.00218677923858,0.0,0.818705042932,-0.574073221306,-0.0119472239171,0.0,-0.00852654077953,0.00864980377442,-0.999926236778,0.0,0.657896154976,0.255884825052,0.303484178165,1.0,-0.01244,-0.0163497142857,0.623
0.462102532691,0.525701682079,-0.124108027904,-1.39029311664,0.077575794246,1.90672111466,0.154803152367,-0.0148972310817,-0.0697423394036,-0.00130047522624,-0.106052864408,-0.00633155061454,0.0423677216249,-0.0121776939548,0.574135407061,0.818745651913,0.00219971217004,0.0,0.818704363281,-0.574074379931,-0.0119381218217,0.0,-0.00851165080917,0.00865517902225,-0.999926317124,0.0,0.657684212142,0.255605400243,0.303496693101,1.0,-0.01278,-0.0167965714286,0.64
0.461958621913,0.524606983999,-0.124114163505,-1.39202016547,0.0774687456901,1.90734344226,0.154557997657,-0.0038428002633,-0.0681791609492,0.000371699847027,-0.108884253585,-0.00281760305481,0.0390279846347,-0.0139015706743,0.574120879637,0.81875586843,0.00218869301156,0.0,0.818714432687,-0.574059895607,-0.0119440724801,0.0,-0.00852300264848,0.00864942248417,-0.99992627024,0.0,0.657475613736,0.255341495673,0.303498725904,1.0,-0.0131,-0.0172171428571,0.656
0.461794027907,0.523269352822,-0.124123742244,-1.39414848861,0.0773334751765,1.90811006369,0.154274327733,-0.00786264746507,-0.0741859746675,-0.000823234352724,-0.118088318041,-0.00663935110638,0.0469628693926,-0.0146007108663,0.574107869567,0.818765061097,0.00216234348106,0.0,0.818723313906,-0.574047027265,-0.0119537716405,0.0,-0.00854620826134,0.00863328160786,-0.999926211664,0.0,0.657214860673,0.255022820047,0.303492878557,1.0,-0.01348,-0.0177165714286,0.675
0.461650074527,0.522191750286,-0.124124181811,-1.39586689344,0.0772292143465,1.90877729289,0.154034050629,-0.00874035191454,-0.0679728801787,0.000187496801081,-0.112141956897,-0.00490188738008,0.0461674655383,-0.0243733152505,0.574093512588,0.81877507416,0.00218257640777,0.0,0.818733606832,-0.574032605752,-0.0119413349,0.0,-0.0085245614699,0.00864255794825,-0.999926316307,0.0,0.657014233211,0.254766535435,0.303490148263,1.0,-0.01378,-0.0181108571429,0.69
0.461486999368,0.520941453064,-0.124122256317,-1.39786176501,0.0771126101251,1.90955129995,0.153758484655,-0.00667112345326,-0.0729999751602,0.00144878442415,-0.117409595068,-0.0082223966549,0.0393834445892,-0.0170794898384,0.574075523523,0.818787618851,0.00220803307955,0.0,0.818746449041,-0.574014480776,-0.0119320971715,0.0,-0.00850257417015,0.00865791086531,-0.999926370695,0.0,0.656778731911,0.254473793286,0.30348605885,1.0,-0.01412,-0.0185577142857,0.707
0.461317294285,0.519650082371,-0.124130158113,-1.39991126847,0.0769736470063,1.91030574167,0.153496957113,-0.011921090486,-0.0787036140876,-0.000587429461074,-0.123529064494,-0.0144870577392,0.0460583406466,-0.01722646043,0.574077595842,0.818786203234,0.00219413944951,0.0,0.818744976663,-0.574016735494,-0.0119246577651,0.0,-0.00850443622909,0.00864228590421,-0.999926490028,0.0,0.656531933138,0.25416019164,0.303483023048,1.0,-0.01446,-0.0190045714286,0.724
0.461139407763,0.518299432368,-0.12413343746,-1.40198457,0.0768385439552,1.91104102359,0.153209190793,-0.0117691257594,-0.074835468498,-0.000206489277,-0.120607860307,-0.0110753509247,0.0466287353857,-0.0216367620858,0.574063354567,0.818796169815,0.00220094081162,0.0,0.818755050889,-0.574002487879,-0.0119187857611,0.0,-0.00849587420039,0.00864433597284,-0.999926545091,0.0,0.656277320791,0.253841263994,0.303508032567,1.0,-0.0148,-0.0194514285714,0.741
0.460959181174,0.51701021,-0.124139743107,-1.4039985803,0.0767095249492,1.91175868395,0.152927958506,-0.0141440755867,-0.0825741205135,-0.000689924928808,-0.126847692061,-0.0128275917049,0.046335411662,-0.0195016466784,0.574056814076,0.818800782472,0.00219083029997,0.0,0.818759544728,-0.573996002184,-0.011922428235,0.0,-0.00850472947657,0.00863808069746,-0.99992652387,0.0,0.656031820265,0.253525104272,0.303516359691,1.0,-0.01512,-0.019872,0.757
0.460774376813,0.515585963649,-0.124153271112,-1.40628920035,0.0765664025977,1.91263198234,0.152612568341,-0.00891218017549,-0.0807894200996,-0.00114213233415,-0.130768351856,-0.00772434240922,0.0443485608428,-0.0174804836542,0.574042162588,0.818811059392,0.00218894700316,0.0,0.818769883611,-0.573981447997,-0.0119130998233,0.0,-0.00849832653558,0.00863103164278,-0.999926639179,0.0,0.655758179013,0.253178950218,0.303501114444,1.0,-0.01548,-0.0203451428571,0.775
0.460617597832,0.514438895974,-0.124154426147,-1.4081073251,0.0764564145513,1.91330560202,0.152375901915,-0.00675466087452,-0.0864433661371,-0.00294233686136,-0.130182217964,-0.0113341520822,0.0348114040185,-0.0195340093771,0.574043743037,0.81880994744,0.00219042339394,0.0,0.818768756872,-0.573982987735,-0.0119163527146,0.0,-0.00850012602962,0.00863412418855,-0.999926597185,0.0,0.655537054091,0.252902705627,0.303498311049,1.0,-0.01576,-0.0207131428571,0.789
0.460413973796,0.512955668962,-0.124157273967,-1.41052630098,0.0763110947231,1.9141453708,0.152035952703,-0.0140414493071,-0.0842655939603,-0.000190796282295,-0.135065367312,-0.016893591375,0.0402153029876,-0.0210140436681,0.574021795879,0.818825545208,0.00210980360001,0.0,0.818783157478,-0.573961225902,-0.0119749359981,0.0,-0.00859460350952,0.00860151152617,-0.999926070662,0.0,0.655228517852,0.252533562796,0.303459247985,1.0,-0.01612,-0.0211862857143,0.807
0.460199995073,0.511449374502,-0.124156704799,-1.41296144797,0.0761620942739,1.91503459982,0.151693417019,-0.00969673824626,-0.0829634089679,-0.00013851751355,-0.1391362324,-0.0186977723924,0.050285495116,-0.0240119831331,0.574003446014,0.818838497811,0.00207493795335,0.0,0.818795581968,-0.573942950837,-0.0120012930746,0.0,-0.00863639105855,0.00858789895418,-0.99992582762,0.0,0.654927650439,0.252160812409,0.30343231437,1.0,-0.01648,-0.0216594285714,0.825
0.460011692554,0.510073090626,-0.124159880638,-1.41514808614,0.0760257739222,1.91587175801,0.1513961914,-0.0108644715853,-0.0846077169381,0.000541914444105,-0.135350590633,-0.00555767205026,0.052840823319,-0.0113914050103,0.573994078936,0.818845017328,0.00209328573186,0.0,0.818802378435,-0.573933545521,-0.0119873806856,0.0,-0.00861456590044,0.00859483834875,-0.999925956263,0.0,0.654664978059,0.251829016808,0.303427726073,1.0,-0.0168,-0.02208,0.841
0.459787657959,0.508473472578,-0.124162384545,-1.41765448346,0.0758635556225,1.91677064919,0.151032962937,-0.0122053081425,-0.0882415711483,-0.000426509921314,-0.136450958259,-0.00610904842317,0.0527789481718,-0.0184616724429,0.57396820987,0.818863178901,0.00208211437251,0.0,0.818820394544,-0.573907726692,-0.0119928988728,0.0,-0.00862576784176,0.00858858576607,-0.999925913417,0.0,0.654353439151,0.251439389083,0.303432031052,1.0,-0.01716,-0.0225531428571,0.859
0.459586800262,0.507040313894,-0.124162156035,-1.41990341349,0.0757150059476,1.91758445539,0.15072531642,-0.0182462526113,-0.0845522062567,0.00157787619209,-0.140633324222,-0.0137028049912,0.0503287630418,-0.0173478429821,0.573956861141,0.818871151986,0.00207482403652,0.0,0.81882829842,-0.57389643571,-0.0119935686121,0.0,-0.00863061939267,0.00858288087687,-0.999925920538,0.0,0.65407392454,0.251091401594,0.303434451998,1.0,-0.01748,-0.0229737142857,0.875
0.45937726681,0.505548766664,-0.12417101935,-1.4222135158,0.0755777254498,1.91846077611,0.150405453773,-0.0168544151925,-0.0996792029066,-0.00121595447095,-0.146821168149,-0.00962785468591,0.0548788724302,-0.024690313571,0.573955385826,0.818872061675,0.00212334411156,0.0,0.818829837501,-0.573894755039,-0.0119688870664,0.0,-0.00858257642042,0.00860843044688,-0.999926114424,0.0,0.653796525483,0.250731981466,0.303453804233,1.0,-0.0178,-0.0233942857143,0.891
0.459142930688,0.503803030049,-0.124174080224,-1.42484617803,0.0754072391953,1.91946316822,0.150042251414,-0.0107463275116,-0.0999365725476,0.000179789414976,-0.148713792348,-0.013606212924,0.0617985730947,-0.019284839225,0.573941576976,0.818881495206,0.00221583587238,0.0,0.818840578588,-0.573880674061,-0.0119090595141,0.0,-0.00848064635606,0.00864968725889,-0.999926628082,0.0,0.653479262703,0.250328115687,0.303507310227,1.0,-0.01816,-0.0238674285714,0.909
0.458904073626,0.502129178049,-0.124177411641,-1.42734058435,0.0752521496982,1.92039156861,0.149712164881,-0.0137843235356,-0.100691749274,-0.000392384275149,-0.153489263737,-0.0116195105097,0.0517980924882,-0.0194192277653,0.573955247667,0.81887166167,0.00230700907561,0.0,0.818831947094,-0.573893996933,-0.0118604217702,0.0,-0.00838834612537,0.00869657148384,-0.999926999982,0.0,0.653177754985,0.249934180064,0.30356931105,1.0,-0.0185,-0.0243142857143,0.926
0.458690245228,0.500516420209,-0.124175318539,-1.42977288914,0.0750918354912,1.9212444244,0.149357278194,-0.0140972356045,-0.100883689526,0.000757761314508,-0.15316244193,-0.0136799616499,0.0570399407565,-0.0186501110626,0.573918728074,0.818897182783,0.00233334464772,0.0,0.818857791235,-0.573857358822,-0.0118488970393,0.0,-0.00836418244427,0.00871114907893,-0.999927075508,0.0,0.652866206502,0.249560577666,0.303610887125,1.0,-0.01882,-0.0247348571429,0.942
0.458429169739,0.498736305561,-0.124175346094,-1.4325314919,0.0749160434831,1.92226291613,0.148971609334,-0.0107030203781,-0.0993829254847,0.000343526868067,-0.159164226922,-0.0116513091271,0.0597176488693,-0.0199710588205,0.573909641203,0.818903462959,0.0023641044084,0.0,0.818864474101,-0.573848156743,-0.0118327071996,0.0,-0.00833336838799,0.00872695387739,-0.999927194973,0.0,0.652525431196,0.24912716371,0.30362777777,1.0,-0.01918,-0.025208,0.96
0.458186304531,0.497168374468,-0.124177680674,-1.43502815983,0.0747616747279,1.92318581053,0.148589785663,-0.0162787282584,-0.105757765583,0.000571752408142,-0.15855007843,-0.0172536879942,0.0559647280447,-0.0226039520292,0.57388259619,0.818922435088,0.00235754133299,0.0,0.818883319099,-0.573821096769,-0.0118408405856,0.0,-0.00834408370195,0.00872597161002,-0.999927114187,0.0,0.65221685576,0.248729640362,0.303612621549,1.0,-0.0195,-0.0256285714286,0.976
0.457919057728,0.495494099729,-0.124173769881,-1.43772518223,0.0745938948672,1.92410800857,0.148195015752,-0.0140159804726,-0.101568562666,0.00105844070651,-0.156817537555,-0.00420320073053,0.0545373776899,-0.0301062356505,0.573865974236,0.818934319159,0.00227407553336,0.0,0.818893931015,-0.573804611958,-0.0119056266039,0.0,-0.00844521378461,0.00869462806143,-0.999926538205,0.0,0.65186662341,0.248295586911,0.303575393613,1.0,-0.01984,-0.0260754285714,0.993
0.457673437949,0.494003932085,-0.12418722633,-1.44016633402,0.0744459406816,1.92497153742,0.147861556886,-0.0166680690118,-0.0988845729324,-0.00810634091355,-0.165560547697,-0.0109648203525,0.0609426249145,-0.0204185189942,0.573886667607,0.818920026607,0.0021976502915,0.0,0.818878554119,-0.573825520792,-0.0119554251978,0.0,-0.00852963351992,0.00866083456766,-0.999926114919,0.0,0.6515581489,0.247892642028,0.303526656581,1.0,-0.023116,-0.0303810285714,1.008
0.457383535767,0.491769836556,-0.124263776842,-1.44359703328,0.0742486877433,1.92625139624,0.147365623931,-0.0129863193451,-0.135946308063,-0.00922612179237,-0.220305643388,-0.00872319193957,0.0894418839592,-0.0363707090808,0.573892258766,0.818915940258,0.00225942923034,0.0,0.81887544781,-0.573831040499,-0.0119031439107,0.0,-0.00845130637533,0.00868148041352,-0.999926600965,0.0,0.651138507931,0.247336621982,0.303561875248,1.0,-0.030732,-0.0403906285714,1.025
0.4569563092,0.48879791948,-0.124279223105,-1.44837018899,0.0739885700576,1.9280011982,0.146661369481,-0.0259828489546,-0.178266918287,-0.000303532770554,-0.286311972057,-0.0108542474373,0.10503378011,-0.0431163590385,0.573845174893,0.818949014556,0.00223018184528,0.0,0.818907751416,-0.573783681825,-0.011963613292,0.0,-0.00851811136571,0.00869174230503,-0.999925944955,0.0,0.650526220693,0.246599633756,0.303508999787,1.0,-0.038796,-0.0509890285714,1.043
0.45637034094,0.485016760689,-0.124342965033,-1.45427101094,0.0736384108028,1.9302305217,0.145775429449,-0.0345075472731,-0.222090664875,-0.00144073769407,-0.346051539691,-0.0229228650882,0.132005867771,-0.0493183433245,0.573843824591,0.818949723342,0.00231571109563,0.0,0.818909672429,-0.57378208758,-0.0119084539346,0.0,-0.00842387369419,0.00873011904742,-0.999926408979,0.0,0.649805612605,0.245626511064,0.303521994641,1.0,-0.04686,-0.0615874285714,1.061
0.455845715557,0.481598504894,-0.124433620381,-1.45964341681,0.0733096188206,1.93210186723,0.144944055962,-0.0415412255817,-0.25685633761,-0.00876310601102,-0.402347971127,-0.0238276437727,0.136811250792,-0.0634100733918,0.573837181494,0.818954612067,0.00223145935853,0.0,0.818913535901,-0.573775858104,-0.0119428755225,0.0,-0.00850047914277,0.00868080543467,-0.999926190012,0.0,0.649066691021,0.244640508742,0.303501363756,1.0,-0.05358,-0.0704194285714,1.076
0.454985256739,0.47619802434,-0.124534330028,-1.46802232325,0.0728042943519,1.9350978739,0.143718794598,-0.0494510133076,-0.300414557417,-0.000995220400896,-0.462056268557,-0.0349675082174,0.17028000347,-0.0726509696711,0.573877665603,0.818926217306,0.002241078223,0.0,0.818885195732,-0.573816225735,-0.0119466394691,0.0,-0.00849761282782,0.00869126268336,-0.999926123536,0.0,0.648052121446,0.243299444582,0.303517057446,1.0,-0.061644,-0.0810178285714,1.094
0.454148251163,0.471097377226,-0.12459987964,-1.47593687108,0.0723324538635,1.93795891325,0.142560865751,-0.0569625765664,-0.332383850286,-0.00376891375587,-0.513943795991,-0.0349592467454,0.178798480335,-0.0750139142737,0.573915441699,0.818899626081,0.00228365598283,0.0,0.818858963097,-0.573853623149,-0.0119484164655,0.0,-0.0084742326713,0.00872754091575,-0.999926005968,0.0,0.647039678324,0.241967934464,0.303527042246,1.0,-0.068812,-0.0904386285714,1.11
0.453220301728,0.465389693482,-0.124652067292,-1.48452318316,0.0717938347776,1.94118514061,0.141163290425,-0.0611747702941,-0.364650034101,-0.0067534635297,-0.556448124495,-0.0388651575532,0.20124539763,-0.0866257400514,0.573830623065,0.818958208442,0.0025721116908,0.0,0.81892146154,-0.573767871068,-0.0117820567123,0.0,-0.00817337437068,0.00886743313485,-0.999927279646,0.0,0.645959894583,0.240529389376,0.3036604455,1.0,-0.07598,-0.0998594285714,1.126
0.452225651034,0.459605854962,-0.124687791549,-1.49350709654,0.0712232711472,1.94427786991,0.139811797878,-0.0693351102181,-0.394704777827,-0.00406324312597,-0.617368411695,-0.0339013652297,0.206087951043,-0.0886954592282,0.573828943924,0.818959659085,0.00248330585341,0.0,0.818921367771,-0.573766108666,-0.0118740412495,0.0,-0.00829968383211,0.00884747111758,-0.999926416044,0.0,0.644756238129,0.239000395481,0.303637814909,1.0,-0.0827,-0.108691428571,1.141
0.450758427246,0.451088399125,-0.124815656808,-1.50645390766,0.0703340504089,1.94879860174,0.137753262569,-0.0729694921974,-0.447119064453,-0.00608389058998,-0.652358449121,-0.0409456805338,0.240433358839,-0.112361911895,0.57378872103,0.818987741615,0.00251587046174,0.0,0.818950302697,-0.573726225872,-0.0118053530745,0.0,-0.0082251769488,0.00883432140618,-0.999927147961,0.0,0.643042140754,0.236730319911,0.303723340285,1.0,-0.09166,-0.120467428571,1.161
0.449458658996,0.443738518583,-0.124869150102,-1.51750776148,0.0696067509462,1.95287603082,0.136080183915,-0.0847280351325,-0.463689032623,-0.00173330785162,-0.70291226643,-0.0451976928481,0.247461819821,-0.110808467051,0.573822298801,0.818963239264,0.00281585423456,0.0,0.818929912387,-0.573758969983,-0.0116271176057,0.0,-0.00790671250116,0.00897805947001,-0.999928436612,0.0,0.641598082924,0.234818690274,0.30385287045,1.0,-0.098828,-0.129888228571,1.177
0.447846995359,0.434925919217,-0.124915592457,-1.53099545614,0.0687011619184,1.95749450033,0.133887878271,-0.0990395766037,-0.50687949512,-0.00439087010247,-0.761639748686,-0.0434566325955,0.266532540715,-0.124685346418,0.573726893056,0.819030268329,0.00276018970098,0.0,0.818995857387,-0.573663359636,-0.0116996707611,0.0,-0.00799911879352,0.00897317244759,-0.999927745527,0.0,0.639733555447,0.232458954384,0.303856343575,1.0,-0.106892,-0.140486628571,1.195
0.446277578366,0.426578395591,-0.124954503675,-1.54359813307,0.0678109431221,1.96199767728,0.131829663291,-0.10099083195,-0.519203060794,-0.000769804902108,-0.791513369958,-0.053291765739,0.277746547404,-0.127226506279,0.573652876455,0.819081502871,0.00293528378573,0.0,0.819049666885,-0.573589107803,-0.0115726179329,0.0,-0.00779542056684,0.00904298287768,-0.999928725399,0.0,0.638018660543,0.230228577511,0.303935263802,1.0,-0.11406,-0.149907428571,1.211
0.444541383277,0.417801872296,-0.125045361063,-1.55696602764,0.0668668607831,1.96650426784,0.129627767365,-0.104389871569,-0.556677647854,-0.00680627669911,-0.839013819929,-0.0546430520614,0.300401079365,-0.134067156064,0.573639706746,0.819091089427,0.00283213112056,0.0,0.81905788346,-0.573576243972,-0.0116285335793,0.0,-0.00790053721718,0.00899044100747,-0.999928374176,0.0,0.636139031817,0.227776866997,0.303926059338,1.0,-0.121228,-0.159328228571,1.227
0.442557007013,0.407948672721,-0.125137800081,-1.57181809115,0.0658424885378,1.97171624658,0.127154994561,-0.121363555418,-0.582627001331,-0.00667165000469,-0.908055383577,-0.0512646113213,0.304041710022,-0.136787742124,0.573642076625,0.81908892682,0.00297401872504,0.0,0.819057575217,-0.573578163731,-0.0115553222287,0.0,-0.00775915367194,0.00906468612825,-0.999928810966,0.0,0.633936861941,0.224880083038,0.303971937205,1.0,-0.129292,-0.169926628571,1.245
0.440196384965,0.396922856913,-0.125267484155,-1.58835390718,0.0647195492279,1.97731308439,0.124360203291,-0.130773623301,-0.631022243186,-0.0116032446603,-0.920912743806,-0.0620771698597,0.319593256228,-0.1641939008,0.573725044844,0.819030503947,0.00305833670297,0.0,0.818999886509,-0.573660429714,-0.0115604575603,0.0,-0.00771406915398,0.00913747736961,-0.999928497266,0.0,0.631710112812,0.221903626707,0.304031772096,1.0,-0.136908,-0.179936228571,1.262
0.437971079062,0.386794609063,-0.125390547164,-1.60373006076,0.0635243800353,1.98249648289,0.121710659516,-0.138562607852,-0.639840384412,-0.0122220722371,-0.990430298752,-0.076623412054,0.327661309541,-0.173385358249,0.573725150977,0.819030936103,0.00291954531758,0.0,0.818999142468,-0.573661709464,-0.0115496593874,0.0,-0.00778484686444,0.0090176088042,-0.999929036927,0.0,0.629480770455,0.21894451154,0.303968491284,1.0,-0.144076,-0.189357028571,1.278
0.435258898863,0.374747289964,-0.125512323945,-1.6215604058,0.0622114945416,1.9884252674,0.118488014214,-0.15159590222,-0.680843787276,-0.00795303250396,-1.00766604824,-0.0712883127347,0.330507799307,-0.185618039557,0.573686488987,0.819057766776,0.00298896953745,0.0,0.819026897482,-0.573622860836,-0.0115109351751,0.0,-0.00771372811417,0.00905188870939,-0.999929278354,0.0,0.62699776068,0.215669624578,0.304047406127,1.0,-0.151692,-0.199366628571,1.295
0.432627459274,0.363738926699,-0.125662279771,-1.63796306698,0.0609631177714,1.99386649691,0.115593563885,-0.165396785791,-0.703424635845,-0.0128862687908,-1.03010527114,-0.0777415555266,0.355619256233,-0.180396071498,0.573827083611,0.818959259731,0.00299264361642,0.0,0.818928641212,-0.573763664621,-0.0114841048495,0.0,-0.00768809185759,0.00904082602804,-0.999929575874,0.0,0.624418753227,0.212171310273,0.30405369439,1.0,-0.159308,-0.209376228571,1.312
0.429632821868,0.351568580436,-0.125798147086,-1.65608612349,0.0595772737539,1.99974802303,0.112223084615,-0.184750221278,-0.714958363546,-0.0103757783445,-1.09512422502,-0.0791406461687,0.346444332403,-0.200450705682,0.573853837834,0.818940883203,0.00288955414647,0.0,0.818908810806,-0.573790603566,-0.0115520450887,0.0,-0.00780259321412,0.00899563995279,-0.999929096487,0.0,0.62165653738,0.208502807785,0.304009133628,1.0,-0.166924,-0.219385828571,1.329
0.427024386556,0.341128498738,-0.125913505703,-1.67119726142,0.0584528283892,2.00470479432,0.109382524829,-0.188683293215,-0.768284225361,-0.00665041885447,-1.1025783773,-0.0836259930301,0.361128801059,-0.200627032055,0.573951569755,0.818871514452,0.00312814567795,0.0,0.818842373576,-0.573887392987,-0.0114531353053,0.0,-0.00758358889224,0.0091351790994,-0.999929516357,0.0,0.619176689062,0.205165667396,0.304142295292,1.0,-0.173644,-0.228217828571,1.344
0.423499370124,0.327468870538,-0.126009914799,-1.6912940067,0.0568117360817,2.01112825456,0.105459652799,-0.201472815708,-0.785537494905,-0.00574481075459,-1.11210774715,-0.0996285847586,0.371656947422,-0.226318860171,0.573844429692,0.818946936497,0.00303852181325,0.0,0.818916765817,-0.573780694495,-0.0114800779086,0.0,-0.00765827692331,0.00907624996238,-0.999929483754,0.0,0.616174924726,0.201267558667,0.304103539499,1.0,-0.18126,-0.238227428571,1.361
0.419961757923,0.314055684607,-0.126043654819,-1.71089370084,0.055179758198,2.01724081028,0.101639937439,-0.210109932696,-0.789900836291,-0.00506350686391,-1.16215789011,-0.0950011813886,0.360523019333,-0.227400938304,0.573751203744,0.819012683628,0.00292013034155,0.0,0.818980828526,-0.573687677017,-0.011558488136,0.0,-0.00779145560441,0.00902340097647,-0.999928933202,0.0,0.61298978255,0.197227342414,0.304067931783,1.0,-0.188876,-0.248237028571,1.378
0.416394118894,0.301050313172,-0.126139728649,-1.72957346287,0.053599937617,2.02313194234,0.0977292748248,-0.230730912317,-0.833817967223,-0.00625233177708,-1.18628307592,-0.103002095193,0.367380716252,-0.24294603102,0.573611667515,0.81910999805,0.00303527377238,0.0,0.819079967578,-0.573548188212,-0.0114555406746,0.0,-0.00764261927089,0.00905733811355,-0.999929775033,0.0,0.609957752856,0.1932505962,0.304138526222,1.0,-0.196044,-0.257657828571,1.394
0.412088618908,0.285975758304,-0.126299048683,-1.75110535944,0.0518714552352,2.02969635866,0.0932857446169,-0.247771503497,-0.841202296808,-0.010695954715,-1.21234615776,-0.104866540717,0.371906928898,-0.24749920387,0.573695017492,0.819051307983,0.00311908596887,0.0,0.819021669448,-0.573630444546,-0.0115049973761,0.0,-0.00763412745896,0.00915513493303,-0.999928949277,0.0,0.606378788044,0.188559946994,0.304198616766,1.0,-0.204108,-0.268256228571,1.412
0.408014593713,0.272289391331,-0.126458190411,-1.77065492478,0.050184231417,2.03555435811,0.0890656584857,-0.267445898073,-0.880840728257,-0.0167386336766,-1.22061243696,-0.107405339413,0.383528182649,-0.264582497349,0.573687259977,0.81905696391,0.00306014906091,0.0,0.819026478075,-0.573622772154,-0.011545145277,0.0,-0.00770090871731,0.00912982164509,-0.999928668637,0.0,0.603069346535,0.18420778346,0.304191684283,1.0,-0.211276,-0.277677028571,1.428
