position_joint1,position_joint2,position_joint3,position_joint4,position_joint5,position_joint6,position_joint7,velocity_joint1,velocity_joint2,velocity_joint3,velocity_joint4,velocity_joint5,velocity_joint6,velocity_joint7,ee_T_00,ee_T_10,ee_T_20,ee_T_30,ee_T_01,ee_T_11,ee_T_21,ee_T_31,ee_T_02,ee_T_12,ee_T_22,ee_T_32,ee_T_03,ee_T_13,ee_T_23,ee_T_33,v_x,v_y,time
0.465080026991,0.547822967607,-0.124000925785,-1.35584556634,0.0795518596611,1.89410512365,0.159148167779,-0.000606510459496,-0.00132252262064,0.00033720345398,-0.000491524711249,0.000210994713815,0.00046598587865,-0.000956246179608,0.57381473044,0.818971117139,0.00192647940942,0.0,0.818927237079,-0.573755840067,-0.0119650850837,0.0,-0.00869389767022,0.00844355109657,-0.999926558597,0.0,0.661672279578,0.260894156923,0.303179705095,1.0,0.0,0.0,0.0
0.465077609171,0.547820417225,-0.124003431399,-1.35585046174,0.0795518206569,1.89409994098,0.159148180332,-0.000750979955193,-0.00166009735321,-0.000373354965489,-0.000651520303282,0.000121086046763,-0.000136586330612,0.000146850240376,0.573818687267,0.81896836032,0.00191985392452,0.0,0.818924394963,-0.573759825526,-0.0119684940118,0.0,-0.00870045037423,0.00844012323451,-0.999926530543,0.0,0.661671398524,0.260890199605,0.303178814724,1.0,-0.0001,-0.000131428571429,0.006
0.465079064031,0.547820415447,-0.124003440188,-1.35584795937,0.0795517416751,1.89410334878,0.159152496037,-0.000564758532569,0.00167722571308,-0.00260834838884,-0.000666509834614,2.23947426141e-05,0.000847650870704,0.000801523344089,0.573820902727,0.81896679694,0.00192457916858,0.0,0.818922901772,-0.573762029023,-0.0119650284571,0.0,-0.0086948779854,0.00844202792306,-0.999926562934,0.0,0.661672279703,0.260891674115,0.303180303032,1.0,-0.00032,-0.000420571428571,0.017
0.46507583368,0.547813864025,-0.12399547841,-1.35585427321,0.0795507524285,1.89410395567,0.159156727168,-0.00166696639,0.00083091094826,0.00577213673841,-0.00163808757082,0.000125771877534,-0.00508873781248,0.00128407280463,0.573821525863,0.818966354613,0.00192701057823,0.0,0.818922453999,-0.573762605713,-0.011968020846,0.0,-0.00869592721712,0.00844574282174,-0.99992652244,0.0,0.661670196472,0.260893362063,0.303181726378,1.0,-0.00066,-0.000867428571429,0.034
0.465081138201,0.547775435689,-0.124001639003,-1.35588796899,0.0795507748729,1.89411192808,0.159146996528,0.00032933952258,-0.00616540131427,0.000442071705922,-0.00101421091159,0.000143940861595,0.00244746243308,-0.00191477232053,0.573815351351,0.818970654542,0.00193815730895,0.0,0.81892690619,-0.573756391573,-0.0119612854209,0.0,-0.00868407880186,0.00845094107194,-0.99992658149,0.0,0.661665110449,0.260890359642,0.303193808432,1.0,-0.001,-0.00131428571429,0.051
0.465080755005,0.547668713247,-0.124001044245,-1.35601991818,0.0795481309908,1.89414115506,0.159145287771,0.000624193617045,-0.00829974143531,-0.000281871364331,-0.0119401499935,-3.22596478073e-05,0.00419856952974,-6.82990705136e-05,0.573820369419,0.818967120359,0.00194584482977,0.0,0.818923395147,-0.573761301499,-0.0119661474276,0.0,-0.00868359802471,0.00846007987461,-0.999926508386,0.0,0.661643623657,0.260877746429,0.303209123476,1.0,-0.00132,-0.00173485714286,0.067
0.465066941045,0.54753732203,-0.124003299874,-1.35621582139,0.0795495313154,1.89417276127,0.159149187023,-0.00135461953528,-0.00722492593469,-0.000269655483056,-0.0140348923022,0.00011812210683,0.00331825002229,0.00149614041146,0.573847504082,0.818948154379,0.00192598005974,0.0,0.81890400515,-0.573788356787,-0.0119957853862,0.0,-0.00871898923626,0.00846110719069,-0.999926191722,0.0,0.661612521406,0.260848138602,0.303211780689,1.0,-0.00164,-0.00215542857143,0.083
0.465046783419,0.547357135697,-0.124003811948,-1.35644905664,0.0795432761898,1.89430360258,0.159140383859,0.000546503730209,-0.00815274091571,-0.000295619705748,-0.00959770287147,0.000316054985025,0.0042661853361,-0.00319175015642,0.57386883173,0.818933043973,0.00199508354772,0.0,0.818889792608,-0.573809386202,-0.0119600489337,0.0,-0.00864984814982,0.00849741646327,-0.999926484318,0.0,0.661595632271,0.26081707247,0.303239774672,1.0,-0.00202,-0.00265485714286,0.102
0.46502932759,0.547167284382,-0.124001374271,-1.35665960234,0.0795395605304,1.89442102222,0.159132793788,-0.00132072934801,-0.00988324961276,-0.00166451078332,-0.00982708962982,-0.00137038260133,0.00618097285712,-0.00176848407441,0.573882801593,0.818923069481,0.00206959126807,0.0,0.81888074131,-0.573822997732,-0.0119266796069,0.0,-0.00857961919113,0.00853942914879,-0.999926731458,0.0,0.661580905683,0.260792186865,0.303275607592,1.0,-0.00232,-0.00304914285714,0.117
0.46500076096,0.546955710047,-0.123998865914,-1.35694943011,0.079537974727,1.89454881336,0.159115336992,-0.00384387972988,-0.0125288776884,0.00186898502995,-0.0153165486293,0.00042046973614,0.00778063214897,-0.000251212950517,0.573909445629,0.818904232743,0.00213370914973,0.0,0.818862631163,-0.573849267957,-0.0119061266224,0.0,-0.00852571419947,0.00858041841758,-0.999926841633,0.0,0.661551556515,0.260751180184,0.303307067441,1.0,-0.00268,-0.00352228571429,0.135
0.464968310025,0.546709461041,-0.123996334123,-1.35731515668,0.0795337748347,1.89468369723,0.159091329524,-0.00129784255512,-0.0170352584591,0.000988086188346,-0.0234909503156,8.26939149855e-05,0.00924419785716,0.000751408263347,0.573933930161,0.818887011193,0.00215722273266,0.0,0.818845543582,-0.573873480402,-0.0119143253524,0.0,-0.00851867737155,0.00860463346174,-0.999926693522,0.0,0.661509168377,0.260699477462,0.303319018395,1.0,-0.00302,-0.00396914285714,0.152
0.464928576305,0.54646618959,-0.124006871687,-1.35767600432,0.0795248985026,1.89482659471,0.158975861763,-0.00488795868201,-0.0117940333114,-0.00179909382452,-0.0274704530804,-0.000586775994901,0.00855717478481,-0.0045155515837,0.573897169069,0.818912704001,0.00218390978802,0.0,0.81887152826,-0.57383655963,-0.0119067181757,0.0,-0.00849751910129,0.00862173939481,-0.999926726205,0.0,0.661474558783,0.260635720143,0.303332289129,1.0,-0.00332,-0.00436342857143,0.167
0.464887707023,0.546160201575,-0.124001206213,-1.3581867517,0.0795103284494,1.8949969288,0.158921436198,-0.00232304106635,-0.0147395387282,0.00126315360818,-0.0326129280976,-3.01701474201e-05,0.00991358345388,-0.00222642606624,0.573906735383,0.818906050678,0.00216475072205,0.0,0.818864418631,-0.573845993192,-0.0119409756523,0.0,-0.00853646803803,0.00862580976897,-0.999926359348,0.0,0.661409525648,0.260564552798,0.303320445186,1.0,-0.00368,-0.00483657142857,0.185
0.464833426632,0.545837283019,-0.124004521304,-1.35874730275,0.0794907408948,1.89518528017,0.158886803856,-0.00497690465764,-0.0193249905246,-0.000584736525835,-0.0291180482724,7.59258931953e-05,0.0120675959769,-0.00162317877741,0.573951233685,0.818874957581,0.00212887293432,0.0,0.818832712659,-0.573890487363,-0.0119768149349,0.0,-0.00858593920191,0.00861746442013,-0.99992600774,0.0,0.661342882564,0.260474036288,0.303298716721,1.0,-0.00402,-0.00528342857143,0.202
0.464780588298,0.545509573099,-0.12400445554,-1.35929594921,0.0794161122923,1.89537244011,0.158790208631,-0.0052034994129,-0.0273690799327,-3.52737299435e-05,-0.0382104736685,-0.00495852334533,0.0183302512042,-0.011200289753,0.573926126418,0.818892687321,0.00207725016232,0.0,0.818850111472,-0.573865939573,-0.0119634961882,0.0,-0.00860492209862,0.00856728449946,-0.999926275758,0.0,0.661280739522,0.260378919014,0.30328570529,1.0,-0.00432,-0.00567771428571,0.217
0.464713884002,0.545088670059,-0.124007389382,-1.36003902776,0.0793509476052,1.89559503988,0.158710857068,-0.00366447060947,-0.0270413659462,0.00016268216423,-0.0449982269166,-0.000666748737239,0.0120211362444,-0.00272092563454,0.57394173239,0.818881989038,0.00198059350982,0.0,0.818838266317,-0.573882061983,-0.0120008104419,0.0,-0.00869078776193,0.00850971552934,-0.999926024739,0.0,0.661187128462,0.260254973171,0.303249294123,1.0,-0.00468,-0.00615085714286,0.235
0.464647432245,0.544659710352,-0.124002345288,-1.36075839615,0.0793332402974,1.89584081159,0.158618089732,-0.00795269608615,-0.0255796231866,-0.000120876605489,-0.0406244750455,-0.00131847538486,0.00984500972551,-0.00975160516865,0.573952011084,0.818874839962,0.00195763920268,0.0,0.818830516223,-0.573892143314,-0.012047424825,0.0,-0.00874202762876,0.00851778241929,-0.999925509393,0.0,0.661099164024,0.260148006547,0.303231668244,1.0,-0.00502,-0.00659771428571,0.252
0.464583080609,0.544216403826,-0.124010514637,-1.36148185553,0.0793088246828,1.89611042991,0.15852395227,-0.00726137352998,-0.0333529558311,-0.000688898186112,-0.0470614467558,-0.000719304591431,0.00788130074717,-0.00711875069915,0.5739672477,0.818864163491,0.00195632773905,0.0,0.818819681305,-0.573907246044,-0.0120643833963,0.0,-0.00875650914267,0.00852660475254,-0.99992530749,0.0,0.661018168699,0.26003501869,0.303224700323,1.0,-0.00534,-0.00701828571429,0.268
0.464515818355,0.543708660307,-0.124008149262,-1.36230829388,0.0792745588558,1.89639012947,0.158430586631,-0.0048504274734,-0.0299533243206,0.00101725618353,-0.0480444055201,-5.61731720486e-05,0.0153860742124,-0.0157594702081,0.573981010611,0.81885457355,0.00193228762742,0.0,0.818809572957,-0.573920913796,-0.0121002000871,0.0,-0.00879949331889,0.00852762486487,-0.999924921447,0.0,0.660915966995,0.259913923136,0.303214777892,1.0,-0.00568,-0.00746514285714,0.285
0.464427169398,0.543131851962,-0.124013713863,-1.36321255339,0.0792211402126,1.89671169901,0.158309139531,-0.00508551771798,-0.0295011468147,-0.000907152597163,-0.0500159466982,-0.00422308093925,0.0166384057413,-0.00470853599704,0.573994083443,0.818845423044,0.00192671583894,0.0,0.81880034041,-0.573934000576,-0.0121042318701,0.0,-0.00880585667689,0.00852551720547,-0.999924883401,0.0,0.660814341616,0.259765521871,0.303220473945,1.0,-0.00604,-0.00793828571429,0.303
0.464348097218,0.542586462446,-0.124012573347,-1.364061198,0.0791716823571,1.8970215203,0.158195722066,-0.00344849529642,-0.0364729504537,0.00341941176724,-0.0519442657625,-0.00297785012498,0.029619919387,-0.00890349700973,0.573999154689,0.818841852199,0.00193349551992,0.0,0.818796822633,-0.57393900689,-0.0121048138189,0.0,-0.00880238914269,0.00853145714497,-0.999924863269,0.0,0.660717976263,0.259633377511,0.303229109412,1.0,-0.00636,-0.00835885714286,0.319
0.464273492832,0.541988323206,-0.124017082713,-1.36499105599,0.0791259585566,1.89736987129,0.158070449216,-0.00369295933236,-0.0340235949892,0.0040738517918,-0.0513651043163,-0.00138054141438,0.0236216117499,-0.00346969858736,0.574000342299,0.818840976063,0.0019518866657,0.0,0.81879611186,-0.573940040645,-0.0121038774494,0.0,-0.00879105416762,0.00854599154859,-0.999924838873,0.0,0.660611754673,0.25949518771,0.303239865451,1.0,-0.0067,-0.00880571428571,0.336
0.464179796928,0.541336098831,-0.124016441602,-1.36598190754,0.0790612440773,1.89773259878,0.15793435918,-0.00386823870911,-0.0403096746613,0.00236187506391,-0.0580641187945,-0.00179368174566,0.0276206724342,-0.00751645154725,0.574002855663,0.818839170256,0.00197024019418,0.0,0.818794576082,-0.573942502674,-0.0120910175128,0.0,-0.00876996300875,0.00855366524934,-0.999924958464,0.0,0.66050042848,0.259338756898,0.303260789335,1.0,-0.00704,-0.00925257142857,0.353
0.464098191922,0.540683548927,-0.124022721038,-1.36698565768,0.078993525262,1.89809925685,0.157811885149,-0.00558787370088,-0.0454320676088,0.000401934404216,-0.0642627006407,-0.00696644559025,0.0277104931115,-0.0105640965734,0.574011316605,0.818833220535,0.00197794295206,0.0,0.818788810477,-0.573951010463,-0.0120775961389,0.0,-0.00875446313733,0.00855235907745,-0.99992510546,0.0,0.660385356227,0.259184562358,0.303276274188,1.0,-0.00736,-0.00967314285714,0.369
0.463998082529,0.539945127712,-0.124026497476,-1.36808957582,0.078934743406,1.89850666768,0.157675289923,-0.00265023831111,-0.0484646454869,-0.00124305374915,-0.0623120509297,-0.000872611712576,0.0147405164443,-0.0156304908477,0.574029474048,0.818820395134,0.00201750781533,0.0,0.818776443942,-0.573968937542,-0.0120640160571,0.0,-0.00872044347306,0.0085771538036,-0.999925190351,0.0,0.660261072033,0.259013057394,0.303308139719,1.0,-0.0077,-0.01012,0.386
0.463887203277,0.539149884421,-0.124032198054,-1.36932278107,0.0788678113793,1.89898057391,0.15752194996,-0.00466983775199,-0.0460812885663,-0.0012098122535,-0.075749314759,0.000183669115065,0.0268678257655,-0.00710729469308,0.574049154066,0.818806518073,0.00204977521916,0.0,0.818762964736,-0.573988453301,-0.012050309309,0.0,-0.00869049181826,0.00859591539856,-0.999925290004,0.0,0.660125102078,0.258821923514,0.303324324682,1.0,-0.00806,-0.0105931428571,0.404
0.463790968002,0.538478528718,-0.124030104671,-1.37036943486,0.0788062956264,1.89938928385,0.157399306749,-0.00711785301415,-0.0462807489068,-0.000265533230586,-0.0733340837028,-0.00277540238595,0.0317295498368,-0.00974350750543,0.574067577729,0.818793529463,0.00207827125659,0.0,0.818750345679,-0.574006750724,-0.0120361320955,0.0,-0.00866233212517,0.00861130430132,-0.999925401938,0.0,0.66000991741,0.25866196142,0.30333574492,1.0,-0.00836,-0.0109874285714,0.419
0.46367711052,0.537689485734,-0.124041751832,-1.37160037966,0.0787318236609,1.89986311009,0.157242744225,-0.00912491429715,-0.0509423986758,-0.00143350215271,-0.0749146320177,-0.0104385882385,0.0321074614872,-0.00817813054659,0.574088902933,0.818778518789,0.00210133278342,0.0,0.818735711528,-0.574028050991,-0.0120157498696,0.0,-0.00863218011444,0.00861871078904,-0.999925598878,0.0,0.659876343209,0.258464400034,0.303348541892,1.0,-0.0087,-0.0114342857143,0.436
0.463571624698,0.536811974437,-0.1240456858,-1.37298001551,0.0786576513508,1.90037220562,0.157076300035,-0.00728257514338,-0.0526130748471,-0.000192439603226,-0.0772341247756,-0.00569129440517,0.0261973976895,-0.00979993908187,0.574097914956,0.818772175927,0.00211065675779,0.0,0.818729409831,-0.574036942183,-0.0120203738791,0.0,-0.00863051888943,0.00862909447944,-0.999925523663,0.0,0.659713428955,0.258262804203,0.303355700918,1.0,-0.00906,-0.0119074285714,0.454
0.463454725936,0.535951283624,-0.124048780774,-1.37432960587,0.0785839157108,1.90087503696,0.156911692682,-0.00546209933289,-0.0511459645632,0.000200901416756,-0.0883639387259,-0.000581038453232,0.0290157908979,-0.00615004783079,0.574123264913,0.818754349715,0.00213035460124,0.0,0.818711783767,-0.574062149136,-0.012017110752,0.0,-0.00861627164828,0.00864361569175,-0.999925521112,0.0,0.659570794315,0.25806745521,0.303366575667,1.0,-0.00938,-0.012328,0.47
0.463352517742,0.535114111101,-0.124052430822,-1.37565465544,0.0784996895977,1.901345706,0.156747872377,-0.0041405729765,-0.0544229608721,-0.00132620057239,-0.082382550407,-0.00477824514264,0.0305625764215,-0.0109278117781,0.574117734564,0.818758286941,0.0021074451129,0.0,0.818715424184,-0.574056718103,-0.0120285288012,0.0,-0.00863883093485,0.00863135570537,-0.999925432369,0.0,0.65939823142,0.257859660378,0.303365517464,1.0,-0.00972,-0.0127748571429,0.487
0.463231073528,0.534219561973,-0.124049275996,-1.37713451677,0.0784283692785,1.90187612819,0.156570491383,-0.001089886534,-0.0523371344944,0.000572813612906,-0.0895155241745,0.000450209085686,0.0347861119382,-0.0141644087787,0.574131743319,0.818748559006,0.00207010644783,0.0,0.818704974672,-0.57407065118,-0.0120747174774,0.0,-0.00869793764074,0.00862745114747,-0.999924953668,0.0,0.659218061669,0.257641933803,0.303338138452,1.0,-0.01006,-0.0132217142857,0.504
0.463102315669,0.533301489355,-0.12405526272,-1.37861467551,0.0783446714319,1.90243126153,0.156378108042,-0.00663236118592,-0.053783773807,-0.00105780075921,-0.0864248080834,-0.00742398374729,0.0332755773701,-0.0134791876063,0.574142539503,0.818741002805,0.00206435453908,0.0,0.818697307905,-0.574081435632,-0.012081812471,0.0,-0.00870693527628,0.00862693009277,-0.999924879856,0.0,0.659047658478,0.257414046898,0.303329439715,1.0,-0.0104,-0.0136685714286,0.521
0.462963698435,0.532347412973,-0.124049946746,-1.3801703263,0.0782581135695,1.90301263911,0.156184732725,-0.00822019505285,-0.0599664568186,0.000186056679201,-0.0936638265346,-0.00833154192559,0.0291906300284,-0.0130161714598,0.574159557932,0.818729119537,0.00204395654398,0.0,0.818685080773,-0.574098463689,-0.012101215232,0.0,-0.00873435314386,0.00862155110794,-0.99992468713,0.0,0.658856498991,0.257162797896,0.303308147034,1.0,-0.01076,-0.0141417142857,0.539
0.462818029055,0.531296774043,-0.124052344946,-1.3818622963,0.0781572587058,1.90362774614,0.1559824431,-0.00895549455013,-0.0654888232053,0.000907242317388,-0.0941584164117,-0.0065292379027,0.0355511298658,-0.0124244993565,0.574176326052,0.818717401195,0.00202743257186,0.0,0.818673063884,-0.574115220344,-0.0121192054984,0.0,-0.00875839315866,0.00861853125657,-0.999924502884,0.0,0.658664871008,0.25692008934,0.303300518459,1.0,-0.0111,-0.0145885714286,0.556
0.462711653714,0.530453256955,-0.124055552589,-1.3832109916,0.0780775424922,1.90409384361,0.155795326076,-0.00999814116178,-0.0612047330864,-0.000529285744605,-0.0975500491974,-0.00637284389989,0.0415776639865,-0.0152861131819,0.574164267632,0.818725937245,0.00199508335335,0.0,0.818681100446,-0.574103230714,-0.0121442643468,0.0,-0.00879760979206,0.00860630537788,-0.999924263917,0.0,0.658497612781,0.256717884405,0.303293445155,1.0,-0.01138,-0.0149565714286,0.57
0.462568571841,0.529344207103,-0.124058451678,-1.38495672747,0.0779665662723,1.90474945497,0.15556088843,-0.0107368708264,-0.0618659181422,-0.000812163089476,-0.100957893038,-0.0104451010285,0.0396014114,-0.0174209435621,0.574156566179,0.818731310116,0.00200655182645,0.0,0.818686675632,-0.574095530895,-0.012132413197,0.0,-0.00878140318478,0.00860880769114,-0.999924384835,0.0,0.658293082663,0.256455855498,0.303300649182,1.0,-0.01174,-0.0154297142857,0.588
0.462425092021,0.528254930595,-0.124060924691,-1.38665868378,0.077865612044,1.9053992906,0.155335556688,-0.012982798996,-0.0580296874075,-0.0015810885268,-0.105085774187,-0.00398538815339,0.0392261053842,-0.0171226764706,0.574156540834,0.818731251471,0.00203749431075,0.0,0.81868702293,-0.574095371249,-0.012116521688,0.0,-0.00875062738906,0.00862501638913,-0.999924514957,0.0,0.65809606035,0.256199996899,0.303313989306,1.0,-0.01208,-0.0158765714286,0.605
0.462282118442,0.527112948244,-0.124062358157,-1.38841203371,0.0777509111688,1.90607660101,0.155078887382,-0.00863043470936,-0.0636888392475,-0.000715104981545,-0.109246058765,-0.00729746451046,0.0447703537195,-0.0202182974248,0.574128548782,0.818750754147,0.0020878119386,0.0,0.818707290209,-0.574067270824,-0.0120784282279,0.0,-0.00869084504458,0.00864404374937,-0.999924872038,0.0,0.657893750999,0.255939346064,0.303342007732,1.0,-0.01242,-0.0163234285714,0.622
0.462141785135,0.526007688034,-0.124065217379,-1.39011605266,0.0776447939226,1.90671228939,0.154849520553,-0.00924003118409,-0.0761925022178,-0.00177446197994,-0.109265874602,-0.00662342945384,0.0330327385349,-0.0145901717466,0.574121053289,0.818755935588,0.00211684011466,0.0,0.818712878157,-0.57405967941,-0.0120604525908,0.0,-0.00865954130998,0.00865741068941,-0.999925027982,0.0,0.657692383586,0.255683578837,0.3033638262,1.0,-0.01274,-0.016744,0.638
0.461985595469,0.524836973455,-0.124074421348,-1.39194932341,0.0775298204799,1.90736206763,0.154608481802,-0.0126426862713,-0.0684996383132,-0.000121440743923,-0.109136958715,-0.00475955438861,0.0441880192691,-0.0175175550067,0.574125621875,0.818752769201,0.00210241128553,0.0,0.818709532296,-0.574064317924,-0.0120667939114,0.0,-0.00867296861125,0.00864928624426,-0.999924981918,0.0,0.657470639176,0.255398787913,0.303371312681,1.0,-0.01308,-0.0171908571429,0.655
0.461841739966,0.523715778888,-0.124082949769,-1.39374365723,0.0774168937919,1.90800595296,0.154366871123,-0.0146562069566,-0.0726755402342,-0.000401595214981,-0.114248321854,-0.00752403892661,0.0364309847045,-0.0130809865901,0.574117472494,0.818758558587,0.00207302173432,0.0,0.818714951387,-0.574056309168,-0.0120801151326,0.0,-0.00870083396594,0.00863278526368,-0.999924882432,0.0,0.657251573151,0.255126431868,0.303361701571,1.0,-0.0134,-0.0176114285714,0.671
0.461677914913,0.522420442221,-0.124081237997,-1.39579789262,0.077292755375,1.90880636869,0.154090880482,-0.00954964937637,-0.0684422378162,0.000325571262044,-0.116994214386,-0.00500345134418,0.0465173491927,-0.0221120928094,0.574101361454,0.818769770316,0.00210639367612,0.0,0.818726611715,-0.574040069825,-0.0120615258624,0.0,-0.00866662524645,0.00864926550134,-0.999925037097,0.0,0.657009940602,0.254827144297,0.303363727296,1.0,-0.01376,-0.0180845714286,0.689
0.461514394587,0.521175335386,-0.12408368489,-1.39778184595,0.0771735832178,1.90957185834,0.153824928514,-0.00969953080006,-0.0734792058013,0.000421550075392,-0.119999038462,-0.010223745799,0.0464463449939,-0.0181804908145,0.574093403928,0.818775297151,0.00212679191426,0.0,0.818732416893,-0.574032038534,-0.012049695727,0.0,-0.00864531295045,0.00865909103475,-0.999925136551,0.0,0.656776463719,0.254531797976,0.303360658177,1.0,-0.0141,-0.0185314285714,0.706
0.461355277773,0.519958527427,-0.124087268805,-1.39971054286,0.0770494749064,1.91027754128,0.153567646536,-0.00964774409916,-0.0732824862386,0.000918513350126,-0.122323672625,-0.011033175781,0.0445258409344,-0.0169216207441,0.57408483986,0.818781328943,0.00211634563567,0.0,0.818738344906,-0.574023552533,-0.0120511667204,0.0,-0.00865260465195,0.008651292004,-0.999925140988,0.0,0.656542071578,0.254240103095,0.303358494475,1.0,-0.01442,-0.018952,0.722
0.46117889585,0.518598847674,-0.124093602055,-1.40178341698,0.0769194382403,1.91101765783,0.153285234268,-0.00732287907111,-0.0805555533721,-7.86030190291e-05,-0.12264977987,-0.00501919029456,0.0399972902967,-0.0181038267717,0.574077366967,0.818786513965,0.00213733183191,0.0,0.818743804448,-0.574015992226,-0.0120403591392,0.0,-0.00863178722288,0.00866219164139,-0.999925226547,0.0,0.656288897278,0.253921676947,0.303390667677,1.0,-0.01476,-0.0193988571429,0.739
0.46100019103,0.517258167933,-0.124094692147,-1.40392218229,0.0767734500237,1.91178592684,0.152987922559,-0.00810022515863,-0.0817994461834,0.00143411528973,-0.128076520859,-0.0103656327823,0.0426991550079,-0.0179038042261,0.574054779509,0.818802439326,0.00210294493599,0.0,0.818759349787,-0.573993622345,-0.0120497113892,0.0,-0.00865942281797,0.00863916657383,-0.9999251868,0.0,0.65602473735,0.253596116705,0.303380050487,1.0,-0.0151,-0.0198457142857,0.756
0.460821937008,0.515978327148,-0.124103189365,-1.40594141567,0.076654601446,1.91254513871,0.15270769209,-0.00907917280779,-0.082354158942,-0.000557915876474,-0.126054156002,-0.00906983801061,0.053733657145,-0.0186376586817,0.574052146418,0.818804244063,0.00211896179674,0.0,0.818761349843,-0.573990907823,-0.0120431159072,0.0,-0.00864485605144,0.00864846706682,-0.999925232446,0.0,0.655784843651,0.253283678194,0.303382735491,1.0,-0.01542,-0.0202662857143,0.772
0.460609608392,0.514426633148,-0.124112090503,-1.40843620749,0.0765028074973,1.91345674724,0.152372758499,-0.013267311702,-0.0805719168863,-0.00152794956675,-0.135527064331,-0.0124055761994,0.0433607957071,-0.00844395679374,0.574048622928,0.818806791141,0.00208906594149,0.0,0.818763476058,-0.573987481569,-0.0120618479718,0.0,-0.00867739240115,0.00863470435499,-0.999925069564,0.0,0.655479306941,0.252900900423,0.303362502652,1.0,-0.0158,-0.0207657142857,0.791
0.460425143934,0.513111026825,-0.12411528587,-1.41057734325,0.0763760156981,1.91419695445,0.152075361582,-0.00897137050076,-0.0813410137622,-0.00077842214532,-0.138240600631,-0.0117418759982,0.0518532672146,-0.0264585072972,0.574036477549,0.818815483065,0.00201842437518,0.0,0.818771091891,-0.573975491911,-0.0121153072839,0.0,-0.0087618437552,0.0086074215668,-0.999924568349,0.0,0.655206723,0.252571112188,0.303329636786,1.0,-0.01612,-0.0211862857143,0.807
0.460242953979,0.511852953502,-0.124120984858,-1.41258982584,0.076256710027,1.91492602901,0.151789158117,-0.0127433980476,-0.0787011533927,-0.0017347978674,-0.133194029585,-0.00863107666971,0.0595498217145,-0.0138072712113,0.574028591593,0.818821063459,0.00199724057004,0.0,0.818776321875,-0.573967628016,-0.0121343985333,0.0,-0.00878971890827,0.00860095058271,-0.999924379386,0.0,0.654959873478,0.252256339568,0.303316412474,1.0,-0.01642,-0.0215805714286,0.822
0.460024971172,0.510301896256,-0.124121299808,-1.41505442473,0.0760989470484,1.9158607841,0.151437783132,-0.0174867028335,-0.0870170577121,0.000331168637815,-0.131983124843,-0.00872875920612,0.0555082613068,-0.0191858107299,0.574005857185,0.818836971189,0.00200933608648,0.0,0.81879243903,-0.573944893514,-0.0121222067573,0.0,-0.00877303178711,0.00860361252196,-0.999924503033,0.0,0.654663085532,0.251879255357,0.303310364644,1.0,-0.01678,-0.0220537142857,0.84
0.459820033786,0.508789105919,-0.124117309699,-1.41742171716,0.0759504821456,1.91671639571,0.151106470494,-0.0183978381613,-0.0880302563806,0.00151625660363,-0.141421482698,-0.0113723673732,0.05350719708,-0.0202792043422,0.573982485974,0.818853352845,0.00200978364408,0.0,0.818808764469,-0.57392146245,-0.0121288527756,0.0,-0.00877846280585,0.00860754325248,-0.999924421539,0.0,0.65436692608,0.251520540308,0.303316281545,1.0,-0.01712,-0.0225005714286,0.857
0.45962155054,0.507369513156,-0.124130195575,-1.41967706494,0.0758036525467,1.91753262299,0.150794932075,-0.0146197287527,-0.0898545596915,-0.000521893705892,-0.137718346229,-0.0154169452555,0.0518426677813,-0.0188304367892,0.573976301154,0.818857748054,0.001985211937,0.0,0.818812903729,-0.57391545065,-0.0121338820421,0.0,-0.00879674888537,0.00859024327263,-0.999924409608,0.0,0.654088379434,0.251165924182,0.303306935239,1.0,-0.01744,-0.0229211428571,0.873
0.45940445894,0.505796559411,-0.124132050219,-1.42212134624,0.0756515886858,1.91844680865,0.150467076313,-0.0100713152173,-0.0925245264018,0.000540073306878,-0.140247867081,-0.011750200083,0.0586727765927,-0.0173294352549,0.573972296653,0.818860471593,0.00201931636127,0.0,0.818816077137,-0.573911300609,-0.0121160123934,0.0,-0.00876258384992,0.00860786988932,-0.999924558004,0.0,0.653789718145,0.250791014357,0.303322500783,1.0,-0.01778,-0.023368,0.89
0.459180879022,0.504142270131,-0.124135151987,-1.42459617009,0.0754978016973,1.91939190245,0.150113322257,-0.0130830879399,-0.0983330426676,0.000468133408249,-0.142893527531,-0.0124213560424,0.0445250507038,-0.0170985489147,0.573953983325,0.818873043535,0.00212379332758,0.0,0.818830067971,-0.573892592224,-0.0120565035413,0.0,-0.00865408310905,0.00865907078121,-0.999925060861,0.0,0.653493019374,0.250410458595,0.303382394443,1.0,-0.01812,-0.0238148571429,0.907
0.458952930968,0.502461794972,-0.124140857015,-1.42707270633,0.0753415672306,1.92033636487,0.149770994531,-0.0123742500011,-0.101676750936,0.000701199851288,-0.144345710628,-0.00776647485215,0.0592108875623,-0.0257596578523,0.573949344145,0.818875965559,0.00224728423282,0.0,0.818834694101,-0.573887531499,-0.0119829807588,0.0,-0.0085230506333,0.00871794609221,-0.99992567475,0.0,0.653197215472,0.250025326946,0.303459101109,1.0,-0.01846,-0.0242617142857,0.924
0.458718868982,0.500736250461,-0.124144071527,-1.42965545508,0.0751782262304,1.92123480137,0.149417481118,-0.0152878162351,-0.101897737951,-0.00185648680773,-0.157324389543,-0.00932560051688,0.0558133283326,-0.0183274688902,0.573941265062,0.818881528805,0.0022831867195,0.0,0.818840666569,-0.573879246285,-0.0119716480375,0.0,-0.00849325149499,0.0087407572415,-0.999925729163,0.0,0.652868029666,0.249621630906,0.3035120034,1.0,-0.0188,-0.0247085714286,0.941
0.458475726014,0.499041684267,-0.124141540554,-1.43226383422,0.0750108233914,1.92219155233,0.149048085818,-0.0120175414646,-0.100618140879,-0.00127196069269,-0.1546501812,-0.0112324604589,0.0552734335368,-0.0217876472968,0.573923593036,0.818893819043,0.00231719466987,0.0,0.818853396711,-0.573861435168,-0.0119546987804,0.0,-0.00846004316299,0.00875869503598,-0.999925853717,0.0,0.652543528541,0.249215268508,0.303535383753,1.0,-0.01914,-0.0251554285714,0.958
0.458185952948,0.497154504969,-0.124141540552,-1.43522446771,0.0748278315902,1.92328266804,0.14860308004,-0.0156057862517,-0.0999710037166,0.00610585530857,-0.153219945526,-0.0153943763084,0.0564267511926,-0.0239890114617,0.573897337537,0.818912178211,0.00233179059054,0.0,0.818871887242,-0.573835063173,-0.0119540561678,0.0,-0.00845142169003,0.0087700076188,-0.999925827468,0.0,0.652177547024,0.248744477641,0.303536492596,1.0,-0.01952,-0.0256548571429,0.977
0.457969105229,0.495788794613,-0.124142255063,-1.43745587189,0.0746921756729,1.92404358415,0.148287640121,-0.0153983418357,-0.0994627582396,-0.00115528751187,-0.159610387733,-0.0111233977609,0.0577241393544,-0.0203528707427,0.573893057392,0.818915421201,0.00224465992427,0.0,0.81887381525,-0.573830955902,-0.0120189703423,0.0,-0.00855462951337,0.00873586506504,-0.999925248694,0.0,0.651886541389,0.248385920181,0.303492138993,1.0,-0.0198,-0.0260228571429,0.991
0.457692038945,0.494096988763,-0.124144879676,-1.44021086848,0.0745145345495,1.92501213034,0.147903074084,-0.0180666227698,-0.101946644088,-0.000700763743721,-0.163998719323,-0.0146293624144,0.0513962839179,-0.0163077648298,0.573897425508,0.818912589166,0.00215944474471,0.0,0.818869793447,-0.57383560331,-0.0120709839973,0.0,-0.008646080945,0.00869597813601,-0.999924809797,0.0,0.651535258355,0.247936646111,0.303443275896,1.0,-0.024604,-0.0323366857143,1.008
0.457399872881,0.491762297513,-0.124228894105,-1.44370615438,0.0743305888686,1.92633730019,0.147388913288,-0.0176644886497,-0.162245691674,0.0025413851462,-0.242722852934,-0.0114351597075,0.0913912835554,-0.0341078259156,0.573902549151,0.818908618865,0.00229889719351,0.0,0.81886775955,-0.573840263238,-0.0119871413814,0.0,-0.00849733722214,0.00876211248789,-0.999925507548,0.0,0.651113173743,0.247373546922,0.303521860761,1.0,-0.0351731428571,-0.0462275591837,1.024
0.456962324117,0.488522191508,-0.1242532322,-1.44891371383,0.0740569550767,1.92829112784,0.146608405406,-0.0292601252925,-0.208349510887,0.000111761846975,-0.33716086839,-0.0168490605441,0.122164363136,-0.05220679259,0.573826488458,0.818961900823,0.00230500428031,0.0,0.818920707903,-0.573763761186,-0.0120319332934,0.0,-0.00853133128969,0.00879202704183,-0.999924955508,0.0,0.650447934218,0.246588174198,0.303466640469,1.0,-0.0464028571429,-0.0609866122449,1.041
0.456242803694,0.483679938962,-0.124366184319,-1.45649785296,0.0735954884108,1.93111747125,0.14544732985,-0.0379808436773,-0.271703456029,-0.00781636439467,-0.43240493356,-0.02966482276,0.155923542701,-0.0694453094908,0.57379723333,0.818982254981,0.00235540872451,0.0,0.81894201594,-0.573734610542,-0.0119715535704,0.0,-0.00845327318319,0.0087983568822,-0.999925562774,0.0,0.649511044847,0.245336589757,0.303467862869,1.0,-0.0589537142857,-0.0774820244898,1.06
0.455576560059,0.479375594635,-0.124488911465,-1.4633689342,0.0731873736756,1.93347658965,0.144418259363,-0.0496313447973,-0.322058898949,-0.00605945892949,-0.512087311695,-0.031264987033,0.167610717232,-0.0804579357066,0.573814471885,0.818970692286,0.00216885514204,0.0,0.818927906614,-0.573752506665,-0.0120785664074,0.0,-0.00864777231454,0.00870715984519,-0.999924697866,0.0,0.648618448239,0.24416962729,0.30339038546,1.0,-0.0682017142857,-0.0896365387755,1.074
0.454596074615,0.473222143324,-0.124623890537,-1.47294528296,0.0726076447363,1.93686513128,0.143032103613,-0.0646879990052,-0.377482626391,-0.00657291119094,-0.599825379293,-0.0350551950942,0.207576797915,-0.0852475352736,0.573886202329,0.818920536835,0.00212791620799,0.0,0.818877187086,-0.573824374131,-0.0121031823889,0.0,-0.00869066175525,0.00868851869692,-0.99992448817,0.0,0.647389933613,0.242539267737,0.303389139483,1.0,-0.0794314285714,-0.104395591837,1.091
0.453392059574,0.465714316302,-0.124741228503,-1.48434253384,0.0719411364538,1.94113016164,0.14123670769,-0.0691124131249,-0.439990216875,-0.00998907032592,-0.670911434949,-0.0385737699023,0.243506284384,-0.105908714843,0.573851313695,0.818944076424,0.00245282734811,0.0,0.818904941071,-0.573788119794,-0.0119431141166,0.0,-0.00837350058347,0.00886237478858,-0.999925668638,0.0,0.64595629901,0.240624238046,0.303521452257,1.0,-0.0913217142857,-0.12002282449,1.109
0.452097036495,0.458269905839,-0.124792445954,-1.49592144923,0.0712027385822,1.94517556649,0.139453463081,-0.0832471065302,-0.483143265034,-0.0100538069668,-0.754073217186,-0.047512094698,0.258639645637,-0.109863848149,0.57382897541,0.81895995744,0.00237528757335,0.0,0.818919422797,-0.573765689548,-0.0120274421572,0.0,-0.00848729841155,0.00884703427123,-0.999924845051,0.0,0.644418988913,0.238645348729,0.303489848504,1.0,-0.101890857143,-0.133913697959,1.125
0.450549144758,0.44940110019,-0.124960748221,-1.50942283319,0.0702691876785,1.94992066343,0.13731754466,-0.0933514873308,-0.550111855297,-0.0133225394781,-0.795172074175,-0.0584483678524,0.309997092591,-0.130309698997,0.573832660489,0.818957267757,0.00241210377381,0.0,0.818917898309,-0.57376994313,-0.0119279122257,0.0,-0.00838461919115,0.00882011037394,-0.999925949165,0.0,0.64264326313,0.236247465638,0.30357037206,1.0,-0.113120571429,-0.14867275102,1.142
0.448729564785,0.439163363562,-0.125056910168,-1.52506970002,0.0692567989262,1.95538179541,0.13489878736,-0.107260848867,-0.589117713928,-0.00439023220358,-0.901083816464,-0.0660014154402,0.301052665637,-0.146164219336,0.573836025778,0.818954789924,0.00245244403707,0.0,0.818915565765,-0.573772746695,-0.011953166902,0.0,-0.00838211911965,0.00886767311681,-0.999925549455,0.0,0.64051680255,0.233525504266,0.303606673186,1.0,-0.125010857143,-0.164299983673,1.16
0.447017438465,0.429854203958,-0.125156897266,-1.53897515591,0.0683259699046,1.9603169094,0.132596727435,-0.115867024167,-0.636142456587,-0.00136211892157,-0.946797237878,-0.0584033872201,0.330345673416,-0.148855195203,0.573777929033,0.818994642501,0.00272224367054,0.0,0.818959077381,-0.573713786856,-0.0118011545186,0.0,-0.00810344961762,0.00900082145842,-0.999926656969,0.0,0.638639136337,0.231047169209,0.303767769219,1.0,-0.134919428571,-0.177322677551,1.175
0.444717161354,0.418031470047,-0.125284769264,-1.55686646966,0.0670570476589,1.96649060712,0.129634088394,-0.138199058868,-0.666135121742,-0.0172349535685,-0.995857525881,-0.0632068063795,0.343988637284,-0.158543652404,0.573725631089,0.819031230554,0.00273687962323,0.0,0.818996197968,-0.573661823706,-0.0117510270904,0.0,-0.00805456989764,0.00898353239994,-0.999927207375,0.0,0.636298576141,0.227967401554,0.303813238995,1.0,-0.146149142857,-0.192081730612,1.192
0.442315380307,0.406037326787,-0.125411929515,-1.57487708378,0.0657874564411,1.97279943678,0.126630199671,-0.144949627278,-0.722211136647,-0.00698115633657,-1.09047871548,-0.0723444880658,0.372403438283,-0.184526403833,0.573725682683,0.819030404086,0.00296396929314,0.0,0.818998575334,-0.573661387064,-0.011605752615,0.0,-0.00780529979428,0.00908617990763,-0.999928256741,0.0,0.633642345879,0.224466456795,0.303917157197,1.0,-0.158039428571,-0.207708963265,1.21
0.439950122298,0.394789950513,-0.125536825504,-1.59161236351,0.0646518509862,1.97849982459,0.123775751823,-0.161429471644,-0.76051370792,-0.00753803639118,-1.13384588529,-0.0828123508961,0.391763071524,-0.192131818921,0.573768724803,0.818999579975,0.00314409617457,0.0,0.818969732175,-0.573703424006,-0.0115631296116,0.0,-0.00766656715949,0.00920965904847,-0.999928200387,0.0,0.631251141755,0.221306842148,0.304025957405,1.0,-0.167948,-0.220731657143,1.225
0.437047996524,0.381528239975,-0.12566506309,-1.61159607198,0.063125341148,1.98512187395,0.12023518624,-0.181601249501,-0.820276290396,-0.0130303375702,-1.17957362265,-0.0894017829334,0.408582997534,-0.214322811938,0.573682461948,0.819060474247,0.00301981473489,0.0,0.819029411016,-0.573618038878,-0.0115722196123,0.0,-0.0077462766176,0.00911227196057,-0.999928478291,0.0,0.628140866056,0.217240921068,0.304001825032,1.0,-0.179838285714,-0.236358889796,1.243
0.433648817814,0.366730126564,-0.125815239477,-1.63376649981,0.0614646898411,1.99244923336,0.116318808847,-0.19998873986,-0.852495899797,-0.00694248040693,-1.24259290007,-0.0927114911545,0.397092923282,-0.214420243271,0.573705734679,0.819044629483,0.00289340856381,0.0,0.819011703972,-0.573641467824,-0.0116637065863,0.0,-0.00789346907754,0.0090614452952,-0.99992778907,0.0,0.624993363543,0.213141025881,0.303945098487,1.0,-0.191068,-0.251117942857,1.26
0.430294203021,0.35291327542,-0.126018791269,-1.65423392202,0.0598640292147,1.99918639474,0.112545575718,-0.21910888922,-0.84631644689,-0.014933878195,-1.32276048894,-0.0991632660524,0.417760656101,-0.242873650693,0.573773974718,0.81899685772,0.00288442043716,0.0,0.81896432443,-0.57371031361,-0.0116042350186,0.0,-0.00784916138354,0.00902061915972,-0.999928506992,0.0,0.621913363172,0.208981367852,0.303958907421,1.0,-0.201637142857,-0.265008816327,1.276
0.42642323681,0.33755336322,-0.126197145129,-1.67665148572,0.0581783058209,2.00647235545,0.108274114885,-0.235068832035,-0.891989138476,-0.00649011480662,-1.35917292923,-0.105304118007,0.440048644487,-0.259474966673,0.573848019906,0.818944476282,0.00302352754694,0.0,0.818913348317,-0.573783430433,-0.0115866219905,0.0,-0.00775409936048,0.00912514284114,-0.999928300285,0.0,0.618247449317,0.204085260778,0.304034115602,1.0,-0.213527428571,-0.28063604898,1.294
0.422361249304,0.321647025309,-0.126326634118,-1.69986393217,0.056293828797,2.01389963174,0.103734941281,-0.239886558015,-0.944509996002,-0.00255513075518,-1.38715211281,-0.107797491086,0.429204134165,-0.271976531129,0.573733126257,0.81902473347,0.00308750734009,0.0,0.81899463354,-0.573668583775,-0.0115279280079,0.0,-0.00767059988378,0.00914278214469,-0.99992878318,0.0,0.614778526639,0.199603671755,0.304081616146,1.0,-0.224096571429,-0.294526922449,1.31
0.417942443751,0.305107237443,-0.126474145943,-1.72373030508,0.0543104296624,2.02145791679,0.0988960641434,-0.264324602043,-0.993679453211,-0.00780346050342,-1.42455442834,-0.122875393525,0.449537412444,-0.292727287804,0.573621801411,0.819102254424,0.0032050966284,0.0,0.819073962345,-0.573557260918,-0.011430641213,0.0,-0.00752470241773,0.0091822529858,-0.999929530059,0.0,0.610923904737,0.194581290417,0.304151093844,1.0,-0.235326285714,-0.30928597551,1.327
0.412822208827,0.286954191402,-0.126649840135,-1.7497410947,0.0521502773044,2.02944252538,0.0935042213003,-0.297119458551,-1.02666266722,-0.0067964929218,-1.46413123534,-0.119703401114,0.457969118409,-0.302619837963,0.573608309206,0.819111478727,0.00326189031333,0.0,0.819083639661,-0.57354325808,-0.0114398099538,0.0,-0.00749978884396,0.0092339088166,-0.999929241544,0.0,0.606613380256,0.18895582385,0.304203427775,1.0,-0.247216571429,-0.324913208163,1.345
0.407577149254,0.269275312545,-0.12683626083,-1.77495794521,0.0499937320026,2.03703570746,0.0880302713549,-0.320466396761,-1.0666554929,-0.011767990511,-1.50830456079,-0.134988070873,0.46368468225,-0.335911366167,0.573556938156,0.819147484935,0.0032532319027,0.0,0.819119274045,-0.573491600229,-0.0114780771957,0.0,-0.00753668200145,0.00924829382506,-0.99992883121,0.0,0.602340643441,0.183366199489,0.304207816308,1.0,-0.258446285714,-0.339672261224,1.362
0.402552028964,0.253264380247,-0.127050619398,-1.79756166272,0.0479868018575,2.04373184507,0.0830711117051,-0.344916366933,-1.08570208234,-0.0153120709677,-1.49903415604,-0.126083328055,0.454146441094,-0.334863594458,0.573694875405,0.819050829164,0.00326742739629,0.0,0.819022919057,-0.573629620801,-0.0114570109579,0.0,-0.00750972577199,0.00924910447185,-0.999929026524,0.0,0.598457461449,0.17817363013,0.304233303882,1.0,-0.268354857143,-0.352694955102,1.377
0.396503866005,0.234569988403,-0.127250209142,-1.82374537834,0.0456380598938,2.05126148947,0.0770078200693,-0.358407758968,-1.12210688941,-0.0111194252308,-1.5195339418,-0.137146602299,0.452986006181,-0.370218956313,0.573674254099,0.819065340477,0.00325040223156,0.0,0.819036799159,-0.573608549056,-0.0115195909263,0.0,-0.00757098492126,0.00927087026488,-0.99992836301,0.0,0.593823124126,0.172108295931,0.304245715953,1.0,-0.279584571429,-0.367454008163,1.394
