position_joint1,position_joint2,position_joint3,position_joint4,position_joint5,position_joint6,position_joint7,velocity_joint1,velocity_joint2,velocity_joint3,velocity_joint4,velocity_joint5,velocity_joint6,velocity_joint7,ee_T_00,ee_T_10,ee_T_20,ee_T_30,ee_T_01,ee_T_11,ee_T_21,ee_T_31,ee_T_02,ee_T_12,ee_T_22,ee_T_32,ee_T_03,ee_T_13,ee_T_23,ee_T_33,v_x,v_y,time
0.465066299246,0.547875760062,-0.123984951712,-1.35585003043,0.0794442052179,1.89409494369,0.159175058797,0.000870257654005,0.00113857540323,-0.00102048178629,-0.00164688525284,-0.000156089056149,0.000557135771253,-0.000522231684061,0.573808563885,0.818975698336,0.00181230455293,0.0,0.81893122504,-0.573751019211,-0.0119232340763,0.0,-0.00872519535674,0.00832596691052,-0.999927271976,0.0,0.661673770984,0.260874937853,0.303138570445,1.0,0.0,0.0,0.0
0.465066269732,0.547875898706,-0.12398958822,-1.355839451,0.0794474384813,1.89409485142,0.159172097664,0.000812891175689,0.000389516022642,-0.00021215855087,0.00172708639257,2.05791152326e-05,-0.000203537040038,-0.00160366772172,0.573809682889,0.818974893934,0.00182149118938,0.0,0.81893054511,-0.573752103776,-0.0119177430325,0.0,-0.00871541573279,0.00833035150793,-0.999927320745,0.0,0.661677067452,0.260874009299,0.303143658616,1.0,-0.00026,-0.000341714285714,0.014
0.465063090706,0.547870128387,-0.123988255333,-1.35584831469,0.079444560087,1.89409403951,0.159175606721,0.000943995452688,0.000488339466049,-0.00107671387627,0.000670422261515,-2.92910578048e-05,-0.000372332195266,-0.000306090806602,0.57381393358,0.818971924977,0.00181731391413,0.0,0.818927531724,-0.573756381157,-0.0119188828413,0.0,-0.00871870283133,0.00832762977776,-0.99992731476,0.0,0.66167571035,0.260871178345,0.303143407998,1.0,-0.00058,-0.000762285714286,0.03
0.465059627114,0.54785129855,-0.12399065328,-1.35586738673,0.0794455276523,1.89409917382,0.159174747457,0.000340750193727,0.00178854059302,-0.00104031203182,0.000378650851007,0.000293219965309,0.00115353821944,0.000917817786238,0.573819042508,0.818968334304,0.00182229639453,0.0,0.818923996407,-0.573761459274,-0.0119173344827,0.0,-0.00871452391368,0.00833087610333,-0.999927324147,0.0,0.661674261192,0.260865989148,0.303148197315,1.0,-0.0009,-0.00118285714286,0.046
0.465059457485,0.547782652994,-0.123988147674,-1.35595625129,0.0794448155695,1.89411321072,0.159177906748,0.000287714790847,-0.00419350926606,-0.000415030161204,-0.00536164989185,-0.000178594806181,0.00265375218741,6.21079787186e-05,0.57382465558,0.818964404043,0.00182111495415,0.0,0.818919970284,-0.573766999752,-0.0119272447304,0.0,-0.00872326115889,0.00833565499078,-0.999927208136,0.0,0.661658011601,0.260858517518,0.303155667411,1.0,-0.00118,-0.00155085714286,0.06
0.465054142806,0.547640249558,-0.12398536394,-1.35613509067,0.0794445807032,1.89414095833,0.159173916629,-0.000403391230007,-0.00925022172867,-0.000336142368694,-0.0130360328643,-0.00011012093919,-0.000852447596815,0.00172262862905,0.573833433996,0.81895825055,0.00182230206925,0.0,0.818913669403,-0.573775616453,-0.0119453309215,0.0,-0.00873730304075,0.00834709904473,-0.999926990071,0.0,0.661627067453,0.26083909983,0.303173744924,1.0,-0.00152,-0.00199771428571,0.077
0.465034309439,0.547478717652,-0.123982858286,-1.35636455322,0.0794379807319,1.89423884163,0.159170600918,-0.000314922666357,-0.0142351993258,0.00056280231928,-0.013137757858,-2.66751896228e-05,0.00838946138149,0.00122942745058,0.573856379867,0.818942105845,0.00185188050952,0.0,0.818897848261,-0.573798374598,-0.0119367635299,0.0,-0.00871307998961,0.008366649955,-0.999927038041,0.0,0.661603214181,0.260807896688,0.303187362076,1.0,-0.0019,-0.00249714285714,0.096
0.465011569706,0.547316521231,-0.123980457295,-1.35655342386,0.0794364568167,1.89434965621,0.159155938554,-0.00309471268757,-0.0110604005212,0.0015021742928,-0.0154185673223,6.09718699526e-05,0.00747841704962,0.000267530911735,0.573871707213,0.818931187645,0.00192885038062,0.0,0.818887884966,-0.57381333124,-0.0119012456781,0.0,-0.0086396675356,0.00840946229205,-0.999927315903,0.0,0.661591764533,0.260781249501,0.30322189876,1.0,-0.0022,-0.00289142857143,0.111
0.464991668544,0.547108697124,-0.123980353604,-1.35680894967,0.0794336740776,1.89448077751,0.159143221912,-0.00109529977484,-0.0117211975607,6.35647887338e-05,-0.0134232319731,0.000129679396531,0.0125452038572,-9.5924522529e-05,0.573891263377,0.818917297169,0.00200626979722,0.0,0.818874936931,-0.573832502788,-0.0118677424729,0.0,-0.00856760172326,0.0084538405375,-0.999927561767,0.0,0.661570130641,0.260749011643,0.303258860448,1.0,-0.00254,-0.00333828571429,0.128
0.464951189063,0.54688153061,-0.123983103245,-1.35715776287,0.0794248180877,1.89461485997,0.159122359708,-0.000946699973208,-0.0164521685715,-0.000291912239429,-0.0208244472673,-1.49657057708e-05,0.00790560131891,0.00115986191737,0.573926452341,0.818892596315,0.00202235155077,0.0,0.818850355849,-0.573867533608,-0.0118699409312,0.0,-0.00855980965357,0.00846863942268,-0.999927503275,0.0,0.661534532499,0.260689891687,0.303265451994,1.0,-0.00288,-0.00378514285714,0.145
0.464918961354,0.546627927542,-0.123982867035,-1.35752944939,0.0794147621179,1.89475005454,0.159010841461,-0.00195936516173,-0.0224205846693,0.000644274832524,-0.0289250183383,-0.00048942559733,0.0108182549288,-0.0097004842175,0.573879444203,0.818925484221,0.00204492419488,0.0,0.818883413262,-0.573820316472,-0.0118721013281,0.0,-0.00854911187703,0.00848787283409,-0.999927431717,0.0,0.661491814538,0.260635474191,0.303279862037,1.0,-0.0032,-0.00420571428571,0.161
0.464869629276,0.546300854215,-0.123983514801,-1.35803812887,0.0793943048704,1.89492758648,0.158938956066,-0.000767739781273,-0.022677411347,0.00108353121572,-0.0252061394401,-0.00150081643215,0.00935634229942,-0.00185608770091,0.573884375016,0.818922023005,0.00204725469081,0.0,0.818879874511,-0.573825130112,-0.0118835211121,0.0,-0.00855707571043,0.00849638633247,-0.999927291294,0.0,0.661433246211,0.260555121558,0.303284767182,1.0,-0.00358,-0.00470514285714,0.18
0.464829143593,0.546016481253,-0.123988307792,-1.35854369628,0.0793642060018,1.89510413686,0.158913195139,-0.00301389570727,-0.0194451067128,0.0013570055016,-0.0293117150811,-0.000361736786985,0.0083002013715,0.000118519952251,0.57391695728,0.818899267584,0.00201558884697,0.0,0.81885670218,-0.573857833193,-0.0119010705425,0.0,-0.00858928187264,0.00848086791327,-0.999927146904,0.0,0.661369672327,0.260472344199,0.303268386471,1.0,-0.00392,-0.005152,0.197
0.464767435967,0.545691396551,-0.123983778231,-1.35910137251,0.0792675238319,1.89529004266,0.158806887334,-0.00229880744047,-0.0159634412661,-0.00280969908481,-0.0335491437061,-0.00174490247042,0.0172620494886,-0.00973382357276,0.573885740572,0.818921342437,0.00193353825915,0.0,0.818878231838,-0.573827471122,-0.0118836740563,0.0,-0.00862244295047,0.0084033652682,-0.999927515838,0.0,0.661311199601,0.26037323555,0.303241484232,1.0,-0.00422,-0.00554628571429,0.212
0.464711642026,0.545297387119,-0.123991718395,-1.35978463209,0.0792449312528,1.89550741226,0.158741378588,-0.0027261782675,-0.0212633701133,-0.000348991518298,-0.0403805211856,-0.000303314368348,0.0131315521881,-0.000252871097426,0.573915306464,0.818900746334,0.00188030882373,0.0,0.81885675925,-0.573857077698,-0.0119335286785,0.0,-0.00869351439155,0.00838869986697,-0.999927023598,0.0,0.661225534009,0.260266900394,0.303214315096,1.0,-0.00456,-0.00599314285714,0.229
0.464644622653,0.544874465795,-0.123986737671,-1.36048806814,0.0792219139767,1.89574778212,0.158657070377,-0.00222641291888,-0.0221354980855,-1.72005237842e-05,-0.0390127301472,-0.00360721961261,0.00986173377826,-0.00709233566967,0.573930696492,0.818890011771,0.00185772632534,0.0,0.818845491334,-0.573872331641,-0.0119731031866,0.0,-0.00873872511903,0.00839308386955,-0.999926592719,0.0,0.661140482987,0.260160112823,0.303199541601,1.0,-0.0049,-0.00644,0.246
0.464580576272,0.544453082845,-0.123991489258,-1.36118916917,0.0791943918338,1.89600653929,0.15857188344,-2.22314578837e-05,-0.0270589840807,0.000767909920084,-0.0440815513938,-0.00111175286732,0.0165420654689,-0.00794556928697,0.573948520996,0.81887754603,0.00184573959586,0.0,0.818832748456,-0.573890089511,-0.0119934197829,0.0,-0.00876205919524,0.00839511920435,-0.999926371436,0.0,0.661061222881,0.260050436419,0.303186661737,1.0,-0.00522,-0.00686057142857,0.262
0.464511753719,0.54394834885,-0.123995280887,-1.36201212403,0.0791590055145,1.896292195,0.158448213247,-0.0047841761545,-0.0274552701147,0.000318702834873,-0.0509068174041,-0.00621790412567,0.0219987701527,-0.00646529376083,0.573942598334,0.818881743731,0.00182496665885,0.0,0.818836524881,-0.573884113888,-0.012021491154,0.0,-0.00879702963466,0.00839415683928,-0.999926072468,0.0,0.660962847987,0.259925346072,0.303177014057,1.0,-0.00556,-0.00730742857143,0.279
0.464425134358,0.543386394334,-0.12399811136,-1.36291919112,0.0791085466591,1.89660131144,0.158365809765,-0.00634247190952,-0.030604359659,-0.00070958456402,-0.0559256285306,0.000376893050766,0.0127137723227,-0.000882556887472,0.573984922582,0.818852142212,0.00179575729894,0.0,0.818806473526,-0.573926495488,-0.0120450649512,0.0,-0.00883266460121,0.00838422479706,-0.999925841656,0.0,0.660856412721,0.259778977728,0.303169735924,1.0,-0.00592,-0.00778057142857,0.297
0.464360828106,0.542886123864,-0.124002290128,-1.36369351156,0.0790531864214,1.89688730737,0.158250707788,-0.00049072661334,-0.0366455442078,-0.000348519179081,-0.0530608971749,-0.002311494727,0.0178080326737,-0.0103976299414,0.573974545867,0.818859406152,0.00180015400792,0.0,0.818813887516,-0.573916188751,-0.0120321569855,0.0,-0.00881967720261,0.00838030428974,-0.999925989158,0.0,0.660768988906,0.259659173151,0.303179958619,1.0,-0.00622,-0.00817485714286,0.312
0.464283117765,0.542264184833,-0.124004534283,-1.36467012662,0.0790017108781,1.89724361167,0.15810233174,0.00103373388688,-0.0317487917859,-0.00440675385139,-0.0538378562856,-0.00418447651228,0.0231832367904,-0.00670264138538,0.573958759098,0.818870460668,0.00180510441864,0.0,0.818824928809,-0.573900308245,-0.0120382332149,0.0,-0.0088219734464,0.00838767538361,-0.999925907098,0.0,0.660654854863,0.259514621479,0.303185940632,1.0,-0.00658,-0.008648,0.33
0.46419268262,0.541632355297,-0.124002064179,-1.3656283126,0.0789463159461,1.89759894028,0.157988782654,-0.0077949603512,-0.0347380254677,-0.000859898440391,-0.0577317913351,0.000398257352444,0.029725230115,-0.00630955238362,0.573976473913,0.818857984708,0.00183171353306,0.0,0.818812758933,-0.573917865213,-0.0120289941327,0.0,-0.0087989541801,0.00840435185838,-0.999925969897,0.0,0.660547320561,0.259366026534,0.303207347451,1.0,-0.00692,-0.00909485714286,0.347
0.464111682087,0.540998653308,-0.124005224928,-1.36659673792,0.0788882542244,1.8979616683,0.157867273643,-0.00751925379049,-0.0414311876703,-0.000666431138247,-0.0608680900226,-0.00427118617612,0.0160692967533,-0.0136424614668,0.573983715117,0.818852857015,0.0018547881556,0.0,0.818807942522,-0.573925014961,-0.0120157133212,0.0,-0.00877476080354,0.00841570107372,-0.999926087043,0.0,0.660437775458,0.25921928714,0.303225939159,1.0,-0.00724,-0.00951542857143,0.363
0.464024229793,0.540288805219,-0.124008066083,-1.36770087065,0.0788262578822,1.898360623,0.157724423094,-0.00420006771717,-0.0390996869092,-0.000129208319954,-0.0653339168466,-0.00247825521191,0.0225744750929,-0.0154895819417,0.573984856017,0.818852043845,0.00186071327304,0.0,0.81880715264,-0.573926078212,-0.01201875347,0.0,-0.00877383789552,0.00842230997256,-0.999926039497,0.0,0.660307748123,0.259055191312,0.303236800501,1.0,-0.00758,-0.00996228571429,0.38
0.463927359669,0.539547899943,-0.124008420789,-1.3688458355,0.0787578943436,1.8988025868,0.157576374754,-0.00451768938822,-0.0374805906629,-0.000419460619557,-0.0668814159048,-0.00410655251908,0.0270256819043,-0.016677764367,0.573988362428,0.81884951347,0.00189234998519,0.0,0.818805043733,-0.573929456104,-0.0120011113891,0.0,-0.00874119711941,0.00843812644599,-0.999926192024,0.0,0.660179693108,0.258883778291,0.303253699611,1.0,-0.00792,-0.0104091428571,0.397
0.463826233949,0.538833084811,-0.124013776817,-1.36994380406,0.0786911258821,1.89922685499,0.157440577046,-0.00570731713293,-0.0427161197297,0.000118469706949,-0.067276432237,-0.00134227548826,0.0247607754051,-0.0132187020902,0.574006624569,0.818836636113,0.00192489259596,0.0,0.818792637799,-0.573947622468,-0.0119787249221,0.0,-0.00870399887014,0.00845211807477,-0.999926398343,0.0,0.660060227469,0.258710960027,0.303273041764,1.0,-0.00824,-0.0108297142857,0.413
0.463707514056,0.537956101297,-0.124014803487,-1.37131780069,0.0786202082936,1.89975472292,0.157262208747,-0.00588030406717,-0.0465873022493,0.000631366052051,-0.0695600129315,-0.000461584861545,0.0329865828586,-0.0180388840003,0.574015467819,0.81883036272,0.00195619371203,0.0,0.818786678678,-0.573956240584,-0.0119731205616,0.0,-0.0086813522065,0.00847462491556,-0.99992640472,0.0,0.659905324941,0.25850477052,0.303284279406,1.0,-0.00862,-0.0113291428571,0.432
0.463606115566,0.537188321573,-0.124020508322,-1.37251765744,0.0785539846269,1.90019705202,0.157120187113,-0.00489844970177,-0.0463156016817,0.000439311027307,-0.0748587348567,-0.000110075915853,0.0293862014751,-0.00958506189034,0.57403456259,0.81881695198,0.00196646967702,0.0,0.818773358692,-0.57397524735,-0.0119728621163,0.0,-0.00867504456675,0.00848309297591,-0.999926387658,0.0,0.659766864484,0.25832150849,0.303293855722,1.0,-0.00894,-0.0117497142857,0.448
0.463507422768,0.536494183449,-0.124021789478,-1.37360845979,0.0784833419337,1.90061194355,0.156992010372,-0.00637479649619,-0.0454385041992,-4.94911955012e-05,-0.0805876112449,-0.0118651394015,0.0247077957184,-0.012070562419,0.574052467497,0.818804371774,0.00197793441977,0.0,0.818760981949,-0.573993154631,-0.0119607598373,0.0,-0.00865836832771,0.00848572260198,-0.999926509885,0.0,0.6596445832,0.258152014681,0.303300686726,1.0,-0.00922,-0.0121177142857,0.462
0.463382397134,0.535514514874,-0.124032858369,-1.37515920664,0.0783907438832,1.90117146965,0.156802222667,-0.00588843063761,-0.0570356898989,-0.00146702909736,-0.0812788518999,-0.00820977885371,0.0271482290978,-0.0121035237099,0.574067490059,0.818793869122,0.0019656162631,0.0,0.818750324688,-0.57400823299,-0.0119666697138,0.0,-0.00867012280424,0.00847918825121,-0.999926463465,0.0,0.659461873395,0.257914902143,0.303302849762,1.0,-0.0096,-0.0126171428571,0.481
0.463258183142,0.53462708624,-0.124035730902,-1.37660938176,0.0783214791475,1.9016972507,0.15661876715,-0.0057176774984,-0.0474829401893,-0.00156044061162,-0.0886305792745,-0.0111870873253,0.0335793062578,-0.0117727027684,0.574081967197,0.818783774222,0.00194239820161,0.0,0.818739735179,-0.574022619623,-0.0120010458148,0.0,-0.00871144880517,0.00848006584651,-0.999926096841,0.0,0.659289591621,0.257695301671,0.303284451535,1.0,-0.00994,-0.013064,0.498
0.463136338711,0.533769347379,-0.124033244915,-1.37798930954,0.0782347051955,1.90220561636,0.156448369394,-0.0103277532625,-0.052634514624,0.0011369511648,-0.0839177959742,-0.00883397716235,0.0367574907183,-0.00455901260047,0.57409271679,0.818776270635,0.00192823083614,0.0,0.81873204183,-0.574033423669,-0.0120091253972,0.0,-0.00872608596198,0.00847321893085,-0.999926027256,0.0,0.659128176359,0.257484344351,0.303276645613,1.0,-0.01026,-0.0134845714286,0.514
0.462998500145,0.532765357931,-0.124033618151,-1.37959697472,0.0781502360561,1.90282271535,0.156255424202,-0.000150171642704,-0.057065499361,0.00106878945337,-0.0924899062809,-0.0015319623318,0.0411227694227,-0.00929331065728,0.574113245272,0.818761838551,0.0019442831983,0.0,0.818717713323,-0.574053777909,-0.0120130287964,0.0,-0.00871985431279,0.00848882147813,-0.999925949284,0.0,0.658943557075,0.257243826521,0.303272945957,1.0,-0.01062,-0.0139577142857,0.532
0.462863682179,0.531774255513,-0.124037065016,-1.3811649295,0.0780520131587,1.90338969239,0.156044554775,-0.0134057643206,-0.0572867871588,0.000505683909611,-0.0923635823165,-0.00299493851575,0.0368714460323,-0.00896520671238,0.574112432527,0.818762435107,0.00193302270204,0.0,0.818718168968,-0.574053019404,-0.0120182201949,0.0,-0.00873057780446,0.00848257375378,-0.999925908732,0.0,0.658758087371,0.257002484867,0.303274552924,1.0,-0.01096,-0.0144045714286,0.549
0.462738645654,0.530825349471,-0.124037180455,-1.38271099697,0.077951185203,1.9039395857,0.15584342728,-0.00983205079004,-0.0609808284592,-0.000248526919438,-0.0993189876502,-0.00815720859372,0.0390641868518,-0.0121733080955,0.574107137718,0.81876625256,0.00188811859379,0.0,0.818721408355,-0.574047926967,-0.0120407619047,0.0,-0.00877486788144,0.00845869332335,-0.999925723342,0.0,0.658569638686,0.256770016601,0.303255047818,1.0,-0.01128,-0.0148251428571,0.565
0.462596680608,0.529783895022,-0.124042478947,-1.38435212457,0.0778566527587,1.90453203224,0.155623233896,-0.00603480584801,-0.056175581235,-0.000817467665688,-0.0962011233116,-0.0106167268953,0.0323540455051,-0.0121899130521,0.574110472404,0.81876392526,0.00188336665803,0.0,0.818718954961,-0.574051220204,-0.0120505714364,0.0,-0.00878559339267,0.00846047013244,-0.99992561413,0.0,0.658374669426,0.256517242335,0.303259145067,1.0,-0.01162,-0.015272,0.582
0.462461275211,0.52871170276,-0.1240435427,-1.38603907244,0.0777404025617,1.90517234149,0.155397099047,-0.0100207581692,-0.0599572964626,0.000415396813646,-0.100473805988,-0.00836556168374,0.0409855265008,-0.00968666167873,0.574097163122,0.818773228767,0.00189579827695,0.0,0.818728553049,-0.574037986152,-0.0120288726909,0.0,-0.00876082737958,0.00845804871121,-0.999925851909,0.0,0.65817742093,0.256265980685,0.303266813303,1.0,-0.01196,-0.0157188571429,0.599
0.462332561095,0.527651696802,-0.124043651987,-1.38765535948,0.0776450606733,1.90580204303,0.155169601524,-0.0047469382201,-0.0698126812126,-0.000461956305048,-0.102542454213,-0.0107753728784,0.0448999582279,-0.0132956121705,0.574078309575,0.818786299622,0.00195880814591,0.0,0.818742446669,-0.57401886528,-0.011995633633,0.0,-0.00869763510115,0.00849035591788,-0.999926129772,0.0,0.657990733733,0.256030572266,0.303298335402,1.0,-0.01228,-0.0161394285714,0.615
0.462180535273,0.526486130228,-0.12404676936,-1.38943591273,0.0775399167707,1.90647160514,0.154920513168,-0.0109970715817,-0.0716348190681,0.00108890412232,-0.104260555994,-0.00720490944291,0.0325856783307,-0.0183960868639,0.574068873285,0.818792801281,0.00200604009048,0.0,0.818749546212,-0.574009212807,-0.0119729316235,0.0,-0.00865203130876,0.00851589573815,-0.999926308222,0.0,0.657782974143,0.255761122336,0.303329242958,1.0,-0.01262,-0.0165862857143,0.632
0.462036981362,0.525305501687,-0.124052231526,-1.39127657983,0.0774214756577,1.90713523373,0.154684574571,-0.0111313676299,-0.068908737575,0.000261389288362,-0.108122732716,-0.00354187009136,0.0396697818272,-0.0104110838026,0.574064143169,0.818796121823,0.00200432428306,0.0,0.8187528808,-0.574004526325,-0.0119695798187,0.0,-0.0086503208702,0.00851251675587,-0.999926351792,0.0,0.657558836435,0.255486450667,0.303341383008,1.0,-0.01296,-0.0170331428571,0.649
0.46189108578,0.524208408105,-0.124058176098,-1.39305441011,0.0773094259079,1.90776530695,0.154442763777,-0.0118735039552,-0.0685539168738,0.000125590877562,-0.114127023173,-0.0053107869772,0.0442782393456,-0.0139276965819,0.574054988445,0.818802654135,0.00195722327258,0.0,0.818758791763,-0.573995564776,-0.0119949751204,0.0,-0.00869824745532,0.00848843249462,-0.999926140775,0.0,0.657340339622,0.255215112124,0.303321533036,1.0,-0.01328,-0.0174537142857,0.665
0.461741881299,0.522998875039,-0.124061003407,-1.39498048298,0.077189364043,1.90850000615,0.154180891534,-0.00604993601412,-0.0689493347563,-0.000720357257306,-0.114505384268,-0.00370099940943,0.0420844249681,-0.010228666231,0.574035778771,0.818816094937,0.00196831524071,0.0,0.818772416525,-0.573976348804,-0.0119844838181,0.0,-0.00868348902869,0.00849128821142,-0.999926244801,0.0,0.657110821555,0.254933098126,0.303318846098,1.0,-0.01362,-0.0179005714286,0.682
0.461577566365,0.521756230451,-0.124062033903,-1.39693402301,0.0770747130217,1.90925847812,0.153912385386,-0.0133830403311,-0.0702995076191,-0.00277571211277,-0.112966191121,-0.00818025434005,0.0414546627122,-0.0196235122169,0.57402500785,0.818823547814,0.00200868362462,0.0,0.818780382785,-0.573965396458,-0.0119647539059,0.0,-0.00864427377802,0.00851290260155,-0.999926400802,0.0,0.656882959425,0.254641883196,0.303328023187,1.0,-0.01396,-0.0183474285714,0.699
0.461413523242,0.520568767539,-0.124064191082,-1.39885201954,0.0769562563677,1.90996772004,0.153648501432,-0.0114428522815,-0.0743606853598,-0.000334907138698,-0.121311480431,-0.00633830180901,0.0424966652115,-0.0203661304976,0.574015169136,0.818830496427,0.00198761754413,0.0,0.8187870458,-0.573955636748,-0.0119769602289,0.0,-0.00866646285306,0.00850255604924,-0.999926296765,0.0,0.656651922227,0.254349807972,0.303310803602,1.0,-0.01428,-0.018768,0.715
0.461233834139,0.519159961238,-0.124071207155,-1.40103205845,0.0768107663788,1.91075168652,0.153373149275,-0.0108210219643,-0.0752996637235,-0.000829710539836,-0.125142103088,-0.015598297141,0.0418204638816,-0.0166835002945,0.574018219035,0.818828351644,0.00199039216131,0.0,0.818785022932,-0.573958758743,-0.0119656335332,0.0,-0.00865556361447,0.00849835856154,-0.999926426854,0.0,0.656385586285,0.254017225243,0.303330477048,1.0,-0.01464,-0.0192411428571,0.733
0.461055589397,0.517792504437,-0.124071640565,-1.4031691697,0.0766690688945,1.91151344176,0.153075909494,-0.00803119942305,-0.086586728727,0.000286059595659,-0.126161321039,-0.0069961155212,0.0342233360749,-0.0158773514504,0.573995872793,0.818844046174,0.00197812105382,0.0,0.81880058553,-0.573936494383,-0.0119686445156,0.0,-0.00866530427325,0.00848980268703,-0.999926415169,0.0,0.656120994564,0.253693149577,0.303339000244,1.0,-0.01498,-0.019688,0.75
0.460870738575,0.516540179104,-0.124076968779,-1.40516211954,0.0765492172601,1.91225197404,0.152794306248,-0.0161196109884,-0.0787659865817,-0.000841310112741,-0.125984557732,-0.010408996272,0.0455536169426,-0.0207546370142,0.573993532601,0.818845694075,0.00197502602375,0.0,0.818802168549,-0.573934143497,-0.0119730785178,0.0,-0.00867073585833,0.00848978868046,-0.999926368203,0.0,0.655883733173,0.253379442391,0.303333168248,1.0,-0.0153,-0.0201085714286,0.766
0.460685625143,0.515151914567,-0.124078616629,-1.407360786,0.0764124079891,1.91307741442,0.152503942537,-0.0109465126904,-0.0784882153863,0.00138418531435,-0.12648112582,-0.011166825482,0.0478175352427,-0.0146458949734,0.573987610293,0.818849822902,0.00198435522914,0.0,0.818806428914,-0.573928192346,-0.0119669921358,0.0,-0.00866045872212,0.00849387157065,-0.999926422593,0.0,0.655618010115,0.253048294064,0.303331776831,1.0,-0.01564,-0.0205554285714,0.783
0.460494914561,0.513740603684,-0.124085168811,-1.40963928882,0.0762767549424,1.91386973887,0.152189027068,-0.012390235653,-0.0800844477869,0.0011022647419,-0.138340538899,-0.00264317216945,0.0376776642558,-0.0225709264698,0.573973484231,0.818859874272,0.00192161606205,0.0,0.81881554012,-0.573914215838,-0.0120137844832,0.0,-0.00873493145056,0.00846920589084,-0.999925984023,0.0,0.655328888891,0.25269950431,0.303305426795,1.0,-0.01598,-0.0210022857143,0.8
0.460314419329,0.512416651389,-0.124092564282,-1.41177495883,0.0761499049057,1.91462160857,0.151883029828,-0.00897698980121,-0.0829015857814,-0.000589855973101,-0.139143180213,-0.0129917475376,0.0491314354774,-0.0188706228366,0.573953511808,0.818873989956,0.0018712983372,0.0,0.818828898102,-0.573894366467,-0.0120515007904,0.0,-0.00879490229261,0.00844943703453,-0.999925625588,0.0,0.655059653702,0.252371447771,0.303281942496,1.0,-0.0163,-0.0214228571429,0.816
0.460119645856,0.510970994892,-0.124093935373,-1.41407655297,0.0760074311471,1.91550042809,0.151563502697,-0.00942156492542,-0.0826365097617,0.000154423605457,-0.137256442089,-0.0058198178425,0.05668959443,-0.0197838674658,0.573934343306,0.818887388551,0.00188715315323,0.0,0.818842519835,-0.573875146781,-0.0120412008786,0.0,-0.00877756624503,0.0084563027722,-0.999925719878,0.0,0.654781712763,0.252025553532,0.303275087581,1.0,-0.01664,-0.0218697142857,0.833
0.459908347372,0.509391318897,-0.124097448696,-1.41657663574,0.0758557030389,1.91643373743,0.151213688046,-0.0104213898776,-0.0904694016571,-0.000323536919744,-0.137979036647,-0.0064255992034,0.0508222102963,-0.0222827756175,0.573912758808,0.81890249396,0.00189672473103,0.0,0.818857717435,-0.5738534918,-0.0120397445273,0.0,-0.00877110358107,0.00846307362124,-0.999925719305,0.0,0.654474978218,0.251648093427,0.303271853764,1.0,-0.017,-0.0223428571429,0.851
0.45972518296,0.508063559369,-0.124100408028,-1.41867729529,0.0757134291133,1.91718360866,0.150914726749,-0.01281362498,-0.0854382327508,0.00105450930996,-0.142569599159,-0.0102812025301,0.0529185737683,-0.0200838609906,0.573891730238,0.818917295053,0.0018688841258,0.0,0.818872199113,-0.573832629481,-0.0120491395418,0.0,-0.00879499139999,0.0084454413944,-0.99992565856,0.0,0.654194870698,0.251298462391,0.303265827449,1.0,-0.01732,-0.0227634285714,0.867
0.459498978792,0.506423168814,-0.124111392534,-1.42125074229,0.0755555353566,1.9181303167,0.150562386474,-0.0127971107919,-0.0961876878755,-0.00175375616569,-0.142336088718,-0.00489286302575,0.0578369691482,-0.0201448119006,0.573885378348,0.818921725419,0.00187804583237,0.0,0.818876756757,-0.573826245787,-0.0120434127725,0.0,-0.00878510951878,0.00844958925658,-0.999925710387,0.0,0.653895486614,0.250923308734,0.303270634639,1.0,-0.01766,-0.0232102857143,0.884
0.459241563852,0.504598721541,-0.124110707161,-1.42399834215,0.0753764913109,1.91919452313,0.150175851542,-0.0167547880139,-0.105278696019,0.000828345298311,-0.149644824772,-0.00935345587931,0.0534473805582,-0.0213641873498,0.573872492146,0.818930487338,0.00199162424129,0.0,0.818887122471,-0.573812993518,-0.0119697962983,0.0,-0.00865977797559,0.00850021593167,-0.999926374577,0.0,0.653570917204,0.250496716137,0.303330025781,1.0,-0.01804,-0.0237097142857,0.903
0.459056275089,0.503241111546,-0.124118565108,-1.42604623292,0.0752564376639,1.91996259745,0.149891339601,-0.0141772044623,-0.0975065795651,-0.00216069243584,-0.146665852297,-0.0108614901526,0.0551070828246,-0.02018106904,0.573869710854,0.818932268253,0.00205958238421,0.0,0.818889759865,-0.57380990035,-0.0119376023742,0.0,-0.00859444449685,0.0085373637175,-0.99992662178,0.0,0.653322581793,0.250178670045,0.303370354071,1.0,-0.01832,-0.0240777142857,0.917
0.458821952332,0.501535561609,-0.124122332278,-1.4285779119,0.0750809192017,1.92087512974,0.149546418325,-0.0148300948305,-0.101338568723,8.557094323e-06,-0.151001096919,-0.00915041577199,0.0523178459775,-0.0190290030949,0.573863427447,0.818936506639,0.00212406049576,0.0,0.818894966101,-0.573803482309,-0.0118888639611,0.0,-0.00851759540124,0.00856213151643,-0.999927067577,0.0,0.65300930247,0.249779226231,0.303435120935,1.0,-0.01866,-0.0245245714286,0.934
0.45856942263,0.499704138599,-0.124123121119,-1.43133754181,0.0749101261217,1.92185918438,0.149148298013,-0.0157488438301,-0.10120072007,0.00131194633726,-0.156275750439,-0.0166930858471,0.0628026890634,-0.0266962077274,0.573838988517,0.818953500531,0.00217396549181,0.0,0.81891252595,-0.573778761586,-0.0118724258346,0.0,-0.00847575265394,0.00859331385233,-0.999927155634,0.0,0.65266110756,0.249349965098,0.303484694326,1.0,-0.01902,-0.0249977142857,0.952
0.45835148224,0.498240973177,-0.124119895543,-1.43365263745,0.0747687889788,1.92273087283,0.148821276792,-0.0110175566655,-0.0948070338894,0.00158027247751,-0.158052983393,-0.00384185821394,0.0606363057177,-0.018130040324,0.573826967406,0.818961879076,0.00219066191778,0.0,0.818921070587,-0.573766623411,-0.0118696634291,0.0,-0.00846403613318,0.00860527785089,-0.999927151989,0.0,0.652375819122,0.248990657927,0.303478655499,1.0,-0.01932,-0.025392,0.967
0.458052184972,0.496356778325,-0.124118828977,-1.43665726531,0.0745868404207,1.92379435313,0.148371992861,-0.0157354420422,-0.103007644196,0.00185739296602,-0.161727882052,-0.00570182519047,0.0582726798296,-0.0236391854854,0.573806122459,0.818976604184,0.0021453506284,0.0,0.818935032245,-0.57374578761,-0.0119134824312,0.0,-0.00852614165417,0.00859309738864,-0.999926729109,0.0,0.651994899856,0.24850749389,0.303454043638,1.0,-0.0197,-0.0258914285714,0.986
0.457797291702,0.494782405659,-0.124128755681,-1.43923740906,0.0744262596157,1.92467531834,0.148006760947,-0.0238393266287,-0.0971226299241,-0.00161771152668,-0.167665186882,-0.00429082114743,0.0525580048024,-0.0243393261953,0.573809226543,0.818974705385,0.00203724712588,0.0,0.818931603653,-0.573749217231,-0.0119837876837,0.0,-0.00864571650072,0.00854493851422,-0.999926115076,0.0,0.651661040348,0.248084380319,0.303399505189,1.0,-0.0202085714286,-0.0265598367347,1.002
0.457541132986,0.493048811315,-0.124160792123,-1.44197729474,0.0742529394879,1.92568449737,0.147615730525,-0.0165369667447,-0.116084776062,-0.00499818785847,-0.187188572375,-0.0136622093204,0.0630629865149,-0.0261963239281,0.573812582818,0.818972373042,0.00202950611496,0.0,0.818929288838,-0.573752722614,-0.0119741420058,0.0,-0.00864222322416,0.00853309963938,-0.999926246374,0.0,0.651322994188,0.247637286561,0.303390878197,1.0,-0.0238657142857,-0.0313663673469,1.018
0.457236569,0.490902140893,-0.124188886338,-1.44538570264,0.0740479799608,1.92693167006,0.147120741311,-0.0175528742025,-0.134511686351,0.000372646757152,-0.214310024083,-0.0154018496434,0.0742249574104,-0.0446511203931,0.573792057952,0.818986793076,0.002013429483,0.0,0.818943475286,-0.573732244298,-0.0119851174014,0.0,-0.00866065019353,0.00852601426879,-0.999926147382,0.0,0.650892030937,0.247098367073,0.30337124938,1.0,-0.0277514285714,-0.0364733061224,1.035
0.456812705766,0.488286234957,-0.124204094676,-1.44959965881,0.0738093558287,1.92843908926,0.146527546205,-0.0221842023603,-0.157458842089,-0.00162902013458,-0.245989260461,-0.0107595790989,0.0884737407989,-0.0313016038807,0.573809731749,0.818974575424,0.00194511197713,0.0,0.818930047269,-0.573749896321,-0.0120574065366,0.0,-0.00875887023921,0.00851173173094,-0.999925413526,0.0,0.650355010181,0.246412601896,0.303315561748,1.0,-0.0318657142857,-0.0418806530612,1.053
0.456411792835,0.485739657327,-0.124243675572,-1.45347973737,0.0735628877747,1.92994298598,0.145940722854,-0.0272458206243,-0.175159299981,-0.00171479382509,-0.267946379596,-0.018467362852,0.102081635979,-0.0409899260645,0.573811604612,0.818972941325,0.00207622032676,0.0,0.818930394046,-0.573751478175,-0.0119581729704,0.0,-0.00860235123083,0.00856218319922,-0.999926341573,0.0,0.64989440809,0.245764748005,0.30336911747,1.0,-0.0352942857143,-0.0463867755102,1.068
0.455875158157,0.48239890467,-0.124294098528,-1.45868200976,0.0732471895783,1.9317572403,0.145136571833,-0.0276139617003,-0.189426400667,-0.00202340157145,-0.303002338459,-0.015996862508,0.101059254412,-0.0524866020926,0.57379866935,0.818982108375,0.00203472700701,0.0,0.818938894047,-0.573738593197,-0.0119942233508,0.0,-0.00865581956899,0.00854875107335,-0.999925995083,0.0,0.649228586132,0.244886890052,0.303370092419,1.0,-0.0394085714286,-0.051794122449,1.086
0.455306663563,0.478889198407,-0.124355087172,-1.46414957118,0.0729063504457,1.93371792204,0.144336812188,-0.0306794244683,-0.214905020583,-0.00250833434412,-0.327376949812,-0.0289050074538,0.116917278964,-0.0527734525114,0.573827448297,0.818961965207,0.00202633331235,0.0,0.818918702043,-0.573767463799,-0.0119918235626,0.0,-0.00865836996625,0.00854080419836,-0.999926040912,0.0,0.648537742544,0.243959381234,0.303372257427,1.0,-0.0432942857143,-0.0569010612245,1.103
0.454707901853,0.475272680538,-0.124393497902,-1.46967823171,0.0725795162172,1.93574423437,0.143551552096,-0.0408955105112,-0.231383408021,-0.00339115212293,-0.360393579976,-0.0232616955861,0.125711217163,-0.0451886292286,0.573881776248,0.818923640008,0.0021273523133,0.0,0.818881568596,-0.573821239017,-0.0119544622579,0.0,-0.0085692367907,0.00860266326184,-0.999926278465,0.0,0.647844066172,0.24302689937,0.303421202856,1.0,-0.0469514285714,-0.0617075918367,1.119
0.453964258137,0.470893431713,-0.124417800713,-1.47642000509,0.0721729412261,1.93813160059,0.142552771891,-0.0469640160704,-0.254138582775,-0.000618102767966,-0.38413311467,-0.0285674484812,0.134814984284,-0.0539744160293,0.57390311299,0.818908606347,0.00215829857576,0.0,0.818866601277,-0.573842106152,-0.0119780391178,0.0,-0.0085705617302,0.00864175893715,-0.999925929994,0.0,0.64697191895,0.241888267425,0.30344759497,1.0,-0.0510657142857,-0.0671149387755,1.137
0.453278264965,0.466669555455,-0.124426408381,-1.48273403939,0.0717735661192,1.94053693236,0.14151570872,-0.0424793688687,-0.2681713908,-0.0013442104673,-0.412083473755,-0.0284309329844,0.15088426091,-0.0583894881169,0.573813289902,0.818970803477,0.00242451765939,0.0,0.818932343855,-0.573751315815,-0.0118317661666,0.0,-0.0082989606274,0.0087749095431,-0.999927061447,0.0,0.64618033087,0.24084768901,0.303566562383,1.0,-0.0547228571429,-0.0719214693878,1.153
0.452516915603,0.462199286228,-0.124444808151,-1.48963834103,0.0713194207358,1.94289665938,0.14047294512,-0.0504486720165,-0.284338988856,-6.0403906304e-05,-0.442237425031,-0.0279359346985,0.148527779912,-0.0665911603893,0.573795398373,0.818983535033,0.00235734004418,0.0,0.818943990374,-0.573733465656,-0.0118910856515,0.0,-0.00838627995084,0.00875374822773,-0.999926518401,0.0,0.645254007889,0.239676417706,0.303566821083,1.0,-0.05838,-0.076728,1.169
0.451607656615,0.456903212064,-0.124470589209,-1.49783699525,0.0707596407977,1.94574335007,0.139240930515,-0.0504922806824,-0.294735598218,-0.00492065757655,-0.464695080781,-0.0309117404209,0.16529383183,-0.0704680123404,0.573775820272,0.818997439002,0.00229126165183,0.0,0.818957020948,-0.573714139177,-0.011926074394,0.0,-0.00845305792742,0.00871950581217,-0.999926255296,0.0,0.644154798635,0.23828124161,0.303556613132,1.0,-0.0624942857143,-0.0821353469388,1.187
0.450670843724,0.451541461814,-0.124497062918,-1.50591633156,0.0702121536988,1.94872396384,0.137925856918,-0.0518761718553,-0.332512221734,0.000495372288446,-0.472048199791,-0.0342304040236,0.18617590616,-0.0780783765987,0.573705133731,0.819046360769,0.00249506369879,0.0,0.819008858208,-0.573642948943,-0.0117900044448,0.0,-0.00822544290126,0.00880763492206,-0.999927381191,0.0,0.643108625324,0.236895168004,0.303652727866,1.0,-0.06638,-0.0872422857143,1.204
0.449723974748,0.44623691441,-0.124538430663,-1.51391405658,0.069683069509,1.95161109071,0.136731548572,-0.0606565018334,-0.335594472914,-0.00116225491211,-0.518988464727,-0.0320944239095,0.170713359941,-0.0765849656052,0.573749016235,0.81901514407,0.00264708407487,0.0,0.818979715506,-0.573686379691,-0.0117008652909,0.0,-0.00806474506365,0.00888143910752,-0.999928037374,0.0,0.642056001046,0.235501511584,0.303733991883,1.0,-0.0700371428571,-0.0920488163265,1.22
0.448652481057,0.440418023025,-0.124565117031,-1.52304655737,0.0690497140976,1.95462730588,0.135304029747,-0.0678221275753,-0.351888556966,-0.000518302021988,-0.545516959201,-0.0332374906568,0.178465326694,-0.0958904982852,0.573707539292,0.819045019969,0.00237939596253,0.0,0.819005807757,-0.573645578748,-0.0118736575737,0.0,-0.00836029109203,0.008760914656,-0.999926673265,0.0,0.640772035253,0.233905729274,0.30363172808,1.0,-0.0739228571429,-0.097155755102,1.237
0.447494179049,0.434214774539,-0.124598511934,-1.53238206957,0.0684361842129,1.95795370626,0.133782494389,-0.0698469085482,-0.383578150781,-0.00171418130514,-0.546850373954,-0.0369372290538,0.208279243798,-0.0862911132887,0.57367527241,0.819067133416,0.00254159095867,0.0,0.819029924061,-0.573612582632,-0.0118040433571,0.0,-0.0082105734804,0.00885349729555,-0.999927098377,0.0,0.639514116766,0.232257450592,0.303712942827,1.0,-0.0778085714286,-0.102262693878,1.254
0.446316600959,0.428218188966,-0.124624802223,-1.54153470183,0.0677765747462,1.9612218771,0.132305044773,-0.0742769181685,-0.375095437798,-0.00244754210618,-0.590405639348,-0.0460075682547,0.202280478935,-0.0992767544152,0.573660404337,0.819077357364,0.00260193209909,0.0,0.819041241724,-0.573597830402,-0.011735425605,0.0,-0.00811991511872,0.00886340934305,-0.999927750867,0.0,0.638275944308,0.230612012909,0.303726366743,1.0,-0.0814657142857,-0.10706922449,1.27
0.444975920654,0.421578486579,-0.124736355823,-1.55180523749,0.0670245038264,1.96457494481,0.13059758101,-0.0808493266861,-0.390753395088,-0.00223710215151,-0.615828841398,-0.0425137468228,0.195214763439,-0.101116910661,0.573666697707,0.819073792313,0.00232154891475,0.0,0.819034195794,-0.573605352669,-0.0118588536591,0.0,-0.00838178473036,0.00870462495658,-0.999926984929,0.0,0.636825415684,0.22868612587,0.303645928173,1.0,-0.0853514285714,-0.112176163265,1.287
0.443470540408,0.414163149255,-0.124833059434,-1.56283034587,0.0662681409419,1.96853988677,0.128842697021,-0.083282953232,-0.418508488538,-0.00190651495912,-0.624354306513,-0.0418536570006,0.231392581668,-0.102691885028,0.573783541095,0.818991122052,0.00259554823675,0.0,0.818955427446,-0.573721524799,-0.0116776171177,0.0,-0.00807489832088,0.00882623274938,-0.999928444256,0.0,0.635335796411,0.226629440394,0.303772112352,1.0,-0.0894657142857,-0.117583510204,1.305
0.442031473843,0.407413260471,-0.124853796534,-1.57310300217,0.0655637484121,1.97198444713,0.127093091631,-0.0943575443037,-0.434754596132,-0.000251768795626,-0.645477110263,-0.0412334531605,0.211917896091,-0.103945898431,0.573767027369,0.819002891305,0.00253164763076,0.0,0.818965899096,-0.57370473631,-0.0117676911109,0.0,-0.00818551240382,0.0088254161424,-0.999927552084,0.0,0.633866791551,0.224718488704,0.303747296229,1.0,-0.0931228571428,-0.122390040816,1.321
0.440433487764,0.399998144007,-0.124964338301,-1.58433059424,0.0647787359921,1.97579523883,0.125208955032,-0.09165725159,-0.453428721646,-0.00559568640159,-0.657110208794,-0.0498328351259,0.240703454505,-0.110921473161,0.573844724225,0.818948528102,0.00250752844388,0.0,0.818911206716,-0.573782495747,-0.0117826138938,0.0,-0.008210736459,0.00881500368055,-0.999927437126,0.0,0.632274292311,0.222568636587,0.303738964975,1.0,-0.0970085714286,-0.127496979592,1.338
0.438629927921,0.391835377223,-0.125012353097,-1.59651012866,0.06383885057,1.98003495094,0.123110839334,-0.0960217776309,-0.460401309475,-0.00381576747048,-0.701846209255,-0.0509227841149,0.231504794891,-0.122887921336,0.573848115621,0.81894574807,0.0026360609375,0.0,0.818910718367,-0.573786102159,-0.0116400693032,0.0,-0.00802020454652,0.00883850055986,-0.999928776077,0.0,0.630549612999,0.220236494206,0.30380079587,1.0,-0.101122857143,-0.132904326531,1.356
0.437054817238,0.384903494926,-0.125062017374,-1.60714092288,0.0630425874062,1.98340061481,0.121248103887,-0.104238716732,-0.460733400287,-0.0075333756428,-0.711699810797,-0.0564411486041,0.225755630921,-0.128447352718,0.573828398507,0.818960486959,0.00233168781873,0.0,0.818921173143,-0.573767150465,-0.0118370658092,0.0,-0.00835640419039,0.00870208058223,-0.999927219503,0.0,0.628949856522,0.218183047365,0.30368463885,1.0,-0.104551428571,-0.13741044898,1.371
0.43519495528,0.37670324753,-0.125123638903,-1.61920028466,0.0621860953556,1.98753456336,0.119102222061,-0.116973309482,-0.47224924289,-0.00563152679485,-0.723991082578,-0.0504746267659,0.243422818986,-0.139062208786,0.573849073654,0.818945331792,0.00255560223249,0.0,0.818908826855,-0.573786874778,-0.0117346722251,0.0,-0.00814384081487,0.00882690595741,-0.999927879193,0.0,0.627197534063,0.215842464036,0.303788473154,1.0,-0.108437142857,-0.142517387755,1.388
0.433194879866,0.36834399075,-0.125176072716,-1.63179442147,0.0612175937776,1.99158408501,0.116899765317,-0.118264115333,-0.501503753569,-0.00665792526411,-0.744398802279,-0.0583290156097,0.228763569764,-0.129189056832,0.573901922474,0.818908869133,0.00236523516176,0.0,0.818869730967,-0.573840262896,-0.0118517207874,0.0,-0.00834837283232,0.00873871307242,-0.999926967116,0.0,0.625292530709,0.213348279478,0.303720685045,1.0,-0.112322857143,-0.147624326531,1.405
