position_joint1,position_joint2,position_joint3,position_joint4,position_joint5,position_joint6,position_joint7,velocity_joint1,velocity_joint2,velocity_joint3,velocity_joint4,velocity_joint5,velocity_joint6,velocity_joint7,ee_T_00,ee_T_10,ee_T_20,ee_T_30,ee_T_01,ee_T_11,ee_T_21,ee_T_31,ee_T_02,ee_T_12,ee_T_22,ee_T_32,ee_T_03,ee_T_13,ee_T_23,ee_T_33,v_x,v_y,time
0.465100082586,0.547594622395,-0.123982158725,-1.35574367466,0.079436057561,1.89408579211,0.159173193365,0.00150520319618,-0.000115945819259,0.001554464738,0.000777418759394,0.000327841590181,-5.421696309e-05,0.00977120173279,0.573768892821,0.819002711567,0.00213611275555,0.0,0.818962607691,-0.573710202696,-0.0117301929835,0.0,-0.00838171155269,0.00847997957924,-0.999928915902,0.0,0.661694814308,0.260913360023,0.303387450878,1.0,0.0,0.0,0.0
0.465094889532,0.547594904607,-0.123984231667,-1.35575083174,0.0794347351326,1.89408603779,0.1591684297,0.000554098975859,-0.00239467279831,0.000265394270162,0.000499308344429,1.74122198888e-05,-0.000479484619083,0.000753764206851,0.573770736793,0.819001438292,0.00212898480885,0.0,0.818961256936,-0.57371208897,-0.0117322422898,0.0,-0.00838746047231,0.00847533655443,-0.999928907061,0.0,0.661695120076,0.260907672005,0.303383931645,1.0,-0.00014,-0.000184,0.008
0.46508871418,0.54758872383,-0.123982167267,-1.35575675387,0.0794336573781,1.89408497783,0.159164464871,-0.00141491541283,-0.00041254134389,0.000366637481051,-0.00125418144254,-6.67111956849e-05,-0.000183076997247,-0.00262813770308,0.573768193205,0.819003203812,0.00213530166392,0.0,0.818963109807,-0.573709526907,-0.0117281887934,0.0,-0.00838054264072,0.00847815821545,-0.999928941144,0.0,0.66169547286,0.260906508662,0.303389366488,1.0,-0.00048,-0.000630857142857,0.025
0.46509609418,0.547571718927,-0.123983141974,-1.35576512134,0.0794351746213,1.89409040733,0.159163625569,0.00157424440266,-0.000338285905997,-0.000146793204477,-0.00153982052543,0.000103789595696,1.08218647119e-05,-0.00153298786003,0.573765938172,0.819004766813,0.00214173571998,0.0,0.818964732466,-0.573707223395,-0.0117275616472,0.0,-0.00837636090988,0.00848304475678,-0.99992893474,0.0,0.661692739877,0.260908077953,0.303393899514,1.0,-0.00082,-0.00107771428571,0.042
0.465090662134,0.547485293281,-0.123985091121,-1.35584471,0.0794320318647,1.89410109792,0.159168508399,-0.000402397766469,-0.0103977145786,-0.000369129411683,-0.005339848633,3.82517861619e-05,0.000557670240141,0.00114146115763,0.573779178226,0.818995446684,0.0021586676416,0.0,0.818955604748,-0.573720369512,-0.011721858201,0.0,-0.00836183788756,0.00849377466119,-0.999928965207,0.0,0.661680951624,0.260895261197,0.303418227577,1.0,-0.00114,-0.00149828571429,0.058
0.465088165393,0.547340045398,-0.123979674803,-1.35601284937,0.0794318771913,1.89414138495,0.159159825564,-0.000927426347365,-0.00993769924157,-0.000691044322655,-0.0124633629119,-8.24520158708e-06,0.00573805580068,-0.000450943988357,0.57377948163,0.818995172087,0.00218207703479,0.0,0.818955490722,-0.573720438042,-0.0117264696412,0.0,-0.0083521806349,0.00851559559251,-0.999928860325,0.0,0.661653691901,0.260881404403,0.303444405286,1.0,-0.00148,-0.00194514285714,0.075
0.465074500842,0.547189834168,-0.123982283057,-1.3562260133,0.0794224015118,1.8942213276,0.159154942602,-0.000714508261115,-0.0116003510827,-0.000337912789134,-0.0149286136039,-0.000775136176075,0.00357855214337,-0.00164868790761,0.573797903314,0.818982223846,0.00219774393274,0.0,0.818942730928,-0.573738782852,-0.0117200432144,0.0,-0.00833773665358,0.00852492677258,-0.999928901358,0.0,0.66162942523,0.260851418822,0.3034563566,1.0,-0.00182,-0.002392,0.092
0.465051787099,0.546975962118,-0.12398035263,-1.35645250542,0.0794202367009,1.8943469159,0.159144163576,-0.000404135939154,-0.011731994251,0.000359286529421,-0.015025970958,-4.95390269652e-05,0.00741068310321,-0.00270816418517,0.573818577239,0.818967456134,0.00230067586981,0.0,0.818929244574,-0.573759014855,-0.0116718531423,0.0,-0.00823899298194,0.00858178214186,-0.999929233501,0.0,0.661613788853,0.260821625072,0.303510881794,1.0,-0.0022,-0.00289142857143,0.111
0.465029273876,0.546787431496,-0.123980355548,-1.35668512095,0.0794121084533,1.89447045588,0.159135269171,0.000741065326738,-0.0120267280489,-0.00137876294385,-0.0151934576286,1.29713384253e-05,0.0102971375106,-0.00258967569597,0.57384076516,0.818951709439,0.00237081182288,0.0,0.818914406002,-0.573780944364,-0.0116348798134,0.0,-0.0081682353295,0.00861822621791,-0.999929500569,0.0,0.66159638614,0.26078867474,0.303544409504,1.0,-0.00252,-0.003312,0.127
0.464996223254,0.546572421983,-0.123980352632,-1.35699418216,0.0793977729461,1.89459435289,0.159105250534,0.000111140365301,-0.0164216523561,0.000465717503244,-0.022058154777,-6.05165260263e-05,0.00933332172681,-0.00209156256149,0.573856768085,0.818940415514,0.00239842901,0.0,0.818903444924,-0.573796820159,-0.0116234232807,0.0,-0.00814283692675,0.00863442813614,-0.999929567948,0.0,0.661565299862,0.260739041121,0.303560310032,1.0,-0.00284,-0.00373257142857,0.143
0.464956163653,0.546323893479,-0.123982858286,-1.35737284605,0.0793789594035,1.89472814989,0.158994608471,-0.00206246121387,-0.0142985959264,8.36647271451e-05,-0.0256738041398,-5.10622865293e-05,0.0047668035332,-0.00924185523617,0.573816859266,0.818968362729,0.00240411589978,0.0,0.818931427704,-0.573756855563,-0.0116247285858,0.0,-0.00814106369872,0.00863943764905,-0.999929539117,0.0,0.66152373762,0.260675440968,0.303567738517,1.0,-0.00316,-0.00415314285714,0.159
0.464914248216,0.546016836584,-0.123985302097,-1.35786771003,0.0793297006236,1.89490262174,0.158950548794,-0.00134929323803,-0.0169571501118,-0.000285622433253,-0.0268151124562,0.000104830890126,0.0162767121726,0.000334461446905,0.573831381107,0.818958255084,0.00238104739723,0.0,0.818921187126,-0.573771633525,-0.0116167439582,0.0,-0.00814760777387,0.00861610827744,-0.999929687111,0.0,0.661467310955,0.260595454625,0.303564759453,1.0,-0.00352,-0.00462628571429,0.177
0.46486717831,0.545744393352,-0.12398536783,-1.3583239632,0.0792798256698,1.89505495961,0.15892141371,-0.00536260664727,-0.0153498377585,-0.00109704904491,-0.0273669593315,-0.000933027456218,0.010138319584,-0.00144895911161,0.573858308277,0.818939501157,0.00234144539868,0.0,0.818902092109,-0.573798879989,-0.0116170462634,0.0,-0.00817029662804,0.00858411832228,-0.999929777117,0.0,0.661415209724,0.260515963048,0.303553628276,1.0,-0.00382,-0.00502057142857,0.192
0.464803044805,0.545386841299,-0.123986453195,-1.35894202273,0.0792645177004,1.89526036331,0.158813939518,-0.00709099529309,-0.0213031731083,0.00516072645974,-0.0379908336553,-0.000384063879449,0.00701056388288,-0.00464504079488,0.57385395761,0.818942649563,0.00230628769946,0.0,0.81890456127,-0.573794422974,-0.0116630440491,0.0,-0.00822818759392,0.00858167872595,-0.999929323362,0.0,0.66134147268,0.26041570958,0.303530421709,1.0,-0.00418,-0.00549371428571,0.21
0.464748596308,0.545017983624,-0.123985999738,-1.35957144075,0.0792372310252,1.89547300935,0.158753968964,-0.00338695545026,-0.0266934371596,0.000704165269774,-0.0385132977717,-0.00092447153396,0.0107583848845,-0.0041246550884,0.573876940087,0.8189266438,0.00227081774967,0.0,0.818887968944,-0.57381740191,-0.0116974563356,0.0,-0.00827648326456,0.00857261083288,-0.999929002564,0.0,0.661264595239,0.260320109037,0.30351034085,1.0,-0.0045,-0.00591428571429,0.226
0.464685743257,0.544609579887,-0.123989480195,-1.360272214,0.0792054290434,1.89570639863,0.158646940426,-0.00313010296614,-0.026528220766,-0.000290505648192,-0.0440184391039,0.000269348122151,0.00972361082049,-0.00398191712122,0.573873749692,0.818929004414,0.00222531901362,0.0,0.818889620853,-0.573814260809,-0.0117358362143,0.0,-0.00833405733851,0.00855734373279,-0.999928655133,0.0,0.66117976339,0.260209401955,0.303486179599,1.0,-0.00484,-0.00636114285714,0.243
0.464621827219,0.54417197245,-0.123999886282,-1.36101241331,0.0791643684583,1.89596280771,0.158574276399,-0.00133412757682,-0.0244848404012,-0.0020361360907,-0.0444609904208,-0.00158996223929,0.013543782837,-0.00163140523654,0.573904168668,0.818907797014,0.00218450828748,0.0,0.818867873895,-0.573844821916,-0.0117589270497,0.0,-0.00837606954162,0.00853748528281,-0.999928473844,0.0,0.661093519774,0.260089753526,0.303466094198,1.0,-0.00518,-0.006808,0.26
0.464553014359,0.543710906102,-0.123993130376,-1.36177257886,0.0791168608087,1.89622808581,0.158479497984,-0.00241714012698,-0.0254470304381,0.000581487979302,-0.0475871616703,-0.000440252671697,0.0109198744228,-0.0105805258274,0.573907817972,0.818905315003,0.00215602218977,0.0,0.818864974063,-0.573848532176,-0.0117797824277,0.0,-0.00840945817883,0.00852616443887,-0.999928290195,0.0,0.661002668648,0.259974312767,0.303453253923,1.0,-0.0055,-0.00722857142857,0.276
0.46448860989,0.54318965568,-0.124000384113,-1.36261114616,0.0790635422061,1.8965239798,0.158361619,-0.00398056005796,-0.0329431672548,-0.00104761046743,-0.0464006044817,-0.00478181850963,0.0167482765302,-0.0111850522428,0.573901514326,0.81890978935,0.00213439981019,0.0,0.818869198922,-0.573842345287,-0.0117874812412,0.0,-0.00842823705702,0.00851281149516,-0.999928245856,0.0,0.660903745328,0.259846298357,0.303448735388,1.0,-0.00584,-0.00767542857143,0.293
0.46441026409,0.542600392676,-0.12400193677,-1.3635603904,0.0790227086965,1.89684781928,0.158243322864,-0.00484771012838,-0.0370666742191,0.000698196501171,-0.0518484824164,-0.00035303177076,0.0147803804876,-0.00970009458546,0.573911645131,0.818902746285,0.0021124894842,0.0,0.81886168545,-0.573852373891,-0.0118211667036,0.0,-0.00846829181339,0.00851430585653,-0.999927894715,0.0,0.660788176276,0.259704050335,0.303441845471,1.0,-0.0062,-0.00814857142857,0.311
0.464337736677,0.54200757498,-0.123999601879,-1.36447990671,0.0789661294675,1.89720206922,0.158122411532,-0.00512138432813,-0.0379234860202,0.000279850375748,-0.0520500737695,-0.00536977496339,0.0236684967249,-0.00637620456737,0.573906470044,0.8189063145,0.00213509150447,0.0,0.818865555271,-0.573847118157,-0.0118082291438,0.0,-0.00844477989025,0.00852533613488,-0.999927999576,0.0,0.660683950645,0.259571003468,0.303454024133,1.0,-0.00654,-0.00859542857143,0.328
0.464256390333,0.541425630793,-0.124004899989,-1.36537888813,0.0789094099368,1.89753367626,0.157993805247,-0.00764094265378,-0.0397143161744,-0.000290304155933,-0.0580818253064,-0.00128231922841,0.0242471902702,-0.0109239205946,0.573906221268,0.81890646337,0.0021448408909,0.0,0.818865868642,-0.57384686937,-0.0117985842008,0.0,-0.00843128895858,0.00852778206046,-0.999928092564,0.0,0.660583555837,0.259428448395,0.303466493607,1.0,-0.00686,-0.009016,0.344
0.464167618061,0.540764894528,-0.124002008982,-1.36639891709,0.0788478665385,1.89790901859,0.157876479219,-0.00557593680727,-0.0400724874562,0.00122563674445,-0.0593886192832,-0.000373433323097,0.02449448301,-0.00275561850541,0.573920899134,0.818896139551,0.00215895023129,0.0,0.818855702743,-0.573861464563,-0.0117942560369,0.0,-0.00841949449717,0.00853700310189,-0.999928113261,0.0,0.660466186454,0.259274597515,0.303480489538,1.0,-0.0072,-0.00946285714286,0.361
0.464077946605,0.540060188458,-0.124005193432,-1.36746833064,0.0787710573937,1.89830031526,0.157723465186,-0.00473114104142,-0.0418153002659,0.00062460248392,-0.058150191545,-0.00685141391958,0.0248879375614,-0.0123298957264,0.573909880188,0.818903820768,0.00217454737457,0.0,0.818863694581,-0.573850496079,-0.0117730517439,0.0,-0.00839329356245,0.00853749298617,-0.99992832935,0.0,0.660344038199,0.259109972123,0.303503510843,1.0,-0.00754,-0.00990971428571,0.378
0.463974243859,0.539273215334,-0.124010867778,-1.36870521158,0.0787207571478,1.89876405024,0.157580289104,-0.000695924123971,-0.0493554462205,-0.00134787154846,-0.0658782713804,-0.00247031824506,0.0270295403892,-0.00944578061985,0.573936566909,0.818885056548,0.00219732286623,0.0,0.818845034348,-0.573876895934,-0.0117840967852,0.0,-0.00838898945054,0.00856275583048,-0.999928149453,0.0,0.660202307364,0.258925043085,0.303511266493,1.0,-0.0079,-0.0103828571429,0.396
0.46385720524,0.538531029494,-0.124009155718,-1.3698628565,0.0786472639418,1.89920849143,0.15743587234,-0.00501438340721,-0.0429764922065,0.00341789082088,-0.0670815500942,-0.00540469707058,0.0244368476999,-0.00728364255632,0.573957323527,0.818870449132,0.00221928119078,0.0,0.818830746635,-0.573897600641,-0.0117685702058,0.0,-0.00836345524196,0.00857203776978,-0.999928283821,0.0,0.660076672943,0.258739370738,0.303522999335,1.0,-0.00824,-0.0108297142857,0.413
0.463752838057,0.537786916861,-0.124027924527,-1.37101702934,0.0785794356965,1.89966123169,0.157288411782,-0.00968277045235,-0.0441058517471,-0.0011640817539,-0.0688215519225,-0.00243591362419,0.0312798742458,-0.00625870028193,0.573980892802,0.818853842879,0.00225068907859,0.0,0.818814646293,-0.573921148145,-0.0117404271065,0.0,-0.00832213602001,0.00858184324135,-0.999928544456,0.0,0.659954405041,0.258552107258,0.30353902425,1.0,-0.00856,-0.0112502857143,0.429
0.463652149972,0.537031417575,-0.124028660654,-1.37221102298,0.0785113052692,1.90010552734,0.157152095657,-0.00301099825395,-0.0503492125501,-0.00130782555542,-0.0797641210599,-0.000781955718154,0.0240972551215,-0.00665898913616,0.573999798677,0.818840573959,0.00225664750912,0.0,0.818801414255,-0.573939987385,-0.0117423079387,0.0,-0.00832005811608,0.00858799391023,-0.999928508941,0.0,0.659816219849,0.258372549824,0.303542689177,1.0,-0.00888,-0.0116708571429,0.445
0.463532319446,0.536238367489,-0.124033217655,-1.37344120556,0.0784310329238,1.90057675732,0.156994840166,-0.00948375001829,-0.053575399456,0.000382833453383,-0.0805004265634,-0.00858059743112,0.0346240126253,-0.00334149879542,0.57401860068,0.818827328096,0.00228029331467,0.0,0.818788558717,-0.573958784365,-0.0117199345677,0.0,-0.00828796789768,0.00859470399185,-0.999928717785,0.0,0.659682242995,0.258174222475,0.303557945835,1.0,-0.0092,-0.0120914285714,0.461
0.463433618988,0.535360862573,-0.124048395726,-1.37482159374,0.0783546715957,1.9010661179,0.156833736322,-0.00429485401383,-0.0511368546191,-0.000984093411352,-0.0855407570656,-0.00322862784211,0.0260324114723,-0.0105538997462,0.574033402762,0.818816982533,0.00226903724214,0.0,0.818778034332,-0.573973592954,-0.0117299611312,0.0,-0.0083024837688,0.00859139276629,-0.99992862582,0.0,0.659515704191,0.25796882637,0.303563096787,1.0,-0.00954,-0.0125382857143,0.478
0.463309981412,0.53447072399,-0.124046087813,-1.37625984193,0.0782852802301,1.90159664756,0.156648059178,-0.0100578254818,-0.0506865937251,-0.00141518012778,-0.0817818502864,-0.00437611649082,0.0356227967313,-0.0248811154425,0.574041316436,0.818811451186,0.00226303585329,0.0,0.818772237969,-0.573981334896,-0.0117556974973,0.0,-0.00832691970652,0.00860133259951,-0.999928337175,0.0,0.65934598373,0.257754359732,0.30355247787,1.0,-0.00988,-0.0129851428571,0.495
0.463190723299,0.533606918274,-0.124049275019,-1.37765875555,0.0781801637549,1.90210724682,0.156474952118,-0.00916644144553,-0.0494492856884,0.000560387628879,-0.0865481704916,-0.00988653736895,0.0331677817025,-0.00765929613919,0.574047798843,0.818807000172,0.00222890411444,0.0,0.81876751094,-0.57398811861,-0.0117537068675,0.0,-0.00834481364538,0.00857230887293,-0.999928437242,0.0,0.65918248688,0.257536826816,0.303540216569,1.0,-0.0102,-0.0134057142857,0.511
0.463054580281,0.532601469297,-0.124055262825,-1.37925298512,0.0781064028519,1.90270757599,0.156282026099,-0.0104548607781,-0.0608288407269,-0.00135175016611,-0.0943918691068,-0.0130743727438,0.0366065563718,-0.0131577812627,0.574072987094,0.818789287746,0.00224825761477,0.0,0.818749873589,-0.574013048607,-0.0117648386655,0.0,-0.00834255528393,0.00859480218987,-0.999928263,0.0,0.658998037258,0.257296360878,0.303542629116,1.0,-0.01056,-0.0138788571429,0.529
0.462932869359,0.531695628725,-0.124052505987,-1.38070448623,0.0780242466156,1.90324493832,0.156098089509,-0.00661090030109,-0.0531209090143,-0.000570095662302,-0.0948029880117,-0.00344393520745,0.0221749737664,-0.0163007531408,0.574077254919,0.818786307651,0.00224381117601,0.0,0.818746752415,-0.574017247122,-0.01177719479,0.0,-0.00835518038541,0.00859829831299,-0.999928127531,0.0,0.658825998134,0.257080528792,0.303536777185,1.0,-0.01088,-0.0142994285714,0.545
0.462798524367,0.530698196988,-0.124052099339,-1.38232892791,0.0779261466393,1.90381081404,0.155886369892,-0.00811099039618,-0.0607946027004,-0.000329676182089,-0.0987262351824,-0.00647076850968,0.0268740433889,-0.0194951805387,0.574075526327,0.818787660445,0.00219182050927,0.0,0.818747351109,-0.574015639649,-0.0118138643987,0.0,-0.00841506915636,0.00857676278798,-0.99992781027,0.0,0.658625971788,0.256835081579,0.303515500732,1.0,-0.01122,-0.0147462857143,0.562
0.462657859889,0.52966399362,-0.12405291268,-1.38397177092,0.0778246936267,1.90440838721,0.155672697773,-0.00394192716189,-0.0641769073248,-0.000722828913727,-0.0959113363665,-0.00235561602322,0.0332891329819,-0.0177442620555,0.574078250978,0.818785780132,0.00218057559727,0.0,0.818745308086,-0.574018391168,-0.0118217591235,0.0,-0.00842796003466,0.00857211588009,-0.999927741549,0.0,0.658430570005,0.256584691723,0.303513919683,1.0,-0.01156,-0.0151931428571,0.579
0.462512410596,0.528589411324,-0.124053161928,-1.38563238999,0.0777091071313,1.90503632727,0.155443163514,-0.00972954306238,-0.0644778773918,0.000582734967176,-0.0978824997765,-0.00402335095827,0.0350730341093,-0.0165144689776,0.574068521261,0.818792530243,0.00220730981992,0.0,0.818752536129,-0.574008691482,-0.0117920984598,0.0,-0.00838842861663,0.00857687816997,-0.999928033123,0.0,0.658239542089,0.256329707012,0.303534646083,1.0,-0.0119,-0.01564,0.596
0.462380666815,0.527543876238,-0.124055612788,-1.38725225206,0.0776187230104,1.90566406478,0.155218639093,-0.00922698724289,-0.0702934458027,0.000327857820454,-0.0986461586756,-0.00393317824414,0.0421829845395,-0.0205832965373,0.574057804549,0.818799913338,0.00225518438193,0.0,0.818760500773,-0.573997750391,-0.0117716532386,0.0,-0.00834431854368,0.00860423096608,-0.999928167199,0.0,0.658052384167,0.256090979113,0.303554167753,1.0,-0.01222,-0.0160605714286,0.612
0.462232270214,0.526395119694,-0.124057387483,-1.38904265429,0.0774943397054,1.90634609459,0.154979180232,-0.00715403213037,-0.0680187047424,0.000266692232031,-0.105850675619,-0.0108770202082,0.040306491376,-0.0119744681014,0.574047711611,0.818806922975,0.00227916293741,0.0,0.818767970509,-0.573987721375,-0.0117410851415,0.0,-0.00830563016514,0.00860621436633,-0.999928472233,0.0,0.657844297523,0.25582104309,0.303569540458,1.0,-0.01256,-0.0165074285714,0.629
0.462071365867,0.525141522612,-0.124068036189,-1.39097820497,0.0773753442295,1.90705162975,0.154717649304,-0.00867079210085,-0.0727956871893,-1.73643743266e-06,-0.104012902147,-0.0122762469303,0.0426383705055,-0.0192612275689,0.574044930688,0.818808824915,0.00229623495472,0.0,0.818770117408,-0.573984900845,-0.0117292515863,0.0,-0.00828617005018,0.00861337181146,-0.999928572055,0.0,0.657613930962,0.25552436832,0.303591599828,1.0,-0.01292,-0.0169805714286,0.647
0.461923637677,0.524051654983,-0.124081411703,-1.39274518009,0.0772593265438,1.90767776135,0.15447240705,-0.00836072975721,-0.0684736742339,-0.00236552757264,-0.111282496623,-0.00977103938667,0.0424071126494,-0.017702789747,0.574038081949,0.818813769649,0.00224455053646,0.0,0.818774462167,-0.573978321364,-0.011747919313,0.0,-0.00833119515039,0.00858169895193,-0.999928470257,0.0,0.657399481489,0.255247782893,0.303571663347,1.0,-0.01324,-0.0174011428571,0.663
0.461764384384,0.522847862199,-0.124084133278,-1.39467768026,0.0771422639232,1.90839676371,0.154220639691,-0.00981994190216,-0.0726302663453,0.00141879735606,-0.120344861591,-0.00601596011748,0.0445378190943,-0.018389359766,0.574039541328,0.818812780991,0.00223194520514,0.0,0.818773321726,-0.573979840739,-0.0117531678881,0.0,-0.00834271315363,0.00857440537705,-0.999928436794,0.0,0.65718310382,0.254974147238,0.303560992608,1.0,-0.01356,-0.0178217142857,0.679
0.461602127858,0.521613069893,-0.124088309793,-1.39663808818,0.077032137784,1.90916766099,0.15395219269,-0.0103668003639,-0.0740609480743,0.000452536209138,-0.115776605567,-0.00970154299198,0.04116287102,-0.0170607401751,0.574027922955,0.818820811016,0.00227376681361,0.0,0.818781835999,-0.57396800471,-0.0117380368223,0.0,-0.0083064393541,0.00859984543665,-0.999928520307,0.0,0.656940464982,0.254666748466,0.303562002706,1.0,-0.01392,-0.0182948571429,0.697
0.461439356019,0.52043105578,-0.124097500203,-1.39852861024,0.0769116059848,1.90987507133,0.153693938641,-0.0105562282245,-0.0730324785573,-0.00102905655249,-0.120919852575,-0.00469203048808,0.0487526882984,-0.0209675149783,0.57402465382,0.818823124159,0.00226606502541,0.0,0.818784119167,-0.573964837441,-0.0117336474563,0.0,-0.00830730016528,0.00859098637808,-0.999928589309,0.0,0.656716892263,0.254374130469,0.303554025278,1.0,-0.01424,-0.0187154285714,0.713
0.461277898868,0.519113581934,-0.124100669345,-1.40059032336,0.0767743217076,1.91060738126,0.153422470933,-0.0112009290011,-0.0768803581859,0.000376549953928,-0.122080264942,-0.0137856521418,0.0566940208018,-0.0175879252795,0.574009169642,0.818834024924,0.00224937655788,0.0,0.818794846708,-0.573949462982,-0.011737114124,0.0,-0.00831988011521,0.00857915424154,-0.999928586304,0.0,0.656459964467,0.254066416673,0.303561258568,1.0,-0.01458,-0.0191622857143,0.73
0.461104856716,0.517745331431,-0.124108845234,-1.40269244956,0.0766393738256,1.91136760455,0.153135391607,-0.0061063170352,-0.0756318966909,-0.00138670024805,-0.12473655692,-0.00924644952319,0.0438381583624,-0.0154589695166,0.573996476776,0.818842873955,0.00226700745237,0.0,0.818803967457,-0.573936749546,-0.0117225124188,0.0,-0.00829793663157,0.00858508081301,-0.999928717777,0.0,0.65620360051,0.253746351633,0.303587056331,1.0,-0.01492,-0.0196091428571,0.747
0.460913225602,0.516408952304,-0.124114912171,-1.40483640045,0.0764993531103,1.9121613628,0.152828323019,-0.0128802343404,-0.084439924176,-0.000269957226726,-0.123317683209,-0.00993085086075,0.0523259325582,-0.0140550713018,0.573981873649,0.818853164449,0.00224737527296,0.0,0.818814073877,-0.573922295055,-0.0117242723138,0.0,-0.00831079871917,0.00856986728915,-0.999928741461,0.0,0.655946922813,0.25341143889,0.303573072528,1.0,-0.01526,-0.020056,0.764
0.460725689113,0.514960664226,-0.124121298828,-1.40714835995,0.0763563694726,1.91302026086,0.152514948812,-0.00925637159517,-0.0781175217396,0.00132604974137,-0.127295460325,-0.00798403054638,0.0496793172211,-0.0260451016423,0.573966768489,0.818863774691,0.00223921198326,0.0,0.818824587348,-0.573907231976,-0.0117273671556,0.0,-0.00831817633575,0.0085648057564,-0.999928723482,0.0,0.655664699086,0.25306454451,0.303562836876,1.0,-0.01562,-0.0205291428571,0.782
0.460559983146,0.513704023781,-0.124119578698,-1.40913018068,0.0762445344746,1.91372550391,0.152252617602,-0.00599661067021,-0.0926285952846,0.000119261488628,-0.129514462171,-0.00208325423318,0.0451503387442,-0.0190006989713,0.57396035919,0.81886829732,0.00222814388549,0.0,0.818828805111,-0.573900699699,-0.0117525191499,0.0,-0.00834519268138,0.00857011350926,-0.999928452897,0.0,0.655415280547,0.252768035682,0.303561387871,1.0,-0.01592,-0.0209234285714,0.797
0.460340474783,0.512143562783,-0.124124572982,-1.41167065846,0.076079763938,1.91461295513,0.15188136556,-0.0114568816709,-0.0896314835091,-0.000875137659111,-0.135317996337,-0.0145080443804,0.0479170161842,-0.0220463589324,0.573928018423,0.818891191147,0.00214327582956,0.0,0.818850577409,-0.573868671316,-0.0117994431955,0.0,-0.00843266359557,0.00852721787764,-0.999928085784,0.0,0.655094486622,0.252373990243,0.303522516139,1.0,-0.0163,-0.0214228571429,0.816
0.460135352563,0.510703863412,-0.124125559057,-1.4139701486,0.0759401249904,1.91549024178,0.151559362033,-0.0129417134244,-0.0845671131295,-0.000756328014394,-0.131934838959,-0.00671174362226,0.0520864262417,-0.0194179576071,0.573915691235,0.818899797119,0.00215604581597,0.0,0.818859337258,-0.573856283522,-0.0117940048392,0.0,-0.0084210098615,0.00853442700182,-0.999928122491,0.0,0.654818991833,0.252022057115,0.303512246279,1.0,-0.01664,-0.0218697142857,0.833
0.459970885525,0.509390399789,-0.124125151732,-1.41606048849,0.0758150321688,1.91626905,0.151276158184,-0.0100121050092,-0.0868282646003,0.000483178153882,-0.137487559486,-0.00267140291694,0.0479006370315,-0.0226013976491,0.573893379891,0.818915428138,0.00215800264067,0.0,0.818874933078,-0.573833905835,-0.0117999742415,0.0,-0.00842500808142,0.0085392257746,-0.999928047842,0.0,0.654558210951,0.251716472949,0.303504134297,1.0,-0.01694,-0.022264,0.848
0.459752895444,0.507876248224,-0.124131366563,-1.41844324897,0.0756591658717,1.9171153306,0.150938519344,-0.01301556269,-0.0878203002235,-0.00113061451497,-0.141977581731,-0.00607542215976,0.0500036069368,-0.0190512956499,0.573881127351,0.818924079948,0.00213303835678,0.0,0.818883282714,-0.573821775229,-0.0118104388786,0.0,-0.00844803158673,0.00852466155609,-0.99992797786,0.0,0.654262079231,0.251339687945,0.303502821965,1.0,-0.01728,-0.0227108571429,0.865
0.459550838086,0.506432365873,-0.124134354101,-1.42071515075,0.0755165978854,1.91795342,0.150619091641,-0.0160268505738,-0.0944081960809,-0.000290930344707,-0.147574736657,-0.0133590074546,0.0469623594189,-0.0231887849345,0.573868834621,0.818932689429,0.00213488543535,0.0,0.818891910502,-0.573809470991,-0.0118100303082,0.0,-0.00844676502668,0.008525812891,-0.999927978744,0.0,0.653963457428,0.250965461891,0.303502383923,1.0,-0.01762,-0.0231577142857,0.882
0.459331064248,0.504828638981,-0.124137661046,-1.42317375645,0.0753664224284,1.91890084629,0.150284377721,-0.010004565499,-0.0956512270361,-0.000913726759885,-0.149952340311,-0.0118699884082,0.059319365403,-0.0198510779129,0.573860884059,0.81893804667,0.00221548284094,0.0,0.818898337823,-0.573801231661,-0.011764597558,0.0,-0.00836339078237,0.00856566248672,-0.999928338993,0.0,0.653688407514,0.250612814226,0.303536634926,1.0,-0.01794,-0.0235782857143,0.898
0.45910111173,0.503170833294,-0.124140818793,-1.42565041051,0.075209764463,1.91983701107,0.149941414556,-0.0144924515631,-0.099606234045,0.000563285616506,-0.145572463718,-0.00514354974742,0.0539159490568,-0.0202211127881,0.573855505793,0.818941546936,0.00231259043477,0.0,0.818903145157,-0.573795535615,-0.0117076496763,0.0,-0.00826108572121,0.00861245262354,-0.999928787526,0.0,0.653390852553,0.250226889279,0.3035969508,1.0,-0.01828,-0.0240251428571,0.915
0.458871694273,0.501477211057,-0.124144732503,-1.42816505907,0.0750435668023,1.92075853621,0.149593156973,-0.00918798301823,-0.0984468408239,-0.00187025721264,-0.147215213154,-0.011659377562,0.0583657828623,-0.021784948644,0.5738444773,0.818949044085,0.00239289891016,0.0,0.818911754918,-0.573784289164,-0.0116565032035,0.0,-0.00817323171572,0.00864875954925,-0.999929196114,0.0,0.653081623933,0.249834465051,0.303662259051,1.0,-0.01862,-0.024472,0.932
0.45864762929,0.499867429,-0.124144763159,-1.43061351302,0.074892915699,1.92161722898,0.149245565118,-0.0152648200926,-0.100804435793,0.00122811491465,-0.155319715486,-0.00981769599743,0.0558008901124,-0.0177017075816,0.573825797159,0.818962069384,0.00241460693663,0.0,0.818924918742,-0.573765381568,-0.0116623873519,0.0,-0.00816579222614,0.00866972742749,-0.999929075317,0.0,0.652749022127,0.249425232809,0.30369535754,1.0,-0.01896,-0.0249188571429,0.949
0.458391277075,0.49819622962,-0.124145145805,-1.43324302449,0.0747258015049,1.92260172564,0.148870279599,-0.0202060363728,-0.093364636654,0.00046977495038,-0.155129318584,-0.00857221138386,0.0562683679025,-0.0242898656989,0.573818636469,0.818967038397,0.00243091787863,0.0,0.818930149261,-0.573758216409,-0.0116476021449,0.0,-0.00814439993166,0.00867453013367,-0.999929208133,0.0,0.6524482485,0.249035403685,0.303693692826,1.0,-0.01928,-0.0253394285714,0.965
0.458131029015,0.496519282088,-0.124144911991,-1.43591253386,0.0745605542198,1.92355523529,0.148472515281,-0.0105900656404,-0.0947267699796,-0.000900280858667,-0.154450198202,-0.00527530308146,0.0620290923121,-0.0235183399728,0.573796250152,0.818982820434,0.00239792546127,0.0,0.818945404137,-0.573735846282,-0.0116769274654,0.0,-0.00818758483216,0.00866411403997,-0.999928945767,0.0,0.652110830608,0.248609417212,0.30367460335,1.0,-0.01962,-0.0257862857143,0.982
0.457860442924,0.494845632248,-0.124145122783,-1.43863639568,0.0743819088549,1.92449517237,0.148082481818,-0.0146776175925,-0.098229111613,-0.000496195292442,-0.164714495833,-0.0170723313147,0.0562864582349,-0.0230579273454,0.57378724665,0.818989411537,0.00229918979205,0.0,0.818950646378,-0.57372713777,-0.0117369964143,0.0,-0.00829352788405,0.00861762773886,-0.999928474386,0.0,0.651759540693,0.248167106819,0.303625598909,1.0,-0.01996,-0.0262331428571,0.999
0.457583864796,0.49312414191,-0.124151449452,-1.44143587463,0.0742011712856,1.92551770881,0.147693846743,-0.0139196385605,-0.109191625948,-0.000992325246495,-0.173649017519,-0.0190886346531,0.0734546436967,-0.0212983487212,0.573791777443,0.818986388904,0.00224451130344,0.0,0.818946925798,-0.573731887689,-0.0117643816991,0.0,-0.0083472814894,0.0085886064748,-0.999928276793,0.0,0.651409327594,0.247714281263,0.303580640815,1.0,-0.0212142857143,-0.0278816326531,1.016
0.457313272136,0.49136542175,-0.12414759469,-1.44423011201,0.0740296603176,1.92653054287,0.147291852185,-0.0126693186017,-0.112905625737,-0.00060567745339,-0.180620372279,-0.00767225510424,0.0634480369677,-0.0228786020606,0.573774809245,0.818998325494,0.00222665998769,0.0,0.818958510119,-0.573714866531,-0.0117880246725,0.0,-0.00837706581446,0.00858737908753,-0.999928038255,0.0,0.651053799429,0.247273402516,0.303562172424,1.0,-0.0225308571429,-0.0296119836735,1.032
0.456992664828,0.489424716202,-0.124155464627,-1.44739031348,0.0738347745864,1.9276367584,0.146849259882,-0.0139128531628,-0.121628418944,-0.000502645896458,-0.187134277613,-0.00693484209996,0.0634025379201,-0.0199223442459,0.573785125461,0.818991357027,0.00212927586213,0.0,0.818950134546,-0.573725420781,-0.0118560354725,0.0,-0.00848853432119,0.00854675210628,-0.999927446275,0.0,0.650647297912,0.246754961732,0.303503900581,1.0,-0.0239297142857,-0.0314504816327,1.049
0.456648741085,0.4872732713,-0.124164257954,-1.45069274289,0.0736298520718,1.92890152483,0.146366867636,-0.0188636514747,-0.135571157132,0.000467874343905,-0.194600554282,-0.0172348195813,0.0812753285555,-0.0350975012712,0.573786669467,0.818990027562,0.00222252035002,0.0,0.818950060844,-0.573726641366,-0.0118019376316,0.0,-0.00839071163764,0.00859209308721,-0.999927883347,0.0,0.650248057758,0.246215844966,0.303536974193,1.0,-0.0253285714286,-0.0332889795918,1.066
0.456228773227,0.484757937635,-0.124185128537,-1.45452782764,0.0733915293992,1.93033228387,0.1457861886,-0.0249838475188,-0.136530150988,-0.00158272960976,-0.205573543674,-0.0104012622128,0.0695674890247,-0.0318992282535,0.573794863399,0.818984036607,0.00231288155306,0.0,0.818945287871,-0.57373453424,-0.0117493231684,0.0,-0.00829568781298,0.00863599100134,-0.999928298041,0.0,0.649782279668,0.245568108431,0.303582730189,1.0,-0.026892,-0.0353437714286,1.085
0.455894613716,0.482646770977,-0.124222037936,-1.45777119559,0.0731881227718,1.93142121419,0.145304530407,-0.0256340936063,-0.148366373989,0.000674932314039,-0.225607879002,-0.0111438379477,0.0650017892347,-0.0248291379712,0.573804128461,0.818977657453,0.00227280779074,0.0,0.818938341578,-0.573743901855,-0.0117760213382,0.0,-0.00834044933911,0.00861858503803,-0.999928075862,0.0,0.649360856227,0.245014491001,0.303599230412,1.0,-0.0281262857143,-0.0369659755102,1.1
0.455462251009,0.480025863174,-0.124258336063,-1.46186692387,0.0729445725073,1.93290872962,0.144692843837,-0.0237116924842,-0.149839455188,-0.000338165336927,-0.228712878076,-0.00888513077282,0.0825027946852,-0.0324557642211,0.573817759267,0.818968078981,0.00228290625004,0.0,0.818928825189,-0.573757420901,-0.0117791399171,0.0,-0.00833706570216,0.00862878353753,-0.999928016124,0.0,0.648846900349,0.244323891902,0.303596944915,1.0,-0.0296074285714,-0.0389126204082,1.118
0.455021753843,0.477412215481,-0.124268673245,-1.46581827005,0.0726925842448,1.93437660413,0.144122503201,-0.0291518523771,-0.162568368173,0.000155520969353,-0.230695885266,-0.00920980378055,0.0890546627086,-0.0330560899524,0.573842231161,0.818950627804,0.002389530852,0.0,0.818912795468,-0.573781527761,-0.0117191603572,0.0,-0.00822650345464,0.00868193367069,-0.999928471776,0.0,0.648358147051,0.243657913258,0.303653992449,1.0,-0.0310062857143,-0.0407511183673,1.135
0.454607121038,0.475045128319,-0.124285731305,-1.46948998396,0.0724650301774,1.9357221041,0.143599077102,-0.0251128166708,-0.166257542956,-0.00070177864668,-0.24523761553,-0.0134814562445,0.0859273437617,-0.036977185234,0.573881040681,0.818923337116,0.00242197752624,0.0,0.818885892624,-0.573820178003,-0.0117066254418,0.0,-0.00819720701961,0.00870170115462,-0.999928540544,0.0,0.647898749961,0.243030631546,0.303661767399,1.0,-0.0322405714286,-0.042373322449,1.15
0.454136964164,0.472255159393,-0.124284104559,-1.47380764122,0.0721967178349,1.9372100105,0.142959914712,-0.0289728054688,-0.161762062013,0.00176476205304,-0.255539119193,-0.0102415654058,0.0836883299772,-0.0393346512014,0.573875149309,0.818927544412,0.00239518469258,0.0,0.818889478112,-0.573814096446,-0.011753818909,0.0,-0.00825129417944,0.00870678375682,-0.999928051442,0.0,0.647327702645,0.24231133376,0.303664826389,1.0,-0.0336394285714,-0.0442118204082,1.167
0.453646840393,0.46932680327,-0.124285738144,-1.47824732319,0.0719134711853,1.93886712729,0.142272316227,-0.0291888342452,-0.178730389082,0.000631011489287,-0.26089246659,-0.0136952757593,0.09698520803,-0.0477452344817,0.573849162359,0.818945388203,0.00251732038522,0.0,0.818908902157,-0.573787659629,-0.0116909591766,0.0,-0.00813000625682,0.00877047206248,-0.999928488352,0.0,0.64676687842,0.241573812506,0.30371813316,1.0,-0.0350382857143,-0.0460503183673,1.184
0.453173981231,0.466496696941,-0.124288248036,-1.48255481396,0.0716175659732,1.94047555432,0.141568566065,-0.0290513735127,-0.186130321935,8.46308276316e-05,-0.281089005985,-0.0148842098722,0.0946757909297,-0.0387168403766,0.573784713193,0.818990237865,0.00261535649093,0.0,0.818955188421,-0.573723053049,-0.0116191505459,0.0,-0.00801563488436,0.00880892033034,-0.999929073745,0.0,0.646219890465,0.240856530212,0.303760380197,1.0,-0.0363548571429,-0.0477806693878,1.2
0.45263469212,0.463390559624,-0.124296072659,-1.48742676055,0.0712917257236,1.94211251501,0.140848570649,-0.0290393236555,-0.178280084466,0.000113136361669,-0.286757679802,-0.0189038598912,0.102049666383,-0.0492175576326,0.573781320281,0.818992972612,0.00250084193594,0.0,0.818956272771,-0.573719885481,-0.0116988543912,0.0,-0.00814665363326,0.0087608329822,-0.999928437359,0.0,0.64555991004,0.240028459599,0.303725198378,1.0,-0.0377537142857,-0.0496191673469,1.217
0.452068400962,0.460203558398,-0.124292818195,-1.49241573272,0.0709540055301,1.94386057724,0.140116649522,-0.0350434231572,-0.186029247992,0.00044323792,-0.293136384994,-0.0277966046163,0.0985187563318,-0.044879024501,0.573782831431,0.818992076622,0.0024469749692,0.0,0.818954597203,-0.573721507125,-0.0117365618543,0.0,-0.00820842703588,0.00873836733294,-0.999928128748,0.0,0.644895366153,0.239182876062,0.303697023364,1.0,-0.0391525714286,-0.0514576653061,1.234
0.45138725351,0.456554709472,-0.124306698685,-1.49815173404,0.070576090095,1.9459067391,0.139233721844,-0.0390729451041,-0.190265644366,-0.000837838828427,-0.306198613119,-0.0207275216989,0.108264126147,-0.0416515183277,0.573789264499,0.818987698062,0.00240359513956,0.0,0.818949587189,-0.573728028561,-0.0117673186449,0.0,-0.00825843830904,0.00872055225537,-0.999927872481,0.0,0.644143246832,0.238185605762,0.303654894814,1.0,-0.040716,-0.0535124571429,1.253
0.45086599189,0.453781806614,-0.124332890563,-1.50252145874,0.070269522988,1.94739786796,0.138541838073,-0.0416380216691,-0.203865221444,0.000132414559981,-0.313118249006,-0.0230836408904,0.108602112318,-0.0492257634205,0.57378400314,0.818991688712,0.00229749056184,0.0,0.818952253383,-0.573723228663,-0.0118156875658,0.0,-0.00835898714622,0.00866135434198,-0.999927551513,0.0,0.643557456796,0.23740852482,0.30361060448,1.0,-0.041868,-0.0550265142857,1.267
0.450141609719,0.449747340093,-0.124389597914,-1.50851567645,0.0698726273318,1.94964357605,0.137607023546,-0.0444458614266,-0.209975035244,-0.00273018505422,-0.319157539614,-0.0213777167748,0.120360691815,-0.0409954496424,0.573817179168,0.818967783338,0.00252223062936,0.0,0.818931591473,-0.573755911777,-0.0116597208105,0.0,-0.00810194695964,0.0087562510337,-0.99992884073,0.0,0.642800178188,0.236344709605,0.303722208363,1.0,-0.0434314285714,-0.0570813061224,1.286
0.449462777116,0.446063346555,-0.124417809097,-1.51412369038,0.0694823450379,1.95149006169,0.136785066833,-0.0373475167159,-0.222325345883,-0.00249512839392,-0.33627450714,-0.0221696248326,0.115022972006,-0.0492847511842,0.573864216923,0.818935057703,0.00244513856971,0.0,0.818897801217,-0.573803151983,-0.0117081526272,0.0,-0.00818534602227,0.00872137635093,-0.999928466294,0.0,0.642028052476,0.235344121396,0.303738579096,1.0,-0.0448302857143,-0.0589198040816,1.303
0.448816940742,0.442580953442,-0.124411871296,-1.51949648348,0.0691061850209,1.95339448,0.135933467791,-0.0399581684751,-0.220352894805,0.00074394717143,-0.336791059612,-0.024197169959,0.125101155175,-0.0620091781901,0.573826728753,0.81896132639,0.00244502492745,0.0,0.818924072483,-0.57376567323,-0.0117073751587,0.0,-0.00818517370488,0.00872046245641,-0.999928475675,0.0,0.641300856176,0.234416574549,0.3037300453,1.0,-0.0461468571429,-0.060650155102,1.319
0.448092332168,0.4388212271,-0.12441284225,-1.52534363052,0.0687153883963,1.95545494129,0.134975401895,-0.0430944375718,-0.212712765377,0.00112407605489,-0.348838090939,-0.0252563000631,0.117415201112,-0.0550899836732,0.573786814722,0.818989370116,0.00241863391227,0.0,0.818951611768,-0.573725689304,-0.0117404393518,0.0,-0.00822782103219,0.00871742127722,-0.999928152183,0.0,0.640506157222,0.233391678814,0.303696248359,1.0,-0.0475457142857,-0.0624886530612,1.336
0.447224556164,0.434410214521,-0.124435563923,-1.53198022047,0.0682533532493,1.95783834922,0.133907628943,-0.0470376779838,-0.23886208237,-0.000871003450794,-0.349092408898,-0.0291969753427,0.123483743804,-0.051821198567,0.573801764878,0.818978543355,0.00253516230463,0.0,0.818942460057,-0.573740389563,-0.0116601630216,0.0,-0.00809505417329,0.00876694296575,-0.99992880287,0.0,0.639625646111,0.232189933749,0.303755583535,1.0,-0.0491091428571,-0.064543444898,1.355
0.44646842136,0.430639359627,-0.124457596033,-1.5377745049,0.067834331766,1.95986595923,0.132983040288,-0.0536145204521,-0.236424586532,-0.00395802824615,-0.366902077221,-0.0286561578922,0.118352096592,-0.0566646179243,0.573813625431,0.818970293015,0.00251581597443,0.0,0.818934118516,-0.573752489852,-0.0116506145685,0.0,-0.00809820746322,0.00874573730397,-0.999928963034,0.0,0.638838381741,0.231134989982,0.30374465008,1.0,-0.0504257142857,-0.0662737959184,1.371
0.445650338735,0.426517747633,-0.124506795703,-1.54417933399,0.0673728787629,1.9619260781,0.131951485557,-0.0470336850597,-0.23631374126,-0.00176203666966,-0.377888477302,-0.0269960468832,0.135750704306,-0.0603259206271,0.573819320954,0.81896691797,0.00230674490377,0.0,0.818927973291,-0.57375889104,-0.0117667504022,0.0,-0.00831322396886,0.00864121302471,-0.999928107288,0.0,0.637924534644,0.229955378639,0.303682120623,1.0,-0.0518245714286,-0.0681122938775,1.388
0.444946377489,0.423029542565,-0.124528231479,-1.54942549421,0.0669985542573,1.96375690841,0.131062325418,-0.0515772258954,-0.250645174757,-0.000358345280831,-0.383295827398,-0.0314894716883,0.137044795656,-0.0663312548853,0.573800952497,0.818979653006,0.00235409798304,0.0,0.818941419649,-0.573740447565,-0.0117301710088,0.0,-0.00825628911124,0.00865881835111,-0.999928426716,0.0,0.637205843265,0.228990947711,0.303715416887,1.0,-0.0529765714286,-0.0696263510204,1.402
