position_joint1,position_joint2,position_joint3,position_joint4,position_joint5,position_joint6,position_joint7,velocity_joint1,velocity_joint2,velocity_joint3,velocity_joint4,velocity_joint5,velocity_joint6,velocity_joint7,ee_T_00,ee_T_10,ee_T_20,ee_T_30,ee_T_01,ee_T_11,ee_T_21,ee_T_31,ee_T_02,ee_T_12,ee_T_22,ee_T_32,ee_T_03,ee_T_13,ee_T_23,ee_T_33,v_x,v_y,time
0.465066952915,0.547891021109,-0.123979681991,-1.35584476721,0.0794489959412,1.89409332043,0.159169282526,9.32407001088e-05,0.000715682452003,0.000268116705513,-0.000264428639494,-0.000115917407224,-0.000111858210533,-0.000316446502555,0.5738006126,0.818981283415,0.00180590620888,0.0,0.818936657475,-0.573743030005,-0.0119345492646,0.0,-0.00873821461124,0.00832713479671,-0.999927148562,0.0,0.661672597608,0.260879507632,0.303129957741,1.0,0.0,0.0,0.0
0.465064195346,0.547891021109,-0.123979918718,-1.35585011035,0.0794482838644,1.89409636861,0.159176005704,-0.000904231501602,-0.0011733221576,0.000633099186699,-0.000783104021265,-6.26007044466e-05,1.83844941176e-05,0.000460662313894,0.573808665967,0.818975646371,0.00180344502259,0.0,0.818930995411,-0.573751099588,-0.0119351320935,0.0,-0.00874002222857,0.00832553954468,-0.999927146048,0.0,0.661672793616,0.260877002751,0.30312768609,1.0,-0.00012,-0.000157714285714,0.007
0.465063794314,0.547882530566,-0.123982106486,-1.35584795888,0.0794464124772,1.89409238606,0.159173188099,-0.000415413294357,-0.00163666538421,-4.27725283722e-05,0.000416891568671,0.000160547600134,-0.000157132566167,0.00154683848534,0.573807560535,0.818976411009,0.00180792270185,0.0,0.818931844048,-0.573749999692,-0.0119297761673,0.0,-0.0087330777588,0.00832612153602,-0.999927201877,0.0,0.661673431281,0.260875266246,0.303134447871,1.0,-0.00044,-0.000578285714286,0.023
0.465063026272,0.547875476241,-0.1239849517,-1.35585541129,0.0794489959413,1.8940955616,0.159171639747,-0.000911735037534,0.00110004560271,-0.000947176494654,0.00136962688861,0.000301433005133,-0.000234985886608,0.00069187951553,0.573810010925,0.818974686679,0.00181130966096,0.0,0.818930150957,-0.573752423103,-0.0119294483597,0.0,-0.00873084102142,0.00832873334162,-0.999927199658,0.0,0.661673252082,0.260872954627,0.30313627315,1.0,-0.00078,-0.00102514285714,0.04
0.465062916308,0.547799691096,-0.123978951698,-1.35594019361,0.0794501869366,1.89410844153,0.159169282503,0.000553337634853,-0.00778556848364,0.00483427906182,-0.0111986459377,0.000346357595897,0.000955592892939,-0.000728828509482,0.573808878256,0.818975459197,0.00182081550461,0.0,0.818930933189,-0.573751141212,-0.0119374002854,0.0,-0.00873191102296,0.00834106899882,-0.999927087491,0.0,0.661656974202,0.260868355596,0.303150531331,1.0,-0.00114,-0.00149828571429,0.058
0.465061615136,0.547690123587,-0.123979670759,-1.356091054,0.0794468501311,1.89414127212,0.15917069155,-0.00138254870094,-0.0115715720076,0.00691388867431,-0.0110631556493,0.000425158478877,0.00131244241221,0.00135305769123,0.573818982947,0.818968386445,0.00181761217078,0.0,0.818923738888,-0.573761182116,-0.0119483339547,0.0,-0.008742600794,0.00834482725631,-0.999926962727,0.0,0.661632522003,0.260852298022,0.303159217349,1.0,-0.00144,-0.00189257142857,0.073
0.465050019217,0.547540766907,-0.123982246561,-1.35628976787,0.0794427714352,1.89418856102,0.159165911223,-0.000567944609709,-0.00844543005616,-8.81220195327e-05,-0.0124167813494,0.000360701805217,0.0062550629588,0.000565760998032,0.57383619167,0.81895632128,0.00182095215172,0.0,0.818911622983,-0.573778284469,-0.0119574628037,0.0,-0.00874798537368,0.0083529846201,-0.999926847524,0.0,0.661604182979,0.260824060097,0.303174625708,1.0,-0.00178,-0.00233942857143,0.09
0.465033195068,0.547367172558,-0.123981819161,-1.35649324421,0.0794388472243,1.89432283039,0.159153687953,-0.000835735262149,-0.00913780440287,0.000139551613561,-0.0101530013774,0.000133122513806,0.0105437146482,-0.00281380527865,0.573850359203,0.818946183964,0.00191309029075,0.0,0.818902686464,-0.573792061512,-0.0119082806771,0.0,-0.00865469162594,0.00840036765571,-0.999927262423,0.0,0.661593413944,0.260799808556,0.30321238382,1.0,-0.00212,-0.00278628571429,0.107
0.465004553469,0.547143229663,-0.123979767219,-1.35675718818,0.0794352734619,1.89446106216,0.159142683525,-0.00397688396288,-0.0161917256568,-0.000448614937075,-0.0195003578831,0.000528186422576,0.00590263209806,0.000592175257602,0.573877386127,0.818927028725,0.00200355115376,0.0,0.818884642356,-0.573818647423,-0.0118679941458,0.0,-0.00856951115928,0.00845161344869,-0.999927564231,0.0,0.661573575148,0.260762485923,0.303257309123,1.0,-0.00248,-0.00325942857143,0.125
0.464977500127,0.546932702304,-0.12398037556,-1.35705530345,0.0794249823764,1.89458081219,0.159120370275,-0.000223708299034,-0.0183735741927,-0.000123847965748,-0.0210422624539,0.000160285057387,0.00894280268307,-0.00182234107111,0.573895680713,0.81891413095,0.0020348684767,0.0,0.818872098352,-0.573836759597,-0.0118577728368,0.0,-0.00854297988361,0.00847158473756,-0.999927622254,0.0,0.66154240601,0.260718084562,0.303274929324,1.0,-0.0028,-0.00368,0.141
0.46492605267,0.546653780866,-0.123977972191,-1.35747696366,0.0794165798526,1.89472417737,0.159032275171,-0.00359396398993,-0.0171219175762,-5.92051311528e-06,-0.0216013947144,-0.000491831632927,0.00934411925686,-0.00668198073935,0.57388525377,0.818921409398,0.00204637140563,0.0,0.818879338164,-0.57382610048,-0.0118736193428,0.0,-0.00854946436668,0.00848998977058,-0.999927410732,0.0,0.661494942413,0.26064742704,0.30328412789,1.0,-0.00316,-0.00415314285714,0.159
0.464893057953,0.546411289526,-0.123984565812,-1.35787096089,0.0794014985106,1.89487278189,0.158941086894,-0.00150726664214,-0.0158041594611,-0.00126455300914,-0.0315510471848,-0.000381366337289,0.00624626233738,-0.00285076947547,0.573860284689,0.818938905232,0.00204696237851,0.0,0.818896792623,-0.573801083352,-0.0118788331558,0.0,-0.00855365407406,0.00849320502349,-0.999927347596,0.0,0.661451509697,0.260585847126,0.303281419867,1.0,-0.00346,-0.00454742857143,0.174
0.464849020496,0.546098735599,-0.123985362965,-1.35837810253,0.0793737547389,1.8950525201,0.158915544144,-0.00549504230836,-0.0159092123649,0.000256938810212,-0.0275063340248,-0.00460467964596,0.00986490728597,-0.00355416675699,0.573896750225,0.818913398738,0.00202789296499,0.0,0.818871020977,-0.573837605342,-0.0118911984969,0.0,-0.00857434561597,0.00848506632014,-0.999927239476,0.0,0.661387956838,0.260505447005,0.303272416002,1.0,-0.00382,-0.00502057142857,0.192
0.464787640446,0.545737763021,-0.123980352632,-1.35899604918,0.0792725073892,1.89524803957,0.158845247181,-0.00251374618153,-0.0254840719057,-0.00228824705108,-0.0364510144675,-0.0107173378162,0.00687284409107,0.00069516088998,0.573893595509,0.81891580221,0.00194854448008,0.0,0.818872881322,-0.573835257832,-0.0118763633276,0.0,-0.00860776380373,0.00841154103264,-0.999927573567,0.0,0.661319472923,0.260398432632,0.303255033416,1.0,-0.00416,-0.00546742857143,0.209
0.464727997121,0.545411156955,-0.12398038183,-1.35958695471,0.0792493689716,1.89544637587,0.158749512139,-0.00290899103016,-0.0229173969225,0.000790661702498,-0.0401046565096,-0.000130698095623,0.012911915632,-0.00593604358814,0.573890851416,0.818917842567,0.00189860139515,0.0,0.818874121224,-0.573832575269,-0.0119204048246,0.0,-0.00867251984635,0.00839588846987,-0.999927145574,0.0,0.661248690349,0.260302829391,0.303222195151,1.0,-0.00446,-0.00586171428571,0.224
0.464658405238,0.544934795075,-0.12398354148,-1.36037728509,0.0792269996271,1.89570802369,0.158671321165,-0.00604490819274,-0.0309307807324,0.000793185205296,-0.0438565560204,-0.00118704631052,0.00864654181099,-0.00398353959893,0.573924007639,0.818894678529,0.00186703865682,0.0,0.81885028085,-0.573865605122,-0.0119679451617,0.0,-0.00872922540192,0.00839767786023,-0.999926637124,0.0,0.66115183591,0.260181560752,0.303206017992,1.0,-0.00484,-0.00636114285714,0.243
0.464589886687,0.544533601789,-0.123989216146,-1.36105849707,0.0792022099879,1.89595735839,0.158579033125,-0.00318398529064,-0.0252175957771,-0.000268683369206,-0.0452645491303,-0.00250668950938,0.0205105173068,-0.00440882474657,0.573939947018,0.81888355172,0.00184738757776,0.0,0.818838763924,-0.57388149826,-0.0119938130871,0.0,-0.00876152339488,0.008396602669,-0.999926363675,0.0,0.661075973457,0.26007028903,0.303187539975,1.0,-0.00516,-0.00678171428571,0.259
0.464527745745,0.544069049572,-0.123989929694,-1.36181645784,0.0791664247698,1.89622439025,0.158486551072,-0.00581139556061,-0.0351858710461,0.00157388859997,-0.0488569735661,-0.00203830326873,0.0187667576077,-0.00761455907847,0.573948250711,0.818877771196,0.00182982220498,0.0,0.81883263865,-0.573889766348,-0.0120163581389,0.0,-0.00878998156737,0.00839524751263,-0.999926125293,0.0,0.660985384013,0.259957257165,0.303178682583,1.0,-0.00548,-0.00720228571429,0.275
0.464443722138,0.543553763572,-0.12399781129,-1.3626572486,0.0791246207787,1.8965078548,0.158383982368,-0.00694532458033,-0.0295056262915,-0.00326998950971,-0.0459344752874,-0.00218724645869,0.0241151972305,-0.00735516764324,0.573974105042,0.818859721874,0.00179709082905,0.0,0.818814072671,-0.573915675388,-0.0120440375692,0.0,-0.00883116868461,0.00838461037528,-0.999925851635,0.0,0.660887896281,0.259816588708,0.303167902201,1.0,-0.00582,-0.00764914285714,0.292
0.464377288694,0.542993432077,-0.124003377848,-1.36353685806,0.0790639080311,1.89682971166,0.158259898691,-0.00206160251325,-0.0365594148056,-0.000721086873193,-0.0571625674762,-0.00242956127012,0.0203279128446,-0.0067310011593,0.573963519912,0.818867149124,0.00179354325961,0.0,0.818821538309,-0.573905187549,-0.0120362372009,0.0,-0.00882692540775,0.00837711420658,-0.999925951931,0.0,0.660786148172,0.259684429542,0.303173668734,1.0,-0.00616,-0.008096,0.309
0.464305879173,0.542437717892,-0.123999557198,-1.36439927356,0.0790111595646,1.89713185086,0.158137583886,-0.000603818752037,-0.0368994699862,0.000148164633387,-0.0518796767996,-0.00252900592514,0.0178645934215,-0.0150284606125,0.57395288984,0.818874605883,0.00179080562017,0.0,0.818828912527,-0.573894526412,-0.0120429010274,0.0,-0.00883406237233,0.00837858257894,-0.999925876601,0.0,0.66068287027,0.259556360191,0.303182275188,1.0,-0.00648,-0.00851657142857,0.325
0.464232702537,0.541818939253,-0.124002028628,-1.36535625276,0.0789587990731,1.89750021307,0.158023070308,-0.00332259179753,-0.0383680705129,-0.000221564598151,-0.0557690349308,-0.00362142607941,0.0211531616435,-0.00645862770292,0.573960024589,0.81886954525,0.00181794841073,0.0,0.818824179649,-0.573901516018,-0.0120316098402,0.0,-0.00880916513325,0.0083944048141,-0.999925963548,0.0,0.660574401291,0.259417643966,0.303196355897,1.0,-0.00682,-0.00896342857143,0.342
0.464133274521,0.541120976844,-0.124004265808,-1.36641621777,0.078896377139,1.89789920439,0.157886350413,-0.00787520599243,-0.0487325417612,-0.000202017449915,-0.0612767087798,-0.00368504226163,0.0313735589827,-0.009141512565,0.573973187846,0.818860247842,0.0018496048081,0.0,0.818815293069,-0.573914537674,-0.0120152479582,0.0,-0.00877746282595,0.00841107681562,-0.999926102236,0.0,0.660457506773,0.259250999801,0.303219944122,1.0,-0.00718,-0.00943657142857,0.36
0.46405381288,0.540456742472,-0.124002719246,-1.36743314655,0.0788413723788,1.89826463285,0.157748767335,-0.0080435322976,-0.0443099025352,0.000566414382369,-0.0626142590991,-0.00447835654946,0.0222010530509,-0.00762714401304,0.57396604991,0.818865216456,0.00186486728248,0.0,0.818820367797,-0.573907245244,-0.0120177384987,0.0,-0.0087708160576,0.00842492741504,-0.999926043957,0.0,0.660336314143,0.259103332689,0.303237044227,1.0,-0.0075,-0.00985714285714,0.376
0.463953009185,0.539718304975,-0.124003667307,-1.36857486259,0.0787728128731,1.89869550322,0.157615711227,-0.0018087480826,-0.0488161406177,0.000362348830461,-0.0661730215717,-0.00348658773182,0.0220319783566,-0.0108627181649,0.573985187909,0.818851749688,0.00188758982428,0.0,0.818807200767,-0.573926285953,-0.012005547316,0.0,-0.00874759442675,0.00843674090577,-0.99992614777,0.0,0.660207950629,0.258928545113,0.303252829646,1.0,-0.00784,-0.010304,0.393
0.463852867362,0.538963462426,-0.124011715641,-1.36974131485,0.0787016384548,1.89914185936,0.157469336317,-0.00656269617804,-0.0416197409839,-0.00201478623424,-0.0690957921109,-0.00119291686707,0.0253356621071,-0.00520671077316,0.573998479518,0.818842371462,0.00191392546376,0.0,0.818798223158,-0.573939518337,-0.0119852386557,0.0,-0.008715711589,0.00844679016087,-0.999926341341,0.0,0.660078754576,0.258747994375,0.303269882146,1.0,-0.00818,-0.0107508571429,0.41
0.463744544431,0.538220944914,-0.124016670435,-1.37088269731,0.0786399104116,1.89958404656,0.157334056622,-0.00514210185309,-0.046192674686,-0.00208787568551,-0.074698694865,-0.00242562609956,0.0297350734975,-0.00461875197619,0.574026474503,0.818822655494,0.00195251643926,0.0,0.818778987579,-0.573967323967,-0.0119677657778,0.0,-0.00867896421583,0.00846865687837,-0.999926476013,0.0,0.659954853957,0.258567906415,0.303289586236,1.0,-0.0085,-0.0111714285714,0.426
0.463625870014,0.537383450145,-0.124015784911,-1.37221312479,0.0785633914998,1.90008178306,0.157172073031,-0.00171842077676,-0.0456471297507,0.000767585667715,-0.069658906284,-0.0103283146936,0.0315107239526,-0.00141461831264,0.57404327357,0.818810866008,0.00195772256186,0.0,0.818767218405,-0.573984052545,-0.011970647039,0.0,-0.00867816142041,0.00847475163465,-0.999926431343,0.0,0.659802630695,0.258364574399,0.303290872275,1.0,-0.00886,-0.0116445714286,0.444
0.463520627786,0.536587260458,-0.124022884726,-1.37345568927,0.0784962826053,1.90055436541,0.157016332276,-0.00765016549832,-0.0493206868943,-0.000274788755868,-0.0766735844225,-0.000749482578684,0.0289448311544,-0.0110884853178,0.574057401665,0.818800903387,0.00198169309342,0.0,0.818757535551,-0.573998045926,-0.0119619460554,0.0,-0.00865713094977,0.00848953327462,-0.999926488252,0.0,0.659662219365,0.258175187122,0.303302750026,1.0,-0.00918,-0.0120651428571,0.46
0.463404053841,0.535734094912,-0.124031814025,-1.37481984106,0.0784088158498,1.9010401706,0.156841939274,-0.0126130426744,-0.0470499767328,-0.00377142649977,-0.0831579423152,-0.00384409402043,0.0238981272846,-0.0100915635252,0.574067723513,0.818793730715,0.00195506111109,0.0,0.818750061506,-0.574008523481,-0.0119707416585,0.0,-0.00867951358781,0.00847288594692,-0.999926435418,0.0,0.659501895152,0.257961207577,0.303298007147,1.0,-0.00952,-0.012512,0.477
0.46327154031,0.534787650281,-0.124030520096,-1.37634904212,0.0783290341432,1.9016001528,0.156656984789,-0.00674081804782,-0.047422844053,0.000849247953062,-0.0814450614479,6.99337046018e-06,0.0314836831385,-0.00912510250308,0.574086381721,0.818780680769,0.00194165482999,0.0,0.818736684597,-0.574027087942,-0.0119954368181,0.0,-0.00870723709747,0.00847628415293,-0.999926165589,0.0,0.659321474589,0.257730568795,0.303286488223,1.0,-0.00988,-0.0129851428571,0.495
0.463136393937,0.533825955535,-0.124035435617,-1.37792094542,0.0782397325802,1.90217572661,0.156467087846,-0.00342332641757,-0.0549436438061,-0.000543058504392,-0.0812759474433,-0.00100435030833,0.0298542265131,-0.0165137872886,0.574107143578,0.818766191877,0.0019124941373,0.0,0.818721754526,-0.574047913126,-0.0120178618382,0.0,-0.00874212401638,0.00846550387464,-0.999925952514,0.0,0.659136837931,0.257489263759,0.303266749652,1.0,-0.01024,-0.0134582857143,0.513
0.463015944138,0.532997462372,-0.124033972503,-1.37925222532,0.0781605886466,1.90268235645,0.156296029076,-0.00941296430373,-0.0518520665947,0.000404236238689,-0.0918189725621,-0.0063460555212,0.0304067007515,-0.01005559616,0.574116316107,0.818759753862,0.00191518559304,0.0,0.818715331942,-0.574057053861,-0.012018779314,0.0,-0.00874123528959,0.00846833215404,-0.999925936335,0.0,0.658984778307,0.257285151171,0.30326121947,1.0,-0.01054,-0.0138525714286,0.528
0.462888895986,0.532039885561,-0.124034706186,-1.38080953015,0.0780739262208,1.90325097833,0.156091105761,-0.00785106592053,-0.055960358023,-4.38000370824e-05,-0.0945114291123,-0.0070140636705,0.0313601516524,-0.0153369183951,0.574114778707,0.818760886967,0.00189149261481,0.0,0.818716052311,-0.574055519081,-0.0120429897575,0.0,-0.00877467614049,0.00846281670164,-0.999925690135,0.0,0.658798068833,0.257053293356,0.303244408038,1.0,-0.01088,-0.0142994285714,0.545
0.462754210138,0.531016387432,-0.124033701294,-1.38243342498,0.0779744485652,1.90383515284,0.155893990537,-0.00936927811027,-0.0609332501652,0.00104755186493,-0.0954375911807,-0.00355540908909,0.0280130168973,-0.0116673123184,0.574124532377,0.818754081204,0.00187689550404,0.0,0.818709014467,-0.574065295172,-0.0120554307878,0.0,-0.00879314188186,0.00845811267688,-0.999925567723,0.0,0.65860250577,0.25680939881,0.303243409628,1.0,-0.01122,-0.0147462857143,0.562
0.462630016363,0.530098128943,-0.124039606083,-1.38388439612,0.0778886109555,1.90434413018,0.155699101053,-0.00829311926858,-0.0607728872453,-0.000517565801276,-0.0956756881759,-0.00359068192327,0.027891712099,-0.00917508869567,0.574126409418,0.818752810465,0.00185695072703,0.0,0.818707431556,-0.574067209781,-0.0120717467357,0.0,-0.00881793181702,0.00845117068025,-0.999925408114,0.0,0.658427254886,0.256584674631,0.303244057598,1.0,-0.01152,-0.0151405714286,0.577
0.462490498715,0.52904123781,-0.124041816988,-1.38552831202,0.077782863688,1.90497127215,0.15547973382,-0.0102057788822,-0.0673464231997,0.00021600593308,-0.0932645812631,-0.00163836775366,0.0392037714443,-0.0206645365831,0.574118333516,0.81875840704,0.00188598075469,0.0,0.818713476448,-0.574059074316,-0.0120486339211,0.0,-0.00878242503891,0.00846158239978,-0.999925632552,0.0,0.658226076653,0.256322513901,0.303258694402,1.0,-0.01188,-0.0156137142857,0.595
0.462342796715,0.527867427472,-0.124040379691,-1.38734373883,0.0776603740771,1.90568289565,0.155224459867,-0.0051136355673,-0.0668367258829,5.38829210105e-05,-0.101384559789,-0.0116407841512,0.0396818024674,-0.0123411207477,0.574100229777,0.818770987942,0.00193452230453,0.0,0.818726809965,-0.574040878404,-0.0120094740413,0.0,-0.00872268198109,0.00847865032207,-0.999926010917,0.0,0.658017822028,0.256050052244,0.303280241582,1.0,-0.01224,-0.0160868571429,0.613
0.462208357,0.526766642168,-0.124040961157,-1.38901839436,0.0775702579992,1.90630845353,0.154992858157,-0.00780050704989,-0.0689372475132,0.00111257909267,-0.108722734244,-0.00405204334034,0.0413125096364,-0.00845584999098,0.574086863867,0.818780231837,0.00198786026637,0.0,0.818736658779,-0.574027198315,-0.0119919167451,0.0,-0.00867782558842,0.00851209983287,-0.99992611702,0.0,0.657830854942,0.255822513238,0.30331627427,1.0,-0.01254,-0.0164811428571,0.628
0.462052703451,0.525585485285,-0.124051364376,-1.39084749104,0.0774460038331,1.90698200195,0.154756268479,-0.00784491330981,-0.0671902554412,-0.00286560257978,-0.10730582795,-0.00887851024671,0.0376977139309,-0.0114178101432,0.574092921417,0.818775955672,0.00199972355675,0.0,0.81873268038,-0.574033345603,-0.0119692571237,0.0,-0.00865239852203,0.00850886863904,-0.999926364866,0.0,0.657616101634,0.255538114771,0.303335371793,1.0,-0.01288,-0.016928,0.645
0.461896494149,0.524399281351,-0.124052058057,-1.39272483663,0.0773278877213,1.90764545256,0.154484533145,-0.0146120426166,-0.0769162966465,-0.00281249629616,-0.112877094573,-0.00579175728846,0.0331025041433,-0.0141075323547,0.574067683793,0.818793712074,0.00197443510527,0.0,0.818750070194,-0.574008181603,-0.0119865304602,0.0,-0.00868132100825,0.00849781226825,-0.999926208203,0.0,0.657385116097,0.255253696769,0.303333583851,1.0,-0.01322,-0.0173748571429,0.662
0.461744799605,0.523201837967,-0.124048530285,-1.39463511907,0.0771989246846,1.90835306591,0.154235188263,-0.00337350241037,-0.0677920202486,0.00207775769283,-0.116195600347,-0.0101252218334,0.038813214571,-0.0069095863753,0.574052853796,0.818804138246,0.00196243262121,0.0,0.818760408147,-0.573993471091,-0.0119848277887,0.0,-0.00868697032861,0.00848685012641,-0.999926252241,0.0,0.657153362755,0.254972215848,0.303327393952,1.0,-0.01356,-0.0178217142857,0.679
0.461592768924,0.52202707825,-0.124061568931,-1.39648045003,0.0771085661472,1.90908427068,0.153994980819,-0.0127262391947,-0.0760605704362,-0.00148886940224,-0.120654700357,0.000163019247898,0.0479638045299,-0.0117772410238,0.574064727724,0.818795673039,0.00202017251407,0.0,0.818752602972,-0.574005009249,-0.0119654245798,0.0,-0.00863781503407,0.00852311380418,-0.999926369631,0.0,0.656942170832,0.254696069441,0.303338491273,1.0,-0.01388,-0.0182422857143,0.695
0.461419908401,0.520705718131,-0.124059553535,-1.39859806165,0.0769706743973,1.90987702209,0.153701333265,-0.0074629022523,-0.0810237145876,0.000746817052243,-0.115053926958,-0.0096221841402,0.0409772236561,-0.0229402722459,0.57404023921,0.81881286435,0.00201093121481,0.0,0.818769719781,-0.5739806078,-0.0119647289849,0.0,-0.00864280489114,0.00851488941382,-0.999926396582,0.0,0.656686712355,0.254381224681,0.303327459259,1.0,-0.01424,-0.0187154285714,0.713
0.461271665937,0.519543619423,-0.124067246981,-1.40041171489,0.0768516489185,1.91052877085,0.153457839624,-0.0128498107739,-0.0784310020234,-0.000824099050049,-0.121743925092,-0.0114888455227,0.0414371624159,-0.019352919389,0.574031897848,0.818818726739,0.00200496765443,0.0,0.818775563148,-0.573972350272,-0.0119609872504,0.0,-0.00864325076341,0.00850777053276,-0.999926453324,0.0,0.65646491073,0.254104427606,0.30333695013,1.0,-0.01454,-0.0191097142857,0.728
0.461064999689,0.518041039628,-0.124063414223,-1.40275565099,0.0767001144477,1.91137204449,0.153136280377,-0.00821593999175,-0.0744431281545,0.000899342565724,-0.121791645458,-0.0129745334179,0.0388153624203,-0.0189575234479,0.574018332283,0.818828240692,0.00200333458556,0.0,0.818785043623,-0.573958781237,-0.0119631384761,0.0,-0.00864609061841,0.00850752498915,-0.999926430862,0.0,0.656178198243,0.253745337504,0.303348901439,1.0,-0.01492,-0.0196091428571,0.747
0.460899320624,0.516765938991,-0.124070614139,-1.4047787722,0.07657222474,1.91210105737,0.152859794568,-0.00799628849097,-0.0751214377882,1.61692075692e-05,-0.129835082106,-0.00301327886538,0.0499511839,-0.0171946820927,0.574005091821,0.818837572259,0.0019828569133,0.0,0.818794118915,-0.57394563896,-0.0119725206454,0.0,-0.00866566450189,0.00849600296601,-0.999926359385,0.0,0.65592861605,0.253437915123,0.3033439696,1.0,-0.01524,-0.0200297142857,0.763
0.460719467191,0.515476511888,-0.124074837911,-1.40682788221,0.0764420075256,1.91289317546,0.152566146176,-0.0156646392842,-0.0822745010019,0.00018692029745,-0.132508961147,-0.0063373255622,0.0509640872929,-0.0276332380466,0.5739881016,0.818849430146,0.0020042135417,0.0,0.818806333311,-0.573928638003,-0.01195215088,0.0,-0.008636902676,0.00850161881741,-0.999926560498,0.0,0.655688190853,0.253123938688,0.303341731572,1.0,-0.01556,-0.0204502857143,0.779
0.460521321864,0.514000788,-0.124080581516,-1.40921054367,0.0762964247842,1.91373159846,0.152262564883,-0.0130373819184,-0.080928813234,-0.00150987749602,-0.133111012635,-0.0129268239432,0.0473538858186,-0.0240684220553,0.573991661527,0.818847079079,0.00194434633228,0.0,0.818803120624,-0.573932370591,-0.0119929372841,0.0,-0.00870462595595,0.00847604603288,-0.999926190341,0.0,0.655387647711,0.252760743115,0.303315016401,1.0,-0.01592,-0.0209234285714,0.797
0.460340526954,0.512676586421,-0.124078652221,-1.41136746131,0.0761731720056,1.91447258932,0.151954487963,-0.0128567774092,-0.0803647134603,-0.000298296304492,-0.130102675716,-0.0044413204247,0.047539504093,-0.0162919756144,0.573968794703,0.818863263031,0.00187778257238,0.0,0.818818258399,-0.57390962162,-0.0120479386814,0.0,-0.00878810609416,0.00845286624308,-0.999925656358,0.0,0.65509558374,0.252414910812,0.303284067319,1.0,-0.01626,-0.0213702857143,0.814
0.46015230066,0.511316770518,-0.124084434271,-1.41353172606,0.0760339280238,1.91530247641,0.151648872348,-0.00915455011038,-0.0857926483825,-0.000328530936191,-0.142464253822,-0.0155241736172,0.0491116665439,-0.0156372832081,0.573949393073,0.818876842087,0.00188642138897,0.0,0.818831997797,-0.573890230592,-0.012037836834,0.0,-0.00877507595366,0.00845393410381,-0.999925761764,0.0,0.654851214637,0.25210344945,0.303274833111,1.0,-0.01656,-0.0217645714286,0.829
0.459951938834,0.509841921744,-0.124093327293,-1.41587152357,0.0758967163692,1.91618272488,0.151323235653,-0.0141250906934,-0.0859072821949,-0.000470285900944,-0.136533145048,-0.0106886699321,0.0565485655662,-0.0103246323302,0.573924515425,0.818894251839,0.00189784084586,0.0,0.818849483518,-0.573865235966,-0.012039983154,0.0,-0.00877053697224,0.00846425045687,-0.999925714314,0.0,0.654547351786,0.251729161214,0.303268786197,1.0,-0.01692,-0.0222377142857,0.847
0.45971768235,0.508156541988,-0.124094006865,-1.4185397522,0.0757213594886,1.9171294014,0.150956073014,-0.0123581997177,-0.0883542598366,-0.000240229245426,-0.144271203014,-0.0107483747669,0.048620951559,-0.0186020593382,0.573920749042,0.81889697324,0.00186224012853,0.0,0.818851775124,-0.573861658921,-0.0120546130949,0.0,-0.00880298745232,0.00844345377444,-0.999925604983,0.0,0.654231409232,0.251334229296,0.303261546561,1.0,-0.01728,-0.0227108571429,0.865
0.459525656579,0.506806031975,-0.124102125953,-1.42066345299,0.0755912571059,1.91790575042,0.150652594036,-0.014072174028,-0.0890429034079,-0.000396875086366,-0.144848096489,-0.00818212168216,0.0576570132927,-0.0272688602178,0.573910031576,0.818904482617,0.00186303705122,0.0,0.81885927709,-0.573850922209,-0.012056131428,0.0,-0.00880388404154,0.00844486253127,-0.999925585193,0.0,0.653970585813,0.25100135572,0.303262746775,1.0,-0.01758,-0.0231051428571,0.88
0.459314381967,0.505199206242,-0.124114318102,-1.4231250081,0.0754332635535,1.91885343495,0.150316546763,-0.00698413499227,-0.0891236416995,-0.00277749222852,-0.146892376179,-0.0147949500875,0.0611980820749,-0.0269804058926,0.573901034077,0.818910623456,0.00193410889189,0.0,0.818866482136,-0.573841750105,-0.0120032151071,0.0,-0.00871985581966,0.00847259763034,-0.99992608687,0.0,0.653676142161,0.250623947779,0.30329674878,1.0,-0.01792,-0.023552,0.897
0.459088075541,0.503530988327,-0.124115568487,-1.42560288909,0.0752746172783,1.91979072941,0.14997458671,-0.0152776909089,-0.0998889403708,0.000152480080587,-0.148451267632,-0.00660484374007,0.0618858073058,-0.013101880055,0.573891677762,0.818916924384,0.00203962128088,0.0,0.818874221306,-0.573832012004,-0.0119406273347,0.0,-0.00860814756235,0.00852298403665,-0.999926626577,0.0,0.653377598521,0.250241286436,0.303363926266,1.0,-0.01826,-0.0239988571429,0.914
0.458869935616,0.501939820074,-0.124125202778,-1.42796838696,0.0751208661824,1.92065824563,0.149638351345,-0.0131165036686,-0.0987252650456,-0.000228425806438,-0.147423934182,-0.0102597746896,0.0517313273666,-0.0227841077685,0.573883061356,0.818922791506,0.00210721206222,0.0,0.818881049993,-0.573823200403,-0.0118956943096,0.0,-0.00853265230148,0.00855245815475,-0.999927021989,0.0,0.653069344013,0.249843354353,0.303420500297,1.0,-0.0186,-0.0244457142857,0.931
0.458628410244,0.500130002165,-0.124120315546,-1.43072347561,0.0749473349785,1.92162324764,0.149256508684,-0.010185887452,-0.0986928960063,0.00627953069697,-0.153906773495,-0.0015960057953,0.0502725639596,-0.0250599568433,0.573856057209,0.818941647857,0.00213305192779,0.0,0.818900127281,-0.573795978991,-0.011895500533,0.0,-0.00851794818636,0.00857322659076,-0.999926969506,0.0,0.652733571833,0.249447348366,0.303459413495,1.0,-0.01894,-0.0248925714286,0.948
0.45840580934,0.49863586432,-0.124126089303,-1.43304150087,0.0748035025756,1.92249354889,0.148922232194,-0.0167602876734,-0.0967719549966,-3.19192298294e-06,-0.151949165608,-0.0110622239355,0.0604775284383,-0.0278450546552,0.573847846004,0.818947304491,0.00217002396996,0.0,0.818906277818,-0.573787632914,-0.0118746522746,0.0,-0.00847974481635,0.00859145529399,-0.999927137757,0.0,0.652451684044,0.249079277323,0.303473820368,1.0,-0.01924,-0.0252868571429,0.963
0.458147901415,0.496967745633,-0.124132903808,-1.43571330568,0.0746402602995,1.92344830612,0.148528055628,-0.0131147149231,-0.0968708970376,-0.00113649449288,-0.160095315413,-0.00623234924733,0.0574693998825,-0.0285006651503,0.573832336432,0.818958282566,0.00212790549467,0.0,0.818916614819,-0.573772201395,-0.0119073834493,0.0,-0.00853088152537,0.00857558393643,-0.999926839034,0.0,0.652114717895,0.248650690446,0.30344803688,1.0,-0.01958,-0.0257337142857,0.98
0.457885225495,0.495283900566,-0.124128824577,-1.43842551908,0.0744734466885,1.92438096432,0.148132462817,-0.0156671071956,-0.0958201377626,-2.55594248479e-05,-0.161782576445,-0.00444758304897,0.0565336174381,-0.0188744223889,0.573812026031,0.818972713555,0.00204942327922,0.0,0.818929827136,-0.573752021286,-0.0119709314152,0.0,-0.00862817155501,0.00854756282769,-0.999926244193,0.0,0.651761603353,0.24821893261,0.303411102817,1.0,-0.01992,-0.0261805714286,0.997
0.457590584945,0.493425464273,-0.124146942706,-1.44142188488,0.0742823958812,1.92547374568,0.147723178712,-0.0121095514626,-0.109049522733,-0.00056493463984,-0.172843253993,-0.00701735920325,0.0665848734558,-0.0228461538319,0.573830107466,0.818960161399,0.00200217598959,0.0,0.818916701913,-0.573770341563,-0.0119907202054,0.0,-0.00867129990272,0.00852041566653,-0.999926102807,0.0,0.651388981204,0.24772897321,0.303374401898,1.0,-0.02318,-0.0304651428571,1.015
0.457335601791,0.491565907771,-0.124186582348,-1.44431965001,0.0741055422465,1.9265513116,0.147304556901,-0.0200484383037,-0.130348573093,-0.000278699884736,-0.201155442331,-0.0141787152734,0.0726753588681,-0.033922483713,0.573822052962,0.81896574267,0.00202750302093,0.0,0.818922724415,-0.573762290868,-0.0119646109532,0.0,-0.00863546797654,0.00852609007137,-0.999926364529,0.0,0.651030056496,0.247265264806,0.303383839367,1.0,-0.0266085714286,-0.0349712653061,1.03
0.456943010809,0.489051330707,-0.124193434625,-1.44837038525,0.073874460086,1.92798408489,0.146713619023,-0.0216410788209,-0.14878108984,-0.00227254376652,-0.232012513731,-0.00857944883963,0.0783091244683,-0.0348937724764,0.573804007625,0.818978574924,0.00194975614426,0.0,0.818934189973,-0.573744233072,-0.0120455141434,0.0,-0.0087465250614,0.00850865007589,-0.999925547815,0.0,0.650506078935,0.246618855254,0.303329058329,1.0,-0.0307228571429,-0.0403786122449,1.048
0.456495578363,0.48626911211,-0.124228142427,-1.45267887779,0.0736129682234,1.929638238,0.146082508583,-0.0300809209475,-0.175924350228,-0.00014312763914,-0.258641069727,-0.0167806932846,0.103238738081,-0.0400022650868,0.573821865782,0.818965814557,0.00205130169362,0.0,0.818922870521,-0.5737617706,-0.0119795507847,0.0,-0.00863405030688,0.00855415074765,-0.999926137112,0.0,0.649988870869,0.245903635263,0.303355798702,1.0,-0.0346085714286,-0.0454855510204,1.065
0.455979655027,0.482983081465,-0.124282480703,-1.45775686891,0.0732949079676,1.93145314619,0.145292887702,-0.0304107846323,-0.192396677393,-0.00402133147016,-0.303436252159,-0.0170657667104,0.100555457165,-0.0472624120135,0.573800295154,0.818980902619,0.00206138960185,0.0,0.818938154607,-0.573740224467,-0.0119666477799,0.0,-0.00861791978889,0.00855478133063,-0.999926270869,0.0,0.649348951671,0.245050417694,0.303378477957,1.0,-0.0387228571429,-0.0508928979592,1.083
0.455485262611,0.479959001242,-0.124333039333,-1.46250663108,0.0730195684718,1.93311185453,0.144589395841,-0.0376576963195,-0.204049690482,-0.00339093482642,-0.32329119315,-0.0225452918797,0.113167518647,-0.0514239978272,0.573824728356,0.818963907752,0.00201142440882,0.0,0.818920330859,-0.573764689896,-0.0120132941009,0.0,-0.00868453718395,0.00854088600502,-0.999925813288,0.0,0.648697770924,0.244190872877,0.303363506647,1.0,-0.04238,-0.0556994285714,1.099
0.454792355402,0.475731828285,-0.124381827134,-1.46894828384,0.0726158932315,1.93548748904,0.143661309085,-0.0414858524551,-0.23246738328,-0.00183312491664,-0.353356370723,-0.0210290437789,0.123704817611,-0.0509225160527,0.573868508059,0.818932914547,0.00213631255623,0.0,0.81889102938,-0.573808005467,-0.0119415980779,0.0,-0.00855369915652,0.00860247988542,-0.999926413078,0.0,0.647936186773,0.243157229494,0.303428275568,1.0,-0.0464942857143,-0.0611067755102,1.117
0.454191143766,0.472148118788,-0.12441132039,-1.47447849047,0.0722913138713,1.93745853878,0.142850673985,-0.0410390137471,-0.246492973373,-0.000985112435731,-0.375346795063,-0.0188520384209,0.137391098518,-0.0581445797692,0.57389613574,0.818913473036,0.00216701731113,0.0,0.81887169644,-0.573835209704,-0.0119600909426,0.0,-0.00855093341044,0.00863852543522,-0.999926125979,0.0,0.647223950926,0.242225207391,0.30344617304,1.0,-0.0499228571429,-0.0656128979592,1.132
0.453412836361,0.467465378676,-0.124431339986,-1.48151230115,0.071849819522,1.94008061863,0.141735863871,-0.0438977276022,-0.265601686154,-0.00210459410144,-0.39453849679,-0.02110422848,0.152443992695,-0.0625363307038,0.573849890717,0.81894523939,0.00239681167382,0.0,0.818906464443,-0.573788065821,-0.01184081572,0.0,-0.00832187795187,0.00875778399515,-0.99992702112,0.0,0.646337514592,0.241046964327,0.303559606039,1.0,-0.0540371428571,-0.071020244898,1.15
0.452666971277,0.463046957211,-0.124441653253,-1.48829096147,0.0714055755077,1.94244246268,0.140679662828,-0.0469026919156,-0.281674918008,-0.00240644366904,-0.433156412455,-0.0246912495363,0.144020952321,-0.0629983126278,0.573800160713,0.818980087657,0.00239551418176,0.0,0.818941124519,-0.573738166952,-0.0118615873979,0.0,-0.0083401665454,0.00876813464682,-0.999926778038,0.0,0.645437232868,0.239905919018,0.303584627544,1.0,-0.0576942857143,-0.0758267755102,1.166
0.451769117955,0.45777798085,-0.124474550391,-1.4964206306,0.0708546607303,1.9452478794,0.13947510216,-0.0473391763918,-0.300042638599,-0.00255068429747,-0.458855145128,-0.0340908899041,0.159361428392,-0.069260420881,0.573799008772,0.818981078798,0.00233173872356,0.0,0.818941251661,-0.573737229541,-0.0118980951326,0.0,-0.00840667132652,0.00873684043341,-0.999926495047,0.0,0.644346757004,0.238520000907,0.303586234548,1.0,-0.0618085714286,-0.081234122449,1.184
0.450886480874,0.452854866876,-0.124487011159,-1.50399958298,0.0703425524359,1.94798303869,0.138256315939,-0.0589488402213,-0.321810260907,-0.00130999097674,-0.481945920063,-0.0405198436416,0.179235346498,-0.0770828502408,0.573740146632,0.819022164291,0.00238441678939,0.0,0.818983074766,-0.573678222516,-0.0118645336865,0.0,-0.00834958882821,0.00876012495026,-0.999926769607,0.0,0.643350705834,0.237219180653,0.303599260807,1.0,-0.0654657142857,-0.0860406530612,1.2
0.449778642048,0.446573040243,-0.124544148163,-1.51339280024,0.069707665298,1.95144010291,0.136819962711,-0.064357836867,-0.335903563611,-0.0022223128812,-0.512884440632,-0.0373251555509,0.178121953143,-0.0761650561599,0.573763977543,0.819004647618,0.00265182102687,0.0,0.818969421606,-0.573701477824,-0.0116810838119,0.0,-0.00804566319305,0.00887411629673,-0.999928256108,0.0,0.642132648206,0.235582473215,0.303737156238,1.0,-0.0698085714286,-0.0917484081633,1.219
0.448966367486,0.442168103303,-0.124566636282,-1.52028530398,0.0692429201323,1.95374131546,0.135773486344,-0.0613788847244,-0.339961552888,-0.000698008443973,-0.537482553894,-0.0361214337233,0.182906491769,-0.0876764780251,0.573767789496,0.819002492888,0.00248742466034,0.0,0.81896485727,-0.573705589236,-0.0117985735324,0.0,-0.00823617027692,0.0088069243974,-0.999927299148,0.0,0.641171651299,0.234377810517,0.303672333881,1.0,-0.07278,-0.0956537142857,1.232
0.44776510973,0.435732897342,-0.124588575851,-1.53019809706,0.0685800122181,1.95712445646,0.13415701141,-0.0716976173466,-0.366083170007,0.000232010333268,-0.547013155098,-0.0310755435024,0.198652229753,-0.0868255849965,0.573696979654,0.819052341757,0.00240497382397,0.0,0.819013259279,-0.573634707256,-0.0118848919844,0.0,-0.00835493301422,0.00878820128511,-0.999926478604,0.0,0.63979729304,0.232639970893,0.303644943123,1.0,-0.0768942857143,-0.101061061224,1.25
0.446538112694,0.429368253692,-0.124629507244,-1.53976556711,0.0679031899449,1.96062059879,0.132603705699,-0.0759589987821,-0.371805881544,-0.00300749794477,-0.574117206496,-0.0420274980308,0.194368981388,-0.0892771019252,0.573686687769,0.819058892292,0.00261956770818,0.0,0.819023048773,-0.573624094041,-0.0117213998906,0.0,-0.00809802556918,0.00887006818635,-0.999927869335,0.0,0.638526377305,0.230922011411,0.303733466285,1.0,-0.08078,-0.106168,1.267
0.445293644923,0.423157968875,-0.124713221821,-1.54931801205,0.0672161516409,1.96379082759,0.131014644815,-0.0791357263014,-0.394558933071,-0.00809942621104,-0.604672497052,-0.0473919577378,0.199835090143,-0.102126672689,0.573680574668,0.819063726872,0.00244058861109,0.0,0.81902563572,-0.573618725206,-0.0118030940197,0.0,-0.00826767802699,0.00877027925387,-0.999927361213,0.0,0.637186801796,0.229148947466,0.303688105062,1.0,-0.0844371428571,-0.110974530612,1.283
0.443803342272,0.415831799795,-0.124827155963,-1.56034597129,0.0664270439853,1.96761593394,0.129271283403,-0.0883792996647,-0.409861138436,-0.00637443531362,-0.619552936111,-0.0447538235448,0.230201973894,-0.104891732642,0.57379840098,0.818981003745,0.00250148712154,0.0,0.818944124931,-0.573736760288,-0.0117216481866,0.0,-0.00816476927749,0.00877461010653,-0.9999281688,0.0,0.635672712509,0.22707532439,0.303744170434,1.0,-0.0885514285714,-0.116381877551,1.301
0.442398663619,0.409117598016,-0.124845391936,-1.57048099937,0.0657504318707,1.97112389598,0.127538781525,-0.095636999218,-0.430389588786,0.000179798228373,-0.639801199968,-0.0443102573718,0.210971065972,-0.10366701221,0.57377136953,0.818999688729,0.00258307384767,0.0,0.81896345935,-0.57370899269,-0.0117299129511,0.0,-0.00812501879234,0.00884590162345,-0.999927864445,0.0,0.634246860587,0.225209972407,0.303768626497,1.0,-0.0922085714286,-0.121188408163,1.317
0.440903966728,0.402244619178,-0.124919951126,-1.58105428942,0.0650043971442,1.9746192746,0.125785942734,-0.0949282972127,-0.436765761168,-0.00299317014235,-0.662248977526,-0.0425707276663,0.223969888545,-0.11431628306,0.573831386539,0.818958219149,0.00239207290604,0.0,0.818919244737,-0.573769437369,-0.0118596055052,0.0,-0.00834018365327,0.00876449715215,-0.999926809785,0.0,0.632722987036,0.223199702977,0.303681721051,1.0,-0.0958657142857,-0.125994938775,1.333
0.439134997789,0.39410137351,-0.125000505385,-1.59302803136,0.0641049724523,1.97889898633,0.123726077522,-0.101867873674,-0.45322405432,-0.0016255817967,-0.687674149228,-0.0569859137445,0.234160276125,-0.114653341424,0.573870522878,0.818929785536,0.00271592246847,0.0,0.818895805485,-0.573808249152,-0.0115974077008,0.0,-0.00793919673882,0.00887963889929,-0.999929058068,0.0,0.631065494121,0.220899779897,0.303836507215,1.0,-0.09998,-0.131402285714,1.351
0.437384992838,0.38629729961,-0.125041310388,-1.60500444422,0.0632086097455,1.98271375364,0.121651221909,-0.102372299777,-0.470270831615,-0.00177810599324,-0.707705990776,-0.0570999380499,0.217800662484,-0.128614244937,0.573839286294,0.81895269338,0.00238880994193,0.0,0.81891408917,-0.573777782536,-0.011811762276,0.0,-0.00830278831248,0.00873445151736,-0.999927383895,0.0,0.629265426525,0.218610425068,0.303707289568,1.0,-0.103865714286,-0.13650922449,1.368
0.435774514525,0.379057510703,-0.12509216041,-1.61560352958,0.0624288310542,1.98632090637,0.11975489285,-0.106901028474,-0.478417689496,-0.00268358682018,-0.706743618065,-0.0463139268716,0.238571108734,-0.120777675757,0.573819802835,0.818965770985,0.00257812537646,0.0,0.818929726939,-0.573757709428,-0.0117021411919,0.0,-0.00810458981123,0.00882639379745,-0.999928202621,0.0,0.6277218111,0.216563448932,0.303821025497,1.0,-0.107294285714,-0.141015346939,1.383
0.43368875601,0.370293153157,-0.125146938852,-1.62879621767,0.0614344162772,1.99067055273,0.117419826034,-0.116564327741,-0.494845765494,-0.00516501013715,-0.732158120188,-0.0540055759045,0.240326597545,-0.12226816802,0.573855384051,0.818941140607,0.00248058820845,0.0,0.818903712761,-0.573793515404,-0.01176680962,0.0,-0.00821313719143,0.00878397906607,-0.99992769043,0.0,0.625753448007,0.213963608006,0.303769235352,1.0,-0.111408571429,-0.146422693878,1.401
