position_joint1,position_joint2,position_joint3,position_joint4,position_joint5,position_joint6,position_joint7,velocity_joint1,velocity_joint2,velocity_joint3,velocity_joint4,velocity_joint5,velocity_joint6,velocity_joint7,ee_T_00,ee_T_10,ee_T_20,ee_T_30,ee_T_01,ee_T_11,ee_T_21,ee_T_31,ee_T_02,ee_T_12,ee_T_22,ee_T_32,ee_T_03,ee_T_13,ee_T_23,ee_T_33,v_x,v_y,time
0.465063755204,0.54775342501,-0.123998705873,-1.355826262,0.0795185254541,1.89411489931,0.159157495025,0.000179999068001,4.90728212551e-05,-7.59980395395e-05,-0.000461466181494,-0.000377727904702,-0.000415528833959,0.00097694659231,0.573824203694,0.818964319092,0.00199354207773,0.0,0.818921647939,-0.573765360235,-0.0118908717982,0.0,-0.00859453980875,0.00845598760832,-0.999927312438,0.0,0.661686117146,0.260883162623,0.303238871062,1.0,0.0,0.0,0.0
0.465068230119,0.547755819596,-0.124000896141,-1.35582633897,0.0795198478831,1.89411536555,0.15915175379,0.00181518099863,0.000155212128081,0.000396232745042,0.000322026301125,0.000165819771332,0.000306157758677,0.0019087727805,0.573817729666,0.818968858954,0.00199200555024,0.0,0.818926166538,-0.573758892072,-0.0118917799033,0.0,-0.00859623202496,0.00845518240326,-0.9999273047,0.0,0.661685390208,0.260885061023,0.303237253544,1.0,-0.00026,-0.000341714285714,0.014
0.465063002136,0.547750914335,-0.124003430412,-1.35582987747,0.0795192375316,1.89411596461,0.15915728352,0.000302987064322,0.00144758272042,0.000281717597826,0.000132955642071,-0.000166578724304,0.000174699320603,0.00133624986816,0.573820651575,0.818966818278,0.00198929301575,0.0,0.818924113388,-0.573761847225,-0.0118905879351,0.0,-0.00859678204794,0.0084523076688,-0.999927324276,0.0,0.661686106683,0.260881463073,0.303236235554,1.0,-0.0006,-0.000788571428571,0.031
0.465062127171,0.547713430233,-0.123998141685,-1.35585933717,0.0795191981017,1.89411966702,0.159151749402,0.000196664071176,-0.00299503437381,0.000738720200275,-0.00089384870373,-0.000138132777881,0.000167851166571,-0.00205778875183,0.573822383929,0.818965563834,0.00200595525075,0.0,0.818923017854,-0.57376345391,-0.0118885107011,0.0,-0.00858550235397,0.00846477945275,-0.999927315688,0.0,0.661680802412,0.260879446432,0.303251858075,1.0,-0.00094,-0.00123542857143,0.048
0.465061722299,0.547617038339,-0.124003441165,-1.35596755462,0.0795169674464,1.8941432495,0.159150821366,6.90042210127e-05,-0.00792365085727,-0.0010150745042,-0.00982553079068,0.000178349982571,0.000179409970653,-0.000612854207672,0.573830968959,0.818959518242,0.00201827771758,0.0,0.818917100332,-0.573771955547,-0.0118858198105,0.0,-0.00857613923035,0.00847341677443,-0.999927322881,0.0,0.661664694075,0.260865774214,0.303270854456,1.0,-0.00128,-0.00168228571429,0.065
0.46505904993,0.547496863967,-0.12400351441,-1.35614525796,0.0795156327616,1.89417404345,0.159149322844,0.000465813866577,-0.010680297716,-0.00124216871943,-0.0081162087028,0.000212771599489,-0.00100018578085,-9.60257784266e-05,0.573841330953,0.818952297721,0.00200196134294,0.0,0.81890953557,-0.573782253258,-0.0119098824459,0.0,-0.00860510137922,0.00847397117802,-0.999927069362,0.0,0.661634054134,0.260846317411,0.303274077969,1.0,-0.0016,-0.00210285714286,0.081
0.465034745422,0.547322434902,-0.124001253254,-1.35637745462,0.0795132691877,1.89429195273,0.159146479528,-0.00181246781091,-0.0124980259074,0.000873920409313,-0.00766730741924,0.000394140211093,0.00575438683621,0.000319369805964,0.57386988489,0.818932147415,0.00205913747002,0.0,0.818890059331,-0.573810499736,-0.0118881463354,0.0,-0.00855419520129,0.00850862019134,-0.999927211914,0.0,0.661614895776,0.260813909042,0.303297280065,1.0,-0.00196,-0.002576,0.099
0.465020291092,0.547135259039,-0.123998935815,-1.3565982104,0.0795085094551,1.8944012657,0.159131696437,-0.000624432860287,-0.00439803473901,-0.000227391006829,-0.0170538026222,0.000399650383298,0.00550149578465,0.00152460157891,0.573879205554,0.818925437665,0.0021288211778,0.0,0.818884209068,-0.573819490846,-0.0118571061165,0.0,-0.00848869016512,0.00854796925962,-0.999927434548,0.0,0.661594527934,0.260788605852,0.303334196682,1.0,-0.0023,-0.00302285714286,0.116
0.465003852361,0.546939896745,-0.124001072962,-1.35683626003,0.0795032233014,1.89451830383,0.159113251192,-0.000470680456561,-0.0120081031962,-0.000256006471076,-0.0172550818192,-0.00020921782255,0.00887310772264,-0.000834224424826,0.573891102102,0.81891692236,0.00219638394693,0.0,0.818876545313,-0.573831090929,-0.0118249532899,0.0,-0.00842346313664,0.00858496806174,-0.99992766918,0.0,0.661573510128,0.260757903906,0.303369490525,1.0,-0.0026,-0.00341714285714,0.131
0.464968576788,0.546683958565,-0.123998127836,-1.35721637136,0.0794957946577,1.89466610684,0.159088158491,-0.000164375100771,-0.0172190641264,0.00016497738113,-0.0245708862201,2.28698676665e-05,0.00747623953735,-0.00140504310775,0.573916718728,0.818898891524,0.00222538242398,0.0,0.818858750139,-0.573856446375,-0.011826799097,0.0,-0.00840806450246,0.00861003737098,-0.999927583232,0.0,0.661531482784,0.260703346816,0.303382558141,1.0,-0.00296,-0.00389028571429,0.149
0.464928138054,0.54641237147,-0.124001345394,-1.35762601818,0.0794886352862,1.89482047879,0.158954880025,-0.00848971509899,-0.018555273704,-0.000464473447939,-0.0221379660009,0.000449881856847,0.00300993207586,-0.00264711718924,0.573863974723,0.818935789364,0.00224906985864,0.0,0.81889581155,-0.573803468199,-0.0118311710966,0.0,-0.00839860705524,0.00863140293952,-0.999927478512,0.0,0.661487119648,0.260638995458,0.30339340932,1.0,-0.0033,-0.00433714285714,0.166
0.464892275481,0.546142064881,-0.124004129205,-1.35808129434,0.0794759271778,1.89497111839,0.158919674463,0.000793877185097,-0.0125354253189,-0.00123741590125,-0.0293093864632,-4.6110846459e-05,0.00996623891201,-0.000107221705869,0.573888482626,0.818918675562,0.00222693193624,0.0,0.818878263864,-0.573827910383,-0.0118602334562,0.0,-0.00843485337135,0.00863020369763,-0.999927183765,0.0,0.661430487282,0.260571330087,0.303381269526,1.0,-0.00362,-0.00475771428571,0.182
0.464834884261,0.545810422198,-0.124001346407,-1.35862124364,0.0794527412049,1.89515486321,0.158878600772,-0.00448627540585,-0.0221508972396,-0.000576792377703,-0.0322957360885,-0.00334702680895,0.012531778193,-0.00194900906184,0.573923859617,0.818893924323,0.00221155381874,0.0,0.818853190005,-0.573863218878,-0.0118830189157,0.0,-0.00846196551858,0.00863105215383,-0.999926947371,0.0,0.661367512788,0.260483956285,0.303374910722,1.0,-0.00396,-0.00520457142857,0.199
0.464769548951,0.545472380715,-0.124004284961,-1.35923536335,0.0793483985745,1.8953602387,0.158774609883,-0.00462149614777,-0.0177736774255,-0.000493473135614,-0.0381023204628,-0.00483755244712,0.013156380489,-0.00608994029546,0.573900812919,0.818910336856,0.00211282336723,0.0,0.818868890518,-0.573841149975,-0.0118668293441,0.0,-0.00850560798418,0.00854067276837,-0.999927353132,0.0,0.661299847301,0.260367618873,0.303339673974,1.0,-0.0043,-0.00565142857143,0.216
0.464705352859,0.545088274102,-0.124003746804,-1.35989871711,0.079314702651,1.89556037006,0.158703808313,-0.00268440243318,-0.0248253961374,-0.000219713287445,-0.0384524624086,-0.000406021711957,0.0149680729474,-0.00665000599326,0.573922877064,0.818895034999,0.00204932627006,0.0,0.818852632104,-0.573863339617,-0.0119155881526,0.0,-0.00858174798523,0.00851688882126,-0.999926905432,0.0,0.661215910467,0.260259899656,0.303313147485,1.0,-0.00462,-0.006072,0.232
0.464625501412,0.544643399525,-0.124002028629,-1.36065851411,0.0792973985773,1.89581553782,0.158616532426,-0.00802848101214,-0.0245800546974,1.96332010835e-05,-0.0449933310284,-0.000333697838123,0.0177940831576,-6.26704266274e-05,0.573953293875,0.818873804054,0.00201404684329,0.0,0.818830627632,-0.573893588825,-0.0119707501333,0.0,-0.00864685160677,0.00851997874592,-0.999926318245,0.0,0.66112518153,0.26013826098,0.303288467738,1.0,-0.00498,-0.00654514285714,0.25
0.464568305002,0.544209968841,-0.124009861298,-1.36137657201,0.0792710312551,1.89607534805,0.158504105698,-0.00464927797061,-0.0270069868607,0.000538069834871,-0.0478948347914,-0.00346528347259,0.0174051054421,-0.00560563271149,0.573946590642,0.818878537341,0.00199976841235,0.0,0.818835039824,-0.573886813871,-0.011993720148,0.0,-0.00867392628941,0.00852139929898,-0.999926071646,0.0,0.661041389688,0.260029729374,0.303276213184,1.0,-0.0053,-0.00696571428571,0.266
0.464493421965,0.543729738882,-0.124008424145,-1.36215162715,0.0792394080559,1.89635350771,0.158433098864,-0.00259793645022,-0.0329422946223,0.000148493315008,-0.0424919688964,0.000606138328075,0.0151642322795,-0.00073322199723,0.57398801819,0.818849540079,0.00198307546102,0.0,0.818805672444,-0.57392815782,-0.0120202885259,0.0,-0.00870483247992,0.00852341912767,-0.999925785855,0.0,0.660946126568,0.259900890579,0.303265366134,1.0,-0.00564,-0.00741257142857,0.283
0.464415181912,0.543165581506,-0.124021622198,-1.36305283756,0.07919142438,1.89665576925,0.158306623919,-0.00278150758366,-0.031531038981,-9.19053237238e-05,-0.0497521768042,0.000132817873436,0.0171211019158,-0.0091614537792,0.573990455174,0.81884787572,0.00196486634592,0.0,0.818803711868,-0.573930615335,-0.0120364909159,0.0,-0.00872852611783,0.0085178347516,-0.999925626896,0.0,0.66084569448,0.259762944805,0.303267963886,1.0,-0.00598,-0.00785942857143,0.3
0.464329821147,0.542594396894,-0.124014699912,-1.36395199581,0.0791407378874,1.89697801588,0.158192343801,-0.00298562215111,-0.0339426332094,0.00106598676883,-0.0552720192784,-0.000175790471449,0.0213086496945,-0.0118479060114,0.573998368568,0.818842331656,0.00196358590862,0.0,0.818798059302,-0.573938443706,-0.0120477309046,0.0,-0.00873838286559,0.00852332231582,-0.999925494045,0.0,0.660741235615,0.259624983184,0.303271692117,1.0,-0.00632,-0.00830628571429,0.317
0.464265921727,0.54203276961,-0.124023586233,-1.36482060478,0.079084376444,1.89729950698,0.158072603628,-0.00592329832062,-0.0335471799384,0.00114086447239,-0.0597814469915,-0.00401859750511,0.0191170608762,-0.0113984880362,0.573992101272,0.818846705938,0.0019714851161,0.0,0.818802610041,-0.573932214758,-0.0120351798345,0.0,-0.00872363650086,0.00852251940603,-0.999925629649,0.0,0.660641651149,0.259494580714,0.303283571191,1.0,-0.00664,-0.00872685714286,0.333
0.464182689973,0.541394911617,-0.124024525421,-1.36578866561,0.0790164341789,1.89766459759,0.157967263151,-0.00872442511444,-0.0408244021433,0.000101618692777,-0.0563568277573,-0.00395046323221,0.0265974294924,-0.00611588155993,0.574010277234,0.81883390699,0.00199531834244,0.0,0.81879021957,-0.573950381927,-0.0120117577071,0.0,-0.00869058808914,0.00852878372074,-0.999925864015,0.0,0.660533531078,0.259346302445,0.303305441616,1.0,-0.00698,-0.00917371428571,0.35
0.464099387355,0.540698485894,-0.124021897069,-1.36684321346,0.0789638474584,1.89805030249,0.157810854161,-0.00533782380645,-0.0454765515762,0.00132853751286,-0.0641290836446,-0.00272418894722,0.0276582364165,-0.0159144130713,0.573992948014,0.818845978858,0.00202618858732,0.0,0.818802564114,-0.573932795745,-0.0120105732848,0.0,-0.00867208052182,0.0085531974533,-0.999925816165,0.0,0.660409269495,0.25919443826,0.303329156686,1.0,-0.00732,-0.00962057142857,0.367
0.464016755412,0.539970379317,-0.124030008121,-1.3679510857,0.0789011888539,1.89845730893,0.157668316378,-0.00441256219819,-0.0438131166498,-0.000365042283452,-0.0616036095117,-0.00163267951893,0.0312075608295,-0.0156995732303,0.573994157034,0.818845072183,0.00204996422309,0.0,0.818801957661,-0.573933894277,-0.0119994179445,0.0,-0.00864928682883,0.00856627543432,-0.999925901636,0.0,0.660280419729,0.259030699638,0.303351956041,1.0,-0.00766,-0.0100674285714,0.384
0.463905030271,0.539220989133,-0.124032888722,-1.36910853984,0.0788311069227,1.89889271782,0.15752466442,-0.0054333164863,-0.0448346295775,-0.000426642155787,-0.0643280542674,-0.000529238616397,0.02614613914,-0.00746667438928,0.574015362048,0.818830152335,0.00207187379795,0.0,0.818787341435,-0.573955022322,-0.0119861902873,0.0,-0.00862565771758,0.00857684652705,-0.999926015129,0.0,0.66015286107,0.258845914093,0.303368359259,1.0,-0.008,-0.0105142857143,0.401
0.463795454301,0.53845943702,-0.124033296703,-1.37029850799,0.0787652572036,1.89935762252,0.157380654407,-0.00766674008647,-0.0477414229676,-0.000292911550772,-0.0706622856969,-0.00258771842638,0.0205512361978,-0.00881496152349,0.574035755055,0.8188157727,0.00210456568507,0.0,0.818773360817,-0.57397524924,-0.0119726261983,0.0,-0.00859557204959,0.00859604333923,-0.99992610936,0.0,0.660022384766,0.258662977215,0.303380243916,1.0,-0.00834,-0.0109611428571,0.418
0.463705263414,0.537766937077,-0.12403956599,-1.37138161459,0.0787020721829,1.89977304993,0.15724190823,-0.00528484941589,-0.0420448023587,0.000104957011112,-0.0691648107826,-0.00120621388634,0.0274899462507,-0.00781551414582,0.574041616335,0.818811594904,0.00213111868558,0.0,0.818769547522,-0.573981018329,-0.0119568202385,0.0,-0.00856732632374,0.00860877324342,-0.999926242251,0.0,0.659892186136,0.258490080612,0.303393315725,1.0,-0.00866,-0.0113817142857,0.434
0.463577309086,0.536841414195,-0.124034773704,-1.37283078998,0.0786203211164,1.90030442874,0.157061115455,-0.0037607465289,-0.0452550926878,-8.41440784897e-05,-0.0774425931288,-0.00849656647789,0.0340640032071,-0.0127870902848,0.57405464347,0.818802452112,0.00213485976916,0.0,0.818760358384,-0.5739939328,-0.0119660999804,0.0,-0.00857264050121,0.00861729971741,-0.999926123261,0.0,0.65973185651,0.258279609341,0.303399601083,1.0,-0.00902,-0.0118548571429,0.452
0.463469135461,0.53604464878,-0.124048507197,-1.37407159379,0.0785535336364,1.90077279745,0.156923354728,-0.00505925693743,-0.0495484532557,0.000701534718374,-0.0819132588794,-0.00812513332485,0.0220223465409,-0.00512598098699,0.574090504679,0.818777254285,0.00215573741643,0.0,0.818735430468,-0.574029701246,-0.0119559142116,0.0,-0.00855193795682,0.00862892155873,-0.999926200312,0.0,0.659593151761,0.258084418127,0.303412473047,1.0,-0.00934,-0.0122754285714,0.468
0.463348335912,0.535192290161,-0.124052322636,-1.37540127446,0.0784752136781,1.90124815174,0.156755248248,-0.0114985756418,-0.056388446929,-0.000638990973387,-0.0831338655322,-0.00341820780821,0.0355348501017,-0.00539644524678,0.574106375856,0.818766129101,0.00215451629729,0.0,0.818724251918,-0.574045537662,-0.011961058219,0.0,-0.00855668361428,0.00863104070351,-0.999926141423,0.0,0.65943800485,0.25787547074,0.303422389781,1.0,-0.00966,-0.012696,0.484
0.463232459117,0.53430255558,-0.124060603015,-1.37687177557,0.0783971934657,1.9017841622,0.156581813227,-0.013756940226,-0.0500045402671,-0.00120201359497,-0.0847057303582,-0.000682911723211,0.026651177348,-0.00908320958932,0.574124851937,0.81875326729,0.00211862952512,0.0,0.818710827584,-0.574064064936,-0.0119907067223,0.0,-0.00860136683171,0.00861887359345,-0.999925863005,0.0,0.659262610722,0.257655121375,0.303396926177,1.0,-0.01,-0.0131428571429,0.501
0.463091639472,0.533319342524,-0.124058688436,-1.37844296175,0.0782975952907,1.90236181087,0.156383535721,-0.0108518967565,-0.0600072075708,-0.000441149276284,-0.090983583091,-0.00856286867262,0.0357644506573,-0.00792418574669,0.574135731639,0.81874566881,0.0021067421694,0.0,0.818703078248,-0.574074997097,-0.0119964276516,0.0,-0.0086127609985,0.00861253988405,-0.999925819501,0.0,0.659079458708,0.257412893812,0.303392517594,1.0,-0.01036,-0.013616,0.519
0.462975469916,0.532496483364,-0.12405172163,-1.37978699865,0.0782286445425,1.90286903784,0.156219844852,-0.00977554726427,-0.0562047364165,-0.00145381280223,-0.0886076597992,-0.00643948263178,0.0373665133233,-0.0132874440467,0.574155619537,0.818731717775,0.00210849817383,0.0,0.818689044257,-0.574094769267,-0.0120079812892,0.0,-0.00862100335637,0.00862082026878,-0.999925677118,0.0,0.658914029933,0.257193696661,0.303383200808,1.0,-0.01068,-0.0140365714286,0.535
0.462834966615,0.531462199481,-0.124059600837,-1.38144519637,0.0781334234994,1.90347829609,0.155996702368,-0.00463220472161,-0.0547675937492,0.000391958032156,-0.0916887241436,-0.00315250104823,0.0313550863446,-0.00879612787858,0.574149799453,0.818735849633,0.00208883092663,0.0,0.818692830741,-0.574088944212,-0.0120282969704,0.0,-0.00864898971828,0.00861632108847,-0.999925474217,0.0,0.658726662366,0.25696042212,0.303369596859,1.0,-0.01102,-0.0144834285714,0.552
0.462695171113,0.530437901296,-0.124062002759,-1.38308436443,0.0780268245799,1.90405591215,0.15578913327,-0.00930137496339,-0.0631868710359,-0.000747995910297,-0.0997739202582,-0.00453632279625,0.0280517589685,-0.0109208316663,0.574156388677,0.81873132076,0.00205247358091,0.0,0.818687836902,-0.574095696702,-0.0120458971479,0.0,-0.00868420422911,0.00859672947476,-0.999925337632,0.0,0.658528544051,0.256707793401,0.303361285552,1.0,-0.01136,-0.0149302857143,0.569
0.462569900328,0.529461656153,-0.124059555536,-1.38462411204,0.0779321977177,1.90462911557,0.15558046181,-0.00825730960056,-0.0663819731672,0.000914394312995,-0.0952774652581,-0.00244720204301,0.0403109688537,-0.00578534688632,0.57414460842,0.818739563406,0.00205981496,0.0,0.818696157878,-0.574083869258,-0.0120440455879,0.0,-0.008678597174,0.00860155203809,-0.99992534484,0.0,0.658345579717,0.256480365537,0.303365685327,1.0,-0.01168,-0.0153508571429,0.585
0.462419423417,0.528305517417,-0.124064534486,-1.38642911734,0.0778164758303,1.90531394455,0.155332901528,-0.00933179376932,-0.0606727168497,0.00437640630337,-0.0966056487802,-0.0127975572659,0.0415814184739,-0.00839689509952,0.574135439678,0.818745930082,0.00208465365774,0.0,0.818702931718,-0.574074678656,-0.0120216398132,0.0,-0.00864608825528,0.00860892726953,-0.999925562994,0.0,0.658136437701,0.256207088821,0.303380173202,1.0,-0.01204,-0.015824,0.603
0.462276694061,0.527189443242,-0.124063871984,-1.38817228323,0.0777165480462,1.90598397873,0.155087751098,-0.0087633621824,-0.062075435001,0.00611700727355,-0.101885296524,-0.00742708103349,0.0464566635009,-0.0130398307424,0.574118700598,0.818757568858,0.00212319627419,0.0,0.818715030961,-0.57405773719,-0.0120066378509,0.0,-0.00861185417311,0.00863169421175,-0.999925662148,0.0,0.657933083434,0.255950572006,0.30339415702,1.0,-0.01238,-0.0162708571429,0.62
0.462144727759,0.526153366733,-0.124065946133,-1.38976951011,0.0776113867279,1.90658051719,0.154868680434,-0.00775421616355,-0.0715147995046,0.000457984747603,-0.108733891129,-0.00727412190844,0.0368690094549,-0.0160584491159,0.574106709528,0.818765912071,0.00214807062454,0.0,0.818723771976,-0.574045717652,-0.0119852471094,0.0,-0.00858018623283,0.00863965360513,-0.999925865647,0.0,0.657744829861,0.255710040683,0.303414719997,1.0,-0.01268,-0.0166651428571,0.635
0.461979560285,0.524906504835,-0.124076823099,-1.39172852314,0.077485668967,1.90727964625,0.154604347613,-0.00729631571682,-0.0691083164483,-0.00379349919954,-0.111529237627,-0.00662943298109,0.0461105260968,-0.0157908325666,0.574104639116,0.818767408146,0.0021311039877,0.0,0.8187250933,-0.574043764766,-0.0119885210216,0.0,-0.00859262876291,0.00862761995424,-0.999925862704,0.0,0.657508756997,0.255406062055,0.303420273779,1.0,-0.01304,-0.0171382857143,0.653
0.461826505243,0.523711141099,-0.12408268957,-1.39361689285,0.0773763661528,1.90796013814,0.154345998826,-0.00779882751838,-0.0729007764288,-0.0032429638272,-0.111809264801,-0.00332599196681,0.0386356619039,-0.0184032214865,0.574094498672,0.818774541778,0.00212208202985,0.0,0.818732031241,-0.574033584981,-0.0120021345662,0.0,-0.00860906162573,0.00862794207218,-0.999925718578,0.0,0.657278432123,0.255122083974,0.30342115128,1.0,-0.01338,-0.0175851428571,0.67
0.461672717308,0.522572008512,-0.12408402207,-1.39543605935,0.0772568590308,1.90865997701,0.154106502697,-0.0126615942094,-0.0689009040134,4.26517697993e-05,-0.116297716727,-0.00127275747667,0.0413512798588,-0.00613501292649,0.574093544697,0.818775183336,0.00213260214413,0.0,0.818732857108,-0.574032634464,-0.0119912536002,0.0,-0.0085941231014,0.00863029889125,-0.999925826744,0.0,0.657078633325,0.254866764733,0.303415702262,1.0,-0.01368,-0.0179794285714,0.685
0.461512513244,0.521322982984,-0.124081510066,-1.39742004806,0.0771435240581,1.90943463931,0.153842471114,-0.00759810534906,-0.0758239745821,-7.80577428073e-05,-0.116248403564,-0.000359420011963,0.0439465390157,-0.0189834507719,0.574079789568,0.818784737641,0.00216691413615,0.0,0.818742856922,-0.574018736925,-0.0119737546589,0.0,-0.00856024306272,0.00864820253016,-0.999925962675,0.0,0.656832170913,0.254558749363,0.303417004172,1.0,-0.01404,-0.0184525714286,0.703
0.461336477776,0.519962016883,-0.124091851863,-1.39957372558,0.07700421793,1.91021732105,0.153548023779,-0.0118519715826,-0.0783876747329,-0.001340859224,-0.123356432092,-0.00674996760547,0.0460829815077,-0.0115380667318,0.574067292503,0.818793541416,0.00215107278304,0.0,0.818751519601,-0.574006372887,-0.0119741362337,0.0,-0.00856978092104,0.00863532033432,-0.99992599231,0.0,0.656570573253,0.254229976196,0.303415902381,1.0,-0.0144,-0.0189257142857,0.721
0.461186231767,0.518768942202,-0.124094312669,-1.40141226294,0.0768784869087,1.9108728774,0.153301182186,-0.00896545180885,-0.0837829865198,0.000391609540376,-0.124259667544,-0.00907084143817,0.0418569762091,-0.0147032679867,0.574053470193,0.818803228279,0.00215258456974,0.0,0.818761299294,-0.57399261978,-0.0119647029751,0.0,-0.00856133459716,0.00863099837532,-0.999926101978,0.0,0.656343841401,0.253951566286,0.303435222812,1.0,-0.0147,-0.01932,0.736
0.46099486367,0.517354596291,-0.124094696496,-1.4036541266,0.0767381534768,1.91167616884,0.152990982098,-0.0129657801015,-0.0803046982336,0.00146841847746,-0.128588391557,-0.00507142146924,0.0405834046129,-0.0106881489998,0.574039910401,0.818812775006,0.00213720736157,0.0,0.818770622758,-0.573979102283,-0.0119751556096,0.0,-0.00857886320271,0.00862426589939,-0.999926009835,0.0,0.656084859291,0.25362835273,0.30343457986,1.0,-0.01504,-0.0197668571429,0.753
0.460803167022,0.515911036073,-0.124100399098,-1.40592334146,0.0765970623854,1.9125316069,0.152682591323,-0.0113657658328,-0.0841828797735,0.00102715132543,-0.125514499417,-0.0016797092792,0.0498728989942,-0.0227843171599,0.574027751083,0.818821262927,0.00215110822826,0.0,0.818779307682,-0.57396690293,-0.0119660583867,0.0,-0.00856356298794,0.00863029865093,-0.999926088936,0.0,0.655795449058,0.253265923901,0.303437056909,1.0,-0.01542,-0.0202662857143,0.772
0.460627113741,0.514609947924,-0.124103333432,-1.40801257366,0.07646816658,1.91331044414,0.152393391402,-0.0112323832069,-0.0858840699577,0.00083298267125,-0.128245823272,-0.00434286320486,0.0467880645021,-0.0193328906525,0.574012609581,0.818831906344,0.00214011574311,0.0,0.818789800667,-0.573951801568,-0.0119724141975,0.0,-0.00857523655445,0.0086247877131,-0.999926036442,0.0,0.655541407033,0.25294993478,0.30342246582,1.0,-0.01574,-0.0206868571429,0.788
0.4604374844,0.513223074982,-0.124108178283,-1.41028397227,0.0763278128712,1.91409230087,0.15209198869,-0.00889199071233,-0.0815165471641,-0.00172225567378,-0.13249618031,-0.0133997062501,0.0491796615408,-0.0142244217849,0.574005709339,0.8188369716,0.00205097247925,0.0,0.818793599427,-0.573945172742,-0.0120302586997,0.0,-0.0086738418457,0.00858492560351,-0.999925528987,0.0,0.655250578917,0.252601929945,0.303381245883,1.0,-0.01608,-0.0211337142857,0.805
0.460255632239,0.511940717515,-0.12410934375,-1.41230587434,0.0762083991028,1.91480617544,0.15178859254,-0.0154187861305,-0.0799985553573,-3.81609401676e-05,-0.134200886427,-0.0132831954288,0.0456016302671,-0.0170528539131,0.573986000735,0.818850851432,0.00202508530055,0.0,0.818806999062,-0.573925436951,-0.0120597681561,0.0,-0.00871307121033,0.00858045731189,-0.999925226276,0.0,0.654966698032,0.252246382279,0.303371114652,1.0,-0.0164,-0.0215542857143,0.822
0.460038075433,0.510401585352,-0.124115283607,-1.414761287,0.0760559055422,1.91575285937,0.151438006496,-0.0187910701544,-0.0881466487832,-0.00073690399292,-0.137672761297,-0.00890604866911,0.0538402803228,-0.0236462011918,0.573963233723,0.818866741195,0.00205265683569,0.0,0.818823324502,-0.573902629494,-0.0120366944148,0.0,-0.00867859066453,0.00858954871935,-0.999925448079,0.0,0.654706547717,0.251910679867,0.303370317754,1.0,-0.01674,-0.0220011428571,0.838
0.459836402271,0.508900916362,-0.12411940671,-1.41713375911,0.0759083536229,1.91661592165,0.151122556436,-0.014191053059,-0.0918104094047,-0.00155916292335,-0.140546026863,-0.00712383202858,0.0481152871786,-0.0226099906106,0.573956685106,0.818871328611,0.00205370437108,0.0,0.818827913858,-0.573896065625,-0.0120374519247,0.0,-0.00867867848359,0.00859077186865,-0.999925436809,0.0,0.654395733203,0.251527112356,0.303374810387,1.0,-0.0171,-0.0224742857143,0.856
0.459624982932,0.507384295507,-0.124125108134,-1.41952731373,0.0757554524395,1.91747389412,0.150778636903,-0.0110113188985,-0.0959738992912,-0.00112908630445,-0.14122774279,-0.00793056264923,0.0618915541108,-0.0206251330386,0.573935212858,0.818886428053,0.00203378791539,0.0,0.818842752564,-0.57387468046,-0.012047597325,0.0,-0.00869864202583,0.00858005802263,-0.99992535533,0.0,0.654097059771,0.251155313745,0.303369642742,1.0,-0.01744,-0.0229211428571,0.873
0.459425534228,0.505906252422,-0.12412771623,-1.42182120931,0.0756190189032,1.9183247567,0.150477927359,-0.00880448336478,-0.0927084347228,0.000659105063929,-0.149890678936,-0.00902485491845,0.0585340126402,-0.0202004961245,0.573935603557,0.818886105231,0.00205341953128,0.0,0.818842604748,-0.573874906789,-0.0120468629654,0.0,-0.00868676999911,0.00859571645882,-0.999925324055,0.0,0.65382991909,0.25082809278,0.303377733342,1.0,-0.01774,-0.0233154285714,0.888
0.459200085991,0.504263052314,-0.124138857648,-1.42429700573,0.0754608307002,1.91928293178,0.15013909899,-0.0143802185386,-0.100985997351,-0.00078466506776,-0.147805934367,-0.0128667792508,0.0534222414084,-0.0236408891382,0.57393165588,0.818888636775,0.00214518988229,0.0,0.818846469671,-0.573870708716,-0.0119839762469,0.0,-0.00858264557638,0.0086347307386,-0.999925887064,0.0,0.653555416848,0.250466793914,0.303424692067,1.0,-0.01806,-0.023736,0.904
0.458970082686,0.502592192108,-0.124139790496,-1.42676867817,0.0753055519595,1.92022131304,0.149787243034,-0.00956773244429,-0.09918338654,-0.00280510769452,-0.147903983817,-0.00514568540182,0.0554002795789,-0.0252771657806,0.573921557102,0.818895380143,0.00226926756785,0.0,0.818854888911,-0.573860165355,-0.0119133717592,0.0,-0.0084537255942,0.00869570913189,-0.999926456879,0.0,0.653241344546,0.250058025416,0.303502545186,1.0,-0.01842,-0.0242091428571,0.922
0.4587456819,0.500988230163,-0.124133295152,-1.42917948928,0.0751486009065,1.92106529943,0.149453001043,-0.017084552023,-0.10088883685,0.00123114050034,-0.154590101866,-0.0153491990998,0.0516216235675,-0.0232603217617,0.573907359171,0.818905242177,0.00230093997557,0.0,0.818865109685,-0.573845787494,-0.0119034119833,0.0,-0.00842754401698,0.00871578300775,-0.999926503113,0.0,0.652934699489,0.249682443706,0.303547481442,1.0,-0.01874,-0.0246297142857,0.938
0.458508372011,0.499289744638,-0.12414074298,-1.43177975397,0.0749760044748,1.92201175378,0.149085568108,-0.0188858700036,-0.0972432963359,1.03054803921e-05,-0.154443238705,-0.0152701618247,0.0571715952513,-0.0196476345983,0.573891750302,0.818916094525,0.00233151521698,0.0,0.818876441949,-0.573830144706,-0.0118779101426,0.0,-0.00838927959042,0.00872602552995,-0.999926735549,0.0,0.652611472795,0.249273541154,0.303576942958,1.0,-0.01908,-0.0250765714286,0.955
0.458239560733,0.497516918819,-0.124138752491,-1.43457979801,0.0748141107239,1.92305516716,0.14866754389,-0.0173228593896,-0.0992715855379,-0.000340147708211,-0.156876289715,-0.0015218120935,0.052626686827,-0.0223835759392,0.573866896167,0.818933457006,0.00235061316797,0.0,0.818893905811,-0.573805065365,-0.0118854906761,0.0,-0.00838479365832,0.00874576082486,-0.999926600758,0.0,0.652265245006,0.248835228842,0.303570731452,1.0,-0.01944,-0.0255497142857,0.973
0.458006142926,0.496048158812,-0.124141540432,-1.43695275205,0.0746613661621,1.9238866044,0.148318535801,-0.0177284349107,-0.0984703192083,-0.000299415521653,-0.157919597008,-0.00647771410221,0.0540868969769,-0.018750555974,0.573852747762,0.818943556443,0.00228520187138,0.0,0.81890309131,-0.573791114054,-0.0119260796919,0.0,-0.00845572038849,0.00871534027525,-0.9999262691,0.0,0.65196250776,0.248451222317,0.303537048149,1.0,-0.01974,-0.025944,0.988
0.457738995374,0.49437743348,-0.12414367137,-1.43969417042,0.074500790939,1.92483394099,0.147933218918,-0.0156031758948,-0.0935537882083,-0.000481418928964,-0.160804122191,-0.00784119614483,0.0580098484434,-0.0194548323328,0.573852223163,0.818944197242,0.00218510300939,0.0,0.818902179685,-0.573790745858,-0.0120061224311,0.0,-0.00857871757773,0.0086792927692,-0.999925534968,0.0,0.651606480069,0.2480113135,0.303478261658,1.0,-0.0221765714286,-0.0291463510204,1.005
0.45741841717,0.492015169157,-0.124219298887,-1.44329124572,0.074286565195,1.92617215069,0.147422283647,-0.0201058863992,-0.145381877345,0.000148079497845,-0.224212697239,-0.00321052947457,0.0852112787391,-0.0295717394831,0.573873632599,0.818928988588,0.00226105262969,0.0,0.818888195171,-0.573812079434,-0.0119401929142,0.0,-0.00848091407951,0.00870387876536,-0.999926155569,0.0,0.651170004418,0.247419042266,0.303528639218,1.0,-0.0320611428571,-0.0421375020408,1.023
0.457049263727,0.4892489406,-0.124239009028,-1.44768813953,0.0740525330652,1.92782067469,0.146758186698,-0.0252729216479,-0.187338481732,-0.000317879983902,-0.300336073439,-0.0166644923564,0.110828272296,-0.0467850083485,0.573803608081,0.81897797262,0.00229054952288,0.0,0.818937246117,-0.573741617899,-0.0119620113074,0.0,-0.00848260349625,0.00873982983525,-0.999925827655,0.0,0.650609396353,0.246756427443,0.303503335538,1.0,-0.0408474285714,-0.0536851918367,1.039
0.456477868123,0.485492270141,-0.124305564147,-1.45359559467,0.0737093370966,1.93004517667,0.145883145135,-0.0327954066378,-0.243404194833,-0.00947213911831,-0.369843259541,-0.0213492953684,0.146535850609,-0.0615100172912,0.573803928015,0.818977584907,0.00234830061077,0.0,0.818937641793,-0.573741737376,-0.0119291469972,0.0,-0.00842254808558,0.00876827198565,-0.999926086313,0.0,0.649882991097,0.245790706544,0.303496330108,1.0,-0.0501828571429,-0.0659546122449,1.056
0.455781403985,0.480965059402,-0.124429009732,-1.46074622405,0.073276605219,1.93254819509,0.144779973827,-0.0482620230085,-0.283776738088,-0.00725710615744,-0.452855018371,-0.023617173898,0.157572312795,-0.0647650031421,0.573793925273,0.81898492162,0.00223078005238,0.0,0.818943489873,-0.573732256326,-0.0119835448402,0.0,-0.00853463637704,0.00870313559609,-0.999925704946,0.0,0.648968611401,0.244578929398,0.303454464322,1.0,-0.0595182857143,-0.0782240326531,1.073
0.454984314016,0.475946561436,-0.12454462941,-1.46858602294,0.0728008842529,1.93532309228,0.143649832426,-0.0517446728818,-0.325517027193,-0.0068470410812,-0.504497378269,-0.035671897445,0.183798823399,-0.0660126319291,0.573856937838,0.818940910558,0.00217871786719,0.0,0.818898819174,-0.5737954961,-0.0120083101326,0.0,-0.00858412320573,0.00867536859776,-0.999925522631,0.0,0.647967138409,0.243243948526,0.303443019476,1.0,-0.0683045714286,-0.089771722449,1.089
0.454008853358,0.469889452474,-0.124640459789,-1.4779403385,0.072256508846,1.93871241064,0.142260322049,-0.0611293228812,-0.378599931847,-0.00894472472239,-0.562924071864,-0.0312654586923,0.212736163153,-0.0957981291854,0.573889772934,0.818917669211,0.00226417268098,0.0,0.818876438454,-0.57382771469,-0.0119949697472,0.0,-0.00852381174222,0.00873803635989,-0.999925492901,0.0,0.646770862568,0.241671499645,0.30347474025,1.0,-0.07764,-0.102041142857,1.106
0.452794413029,0.462629639403,-0.124689963775,-1.48901367803,0.0715679607684,1.942785379,0.14045567053,-0.0689646592599,-0.408949389549,-0.0030409491776,-0.646373454854,-0.0421861842412,0.235857248804,-0.103862625376,0.57377913084,0.818994553139,0.00248552666048,0.0,0.818956104735,-0.573716095171,-0.0118948543668,0.0,-0.00831599439536,0.00886072702858,-0.999926163151,0.0,0.645351827122,0.239810103641,0.303565831832,1.0,-0.0875245714286,-0.115032293878,1.124
0.451551780333,0.455549629673,-0.124778401365,-1.50011690827,0.0708390037276,1.94653696431,0.138807600208,-0.0770570490022,-0.451709925478,-0.0124187087505,-0.718507036743,-0.04725710085,0.241040942911,-0.107791563287,0.573826843855,0.818961837718,0.00223797550144,0.0,0.818919885491,-0.573764514553,-0.0120519661578,0.0,-0.00858619473636,0.00874863278221,-0.99992486652,0.0,0.643851486269,0.237878239008,0.303480625717,1.0,-0.0963108571428,-0.126579983673,1.14
0.450107233237,0.447147135694,-0.124919246947,-1.51260677073,0.0699679006136,1.95113352458,0.136835307059,-0.0881757057605,-0.499408204482,-0.0019301274683,-0.745616484492,-0.0474907462934,0.27901220045,-0.119453882811,0.573827437898,0.81896032135,0.00260968790148,0.0,0.818924248292,-0.573764751057,-0.0117402259103,0.0,-0.00811758854382,0.00887417131274,-0.999927674304,0.0,0.642247344553,0.235676859932,0.303702896714,1.0,-0.105646285714,-0.138849404082,1.157
0.448488959088,0.43821507923,-0.124960205044,-1.52631621717,0.0690881494129,1.95584782482,0.1346773685,-0.0975823832177,-0.535766801426,-0.00101702453102,-0.835446696604,-0.0547480998835,0.279781906871,-0.131071934452,0.573785410537,0.818989895345,0.00256921751482,0.0,0.818952599126,-0.57372212082,-0.0118454788276,0.0,-0.00822746894812,0.00890100166542,-0.999926537764,0.0,0.640359296594,0.233299516918,0.303698019299,1.0,-0.114981714286,-0.15111882449,1.174
0.446806257712,0.429092235809,-0.125047857229,-1.53992462737,0.0681568340503,1.96071110085,0.132425976546,-0.104775634094,-0.579289213938,-0.00310291098859,-0.883544151182,-0.0598251717581,0.312384527206,-0.140183631935,0.573720011686,0.819034741799,0.00286126189746,0.0,0.819001567347,-0.573656044921,-0.0116585466644,0.0,-0.0079075268178,0.00903229340676,-0.999927941752,0.0,0.638526472388,0.230875513667,0.303864874913,1.0,-0.123768,-0.162666514286,1.19
0.444812885136,0.418923136563,-0.125118472941,-1.55541531471,0.0670590640988,1.96599795675,0.129864088219,-0.119915308262,-0.60492521005,-0.00293304857247,-0.923083514039,-0.0626476786047,0.313108076902,-0.142301424066,0.573658232496,0.819078236295,0.00279678703242,0.0,0.819044199122,-0.573594466182,-0.0116933806318,0.0,-0.00797372553828,0.00899886951636,-0.999927717412,0.0,0.636357237762,0.228068349926,0.303862589232,1.0,-0.133103428571,-0.174935934694,1.207
0.442382929,0.406766968348,-0.125244764261,-1.5737424385,0.0657823019667,1.97239147567,0.126830496118,-0.133444752644,-0.642711688387,-0.00220407657357,-1.00017129661,-0.0582158360734,0.338475781879,-0.170717696769,0.573654681872,0.819080085879,0.00297754678377,0.0,0.819048714541,-0.573590679523,-0.0115621137449,0.0,-0.00776255348929,0.00907159120406,-0.999928721958,0.0,0.63394307602,0.224888690612,0.303940694368,1.0,-0.142988,-0.187927085714,1.225
0.440222748169,0.396542583241,-0.125342580128,-1.58899396594,0.0647448567927,1.97758299861,0.124235297962,-0.151082307748,-0.693020184049,-0.00762116669103,-1.03273194241,-0.0685386342177,0.357567928984,-0.177900950519,0.573693917811,0.819052195862,0.00308804489166,0.0,0.81902171201,-0.573628913375,-0.0115780782998,0.0,-0.00771180709587,0.00917162549669,-0.999928202081,0.0,0.631612781673,0.221828049725,0.304008811375,1.0,-0.151774285714,-0.19947477551,1.241
0.437604642749,0.384596327093,-0.125475404743,-1.6071500226,0.0633505675437,1.98362682096,0.121085106179,-0.166333939891,-0.714267761639,-0.00555527227973,-1.08743969645,-0.0792587839894,0.346232101082,-0.190615070389,0.573661915689,0.819075418705,0.00286563463433,0.0,0.819042446537,-0.573598108011,-0.0116373604253,0.0,-0.00788830513281,0.00902316060075,-0.999928176028,0.0,0.628952646769,0.218346603843,0.303914595669,1.0,-0.161109714286,-0.211744195918,1.258
0.434749759642,0.371916754643,-0.125614945872,-1.62592804074,0.0619638351538,1.98990118698,0.117693777447,-0.171749088352,-0.746464473364,-0.00617298902354,-1.1261543256,-0.0808371637847,0.370258861491,-0.202585736362,0.573632006375,0.819095977208,0.00297460681826,0.0,0.819064475636,-0.573567908854,-0.0115752142509,0.0,-0.00777522211291,0.0090764828992,-0.999928579139,0.0,0.626180810109,0.2146847276,0.303995538037,1.0,-0.170445142857,-0.224013616327,1.275
0.431976349578,0.360308233665,-0.125782753084,-1.64307598342,0.0606315664176,1.99560845399,0.114662431319,-0.194856205865,-0.783339698543,-0.0128502515293,-1.16100801542,-0.101111303281,0.387179660537,-0.212942322227,0.573778546678,0.818993078528,0.0030436156638,0.0,0.818963029919,-0.573714870936,-0.0114694984047,0.0,-0.0076474194764,0.00907373552923,-0.999929589671,0.0,0.62363540037,0.211220010828,0.304052362384,1.0,-0.178682285714,-0.23483957551,1.29
0.42836266893,0.345865678873,-0.12597222371,-1.66445877142,0.0590370353432,2.00246940642,0.110601858325,-0.204118593044,-0.827685108382,-0.0135009401417,-1.17700890808,-0.0838658589657,0.398761231282,-0.229938560644,0.573832197565,0.818955813123,0.00295501123568,0.0,0.818924089218,-0.573768174634,-0.0115829519849,0.0,-0.00779058445133,0.00906677524011,-0.999928547638,0.0,0.620356988924,0.206835708856,0.304031243446,1.0,-0.188566857143,-0.247830726531,1.308
0.424747776032,0.331744854281,-0.126095438399,-1.68528888161,0.0574179909951,2.0091785285,0.106675984948,-0.219715546658,-0.812593874598,-0.00319452439929,-1.23471793098,-0.0987934063272,0.37831190517,-0.238545374065,0.573880887725,0.818921830761,0.002916969127,0.0,0.818889318173,-0.573816641921,-0.0116401433843,0.0,-0.0078587134061,0.00906890528267,-0.999927995198,0.0,0.617097302824,0.202565405755,0.303993395778,1.0,-0.197902285714,-0.260100146939,1.325
0.421404332607,0.318722850738,-0.126194155972,-1.70404197601,0.0558302979907,2.0152329143,0.102947434114,-0.230560689663,-0.86805022426,-0.0090133216221,-1.26654558838,-0.109300214327,0.403181061806,-0.249036449992,0.573753085289,0.819010745734,0.00308907662196,0.0,0.818981253024,-0.573689236244,-0.0114505158749,0.0,-0.00760607197822,0.00909983985402,-0.999929667819,0.0,0.613919038837,0.198418739704,0.304112614015,1.0,-0.206688571429,-0.271647836735,1.341
0.41707975298,0.302679603563,-0.126297143324,-1.72722834071,0.0539083651982,2.02248543126,0.0981866549411,-0.24598083258,-0.910958851962,-0.00247200317889,-1.30899961657,-0.116704367495,0.392243870918,-0.2702066171,0.573581410685,0.819130822013,0.00313187587772,0.0,0.819101783184,-0.573517335615,-0.0114403423845,0.0,-0.00757509779672,0.0091274685718,-0.999929651131,0.0,0.610342453967,0.19381450191,0.304146114188,1.0,-0.216024,-0.283917257143,1.358
0.412610596763,0.286966549314,-0.12645637204,-1.74970658694,0.0520669162858,2.02936464314,0.0935487065021,-0.271600098821,-0.94324925892,-0.00412763589279,-1.32539850486,-0.106063924605,0.407806306027,-0.28400800388,0.573634041352,0.819093705851,0.0031991465918,0.0,0.819065110209,-0.573569240788,-0.0114637760717,0.0,-0.00755512020329,0.00919649861407,-0.999929169778,0.0,0.606614832223,0.188928620916,0.304200985629,1.0,-0.225359428571,-0.296186677551,1.375
0.408121306202,0.271866558499,-0.126624224145,-1.77134702768,0.0502091904659,2.03584837641,0.0888788637204,-0.288869691541,-0.97557933758,-0.0164948602628,-1.35757209891,-0.12168625953,0.426160928365,-0.3095679609,0.573608881218,0.819111713883,0.00309813957034,0.0,0.819081570257,-0.573544105277,-0.0115450191932,0.0,-0.00767988863188,0.00916013092809,-0.999928553104,0.0,0.602946315015,0.184127518963,0.304162558178,1.0,-0.234145714286,-0.307734367347,1.391
0.402940640792,0.255362123088,-0.126840362861,-1.79469554184,0.0481431199686,2.04274817081,0.083738428446,-0.313374213011,-0.986543603254,-0.0103908864787,-1.36483852158,-0.119070801877,0.410564334997,-0.302126396439,0.573732374229,0.819025315841,0.00307273070552,0.0,0.8189948835,-0.573667710674,-0.0115535895765,0.0,-0.00770010421354,0.00914539518202,-0.999928532517,0.0,0.598942110119,0.178765577105,0.304176834228,1.0,-0.243481142857,-0.320003787755,1.408
