position_joint1,position_joint2,position_joint3,position_joint4,position_joint5,position_joint6,position_joint7,velocity_joint1,velocity_joint2,velocity_joint3,velocity_joint4,velocity_joint5,velocity_joint6,velocity_joint7,ee_T_00,ee_T_10,ee_T_20,ee_T_30,ee_T_01,ee_T_11,ee_T_21,ee_T_31,ee_T_02,ee_T_12,ee_T_22,ee_T_32,ee_T_03,ee_T_13,ee_T_23,ee_T_33,v_x,v_y,time
0.46507756731,0.547833944543,-0.123898313205,-1.3558601478,0.0795211703115,1.89409872382,0.159167341848,9.66578550456e-05,-0.00229932034276,0.000227877420807,-1.964030329e-05,3.45627772162e-05,3.60332270554e-05,0.000626756323974,0.57375338818,0.819014137021,0.00190782951242,0.0,0.818969740565,-0.573694320171,-0.0120057462375,0.0,-0.00873853318267,0.00845095492927,-0.999926106969,0.0,0.661646158218,0.260944621692,0.30316098046,1.0,0.0,0.0,0.0
0.465070094981,0.547841740908,-0.12390155448,-1.35586050287,0.0795218823883,1.89409954198,0.159164898926,-0.00543632251852,-0.000447423246604,-0.00082552356054,0.000952646850901,0.000279185607822,-0.00180037660651,-0.00148397186886,0.573759999279,0.819009521607,0.00190095909555,0.0,0.818965045912,-0.573700970027,-0.0120082248923,0.0,-0.0087444368048,0.00844682078598,-0.99992609029,0.0,0.661648686541,0.260937826475,0.30315546811,1.0,-0.0001,-0.000131428571429,0.006
0.465074779151,0.547840303976,-0.123896780945,-1.35586572381,0.0795218823883,1.89409711366,0.159162619215,0.00189033603439,-0.000622984817817,0.00106130950126,0.000126424440097,8.49333807957e-05,0.0017438676117,-0.00116787692302,0.573751225419,0.819015676892,0.00189716561563,0.0,0.818971117177,-0.573692180253,-0.012014093704,0.0,-0.00875151050258,0.00844698745935,-0.999926026997,0.0,0.661644723415,0.260942921062,0.303153632507,1.0,-0.00044,-0.000578285714286,0.023
0.465067008973,0.547831185743,-0.123906535125,-1.35587811683,0.0795226112133,1.89409721831,0.159160530773,-0.000207777590342,-0.00253930802419,-0.00206556059307,-0.00431457704764,0.00440667695941,-5.88072179804e-05,-0.00175885425334,0.573763548006,0.819007053753,0.00189308806305,0.0,0.81896247201,-0.573704548972,-0.0120127777316,0.0,-0.00875264497948,0.00844302460691,-0.999926050536,0.0,0.661646371286,0.260930908464,0.303154526913,1.0,-0.00076,-0.000998857142857,0.039
0.46506861992,0.547769365865,-0.123899731279,-1.3559286251,0.0795208177831,1.89411038619,0.15916753615,0.00026319157633,-0.00570821906929,0.000269943622953,-0.00522640841922,-5.82651425394e-05,0.00446970025213,0.00165033906946,0.573765476931,0.819005646356,0.00191719062595,0.0,0.818961328139,-0.573706324765,-0.0120059501793,0.0,-0.00873320474006,0.00845886757136,-0.999926086616,0.0,0.661637175949,0.26093133842,0.303175196779,1.0,-0.0011,-0.00144571428571,0.056
0.465074031305,0.547629205884,-0.123899661561,-1.35611092009,0.0795177025224,1.89413741242,0.159164380446,0.00230011273058,-0.0144525236711,-0.000176635305797,-0.010542088462,-6.61907120445e-05,0.00287919688636,0.00139603537249,0.573767471651,0.819004264098,0.00191069760693,0.0,0.818959733219,-0.573708223353,-0.0120240061572,0.0,-0.00875169788212,0.00846393097125,-0.999925882082,0.0,0.661603222726,0.260916489746,0.303190062617,1.0,-0.00146,-0.00191885714286,0.074
0.465054410551,0.547495114883,-0.123904377001,-1.35629891459,0.0795134027056,1.89419145413,0.159161936636,-0.00186697526215,-0.0111823415493,-0.00126508280737,-0.0161409724685,-0.000359824800929,0.00828156782585,0.00180830350121,0.573794090969,0.818985606624,0.00191421356824,0.0,0.818941061768,-0.573734766265,-0.012029224067,0.0,-0.00875367903099,0.00847008885605,-0.999925812597,0.0,0.661580882587,0.260883199714,0.303200414661,1.0,-0.00176,-0.00231314285714,0.089
0.465036360185,0.547312659863,-0.123900532618,-1.35651665652,0.0795127974397,1.89433154748,0.159147972486,-0.000753727219954,-0.0167975954672,-0.00213887875169,-0.0113083975336,7.3261377164e-07,0.0141781585675,-0.00152467870719,0.57380712904,0.818976242762,0.00200981456958,0.0,0.818932900008,-0.573747350576,-0.0119845689326,0.0,-0.00866211822373,0.00852289845816,-0.999926161229,0.0,0.661567586188,0.260859471361,0.303238057999,1.0,-0.00212,-0.00278628571429,0.107
0.465013773917,0.547108029403,-0.12389998125,-1.35675548247,0.0795096762949,1.89444797457,0.159131627656,-0.00142631289386,-0.00799917117848,-0.000221026260999,-0.0175559277436,-0.00202024351794,0.010962497028,-0.00152494826314,0.573819339662,0.818967499714,0.00208488451792,0.0,0.818925060483,-0.573759171471,-0.011954303327,0.0,-0.00859412975652,0.00856713956512,-0.999926369816,0.0,0.661545011975,0.260825470415,0.303275982633,1.0,-0.00248,-0.00325942857143,0.125
0.464980677368,0.546887541658,-0.123896959672,-1.35708435775,0.0795031513721,1.89457997395,0.159102307363,-0.00233747258621,-0.0139914282301,0.000483547146657,-0.0247439005153,-6.60737891899e-05,0.00425626172664,-0.00118786133474,0.573842213845,0.818951397629,0.00211396146226,0.0,0.818909234067,-0.573781819391,-0.0119514433055,0.0,-0.00857486363746,0.00858955062243,-0.999926342954,0.0,0.661512399428,0.260778227286,0.303290399468,1.0,-0.0028,-0.00368,0.141
0.464943411144,0.546615136608,-0.123900065404,-1.35746552006,0.0794968668456,1.89472464298,0.158990742409,-0.00373795210425,-0.0209409723627,-0.000589374981832,-0.0208296456708,0.000264134535998,0.00979216237078,-0.0141300745157,0.573803174582,0.818978646313,0.00215421076418,0.0,0.818936874415,-0.573742486017,-0.0119458094347,0.0,-0.00854756516781,0.00861887194662,-0.999926324374,0.0,0.661471773387,0.260718922899,0.303314556018,1.0,-0.00314,-0.00412685714286,0.158
0.464907618773,0.546352757983,-0.123905441134,-1.35787847006,0.0794820499198,1.89487770464,0.158944163254,0.000143552492704,-0.0196572520385,-0.00127126444782,-0.0247982005502,-0.000214436597845,0.00715556930034,-0.0002905740258,0.573817274869,0.818968751176,0.00216022222852,0.0,0.818926992152,-0.573756493841,-0.0119504895566,0.0,-0.00854780054801,0.00862662773202,-0.999926255481,0.0,0.661425844608,0.260654556584,0.303317254895,1.0,-0.00346,-0.00454742857143,0.174
0.464863233153,0.546044254327,-0.12390086038,-1.3583815379,0.0794668644612,1.89505038195,0.15891753336,-0.000824354268013,-0.0262674796884,0.000298323832364,-0.0267584819287,-6.97009840923e-06,0.0101047288551,-0.00275455142161,0.573852645099,0.818943993052,0.00215054821435,0.0,0.818901926869,-0.573791716958,-0.0119769203566,0.0,-0.00857462531709,0.00863424173923,-0.999925960094,0.0,0.661364293233,0.260581448733,0.303311079445,1.0,-0.0038,-0.00499428571429,0.191
0.464810329829,0.545734906962,-0.123901098479,-1.35893431697,0.0794243572033,1.89522755121,0.158816047739,-0.00461558225125,-0.0216374435496,0.00102627643811,-0.0333192672865,-0.0051135638859,0.00850836587903,-0.00687907285716,0.573832522572,0.818958252387,0.00208896822904,0.0,0.818915412377,-0.573771883247,-0.0120050101107,0.0,-0.00863317708072,0.00859971908527,-0.999925753786,0.0,0.661297045333,0.260489903392,0.30328232002,1.0,-0.00412,-0.00541485714286,0.207
0.464748234014,0.545355873717,-0.123900241543,-1.35959916914,0.0793372588364,1.89544610766,0.158746079276,-0.00183067084738,-0.0222067228711,9.95931778118e-05,-0.0400439173242,-0.00394423326969,0.0131765342448,-0.00456839603224,0.573839341966,0.818953683298,0.00200527462659,0.0,0.818910124414,-0.573779424389,-0.0120052980661,0.0,-0.0086813648925,0.00853141629249,-0.999925921676,0.0,0.661218717363,0.260376119199,0.303253005722,1.0,-0.00446,-0.00586171428571,0.224
0.464685507399,0.544908386105,-0.123903341882,-1.36034168143,0.0793228749701,1.89569036453,0.158654996693,-0.00722130817957,-0.025801437128,-0.00393896568603,-0.041303773723,0.000150800779234,0.0136064591216,-0.00479306544493,0.57385439535,0.818943199105,0.00197900938372,0.0,0.818899028187,-0.573794324418,-0.0120499709764,0.0,-0.0087328655629,0.00853570200845,-0.999925436645,0.0,0.661132046869,0.26027097366,0.303238898961,1.0,-0.0048,-0.00630857142857,0.241
0.464617190659,0.544496476545,-0.123906363269,-1.36102311665,0.0792985155616,1.8959378111,0.158564345231,-0.00718061434081,-0.0271551890202,-0.00180008955073,-0.0456368946396,-0.00473349160733,0.0164026505299,-0.00121144490847,0.573871101276,0.818931521363,0.00196706341327,0.0,0.818886992379,-0.57381088281,-0.0120793783883,0.0,-0.00876363005396,0.00854297329943,-0.999925105393,0.0,0.661049711964,0.260155292782,0.303226392619,1.0,-0.00514,-0.00675542857143,0.258
0.464546946404,0.544021191138,-0.12390956613,-1.36182314991,0.079264805549,1.89622037413,0.158494373864,-0.00770470046243,-0.0262334160309,0.000370821095099,-0.0490140819506,-0.00449617096228,0.0143383216467,-0.00404349861196,0.573909150611,0.818904928077,0.00193714156086,0.0,0.818859860444,-0.573848915011,-0.0121119195505,0.0,-0.00880705358851,0.00853755330402,-0.999924770166,0.0,0.660955391603,0.26003199734,0.303206539458,1.0,-0.00548,-0.00720228571429,0.275
0.464477029587,0.54352933913,-0.123909027274,-1.36261063241,0.0792281736812,1.89648961786,0.158368145262,-0.00711293123575,-0.0352611717562,0.000229749175484,-0.052244231655,-0.00053902452305,0.0169613941888,-0.00679730211254,0.573896621368,0.818913745967,0.00192134058372,0.0,0.818868323945,-0.573836314327,-0.0121366923266,0.0,-0.00883653930843,0.00853869606066,-0.999924500271,0.0,0.660860853883,0.25991142683,0.303203041574,1.0,-0.0058,-0.00762285714286,0.291
0.464390830679,0.542953499032,-0.123909741506,-1.36354547219,0.079170786557,1.89682331716,0.158254986791,-0.00339612639656,-0.033208406054,0.000759384185416,-0.0532848572227,-0.000536915306081,0.0204656461947,-0.0038606748998,0.573911708567,0.818903225986,0.00189845759116,0.0,0.818857487824,-0.57385148554,-0.0121504765017,0.0,-0.00886080229346,0.00852803113385,-0.999924376574,0.0,0.660752996906,0.25976400446,0.303194368479,1.0,-0.00616,-0.008096,0.309
0.464312885345,0.542386013054,-0.123912585804,-1.36441406425,0.0791254948817,1.89713327376,0.158141486374,-0.00270609828284,-0.039966100068,0.000197871216921,-0.0468149774236,0.000201989540735,0.0234215326118,-0.0156037382607,0.573917744372,0.818898967848,0.00191051118172,0.0,0.818853336873,-0.573857417995,-0.0121500372339,0.0,-0.00885346239294,0.00853771479706,-0.999924358954,0.0,0.660646703305,0.259622010533,0.303209726522,1.0,-0.0065,-0.00854285714286,0.326
0.46423498761,0.541806961018,-0.123915722983,-1.36531040952,0.0790653790779,1.89747194074,0.158018070898,-0.00806823594705,-0.0431234407163,-0.000762476372802,-0.0597286807225,-0.00541538903831,0.0236800592988,-0.00238835285296,0.573919378391,0.818897792563,0.0019233678709,0.0,0.818852381993,-0.57385904489,-0.0121375452208,0.0,-0.00883583705636,0.00854109121334,-0.999924486021,0.0,0.660553350092,0.259490104914,0.303221538518,1.0,-0.0068,-0.00893714285714,0.341
0.464139314087,0.541120659698,-0.123916124436,-1.36637842913,0.0790043695484,1.89787305906,0.15787544447,-0.00710765440245,-0.0394808094903,-0.00037778430806,-0.0646575329379,-0.00238210180698,0.0306722170242,-0.00520164342295,0.573924200016,0.818894371398,0.00194114152107,0.0,0.818849163258,-0.5738637579,-0.0121318630386,0.0,-0.00882093341926,0.00855243656032,-0.999924520633,0.0,0.660433252854,0.259326268958,0.303233180922,1.0,-0.00716,-0.00941028571429,0.359
0.464050961971,0.540360853753,-0.123917166542,-1.36750291146,0.0789349410767,1.89828625721,0.15773941222,-0.00430392851297,-0.039135456687,-3.36937453713e-05,-0.0632535551618,-0.00528850900951,0.0345115940315,-0.0142044496687,0.573929537318,0.818890532749,0.00198203673724,0.0,0.818845873408,-0.573868927913,-0.0121093385377,0.0,-0.00877896241109,0.00857305472526,-0.999924713442,0.0,0.660302979239,0.25916063599,0.303270839676,1.0,-0.00752,-0.00988342857143,0.377
0.46396281638,0.539757705541,-0.123919323063,-1.36844039313,0.0788746693674,1.89864899628,0.157628368842,-0.00687197478612,-0.0467352994759,-0.000829346222366,-0.0629342982867,-0.00101578450796,0.0220825403729,-0.0100476992447,0.573941802892,0.818881888815,0.00200149074221,0.0,0.818837506509,-0.573881129122,-0.0120968786841,0.0,-0.00875746570685,0.00858196527937,-0.999924825508,0.0,0.660191660909,0.259003195316,0.303280035143,1.0,-0.00782,-0.0102777142857,0.392
0.463859541853,0.538966629189,-0.123925187966,-1.36967673625,0.078814477545,1.89911156243,0.157479110539,-0.00333104106059,-0.0394096810092,-0.00056382906187,-0.064218966859,-0.00305822627995,0.0228992828017,-0.00682612382768,0.573966905105,0.81886424152,0.00202304346162,0.0,0.818820074684,-0.57390606934,-0.0120936251996,0.0,-0.00874216861898,0.00859801476408,-0.999924821489,0.0,0.660059773128,0.25882639542,0.303293109639,1.0,-0.00816,-0.0107245714286,0.409
0.463743223945,0.53814012877,-0.123922262471,-1.37096071466,0.0787396711244,1.89961632193,0.157313542566,-0.00237444711501,-0.0457896100004,0.000754317883737,-0.0744576558741,-0.00460718696343,0.0404830725771,-0.015198064452,0.573975561012,0.818858072289,0.00206390627147,0.0,0.818814433857,-0.573914542055,-0.0120734512835,0.0,-0.00870210476376,0.00861998818051,-0.999924981774,0.0,0.659918554808,0.258631913048,0.303309418183,1.0,-0.00852,-0.0111977142857,0.427
0.463650473229,0.537431031681,-0.123931340873,-1.37207152279,0.0786749508043,1.90003168466,0.157187247598,-0.00522086931041,-0.049067291099,-0.000818508232768,-0.0736329295281,-0.00436648090727,0.0313002543162,-0.00336457542287,0.573992037989,0.818846484472,0.00207896471671,0.0,0.818803067138,-0.573930976534,-0.0120630975268,0.0,-0.00868480996115,0.00862655070824,-0.999925075543,0.0,0.659784116598,0.258448068142,0.30332404258,1.0,-0.00884,-0.0116182857143,0.443
0.463535416491,0.536531712697,-0.123928647615,-1.373458761,0.0786004970225,1.9005532642,0.157017071137,-0.00622753045573,-0.0478838214161,0.000668838524345,-0.0781403447089,-0.000506953696802,0.0229734273761,-0.0111266069833,0.574007809866,0.818835355344,0.00210759406047,0.0,0.818792212486,-0.573946525102,-0.0120600993992,0.0,-0.00866575633239,0.00864843935598,-0.999925051773,0.0,0.659631612759,0.258256756789,0.303337494532,1.0,-0.00918,-0.0120651428571,0.46
0.463423543784,0.535675028632,-0.123940476164,-1.37482493082,0.078514413099,1.90104895576,0.156837512731,-0.00490286458058,-0.0508760199098,-0.000887328679342,-0.0832215965828,-0.0041671218461,0.0333345877992,-0.00584452621042,0.574012645526,0.818832009351,0.00209048794261,0.0,0.818788700765,-0.57395149065,-0.0120622046821,0.0,-0.00867724769014,0.00863569219081,-0.999925062289,0.0,0.659472276958,0.258044896458,0.303335218787,1.0,-0.00952,-0.012512,0.477
0.46332101015,0.534917638839,-0.123932799881,-1.37601240325,0.0784489347338,1.90147736384,0.156695873133,-0.0108762221664,-0.0563535341796,-5.59007647268e-05,-0.0920429834756,-0.00143447291625,0.0308906707447,-0.0110347631057,0.574022742834,0.818824921334,0.00209423340618,0.0,0.818781537428,-0.573961446973,-0.0120746948871,0.0,-0.00868521907234,0.00864603558901,-0.999924903699,0.0,0.659330109637,0.25786920931,0.303341324782,1.0,-0.0098,-0.01288,0.491
0.463193769486,0.533916771308,-0.123938382478,-1.37766789708,0.0783613250362,1.90207833403,0.156490387825,-0.0104469230103,-0.0558800037585,-0.000296994827561,-0.0859265809665,-0.00865581498769,0.0302943640705,-0.00849419213836,0.574029817848,0.81882006774,0.00205226434784,0.0,0.818775999497,-0.573968567688,-0.0121116825348,0.0,-0.00873952174826,0.00863297792352,-0.999924543379,0.0,0.659130252344,0.257625311122,0.303311696633,1.0,-0.01018,-0.0133794285714,0.51
0.463061352095,0.532985319727,-0.123933398933,-1.37915722786,0.0782839021749,1.90265470668,0.156310218588,-0.00671021068342,-0.0539069914043,0.00191371720538,-0.0890410956047,-0.00275718674694,0.0367493542533,-0.0135042867599,0.574048086457,0.818807205913,0.00207385650321,0.0,0.818763298554,-0.573986619897,-0.0121147852568,0.0,-0.0087294756514,0.00865263347582,-0.999924461241,0.0,0.658960269567,0.257402944382,0.303309504341,1.0,-0.01052,-0.0138262857143,0.527
0.462938177573,0.532090708944,-0.123938763929,-1.38060911354,0.0781906704404,1.90318474797,0.156126307717,-0.00549524964467,-0.0519923474922,-0.000661967033281,-0.0908086728052,-0.00519677759356,0.0320332046423,-0.014242822711,0.574056312438,0.81880151086,0.00204520518619,0.0,0.818757268687,-0.573995009115,-0.0121248251605,0.0,-0.00875405613354,0.00863502528373,-0.999924398562,0.0,0.658789262121,0.257178961481,0.30329526283,1.0,-0.01084,-0.0142468571429,0.543
0.462790509845,0.53101113737,-0.123934226256,-1.38232612372,0.0780903628225,1.90379830448,0.155905594575,-0.00757722545251,-0.0573464044498,0.001396451517,-0.0947734376408,-0.0059004452563,0.0381409459945,-0.0147835946379,0.574059744939,0.818799147678,0.00202778316069,0.0,0.818754562934,-0.573998404723,-0.0121467670959,0.0,-0.00878198732625,0.00863339295591,-0.999924167737,0.0,0.658581953762,0.256920108129,0.303291910516,1.0,-0.0112,-0.01472,0.561
0.462646306092,0.529979102078,-0.123944471113,-1.38396959987,0.0779947335275,1.90438630847,0.155690170678,-0.00426904366113,-0.0600974949214,-0.00130034881655,-0.095279030547,-0.0104385082126,0.0417940183434,-0.00969539538188,0.574072174654,0.818790483465,0.0020073304301,0.0,0.818745590585,-0.574010883532,-0.0121618413719,0.0,-0.00880594000462,0.00862543372898,-0.999924025771,0.0,0.658387193077,0.256662100806,0.303288079761,1.0,-0.01154,-0.0151668571429,0.578
0.462519897046,0.529038703182,-0.123947584468,-1.38543009892,0.0778959619762,1.9049360732,0.155480563969,-0.00900041329576,-0.0625707202693,0.000105954530447,-0.0990774255074,-0.00613707230251,0.0326310084842,-0.0174887176794,0.574058917888,0.818799732707,0.00202568839939,0.0,0.818755186765,-0.573997652084,-0.0121402820445,0.0,-0.00877788830948,0.0086279461718,-0.999924250742,0.0,0.658218722143,0.256437397598,0.30330298683,1.0,-0.01184,-0.0155611428571,0.593
0.462387094947,0.527946979928,-0.12394201204,-1.38713696992,0.0777853576719,1.90560206832,0.155252483882,-0.00377455648567,-0.0571345140101,0.0018994402651,-0.101356109543,-0.00978956877835,0.0370876680859,-0.00984282751532,0.574039811223,0.818813031348,0.00206439524051,0.0,0.818769060533,-0.573978446525,-0.012112610765,0.0,-0.00873321330625,0.00864355016369,-0.999924507163,0.0,0.658019667669,0.256192262903,0.303316765487,1.0,-0.01218,-0.016008,0.61
0.462230181415,0.526708855714,-0.123950137059,-1.38902191621,0.077674199935,1.90631391482,0.154993867714,-0.00267967049503,-0.0695454432271,-0.00102257842811,-0.106705794966,-0.00796535938697,0.0419459254662,-0.0174042249643,0.574034216866,0.81881681287,0.00211937019362,0.0,0.818773578722,-0.573972633602,-0.0120826141251,0.0,-0.00867715415958,0.00867128520419,-0.999924755073,0.0,0.65780068016,0.255907134831,0.303352947344,1.0,-0.01254,-0.0164811428571,0.628
0.462087363436,0.525606421752,-0.123948325966,-1.390756075,0.0775639436638,1.90694695389,0.154757630534,-0.00993592867773,-0.0655856076614,0.000290339130691,-0.111391276974,-0.00698476269032,0.0424411126594,-0.0166624297865,0.574020118966,0.818826699864,0.00211790291462,0.0,0.81878344449,-0.573958541742,-0.0120834718441,0.0,-0.00867884799934,0.00867042672161,-0.999924747817,0.0,0.657591249537,0.255648030718,0.303357966675,1.0,-0.01286,-0.0169017142857,0.644
0.461935865418,0.524430855406,-0.123956647119,-1.39261740446,0.0774442990155,1.90761176749,0.154505101366,-0.00443496086254,-0.0673069935385,-0.00107708134424,-0.109801013633,-0.0108111955419,0.0404777564206,-0.0123323569959,0.574010937849,0.818833196006,0.00209457617647,0.0,0.818789669843,-0.573949495979,-0.0120912995603,0.0,-0.0086987439998,0.00865572218585,-0.999924702328,0.0,0.657364697597,0.255363872144,0.303356690815,1.0,-0.0132,-0.0173485714286,0.661
0.461769330365,0.523242189688,-0.123957258923,-1.39452754206,0.0773370838663,1.90831955696,0.154238740507,-0.0126550893841,-0.070028191529,-0.000668622093037,-0.117468272724,-0.00735872261323,0.0453366731961,-0.016831128228,0.574003302144,0.818838569743,0.00208631959036,0.0,0.818794824442,-0.573941786357,-0.0121081890047,0.0,-0.00871739401101,0.00865857485878,-0.999924515213,0.0,0.657136382926,0.255073624316,0.303344607776,1.0,-0.01354,-0.0177954285714,0.678
0.461622644249,0.522080810444,-0.123954935305,-1.39635723712,0.0772166538359,1.90903433511,0.153999212245,-0.0106223812867,-0.0714498604486,0.000684894336176,-0.112493171293,-0.00931434581721,0.0417960755434,-0.0171701031156,0.573991274051,0.818846917699,0.00211886513348,0.0,0.818803701509,-0.573929722981,-0.0120796678648,0.0,-0.00867548614881,0.00866872546194,-0.999924791741,0.0,0.656922083318,0.254805694129,0.303351785489,1.0,-0.01386,-0.018216,0.694
0.461455344699,0.520835307804,-0.123965394766,-1.39838011274,0.0770910381636,1.90979523463,0.153713331521,-0.0117583733919,-0.0788057339248,-0.00170630819689,-0.117815728253,-0.00794683748116,0.0444445501834,-0.0141279859225,0.57397583132,0.818857794395,0.00209869466369,0.0,0.818814365259,-0.573914419228,-0.0120839376432,0.0,-0.0086907227204,0.00865449611916,-0.999924782689,0.0,0.656681452771,0.254497289622,0.303330254307,1.0,-0.0142,-0.0186628571429,0.711
0.461281432925,0.51951268828,-0.12396362843,-1.40043791194,0.0769654951139,1.910528154,0.153451105016,-0.00970901866257,-0.0812007278509,-0.000747368042843,-0.126060784159,-0.00853285533099,0.0387338427928,-0.0112170998584,0.573977700794,0.818856486401,0.00209775389936,0.0,0.818812967684,-0.573916215563,-0.0120933191419,0.0,-0.00869892532363,0.00865913032694,-0.999924671243,0.0,0.656427199499,0.254186735676,0.303343015805,1.0,-0.01454,-0.0191097142857,0.728
0.461120261512,0.518263810041,-0.12396673693,-1.40242010801,0.07684213641,1.91123634552,0.153170139497,-0.00751199117274,-0.0759065975063,-9.23952708275e-05,-0.130882540697,-0.0090081720859,0.0462887535072,-0.0273392475324,0.573953581628,0.81887345159,0.00207444428922,0.0,0.818829591056,-0.573892163406,-0.0121091904429,0.0,-0.00872555524694,0.00864889611241,-0.999924527793,0.0,0.656180975885,0.253888433483,0.303337655399,1.0,-0.01486,-0.0195302857143,0.744
0.460924497477,0.516817929698,-0.123969959535,-1.40467859962,0.0766928238918,1.91204970267,0.152866621947,-0.00880917276005,-0.0777045961914,0.000239677827361,-0.126002555312,-0.0135673328091,0.0482308216874,-0.013942061515,0.573946617584,0.818878348176,0.00206832148577,0.0,0.818834460547,-0.573885279282,-0.0121061697239,0.0,-0.00872666902814,0.00864207445967,-0.999924577054,0.0,0.655904980063,0.25354017557,0.303347705344,1.0,-0.01522,-0.0200034285714,0.762
0.460733874197,0.515451248371,-0.123973210811,-1.40685665372,0.0765482763627,1.91288545134,0.152570228426,-0.00963366702271,-0.0821381997738,-0.000772682383607,-0.129903224692,-0.0164423965601,0.053384274834,-0.0186522440471,0.573938381387,0.818884093092,0.00207926720305,0.0,0.81884047697,-0.573877124155,-0.0120857994907,0.0,-0.0087037926474,0.00863925867827,-0.999924800774,0.0,0.655648034411,0.253206079514,0.303342024425,1.0,-0.01556,-0.0204502857143,0.779
0.460563871542,0.514143901865,-0.123978197005,-1.40896713341,0.076431042094,1.91362993476,0.152282664883,-0.0138025568555,-0.0795164544661,-0.00133871110751,-0.131203319167,-0.00704959847158,0.0433944595137,-0.0199089561309,0.573924993261,0.818893588623,0.00203458186224,0.0,0.818849203954,-0.573863749727,-0.0121295026873,0.0,-0.00876536796769,0.00862760659448,-0.999924363504,0.0,0.655380213718,0.252890039113,0.303318701433,1.0,-0.01588,-0.0208708571429,0.795
0.460369648644,0.512726666195,-0.123978893051,-1.41124407016,0.0762932584366,1.91441665316,0.151963238113,-0.0113044863508,-0.086924566846,0.000143607058538,-0.135859925356,-0.00910094994175,0.0501877751723,-0.0161023268841,0.573904895376,0.818907822022,0.00197408123061,0.0,0.818862498643,-0.573843778358,-0.0121767506744,0.0,-0.00883899231994,0.00860496358307,-0.999923910513,0.0,0.65508957114,0.252541972134,0.303296247282,1.0,-0.01622,-0.0213177142857,0.812
0.460148468977,0.511113419151,-0.123980615185,-1.41380103548,0.076136697565,1.91539354068,0.15159531744,-0.0113807931273,-0.0856953235563,-0.00037401826231,-0.136458820402,-0.00953777558053,0.0466572896144,-0.0198524310865,0.573877631195,0.818926867012,0.001999450042,0.0,0.81888188583,-0.573816414486,-0.0121625008521,0.0,-0.00881305114233,0.00861726650849,-0.999924033538,0.0,0.654782467462,0.252154843953,0.303293801009,1.0,-0.0166,-0.0218171428571,0.831
0.459985679007,0.509892496336,-0.123982908456,-1.41572067971,0.076012536181,1.91612811696,0.151321297203,-0.00761834535801,-0.0937480636759,-0.00170125510148,-0.133642944601,-0.00824829571824,0.0495437169226,-0.0226723402261,0.573854814863,0.818942794829,0.00202414381276,0.0,0.818898213239,-0.573793566796,-0.0121410855588,0.0,-0.00878158291445,0.00862495421429,-0.999924244114,0.0,0.654551421694,0.251864966276,0.3032985268,1.0,-0.01688,-0.0221851428571,0.845
0.459771298254,0.508312274459,-0.123993170311,-1.41824140057,0.0758543505358,1.91701919938,0.150969845557,-0.00755934928254,-0.0882071593464,-0.00201253069654,-0.135862521591,-0.00715275057524,0.0541566593238,-0.0209082067887,0.573837874472,0.818954777557,0.00197814034635,0.0,0.818909558779,-0.573776798022,-0.0121682987132,0.0,-0.00883044534541,0.00860271433668,-0.999924005383,0.0,0.654233274536,0.251475339045,0.303282027751,1.0,-0.01724,-0.0226582857143,0.863
0.459567320908,0.506855458774,-0.123992378797,-1.42050481635,0.0757068259515,1.91784378466,0.150664582508,-0.0148487249408,-0.0860996211791,-0.00108864900442,-0.137487757141,-0.00631678042009,0.0494239022018,-0.0194251232884,0.573831512931,0.818959208616,0.00198904265828,0.0,0.818914152987,-0.573770408703,-0.0121603879505,0.0,-0.00881777764302,0.00860703471134,-0.999924079994,0.0,0.653953484031,0.251125155793,0.303294962433,1.0,-0.01756,-0.0230788571429,0.879
0.459346702557,0.505250036765,-0.123990285483,-1.42296179337,0.0755557237878,1.91879053114,0.150332200208,-0.0171391791946,-0.0967559004889,0.00183256374635,-0.140103241607,-0.00790474573929,0.0568331995343,-0.0219949941764,0.573824687188,0.818963793424,0.00206889709804,0.0,0.818919805527,-0.573763255253,-0.0121171753393,0.0,-0.0087366389551,0.00864756165024,-0.999924442554,0.0,0.653658769121,0.250751546219,0.303329663141,1.0,-0.0179,-0.0235257142857,0.896
0.459122724463,0.50358953044,-0.12399375644,-1.42544399597,0.0753976771064,1.91972638615,0.14997269852,-0.0124157540004,-0.0948120053729,-0.000473201482635,-0.137720143144,-0.00933205104893,0.0515057689302,-0.017558469918,0.573801065671,0.818980100974,0.00216290182872,0.0,0.818937415585,-0.573739306705,-0.0120608539613,0.0,-0.00863682388497,0.00869197943719,-0.999924924565,0.0,0.653358684873,0.250368492761,0.303389388378,1.0,-0.01824,-0.0239725714286,0.913
0.458885852839,0.501900657887,-0.12400663762,-1.42795994758,0.0752373645427,1.92065434131,0.149634437186,-0.0176765623368,-0.101366624528,-0.000308749649723,-0.143946395425,-0.0210151586386,0.0543972410061,-0.0179452647876,0.573812643629,0.818971770318,0.0022441779958,0.0,0.818930235994,-0.573750634008,-0.0120093901841,0.0,-0.00854791756551,0.0087291332085,-0.999925364884,0.0,0.653054025203,0.249967107518,0.303451807815,1.0,-0.01858,-0.0244194285714,0.93
0.458663895292,0.500275984425,-0.124006214614,-1.43040179508,0.0750785737735,1.92151154697,0.149286823877,-0.0122953466938,-0.0984999092704,-0.000112457516315,-0.145189172334,-0.0171294802743,0.0480981804597,-0.0150842881868,0.573790656423,0.818987084723,0.00227696296119,0.0,0.818945955301,-0.573728491127,-0.0119953184977,0.0,-0.00851781639704,0.00874767970217,-0.999925459674,0.0,0.652743472693,0.249586823049,0.303497514778,1.0,-0.0189,-0.02484,0.946
0.458389165867,0.498518054969,-0.124009183348,-1.43318475601,0.0749153160568,1.92255030341,0.148891205692,-0.0194891758423,-0.08945204004,-0.00118191021829,-0.153308756295,-0.00457683905575,0.053960067087,-0.0259292461777,0.573791507212,0.818986449646,0.00229094936768,0.0,0.818945405283,-0.573729184264,-0.0119997162899,0.0,-0.00851338443816,0.00876166644373,-0.999925374959,0.0,0.652403425582,0.249142991599,0.303489220116,1.0,-0.01926,-0.0253131428571,0.964
0.458149727617,0.496919915371,-0.124006306178,-1.4356977712,0.0747682714008,1.92344985578,0.148515988383,-0.0183589244948,-0.0956973416322,0.000629792455768,-0.156649141431,-0.00476432958182,0.0521338451659,-0.02190318406,0.573765828346,0.819004459757,0.00228386119962,0.0,0.818963143074,-0.573703353028,-0.0120241387325,0.0,-0.00853772879628,0.00876960690847,-0.999925097786,0.0,0.652084356996,0.248748888603,0.303485067722,1.0,-0.01958,-0.0257337142857,0.98
0.457895594725,0.495349496068,-0.12401198056,-1.43826039261,0.0746000623306,1.92432300495,0.148145779091,-0.0175898858794,-0.0926788347298,-0.000109107607961,-0.161905329223,-0.00839170063815,0.0579135115799,-0.0197691424027,0.573758249505,0.81901006009,0.00217703857973,0.0,0.818967271436,-0.573696145906,-0.0120866617068,0.0,-0.00865030543325,0.00871791305552,-0.99992458226,0.0,0.651752814159,0.248329011818,0.303435476476,1.0,-0.0199,-0.0261542857143,0.996
0.457597006613,0.493466581915,-0.124040437732,-1.44126758977,0.0744050433547,1.92541544692,0.147721727002,-0.013177372313,-0.11410736956,-0.00140722683434,-0.178771895101,-0.0193920527979,0.0676671577469,-0.0251854488134,0.573774320419,0.818998905088,0.00213766072546,0.0,0.818955715673,-0.573712497658,-0.0120934982126,0.0,-0.00867832620552,0.00868975549243,-0.999924584558,0.0,0.651381774967,0.247828814992,0.30341093597,1.0,-0.0246228571429,-0.0323614693878,1.014
0.45729217994,0.491157511105,-0.124091205663,-1.44485887088,0.0742063978387,1.92676924225,0.147192079037,-0.0192056116975,-0.144249748755,-0.00114410485747,-0.227945258954,-0.00723831787298,0.0889885029186,-0.0339469020618,0.573753539707,0.819013301501,0.00219875860799,0.0,0.818970909849,-0.573691458838,-0.0120625776333,0.0,-0.00861816842503,0.00872183387513,-0.999924825568,0.0,0.650937185407,0.247264972638,0.303427318164,1.0,-0.0306942857143,-0.0403410612245,1.031
0.45690222493,0.488575658621,-0.124102687919,-1.44902019734,0.0739732675485,1.92826266017,0.146592180138,-0.0241515518805,-0.172985395324,-0.00405010987714,-0.26967777366,-0.0157686377919,0.10370360317,-0.0476380694177,0.573734435961,0.819026849761,0.0021361799067,0.0,0.818983286523,-0.573672270067,-0.0121346550627,0.0,-0.00871330889081,0.00871173284644,-0.999924089098,0.0,0.650400287917,0.246609105873,0.303371841221,1.0,-0.0364085714286,-0.0478512653061,1.047
0.456380248175,0.485245655657,-0.124154197738,-1.454164235,0.0736669961619,1.93021903296,0.145830932784,-0.0313794670786,-0.209264766182,-0.00339869575141,-0.309492043588,-0.0210615357541,0.113180159587,-0.0479734041537,0.573747972531,0.819017060175,0.00225079092298,0.0,0.818975118774,-0.573685439953,-0.0120630724449,0.0,-0.00858878151025,0.00876467386835,-0.999924703827,0.0,0.649777328506,0.245757128632,0.303407597539,1.0,-0.04248,-0.0558308571429,1.064
0.45574092042,0.481188808021,-0.1242494715,-1.46053197816,0.0732869182532,1.93243715005,0.144859275714,-0.0415238231634,-0.238441037812,-0.00644343322791,-0.372418006278,-0.0141033055868,0.135695135098,-0.0572529139206,0.57375395601,0.819013098492,0.00216549370693,0.0,0.8189699604,-0.573691702649,-0.0121153281471,0.0,-0.00868045379886,0.00872485972877,-0.999924260404,0.0,0.648962523804,0.244674811177,0.303386453708,1.0,-0.0489085714286,-0.0642798367347,1.082
0.455084494725,0.477070799882,-0.12432364737,-1.46691153949,0.0728911914222,1.93472707416,0.143922732085,-0.0402216301981,-0.2695707551,-0.004690425601,-0.407357989096,-0.0288683494978,0.153436658739,-0.0587506698458,0.573781024599,0.818994101573,0.00217814143598,0.0,0.818951203802,-0.573718788866,-0.0121005782329,0.0,-0.00866082827954,0.00872704175037,-0.999924411541,0.0,0.648153906224,0.243596300297,0.303403604138,1.0,-0.0546228571429,-0.0717900408163,1.098
0.454232488188,0.471933056619,-0.124384086687,-1.47483627733,0.072417753006,1.93758804537,0.142769756501,-0.049411649637,-0.297446884729,-0.00285213432507,-0.453813602356,-0.0306352539291,0.15779445137,-0.0625510310546,0.573831631703,0.818958465079,0.00224451206285,0.0,0.818916242742,-0.573768912002,-0.0120900742539,0.0,-0.00861360324792,0.00877590338514,-0.999924391821,0.0,0.647144168426,0.242257017532,0.303435237799,1.0,-0.0610514285714,-0.0802390204082,1.116
0.453389206159,0.466851234517,-0.124426929029,-1.4824482319,0.0719476381004,1.94045181427,0.141537426654,-0.0508931580999,-0.327566378461,-0.00144259841526,-0.490242712307,-0.0293198565642,0.186005101252,-0.0829360997993,0.573779018017,0.818994506734,0.00252652416225,0.0,0.818956084191,-0.573715279521,-0.0119355398449,0.0,-0.00832579634928,0.00891764635856,-0.99992557558,0.0,0.646194324982,0.240971890645,0.303570174968,1.0,-0.0667657142857,-0.0877492244898,1.132
0.452520913472,0.461773135038,-0.124460602095,-1.49034399327,0.0714308342186,1.94317742278,0.14031519173,-0.0591818048416,-0.343683216619,-0.00416461657451,-0.545254980601,-0.0350393934165,0.191685283306,-0.0836350798304,0.573742748032,0.819020176497,0.00244058864339,0.0,0.818980442587,-0.573679153558,-0.012000430568,0.0,-0.00842864221219,0.00888412542592,-0.999925012341,0.0,0.645141447138,0.23962812514,0.303549669547,1.0,-0.0721228571429,-0.0947900408163,1.147
0.451299419796,0.454791574075,-0.124543661681,-1.50115968746,0.0707180542948,1.9468670249,0.138698491467,-0.0682996697312,-0.376401855672,-0.00594914052014,-0.577696586603,-0.0473568975568,0.20103201886,-0.0896245245832,0.573784275578,0.818991488914,0.0023006709412,0.0,0.818949762261,-0.573721080799,-0.0120894681649,0.0,-0.008581393332,0.00882105048599,-0.999924271511,0.0,0.643689053399,0.237744665351,0.303526448241,1.0,-0.0789085714286,-0.103708408163,1.166
0.450127032885,0.447940722186,-0.124607754126,-1.51126808049,0.0700158873399,1.95068803651,0.137084816994,-0.0703783418623,-0.404690462392,-0.00215331827619,-0.617079871143,-0.0386327663495,0.222354397024,-0.0969018899627,0.573737152937,0.819023156779,0.00273768149751,0.0,0.818987969299,-0.573673156849,-0.0117712427038,0.0,-0.0080705413543,0.00899590068461,-0.9999269674,0.0,0.642402381089,0.235998177891,0.303748177146,1.0,-0.08498,-0.111688,1.183
0.448976198122,0.441673075304,-0.124628131127,-1.52090828218,0.0693949477004,1.9540253,0.135603093951,-0.0790293490912,-0.426135967116,0.000768647585659,-0.65112880866,-0.0444976753961,0.229955520756,-0.103538241645,0.573742262126,0.819019656132,0.00271411510653,0.0,0.818983723469,-0.573677864153,-0.0118370509032,0.0,-0.00813790628291,0.00901440601324,-0.999926254764,0.0,0.641086023776,0.234323273292,0.303740718522,1.0,-0.0903371428571,-0.118728816327,1.198
0.447509046297,0.433627557104,-0.12466794298,-1.53315442156,0.0685542318404,1.95824931073,0.133595472414,-0.082875343454,-0.461960067587,-0.0037074135856,-0.683740500118,-0.0474820274369,0.251485718384,-0.113547306631,0.573634051055,0.819095440871,0.00271682091611,0.0,0.819059422092,-0.573569522829,-0.0118495765632,0.0,-0.00814780533317,0.00902273209224,-0.999926099056,0.0,0.639395834846,0.232180793029,0.303773301099,1.0,-0.0967657142857,-0.127177795918,1.216
0.44598114437,0.425680989153,-0.124698473082,-1.54532137526,0.0676873529837,1.96253674592,0.13162207489,-0.0864122096081,-0.478261657932,-0.00124763253955,-0.718197642281,-0.0590823630221,0.255049633929,-0.123693836919,0.573574010367,0.819137417879,0.00273718165123,0.0,0.819101859364,-0.57350963148,-0.0118149688125,0.0,-0.00810843911784,0.00901896326705,-0.999926453054,0.0,0.637722921342,0.230018374248,0.30376617889,1.0,-0.102837142857,-0.135157387755,1.233
0.444502612737,0.418293620959,-0.124793161896,-1.55660988946,0.0668753523101,1.96631255312,0.129773047237,-0.102674324424,-0.506641474441,-0.0121342377039,-0.735423519581,-0.0576667064219,0.26293522056,-0.123232797816,0.573588818165,0.819127517219,0.00259328206693,0.0,0.819090185295,-0.573525084648,-0.0118740277195,0.0,-0.00823918915823,0.00893511344383,-0.999926137027,0.0,0.636135188786,0.227925633839,0.303739991562,1.0,-0.108194285714,-0.142198204082,1.248
0.442608806643,0.40897648658,-0.124873468619,-1.57064081003,0.0659146400397,1.97125310346,0.127434997421,-0.114937819587,-0.513156151679,-0.00172996560341,-0.775551067971,-0.0499080894428,0.270529486705,-0.132496327953,0.573595878917,0.819122005993,0.00276656634938,0.0,0.819086954698,-0.573531529584,-0.0117852500505,0.0,-0.0080669999472,0.00902620304944,-0.9999267229,0.0,0.634185320815,0.225343083255,0.303800000311,1.0,-0.114622857143,-0.150647183673,1.266
0.440619648356,0.399787423222,-0.124982084237,-1.58458025462,0.0649678010378,1.97589792951,0.125106166923,-0.123156982171,-0.557466033209,-0.00860160074643,-0.787208900745,-0.0562019865486,0.28731943361,-0.133985731986,0.573694056093,0.819053554738,0.00267420562861,0.0,0.819016792703,-0.573629472677,-0.0118940425494,0.0,-0.00820801269538,0.00901393437664,-0.999925685996,0.0,0.632187644767,0.222684983393,0.303771512672,1.0,-0.120694285714,-0.15862677551,1.283
0.438655538477,0.39075572163,-0.12508838087,-1.59804970413,0.0639353711085,1.98057181817,0.122796895319,-0.127256315154,-0.556046502964,-0.00575952441489,-0.872968382161,-0.0622694986947,0.290603976668,-0.146825486856,0.573724147176,0.819032048201,0.00280247540304,0.0,0.818997769387,-0.573659996369,-0.0117306950514,0.0,-0.00800030119583,0.00902557788835,-0.999927264417,0.0,0.630279921337,0.220093771363,0.303841472556,1.0,-0.126408571429,-0.166136979592,1.299
0.436430999991,0.380786514118,-0.125178666744,-1.61295911482,0.0628143957228,1.98547676923,0.120122244832,-0.130264365875,-0.599629130669,-0.0101014948232,-0.880415148756,-0.0602723227211,0.301746092733,-0.157478265503,0.573669741531,0.819070396288,0.00273138750955,0.0,0.819035224572,-0.573605885598,-0.0117616248421,0.0,-0.00806701408407,0.00898456384611,-0.999927097791,0.0,0.628078636647,0.217207764495,0.303852677655,1.0,-0.13248,-0.174116571429,1.316
0.43403589547,0.370500205356,-0.125260067384,-1.62831315746,0.0616808253831,1.99063569888,0.117395989798,-0.149441297557,-0.605057226759,-0.00440235752701,-0.920630520209,-0.0764277819464,0.301614839875,-0.160547713425,0.573702454414,0.819047325501,0.00277836107043,0.0,0.819012716447,-0.573638372764,-0.0117445516064,0.0,-0.00802572357906,0.00901356466918,-0.999927169054,0.0,0.625810339969,0.214200061454,0.303860409629,1.0,-0.138551428571,-0.182096163265,1.333
0.431790569779,0.361077913185,-0.125383662625,-1.64218580194,0.0605925518497,1.99523518886,0.114942507051,-0.154350342002,-0.638398911374,-0.00831718802681,-0.94141002109,-0.0787980768945,0.311417071309,-0.164910512062,0.573806154004,0.818974459128,0.00284250310772,0.0,0.818941199461,-0.573742420309,-0.0116487709228,0.0,-0.00790933353244,0.00901215285848,-0.999928109188,0.0,0.623744538477,0.21140246528,0.303924422423,1.0,-0.143908571429,-0.189136979592,1.348
0.428911732728,0.349565529918,-0.125480362003,-1.65951002523,0.0593078961296,2.00072031261,0.111686044473,-0.16850001355,-0.644131029279,-0.00485791885405,-0.970689839113,-0.0696782474904,0.301431553431,-0.183271614986,0.573797900692,0.818981170217,0.00256103361222,0.0,0.818943358385,-0.573734198742,-0.0118992374583,0.0,-0.00827605819062,0.00892527077987,-0.999925920457,0.0,0.621055923801,0.20790639546,0.303783333745,1.0,-0.150337142857,-0.197585959184,1.366
0.426014972031,0.338150763714,-0.125585608895,-1.67603250474,0.0580311143548,2.00618145544,0.108546459562,-0.170603042551,-0.661926421013,0.000330339913556,-0.983704754673,-0.0786600612489,0.3134012584,-0.188846007875,0.573856149685,0.818939495289,0.0028230171537,0.0,0.818905304607,-0.573791707119,-0.0117441827544,0.0,-0.00799810525391,0.00905142948684,-0.999927048307,0.0,0.618533546605,0.204500746959,0.303919656367,1.0,-0.156408571429,-0.20556555102,1.383
0.423209265303,0.327156779495,-0.125627583685,-1.69209671746,0.0566885775627,2.0112904327,0.105405569724,-0.181859530703,-0.712090450797,-0.00677906470185,-1.00138836491,-0.0948818226167,0.334783594505,-0.199913673612,0.573726741039,0.819030270124,0.00279108187887,0.0,0.818995924244,-0.573662721306,-0.0117262593012,0.0,-0.00800317578292,0.00901372675865,-0.999927348315,0.0,0.615978754486,0.201223000205,0.303933801541,1.0,-0.162122857143,-0.213075755102,1.399
