position_joint1,position_joint2,position_joint3,position_joint4,position_joint5,position_joint6,position_joint7,velocity_joint1,velocity_joint2,velocity_joint3,velocity_joint4,velocity_joint5,velocity_joint6,velocity_joint7,ee_T_00,ee_T_10,ee_T_20,ee_T_30,ee_T_01,ee_T_11,ee_T_21,ee_T_31,ee_T_02,ee_T_12,ee_T_22,ee_T_32,ee_T_03,ee_T_13,ee_T_23,ee_T_33,v_x,v_y,time
0.465084344303,0.547879499972,-0.123916415058,-1.35587184799,0.0794667531433,1.89409233214,0.159173266225,0.00858640249931,-0.00128896024383,-0.00182558555087,-0.00223762971248,-4.44521045044e-05,-0.00437395124138,-0.000524200591804,0.573751582023,0.819015605863,0.00181834530218,0.0,0.818970615784,-0.573693450395,-0.0119875918568,0.0,-0.00877502096339,0.00836723225949,-0.999926491514,0.0,0.661646427471,0.260927372633,0.303123083798,1.0,0.0,0.0,0.0
0.465081094394,0.547884703342,-0.123915787213,-1.35586428221,0.0794680682158,1.89409162013,0.159170100231,-5.57521539252e-05,-0.00059724427226,-0.00161737280879,-0.00307235052246,0.000303113246885,-0.000627878677105,-0.00185277074939,0.573751152387,0.819015902416,0.00182033664383,0.0,0.818970929724,-0.573693004029,-0.0119875058138,0.0,-0.00877381241732,0.00836880919401,-0.999926488922,0.0,0.661648512467,0.260926580522,0.303122918189,1.0,-0.00024,-0.000315428571429,0.013
0.465078941951,0.54787480955,-0.123911112979,-1.35587530279,0.0794673507843,1.89409267977,0.159174615272,2.00854126451e-05,-0.000687966950184,0.000764020595908,-0.000815457073611,-9.22049226566e-05,-0.000256546585227,-0.000707839707512,0.573753748117,0.819014081339,0.00182153542385,0.0,0.818969096959,-0.573695568201,-0.011990002232,0.0,-0.00877514281198,0.0083712511142,-0.999926456807,0.0,0.661645987417,0.260926639026,0.303124618129,1.0,-0.0006,-0.000788571428571,0.031
0.465077966937,0.547851126771,-0.123908617422,-1.35589381723,0.0794673503516,1.89409707215,0.159174002828,0.000551759470138,-0.00180144530858,0.00181239569471,0.000279645310024,-0.000121492103934,-0.000490443316801,0.00153874954546,0.573753301601,0.819014372324,0.00183131920821,0.0,0.818969489438,-0.573695054595,-0.0119877689607,0.0,-0.00876770510326,0.008377977879,-0.999926465713,0.0,0.661642928987,0.260925852436,0.303132882466,1.0,-0.00094,-0.00123542857143,0.048
0.465082636368,0.547761669066,-0.123914232392,-1.35599782888,0.0794650658681,1.89411868227,0.159163729767,0.0019886861841,-0.00717543932972,-0.00151851532828,-0.00942609288573,1.46613059199e-05,0.00496215531984,-0.00203459311784,0.573750050362,0.819016631825,0.00183940329492,0.0,0.818971823695,-0.573691739592,-0.0119869436461,0.0,-0.00876242443868,0.00838409041133,-0.999926460769,0.0,0.661625961243,0.260915621257,0.303148810431,1.0,-0.00126,-0.001656,0.064
0.465074724382,0.547619473652,-0.123909320264,-1.3561800743,0.0794645866349,1.89414574631,0.159163670531,0.000570920316858,-0.0123536441857,0.00199921242184,-0.00672661564778,-8.43166937541e-05,0.000988090930521,-0.000829483083169,0.573762800164,0.819007704513,0.00183738898141,0.0,0.818962693604,-0.573704327715,-0.0120082366212,0.0,-0.00878088935935,0.00839479412401,-0.999926208984,0.0,0.661594295548,0.260895222951,0.30316498943,1.0,-0.0016,-0.00210285714286,0.081
0.465056287837,0.54745582107,-0.123911913954,-1.35638807592,0.0794579197706,1.89424879173,0.159157203831,-0.00449126204726,-0.0109698946419,-0.00215291120214,-0.0115755699242,-0.000177824519536,0.00919514409477,0.000490892484248,0.57378443001,0.818992432731,0.00188942022455,0.0,0.818948098179,-0.573725728772,-0.011981132512,0.0,-0.0087286159205,0.00842208654009,-0.999926437155,0.0,0.66157726545,0.260864915431,0.303190938703,1.0,-0.00194,-0.00254971428571,0.098
0.465040730291,0.547283801108,-0.123912182238,-1.35659570722,0.0794564832787,1.894365496,0.159147312933,0.000395327754616,-0.00907732581206,-0.00598678766043,-0.0128262654243,0.0001127191259,0.0101749678112,0.000503923898826,0.573800715618,0.818980848117,0.00196368916897,0.0,0.818937439178,-0.573741656697,-0.0119469236337,0.0,-0.00865781806271,0.00846345485756,-0.999926703373,0.0,0.661561682024,0.260839791572,0.303224104296,1.0,-0.00226,-0.00297028571429,0.114
0.465007624396,0.547067965042,-0.123911835395,-1.35686343796,0.0794522944431,1.89449618108,0.15913357727,-0.00355099915053,-0.0139436289859,-0.000506352813834,-0.0202842036343,-0.000628679902187,0.0125119663113,0.00134147721918,0.573830353524,0.818959902992,0.00203704871782,0.0,0.818917387291,-0.573770924718,-0.0119157728039,0.0,-0.00858990619535,0.00850597050064,-0.999926928319,0.0,0.661540839319,0.260797358056,0.303260882176,1.0,-0.0026,-0.00341714285714,0.131
0.46497754116,0.546840057458,-0.123912098215,-1.35723026257,0.0794452278599,1.89462428862,0.159074707383,-0.00193711793984,-0.0177974086133,-0.00287315128974,-0.0305065421018,0.000626715644439,0.00522253752657,-0.00533393403182,0.573825576054,0.818963252662,0.00203616214858,0.0,0.818920574905,-0.573766002511,-0.0119337027617,0.0,-0.00860514908933,0.00851548288842,-0.999926716295,0.0,0.661496550506,0.260744308079,0.303258826749,1.0,-0.00294,-0.003864,0.148
0.464942022839,0.54657637624,-0.123909412311,-1.35760351746,0.0794309841688,1.89476982608,0.158955565787,-0.00198027618431,-0.0175042385543,-0.000398107026668,-0.0287722008913,0.000190993906091,0.0143547577143,0.000316494718648,0.57377232374,0.819000469947,0.00207307454356,0.0,0.818958188412,-0.573712520553,-0.0119237701533,0.0,-0.00857638965947,0.0085394550922,-0.999926758941,0.0,0.661456333184,0.260689107061,0.303280435121,1.0,-0.00326,-0.00428457142857,0.164
0.464888780217,0.546275654913,-0.123912287782,-1.3581076936,0.0794134850127,1.89494656898,0.158945410258,-0.00112957395499,-0.021157828988,0.000364020132245,-0.0286797517358,0.000196734532272,0.0120006783736,-0.00214270455923,0.573833141835,0.81895790286,0.0020556205098,0.0,0.818915277263,-0.573773287168,-0.0119469870255,0.0,-0.00860478497161,0.00853912054456,-0.999926517848,0.0,0.661399304928,0.260605490149,0.303268832917,1.0,-0.00362,-0.00475771428571,0.182
0.464842996679,0.545956194915,-0.123912524595,-1.35864401386,0.0793752628339,1.89513330124,0.158866431279,-0.00164127005715,-0.0137167558234,-9.26313417305e-06,-0.0311113622395,0.000565746558449,0.00972542381214,-0.00554598589776,0.573825908198,0.818963044327,0.00202632892129,0.0,0.81892006711,-0.573766206159,-0.0119587313992,0.0,-0.00863128619442,0.00852179539325,-0.999926437245,0.0,0.661335946333,0.26052208868,0.30325592154,1.0,-0.00396,-0.00520457142857,0.199
0.464797300672,0.545705246361,-0.123915268095,-1.35907030228,0.079304453749,1.89527917404,0.158805258453,-0.00458944381809,-0.0205439665371,-0.00245898847183,-0.0330522307472,-0.000849825708796,0.0120762165442,-0.00629325193864,0.573831650066,0.818959147215,0.00197470938413,0.0,0.818915970273,-0.573772627791,-0.0119311411719,0.0,-0.00863824932003,0.00846375043057,-0.999926870115,0.0,0.661275906692,0.260413506259,0.303246640919,1.0,-0.00428,-0.00562514285714,0.215
0.464713477912,0.545222393415,-0.123923200454,-1.35990869542,0.0792689603255,1.89554039872,0.158715662606,-0.00076472796728,-0.0262326968269,-0.00136759234385,-0.0377015127649,-0.000112842045987,0.0163522093748,-0.00411454367029,0.573858035155,0.818940832566,0.00190135331099,0.0,0.81889645439,-0.573799081327,-0.0119982564285,0.0,-0.0087350355023,0.00844246988798,-0.999926209206,0.0,0.661188025969,0.26030018186,0.303209000624,1.0,-0.00462,-0.006072,0.232
0.464644194392,0.544762671406,-0.123918263857,-1.36065957934,0.0792483552737,1.89580459396,0.15860907634,-0.00430660761975,-0.0234380785397,-0.0011718764375,-0.0361036513875,9.03686763218e-05,0.0141496723757,-0.00360771650914,0.573860377781,0.818939210407,0.00189297967143,0.0,0.818894440703,-0.573801187277,-0.0120349228024,0.0,-0.00876984504088,0.00845667869254,-0.999925784448,0.0,0.661098241699,0.260188737254,0.303199758986,1.0,-0.00498,-0.00654514285714,0.25
0.464580588315,0.54436932588,-0.123923938207,-1.36133194326,0.0792179664609,1.89605543942,0.158543042204,-0.00347346859357,-0.0241829247179,-0.00286098226777,-0.0464027468627,-0.00136015733841,0.0149793998418,-0.0127665217634,0.573891829954,0.818917219161,0.00187151668393,0.0,0.818872099453,-0.573832661841,-0.0120543702506,0.0,-0.00879776334813,0.00845060009842,-0.999925590591,0.0,0.661023515802,0.260080861174,0.303180045618,1.0,-0.00528,-0.00693942857143,0.265
0.464512836517,0.543855421687,-0.123919589022,-1.36215204246,0.0791785046912,1.89633762914,0.158414458005,-0.00486209706667,-0.0338915840287,-0.00263173182996,-0.0481100464533,-0.000747934792472,0.0163594448855,-0.00767710646628,0.573878019977,0.818926937769,0.00185355997517,0.0,0.818881452714,-0.573818807019,-0.0120784938621,0.0,-0.00882796638339,0.00844959070785,-0.999925332926,0.0,0.660917685429,0.259950691491,0.303176719168,1.0,-0.00564,-0.00741257142857,0.283
0.46442938599,0.543283024268,-0.123924562443,-1.36305279776,0.0791145492447,1.89665683251,0.158308896399,-0.00137342529252,-0.0317457841553,0.000284780965449,-0.0493723099488,-0.00600117458915,0.0211412797875,-0.00412469835509,0.573892367183,0.81891690557,0.00184378994218,0.0,0.818871354272,-0.573833254265,-0.0120767691691,0.0,-0.00883201249815,0.00844075492401,-0.999925371821,0.0,0.660821137934,0.259814647816,0.30318167974,1.0,-0.00598,-0.00785942857143,0.3
0.464360569564,0.542752327522,-0.123922598281,-1.36390332878,0.0790639812241,1.89696445343,0.158197587616,-0.00344872470902,-0.0303957856729,0.00133941040861,-0.0533646416034,-0.00137672608025,0.01898834324,-0.00688225490128,0.57388996518,0.81891861119,0.00183385232637,0.0,0.818872892556,-0.573830860702,-0.0120861923392,0.0,-0.00884545708861,0.00843799891734,-0.99992527624,0.0,0.660720739315,0.259689019712,0.303178829895,1.0,-0.0063,-0.00828,0.316
0.464292257207,0.542145657164,-0.123928463187,-1.36482249396,0.0790211973913,1.89730139678,0.158065017928,-0.00174806956418,-0.0368714000246,-0.000110891669927,-0.0484436403901,-0.00383585082875,0.0211160226276,-0.00981399494001,0.573881046769,0.818924800558,0.00186066953306,0.0,0.818879331971,-0.573821728882,-0.012083461173,0.0,-0.00882792338768,0.0084582960192,-0.999925259706,0.0,0.660613476055,0.259555299437,0.303199788652,1.0,-0.00664,-0.00872685714286,0.333
0.464207071673,0.541512058679,-0.123925716492,-1.36579190235,0.0789576855143,1.89766612783,0.157946612299,-0.00634268849403,-0.0388060060646,-0.000322994002271,-0.0533512430873,-0.00814759744755,0.0291812050356,-0.0132037718425,0.573888765021,0.818919341077,0.00188284209872,0.0,0.818874196563,-0.573829381686,-0.0120680494863,0.0,-0.00880249849144,0.00846769185604,-0.999925404325,0.0,0.66050428312,0.259408353266,0.30321788345,1.0,-0.00698,-0.00917371428571,0.35
0.464128573266,0.540862473387,-0.123930867063,-1.36678763695,0.0789030955786,1.89803479204,0.157822691426,-0.00330058281883,-0.0399161348524,-0.000424334803519,-0.062672493993,-0.00292773247024,0.0279238157653,-0.00468891762793,0.573895770575,0.818914383469,0.00190367167747,0.0,0.818869479033,-0.573836264451,-0.0120608793613,0.0,-0.00878460087291,0.00848070956959,-0.999925451398,0.0,0.660389626983,0.259260047447,0.303235277367,1.0,-0.0073,-0.00959428571429,0.366
0.46403283921,0.540101836549,-0.123930946285,-1.36796290631,0.0788358869007,1.89846355937,0.157673091919,-0.00448809479436,-0.0447979641524,-0.000482818131703,-0.0656906860085,-0.00391755814873,0.0355010672521,-0.00262067694073,0.573898755919,0.818912258476,0.00191775213201,0.0,0.818867484464,-0.573839136362,-0.0120596587101,0.0,-0.00877549007891,0.00849157148374,-0.999925439214,0.0,0.660252221474,0.259085493126,0.30325064188,1.0,-0.00766,-0.0100674285714,0.384
0.463936498248,0.539408553081,-0.123933884675,-1.3690338558,0.0787719891908,1.89887646825,0.15753485305,-0.00304949533536,-0.0452423507343,-0.000217262500114,-0.0681027375965,-0.0057223390606,0.0256362730596,-0.00888023929316,0.573907395208,0.818906142073,0.00194399120036,0.0,0.818861714425,-0.573847664315,-0.0120456511281,0.0,-0.00874887132714,0.0085051119794,-0.99992555739,0.0,0.660124044231,0.258910160467,0.303266014185,1.0,-0.008,-0.0105142857143,0.401
0.463838989338,0.538693773708,-0.123937129004,-1.37015088654,0.0787138967978,1.89930677715,0.157392728408,-0.0050889959522,-0.0477428074088,-0.000481847256543,-0.0701170190453,-0.00561928533646,0.0255137484029,-0.00960366192807,0.573920742982,0.818896716561,0.00197364690393,0.0,0.818852639519,-0.573860846973,-0.0120345322122,0.0,-0.00872260816724,0.00852315774264,-0.999925633179,0.0,0.660009796747,0.258750193242,0.303277360991,1.0,-0.0083,-0.0109085714286,0.416
0.463719956464,0.537861027886,-0.123934242908,-1.37144357195,0.0786375726343,1.89980821697,0.157242612845,-0.00253878787469,-0.0486285786979,0.00105209522219,-0.0685842795306,-0.00494195602157,0.0295857825149,-0.00782349585761,0.573944261622,0.818880146818,0.00200912909682,0.0,0.818836525611,-0.57388420382,-0.0120171474311,0.0,-0.00868776326699,0.00854248556763,-0.9999257716,0.0,0.65986674992,0.258552481412,0.303293596051,1.0,-0.00866,-0.0113817142857,0.434
0.463603136748,0.537043663873,-0.123943099603,-1.3727475771,0.0785605189259,1.90028753275,0.157079113069,-0.0100485616124,-0.0488422318169,-0.000517917577537,-0.0769694958864,-0.000941929625166,0.0262347300608,-0.00554089792843,0.573963426038,0.818866734774,0.00200078818195,0.0,0.81882301329,-0.573903409791,-0.0120206505076,0.0,-0.00869521908101,0.00853786953707,-0.999925746218,0.0,0.659718107685,0.258346268405,0.303291899352,1.0,-0.009,-0.0118285714286,0.451
0.46350061396,0.53629072391,-0.123941284805,-1.3739076432,0.078494013464,1.90072336972,0.156940762543,-0.0100002603726,-0.0469242106924,-0.000980523900676,-0.0774559937842,-0.00106820262011,0.0250680360819,-0.0127676314745,0.573984772349,0.81885171633,0.00202353055569,0.0,0.818808274609,-0.573924639974,-0.012010993463,0.0,-0.00867403556845,0.00855117554812,-0.9999258165,0.0,0.65957776179,0.258155188848,0.303307091043,1.0,-0.00932,-0.0122491428571,0.467
0.463354664912,0.535238398151,-0.123945191495,-1.37556162956,0.0784038316792,1.90132484745,0.15674733961,-0.00756232855308,-0.0538924732942,3.82325461531e-05,-0.0821226797923,-0.00579820375413,0.0298497129171,-0.0096203463098,0.574009226572,0.818834556191,0.00203083720608,0.0,0.818791083214,-0.573948935232,-0.0120220088136,0.0,-0.00867860648943,0.00856374025529,-0.999925669309,0.0,0.659392641032,0.257915886723,0.303316633988,1.0,-0.0097,-0.0127485714286,0.486
0.463248249549,0.534459046217,-0.123948361337,-1.37686779912,0.078331151566,1.90180102784,0.156577787867,-0.00478736695332,-0.0512987710898,0.000600039428973,-0.0877448570172,-0.00697664090885,0.0340923194833,-0.0108112878743,0.574011891627,0.818832791396,0.00198869446258,0.0,0.818788690656,-0.573951704062,-0.0120527324419,0.0,-0.00872792601333,0.00854689683765,-0.999925384147,0.0,0.659236687225,0.257719621452,0.303286184438,1.0,-0.01,-0.0131428571429,0.501
0.463128746052,0.533593726141,-0.123950872464,-1.37825708932,0.0782438676721,1.90230911407,0.156406917364,-0.00969861152025,-0.0579620024608,0.000772783672436,-0.0844052422512,-0.00165432343957,0.0306082055229,-0.0100000216875,0.574024156875,0.818824234115,0.00197176359919,0.0,0.818779926295,-0.573964054602,-0.012059984382,0.0,-0.00874345438354,0.00853732719123,-0.999925330237,0.0,0.659073751155,0.2575062039,0.303279376492,1.0,-0.01032,-0.0135634285714,0.517
0.462991085283,0.532584572149,-0.123951673875,-1.37988148226,0.0781715640276,1.90292882267,0.15620061593,-0.0105587688733,-0.0541454551626,-0.000599326719328,-0.0949738085241,-0.000995961734933,0.036728405682,-0.00737542384943,0.574038061985,0.818814447999,0.00198747121115,0.0,0.818770114492,-0.573977664207,-0.0120783900989,0.0,-0.00874936469048,0.00856090249928,-0.999925076976,0.0,0.658885205958,0.257265784519,0.303271586791,1.0,-0.01068,-0.0140365714286,0.535
0.462856483865,0.531600343914,-0.123951278601,-1.38144873716,0.0780705474315,1.90349381789,0.156000041153,-0.00906528928143,-0.0585893398302,0.000595234981213,-0.0921205699755,-0.00205429762797,0.0290574304612,-0.012800828381,0.574041941819,0.818811774109,0.00196837875416,0.0,0.818767200711,-0.573981636004,-0.0120871614297,0.0,-0.00876746563751,0.00855034620135,-0.999925008751,0.0,0.658698477968,0.257026238705,0.303268346688,1.0,-0.01102,-0.0144834285714,0.552
0.462733312092,0.530639777085,-0.123957524139,-1.38299775293,0.077974119346,1.90403279386,0.155795388328,-0.0122497038482,-0.0562952829412,-0.00243693505868,-0.0925787789364,-0.00500581357955,0.0281090245147,-0.020875587862,0.57403776721,0.818814807535,0.00192345518364,0.0,0.818769624676,-0.573977637465,-0.0121128155275,0.0,-0.00881430215544,0.00852824445397,-0.999924785733,0.0,0.658508083095,0.256791222686,0.30325487355,1.0,-0.01134,-0.014904,0.568
0.462592421597,0.529600670865,-0.123954211684,-1.38463729959,0.0778687931631,1.90463984433,0.155586058603,-0.00657977435681,-0.0635936053801,0.0013544486817,-0.0963017024006,-0.00749741136349,0.0356800958636,-0.0150051940372,0.574040062479,0.818813193141,0.00192569707491,0.0,0.818768056287,-0.573979938707,-0.0121097839193,0.0,-0.00881050897977,0.0085283645661,-0.999924818139,0.0,0.658314626451,0.25654357937,0.303258998358,1.0,-0.01168,-0.0153508571429,0.585
0.46245881178,0.528500447966,-0.123956610376,-1.3863272945,0.0777672024711,1.90528845087,0.155340247531,-0.00572525518147,-0.0611431945932,0.00120824080754,-0.0971821673336,-0.00292602980013,0.0409115658717,-0.015670646634,0.574014237047,0.818831180467,0.00197495911341,0.0,0.818786706027,-0.573953918714,-0.012082058086,0.0,-0.00875979901584,0.00855250828347,-0.999925057453,0.0,0.658118038286,0.2562956602,0.303285682919,1.0,-0.01202,-0.0157977142857,0.602
0.462309357517,0.527382173403,-0.123959764618,-1.38806166136,0.0776508175865,1.90595953066,0.155103483305,-0.0093695309592,-0.0651650959634,-0.00135148303268,-0.101337791104,-0.00934409440992,0.0338130749677,-0.0161819721532,0.574007535083,0.8188357851,0.00201335755957,0.0,0.818791952885,-0.573947189502,-0.0120460970714,0.0,-0.00870838210337,0.0085632363242,-0.999925414751,0.0,0.657920557323,0.256031012567,0.303305638974,1.0,-0.01236,-0.0162445714286,0.619
0.462163760847,0.526279209939,-0.123952956723,-1.38975715463,0.0775508141825,1.90659510938,0.154875088086,-0.0153380210227,-0.070363538118,0.00231392854106,-0.106036440687,-0.0131289182908,0.0348107105843,-0.0180623336992,0.573999477085,0.818841335524,0.00205291145612,0.0,0.818797953047,-0.573938897773,-0.0120333125197,0.0,-0.00867529498237,0.00858820014143,-0.999925488262,0.0,0.65772002495,0.255779385027,0.30332965903,1.0,-0.01268,-0.0166651428571,0.635
0.462016290572,0.525082991804,-0.123968661068,-1.39160529104,0.07743089146,1.90726243524,0.154625694065,-0.00471327111748,-0.0722618353296,-0.00147048901261,-0.107169329563,-0.00077664712198,0.0418745976336,-0.0076013105613,0.573994098355,0.818845091624,0.00205861060426,0.0,0.818801883216,-0.573933594281,-0.0120188309782,0.0,-0.00866022170635,0.00858449756838,-0.999925650717,0.0,0.657498609527,0.255495522868,0.303349797082,1.0,-0.01302,-0.017112,0.652
0.461848031591,0.523922385949,-0.123971866565,-1.39349818688,0.0773055898671,1.90793848676,0.154365226296,-0.0101626346415,-0.0695474645436,-0.00194072385884,-0.113129669723,-0.00962242315953,0.0427602931021,-0.0166827822084,0.573988574469,0.81884910039,0.00200351460753,0.0,0.81880520859,-0.573928341232,-0.012043106654,0.0,-0.00871178096295,0.00855325849334,-0.999925470543,0.0,0.657269612229,0.255199255293,0.30332367523,1.0,-0.01336,-0.0175588571429,0.669
0.461693906772,0.5226918182,-0.123970050636,-1.39542695936,0.0771926555025,1.90868155634,0.154109667575,-0.00673213640976,-0.0699234460925,-0.00078656440324,-0.118470454347,-0.0104830134829,0.041332470381,-0.0166717295856,0.573977309297,0.818856900326,0.00204257238524,0.0,0.818813485906,-0.573916878652,-0.0120265788272,0.0,-0.00867594733104,0.00857563427776,-0.999925590449,0.0,0.657041360637,0.254918398017,0.303334984109,1.0,-0.0137,-0.0180057142857,0.686
0.461523565624,0.521454891814,-0.123976367567,-1.39741719828,0.0770774687042,1.90945187652,0.153827850557,-0.0106798897342,-0.0724094646311,0.00605987624171,-0.113839884828,-0.00917007924287,0.0420361944951,-0.0186538204471,0.573966099247,0.818864724449,0.00205593512926,0.0,0.818821475688,-0.573905604645,-0.0120205993723,0.0,-0.00866349889842,0.00858302561861,-0.999925634964,0.0,0.656809673342,0.254616452066,0.303323823571,1.0,-0.01404,-0.0184525714286,0.703
0.461365192785,0.520244343241,-0.123973652369,-1.39932541885,0.0769559045679,1.91014766768,0.153576593877,-0.010673175878,-0.077575168332,0.00154411278888,-0.117047382687,-0.00946123362182,0.0405341330552,-0.0235295163367,0.573956896366,0.818871185861,0.00205158029293,0.0,0.818827870571,-0.573896411792,-0.012023884942,0.0,-0.00866878525346,0.00858124802175,-0.999925604405,0.0,0.656576339049,0.254331030718,0.303326029946,1.0,-0.01436,-0.0188731428571,0.719
0.461185593826,0.51881891079,-0.12398211239,-1.40154802248,0.0768082498289,1.91093384952,0.153282608227,-0.0078715947355,-0.0878844061864,-0.000884788258097,-0.125079193909,-0.013868865537,0.0415709631348,-0.0202135829082,0.573947132335,0.818878072169,0.00203447938665,0.0,0.818834598945,-0.573886786159,-0.0120251047364,0.0,-0.00867970085856,0.00856784144958,-0.999925624677,0.0,0.656301062707,0.253992672462,0.303337262583,1.0,-0.01472,-0.0193462857143,0.737
0.461002153806,0.517405618139,-0.123985326092,-1.40380268741,0.0766699160557,1.91173988988,0.152979297368,-0.00820749560067,-0.0787005796209,0.000413393003687,-0.125921051856,-0.0103545775552,0.0457569647493,-0.0212491777206,0.573933206667,0.818887909976,0.00200301800232,0.0,0.818843965848,-0.57387293753,-0.0120481561856,0.0,-0.00871677943802,0.0085551608321,-0.999925410708,0.0,0.656020252278,0.253653775161,0.303325872484,1.0,-0.01508,-0.0198194285714,0.755
0.460835869892,0.516199188255,-0.123988534487,-1.4057018161,0.0765576743747,1.91245674973,0.152706206424,-0.0147643446308,-0.0835906912042,0.000716619396447,-0.128898658291,-0.0103612894363,0.0451797322691,-0.0201580236774,0.573919287026,0.818897617337,0.0020226714902,0.0,0.818853925873,-0.57385893151,-0.0120383433054,0.0,-0.0086976100053,0.00856547480927,-0.999925489335,0.0,0.655779289737,0.253342768508,0.303330982802,1.0,-0.0154,-0.02024,0.771
0.460653233473,0.514837099175,-0.123994233137,-1.40791624382,0.0764167259196,1.91327531368,0.152407401199,-0.0108735379008,-0.0785683114553,-0.000820818525773,-0.13562474187,-0.00231652540114,0.0479236338169,-0.0130102794689,0.573905768542,0.818907175512,0.00198837356187,0.0,0.818863043462,-0.573845569165,-0.0120551111,0.0,-0.00873116572505,0.00854686798082,-0.999925356111,0.0,0.655522701472,0.2530285876,0.303302676219,1.0,-0.01572,-0.0206605714286,0.787
0.460459064197,0.51343048135,-0.123988913783,-1.41017509634,0.0762914463168,1.91404484124,0.152103328617,-0.0102725040423,-0.0797835444554,0.00039672219017,-0.128934190295,-0.00292172624956,0.0467087665622,-0.011504275035,0.573896515088,0.818913805669,0.00192762945979,0.0,0.818868589902,-0.57383630008,-0.0121194094147,0.0,-0.00881877771796,0.00853392635016,-0.999924697795,0.0,0.655230999807,0.252686887214,0.303279948511,1.0,-0.01606,-0.0211074285714,0.804
0.460275972867,0.512074965914,-0.123997692956,-1.412321425,0.0761554802229,1.91482796666,0.151777505345,-0.0100131662282,-0.0832454468054,-0.0037770802052,-0.134864941381,-0.00714697709538,0.0527494731402,-0.0180628645643,0.573861466462,0.818938393225,0.0019163281341,0.0,0.818893056006,-0.573801331377,-0.0121219567613,0.0,-0.008827714119,0.0085257558327,-0.99992468864,0.0,0.65496759673,0.252356131903,0.303276116573,1.0,-0.01638,-0.021528,0.82
0.460077722753,0.510627834817,-0.124000251073,-1.41464028927,0.0760150047704,1.91571824102,0.1514618632,-0.0182327074933,-0.0856241503871,-0.000433698675179,-0.139337419229,-0.0147439998612,0.0587742957798,-0.0175136928536,0.573850580228,0.818945991054,0.0019293030873,0.0,0.818900825661,-0.573790391199,-0.0121149329619,0.0,-0.00881462991679,0.0085322334727,-0.999924748814,0.0,0.654688699606,0.252006352891,0.303263019619,1.0,-0.01672,-0.0219748571429,0.837
0.459873199888,0.509129483021,-0.124001236161,-1.41699538162,0.0758690499482,1.91658179232,0.151132498693,-0.0104259963901,-0.0914519102361,-0.000232515398292,-0.137963298384,-0.00686710456032,0.0533506549374,-0.020921012598,0.573832110133,0.818958922964,0.00193359241823,0.0,0.818913779038,-0.573771870969,-0.012116496502,0.0,-0.00881364167576,0.00853644458247,-0.999924721584,0.0,0.654397735173,0.251647197556,0.303265625608,1.0,-0.01706,-0.0224217142857,0.854
0.459682165864,0.507703709315,-0.123999213221,-1.4192287553,0.0757221066406,1.91737797027,0.150814010147,-0.0150587040735,-0.0849835460769,0.00133681139757,-0.146126526093,-0.0122576641459,0.0516599056674,-0.0173312002234,0.573802095013,0.818979985923,0.00191971815386,0.0,0.818934654684,-0.573741915353,-0.0121240597894,0.0,-0.00882810951359,0.00852909884224,-0.999924656639,0.0,0.654115553617,0.251307511971,0.303268935124,1.0,-0.01738,-0.0228422857143,0.87
0.459453230327,0.506121307332,-0.124007698359,-1.42166909515,0.075572028726,1.91828920298,0.150484743283,-0.0149368089671,-0.0933502243939,-0.00215254313979,-0.142631032148,-0.0102833801622,0.0514147567816,-0.0226697413011,0.573811631729,0.818973202854,0.00196244775759,0.0,0.818928451749,-0.573751283318,-0.0120996986588,0.0,-0.00878354115519,0.00855021675276,-0.999924868777,0.0,0.653822071772,0.250921706982,0.303293047843,1.0,-0.01772,-0.0232891428571,0.887
0.459218519889,0.504384169794,-0.124017267259,-1.42428658557,0.0754014155864,1.91929929247,0.150120407975,-0.00946055538048,-0.103784977626,-0.000921530473606,-0.147351619328,-0.0117726122753,0.0477866651857,-0.0188016432325,0.573801109138,0.818980324871,0.00206434683115,0.0,0.818937074598,-0.573740489362,-0.0120277020742,0.0,-0.0086662188426,0.00859224437272,-0.999925532221,0.0,0.653511634658,0.250515973643,0.303348890133,1.0,-0.01808,-0.0237622857143,0.905
0.45900088116,0.502809864026,-0.124025160697,-1.42661781731,0.0752528322177,1.92018374171,0.149801144017,-0.0126688334278,-0.0971924516964,-0.000933891213252,-0.150588738713,-0.010680293705,0.0564185168602,-0.0246976871873,0.57380297761,0.818978746066,0.00216870455751,0.0,0.81893695631,-0.573742020881,-0.0119625234419,0.0,-0.00855294018332,0.0086403302333,-0.999926093223,0.0,0.653233651652,0.250149334197,0.303415615719,1.0,-0.0184,-0.0241828571429,0.921
0.458767500227,0.501097257374,-0.124029986577,-1.42918712674,0.0750891310996,1.92108506299,0.149439936057,-0.0141811437356,-0.10341982931,-9.71012399621e-05,-0.155492449611,-0.0116445987335,0.0531245664833,-0.0186192352141,0.573788386674,0.818988869131,0.0022060050093,0.0,0.818947534317,-0.573727247425,-0.0119469033327,0.0,-0.00851889968347,0.00866176351784,-0.999926198377,0.0,0.652908374314,0.249746705161,0.303466344166,1.0,-0.01874,-0.0246297142857,0.938
0.45852503706,0.499387376356,-0.124030757619,-1.43179678402,0.0749276153047,1.92203170148,0.149076253967,-0.0123670305006,-0.100500464242,0.000553310398402,-0.152237991787,-0.0118582403398,0.055635794589,-0.0185045217328,0.573778790671,0.818995481688,0.002246608908,0.0,0.81895462265,-0.573717433525,-0.0119322844155,0.0,-0.00848373166383,0.008686529715,-0.999926282532,0.0,0.652582431119,0.249339180445,0.303499158044,1.0,-0.01908,-0.0250765714286,0.955
0.458282261433,0.497819616907,-0.124033962691,-1.43429447194,0.0747704668759,1.92295585098,0.148698927207,-0.0150882614712,-0.102365402635,0.000802434036838,-0.151939882139,-0.0148402037036,0.0603736880741,-0.0169213465,0.573755260291,0.819011989355,0.00223818737663,0.0,0.818971009483,-0.573693928812,-0.0119376954701,0.0,-0.00849324472705,0.00868249331187,-0.999926236831,0.0,0.652274529084,0.248940712137,0.303483786005,1.0,-0.0194,-0.0254971428571,0.971
0.458012687506,0.496056603071,-0.124039908301,-1.43712862248,0.0745995728813,1.92395105085,0.148289511872,-0.0103151322562,-0.0960282405392,-0.00246888938197,-0.155975858604,-0.00588081790933,0.048275295082,-0.0302085100556,0.573741980876,0.819021461832,0.00217516439238,0.0,0.818979503532,-0.573680749822,-0.0119882016593,0.0,-0.00857090952472,0.00865971634771,-0.999925771656,0.0,0.65191135346,0.248488647536,0.303450039452,1.0,-0.01976,-0.0259702857143,0.989
0.457749651765,0.494481505659,-0.124040081006,-1.43970971392,0.0744372594683,1.92484896555,0.147924019488,-0.0168031313079,-0.10063424915,0.000167035500974,-0.16480819644,-0.013206503342,0.0552509533479,-0.0266526909627,0.573744068144,0.819020242303,0.00208179456239,0.0,0.818976933375,-0.573683097056,-0.0120512926166,0.0,-0.0086761292893,0.00861946533029,-0.999925212002,0.0,0.6515804071,0.248066718908,0.303396618349,1.0,-0.0210862857143,-0.0277134040816,1.005
0.457492715469,0.492642355375,-0.124092006101,-1.44258078545,0.0742632338681,1.92591269372,0.147511884207,-0.0148463328119,-0.122241105914,-0.00491844896241,-0.190057798133,-0.0133652024223,0.0646817554098,-0.0269129282011,0.57375152359,0.819014976948,0.00209847910423,0.0,0.818972043258,-0.573690637384,-0.0120246347352,0.0,-0.00864464456181,0.00861791414121,-0.999925498063,0.0,0.651228648048,0.247596884179,0.303404206971,1.0,-0.0255114285714,-0.0335293061224,1.021
0.457128984304,0.490223248998,-0.12410335884,-1.44647921199,0.0740377713841,1.92733049385,0.146942269557,-0.0232562850289,-0.137144986555,-0.000787742781223,-0.22846161611,-0.0144495127358,0.0736530337141,-0.0351322203255,0.573725168944,0.819033558714,0.00205112678243,0.0,0.818989777762,-0.573664260983,-0.0120750359686,0.0,-0.00871336931053,0.00860776964505,-0.999924988935,0.0,0.650731155479,0.246983102688,0.303354991256,1.0,-0.0304897142857,-0.0400721959184,1.039
0.456672026359,0.487284535745,-0.124128837947,-1.45111567061,0.0737638492503,1.92903675658,0.146279183962,-0.0231398957494,-0.165893091952,-0.0030475921109,-0.269937578501,-0.0141359937086,0.105806181506,-0.0368009362502,0.573731165147,0.819029338291,0.00205914062875,0.0,0.818985542348,-0.573670103536,-0.0120847273829,0.0,-0.00871664667657,0.00861995708733,-0.999924855382,0.0,0.650150680314,0.246231826911,0.303339484022,1.0,-0.035468,-0.0466150857143,1.057
0.456232194855,0.484462082191,-0.124181964286,-1.45542853566,0.0734954391605,1.9306705767,0.145611410642,-0.0287198880545,-0.190829677766,-0.00693719612612,-0.298659925002,-0.0168330116533,0.105702421878,-0.0505982859046,0.573723234897,0.819034610925,0.00216858169949,0.0,0.81899248162,-0.5736619476,-0.0120013260779,0.0,-0.00858563393359,0.00866165849188,-0.999925628516,0.0,0.649629952044,0.245508563242,0.303389623896,1.0,-0.0396165714286,-0.0520674938775,1.072
0.455663215644,0.480906803963,-0.124241972784,-1.46098285171,0.0731654898811,1.93258524004,0.144772573522,-0.0359366857015,-0.219496866745,-0.00476374270895,-0.345605809334,-0.0228309341037,0.125281551937,-0.0547227038148,0.573727936362,0.819031499679,0.00209868331467,0.0,0.818988244244,-0.573666729045,-0.012061785889,0.0,-0.00867520481765,0.00863914682041,-0.999925050173,0.0,0.648912289577,0.244570013734,0.303379806548,1.0,-0.0443182857143,-0.0582468897959,1.089
0.454980946228,0.47670044911,-0.124298441914,-1.4674552517,0.0727700611582,1.93491769102,0.143840132393,-0.0404713446044,-0.24522287608,-0.00185193903853,-0.36623030605,-0.025479371265,0.128792907292,-0.0546359988528,0.573771001061,0.819001195336,0.00215111142382,0.0,0.818958586173,-0.573709527306,-0.0120399050414,0.0,-0.00862674959417,0.00866998646276,-0.999925202466,0.0,0.648093358508,0.243478348624,0.303416731943,1.0,-0.0492965714286,-0.0647897795918,1.107
0.454348141701,0.472893594723,-0.124334603233,-1.47334029064,0.0724256412027,1.93706455942,0.142976332345,-0.0438529491799,-0.25982267884,-0.001963144466,-0.404524519839,-0.0249783844089,0.138882255919,-0.0609326981002,0.573798407505,0.818981819627,0.00221665663289,0.0,0.818939853788,-0.573736440462,-0.0120316110321,0.0,-0.00858205924103,0.00871919558029,-0.999925159143,0.0,0.647345917197,0.24249130551,0.303436308554,1.0,-0.0534451428571,-0.0702421877551,1.122
0.453566715336,0.468183920262,-0.124384831802,-1.48044597589,0.0719818675078,1.93969325014,0.141855624516,-0.0468918588805,-0.291590235563,-0.00440597440418,-0.426003750568,-0.0305907273397,0.172429956892,-0.0711756762424,0.573775287729,0.818997474966,0.0024087534828,0.0,0.818958116045,-0.57371264797,-0.0119226098412,0.0,-0.00838281641123,0.00881373679815,-0.99992602048,0.0,0.646452669551,0.241285028097,0.30353650556,1.0,-0.0581468571429,-0.0764215836735,1.139
0.45270802707,0.463088476598,-0.124402673688,-1.48823866274,0.071471952653,1.94244268816,0.140650465093,-0.0473110493299,-0.305207691305,-0.00132686404092,-0.469091324779,-0.0353956843989,0.155793466167,-0.0683942161917,0.57373172963,0.819027874037,0.00244762485134,0.0,0.818988910466,-0.573668825216,-0.0119159729244,0.0,-0.00835554876855,0.00884131958919,-0.999926005199,0.0,0.645427473285,0.239971337714,0.303579919643,1.0,-0.0628485714286,-0.0826009795918,1.156
0.451831529435,0.457975981838,-0.124436318917,-1.49612052906,0.0709517656546,1.94512617666,0.139482350519,-0.0534142307516,-0.331131532275,-0.00584549006864,-0.501787668154,-0.0398997949012,0.177697763496,-0.0793487439517,0.573740750867,0.8190217898,0.00236759993241,0.0,0.818981576813,-0.573677947612,-0.0119806579464,0.0,-0.00845434281657,0.00881298208919,-0.999925424936,0.0,0.644364490347,0.238622553746,0.303581367966,1.0,-0.0672737142857,-0.0884168816326,1.172
0.450761882619,0.451884459161,-0.124482868654,-1.50540572175,0.0703178631493,1.94849487786,0.137970552511,-0.0580986279473,-0.361285681609,-0.000314103190752,-0.515102097507,-0.0404701394413,0.20144106597,-0.0840585046281,0.57366454147,0.819074811541,0.00248874672775,0.0,0.819036484836,-0.573601593115,-0.0118825832914,0.0,-0.00830533548561,0.00885516155621,-0.999926301042,0.0,0.643152949399,0.237018953967,0.303640257002,1.0,-0.072252,-0.0949597714286,1.19
0.449662133058,0.445724795435,-0.124521122871,-1.51465112295,0.0697103494993,1.95189126003,0.136581168479,-0.0641795774781,-0.368300350069,0.000161437850438,-0.559232931061,-0.0355969458299,0.191047208074,-0.0836031158169,0.57370692511,0.81904432356,0.00273989528611,0.0,0.819009429261,-0.57364321997,-0.0117370296873,0.0,-0.00804158001189,0.00897778813659,-0.999927363518,0.0,0.641947493372,0.235414930008,0.30375771617,1.0,-0.0769537142857,-0.101139167347,1.207
0.448570323915,0.439704377864,-0.124547048445,-1.52407077608,0.0690530251339,1.95502358768,0.13509958566,-0.0718770310051,-0.379061156691,-0.00432841229515,-0.597127585902,-0.0455149620172,0.196949741307,-0.0946650212589,0.573642848887,0.81908998454,0.00249520514943,0.0,0.819051644321,-0.57357977423,-0.0118908969563,0.0,-0.00830867536562,0.00886500056515,-0.999926186115,0.0,0.640623266637,0.233779668949,0.303665762223,1.0,-0.0813788571429,-0.106955069388,1.223
0.447300168211,0.432851638154,-0.124568150358,-1.5343546279,0.068373765677,1.9586931184,0.133418156242,-0.0781476736739,-0.41938083651,-0.0008652634415,-0.607242447163,-0.036537699374,0.227358207,-0.102453946113,0.573584406259,0.819130273628,0.00269640930768,0.0,0.819094431093,-0.573520448864,-0.011804854485,0.0,-0.00812342420906,0.00897986718889,-0.999926683295,0.0,0.639231927063,0.231977446146,0.303766621572,1.0,-0.0860805714286,-0.113134465306,1.24
0.445837788605,0.425398161189,-0.124618308041,-1.54581248766,0.0675482194742,1.96266627158,0.131545357537,-0.0800837719509,-0.431679743186,-0.0054825528827,-0.657913253639,-0.0431229110977,0.221569378285,-0.107827190314,0.57354671706,0.819156883146,0.00262888677055,0.0,0.819120378469,-0.573483251331,-0.011811558791,0.0,-0.0081680544121,0.00892802738655,-0.999926783927,0.0,0.637651428475,0.229908113762,0.303733751768,1.0,-0.0910588571428,-0.119677355102,1.258
0.444512460036,0.418887615318,-0.124719072475,-1.55582413214,0.0668263823927,1.96600100142,0.129934657237,-0.0880270170624,-0.447426651268,-0.0131246723612,-0.66740746654,-0.0568827150496,0.23612499249,-0.104175720346,0.573610398644,0.81911284901,0.00244909287284,0.0,0.819074239315,-0.573547858547,-0.0118739777396,0.0,-0.00832161597966,0.00881719574487,-0.999926501182,0.0,0.636153946106,0.227903294964,0.303684707453,1.0,-0.095484,-0.125493257143,1.274
0.44283122374,0.410651844043,-0.124792876048,-1.56813395566,0.0659875251666,1.97040046664,0.127851571225,-0.09691635074,-0.458267598565,-0.00431654047471,-0.693191119222,-0.0472869087024,0.244108060415,-0.120647239966,0.573608317556,0.819113491982,0.00270780070737,0.0,0.819078291016,-0.573544862486,-0.0117384327347,0.0,-0.00806221866607,0.00895133576846,-0.999927434476,0.0,0.634558921737,0.225756217078,0.303784313542,1.0,-0.100185714286,-0.131672653061,1.291
0.441111085487,0.402678857325,-0.124871695139,-1.58040327213,0.0651350426706,1.97439589449,0.125847628077,-0.100833098681,-0.47168073246,-0.00867919919429,-0.724739714649,-0.058746383793,0.241829412465,-0.119742697696,0.573690543761,0.819056733941,0.0024440715553,0.0,0.819017548526,-0.573627473051,-0.0119383528408,0.0,-0.00837636296716,0.00885082803238,-0.999925746937,0.0,0.632776592301,0.22343424478,0.303678294726,1.0,-0.104887428571,-0.13785204898,1.308
0.439394559818,0.394719086443,-0.124968214807,-1.59202901237,0.06429899079,1.97854476553,0.123859351532,-0.108330227208,-0.495657115491,-0.00663000941659,-0.735535291417,-0.0606301823546,0.262817008709,-0.132528093586,0.573764111269,0.819004004163,0.00281650241683,0.0,0.818970247992,-0.573700291277,-0.0116814208529,0.0,-0.00795145528604,0.00900918519152,-0.999927801864,0.0,0.631171371797,0.221196165454,0.303865062647,1.0,-0.109312571429,-0.14366795102,1.324
0.437482638202,0.386197106428,-0.125007091936,-1.60507362655,0.0633144382868,1.98280212962,0.12159732827,-0.113002094002,-0.507749719516,0.000239146801033,-0.756114219392,-0.0612859912157,0.246858471349,-0.137345158856,0.573727603953,0.819030432862,0.00255605343851,0.0,0.818993092887,-0.573664509237,-0.0118360274626,0.0,-0.00822790796742,0.00888421683635,-0.999926683423,0.0,0.629234012924,0.218706885752,0.303748082175,1.0,-0.114014285714,-0.149847346939,1.341
0.435470881513,0.377229715208,-0.125076660872,-1.61828939171,0.0623284348625,1.98727488282,0.119210755876,-0.123063240913,-0.526428737169,-0.00281665260148,-0.799108181203,-0.0555518889757,0.263993091837,-0.136592513736,0.573687107725,0.819058296237,0.00271232315078,0.0,0.819023189568,-0.573623665833,-0.0117325124119,0.0,-0.00805391394079,0.00895241903183,-0.999927491703,0.0,0.627302433125,0.216144994096,0.303846177892,1.0,-0.118716,-0.156026742857,1.358
0.433411385746,0.368645306768,-0.12514454236,-1.63124208682,0.0613361431126,1.99149544415,0.11694926445,-0.13493459702,-0.536691010231,-0.0106710263359,-0.795717463062,-0.0702202502012,0.249103015919,-0.129754830901,0.573759747134,0.819007939959,0.00254828447059,0.0,0.818970648101,-0.573696838559,-0.0118220927737,0.0,-0.00822060337619,0.00887018192337,-0.999926868102,0.0,0.625359563276,0.213572818303,0.303774064433,1.0,-0.123141142857,-0.161842644898,1.374
0.431150547055,0.359136507336,-0.125284866246,-1.64519565076,0.0602259968142,1.99613734213,0.114387725808,-0.135118712291,-0.561518236124,-0.0133373006135,-0.802463141339,-0.067235536021,0.269284663478,-0.158919455073,0.573792129486,0.81898495517,0.00264239405904,0.0,0.818949614068,-0.573729667408,-0.0116852579987,0.0,-0.00805418570159,0.00886906742257,-0.999928232293,0.0,0.62328213678,0.210749933176,0.303856422532,1.0,-0.127842857143,-0.168022040816,1.391
0.428563091478,0.348907787076,-0.12535406395,-1.66055443149,0.0591198152748,2.00095293548,0.111530837081,-0.150749031841,-0.578547378364,-0.0100062543633,-0.855396853436,-0.0620333435297,0.268831096838,-0.16064703728,0.57383318061,0.818956948831,0.00239660048851,0.0,0.818917217923,-0.573770357444,-0.0119546647725,0.0,-0.00841541949035,0.00882277057973,-0.999925666954,0.0,0.620886060405,0.207643275621,0.303738308837,1.0,-0.132821142857,-0.174564930612,1.409
