position_joint1,position_joint2,position_joint3,position_joint4,position_joint5,position_joint6,position_joint7,velocity_joint1,velocity_joint2,velocity_joint3,velocity_joint4,velocity_joint5,velocity_joint6,velocity_joint7,ee_T_00,ee_T_10,ee_T_20,ee_T_30,ee_T_01,ee_T_11,ee_T_21,ee_T_31,ee_T_02,ee_T_12,ee_T_22,ee_T_32,ee_T_03,ee_T_13,ee_T_23,ee_T_33,v_x,v_y,time
0.465067062966,0.547781692137,-0.123975766253,-1.35586402613,0.0796126068196,1.89410255123,0.159164958115,-8.26383858279e-05,0.00134478614506,0.000901044447907,0.000464097486555,0.00512458815067,-0.000322831625497,-0.00164768815538,0.573838534906,0.818954298026,0.00198506995131,0.0,0.818910476572,-0.573778704454,-0.0120156805,0.0,-0.00870146985457,0.00852081912607,-0.999925837282,0.0,0.661662824647,0.260908167091,0.303199216023,1.0,0.0,0.0,0.0
0.465069574817,0.547782014808,-0.123978559102,-1.35586655828,0.0796125055615,1.89410230399,0.159173604983,0.000922080960626,0.00259312875184,-0.000148773212201,-0.000992358520804,0.000307933950367,-5.12795064637e-05,0.00120627911503,0.573845620301,0.818949341549,0.00198165075922,0.0,0.818905488131,-0.573785815946,-0.0120160655056,0.0,-0.0087036734087,0.00851831524989,-0.999925839437,0.0,0.661662177593,0.260907874112,0.303197853074,1.0,-0.0002,-0.000262857142857,0.011
0.465072190382,0.547770383983,-0.123981783813,-1.35586954292,0.0796125053912,1.89410430868,0.159173012022,0.00190793804229,-0.000312034781008,-0.00457262248069,-0.00055126359467,0.00014337770995,0.000232926216029,0.00109573622306,0.573845402079,0.81894947357,0.0019902648299,0.0,0.818905749995,-0.573785578113,-0.0120095743193,0.0,-0.00869341668578,0.0085216423853,-0.999925900313,0.0,0.661662260989,0.260907675521,0.303204952687,1.0,-0.00044,-0.000578285714286,0.023
0.465063091078,0.547753437116,-0.123976465687,-1.35588489957,0.079613076313,1.89410183114,0.159167197695,0.00024021089916,-0.00145554011734,0.00706822532767,-0.00289373952519,0.000140590340035,-0.000283167522798,0.000590154632412,0.573845319139,0.818949526908,0.00199222982686,0.0,0.818905777182,-0.573785436041,-0.0120145073175,0.0,-0.00869633005512,0.0085260814541,-0.999925837139,0.0,0.661659815147,0.260903056604,0.303209258903,1.0,-0.0009,-0.00118285714286,0.046
0.465062942914,0.547718417673,-0.12398391261,-1.35591844064,0.0796082469703,1.8941091278,0.159161437286,0.000403908716579,-0.00458802046011,-0.00065781777249,2.85617476396e-06,7.33950043639e-05,-0.000126551993502,-0.0100592311198,0.573846466822,0.818948711309,0.00199691327242,0.0,0.818905080874,-0.573786620723,-0.0120053862296,0.0,-0.00868616069851,0.00852469502231,-0.999925937351,0.0,0.661656528809,0.260894842167,0.303218974104,1.0,-0.00112,-0.001472,0.057
0.465061972042,0.547553464102,-0.123976465693,-1.35612530198,0.0796097496867,1.89414740375,0.159157955044,-0.00034513365536,-0.0069530204158,0.000204087706141,-0.00916279783857,0.000229514547599,0.00358938339727,-0.000854954186618,0.57385087435,0.818945601877,0.00200551127335,0.0,0.818901867058,-0.573790778432,-0.0120258728254,0.0,-0.00869795924706,0.00854353905141,-0.999925673961,0.0,0.661619554928,0.260878963378,0.303240449773,1.0,-0.00154,-0.002024,0.078
0.465048174192,0.547453589607,-0.123979681666,-1.35627157326,0.0796099658495,1.89419297216,0.15916026422,-0.000554304617685,-0.0101462393674,-0.000785708439806,-0.0125600422331,0.00024904638966,0.00904484331298,0.00227151050592,0.573874496707,0.818929039673,0.00200920648773,0.0,0.818885276651,-0.573814306937,-0.0120329439134,0.0,-0.00870138330377,0.00855087387358,-0.999925581473,0.0,0.661602069355,0.26085505111,0.303245643297,1.0,-0.00178,-0.00233942857143,0.09
0.465030819489,0.547225691526,-0.123982809357,-1.3565492347,0.0796016458434,1.89435047214,0.159149039406,0.000377870651351,-0.00793880696157,-0.00138738310559,-0.0158087190602,-6.61796756836e-06,0.0052465987605,-0.00239483666916,0.573895349557,0.818914189434,0.00210356857896,0.0,0.818871684868,-0.57383478589,-0.011981198788,0.0,-0.00860463853477,0.00859867256414,-0.999926008776,0.0,0.661581555611,0.26082115883,0.303288682451,1.0,-0.0022,-0.00289142857143,0.111
0.465015801089,0.547069822252,-0.123975012787,-1.35672850793,0.0796027069937,1.89444479239,0.159135607014,-0.000489296615815,-0.0145878337743,0.00028823198379,-0.0181054003088,0.000148587883105,0.00816721278643,-0.000980771272834,0.573901642131,0.818909600253,0.00217225097263,0.0,0.818867892332,-0.573840694369,-0.0119573950215,0.0,-0.00854566410117,0.00864132158624,-0.999926146866,0.0,0.661565442689,0.260803090654,0.303321693167,1.0,-0.00246,-0.00323314285714,0.124
0.46498135202,0.546812983339,-0.123979635519,-1.3571229555,0.0795951985302,1.89460105263,0.159106200479,-0.00290642920987,-0.0129009445796,-0.000844030733659,-0.024551945321,0.000243679460502,0.00619534747574,-0.00821714070058,0.573929170657,0.818890245971,0.00219522735835,0.0,0.818848730306,-0.573868016607,-0.0119583984521,0.0,-0.00853300936659,0.00866099959219,-0.999926084687,0.0,0.661523373031,0.26074356986,0.303329567942,1.0,-0.00286,-0.00375885714286,0.144
0.464955436057,0.546583131557,-0.123976881567,-1.35744888587,0.0795875425723,1.894714828,0.159007795333,-0.00547959296403,-0.0186917608572,-6.86125259329e-05,-0.0262549783129,-0.000147910872256,0.00955216762507,-0.00868109240475,0.573884019969,0.818921824432,0.00221900731427,0.0,0.818880484427,-0.573822637784,-0.0119615839865,0.0,-0.00852244963457,0.00868183083998,-0.999925994094,0.0,0.661483903376,0.260698835049,0.303346993196,1.0,-0.00314,-0.00412685714286,0.158
0.464905400454,0.546234595382,-0.123979661986,-1.35797378767,0.0795758568324,1.894906598,0.158930203245,-0.00627572651459,-0.0229750981997,-0.000816176923773,-0.0279074470891,0.000223161171901,0.0137414782641,-0.000856651608284,0.573889642264,0.818917819623,0.00224279018508,0.0,0.818876620623,-0.573827989649,-0.0119693522987,0.0,-0.00851510404577,0.00870582337042,-0.999925848072,0.0,0.661425214044,0.26061752341,0.303360694415,1.0,-0.00354,-0.00465257142857,0.178
0.464872826766,0.546008081177,-0.123982141329,-1.35836394175,0.07956154699,1.8950370952,0.158909324412,-0.00401955340961,-0.0125510832124,-0.00615846067096,-0.0324877957403,0.000235482637604,0.00246500021717,-0.00420200707971,0.573918937869,0.818897355146,0.00221842112205,0.0,0.818855742682,-0.573857284014,-0.0119932131584,0.0,-0.00854831799684,0.00869986653238,-0.999925616524,0.0,0.661377499873,0.260557738603,0.303346772312,1.0,-0.0038,-0.00499428571429,0.191
0.464797507987,0.545594834152,-0.123977156778,-1.35905074991,0.0795229564652,1.89527734452,0.158808281088,-0.00326479974821,-0.0229507319005,0.000448003887086,-0.0309116138352,0.000448340030967,0.0169701867635,-0.00116795263607,0.57392250699,0.818894923547,0.00219250104395,0.0,0.818852890746,-0.573860876776,-0.0120160028353,0.0,-0.00858181837835,0.00869175763232,-0.999925400089,0.0,0.661299213618,0.26044476248,0.303333085309,1.0,-0.0042,-0.00552,0.211
0.464740315014,0.545301230322,-0.123979290242,-1.3595686314,0.0794724397573,1.89544639056,0.15873393667,-0.00362260357365,-0.0218514635637,0.000271909752722,-0.0406718573657,-0.00271493800646,0.00868223846428,-0.00330586832159,0.573916715217,0.818899137073,0.00213405652673,0.0,0.818856499018,-0.573855489313,-0.0120273979449,0.0,-0.00862475179917,0.00865037732392,-0.999925389531,0.0,0.661234283784,0.260347966727,0.303311414447,1.0,-0.00448,-0.005888,0.225
0.464658188794,0.544783664513,-0.123984981249,-1.36043657592,0.0794316519057,1.89573603792,0.158652942032,-0.00300041212736,-0.0227711082038,-0.000136622195722,-0.0411706789808,-0.00374675239195,0.0120899182207,-0.0153844597256,0.573967782353,0.818863466764,0.00208674887108,0.0,0.81882005733,-0.573906597452,-0.0120697148258,0.0,-0.0086860168135,0.00863646556117,-0.999924979473,0.0,0.66113673968,0.260210587291,0.30328761258,1.0,-0.00488,-0.00641371428571,0.245
0.464592820405,0.544446034679,-0.123983575776,-1.36099932763,0.0794087516585,1.89594218877,0.158569636806,-0.0070661573113,-0.0283169999357,0.000224668418169,-0.0465490126002,-0.000397914223111,0.0131906477317,-0.0040752387047,0.573977458723,0.818856710602,0.00207636260629,0.0,0.818813045189,-0.573916197782,-0.0120889144648,0.0,-0.00870759824938,0.0086390835209,-0.999924769154,0.0,0.661075293979,0.260116098227,0.303276535427,1.0,-0.00514,-0.00675542857143,0.258
0.464507101039,0.543805065856,-0.123983623445,-1.36205614793,0.0793630245901,1.89631495312,0.158458584343,-0.00682341928411,-0.0316909300562,0.000874340369083,-0.0470452343354,2.0847850634e-05,0.0215267416048,0.000820704421076,0.574003454648,0.81883855807,0.00204860248402,0.0,0.818794322929,-0.573942106334,-0.0121269211555,0.0,-0.008754379957,0.00863844503817,-0.999924366189,0.0,0.660948197844,0.259960264943,0.303259393891,1.0,-0.00558,-0.00733371428571,0.28
0.464446373246,0.543444244631,-0.123991792493,-1.36264000893,0.0793355856409,1.89651737175,0.158374274817,-0.000891204341507,-0.0305048415376,-0.00234932875418,-0.050598175621,0.000118451350128,0.0186933605237,-0.0121805166636,0.574015022954,0.818830486493,0.00203339938203,0.0,0.818785994082,-0.573953682284,-0.0121413915837,0.0,-0.00877483345707,0.00863442634247,-0.999924221619,0.0,0.660882836283,0.259860119154,0.303254586301,1.0,-0.00582,-0.00764914285714,0.292
0.464346625384,0.542722159204,-0.123998842534,-1.36380033013,0.0792629698358,1.89692916115,0.158209065433,-0.00671266773448,-0.0293716706907,0.00101501763716,-0.0560710145896,-0.00719817786068,0.0152706920644,-0.00475504862233,0.574021915547,0.818825716174,0.00200845827997,0.0,0.818780928423,-0.573960714399,-0.0121505752555,0.0,-0.00879659669806,0.00861934976754,-0.999924160472,0.0,0.660744527642,0.259666644852,0.303251144556,1.0,-0.00628,-0.00825371428571,0.315
0.464301596316,0.542295778664,-0.124001289497,-1.36445180041,0.0792302476091,1.89716902487,0.15814128258,-0.00525483566998,-0.0396083393865,-0.00037565719583,-0.060439665892,-0.00684036757987,0.0210191266608,-0.00434531328649,0.574022086494,0.818825560425,0.00202304550376,0.0,0.8187808977,-0.573960756285,-0.0121506669353,0.0,-0.00878829713745,0.00863134838035,-0.999924129951,0.0,0.660671234963,0.25958613126,0.303261324383,1.0,-0.0065,-0.00854285714286,0.326
0.464196376683,0.541486335339,-0.124004771058,-1.36568783413,0.0791612811097,1.89762336207,0.157972191734,-0.00282416687613,-0.036263841087,-0.000784150452722,-0.0523964878294,-0.00146542582474,0.017478919205,-0.00242582694242,0.574022452986,0.818825238468,0.00204919906658,0.0,0.818780872889,-0.573960963232,-0.0121425605867,0.0,-0.00876664358299,0.00864811391698,-0.999924175168,0.0,0.660530013351,0.259398179098,0.303284842363,1.0,-0.00694,-0.00912114285714,0.348
0.464145649064,0.541055659852,-0.124002826609,-1.36635298768,0.0791205429371,1.89787959342,0.15789461689,-0.00574148647437,-0.0385014503094,0.000614154523334,-0.0588980072493,-0.000579118102678,0.0261141041558,-0.00338935451745,0.574025210487,0.818823260052,0.00206722638308,0.0,0.818779137573,-0.573963648578,-0.0121326372612,0.0,-0.0087481412268,0.00865720817081,-0.999924258517,0.0,0.660453917452,0.259303291906,0.303294851339,1.0,-0.00716,-0.00941028571429,0.359
0.464038431563,0.540213902511,-0.124005224604,-1.36762378585,0.0790414372104,1.89833502507,0.157723970717,-0.00772466116575,-0.0430341741247,-0.000642257736014,-0.0672364739143,-0.00109723112301,0.0224592727306,-0.0059785838607,0.574024122022,0.818823968336,0.00208880763547,0.0,0.818780134929,-0.573962472939,-0.0121209407638,0.0,-0.00872618762642,0.00866815346647,-0.999924355521,0.0,0.660306153266,0.259109403375,0.303324473135,1.0,-0.00756,-0.009936,0.379
0.463959052854,0.539596791309,-0.124010674367,-1.36857032134,0.0789888714623,1.89870780003,0.157614170796,-0.00433560169208,-0.0477918989373,-0.000553822057135,-0.0686295411456,-0.00459168014276,0.0263304390997,-0.00656017816979,0.574041542547,0.818811660519,0.00212577756161,0.0,0.818768327281,-0.573979748072,-0.0121004935836,0.0,-0.00868803924666,0.0086868725898,-0.999924525261,0.0,0.660202708369,0.258966358918,0.303342515539,1.0,-0.00784,-0.010304,0.393
0.463842457661,0.538719466881,-0.124011005802,-1.36993524209,0.0789151198011,1.89923306241,0.157435315675,-0.00870111971025,-0.0461827151105,-0.0014705675993,-0.0668745977529,-0.00316598971259,0.0327348092774,-0.00559689494707,0.574046700243,0.818807951538,0.00216132809457,0.0,0.81876502621,-0.573984695731,-0.0120891613648,0.0,-0.00865829890325,0.00870953072961,-0.999924586124,0.0,0.660049190391,0.258762389978,0.303358203797,1.0,-0.00824,-0.0108297142857,0.413
0.463755307173,0.538120104244,-0.124009110772,-1.37087386382,0.0788546639928,1.89958797612,0.157328634656,-0.00617869549404,-0.0429502150251,0.00530373749875,-0.0743444045667,-0.0110023228151,0.0273287686845,-0.0107826856174,0.574065087574,0.818795031655,0.00217215745881,0.0,0.818752277013,-0.57400306388,-0.0120804984637,0.0,-0.00864479352443,0.00871361903808,-0.999924667357,0.0,0.659943926482,0.258616715604,0.303365468316,1.0,-0.0085,-0.0111714285714,0.426
0.463626096943,0.537120867087,-0.124017919549,-1.37243786836,0.0787635807224,1.90016996469,0.157128243434,-0.0061122540014,-0.0503738130607,9.83592581538e-05,-0.0776226594703,-0.00626705818116,0.0291841793677,-0.0168258627615,0.574074890719,0.818788122242,0.00218577729082,0.0,0.818745548882,-0.574012811244,-0.0120733431206,0.0,-0.00863101194918,0.00872076646207,-0.999924724099,0.0,0.659764384023,0.258378549287,0.303377364374,1.0,-0.00892,-0.0117234285714,0.447
0.463538690196,0.536477338721,-0.124015470763,-1.373443825,0.0787115626579,1.90054564909,0.157010033259,-0.00709955647363,-0.0456300585462,0.00161907109388,-0.0776436823315,-0.00777010180025,0.0272445292945,-0.00877069008806,0.574089446282,0.81877787369,0.00220184563656,0.0,0.818735416219,-0.574027201657,-0.012076294435,0.0,-0.00862404942996,0.00873577037966,-0.999924653205,0.0,0.659647860319,0.258228408617,0.303385345198,1.0,-0.00918,-0.0120651428571,0.46
0.463394456552,0.535386873132,-0.124026552399,-1.37516711852,0.0786094455208,1.90117196545,0.156802808074,-0.00905037836691,-0.0557134327865,-0.000271601586323,-0.0884018475985,-0.00320863933919,0.0305753796189,-0.00500092429945,0.574112986696,0.81876138857,0.00219408168289,0.0,0.818718829515,-0.574050771835,-0.0120804161592,0.0,-0.00863163021115,0.00873202790759,-0.999924620483,0.0,0.659446861898,0.257962563712,0.303389345206,1.0,-0.0096,-0.0126171428571,0.481
0.463295797412,0.534709608122,-0.12402693175,-1.37625901098,0.0785546943677,1.90156569905,0.156670629162,-0.0103141503865,-0.0490625272261,-0.00181452799059,-0.0888428225997,-0.000355175083896,0.028920506447,-0.00186864505723,0.574134172011,0.818746566698,0.00218150172576,0.0,0.818703727714,-0.574071891321,-0.012100277831,0.0,-0.008654888742,0.00873335473262,-0.999924407851,0.0,0.659328060765,0.257806460981,0.303382090006,1.0,-0.00984,-0.0129325714286,0.493
0.463138407185,0.53365286718,-0.124033288892,-1.37799222771,0.0784545049938,1.90220116018,0.156455495012,-0.00855531280021,-0.049653158082,0.000786746424561,-0.0814636586051,-0.008948929593,0.0316292822133,-0.0103691182701,0.57415641714,0.818731061088,0.00214596540478,0.0,0.818687689223,-0.5740942178,-0.0121261495832,0.0,-0.00869623641419,0.0087193499313,-0.99992417133,0.0,0.659117036422,0.257521990035,0.303357369335,1.0,-0.01026,-0.0134845714286,0.514
0.46303440758,0.532935277353,-0.124031215613,-1.37914905443,0.0783911189222,1.90264646887,0.156303580677,-0.0118520118831,-0.0530938699012,0.000989926933347,-0.0951790182316,-0.00839772026037,0.0376504138933,-0.0155837520038,0.574162176504,0.818727002226,0.00215355522105,0.0,0.818683667925,-0.574099881684,-0.0121294940044,0.0,-0.00869455586431,0.00872754519722,-0.999924114447,0.0,0.658985217755,0.257346695087,0.303351319148,1.0,-0.01052,-0.0138262857143,0.527
0.462877446916,0.531778456808,-0.12403406309,-1.38099010811,0.0782895705128,1.90332447589,0.15607970446,-0.0117725635563,-0.0557046208796,-0.00273558986931,-0.094890901908,-0.00193043668359,0.0304711607367,-0.00634804983172,0.574182702778,0.818712611674,0.00215179414343,0.0,0.818669148836,-0.574120307066,-0.0121426792387,0.0,-0.00870614353813,0.00873389201861,-0.999923958206,0.0,0.658768451243,0.257067828799,0.303349410481,1.0,-0.01092,-0.014352,0.547
0.462775069201,0.530956077927,-0.124036490186,-1.38231611563,0.0782174300204,1.9037951103,0.155902642576,-0.00747528275458,-0.0547647782448,0.000899820719931,-0.0986964885292,-0.00863479916409,0.0318547781072,-0.0112789934859,0.574176090638,0.81871731265,0.00212739439283,0.0,0.818673412165,-0.574113683844,-0.0121683662568,0.0,-0.00874125418546,0.00872859424586,-0.999923698148,0.0,0.658605426362,0.256872634193,0.303338715086,1.0,-0.0112,-0.01472,0.561
0.462611796668,0.52974237527,-0.124035727094,-1.38425763856,0.0780880536002,1.90449852448,0.155641877039,-0.0093218800936,-0.0565305314957,0.0011142901384,-0.0997950763926,-0.0061269220509,0.0400258830842,-0.0224211229983,0.574166453099,0.818724143095,0.00209965508037,0.0,0.818679925757,-0.574104215662,-0.0121768477974,0.0,-0.00876422718394,0.00871065068207,-0.999923653529,0.0,0.658373048861,0.256577838894,0.303330588853,1.0,-0.0116,-0.0152457142857,0.581
0.462506107577,0.528911647864,-0.124042878038,-1.38552190936,0.078009625006,1.90497431765,0.155473701456,-0.0108951045846,-0.0663229979598,-0.000207297526678,-0.0989615362911,-0.00721673365603,0.0421305609297,-0.0150406005777,0.574167882616,0.818723054839,0.00213282632064,0.0,0.818679328444,-0.574105556026,-0.0121537903273,0.0,-0.00872628891206,0.00872458485317,-0.999923863852,0.0,0.658227258319,0.256384529699,0.303355337748,1.0,-0.01186,-0.0155874285714,0.594
0.462336317776,0.527537664286,-0.124043335205,-1.38766335622,0.0778760437897,1.90579488218,0.155167906866,-0.01031931232,-0.066214194972,0.000112086855934,-0.102016390703,-0.0111873344,0.0355083436841,-0.0122778152402,0.574137075711,0.818744549347,0.00217442190847,0.0,0.818701421066,-0.574074626733,-0.0121265405978,0.0,-0.00868042569652,0.00874266718722,-0.99992410511,0.0,0.657976749819,0.256070415913,0.303374508906,1.0,-0.01228,-0.0161394285714,0.615
0.462223804279,0.526653519637,-0.124048886164,-1.38902157117,0.0778003632885,1.90630849443,0.154998646455,-0.00902435401005,-0.0704883352323,-0.00242647236542,-0.108219658926,-0.00529218306694,0.0411681925261,-0.0103514108242,0.574147654228,0.818737036161,0.00220990117748,0.0,0.818694345896,-0.574085025243,-0.0121119235203,0.0,-0.00864797569233,0.00876343479967,-0.999924204491,0.0,0.6578183626,0.255866136897,0.303394964574,1.0,-0.01254,-0.0164811428571,0.628
0.462027863016,0.525190786686,-0.12404918327,-1.39128387853,0.0776557752146,1.90712730647,0.154681746816,-0.0156017648738,-0.0694635426845,-0.000189889591841,-0.112201950627,0.000232763507204,0.0401849362582,-0.014344283034,0.57413168481,0.818748199178,0.00222300276028,0.0,0.818705692896,-0.574069014816,-0.012103782392,0.0,-0.00863395926262,0.00876931882902,-0.99992427403,0.0,0.657547393941,0.255519949177,0.303418149663,1.0,-0.01296,-0.0170331428571,0.649
0.461918040612,0.524361329554,-0.124047507678,-1.39261322853,0.077564488096,1.90760212968,0.154497565572,-0.0134880938775,-0.0691968063923,-4.93836350887e-05,-0.108341125027,-0.00368678060385,0.0401280319375,-0.0154777429196,0.574116398927,0.818758990412,0.00219613390355,0.0,0.818716166781,-0.57405388017,-0.0121131256858,0.0,-0.00865719804641,0.00875252294291,-0.999924220261,0.0,0.657384261515,0.255319292689,0.303409819592,1.0,-0.0132,-0.0173485714286,0.661
0.461712730899,0.522794556453,-0.124055664648,-1.39509996866,0.0774166701257,1.90854438574,0.154175047272,-0.00865380524038,-0.0751412697394,-0.000425429652014,-0.117118099103,-0.00771421982764,0.0515919870916,-0.0151587921586,0.574120045258,0.818756389265,0.00221259401209,0.0,0.818713786934,-0.574057461791,-0.0121042367161,0.0,-0.00864043140098,0.00876093482898,-0.999924291617,0.0,0.657090761077,0.254945004434,0.303409561432,1.0,-0.01364,-0.0179268571429,0.683
0.461592109832,0.521926696599,-0.124053161964,-1.39648373174,0.0773335189033,1.90908814313,0.153986171805,-0.00666559966626,-0.0749364844825,8.77222213568e-05,-0.11519786604,-0.00172508664456,0.0435778967367,-0.0166390882203,0.574114304583,0.818760353073,0.00223526531961,0.0,0.818718053104,-0.574051631486,-0.0120921797501,0.0,-0.00861760557372,0.00877251433686,-0.999924387075,0.0,0.656930828351,0.254737777391,0.303407845595,1.0,-0.01388,-0.0182422857143,0.695
0.46137232118,0.520288535497,-0.124064190707,-1.39909973825,0.0771706179523,1.91005952423,0.153631710847,-0.00512384699757,-0.0782504654996,0.000356991480925,-0.123115438069,-0.00940942543155,0.0399160317833,-0.0157403916874,0.574107671837,0.818765036351,0.00222335052477,0.0,0.818722625145,-0.574045095437,-0.0120929062675,0.0,-0.00862511143562,0.00876310635817,-0.999924404853,0.0,0.656617976306,0.2543375701,0.303397946815,1.0,-0.01432,-0.0188205714286,0.717
0.461256181776,0.519357940449,-0.1240683617,-1.40055387005,0.0770788903022,1.91057499946,0.153432007399,-0.00335869656455,-0.0802846854191,-0.000342217983399,-0.118532753945,-0.0118167116745,0.0405036835604,-0.0162296997311,0.574094717619,0.81877414367,0.0022144438458,0.0,0.818731607228,-0.574032171841,-0.0120982609554,0.0,-0.00863474748906,0.00875875150895,-0.999924359843,0.0,0.656437281149,0.254118685516,0.303404017182,1.0,-0.01456,-0.019136,0.729
0.461035743616,0.517692966447,-0.124077608904,-1.4031691362,0.0769136280756,1.91150785679,0.153072342433,-0.0111612486086,-0.0844140462582,-0.00101259586853,-0.128728945944,-0.00605548159281,0.050573326682,-0.0109278012916,0.574081310429,0.81878359665,0.0021949427712,0.0,0.818740805654,-0.574018850053,-0.0121078421804,0.0,-0.00865393065765,0.00874814354712,-0.999924286868,0.0,0.656115648676,0.253716704438,0.30340889869,1.0,-0.01498,-0.019688,0.75
0.460911561756,0.516742939995,-0.124080433651,-1.40466802022,0.0768181316076,1.9120584946,0.152865668465,-0.0118996942463,-0.0784351645439,-0.000297059425085,-0.125932123603,-0.00863799715428,0.047955914165,-0.0168819641566,0.574069336974,0.818791996348,0.00219316300087,0.0,0.818749200632,-0.574006904513,-0.0121064833128,0.0,-0.00865396755092,0.00874577968565,-0.999924307227,0.0,0.65593279546,0.253490104043,0.303409768755,1.0,-0.01522,-0.0200034285714,0.762
0.460685288129,0.515053521869,-0.124087612951,-1.4073592742,0.076647114377,1.91308114302,0.152496328969,-0.0092706547179,-0.0807605067241,0.000215543855125,-0.128642483019,-0.00820763657036,0.0493378285434,-0.0127339388411,0.574053453723,0.818803106288,0.00220279444824,0.0,0.818760524164,-0.573991070909,-0.0120913807803,0.0,-0.00863624207234,0.00874482839935,-0.999924468797,0.0,0.655611157897,0.253082038878,0.303402391107,1.0,-0.01564,-0.0205554285714,0.783
0.460541602371,0.513993088316,-0.124093651356,-1.40908974653,0.0765435525845,1.91368580308,0.15226714643,-0.00994441702641,-0.0803152137345,-0.00245640775893,-0.129739234396,-0.0114424995994,0.0477707984636,-0.021382577204,0.574050766652,0.81880513892,0.00214678505772,0.0,0.818761735097,-0.573988534624,-0.0121297222639,0.0,-0.00869981641232,0.00872094972891,-0.999924126237,0.0,0.655391932137,0.252817210341,0.303374682071,1.0,-0.0159,-0.0208971428571,0.796
0.460318159967,0.512325561632,-0.124090769488,-1.41177335919,0.076382379406,1.91462373189,0.151879108346,-0.0108743498717,-0.0906816458347,0.000727880988192,-0.136788747711,-0.00940688173593,0.0473549609092,-0.0209366154868,0.57401103363,0.818833157447,0.00208337152612,0.0,0.818788732267,-0.573948893579,-0.0121830362837,0.0,-0.00878029433299,0.00869920586732,-0.999923612207,0.0,0.655048997661,0.252413568888,0.303346928759,1.0,-0.0163,-0.0214228571429,0.816
0.460167123752,0.51122366128,-0.124096799815,-1.41353901882,0.0762695576924,1.91530537665,0.151632049012,-0.0175556391316,-0.0859330104328,-0.000751757624268,-0.139593028075,-0.00582232150435,0.0533127425029,-0.0143446885612,0.573998848097,0.818841677014,0.00209219239447,0.0,0.818797448925,-0.573936751595,-0.0121692113158,0.0,-0.00876404003007,0.00869836254318,-0.99992376214,0.0,0.654838904276,0.252144064677,0.303337502435,1.0,-0.01656,-0.0217645714286,0.829
0.459926868026,0.509405387982,-0.124095404023,-1.41644249682,0.076090044835,1.91637830123,0.151231087022,-0.00334169995025,-0.0837682686237,-0.00154676049798,-0.141186285907,-0.0112104353086,0.0459615693612,-0.0181397288931,0.57396928406,0.818862432476,0.00207955207177,0.0,0.818817984312,-0.573907193087,-0.0121815102397,0.0,-0.00878168028824,0.00869475474767,-0.99992363875,0.0,0.654477888862,0.25171074431,0.303321286211,1.0,-0.01698,-0.0223165714286,0.85
0.459759950889,0.50825542764,-0.124103564105,-1.4182514208,0.0759756060856,1.91702483704,0.150967687894,-0.0114530756204,-0.0907439085105,-0.0020369317409,-0.1409856916,-0.0142733496003,0.0464015242264,-0.0119385780541,0.573959066826,0.818869628945,0.00206574478857,0.0,0.81882500106,-0.57389703946,-0.012188217255,0.0,-0.00879520545766,0.00868718853597,-0.999923585639,0.0,0.654254818249,0.251422638502,0.30332114653,1.0,-0.01724,-0.0226582857143,0.863
0.459499371948,0.506432011947,-0.124106354531,-1.42111264483,0.0758024803755,1.91806466762,0.150588572893,-0.0112548092818,-0.0932791082293,-0.000283687945884,-0.144662380915,-0.0120374529172,0.0560557686751,-0.0163366429233,0.573963215068,0.818866691659,0.00207748452109,0.0,0.818822176246,-0.573901094272,-0.0121870661591,0.0,-0.00878748109297,0.00869618550011,-0.999923575347,0.0,0.653885090594,0.250953324977,0.303331328978,1.0,-0.01766,-0.0232102857143,0.884
0.459322928377,0.505121394464,-0.124112834017,-1.4231272167,0.0756751893396,1.91884130348,0.150305737803,-0.0131995598936,-0.0917007808892,9.62457776086e-05,-0.144237808475,-0.00300481055262,0.0567502880294,-0.0208628270106,0.573952750466,0.818873904011,0.00212519714347,0.0,0.81883005625,-0.573890463582,-0.0121581944779,0.0,-0.00873656600999,0.00871857231738,-0.999923826554,0.0,0.653659839732,0.250668829318,0.303349281498,1.0,-0.01792,-0.023552,0.897
0.459049941669,0.503154550938,-0.12412520051,-1.42605886728,0.0754919815823,1.91995625657,0.149895251404,-0.0124167471241,-0.103539371388,-0.000827069619015,-0.143984592077,-0.00942000605474,0.0601469179269,-0.0181843399761,0.573950405312,0.818875217353,0.0022488992331,0.0,0.818833107551,-0.573887707929,-0.0120825314898,0.0,-0.00860363562031,0.0087764159666,-0.999924473136,0.0,0.653311081732,0.250207292922,0.303424738588,1.0,-0.01832,-0.0240777142857,0.917
0.458870646202,0.501859878547,-0.124130885085,-1.42797471385,0.075362233078,1.92065036334,0.149633083293,-0.0102832635121,-0.0994013267023,0.000477809894475,-0.149989196269,-0.00802840641448,0.0616009527253,-0.019874669185,0.573949413593,0.818875756106,0.00230512480851,0.0,0.818834482134,-0.57388658477,-0.0120426571736,0.0,-0.0085387241916,0.00879956112051,-0.999924826131,0.0,0.653075903162,0.249902811247,0.303476970178,1.0,-0.01858,-0.0244194285714,0.93
0.458573573337,0.499733651782,-0.124129865691,-1.4311808678,0.0751585105563,1.92179053767,0.14918856409,-0.0142446793659,-0.100749421639,0.000547672704248,-0.150625633313,-0.0136349148567,0.0572224299632,-0.0193332640633,0.573936170456,0.818884891616,0.00235657100816,0.0,0.818844239028,-0.573873079014,-0.0120228239365,0.0,-0.00849309973427,0.00883016813017,-0.999924944877,0.0,0.652671703753,0.249401700681,0.303533240094,1.0,-0.019,-0.0249714285714,0.951
0.458389895348,0.498471294768,-0.124130663706,-1.43318941868,0.0750344165795,1.92254133153,0.14889326203,-0.0166958254542,-0.0855880464194,0.00101830822055,-0.156226557962,-0.00759915660127,0.0528273206764,-0.0181430977302,0.573914158466,0.818900311961,0.0023589579894,0.0,0.818859666017,-0.573851034595,-0.0120243239327,0.0,-0.00849319565718,0.00883275536024,-0.999924921212,0.0,0.652422572698,0.249090670659,0.303522751898,1.0,-0.01926,-0.0253131428571,0.964
0.458076599191,0.49647254827,-0.124135462308,-1.43633648887,0.0748369690364,1.9236745086,0.14842693541,-0.0137264179889,-0.0991457673625,-0.000524080284396,-0.159934602832,-0.0112749536145,0.0615945262771,-0.0284016465553,0.57389832765,0.818911449729,0.00234391215265,0.0,0.818870546529,-0.573835204603,-0.0120388074981,0.0,-0.00851386190985,0.00882858209309,-0.999924782318,0.0,0.652030012106,0.248581714902,0.303516420946,1.0,-0.01966,-0.0258388571429,0.984
0.457875693625,0.49521367382,-0.124135567644,-1.43841939362,0.0747115540061,1.92438058331,0.14813564357,-0.0144457015567,-0.0906191716729,0.0014403202591,-0.159461693728,-0.0024064752837,0.0546356221785,-0.0218396768294,0.573895510284,0.818913698481,0.00224602281836,0.0,0.818871315862,-0.573832592465,-0.0121107714252,0.0,-0.00862900165767,0.00878969023649,-0.99992413796,0.0,0.65175616887,0.24824807804,0.303463383743,1.0,-0.01992,-0.0261805714286,0.997
0.457495624319,0.492549213075,-0.124199082283,-1.44242605205,0.0744849649105,1.92583296151,0.147565025547,-0.0178994424219,-0.172171108487,-0.00485283686009,-0.232164727758,-0.00724654729079,0.0846715956596,-0.040471507375,0.573925587177,0.81889235548,0.00234038902097,0.0,0.818851229769,-0.573862292274,-0.0120615054127,0.0,-0.00853417787904,0.00883900718247,-0.999924517031,0.0,0.651264411601,0.247585266344,0.303539028181,1.0,-0.0355228571429,-0.0466871836735,1.018
0.457210374528,0.490054090253,-0.124258707824,-1.44629780199,0.0742899347273,1.92736134933,0.146962771913,-0.0225550849296,-0.203626014245,-0.0058506690944,-0.331607593222,-0.0154924037148,0.129478550521,-0.0563487782926,0.573851584172,0.818943815207,0.00247664643027,0.0,0.818904439332,-0.57378771131,-0.0119970201873,0.0,-0.00840397799898,0.0089128173956,-0.999924964605,0.0,0.650787538145,0.247010369864,0.303566212147,1.0,-0.0474085714286,-0.0623084081633,1.031
0.456403081702,0.484379531599,-0.124331350352,-1.45523987195,0.0737890547839,1.93077034773,0.145599109308,-0.0441733063533,-0.308348468219,-0.0146315110281,-0.477828454157,-0.0289374476636,0.178234943286,-0.0726896015455,0.573758635669,0.819008542324,0.00260432265104,0.0,0.818970667814,-0.573694093131,-0.0119532283816,0.0,-0.00829587135263,0.0089913049793,-0.999925164676,0.0,0.649674527578,0.245607899134,0.303549956975,1.0,-0.0666085714286,-0.0875426938775,1.052
0.455721396219,0.479889875098,-0.124463034356,-1.46246633534,0.0733706025937,1.93324799806,0.144510819898,-0.0572110644176,-0.364976501776,-0.0140362801979,-0.587718828939,-0.0341985805565,0.193830005734,-0.0830190940005,0.573762162479,0.819006760471,0.00237783760282,0.0,0.818965692285,-0.573698284433,-0.0120921544587,0.0,-0.00853955930994,0.00888555918435,-0.999924058499,0.0,0.648730940115,0.244392123241,0.303443103567,1.0,-0.0784942857143,-0.103163918367,1.065
0.45432028077,0.470950856596,-0.12466866181,-1.47655558342,0.0725188121229,1.93815161872,0.14246232079,-0.0700174352765,-0.458347868244,-0.00459953034734,-0.706108601336,-0.0393356701766,0.250070514769,-0.102520331124,0.573830634298,0.818959413259,0.00215162187453,0.0,0.818915150141,-0.573767486016,-0.0122309346214,0.0,-0.00878227745341,0.00878064977701,-0.999922882923,0.0,0.646892350378,0.242009735664,0.303353805497,1.0,-0.0976942857143,-0.128398204082,1.086
0.453371122102,0.464908711511,-0.124770950593,-1.48563861144,0.0719736148121,1.94157856899,0.140987933696,-0.0837026601007,-0.50949399293,-0.00915372820423,-0.771095567843,-0.0428363375485,0.288537942998,-0.1346349866,0.573759753999,0.819008158009,0.0024756227856,0.0,0.818968363701,-0.57369546816,-0.012044748655,0.0,-0.00844465642248,0.00893842085946,-0.999924393347,0.0,0.645753402879,0.240485827391,0.303500119249,1.0,-0.108665714286,-0.142817795918,1.098
0.451449444904,0.453709718174,-0.124944199683,-1.50317430631,0.0708718660166,1.94767537803,0.138263480793,-0.106459628447,-0.604151622866,-0.0112338977837,-0.924737556127,-0.0539493258571,0.315966411522,-0.146054848749,0.57374456234,0.819019425451,0.00225938474724,0.0,0.818976331336,-0.573680704136,-0.0122051348176,0.0,-0.00870024457986,0.00885318281683,-0.999922960482,0.0,0.643415056659,0.237459406036,0.303393982287,1.0,-0.126951428571,-0.16685044898,1.118
0.449874855206,0.444686233895,-0.125090542344,-1.51672461806,0.0699105060172,1.95257938506,0.13614898557,-0.113597771228,-0.661437883389,-0.00818577886284,-0.994905522341,-0.0734080801691,0.348700897643,-0.159858143124,0.573759524386,0.819008216017,0.00250941725518,0.0,0.818969478757,-0.573695757663,-0.0119548067688,0.0,-0.00835160372532,0.00891449201887,-0.99992538849,0.0,0.64164860727,0.235062047329,0.303560043263,1.0,-0.139751428571,-0.183673306122,1.132
0.447302864599,0.43056053502,-0.125271256639,-1.53823861881,0.0685170401543,1.9599989487,0.132665752682,-0.133906915178,-0.744516337947,-0.012431584931,-1.11369059438,-0.0724529126695,0.383924617879,-0.179707502975,0.573712394632,0.819041160634,0.00253225853968,0.0,0.819002173294,-0.573647957662,-0.012008651521,0.0,-0.00838311634084,0.00896361004504,-0.999924685692,0.0,0.638696283147,0.231247410238,0.303614350591,1.0,-0.158037142857,-0.207705959184,1.152
0.445398244315,0.420594831969,-0.125401115067,-1.55334694637,0.0674540825153,1.96515002621,0.130147942752,-0.148521144797,-0.765570528919,-0.0158333538044,-1.17647485623,-0.0866406544242,0.401432566026,-0.19732116083,0.57365585524,0.819080861047,0.00249994336229,0.0,0.819041590445,-0.573591703253,-0.0120074135673,0.0,-0.00840125762267,0.00893585272949,-0.999924781874,0.0,0.636590037251,0.228498132496,0.303649314357,1.0,-0.169922857143,-0.223327183673,1.165
0.441890672903,0.403193997155,-0.125605051137,-1.57943613655,0.0656269475232,1.97427550968,0.125785316707,-0.174020462742,-0.823280936496,-0.00844133765719,-1.28881543482,-0.082093105089,0.43408363601,-0.219670000215,0.573672932273,0.819067884848,0.00281312805619,0.0,0.81903311414,-0.573608039359,-0.0118034751673,0.0,-0.00805436964189,0.00907555397508,-0.999926378015,0.0,0.632952094375,0.223664254853,0.303800369186,1.0,-0.189122857143,-0.248561469388,1.186
0.439459687255,0.391517263781,-0.125747936871,-1.59656097206,0.064482768558,1.98019055837,0.12283944325,-0.190340010163,-0.892897679132,-0.00670766295467,-1.33816005452,-0.0917243877458,0.458776334872,-0.226283265498,0.573717728675,0.819035018407,0.00321765893806,0.0,0.81900526943,-0.573651167269,-0.0116384637127,0.0,-0.00768664352714,0.0093126518894,-0.999927092355,0.0,0.630516446499,0.220428512394,0.304022101557,1.0,-0.201008571429,-0.264182693878,1.199
0.435072438475,0.371676822,-0.125979229267,-1.62611498101,0.0622344281943,1.99004401143,0.117539570604,-0.226375558542,-0.981045980866,-0.0119128657629,-1.44667621662,-0.101012858193,0.47759471807,-0.254440823249,0.573618320955,0.819104585851,0.00323205882759,0.0,0.819075579808,-0.573552402771,-0.0115577999492,0.0,-0.00761343841654,0.00927724487467,-0.999927981548,0.0,0.626158137274,0.214701821506,0.304087585024,1.0,-0.220208571429,-0.289416979592,1.22
0.432035768934,0.358675129231,-0.126137088297,-1.64528524086,0.0607401622486,1.99642407531,0.114109454071,-0.239828770789,-1.01842043431,-0.00970088575318,-1.50131250506,-0.115131518007,0.498385216533,-0.279860109074,0.573672396133,0.819066301324,0.00333509390403,0.0,0.819039171558,-0.573606827812,-0.0114363211731,0.0,-0.00745421616601,0.00929245322705,-0.99992903997,0.0,0.623290165289,0.210885603957,0.304162748963,1.0,-0.232094285714,-0.305038204082,1.233
0.426835734781,0.337759479306,-0.126416638271,-1.67612403978,0.0584188208099,2.0063624624,0.108256248575,-0.26762102314,-1.06506265192,-0.00821612679051,-1.58100123806,-0.112814707429,0.501432356767,-0.290066051965,0.57372708658,0.819028095422,0.00330997506312,0.0,0.819000080873,-0.573660891068,-0.0115237359806,0.0,-0.00753960544902,0.00932252880264,-0.99992811982,0.0,0.618534114323,0.20457855921,0.30416574773,1.0,-0.25038,-0.329070857143,1.253
0.423187356947,0.323506227117,-0.126565756237,-1.69699944551,0.0567436878893,2.01310326117,0.104175881465,-0.287290664347,-1.12268324667,-0.0110062779278,-1.59950289164,-0.140573313201,0.53148021389,-0.325170928315,0.573661252225,0.819074054245,0.00334787396269,0.0,0.819046677317,-0.573595133509,-0.011485211888,0.0,-0.00748705900142,0.00933086572701,-0.999928436886,0.0,0.615241325937,0.200278418996,0.30416517406,1.0,-0.262265714286,-0.344692081633,1.266
0.416794007586,0.299459785233,-0.12677339577,-1.73188806252,0.0538396400423,2.02394130997,0.0971168727516,-0.313622986435,-1.16156519488,-0.00693492266824,-1.70031446324,-0.136652033022,0.503224230116,-0.337102528016,0.573442872213,0.819227367319,0.00324651260462,0.0,0.819198543348,-0.573376925979,-0.01154964212,0.0,-0.00760045382238,0.00928277706924,-0.999928028986,0.0,0.609529763025,0.192973510384,0.304151335262,1.0,-0.281465714286,-0.369926367347,1.287
0.412381431731,0.283906716501,-0.126959471178,-1.75409853183,0.0519723347837,2.03076456058,0.0924783761975,-0.345630105234,-1.20702409681,-0.0142017075075,-1.73815212124,-0.155955094136,0.534393203778,-0.353366483134,0.573446242368,0.819224667472,0.00333139923728,0.0,0.819196932837,-0.573380022433,-0.0115100828151,0.0,-0.00751933076778,0.00932966540185,-0.999928205927,0.0,0.605841449546,0.188132725365,0.304212142178,1.0,-0.293351428571,-0.385547591837,1.3
0.404984186304,0.259172132077,-0.127298037718,-1.78923708547,0.0489354721653,2.04124767815,0.0848140706343,-0.403130094721,-1.24336447688,-0.0211691827506,-1.77249949491,-0.156438942937,0.517988698928,-0.396920379887,0.573438472835,0.819230239332,0.003298444923,0.0,0.819201826872,-0.573372044978,-0.0115590565426,0.0,-0.00757843845551,0.00933067948245,-0.999927750235,0.0,0.59954097947,0.179850067775,0.304223214135,1.0,-0.312551428571,-0.410781877551,1.321
0.399275651038,0.241245068039,-0.12760520011,-1.81436540261,0.0466309872985,2.0486529043,0.0790955164601,-0.416430317233,-1.29485056542,-0.0218831456028,-1.82596467951,-0.170260445048,0.528351669506,-0.419480070504,0.573521077359,0.819172105902,0.00337366826975,0.0,0.819145289358,-0.57345518463,-0.0114408498426,0.0,-0.00743752069372,0.00932527253907,-0.999928858758,0.0,0.595479908099,0.17440945363,0.304280959181,1.0,-0.324437142857,-0.426403102041,1.334
0.390541028276,0.214789978612,-0.127904644754,-1.85086752618,0.0433242857504,2.05914865513,0.070324468518,-0.456363844486,-1.35531227089,-0.0171526330982,-1.82937620279,-0.182614783321,0.54335391915,-0.445969874667,0.573415201302,0.819244852336,0.00369130582037,0.0,0.81922184273,-0.573348054234,-0.0113281949932,0.0,-0.00716430035971,0.009519940857,-0.999929019244,0.0,0.588929364898,0.165853111586,0.304424512232,1.0,-0.342722857143,-0.450435755102,1.354
0.384383268276,0.197134788416,-0.128173409476,-1.87515473549,0.0409823302425,2.06571815144,0.0642472774253,-0.481897846763,-1.3640307126,-0.0208191105387,-1.84435887932,-0.165501253389,0.496347803147,-0.473999176141,0.573362414779,0.819282334802,0.0035698881103,0.0,0.819257530645,-0.573295311433,-0.0114162722308,0.0,-0.00730669072847,0.00947050146847,-0.999928458377,0.0,0.584413662961,0.159968960239,0.304408728863,1.0,-0.354608571429,-0.466056979592,1.367
0.37395903706,0.169046531121,-0.128742266231,-1.91323897871,0.0372866892616,2.07587150548,0.0542685402784,-0.535042169059,-1.40897074663,-0.0266114593259,-1.91563550386,-0.170989601244,0.488291676775,-0.507639662788,0.573540289813,0.819157585086,0.00362403895419,0.0,0.819133104567,-0.573472518261,-0.0114444180086,0.0,-0.00729663555612,0.00953258863286,-0.999927941836,0.0,0.577214499834,0.150370285087,0.3044352096,1.0,-0.372894285714,-0.490089632653,1.387
0.366705909455,0.150293235173,-0.129062722352,-1.93827526765,0.0346671478127,2.08231681437,0.0473576275458,-0.564544725564,-1.44629388119,-0.0197977558751,-1.93837127205,-0.20908647049,0.506484242713,-0.542493346109,0.573503065226,0.81918350675,0.00365559110939,0.0,0.819159840999,-0.57343574455,-0.0113731555676,0.0,-0.00722059386991,0.00951723624753,-0.999928640073,0.0,0.57233544735,0.143947046616,0.304477873411,1.0,-0.38478,-0.505710857143,1.4
