position_joint1,position_joint2,position_joint3,position_joint4,position_joint5,position_joint6,position_joint7,velocity_joint1,velocity_joint2,velocity_joint3,velocity_joint4,velocity_joint5,velocity_joint6,velocity_joint7,ee_T_00,ee_T_10,ee_T_20,ee_T_30,ee_T_01,ee_T_11,ee_T_21,ee_T_31,ee_T_02,ee_T_12,ee_T_22,ee_T_32,ee_T_03,ee_T_13,ee_T_23,ee_T_33,v_x,v_y,time
0.465091405521,0.547629049054,-0.123954012673,-1.35576775935,0.0794315230052,1.89408727413,0.159166089294,7.42030536289e-05,0.000709979953567,-0.00320024552605,0.000337941047125,0.000272700971367,-0.000269860910489,-0.00131740612912,0.573750705931,0.819015567036,0.00209172111097,0.0,0.818974762339,-0.573692064258,-0.0117686431114,0.0,-0.00843886058337,0.00846549707982,-0.999928557944,0.0,0.661684729547,0.260919952512,0.303350786529,1.0,0.0,0.0,0.0
0.465087807474,0.547622832422,-0.12395158594,-1.35576274782,0.079430797257,1.89408876075,0.159164072005,-0.000407625469378,-0.00154512924908,0.000677196291374,0.00152442433872,5.2419479789e-06,5.26476548984e-05,-0.000580234820129,0.573749837228,0.819016147363,0.00210274585405,0.0,0.818975487399,-0.57369115427,-0.0117625445022,0.0,-0.00842754944165,0.00847101839755,-0.99992860658,0.0,0.661686762292,0.260919638215,0.303357623561,1.0,-0.00022,-0.000289142857143,0.012
0.465082598081,0.547627088053,-0.123954337126,-1.35577590781,0.0794325834147,1.89409162013,0.159161462489,-0.000633128842214,0.00274565115249,-0.000670393228902,-0.00155529479868,0.00018764648904,-5.8493287669e-05,-0.00113834507479,0.573755109285,0.819012484609,0.00209081918299,0.0,0.818971657615,-0.573696459983,-0.0117704174708,0.0,-0.00844078580518,0.00846582180766,-0.999928538945,0.0,0.661686093148,0.260913462347,0.303348687473,1.0,-0.00056,-0.000736,0.029
0.4650843476,0.547597684179,-0.12394982894,-1.35579433724,0.0794274540166,1.89409555507,0.159166946892,0.000816479869691,-0.00710571739365,0.000941034170128,-0.00506725768433,1.3048364496e-05,2.28546137112e-06,0.000320546896544,0.573754638712,0.819012783253,0.00210293257446,0.0,0.81897212407,-0.573695952792,-0.0117626802735,0.0,-0.0084275038579,0.00847129862662,-0.99992860459,0.0,0.661682227318,0.260914865737,0.303360928757,1.0,-0.0009,-0.00118285714286,0.046
0.465081807296,0.547493078102,-0.123949413155,-1.35589792052,0.0794270921857,1.89411405129,0.159162812985,-0.00223248628515,-0.0114170322522,0.00165209777036,-0.0071918028967,-0.000160185548428,-0.000135420697249,-0.00111272185223,0.573758540666,0.819009993674,0.00212465933799,0.0,0.81896953733,-0.573699690056,-0.0117605041151,0.0,-0.00841321597768,0.00848788437165,-0.999928584258,0.0,0.66166552236,0.260903703622,0.303387320026,1.0,-0.00122,-0.00160342857143,0.062
0.465069462984,0.547360374415,-0.123949829273,-1.35607176772,0.0794261938767,1.89415570816,0.159160012657,0.00033577494077,-0.0118620559412,-1.64234425489e-05,-0.0138399042921,0.00011854194151,-0.000903940056731,-0.000255549910104,0.57377501235,0.818998432496,0.00213299636175,0.0,0.818957975641,-0.573716017579,-0.0117691209596,0.0,-0.00841531946057,0.0084998255544,-0.999928465123,0.0,0.661637860311,0.260878779682,0.303405245492,1.0,-0.00158,-0.00207657142857,0.08
0.465053272684,0.547195165014,-0.123951971896,-1.35630096342,0.0794189158132,1.89425323381,0.159145748476,-0.00187028131569,-0.0138446180211,0.00139477551358,-0.0167298645957,3.86470856548e-05,0.00566134148098,0.0011792033528,0.573794037933,0.818985034567,0.0021591871624,0.0,0.81894486669,-0.573734887662,-0.01176141586,0.0,-0.00839378417696,0.00851704952059,-0.999928499571,0.0,0.661616476167,0.260851442758,0.303417698367,1.0,-0.0019,-0.00249714285714,0.096
0.465035686763,0.547029204962,-0.123951998059,-1.35648713505,0.0794179723631,1.89436348331,0.159139609886,-0.00196563413622,-0.00964446922972,0.000545402895409,-0.0104008780413,-7.55751158541e-05,0.00761910724763,-0.000826305709818,0.57380271955,0.818978734453,0.00224019029403,0.0,0.818939609645,-0.573743250784,-0.011719421246,0.0,-0.00831282276646,0.00855938114202,-0.999928814452,0.0,0.661602615141,0.260824472903,0.303453049836,1.0,-0.00224,-0.002944,0.113
0.46500732399,0.546809219986,-0.123951261584,-1.35676255086,0.079408508508,1.89449893452,0.159126899782,-0.00307297259278,-0.0111073798397,0.00370690389861,-0.018263350553,-0.000389291649288,0.0109043506447,0.000956894302019,0.573835077848,0.818955850646,0.00231625230995,0.0,0.818917684532,-0.573775292947,-0.0116827250789,0.0,-0.0082387863293,0.00860094302836,-0.999929070574,0.0,0.661582979571,0.26078286036,0.303493624357,1.0,-0.00258,-0.00339085714286,0.13
0.4649657549,0.546556159722,-0.123951999155,-1.35713239833,0.0793998878662,1.89463959915,0.159092676002,-0.00353643723818,-0.0150951761029,-0.000890469747307,-0.0217430687612,-0.00351319344118,0.00669962019026,-0.00106201195621,0.573860008003,0.818938303021,0.00234392003577,0.0,0.818900385417,-0.573800003025,-0.0116817033234,0.0,-0.00822181126775,0.00862326540789,-0.999929018037,0.0,0.661544362375,0.260722512846,0.303509030951,1.0,-0.00294,-0.003864,0.148
0.464933107507,0.546298424487,-0.123952077209,-1.35751582374,0.0793835521106,1.89477819942,0.158970028832,3.48697990066e-05,-0.0191816006442,0.00594459562056,-0.0288878299716,-0.000284556774854,0.0106091658097,-0.00140944269189,0.573803425874,0.818977903697,0.00235979076212,0.0,0.818940120612,-0.57374329489,-0.011681494867,0.0,-0.00821313017933,0.00863557536694,-0.999928983144,0.0,0.661500270819,0.260665508244,0.303521054528,1.0,-0.00326,-0.00428457142857,0.164
0.464892595174,0.546028604786,-0.123948013965,-1.35795465268,0.0793671157857,1.89493847627,0.158931876957,-0.00200382433929,-0.0174753994903,0.000665182532125,-0.030843836083,4.5031369044e-05,0.0160976050973,-0.00157437315919,0.57382270222,0.818964402202,0.00235822922821,0.0,0.81892648689,-0.573762456891,-0.0116961118635,0.0,-0.00822579423648,0.00864287729426,-0.999928815957,0.0,0.66144918308,0.260600736015,0.303516994134,1.0,-0.00358,-0.00470514285714,0.18
0.464841274157,0.545692471017,-0.123952825729,-1.35851921362,0.0793084958112,1.895133516,0.158886050302,-0.000365455204134,-0.016332570968,-2.42542227735e-05,-0.0322321431715,-0.0034472274348,0.0145772609038,-0.00481459584943,0.573846514557,0.818947842416,0.00231431071188,0.0,0.818909573203,-0.573786654093,-0.0116933059217,0.0,-0.00824844586356,0.00860553972746,-0.999928951389,0.0,0.661385087388,0.260505150029,0.303503255038,1.0,-0.00394,-0.00517828571429,0.198
0.464783451882,0.545375804161,-0.12395018317,-1.35905221604,0.0792186384105,1.89530542297,0.158797660979,-0.00325349939682,-0.0238232139221,0.00112597803562,-0.039073185721,-0.00164168121411,0.0100487316662,-0.0111477745444,0.573825410016,0.818962821513,0.00224559584075,0.0,0.818924114442,-0.573766276645,-0.0116748220946,0.0,-0.00827295735891,0.00853844655214,-0.999929324056,0.0,0.661324786609,0.260406445088,0.303488418068,1.0,-0.00424,-0.00557257142857,0.213
0.46472406095,0.544956235238,-0.12395527731,-1.35977860833,0.0792133052161,1.89553478079,0.158693835834,-0.00243271451224,-0.0238199495989,-0.00115920188648,-0.0386776941946,0.000110654685514,0.00780643076991,-0.00315208174835,0.573831530427,0.818958657532,0.0021997368869,0.0,0.818918981487,-0.573772184627,-0.0117443096638,0.0,-0.00835611711786,0.00854082591651,-0.999928612252,0.0,0.661231604912,0.260298208601,0.30345975021,1.0,-0.0046,-0.00604571428571,0.231
0.464654261387,0.544536966625,-0.12395839074,-1.36048890355,0.0791930143575,1.8957847225,0.158646770842,-0.00210392888745,-0.0221193613746,0.000600395667729,-0.0438001184561,-0.00307819262047,0.0109512339082,-0.00348633907618,0.573886528715,0.818920184123,0.00217510831615,0.0,0.818879983048,-0.573827061726,-0.0117823382641,0.0,-0.00840082034849,0.00854304234765,-0.999928218746,0.0,0.661149225305,0.260185126972,0.303440190622,1.0,-0.00494,-0.00649257142857,0.248
0.464585863436,0.544098666261,-0.123959301985,-1.36119559066,0.0791681835658,1.89603801604,0.158530499476,-0.00690427096868,-0.0301224223266,-0.00102086214023,-0.0429719566503,-0.0004780138146,0.0146391233962,-0.00836821957932,0.573880718143,0.818924264909,0.00217177080665,0.0,0.81888384674,-0.573821088303,-0.0118047053213,0.0,-0.00842111387243,0.00855308547303,-0.99992796219,0.0,0.661068142213,0.260074426051,0.303435986377,1.0,-0.00526,-0.00691314285714,0.264
0.46451634571,0.543606483861,-0.123964530339,-1.3620201826,0.0791284672508,1.89632692455,0.158433283813,-0.00748265834878,-0.0320621078887,-0.000752545762241,-0.0508236527021,-0.00120685442076,0.00971947586182,-0.00860697937478,0.573897008476,0.818912937265,0.00213816363708,0.0,0.818871987374,-0.573837412864,-0.0118337987657,0.0,-0.00846405557577,0.00854242848562,-0.999927690725,0.0,0.660970463875,0.259947206552,0.303416953696,1.0,-0.0056,-0.00736,0.281
0.464445470763,0.543072070517,-0.123967870783,-1.36286094785,0.0790654587465,1.8966252339,0.158316607991,-0.00300856601375,-0.0322498415196,0.000505096624643,-0.0487599518286,-0.00645548503016,0.0179682692864,-0.00178200647424,0.573891756961,0.818916654721,0.00212386760636,0.0,0.818875619633,-0.573832320157,-0.0118294047296,0.0,-0.00846871572125,0.00852814545945,-0.999927773186,0.0,0.660873153077,0.259815697763,0.30342075132,1.0,-0.00594,-0.00780685714286,0.298
0.464380303978,0.542539728518,-0.123971066722,-1.3637145071,0.0790164346629,1.89692004576,0.158215924686,-0.002101649443,-0.0383757085724,0.000251988964215,-0.0557358674038,-0.00765950305086,0.0186489985318,-0.00312426801544,0.573899179025,0.81891150984,0.00210196722598,0.0,0.818870146705,-0.573839784995,-0.0118461341506,0.0,-0.00849490673533,0.00851988890865,-0.999927621407,0.0,0.660769717741,0.259688528895,0.30341664974,1.0,-0.00626,-0.00822742857143,0.314
0.464292748949,0.541950462077,-0.123971178937,-1.36464909447,0.0789603504491,1.89726920461,0.158098821468,-0.0075624190756,-0.0408228167439,-0.00149721312433,-0.0574249866707,-0.00428736439302,0.0242711376705,-0.00682289217514,0.573912048422,0.818902484097,0.00210454693314,0.0,0.818861147981,-0.573852635948,-0.0118456508539,0.0,-0.00849289661954,0.00852185753628,-0.999927621706,0.0,0.660665312955,0.25954203827,0.30341877855,1.0,-0.0066,-0.00867428571429,0.331
0.464219633805,0.541324550675,-0.123976500214,-1.36560560776,0.0789063794664,1.89762007009,0.157959755228,-0.00510786455508,-0.0437705706568,-0.00256554589433,-0.0523098626636,-0.0022345210028,0.0163647490003,-0.00577256027169,0.573900394121,0.818910604368,0.00212287112173,0.0,0.818869485422,-0.573840888826,-0.0118383722352,0.0,-0.00847654151021,0.00853256515294,-0.999927669172,0.0,0.660554329801,0.259400414168,0.303436620882,1.0,-0.00694,-0.00912114285714,0.348
0.464133552631,0.54069208584,-0.123974351282,-1.36657871884,0.0788580538063,1.89798742328,0.157829944068,-0.00314945006296,-0.0353575875537,-0.000856054888647,-0.0606544059572,-0.00467436788443,0.018047690764,-0.00544939083779,0.573904144952,0.818907901024,0.00215149911233,0.0,0.818867051801,-0.573844422157,-0.0118354355711,0.0,-0.00845766877266,0.00855436196458,-0.999927642747,0.0,0.660444153789,0.259254709652,0.303452305962,1.0,-0.00726,-0.00954171428571,0.364
0.464036817834,0.539917471296,-0.123975062701,-1.3677425836,0.0787702104109,1.89841203261,0.157695511694,-0.00669090995179,-0.0429792530414,0.00101415675449,-0.0674127910949,-0.00276806012733,0.025855926022,-0.0153109513448,0.573914615274,0.81890050862,0.0021721548928,0.0,0.818860072758,-0.573854956711,-0.0118074892817,0.0,-0.00842281929172,0.00855534629897,-0.999927928485,0.0,0.660310508616,0.259077044841,0.303482554878,1.0,-0.00762,-0.0100148571429,0.382
0.463936593422,0.5391810817,-0.123980753411,-1.36889242546,0.0787173996232,1.89885578451,0.157556396609,-0.00560223830394,-0.0423899171681,0.000259678448787,-0.0703299703286,-0.00559852348205,0.0284861617193,-0.00319230529297,0.573936349729,0.818885189725,0.0022044069595,0.0,0.818845067893,-0.573876455591,-0.0118031947655,0.0,-0.00840056586927,0.00857951546754,-0.999927908605,0.0,0.66018277761,0.258902317075,0.303494236383,1.0,-0.00796,-0.0104617142857,0.399
0.463838974687,0.538471416161,-0.123986736319,-1.36998143237,0.0786517032619,1.89928464993,0.157417395623,-0.00808202409516,-0.0409709768791,0.000105117695077,-0.0688195867738,-0.000342653429948,0.0295318102284,-0.0056557675697,0.573949369414,0.818875956955,0.00224396325158,0.0,0.818836403747,-0.573889376908,-0.0117759870748,0.0,-0.00835544688093,0.00859642466266,-0.999928141413,0.0,0.660065334137,0.258732929354,0.303514564977,1.0,-0.00828,-0.0108822857143,0.415
0.463722864168,0.537697696942,-0.123987139828,-1.37121552575,0.0785834654118,1.89975740637,0.157252932769,-0.00552285263089,-0.0457180546356,7.76020317895e-05,-0.0734244592863,-0.00479344681464,0.0295877281405,-0.00742774139996,0.573959992838,0.818868476929,0.00225632786987,0.0,0.818829038288,-0.573899904213,-0.0117750966687,0.0,-0.00834750984179,0.00860614687436,-0.999928124075,0.0,0.659928155567,0.258540769682,0.303514591754,1.0,-0.00862,-0.0113291428571,0.432
0.463601498392,0.536719065226,-0.123994079619,-1.37273551951,0.0784901380078,1.90031930178,0.157089330893,-0.0063271566783,-0.0522245474294,0.000138988909598,-0.0786960126791,-0.00878964761482,0.0260116032024,-0.00671580431314,0.573988950974,0.818848139668,0.00227051162534,0.0,0.818808918616,-0.573928839063,-0.0117639018552,0.0,-0.00832989742451,0.00861163065446,-0.999928223737,0.0,0.659751829577,0.258312117139,0.303530974703,1.0,-0.00902,-0.0118548571429,0.452
0.463509112998,0.536083051413,-0.123999274247,-1.37374671072,0.0784333037087,1.90070257935,0.156952254586,-0.00409504258786,-0.0496564504515,0.00012786053986,-0.0794461142635,-0.00178385259036,0.0279560612585,-0.0144669907702,0.573996457928,0.818842858058,0.00227749732746,0.0,0.818803715408,-0.573936305772,-0.0117617792945,0.0,-0.00832407083496,0.00861620881624,-0.99992823282,0.0,0.659638646742,0.258153286117,0.303532002866,1.0,-0.00928,-0.0121965714286,0.465
0.463375721997,0.535069192871,-0.124000533623,-1.37531354487,0.0783498986754,1.90126313385,0.156769109125,-0.0070408331444,-0.0537769745102,0.00234148693892,-0.0838295019728,-0.0060244060853,0.0241514911527,-0.0094567056645,0.574020113694,0.818826239762,0.00229020823764,0.0,0.818787128937,-0.573959772192,-0.0117713335369,0.0,-0.00832434964822,0.0086323414421,-0.999928091357,0.0,0.659452676412,0.257916449174,0.303550306293,1.0,-0.00966,-0.012696,0.484
0.463254136839,0.534183863828,-0.124011163644,-1.37677309721,0.0782634184521,1.90180098128,0.156586971743,-0.00839896817775,-0.0502568070605,-0.00189113471106,-0.0882616508759,-0.0128640875116,0.031524346435,-0.0118250629327,0.574034876785,0.818815985851,0.00225575937841,0.0,0.818776438149,-0.573974676251,-0.0117882253216,0.0,-0.00835779949272,0.00861398094498,-0.999927970666,0.0,0.659282584672,0.25769098429,0.30352713377,1.0,-0.01,-0.0131428571429,0.501
0.463147723094,0.533360870097,-0.124004851017,-1.37806712429,0.0781813583599,1.90228186699,0.156421257082,-0.00587271284764,-0.0507856507493,0.000297082232435,-0.083593568045,-0.00518209210874,0.0369871093891,-0.0129012442201,0.574030648268,0.81881893064,0.00226286894948,0.0,0.818779465181,-0.573970410501,-0.0117856764299,0.0,-0.00835167594699,0.00861829603847,-0.999927984648,0.0,0.659129626933,0.257501064407,0.303533100887,1.0,-0.0103,-0.0135371428571,0.516
0.463015857222,0.532426360925,-0.12400451266,-1.37959127567,0.0781088160006,1.90285912588,0.156226626346,-0.0065742526701,-0.0578373817828,0.0020824576652,-0.088956216644,-0.00418457082721,0.0348975065858,-0.0180879644109,0.574042996927,0.818810278681,0.00226099662015,0.0,0.818770609572,-0.573982579886,-0.0118082085795,0.0,-0.00837107105359,0.00862982317306,-0.999927723049,0.0,0.658952314052,0.257273123649,0.303516608886,1.0,-0.01064,-0.013984,0.533
0.462891656078,0.531459515871,-0.12401181605,-1.38116794179,0.0780079738033,1.90342862084,0.156024196592,-0.00429915357584,-0.0532115773615,0.00300820367463,-0.0972203295973,-0.00481964229003,0.0352947758355,-0.0090613081328,0.57404291351,0.818810447258,0.00222076806085,0.0,0.818770293553,-0.573982692316,-0.011824644526,0.0,-0.00840762191521,0.00860631801031,-0.999927618973,0.0,0.65876297628,0.25703493071,0.303497240571,1.0,-0.01098,-0.0144308571429,0.55
0.462755899705,0.5305083089,-0.12400710724,-1.38271710282,0.0779071049664,1.90397713336,0.155828703676,-0.00775495159687,-0.0615287648758,0.000530771837995,-0.0999947597216,-0.00492219803798,0.0375966771875,-0.0177471634504,0.574047727832,0.818807194201,0.00217526939222,0.0,0.818766429791,-0.57398766576,-0.0118507343516,0.0,-0.00845505152873,0.00858408995209,-0.999927410117,0.0,0.658575255949,0.256797772928,0.303477524648,1.0,-0.0113,-0.0148514285714,0.566
0.462616152537,0.529467570759,-0.124010128565,-1.3843637041,0.0778158149441,1.90457616835,0.155614920869,-0.00608571138332,-0.06778861371,0.00156163336946,-0.0972769593129,-0.00281766408519,0.0378923551553,-0.0128501979703,0.574054077409,0.818802748798,0.00217294082693,0.0,0.818761856388,-0.573993924638,-0.0118635536394,0.0,-0.00846681850973,0.00858960778113,-0.999927263166,0.0,0.658379039919,0.256548090835,0.303478932502,1.0,-0.01164,-0.0152982857143,0.583
0.46247242521,0.52837223339,-0.124010207307,-1.3860539696,0.0777014603144,1.90521332015,0.155383434975,-0.0063566890483,-0.0710199463051,0.00076030699849,-0.0997671451666,-0.0078313276428,0.041623167409,-0.0214602638796,0.574043092407,0.818810373203,0.00220174821313,0.0,0.818769957176,-0.573982930428,-0.0118363720876,0.0,-0.00842814062279,0.00859747845431,-0.999927522278,0.0,0.658182799918,0.256291929067,0.303500913645,1.0,-0.01198,-0.0157451428571,0.6
0.462344318659,0.527334838545,-0.124020749004,-1.38768476536,0.0776077131283,1.90583668699,0.155155440098,-0.00769034970943,-0.0663875761327,-0.00200307436306,-0.101597321472,-0.00702399584276,0.0376510935016,-0.0178449101762,0.574031865613,0.818818177764,0.00222619090799,0.0,0.81877808872,-0.573971618627,-0.01182240856,0.0,-0.00840279441492,0.00860936133541,-0.999927633353,0.0,0.657992973758,0.256048661456,0.30350934093,1.0,-0.0123,-0.0161657142857,0.616
0.462181210612,0.526098310589,-0.124022190764,-1.38957854881,0.0774826303553,1.90655246618,0.154892573366,-0.0107612035764,-0.0762136820073,0.00107586023476,-0.104114192758,-0.0112094253158,0.0329174996686,-0.0145171401619,0.574019687369,0.818826595876,0.00226964754558,0.0,0.818787166285,-0.573959371047,-0.0117882829549,0.0,-0.00835003488946,0.00862523084112,-0.999927938559,0.0,0.657773274654,0.255760310875,0.303540115899,1.0,-0.01266,-0.0166388571429,0.634
0.462026563028,0.524928321213,-0.124033944638,-1.3914154822,0.0773723671202,1.907211292,0.154644294273,-0.00800895337236,-0.0695983785956,-0.00138445768225,-0.106922827788,-0.0150481899689,0.0378103157006,-0.0234059089021,0.574020376122,0.818826137253,0.00226089583908,0.0,0.818786583499,-0.573960082576,-0.0117941168575,0.0,-0.00835982813882,0.00862142056333,-0.999927889591,0.0,0.65755254818,0.255475977999,0.303546241769,1.0,-0.013,-0.0170857142857,0.651
0.46188233064,0.523815874919,-0.124037415878,-1.39320251603,0.0772588859151,1.90784671358,0.154404523906,-0.00977633166906,-0.0660783605064,-0.00343859853083,-0.114174461989,-0.00576970115747,0.0371788031242,-0.0125446185237,0.574009840299,0.818833624664,0.00222379423432,0.0,0.818793582194,-0.573949685029,-0.0118142166432,0.0,-0.00839769351777,0.00860247068002,-0.99992773551,0.0,0.657332413152,0.255206422554,0.303533069303,1.0,-0.01332,-0.0175062857143,0.667
0.461722399264,0.522607294717,-0.124042534035,-1.39512836302,0.0771381749454,1.90858566997,0.15414161931,-0.0167767514301,-0.0739994366787,-0.00351867911485,-0.118024222259,-0.00312298614263,0.0406433306752,-0.0125490925698,0.573999974646,0.818840505224,0.00223674156589,0.0,0.818800692778,-0.573939833669,-0.0117999887761,0.0,-0.00837871500499,0.00860480447117,-0.999927874636,0.0,0.657107017766,0.254916228549,0.303530143096,1.0,-0.01366,-0.0179531428571,0.684
0.46155907854,0.52138534263,-0.124044255695,-1.39709229308,0.0770265354727,1.90935312277,0.153868352295,-0.00871174680282,-0.0725451683221,-0.00151402676556,-0.123692693931,-0.00610207293797,0.0459620070015,-0.0256620897034,0.573986397692,0.818849960808,0.00225917039284,0.0,0.818810401757,-0.573926132667,-0.0117926722227,0.0,-0.00835999321657,0.0086188316045,-0.999927910529,0.0,0.656877638423,0.254624853873,0.303520551705,1.0,-0.014,-0.0184,0.701
0.461395926175,0.520165664064,-0.124043227545,-1.39900907956,0.0769048282141,1.91005726006,0.153623141434,-0.0110153084578,-0.0755600124011,0.000197990033033,-0.125598213091,-0.00930470651574,0.0460954347579,-0.0122060326344,0.573987746854,0.818849007319,0.00226198500605,0.0,0.818809488864,-0.573927474981,-0.0117907297944,0.0,-0.00835677293855,0.00862003517748,-0.999927927073,0.0,0.656645894026,0.254334934772,0.303525831046,1.0,-0.01432,-0.0188205714286,0.717
0.461221428953,0.518838521006,-0.12404715923,-1.40106891021,0.0767695924368,1.91078659489,0.153333215166,-0.00832880304799,-0.0818206788733,0.0015203096629,-0.124260822459,-0.00642473995064,0.0434734104213,-0.0158376849699,0.573968708406,0.818862374106,0.00225409523392,0.0,0.818822780492,-0.573908497458,-0.0117914203649,0.0,-0.00836206706096,0.00861377668594,-0.999927936746,0.0,0.656392282447,0.254018715657,0.303540431485,1.0,-0.01466,-0.0192674285714,0.734
0.461052019389,0.51748734782,-0.124059554436,-1.40318844308,0.0766321148825,1.91155104714,0.153048208398,-0.0101856729043,-0.0825002701929,-0.00751720066529,-0.123701715256,-0.0103604149537,0.0477430984041,-0.0218006168407,0.573957918273,0.818869966464,0.00224342941303,0.0,0.81883030386,-0.573897821368,-0.0117885966494,0.0,-0.00836598956161,0.0086033120206,-0.999927994028,0.0,0.656132192495,0.253696190922,0.303546411068,1.0,-0.015,-0.0197142857143,0.751
0.460872744241,0.516203949967,-0.124068346124,-1.40518856916,0.076496347625,1.91229311016,0.152775894863,-0.00779523122935,-0.0811160935002,-0.000834919320197,-0.127409745191,-0.00901078965062,0.0455380980383,-0.0142018904803,0.573956952005,0.818870612456,0.00225481770492,0.0,0.818831232095,-0.573896949838,-0.0117665293816,0.0,-0.00834139271552,0.0085999620749,-0.999928228334,0.0,0.655894983417,0.253381373549,0.303559210202,1.0,-0.01532,-0.0201348571429,0.767
0.460678785064,0.514752151955,-0.124074463044,-1.40751743091,0.0763676756079,1.91318366147,0.152450790197,-0.0074540269536,-0.0771870006195,-0.000426397144731,-0.131723647953,-0.00908039823229,0.0499944635988,-0.0203077962467,0.573942320073,0.818880827393,0.00226950615103,0.0,0.818841545267,-0.573882168141,-0.0117697806083,0.0,-0.00833577906181,0.00861370695336,-0.999928156839,0.0,0.655615819685,0.253032889963,0.303546104645,1.0,-0.01568,-0.020608,0.785
0.460492092769,0.513345689087,-0.124075573346,-1.40977669272,0.0762366720228,1.91396894688,0.152134777431,-0.00743730823062,-0.0836839633626,0.000377974212881,-0.13295678545,-0.0112533383958,0.0532239824715,-0.0188288361269,0.573920361069,0.818896363077,0.00221643644315,0.0,0.818856219532,-0.573860240035,-0.0118179330734,0.0,-0.00840589950326,0.00859766071488,-0.999927707929,0.0,0.655327190346,0.252692403115,0.303524576493,1.0,-0.01602,-0.0210548571429,0.802
0.460292502464,0.511924494246,-0.12408404436,-1.41206326964,0.0760932883822,1.91477328061,0.151811093011,-0.0119283249687,-0.0834135237741,0.000270952717657,-0.13483836635,-0.00835230336613,0.0487274582625,-0.0211196378578,0.573905604027,0.818906853817,0.0021608653753,0.0,0.818865953951,-0.57384566939,-0.0118509106874,0.0,-0.00846495172472,0.00857092816018,-0.999927439259,0.0,0.655040955598,0.252335493952,0.30350179285,1.0,-0.01636,-0.0215017142857,0.819
0.460090976594,0.510467072669,-0.124085085682,-1.41438640924,0.0759474473432,1.91566181333,0.151491505649,-0.0142862037101,-0.0851993110563,-0.000448594047457,-0.141238213264,-0.00771143082752,0.0558518379035,-0.0183917870567,0.573891801073,0.818916488553,0.00217539387168,0.0,0.81887581259,-0.573831846016,-0.0118390436449,0.0,-0.00844704040005,0.00857587261687,-0.999927548334,0.0,0.654761819549,0.251983097407,0.303493569828,1.0,-0.0167,-0.0219485714286,0.836
0.45989232727,0.508975033007,-0.124088313657,-1.41675359004,0.0758072023957,1.91653412879,0.151164635953,-0.0130425106474,-0.0863200451354,-0.000726353043214,-0.138387837191,-0.00730485942485,0.0487297884133,-0.0125257502399,0.57387451047,0.81892860941,0.00217389596798,0.0,0.818887837246,-0.573814485619,-0.0118487554068,0.0,-0.00845603459678,0.00858004086877,-0.999927436556,0.0,0.654468354042,0.251626438023,0.303486788901,1.0,-0.01704,-0.0223954285714,0.853
0.459694933684,0.507553989394,-0.124091498392,-1.41899696321,0.0756579358129,1.91732270103,0.150856214904,-0.0147009336738,-0.0903180355348,-0.000588922150891,-0.143769199362,-0.00305566466377,0.0500628917568,-0.0128264160322,0.573861533038,0.818937795434,0.00213892734268,0.0,0.818896585991,-0.573801666913,-0.0118648809847,0.0,-0.00848944285011,0.0085605239064,-0.999927320754,0.0,0.654185104139,0.251277409062,0.303481472682,1.0,-0.01736,-0.022816,0.869
0.459482582835,0.505995180898,-0.124098001259,-1.42142854198,0.075515075398,1.91821871054,0.150521482972,-0.0102647051558,-0.0898989170886,-0.000992748970823,-0.137792853259,-0.00653781834362,0.054869279387,-0.0160309712304,0.573853166031,0.818943602102,0.00216039649185,0.0,0.818902598503,-0.573793140942,-0.0118622288831,0.0,-0.0084750389325,0.00857649702586,-0.999927306065,0.0,0.65388512592,0.250904449322,0.30349184441,1.0,-0.0177,-0.0232628571429,0.886
0.459257158862,0.504361270382,-0.124101090091,-1.42389630467,0.0753505866021,1.91918559518,0.15017897075,-0.0122701594785,-0.0958344990058,7.28429052287e-05,-0.147390712681,-0.0111799050471,0.0508905824531,-0.0192981168434,0.573842302459,0.81895093403,0.00226416919909,0.0,0.818911451648,-0.573782048184,-0.0117873848519,0.0,-0.00835431104013,0.00861842008029,-0.999927961566,0.0,0.653595258908,0.250522995147,0.303542831293,1.0,-0.01804,-0.0237097142857,0.903
0.459038915222,0.502794306951,-0.124104205939,-1.42622377802,0.0751969835678,1.92007657966,0.149852464561,-0.0173905077102,-0.0968399759586,-0.000457198340028,-0.139918685602,-0.0133149371841,0.0621620688593,-0.0200119547698,0.573833789141,0.818956603236,0.00236883048004,0.0,0.818918600632,-0.573773266964,-0.011717958764,0.0,-0.00823748669996,0.00866420683323,-0.999928535113,0.0,0.653318760912,0.250158705285,0.30360661398,1.0,-0.01836,-0.0241302857143,0.919
0.458802792363,0.501085957083,-0.124104192494,-1.42877155404,0.0750418129769,1.92098331411,0.149493212982,-0.0153651646684,-0.10584598476,0.000328491896643,-0.156072562725,-0.00209844522603,0.0520814420251,-0.0233219636836,0.573821018911,0.818965371299,0.00243017896177,0.0,0.818928069295,-0.573760172079,-0.0116973996191,0.0,-0.00818558292086,0.0087025230838,-0.999928628615,0.0,0.652998930276,0.249761283042,0.303664910614,1.0,-0.0187,-0.0245771428571,0.936
0.458562780274,0.499384667224,-0.124102912462,-1.43136137586,0.0748732313425,1.92191525208,0.149127458071,-0.012471237577,-0.0961791799312,0.000808861724719,-0.155585660347,-0.0139834983123,0.054995878866,-0.0177515555791,0.573803201631,0.818977753258,0.00246421743532,0.0,0.818940889902,-0.573742230528,-0.0116798397811,0.0,-0.00815186028309,0.00872014577016,-0.999928750578,0.0,0.652674070307,0.249356662514,0.3036997834,1.0,-0.01904,-0.025024,0.953
0.458323024083,0.497807725248,-0.124104335998,-1.43385514484,0.0747214146019,1.92284503715,0.148763755949,-0.0131610518218,-0.10122268197,0.00028661682164,-0.1576853548,-0.00802170073975,0.0664279738167,-0.0234249473312,0.573788492007,0.818988027324,0.00247476073071,0.0,0.81895125297,-0.573727433627,-0.0116800712482,0.0,-0.00814615722649,0.00872876692509,-0.999928721835,0.0,0.652367224298,0.248962980049,0.303693071657,1.0,-0.01936,-0.0254445714286,0.969
0.458044290407,0.496041548884,-0.124102548254,-1.43669511922,0.0745486020934,1.92384710415,0.148341244149,-0.0114502300905,-0.0966980613279,0.000258884101869,-0.156473096711,-0.0114458467875,0.0540887652801,-0.0252882615935,0.573766301273,0.819003749017,0.00241609602658,0.0,0.818966052356,-0.573705288077,-0.0117300648975,0.0,-0.00822099834003,0.00870918425374,-0.999928280076,0.0,0.652004941978,0.248508948564,0.303659068522,1.0,-0.01972,-0.0259177142857,0.987
0.457776250862,0.494364879789,-0.124108178334,-1.43943400262,0.0743788145149,1.92479128892,0.147963144015,-0.012981533606,-0.104126536696,0.00146840151837,-0.157082383623,-0.0146744113448,0.0562546410301,-0.0254892662929,0.573772062206,0.819000005966,0.00231468377661,0.0,0.818960856206,-0.573711287488,-0.0117992165874,0.0,-0.00833575873507,0.00866586308602,-0.999927706358,0.0,0.651650684135,0.248065121454,0.303605408121,1.0,-0.0203657142857,-0.0267663673469,1.004
0.457504559614,0.492669550647,-0.124120158195,-1.44215350253,0.0742017289459,1.92579486349,0.147578972779,-0.0148814907565,-0.112166195298,0.000731780576058,-0.175963270222,-0.0110559739999,0.0675638997091,-0.0212868519425,0.57377714627,0.818996519411,0.00228790560741,0.0,0.818957089452,-0.573716544217,-0.0118050594799,0.0,-0.008355854203,0.00864733634514,-0.999927699024,0.0,0.651314919277,0.247620627285,0.303578604357,1.0,-0.0224228571429,-0.0294700408163,1.02
0.457203858966,0.490685345593,-0.124129443452,-1.44531750775,0.0740143057357,1.9269317136,0.147121174583,-0.0208439913852,-0.114890999308,0.00063385355306,-0.201326889157,-0.015332689581,0.0706147433173,-0.0315121068384,0.573762704824,0.819006730692,0.00225400434624,0.0,0.818966707447,-0.57370207899,-0.011840758336,0.0,-0.00840469561061,0.00863990639299,-0.999927353916,0.0,0.650910947628,0.247117489222,0.303551973453,1.0,-0.0246085714286,-0.0323426938776,1.037
0.456851145133,0.488541094094,-0.12414429597,-1.4487893021,0.0737986684036,1.9281531133,0.146625102702,-0.0229826162834,-0.133780359044,-0.00109301666873,-0.210736148789,-0.0109341580973,0.0771316552193,-0.0329200006933,0.573770162292,0.819001758154,0.00216053337584,0.0,0.818960409248,-0.573709795993,-0.0119023093027,0.0,-0.00850865690072,0.00859874679046,-0.999926829479,0.0,0.650466754483,0.246544372515,0.303496747089,1.0,-0.0267942857143,-0.0352153469388,1.054
0.456496488473,0.486279960245,-0.124159697424,-1.45225770855,0.0735883384559,1.92950567267,0.146124769079,-0.0217038682297,-0.142363940533,7.73288440951e-05,-0.220933557809,-0.0120275244936,0.0787896798462,-0.0226647072728,0.573777294148,0.818996436265,0.00228057159259,0.0,0.818956721264,-0.573716524369,-0.0118315368373,0.0,-0.00838174627222,0.00865652329112,-0.999927402832,0.0,0.650050960457,0.245981280933,0.303534377389,1.0,-0.0288514285714,-0.0379190204082,1.07
0.456051309726,0.483566514088,-0.124191186808,-1.45642279473,0.0733274083976,1.93099445201,0.145477450612,-0.0261645322857,-0.154769353136,-0.00294048313972,-0.234478798598,-0.00807892556259,0.0767048480255,-0.0421540230243,0.573768505017,0.819002518082,0.00230758055429,0.0,0.818963157817,-0.573707635326,-0.0118170304327,0.0,-0.0083544619468,0.00867023027157,-0.999927512409,0.0,0.649529706679,0.245275043222,0.30356531599,1.0,-0.0311657142857,-0.0409606530612,1.088
0.455626414025,0.480935930505,-0.124236696922,-1.46048736444,0.0730766033074,1.93240869843,0.144873687747,-0.0210166128812,-0.174819101882,-0.00249102788014,-0.258170609238,-0.00818057729842,0.0914181407635,-0.0371607416647,0.573785441716,0.818990711504,0.00228653589676,0.0,0.818951045909,-0.57372461862,-0.0118318762527,0.0,-0.00837851612773,0.00866168607047,-0.999927385195,0.0,0.649010602973,0.244581598095,0.303578955127,1.0,-0.0332228571429,-0.0436643265306,1.104
0.455137188246,0.478016887289,-0.124271891865,-1.46500065301,0.0728018058264,1.93407855689,0.144216488167,-0.0275656663231,-0.179945230625,-0.00356474369427,-0.268337336402,-0.0184796381261,0.0987440774667,-0.038561039601,0.57381863485,0.818967284674,0.00234687744044,0.0,0.818928414694,-0.573757586613,-0.0117995894574,0.0,-0.0083170991318,0.00869291630158,-0.999927626915,0.0,0.648451280299,0.243816796774,0.303599044886,1.0,-0.0354085714286,-0.0465369795918,1.121
0.454605458496,0.474906443568,-0.124288871932,-1.46975182268,0.0725051971562,1.93582774462,0.143535033948,-0.0323656161349,-0.18832024352,-0.00121732151241,-0.289730453617,-0.0171613501285,0.109424252613,-0.0450144538887,0.573857314765,0.818939918901,0.00243688771623,0.0,0.818902197761,-0.573795900716,-0.0117559229234,0.0,-0.00822927682253,0.00874196337783,-0.999927925942,0.0,0.647857783691,0.243011946077,0.30364252931,1.0,-0.0375942857143,-0.0494096326531,1.138
0.45405096903,0.47164573709,-0.124305658985,-1.47482912742,0.0721978439631,1.93758758101,0.142787664789,-0.0354643454081,-0.195257863247,-0.00134313366619,-0.306151096368,-0.0172840531857,0.112339264197,-0.0497059783854,0.573871205264,0.818930304898,0.00239632849162,0.0,0.818891751585,-0.573809619482,-0.0118138341183,0.0,-0.00829983023406,0.00874212117308,-0.999927341428,0.0,0.647191341838,0.242155777892,0.303633451708,1.0,-0.03978,-0.0522822857143,1.155
0.453512519491,0.468378237804,-0.124304121264,-1.47972292307,0.0718873451485,1.93945854632,0.141998311515,-0.0344369576478,-0.203605410762,-0.00108177914667,-0.309111481089,-0.0164968348941,0.1176858335,-0.0479819096869,0.573813280191,0.81897026164,0.00260325296002,0.0,0.818934444951,-0.573750989947,-0.0117014233663,0.0,-0.00808965454389,0.00884649596506,-0.999928145918,0.0,0.646580779589,0.241349721719,0.303722612561,1.0,-0.0418371428571,-0.0549859591837,1.171
0.452895931114,0.464732978105,-0.124304533628,-1.48526281184,0.0715088855536,1.94142321605,0.141145553412,-0.0393679753433,-0.220481488722,-0.000433101480085,-0.333527824671,-0.0236104620783,0.109457576856,-0.0451189374007,0.573777694344,0.818995068631,0.0026423348191,0.0,0.818959732673,-0.573715240821,-0.0116844174244,0.0,-0.00805368755179,0.00886839465069,-0.999928242272,0.0,0.645808411503,0.240359685435,0.303766073117,1.0,-0.0441514285714,-0.0580275918367,1.189
0.452210486839,0.460753100861,-0.124316945923,-1.49150019995,0.0711014244142,1.9435783936,0.14022004652,-0.0384803180101,-0.228978961853,-0.00295310455148,-0.344664357232,-0.0251369499105,0.130375417549,-0.0522344767787,0.573769418398,0.819001124048,0.00256129284031,0.0,0.818964590217,-0.573707097474,-0.0117436441905,0.0,-0.00814878280054,0.00883592215731,-0.9999277593,0.0,0.645018042902,0.239364992265,0.303730753956,1.0,-0.0463371428571,-0.060900244898,1.206
0.451596171326,0.457314704288,-0.124318748656,-1.49682440617,0.0707311659164,1.94546975457,0.139398974649,-0.0415384801115,-0.235222544869,0.00110336971834,-0.364767608727,-0.0265728533204,0.126832348231,-0.0595860216814,0.573745830606,0.819017679982,0.00255120369844,0.0,0.818981073438,-0.573683612668,-0.0117414142038,0.0,-0.008152999037,0.00882614491899,-0.999927811281,0.0,0.644315077488,0.238454281189,0.30372634611,1.0,-0.0482657142857,-0.0634349387755,1.221
0.450809795787,0.453040069498,-0.124348424282,-1.50351202849,0.0702816671091,1.94782768735,0.138330407081,-0.046349988416,-0.243458183216,-0.00332636304555,-0.375287758513,-0.02527514707,0.13365993503,-0.0632361732012,0.573719567883,0.819036266927,0.00248953576604,0.0,0.818998855474,-0.573657576333,-0.0117731367491,0.0,-0.00821464307663,0.00879357517497,-0.999927593716,0.0,0.643428917424,0.237286663849,0.303685942903,1.0,-0.05058,-0.0664765714286,1.239
0.450039370637,0.448743142355,-0.124418014926,-1.50997009678,0.0698378823951,1.95023071267,0.13734761721,-0.0495061389272,-0.24565945138,-0.001770164682,-0.382462502127,-0.0270663229755,0.140515217463,-0.0532773776312,0.573767895893,0.819001862702,0.00266410097327,0.0,0.818967201923,-0.573705801639,-0.0116242093196,0.0,-0.0079919927713,0.00885157986278,-0.999928886264,0.0,0.642607375054,0.236137903332,0.303770133469,1.0,-0.0527657142857,-0.0693492244898,1.256
0.449314338714,0.444810749218,-0.124434861193,-1.51601430521,0.0694378442769,1.95221853924,0.136449583593,-0.0550155952886,-0.256328010395,-7.1217422227e-05,-0.413821446754,-0.0252231732524,0.140535110581,-0.0621113719337,0.573802309122,0.818978108724,0.00255232821215,0.0,0.818941660148,-0.573740235211,-0.0117237654307,0.0,-0.00813729051882,0.00881750134325,-0.999928015496,0.0,0.641710391225,0.234998675129,0.303758222117,1.0,-0.0548228571429,-0.0720528979592,1.272
0.448416590477,0.440018334155,-0.124451084745,-1.52345753065,0.0689141903436,1.95477338825,0.135252567057,-0.0524034632855,-0.269231705003,-0.00014966585063,-0.409161813625,-0.0345952797251,0.146532745596,-0.0647263253734,0.573750794035,0.819014481593,0.00246011906902,0.0,0.818976826945,-0.573689056562,-0.0117715848486,0.0,-0.00822991352593,0.00876890549161,-0.999927684795,0.0,0.640743793346,0.233767719207,0.303717904239,1.0,-0.0570085714286,-0.0749255510204,1.289
0.447514087702,0.435301889276,-0.124457565081,-1.53063067353,0.0684501479804,1.95735036902,0.134087327054,-0.0526826168451,-0.284296119331,-0.000655007075586,-0.419120805499,-0.0311991212836,0.149057759799,-0.0712038124203,0.573727685555,0.819030345776,0.00256562419123,0.0,0.818993862376,-0.573665347833,-0.0117417625167,0.0,-0.00814520694046,0.00883797485722,-0.999927770294,0.0,0.63977924107,0.232506474977,0.303748136641,1.0,-0.0591942857143,-0.0777982040816,1.306
0.446601687631,0.43072967474,-0.124489757223,-1.53753349075,0.0679486119134,1.95986662483,0.132963782985,-0.0555344838797,-0.282572157708,-0.00150012619198,-0.44467714941,-0.0336900156841,0.14557045367,-0.0752125737313,0.573738040032,0.819022693418,0.00268997927819,0.0,0.81898824668,-0.573675725912,-0.0116258419602,0.0,-0.00797880619715,0.00887342003345,-0.999928797999,0.0,0.638868968932,0.231245398103,0.303798644909,1.0,-0.0612514285714,-0.080501877551,1.322
0.445602542528,0.425732633905,-0.124545350957,-1.54530681675,0.0673822401212,1.96237297948,0.131708415258,-0.0603422665006,-0.298262597199,-0.00315697050687,-0.456230232234,-0.0337042707105,0.152252218298,-0.0747480427983,0.573742293217,0.819020514875,0.00243394530724,0.0,0.818982704864,-0.573680850809,-0.0117625443349,0.0,-0.00823761590236,0.00874219658635,-0.999927855239,0.0,0.637761341804,0.22981149891,0.303719177664,1.0,-0.0634371428571,-0.0833745306122,1.339
0.444554914489,0.420562487075,-0.124608290521,-1.55320521678,0.0668149430759,1.96501457721,0.130424938001,-0.0673467173344,-0.307615732679,-0.00492166147069,-0.467444253851,-0.0392864024369,0.157401534669,-0.075404375734,0.573784567305,0.818991124299,0.00235701991508,0.0,0.818952436942,-0.573723537868,-0.0117879185883,0.0,-0.00830208273411,0.00869418035991,-0.999927740714,0.0,0.636594354218,0.228249720078,0.303720625221,1.0,-0.0657514285714,-0.0864161632653,1.357
0.44351612691,0.415517125043,-0.124627566794,-1.56062211584,0.0663156562228,1.96778422265,0.129220618408,-0.0633043499889,-0.311556600241,0.00128142444956,-0.461739571948,-0.0355594583654,0.174356502331,-0.0810294025594,0.573826070934,0.818961040029,0.00268367897546,0.0,0.818926768161,-0.573764052508,-0.0115977299527,0.0,-0.00795844368417,0.00885298680811,-0.999929141389,0.0,0.635608850133,0.226887381381,0.303843153654,1.0,-0.0678085714286,-0.0891198367347,1.373
0.442307874899,0.409787345772,-0.124654263572,-1.56933591337,0.0657018744151,1.9707539294,0.127739614639,-0.0677448306674,-0.324059559068,-0.00271406916947,-0.491880664975,-0.0353334104427,0.163412284335,-0.078386066823,0.573800912873,0.81897881148,0.00263924868352,0.0,0.818943782662,-0.573738849716,-0.0116430265733,0.0,-0.00802130699627,0.0088423458192,-0.999928733238,0.0,0.634438690705,0.2253579147,0.303822883253,1.0,-0.0699942857143,-0.0919924897959,1.39
0.441117290674,0.40423750143,-0.124713794215,-1.57793760494,0.06509425323,1.9735254185,0.126351593905,-0.0723578135944,-0.330344372571,-0.0045441711781,-0.498483222896,-0.026427093636,0.162310033959,-0.0862404606253,0.573859368918,0.818938619843,0.00238925410911,0.0,0.818900021287,-0.573797860806,-0.0118117302427,0.0,-0.00830229301105,0.00873500047954,-0.999927383212,0.0,0.633180559567,0.223733688148,0.303719948117,1.0,-0.07218,-0.0948651428571,1.407
