position_joint1,position_joint2,position_joint3,position_joint4,position_joint5,position_joint6,position_joint7,velocity_joint1,velocity_joint2,velocity_joint3,velocity_joint4,velocity_joint5,velocity_joint6,velocity_joint7,ee_T_00,ee_T_10,ee_T_20,ee_T_30,ee_T_01,ee_T_11,ee_T_21,ee_T_31,ee_T_02,ee_T_12,ee_T_22,ee_T_32,ee_T_03,ee_T_13,ee_T_23,ee_T_33,v_x,v_y,time
0.465048615548,0.547665582955,-0.123959056898,-1.35577302268,0.079447634083,1.89408698694,0.159175764524,-0.00112477087758,0.00150577048988,-0.000553588467579,-0.000427171525121,0.000155844524761,-0.000176999115302,0.000307740915145,0.573801819983,0.818979831405,0.00206253175083,0.0,0.818938524692,-0.573743163927,-0.0117992170839,0.0,-0.00848012059425,0.00845966182097,-0.999928258265,0.0,0.661693914749,0.26089019971,0.3033225715,1.0,0.0,0.0,0.0
0.465054311249,0.547657088466,-0.123959754211,-1.35577054352,0.079446961434,1.89408897814,0.159174941252,0.00113490429085,-0.000496186216026,-0.000893498988496,0.000200382503065,-0.000155741042023,-1.70077819456e-05,-0.00192188112449,0.57379665262,0.818983425034,0.00207312857735,0.0,0.818942270632,-0.573737969946,-0.0117917816608,0.0,-0.0084680041857,0.00846402042844,-0.999928324063,0.0,0.661693817901,0.260893999351,0.303329964096,1.0,-0.00016,-0.000210285714286,0.009
0.465052775891,0.547656190365,-0.123954782235,-1.35577161374,0.0794475552174,1.89409121418,0.159179012501,0.00430410521734,-0.000984389215041,0.00102777452239,-0.00201388787869,2.47682869722e-06,0.000164722823089,0.00108116217753,0.573797999606,0.818982473125,0.00207635811054,0.0,0.818941332525,-0.573739275884,-0.0117933918543,0.0,-0.00846745605336,0.00846760316004,-0.999928298372,0.0,0.661693267821,0.260895994126,0.303330121757,1.0,-0.00046,-0.000604571428571,0.024
0.465050307344,0.547634541877,-0.123955492564,-1.35578431306,0.0794482837021,1.89409161997,0.15917372526,5.7452876478e-05,-0.00391352022302,0.000476949320765,-0.00135887316225,0.00027034047642,0.000370427996738,-0.000883582484989,0.573797037389,0.818983123858,0.00208557437837,0.0,0.818942087735,-0.573738262214,-0.0117902632875,0.0,-0.00845961571254,0.00847334591811,-0.999928316086,0.0,0.661691776713,0.260892873688,0.303339473406,1.0,-0.00084,-0.001104,0.043
0.465053079735,0.547548102691,-0.123951939185,-1.35585573047,0.0794425277716,1.8941005835,0.159173214205,0.000620197786863,-0.00421873142579,-0.000647342394419,-0.00488147993468,9.07742568202e-05,0.00293550584423,0.00100709006618,0.57379414505,0.818985093318,0.00210782581301,0.0,0.818944320102,-0.57373525669,-0.0117814559835,0.0,-0.00843966533386,0.00848648583196,-0.999928373238,0.0,0.661678261617,0.260889101953,0.303367364582,1.0,-0.0011,-0.00144571428571,0.057
0.465052805649,0.547397330433,-0.123954853382,-1.35603111285,0.0794448160569,1.89414933751,0.159176301556,1.03882491297e-05,-0.00948726274187,0.000662433785607,-0.0109499986856,0.000154667985439,0.00474118169069,-0.00022155753827,0.573809179008,0.818974486707,0.00213614388056,0.0,0.818933961998,-0.573750057976,-0.0117806519265,0.0,-0.00842260285043,0.00850937081337,-0.999928322616,0.0,0.661652373694,0.260872081841,0.30339502608,1.0,-0.00148,-0.00194514285714,0.075
0.465039631829,0.547266987035,-0.12395200695,-1.35622275161,0.0794362212229,1.89420813987,0.159165358259,-0.000192905090844,-0.0103681794285,0.00183593976478,-0.0158344631918,-0.00487677168541,-0.000506831705385,-0.00063145933472,0.573817373315,0.818968743591,0.00213682093046,0.0,0.8189281712,-0.57375819158,-0.0117870653885,0.0,-0.00842738187223,0.00851368967196,-0.999928245587,0.0,0.661626869258,0.260846577183,0.303401136219,1.0,-0.0018,-0.00236571428571,0.091
0.465019319881,0.54704619197,-0.123955165134,-1.35647326528,0.0794339705927,1.8943580873,0.159151233728,0.00109742807133,-0.00598763440063,0.000322979110564,-0.0158075877221,-5.65906739043e-05,0.00241076984305,0.0017376200524,0.573838346405,0.818953760078,0.00224453798767,0.0,0.818914566708,-0.573778728148,-0.0117324532725,0.0,-0.00832062876847,0.00857078145287,-0.999928651876,0.0,0.661611316895,0.260814312395,0.303451418032,1.0,-0.0022,-0.00289142857143,0.111
0.464997357828,0.546864031579,-0.123952946691,-1.35667352931,0.0794303762112,1.89446501243,0.159131356691,0.00166555757764,-0.0112245231797,-9.15578373551e-05,-0.0120151266804,7.12530138139e-05,0.00125003811242,-0.000775279391355,0.573848870516,0.818946160099,0.00232541778107,0.0,0.818907977097,-0.573788908331,-0.0116944698439,0.0,-0.00824300094635,0.00861532735395,-0.999928912008,0.0,0.661596944672,0.260786378235,0.303494326845,1.0,-0.0025,-0.00328571428571,0.126
0.464956899756,0.546622941199,-0.123955764705,-1.35703243396,0.0794203836998,1.89460563079,0.159103031678,-0.00103200973858,-0.00974046079163,-0.000709025238675,-0.0161898445578,-0.00468223388678,0.00769373791186,0.0011616345794,0.573878240274,0.818925508753,0.00235018190921,0.0,0.818887570128,-0.573818102804,-0.011690991623,0.0,-0.00822563270724,0.00863390668213,-0.999928894783,0.0,0.661560783344,0.260726477966,0.303506530501,1.0,-0.00286,-0.00375885714286,0.144
0.464922186876,0.546403526925,-0.123952799195,-1.35735619701,0.0794124699545,1.89472839197,0.158990713558,-0.000559569323876,-0.0164497085918,0.00331312562442,-0.0235439683167,3.36510836217e-05,0.00913540674315,-0.0047874262566,0.573815785042,0.818969200804,0.00237484164447,0.0,0.818931454619,-0.573755430793,-0.0116929539896,0.0,-0.00821374903324,0.00865460072328,-0.999928813573,0.0,0.661521494441,0.260675605694,0.303519305063,1.0,-0.00316,-0.00415314285714,0.159
0.464880968232,0.546105909935,-0.123957976588,-1.35784172558,0.0793917977033,1.89489778353,0.158945016747,2.14987281065e-05,-0.0182040018836,0.000173720124946,-0.0312438307292,-0.00242771961564,0.00977898643662,-0.00123726081904,0.573850206262,0.818945121722,0.00236120340809,0.0,0.818907141128,-0.57378983743,-0.0117074152748,0.0,-0.00823305461941,0.00865207558203,-0.999928676656,0.0,0.661468883593,0.260600901411,0.303512848124,1.0,-0.0035,-0.0046,0.176
0.464829559113,0.545812290114,-0.123955913549,-1.35831777214,0.0793518974424,1.89506499282,0.158919622701,-0.00437981572869,-0.0206678470777,-0.000558494656955,-0.0278789963092,-0.00277702042664,0.0120344113006,-0.00477966848925,0.573886051079,0.818920058632,0.00234197529504,0.0,0.818881903463,-0.57382582747,-0.0117087493193,0.0,-0.00824480250548,0.00863745539518,-0.999928706257,0.0,0.661415846391,0.260520329774,0.303508536398,1.0,-0.00382,-0.00502057142857,0.192
0.464769122097,0.545478641136,-0.123961546227,-1.35890511139,0.0792540997308,1.89525516939,0.158809984962,-0.0044826705495,-0.0208702501072,-0.00149536536134,-0.0365532939878,-0.00294624457322,0.0112942271993,-0.0021291902099,0.573856442305,0.818941059266,0.00225210466646,0.0,0.818902266122,-0.573797104976,-0.0116922095108,0.0,-0.00828313878034,0.0085540680598,-0.999929106253,0.0,0.661350197747,0.260408828792,0.303481711903,1.0,-0.00416,-0.00546742857143,0.209
0.464700097008,0.545067424232,-0.123958743744,-1.35962279058,0.0792418508931,1.8954843204,0.158722337329,-0.00829590028669,-0.022116210872,0.000427161961109,-0.0478934057037,5.96030402769e-05,0.0169632646955,-0.000828921414457,0.57387588898,0.818927563374,0.00220383641523,0.0,0.818887801165,-0.573816379559,-0.01175919025,0.0,-0.00836548864737,0.00855317518974,-0.999928428336,0.0,0.661259856217,0.260298585659,0.303450997932,1.0,-0.00452,-0.00594057142857,0.227
0.464630674049,0.544651635925,-0.123971266727,-1.36031380068,0.079225124539,1.89572883613,0.158658558109,-0.00239062099946,-0.0228705320882,-0.00139206909089,-0.0441594638546,2.73497916041e-05,0.0102671206186,-0.00618190484523,0.5739233549,0.818894342742,0.00218747045412,0.0,0.818854189227,-0.573863720352,-0.0117895780291,0.0,-0.00839927053036,0.00855769828268,-0.999928106443,0.0,0.66118261452,0.260182757188,0.303438009988,1.0,-0.00486,-0.00638742857143,0.244
0.464562572866,0.544200791513,-0.123970147669,-1.36105830115,0.0791900968279,1.89598981704,0.158537890807,-0.00260028428439,-0.0305398037894,0.00402542825127,-0.043488450922,-0.000433592127344,0.0133816621211,-0.0109454269896,0.573901286715,0.818909889139,0.0021571923345,0.0,0.818869218779,-0.573841647921,-0.0118200062687,0.0,-0.00844179574978,0.00855013982501,-0.999927812991,0.0,0.661098459101,0.260077029419,0.303420245479,1.0,-0.00518,-0.006808,0.26
0.464501375423,0.543769435925,-0.123967841975,-1.36176534616,0.0791635244696,1.89623788446,0.158470557556,-0.00596240003594,-0.024514635606,0.00106402457823,-0.0467801230552,0.00044371081507,0.0173586847587,-0.00974082680879,0.573937296447,0.818884669575,0.00215048459456,0.0,0.818843732467,-0.573877498042,-0.011845080891,0.0,-0.00846580342573,0.00855940932994,-0.999927530716,0.0,0.661009759784,0.259963131301,0.303415394994,1.0,-0.0055,-0.00722857142857,0.276
0.464425961764,0.543246849648,-0.123974226013,-1.36260537706,0.079098192338,1.8965341347,0.158346370108,-0.00334108959859,-0.0300141143134,0.000330009599815,-0.048678297767,-0.00628832707609,0.0185147123755,-0.00598578638533,0.5739311131,0.818889075602,0.00212277560764,0.0,0.818847911156,-0.573871559845,-0.0118439055024,0.0,-0.00848080756109,0.00853598058472,-0.999927603849,0.0,0.660913934718,0.259826274343,0.303411113226,1.0,-0.00584,-0.00767542857143,0.293
0.464360353107,0.542700209677,-0.123980316093,-1.36349618407,0.0790485913921,1.89684295281,0.158230405911,-0.00377229694346,-0.0317470701299,0.000329066226574,-0.0518710329883,-0.000650857925516,0.0118732142193,-0.00371309743829,0.573930369607,0.818889672573,0.0020932984127,0.0,0.818848078569,-0.573870888151,-0.0118648580971,0.0,-0.00851489068106,0.00852385988686,-0.999927417591,0.0,0.660805929218,0.259693760052,0.303400729241,1.0,-0.00618,-0.00812228571429,0.31
0.4642871104,0.542137785698,-0.123980512083,-1.36435685611,0.0790018995898,1.8971674796,0.158119537179,-0.00657873198531,-0.036245894516,-0.00045022298684,-0.0598088599356,-0.00479334422207,0.0208323496843,-0.00686860681523,0.573931411069,0.818888882488,0.00211670178639,0.0,0.818847539031,-0.573871781447,-0.0118588861957,0.0,-0.00849655822445,0.00853960775054,-0.999927439166,0.0,0.660700486474,0.259558379868,0.303416574111,1.0,-0.00652,-0.00856914285714,0.327
0.46421837478,0.541517186523,-0.123978959139,-1.3653135033,0.078954671709,1.89752428969,0.157996111431,-0.00269647862072,-0.0374383983834,0.00172972655329,-0.0577590291061,-0.00267279814155,0.0178782114091,-0.00629642162577,0.573929724681,0.81888999916,0.0021417995542,0.0,0.818848884695,-0.573869896742,-0.0118571728366,0.0,-0.00848076924625,0.00855915890811,-0.999927406041,0.0,0.660595751046,0.259431608881,0.303431307867,1.0,-0.00684,-0.00898971428571,0.343
0.464134320307,0.540854467057,-0.123980658369,-1.36633507027,0.0788809578381,1.89789438242,0.157869598047,-0.00582819019857,-0.0388665568322,8.43942730619e-05,-0.0622645836513,-0.00573893734294,0.017863899148,-0.00790392961857,0.573933030157,0.81888767566,0.00214439928168,0.0,0.818846691962,-0.573873289346,-0.0118443969894,0.0,-0.00846878030104,0.00855398960335,-0.999927551887,0.0,0.660477545851,0.259275738245,0.303445660695,1.0,-0.00718,-0.00943657142857,0.36
0.464049989461,0.540151081177,-0.123983874457,-1.36740185381,0.0788188777712,1.89828722623,0.157720949217,-0.00582119072843,-0.0413095872505,0.000324191710397,-0.0580038460241,-0.00228922888495,0.0243203033225,-0.0139519399185,0.573925061959,0.818893191974,0.0021703213682,0.0,0.818852528525,-0.573865202457,-0.0118327020719,0.0,-0.00844440983906,0.00856842237852,-0.999927634422,0.0,0.660354092241,0.259117406216,0.303469179082,1.0,-0.00752,-0.00988342857143,0.377
0.463949755847,0.539412737582,-0.123988868645,-1.36855704928,0.0787570686787,1.89872588011,0.157579270866,-0.000479090850553,-0.0465532179747,-0.00074676059105,-0.0694579920436,-0.00122149194895,0.0196615948444,-0.00384226941682,0.57394208994,0.818881202521,0.00219099385567,0.0,0.818840766562,-0.573882104978,-0.0118268974795,0.0,-0.00842761412194,0.00858219457907,-0.999927658012,0.0,0.660224566602,0.258940663979,0.30347924938,1.0,-0.00786,-0.0103302857143,0.394
0.463843278814,0.538711274088,-0.12398152742,-1.36964412001,0.0787030372163,1.89914636859,0.157451858584,-0.00895408289607,-0.0451718113086,0.000128845634001,-0.0693137464684,-0.00166291062291,0.0252779525299,-0.0110450524293,0.573965518388,0.81886468231,0.00222770459914,0.0,0.818824601567,-0.573905262085,-0.0118223906352,0.0,-0.00840260853607,0.00860990966776,-0.999927630194,0.0,0.660104338792,0.258774593673,0.303493601155,1.0,-0.00818,-0.0107508571429,0.41
0.463706188166,0.537797526813,-0.123993096762,-1.37107512396,0.0786079769928,1.89970441628,0.157274428749,-0.00187425600364,-0.0477010135274,0.000243359702289,-0.0797060930985,-0.00542332394643,0.0317320637157,-0.0105375672637,0.573981136487,0.818853664682,0.00225337394879,0.0,0.818814081629,-0.573920947306,-0.0117895238104,0.0,-0.00836079723692,0.00861222440778,-0.999927960735,0.0,0.659941291222,0.258535322041,0.303507913706,1.0,-0.0086,-0.0113028571429,0.431
0.463600670964,0.537036551287,-0.123998669706,-1.37226572024,0.0785383347165,1.90013502302,0.157125508796,-0.00848259292154,-0.0474713836176,-0.00121185741568,-0.0791602822693,-0.00173362730042,0.0257359582842,-0.00772887635347,0.574009538961,0.818833754532,0.0022535573801,0.0,0.81879415031,-0.573949321288,-0.0117924939132,0.0,-0.00836282534779,0.00861436944787,-0.999927925298,0.0,0.65981422991,0.258355788096,0.30351467502,1.0,-0.0089,-0.0116971428571,0.446
0.46348639107,0.536288292947,-0.124004534265,-1.37343165734,0.0784829980213,1.90059261052,0.156977281328,-0.0091968563524,-0.0527910218668,-0.00179725676294,-0.0809501683575,-0.00285990177563,0.0318293961455,-0.0143446169126,0.574030341085,0.818819063188,0.00229263496739,0.0,0.818779861452,-0.573969862089,-0.0117848544783,0.0,-0.00833392058143,0.00864219376577,-0.99992792653,0.0,0.659677071071,0.258162871927,0.303526888402,1.0,-0.00922,-0.0121177142857,0.462
0.463377770853,0.535418852891,-0.12400910747,-1.3747941158,0.0783869143417,1.90108241305,0.156807521515,-0.0117189084362,-0.0494347115531,0.00200245903732,-0.0775229031338,-0.00119311682671,0.032009958028,-0.0132929929742,0.574037479954,0.818814089675,0.00228145998136,0.0,0.818774876685,-0.573977181519,-0.0117746892051,0.0,-0.00833193586841,0.00862728113532,-0.999928071846,0.0,0.659527456093,0.257963604059,0.303535462359,1.0,-0.00954,-0.0125382857143,0.478
0.463259625513,0.5345310513,-0.124022401525,-1.37624528167,0.0783114204163,1.90160985575,0.156634476364,-0.00377292076797,-0.0466833753208,-0.000532126415119,-0.0869353103993,-0.000290943140421,0.032516401192,-0.00652320901684,0.574061251775,0.818797502576,0.00225297323479,0.0,0.818757842735,-0.574000980465,-0.0117989951551,0.0,-0.0083679400289,0.00861815135997,-0.999927849921,0.0,0.659356539042,0.25774095325,0.303517294776,1.0,-0.00988,-0.0129851428571,0.495
0.463127104795,0.533551239468,-0.124023342279,-1.37781222721,0.0782178181525,1.90218764102,0.156441166573,-0.00721906189297,-0.0552791559211,0.000643074231711,-0.0878840444286,-0.0025648581258,0.0383010680477,-0.00857536870728,0.574072823899,0.818789413276,0.00224420784261,0.0,0.818749610678,-0.574012555373,-0.0118071245268,0.0,-0.00837950641672,0.00861575949672,-0.999927773672,0.0,0.65917266015,0.257503976253,0.303512666284,1.0,-0.01024,-0.0134582857143,0.513
0.463016679567,0.532725296946,-0.124018930634,-1.3791415881,0.0781498184493,1.90269631067,0.156269915464,-0.00425102177805,-0.0565625991077,0.000275588757426,-0.090340343581,-0.00714788612717,0.0339332233,-0.00965660586327,0.574074378465,0.818788307652,0.00224992089714,0.0,0.818748463835,-0.574013968805,-0.0118179307002,0.0,-0.00838505889269,0.00862665658963,-0.999927633173,0.0,0.659005924173,0.257293803235,0.303505207888,1.0,-0.01056,-0.0138788571429,0.529
0.46287328954,0.531633063746,-0.12402115734,-1.38089226864,0.0780388660109,1.9033307977,0.156050643099,-0.003587107788,-0.0579781548084,-0.000412793419108,-0.0948091699152,-0.00510006012595,0.0358835080569,-0.00660218815442,0.574079550692,0.818784735396,0.00223012583793,0.0,0.818744634531,-0.574019217853,-0.0118282654156,0.0,-0.00840482989834,0.00861643475247,-0.999927555319,0.0,0.658808339709,0.257046190781,0.303497995352,1.0,-0.01092,-0.014352,0.547
0.462760713432,0.530747169478,-0.12401618515,-1.3823252748,0.0779544232351,1.90383690764,0.155862612112,-0.00330306271974,-0.0582420933817,0.000744941004076,-0.0947620555021,-0.00953117660326,0.0353650167584,-0.00645265695976,0.574069470762,0.818791891139,0.00219741769376,0.0,0.818751263115,-0.574009163897,-0.0118573104708,0.0,-0.00844749441153,0.00860622415548,-0.999927283728,0.0,0.658630705196,0.25683715474,0.303483913353,1.0,-0.01122,-0.0147462857143,0.562
0.4626129787,0.529734373251,-0.124021659754,-1.38396522054,0.0778658059558,1.90442726531,0.155653085921,-0.00555199379531,-0.0530407224649,-0.000411760193661,-0.0942328864422,-0.00187113625691,0.0273080416301,-0.00354070241622,0.574088008196,0.818778967531,0.00216981018594,0.0,0.818737862755,-0.574027689687,-0.011885725276,0.0,-0.00848641413152,0.00860012368292,-0.99992700666,0.0,0.65843614186,0.256581048541,0.303468207896,1.0,-0.01156,-0.0151931428571,0.579
0.462475854421,0.528651821723,-0.124016608329,-1.38563190494,0.0777513480932,1.9050505535,0.155415312774,-0.0084466683696,-0.0638741312389,0.00149585764075,-0.0995045421303,-0.00281749877998,0.0307034439755,-0.0171968290477,0.574061561702,0.81879743793,0.00219679704197,0.0,0.818756767691,-0.574001223506,-0.0118616050652,0.0,-0.00845145036381,0.00860809970595,-0.999927234156,0.0,0.658239567743,0.25633389153,0.303491102628,1.0,-0.0119,-0.01564,0.596
0.46234479648,0.527604179848,-0.124019130635,-1.38725201641,0.0776461040475,1.90567962228,0.155187977275,-0.00151866987016,-0.0673814397771,0.000718001188081,-0.103216377248,-0.00834919043311,0.0412181586405,-0.0105333538863,0.574043988314,0.818809643578,0.00223918851351,0.0,0.818769619701,-0.573983582596,-0.0118280880096,0.0,-0.00839985680551,0.00862338836975,-0.999927537164,0.0,0.658053327617,0.256093282787,0.303512095907,1.0,-0.01222,-0.0160605714286,0.612
0.46217485,0.526311281804,-0.124024829167,-1.38925565789,0.0775221453542,1.90644158195,0.154920305332,-0.00803402656392,-0.0700904303871,-0.000122952471922,-0.108166063968,-0.0047796021966,0.0456355281512,-0.0114653927091,0.574042882001,0.818810309545,0.00227892691002,0.0,0.818770854606,-0.57398237629,-0.0118011125212,0.0,-0.00835496957233,0.00864042993126,-0.999927766118,0.0,0.657821352096,0.255788957321,0.303534483707,1.0,-0.0126,-0.01656,0.631
0.462029988915,0.525205045329,-0.124032598948,-1.39098053571,0.0774081119238,1.90706303808,0.154680690693,-0.00773145246462,-0.0660497161735,0.00289146114646,-0.105641863058,-0.0080510548937,0.0385663088139,-0.0194056224835,0.574032796231,0.818817391949,0.00227472964367,0.0,0.818777953722,-0.573972381599,-0.0117946836045,0.0,-0.00835222088299,0.00863319990894,-0.99992785153,0.0,0.65761470146,0.255522705444,0.30354577005,1.0,-0.01292,-0.0169805714286,0.647
0.461874358495,0.524037120308,-0.12404459767,-1.39285962495,0.0772945699168,1.90772676819,0.154417494068,-0.00834900203797,-0.0648698646723,-0.00342197043488,-0.115238744362,-0.00444644484926,0.0363834147989,-0.0162348708162,0.574023438019,0.818824070414,0.00223186397929,0.0,0.818784049934,-0.573963164632,-0.0118199882064,0.0,-0.00839764482355,0.00861253071337,-0.999927649321,0.0,0.657385009087,0.255232398948,0.30353059668,1.0,-0.01326,-0.0174274285714,0.664
0.461738766543,0.522969829793,-0.124041785166,-1.39455437366,0.0771877918202,1.90836402885,0.154201227786,-0.0113661283626,-0.069502255817,-0.000704277565579,-0.117258016079,-0.00440840090672,0.0438814692283,-0.00954024181362,0.574015019847,0.818829939208,0.0022437799136,0.0,0.81879008759,-0.573954715492,-0.011812024833,0.0,-0.00838437293912,0.008617630337,-0.999927716756,0.0,0.65716899029,0.254967289967,0.303531156679,1.0,-0.01358,-0.017848,0.68
0.461575239133,0.521736460307,-0.124051753641,-1.39650484063,0.0770657380405,1.90913138307,0.153939649362,-0.0113406669215,-0.0686660944458,-0.00176701990955,-0.117857165608,-0.0144030220702,0.0358621872403,-0.0154306078314,0.574016019642,0.818829158172,0.00227284472657,0.0,0.818789789505,-0.573955711544,-0.0117842560309,0.0,-0.00834494089919,0.00862549986416,-0.999927978763,0.0,0.656958095617,0.254687503685,0.303534502975,1.0,-0.0139,-0.0182685714286,0.696
0.461386565504,0.520327150168,-0.124053236623,-1.39876611485,0.076937496083,1.9099705883,0.153630183949,-0.00677113297267,-0.0708877866305,-0.00125207781003,-0.120667358511,0.000376337719121,0.0375192536158,-0.0133647518904,0.574004328477,0.818837375165,0.00226513231352,0.0,0.81879779505,-0.573943936619,-0.0118014974281,0.0,-0.00836360924543,0.00862896208429,-0.99992779292,0.0,0.656684586625,0.254349038724,0.303520926154,1.0,-0.01428,-0.018768,0.715
0.461234791674,0.519082271442,-0.124059554074,-1.40069451662,0.0768059534253,1.91066121754,0.15337070835,-0.0124348947277,-0.071919194092,-0.000481947365649,-0.120749132938,-0.0156723767245,0.0401376946568,-0.0121398819401,0.573987410618,0.81884924107,0.0022626868223,0.0,0.818809722448,-0.573927126508,-0.0117914708451,0.0,-0.00835698050424,0.00862103176826,-0.999927916746,0.0,0.656446803939,0.254058828474,0.303537100831,1.0,-0.0146,-0.0191885714286,0.731
0.461071888683,0.517795834627,-0.124066891625,-1.40268199929,0.0766781910818,1.91137162275,0.153100438613,-0.00991801839577,-0.0801353144861,-0.000319521815125,-0.126490315253,-0.009816313518,0.0463341436925,-0.0107870203027,0.573965375827,0.818864692838,0.00226032666262,0.0,0.81882515371,-0.573905114014,-0.0117912959811,0.0,-0.00835842385622,0.00861877389432,-0.999927924146,0.0,0.656184769734,0.25374060744,0.303552274142,1.0,-0.01494,-0.0196354285714,0.748
0.46090622726,0.516548055724,-0.124071641214,-1.40469306342,0.0765476470802,1.91211707297,0.152813058436,-0.0066697451613,-0.0728643169238,-0.00362631732402,-0.127552604803,-0.0101233980106,0.0544473410175,-0.0167825071277,0.573950283545,0.818875315753,0.00224414133781,0.0,0.818835639636,-0.573890161434,-0.0117908766869,0.0,-0.00836752833619,0.00860512560078,-0.999927965547,0.0,0.655957738746,0.253451999954,0.30353864105,1.0,-0.01524,-0.0200297142857,0.763
0.46072009752,0.515161293648,-0.124067614853,-1.40687030702,0.0764254156099,1.91293430936,0.152516619025,-0.0128340604262,-0.0808189555934,0.00286487112337,-0.128115554735,-0.00836947122399,0.04673748587,-0.0148481532357,0.573939133456,0.818883052468,0.00227252484669,0.0,0.818843613981,-0.573878768283,-0.0117916096446,0.0,-0.00835195634043,0.00862867480854,-0.999927892798,0.0,0.655693783469,0.253127782306,0.303545495805,1.0,-0.01558,-0.0204765714286,0.78
0.460528108346,0.513757009018,-0.124073840407,-1.4091234828,0.0762804998078,1.91372627958,0.152215299307,-0.0127142541409,-0.079536332721,0.000402727152819,-0.135850531218,-0.0137270642068,0.0387283701128,-0.0177086595572,0.573933139405,0.81888740081,0.00221882618511,0.0,0.818847256497,-0.573872974888,-0.0118205804845,0.0,-0.00840656189778,0.00860126820245,-0.999927671335,0.0,0.655411381912,0.252779738266,0.303526184079,1.0,-0.01592,-0.0209234285714,0.797
0.460331180624,0.512363923124,-0.124076314387,-1.41140357675,0.0761400074997,1.91452581033,0.151898050569,-0.0161987806825,-0.0820800003712,0.000865576671117,-0.13378164138,-0.0107956752678,0.0513043422483,-0.00702243245559,0.573917801936,0.81889835229,0.00214292766864,0.0,0.818857130104,-0.573857847452,-0.0118709012403,0.0,-0.00849148909415,0.00856783810501,-0.999927240735,0.0,0.655123055638,0.252428599893,0.303486359071,1.0,-0.01626,-0.0213702857143,0.814
0.460155477091,0.510992691022,-0.12409277382,-1.41356584606,0.0760179000893,1.91534818436,0.151574700578,-0.00918637580455,-0.0861406048226,-0.00142852540072,-0.130951323371,-0.00487137628439,0.054216663073,-0.0209709654552,0.573888983926,0.818918477471,0.00216985827704,0.0,0.81887758387,-0.573828903423,-0.0118591371097,0.0,-0.00846670212056,0.00858284169567,-0.999927322251,0.0,0.6548627644,0.252101371166,0.30348926523,1.0,-0.01658,-0.0217908571429,0.83
0.45995918812,0.509519868654,-0.124100014766,-1.41591839198,0.0758628621537,1.91623144027,0.151252105729,-0.00862730473658,-0.0872033153164,-0.0050530849244,-0.14434165154,-0.0131667962401,0.0473781865822,-0.0254307640334,0.573873902351,0.818929072006,0.0021601217395,0.0,0.818888094102,-0.573813905403,-0.0118590980126,0.0,-0.00847241535902,0.00857468991847,-0.999927343796,0.0,0.654555802488,0.251726911076,0.303474032357,1.0,-0.01694,-0.022264,0.848
0.459748514969,0.508021601341,-0.12409717693,-1.41830504141,0.0757040179624,1.91707938397,0.150914932537,-0.0189145589259,-0.0878475933426,-0.00131628597119,-0.147190225616,-0.0110488212408,0.0568734721202,-0.0223633280539,0.573846570896,0.818948321759,0.00212279544166,0.0,0.818906920265,-0.57378678929,-0.0118711111186,0.0,-0.00850395827476,0.00855073291373,-0.999927281186,0.0,0.65427510308,0.251375997421,0.303462901175,1.0,-0.01726,-0.0226845714286,0.864
0.459547898654,0.506572606849,-0.124103180343,-1.42057562534,0.0755763854458,1.91790843105,0.150609514708,-0.0125393945585,-0.0931231359312,-0.00174250124085,-0.144720994173,-0.00347264076784,0.0548539569865,-0.014325108263,0.573848195516,0.818947154236,0.00213400392565,0.0,0.818905767194,-0.573788236399,-0.0118807040293,0.0,-0.00850536616083,0.00856543360176,-0.999927143393,0.0,0.653993843525,0.251026549724,0.303467497361,1.0,-0.01758,-0.0231051428571,0.88
0.459273558138,0.504565739155,-0.124104045073,-1.42362544466,0.0753718687428,1.91908397802,0.150192413501,-0.0183419565998,-0.101511116831,0.000269739782415,-0.149617030057,-0.00704114837743,0.054230281343,-0.0217133565756,0.573833930906,0.818956878263,0.00223566259047,0.0,0.81891699421,-0.573773755596,-0.0118059681712,0.0,-0.00838597577358,0.00860565289795,-0.999927806468,0.0,0.653630026088,0.250557962469,0.303520250183,1.0,-0.018,-0.0236571428571,0.901
0.459069298473,0.503105986342,-0.124107225599,-1.42580060823,0.0752373537963,1.91989937235,0.149884489803,-0.0123514832366,-0.0962180423978,-0.000472495599162,-0.150675611385,-0.0139704784409,0.0563953381774,-0.0251399139302,0.57382666264,0.818961735183,0.00232044201375,0.0,0.818922963103,-0.573766174429,-0.0117602927211,0.0,-0.00829999839664,0.00864879928964,-0.999928151568,0.0,0.653367822853,0.250217379579,0.303575216402,1.0,-0.0183,-0.0240514285714,0.916
0.458840372783,0.501400382101,-0.124118435802,-1.42831879644,0.0750792198487,1.92081660645,0.14952736772,-0.0125142410589,-0.098609457331,-0.00148568424465,-0.155648977261,-0.00540749703431,0.0506514622377,-0.0211846687331,0.57381561181,0.818969225989,0.00240778492984,0.0,0.818931617985,-0.573754831219,-0.0117109187377,0.0,-0.00820956187772,0.00869188655444,-0.999928524547,0.0,0.653058227699,0.249821754561,0.30364703438,1.0,-0.01864,-0.0244982857143,0.933
0.458616788483,0.49979075581,-0.12411174688,-1.43076240637,0.0749264818086,1.9216862869,0.149183097403,-0.00963144070447,-0.0981832034229,0.000250233723088,-0.152329060371,-0.00579080835824,0.0608695579274,-0.0195842240733,0.573795039315,0.818983542281,0.00244074403228,0.0,0.818946267752,-0.573734040576,-0.011705046774,0.0,-0.00818606034089,0.00871530378624,-0.999928513393,0.0,0.652747826182,0.249445463396,0.303682124885,1.0,-0.01896,-0.0249188571429,0.949
0.458379499462,0.49821547904,-0.124114567065,-1.43323400347,0.0747693299226,1.92261776008,0.14883705298,-0.0136487218474,-0.099014877292,-0.000582317856139,-0.157295484014,-0.00279533877764,0.0646326868588,-0.0127234402546,0.573791259809,0.818986115114,0.00246583019799,0.0,0.818949200139,-0.573730206778,-0.0116877852108,0.0,-0.00815756959323,0.00872590666956,-0.99992865376,0.0,0.652446877201,0.249054403321,0.303685109281,1.0,-0.01928,-0.0253394285714,0.965
0.458113952246,0.49652993469,-0.124111783331,-1.43590937494,0.074607237025,1.92356692302,0.148435854839,-0.0210362139879,-0.102836398005,0.000489525607046,-0.154038030714,-0.00564913609962,0.052951338506,-0.0262707665062,0.573769736268,0.819001288234,0.00243444338959,0.0,0.818963815557,-0.573708639973,-0.0117222920501,0.0,-0.00820406903774,0.00871978534805,-0.999928326729,0.0,0.652107982157,0.248626091514,0.303668769352,1.0,-0.01962,-0.0257862857143,0.982
0.457863171397,0.494977630555,-0.124116699279,-1.43847506421,0.0744449748791,1.92445233884,0.148068248937,-0.0166283495159,-0.0927009517771,0.000419525975306,-0.162576821092,-0.00937902610407,0.0534236526089,-0.0249441274199,0.573762932905,0.819006379404,0.00232254608483,0.0,0.818967349263,-0.573702147379,-0.0117929570179,0.0,-0.00832621765897,0.00866861791464,-0.999927761972,0.0,0.65177623379,0.248210010996,0.303606022559,1.0,-0.01994,-0.0262068571429,0.998
0.457583544055,0.493233843723,-0.12412236432,-1.44126484535,0.0742664734293,1.92546857544,0.147675938801,-0.020906954375,-0.110498830042,0.000577910685306,-0.16529342917,-0.0157257074609,0.06342897361,-0.0280218402378,0.573766603036,0.819003895165,0.00229169073512,0.0,0.818964458558,-0.573705929892,-0.0118096793897,0.0,-0.00835757776586,0.0086529794851,-0.999927635802,0.0,0.651428278744,0.247756951887,0.303580629564,1.0,-0.021548,-0.0283202285714,1.015
0.457294018582,0.49133107737,-0.124127651109,-1.4443023433,0.0740752977081,1.92657833512,0.147244669225,-0.0135535058316,-0.122663490735,0.000206788925594,-0.185390114954,-0.0143872089634,0.057014914084,-0.0317909673769,0.57375463687,0.819012348213,0.00226650513779,0.0,0.818972548098,-0.573694025567,-0.0118269773181,0.0,-0.00838632147179,0.00864215495267,-0.999927488756,0.0,0.651044574234,0.247274854018,0.303555330773,1.0,-0.023452,-0.0308226285714,1.032
0.456924843441,0.489031155275,-0.124142536617,-1.44801729611,0.0738473710176,1.92788285011,0.14671301363,-0.0210691907725,-0.129121809099,-0.00308316862256,-0.198338363871,-0.0139858006074,0.0779308949404,-0.0311426663207,0.573755481576,0.819012014952,0.00217108890436,0.0,0.818970825925,-0.573695097256,-0.0118940560284,0.0,-0.00849599530787,0.00860250394247,-0.999926904823,0.0,0.650567102426,0.246667840431,0.303500101537,1.0,-0.02558,-0.0336194285714,1.051
0.456581204004,0.486896242513,-0.12416249534,-1.451330968,0.0736484294628,1.9291483449,0.146226587939,-0.0201207804887,-0.135850433686,0.000174688858367,-0.212141817799,-0.010464851908,0.0801990139721,-0.028439706884,0.573763792245,0.819006001532,0.00224211160899,0.0,0.81896576541,-0.573703153249,-0.011853857583,0.0,-0.00842223615595,0.00863769323192,-0.999927225449,0.0,0.65016657612,0.246121845995,0.303516624867,1.0,-0.027372,-0.0359746285714,1.067
0.456179735287,0.484460750321,-0.124184073726,-1.45505100013,0.073417486709,1.93053701437,0.145654092436,-0.0214112229816,-0.146321177397,-0.000397719110946,-0.227168396876,-0.0108802944439,0.0825959864765,-0.0374330545449,0.573760293699,0.819008216922,0.00232656190973,0.0,0.818969128893,-0.573699378505,-0.0118040638912,0.0,-0.00833303863508,0.00867825262881,-0.99992762158,0.0,0.6497132866,0.245496664457,0.303557903746,1.0,-0.029276,-0.0384770285714,1.084
0.455804327252,0.482184065388,-0.124220599502,-1.45860096441,0.0731985953897,1.93172881452,0.145126886611,-0.0258590767577,-0.148479148536,-0.000211025692327,-0.244127378044,-0.0143321744063,0.0787476861852,-0.039099315486,0.573776577448,0.818997006908,0.00225582545137,0.0,0.81895688731,-0.573715819336,-0.0118542090527,0.0,-0.00841452099195,0.00864925781362,-0.999927190437,0.0,0.64925200603,0.244886903383,0.303552115975,1.0,-0.030956,-0.0406850285714,1.099
0.455356167954,0.479432784566,-0.124247790603,-1.46285065696,0.0729384737952,1.93327771365,0.144496322621,-0.0243647586679,-0.166029667229,-0.00302289601639,-0.24767266304,-0.0107900482957,0.0876777602608,-0.0411706222396,0.573783696967,0.818991905104,0.00229681747361,0.0,0.818952280898,-0.573722738574,-0.0118375570484,0.0,-0.00837728827665,0.00867334814395,-0.999927294393,0.0,0.648717935871,0.2441764762,0.303571549877,1.0,-0.03286,-0.0431874285714,1.116
0.454872268374,0.476548026708,-0.124263116786,-1.46725478108,0.072659733942,1.93490294544,0.143868516918,-0.0261439772219,-0.164888199185,-0.000394937383803,-0.263345575701,-0.0152340113786,0.102356556772,-0.0348446863135,0.573814689085,0.818969946652,0.0023824297398,0.0,0.818931456551,-0.573753419929,-0.0117910767909,0.0,-0.00828976992325,0.00871710755105,-0.999927643258,0.0,0.648168334078,0.243435917456,0.303614248924,1.0,-0.034764,-0.0456898285714,1.133
0.454387362656,0.473700532505,-0.124285609364,-1.47165225924,0.0724004165236,1.93650068261,0.143231964859,-0.0289744527785,-0.173739928716,0.000446374349907,-0.281039823971,-0.0178327834519,0.0959354868463,-0.0453772416496,0.573847169275,0.818947051088,0.00242914191904,0.0,0.818908999355,-0.573785541488,-0.0117877078327,0.0,-0.00825986108526,0.00875375748722,-0.999927570589,0.0,0.647573070567,0.242649110694,0.303632447189,1.0,-0.036668,-0.0481922285714,1.15
0.453820037463,0.470323747937,-0.124286484509,-1.47682961937,0.0720698860088,1.93830876437,0.142441973097,-0.0316396137177,-0.193460005126,-0.000143588397954,-0.288929242459,-0.0140215395825,0.109214742368,-0.045456202233,0.573823666559,0.818963493638,0.00243776258511,0.0,0.818925354927,-0.573761798192,-0.0118071543895,0.0,-0.00827109260854,0.00877173909682,-0.999927320169,0.0,0.646931715986,0.241826955759,0.303656430845,1.0,-0.038572,-0.0506946285714,1.167
0.453300092126,0.467162715603,-0.124287524583,-1.48157904566,0.0717639572407,1.94014841321,0.141679258054,-0.034791945146,-0.201380016444,0.000637553261255,-0.302100948188,-0.0117297747698,0.115265574883,-0.0420042275443,0.573767982183,0.819001861621,0.00264578628789,0.0,0.818966556204,-0.57370550202,-0.0116843345386,0.0,-0.00805174460941,0.00887107833175,-0.999928234114,0.0,0.646342232068,0.241045828597,0.303737238401,1.0,-0.040364,-0.0530498285714,1.183
0.452712227222,0.463670781895,-0.12429615684,-1.48696017631,0.0714009723438,1.94197943872,0.140858392899,-0.0342062222045,-0.200793910284,-0.00243682365982,-0.325672047378,-0.0265351546536,0.105855898117,-0.0401355752004,0.573736356289,0.819024196178,0.00258968104434,0.0,0.818988051939,-0.573673959306,-0.0117262993653,0.0,-0.00811864664286,0.00884889247285,-0.999927889739,0.0,0.645618506338,0.240137882744,0.303742716991,1.0,-0.042268,-0.0555522285714,1.2
0.452078991495,0.460088378616,-0.124299911202,-1.49256174906,0.0710140028251,1.94394586341,0.140030057486,-0.0388104300645,-0.218773571021,-0.00109528357378,-0.332892406991,-0.0243246370925,0.11384039753,-0.0473790749103,0.573733855082,0.819026135276,0.00252985542153,0.0,0.818989223648,-0.573671686829,-0.011755602132,0.0,-0.00817699638747,0.00881668100609,-0.999927698819,0.0,0.644874823433,0.23918478143,0.303714460615,1.0,-0.044172,-0.0580546285714,1.217
0.45141353797,0.456400976421,-0.124303919092,-1.49834640427,0.0706349145119,1.94601638234,0.13913709797,-0.0391630092444,-0.216064838902,-0.000891815220007,-0.348090968155,-0.0182948338812,0.125430795065,-0.0632799249949,0.573714031544,0.819040108073,0.00250165519479,0.0,0.819002713642,-0.573651845083,-0.0117839968046,0.0,-0.00821664509401,0.00880967632119,-0.99992743554,0.0,0.644110389384,0.238199620077,0.303677370992,1.0,-0.046076,-0.0605570285714,1.234
0.450733296313,0.452764687591,-0.124350330841,-1.50398233438,0.0702374160202,1.94797872655,0.138240596366,-0.036985540931,-0.232969772756,-0.00701740039543,-0.352076229427,-0.0309022651661,0.122294170591,-0.0519600659465,0.573718901422,0.819036869165,0.0024445860038,0.0,0.818998946563,-0.573657155802,-0.0117872824481,0.0,-0.00825202353526,0.00876486884968,-0.999927537965,0.0,0.643368282992,0.237187843071,0.303664408772,1.0,-0.047868,-0.0629122285714,1.25
0.449948872759,0.448441673687,-0.124404947911,-1.51047647085,0.0698067839078,1.95036431849,0.137260134797,-0.0469049062547,-0.245535724716,-0.000203142799999,-0.365540718882,-0.0226276075773,0.118139518135,-0.0535242052032,0.573774873656,0.818997150766,0.00260927196128,0.0,0.818961616356,-0.573712790406,-0.0116727015405,0.0,-0.00806309184507,0.00883456652731,-0.999928465934,0.0,0.642533565586,0.236036116907,0.303747098987,1.0,-0.049884,-0.0655618285714,1.268
0.449212874808,0.444484001483,-0.124417768806,-1.51657904178,0.0693952856023,1.95236926822,0.136348600432,-0.0490281751547,-0.24969767634,0.000333062351099,-0.384188227004,-0.0224219531503,0.132228334682,-0.0637193134854,0.573799914885,0.81897998179,0.00248877599555,0.0,0.818942596201,-0.573737954239,-0.0117699147978,0.0,-0.0082115774568,0.00879191005583,-0.999927633538,0.0,0.641683572455,0.23496110168,0.30372780739,1.0,-0.051676,-0.0679170285714,1.284
0.448416496116,0.440219246641,-0.124428058482,-1.52316884265,0.0689275965285,1.95467621985,0.135266424703,-0.0474645173141,-0.256960917583,0.00220554279442,-0.391958611258,-0.0311869332702,0.141626064823,-0.064694832993,0.573735979743,0.819024878861,0.00245362085529,0.0,0.818987106979,-0.573674233494,-0.0117787660008,0.0,-0.00823968197293,0.00876755450014,-0.999927616195,0.0,0.640787278581,0.233808095776,0.303708952329,1.0,-0.05358,-0.0704194285714,1.301
0.447613691707,0.436083869914,-0.124439813576,-1.52951893119,0.0685222613691,1.95695856832,0.134246267216,-0.0500875630464,-0.267621249643,-0.00122687351835,-0.39216081632,-0.0268878359745,0.138688633263,-0.0624214920755,0.573729828659,0.81902893686,0.00253598011754,0.0,0.818992049243,-0.573667578464,-0.0117592345234,0.0,-0.00817650119991,0.00882374104593,-0.999927640593,0.0,0.639886663901,0.232614295035,0.303720485724,1.0,-0.055484,-0.0729218285714,1.318
0.446703163498,0.43150947547,-0.124475863929,-1.53637093386,0.0680242771812,1.95945921475,0.133134535786,-0.0573616393345,-0.262159579425,-0.00625733097481,-0.412616079612,-0.0284888907194,0.140914225097,-0.0614752476831,0.573755231665,0.819010713733,0.00267054850668,0.0,0.818976009451,-0.573692975995,-0.011636672127,0.0,-0.00799863822245,0.00886388732839,-0.999928724104,0.0,0.639036604337,0.231428869624,0.303785061625,1.0,-0.057276,-0.0752770285714,1.334
0.445775077435,0.426841787769,-0.124520981491,-1.54366942269,0.0674954919116,1.96179460505,0.131972806946,-0.0553679741541,-0.283457820557,-0.00335418088336,-0.431474649153,-0.0238995433546,0.143291702528,-0.0736377026923,0.573761265134,0.819007331324,0.00239765937397,0.0,0.818968961738,-0.573699863509,-0.0117920829941,0.0,-0.00828242503047,0.00872961713752,-0.999927594989,0.0,0.637990226773,0.230091820171,0.303693493614,1.0,-0.05918,-0.0777794285714,1.351
0.444803478876,0.422004746589,-0.124572949692,-1.55102395036,0.0669609268393,1.96428339218,0.130750239304,-0.0541867568493,-0.28765080184,-0.00396957054375,-0.441265846499,-0.0270613010401,0.147225749991,-0.0739321828453,0.573755326208,0.819011641288,0.00234605697314,0.0,0.818972761319,-0.573694289745,-0.011799365812,0.0,-0.00831805861934,0.0086914730758,-0.99992763148,0.0,0.636966652457,0.228729590848,0.303697831145,1.0,-0.061084,-0.0802818285714,1.368
0.443774775964,0.417021245651,-0.124588656135,-1.55842260045,0.0664539175828,1.96697581029,0.129573970399,-0.0628552234571,-0.299777667662,-0.00156814404968,-0.431052536191,-0.0333964249125,0.164112695703,-0.0749507349395,0.573814513453,0.818969500068,0.00257079947823,0.0,0.81893363956,-0.573752750209,-0.0116714405974,0.0,-0.00808370623662,0.00880272566071,-0.999928580307,0.0,0.635970504763,0.227368463358,0.303790828011,1.0,-0.062988,-0.0827842285714,1.385
0.442651287722,0.411665196946,-0.124602004857,-1.56653648584,0.0658872377148,1.96982472774,0.128169428187,-0.0593393127145,-0.296870409747,-0.00258276736954,-0.469176948927,-0.0377278346562,0.150431682089,-0.0765753730276,0.573770126518,0.819000387599,0.00263703043258,0.0,0.818965335238,-0.573708080714,-0.0116432256695,0.0,-0.00802307513698,0.00884034178167,-0.999928736772,0.0,0.63484141894,0.225874316665,0.303803463953,1.0,-0.065004,-0.0854338285714,1.403
