position_joint1,position_joint2,position_joint3,position_joint4,position_joint5,position_joint6,position_joint7,velocity_joint1,velocity_joint2,velocity_joint3,velocity_joint4,velocity_joint5,velocity_joint6,velocity_joint7,ee_T_00,ee_T_10,ee_T_20,ee_T_30,ee_T_01,ee_T_11,ee_T_21,ee_T_31,ee_T_02,ee_T_12,ee_T_22,ee_T_32,ee_T_03,ee_T_13,ee_T_23,ee_T_33,v_x,v_y,time
0.465075836265,0.547850565692,-0.123918250056,-1.35584691443,0.0794959508101,1.89409431302,0.159162276342,-0.000294689601237,0.000909263673416,0.00274318088805,0.000244746151586,-0.000226262949374,0.000126055096802,-0.00113319046813,0.573757179147,0.819011541646,0.00188173565861,0.0,0.818967148401,-0.573698554145,-0.0119802217425,0.0,-0.00873255898074,0.00841497993333,-0.999926462559,0.0,0.661654318469,0.260928901952,0.303155733795,1.0,0.0,0.0,0.0
0.465074793324,0.547851164683,-0.123913275808,-1.35584473755,0.0794973131551,1.89409303263,0.159162097361,0.000141381193826,0.000593086369678,0.00109726555616,0.000558530893807,0.000255084109332,0.00180934320032,-0.00191541021203,0.573754645619,0.819013311414,0.00188394722844,0.0,0.818968909228,-0.573695975057,-0.0119833560521,0.0,-0.00873388333421,0.00841856249513,-0.999926420837,0.0,0.661653599434,0.260931475007,0.303156072234,1.0,-0.00026,-0.000341714285714,0.014
0.46507772884,0.547839356757,-0.123911588493,-1.35585853254,0.0794967027487,1.89409268543,0.159170279642,0.001704410155,-0.001348871011,0.00141389969639,-0.00137205310208,7.37661170263e-05,2.44371276448e-05,-0.000502169240387,0.57375833096,0.819010732567,0.0018826833047,0.0,0.818966296443,-0.573699648532,-0.0119860530142,0.0,-0.00873677951961,0.00841911403967,-0.999926390892,0.0,0.661649560578,0.260932788495,0.303157784561,1.0,-0.00064,-0.000841142857143,0.033
0.465072508028,0.547826642033,-0.123914314318,-1.35586916859,0.0794926654063,1.89409471583,0.15916226329,-0.000655756898392,-0.00130245242664,0.00219228934323,0.000748522983216,-0.000335222778692,0.00449516802443,-0.000763523043138,0.57375744871,0.819011347699,0.00188395627506,0.0,0.818966971109,-0.573698802323,-0.0119804568392,0.0,-0.00873147475126,0.00841693636685,-0.999926455561,0.0,0.66165007958,0.260926145796,0.30316198876,1.0,-0.0009,-0.00118285714286,0.046
0.465070010778,0.547738284751,-0.123912782084,-1.35597925636,0.0794938454039,1.8941158877,0.159168796237,-0.00076257651434,-0.00327093611719,0.00248875080745,-0.00805019726209,0.000491213803704,-0.000965975221299,0.00123405039737,0.573770084854,0.819002483258,0.00188919184789,0.0,0.818958069992,-0.573711313298,-0.0119898077585,0.0,-0.00873599978691,0.0084267241651,-0.9999263336,0.0,0.661631634252,0.260915103211,0.303173976903,1.0,-0.00124,-0.00162971428571,0.063
0.465070614589,0.547593360579,-0.123911913958,-1.3561711385,0.079490996963,1.89414857672,0.159158788028,-0.00065726238668,-0.0070639200195,0.000218911975693,-0.0121636169535,0.000565518148684,0.00113411659111,-8.86078739739e-06,0.573770471439,0.819002224353,0.00188401464213,0.0,0.818957606184,-0.573711589662,-0.0120082497744,0.0,-0.00875407078355,0.0084330696183,-0.999926122062,0.0,0.661597792548,0.260896888272,0.303188119473,1.0,-0.0016,-0.00210285714286,0.081
0.465055578825,0.547442683434,-0.123914341049,-1.3563645432,0.079486672504,1.89423137439,0.159157169665,-0.0004234922022,-0.0113668412373,-0.00017376690514,-0.0138371621946,0.000232806187804,0.0135271117217,0.00100959696639,0.573792875002,0.81898644145,0.00192151487738,0.0,0.818942276316,-0.57373379462,-0.0119928259603,0.0,-0.00871969171519,0.00845517064303,-0.999926235812,0.0,0.661578668809,0.260869489149,0.303210065015,1.0,-0.0019,-0.00249714285714,0.096
0.465033212099,0.54723814165,-0.123910367373,-1.35660686389,0.0794848586536,1.89437463836,0.159145099454,6.08881624816e-05,-0.0109260892477,0.000370293368407,-0.0134594260409,-0.000100526873913,0.00593327174949,0.00140563372032,0.573811907702,0.818972873924,0.0020182313814,0.0,0.818929912233,-0.573752360648,-0.0119488243444,0.0,-0.008627964109,0.00850933157092,-0.99992657206,0.0,0.661562112342,0.260840371931,0.303251921106,1.0,-0.00228,-0.00299657142857,0.115
0.465006353762,0.547030979775,-0.12391172368,-1.35688174816,0.0794771234041,1.89450914804,0.159127491226,-0.000170256100083,-0.0121290075855,0.000402398883477,-0.0173554163851,1.55311955569e-05,0.00387064215964,0.00127066449182,0.573833939335,0.818957285467,0.00207883364964,0.0,0.818915089357,-0.573774115215,-0.0119200685264,0.0,-0.00856941101271,0.00854269259693,-0.999926791119,0.0,0.661539119656,0.260799804346,0.303279531165,1.0,-0.00262,-0.00344342857143,0.132
0.46497749882,0.5468098471,-0.123914319947,-1.35722943589,0.0794706357604,1.89463675663,0.159089836303,-0.00139817142359,-0.0130223791325,-0.000507979131398,-0.020882996714,7.72870267187e-05,0.00697451786317,-0.00391414205131,0.573846281205,0.818948617197,0.00208682509411,0.0,0.818906404036,-0.573786301903,-0.0119301332199,0.0,-0.0085729395056,0.00855514172917,-0.999926654439,0.0,0.661499127555,0.260748460501,0.303281818727,1.0,-0.00294,-0.003864,0.148
0.464933898463,0.546533432879,-0.123907619508,-1.35762816628,0.0794609019054,1.89478201595,0.158958196801,-0.00144033319027,-0.022992543879,0.000537975095213,-0.0235331823954,-5.7159189862e-05,0.00482022038116,-0.00809839786254,0.573789170118,0.818988554181,0.00211737500466,0.0,0.818946565823,-0.573728899275,-0.0119339584884,0.0,-0.00855914096726,0.00858175835133,-0.999926544567,0.0,0.66145427435,0.260688089187,0.303300168619,1.0,-0.00328,-0.00431085714286,0.165
0.464900131392,0.546271050455,-0.123914656544,-1.35807176058,0.0794484837165,1.89493846388,0.158941827932,-0.000358987073962,-0.0181825798299,0.000783103687209,-0.0316961487178,0.000447075490267,0.0139621121445,-0.00124949472218,0.573829839902,0.818960100126,0.00210146164346,0.0,0.818917797039,-0.57376952202,-0.0119550907547,0.0,-0.00858515296959,0.0085812773696,-0.9999263257,0.0,0.661401688781,0.260621077147,0.303288634246,1.0,-0.0036,-0.00473142857143,0.181
0.464850448526,0.545970855285,-0.123910697764,-1.35857297844,0.0794189551216,1.89510817575,0.158892311638,0.000384300769749,-0.0190284568659,-0.000861450799896,-0.0313467860059,-0.00301088967896,0.0163510121177,-0.00288046884863,0.573848062522,0.81894741137,0.00207013326105,0.0,0.818904667497,-0.573787840254,-0.0119752590287,0.0,-0.00861945604035,0.00856738593034,-0.999926149711,0.0,0.661338490956,0.260533120238,0.303274355509,1.0,-0.00394,-0.00517828571429,0.198
0.464784068815,0.545590052043,-0.123918223611,-1.35921848033,0.0793178770133,1.89532425831,0.158772946534,-0.00154212879918,-0.0250995095553,-0.000657373789354,-0.0339662302511,-0.0103964950703,0.00804760491776,-0.00801471936818,0.573818283374,0.818968455418,0.00199839839116,0.0,0.818925314406,-0.573758896229,-0.0119501181883,0.0,-0.00864033733286,0.00849389886959,-0.999926596432,0.0,0.661271600076,0.260420107095,0.303258390948,1.0,-0.00428,-0.00562514285714,0.215
0.464717684398,0.545205047626,-0.123915721975,-1.35991288335,0.0792940823706,1.89554710808,0.158723773053,-0.00194010391044,-0.0230957058636,0.000246124497149,-0.0420468402832,-0.000919106184526,0.0194131094869,-0.0130462041198,0.573862929718,0.818937325813,0.00193421501886,0.0,0.818893113194,-0.573803579416,-0.0120111745108,0.0,-0.00872670764868,0.00847684635803,-0.999925991086,0.0,0.661184645995,0.260311551714,0.303219666407,1.0,-0.00462,-0.006072,0.232
0.464657087752,0.544799260116,-0.123913174716,-1.36058546561,0.0792772376817,1.8957787736,0.158618255975,-0.00331132409261,-0.0300287774627,0.00121539859157,-0.0431483240557,-0.000374185626995,0.0137552685752,-0.0109705290131,0.573857326089,0.818941290723,0.00191795338429,0.0,0.81889659889,-0.573797787821,-0.0120501418428,0.0,-0.00876801011641,0.00848583105864,-0.999925553564,0.0,0.661103035881,0.260211450674,0.303206779172,1.0,-0.00494,-0.00649257142857,0.248
0.464583789254,0.544345441005,-0.12392071263,-1.36133487888,0.0792499374135,1.89605542176,0.158545968309,-0.000764505518695,-0.0318240373378,0.00494962727965,-0.0438377574766,-0.000137395371553,0.0227368138292,-0.00345070146799,0.573897987303,0.818912818721,0.00190850881035,0.0,0.81886786901,-0.57383835504,-0.0120707203151,0.0,-0.00878986127299,0.00849034210204,-0.999925323427,0.0,0.661020112394,0.260089988919,0.303195498783,1.0,-0.00528,-0.00693942857143,0.265
0.464511212979,0.543801391112,-0.123921398167,-1.3622032952,0.0792062446624,1.89635773921,0.15842250273,-0.00513659404668,-0.0290064464563,0.000126699778701,-0.0468812858645,5.46642060556e-05,0.0199046440167,-0.0056069203591,0.573893420553,0.818916051448,0.00189457856219,0.0,0.818870804576,-0.57383373893,-0.0120910041036,0.0,-0.00881451394522,0.00849052624342,-0.999925104849,0.0,0.66091634782,0.259959129462,0.303193347751,1.0,-0.00564,-0.00741257142857,0.283
0.464437932271,0.543326026118,-0.123927752907,-1.36295328521,0.0791629026622,1.89661772539,0.158338209806,-0.000868718482949,-0.033955718136,8.27385494295e-05,-0.0497707330665,-0.00338098891105,0.0142132394799,-0.00356269608727,0.573918930448,0.818898203241,0.00188172884828,0.0,0.818852772547,-0.573859287056,-0.0120996881088,0.0,-0.00882873525723,0.00848526231033,-0.999925024068,0.0,0.660830943307,0.259834867008,0.303195415896,1.0,-0.00594,-0.00780685714286,0.298
0.464357098536,0.542777580459,-0.123928486569,-1.36384347809,0.0791056253529,1.89694073027,0.15821104844,-0.00766331974754,-0.0298656394938,0.000998788889683,-0.0548326212106,-0.000982491151992,0.018845461898,-0.00258156821197,0.573915726797,0.818900491187,0.00186305380598,0.0,0.818854831702,-0.573856181267,-0.0121076307361,0.0,-0.00884599012703,0.0084744934647,-0.999924962894,0.0,0.660729067524,0.259695214966,0.303187661819,1.0,-0.00628,-0.00825371428571,0.315
0.464283073915,0.542165427456,-0.123928499723,-1.3647765504,0.0790580364699,1.89728651836,0.158079694978,-0.00540313543046,-0.0307072203669,-0.00634749952425,-0.0584176972301,-0.00103098908707,0.0284595716335,-0.0056953847641,0.573907913911,0.818905906832,0.00188918177379,0.0,0.818860501216,-0.573848169375,-0.0121039230917,0.0,-0.00882804058029,0.0084936771155,-0.999924958759,0.0,0.66062092393,0.259559354953,0.303206449405,1.0,-0.00662,-0.00870057142857,0.332
0.464208147873,0.541561535813,-0.123931695897,-1.36568071757,0.0790016252995,1.89762447313,0.157970570211,-0.00311348420599,-0.0348713058896,0.000931290262093,-0.0552829049202,-0.00474042278598,0.0177946103073,-0.00660260983149,0.573917250736,0.818899292623,0.0019195705002,0.0,0.818854319253,-0.573857405054,-0.0120842627902,0.0,-0.00879440382426,0.00850737926637,-0.999925138678,0.0,0.660518978337,0.25942242711,0.30323247417,1.0,-0.00694,-0.00912114285714,0.348
0.464122528797,0.540889083872,-0.123929623906,-1.36672347481,0.0789437242906,1.89800872428,0.157825469441,-0.00351910054361,-0.0355863337508,0.00236603206295,-0.0618588047889,-0.000950064442585,0.0248368747081,-0.00989665492039,0.573909415907,0.81890474805,0.00193464627053,0.0,0.818859901956,-0.57384943765,-0.0120843195002,0.0,-0.00878588009666,0.00851967303149,-0.999925108937,0.0,0.66039756683,0.25926884372,0.303244771216,1.0,-0.00728,-0.009568,0.365
0.464033176189,0.540128120231,-0.123929899311,-1.36789067829,0.0788718182009,1.89843167942,0.157683579799,-0.00423374557772,-0.0445550501387,0.000817876614315,-0.0691500583588,-0.00184662144064,0.0189790189329,-0.00723907035407,0.573911906091,0.818902970703,0.00194821003753,0.0,0.818858294901,-0.573851861524,-0.0120781123249,0.0,-0.00877298701388,0.00852724459171,-0.999925157599,0.0,0.660259541301,0.259098197763,0.303263701002,1.0,-0.00764,-0.0100411428571,0.383
0.463944487464,0.539432212737,-0.123934819348,-1.36897256123,0.0788125076154,1.89885654311,0.15755017817,-0.00454579971027,-0.0472619380751,-0.00280132050741,-0.0683519683647,-0.00460003571935,0.0293956137855,-0.0138751617627,0.573922884683,0.818895195383,0.00198199840988,0.0,0.818850957679,-0.573862688779,-0.0120611126364,0.0,-0.00873956051586,0.00854527437581,-0.999925296394,0.0,0.660139878295,0.258936740319,0.303277487815,1.0,-0.00796,-0.0104617142857,0.399
0.463829248326,0.538679300014,-0.123934979492,-1.37016603387,0.0787492141432,1.89930595941,0.157404587851,-0.00613806446198,-0.04603427227,-0.000794704755301,-0.0788332798114,-0.00169373274516,0.0312812220379,-0.00635417532844,0.573947205905,0.818878122262,0.00199314220045,0.0,0.818833949802,-0.573886880158,-0.0120647559271,0.0,-0.00873589471302,0.00855675019873,-0.99992523029,0.0,0.660006573969,0.258749051119,0.30328029855,1.0,-0.0083,-0.0109085714286,0.416
0.463717957637,0.53789792146,-0.123938088291,-1.37138099233,0.0786774715409,1.8997773078,0.157243339113,-0.00977092498437,-0.0430865848618,-0.000203085632285,-0.0691128758039,-0.00623218560045,0.0236628522802,-0.0112470285514,0.573956429791,0.818871580981,0.00202421957824,0.0,0.818827836115,-0.573895990468,-0.0120463201413,0.0,-0.0087028652765,0.0085717152696,-0.999925390133,0.0,0.659873292551,0.258560219924,0.303294840317,1.0,-0.00864,-0.0113554285714,0.433
0.463613278282,0.537119340899,-0.123937681932,-1.37259478647,0.0786109853507,1.90022635449,0.157099574917,-0.00727449764306,-0.0478649389766,0.00150174897118,-0.0747028308786,-0.000899669696632,0.0304960927973,-0.0128315843829,0.573973184548,0.818859799675,0.00203931311413,0.0,0.818816176602,-0.573912604233,-0.0120473456956,0.0,-0.00869486698588,0.00858484122606,-0.999925347108,0.0,0.659732687335,0.258377245234,0.303305782947,1.0,-0.00896,-0.011776,0.449
0.463485709128,0.536225130111,-0.123943521029,-1.37398457184,0.0785294884637,1.90074974079,0.15693407709,-0.0024729224323,-0.0491086169701,0.000416009691585,-0.0780005655603,-0.00190327925741,0.0298926893571,-0.0137136332211,0.574000874192,0.818840333316,0.00206200463875,0.0,0.818797015425,-0.573940202415,-0.0120348861475,0.0,-0.00867134977506,0.00859656392397,-0.999925450612,0.0,0.659577025764,0.258158805838,0.303321077556,1.0,-0.00932,-0.0122491428571,0.467
0.463366578545,0.535334739831,-0.123950045108,-1.3754045173,0.078445774129,1.90126597293,0.156760554454,-0.00801335719869,-0.0550016761026,0.000813678173731,-0.0814799012987,-0.00747866052772,0.0354770179704,-0.0218159504716,0.574016404381,0.818829477988,0.00204948278143,0.0,0.818785978443,-0.573955765992,-0.0120435497486,0.0,-0.00868546831627,0.00859144829919,-0.999925372043,0.0,0.659410579565,0.257941080798,0.303318550055,1.0,-0.00966,-0.012696,0.484
0.463239395501,0.534440844937,-0.123953310161,-1.37687465486,0.0783690736011,1.90179737337,0.156591277511,-0.00938882741893,-0.0535935946694,-0.00399618126216,-0.0901447741404,-0.00827073109,0.036536725997,-0.00436555837863,0.574044254389,0.818810037733,0.00201569148043,0.0,0.818765959319,-0.573983622091,-0.0120769339354,0.0,-0.00873190895067,0.00858323935885,-0.999925038074,0.0,0.659236160705,0.257716201986,0.303295668959,1.0,-0.01,-0.0131428571429,0.501
0.463120248122,0.533512777736,-0.12395653327,-1.37836547791,0.0782799518437,1.90234195534,0.156405428045,-0.00404922970084,-0.0603922829487,-0.000226724518733,-0.0877926781481,-0.0093470562023,0.0326691451165,-0.0189077748044,0.574049546592,0.818806368442,0.00199898924427,0.0,0.818762045531,-0.573988960306,-0.0120885543484,0.0,-0.00875095601074,0.00857629078544,-0.999924931185,0.0,0.659058690866,0.257493552291,0.303287975638,1.0,-0.01034,-0.0135897142857,0.518
0.462994608327,0.532570891421,-0.123956651605,-1.37989356048,0.0781981447727,1.90292886174,0.156207620734,-0.010103240728,-0.0559042496848,-0.000861732248284,-0.0936014505681,-0.00488899184944,0.0361160566882,-0.00887899044217,0.574052266478,0.818804451775,0.00200299943139,0.0,0.818760091167,-0.573991574062,-0.0120968143938,0.0,-0.00875538924988,0.00858434499224,-0.999924823264,0.0,0.658881523283,0.257268243407,0.303275694901,1.0,-0.01068,-0.0140365714286,0.535
0.462864250238,0.53164805832,-0.123955127651,-1.381358477,0.0781071847989,1.90346058455,0.156020111327,-0.0116201982184,-0.0525650159395,0.000525930167625,-0.0889048482992,-0.00397779041279,0.0418398860957,-0.0153647443921,0.574059755159,0.818799226405,0.00199279869924,0.0,0.818754709981,-0.573999084296,-0.0121046690071,0.0,-0.00876759779381,0.00858058185036,-0.999924748591,0.0,0.658708514449,0.257042851474,0.303274975965,1.0,-0.011,-0.0144571428571,0.551
0.462720774842,0.530565883792,-0.12395196925,-1.38309652459,0.0780155723454,1.90406991591,0.155799493056,-0.00984421770881,-0.0573257304811,0.00141933295063,-0.0954376526597,-0.00591478752083,0.0291545068536,-0.00740564327475,0.574064154594,0.818796217625,0.00196145745313,0.0,0.818751070263,-0.574003405536,-0.0121458749233,0.0,-0.00881928298756,0.00857862197373,-0.999924310882,0.0,0.658494039182,0.256784626288,0.30326304144,1.0,-0.01136,-0.0149302857143,0.569
0.462584894171,0.529530011146,-0.123956610738,-1.38473803201,0.077900917285,1.90467527184,0.155571565651,-0.00823132763977,-0.0612008925005,0.00122680650286,-0.0982692236126,-0.0105108995442,0.0366304623939,-0.0130411197397,0.574050294475,0.818805959785,0.00195103454165,0.0,0.818760811061,-0.573989724606,-0.0121357825768,0.0,-0.00881714707872,0.00856414507197,-0.999924453815,0.0,0.658300715082,0.256533765238,0.303264034818,1.0,-0.0117,-0.0153771428571,0.586
0.46246857853,0.528548861524,-0.123965472568,-1.3862379712,0.0778073068627,1.90525095351,0.155364411846,-0.00472529119376,-0.0659785470543,-0.0012474013957,-0.101446889706,-0.00527511176942,0.0365912797189,-0.0140290366016,0.574038356824,0.818814222473,0.00199521220732,0.0,0.818769736797,-0.573977677341,-0.0121033433804,0.0,-0.00876535119094,0.00858156794176,-0.999924759825,0.0,0.658127505851,0.256310809393,0.303291204983,1.0,-0.012,-0.0157714285714,0.601
0.462296487193,0.527292352241,-0.123968341487,-1.38818435974,0.0776871159655,1.90599788925,0.155091571756,-0.0111737419488,-0.0687648996589,-0.00255317654882,-0.108220742212,-0.00682107282142,0.0459175042941,-0.0148807668665,0.574030929252,0.818819317579,0.00204066718732,0.0,0.818775477177,-0.573970103814,-0.0120741377872,0.0,-0.00871542310483,0.008601942398,-0.999925021183,0.0,0.657905078198,0.256012600407,0.303314129614,1.0,-0.01238,-0.0162708571429,0.62
0.462160973976,0.526193176987,-0.123965789987,-1.38988369388,0.077578672565,1.90663509406,0.154868947671,-0.00520091499278,-0.0693197406427,0.000673992944334,-0.113596652363,-0.00559035183219,0.0306292985436,-0.0166887302324,0.574020264028,0.818826722428,0.00206930511371,0.0,0.818783284942,-0.573959345536,-0.0120560720193,0.0,-0.00868430412795,0.00861490794591,-0.999925180312,0.0,0.657702685931,0.255763374211,0.303333901526,1.0,-0.0127,-0.0166914285714,0.636
0.462018997766,0.525066756955,-0.123971518137,-1.3916058959,0.0774736693103,1.9072569728,0.154625580698,-0.00779552754915,-0.0704783040049,-0.000985808830034,-0.106450269073,-0.00384457384581,0.0322194519666,-0.0203852527956,0.57400554556,0.818836985348,0.00209093107459,0.0,0.81879382034,-0.573944526864,-0.0120460265715,0.0,-0.00866382044228,0.0086266935872,-0.999925256393,0.0,0.657495424411,0.255502279792,0.303360610856,1.0,-0.01302,-0.017112,0.652
0.461863750487,0.52396603636,-0.123973157348,-1.39339577011,0.0773584807271,1.90789897597,0.154386503779,-0.00735387336589,-0.0677230854972,0.000388182731871,-0.108449844387,-0.00651238085076,0.0454475265287,-0.0145818209409,0.574003039987,0.81883885525,0.00204600098705,0.0,0.818795104143,-0.573942214484,-0.012068917347,0.0,-0.00870837979048,0.00860301647253,-0.999925073307,0.0,0.657278065877,0.25522623108,0.303338416785,1.0,-0.01334,-0.0175325714286,0.668
0.461710366756,0.522743075834,-0.123976439628,-1.39531315948,0.0772387970794,1.90863690898,0.154135170732,-0.00921444893289,-0.0700880298529,-0.000352154724966,-0.109504487714,-0.00329231273519,0.0433787034283,-0.015362686477,0.573992819597,0.818845942509,0.00207662925084,0.0,0.818802643041,-0.573931915392,-0.0120472048466,0.0,-0.00867312798831,0.00861552447292,-0.999925272002,0.0,0.657037412397,0.25492705516,0.303348319501,1.0,-0.0137,-0.0180057142857,0.686
0.461541957153,0.521500280389,-0.123981348088,-1.39729684589,0.0771183634533,1.90941163017,0.153860928077,-0.00964420475023,-0.0755318236725,0.000897201685864,-0.116543435234,-0.0109566481048,0.0440027084852,-0.017574595478,0.573986476376,0.818850320687,0.00210336653756,0.0,0.818807428678,-0.573925517723,-0.0120267098073,0.0,-0.00864106582075,0.00862558700014,-0.999925462837,0.0,0.656823061567,0.254643147644,0.303345924573,1.0,-0.01402,-0.0184262857143,0.702
0.461375711941,0.520208599784,-0.123982956826,-1.39932162944,0.0769961758204,1.91014982608,0.153584384298,-0.011048593266,-0.0807951825088,-0.000107206525955,-0.117500128783,-0.00421235561158,0.0393364954137,-0.0141252941494,0.573972189543,0.818860323706,0.00210779331333,0.0,0.818817440362,-0.573911164961,-0.0120300039047,0.0,-0.00864137314882,0.00863095177957,-0.999925413889,0.0,0.656575863767,0.254340026695,0.303353452826,1.0,-0.01436,-0.0188731428571,0.719
0.46120228715,0.518884243757,-0.123983093035,-1.4014088184,0.0768640395529,1.91088724469,0.153308490156,-0.00545711266479,-0.0806103935846,0.00100201297121,-0.12804706139,-0.00580502875114,0.0476741944995,-0.00520056527932,0.573963396909,0.818866547666,0.00208399237379,0.0,0.81882331289,-0.573902433814,-0.0120468100137,0.0,-0.00866888833392,0.00862101551819,-0.99992526144,0.0,0.656315922603,0.25402449472,0.303353715007,1.0,-0.0147,-0.01932,0.736
0.461044066222,0.517605221935,-0.123986031679,-1.40339831738,0.0767364555985,1.91159974766,0.153040606814,-0.00638540473859,-0.0818917388596,0.000676210464518,-0.124140860496,-0.0127128867865,0.0437431520746,-0.0200986761548,0.573946477037,0.818878411456,0.00208222214696,0.0,0.818835159777,-0.573885529801,-0.0120468543365,0.0,-0.00867011870877,0.00861941226058,-0.999925264594,0.0,0.656068734331,0.253727396041,0.30336618139,1.0,-0.01502,-0.0197405714286,0.752
0.460853243804,0.516264693564,-0.123987096042,-1.40555883165,0.0765936646987,1.91240428392,0.1527308014,-0.00684308180978,-0.0799278565074,0.00637516189861,-0.125852385866,-0.00486659958469,0.0495102018757,-0.01573537855,0.573925467539,0.81889319008,0.00206103172128,0.0,0.818849729991,-0.573864681115,-0.0120496623618,0.0,-0.00868480034863,0.00860344901619,-0.999925274662,0.0,0.655808959232,0.253394333558,0.303347987828,1.0,-0.01536,-0.0201874285714,0.769
0.460669222715,0.514893124028,-0.123997063204,-1.40775771551,0.0764611568951,1.91322925837,0.152434993333,-0.00774903776359,-0.0774275498194,0.000290197395015,-0.131018702268,-0.0110020797545,0.0438672483998,-0.0216306869215,0.573921289415,0.818896131983,0.00205559726438,0.0,0.81885260873,-0.573860534474,-0.0120515165713,0.0,-0.00868948145944,0.00860001868946,-0.999925263502,0.0,0.655543897309,0.25305947208,0.303334961331,1.0,-0.0157,-0.0206342857143,0.786
0.460497109407,0.513647113714,-0.123995262656,-1.4097654781,0.0763444719738,1.91390744198,0.152164162476,-0.0156516326004,-0.082377735466,0.000543720690581,-0.135261792539,-0.0119861541703,0.0459394302196,-0.0168005861588,0.573912844262,0.818902213806,0.00198955173227,0.0,0.818857622537,-0.573852174556,-0.0121087849186,0.0,-0.00877437112223,0.00857871196138,-0.999924705222,0.0,0.65528428137,0.252753048025,0.303311400715,1.0,-0.016,-0.0210285714286,0.801
0.460260686291,0.511976180444,-0.123997991312,-1.41243988401,0.0761808370273,1.9148702009,0.151773504925,-0.0153416714059,-0.0900401960075,0.00086342057001,-0.134646515734,-0.00739762742428,0.0482463953723,-0.0165858766407,0.573884272926,0.818922322344,0.00195401014965,0.0,0.818877182568,-0.573823681839,-0.0121362651421,0.0,-0.00881757090189,0.00856507092732,-0.999924442147,0.0,0.654952970274,0.252340086212,0.303292615745,1.0,-0.0164,-0.0215542857143,0.821
0.460078868884,0.510616375505,-0.124004094936,-1.41463398802,0.0760441680045,1.91571758473,0.151470016138,-0.00974019955561,-0.0884690124764,-0.00105712573483,-0.134307048357,-0.0076460594436,0.0506430647979,-0.0204067839228,0.573866932874,0.818934461389,0.00195913360441,0.0,0.818889448166,-0.573806379187,-0.0121267385609,0.0,-0.00880701031414,0.008563612976,-0.999924547705,0.0,0.654689390908,0.252010359686,0.303274135152,1.0,-0.01672,-0.0219748571429,0.837
0.459883307037,0.509200077682,-0.124005159547,-1.41685127575,0.0759091441633,1.91652643817,0.151164570948,-0.0153469360569,-0.0893086038203,0.00106059054592,-0.145121833015,-0.00750373920334,0.0476896355998,-0.0140673636691,0.573856577335,0.818941701508,0.00196598121039,0.0,0.818896719781,-0.573795938228,-0.0121297364653,0.0,-0.00880564452248,0.0085708296313,-0.999924497902,0.0,0.654415457514,0.251670343531,0.303280167967,1.0,-0.01704,-0.0223954285714,0.853
0.459678922416,0.507675608502,-0.12401160977,-1.41923505399,0.0757552752679,1.9173745014,0.150833124545,-0.0124390466519,-0.0909287177173,0.000213749150205,-0.145566990628,-0.0098928648061,0.0501567862436,-0.0155996336516,0.573838909207,0.81895411605,0.00195166236244,0.0,0.818908953998,-0.573778342478,-0.0121361306204,0.0,-0.00881928232764,0.00856258259725,-0.999924448365,0.0,0.654115935546,0.251302818987,0.30328570185,1.0,-0.01738,-0.0228422857143,0.87
0.459461089557,0.506100596497,-0.124019536199,-1.42166696256,0.075597905572,1.91828078202,0.150496164244,-0.0140098424503,-0.0999719611201,0.000828740686727,-0.148514506998,-0.00957122301235,0.0534497322089,-0.0202352860573,0.573830160761,0.818960160968,0.00198702039736,0.0,0.818915547563,-0.573769523343,-0.0121081354115,0.0,-0.0087761577476,0.00857538028907,-0.99992471812,0.0,0.65382076538,0.250924005587,0.303308191468,1.0,-0.01772,-0.0232891428571,0.887
0.459250967925,0.504561253579,-0.124021520793,-1.42399480046,0.0754556254275,1.91919314024,0.1501694751,-0.0170271631685,-0.102389684368,0.000831452468275,-0.152906099632,-0.00743225478228,0.0552821541198,-0.0277003582425,0.573817918407,0.818968480319,0.00209085168543,0.0,0.818925280457,-0.573756890198,-0.0120483558594,0.0,-0.00866775000867,0.0086259798592,-0.999925228495,0.0,0.653545776178,0.25056843178,0.303355034667,1.0,-0.01804,-0.0237097142857,0.903
0.459023993468,0.502875378698,-0.124026878328,-1.42646773714,0.0752997464654,1.92012714907,0.149823121429,-0.0164335835288,-0.106472193429,-0.000343384351671,-0.144498861317,-0.00541459553603,0.0573661152921,-0.0200215488675,0.573808757016,0.818974576011,0.00221384759383,0.0,0.818933057124,-0.573747291918,-0.011976638373,0.0,-0.0085385376652,0.0086854601781,-0.999925825327,0.0,0.653248828406,0.2501840032,0.303436464761,1.0,-0.01838,-0.0241565714286,0.92
0.458781690435,0.501072893659,-0.124031712956,-1.42917797828,0.0751274176184,1.92108359106,0.149452650707,-0.0133506763355,-0.0995501393019,-0.000743224298524,-0.149118475233,-0.00884280349486,0.047793038083,-0.0200902455046,0.573798835375,0.818981417023,0.00225432785314,0.0,0.818940398815,-0.57373717836,-0.011959107753,0.0,-0.00850105898409,0.00870844991658,-0.999925944706,0.0,0.652905737408,0.249762337884,0.303487640688,1.0,-0.01874,-0.0246297142857,0.938
0.458562064851,0.49955024573,-0.124036467365,-1.43148245853,0.0749828895895,1.92191675381,0.149122785966,-0.018262351946,-0.101015437843,-0.00102573257757,-0.154508736208,-0.0100932711765,0.0550775189294,-0.0205062116158,0.573790132987,0.818987394875,0.002297220711,0.0,0.818946924484,-0.573728292024,-0.0119385388563,0.0,-0.00845969519698,0.00873168574619,-0.999926092879,0.0,0.652620157645,0.249396150297,0.303525374536,1.0,-0.01904,-0.025024,0.953
0.458290790782,0.497780241664,-0.124031425062,-1.43428398867,0.0748152945519,1.92295538463,0.148715531488,-0.0137987961277,-0.103671456537,0.00092062590057,-0.155515568525,-0.0131316355767,0.0560415307516,-0.0174577304311,0.573772310291,0.818999856298,0.00230612832481,0.0,0.818959382227,-0.573710312048,-0.0119480129235,0.0,-0.00846253419658,0.00874423276032,-0.999925959213,0.0,0.652272942391,0.248956586649,0.303516094196,1.0,-0.0194,-0.0254971428571,0.971
0.458015280278,0.496027634618,-0.124037166439,-1.43711414075,0.0746346998143,1.92395250089,0.148299391043,-0.0187135093228,-0.101173661993,3.02479371667e-05,-0.159937019541,-0.0100131051862,0.0494469727994,-0.0187348464411,0.573755316261,0.819011962838,0.00223353794818,0.0,0.818970473171,-0.573693545136,-0.0119927997106,0.0,-0.00854104456875,0.00871030192135,-0.99992558783,0.0,0.651912803197,0.248499689439,0.303477138371,1.0,-0.01976,-0.0259702857143,0.989
0.45776084963,0.494444129461,-0.124042060498,-1.43970548964,0.074474114296,1.92484815159,0.147931659335,-0.0124128382427,-0.102050310325,-0.000524560213363,-0.163519057648,-0.0100788594336,0.0571262485968,-0.0266582450145,0.573752934799,0.819013888127,0.00213723337792,0.0,0.81897099776,-0.573691421767,-0.0120583713698,0.0,-0.0086500277047,0.0086690250199,-0.999925009701,0.0,0.651577981958,0.248079620398,0.303424624717,1.0,-0.0211891428571,-0.0278485877551,1.005
0.457479926223,0.492473120845,-0.124096162922,-1.44278627696,0.074290932885,1.92600015838,0.147498167065,-0.0135440860286,-0.122718927145,-0.00445240876298,-0.196727323154,-0.00891423232071,0.0724915769017,-0.0245666604897,0.573772328224,0.819000232402,0.0021636984897,0.0,0.818957834949,-0.573710849013,-0.0120280173177,0.0,-0.00860977744592,0.00867348832245,-0.999925318378,0.0,0.651203280178,0.247574235215,0.303431870309,1.0,-0.026328,-0.0346025142857,1.022
0.457155235589,0.490269528173,-0.124106474992,-1.44634587838,0.0740836428497,1.9272904313,0.146965654382,-0.0284589593345,-0.143037639585,0.000393600908672,-0.233006536796,-0.0169915472032,0.0852982275683,-0.041516835621,0.573731586201,0.819028909341,0.00211176703489,0.0,0.818985626413,-0.573670124687,-0.0120780243657,0.0,-0.0086809606004,0.00865921764218,-0.999924826611,0.0,0.650746240782,0.247018079647,0.303382870366,1.0,-0.0311645714286,-0.0409591510204,1.038
0.456738372646,0.487618617449,-0.124129386732,-1.45054660422,0.0738396668897,1.92882363682,0.146361901526,-0.0280694590766,-0.171295864547,-0.00292308249408,-0.273860351593,-0.0119892683524,0.0986246802911,-0.0361495536762,0.573738095455,0.819024377175,0.00210102786989,0.0,0.818980783472,-0.573676509536,-0.0121031240035,0.0,-0.00870761091247,0.0086648915918,-0.999924545736,0.0,0.650218180786,0.246335289456,0.303359781331,1.0,-0.0360011428571,-0.0473157877551,1.054
0.456199798997,0.484154258484,-0.124187905911,-1.45587222729,0.0735023048786,1.93082824844,0.145546042093,-0.0311988776026,-0.201565384032,-0.00496820557653,-0.312895869733,-0.0194294198679,0.105724076902,-0.0457385143696,0.573724899518,0.819033345566,0.00220577089258,0.0,0.818991410775,-0.573663163048,-0.0120162947397,0.0,-0.00857654169981,0.00870072242317,-0.999925367396,0.0,0.649569724116,0.245447222582,0.30340591915,1.0,-0.0414422857143,-0.0544670040816,1.072
0.455640067468,0.480681377562,-0.124246953007,-1.46134220732,0.0731812418294,1.93271727049,0.144725239655,-0.0406123904882,-0.224554554304,-0.00587660519882,-0.365180677399,-0.0278590711723,0.129622765419,-0.0483366740663,0.573739723907,0.819023242354,0.00209871307366,0.0,0.818979660159,-0.573678189337,-0.0120995134474,0.0,-0.00870596443532,0.0086609415745,-0.999924594294,0.0,0.648815024269,0.244460449943,0.303366216287,1.0,-0.0465811428571,-0.0612209306122,1.089
0.454977410278,0.476540054542,-0.124324302538,-1.46772256955,0.0727991312144,1.9350031971,0.143807403129,-0.0416822420238,-0.255292691367,-0.00755672899177,-0.386117888645,-0.0287716707587,0.137908484148,-0.0526399688099,0.573787797455,0.818989423387,0.00215285226663,0.0,0.818946513964,-0.573725989672,-0.0120765451327,0.0,-0.00865558208419,0.0086926124511,-0.999924756863,0.0,0.648053734034,0.243441664791,0.303408835472,1.0,-0.0514177142857,-0.0675775673469,1.105
0.454220763486,0.472013369461,-0.124362452228,-1.47473110069,0.0723841190413,1.93754560024,0.142783299323,-0.0450600028055,-0.272401000745,-0.00319569880698,-0.425885515618,-0.0260489038094,0.148143013203,-0.0601216399265,0.573821303413,0.818965790628,0.00221188420999,0.0,0.818923392894,-0.573758978422,-0.0120771748047,0.0,-0.00862187058552,0.00874167221421,-0.999924620416,0.0,0.647159435693,0.242265436442,0.303425429869,1.0,-0.0565565714286,-0.0743314938775,1.122
0.453397195564,0.467000597407,-0.124407849016,-1.48221978877,0.0719066233033,1.94035734289,0.141568527667,-0.0468276910471,-0.305900907524,-0.00577004906001,-0.453984157172,-0.0323923305125,0.168118279224,-0.0742808839748,0.573760392921,0.819007674947,0.00248732660586,0.0,0.818969118495,-0.573697212581,-0.0119095814444,0.0,-0.00832722659273,0.00887046059073,-0.999925983374,0.0,0.646224409174,0.241000601584,0.303567002467,1.0,-0.0616954285714,-0.0810854204082,1.139
0.452538876871,0.461975652695,-0.124437327404,-1.4900220087,0.0713980727235,1.94304026082,0.140368318916,-0.0575851626999,-0.324104186107,-0.00289789415112,-0.502237150431,-0.0341103481856,0.171055490694,-0.071787892909,0.573728772753,0.81903008022,0.0024020638309,0.0,0.818990179588,-0.573665688543,-0.0119795838133,0.0,-0.00843382026731,0.00884046881397,-0.999925355608,0.0,0.645181585773,0.239674531311,0.303550743353,1.0,-0.066532,-0.0874420571429,1.155
0.451481926602,0.455899811664,-0.124492697312,-1.4994371308,0.0707705126226,1.94626854467,0.138969459098,-0.0597386412826,-0.344402349391,-0.00797582835697,-0.535567222605,-0.0355405320694,0.181498141436,-0.0761171628473,0.573752686674,0.819013645371,0.00229131653485,0.0,0.818972181807,-0.573689931189,-0.0120488663638,0.0,-0.00855384542606,0.00878976317956,-0.999924783067,0.0,0.643917347288,0.238048761088,0.30353126756,1.0,-0.0719731428571,-0.0945932734694,1.173
0.450404114344,0.449664396808,-0.124540297723,-1.5086670897,0.0701293449161,1.94977659004,0.137477134995,-0.0653407286109,-0.376023851235,-0.00546478672417,-0.54989553413,-0.0386770992091,0.219062993111,-0.0881585838873,0.573693553813,0.819053854267,0.0026901718814,0.0,0.819018328402,-0.573630044894,-0.0117599420536,0.0,-0.00808901818653,0.00895007534348,-0.99992722932,0.0,0.642748690272,0.236456208533,0.30372349718,1.0,-0.077112,-0.1013472,1.19
0.449361142793,0.443955755551,-0.124562086181,-1.51739413,0.0695792904303,1.95281910498,0.136169274176,-0.0705623581602,-0.383640625571,0.000832104405254,-0.592829548714,-0.036010217977,0.200008607839,-0.083063336736,0.573729421169,0.81902869848,0.00269986150033,0.0,0.818992850932,-0.573665377012,-0.011810683312,0.0,-0.00812462794003,0.00898747680428,-0.999926605147,0.0,0.641481588432,0.234831206917,0.303739911638,1.0,-0.0819485714286,-0.107703836735,1.206
0.448033390081,0.436756918485,-0.1245967399,-1.52861763249,0.0688048250284,1.95656830388,0.134365555344,-0.072899947716,-0.405894600506,-5.85590735945e-05,-0.630171811257,-0.0391734936383,0.211660307875,-0.100812403851,0.573651427644,0.819084050047,0.00247091523808,0.0,0.819044888483,-0.573587910328,-0.0119635561837,0.0,-0.00838203232395,0.00888687267992,-0.99992537973,0.0,0.639993061778,0.232976368692,0.303650406417,1.0,-0.0870874285714,-0.114457763265,1.223
0.446670807286,0.429478080237,-0.124629102541,-1.53951033364,0.0680553918887,1.96053108187,0.132587921098,-0.0817227820459,-0.426341983203,-0.00337948550075,-0.653256002887,-0.0454750958403,0.235983871023,-0.103797332205,0.573601055354,0.819118455892,0.00274434244315,0.0,0.819083147547,-0.573536821618,-0.0117923091459,0.0,-0.00808547228715,0.00901209912829,-0.999926700917,0.0,0.63853335416,0.231052823812,0.303772331913,1.0,-0.0922262857143,-0.121211689796,1.24
0.445265246339,0.422381175036,-0.124692281282,-1.55041053669,0.0672670260395,1.96419490871,0.130786353145,-0.0892207298344,-0.451842599938,-0.0015571607788,-0.693444071299,-0.047921695398,0.228353048956,-0.110331173314,0.573566562253,0.819143111769,0.00258998210388,0.0,0.819105860573,-0.573502978297,-0.0118604368222,0.0,-0.00823019113186,0.00892439131719,-0.999926306881,0.0,0.637003776891,0.229060299207,0.303730112475,1.0,-0.0970628571428,-0.127568326531,1.256
0.443674739337,0.414443270587,-0.124823035287,-1.56233806406,0.0664034526328,1.96838921182,0.128873688319,-0.0937356510744,-0.479294845241,-0.00465772674833,-0.700313624539,-0.0468191246257,0.252549651959,-0.114507976463,0.573655964223,0.819080127054,0.00270685756487,0.0,0.819045065736,-0.573592675082,-0.0117205071181,0.0,-0.00804755572812,0.00894074928129,-0.999927647307,0.0,0.63537231578,0.22682935057,0.303803298097,1.0,-0.102201714286,-0.134322253061,1.273
0.441930391323,0.406235606001,-0.124858862306,-1.57486081291,0.0655721870611,1.97261329161,0.126751062799,-0.106462015988,-0.491452328468,-0.000788232213066,-0.740552948403,-0.0559699196304,0.248685456219,-0.12129967437,0.573652805621,0.819082544463,0.00264402356688,0.0,0.819045938705,-0.57358894372,-0.0118414878463,0.0,-0.00818273085342,0.00895865197188,-0.999926390026,0.0,0.633583691267,0.224505393396,0.303760772525,1.0,-0.107340571429,-0.141076179592,1.29
0.440178175856,0.398118636533,-0.124975687698,-1.5869691352,0.064735499638,1.9767551837,0.12471149435,-0.111767856848,-0.520283749318,-0.00439259562384,-0.744898157757,-0.0569489228787,0.274956636526,-0.131125146838,0.573753746115,0.819011476783,0.00275438169768,0.0,0.81897631569,-0.573689474649,-0.01178676872,0.0,-0.00807349450652,0.00901864971942,-0.999926738638,0.0,0.631876923621,0.222175981355,0.303831724127,1.0,-0.112177142857,-0.147432816327,1.306
0.438229975789,0.389266458019,-0.125041024038,-1.60026709415,0.0637113064802,1.98131223218,0.122434967682,-0.119542680896,-0.527706215667,-0.00407879866571,-0.789663564721,-0.0612641449891,0.264752400457,-0.137099186366,0.573759139429,0.819007595246,0.00278491522233,0.0,0.818973379747,-0.57369537418,-0.0117033248123,0.0,-0.00798757271592,0.00899583420241,-0.999927634206,0.0,0.629968328839,0.219632243148,0.303848357773,1.0,-0.117316,-0.154186742857,1.323
0.436042871796,0.379469790379,-0.125101930804,-1.61487186923,0.06261571625,1.98614875507,0.119803500199,-0.122157457964,-0.562488235724,-0.00322433115882,-0.785671474326,-0.0597322979368,0.285072597557,-0.141718554539,0.573680245259,0.819062895423,0.00277424625902,0.0,0.81902852597,-0.573616510251,-0.0117098127805,0.0,-0.00799987372553,0.00899004817834,-0.999927587905,0.0,0.627809480494,0.216821060864,0.303878638371,1.0,-0.122757142857,-0.161337959184,1.341
0.43395509071,0.370586967869,-0.125160098502,-1.62825193903,0.0616139297641,1.99061739755,0.117417817121,-0.133717843069,-0.567277773124,-0.00168469920624,-0.854068943385,-0.0737078939123,0.277576382327,-0.146753546033,0.573685270936,0.819059562922,0.00271830801939,0.0,0.819024400036,-0.57362165894,-0.0117461245533,0.0,-0.00806165049881,0.0089651118477,-0.999927315639,0.0,0.625820945242,0.214203449391,0.303827925958,1.0,-0.127593714286,-0.167694595918,1.357
0.431743296549,0.361299205608,-0.125288178337,-1.64188954642,0.0605476394172,1.99510771395,0.11501017015,-0.142056203155,-0.585131286884,-0.0103324293532,-0.840477137969,-0.0691361711921,0.288360629476,-0.157893486504,0.573788203661,0.818987303999,0.00276407826893,0.0,0.818953271842,-0.573725017601,-0.0116571703149,0.0,-0.00796140691675,0.00895257012146,-0.999928231169,0.0,0.623653909958,0.211268505383,0.303902483574,1.0,-0.132732571429,-0.174448522449,1.374
0.429096516076,0.350698428483,-0.125381907247,-1.65788380171,0.0593652698888,2.00014546997,0.112033957926,-0.148528679352,-0.596572366813,0.000107065640518,-0.909325006793,-0.0685883590402,0.272761694567,-0.165874677755,0.573813437242,0.818970550122,0.0024747068088,0.0,0.818931794002,-0.57375026187,-0.0119205988562,0.0,-0.00834291635046,0.00886698660721,-0.999925883401,0.0,0.621299858584,0.20822006518,0.303756525561,1.0,-0.137871428571,-0.18120244898,1.391
0.42659711547,0.340802935401,-0.125492436576,-1.67211169314,0.0582721502313,2.00488212729,0.109344455158,-0.154695296071,-0.611763346251,-0.00932379313668,-0.891757222923,-0.074035814007,0.308826916981,-0.170476719339,0.573899527826,0.818909235646,0.00278255929392,0.0,0.81887480096,-0.573835540361,-0.0117294446811,0.0,-0.00800877335608,0.00901026392764,-0.999927334707,0.0,0.619148396669,0.205273727496,0.303925062207,1.0,-0.142708,-0.187559085714,1.407
