position_joint1,position_joint2,position_joint3,position_joint4,position_joint5,position_joint6,position_joint7,velocity_joint1,velocity_joint2,velocity_joint3,velocity_joint4,velocity_joint5,velocity_joint6,velocity_joint7,ee_T_00,ee_T_10,ee_T_20,ee_T_30,ee_T_01,ee_T_11,ee_T_21,ee_T_31,ee_T_02,ee_T_12,ee_T_22,ee_T_32,ee_T_03,ee_T_13,ee_T_23,ee_T_33,v_x,v_y,time
0.465084956431,0.547602072975,-0.123983887205,-1.35574860355,0.0794842821033,1.89408327984,0.159156547576,0.00198509158823,-0.000178945335531,-0.000260683875832,0.000197706345771,0.000573359145197,6.28424523123e-05,-0.0010085223845,0.573781895289,0.818993566332,0.00214984816044,0.0,0.818953210346,-0.573722714913,-0.0117742327873,0.0,-0.00840976609213,0.00851663062858,-0.999928368853,0.0,0.661694621823,0.260909311358,0.303379754506,1.0,0.0,0.0,0.0
0.465079028098,0.547602072975,-0.123979707948,-1.35575146901,0.0794834136059,1.89408633671,0.159160413136,-0.000611654040888,-0.00108710547506,0.000138707565167,-0.00147671276333,7.30683702448e-05,0.000112882716918,0.0010792587278,0.573786943734,0.818990027757,0.00215047358923,0.0,0.81894966838,-0.573727748651,-0.0117753127233,0.0,-0.00841023924642,0.00851781432611,-0.999928354791,0.0,0.661695210411,0.260907534075,0.30337851626,1.0,-6e-05,-7.88571428571e-05,0.004
0.465078807231,0.547601744587,-0.123977290095,-1.35575433094,0.0794867140644,1.8940824546,0.159162046573,-5.72271559957e-05,-0.000154659057143,0.00101295037246,-0.000409871604798,0.000198359122403,0.000269103092228,0.00167222482312,0.573787776558,0.818989451657,0.00214766123429,0.0,0.818949006263,-0.573728542206,-0.0117826949527,0.0,-0.00841789039974,0.00851975540409,-0.999928273872,0.0,0.661693105232,0.26090872188,0.303376975313,1.0,-0.0003,-0.000394285714286,0.016
0.465078632444,0.547594799158,-0.123980024708,-1.35575767318,0.0794811604594,1.89408579206,0.159159701059,4.3227461809e-05,-0.000609478137448,1.08771160477e-05,-0.000855568063287,-0.00043232586551,0.000308430205257,0.00056636840527,0.573786631129,0.818990247978,0.00215001309999,0.0,0.818949897387,-0.573727452828,-0.0117737990041,0.0,-0.00840926693104,0.00851656544404,-0.999928373606,0.0,0.661694174161,0.260906045785,0.303380674987,1.0,-0.00056,-0.000736,0.029
0.465080762988,0.547541667439,-0.123979898749,-1.35579676243,0.0794830538609,1.89409327537,0.159157465088,0.000582961481521,-0.00408069686516,0.000331285872012,-0.00761690262458,0.000257222690224,0.00217719001568,0.000119706214559,0.573785556809,0.818990943266,0.00217176099138,0.0,0.818950828819,-0.573726247455,-0.0117677465722,0.0,-0.00839184315031,0.00853089272932,-0.999928397855,0.0,0.661687419475,0.2609044042,0.303400357638,1.0,-0.001,-0.00131428571429,0.051
0.465083253715,0.547416967353,-0.123977157307,-1.35593071107,0.0794843747688,1.8941198602,0.159156797844,8.50122855321e-05,-0.0114028143588,0.000695229506408,-0.00553026482474,0.000246521690534,0.00462798384005,0.000639095987072,0.573788676779,0.818988697617,0.0021941914597,0.0,0.818948749486,-0.573729153195,-0.0117707855064,0.0,-0.00838143005218,0.0085510384264,-0.999928313117,0.0,0.661663954577,0.260895396999,0.303427157079,1.0,-0.00132,-0.00173485714286,0.067
0.465074356629,0.547275620034,-0.123981792961,-1.35612762688,0.0794759916005,1.89416738508,0.159153984148,-0.000793308633966,-0.0102073314674,-0.000141383290033,-0.0142221071774,8.49693867539e-05,0.00690595706611,-7.07408321444e-05,0.573805506191,0.8189769198,0.00218924648735,0.0,0.818936867451,-0.573745958853,-0.0117783161167,0.0,-0.00839025926709,0.00855148194436,-0.999928235278,0.0,0.661635874924,0.26086717509,0.303437818024,1.0,-0.00166,-0.00218171428571,0.084
0.465053193785,0.547123079177,-0.123980451341,-1.35631907432,0.0794727614513,1.89425878573,0.159146194382,-0.00348205957683,-0.0147171398535,0.000806145461113,-0.00934042631016,-0.000323039026457,0.005535628585,-1.335621283e-05,0.57382546731,0.81896280057,0.00223858207942,0.0,0.818923338737,-0.573765676551,-0.0117584261358,0.0,-0.00834545271296,0.00858067668732,-0.999928360137,0.0,0.661619631103,0.260838918751,0.303462631587,1.0,-0.00196,-0.002576,0.099
0.465032884317,0.546916039068,-0.123979392431,-1.35655073066,0.0794710016136,1.89440132482,0.159130317649,-0.000578183736558,-0.00436998957141,0.000312807052883,-0.0163426114842,7.73941212399e-05,0.00523264453267,-0.00113479300319,0.573841124512,0.818951531815,0.00234504968616,0.0,0.818913419624,-0.573780898323,-0.0117063564025,0.0,-0.00824155246772,0.00863814769076,-0.999928727069,0.0,0.661605559195,0.26081072622,0.30351135983,1.0,-0.00232,-0.00304914285714,0.117
0.464994987145,0.546679523038,-0.12398251873,-1.35684942925,0.0794665100161,1.89452711045,0.159113710812,-0.00737178686054,-0.0201641789183,-0.00177407594587,-0.0204564150442,-0.000123575182855,0.0104591244614,-0.00104261018602,0.573876282137,0.818926718387,0.00240616172328,0.0,0.818889322258,-0.573815746658,-0.0116839068486,0.0,-0.0081877276468,0.00867566419936,-0.999928844452,0.0,0.661579231626,0.260759313626,0.303547717944,1.0,-0.00268,-0.00352228571429,0.135
0.464962221121,0.546449618004,-0.123985036076,-1.35719390771,0.0794585018593,1.89465579282,0.159088131252,-0.00228015819949,-0.0146725069636,-0.00119162604903,-0.0236499011309,-0.00236698247619,0.00865865798308,0.00139934255884,0.573901071644,0.8189092923,0.00242442812809,0.0,0.818872037278,-0.573840365015,-0.0116862716428,0.0,-0.00817891918821,0.00869222757214,-0.999928772694,0.0,0.66154150709,0.260705749106,0.303557813109,1.0,-0.003,-0.00394285714286,0.151
0.464927082822,0.546157630123,-0.123980352578,-1.35764167966,0.0794402287393,1.89482044655,0.158947907143,-0.00203189185428,-0.0185252342407,0.00155408539047,-0.0235739119298,-0.000171665493436,0.00464381827284,-0.0086376505401,0.573832664944,0.818957159313,0.00244760161387,0.0,0.818920130615,-0.573771803772,-0.011682626853,0.0,-0.00816336327802,0.00870843079823,-0.999928758829,0.0,0.661493428506,0.260647857945,0.303573599597,1.0,-0.00334,-0.00438971428571,0.168
0.464884997773,0.545883776298,-0.12398285825,-1.35810223758,0.0794233134668,1.8949784812,0.158933299218,-0.00117530117711,-0.0156756100802,0.000167846914159,-0.0262638416702,-0.00270795594128,0.00512060387691,0.000461611566262,0.573877417818,0.818925884647,0.00241902352491,0.0,0.818888350159,-0.573816511599,-0.0117144309309,0.0,-0.00820533305074,0.0087037251308,-0.99992845628,0.0,0.661433927551,0.260571741215,0.303554022121,1.0,-0.00368,-0.00483657142857,0.185
0.46482919909,0.545571715825,-0.123984985156,-1.35862132882,0.0793657286861,1.89515741591,0.15887562775,-0.00753322422852,-0.0180667780171,0.000438084035689,-0.0367698273344,-0.00673810928208,0.00921848668401,-0.000835209972335,0.573891057629,0.818916441406,0.00237967835875,0.0,0.818878612073,-0.573830522519,-0.011708843481,0.0,-0.00822319068229,0.00866843517474,-0.999928616135,0.0,0.661376905692,0.260478901905,0.303543384999,1.0,-0.004,-0.00525714285714,0.201
0.464771987705,0.545190866328,-0.12398601115,-1.35927606637,0.0792842328171,1.89537092638,0.158758865508,-0.000248414504143,-0.0187480787502,-9.96461760287e-05,-0.0353368475437,0.000159807515378,0.00993551586848,-0.00776802073609,0.573857821589,0.818939945603,0.00230499432964,0.0,0.818901468573,-0.573797903635,-0.0117088621962,0.0,-0.00826641320984,0.00860695110526,-0.999928790867,0.0,0.661298830752,0.26036904467,0.303519777995,1.0,-0.00436,-0.00573028571429,0.219
0.464705018823,0.54477724503,-0.123985673321,-1.35997297026,0.0792713373541,1.8955985943,0.158690165463,-0.00667826147592,-0.0232283861737,-0.000354171601883,-0.0389916352665,-0.00166021869789,0.0149688082113,-0.00155794155155,0.573891504995,0.818916429382,0.00227356191295,0.0,0.818877240971,-0.573831386328,-0.011762278119,0.0,-0.00832784195097,0.00861220540997,-0.999928235908,0.0,0.661213058816,0.260261025677,0.303500577785,1.0,-0.0047,-0.00617714285714,0.236
0.464648779033,0.544392818839,-0.123992083576,-1.36065854528,0.0792443511835,1.89583332574,0.158626925871,-0.00486184550369,-0.0224485267167,0.0010452891167,-0.0422561555821,-0.00126376610977,0.0205958743362,-0.00583668932855,0.573921309252,0.818895683503,0.00222198735561,0.0,0.818855695137,-0.573861251463,-0.0118051476826,0.0,-0.00839223361228,0.00859487829262,-0.999927846638,0.0,0.661129991015,0.260155355082,0.303466884761,1.0,-0.00502,-0.00659771428571,0.252
0.464582533132,0.543918320083,-0.123987256256,-1.36143372205,0.0792166296307,1.8961101662,0.158504237824,-0.00699347535017,-0.0239343178015,0.00141006184425,-0.048979725042,0.000203946685754,0.0145846413725,-0.00605238602966,0.573907525489,0.818905367702,0.00221310567856,0.0,0.818865046307,-0.573847281557,-0.0118355518324,0.0,-0.00842237440462,0.0086049128201,-0.999927506915,0.0,0.66103706485,0.260042872318,0.303457531127,1.0,-0.00536,-0.00704457142857,0.269
0.464512955645,0.543476805025,-0.123990267391,-1.36216982528,0.0791746404901,1.89636847511,0.158429766136,-0.00917992506966,-0.0264371107595,0.00104388665131,-0.0520973548044,-0.000401959803114,0.0162119881777,-0.00213353605305,0.573935412946,0.818885906347,0.00218198403856,0.0,0.818845146541,-0.573875254172,-0.0118560337814,0.0,-0.00845671514203,0.00859147009647,-0.999927332665,0.0,0.660951923926,0.259924289015,0.303442013895,1.0,-0.00566,-0.00743885714286,0.284
0.464441819032,0.542947620975,-0.124001344006,-1.36303021635,0.0791204856482,1.89666206623,0.158308683311,-0.00441383921683,-0.0285444928287,-0.000487978456891,-0.0493284370977,-0.00316080681374,0.0232625344187,-0.0123631602019,0.573935604018,0.818885867087,0.00214616575979,0.0,0.818844670996,-0.573875618158,-0.011871249584,0.0,-0.00848972976051,0.00857087421179,-0.999927229654,0.0,0.660850336607,0.259786831958,0.303432618089,1.0,-0.006,-0.00788571428571,0.301
0.464361593606,0.542290388478,-0.123997316882,-1.36403548099,0.0790683109517,1.89702418962,0.15817636353,-0.00725661125631,-0.0344660672745,0.00134470421178,-0.0550694085465,-0.00262401205969,0.0193817112167,-0.00825626700728,0.573932019561,0.818888331744,0.00216424505297,0.0,0.818847253504,-0.573871843047,-0.0118756089777,0.0,-0.00848296165016,0.00858814371002,-0.99992713892,0.0,0.660731060506,0.259641587714,0.303450218798,1.0,-0.00638,-0.00838514285714,0.32
0.464281530782,0.541717901561,-0.124004771383,-1.36491501891,0.0790131024351,1.89735503266,0.158060634825,-0.00489837726759,-0.0389482930712,-0.00137561400239,-0.0521268502902,-0.000131751884272,0.0184805227167,-0.010326031065,0.573942185525,0.818881161663,0.00218120361667,0.0,0.818840361158,-0.573881997977,-0.0118601112108,0.0,-0.00846043104572,0.00859324115263,-0.999927286013,0.0,0.660634898553,0.259501002477,0.303465299414,1.0,-0.0067,-0.00880571428571,0.336
0.464207925947,0.541087726662,-0.12400272803,-1.36590553918,0.0789527136815,1.89771976082,0.157923408798,-0.00474211484265,-0.0384761804107,0.000806537637218,-0.0614838859293,-0.00653996792618,0.0127856425687,-0.00747877622814,0.573937323684,0.818884528658,0.00219638521823,0.0,0.818843949595,-0.573877100922,-0.0118493101127,0.0,-0.0084429240975,0.00859942364609,-0.999927380836,0.0,0.660514587879,0.259346173177,0.303478643798,1.0,-0.00706,-0.00927885714286,0.354
0.464114695969,0.54034462996,-0.124005596857,-1.36702769721,0.078887611558,1.8981388589,0.157782341892,-0.00377315232957,-0.043365934113,-1.79213686237e-05,-0.0698357022315,-0.0021376985083,0.0267323837014,-0.00117262793715,0.573935121035,0.818886009691,0.00221965675646,0.0,0.818845680197,-0.573874752551,-0.0118434500522,0.0,-0.0084247927857,0.00861509415297,-0.999927398874,0.0,0.660390218206,0.259190459403,0.303498415882,1.0,-0.0074,-0.00972571428571,0.371
0.464031048923,0.53971827857,-0.124003131356,-1.36801045343,0.0788219660789,1.89850233152,0.157681281971,-0.00573383654102,-0.0409964280566,-0.00238337946512,-0.0675043847099,-0.0101793577885,0.0190225613819,-0.0123614912879,0.573955988763,0.818871377245,0.00222202430458,0.0,0.818831114709,-0.573895645368,-0.0118381043227,0.0,-0.00841883680709,0.00861417935949,-0.999927456919,0.0,0.660276896358,0.259042263487,0.303504672854,1.0,-0.0077,-0.01012,0.386
0.463925620272,0.538967621851,-0.124009138174,-1.36916155609,0.0787629737236,1.89894058541,0.157527649516,-0.00441740452061,-0.0430332370306,0.000765449218964,-0.0702361241834,-0.0052914048229,0.0238967947558,-0.00764766852875,0.573968670652,0.818862389717,0.00225803432582,0.0,0.818822539907,-0.573908127876,-0.0118260644264,0.0,-0.0083881766229,0.00863688616652,-0.999927518718,0.0,0.660149865314,0.258862577979,0.303525316955,1.0,-0.00804,-0.0105668571429,0.403
0.463831760222,0.538285060365,-0.1240200144,-1.37021997129,0.0787068361015,1.89935218495,0.157392891505,-0.00337372875078,-0.0510509005961,-0.00169020345636,-0.0720300593385,-0.00357739392771,0.0277278736541,-0.0117616002713,0.573985827882,0.81885027372,0.00229031031258,0.0,0.818810822624,-0.573925136264,-0.0118119270346,0.0,-0.00835789394257,0.00865537623176,-0.999927612416,0.0,0.660025224396,0.258687935043,0.303539735597,1.0,-0.00836,-0.0109874285714,0.419
0.463716829029,0.537452422199,-0.124026578394,-1.37152755135,0.0786242619319,1.899853597,0.157233057365,-0.00468795412402,-0.0494289876075,-0.000454967415532,-0.0714478918092,-0.00201380416462,0.0301516511163,-0.0122144952193,0.574004358358,0.818837238822,0.00230647048874,0.0,0.818798096954,-0.573943705227,-0.0117918003347,0.0,-0.00833194142421,0.00865724511068,-0.999927812824,0.0,0.659889826186,0.258493191536,0.303548987828,1.0,-0.0087,-0.0114342857143,0.436
0.463608108964,0.536673661769,-0.124032472184,-1.37274904006,0.0785600435423,1.90030758596,0.157089587464,-0.00411789477243,-0.051154064383,-0.000460889932979,-0.0740642853983,-0.00406195088245,0.0270919434246,-0.0101705278593,0.574030147451,0.81881912435,0.00231911996623,0.0,0.818780082894,-0.573969376205,-0.0117931308865,0.0,-0.00832549755708,0.00866862879783,-0.999927767874,0.0,0.659750746753,0.258303671867,0.3035569469,1.0,-0.00902,-0.0118548571429,0.452
0.463492186111,0.535834913919,-0.124033869915,-1.37406891887,0.0784817057379,1.90080222147,0.156924501045,-0.0110454838732,-0.0528002891299,0.00109275894248,-0.0802459401254,-0.00613837356397,0.0333787230622,-0.00699194275791,0.574042515265,0.818810422677,0.00233008250513,0.0,0.818771512572,-0.573981689074,-0.0117888807471,0.0,-0.0083155938364,0.0086752909596,-0.999927792506,0.0,0.659599869162,0.258101610031,0.303563636243,1.0,-0.00936,-0.0123017142857,0.469
0.463356514323,0.534828424377,-0.124045575376,-1.37564906614,0.078376469726,1.90136403017,0.156720875203,-0.0122250712683,-0.0564442389955,-0.000887539982621,-0.0830756367614,-0.00428601096554,0.0296962165467,-0.00797746452136,0.574053468224,0.818802794901,0.00231205174771,0.0,0.818763742356,-0.573992805107,-0.0117873147513,0.0,-0.00832454546778,0.00865973978232,-0.999927852822,0.0,0.659414958701,0.257852085251,0.303570760406,1.0,-0.00974,-0.0128011428571,0.488
0.463247704868,0.533990044291,-0.124046042182,-1.37703979049,0.0783038047836,1.90186665477,0.156552877547,-0.00481185486881,-0.0516418755849,-0.00171236490321,-0.0837527592069,-0.00792597257633,0.0283165965705,-0.0101438920602,0.574062095826,0.81879685169,0.00227435710198,0.0,0.818757171309,-0.574001433793,-0.0118235077289,0.0,-0.00837572792558,0.00864974034854,-0.99992751196,0.0,0.659246149458,0.257648336975,0.30354381772,1.0,-0.01006,-0.0132217142857,0.504
0.463112840088,0.53307218218,-0.124052450936,-1.37852642671,0.0782393979641,1.90243184468,0.156361387514,-0.00617818913123,-0.0556369935318,2.75214383391e-05,-0.0927794512598,-0.00602405543647,0.0355614626419,-0.0117744622718,0.574084523506,0.818781106529,0.00228174550965,0.0,0.818741328215,-0.574023629481,-0.01184302203,0.0,-0.00838722832349,0.00866722187905,-0.999927264188,0.0,0.659076865962,0.257419200163,0.30353275436,1.0,-0.0104,-0.0136685714286,0.521
0.462975524425,0.532066272441,-0.124047467426,-1.38016144476,0.0781289775716,1.90305323219,0.156157193117,-0.00252833323223,-0.059144375167,0.000930688617218,-0.0955361466678,-0.00607727881023,0.0319841279211,-0.0190604753204,0.574086034929,0.818780086207,0.0022675604937,0.0,0.818740198117,-0.574025273241,-0.0118414766774,0.0,-0.00839408987497,0.00865473595175,-0.999927314759,0.0,0.658886706282,0.257175028715,0.303517376511,1.0,-0.01076,-0.0141417142857,0.539
0.462850870841,0.531126555667,-0.124049857097,-1.38165366027,0.0780361121501,1.90359402571,0.155968054611,-0.00780372845366,-0.0587147588523,-0.000957169104447,-0.0965442855266,-0.00942926472784,0.0340072372999,-0.0145826995547,0.574092027435,0.818775935325,0.00224914855609,0.0,0.818735837306,-0.57403136752,-0.0118475615847,0.0,-0.00840957840685,0.00864321558529,-0.999927284264,0.0,0.658720364904,0.256964478551,0.303512320692,1.0,-0.01106,-0.014536,0.554
0.462725092008,0.530152465127,-0.124044718401,-1.3831986985,0.0779532229717,1.90412882461,0.155769207133,-0.00524082886998,-0.0605576664674,0.0011799923532,-0.101133684847,-0.00388996731653,0.0393967047832,-0.0142480902392,0.57408935775,0.818777853672,0.00223216385704,0.0,0.818737308596,-0.574028533394,-0.011883150416,0.0,-0.00844849730706,0.00864971255279,-0.999926900011,0.0,0.658516363122,0.256720822812,0.303513459809,1.0,-0.0114,-0.0149828571429,0.571
0.462566273672,0.529049706639,-0.124055664593,-1.38494784495,0.0778414379113,1.90477465933,0.155534651513,-0.0107843541662,-0.059006203602,-0.000490969210595,-0.100126267214,-0.00761995728734,0.0430664818899,-0.00988263869921,0.574099964848,0.818770435914,0.00222497992179,0.0,0.818729874909,-0.57403924711,-0.0118777780023,0.0,-0.00844811032578,0.00864085582987,-0.999926979855,0.0,0.658314829022,0.256442483948,0.303513938445,1.0,-0.01176,-0.015456,0.589
0.462440603887,0.528027180789,-0.12405316283,-1.38654916387,0.0777307411741,1.90538934704,0.155309677874,-0.00735831648518,-0.059506819559,-0.000618849864859,-0.0968462154909,-0.00463312800678,0.0358764356991,-0.0142204271679,0.574073945427,0.818788618511,0.00224728275983,0.0,0.818748464788,-0.574013262804,-0.0118521067529,0.0,-0.00841456201162,0.00864411142074,-0.999927234595,0.0,0.658127427986,0.256208371577,0.303524871985,1.0,-0.01208,-0.0158765714286,0.605
0.462286901713,0.526872452475,-0.12406099467,-1.38830649896,0.0776315090881,1.90606796368,0.155066877284,-0.0117705088836,-0.0654786150539,-0.000373152673344,-0.108747705902,-0.00355420448554,0.0410439080918,-0.019179117631,0.574074975569,0.818787712137,0.00231339143671,0.0,0.818748413486,-0.574014030592,-0.0118184177349,0.0,-0.00834901681979,0.00867891053695,-0.999927482586,0.0,0.657928155847,0.255939209799,0.303560238444,1.0,-0.01242,-0.0163234285714,0.622
0.462148852014,0.525712959645,-0.12406202727,-1.39012013598,0.0775157157334,1.90673966945,0.154820110835,-0.00378447308734,-0.0693580175146,0.00235176379217,-0.106660392229,-0.00590006316886,0.0378504875629,-0.02400239462,0.574053300904,0.818802877177,0.00232442450778,0.0,0.818763752128,-0.57399234759,-0.0118088954132,0.0,-0.00833511613741,0.00868225708387,-0.999927569502,0.0,0.657709222901,0.255674597705,0.303571028493,1.0,-0.01276,-0.0167702857143,0.639
0.461994639047,0.524616838617,-0.124071227943,-1.39185399919,0.0773977104424,1.90736462128,0.154587576409,-0.0118979480998,-0.0714704072698,-0.000824341248063,-0.109823348561,-0.0064601748877,0.0384968077576,-0.0228027145062,0.57405704122,0.818800312043,0.00230419752767,0.0,0.818761029732,-0.573996275036,-0.0118067496555,0.0,-0.0083449301701,0.00866450173265,-0.999927641657,0.0,0.657503574369,0.255399762375,0.303571127295,1.0,-0.01308,-0.0171908571429,0.655
0.461836843871,0.523422077952,-0.124078305841,-1.3937581003,0.0772767666615,1.90804470377,0.154339759824,-0.00973079267935,-0.0714784801041,0.00193763108328,-0.115177811243,-0.0105574962628,0.0360146944431,-0.00760266199691,0.574053756313,0.818802731776,0.00226234392503,0.0,0.818762885493,-0.573993132037,-0.011830833222,0.0,-0.00838871019473,0.00864402391567,-0.999927452564,0.0,0.657253750724,0.255095029846,0.303555450941,1.0,-0.01344,-0.017664,0.673
0.461702164734,0.522348622391,-0.124081145721,-1.39547627292,0.0771818542641,1.90870884997,0.154102920449,-0.0098641981338,-0.0713607863965,-0.000206158055251,-0.114888611203,-0.00657695487835,0.0424709715562,-0.0150850305841,0.574042930857,0.818810235085,0.00229332797059,0.0,0.818770766266,-0.573982161451,-0.0118176793519,0.0,-0.00836026842387,0.00866173195604,-0.99992753753,0.0,0.657068024242,0.254857874857,0.303558326814,1.0,-0.01372,-0.018032,0.687
0.461528308334,0.521107015,-0.124086786201,-1.39745886053,0.0770575773243,1.90948417937,0.153836782181,-0.00831664315881,-0.072222545539,-5.39702079961e-05,-0.116058882495,-0.00520572719771,0.0511856254413,-0.015497821488,0.574044103953,0.818809348582,0.00231609420818,0.0,0.818770261132,-0.573983335585,-0.0117956287682,0.0,-0.00832913199024,0.00866772708702,-0.999927745423,0.0,0.656840480868,0.254553839675,0.303554366924,1.0,-0.01406,-0.0184788571429,0.704
0.461343634323,0.519665396671,-0.12409929877,-1.39974322184,0.0769085001227,1.91032219214,0.153526289338,-0.00953062641883,-0.0763567819991,-0.00189858427938,-0.12235778413,-0.00297162060753,0.046221347639,-0.0156548644095,0.57403138856,0.818818300392,0.00230277940085,0.0,0.818779138096,-0.573970774781,-0.011790658087,0.0,-0.0083328389714,0.00865384218003,-0.999927834801,0.0,0.656564387467,0.254205849094,0.303552476864,1.0,-0.01444,-0.0189782857143,0.723
0.461184923147,0.518397525652,-0.124104632514,-1.4016923662,0.0767896092397,1.9110112938,0.153258595624,-0.0115949254992,-0.0763145752014,-0.00139525035731,-0.123848308026,-0.0100213909415,0.0426501664935,-0.0255540986767,0.57401716823,0.818828249987,0.00230965412814,0.0,0.818789131041,-0.573956482149,-0.0117924717045,0.0,-0.00833052839892,0.00866036764974,-0.999927797558,0.0,0.656322528018,0.25391142965,0.303574573048,1.0,-0.01476,-0.0193988571429,0.739
0.461003820974,0.517033961011,-0.124100407376,-1.40383947939,0.0766407062118,1.91177910509,0.152966935809,-0.00770931855051,-0.0821147549332,3.37010543593e-05,-0.130706653786,-0.00733931548172,0.0513827053232,-0.0193003425628,0.573996911003,0.818842512036,0.00228769359358,0.0,0.81880317206,-0.573936378379,-0.0117960120451,0.0,-0.00834624625016,0.008644211675,-0.999927806283,0.0,0.656056485326,0.253586219409,0.303575722794,1.0,-0.0151,-0.0198457142857,0.756
0.46081845403,0.515694286168,-0.124106114756,-1.40598310551,0.0765032668725,1.91259457103,0.152680594948,-0.0126248535311,-0.0847809886757,-0.000233838384735,-0.134222390564,-0.011048450642,0.0410061466999,-0.0125109295118,0.573994596598,0.818844127866,0.00229003012971,0.0,0.818804896546,-0.573934136427,-0.0117853866057,0.0,-0.00833622865001,0.00864000246072,-0.999927926227,0.0,0.655802082173,0.253257597204,0.303565867672,1.0,-0.01544,-0.0202925714286,0.773
0.460633464563,0.514383856778,-0.124106537106,-1.40807266964,0.076378692692,1.91336117625,0.152382997562,-0.0135242449543,-0.0916425752866,0.000946529083399,-0.135160345232,-0.00512963006299,0.0498944145095,-0.0184059895097,0.573979172441,0.81885496723,0.00228016381063,0.0,0.818815535481,-0.573918677264,-0.0117990526754,0.0,-0.00835324511959,0.00863961038108,-0.999927787607,0.0,0.655547198604,0.252937175818,0.303556444055,1.0,-0.01576,-0.0207131428571,0.789
0.460430073525,0.512907350774,-0.124109645042,-1.41047348632,0.0762341857736,1.91418808549,0.152057789225,-0.0130144747563,-0.0873329008626,-0.000766462725457,-0.129603901828,-0.0129361325905,0.0467475163307,-0.0243435144298,0.573968433113,0.818862718694,0.00219832309461,0.0,0.818822080134,-0.573908112523,-0.0118585988251,0.0,-0.00844909168704,0.0086066625806,-0.999927266459,0.0,0.655240217296,0.252569376343,0.303520177047,1.0,-0.01612,-0.0211862857143,0.807
0.460258697437,0.511663422197,-0.124118446715,-1.41247673394,0.0761117106453,1.91491790125,0.151765593891,-0.0113309490171,-0.0824756238479,-0.00105308039773,-0.133645474421,-0.0080031502968,0.0452213494923,-0.0162876859663,0.573947596063,0.818877398084,0.00217043376728,0.0,0.818836379338,-0.573887371533,-0.0118749976259,0.0,-0.00847874587048,0.00859302191051,-0.999927132767,0.0,0.654993518521,0.252260336752,0.303501536347,1.0,-0.01642,-0.0215805714286,0.822
0.460058949643,0.510196635146,-0.124117405305,-1.41479769853,0.0759714329153,1.9158046494,0.15143735245,-0.0112167418952,-0.0871401586343,-0.00246196757796,-0.129153533944,-0.0127304557335,0.0498178172723,-0.0148502225776,0.573925167362,0.818893046346,0.00219722921276,0.0,0.818852352834,-0.573864815037,-0.011863609136,0.0,-0.00845427726131,0.00860819590393,-0.99992720943,0.0,0.654713407164,0.251911470793,0.303500589215,1.0,-0.01676,-0.0220274285714,0.839
0.459845157789,0.508597381307,-0.124122350067,-1.41731087542,0.075806348456,1.91671213048,0.151106216067,-0.00946960300778,-0.0915453313589,-0.00269946638456,-0.136345988363,-0.0112816954,0.0457856260699,-0.0120362249405,0.573918517104,0.818897741227,0.00218449977088,0.0,0.81885692726,-0.573858262155,-0.0118648445699,0.0,-0.00846266410862,0.0085984123173,-0.999927222663,0.0,0.654400245205,0.251526421138,0.303502278477,1.0,-0.01712,-0.0225005714286,0.857
0.459649173276,0.507148422116,-0.1241217227,-1.41957302546,0.0756569678418,1.91753234995,0.150768597097,-0.0133789750164,-0.0998311490793,0.00102600180912,-0.142104466865,-0.0185454782101,0.0537764529829,-0.0247306242321,0.573878789836,0.818925580101,0.00218534515645,0.0,0.818884802296,-0.573818562042,-0.0118610845326,0.0,-0.00845951678814,0.00859653628405,-0.999927265425,0.0,0.654118138611,0.251180783029,0.303510023845,1.0,-0.01744,-0.0229211428571,0.873
0.459414169055,0.505486330526,-0.124138602217,-1.42215560546,0.075500632058,1.91850444021,0.150421634318,-0.0157276462917,-0.0946003613896,-0.0050336747166,-0.144025839582,-0.0125203493667,0.060755231967,-0.0255130241229,0.573890546001,0.818917233844,0.00222535952399,0.0,0.818877018014,-0.57383020108,-0.0118353960227,0.0,-0.00841539329163,0.00861468351598,-0.999927481562,0.0,0.653808373628,0.250773362088,0.303527464419,1.0,-0.0178,-0.0233942857143,0.891
0.459189657529,0.503833667727,-0.12413661951,-1.42463145257,0.0753475097534,1.91945205699,0.150084504253,-0.0182470579875,-0.0974170149982,-0.000653612528774,-0.144681965923,-0.00977189737988,0.0559533664661,-0.0182824242971,0.57388309264,0.818922163455,0.00233089804674,0.0,0.818883335346,-0.573822357751,-0.0117784438224,0.0,-0.0083082672442,0.00866835022676,-0.999927913602,0.0,0.653510902058,0.250395304522,0.303585670432,1.0,-0.01814,-0.0238411428571,0.908
0.45897597477,0.502253319013,-0.124145791874,-1.42696184543,0.0751980033581,1.92033318383,0.149747255116,-0.0139296533745,-0.105475473655,-0.00232359507652,-0.14778485947,-0.00705815683603,0.049722014377,-0.0227437858044,0.573867528989,0.818932758034,0.00243800989745,0.0,0.818895418857,-0.573806500144,-0.0117106903853,0.0,-0.00819147976051,0.00871702792011,-0.999928453982,0.0,0.653231782405,0.250030291892,0.303656534073,1.0,-0.01846,-0.0242617142857,0.924
0.458728479114,0.5004368107,-0.124138587807,-1.42970217782,0.0750160806746,1.92128451671,0.149361943103,-0.0144465573369,-0.103545126414,-0.000922895296902,-0.153657060224,-0.00711443871197,0.0571579586402,-0.0193980385234,0.573839712982,0.818952184437,0.00245973822871,0.0,0.818915082543,-0.573778560689,-0.0117046050452,0.0,-0.00817432419026,0.00873105203411,-0.999928472019,0.0,0.652879599096,0.249607051626,0.303702055929,1.0,-0.01882,-0.0247348571429,0.942
0.458502061999,0.498841378553,-0.12413565853,-1.43214813105,0.0748635118894,1.92218374636,0.149015871545,-0.0213124410195,-0.102121792045,-0.00108338194865,-0.153447569533,-0.0175628788049,0.055935419278,-0.021799773306,0.573830687763,0.818958420667,0.00248875523055,0.0,0.818921660824,-0.573769394482,-0.0116936859164,0.0,-0.00814882785837,0.0087484598336,-0.999928527973,0.0,0.652556319649,0.249196890954,0.303721562432,1.0,-0.01916,-0.0251817142857,0.959
0.458255500079,0.497279688285,-0.12413875228,-1.4346422933,0.0747125015584,1.92311032816,0.148651421277,-0.0158578922243,-0.102006624592,-0.000279273292943,-0.160532223313,-0.0134023625015,0.0560451987748,-0.0222048221485,0.573814476705,0.818969757857,0.00249578458003,0.0,0.818933026002,-0.573753092154,-0.0116976522933,0.0,-0.00814821622444,0.00875633123425,-0.999928464059,0.0,0.652268835085,0.248828872905,0.303710561734,1.0,-0.01946,-0.025576,0.974
0.457995574876,0.495610259656,-0.124136962098,-1.43734355836,0.0745407996519,1.92404365629,0.148253238974,-0.014065719101,-0.0994588496853,-0.00230356919832,-0.157515441589,-0.0147560500223,0.0503007545838,-0.0259303228771,0.573789769019,0.818987323267,0.00241085014558,0.0,0.818949363988,-0.573728566489,-0.011756620236,0.0,-0.0082455080913,0.00872036049701,-0.999927980861,0.0,0.651918745201,0.248397879763,0.303669009814,1.0,-0.0198,-0.0260228571429,0.991
0.457753876186,0.494148202136,-0.12413878233,-1.43975580262,0.0743897104323,1.92489627051,0.147920058979,-0.019771806376,-0.100679472001,-0.00124737087148,-0.159763282205,-0.0135287545052,0.0525629211127,-0.0239848721845,0.57379672797,0.818982694547,0.00232549008594,0.0,0.818943531579,-0.573735748804,-0.0118122618736,0.0,-0.00833998183266,0.0086824494407,-0.999927527261,0.0,0.65161113208,0.248006119488,0.303613191475,1.0,-0.0204628571429,-0.0268940408163,1.006
0.457459179722,0.492329353197,-0.124145007364,-1.44263889847,0.0742046534527,1.92596463388,0.14752286057,-0.0206165378574,-0.108216612802,0.000604044491291,-0.169850142055,-0.013397347649,0.060050469576,-0.021897528532,0.573811883365,0.8189720849,0.0023224049832,0.0,0.81893291301,-0.57375094662,-0.0118102557901,0.0,-0.00833994831989,0.00867892609221,-0.999927558128,0.0,0.651256472994,0.247535349455,0.30359978693,1.0,-0.0221045714286,-0.029051722449,1.023
0.457158116929,0.490424261211,-0.12414620114,-1.44575772658,0.0740145417644,1.92705862109,0.147072980428,-0.0210740211132,-0.111711671961,0.00150858188439,-0.186581346971,-0.00555208582308,0.0682223115996,-0.0196412198558,0.573795156239,0.818984083182,0.00222195245718,0.0,0.818943411747,-0.573734416184,-0.0118850722746,0.0,-0.00845903728727,0.0086394165643,-0.999926899913,0.0,0.650850988391,0.247037795107,0.303535620641,1.0,-0.0237462857143,-0.0312094040816,1.04
0.456823734782,0.488331418533,-0.124169495125,-1.4490791966,0.0738086854946,1.92826283902,0.146600508395,-0.0234715534714,-0.125027133187,0.000482976288234,-0.196336216402,-0.00914851063966,0.0690718715666,-0.0207642708643,0.573808328393,0.818974925159,0.00219570687653,0.0,0.818933906916,-0.573747686542,-0.0118993778212,0.0,-0.00848567369531,0.00862626698969,-0.99992678775,0.0,0.650435318244,0.246489125697,0.30351476053,1.0,-0.025388,-0.0333670857143,1.057
0.456409588522,0.485771449228,-0.124192314619,-1.45297054121,0.0735684972204,1.92977000233,0.146024896123,-0.026784852629,-0.13247714833,-0.00260355365264,-0.205972162602,-0.0145899054282,0.0773707208352,-0.0320527317305,0.573820518362,0.818965987584,0.0023389714922,0.0,0.818926965702,-0.573759448827,-0.0118095990624,0.0,-0.00832981333967,0.0086922044345,-0.99992752727,0.0,0.649972467894,0.245842545377,0.303572024617,1.0,-0.0272228571429,-0.0357786122449,1.076
0.45603696382,0.483519625323,-0.124219588913,-1.45645452289,0.0733454742709,1.93098261003,0.145489732846,-0.0272198092226,-0.142357562732,-0.00183614054482,-0.222405161594,-0.0176927251336,0.0766983036301,-0.032533409283,0.573817581014,0.81896810882,0.00231675568082,0.0,0.818928792345,-0.573756591337,-0.01182175397,0.0,-0.00835254646176,0.00868095533355,-0.999927435358,0.0,0.649529695426,0.245247990381,0.303582550176,1.0,-0.028768,-0.0378093714286,1.092
0.455620964252,0.480960672174,-0.124260787252,-1.46042966404,0.0731030377663,1.93236681435,0.14489621164,-0.0228608675991,-0.150744445251,-0.00228892098004,-0.239046217691,-0.0165448244715,0.0903236812189,-0.0319855513856,0.573830548789,0.818959105248,0.00228738038763,0.0,0.818919333673,-0.573769595842,-0.0118457893583,0.0,-0.00838894924654,0.00867082277141,-0.999927218533,0.0,0.6490210843,0.244571790452,0.303586374661,1.0,-0.0304097142857,-0.0399670530612,1.109
0.455165941671,0.478299495492,-0.124277570462,-1.46452984353,0.0728551453963,1.93389547016,0.144295747059,-0.0314223222824,-0.156678985424,-0.00449035494705,-0.242238597247,-0.017171922624,0.0917023464526,-0.035560085442,0.573856229145,0.818940893004,0.00236409377839,0.0,0.818902068917,-0.573794924203,-0.011812424967,0.0,-0.00831733297506,0.00871476272104,-0.999927434809,0.0,0.648514827354,0.243880189747,0.303611699209,1.0,-0.0320514285714,-0.0421247346939,1.126
0.454719967395,0.475663350486,-0.124292460247,-1.46855715441,0.0726013819308,1.935380675,0.143711251281,-0.0283851981492,-0.161530363837,0.000223603667063,-0.254515121356,-0.0163384831642,0.0929108545209,-0.0389155227872,0.573879469238,0.818924382816,0.0024406798721,0.0,0.818886563825,-0.573817881974,-0.0117720353334,0.0,-0.00824005966178,0.00875453789482,-0.99992772713,0.0,0.648011907242,0.243200454919,0.303648821986,1.0,-0.0335965714286,-0.0441554938775,1.142
0.454223299547,0.472722477033,-0.124301028709,-1.47309499837,0.0723141311684,1.93697132049,0.143055666998,-0.0253255366226,-0.17434776612,0.000721116283201,-0.272044734207,-0.0131091563426,0.0906292770331,-0.0381754251725,0.573895059956,0.818913470479,0.00243617061581,0.0,0.818875438248,-0.573833323465,-0.011793236024,0.0,-0.00825984298713,0.00876316889387,-0.999927488303,0.0,0.647421199946,0.242437694628,0.303660982606,1.0,-0.0352382857143,-0.0463131755102,1.159
0.453737434576,0.469859078843,-0.124301617551,-1.47748731381,0.0720406376676,1.93856051831,0.142374648047,-0.0315381827093,-0.182143004363,0.000983363334759,-0.277204940997,-0.0239162469816,0.104417778744,-0.0484244217958,0.573870881689,0.81893024834,0.00249126553591,0.0,0.818892783865,-0.573808783673,-0.0117828356246,0.0,-0.00821996871714,0.00880207510598,-0.999927475164,0.0,0.646855639059,0.241705275921,0.30368648672,1.0,-0.0367834285714,-0.0483439346939,1.175
0.453212590564,0.466656090573,-0.124307149657,-1.48229105863,0.0717234162356,1.94038649397,0.141597266931,-0.0319012231235,-0.19422199573,-0.0039566668433,-0.286843827432,-0.0192330299427,0.104908507001,-0.0492743489648,0.573809310367,0.818972815868,0.0026737813176,0.0,0.818937884521,-0.573746738591,-0.0116691110758,0.0,-0.00802276590887,0.00888567647173,-0.999928337423,0.0,0.646253138659,0.240909948973,0.303768935022,1.0,-0.0384251428571,-0.0505016163265,1.192
0.452677354021,0.463571224386,-0.124307989941,-1.4871039817,0.0714013733514,1.94201665075,0.140885797385,-0.0344038774818,-0.19259968384,5.94714489094e-05,-0.30622527299,-0.0215271412859,0.101918581053,-0.0444216257861,0.57380303407,0.81897749268,0.0025867889528,0.0,0.818941260718,-0.573740584401,-0.011734573108,0.0,-0.00812636191383,0.00885193228625,-0.999927800162,0.0,0.645603551726,0.240095322946,0.303746445411,1.0,-0.0399702857143,-0.0525323755102,1.208
0.452081903998,0.460181024428,-0.124309317009,-1.49239878873,0.0710404073435,1.94387054641,0.140101376572,-0.0351849222665,-0.201442019774,0.000992149411943,-0.310210094438,-0.0260482091744,0.106654955486,-0.0424998740918,0.573796760897,0.818982055831,0.0025330439212,0.0,0.818945078059,-0.573734456906,-0.0117677093757,0.0,-0.00818440581367,0.00882686731928,-0.999927548333,0.0,0.644898241738,0.239198228192,0.303721981954,1.0,-0.041612,-0.0546900571429,1.225
0.451368064847,0.456292094209,-0.124321545444,-1.49851487559,0.0706348881603,1.94605050955,0.139154685418,-0.0410267107507,-0.205571204772,-0.000993373943072,-0.33515977588,-0.0225470541322,0.110928487663,-0.0522994770619,0.573786535478,0.818989372826,0.00248310371629,0.0,0.818951677006,-0.573724344755,-0.0118014349188,0.0,-0.00824079139082,0.00880521593607,-0.99992727612,0.0,0.64409231967,0.23814386431,0.303675521051,1.0,-0.0434468571429,-0.0571015836735,1.244
0.450769577321,0.453083847678,-0.124364756378,-1.50350194354,0.0702794023842,1.94777367046,0.138359434348,-0.0398172274496,-0.225089136883,-0.00599618501275,-0.327050278567,-0.020682062165,0.114751920079,-0.0493627323559,0.573786874845,0.818989349568,0.0024113173032,0.0,0.818950925323,-0.573725173211,-0.0118133161637,0.0,-0.00829170632471,0.00875324482689,-0.999927311514,0.0,0.643432692514,0.23724795812,0.303656614783,1.0,-0.0448954285714,-0.0590054204082,1.259
0.450043557781,0.449032814374,-0.124421358753,-1.50958187907,0.0698809609182,1.95002887191,0.137422048829,-0.0427446898668,-0.226420633831,-0.000122656205644,-0.348031420697,-0.0276112512481,0.11378826218,-0.0513073574397,0.573830944418,0.818957906844,0.00259633332851,0.0,0.818922117551,-0.57376880472,-0.0116906379724,0.0,-0.0080846009866,0.00883481471335,-0.999928290067,0.0,0.642607729791,0.236114246866,0.303747515984,1.0,-0.0467302857143,-0.0614169469388,1.278
0.449313796805,0.445088534683,-0.124434523804,-1.51562692202,0.0694604779064,1.95200870519,0.136522598675,-0.0450496081347,-0.233817405984,-0.000630383881248,-0.356868939081,-0.018507594115,0.123099377817,-0.0567780617552,0.573847432902,0.818946722983,0.00247700795428,0.0,0.81890922902,-0.573785557613,-0.0117709559031,0.0,-0.00821867260786,0.00878334660855,-0.999927650504,0.0,0.641814673059,0.235106016111,0.303736256683,1.0,-0.0482754285714,-0.0634477061224,1.294
0.448611524373,0.441324116396,-0.124443087919,-1.52141497669,0.0690571710817,1.95406776977,0.135607379011,-0.0457978721566,-0.235254504015,-0.00018329989093,-0.371476709969,-0.0270637147104,0.127120361669,-0.0588447602752,0.573825246879,0.818962222635,0.00249215618939,0.0,0.818924987502,-0.573763384644,-0.0117554322586,0.0,-0.0081975047876,0.00878662196389,-0.999927795488,0.0,0.641036063703,0.234094989553,0.303735894441,1.0,-0.0498205714286,-0.0654784653061,1.31
0.447769457699,0.437026737549,-0.124444800794,-1.52808486205,0.0686191197513,1.9564321164,0.134519478409,-0.0480622946379,-0.244779986474,0.000913727927683,-0.36798706478,-0.0270565859507,0.131774369188,-0.0691348402804,0.573798415785,0.818981043222,0.00248511298525,0.0,0.818943489556,-0.57373634006,-0.0117864290503,0.0,-0.00822722073022,0.00879837081283,-0.999927448123,0.0,0.640133196237,0.232918288762,0.303702878052,1.0,-0.0515588571429,-0.0677630693878,1.328
0.447035966182,0.433229615975,-0.124467833747,-1.53370596764,0.0682222562628,1.95849215344,0.133610182214,-0.0498551227518,-0.253303309616,0.000336304342328,-0.382821393642,-0.0319677115444,0.14695069597,-0.056458750033,0.573806226413,0.818975001029,0.0026662935764,0.0,0.81894008959,-0.573743810734,-0.0116583106906,0.0,-0.00801824994893,0.00887331680289,-0.999928483401,0.0,0.639395837532,0.231902094925,0.303796830652,1.0,-0.0530074285714,-0.0696669061224,1.343
0.446224099133,0.429193920544,-0.124491583753,-1.54001028207,0.067757647772,1.96059044548,0.132622068892,-0.0493140066843,-0.260453266658,-0.00143730862454,-0.411166994419,-0.0291286327361,0.123468014238,-0.0601755367171,0.573817714182,0.818967558067,0.00247318114136,0.0,0.81893014461,-0.573755996005,-0.0117567936983,0.0,-0.00820958817674,0.00877178795991,-0.999927826594,0.0,0.63845221929,0.230678308052,0.303718171833,1.0,-0.0546491428571,-0.0718245877551,1.36
0.445226539042,0.424183166384,-0.124553316692,-1.54765475706,0.0672023854041,1.96314082236,0.131349389136,-0.05093197621,-0.264977643814,-0.00354601324735,-0.397631571481,-0.0249026127916,0.135892339643,-0.0578527726791,0.573810545722,0.818972807051,0.00239704606314,0.0,0.818934578262,-0.573749297063,-0.0117748693086,0.0,-0.00826815346416,0.00871973597251,-0.999927799315,0.0,0.637443406435,0.229336636802,0.303721713937,1.0,-0.0563874285714,-0.0741091918367,1.378
0.444344119067,0.419871271304,-0.124575466204,-1.55420830462,0.0667537749078,1.96539335965,0.130296293707,-0.0568616490546,-0.275688917,-0.00209131607143,-0.409366092543,-0.034235997662,0.143312037904,-0.0644239215572,0.573837840982,0.818953672021,0.00240046676136,0.0,0.818915356012,-0.573776437122,-0.0117892659994,0.0,-0.00827769078607,0.00873107414057,-0.99992762147,0.0,0.636531351651,0.228133924529,0.303726584269,1.0,-0.0579325714286,-0.0761399510204,1.394
