position_joint1,position_joint2,position_joint3,position_joint4,position_joint5,position_joint6,position_joint7,velocity_joint1,velocity_joint2,velocity_joint3,velocity_joint4,velocity_joint5,velocity_joint6,velocity_joint7,ee_T_00,ee_T_10,ee_T_20,ee_T_30,ee_T_01,ee_T_11,ee_T_21,ee_T_31,ee_T_02,ee_T_12,ee_T_22,ee_T_32,ee_T_03,ee_T_13,ee_T_23,ee_T_33,v_x,v_y,w_z,time
0.4651112171923309,0.5473110592033543,-0.12397715535837743,-1.35558768691554,0.07945990726682864,1.8941799134948518,0.15914383723645054,0.0012423470067151575,-0.0024629396762179926,0.0011487713494247823,-0.0003924005407568298,5.787632879134929e-05,-9.507544719142904e-05,-0.0008340758664613707,0.573730000364818,0.8190285996269899,0.0026051056880680885,0.0,0.8189946193896527,-0.5736697046402919,-0.011473024445475946,0.0,-0.007902417080450475,0.008716153673725413,-0.9999307878395496,0.0,0.6617514197481638,0.26095618513526553,0.3036706716675564,1.0,5e-324,6.93531884361175e-310,6.93510664403275e-310,0.0
0.46510352075490174,0.5473156465618555,-0.12398708256606912,-1.3555828102933891,0.07945990726682875,1.8941784947049476,0.1591492515415386,-0.0005178417435930552,-0.0010641365518206604,-0.000828249530028749,0.0004384919752063942,-6.12453250556909e-05,0.00018844030257873646,0.0009413282170216591,0.5737474077697847,0.8190164171722017,0.0026014190494378408,0.0,0.8189824398632782,-0.5736871776954463,-0.011468750787840713,0.0,-0.007900846543001883,0.008710850265957457,-0.9999308464646681,0.0,0.6617564220856447,0.26094576912071893,0.30366994847944273,1.0,-0.00018,-0.00023657142857142863,-9e-05,0.010000000000000002
0.4651084471977994,0.54731811036678,-0.1239794252356275,-1.355587797920538,0.07945919519000583,1.8941806199581566,0.1591504601315201,0.0010674070550079056,0.0014286767368915524,0.0002087495367533868,-0.0018060004072936282,-0.00016002750174428756,-0.00011966010115160948,0.0012783731966144333,0.5737391178884624,0.8190222341784295,0.0025983508521883157,0.0,0.8189881844802681,-0.5736788627584417,-0.011474450187433018,0.0,-0.00790736310779283,0.008711527299765084,-0.999930789055316,0.0,0.6617526345742196,0.2609528652011741,0.3036657583239177,1.0,-0.00040000000000000024,-0.0005257142857142861,-0.00020000000000000012,0.02100000000000001
0.4651004567722323,0.5473039765966667,-0.123985036405117,-1.3556017830259062,0.07945915576018422,1.8941778430585479,0.1591446115493997,0.0005228935025421207,0.0007317658299785056,-0.00018888951762428336,-0.0010125201002502862,-0.00024544428578933186,0.0034569066943669242,-0.00117529859157553,0.5737455032746424,0.8190177695165191,0.0025956867148889205,0.0,0.8189836955768601,-0.5736852672902806,-0.011474640497919861,0.0,-0.007908979512141256,0.008709516170869389,-0.9999307937908233,0.0,0.6617526232895341,0.260942659296483,0.30366905709245395,1.0,-0.0007400000000000005,-0.0009725714285714294,-0.00037000000000000027,0.03800000000000003
0.46510742859233056,0.5472484219599594,-0.12398000737533438,-1.3556418489369733,0.0794551229348491,1.894182652441009,0.15915010471145313,0.001811735559575399,-0.003577089709814825,0.0007015436304752649,-0.0036504598388648296,-0.00013905081145912076,0.0006909006291021403,0.001249598788041527,0.5737418211445552,0.8190202892698525,0.002614447411067677,0.0,0.8189864368471319,-0.573681501383695,-0.011467263483361564,0.0,-0.007892213288768546,0.008720613502836136,-0.9999308295424933,0.0,0.6617431120350343,0.2609458286223882,0.30368958458680323,1.0,-0.0010600000000000008,-0.0013931428571428584,-0.0005300000000000004,0.05400000000000004
0.465102419540854,0.5471200105759902,-0.12397998981276652,-1.355796362183016,0.0794567956293391,1.8942149574358491,0.15914491529628425,-0.00033890152015118445,-0.0047416397186620055,-0.000705108665284857,-0.007256638822837169,-0.002489700439982145,-0.00067007843704394,-0.0009216092139515981,0.5737439668620387,0.8190187244465604,0.002633703960037613,0.0,0.818984986783747,-0.5736834358625978,-0.011474046405631341,0.0,-0.007886698357924271,0.008740297181434847,-0.9999307011959334,0.0,0.6617180740373234,0.26093320020671784,0.3037146560907444,1.0,-0.001400000000000001,-0.0018400000000000018,-0.0007000000000000005,0.07100000000000005
0.465074712669299,0.5468692301219589,-0.12398811743377286,-1.3561149526667042,0.0794488860492574,1.8943326755331804,0.1591409989015717,-0.0014476324196886809,-0.011051483888849013,0.0005558171219741472,-0.01352174640920326,-0.002753445393352984,0.005028171519636013,-5.8509514935682797e-05,0.5737811118191366,0.8189925888191736,0.002668722554307914,0.0,0.8189592220916743,-0.5737203721508557,-0.011466212595787917,0.0,-0.007859793966140005,0.008764839908948996,-0.9999306982087209,0.0,0.6616853593853331,0.2608908473978061,0.30374418015457405,1.0,-0.0018800000000000015,-0.0024708571428571453,-0.0009400000000000007,0.09500000000000007
0.4650610345525394,0.5467259708367406,-0.12397756857197013,-1.3562737335150534,0.0794454164742412,1.8944224939419623,0.15913971019337111,0.00033815666952267633,-0.010313375109305436,-0.0005399000923905766,-0.015604855510477527,0.000306101513424441,0.007540305052433755,-0.0007751744943125273,0.5738035269377575,0.8189766393554734,0.0027429117764072924,0.0,0.8189441986407737,-0.5737425119393107,-0.01143137819333457,0.0,-0.0077884565552781004,0.008805826351211674,-0.9999308962957185,0.0,0.6616728258535274,0.260866079972068,0.3037791871384057,1.0,-0.0021600000000000018,-0.0028388571428571456,-0.0010800000000000009,0.10900000000000008
0.4650417942194668,0.5465376759817889,-0.12398035360384814,-1.3564899065988738,0.07943900555820513,1.894539563872787,0.15913574604944697,-0.0010291655709668305,-0.010869858836667332,-0.0004685016686596416,-0.011687734476107235,-0.00010813484427867694,0.011348264360214425,-0.00033008391951585224,0.5738271395467409,0.8189598257085322,0.002822179346558121,0.0,0.8189284346613526,-0.5737659063199048,-0.011386419508053896,0.0,-0.007705898207604256,0.008845169747523196,-0.9999311886849772,0.0,0.661656695936631,0.2608324942947788,0.3038203278222211,1.0,-0.002480000000000002,-0.003259428571428575,-0.001240000000000001,0.12500000000000008
0.4650065592082989,0.5463078667010179,-0.12398035263178642,-1.3568015765853343,0.07943012791634009,1.8946558612234494,0.15913410990503846,-0.0006842513542308111,-0.016589855467074987,0.0011055152124596866,-0.021965520874069902,-9.451070340357958e-05,0.01404394669213427,-0.002266470418032512,0.5738629567879552,0.8189346112255267,0.002855917486405132,0.0,0.8189035562730345,-0.5738015023901701,-0.01138192775274727,0.0,-0.007682472746198266,0.008870558485916807,-0.9999311440317538,0.0,0.6616205419698628,0.26077909551109757,0.3038434553491761,1.0,-0.002840000000000002,-0.0037325714285714314,-0.001420000000000001,0.1430000000000001
0.4649740221979821,0.5460377803905919,-0.12397780579523973,-1.3572045343036563,0.07941732609925783,1.8947947133231668,0.15911884214661834,0.0006222585836977271,-0.018777908539551472,-0.00026762715581966527,-0.021727160206976872,-0.0002834212694974729,0.0054278081451704825,0.001191316983837469,0.5739010909249285,0.818907840485471,0.0028694124498652267,0.0,0.8188768684680281,-0.5738394855020377,-0.011387100946264656,0.0,-0.007678551917290388,0.008884936199376844,-0.9999310464973004,0.0,0.6615751426520489,0.26072467259474325,0.3038562017479808,1.0,-0.003160000000000002,-0.0041531428571428605,-0.001580000000000001,0.1590000000000001
0.4649246504632045,0.5457429056897112,-0.12398051105132467,-1.357661065927317,0.07939549587483306,1.8949586092197757,0.15909978480628287,-0.001251745211862639,-0.020492922885516716,1.6871638965387984e-05,-0.03111536750427516,0.00017218813022789112,0.010380682325476995,-0.004893515569928705,0.5739543179648342,0.8188705378530062,0.0028688023735345958,0.0,0.8188395162307741,-0.5738926594596049,-0.011393374326422737,0.0,-0.0076834618694770485,0.008888536270413666,-0.9999309767862329,0.0,0.6615215862900561,0.2606420072601823,0.30386032521968664,1.0,-0.0035200000000000027,-0.004626285714285719,-0.0017600000000000014,0.17700000000000013
0.46487934338859127,0.545451571512793,-0.12397825074533629,-1.3581522187270485,0.07934797212338182,1.8951229244010632,0.15906990981348362,0.0006595073955489024,-0.025215072023999006,0.0019508155022828102,-0.03541508823205642,-0.005798925946897888,0.01387249426798153,-0.005544244136482407,0.5739733674519198,0.8188573092945063,0.0028332617374285116,0.0,0.8188259431394544,-0.5739119465065451,-0.01139734179796384,0.0,-0.007706902260850967,0.008861889484922336,-0.9999310329079194,0.0,0.6614672349417986,0.2605680337171636,0.3038485340327144,1.0,-0.003820000000000003,-0.005020571428571433,-0.0019100000000000015,0.19200000000000014
0.4648214461225831,0.5451070381794653,-0.12398315431554173,-1.3587424105740566,0.07929784133179954,1.8953204059947553,0.1589445610467366,-0.005680682389724436,-0.017084356198245255,0.0005510916220220764,-0.035320870812964665,-0.0009358559883323302,0.012083161795575257,-0.0021396807482818164,0.5739411848562445,0.8188800382954111,0.0027831831281509532,0.0,0.8188481302871128,-0.5738800416270606,-0.011409831227119515,0.0,-0.007746218921486858,0.008827746315707735,-0.9999310311153494,0.0,0.6613992070491491,0.2604666531730125,0.3038287150592659,1.0,-0.004160000000000003,-0.005467428571428576,-0.0020800000000000016,0.20900000000000016
0.4647607197486709,0.5447100696889781,-0.12398924343313465,-1.359389904990824,0.07928070243481009,1.8955414993270192,0.15893800861112925,-0.0034637124994539863,-0.027225768406233117,0.0009401230648311063,-0.0427714799523444,-0.0011995486658584987,0.016347172734813148,-0.011473418110611127,0.5740213275082597,0.8188239138251022,0.002767781603609517,0.0,0.8187916331920617,-0.5739600247245243,-0.011441080985105863,0.0,-0.007779784497934039,0.008833830993359146,-0.9999307167914917,0.0,0.6613231970349743,0.2603635503629359,0.3038208615534783,1.0,-0.004500000000000003,-0.005914285714285719,-0.0022500000000000016,0.22600000000000017
0.46470024482294164,0.5442976283933992,-0.12398500892346563,-1.360117371872286,0.07924527589026872,1.8957743946056442,0.15891670243269046,-0.005590844445922998,-0.03254769012959773,0.0017277097742138846,-0.04536384434689768,-0.003221728661545079,0.011534596334415894,-0.001955148452401916,0.574081508316131,0.8187819404688562,0.0027023457844494603,0.0,0.8187486747106036,-0.57402024964628,-0.011493805151522297,0.0,-0.007859870210371933,0.008811092668143006,-0.9999302911134702,0.0,0.661230086658277,0.2602551472051618,0.30378650203672397,1.0,-0.004840000000000004,-0.006361142857142864,-0.002420000000000002,0.2430000000000002
0.4646328005377376,0.5438725694125988,-0.12398216534282565,-1.3608276095264031,0.07921209286584502,1.8960121797578802,0.15885599337993464,-0.005235653987579922,-0.027501146889134614,0.0018030119466285232,-0.0405633995131723,-0.0019745046614242224,0.01407016943280711,-0.012106375296740591,0.5741157177973002,0.8187580679613413,0.0026675133571968344,0.0,0.8187242208878518,-0.574054422811046,-0.01152894981624232,0.0,-0.007908275095365125,0.008803078580821466,-0.999929980044861,0.0,0.6611441555667694,0.2601442420465599,0.3037697145760236,1.0,-0.005160000000000004,-0.006781714285714292,-0.002580000000000002,0.2590000000000002
0.4645844997807029,0.5435272821410264,-0.1239956357005511,-1.3613736116788053,0.07918861404763684,1.8962062986899264,0.15880435568505533,-0.006062343236004331,-0.03437720889472113,-0.0008496909783216009,-0.04194202072620624,-0.0002507636240320692,0.015957077720824095,-0.0013650217661263218,0.5741465518607345,0.8187364590831234,0.0026635419400554087,0.0,0.8187025317198173,-0.5740852340146125,-0.011534970444586965,0.0,-0.007915153150690857,0.008803581532465299,-0.9999299211958819,0.0,0.6610833314903858,0.26005360238124714,0.30377139018392585,1.0,-0.005400000000000004,-0.0070971428571428635,-0.002700000000000002,0.2710000000000002
0.4644993116622845,0.5428666417678901,-0.12399673000513094,-1.362453517348499,0.07912882510120106,1.8965876093799912,0.15875864284805358,-0.0038794792549725126,-0.02977558935807384,0.0007211049023405745,-0.04953424440587069,-0.0011733665068518568,0.01906380353699703,-0.005816331003681173,0.5742284862958307,0.81867909791766,0.002631930913586637,0.0,0.8186447018360514,-0.5741671976744297,-0.011559765207970456,0.0,-0.007952722870033568,0.008792732062653297,-0.9999297185611732,0.0,0.6609488768999913,0.25988481553816883,0.3037567340692866,1.0,-0.005860000000000004,-0.007701714285714293,-0.002930000000000002,0.2940000000000002
0.4644251648670565,0.5423218356808418,-0.12399910654484868,-1.3633393210010336,0.07906799368724972,1.896884964569865,0.15868312814044883,-0.00348568723484735,-0.02481454014603019,0.000686666502600624,-0.05449131884725311,-0.004335960591743554,0.010326263565679781,-0.003777141785454568,0.574257251335603,0.8186590542992612,0.0025901744199128404,0.0,0.8186241372331757,-0.5741961220877309,-0.011579387715185047,0.0,-0.00799245636838497,0.0087700955127714,-0.9999296005549071,0.0,0.6608468099704813,0.25975530393133944,0.3037472673641135,1.0,-0.006180000000000005,-0.008122285714285723,-0.0030900000000000025,0.3100000000000002
0.4643432102337137,0.5417265721730432,-0.12400207874735159,-1.3642755308923111,0.07900685785005712,1.8972260431947492,0.1586043344971868,-0.008834313494165377,-0.03384450379972594,0.0003848435119812968,-0.05506458652224772,-0.009881598105364287,0.021042362101799345,-0.0064223017070754815,0.5742976094958561,0.8186307557063975,0.002586201872632577,0.0,0.8185958291387867,-0.5742365347596835,-0.011576595569577724,0.0,-0.007992019449241272,0.008765633993573996,-0.9999296431678648,0.0,0.6607401227829736,0.25960936367372167,0.3037522062805116,1.0,-0.006520000000000005,-0.008569142857142865,-0.0032600000000000025,0.32700000000000023
0.46427534146031024,0.5411456959465709,-0.12400831594690094,-1.3651814259918726,0.07895834662451419,1.8975537740919737,0.15855296130223268,-0.007895516724982975,-0.035750594011009273,-0.000754255659705462,-0.0552925643037007,-0.007627235076314749,0.018286267781138982,-0.005474138799344664,0.5743527714049098,0.8185920443134305,0.0025895689731179764,0.0,0.8185571268450772,-0.5742916404800085,-0.011579666105782909,0.0,-0.0079920086072231,0.008770692321208223,-0.9999295988991568,0.0,0.6606336207429925,0.2594753898942342,0.30376029499073554,1.0,-0.006840000000000005,-0.008989714285714294,-0.0034200000000000025,0.34300000000000025
0.46417442967555816,0.5403856772273337,-0.12400911185529274,-1.3663261595417957,0.07889381196618257,1.8979869557457472,0.15845378642815577,-0.008889579282110477,-0.04098183403199673,0.0009711969519845666,-0.060259411716910474,-0.004533079136290498,0.015154186958310271,-0.00932255961332554,0.5744009859307112,0.8185580763097782,0.0026324838215463827,0.0,0.8185236905038861,-0.5743396773675595,-0.011560708734090997,0.0,-0.007951324681052585,0.008795402206471153,-0.999929706197312,0.0,0.6605058026359715,0.2593013114046602,0.30379019729246487,1.0,-0.007220000000000005,-0.009489142857142866,-0.0036100000000000025,0.36200000000000027
0.46408498659139025,0.539733530422433,-0.12401480944258798,-1.3673307284196814,0.07883458043715928,1.8983521605470572,0.15838435473851215,-0.0034873470364249048,-0.03827583983661992,-0.0003305687423080504,-0.06083139124398447,-0.00807129966917784,0.021561094974500962,-0.0019445985341140293,0.5744611011771291,0.8185158575697493,0.0026421662375037376,0.0,0.8184816013603001,-0.5743997573362558,-0.011555687255097508,0.0,-0.007941006506732573,0.008801026725591007,-0.999929738703793,0.0,0.6603915954803141,0.25914344612933965,0.3038047247372481,1.0,-0.007540000000000006,-0.009909714285714294,-0.003770000000000003,0.3780000000000003
0.46399410083677145,0.5390788205098707,-0.12401800157617494,-1.36835220106497,0.07877293067613136,1.8987299310706847,0.15833872140227884,-0.0031678492599131153,-0.04369857541140996,-0.005169272774516995,-0.06564507093527111,-0.0002664628228172364,0.02964967491008416,-0.011105503134969791,0.5745442516323406,0.8184574744789618,0.0026480723105092472,0.0,0.8184232897244527,-0.5744828720995782,-0.011554021033077552,0.0,-0.00793535546852342,0.00880570995679282,-0.9999297423348027,0.0,0.6602656882629574,0.25897606300716464,0.3038138751576438,1.0,-0.007860000000000006,-0.010330285714285724,-0.003930000000000003,0.3940000000000003
0.463885869214885,0.5382809464925813,-0.12401590925957315,-1.3695952472288164,0.07871013875988557,1.8992059835237238,0.158230201264309,-0.0070716806138573654,-0.04583866396173046,-0.0005887875380987624,-0.07126963129399946,3.339918486158846e-05,0.028540134252832777,-0.0012483751304031693,0.5745906593999034,0.8184247870137568,0.002681237229289999,0.0,0.8183909527639729,-0.574529075923324,-0.011547131850672833,0.0,-0.007910162472970939,0.008829344387160376,-0.9999297335349839,0.0,0.6601352960791034,0.2587993937998296,0.303827058029968,1.0,-0.008200000000000006,-0.010777142857142867,-0.004100000000000003,0.4110000000000003
0.46377718158504977,0.5374957595865515,-0.12402260734038856,-1.3708063388860428,0.07863265278016711,1.89968451455748,0.1581131772917168,-0.007665085318630533,-0.05172199377805625,0.0011049605835164122,-0.06864602984309766,-0.003037567447294175,0.03338718549660134,-0.004118405187510174,0.5746347699722866,0.8183936883583282,0.002720091056826363,0.0,0.8183604575003415,-0.5745731660087526,-0.011514573536120697,0.0,-0.007860714318855488,0.008842859529412841,-0.999930004053154,0.0,0.660005016437323,0.2586102402527838,0.3038467730292611,1.0,-0.008540000000000006,-0.01122400000000001,-0.004270000000000003,0.4280000000000003
0.46368128168398015,0.5367356536744221,-0.12403291784554489,-1.372018266934295,0.07856557584091078,1.9001215289145,0.1580453405123561,-0.0048974675355169285,-0.047747338765718135,-0.0035109732017063124,-0.07780831494061567,-0.0021815748857394353,0.02749819120716719,-0.008535983764009896,0.5747137401214024,0.8183382775808712,0.002706891732321661,0.0,0.8183048515403815,-0.574652141936163,-0.011525303243864596,0.0,-0.007876227314995987,0.008838982948280005,-0.9999299162559956,0.0,0.6598622844164573,0.258425885902157,0.3038447742570352,1.0,-0.008860000000000007,-0.01164457142857144,-0.004430000000000003,0.44400000000000034
0.4635559971088689,0.5358920796380963,-0.12403784333943499,-1.373349238954082,0.07848333904556741,1.900613190739451,0.15794575892159338,-0.010284513272678273,-0.05685432857157761,0.0006399239567799212,-0.07588362088556584,-0.00848642563024314,0.03408058268129553,-0.001477937287552963,0.5747866854057053,0.8182870920925449,0.002692228864351445,0.0,0.8182535047469399,-0.5747251580563237,-0.011530028954487608,0.0,-0.007887734068645513,0.008830402841836504,-0.9999299013615471,0.0,0.6596990703811421,0.25820024416283943,0.3038418747272148,1.0,-0.009220000000000008,-0.012117714285714298,-0.004610000000000004,0.46200000000000035
0.46344789799798886,0.5350136954005776,-0.12404649312985548,-1.3747289565723266,0.07839978049239744,1.9011049695820903,0.15785755973080623,-0.0066167380874764875,-0.051676821847983896,0.00029881141185210316,-0.08253489232640437,-0.007585713768675864,0.027701427329151363,-0.007584244767430992,0.5748650248345103,0.8182320478959783,0.002695536900114097,0.0,0.818198514180489,-0.574803488932866,-0.011527679933664884,0.0,-0.007883064918306815,0.008832514351213933,-0.9999299195332289,0.0,0.6595474557933436,0.25800478119194115,0.30385542854422387,1.0,-0.009540000000000007,-0.012538285714285726,-0.004770000000000003,0.47800000000000037
0.46332594215510686,0.5341100311046955,-0.12405279880388781,-1.3761763566467742,0.0783327440527098,1.901637218368337,0.15774255753664773,-0.010198654299506938,-0.05637384902152967,-0.0009967526374515627,-0.08713480059292884,-0.00973676137924933,0.028759539727737832,-0.011261711694090763,0.5749365796724908,0.8181817771999458,0.0026936431917317294,0.0,0.8181480621479724,-0.5748748654059725,-0.011549217687388074,0.0,-0.007901003804244522,0.008844036947630363,-0.999929676101952,0.0,0.6593777419706599,0.25778600030941623,0.30385034052819815,1.0,-0.009880000000000009,-0.01298514285714287,-0.004940000000000004,0.4950000000000004
0.4632092841506292,0.5332397911055367,-0.12405603954246334,-1.377565181318559,0.07823957516468348,1.9021461629845369,0.15763137524453258,-0.008414364448767562,-0.051848164188128126,1.381144779162719e-05,-0.08829525227060074,-0.0010286535188835787,0.03564940438892046,-0.002276480182794522,0.5749943336208667,0.8181412418887066,0.0026779704831717275,0.0,0.8181073972581527,-0.5749327459873106,-0.011548638196340576,0.0,-0.007908916543666156,0.008831439018423023,-0.9999297248926893,0.0,0.6592151419674211,0.25757323558149703,0.30384720654342046,1.0,-0.010200000000000008,-0.013405714285714299,-0.005100000000000004,0.5110000000000003
0.46307974280062214,0.5323083276543411,-0.1240535540853142,-1.3790549149679392,0.07816524115665587,1.902712773792371,0.15753252581080307,-0.006369133939796348,-0.05380483254799433,0.0005042898227499562,-0.08999231511043437,-0.0029288338779499823,0.033879600819566,-0.004342844731020576,0.5750792994726744,0.8180814764582837,0.00269148566057272,0.0,0.8180476740404828,-0.5750175079035195,-0.011559217213552008,0.0,-0.007908882378157844,0.008849400500348853,-0.999929566364708,0.0,0.6590427908507064,0.2573510869009443,0.3038438975577608,1.0,-0.010540000000000008,-0.013852571428571442,-0.005270000000000004,0.5280000000000004
0.462961289783857,0.531403708200381,-0.1240496283114673,-1.3805042727813832,0.07808906494358363,1.903253508439564,0.1574392170438156,-0.0058042489246243195,-0.05270003548610434,0.0009054188730371911,-0.09183225165790847,-0.004552622619389938,0.033230879270174894,-0.0038953103596930253,0.5751557840591913,0.818027700662112,0.002692937786798455,0.0,0.8179937981101487,-0.5750938449408749,-0.011574224192686174,0.0,-0.007919496532143522,0.008859958980384386,-0.999929388857805,0.0,0.6588705173713404,0.2571394982482825,0.3038383954774181,1.0,-0.010860000000000007,-0.014273142857142868,-0.005430000000000003,0.5440000000000004
0.462831545992513,0.5303907280945809,-0.12405427329091427,-1.3821226802063544,0.07796506152439148,1.903831864849781,0.15729789527061658,-0.004355466292923169,-0.05703892886418254,0.0006682582304840815,-0.09587998063671796,-0.00019861334013352274,0.037257671371966165,-0.0010277891122871725,0.5752089251463164,0.8179904704845884,0.002651326013375802,0.0,0.8179561934766713,-0.5751473022002627,-0.011575544312133097,0.0,-0.007943934879513559,0.008827194886187342,-0.9999294847783373,0.0,0.6586630295021506,0.25687882889983654,0.3038305797455716,1.0,-0.011220000000000008,-0.014746285714285727,-0.005610000000000004,0.5620000000000004
0.4626878929148789,0.52929948960266,-0.12406266791676078,-1.3838800671393385,0.07786811267549452,1.904471981073431,0.15720422666578912,-0.0101295511552122,-0.06405353231176959,0.00017962663283048336,-0.09440035551998013,-0.0048329479763873,0.039301603130317074,-0.002371186633573626,0.5753203996823787,0.8179121340105107,0.002631662761205392,0.0,0.817877564387829,-0.5752587870609125,-0.011591569412663262,0.0,-0.007967151539233608,0.00882141411642176,-0.9999293510790337,0.0,0.6584664092512563,0.25662570233043813,0.3038199844225935,1.0,-0.011560000000000008,-0.01519314285714287,-0.005780000000000004,0.5790000000000004
0.4625550078575454,0.5282891864694765,-0.12406278626135651,-1.3854676656126967,0.07776666748074411,1.9050555047097653,0.15707166925956112,-0.011542106683622353,-0.06321524660201609,0.00042488492326657533,-0.09769466617606705,-0.0033410025166874437,0.03581026765731712,-0.010337564046926028,0.5753794635798298,0.8178705819691158,0.002632668094436621,0.0,0.8178360512863893,-0.57531786883189,-0.01158835278315839,0.0,-0.007963305155693046,0.008820960917681225,-0.9999293857165544,0.0,0.6582779097533242,0.25638614381023156,0.3038262787958065,1.0,-0.011880000000000009,-0.0156137142857143,-0.005940000000000004,0.5950000000000004
0.46240970032649165,0.5271846860431986,-0.12406655156544538,-1.3872075634347047,0.07764940551325139,1.9057249318152345,0.15696216304058683,-0.013521351046463001,-0.060571376924801065,-0.0015568867707870368,-0.09766406255328453,-0.007390889641170996,0.03849058066915792,-0.008704945309351862,0.5754740632237905,0.8178039629300684,0.002650976006092135,0.0,0.8177698067681205,-0.5754125475632874,-0.011562445518444875,0.0,-0.00793056159683847,0.008821945489340122,-0.9999296372598132,0.0,0.6580778100906751,0.256122734997979,0.30383371026209743,1.0,-0.012220000000000009,-0.01606057142857144,-0.006110000000000004,0.6120000000000004
0.46227199926482526,0.5260227388379117,-0.12406913698321397,-1.3890014483183342,0.07755441660009015,1.906404412234,0.15681013406477348,-0.009688723560700337,-0.0699832670017277,-0.0004366730791280093,-0.1063206439010099,-0.012157978493395243,0.0420038276065152,-0.0058267265425853525,0.5755355028786332,0.8177605761262475,0.0026966573966735454,0.0,0.8177269157369601,-0.5754737208439743,-0.011551398119641253,0.0,-0.007894574510499242,0.008853539519591183,-0.9999296427905682,0.0,0.6578645966492556,0.2558636528812109,0.30385644962178415,1.0,-0.012560000000000009,-0.016507428571428586,-0.006280000000000004,0.6290000000000004
0.4621158143753996,0.5249279014460074,-0.1240698617259269,-1.3907182592820853,0.0774415414514647,1.9070257553387444,0.1566929669641589,-0.011785604077850058,-0.07073947648574858,-0.0009213763486473007,-0.10370266011491526,-0.008672584673896413,0.04159515449647927,-0.007898797652553333,0.5756298103013235,0.8176942173328998,0.002689857618348693,0.0,0.8176605137448383,-0.5755680891284471,-0.011550148949847076,0.0,-0.007896445827254683,0.008848170765777805,-0.9999296755359334,0.0,0.6576608368417645,0.25559500543396124,0.30386323394664677,1.0,-0.01288000000000001,-0.016928000000000016,-0.006440000000000005,0.6450000000000005
0.46195273083864236,0.5236930393231889,-0.1240811262906064,-1.3927101921283154,0.07730708302793514,1.9077397280290416,0.15655554363913743,-0.00894571684803038,-0.0749722338513237,6.606236940653767e-05,-0.11357891976421629,-0.012046812291524444,0.03501527474082582,-0.005121021216856396,0.5757293646532025,0.8176242850525421,0.0026408463694741306,0.0,0.8175900585241933,-0.575667918416382,-0.01156247420599089,0.0,-0.007933661921315949,0.00881615540451687,-0.9999296637326057,0.0,0.6574193955210348,0.2552877205846952,0.3038456143264445,1.0,-0.01324000000000001,-0.017401142857142875,-0.006620000000000005,0.6630000000000005
0.4618129374612897,0.5225503986659882,-0.12408511703021334,-1.3945203963187016,0.07720335496993704,1.9084196338124186,0.15641309845430773,-0.014358205858517915,-0.0672548050030857,-0.0004239909133469717,-0.11110117232905256,-0.008080609043182292,0.0460289570279544,-0.013857977029401572,0.5757991541493412,0.8175751044713598,0.0026513262259808597,0.0,0.8175409745654816,-0.5757376206968267,-0.011562608792481882,0.0,-0.007926985457471558,0.008825478106952112,-0.9999296344432145,0.0,0.657201550253128,0.2550229849165399,0.3038461906106201,1.0,-0.01356000000000001,-0.017821714285714302,-0.006780000000000005,0.6790000000000005
0.46163115730965293,0.5212652450326103,-0.12408051742017391,-1.3966068991700802,0.07707566120468458,1.9092408520840238,0.15625657395641243,-0.013703502515643715,-0.06939707367368637,-0.0006608691882565313,-0.11378904892048353,-0.0004342136820122167,0.04316173462153165,-0.001018763281463264,0.5758940109309065,0.8175082517296917,0.0026633492042956713,0.0,0.8174743048927926,-0.5758324561058721,-0.011553797485358449,0.0,-0.007911834196642598,0.00883115234184334,-0.9999297043432402,0.0,0.6569600387923833,0.25471047139199293,0.3038270688827751,1.0,-0.01392000000000001,-0.01829485714285716,-0.006960000000000005,0.6970000000000005
0.461476002329031,0.5200631418264934,-0.12409106509727087,-1.3985036887501505,0.0769571611149903,1.9099429800515682,0.15612413104903292,-0.0071128942532380415,-0.07736475856399785,-0.0015010077638531012,-0.1146069404574259,-0.005434191452183579,0.04492178629996756,-0.011081530277909878,0.5759891619780639,0.8174412147008071,0.00266321112290169,0.0,0.8174073220856994,-0.5759276581980283,-0.011547693467923916,0.0,-0.007905895843106192,0.008828444530403726,-0.9999297752232861,0.0,0.656732742575753,0.2544215418624812,0.3038296759101885,1.0,-0.014240000000000011,-0.018715428571428588,-0.007120000000000006,0.7130000000000005
0.46131441570885795,0.518817953711582,-0.12409438633291586,-1.40045325737904,0.07683120532527564,1.910637261411437,0.15597291231214164,-0.005888489767399128,-0.08431331467941222,-7.960473130382034e-05,-0.12315701993738537,-0.00863262452916651,0.04849750122733529,-0.004174536741938057,0.5760693994858819,0.8173847172772551,0.0026491203757949043,0.0,0.8173506631671426,-0.5760079556909387,-0.011553151179938475,0.0,-0.007917607237308832,0.00882084698700078,-0.9999297496094751,0.0,0.6564923040564754,0.25412523735987025,0.303836138444899,1.0,-0.01456000000000001,-0.019136000000000018,-0.007280000000000005,0.7290000000000005
0.4611346528557376,0.5173873578491707,-0.12410358403790983,-1.4026716834398625,0.07668425896435459,1.9114393850307938,0.15580848107406992,-0.010972925937921627,-0.07556071352356417,-0.0005171795168833173,-0.12069776669337018,-0.0073965046675998885,0.0502651090013011,-0.009983883692544597,0.5761661288773291,0.8173165285294294,0.0026516086294549844,0.0,0.8172826015054561,-0.5761047704768422,-0.01154078036821847,0.0,-0.007905018362305727,0.008816690096440635,-0.9999298858722221,0.0,0.656221064562823,0.2537880722575755,0.303853875344656,1.0,-0.014920000000000011,-0.019609142857142874,-0.007460000000000006,0.7470000000000006
0.46095022777165784,0.5161186256049383,-0.12410998507040653,-1.404683238709163,0.0765589705516384,1.9121891389335577,0.15565645199330322,-0.007169606281136931,-0.08055539433257203,-0.0008765929700138809,-0.12412467616428373,-0.01190434949383794,0.04439380021244924,-0.013320304034547042,0.5762696783162294,0.8172435207676108,0.0026518894919716866,0.0,0.8172096343897214,-0.5762083473109432,-0.011536934212242249,0.0,-0.007900595984011882,0.00881570473905477,-0.9999299295115889,0.0,0.6559826827078256,0.253471876611925,0.30385153155842265,1.0,-0.015240000000000012,-0.020029714285714303,-0.007620000000000006,0.7630000000000006
0.460770073349075,0.5147562965956023,-0.12411421941293246,-1.4068636558685295,0.07642484552267131,1.9130168738525943,0.15548557498950907,-0.012899690516180683,-0.08400559619998216,-0.0007675327061285185,-0.13114973810495498,-0.0038495239045598347,0.048768571475217404,-0.012387128100012496,0.5763591412247996,0.8171804206455585,0.0026546829128460013,0.0,0.8171465996485826,-0.5762978224510656,-0.011532624251560621,0.0,-0.00789449874863063,0.008816368267484276,-0.9999299718180668,0.0,0.6557204528104721,0.2531448370167898,0.3038407721463495,1.0,-0.015580000000000012,-0.020476571428571448,-0.007790000000000006,0.7800000000000006
0.46058193681649484,0.5133624045671551,-0.12411957833351854,-1.4091139512656854,0.07629606979239842,1.9138091229513217,0.15531026557339206,-0.008714853753744877,-0.0796485297189034,-0.0008582605997289477,-0.13637673665155892,-0.0057678650116264685,0.04722078324059147,-0.007435860575028139,0.5764567914856923,0.8171117085661269,0.0026019560669705262,0.0,0.8170770743782955,-0.5763954909812251,-0.011577538733526935,0.0,-0.00796053997587226,0.008800118912050181,-0.9999295913765262,0.0,0.6554365012110955,0.2528025991750061,0.3038154219312865,1.0,-0.01592000000000001,-0.02092342857142859,-0.007960000000000005,0.7970000000000006
0.4603712865352023,0.5118557262634268,-0.12412002235413798,-1.4115334842454084,0.07614670212160103,1.9146599719127388,0.15512440923566426,-0.01067989278225326,-0.08430245867147675,-0.00017752328761427136,-0.13310324997261483,-0.010521073768736343,0.05515806587205973,-0.011532471375998726,0.5765635079364416,0.81703658564404,0.002546750157034463,0.0,0.8170011604295307,-0.5765022989584059,-0.011616800492443295,0.0,-0.008023298163403081,0.008778690093529745,-0.9999292781426208,0.0,0.6551317232517386,0.25243062088371765,0.3037929676240323,1.0,-0.016280000000000013,-0.02139657142857145,-0.008140000000000007,0.8150000000000006
0.46019566770541653,0.5105856891051601,-0.12411779877773142,-1.4135843024571624,0.07601777402352387,1.915435468359218,0.15497642966014222,-0.011581836060347583,-0.08530479980420673,0.0008327233215124933,-0.13678293627060026,-0.009607880531737683,0.050661807497666106,-0.009566612144453705,0.5766568939409447,0.8169707079544859,0.0025369107072481575,0.0,0.8169351702034755,-0.5765957236219867,-0.011620933123637172,0.0,-0.008031344724372946,0.008773951705947775,-0.999929255134272,0.0,0.6548820700509999,0.2521219889992994,0.3037732566339058,1.0,-0.01658000000000001,-0.02179085714285716,-0.008290000000000006,0.8300000000000006
0.45997841360354597,0.5090062808790708,-0.12412559326084417,-1.4160881423786056,0.0758727511340546,1.9163762484870375,0.15477439572044863,-0.010924319442438315,-0.08821757862512236,3.328018627969788e-05,-0.1397913908793928,-0.010879368902346571,0.05214320259705223,-0.01429182253524966,0.5767662113876841,0.816893494533103,0.0025500769009115694,0.0,0.8168580813930335,-0.5767049315325496,-0.01162083087123599,0.0,-0.008022493673102482,0.008785722671849697,-0.9999292228314954,0.0,0.6545782589146864,0.25173920599676625,0.3037686598730153,1.0,-0.016940000000000014,-0.022264000000000023,-0.008470000000000007,0.8480000000000006
0.4597869060751749,0.507597486386241,-0.12412689924247572,-1.418315353637302,0.07572345168789384,1.9171622717813286,0.15459794184493864,-0.012098626956574498,-0.0850679091633698,0.0002665278560137563,-0.14020505075906153,-0.00896179582704844,0.04926270822573737,-0.006349948980813877,0.5768572357883225,0.8168293581211638,0.002505220795052719,0.0,0.8167934112464407,-0.5767961523365864,-0.011639110589766405,0.0,-0.008062320741457962,0.008760521668153026,-0.9999291236104507,0.0,0.6542777541005337,0.2513732985948833,0.30375824300583115,1.0,-0.017280000000000014,-0.022710857142857165,-0.008640000000000007,0.8650000000000007
0.4595707898089571,0.5060375901996604,-0.1241376891826917,-1.420726487282526,0.07557033065456685,1.9180534626287902,0.15440700484959616,-0.015412701411105515,-0.09052740299498567,0.00023537217829490181,-0.14501811856365468,-0.005190246815327932,0.05031174289368669,-0.011365897052911338,0.5769677857812462,0.8167511828528142,0.002535030655272924,0.0,0.8167156636252221,-0.5769066298670911,-0.011619470978345287,0.0,-0.00802789523560421,0.008774628625048644,-0.9999292768944105,0.0,0.6539839767789244,0.25099541014874377,0.30377792221495864,1.0,-0.017620000000000014,-0.02315771428571431,-0.008810000000000007,0.8820000000000007
0.45936204959918453,0.5045161715520107,-0.1241415736181693,-1.4230489045647712,0.07541925131874,1.9189670736707751,0.15422884627430222,-0.015877637126701753,-0.09956003809007355,-0.002483489234110649,-0.1474597199683328,-0.006767586999847749,0.0510439373067777,-0.010961266179562104,0.5770723547456309,0.8166770096016047,0.002627979779551047,0.0,0.8166428459287396,-0.5770110381359681,-0.011552963423730814,0.0,-0.007918818741929734,0.008813186374586154,-0.9999298075643406,0.0,0.6537301429369516,0.25066238295300297,0.303819721731923,1.0,-0.017920000000000016,-0.023552000000000024,-0.008960000000000008,0.8970000000000007
0.4591430890054282,0.5028510734159131,-0.12414793314919828,-1.4255256358238377,0.07526956674976809,1.9199073163026177,0.15402919231435036,-0.012785283370231522,-0.09754799912665024,-0.0018097142874190203,-0.14324946935752897,-0.008957820240299542,0.05937795627340803,-0.016815538884158102,0.577179336824143,0.8166010485323766,0.002736344326656136,0.0,0.8165683087082011,-0.57711767836486,-0.011494756778212016,0.0,-0.007807588072970495,0.008869118911086729,-0.9999301877122341,0.0,0.6534312214948862,0.25028319215466993,0.3038854165768085,1.0,-0.018260000000000016,-0.02399885714285717,-0.009130000000000008,0.9140000000000007
0.45890243451416934,0.501049385040381,-0.12414546202517338,-1.4282099374389683,0.07509265984458185,1.9208759982738492,0.15381275147882367,-0.010773111387394061,-0.09537646431106753,0.0012192181908117384,-0.15136983469053744,-0.006549902471486103,0.04925929145884984,-0.015980533232986538,0.5772852463228524,0.8165259540966626,0.0028031349783043807,0.0,0.8164941640917189,-0.577223463169719,-0.011449911428896918,0.0,-0.007731263424671786,0.00889877961963563,-0.999930517229642,0.0,0.6531188839964329,0.24989007285046885,0.30394468874727726,1.0,-0.018600000000000016,-0.02444571428571431,-0.009300000000000008,0.9310000000000007
0.4586816758867936,0.49944502322452566,-0.12414653039339613,-1.4306602048455004,0.0749363445007502,1.9217525912202014,0.15362064838240158,-0.012791197660338986,-0.09996435032694893,-0.001462248418646029,-0.15767788539376607,-0.00987283591896577,0.049137524003124225,-0.015266558138011614,0.5773926539435207,0.8164499217217679,0.002827612736032853,0.0,0.8164183831316213,-0.5773307066881183,-0.011446645838653537,0.0,-0.007713293944621724,0.008917895934737477,-0.9999304856981913,0.0,0.6527859167019459,0.24948992341456763,0.3039780750516788,1.0,-0.018940000000000016,-0.024892571428571455,-0.009470000000000008,0.9480000000000007
0.45841924640726844,0.497691369336867,-0.12414398253310556,-1.4334315017930246,0.07476560090566814,1.9227968300162892,0.15340206418247634,-0.015730640213238348,-0.10316233436296345,0.00014010977792264665,-0.15172120304019582,-0.005360930762413206,0.05766193995434958,-0.016554254801268375,0.5775212788766947,0.816358876098155,0.0028468862976965487,0.0,0.8163275667203095,-0.5774592331195529,-0.011440489442526392,0.0,-0.007695732491765195,0.008931289812956308,-0.9999305014668232,0.0,0.6524456276862618,0.24905781493226423,0.30397223950361607,1.0,-0.019300000000000015,-0.02536571428571431,-0.009650000000000008,0.9660000000000007
0.458176587998308,0.4961040225612845,-0.12414890415794094,-1.4359623228745202,0.07460865678444985,1.92369284766144,0.15320749120317056,-0.014088446546949681,-0.10632869688219629,-0.006507314665388236,-0.1589544937559293,-0.01013749817620997,0.04895085424036264,-0.012349628219675914,0.5776493879186796,0.8162683826341798,0.0028033997508115863,0.0,0.8162364514197799,-0.5775873914792845,-0.011472030291484686,0.0,-0.007745196381246655,0.0089152199861854,-0.9999302629611796,0.0,0.6521242237570561,0.24865297569345163,0.30395168477090095,1.0,-0.019620000000000016,-0.02578628571428574,-0.009810000000000008,0.9820000000000008
0.4579135721081151,0.4945337218981485,-0.12415189683040344,-1.4385403248525308,0.07445320884861568,1.9245764779351688,0.15300080907854247,-0.01410393080205414,-0.09559678540056737,0.0006008218459103305,-0.16331163351142816,-0.012650473505116798,0.0490249735966493,-0.010372084284965818,0.5777853634830004,0.8161725307067943,0.0026871482453151505,0.0,0.8161388760488306,-0.5777234735924862,-0.011561572695429078,0.0,-0.007883961218121627,0.008873364470734474,-0.9999295507976953,0.0,0.6517700291555832,0.24820554688451218,0.30388674881519784,1.0,-0.019960000000000016,-0.026233142857142882,-0.009980000000000008,0.9990000000000008
0.45761866479907076,0.492457774409197,-0.12423547906081912,-1.441697076643413,0.0742762846575673,1.9257129544821912,0.15286434330849663,-0.015185271724858534,-0.15828238279020992,-0.010298701070794405,-0.2191007568863345,-0.009863647590846698,0.08770618496221023,0.0010304799167635877,0.578084945000696,0.8159602091381868,0.0027350261273103842,0.0,0.8159273811689476,-0.5780230956987626,-0.011513313980352354,0.0,-0.007813648251298655,0.008887427295108427,-0.9999299778169864,0.0,0.6514087027390785,0.24769024351551114,0.30393873505473085,1.0,-0.033427999999999174,-0.04393394285714178,-0.07034448279599623,1.014999999999999
