position_joint1,position_joint2,position_joint3,position_joint4,position_joint5,position_joint6,position_joint7,velocity_joint1,velocity_joint2,velocity_joint3,velocity_joint4,velocity_joint5,velocity_joint6,velocity_joint7,ee_T_00,ee_T_10,ee_T_20,ee_T_30,ee_T_01,ee_T_11,ee_T_21,ee_T_31,ee_T_02,ee_T_12,ee_T_22,ee_T_32,ee_T_03,ee_T_13,ee_T_23,ee_T_33,v_x,v_y,time
0.465079054904,0.547857366303,-0.123913669067,-1.35585897339,0.079500221811,1.8940985666,0.159167536428,-0.000323879946401,0.00035840217465,-0.000363102292487,0.00266986754174,0.000163519054,0.000494673783981,-0.0047025967881,0.573757480609,0.819011351179,0.00187269481299,0.0,0.818966768867,-0.573698825811,-0.0119931503673,0.0,-0.00874833190442,0.00841499657415,-0.999926324547,0.0,0.661650087042,0.260933139412,0.303145402852,1.0,0.0,0.0,0.0
0.465079046086,0.547854497337,-0.123914062847,-1.3558571565,0.0795034335767,1.894092847,0.159173961867,-9.57391434551e-05,-0.000444467831476,0.000957724907834,-0.000913771669896,-3.94584276277e-05,-0.000358502140388,0.00377400669725,0.57376373211,0.819006969409,0.00187367992265,0.0,0.818962367255,-0.57370504086,-0.0119964166704,0.0,-0.00875037771627,0.00841774421334,-0.999926283519,0.0,0.661649351443,0.260933291073,0.303147822251,1.0,-0.0002,-0.000262857142857,0.011
0.465075479334,0.5478551915,-0.123916019102,-1.35586008891,0.0795028234056,1.89409386733,0.159171622189,-0.00115958374103,-0.000305360205084,0.000754927423717,-0.00101210816441,-9.37087613657e-05,0.000140849624892,0.000722662162862,0.57376611045,0.81900531007,0.00187068899165,0.0,0.818960682783,-0.57370744512,-0.0119964315632,0.0,-0.00875208145486,0.00841532863236,-0.99992628894,0.0,0.661650278018,0.260929411576,0.303146087121,1.0,-0.00054,-0.000709714285714,0.028
0.465078304148,0.547836998138,-0.123912915138,-1.35588151003,0.0795029554155,1.89409710529,0.159169994637,-0.000189088668361,-0.00338827204252,0.00602622430139,-0.00158173641846,0.000267302437939,7.05707834455e-05,0.00068457739268,0.57376148963,0.819008542984,0.00187254864465,0.0,0.818963904173,-0.573702782458,-0.0119994984682,0.0,-0.0087535739227,0.00841856194812,-0.99992624866,0.0,0.661645036938,0.2609310147,0.3031489593,1.0,-0.00088,-0.00115657142857,0.045
0.465083256801,0.547741192745,-0.12390933147,-1.35597640343,0.0794986772077,1.8941151509,0.159164488794,0.00139844496303,-0.0106963838175,0.00192395402501,-0.00687843755288,-0.000169368372721,-7.62958334487e-05,-0.000391480491947,0.57375442246,0.819013449287,0.0018919554797,0.0,0.818969010208,-0.573695581314,-0.0119952991211,0.0,-0.00873907306389,0.0084319711676,-0.999926262513,0.0,0.661627544218,0.260926897454,0.30317310555,1.0,-0.00122,-0.00160342857143,0.062
0.465071913756,0.54761203021,-0.123909645388,-1.3561574522,0.0794974762791,1.89414858983,0.159168059061,0.000586152848194,-0.00502768606184,-0.000345037282176,-0.0123864948852,-0.000272004202883,9.56708522432e-05,-0.00206278915591,0.573776418441,0.818998060609,0.00188288629895,0.0,0.818953370515,-0.5737174857,-0.0120154244639,0.0,-0.00876053320743,0.00843632572116,-0.999926037998,0.0,0.661599214595,0.260901489792,0.30318134669,1.0,-0.00156,-0.00205028571429,0.079
0.46506527286,0.547463539635,-0.123913996211,-1.35635180198,0.0794938897074,1.89421814192,0.159161114166,0.000909509618944,-0.0128645901872,7.95884187251e-05,-0.0108671386715,-6.30393161809e-05,0.00264073069378,0.000663759268306,0.573789086493,0.818989129763,0.00190694838645,0.0,0.818944699912,-0.573729996666,-0.0120090096556,0.0,-0.00874134317374,0.00845248669064,-0.999926069461,0.0,0.661575383408,0.260877606863,0.303200209077,1.0,-0.00188,-0.00247085714286,0.095
0.465042117556,0.547291811228,-0.123909680251,-1.35655246446,0.079492182232,1.89434475233,0.159142922426,-0.000398454795429,-0.0112194014435,-0.000152424607871,-0.0132085907826,0.00044069149799,0.00869942793623,-0.00183462425963,0.573801213123,0.818980421914,0.00199580609292,0.0,0.818937110948,-0.573741705165,-0.0119670785096,0.0,-0.00865589246865,0.00850132751897,-0.999926398769,0.0,0.661564314144,0.260851564775,0.303237193524,1.0,-0.0022,-0.00289142857143,0.111
0.465018939915,0.547076065232,-0.123912627543,-1.35682819351,0.0794876792472,1.89448318473,0.159134170129,-0.00271525937148,-0.0115942394584,-0.000534625490535,-0.0170497078832,-5.07653094781e-05,0.00663651996685,-0.00113270914253,0.573829512519,0.818960415375,0.00206773108873,0.0,0.818918002873,-0.573769663153,-0.0119341994688,0.0,-0.00858740091792,0.00854166253059,-0.999926645583,0.0,0.661541365988,0.260813316295,0.303270882854,1.0,-0.00256,-0.00336457142857,0.129
0.464984643164,0.546845001646,-0.123911785688,-1.35718018214,0.0794792943679,1.89461514708,0.159097807065,-0.00298916732428,-0.0133104174181,0.000113048800882,-0.0181642712149,-0.000334875802553,0.00376159622591,-0.00587826922816,0.57384471067,0.81894972428,0.00208423571612,0.0,0.818907408143,-0.573784673151,-0.01193954129,0.0,-0.00858214677128,0.00855840346115,-0.999926547546,0.0,0.661502258738,0.260759972413,0.303278419833,1.0,-0.0029,-0.00381142857143,0.146
0.464950484983,0.54664387361,-0.123912513621,-1.35747906065,0.0794729253772,1.89473030885,0.158999802819,-0.00258564303765,-0.0140410758669,0.000950490173774,-0.0229031956514,-0.00283573851195,0.00841164423949,-0.00447812855292,0.573807983033,0.818975402809,0.0021059685308,0.0,0.818933268878,-0.573747759735,-0.011939691167,0.0,-0.00857018365884,0.00857590291234,-0.99992650022,0.0,0.661471389003,0.260710910622,0.303288619824,1.0,-0.00316,-0.00415314285714,0.159
0.464900453541,0.546281672775,-0.123912516909,-1.35805187613,0.0794547291762,1.89492629075,0.158955867494,5.46981499609e-05,-0.018818663678,-0.000134320132006,-0.0312641282026,-0.00408171847503,0.00460267849785,-0.000507869580568,0.573840086385,0.818952918033,0.00210242786241,0.0,0.818910565846,-0.573779701554,-0.0119618615727,0.0,-0.00859003639349,0.00858606137698,-0.999926242692,0.0,0.661402619867,0.260624934517,0.303289460297,1.0,-0.00358,-0.00470514285714,0.18
0.464847667783,0.545993277151,-0.123912528597,-1.35855438706,0.0794312923034,1.89510153286,0.158910056667,-0.00439696374528,-0.0133055573866,-0.000780690240027,-0.0364494762161,-0.00674837919353,0.0151489781758,-0.00512801169864,0.573867664296,0.818933670707,0.00207213866893,0.0,0.818890839496,-0.573807318376,-0.01198754641,0.0,-0.00862816317025,0.00857628575316,-0.999925998323,0.0,0.661344863923,0.260542249195,0.303269668802,1.0,-0.0039,-0.00512571428571,0.196
0.464784792097,0.545669006153,-0.123911873471,-1.35910779921,0.0793640352164,1.89528744115,0.158797516849,-0.00626477497427,-0.0216756020825,0.000831715988686,-0.0386661212117,-0.0105310278944,0.0126561319971,-0.00487578818523,0.573831096208,0.818959435367,0.00201572538095,0.0,0.818916192501,-0.573771312315,-0.0119790536504,0.0,-0.00865396023224,0.00852482777121,-0.99992621542,0.0,0.661278200662,0.260436532719,0.303253955318,1.0,-0.00424,-0.00557257142857,0.213
0.464723832454,0.545275388399,-0.123914903062,-1.35979082875,0.0793088624355,1.89550346734,0.158747256547,-0.00600245353225,-0.0252290173882,0.00590248749386,-0.0379124360414,-0.000455688117425,0.0102431323353,-0.000396297641223,0.573873670604,0.81892977238,0.0019455073123,0.0,0.818885639737,-0.573814205081,-0.0120130754049,0.0,-0.00872167329429,0.00848729908473,-0.999925946343,0.0,0.661199527706,0.260329087122,0.303224176149,1.0,-0.00456,-0.00599314285714,0.229
0.464655914049,0.544824743821,-0.123922899227,-1.36054402413,0.079291271653,1.89575745969,0.158633074597,-0.0041115888544,-0.0208075113901,-0.00135391783704,-0.0394574437733,-0.000729859308631,0.0166441013613,-0.00652122068828,0.573878610272,0.818926376777,0.00191754845052,0.0,0.818881616473,-0.57381900996,-0.0120577324792,0.0,-0.00877423834923,0.00849008339346,-0.999925462835,0.0,0.661109393697,0.260210451294,0.303206962411,1.0,-0.00492,-0.00646628571429,0.247
0.464585261075,0.544400903914,-0.123923929259,-1.36124913365,0.0792637629475,1.89601693998,0.158554771317,-0.00276854074388,-0.0230845132722,-0.00082125684228,-0.0489392505774,-0.00195778405441,0.0179445588827,-0.00423021819072,0.573905100385,0.818907840003,0.00190584209234,0.0,0.818862782927,-0.573845408878,-0.0120804117501,0.0,-0.00879925457078,0.00849379660958,-0.999925211472,0.0,0.661030283673,0.260098172921,0.303193849715,1.0,-0.00524,-0.00688685714286,0.263
0.464522912279,0.543897631737,-0.123924609428,-1.36206541812,0.0792264820451,1.8963138546,0.158468145099,-0.00181926901294,-0.0342192646619,-0.00079887548891,-0.0496401945121,-0.00279809798337,0.0224460489887,-0.0056814333391,0.573921246792,0.818896543099,0.00189765196247,0.0,0.818851255589,-0.573861470275,-0.0120988039212,0.0,-0.0088188491516,0.00849781893261,-0.999925004674,0.0,0.660933361931,0.259980398576,0.303187208473,1.0,-0.00558,-0.00733371428571,0.28
0.464446037579,0.543359375489,-0.123927769617,-1.36291174146,0.0791784988934,1.89660065621,0.158343798455,-0.00209778944711,-0.0289756434219,3.67421085595e-05,-0.0510518858374,-0.00694241385079,0.0132908791108,-0.011582472852,0.573918732161,0.818898343225,0.00188128684649,0.0,0.818852781697,-0.573858970586,-0.0121140697935,0.0,-0.00884076856267,0.00849315206409,-0.999924850766,0.0,0.660833253219,0.259846070095,0.303190144674,1.0,-0.00592,-0.00778057142857,0.297
0.464374400166,0.54283170737,-0.123930086591,-1.36374706419,0.0791261335126,1.89690262139,0.15822744556,-0.00363844793332,-0.0408162207947,-0.000162571032685,-0.0564202515125,-0.00743058726744,0.0150947518433,-0.0078420620263,0.573916195411,0.818900136329,0.00187463786388,0.0,0.81885449827,-0.573856473683,-0.0121163186465,0.0,-0.00884645223901,0.00848897058641,-0.999924836006,0.0,0.660736991569,0.259717185625,0.303192044239,1.0,-0.00624,-0.00820114285714,0.313
0.464294553416,0.542180614232,-0.123926250908,-1.36477687856,0.0790702740744,1.89728680253,0.158124697509,-0.00419796305189,-0.0299520404971,-0.000344486546973,-0.0548572858166,-0.0069385198775,0.0230714133539,-0.0075935789627,0.573937106609,0.818885462441,0.00188254132961,0.0,0.818839845827,-0.573877268468,-0.0121216551075,0.0,-0.00884606978652,0.00849873113874,-0.999924756478,0.0,0.660616322464,0.259569998471,0.303195531083,1.0,-0.00662,-0.00870057142857,0.332
0.464223729919,0.541613713866,-0.123930759832,-1.36563140346,0.0790210783527,1.89759978152,0.157991761878,-0.00250744341979,-0.0341769058488,-0.00139384352803,-0.0554512315778,0.000450536147165,0.0242888595959,-0.00422663584468,0.573923647708,0.818894843451,0.00190496008307,0.0,0.81884950985,-0.57386370207,-0.0121110926982,0.0,-0.00882469381621,0.00851088199021,-0.999924842009,0.0,0.660518710306,0.259439895962,0.303216919724,1.0,-0.00692,-0.00909485714286,0.347
0.464138904241,0.540980793919,-0.1239254789,-1.36659464432,0.0789683086567,1.89796002129,0.157865341194,-0.00533678827742,-0.0419846729433,-0.000370323657693,-0.0584920804277,-0.00140276792682,0.0150996354198,-0.00882993816868,0.573925201065,0.818893685217,0.00193463051248,0.0,0.818848662292,-0.573865049656,-0.0121045424523,0.0,-0.00880228601282,0.00853143582449,-0.999924864359,0.0,0.660408619374,0.259296817295,0.303236940557,1.0,-0.00724,-0.00951542857143,0.363
0.464037113716,0.540223070743,-0.123923210121,-1.3677685817,0.0788915474116,1.89838254371,0.157704102268,-0.00575950659529,-0.0403765279998,0.0008728823086,-0.0676838093535,-0.00322498999796,0.0197047557034,-0.00552221427842,0.573919324317,0.818897796843,0.00193762803005,0.0,0.818852827453,-0.573859174379,-0.0121013161911,0.0,-0.00879798493467,0.00853197566966,-0.999924897606,0.0,0.660271801982,0.259117775114,0.303250263459,1.0,-0.0076,-0.00998857142857,0.381
0.463943326629,0.539482783835,-0.123928797915,-1.3689125912,0.078831679095,1.89882617494,0.157568650699,0.000126800901143,-0.048446440975,0.000805658311756,-0.0692986374514,-0.00425077269424,0.0318069888171,-0.00471610693292,0.573936529953,0.818885651012,0.00197409572535,0.0,0.818841124009,-0.573876184896,-0.01208656039,0.0,-0.00876479309944,0.00855355397439,-0.999925004746,0.0,0.66014421004,0.258946956606,0.303267503472,1.0,-0.00794,-0.0104354285714,0.398
0.463826105412,0.538771889453,-0.123928911962,-1.37001922676,0.0787696090148,1.89925716381,0.157429703907,-0.011154142737,-0.0474764915367,5.90413252414e-05,-0.0727390043529,-0.000849927197124,0.0187937100077,-0.00977368894034,0.573963492007,0.818866677272,0.00200539219633,0.0,0.818822539839,-0.573902988678,-0.0120728927576,0.0,-0.00873535718522,0.0085716250477,-0.999925107585,0.0,0.660026677444,0.258766691348,0.303280366035,1.0,-0.00826,-0.010856,0.414
0.463715565986,0.537983188568,-0.123938376364,-1.3712448279,0.0787011198132,1.89972274506,0.157275188578,-0.00147757652005,-0.0518674988106,-0.00111454749984,-0.0734099170548,-0.00925230420947,0.0309703446342,-0.0115275004311,0.573983489354,0.818852600503,0.00202965493367,0.0,0.81880878505,-0.57392288381,-0.0120600109874,0.0,-0.00871067365389,0.00858431175309,-0.999925214082,0.0,0.659891079886,0.25857363614,0.303294743193,1.0,-0.0086,-0.0113028571429,0.431
0.463601570238,0.537164384452,-0.123941280534,-1.3725198996,0.0786187944968,1.90019627484,0.157124927103,-0.0067370338192,-0.0540393542374,0.000907403540113,-0.0769596178851,-0.00954130798206,0.0300914205337,-0.00216920255858,0.574004015309,0.818838186348,0.00204007056563,0.0,0.818794561855,-0.573943416689,-0.0120485193111,0.0,-0.00869507003722,0.00858646246407,-0.999925331422,0.0,0.659746280575,0.258374951588,0.303307140677,1.0,-0.00894,-0.0117497142857,0.448
0.463485474988,0.536334408823,-0.123950182035,-1.37383562859,0.0785508989514,1.90069652058,0.156966122331,-0.00333434015374,-0.0450679218898,-0.00109453805619,-0.0753912763606,-0.00289033914731,0.0275330448855,-0.00775684704726,0.574029609367,0.818820206722,0.00205512414728,0.0,0.818776723261,-0.573968888245,-0.0120473928281,0.0,-0.00868523858169,0.00859841356031,-0.999925314169,0.0,0.659598495091,0.258170872726,0.303310472826,1.0,-0.00928,-0.0121965714286,0.465
0.4633639232,0.53544224698,-0.123953261526,-1.37524121291,0.078469211179,1.90120845647,0.156787118974,-0.00779168874265,-0.0520611971936,0.000747420944157,-0.085262693563,-0.000724063986724,0.0273284284256,-0.00961726529408,0.574042121873,0.818811454202,0.00204736043218,0.0,0.818767774035,-0.573981338126,-0.0120624452597,0.0,-0.00870188920214,0.00860083000817,-0.999925148622,0.0,0.659421519056,0.257944366575,0.30331161784,1.0,-0.00964,-0.0126697142857,0.483
0.463238651174,0.534498197164,-0.123951687432,-1.37678589662,0.0783789178565,1.90177173903,0.156605799254,-0.00584844700511,-0.0495225908864,0.000754726296494,-0.092974534378,-0.00735889649242,0.0391440795643,-0.0147246142898,0.574053456232,0.818803568131,0.00202314228914,0.0,0.818759550544,-0.573992754626,-0.0120773726583,0.0,-0.00872789484975,0.00858968996619,-0.999925017728,0.0,0.659249456863,0.257726284286,0.303295193004,1.0,-0.00998,-0.0131165714286,0.5
0.463129213471,0.53368802384,-0.123958699184,-1.37807247983,0.0783120480348,1.90224282207,0.156450597739,-0.00248057278215,-0.0530767843042,-0.000598849869826,-0.0859112903934,-0.00570978312536,0.029961795029,-0.00414337798356,0.574073399395,0.818789588151,0.00202221282177,0.0,0.818745470038,-0.57401261232,-0.0120881384413,0.0,-0.0087370344464,0.00859532180123,-0.999924889515,0.0,0.659098923548,0.257529134756,0.30329534631,1.0,-0.01028,-0.0135108571429,0.515
0.463010531074,0.532751015631,-0.123957247268,-1.37960261001,0.0782228844336,1.90282646088,0.156249294274,-0.00967812567795,-0.053403149786,-0.000468704596542,-0.090434798166,-0.00139945581037,0.0332013511744,-0.0114320027956,0.574064587851,0.818795786404,0.0020139622836,0.0,0.818751520529,-0.574003798484,-0.0120968532799,0.0,-0.00874899893888,0.00859347522543,-0.999924800773,0.0,0.658918828104,0.257307606746,0.303278342894,1.0,-0.01062,-0.0139577142857,0.532
0.462877742736,0.531758435683,-0.123954712544,-1.3811766076,0.0781440156221,1.90339440187,0.156057218613,-0.00451651427954,-0.0597989355526,-0.00180041122474,-0.0952714218284,-0.00490728478177,0.0367431886257,-0.0167982260863,0.574078875989,0.818785774252,0.00201169774579,0.0,0.818741273004,-0.574017892687,-0.0121216193526,0.0,-0.00877042784392,0.00860599127837,-0.999924505405,0.0,0.658729237939,0.257073565341,0.303278041128,1.0,-0.01096,-0.0144045714286,0.549
0.46275140206,0.530805099414,-0.123957180151,-1.38272914414,0.0780391356216,1.90393822299,0.155854911683,-0.0106900491553,-0.0630485905194,-0.00111383620865,-0.0935470845989,-0.0018024071539,0.0254510118568,-0.0164000138131,0.57407453807,0.818788946706,0.00195764961245,0.0,0.818743774686,-0.574013829056,-0.0121450552321,0.0,-0.00882068885676,0.00857514550352,-0.999924328301,0.0,0.65853928906,0.256837103501,0.303258119101,1.0,-0.01128,-0.0148251428571,0.565
0.462602718634,0.529771490491,-0.123957258963,-1.38436835405,0.077941544779,1.90453163579,0.155644627281,-0.0130616056501,-0.0647491629452,-0.000661201941529,-0.0961314884515,-0.0132955316934,0.0403212863776,-0.0157548920938,0.574086889243,0.818780310375,0.00194777882675,0.0,0.818734950418,-0.574026165471,-0.0121568589375,0.0,-0.00883589084119,0.00857397300708,-0.999924204137,0.0,0.658345466181,0.256582642067,0.303257514339,1.0,-0.01162,-0.015272,0.582
0.462443332842,0.528551873832,-0.123965809518,-1.38624681706,0.0778206676477,1.90524930542,0.155382435266,-0.0134572166379,-0.0651135217049,-0.000897807105085,-0.102375460292,-0.00716621772192,0.0414894447864,-0.0189333979348,0.574064288576,0.818796029756,0.00200028457499,0.0,0.818751475133,-0.574003451142,-0.0121163916165,0.0,-0.00877285200582,0.00859348913117,-0.999924591663,0.0,0.65811842982,0.256288624765,0.303287809092,1.0,-0.01202,-0.0157977142857,0.602
0.462328790563,0.527636614981,-0.123965214674,-1.38766811673,0.0777205568422,1.90580188637,0.155179186227,-0.0116354278914,-0.0674629345336,-0.000788326775752,-0.104973040682,-0.00558297235159,0.0376802202797,-0.0116674332347,0.574055125098,0.818802401197,0.00202189114079,0.0,0.818758278887,-0.573994341744,-0.0120881471318,0.0,-0.00873741804546,0.00859486840232,-0.999924890061,0.0,0.657967058137,0.256084536717,0.303300461007,1.0,-0.01228,-0.0161394285714,0.615
0.462176002514,0.526415917976,-0.123966976616,-1.38955691647,0.0776129060706,1.90651899167,0.154924419507,-0.00972048358764,-0.06525553601,0.000111654383422,-0.104827694977,-0.00538928073798,0.0439165177312,-0.0203414231821,0.574045963305,0.818808714093,0.00206606861265,0.0,0.81876511996,-0.57398494201,-0.0120711053197,0.0,-0.00869820141899,0.00862116018091,-0.999925005633,0.0,0.657744874506,0.255806067218,0.303322733825,1.0,-0.01264,-0.0166125714286,0.633
0.462026306714,0.525224566721,-0.123969783182,-1.39139672428,0.0774909456531,1.90717519955,0.154679690144,-0.00559067175502,-0.0702573513845,-6.5650772259e-06,-0.113192815716,-0.0120747991646,0.0395205895314,-0.0147566534183,0.57403608518,0.818815636302,0.0020672587815,0.0,0.818772105644,-0.573975107545,-0.0120649011481,0.0,-0.00869254198742,0.00861846838079,-0.999925078052,0.0,0.657520874428,0.25552809128,0.303342063151,1.0,-0.01298,-0.0170594285714,0.65
0.461874169623,0.524115114624,-0.123975718733,-1.39318339926,0.0773857701523,1.90781030717,0.154437678,-0.0149282740033,-0.0668415217927,-0.000534823128309,-0.117955559531,-0.00495797776058,0.0403543476804,-0.0140392858723,0.574034228314,0.818817027317,0.00203160067535,0.0,0.818772956731,-0.57397333151,-0.0120916062969,0.0,-0.00873489668943,0.00860458124644,-0.999924828555,0.0,0.657302821731,0.255253220518,0.303327119545,1.0,-0.0133,-0.01748,0.666
0.461714850578,0.522899107685,-0.123978942298,-1.39510142845,0.0772663575525,1.90855533535,0.154172403354,-0.00903089087184,-0.0708711886965,-0.00133681588761,-0.116904462805,-0.00666616217124,0.0400726366976,-0.0130949728162,0.574020601605,0.818826500179,0.00206359856056,0.0,0.818782913578,-0.573959633577,-0.012067574647,0.0,-0.00869699508426,0.00861684160154,-0.99992505335,0.0,0.657080041194,0.254966176,0.303333688136,1.0,-0.01364,-0.0179268571429,0.683
0.46155469432,0.521665396611,-0.123979978561,-1.39705955111,0.0771528711684,1.90930808571,0.153904435026,-0.0101236980094,-0.0672885035125,6.50911648903e-06,-0.116493337329,-0.00740548850337,0.0297991392533,-0.0178753502484,0.574007397451,0.818835693773,0.00208834292926,0.0,0.818792395228,-0.573946290274,-0.0120588680937,0.0,-0.0086758019806,0.00863196499182,-0.999925107016,0.0,0.656848564603,0.254676843716,0.303333900517,1.0,-0.01398,-0.0183737142857,0.7
0.46139457714,0.520468829812,-0.123987839559,-1.39898100156,0.0770255399993,1.91002101632,0.153658196319,-0.0136458398059,-0.0773721590752,-0.00114388529989,-0.122170349392,-0.00459386330443,0.0422349833061,-0.00825671980212,0.574010560588,0.818833525709,0.00206891499288,0.0,0.818790074399,-0.573949636338,-0.0120571934672,0.0,-0.00868554845287,0.00861512931012,-0.999925167598,0.0,0.656618441714,0.254382570591,0.303321888854,1.0,-0.0143,-0.0187942857143,0.716
0.461212832625,0.519052443002,-0.123986269303,-1.40117183805,0.0768916657693,1.91079871841,0.153347617209,-0.00795495073308,-0.0782733824718,0.000834437500922,-0.122840099812,-0.00423404573209,0.0428926578359,-0.0201423986873,0.573984064039,0.818852088364,0.00207328534669,0.0,0.818808609391,-0.57392304037,-0.0120644859035,0.0,-0.00868929054319,0.00862261255307,-0.999925070584,0.0,0.656346403594,0.254053917621,0.303340917207,1.0,-0.01466,-0.0192674285714,0.734
0.461036342468,0.517688435234,-0.123983996994,-1.40329137648,0.0767577151884,1.9115615327,0.15307021945,-0.0103571566399,-0.0801658762416,0.00124617499135,-0.121930359853,-0.00476144759509,0.0454900696796,-0.0144992467459,0.573975843627,0.818857838788,0.00207790504501,0.0,0.81881439008,-0.573914771354,-0.0120655178024,0.0,-0.00868757069539,0.00862690040607,-0.999925048544,0.0,0.656084581951,0.253735930125,0.303355364189,1.0,-0.015,-0.0197142857143,0.751
0.460858896734,0.516431910636,-0.123991968269,-1.40530501755,0.0766222538459,1.91230654935,0.152777811215,-0.0114264877448,-0.0810984484491,-0.000560446670449,-0.135443242913,-0.0121663119701,0.0516878328057,-0.0194689848057,0.573957222401,0.818870942236,0.00205759969657,0.0,0.818827341457,-0.573896351715,-0.0120627223848,0.0,-0.00869713133275,0.00860847126364,-0.999925124261,0.0,0.655843359533,0.253421092325,0.303343233101,1.0,-0.01532,-0.0201348571429,0.767
0.460674358,0.515050728867,-0.123992794932,-1.40749822208,0.0764980746802,1.91313072559,0.152486802099,-0.00772910322348,-0.0764636032694,0.0013992550483,-0.126981216462,-0.0069462570295,0.0448171824585,-0.00735688881698,0.573952950964,0.818873901538,0.00207131874399,0.0,0.81883037711,-0.573891920068,-0.0120674978505,0.0,-0.00869321332687,0.00862240071824,-0.999925038314,0.0,0.655577443384,0.253093297551,0.303339337295,1.0,-0.01566,-0.0205817142857,0.784
0.460480748329,0.513647086241,-0.12400128982,-1.40977624802,0.0763612665314,1.91391606189,0.152176414633,-0.0109099781743,-0.0800941025965,-0.000484215964313,-0.129702088458,-0.00675347858515,0.0551106273307,-0.0216312806695,0.573945896582,0.818879034412,0.00199541924121,0.0,0.818834397627,-0.573885077396,-0.0121199879172,0.0,-0.00877983171603,0.00859030063401,-0.999924557799,0.0,0.655288035588,0.252740789286,0.303307275193,1.0,-0.016,-0.0210285714286,0.801
0.460296869978,0.51231920318,-0.124006638204,-1.41190942848,0.0762300996344,1.91467086873,0.151887574862,-0.0107022543815,-0.0850726457248,0.000183925126545,-0.134412439657,-0.00399983002164,0.0487816049419,-0.0207241540097,0.573939946564,0.818883312176,0.00195081478993,0.0,0.8188380263,-0.573879261317,-0.0121501858759,0.0,-0.00883022231217,0.00857104338378,-0.999924279328,0.0,0.655020677101,0.252411576345,0.303287878626,1.0,-0.01632,-0.0214491428571,0.817
0.460100879856,0.510873005274,-0.124007701172,-1.41421593772,0.0760875936948,1.91555293782,0.151543777418,-0.0127186360231,-0.0800937985413,-0.000924465525644,-0.132568250211,-0.00746502688046,0.0473291303157,-0.0189395746519,0.573901932494,0.818909917778,0.00196604842843,0.0,0.818864845734,-0.573841198567,-0.0121404345092,0.0,-0.00881389233383,0.00857751191287,-0.999924367936,0.0,0.654742429847,0.252064714569,0.303279312054,1.0,-0.01666,-0.021896,0.834
0.459897794851,0.509375946999,-0.124010896493,-1.41656621526,0.0759378402191,1.9164340216,0.151219486521,-0.0103000263117,-0.0874158874026,-0.00014522814775,-0.137090617417,-0.00797415278006,0.0415409585383,-0.0149847587004,0.573886935474,0.818920382957,0.00198458337162,0.0,0.818875599203,-0.573826166284,-0.0121256265751,0.0,-0.0087912861502,0.0085840308427,-0.999924511002,0.0,0.654456605383,0.251706305525,0.303284967643,1.0,-0.017,-0.0223428571429,0.851
0.459685180173,0.507860941179,-0.124008392298,-1.41894744719,0.0757857246611,1.91727874287,0.150876651221,-0.0126313999963,-0.0894508983964,0.000514029879402,-0.142184709045,-0.0100937625724,0.0481410614084,-0.0231636361544,0.573860697597,0.81893881776,0.00196454100913,0.0,0.818893714254,-0.573799964172,-0.0121421897546,0.0,-0.00881662670939,0.00857684089748,-0.999924349585,0.0,0.654156837816,0.251338854948,0.303284597716,1.0,-0.01734,-0.0227897142857,0.868
0.459460745935,0.506300098405,-0.12401884345,-1.42137774897,0.0756266663662,1.91817940433,0.150544105301,-0.0132359323755,-0.0977340709479,-0.000443921378326,-0.142825938026,-0.0118087315849,0.0577895709157,-0.018809802949,0.573862259708,0.818937679435,0.00198267129531,0.0,0.818892917871,-0.573801548146,-0.0121210275084,0.0,-0.00878887549448,0.00857956090128,-0.999924570556,0.0,0.653862985222,0.250953604164,0.303297625108,1.0,-0.01768,-0.0232365714286,0.885
0.459243894834,0.504674006248,-0.124023648064,-1.42385009269,0.0754801571372,1.91914078395,0.15020754518,-0.0125820414822,-0.0976400265117,0.00064828566709,-0.144688857497,-0.00698828613794,0.0553754486313,-0.0174046374772,0.573855861897,0.818941918938,0.00208088287946,0.0,0.818898459946,-0.573794743277,-0.0120686282526,0.0,-0.0086896732257,0.00862985100452,-0.999925004813,0.0,0.653568032301,0.250578615906,0.303340726605,1.0,-0.01802,-0.0236834285714,0.902
0.459025503399,0.503111346063,-0.124030065836,-1.42618433445,0.0753336471541,1.92001930515,0.149890291878,-0.0168738982336,-0.103845329663,-0.000536842424225,-0.143434634186,-0.00977681932283,0.0584323945251,-0.0227926359473,0.573859772349,0.818938949443,0.00216925471669,0.0,0.818896706338,-0.573798341226,-0.0120164410957,0.0,-0.00859618239201,0.00867231466329,-0.999925445524,0.0,0.6532877507,0.250211757309,0.30339745938,1.0,-0.01834,-0.024104,0.918
0.458775439857,0.501285578952,-0.124033853038,-1.42887997295,0.0751579740863,1.92098583223,0.149513164892,-0.0128307554358,-0.103574059366,0.000501844176156,-0.152082710847,-0.0135391959555,0.0517013201934,-0.0213315194813,0.573848402346,0.818946702421,0.00224869279041,0.0,0.818905535273,-0.573786684725,-0.0119712836744,0.0,-0.00851373722358,0.00871133670403,-0.999925811694,0.0,0.652952824654,0.249787798152,0.30347271142,1.0,-0.0187,-0.0245771428571,0.936
0.458554283203,0.499670777948,-0.124036810902,-1.43132731981,0.0750056625684,1.92185974887,0.14916336821,-0.0141850505179,-0.101441456207,-0.000339503067811,-0.154966675104,-0.0099349803791,0.060237813097,-0.0182950191724,0.573828503673,0.818960545886,0.00228463472996,0.0,0.818919797288,-0.573766590954,-0.0119587463845,0.0,-0.00848305771173,0.00873337029801,-0.999925880241,0.0,0.652643836882,0.249407455701,0.303510276354,1.0,-0.01902,-0.0249977142857,0.952
0.458314849964,0.498105431937,-0.124037060954,-1.43381354331,0.0748468855974,1.92278567363,0.148801297724,-0.0174539172738,-0.101104579282,0.0018398325127,-0.156182809825,-0.00936380636487,0.0587918749275,-0.0317251004346,0.573811701386,0.818972319055,0.00228448595581,0.0,0.81893157684,-0.573749799981,-0.0119576911925,0.0,-0.00848245803989,0.00873246894098,-0.9999258932,0.0,0.652337793199,0.249014055353,0.303498826685,1.0,-0.01934,-0.0254182857143,0.968
0.45803654073,0.496323035957,-0.124040247265,-1.43665055551,0.0746792978003,1.92378956805,0.148385916919,-0.017402334036,-0.102871044695,-0.000461813664123,-0.162726735437,-0.0098067115899,0.0584653813076,-0.026888617357,0.573799962522,0.818980651238,0.00224561977564,0.0,0.818939218099,-0.573738032709,-0.0119989075955,0.0,-0.00853864007969,0.00872416679905,-0.999925487494,0.0,0.651977792695,0.248558897222,0.303477973998,1.0,-0.0197,-0.0258914285714,0.986
0.457763792249,0.494651159547,-0.124039541297,-1.43938132789,0.0745082187115,1.92473613541,0.147996992483,-0.014335321008,-0.100238286912,-0.000267938129198,-0.156600715263,-0.00575451919367,0.0577341827516,-0.0204752617727,0.573795438733,0.818984078834,0.00214941995137,0.0,0.818941232685,-0.573733753151,-0.0120658528357,0.0,-0.0086487131087,0.00868374713511,-0.999924893328,0.0,0.651625696814,0.248116559378,0.303424984675,1.0,-0.0205845714286,-0.0270540081633,1.003
0.457504234213,0.492860323873,-0.124082362207,-1.44221084569,0.0743401331552,1.92578274663,0.147595518126,-0.0154101892622,-0.119263369997,-0.00390690885158,-0.192136042152,-0.00812846801026,0.0718609677271,-0.0299007518426,0.573806928432,0.818976029433,0.0021491857813,0.0,0.818933258414,-0.573745320891,-0.0120570278382,0.0,-0.00864149787552,0.00867861291484,-0.999925000284,0.0,0.651277795088,0.247654418733,0.303417084108,1.0,-0.0254211428571,-0.033410644898,1.019
0.457178643056,0.490546597836,-0.124103097201,-1.4458626947,0.0741276396963,1.92712482795,0.147055038652,-0.0254594057808,-0.146667788978,0.00021740153306,-0.229082293488,-0.00870864916161,0.0828490294462,-0.028507790548,0.573771303078,0.819000974008,0.00215481765647,0.0,0.818958156875,-0.573709555954,-0.0120677088157,0.0,-0.00864739228233,0.00868897779842,-0.999924859313,0.0,0.650814735229,0.247084689692,0.303405662744,1.0,-0.03056,-0.0401645714286,1.036
0.45674323412,0.487788659225,-0.124118124359,-1.45026992426,0.0738676083946,1.92872427262,0.146424645973,-0.0293314196489,-0.174713504172,0.000504403027439,-0.271352422337,-0.0197357151304,0.0991650164331,-0.0461714581748,0.573771442889,0.819000978491,0.00211552772685,0.0,0.818957442083,-0.573709658241,-0.0121112756843,0.0,-0.00870561555712,0.00868179845197,-0.99992441646,0.0,0.650256265201,0.246373320652,0.303364370487,1.0,-0.0356988571429,-0.0469184979592,1.053
0.456282141416,0.484753161408,-0.12417482423,-1.45492973251,0.0735747087713,1.9305057057,0.145719822927,-0.0328560527575,-0.202853787346,-0.00481866108935,-0.306630119831,-0.0164305340614,0.109206399477,-0.0484890180329,0.573764017967,0.81900586887,0.00223278845118,0.0,0.818964172952,-0.573702048546,-0.012016231335,0.0,-0.0085605734942,0.00872322286795,-0.999925308193,0.0,0.649693600579,0.24560181346,0.303410512419,1.0,-0.0405354285714,-0.0532751346939,1.069
0.455703327382,0.481122039681,-0.124241266221,-1.46062238461,0.0732446481815,1.93246363206,0.144867415922,-0.0348896538829,-0.225649384044,-0.00386260535801,-0.350921812673,-0.0248524355737,0.123424149233,-0.0495181703447,0.573777489142,0.818996653564,0.00214972254878,0.0,0.818953591865,-0.573715584255,-0.0120908914248,0.0,-0.00866923719716,0.00869817179283,-0.999924590224,0.0,0.648956905106,0.244640554634,0.30339166383,1.0,-0.0456742857143,-0.0600290612245,1.086
0.45500128576,0.476778428328,-0.124313036597,-1.4673265776,0.0728359969994,1.93486064352,0.143874576308,-0.0379814700912,-0.252099769358,-0.00307768259525,-0.381902437536,-0.019803829937,0.128130680679,-0.0589341605476,0.573806211288,0.81897646376,0.0021749933205,0.0,0.818933707928,-0.573744170252,-0.0120812260331,0.0,-0.0086465165087,0.00871362564671,-0.999924652402,0.0,0.648106562265,0.243503686087,0.303419583241,1.0,-0.0511154285714,-0.067180277551,1.104
0.454348286107,0.472822474456,-0.124354231562,-1.4734464231,0.0724765267246,1.93708674027,0.142985445484,-0.0467671566049,-0.269131791198,0.00146631077575,-0.425815847318,-0.0202673465832,0.146352597312,-0.0664291398503,0.573840365605,0.818952374115,0.00223397274744,0.0,0.818910186392,-0.573777864857,-0.0120754016328,0.0,-0.0086075404442,0.00875894456361,-0.999924592726,0.0,0.647327598222,0.242477733549,0.303437567048,1.0,-0.0556497142857,-0.0731396244898,1.119
0.453485086003,0.467605823598,-0.124404364149,-1.4813111302,0.0719881765512,1.94001888315,0.141747902917,-0.0489677349876,-0.302009802703,-0.00237075003265,-0.447257213006,-0.0242422090817,0.170435405318,-0.0745804214669,0.573812631848,0.81897112572,0.00247096531681,0.0,0.81893214358,-0.573749283038,-0.0119436730679,0.0,-0.00836396983104,0.00887715431335,-0.999925617304,0.0,0.646341163528,0.241148930468,0.303552548235,1.0,-0.0610908571429,-0.0802908408163,1.137
0.452527844621,0.461967494714,-0.124425010724,-1.49001518562,0.0714192845326,1.94304692013,0.140387042108,-0.0598449218312,-0.319439199148,-0.00122191876706,-0.497160271495,-0.0281628259838,0.168247413832,-0.0732236741505,0.573750238956,0.819014947613,0.00243429348107,0.0,0.818975260464,-0.573686804713,-0.0119883170883,0.0,-0.00842225099755,0.00887209674713,-0.999925172994,0.0,0.645183705697,0.239679310993,0.303559814396,1.0,-0.066532,-0.0874420571429,1.155
0.451653767272,0.456924805102,-0.124466714765,-1.49781023335,0.0709057624479,1.94568689951,0.139237719855,-0.0567402852488,-0.338533186935,-0.00265508065359,-0.531633097492,-0.0402688012778,0.178360602888,-0.0777262832594,0.573775501197,0.818997549911,0.00233117286829,0.0,0.818956299592,-0.573712259863,-0.0120652038047,0.0,-0.00854411440149,0.0088320171097,-0.999924493941,0.0,0.644130427104,0.238335187678,0.303549765013,1.0,-0.0710662857143,-0.0934014040816,1.17
0.450595704806,0.450789055806,-0.124519372682,-1.50701045369,0.0702616396533,1.94910916255,0.137734335446,-0.0628714745827,-0.373921457544,-0.00369104727937,-0.543396424575,-0.0470180228167,0.220115565823,-0.0881709931345,0.573693390931,0.819054272472,0.00259592926783,0.0,0.819017132344,-0.573629804535,-0.0118545846311,0.0,-0.00822060406406,0.00892717927564,-0.999926360858,0.0,0.642948703933,0.2367481596,0.303682317617,1.0,-0.0762051428571,-0.100155330612,1.187
0.449354134186,0.443949041699,-0.124563048289,-1.51741309223,0.0695878913613,1.9528211292,0.136181061578,-0.0730213221788,-0.384316084337,-0.00645151050387,-0.600757231002,-0.0395889108306,0.190215115882,-0.085200764825,0.573754215003,0.8190112708,0.00271771393027,0.0,0.818975599582,-0.573690040128,-0.0118089816926,0.0,-0.00811271988423,0.00900136772081,-0.999926576882,0.0,0.6415645552,0.234934367881,0.303740877248,1.0,-0.0816462857143,-0.107306546939,1.205
0.448267277629,0.437984998507,-0.124592610239,-1.52673172589,0.0689343847771,1.95591921281,0.134679285937,-0.0727817922403,-0.402423058618,-0.00251777425366,-0.631909028634,-0.0443356970684,0.208535193801,-0.112196952676,0.573666960098,0.819073141987,0.00248069900335,0.0,0.819034142805,-0.573603438855,-0.0119546958928,0.0,-0.00836899397643,0.00888996239283,-0.999925461476,0.0,0.640252717841,0.23331039294,0.303653047953,1.0,-0.0861805714286,-0.113265893878,1.22
0.44691031505,0.430757410616,-0.124611114133,-1.53753348421,0.0682140050746,1.95983879148,0.13290864001,-0.083822207485,-0.423053253879,-0.00140034516671,-0.656759804623,-0.0518004372853,0.228500220527,-0.104458780653,0.573613887762,0.819109392134,0.00276737894835,0.0,0.819074170441,-0.573549330704,-0.0118074326948,0.0,-0.00808450632543,0.00903977003253,-0.999926458953,0.0,0.638804444204,0.23140947987,0.303781359918,1.0,-0.0913194285714,-0.120019820408,1.237
0.445350317604,0.422845653806,-0.124675956886,-1.54971562651,0.0673334363871,1.96396378643,0.130906931867,-0.0899046205963,-0.440082464989,-0.00637210312954,-0.695202089176,-0.0516487666443,0.231191540962,-0.119016775886,0.573573449725,0.819138248976,0.00260264031598,0.0,0.819100978033,-0.573509616504,-0.0118766351641,0.0,-0.00823612545347,0.00894412003251,-0.999926081745,0.0,0.637099735665,0.229194043713,0.303724957937,1.0,-0.0967605714286,-0.127171036735,1.255
0.443847716703,0.415404969502,-0.124794244252,-1.56092163488,0.0665109927313,1.9678814136,0.129127142408,-0.0955335521557,-0.475330166676,-0.0044170270574,-0.705849679218,-0.0531871845459,0.254803624657,-0.108092103094,0.573672144634,0.819068903548,0.00267368902601,0.0,0.819033223849,-0.573608764801,-0.0117605304212,0.0,-0.00809918923206,0.0089367009105,-0.99992726661,0.0,0.635565508145,0.227091634828,0.303781424984,1.0,-0.101597142857,-0.133527673469,1.271
0.442135562933,0.407223015051,-0.124853268312,-1.57335105318,0.0656868660206,1.97214482928,0.12702100357,-0.0972814081849,-0.492275868333,-0.00452542753197,-0.750822925384,-0.0577686816513,0.238994523996,-0.128725419276,0.573673508343,0.819067882831,0.00269370400457,0.0,0.819031967874,-0.573609508151,-0.0118116324035,0.0,-0.00812955103536,0.00898242323136,-0.999926610543,0.0,0.633809325302,0.22478743374,0.303771722453,1.0,-0.106736,-0.1402816,1.288
0.440278881177,0.398648629417,-0.124968596989,-1.58621089087,0.0647924114036,1.97648426226,0.124862186615,-0.11000756286,-0.520542315592,-0.00821900051343,-0.753417937604,-0.0535148932888,0.269367889807,-0.129588889706,0.573775578861,0.818996290996,0.00272164256347,0.0,0.818960639178,-0.573711351599,-0.0118111568415,0.0,-0.00811201259331,0.00900604488143,-0.999926540505,0.0,0.631983538697,0.222315515138,0.303812312141,1.0,-0.111874857143,-0.147035526531,1.305
0.438447300987,0.39032913134,-0.125050520617,-1.59866885111,0.0638423507698,1.9807866896,0.122731862821,-0.119354160084,-0.527933539498,-0.00205085234369,-0.787790166839,-0.0589692624092,0.261477293257,-0.131442658884,0.573807996401,0.818973312945,0.00280050906012,0.0,0.818939277203,-0.573744144795,-0.0116988661095,0.0,-0.00797443699236,0.00900652319145,-0.99992764283,0.0,0.630210885091,0.219919156706,0.303850601915,1.0,-0.116711428571,-0.153392163265,1.321
0.436270389792,0.380587783144,-0.125115804916,-1.61323977224,0.0627472994829,1.98558326431,0.120108131257,-0.120987171431,-0.556575374527,-0.00733215103706,-0.78057457014,-0.056220749868,0.280845753752,-0.145938142483,0.573731078704,0.819027415375,0.00273662089846,0.0,0.818992504105,-0.573667410634,-0.0117357188974,0.0,-0.00804212012718,0.0089745914535,-0.99992738787,0.0,0.628054528063,0.217111339551,0.303859473233,1.0,-0.122152571429,-0.160543379592,1.339
0.434061961175,0.371146501934,-0.125176658805,-1.6274024787,0.0616972518671,1.99033645067,0.117589454164,-0.134882966731,-0.556486845836,-0.00512594675352,-0.840689870549,-0.0622694411918,0.281304070729,-0.145845099992,0.573745061037,0.819017626412,0.0027348607244,0.0,0.818982605037,-0.573681300122,-0.0117475716151,0.0,-0.00805268480345,0.00898008744837,-0.999927253502,0.0,0.625957601584,0.214344411472,0.303835410562,1.0,-0.127291428571,-0.167297306122,1.356
0.431983015463,0.36248433527,-0.125290304676,-1.64016473979,0.0607039997529,1.99452266009,0.115342521378,-0.139713853387,-0.588590423089,-0.00686362494194,-0.842196960908,-0.0681676791062,0.289847741708,-0.156960810576,0.573863244798,0.818934748312,0.00275702337271,0.0,0.818900356216,-0.573799772121,-0.0116950846485,0.0,-0.00799568576188,0.00896927933304,-0.999927807913,0.0,0.624053632091,0.211759972896,0.303888788888,1.0,-0.131825714286,-0.173256653061,1.371
0.429378818097,0.351878246003,-0.12539277996,-1.65607975366,0.0595056921699,1.99959806668,0.112383976358,-0.14843549878,-0.604999007745,-0.00440951158854,-0.900519034878,-0.0710473627703,0.281768360032,-0.167907441407,0.573856994675,0.818939833867,0.002538714189,0.0,0.81890208464,-0.573793751227,-0.0118681812682,0.0,-0.00826278714258,0.00888976833211,-0.999926346471,0.0,0.621594786168,0.208562694539,0.303787396623,1.0,-0.137266857143,-0.180407869388,1.389
0.42674624013,0.341403522878,-0.125495533704,-1.67122074754,0.0583525470173,2.00457879619,0.109530560077,-0.154731718646,-0.614599299499,-0.00395431412246,-0.890033603743,-0.0717427654294,0.292210956729,-0.171302210506,0.573926955145,0.818890025175,0.00277915950657,0.0,0.818855466326,-0.573862886195,-0.0117413805754,0.0,-0.00802019735302,0.00901459831555,-0.999927204076,0.0,0.619286372787,0.205448903825,0.30392728917,1.0,-0.142405714286,-0.187161795918,1.406
