position_joint1,position_joint2,position_joint3,position_joint4,position_joint5,position_joint6,position_joint7,velocity_joint1,velocity_joint2,velocity_joint3,velocity_joint4,velocity_joint5,velocity_joint6,velocity_joint7,ee_T_00,ee_T_10,ee_T_20,ee_T_30,ee_T_01,ee_T_11,ee_T_21,ee_T_31,ee_T_02,ee_T_12,ee_T_22,ee_T_32,ee_T_03,ee_T_13,ee_T_23,ee_T_33,v_x,v_y,time
0.465060980006,0.547780742397,-0.123991336847,-1.35584474072,0.0795881997761,1.89409872802,0.159158922677,-0.000703492844326,0.000795567732208,-0.000252215598088,0.000624325454065,0.000567452399141,6.59587031762e-05,-0.00115504527769,0.573841903356,0.818951946544,0.00198144046131,0.0,0.818908398544,-0.573782402093,-0.0119806821218,0.0,-0.00867485429489,0.00849779927622,-0.999926264437,0.0,0.661673044647,0.260893220751,0.303209205222,1.0,0.0,0.0,0.0
0.465060920677,0.547782209261,-0.123993842501,-1.35584794941,0.0795841213107,1.89409710058,0.159159241646,0.00019348883452,-0.00205316790009,-0.00127269096523,-0.000172413555027,-2.36661176292e-05,-0.000633185395427,0.000508833180117,0.573843049343,0.818951163165,0.00197331509881,0.0,0.818907553382,-0.573783625524,-0.0119798579284,0.0,-0.00867882978772,0.00849068431596,-0.99992629038,0.0,0.661672764539,0.260890558316,0.303206572942,1.0,-0.00036,-0.000473142857143,0.019
0.465059866589,0.547785266359,-0.123997172549,-1.35584861279,0.079587333255,1.89409710058,0.159161231493,0.000517812513473,0.00123552700538,-0.0018261084513,-0.000700712042428,0.000142603776756,-0.000122957055575,0.00111089589616,0.573848761391,0.818947166242,0.00197100379593,0.0,0.818903513185,-0.573789333794,-0.0119826298992,0.0,-0.00868236700754,0.00849044272615,-0.999926261724,0.0,0.661673390495,0.260888334553,0.30320420778,1.0,-0.00062,-0.000814857142857,0.032
0.465054975694,0.547731754494,-0.1239895294,-1.35589324231,0.0795836166272,1.89410439177,0.159164734738,-0.000972647092359,-0.00470413503731,0.000707164508879,-0.000771098121955,-5.6739438724e-05,-0.000409079397903,0.00593177220004,0.57385170386,0.818945065593,0.00198706299171,0.0,0.818901582605,-0.573792169496,-0.0119787784654,0.0,-0.00866996725482,0.00850141513974,-0.999926276087,0.0,0.661665760606,0.260884823477,0.303221247877,1.0,-0.00104,-0.00136685714286,0.053
0.465057251824,0.547637272423,-0.123986401291,-1.35600430693,0.0795825791976,1.8941285812,0.159160709166,9.66973125331e-05,-0.0128796287609,0.000910305618724,-0.0103756252574,-0.000467187798632,-0.000254319526728,0.000628625518877,0.573850148425,0.81894612737,0.00199862966876,0.0,0.818902705934,-0.573790477822,-0.0119830161232,0.0,-0.00866681683878,0.00851330273225,-0.999926202258,0.0,0.661646367668,0.260877673555,0.303237312671,1.0,-0.0013,-0.00170857142857,0.066
0.465044019541,0.547472169369,-0.123991658149,-1.35623996954,0.0795835847349,1.89417796202,0.159148951951,-0.000916926633694,-0.00932398211289,-0.000468736494557,-0.0116350480856,-0.000353553040488,0.00133872328453,-0.00152660336287,0.573868214269,0.818933490655,0.001989330629,0.0,0.818889783631,-0.573808419599,-0.0120069464798,0.0,-0.00869156326807,0.00851961149247,-0.999925933731,0.0,0.661611146115,0.260843582998,0.303246567291,1.0,-0.00172,-0.00226057142857,0.087
0.465027313443,0.547337346108,-0.123991038798,-1.35640440697,0.0795777842457,1.89426969256,0.159151274242,-0.00174708368614,-0.0134152924657,0.000290997817286,-0.014283364152,-0.000424428577589,0.00531946149495,0.00124152931688,0.573891205433,0.818917244825,0.00204385808973,0.0,0.818874257736,-0.573831186252,-0.0119777544911,0.0,-0.00863612646708,0.00854775531022,-0.999926173874,0.0,0.661599845599,0.260820440694,0.30327173871,1.0,-0.00198,-0.00260228571429,0.1
0.465003152234,0.547113011451,-0.123984527018,-1.35667197577,0.0795768172091,1.89441867493,0.159135928758,-0.00407393476038,-0.00752129620996,0.000190094990972,-0.0138850542642,0.000274330485792,0.00178992272493,0.000862544556578,0.573908858534,0.818904619984,0.00214298058444,0.0,0.81886283396,-0.573848335905,-0.0119370615597,0.0,-0.00854573354984,0.00860575821597,-0.999926452977,0.0,0.661578994048,0.26078938816,0.303316007675,1.0,-0.00238,-0.003128,0.12
0.464982866323,0.54695156031,-0.123989243432,-1.35689308395,0.079573082902,1.89451564652,0.159124799359,-0.000551858370708,-0.00779354879322,0.00035073538815,-0.0178968390914,1.63135255308e-05,0.00294599804977,-0.000529606228488,0.573931115388,0.818888927602,0.00217851825244,0.0,0.818847567373,-0.573870407632,-0.011923235865,0.0,-0.00851378259019,0.00862715653003,-0.99992654114,0.0,0.661558467655,0.260755096678,0.303333691079,1.0,-0.00264,-0.00346971428571,0.133
0.46493741664,0.54663564044,-0.12398926974,-1.35735537737,0.0795635476753,1.89468290205,0.159081167031,-0.00428192292438,-0.0186546925626,0.000256844042409,-0.0232256284245,-2.34151611328e-05,0.00748798605681,-0.000790252548883,0.5739559181,0.818871468119,0.00220673528691,0.0,0.818830308453,-0.573894923237,-0.0119285347999,0.0,-0.0085016663094,0.00865356148616,-0.999926416064,0.0,0.66150649548,0.260684100992,0.303351905628,1.0,-0.00306,-0.00402171428571,0.154
0.464908250177,0.546420992141,-0.123991749087,-1.35767497435,0.0795552912297,1.89480584189,0.158957903458,-0.00309045770486,-0.0162027154924,-0.000397655447199,-0.0250796059558,6.8120571543e-05,0.0145481958411,-0.00314426997003,0.573896314884,0.818913182637,0.00222844524332,0.0,0.818872218888,-0.573835151135,-0.01192708504,0.0,-0.00848865038954,0.00866988897508,-0.99992638521,0.0,0.661471973723,0.260635264692,0.303362538368,1.0,-0.00332,-0.00436342857143,0.167
0.464858519922,0.546076499115,-0.123991401942,-1.35824850568,0.0795384022595,1.89500805645,0.158925613874,-0.00179483439657,-0.0197393705029,-0.000378384094017,-0.0312457412524,-4.86906016745e-05,0.00487682105589,-0.000643881475861,0.57393794551,0.818884044158,0.00221445874199,0.0,0.818842719554,-0.57387665114,-0.0119556183898,0.0,-0.00851960299924,0.00867524349988,-0.999926075525,0.0,0.661403560711,0.260550001723,0.303351012667,1.0,-0.00372,-0.00488914285714,0.187
0.464814243022,0.545816301519,-0.123994906304,-1.35867546509,0.0795192907113,1.89514390127,0.158871054377,-0.00629053285381,-0.0196471697439,-0.000561379193563,-0.0270936487119,-6.68173880219e-05,0.00756403104083,-0.00731814070777,0.573950658724,0.81887519597,0.00219127257375,0.0,0.818833489686,-0.573889377128,-0.0119768898172,0.0,-0.00855019456143,0.00866859806583,-0.999925872043,0.0,0.661352880821,0.260477544417,0.303343901369,1.0,-0.00398,-0.00523085714286,0.2
0.46473650322,0.545361267934,-0.123989569203,-1.35945768231,0.0794399825489,1.89541405488,0.158762590615,-0.00560503864584,-0.0284090262154,0.00445067004341,-0.0389218524432,-0.00670110513331,0.0126363481611,-0.00630258665418,0.573944372709,0.818879775116,0.00212552205234,0.0,0.818837430423,-0.573883584914,-0.0119850075736,0.0,-0.00859464356496,0.00861935061861,-0.999925916704,0.0,0.661262519385,0.260347832458,0.303316877299,1.0,-0.0044,-0.00578285714286,0.221
0.464693691584,0.545083757504,-0.123992448496,-1.35994735209,0.0794134785378,1.89556462526,0.15870415521,-0.00510991832919,-0.0244845601749,0.000133146593891,-0.0436818905775,-0.000905843103748,0.018931645908,0.000109820899216,0.573954283836,0.818872963276,0.00207291666984,0.0,0.818829843609,-0.573893627019,-0.0120224366292,0.0,-0.00865538128507,0.00859786057349,-0.999925577815,0.0,0.661195523448,0.260263177924,0.303293820322,1.0,-0.00466,-0.00612457142857,0.234
0.4646065291,0.544552977855,-0.12399563567,-1.3608254724,0.0793835687395,1.89586697322,0.158620639193,-0.00383189675556,-0.0230869772548,0.000388914144653,-0.0426719667542,-0.000574446492131,0.00927405121734,-0.00479346100056,0.573999939793,0.818841026104,0.00204694605691,0.0,0.818797352074,-0.573939174583,-0.0120609708052,0.0,-0.0087013627078,0.00859919608842,-0.999925167257,0.0,0.66109806996,0.260128226743,0.303277416045,1.0,-0.00506,-0.00665028571429,0.254
0.464555805619,0.544190122508,-0.124000988488,-1.36141597306,0.0793599104272,1.89609415415,0.158517179128,-0.00467993679298,-0.0321932985969,-0.00240236634344,-0.0453948974491,-0.00305777809173,0.0210594643166,-0.0122429673514,0.573987243177,0.818849915725,0.00205111858915,0.0,0.818806216982,-0.573926383351,-0.0120678260872,0.0,-0.00870471489355,0.00860641257963,-0.999925075994,0.0,0.661032844423,0.260037851334,0.303273011923,1.0,-0.00532,-0.006992,0.267
0.464462757574,0.543565510818,-0.124001345435,-1.36243964274,0.0793120852481,1.89644935851,0.158401031405,-0.00342792692544,-0.0310014037363,-0.000851633580149,-0.0455711323441,-0.000622910625481,0.0178814352808,-0.00711754688799,0.574012798404,0.818832076969,0.00202086525122,0.0,0.818787808822,-0.573951894664,-0.0121034555455,0.0,-0.00875098668665,0.00860236384117,-0.99992470695,0.0,0.660911461702,0.259879188384,0.303258520091,1.0,-0.00574,-0.007544,0.288
0.464404206292,0.543143219608,-0.124002028479,-1.36310385486,0.0792762787931,1.89668044005,0.158310837391,-0.00347488320649,-0.0315743731438,0.000745988137496,-0.0494685409767,-0.00107777435936,0.00965501492457,-0.014214153728,0.574014721842,0.818830745189,0.00201413574776,0.0,0.818786324707,-0.573953784015,-0.0121142556518,0.0,-0.00876367287669,0.00860307353048,-0.999924589738,0.0,0.66083307246,0.259776683709,0.303261159093,1.0,-0.006,-0.00788571428571,0.301
0.464321494061,0.542426389091,-0.124010888305,-1.36422383864,0.0792097412671,1.8970846194,0.158168318729,-0.00497497465716,-0.0374339832659,-0.00243945791216,-0.0558872103726,-0.000487802957322,0.0187646209981,-0.00615786329729,0.574016464187,0.818829525682,0.00201335938824,0.0,0.81878510534,-0.573955539636,-0.0121134923209,0.0,-0.00876347512133,0.00860201832527,-0.99992460055,0.0,0.66070169861,0.259610019771,0.303270395724,1.0,-0.00642,-0.00843771428571,0.322
0.464253803613,0.542006143688,-0.124005935538,-1.36488695384,0.0791727796249,1.89733395135,0.158072449902,-0.00702518302845,-0.0370528458086,-0.000903812087444,-0.0573641808097,-0.00793522010172,0.0219364870775,-0.00705068743167,0.574016958476,0.81882915952,0.00202133699595,0.0,0.818784789117,-0.573955945578,-0.0121156324023,0.0,-0.00876064337973,0.00860978421258,-0.999924558526,0.0,0.660628088837,0.259505909112,0.303273400702,1.0,-0.00666,-0.00875314285714,0.334
0.464158197459,0.54120821256,-0.124018800807,-1.36611557158,0.0791048179321,1.89778691819,0.157918745759,-0.00770522130411,-0.0354128238713,-0.00121766875454,-0.060826172025,-0.0050996610211,0.0257808744381,-0.0141107227782,0.574028464914,0.818821045783,0.00204042943809,0.0,0.818776923412,-0.573967365715,-0.0121061836921,0.0,-0.00874182638895,0.00862011654246,-0.999924634191,0.0,0.660487503775,0.259319670602,0.303292449874,1.0,-0.00708,-0.00930514285714,0.355
0.464080788745,0.540671582606,-0.124011242725,-1.36692271499,0.0790566636184,1.89808591045,0.15782556286,-0.0047492880901,-0.0437788411496,0.000112277930322,-0.0592180066738,-0.00386082856461,0.0271194407945,-0.0123910094406,0.57404212274,0.818811404378,0.00206694962187,0.0,0.818767584674,-0.573980863223,-0.0120978445176,0.0,-0.00871963141113,0.00863718998968,-0.999924680652,0.0,0.660395927512,0.259196661003,0.303313257312,1.0,-0.00734,-0.00964685714286,0.368
0.463970343554,0.539779996288,-0.124014546371,-1.36828746767,0.0789705160133,1.89860015379,0.157650184517,-0.00886332035841,-0.0420518404909,0.00153038496779,-0.0617507566902,-0.0022907454886,0.0254078663995,-0.0104627164086,0.574043883627,0.818810089275,0.00209863605569,0.0,0.818766740442,-0.573982543847,-0.0120752228234,0.0,-0.0086829009889,0.0086501677504,-0.999924888093,0.0,0.660240791901,0.258992474475,0.303338427243,1.0,-0.00776,-0.0101988571429,0.389
0.463881739582,0.53919780671,-0.124012308172,-1.36918250181,0.078927055693,1.89893094079,0.157540768802,-0.0040415800194,-0.0477364925009,0.000976072150837,-0.0659047708736,-0.0044571980355,0.0279070744849,-0.00690149225933,0.574063161711,0.818796518149,0.00212017327437,0.0,0.818753338265,-0.574001615054,-0.0120774126965,0.0,-0.00867212754582,0.00866926357414,-0.99992481621,0.0,0.660139968694,0.258852086291,0.303352367879,1.0,-0.00802,-0.0105405714286,0.402
0.463755579562,0.538286718689,-0.124020213387,-1.37059323994,0.0788420532241,1.89947283314,0.157372737754,-0.00462320884394,-0.0427802885969,0.00141896021404,-0.071350531728,-0.0019218400294,0.0292443147128,-0.00816553458426,0.574089760688,0.818777783095,0.00215301757597,0.0,0.818735091344,-0.574028130135,-0.0120541659554,0.0,-0.00863395685517,0.00868309146678,-0.999925026545,0.0,0.659984727419,0.258631739111,0.303371688255,1.0,-0.00842,-0.0110662857143,0.422
0.463669612939,0.537699389112,-0.124026552689,-1.37153685877,0.0787846085675,1.89984281421,0.157254588388,-0.00314278431762,-0.0440979264904,-0.000965681834636,-0.0711314631424,-0.00568920787104,0.0271031496557,-0.0101928461104,0.574104731638,0.818767264528,0.00216114533926,0.0,0.818724733957,-0.57404312024,-0.0120437956469,0.0,-0.0086206409766,0.00868395040367,-0.999925133975,0.0,0.659882290677,0.258482830346,0.303369608379,1.0,-0.00868,-0.011408,0.435
0.463542980871,0.536659934141,-0.124028305904,-1.37313956533,0.0786884315584,1.90043411307,0.157054683784,-0.00798724981645,-0.0487427294968,0.0018525988489,-0.0787737845144,-0.00505534391914,0.0275007498025,-0.0170441404362,0.574108477381,0.81876457539,0.00218476234867,0.0,0.818722341168,-0.574046754131,-0.0120332474637,0.0,-0.00859840656133,0.00869727057373,-0.999925209648,0.0,0.659694499272,0.258246219791,0.303391943453,1.0,-0.0091,-0.01196,0.456
0.463443251939,0.536018816508,-0.124033300933,-1.374168371,0.0786370094651,1.90081502773,0.156933201765,-0.01041823795,-0.0533170396302,-0.000224415682307,-0.081621457937,-0.00530370675876,0.0384556760604,-0.0158779833394,0.574137053114,0.818744543107,0.00218272206187,0.0,0.818702197963,-0.574075249547,-0.0120443268739,0.0,-0.00860834592839,0.00870226123323,-0.999925080708,0.0,0.659578368451,0.258081345287,0.303387986726,1.0,-0.00936,-0.0123017142857,0.469
0.463315971938,0.534954096119,-0.124041804868,-1.37583406512,0.0785439033589,1.90141325899,0.15673006562,-0.00606203293075,-0.0611933458229,-0.00227165789205,-0.0844375174301,-0.00352772149329,0.0350008059619,-0.00678643201443,0.574147351754,0.818737321698,0.00218252927525,0.0,0.818694903091,-0.574085475968,-0.0120527522598,0.0,-0.00861524561666,0.00870704902248,-0.999924979606,0.0,0.659378785411,0.2578342461,0.303398612428,1.0,-0.00976,-0.0128274285714,0.489
0.463206787734,0.534226090754,-0.124039693911,-1.37704612094,0.0784778122983,1.9018537642,0.156582627338,-0.00457409154508,-0.0586642407554,5.14859107233e-05,-0.0838276742039,-0.0109479332444,0.0292594362424,-0.0146325744822,0.574163333187,0.818726204532,0.00214842666137,0.0,0.818683228088,-0.574101486885,-0.0120831165814,0.0,-0.0086595159594,0.00869673080513,-0.999924686992,0.0,0.659235336712,0.257648353364,0.30337341691,1.0,-0.01004,-0.0131954285714,0.503
0.463053174165,0.533152570213,-0.124040376426,-1.37878623524,0.0783830935737,1.90250528618,0.156362378571,-0.00836536555294,-0.0529990578048,0.000636102057512,-0.0887479350177,-0.00312609977211,0.0317305149929,-0.00818211294281,0.574179247054,0.818715068329,0.00213916932299,0.0,0.818671861795,-0.574117328897,-0.0121005068857,0.0,-0.00867890023965,0.0086993051535,-0.99992449654,0.0,0.659033537406,0.257383104284,0.303358794399,1.0,-0.01044,-0.0137211428571,0.523
0.462955921049,0.532422246685,-0.124042882422,-1.37997457878,0.0783109979995,1.902957957,0.156210090391,-0.00612929552732,-0.056294954187,-0.00121151788327,-0.0905917825691,-0.00102639615288,0.0414409700553,-0.0180903404573,0.574181677385,0.818713382322,0.00213210314936,0.0,0.81867009613,-0.574119802029,-0.0121026245735,0.0,-0.00868466526828,0.00869476176976,-0.999924486002,0.0,0.658895799936,0.257205128366,0.30334741761,1.0,-0.0107,-0.0140628571429,0.536
0.462789507514,0.531208376784,-0.124040641149,-1.38194254381,0.0781983136616,1.90366324705,0.155958377879,-0.0081017289992,-0.0583138308434,0.000212991030119,-0.0939705650417,-0.002502997959,0.0328692370646,-0.0172816558393,0.574187262161,0.818709564662,0.00209370576283,0.0,0.818665635225,-0.574125411688,-0.0121382147854,0.0,-0.00873579105076,0.00868382046391,-0.999924135731,0.0,0.658657959749,0.256908755211,0.303327376671,1.0,-0.01112,-0.0146148571429,0.557
0.462693160851,0.530422711883,-0.124040465793,-1.38319375739,0.0781272724152,1.90410177023,0.155797801958,-0.00795852486755,-0.0587295860423,-0.000612116008612,-0.0972753688684,-0.00728340705327,0.0361426016034,-0.00878913695029,0.574183434771,0.818712300133,0.0020735830501,0.0,0.818668004945,-0.57412157133,-0.0121600128901,0.0,-0.00876523212178,0.00867982118026,-0.99992391281,0.0,0.658502607789,0.256725462706,0.303323430482,1.0,-0.01138,-0.0149565714286,0.57
0.462535192754,0.529169789365,-0.124048835162,-1.38515682459,0.0779976082129,1.90482698662,0.155538018553,-0.00827086015641,-0.0642641106658,-0.000898019820545,-0.100922733083,-0.00636778422472,0.0338124150956,-0.0149837320761,0.5741777095,0.818716304435,0.00207789956893,0.0,0.818672177943,-0.574115939024,-0.0121449793318,0.0,-0.00875050580812,0.00867466199442,-0.999924086562,0.0,0.658271019004,0.256428256415,0.303334698785,1.0,-0.01178,-0.0154822857143,0.59
0.462419718356,0.528279223253,-0.124047139877,-1.38654626525,0.077911265207,1.90536213577,0.155340354611,-0.00946172235174,-0.0576213011281,-0.000430084015875,-0.100953907404,-0.00892713417707,0.0402646399962,-0.00860693818726,0.57416144697,0.818727635128,0.00210693912363,0.0,0.818683914388,-0.574099577627,-0.0121272499989,0.0,-0.00871948972843,0.00868808384877,-0.999924240979,0.0,0.658110068045,0.256222331298,0.303346765655,1.0,-0.01206,-0.0158502857143,0.604
0.462235827681,0.526926702277,-0.124049274968,-1.38860907794,0.0777779989326,1.9061554681,0.155049075764,-0.0121988729577,-0.0691772447299,-0.000179184202075,-0.106105977065,-0.0113454679769,0.0407491793993,-0.0158970235251,0.574150848871,0.818734897648,0.00217186920093,0.0,0.818692140094,-0.574088816238,-0.0120812963343,0.0,-0.00864469953639,0.00871474657579,-0.999924658343,0.0,0.657875592938,0.255905251398,0.303385730036,1.0,-0.01246,-0.016376,0.624
0.462122954263,0.526031578702,-0.12404927502,-1.38999778955,0.0777035321528,1.90666814141,0.154872396628,-0.0130445243986,-0.0707579151035,-0.0010809985804,-0.106641760443,-0.010440185747,0.0392518648743,-0.00857943755401,0.574153536133,0.818732956026,0.00219329965695,0.0,0.818690373496,-0.574091305959,-0.0120827012201,0.0,-0.00863351764428,0.00873312708666,-0.999924594589,0.0,0.657708676235,0.25570064566,0.303399021244,1.0,-0.01272,-0.0167177142857,0.637
0.461936908367,0.524651323496,-0.124056207331,-1.39216272609,0.0775567499962,1.90744177285,0.154569516687,-0.00781884178294,-0.07042292738,-0.000480856266938,-0.107366724823,-0.00214349420311,0.0370057028245,-0.0212833303265,0.574139558813,0.818742808064,0.00217443125117,0.0,0.818700076201,-0.574077508875,-0.0120808084794,0.0,-0.00864294938575,0.00871644490004,-0.999924658669,0.0,0.657448106722,0.255364205934,0.303406647004,1.0,-0.01312,-0.0172434285714,0.657
0.461802052734,0.523665337896,-0.124060991371,-1.39373314481,0.0774650088383,1.90801630602,0.154361779308,-0.0118760955609,-0.0691847727374,0.00167809824531,-0.110957142552,-0.00429892483159,0.042522792451,-0.0114586583454,0.574142928158,0.81874046705,0.00216623245307,0.0,0.818697581861,-0.574080866204,-0.0120903024962,0.0,-0.00865539395265,0.00871521874355,-0.999924561713,0.0,0.657259957731,0.255123459275,0.303402393327,1.0,-0.0134,-0.0176114285714,0.671
0.46161596079,0.522233017393,-0.124068040454,-1.3960172208,0.0773196013181,1.90890131023,0.154052078621,-0.0119878619069,-0.0713756665911,-0.00178387931939,-0.112211145228,-0.00901009737324,0.0494878186862,-0.0105959037454,0.574130210094,0.81874933251,0.00218615501767,0.0,0.818706823518,-0.574068181971,-0.0120667508081,0.0,-0.00862480818748,0.00871787405293,-0.999924802851,0.0,0.656993480122,0.254781273848,0.303398870926,1.0,-0.0138,-0.0181371428571,0.691
0.461488820138,0.52127772505,-0.124070490036,-1.39755681022,0.0772305542509,1.90950400554,0.153835332309,-0.00933953051514,-0.0754757608078,-0.000754455487548,-0.119456644396,-0.00846762676588,0.0481050142941,-0.0106837509261,0.574114316318,0.818760408707,0.00221174923653,0.0,0.818718242158,-0.574052190527,-0.0120527760307,0.0,-0.00859884188915,0.00873063880946,-0.999924915113,0.0,0.65679967222,0.254539990698,0.303397012361,1.0,-0.01408,-0.0185051428571,0.705
0.461290745464,0.519754422025,-0.124076556102,-1.39995600115,0.0770782419217,1.91037594457,0.153511499722,-0.0104089641324,-0.0747262042269,-0.00265223517051,-0.120076379802,-0.0128098573147,0.0495603184911,-0.018169218951,0.574105226094,0.818766833694,0.00219278716916,0.0,0.818724425717,-0.574043187686,-0.0120615217543,0.0,-0.00861698534346,0.00872003897734,-0.999924851418,0.0,0.656521516299,0.254188780651,0.303393189984,1.0,-0.01446,-0.0190045714286,0.724
0.461154329966,0.518627368122,-0.124076976296,-1.40166948872,0.0769661358386,1.91097886051,0.153288907106,-0.0123979010213,-0.0826787647045,-0.000464327017416,-0.119292639939,-0.013326263791,0.0506808536033,-0.0153067404728,0.574095486266,0.818773632487,0.00220415381631,0.0,0.818731379689,-0.574033407985,-0.0120549297336,0.0,-0.00860516635659,0.00872545863453,-0.999924905922,0.0,0.656307288425,0.253933246343,0.303421006654,1.0,-0.01474,-0.0193725714286,0.738
0.46094767157,0.517032265688,-0.124081211156,-1.40416584185,0.0768080044493,1.91187576039,0.152942221774,-0.0119437713957,-0.0888401334026,0.000540118239045,-0.122842563797,-0.00659865473503,0.0403268561506,-0.0256238199426,0.574073294519,0.818789211825,0.00219682052734,0.0,0.818746855967,-0.574011242618,-0.0120592741436,0.0,-0.00861316972072,0.00872171505705,-0.999924869675,0.0,0.655999285966,0.253555172177,0.3034299139,1.0,-0.01514,-0.0198982857143,0.758
0.460798592167,0.515933697039,-0.124081553694,-1.4059462865,0.0767016033583,1.91254624283,0.152693051861,-0.0108959817992,-0.0833166031938,0.00128464475516,-0.125271845158,-0.0111227349844,0.0524542685585,-0.0150419837722,0.574057173705,0.818800542368,0.00218632945986,0.0,0.818758010118,-0.57399512842,-0.0120689816859,0.0,-0.00862731239363,0.00871852813278,-0.999924775545,0.0,0.655783552325,0.25328858919,0.30341115477,1.0,-0.01542,-0.0202662857143,0.772
0.460573866691,0.514297081817,-0.124085460807,-1.40857323884,0.076540533425,1.91349835699,0.15235437223,-0.0123752779624,-0.0808948724852,-0.000901171748078,-0.137309811275,-0.00504038845406,0.0465015210504,-0.0171528072444,0.574061574705,0.818797549392,0.00215138498859,0.0,0.818754501795,-0.57399961854,-0.0120934117922,0.0,-0.00866732864939,0.00870398674019,-0.999924556169,0.0,0.655459430549,0.252887299727,0.303390866971,1.0,-0.01582,-0.020792,0.792
0.460427832009,0.513240911081,-0.124090168073,-1.41031457301,0.0764344885182,1.91410273652,0.152091581272,-0.0123197905146,-0.0830167219936,-0.00147741748456,-0.134938306054,-0.0088615911972,0.0379865026411,-0.0163286913827,0.574032046253,0.818818430751,0.00208188357109,0.0,0.818774381484,-0.573970301973,-0.0121388458643,0.0,-0.00874473974309,0.00867284644303,-0.999924152754,0.0,0.655237504704,0.252619986267,0.303354767469,1.0,-0.01608,-0.0211337142857,0.805
0.460182901659,0.511482187823,-0.124088224652,-1.41313893918,0.0762605765627,1.91514172576,0.15169523737,-0.0127800088068,-0.0846307562005,0.00123626737367,-0.134271942763,-0.0102643138508,0.05528132705,-0.017040220508,0.574007723816,0.818835543065,0.00205750204529,0.0,0.818791104893,-0.573946020555,-0.0121589036615,0.0,-0.00877541632551,0.00866413579928,-0.999923959519,0.0,0.654889361526,0.25219102076,0.303332388132,1.0,-0.0165,-0.0216857142857,0.826
0.460019176234,0.510343496544,-0.124090810648,-1.41491867096,0.0761475294851,1.91581676115,0.151445971227,-0.0164009793642,-0.0924800267933,-0.000332125392971,-0.135960521825,-0.00869278187814,0.0543649864467,-0.0227642727683,0.574002011355,0.818839484309,0.00208249798318,0.0,0.818795421206,-0.573940246557,-0.0121407781911,0.0,-0.00874628754034,0.00867413791845,-0.999924128015,0.0,0.654677564662,0.251913604686,0.303341083486,1.0,-0.01676,-0.0220274285714,0.839
0.459779111186,0.508592713852,-0.124092220342,-1.41770055406,0.0759791187446,1.91681017321,0.151059367308,-0.0142142071112,-0.0831186065168,0.00138407032564,-0.141949274198,-0.00389424593161,0.0413261104679,-0.0196749481704,0.573982188604,0.818853457727,0.00205154433946,0.0,0.818808863656,-0.573920438067,-0.0121705574313,0.0,-0.00878864901778,0.00866567272132,-0.999923829981,0.0,0.654327240248,0.251488821552,0.303328348618,1.0,-0.01716,-0.0225531428571,0.859
0.459619074254,0.507425157406,-0.124102919437,-1.41953727518,0.0758594047898,1.91748744692,0.150808979854,-0.0121295685012,-0.09057288695,-0.000911699310999,-0.147152837012,-0.00838163663559,0.0472551436119,-0.0196652953151,0.573978738398,0.81885587621,0.00205152728566,0.0,0.818811361322,-0.573917066684,-0.0121614982448,0.0,-0.00878127684608,0.00866042200911,-0.999923940241,0.0,0.654102843373,0.251201925534,0.303329812129,1.0,-0.01742,-0.0228948571429,0.872
0.459345082016,0.505467950457,-0.124117088422,-1.42256314183,0.0756649151004,1.91861688288,0.150389550327,-0.0153203952489,-0.0935068818387,-0.00140953089673,-0.146514638453,-0.0110211987551,0.0548879151634,-0.0235386076914,0.573973647599,0.818859335495,0.00209462088281,0.0,0.818815503983,-0.573911906055,-0.0121260639613,0.0,-0.00872758084718,0.00867531624342,-0.999924281244,0.0,0.653737184906,0.250726435867,0.303356151934,1.0,-0.01784,-0.0234468571429,0.893
0.459178724024,0.50421541871,-0.124110687844,-1.42445894204,0.0755561319965,1.91934307064,0.150138970748,-0.011066656101,-0.0986984274599,0.00153496794243,-0.150494756976,-0.00189709047077,0.0494875580267,-0.0266029803317,0.573968619205,0.818862662999,0.00217030298532,0.0,0.818819743926,-0.573906474602,-0.012096787495,0.0,-0.00866022342294,0.00872043124535,-0.999924474453,0.0,0.653506211679,0.250444655627,0.303391674982,1.0,-0.0181,-0.0237885714286,0.906
0.458902927766,0.502215788388,-0.124129504446,-1.42738255796,0.0753637673764,1.92043868204,0.149724182523,-0.010652915752,-0.103354802812,-0.00192344187836,-0.14940162917,-0.00325734893563,0.0543465805992,-0.0233693825158,0.573966134959,0.818864029728,0.0023073012073,0.0,0.81882311653,-0.573903637797,-0.0120027188863,0.0,-0.00850458993831,0.00877859474868,-0.999925301322,0.0,0.653158328971,0.249976225867,0.303491869323,1.0,-0.0185,-0.0243142857143,0.926
0.45872892153,0.50092558365,-0.124124905863,-1.42935314115,0.0752403557981,1.92112610018,0.149450051257,-0.0168576225855,-0.101309865118,0.000951299769148,-0.149239983807,-0.00572702206437,0.0498640475463,-0.0201871901894,0.573952450759,0.818873594843,0.00231664394752,0.0,0.818832691623,-0.573889801431,-0.0120110717153,0.0,-0.00850621490941,0.00879089709834,-0.999925179419,0.0,0.652884403075,0.249650445998,0.303516254376,1.0,-0.01878,-0.0246822857143,0.94
0.458426420026,0.498807804255,-0.124128192775,-1.43258940115,0.0750331992681,1.92230465012,0.148987656844,-0.0127726742267,-0.102046957812,0.000529287708644,-0.154876482006,-0.00707157038113,0.0539618628343,-0.018817262576,0.573928096806,0.818890531327,0.00236311242734,0.0,0.818850267071,-0.573865295103,-0.0119837429547,0.0,-0.00845742825673,0.00881301170666,-0.999925398583,0.0,0.652501761288,0.24916655418,0.303552935955,1.0,-0.01918,-0.025208,0.96
0.458233985499,0.497533925178,-0.124124180299,-1.43459880392,0.0749123983211,1.92306157343,0.148685499281,-0.0151510629478,-0.10101786624,0.000888637732895,-0.15815196439,-0.0146083024631,0.0517612171395,-0.0216046726353,0.573904957921,0.81890669071,0.00238287330225,0.0,0.81886662113,-0.573842013479,-0.011981121248,0.0,-0.00844419011542,0.00882745025107,-0.999925383104,0.0,0.65225437867,0.248853663681,0.303550172606,1.0,-0.01944,-0.0255497142857,0.973
0.457900552938,0.495468023148,-0.124124741753,-1.43793362863,0.0747127949852,1.92420962964,0.148192182618,-0.0128033550972,-0.0980054242592,0.0047746914808,-0.163489350618,-0.00555354939662,0.0526312802196,-0.0274547950686,0.573888905671,0.818918218325,0.00228528885787,0.0,0.818876598222,-0.573826077805,-0.012062181204,0.0,-0.00856674653516,0.00879389084671,-0.999924636329,0.0,0.651824397328,0.248313535596,0.303502099983,1.0,-0.01986,-0.0261017142857,0.994
0.457688774958,0.494189577719,-0.124133899734,-1.44004821158,0.0745863169649,1.9249570067,0.147907524958,-0.018039446903,-0.102537475867,-0.00162349496674,-0.163048595175,-0.00791207475619,0.0606290424235,-0.0205821176043,0.573908208032,0.818904899983,0.00220917156721,0.0,0.81886216815,-0.57384558077,-0.0121138723704,0.0,-0.00865255268933,0.00876142648837,-0.999924182495,0.0,0.65155584138,0.2479666575,0.303451198259,1.0,-0.0257434285714,-0.0338342204082,1.007
0.457279049104,0.490806167944,-0.124240397605,-1.44505787356,0.0743159247917,1.92686818174,0.147156116888,-0.024118420146,-0.19509861925,-8.89796307069e-05,-0.303263948168,-0.0136034823394,0.121583421412,-0.0545019339931,0.573884197927,0.818921038831,0.00245080235024,0.0,0.818881667616,-0.573820786246,-0.011969403337,0.0,-0.00839583652928,0.00887613944249,-0.999925359253,0.0,0.65094872982,0.24717384957,0.303589869215,1.0,-0.0449548571429,-0.0590835265306,1.027
0.456885818795,0.487713428367,-0.124274803215,-1.44997128058,0.0740683672022,1.9287638012,0.146409767075,-0.0349708155457,-0.25638958611,-0.00356600734599,-0.409206084408,-0.0194157607868,0.148890544771,-0.0592272622247,0.573799583025,0.818980078235,0.00253315534753,0.0,0.818941456503,-0.573735509781,-0.0119667263211,0.0,-0.00834730999556,0.0089411806485,-0.999925186054,0.0,0.650328635212,0.246444504264,0.30356673498,1.0,-0.0574422857143,-0.0754955755102,1.04
0.455888290909,0.48099370847,-0.12444632219,-1.46070244622,0.0734310402498,1.93264944937,0.144770579023,-0.0523081936061,-0.351500001235,-0.00856872875747,-0.586306576719,-0.0359143463932,0.199519158765,-0.0888327448476,0.57375534986,0.819011455255,0.00240448934873,0.0,0.81897123195,-0.573691881118,-0.012020552352,0.0,-0.00846569704809,0.00886623452687,-0.999924858106,0.0,0.648968626438,0.244673790282,0.30346504787,1.0,-0.0776142857143,-0.102007346939,1.061
0.45506861771,0.475737793278,-0.124588457157,-1.46905528097,0.0729311463497,1.93550595552,0.143548730348,-0.0672537474376,-0.428545137206,-0.0102857333022,-0.66744090438,-0.0452664100729,0.228537413204,-0.0981377440576,0.57379934864,0.818981234103,0.00218919823147,0.0,0.818938021468,-0.573736599795,-0.0121481665825,0.0,-0.00869326468252,0.00876359646689,-0.999923810361,0.0,0.647875678032,0.243252713184,0.303381900044,1.0,-0.0901017142857,-0.118419395918,1.074
0.453550072069,0.466016950862,-0.124762135244,-1.48392001767,0.0720630265092,1.94093408774,0.141277216994,-0.0799245790072,-0.521455939322,-0.00593819940917,-0.771940104558,-0.0471073811991,0.295266501836,-0.124369496626,0.57378609356,0.818989818166,0.00243792523696,0.0,0.818949678165,-0.573722113222,-0.012046092079,0.0,-0.00846709816043,0.00890858972283,-0.999924469787,0.0,0.645974921752,0.240765957353,0.303497741418,1.0,-0.109313142857,-0.143668702041,1.094
0.452266497845,0.458293360161,-0.124863081121,-1.49596773349,0.0713054649195,1.94524296992,0.139378374935,-0.0969742351754,-0.574699772937,-0.00704041464181,-0.908834591695,-0.0534209932667,0.313433549506,-0.135845521444,0.573714497722,0.819040045162,0.00241379918418,0.0,0.818999447483,-0.573650476686,-0.0120740433021,0.0,-0.00850461165893,0.00890412531872,-0.999924191193,0.0,0.644390133379,0.238727501615,0.303460028427,1.0,-0.122761142857,-0.161343216327,1.108
0.449937743732,0.444923426873,-0.125096437863,-1.51637798042,0.0699114135509,1.95246782979,0.136201689717,-0.119606211437,-0.665512312334,-0.0116461901871,-1.02579272817,-0.0751362350053,0.360247659651,-0.154525775509,0.573739552243,0.819022256403,0.0024933129539,0.0,0.818983542315,-0.573676100145,-0.0119346738891,0.0,-0.00834457014504,0.0088895478797,-0.999925669281,0.0,0.641694791998,0.235129254147,0.303553159644,1.0,-0.142933142857,-0.187854987755,1.129
0.448417535995,0.436548355469,-0.125199042151,-1.52938721389,0.0690814971578,1.95685757429,0.134147589611,-0.129776461548,-0.723167607536,-0.00684438636919,-1.10048509916,-0.0692204549439,0.363119637716,-0.173911499162,0.573728099767,0.819030868269,0.00229156306406,0.0,0.818988818606,-0.573664741502,-0.0121171884746,0.0,-0.00860992823238,0.00882890602846,-0.999923956886,0.0,0.639886188402,0.232840540865,0.303470803287,1.0,-0.15446,-0.203004571429,1.141
0.445346306448,0.420243319365,-0.12540830476,-1.55392740761,0.0674040575756,1.96532163178,0.130051381613,-0.152981349273,-0.803034517669,-0.0114641859524,-1.21431631674,-0.084360165617,0.409190336479,-0.208796829009,0.573634688097,0.819095851012,0.00244507004455,0.0,0.819055886296,-0.573570784703,-0.0120314986876,0.0,-0.00845269265287,0.00890450544871,-0.999924628044,0.0,0.636498225275,0.228401462471,0.303626830988,1.0,-0.174632,-0.229516342857,1.162
0.443190897328,0.409264406251,-0.125552401669,-1.57015108787,0.0662271120595,1.97116096136,0.127347262362,-0.167358732865,-0.87431275312,-0.00323764355476,-1.2827705829,-0.0938144075837,0.445953417196,-0.212186065963,0.573637205318,0.819092673982,0.00288010502077,0.0,0.819059430686,-0.573572826574,-0.0116879648357,0.0,-0.00792172891088,0.00906380316911,-0.999927544217,0.0,0.634285984401,0.22540440709,0.303849195443,1.0,-0.187119428571,-0.245928391837,1.175
0.439437143364,0.391279058784,-0.125776974336,-1.59695140055,0.0644401996575,1.98031351765,0.122769420283,-0.190441819552,-0.924791744398,-0.00821335495611,-1.38713611311,-0.0966629318173,0.474274092535,-0.2338703935,0.573703288587,0.819045283474,0.00317917991034,0.0,0.819015197862,-0.573637050736,-0.011635574569,0.0,-0.00770651545805,0.00927934271426,-0.999927249063,0.0,0.630456044676,0.220356796727,0.304007762249,1.0,-0.206330857143,-0.271177697959,1.195
0.436717297597,0.378847959755,-0.125931992442,-1.61547847906,0.0629890528643,1.9865345953,0.119444132011,-0.216171523751,-0.989942107556,-0.0187033325538,-1.43860920191,-0.117088069015,0.50024104785,-0.259549634529,0.573615220999,0.819106921451,0.00319004239809,0.0,0.819077779872,-0.573549930693,-0.0115245140527,0.0,-0.00761030715258,0.00922370710531,-0.99992850067,0.0,0.627747468488,0.21677094971,0.30405923042,1.0,-0.218818285714,-0.287589746939,1.208
0.432057031197,0.35856666841,-0.126174394169,-1.64543276855,0.0607158809974,1.99648933532,0.114071369597,-0.243189574122,-1.05146455578,-0.0163347095408,-1.53679214277,-0.124161340483,0.509082575491,-0.273514909784,0.573649923038,0.819082011172,0.00334240541816,0.0,0.8190552099,-0.573584628649,-0.011401044451,0.0,-0.00742138093243,0.00927800147352,-0.999929418406,0.0,0.623269752702,0.210861898872,0.304170924845,1.0,-0.238029714286,-0.312839053061,1.228
0.428375462466,0.343702625602,-0.126392596907,-1.66740277374,0.0590731233968,2.00355339364,0.109892020467,-0.268569141856,-1.11156932005,-0.0276875978866,-1.55559349573,-0.11426664575,0.533079269745,-0.301258890969,0.573688400758,0.819055309165,0.00328119872972,0.0,0.819027271708,-0.573622729368,-0.0114908421408,0.0,-0.0075296100596,0.00927973275827,-0.999928593217,0.0,0.619893551108,0.206365275237,0.304159393082,1.0,-0.251477714286,-0.330513567347,1.242
0.422401489586,0.320175505631,-0.126635688776,-1.70180842261,0.0563136842579,2.01459973308,0.103215474748,-0.293846061762,-1.15836655638,-0.00756373551839,-1.68650856869,-0.1414695142,0.518037593608,-0.324311312143,0.573590981643,0.819123360999,0.00332447680498,0.0,0.819096028788,-0.573525374158,-0.011449354657,0.0,-0.00747190592178,0.00929049119637,-0.999928926172,0.0,0.614458848504,0.199295823734,0.304183740234,1.0,-0.271649714286,-0.357025338775,1.263
0.418341036957,0.304950950795,-0.126796320014,-1.72385022095,0.0545344759458,2.02156711828,0.098721051769,-0.313208103883,-1.20124723241,-0.0151597302014,-1.73237983153,-0.137454672811,0.546043131462,-0.36213175052,0.573488695119,0.819194635213,0.00340780151319,0.0,0.819168234798,-0.573422675969,-0.0114273655807,0.0,-0.00740726852832,0.00934520764982,-0.999928897206,0.0,0.6108900335,0.194662271462,0.304211261054,1.0,-0.284137142857,-0.373437387755,1.276
0.411111209373,0.279296663768,-0.127094648542,-1.76075261655,0.051410843639,2.03272196413,0.0910441842266,-0.359113906305,-1.23836731014,-0.01233086824,-1.80750590852,-0.152595979466,0.520519582843,-0.376135135489,0.573421613488,0.819242280222,0.00323826846416,0.0,0.81921327612,-0.573355606418,-0.0115630324589,0.0,-0.00761639233805,0.0092835039831,-0.999927900962,0.0,0.604704010885,0.186670248507,0.304180641269,1.0,-0.304309142857,-0.399949159184,1.297
0.406563716599,0.264015789567,-0.127292786415,-1.78227964413,0.0495804074079,2.03920128465,0.0863048634054,-0.383660220161,-1.28011574652,-0.0185201048376,-1.79722394627,-0.150662651314,0.531214861508,-0.399112552588,0.573400060137,0.819256714933,0.00339896654363,0.0,0.81922962196,-0.57333335148,-0.0115083224557,0.0,-0.00747967357635,0.00938358752793,-0.999927998792,0.0,0.601043523937,0.181854730664,0.304276653037,1.0,-0.315836,-0.415098742857,1.309
0.397810782527,0.236523514838,-0.127767905615,-1.82082012701,0.0460769444601,2.05050867327,0.0775539315638,-0.426282418081,-1.32719436518,-0.0226052668539,-1.8326859947,-0.158170774219,0.52848409193,-0.427896945928,0.573552378948,0.81914979791,0.0034675766975,0.0,0.819124211601,-0.573486233426,-0.0113935482358,0.0,-0.00734455664096,0.00937535322842,-0.999929077605,0.0,0.594345844448,0.1728728444,0.304349020931,1.0,-0.336008,-0.441610514286,1.33
0.39200135118,0.218910328043,-0.127948769264,-1.84526455315,0.0438600570237,2.05751632458,0.0716793815481,-0.467040158399,-1.34092050571,-0.0102825783593,-1.86572681305,-0.174851723616,0.518858730228,-0.46583740206,0.573431251854,0.819234114038,0.00357948245068,0.0,0.819209591165,-0.573364316378,-0.0113909327022,0.0,-0.00727963330752,0.00946444537411,-0.999928713065,0.0,0.589940001692,0.167176355361,0.3043783923,1.0,-0.348495428571,-0.458022563265,1.343
0.382263476734,0.190889299309,-0.128388218093,-1.88360944475,0.0401401318581,2.06813652091,0.0620699599291,-0.505230900429,-1.40978613562,-0.0246713602252,-1.940062277,-0.188612357258,0.547542320967,-0.509559861968,0.573348562693,0.819291511219,0.00368676069021,0.0,0.819268837129,-0.573281960917,-0.0112744266715,0.0,-0.00712362581979,0.00948480708268,-0.99992964372,0.0,0.582859596236,0.157886854629,0.304455377,1.0,-0.367706857143,-0.483271869388,1.363
0.37526531035,0.172162077421,-0.1288103972,-1.90893457187,0.0376920798691,2.07482843647,0.0553937117749,-0.539194869047,-1.45541131128,-0.0257881053215,-1.96036013328,-0.187197156246,0.530484119746,-0.518473223429,0.573521977235,0.819169963482,0.00372282925156,0.0,0.819147402052,-0.573454787305,-0.0113087368615,0.0,-0.00712904056137,0.00953553862322,-0.99992912263,0.0,0.578067316015,0.151446208285,0.304489227384,1.0,-0.380194285714,-0.499683918367,1.376
0.36375636517,0.14267271874,-0.129325105398,-1.94849887138,0.0335536672032,2.08483034051,0.0444625762898,-0.598990506244,-1.48331586566,-0.0245378758781,-1.9808893607,-0.221414270137,0.479038319482,-0.556116969621,0.57348922635,0.819193784329,0.00352106203974,0.0,0.819168585761,-0.573422549477,-0.0114085386663,0.0,-0.00732688865733,0.00942719892779,-0.999928719771,0.0,0.57029823223,0.141273892443,0.304435234669,1.0,-0.399405714286,-0.52493322449,1.396
0.354986352016,0.121370203824,-0.129767267505,-1.97638863679,0.0305852260478,2.09168768388,0.0362428938645,-0.644106705906,-1.53204594799,-0.0378394231924,-1.99053502213,-0.21738437848,0.482652785,-0.603726430598,0.573534582551,0.819161392911,0.00366631752168,0.0,0.819138232585,-0.573467713465,-0.0113174393206,0.0,-0.0071684326466,0.00949434648669,-0.999929232975,0.0,0.564700836353,0.133832667992,0.304526521544,1.0,-0.412853714286,-0.542607738775,1.41
