position_joint1,position_joint2,position_joint3,position_joint4,position_joint5,position_joint6,position_joint7,velocity_joint1,velocity_joint2,velocity_joint3,velocity_joint4,velocity_joint5,velocity_joint6,velocity_joint7,ee_T_00,ee_T_10,ee_T_20,ee_T_30,ee_T_01,ee_T_11,ee_T_21,ee_T_31,ee_T_02,ee_T_12,ee_T_22,ee_T_32,ee_T_03,ee_T_13,ee_T_23,ee_T_33,v_x,v_y,time
0.465051383658,0.547791688096,-0.123985363939,-1.35584794749,0.0795983728594,1.89409826759,0.159150121804,-0.000648393437892,0.00172561785337,0.000978876184711,0.000235787340307,-0.000242443573704,-0.000350619949104,-0.00149443214913,0.573841269147,0.818952404106,0.00197598942892,0.0,0.818908655014,-0.573781663806,-0.0119984967639,0.0,-0.00869257862736,0.00850355117614,-0.999926061614,0.0,0.66167248637,0.260891417774,0.303199706301,1.0,0.0,0.0,0.0
0.465052015574,0.547789113119,-0.123988174245,-1.35584795839,0.0795984911307,1.89410060164,0.159150121798,5.08605829287e-06,-0.00090532461401,-0.000768212747643,-0.000135933877126,-0.000158421516008,0.000357603696406,-0.000655904410647,0.573842758897,0.818951351735,0.00197950844486,0.0,0.818907665537,-0.573783155052,-0.0119947156979,0.0,-0.00868744729378,0.00850427912145,-0.999926100017,0.0,0.661673492237,0.260890420742,0.303201821194,1.0,-0.00016,-0.000210285714286,0.009
0.465048538936,0.547795295343,-0.123990771274,-1.35584791737,0.0795999020029,1.89409710057,0.159157203075,-0.000788787896692,0.00481112553456,-0.00112445298194,0.000145887387318,0.000313384750943,-0.000466228722464,0.00121428664044,0.573853577289,0.818943790896,0.00197131604925,0.0,0.818899993488,-0.573794002654,-0.0119995868593,0.0,-0.00869602525076,0.00850048020565,-0.999926057757,0.0,0.661674062549,0.260886529879,0.303197245731,1.0,-0.00044,-0.000578285714286,0.023
0.465045750035,0.54776337694,-0.123988325237,-1.35586858319,0.0795984888967,1.89410115638,0.159155569663,-0.00137762744385,3.05742992668e-06,-0.000941723584368,-0.00099964723764,3.59022344015e-05,-7.93623744778e-05,-0.00728842668159,0.573853540592,0.818943782282,0.00198552572831,0.0,0.818900156479,-0.57379389216,-0.0119937458123,0.0,-0.00868308820002,0.00850876464907,-0.999926099721,0.0,0.661671225933,0.260884116277,0.303210289787,1.0,-0.00084,-0.001104,0.043
0.465053450741,0.547703393956,-0.123988553111,-1.35592502088,0.0795961044115,1.89410594831,0.159156515247,0.000946616347047,-0.00417733661839,0.000391453986706,-0.00407845531629,0.000334903239707,-7.19127447258e-05,0.00121398181975,0.573850544384,0.818945860336,0.001994354296,0.0,0.818902321514,-0.573790831296,-0.0119923576354,0.0,-0.00867691648934,0.0085151662638,-0.999926098801,0.0,0.661659008193,0.260883109445,0.303226339678,1.0,-0.00112,-0.001472,0.057
0.465049535228,0.547554480698,-0.12398604717,-1.3561329727,0.0795941759953,1.89414659747,0.15914323293,0.000298371775943,-0.00760306613197,0.00658232623261,-0.012031595833,-0.000120579778899,0.00127908234003,-0.0015763099728,0.573851985783,0.818944868529,0.0019868627659,0.0,0.81890107134,-0.573792146853,-0.0120147605051,0.0,-0.00869954770358,0.00852190229519,-0.999925844776,0.0,0.661623926027,0.260861684858,0.303236296742,1.0,-0.00152,-0.00199771428571,0.077
0.465035014118,0.547421372614,-0.123988552788,-1.35629725437,0.0795923657535,1.89418777417,0.159141276541,-0.00264985175744,-0.00727617828365,0.00106747648485,-0.00882690073563,-0.00100608379249,0.0043152097217,0.00156411058429,0.573872566463,0.818930413546,0.00200053272773,0.0,0.818886710197,-0.573812583769,-0.0120175485266,0.0,-0.00869377251333,0.00853491540317,-0.999925784015,0.0,0.661602453492,0.260835379774,0.303256049764,1.0,-0.0018,-0.00236571428571,0.091
0.465014818875,0.547201408966,-0.123986082226,-1.35654968979,0.0795877331505,1.89434992221,0.159128548765,-0.00183957331947,-0.0128088364747,0.000757693141483,-0.0147305264585,0.000187690535262,0.00212183541987,-0.00352173494386,0.573890247345,0.818917733323,0.00211588091967,0.0,0.818875533426,-0.573829777478,-0.011958015575,0.0,-0.00857864069787,0.00859539712091,-0.999926260317,0.0,0.66158769143,0.260806655989,0.303305699368,1.0,-0.0022,-0.00289142857143,0.111
0.4650012102,0.547055438998,-0.123987030669,-1.35671721817,0.0795854828971,1.89444014806,0.159119781234,-0.00120572855128,-0.0172154709446,0.000472022365663,-0.0145618056077,-0.000923370525918,0.00826153232342,-0.00276820395119,0.573911288193,0.818902826517,0.00217736271091,0.0,0.818861385815,-0.573850521348,-0.0119313398889,0.0,-0.00852129129358,0.00863065505924,-0.999926446989,0.0,0.661572769573,0.260781473466,0.303335386394,1.0,-0.00246,-0.00323314285714,0.124
0.464960079307,0.546782478888,-0.123986840391,-1.35712199048,0.0795803221824,1.89459363911,0.159101311623,0.00034158078888,-0.0178599543208,0.000414366563798,-0.0194124323595,0.000447339442159,0.00661362383953,0.000340905129011,0.57394351318,0.818880162179,0.00220693670229,0.0,0.818838965543,-0.573882478767,-0.0119329784209,0.0,-0.00850532075315,0.00865614798158,-0.999926362599,0.0,0.661530958849,0.260722932256,0.303351196736,1.0,-0.00286,-0.00375885714286,0.144
0.46493353942,0.546583811158,-0.12398665496,-1.35742117193,0.0795741907799,1.89470104496,0.159055587391,-0.000568000125613,-0.0159179862587,-0.00577756809236,-0.0243832090053,-0.000133656976185,0.0134463819841,-0.00305814725091,0.573942765568,0.81888065165,0.00221970866898,0.0,0.818839508202,-0.573881564095,-0.0119397277811,0.0,-0.00850352590235,0.00867047247114,-0.999926253758,0.0,0.661496198261,0.260678877092,0.303358803062,1.0,-0.00312,-0.00410057142857,0.157
0.464883364481,0.546244135734,-0.123989243311,-1.35794897364,0.0795582933152,1.89489833752,0.15891367687,-0.00329384389361,-0.0209586788683,0.000169118555734,-0.0246386171396,3.58636983208e-05,0.00697357978184,-0.00698042788577,0.573894795921,0.818914225795,0.00223627062889,0.0,0.818873162271,-0.573833394563,-0.0119468112183,0.0,-0.00850033055113,0.00868760205087,-0.999926132247,0.0,0.661437938394,0.260596816576,0.303365315339,1.0,-0.00352,-0.00462628571429,0.177
0.464841953712,0.545990996247,-0.123989242459,-1.35837555878,0.0795472691558,1.89504839597,0.158905955804,-0.000364168864643,-0.0182713130145,-0.000275725848851,-0.032952380911,0.000112444585443,0.00938890865766,-0.00477995361643,0.573943313703,0.818880257295,0.00222345893692,0.0,0.818838881795,-0.573881810468,-0.0119708051919,0.0,-0.00852681756298,0.00869138556524,-0.999925873852,0.0,0.66138801305,0.260530510532,0.303354528854,1.0,-0.0038,-0.00499428571429,0.191
0.46477022575,0.545591580923,-0.123987539006,-1.35906307356,0.0795106791397,1.89528102592,0.158816038348,-0.00459540283067,-0.0196376607393,0.000953515295972,-0.0401091010854,-0.00468260090117,0.0123139250586,-0.00995458646198,0.573955890492,0.818871562341,0.00217877477411,0.0,0.818829506478,-0.573894471085,-0.0120050938975,0.0,-0.00858040839874,0.00867460644444,-0.999925561127,0.0,0.661307377381,0.260417549303,0.303330162418,1.0,-0.0042,-0.00552,0.211
0.464723000728,0.54529808464,-0.123986400274,-1.35958375858,0.0794556807336,1.89544649431,0.158745088724,-0.00335739289124,-0.0225339632753,0.00168972487638,-0.0400735319525,-0.00489071423597,0.0201772950712,-0.00971526572406,0.573950035557,0.818875837738,0.00211328057886,0.0,0.818833081421,-0.573889046011,-0.0120205881795,0.0,-0.00863074680888,0.00862980721188,-0.999925515545,0.0,0.661243587845,0.260331342441,0.303304340445,1.0,-0.00446,-0.00586171428571,0.224
0.464638926188,0.544782935964,-0.123997286707,-1.3604508745,0.0794090187329,1.89573415076,0.15865122262,-0.00110122764755,-0.026298610714,-0.00220099368119,-0.0437404601679,-0.00470168845045,0.0120890605672,-0.00808784769037,0.573985497345,0.818851120736,0.00205859370956,0.0,0.818807593037,-0.573924678314,-0.0120555426604,0.0,-0.00869038420286,0.00860546449194,-0.999925208805,0.0,0.66114219313,0.260185242503,0.303281523123,1.0,-0.00488,-0.00641371428571,0.245
0.464587258333,0.544460848344,-0.123992440708,-1.36100603117,0.0793899453985,1.89593670874,0.158580672557,-0.00247597688531,-0.023359432006,-0.000383423470276,-0.0431908305571,-0.000842839657081,0.0205253930165,-0.00537051509915,0.57399259758,0.818846188524,0.00204067720735,0.0,0.818802255133,-0.573931685075,-0.0120844841467,0.0,-0.00872429244516,0.00860748126584,-0.999924896174,0.0,0.66107679474,0.260102875612,0.30326264498,1.0,-0.00514,-0.00675542857143,0.258
0.464510777903,0.543834775752,-0.124000924614,-1.36200899427,0.07934848451,1.89629569006,0.158440961206,-0.00161902162563,-0.0324642658877,-0.00129526408243,-0.0490199705492,-0.0041191968686,0.0260972904941,-0.00410367552749,0.573991608121,0.818846899712,0.00203360272832,0.0,0.818802711778,-0.573930566676,-0.0121066395623,0.0,-0.00874650590261,0.00861439479374,-0.999924642579,0.0,0.660958251355,0.259954218673,0.303259685235,1.0,-0.00556,-0.00730742857143,0.279
0.464450073151,0.543436112562,-0.123993842322,-1.36264653756,0.0793127383026,1.89651739094,0.158383434478,-0.00240401859609,-0.0288529175594,0.000272758532528,-0.0502256248308,-0.00491107456538,0.0210299874151,-0.00242308684287,0.574015170985,0.818830411017,0.00202197305719,0.0,0.818785983604,-0.573954091332,-0.012122747133,0.0,-0.00876612308383,0.00861436982009,-0.999924471007,0.0,0.660882335966,0.259857013681,0.303257257502,1.0,-0.00582,-0.00764914285714,0.292
0.464365794748,0.542742685271,-0.12400424991,-1.36374742339,0.0792544611178,1.89691471562,0.15823789889,-0.00697417111549,-0.033420726769,0.000384231341417,-0.0529847407763,-0.00587087055405,0.0178068315824,-0.00243602154955,0.574018011626,0.818828436916,0.0020149760599,0.0,0.818783868717,-0.573956913924,-0.0121319490817,0.0,-0.00877764445919,0.008613953028,-0.999924373526,0.0,0.660753769005,0.25969124233,0.30325855125,1.0,-0.00624,-0.00820114285714,0.313
0.464311154591,0.542318428264,-0.124002027657,-1.36439004343,0.0792128006882,1.89714648374,0.158151681649,-0.00264239919208,-0.0303732290026,-0.000523367590416,-0.0542168630468,-0.00072171312361,0.0172428524486,-0.00288350314266,0.574015162804,0.818830407429,0.00202574475362,0.0,0.818785983288,-0.573954021357,-0.0121260809785,0.0,-0.00876668826649,0.00861937170665,-0.999924422948,0.0,0.660679046614,0.259594704239,0.303272729468,1.0,-0.00648,-0.00851657142857,0.325
0.46420824973,0.541581031616,-0.124006875667,-1.36551642979,0.0791499342246,1.89755954224,0.15799254622,-0.00505418288193,-0.0335491445937,-0.00037508629081,-0.0579996506501,-0.00210298314909,0.015267656203,-0.00825288978553,0.574018279748,0.818828166488,0.00204821445064,0.0,0.818784001962,-0.573957005928,-0.0121185963911,0.0,-0.0087476294487,0.00863350729992,-0.999924467913,0.0,0.660552379878,0.259417744295,0.303293970012,1.0,-0.00688,-0.00904228571429,0.345
0.464138333657,0.541036486104,-0.124002008864,-1.36635787756,0.079101475268,1.89787876635,0.15788835887,-0.00400055772064,-0.0479688727492,0.000245422274241,-0.0623576058885,-0.0081861991781,0.0225217112343,-0.00898473402533,0.574020617634,0.818826474924,0.00206915348464,0.0,0.818782544754,-0.573959213354,-0.0121125023836,0.0,-0.00873059601393,0.00864717933996,-0.999924498641,0.0,0.660455903043,0.259295470461,0.303305939503,1.0,-0.00716,-0.00941028571429,0.359
0.464015877554,0.540203949733,-0.124005225037,-1.36762936559,0.0790270762339,1.89834176723,0.157728116792,-0.00733962214752,-0.0432729944731,-0.000793490703829,-0.0682954924224,-0.00651524899829,0.0255439203921,-0.00595936364856,0.574042462669,0.818811106401,0.00209045168962,0.0,0.818767432867,-0.573980941617,-0.0121043974346,0.0,-0.00871150335,0.00866019861162,-0.999924552489,0.0,0.660313116196,0.259092116316,0.303329408119,1.0,-0.00756,-0.009936,0.379
0.46392513735,0.539503324329,-0.124005643722,-1.36870822767,0.0789655666714,1.89875034998,0.157602496078,-0.00358020945994,-0.0389478138305,0.000548181749703,-0.06569750431,-0.00145763276291,0.0223119712576,-0.00927867659536,0.574057534987,0.81880046995,0.00211750680421,0.0,0.818757127941,-0.573995873302,-0.0120933774995,0.0,-0.00868679026016,0.00867618530987,-0.999924628901,0.0,0.66019069288,0.258930864748,0.303346406738,1.0,-0.00788,-0.0103565714286,0.395
0.463803510704,0.538710662254,-0.124011614225,-1.3699422002,0.0788937034844,1.89922592811,0.157450052251,-0.0104368079757,-0.0390253705862,0.000969187906947,-0.0674563127692,-0.00149156522038,0.0232869763105,-0.00572723569238,0.574085632228,0.818780697693,0.00214542660447,0.0,0.81873774713,-0.574023874039,-0.0120764381552,0.0,-0.00865659503367,0.00868961868025,-0.999924774115,0.0,0.66005779354,0.258731679351,0.303360470051,1.0,-0.00824,-0.0108297142857,0.413
0.463696975512,0.537966947098,-0.124023317772,-1.37110212259,0.0788261138854,1.89967380783,0.157303079929,-0.00869145226373,-0.044244184144,-0.00331071396277,-0.0690569697395,-0.0119603357277,0.0308141371972,-0.00404831904599,0.574106834723,0.818765767279,0.00216969083417,0.0,0.818723189209,-0.574045026634,-0.0120579330282,0.0,-0.00862728865697,0.00869908544782,-0.999924945085,0.0,0.659932132511,0.25854610192,0.303372859868,1.0,-0.00856,-0.0112502857143,0.429
0.46359360862,0.537162890594,-0.124029709173,-1.37236478927,0.0787495356058,1.90014619224,0.157153700213,-0.00635817570473,-0.0479250283758,-0.0016228129145,-0.0753346730881,-0.000854138128352,0.0227709839946,-0.000605947589484,0.574122814121,0.818754538481,0.00217874348359,0.0,0.818712109066,-0.574060996471,-0.0120499668291,0.0,-0.00861539924779,0.00870209208082,-0.999925021434,0.0,0.659787349743,0.258354517197,0.303380768478,1.0,-0.0089,-0.0116971428571,0.446
0.463487759247,0.53636075573,-0.124030022357,-1.37360870709,0.0786829806006,1.9006143915,0.156992336963,-0.00258412536747,-0.0419182287959,-0.000109508628101,-0.0810064119957,-0.00132693698254,0.0270619491205,-0.0040627284156,0.574130017253,0.818749433391,0.00219897987113,0.0,0.818707191213,-0.574068035564,-0.012048755182,0.0,-0.00860271305233,0.00871804050363,-0.999924991736,0.0,0.659634008892,0.258160511243,0.303389960074,1.0,-0.00924,-0.012144,0.463
0.463366974196,0.535430029991,-0.124037167188,-1.37508334662,0.0785940479114,1.90114195051,0.156817314113,-0.00661234234405,-0.0555848282428,0.00152343326696,-0.0898704331114,-0.012868963441,0.0227699320896,-0.00803183514931,0.574146044772,0.818738219707,0.00218946676845,0.0,0.818695844781,-0.574084092458,-0.0120546848263,0.0,-0.00861285897534,0.00871382472777,-0.999924941143,0.0,0.659469566528,0.257943138728,0.303396468333,1.0,-0.00958,-0.0125908571429,0.48
0.463261652246,0.53459736297,-0.124045800487,-1.3764286071,0.0785259478719,1.90163473418,0.156652031572,-0.00839390603265,-0.0494883986212,-0.00169788055563,-0.087735471458,-0.00430507301035,0.0405628636151,-0.00838606767951,0.574158647907,0.818729415634,0.00217667414355,0.0,0.818686768343,-0.574096641735,-0.0120734497522,0.0,-0.0086354334032,0.00871425768208,-0.99992474267,0.0,0.659310067685,0.25774232515,0.303386666717,1.0,-0.0099,-0.0130114285714,0.496
0.463129969804,0.533681347294,-0.124037871114,-1.37791774804,0.0784425715031,1.90216914555,0.156466762072,-0.00828101281534,-0.0575804793016,0.00157890130261,-0.0841117896206,-0.00820705471005,0.0247199371181,-0.00797079368277,0.574168383154,0.818722663049,0.00214841723778,0.0,0.818679495236,-0.574106344234,-0.0121052257957,0.0,-0.00867756980409,0.00870947074691,-0.999924419595,0.0,0.659131114858,0.257518146169,0.30337006757,1.0,-0.01024,-0.0134582857143,0.513
0.463024132056,0.532914132599,-0.12404038945,-1.37916688022,0.0783750781783,1.902643717,0.156314850523,-0.00397345370825,-0.057267156396,8.65243411127e-05,-0.0909033104744,-0.00424507018771,0.0328075197319,-0.00872612097449,0.57418281767,0.818712551391,0.00214405892048,0.0,0.818669263646,-0.574120732502,-0.0121147915618,0.0,-0.00868775049728,0.00871154801637,-0.999924313097,0.0,0.65898669694,0.257329988578,0.303357768281,1.0,-0.01052,-0.0138262857143,0.527
0.462876348763,0.531763041797,-0.124040730932,-1.38100338167,0.0782705489739,1.9033227873,0.156084646742,-0.00874367594782,-0.058363519245,0.00055861523656,-0.0906505014821,-0.00637355985514,0.0366651975026,-0.0123153874349,0.574187841384,0.818709036384,0.00214089960233,0.0,0.81866562109,-0.57412568278,-0.0121263398727,0.0,-0.00869896606814,0.00871564562121,-0.999924179881,0.0,0.65876827647,0.25705868314,0.3033539883,1.0,-0.01092,-0.014352,0.547
0.462770910055,0.531001658604,-0.124043309991,-1.38222691871,0.0782037761406,1.90376134113,0.155922261293,-0.00453905141598,-0.0644423410252,0.00312714799703,-0.0926061160818,-0.00517208646154,0.0357258411454,-0.00736857142062,0.574191744198,0.818706343496,0.00212389133169,0.0,0.818662609002,-0.574129562235,-0.012145998953,0.0,-0.00872478556958,0.00871305049592,-0.999923977544,0.0,0.65862168874,0.25687143804,0.303346304092,1.0,-0.01118,-0.0146937142857,0.56
0.46260168086,0.529728902527,-0.12404886278,-1.38427508197,0.0780734962389,1.90449595169,0.155655281711,-0.00558043695039,-0.0591210471506,0.00048825138399,-0.100534449817,-0.00849903945578,0.0379877016849,-0.0091542967249,0.574191892287,0.818706342855,0.00208372290361,0.0,0.818662093577,-0.574129897106,-0.0121648958168,0.0,-0.00876331847016,0.00869101683223,-0.999923832337,0.0,0.658375202325,0.256559134503,0.30333195069,1.0,-0.0116,-0.0152457142857,0.581
0.462500493772,0.528910548857,-0.124049183054,-1.38553679665,0.0779916285332,1.90496622482,0.155477476777,-0.00352485547167,-0.0636411696739,-2.59028464776e-05,-0.0968694344139,-0.00482354122719,0.0315843112835,-0.0190582187596,0.574175834656,0.818717553864,0.00210351937285,0.0,0.818673606455,-0.574113797194,-0.0121499328096,0.0,-0.00873987204448,0.00869846107552,-0.999923972816,0.0,0.658226048835,0.256371978146,0.303348500127,1.0,-0.01186,-0.0155874285714,0.594
0.46232430339,0.527528688288,-0.124052379841,-1.38766745225,0.0778570350502,1.90580045826,0.155178532312,-0.00712733715978,-0.0703836167333,-0.000933045915901,-0.0991192761968,-0.0057149280703,0.0398207751305,-0.0149160660468,0.574155621069,0.818731583364,0.00215965215934,0.0,0.818688447477,-0.574093420008,-0.0121127194742,0.0,-0.00867739096647,0.00872283618761,-0.999924304643,0.0,0.657993178327,0.256068377348,0.303373644479,1.0,-0.01226,-0.0161131428571,0.614
0.462208676093,0.526647431829,-0.124050025362,-1.38903939227,0.0777741206236,1.90631372461,0.154994067648,-0.00421035504142,-0.0694601123568,0.000394869221799,-0.105974996281,-0.00448641971143,0.0397332744872,-0.0132135786405,0.574150865757,0.818734837181,0.00219012289212,0.0,0.818692116129,-0.574088551375,-0.0120954978964,0.0,-0.00864584748175,0.00873784516474,-0.999924446837,0.0,0.657820953936,0.255849626496,0.303391212722,1.0,-0.01254,-0.0164811428571,0.628
0.462022176994,0.525259011072,-0.124058412633,-1.39118981641,0.0776375273475,1.90709069969,0.154704743062,-0.00895456651173,-0.0645165864506,-0.00190557549516,-0.107878052372,-0.00591819490879,0.0360132467274,-0.0193125813359,0.574151589801,0.818734307943,0.0021981419018,0.0,0.818691733907,-0.57408928386,-0.012086599641,0.0,-0.00863395031253,0.00873930926291,-0.99992453684,0.0,0.657564935874,0.255515701945,0.303412022018,1.0,-0.01294,-0.0170068571429,0.648
0.461900128926,0.524350167903,-0.124053872253,-1.39263243378,0.0775533689463,1.90761003744,0.154504408165,-0.0120962354695,-0.0702434310508,0.000696744227879,-0.110549125209,-0.00557498753946,0.036658791456,-0.0170787163167,0.574139158826,0.818743050232,0.00218881251236,0.0,0.818700253939,-0.574076792836,-0.0121027694837,0.0,-0.00865267852698,0.00874082353846,-0.999924361719,0.0,0.657388247904,0.255300428922,0.30340939981,1.0,-0.0132,-0.0173485714286,0.661
0.461717376498,0.52294774646,-0.124060126808,-1.39488764331,0.0774121251709,1.90845432849,0.154210962984,-0.00891424250966,-0.0737880949697,0.00118857265132,-0.116529171899,-0.00828226775769,0.0374440396197,-0.0147061880253,0.574136048316,0.818745266793,0.00217555287557,0.0,0.818702338681,-0.574073781394,-0.0121045881861,0.0,-0.00866181318472,0.00873097875323,-0.999924368641,0.0,0.657118823404,0.254961836282,0.303395277897,1.0,-0.0136,-0.0178742857143,0.681
0.461577618787,0.521921290439,-0.124065256478,-1.39649137423,0.0773129050544,1.90908342927,0.153992307345,-0.010348190803,-0.0759716301247,0.00113072814475,-0.117810828168,-0.00336942654345,0.0449366081056,-0.0102675621195,0.574134428982,0.818746294962,0.00221559127303,0.0,0.818703965959,-0.574072068499,-0.0120757274214,0.0,-0.00861521388976,0.00874717263998,-0.99992462969,0.0,0.656935790587,0.254716757114,0.303407947006,1.0,-0.01388,-0.0182422857143,0.695
0.461379819249,0.520441703875,-0.124071236833,-1.39886525059,0.0771703377453,1.90996623651,0.153672685516,-0.00610625012339,-0.0730261449794,-0.000225741631659,-0.120155776324,-0.0119587078874,0.0448890304599,-0.016199424788,0.574127359098,0.818751284964,0.00220358932136,0.0,0.818708773089,-0.574065023992,-0.0120847009775,0.0,-0.00862952704224,0.00874242368613,-0.999924547799,0.0,0.656650396029,0.254357860806,0.303394109498,1.0,-0.01428,-0.018768,0.715
0.461254177167,0.519428922352,-0.124069450571,-1.40043794149,0.0770647931753,1.91052779719,0.15345026626,-0.00755895374888,-0.0787690702396,0.000269201915371,-0.120503127497,-0.00560121538216,0.0399970348654,-0.0131929683235,0.574101908871,0.818769138052,0.0022008420454,0.0,0.818726615001,-0.57403961376,-0.0120829890671,0.0,-0.00862997417963,0.00873892329765,-0.999924574538,0.0,0.656454912883,0.254124118924,0.303405264479,1.0,-0.01454,-0.0191097142857,0.728
0.461036062239,0.517758115375,-0.124080808431,-1.40304551716,0.0768995195483,1.9114688459,0.153103707772,-0.0115422963633,-0.0814194086389,-0.00146906126608,-0.12704536777,-0.00730309057646,0.0502417277585,-0.023225162757,0.574098479082,0.818771548653,0.00219871178634,0.0,0.818729035341,-0.574036231501,-0.0120796736564,0.0,-0.00862851900462,0.0087352396342,-0.999924619283,0.0,0.656136831839,0.253723966649,0.303418691988,1.0,-0.01496,-0.0196617142857,0.749
0.46089351416,0.516725909205,-0.124081224931,-1.404676764,0.0768006146271,1.91206042626,0.152875027856,-0.0128761511626,-0.0773518357863,-0.000159087169339,-0.128243409893,-0.00984090816558,0.0489087879623,-0.0181123160118,0.57408789137,0.818778988942,0.00219252145967,0.0,0.81873634431,-0.574025620451,-0.012088526471,0.0,-0.00863943432636,0.00873514185477,-0.999924525887,0.0,0.655937261793,0.253474321619,0.303417699879,1.0,-0.01522,-0.0200034285714,0.762
0.460675211124,0.51511293312,-0.124084054505,-1.40723813723,0.0766263043488,1.91303179979,0.152521850399,-0.00845597025504,-0.0788329512311,0.0011604271243,-0.127431512068,-0.0124293219918,0.0472437129486,-0.014809000411,0.574067725152,0.818793110276,0.00219918281178,0.0,0.818750718313,-0.574005596179,-0.0120658077916,0.0,-0.00861722295697,0.00872734136627,-0.999924785662,0.0,0.655631376807,0.253084452153,0.303413931728,1.0,-0.01562,-0.0205291428571,0.782
0.460522319175,0.513966007715,-0.124087675797,-1.4091056364,0.0765197077394,1.9136806089,0.152273974552,-0.00680276205502,-0.0815772746926,-0.00195840247905,-0.131538957549,-0.00354904559505,0.0482757191368,-0.0251271358594,0.574061944385,0.818797316159,0.00214148555375,0.0,0.818754009262,-0.573999900422,-0.0121133618007,0.0,-0.00868934293423,0.00870733755447,-0.999924335934,0.0,0.655392638148,0.252802382583,0.303385389443,1.0,-0.0159,-0.0208971428571,0.796
0.460284587319,0.512309532537,-0.124093660562,-1.41178345318,0.0763566852188,1.91462170957,0.15189156231,-0.0135472498454,-0.0837867438147,0.00137983820266,-0.134756304754,-0.00794951597777,0.0513817097362,-0.0131796771304,0.574044042356,0.818810044568,0.00207249883239,0.0,0.818765715692,-0.573982182355,-0.0121615808069,0.0,-0.00876861594279,0.00867834108255,-0.999923895989,0.0,0.655057125208,0.25238467101,0.303353206936,1.0,-0.0163,-0.0214228571429,0.816
0.460137204696,0.511207797635,-0.124097746719,-1.41354573636,0.0762499623552,1.91529850983,0.151642499297,-0.00950355688701,-0.0817842293632,-0.00054634735386,-0.136824440318,-0.00561346269698,0.0442788789958,-0.013720133632,0.574027332836,0.818821729958,0.00208389219079,0.0,0.818777562954,-0.573965437537,-0.012154250985,0.0,-0.00875625130977,0.00868328362508,-0.999923961433,0.0,0.654845160695,0.252119751609,0.303344793102,1.0,-0.01656,-0.0217645714286,0.829
0.459904924017,0.50947635483,-0.124102208825,-1.41631781577,0.0760765011511,1.91633060935,0.151267758522,-0.00901784706702,-0.0890670017496,-0.00116478429587,-0.138087151281,-0.00867607913729,0.0504077568429,-0.0161659340756,0.574011707788,0.818832715069,0.00207146209992,0.0,0.818788392478,-0.573949876168,-0.0121595596724,0.0,-0.0087678986541,0.008675985776,-0.999923922718,0.0,0.654504074693,0.251700893365,0.303326998289,1.0,-0.01696,-0.0222902857143,0.849
0.459744433261,0.50833319439,-0.124103192521,-1.41812083883,0.0759647372765,1.91697146698,0.151002193168,-0.0116931580372,-0.0861945225612,-0.00155180466611,-0.143498849229,-0.00994419329603,0.053902397594,-0.0232210172274,0.573985605394,0.818851049584,0.00205676871349,0.0,0.81880648616,-0.573923794064,-0.0121722524521,0.0,-0.00878700236968,0.00867096019872,-0.999923798616,0.0,0.654260029705,0.251401909016,0.303325546623,1.0,-0.01724,-0.0226582857143,0.863
0.459490501109,0.506425874443,-0.124106787768,-1.42112082628,0.0757710705902,1.91806825435,0.150602147005,-0.0118829949865,-0.0935132232948,-8.85804195095e-05,-0.149432796904,-0.00621362189356,0.0545205000823,-0.0193070834052,0.573975647929,0.818858041353,0.00205197398347,0.0,0.818813431511,-0.573913875237,-0.0121727190309,0.0,-0.00879024176227,0.00866719502198,-0.999923802787,0.0,0.653903720208,0.250965959364,0.303325294401,1.0,-0.01764,-0.023184,0.883
0.459321165929,0.505194833607,-0.12410958595,-1.42298568358,0.0756628691289,1.91878138636,0.150332338395,-0.0114739010093,-0.0948863424188,-0.00117520300109,-0.146491971207,-0.00658313488958,0.0519875863999,-0.0176092076114,0.573962642179,0.818866979003,0.00212202322641,0.0,0.81882326095,-0.573900538763,-0.0121402568368,0.0,-0.00872359312353,0.00870578348212,-0.999924051244,0.0,0.653680270205,0.250679411346,0.30335996205,1.0,-0.0179,-0.0235257142857,0.896
0.459040285292,0.50314982789,-0.124115737762,-1.42605831224,0.0754691313091,1.91995714504,0.149902449616,-0.0114612992284,-0.100675557116,-0.00070588136131,-0.14477774638,-0.0136468605231,0.0515524228551,-0.0266280270515,0.573950880579,0.818874898596,0.00224366511242,0.0,0.818832883844,-0.573888371896,-0.012066144388,0.0,-0.00859321488978,0.0087627296808,-0.999924682777,0.0,0.653313019492,0.250203077256,0.303428029387,1.0,-0.01832,-0.0240777142857,0.917
0.458876538677,0.501932094356,-0.12411532438,-1.42782978154,0.0753532171824,1.92059909933,0.149657453949,-0.0134853769151,-0.102674964096,0.0010804151003,-0.151781253641,-0.00278261483225,0.0515539526107,-0.0134895140968,0.573944644956,0.818879065761,0.00231669714052,0.0,0.81883803338,-0.573881862249,-0.0120262285612,0.0,-0.00851868035056,0.00879955863099,-0.999924997114,0.0,0.653076860323,0.249901371543,0.303491674583,1.0,-0.01858,-0.0244194285714,0.93
0.458576623668,0.499812717001,-0.124116756692,-1.4310371978,0.075149278568,1.92173319963,0.149214471843,-0.0133796108947,-0.102877571384,0.00111315261899,-0.153648865472,-0.0121690446356,0.0554398741683,-0.030237801643,0.573935306876,0.818885497805,0.00235624846823,0.0,0.818844940187,-0.573872319998,-0.0120112934954,0.0,-0.00848385161874,0.00882327742973,-0.999925084212,0.0,0.652689605829,0.249422042181,0.303541031244,1.0,-0.01898,-0.0249451428571,0.95
0.458387627282,0.49854145753,-0.124118869621,-1.43303832812,0.0750198640728,1.92247614358,0.148913950829,-0.0137490447477,-0.0892214999408,0.000432118689869,-0.156027471723,-0.00729823185352,0.0602341855487,-0.0189664919752,0.5739134875,0.818900763837,0.00236532305694,0.0,0.818860330689,-0.573850472698,-0.0120058614793,0.0,-0.00847443054068,0.00882736500677,-0.999925128024,0.0,0.652424297467,0.24908307301,0.303536778261,1.0,-0.01926,-0.0253131428571,0.964
0.458048526487,0.496363392914,-0.124117073045,-1.43649878188,0.0748137038557,1.92373191953,0.148410949266,-0.014347703467,-0.103570660063,0.000522189734832,-0.157930277915,-0.00329589239287,0.0660466785172,-0.0225563924928,0.573896655831,0.818912619465,0.00234456982825,0.0,0.818871752888,-0.573833559362,-0.0120351723546,0.0,-0.00851052552289,0.00882701711911,-0.999924824536,0.0,0.652009141086,0.248556563116,0.30351960044,1.0,-0.01968,-0.0258651428571,0.985
0.45786019064,0.495190180018,-0.124114909538,-1.43842794603,0.0746926147257,1.92437978646,0.148131720759,-0.0188444487917,-0.0940879496865,0.000748362712702,-0.158004887385,-0.00739288628724,0.0558579884,-0.0309146228,0.573885034243,0.818921020105,0.00225326514002,0.0,0.818878800551,-0.573822156676,-0.0120991494385,0.0,-0.00861544021232,0.00878884105745,-0.999924262363,0.0,0.651754765093,0.248246327712,0.303474891903,1.0,-0.01992,-0.0261805714286,0.997
0.45747692884,0.492517847245,-0.124204376134,-1.44246279712,0.0744593848465,1.92584704914,0.147562780139,-0.0169431922624,-0.166314983179,-0.00544358688209,-0.240881345405,-0.0109827824946,0.0911578050344,-0.0347646363671,0.573937345914,0.818884132928,0.00233381759204,0.0,0.818843153958,-0.57387431756,-0.0120375978992,0.0,-0.00851824394289,0.00882002736015,-0.999924820493,0.0,0.651266286125,0.247562945087,0.303544690548,1.0,-0.0363097142857,-0.0477213387755,1.018
0.457183487953,0.489961555176,-0.124258189214,-1.44642413085,0.0742563992534,1.9274127751,0.146947505189,-0.022870128742,-0.208698074985,-0.00360903618139,-0.332085525795,-0.0193437750157,0.124299294285,-0.0476184901283,0.573857451719,0.818939700953,0.00247754119871,0.0,0.818900567006,-0.573793818842,-0.01196919867,0.0,-0.00838061550653,0.00889764504753,-0.999925295808,0.0,0.650777758815,0.246977575191,0.303574791842,1.0,-0.0487971428571,-0.0641333877551,1.031
0.456408393002,0.484445197905,-0.124338975713,-1.45513789606,0.0737809227277,1.93073252937,0.145617993757,-0.0445017393523,-0.309020472401,-0.00552925068228,-0.495651592417,-0.0259033259685,0.179956591128,-0.0742219876296,0.573767719846,0.819002213413,0.00259325846616,0.0,0.818964352467,-0.573703390219,-0.0119396959831,0.0,-0.00829103589204,0.00897457116872,-0.999925355112,0.0,0.64969105281,0.245614266963,0.303549850758,1.0,-0.0680085714286,-0.0893826938775,1.051
0.455645717677,0.479465543428,-0.124483954102,-1.46313863568,0.0733042716875,1.93347800089,0.144409282354,-0.0588014057589,-0.377631419265,-0.013299656467,-0.615682306505,-0.0390422538347,0.204858001325,-0.091942582039,0.573770308623,0.819001147874,0.00234512801301,0.0,0.818959909007,-0.573706832901,-0.0120782541237,0.0,-0.0085468525799,0.00885087982718,-0.999924303754,0.0,0.648649108675,0.244261768038,0.303437682569,1.0,-0.0814565714286,-0.107057208163,1.065
0.454343344927,0.471147883822,-0.124669293113,-1.4762411123,0.0725122248323,1.93802726878,0.142500759451,-0.074942636995,-0.470973086789,-0.00699019761535,-0.740498243892,-0.0356559512722,0.259775611996,-0.106582848512,0.57383472013,0.818956615245,0.00212678660489,0.0,0.818912228224,-0.573771883148,-0.0122202895148,0.0,-0.00878776577477,0.0087542465176,-0.999923066211,0.0,0.64683798927,0.241919776467,0.303356554903,1.0,-0.100668,-0.132306514286,1.085
0.453201575982,0.463902171665,-0.124783676785,-1.48721992817,0.0718639090759,1.94211648498,0.140734747621,-0.0867959493739,-0.525515832927,-0.00272154034851,-0.796019231774,-0.0506051460367,0.293665018096,-0.131870186283,0.573744739837,0.819018787714,0.00243839735844,0.0,0.818978523736,-0.573680626093,-0.012060837693,0.0,-0.00847935459674,0.00891700893335,-0.999924290883,0.0,0.645541301303,0.240214259785,0.303488321104,1.0,-0.113155428571,-0.148718563265,1.098
0.451196510304,0.452232407122,-0.124977281084,-1.50536293894,0.0707125330267,1.94845942292,0.137901404101,-0.105246595342,-0.638346547646,-0.0175893021186,-0.938410903859,-0.0634193589589,0.332539883019,-0.162272123173,0.57373555563,0.819025603558,0.00230647443914,0.0,0.818983379627,-0.573671753689,-0.0121527698634,0.0,-0.00863043659855,0.00886161101466,-0.99992349078,0.0,0.64313283346,0.237066233255,0.303435239259,1.0,-0.132366857143,-0.173967869388,1.118
0.449683446333,0.443577854427,-0.12511302792,-1.51845926182,0.0697956203484,1.95317826087,0.135880274113,-0.125558081616,-0.663903932726,-0.00881108076131,-1.03455342032,-0.0627822108432,0.364042824038,-0.15743080211,0.573758968041,0.819008690671,0.00248155190275,0.0,0.818969592992,-0.573695315,-0.0119682163864,0.0,-0.00837857984534,0.00889935837513,-0.99992529762,0.0,0.64141106213,0.234758705003,0.303545712604,1.0,-0.144854285714,-0.190379918367,1.131
0.446868517986,0.428172878331,-0.125304021366,-1.54191290988,0.0682598084647,1.96124438762,0.132081832408,-0.143838004672,-0.772255323995,-0.00877553164462,-1.15804537882,-0.0770453359952,0.397630135346,-0.184291900284,0.573701181806,0.8190491535,0.00248697532944,0.0,0.819009579135,-0.573636933433,-0.0120301616168,0.0,-0.00842683502987,0.00893874665331,-0.999924540783,0.0,0.63817897148,0.230594956218,0.303600191833,1.0,-0.165026285714,-0.216891689796,1.152
0.444850529574,0.417773931192,-0.125453605615,-1.55755600533,0.0671538813446,1.9665989626,0.129453891987,-0.159214040767,-0.819245220039,-0.0158178977531,-1.20921150528,-0.0847522318414,0.426032135816,-0.191707740389,0.573667981773,0.819072257299,0.00253592447386,0.0,0.819033626218,-0.573603866109,-0.0119695785813,0.0,-0.00834949441881,0.00894374359985,-0.999925144895,0.0,0.636007462724,0.227714111977,0.30368633537,1.0,-0.177513714286,-0.233303738775,1.165
0.441367244127,0.400546692283,-0.125665291158,-1.58333358322,0.0653639433687,1.97557827441,0.125129019431,-0.180082803105,-0.87872804004,-0.0119264677755,-1.31243891384,-0.0827513981049,0.443809437039,-0.212830695984,0.573692010687,0.819054378599,0.00285458801606,0.0,0.81902012997,-0.573626946458,-0.0117855802645,0.0,-0.00801571684034,0.00909943347929,-0.999926471594,0.0,0.632392747069,0.22292584485,0.303843977154,1.0,-0.196725142857,-0.258553044898,1.185
0.438594969064,0.387552116188,-0.125823026827,-1.60260153415,0.0639796880514,1.98223015861,0.121786319567,-0.202549595739,-0.916480160541,-0.015840561072,-1.42279316203,-0.111097042533,0.466003604468,-0.237062577888,0.573708578545,0.819041762744,0.00313124352797,0.0,0.819011448945,-0.573642967939,-0.0116077014525,0.0,-0.00771112489143,0.00922413979263,-0.999927724287,0.0,0.629642327038,0.21925167154,0.303986654954,1.0,-0.210173142857,-0.276227559184,1.199
0.434226339712,0.367910373274,-0.126059440954,-1.6318032528,0.061785948472,1.99191036837,0.116530669093,-0.22954058535,-0.982168106453,-0.0107350849913,-1.49607050104,-0.112914418392,0.489500464141,-0.263688813957,0.573623607714,0.819101192663,0.00315273735346,0.0,0.819071369727,-0.573558194057,-0.0115687606784,0.0,-0.00766785495649,0.00921860862639,-0.999928108043,0.0,0.625301760596,0.213578220048,0.304052753092,1.0,-0.229384571429,-0.301476865306,1.219
0.431042163947,0.354468118342,-0.126219580145,-1.6516210398,0.0602405226737,1.99842697494,0.112907984554,-0.260279129014,-1.03168459599,-0.0114265624007,-1.56208146541,-0.117653910454,0.488435396425,-0.286097942558,0.573640918897,0.819088875728,0.00320261265368,0.0,0.819060060202,-0.57357578484,-0.011497118222,0.0,-0.00758036651777,0.0092185270597,-0.999928775865,0.0,0.622307778311,0.209609454665,0.30411085133,1.0,-0.241872,-0.317888914286,1.232
0.425580731949,0.332710481558,-0.126528834219,-1.68367707728,0.0577981825619,2.00877406977,0.106803872308,-0.284493513615,-1.101022687,-0.018775366,-1.68554201748,-0.130291404479,0.5214321841,-0.312296166255,0.573700642862,0.819047079177,0.00319395886037,0.0,0.819017806595,-0.573635108825,-0.0115473505418,0.0,-0.00762580361537,0.00924080952355,-0.999928224703,0.0,0.617089895409,0.202685658948,0.304104974801,1.0,-0.262044,-0.344400685714,1.253
0.421495424566,0.316700833704,-0.126663894836,-1.70685844549,0.0559387598068,2.01614761785,0.102253701894,-0.298625762896,-1.16794365537,-0.0100740589634,-1.67625397407,-0.132367920535,0.519663108443,-0.324779708921,0.573611691186,0.819108907217,0.00331251467475,0.0,0.819081043308,-0.573545649085,-0.0115056425364,0.0,-0.00752464077827,0.00931316835662,-0.999928319769,0.0,0.613631307625,0.198252586169,0.304182442394,1.0,-0.274531428571,-0.360812734694,1.266
0.415002662115,0.292937937142,-0.126927089615,-1.74125457005,0.0530168545224,2.02671782353,0.0951534823171,-0.340194254821,-1.20666843868,-0.00978960418276,-1.7108845875,-0.14382408546,0.522600318477,-0.355440191571,0.573432106219,0.819235318336,0.00314000786023,0.0,0.819205345003,-0.573366775822,-0.011571084785,0.0,-0.00767921299307,0.00920772001908,-0.999928121207,0.0,0.607966536308,0.190913376,0.304154007139,1.0,-0.293742857143,-0.386062040816,1.286
0.410009426577,0.275577419795,-0.127122985852,-1.76609276751,0.0509868770174,2.03428732927,0.0898899290535,-0.364112688949,-1.24292591025,-0.0192125530107,-1.77697407144,-0.150556918735,0.515407327195,-0.383506563891,0.573410683354,0.819250066424,0.0032037136031,0.0,0.819220168789,-0.573344247699,-0.0116376793736,0.0,-0.00769748703473,0.00929789549427,-0.999927146263,0.0,0.60378412141,0.185500712644,0.304161500813,1.0,-0.307190857143,-0.403736555102,1.3
0.402080467126,0.249763466215,-0.127541991898,-1.80233845945,0.0477505743828,2.04520525722,0.0818370068939,-0.417615280829,-1.30815826404,-0.0182178774561,-1.84303015415,-0.169451690083,0.568392217086,-0.417438822455,0.573507268453,0.819181383333,0.0034671506126,0.0,0.819155823407,-0.573441170893,-0.0113889158807,0.0,-0.00734152230595,0.00937194309128,-0.999929131855,0.0,0.597605167778,0.17720604094,0.304315624741,1.0,-0.326402285714,-0.428985861224,1.32
0.396503590106,0.232471668598,-0.127798231909,-1.82640066774,0.0455564264367,2.0522131146,0.0762204749753,-0.440702686933,-1.34296554673,-0.0163981746902,-1.84727414075,-0.170149890802,0.570560652177,-0.43186064142,0.573506300837,0.819181530891,0.00359015997112,0.0,0.819157781027,-0.573440154789,-0.0112989185456,0.0,-0.00719726207163,0.0094210898392,-0.999929718773,0.0,0.593368030336,0.17158744588,0.304391100509,1.0,-0.338889714286,-0.445397910204,1.333
0.386804492819,0.203610751896,-0.128162243898,-1.86630864898,0.0418200174536,2.06340252906,0.0665064996192,-0.482051339524,-1.39289615926,-0.0205652622549,-1.93195239031,-0.188312602378,0.528923020904,-0.472412669518,0.573343308365,0.819295517405,0.00361286789692,0.0,0.819271742951,-0.573276707722,-0.0113302465711,0.0,-0.00721178606264,0.00945622369424,-0.999929282487,0.0,0.586072410061,0.162158487421,0.304405080114,1.0,-0.359061714286,-0.471909681633,1.354
0.380191904392,0.185144270655,-0.128471853153,-1.89143760683,0.0393912037672,2.07014638815,0.0600648601983,-0.518785205259,-1.43591678483,-0.0275927489311,-1.96195299279,-0.186495018841,0.505139547686,-0.498180165215,0.573346486141,0.819293246641,0.00362349824898,0.0,0.819269378316,-0.573279553208,-0.0113572236195,0.0,-0.00722775831156,0.00948042793994,-0.999928937973,0.0,0.581357700342,0.155963816274,0.304444721463,1.0,-0.371549142857,-0.488321730612,1.367
0.368466342699,0.154527546762,-0.129113365184,-1.93252724571,0.0352929195048,2.08086566514,0.0489134404286,-0.573280658515,-1.48279780883,-0.0267806151623,-1.95275545676,-0.20365023704,0.520646143523,-0.55041521486,0.573523873291,0.819168600547,0.00373062248708,0.0,0.819145975711,-0.573456443174,-0.0113280695124,0.0,-0.00714038682167,0.00955302662622,-0.99992887475,0.0,0.573478477526,0.145401899998,0.304522756056,1.0,-0.391721142857,-0.514833502041,1.388
0.360674561039,0.135003370412,-0.129475458136,-1.95840560361,0.0325295895626,2.0873955764,0.0415916327174,-0.61235992623,-1.528517156,-0.031269075682,-1.97583043639,-0.21057171632,0.520558703431,-0.575986815728,0.573533731344,0.819161532259,0.00376695884434,0.0,0.819139827499,-0.573466812969,-0.0112474143279,0.0,-0.00705335907078,0.00953662113492,-0.999929649017,0.0,0.568352294923,0.138648396834,0.304553635129,1.0,-0.404208571429,-0.53124555102,1.401
