position_joint1,position_joint2,position_joint3,position_joint4,position_joint5,position_joint6,position_joint7,velocity_joint1,velocity_joint2,velocity_joint3,velocity_joint4,velocity_joint5,velocity_joint6,velocity_joint7,ee_T_00,ee_T_10,ee_T_20,ee_T_30,ee_T_01,ee_T_11,ee_T_21,ee_T_31,ee_T_02,ee_T_12,ee_T_22,ee_T_32,ee_T_03,ee_T_13,ee_T_23,ee_T_33,v_x,v_y,time
0.465070546552,0.547823925704,-0.123996345203,-1.35585433701,0.0794676247228,1.89409797107,0.159171549162,-0.00127163167422,0.000248662996659,-0.00195298832509,0.000912075938158,-0.000247297996216,-0.000239973985007,0.00163626471104,0.573816548858,0.818969980846,0.00186698464708,0.0,0.818926061689,-0.573758621002,-0.0119120616558,0.0,-0.00868458957476,0.0083644215344,-0.999927304536,0.0,0.661674963716,0.260875338264,0.303173923488,1.0,0.0,0.0,0.0
0.465075836265,0.547822572253,-0.123993763728,-1.35585455638,0.0794700670851,1.89409978852,0.15916686351,0.00124091358677,-0.00041145414815,0.000722963159824,4.61158265596e-05,-0.000449470691511,3.29732457599e-05,0.000884601172863,0.573807245567,0.818976488849,0.00187150967744,0.0,0.818932594141,-0.573749266627,-0.0119135300804,0.0,-0.00868329091035,0.0083688712822,-0.999927278582,0.0,0.661673202227,0.260880844013,0.303174854716,1.0,-6e-05,-7.88571428571e-05,0.004
0.465070435903,0.547822553529,-0.123991393983,-1.35585761528,0.0794708185924,1.89409897999,0.15916686351,1.91101988838e-05,0.000643311621884,0.00106838139067,0.000384627705078,-0.000108826493612,7.35002479673e-07,-0.00643541915061,0.573810372755,0.818974302734,0.00186935330524,0.0,0.818930356725,-0.573752380122,-0.0119173839534,0.0,-0.00868765256974,0.00836934983361,-0.999927236691,0.0,0.661673161937,0.260878345351,0.303173264865,1.0,-0.00034,-0.000446857142857,0.018
0.465069697441,0.547817185564,-0.123994442195,-1.35586360982,0.0794721410208,1.89410263891,0.159168349892,-0.000255178156433,2.63763110857e-05,-0.000343453696216,0.000671627930903,0.000373497450519,0.000218402773801,0.00110054628466,0.573815018456,0.81897104153,0.00187206567232,0.0,0.81892713323,-0.573757016155,-0.0119156944346,0.0,-0.00868466507416,0.00837065095712,-0.999927251751,0.0,0.661673478362,0.260875915117,0.303174635687,1.0,-0.00068,-0.000893714285714,0.035
0.465063765475,0.547779076569,-0.123994299305,-1.35589145979,0.0794707002789,1.89410682817,0.159171503375,-0.0017568139833,-0.00394642609724,-0.00100151003953,-0.00098251253858,-0.000205896388202,0.000180908142367,0.00219833351058,0.573823460853,0.818965095966,0.00188527581675,0.0,0.818921349873,-0.573765392651,-0.0119098202613,0.0,-0.00867218804045,0.00837818820328,-0.999927296916,0.0,0.661670535771,0.260869322117,0.30318873371,1.0,-0.001,-0.00131428571429,0.051
0.465070523095,0.547657059171,-0.12399175202,-1.35604669791,0.079466165588,1.89413540449,0.159157407228,-0.000180181867021,-0.00354806377744,-0.000209152684913,-0.0105693408851,-0.00470189891268,0.00479569872317,0.000972452854323,0.573811857886,0.818973223299,0.00188631133269,0.0,0.818929393654,-0.573753693017,-0.0119203548331,0.0,-0.0086803404507,0.00838495818581,-0.999927169431,0.0,0.661641777345,0.260859648362,0.303203674644,1.0,-0.00138,-0.00181371428571,0.07
0.46505890563,0.547517301032,-0.123989243397,-1.35623872175,0.0794646047305,1.89417541617,0.159161108135,0.00045188075459,-0.0108826689109,0.000536053674999,-0.0169308810255,7.27416031784e-05,0.00241308191143,0.000560953410526,0.573832746337,0.818958594244,0.00188336049835,0.0,0.818914580934,-0.57377445112,-0.011938813895,0.0,-0.00869693755116,0.00839335533671,-0.999926954764,0.0,0.661611963138,0.260834917595,0.303214671077,1.0,-0.0017,-0.00223428571429,0.086
0.465037768744,0.547358837378,-0.123994530224,-1.35643423606,0.0794624422857,1.89428993324,0.159148549409,-0.00453666535529,-0.0129899304753,0.00016804251415,-0.0162971632024,0.000159707684485,0.0112793096419,-0.00138125343512,0.573854082863,0.818943482185,0.00195229835547,0.0,0.818900363665,-0.573795493674,-0.011902635443,0.0,-0.00862753182492,0.00842927606876,-0.999927253854,0.0,0.6616010153,0.260804188965,0.303243978516,1.0,-0.002,-0.00262857142857,0.101
0.465011339263,0.54716049823,-0.123989243449,-1.35666904508,0.0794596773351,1.89441835857,0.159139282139,-0.00250902061169,-0.0112115794196,-0.000652619158397,-0.014216440631,-0.000132561414338,0.00287406209982,-0.00250413182574,0.57387706259,0.818927171711,0.00203749049717,0.0,0.818885090316,-0.573818050922,-0.0118659257901,0.0,-0.00854834480333,0.00847821645909,-0.999927520197,0.0,0.661583862091,0.260772786669,0.303283679045,1.0,-0.00236,-0.00310171428571,0.119
0.46498791336,0.546937971591,-0.123991828044,-1.35696284355,0.0794517912012,1.89454571303,0.159124013674,-0.00135080692404,-0.0128866630659,-0.000875040753976,-0.0160109658379,-0.000800245019024,0.00820925042461,0.00134948759101,0.573899972053,0.818910985118,0.0020898403016,0.0,0.818869536269,-0.57384069855,-0.0118440770005,0.0,-0.00850017300046,0.00850878583873,-0.999927671196,0.0,0.661554897096,0.260731220536,0.303312583433,1.0,-0.0027,-0.00354857142857,0.136
0.464950485205,0.546711610558,-0.12399391798,-1.35731508437,0.0794470822205,1.89467488927,0.159081895757,-0.00102422532276,-0.0118542957551,-0.000757635726353,-0.0242430336556,-0.00153654493492,0.0108196514585,-0.00602973846918,0.573916050326,0.818899688221,0.00210112118192,0.0,0.818858244483,-0.57385658781,-0.0118549133454,0.0,-0.00850240630805,0.00852440956791,-0.999927519138,0.0,0.661516322842,0.260674419583,0.303316523682,1.0,-0.00302,-0.00396914285714,0.152
0.464909078179,0.546419874528,-0.123994907386,-1.35773314888,0.0794330592742,1.89482599625,0.158943643976,-0.00179795187377,-0.0177798141422,-0.00112926418573,-0.0275599275227,-0.000137863256106,0.00602544628363,-0.00259765913315,0.573857040242,0.818940967501,0.00212979203143,0.0,0.818899787806,-0.57379736093,-0.011852131544,0.0,-0.00848429037553,0.00854567990184,-0.999927491457,0.0,0.661470027089,0.260608653624,0.303337267831,1.0,-0.00336,-0.004416,0.169
0.464867204643,0.546120815347,-0.123995598562,-1.35822189419,0.0794127789406,1.89499614937,0.158922421022,-0.000777315474182,-0.0167459630112,0.00391684350526,-0.028438838664,-0.000707204215406,0.00987123488573,-0.00164220998616,0.573896340457,0.818913459398,0.00211738714678,0.0,0.81887202343,-0.5738366105,-0.0118701556853,0.0,-0.00850575975462,0.00854627254792,-0.999927303996,0.0,0.661411861909,0.260534731531,0.303331170437,1.0,-0.0037,-0.00486285714286,0.186
0.464808632284,0.545803459086,-0.123989935054,-1.35877770129,0.0793693706005,1.89518894724,0.158851628405,-0.00636265108436,-0.0177139960528,0.00176233553747,-0.0314466291208,-0.009629913154,0.0105986278748,-0.00328957828592,0.573901897473,0.818909677001,0.00207361833867,0.0,0.818867706545,-0.573842378892,-0.0118890818233,0.0,-0.0085463186185,0.00852134977323,-0.999927170866,0.0,0.661347433379,0.260443514039,0.303307804324,1.0,-0.00404,-0.00530971428571,0.203
0.464745675084,0.545408790258,-0.123994895412,-1.35945958789,0.0792709814194,1.89541152952,0.158747734973,-0.00340322103906,-0.0224369092325,-0.00025707342896,-0.0378745813897,-0.00107278356831,0.0220738465341,-0.00602998869587,0.57388365186,0.818922681419,0.00198567047891,0.0,0.818880060124,-0.573824983185,-0.011877824106,0.0,-0.00858775757807,0.00844267758296,-0.999927483178,0.0,0.661268610778,0.260322415791,0.30328197535,1.0,-0.0044,-0.00578285714286,0.221
0.46468966672,0.545027940761,-0.123993127454,-1.36010433201,0.0792650810884,1.89562121002,0.158684733772,-0.00529877672808,-0.0259213553937,0.00145755184207,-0.0379900238809,0.00033966164178,0.00881117011986,-0.00299779130289,0.573910966466,0.818903606077,0.00195791365872,0.0,0.818860268332,-0.573852061254,-0.0119339701385,0.0,-0.00864938491992,0.00845245677592,-0.999926869383,0.0,0.661186776646,0.260228144732,0.303262838038,1.0,-0.00472,-0.00620342857143,0.237
0.464627976972,0.544619248649,-0.12399587378,-1.36078482193,0.079244900172,1.89585887247,0.158618158178,-0.000626653117987,-0.0213795220827,-0.000842954394921,-0.0397703695114,0.000706077925354,0.0176684653438,-0.00111913239468,0.573941431644,0.818882299473,0.00193895672346,0.0,0.818838511848,-0.573882404542,-0.0119676302641,0.0,-0.00868751470471,0.00845657410039,-0.999926504021,0.0,0.661106279715,0.260123218784,0.303248913832,1.0,-0.00504,-0.006624,0.253
0.464555530374,0.544146836234,-0.124001345429,-1.36156789786,0.0792120571912,1.89613922586,0.158506390453,-0.00245946348892,-0.0277367804723,-0.00107386022419,-0.0457457471546,-0.00141215695497,0.0170507234978,-0.00189688753914,0.573947963528,0.818877768099,0.0019191080944,0.0,0.818833593623,-0.573888895591,-0.0119928467354,0.0,-0.00871948862021,0.00845486292049,-0.999926240185,0.0,0.661016419274,0.259999114963,0.303234992,1.0,-0.00538,-0.00707085714286,0.27
0.464482640116,0.543638075996,-0.123998784699,-1.36240309682,0.0791716454655,1.89642896508,0.158393019498,-0.00262108623695,-0.0377504476091,0.00093280042578,-0.0522945680909,-0.00699049548218,0.0182247289349,-0.00544472710522,0.573948693028,0.818877315768,0.00189377768348,0.0,0.818832667384,-0.573889595077,-0.0120225782743,0.0,-0.0087583659436,0.008451192831,-0.99992593144,0.0,0.66091597359,0.259873079427,0.303222465943,1.0,-0.00572,-0.00751771428571,0.287
0.464398437876,0.543128294724,-0.124004162418,-1.36320846478,0.0791191669149,1.89670592026,0.158298090411,-0.007074337109,-0.0264487674593,-1.43935131143e-05,-0.0488208670248,-0.000741575493485,0.0124227884177,-0.00755310056433,0.573974371594,0.818859360986,0.00187472121922,0.0,0.818814491366,-0.573915379433,-0.0120296666826,0.0,-0.00877484277567,0.00843993177106,-0.999925882096,0.0,0.660825191962,0.259735714583,0.30322392849,1.0,-0.00604,-0.00793828571429,0.303
0.464332795207,0.542513037604,-0.124011498766,-1.36416341356,0.0790621123577,1.89704840739,0.158175904171,0.00026283543717,-0.0330902065015,6.1020821872e-05,-0.0515971004574,-0.00415335125656,0.0184149943357,-0.00126614942326,0.573971010539,0.818861714455,0.0018757826694,0.0,0.818816866227,-0.573912021442,-0.0120282221004,0.0,-0.00877308525648,0.00843993577596,-0.999925897484,0.0,0.660711550421,0.259596824829,0.303234484367,1.0,-0.0064,-0.00841142857143,0.321
0.464247888561,0.541946705182,-0.124006327813,-1.36505033317,0.0790169050383,1.89738895406,0.158055544976,-0.00491217345242,-0.0346472306092,0.0019731431234,-0.0551193343569,-0.00258078865742,0.0166162168466,-0.00486496338387,0.573975654257,0.818858408759,0.00189779531847,0.0,0.818813752761,-0.57391647763,-0.0120275473649,0.0,-0.00875985094633,0.00845762311002,-0.999925864063,0.0,0.660613244113,0.259461679454,0.303242181169,1.0,-0.00672,-0.008832,0.337
0.464184074345,0.54133789412,-0.124015521466,-1.36598778797,0.0789517489205,1.89773356981,0.157928180896,-0.00341367037701,-0.0365877878146,0.00124612037012,-0.0634472400174,-0.00820801848324,0.026397651505,-0.0104520864589,0.573964651143,0.818866105769,0.00190445834903,0.0,0.818821649934,-0.573905556536,-0.0120110231609,0.0,-0.00874260885569,0.00845347720164,-0.999926050022,0.0,0.660503996884,0.259323758876,0.303256572974,1.0,-0.00704,-0.00925257142857,0.353
0.464083134101,0.540556671536,-0.124017661106,-1.36717441471,0.0788918240797,1.89816572826,0.157782561419,-0.00413320476706,-0.0430100616157,-0.000773711252009,-0.0654238194323,-0.000643720450038,0.0203855367028,-0.0125259603928,0.573979251704,0.818855803524,0.00193353305682,0.0,0.818811611415,-0.573919918426,-0.0120091276779,0.0,-0.00872421872832,0.00847635263221,-0.99992601699,0.0,0.660366761385,0.259144886462,0.303281531506,1.0,-0.00742,-0.009752,0.372
0.463976395593,0.53982624402,-0.124015523002,-1.36828741447,0.0788233088201,1.89859141102,0.157634054535,-0.00828527708466,-0.0411341876542,0.000993388214971,-0.0668942113361,-0.00291786904557,0.0294197427482,-0.00580167375978,0.573986909145,0.818850350021,0.00196959454406,0.0,0.818806640105,-0.573927432714,-0.0119889532356,0.0,-0.00868692146338,0.00849438284579,-0.999926188704,0.0,0.660244675513,0.258970922868,0.30330478373,1.0,-0.00776,-0.0101988571429,0.389
0.463892946517,0.539157944138,-0.124023455834,-1.36932106742,0.0787714224071,1.89897414694,0.157515223075,-0.00432791080615,-0.0435245780047,-0.000267387565964,-0.0679132084462,-0.00100597510588,0.027742033276,-0.0116662746294,0.574006778402,0.818836377769,0.00198788641043,0.0,0.818792841902,-0.573947158866,-0.0119869838102,0.0,-0.00867460365912,0.00850844093689,-0.999926176117,0.0,0.660125871417,0.258814880708,0.303318423799,1.0,-0.00806,-0.0105931428571,0.404
0.463775713116,0.53838935471,-0.124026113041,-1.37051738423,0.0786982924351,1.89944136638,0.157373308145,-0.00730381717649,-0.0419034872929,-0.000291737926544,-0.0688165047918,-0.00087428079175,0.0271155735775,-0.00536435955149,0.574035088548,0.818816455836,0.00201882860719,0.0,0.81877336954,-0.573975380664,-0.0119657270946,0.0,-0.00863914266304,0.008521874386,-0.999926368725,0.0,0.659997427787,0.258623911711,0.303332508781,1.0,-0.0084,-0.01104,0.421
0.463666224459,0.537589963977,-0.124036045099,-1.37176904749,0.0786269016681,1.8999135118,0.157212900717,-0.00991387031266,-0.0542250997506,-0.00246282157648,-0.0778609727732,-0.00293439887549,0.0273143257001,-0.0132907691275,0.574050348848,0.818805717889,0.00203475843048,0.0,0.818762850102,-0.573990583266,-0.0119562751686,0.0,-0.00862210029656,0.00852965276553,-0.9999264495,0.0,0.659857256555,0.258428297564,0.303342541045,1.0,-0.00874,-0.0114868571429,0.438
0.463564683328,0.536805179157,-0.124036321244,-1.3729856639,0.0785580618523,1.90036659609,0.157059580818,-0.00990802775732,-0.0546820717224,-0.000341495882077,-0.0764545101871,-0.00641759055893,0.0259968032192,-0.00783753256462,0.574056710578,0.81880120737,0.0020549333033,0.0,0.818758553267,-0.573996811492,-0.011951516626,0.0,-0.00860655678227,0.00854350702821,-0.99992646513,0.0,0.659716348846,0.258246634336,0.303356829282,1.0,-0.00906,-0.0119074285714,0.454
0.463433429278,0.535846689313,-0.124044975673,-1.37449600726,0.0784743356577,1.90093183972,0.156881514486,-0.00610065644262,-0.0528092617154,-0.000604312836667,-0.0803433814091,-0.00281655009086,0.0283742912275,-0.0069047633487,0.574085130093,0.818781251084,0.00206716730571,0.0,0.818738723971,-0.574025144496,-0.0119491530448,0.0,-0.00859730199272,0.00855246566377,-0.999926468161,0.0,0.659544343767,0.258013134725,0.30336377149,1.0,-0.00944,-0.0124068571429,0.473
0.463315508549,0.534944336293,-0.12404779442,-1.37591321712,0.0783892560114,1.90144230081,0.156711436931,-0.0101844840668,-0.0619214533568,1.28121659064e-06,-0.0850954178763,-0.00187829306895,0.0336490657176,-0.00926915638997,0.574099280293,0.818771340331,0.00206289118622,0.0,0.818728730076,-0.5740392834,-0.0119546879227,0.0,-0.00860414093182,0.00855229067184,-0.999926410834,0.0,0.659376476579,0.25779822886,0.303370274671,1.0,-0.00978,-0.0128537142857,0.49
0.463203502558,0.53416003889,-0.12405135922,-1.37721758774,0.0783182933201,1.90191617585,0.15655235792,-0.00913740929318,-0.0510781995995,-0.00125225059204,-0.0864529942937,-0.00160152495245,0.0319882174,-0.0109772834664,0.574115726164,0.818759902131,0.00202547154764,0.0,0.818716715014,-0.574055795383,-0.0119846253402,0.0,-0.0086499635289,0.0085390136943,-0.99992612896,0.0,0.659221960959,0.257598442808,0.303343925722,1.0,-0.01008,-0.013248,0.505
0.463078852454,0.53324379871,-0.124049236983,-1.37869220738,0.0782337249164,1.90247432497,0.156361027543,-0.0121007528139,-0.0532725276048,0.000238787392696,-0.0833661306767,-0.00233925476286,0.0364132810762,-0.0102045197788,0.574117746557,0.818758482717,0.00202656547985,0.0,0.818715252762,-0.574057754545,-0.0119906731774,0.0,-0.00865426637014,0.00854340282036,-0.999926054237,0.0,0.659050509221,0.257378682397,0.30333655365,1.0,-0.01042,-0.0136948571429,0.522
0.462938247605,0.532239840741,-0.124044975657,-1.38033528157,0.0781421875148,1.90308676808,0.156147056781,-0.0109325325143,-0.0573514357502,0.00121783507343,-0.0947532030872,-0.00443419130398,0.0343357410101,-0.00886417808909,0.574119937352,0.8187569942,0.00200720824851,0.0,0.818713396611,-0.57405991357,-0.0120140227572,0.0,-0.00868447457032,0.00854098271594,-0.999925813006,0.0,0.658856543621,0.257133385767,0.303315303159,1.0,-0.01078,-0.014168,0.54
0.462825304876,0.531352241286,-0.124045213084,-1.38174767617,0.0780569904869,1.90360137608,0.155966028822,-0.0113337820743,-0.0648878614184,0.00124870741066,-0.0966724615823,-0.0100144251756,0.0303141311856,-0.0221288335701,0.574118408746,0.818758088434,0.00199806510375,0.0,0.818714337197,-0.574058390363,-0.0120227044779,0.0,-0.00869684794014,0.0085384649027,-0.999925726968,0.0,0.658686932402,0.256923980882,0.303313260262,1.0,-0.01108,-0.0145622857143,0.555
0.462689731639,0.530327889904,-0.124052132906,-1.38339477045,0.0779557099239,1.90417205504,0.15575354894,-0.00605444234166,-0.0633415879213,-0.00133661054893,-0.101356339859,-0.00889219582546,0.0333312257077,-0.0131867323162,0.574122459919,0.81875535991,0.00195154740041,0.0,0.818710966106,-0.574062606341,-0.0120509285757,0.0,-0.00874662037567,0.00851662598719,-0.99992547908,0.0,0.658485144029,0.256670962249,0.30330075159,1.0,-0.01142,-0.0150091428571,0.572
0.462537338832,0.529206566241,-0.124052635729,-1.38514506457,0.0778474752281,1.90482483065,0.155531769543,-0.00560201669934,-0.0626370147594,0.000201353367865,-0.101986738875,-0.00825772346708,0.0451068385937,-0.0116515115907,0.574131921264,0.818748681925,0.00196970366552,0.0,0.818704532892,-0.574071995693,-0.0120407011844,0.0,-0.00872772454577,0.00852572037035,-0.999925566688,0.0,0.658280931533,0.256404083419,0.303314073193,1.0,-0.01178,-0.0154822857143,0.59
0.462412696145,0.528241931713,-0.124055313661,-1.38663865445,0.0777500483965,1.90539989947,0.155322422014,-0.00937622684278,-0.0684017313664,-0.00013925396797,-0.10217965853,-0.00405304112806,0.0432735870026,-0.0201487888991,0.574119260676,0.818757477721,0.00200352127387,0.0,0.818713859152,-0.574059279329,-0.0120128077476,0.0,-0.00868560341795,0.00853725930541,-0.999925834998,0.0,0.658109462694,0.256179120682,0.303332310229,1.0,-0.01208,-0.0158765714286,0.605
0.462260262817,0.527028502755,-0.124056377871,-1.38849990675,0.07763510426,1.90611595659,0.155056179245,-0.0111244392479,-0.0708019122244,9.17518209629e-05,-0.105081271594,-0.00891149932993,0.0448845020432,-0.00940002323428,0.574096633225,0.818773205218,0.00205937785474,0.0,0.818730355337,-0.574036458765,-0.0119789882132,0.0,-0.00862608268244,0.00856333683622,-0.999926127251,0.0,0.657893815287,0.255903187683,0.303362603516,1.0,-0.01244,-0.0163497142857,0.623
0.462108375019,0.525861007208,-0.124056357287,-1.39031337364,0.0775223284361,1.90678236124,0.154815862769,-0.0106232209981,-0.0717698083951,0.00111753689359,-0.106898063515,-0.00710534109097,0.0363519884614,-0.0118847497185,0.574091576253,0.818776711093,0.00207517396947,0.0,0.818734060677,-0.574031330036,-0.0119715047852,0.0,-0.00861094022841,0.00857192069895,-0.999926184218,0.0,0.657677147318,0.255630350654,0.303378661958,1.0,-0.01278,-0.0167965714286,0.64
0.461944789531,0.524629266425,-0.124065545322,-1.39227254507,0.0773982514141,1.90748465234,0.154543458771,-0.0105190757537,-0.0620390547357,0.000536167612486,-0.11142538588,-0.0109243672877,0.0357449381546,-0.0154483746237,0.574084745406,0.81878157049,0.0020473933072,0.0,0.818738602224,-0.574024660187,-0.0119807189879,0.0,-0.00863450390204,0.00855439264305,-0.999926131126,0.0,0.657454264067,0.255346549633,0.303371956629,1.0,-0.01312,-0.0172434285714,0.657
0.461790179364,0.523436898262,-0.124066045671,-1.39418512315,0.0772764733034,1.90818262574,0.154284561431,-0.00672106496113,-0.0682612094784,-0.000643965427952,-0.111499377203,-0.0049017001946,0.0506701168896,-0.0116887278981,0.574065534134,0.818795093882,0.00202574805732,0.0,0.818751827681,-0.574005526849,-0.0119936115513,0.0,-0.00865768640251,0.00854386844167,-0.999926020653,0.0,0.657207270573,0.255043073665,0.303362184867,1.0,-0.01348,-0.0177165714286,0.675
0.461640050941,0.522280861544,-0.124065706053,-1.39600363692,0.0771738778688,1.90889456023,0.154038716489,-0.0081064438368,-0.0705017709154,0.000397153030652,-0.1172140229,-0.00707279824242,0.0434236306127,-0.0153870726974,0.574056946956,0.818801003752,0.00206997772818,0.0,0.818758269358,-0.5739967106,-0.0119757872319,0.0,-0.00861779211838,0.00856976023248,-0.999926143707,0.0,0.65699534321,0.254775632587,0.303370823096,1.0,-0.0138,-0.0181371428571,0.691
0.461487360764,0.52117603812,-0.1240744126,-1.39776901404,0.0770668513704,1.90956992402,0.153793486615,-0.0113862556493,-0.074949947396,-0.000663871794918,-0.117683380032,-0.0060577211364,0.0330165365348,-0.0176258788018,0.574052977497,0.818803764554,0.00207872069892,0.0,0.818761184275,-0.573992745152,-0.0119665592012,0.0,-0.00860525880023,0.00857157979054,-0.99992623605,0.0,0.656789674388,0.254503731722,0.303365600383,1.0,-0.0141,-0.0185314285714,0.706
0.461311267479,0.519806916685,-0.124086158597,-1.39994778465,0.0769263063443,1.91035677156,0.153514513159,-0.00895670705449,-0.0793704636365,-0.000955396065547,-0.123358435002,-0.00688408528506,0.0433289989711,-0.0143875616939,0.574055082582,0.818802357047,0.00205162291401,0.0,0.818759486207,-0.573995025274,-0.0119733708342,0.0,-0.00862636899876,0.00855332478396,-0.999926210474,0.0,0.656523458734,0.254171331563,0.30335865553,1.0,-0.01446,-0.0190045714286,0.724
0.461145026506,0.518533133059,-0.124081928169,-1.40188869041,0.0767965692703,1.91104888699,0.15324542417,-0.0128464770372,-0.0748453010315,0.000918678414393,-0.1257961356,-0.012795535488,0.0418013042949,-0.013970065456,0.574035635204,0.81881594687,0.00206919524415,0.0,0.818773324345,-0.573975526179,-0.0119618389416,0.0,-0.00860704276251,0.00856088850747,-0.999926312286,0.0,0.656284573695,0.253877081828,0.303388799808,1.0,-0.01478,-0.0194251428571,0.74
0.460971779107,0.517184126202,-0.124095043576,-1.40403596059,0.076653392411,1.91181486042,0.152951961606,-0.00840852163342,-0.0832367534688,-0.00122176670013,-0.121245464366,-0.0148143225642,0.0395887695774,-0.0224443630145,0.574021383635,0.818826031092,0.00203195388604,0.0,0.818783015612,-0.573961523485,-0.0119703719387,0.0,-0.00863555505834,0.00853514312121,-0.999926286544,0.0,0.656019295304,0.253547508892,0.303380145165,1.0,-0.01512,-0.019872,0.757
0.460786724868,0.515835532066,-0.124096445642,-1.40620047794,0.0765253645653,1.91263908351,0.152655190146,-0.0123671917431,-0.0849859884331,-0.00123080416084,-0.125508321798,-0.00564449850109,0.0564451088135,-0.0178471216668,0.574010948265,0.81883333039,0.00203843456539,0.0,0.818790361959,-0.57395102527,-0.0119712428555,0.0,-0.00863265725294,0.00854083947666,-0.999926262926,0.0,0.655760273577,0.253221346371,0.303367309731,1.0,-0.01546,-0.0203188571429,0.774
0.460582358255,0.514363780689,-0.12409972866,-1.40855457333,0.0763858200999,1.91349016182,0.152344744767,-0.0113406347124,-0.0823292042185,-0.000556947020765,-0.134272931912,-0.0152511220211,0.0529786860424,-0.0245563934386,0.57401269017,0.818832172967,0.00201269427794,0.0,0.818788772684,-0.573952780284,-0.0119957756232,0.0,-0.00866750241955,0.00853386321707,-0.999926021054,0.0,0.655469908689,0.25286061587,0.303352532576,1.0,-0.01582,-0.020792,0.792
0.46038726246,0.512948156126,-0.124098010383,-1.41081763124,0.0762384137569,1.91428310877,0.152006992025,-0.0099343105346,-0.0835638007836,9.00915977338e-05,-0.131451195519,-0.0152996916509,0.0490825498515,-0.0155211505101,0.573973308713,0.818859899918,0.00196267491118,0.0,0.818815807481,-0.573913578033,-0.0120260246845,0.0,-0.00872139150255,0.00850985026202,-0.999925757133,0.0,0.655184105203,0.252513863721,0.303336050537,1.0,-0.01616,-0.0212388571429,0.809
0.460203191175,0.511619588593,-0.124106341894,-1.41299088089,0.0761125737708,1.91507688926,0.151707146261,-0.0136799511656,-0.0840304259835,0.000250794318599,-0.134741713934,-0.0140300877591,0.04741228256,-0.0192947506385,0.573964323434,0.818866299894,0.00191969368002,0.0,0.818821556547,-0.573904692357,-0.0120585872251,0.0,-0.00877281839608,0.00849324894676,-0.999925448411,0.0,0.654915031479,0.252181516239,0.303301372467,1.0,-0.01648,-0.0216594285714,0.825
0.460005218681,0.510141206464,-0.124110371286,-1.41530962047,0.0759728204869,1.91595673241,0.151384449131,-0.0103446056608,-0.0885596369287,-0.000617657010612,-0.134563474585,-0.00123565330756,0.0497771631327,-0.019916603483,0.573948502593,0.818877312499,0.00195201118213,0.0,0.818832981272,-0.57388872384,-0.0120427709211,0.0,-0.00874148298135,0.00851046532583,-0.999925576458,0.0,0.65463484325,0.251830911596,0.303309145531,1.0,-0.01682,-0.0221062857143,0.842
0.459822492192,0.508792423137,-0.124112242102,-1.41739568396,0.0758265632047,1.91671545036,0.151086956735,-0.0142253087103,-0.0955524441965,0.000596537242914,-0.132026729007,-0.0145365358559,0.0505640469132,-0.029578075237,0.573924529139,0.818894095135,0.00196028224714,0.0,0.818849993779,-0.573864836581,-0.0120243055981,0.0,-0.00872186372384,0.00850638480873,-0.999925782501,0.0,0.654377770937,0.251508345739,0.303325859151,1.0,-0.01712,-0.0225005714286,0.857
0.459603443548,0.507184728083,-0.124121562116,-1.41994089292,0.0756668427086,1.91762964057,0.150727724141,-0.0138723499704,-0.0956010879791,-0.00238403024211,-0.142729656159,-0.00591981782291,0.0468822602795,-0.0190812860466,0.573905016199,0.818907826998,0.0019365341907,0.0,0.818863401096,-0.573845414121,-0.0120381866909,0.0,-0.00874706244746,0.0084946962508,-0.999925661754,0.0,0.6540593805,0.251115025239,0.303318466636,1.0,-0.01748,-0.0229737142857,0.875
0.459385756275,0.505608395996,-0.124128060326,-1.42239711866,0.0755179192051,1.91855307315,0.150411905984,-0.0148629696002,-0.0957278970976,-4.00000179449e-05,-0.152822018271,-0.00543574492373,0.0535861783462,-0.0245373568393,0.573913794677,0.818901549536,0.00198880550859,0.0,0.818857813154,-0.573853974484,-0.0120101917386,0.0,-0.00869404806673,0.00852152771084,-0.999925895801,0.0,0.653745387744,0.250713281307,0.303342085311,1.0,-0.01784,-0.0234468571429,0.893
0.459154261871,0.503848714681,-0.124131950518,-1.42500975478,0.0753543339946,1.91956146031,0.15003082367,-0.0143849465441,-0.102437672697,-0.00203894858232,-0.14323715176,-0.00312254408409,0.0476970785223,-0.0185484749318,0.573899411019,0.818911350028,0.00210088758423,0.0,0.81886919959,-0.573839246904,-0.0119373186509,0.0,-0.00857019898582,0.00857133730221,-0.999926539235,0.0,0.653433860469,0.250309317345,0.303406319958,1.0,-0.0182,-0.02392,0.911
0.458955383684,0.502369911635,-0.124137581575,-1.42720189013,0.0752180167788,1.92038285223,0.149732832337,-0.0130169725204,-0.106390146089,-0.00106169785965,-0.145026110582,-0.00582308675919,0.0514083027351,-0.017616812299,0.573885213262,0.818921059933,0.00219237278615,0.0,0.818880073497,-0.573824651622,-0.0118929105551,0.0,-0.008481480662,0.00862062187216,-0.999926872008,0.0,0.653183071795,0.249998243502,0.303465461291,1.0,-0.01848,-0.024288,0.925
0.458672385259,0.500347694335,-0.124140560229,-1.43025227018,0.0750155488617,1.92145263197,0.149300491476,-0.0212341770496,-0.10670988227,0.00334279475457,-0.149607598847,-0.0109683277453,0.0579816092078,-0.029920610905,0.573865498674,0.818934792623,0.00222300787051,0.0,0.818894219758,-0.573804832272,-0.0118751087936,0.0,-0.00844952977861,0.00863528978137,-0.999927015945,0.0,0.6527973641,0.24951653442,0.303517573835,1.0,-0.01888,-0.0248137142857,0.945
0.458489244575,0.499063027717,-0.124140744397,-1.43225196565,0.0748967203877,1.92218715243,0.149021613997,-0.0169168892463,-0.0986180685875,-0.00170640252692,-0.153589298183,-0.013184274905,0.0578310485383,-0.0243185521495,0.573856986326,0.818940705908,0.00224195295214,0.0,0.818900298701,-0.573796162976,-0.0118748070207,0.0,-0.00843850130985,0.00865054346205,-0.999926977231,0.0,0.652547463703,0.249207292913,0.30352555841,1.0,-0.01914,-0.0251554285714,0.958
0.458241606837,0.497392255921,-0.124136239174,-1.43491320596,0.0747335866066,1.92316635229,0.148631706087,-0.0123056101512,-0.0987356333092,-2.61541328065e-05,-0.160459737065,-0.0122157848427,0.058068689349,-0.0128975519471,0.573828278252,0.818960846159,0.00223303348121,0.0,0.81892022766,-0.573767396497,-0.0118904308927,0.0,-0.00845671835631,0.00865190834969,-0.99992681152,0.0,0.652213291416,0.248794898341,0.303508557729,1.0,-0.01948,-0.0256022857143,0.975
0.457921164365,0.495419161589,-0.124134034426,-1.43807917119,0.0745345696887,1.92426843267,0.148160103821,-0.014749668053,-0.0953301109859,-0.000216127998373,-0.158741736376,-0.0123526966764,0.058889677834,-0.0226702112335,0.573808704773,0.818974767173,0.00215591304293,0.0,0.818932986623,-0.573747977437,-0.0119485860575,0.0,-0.00854880432752,0.00862191699526,-0.999926287529,0.0,0.65180855076,0.248280652513,0.303472033271,1.0,-0.01988,-0.026128,0.995
0.457690486873,0.494026471584,-0.124145620951,-1.44036918409,0.0743891696684,1.92508125737,0.147850447204,-0.0176970818611,-0.104040530582,-0.00550929086622,-0.169941293716,-0.0148406292792,0.0600237769712,-0.0214920269335,0.573828192225,0.818961313475,0.00207839829239,0.0,0.81891849779,-0.573767759288,-0.0119916337634,0.0,-0.00862833232862,0.00858334158765,-0.999925936321,0.0,0.65151967037,0.247902167056,0.303422895115,1.0,-0.0228371428571,-0.0300145306122,1.009
0.45740283698,0.491864865416,-0.124208241394,-1.44370646458,0.0741995388647,1.92633748949,0.147364688238,-0.0214785617739,-0.133989039863,-0.0029217128099,-0.215085252172,-0.0118442391482,0.0855357443398,-0.0306105201082,0.573827625698,0.818961548495,0.0021412553324,0.0,0.818919662709,-0.573767042541,-0.011946289119,0.0,-0.00855513440914,0.00860879256159,-0.999926346471,0.0,0.651111956029,0.24736551372,0.303449728522,1.0,-0.0289085714286,-0.037994122449,1.026
0.457014046963,0.489251975097,-0.124216585999,-1.44789709084,0.0739612764036,1.92785905495,0.146748112654,-0.0239122200131,-0.162271327926,-0.000769432633168,-0.266968970817,-0.0250139681079,0.0948065242517,-0.0464579838463,0.573792110255,0.818986532275,0.00210263214112,0.0,0.818943841463,-0.57373138968,-0.0120009969409,0.0,-0.00862247481754,0.00860818073688,-0.999925773321,0.0,0.650574434317,0.246710126955,0.303404591096,1.0,-0.03498,-0.0459737142857,1.043
0.456542745131,0.486261526597,-0.12426324303,-1.45257563853,0.07368445684,1.92961515948,0.146075842694,-0.0325922227504,-0.207212713893,-0.00213320968617,-0.303277847111,-0.0197036845761,0.114349576146,-0.0447664697787,0.573818806494,0.818967690399,0.00215552715487,0.0,0.818925726205,-0.573757899391,-0.0119697429915,0.0,-0.00856624696678,0.00863384650638,-0.999926035318,0.0,0.650002253586,0.245935699593,0.303409211021,1.0,-0.0406942857143,-0.0534839183673,1.059
0.455978081435,0.482585321358,-0.124351943293,-1.45826818165,0.0733374778573,1.9316520607,0.145191418174,-0.0394315643982,-0.231117836011,-0.00585280918452,-0.352048078752,-0.0219506284281,0.12236850712,-0.0578878409094,0.573807088144,0.818975885723,0.00216127323282,0.0,0.818934109826,-0.573746273233,-0.011953435296,0.0,-0.00854971740473,0.00862907240789,-0.999926217999,0.0,0.649287330753,0.244973320135,0.303430323319,1.0,-0.0467657142857,-0.0614635102041,1.076
0.455299172582,0.478407124766,-0.124432838893,-1.46484317613,0.0729477916816,1.93396385221,0.144209013977,-0.0402372884679,-0.257906394405,-0.00834884831726,-0.403532308533,-0.0268756802072,0.146802040411,-0.0557566018147,0.573836927069,0.818955154304,0.00209362657287,0.0,0.818912371042,-0.573776263604,-0.0120031154563,0.0,-0.00862890617142,0.00860249321419,-0.999925766789,0.0,0.648395875247,0.243786220324,0.303404501195,1.0,-0.0531942857143,-0.0699124897959,1.094
0.454574315537,0.473982427687,-0.124498453573,-1.4716418621,0.072533903945,1.93646390197,0.143244963129,-0.0452934569108,-0.280687463548,-0.00492627060801,-0.439054910721,-0.0302864620317,0.158300907412,-0.0567054495637,0.573900585543,0.818910299747,0.00218764328955,0.0,0.818868746451,-0.573839528257,-0.0119548649413,0.0,-0.00853477016002,0.00865246329483,-0.999926143561,0.0,0.647593967842,0.242704492302,0.303444702207,1.0,-0.0585514285714,-0.0769533061224,1.109
0.453711927913,0.468800975215,-0.124535110319,-1.47951186833,0.0720731941123,1.93933420204,0.142025903429,-0.0506957593395,-0.322551492921,0.000167864551108,-0.476128451622,-0.0316944067842,0.183741142026,-0.0830552577911,0.573876833776,0.818926429213,0.00237278178574,0.0,0.818887030571,-0.573814772494,-0.0118905395538,0.0,-0.00837610112354,0.00876691421199,-0.999926488371,0.0,0.646533465827,0.241302039209,0.303534917125,1.0,-0.06498,-0.0854022857143,1.127
0.452708959554,0.462792473539,-0.124576494043,-1.48869986922,0.0714712321997,1.942619831,0.140559682509,-0.0555910101848,-0.343654898422,-0.00437023560894,-0.530185209172,-0.0338683851376,0.177129606154,-0.0867531520046,0.573806228186,0.818975717885,0.00243575669021,0.0,0.818937087262,-0.573743876255,-0.0118641674275,0.0,-0.00831912471994,0.0088026341293,-0.999926650208,0.0,0.645393370262,0.239830682967,0.303584922171,1.0,-0.0710514285714,-0.093381877551,1.144
0.451712117813,0.457035260629,-0.124622992501,-1.49765977537,0.0708803194381,1.94566309219,0.139249420983,-0.0643839677483,-0.36616953056,-0.00664664108843,-0.570819263853,-0.0303270586782,0.19636016569,-0.0898456327221,0.573837316892,0.818954355259,0.00229011895682,0.0,0.818913586446,-0.573775286344,-0.0119668548844,0.0,-0.00848645765676,0.0087426057491,-0.999925770686,0.0,0.644182349368,0.238291265954,0.303547966429,1.0,-0.0767657142857,-0.100892081633,1.16
0.45056657699,0.450384442356,-0.124706212497,-1.5076110927,0.0701867878415,1.94933691439,0.137632451862,-0.0679349799023,-0.411384060249,-0.00326707689121,-0.596429952205,-0.0359221345935,0.231873423755,-0.098748610813,0.573777109063,0.818995730458,0.00256310525715,0.0,0.81895922426,-0.573714784995,-0.0117422901948,0.0,-0.00814655100014,0.00883670614881,-0.999927770557,0.0,0.642904278689,0.236557305617,0.303699075652,1.0,-0.0828371428571,-0.108871673469,1.177
0.449070314509,0.442090625802,-0.124737517126,-1.52021982145,0.0693631589062,1.95380230054,0.135713572995,-0.0762480710803,-0.416623153683,-0.00205158888078,-0.658503618748,-0.0453243472851,0.211502105434,-0.0962178435099,0.573794550033,0.818983109028,0.00268856479247,0.0,0.818947974535,-0.573731490413,-0.0117106282409,0.0,-0.00804844739752,0.00892146111907,-0.999927812407,0.0,0.641209515382,0.234374532615,0.30376636501,1.0,-0.08998,-0.118259428571,1.197
0.448027271585,0.436414880987,-0.124770025922,-1.52905112364,0.0687550624383,1.95677865914,0.134288012625,-0.0802940129857,-0.442463870279,-0.00490506091641,-0.678714104958,-0.0463542691582,0.239956014647,-0.105877772992,0.573726209246,0.819031513349,0.00252267067382,0.0,0.81899400083,-0.573663522457,-0.0118210197815,0.0,-0.00823478212126,0.00884825137282,-0.999926945737,0.0,0.639974352724,0.232829764223,0.303700424315,1.0,-0.0946228571428,-0.124361469388,1.21
0.446449054335,0.428046133779,-0.124794912467,-1.54165594141,0.0678847543008,1.9613024317,0.13223374819,-0.0931738215439,-0.469199280406,0.00153296855976,-0.727169760487,-0.0536881519751,0.248382580717,-0.113832871311,0.573659945246,0.819077214697,0.00274417297032,0.0,0.819042725535,-0.573596621815,-0.0116908550232,0.0,-0.0080018186842,0.00895434256028,-0.999927892724,0.0,0.638266063305,0.230605759986,0.303797236517,1.0,-0.101051428571,-0.13281044898,1.228
0.444916013847,0.420288275846,-0.124881000916,-1.55356619295,0.0670245562243,1.96525862564,0.130244006886,-0.0971101873905,-0.497438191794,-0.00626856845349,-0.740378508135,-0.0484842635463,0.247451046218,-0.117835485045,0.573621632589,0.819104717358,0.002536045857,0.0,0.819067542908,-0.573559085696,-0.0117933146844,0.0,-0.00820554553044,0.00884226351268,-0.999927239052,0.0,0.636475373942,0.228274886362,0.303745156641,1.0,-0.107122857143,-0.140790040816,1.245
0.443171821075,0.411567796123,-0.124993561557,-1.5666516085,0.06610966066,1.96992916523,0.128091598101,-0.107118506585,-0.515904910649,-0.00267059508595,-0.782272319246,-0.0509029620266,0.268091941411,-0.139731312941,0.573650973866,0.819083447269,0.00275925581803,0.0,0.819049615399,-0.573588117429,-0.0116252294601,0.0,-0.0079395095315,0.008928963528,-0.999928616352,0.0,0.634789609411,0.226001228163,0.303834545154,1.0,-0.112837142857,-0.148300244898,1.261
0.441356529695,0.403105341373,-0.125052503756,-1.57966806447,0.0652417078434,1.97419686268,0.125950119261,-0.117266104231,-0.535854529378,-0.00586516695702,-0.806603022622,-0.0551267689258,0.277775662903,-0.144319338267,0.573709456025,0.819043231087,0.00252835496975,0.0,0.819005490027,-0.573646424868,-0.0118546802284,0.0,-0.0082592728252,0.00887204956062,-0.999926532876,0.0,0.632780358492,0.22340206982,0.303731422477,1.0,-0.118908571429,-0.156279836735,1.278
0.439149140724,0.393004459623,-0.125204989694,-1.59460330163,0.0641385447589,1.97942757178,0.123378601507,-0.13032409824,-0.556479617988,-0.0047271702269,-0.837759940931,-0.0745664756483,0.284632037909,-0.146862195474,0.573806430757,0.818974402655,0.00280262712679,0.0,0.818941034602,-0.573743296444,-0.0116171654236,0.0,-0.00790632480814,0.00896136312005,-0.99992858945,0.0,0.630818106272,0.220659703726,0.303874996206,1.0,-0.12498,-0.164259428571,1.295
0.437090215217,0.383807689614,-0.125282011664,-1.60857709904,0.0630857933297,1.98398259274,0.12091176652,-0.133622483775,-0.586367856048,-0.00391141759274,-0.876990128696,-0.0700092503297,0.281589006778,-0.164361463292,0.573765051158,0.819004141845,0.00257460884092,0.0,0.818967710419,-0.573702605673,-0.0117454857807,0.0,-0.0081426984739,0.00884784110585,-0.999927703471,0.0,0.628745176921,0.217968069339,0.303790301796,1.0,-0.130694285714,-0.171769632653,1.311
0.43446700442,0.37236279852,-0.125389422292,-1.62551825551,0.0618485087515,1.98971496819,0.117875413915,-0.142392358192,-0.605347403919,-0.00691724530239,-0.888369763158,-0.069952406593,0.29678842952,-0.157774031299,0.573785060434,0.81898957169,0.00274459236758,0.0,0.818955361928,-0.573722026314,-0.011657555184,0.0,-0.00797293653631,0.00893680170263,-0.999928280357,0.0,0.626262720894,0.214653424096,0.303872587561,1.0,-0.13748,-0.180688,1.33
0.432088890317,0.36235534593,-0.125505894113,-1.64030237069,0.0606907693474,1.99461569896,0.115283037509,-0.150934062653,-0.637400791189,-0.00713714288573,-0.929922161872,-0.0745742725324,0.312605252464,-0.168910640441,0.573893924637,0.818913149675,0.00278629786495,0.0,0.818879940864,-0.573831253947,-0.0115793499778,0.0,-0.00788376895076,0.00892713390937,-0.999929073718,0.0,0.624059875208,0.211688022764,0.30392198009,1.0,-0.143194285714,-0.188198204082,1.346
0.429735156946,0.352793789608,-0.125601829857,-1.65463360566,0.0596165125415,1.9992274378,0.112599874782,-0.159862023438,-0.651246299034,-0.00494029838588,-0.988016058234,-0.0678271167068,0.308655278294,-0.175734298728,0.573885882014,0.818919289049,0.00263426429667,0.0,0.81888370467,-0.573823285289,-0.0117073646719,0.0,-0.0080759400476,0.008876018298,-0.999927995153,0.0,0.621858407715,0.208803741979,0.30384231407,1.0,-0.148551428571,-0.195239020408,1.361
0.426880366138,0.341463477806,-0.125722453213,-1.6710945819,0.0583817702221,2.00459797536,0.109503579665,-0.166712751853,-0.668185683602,-0.00780647354031,-0.969246315277,-0.0762245023437,0.322253461458,-0.18043071769,0.573975826073,0.818855628564,0.00282091362896,0.0,0.818822267951,-0.573912347531,-0.0116386322178,0.0,-0.0079115546593,0.00899029352794,-0.999928288391,0.0,0.619339927264,0.205416078278,0.303954569843,1.0,-0.154622857143,-0.203218612245,1.378
0.423734697986,0.329281649107,-0.125787066,-1.68906424,0.0569191698258,2.01029644887,0.106008703081,-0.180599819662,-0.682643864733,-0.00281597260495,-0.989494620667,-0.0748337679336,0.316805909226,-0.192517821214,0.573886232005,0.818918860919,0.00269051055282,0.0,0.818883754475,-0.573823156817,-0.0117101775398,0.0,-0.00804596290294,0.00892369685622,-0.999927812452,0.0,0.616491833592,0.20173295281,0.303902744872,1.0,-0.161051428571,-0.211667591837,1.396
