position_joint1,position_joint2,position_joint3,position_joint4,position_joint5,position_joint6,position_joint7,velocity_joint1,velocity_joint2,velocity_joint3,velocity_joint4,velocity_joint5,velocity_joint6,velocity_joint7,ee_T_00,ee_T_10,ee_T_20,ee_T_30,ee_T_01,ee_T_11,ee_T_21,ee_T_31,ee_T_02,ee_T_12,ee_T_22,ee_T_32,ee_T_03,ee_T_13,ee_T_23,ee_T_33,v_x,v_y,time
0.465070170548,0.547801284455,-0.123988174357,-1.35584223506,0.0795562908933,1.89409649651,0.159162268975,-0.000199194499613,0.00147935240342,0.000143907194244,0.00105171707729,1.23466042862e-06,7.40670670019e-05,-0.000410490882889,0.57382633553,0.818962937947,0.00194674648234,0.0,0.818919211215,-0.57376725013,-0.0119672503896,0.0,-0.00868392235479,0.00846151444158,-0.999926493431,0.0,0.661671293894,0.260895831473,0.303195487779,1.0,0.0,0.0,0.0
0.465071632185,0.547798909718,-0.123988225701,-1.35584016626,0.0795555775424,1.89409674298,0.159173215932,2.71375579218e-05,0.0012138572116,0.000715842336095,0.00149172928984,-0.000333834377084,-0.000343448795837,0.00188328825291,0.573833834698,0.8189576752,0.00195020225523,0.0,0.818914004201,-0.573774744188,-0.0119642616622,0.0,-0.00867941422189,0.00846270902017,-0.999926522463,0.0,0.661671551466,0.260896947818,0.303198176448,1.0,-0.00026,-0.000341714285714,0.014
0.465070119709,0.547792792904,-0.123991258074,-1.35584787158,0.0795526262678,1.89409791244,0.159164642465,-0.00239139412375,-0.00198160614304,-0.000163168997248,0.00077644318369,0.000177265804408,7.57899508819e-05,0.00318130986763,0.573829807018,0.818960502778,0.00194791396308,0.0,0.818916837465,-0.573770761284,-0.011961342472,0.0,-0.00867837805295,0.00845911724892,-0.999926561848,0.0,0.661671436747,0.26089295884,0.303199038847,1.0,-0.0006,-0.000788571428571,0.031
0.465064476053,0.547770522838,-0.123991328099,-1.35587767019,0.0795536601169,1.89410075044,0.159166670927,-0.00102977597925,-0.00344196633457,-0.000782003142863,-0.00443661616911,0.000366086974528,-9.05605664746e-05,-0.000363895008825,0.573838020184,0.81895475291,0.00194581033583,0.0,0.81891102406,-0.573778947121,-0.0119666793886,0.0,-0.00868387114751,0.00846054403497,-0.999926502087,0.0,0.661667190209,0.260886298844,0.30320088345,1.0,-0.00092,-0.00120914285714,0.047
0.465071260653,0.547644982583,-0.123988169264,-1.35600728091,0.0795525722255,1.89412892528,0.159168796387,0.000517088691341,-0.0113471958604,0.000574777020338,-0.0100618408592,-0.000111691936075,0.00653950408459,0.000659574417645,0.573838760309,0.818954170267,0.00197257972259,0.0,0.818910688988,-0.573779475243,-0.0119642865536,0.0,-0.00866654346702,0.00848110127107,-0.99992647827,0.0,0.661643984484,0.260880622414,0.303230468033,1.0,-0.00128,-0.00168228571429,0.065
0.465062677685,0.547515734836,-0.123986047138,-1.35620463199,0.0795504337725,1.89416849313,0.159166112392,-0.000491536984723,-0.00428980131339,0.000132126171689,-0.0140282931886,0.000226092022448,0.000654298613677,0.00152937431178,0.573852361363,0.818944681336,0.00195529287644,0.0,0.818900828005,-0.573793004473,-0.0119903632645,0.0,-0.00869767830577,0.00848205253422,-0.999926199865,0.0,0.661611910725,0.260856777452,0.30323145696,1.0,-0.00162,-0.00212914285714,0.082
0.465043986203,0.547360721963,-0.123991444997,-1.35640224386,0.0795458764434,1.89426470804,0.159156356026,-0.000398130738228,-0.0116759383404,-0.000861251336944,-0.0117381789246,-0.000231861226473,0.00566500072634,-0.000305545111805,0.573873427724,0.818929803353,0.00200325580151,0.0,0.818886571679,-0.573813861991,-0.0119658435485,0.0,-0.00864985649267,0.0085074827237,-0.999926398652,0.0,0.661596260843,0.260825671068,0.303255731835,1.0,-0.00194,-0.00254971428571,0.098
0.465025762644,0.547167592441,-0.123986152506,-1.35662379382,0.0795416037242,1.89439203875,0.159143987859,-0.00133710439504,-0.0127124573352,0.000407113054503,-0.0116568429439,-0.00468715065329,0.00537314816667,0.000174698322106,0.573886026006,0.818920750133,0.00209309783085,0.0,0.818878649472,-0.573826046749,-0.0119236073467,0.0,-0.00856358029435,0.00855694950856,-0.999926719169,0.0,0.661579738754,0.260800887581,0.303297955617,1.0,-0.00228,-0.00299657142857,0.115
0.464996351579,0.546963196761,-0.123984340471,-1.35689215768,0.0795413290625,1.89452607246,0.159126902509,-0.00247191161104,-0.0154215674347,0.00136045965231,-0.016010529692,7.44172903962e-05,0.00448823082975,-0.00221277727857,0.573909990219,0.818903779129,0.00216114701524,0.0,0.818862465763,-0.573849631817,-0.0118999633943,0.0,-0.00850491532208,0.00859935561326,-0.999926856074,0.0,0.661557590941,0.26076237568,0.303326574847,1.0,-0.00262,-0.00344342857143,0.132
0.464956655053,0.546743778511,-0.123990921866,-1.35723057561,0.0795338142834,1.89464786901,0.159111318967,-0.00175036469253,-0.0177592670004,-0.000175456251062,-0.0231316650933,-8.01458610962e-06,0.00765204409079,-0.00220964687726,0.573951264487,0.818874831363,0.00216874509578,0.0,0.818833531133,-0.573890783444,-0.0119064634349,0.0,-0.00850544417143,0.00860973671305,-0.999926762245,0.0,0.661522319185,0.260702066708,0.303331680925,1.0,-0.00294,-0.003864,0.148
0.464921115316,0.546462457747,-0.123989242351,-1.35762885068,0.0795256331959,1.89480005977,0.158981000385,-0.00401806065494,-0.0173075613075,0.000432380175677,-0.0235311546254,2.41303150826e-05,0.0106097511388,-0.00539368075705,0.573892587992,0.818915846555,0.00220921056975,0.0,0.818874924274,-0.573831800036,-0.0119025444561,0.0,-0.00847963025068,0.00864001552668,-0.999926720316,0.0,0.66147804574,0.260644959014,0.303354488148,1.0,-0.00328,-0.00431085714286,0.165
0.464870795873,0.546180905803,-0.123993879616,-1.35810153146,0.0795138948921,1.89496412413,0.158940481963,-0.00682739567122,-0.0172862361687,-2.75085276146e-05,-0.023803564125,6.07283032125e-05,0.0131780541061,-0.0010235352992,0.573927160724,0.818891658862,0.002193656717,0.0,0.818850387672,-0.57386628233,-0.0119280977267,0.0,-0.0085091179365,0.00864230230537,-0.999926450057,0.0,0.661424530621,0.260565809901,0.303343260673,1.0,-0.00362,-0.00475771428571,0.182
0.464826336283,0.545884107672,-0.123989246717,-1.35861867952,0.0794944676264,1.89513657461,0.158900389098,-0.00235385564517,-0.0174816567693,-0.000451372673391,-0.0415418817638,0.000345395043597,0.0137500026001,-0.00117514040572,0.573951202397,0.818874898658,0.00215974927059,0.0,0.81883302211,-0.573890294056,-0.0119649150426,0.0,-0.00855847422611,0.00863591766568,-0.999926083991,0.0,0.661359610915,0.260490148422,0.303322054151,1.0,-0.00394,-0.00517828571429,0.198
0.464770544136,0.545516291857,-0.123989194397,-1.35926862146,0.0794099918923,1.89534842349,0.158796186395,0.000158626686675,-0.0193722111343,0.000271730229437,-0.0396162639563,-0.00584034746757,0.0172500718762,-0.00539332807686,0.573925298819,0.818893273841,0.00207468908374,0.0,0.818850640414,-0.573865098653,-0.0119676289623,0.0,-0.00860978497036,0.00856755046511,-0.99992623162,0.0,0.661281506472,0.26038164906,0.303291353305,1.0,-0.0043,-0.00565142857143,0.216
0.46471094458,0.545120538933,-0.123990307852,-1.35997095077,0.0793544986497,1.89556097585,0.158721202183,-0.00227471605612,-0.0232017586587,-0.000507538094743,-0.0391849656525,-0.000437252903719,0.0162119857807,-0.00777698050208,0.573937718194,0.818884786912,0.00198703299937,0.0,0.818841055803,-0.573877930391,-0.0120080490966,0.0,-0.00869306170876,0.00851910051665,-0.999925925059,0.0,0.661191791086,0.260268849126,0.303255620684,1.0,-0.00464,-0.00609828571429,0.233
0.464649660206,0.544714390244,-0.123992064981,-1.36063968231,0.0793404938548,1.89578806392,0.158616961441,-0.0036073542799,-0.0267816872532,0.00220860525137,-0.0405798855328,-4.82685402642e-05,0.0106452475287,-0.00509285012209,0.57393727416,0.81888513674,0.00197105511443,0.0,0.818840924804,-0.573877288522,-0.0120475925689,0.0,-0.00873461889208,0.00852870723599,-0.999925481016,0.0,0.661111163559,0.260166405541,0.303244561501,1.0,-0.00496,-0.00651885714286,0.249
0.464586980127,0.544254819812,-0.123994912927,-1.36140141947,0.0793132218271,1.89607230859,0.158556516055,-0.00616986080512,-0.0254503301002,0.000213954031219,-0.046418136994,-0.00116175230188,0.0183351051895,-0.00589120419043,0.5739763992,0.818857731151,0.0019637203214,0.0,0.818813262279,-0.573916283183,-0.0120701414662,0.0,-0.00875688618478,0.00853606092477,-0.999925223508,0.0,0.661023224018,0.260053804787,0.303231980191,1.0,-0.0053,-0.00696571428571,0.266
0.464514664825,0.543747746182,-0.123997982868,-1.3622302567,0.0792802369064,1.89635813845,0.158431556125,-0.0074033377141,-0.0307553348304,0.00128149035489,-0.0512492289859,0.000282605190186,0.00893358113106,-0.00362484154509,0.573972753868,0.818860338528,0.00194182996042,0.0,0.818815398743,-0.573912554154,-0.0121024735599,0.0,-0.00879596435356,0.00853665470819,-0.999924875447,0.0,0.66092417581,0.259926551264,0.303221160612,1.0,-0.00564,-0.00741257142857,0.283
0.464440407101,0.543224607381,-0.123998511516,-1.36303216581,0.0792424575347,1.89663380321,0.158344782983,-0.00630524208146,-0.0356462145373,-0.000813995737535,-0.0510295411012,0.000425622720507,0.0156227104626,-0.00366330660737,0.573997306807,0.818843119026,0.00194553416611,0.0,0.818798097959,-0.573936961781,-0.0121155099848,0.0,-0.00880425752545,0.0085474343412,-0.999924710374,0.0,0.660829804214,0.259801441499,0.303233483426,1.0,-0.00596,-0.00783314285714,0.299
0.464359075169,0.542628582036,-0.123994337437,-1.36398292725,0.0791805526161,1.89697754396,0.158214892812,-0.00621409003631,-0.0313859328139,0.00112551479445,-0.0541483572801,-0.00563777080646,0.0204139578949,-0.00178470660776,0.573990978188,0.818847581704,0.00193437262931,0.0,0.818802411428,-0.573930680081,-0.0121215676576,0.0,-0.00881569029359,0.00854170390472,-0.999924658611,0.0,0.660718610345,0.259658389996,0.30323216771,1.0,-0.00632,-0.00830628571429,0.317
0.464293092861,0.542129209256,-0.123995676939,-1.36474613902,0.0791391346136,1.8972609469,0.158113135894,-0.00634868001216,-0.0346219323548,-0.000641204362238,-0.057407556729,-0.00343496061634,0.016236010729,-0.00171992026156,0.573997419001,0.818843027548,0.00195092717948,0.0,0.818798024973,-0.573936999652,-0.0121186481115,0.0,-0.00880373071658,0.00855365274352,-0.999924661837,0.0,0.660626198876,0.259533500974,0.30324396352,1.0,-0.00662,-0.00870057142857,0.332
0.464196499718,0.541460739495,-0.123996738915,-1.36576880348,0.0790800927626,1.89764452259,0.157970549474,-0.00393452589708,-0.0319129224525,-0.000990925372469,-0.0592430679157,-0.000107435378122,0.0228052060952,-0.0074077979657,0.57399812009,0.818842467763,0.0019793992735,0.0,0.818797828516,-0.573937566836,-0.0121050524115,0.0,-0.00877624835615,0.00856917013775,-0.999924770564,0.0,0.660518866192,0.25938194694,0.30326582986,1.0,-0.00696,-0.00914742857143,0.349
0.464091489963,0.540731623026,-0.124000245931,-1.36688009601,0.0790182656337,1.89805721226,0.157825211042,-0.00988311744156,-0.0406771013698,0.000646565942664,-0.0626056143221,-0.00813938132272,0.0324989715014,-0.0129374382198,0.574012667871,0.818832201464,0.00200745379509,0.0,0.818787894863,-0.573951956949,-0.0120946782062,0.0,-0.00875149844087,0.00858634268481,-0.999924840173,0.0,0.660395300429,0.25920621857,0.303288185889,1.0,-0.00732,-0.00962057142857,0.367
0.464008664981,0.54004539581,-0.124007355754,-1.36792122361,0.0789516882264,1.89844663518,0.157698606001,-0.00512315343347,-0.0447979454713,0.00034785664608,-0.06984792041,-0.00140106453102,0.0266247393422,-0.0113068007431,0.574021684699,0.818825817574,0.00203294632209,0.0,0.81878191559,-0.573960932482,-0.0120735076886,0.0,-0.00871943591356,0.00859516039101,-0.999925044518,0.0,0.660277304678,0.259048481856,0.30331159577,1.0,-0.00764,-0.0100411428571,0.383
0.463877269228,0.539123918438,-0.124009219194,-1.36934022124,0.0788699384404,1.89898160986,0.157524445468,-0.00817231491678,-0.0498685786615,-0.000150884492637,-0.0703114312488,-0.00663251763683,0.0200335675383,-0.00617851219222,0.574044667464,0.818809623086,0.00206586523882,0.0,0.818766130384,-0.573983750387,-0.0120592258609,0.0,-0.00868860438684,0.00861416063596,-0.999925149394,0.0,0.660119151843,0.258827383096,0.303333704342,1.0,-0.00806,-0.0105931428571,0.404
0.463795720032,0.538537872517,-0.124012307034,-1.37025683385,0.0788162406456,1.89934143112,0.157402127133,-0.00504118419697,-0.0493701039238,0.0018868842985,-0.0754864344095,-0.000823118249981,0.0272316544401,-0.00852484008515,0.574049876162,0.81880591077,0.00208975299932,0.0,0.818762752373,-0.573988878748,-0.012044471841,0.0,-0.00866275653949,0.00862530555014,-0.999925277585,0.0,0.660019023933,0.258686375211,0.303342694246,1.0,-0.00832,-0.0109348571429,0.417
0.463688773294,0.537759071061,-0.124018680383,-1.37147204911,0.0787513428278,1.89980736897,0.157256529548,-0.00752142006928,-0.0469455434157,0.000596148089668,-0.0689348076025,-0.00313579787499,0.0245348608569,-0.00691743501546,0.574072515351,0.818789968925,0.00211679176707,0.0,0.818747132602,-0.574011369607,-0.0120344223116,0.0,-0.00863876805224,0.00864191466047,-0.999925341712,0.0,0.659883751101,0.258499179713,0.303354915973,1.0,-0.00866,-0.0113817142857,0.434
0.463592238313,0.536926230692,-0.124028980112,-1.37277664355,0.0786708112698,1.90028359835,0.15708791708,-0.00800219994657,-0.0490237241089,-0.000612778034892,-0.0833972880891,-0.000116618006018,0.0246329568078,-0.0150038560336,0.57407101081,0.818791023516,0.00211689826774,0.0,0.818748231282,-0.574009907526,-0.012029411295,0.0,-0.00863461965083,0.00863910934374,-0.999925401784,0.0,0.65973003643,0.258304863977,0.303363607765,1.0,-0.009,-0.0118285714286,0.451
0.463476870522,0.536081248363,-0.124025093352,-1.3740892653,0.078602086039,1.90078054667,0.156929814209,-0.00538445486359,-0.0557334253495,0.000874392480013,-0.0803019363318,-0.000928881401497,0.0286054478035,-0.00747549459625,0.574087176278,0.8187796091,0.00214770946104,0.0,0.818737109862,-0.574025831733,-0.0120264849003,0.0,-0.00861436574909,0.0086628269802,-0.999925371281,0.0,0.659579585907,0.258108885973,0.303378248606,1.0,-0.00934,-0.0122754285714,0.468
0.463367079459,0.535242349783,-0.124033300524,-1.37542622511,0.0785188456281,1.90126167086,0.156771582855,-0.00992564671404,-0.058986527188,-0.000791573004586,-0.083238200765,-0.00667502590838,0.0290850368215,-0.00768037559438,0.574104344094,0.818767619374,0.00212942679666,0.0,0.818724906783,-0.574043099707,-0.0120330209464,0.0,-0.00863003131004,0.00865179092728,-0.999925331749,0.0,0.65942198205,0.257903201101,0.303375856155,1.0,-0.00966,-0.012696,0.484
0.46324102726,0.534348260832,-0.124028289667,-1.37689302518,0.078446222577,1.90178261752,0.156598177899,-0.0105772065835,-0.0580019564062,0.00102519635535,-0.0901162846421,-0.000103730985398,0.0245708195572,-0.0106175874497,0.574122975184,0.818754645564,0.00209442923386,0.0,0.818711247124,-0.574061648683,-0.0120774270844,0.0,-0.00868628527066,0.00864882765706,-0.999924870292,0.0,0.659243842954,0.257684209287,0.303353504109,1.0,-0.01,-0.0131428571429,0.501
0.463118954299,0.533418406372,-0.124029116028,-1.37837471712,0.0783520310921,1.90232817247,0.156413925676,-0.0065407763792,-0.0609761638071,0.000653360673322,-0.0873312335929,-0.00297120542697,0.0361960733238,-0.00685103187376,0.57412848349,0.818750806137,0.00208537679477,0.0,0.818707310243,-0.57406721586,-0.01207968254,0.0,-0.00869327073936,0.00864276944433,-0.999924861967,0.0,0.659069223328,0.257461364967,0.303351384647,1.0,-0.01034,-0.0135897142857,0.518
0.462988694461,0.532537446387,-0.12403383738,-1.37980839816,0.0782787326138,1.90287808744,0.156225974724,-0.0116947303539,-0.0611744095904,0.000545394924932,-0.0894890246988,-0.00175563323489,0.0279801297287,-0.00804025532905,0.574143487214,0.818740280859,0.00208698103122,0.0,0.818696712202,-0.574082117585,-0.0120897725554,0.0,-0.00870045279847,0.00865003522327,-0.999924736674,0.0,0.658906837662,0.257239593462,0.303338007574,1.0,-0.01066,-0.0140102857143,0.534
0.462845558175,0.531513687102,-0.124036852607,-1.38146781587,0.0781797571645,1.90348661853,0.156024081587,-0.00945367982416,-0.0581326327701,0.000447496632002,-0.0935922899264,-0.00232629901877,0.036757267659,-0.00740038447382,0.574161469559,0.818727732563,0.00206245149676,0.0,0.818683808709,-0.574100169389,-0.0121063523599,0.0,-0.00872792070312,0.0086396630489,-0.999924586968,0.0,0.658711210073,0.256985274938,0.303322654795,1.0,-0.01102,-0.0144834285714,0.552
0.462714954861,0.530608661353,-0.124034675128,-1.3829226747,0.0780898714342,1.90398721455,0.155829593301,-0.00924915032949,-0.0590573205442,0.00167776706153,-0.0947032771195,-0.01163401854,0.0267220517592,-0.0190832719931,0.574162449195,0.81872714994,0.00202059065417,0.0,0.818682600813,-0.574101254974,-0.0121365178172,0.0,-0.00877664198987,0.00862272122066,-0.999924306752,0.0,0.658533303893,0.256759149259,0.303311238615,1.0,-0.01132,-0.0148777142857,0.567
0.462577171349,0.529577361876,-0.124043463779,-1.38455843917,0.077986209006,1.90459171391,0.155613425532,-0.00741472910987,-0.0610478840632,0.000428362958603,-0.0944013979509,-0.0104448236415,0.0342394336515,-0.0124781594402,0.574165491121,0.818725030122,0.00201513231592,0.0,0.818680469692,-0.574104379522,-0.0121324713062,0.0,-0.00877643062122,0.00861596170089,-0.999924366875,0.0,0.658341901613,0.256506938067,0.303311829261,1.0,-0.01166,-0.0153245714286,0.584
0.462430337222,0.528356580475,-0.124049142508,-1.38645798613,0.0778768206924,1.90531285688,0.155353554927,-0.00801123882203,-0.0629438417653,0.000515018858436,-0.0979051868126,-0.0112890932372,0.0349638697787,-0.0080013699218,0.574150665474,0.818735335554,0.00205196290273,0.0,0.818691236551,-0.574089374693,-0.0121159382669,0.0,-0.00874190499151,0.00863646434366,-0.99992449244,0.0,0.658118482204,0.256228751976,0.303330053291,1.0,-0.01204,-0.015824,0.603
0.462292231794,0.527377969874,-0.124052703256,-1.38798444123,0.077776294173,1.90590419079,0.155132219409,-0.00781574965069,-0.0641332463721,-0.000314669668578,-0.102543772421,-0.0112176704466,0.0455024468027,-0.0125290961866,0.574140715938,0.818742235739,0.00208245518675,0.0,0.818698646031,-0.574079404019,-0.0120876701718,0.0,-0.00870135899692,0.00864509329309,-0.999924771527,0.0,0.657946408219,0.255991312891,0.303343741764,1.0,-0.01234,-0.0162182857143,0.618
0.46213500224,0.526130052501,-0.124047812556,-1.38991569734,0.0776658814638,1.90662192978,0.154871099265,-0.00546363541675,-0.0702201068201,-0.00038580001103,-0.10979497162,-0.00389855731062,0.037499133548,-0.0129590881775,0.574126760069,0.818751935049,0.0021163949509,0.0,0.818708685286,-0.574065200955,-0.0120822428276,0.0,-0.00867757807229,0.00866961677376,-0.999924765862,0.0,0.657714760488,0.255708705437,0.303364716774,1.0,-0.0127,-0.0166914285714,0.636
0.461979794215,0.52495006003,-0.124058447641,-1.39175511595,0.0775415449309,1.90727904734,0.154620975737,-0.0113829782261,-0.069553892404,-0.00260315898184,-0.107924878166,-0.0151865565949,0.0335128204635,-0.0176570132861,0.574121904822,0.818755367511,0.00210558235724,0.0,0.818712082245,-0.574060498232,-0.0120754982186,0.0,-0.0086783144092,0.00865684042595,-0.999924870164,0.0,0.65749393009,0.25542211431,0.303376496616,1.0,-0.01304,-0.0171382857143,0.653
0.461838503918,0.523838212107,-0.124062448877,-1.39353646715,0.0774346386422,1.90792827426,0.154383380953,-0.00710518949378,-0.0715969157934,-0.00134763242944,-0.107879948263,-0.00524870879362,0.0366135547712,-0.0123747384674,0.574112784308,0.818761809673,0.00208729868272,0.0,0.818718245367,-0.574051417432,-0.0120893237434,0.0,-0.00870022732479,0.00864971136355,-0.999924741437,0.0,0.657276784053,0.255156824435,0.303366851926,1.0,-0.01336,-0.0175588571429,0.669
0.461675311258,0.522617265543,-0.124057390887,-1.39546373571,0.077316318037,1.90867400972,0.154123196989,-0.0105491954982,-0.0680811369183,0.000855609088293,-0.111840676067,-0.00926331298067,0.0375458486583,-0.0137939783024,0.574101440549,0.81876968185,0.00211918495594,0.0,0.818726540504,-0.574039944659,-0.0120723117176,0.0,-0.00866811289744,0.00866593136154,-0.999924879905,0.0,0.657051017547,0.254871239244,0.303372210309,1.0,-0.0137,-0.0180057142857,0.686
0.46150456642,0.521384225798,-0.124062001166,-1.39745557889,0.0771940368856,1.90945016779,0.153858670689,-0.0143019465466,-0.0698479364435,-0.000149556237969,-0.123220507472,-0.00503703011974,0.0529992597328,-0.0202683431466,0.574101788789,0.818769412605,0.00212884796194,0.0,0.81872645239,-0.574040306615,-0.0120610712363,0.0,-0.00865335827867,0.00866739358521,-0.999924995027,0.0,0.6568200995,0.254569013289,0.303357972397,1.0,-0.01404,-0.0184525714286,0.703
0.461353149926,0.520157434764,-0.124068443557,-1.39935039787,0.0770745117735,1.91015294515,0.153598081244,-0.0101033100191,-0.0748556185124,0.00110054763497,-0.119404324396,-0.0133194165917,0.0464642920951,-0.0168347998951,0.574085734998,0.818780601802,0.00215450362652,0.0,0.818738023885,-0.574024193673,-0.012042434315,0.0,-0.0086235404385,0.00867753086588,-0.999925164704,0.0,0.656591944531,0.254285397743,0.303378814728,1.0,-0.01436,-0.0188731428571,0.719
0.461171092733,0.518739441582,-0.124074424589,-1.40156460002,0.076937783016,1.91093162716,0.153303751904,-0.0100354099542,-0.0797977826919,-0.0044269213493,-0.124099667556,-0.0118271517218,0.0492070066837,-0.0134072662076,0.574078627988,0.818785627052,0.0021383922379,0.0,0.818742789019,-0.574017105754,-0.0120563109049,0.0,-0.008644226789,0.00867223061508,-0.99992503207,0.0,0.656316412069,0.253948988799,0.303388078242,1.0,-0.01472,-0.0193462857143,0.737
0.461019361394,0.517554350066,-0.124069823725,-1.4034296611,0.0768153021638,1.91159588032,0.153039118001,-0.0148211799771,-0.0750701804733,-0.000998853105571,-0.126074748023,-0.010099812687,0.0431706190117,-0.0254641730046,0.574048543208,0.818806762656,0.00212187905657,0.0,0.818763693403,-0.573987079477,-0.0120662280522,0.0,-0.00866214473935,0.00866408497918,-0.999924947624,0.0,0.656082889167,0.253671623633,0.30338941139,1.0,-0.01502,-0.0197405714286,0.752
0.46083241276,0.516199927902,-0.124072361543,-1.40557316442,0.0766835372795,1.9123955021,0.152745033791,-0.00962390710877,-0.0832631155393,9.92945857761e-05,-0.126984760567,-0.00879303385729,0.0471963275733,-0.0245283645904,0.57404050889,0.818812378152,0.0021284832141,0.0,0.818769389514,-0.573979012399,-0.0120634581131,0.0,-0.00865617079131,0.00866781741836,-0.999924967009,0.0,0.65582527128,0.253343857143,0.30338864567,1.0,-0.01536,-0.0201874285714,0.769
0.460664494232,0.514922741741,-0.124075524672,-1.40764187067,0.0765570278499,1.9131770306,0.152467436162,-0.0103192120931,-0.0775018881338,0.00290088472319,-0.136367651945,-0.00851943060863,0.0521917485784,-0.0180559967975,0.574028113077,0.818821099045,0.00211661467375,0.0,0.818777953014,-0.573966666407,-0.0120696484421,0.0,-0.0086681834235,0.00866152171177,-0.9999249175,0.0,0.655574012896,0.253035732906,0.303367417264,1.0,-0.01568,-0.020608,0.785
0.460468357084,0.51350570463,-0.124078380295,-1.4099052072,0.0764203841789,1.9139558624,0.152151013194,-0.0139791474531,-0.0807522650608,0.000106371793008,-0.133205728198,-0.0118966719108,0.0406234352736,-0.028345986092,0.574013454798,0.818831517263,0.00206081265834,0.0,0.81878750286,-0.573952112272,-0.0121138301177,0.0,-0.00873654632252,0.00864103549381,-0.999924499782,0.0,0.655286449303,0.25268635155,0.303350907981,1.0,-0.01602,-0.0210548571429,0.802
0.460233244767,0.511833339056,-0.124081264317,-1.41259332515,0.0762550654653,1.91492628842,0.151775327146,-0.0156542034317,-0.0776309394415,-0.000442940333428,-0.132065854973,-0.00716519675345,0.050002938401,-0.0105192497193,0.573996562799,0.818843459331,0.00202037325881,0.0,0.818798842058,-0.573935326611,-0.0121426526742,0.0,-0.00878353724533,0.00862428622732,-0.99992423271,0.0,0.654953157431,0.252272778305,0.303327215065,1.0,-0.01642,-0.0215805714286,0.822
0.460050506138,0.51053545923,-0.124089606713,-1.41465850841,0.0761248665123,1.91571150077,0.1514727815,-0.0118993433748,-0.0924954793118,-0.00129731196453,-0.142034925587,-0.00592116622295,0.0541603602192,-0.0148679967917,0.573977291353,0.818856944728,0.002029773947,0.0,0.818812516986,-0.573916081714,-0.0121301310009,0.0,-0.00876809091307,0.00862459010022,-0.999924365653,0.0,0.654706622228,0.251952458616,0.303321343083,1.0,-0.01672,-0.0219748571429,0.837
0.459850937364,0.509043671443,-0.124096703357,-1.41701748768,0.0759738136325,1.91657201328,0.151158354193,-0.0122836792397,-0.0940663418378,-0.00268630615817,-0.141526143389,-0.0121126691137,0.0463745612903,-0.01563762412,0.573970238805,0.818861916549,0.00201828965301,0.0,0.818817368888,-0.573909110256,-0.0121324554289,0.0,-0.00877665986389,0.00861644485643,-0.999924360699,0.0,0.654414333911,0.251591392532,0.303317398851,1.0,-0.01706,-0.0224217142857,0.854
0.459665582429,0.507704811696,-0.124095425441,-1.41911457932,0.0758426538022,1.91731409019,0.150860913526,-0.0116726487461,-0.0865833462903,0.000526215864161,-0.145782991822,-0.00132955804294,0.0524664284322,-0.0190517978092,0.573950730818,0.818875623812,0.00200454983996,0.0,0.818830821991,-0.57388959236,-0.0121477421498,0.0,-0.00879726901499,0.00861375851938,-0.999924202738,0.0,0.654149551694,0.251268859613,0.303320098035,1.0,-0.01736,-0.022816,0.869
0.459445817368,0.506134067216,-0.124100408354,-1.42155081293,0.0756872214912,1.91821695661,0.150532296678,-0.0151043610449,-0.09671051286,-0.000940345475303,-0.148203944384,-0.0115361299714,0.0634292190161,-0.0276723945528,0.57394917101,0.818876650479,0.00203157544694,0.0,0.818832245371,-0.573887956149,-0.0121290819956,0.0,-0.00876649413911,0.00862516210243,-0.99992437472,0.0,0.653852297425,0.250889995511,0.303337174731,1.0,-0.0177,-0.0232628571429,0.886
0.459199720969,0.504311361438,-0.124104283211,-1.42432823362,0.0755212239615,1.91928771487,0.150144998121,-0.0110817960856,-0.0981070909928,-0.000119814600584,-0.15108010236,-0.00744541563908,0.0513873507505,-0.0246304757816,0.573934975345,0.818886348182,0.00213066613482,0.0,0.81884325059,-0.573873345399,-0.0120773053744,0.0,-0.00866737486501,0.00867643659432,-0.999924795203,0.0,0.653519177804,0.250467095397,0.30338180501,1.0,-0.01808,-0.0237622857143,0.905
0.458987764044,0.502736610104,-0.124111979056,-1.42665009111,0.0753701267868,1.92016620507,0.149826440026,-0.00783032255498,-0.104769990124,-0.000832882992475,-0.147309679326,-0.00648692983493,0.0560625757006,-0.019942558317,0.573931510162,0.818888493248,0.00223700038349,0.0,0.818846914233,-0.573869565005,-0.012008343469,0.0,-0.00854991246508,0.0087238955249,-0.999925393539,0.0,0.653240911209,0.250104578335,0.303452728771,1.0,-0.0184,-0.0241828571429,0.921
0.458751901529,0.501024953487,-0.124113058449,-1.42921414638,0.0752087232132,1.92106363193,0.149469739826,-0.0106591698144,-0.101609449512,0.00117198840562,-0.15512130688,-0.00592914608958,0.0479434248208,-0.0127894668076,0.573920451378,0.818896134231,0.00227678120114,0.0,0.818855008262,-0.573858276172,-0.0119958832327,0.0,-0.00851699664923,0.00874920485817,-0.999925453313,0.0,0.652915724371,0.249703212208,0.303504800307,1.0,-0.01874,-0.0246297142857,0.938
0.458543137238,0.499522327616,-0.124113884286,-1.43149844765,0.075063237393,1.92189937511,0.149135924644,-0.0124607852378,-0.0962351557379,0.000225891251817,-0.15470025689,-0.0174835303079,0.0567797620666,-0.0157577448876,0.573895653447,0.818913388586,0.00232117431349,0.0,0.818872845344,-0.573833304171,-0.0119728477342,0.0,-0.00847292131313,0.00877208077838,-0.999925627336,0.0,0.652631433316,0.249348540253,0.30353826226,1.0,-0.01904,-0.025024,0.953
0.458288275059,0.497841379897,-0.124109330345,-1.43414365719,0.0748962805672,1.92288820032,0.148753790949,-0.0107223087256,-0.0999056159267,0.00165844671081,-0.157735776302,-0.01454451479,0.0542749492811,-0.0286273960863,0.573877551275,0.818926021312,0.00233979943761,0.0,0.818885700807,-0.573815108105,-0.0119656853512,0.0,-0.00845656164468,0.00878303561152,-0.999925669663,0.0,0.652305687034,0.248933476039,0.303536946779,1.0,-0.01938,-0.0254708571429,0.97
0.457997494487,0.495985076641,-0.124115656461,-1.4371275562,0.0747068380079,1.92394214838,0.148306005516,-0.00928665256677,-0.0970023046345,0.00625998536301,-0.15813302042,-0.0082707856454,0.0526795962516,-0.0287967037322,0.573853091142,0.818943348451,0.00227348103136,0.0,0.818902086053,-0.573790842283,-0.0120079003557,0.0,-0.00852945174763,0.00875269761297,-0.99992531658,0.0,0.651926844508,0.248451816985,0.303502007755,1.0,-0.01976,-0.0259702857143,0.989
0.457740090553,0.494406246922,-0.124122526055,-1.43971626477,0.0745510273901,1.92483805975,0.147949891546,-0.0250284870457,-0.102771671399,-0.00139787883419,-0.16346075771,-0.0100278336055,0.0596249161082,-0.0214174388526,0.573868149027,0.818933075167,0.00217090565869,0.0,0.818890303172,-0.573806154972,-0.0120795193921,0.0,-0.0086468054113,0.00870995272127,-0.999924681903,0.0,0.651572608667,0.248000793504,0.303444533947,1.0,-0.0232828571429,-0.0306003265306,1.006
0.457389866885,0.491766739441,-0.124211002737,-1.44370893671,0.0743276881877,1.92633581287,0.147367928492,-0.0220454360215,-0.159213347764,-0.0053277602569,-0.24247260518,-0.0151231179261,0.096983994701,-0.0373894403991,0.573879950198,0.818924469105,0.00229424553333,0.0,0.818883484072,-0.573817619186,-0.0119969298938,0.0,-0.00850826474484,0.00876368603373,-0.999925400837,0.0,0.651110697204,0.247376582217,0.303516771844,1.0,-0.0351731428571,-0.0462275591837,1.024
0.456992868082,0.48873888013,-0.124232717548,-1.44856415849,0.0740755872241,1.92815690189,0.14664586979,-0.0257651476444,-0.204894713526,0.000816753878185,-0.332310907089,-0.0185613907435,0.122432044752,-0.0516493865271,0.573804875712,0.818977037139,0.00230741175033,0.0,0.818935809563,-0.57374207315,-0.0120382812223,0.0,-0.00853538101894,0.00879741594779,-0.99992487355,0.0,0.650487607287,0.246652572249,0.303470128458,1.0,-0.0457422857143,-0.0601184326531,1.04
0.456440953204,0.485038679361,-0.124305113859,-1.454336461,0.0737336314236,1.93033104689,0.145782217232,-0.0364007966486,-0.26601764789,-0.0101378307521,-0.403278475471,-0.0238296012568,0.149655905072,-0.0552677511508,0.573795999981,0.818983033587,0.00238495378548,0.0,0.818942952255,-0.573733020571,-0.0119836955555,0.0,-0.00844627921744,0.00882950766422,-0.999925347294,0.0,0.649778357566,0.245708211568,0.303483542295,1.0,-0.0556508571429,-0.0731411265306,1.055
0.455619024224,0.479686846614,-0.124457768513,-1.4628539744,0.0732225036133,1.93326733784,0.144484982818,-0.0479281820054,-0.31986945518,-0.00356178769087,-0.504827829625,-0.0287343573424,0.173446136344,-0.0732644813077,0.573796043762,0.818983589379,0.00217425686393,0.0,0.818940693012,-0.573733875291,-0.0120966347979,0.0,-0.00865966729519,0.00872175653363,-0.99992446771,0.0,0.648676130441,0.244263853934,0.303400686896,1.0,-0.0675411428571,-0.0887683591837,1.073
0.454648682959,0.473597498643,-0.124602862055,-1.47237613367,0.0726465053862,1.93663451617,0.143117146954,-0.0589215447317,-0.374201800794,-0.0149590131733,-0.584909210552,-0.0331586029563,0.215109723398,-0.0853637174277,0.573880580363,0.818924539047,0.00210374204089,0.0,0.818880725525,-0.573818710324,-0.0121322688402,0.0,-0.00872841417179,0.00868535451188,-0.999924186828,0.0,0.647455544397,0.242638760024,0.303379904848,1.0,-0.0787708571429,-0.103527412245,1.09
0.453600123624,0.467032053934,-0.12470185597,-1.48234765408,0.0720632424543,1.94037002936,0.14154471918,-0.0674292560551,-0.43395186922,-0.00471081262052,-0.642474626233,-0.0393430375903,0.247635544368,-0.109294991702,0.573842930691,0.818950139289,0.00238896558069,0.0,0.818910024775,-0.57377983956,-0.011992244922,0.0,-0.00845047305945,0.00883818299688,-0.999925235218,0.0,0.646202265416,0.2409684966,0.303495026417,1.0,-0.08934,-0.117418285714,1.106
0.452274301149,0.459262635812,-0.124751960175,-1.49442234887,0.07129436349,1.94463472541,0.139680351008,-0.0831924748963,-0.479898958448,-0.00403394799577,-0.740579084666,-0.0439182108544,0.254136405225,-0.111706246367,0.573795195374,0.818983694335,0.00235139982502,0.0,0.818942747712,-0.573731908306,-0.0120507369895,0.0,-0.00852044803538,0.00884048702575,-0.999924621036,0.0,0.644605629807,0.238925391253,0.303472394411,1.0,-0.100569714286,-0.132177338775,1.123
0.450745264498,0.450510969384,-0.124909129423,-1.50778610472,0.070390477189,1.94926684262,0.137571378822,-0.0927705414865,-0.546579530086,-0.0114175603282,-0.789515768073,-0.0536728473616,0.292863439648,-0.127887509713,0.57380084365,0.818979810532,0.00232565449619,0.0,0.818938883805,-0.573738030982,-0.0120217843358,0.0,-0.00851144609795,0.00880284837342,-0.999925029763,0.0,0.642834328896,0.236557528147,0.303530211041,1.0,-0.111799428571,-0.146936391837,1.14
0.449159315903,0.441522169795,-0.125009965725,-1.52145328662,0.0694857860825,1.95415965676,0.135479535825,-0.101584403212,-0.572641097481,-0.00458267884282,-0.899788246717,-0.0514182979181,0.31337972284,-0.138624164651,0.573827491452,0.818960677088,0.00248321117334,0.0,0.818921966885,-0.57376421191,-0.0119242687768,0.0,-0.00834089011734,0.00887620031223,-0.999925818559,0.0,0.641013141701,0.234176261144,0.303608305842,1.0,-0.122368571429,-0.160827265306,1.156
0.447257188805,0.431117422122,-0.1251210219,-1.5370768804,0.0684405358772,1.95964691384,0.132890066499,-0.11623532579,-0.622602130915,-0.00758732987383,-0.93310058423,-0.0618224859969,0.346560195609,-0.157173324562,0.573744182757,0.819018381565,0.00269264038982,0.0,0.818982440108,-0.57368016329,-0.0118143955705,0.0,-0.00813164932025,0.0089838388949,-0.999926580764,0.0,0.638892885675,0.231400480055,0.303751830771,1.0,-0.133598285714,-0.175586318367,1.173
0.444982537605,0.419400279477,-0.125237929059,-1.55488875577,0.0671660243528,1.96576534208,0.129949465683,-0.130232151153,-0.671858605894,-0.0109116443296,-1.01360191342,-0.0729800446881,0.336477597904,-0.165268000378,0.573689137399,0.819057055971,0.00265698992221,0.0,0.819020933132,-0.57362556737,-0.0117968831603,0.0,-0.00813835972794,0.00894404629025,-0.999926882895,0.0,0.636416988422,0.228162022916,0.303773534606,1.0,-0.145488571429,-0.19121355102,1.191
0.442898476927,0.408884110343,-0.125370361372,-1.57054797122,0.0660334034022,1.97132941033,0.127342709299,-0.146864423404,-0.693101770527,-0.00851969916658,-1.06247899659,-0.0773120147729,0.360117039863,-0.175614444998,0.573690891998,0.819054817626,0.00295179000533,0.0,0.819023288048,-0.573627172574,-0.0115528100647,0.0,-0.00776930736906,0.00904550082081,-0.999928905862,0.0,0.634261899091,0.225267006279,0.303925963429,1.0,-0.155397142857,-0.204236244898,1.206
0.440110177114,0.395561016343,-0.125521608622,-1.59050765071,0.0647102775728,1.97808997831,0.123960869594,-0.162328813909,-0.759140928057,-0.00927335273201,-1.12491576043,-0.0804508564096,0.383646087608,-0.190775346592,0.573749788163,0.819013116573,0.00307284324278,0.0,0.81898239963,-0.573684782474,-0.0115907875376,0.0,-0.00773031244984,0.00916699292,-0.99992810167,0.0,0.631401485463,0.221516696966,0.303997563867,1.0,-0.167287428571,-0.219863477551,1.224
0.437579688529,0.383967595216,-0.125633543463,-1.60809125734,0.0633779197457,1.9839141656,0.120879409271,-0.172338302037,-0.806471472395,-0.00554560794079,-1.1765436982,-0.0873156448776,0.378711566332,-0.21716515019,0.573681907838,0.819061400807,0.00287005729315,0.0,0.819028173828,-0.573617725559,-0.0116748576857,0.0,-0.00791626196613,0.00904848662588,-0.999927726231,0.0,0.628810659391,0.218160118775,0.303916799205,1.0,-0.177196,-0.232886171429,1.239
0.434434473545,0.370020385095,-0.125783896758,-1.62879701765,0.0618314083768,1.99083688559,0.117160181475,-0.193972402592,-0.845723285064,-0.0130188246501,-1.23650727568,-0.0944368246521,0.403088015122,-0.230262868638,0.573652836205,0.819081454675,0.00295652196317,0.0,0.819049500952,-0.573588541579,-0.0116123580744,0.0,-0.00781579050095,0.00908317486214,-0.999928202099,0.0,0.625746552941,0.214125157403,0.303979293089,1.0,-0.188425714286,-0.24764522449,1.256
0.430502781711,0.353779893042,-0.125997946762,-1.6529079242,0.0599548753451,1.99875152518,0.112791464334,-0.217420877957,-0.844517965947,-0.0172417362204,-1.30179812862,-0.096814899405,0.418987511663,-0.237428305912,0.573767758565,0.819001218741,0.0028826782003,0.0,0.818968624182,-0.573704059605,-0.0116099741737,0.0,-0.00785493004351,0.00902242556795,-0.999928445395,0.0,0.621911417604,0.208982068262,0.303963272302,1.0,-0.201637142857,-0.265008816327,1.276
0.427109708204,0.340267131331,-0.126161903133,-1.67263764609,0.0584977217298,2.00514005862,0.109056888997,-0.228129841908,-0.915643966098,-0.00576864854587,-1.31145620206,-0.0977046034933,0.429953817541,-0.247147099258,0.57385915226,0.818936599209,0.00304413273829,0.0,0.818905704229,-0.573794454559,-0.0115809498583,0.0,-0.00773750617936,0.0091388676834,-0.999928303478,0.0,0.619085198178,0.20519159297,0.304064136846,1.0,-0.210885142857,-0.277163330612,1.29
0.423066050333,0.324483988836,-0.126298893963,-1.69572597509,0.0566251144636,2.01261295211,0.104541187733,-0.236893487209,-0.947490452163,-0.00368235454561,-1.3701557653,-0.123882124072,0.454679843134,-0.265218807501,0.57376486078,0.819002428937,0.00310690034481,0.0,0.818972662557,-0.573700352224,-0.011507855761,0.0,-0.00764267914322,0.00914744582294,-0.999928954321,0.0,0.615453887036,0.200442529049,0.304084047472,1.0,-0.222114857143,-0.291922383673,1.307
0.419001487241,0.309076884569,-0.126426728117,-1.71805182113,0.0548084976416,2.01964427809,0.100079585759,-0.26018147786,-0.997945742238,-0.00698794293551,-1.40632569656,-0.120960524394,0.460174656774,-0.29068398366,0.573672575403,0.819066904693,0.00315099484294,0.0,0.819037588048,-0.573607797463,-0.0115009110518,0.0,-0.00761272697326,0.00917871719744,-0.999928896241,0.0,0.611841845505,0.195786574277,0.304117573005,1.0,-0.232684,-0.305813257143,1.323
0.414584554354,0.29321774412,-0.126548095296,-1.74100845333,0.0528671488469,2.026642356,0.0953483211259,-0.28800642646,-1.02003325236,-0.00954299545398,-1.42879938078,-0.113231925005,0.437185879111,-0.288552291537,0.573592576895,0.819123233359,0.00307102660169,0.0,0.819092668381,-0.573527805859,-0.0115673424858,0.0,-0.00771390834641,0.00915057333502,-0.999928378748,0.0,0.607797764399,0.19056138093,0.304109947938,1.0,-0.243913714286,-0.320572310204,1.34
0.409504648975,0.275734601942,-0.126722286982,-1.765996113,0.0507964248138,2.03424524764,0.0900236543857,-0.3095875729,-1.02165404463,-0.00425062047783,-1.46563179389,-0.117879611641,0.427953115223,-0.320469896535,0.573544609595,0.819156860539,0.00306031640994,0.0,0.819125560746,-0.57347917476,-0.0116489806896,0.0,-0.00778746465372,0.0091881703779,-0.999927463829,0.0,0.603827997935,0.185410175785,0.30409627813,1.0,-0.254482857143,-0.334463183673,1.356
0.403933802695,0.257682593235,-0.126973887023,-1.79154933074,0.0485139220848,2.0418802872,0.0844008150468,-0.336489135161,-1.04292111916,-0.0123993164668,-1.51784577258,-0.125394666904,0.442333415483,-0.342418454088,0.573616175578,0.819106705465,0.00307165732799,0.0,0.819075973788,-0.573551192057,-0.0115899160417,0.0,-0.00773177408404,0.00916426047256,-0.999928115416,0.0,0.599470269187,0.179581575004,0.304127652145,1.0,-0.265712571429,-0.349222236735,1.373
0.397937668684,0.239068064939,-0.127200307464,-1.81765201023,0.0461707588205,2.04946150722,0.078452290755,-0.357772934672,-1.09408578843,-0.0131429978196,-1.54871723559,-0.130066576424,0.436406189563,-0.359289167309,0.573682416632,0.819060268523,0.00308354928157,0.0,0.819029544694,-0.573617212321,-0.0116036868262,0.0,-0.00773549083695,0.00918252585651,-0.999927919102,0.0,0.59489538696,0.173524356263,0.304156275667,1.0,-0.276942285714,-0.363981289796,1.39
0.391642152998,0.220002932407,-0.127381889608,-1.84415924663,0.0437631911627,2.05703243066,0.0721576787397,-0.377712255091,-1.11358236924,-0.015222290584,-1.56265874115,-0.155564085244,0.446552922889,-0.386213792686,0.573598671974,0.819118672079,0.00314824748725,0.0,0.819088330013,-0.573532722925,-0.0116305748907,0.0,-0.00772134676606,0.00925015318253,-0.9999274051,0.0,0.590118173746,0.167351002337,0.304174992855,1.0,-0.288172,-0.378740342857,1.407
