position_joint1,position_joint2,position_joint3,position_joint4,position_joint5,position_joint6,position_joint7,velocity_joint1,velocity_joint2,velocity_joint3,velocity_joint4,velocity_joint5,velocity_joint6,velocity_joint7,ee_T_00,ee_T_10,ee_T_20,ee_T_30,ee_T_01,ee_T_11,ee_T_21,ee_T_31,ee_T_02,ee_T_12,ee_T_22,ee_T_32,ee_T_03,ee_T_13,ee_T_23,ee_T_33,v_x,v_y,time
0.465093911175,0.547687433227,-0.124024781529,-1.35581457851,0.0795241581022,1.89414216694,0.159138482478,0.0017235095195,0.000189148036342,-0.000506679839685,-0.000401904743071,0.000129416177053,0.000428753955999,0.00156977155259,0.573803078129,0.818978905157,0.00208022561147,0.0,0.818937492964,-0.573744016651,-0.0118293227766,0.0,-0.00849461236608,0.00849144005497,-0.999927865902,0.0,0.661693797637,0.260893065197,0.303294424468,1.0,0.0,0.0,0.0
0.465090460677,0.547677341277,-0.12402405927,-1.35581672722,0.079519979739,1.89414215321,0.159137342287,0.0011019024235,-0.00363215699663,0.000150013311839,-6.61261472437e-05,-0.000179488510443,0.000450140861532,0.00171399081074,0.573803457312,0.818978626804,0.00208521389942,0.0,0.818937311797,-0.573744408269,-0.0118228688127,0.0,-0.00848646044096,0.00849182595937,-0.999927931844,0.0,0.661694538847,0.260890400804,0.303300518212,1.0,-0.0003,-0.000394285714286,0.016
0.465086090786,0.547683088537,-0.124025085178,-1.35582001596,0.0795209153822,1.89414189271,0.159134112415,9.22092305843e-05,0.00198405218947,0.000292540497926,-0.000280203179124,0.000204074351917,-0.000729785770114,0.000889086923265,0.573805544571,0.818977183905,0.0020775378042,0.0,0.818935761612,-0.573746518337,-0.011827846377,0.0,-0.00849491978919,0.00848841726378,-0.999927888955,0.0,0.661694903155,0.260886581855,0.30329489443,1.0,-0.00062,-0.000814857142857,0.032
0.465087533528,0.547635492428,-0.124022609157,-1.3558502461,0.0795198478831,1.89415073465,0.159127093345,-0.00115905731589,-0.00335808414643,0.000833473614921,-0.00518578872278,-0.00021937023864,0.0047331355348,-0.00155766364515,0.573798227591,0.818982248467,0.00210181155747,0.0,0.818941120313,-0.573739084363,-0.011817420871,0.0,-0.00847252959995,0.00850223875646,-0.999927961494,0.0,0.661690112354,0.260886438282,0.303314907597,1.0,-0.00098,-0.001288,0.05
0.465087138532,0.547522255838,-0.124025443725,-1.35597362186,0.0795205468167,1.89418025474,0.159126170023,-3.75495377506e-05,-0.00596373477298,0.00017040143525,-0.0106611380175,-9.56168541872e-05,0.00173148250497,-0.00143020322028,0.573806700452,0.818976256119,0.00212351843367,0.0,0.818935332225,-0.57374739205,-0.0118151872699,0.0,-0.00845815751811,0.00851882191025,-0.999927942026,0.0,0.661671424746,0.26087349889,0.303339059667,1.0,-0.0013,-0.00170857142857,0.066
0.465073432532,0.547389695934,-0.124027240746,-1.35616018762,0.0795170918541,1.89423057299,0.159127620452,-0.00304053137528,-0.0121803627058,-0.000392184384948,-0.0109305439823,-0.000457330069777,0.00331224584723,0.000340539725588,0.573829755487,0.818960098546,0.00212499606494,0.0,0.818919109974,-0.57377035392,-0.0118245162139,0.0,-0.00846471019148,0.00852562327866,-0.99992782861,0.0,0.661646369584,0.260845839922,0.303348584183,1.0,-0.00164,-0.00215542857143,0.083
0.465056288168,0.547221303595,-0.124030141898,-1.35637919454,0.0795143354736,1.89432327344,0.159123687351,-0.00139298443155,-0.0101726474979,-0.00098363856221,-0.0124182754915,-0.000252271998967,0.00971527450337,0.000913760367096,0.573854169045,0.818942884947,0.00216581765333,0.0,0.818902366661,-0.573794542692,-0.0118103156532,0.0,-0.00842940191533,0.00855115671366,-0.999927908853,0.0,0.661624384161,0.260814885956,0.303371764968,1.0,-0.00198,-0.00260228571429,0.1
0.465041698615,0.547029271705,-0.124025089072,-1.35659427557,0.079514216826,1.89445529036,0.159104509061,-0.000584169757862,-0.00730981514289,-0.000841528209966,-0.0138578612311,0.000512972595815,0.0120711068486,-0.00166532181061,0.573859146626,0.818939125569,0.00226613038609,0.0,0.81889984582,-0.573799065614,-0.0117652759275,0.0,-0.00833490175475,0.00860751074863,-0.999928217509,0.0,0.661609120856,0.260794110183,0.303416711385,1.0,-0.00232,-0.00304914285714,0.117
0.465014555115,0.546817472282,-0.124027985351,-1.35686759969,0.0795096777696,1.89457899861,0.159092871186,0.000605817015382,-0.0133803589248,-0.0011355027263,-0.0162316186784,0.000369136675146,0.00765606573465,-4.52240708449e-05,0.573888051016,0.818918706413,0.00232466973971,0.0,0.81888013082,-0.573827686909,-0.0117415495718,0.0,-0.00828157417305,0.00864212724799,-0.999928362017,0.0,0.66158469599,0.260752483594,0.303447459238,1.0,-0.00266,-0.003496,0.134
0.464986756241,0.546560443709,-0.124027847242,-1.35723633554,0.079502481936,1.8947053224,0.159006086758,-0.00126742480102,-0.0138060632242,-0.00611814162341,-0.0197571970868,-0.000328013385631,0.00403038111102,-0.00759909811322,0.573858280172,0.818939505654,0.00234675487118,0.0,0.818901067173,-0.573797680507,-0.0117478052821,0.0,-0.00827433865513,0.00866350220267,-0.99992823695,0.0,0.661539701274,0.260701186894,0.303464932517,1.0,-0.003,-0.00394285714286,0.151
0.464952006207,0.546301521486,-0.12402051125,-1.3576231538,0.0794896021985,1.89485007384,0.158932711558,-0.00643853420038,-0.0165522313801,0.00122360369477,-0.0272239161308,-0.000237106456963,0.00707556205283,-0.00101623598324,0.573839745299,0.81895242921,0.00236903089702,0.0,0.818914151906,-0.573778930122,-0.0117515129938,0.0,-0.00826478922245,0.00868368533895,-0.999928140852,0.0,0.661494737586,0.260647668805,0.303476477861,1.0,-0.00332,-0.00436342857143,0.167
0.464913258791,0.546014665814,-0.124025798368,-1.35811400125,0.0794738851275,1.89501868541,0.158905391102,-0.00190028255501,-0.0199594370058,-0.000622114800749,-0.0280702047637,-0.00116570830684,0.0132438663019,-0.000384165808501,0.573876066093,0.818927049021,0.00234436527935,0.0,0.818888334133,-0.573815216485,-0.0117788136855,0.0,-0.0083009164805,0.00867951974692,-0.99992787776,0.0,0.661435458477,0.260573371089,0.303460753975,1.0,-0.00366,-0.00481028571429,0.184
0.464866551769,0.545719068547,-0.124023305058,-1.35859920104,0.0794506522709,1.89517332041,0.158839945768,-0.00684304296841,-0.0215995754801,0.00063067041373,-0.0333577828998,0.00017810114657,0.00857793380734,-0.00385565289621,0.573879811755,0.818924496557,0.00231894387741,0.0,0.818885346263,-0.573818949085,-0.0118046706057,0.0,-0.00833664050027,0.00867357829833,-0.999927632114,0.0,0.661375584776,0.260496934097,0.303452403591,1.0,-0.00396,-0.00520457142857,0.199
0.464800421756,0.545375208454,-0.124031417171,-1.35921847575,0.0793497176564,1.89537256458,0.158753478398,-0.00247107273091,-0.0200704312223,-0.00182221117696,-0.0433048559756,-0.0051450689428,0.0118085175254,-0.00209384263333,0.573876533386,0.818927077564,0.00221652037877,0.0,0.818887144928,-0.573816632135,-0.0117925170451,0.0,-0.0083854967089,0.00858269408987,-0.999928007812,0.0,0.661306876403,0.260376672258,0.303418465476,1.0,-0.0043,-0.00565142857143,0.216
0.464734751529,0.544946923378,-0.124029706285,-1.35995528295,0.0793252868057,1.89559914697,0.158676764696,-0.002485360343,-0.0240769609469,-0.000190198786473,-0.038896466866,-0.000306583541497,0.0127386163233,-0.00365548447373,0.573900722655,0.818910281404,0.00215834361907,0.0,0.81886933443,-0.573840784168,-0.0118538794401,0.0,-0.00846888120537,0.00857051638876,-0.999927409515,0.0,0.661212098869,0.260263809578,0.303390511089,1.0,-0.00466,-0.00612457142857,0.234
0.464665663311,0.544491797863,-0.124035269484,-1.36072314845,0.0793018417427,1.89585976121,0.158568187667,-0.00314559737749,-0.0259788273168,-0.00151890584538,-0.0456105680246,-0.000174288552965,0.0150002686108,-0.00871170823462,0.573908812873,0.818904699019,0.00212493099263,0.0,0.818863096052,-0.573848784422,-0.0118974553499,0.0,-0.00852365713211,0.0085682470129,-0.999926963539,0.0,0.661120084272,0.260143617874,0.303369929148,1.0,-0.00502,-0.00659771428571,0.252
0.464586293451,0.544062567802,-0.124029692423,-1.36144482474,0.0792725135165,1.89611226008,0.158501151504,-0.0042596010613,-0.0300052049406,-7.91883272077e-05,-0.0460808910371,-0.00274903056104,0.0124707075181,-0.000530647893543,0.573947418252,0.818877708468,0.00209918032201,0.0,0.818835586631,-0.573887306007,-0.0119326850376,0.0,-0.00856688177865,0.00856778227691,-0.999926598128,0.0,0.661036741452,0.260026729238,0.303351880043,1.0,-0.00534,-0.00701828571429,0.268
0.464504792119,0.543525481917,-0.124035365046,-1.36231619482,0.079229254824,1.89640928667,0.158361872812,-0.00760472484027,-0.0266767785917,-0.000694812342917,-0.0486827099787,-0.00490739448857,0.0171836177678,-0.0107334384012,0.573940986337,0.818882286703,0.0020716246439,0.0,0.818839701526,-0.573880884704,-0.0119591085886,0.0,-0.00860440206592,0.00856031589672,-0.999926339916,0.0,0.660934475998,0.259886337335,0.303343061231,1.0,-0.0057,-0.00749142857143,0.286
0.4644318467,0.542990832614,-0.12404098999,-1.36317239649,0.0791787504001,1.89670855084,0.158270602044,-0.00480662532281,-0.0295400075374,-0.000296851151255,-0.0529823484551,9.52606123679e-05,0.0175843847012,-0.00564498447794,0.573964039536,0.818866178851,0.0020516710549,0.0,0.818823318735,-0.573904003422,-0.0119714014926,0.0,-0.00862567963472,0.00855127470029,-0.999926233955,0.0,0.660834125059,0.259752384747,0.303339853187,1.0,-0.00604,-0.00793828571429,0.303
0.464359112056,0.542447413145,-0.124044147163,-1.36402239266,0.0791263266027,1.89701386807,0.158151967385,-0.00150606966564,-0.0345739631361,0.000336298158833,-0.0521806105274,-0.00978689816133,0.0175069194935,-0.0101078953289,0.573954216947,0.818873073024,0.00204793201056,0.0,0.818830158606,-0.57389419219,-0.0119739061805,0.0,-0.00862997921709,0.00854954704391,-0.99992621163,0.0,0.660728998953,0.259612657909,0.303346260384,1.0,-0.00638,-0.00838514285714,0.32
0.464285549595,0.54192052196,-0.124047480403,-1.36484697588,0.0790832322114,1.89731901083,0.158042380747,-0.00661986047632,-0.0334517615575,-0.00124362935555,-0.0532175766834,-0.00209055228638,0.0191699667633,-0.0110696219518,0.573969089285,0.818862622906,0.00205821638098,0.0,0.818819800984,-0.573908978434,-0.0119735078273,0.0,-0.00862359519516,0.00855789647666,-0.999926195283,0.0,0.660642883052,0.259493194272,0.303352850218,1.0,-0.00666,-0.00875314285714,0.334
0.464201403155,0.541277242544,-0.124048080494,-1.36581373267,0.0790208784005,1.89767287733,0.157927986249,-0.00564957995978,-0.0427058672263,-0.000103700713359,-0.0563694296362,-0.00614393542455,0.026681738504,-0.00458094131093,0.57398170267,0.81885372126,0.00208208568344,0.0,0.818811240004,-0.573921520239,-0.0119577903585,0.0,-0.00859689286923,0.00856855300159,-0.999926333953,0.0,0.660532810587,0.259344871459,0.303378178993,1.0,-0.007,-0.0092,0.351
0.464120583475,0.540586400964,-0.124048172129,-1.36687376779,0.0789633932589,1.89806438043,0.157790145417,-0.00517542494109,-0.0412449411698,0.000442389581663,-0.0616936571849,-0.000188254558047,0.0314124142082,-0.00485553083257,0.573978491042,0.818855914829,0.00210463090383,0.0,0.818813659189,-0.573918147577,-0.0119540080836,0.0,-0.00858088956423,0.00858480933752,-0.999926331978,0.0,0.660408538462,0.259191939125,0.303395900768,1.0,-0.00734,-0.00964685714286,0.368
0.464032328105,0.539899040592,-0.124051020109,-1.36791589655,0.078897292947,1.89844707148,0.157659337528,-0.00268250241927,-0.0413874220879,-0.000757839435089,-0.0587151458352,-0.0130367824128,0.0265030293871,-0.0070163749588,0.573985650191,0.818850840824,0.00212620761693,0.0,0.818808898576,-0.573925249315,-0.0119391253071,0.0,-0.00855624329399,0.0085940097804,-0.999926464145,0.0,0.660289398785,0.259032597496,0.303418885021,1.0,-0.00766,-0.0100674285714,0.384
0.463923490989,0.539105819201,-0.124053526581,-1.36913552559,0.078821788333,1.89889433653,0.15750785184,-0.00530107234774,-0.0415635353493,0.000284975025456,-0.0698978273694,-0.00492285006937,0.0204712698617,-0.00433927741865,0.573999719287,0.818840936695,0.00214232406641,0.0,0.818799218602,-0.573939264984,-0.0119292341425,0.0,-0.0085387457566,0.00860167592961,-0.999926547798,0.0,0.660150449858,0.258843054326,0.303437653566,1.0,-0.00802,-0.0105405714286,0.402
0.463812796267,0.538282785562,-0.124057070333,-1.37039442746,0.0787588611124,1.89938643139,0.157363035919,-0.00578770760626,-0.0433532028232,-0.000193080291414,-0.0661192189496,-9.35244440195e-05,0.0240784288947,-0.00576092476439,0.574027145071,0.818821570558,0.00219527012685,0.0,0.818780472367,-0.573966402023,-0.0119102611771,0.0,-0.00849253097416,0.0086344237714,-0.999926659132,0.0,0.660011898698,0.258652495302,0.303462596148,1.0,-0.00838,-0.0110137142857,0.42
0.463716508132,0.537595529605,-0.124062399993,-1.37148144409,0.0786951152393,1.89980839475,0.157223512324,-0.00537140845995,-0.0503086414101,-0.000882487068967,-0.0758015154,-0.00614940200863,0.0236120800089,-0.00310642988964,0.574038552328,0.818813527244,0.00221245221751,0.0,0.818772678099,-0.573977764561,-0.011898499429,0.0,-0.00847291703829,0.00864185919697,-0.999926761291,0.0,0.659892059431,0.258484153008,0.303467292932,1.0,-0.00868,-0.011408,0.435
0.463599209733,0.536700993331,-0.12406166654,-1.37286699174,0.0786191235307,1.9003181751,0.157050020209,-0.00991596900119,-0.0519029884893,8.47296286365e-05,-0.0831186528055,-0.00114517040153,0.0244784611856,-0.0156474397671,0.574047983391,0.818806860568,0.0022326558193,0.0,0.818766185516,-0.57398702268,-0.0118986617855,0.0,-0.00846135334247,0.00865859259652,-0.999926714452,0.0,0.659730473558,0.258276742381,0.303483530781,1.0,-0.00904,-0.0118811428571,0.453
0.463497936034,0.535905205547,-0.124066363305,-1.374118947,0.0785404661678,1.90077959926,0.15690292692,-0.00396662293122,-0.0539733106086,-0.00127149721427,-0.0862095419013,-0.00290851284625,0.027600333658,-0.0125298272672,0.574067633646,0.818793083152,0.00223290934183,0.0,0.818752450548,-0.574006709515,-0.0118940764778,0.0,-0.00845724543475,0.00865637099547,-0.999926768439,0.0,0.659576421311,0.258071036073,0.303487823384,1.0,-0.00938,-0.012328,0.47
0.463372418057,0.535013405087,-0.124068013147,-1.37553617473,0.0784581876897,1.90128230429,0.156736717777,-0.00611423840139,-0.0500488174702,0.000748493809813,-0.0784273746915,-0.0113620808143,0.0322424004121,-0.00459584476773,0.574085056866,0.818780914287,0.00221557760106,0.0,0.81873998059,-0.57402412294,-0.0119120681188,0.0,-0.00848174233596,0.00865268885655,-0.999926592817,0.0,0.659416508368,0.257868153764,0.303487809308,1.0,-0.0097,-0.0127485714286,0.486
0.463260129101,0.534175690981,-0.124078204545,-1.37692599813,0.0783946264511,1.90178738202,0.156559557594,-0.00626335563763,-0.0571045631659,-0.000581438440384,-0.0884624548842,-0.00570828418263,0.0308712107184,-0.0103630603703,0.574098359883,0.818771674759,0.00218281801964,0.0,0.81873014257,-0.574037382504,-0.0119492274006,0.0,-0.00853083403339,0.00864733724903,-0.999926221493,0.0,0.659251023901,0.257658184037,0.303461412873,1.0,-0.01002,-0.0131691428571,0.502
0.463130933947,0.533247912278,-0.124076927338,-1.37839961455,0.0783026470255,1.90233666836,0.156381528852,-0.0045287810262,-0.0553600799185,9.27416766052e-05,-0.0882586870997,-0.00214505403675,0.0286671296192,-0.00968255148411,0.574113506158,0.818761053255,0.00218325918241,0.0,0.818719533177,-0.574052531513,-0.0119483872665,0.0,-0.00852973290621,0.00864737393387,-0.999926230569,0.0,0.659080197002,0.257433399635,0.303461887934,1.0,-0.01036,-0.013616,0.519
0.462995378731,0.532307239771,-0.124080177631,-1.37992713389,0.0782167042134,1.9029119192,0.156187795464,-0.0111564567043,-0.0557588311787,-0.000504484077921,-0.0962598573829,-0.00940832749231,0.0311283709287,-0.0152107732468,0.574128709537,0.818750416624,0.00217418141663,0.0,0.818708726243,-0.574067717476,-0.0119592736716,0.0,-0.00854369743057,0.00864635012734,-0.999926120203,0.0,0.658904282128,0.257198315969,0.303448031894,1.0,-0.0107,-0.0140628571429,0.536
0.462873200382,0.531388433949,-0.124077621875,-1.38140255728,0.0781378822016,1.90345192086,0.156002621691,-0.00581812931384,-0.0579218120317,-0.000256165362787,-0.0905422299215,-0.00364723204952,0.0369372574929,-0.0124536179069,0.574134668419,0.818746261198,0.00216545466909,0.0,0.818704319016,-0.574073571995,-0.0119799358523,0.0,-0.00856556230525,0.00865113014955,-0.999925891799,0.0,0.658727344488,0.256980105744,0.303440120151,1.0,-0.01102,-0.0144834285714,0.552
0.462739910723,0.530381190686,-0.124077622346,-1.38304785669,0.0780345527418,1.90403066848,0.155785090578,-0.00497307166802,-0.0639859413059,4.10726267708e-05,-0.0958975565352,-0.00472007161208,0.0426915670711,-0.0126211270163,0.574127354923,0.818751528024,0.00211248387851,0.0,0.818708851992,-0.574066436971,-0.0120120154195,0.0,-0.00862231589238,0.00862610197032,-0.999925620251,0.0,0.658525189731,0.256732797213,0.303416892226,1.0,-0.01136,-0.0149302857143,0.569
0.462587742353,0.529262052713,-0.124081521495,-1.38479159464,0.0779203454954,1.90467059377,0.155550966306,-0.00502260663944,-0.0646176722271,-0.0010797407716,-0.0972404412676,-0.00564373914709,0.0314597606484,-0.0181419464814,0.574126941539,0.818751799124,0.0021197482058,0.0,0.818709284462,-0.574066059879,-0.0120005554429,0.0,-0.00860876660434,0.00862546579694,-0.999925742482,0.0,0.658321042281,0.256462993231,0.303430781817,1.0,-0.01172,-0.0154034285714,0.587
0.462459912683,0.528240835883,-0.124083931232,-1.38638794452,0.0778153498992,1.9052852512,0.155336823594,-0.0082000923476,-0.0621495014013,0.00108040893932,-0.0976425201391,-0.00753632788564,0.0413038218003,-0.0106633588695,0.574116392588,0.818759125637,0.00214682304967,0.0,0.818717063977,-0.574055500022,-0.0119749299891,0.0,-0.00857235267256,0.0086328104793,-0.999925991938,0.0,0.658136172563,0.256226077554,0.303443375748,1.0,-0.01204,-0.015824,0.603
0.462297638931,0.526972637203,-0.124089719968,-1.38836641276,0.0777010066068,1.90604015864,0.155054063386,-0.00623399895634,-0.0697357192118,-0.000355912927708,-0.107473415395,-0.00365347709746,0.0435505723899,-0.016706946892,0.574098246551,0.818771747502,0.00218533757419,0.0,0.818730171718,-0.574037181396,-0.011956889033,0.0,-0.0085356622447,0.00865379744784,-0.999926124401,0.0,0.657905886841,0.255930430756,0.303459962192,1.0,-0.01242,-0.0163234285714,0.622
0.462156677182,0.525867792762,-0.124095327641,-1.39006834422,0.0775930226209,1.90666493431,0.154828021756,-0.00824824864649,-0.066940303577,-0.000657251420115,-0.108262512326,-0.00789018379368,0.0365112016202,-0.0123194949734,0.57409522459,0.818773813232,0.00220516888341,0.0,0.818732537977,-0.574034121635,-0.0119417484982,0.0,-0.00851191265217,0.00866131105972,-0.999926261798,0.0,0.657703713408,0.255671854914,0.303481575901,1.0,-0.01274,-0.016744,0.638
0.462007472049,0.524770671409,-0.124102109155,-1.39179464286,0.0774857594392,1.9072855045,0.154593650033,-0.00879787045691,-0.0725556806478,-0.0011191794372,-0.104324451785,-0.0048107816439,0.043159860239,-0.0175569402531,0.57409422575,0.818774540738,0.00219506278234,0.0,0.818733135701,-0.574033166015,-0.0119467033421,0.0,-0.00852178177442,0.00865587069263,-0.999926224848,0.0,0.657496593971,0.255404050452,0.30348557767,1.0,-0.01306,-0.0171645714286,0.654
0.461854500019,0.523584140505,-0.124104632148,-1.39368373538,0.0773608760433,1.9079724041,0.154330552671,-0.0111344123103,-0.0671063492808,0.000708621522014,-0.115739430711,-0.00986800540207,0.0375495285761,-0.0186802437806,0.574073571841,0.818789075354,0.00217510816176,0.0,0.818747461633,-0.574012648308,-0.0119507553222,0.0,-0.00853677266307,0.00864164345864,-0.999926220034,0.0,0.657267200772,0.255119792925,0.303480287514,1.0,-0.0134,-0.0176114285714,0.671
0.461691873328,0.522353751822,-0.124103321585,-1.39562343698,0.0772471077836,1.90871845126,0.154071446994,-0.0106492013342,-0.0765882459488,0.00209877993971,-0.114511908142,-0.0105308042256,0.0471585953152,-0.0165584712497,0.574067159046,0.818793486269,0.00220695484925,0.0,0.818752256387,-0.574006074874,-0.0119379885443,0.0,-0.00850810557615,0.00866032316896,-0.999926302755,0.0,0.657039223227,0.254831792937,0.303486439346,1.0,-0.01374,-0.0180582857143,0.688
0.461537771523,0.521188495529,-0.124109607654,-1.39749904292,0.0771317481675,1.90944580944,0.153818204608,-0.00875599607335,-0.0755629134754,3.13458885729e-05,-0.11944438576,-0.00504252541278,0.0467936656688,-0.0145033275874,0.574059880054,0.818798564196,0.00221636725762,0.0,0.818757512914,-0.573998815694,-0.0119265053268,0.0,-0.00849337678024,0.00866136231896,-0.99992641897,0.0,0.656819911603,0.254550237363,0.303475647349,1.0,-0.01406,-0.0184788571429,0.704
0.461354615355,0.519826515163,-0.124120572294,-1.3996688236,0.0769954051808,1.91023845735,0.153527338014,-0.00983249171163,-0.0740075320858,-0.00104110662157,-0.119274919048,-0.0132154209391,0.0500165528627,-0.00723854398045,0.57405831976,0.81879970842,0.00219770497051,0.0,0.818758451417,-0.57399736925,-0.0119316900955,0.0,-0.0085083513118,0.00864904200729,-0.999926398307,0.0,0.656558293522,0.254215662826,0.303468446797,1.0,-0.01442,-0.018952,0.722
0.461185260586,0.518471691067,-0.124120850856,-1.40173796975,0.0768590799299,1.91097684812,0.153247085594,-0.00773294194676,-0.0760898254964,0.000735367666875,-0.121101631647,-0.00370316868201,0.0445335504305,-0.0146870791466,0.574040603434,0.818812085044,0.00221402273279,0.0,0.818771067374,-0.573979616386,-0.0119199876523,0.0,-0.00848958947533,0.00865550130618,-0.999926501883,0.0,0.656302711322,0.253904633052,0.303498583363,1.0,-0.01476,-0.0193988571429,0.739
0.461013495908,0.517196828369,-0.124127370785,-1.40374817027,0.0767225645955,1.9117001141,0.152973462583,-0.013842787203,-0.0814569213718,-0.0014116988775,-0.123568146221,-0.00749848615561,0.0467319213007,-0.00765230804839,0.574031329699,0.81881863863,0.00219464284431,0.0,0.818777459381,-0.573970514565,-0.0119191996263,0.0,-0.00850016618349,0.00863908443191,-0.999926554,0.0,0.6560572623,0.253593325753,0.303499195433,1.0,-0.01508,-0.0198194285714,0.755
0.460818861858,0.515779411213,-0.124133411503,-1.40602920677,0.0765892521789,1.91254918458,0.152649460907,-0.0105402513317,-0.0753922536528,-0.000230733023543,-0.126204531862,-0.00599521679786,0.0493598222901,-0.0198430263427,0.574014465099,0.818830494093,0.00218236163873,0.0,0.818789092973,-0.573953639056,-0.011932658691,0.0,-0.00851841441337,0.00863657888332,-0.999926420354,0.0,0.655781242912,0.25324607454,0.303481459711,1.0,-0.01544,-0.0202925714286,0.773
0.460640008977,0.514465890684,-0.124134338915,-1.40811050898,0.076464320214,1.91332091862,0.15237667665,-0.0108066246917,-0.0832646370633,0.00126254408452,-0.130914707867,-0.0115247461451,0.0516675893308,-0.0240754936622,0.57401425229,0.818830634781,0.00218554651008,0.0,0.818789226673,-0.573953364153,-0.0119367065238,0.0,-0.00851990324264,0.00864150798271,-0.999926365083,0.0,0.655527999329,0.25293067486,0.303478616341,1.0,-0.01576,-0.0207131428571,0.789
0.460464140903,0.513168141526,-0.124136619402,-1.4102460845,0.0763357158257,1.91406872635,0.152079522783,-0.00856571380826,-0.0794488751132,-0.00202872962111,-0.138750886125,-0.00481615028534,0.0511986969948,-0.0230093185258,0.573993940544,0.818845073748,0.00210910382878,0.0,0.8188025478,-0.573933247833,-0.0119900646144,0.0,-0.00860768625758,0.00860932978025,-0.999925890843,0.0,0.655255625602,0.252607687872,0.303436529769,1.0,-0.01608,-0.0211337142857,0.805
0.460244236024,0.511569303203,-0.124142950756,-1.41280764003,0.0761810227754,1.91499550429,0.151710477295,-0.00808754044129,-0.0804948126087,-0.000497955526573,-0.137528450808,-0.00872143740358,0.051947577134,-0.0208770411407,0.573968712484,0.818862837862,0.002077681198,0.0,0.81881982867,-0.573908081714,-0.0120145254014,0.0,-0.00864601679762,0.00859737376442,-0.999925663016,0.0,0.654938059914,0.252214860209,0.303417769581,1.0,-0.01646,-0.0216331428571,0.824
0.460064695594,0.510272309352,-0.124135865694,-1.41485812741,0.0760460133399,1.91577836268,0.1514315684,-0.0101693998337,-0.0851211788569,0.00214365194772,-0.135510539901,-0.00771206534125,0.0534157979077,-0.0257235125873,0.573952995406,0.818873804693,0.00209712973697,0.0,0.818831099658,-0.573892335056,-0.0119985372848,0.0,-0.00862192719427,0.00860395711657,-0.999925814395,0.0,0.654690424421,0.251906445661,0.303417468154,1.0,-0.01676,-0.0220274285714,0.839
0.45985260285,0.508763530369,-0.124148623339,-1.41723377162,0.0758979916824,1.91664414944,0.151097243273,-0.0102702407648,-0.0965027211886,-0.000314794473183,-0.139119645828,-0.00643008853878,0.0461718709636,-0.0186026746342,0.573945618001,0.818878989225,0.00209176584104,0.0,0.818836233415,-0.573885000213,-0.0119990115803,0.0,-0.00862547150148,0.00859975935132,-0.999925819939,0.0,0.654399838652,0.251532956845,0.303418011925,1.0,-0.0171,-0.0224742857143,0.856
0.459633592405,0.50716329289,-0.124149007179,-1.41975398169,0.0757324831631,1.91755235538,0.150746656889,-0.0131355182851,-0.0864312725174,0.00053432329359,-0.139207794526,-0.0149931782129,0.0524971150326,-0.0228009071638,0.57392391534,0.818894240368,0.00207590801319,0.0,0.818851293473,-0.573863382637,-0.0120051716679,0.0,-0.00863984468279,0.00859008047539,-0.999925779046,0.0,0.654084406285,0.251146399922,0.303416451859,1.0,-0.01746,-0.0229474285714,0.874
0.459422692106,0.505673666759,-0.124155071914,-1.42206401944,0.0755912156033,1.91841612723,0.150438168757,-0.0111312392813,-0.0938382517599,0.000607380028206,-0.143974075355,-0.00469387698863,0.0577389921322,-0.0132914945462,0.573929674574,0.818890114286,0.00211098767236,0.0,0.818847626334,-0.573868995534,-0.0119869810155,0.0,-0.0086047555468,0.00860842709697,-0.999925923839,0.0,0.653804460061,0.250786224525,0.303433354152,1.0,-0.01778,-0.023368,0.89
0.459230580999,0.504228428131,-0.124164927988,-1.42425652871,0.075455521069,1.91925531089,0.150128285968,-0.0133954425417,-0.0997585199655,5.52916130584e-05,-0.153649997724,-0.00415170027857,0.0564553663974,-0.0211268189683,0.57391785326,0.818898181583,0.00219381208173,0.0,0.818856811313,-0.57385687274,-0.0119398106122,0.0,-0.00851871906991,0.00864905496186,-0.999926309922,0.0,0.653523487326,0.250429318364,0.303475673905,1.0,-0.0181,-0.0237885714286,0.906
0.458984125442,0.502461159535,-0.124163234933,-1.42687477347,0.075288257796,1.92024355611,0.149771344832,-0.0125428584815,-0.096998016612,-0.00136968221864,-0.146964544371,-0.0160942549403,0.0558243095291,-0.0160963727837,0.573914214656,0.818900438949,0.00230047973988,0.0,0.81886054311,-0.573852894981,-0.0118748793751,0.0,-0.00840436878429,0.00869910164456,-0.999926843432,0.0,0.653226408129,0.250041384593,0.303546061061,1.0,-0.01844,-0.0242354285714,0.923
0.458744239723,0.500736597413,-0.124166152844,-1.4294455482,0.0751313692099,1.92114451877,0.149409929058,-0.0190655222551,-0.101461497235,0.00153375143273,-0.145627838676,-0.00335804042042,0.0493012235193,-0.016752128984,0.573905478734,0.818906417618,0.00235107752252,0.0,0.818867081163,-0.573843859008,-0.0118606816035,0.0,-0.00836379791311,0.00873229826602,-0.999926894254,0.0,0.652901711509,0.24963663953,0.303604176813,1.0,-0.01878,-0.0246822857143,0.94
0.458513812898,0.499144304899,-0.124166420299,-1.43189127186,0.0749711805078,1.92204368601,0.149065566519,-0.0184308936971,-0.0945210854434,6.44485638275e-05,-0.15268875966,-0.0163143995306,0.0511856828338,-0.0198503126727,0.573893550561,0.818914678349,0.00238518543876,0.0,0.818875825133,-0.573831841612,-0.0118383895538,0.0,-0.00832609592389,0.00874731452115,-0.999927077649,0.0,0.652599441348,0.249252131939,0.30362872905,1.0,-0.0191,-0.0251028571429,0.956
0.458248032713,0.497375424689,-0.124171402062,-1.43469651536,0.0747982331286,1.92308461954,0.148641587864,-0.013708676875,-0.103642198701,0.000180245815077,-0.15424066753,-0.010453779617,0.0550034632315,-0.0211262971592,0.573863428673,0.81893578177,0.00238693736197,0.0,0.818896919352,-0.573801683178,-0.0118410624411,0.0,-0.00832760138338,0.00874997680814,-0.999927041819,0.0,0.652252702326,0.248809127144,0.303617222008,1.0,-0.01946,-0.025576,0.974
0.457993727274,0.495798023241,-0.124169378824,-1.43723954375,0.0746437588359,1.92396224827,0.148277468715,-0.0157849197635,-0.0986709309474,-0.000254322026972,-0.164488540823,-0.0070639554823,0.0539990674545,-0.0197176544226,0.573858709964,0.818939294354,0.00231518086772,0.0,0.818899310844,-0.573797050185,-0.0119000335821,0.0,-0.00841712320766,0.0087250059204,-0.999926510454,0.0,0.651925004486,0.2483984444,0.303582085607,1.0,-0.01978,-0.0259965714286,0.99
0.457733981874,0.494244725062,-0.124172077987,-1.43982801656,0.0744717121692,1.92486247126,0.147915092964,-0.0178461019046,-0.104973190776,-0.00434794839596,-0.164320778383,-0.0127297072149,0.0585112891077,-0.015836446516,0.573855608831,0.818941775103,0.00220365712896,0.0,0.818900280296,-0.573794339158,-0.0119638698251,0.0,-0.00853343110063,0.00867027617273,-0.999926000694,0.0,0.651570618532,0.247951893159,0.303518976371,1.0,-0.0228634285714,-0.030049077551,1.007
0.457404127938,0.491739574164,-0.124258607155,-1.44363642208,0.0742582589099,1.92629208795,0.147355830957,-0.0162528193661,-0.145664724763,-0.0047308498218,-0.225609501538,-0.0172009439163,0.0844559280081,-0.0322854319275,0.573868605341,0.818932422513,0.00229304638056,0.0,0.818892278638,-0.573807164394,-0.0118962589769,0.0,-0.00842662798002,0.00870481511809,-0.999926606374,0.0,0.651131112946,0.247353001344,0.303567563934,1.0,-0.0315137142857,-0.0414180244898,1.025
0.457026392424,0.489063613598,-0.124268727567,-1.44794636828,0.0740246456618,1.92788379363,0.146713002024,-0.0300215140012,-0.178450459382,0.00144059304324,-0.294636980149,-0.015935519875,0.105822677372,-0.0510889276946,0.573811610977,0.818972419779,0.00227104629009,0.0,0.818931625877,-0.573749891035,-0.0119499613839,0.0,-0.00848383956955,0.00871702605334,-0.999926016225,0.0,0.650577652277,0.246695842234,0.303515562439,1.0,-0.0392028571429,-0.051523755102,1.041
0.456479497889,0.48547804477,-0.124325656545,-1.45357453939,0.0736864386025,1.93000373438,0.145879378813,-0.0308054158309,-0.229028526466,-0.00849894453446,-0.35248828747,-0.0225526401139,0.134265385034,-0.0534310041589,0.573805999027,0.818976193175,0.00232752982725,0.0,0.818936233987,-0.573744155354,-0.0119094820076,0.0,-0.0084183376816,0.00873999900458,-0.999926369293,0.0,0.649885507285,0.245776310975,0.303513130303,1.0,-0.0473725714286,-0.0622610938775,1.058
0.455951056706,0.482033730125,-0.124421506465,-1.45901045112,0.0733564554494,1.93191789307,0.145031820334,-0.0395649221868,-0.25949521638,-0.00451048764334,-0.413946222023,-0.0223196159711,0.14279210022,-0.0680612985551,0.573795067347,0.818984064716,0.00225151751941,0.0,0.818943182172,-0.573733598717,-0.0119402252327,0.0,-0.00848724635148,0.00869527467456,-0.999926176699,0.0,0.649140157005,0.244783935015,0.303493091748,1.0,-0.0545811428571,-0.0717352163265,1.073
0.455171813491,0.477142467675,-0.12453193813,-1.46664750741,0.0729090353167,1.93460578895,0.143907677123,-0.0493036624591,-0.306830957982,-0.0113858057455,-0.465056975464,-0.0265464199411,0.173931174936,-0.0609647395441,0.573840351409,0.818952483113,0.00219736170254,0.0,0.81891074954,-0.573778950505,-0.0119852887202,0.0,-0.0085547467721,0.0086772524738,-0.999925758043,0.0,0.648217088692,0.24355542067,0.30347517256,1.0,-0.0622702857143,-0.0818409469388,1.089
0.454152259838,0.470919873278,-0.124617055955,-1.47627274527,0.0723325100967,1.93808057054,0.142506193563,-0.0574827561004,-0.340652856393,-0.00354033688968,-0.531488438937,-0.0317172144665,0.180592394284,-0.0789018359527,0.573896627613,0.818912877971,0.00225964797857,0.0,0.818871765188,-0.573834768458,-0.0119765432378,0.0,-0.00851124478429,0.00872382766429,-0.999925724013,0.0,0.646988078233,0.241931219977,0.303501038977,1.0,-0.0714011428571,-0.0938415020408,1.108
0.453052447402,0.464217300242,-0.124677751591,-1.4863843494,0.0716941954521,1.94185660817,0.140853987735,-0.0619704277374,-0.379741736902,-0.000933335980305,-0.589977498373,-0.040803016469,0.211892505872,-0.0980664588265,0.573794701301,0.818983407868,0.00256228354549,0.0,0.818946411584,-0.573731858562,-0.0118015391526,0.0,-0.00819535883861,0.00887020432691,-0.999927075125,0.0,0.645711120112,0.240230885273,0.303641946003,1.0,-0.0800514285714,-0.10521044898,1.126
0.451995224989,0.4581162037,-0.124731338022,-1.49585934229,0.071086157963,1.94507411539,0.139437112369,-0.0674485011706,-0.411977239449,-0.00607664137957,-0.648854335405,-0.0410897805876,0.217445092384,-0.0943185706227,0.573814696831,0.818969808509,0.0024276228687,0.0,0.818930685848,-0.573751967551,-0.011914630009,0.0,-0.00836502991228,0.00882501457618,-0.999926069963,0.0,0.644435081702,0.238600348417,0.303613540326,1.0,-0.08726,-0.114684571429,1.141
0.45060284272,0.45005193244,-0.124864594784,-1.50805103451,0.0702429258704,1.94942611782,0.137500875134,-0.0836022924409,-0.480611008863,-0.00638696007,-0.697916241026,-0.0516798755837,0.264419159859,-0.110685562465,0.573794002405,0.818983883936,0.00256662397124,0.0,0.818947238579,-0.573731462798,-0.0117633295115,0.0,-0.00816158150159,0.00885182796082,-0.999927514237,0.0,0.64284257411,0.236454549397,0.303730046105,1.0,-0.0959102857143,-0.126053518367,1.159
0.44914910668,0.441909909331,-0.124917548727,-1.52039400462,0.0694488688431,1.9538827592,0.135606009313,-0.087025414334,-0.490279837548,-0.00283953764181,-0.763332787461,-0.051402684666,0.27102901779,-0.124555357335,0.573809846228,0.818972085289,0.00278042992571,0.0,0.818938090376,-0.573746404117,-0.0116711094083,0.0,-0.00796320445432,0.00897417024925,-0.999928023231,0.0,0.641202324882,0.234319106374,0.303819086001,1.0,-0.10408,-0.136790857143,1.176
0.447632607001,0.43366894487,-0.124968743963,-1.53288784935,0.0686006241936,1.95818978098,0.133559465044,-0.0944869920847,-0.544095724748,-0.00799932587692,-0.767122238006,-0.0586524313373,0.29095528062,-0.128369513662,0.57372894529,0.819028649211,0.00281354040057,0.0,0.818994922422,-0.573665216901,-0.0116740253229,0.0,-0.00794748394061,0.00900217485767,-0.999927896574,0.0,0.639485457561,0.232115642275,0.303874717149,1.0,-0.111769142857,-0.146896587755,1.192
0.4457690614,0.423833922173,-0.12502693115,-1.54776204944,0.0675532904893,1.96344083478,0.13110869668,-0.105334887586,-0.569427456403,-0.00349009408463,-0.821355723448,-0.057575851294,0.296106779207,-0.14444959731,0.573639753515,0.819090622094,0.00295514572947,0.0,0.819058978613,-0.573575846656,-0.0115708507743,0.0,-0.00778272498671,0.00905811302573,-0.999928687347,0.0,0.637445164482,0.229466748383,0.303946339881,1.0,-0.120419428571,-0.158265534694,1.21
0.443933225401,0.414555242993,-0.12513982215,-1.56177994944,0.0665293956083,1.9682749911,0.128843881321,-0.11265466512,-0.600616531305,-0.00730059502734,-0.86780746976,-0.0654615519275,0.321496823994,-0.137128544277,0.573672795021,0.819067402003,0.00297693298441,0.0,0.819036523144,-0.573609377881,-0.0114979243416,0.0,-0.00771012678554,0.00903443717607,-0.999929463957,0.0,0.635495419496,0.226880737964,0.303990528893,1.0,-0.128108571429,-0.168371265306,1.226
0.441807935336,0.404244134237,-0.125215648084,-1.57754556181,0.0654778182883,1.97362830298,0.126204075368,-0.126466702466,-0.614857558147,-0.00410385746377,-0.946162203596,-0.0752720314947,0.317898248982,-0.158981810158,0.57365941332,0.819077054775,0.00289875007636,0.0,0.819044456909,-0.573595431374,-0.0116277949384,0.0,-0.00786150158944,0.0090447733445,-0.999928191856,0.0,0.633238007444,0.223982882506,0.303923454132,1.0,-0.136278285714,-0.179108604082,1.243
0.439881531936,0.395217298161,-0.125321568183,-1.59091019726,0.0645626958478,1.97822016768,0.123919797528,-0.13970302008,-0.657066459543,-0.00980498152959,-0.975205901071,-0.0737404913179,0.341973665061,-0.156861067359,0.573720686234,0.819033375775,0.00310651816116,0.0,0.819003368235,-0.573655902151,-0.0115384422273,0.0,-0.00766844445161,0.00916426827073,-0.999928603025,0.0,0.631345106144,0.221435048725,0.30404237599,1.0,-0.143006285714,-0.187951118367,1.257
0.437401082006,0.384025739576,-0.125448610721,-1.60796226659,0.0632515809762,1.98385336736,0.120921707358,-0.147991431252,-0.664147552813,-0.00886053167009,-1.01180200614,-0.0773070187597,0.322957692141,-0.182688039789,0.573674848045,0.819066455302,0.00283855965298,0.0,0.819033270936,-0.573611288715,-0.0116334629471,0.0,-0.00790050150744,0.00899887314192,-0.999928298609,0.0,0.628838088112,0.218148600853,0.303928771798,1.0,-0.151176,-0.198688457143,1.274
0.434524442528,0.371421290411,-0.125567511365,-1.62661350662,0.0618897048437,1.99008913931,0.117581410228,-0.170984630782,-0.697832596492,-0.00652222334482,-1.05709677657,-0.0740298181791,0.340392572669,-0.184313846422,0.573690593865,0.819054957262,0.00297092524407,0.0,0.8190233747,-0.573626461862,-0.0115819189749,0.0,-0.00778217664581,0.00907786997132,-0.999928512446,0.0,0.626087253998,0.2145011829,0.304014264367,1.0,-0.159826285714,-0.210057404082,1.292
0.431582386334,0.359062375146,-0.125739076928,-1.64486674792,0.0604361458278,1.99618811054,0.114335270231,-0.176771236809,-0.732439123278,-0.005309525614,-1.09561470723,-0.0857622847375,0.352280768787,-0.200934137857,0.573802906554,0.818976000095,0.00304673592128,0.0,0.818946277617,-0.573739557672,-0.0114307148002,0.0,-0.00761359475074,0.00905426474059,-0.999930024284,0.0,0.623376119461,0.210821552288,0.304075288385,1.0,-0.167996,-0.220794742857,1.309
0.428383979525,0.346306336558,-0.125893101529,-1.66376037583,0.0590407826686,2.00223276224,0.110739123,-0.190312963154,-0.773697635207,-0.0118838091588,-1.09647873983,-0.0812363069244,0.364874647593,-0.212440394788,0.573840946044,0.818949665099,0.00295999639958,0.0,0.818918180605,-0.573777109467,-0.0115580719516,0.0,-0.00776725051938,0.00905666417811,-0.999928820793,0.0,0.620471319811,0.206954107359,0.304050079979,1.0,-0.176165714286,-0.231532081633,1.326
0.425417270317,0.33465643585,-0.12600406214,-1.68087491295,0.0577011435224,2.00780986314,0.107493702005,-0.198138528326,-0.790500183338,-0.00343906555554,-1.1593774081,-0.0864661765594,0.366659399604,-0.225285780845,0.573869569868,0.818929417065,0.00301223277805,0.0,0.818898638288,-0.573805597062,-0.0115283950571,0.0,-0.00771265430861,0.00908268330265,-0.999929007394,0.0,0.617817108725,0.203441902597,0.304060872847,1.0,-0.183374285714,-0.241006204082,1.341
0.421896118641,0.320970006121,-0.126067507331,-1.700763367,0.0560361831997,2.01417001967,0.103586317634,-0.2211167828,-0.802093643028,-0.00092056841695,-1.18441216626,-0.101914325679,0.373648224376,-0.233538216371,0.573731099944,0.819026234544,0.00306577676953,0.0,0.818996541273,-0.573667444513,-0.0114488161054,0.0,-0.00761829109566,0.00907957723776,-0.999929758992,0.0,0.614649810316,0.199359635015,0.304112630955,1.0,-0.191544,-0.251743542857,1.358
0.417876666925,0.306001179497,-0.126158251495,-1.72235935136,0.0542745959204,2.02095083406,0.0992168925686,-0.226680583413,-0.851515521445,-0.00800242642617,-1.21248051362,-0.10330714644,0.377610126599,-0.257054547293,0.573631807154,0.819095452205,0.00315228465957,0.0,0.819066698022,-0.57356768981,-0.0114278737642,0.0,-0.00755261621005,0.00913749919178,-0.999929729579,0.0,0.611145087176,0.194829571814,0.304171774853,1.0,-0.200194285714,-0.263112489796,1.376
0.413250761018,0.289689495934,-0.126314656366,-1.74576467026,0.0523233088313,2.02810045354,0.0944014638904,-0.24857031157,-0.872985649218,-0.0104049032296,-1.2382588319,-0.10159926553,0.392143777194,-0.258608891719,0.573663710233,0.819073123533,0.00314845507391,0.0,0.819044093503,-0.573599326652,-0.0114600289217,0.0,-0.0075807959281,0.00915310246813,-0.99992937363,0.0,0.607273457668,0.189749598058,0.304209296047,1.0,-0.209325142857,-0.275113044898,1.395
0.409386682604,0.276597419348,-0.126439013564,-1.76472244014,0.0507383466504,2.0337259953,0.0903701942861,-0.26568219641,-0.873855449642,-0.0116294170604,-1.2723947924,-0.108314993885,0.356323130967,-0.262910770125,0.573644220691,0.819087494767,0.00295480713758,0.0,0.81905530935,-0.573579689646,-0.0116398777096,0.0,-0.00783941184458,0.00909747420638,-0.999927887192,0.0,0.603841334436,0.185314037835,0.304119320471,1.0,-0.217014285714,-0.28521877551,1.411
