position_joint1,position_joint2,position_joint3,position_joint4,position_joint5,position_joint6,position_joint7,velocity_joint1,velocity_joint2,velocity_joint3,velocity_joint4,velocity_joint5,velocity_joint6,velocity_joint7,ee_T_00,ee_T_10,ee_T_20,ee_T_30,ee_T_01,ee_T_11,ee_T_21,ee_T_31,ee_T_02,ee_T_12,ee_T_22,ee_T_32,ee_T_03,ee_T_13,ee_T_23,ee_T_33,v_x,v_y,time
0.465063682377,0.547858045261,-0.123895853537,-1.35583916145,0.0795150571598,1.89409220133,0.159176540631,-0.000518896267664,-0.000277485567502,0.000347671399923,0.000646317785008,-9.10162345516e-05,-0.000216708967006,0.000253853705747,0.573767805882,0.819004064716,0.00189573559705,0.0,0.818959568256,-0.573708843882,-0.0120056201094,0.0,-0.00874521976396,0.00844113163248,-0.999926131486,0.0,0.661652430237,0.260937596342,0.303153236133,1.0,0.0,0.0,0.0
0.465060683458,0.547862556695,-0.123895852563,-1.35584401684,0.0795186058437,1.89409231907,0.159175725371,-0.000902726565317,0.00250403627012,0.000975107963636,-0.000149220555715,0.000139139773624,-0.000341057767558,-0.00673392274002,0.573770807221,0.819001975712,0.0018898312184,0.0,0.818957363672,-0.573711833094,-0.0120131576549,0.0,-0.00875474987739,0.00844065286603,-0.999926052133,0.0,0.66165180237,0.260935558011,0.303147746229,1.0,-0.0002,-0.000262857142857,0.011
0.465060946224,0.547853135117,-0.123900709286,-1.35584760174,0.0795158875281,1.8940923322,0.159176539175,-0.000161775977318,0.000259784202259,0.000170323027202,-0.00142097152377,0.00411160361394,-0.000155465782909,-0.00369133179323,0.573774110867,0.818999655159,0.00189247191735,0.0,0.818955124921,-0.573715170618,-0.0120063845828,0.0,-0.00874765340351,0.00843896469044,-0.999926128489,0.0,0.661652433513,0.260932181292,0.303152871147,1.0,-0.00054,-0.000709714285714,0.028
0.465062676456,0.547832693511,-0.123900608318,-1.35586679256,0.0795157692366,1.8940943619,0.159181625333,0.0012033735991,-0.00556410425878,0.00040068167577,-0.00340018812988,9.2733251962e-05,-0.000299556016376,0.000189703402824,0.57377778267,0.81899707412,0.00189620634645,0.0,0.818952576596,-0.573718810455,-0.0120062783023,0.0,-0.00874538592694,0.00844200135026,-0.99992612269,0.0,0.661648512497,0.260931494838,0.30315839141,1.0,-0.0009,-0.00118285714286,0.046
0.465059725662,0.54774792496,-0.12389654512,-1.35597029712,0.0795115064348,1.8941146299,0.159179574079,-0.000156355971531,-0.00265774353338,-0.000126726567648,-0.00968607156961,-0.000130386820942,0.000388354119227,0.00153581196555,0.573780189927,0.818995377219,0.00190069518815,0.0,0.818950875529,-0.573721137525,-0.0120111085932,0.0,-0.0087467418096,0.00844847481764,-0.999926056157,0.0,0.661631144237,0.260921408299,0.303170798352,1.0,-0.00124,-0.00162971428571,0.063
0.465058784444,0.547621425615,-0.123893760123,-1.35613564255,0.0795123142653,1.89414416565,0.159166809184,0.000403805147244,-0.0138427480541,0.000472371581583,-0.0128787424842,-0.000174742354633,0.00436944708548,-0.00109973771569,0.573777777179,0.81899706658,0.00190111817701,0.0,0.818952412864,-0.573718571108,-0.0120288624301,0.0,-0.00876106491815,0.00845898212695,-0.999925841932,0.0,0.661602029578,0.260906568331,0.303184189129,1.0,-0.00154,-0.002024,0.078
0.465046266148,0.547472441721,-0.123896573521,-1.3563412714,0.0795088301468,1.89422328529,0.159162047375,0.000209785506378,-0.00950569369532,0.000486221942607,-0.0100398399821,-0.000160289209478,0.00426765587392,-0.00111800051096,0.573796680469,0.818983768293,0.00192448862491,0.0,0.818939358561,-0.5737373121,-0.0120237517323,0.0,-0.00874327490702,0.00847539148835,-0.999925858693,0.0,0.661578707313,0.260879020936,0.303198813659,1.0,-0.00188,-0.00247085714286,0.095
0.465023574978,0.547285619602,-0.123893769049,-1.35655389758,0.0795078365981,1.89435596945,0.159147720261,-0.00147292739395,-0.010738567986,0.000837822331916,-0.0126243052525,-0.00118578391768,0.0137515637311,-0.00141619343941,0.573813504923,0.818971746338,0.00202167504251,0.0,0.81892856459,-0.573753681984,-0.0119777046568,0.0,-0.00864962473254,0.00852874033535,-0.999926219568,0.0,0.661566692162,0.260851719759,0.303241374428,1.0,-0.00222,-0.00291771428571,0.112
0.465000628575,0.547087399004,-0.123893789358,-1.35679970394,0.079502756373,1.89447888657,0.159132882643,0.000234955243075,-0.00852918196956,-2.71160508824e-05,-0.0183905758251,0.000470663367026,0.00245729316568,-0.00039308069144,0.57383272243,0.818958107888,0.00209071611608,0.0,0.818915788823,-0.573772572503,-0.0119462446503,0.0,-0.00858404362028,0.00856743147748,-0.999926453952,0.0,0.661546349517,0.260817492856,0.303275447452,1.0,-0.00254,-0.00333828571429,0.128
0.464961975738,0.546823449445,-0.123897284788,-1.35721201229,0.0794923607274,1.89462756809,0.159038128416,-0.00227019818167,-0.0148681496234,-0.000176837079148,-0.0262114908535,-0.000150162647688,0.0084174849154,-0.0174918688705,0.573809516199,0.81897434761,0.00209856547772,0.0,0.818932005764,-0.573749211834,-0.0119565360874,0.0,-0.00858821140273,0.00857952180602,-0.9999263145,0.0,0.661499849726,0.260752837348,0.303279157877,1.0,-0.00294,-0.003864,0.148
0.464917885698,0.546544877474,-0.123899709831,-1.35762177058,0.0794846272411,1.89478201737,0.158973989946,-0.00320576306398,-0.018040462817,-3.05461850349e-05,-0.0288421507066,-0.00415691448571,0.0156729130764,-1.40735986135e-05,0.573815658414,0.818969969607,0.00212742623837,0.0,0.818927866448,-0.573755096348,-0.0119576699709,0.0,-0.00857251601373,0.00860387254904,-0.999926239953,0.0,0.661456467315,0.260686527883,0.303294891721,1.0,-0.00328,-0.00431085714286,0.165
0.46486859309,0.546256972598,-0.123902246027,-1.35809197038,0.079469102937,1.8949456794,0.158951081332,-0.00322324582512,-0.0156268609101,-0.0007964146101,-0.0247180826524,8.04662274664e-05,0.00819177448484,-0.00643409209536,0.573861169951,0.818938105834,0.00211738917247,0.0,0.818895752744,-0.573800524329,-0.0119771164647,0.0,-0.00859372350939,0.0086072887843,-0.999926028512,0.0,0.661403073988,0.260609018657,0.303289239175,1.0,-0.00362,-0.00475771428571,0.182
0.464819936119,0.545957944264,-0.123902246135,-1.3586068839,0.0794476934313,1.89512628963,0.158882858121,-0.00559983816529,-0.0168305424113,-0.000804456191728,-0.0289593656816,-0.00229768809877,0.00699133595946,-0.00443237913971,0.57386823746,0.818933218603,0.00209198588831,0.0,0.818890423548,-0.573807586518,-0.0120031153429,0.0,-0.00862951865239,0.00860147946111,-0.999925770224,0.0,0.661342624378,0.260528433506,0.303271540884,1.0,-0.00394,-0.00517828571429,0.198
0.464759478595,0.545629894126,-0.12389695676,-1.359171402,0.0793816404126,1.89531337697,0.158766479394,-0.00169739389519,-0.0202738347132,0.000262579581262,-0.0324703581824,-0.00249564245579,0.0125138849138,-0.000763427316878,0.573832638207,0.818958310261,0.00203378584222,0.0,0.818914974982,-0.573772454467,-0.0120075453951,0.0,-0.00866691565762,0.00855598386378,-0.999925837106,0.0,0.661277145384,0.260430811742,0.303251064926,1.0,-0.00426,-0.00559885714286,0.214
0.464700222986,0.545264709133,-0.123905678609,-1.35982310562,0.0793284970831,1.89551242751,0.158726894757,-0.00145153736876,-0.0232061066771,-0.000549590116472,-0.0447344891503,-0.000257803428169,0.0260021095815,-0.00431007196136,0.573876899357,0.818927501604,0.00194894880345,0.0,0.818883161441,-0.573817172997,-0.0120402152196,0.0,-0.00874189138435,0.00850572649707,-0.999925613209,0.0,0.661197104741,0.260318912712,0.303216885199,1.0,-0.00458,-0.00601942857143,0.23
0.464625329657,0.544785473594,-0.123905415898,-1.36061493427,0.0793066182228,1.89578873794,0.158631329924,-0.00117748284228,-0.0309833833281,-0.000823811460236,-0.0413264838312,-0.00119601126307,0.0160957743038,-0.00556829650782,0.573898080235,0.818912698818,0.00193186910874,0.0,0.818867861716,-0.573838159453,-0.0120805093266,0.0,-0.00878447141034,0.00851509057884,-0.999925160347,0.0,0.661103447839,0.260197063819,0.303203176373,1.0,-0.00496,-0.00651885714286,0.249
0.464574251307,0.544385982732,-0.123906189343,-1.36128172936,0.0792829490491,1.8960364339,0.158512742389,-0.00135380383568,-0.0278682054652,0.000707713029804,-0.0426427753837,-0.00522041657794,0.0179419510851,-0.00798130510738,0.57387427494,0.81892940112,0.00192339393603,0.0,0.818884292024,-0.573814238222,-0.0121030240445,0.0,-0.00880802098796,0.00852081528178,-0.999924904417,0.0,0.661024786279,0.260101926197,0.303190040223,1.0,-0.00526,-0.00691314285714,0.264
0.464497054003,0.543844980647,-0.123907019158,-1.36214891037,0.0792437581511,1.89634100524,0.158430789614,-0.00142752133703,-0.0287887225961,-8.33270725247e-05,-0.0506217881081,-0.00108907183603,0.0197872924026,-0.00416573585151,0.57390874979,0.818905269078,0.00191156807653,0.0,0.818859857319,-0.573848617984,-0.0121261952031,0.0,-0.0088334245176,0.00852480001996,-0.999924646359,0.0,0.660922665901,0.259968917965,0.303186535326,1.0,-0.00562,-0.00738628571429,0.282
0.464431497206,0.543402328224,-0.123910048441,-1.36285288252,0.0792078522819,1.89657505471,0.158336959396,-0.00798490226343,-0.0305893295016,0.000249601079188,-0.0507712229858,-0.00733316091176,0.0140955095317,-0.00992607988373,0.573915453249,0.818900613304,0.00189339725265,0.0,0.818854898987,-0.573855339022,-0.0121429478749,0.0,-0.00885750187414,0.00851960707831,-0.999924477626,0.0,0.660832734,0.259846831643,0.303187212366,1.0,-0.00592,-0.00778057142857,0.297
0.464345081766,0.542806352475,-0.123910181373,-1.3637947156,0.079142909908,1.89692086319,0.15821305815,-0.00685352282598,-0.0363901072578,0.00151240924336,-0.056887483799,-0.00877325036175,0.0179347633101,-0.00713385279412,0.57392162131,0.818896305633,0.00188682673365,0.0,0.818850540949,-0.573861569891,-0.0121423675706,0.0,-0.00886073319028,0.0085139602943,-0.999924497093,0.0,0.660732428591,0.25970797663,0.303188260668,1.0,-0.00626,-0.00822742857143,0.314
0.464265064776,0.542178635521,-0.123910432214,-1.36477244657,0.079092355793,1.89728171069,0.158082339624,-0.00585482003567,-0.0335852717937,0.00101499175316,-0.0540052451466,-0.00280578388128,0.0259482372417,-0.00926670784726,0.5739211095,0.818896632972,0.0019003890864,0.0,0.818850958299,-0.573860913437,-0.0121452469568,0.0,-0.00885531331472,0.00852671319877,-0.999924436439,0.0,0.660619178306,0.259563464854,0.303198117577,1.0,-0.00662,-0.00870057142857,0.332
0.464190836438,0.541582599565,-0.123916433244,-1.36567955915,0.079033982566,1.89761381935,0.157964087298,-0.00563799957628,-0.0362230386765,-0.00105894216989,-0.0570268430019,-0.00842422611499,0.0228919941854,-0.00370257733258,0.573923977483,0.818894588797,0.00191504845895,0.0,0.818849160011,-0.573863767918,-0.012131608396,0.0,-0.00883570165909,0.00853092101254,-0.999924574037,0.0,0.660515747364,0.259424205607,0.303216772049,1.0,-0.00694,-0.00912114285714,0.348
0.464107247985,0.540911938645,-0.123913619683,-1.36671415409,0.0789811236179,1.89800209209,0.157829899254,-0.00502234804269,-0.0433266556121,8.92873679269e-05,-0.0620593439856,-0.00111239419823,0.0157441147057,-0.0102606451475,0.573923844469,0.818894620088,0.00194135047579,0.0,0.818849432279,-0.573863418535,-0.0121297578639,0.0,-0.00881909323196,0.00855139564153,-0.999924545767,0.0,0.66039600089,0.259274429384,0.303232025004,1.0,-0.00728,-0.009568,0.365
0.464015718354,0.540182645622,-0.123921752806,-1.36782419208,0.0789102512379,1.89840875815,0.157690908885,-0.0076106694064,-0.0481213931293,-0.00370528859548,-0.0661659670818,-0.00580591240433,0.0218913464492,-0.00303366842572,0.573933150729,0.818888054459,0.0019595051556,0.0,0.818843169333,-0.573872706878,-0.0121131019547,0.0,-0.00879493729517,0.00855680292687,-0.999924712267,0.0,0.66026941492,0.259103223945,0.303254628023,1.0,-0.00762,-0.0100148571429,0.382
0.463912396862,0.539455184031,-0.123918613118,-1.36896377779,0.0788457471804,1.89885533629,0.157569905732,-0.00783093659972,-0.0402835197633,-0.000464443425437,-0.0643464794409,-0.00352275070872,0.028666312342,-0.00133082223326,0.573962428508,0.818867459983,0.00199011116743,0.0,0.818822948738,-0.573901821171,-0.0121006271719,0.0,-0.00876685020217,0.00857501914818,-0.999924802865,0.0,0.66014380992,0.258930980964,0.303264869348,1.0,-0.00796,-0.0104617142857,0.399
0.463811444024,0.538746079513,-0.123919559791,-1.37007851899,0.0787860899698,1.8992873783,0.157415111692,-0.0136556043198,-0.0431523625231,0.000199934652653,-0.0737794775813,0.000300821261811,0.029483029349,-0.00464689853763,0.573964771757,0.818865755847,0.0020153373155,0.0,0.818821526271,-0.573904007083,-0.0120932076388,0.0,-0.00874627184558,0.00859144215071,-0.999924842101,0.0,0.660020395645,0.258760448273,0.303272731521,1.0,-0.00828,-0.0108822857143,0.415
0.463706072248,0.538004389254,-0.123925065211,-1.37122833383,0.0787159389283,1.89972719686,0.157279759375,-0.00513100315078,-0.0400913023947,-1.43640023825e-06,-0.0705951117376,-0.00502181441902,0.0299739121129,-0.0100199550859,0.573988826532,0.818848834752,0.0020395445561,0.0,0.818804969524,-0.573928001251,-0.0120755191747,0.0,-0.00871764091628,0.00860136790193,-0.999925006792,0.0,0.659893816503,0.258579465934,0.303287603348,1.0,-0.0086,-0.0113028571429,0.431
0.463602475999,0.53724157337,-0.123927837746,-1.37243255003,0.0786416715755,1.90016691358,0.1571230067,-0.00515273553713,-0.0449553838311,0.00194368214686,-0.0753487106635,-9.39408755768e-05,0.0262290215497,-0.0112541671791,0.573993662957,0.818845452911,0.00203618106447,0.0,0.818801549042,-0.573932856808,-0.012076674327,0.0,-0.00872046653964,0.00859932830672,-0.999924999695,0.0,0.659754061354,0.258394403506,0.303291275763,1.0,-0.00892,-0.0117234285714,0.447
0.463465199165,0.536299255245,-0.123931936231,-1.37390604379,0.0785653642797,1.90072284438,0.156954267514,-0.00881120795963,-0.0517741787938,-0.00168051484274,-0.0796948061233,-0.0100060130501,0.0351012754752,-0.0102405541046,0.574031476349,0.81881888058,0.00206200571032,0.0,0.818775222769,-0.573970463856,-0.0120742743794,0.0,-0.00870328102227,0.00861949868472,-0.999924975757,0.0,0.659588587543,0.258164310715,0.303303494247,1.0,-0.0093,-0.0122228571429,0.466
0.463340143036,0.535362649809,-0.123932894288,-1.37540542301,0.0784752151019,1.90126314886,0.156763927126,-0.00789123122525,-0.0535194514005,8.35112098921e-05,-0.0786431120166,-0.00315021940544,0.0314493772636,-0.010463203085,0.574036785382,0.818815208077,0.00204229051922,0.0,0.818771250292,-0.573975815407,-0.0120892483267,0.0,-0.00872680303609,0.00861200781689,-0.99992483529,0.0,0.659410331649,0.257937686007,0.303297688013,1.0,-0.00966,-0.012696,0.484
0.463226266794,0.534519695964,-0.123932798582,-1.37677344702,0.0784041346852,1.90177022372,0.156595901947,-0.00529372283821,-0.0556095949232,0.00223578222557,-0.0883237589721,-0.00173903413653,0.0434956364823,-0.0138993986972,0.574048387463,0.818807100148,0.0020318708906,0.0,0.81876287917,-0.573987336083,-0.012109195274,0.0,-0.00874899535294,0.00861505034741,-0.999924615152,0.0,0.659248961744,0.2577342451,0.303285258405,1.0,-0.00998,-0.0131165714286,0.5
0.46311406002,0.533713641561,-0.123940385105,-1.37807681677,0.0783212868767,1.90224335735,0.156430011297,-0.00549887335082,-0.0525787082617,0.000161845890384,-0.0849240929352,-0.00516264188512,0.0259685750666,-0.0103683449948,0.574058838099,0.818799836285,0.00200634026776,0.0,0.818755321881,-0.573997936638,-0.0121176948534,0.0,-0.00877050024755,0.00859913715977,-0.999924563737,0.0,0.659096546715,0.257530456505,0.30327469749,1.0,-0.01028,-0.0135108571429,0.515
0.4629868823,0.532763543052,-0.123938442205,-1.37959727824,0.0782451812962,1.9028281297,0.156246288609,-0.00614927252779,-0.0607575037398,-0.000351498795349,-0.0897561493759,-0.0115122846205,0.0401210729647,-0.00849169017169,0.574074045017,0.818789127172,0.00202557743434,0.0,0.818744721894,-0.574012917487,-0.0121242661458,0.0,-0.00876467842966,0.0086188232814,-0.999924445294,0.0,0.658920631927,0.257307121234,0.303271627823,1.0,-0.01062,-0.0139577142857,0.532
0.462847658888,0.531725107671,-0.123939191144,-1.38126102544,0.0781409246709,1.90342406131,0.156039683264,-0.00967070923392,-0.0633826851168,0.000275779398663,-0.0901637898473,-0.00328591379127,0.0306242205668,-0.00804340636384,0.574072916712,0.818789985122,0.00199836499391,0.0,0.818745192211,-0.574011877898,-0.0121417117913,0.0,-0.00879459609732,0.00860654533563,-0.999924288362,0.0,0.65870960857,0.257043852054,0.303263263362,1.0,-0.011,-0.0144571428571,0.551
0.46271626041,0.530716366861,-0.123944480892,-1.38289825409,0.0780559026673,1.90399715767,0.155818665787,-0.00723592250602,-0.057504184308,0.000140517178541,-0.0949157325065,-0.00407262784836,0.0338060441085,-0.0157632808638,0.574078486363,0.818786179731,0.001957109533,0.0,0.818740674413,-0.574017462273,-0.0121822809678,0.0,-0.00885143866414,0.00859611609927,-0.999923876513,0.0,0.658519090225,0.256809123551,0.303244906768,1.0,-0.01132,-0.0148777142857,0.567
0.462580685297,0.529727103056,-0.123949907922,-1.38444076125,0.0779518629635,1.90457092889,0.155609252982,-0.0132139873073,-0.06265182342,-0.00140868426011,-0.0937234308272,-0.00468869805348,0.0459687703236,-0.0154958945397,0.574077634283,0.818786753529,0.00196696798001,0.0,0.818741488531,-0.574016674388,-0.0121646777491,0.0,-0.00883137461472,0.0085940731784,-0.999924071482,0.0,0.658340960041,0.256568714618,0.303257513521,1.0,-0.01164,-0.0152982857143,0.583
0.462436273856,0.528575394595,-0.123944635698,-1.38622953299,0.0778351708923,1.90525266108,0.155364212167,-0.00958658193767,-0.0648346198953,0.00085748037837,-0.0972986182212,-0.000662093276891,0.0349420944744,-0.00870082110268,0.574057158884,0.818801027609,0.00200060534467,0.0,0.818756261519,-0.57399610976,-0.0121407209549,0.0,-0.00879266439485,0.00860764165476,-0.999924295913,0.0,0.658131117495,0.256306912595,0.303276079996,1.0,-0.012,-0.0157714285714,0.601
0.462306810103,0.527520828527,-0.123945557783,-1.38785466459,0.0777366543039,1.90587944216,0.155141010735,-0.0129689452935,-0.0625589546029,0.00136960541732,-0.1025363207,-0.011106482494,0.0353379783722,-0.00860593979523,0.574042580162,0.818811133365,0.00204717854503,0.0,0.818767002547,-0.573981354391,-0.0121139280705,0.0,-0.00874414521083,0.00863023892531,-0.999924526602,0.0,0.657942137986,0.256068721193,0.303299310465,1.0,-0.01232,-0.016192,0.617
0.462167396456,0.526426537406,-0.123948418959,-1.38954488285,0.077629484307,1.90652051755,0.154907460361,-0.00889391850379,-0.0621380054562,-0.00177513997125,-0.106712804318,-0.00257990979952,0.0422191874463,-0.0107548831224,0.57403429607,0.818816882257,0.00207054758989,0.0,0.818773141471,-0.573973053596,-0.0120922889873,0.0,-0.00871309959931,0.00863686363783,-0.999924740409,0.0,0.657731129549,0.2557938268,0.303316621784,1.0,-0.01266,-0.0166388571429,0.634
0.462013805176,0.525166218714,-0.123956904144,-1.39150077588,0.0775082498034,1.9072160513,0.154652820464,-0.0085059876146,-0.0699085510521,-0.000157539636557,-0.105679488802,-0.0114785900526,0.0390350057403,-0.00652932785745,0.574025626163,0.81882293868,0.00207906237466,0.0,0.818779283453,-0.573964322524,-0.012090837813,0.0,-0.00870711536075,0.00864291035063,-0.999924740289,0.0,0.657505434121,0.255521324279,0.303336752797,1.0,-0.013,-0.0170857142857,0.651
0.461858077132,0.524055828169,-0.123960344056,-1.39328355101,0.0774024023352,1.907853158,0.154394191339,-0.0104087014147,-0.0639431792314,0.000109717873314,-0.110806409978,-0.0017746435287,0.0401408425319,-0.0163934898451,0.57401095076,0.818833301096,0.00204946952418,0.0,0.818789184948,-0.573949703959,-0.0121142411417,0.0,-0.00874341997554,0.00863195674865,-0.999924518116,0.0,0.657289079204,0.255246050795,0.303324400215,1.0,-0.01332,-0.0175062857143,0.667
0.461692143897,0.522848955045,-0.123966160282,-1.39519974614,0.0772817170986,1.90859162647,0.154148410695,-0.0138865163663,-0.0735756253345,-0.000904258785195,-0.120077009185,-0.0107508883091,0.0430629453504,-0.0139824814085,0.574020053445,0.818826873122,0.0020680902137,0.0,0.818783083687,-0.573958807026,-0.0120953133836,0.0,-0.00871713687737,0.00863643599557,-0.999924708915,0.0,0.657067490568,0.254952606908,0.303324926083,1.0,-0.01366,-0.0179531428571,0.684
0.461522828646,0.521543002742,-0.123964043844,-1.39729872849,0.0771532941266,1.90940437506,0.153853614149,-0.0100860175115,-0.072013878236,0.000622432379443,-0.121942098059,-0.00709591149456,0.0483983603061,-0.0164596952709,0.573993670552,0.818845332505,0.00208194656065,0.0,0.818801736382,-0.573932379819,-0.0120866370101,0.0,-0.00870235730452,0.00864252099626,-0.999924785075,0.0,0.656819064503,0.254644989612,0.303313938927,1.0,-0.01402,-0.0184262857143,0.702
0.461367765903,0.520321537416,-0.123970200005,-1.39920326453,0.0770335033117,1.91010347059,0.15359683319,-0.0106829750452,-0.0802910337663,-0.000818977082434,-0.122625599395,-0.0064541161078,0.0399757662195,-0.014663543164,0.573983882562,0.818852168464,0.00209180858553,0.0,0.818808731195,-0.57392258048,-0.0120780890738,0.0,-0.00868980055327,0.00864558604864,-0.999924867782,0.0,0.656588672427,0.254357652435,0.30332615088,1.0,-0.01434,-0.0188468571429,0.718
0.4612026477,0.519080514075,-0.123970102407,-1.40115010415,0.0769110175564,1.91079622928,0.15333650934,-0.0103248579875,-0.0797750045128,-3.63558175436e-05,-0.123808242275,-0.0153890331969,0.0390462241834,-0.0218331465033,0.573976100304,0.818857655799,0.00207911517594,0.0,0.818814015348,-0.57391481674,-0.0120887674144,0.0,-0.00870591235709,0.00864123859422,-0.999924765213,0.0,0.656348169557,0.254061793767,0.303330873801,1.0,-0.01466,-0.0192674285714,0.734
0.461014887997,0.517642674187,-0.123975983212,-1.40339958938,0.0767636394874,1.91160091653,0.15303755287,-0.0136200435521,-0.0800019326527,-0.00193073919195,-0.125568414129,-0.00329188538824,0.0403709918914,-0.0156395006446,0.573968439248,0.818863057242,0.00206667212577,0.0,0.818819299463,-0.57390725526,-0.0120898341103,0.0,-0.00871400816556,0.00863158042199,-0.999924778111,0.0,0.656071319245,0.253717894785,0.303339174142,1.0,-0.01502,-0.0197405714286,0.752
0.460832589533,0.516293642672,-0.123981161941,-1.4055471524,0.0766207377904,1.91239973799,0.152731235175,-0.0148796710273,-0.087563589309,-0.00201353464078,-0.13025950639,-0.0125298625581,0.0474202695516,-0.0202119328944,0.573945485738,0.818879167765,0.00205788797026,0.0,0.818835394579,-0.573884440973,-0.0120827105467,0.0,-0.0087134578305,0.00862005464467,-0.999924882334,0.0,0.655812475046,0.253389275016,0.303332735963,1.0,-0.01536,-0.0201874285714,0.769
0.460660117136,0.515006971716,-0.123982825958,-1.40761269675,0.0765004791899,1.9131778567,0.152449739199,-0.011792589623,-0.0776632697128,0.000143520476847,-0.134059865657,-0.00893413755533,0.0515159457733,-0.0199586753614,0.573934018347,0.818887204738,0.00205800919996,0.0,0.818843368975,-0.57387291105,-0.0120899110392,0.0,-0.00871940560148,0.00862416445279,-0.999924795049,0.0,0.655562026302,0.253080331883,0.303319350543,1.0,-0.01568,-0.020608,0.785
0.460484287978,0.513660452369,-0.123988508483,-1.40976056982,0.0763706422603,1.91391316742,0.15215519575,-0.00868703065911,-0.083193686854,3.57478151513e-05,-0.13387785459,-0.0143839351243,0.0509946348803,-0.0220183817424,0.573918335363,0.818898333509,0.0020026511264,0.0,0.818853653412,-0.573857352924,-0.0121317636449,0.0,-0.00878561410737,0.00860268541579,-0.999924400537,0.0,0.655286537613,0.252753553887,0.303304734332,1.0,-0.016,-0.0210285714286,0.801
0.460304542925,0.512343269999,-0.123986516703,-1.41190341821,0.0762458747414,1.91466951272,0.151850292584,-0.0168564248248,-0.0844846414866,2.08878364941e-05,-0.132444814971,-0.0091258450284,0.0468882357526,-0.0146218067407,0.573892936826,0.818916266486,0.00194742068601,0.0,0.818870687409,-0.573832031436,-0.0121796510969,0.0,-0.0088567925558,0.00858466673481,-0.999923927468,0.0,0.655013853937,0.252431172658,0.3032731833,1.0,-0.01632,-0.0214491428571,0.817
0.460073745067,0.510627175323,-0.123989625088,-1.4146402604,0.0760770006752,1.91571346858,0.151459511768,-0.00978076729511,-0.0934994114183,4.28746337621e-06,-0.138369757198,-0.00621370864002,0.0492450195194,-0.0196527251841,0.573861758901,0.818938078051,0.0019628780887,0.0,0.81889272342,-0.573800809723,-0.0121690259155,0.0,-0.00883954784696,0.00859089060102,-0.99992402661,0.0,0.654683029925,0.252019533137,0.30326285682,1.0,-0.01672,-0.0219748571429,0.837
0.459905568982,0.509397942411,-0.123995587759,-1.41656758721,0.0759511137652,1.91642374199,0.151199017383,-0.0145309122261,-0.0927839629609,-0.000137129681687,-0.137846941335,-0.0123807661106,0.0475562023119,-0.0177610478478,0.573856652475,0.818941646305,0.00196704301406,0.0,0.818896410199,-0.57379574761,-0.0121596171382,0.0,-0.00882950595608,0.00858884701112,-0.999924132888,0.0,0.654447501068,0.251721317476,0.303267606758,1.0,-0.017,-0.0223428571429,0.851
0.459705098592,0.507974331217,-0.123996430394,-1.41881439537,0.075810768827,1.91723080123,0.150879896031,-0.0112972014848,-0.0936131657659,-0.000304326768342,-0.138254498493,-0.0154919909619,0.0514469270032,-0.0252672460007,0.573838634781,0.818954307513,0.00195200938845,0.0,0.818908821333,-0.573777747582,-0.0121731517349,0.0,-0.00884940587763,0.00858410775074,-0.999923997667,0.0,0.654167055333,0.25137392206,0.303264162179,1.0,-0.01732,-0.0227634285714,0.867
0.459488541,0.506419974004,-0.12400450984,-1.42124221128,0.075658275984,1.91812671656,0.150564253433,-0.0132635911487,-0.0937929307787,-0.00191623516191,-0.14943240842,-0.00796879239914,0.0572068321963,-0.0132566687553,0.573839814214,0.81895341359,0.00198012466158,0.0,0.818908340704,-0.573778845557,-0.0121537161931,0.0,-0.00881734348297,0.00859599234276,-0.99992417881,0.0,0.65385551579,0.250975249094,0.303279860441,1.0,-0.01768,-0.0232365714286,0.885
0.459244039608,0.50460017039,-0.124008811608,-1.42399706821,0.0754843818957,1.91919318147,0.150174199797,-0.00995455390252,-0.099920372476,0.000269307161931,-0.148041761874,-0.0116233253015,0.0501986655368,-0.0261685462991,0.573826723371,0.818962354599,0.00207369148698,0.0,0.818918597703,-0.573765437095,-0.0120954715402,0.0,-0.00871609116186,0.0086390556547,-0.999924695401,0.0,0.653541534994,0.250575132235,0.30332649336,1.0,-0.01804,-0.0237097142857,0.903
0.459032508878,0.503031160903,-0.124025351945,-1.4263241675,0.075333507549,1.9200735291,0.149848914862,-0.0129782248653,-0.0972979731182,-0.00358699713805,-0.14745441829,-0.0177566214829,0.0583653204804,-0.0219256244183,0.573824065316,0.818963966744,0.00217028579155,0.0,0.818921635133,-0.573762531569,-0.0120274593735,0.0,-0.00860499284117,0.00867910672195,-0.999925310813,0.0,0.653264256462,0.250207191187,0.303391483058,1.0,-0.01836,-0.0241302857143,0.919
0.458782584487,0.501214347,-0.124027223554,-1.42903382375,0.07515860649,1.92103706376,0.149465117554,-0.0150613559063,-0.101794727358,-0.000760618130333,-0.15402603492,-0.00750656795156,0.0516127912007,-0.0323573946998,0.573806648485,0.81897601239,0.00222894288838,0.0,0.818934444134,-0.573744870757,-0.0119977661294,0.0,-0.00854720267298,0.00870992377036,-0.999925538505,0.0,0.652924550647,0.24978259598,0.303453497249,1.0,-0.01872,-0.0246034285714,0.937
0.458543267628,0.499507773993,-0.124024446333,-1.43163857961,0.0749932406181,1.92197522506,0.149106153082,-0.00898228445364,-0.100512004232,0.00131657291149,-0.154036547233,-0.011055726146,0.0575881440662,-0.0213870618748,0.573794458106,0.818984461392,0.00226246452282,0.0,0.818943289015,-0.573732501743,-0.0119855213263,0.0,-0.00851807029637,0.00873022393599,-0.999925610067,0.0,0.652596705151,0.249378552518,0.303485529846,1.0,-0.01906,-0.0250502857143,0.954
0.458314136071,0.498036803998,-0.124029017062,-1.43397061515,0.0748488960051,1.92284351552,0.148764148523,-0.0125391262595,-0.105315347578,-0.000682899828786,-0.16007935509,-0.0163481475048,0.060515000868,-0.0317461048858,0.57378597092,0.818990407369,0.00226254568132,0.0,0.818949217416,-0.573723996211,-0.0119875921668,0.0,-0.00851981027493,0.00873139033185,-0.999925585059,0.0,0.652291060826,0.24897633733,0.303476716218,1.0,-0.01938,-0.0254708571429,0.97
0.458036537595,0.496261486704,-0.124033962687,-1.43680507935,0.0746781735339,1.92384594909,0.148345006838,-0.0194903130003,-0.104894232167,-0.000268613528761,-0.162905997777,-0.009977847308,0.0505975052147,-0.025237944044,0.573769658682,0.819001952339,0.00221985177153,0.0,0.818960060913,-0.573707715222,-0.0120259313882,0.0,-0.00857588030996,0.00871825234336,-0.99992522038,0.0,0.65195190121,0.248548691086,0.303452096047,1.0,-0.01972,-0.0259177142857,0.987
0.457797216563,0.494775311107,-0.124031850322,-1.43923352674,0.0745328853193,1.92467710237,0.148007428782,-0.0176996224865,-0.104642320238,0.000624721361353,-0.164003244861,-0.0136251580468,0.0654604060064,-0.0266890232458,0.573770611506,0.819001525316,0.00212927296002,0.0,0.818958224727,-0.573708823723,-0.0120978773456,0.0,-0.00868676456097,0.00868535930588,-0.999924549481,0.0,0.651635150403,0.248158671875,0.303403610478,1.0,-0.0203091428571,-0.0266920163265,1.002
0.457518737892,0.492864242516,-0.124090100025,-1.44223619905,0.0743470198455,1.92578703314,0.147577409168,-0.0141543928814,-0.127465670895,-0.00861277420816,-0.194403364892,-0.0131097128634,0.0775405225264,-0.0255983131466,0.573789097215,0.818988570583,0.00213074459711,0.0,0.818945501416,-0.57372751302,-0.0120728379096,0.0,-0.00866521629618,0.00867239343791,-0.999924848985,0.0,0.651270160991,0.247657658182,0.303402961567,1.0,-0.0259045714286,-0.0340460081633,1.019
0.45718280239,0.490505028001,-0.124093010478,-1.4459613886,0.0741364613886,1.92716945974,0.147028102869,-0.0191441820833,-0.148432144851,0.00139049008616,-0.230894003769,-0.0188763963112,0.0878445087226,-0.0323215403636,0.573746260404,0.819018519971,0.00215395382722,0.0,0.818975513825,-0.573684341667,-0.0120884565467,0.0,-0.00866514703718,0.00869990968034,-0.999924610557,0.0,0.650796953826,0.247086550184,0.303391234805,1.0,-0.0315,-0.0414,1.036
0.456742953438,0.487659566421,-0.124118549146,-1.45051333718,0.0738732905986,1.92881906797,0.146375950239,-0.024236459205,-0.177771896568,-0.00200309347981,-0.281860000232,-0.0138515798497,0.10485369291,-0.0407094516308,0.573746224941,0.819018660344,0.00210956745621,0.0,0.818974852387,-0.57368427651,-0.0121362656179,0.0,-0.00872977040324,0.00869098660764,-0.999924126052,0.0,0.650219001861,0.24635301598,0.303346544588,1.0,-0.0370954285714,-0.0487539918367,1.053
0.456223708235,0.484281237623,-0.124183931404,-1.45569398921,0.073551662453,1.93076560481,0.145579682928,-0.0288420174749,-0.210914165139,-0.00882782443929,-0.327482965613,-0.0158791251313,0.114991029757,-0.0454207880768,0.573735499026,0.819025888544,0.00221764582106,0.0,0.81898375745,-0.573673354943,-0.0120512971489,0.0,-0.00859828558086,0.00873064098274,-0.999924919878,0.0,0.649588225581,0.245488083768,0.303397186297,1.0,-0.0426908571429,-0.0561079836735,1.07
0.455613595786,0.480464366372,-0.124250847231,-1.46169860577,0.0731942137341,1.93285226584,0.144673434718,-0.0343328779982,-0.236710235862,-0.00430853955887,-0.36910756282,-0.0175743870598,0.135425867832,-0.0584452675823,0.57373832677,0.819024136686,0.00213138984908,0.0,0.818980675805,-0.573676346095,-0.0121181471503,0.0,-0.0087024946173,0.00869838003936,-0.999924299521,0.0,0.648813822175,0.244476145559,0.303369409962,1.0,-0.0482862857143,-0.0634619755102,1.087
0.454875354824,0.475872568547,-0.124326219896,-1.46877300011,0.0727696146243,1.9353926251,0.143666660107,-0.0422740589448,-0.260497540671,-0.00565378397505,-0.404427356342,-0.018621003401,0.15840757737,-0.0588401399746,0.573801199864,0.818979968048,0.00217758408857,0.0,0.818937047106,-0.573738947911,-0.0121028686368,0.0,-0.0086628089514,0.00872811287213,-0.999924385035,0.0,0.64791634889,0.243280415703,0.303404742731,1.0,-0.0542108571429,-0.071248555102,1.105
0.45412961459,0.471396394088,-0.12437338565,-1.47570667009,0.0723624726796,1.93788670865,0.14262868696,-0.048552320548,-0.28872247313,-0.00337729714893,-0.443312624392,-0.0222904264129,0.15929573925,-0.0668268337553,0.573819040224,0.818967361442,0.0022174017506,0.0,0.818924675142,-0.573756326366,-0.0121161586131,0.0,-0.00865065671959,0.00876853633631,-0.999924136577,0.0,0.647027305203,0.242112323981,0.303417457038,1.0,-0.0594771428571,-0.0781699591837,1.121
0.453209131297,0.465817684976,-0.124410680481,-1.48408253032,0.0718235576431,1.94101976332,0.14128204155,-0.0554916738514,-0.318650393862,-0.00300420297002,-0.480039917416,-0.0300787655082,0.174610523806,-0.0789118409334,0.573748147629,0.819016239348,0.00249192254397,0.0,0.818977374225,-0.573684558359,-0.0119513559612,0.0,-0.00835893806577,0.00889806784159,-0.999925473494,0.0,0.645973432653,0.240704402493,0.303553998691,1.0,-0.0654017142857,-0.0859565387755,1.139
0.452410832078,0.461168206302,-0.124446318127,-1.4913118259,0.0713543130939,1.94348584937,0.140191407831,-0.0626617994021,-0.341482685401,-0.006808096919,-0.526441270278,-0.0352179668514,0.182936909674,-0.0777856775399,0.573744671332,0.819018976445,0.00239065717612,0.0,0.818978550484,-0.573681237453,-0.0120299020227,0.0,-0.00848140616757,0.00886015971648,-0.99992477883,0.0,0.645003495635,0.239468102801,0.303531939359,1.0,-0.0700097142857,-0.0920127673469,1.153
0.451356747633,0.455175834905,-0.12450444675,-1.50061891025,0.0707408128546,1.94667025037,0.138779935458,-0.0673021755771,-0.35277006557,-0.00363338871026,-0.56354388803,-0.036894918232,0.1889921961,-0.089848690304,0.573756246547,0.819011218107,0.0022673915761,0.0,0.818968990724,-0.573693129115,-0.0121133290107,0.0,-0.00862033134825,0.00880719114275,-0.999924058752,0.0,0.64375261537,0.23785378136,0.303501727878,1.0,-0.0756051428571,-0.0993667591837,1.17
0.450078116993,0.447818464218,-0.124567730041,-1.51148046048,0.0699889963061,1.9507864402,0.137047138628,-0.0722277631374,-0.390637407473,-0.000488827037719,-0.589689354552,-0.0438081266328,0.217058843597,-0.0887790638462,0.573718781963,0.819036003034,0.00274442302308,0.0,0.819000877986,-0.573654735842,-0.0117708455815,0.0,-0.00806655035911,0.00900101335254,-0.999926953594,0.0,0.642375530741,0.235969342064,0.30373830327,1.0,-0.0818588571429,-0.107585926531,1.189
0.448913150688,0.441380674399,-0.124593990333,-1.52144030817,0.0693346652224,1.95418957449,0.135520497579,-0.0703274937273,-0.406148961022,-0.000244522888893,-0.636957799091,-0.0452545113267,0.214253986418,-0.101288663872,0.573707098917,0.819044519447,0.00264323993885,0.0,0.81900765367,-0.573642959536,-0.0118728726729,0.0,-0.00820829334664,0.00897655790395,-0.999926019928,0.0,0.641000997161,0.234246106391,0.303700911751,1.0,-0.0871251428571,-0.114507330612,1.205
0.447566188282,0.434068141616,-0.124631611384,-1.5325609907,0.0685747047945,1.95801300805,0.133710432869,-0.079745849145,-0.452007487873,-0.00055177283778,-0.656901673589,-0.0489767224028,0.233195156681,-0.115668941677,0.573633472023,0.819096088264,0.00264288981916,0.0,0.819059067921,-0.573569179626,-0.0118905988714,0.0,-0.0082238212113,0.00898570138951,-0.999925810216,0.0,0.639467459103,0.232290152859,0.303733990761,1.0,-0.0927205714286,-0.121861322449,1.222
0.446273983535,0.42735851246,-0.124656647294,-1.54280567108,0.0678501916171,1.9616640938,0.132043397071,-0.0906367880849,-0.446317317572,-0.00238690305038,-0.69042665126,-0.0469941185153,0.236538068397,-0.112442454578,0.573585693871,0.819129321529,0.00271169666303,0.0,0.819093403689,-0.573521376616,-0.0118310396193,0.0,-0.0081360920982,0.00900742133954,-0.99992633247,0.0,0.638071358409,0.230469218311,0.303745822426,1.0,-0.0976577142857,-0.128350138775,1.237
0.444684402762,0.419390193938,-0.124760108199,-1.5550502282,0.0669680425578,1.96574930264,0.130033008431,-0.095028089516,-0.471897472467,-0.0103710318611,-0.721942386302,-0.0466190592473,0.24398507274,-0.119017706081,0.573588188441,0.819128226614,0.00250705940651,0.0,0.819089736394,-0.573524749809,-0.0119210733921,0.0,-0.00832718741226,0.00889146470788,-0.99992579715,0.0,0.636347361528,0.228205435066,0.303689141626,1.0,-0.103253142857,-0.135704130612,1.254
0.442763256596,0.409954426168,-0.124855745701,-1.56915619895,0.0659901032068,1.97076317355,0.127674507327,-0.105503635576,-0.498043136702,-0.00292323609902,-0.753793257221,-0.0493858266293,0.259184734788,-0.120450619299,0.573611803775,0.819110848713,0.00276821106722,0.0,0.819076061755,-0.573547718497,-0.0117544276234,0.0,-0.00804063285187,0.00901002732136,-0.999927081157,0.0,0.634409802355,0.225590401002,0.303802510348,1.0,-0.109506857143,-0.143923297959,1.273
0.440986042633,0.401734173885,-0.124938731575,-1.58177148299,0.0651313401296,1.97487816822,0.125587277454,-0.11231863336,-0.515496359944,-0.0107844496222,-0.800306122916,-0.0557355552985,0.261787960295,-0.133416080574,0.573687948763,0.819058283299,0.00253237131693,0.0,0.819019722237,-0.573623969158,-0.0119575705929,0.0,-0.00834147895538,0.00893414820827,-0.999925297572,0.0,0.632578064937,0.22320030347,0.303707503937,1.0,-0.114773142857,-0.150844702041,1.289
0.438997095459,0.392521710054,-0.125068816525,-1.59534963733,0.0641176880252,1.97968145318,0.123253935258,-0.118988797753,-0.531484022896,-0.00582618446096,-0.805649376256,-0.0691468497333,0.277833689618,-0.136211508346,0.573750553274,0.819013428837,0.00283776380902,0.0,0.818979765814,-0.57368645405,-0.0116936960995,0.0,-0.00794946053296,0.00903350966972,-0.999927598269,0.0,0.630688608364,0.220578190631,0.303862695457,1.0,-0.120368571429,-0.158198693878,1.306
0.436869586178,0.38309172276,-0.125121509712,-1.60962882046,0.063046672016,1.98431845189,0.120722992067,-0.126977207064,-0.577281952344,-0.00762493798092,-0.85078199948,-0.0629773018337,0.276160370274,-0.152102453735,0.573699561127,0.819049853821,0.00262629385618,0.0,0.819013181358,-0.573635938793,-0.0118306968499,0.0,-0.00818355154254,0.008938406969,-0.999926564486,0.0,0.628565033961,0.217829149044,0.303794015985,1.0,-0.125964,-0.165552685714,1.323
0.434767962777,0.373832409981,-0.125191467355,-1.62333998262,0.0620610351788,1.98898945637,0.118281458364,-0.13632578652,-0.574575078411,-0.00334010316403,-0.869643138997,-0.0602345462069,0.290203759206,-0.158988793428,0.573704074274,0.81904612855,0.00279667124446,0.0,0.81901158623,-0.573639734687,-0.0117568410467,0.0,-0.00802526790385,0.00903562772498,-0.999926973587,0.0,0.626554974792,0.215173845421,0.303861610617,1.0,-0.131230285714,-0.172474089796,1.339
0.432344640014,0.363706266916,-0.125305486928,-1.63837643836,0.0608815772785,1.99393850576,0.115651536844,-0.144582751245,-0.613160059383,-0.00633714032642,-0.895542534707,-0.0653557333071,0.299753627765,-0.160357708012,0.573822027974,0.81896360361,0.00276461137213,0.0,0.818929056604,-0.573758249659,-0.011722546593,0.0,-0.00801427471905,0.00899084914357,-0.999927465386,0.0,0.624312224656,0.212152728851,0.303878149953,1.0,-0.136825714286,-0.179828081633,1.356
0.429648664104,0.352658573741,-0.125412215181,-1.65486441633,0.0596208518221,1.99927010296,0.112572212627,-0.155118054349,-0.622113993088,-0.00641026677109,-0.948691102641,-0.065927185371,0.300658099437,-0.170957797248,0.573798605241,0.818980437805,0.00263628855355,0.0,0.818944022481,-0.573735071927,-0.0118111042567,0.0,-0.00816068925076,0.00893633995354,-0.999926769808,0.0,0.621786676226,0.208841617681,0.303821315155,1.0,-0.142750285714,-0.187614661224,1.374
0.427073060811,0.342416569906,-0.125515785739,-1.66973503763,0.0585114052442,2.00411245733,0.109774799559,-0.160812985106,-0.646850130566,-0.00592794643157,-0.925810481612,-0.0720399800702,0.314375944705,-0.171472696069,0.573874952615,0.8189263758,0.00280654265674,0.0,0.818891946648,-0.573810538484,-0.0117555323615,0.0,-0.0080166461045,0.00904463489367,-0.999926961315,0.0,0.619509667173,0.205786439173,0.303927140544,1.0,-0.148016571429,-0.194536065306,1.39
0.424249348366,0.33143929707,-0.125562021209,-1.68603771212,0.0571995092003,2.00926392514,0.106644543024,-0.170579101923,-0.652418577611,-0.000257919486352,-0.959472426897,-0.076715219339,0.305904115472,-0.183791419416,0.573800321129,0.818979293131,0.00261835747514,0.0,0.818942144383,-0.573736308812,-0.0118810355248,0.0,-0.00822823374186,0.00896179782732,-0.999925988436,0.0,0.616917983356,0.202468596692,0.303834645936,1.0,-0.153612,-0.201890057143,1.407
