position_joint1,position_joint2,position_joint3,position_joint4,position_joint5,position_joint6,position_joint7,velocity_joint1,velocity_joint2,velocity_joint3,velocity_joint4,velocity_joint5,velocity_joint6,velocity_joint7,ee_T_00,ee_T_10,ee_T_20,ee_T_30,ee_T_01,ee_T_11,ee_T_21,ee_T_31,ee_T_02,ee_T_12,ee_T_22,ee_T_32,ee_T_03,ee_T_13,ee_T_23,ee_T_33,v_x,v_y,time
0.465093555595,0.54782040888,-0.123985197669,-1.35576975021,0.0794954721283,1.89408837757,0.15915736138,6.76990649017e-05,-0.000703179424381,0.00104014938801,-0.000254988301984,0.00017908590417,0.000484396106457,-0.000757489356623,0.573780990044,0.818994700181,0.00195024134581,0.0,0.818951626625,-0.573722488404,-0.0118948076541,0.0,-0.008623053131,0.00842232999059,-0.999927351017,0.0,0.661682422126,0.260910981096,0.303215521828,1.0,0.0,0.0,0.0
0.46508863031,0.547819355614,-0.123984952712,-1.35576454048,0.0794939193376,1.89408681251,0.15916204074,-0.00128000145179,8.24144092177e-05,0.000291009453199,0.000667591899479,4.20027176616e-05,-8.69153018232e-05,0.00116412477084,0.573787976307,0.818989798239,0.00195333745326,0.0,0.818946782236,-0.573729477872,-0.0118912147158,0.0,-0.00861826219201,0.00842287761608,-0.999927387708,0.0,0.661684648885,0.260908139191,0.303218600617,1.0,-8e-05,-0.000105142857143,0.005
0.465087912841,0.547828110611,-0.123982904272,-1.35576488518,0.0794912530894,1.89408685176,0.159156547576,-0.000621267096022,0.00262119756356,0.00128292891217,-0.00107173722402,0.000359464659044,5.42947573814e-05,-0.001028624765,0.573781961953,0.818994032967,0.00194447986692,0.0,0.818950914314,-0.573723513217,-0.011894419998,0.0,-0.0086260312612,0.00841739926866,-0.999927366849,0.0,0.661684210951,0.260908262485,0.303212164999,1.0,-0.00034,-0.000446857142857,0.018
0.465082334653,0.547808361849,-0.123985361012,-1.35577922561,0.0794906029583,1.89409014841,0.159157359916,-0.0016218103118,-0.00379370146872,5.99904642929e-05,-0.00327436806653,0.000158031294199,0.000147427393991,-0.000500670750329,0.573789511143,0.818988726707,0.00195175056004,0.0,0.818945711566,-0.573731040101,-0.0118895767058,0.0,-0.00861781532816,0.00842065428058,-0.999927410286,0.0,0.661684161046,0.260901827351,0.303219696589,1.0,-0.00074,-0.000972571428571,0.038
0.465087510185,0.547779777624,-0.123990653653,-1.35580951833,0.0794905896518,1.89409458357,0.159154665996,-0.00169160780376,-0.0018627152948,-0.00173306282312,-0.00558432278756,7.1613763388e-05,0.00279586679457,-0.000918173202669,0.573788394951,0.818989502689,0.00195427906307,0.0,0.818946521906,-0.573729915027,-0.0118880512483,0.0,-0.00861512668689,0.00842183803289,-0.999927423484,0.0,0.661678723877,0.260899268259,0.303226088742,1.0,-0.00098,-0.001288,0.05
0.465094844584,0.547671570542,-0.123985364051,-1.35594045319,0.0794880061878,1.89411807401,0.159153022843,0.00117102028493,-0.00769322688073,-0.000393881504066,-0.0124059236029,-0.000103067745722,0.00283316904749,-0.000196549297121,0.573783782122,0.818992719206,0.00196065359565,0.0,0.818949713005,-0.57372517044,-0.0118971960719,0.0,-0.00861900658608,0.00843225720531,-0.999927302239,0.0,0.661653270207,0.26089423791,0.303242284724,1.0,-0.00132,-0.00173485714286,0.067
0.465080789031,0.547536303285,-0.123982859366,-1.35612818995,0.079487121377,1.89416269738,0.159146968573,0.000412265786503,-0.00464596166756,0.000213262850207,-0.00719047717781,-0.000119551103217,0.00304907192888,-0.00136554609806,0.573798669011,0.818982287259,0.00196150386329,0.0,0.818939151556,-0.573739914471,-0.0119131646991,0.0,-0.00863144399705,0.00844227289755,-0.999927110445,0.0,0.661625843079,0.260868764364,0.303252542585,1.0,-0.00166,-0.00218171428571,0.084
0.465067297074,0.547377987719,-0.123985679248,-1.35632695918,0.0794799803886,1.89427282335,0.159142054263,-0.000459293750926,-0.0142500061393,0.000191950956599,-0.0131391655762,-0.000401077350829,0.00851711197196,-0.00121162441307,0.573817106126,0.818969222722,0.00202184365724,0.0,0.818926894374,-0.573758122508,-0.011878780584,0.0,-0.00856847145063,0.00847215276135,-0.999927399327,0.0,0.661610989946,0.260843025423,0.303279725523,1.0,-0.00198,-0.00260228571429,0.1
0.465042200602,0.547189866552,-0.123982488263,-1.3565715718,0.0794775415242,1.89440497974,0.159134508046,-0.00199204732791,-0.00953740106619,0.00111802882532,-0.013745786237,-0.000573549917511,0.0115256518324,0.000271745731189,0.573842532642,0.818951229019,0.00209263459415,0.0,0.818909753221,-0.573783191667,-0.0118495544373,0.0,-0.008503652335,0.00851362112166,-0.999927600455,0.0,0.661592179449,0.260810295736,0.30330791887,1.0,-0.00234,-0.00307542857143,0.118
0.465017968381,0.546970911113,-0.123983433257,-1.35686183065,0.0794696870133,1.89453428033,0.159122074584,-0.00144828512436,-0.0108475023528,0.000908005097112,-0.0175653106667,-0.00374217324583,0.00141941335918,0.000669387322787,0.573867113317,0.818933864699,0.00214671922873,0.0,0.81889304289,-0.573807504557,-0.0118270419649,0.0,-0.0084539243449,0.00854524839543,-0.999927752337,0.0,0.66156415778,0.260769654756,0.303336095758,1.0,-0.00268,-0.00352228571429,0.135
0.464987028025,0.546764130549,-0.123982806589,-1.35719508299,0.0794656971127,1.89465187622,0.15909621962,-0.00377363297765,-0.0145399642906,0.00132106956038,-0.0260442410401,-0.00321320625139,0.00958711668984,-0.00051622957439,0.573888410663,0.818918937122,0.00214788986423,0.0,0.818877974274,-0.573828636707,-0.0118450768254,0.0,-0.0084678000428,0.00855677675898,-0.999927536341,0.0,0.661524764629,0.260720041843,0.303334113911,1.0,-0.00298,-0.00391657142857,0.15
0.464942348229,0.546452204071,-0.123983225235,-1.35763703327,0.0794533478135,1.89481111203,0.158950808984,-0.000580313491814,-0.0157487250814,-0.000871406224905,-0.0262187761357,-0.000457523738394,0.0100634590174,-0.00821031028919,0.573827586314,0.818961467483,0.00218239859267,0.0,0.818920813999,-0.573767541845,-0.0118429399264,0.0,-0.00844688461427,0.00858318251765,-0.99992748693,0.0,0.661475780506,0.260650692979,0.303358480825,1.0,-0.00334,-0.00438971428571,0.168
0.464902613443,0.546170351706,-0.123982832811,-1.35812930179,0.0794336353613,1.89498205149,0.158917512048,-0.00724094801792,-0.019293357262,0.00133673673135,-0.0290367991284,-0.00063893887434,0.00884123826107,-0.0021848780318,0.573854877149,0.818942421748,0.00215330783524,0.0,0.818901278341,-0.573794832064,-0.0118715596876,0.0,-0.00848673032866,0.00857606408086,-0.999927210617,0.0,0.661415679939,0.260578308972,0.303338558644,1.0,-0.00368,-0.00483657142857,0.185
0.464853652564,0.545856052675,-0.123986048114,-1.35864427131,0.0793871196172,1.8951527558,0.158874960016,-0.000526674650361,-0.0255934186677,-0.000477032475095,-0.0338789542749,-0.00434796646635,0.0160531223177,-0.00343671869493,0.573878705099,0.818925815582,0.00211832674247,0.0,0.81888434122,-0.573818922687,-0.011875460944,0.0,-0.00850974940878,0.00854990336013,-0.999927239012,0.0,0.661355866948,0.260491112039,0.303330835272,1.0,-0.004,-0.00525714285714,0.201
0.46479005639,0.545497913542,-0.12398605017,-1.35925555949,0.0792978702282,1.89536686912,0.15877741842,-0.00279637481626,-0.0222666057603,-0.000627007165295,-0.0322819903588,-0.00136867227542,0.0123147561025,-0.0121138951326,0.573861321524,0.818938156876,0.00205566841934,0.0,0.818896313573,-0.573802239903,-0.0118559689432,0.0,-0.00852992243821,0.00848722470157,-0.999927601099,0.0,0.661289155154,0.260381268477,0.303311868729,1.0,-0.00434,-0.005704,0.218
0.464730141279,0.545100024985,-0.123992459399,-1.35996263722,0.0792857208227,1.89558667806,0.158698633908,-0.00429447132885,-0.0215594810574,-0.00497363504504,-0.035707925239,-0.00121298720777,0.0132831956161,-0.00269914102323,0.57388641263,0.818920725206,0.00199452458906,0.0,0.818877775788,-0.573827271176,-0.011924683474,0.0,-0.00862102381758,0.00847684888549,-0.999926907819,0.0,0.661198726026,0.26027216938,0.30327627054,1.0,-0.00468,-0.00615085714286,0.235
0.46465846293,0.544688464912,-0.123987456851,-1.36063938403,0.0792637057271,1.8958217142,0.158619268769,-0.0059751851352,-0.0239133969928,0.000794304449928,-0.0417967761138,-0.00286413701672,0.0186264942032,-0.00686788866925,0.573908455481,0.818905312519,0.00198009020444,0.0,0.818861950095,-0.573849150729,-0.0119585030905,0.0,-0.00865677529813,0.00848466992088,-0.99992653261,0.0,0.661119586906,0.260165132095,0.303265675698,1.0,-0.005,-0.00657142857143,0.251
0.464588837952,0.544196177437,-0.124000596462,-1.36145816584,0.0792237337661,1.89611762959,0.15850378878,-0.00450630960597,-0.0311074715576,-0.00322080404706,-0.0505883104562,-0.00589358911867,0.0183450854619,-0.0121115973066,0.573915126823,0.818900696925,0.00195516768961,0.0,0.818856969159,-0.57385588675,-0.011976318385,0.0,-0.00868559820846,0.00847455613476,-0.99992636843,0.0,0.661026585264,0.260034373373,0.303250422048,1.0,-0.00536,-0.00704457142857,0.269
0.464515246318,0.54367813598,-0.123993129403,-1.36228798634,0.0791837098901,1.89640175609,0.158412260495,-0.00170743220737,-0.0319954538049,0.000661667082562,-0.0502052471943,-0.000168448932732,0.0169852734951,-0.00328056433954,0.573930645095,0.818889859288,0.00193904053594,0.0,0.818845751009,-0.573871305934,-0.0120044650361,0.0,-0.00871774280316,0.00847766868745,-0.999926062314,0.0,0.660925560741,0.259911157636,0.303246376489,1.0,-0.0057,-0.00749142857143,0.286
0.464442916652,0.543196133109,-0.12400412023,-1.36304247096,0.0791329947764,1.8966660092,0.15832505534,-0.00562107604085,-0.0293479483069,-0.00114911880618,-0.0515450571789,-0.00964333070336,0.0250349246141,-0.00235484766379,0.573954539817,0.818873141114,0.00192662592582,0.0,0.81882894842,-0.57389532612,-0.012002282663,0.0,-0.00872283323232,0.00846650470987,-0.99992611251,0.0,0.66084136196,0.259783482588,0.303251494276,1.0,-0.006,-0.00788571428571,0.301
0.46436895566,0.542589852515,-0.12400194977,-1.36400460722,0.0790817093125,1.89701075983,0.15819064543,-0.00561839083277,-0.0350900087836,-6.70049938186e-05,-0.0504626308048,-0.00174484251482,0.0150716267035,-0.00596021499759,0.573943292718,0.818881036535,0.00192136631608,0.0,0.818836673953,-0.57388400475,-0.0120165461793,0.0,-0.00873764862159,0.00847026436377,-0.999925951317,0.0,0.660725965553,0.259644714051,0.303252186266,1.0,-0.00636,-0.00835885714286,0.319
0.464287667579,0.541995359187,-0.1239995233,-1.36493419045,0.0790300021094,1.89735924896,0.158066991824,-0.00400010438197,-0.036711276353,0.000683028911594,-0.0568761433385,-0.000143497153536,0.024465509247,-0.00479389633258,0.573944784223,0.818879958444,0.00193525763497,0.0,0.818835721363,-0.573885382282,-0.0120156699884,0.0,-0.00872894333232,0.00848115248881,-0.999925935058,0.0,0.660620224808,0.25950515767,0.303260268437,1.0,-0.0067,-0.00880571428571,0.336
0.464218847597,0.54138509942,-0.124008370623,-1.36585978772,0.0789699566826,1.89770242094,0.157931509307,-0.00591125096978,-0.0368266225685,-0.00129630967945,-0.0609481350063,-0.00139234537741,0.013996112336,-0.0117975984316,0.573931712024,0.818889074091,0.00195478103965,0.0,0.818845167401,-0.573872301924,-0.0119966582693,0.0,-0.00870230523366,0.00848608901019,-0.99992612536,0.0,0.660514424734,0.259366283801,0.303281204664,1.0,-0.00702,-0.00922628571429,0.352
0.464130709806,0.540691484523,-0.12400523673,-1.366918861,0.0789038082152,1.89809771845,0.15780880822,-0.000301162804557,-0.0412840824687,-0.0002123555389,-0.0640389573565,-0.00173879035866,0.0234638632354,-0.00892346549636,0.573942247944,0.818881630466,0.00197944698267,0.0,0.818838047249,-0.573882733594,-0.011983628887,0.0,-0.0086773701827,0.00849892103439,-0.999926233073,0.0,0.660392843779,0.259209402714,0.30330157146,1.0,-0.00736,-0.00967314285714,0.369
0.464028689022,0.539958940018,-0.124003509499,-1.36802399539,0.078846711756,1.89850197929,0.157670192644,-0.00577754131034,-0.0389457870025,0.00079382624365,-0.0665981639993,-0.00114295425729,0.0178765217919,-0.00807747848952,0.573956930791,0.818871258512,0.0020125806519,0.0,0.818827997143,-0.573897166599,-0.0119791554575,0.0,-0.00865453839838,0.00852364079062,-0.999926220535,0.0,0.660266647931,0.259039665181,0.303328257294,1.0,-0.0077,-0.01012,0.386
0.463937975817,0.539256479869,-0.124015838771,-1.36910581045,0.0787844425595,1.89892870198,0.157532020885,-0.00737785141975,-0.0513175585358,-0.00691455189481,-0.0678406890101,-0.00215683189183,0.0275294896405,-0.00653520876826,0.573970068485,0.818861956352,0.00205032288958,0.0,0.818819249582,-0.573910206708,-0.0119523240731,0.0,-0.00861076802406,0.00853928452433,-0.999926464943,0.0,0.660149900666,0.258872308056,0.303347073585,1.0,-0.00802,-0.0105405714286,0.402
0.463815203182,0.538398832056,-0.124016503801,-1.37044538993,0.0787082569138,1.89944206527,0.157376301374,-0.00992274902702,-0.0486032421858,-0.000617333811765,-0.0680833948439,-0.00696668233637,0.0218414968375,-0.00551329763474,0.573997279158,0.818842812767,0.00207807607742,0.0,0.8188004417,-0.573937273261,-0.0119411027037,0.0,-0.00858536610285,0.00855585479887,-0.999926541721,0.0,0.660001034011,0.258665630797,0.303359832181,1.0,-0.0084,-0.01104,0.421
0.463722897557,0.537653708178,-0.124023174286,-1.37161320498,0.0786337514925,1.89988993162,0.157234677088,-0.00773564694184,-0.0469168084021,-0.00115287858261,-0.0789158071535,-0.00065544661075,0.0295655311591,-0.00538428940401,0.574006141784,0.818836558471,0.00209442255391,0.0,0.81879447952,-0.573946146584,-0.0119234235842,0.0,-0.00856141421251,0.0085591847842,-0.999926718586,0.0,0.659869030618,0.25849033373,0.303369231202,1.0,-0.00872,-0.0114605714286,0.437
0.463611053195,0.536823642605,-0.12402370354,-1.37292012044,0.0785677808036,1.90037110242,0.157072224291,-0.00423557790259,-0.0540925001086,5.44426810554e-06,-0.0756604429328,-0.000325959232094,0.0219066735058,-0.013267047198,0.574019386633,0.81882724776,0.00210451814662,0.0,0.818785168003,-0.573959216005,-0.0119337304532,0.0,-0.00856392095902,0.00857350594578,-0.999926574431,0.0,0.659716574045,0.25829395969,0.303374977566,1.0,-0.00906,-0.0119074285714,0.454
0.463505142229,0.536021918185,-0.124029692396,-1.3741729204,0.0784925850714,1.90083605471,0.156916498658,-0.00460078339253,-0.0553988809207,-0.00120218191835,-0.083542299534,-0.00390432119482,0.0265235830169,-0.0117989560456,0.574031551675,0.81881869369,0.00211457958993,0.0,0.818776758846,-0.573971352168,-0.0119269847527,0.0,-0.00855249463039,0.00857799934043,-0.99992663369,0.0,0.659572629877,0.258101810318,0.303385073681,1.0,-0.00938,-0.012328,0.47
0.463387584155,0.535121987945,-0.124030813555,-1.37558825544,0.0784043056062,1.90134768291,0.156747784098,-0.00434191853433,-0.0524686421062,-0.0011108819684,-0.0826533061817,-0.00267759932465,0.0312992538143,-0.0202911639768,0.574042646532,0.818810919699,0.00211297078289,0.0,0.818768939605,-0.573982427863,-0.0119307562343,0.0,-0.00855639012199,0.00857896290282,-0.999926592097,0.0,0.659395401323,0.257874615546,0.303393023973,1.0,-0.00974,-0.0128011428571,0.488
0.463263110183,0.534281468708,-0.124032982218,-1.376982092,0.0783267167042,1.90185846069,0.156580056465,-0.00804885995612,-0.0553518132455,-0.000284829079237,-0.0919472335372,-0.00666539690561,0.0348787524325,-0.00652466114686,0.574066160904,0.818794532726,0.00207436353076,0.0,0.818751991251,-0.574006040214,-0.0119578226113,0.0,-0.00860046816687,0.00856313545753,-0.999926349617,0.0,0.659242019128,0.25767221731,0.30336474198,1.0,-0.01004,-0.0131954285714,0.503
0.463111755189,0.53319959599,-0.124033895334,-1.3787236063,0.0782487571964,1.90249999223,0.156357989928,-0.00290921255228,-0.054077040718,0.000553507854498,-0.0894484749281,-0.0135809077147,0.0314857590017,-0.015637229687,0.574083364821,0.818782475479,0.0020724345383,0.0,0.818739635869,-0.574022978381,-0.0119906567338,0.0,-0.00862828067805,0.00858058606625,-0.999925960417,0.0,0.65903668809,0.257410292994,0.303354523606,1.0,-0.01044,-0.0137211428571,0.523
0.462997387923,0.532354434731,-0.124036106275,-1.38009380088,0.0781567721757,1.90301766706,0.15619310754,-0.0111454478806,-0.0591316185291,-0.00261140688286,-0.0929544250613,-0.00267638634801,0.0351461308237,-0.0205225539916,0.574093780665,0.818775207088,0.00205867939223,0.0,0.818732275628,-0.574033537557,-0.011987723144,0.0,-0.00863366571037,0.00856774952064,-0.999926024006,0.0,0.658878006623,0.257202333593,0.303343163089,1.0,-0.01074,-0.0141154285714,0.538
0.462877744347,0.531496241618,-0.124036851631,-1.38147603109,0.0780638602088,1.90351783141,0.156010282273,-0.0093671039252,-0.0555177820941,-0.000545859474539,-0.0936982326682,-0.00286273063566,0.0318995865181,-0.0100585920717,0.57409289332,0.818775894869,0.00203241770792,0.0,0.818732669819,-0.574032809216,-0.0119956748834,0.0,-0.00865526163148,0.00855080310681,-0.999925982367,0.0,0.658714105525,0.256989184577,0.303333527314,1.0,-0.01104,-0.0145097142857,0.553
0.462731151145,0.53041205219,-0.124036118973,-1.38323201556,0.0779736056418,1.90413647608,0.155785833023,-0.00838465323946,-0.0623800365429,-0.000540925884688,-0.098379818969,-0.00533176079186,0.0291477464997,-0.00609131986759,0.574099813547,0.818771132533,0.00199587491294,0.0,0.818727205213,-0.574039662125,-0.012040625079,0.0,-0.00871297262343,0.00854676225395,-0.999925515708,0.0,0.658498591215,0.256726226619,0.303315327441,1.0,-0.0114,-0.0149828571429,0.571
0.462588058715,0.529368260995,-0.124035048504,-1.3848725039,0.077862250387,1.90474200175,0.155564665283,-0.00965693704714,-0.0610311355727,3.64106298218e-05,-0.0975794830064,-0.0109107139679,0.0386667706451,-0.0130118092619,0.574094198154,0.818775068271,0.00199652804391,0.0,0.818731227981,-0.574034121659,-0.0120312260778,0.0,-0.00870496032861,0.00854184140193,-0.99992562754,0.0,0.658306072232,0.256474694749,0.303322170548,1.0,-0.01174,-0.0154297142857,0.588
0.462459408504,0.528330039798,-0.124038232748,-1.38647187066,0.0777573583515,1.9053583156,0.155347959873,-0.00661304669841,-0.0683278634798,0.000418875889402,-0.0990971979475,-0.00644251133082,0.0405013889188,-0.0146025371737,0.574082888209,0.818782897824,0.00203730138524,0.0,0.818739694082,-0.574022742867,-0.011997954272,0.0,-0.00865442906219,0.0085560044836,-0.99992594508,0.0,0.658121641003,0.256236794605,0.303345490391,1.0,-0.01206,-0.0158502857143,0.604
0.462313623882,0.527198660713,-0.12404345501,-1.38823555551,0.0776528079486,1.90603158725,0.155094590027,-0.00938383413431,-0.0740547227302,0.000563720912919,-0.108143015275,-0.00807068165744,0.0321817389229,-0.0180519656911,0.574065849688,0.81879475898,0.00207118071637,0.0,0.818752005853,-0.574005572963,-0.0119792328738,0.0,-0.00861982977828,0.00857281691761,-0.999926099942,0.0,0.657916899594,0.25597208728,0.303360950925,1.0,-0.0124,-0.0162971428571,0.621
0.462165353801,0.525964797518,-0.124049275002,-1.39015306462,0.0775202592841,1.9067418579,0.15484610768,-0.0109517365242,-0.0700742839937,-0.000647659553568,-0.107197874231,-0.00593385992811,0.0363918393725,-0.0160749142408,0.574052613013,0.81880398407,0.00209286062971,0.0,0.818761651414,-0.573992385252,-0.0119518511836,0.0,-0.00858510259115,0.00857471051742,-0.999926382467,0.0,0.657676239618,0.255670433587,0.303384848529,1.0,-0.01278,-0.0167965714286,0.64
0.462013856173,0.524869908217,-0.124055156325,-1.39188319935,0.0774211518013,1.90736146653,0.154605304797,-0.015431466493,-0.0691939262238,-0.00206301835957,-0.112373783132,-0.00755691134155,0.0300102199503,-0.0193595910039,0.574052905653,0.818803832326,0.00207185459929,0.0,0.818761155728,-0.573992695123,-0.0119709113034,0.0,-0.00861276446869,0.00856845545255,-0.999926198206,0.0,0.657479539545,0.255418513393,0.303378737426,1.0,-0.01308,-0.0171908571429,0.655
0.461855949015,0.523602138011,-0.124055877757,-1.39389788424,0.0772993157272,1.90809011871,0.15433327327,-0.00387724681359,-0.0714762318647,0.0003574430967,-0.111171649834,-0.00205880585499,0.0391596925378,-0.0168210779086,0.574035216891,0.818816273092,0.00205611032993,0.0,0.818773330589,-0.573975014187,-0.0119859545341,0.0,-0.00863430490239,0.00856401319732,-0.999926050494,0.0,0.657231723816,0.255121545897,0.303374395006,1.0,-0.01344,-0.017664,0.673
0.461688653669,0.522307490622,-0.124053832004,-1.39595183428,0.0771691380164,1.90888589141,0.154054513968,-0.0041068607981,-0.0718582518352,0.000595961732041,-0.116071833515,-0.00195144985855,0.0476898459966,-0.0122893734016,0.574017624107,0.818828540603,0.00208211650419,0.0,0.818785993197,-0.573957370721,-0.0119658197137,0.0,-0.00860307421488,0.00857356430008,-0.999926237834,0.0,0.656990297859,0.254818929958,0.303375615329,1.0,-0.0138,-0.0181371428571,0.691
0.461540953531,0.52127812724,-0.124056466522,-1.39759946575,0.0770741297902,1.90952152969,0.153832278513,-0.0116181363679,-0.0783570900034,9.80638795152e-05,-0.117449868952,-0.00666971289051,0.0433563844707,-0.0135932391689,0.574021106023,0.818826061891,0.00209692845789,0.0,0.81878368297,-0.573960766197,-0.0119610312908,0.0,-0.00859061487964,0.00858298046538,-0.999926264173,0.0,0.6567992151,0.254566059003,0.303369807762,1.0,-0.01408,-0.0185051428571,0.705
0.461377133496,0.519986328986,-0.124065927668,-1.39963568703,0.0769400506756,1.91026576923,0.153558337505,-0.00725505740863,-0.0828463717289,-0.00147508814838,-0.124321865321,-0.00473481965394,0.0450860818607,-0.0190654362299,0.574009862576,0.818833965255,0.00208851878359,0.0,0.818791566716,-0.573949648843,-0.0119548220533,0.0,-0.00859047511663,0.00857241237636,-0.99992635603,0.0,0.656552228673,0.254257090256,0.303372667881,1.0,-0.01442,-0.018952,0.722
0.461204281549,0.518626781257,-0.124074421658,-1.40171831806,0.0768086853979,1.91100380039,0.153278605565,-0.00967477239641,-0.0809050493726,-0.000832260123704,-0.122587386272,-0.0045865636993,0.0454181922647,-0.0116589940275,0.574003289776,0.818838547544,0.00209840025892,0.0,0.818796283966,-0.573943042197,-0.0119489153799,0.0,-0.00858003547834,0.00857704420628,-0.999926405944,0.0,0.656296015094,0.253938218431,0.303400006513,1.0,-0.01476,-0.0193988571429,0.739
0.461031752947,0.517367566092,-0.12407785878,-1.40372659473,0.0766698273821,1.91172130226,0.152998441203,-0.011787877466,-0.0778333800401,-0.00150721043893,-0.128600592342,-0.00924226037315,0.0487631413486,-0.0199987439439,0.57398627621,0.818850566965,0.00206169939635,0.0,0.81880791449,-0.57392627186,-0.011957446998,0.0,-0.00860826454127,0.00855171090532,-0.999926380301,0.0,0.656049090347,0.253627476919,0.303390025154,1.0,-0.01508,-0.0198194285714,0.755
0.460825180869,0.515924936311,-0.124078350679,-1.40599598798,0.0765288965747,1.91258367667,0.152676943001,-0.0142887991555,-0.0767118658133,-8.73452059567e-05,-0.131687658192,-0.0125012707432,0.0541237547613,-0.0204329702859,0.573974537853,0.818858726133,0.00208888327445,0.0,0.818816447132,-0.573914441599,-0.0119409602093,0.0,-0.0085792843656,0.00856438398986,-0.999926520904,0.0,0.655781357897,0.253277024681,0.303396502665,1.0,-0.01544,-0.0202925714286,0.773
0.460636673985,0.514517735588,-0.124084431369,-1.40822379619,0.0764018713251,1.91340275384,0.152380939608,-0.0138366461807,-0.0822923816997,0.000439706881368,-0.138973644553,-0.0085559895658,0.0443801124089,-0.0114665537561,0.573973988793,0.818859107464,0.00209026622141,0.0,0.818816748088,-0.573913788677,-0.0119516994054,0.0,-0.00858729063326,0.00857167460192,-0.999926389708,0.0,0.655508960623,0.252939013388,0.303393923039,1.0,-0.01578,-0.0207394285714,0.79
0.460472676813,0.513294520561,-0.12409146047,-1.4102196628,0.0762816606755,1.91409350368,0.152117632263,-0.0109115938681,-0.0815485741151,-0.000795523093043,-0.1332442181,-0.00512628556073,0.0450348989525,-0.0135781441403,0.573969843795,0.818862189177,0.00202001280538,0.0,0.818818817616,-0.573909842581,-0.0119993086748,0.0,-0.00866664179864,0.00854143027161,-0.999925963904,0.0,0.65525405629,0.252634135976,0.303361323629,1.0,-0.01608,-0.0211337142857,0.805
0.460262525784,0.511779024387,-0.124102126001,-1.41263812971,0.0761382305601,1.91496833156,0.151758224722,-0.00958711741285,-0.0838169487736,-0.00029404193653,-0.134665048015,-0.00377082083467,0.0516916225487,-0.0168463401782,0.573943126586,0.818880974709,0.00199589732373,0.0,0.818837219305,-0.573883163097,-0.0120195796461,0.0,-0.00869736067794,0.00853303442425,-0.999925768865,0.0,0.654955954538,0.252259348977,0.303347990348,1.0,-0.01644,-0.0216068571429,0.823
0.460046165741,0.510136261532,-0.124106618576,-1.41524584333,0.0759751827426,1.91596231161,0.151393661823,-0.012625715709,-0.0791041806463,-0.000810140584838,-0.136921253518,-0.00238210346582,0.0503086130629,-0.0187929271932,0.573917255965,0.81889905927,0.00201517556472,0.0,0.818855600484,-0.573857258051,-0.0120041592536,0.0,-0.00867393859624,0.00853969635175,-0.999925915443,0.0,0.654640048762,0.251868268965,0.303343258552,1.0,-0.01682,-0.0221062857143,0.842
0.459872930043,0.508890785341,-0.124112086707,-1.41721109473,0.0758474093167,1.9166762218,0.15112061644,-0.0118904721863,-0.0876316947167,-0.00390467038409,-0.139756410643,-0.0173035881065,0.0470612626155,-0.0261542275945,0.5739070062,0.818906268256,0.00200473138434,0.0,0.818862709263,-0.573847089322,-0.0120053469811,0.0,-0.00868101176198,0.008531716779,-0.999925922178,0.0,0.654397649701,0.251562696338,0.303341485469,1.0,-0.0171,-0.0224742857143,0.856
0.45966591621,0.507369362132,-0.124109997239,-1.41959399523,0.0756950451876,1.91752836988,0.150785947825,-0.01314249122,-0.0865423721649,-0.00235100909628,-0.13814577888,-0.0121125326671,0.057561710049,-0.0165058652838,0.573892886018,0.818916172569,0.00200114558383,0.0,0.818872555672,-0.573832975209,-0.0120083733242,0.0,-0.00868569502379,0.00853036745792,-0.999925893021,0.0,0.654083336535,0.2511718872,0.30335065085,1.0,-0.01746,-0.0229474285714,0.874
0.459449661725,0.505811684574,-0.124118898647,-1.42204063554,0.0755469240573,1.91844627074,0.150459866658,-0.0143821875748,-0.0924674944502,-0.000234796751422,-0.144756529753,-0.0031339180757,0.0626021342338,-0.018232026882,0.573886160306,0.818920847196,0.00201691294185,0.0,0.818877404094,-0.573826152048,-0.012003799031,0.0,-0.00867297086114,0.00854058300175,-0.999925916265,0.0,0.653799885277,0.250820919113,0.303349624102,1.0,-0.01778,-0.023368,0.89
0.459233738023,0.504264014053,-0.124119203897,-1.42437479944,0.0754003596068,1.91934776394,0.150136872533,-0.00742359611304,-0.0971344991045,-0.000451239462645,-0.146451460335,-0.00233385113148,0.052197838015,-0.0231569533326,0.573868784582,0.818932765166,0.00211922674317,0.0,0.818890735736,-0.573808430795,-0.0119412970715,0.0,-0.0085632541276,0.00858831813538,-0.999926453031,0.0,0.653504337644,0.250441492304,0.303403167101,1.0,-0.01812,-0.0238148571429,0.907
0.45898733753,0.502497004622,-0.12412596691,-1.42699421318,0.0752227099639,1.9203421924,0.149768859222,-0.0123315093,-0.0967116795036,3.47191368615e-05,-0.147404631832,-0.00394180426631,0.0536960678786,-0.0208107227678,0.573870959603,0.818930965918,0.00222299025605,0.0,0.818890454115,-0.573810355233,-0.0118679100556,0.0,-0.00844358678196,0.00863120060972,-0.999927101452,0.0,0.653210733494,0.250046835887,0.303471669844,1.0,-0.01846,-0.0242617142857,0.924
0.458753114665,0.50078456242,-0.12413203065,-1.42956591072,0.0750641058188,1.92123838354,0.14940901557,-0.014786904401,-0.100588340094,-0.000414170174216,-0.152704638815,-0.00920114955123,0.0564487113085,-0.0218515022612,0.573860597255,0.818938135248,0.00225664713782,0.0,0.818897978018,-0.573799775705,-0.0118602656174,0.0,-0.00841812226165,0.00865426951055,-0.999927116762,0.0,0.652883884555,0.249643105559,0.303520617598,1.0,-0.0188,-0.0247085714286,0.941
0.458526225366,0.499190348219,-0.124132283451,-1.43202315683,0.0749042364189,1.92213803511,0.149058856035,-0.0186839111901,-0.1020388278,-0.0001790211042,-0.15342230918,-0.00687620780829,0.0556602627775,-0.0249115848389,0.573841607675,0.818951366813,0.00228363681709,0.0,0.818911582051,-0.573780704655,-0.0118435910573,0.0,-0.00838917986,0.00866660883079,-0.99992725313,0.0,0.652578035727,0.249259673875,0.303541106665,1.0,-0.01912,-0.0251291428571,0.957
0.458272608072,0.497505059006,-0.124132400575,-1.4346667619,0.0747474063757,1.92311892662,0.148663574101,-0.0139428680416,-0.0988543827468,-0.000460465257791,-0.152577045223,-0.00680617388268,0.0591789066647,-0.0253927646917,0.57381765588,0.818968087556,0.00230570317521,0.0,0.818928489742,-0.573756566229,-0.0118439140218,0.0,-0.00837703656297,0.00868462020535,-0.999927198665,0.0,0.65225116252,0.248844036132,0.303542916818,1.0,-0.01946,-0.025576,0.974
0.458007784477,0.495831339601,-0.124135329797,-1.43737190761,0.0745831004195,1.9240502145,0.148277427734,-0.0116500689536,-0.100552005498,0.000494012558347,-0.16224832676,-0.0139565648432,0.0495735527523,-0.0240219147639,0.573812517877,0.818971917203,0.00222262504677,0.0,0.818931059292,-0.573751573607,-0.0119079306475,0.0,-0.00847718938635,0.00865326295364,-0.999926626458,0.0,0.65190171434,0.248407707679,0.303502598452,1.0,-0.0198,-0.0260228571429,0.991
0.457745752101,0.494241685893,-0.124130580502,-1.43995702445,0.0744142634538,1.92495822824,0.147914384507,-0.0200370493036,-0.103103376001,-0.000206626488268,-0.164299820287,-0.0145207261767,0.0561294506981,-0.0203562024658,0.573810621861,0.818973454281,0.00214437035905,0.0,0.818931497529,-0.573749915763,-0.0119575673995,0.0,-0.00856276282481,0.00861763753107,-0.999926204985,0.0,0.651571071863,0.247988655925,0.303457988211,1.0,-0.0210908571429,-0.0277194122449,1.007
0.457465036555,0.492331391271,-0.124162385896,-1.44296682017,0.074226913075,1.92608230876,0.147490838721,-0.0190159733064,-0.114407257654,-0.000618370603382,-0.185552479215,-0.0102103649796,0.0676910608358,-0.0269628359332,0.573817053173,0.818968917871,0.00215591041663,0.0,0.81892722274,-0.573756410995,-0.0119386598235,0.0,-0.00854058832622,0.00861630621932,-0.999926406101,0.0,0.65120145887,0.247501555735,0.30345358205,1.0,-0.0242382857143,-0.0318560326531,1.024
0.457121170067,0.490070641684,-0.12417287045,-1.44663234536,0.0740114305991,1.92738130257,0.146951664419,-0.0198785892115,-0.130278196632,0.000842183432743,-0.213961592448,-0.00401493141903,0.0770382495701,-0.0296618474337,0.573789482276,0.818988456391,0.00207007952928,0.0,0.81894540249,-0.573728960308,-0.0120106097304,0.0,-0.00864905266837,0.00858700897883,-0.999925725824,0.0,0.650726904484,0.246920365628,0.303394607501,1.0,-0.0275708571429,-0.0362359836735,1.042
0.456777299832,0.487900875287,-0.124194770765,-1.45004187418,0.0738062172895,1.92863161717,0.146464880459,-0.0221988358937,-0.154549677368,-0.000806335151071,-0.233782214293,-0.0217833279626,0.0881578801002,-0.0311384953397,0.573802277075,0.818979473935,0.00207725750149,0.0,0.818936469747,-0.573741679552,-0.0120121007204,0.0,-0.00864602118375,0.00859387812961,-0.999925693027,0.0,0.650302479049,0.246360125471,0.303389048423,1.0,-0.030348,-0.0398859428571,1.057
0.456320113436,0.485001052191,-0.124227817364,-1.45448553213,0.073531417021,1.93033581046,0.145803033007,-0.0291329367293,-0.165411534694,-0.00432500579327,-0.254091675666,-0.0158753853577,0.0893547280289,-0.0380377610648,0.573804153857,0.81897782489,0.0022050524315,0.0,0.818936644275,-0.573743185932,-0.0119279571723,0.0,-0.00850376233691,0.0086502761558,-0.999926426668,0.0,0.649766721951,0.245626478755,0.303436539891,1.0,-0.0336805714286,-0.0442658938775,1.075
0.455830940389,0.482012599815,-0.124273158669,-1.45914388539,0.0732534720371,1.93192333233,0.145083201996,-0.0295743753792,-0.182047804873,-0.00122299041066,-0.28799857943,-0.0173963532726,0.0998598519403,-0.0399967146876,0.573800914297,0.81898027203,0.00213814874219,0.0,0.818938005921,-0.573740005686,-0.0119872947009,0.0,-0.00859078180274,0.00862949807121,-0.999925862367,0.0,0.649164338434,0.244833032098,0.303431726798,1.0,-0.036828,-0.0484025142857,1.092
0.45532588043,0.478937631485,-0.124317260132,-1.46392296302,0.072954381167,1.9336539204,0.144383220225,-0.0354789693231,-0.193880829753,-0.00221518364152,-0.29749602622,-0.0128604771538,0.107546021886,-0.046213234965,0.573825029289,0.818963339663,0.00215196450505,0.0,0.818921305319,-0.573764112242,-0.0119743934408,0.0,-0.00857203427709,0.0086336624731,-0.999925987311,0.0,0.648563969119,0.244023456111,0.303439640306,1.0,-0.0397902857143,-0.0522958040816,1.108
0.454735557515,0.475395529858,-0.124354264645,-1.46930162655,0.0726233340029,1.93564847828,0.143616717133,-0.0366236109514,-0.214452381174,6.18490006505e-06,-0.325748707717,-0.0217268369363,0.123646703717,-0.0508005336781,0.573878255772,0.818925689774,0.00228234101724,0.0,0.818885398441,-0.573816847843,-0.0119027833701,0.0,-0.00843801181126,0.00869989179242,-0.999926553223,0.0,0.647897197523,0.24311115621,0.303505640145,1.0,-0.0429377142857,-0.0564324244898,1.125
0.454061010798,0.471412472747,-0.124391181109,-1.47546909447,0.0722487221341,1.93781761134,0.142702296405,-0.0393616171285,-0.226624524705,-0.00129063946574,-0.355389913895,-0.0231080122457,0.118397486389,-0.0497981814312,0.573902599201,0.818908654333,0.00227362923325,0.0,0.818868005964,-0.573840972267,-0.0119362580884,0.0,-0.00847016651614,0.00871221951545,-0.99992617403,0.0,0.647098489735,0.242062818453,0.303513290113,1.0,-0.0462702857143,-0.0608123755102,1.143
0.453432430349,0.467563409821,-0.124397861723,-1.48119981059,0.0718896175719,1.93999276486,0.141785012149,-0.0418045453114,-0.243382512119,-6.84576472705e-05,-0.366598623576,-0.0205601027953,0.138132727896,-0.0617516215265,0.573846180677,0.818947456805,0.00252404742101,0.0,0.818910109812,-0.573783632084,-0.0118034953351,0.0,-0.00821834361791,0.00884052887499,-0.999927149285,0.0,0.646381116929,0.241115211895,0.303631766834,1.0,-0.0492325714286,-0.0647056653061,1.159
0.452703746206,0.463311828428,-0.124407411104,-1.48775593576,0.0714567689862,1.94227975497,0.140769524515,-0.0455623913933,-0.246349454473,-0.00162102019575,-0.402243827927,-0.0218048983507,0.135805906239,-0.0599778135904,0.573807996308,0.818974273273,0.00250399510959,0.0,0.818936527497,-0.573745379949,-0.0118300388752,0.0,-0.00825200074162,0.00883895414038,-0.999926886014,0.0,0.64551267649,0.240006489242,0.3036414018,1.0,-0.05238,-0.0688422857143,1.176
0.45193606854,0.458812996334,-0.124429114752,-1.49469842988,0.0709869896289,1.94468186873,0.139744309828,-0.0423650339946,-0.270150241555,-0.0019811678901,-0.411364295938,-0.025039879121,0.149313101589,-0.0634722940769,0.573806735687,0.818975303418,0.00245547836817,0.0,0.818936879349,-0.573744254543,-0.0118602244138,0.0,-0.0083045741708,0.00881652819303,-0.999926648749,0.0,0.644582881836,0.238826416744,0.303643325804,1.0,-0.0555274285714,-0.0729789061224,1.193
0.45113605901,0.454438267972,-0.124431627564,-1.50154816215,0.0705262493389,1.94711015137,0.138666572552,-0.0507347414891,-0.275120134264,-0.00334390904199,-0.434940095233,-0.0217576107935,0.158398934534,-0.0678340482439,0.573770026494,0.819001170774,0.00240538316233,0.0,0.818961997418,-0.573707641968,-0.0118968581946,0.0,-0.00836371511522,0.00879614739376,-0.999926335317,0.0,0.643672982843,0.237650593592,0.303601362691,1.0,-0.0584897142857,-0.0768721959184,1.209
0.450263977853,0.449426804378,-0.124480535554,-1.50903386061,0.0700097891858,1.94993726329,0.137473905912,-0.0505724618327,-0.29346737741,0.000614848974702,-0.451686961041,-0.0250948530426,0.172166704658,-0.0611132794673,0.573742455795,0.819019651845,0.00267417476188,0.0,0.818984515785,-0.573679658896,-0.011694390743,0.0,-0.008043971041,0.00889984753603,-0.999928041033,0.0,0.64272017679,0.236353476372,0.30372389157,1.0,-0.0616371428571,-0.0810088163265,1.226
0.449310469957,0.444244115767,-0.124511615533,-1.51701718587,0.0694798035954,1.95260542915,0.136294195544,-0.057984858218,-0.30462707684,0.000145910198276,-0.480371695183,-0.038100461607,0.15778935612,-0.0715256914848,0.573792142478,0.818985211435,0.00255882458436,0.0,0.818948258798,-0.573729408828,-0.0117924449895,0.0,-0.00818992281835,0.00886212783691,-0.999927191277,0.0,0.641618877061,0.234948542917,0.303707076434,1.0,-0.0647845714286,-0.0851454367347,1.243
0.448369542827,0.439184028874,-0.124532829996,-1.52490289764,0.0689236182089,1.95526111768,0.13502798886,-0.0620679881905,-0.317167688321,-0.00276423619306,-0.495257412533,-0.0365760808127,0.161890704252,-0.0759526153836,0.573736148619,0.819024932633,0.00239549457221,0.0,0.818985747401,-0.573673929985,-0.0118875780304,0.0,-0.00836215100737,0.0087823782362,-0.999926469428,0.0,0.640521654558,0.233564655674,0.303645432055,1.0,-0.0677468571429,-0.0890387265306,1.259
0.447309682059,0.433511939084,-0.124555993712,-1.53337773302,0.0683692931544,1.95836262345,0.133634085059,-0.0602392483829,-0.34409077374,-0.00155572090502,-0.507322626249,-0.0293269770251,0.190608517263,-0.0937523465608,0.573698299733,0.819050672436,0.00264646305218,0.0,0.819014759827,-0.573635148357,-0.0117595346861,0.0,-0.00811370678066,0.00891408898,-0.999927350751,0.0,0.639395284416,0.232073822496,0.303752369994,1.0,-0.0708942857143,-0.0931753469388,1.276
0.446079283118,0.427411086757,-0.124607334828,-1.54279206496,0.0676893217024,1.96162333715,0.132141308759,-0.0664085012873,-0.340387212511,-0.0020751827111,-0.532333376575,-0.0360140773511,0.177758740018,-0.0848185944069,0.573737418873,0.819023469941,0.0025839449329,0.0,0.818986974222,-0.573674741073,-0.0117632652872,0.0,-0.00815220336822,0.00886541339224,-0.999927470383,0.0,0.638183653581,0.230446868306,0.303722030502,1.0,-0.0740417142857,-0.0973119673469,1.293
0.444997508545,0.422059980042,-0.124705353815,-1.55101842611,0.0670919243446,1.96431091097,0.130760503819,-0.0762149211493,-0.354422519352,-0.00425078424839,-0.555795414652,-0.0342622986844,0.179081166828,-0.0867915683453,0.573745496442,0.819018456982,0.00237051398682,0.0,0.818979321872,-0.57368376749,-0.0118554698647,0.0,-0.00835008400551,0.00874359272173,-0.999926910171,0.0,0.63694978484,0.228796528197,0.303669531196,1.0,-0.077004,-0.101205257143,1.309
0.443641258586,0.415378928181,-0.124767879044,-1.56098052383,0.0663991115308,1.96787267206,0.12918526603,-0.0770897557556,-0.374791343064,-0.000865731996103,-0.551144064159,-0.0324896157828,0.206709914014,-0.0916084652112,0.573835598399,0.818954684775,0.00258402705018,0.0,0.818918587925,-0.57377334083,-0.0117152296164,0.0,-0.00811175252057,0.0088388937565,-0.999928034125,0.0,0.63559560698,0.226951973563,0.303769440259,1.0,-0.0803365714286,-0.105585208163,1.327
0.44228357454,0.408924237096,-0.12478164897,-1.5707318695,0.0657321371136,1.97123149357,0.127512460316,-0.079809928566,-0.387424750331,-0.00211499689708,-0.580448033452,-0.0417680226495,0.190612534944,-0.0919212178311,0.573801302852,0.818978546389,0.0026367216103,0.0,0.818942833821,-0.573738532221,-0.0117251217354,0.0,-0.00808999012593,0.00888738550514,-0.999927780612,0.0,0.634220810582,0.225152336001,0.303787348257,1.0,-0.083484,-0.109721828571,1.344
0.440667264343,0.401538342389,-0.124878389282,-1.58210712841,0.0649252657708,1.97500304327,0.125619641091,-0.0860687207674,-0.39745118947,-0.00321226876248,-0.588074450579,-0.0364960405586,0.21201954838,-0.106808917302,0.573877294766,0.818925946917,0.00242712140378,0.0,0.818887337336,-0.573815108183,-0.0118531545334,0.0,-0.00831429694529,0.00878996447584,-0.999926801816,0.0,0.632587434572,0.222975005378,0.303688838201,1.0,-0.0870017142857,-0.114345110204,1.363
0.439420616221,0.395782788785,-0.12491267022,-1.59050157037,0.0643001393457,1.97802002396,0.124174690152,-0.0920811499437,-0.408178672998,0.00165728526916,-0.611040516331,-0.0458847498113,0.212055200499,-0.0989696055098,0.57389477482,0.818912794091,0.00271477611763,0.0,0.818878411261,-0.573832068497,-0.0116469582555,0.0,-0.00798017117562,0.00890737153402,-0.999928485243,0.0,0.631427602596,0.221373866883,0.30382995843,1.0,-0.0895937142857,-0.117751738776,1.377
0.437747747988,0.388326564548,-0.124955779998,-1.60184674577,0.0634434405392,1.98172905223,0.122264215668,-0.0941102115759,-0.415185508446,-0.00134880751315,-0.638369366189,-0.0452715003831,0.207254376827,-0.10803578,0.5739263667,0.818891250189,0.00252841296632,0.0,0.818854376917,-0.57386424089,-0.011751141781,0.0,-0.00817209873484,0.00881486184448,-0.999927754897,0.0,0.629753771615,0.219196896062,0.303761505218,1.0,-0.0929262857143,-0.122131689796,1.395
