position_joint1,position_joint2,position_joint3,position_joint4,position_joint5,position_joint6,position_joint7,velocity_joint1,velocity_joint2,velocity_joint3,velocity_joint4,velocity_joint5,velocity_joint6,velocity_joint7,ee_T_00,ee_T_10,ee_T_20,ee_T_30,ee_T_01,ee_T_11,ee_T_21,ee_T_31,ee_T_02,ee_T_12,ee_T_22,ee_T_32,ee_T_03,ee_T_13,ee_T_23,ee_T_33,v_x,v_y,time
0.465075823305,0.547783517754,-0.124012329651,-1.35583520397,0.0794977735065,1.8941101315,0.159161231312,0.000241396719379,0.000624901960777,-0.00085621977616,-0.00096656229552,-0.000343501551439,-0.000187587924768,0.000296668491471,0.57382190799,0.818966053915,0.00194096551115,0.0,0.818922939766,-0.573763517933,-0.0118907995611,0.0,-0.00862467204621,0.00841286444775,-0.999927416738,0.0,0.661683458869,0.26087810983,0.303213295759,1.0,0.0,0.0,0.0
0.465067700955,0.547777459936,-0.124012355958,-1.35583269832,0.0794973263195,1.89411013143,0.159163118271,-0.00152230498546,0.000154430409929,-0.000603954277257,5.2549382455e-05,0.000100227675459,-0.000202559716655,0.000722999741809,0.573829857782,0.818960466803,0.00194808453745,0.0,0.818917453129,-0.573771444983,-0.0118861593282,0.0,-0.00861670521021,0.00841611558108,-0.999927458064,0.0,0.661686345003,0.260873026572,0.303218779747,1.0,-0.00024,-0.000315428571429,0.013
0.465072438802,0.547777207593,-0.124008037834,-1.3558310621,0.0794973133176,1.89411543915,0.159154562212,-0.000134850424145,-0.00180902779276,0.000412396193956,0.00224645247183,-2.26432506343e-05,0.000263578330283,-0.000841310197042,0.573815897761,0.818970231389,0.00195511577771,0.0,0.818927294867,-0.573757443653,-0.0118839587826,0.0,-0.00861101203198,0.00842046427279,-0.999927470496,0.0,0.661685559363,0.260879217971,0.303220055272,1.0,-0.0006,-0.000788571428571,0.031
0.465071534323,0.547748933221,-0.124012757113,-1.35586511255,0.0794967071914,1.89411604012,0.159157807345,0.000412546423917,-0.00177100810573,0.00230814593299,-0.00371818439533,-0.000196990670583,-0.000517603697727,-0.000754599462527,0.573824246026,0.818964392084,0.00195091586019,0.0,0.818921396617,-0.573765804021,-0.0118867657024,0.0,-0.0086156349179,0.0084187231943,-0.999927445335,0.0,0.661679974194,0.260872159349,0.303224086114,1.0,-0.00094,-0.00123542857143,0.048
0.465076879442,0.547647607404,-0.124010886361,-1.35596727309,0.0794986350967,1.89414401823,0.159156593148,0.00295876819488,-0.0103125921009,-0.000721678391328,-0.0094899066057,0.000254894511416,0.00285565072572,0.000924692433902,0.573823671595,0.818964724287,0.00198019993205,0.0,0.818922014707,-0.573765015896,-0.0118822247168,0.0,-0.00859511892628,0.00844009362953,-0.999927441743,0.0,0.66166288431,0.260868201055,0.303249613127,1.0,-0.00126,-0.001656,0.064
0.465062715613,0.547519230326,-0.124005224927,-1.35616098437,0.0794938455876,1.8941772114,0.159150770371,-0.000781338030767,-0.0103259803677,0.0065532511895,-0.011158169483,-0.000178688786695,0.00214341820015,-0.00111466459836,0.573835855706,0.818956237074,0.00195942993611,0.0,0.818913114031,-0.573777144001,-0.0119099786573,0.0,-0.00862964133952,0.0084391381445,-0.999927152465,0.0,0.661631143095,0.260842269028,0.303251041292,1.0,-0.0016,-0.00210285714286,0.081
0.465046805076,0.547356426353,-0.124016245007,-1.35636990051,0.0794897858724,1.89428446887,0.159152341211,-0.000304659159435,-0.00914999418936,-0.00103587456939,-0.0166358132274,-1.3280024373e-05,0.00230387866407,0.000549952209909,0.573868658158,0.81893312264,0.00201264221573,0.0,0.818890713942,-0.573809744679,-0.0118794963016,0.0,-0.00857380435799,0.00846556761152,-0.999927409387,0.0,0.66161584795,0.26080934069,0.303276601174,1.0,-0.00194,-0.00254971428571,0.098
0.465032921637,0.547174691975,-0.124013671518,-1.35657980126,0.0794896945015,1.89439932891,0.159139474049,0.00054709321969,-0.0111388950519,-0.000461819539706,-0.0132064204197,0.000332692020819,0.00503645456228,0.00126708275212,0.573879596025,0.818925254872,0.00209358555408,0.0,0.818883825352,-0.573820280634,-0.0118453793481,0.0,-0.00849930208939,0.00851238875211,-0.999927647933,0.0,0.661598465276,0.260786916007,0.303315313263,1.0,-0.00226,-0.00297028571429,0.114
0.465004958236,0.546971763137,-0.124010523459,-1.35684977918,0.079485622143,1.89452590272,0.159122046131,-0.00164837282332,-0.0146295093628,-0.00105512794238,-0.0184009766056,6.34279494674e-05,0.00511030611182,0.000573560132099,0.573898266714,0.818912011547,0.00215492624846,0.0,0.818871314016,-0.573838639528,-0.0118209038172,0.0,-0.00844386274705,0.00854876809063,-0.999927807267,0.0,0.661573730493,0.260745280531,0.303341889863,1.0,-0.00262,-0.00344342857143,0.132
0.464976061302,0.546719681,-0.124010899599,-1.35722337904,0.079479156331,1.89466850925,0.159082037404,-0.000272543475501,-0.00742392198228,0.00079127816587,-0.0188522650442,-0.000366004507393,0.0041639679441,-0.00640048453052,0.573910561556,0.818903334453,0.00217785613444,0.0,0.818862777159,-0.573850682475,-0.0118276501382,0.0,-0.00843610032894,0.00857154368401,-0.99992767781,0.0,0.661531321772,0.260697064956,0.303354524179,1.0,-0.00296,-0.00389028571429,0.149
0.464944092506,0.546471725386,-0.124007360021,-1.35757876841,0.0794706354539,1.89479834886,0.158960455307,-0.00132199286087,-0.0159604782998,0.00104433791526,-0.0242298985093,-0.000238036429144,0.00714351197108,-0.00240664911255,0.573852284833,0.818944097154,0.00220631600759,0.0,0.818903767692,-0.573792156339,-0.0118290948141,0.0,-0.00842156269433,0.00859507905984,-0.999927598328,0.0,0.661490211803,0.260646473115,0.303372110727,1.0,-0.00326,-0.00428457142857,0.164
0.464906910712,0.546187515988,-0.124008058105,-1.35805424166,0.0794600850971,1.8949566577,0.158937728207,-0.0064343983056,-0.0182980726883,0.000750013188125,-0.0271229640711,0.000394326357361,0.014061676972,-0.000212753943518,0.573895511304,0.8189138625,0.00218513439232,0.0,0.818873028351,-0.573835227801,-0.0118676735823,0.0,-0.00846485829513,0.00860031779846,-0.999927187703,0.0,0.661426751065,0.260570387387,0.30335918692,1.0,-0.00362,-0.00475771428571,0.182
0.46485150721,0.545840495044,-0.124010926881,-1.35863547162,0.0794432228042,1.89515903037,0.158864257699,-0.00399571798227,-0.0196739742158,-0.000918406160794,-0.0353091838714,-0.00173919342006,0.0120580106404,-0.00186643629781,0.573903538577,0.818908279005,0.00216930556576,0.0,0.818867110193,-0.573843186913,-0.0118911554649,0.0,-0.00849308795617,0.00860091477309,-0.999926943192,0.0,0.661362680597,0.260486054013,0.303347509287,1.0,-0.00396,-0.00520457142857,0.199
0.464796086043,0.545513891075,-0.124010926881,-1.35920113963,0.0793754383703,1.89534632921,0.158784402402,-0.000951951926197,-0.0203613563487,0.000314808061345,-0.0405685216866,-0.0118111892068,0.0210402502863,-0.00179637586357,0.573897051829,0.818912989285,0.00210636741796,0.0,0.81887126329,-0.573837219139,-0.0118931488888,0.0,-0.00853090633335,0.00855045145545,-0.999927054048,0.0,0.661296938726,0.260388270081,0.303325639838,1.0,-0.00428,-0.00562514285714,0.215
0.464723308108,0.545120570103,-0.124013950952,-1.35989688878,0.0792923646194,1.89555515311,0.158703712095,-0.00550475221421,-0.0235221847255,-0.0012902762536,-0.0426534144349,-0.000919542916526,0.0161137171448,-0.00878376955233,0.573909214522,0.81890472401,0.00200334253411,0.0,0.818861967689,-0.573850110785,-0.0119111345343,0.0,-0.00860463166913,0.00847653407363,-0.999927051681,0.0,0.661213350688,0.260261678083,0.303291002875,1.0,-0.00462,-0.006072,0.232
0.464649275763,0.544662218499,-0.124011582302,-1.36065779896,0.0792779648328,1.89581188309,0.158603111699,-0.00206007039328,-0.0272054158908,0.00036039569815,-0.0401785562352,-0.000237130376843,0.016278212916,-0.00700399900768,0.573924317144,0.818894190959,0.00198219740197,0.0,0.818850816274,-0.573864962632,-0.0119621173488,0.0,-0.00865836147078,0.00848863742419,-0.999926485203,0.0,0.661121210524,0.260144884968,0.303275453342,1.0,-0.00498,-0.00654514285714,0.25
0.464584505854,0.544253793937,-0.124017617529,-1.3613261373,0.0792510109378,1.89606432531,0.158533118583,-0.00936288592714,-0.0283825274812,9.70398548995e-05,-0.0427648344308,-0.000135852975954,0.0201046497194,-0.00674395683941,0.573954437493,0.818873084362,0.00198047727419,0.0,0.818829597048,-0.573894998068,-0.011973683317,0.0,-0.00866850788317,0.00849418562072,-0.999926350179,0.0,0.661048324534,0.260037366981,0.303268468469,1.0,-0.00528,-0.00693942857143,0.265
0.464504277462,0.543747151735,-0.124017345725,-1.36214460961,0.0792165886225,1.89635438978,0.158415627191,-0.00361258632472,-0.0264426952239,-0.00129880533062,-0.0459405518399,0.000148027542832,0.020606279792,-0.0154725839048,0.573960126451,0.818869121924,0.00197010284778,0.0,0.818825332881,-0.57390056735,-0.01199833023,0.0,-0.00869458639566,0.00849989690553,-0.999926075228,0.0,0.660953876612,0.259908101031,0.303262528452,1.0,-0.00562,-0.00738628571429,0.282
0.464423100782,0.54320931321,-0.124027927451,-1.36300310527,0.0791595976198,1.89663790918,0.158312077136,-0.00797580094998,-0.0325033726858,0.000171858603571,-0.0472471289851,-0.0066403440155,0.0182911790507,-0.00232123035836,0.573977857247,0.818856773493,0.00193669731819,0.0,0.818812578121,-0.573918467292,-0.0120125647993,0.0,-0.0087252316842,0.00848090161131,-0.99992596958,0.0,0.660846773985,0.259761177762,0.303260293998,1.0,-0.00598,-0.00785942857143,0.3
0.464347369707,0.542688492692,-0.124023942914,-1.36384735732,0.0791158780393,1.89694037708,0.158193507046,-0.00634055151265,-0.0324930058972,0.000222284605893,-0.051008701248,0.000323283461859,0.0172085116984,-0.00769372311562,0.573977863317,0.818856783588,0.00193062049591,0.0,0.818812426132,-0.573918419053,-0.0120252228726,0.0,-0.00873908491504,0.00848319111024,-0.999925829181,0.0,0.660750783491,0.259627403238,0.303258980055,1.0,-0.0063,-0.00828,0.316
0.464267156805,0.542054026142,-0.124029689055,-1.36481531419,0.0790593740918,1.89730672741,0.158075246994,-0.00446681692255,-0.0326766925958,0.000633388798915,-0.0505524655787,-0.00729046071463,0.0192374530016,-0.0134927579383,0.573990647215,0.818847782237,0.00194764918721,0.0,0.818803649871,-0.573931131004,-0.0120161026752,0.0,-0.00872171044589,0.00849203631273,-0.999925905798,0.0,0.660646221531,0.259488651807,0.303271843351,1.0,-0.00664,-0.00872685714286,0.333
0.464183634656,0.541407771144,-0.124027944563,-1.36578580503,0.0790012703763,1.8976653532,0.15794080744,-0.00524279275198,-0.0370970483013,0.000196159253697,-0.0507569873525,-0.00705884377965,0.0199886476223,-0.00932458723223,0.57398605325,0.818850929526,0.00197807743154,0.0,0.818807173308,-0.573926387351,-0.0120025723545,0.0,-0.00869321406628,0.00850913695214,-0.999926008571,0.0,0.660535384607,0.259342712922,0.303297864027,1.0,-0.00698,-0.00917371428571,0.35
0.464107263749,0.540761353272,-0.124036046584,-1.36678378257,0.0789441611429,1.89802564368,0.157811022609,-0.00453039197885,-0.0437002567117,0.000100331986889,-0.0621882095597,-0.00109620745241,0.0252815557409,-0.00805668898125,0.573988015919,0.818849535854,0.00198547585656,0.0,0.818805866422,-0.573928308808,-0.0119998484442,0.0,-0.00868671677457,0.00851365239302,-0.999926026601,0.0,0.660418710984,0.25919280665,0.303311298404,1.0,-0.0073,-0.00959428571429,0.366
0.464017942627,0.540026380856,-0.124040847731,-1.36789001692,0.0788839865771,1.89843228046,0.157666446214,-0.0060237635441,-0.0477365050842,-0.001687335789,-0.0679029074048,-0.00625986845605,0.0262683784407,-0.0115503156834,0.573991275544,0.818847170089,0.00201854827222,0.0,0.818803884425,-0.573931381322,-0.0119881310403,0.0,-0.00865810567426,0.00853404210018,-0.999926100935,0.0,0.660291195509,0.259027231991,0.303339601247,1.0,-0.00764,-0.0100411428571,0.383
0.463911036766,0.539245423931,-0.124035781082,-1.3691065489,0.0788084317554,1.89889892654,0.157528782484,-0.00374961502911,-0.0396769183353,-0.00088583502964,-0.069293981206,-0.00799098233882,0.0315509790379,-0.00510111602283,0.574009735766,0.818834167081,0.00204376325729,0.0,0.818791217245,-0.573949740266,-0.0119743522547,0.0,-0.00863215755988,0.00854697473462,-0.999926214817,0.0,0.660154282118,0.258844872168,0.303352642528,1.0,-0.008,-0.0105142857143,0.401
0.463814158531,0.538529320664,-0.124041404751,-1.37023068711,0.0787507078188,1.89933415136,0.157385503308,-0.00632336878951,-0.0448507728405,0.000147417605311,-0.0700106612296,-0.00257334832131,0.0313235904092,-0.0160153349751,0.574022503131,0.818825151483,0.00206980663736,0.0,0.818782493031,-0.573962349546,-0.0119665078644,0.0,-0.00861065231586,0.00856393111892,-0.999926255156,0.0,0.66002938508,0.258673807471,0.303361370019,1.0,-0.00832,-0.0109348571429,0.417
0.463708782743,0.537741367101,-0.124045337643,-1.37144714203,0.0786733058574,1.8998082474,0.157234501311,-0.00457388979572,-0.0469746174706,0.000185660840261,-0.0693980083851,-0.00349336536326,0.0311935369839,-0.0039007402989,0.574034442583,0.818816693663,0.0021042359186,0.0,0.818774562772,-0.573974223728,-0.0119395458409,0.0,-0.00856868724511,0.00857677051509,-0.999926505603,0.0,0.659895429004,0.258487570323,0.303380064408,1.0,-0.00866,-0.0113817142857,0.434
0.463596509387,0.536911306922,-0.124051013326,-1.3727550185,0.0786005089132,1.90028207084,0.15706686777,-0.00600792712117,-0.050025478744,-0.000851740173961,-0.0757796080037,-0.00768099573231,0.0283720337297,-0.0071733123587,0.574045608416,0.818808869803,0.00210263895845,0.0,0.81876666072,-0.573985337314,-0.0119471646678,0.0,-0.00857572557645,0.00857995327996,-0.999926417959,0.0,0.659742980197,0.258286211806,0.30338488225,1.0,-0.009,-0.0118285714286,0.451
0.463489586414,0.536114746172,-0.124052078717,-1.37399596894,0.0785287053676,1.90074334974,0.156909384008,-0.00942346177866,-0.0496674432726,-0.000584336184041,-0.0790929594506,-0.00294225440176,0.0200325950396,-0.012620093534,0.57405399456,0.818802950768,0.00211802859884,0.0,0.818760908859,-0.573993625637,-0.0119431467385,0.0,-0.00856351375043,0.00859033550398,-0.999926433478,0.0,0.659599895226,0.258097888799,0.303396513185,1.0,-0.00932,-0.0122491428571,0.467
0.463361407717,0.535172075861,-0.124049231385,-1.37548921465,0.0784453015832,1.90128368959,0.156730526445,-0.00646852309174,-0.051249540212,0.00147886844264,-0.0825344610798,0.000475011028695,0.0334452672972,-0.00681394347367,0.574070094215,0.818791675544,0.00211326529062,0.0,0.818749460325,-0.574009631385,-0.0119587288827,0.0,-0.00857883819799,0.00859554892357,-0.999926257318,0.0,0.659422768124,0.257873293864,0.303397744313,1.0,-0.00968,-0.0127222857143,0.485
0.463228074439,0.534276189932,-0.124052478864,-1.37695878364,0.0783645114436,1.90181460088,0.156553120231,-0.00903281061621,-0.0562696276686,0.000393163090247,-0.0919278326729,-0.00838244976519,0.0299765647897,-0.0147313829624,0.574095199204,0.818774160682,0.00207917079241,0.0,0.818731402179,-0.574034776351,-0.0119880577128,0.0,-0.00862216155453,0.00858473408168,-0.999925977596,0.0,0.659250216205,0.257643760391,0.303376445702,1.0,-0.01002,-0.0131691428571,0.502
0.463117236729,0.533465162553,-0.124060930924,-1.37826531201,0.078288382354,1.90229463595,0.156397900721,-0.0038945763277,-0.0570130924836,-0.000659137020713,-0.0886675211749,-0.00145474694892,0.0348024571161,-0.00926110717613,0.574115920818,0.8187596684,0.00206440424558,0.0,0.818716709457,-0.574055549488,-0.0119967770303,0.0,-0.00863756076944,0.00857786809307,-0.999925903616,0.0,0.659098001438,0.257441597717,0.303368475265,1.0,-0.01032,-0.0135634285714,0.517
0.462986535441,0.532514005187,-0.124059425036,-1.37978342012,0.0782009488044,1.90287562531,0.156202050122,-0.00604712187529,-0.0614769984235,-0.000220539704446,-0.0903779411316,-0.00557165613103,0.0393792038582,-0.0136920781986,0.574121174308,0.818755952078,0.00207726988892,0.0,0.818713119763,-0.574060707356,-0.0119949447378,0.0,-0.00862861950482,0.00858740520415,-0.999925898953,0.0,0.65892348262,0.257213884586,0.303366873416,1.0,-0.01066,-0.0140102857143,0.534
0.462838811433,0.531484358257,-0.124058746948,-1.38144264026,0.0781092164692,1.90348059045,0.155990720352,-0.00584373376882,-0.0598807863546,0.000255113496659,-0.093638984505,-0.00676822541487,0.0285963836768,-0.0136451488762,0.574134483983,0.818746662129,0.00206020756493,0.0,0.818703485787,-0.574073966588,-0.0120179094501,0.0,-0.00865707839481,0.00858676067727,-0.999925658504,0.0,0.658727280941,0.25695971984,0.303355335723,1.0,-0.01102,-0.0144834285714,0.552
0.46270813875,0.530531035266,-0.124060994446,-1.38299313532,0.0780124342217,1.90401704232,0.155793867144,-0.00894632733259,-0.0610850572057,0.00046798671497,-0.09457890008,-0.00512289384761,0.0272664272768,-0.0117197968936,0.574140058395,0.818742886836,0.00200636551355,0.0,0.818698962486,-0.574079725312,-0.0120509216251,0.0,-0.00871496038743,0.00856169104891,-0.999925370671,0.0,0.658536868288,0.25672157681,0.303335675779,1.0,-0.01134,-0.014904,0.568
0.462560786451,0.529426148115,-0.124067349916,-1.38472415824,0.0778929857286,1.90466371265,0.155557299426,-0.00771956409072,-0.0565460837732,-0.00107258510202,-0.0956257265744,-0.00393138910553,0.0377702394057,-0.0135420357947,0.574133390654,0.818747544913,0.00201353799476,0.0,0.818703863777,-0.57407317476,-0.0120299775083,0.0,-0.00869376378304,0.00855546783179,-0.999925608454,0.0,0.658336288337,0.256454457755,0.303346283341,1.0,-0.0117,-0.0153771428571,0.586
0.46242172781,0.528340964904,-0.124068066881,-1.38642433366,0.0777924649806,1.90531281276,0.155320155301,-0.00997166072427,-0.0637481259506,-0.000482834710444,-0.103504125215,-0.0102461725066,0.0392242470863,-0.0185134280042,0.574118848067,0.818757670625,0.00204254438801,0.0,0.818714353297,-0.574058496084,-0.0120165585671,0.0,-0.00866627639446,0.00857135819521,-0.999925710977,0.0,0.658137925445,0.256202714064,0.303357488613,1.0,-0.01204,-0.015824,0.603
0.462292668304,0.527341202641,-0.124073125034,-1.38795703315,0.0776910974025,1.9059029114,0.155106039096,-0.00875847586511,-0.0664369970104,-0.000426872826086,-0.101971809156,-0.00686939494982,0.0389151501826,-0.0103815503527,0.574108485493,0.818764830876,0.00208458811853,0.0,0.818722178841,-0.574048074018,-0.0119812140929,0.0,-0.0086133087688,0.00858538049882,-0.999926048342,0.0,0.657962771153,0.255969680369,0.30338301382,1.0,-0.01234,-0.0162182857143,0.618
0.462149134307,0.526116422633,-0.124079798718,-1.38988313642,0.0775844935476,1.90662217543,0.154857449113,-0.00490718522773,-0.0680545116306,-0.000699046554002,-0.108361768479,-0.00256654641604,0.0360803201629,-0.0117454651057,0.574102550258,0.818768945896,0.00210283753459,0.0,0.818726453247,-0.574041985005,-0.0119808641628,0.0,-0.00860260811588,0.0086000589644,-0.999926014323,0.0,0.657730948069,0.255690371824,0.303390678867,1.0,-0.0127,-0.0166914285714,0.636
0.461998686964,0.52493808402,-0.124083701238,-1.39172884828,0.0774616948962,1.90727690214,0.154603123357,-0.00814016817523,-0.0686091682458,0.000279802615357,-0.109141523064,-0.00599251133964,0.0400558845762,-0.0145522912348,0.574086308735,0.818780376952,0.00208598704566,0.0,0.818737710719,-0.574025861869,-0.011984066623,0.0,-0.00861507394214,0.00858793017386,-0.999926011241,0.0,0.657505287258,0.255410146704,0.303397876644,1.0,-0.01304,-0.0171382857143,0.653
0.461850916627,0.523820045785,-0.124089059648,-1.39351563732,0.0773506457856,1.90792296571,0.154349473137,-0.0152363264733,-0.0698164608816,-0.00166438837477,-0.114986379763,-0.00595588771323,0.0365032199943,-0.017592198198,0.574069394474,0.818792292551,0.00206370725865,0.0,0.81874932967,-0.574009037038,-0.0119961437385,0.0,-0.0086379297241,0.00857644302977,-0.999925912653,0.0,0.657288585678,0.25513836573,0.303389749269,1.0,-0.01336,-0.0175588571429,0.669
0.461696523178,0.522596895743,-0.124084824322,-1.39543960257,0.0772277733667,1.90866084314,0.154104525813,-0.00809034272153,-0.0720586818484,-0.0015299380455,-0.116757191624,-0.0147853070773,0.0396226696862,-0.0115164412338,0.574062381916,0.818797139872,0.00209100627329,0.0,0.818754575062,-0.574001952997,-0.0119770894568,0.0,-0.00860673061283,0.00858778279614,-0.999926084356,0.0,0.65706027883,0.254857247163,0.303397552108,1.0,-0.0137,-0.0180057142857,0.686
0.461530705512,0.521362256755,-0.124092166166,-1.39742747735,0.0771168480357,1.90943588446,0.153825939313,-0.0100713820859,-0.0733856147869,-0.00151328575305,-0.120290056024,-0.00952666729255,0.0485204838771,-0.0146444781967,0.574052009964,0.818804362275,0.00211023140598,0.0,0.818762014542,-0.573991468863,-0.0119709697538,0.0,-0.00859079283013,0.00859990214028,-0.999926117252,0.0,0.656828869125,0.254558900474,0.303386325313,1.0,-0.01404,-0.0184525714286,0.703
0.461374436625,0.520139334816,-0.12409291251,-1.39933304884,0.0769939880733,1.91013177785,0.153570931076,-0.0121091523585,-0.0802866407095,-0.000361389961169,-0.11955082342,-0.0137369602344,0.0451426438308,-0.0144452363377,0.574040028323,0.818812743389,0.00211755723964,0.0,0.818770514504,-0.573979481763,-0.0119643635162,0.0,-0.0085813041233,0.00860198261713,-0.999926180833,0.0,0.65659682022,0.254273095246,0.303398548438,1.0,-0.01436,-0.0188731428571,0.719
0.461186394894,0.518713957503,-0.124098240019,-1.40154297266,0.076849882626,1.91092112771,0.153264766274,-0.0125889183835,-0.0799298130531,-0.000216219582095,-0.125795472988,-0.0126609764801,0.0442059052395,-0.0182758666571,0.574025419795,0.818822988026,0.00211627267191,0.0,0.818780778644,-0.573964916714,-0.0119606774671,0.0,-0.00857917657032,0.00859866184112,-0.999926227651,0.0,0.656326404487,0.253933274678,0.303415902857,1.0,-0.01472,-0.0193462857143,0.737
0.46102294834,0.517457210662,-0.124105006284,-1.40353480609,0.0767178871882,1.91163293644,0.152999144136,-0.00926630527963,-0.0776021741758,-0.00107455109789,-0.126902968821,-0.00840138792474,0.0419436891267,-0.0122792190916,0.574016320698,0.818829436429,0.00208914111129,0.0,0.81878692862,-0.573955986454,-0.011968209362,0.0,-0.00860101267574,0.00858067414185,-0.999926194582,0.0,0.656080304639,0.253629179136,0.303411652803,1.0,-0.01504,-0.0197668571429,0.753
0.460847064041,0.516170541343,-0.12410637138,-1.40556130936,0.0765863262876,1.9123860368,0.152720151849,-0.00785241675717,-0.0818471660531,6.65776866921e-05,-0.127878817653,-0.0093260874152,0.041835762041,-0.0178933028425,0.574004474829,0.81883772581,0.00209489078465,0.0,0.818795341029,-0.573944166207,-0.0119595353996,0.0,-0.00859073382189,0.00858027884763,-0.999926286337,0.0,0.655836238905,0.253319243745,0.303414936407,1.0,-0.01536,-0.0201874285714,0.769
0.460653056363,0.514804321634,-0.124112878881,-1.40776228834,0.0764569809661,1.91321252076,0.152411809502,-0.012685009638,-0.0791511588262,-0.00160065706407,-0.136339995832,-0.00737862082194,0.0471511407141,-0.0252486208119,0.573996822675,0.818843109997,0.00208702456314,0.0,0.818800582292,-0.573936507352,-0.0119682441523,0.0,-0.00860246029839,0.00857875621163,-0.999926198586,0.0,0.655572391322,0.252980123171,0.303397156601,1.0,-0.0157,-0.0206342857143,0.786
0.460451347642,0.513319703923,-0.124115392193,-1.41016199336,0.0763077465023,1.91404045296,0.152092310319,-0.00673456894082,-0.0794898369287,-0.000826107548535,-0.138013965051,-0.00858233753324,0.0427237951979,-0.0184228827642,0.573987646042,0.818849731553,0.00201152383,0.0,0.818806114796,-0.573927546245,-0.0120193566899,0.0,-0.00868774532906,0.00854617480581,-0.999925740231,0.0,0.655265912647,0.25261330919,0.303367311827,1.0,-0.01606,-0.0211074285714,0.804
0.460268203454,0.51205680978,-0.124119430206,-1.4121826078,0.0761880384339,1.91476056681,0.151802267676,-0.0114528459822,-0.0878740896699,-0.00021305027416,-0.136340864837,-0.00657177094487,0.0457528669441,-0.0169379838152,0.573976453823,0.818857651532,0.0019808800878,0.0,0.818813536012,-0.573916389778,-0.0120464803771,0.0,-0.0087276611168,0.00853653187172,-0.999925475001,0.0,0.655015480685,0.252297320784,0.303352818489,1.0,-0.01636,-0.0215017142857,0.819
0.46005830539,0.510509731923,-0.124124785299,-1.41464197312,0.0760368206283,1.91570258836,0.151454727584,-0.0130952435259,-0.0874953032748,-0.00047873404745,-0.135497697985,-0.00598003595027,0.0442773514996,-0.0158979317016,0.573955475868,0.818872304225,0.00200199795242,0.0,0.818828496151,-0.573895354931,-0.0120317239447,0.0,-0.00870367575767,0.00854513133514,-0.999925610612,0.0,0.654720204821,0.251924679828,0.303347347614,1.0,-0.01672,-0.0219748571429,0.837
0.459864010693,0.509026818093,-0.124127788812,-1.41700217907,0.0758899196607,1.91656786395,0.151132853941,-0.0112013125373,-0.083806348429,-0.000205733158332,-0.140866506617,-0.0187816496306,0.0499695189445,-0.0227047671682,0.573936331272,0.818885754417,0.00198890917195,0.0,0.818841751153,-0.573876244999,-0.012041133511,0.0,-0.00871909284152,0.00853961027487,-0.999925523465,0.0,0.654425860931,0.251570174122,0.303336904391,1.0,-0.01706,-0.0224217142857,0.854
0.459666259629,0.507601790042,-0.124128169939,-1.41924358798,0.0757497327243,1.91736422709,0.150813773066,-0.0137572216798,-0.0876344100068,-0.0015039641739,-0.140219789674,-0.00901824878619,0.0441126879815,-0.0152097803094,0.573915465104,0.818900421429,0.00197119212138,0.0,0.818856120334,-0.573855392823,-0.0120577452918,0.0,-0.00874308180321,0.0085344135441,-0.999925358367,0.0,0.654143616964,0.251224795747,0.303335935289,1.0,-0.01738,-0.0228422857143,0.87
0.459448664041,0.50602643469,-0.124131576694,-1.42167764052,0.0755985913838,1.9182696933,0.150480044461,-0.0125658200892,-0.0934112402151,0.00027675548253,-0.140458432896,-0.0122034977977,0.0499803181545,-0.0146647326446,0.573909126496,0.818904751467,0.00201728797424,0.0,0.818861083132,-0.573848887217,-0.0120302981253,0.0,-0.00869421722778,0.00855634124024,-0.999925597038,0.0,0.653830015532,0.250826745774,0.303363432558,1.0,-0.01774,-0.0233154285714,0.888
0.459220359985,0.504395276704,-0.124135970485,-1.42415481823,0.0754395847112,1.91922766351,0.150148906569,-0.0127703747999,-0.0968776889742,-0.000295073888442,-0.150286924097,-0.00654045459979,0.0565215815914,-0.0172322926399,0.573907258914,0.818905836693,0.00210610935297,0.0,0.81886340572,-0.573846723622,-0.011975285431,0.0,-0.00859821272597,0.00859748464224,-0.999926074265,0.0,0.653534835582,0.250443159687,0.303407432022,1.0,-0.01808,-0.0237622857143,0.905
0.45900770642,0.502816241887,-0.124143096988,-1.42647860204,0.0752842224699,1.92011424447,0.149811498878,-0.0170915438355,-0.102091975765,-0.000204624276235,-0.150379547621,-0.0122413723016,0.0582302624096,-0.0270363774272,0.573891840678,0.818916365127,0.00221111555102,0.0,0.818875470486,-0.573831048057,-0.0119012193754,0.0,-0.00847745977487,0.00864080734314,-0.999926731878,0.0,0.653276303211,0.250101526641,0.303474995004,1.0,-0.01838,-0.0241565714286,0.92
0.458770897883,0.501108691149,-0.124149745074,-1.42903483348,0.0751215888087,1.92102104855,0.149463839001,-0.00831756322252,-0.0986520803995,0.000345001440293,-0.153578385103,-0.00870796802252,0.056288836991,-0.0161275306062,0.573893345661,0.818915199623,0.00225178427032,0.0,0.818874744214,-0.573832297975,-0.0118909205398,0.0,-0.00844567163053,0.00866821632999,-0.999926763646,0.0,0.652933946184,0.249676659825,0.303524284044,1.0,-0.01874,-0.0246297142857,0.938
0.458513368063,0.499314639066,-0.124147579414,-1.4317913205,0.0749515486847,1.9220188456,0.14907802045,-0.017402401669,-0.0955911141412,0.000457681475413,-0.155390477685,-0.0106229155646,0.0589616859064,-0.0214601339995,0.573880071611,0.818924393403,0.00229089463413,0.0,0.81888444518,-0.573818868821,-0.0118708941712,0.0,-0.00840696810098,0.00868861486127,-0.999926912759,0.0,0.652611034199,0.249267698569,0.303554922634,1.0,-0.01908,-0.0250765714286,0.955
0.458278406281,0.497733036299,-0.124147942893,-1.43427555697,0.0747903576281,1.92294323262,0.148699858193,-0.0165450588937,-0.0976422655256,6.69673575062e-05,-0.157430654668,-0.0022970178396,0.0614788681306,-0.0276007326097,0.573845639228,0.818948484035,0.00230428672423,0.0,0.818908740549,-0.573784419716,-0.0118600693391,0.0,-0.00839078353344,0.00869301697789,-0.99992701044,0.0,0.652304410985,0.248877113559,0.303555442914,1.0,-0.0194,-0.0254971428571,0.971
0.458011339429,0.496061756561,-0.124150439129,-1.43695533197,0.074629855981,1.92388588429,0.148314671521,-0.0161265894374,-0.0998492634544,0.000211575664287,-0.162058642924,-0.0119011716086,0.0567867851953,-0.0155644445242,0.573833331753,0.818957273824,0.00224453117032,0.0,0.818916536883,-0.57377212883,-0.0119162367691,0.0,-0.00847120244773,0.00867618458353,-0.999926478572,0.0,0.651939425667,0.248423886835,0.303522202398,1.0,-0.01976,-0.0259702857143,0.989
0.457747933548,0.494391047184,-0.124150379821,-1.43970004877,0.0744593603556,1.92482730657,0.147925918882,-0.0159841074593,-0.100248005184,0.000413378998389,-0.156990443462,-0.0113308610739,0.0493578871777,-0.01491200371,0.57383207279,0.818958439352,0.00213863347366,0.0,0.818916191524,-0.573771170242,-0.0119859234268,0.0,-0.00858905227877,0.00862943500699,-0.999925877769,0.0,0.65160483993,0.248005341217,0.303465579349,1.0,-0.0221765714286,-0.0291463510204,1.005
0.457459296203,0.492309782352,-0.124220380695,-1.44284249804,0.0742751110678,1.92598992996,0.147473174966,-0.0159861530067,-0.144970802718,-0.00377914221278,-0.219556095245,-0.0151487512333,0.0837342867358,-0.0251111264882,0.573856183892,0.818941338905,0.00221597460828,0.0,0.818900288019,-0.573795152432,-0.0119242706143,0.0,-0.00849392618856,0.00865764536185,-0.999926446492,0.0,0.651225672903,0.247480290711,0.303521416016,1.0,-0.0309628571429,-0.0406940408163,1.021
0.457052259809,0.489278064835,-0.124257617107,-1.44769414884,0.0740188955845,1.92781861856,0.14674026523,-0.0280722157263,-0.192055641438,-0.00101818297972,-0.294594773242,-0.0133774572851,0.107894754447,-0.0440819798666,0.573790478362,0.818987322816,0.0022358242214,0.0,0.818946240193,-0.57372907847,-0.01194768147,0.0,-0.00850240598847,0.00868665295083,-0.999926122848,0.0,0.650611938814,0.2467409264,0.30348064448,1.0,-0.0408474285714,-0.0536851918367,1.039
0.456483908181,0.485517701991,-0.124312602531,-1.45360566406,0.0736701886783,1.93005296675,0.145860667452,-0.0391583417253,-0.24293984852,-0.00953673998447,-0.370690462571,-0.0292757215661,0.142303505424,-0.0593810481339,0.573774816952,0.81899811453,0.00230102784306,0.0,0.818957915759,-0.573713192022,-0.0119101812276,0.0,-0.00843444832962,0.00871837487592,-0.999926422304,0.0,0.64988354389,0.245783323835,0.303474785653,1.0,-0.0501828571429,-0.0659546122449,1.056
0.455824664568,0.481268080742,-0.124431230882,-1.46030287942,0.0732731183327,1.93238361668,0.144842935217,-0.0444841279861,-0.286418605079,-0.00555381443749,-0.442519299634,-0.021585381326,0.155190070118,-0.0668053376102,0.57378834184,0.818988938176,0.00219198872117,0.0,0.818947287264,-0.573727124535,-0.011969718336,0.0,-0.00854562805409,0.00866337485004,-0.999925956347,0.0,0.649026848884,0.244642608318,0.303441211298,1.0,-0.0589691428571,-0.0775023020408,1.072
0.454987481742,0.475949235462,-0.124558280526,-1.46859809667,0.0727627338193,1.93532518952,0.14363182409,-0.0495012248883,-0.320321904784,-0.00536265009309,-0.502670370943,-0.0320152471487,0.173691583673,-0.0773701769406,0.573815193885,0.81897030072,0.00212525447134,0.0,0.818927903052,-0.573754373889,-0.0119897851056,0.0,-0.00860006944294,0.00862051702435,-0.999925859998,0.0,0.648098551621,0.243407594723,0.303420983031,1.0,-0.0672062857143,-0.0883282612245,1.087
0.454000490997,0.469910861075,-0.124654120135,-1.47795061991,0.0722239467161,1.93871420867,0.142248900794,-0.0624667173484,-0.376680129233,-0.00341112145484,-0.564190780072,-0.0324302527857,0.215323247662,-0.087868651788,0.573888041698,0.818919009965,0.00221756967827,0.0,0.81887749706,-0.57382650792,-0.0119804222922,0.0,-0.00853865969358,0.0086915063341,-0.999925771749,0.0,0.646774806915,0.241651587531,0.303455665378,1.0,-0.07764,-0.102041142857,1.106
0.452934894145,0.463470431251,-0.124701814907,-1.48770640776,0.0716097625598,1.94234672109,0.140645081374,-0.071032668513,-0.407587587948,-0.00548692814007,-0.644593336946,-0.0402494172359,0.226038942598,-0.108110482565,0.573776940871,0.818996098863,0.0024817479865,0.0,0.818958098037,-0.573714449664,-0.0118368411707,0.0,-0.00827067129746,0.00882432402293,-0.999926860976,0.0,0.645535984972,0.240014155187,0.303571000314,1.0,-0.0864262857143,-0.113588832653,1.122
0.451558048258,0.455557517429,-0.124801711564,-1.5001398636,0.0707978836374,1.94653084891,0.138788725433,-0.0713857014288,-0.447183437336,-0.00534571180613,-0.714147661504,-0.0417393640915,0.238608747615,-0.111414254421,0.573811882924,0.818972476844,0.00217992855831,0.0,0.81893017825,-0.573750216559,-0.0120332477253,0.0,-0.00860432987168,0.008690197131,-0.999925220195,0.0,0.643849938551,0.237858958779,0.303464455631,1.0,-0.0963108571428,-0.126579983673,1.14
0.450196600439,0.447627202574,-0.124932798371,-1.51187354495,0.0699814893889,1.95084440873,0.136928597196,-0.0879008508116,-0.506982389346,-0.00398979236442,-0.75126890304,-0.0431846271719,0.277403129905,-0.118898085863,0.573809928571,0.818972750236,0.00255873918062,0.0,0.818936328813,-0.573747769655,-0.011727449364,0.0,-0.00813654721461,0.00882494126029,-0.99992795591,0.0,0.642344320627,0.235789134719,0.303698204526,1.0,-0.105097142857,-0.138127673469,1.156
0.448587054387,0.438754384402,-0.124978266755,-1.52550441623,0.0691055081192,1.9555665406,0.134796128566,-0.0982998766703,-0.541626362856,-0.00831921851071,-0.832393291374,-0.0630481755601,0.276115726327,-0.135237200572,0.573783394305,0.818991407531,0.00253726473619,0.0,0.818954101279,-0.57372066307,-0.0118121829447,0.0,-0.00821855336165,0.0088557082857,-0.999927013242,0.0,0.640476947093,0.233423828529,0.303692126537,1.0,-0.114432571429,-0.150397093878,1.173
0.446802998603,0.429097617841,-0.125046181494,-1.53995351454,0.06812478837,1.96071332858,0.132424260463,-0.109338651923,-0.572356842541,-0.00161749385775,-0.883306323189,-0.0640380044516,0.30991908882,-0.137387001898,0.573711242432,0.81904103624,0.00281747465357,0.0,0.819007504188,-0.573647665705,-0.0116537812097,0.0,-0.00792883993462,0.00899361133585,-0.999928121643,0.0,0.638521256895,0.230866237549,0.303847678504,1.0,-0.123768,-0.162666514286,1.19
0.444823884593,0.418928478682,-0.125133201549,-1.55544235935,0.0670263229305,1.96599385324,0.129858975373,-0.118268050148,-0.603553457662,-0.00515909187502,-0.929780661549,-0.0596155533192,0.313987893157,-0.152025207365,0.573646760436,0.819086443079,0.00274588916261,0.0,0.819052013521,-0.573583474488,-0.0116851975834,0.0,-0.0079963442332,0.00895237414724,-0.999927954143,0.0,0.636351414741,0.228058191282,0.303846219977,1.0,-0.133103428571,-0.174935934694,1.207
0.442787514596,0.408705355443,-0.125250973753,-1.57075975696,0.0659334946052,1.97139354933,0.127310452636,-0.131474619432,-0.633483631484,-0.00395849494646,-0.975664366565,-0.0669444687922,0.328924138893,-0.158820590898,0.573642470515,0.819088718788,0.00295527955529,0.0,0.819057483356,-0.573579036304,-0.0115184622002,0.0,-0.00773970505998,0.00902819676901,-0.999929291815,0.0,0.634228171986,0.225234107811,0.303947893847,1.0,-0.141889714286,-0.18648362449,1.223
0.440375502593,0.397240055352,-0.125349722227,-1.58799896443,0.0647870545959,1.97722414801,0.124389160515,-0.152285328743,-0.691052996569,-0.00975751162116,-1.02527163613,-0.0742748881056,0.36032483505,-0.173239192803,0.573671540528,0.819068123684,0.00301981032836,0.0,0.819036970615,-0.573607013314,-0.0115836930093,0.0,-0.0077557986384,0.00911874688097,-0.999928345454,0.0,0.631752672289,0.222009249979,0.303982376042,1.0,-0.151225142857,-0.198753044898,1.24
0.437765450443,0.385317848991,-0.125483351697,-1.60610246219,0.0634019263376,1.98328577626,0.121267148685,-0.158480212027,-0.704758444656,-0.00692773434315,-1.09796657127,-0.0805005193379,0.352277106425,-0.203109327445,0.573659020229,0.819077545846,0.00283712919421,0.0,0.819044463076,-0.573595604627,-0.0116188105111,0.0,-0.00788949386072,0.00898914348044,-0.999928473035,0.0,0.629110910934,0.218539565426,0.303900645666,1.0,-0.160560571429,-0.211022465306,1.257
0.435104382241,0.373426872914,-0.125613446678,-1.6237005536,0.0620989402285,1.98917792147,0.11807726047,-0.17786986381,-0.754965920601,-0.0116629129825,-1.11233889466,-0.0861442085526,0.365530439512,-0.197437775413,0.573610232275,0.819111301848,0.00295355977134,0.0,0.819079834921,-0.573546563829,-0.0115459969879,0.0,-0.00776360203939,0.00904227735589,-0.99992897933,0.0,0.626518074202,0.21511592029,0.303986227456,1.0,-0.169346857143,-0.222570155102,1.273
0.431968646967,0.360300759915,-0.125793352773,-1.64310340003,0.0606060347289,1.99560679411,0.114651173799,-0.191479952213,-0.786921080347,-0.0121503004923,-1.162094243,-0.0908234767737,0.38819241424,-0.214355935047,0.573776067514,0.818994936682,0.00301080372747,0.0,0.818964650143,-0.573712713392,-0.0114617280241,0.0,-0.00765990831832,0.00904238114773,-0.999929778108,0.0,0.623632625464,0.211202063987,0.304044441497,1.0,-0.178682285714,-0.23483957551,1.29
0.428353375241,0.345874067714,-0.125984025445,-1.66448577994,0.0590137794336,2.00245888493,0.110598193398,-0.210936028011,-0.828474585812,-0.0113368233081,-1.1815975344,-0.0845462344337,0.390997059243,-0.225223566717,0.573838799755,0.818951372984,0.00290301314942,0.0,0.818919123158,-0.57377511774,-0.0115901204007,0.0,-0.00782621898253,0.00902836758661,-0.99992861689,0.0,0.620352399774,0.206815820819,0.304012435731,1.0,-0.188566857143,-0.247830726531,1.308
0.425173567021,0.33341560954,-0.126099519516,-1.68282428238,0.0575876313683,2.00842585765,0.107122834917,-0.2138628487,-0.810039229283,-0.00278332341047,-1.23923692001,-0.0976328742232,0.389209548522,-0.245066633096,0.57387107247,0.81892863476,0.00293772937634,0.0,0.818896734222,-0.573807155947,-0.0115859124072,0.0,-0.00780249551388,0.00905469130182,-0.999928564263,0.0,0.617500550254,0.203055938633,0.304004514978,1.0,-0.196804,-0.258656685714,1.323
0.421158887485,0.317847940158,-0.126207114564,-1.70534617111,0.055697370478,2.0156341692,0.102702545099,-0.22971697919,-0.870518109885,-0.00820802043582,-1.27285572662,-0.104126950915,0.400114151298,-0.240430843538,0.573760510829,0.819005667454,0.00305610746448,0.0,0.818975898985,-0.573696940249,-0.0114474683114,0.0,-0.00762240867857,0.00907115827207,-0.999929804023,0.0,0.613915851411,0.198400940232,0.30410006043,1.0,-0.206688571429,-0.271647836735,1.341
0.417074950576,0.302680156343,-0.126311287931,-1.72725700037,0.0538871946005,2.02249236764,0.0981661906766,-0.24723914068,-0.908500471528,-0.004376054227,-1.3009490249,-0.108866230399,0.397884026983,-0.271653984751,0.573572984754,0.819136842248,0.00310027962144,0.0,0.819107551995,-0.573509194241,-0.0114354399355,0.0,-0.00758929740836,0.00909869704511,-0.999929805675,0.0,0.610340066013,0.193797480145,0.304133222566,1.0,-0.216024,-0.283917257143,1.358
0.412875612349,0.287924371817,-0.126469114987,-1.74842372615,0.0521543401531,2.02895470616,0.0938289034439,-0.266054636368,-0.938848186055,-0.00536499902322,-1.33247730734,-0.108466612053,0.417943507877,-0.274190447326,0.573647460771,0.819084628051,0.00311604605475,0.0,0.819055093172,-0.573583074896,-0.0114872730616,0.0,-0.00762188425029,0.00914203442718,-0.999929162535,0.0,0.6068278891,0.189195196159,0.304159943797,1.0,-0.224810285714,-0.295464946939,1.374
0.408114656868,0.271891098174,-0.126636731715,-1.77137892304,0.0501921716866,2.03585769149,0.0888673401884,-0.287569054659,-0.966212036154,-0.015304754227,-1.35723095141,-0.115550535621,0.42597760975,-0.297567353977,0.573609531251,0.81911144612,0.00304817881674,0.0,0.819080751881,-0.573545028491,-0.0115572095556,0.0,-0.00771852343143,0.00912620586061,-0.99992856583,0.0,0.602942323253,0.184110651448,0.304133327125,1.0,-0.234145714286,-0.307734367347,1.391
0.402936038304,0.255356675856,-0.12685002477,-1.79472765746,0.0481309672529,2.04275289639,0.0837303430702,-0.319437871489,-0.989319795505,-0.0118163057465,-1.37204287055,-0.121003123964,0.415793005177,-0.30956000214,0.573733544342,0.819024589034,0.00304787738599,0.0,0.818993899929,-0.573669037036,-0.0115574532828,0.0,-0.00771751412622,0.00912726735051,-0.999928563932,0.0,0.598936643586,0.178752489716,0.304165824509,1.0,-0.243481142857,-0.320003787755,1.408
