position_joint1,position_joint2,position_joint3,position_joint4,position_joint5,position_joint6,position_joint7,velocity_joint1,velocity_joint2,velocity_joint3,velocity_joint4,velocity_joint5,velocity_joint6,velocity_joint7,ee_T_00,ee_T_10,ee_T_20,ee_T_30,ee_T_01,ee_T_11,ee_T_21,ee_T_31,ee_T_02,ee_T_12,ee_T_22,ee_T_32,ee_T_03,ee_T_13,ee_T_23,ee_T_33,v_x,v_y,time
0.46504819481,0.547780733694,-0.123990387683,-1.35584451113,0.0795972527395,1.89409791486,0.159156920374,-6.54790295067e-05,-0.0008393943081,-0.000578888808701,-0.00054740456947,2.63612554555e-05,-0.000463904206669,0.000967117666022,0.573852451586,0.818944543658,0.00198623314153,0.0,0.818900970062,-0.573792842416,-0.0119884163175,0.0,-0.00867832885506,0.00850627411294,-0.999926162228,0.0,0.661675544701,0.260886749856,0.303209235498,1.0,0.0,0.0,0.0
0.465047958599,0.54778133225,-0.123993524632,-1.35584724542,0.0795945241752,1.89409708701,0.159162619693,-0.00107281918166,-0.000219896085446,-0.000864893695618,-0.000797594840799,-0.000144538611914,-0.000606139982505,0.00111932335754,0.573858925334,0.818940021365,0.00198043487375,0.0,0.818896409465,-0.573799376464,-0.0119872030501,0.0,-0.0086805951546,0.00850089813599,-0.999926188275,0.0,0.661675671473,0.260883946317,0.303207536965,1.0,-0.0002,-0.000262857142857,0.011
0.465051349551,0.547784204499,-0.123988552896,-1.35584541823,0.0795934464288,1.89409791436,0.159160016094,0.000902356787592,0.000805596198085,0.000630684553356,0.000411257576558,-0.000142812834509,-0.000183510623561,0.000247865256968,0.573850168282,0.818946156903,0.00198074675692,0.0,0.818902535791,-0.573790606177,-0.0119884961093,0.0,-0.00868156608048,0.00850180273783,-0.999926172155,0.0,0.661674213263,0.260889127869,0.303206277163,1.0,-0.00044,-0.000578285714286,0.023
0.46505163442,0.547763029617,-0.123994824749,-1.35586595843,0.0795947688431,1.89410064013,0.159160190677,0.000988623274842,-0.00142313656061,-0.00184125820108,-0.00358726607447,0.000261547731876,-9.29388394477e-05,0.00156291459618,0.573855913383,0.818942123644,0.00198385927052,0.0,0.818898546103,-0.573796340303,-0.0119865735667,0.0,-0.008678145904,0.00850330930979,-0.999926189033,0.0,0.661671900716,0.260883926973,0.303211948416,1.0,-0.00086,-0.00113028571429,0.044
0.465047355801,0.547697507068,-0.123991029005,-1.35592323907,0.0795940572471,1.89410848528,0.159146092466,-0.00118644412693,-0.00716779562884,2.35943196576e-05,-0.00492791661696,-4.68739380477e-05,0.00487709907353,-0.00423508110416,0.573848097978,0.818947557283,0.00200144138203,0.0,0.818904148142,-0.57378839182,-0.0119843426966,0.0,-0.00866631119846,0.00851634487801,-0.999926180735,0.0,0.661662353522,0.260877775207,0.303231656391,1.0,-0.00112,-0.001472,0.057
0.465046791118,0.547543881424,-0.123988529893,-1.3561282504,0.0795913051479,1.89414618521,0.159152444419,-0.000442581115172,-0.00632255721913,-0.000430047172527,-0.00721749174119,-2.24015546179e-05,0.000151215677151,0.000243734654116,0.5738624707,0.818937495702,0.00199743756087,0.0,0.818893883099,-0.573802631162,-0.0120039824971,0.0,-0.00868454364098,0.00852448857732,-0.999925953157,0.0,0.661626656326,0.26085864201,0.303246093208,1.0,-0.00154,-0.002024,0.078
0.46503752489,0.547427837913,-0.12399236683,-1.35628072909,0.079590906867,1.89418991142,0.159144152945,-0.000304860901113,-0.0112696750219,-0.0014386554626,-0.0133859672935,-0.000532835595815,0.000725477034756,-0.0014723797284,0.573874268839,0.818929201339,0.00200839715081,0.0,0.818885655294,-0.573814306212,-0.0120071828873,0.0,-0.00868075280589,0.00853542525056,-0.999925892777,0.0,0.661606802975,0.260836621246,0.303259644351,1.0,-0.00178,-0.00233942857143,0.09
0.465011959306,0.547209806611,-0.123994524341,-1.35653885859,0.0795863926926,1.89434917237,0.159137152046,-0.000957595468087,-0.00916039010738,-0.00121147523555,-0.0104341499777,-4.66645967103e-05,0.00442915077318,0.000412011472624,0.573904596906,0.81890768228,0.00211387205679,0.0,0.818865522454,-0.57384419991,-0.0119514545654,0.0,-0.00857426982011,0.00859013704771,-0.999926343009,0.0,0.66159256407,0.260800785453,0.30330511819,1.0,-0.0022,-0.00289142857143,0.111
0.464993679558,0.547054681093,-0.123989225895,-1.35672427709,0.0795868400158,1.89444067659,0.159125226469,-0.00730391718121,-0.0126737471078,-4.41743010052e-05,-0.0121704532792,-7.04516625053e-05,0.00510207242109,-0.00133991836785,0.573916693964,0.818899048,0.00217358586671,0.0,0.818857573677,-0.573855957585,-0.0119315077831,0.0,-0.0085235392704,0.00862771486013,-0.999926453203,0.0,0.661575916923,0.260778082007,0.303334513512,1.0,-0.00246,-0.00323314285714,0.124
0.464962907153,0.546794264228,-0.123986527323,-1.35711729077,0.0795770872374,1.89460709664,0.159111889252,-0.000739810728625,-0.0169698368386,0.00210136764745,-0.0228572997357,0.000237678818514,0.00494181272662,-0.00194842628328,0.573948640752,0.818876561385,0.00220950099527,0.0,0.818835449091,-0.573887647162,-0.0119257137122,0.0,-0.00849784571896,0.00865413153366,-0.999926443607,0.0,0.66153378323,0.260725777879,0.303346240216,1.0,-0.00286,-0.00375885714286,0.144
0.464936321852,0.546568211802,-0.123991749087,-1.35744596872,0.0795685493619,1.89472337714,0.159065581264,0.000469344097167,-0.0171731530249,-0.00111366373978,-0.0244683959491,-0.000218580570217,0.00660094652946,-0.00354104326348,0.573952214097,0.818874010436,0.00222662667629,0.0,0.818833039433,-0.573891067418,-0.0119265741666,0.0,-0.00848868389206,0.00866868603763,-0.999926395355,0.0,0.661496136107,0.260675634205,0.30336014567,1.0,-0.00314,-0.00412685714286,0.158
0.46488562527,0.546228400951,-0.123986084626,-1.35797985919,0.0795538552166,1.89491220299,0.158931625188,-0.000909852823397,-0.0133547866329,0.0021205019377,-0.0283619880796,-0.00226488975836,0.0141448117647,-0.0010944708269,0.57390600832,0.818906374123,0.00223404057719,0.0,0.818865292947,-0.573844626256,-0.0119467077273,0.0,-0.00850140660601,0.00868583286522,-0.999926138469,0.0,0.66143296339,0.260596903069,0.303362848416,1.0,-0.00354,-0.00465257142857,0.178
0.464845857112,0.546002897821,-0.123984743039,-1.35836674834,0.0795417782382,1.89504734744,0.15891394339,-0.00647900169364,-0.0185124901397,0.00162698033185,-0.0285318450443,-0.0023105484655,0.00298165264409,-0.00150225859384,0.57394158764,0.818881483578,0.00221737053825,0.0,0.818840062309,-0.573880143813,-0.0119699538964,0.0,-0.00852963290355,0.00868589340336,-0.999925897564,0.0,0.661387770282,0.260535625598,0.303350045816,1.0,-0.0038,-0.00499428571429,0.191
0.464772018029,0.545578408793,-0.123992708842,-1.35910109468,0.0794896928916,1.89529220589,0.158815224706,0.000193431865896,-0.0186675498104,-0.00114872659273,-0.0369731857879,-0.00383889860954,0.0168319362128,-0.0080728815512,0.57395392127,0.818873004764,0.00215527932113,0.0,0.818830829764,-0.573892788942,-0.0119952461001,0.0,-0.00858584926049,0.00864969422403,-0.999925730233,0.0,0.661303112803,0.260408758583,0.303322493864,1.0,-0.00422,-0.00554628571429,0.212
0.464720796834,0.545301571971,-0.123994707645,-1.35958459211,0.0794353120163,1.89544836777,0.158740498197,-0.00321361309762,-0.0207300928563,0.000107732829964,-0.0427996035039,-0.00571299263435,0.0109481760266,-0.0043850941172,0.57395089538,0.818875290119,0.00209184738315,0.0,0.818832485132,-0.573890226498,-0.012004837498,0.0,-0.00863014017746,0.0086032254609,-0.99992574984,0.0,0.661242035269,0.260316703066,0.30329862295,1.0,-0.00448,-0.005888,0.225
0.464636189907,0.54479008861,-0.123995631647,-1.3604496471,0.0794041249286,1.89574068128,0.158659173757,-0.00227473330903,-0.0308027044443,0.000162525494606,-0.0429180927217,-0.00635431692066,0.0127587790682,-0.00665321238917,0.573991779545,0.818846723094,0.00205620851157,0.0,0.818803211094,-0.573931016305,-0.0120514283997,0.0,-0.00868831808998,0.00860121656524,-0.999925263308,0.0,0.661144195164,0.260184094215,0.303277549143,1.0,-0.00488,-0.00641371428571,0.245
0.464582400379,0.544456426352,-0.124000925416,-1.36101231677,0.0793869270832,1.8959462273,0.158588842201,-0.00548723140555,-0.0260192608027,-0.00120438223392,-0.045686774527,-0.00142264058244,0.0227109378331,-0.00603849457798,0.573997358283,0.818842835272,0.00204712192733,0.0,0.818799039216,-0.573936469803,-0.0120751360386,0.0,-0.008712888448,0.00860744337426,-0.999924995934,0.0,0.661073408347,0.260093745143,0.303265314012,1.0,-0.00516,-0.00678171428571,0.259
0.464496545003,0.543836891622,-0.123994198294,-1.36202205957,0.0793425078646,1.89630087195,0.158448631761,-0.00652935946984,-0.0318290702357,0.00674811799567,-0.0506182226085,-0.00321421655408,0.013555512663,-0.0122690192076,0.574003989219,0.818838245889,0.00202344554753,0.0,0.81879393791,-0.573943003024,-0.0121104674971,0.0,-0.00875534011566,0.00860840734117,-0.99992461683,0.0,0.660958710385,0.259946512047,0.303252188631,1.0,-0.00556,-0.00730742857143,0.279
0.464445106452,0.543441578723,-0.124001686675,-1.36265271535,0.0793030367245,1.8965203086,0.158390438441,-0.00489575554453,-0.0311640486235,-0.000361163317935,-0.052954154597,-0.000829246585579,0.0230128062958,-0.00270796930343,0.57402824327,0.818821283601,0.00200707509235,0.0,0.818776787097,-0.573967350614,-0.0121161149624,0.0,-0.00876910606498,0.00859850423054,-0.999924581408,0.0,0.660884980186,0.259847007411,0.303250945392,1.0,-0.00582,-0.00764914285714,0.292
0.464348746206,0.542751327472,-0.124006993622,-1.36375911684,0.0792433380035,1.89690962527,0.158242122887,-0.00242723744553,-0.0360307552286,-0.000673402297363,-0.0575786069738,-0.00205931672655,0.0179792984407,-0.00802092768954,0.574034993124,0.818816601163,0.00198676355385,0.0,0.818771757073,-0.573974108703,-0.0121358666397,0.0,-0.00879686760103,0.0085932834563,-0.999924382441,0.0,0.660755502015,0.259674737917,0.303246504035,1.0,-0.00624,-0.00820114285714,0.313
0.464304326552,0.542324812489,-0.124008408073,-1.36439393687,0.0792062779839,1.89714139546,0.158149637295,-0.00495634694358,-0.0378011657645,-0.000780424260279,-0.0577274028172,-0.00274601916592,0.025393673218,-0.00685917937786,0.574024020355,0.818824262817,0.00199939469466,0.0,0.818779565302,-0.573963063427,-0.0121314535936,0.0,-0.00878611900172,0.0086009748789,-0.999924410815,0.0,0.660673944708,0.25957305339,0.303259541969,1.0,-0.0065,-0.00854285714286,0.326
0.464192834517,0.541551635938,-0.124016207826,-1.36557970013,0.0791458109031,1.89758315179,0.157991294164,-0.00637628871111,-0.0396988927861,-0.00186043171815,-0.0529884819967,0.000174695999994,0.0153299831491,-0.00205742021154,0.574038854321,0.818813771832,0.00203658768394,0.0,0.818769504073,-0.573977676756,-0.0121191042619,0.0,-0.00875450215584,0.00862449866217,-0.999924485506,0.0,0.660549628415,0.259395960053,0.303286992753,1.0,-0.0069,-0.00906857142857,0.346
0.464124999727,0.541040415927,-0.124016880879,-1.36636561549,0.0790960780459,1.89787607913,0.157884134992,-0.00945177684913,-0.041504864533,-0.00102746803555,-0.0642976361639,-0.00813188977512,0.0155958835012,-0.0142888851,0.574037469289,0.818814707886,0.00205058621593,0.0,0.818770645413,-0.573976252824,-0.0121094304606,0.0,-0.00873856021735,0.00863039277744,-0.999924574098,0.0,0.660460638954,0.25927601502,0.303299726018,1.0,-0.00716,-0.00941028571429,0.359
0.464019685169,0.540164169476,-0.124019650631,-1.36769526393,0.0790101899475,1.8983669501,0.15772724967,-0.00619256861501,-0.0489885480742,-0.00177299898166,-0.0724768722576,-0.00744658476536,0.0259896171159,-0.0118869472771,0.57404594355,0.818808691244,0.00208056217219,0.0,0.818765044658,-0.573984619968,-0.0120915089095,0.0,-0.00870658952649,0.00864473965877,-0.999924729055,0.0,0.66031331123,0.259091248026,0.303328495431,1.0,-0.00756,-0.009936,0.379
0.463934901273,0.539604344073,-0.124016948375,-1.36857335249,0.0789622116851,1.89870860218,0.157614763517,-0.00614629230491,-0.0484366615384,0.000606840679463,-0.0738754753332,-0.00570782957292,0.0309027535791,-0.0148523502482,0.574059232287,0.818799322423,0.00210102986621,0.0,0.818755936176,-0.573997811841,-0.012082047784,0.0,-0.00868695324399,0.00865620840922,-0.999924800622,0.0,0.660211139961,0.258942062396,0.303335964227,1.0,-0.00784,-0.010304,0.393
0.46381986641,0.538707457491,-0.124022990058,-1.36994123117,0.0788877069477,1.89923382388,0.157452524593,-0.00421298763224,-0.0398732433463,0.000113964488742,-0.0701578200497,-0.00317653767951,0.0296824964195,-0.00983749331485,0.574080638544,0.818784188776,0.00214931629713,0.0,0.818741413778,-0.574018989748,-0.0120600030791,0.0,-0.00864095783343,0.00868331571299,-0.999924964123,0.0,0.660058384995,0.258735598887,0.303364241285,1.0,-0.00824,-0.0108297142857,0.413
0.463733853304,0.538116289348,-0.124021197995,-1.37088269628,0.0788350719072,1.89959274515,0.157332872513,-0.00709389092254,-0.0409670034322,-0.000566904729622,-0.0757756214978,-0.00232325162049,0.0264941345497,-0.0133559239955,0.574089844151,0.818777710686,0.00215829294573,0.0,0.81873501077,-0.574028113715,-0.0120604189487,0.0,-0.00863604765889,0.0086910013615,-0.999924939771,0.0,0.659952334535,0.258591705204,0.303364732678,1.0,-0.0085,-0.0111714285714,0.426
0.463591877404,0.53711829193,-0.12402714514,-1.37244396135,0.078733595691,1.90017578309,0.157149092508,-0.00389027597329,-0.0493570894789,-0.000439443297476,-0.0726872279981,-0.00423644846815,0.0278407546626,-0.00898948536023,0.574118743194,0.818757419765,0.00216868489623,0.0,0.818714944823,-0.574057055072,-0.0120450631737,0.0,-0.00861720188794,0.00869099859479,-0.999925102383,0.0,0.65977681462,0.258345483492,0.3033770339,1.0,-0.00892,-0.0117234285714,0.447
0.463507756856,0.536470341908,-0.124027599008,-1.3734499911,0.0786912535678,1.90055421559,0.157013192661,-0.00203634911124,-0.0508088132917,0.000370322022052,-0.080760100548,-0.00110983619859,0.0301144835352,-0.0166395143944,0.574120785586,0.818755915733,0.0021956575342,0.0,0.818713629608,-0.574058818487,-0.0120504154482,0.0,-0.008606078059,0.00871617654635,-0.999924979029,0.0,0.65966021139,0.258197626293,0.303388450664,1.0,-0.00918,-0.0120651428571,0.46
0.463350183717,0.535389656944,-0.12403614429,-1.37516078144,0.0785866865787,1.90117950484,0.156810507495,-0.0132124495875,-0.0548278726748,0.000380980762252,-0.0861904167312,-0.00473622642217,0.0422948964111,-0.00729349818818,0.574155851998,0.818731346283,0.0021879513607,0.0,0.81868898195,-0.574093935549,-0.0120520081884,0.0,-0.00861143307886,0.00871115041841,-0.999924976725,0.0,0.659464639612,0.257925352986,0.303391321744,1.0,-0.0096,-0.0126171428571,0.481
0.463258831171,0.53470745708,-0.124031715279,-1.37625596304,0.0785295170231,1.90156855469,0.156676176308,-0.00566056762901,-0.0477135776083,0.000921454789565,-0.0832421367621,-0.000365085693277,0.0328047427583,-0.0114591860441,0.574162265074,0.818726887806,0.00217335009216,0.0,0.81868418834,-0.574100263734,-0.012076168425,0.0,-0.00863952926781,0.00871313532733,-0.99992471707,0.0,0.659331413352,0.257763786651,0.303384964862,1.0,-0.00986,-0.0129588571429,0.494
0.463117221737,0.533640132458,-0.124042882367,-1.37800435509,0.0784383673621,1.90220351406,0.156464729793,-0.00193941599714,-0.0531170997368,0.000655955425963,-0.0866109089249,-0.00364810224565,0.0357292404277,-0.0129481545118,0.57418434466,0.818711496965,0.00213775244474,0.0,0.818668205207,-0.5741223651,-0.0121089461085,0.0,-0.00868656914899,0.00870304480356,-0.999924397406,0.0,0.659123557288,0.25749874112,0.303361062781,1.0,-0.01026,-0.0134845714286,0.514
0.463009910551,0.532924317357,-0.124043936,-1.37916124046,0.0783677215013,1.90264344839,0.156322679063,-0.00858056207536,-0.0587980836202,-0.0011959551537,-0.0909650913398,-0.0106807312286,0.0330118947899,-0.00577998783989,0.574201087467,0.818699763003,0.00213450492165,0.0,0.81865644023,-0.574139131205,-0.0121094091336,0.0,-0.00868863486966,0.00870082961183,-0.999924398736,0.0,0.65899256352,0.257317887415,0.303353353264,1.0,-0.01052,-0.0138262857143,0.527
0.462850131398,0.531718605939,-0.124042853572,-1.38108767709,0.0782528112128,1.90335952002,0.156073233121,-0.0073437212337,-0.0605391974429,0.000838850522193,-0.0964295560301,-0.00801153317292,0.0350002493261,-0.00404676096103,0.574201303472,0.818699622663,0.00213022136618,0.0,0.818656198727,-0.574139320468,-0.0121167602618,0.0,-0.00869711065295,0.00870154599399,-0.999924318818,0.0,0.658765315072,0.257030384708,0.303348420263,1.0,-0.01094,-0.0143782857143,0.548
0.462748420404,0.530887454393,-0.124048244675,-1.38243783203,0.0781824469019,1.90382666487,0.155889756245,-0.00540996738381,-0.0654324667253,-0.00150079525402,-0.0980111242813,-0.00865465944183,0.0349337741764,-0.0153200388449,0.574192695927,0.818705760113,0.00209122037802,0.0,0.818661671099,-0.574130729377,-0.0121540429156,0.0,-0.00875011952968,0.00869093196482,-0.999923948663,0.0,0.658596561138,0.256831213037,0.303332203616,1.0,-0.01122,-0.0147462857143,0.562
0.46257888831,0.529690115037,-0.124046651129,-1.38436471128,0.0780520135329,1.90453238037,0.155643429042,-0.008148732968,-0.0592071828652,0.000855017204597,-0.100417172495,-0.0146954377035,0.0389978671299,-0.0211110455562,0.574194435837,0.818704591754,0.00207079592319,0.0,0.818660292856,-0.574132615681,-0.0121577717269,0.0,-0.00876488080954,0.00867637032172,-0.999923945839,0.0,0.658357037628,0.256523743426,0.303325136932,1.0,-0.01164,-0.0152982857143,0.583
0.46247446125,0.528864789399,-0.124045212955,-1.38563792805,0.0779756911412,1.90501414072,0.155471304737,-0.00691960725701,-0.0625971744194,-0.0023578389543,-0.0971324478218,-0.00155312122588,0.042513632446,-0.0132709261351,0.574190553533,0.818707261662,0.00209161109797,0.0,0.818663239306,-0.574128646685,-0.012146792421,0.0,-0.00874398166061,0.00868706583361,-0.999924035951,0.0,0.658219796335,0.256346423274,0.303336607912,1.0,-0.01188,-0.0156137142857,0.595
0.462306312072,0.527541542029,-0.124051437328,-1.38766449329,0.0778530225342,1.90579596288,0.155180263331,-0.00675640961982,-0.0711817103099,-0.00092131595042,-0.101687806235,-0.00711373015839,0.0394913169005,-0.0163766803893,0.574171253984,0.818720629438,0.00215613822285,0.0,0.818677511477,-0.574109130207,-0.0121072588323,0.0,-0.00867477094844,0.0087169896898,-0.999924378361,0.0,0.657987388527,0.256042146258,0.303371554683,1.0,-0.01228,-0.0161394285714,0.615
0.462197506909,0.526661628408,-0.124049973006,-1.38903354823,0.0777659305363,1.90630850709,0.155001166744,-0.00647012667696,-0.0620110319002,0.000963630003303,-0.102662753008,-0.00780984483291,0.041443090538,-0.00592981914742,0.574163219846,0.818726217492,0.00217363025058,0.0,0.818683350645,-0.574101044735,-0.0120958138153,0.0,-0.00865544313886,0.00872465428008,-0.999924479004,0.0,0.65782420109,0.255841149307,0.303383542313,1.0,-0.01254,-0.0164811428571,0.628
0.462016688369,0.525262498308,-0.124058535079,-1.39118642026,0.0776278185714,1.90708996174,0.154711045488,-0.00824437007015,-0.0703604727388,-0.000170473148081,-0.103675538955,-0.00563204296213,0.0460747201637,-0.0149628641762,0.57415848254,0.818729491253,0.0021917987131,0.0,0.818686925159,-0.574096294566,-0.0120793228109,0.0,-0.00863156048433,0.00873001068399,-0.999924638699,0.0,0.657567455844,0.255510770359,0.303411108348,1.0,-0.01294,-0.0170068571429,0.648
0.461887919292,0.524299138815,-0.124061884698,-1.39273691783,0.0775312377166,1.90764208905,0.154493158656,-0.0110435468848,-0.0752741813031,-0.000666987338271,-0.111810429204,-0.0071774863736,0.0369216955343,-0.0178549521204,0.574145162253,0.81873891751,0.00215974945344,0.0,0.818695905961,-0.574083085859,-0.0120983881285,0.0,-0.00866571241086,0.00871457683309,-0.999924477938,0.0,0.657377567995,0.255274624636,0.30339856838,1.0,-0.01322,-0.0173748571429,0.662
0.461701469706,0.522888902145,-0.124062741718,-1.39499933153,0.0773959666773,1.90850785107,0.154189487366,-0.0107547773851,-0.0772873913046,0.000314860741689,-0.11202703927,-0.00196559997472,0.0433579462688,-0.0128943711459,0.57413502066,0.818746003494,0.00216949650273,0.0,0.818703107018,-0.574072891443,-0.0120948241391,0.0,-0.00865730647655,0.00872040352924,-0.999924499953,0.0,0.657110289469,0.254938396821,0.303388194395,1.0,-0.01362,-0.0179005714286,0.682
0.461580198975,0.521934134654,-0.124066203571,-1.39649071007,0.0773085296167,1.90908243322,0.153986149858,-0.00991110375879,-0.0748351250813,-0.000632766510897,-0.114513788591,-0.00629602465973,0.0458430939992,-0.0212112019515,0.57412672072,0.818751738292,0.00220147670799,0.0,0.818709263079,-0.574064459765,-0.0120783063904,0.0,-0.00862551088351,0.00873701602768,-0.999924629716,0.0,0.656935204367,0.254717041805,0.303399186567,1.0,-0.01388,-0.0182422857143,0.695
0.461379354143,0.520455985868,-0.124068439987,-1.39887146725,0.0771623741302,1.90996758928,0.153665095247,-0.00967063152717,-0.0797577378804,0.00095961923832,-0.121755061246,-0.010012772632,0.0457421087556,-0.0116415680426,0.57412070808,0.818755989738,0.00218831490744,0.0,0.818713340644,-0.574058501892,-0.0120850800006,0.0,-0.00863867718084,0.00873006537622,-0.999924576763,0.0,0.656633543039,0.25433808085,0.303387261649,1.0,-0.0143,-0.0187942857143,0.716
0.461248412846,0.519449951299,-0.124071405086,-1.40044113024,0.077063566965,1.91053370125,0.15345800908,-0.00800019256968,-0.0730167656931,0.000897148906997,-0.122730886083,-0.00637633349744,0.0430827913129,-0.014248237942,0.574114264886,0.818760521181,0.00218328001632,0.0,0.818717788666,-0.574052063173,-0.0120895901232,0.0,-0.00864532916165,0.00872846438334,-0.999924533249,0.0,0.656456757095,0.254118739198,0.303389581958,1.0,-0.01454,-0.0191097142857,0.728
0.461033022337,0.517765508057,-0.124075173425,-1.40304584912,0.0768981362053,1.91147200902,0.15310275291,-0.0117740131513,-0.0848021239203,-0.0014159301546,-0.122195348493,-0.00317274439606,0.0449691479246,-0.0147484619406,0.574095848794,0.818773402681,0.00219507651204,0.0,0.818730829388,-0.574033604361,-0.0120829208143,0.0,-0.00863329272504,0.00873409965256,-0.999924588037,0.0,0.65613675722,0.253725112159,0.30341344745,1.0,-0.01496,-0.0196617142857,0.749
0.460898495016,0.516745673095,-0.12407552823,-1.40467888167,0.0767860026192,1.91205828819,0.152876177735,-0.00509625961406,-0.0755812072583,0.000688535284339,-0.123365349767,-0.0065226526153,0.0511365629453,-0.0116942778032,0.57407676164,0.818786865813,0.0021649521687,0.0,0.818743951476,-0.574014701172,-0.012091801399,0.0,-0.00865806049185,0.00871433146077,-0.999924546361,0.0,0.655934044566,0.25347792244,0.30340245944,1.0,-0.01522,-0.0200034285714,0.762
0.460661493913,0.515052457623,-0.124087217881,-1.40737039808,0.0766220205432,1.91308095109,0.152497157915,-0.0131369731191,-0.0821569374747,-0.00114320523567,-0.126924347955,-0.00681917697427,0.0533453695588,-0.0136028322438,0.574066891744,0.818793744136,0.00218065770153,0.0,0.818751081751,-0.574004812684,-0.0120784124726,0.0,-0.00863818686806,0.0087194004329,-0.999924674055,0.0,0.65561579235,0.25306134536,0.303397774757,1.0,-0.01564,-0.0205554285714,0.783
0.460520476688,0.513978521139,-0.124077321043,-1.40910063311,0.0765118052124,1.91368614528,0.152269889871,-0.0124490363673,-0.0806305383207,0.00361221151678,-0.133170639051,-0.00910511158589,0.0449472279612,-0.0170491236928,0.574050320288,0.818805476996,0.00213717571489,0.0,0.818762146316,-0.573988329033,-0.0121116800601,0.0,-0.00869056337163,0.00870271994741,-0.999924365527,0.0,0.655393150748,0.252806754558,0.303379149888,1.0,-0.0159,-0.0208971428571,0.796
0.460267647576,0.512146167809,-0.124090108699,-1.41205823588,0.0763365989176,1.91472904728,0.151855452736,-0.0130633104483,-0.0857273009792,0.000464373745921,-0.136505413963,-0.00318384569519,0.0531661737589,-0.0153581430776,0.574034808998,0.818816530675,0.00206737847135,0.0,0.818772147872,-0.5739729857,-0.0121625843023,0.0,-0.00877247458599,0.00867462568176,-0.999923894383,0.0,0.65502196098,0.25234922415,0.303346043583,1.0,-0.01634,-0.0214754285714,0.818
0.460128298023,0.511133034405,-0.124094401855,-1.41367578117,0.076240400996,1.91534824515,0.151623121474,-0.0168482647965,-0.0861697481928,-0.0012418362047,-0.134857864474,-0.0103967604411,0.0472080447868,-0.00985160277364,0.574020594634,0.818826466714,0.00207876061046,0.0,0.818782228373,-0.573958718603,-0.0121572505643,0.0,-0.00876172443858,0.00868073157388,-0.999923935649,0.0,0.654828051583,0.252103254512,0.303339456855,1.0,-0.01658,-0.0217908571429,0.83
0.45988680684,0.509296006149,-0.124093960554,-1.41657730901,0.0760570619344,1.91643343728,0.151215742863,-0.0144072807433,-0.0907462769444,0.000682246236674,-0.13671023678,-0.00838154911299,0.045798131257,-0.0253487444291,0.573986293903,0.818850478214,0.00209180339022,0.0,0.818806423811,-0.573924378209,-0.0121488815982,0.0,-0.00874774896769,0.00868624081396,-0.999924010167,0.0,0.654471106601,0.25166927061,0.303338312034,1.0,-0.017,-0.0223428571429,0.851
0.459730413816,0.508150691086,-0.124100075356,-1.41839976881,0.0759429077563,1.91707658085,0.15097100559,-0.0118470186719,-0.0899664228745,-0.000804027515078,-0.144374184976,-0.0149228701565,0.051281132401,-0.0190351136289,0.573982005794,0.818853563371,0.00206050490863,0.0,0.818809063435,-0.573920192797,-0.0121686826715,0.0,-0.00878197287283,0.00867193194364,-0.999923834374,0.0,0.654240815638,0.251387415401,0.303328114319,1.0,-0.01726,-0.0226845714286,0.864
0.459471728593,0.506321050361,-0.124100303122,-1.42125723578,0.0757568083198,1.91812229455,0.150570729234,-0.0131460639005,-0.100646472111,0.000129743591054,-0.143700593317,-0.0142698621825,0.0582268896277,-0.0140885032072,0.573963767298,0.818866324149,0.00206975979917,0.0,0.818821977917,-0.573901948004,-0.0121601586234,0.0,-0.00876987405962,0.00867442227651,-0.999923918959,0.0,0.653888596191,0.250944042133,0.303338086753,1.0,-0.01766,-0.0232102857143,0.884
0.459299472013,0.505112507815,-0.124105724313,-1.42312494535,0.0756425003012,1.91884237729,0.15031743579,-0.00770115992326,-0.0901939388049,-0.000476684109116,-0.140707038583,-0.00904100529046,0.0594401567628,-0.022173106873,0.5739670317,0.818863909751,0.00211913420154,0.0,0.818820253865,-0.573905040033,-0.0121302838655,0.0,-0.00871703770371,0.00869774048729,-0.999924178408,0.0,0.653666859177,0.250652913654,0.303356363027,1.0,-0.01792,-0.023552,0.897
0.459031075425,0.503145208512,-0.124111689038,-1.42605715051,0.0754595284859,1.91996020671,0.149908789548,-0.0118957618487,-0.0973909184237,0.00172839917124,-0.146020219969,-0.0140358364584,0.0629545968689,-0.0182383226233,0.573957927634,0.818869950999,0.00224667698121,0.0,0.81882805111,-0.573895482432,-0.012055905609,0.0,-0.00858302631515,0.00875939337856,-0.999924799516,0.0,0.653315938134,0.250198304242,0.303431919511,1.0,-0.01832,-0.0240777142857,0.917
0.458837982444,0.501742754938,-0.124110683508,-1.42812551813,0.0753285179625,1.92070234702,0.14961918396,-0.0125192210306,-0.0987501971058,0.00162330702759,-0.152795818555,-0.0108446689461,0.0450043643675,-0.017889681216,0.573948457533,0.818876405584,0.00231243923398,0.0,0.818835348705,-0.573885723993,-0.0120247415448,0.0,-0.00851986530412,0.00879525818437,-0.999925024854,0.0,0.653058468934,0.249875109736,0.303490735432,1.0,-0.0186,-0.0244457142857,0.931
0.458538916697,0.499611489669,-0.124116010058,-1.431342911,0.0751180949862,1.92185171991,0.149164191503,-0.0194873200483,-0.0987684151165,-0.00125395689684,-0.153275571238,-0.0116967035073,0.0565820918506,-0.0169612023485,0.573931458709,0.818888179892,0.00236144838139,0.0,0.818847800186,-0.57386856567,-0.0119956811804,0.0,-0.0084681235705,0.00881853539458,-0.999925259365,0.0,0.652655718583,0.249367290775,0.303546103233,1.0,-0.01902,-0.0249977142857,0.952
0.458367502274,0.498448233203,-0.124113963045,-1.43318933321,0.0750061858493,1.92254634902,0.148898939635,-0.0195778037397,-0.0966860750621,-8.36245146583e-05,-0.156001222729,-0.0133306485758,0.0603989752192,-0.0170813068449,0.573917024322,0.818898267464,0.00237142128168,0.0,0.818857972821,-0.573854045677,-0.0119958955425,0.0,-0.00846273131373,0.00882667583811,-0.999925233191,0.0,0.652427525687,0.249082008234,0.303538689289,1.0,-0.01926,-0.0253131428571,0.964
0.458059312413,0.496470631788,-0.124121470384,-1.43633020474,0.0748118345861,1.92367527335,0.148431190862,-0.0181435587546,-0.0979363214536,-0.00321759645038,-0.158972074446,-0.0104050607117,0.0526387177197,-0.0248678357688,0.573898352235,0.81891144204,0.00234057687071,0.0,0.818870663406,-0.573835417245,-0.0120207083583,0.0,-0.0085009533805,0.00881546417938,-0.99992500788,0.0,0.652034221532,0.248575476756,0.303520319129,1.0,-0.01966,-0.0258388571429,0.984
0.457839703853,0.495095223232,-0.124117073045,-1.43857315091,0.0746767384625,1.92444414226,0.148108307976,-0.0172761489008,-0.096907463353,0.000442487257775,-0.16131734254,-0.00656717530128,0.067284711881,-0.0285976240163,0.573887173888,0.818919500712,0.00226050903245,0.0,0.818877463188,-0.573824354536,-0.0120854179059,0.0,-0.00860001483789,0.00878691540465,-0.999924412074,0.0,0.651741338051,0.248217546827,0.303477546605,1.0,-0.01994,-0.0262068571429,0.998
0.457492757169,0.492715849849,-0.124197834632,-1.4422047663,0.0744666220154,1.92574840873,0.147600725244,-0.0171402753186,-0.172991776821,-0.00650004852631,-0.234250152193,-0.0157457160396,0.0909740356746,-0.0353438498485,0.573933871021,0.818886577073,0.00233076930731,0.0,0.818845617065,-0.573870916535,-0.012032184758,0.0,-0.00851559782419,0.00881438831095,-0.999924892756,0.0,0.651268517698,0.247562760869,0.303543918701,1.0,-0.0363097142857,-0.0477213387755,1.018
0.45715260744,0.489743744166,-0.124261249063,-1.44678839916,0.0742332039723,1.92754890323,0.146893478938,-0.0324983902817,-0.216654999096,-0.00252183813736,-0.347518861287,-0.0175560773085,0.136988847248,-0.0495738856096,0.573852641912,0.81894310245,0.00246722947704,0.0,0.818903842083,-0.573789059321,-0.0119732921982,0.0,-0.0083899373109,0.00889150024733,-0.999925272296,0.0,0.650731451532,0.246920872137,0.303564778687,1.0,-0.0497577142857,-0.0653958530612,1.032
0.456414050484,0.484442666283,-0.124342286772,-1.4551400241,0.0737800367712,1.93073870155,0.14561846552,-0.043943064595,-0.312204344564,-0.0116667829694,-0.493110721252,-0.0325798074567,0.18377125211,-0.0736652317287,0.573765752009,0.819003578734,0.00259744949983,0.0,0.818965802472,-0.573701438881,-0.0119339979897,0.0,-0.00828398603906,0.00897471443609,-0.999925412256,0.0,0.649691231212,0.245616044632,0.303551228395,1.0,-0.0680085714286,-0.0893826938775,1.051
0.455658337359,0.479464849563,-0.124487438818,-1.46313637807,0.0732944096657,1.93348626369,0.144401930724,-0.0563940282082,-0.378951805788,-0.0115688827413,-0.616548784066,-0.0394714376904,0.208184555349,-0.0889308223091,0.573753514449,0.819012904822,0.00234804038157,0.0,0.818971821928,-0.573690150944,-0.0120628561909,0.0,-0.00853275153032,0.00884425532238,-0.999924482798,0.0,0.648649546046,0.244267168654,0.303440037504,1.0,-0.0814565714286,-0.107057208163,1.065
0.454189551074,0.470176143373,-0.12468821021,-1.47772542988,0.0724297666938,1.93858067235,0.142283632781,-0.0742309571411,-0.46521185144,-0.00587523458645,-0.744194222972,-0.0456891090056,0.255723229638,-0.109621378046,0.573836884762,0.818954989386,0.00216839717893,0.0,0.818911151145,-0.573773866691,-0.0121993169666,0.0,-0.0087466902639,0.00877631164546,-0.999923232935,0.0,0.646748341469,0.24180033093,0.303369829839,1.0,-0.101628571429,-0.133568979592,1.086
0.453208447105,0.463905715106,-0.124780746239,-1.48721595791,0.0718705660536,1.94212562628,0.140727719678,-0.0843687666078,-0.529810755383,-0.00884113762585,-0.802429296368,-0.0527657586302,0.300232405317,-0.135865327449,0.573733100697,0.819026905736,0.00245025441799,0.0,0.818986746448,-0.573668886827,-0.012060859477,0.0,-0.00847269681919,0.00892661206349,-0.999924261635,0.0,0.64554140172,0.240222468684,0.303488490982,1.0,-0.113155428571,-0.148718563265,1.098
0.451087941066,0.451588999544,-0.124989991235,-1.50632340224,0.0706486140613,1.94881188333,0.13773345105,-0.113283522064,-0.632334547496,-0.0167012087631,-0.95059807862,-0.0662263815908,0.341891851943,-0.157642054792,0.573722663182,0.819034558398,0.00233340978201,0.0,0.818992748651,-0.57365881139,-0.0121322987524,0.0,-0.008598356414,0.00887179125132,-0.999923676881,0.0,0.643008992056,0.236897771088,0.303450524065,1.0,-0.133327428571,-0.175230334694,1.119
0.449554852837,0.442910144666,-0.125123763831,-1.5195047797,0.0697325400136,1.95353811377,0.135715704453,-0.127382277611,-0.665940711309,-0.0137129001799,-1.04823789226,-0.0710014293558,0.361692001091,-0.157314348757,0.573767048815,0.819003071561,0.00246766478906,0.0,0.818963728531,-0.573703382036,-0.0119828082165,0.0,-0.00839841079548,0.00889643974736,-0.999925157227,0.0,0.641269582,0.234569978737,0.303536535871,1.0,-0.145814857143,-0.191642383673,1.132
0.446873997054,0.428181966388,-0.125300531115,-1.5419103165,0.068267399311,1.96124582403,0.132082113161,-0.142366713404,-0.773654524391,-0.00583938405055,-1.16175158749,-0.0771382118368,0.397742574236,-0.180952988142,0.573696640913,0.819052333355,0.00248723380759,0.0,0.819012685815,-0.573632310898,-0.0120390726294,0.0,-0.00843403523305,0.00894402376836,-0.999924432889,0.0,0.638177308955,0.230601957464,0.303595320906,1.0,-0.165026285714,-0.216891689796,1.152
0.4448582758,0.417793161834,-0.125446874207,-1.55754559305,0.0671615331119,1.96660325773,0.129457975429,-0.159252660769,-0.8133880869,-0.0120658570821,-1.20910246738,-0.0852589958498,0.41924694857,-0.198879256247,0.573662011988,0.819076436454,0.00253656224141,0.0,0.819037737796,-0.573597813289,-0.0119782952824,0.0,-0.00835633374507,0.00894920547181,-0.999925038894,0.0,0.636006976865,0.227725415321,0.303678525662,1.0,-0.177513714286,-0.233303738775,1.165
0.441186873575,0.399603908839,-0.125668915201,-1.58467895689,0.0652961622447,1.97604541154,0.124889135228,-0.187356853409,-0.913587052737,-0.0147827014621,-1.32538101732,-0.0830170865474,0.452562297723,-0.228291472964,0.573681783625,0.819061296211,0.00292422416797,0.0,0.819027750833,-0.573616241581,-0.0117769971451,0.0,-0.00796885349548,0.00915144566486,-0.999926371498,0.0,0.63219854786,0.222686403343,0.303879023889,1.0,-0.197685714286,-0.259815510204,1.186
0.438604555113,0.387564214589,-0.125821684732,-1.60259081424,0.0639867815049,1.98223232122,0.121788474157,-0.209198739049,-0.913406544779,-0.0135035278893,-1.41802402364,-0.113956229458,0.476817579798,-0.241873677163,0.573703428279,0.819045354938,0.00313525692174,0.0,0.819015047732,-0.573637750987,-0.0116115947221,0.0,-0.00771206947242,0.00922961199589,-0.999927666507,0.0,0.629642617199,0.219260767512,0.303983847095,1.0,-0.210173142857,-0.276227559184,1.199
0.43470464376,0.369883045185,-0.12603381418,-1.62880360315,0.0620327808388,1.99093580291,0.11706065889,-0.227296727335,-1.01399639687,-0.0174171654833,-1.50254068698,-0.113964689379,0.497071305058,-0.266707380239,0.573609391264,0.8191109004,0.00321651996641,0.0,0.819081792126,-0.573543643492,-0.0115522170611,0.0,-0.00761787900543,0.00926123144207,-0.999928096171,0.0,0.625752469623,0.214183006018,0.304081735549,1.0,-0.227463428571,-0.298951934694,1.217
0.430799584426,0.353389083186,-0.12623202359,-1.65319032843,0.0601365197551,1.99893209705,0.112616669019,-0.254940906438,-1.0379784888,-0.011125698032,-1.57222792189,-0.122297008698,0.506620100094,-0.278943455426,0.57363549005,0.819092603949,0.0032214300166,0.0,0.819063904357,-0.573570143815,-0.011504677479,0.0,-0.00757582601413,0.00923822621505,-0.999928628471,0.0,0.622062895464,0.20930460617,0.304122090907,1.0,-0.242832571429,-0.319151379592,1.233
0.425296145274,0.331595682781,-0.126535495069,-1.68531301707,0.0576777332642,2.00929836911,0.1064790055,-0.287627856928,-1.09529088476,-0.0183293380428,-1.68169713693,-0.12571971898,0.522055679783,-0.318590051715,0.573703679431,0.819044947774,0.00319509538463,0.0,0.819015566144,-0.573637991477,-0.0115630467291,0.0,-0.00763797395998,0.00925077341528,-0.999928039683,0.0,0.617082637911,0.202687526687,0.304099272413,1.0,-0.262044,-0.344400685714,1.253
0.421493140455,0.316698056879,-0.126660335612,-1.70683504462,0.0559437920649,2.01616016781,0.102251461268,-0.303618190586,-1.16166248611,-0.0133794211301,-1.67533934904,-0.136376487133,0.516271881452,-0.319350982613,0.573609991289,0.819109959259,0.00334655610973,0.0,0.819082556575,-0.573543872541,-0.0114864567072,0.0,-0.00748941852909,0.00933003169784,-0.999928426998,0.0,0.613640144173,0.198257286922,0.30419620383,1.0,-0.274531428571,-0.360812734694,1.266
0.414638148309,0.291688867102,-0.12694105746,-1.74295899954,0.0528864658465,2.0272628312,0.0947892367915,-0.347739994381,-1.21824790615,-0.0140228303204,-1.7148617865,-0.145086635823,0.530731300978,-0.360899470901,0.573451362536,0.819221536837,0.00321796363877,0.0,0.819192562686,-0.573385771645,-0.0115346875152,0.0,-0.00760447627872,0.00925089226023,-0.999928293896,0.0,0.60769395731,0.190529891236,0.304195902884,1.0,-0.294703428571,-0.387324506122,1.287
0.41111318879,0.279300568991,-0.127089346932,-1.76074378207,0.0514168162079,2.03272955595,0.0910451661097,-0.35646298325,-1.23661590074,-0.0156494772709,-1.79980963003,-0.156795972901,0.534037226451,-0.376523078156,0.573425914033,0.819239265177,0.00323950742618,0.0,0.819210115304,-0.573359705304,-0.0115837048354,0.0,-0.00763256976481,0.00929641277002,-0.999927657677,0.0,0.604396579118,0.186275127842,0.304183502364,1.0,-0.305269714286,-0.40121162449,1.298
0.402071541229,0.249754226823,-0.127554038577,-1.80236689516,0.0477446431224,2.04520677235,0.0818407301723,-0.419069244271,-1.30689637313,-0.0219716248146,-1.84727409817,-0.171320950704,0.572186294855,-0.411306609993,0.573525749767,0.819168520613,0.0034490712018,0.0,0.819142752506,-0.57345973309,-0.0113944040369,0.0,-0.00735617527652,0.00936044601381,-0.999929131857,0.0,0.597601138956,0.17719013343,0.304308440824,1.0,-0.326402285714,-0.428985861224,1.32
0.396497947293,0.232467520645,-0.127812044444,-1.82642167003,0.0455591905198,2.0522088322,0.0762262691977,-0.433768406819,-1.34654767351,-0.0234640683221,-1.84243943404,-0.166122114576,0.560989137956,-0.435484082386,0.573528276113,0.819166216238,0.00357401375833,0.0,0.819142221686,-0.573462122446,-0.0113120145291,0.0,-0.00721699757388,0.00941556704142,-0.999929628546,0.0,0.593364134098,0.171574187443,0.304383739145,1.0,-0.338889714286,-0.445397910204,1.333
0.38679724419,0.203610738685,-0.128175411974,-1.86631604531,0.0418240696292,2.06341772233,0.0664971255653,-0.48403858271,-1.39067264549,-0.0181846650004,-1.93108565352,-0.192835412213,0.528388546335,-0.470537704816,0.573353981053,0.819288018647,0.00361964257545,0.0,0.819264343963,-0.573287376969,-0.0113254148355,0.0,-0.00720381997917,0.00945909789993,-0.999929312724,0.0,0.586076405917,0.162147227991,0.304403175362,1.0,-0.359061714286,-0.471909681633,1.354
0.38017967655,0.185156271255,-0.128485347056,-1.89144076524,0.0393851541977,2.07014877008,0.060068646204,-0.51885172861,-1.43120971985,-0.020777372688,-1.96428390051,-0.189592398591,0.498318286235,-0.505614133144,0.573368195534,0.819278122481,0.00360794615299,0.0,0.819254101364,-0.573301364999,-0.0113582212795,0.0,-0.00723724108954,0.00946844981983,-0.999928982878,0.0,0.581361091465,0.155947789154,0.304436460223,1.0,-0.371549142857,-0.488321730612,1.367
0.370755784174,0.160447823764,-0.129025615093,-1.92468866388,0.0360929033594,2.07879038921,0.0511022310553,-0.561929553362,-1.4834704157,-0.0244984962194,-1.95194709969,-0.19931118364,0.494274692961,-0.541034057227,0.573544742638,0.819154469702,0.003623515009,0.0,0.819130308697,-0.573477398706,-0.0113998880982,0.0,-0.00726040511352,0.00950665988595,-0.999928452408,0.0,0.574997485288,0.147406966237,0.304479548666,1.0,-0.387878857143,-0.509783640816,1.384
0.358832612388,0.130458696877,-0.129569446228,-1.96437708594,0.0319223563301,2.08880740755,0.0398228937945,-0.606529725675,-1.50420751419,-0.0275522182835,-2.00053988512,-0.20364648502,0.494820832299,-0.582672661285,0.573528458568,0.819165173144,0.00377799164243,0.0,0.819143516317,-0.573461385486,-0.0112554845936,0.0,-0.00705370446998,0.00955024195975,-0.999929516582,0.0,0.567546710865,0.137595928812,0.304559623036,1.0,-0.406129714286,-0.533770481633,1.403
