position_joint1,position_joint2,position_joint3,position_joint4,position_joint5,position_joint6,position_joint7,velocity_joint1,velocity_joint2,velocity_joint3,velocity_joint4,velocity_joint5,velocity_joint6,velocity_joint7,ee_T_00,ee_T_10,ee_T_20,ee_T_30,ee_T_01,ee_T_11,ee_T_21,ee_T_31,ee_T_02,ee_T_12,ee_T_22,ee_T_32,ee_T_03,ee_T_13,ee_T_23,ee_T_33,v_x,v_y,time
0.465082924031,0.547810595181,-0.123994533148,-1.35584146872,0.0795547617982,1.89410077823,0.15914213483,9.82294463401e-05,-0.000615645974691,0.000380397574204,0.000191642691364,5.28344834127e-05,0.000119092224614,0.000913769046171,0.573803444412,0.81897899157,0.00194047644566,0.0,0.818935233187,-0.57374443712,-0.0119645986091,0.0,-0.00868558456175,0.00845461520094,-0.999926537353,0.0,0.661670295153,0.260900600572,0.303189836296,1.0,0.0,0.0,0.0
0.46508750804,0.547815807,-0.123994533147,-1.35584724339,0.0795536505238,1.89410337863,0.159149751786,0.0012034249756,0.00138633154772,-0.000152979056157,-0.00109044618592,-0.000281777270761,-0.000379331884672,-0.0024674657233,0.573805975909,0.818977236688,0.0019325371827,0.0,0.818933382128,-0.573747009013,-0.0119679650116,0.0,-0.00869287085032,0.00845007174433,-0.999926512442,0.0,0.661668216784,0.260902874199,0.303183619648,1.0,-0.0002,-0.000262857142857,0.011
0.465082243779,0.547804274625,-0.123994536074,-1.35584795495,0.0795534044753,1.89410349203,0.159149290909,0.000638807590615,-0.000920364596519,0.000567777815863,-0.00125740314195,-0.000379899991391,0.00282772034925,5.41815649766e-05,0.573809866281,0.818974488402,0.00194206266697,0.0,0.818930760947,-0.573750861474,-0.0119626348825,0.0,-0.00868299982929,0.00845485556214,-0.999926557769,0.0,0.661669771389,0.26089942672,0.303191460046,1.0,-0.00054,-0.000709714285714,0.028
0.46508435678,0.547796377748,-0.123995597118,-1.35586365371,0.0795542687303,1.89410306787,0.159144574706,0.00194266200256,0.00221856253033,0.000512331288586,-0.00272228764641,0.000233627537902,-8.98932390272e-05,-0.00037213783919,0.573806083815,0.818977152868,0.00193601596251,0.0,0.818933326049,-0.573747085054,-0.0119681569137,0.0,-0.00869103088847,0.00845303198769,-0.999926503415,0.0,0.661665939337,0.260898560491,0.303189582538,1.0,-0.00086,-0.00113028571429,0.044
0.465078859107,0.547710220955,-0.12399770605,-1.35595370922,0.0795545098794,1.89412826147,0.159142836353,0.000602706557394,-0.0107748946831,-0.00138513925622,-0.0103289271596,0.000128492484278,0.00590567581053,0.000618822241058,0.573817163479,0.818969332444,0.00196018194153,0.0,0.818925778116,-0.573758019865,-0.0119604129823,0.0,-0.00867070826455,0.00846849681808,-0.999926548992,0.0,0.661653105893,0.260885181513,0.303212785957,1.0,-0.00122,-0.00160342857143,0.062
0.465070131299,0.547581392204,-0.123994911248,-1.35614458198,0.0795550986088,1.89416642508,0.159138238432,-0.00392739882259,-0.00550741759852,-0.00127175776442,-0.0166870890742,-8.54481232242e-05,0.00269630052879,-0.00148667594448,0.573827685548,0.818961993832,0.00194598512115,0.0,0.818918077364,-0.573768428065,-0.0119883452954,0.0,-0.00870162187509,0.00847300996013,-0.999926242219,0.0,0.661623359346,0.260863458341,0.30321365128,1.0,-0.00156,-0.00205028571429,0.079
0.465057381603,0.547444781835,-0.124002629035,-1.35634289556,0.0795504193969,1.8942549087,0.159133771384,-0.000211943180426,-0.00938306081265,-0.00156610477915,-0.0173283487609,-0.000120722449149,0.00542351603393,-0.00558727004536,0.573849824838,0.818946422989,0.00197020506589,0.0,0.818902817837,-0.573790457519,-0.0119763391892,0.0,-0.00867766234519,0.00848619001152,-0.999926338665,0.0,0.661604508255,0.260834064833,0.303223964682,1.0,-0.00186,-0.00244457142857,0.094
0.465036421271,0.54724948758,-0.123997419249,-1.35656875175,0.0795494303006,1.8943726533,0.159134022421,-0.00413182509796,-0.0115167472608,0.000136872180077,-0.0139090098185,-8.99655396668e-05,0.00452538319248,0.000860053296739,0.573876095766,0.818927812295,0.00205228178143,0.0,0.818885190185,-0.573816296219,-0.0119436338541,0.0,-0.00860350685652,0.00853491344587,-0.999926564765,0.0,0.661585694925,0.260806819377,0.303264851238,1.0,-0.00222,-0.00291771428571,0.112
0.465009543918,0.547040491844,-0.123995359924,-1.3568314099,0.0795464748984,1.8945072344,0.15911465582,0.000294222785265,-0.0159344224502,0.00039485494284,-0.0210989065892,-0.000910154458127,0.0105118899257,0.000594781712001,0.573894921345,0.818914426065,0.00212813022272,0.0,0.818872722749,-0.573834738888,-0.011912316535,0.0,-0.00853413711625,0.00857925092788,-0.999926779798,0.0,0.661564524838,0.260770469315,0.303299481763,1.0,-0.00256,-0.00336457142857,0.129
0.464977499838,0.546822637708,-0.123987863339,-1.35716113035,0.0795395369392,1.89462573225,0.159096841294,-0.00134531789153,-0.0155761223852,0.00228716015929,-0.0202196243584,0.000640710171338,0.00585526378237,-0.00310717158446,0.573917922871,0.818898268236,0.00214265942741,0.0,0.818856596208,-0.573857519449,-0.0119234692765,0.0,-0.00853469143713,0.00859778906024,-0.99992661584,0.0,0.661525293928,0.260724253189,0.303306872743,1.0,-0.00288,-0.00378514285714,0.145
0.464937439917,0.546551309927,-0.123998102694,-1.35755219622,0.0795319932096,1.89477676469,0.159007302179,-0.00415073274342,-0.0144101318462,-0.000276238706203,-0.0215774948248,-0.00326087876617,0.00435661209249,-0.00756125768756,0.573904461852,0.818907613527,0.00217625252762,0.0,0.818866293085,-0.573843836838,-0.0119160343341,0.0,-0.00850946597242,0.00862089109088,-0.999926631921,0.0,0.661486065287,0.260658003625,0.303326334408,1.0,-0.00322,-0.004232,0.162
0.46489450414,0.546272031829,-0.123993417355,-1.35801217776,0.0795208738183,1.89493289967,0.158933806124,-0.00200907038494,-0.0136236571216,0.000175499662728,-0.0308289594794,4.77711133423e-06,0.00247173915679,-0.000404181748749,0.573898888393,0.818911547283,0.00216576280378,0.0,0.818869890564,-0.573838104795,-0.0119448195417,0.0,-0.0085391178346,0.00862876273756,-0.999926311245,0.0,0.661429731986,0.26059017423,0.303318551356,1.0,-0.00356,-0.00467885714286,0.179
0.464845395759,0.545944373055,-0.123995662496,-1.35854612246,0.0795072088767,1.89511884468,0.158901924031,-0.00820005948393,-0.0199453245532,-0.000192909382026,-0.0332320424365,8.03986964226e-05,0.012513449938,-0.000518301316908,0.573940755913,0.818882226432,0.00215750712643,0.0,0.818840287467,-0.573879824655,-0.0119698527996,0.0,-0.00856391478107,0.00863680640487,-0.999926029734,0.0,0.661366940819,0.260507719305,0.303312616361,1.0,-0.0039,-0.00512571428571,0.196
0.46478156916,0.545597345819,-0.12399563603,-1.35914055183,0.0794557401558,1.89532063427,0.158796626245,-0.00940894550101,-0.0219060065511,0.00181874605017,-0.0374130957988,-0.00824195909973,0.0162900454228,-0.00960310355099,0.573926278057,0.818892497513,0.00210992247731,0.0,0.818850039875,-0.573865648108,-0.011982362835,0.0,-0.00860162060601,0.00860486867928,-0.99992598144,0.0,0.661299299045,0.260404872398,0.303292813053,1.0,-0.00424,-0.00557257142857,0.213
0.464730072436,0.545278096771,-0.123998415464,-1.35969887017,0.0793552461682,1.8954884548,0.15876751858,-0.00569284416803,-0.0263276953409,-0.000128346815869,-0.0420996949368,-0.00428681439708,0.0136062242786,0.000908013544558,0.573950826197,0.81887554005,0.00201144650576,0.0,0.818832357822,-0.573891160042,-0.011968839138,0.0,-0.00864680472214,0.00851672657021,-0.999926346356,0.0,0.661232556802,0.260302234001,0.303267559468,1.0,-0.00452,-0.00594057142857,0.227
0.464653454889,0.544793989272,-0.124004129368,-1.36049017579,0.079347489082,1.89575694733,0.15863654189,-0.00382369624825,-0.0316702041071,-0.00101396478513,-0.0432374577801,0.000567771946427,0.0224828767449,-0.0119029286604,0.573952304013,0.81887453347,0.00199951322383,0.0,0.81883081303,-0.573892311957,-0.0120191851119,0.0,-0.00869486673754,0.00853586636796,-0.999925766384,0.0,0.66113863649,0.260177654276,0.303257089388,1.0,-0.0049,-0.00644,0.246
0.464586724649,0.544351190482,-0.12400730814,-1.36123426792,0.0793254682083,1.89602893725,0.158559874957,-0.00660270488116,-0.0258770257555,-0.000241622199547,-0.0488039485673,0.0002502379981,0.0197170647199,-0.00772573040123,0.573982088343,0.818853691952,0.00198502904138,0.0,0.81880957476,-0.573921951076,-0.0120507782326,0.0,-0.00872874056162,0.00854245611013,-0.999925414984,0.0,0.661052722145,0.260064074116,0.303240002274,1.0,-0.00524,-0.00688685714286,0.263
0.464516494499,0.543853869475,-0.124006989927,-1.36205376079,0.0792947959011,1.89631226733,0.158455933365,-0.00315931124508,-0.0289597637704,-0.0003433505445,-0.0496109269912,0.000521904874878,0.0174841587882,-0.00877727817721,0.573991695354,0.818847013075,0.0019620764085,0.0,0.81880238096,-0.573931446427,-0.012087292376,0.0,-0.00877171478979,0.00854472279043,-0.999925019555,0.0,0.660953642588,0.259941345522,0.303226416022,1.0,-0.00558,-0.00733371428571,0.28
0.464446080048,0.543346638832,-0.124012645508,-1.36285097947,0.0792551533819,1.89658486307,0.158331667158,-0.00537074454352,-0.0329381088794,-0.000654076641656,-0.0521605056098,-0.00476336387327,0.0119738713987,-0.00737632822425,0.573985259975,0.818851549779,0.00195132185139,0.0,0.8188066856,-0.573924969908,-0.012103199314,0.0,-0.00879098043436,0.00854497789977,-0.999924848184,0.0,0.660859620543,0.259815638841,0.303229630814,1.0,-0.0059,-0.00775428571429,0.296
0.464362953489,0.542723845705,-0.124008429997,-1.36385006863,0.0791925331948,1.89694443907,0.158238426971,-0.00127071284852,-0.0292247110413,0.000927713669476,-0.0554644321206,-0.00367159737338,0.0203619367802,-0.00406339664274,0.574012888751,0.818832218826,0.00193593937429,0.0,0.818787129568,-0.573952639618,-0.0121140756972,0.0,-0.00880842755769,0.00853892222952,-0.999924746374,0.0,0.66074167534,0.259666995536,0.303225635972,1.0,-0.00628,-0.00825371428571,0.315
0.464280109017,0.542158409149,-0.124012228951,-1.36472396609,0.079147773769,1.89726020302,0.158111176859,-0.00575957390786,-0.0361560729384,-0.000440017914697,-0.0583155198762,-0.00170616201034,0.0217770059785,-0.0107062805393,0.574015777329,0.818830170164,0.0019459465822,0.0,0.81878513864,-0.573955412758,-0.0121172525563,0.0,-0.00880525492726,0.00854897088147,-0.999924688455,0.0,0.660642952768,0.259527931869,0.303237066227,1.0,-0.0066,-0.00867428571429,0.331
0.464216659517,0.541596819638,-0.124019494413,-1.36556765716,0.0790999804184,1.89757380694,0.157987635874,-0.00543499312991,-0.0383241310965,-0.00210087112464,-0.058297722841,-0.000507124800972,0.0168969200686,-0.00768102017492,0.574005749469,0.818837134782,0.00197311415005,0.0,0.818792463832,-0.573945272018,-0.0121025948047,0.0,-0.00877776351489,0.00856269485616,-0.999924812736,0.0,0.6605464702,0.259402578569,0.30325999796,1.0,-0.0069,-0.00906857142857,0.346
0.464125544622,0.540895193355,-0.12402050831,-1.36665302958,0.0790363829001,1.89798325829,0.157853537823,-0.00346025692376,-0.0329964141737,-0.00340604886748,-0.0634340627997,0.000348140273985,0.017801536937,-0.0101541041482,0.57401455062,0.818830911614,0.0019951850464,0.0,0.818786520316,-0.573953967033,-0.012092343702,0.0,-0.00875660903658,0.00857497695246,-0.999924892964,0.0,0.660423483448,0.25923967477,0.303274916523,1.0,-0.00726,-0.00954171428571,0.364
0.464038139645,0.540171008564,-0.124021115668,-1.3677620369,0.0789625646102,1.89838677448,0.157712875109,-0.00498703676794,-0.046544705537,-0.000109893437489,-0.071176821504,-0.00385895578714,0.0321489049048,-0.00873882062005,0.574013020787,0.818831954187,0.00200740405965,0.0,0.818787770573,-0.573952431362,-0.0120805709642,0.0,-0.00873997136107,0.00857820808371,-0.999925010812,0.0,0.660293751522,0.259074904757,0.303293868704,1.0,-0.0076,-0.00998857142857,0.381
0.463940851653,0.539478248792,-0.124018318394,-1.36884496594,0.0788995637206,1.89880058289,0.157572059606,-0.00688579937713,-0.0461479650857,0.000329250233166,-0.0689845825237,-0.00695985370121,0.0275504432395,-0.0109092412353,0.574018604471,0.81882798774,0.00202857484216,0.0,0.818784053927,-0.573957896419,-0.0120728237755,0.0,-0.00872141736364,0.00859115559499,-0.999925061654,0.0,0.660172240957,0.258910720382,0.303303718362,1.0,-0.00792,-0.0104091428571,0.397
0.463829779163,0.538672243185,-0.124023704627,-1.37008405378,0.0788352021659,1.89927628377,0.157429242453,-0.00694417468626,-0.0469047655822,-0.000413520862295,-0.0680303525602,-0.0045518908373,0.0242433127158,-0.0107318200519,0.574047775565,0.818807437927,0.00206830001378,0.0,0.818763973421,-0.5739868441,-0.0120584215173,0.0,-0.00868651547278,0.00861572546574,-0.999925154061,0.0,0.660035226231,0.258719629655,0.303324771567,1.0,-0.00828,-0.0108822857143,0.415
0.463711128679,0.537885867066,-0.124029683195,-1.37130995501,0.0787639316244,1.89975572074,0.157269836221,-0.00616658472798,-0.0431491552315,-0.000149722137549,-0.0733390384052,-0.0105285691952,0.0237039606214,-0.0040938571453,0.574067375798,0.818793613338,0.00210088138089,0.0,0.818750607029,-0.574006335707,-0.0120381460027,0.0,-0.00865100439885,0.00863097096405,-0.999925330444,0.0,0.659903701907,0.258523650131,0.303338427701,1.0,-0.00862,-0.0113291428571,0.432
0.463616353346,0.537167385457,-0.124031994515,-1.37243791694,0.0786968190736,1.90016418119,0.157142933087,-0.0067910894408,-0.0411339903427,0.000351160820491,-0.0776569318033,-0.00877272072177,0.0239461785681,0.000187395132367,0.57408684079,0.818779968926,0.00209967120739,0.0,0.818736925123,-0.574025781719,-0.0120414394274,0.0,-0.00865419061404,0.00863207646179,-0.99992529333,0.0,0.659771423748,0.258352165681,0.303344347781,1.0,-0.00892,-0.0117234285714,0.447
0.463491721146,0.536277090536,-0.124041112431,-1.37383730655,0.0786204177551,1.9006966533,0.156965131838,-0.0075913985311,-0.0472245471075,-0.00114193071988,-0.0812916542808,-0.00413301663115,0.0325489973628,-0.00561593701276,0.574106398353,0.818766201964,0.0021205641965,0.0,0.818723409807,-0.574045227289,-0.0120333769588,0.0,-0.00863538885118,0.00864476069393,-0.999925346299,0.0,0.659614983463,0.258133984681,0.303353222636,1.0,-0.00928,-0.0121965714286,0.465
0.463375984362,0.535384950924,-0.124047342003,-1.37523816746,0.0785365894623,1.9012033804,0.156790263822,-0.00571218244529,-0.0500840974525,-0.00191824081589,-0.0850208661887,-0.00422948940491,0.0297284528095,-0.0143382003817,0.574116800431,0.818758915663,0.00211763684482,0.0,0.818716075624,-0.574055630736,-0.0120360805932,0.0,-0.00863917327155,0.00864402583137,-0.999925319963,0.0,0.659450218309,0.257920277135,0.303360176513,1.0,-0.00962,-0.0126434285714,0.482
0.463265895958,0.534610158707,-0.124047797227,-1.37650648278,0.0784728359692,1.90166121729,0.156639589172,-0.00817322988259,-0.0489295384444,-0.000323975807158,-0.0837567105955,-0.00164461531564,0.0314057855057,-0.0156537400379,0.574136396446,0.81874523748,0.00209315090136,0.0,0.818701924312,-0.574075175247,-0.0120664491021,0.0,-0.00867788884137,0.00864162065417,-0.999925005507,0.0,0.659299194858,0.257727778274,0.303342871268,1.0,-0.00992,-0.0130377142857,0.497
0.46312920701,0.533631976856,-0.124046069826,-1.37807993123,0.0783810494146,1.90223104912,0.156441603774,-0.00679986170194,-0.0555238104434,0.000394606846242,-0.0857925854808,-0.00379126698642,0.0280604363265,-0.0108058344701,0.574146519677,0.818738190054,0.00207291843429,0.0,0.818694530265,-0.574085302259,-0.0120863040266,0.0,-0.00870565428806,0.00863656265704,-0.999924807858,0.0,0.659112473873,0.257488551179,0.303333254031,1.0,-0.01028,-0.0135108571429,0.515
0.462991878876,0.532628408317,-0.1240534993,-1.37968998824,0.0783001477715,1.90285216803,0.156245698303,-0.00409711123975,-0.0563433672213,-0.00214522927128,-0.0882594387575,-0.000118202641037,0.0346394246033,-0.0106841191935,0.574170371478,0.81872141936,0.00209019108731,0.0,0.818677887767,-0.574108979731,-0.0120889360483,0.0,-0.00869764086397,0.00865246871284,-0.999924740082,0.0,0.658929355635,0.257244813097,0.303328671722,1.0,-0.01064,-0.013984,0.533
0.462880723746,0.531762412861,-0.12404674001,-1.38108990643,0.0782199065443,1.90335906428,0.156062425907,-0.00389368523546,-0.0574349999622,0.00312474763728,-0.0990415577948,-0.00799270621064,0.0387717362918,-0.00526318172485,0.574161394376,0.818727764929,0.00207051777504,0.0,0.818683859481,-0.574099972978,-0.0121122315626,0.0,-0.00872810411987,0.00864964177858,-0.999924499098,0.0,0.658758377541,0.25704210679,0.303316535709,1.0,-0.01094,-0.0143782857143,0.548
0.46273769012,0.530747854307,-0.124052059079,-1.38272259491,0.0781105682624,1.90392844773,0.155861214606,-0.0111997641251,-0.0629558609012,-0.00115967568882,-0.0959963451404,-0.00834174875921,0.0344815350859,-0.0157295833739,0.574162327785,0.818727268346,0.00200706761465,0.0,0.818682526359,-0.574101177501,-0.0121452018741,0.0,-0.00879151733693,0.00861663446169,-0.999924228546,0.0,0.658545831251,0.256776226224,0.303294935708,1.0,-0.0113,-0.0148514285714,0.566
0.462602035912,0.529721102205,-0.124047137858,-1.38436264409,0.0780144837876,1.90453146938,0.155634202236,-0.00885947536139,-0.0613237059801,0.00223576704495,-0.0926506489523,-0.0115067818681,0.0349264793215,-0.0134824083657,0.574170876887,0.818721251939,0.00201560406143,0.0,0.818676623058,-0.574109689271,-0.0121407761113,0.0,-0.00878290269401,0.00862117397664,-0.999924265122,0.0,0.658356096018,0.256523522926,0.303300752625,1.0,-0.01164,-0.0152982857143,0.583
0.462478854502,0.528703446337,-0.124052469979,-1.3859527037,0.0779079149302,1.90512371586,0.155416102531,-0.00749163353806,-0.0619557692399,0.000333749567057,-0.105412949613,-0.00526586666235,0.0393462906675,-0.0155868130836,0.574149084807,0.818736515805,0.00202311758838,0.0,0.81869207148,-0.574087951714,-0.0121269408346,0.0,-0.00876749065523,0.00861914825625,-0.999924417839,0.0,0.658166066443,0.256287056801,0.303309059672,1.0,-0.01196,-0.0157188571429,0.599
0.462320701289,0.527515623246,-0.124049973003,-1.38777961195,0.0777998557668,1.9058316973,0.155161014346,-0.00972639764795,-0.0723885549537,0.000883083215111,-0.100621872046,-0.00475351510901,0.0358585159429,-0.0199528280925,0.574134411403,0.818746651674,0.00208444645468,0.0,0.818702978972,-0.574072983386,-0.0120991268206,0.0,-0.00870966286559,0.00865323417917,-0.999924628815,0.0,0.657967114031,0.256033016874,0.303338003034,1.0,-0.0123,-0.0161657142857,0.616
0.462164010135,0.526294457526,-0.124050383647,-1.38968408987,0.0776835666813,1.90655078318,0.154910194911,-0.0095174666579,-0.0670823791764,0.00165048501047,-0.107763869185,-0.00839327787713,0.0363157037378,-0.00806357213386,0.574129262778,0.818750188072,0.00211330421327,0.0,0.81870689946,-0.574067718126,-0.012083653517,0.0,-0.00868048098837,0.0086679227098,-0.999924755352,0.0,0.657742780163,0.255749639011,0.303353224778,1.0,-0.01266,-0.0166388571429,0.634
0.46201559767,0.525177214548,-0.124059161966,-1.39141438107,0.0775707427342,1.90716921764,0.154674110504,-0.0082080893958,-0.067281030742,5.92374600569e-05,-0.110044094919,-0.00519122527727,0.0392302333094,-0.0173467852776,0.574126313018,0.818752259011,0.00211233653087,0.0,0.818709016514,-0.574064831565,-0.0120773482158,0.0,-0.00867590505777,0.00866347916471,-0.999924833575,0.0,0.657535504249,0.255479948883,0.303369447864,1.0,-0.01298,-0.0170594285714,0.65
0.461852091658,0.524006160151,-0.124066971731,-1.3933092981,0.0774577715614,1.90784577563,0.154414242918,-0.0101819525882,-0.0688297674908,-0.00038994601055,-0.111784580265,-0.00658377907977,0.0369524897985,-0.0160464567927,0.574124282417,0.818753788713,0.00207091971281,0.0,0.818709947977,-0.57406292295,-0.0121048948406,0.0,-0.0087222582197,0.00864536308447,-0.999924587111,0.0,0.657305628157,0.255186008637,0.30334993578,1.0,-0.01332,-0.0175062857143,0.667
0.461705708629,0.522854447496,-0.124068448429,-1.39511448752,0.0773458273692,1.90854537863,0.154178506389,-0.0095859497104,-0.0734499694242,-0.0024791034502,-0.113314619743,-0.00346782664741,0.0458833340297,-0.0102754424635,0.574119015138,0.818757391161,0.00210660350831,0.0,0.818714067889,-0.574057553321,-0.0120808698536,0.0,-0.00868215698693,0.00866072977597,-0.999924803128,0.0,0.657094511929,0.254919141545,0.303360990801,1.0,-0.01364,-0.0179268571429,0.683
0.461543874082,0.521699385514,-0.124074424749,-1.39695816976,0.0772381898745,1.90926235321,0.153921953197,-0.0108790379049,-0.0717799638171,-0.00105395192981,-0.118658582142,-0.00875877935387,0.049010997315,-0.0109290620894,0.574115636167,0.81875970193,0.0021292497105,0.0,0.818716684497,-0.57405408795,-0.0120682035105,0.0,-0.00865882091765,0.00867196356144,-0.999924908115,0.0,0.656882031891,0.254636872012,0.303357463493,1.0,-0.01396,-0.0183474285714,0.699
0.461369573869,0.520347384015,-0.124074943081,-1.39910728595,0.0770987299464,1.91005672749,0.153645796704,-0.0120750766404,-0.0772148505919,0.00197205896757,-0.116350041994,-0.00609309027025,0.0405760731524,-0.0159791163865,0.574109644659,0.818763925259,0.00212073227608,0.0,0.818720839363,-0.574048176353,-0.0120675316491,0.0,-0.00866322387951,0.00866454083539,-0.999924934325,0.0,0.656621124234,0.254316130012,0.303353064156,1.0,-0.01432,-0.0188205714286,0.717
0.461199906513,0.519025108094,-0.12408336887,-1.40117569339,0.0769682324019,1.91079378519,0.153352331389,-0.00627270057522,-0.0751875771896,-2.90010260803e-05,-0.127836725501,-0.00775678523993,0.0388171938602,-0.022600236605,0.574088890723,0.818778506559,0.00210941878685,0.0,0.818735277863,-0.574027478367,-0.0120725210058,0.0,-0.00867402337434,0.00865792246087,-0.999924898028,0.0,0.65636640661,0.254000643131,0.303361067826,1.0,-0.01466,-0.0192674285714,0.734
0.461060678715,0.517989802122,-0.124090131622,-1.40278350603,0.0768636849781,1.91137436846,0.153148523064,-0.014482125125,-0.0788143687054,0.000179395923605,-0.130837202587,-0.00220127091919,0.0408813815201,-0.0176468676938,0.57409778492,0.818772265326,0.00211134664655,0.0,0.818729110537,-0.574036411839,-0.0120659994703,0.0,-0.00866748274252,0.00865585118269,-0.999924972677,0.0,0.656171706135,0.253750615573,0.303372918731,1.0,-0.01492,-0.0196091428571,0.747
0.460839835107,0.51641384181,-0.124093594261,-1.40530200879,0.0767008592214,1.91230467598,0.152788463041,-0.0129455438026,-0.0780654555204,-0.000194413573829,-0.131409659843,-0.00187881108307,0.058214840087,-0.0126936974447,0.574075600843,0.818787864788,0.00209377493766,0.0,0.818744528454,-0.574014353535,-0.0120692155785,0.0,-0.0086804375112,0.00864307536494,-0.999924970812,0.0,0.655867805658,0.253362331687,0.303360542734,1.0,-0.01532,-0.0201348571429,0.767
0.460659080331,0.515027232643,-0.124100015644,-1.40749187445,0.0765725788621,1.91312693159,0.152507021706,-0.00856366363583,-0.0799143829048,-0.000483560242008,-0.127777980255,-0.00862256967608,0.0484010750222,-0.0168277153161,0.574078811724,0.818785572403,0.00210979989132,0.0,0.818742409799,-0.574017460034,-0.0120651926261,0.0,-0.00866791055985,0.00865392070801,-0.999924985678,0.0,0.655602964361,0.253033413913,0.303362022729,1.0,-0.01566,-0.0205817142857,0.784
0.460475924574,0.513679670739,-0.12409816304,-1.40963237864,0.0764479646274,1.91386694425,0.152197391773,-0.0182413402767,-0.0889587075101,0.000388467000402,-0.131012385375,-0.00977836171431,0.0549753279536,-0.015913800835,0.574052646505,0.818804018497,0.00207008086472,0.0,0.818760148175,-0.57399128138,-0.0121068394398,0.0,-0.00872508840146,0.00864502938034,-0.999924565305,0.0,0.655330092816,0.25270824096,0.303351809739,1.0,-0.01598,-0.0210022857143,0.8
0.460286137206,0.512272143523,-0.124106064892,-1.41191721904,0.0762975772905,1.91467193761,0.151875774814,-0.0128574260256,-0.0900355919808,-0.00294600165372,-0.14047779791,-0.00797118430509,0.0554472375038,-0.0263574653681,0.574029278348,0.818820573444,0.00200075115787,0.0,0.818775813781,-0.573968236563,-0.0121398964516,0.0,-0.00879219863724,0.00860698836798,-0.999924305632,0.0,0.655041870655,0.252357018033,0.30332044965,1.0,-0.01632,-0.0214491428571,0.817
0.460081579324,0.510727201218,-0.124106472087,-1.41435698778,0.0761511275298,1.91560162833,0.15153446644,-0.00867685245551,-0.0875333532899,-0.000351585681969,-0.136921964238,-0.00925902230479,0.0513375266383,-0.0213447620693,0.57400585663,0.818836921022,0.00202983387858,0.0,0.818792514768,-0.573944663444,-0.0121279827778,0.0,-0.00876599652632,0.00862371196277,-0.99992439159,0.0,0.654746152634,0.251992978275,0.303321654469,1.0,-0.01668,-0.0219222857143,0.835
0.459887164337,0.50932103844,-0.124109984098,-1.41657302942,0.076017812923,1.91643163323,0.151230783339,-0.00691292790166,-0.0936724367638,-0.000967439459597,-0.138541491916,-0.00340302973531,0.0514484611821,-0.0191669629722,0.573998499236,0.81884203768,0.00204624130183,0.0,0.818797816962,-0.573937206575,-0.0121229018289,0.0,-0.0087524961321,0.00863415160128,-0.999924419763,0.0,0.654476746108,0.25165394446,0.303323145875,1.0,-0.017,-0.0223428571429,0.851
0.459673390237,0.507805685461,-0.124116376696,-1.41896540254,0.0758576910928,1.91727403026,0.1508857838,-0.0114383016546,-0.0887373716859,0.00129682228466,-0.137997988968,-0.015791231905,0.0452956395789,-0.0269138679385,0.573976204485,0.818857757595,0.00200908230409,0.0,0.818813089066,-0.573915115263,-0.0121372380933,0.0,-0.00878579802017,0.0086117145435,-0.999924321199,0.0,0.654176569163,0.25127776863,0.303317763581,1.0,-0.01734,-0.0227897142857,0.868
0.459440870435,0.506160256491,-0.124125282816,-1.42153738658,0.0756999904409,1.91822834799,0.150535810302,-0.0127797517978,-0.0931120697933,0.000482613273022,-0.147587577131,-0.0122426328684,0.0494649297797,-0.0228858201515,0.573976968015,0.818857170808,0.00203000138907,0.0,0.818812778423,-0.573915789274,-0.0121263190742,0.0,-0.00876484223032,0.00862258494444,-0.999924411428,0.0,0.65386327891,0.250876245319,0.303327085235,1.0,-0.0177,-0.0232628571429,0.886
0.459238775531,0.504624285605,-0.124134181068,-1.42385953933,0.0755568063647,1.9191372786,0.150214786091,-0.0180458482477,-0.0985811425697,-0.00119217619037,-0.141092865818,-0.00715346206617,0.0591150175355,-0.0209935962092,0.573967324153,0.818863674853,0.00213065988743,0.0,0.818820699881,-0.573905812958,-0.0120634240628,0.0,-0.00865566831301,0.0086688065511,-0.999924962784,0.0,0.653588510882,0.250522102855,0.303374209508,1.0,-0.01802,-0.0236834285714,0.902
0.458998781982,0.502849567547,-0.124137456618,-1.42647774236,0.0753919921215,1.92012234732,0.149855598896,-0.0134402412873,-0.107913528091,0.00131565750811,-0.148472636026,-0.017713670437,0.0533134251961,-0.0131782966022,0.573962008797,0.818867082564,0.00224954485489,0.0,0.818825721122,-0.573900063045,-0.0119959562501,0.0,-0.00853224403514,0.00872737636377,-0.999925514083,0.0,0.653272462796,0.250116318306,0.303452917142,1.0,-0.01838,-0.0241565714286,0.92
0.458775701244,0.501247023504,-0.12414461842,-1.42888460978,0.0752305041842,1.92097863389,0.149520432799,-0.0166707581069,-0.100217332511,0.00073805565957,-0.149272285197,-0.0123034231007,0.049401679911,-0.0244992310503,0.57395446186,0.818872267326,0.00228744776274,0.0,0.818831475223,-0.573892439074,-0.0119678928829,0.0,-0.00848759001671,0.00874222806023,-0.999925764377,0.0,0.652972315422,0.249734126079,0.303500326534,1.0,-0.0187,-0.0245771428571,0.936
0.458566997857,0.499737112808,-0.124144765757,-1.43117374458,0.07508748313,1.92178902539,0.149193850898,-0.0116968903385,-0.100736016765,-0.00183153534272,-0.151219747037,-0.0154463084283,0.0594103049032,-0.0252270875961,0.573935887882,0.818885207328,0.00231532317922,0.0,0.81884471315,-0.573873686884,-0.0119613606527,0.0,-0.00846644125404,0.0087611129696,-0.999925778382,0.0,0.652681799058,0.249378112756,0.303534417622,1.0,-0.019,-0.0249714285714,0.951
0.458302416555,0.497956583654,-0.124147614421,-1.43396673969,0.0749139857809,1.92283916334,0.148793162283,-0.0124322618548,-0.105438506391,0.00018498698351,-0.152811620085,-0.0111448635765,0.0622345303516,-0.018358242333,0.573921773159,0.818895016491,0.00234460259917,0.0,0.818854904476,-0.573859456613,-0.0119463957906,0.0,-0.00843753405313,0.00877635496444,-0.99992588906,0.0,0.652339782028,0.248939220634,0.303537806752,1.0,-0.01936,-0.0254445714286,0.969
0.458036165722,0.496290470434,-0.124147933042,-1.4366447962,0.0747516323124,1.92378548351,0.148384999765,-0.0158482479844,-0.102084009316,-0.00092623555421,-0.154548991397,-0.00459643494744,0.0552147730378,-0.0231558408988,0.573897453293,0.818912212147,0.00229102624948,0.0,0.818871241862,-0.573835191656,-0.0119920377754,0.0,-0.00850591846114,0.00875842407596,-0.999925466902,0.0,0.651999700108,0.248507848236,0.303506460823,1.0,-0.0197,-0.0258914285714,0.986
0.457783875654,0.494709605329,-0.124140137783,-1.43922554559,0.0745941519867,1.92466949309,0.148031311813,-0.0182884645586,-0.102470983552,0.00232749434983,-0.160119413942,-0.00483938217457,0.0523850861477,-0.0119708269901,0.573896196917,0.818913352398,0.00219620798326,0.0,0.818870907421,-0.573834088255,-0.0120674370655,0.0,-0.00862209233848,0.00872403502727,-0.999924772539,0.0,0.651661699576,0.248097506082,0.303455827085,1.0,-0.0206405714286,-0.0271276081633,1.002
0.457482617324,0.492580373717,-0.124213744895,-1.44246515494,0.0744006004457,1.92586740908,0.147571012892,-0.0147248076856,-0.160475994289,-0.0071163549166,-0.217754824833,-0.0103498033758,0.085034408543,-0.0245916153648,0.573929557017,0.818889802759,0.00225863250086,0.0,0.818848409252,-0.573867423808,-0.0120087242598,0.0,-0.00853783060557,0.00874180773207,-0.999925340336,0.0,0.651271928417,0.247552107731,0.303502152015,1.0,-0.0318702857143,-0.0418866612245,1.019
0.45710184229,0.489590494794,-0.124241707521,-1.44718718966,0.0741561122779,1.92767460902,0.146862622456,-0.0270771812272,-0.204538281908,0.00615467852349,-0.309480843856,-0.0174312901216,0.113206600793,-0.0423980905016,0.573852877153,0.818943314638,0.00233873774354,0.0,0.818902664388,-0.573790113612,-0.0120032778879,0.0,-0.00848822300906,0.00880348361507,-0.999925221577,0.0,0.650675575119,0.246850391993,0.303491944364,1.0,-0.0431,-0.0566457142857,1.036
0.456553125252,0.485879180832,-0.124293544133,-1.45305788585,0.0738259857368,1.92987865663,0.145995440299,-0.0384099446492,-0.250381101809,-0.00483471288532,-0.388287032348,-0.0266047357136,0.146063992721,-0.0567271465361,0.573832696759,0.818957334006,0.00238077925284,0.0,0.818917088737,-0.573769615129,-0.0119990595606,0.0,-0.00846086193053,0.00883528362748,-0.99992517299,0.0,0.649943866876,0.245912422554,0.303469090127,1.0,-0.0536691428571,-0.0705365877551,1.052
0.455762558768,0.480709345753,-0.124444127588,-1.4612759389,0.073324201873,1.93276891777,0.144728439238,-0.044457193268,-0.314635691957,-0.00836944859079,-0.493766096585,-0.0224611923383,0.178941876063,-0.0754011307858,0.57381917037,0.818967254666,0.00222315110874,0.0,0.818925081972,-0.573756877059,-0.0120624643446,0.0,-0.00860338071316,0.00874243580578,-0.999924772999,0.0,0.648894665455,0.24452073288,0.303399579378,1.0,-0.0655594285714,-0.0861638204082,1.07
0.454831764768,0.474762645306,-0.124587472105,-1.47054485439,0.072764347309,1.93602895084,0.143387936415,-0.0621724985155,-0.370996908311,-0.0102713361479,-0.577478486349,-0.0297582135267,0.206555602619,-0.0778164159923,0.573885501445,0.818920951791,0.00215704663818,0.0,0.818877905796,-0.573823470946,-0.0120973754222,0.0,-0.00866919711489,0.00870903387,-0.999924496025,0.0,0.647703393874,0.242945401802,0.303392705462,1.0,-0.0767891428571,-0.100922873469,1.087
0.453803543524,0.46838284154,-0.124693229488,-1.48035162405,0.0722012168821,1.93962874613,0.141887830339,-0.0693139724372,-0.423279684879,-0.00626529956401,-0.629392428431,-0.0383369756304,0.23676453238,-0.0940011990479,0.573894188576,0.818914435639,0.00231394083008,0.0,0.818873211912,-0.573831263417,-0.0120453659203,0.0,-0.00853647679832,0.00880775923729,-0.999924773141,0.0,0.646457824517,0.241295143044,0.303448622599,1.0,-0.0873582857143,-0.114813746939,1.103
0.452519295624,0.460745991698,-0.124753160088,-1.49213740993,0.0714602077945,1.94386593677,0.140012199631,-0.0814044507632,-0.464955698813,-0.00191156181362,-0.712521103666,-0.0470545625474,0.256268302001,-0.101417021405,0.573807005642,0.818975317766,0.00238664371991,0.0,0.818934829581,-0.573743569843,-0.0120336139018,0.0,-0.00848607466453,0.00885964820375,-0.999924743753,0.0,0.644919812687,0.239307059715,0.303472456673,1.0,-0.098588,-0.1295728,1.12
0.451013471438,0.452193306166,-0.124895774071,-1.50534660234,0.0705905129444,1.94837555743,0.137963442945,-0.0928590477869,-0.531907933134,-0.0117708520904,-0.779152318826,-0.0581137790218,0.281351907814,-0.127292739287,0.573837404709,0.818954444004,0.00223573357474,0.0,0.818911925653,-0.573774537161,-0.0121155037154,0.0,-0.00863940494732,0.00878336720277,-0.999924103691,0.0,0.643152819909,0.236974723507,0.303459749652,1.0,-0.109817714286,-0.144331853061,1.137
0.449457457964,0.443287925058,-0.125013488203,-1.51874201409,0.0696701856757,1.95323781949,0.13588373981,-0.100881996219,-0.565716025993,-0.00576862969854,-0.882712525273,-0.0610321294472,0.306692490104,-0.137154621548,0.573847178259,0.8189468202,0.00250371514223,0.0,0.818908496382,-0.573783943397,-0.0118999056282,0.0,-0.00830895830061,0.00887921182111,-0.999926057671,0.0,0.64139608589,0.234627787297,0.303611125597,1.0,-0.120386857143,-0.158222726531,1.153
0.447602909518,0.43304610408,-0.125108799062,-1.53420949615,0.0686615045753,1.95860955798,0.133376277908,-0.115360568259,-0.629503272342,-0.00379256364768,-0.918889138438,-0.0542117459171,0.340460926017,-0.150132110959,0.573787647461,0.818988142931,0.00262759582533,0.0,0.818951082916,-0.573723567249,-0.0118801967432,0.0,-0.00822238492454,0.00896875526359,-0.999925974168,0.0,0.639279818105,0.231904612643,0.303712175931,1.0,-0.131616571429,-0.172981779592,1.17
0.44540598036,0.421409804861,-0.125246010034,-1.55181167403,0.0674018601658,1.96476414101,0.130442802746,-0.128900434716,-0.666640358346,-0.0130399548556,-1.01292231005,-0.0767409498402,0.348590583611,-0.167568590972,0.573689851392,0.819056339292,0.00272293524251,0.0,0.819021112598,-0.573626084342,-0.0117592254375,0.0,-0.00806967682496,0.0089764625703,-0.999927149064,0.0,0.636858750891,0.228729299138,0.303787699873,1.0,-0.143506857143,-0.188609012245,1.188
0.443355210324,0.41101484437,-0.125363132884,-1.56728696865,0.0662890519616,1.97025180606,0.127886723712,-0.133745379661,-0.713961593134,-0.0120545405273,-1.06054528754,-0.0731321156917,0.377874648678,-0.174922500804,0.573696421852,0.819050722208,0.00301279038956,0.0,0.819019910862,-0.573632422873,-0.0115315194617,0.0,-0.00771681366508,0.00908330165171,-0.999928969686,0.0,0.634730510002,0.225880160444,0.303943814827,1.0,-0.153415428571,-0.201631706122,1.203
0.440611269229,0.397847689087,-0.125499611376,-1.58706423804,0.0649716779393,1.97694218505,0.124540436922,-0.157692311372,-0.778741420078,-0.0101510989786,-1.11836030221,-0.0781539527279,0.390887090279,-0.200261967707,0.573736189353,0.819022563087,0.00309403990089,0.0,0.818992055835,-0.573671039807,-0.0115886784487,0.0,-0.0077165766067,0.00918301511354,-0.999928060752,0.0,0.631899046523,0.222178880309,0.30399799066,1.0,-0.165305714286,-0.217258938775,1.221
0.437766270621,0.384767853133,-0.125623576578,-1.60685916285,0.0634893423066,1.98355223447,0.12111547776,-0.174501905072,-0.80725817173,-0.00849441388576,-1.19052962723,-0.0902003865808,0.383391325811,-0.214170591029,0.573701039496,0.819047748162,0.00294115833725,0.0,0.81901538055,-0.573636540816,-0.011647848079,0.0,-0.00785313904276,0.00909141150352,-0.999927834618,0.0,0.629000395283,0.218407535488,0.303935546489,1.0,-0.176535428571,-0.232017991837,1.238
0.435032945812,0.372534660749,-0.125756633055,-1.62500211194,0.0621307326656,1.9896341654,0.117828469135,-0.189056468161,-0.82948751591,-0.0126119033358,-1.23344809809,-0.0901025891436,0.401216367773,-0.218211751463,0.573637598207,0.819091831435,0.0030371864031,0.0,0.81906092481,-0.573573044378,-0.0115719969935,0.0,-0.00773662891326,0.00912594896875,-0.999928428253,0.0,0.626323120957,0.214883308799,0.304004898757,1.0,-0.186444,-0.245040685714,1.253
0.431396652578,0.357239075775,-0.125956441528,-1.64767598843,0.0603579484056,1.9970941221,0.113779483594,-0.205154444163,-0.859376158533,-0.010909064527,-1.28855663188,-0.102016271974,0.40829341391,-0.235345145161,0.573749419542,0.819013592824,0.00301417431038,0.0,0.818982927666,-0.573685560403,-0.0115147243938,0.0,-0.0077016757989,0.00907529846598,-0.999929159065,0.0,0.622920503949,0.210329027773,0.304031762961,1.0,-0.198334285714,-0.260667918367,1.271
0.427576131132,0.342088705502,-0.126159824923,-1.66994878114,0.0586926525129,2.00429700275,0.109562256388,-0.225154256639,-0.916933233047,-0.00999487050457,-1.32513150382,-0.100006516097,0.428575539428,-0.245687187295,0.573856859699,0.818938154345,0.003057913656,0.0,0.818907663945,-0.573792385731,-0.0115448217962,0.0,-0.00770003573153,0.00912939987957,-0.99992867921,0.0,0.61951220287,0.205734551546,0.30407102451,1.0,-0.209564,-0.275426971429,1.288
0.423797892404,0.327363023713,-0.126291648645,-1.69155285217,0.0570205372353,2.01126015498,0.105370772244,-0.235775298461,-0.95750402628,-0.0094165326458,-1.35100395071,-0.12101561801,0.452408526666,-0.268490042953,0.573829154639,0.818957411032,0.00309953271984,0.0,0.818927107853,-0.573764133533,-0.011569701654,0.0,-0.00769684039562,0.00917750018079,-0.999928263496,0.0,0.616117318253,0.201296140821,0.304068576972,1.0,-0.220133142857,-0.289317844898,1.304
0.419538051217,0.311123071823,-0.126419968073,-1.71517080206,0.0550486221701,2.01868494788,0.100658773051,-0.255733489101,-0.96071765383,-0.00378325695998,-1.37853708041,-0.107724163675,0.438305300232,-0.283256206152,0.573689277554,0.819055565075,0.00305631158725,0.0,0.819024891768,-0.573624638487,-0.01156493348,0.0,-0.00771929611756,0.00913804953584,-0.999928451699,0.0,0.612300381433,0.196384005857,0.304075363513,1.0,-0.231362857143,-0.304076897959,1.321
0.41487024985,0.294243591972,-0.126563311099,-1.73956394145,0.0529734421549,2.02619826768,0.0956438182291,-0.27860335824,-0.985601187013,-0.00569590648237,-1.41597815285,-0.114855827118,0.42199370712,-0.292998900722,0.573586221358,0.819128037553,0.00297517473222,0.0,0.819096378116,-0.573521935146,-0.0115956959622,0.0,-0.00779218173137,0.00908826125556,-0.999928340138,0.0,0.608275020281,0.19117531724,0.304064178172,1.0,-0.242592571429,-0.31883595102,1.338
0.410110820139,0.277787150468,-0.126744650706,-1.76306647761,0.0510297780059,2.0334124916,0.0906558498107,-0.303415903795,-1.02492853705,-0.0101517519052,-1.50189052073,-0.125149601221,0.441827984859,-0.320516290706,0.573579254098,0.819132513139,0.00308416741852,0.0,0.819101894244,-0.573514176466,-0.0115897860005,0.0,-0.00772490552462,0.00917408481358,-0.999928078415,0.0,0.604344953719,0.186031380812,0.304102440967,1.0,-0.253161714286,-0.33272682449,1.354
0.404604711238,0.259793508508,-0.126982281876,-1.78855683886,0.0487653119201,2.04102047962,0.0850804286389,-0.337526399008,-1.04189588611,-0.0160180668046,-1.5290578169,-0.141475601832,0.437033081599,-0.327803709758,0.57364736426,0.819084869432,0.00307002364538,0.0,0.819054277408,-0.573582572582,-0.0115702200332,0.0,-0.00771622866615,0.00915191842726,-0.999928348535,0.0,0.599741900677,0.179905492911,0.304127705466,1.0,-0.265052,-0.348354057143,1.372
0.399024737283,0.242355716558,-0.1271947719,-1.81304857622,0.0465577121277,2.04814169492,0.0795590928414,-0.354414192882,-1.09572632166,-0.0208892454827,-1.57599934049,-0.154116326824,0.445776875392,-0.361782519979,0.573715572997,0.81903709898,0.00306898930038,0.0,0.819006534745,-0.573650824544,-0.0115660903673,0.0,-0.00771267735123,0.00914934460772,-0.999928399487,0.0,0.595717125304,0.174581633456,0.304157172758,1.0,-0.274960571429,-0.36137675102,1.387
0.392429938703,0.222208030559,-0.127376728145,-1.84105887771,0.0440488243119,2.05615291869,0.0728979492076,-0.375039278483,-1.11918243228,-0.0111541410342,-1.5654846727,-0.165684870117,0.439648979346,-0.384567577673,0.573587234893,0.819126614425,0.00316550313592,0.0,0.819096600465,-0.573521356581,-0.0116085982571,0.0,-0.00769357626094,0.00925157475413,-0.999927606004,0.0,0.590679859007,0.168090865932,0.304193905317,1.0,-0.286850857143,-0.377003983673,1.405
