position_joint1,position_joint2,position_joint3,position_joint4,position_joint5,position_joint6,position_joint7,velocity_joint1,velocity_joint2,velocity_joint3,velocity_joint4,velocity_joint5,velocity_joint6,velocity_joint7,ee_T_00,ee_T_10,ee_T_20,ee_T_30,ee_T_01,ee_T_11,ee_T_21,ee_T_31,ee_T_02,ee_T_12,ee_T_22,ee_T_32,ee_T_03,ee_T_13,ee_T_23,ee_T_33,v_x,v_y,time
0.465057386369,0.547867964695,-0.123901558413,-1.35585117896,0.0795132024288,1.89409397359,0.15916543372,0.000135395473101,-0.0014782290242,-0.000574358293613,-0.000887865778513,-0.000324257662303,0.000380886090863,-0.00162164472925,0.57376804462,0.819003942344,0.00187624612077,0.0,0.818959225617,-0.573709199352,-0.0120120047066,0.0,-0.0087616282389,0.0084288358038,-0.999926091568,0.0,0.661652819267,0.260928387122,0.303140829002,1.0,0.0,0.0,0.0
0.465057359551,0.547872950323,-0.123901872148,-1.35585125455,0.0795132157884,1.89409396126,0.159171248602,-0.00191476604733,-0.000802033805315,-0.000232008336902,-0.000237566469722,-5.14937424145e-06,0.00020635869791,0.000845574305158,0.573777724788,0.818997170781,0.00187181494156,0.0,0.818952428266,-0.573718928262,-0.0120107656677,0.0,-0.00876305615455,0.00842459938906,-0.999926114756,0.0,0.661653368216,0.260926702024,0.303138834068,1.0,-0.00018,-0.000236571428571,0.01
0.465057041987,0.547871972756,-0.123901827329,-1.35584898769,0.0795096560852,1.89409551118,0.159169464321,-0.000298452466819,0.000586490256152,-0.000121796112002,0.00208689901467,-0.000171514013193,-0.000177785932761,-0.00139848561486,0.573770773769,0.819002036219,0.00187369627597,0.0,0.818957325155,-0.573711976618,-0.0120089284127,0.0,-0.00876054349638,0.00842501164542,-0.9999261333,0.0,0.661653872698,0.260927740532,0.303139168359,1.0,-0.00046,-0.000604571428571,0.024
0.465055886111,0.547851764152,-0.123902237205,-1.35586607771,0.0795109785133,1.89409708248,0.159173148072,0.000635973639844,-0.00294774666003,0.000396030447197,-0.00313321531539,0.000237653928743,0.000481549683091,0.000942458071671,0.573776282345,0.818998164263,0.00187926948179,0.0,0.81895350092,-0.573717436422,-0.0120088874506,0.0,-0.00875725571173,0.00842961141391,-0.999926123333,0.0,0.661651125647,0.260925297941,0.303145503218,1.0,-0.00078,-0.00102514285714,0.04
0.465053484524,0.547804178643,-0.123902246135,-1.35591864932,0.0795115883773,1.89410668974,0.159167654902,0.000135715234801,-0.00578430444583,0.00060616719067,-0.00500660411771,-0.000196556848413,0.000799720860344,-0.00127960729351,0.573776770439,0.81899780672,0.00188605243733,0.0,0.818953184143,-0.573717849235,-0.0120107682076,0.0,-0.00875489943014,0.00843625086565,-0.999926087972,0.0,0.661642843948,0.260918841696,0.303155028499,1.0,-0.00112,-0.001472,0.057
0.465045427953,0.547678280595,-0.123904377002,-1.35609491861,0.0795079154744,1.89413416561,0.159170694631,-0.00220033809231,-0.00557155942735,-0.00052671347086,-0.0116921356885,0.00012557364215,-0.000321653880952,0.00132125409233,0.573795957626,0.818984397747,0.00187140612673,0.0,0.818939479928,-0.57373699725,-0.0120305071857,0.0,-0.00877927177845,0.00843578716652,-0.999925878194,0.0,0.661614033951,0.260894275735,0.303162771582,1.0,-0.00146,-0.00191885714286,0.074
0.465037208386,0.547536370315,-0.123900453729,-1.35629392411,0.0795047406449,1.89418579825,0.159165253143,-0.00310532220512,-0.00831701454483,6.82175576935e-05,-0.0117917267713,0.000462454111706,0.00385305224725,0.00165443795987,0.57380561495,0.818977626591,0.00187357864473,0.0,0.818932605305,-0.57374651725,-0.0120444515849,0.0,-0.00878934637255,0.00844567119453,-0.999925706254,0.0,0.661583872461,0.260872342353,0.303172930768,1.0,-0.0018,-0.00236571428571,0.091
0.465014439606,0.547352842777,-0.123902135504,-1.35650813799,0.0795018831316,1.8943229799,0.159146867028,-0.00143030603246,-0.0110065241838,0.000824947587856,-0.0102680727363,-0.000230770606511,0.00110116750546,-0.00365459700768,0.573821948776,0.818965960544,0.00196811427174,0.0,0.818922175836,-0.573762444921,-0.0119947331381,0.0,-0.00869421548006,0.00849473711607,-0.9999261223,0.0,0.661573460732,0.260842165789,0.303212939354,1.0,-0.00214,-0.00281257142857,0.108
0.464988606421,0.547153388101,-0.123900700573,-1.35673909142,0.0794984179537,1.89444468587,0.159136479583,-0.0020358904524,-0.0141800313691,-0.000748617403106,-0.0207268259136,-0.000548709093632,0.00883272338898,-0.00082450517467,0.573845768611,0.818949067667,0.00205068675347,0.0,0.818906315158,-0.573785870767,-0.0119569395413,0.0,-0.00861563528268,0.0085409239334,-0.999926409016,0.0,0.661556649064,0.260808833987,0.303254807497,1.0,-0.00246,-0.00323314285714,0.124
0.464955567426,0.54693756579,-0.123902699531,-1.35706476844,0.0794919664174,1.89457133826,0.159108935499,-0.0030073583099,-0.0102001113952,0.000822965118133,-0.0213253049279,-0.00104959876598,0.00522050878147,-0.00170526503765,0.573868214044,0.818933287349,0.00207139620995,0.0,0.818890704488,-0.573808127722,-0.0119579916714,0.0,-0.00860437910952,0.00855872320761,-0.999926353747,0.0,0.661522337661,0.260757556191,0.30326371366,1.0,-0.0028,-0.00368,0.141
0.464917934757,0.546656643791,-0.123907489268,-1.35748128608,0.0794846857986,1.89471808041,0.158982667318,-0.000992063442825,-0.0152756958943,-0.00633657657283,-0.02395991618,0.000294631371262,0.00704221179086,-0.0084160749741,0.573820277209,0.818966827405,0.00209092687373,0.0,0.81892434396,-0.573759961208,-0.0119654788617,0.0,-0.00859980571266,0.00857851047857,-0.999926223528,0.0,0.66147477093,0.260692926186,0.303277311118,1.0,-0.00316,-0.00415314285714,0.159
0.46487500811,0.546366276207,-0.123900870099,-1.35793252393,0.0794737829607,1.89488034091,0.15895413315,-0.000751284263094,-0.00987840012592,0.000901202442648,-0.0245001555761,0.000813165319201,0.00702564708926,-0.00184311543758,0.573849748935,0.818946147452,0.00210240849368,0.0,0.818903626009,-0.573789194091,-0.0119816090431,0.0,-0.00860611898533,0.00859747880815,-0.9999260063,0.0,0.661421509249,0.260627868047,0.303282018932,1.0,-0.0035,-0.0046,0.176
0.464824136487,0.546046302343,-0.123903918028,-1.35844594019,0.0794514121951,1.89506503725,0.158908489716,-0.00636962992537,-0.0224302435437,-0.000586230227479,-0.0263637993446,0.000375642806881,0.0133854385882,-0.0109148564528,0.57387890861,0.818925724199,0.00209842780187,0.0,0.818883078289,-0.573818294269,-0.0119923373748,0.0,-0.0086168832093,0.00860068209209,-0.999925886049,0.0,0.661364120119,0.260544632843,0.30328032349,1.0,-0.00384,-0.00504685714286,0.193
0.464772581104,0.545706156338,-0.123906019674,-1.35904041617,0.0794107530116,1.89526538096,0.158815240839,-0.00645432394791,-0.0205950006811,-0.000652690837513,-0.0369775622572,-0.00135294248886,0.0107513713575,-0.00682071202962,0.573868592123,0.818933079092,0.00204886450039,0.0,0.818889799461,-0.573808200551,-0.0120163313692,0.0,-0.00866508282515,0.00857375447653,-0.999925700777,0.0,0.661292692261,0.260450231899,0.303255601847,1.0,-0.00418,-0.00549371428571,0.21
0.464716621317,0.545342795254,-0.12390612552,-1.35966627105,0.0793223229654,1.8954640329,0.158718285994,-0.00848695270403,-0.0187692116284,-0.00340974816666,-0.0387068445388,-0.00410408320511,0.0167060961646,-0.00104911329621,0.573846364779,0.818948855899,0.00196671122568,0.0,0.818904908853,-0.573786723176,-0.0120122214573,0.0,-0.00870908990659,0.00850388281928,-0.999925915121,0.0,0.661217625695,0.260342807361,0.303232052826,1.0,-0.0045,-0.00591428571429,0.226
0.464652396146,0.544917974954,-0.123904171791,-1.36036739232,0.0793082114535,1.89569354768,0.158677096525,-0.00516959273383,-0.0224944964879,0.00088373120291,-0.0483003036723,3.6513401396e-05,0.0133591535955,-0.00727593602225,0.573899065576,0.818911983016,0.00194255126092,0.0,0.818867404087,-0.573839213224,-0.0120614589111,0.0,-0.00876272985745,0.00851291580691,-0.99992536963,0.0,0.661130479867,0.260237121828,0.303218903604,1.0,-0.00484,-0.00636114285714,0.243
0.464589195677,0.544494037809,-0.123907255499,-1.36105208424,0.0792907980321,1.89594650443,0.158572715137,-0.00579151677839,-0.0267891864273,-0.00165577670932,-0.0408942801291,3.3635201044e-05,0.0059836767474,-0.00650830465938,0.573901078155,0.818910560049,0.00194782818365,0.0,0.818865835974,-0.573840994552,-0.0120831513583,0.0,-0.00877744557691,0.00852970776931,-0.999925097462,0.0,0.661052761074,0.260132200785,0.303215103884,1.0,-0.00516,-0.00678171428571,0.259
0.464528154679,0.544019314782,-0.123912179338,-1.3618536953,0.0792524703641,1.89623642673,0.158471312454,-0.00110106780573,-0.0263984799209,-0.000567350614026,-0.0452295156202,-0.000360242911569,0.0199039078535,-0.00198479643389,0.573905961703,0.818907204519,0.00191948169573,0.0,0.818862019284,-0.57384591407,-0.0121081452078,0.0,-0.00881413031515,0.00852089143085,-0.999924849934,0.0,0.66095778353,0.260013551707,0.3031947894,1.0,-0.0055,-0.00722857142857,0.276
0.464446077937,0.543489692209,-0.123912525678,-1.36269771795,0.0792118579033,1.89652560022,0.158368201658,-0.00561035100547,-0.0353871012964,0.00252257259067,-0.0509886222356,-0.00285273704323,0.0168867835577,-0.00473340547686,0.573935958973,0.818886224507,0.00190084488684,0.0,0.818840649652,-0.573875849388,-0.0121345320234,0.0,-0.00884612245606,0.00852109739307,-0.999924565663,0.0,0.660865127006,0.259883912607,0.303190300448,1.0,-0.00582,-0.00764914285714,0.292
0.464369462121,0.542971343551,-0.123910393164,-1.36352667498,0.0791567237333,1.89682998351,0.158258082191,-0.00149917597839,-0.0343847991182,0.00113238071195,-0.0478538377627,-0.00394748631085,0.0286242629165,-0.0112417255017,0.573927502865,0.818892163123,0.00189566130907,0.0,0.818846553988,-0.573867449718,-0.0121333456526,0.0,-0.00884821370192,0.00851608046317,-0.999924589901,0.0,0.660764674003,0.259749681202,0.303191267556,1.0,-0.00616,-0.008096,0.309
0.464292799974,0.542348608608,-0.123923127341,-1.36450158362,0.0791013766662,1.89718287123,0.158126267627,-0.00805173820381,-0.0324231162494,-0.00283973999572,-0.0552419044162,-0.00842814984711,0.0171591175336,-0.0113247827521,0.573930630976,0.818889972234,0.0018950204087,0.0,0.818844367002,-0.573870592115,-0.0121323136898,0.0,-0.00884770388229,0.0085149971783,-0.999924603637,0.0,0.660652657276,0.259599101451,0.30319867858,1.0,-0.00652,-0.00856914285714,0.327
0.464208446684,0.541725961591,-0.123915897415,-1.36545825599,0.079040209725,1.89753343985,0.157993740172,-0.00375093424998,-0.0361932444955,0.000217316229741,-0.060759292628,-0.00573301308337,0.0261813938774,-0.00496836648206,0.573922856074,0.818895388548,0.0019091337694,0.0,0.818849949848,-0.573862738018,-0.0121270132521,0.0,-0.00883534460466,0.00852342827505,-0.999924641089,0.0,0.66054196615,0.25945608713,0.303213748351,1.0,-0.00686,-0.009016,0.344
0.464112769136,0.541077030474,-0.123915754461,-1.36647522996,0.0789877011722,1.89791970662,0.157866850714,-0.00407537069538,-0.0408445508039,-2.6141176444e-05,-0.0603229870139,-0.00195296993914,0.0212662641633,-0.00477985972837,0.573939653061,0.818883570414,0.00192863957975,0.0,0.81883831021,-0.573879372339,-0.0121257839477,0.0,-0.00882296865118,0.00853887660638,-0.999924618564,0.0,0.66042908054,0.259298501774,0.303221965073,1.0,-0.0072,-0.00946285714286,0.361
0.464030880191,0.540411674471,-0.123922077581,-1.36749496089,0.0789299040582,1.89828997543,0.157736020984,-0.00931497804008,-0.0365123477147,0.000476441506826,-0.0679527353139,-0.00051712231837,0.0287274952016,-0.00741276157831,0.573944987136,0.818879798043,0.00194293578824,0.0,0.818834704922,-0.573884623243,-0.0121207310616,0.0,-0.00881057046183,0.00854774065658,-0.99992465215,0.0,0.660310818649,0.25914423411,0.303239193454,1.0,-0.00752,-0.00988342857143,0.377
0.46393196664,0.539715385696,-0.123919983465,-1.36857087638,0.078862598754,1.89870502381,0.15761317772,-0.00371103489611,-0.0455999221259,0.000271389669197,-0.0737927755822,-0.00350885881557,0.0303103407107,-0.00945926053943,0.573965559337,0.818865311267,0.00197119237418,0.0,0.818820617477,-0.573905097616,-0.0121029841638,0.0,-0.00877960557721,0.00856091385632,-0.999924811813,0.0,0.660192144881,0.258978852286,0.303255036017,1.0,-0.00784,-0.010304,0.393
0.463839737086,0.53896597153,-0.123931439766,-1.36973984693,0.0787909952147,1.89914455148,0.157465414729,-0.000583513930875,-0.0435096615976,-0.000985597760388,-0.0676397362018,-0.00537847031214,0.0252868692487,-0.010976735955,0.573973613685,0.818859634559,0.00198408290519,0.0,0.818815176551,-0.57391316033,-0.0120887530603,0.0,-0.00876046928895,0.00856338734502,-0.999924958472,0.0,0.66005962075,0.258800651422,0.30326657684,1.0,-0.00818,-0.0107508571429,0.41
0.463723853894,0.538138290198,-0.123931261955,-1.37102524116,0.0787290554772,1.89964300959,0.157303190828,-0.00360859395896,-0.0462833636151,0.00188419832901,-0.072185728243,-0.00410707696121,0.029334627858,-0.00968929006513,0.573990066891,0.818847998626,0.00202611898756,0.0,0.818803968838,-0.573929310155,-0.0120811613972,0.0,-0.00872995383701,0.00859362636079,-0.999924965931,0.0,0.659916631104,0.258606362642,0.303282612875,1.0,-0.00854,-0.011224,0.428
0.463612560247,0.537337594378,-0.123929965646,-1.37228385779,0.0786528513499,1.90010809955,0.15714412515,-0.00989173999418,-0.0443773254052,0.000815252417948,-0.0725890972087,-0.00563927349164,0.026788553203,-0.0144976512246,0.573998981899,0.818841735262,0.00203181533689,0.0,0.818797760983,-0.573938180759,-0.01208048752,0.0,-0.00872603896891,0.00859799892404,-0.999924962514,0.0,0.659771533648,0.25841402768,0.303289229083,1.0,-0.00888,-0.0116708571429,0.445
0.463498016313,0.536486687245,-0.123929609081,-1.37360798604,0.0785737111676,1.90060518984,0.156984412304,-0.00941263106431,-0.0447650873925,0.000725799617672,-0.0780196715391,-0.00398521951697,0.0226500365505,-0.00323580487265,0.574013429746,0.818831557288,0.00205186758958,0.0,0.818787834645,-0.573952530071,-0.0120715352849,0.0,-0.00870704707942,0.00860943335011,-0.999925029684,0.0,0.659619882661,0.258213599222,0.303302768,1.0,-0.00922,-0.0121177142857,0.462
0.46338556952,0.535663321667,-0.12393124029,-1.37490453106,0.0785026641226,1.90107542062,0.156827586342,-0.00746508334529,-0.0526739882393,0.00231023917262,-0.0824741940391,-0.000320893256382,0.0377681268379,-0.0095166897518,0.574030368146,0.818819681065,0.00205261970341,0.0,0.818775881683,-0.573969377487,-0.0120812326675,0.0,-0.00871437800508,0.00861579582398,-0.99992491102,0.0,0.659467705804,0.258015815855,0.303307588405,1.0,-0.00954,-0.0125382857143,0.478
0.463264819302,0.534726314939,-0.1239392098,-1.37641957619,0.0784217721963,1.90163196653,0.156644739744,-0.00843831531778,-0.0481830944327,-0.00195606409827,-0.0815124369365,-0.00132490834895,0.0360421767705,-0.00607159249338,0.574046573447,0.818808359532,0.00203685427323,0.0,0.818764267562,-0.573985563533,-0.0120993355546,0.0,-0.00873808038419,0.00861345144892,-0.999924724369,0.0,0.659288778624,0.25778870771,0.303296138151,1.0,-0.0099,-0.0130114285714,0.496
0.463145710122,0.533868054195,-0.123943497629,-1.37782682538,0.0783341645607,1.90214135125,0.156469482366,-0.0107543871296,-0.0522453995341,4.21217787259e-05,-0.0849133581608,-0.000539079151278,0.0327398853437,-0.0115537755154,0.574057135564,0.81880104681,0.00199943796181,0.0,0.81875646802,-0.573996289924,-0.0121182560707,0.0,-0.00877493972894,0.00859378958867,-0.999924570762,0.0,0.659122161119,0.257572322154,0.303276035075,1.0,-0.01022,-0.013432,0.512
0.463008554639,0.53287471298,-0.123942407435,-1.37942306119,0.0782500257104,1.90275648508,0.156265453301,-0.00517251692935,-0.0624649132438,0.000143525892197,-0.0929849401581,-0.000747645514502,0.0306455250716,-0.00954838785157,0.574066508281,0.818794438477,0.00201456948697,0.0,0.818749951562,-0.574005491175,-0.012122698564,0.0,-0.00876979306135,0.0086088296521,-0.99992448654,0.0,0.658939061971,0.257334246261,0.303270076722,1.0,-0.01058,-0.0139051428571,0.53
0.462882779571,0.531953292203,-0.123945230626,-1.38088708875,0.0781643949436,1.90329249505,0.156075405191,-0.0137981449009,-0.059271854004,-0.00137888715251,-0.097800682311,-0.00711213022009,0.0382234675872,-0.0142323733974,0.574072721752,0.81879009521,0.00200923551268,0.0,0.818745496175,-0.574011685706,-0.0121302954404,0.0,-0.00877901011814,0.00860888999372,-0.99992440514,0.0,0.658766717722,0.257110577373,0.303269372673,1.0,-0.0109,-0.0143257142857,0.546
0.462748640118,0.530934749408,-0.123937750909,-1.38252011537,0.0780628566898,1.90386770157,0.155874705856,-0.00756606017837,-0.062125075365,-0.000267509441678,-0.102248245083,-0.00645944715632,0.0394961770689,-0.0160320650147,0.574074390575,0.818789006124,0.00197596483043,0.0,0.818743888194,-0.574013419609,-0.0121567493568,0.0,-0.00881975220181,0.00859685312267,-0.999924150167,0.0,0.658565583854,0.256868728971,0.3032595327,1.0,-0.01124,-0.0147725714286,0.563
0.4626199649,0.529965926868,-0.123944893455,-1.38406108486,0.0779717823317,1.90442294744,0.155666620228,-0.00547971296724,-0.0588928957763,0.000103330797239,-0.0967564509599,-0.00597314063236,0.038901556143,-0.00915497042148,0.57407358198,0.81878960935,0.00196086573045,0.0,0.818744261822,-0.574012647242,-0.0121680500244,0.0,-0.00883768134998,0.00859096903102,-0.999924042435,0.0,0.658381576777,0.256632608792,0.303257005219,1.0,-0.01156,-0.0151931428571,0.579
0.462477055216,0.528896485652,-0.123948086491,-1.38573048481,0.0778664862687,1.9050498847,0.155438904255,-0.00591908107407,-0.0623533051057,0.000106486334591,-0.104946191053,-0.0022298768703,0.0368314032171,-0.00945364777874,0.574068643983,0.818793025404,0.00198001179107,0.0,0.818747975883,-0.574007670845,-0.0121528884966,0.0,-0.00881432808618,0.00859788840185,-0.999924189094,0.0,0.658187602133,0.256378078297,0.3032700567,1.0,-0.0119,-0.01564,0.596
0.462336390801,0.527789129063,-0.123949140557,-1.38744470604,0.0777577683727,1.90572846292,0.155191875397,-0.0111888855507,-0.0660151864829,0.00470602163199,-0.10324093209,-0.00805573432929,0.0397709893793,-0.0139278035843,0.574046069431,0.818808714322,0.00203627655353,0.0,0.818764497781,-0.573984946773,-0.01211300756,0.0,-0.00874961251472,0.00862082130602,-0.999924560015,0.0,0.657993081851,0.256124409382,0.303292611038,1.0,-0.01224,-0.0160868571429,0.613
0.462189589367,0.526608844263,-0.123954062664,-1.3892382432,0.077649024619,1.90639750103,0.154949066169,-0.0110899580061,-0.0706877201228,-0.00478058386965,-0.104693699641,-0.00679345621922,0.0388367765586,-0.0070757206402,0.574038471236,0.818813924091,0.00208282431239,0.0,0.818770333141,-0.57397716475,-0.0120872997449,0.0,-0.00870192328125,0.00864409624869,-0.999924775236,0.0,0.657781910054,0.25585539337,0.303327737303,1.0,-0.01258,-0.0165337142857,0.63
0.46205627363,0.525564201624,-0.123957366622,-1.39084674512,0.0775430379112,1.9069796672,0.154738167405,-0.00967571069956,-0.073232503133,-0.00109791179141,-0.104843389661,-0.00569655690912,0.037884115306,-0.0167715518582,0.574035225579,0.81881617227,0.00209349589722,0.0,0.818772775875,-0.573973928449,-0.0120755061262,0.0,-0.00868617487594,0.00864602979305,-0.999924895447,0.0,0.657588746926,0.255610972601,0.3033476207,1.0,-0.01288,-0.016928,0.645
0.461905218061,0.524380090505,-0.123963382771,-1.39272162499,0.0774254050358,1.90765884629,0.154472485745,-0.00899301920765,-0.0736654470072,0.00051223905171,-0.113574596957,-0.0119101445058,0.0375099110899,-0.0191951788805,0.574014616804,0.818830654212,0.00207998081473,0.0,0.818787091575,-0.573953390624,-0.0120810166111,0.0,-0.00869866217039,0.00863790786896,-0.999924857089,0.0,0.657361318312,0.255328247673,0.303347070742,1.0,-0.01322,-0.0173748571429,0.662
0.461745178265,0.523190977639,-0.123961301054,-1.3946354968,0.0773110612071,1.9083664176,0.154221504028,-0.00820069799793,-0.0707634054283,0.000803251924061,-0.111129362615,-0.00828557030562,0.0343995709141,-0.0153116430745,0.574010553781,0.818833539363,0.0020653967576,0.0,0.818789722256,-0.573949327687,-0.0120957379411,0.0,-0.00871913069937,0.0086343731099,-0.999924709346,0.0,0.657130168789,0.255042249598,0.303333394774,1.0,-0.01356,-0.0178217142857,0.679
0.461582552151,0.521940884521,-0.123966855312,-1.39659482083,0.077187658457,1.90913696466,0.153964320035,-0.0106905912211,-0.0761780377041,-0.00103248692617,-0.120737991098,-0.0076690190371,0.0439999721914,-0.00961827336726,0.574008886968,0.818834590972,0.00211121083563,0.0,0.818791481817,-0.573947573143,-0.0120598295273,0.0,-0.00866344804087,0.00865125733602,-0.999925047398,0.0,0.656904757573,0.254748334478,0.303346283872,1.0,-0.0139,-0.0182685714286,0.696
0.461407444028,0.520631286628,-0.123967267225,-1.39872549593,0.0770624446499,1.90992627557,0.153669372182,-0.00908688510132,-0.074698128396,-0.0010285675365,-0.119763595158,-0.00747184484221,0.0370239875764,-0.0183212061679,0.573991076118,0.818847144521,0.00208454985062,0.0,0.81880360522,-0.573929797163,-0.0120826697255,0.0,-0.00869764178656,0.00864234792308,-0.999924827599,0.0,0.656645620958,0.254430706938,0.303320575991,1.0,-0.01426,-0.0187417142857,0.714
0.461250200784,0.519382902248,-0.123972587115,-1.4006701303,0.076938011137,1.91061399274,0.153409557825,-0.00520862456664,-0.0779551372677,0.000517390368101,-0.123839361278,-0.00995159725363,0.0385362605059,-0.0181833806999,0.573980472461,0.818854604901,0.00207368427213,0.0,0.818810927308,-0.573919245325,-0.012087682488,0.0,-0.00870809481317,0.00863621532112,-0.999924789607,0.0,0.656404324424,0.254136557043,0.303331325638,1.0,-0.01458,-0.0191622857143,0.73
0.461074257186,0.518047846973,-0.123974305886,-1.40276606401,0.076798360223,1.91138285685,0.153125926417,-0.0105335410308,-0.0817287300072,-0.000706230382097,-0.122858617194,-0.012488547926,0.0428704044384,-0.0201841526949,0.573966897902,0.818864121431,0.00207307687389,0.0,0.81882050951,-0.573905748116,-0.0120794199603,0.0,-0.00870182041601,0.00863083123547,-0.999924890716,0.0,0.656149801089,0.253818496018,0.303337451796,1.0,-0.01492,-0.0196091428571,0.747
0.460892309226,0.516699589426,-0.123977147047,-1.40491456665,0.0766574464097,1.91214855919,0.152824574853,-0.013656595125,-0.0769430269573,0.000222641553999,-0.119354532901,-0.00319291188844,0.0501389538713,-0.0123421675638,0.573946529332,0.818878486789,0.00203770530589,0.0,0.818834430204,-0.573885552368,-0.0120952717162,0.0,-0.0087353163471,0.00861074826947,-0.999924771802,0.0,0.655883600155,0.253489434316,0.303327201613,1.0,-0.01526,-0.020056,0.764
0.460706532778,0.515306186557,-0.123980017528,-1.40710680604,0.0765266380085,1.91297871775,0.152516248019,-0.0100979361443,-0.088502981084,0.00108221968973,-0.131943151385,-0.00309007346746,0.0465917507651,-0.011022522156,0.573928722636,0.818890901697,0.00206381983351,0.0,0.818847166155,-0.573867614954,-0.0120841172202,0.0,-0.00871138200223,0.00862554105089,-0.999924853109,0.0,0.655620721238,0.25315924276,0.303332974563,1.0,-0.0156,-0.0205028571429,0.781
0.460516326801,0.513925800167,-0.123986006736,-1.40936396943,0.0763900049303,1.91376938322,0.152208142718,-0.0130193409092,-0.0825780233391,0.00337292570793,-0.128868625614,-0.0083946289758,0.0396373019367,-0.0123649098237,0.57391807298,0.818898549355,0.00198954055375,0.0,0.818853737899,-0.573857187596,-0.0121338812668,0.0,-0.00879487494922,0.00859316191853,-0.999924401014,0.0,0.65533544685,0.25281296464,0.303295022266,1.0,-0.01594,-0.0209497142857,0.798
0.460346908483,0.512679378903,-0.123988395528,-1.41137205748,0.076271387643,1.91446831534,0.151930837408,-0.0078077228431,-0.0866893435419,-0.000562529554913,-0.140317035111,-0.00930028852431,0.0512249553613,-0.0152273981881,0.573904499132,0.818908184966,0.0019383942251,0.0,0.818862564529,-0.573843707175,-0.0121756745238,0.0,-0.00885859475236,0.00857511795303,-0.999923993437,0.0,0.655079725346,0.252506953249,0.303273259516,1.0,-0.01624,-0.021344,0.813
0.460146368755,0.511238671584,-0.123991590016,-1.41367180757,0.0761277450032,1.9153453763,0.151608009913,-0.0141463635937,-0.0884435624106,-0.000220153228941,-0.141538990736,-0.0143138494627,0.0490113134117,-0.0174786164907,0.573888295579,0.818919515491,0.00194890873885,0.0,0.818874070777,-0.573827495502,-0.0121658750956,0.0,-0.00884470540621,0.0085779293071,-0.999924092277,0.0,0.654803853765,0.252156065167,0.30326381757,1.0,-0.01658,-0.0217908571429,0.83
0.459929061603,0.509665376778,-0.123997322065,-1.41615959575,0.0759744134133,1.91628226097,0.151256722393,-0.00803214767776,-0.0905179448732,-0.00101626675209,-0.136438178117,-0.00829758905326,0.0461163840374,-0.0236209832053,0.573871041181,0.818931569908,0.00196438368677,0.0,0.818886344135,-0.573810190218,-0.0121559817637,0.0,-0.00882790381704,0.00858473816984,-0.999924182318,0.0,0.654502903911,0.25177472731,0.303262447164,1.0,-0.01694,-0.022264,0.848
0.459731859492,0.508157316211,-0.124000941664,-1.41854034728,0.075820391056,1.91712181651,0.150933014219,-0.011912334142,-0.0899860862641,0.000133609016224,-0.144440958756,-0.00931719966064,0.0523847121911,-0.0214390184234,0.573851704684,0.81894519736,0.00193174893331,0.0,0.818899525601,-0.573790983797,-0.0121745958716,0.0,-0.00886207732041,0.00856848584973,-0.999924019431,0.0,0.654199814053,0.251413086318,0.303257302956,1.0,-0.01728,-0.0227108571429,0.865
0.45951114804,0.50662570065,-0.124002742239,-1.42095291327,0.0756662457471,1.91800714712,0.150593501742,-0.0152801388164,-0.0914515812269,-0.00248120092682,-0.143605652681,-0.0167656196086,0.0545553770596,-0.0202252008286,0.573838828259,0.818954221234,0.00193121875266,0.0,0.818908551255,-0.573778119823,-0.0121737748848,0.0,-0.00886184388333,0.00856744121606,-0.999924030451,0.0,0.653903397826,0.251036786645,0.30325688137,1.0,-0.01762,-0.0231577142857,0.882
0.459298007495,0.505011260982,-0.124008380552,-1.42340756868,0.075514352283,1.91895948648,0.150263851426,-0.0167406894879,-0.091075783312,-0.00303451427899,-0.14081185417,-0.00527154010605,0.0570663830172,-0.0202595135656,0.573833254659,0.818957904679,0.0020231442853,0.0,0.818913517385,-0.573772217444,-0.0121177735073,0.0,-0.00876329113862,0.00861052739309,-0.999924528925,0.0,0.653610315386,0.250664203183,0.30329961488,1.0,-0.01796,-0.0236045714286,0.899
0.459081819009,0.503431334736,-0.124017271205,-1.42574914149,0.075365560971,1.91983967825,0.14993209905,-0.0168418073914,-0.100241790795,-0.00136712042279,-0.140191358281,-0.00310820073437,0.0619704577522,-0.013327053879,0.57382503857,0.818963415656,0.00212033669729,0.0,0.818920390496,-0.573763674153,-0.0120576595577,0.0,-0.00865837658291,0.00865554056288,-0.999925054258,0.0,0.653329381567,0.250296430071,0.303365237234,1.0,-0.01828,-0.0240251428571,0.915
0.458853792145,0.501733841043,-0.124015203594,-1.42826554806,0.075210861816,1.92076195255,0.149579315057,-0.0118723357894,-0.102254594909,0.000644109744564,-0.153504277177,-0.0128352358304,0.0443380196561,-0.0260075871099,0.573808276231,0.818974920581,0.00221099280039,0.0,0.818933037683,-0.573746490879,-0.0120162763097,0.0,-0.00857264462578,0.00870586146109,-0.999925356084,0.0,0.653017681202,0.249910159043,0.30343242916,1.0,-0.01862,-0.024472,0.932
0.45861984254,0.500027359498,-0.124018419742,-1.43085994448,0.0750399579018,1.921680987,0.149219958859,-0.0139665730973,-0.098283313882,0.000519825619993,-0.152548708328,-0.00439916497552,0.0599818463382,-0.0146221959281,0.573793577109,0.818985159346,0.00223305625534,0.0,0.818943583432,-0.573731721551,-0.0120027389697,0.0,-0.00854905447381,0.0087160094305,-0.999925469646,0.0,0.652689162639,0.249505155316,0.303468037579,1.0,-0.01896,-0.0249188571429,0.949
0.458383018343,0.498445394102,-0.124019083743,-1.43333292522,0.074888147842,1.92260332333,0.148856768243,-0.0192533105709,-0.0915692369962,0.00146439383868,-0.154627256274,-0.0131138677893,0.0579477902563,-0.0265189986097,0.573775368236,0.818997844785,0.00225919092456,0.0,0.818956576095,-0.573713372823,-0.0119932988461,0.0,-0.00852652202363,0.00873180684046,-0.999925524212,0.0,0.652385331896,0.249115838106,0.303474275379,1.0,-0.01928,-0.0253394285714,0.965
0.458106510151,0.496671915884,-0.124021616366,-1.43615062762,0.0747207688261,1.92362010018,0.148443944484,-0.0157206478282,-0.0983170779487,9.03303814881e-05,-0.157044439449,-0.00698235272754,0.0591490601097,-0.0202288916844,0.573763065662,0.819006519431,0.00223886394688,0.0,0.818964840241,-0.573701007354,-0.0120204621987,0.0,-0.00856056322306,0.00873061618782,-0.999925243755,0.0,0.652032002555,0.248665250877,0.303457633143,1.0,-0.01964,-0.0258125714286,0.983
0.45786979568,0.495190254723,-0.124026847665,-1.43856006149,0.0745688618975,1.92444486284,0.14810122892,-0.0139322719176,-0.0925044148747,-0.00100596495416,-0.159218938284,-0.0089128685828,0.0616995597877,-0.020456506175,0.573760178164,0.819008781914,0.00214941891877,0.0,0.818965816237,-0.573698377132,-0.0120793548405,0.0,-0.00866014628343,0.00869112073567,-0.999924730311,0.0,0.65172010517,0.248273308835,0.30341483443,1.0,-0.01994,-0.0262068571429,0.998
0.457599640173,0.493505290748,-0.124052022103,-1.44125667441,0.0743914114227,1.92542183851,0.147716253024,-0.0215725227628,-0.11088278205,-0.00533868051104,-0.182410981933,-0.0105191297065,0.0626529585629,-0.0287182357912,0.57376180836,0.819007732314,0.00211390149934,0.0,0.818964400773,-0.573700257508,-0.0120860127334,0.0,-0.00868595927859,0.0086658694413,-0.999924725576,0.0,0.651361551168,0.247798674978,0.303393877594,1.0,-0.024588,-0.0323156571429,1.015
0.45729742177,0.491243120666,-0.124091977601,-1.44477539475,0.0741940378289,1.92674582013,0.147207821223,-0.0219100010314,-0.140586520935,0.000382457320105,-0.22021002435,-0.015584311122,0.0778232265975,-0.035788635373,0.573754951866,0.819012399739,0.00216591436189,0.0,0.818969741978,-0.573693174236,-0.0120602844055,0.0,-0.00863511843986,0.00869363360404,-0.999924924914,0.0,0.650950096038,0.247273160948,0.303405539213,1.0,-0.0298542857143,-0.0392370612245,1.031
0.456893823687,0.488577529295,-0.124100860701,-1.44909868646,0.0739508176433,1.92828999041,0.146570443459,-0.0262482425494,-0.169992651751,0.000468025462824,-0.269105799723,-0.0130686548163,0.0982975026441,-0.0425035356068,0.573719736487,0.81903728972,0.00208060443174,0.0,0.818993124654,-0.57365793979,-0.0121481186068,0.0,-0.0087563754744,0.0086737831278,-0.999924042803,0.0,0.650389366169,0.246593692061,0.303335594628,1.0,-0.0354497142857,-0.0465910530612,1.048
0.456331126348,0.484929961199,-0.124166560731,-1.45472534262,0.0736092656455,1.93042269615,0.145731922128,-0.029413261678,-0.196254472828,-0.00389518203142,-0.308222391498,-0.0167451482159,0.120177871528,-0.0622644287942,0.57372764152,0.819031442878,0.00219905296425,0.0,0.818989048299,-0.573665555883,-0.0120629872158,0.0,-0.00861861081857,0.0087220374256,-0.999924819979,0.0,0.649706734981,0.245660254685,0.303377785801,1.0,-0.0417034285714,-0.0548102204082,1.067
0.455767674103,0.48143295145,-0.124231372587,-1.46021308288,0.0732792566959,1.93231483975,0.144898528085,-0.0365567878787,-0.227575221302,-0.00607261926103,-0.358207717115,-0.020758208427,0.11911062709,-0.058001923993,0.573732794184,0.819028059587,0.00211314660365,0.0,0.818984384318,-0.573670917437,-0.0121245054648,0.0,-0.00871822728637,0.00868702772076,-0.999924261163,0.0,0.648999863589,0.244727941432,0.303357879552,1.0,-0.0469697142857,-0.0617316244898,1.083
0.45509502794,0.477216287143,-0.124309997339,-1.46674033028,0.0728800848199,1.93464538182,0.143936574243,-0.0472431344958,-0.255928744709,-0.00108059192757,-0.396801813961,-0.0240322477974,0.149564708354,-0.0543886731841,0.57376189975,0.819007648288,0.00212163667072,0.0,0.818964102653,-0.573700000993,-0.0121183467431,0.0,-0.00870800336316,0.00869075724534,-0.999924317844,0.0,0.648170968448,0.243622313674,0.303376939618,1.0,-0.0525651428571,-0.0690856163265,1.1
0.454434180906,0.47312270303,-0.124355286819,-1.47304976274,0.0725005577532,1.93693955766,0.143034503335,-0.0420943155155,-0.283026328604,-0.000218634908017,-0.445794468098,-0.0299637235016,0.150051808558,-0.0563679401212,0.573798527354,0.818981809635,0.00218915387973,0.0,0.818939033997,-0.573736220242,-0.0120977303562,0.0,-0.00865199080473,0.00873461159457,-0.999924421952,0.0,0.647366762794,0.242569576017,0.303406218834,1.0,-0.0575022857143,-0.0755744326531,1.115
0.453526040211,0.467718649721,-0.124403264406,-1.48120025477,0.0720044139222,1.93996468499,0.141747131079,-0.0513439312634,-0.312504468273,-0.000432139808257,-0.466430898748,-0.0348109410252,0.178357188864,-0.0767650860594,0.573777080238,0.818996160928,0.00242847260167,0.0,0.818956499537,-0.573713773003,-0.0119793753518,0.0,-0.00841797631662,0.00886247506362,-0.999925294315,0.0,0.646344017701,0.241186613355,0.303522885104,1.0,-0.0634268571429,-0.0833610122449,1.133
0.45265072685,0.462529493599,-0.124430590434,-1.48917526472,0.0714804120388,1.94276725527,0.140505804371,-0.0600331981856,-0.332685782822,-0.000607629427806,-0.5124952037,-0.0371737103542,0.171927405449,-0.0690481115942,0.573728788048,0.819029974907,0.00243410569232,0.0,0.818990297841,-0.573665370552,-0.0119867248118,0.0,-0.00842128691379,0.00887080883545,-0.999925192541,0.0,0.645292060871,0.239837805634,0.303548489611,1.0,-0.0686931428571,-0.0902824163265,1.149
0.451619055597,0.456595094454,-0.124489047725,-1.49836629813,0.0708790214511,1.94589676863,0.139131699383,-0.0632385368965,-0.35554983837,-0.00917162170623,-0.561924745475,-0.0346243341919,0.195051795169,-0.0825801741183,0.573752257635,0.819013875156,0.00231647609522,0.0,0.818972433037,-0.57368908094,-0.0120722507297,0.0,-0.00855856858888,0.00882378105981,-0.999924443041,0.0,0.644055574454,0.238248293748,0.303530764887,1.0,-0.0742885714286,-0.0976364081633,1.166
0.45057079455,0.450558074488,-0.124548816948,-1.50739562121,0.0702567047153,1.94924633569,0.137662120078,-0.0669058363627,-0.394543761351,-0.00472823197381,-0.572311411428,-0.0351693404132,0.225038077173,-0.0898310975595,0.57369319596,0.819054439987,0.00258614554533,0.0,0.819017101388,-0.573629569543,-0.0118680866668,0.0,-0.00823727811576,0.00892690986877,-0.999926226043,0.0,0.642897256488,0.236680856709,0.303670320131,1.0,-0.0795548571429,-0.104557812245,1.182
0.449352439084,0.443815207881,-0.124584037634,-1.51762097992,0.0695905525312,1.95288697044,0.136126998705,-0.0683232808616,-0.401198843632,-0.000113457614284,-0.613167370114,-0.037966206203,0.210136864259,-0.0848552640618,0.57373738132,0.819023068794,0.00271605594269,0.0,0.818987301006,-0.573673131547,-0.0118188761571,0.0,-0.0081219602747,0.00900551976657,-0.999926464484,0.0,0.641533092227,0.234903032464,0.303739873789,1.0,-0.0851502857143,-0.111911804082,1.199
0.448058675906,0.436723736944,-0.124628753834,-1.52865103332,0.0688244117646,1.95659695685,0.134356394206,-0.0784180215862,-0.419354154845,-0.0038180627138,-0.665816414564,-0.0390707126101,0.224320574382,-0.100228484037,0.573654720848,0.819081655457,0.00249996858542,0.0,0.819042848663,-0.573591062335,-0.0119520778732,0.0,-0.00835592897136,0.00890411871957,-0.999925444781,0.0,0.639991194004,0.232975009632,0.303660542421,1.0,-0.0907457142857,-0.119265795918,1.216
0.446641151116,0.429152661724,-0.124650524892,-1.54001742456,0.0680518986779,1.96070736012,0.132503857214,-0.0797722164025,-0.444465123522,-0.00112804790948,-0.693015843288,-0.043039937281,0.24369909787,-0.108472285064,0.573594468738,0.81912304143,0.00275233229745,0.0,0.819087646393,-0.573529994202,-0.0118118660151,0.0,-0.00809698238064,0.0090297962469,-0.999926448123,0.0,0.638457833819,0.230977305396,0.303768520389,1.0,-0.0963411428571,-0.126619787755,1.233
0.445070350534,0.421270001896,-0.124720414652,-1.55213369276,0.0671668665453,1.96476628,0.130480423333,-0.0960062085234,-0.467137166786,-0.0024690100216,-0.732085087284,-0.053117461141,0.240386757622,-0.127218793224,0.573541928272,0.81916045268,0.00256050376088,0.0,0.819122666699,-0.573478296941,-0.0118931383086,0.0,-0.00827415452766,0.00891875186102,-0.999925994378,0.0,0.636754599795,0.228755527308,0.303714962607,1.0,-0.101936571429,-0.133973779592,1.25
0.443407354944,0.412916317662,-0.124837809398,-1.5646250209,0.0662823136685,1.96921397378,0.128464917901,-0.103421130671,-0.496978691499,-0.00485936661653,-0.737695928989,-0.0490532020003,0.259650073765,-0.131834897519,0.573613381948,0.819109712075,0.00277750533441,0.0,0.819075323023,-0.573549574554,-0.0117152740078,0.0,-0.00800321180318,0.00899519720849,-0.999927514887,0.0,0.635047991274,0.226440359043,0.303820474751,1.0,-0.107532,-0.141327771429,1.267
0.441680489613,0.40483406739,-0.124885423684,-1.57702625017,0.0654467145989,1.97332776347,0.126412386103,-0.111757093912,-0.509994998721,-0.00116691644656,-0.783651148772,-0.0486578332695,0.259746350518,-0.124780689457,0.573653119784,0.81908242925,0.00261135160795,0.0,0.819045149595,-0.573589110219,-0.0118879125279,0.0,-0.00823949606263,0.00895852545711,-0.99992592502,0.0,0.633259662146,0.224126539607,0.303739096773,1.0,-0.112798285714,-0.14824917551,1.283
0.439726258061,0.395736119145,-0.125025725213,-1.5904619319,0.0645085503573,1.97798759692,0.124103688139,-0.116149516244,-0.54271607856,-0.000913358712979,-0.810302924781,-0.0643386246903,0.266377416854,-0.127625732517,0.573738244428,0.819021983708,0.00285726881065,0.0,0.818988180104,-0.573673630851,-0.0117334145901,0.0,-0.0079709381856,0.00907215273842,-0.999927077436,0.0,0.63137911872,0.221534475206,0.303880221826,1.0,-0.118393714286,-0.155603167347,1.3
0.43765585074,0.386467559436,-0.125088621538,-1.6046029509,0.0634164176963,1.98268358184,0.121664279747,-0.120694013652,-0.555062302179,-0.000588972952401,-0.856500234845,-0.0605158218773,0.268356319783,-0.147573341236,0.573716898657,0.819037643266,0.00264688677764,0.0,0.819001315893,-0.573653282006,-0.011811160448,0.0,-0.00815554675003,0.00894423829999,-0.999926741146,0.0,0.629303856829,0.218825567123,0.303782460439,1.0,-0.123989142857,-0.162957159184,1.317
0.435475202562,0.376704710205,-0.1251717989,-1.619002613,0.0623490097762,1.98752791886,0.119068286854,-0.129095390512,-0.572126018189,-0.00464924146951,-0.837559019237,-0.0572495216925,0.282961579788,-0.159936233158,0.573675191313,0.81906638096,0.00279022487782,0.0,0.819032046921,-0.573611207169,-0.011723311285,0.0,-0.00800181994645,0.00901082992368,-0.999927385274,0.0,0.627191751252,0.21603591021,0.303881434855,1.0,-0.129584571429,-0.17031115102,1.334
0.432947103704,0.366141149249,-0.12526199434,-1.63485522411,0.0611506933171,1.99273856451,0.116292432006,-0.144920292141,-0.59327570686,-0.0055668437279,-0.884271036247,-0.0686294987606,0.292108031115,-0.151700486395,0.573772553444,0.818998536931,0.00268334110137,0.0,0.818962734241,-0.573708851269,-0.0117873152681,0.0,-0.00811449364722,0.00896096687127,-0.999926925363,0.0,0.624820716584,0.212886489025,0.303830884546,1.0,-0.135509142857,-0.178097730612,1.352
0.430590961497,0.35638260138,-0.125378408282,-1.64926067698,0.0600080298676,1.99748431713,0.113603364406,-0.154032304943,-0.596035682682,-0.00714879006112,-0.897725671762,-0.0639323381109,0.295097256645,-0.178074568596,0.573764131234,0.819004394858,0.00269625911491,0.0,0.818969151966,-0.573700817179,-0.0117323227591,0.0,-0.00806213306509,0.00893991113705,-0.999927537374,0.0,0.62251197069,0.209791921248,0.303864472817,1.0,-0.141104571429,-0.185451722449,1.369
0.427731956998,0.345018652294,-0.125493779685,-1.66598746326,0.0587896347839,2.00289373685,0.1104476327,-0.162220669014,-0.648524518038,-0.00907044750451,-0.932636224647,-0.0701994271832,0.319609439109,-0.172449576999,0.573825756119,0.81896105641,0.00274528679976,0.0,0.818925904191,-0.573761650099,-0.011776214256,0.0,-0.00806927594191,0.00900585491502,-0.999926888009,0.0,0.620086050089,0.206558231712,0.30388961816,1.0,-0.1467,-0.192805714286,1.386
0.424765819662,0.33341522092,-0.125564375911,-1.68313528325,0.0574192638723,2.00840530669,0.107202219283,-0.166541487705,-0.644247446143,-0.000898988461101,-0.979176230983,-0.0818002686824,0.303042039575,-0.181375668848,0.573808056459,0.818973710536,0.00266883766333,0.0,0.818937518771,-0.573744182025,-0.0118195110676,0.0,-0.00814879564322,0.00896791462816,-0.999926584123,0.0,0.617394181819,0.203061176379,0.30384470826,1.0,-0.152624571429,-0.200592293878,1.404
