position_joint1,position_joint2,position_joint3,position_joint4,position_joint5,position_joint6,position_joint7,velocity_joint1,velocity_joint2,velocity_joint3,velocity_joint4,velocity_joint5,velocity_joint6,velocity_joint7,ee_T_00,ee_T_10,ee_T_20,ee_T_30,ee_T_01,ee_T_11,ee_T_21,ee_T_31,ee_T_02,ee_T_12,ee_T_22,ee_T_32,ee_T_03,ee_T_13,ee_T_23,ee_T_33,v_x,v_y,time
0.465061638011,0.547869384627,-0.124005700398,-1.35586226674,0.0794661593026,1.89409953762,0.159162842147,0.000923998526854,0.00263020249402,-0.000707265266299,-0.000274547496347,-7.87251519129e-05,0.00216412153841,-0.000597404867376,0.573823380159,0.818965303068,0.001818696122,0.0,0.818920809652,-0.573765707864,-0.01193176009,0.0,-0.00872836009842,0.00833625150551,-0.999927158667,0.0,0.661676799041,0.260862347168,0.303138389856,1.0,0.0,0.0,0.0
0.465057794236,0.54786586427,-0.124000951788,-1.35586055625,0.0794667404508,1.89409860883,0.159162568194,-0.00103352455453,0.000974810674217,0.0010490673723,0.000629764456494,0.000166406407764,-2.54273371086e-05,-0.00072320071683,0.573823034563,0.818965533535,0.00182394835947,0.0,0.818921079248,-0.573765312014,-0.0119322920972,0.0,-0.00872578566254,0.00834085440684,-0.999927142752,0.0,0.661676979647,0.260862833521,0.30314146084,1.0,-0.00026,-0.000341714285714,0.014
0.465059787884,0.547850721284,-0.124003070801,-1.3558639599,0.0794685478025,1.89409746687,0.159156606087,0.00019154922349,-0.00476638819255,0.000607449922475,0.000246735571439,0.000223452540817,-0.000192879198684,-0.00118650838378,0.57381863138,0.818968596029,0.00183409404385,0.0,0.818924262642,-0.573760855561,-0.0119281005462,0.0,-0.00871657621091,0.00834671114291,-0.999927174204,0.0,0.66167623994,0.260862939405,0.303150542545,1.0,-0.00058,-0.000762285714286,0.03
0.465057377539,0.547824144868,-0.124003091977,-1.35589338974,0.079466779538,1.8941022257,0.159164381886,-0.000632294277041,-0.0044987066734,0.000327950973589,-0.0061519213031,-1.9785399327e-05,-0.000143994027609,0.00137317751569,0.573828112453,0.818961948582,0.0018360378975,0.0,0.818917633502,-0.57377032053,-0.0119279385923,0.0,-0.00871523157435,0.00834831102875,-0.999927172569,0.0,0.661671878665,0.260858225326,0.303155773562,1.0,-0.00094,-0.00123542857143,0.048
0.46506199056,0.547702475996,-0.124004102133,-1.35603351374,0.0794639337887,1.89413228551,0.15915460905,0.000807943888484,-0.00602981807113,-0.00130009742148,-0.00695752769502,9.85181711209e-05,0.00304785033469,-0.000437752479945,0.573823927858,0.818964848261,0.00185041379401,0.0,0.818920644409,-0.573766002695,-0.0119289233759,0.0,-0.00870783204927,0.00836060469083,-0.99992713432,0.0,0.661648157401,0.260847241902,0.303177911729,1.0,-0.00134,-0.00176114285714,0.068
0.465056281706,0.547592144897,-0.123996694166,-1.3561886019,0.0794645881095,1.89415328645,0.159150890355,-0.000921899290004,-0.00698320248827,0.00127772583361,-0.0142105041706,3.70065665695e-05,-0.000764620726715,0.00232994775729,0.573828968152,0.81896134216,0.00183909159526,0.0,0.818916811307,-0.573770918365,-0.0119555969186,0.0,-0.00873612262261,0.00836669195306,-0.999926836637,0.0,0.661619451134,0.260832319503,0.30318383501,1.0,-0.0016,-0.00210285714286,0.081
0.465040768558,0.547429099799,-0.124006741269,-1.35639962533,0.0794618304317,1.89425408885,0.159150059854,-0.000400093055803,-0.00792934523383,-0.00171449465067,-0.0143078249974,0.000653519402578,0.00232253226408,0.000137354362457,0.5738592168,0.818940038812,0.00188653784558,0.0,0.818896118407,-0.573800954673,-0.011931411318,0.0,-0.008688780517,0.00839199044508,-0.999927037133,0.0,0.661601991128,0.260799743254,0.303207973767,1.0,-0.00194,-0.00254971428571,0.098
0.465027138144,0.54723796354,-0.123998839779,-1.35661495381,0.0794596644449,1.89437741949,0.159143578502,0.000947662415077,-0.0108824799898,0.00176552657765,-0.0128592369388,0.000211078355784,0.00293363950696,0.00435170214332,0.573871248614,0.818931391181,0.001978245045,0.0,0.818888586281,-0.573812526518,-0.0118917858589,0.0,-0.00860358059531,0.00844447886971,-0.999927331948,0.0,0.661584132122,0.260780293224,0.303251318055,1.0,-0.00228,-0.00299657142857,0.115
0.464995303138,0.547033786501,-0.123998810479,-1.35687432462,0.0794564666219,1.89451267346,0.159123587794,-0.00245364912314,-0.0201578928634,0.000306535976009,-0.0217108968304,0.000664130330294,0.00144480581817,-0.0018611045566,0.573894807192,0.81891469917,0.00205247700527,0.0,0.818872801975,-0.573835722021,-0.0118593937541,0.0,-0.00853421155424,0.00848692548784,-0.999927567041,0.0,0.661565492381,0.260739823494,0.303284224277,1.0,-0.0026,-0.00341714285714,0.131
0.464955848735,0.546787268186,-0.123998048298,-1.35724413539,0.0794464098632,1.89464135669,0.159099390327,-0.000768762059237,-0.0217589287075,0.000382566594584,-0.0216648402265,-7.13227321868e-05,0.00603164039783,0.000605983585418,0.573924727912,0.818893700531,0.00206417608809,0.0,0.818851830626,-0.573865467463,-0.0118680931882,0.0,-0.00853431168534,0.00850181020852,-0.999927439741,0.0,0.661523499768,0.260680612405,0.303293935099,1.0,-0.00296,-0.00389028571429,0.149
0.464912280889,0.546526102574,-0.124001345418,-1.35763044357,0.0794350100239,1.89478763188,0.15897739987,-0.00485449097982,-0.0203232362784,0.00071425679736,-0.0270370582382,-0.00115905231395,0.00440398830397,-0.00964631076282,0.573861283664,0.818938074469,0.00209861805567,0.0,0.818896539954,-0.573801779612,-0.0118626079615,0.0,-0.00851071440472,0.00852620665275,-0.999927433137,0.0,0.661479785125,0.260619019068,0.30331146332,1.0,-0.0033,-0.00433714285714,0.166
0.464868316854,0.546244688857,-0.12400516186,-1.35810689764,0.0794182990036,1.89495211677,0.158906064318,-0.0051998596379,-0.0200505259494,-0.000524116019172,-0.0291683221295,-0.000193433714782,0.00802357223371,0.00095187592833,0.573883841621,0.81892234406,0.00206824258562,0.0,0.818880320837,-0.573824364281,-0.0118897436692,0.0,-0.00855013338557,0.00851713890618,-0.99992717413,0.0,0.661427801485,0.260539849516,0.303294696496,1.0,-0.00362,-0.00475771428571,0.182
0.464809692168,0.545918149046,-0.124002031444,-1.3586538741,0.0793814805592,1.89513535282,0.15888954156,-0.00117065085487,-0.0216748586386,0.00112103166161,-0.031645611398,0.000132807931958,0.0137222340296,0.000940138366255,0.573936843629,0.818885283446,0.00203444875082,0.0,0.818842811911,-0.573877489604,-0.0119089549518,0.0,-0.00858470889164,0.00850104542322,-0.999927014837,0.0,0.661363973198,0.260448718336,0.303281309543,1.0,-0.00396,-0.00520457142857,0.199
0.464741155126,0.545570296513,-0.12400297583,-1.35926938936,0.0792823677309,1.89534769075,0.158812697168,-0.00457703362296,-0.0257133192599,0.00136416914431,-0.0396452630654,-0.00511715114892,0.014672167352,-0.00315573136341,0.573938723942,0.818884166493,0.0019519035679,0.0,0.818841161231,-0.573880241726,-0.0118898163147,0.0,-0.00861638932346,0.0084224871467,-0.999927407138,0.0,0.661297708234,0.260332705822,0.303252915563,1.0,-0.0043,-0.00565142857143,0.216
0.464683989504,0.54520857324,-0.124015517176,-1.35992395453,0.079270029588,1.89554981782,0.158691316621,-0.00925772246491,-0.0224195006758,-0.00166642066515,-0.0428297000074,0.000169191956032,0.0150328083407,-0.00902231172879,0.573928001716,0.818891834123,0.00188673110202,0.0,0.818847728753,-0.573869549297,-0.0119534265997,0.0,-0.00870599352243,0.00840551355184,-0.999926773828,0.0,0.661215560393,0.260226403226,0.303215387733,1.0,-0.00462,-0.006072,0.232
0.464619743293,0.544768318604,-0.124010918076,-1.36063088553,0.079249691594,1.89579270464,0.15864260038,-0.00390638055252,-0.0247443079484,0.000767397425706,-0.0407548469108,-0.000537169129509,0.0189117450086,0.000137282248039,0.573971428136,0.818861413155,0.00187952932336,0.0,0.818816955511,-0.573912751837,-0.0119872243222,0.0,-0.00873735782338,0.00841947684298,-0.999926382784,0.0,0.6611298663,0.26012164875,0.303211443859,1.0,-0.00496,-0.00651885714286,0.249
0.464560705851,0.544310878659,-0.124011716091,-1.36138657984,0.0792160555825,1.89607567832,0.158539839543,-0.00181556073383,-0.0324698928176,0.00156168057662,-0.0447976453088,-0.00242014035667,0.022323657167,-0.00626321342252,0.573969439599,0.818862824772,0.00187176775606,0.0,0.818818153974,-0.573910689138,-0.0120041041944,0.0,-0.00875565572021,0.00842278854081,-0.999926194839,0.0,0.66104194029,0.260012220916,0.303200046968,1.0,-0.0053,-0.00696571428571,0.266
0.464489569273,0.543801986249,-0.124017617545,-1.36221200675,0.0791810497514,1.89635893239,0.158439168152,-0.00549926398536,-0.0330979726771,-0.000837899268157,-0.042465386127,5.130008566e-05,0.018642128165,0.000851668246952,0.573985934611,0.818851311846,0.00185009658902,0.0,0.818806211566,-0.573927135165,-0.0120323864542,0.0,-0.00879108405313,0.00842145330266,-0.999925895237,0.0,0.660943662397,0.25988403779,0.303192009608,1.0,-0.00564,-0.00741257142857,0.283
0.464418012611,0.54326381328,-0.12402511062,-1.36306555489,0.0791276675408,1.89665634824,0.158316889794,-0.00949738421654,-0.0323403578224,-0.000944316811333,-0.048513575947,7.92919894478e-05,0.0181433584419,-0.00156364076036,0.57398282345,0.818853532766,0.00183225607563,0.0,0.818808219682,-0.573924121445,-0.0120394811607,0.0,-0.0088071652879,0.00841088366038,-0.999925842688,0.0,0.66084388712,0.259749697258,0.303192490537,1.0,-0.00598,-0.00785942857143,0.3
0.464343399929,0.542663329489,-0.124015868027,-1.36401887214,0.0790739907812,1.89699597869,0.158217383408,-0.00287182966396,-0.0351639327248,0.00877225746383,-0.0531780200774,-0.00493764430562,0.0171056787334,-0.00155388313391,0.573994592967,0.81884529887,0.00182501075441,0.0,0.818799780168,-0.57393581533,-0.0120559851729,0.0,-0.00882471764991,0.00841455071282,-0.999925657084,0.0,0.66072802242,0.259614835012,0.30319260884,1.0,-0.00634,-0.00833257142857,0.318
0.464277411321,0.542097681782,-0.124025423254,-1.36488582497,0.079023495504,1.89732020518,0.158083660139,-3.61012772164e-05,-0.0276922986353,-0.000652634232197,-0.0529728744879,-0.00283280551767,0.018490110455,-0.00648556751436,0.573980530634,0.81885511521,0.00184327099219,0.0,0.818809862141,-0.573921700672,-0.0120431748241,0.0,-0.00880389158761,0.00842199849261,-0.999925777963,0.0,0.660629833163,0.259484051098,0.303208398915,1.0,-0.00666,-0.00875314285714,0.334
0.464184145365,0.541455375992,-0.124018350846,-1.36586400583,0.0789674417006,1.89768542315,0.157950262431,-0.00679094943572,-0.0323668838711,0.0013463708667,-0.0627744500605,-0.000182303557768,0.0187390256866,-0.00710883623758,0.5739820377,0.818853994422,0.00187166172439,0.0,0.818809043941,-0.573923018526,-0.0120359988572,0.0,-0.00878170506961,0.00844114321511,-0.999925811627,0.0,0.66051961384,0.259334579517,0.303228378506,1.0,-0.007,-0.0092,0.351
0.464099181359,0.540767189948,-0.124021266013,-1.36692492867,0.0789005330563,1.89807556006,0.157816974803,-0.00579004235359,-0.037815289165,0.000782932566349,-0.060133475437,-0.00492452524205,0.0180620296353,-0.00627726140477,0.57398542226,0.818851593483,0.00188408705327,0.0,0.818806833307,-0.573926375815,-0.0120262951209,0.0,-0.00876659245329,0.00844578404445,-0.999925905049,0.0,0.660397029877,0.259175526517,0.303243790763,1.0,-0.00734,-0.00964685714286,0.368
0.464008728562,0.540126576731,-0.124021172678,-1.36789986195,0.0788479214051,1.89844105854,0.157705673417,-0.00587238028255,-0.0472745955914,0.000930869144552,-0.0664367299985,-0.00537140095695,0.0249086146515,-0.00184617783471,0.574008222112,0.818835542159,0.00191382994177,0.0,0.818791112236,-0.573948988523,-0.0120174871901,0.0,-0.00874207319143,0.00846532638668,-0.999925954461,0.0,0.660287897762,0.259024825748,0.303264188526,1.0,-0.00764,-0.0100411428571,0.383
0.463900172543,0.539345459156,-0.124029604211,-1.36911218751,0.0787762336716,1.89890529785,0.157550830598,-0.0109884158912,-0.0469208383657,-0.000208771421654,-0.0702771404299,-0.00372340141258,0.032095545066,-0.00741885155294,0.57402422313,0.81882426415,0.00193974232122,0.0,0.818780211828,-0.573964914864,-0.0119995051934,0.0,-0.00871230971289,0.0084763924721,-0.999926120486,0.0,0.660154781343,0.258834516218,0.303279605991,1.0,-0.008,-0.0105142857143,0.401
0.463794206912,0.538628316526,-0.124029986298,-1.37022954967,0.0787139018925,1.89934030739,0.157415709294,-0.00145932073985,-0.0456367301899,0.000357602642264,-0.0759990419251,-0.00717690707301,0.0312376203056,-0.0112621620346,0.574047816877,0.818807652591,0.00196949187987,0.0,0.818763952895,-0.573988344608,-0.0119881856387,0.0,-0.00868571998486,0.00849450429652,-0.999926198109,0.0,0.660024062402,0.258649308794,0.303290744313,1.0,-0.00834,-0.0109611428571,0.418
0.463682518073,0.537856761206,-0.124039237305,-1.37145306883,0.0786363757639,1.89980925288,0.157264629958,-0.00791742560718,-0.0426059474327,0.00136339967718,-0.0739330979045,-0.00430277263807,0.0232172413823,-0.00709129957762,0.574066919228,0.818794236129,0.00197940150896,0.0,0.818750765069,-0.574007500039,-0.01197169575,0.0,-0.00866633101883,0.00849335452039,-0.999926376108,0.0,0.659898636476,0.258465651551,0.303295616293,1.0,-0.00866,-0.0113817142857,0.434
0.463559043732,0.536973508681,-0.124045663066,-1.3728297939,0.07856959242,1.90032537967,0.157097385079,-0.0104303853526,-0.0446384029962,0.000723871988043,-0.0776421784823,-0.00133728741728,0.0306248104605,-0.00898450234398,0.574093605134,0.818775462544,0.00200533826005,0.0,0.81873220816,-0.574033954205,-0.0119723699836,0.0,-0.00865171709246,0.00851526001276,-0.999926316354,0.0,0.659742789632,0.258252837873,0.30330895204,1.0,-0.00902,-0.0118548571429,0.452
0.463444165941,0.536128380843,-0.12405456428,-1.37415875058,0.0784847878687,1.90081971148,0.156932850911,-0.00887036784022,-0.0477288268419,0.000250285356308,-0.0782279860444,-0.00297208057179,0.0292101343687,-0.0125233522699,0.574109579353,0.818764253261,0.00200882511671,0.0,0.818721118386,-0.574049984731,-0.0119621169233,0.0,-0.00864115407153,0.0085123973512,-0.999926432068,0.0,0.659591689236,0.2580450596,0.303316097199,1.0,-0.00936,-0.0123017142857,0.469
0.463343731891,0.535337760746,-0.124063458501,-1.37541449511,0.0784112047558,1.90126164668,0.156783852321,-0.00878616891425,-0.054210924202,0.000281712667164,-0.0864005438836,-0.00718577793859,0.0234469426875,-0.0130945507222,0.574125162702,0.818753376441,0.00198822049095,0.0,0.818709948343,-0.574065628482,-0.0119758749708,0.0,-0.00866408583297,0.00850359078202,-0.999926308565,0.0,0.659441044329,0.257853064061,0.30331493839,1.0,-0.00966,-0.012696,0.484
0.463221531316,0.534446839166,-0.124066284456,-1.3768773926,0.0783370138945,1.90179648548,0.156602873585,-0.0107062732315,-0.0499231571501,-0.00329736740168,-0.0936354532386,-0.00771630391768,0.021058947616,-0.0126792853025,0.574139390628,0.818743462103,0.00196221634591,0.0,0.818699545913,-0.574079819058,-0.0120067386491,0.0,-0.00870413754695,0.00850017089745,-0.999925989803,0.0,0.659267377155,0.257633172144,0.303293691153,1.0,-0.01,-0.0131428571429,0.501
0.463091228386,0.53345593515,-0.1240702818,-1.3784299216,0.0782365838498,1.90237695639,0.156407161084,-0.00715881774198,-0.0547979260172,-0.000260543261606,-0.0800512097467,-0.00195790880266,0.0292467891181,-0.013591257877,0.574146683064,0.81873832285,0.00197279589913,0.0,0.818694613664,-0.574087133035,-0.011993337438,0.0,-0.00868701548952,0.00850121596011,-0.999926129816,0.0,0.659088022213,0.257396819331,0.303304049246,1.0,-0.01036,-0.013616,0.519
0.462990298015,0.532617402062,-0.124068040538,-1.37977716805,0.0781791163516,1.90289405554,0.156242660962,-0.0112003847358,-0.062264416621,9.78109962446e-05,-0.08960580758,-0.00910169797081,0.0285905592236,-0.0128207676953,0.574151466124,0.818734922769,0.0019917547671,0.0,0.818691236433,-0.574091615002,-0.0120093244374,0.0,-0.00868917089826,0.00852596755711,-0.999925900348,0.0,0.658928082493,0.257208456544,0.30329885153,1.0,-0.01066,-0.0140102857143,0.534
0.462831701719,0.531469451093,-0.124060242285,-1.38164648534,0.0780537783468,1.90357119557,0.15599783138,-0.00957711547261,-0.0630878591055,0.000900434128246,-0.094958182739,-0.00992910325925,0.0372911932464,-0.0139960920405,0.574143547695,0.818740580972,0.00194797599396,0.0,0.818696342192,-0.574083903228,-0.0120298893079,0.0,-0.00873122500209,0.00850184783345,-0.999925739389,0.0,0.658703389536,0.256927360329,0.303276712319,1.0,-0.01106,-0.014536,0.554
0.462716943441,0.530574984636,-0.124068041537,-1.38309111332,0.0779640177226,1.90407062205,0.155812927572,-0.0125995403227,-0.0574754292329,0.00501968419021,-0.0945145261789,-0.0136068736582,0.0367116578658,-0.0170548044806,0.574145883711,0.818739051278,0.00190184932988,0.0,0.818694194942,-0.574086423706,-0.0120557117331,0.0,-0.00877882512621,0.00847893351854,-0.999925517184,0.0,0.658525508609,0.25670688933,0.303262945032,1.0,-0.01136,-0.0149302857143,0.569
0.462575948736,0.529530859887,-0.124065268208,-1.38473751618,0.0778676513003,1.90467966754,0.155587572183,-0.0127655142936,-0.0596618446053,0.000278522999411,-0.0966004349764,-0.0106257349554,0.0430016395751,-0.020766235483,0.574138375174,0.81874429874,0.00190953753996,0.0,0.818699472326,-0.574078814506,-0.0120596703964,0.0,-0.00877773033301,0.00848742035199,-0.999925454794,0.0,0.658330596693,0.256459678451,0.303267528678,1.0,-0.0117,-0.0153771428571,0.586
0.462434605707,0.528430919425,-0.124066230319,-1.38643947543,0.0777577110095,1.90532689579,0.155351763629,-0.00481540687441,-0.0582650328095,0.00052036225812,-0.10429727481,-0.00324871306985,0.0391036469443,-0.0195146085519,0.574124435529,0.81875399428,0.00194326538483,0.0,0.818709677702,-0.574064797851,-0.0120340519054,0.0,-0.00873753603927,0.00850017708898,-0.999925698466,0.0,0.658132992116,0.256204632763,0.303288122681,1.0,-0.01204,-0.015824,0.603
0.462284442071,0.527236939376,-0.124068689013,-1.38829367888,0.0776424086381,1.90603675322,0.155096623197,-0.0119153278803,-0.070128098255,0.000189048546061,-0.103873522176,-0.00446861118423,0.0423650046453,-0.0120721695123,0.574109579178,0.818764318402,0.00198214756143,0.0,0.818720555993,-0.57404982248,-0.0120083057324,0.0,-0.00869428819436,0.00851707228425,-0.999925931673,0.0,0.657917065405,0.255929480267,0.303307653782,1.0,-0.0124,-0.0162971428571,0.621
0.462144398994,0.526204799013,-0.124071287472,-1.38988274676,0.0775441817363,1.90662962717,0.154893387867,-0.0113423742641,-0.0715921849716,0.00052707792507,-0.107173588729,-0.00509677377919,0.0376248037976,-0.00997221242069,0.574118952733,0.818757675741,0.00201082767335,0.0,0.818714304708,-0.574059090222,-0.011991459509,0.0,-0.00866393241911,0.00853098180336,-0.99992607658,0.0,0.657731664509,0.255685118315,0.3033290562,1.0,-0.0127,-0.0166914285714,0.636
0.461993404282,0.525023646843,-0.124082628835,-1.39173247815,0.0774352208544,1.90728324323,0.154642348265,-0.00951180574389,-0.0658670279178,-0.000870459900429,-0.109987099945,-0.00687717639228,0.0355746040118,-0.0068531132884,0.57411509731,0.818760410381,0.0019980826863,0.0,0.818716825427,-0.574055242337,-0.0120035581869,0.0,-0.00868119552636,0.00852745207029,-0.999925956962,0.0,0.657505984539,0.255401914622,0.303336517352,1.0,-0.01304,-0.0171382857143,0.653
0.461832666796,0.523837074462,-0.124084020709,-1.39362857514,0.0772956660341,1.90797296879,0.154367553204,-0.0106148969137,-0.0774750103228,0.00100673477756,-0.110796142692,-0.0162704064956,0.0431086100472,-0.0121268764948,0.57408673227,0.818780374488,0.00196699933513,0.0,0.818736560621,-0.574027185901,-0.0119992103759,0.0,-0.00869577429272,0.00849920538095,-0.999926070776,0.0,0.65727804474,0.255110228955,0.303328189068,1.0,-0.01338,-0.0175851428571,0.67
0.461694010132,0.522690994739,-0.124092546727,-1.39545027638,0.0772003407179,1.90866940342,0.154128137413,-0.00739970064523,-0.0728586360773,-0.000123367804026,-0.112761346015,-0.0102908962487,0.0454899645144,-0.0164534040035,0.574082461719,0.818783315171,0.00198918215165,0.0,0.818739693595,-0.574022726609,-0.0119987653746,0.0,-0.00868272029819,0.0085170671291,-0.999926032232,0.0,0.657060869581,0.25484476601,0.303327382449,1.0,-0.0137,-0.0180057142857,0.686
0.461525377585,0.521459216234,-0.124093686919,-1.39743456579,0.0770713247872,1.90945257031,0.153856375909,-0.0087191039367,-0.0733859523039,0.000346933662985,-0.120651228445,-0.00729613981029,0.0487822514804,-0.0131331121166,0.574070437014,0.81879170307,0.00200679632526,0.0,0.818748426655,-0.574010742447,-0.011976155748,0.0,-0.00865422093307,0.00851838230316,-0.999926268093,0.0,0.656832139248,0.254546219497,0.303316357061,1.0,-0.01404,-0.0184525714286,0.703
0.461357831053,0.52016186017,-0.12409930532,-1.39946216055,0.0769467712733,1.91017925605,0.153580111376,-0.00931125494198,-0.0794376417418,-0.000445815315863,-0.122974214543,-0.0156432591064,0.0447934930403,-0.01842591708,0.574059709592,0.818799234904,0.0020024098559,0.0,0.818755872086,-0.574000006094,-0.0119817290398,0.0,-0.00866141406017,0.00851787671635,-0.999926210119,0.0,0.656583430119,0.254238488551,0.303325638342,1.0,-0.01438,-0.0188994285714,0.72
0.461193552569,0.518906618286,-0.124097200242,-1.40142744126,0.0768207795557,1.91088331271,0.153326704119,-0.0119347241553,-0.0827085421472,0.00164041604057,-0.126535132776,-0.0103464665922,0.0455526900256,-0.00990414153469,0.574055507259,0.818802199935,0.00199470997558,0.0,0.818758718499,-0.573995818888,-0.0119878139081,0.0,-0.00867086015542,0.00851502071787,-0.999926152576,0.0,0.656340614123,0.253942538638,0.303332422095,1.0,-0.0147,-0.01932,0.736
0.461016576306,0.517557843575,-0.12410782265,-1.4035374495,0.0766841039461,1.91164261292,0.153033206029,-0.0111768082253,-0.0757305571158,-0.00310344424604,-0.128120470661,-0.0168260571358,0.0500818776723,-0.0195765640281,0.574042409843,0.818811401917,0.00198662891406,0.0,0.81876787312,-0.573982814204,-0.0119852344626,0.0,-0.00867352276991,0.00850678458604,-0.999926199586,0.0,0.656083030805,0.253616960511,0.303340780689,1.0,-0.01504,-0.0197668571429,0.753
0.460834867443,0.516209370313,-0.124117709307,-1.40569109963,0.0765459184057,1.91245106711,0.152734769081,-0.0108806723413,-0.0786559028458,-0.00103280603797,-0.128304002658,-0.0152091639191,0.0467619794625,-0.0133128115279,0.574030485673,0.818819773635,0.00198159602355,0.0,0.818776264886,-0.573970996777,-0.011977888764,0.0,-0.00867052045589,0.00849832071421,-0.999926297594,0.0,0.655825245196,0.253286632832,0.303332023296,1.0,-0.01538,-0.0202137142857,0.77
0.460647777395,0.514824139523,-0.124119143212,-1.40789880094,0.0764097154075,1.91326546096,0.152446288806,-0.00771232868018,-0.0869872846728,0.00128464192693,-0.131625757768,-0.00450465478288,0.0415851467425,-0.0115146280734,0.574028093572,0.818821472938,0.00197234553762,0.0,0.818777818908,-0.573968619932,-0.011985553789,0.0,-0.00868213151916,0.00849512092672,-0.999926224035,0.0,0.65555530007,0.252952565278,0.303323146537,1.0,-0.01572,-0.0206605714286,0.787
0.460464718725,0.51342614268,-0.124116190997,-1.41015931823,0.0762783895921,1.91404963379,0.152124214595,-0.0106294691157,-0.0850540999857,0.00452665712355,-0.135782977145,-0.00678113943106,0.0457131287887,-0.0192759566775,0.573995270876,0.818844627867,0.00191084448956,0.0,0.818799968115,-0.573935867076,-0.0120407474854,0.0,-0.00876296791928,0.00847609471266,-0.999925680344,0.0,0.655263945647,0.252616443946,0.303294922025,1.0,-0.01606,-0.0211074285714,0.804
0.460221531562,0.511671424432,-0.124126999276,-1.41299134539,0.0761017486831,1.91508733369,0.151729404346,-0.0135053597077,-0.0796037843349,-0.00637905698282,-0.136827942678,-0.00279443479833,0.0567447105802,-0.0198657352518,0.573979412408,0.818855835871,0.00187112066486,0.0,0.818810665827,-0.573920191736,-0.0120604289733,0.0,-0.00880204818388,0.008454694272,-0.999925518273,0.0,0.654916264287,0.25217969199,0.303266473661,1.0,-0.01648,-0.0216594285714,0.825
0.460078472501,0.510630188745,-0.12412745595,-1.41462872184,0.0759979402827,1.91571635788,0.151492973134,-0.0132654248655,-0.0868375973838,-0.00162869923295,-0.138927605936,-0.00610976713902,0.0617790113617,-0.0161641497191,0.573960857831,0.818868785128,0.00189560600474,0.0,0.818823972974,-0.573901569407,-0.0120431232024,0.0,-0.00877401533179,0.00846461193421,-0.999925680738,0.0,0.654720537675,0.251931021934,0.303270711051,1.0,-0.01672,-0.0219748571429,0.837
0.459836044779,0.508859662518,-0.124130886048,-1.41741122571,0.0758218775812,1.91672725374,0.151103265246,-0.00914860273693,-0.0963536648916,-0.000462137497627,-0.140008642559,-0.0113827624111,0.0487087952618,-0.0182281357792,0.573944276785,0.818880404832,0.00189647815371,0.0,0.818835584386,-0.573884967652,-0.0120447726001,0.0,-0.00877503690566,0.00846609509485,-0.999925659217,0.0,0.654359657139,0.251481473369,0.303278757718,1.0,-0.01714,-0.0225268571429,0.858
0.459664828057,0.507612155332,-0.124136134472,-1.41938773151,0.0756992711171,1.91742208413,0.150825132602,-0.0103301077506,-0.0893374458928,0.00026627739442,-0.142853502076,-0.0114834970385,0.0427595434576,-0.0251024645383,0.573925141863,0.81889389802,0.00186070552201,0.0,0.818848560265,-0.573865943248,-0.0120690278584,0.0,-0.00881562746692,0.00845051726219,-0.999925433955,0.0,0.654125232134,0.251197827236,0.303265441383,1.0,-0.0174,-0.0228685714286,0.871
0.459460807523,0.506127950633,-0.124137571699,-1.42168445605,0.0755551900188,1.91828267162,0.15052595253,-0.0088675978244,-0.0983079089238,0.000586750122871,-0.146135286384,-0.0114194517581,0.0622041152381,-0.00758010237627,0.573928111499,0.818891729348,0.00189877287032,0.0,0.818846902327,-0.573868759149,-0.0120476024016,0.0,-0.00877620450325,0.00846942504017,-0.999925620771,0.0,0.653845227409,0.250845698628,0.303284622392,1.0,-0.01772,-0.0232891428571,0.887
0.459213924003,0.504307811817,-0.12414369466,-1.4244472716,0.0753806444217,1.91934307624,0.150134035176,-0.0117697711344,-0.102116478852,-0.00033521957411,-0.144661393643,-0.0128324162214,0.051767033293,-0.0124883542138,0.573909055774,0.818904857916,0.00199406200175,0.0,0.818861362478,-0.573849382949,-0.0119875615286,0.0,-0.00867254809446,0.00851279434318,-0.999926156895,0.0,0.653514570319,0.250420622607,0.30333355338,1.0,-0.0181,-0.0237885714286,0.906
0.45900237104,0.502735776147,-0.12414404522,-1.42676961474,0.0752311139751,1.92022648535,0.149808246166,-0.0114494419489,-0.0917657919814,-0.00114424003065,-0.141314656382,-0.00558323087606,0.0587209859908,-0.0205142070102,0.573894508986,0.818914776764,0.00210424695931,0.0,0.81887278889,-0.573834450581,-0.011921654344,0.0,-0.00855549422777,0.00856504744584,-0.999926719055,0.0,0.653235205568,0.250063156403,0.303402553519,1.0,-0.01842,-0.0242091428571,0.922
0.458787156741,0.501219256475,-0.1241518787,-1.42903096426,0.0750853673072,1.9210239195,0.149487463672,-0.0144447155725,-0.100369777027,0.000315706957634,-0.153682076,-0.0138435115895,0.0503466839016,-0.0240015305868,0.5738895216,0.818918161385,0.00214682386922,0.0,0.818876736635,-0.573829299435,-0.0118984120661,0.0,-0.00851207917956,0.00858652344974,-0.99992690539,0.0,0.652953322412,0.249700392384,0.303454069817,1.0,-0.01872,-0.0246034285714,0.937
0.458535964441,0.499412601652,-0.124147669936,-1.43178901618,0.0749143874094,1.92201929895,0.149100692886,-0.0123287931099,-0.0954232527571,0.000304596988881,-0.153254231146,-0.0113855019431,0.0506992279544,-0.0208304207572,0.573869636285,0.818931991872,0.00218635292743,0.0,0.81889099167,-0.573809166365,-0.0118882823757,0.0,-0.00848130870671,0.00861287482443,-0.999926940226,0.0,0.652605454345,0.249275521844,0.303487854931,1.0,-0.01908,-0.0250765714286,0.955
0.45827494188,0.497740847927,-0.124145394635,-1.43443278317,0.0747555947823,1.92300611152,0.148709464752,-0.0148776536019,-0.0989970922592,0.000890341930732,-0.156338288964,-0.0114968820399,0.0580356835578,-0.024254744623,0.573852914185,0.818943671505,0.00220061014795,0.0,0.818902767829,-0.573792298673,-0.0118912457834,0.0,-0.00847573050941,0.00862607786587,-0.999926873713,0.0,0.652280877186,0.24885633249,0.303480706142,1.0,-0.01942,-0.0255234285714,0.972
0.45800978752,0.496066068515,-0.124148317766,-1.43711794977,0.0745872887516,1.92394511433,0.148310477153,-0.0142243965509,-0.0993207716949,0.00160590778806,-0.160635219942,-0.00212829349981,0.0484645798098,-0.0348450067594,0.573835463282,0.818956062841,0.0021389524701,0.0,0.81891424831,-0.573774990474,-0.0119357078278,0.0,-0.00854770742654,0.00860091667947,-0.999926477762,0.0,0.651938234911,0.248422032129,0.303451366863,1.0,-0.01976,-0.0259702857143,0.989
0.457749650743,0.494485045819,-0.124156131986,-1.43970899187,0.074423952492,1.9248407658,0.14795826176,-0.01801419385,-0.100700349232,-0.00116661935943,-0.169273652857,-0.0110825206107,0.0647058188572,-0.0241964578355,0.573851790751,0.818944878505,0.00203841227229,0.0,0.818901656376,-0.573791637199,-0.011999215238,0.0,-0.00865723862887,0.00855519505209,-0.999925927685,0.0,0.651605605899,0.247996088573,0.303397372784,1.0,-0.0215251428571,-0.0282901877551,1.005
0.457445127896,0.492269953523,-0.124226590371,-1.44311222077,0.0742239422975,1.92610829033,0.147465592537,-0.0199697922416,-0.136180803576,-0.00684781333336,-0.204231229949,-0.013947970828,0.0729350107451,-0.037674068565,0.573865453955,0.818935159248,0.00209585433297,0.0,0.818892870863,-0.573805242497,-0.0119480807852,0.0,-0.00858225647178,0.00857303603283,-0.999926421257,0.0,0.651192374018,0.247435841711,0.303431448481,1.0,-0.0284782857143,-0.0374286040816,1.023
0.457104108247,0.489876966391,-0.12423790038,-1.44697480699,0.0740087594209,1.92753579731,0.146900025011,-0.0233947010169,-0.157846606856,0.00416105073527,-0.264424472375,-0.0138277361467,0.0948242435827,-0.040652638554,0.573825082873,0.818963517229,0.00206848107252,0.0,0.818920606166,-0.573764725699,-0.0119927995818,0.0,-0.00863501010242,0.00857585609944,-0.999925942904,0.0,0.650698331273,0.246843009235,0.303381773059,1.0,-0.0346588571429,-0.0455516408163,1.039
0.456584599352,0.486520052936,-0.124283909702,-1.45227888333,0.0736937033155,1.92950632136,0.146125172979,-0.0292068526104,-0.200279510766,-0.00771051894441,-0.308073540825,-0.0169025798095,0.117906537763,-0.0506223818601,0.57382765262,0.818961677638,0.00208387861119,0.0,0.818918944988,-0.5737672083,-0.0119874568009,0.0,-0.00862177251494,0.00858542716678,-0.999925975,0.0,0.65004011682,0.245976670705,0.303362278483,1.0,-0.041612,-0.0546900571429,1.057
0.456040919012,0.483002331673,-0.12437969264,-1.45774322235,0.0733689029793,1.93147972649,0.145282932971,-0.0355086261762,-0.23046130124,-0.00918087936588,-0.35706713387,-0.0202121959025,0.125291850569,-0.0500845868025,0.573833724477,0.818957391364,0.00209635005751,0.0,0.81891493176,-0.573773337502,-0.0119682334898,0.0,-0.00859880906267,0.00858467364472,-0.999926179206,0.0,0.649359944183,0.245047833544,0.303377066632,1.0,-0.0477925714286,-0.0628130938775,1.073
0.455399633019,0.478964343487,-0.124463863436,-1.4640732046,0.0729915725821,1.93369702733,0.144338173591,-0.0413278567433,-0.261974352133,-0.00224395132998,-0.416282159744,-0.0274899108497,0.145077446043,-0.0580361822389,0.573852898688,0.818944125218,0.00202912292998,0.0,0.818900672315,-0.57379267615,-0.0120166792761,0.0,-0.00867686007801,0.00855762112749,-0.999925736852,0.0,0.6485475163,0.243975758261,0.303358275089,1.0,-0.0539731428571,-0.0709361306122,1.089
0.45462560936,0.474133283191,-0.1245334604,-1.47149571296,0.0725444617012,1.93641289549,0.143281215111,-0.0477345761894,-0.294100276019,-0.00101357484185,-0.455103818823,-0.0227135599201,0.167686630831,-0.0697947040859,0.57390975981,0.818904018117,0.00213157398525,0.0,0.818861868202,-0.573849067551,-0.0119680983084,0.0,-0.00857768719719,0.00861423893213,-0.999926106355,0.0,0.647610755686,0.242730653723,0.303406755486,1.0,-0.06054,-0.0795668571429,1.106
0.453678126379,0.468453334773,-0.124577686127,-1.48013204776,0.0720326406216,1.93957343373,0.141938354397,-0.0503959270931,-0.328213425953,-0.00313817618651,-0.489653132354,-0.0215833382425,0.186582268877,-0.0755341146254,0.573892529334,0.81891558729,0.0023178803142,0.0,0.81887558249,-0.573830796038,-0.0119056633802,0.0,-0.00841982432094,0.00873079495794,-0.999926437183,0.0,0.646512951123,0.241276980733,0.303495642323,1.0,-0.0674931428571,-0.0887052734694,1.124
0.452750525681,0.462885863246,-0.124606119782,-1.4886397756,0.0714808204484,1.94260610894,0.140571742582,-0.0621315687505,-0.360058058982,-0.0033485377245,-0.552906414052,-0.0366609390087,0.193581889367,-0.0913754199571,0.573803900646,0.818977481137,0.00239079377141,0.0,0.818938335033,-0.57374179709,-0.0118785767959,0.0,-0.0083567494822,0.0087740552979,-0.999926587651,0.0,0.645399282817,0.239846487928,0.303549087957,1.0,-0.0736737142857,-0.0968283102041,1.14
0.451582706217,0.456146520018,-0.124668400259,-1.49914015169,0.0707841348589,1.94617458096,0.139025063173,-0.0692142386164,-0.376472204294,-0.0018807598889,-0.606511066551,-0.0385112440797,0.196722405596,-0.0894748765376,0.573834878592,0.818956280206,0.00221136245803,0.0,0.818914577598,-0.573773266573,-0.0119958352929,0.0,-0.00855540870648,0.00869471304234,-0.999925600706,0.0,0.643980773529,0.238037603426,0.3035002849,1.0,-0.0806268571429,-0.105966726531,1.158
0.450383184655,0.449115307891,-0.124764658453,-1.50953759022,0.0700613948833,1.95006804763,0.137340361243,-0.0729701249974,-0.418899321995,-0.00314014123332,-0.624206739761,-0.0501925549047,0.244474337162,-0.0939083169058,0.573784423359,0.818990452828,0.00261162573983,0.0,0.818954826847,-0.573722196786,-0.0116867189703,0.0,-0.00807311903747,0.00884463109744,-0.999928296054,0.0,0.642658053724,0.236224047041,0.303717536883,1.0,-0.0871937142857,-0.114597453061,1.175
0.449210352013,0.442631424749,-0.124787118489,-1.519406413,0.0694424433999,1.9535286784,0.135846429913,-0.0817068306682,-0.440600215148,-0.00449811574812,-0.681153164245,-0.0489326743528,0.241446435632,-0.102645233645,0.573804630429,0.818976068961,0.00268169141589,0.0,0.818940867404,-0.573741618472,-0.0117114401428,0.0,-0.00805294628096,0.00891639694542,-0.999927821356,0.0,0.641231009329,0.23439772432,0.30375519503,1.0,-0.0933742857143,-0.122720489796,1.191
0.447777061366,0.434860675818,-0.124819018081,-1.53136121573,0.0686317378071,1.95759736833,0.133902094209,-0.0867019654636,-0.482571795762,-0.00111043743787,-0.699750480358,-0.0489748770086,0.254007724819,-0.112060227243,0.573719510689,0.819036015038,0.00258380083981,0.0,0.818999188478,-0.573656478235,-0.0118034381983,0.0,-0.00818538448947,0.00888816470328,-0.99992699734,0.0,0.639660618278,0.232425601476,0.303733713615,1.0,-0.0995548571428,-0.130843526531,1.207
0.446207549933,0.42661333623,-0.124856673201,-1.54387909134,0.0677438681352,1.96204806903,0.131873252597,-0.0981417021083,-0.487152590398,-0.0015029821954,-0.757177098254,-0.0522330216934,0.257214394919,-0.122664612179,0.573664804707,0.81907395907,0.00269968804475,0.0,0.819038919436,-0.573601667336,-0.0117099350668,0.0,-0.00804291216282,0.00892889910118,-0.999927790555,0.0,0.63795338941,0.230201808008,0.303780471654,1.0,-0.106121714286,-0.139474253061,1.224
0.444694280998,0.418977473691,-0.124937409354,-1.55556397404,0.0669113643145,1.96595828435,0.129931901808,-0.106668353175,-0.515569520938,-0.0129441856584,-0.802905649605,-0.0500657094258,0.266861222895,-0.127043996269,0.573634364877,0.819095684524,0.0025733105839,0.0,0.819059025308,-0.57357171179,-0.0117707857394,0.0,-0.00816557885875,0.0088599910427,-0.999927409306,0.0,0.636201518358,0.227914605058,0.303757280072,1.0,-0.112302285714,-0.147597289796,1.24
0.442748673647,0.40932184519,-0.125042317624,-1.57005645202,0.0659088845527,1.97108309843,0.127518614258,-0.115017701586,-0.538352913152,-0.00182093877359,-0.812516864415,-0.0582078603915,0.274896726744,-0.140579834992,0.573649271758,0.819084618654,0.00276539284773,0.0,0.819050621897,-0.573586119629,-0.0116528554668,0.0,-0.00795863695187,0.00894982109592,-0.999928277828,0.0,0.634300461562,0.225382928588,0.303834200318,1.0,-0.118869142857,-0.156228016327,1.257
0.440700908192,0.39977713298,-0.125151412194,-1.58454500617,0.0649388961997,1.97590641587,0.12511183652,-0.125835744755,-0.578045372779,-0.0104730816245,-0.830662548974,-0.0508819199006,0.301244789166,-0.137909680428,0.573748895386,0.81901515669,0.00266928008704,0.0,0.818979247859,-0.573685332223,-0.0117846540195,0.0,-0.00812063977225,0.00894768949494,-0.999926994366,0.0,0.632217809309,0.2226362856,0.303800176179,1.0,-0.125436,-0.164858742857,1.274
0.438641236421,0.390403933677,-0.125285245396,-1.59855586029,0.0638543650007,1.98074961121,0.122707250706,-0.125564827888,-0.584713355806,-0.00868573636842,-0.87528749135,-0.0706813055347,0.300030317756,-0.150183013923,0.573805916473,0.818974908814,0.00275968398483,0.0,0.818941110619,-0.573743070446,-0.0116229667,0.0,-0.0079357213176,0.00892951764781,-0.999928641475,0.0,0.630237343953,0.219913651387,0.303857078913,1.0,-0.131616571429,-0.172981779592,1.29
0.436328845048,0.380016096503,-0.125383745902,-1.61408031213,0.0626975658423,1.98588600608,0.119927927157,-0.133476263083,-0.621582752468,-0.00518359115788,-0.904921398119,-0.0691657222379,0.319366466772,-0.163623760867,0.573757219446,0.819009155546,0.00272087621845,0.0,0.818974857041,-0.573694515474,-0.0116418791407,0.0,-0.00797400736452,0.00890811292569,-0.999928527811,0.0,0.627948356965,0.216912356141,0.30387472417,1.0,-0.138183428571,-0.181612506122,1.307
0.433654153525,0.368673486313,-0.125496670499,-1.6310713542,0.0614309715125,1.99152612436,0.116915394796,-0.153525839503,-0.632900269834,-0.00463078468905,-0.964516489302,-0.0866513192826,0.316540514502,-0.163725901543,0.573827752229,0.818959892533,0.0026743401642,0.0,0.818924935021,-0.57376513914,-0.0116731662359,0.0,-0.00802556632668,0.00888864172163,-0.999928288595,0.0,0.625427258654,0.213550606448,0.303847390969,1.0,-0.145136571429,-0.190750922449,1.325
0.431138031896,0.358144297747,-0.125643935961,-1.64654948003,0.0602124039304,1.99665730715,0.114114391495,-0.150950701341,-0.654979747907,-0.00609938925281,-0.991232988815,-0.0766867419061,0.316660560288,-0.180856252749,0.573902073951,0.818907532918,0.002758432003,0.0,0.818874255924,-0.573839825423,-0.011556584504,0.0,-0.00788102770025,0.00889132795419,-0.999929414354,0.0,0.623116435202,0.210419751825,0.303923305772,1.0,-0.151317142857,-0.198873959184,1.341
0.428070881344,0.34597227905,-0.12577884181,-1.66456155817,0.0589061784871,2.00242613705,0.110675925263,-0.174661044598,-0.702708297601,-0.00987034189879,-0.991335018193,-0.0717895592375,0.333170647184,-0.187086977627,0.573941342979,0.81888018512,0.00270631462728,0.0,0.81884538686,-0.573878319462,-0.0116899003886,0.0,-0.00801968690781,0.00892554222058,-0.999928007067,0.0,0.620344415149,0.206734796736,0.303905150969,1.0,-0.158270285714,-0.20801237551,1.359
0.425038162624,0.334125778692,-0.125870022515,-1.68206991325,0.0575248482946,2.00808892202,0.107396433209,-0.176875846449,-0.708913186419,-0.0069780665054,-1.0510702295,-0.0819142235483,0.329138856493,-0.194390949399,0.573978741795,0.818854115567,0.00266238389212,0.0,0.818818671443,-0.573915785253,-0.0117218443566,0.0,-0.00807065173641,0.00890827062855,-0.999927751038,0.0,0.617610556081,0.203153268111,0.303864554456,1.0,-0.164837142857,-0.216643102041,1.376
0.422262058582,0.323266285994,-0.125868002098,-1.69776680203,0.056204655732,2.01310570948,0.104297152056,-0.192091155042,-0.737242999509,0.00154803712041,-1.06320711026,-0.0764734263298,0.337957194351,-0.201687620877,0.573812231448,0.818970494456,0.00275665604258,0.0,0.818936528074,-0.573749249951,-0.0116407932925,0.0,-0.00795199000226,0.00893732797487,-0.999928442452,0.0,0.615103672769,0.199963024002,0.303943802654,1.0,-0.170631428571,-0.22425844898,1.391
0.41887698173,0.310723122495,-0.125929551381,-1.71597092464,0.0547748058897,2.01881726696,0.100652925141,-0.203226290621,-0.747835191298,-0.00787017648151,-1.06302209427,-0.082386697053,0.347711473281,-0.22264575958,0.573772540348,0.818998179383,0.00279302904008,0.0,0.818964038911,-0.573708710837,-0.0117032038728,0.0,-0.00798267126602,0.00900254068659,-0.99992761299,0.0,0.612156730547,0.196155742811,0.303957115154,1.0,-0.177198285714,-0.23288917551,1.408
