position_joint1,position_joint2,position_joint3,position_joint4,position_joint5,position_joint6,position_joint7,velocity_joint1,velocity_joint2,velocity_joint3,velocity_joint4,velocity_joint5,velocity_joint6,velocity_joint7,ee_T_00,ee_T_10,ee_T_20,ee_T_30,ee_T_01,ee_T_11,ee_T_21,ee_T_31,ee_T_02,ee_T_12,ee_T_22,ee_T_32,ee_T_03,ee_T_13,ee_T_23,ee_T_33,v_x,v_y,time
0.465067802562,0.547671988475,-0.124063309795,-1.35584828349,0.0795116987658,1.89415867138,0.1591290113,-0.00200327706351,0.00312798998011,0.00123963928448,-0.00026046320232,-7.2197833864e-05,0.000152166081441,-0.00140608720529,0.573842251177,0.81895150104,0.00206315545311,0.0,0.818910161323,-0.573783546711,-0.0118040715928,0.0,-0.00848332082619,0.00846337692702,-0.999928199682,0.0,0.661706129067,0.260848794076,0.303292009972,1.0,0.0,0.0,0.0
0.465073002224,0.547666081484,-0.124070823815,-1.35584578285,0.0795110898746,1.89415867138,0.159132639001,0.000490542810092,0.00174797877863,-0.00042532567822,0.00064872111097,-0.000508451800198,0.000276089754765,0.000741819631566,0.573845904627,0.818948928374,0.00206817760093,0.0,0.818907700254,-0.573787226102,-0.0117959538363,0.0,-0.00847375301065,0.00846286929947,-0.999928285105,0.0,0.661707262775,0.260848163312,0.303297632623,1.0,-0.00028,-0.000368,0.015
0.465067778549,0.547661018759,-0.124070853548,-1.35585116772,0.0795110898746,1.89416150744,0.159133439698,-0.00204012892826,0.00187549981245,-0.000939033203759,-0.00161151766946,-0.000796964696785,0.000217892749615,-0.0108087489922,0.573851163689,0.818945237449,0.00207048136425,0.0,0.818904038018,-0.573792474184,-0.0117949136874,0.0,-0.00847152486881,0.00846421345732,-0.999928292607,0.0,0.66170809746,0.260844309892,0.303298903441,1.0,-0.00058,-0.000762285714286,0.03
0.465072006418,0.547632406878,-0.1240680695,-1.35587239898,0.079512412303,1.89416028626,0.15913024683,0.000472241787669,-0.000796504811455,-8.3544238522e-05,-0.00140378427689,6.26403443107e-06,-2.89042730608e-05,-4.85239387225e-05,0.573844591836,0.818949821739,0.00207865214586,0.0,0.818908679205,-0.573785821637,-0.0117963092724,0.0,-0.00846804728255,0.00847163766817,-0.999928259192,0.0,0.66170192723,0.26084670669,0.30330887079,1.0,-0.0009,-0.00118285714286,0.046
0.465069057816,0.547519699029,-0.124070866213,-1.35597988943,0.0795089498746,1.89418439022,0.159132198691,-0.000560471413725,-0.00600631860075,-0.00239140069382,-0.0093851867229,9.89834916062e-05,0.000802431533067,0.000254466401152,0.573844848595,0.818949570095,0.00210672334397,0.0,0.81890871889,-0.573785894348,-0.011790015925,0.0,-0.00844678296184,0.00849101749646,-0.999928274667,0.0,0.661682655504,0.260836491197,0.303338259468,1.0,-0.00128,-0.00168228571429,0.065
0.46505957814,0.547367167857,-0.124068157315,-1.35620026544,0.0795078777472,1.89423454844,0.159128056461,-0.00244426090993,-0.0112829436792,-0.00118113582181,-0.0132424000675,-0.000355812812051,0.00462206854632,0.000687811033615,0.573869786852,0.818932112728,0.00209985295905,0.0,0.81889105059,-0.573810734396,-0.0118082707213,0.0,-0.00846541690642,0.00849612417437,-0.999928073709,0.0,0.661652093393,0.260807304188,0.303347148546,1.0,-0.00164,-0.00215542857143,0.083
0.465040692807,0.547214425069,-0.124065826631,-1.35639367333,0.0794987994329,1.89432718623,0.159120536788,-0.00455113271429,-0.00928010554021,0.000517410138493,-0.0142291860717,-0.00457134459069,0.00418310828094,-0.000427800553803,0.57388598731,0.818920640924,0.00214577233445,0.0,0.818880170242,-0.573826747514,-0.0117846307933,0.0,-0.00841953794491,0.00852032893517,-0.999928255114,0.0,0.661635158728,0.260780032314,0.303371237787,1.0,-0.00196,-0.002576,0.099
0.465034633077,0.54704332297,-0.124061091101,-1.35658295798,0.0795012713475,1.89444012544,0.159112992874,-0.00125227342942,-0.0122683037573,-5.02978218031e-05,-0.0128774088365,0.000244182276261,0.00894369085119,-0.00288978175822,0.573897391008,0.818912444361,0.00222260338071,0.0,0.818872920447,-0.57383780168,-0.0117500817918,0.0,-0.00834703506987,0.00856353588042,-0.999928493873,0.0,0.661623042574,0.260760188627,0.303406083872,1.0,-0.00224,-0.002944,0.113
0.465010516702,0.546843176472,-0.124066133205,-1.35683394307,0.0794931892788,1.89455901449,0.159090635884,-0.00216809758752,-0.0108695480635,0.000402387542688,-0.0163673207613,-0.000125959691746,0.0105170935231,0.000596094595364,0.573909893057,0.818903482824,0.00229507533441,0.0,0.818864862377,-0.573849990342,-0.0117163411206,0.0,-0.00827768296214,0.00860364627423,-0.999928726078,0.0,0.661598487866,0.260727357413,0.303444769261,1.0,-0.00258,-0.00339085714286,0.13
0.464978168349,0.546600115844,-0.124071232101,-1.35718436055,0.079486087463,1.89468814701,0.159027019945,-0.00120712742403,-0.0158036691155,-0.00103612244388,-0.0213312528405,0.000178642470239,0.00584638833521,-0.00733849164302,0.57390555273,0.818906452374,0.00232071269353,0.0,0.818868063633,-0.573845449854,-0.0117149880509,0.0,-0.00826190795213,0.00862382023746,-0.999928682758,0.0,0.661560272485,0.260672216977,0.303461488978,1.0,-0.00292,-0.00383771428571,0.147
0.46494548919,0.546328298961,-0.124068673962,-1.35758460875,0.0794637575389,1.89483705129,0.158955581769,-0.00212293056822,-0.0161425981366,-0.00200713715843,-0.0239748090556,-0.00695013964335,0.00771829392263,0.000134288134069,0.573888483412,0.81891835907,0.00234023200116,0.0,0.818880192869,-0.573828278093,-0.0117082829003,0.0,-0.00824539527007,0.00863578461509,-0.9999287158,0.0,0.661514483778,0.260614628161,0.303476275882,1.0,-0.00326,-0.00428457142857,0.164
0.464900395823,0.546031748272,-0.124066247045,-1.35808884114,0.0794415477732,1.89499849402,0.15891494583,-0.00111569594229,-0.0124823767703,-6.51052160562e-05,-0.0285937217482,-0.000527173542026,0.00701400697321,0.000561906921264,0.573912646247,0.818901523309,0.00230575374005,0.0,0.818862788677,-0.573852440318,-0.0117412504614,0.0,-0.00829192512319,0.00862671415115,-0.999928409328,0.0,0.661451203778,0.260537596211,0.303460156174,1.0,-0.00362,-0.00475771428571,0.182
0.464840213969,0.545694587795,-0.12406883162,-1.35866699697,0.0794000614581,1.8951847576,0.158837059222,-0.00500545880566,-0.0130567596357,-0.000332012698269,-0.0365101964219,-0.00736045906084,0.0103075457938,-0.00511555687968,0.573921158476,0.818895699376,0.00225483907152,0.0,0.818856330071,-0.573861171765,-0.0117649115429,0.0,-0.00834043145347,0.00859868646045,-0.999928247323,0.0,0.661383082063,0.260438005564,0.303439869144,1.0,-0.00398,-0.00523085714286,0.2
0.464774205155,0.545360552278,-0.124069434453,-1.35924795,0.0793704921396,1.89537296815,0.158760831863,-0.00172719777869,-0.0201330209487,0.000225405899827,-0.0341073539267,-0.000856810085809,0.0117360620736,-0.011833275736,0.573937726482,0.81888421645,0.00220750328549,0.0,0.818844143283,-0.573877828744,-0.0118005757612,0.0,-0.0083966297046,0.00858056196258,-0.999927932686,0.0,0.66131495625,0.26033740256,0.303416140919,1.0,-0.0043,-0.00565142857143,0.216
0.464709187918,0.544955251118,-0.124074816315,-1.35994985859,0.079334795601,1.89558183201,0.158678325471,-0.00600307868169,-0.0213675353505,9.6686091592e-05,-0.0422884428053,-0.00153344230259,0.017562296718,-0.00561136785943,0.573956632336,0.818871156155,0.00213558312672,0.0,0.818830037247,-0.573896902952,-0.0118516574719,0.0,-0.0084795391714,0.00855118165814,-0.999927484725,0.0,0.661226140022,0.26022167681,0.303387201531,1.0,-0.00464,-0.00609828571429,0.233
0.464650256501,0.544583792954,-0.124072638667,-1.36058171863,0.0793015061731,1.89579321893,0.158596762878,-0.00233959715706,-0.0258784196669,-8.71879527644e-05,-0.0406843022413,-0.000592581895119,0.00787598842204,-0.0063383997266,0.57396290708,0.818866858392,0.00209676502993,0.0,0.818825140695,-0.573903238622,-0.0118831210647,0.0,-0.008527517954,0.00853751900582,-0.999927193453,0.0,0.661149508519,0.260122795162,0.303367591508,1.0,-0.00494,-0.00649257142857,0.248
0.464589181965,0.544124914674,-0.124078341221,-1.36133841044,0.0792624409616,1.89606526777,0.158524073024,-0.00435180081223,-0.0299631899982,-3.0840043168e-05,-0.0434948619857,-0.000575449976997,0.0160605078457,0.000784172365206,0.573989200079,0.818848481182,0.00207604450678,0.0,0.818806444838,-0.573929563608,-0.0118999499756,0.0,-0.00855291731597,0.00853048562765,-0.999927036548,0.0,0.661061179247,0.260007450378,0.303355915513,1.0,-0.00528,-0.00693942857143,0.265
0.464505670235,0.543560767637,-0.124078071711,-1.362261991,0.0792207083007,1.89637084856,0.158386104301,-0.000134023819354,-0.0237140850164,0.00103782981738,-0.0502675704991,-0.000436590338128,0.0173958852972,-0.00329791685531,0.573984592403,0.818851805194,0.00203855705617,0.0,0.818809089081,-0.573924920332,-0.0119418742853,0.0,-0.00860881236619,0.00852380500004,-0.999926613856,0.0,0.660948397146,0.259864152068,0.303341949291,1.0,-0.00566,-0.00743885714286,0.284
0.464428035972,0.543055586386,-0.12408374253,-1.36306375057,0.079163513035,1.8966501899,0.15829414911,-0.00596902751638,-0.0294864258658,-9.29147618347e-05,-0.0530612158513,-0.00131471333206,0.0188979343808,-0.00380778628129,0.574009153194,0.818834630214,0.00202171041133,0.0,0.818791751968,-0.573949604771,-0.0119442451887,0.0,-0.0086201676657,0.00851162975123,-0.999926619742,0.0,0.660851556584,0.259725999597,0.303344546656,1.0,-0.006,-0.00788571428571,0.301
0.464358294531,0.542481738079,-0.124082220101,-1.36395450146,0.0791062444185,1.89696725869,0.158175522668,-0.00297833774904,-0.0354625771023,-0.000192323214608,-0.0514492579024,-0.0051278156471,0.0180194905326,-0.0081121745723,0.573999241609,0.818841590958,0.00201654429082,0.0,0.818798663627,-0.573939733903,-0.0119447558021,0.0,-0.008623653983,0.00850758833952,-0.999926624074,0.0,0.660751508308,0.259599555078,0.30335138007,1.0,-0.00632,-0.00830628571429,0.317
0.464286548616,0.541884624279,-0.124087548213,-1.36487174398,0.0790574259277,1.89731238377,0.158053449301,-0.00350777569887,-0.0366041874363,0.00113912368851,-0.0521358126925,-0.00602512307232,0.0191481905975,-0.00973414239035,0.573999753049,0.818841174692,0.00203986032118,0.0,0.818798518197,-0.573940115919,-0.0119363661697,0.0,-0.00860339606881,0.00852186991444,-0.999926676966,0.0,0.660647155606,0.259463539769,0.303367136181,1.0,-0.00666,-0.00875314285714,0.334
0.464190157842,0.541240708056,-0.124091115442,-1.36584697197,0.0790056653304,1.89766622417,0.157924619334,-0.00523613011102,-0.0374011255278,-0.000767671623769,-0.0604503403792,-0.00276460948365,0.0214511977979,-0.00923152026261,0.574015948756,0.818829764445,0.00206260380555,0.0,0.818787341313,-0.573956153193,-0.0119319243602,0.0,-0.00858653598483,0.00853811315334,-0.999926683324,0.0,0.660538395392,0.259306118926,0.303388992835,1.0,-0.007,-0.0092,0.351
0.464138192594,0.540670566335,-0.124095998139,-1.36670318795,0.0789511811759,1.89798359081,0.157808213278,-0.00384915309817,-0.0430336705811,-0.000366036145803,-0.0562169202,-0.00691008966224,0.0283208057443,-0.0125682088373,0.573999514361,0.818841223583,0.00208685764564,0.0,0.818799159347,-0.573939664102,-0.0119140892996,0.0,-0.0085581818553,0.00854756332503,-0.999926845666,0.0,0.660436671747,0.259187531295,0.303412124455,1.0,-0.00728,-0.009568,0.365
0.464035263745,0.539945155796,-0.12409431983,-1.36780752713,0.0788846009005,1.89837176817,0.157681755346,-0.00759656001712,-0.0498705138493,-0.000557962341734,-0.0643987653327,-0.00709069738157,0.0201150374736,-0.0102701630917,0.574022294903,0.818825230885,0.0020959775122,0.0,0.818783240531,-0.573962359675,-0.0119147641009,0.0,-0.00855326194391,0.00855565621483,-0.999926818551,0.0,0.660308065785,0.25901452952,0.303432726775,1.0,-0.00762,-0.0100148571429,0.382
0.463928427222,0.539104831784,-0.124094595905,-1.36908810119,0.0788027349646,1.89885290145,0.157524054357,-0.00407348824556,-0.0441396529881,0.000690275145199,-0.062435655591,-0.00467044879117,0.0243842513989,-0.00406519875178,0.574029815921,0.818819875947,0.00212793054558,0.0,0.818778343998,-0.573969792422,-0.0118931782689,0.0,-0.00851716688308,0.00856950737024,-0.999927008042,0.0,0.660162361471,0.258822249562,0.303458626651,1.0,-0.008,-0.0105142857143,0.401
0.463808695129,0.538340808556,-0.124100260285,-1.37028285354,0.0787498224773,1.89931620028,0.157382021253,-0.00850118748736,-0.04441097764,-0.00122650897027,-0.0740668422914,-0.00232692192806,0.0219782457394,-0.0102813826195,0.574067564696,0.81879331806,0.00216341529767,0.0,0.818752123268,-0.574007267556,-0.0118896736387,0.0,-0.0084935327525,0.00859694237706,-0.999926973575,0.0,0.660033633577,0.258630995297,0.303470012173,1.0,-0.00834,-0.0109611428571,0.418
0.463716593101,0.537655365628,-0.124101385731,-1.37137420209,0.0786775351553,1.89972980113,0.157246384194,-0.00531384638897,-0.0513746867046,0.00127905281452,-0.0766787197017,-0.00398480751347,0.0232570113476,-0.0117709609035,0.574073668076,0.818789034815,0.0021649458411,0.0,0.818747922866,-0.574013427733,-0.0118815186756,0.0,-0.00848591260552,0.00859357737191,-0.999927067198,0.0,0.659909517677,0.258465369942,0.303470495521,1.0,-0.00864,-0.0113554285714,0.433
0.463591451919,0.536720791192,-0.124110190783,-1.37282156566,0.0785976494086,1.90025776004,0.157067137349,-0.00923271368406,-0.050577122355,5.30521585484e-05,-0.0766596767598,-0.0108127510882,0.0278291967613,-0.00779360306842,0.574093858046,0.818774839185,0.00217985610893,0.0,0.8187338727,-0.574033506218,-0.0118796605348,0.0,-0.00847561988068,0.00860492785425,-0.999927056882,0.0,0.659742717226,0.258241037927,0.303487470814,1.0,-0.00902,-0.0118548571429,0.452
0.46348635167,0.535920620435,-0.12411866769,-1.37407322857,0.0785233838221,1.90072379864,0.156905759988,-0.0065690497012,-0.0532804832173,-0.00103328081058,-0.0777846339839,-0.00152835352986,0.0289780211303,-0.0158659005803,0.574102727317,0.818768592272,0.00219036471005,0.0,0.818727781801,-0.57404235201,-0.0118719968052,0.0,-0.00846321894492,0.0086092239392,-0.999927124939,0.0,0.659599530302,0.258048308797,0.303497163711,1.0,-0.00934,-0.0122754285714,0.468
0.463376091123,0.535069639286,-0.124121323657,-1.37540620039,0.0784428547648,1.90120346764,0.156758298414,-0.00914933930415,-0.0538247887736,-0.000180607127883,-0.0815417304693,-0.000292850469328,0.0378756242933,-0.0164322711111,0.574125681321,0.818752504465,0.00218755131165,0.0,0.8187116372,-0.574065293838,-0.0118760442013,0.0,-0.00846790667989,0.00860948144348,-0.999927083034,0.0,0.659441578078,0.257846502032,0.303504846605,1.0,-0.00966,-0.012696,0.484
0.463247050462,0.534124244447,-0.124119877131,-1.37695049471,0.078366629589,1.9017558218,0.15657204548,-0.0069164054484,-0.0570544342878,0.00136658512541,-0.0896047870879,-0.00323117637182,0.0325714199394,-0.000880497211613,0.574142053188,0.818741105797,0.00215669657457,0.0,0.818699625314,-0.574081573414,-0.0119171086332,0.0,-0.00851907095588,0.00860796562628,-0.99992666149,0.0,0.659254815042,0.257616484927,0.303484591353,1.0,-0.01002,-0.0131691428571,0.502
0.463126823089,0.533320690179,-0.124122845569,-1.37824988829,0.0782865823828,1.9022356414,0.156408082156,-0.00743496218893,-0.0554011713195,0.00306747317717,-0.0907225567566,-0.00682389437713,0.0393894583549,-0.0119572410156,0.574158033942,0.818729942005,0.00214033310278,0.0,0.818688255097,-0.574097625468,-0.0119249444613,0.0,-0.00853471325487,0.0085992338019,-0.99992660323,0.0,0.659105404033,0.257411412231,0.303474508346,1.0,-0.01032,-0.0135634285714,0.517
0.463001760853,0.532378646246,-0.124126031799,-1.37976476529,0.0782004750176,1.90281780262,0.156217470274,-0.00925397339301,-0.0562389821805,-0.000339661247778,-0.0898299108574,-0.00480543683882,0.0286390313465,-0.0106425121033,0.574166503407,0.818723981509,0.00214834103286,0.0,0.81868237301,-0.574106035148,-0.0119239016162,0.0,-0.0085291728668,0.00860527951104,-0.999926598493,0.0,0.658931180163,0.257185234854,0.303468241971,1.0,-0.01066,-0.0140102857143,0.534
0.462863881968,0.531345143636,-0.124123692757,-1.38142561632,0.078108248836,1.90342546576,0.156002621753,-0.00894411609298,-0.0598875303811,0.00039362006554,-0.0916531854858,-0.00702951704311,0.0292910235533,-0.011166031039,0.574167695159,0.81872317881,0.00213570041123,0.0,0.818681283391,-0.574107155237,-0.0119447659077,0.0,-0.00855350050794,0.00860692237396,-0.999926376548,0.0,0.658732360633,0.256938469739,0.303458782339,1.0,-0.01102,-0.0144834285714,0.552
0.462720871364,0.530257674143,-0.124123772978,-1.38317290347,0.0779894795423,1.90403469229,0.155779365302,-0.00869978969933,-0.0650493398321,-0.00575234483533,-0.0982801563409,-0.0122380698349,0.0385720223796,-0.0107581703621,0.574164994537,0.818725201786,0.00208564378894,0.0,0.818682688191,-0.574104695889,-0.0119666668103,0.0,-0.00860019938626,0.00857848680994,-0.999926220346,0.0,0.658517926086,0.256673241615,0.303446132344,1.0,-0.01138,-0.0149565714286,0.57
0.462610361012,0.529396747956,-0.124126620947,-1.38452744104,0.0779017002763,1.90453567646,0.155600308216,-0.00954807325268,-0.0637103574677,-0.000602129473996,-0.097118948175,-0.00436311036276,0.0389203892906,-0.00226947231972,0.574160855648,0.818728099437,0.0020875668068,0.0,0.818685656538,-0.574100595064,-0.0119603272421,0.0,-0.00859394810567,0.00857637784679,-0.999926292183,0.0,0.658357840958,0.25646912752,0.303451327498,1.0,-0.01166,-0.0153245714286,0.584
0.462466445096,0.528243086634,-0.124126966245,-1.38632021117,0.0777932534627,1.90521164769,0.155354390626,-0.00579837936177,-0.064272530045,-3.70236686648e-05,-0.103997577659,-0.000812845822189,0.0322043611795,-0.0172146801213,0.574145693949,0.818738653058,0.00211825639548,0.0,0.818696603487,-0.574085301931,-0.0119450595378,0.0,-0.00856398697761,0.00859257924767,-0.999926410147,0.0,0.65814662055,0.256204840769,0.303468959398,1.0,-0.01202,-0.0157977142857,0.602
0.462318100333,0.527113197453,-0.124129474931,-1.38806731953,0.0776843727126,1.90588258267,0.155107853206,-0.0112933879802,-0.0647891334938,0.000215867458627,-0.100154999881,-0.000294663919146,0.0397970632523,-0.0164292739669,0.574132419324,0.818747850743,0.00216076066149,0.0,0.818706405561,-0.574071906454,-0.0119169885204,0.0,-0.00851674071976,0.00861112383556,-0.999926654147,0.0,0.657945569683,0.255941104875,0.303490921834,1.0,-0.01236,-0.0162445714286,0.619
0.462176480911,0.526024966124,-0.124130973641,-1.38977087706,0.0775853983506,1.90651053185,0.154883088308,-0.00950768807861,-0.0664373890869,-0.000474160263115,-0.110354077588,-0.00267194434719,0.0358551865154,-0.0173344495343,0.574130725217,0.818749005842,0.00217317638588,0.0,0.818707662761,-0.57407010192,-0.0119175466771,0.0,-0.00851008775016,0.00862159186852,-0.999926620588,0.0,0.657742028798,0.255685730087,0.303500278503,1.0,-0.01268,-0.0166651428571,0.635
0.462008279848,0.524791861025,-0.124138365403,-1.39172155522,0.0774504057651,1.90721690261,0.154615461694,-0.0129509785395,-0.0644687463362,-0.00124710199272,-0.106125315284,-0.0017397141387,0.0390504920573,-0.0135363938073,0.574123080194,0.818754421102,0.00215258334704,0.0,0.81871293966,-0.57406267262,-0.0119129022292,0.0,-0.00851818762056,0.00860198557666,-0.999926720477,0.0,0.657509486481,0.255381576722,0.303500585661,1.0,-0.01304,-0.0171382857143,0.653
0.461851940673,0.523592845776,-0.124142248288,-1.39360011451,0.077334061696,1.90789628361,0.154366078462,-0.0148751455163,-0.073740120399,-0.000965032336621,-0.106962552574,-0.00760645449061,0.0448672506895,-0.0154277453434,0.574119104093,0.818757214864,0.00215042423677,0.0,0.818715692888,-0.574058693239,-0.0119154453358,0.0,-0.00852155117602,0.00860163647824,-0.999926694821,0.0,0.657282116769,0.255096590506,0.30350847722,1.0,-0.01338,-0.0175851428571,0.67
0.461706113672,0.522461154008,-0.12414295073,-1.39542319595,0.0772256169881,1.90859384136,0.154119146487,-0.0136490005442,-0.0644741776452,0.00101968584952,-0.116433239656,-0.00939430392331,0.0386399438563,-0.0193257394123,0.574105535402,0.818766718578,0.00215445372867,0.0,0.818725230476,-0.574045091114,-0.0119154207426,0.0,-0.00851936037899,0.00860478029919,-0.99992668644,0.0,0.657065234663,0.254828579061,0.3034966609,1.0,-0.0137,-0.0180057142857,0.686
0.461542152027,0.521294108727,-0.124151158269,-1.39729289261,0.0771073313425,1.90932516669,0.153863608721,-0.0119828034897,-0.0749811197042,-0.00060687274564,-0.11950154601,-0.00744575481391,0.0412110615226,-0.0175598900119,0.574104745255,0.818767227693,0.00217145853266,0.0,0.818726065075,-0.57404433767,-0.0118943540306,0.0,-0.00849235730384,0.00860660049434,-0.999926900476,0.0,0.656851321175,0.254539943037,0.303490359063,1.0,-0.01402,-0.0184262857143,0.702
0.461391487777,0.520092108297,-0.124157040555,-1.39920599803,0.0769828791167,1.91002522943,0.153601845994,-0.0118674473562,-0.0742541522367,-0.00667794964043,-0.12471907974,-0.0128591446395,0.0423042436019,-0.0142496365157,0.574082579268,0.818782779313,0.00216780604254,0.0,0.818741613252,-0.574022233824,-0.011890866564,0.0,-0.00849183140076,0.00860137796647,-0.99992694988,0.0,0.65660383517,0.254240327964,0.303491590978,1.0,-0.01436,-0.0188731428571,0.719
0.46122537909,0.518752856343,-0.12416246165,-1.40128185862,0.0768530189466,1.91077263766,0.153330010355,-0.00773485247459,-0.079663954282,-0.00131926769121,-0.126627658446,-0.00487084502987,0.0411102319531,-0.0123286077482,0.574078831839,0.818785421456,0.00216225516728,0.0,0.818744188467,-0.574018514586,-0.0118930931668,0.0,-0.00849688039299,0.00859807242388,-0.999926935418,0.0,0.656362004251,0.253942398808,0.303501898591,1.0,-0.01468,-0.0192937142857,0.735
0.461053859625,0.517408894253,-0.124163934986,-1.40339756256,0.0767134622903,1.91153230525,0.153046083354,-0.0093722450074,-0.0791287862651,-0.000759837777389,-0.126713358203,-0.0107334048458,0.0436405543027,-0.0149304239461,0.574062177356,0.818797140891,0.00214604265931,0.0,0.818755728508,-0.574001959541,-0.0118976627887,0.0,-0.00851010342882,0.008587248258,-0.999926915983,0.0,0.656099764214,0.253624541731,0.303503848604,1.0,-0.01502,-0.0197405714286,0.752
0.460861405973,0.516064977033,-0.124167129452,-1.4055378267,0.0765705802881,1.912330039,0.152737715474,-0.0127195280279,-0.0809138198865,-0.000170459633036,-0.124217754954,-0.0100227454378,0.0478785762391,-0.0111190908871,0.57404415244,0.818809797801,0.00213845169413,0.0,0.81876837956,-0.573984061262,-0.011890540375,0.0,-0.00850881759308,0.00857675692912,-0.999927016969,0.0,0.65584440598,0.253291110424,0.303497045445,1.0,-0.01536,-0.0201874285714,0.769
0.460671506366,0.514691897481,-0.124170294576,-1.40774838738,0.0764449950546,1.91315545708,0.152435332345,-0.014711012643,-0.0809724103468,-0.000934268227753,-0.134991843925,-0.00409299567802,0.052009063443,-0.0212113308412,0.574037190588,0.818814698682,0.00213071493786,0.0,0.818773078206,-0.573977029345,-0.0119064306255,0.0,-0.0085263431331,0.00857947119604,-0.999926844398,0.0,0.655576253077,0.252956108692,0.303479276973,1.0,-0.0157,-0.0206342857143,0.786
0.460466181248,0.513209033365,-0.124172493252,-1.41014483562,0.0763000815892,1.91399174065,0.152108661629,-0.0123706810988,-0.0839769233996,-0.00111824192262,-0.135141958985,-0.00932633888769,0.0467953258686,-0.0171433149263,0.574026016857,0.818822698732,0.00206565095819,0.0,0.81878010359,-0.573965996927,-0.0119550507062,0.0,-0.0086036191175,0.0085539887345,-0.999926400799,0.0,0.655272787922,0.252588706082,0.303450425542,1.0,-0.01606,-0.0211074285714,0.804
0.460261890109,0.511775567755,-0.124173860523,-1.41242938482,0.0761654473891,1.91481822178,0.151791524527,-0.0112304162127,-0.0864502453236,0.000254655367292,-0.132158788207,-0.00995976076239,0.0492317417476,-0.0273210392246,0.57401793051,0.818828414631,0.00204688715832,0.0,0.818785462786,-0.573957878577,-0.0119777481725,0.0,-0.00863305974903,0.00855156831154,-0.999926167754,0.0,0.654990743262,0.25223612842,0.30343885436,1.0,-0.0164,-0.0215542857143,0.821
0.460077607646,0.510396671934,-0.124174869886,-1.41462723201,0.0760243583419,1.91565544843,0.151481319226,-0.00906648854844,-0.091688929043,0.00136652016594,-0.13968710756,-0.00956090244229,0.0550618464642,-0.014507615049,0.573992402818,0.818846285668,0.00205641849322,0.0,0.818803512924,-0.573932368617,-0.0119662182091,0.0,-0.00861841412849,0.00855248569061,-0.999926286246,0.0,0.654724431669,0.251906164047,0.303430794831,1.0,-0.01672,-0.0219748571429,0.837
0.459860512038,0.508812889692,-0.124179917607,-1.41712151771,0.0758578437523,1.91657927546,0.151138409798,-0.0185237185482,-0.0909090408669,-0.000508103976255,-0.137603486813,-0.0102425542325,0.0494601896239,-0.0232960353866,0.573977757405,0.818856547265,0.00205813187644,0.0,0.818813899056,-0.573917819355,-0.0119533359339,0.0,-0.0086070345447,0.00854634048289,-0.999926436805,0.0,0.654419651111,0.251521764355,0.303432152115,1.0,-0.01708,-0.022448,0.855
0.459647461969,0.507308600305,-0.124189059123,-1.41949910572,0.0757073467853,1.91742608629,0.150798006852,-0.0127725241624,-0.0917606677445,-0.000243349050024,-0.144279883129,-0.00784095485357,0.0563748946666,-0.016709844424,0.573962482771,0.818867320075,0.00203159681311,0.0,0.818824315832,-0.57390264717,-0.0119682193613,0.0,-0.00863461116843,0.00853299405607,-0.999926313036,0.0,0.654123287477,0.25114790057,0.303426369799,1.0,-0.01742,-0.0228948571429,0.872
0.45945544473,0.505926748395,-0.124190127024,-1.42164426606,0.0755810339422,1.91822739396,0.150513111405,-0.0145732895957,-0.096302315251,0.000178432769774,-0.142898398349,-0.0102657969623,0.0520715847019,-0.0201364215906,0.57396414531,0.818866068698,0.00206599483275,0.0,0.818823444985,-0.57390409882,-0.0119581855924,0.0,-0.00860663522652,0.00855541949759,-0.999926362602,0.0,0.653860982343,0.250819297969,0.303440905915,1.0,-0.01772,-0.0232891428571,0.887
0.459218268872,0.504197973609,-0.124195074685,-1.42426639643,0.0754157787184,1.91923891737,0.150146523681,-0.00827656028187,-0.0982499351018,-0.000769176860212,-0.146255969512,-0.014478843958,0.0495046463443,-0.0244163340582,0.573952391405,0.818874059135,0.00216207725027,0.0,0.818832771627,-0.573892037853,-0.0118982309466,0.0,-0.00850251745243,0.00859956338084,-0.99992687468,0.0,0.653548753138,0.250414902155,0.303488605539,1.0,-0.01808,-0.0237622857143,0.905
0.458987042648,0.502520269667,-0.124198739442,-1.42674376357,0.0752554188102,1.92017125323,0.149806346128,-0.0122063493767,-0.10245256984,-5.63555526081e-05,-0.145030390735,-0.0119744881515,0.0510091478415,-0.0160617195168,0.57394954215,0.818875761712,0.00227086939751,0.0,0.818835975555,-0.573888845379,-0.0118315336197,0.0,-0.00838549093518,0.00865033940825,-0.999927424951,0.0,0.653250942252,0.250027211767,0.303561873615,1.0,-0.01842,-0.0242091428571,0.922
0.458763413439,0.500910278678,-0.124194087019,-1.42916038958,0.0751003826323,1.9210154331,0.149468914909,-0.0180933214354,-0.103144794903,0.00225474725548,-0.150641376471,-0.0149303134521,0.0541219590808,-0.0154653853126,0.573934262699,0.818886378514,0.00230392844055,0.0,0.818846952005,-0.573873366895,-0.0118226419095,0.0,-0.00835939819078,0.00867215101444,-0.999927454498,0.0,0.652943210534,0.249650753553,0.303608287344,1.0,-0.01874,-0.0246297142857,0.938
0.458505285607,0.499120619553,-0.124196619048,-1.43191050456,0.07492148166,1.92201993428,0.149077630648,-0.0131778945028,-0.0960112984855,5.06659744676e-05,-0.149701153838,-0.00855687323136,0.0526328801302,-0.0288565135208,0.573918644558,0.818897232282,0.00233651244303,0.0,0.818858260378,-0.573857657648,-0.0118019096187,0.0,-0.00832388582538,0.00868677573336,-0.999927623807,0.0,0.652602224992,0.249217469558,0.303634861683,1.0,-0.0191,-0.0251028571429,0.956
0.458268266145,0.497543845472,-0.124202284257,-1.43439339856,0.0747693309076,1.92294527154,0.148711849784,-0.00817710551585,-0.0972845191546,-0.00144903079509,-0.14929470003,-0.00135354970411,0.0606788914753,-0.0175903407332,0.573902385262,0.818908585221,0.00235120034183,0.0,0.818869782447,-0.573841321557,-0.0117967779274,0.0,-0.00831142683205,0.00869569332242,-0.999927649934,0.0,0.65229715255,0.248824027805,0.303632845675,1.0,-0.01942,-0.0255234285714,0.972
0.4580006799,0.495883813326,-0.124200015372,-1.4370808866,0.0746029899264,1.92389125722,0.148307584211,-0.0125789731417,-0.0940817455875,-6.14867613828e-05,-0.160169031491,-0.010171314928,0.0583300784373,-0.0283620514268,0.573879691413,0.818924682779,0.00228267852715,0.0,0.818884845718,-0.573818746214,-0.0118491707726,0.0,-0.00839389629423,0.00866941623316,-0.999927189213,0.0,0.651954299898,0.248391484222,0.303592509169,1.0,-0.01976,-0.0259702857143,0.989
0.457763886243,0.494390707559,-0.124199779908,-1.4395113074,0.0744524122494,1.92472275739,0.147966007878,-0.0180825334412,-0.0963186191969,-0.000241453843205,-0.164953071955,-0.0147938419942,0.0533570931761,-0.0199085428852,0.573875235167,0.818928048992,0.0021936130086,0.0,0.818886892208,-0.573814480272,-0.0119141470874,0.0,-0.00849826593923,0.00863372112682,-0.999926616475,0.0,0.651637247829,0.248001056047,0.303547819004,1.0,-0.0212297142857,-0.0279019102041,1.004
0.457477872014,0.492334208499,-0.124268733156,-1.44267863456,0.0742625220501,1.92588504353,0.1475251443,-0.0157788646966,-0.127038027324,-0.00179058097567,-0.200943937711,-0.0123233490662,0.0736909550576,-0.0329211787119,0.573905889242,0.818906480462,0.00222563524186,0.0,0.818865933029,-0.573845198383,-0.0118751386406,0.0,-0.00844762053519,0.0086378751862,-0.999927009746,0.0,0.651250800776,0.247474141883,0.303574589125,1.0,-0.0283114285714,-0.0372093061224,1.021
0.457064379256,0.489442239663,-0.124291023506,-1.44735051126,0.0740082096432,1.9276210437,0.14682417493,-0.0241666276345,-0.171551526017,0.000172070337594,-0.268124506449,-0.0108026912067,0.100239182279,-0.0333748796039,0.573852157378,0.818944204663,0.00219955067234,0.0,0.818902999116,-0.573791253223,-0.0119257144552,0.0,-0.00850457554221,0.00864498205339,-0.999926465536,0.0,0.650656951428,0.246752903023,0.303513776606,1.0,-0.0362262857143,-0.0476116897959,1.04
0.456581286013,0.486354450877,-0.124325180133,-1.45221621484,0.07371807171,1.92944770584,0.146122232179,-0.0302444393271,-0.210002084813,-0.0060653078261,-0.321620669246,-0.0190896839664,0.122330132825,-0.0486124412496,0.573866004821,0.818934376605,0.00224549004368,0.0,0.818893766857,-0.573804911452,-0.0119024828234,0.0,-0.00845904199816,0.00866941497875,-0.999926640235,0.0,0.650016331668,0.245903347544,0.303507377038,1.0,-0.043308,-0.0569190857143,1.057
0.456069993333,0.482971819474,-0.124416859586,-1.45747301187,0.073392757435,1.93135974133,0.145308424295,-0.0343477927103,-0.234183920324,-0.00767003911901,-0.368732545781,-0.0221969945895,0.12411104481,-0.0610749825773,0.573850552691,0.81894518666,0.00225196011165,0.0,0.818904883785,-0.573789663931,-0.0118726483995,0.0,-0.00843105914801,0.00865743366188,-0.999926980376,0.0,0.649403042601,0.245072982491,0.303517032154,1.0,-0.04914,-0.064584,1.071
0.455231805799,0.477690949538,-0.12451960496,-1.46571025197,0.0729106533545,1.93425881444,0.144071839818,-0.046155324734,-0.285553769246,-0.00256986244909,-0.439540076886,-0.0267110175055,0.153059331796,-0.0675058588965,0.573870138076,0.818931590026,0.0022050812053,0.0,0.818890443695,-0.573809196219,-0.0119245318747,0.0,-0.00850024363048,0.00864901920043,-0.999926467459,0.0,0.648347172947,0.243682222687,0.303510803444,1.0,-0.0574714285714,-0.075533877551,1.091
0.454398760253,0.472585123831,-0.124594910492,-1.47358527332,0.072436089284,1.93712053271,0.142933135603,-0.050922188133,-0.314618368182,-0.0015903655329,-0.47743595579,-0.0361783781995,0.168775871477,-0.0715712646375,0.573925989064,0.818892242121,0.00228073959283,0.0,0.818852013357,-0.573864667483,-0.0118941387481,0.0,-0.00843134440896,0.00869411094116,-0.999926659744,0.0,0.647349397312,0.242351427953,0.303545210627,1.0,-0.0645531428571,-0.0848412734694,1.108
0.453579547884,0.467574431105,-0.12464436705,-1.48115439275,0.0719689540986,1.93994670575,0.141722320323,-0.0584544777794,-0.341807855435,-0.000727304101943,-0.520400387987,-0.034375087802,0.199440303915,-0.0933809227597,0.573869870099,0.818930871814,0.00251918314738,0.0,0.818893781634,-0.573807680934,-0.0117671833742,0.0,-0.0081911408046,0.00881594514281,-0.99992758954,0.0,0.64632906296,0.240991186805,0.303656277232,1.0,-0.0712182857143,-0.0936011755102,1.124
0.452397646839,0.46066122838,-0.124700121061,-1.49185343199,0.0712738800477,1.94369798873,0.140062144152,-0.0677236197333,-0.372421827359,-0.00187410558484,-0.586186968577,-0.0418195390673,0.199330992512,-0.0885473218873,0.573837353378,0.81895382254,0.00246481590467,0.0,0.818915891518,-0.57377522785,-0.0118109028973,0.0,-0.00825849276968,0.00879618352739,-0.999927209577,0.0,0.644986556023,0.239254321034,0.303648448593,1.0,-0.0787165714286,-0.103456065306,1.142
0.451424048163,0.455117941063,-0.124769117834,-1.50045776418,0.0706936146056,1.94661501686,0.138771727759,-0.0708448563432,-0.405628394327,-0.00617197006061,-0.622188817892,-0.04774995897,0.213698841258,-0.0869667609094,0.573866514979,0.818933805604,0.00232205222425,0.0,0.818893982364,-0.573804900489,-0.0118881758145,0.0,-0.0084033859072,0.00872390857956,-0.999926635571,0.0,0.643828160875,0.237749647564,0.303620433585,1.0,-0.0845485714286,-0.111120979592,1.156
0.450247232178,0.448191785001,-0.124861417454,-1.51067264839,0.0699895568352,1.95046364992,0.137127361324,-0.0758124392484,-0.434241276003,-0.00664436529051,-0.652534928294,-0.0506428675249,0.243209092254,-0.10195545774,0.57382391941,0.818962313697,0.00275411635901,0.0,0.818928906963,-0.573761611797,-0.0115674141197,0.0,-0.00789322195876,0.0088932556299,-0.999929301027,0.0,0.642530313289,0.235973321866,0.303846724306,1.0,-0.0912137142857,-0.119880881633,1.172
0.448683744737,0.439579747224,-0.124893615156,-1.52389537261,0.0691361821757,1.95504814959,0.135062459779,-0.0856824450785,-0.461232804011,-0.000880998293725,-0.711934702987,-0.0480377014398,0.24052125734,-0.120959738278,0.573793972713,0.818983342436,0.00274018106463,0.0,0.818949190741,-0.573731081846,-0.0116454115545,0.0,-0.00796542439141,0.0089263078842,-0.99992843396,0.0,0.64072099746,0.233683837204,0.30384548799,1.0,-0.0991285714286,-0.130283265306,1.191
0.447239850581,0.431740789232,-0.124935392504,-1.5356808998,0.0683376244737,1.95923412736,0.133110912983,-0.0941608346757,-0.500215746562,-0.00206253476808,-0.755403330458,-0.0512432067684,0.270012076514,-0.125814622117,0.573704493324,0.819045372178,0.00292908775913,0.0,0.819013690279,-0.573641009963,-0.0115461562955,0.0,-0.00777673074601,0.00902321844702,-0.999929049477,0.0,0.639122844392,0.231610897063,0.30394868211,1.0,-0.105793714286,-0.139043167347,1.207
0.445555119506,0.423031115492,-0.124961061221,-1.54897789907,0.0673941267872,1.96381520771,0.130936133654,-0.100519055245,-0.529687879315,-0.000677256006253,-0.828116941982,-0.0572693075676,0.271952912342,-0.13820278639,0.573628466298,0.81909874064,0.00289527809896,0.0,0.819066577631,-0.573565052409,-0.0115680146838,0.0,-0.00781486638507,0.00900734146425,-0.999928895304,0.0,0.637268106834,0.229238428491,0.303943529353,1.0,-0.112875428571,-0.148350563265,1.224
0.443722355872,0.413785757827,-0.125087156706,-1.5629218015,0.0663747249222,1.96864592753,0.128679949962,-0.110615667531,-0.556353919332,-0.00556303454196,-0.855319606828,-0.0641606050126,0.298923012633,-0.135590035961,0.573672422019,0.819067778953,0.00294492735179,0.0,0.819036833804,-0.573609511433,-0.0114690961654,0.0,-0.0077048771261,0.0089916812673,-0.999929889811,0.0,0.635334937806,0.226656011566,0.303998574902,1.0,-0.119957142857,-0.157657959184,1.241
0.441841917716,0.404742683902,-0.125152867124,-1.57678338263,0.065467345769,1.97333317962,0.126371665752,-0.121591106121,-0.580966051324,-0.00310748819414,-0.892065551794,-0.059410650049,0.297799695369,-0.137609909442,0.573684902854,0.819059371544,0.00285044269561,0.0,0.819026406982,-0.573621377167,-0.0116192609423,0.0,-0.0078819414524,0.00900055571279,-0.999928429937,0.0,0.633346681242,0.224102642205,0.303922394368,1.0,-0.126622285714,-0.166417861224,1.257
0.439509821947,0.393944696903,-0.125303357203,-1.59282203936,0.0643297571658,1.97886608099,0.123616894193,-0.132164808352,-0.604192410133,-0.00566049737572,-0.893881805173,-0.0734457018618,0.317465045543,-0.154572096564,0.573767800291,0.8190005438,0.0030606381434,0.0,0.818970573503,-0.573703905117,-0.0114793680072,0.0,-0.00764585579175,0.00909323937884,-0.999929424453,0.0,0.631087955311,0.221014077403,0.30404327714,1.0,-0.134120571429,-0.17627275102,1.275
0.437168212327,0.383475141234,-0.125423135522,-1.60876658161,0.0631089254658,1.98408873828,0.120799673575,-0.142672800087,-0.62896934186,-0.00976093800017,-0.947371275161,-0.0721532237099,0.306621345406,-0.172917409947,0.573731808594,0.819026750247,0.00278228120067,0.0,0.818993349483,-0.573669013666,-0.0115975499318,0.0,-0.00790274727173,0.00893272508002,-0.999928873975,0.0,0.628735434753,0.217926057291,0.303934097178,1.0,-0.141202285714,-0.185580146939,1.292
0.434804714428,0.373034281541,-0.125510360549,-1.62417060372,0.0619974504203,1.98927842377,0.118021014999,-0.157327099568,-0.653785575265,-0.0016838311342,-0.98436110788,-0.0691689639954,0.323468987066,-0.179670806366,0.573715277421,0.819037711854,0.00295870176632,0.0,0.819006442279,-0.573651731454,-0.0115275932176,0.0,-0.00774441828509,0.00903692613708,-0.999929176468,0.0,0.626468852719,0.214932215744,0.304029675784,1.0,-0.147867428571,-0.19434004898,1.308
0.43207646331,0.361586940549,-0.125659477434,-1.64108281799,0.0606560824021,1.99492299294,0.115045610654,-0.158813078697,-0.694675680223,-0.00476294517952,-0.996780953953,-0.0813083474664,0.339750624442,-0.184157123268,0.573845732611,0.818946077655,0.0030238979848,0.0,0.818916401429,-0.573782852052,-0.0113979411823,0.0,-0.00759938472626,0.00901715317216,-0.999930467733,0.0,0.623963308206,0.211524753989,0.304089083284,1.0,-0.154949142857,-0.203647444898,1.325
0.429169850994,0.34986874402,-0.125781096479,-1.65867182708,0.0593464722547,2.00054961056,0.111770751009,-0.174480409252,-0.687567809533,-0.0108795201119,-1.05393708685,-0.07265529393,0.334595555311,-0.195968353861,0.573868540882,0.818930884478,0.00280198758369,0.0,0.818897713647,-0.573805633826,-0.0115920694224,0.0,-0.00788545922315,0.00894703744941,-0.999928882498,0.0,0.621250455775,0.207973030443,0.303971705036,1.0,-0.162030857143,-0.212954840816,1.342
0.426238743634,0.338287488433,-0.125914536856,-1.67543488365,0.0580309581411,2.00605999704,0.108582553362,-0.188783342661,-0.710759610001,-0.0017498116714,-1.0593388276,-0.0838118514988,0.337359880098,-0.201552929295,0.573933966221,0.818884224621,0.00302918904206,0.0,0.818854332668,-0.573870721524,-0.0114334487408,0.0,-0.00762445470005,0.00904268325464,-0.999930046338,0.0,0.618691563917,0.204500998325,0.304108437873,1.0,-0.168696,-0.221714742857,1.358
0.423198406871,0.326472607549,-0.125978335748,-1.69274965782,0.0565841312698,2.01157555488,0.105196639976,-0.189530896521,-0.764332549742,-0.00662701845712,-1.08751109395,-0.0997391930184,0.356280706022,-0.216014549237,0.573822777701,0.818962360424,0.00296966355663,0.0,0.818931994675,-0.573760076037,-0.011424103672,0.0,-0.00765218384917,0.00898753643971,-0.999930331709,0.0,0.615945035466,0.200947090274,0.304101027128,1.0,-0.175361142857,-0.230474644898,1.374
0.419765652426,0.313542893148,-0.126010350294,-1.71165707534,0.0550651358155,2.01746841585,0.101492595666,-0.202108577209,-0.770321581999,0.00137571751433,-1.12214545456,-0.0871661312265,0.345365418793,-0.226992240034,0.573750552147,0.819013296409,0.00287595509565,0.0,0.818981134861,-0.573687475338,-0.0115467867435,0.0,-0.00780722276895,0.00898050114014,-0.999929196429,0.0,0.612868882506,0.197047156867,0.304057699843,1.0,-0.182442857143,-0.239782040816,1.391
0.416311938826,0.300960789745,-0.126124825918,-1.72970266201,0.0535143394739,2.02315012834,0.0977236932219,-0.22215701724,-0.79724557306,-0.012776911552,-1.14893152953,-0.101963982643,0.346802257698,-0.235351788795,0.573635919165,0.819093223971,0.00297818567138,0.0,0.819062940941,-0.573573183221,-0.0114214346197,0.0,-0.00764715950077,0.00899123977014,-0.999930336853,0.0,0.609943162696,0.193185203126,0.304136181172,1.0,-0.189108,-0.248541942857,1.407
