position_joint1,position_joint2,position_joint3,position_joint4,position_joint5,position_joint6,position_joint7,velocity_joint1,velocity_joint2,velocity_joint3,velocity_joint4,velocity_joint5,velocity_joint6,velocity_joint7,ee_T_00,ee_T_10,ee_T_20,ee_T_30,ee_T_01,ee_T_11,ee_T_21,ee_T_31,ee_T_02,ee_T_12,ee_T_22,ee_T_32,ee_T_03,ee_T_13,ee_T_23,ee_T_33,v_x,v_y,time
0.465071695922,0.54780511888,-0.123989615988,-1.35584971931,0.0795151759541,1.89410833691,0.159160070274,0.000204777781058,-0.00120311946982,-0.00175448289768,-0.000663851005222,-0.00028365892062,-0.000648772716471,0.000202624181673,0.573813895841,0.818971708246,0.00192378140444,0.0,0.818928074604,-0.573755290465,-0.0119340768409,0.0,-0.00867005846374,0.00842353990609,-0.999926934362,0.0,0.661674078629,0.260889207439,0.30319020922,1.0,0.0,0.0,0.0
0.465072567002,0.547810685665,-0.123987911126,-1.35584795039,0.0795159403158,1.89410927433,0.15916005554,-0.000219483854723,0.0010320538469,-0.000149053853165,-0.00107017297311,-1.25226149307e-05,-0.000235231955992,0.000151862092133,0.573812101449,0.818972969807,0.00192194100143,0.0,0.818929299163,-0.573753491369,-0.0119365411908,0.0,-0.00867315121353,0.00842342775916,-0.999926908485,0.0,0.661673861497,0.260891094156,0.303187133966,1.0,-0.00022,-0.000289142857143,0.012
0.465069458568,0.547805792438,-0.123982858268,-1.35584516406,0.0795150980527,1.89410918888,0.159157365825,0.000184599386018,0.000725955992732,0.00101996200653,0.000619246110681,-0.000205809995071,-5.13656352023e-05,-0.0103608823101,0.573808529932,0.818975454896,0.00192928894585,0.0,0.818931864814,-0.573749874704,-0.0119343609208,0.0,-0.00866718624328,0.00842815655798,-0.99992692036,0.0,0.661674311793,0.260892216063,0.303191750187,1.0,-0.00056,-0.000736,0.029
0.465068818702,0.547783622113,-0.123988148971,-1.35587059259,0.0795181563263,1.89411321333,0.159163566138,0.000291169868106,0.000972554461679,-0.00227992030614,-0.000438277699385,0.000264231107796,0.000132409378738,0.00149375386661,0.57382001571,0.818967402304,0.00193143368321,0.0,0.818923819022,-0.573761329513,-0.0119357569934,0.0,-0.00866698080767,0.00843083563319,-0.999926899555,0.0,0.661671082024,0.260886772908,0.303195883698,1.0,-0.00092,-0.00120914285714,0.047
0.465068370591,0.547705717217,-0.1239863117,-1.35596648308,0.0795163795883,1.89412670343,0.159161982586,-0.000191049470669,-0.00481412733713,-0.000569785216001,-0.0120016206383,2.62763812578e-06,-0.000453659314171,0.00148706420482,0.573822522269,0.81896564594,0.00193147811695,0.0,0.818921988085,-0.573763762481,-0.0119444211063,0.0,-0.00867402539702,0.00843587016237,-0.99992679601,0.0,0.661653643478,0.260877808098,0.303206540589,1.0,-0.00122,-0.00160342857143,0.062
0.465064866393,0.547564794036,-0.123985390185,-1.35616903687,0.0795117487123,1.89417157606,0.159151749402,0.0019246457795,-0.0057187507617,-0.000909939153057,-0.0175539178927,-0.00406301541054,0.00419028258902,-0.00192092810096,0.573826259709,0.81896304741,0.00192290060444,0.0,0.818919162176,-0.573767423336,-0.0119623008076,0.0,-0.00869355197606,0.00843914496154,-0.999926598799,0.0,0.661620837343,0.260856123448,0.30321382135,1.0,-0.00158,-0.00207657142857,0.08
0.465041726516,0.547419852548,-0.123985705169,-1.35636466834,0.0795088449417,1.89426981162,0.159150401048,-0.00261887952995,-0.00978969412381,0.000403204141543,-0.0139574491723,0.000108666510709,0.0102016493354,1.15178116231e-05,0.573854663966,0.818943039011,0.00196733370352,0.0,0.818899691195,-0.573795596446,-0.0119438754575,0.0,-0.00865267283964,0.00846526058188,-0.999926732624,0.0,0.661605678743,0.260825523129,0.303231917088,1.0,-0.0019,-0.00249714285714,0.096
0.465026500642,0.547221544531,-0.123988552775,-1.35658829784,0.0795087461209,1.8943835656,0.159141951803,0.000609777958579,-0.015259580806,2.94748042707e-05,-0.0127312870635,0.000466927359694,0.00299803830293,-0.000557194435081,0.573874821738,0.818928712634,0.00204926813016,0.0,0.818886372579,-0.573815353601,-0.0119077990011,0.0,-0.00857590210222,0.00851186765441,-0.999926998341,0.0,0.661586963047,0.26079758642,0.303275918805,1.0,-0.00224,-0.002944,0.113
0.46500690798,0.547003390442,-0.123986047134,-1.35686128252,0.0795027565354,1.89452313145,0.159121409021,-0.000823787621463,-0.0182814731073,-0.00851923024347,-0.0179764988682,0.000311738500316,0.000335436738812,-0.000504057508255,0.573886178595,0.818920555423,0.00212716345216,0.0,0.818879178917,-0.573826342488,-0.0118729063026,0.0,-0.00850250829985,0.00855575141269,-0.999927250589,0.0,0.661562826686,0.260765056812,0.303312532272,1.0,-0.0026,-0.00341714285714,0.131
0.464975092563,0.546761992515,-0.123988552788,-1.3572227959,0.0794976933401,1.89464440527,0.159101225166,-0.00457102129925,-0.016479884121,-0.000768220030281,-0.0170077523935,0.00049510222046,0.00953284094905,-0.0002817592812,0.57391624804,0.818899456594,0.00213708378551,0.0,0.818858055481,-0.573856213505,-0.0118860463164,0.0,-0.0085072618516,0.00857172841128,-0.999927073325,0.0,0.661519605446,0.260710229289,0.303322038011,1.0,-0.00294,-0.003864,0.148
0.464946955762,0.546514959649,-0.123989125413,-1.35758034914,0.0794893443007,1.89478364905,0.158991817911,-0.00450736705943,-0.0197559166945,-0.000610309876291,-0.0229807545275,-0.000198020802812,0.00180621048945,-0.0112935344221,0.573867909637,0.818933246625,0.00216950761372,0.0,0.81889215538,-0.573807637507,-0.0118819147319,0.0,-0.00848577834669,0.00859540782385,-0.999927052604,0.0,0.661479787881,0.26066019124,0.303338897269,1.0,-0.00324,-0.00425828571429,0.163
0.464914244274,0.546232422499,-0.123988189692,-1.35803880777,0.0794764238995,1.894941786,0.158919754766,0.000731756816724,-0.0188683170087,4.60191090273e-05,-0.0269474191938,0.00023432908,0.0029362848636,-0.00228534612805,0.57385719692,0.818940771139,0.00216282450065,0.0,0.818899433747,-0.573796791967,-0.0119040261638,0.0,-0.00850783440839,0.00860251247035,-0.999926804088,0.0,0.661422585847,0.260597023159,0.303334438617,1.0,-0.00358,-0.00470514285714,0.18
0.464861480728,0.545902367589,-0.123986015749,-1.35860570799,0.0794566587445,1.89514614578,0.158884641185,-0.000183230921536,-0.0182111883579,-0.000912295174943,-0.0413497475877,0.000434851874737,0.0103813270668,-0.00821024307642,0.57390249929,0.818909105103,0.00213208581478,0.0,0.818867214063,-0.573842059232,-0.0119383286684,0.0,-0.00855309020532,0.00859749735987,-0.99992646114,0.0,0.661351083114,0.260503206914,0.303310173173,1.0,-0.00396,-0.00520457142857,0.199
0.464802965326,0.545594352067,-0.123986000821,-1.35914162926,0.0793794878922,1.8953178879,0.158811527285,-0.00592853659853,-0.0234276705277,0.000132808313968,-0.0380591729815,-0.00245503911731,0.00840844651145,-0.00375415181478,0.573893978943,0.818915236621,0.0020695562771,0.0,0.818872889036,-0.573834154966,-0.0119290023694,0.0,-0.00858142493961,0.0085408506001,-0.999926703822,0.0,0.661295069262,0.260411977734,0.303293720149,1.0,-0.00424,-0.00557257142857,0.213
0.464732732075,0.545173216899,-0.123985939752,-1.35987030911,0.0793119448386,1.89554333035,0.158712104481,-0.00749100489488,-0.0271415553674,0.000128544215701,-0.038276425053,-0.000484020638038,0.0155557380046,-0.00521930238588,0.573892544196,0.818916446763,0.00198691687582,0.0,0.818873163574,-0.573833203226,-0.0119559087989,0.0,-0.00865089803263,0.00848860325857,-0.999926550092,0.0,0.661205730314,0.260288956391,0.303264476555,1.0,-0.0046,-0.00604571428571,0.231
0.464661557525,0.544755192431,-0.123986737779,-1.36058621881,0.0792988095144,1.89578154513,0.158628605767,-0.00404242254914,-0.0257727970825,0.000238398380327,-0.0435169010284,0.000275590091179,0.0169562626045,-0.00794201224951,0.57391935886,0.818897738418,0.0019520349479,0.0,0.818853682113,-0.573859851102,-0.0120110567213,0.0,-0.00871580050672,0.00849197247422,-0.999925957871,0.0,0.661119097507,0.260175976609,0.303240311005,1.0,-0.00494,-0.00649257142857,0.248
0.464594220403,0.544325035792,-0.123992123886,-1.36129385485,0.079273024641,1.89604576623,0.158515615193,-0.00547252654793,-0.0327610572208,-8.16507968752e-05,-0.0479502809001,-5.91739852951e-05,0.0127983136645,-0.0126114954608,0.573918410467,0.818898412811,0.00194795371285,0.0,0.818854168081,-0.573858788713,-0.0120286713215,0.0,-0.00873257762444,0.00849872956873,-0.999925754086,0.0,0.661040554694,0.260063746344,0.303231015226,1.0,-0.00526,-0.00691314285714,0.264
0.464520288455,0.543826903515,-0.123997891769,-1.36210746126,0.0792399084591,1.89633614689,0.158470613242,-0.00434782529127,-0.025917702528,-0.000719769426923,-0.0499018318457,0.000301153857555,0.0195350173142,-0.00236589863311,0.57398263166,0.818853436261,0.0019327125853,0.0,0.818808855503,-0.573922934528,-0.0120528119075,0.0,-0.00876042703391,0.00850079054414,-0.999925492964,0.0,0.660946747243,0.259935841159,0.303221609745,1.0,-0.0056,-0.00736,0.281
0.464423399371,0.543252150059,-0.123993842322,-1.36300136297,0.0791847359178,1.8966423972,0.15831870443,-0.00254744927424,-0.0302752763169,0.00065370616364,-0.0515124904771,0.000484773741685,0.0244921831875,-0.00336652848085,0.573969638823,0.818862565938,0.00192320475971,0.0,0.818817805995,-0.573909931317,-0.0120639223265,0.0,-0.00877511702822,0.00849924307914,-0.99992537731,0.0,0.660844460825,0.259787446619,0.303229145862,1.0,-0.00596,-0.00783314285714,0.299
0.464350601383,0.542755924248,-0.124000992213,-1.36379860755,0.0791337745231,1.89692539714,0.158220465317,-0.00526385873005,-0.0333400993602,0.000585541840241,-0.0540567488542,-0.0106614387707,0.0166137988547,-0.00400881536317,0.573984517759,0.818852180868,0.00190424838625,0.0,0.818807210449,-0.57392492704,-0.0120696785472,0.0,-0.00879055623005,0.00848718433418,-0.999925344125,0.0,0.660753674238,0.259658035882,0.303225430958,1.0,-0.00626,-0.00822742857143,0.314
0.464277108783,0.542164474929,-0.124007717429,-1.3647208151,0.0790839434577,1.89726519078,0.158090524345,-0.00497243648985,-0.0374744920752,-0.000252563936499,-0.054774455652,-0.00564553969879,0.0167476770192,-0.00891172405258,0.573980963906,0.818854650735,0.0019133592751,0.0,0.818809768191,-0.573921303732,-0.0120684522361,0.0,-0.00878435971717,0.00849390264578,-0.999925341534,0.0,0.660647819048,0.25951887493,0.303234442733,1.0,-0.0066,-0.00867428571429,0.331
0.464179580843,0.541485887831,-0.124000625733,-1.36574360923,0.07902259437,1.89763589767,0.157949799349,-0.00650653020518,-0.0362807295393,0.00134580430206,-0.0575148806955,-0.00483314279118,0.0172819758973,-0.0113668330812,0.573980935431,0.818854611388,0.00193857466666,0.0,0.81881000057,-0.573921109563,-0.0120619180298,0.0,-0.00876453702171,0.008510799177,-0.999925371809,0.0,0.660530778875,0.259361296614,0.303259314307,1.0,-0.00696,-0.00914742857143,0.349
0.464116915504,0.540887172735,-0.124008072747,-1.36665816242,0.0789635726541,1.89798160876,0.157846862895,-0.00154279918589,-0.0413547743219,0.00114337267139,-0.0599068997238,-0.0111959861005,0.0199249200411,-0.00533223493586,0.573988165232,0.818849493498,0.00195961013114,0.0,0.818805235141,-0.573928323068,-0.0120421670854,0.0,-0.00873621486126,0.00851676439908,-0.999925568867,0.0,0.660425623856,0.259228803859,0.303277453987,1.0,-0.00726,-0.00954171428571,0.364
0.46401673796,0.540124152462,-0.124009032951,-1.36783807207,0.0789048970025,1.89841038511,0.157700239274,-0.00188974496609,-0.0434261802749,0.000408839798348,-0.0677680885344,-0.00060954643088,0.0254687390084,-0.00643929786702,0.574000431534,0.818840854574,0.00197645635813,0.0,0.818796684467,-0.573940386641,-0.0120486094203,0.0,-0.00873169361993,0.00853438723305,-0.999925458102,0.0,0.660288107488,0.259051653915,0.303292340792,1.0,-0.00762,-0.0100148571429,0.382
0.463924611792,0.539380162692,-0.124014801767,-1.368983982,0.0788355696479,1.89885183206,0.157561384558,-0.00701118567087,-0.0486664309878,0.000184469580982,-0.0714928159503,-0.00534565793544,0.0234235362269,-0.00360598498402,0.5740111803,0.818833243795,0.00200764711601,0.0,0.818789527854,-0.573951046299,-0.0120271538635,0.0,-0.00869610967594,0.0085477257893,-0.999925654267,0.0,0.660159853466,0.258879965395,0.303311070778,1.0,-0.00796,-0.0104617142857,0.399
0.463822313533,0.538660602205,-0.124014813825,-1.37009859927,0.0787739900742,1.89927504816,0.157413110029,-0.00895163577599,-0.045372408509,-0.000446209455486,-0.0729867688088,-0.00565805633584,0.030002788298,-0.0105596516437,0.574018724494,0.818827889791,0.00203414146402,0.0,0.818784472869,-0.573958430687,-0.0120188906462,0.0,-0.00867405722549,0.00856475662305,-0.999925700077,0.0,0.660035215208,0.258708320333,0.303325557711,1.0,-0.00828,-0.0108822857143,0.415
0.463708491155,0.537873153547,-0.124018255537,-1.37131962725,0.0787019121578,1.89975269571,0.157257815016,-0.00733312504687,-0.0472135883705,-0.000305507153473,-0.0706096873188,-0.00299540514954,0.0334826200164,-0.0170128467259,0.574035435836,0.818816083731,0.00207034507941,0.0,0.818773168402,-0.573975016006,-0.0119969415779,0.0,-0.00863512862248,0.0085819778174,-0.999925889359,0.0,0.659902701253,0.258517346476,0.303342047257,1.0,-0.00862,-0.0113291428571,0.432
0.463599677154,0.537006045542,-0.124023612553,-1.37269354529,0.0786246447072,1.90025311123,0.157096128883,-0.00739705681672,-0.0471813531651,-0.00032857369731,-0.0808750270548,-0.00337867599459,0.0324857606967,-0.00640257254561,0.57405088605,0.818805262847,0.00206607344175,0.0,0.818762239215,-0.573990430015,-0.0120053649498,0.0,-0.00864431604989,0.0085834785629,-0.999925797095,0.0,0.6597405293,0.258312185286,0.303343909169,1.0,-0.00898,-0.0118022857143,0.45
0.463487131634,0.536216784778,-0.124024367197,-1.37392039538,0.0785513011762,1.90072064715,0.156940477305,-0.00781885877339,-0.0505159643648,0.000124770769031,-0.0798446666571,-0.00469283998617,0.0262312010748,-0.0153731639678,0.574064046032,0.818795973434,0.00209089514561,0.0,0.818753278388,-0.574003488894,-0.0119921127434,0.0,-0.00861907846273,0.00859633352323,-0.999925904523,0.0,0.659603258058,0.258122088349,0.303357647479,1.0,-0.0093,-0.0122228571429,0.466
0.463356939814,0.535273193247,-0.124027893536,-1.37541339114,0.0784687424246,1.90125404179,0.156761420473,-0.00745841410291,-0.0517314211149,-0.00122296571263,-0.0858979728403,-0.0102460019757,0.0338064799212,-0.00980505962157,0.57408628593,0.818780407045,0.00208044424523,0.0,0.818737478391,-0.574025672939,-0.0120089627339,0.0,-0.00863864130822,0.00859768402113,-0.999925724094,0.0,0.659426776578,0.257892176666,0.303359278189,1.0,-0.00966,-0.012696,0.484
0.463243192414,0.534430805333,-0.124028309635,-1.37679449641,0.0783916126173,1.90175943438,0.156600010049,-0.0081559732308,-0.0547218718743,0.000370279228107,-0.0872267484122,-0.00876721797725,0.0332543744069,-6.60544833173e-05,0.574102639963,0.818769007234,0.00205389425194,0.0,0.818725645419,-0.574042051204,-0.0120327837359,0.0,-0.00867321571066,0.00858979418609,-0.999925492607,0.0,0.659262423989,0.257685860492,0.303340064104,1.0,-0.00998,-0.0131165714286,0.5
0.463114647139,0.533562036021,-0.124035504631,-1.3781925057,0.0783067276676,1.90226427196,0.156419956204,-0.00828449357411,-0.0551843732942,-0.00125630946447,-0.0879798540953,-0.00201007717066,0.034754600274,-0.0115856281911,0.57411923598,0.818757428509,0.0020305272676,0.0,0.818713761278,-0.57405874445,-0.0120449954715,0.0,-0.00869645501851,0.00857784936427,-0.999925393302,0.0,0.65910017654,0.257462927345,0.303331404156,1.0,-0.0103,-0.0135371428571,0.516
0.462988886171,0.5326163075,-0.124033027505,-1.37971605481,0.0782348798469,1.90284086266,0.156230015455,-0.0079960641444,-0.0648585693528,0.000238013936678,-0.0894047270787,-0.00536442607991,0.037945218376,-0.00883836096867,0.574129107317,0.818750484612,0.00203935788169,0.0,0.818706730597,-0.574068377229,-0.0120637656358,0.0,-0.00870665072084,0.00859596051809,-0.999925149047,0.0,0.658921033168,0.257240532677,0.303323029175,1.0,-0.01064,-0.013984,0.533
0.462845205916,0.531641929992,-0.124032264918,-1.38127603133,0.0781443893561,1.90340996956,0.156036849678,-0.00842994851906,-0.0579240036903,0.000840384369966,-0.0892887675506,-0.00310116114533,0.0328045573546,-0.00901710717509,0.574148828416,0.818736686624,0.00202674746903,0.0,0.81869269331,-0.574088076657,-0.0120789512331,0.0,-0.00872611695893,0.00859456451507,-0.999924991359,0.0,0.658738271598,0.256997909566,0.303316678963,1.0,-0.01098,-0.0144308571429,0.55
0.462719456672,0.530687918387,-0.12403694237,-1.38282918849,0.0780469651369,1.90395390857,0.155839577221,-0.00767649526402,-0.0636504364234,0.000322138457591,-0.0977699364973,-0.000294709133522,0.036666653341,-0.0112790859868,0.574151777783,0.818734741349,0.00197643088493,0.0,0.818690069762,-0.57409122437,-0.0121071332257,0.0,-0.00877804796806,0.00856958139547,-0.999924751243,0.0,0.658548122646,0.256761691054,0.303297003116,1.0,-0.0113,-0.0148514285714,0.566
0.462564388268,0.529599297872,-0.124042536082,-1.38455421432,0.077926263703,1.90459733888,0.15559815133,-0.00431905849306,-0.0592218911546,-0.000965015144816,-0.100764947371,-0.00560872119736,0.0419291268693,-0.00913622013457,0.574146280355,0.818738609207,0.00197115441896,0.0,0.818694026639,-0.574085904915,-0.0120917915761,0.0,-0.00876857347174,0.00855639424176,-0.999924947302,0.0,0.658349794499,0.256490011434,0.303298750029,1.0,-0.01166,-0.0153245714286,0.584
0.462432846767,0.528503389705,-0.124043296951,-1.38624875422,0.0778259544569,1.90523687016,0.155364905024,-0.00777146670569,-0.0657391938365,0.00127037607944,-0.0985234010493,-0.0125551795436,0.0384860679096,-0.0146528818409,0.574128500867,0.818750990953,0.00200654084615,0.0,0.818706849923,-0.57406795344,-0.01207582807,0.0,-0.00873537358489,0.00857601091675,-0.999925069835,0.0,0.658149248809,0.256243392357,0.303319394418,1.0,-0.012,-0.0157714285714,0.601
0.462307421657,0.527522648407,-0.124046315484,-1.38776906237,0.0777339487538,1.90583114027,0.155147207822,-0.00977417207655,-0.0604779652995,-0.000838313026719,-0.0951931043176,-0.00775425962641,0.0363105127708,-0.0200003571128,0.574112784632,0.818761900897,0.00205111267841,0.0,0.818718383087,-0.57405208797,-0.0120480867222,0.0,-0.00868723612732,0.00859640978067,-0.999925314045,0.0,0.65797547216,0.256016940216,0.303337789728,1.0,-0.0123,-0.0161657142857,0.616
0.462146748098,0.526304842354,-0.124046652079,-1.38967310445,0.0776110103011,1.90654450712,0.154891059495,-0.0107817874746,-0.0635054580663,0.00026605436951,-0.110264785546,-0.00709978879301,0.0355521336736,-0.0190205457877,0.574104562371,0.818767620849,0.00206915786616,0.0,0.818724394554,-0.574043845331,-0.0120323024013,0.0,-0.00866403908194,0.00860203534145,-0.99992546693,0.0,0.657751369066,0.255729550874,0.303350348302,1.0,-0.01266,-0.0166388571429,0.634
0.462002005282,0.525102579756,-0.124049971651,-1.39151821932,0.0775052912611,1.90720493605,0.154642600939,-0.00979345092406,-0.0695256889867,-0.000347504188629,-0.111045732358,-0.00824896889263,0.0380360082608,-0.00941322866809,0.57409272208,0.818775875275,0.00208792319691,0.0,0.818732797991,-0.574031831553,-0.0120336510701,0.0,-0.00865449543669,0.00861804862455,-0.999925411692,0.0,0.657525165538,0.255456931342,0.303375197764,1.0,-0.013,-0.0170857142857,0.651
0.461857014204,0.52399473895,-0.124058450327,-1.39330365599,0.0773871081732,1.90784540408,0.154406460713,-0.00815889979952,-0.0654018205702,-3.36679987737e-06,-0.118306734429,-0.00987428022117,0.0429663021715,-0.0116302193838,0.574088048068,0.818779252415,0.00204836064886,0.0,0.818735724622,-0.574027391966,-0.0120463023942,0.0,-0.00868761461115,0.00859286970744,-0.999925341184,0.0,0.657307850763,0.255183667338,0.303360198709,1.0,-0.01332,-0.0175062857143,0.667
0.461702877474,0.522770436356,-0.124061310449,-1.3952213473,0.0772710973045,1.90858927554,0.154143044851,-0.00430211924372,-0.0725708597723,-0.000177750696921,-0.11799398541,-0.0101091319908,0.0411968761424,-0.0153476080612,0.574072368816,0.818790143114,0.00208897175664,0.0,0.818747177279,-0.574011573803,-0.012021636293,0.0,-0.00864426976412,0.00861179475665,-0.999925554025,0.0,0.657083498604,0.254900845939,0.30337260558,1.0,-0.01366,-0.0179531428571,0.684
0.461527273949,0.521474420684,-0.124059128003,-1.39731240855,0.0771465376818,1.90939948211,0.153863991742,-0.00633340308273,-0.0733360157475,-0.00142177467544,-0.117211975322,-0.0030049383025,0.0479091624112,-0.0119487308991,0.574064674903,0.818795507823,0.00210054715508,0.0,0.818752674239,-0.574003813291,-0.0120178057388,0.0,-0.00863456951803,0.00861899228739,-0.999925575821,0.0,0.656837531238,0.254590373905,0.303358165599,1.0,-0.01402,-0.0184262857143,0.702
0.461369444811,0.520259326472,-0.124067220674,-1.39921783488,0.077023565451,1.91009577931,0.153601722202,-0.00888206913015,-0.0782349363121,-0.000781156635667,-0.117957767295,-0.0102287547972,0.0472000972582,-0.0215595873767,0.574053232383,0.818803532305,0.00209970860588,0.0,0.81876074709,-0.57399243495,-0.0120112674622,0.0,-0.0086298175209,0.00861443175304,-0.999925656144,0.0,0.65660750182,0.254299188806,0.303365274337,1.0,-0.01434,-0.0188468571429,0.718
0.461193435222,0.518937714995,-0.124068440671,-1.40129150995,0.0768929927927,1.9108336922,0.153314613346,-0.0103760293802,-0.0794706965938,-0.000480518168636,-0.120739523582,-0.00852602451944,0.0453698896469,-0.0180836988599,0.574037956394,0.818814277545,0.00208576325271,0.0,0.818771276823,-0.57397718624,-0.0120221806044,0.0,-0.00864691908313,0.00860911677929,-0.999925554178,0.0,0.656351627664,0.253983161372,0.303370125438,1.0,-0.01468,-0.0192937142857,0.735
0.461014702408,0.517590854931,-0.124074421456,-1.40339703204,0.0767539920962,1.91159356109,0.153039707171,-0.0102428298535,-0.0765998819322,-0.00152667944805,-0.123129898115,-0.00867229250031,0.0432547405044,-0.00817984886148,0.574037388323,0.818814691197,0.00207970863773,0.0,0.818771675844,-0.573976707888,-0.0120178425111,0.0,-0.00864684816599,0.00860166306363,-0.999925618938,0.0,0.65609474405,0.253659308422,0.303379178609,1.0,-0.01502,-0.0197405714286,0.752
0.460840049909,0.516319677899,-0.124077757999,-1.40541126818,0.0766233843777,1.91235275309,0.15275783495,-0.0128384612825,-0.0777456621933,0.000385867691314,-0.123311121812,-0.0105093555114,0.0531579454322,-0.0202590362866,0.574023299392,0.818824549872,0.00208690739776,0.0,0.818781699318,-0.573962660955,-0.0120058149057,0.0,-0.00863301527509,0.00860050465586,-0.999925748427,0.0,0.655854530392,0.253350841893,0.303378081283,1.0,-0.01534,-0.0201611428571,0.768
0.460653654583,0.51494282162,-0.124084394469,-1.40760732291,0.0764909920989,1.91317405623,0.152456441822,-0.0148098979583,-0.0805981381372,-0.00106727903003,-0.133275780112,-0.00264324437804,0.052714041119,-0.0160131712178,0.574014057841,0.818831029651,0.0020864281426,0.0,0.818788161535,-0.57395341132,-0.0120072921913,0.0,-0.00863459712116,0.00860086277073,-0.999925731688,0.0,0.655589424285,0.253016529356,0.303369683032,1.0,-0.01568,-0.020608,0.785
0.46046304433,0.51351210205,-0.1240851175,-1.40989034951,0.0763535878444,1.91395860538,0.15213315056,-0.0084505654875,-0.0819490884995,-4.81796974791e-05,-0.131680774061,-0.00844262712304,0.0500891174864,-0.0209850836667,0.573988517512,0.818849071937,0.00203126911414,0.0,0.818805330736,-0.573927956812,-0.0120531178406,0.0,-0.00870404980528,0.00858173044446,-0.999925293919,0.0,0.655296841827,0.252670131358,0.303353821538,1.0,-0.01602,-0.0210548571429,0.802
0.460287333436,0.512178317024,-0.124090703999,-1.41204563756,0.0762217344047,1.91471855505,0.151836231366,-0.00982099679342,-0.0882797504346,0.00108723700786,-0.134785257192,-0.010639661263,0.0453159155156,-0.0153172611063,0.573970436277,0.818861877481,0.00197757176197,0.0,0.818817357049,-0.573910033852,-0.012089488856,0.0,-0.00876484201592,0.00855844405312,-0.999924962475,0.0,0.655023370864,0.252343814839,0.303328452796,1.0,-0.01634,-0.0214754285714,0.818
0.460069684337,0.510640490422,-0.1240882665,-1.41451096812,0.0760732242605,1.91566070691,0.15148898052,-0.0171096144852,-0.0864211800996,0.00131690906582,-0.144992161438,-0.0150156396784,0.0576877640884,-0.0179496899237,0.573951590493,0.818875058967,0.00198908846284,0.0,0.818830650267,-0.573891102372,-0.0120878328519,0.0,-0.0087570732695,0.00856672242636,-0.999924959652,0.0,0.654726561708,0.251970259782,0.303313502029,1.0,-0.0167,-0.0219485714286,0.836
0.459868446177,0.509154232655,-0.1240971155,-1.4168687964,0.0759376931741,1.91651603131,0.151163877278,-0.0150502394625,-0.0878525015762,-0.0022002626335,-0.138589012328,-0.00629488813548,0.0441751046169,-0.0182705054329,0.573942696247,0.818881320201,0.00197781506335,0.0,0.818836652854,-0.573882149742,-0.0121062401921,0.0,-0.00877871020823,0.00856796056351,-0.999924759319,0.0,0.654433403169,0.251609268105,0.303305913887,1.0,-0.01704,-0.0223954285714,0.853
0.459670179564,0.507728815689,-0.124095738328,-1.41910342993,0.0757860879469,1.91731529231,0.150847175466,-0.00596903535596,-0.0921969867002,0.000717437277758,-0.141678091694,-0.00541360419531,0.0481165101169,-0.0172861805357,0.573919413498,0.818897675419,0.00196237243097,0.0,0.818852848735,-0.573858979173,-0.0121091305328,0.0,-0.00879018304291,0.00855672409219,-0.999924754747,0.0,0.654153775264,0.251263760691,0.303308654368,1.0,-0.01736,-0.022816,0.869
0.459452272698,0.506156910823,-0.124103803908,-1.42153981312,0.0756416436864,1.91822956989,0.150515161422,-0.011855145161,-0.0941984092139,-0.00146349881417,-0.145455585343,-0.00534360873027,0.0524038127948,-0.0162747055924,0.573918923445,0.818897915894,0.00200488357931,0.0,0.818853618914,-0.573858277977,-0.0120902642591,0.0,-0.00875034163722,0.00858070282729,-0.99992489871,0.0,0.653858442664,0.250886816749,0.303327587108,1.0,-0.0177,-0.0232628571429,0.886
0.459225692139,0.504539064733,-0.12411422119,-1.42401030015,0.0754769170006,1.91918334047,0.150173376494,-0.0148077029516,-0.0946020494228,-0.00130853075626,-0.148612678148,-0.00693869367598,0.0524340440199,-0.0192421425751,0.573914961822,0.818900505043,0.00207998535121,0.0,0.818857384786,-0.573854187768,-0.0120291921231,0.0,-0.00865726987983,0.00860711041671,-0.999925481888,0.0,0.653566791068,0.250498880777,0.303365245191,1.0,-0.01804,-0.0237097142857,0.903
0.459012305533,0.502963307241,-0.12411212908,-1.42634270941,0.0753321027346,1.92006451053,0.149845664869,-0.013013991654,-0.103537312826,0.000504218435901,-0.143746716975,-0.00344968773681,0.0626633500473,-0.0216912010051,0.573900520369,0.818910348297,0.00218656645082,0.0,0.818868630084,-0.573839314605,-0.0119730772622,0.0,-0.00855030369733,0.00866203271632,-0.999925928005,0.0,0.653284484351,0.250141093726,0.303431879948,1.0,-0.01836,-0.0241302857143,0.919
0.458778222787,0.501257001559,-0.124121681463,-1.42888338585,0.0751698513006,1.92097501797,0.149489441616,-0.0155089557659,-0.104197011605,-0.00135213412074,-0.154324598212,-0.0128151989357,0.0548254576786,-0.0236784370651,0.573893166055,0.818915333513,0.00224886503928,0.0,0.818874455442,-0.573831735705,-0.0119378483293,0.0,-0.00848578029471,0.00869275507046,-0.999926211049,0.0,0.652969054453,0.249739345689,0.30349281765,1.0,-0.0187,-0.0245771428571,0.936
0.458525039488,0.499448056385,-0.124122765861,-1.43164855097,0.074989073311,1.92196755525,0.149111031821,-0.0166358847752,-0.100735463957,0.000528898437485,-0.155695778785,-0.0106552809336,0.0569071800638,-0.0145989276211,0.573883154081,0.818922276128,0.00227552713169,0.0,0.818881757947,-0.573821630497,-0.0119226581372,0.0,-0.00845814649577,0.00870576792765,-0.999926331968,0.0,0.652621241445,0.249307520428,0.303524734031,1.0,-0.01906,-0.0250502857143,0.954
0.458299554872,0.497961239548,-0.124122774997,-1.43397524312,0.074852015956,1.92284061866,0.148766153422,-0.0176208980865,-0.105744041881,-0.000729817433265,-0.161263754344,-0.0149291117698,0.0585709357067,-0.0242430186591,0.573866801213,0.81893364916,0.00230643453292,0.0,0.818893454094,-0.57380507406,-0.0119161540303,0.0,-0.00843525807085,0.00872717736263,-0.999926338685,0.0,0.652336304878,0.24894111275,0.303529771199,1.0,-0.01936,-0.0254445714286,0.969
0.458036775958,0.496287602201,-0.124122663642,-1.43665406767,0.0746848536852,1.92378706694,0.148364298068,-0.0153749726639,-0.096920301647,-0.000218768919254,-0.157349136715,-0.015576362997,0.0606567110179,-0.0263882920826,0.573843066822,0.818950420229,0.00225627313469,0.0,0.818909456286,-0.573781425894,-0.0119551079106,0.0,-0.00849619660893,0.00870820685352,-0.999925988149,0.0,0.651995549723,0.2485115237,0.303503281182,1.0,-0.0197,-0.0258914285714,0.986
0.457749696799,0.494511394645,-0.124123383456,-1.43955487199,0.0745007134638,1.92477533594,0.147956671161,-0.017996226842,-0.100594198824,-0.00246642790086,-0.159622505127,-0.0172842463021,0.0646326922413,-0.0244730923281,0.573840895734,0.81895225686,0.00213875398147,0.0,0.818909596222,-0.573779575513,-0.0120340700142,0.0,-0.00862832156766,0.00865725435463,-0.999925299217,0.0,0.65161782244,0.248040985252,0.303445652298,1.0,-0.0218468571429,-0.0287130122449,1.004
0.457483937389,0.492587525901,-0.124188750777,-1.44246512887,0.0743419824414,1.92584601727,0.147542986995,-0.0174969927775,-0.145821777442,-0.00353988121826,-0.222731573851,-0.00257734161104,0.0779513622253,-0.0295242593119,0.573873717741,0.818929064882,0.00221126200665,0.0,0.818887472658,-0.573812214732,-0.0119831652365,0.0,-0.00854467766361,0.00868776560702,-0.99992575285,0.0,0.65123773846,0.247517865524,0.303497273445,1.0,-0.0318034285714,-0.0417987918367,1.02
0.457077631959,0.489483304676,-0.124227027568,-1.44739110235,0.074082306964,1.92772655756,0.146801740752,-0.0292854273834,-0.194275119464,-0.000588843779201,-0.307480932108,-0.0184462363187,0.113798950292,-0.0537376216969,0.573801081492,0.818979797412,0.00227094931244,0.0,0.818938678437,-0.573739030781,-0.011988011494,0.0,-0.00851517091069,0.00873867043542,-0.999925560981,0.0,0.650645607489,0.246812380271,0.303473396584,1.0,-0.0423822857143,-0.0557024326531,1.037
0.456499906179,0.485579630268,-0.124290130804,-1.45355546517,0.073718073567,1.93005301692,0.145886250612,-0.0364964347298,-0.247793725266,-0.00834313260237,-0.393150761802,-0.0249072125154,0.159333045693,-0.0572362270888,0.573778054142,0.818995795627,0.00231910173546,0.0,0.818955364362,-0.573715872219,-0.0119564229022,0.0,-0.00846191753086,0.00875974252627,-0.999925828681,0.0,0.649882762381,0.245819567062,0.303455159347,1.0,-0.0529611428571,-0.0696060734694,1.054
0.45580871492,0.481089259539,-0.124420857097,-1.46064598666,0.0732923538583,1.93253468999,0.14479757467,-0.0463850011062,-0.301908993542,-0.0085822835989,-0.477967529475,-0.0280280996497,0.168397810431,-0.0730240236569,0.573779928203,0.81899480237,0.00220331194522,0.0,0.818952912328,-0.573718272888,-0.0120090651006,0.0,-0.00857144660179,0.00869513665384,-0.999925459673,0.0,0.648977980613,0.244613211379,0.303414846899,1.0,-0.0629177142857,-0.0826918530612,1.07
0.454914746323,0.47541299279,-0.124555909357,-1.46954394621,0.0727558868184,1.93566761164,0.143508923716,-0.0566339065871,-0.349561085869,-0.0108063734372,-0.546164183191,-0.0340540532282,0.199086547814,-0.0774987971269,0.573841279455,0.818952049485,0.00211507429989,0.0,0.81890897945,-0.573779959204,-0.0120577234316,0.0,-0.00866127682736,0.00865143934471,-0.999925064633,0.0,0.647834928074,0.243102005075,0.303386784662,1.0,-0.0734965714286,-0.0965954938775,1.087
0.453860597404,0.468877317714,-0.124666932011,-1.47958581047,0.0721774385661,1.93933491065,0.141993970586,-0.0623876996078,-0.404660668528,-0.00330027164955,-0.60947448283,-0.0313929401578,0.232972200685,-0.099607572724,0.573870186169,0.818931403383,0.00226116797134,0.0,0.818890002761,-0.573808008938,-0.0120116259256,0.0,-0.00853938579433,0.00874493021944,-0.999925299753,0.0,0.646558334755,0.241408154859,0.303445389539,1.0,-0.0840754285714,-0.110499134694,1.104
0.452707744359,0.461954508189,-0.124719827845,-1.49019333701,0.0715063853898,1.94320357567,0.140279068639,-0.0765963598965,-0.446349307679,-0.00182247630116,-0.698508877637,-0.0395860871733,0.250001130318,-0.100940315681,0.5737663524,0.819003725895,0.00241178854752,0.0,0.81896424064,-0.573703527364,-0.0119407765422,0.0,-0.00839605053119,0.00882655431639,-0.999925796384,0.0,0.645188202958,0.239624619815,0.303506876001,1.0,-0.094032,-0.123584914286,1.12
0.451186409599,0.453334234411,-0.124852887466,-1.5036436962,0.0706295142692,1.94775315631,0.138228065065,-0.0856372975847,-0.489264487872,-0.00687069239643,-0.755904482334,-0.055323458547,0.262048595438,-0.118168569183,0.573811318302,0.818972942846,0.00215331746524,0.0,0.818929810043,-0.573749275137,-0.0121029915261,0.0,-0.00867672530639,0.00870841704977,-0.9999244361,0.0,0.643376445557,0.237261453493,0.303431790054,1.0,-0.105233142857,-0.138306416327,1.138
0.449702784599,0.444723762185,-0.124970027246,-1.51645120715,0.069756568338,1.95245313492,0.136241437911,-0.0961675482613,-0.541656705659,-0.00302153324761,-0.829585214928,-0.0587426769646,0.291496455036,-0.122814356198,0.573829709159,0.818958959925,0.00253648289466,0.0,0.818921586316,-0.573766913308,-0.0118199644824,0.0,-0.00822487421201,0.00885999795935,-0.99992692327,0.0,0.641604103715,0.234872295735,0.303647211641,1.0,-0.115812,-0.152210057143,1.155
0.447931366858,0.434985247399,-0.125048707127,-1.53131185571,0.0687781036379,1.95755195108,0.133861759162,-0.105096229771,-0.593762850506,-0.00953067257429,-0.884726923742,-0.0630613677257,0.317267845293,-0.144692824982,0.573774237977,0.818997895126,0.00251366573201,0.0,0.818959764565,-0.57371104215,-0.0118865907876,0.0,-0.0082931347171,0.0088789816153,-0.999926191077,0.0,0.639667499972,0.232412320615,0.303675525194,1.0,-0.125768571429,-0.165295836735,1.171
0.445955077545,0.424456086288,-0.12513806788,-1.54711724171,0.0676683112437,1.96316944398,0.131235301204,-0.119407105218,-0.625852375352,-0.00396470807933,-0.946023695188,-0.0693352532406,0.329820647429,-0.156359333619,0.573681586891,0.819062006239,0.00275929306415,0.0,0.819027513195,-0.573617983449,-0.0117084838957,0.0,-0.00800734835272,0.00897705139395,-0.999927644843,0.0,0.637517322642,0.229586703253,0.303811196611,1.0,-0.136347428571,-0.179199477551,1.188
0.443745569803,0.413200056384,-0.125266383714,-1.56397970199,0.066445352068,1.96909828545,0.128452077969,-0.130119695921,-0.683586955934,-0.00599709931366,-1.00854446967,-0.0766426630054,0.358316056857,-0.157942732464,0.573671464233,0.81906837433,0.00296583846498,0.0,0.819037260609,-0.573607975378,-0.0115153470779,0.0,-0.00773077685514,0.00903533218922,-0.999929296431,0.0,0.635193333257,0.22648945531,0.303936622101,1.0,-0.146926285714,-0.193103118367,1.205
0.441464173923,0.402101964244,-0.125360824858,-1.58094860169,0.0653083979846,1.9747673407,0.125596739771,-0.146565323934,-0.710390739525,-0.00724672838842,-1.08873445901,-0.0786967929094,0.356371149254,-0.185916979393,0.573645069697,0.81908742816,0.00280462896942,0.0,0.819053356144,-0.573581123463,-0.011706472473,0.0,-0.00798009583714,0.00901267450974,-0.999927542259,0.0,0.632738043695,0.223361967684,0.303851947858,1.0,-0.156882857143,-0.206188897959,1.221
0.438746816902,0.389494168461,-0.125498072736,-1.59966104897,0.0639524110396,1.98122040288,0.122402896475,-0.168633312357,-0.738857238349,-0.00525451749316,-1.12250099075,-0.0903330470821,0.37669679652,-0.193768144981,0.573710344869,0.819040830033,0.00305054609639,0.0,0.819010320827,-0.573646004102,-0.0115370385392,0.0,-0.00769952028239,0.00911752263677,-0.999928791549,0.0,0.630076670246,0.219783495152,0.303987050342,1.0,-0.167461714286,-0.220092538775,1.238
0.435664630574,0.375497972403,-0.125643629294,-1.62060856887,0.0623797330707,1.98818081173,0.118626613488,-0.175965477676,-0.78557348981,-0.00671790342764,-1.18546537056,-0.0879495214641,0.391753622002,-0.21547424298,0.573593566409,0.819122811757,0.00299778837771,0.0,0.819091746193,-0.573529558043,-0.0115457468565,0.0,-0.00773821337017,0.00907820461689,-0.999928850596,0.0,0.626974494621,0.215753151626,0.303990479638,1.0,-0.178662857143,-0.234814040816,1.256
0.432588848828,0.362447881601,-0.125819245504,-1.63993425226,0.0609275246193,1.99457357132,0.115180857774,-0.199095046099,-0.858940760283,-0.0163422312101,-1.2063041312,-0.093492948766,0.418730842825,-0.221695063883,0.573706961704,0.819043218963,0.00304540068133,0.0,0.819012915557,-0.573642960205,-0.0115041409327,0.0,-0.00767556373749,0.00909440332804,-0.999929186267,0.0,0.624096917108,0.211886914036,0.304038787901,1.0,-0.188619428571,-0.247899820408,1.272
0.429012069161,0.348130059157,-0.126015618649,-1.66137115641,0.0592869045695,2.00142700769,0.111176494469,-0.216521053524,-0.839621781516,-0.0122250242646,-1.25966304258,-0.0913193297504,0.401025510862,-0.244781120894,0.573773993694,0.818997234805,0.00277136124018,0.0,0.818963074233,-0.573710533593,-0.0116813350642,0.0,-0.0079771755659,0.00897226153638,-0.999927928999,0.0,0.620807275698,0.207501883032,0.303918344114,1.0,-0.199198285714,-0.261803461224,1.289
0.425179809989,0.333040369594,-0.126171264431,-1.68342321705,0.057598092416,2.0086113478,0.106993094474,-0.230944958005,-0.889967947804,-0.00602766776943,-1.3224333781,-0.102514386234,0.411509780608,-0.247793183088,0.573840870476,0.818949842197,0.00292544662686,0.0,0.818917489923,-0.573776659677,-0.0116291190733,0.0,-0.00784526328196,0.00906913782946,-0.999928098707,0.0,0.617392138165,0.202968750967,0.303983959878,1.0,-0.209777142857,-0.275707102041,1.306
0.421395476798,0.318289297128,-0.126291576431,-1.70470996843,0.0558251766058,2.01543374116,0.102788187204,-0.245391003843,-0.938890574963,-0.00583952566248,-1.33995269007,-0.116109562071,0.42049613265,-0.259551241252,0.573725808482,0.8190298798,0.00308213848623,0.0,0.819000108296,-0.573661758186,-0.0114785324569,0.0,-0.0076333030402,0.00910997746332,-0.999929368003,0.0,0.614008294312,0.198566832415,0.304099517436,1.0,-0.219733714286,-0.288792881633,1.322
0.416516607972,0.300239798279,-0.126426562035,-1.73081731683,0.0536453149986,2.02360857228,0.0974218780828,-0.27101510553,-0.963466434511,-0.0116951241247,-1.40064902216,-0.123046279028,0.424312656888,-0.290453082152,0.573542488205,0.819158182503,0.00310373382089,0.0,0.819128750363,-0.573478467628,-0.0114579403839,0.0,-0.00760608754531,0.00911414871924,-0.99992953738,0.0,0.609746271365,0.193066756298,0.304119757861,1.0,-0.231557142857,-0.304332244898,1.341
0.412301380061,0.285472316479,-0.126566416904,-1.75192473622,0.0519383808057,2.03008218014,0.0930503257992,-0.283081568781,-0.993092501387,-0.000346058612784,-1.41504290348,-0.115013199218,0.429330235768,-0.288530401059,0.573600932313,0.819116932276,0.00318882569665,0.0,0.819087964177,-0.573535877086,-0.0115000668391,0.0,-0.00759113968035,0.00920855510175,-0.99992878602,0.0,0.605995866342,0.188170067546,0.304165541535,1.0,-0.241513714286,-0.31741802449,1.357
0.406862100289,0.267236973037,-0.126775517794,-1.77790335161,0.0497000261253,2.03786047853,0.0874058702774,-0.307576078819,-1.02956102082,-0.00916473871717,-1.44635124513,-0.120618718498,0.419833601903,-0.313409938227,0.573562466695,0.819143937955,0.00317058542701,0.0,0.819114586433,-0.573497294532,-0.0115279815817,0.0,-0.00762490086799,0.00920926762973,-0.999928522584,0.0,0.6018257241,0.1826946073,0.304179227822,1.0,-0.252092571429,-0.331321665306,1.374
0.401919485709,0.251554419533,-0.127009699991,-1.79999624387,0.0476886029528,2.04440525837,0.0825226765225,-0.335455639522,-1.07656694242,-0.0151904852881,-1.48728079694,-0.144667492255,0.449390740098,-0.329403554053,0.573688156299,0.81905586849,0.00318284714461,0.0,0.819027214668,-0.573623583129,-0.0114522230443,0.0,-0.00755439975362,0.00917701984143,-0.99992935418,0.0,0.598031146391,0.177586176632,0.304217478376,1.0,-0.261426857143,-0.343589583673,1.389
0.395658783297,0.232274051991,-0.127205881132,-1.82693939581,0.0452710747162,2.05219813615,0.0762470926602,-0.353644412023,-1.10477101907,-0.0132492027602,-1.50363271074,-0.143170179272,0.460133024517,-0.358609563018,0.573652667687,0.819080503488,0.00323922270701,0.0,0.819052246961,-0.573587525451,-0.0114679683239,0.0,-0.00753535661081,0.00923190100125,-0.999928992681,0.0,0.593262346124,0.171339972193,0.304250521549,1.0,-0.272628,-0.358311085714,1.407
