position_joint1,position_joint2,position_joint3,position_joint4,position_joint5,position_joint6,position_joint7,velocity_joint1,velocity_joint2,velocity_joint3,velocity_joint4,velocity_joint5,velocity_joint6,velocity_joint7,ee_T_00,ee_T_10,ee_T_20,ee_T_30,ee_T_01,ee_T_11,ee_T_21,ee_T_31,ee_T_02,ee_T_12,ee_T_22,ee_T_32,ee_T_03,ee_T_13,ee_T_23,ee_T_33,v_x,v_y,time
0.465091064866,0.547620531334,-0.123985772891,-1.35575779107,0.0794959907447,1.89408685267,0.159154519089,0.000839255747397,-0.00259004803,0.00128499400501,-0.000795526215139,-0.000119457185855,-0.000289586046805,-0.000388341933246,0.573780212517,0.818994784233,0.00213495312413,0.0,0.818954132965,-0.573720987487,-0.0117942154439,0.0,-0.00843469591206,0.00851588008562,-0.999928165266,0.0,0.66169092129,0.260913065726,0.303362699405,1.0,0.0,0.0,0.0
0.46508395195,0.547620369111,-0.123993027757,-1.35575500408,0.0794952620857,1.89408685176,0.159159567959,-0.0016939639016,-0.000157280840229,-0.00105783124282,0.000422263004155,-0.00420949248065,-3.21483271952e-06,0.00029924732965,0.57379489602,0.818984496435,0.00213513502846,0.0,0.818943894344,-0.573735715747,-0.0117886934985,0.0,-0.00842991628676,0.00851301185721,-0.999928229995,0.0,0.661695127473,0.260904375905,0.303364379649,1.0,-8e-05,-0.000105142857143,0.005
0.465090010778,0.547620440722,-0.123989210805,-1.35576816347,0.0794946682976,1.89408687356,0.15916258976,0.000811274600093,-0.000390878648575,-0.000315067124679,-0.00264083508885,-0.000425195998198,0.000131481765912,0.00166188160646,0.573790304788,0.8189877399,0.00212483561024,0.0,0.818946976067,-0.573731137234,-0.0117974345037,0.0,-0.00844303242427,0.00850954507237,-0.999928148842,0.0,0.661689688245,0.260908933861,0.303357939497,1.0,-0.00042,-0.000552,0.022
0.465087533598,0.54760259395,-0.123991336844,-1.35577084278,0.0794953803731,1.89408665057,0.159156447995,0.000746094559324,-0.00264673765045,-0.00144988155235,-0.0015530694187,-0.000205968490496,-0.000308138648343,0.00125807215533,0.573789089018,0.818988557164,0.00213809719886,0.0,0.818947967465,-0.573729871528,-0.011790165526,0.0,-0.00842948271534,0.00851622265547,-0.999928206309,0.0,0.661690596731,0.260906083285,0.303369359543,1.0,-0.00078,-0.00102514285714,0.04
0.46508749835,0.547528561712,-0.123988579083,-1.35583374052,0.0794927969111,1.89409712576,0.159150896109,0.00113327093418,-0.00673392257094,-0.000202924500491,-0.00839348964324,0.000217940016367,0.000534720186836,-0.00116891637077,0.57378533216,0.818991133651,0.0021592823307,0.0,0.81895077934,-0.573725992227,-0.0117836226316,0.0,-0.00841200801711,0.00852977999797,-0.999928237912,0.0,0.661679745033,0.260901457342,0.303392679995,1.0,-0.0011,-0.00144571428571,0.056
0.465084028267,0.547392184046,-0.12398354148,-1.35599445069,0.0794938493136,1.89413688145,0.159153356314,-0.000666000285557,-0.00513640801853,0.000782423932025,-0.0147896136911,0.000309953827498,0.00306060973336,-0.000344905896882,0.573795752215,0.818983775681,0.00218101183592,0.0,0.818943559591,-0.573736180191,-0.0117893445586,0.0,-0.00840411832502,0.00855096605812,-0.999928123304,0.0,0.661654122823,0.260887662358,0.303416080648,1.0,-0.00144,-0.00189257142857,0.073
0.465071679171,0.547255220263,-0.123988658016,-1.35617787262,0.0794908505337,1.89419304378,0.159148133621,-0.000350922779129,-0.00709577552256,-0.000443979065566,-0.0170804876934,0.00034463213143,0.00370054972249,1.58927876438e-05,0.573814527054,0.818970588805,0.00219319759417,0.0,0.818930471167,-0.573754844422,-0.0117901992352,0.0,-0.00839763034577,0.00856162877507,-0.999928086573,0.0,0.66163145246,0.260859884671,0.3034308356,1.0,-0.00174,-0.00228685714286,0.088
0.465051674452,0.547072722897,-0.123990999447,-1.35638882413,0.0794876384394,1.89430444236,0.159141081308,-0.00311131712426,-0.0113635138189,-0.000267157457511,-0.0113321103814,0.000634380185267,0.00449421890998,-0.00323509615885,0.573837866612,0.81895403125,0.0022681363955,0.0,0.818914863635,-0.573777869527,-0.0117536998762,0.0,-0.00832449369919,0.00860229428959,-0.999928349102,0.0,0.661616058201,0.260829706145,0.303469443219,1.0,-0.00208,-0.00273371428571,0.105
0.465027173942,0.546883324081,-0.123981029296,-1.35660177261,0.0794848588723,1.89443302691,0.159122031695,-0.00464936887574,-0.0181458620972,0.00131419610009,-0.0148266756262,0.000660112703368,0.0110016983415,-0.00154391311403,0.573846774951,0.818947515581,0.00236484756106,0.0,0.818909537419,-0.573786345944,-0.0117109194022,0.0,-0.00823386963632,0.00865703622772,-0.99992862701,0.0,0.661602128536,0.260804772095,0.303513070174,1.0,-0.0024,-0.00315428571429,0.121
0.465005258416,0.546660442563,-0.123988970506,-1.35690120509,0.0794799818755,1.89456138629,0.159110547872,-0.00133220374168,-0.0122685443587,-7.07121909076e-05,-0.016824663266,-0.00203498930787,0.01137499959,9.12458083533e-05,0.573876390071,0.818926619743,0.00241397923884,0.0,0.818889230455,-0.57381572587,-0.0116913596512,0.0,-0.00818934406043,0.00868634411193,-0.999928738496,0.0,0.661572744498,0.260760990556,0.303539802854,1.0,-0.00274,-0.00360114285714,0.138
0.464964686413,0.546408602066,-0.123989302497,-1.35728348043,0.0794725122949,1.89468528288,0.159076065205,-0.00183624774082,-0.016010958689,-0.00171724815688,-0.0200427175972,0.000233200897989,0.00541042175872,-0.0107189078215,0.573900893183,0.81890943785,0.00241749974604,0.0,0.818871937817,-0.573840047152,-0.0117088274955,0.0,-0.00820136907573,0.00869949675178,-0.999928525596,0.0,0.661527471289,0.260699086627,0.303546951097,1.0,-0.00308,-0.004048,0.155
0.464924235168,0.546122311075,-0.123991746124,-1.35773030832,0.0794596318879,1.89484969469,0.158931646075,-0.000146723338965,-0.0150126288092,-0.000904209614987,-0.0283719314985,0.000197322613138,0.0118355223325,-0.0106270016219,0.57383904203,0.818952746897,0.00242880478325,0.0,0.818915271883,-0.57377803307,-0.0117172157038,0.0,-0.00820240907715,0.00871294891543,-0.99992839994,0.0,0.661477104326,0.260630707736,0.303551333504,1.0,-0.00342,-0.00449485714286,0.172
0.464881641924,0.545834719697,-0.123987448068,-1.35822443461,0.0794434735653,1.89502118892,0.15890608516,-0.00448829574162,-0.014062963926,0.000319632423154,-0.0296431567125,0.000398069206011,0.0126989961719,0.000226651264616,0.57387332069,0.81892879261,0.00240651932377,0.0,0.818890869836,-0.573812221915,-0.0117483693147,0.0,-0.00824034634997,0.00871292016435,-0.999928088271,0.0,0.661416484447,0.260559165317,0.30353448992,1.0,-0.00376,-0.00494171428571,0.189
0.46483174128,0.545515014008,-0.123991692907,-1.35875535908,0.079401156042,1.89520482367,0.158861198568,-0.00721263698541,-0.0162687954572,0.000833269153613,-0.034010699443,-0.00333298551742,0.0145911632965,-0.00415752471044,0.57389879796,0.818911028454,0.00237572661393,0.0,0.818872794216,-0.573837904204,-0.0117538714259,0.0,-0.00826225203057,0.0086911179043,-0.999928097245,0.0,0.661355967774,0.260470487354,0.30352413663,1.0,-0.00408,-0.00536228571429,0.205
0.464779467328,0.545145779131,-0.123992439732,-1.3593994859,0.0792972627346,1.89541880633,0.15875678548,-0.000605292511329,-0.0261448384636,-0.000210367552489,-0.0397802341076,-0.00294922837474,0.0213338056922,-0.00680864043721,0.573864929387,0.818935013937,0.00228750263224,0.0,0.818896161334,-0.573804921594,-0.0117360900212,0.0,-0.00829867455175,0.00860832333279,-0.99992851183,0.0,0.661280009773,0.260361567512,0.303497344985,1.0,-0.00442,-0.00580914285714,0.222
0.464706813612,0.544711984347,-0.123992518653,-1.36013709864,0.0792917337274,1.89566641969,0.158671352555,-0.0024319003151,-0.0239614921116,-0.00309179040549,-0.0403462174629,0.000612907616093,0.0162090004158,-0.00309008558584,0.573894133317,0.818914623253,0.00226063458672,0.0,0.818875036891,-0.573833826343,-0.011796635224,0.0,-0.00836336951603,0.00862136296649,-0.999927860473,0.0,0.661190539157,0.260247525417,0.303474803895,1.0,-0.00478,-0.00628228571429,0.24
0.464650307927,0.544310401572,-0.123993117332,-1.36083667371,0.079265029602,1.89589452371,0.158591150252,-0.00260652676532,-0.0229237762412,0.000786611188354,-0.0456909903131,0.00040812270577,0.0169745558114,-0.0119164936626,0.573906955228,0.818905778285,0.0022090572095,0.0,0.81886533415,-0.573846655729,-0.0118459755441,0.0,-0.00843324009652,0.00860757384872,-0.999927392431,0.0,0.661102082147,0.260143201996,0.303445816111,1.0,-0.0051,-0.00670285714286,0.256
0.46457879684,0.543858521132,-0.123998141685,-1.36157503567,0.0792318278568,1.89615998427,0.158481907414,-0.00336321458743,-0.0251459114401,-0.00158306613139,-0.0477397711298,-0.00386914428515,0.0130839246741,-0.00194007017194,0.573911203536,0.818902833262,0.00219705069281,0.0,0.818862147064,-0.573850863474,-0.0118624406286,0.0,-0.00845356956042,0.00860723494151,-0.999927223686,0.0,0.661014201425,0.260015342051,0.303439331399,1.0,-0.00544,-0.00714971428571,0.273
0.464490996159,0.543242303923,-0.123999548265,-1.36255152931,0.0791798883311,1.89650468295,0.158379175174,-0.00748962082978,-0.0346145317712,-0.00287607060875,-0.0458877659373,-0.00621559521473,0.0179429852359,-0.00674636172599,0.573941110975,0.818881902722,0.00218573304657,0.0,0.818840973462,-0.573880714853,-0.0118799074819,0.0,-0.00847405435146,0.00860830081046,-0.999927041119,0.0,0.660904925856,0.259872258549,0.303438381097,1.0,-0.00582,-0.00764914285714,0.292
0.464415748675,0.542736703621,-0.124002024257,-1.36338017376,0.0791330117485,1.8968010747,0.158266096686,-0.0025249467167,-0.0358204224564,-0.000132067253935,-0.0530633918558,-0.00907745653133,0.0232224224454,-0.00879308874128,0.573945465224,0.818878909673,0.00216359484857,0.0,0.818837651244,-0.573885115848,-0.0118962857673,0.0,-0.00850012629175,0.00859961776249,-0.999926894541,0.0,0.660809226284,0.259741895591,0.303427361831,1.0,-0.00614,-0.00806971428571,0.308
0.464340595114,0.542136371223,-0.124007739345,-1.36430167706,0.0790744313479,1.89712994402,0.158137087502,-0.00058950821835,-0.0384011881993,-0.00115440124736,-0.0619552798298,-0.00122073583318,0.0175721867567,-0.0040098503265,0.573940874995,0.818882116196,0.00216764511437,0.0,0.818840940848,-0.573880540613,-0.0118905676054,0.0,-0.00849316733314,0.00859960490952,-0.999926953784,0.0,0.660702344052,0.259600260011,0.303441981948,1.0,-0.00648,-0.00851657142857,0.325
0.464257089765,0.541517524478,-0.124010610751,-1.36525467612,0.0790170680152,1.89748716555,0.158027882479,-0.0034092500639,-0.0383475584568,0.000702583706752,-0.0616566081221,-0.0069547930946,0.0193555174434,-0.00167342535404,0.573959479009,0.818869027392,0.00218616916724,0.0,0.818828106735,-0.573899081823,-0.0118794951402,0.0,-0.00847327329032,0.00860861134421,-0.999927045064,0.0,0.660595639554,0.259453386933,0.303456992972,1.0,-0.00682,-0.00896342857143,0.342
0.464169543844,0.540907000269,-0.124008874623,-1.36620794909,0.0789616970826,1.89783883034,0.157884880805,-0.00356561286458,-0.0345418801749,0.000736373418982,-0.0612981216739,-0.00192328883223,0.020559069495,-0.0106331475323,0.573950948302,0.818874982254,0.00219528640117,0.0,0.818834140614,-0.573890475456,-0.011879362247,0.0,-0.00846802162836,0.00861591256363,-0.999927026668,0.0,0.660487263258,0.259306327201,0.303465275834,1.0,-0.00714,-0.009384,0.358
0.464081436366,0.540111475279,-0.124021625604,-1.36740294962,0.0788890137919,1.89827622022,0.157740861454,-0.00477819462312,-0.0466513799169,-0.00135274032187,-0.0643326692162,-0.00721149779118,0.0250097145995,-0.0112026964237,0.573960817986,0.818867985321,0.00222462006811,0.0,0.818827580236,-0.573900283375,-0.0118577184869,0.0,-0.00843335832869,0.00862761217779,-0.999927218739,0.0,0.660349279923,0.259127259313,0.303497052378,1.0,-0.00752,-0.00988342857143,0.377
0.463990564353,0.539517871055,-0.124013368043,-1.36833413488,0.0788413167807,1.89864240389,0.157622786008,-0.00699580895035,-0.0459035254904,0.00123210111816,-0.0713470801847,-0.00237737120226,0.0209640071808,-0.0085438764034,0.573971695062,0.818860280012,0.00225432645903,0.0,0.818820167351,-0.573910945584,-0.0118535639827,0.0,-0.00841279206458,0.00864966471298,-0.999927201465,0.0,0.660247045659,0.258986427791,0.303504763754,1.0,-0.0078,-0.0102514285714,0.391
0.463895769537,0.538770186397,-0.124026448902,-1.36950347434,0.0787674410104,1.89909051662,0.157485276611,-0.00695364661932,-0.0399003196703,-4.61348442985e-05,-0.0704009244284,-0.00605840047344,0.0282528631552,-0.0082424769636,0.573990890239,0.818846780131,0.00227057104951,0.0,0.818806983059,-0.573930182201,-0.0118328928864,0.0,-0.00838633844648,0.00865129871712,-0.999927409544,0.0,0.660117311367,0.258805719122,0.303515659223,1.0,-0.00814,-0.0106982857143,0.408
0.463765486667,0.537906856222,-0.124033952247,-1.37085371453,0.0786877930316,1.89960524864,0.157305711496,-0.0085581693155,-0.0456426636055,-0.00163064297732,-0.0700008747887,-0.00578156184831,0.0332026398625,-0.0147153602093,0.574009135264,0.818833929806,0.00229236412546,0.0,0.818794444096,-0.573948369295,-0.0118184010387,0.0,-0.00836177010488,0.0086610119215,-0.999927531211,0.0,0.659969998862,0.258588462457,0.303527593934,1.0,-0.00852,-0.0111977142857,0.427
0.463677402919,0.53718478032,-0.12403501826,-1.37197605813,0.0786260148901,1.90002026214,0.157174246311,-0.00737875955053,-0.0498339755848,-0.000928434416857,-0.0824678773047,-0.00121994112167,0.0284058096321,-0.0124212799739,0.574019687006,0.81882649027,0.00230752328891,0.0,0.818787143576,-0.573958800942,-0.0118175816696,0.0,-0.00835228642938,0.00867306191695,-0.999927506027,0.0,0.659838203783,0.258424130161,0.303539258133,1.0,-0.00882,-0.011592,0.442
0.463561368987,0.536358227835,-0.124038817692,-1.37327344114,0.078560361071,1.90051407711,0.157009210036,-0.00588259197126,-0.0470662108576,-0.00337793289834,-0.0794705978813,-0.00225158415932,0.0342216301764,-0.0172780536127,0.574041087425,0.818811417239,0.00233234825124,0.0,0.818772297971,-0.573980003871,-0.0118163502077,0.0,-0.00833680171115,0.00869290002521,-0.999927462982,0.0,0.659682297019,0.258213763769,0.303546774063,1.0,-0.00918,-0.0120651428571,0.46
0.463460815198,0.535584563356,-0.124036726532,-1.37448920045,0.0784866287922,1.90094865628,0.156872522265,-0.00826982355208,-0.0599053607997,-0.00131054872163,-0.0827757370184,-0.00566193189658,0.0331138238421,-0.0147536645877,0.574052095413,0.81880371838,0.0023258161169,0.0,0.818764481017,-0.573991001074,-0.01182379857,0.0,-0.00834653340989,0.00869193931752,-0.999927390149,0.0,0.659546577846,0.258043375186,0.303553107303,1.0,-0.00946,-0.0124331428571,0.474
0.46334040746,0.534637725565,-0.124037590331,-1.37600165398,0.0783960759953,1.90149383489,0.156678460232,-0.00646102236248,-0.0507700502266,-0.00072848622113,-0.0873207578955,-0.00302416684596,0.0270170594576,-0.0180070157222,0.5740510567,0.818804496564,0.0023081614677,0.0,0.818764985049,-0.573989984505,-0.0118382366047,0.0,-0.00836850091779,0.00868576124979,-0.999927260226,0.0,0.65936517604,0.257818705862,0.303548548045,1.0,-0.00982,-0.0129062857143,0.492
0.463204779211,0.53368332943,-0.124047873185,-1.37756508925,0.0783072825099,1.90207013482,0.156491450025,-0.00319095821422,-0.0513380971539,-0.0010670141814,-0.0906660280586,-0.001948545103,0.0305454352526,-0.0142563789359,0.574078133967,0.81878559399,0.00227905148588,0.0,0.818745675784,-0.574017142986,-0.0118568480175,0.0,-0.00840016345336,0.00867288771351,-0.99992710648,0.0,0.659183900507,0.257574988414,0.303527881183,1.0,-0.01018,-0.0133794285714,0.51
0.463082951668,0.532813962869,-0.124035333565,-1.37896050676,0.0782330005846,1.9026028901,0.156322144043,-0.00321201284851,-0.0494820659219,0.00135640080079,-0.0890629397379,-0.000545529035569,0.0323261283997,-0.013644486634,0.574086970102,0.818779364096,0.00229141684948,0.0,0.818739461344,-0.57402577917,-0.0118678636251,0.0,-0.00840199125411,0.00868942656559,-0.999926947536,0.0,0.659020843947,0.257371862301,0.30352252159,1.0,-0.0105,-0.0138,0.526
0.462951571854,0.531835536589,-0.124037985162,-1.38051326318,0.0781460627648,1.90317593416,0.156125670987,-0.00214836302491,-0.060027803716,0.000852787935185,-0.0887792690395,-0.00676727387909,0.0277130588928,-0.0104999439912,0.574096985955,0.818772338009,0.00229262497296,0.0,0.818732379398,-0.574035714975,-0.011875847705,0.0,-0.0084077288506,0.00869510207996,-0.999926849972,0.0,0.658838294664,0.257137087652,0.303522946844,1.0,-0.01084,-0.0142468571429,0.543
0.462818119913,0.530835962929,-0.124046787994,-1.38212832399,0.0780382334977,1.90375243381,0.155919768354,-0.00514581505297,-0.06136065603,-0.00286800615627,-0.0937626386086,-0.00381062717408,0.0353990885314,-0.012946002141,0.574102772522,0.818768395725,0.00225114306746,0.0,0.818727972046,-0.574041742162,-0.0118883533921,0.0,-0.00844172047561,0.00866837733464,-0.999926795615,0.0,0.658645109084,0.256887156118,0.303508876789,1.0,-0.01118,-0.0146937142857,0.56
0.462696814849,0.529923081402,-0.124052057618,-1.38359464093,0.0779531101461,1.90427607509,0.155733709612,-0.0115075346269,-0.0611847141054,-0.000387276508184,-0.0964995071714,-0.00900150423047,0.0402407538359,-0.00693873691455,0.574110251745,0.818763219791,0.00222613112799,0.0,0.818722413139,-0.574049261631,-0.0119080790101,0.0,-0.00847215129669,0.00865930040573,-0.999926616892,0.0,0.65846822124,0.256663896444,0.303499643509,1.0,-0.01148,-0.015088,0.575
0.462536679073,0.528749100635,-0.124049999355,-1.38543254882,0.0778324784301,1.90495927559,0.155460780699,-0.0122896531929,-0.0602658066328,0.000320152069745,-0.0966647324762,-0.00683578846769,0.0327831347788,-0.00576521941302,0.574083716926,0.818781794033,0.00223754812068,0.0,0.818741186419,-0.574022736002,-0.0118960125344,0.0,-0.00845599779471,0.008661446655,-0.999926735038,0.0,0.658252995037,0.256383763007,0.303510770569,1.0,-0.01186,-0.0155874285714,0.594
0.462397381242,0.527642136432,-0.124044686752,-1.38714746038,0.0777256338148,1.90563157978,0.155227829106,-0.00864504173044,-0.0651616732602,0.00126919861798,-0.0997002867211,-0.00832513773025,0.0358969002772,-0.0158033727999,0.574067595718,0.818792951421,0.00229022943448,0.0,0.818753063274,-0.574006442973,-0.0118647252588,0.0,-0.00840030869316,0.00868645390942,-0.999926987501,0.0,0.658055223122,0.256134460012,0.303531922363,1.0,-0.0122,-0.0160342857143,0.611
0.462257436808,0.526546751175,-0.124050629092,-1.38881607396,0.0776261205068,1.90626441497,0.155010523443,-0.00585898600096,-0.0695155952667,0.00123961123955,-0.105581123213,-0.00678111177662,0.0462284096762,-0.00893302511193,0.574071861891,0.818789819437,0.002340058346,0.0,0.818750599941,-0.574010535613,-0.0118366804247,0.0,-0.00834869602135,0.00871119706221,-0.999927204511,0.0,0.657861940174,0.255882071069,0.30356362157,1.0,-0.01252,-0.0164548571429,0.627
0.462080041984,0.525306105128,-0.124061406824,-1.39077031602,0.0774944990248,1.90696940833,0.154742839483,-0.0120334937503,-0.0717627865397,-0.000982787876606,-0.112101013803,-0.0144747038174,0.042371583707,-0.0165921047637,0.574075273181,0.818787476197,0.00232302522783,0.0,0.818748146267,-0.574014128129,-0.0118321846766,0.0,-0.00835475618343,0.00869470464959,-0.999927297437,0.0,0.657631756433,0.255570013284,0.303567671285,1.0,-0.01288,-0.016928,0.645
0.461922356514,0.524071820669,-0.124075144604,-1.39274374642,0.0773903934465,1.90768211554,0.154462090033,-0.00577720445733,-0.0690332291401,-0.00415865287652,-0.112629043477,-0.00879136871429,0.0452763610281,-0.0157195277358,0.574062320745,0.818796606641,0.00230559219482,0.0,0.818756917569,-0.574001107619,-0.0118568666148,0.0,-0.00838511111546,0.00869446731972,-0.999927045414,0.0,0.657391894413,0.255271813421,0.303558601163,1.0,-0.01324,-0.0174011428571,0.663
0.461786661895,0.523019831087,-0.124074836824,-1.39442648262,0.0772667480076,1.90830968542,0.154248596383,-0.00874139036498,-0.0663362186651,-0.000587818249499,-0.109958073665,-0.015113434031,0.0455997271425,-0.0106927519046,0.574055292512,0.818801578833,0.00228965969342,0.0,0.818761847999,-0.573994313924,-0.011845283688,0.0,-0.00838484677487,0.00867470080912,-0.999927219307,0.0,0.657190272755,0.255019490466,0.303551533654,1.0,-0.01354,-0.0177954285714,0.678
0.461620825823,0.521775241956,-0.124081776368,-1.39638454586,0.0771528261447,1.90907344437,0.153983481025,-0.0115574738625,-0.0694093806062,-0.00120896357001,-0.114341744829,-0.00584369340558,0.0451051710562,-0.0214778046772,0.574053303326,0.818802856172,0.00233121579141,0.0,0.818763681132,-0.573992179802,-0.0118219662748,0.0,-0.00834192072552,0.00869532102663,-0.99992739924,0.0,0.656964330485,0.25472377187,0.303560566864,1.0,-0.01388,-0.0182422857143,0.695
0.461454763371,0.520526053844,-0.124081235075,-1.39838990361,0.0770135548771,1.90983036262,0.153717709493,-0.0132889827466,-0.0691652809105,-0.000352391042179,-0.120036176034,-0.00915907896326,0.0399543393824,-0.0161906678599,0.574040796627,0.818811655363,0.00232029113213,0.0,0.818772472452,-0.573979856457,-0.0118114197993,0.0,-0.0083396883919,0.00868019445856,-0.999927549286,0.0,0.656725044243,0.254422244965,0.303549113613,1.0,-0.01422,-0.0186891428571,0.712
0.461298680913,0.519280179906,-0.124090079093,-1.40032028433,0.0769063541295,1.91052612907,0.153455292414,-0.011999075997,-0.0811727162631,0.000137925849996,-0.119332290026,-0.00493836362345,0.0450309809148,-0.0209847479856,0.574033780556,0.818816534682,0.00233414084968,0.0,0.81877742989,-0.573972681821,-0.0118164177162,0.0,-0.00833590561549,0.00869433217298,-0.999927458002,0.0,0.656488328869,0.254131724679,0.303565670279,1.0,-0.01454,-0.0191097142857,0.728
0.461122441997,0.517932664229,-0.124093265897,-1.40241953326,0.0767696241663,1.91128543493,0.153166219096,-0.0108483904316,-0.0830262877394,-0.00114072550646,-0.128290929654,-0.00472169324888,0.0430594461519,-0.0128388440837,0.574018018618,0.818827580853,0.00233538834291,0.0,0.818788527846,-0.573956954173,-0.0118113642473,0.0,-0.00833121883486,0.00869229243921,-0.999927514795,0.0,0.656231800923,0.253812177674,0.303578117223,1.0,-0.01488,-0.0195565714286,0.745
0.460945558181,0.516580508219,-0.124104629565,-1.40455322289,0.0766208630143,1.91205499832,0.152869154818,-0.00925815334882,-0.0790756867494,-2.8457953038e-05,-0.124410805109,-0.00694587999878,0.0432396104696,-0.0147708215765,0.574000237575,0.81884011102,0.00231230391308,0.0,0.818800908996,-0.573939421287,-0.0118050421939,0.0,-0.0083394802518,0.00866958048609,-0.999927643104,0.0,0.655971183416,0.253482240475,0.303578165681,1.0,-0.01522,-0.0200034285714,0.762
0.460769698593,0.515282458902,-0.124105659506,-1.40659893445,0.0764948233024,1.91283622054,0.152598086732,-0.0108323609073,-0.0814374457377,0.000446501962855,-0.126238997177,-0.0052977155228,0.0471257459889,-0.0122554867271,0.573997155096,0.818842198823,0.00233800532667,0.0,0.818803348027,-0.573936258843,-0.0117896117806,0.0,-0.00831212563753,0.00868173736129,-0.999927765393,0.0,0.65572774133,0.253173176503,0.303582463276,1.0,-0.01554,-0.020424,0.778
0.460575964906,0.513888421218,-0.124109580726,-1.4088561379,0.0763601663177,1.91363630534,0.152280514106,-0.0142461240053,-0.0875778094332,-0.000428583754348,-0.136043603476,-0.0151254238628,0.0504719850906,-0.0219359481481,0.573980899459,0.818853743288,0.00228496391445,0.0,0.818814096647,-0.573920098735,-0.0118297211098,0.0,-0.00837558595343,0.00866116138065,-0.999927414287,0.0,0.655445214829,0.252826874586,0.3035547526,1.0,-0.01588,-0.0208708571429,0.795
0.460374623322,0.512424178337,-0.124109505905,-1.41126082691,0.0762146660582,1.91446595913,0.151943590828,-0.00808622891203,-0.0855516680786,-0.00131670360551,-0.131866768546,-0.0114313451731,0.0451354307909,-0.024182304923,0.573956469163,0.818871122079,0.00219176453227,0.0,0.818830106378,-0.573895879342,-0.0118963635145,0.0,-0.00848390724775,0.00862284360025,-0.999926832266,0.0,0.655136030376,0.252461702616,0.303508044105,1.0,-0.01624,-0.021344,0.813
0.460195680824,0.511146745263,-0.124113099918,-1.41329215243,0.0760965381466,1.91524157808,0.151656381073,-0.00993814309229,-0.0827236984064,0.000413233880265,-0.13245880837,-0.0139162892258,0.050222968663,-0.0104466767904,0.573945016294,0.818879098297,0.0022107794686,0.0,0.81883828965,-0.573884310474,-0.0118911940446,0.0,-0.00846888165815,0.00863532869536,-0.999926851896,0.0,0.654892908233,0.252151626417,0.303503164193,1.0,-0.01654,-0.0217382857143,0.828
0.45999438725,0.509672393044,-0.124118433086,-1.41562692167,0.0759474133984,1.91612101051,0.151326064239,-0.0149712076535,-0.0899415822954,-0.00418664616071,-0.13673051189,-0.0117577493228,0.0548200579365,-0.019006555628,0.573924742032,0.818893281217,0.00222066721279,0.0,0.818852659958,-0.573864059195,-0.0118789623058,0.0,-0.00845340407341,0.00863619590457,-0.999926975374,0.0,0.654610219834,0.25179461372,0.303500322279,1.0,-0.01688,-0.0221851428571,0.845
0.459800003631,0.508275324264,-0.124122358384,-1.4178750151,0.0758088313048,1.91690971714,0.151012521895,-0.0129278048914,-0.0832291367228,1.79777963178e-05,-0.145495280407,-0.00409918657099,0.0529909963874,-0.0242057702732,0.573909194993,0.818904321819,0.0021666818005,0.0,0.818862912005,-0.573848643874,-0.0119168857867,0.0,-0.00851560581225,0.00861359153554,-0.999926642559,0.0,0.654324512534,0.251447907101,0.303476306977,1.0,-0.0172,-0.0226057142857,0.861
0.459586725272,0.506745817232,-0.124125554637,-1.42026690617,0.0756575924385,1.91777907034,0.150689898326,-0.0123613969714,-0.0853909502602,-0.000143139430356,-0.137253851459,-0.00238534878076,0.0533886117198,-0.0160220486602,0.573904875641,0.81890734158,0.00216945251065,0.0,0.818865959038,-0.573844304916,-0.0119164485271,0.0,-0.00851370313156,0.00861556459707,-0.999926641762,0.0,0.65402835345,0.251077421589,0.303482906516,1.0,-0.01754,-0.0230525714286,0.878
0.459342791385,0.504970225412,-0.124132234362,-1.42301422023,0.0754860864307,1.9188364935,0.150316057428,-0.0137144816283,-0.0910601579153,-0.00242141903818,-0.14521106395,-0.00266247754843,0.0547065009431,-0.0178773179653,0.573899009058,0.81891127069,0.002237194645,0.0,0.818870844122,-0.573838242923,-0.0118725948367,0.0,-0.00843897635637,0.00864581033776,-0.999927014157,0.0,0.653699542594,0.250655415114,0.303508154515,1.0,-0.01792,-0.023552,0.897
0.459128622106,0.503404471592,-0.124128802115,-1.42534501137,0.0753362483013,1.91972685838,0.149986674571,-0.0145507226934,-0.0884969029345,0.000267272770244,-0.140943466718,-0.0025522471092,0.0549561085297,-0.020926407858,0.573881101139,0.818923556416,0.00233182420877,0.0,0.818884433716,-0.573820043207,-0.0118147845191,0.0,-0.00833751841152,0.00868994340462,-0.999927482706,0.0,0.653435569261,0.250320739659,0.303566727194,1.0,-0.01822,-0.0239462857143,0.912
0.45891144204,0.501799565421,-0.124140820928,-1.42771027705,0.0751778913046,1.9205922229,0.149647546024,-0.0144691259786,-0.0987362333328,-0.000378688351742,-0.146512058529,-0.00159301939616,0.0522515004017,-0.0254211714175,0.573866225599,0.818933701515,0.00242786763786,0.0,0.818895947211,-0.573804933119,-0.0117504583471,0.0,-0.00822988237184,0.00873153025872,-0.999928012117,0.0,0.653114624915,0.249900581921,0.303640244643,1.0,-0.01858,-0.0244194285714,0.93
0.458705741329,0.500257635926,-0.124133744163,-1.4299985702,0.0750324924381,1.92139390065,0.149323625697,-0.0177758783687,-0.104702677216,-0.000403590202255,-0.152991305021,-0.00769145013856,0.0496228206345,-0.0133579088974,0.573857412634,0.818939765498,0.00246522868529,0.0,0.818902422495,-0.573795904405,-0.011740077524,0.0,-0.00820003608753,0.00875608083615,-0.999928042639,0.0,0.65282253287,0.2495394338,0.303690656146,1.0,-0.01888,-0.0248137142857,0.945
0.458453115851,0.498579175601,-0.124141543367,-1.4326203225,0.0748705545884,1.92236604015,0.148955612292,-0.0170322125267,-0.0990509307117,-4.46353673616e-05,-0.150088211127,-0.00834131817231,0.0598494327712,-0.0262465460504,0.573844455053,0.818948755183,0.00249493280423,0.0,0.818911782591,-0.57378282314,-0.0117265128883,0.0,-0.00817202088125,0.00877249316588,-0.999928128136,0.0,0.652517591351,0.249153742222,0.303702699814,1.0,-0.0192,-0.0252342857143,0.961
0.458160109451,0.496715566509,-0.124141128169,-1.43558957105,0.0746858608194,1.92344428198,0.148512855396,-0.0213080912866,-0.0924503586737,0.00033042650892,-0.159031031698,-0.0130152938765,0.0524108431183,-0.022737121788,0.573814590234,0.818969781253,0.00246177384143,0.0,0.818932281564,-0.573752980834,-0.0117550881667,0.0,-0.0082147700646,0.00876143585298,-0.999927874796,0.0,0.652125077037,0.248655567376,0.303676180348,1.0,-0.0196,-0.02576,0.981
0.457907725001,0.49515332845,-0.124134154173,-1.43814327194,0.0745296649229,1.92431660779,0.148152315468,-0.017669130872,-0.0973626469009,0.00223443426221,-0.159850824599,-0.004635482309,0.0563953038574,-0.0186051150327,0.573815017961,0.818969744654,0.00237263664218,0.0,0.818930887159,-0.573753534008,-0.0118250231236,0.0,-0.00832318775682,0.00872856933833,-0.999927265666,0.0,0.651813293516,0.248270122142,0.303630391635,1.0,-0.0199,-0.0261542857143,0.996
0.457626599296,0.493451711278,-0.124142558123,-1.44092434786,0.0743533801757,1.92531849005,0.147762645817,-0.0181782515493,-0.0957737964402,0.00153390141077,-0.165948073573,-0.0046479534022,0.0571695648273,-0.024014831759,0.573824378273,0.818963390716,0.00230097102709,0.0,0.818923566264,-0.573763135276,-0.0118660910637,0.0,-0.0083978435059,0.00869353910411,-0.999926946633,0.0,0.651464507748,0.247814331905,0.303578773996,1.0,-0.0211388571429,-0.0277824979592,1.013
0.457323779435,0.491470667435,-0.124148290963,-1.44408028968,0.0741548089849,1.92648316588,0.147307468384,-0.020443592864,-0.108562920014,0.000746756397342,-0.176782514121,-0.0124209986071,0.0669090533367,-0.0207923091709,0.573808181171,0.818974776204,0.0022878076086,0.0,0.818934760667,-0.573746971572,-0.0118750699141,0.0,-0.00841292201319,0.00868774471112,-0.999926870244,0.0,0.65106899099,0.247312783649,0.303556417777,1.0,-0.0228771428571,-0.0300671020408,1.031
0.457021443761,0.48961008771,-0.124158615159,-1.44711110176,0.073966316013,1.92753553228,0.146875045134,-0.0206974571255,-0.116778584957,-0.0032909775864,-0.190473845993,-0.0116280251963,0.0749099332421,-0.0364531256755,0.573808984998,0.81897449231,0.00218553960859,0.0,0.81893301289,-0.573748050545,-0.0119432741181,0.0,-0.00852745194748,0.00864313494286,-0.999926286674,0.0,0.650676962218,0.246816438737,0.303499471331,1.0,-0.0244222857143,-0.0320978612245,1.047
0.456678953676,0.487424359823,-0.12417196897,-1.45050018884,0.0737601715977,1.92881280171,0.146392535243,-0.0198611389367,-0.133416030397,0.000496471199274,-0.205717949187,-0.0106754474982,0.0832098972834,-0.0236730000434,0.573816691223,0.818968928305,0.00224638510033,0.0,0.818928241458,-0.573755509539,-0.0119120744528,0.0,-0.00846690603478,0.0086751423713,-0.999926524004,0.0,0.65026084569,0.246266409236,0.303516488688,1.0,-0.026064,-0.0342555428571,1.064
0.456297701676,0.485114356813,-0.124206119715,-1.45402083571,0.073540863613,1.93016656061,0.145854111399,-0.0218994025124,-0.138061869181,-0.00716524937222,-0.206928149878,-0.0206479602024,0.0801321405563,-0.037125650355,0.573827501687,0.81896103746,0.00235888339208,0.0,0.818921997151,-0.573766064938,-0.0118326754869,0.0,-0.00833721346835,0.00872182403355,-0.999927207679,0.0,0.649843925597,0.245668276657,0.303563215772,1.0,-0.0277057142857,-0.0364132244898,1.081
0.455917652907,0.482803548637,-0.124232745254,-1.45758476111,0.0733140619939,1.93136848142,0.145315436065,-0.0239866437595,-0.148070106085,-0.00269638906452,-0.229330208345,-0.0192030327912,0.0789393092149,-0.0320742690835,0.573829716885,0.8189596171,0.00231267822913,0.0,0.818919893512,-0.573768373931,-0.0118662541543,0.0,-0.00839120288829,0.00870327503598,-0.999926917688,0.0,0.649382144626,0.245059429635,0.303575288851,1.0,-0.0292508571429,-0.0384439836735,1.097
0.455460188172,0.480057326711,-0.124262928068,-1.46185864707,0.0730501919154,1.93290793921,0.144688299439,-0.0250719405208,-0.150150936959,0.000901808708869,-0.241729571948,-0.0134869981227,0.079284830649,-0.0340536856634,0.573849848551,0.818945492692,0.00231909867862,0.0,0.818905816558,-0.573788440423,-0.01186744061,0.0,-0.00838827648368,0.00870942007716,-0.999926888737,0.0,0.64884399453,0.244336974418,0.303579414847,1.0,-0.0309891428571,-0.0407285877551,1.115
0.455052452116,0.47763299504,-0.124283225649,-1.46550526595,0.0728226815284,1.9342656389,0.144157213371,-0.0288844171845,-0.162798316397,0.000143031709122,-0.251626437181,-0.0190299437989,0.0857759096619,-0.0381141519394,0.573879006886,0.818924735236,0.00243112622546,0.0,0.818886570824,-0.573817220846,-0.0118037318593,0.0,-0.00827150514557,0.00876489928645,-0.999927376734,0.0,0.648396408983,0.243716361946,0.303641183723,1.0,-0.0324377142857,-0.0426324244898,1.13
0.454577611018,0.474809748911,-0.124305074255,-1.46986255025,0.0725493414537,1.93586231295,0.143539337635,-0.0297866516284,-0.169923848191,-0.00409663218128,-0.261811085132,-0.0172975225037,0.0954198136485,-0.0396992699178,0.573913954252,0.818900098028,0.00247981184839,0.0,0.818862568577,-0.573851983219,-0.0117788811115,0.0,-0.00822284026479,0.00879085858637,-0.999927550227,0.0,0.647847930492,0.242981802447,0.303660217849,1.0,-0.0340794285714,-0.0447901061224,1.147
0.454041073886,0.471672526907,-0.124306439338,-1.47472240862,0.072249163239,1.93754022896,0.142822880555,-0.0305626944837,-0.179399316007,0.000878223234933,-0.278726605622,-0.016719187819,0.0933346092379,-0.0358268790148,0.57391860021,0.818896932203,0.00244982908298,0.0,0.818858702999,-0.573856411383,-0.0118317597194,0.0,-0.00828330108991,0.00879670020537,-0.99992699983,0.0,0.647207584065,0.242166044645,0.30366159732,1.0,-0.0358177142857,-0.0470747102041,1.165
0.453554207647,0.468749377339,-0.124302493298,-1.47912817907,0.071972834438,1.93921672129,0.142111673516,-0.0283924570317,-0.18675810396,0.00109912864613,-0.275713366796,-0.0195497846545,0.103132400142,-0.0475838960847,0.573866964759,0.818932604324,0.00261595764148,0.0,0.818896530138,-0.573804159843,-0.0117475944987,0.0,-0.00811959710814,0.00888392607691,-0.999927571377,0.0,0.646655880318,0.241440228347,0.303728523127,1.0,-0.0373628571429,-0.0491054693878,1.181
0.453012484819,0.465522146839,-0.124302807648,-1.48405305462,0.0716412940465,1.94098572497,0.141345196943,-0.0329420455635,-0.189985669438,0.0013142908799,-0.297226564421,-0.0164050300944,0.103570815598,-0.0421527955343,0.573824866939,0.818961932813,0.00266863001872,0.0,0.818926564762,-0.573761902274,-0.0117178465121,0.0,-0.00806546727721,0.00890957526642,-0.999927781245,0.0,0.646014564191,0.240617494465,0.303764241986,1.0,-0.0390045714286,-0.0512631510204,1.198
0.452422762263,0.462204055991,-0.124314222497,-1.48926392059,0.0712903701284,1.94278302189,0.140573881248,-0.0387495905672,-0.194538556765,0.00208718533168,-0.309118826112,-0.0173560053817,0.107930498755,-0.0469094758048,0.573821928339,0.818964302237,0.002571598762,0.0,0.818927527435,-0.573759156317,-0.0117848314273,0.0,-0.00817603532475,0.00886851845692,-0.999927248267,0.0,0.645273944012,0.239679253325,0.303722177853,1.0,-0.0407428571429,-0.053547755102,1.216
0.451861564309,0.458974847226,-0.124313121416,-1.49429129091,0.0709493164558,1.94452892237,0.139834657153,-0.0386444311482,-0.204060691095,0.000301073106912,-0.313782703586,-0.0091798308137,0.113506586476,-0.0425748292989,0.573825265721,0.818962106121,0.00252587789136,0.0,0.818924703577,-0.573762627585,-0.0118120260358,0.0,-0.00822450573112,0.00884671310877,-0.999927043925,0.0,0.644644542965,0.238876544289,0.303708572301,1.0,-0.0421914285714,-0.0554515918367,1.231
0.451170048577,0.455285273793,-0.124334309188,-1.5001713566,0.0705551442203,1.94661070689,0.138901968692,-0.0373049445958,-0.208793211355,-0.00392281046755,-0.329216967689,-0.0199497078016,0.107906399774,-0.0567835601957,0.573806163174,0.818975811208,0.00241964074419,0.0,0.818936987308,-0.573743891033,-0.0118703505684,0.0,-0.00833343633509,0.00879298290878,-0.999926615953,0.0,0.643867263817,0.237852057792,0.303628296032,1.0,-0.0439297142857,-0.0577361959184,1.249
0.450450717683,0.451294207927,-0.124384890171,-1.5061675146,0.0701348066834,1.9487947489,0.137954681482,-0.0338141713052,-0.230082181906,-0.00653421629393,-0.332251226272,-0.01957720932,0.129993424227,-0.0518985501643,0.573814316866,0.818969721651,0.00254394970528,0.0,0.81893291955,-0.573752007172,-0.0117581650079,0.0,-0.00817014217463,0.00883049759536,-0.999927632926,0.0,0.643097187835,0.236786238036,0.303705246668,1.0,-0.045668,-0.0600208,1.267
0.449823301256,0.447875709171,-0.124415954352,-1.51132572217,0.0697874630405,1.95059970313,0.137191145401,-0.0460935481296,-0.241098545374,-0.000649008588961,-0.351825899235,-0.0281299106376,0.112295227863,-0.043923102534,0.573863051595,0.818935430748,0.00258943630624,0.0,0.818899265105,-0.573800619511,-0.0117298576473,0.0,-0.00812033220982,0.00885198982069,-0.999927848638,0.0,0.642412889953,0.235869413242,0.303751532539,1.0,-0.0471165714286,-0.0619246367347,1.282
0.449095162519,0.443942918492,-0.124433075323,-1.51741118042,0.0693736372387,1.9526287274,0.136271392611,-0.0416692595509,-0.232006081888,-0.0012065356962,-0.355663212739,-0.0261192342917,0.123587875036,-0.0570687391699,0.573876481612,0.818926363398,0.0024783232182,0.0,0.818888548901,-0.57381423708,-0.0118115496534,0.0,-0.00825085111155,0.00880801064286,-0.99992716855,0.0,0.641569699525,0.234799939239,0.303725094917,1.0,-0.0487582857143,-0.0640823183673,1.299
0.448341999499,0.439920357265,-0.124435351776,-1.52361362112,0.0689366679529,1.95484041251,0.135252681748,-0.0461705490909,-0.240044368112,0.000766207683637,-0.371222172048,-0.0233885213004,0.134759535327,-0.0628860852972,0.573814669777,0.81896964564,0.00248820631068,0.0,0.818932036718,-0.573752478307,-0.0117966001313,0.0,-0.00823360141431,0.00880690363079,-0.999927320487,0.0,0.640732774614,0.233720089258,0.303716014635,1.0,-0.0504,-0.06624,1.316
0.447580873322,0.436034608995,-0.124443760827,-1.52957667822,0.068543692672,1.95697313268,0.134297728231,-0.0506289819181,-0.249648841441,-0.000976142608105,-0.369721174736,-0.0270045227491,0.141504098237,-0.0615371674692,0.573815831012,0.81896869495,0.00253291808293,0.0,0.818931549663,-0.573753346219,-0.0117881962096,0.0,-0.00820105133547,0.00883871030753,-0.999927307336,0.0,0.639932075359,0.232660649943,0.303716929497,1.0,-0.0519451428571,-0.0682707591837,1.332
0.446733887145,0.431743607987,-0.124474871165,-1.53601292248,0.0680891385015,1.95931507494,0.133255517723,-0.0498523503504,-0.251377413275,-0.00371724119437,-0.387326440899,-0.0274004492168,0.138429290066,-0.068153032477,0.573832341449,0.818956669404,0.00267664845029,0.0,0.818921693989,-0.573769666685,-0.0116779967199,0.0,-0.00802814817661,0.00889334890887,-0.999928226015,0.0,0.639083382201,0.231488390658,0.30378345429,1.0,-0.0535868571429,-0.0704284408163,1.349
0.445908758189,0.427649526219,-0.124515686291,-1.54242103005,0.0676092674676,1.96135323064,0.132249627018,-0.0513103161726,-0.256545489228,-0.00312799865287,-0.400219392576,-0.0285121336274,0.126484437168,-0.0657761897492,0.573853956612,0.818942338619,0.00241441490988,0.0,0.818903958773,-0.573792239064,-0.0118118413608,0.0,-0.00828800402002,0.0087556144003,-0.999927321462,0.0,0.638166370034,0.230303770598,0.303699684916,1.0,-0.055132,-0.0724592,1.365
0.445066449085,0.423393272518,-0.124562529892,-1.54886419483,0.0671419900231,1.96355602751,0.131166470346,-0.0496444649027,-0.259978180904,-0.003230084922,-0.40101034016,-0.0293925861291,0.134682159508,-0.069305576509,0.573833887536,0.818956433423,0.00240344983473,0.0,0.818918093786,-0.573772407063,-0.0117952305895,0.0,-0.00828090621112,0.00873689979309,-0.999927543962,0.0,0.637274806842,0.229116593743,0.303719145443,1.0,-0.0566771428571,-0.0744899591837,1.381
0.443947808304,0.417967653869,-0.124578665575,-1.55705305969,0.0665787020973,1.96644104015,0.129863725004,-0.0602928013839,-0.273463062154,-0.00208504725004,-0.407133749061,-0.0350769961509,0.149959449716,-0.064406136704,0.573881524051,0.818922772068,0.00249732717951,0.0,0.818885595597,-0.573819626493,-0.0117543386227,0.0,-0.00819303796073,0.0087907922678,-0.999927795443,0.0,0.63614865515,0.22761553784,0.303754682568,1.0,-0.0586085714286,-0.0770284081633,1.401
