position_joint1,position_joint2,position_joint3,position_joint4,position_joint5,position_joint6,position_joint7,velocity_joint1,velocity_joint2,velocity_joint3,velocity_joint4,velocity_joint5,velocity_joint6,velocity_joint7,ee_T_00,ee_T_10,ee_T_20,ee_T_30,ee_T_01,ee_T_11,ee_T_21,ee_T_31,ee_T_02,ee_T_12,ee_T_22,ee_T_32,ee_T_03,ee_T_13,ee_T_23,ee_T_33,v_x,v_y,time
0.465074135166,0.547837751977,-0.12389942361,-1.35586330123,0.0795266805622,1.89409554862,0.159156591345,-0.00140359158113,-0.000652866195071,-0.000150717305489,-0.000167463340568,-0.0001178708149,0.000134062667099,-0.00107112993708,0.573749786964,0.819016672892,0.00190220529569,0.0,0.818972148604,-0.573690690968,-0.0120148994632,0.0,-0.00874929396406,0.00845156188427,-0.999926007741,0.0,0.661645540752,0.260941959004,0.303156553744,1.0,0.0,0.0,0.0
0.465073342753,0.547835254665,-0.12390192638,-1.35586577045,0.0795272909138,1.89409709912,0.159162770334,-0.000269280524428,-0.00102644374199,-0.00115910755058,-0.00113882849001,-2.83879902239e-05,-0.000549954634532,0.001056891809,0.57375754815,0.819011233381,0.00190327031226,0.0,0.818966730622,-0.573698453977,-0.0120135315179,0.0,-0.0087474824462,0.00845173217547,-0.999926022151,0.0,0.661646097696,0.260939930648,0.303157366259,1.0,-0.00012,-0.000157714285714,0.007
0.465075836302,0.547835706455,-0.123903765265,-1.35586333959,0.0795280029906,1.8940997742,0.15915890038,0.000468515966993,-0.000270446853781,-0.00646737205478,0.0025983220251,0.00024109523224,0.000108489841386,-0.000589253310051,0.573753697356,0.819013922301,0.00190702610397,0.0,0.818969477483,-0.573694596132,-0.0120105046725,0.0,-0.00874288829783,0.00845303038191,-0.999926051357,0.0,0.661646909067,0.260941097057,0.303158497565,1.0,-0.00034,-0.000446857142857,0.018
0.465075461439,0.547818761327,-0.123899760575,-1.35587283616,0.0795272777502,1.89409650624,0.159158887257,-0.000515901367809,-0.00167908562396,0.000245116080673,-0.000129751533164,-0.00228638884294,0.00373005815269,-0.000836274324566,0.573758441444,0.819010591537,0.00191016329391,0.0,0.81896617194,-0.573699310948,-0.0120106926066,0.0,-0.008741193386,0.00845575819075,-0.999926043111,0.0,0.661645452704,0.26093956055,0.303163402731,1.0,-0.00068,-0.000893714285714,0.035
0.465072958046,0.5477904531,-0.123904672864,-1.35590855524,0.0795278845152,1.8941011568,0.15916518106,-0.000706975542501,-0.00252599334454,-0.000777556937557,-0.00518543496881,-2.83009181159e-05,-3.76206878416e-05,0.0011889382914,0.573764197956,0.819006558263,0.0019103837747,0.0,0.818962118894,-0.573705043887,-0.0120132150792,0.0,-0.00874307345965,0.00845744749091,-0.999926012387,0.0,0.66163898332,0.260933970344,0.303169185642,1.0,-0.00102,-0.00134057142857,0.052
0.465080037995,0.547654770541,-0.123902167214,-1.35606276264,0.0795239215246,1.89413019283,0.159159633912,-0.000187829906354,-0.0101087634554,0.000682809178677,-0.011410126068,-8.77529971347e-06,0.00307612082426,-0.000215898095772,0.573759432727,0.819009862668,0.00192486624153,0.0,0.818965513851,-0.573700121643,-0.0120168403268,0.0,-0.00873778297823,0.00847133765916,-0.999925941051,0.0,0.66161081036,0.260924915312,0.303194340399,1.0,-0.00136,-0.00178742857143,0.069
0.46506288509,0.547512534967,-0.123902246135,-1.35626271578,0.0795215386813,1.89417877532,0.159156428995,-0.00111040065487,-0.00575127687759,-0.000834686484699,-0.0122981010501,0.000120362431022,0.00393027450767,-0.00142046093015,0.573781275565,0.818994563401,0.00192349482677,0.0,0.818950074324,-0.573721849075,-0.012031731386,0.0,-0.00875054005976,0.00847899166013,-0.999925764619,0.0,0.661583038421,0.260894566504,0.303204147035,1.0,-0.00172,-0.00226057142857,0.087
0.465050753597,0.547329805482,-0.123899740806,-1.35647714594,0.0795196273526,1.89430680505,0.159139693915,-2.71542209559e-05,-0.0121328815871,-0.000965565056312,-0.012238593952,0.000398208545064,0.0109854713401,-0.00158901496005,0.573787520919,0.81898997706,0.00201127171772,0.0,0.818946593692,-0.573727680091,-0.0119905244998,0.0,-0.00866636398277,0.00852730162646,-0.9999260869,0.0,0.661566940002,0.260873342803,0.303242555871,1.0,-0.00206,-0.00270742857143,0.104
0.465034715357,0.547171856994,-0.123899820377,-1.35666115765,0.0795190302825,1.89440787566,0.159133163562,0.000851526473397,-0.0101981052078,-0.000621000389899,-0.0137742967863,0.000476218673614,0.00610153258691,0.00128181705841,0.573805666178,0.818977091427,0.00208040414675,0.0,0.818934567493,-0.573745492063,-0.0119595736872,0.0,-0.00860115997117,0.00856635094572,-0.999926316125,0.0,0.661553314083,0.260849700232,0.303275630713,1.0,-0.00234,-0.00307542857143,0.118
0.465000631277,0.546948321681,-0.123899824281,-1.35697291048,0.0795136574661,1.89454048383,0.159116502548,-5.39725626509e-06,-0.0134007009522,0.000380858311048,-0.0247063336249,-0.00299647028311,0.00940734985643,0.00103718775565,0.573836040987,0.818955693985,0.00212514821674,0.0,0.818913660872,-0.573775585848,-0.0119473856092,0.0,-0.00856518621619,0.00859631886997,-0.999926367733,0.0,0.661523352696,0.260801222621,0.303297081088,1.0,-0.0027,-0.00354857142857,0.136
0.464967615701,0.546699167949,-0.123896965661,-1.35735145526,0.0795077779979,1.89467296039,0.159077001874,0.000614831949671,-0.0155437625125,0.000269564048436,-0.0253884162561,0.000530113544777,0.0106821978123,-0.00418430425045,0.573848293269,0.818947075199,0.00213804498025,0.0,0.818905031732,-0.573787604213,-0.0119616536058,0.0,-0.00856934251448,0.00861519616797,-0.999926169656,0.0,0.661477784475,0.260747418739,0.303304765686,1.0,-0.00304,-0.00399542857143,0.153
0.464923301593,0.546441156691,-0.123904486596,-1.35775070477,0.0794942836716,1.8948302084,0.158944576464,-0.00291395471954,-0.0158253719686,-0.000684101523736,-0.0253207185864,-0.00233255715363,0.0127811728891,-0.00334871918191,0.573800214507,0.818980715234,0.00215610928318,0.0,0.818938854582,-0.573739404079,-0.011958075326,0.0,-0.00855655296819,0.0086274339587,-0.999926173667,0.0,0.661438371084,0.260678242969,0.303311334849,1.0,-0.00336,-0.004416,0.169
0.464879608147,0.546144678443,-0.123902935805,-1.35823663817,0.0794778655763,1.8949952788,0.158919393697,-0.000359733913262,-0.0202910095041,-0.00742195928211,-0.0331706892716,-0.000412967402452,0.0130923190442,0.00111250672153,0.57383703477,0.81895495283,0.00214234972756,0.0,0.818912765303,-0.573776128057,-0.0119826790395,0.0,-0.00858421048861,0.0086306687154,-0.999925908699,0.0,0.661379515002,0.260604997187,0.303304243035,1.0,-0.0037,-0.00486285714286,0.186
0.46482631732,0.54581842975,-0.123901097565,-1.35879557179,0.0794504984022,1.89518175532,0.15885893135,-0.00130198755737,-0.0234412312286,0.00636270565469,-0.0364379730084,-0.00345519576659,0.00792725516009,-0.000989168413774,0.573853770957,0.818943318646,0.00210649121078,0.0,0.818900558432,-0.573792906811,-0.0120134255389,0.0,-0.00862979101437,0.00861912232128,-0.999925615952,0.0,0.661311949587,0.260516975065,0.30328529487,1.0,-0.00404,-0.00530971428571,0.203
0.464757937991,0.545481549405,-0.123900012095,-1.35939217463,0.0793628259516,1.89538135607,0.158754424469,-0.00332647770611,-0.0227604082016,0.000920599849859,-0.0439148656841,-0.00431102457736,0.0118991171424,-0.00105595785864,0.573833382707,0.818957806218,0.00202667866207,0.0,0.818914424267,-0.573773274407,-0.0120059237308,0.0,-0.00866965782587,0.00854924081606,-0.99992587101,0.0,0.661246046673,0.260405334986,0.303256974868,1.0,-0.00436,-0.00573028571429,0.219
0.46469286972,0.545061159382,-0.123908630953,-1.36012882276,0.0793391898791,1.89561848811,0.158701363607,-0.00301919398446,-0.0193649468795,-0.00486118048012,-0.0413822321599,-0.000659229253292,0.0137119899144,0.000433196391925,0.573883925615,0.818922532652,0.0019678252309,0.0,0.818878174931,-0.573823859525,-0.0120606700973,0.0,-0.00874773785373,0.00853299812127,-0.999925329725,0.0,0.661155344565,0.260287658692,0.303224788563,1.0,-0.00472,-0.00620342857143,0.237
0.464627586173,0.544622524859,-0.123909329365,-1.36085025386,0.0793134451824,1.89587046483,0.158585771581,-8.83918696773e-05,-0.0254498194199,-0.000514394170936,-0.0407486627752,-0.00321695696431,0.0165346368683,-0.00927592599046,0.573876550141,0.818927741138,0.00195112639594,0.0,0.818882971419,-0.573816368953,-0.0120913499397,0.0,-0.00878252272031,0.00853685073149,-0.999924991924,0.0,0.66106985479,0.260177151865,0.303213739955,1.0,-0.00506,-0.00665028571429,0.254
0.464564329202,0.544172305385,-0.123907284958,-1.36158215072,0.0792801968036,1.89613688372,0.158494060853,-0.00380666634578,-0.030878280376,0.000516216546946,-0.0445899932894,-0.000749863292835,0.0180790747236,-0.00350934440319,0.573883769802,0.818922698848,0.00194395744055,0.0,0.818877708757,-0.573823496156,-0.0121095111657,0.0,-0.00880143456551,0.00854147978302,-0.999924786108,0.0,0.660984317328,0.260068255823,0.303207015027,1.0,-0.00538,-0.00707085714286,0.27
0.464493994334,0.543652871432,-0.123911806572,-1.36241331154,0.0792438376055,1.89642056463,0.15840251987,-0.00103783928262,-0.034638010129,7.14065030516e-06,-0.0490896729029,-0.00513937858762,0.0137749454366,-0.0142456934626,0.573906038499,0.818907133852,0.00192665554116,0.0,0.818861769928,-0.573845695593,-0.0121353327669,0.0,-0.00883227763403,0.00854236978769,-0.999924506545,0.0,0.66088461612,0.259940676888,0.303203680601,1.0,-0.00572,-0.00751771428571,0.287
0.464412759301,0.543111874422,-0.123907340888,-1.36327351208,0.079191774188,1.89672559447,0.158283005384,-0.00374538187059,-0.0361036655903,0.00126110240005,-0.046705013332,-0.00254896509392,0.0185384991392,-0.00514925189049,0.57390548076,0.818907550646,0.0019156068331,0.0,0.818861991117,-0.573845137787,-0.0121467791406,0.0,-0.00884799783858,0.0085398851672,-0.999924388789,0.0,0.660784580715,0.259806854267,0.303203246712,1.0,-0.00606,-0.00796457142857,0.304
0.464347354411,0.542561167465,-0.123912936612,-1.36413378665,0.0791426266391,1.897034032,0.158175432861,-0.00376274514142,-0.0322990534222,0.000252725577913,-0.0488433031702,-0.00342635662724,0.00841284662106,-0.00507065251632,0.573909525925,0.818904717583,0.00191480399575,0.0,0.818859128621,-0.573849167755,-0.0121493638369,0.0,-0.00885053308249,0.00854075480737,-0.999924358925,0.0,0.660683368785,0.2596784927,0.303210210442,1.0,-0.00638,-0.00838514285714,0.32
0.46426468667,0.541921122963,-0.123910350095,-1.36512107063,0.079085767453,1.8974084378,0.158041585335,-0.00358349358961,-0.0347458803786,0.00256116685793,-0.0486691000587,-0.00550477365023,0.0231519953809,-0.00909538443876,0.573905520508,0.818907466347,0.00193958579455,0.0,0.818862169315,-0.573845021226,-0.0121402709946,0.0,-0.00882890689334,0.00855578670099,-0.999924421602,0.0,0.660571283843,0.259532802625,0.303225273324,1.0,-0.00674,-0.00885828571429,0.338
0.464180885943,0.541259796586,-0.1239184684,-1.36612068643,0.0790274505705,1.8977773517,0.157909156808,-0.0012854531431,-0.0410896060922,-0.0014259283412,-0.0602191093448,-0.00167525340002,0.0216242445473,-0.0056770082194,0.573911241303,0.818903396336,0.00196506415261,0.0,0.818858449817,-0.57385064525,-0.0121253045369,0.0,-0.00880196920013,0.00856812292666,-0.999924553458,0.0,0.660458476862,0.259378376433,0.303249289664,1.0,-0.00708,-0.00930514285714,0.355
0.46409909664,0.540611247504,-0.123911181962,-1.3671228148,0.0789725148549,1.8981432392,0.157793682686,-0.00397029033325,-0.0396539558656,-0.000166226104128,-0.0615254856407,-0.00545967403173,0.026857898259,-0.00520558031735,0.573919365498,0.818897666076,0.00198022802305,0.0,0.81885281555,-0.573858601801,-0.01212924175,0.0,-0.00879640623391,0.00858288726844,-0.99992447579,0.0,0.660339729383,0.259234090492,0.303262222392,1.0,-0.0074,-0.00972571428571,0.371
0.464000631062,0.539885116743,-0.123911119985,-1.36823298425,0.0788942937699,1.89857043405,0.157654198567,-0.00386742194777,-0.0381139028764,0.00142721464001,-0.0652146464282,-0.0120129236128,0.0249489083073,-0.00759475122843,0.573926351417,0.818892697304,0.002010062662,0.0,0.818848358498,-0.573865575029,-0.0121001852411,0.0,-0.00875541613352,0.0085907170761,-0.999924768304,0.0,0.660217381974,0.259063205167,0.303283979391,1.0,-0.00774,-0.0101725714286,0.388
0.463894934422,0.539130557596,-0.123916475843,-1.36939841007,0.0788419854954,1.8990091807,0.157507752605,-0.00276108540889,-0.0488444715278,0.000912003061062,-0.0693724607866,-0.0053592320743,0.0267937715015,-0.0119683059151,0.573947237457,0.818877980065,0.0020418818196,0.0,0.818833922643,-0.57388618762,-0.0120994913245,0.0,-0.00873636744474,0.00861659761645,-0.999924712231,0.0,0.660086753037,0.258883198208,0.303300635634,1.0,-0.00808,-0.0106194285714,0.405
0.46379387414,0.538407446308,-0.123924504088,-1.37053264491,0.0787676210679,1.89944713114,0.157372173557,-0.00712210290193,-0.0485572996656,0.0005663980201,-0.0692291731758,-0.0111851586807,0.0234424852056,-0.00675890558532,0.573967456346,0.818863767778,0.00205810073067,0.0,0.818820034445,-0.573906444547,-0.0120785346786,0.0,-0.00870968483172,0.00861806586151,-0.999924932348,0.0,0.659962757468,0.25870438363,0.303309777918,1.0,-0.0084,-0.01104,0.421
0.4636727879,0.537625635504,-0.123922627519,-1.3717781257,0.0787016516989,1.89991432905,0.15721410236,-0.00497391915203,-0.0497653001202,-0.000118057917082,-0.0725839739309,-0.00082295546137,0.0254584400824,-0.00861599301712,0.573986943946,0.818850089415,0.00206546515258,0.0,0.818806353752,-0.573925800341,-0.0120862590936,0.0,-0.00871157832363,0.00862873704122,-0.999924823824,0.0,0.659822572396,0.258509017593,0.303309544509,1.0,-0.00874,-0.0114868571429,0.438
0.463566681404,0.536794202699,-0.123928882245,-1.37307208584,0.0786251385574,1.90040809961,0.157054980027,-0.00667766289296,-0.0488242460881,8.57560475255e-05,-0.0734382385705,-0.00900961149662,0.0295505048363,-0.0155749204313,0.573998769166,0.818841737087,0.00209033518542,0.0,0.818798354354,-0.573937544916,-0.012070474057,0.0,-0.00868425329868,0.0086401666118,-0.999924962817,0.0,0.659676055268,0.258313830823,0.303323680292,1.0,-0.00908,-0.0119337142857,0.455
0.463458789929,0.535990111069,-0.12394031869,-1.37434249866,0.078556512681,1.90087499581,0.156905259606,-0.00600051872292,-0.0499396797054,-0.00117034711225,-0.0847392511121,-0.00305122770406,0.0305551259618,-0.000505925531223,0.574024014279,0.818824036271,0.00209178304338,0.0,0.818780637663,-0.57396274599,-0.0120739597387,0.0,-0.00868601014004,0.00864362070804,-0.999924917706,0.0,0.659529833434,0.258116359077,0.303327426532,1.0,-0.0094,-0.0123542857143,0.471
0.463335774964,0.535038766505,-0.123935357235,-1.37584035236,0.0784594053222,1.90141830988,0.156719244242,-0.00443846086868,-0.0569379219656,0.00239749111928,-0.0874900099921,-0.00193655086835,0.0360211354991,-0.0127779642215,0.574025019608,0.818823345564,0.00208627051442,0.0,0.818779876091,-0.573963775988,-0.012076641259,0.0,-0.00869135943226,0.00864065690818,-0.999924896839,0.0,0.65935132319,0.257893975361,0.30333272752,1.0,-0.00976,-0.0128274285714,0.489
0.463207288558,0.534142233203,-0.123941178376,-1.37731825711,0.0783927187915,1.90194296852,0.156540095376,-0.00635737680183,-0.0543393088186,0.000253328244838,-0.0842292203586,-0.0031653115636,0.0247752027762,-0.0133252143633,0.574050699066,0.81880543935,0.00204799746274,0.0,0.818761231341,-0.573989381936,-0.012123628935,0.0,-0.00875153301294,0.00863656487038,-0.999924407351,0.0,0.659174078273,0.257667029374,0.303307469608,1.0,-0.0101,-0.0132742857143,0.506
0.46309018016,0.533276557097,-0.12393873666,-1.37871052921,0.0783141477932,1.9024732025,0.156356648108,-0.00534102642845,-0.0542852644039,0.00098596710797,-0.0806408586255,-0.00588061415136,0.0289305903633,-0.00617627781182,0.574049884204,0.818805998088,0.00205300778537,0.0,0.818761793142,-0.573988483616,-0.0121282178485,0.0,-0.00875242320616,0.00864329279739,-0.999924341427,0.0,0.659012547355,0.257460620089,0.303301210663,1.0,-0.01042,-0.0136948571429,0.522
0.462949496655,0.532274251936,-0.123937021178,-1.38035192958,0.0782168172388,1.9030885055,0.156152018512,-0.00817781537596,-0.0532322085605,0.00142402521923,-0.090643875403,-0.00428771718934,0.0376912082837,-0.0104004849579,0.574059931453,0.818799006646,0.00203192438739,0.0,0.818754481332,-0.573998578136,-0.0121440725312,0.0,-0.00877740180812,0.00863523889784,-0.99992419206,0.0,0.658820432989,0.257213238058,0.303279926134,1.0,-0.01078,-0.014168,0.54
0.462820708705,0.531328155129,-0.123938589886,-1.38186043238,0.0781241103693,1.9036376792,0.155953915711,-0.0116880316977,-0.0595260966114,-0.000302429690809,-0.0926313506571,-0.00199682373124,0.0409049847644,-0.00653675321517,0.57406152956,0.818797918458,0.00201888830019,0.0,0.818753206522,-0.574000217751,-0.0121525195805,0.0,-0.00879178468169,0.00862943139108,-0.999924115839,0.0,0.658641629973,0.256983122747,0.303276412991,1.0,-0.0111,-0.0145885714286,0.556
0.462688837938,0.530355565602,-0.123938863787,-1.38341390553,0.0780347915301,1.90417885656,0.155765670934,-0.0142826107033,-0.0673816167554,-0.000206849073456,-0.0974283441089,-0.00507207281195,0.0333242588284,-0.0110961088656,0.574075851316,0.818787953248,0.00198782619476,0.0,0.818742716529,-0.57401456001,-0.0121817867487,0.0,-0.00883342913116,0.00862095379704,-0.999923821941,0.0,0.658451326235,0.256746777391,0.303269234425,1.0,-0.01142,-0.0150091428571,0.572
0.462547174021,0.529230797634,-0.123944568908,-1.38516140516,0.0779225061849,1.90483138868,0.155522130239,-0.0072479207703,-0.0684546217506,0.000462513927201,-0.101856401891,-0.0085108451592,0.0437075254237,-0.0139179844633,0.574061108468,0.818798240839,0.00200784588901,0.0,0.818753342137,-0.573999804168,-0.0121629131006,0.0,-0.00880663825826,0.00862635199289,-0.9999240117,0.0,0.658246480534,0.25648365759,0.303286460954,1.0,-0.01178,-0.0154822857143,0.59
0.462406692951,0.528138056685,-0.123944857281,-1.38685955921,0.0778124345144,1.90549266529,0.155281747963,-0.0086402479618,-0.0638892268026,0.000486467101444,-0.100993422112,-0.00854613150562,0.0419538802928,-0.00989749207735,0.574042047189,0.818811500385,0.00204982863856,0.0,0.81876724855,-0.573980656272,-0.0121303680201,0.0,-0.00875609143341,0.00864184022799,-0.999924321867,0.0,0.658051909963,0.256230870137,0.303304928407,1.0,-0.01212,-0.0159291428571,0.607
0.462270692021,0.527062138587,-0.123949914694,-1.38851504595,0.0777192123756,1.90611915321,0.155046974068,-0.00569426561382,-0.0677910498284,-0.000910400818888,-0.100198782942,-0.00560564504166,0.0476825273429,-0.0219350457255,0.574029217001,0.81882038819,0.00209208393019,0.0,0.818776652948,-0.573967608019,-0.012112986158,0.0,-0.00871773946234,0.00866632429146,-0.999924445067,0.0,0.657858468553,0.255983488569,0.303328750782,1.0,-0.01244,-0.0163497142857,0.623
0.462120090654,0.525883345193,-0.123952999064,-1.39032894776,0.0775993437699,1.90678651208,0.154815761599,-0.0103285704141,-0.0708517179825,-0.000528379918478,-0.107866495534,-0.00463127460686,0.0432004082738,-0.0139006832428,0.574030808104,0.818819217978,0.00211341405455,0.0,0.818775842454,-0.573969187385,-0.0120929172325,0.0,-0.00868904577498,0.00867228639269,-0.999924643127,0.0,0.657642971797,0.255708722373,0.303352726343,1.0,-0.01278,-0.0167965714286,0.64
0.461956452861,0.524648065845,-0.123951278591,-1.39228346472,0.0774771327165,1.90748701331,0.154547945448,-0.0134281529278,-0.0676038944895,0.00106715645989,-0.111197523661,-0.0059314923474,0.0381306462751,-0.0137118207093,0.574016344615,0.818829402053,0.00209603202443,0.0,0.818785756597,-0.573954758144,-0.0121064982233,0.0,-0.0087102968477,0.00866569586471,-0.999924515373,0.0,0.657404304376,0.255414145348,0.303351936053,1.0,-0.01314,-0.0172697142857,0.658
0.461812317364,0.52358494781,-0.123957258815,-1.39397232727,0.0773761080121,1.90810270927,0.154314955313,-0.0106073805026,-0.0795084946252,-0.00119832899922,-0.11488033567,-0.00714916131903,0.0450084510044,-0.015416919767,0.57401120722,0.818833027865,0.00208647192621,0.0,0.818789230064,-0.573949635639,-0.0121144286858,0.0,-0.00872233245176,0.00866236535411,-0.999924439317,0.0,0.657201656559,0.255154871324,0.303349136804,1.0,-0.01344,-0.017664,0.673
0.461643500607,0.522305755968,-0.123957428156,-1.39602524388,0.0772473895511,1.90890335536,0.154040998381,-0.00377546475118,-0.0720406632728,0.000343335386933,-0.115544381659,-0.0073768588869,0.0434452829702,-0.0195549036615,0.574000762244,0.818840305302,0.00210386721713,0.0,0.818796798445,-0.573939179949,-0.0120982427637,0.0,-0.00869920445954,0.00866720718049,-0.999924598838,0.0,0.656961830238,0.254850466064,0.303340501366,1.0,-0.0138,-0.0181371428571,0.691
0.461474534271,0.521049113246,-0.123962593579,-1.39803231685,0.077129405795,1.90966387386,0.153765567306,-0.0102644711806,-0.0784423683081,-0.000833640412712,-0.120192533232,-0.0134521579837,0.0382554836327,-0.0175606102159,0.573992801902,0.81884586576,0.00211149107088,0.0,0.818802438935,-0.573931168217,-0.0120965715997,0.0,-0.00869354448495,0.00867240603523,-0.999924602987,0.0,0.65672407248,0.25454726206,0.303334168443,1.0,-0.01414,-0.018584,0.708
0.461318621526,0.519827562253,-0.123968670314,-1.3999542226,0.0770025158346,1.91037283491,0.153508192418,-0.0129189856443,-0.0798632674752,-0.00167272930063,-0.119037700029,-0.0068137359654,0.0460383237101,-0.00637966548886,0.573982082844,0.818853380085,0.00211125513408,0.0,0.818810036309,-0.573920537478,-0.0120866869831,0.0,-0.00868569903542,0.00866642551776,-0.999924723017,0.0,0.656491893771,0.254256892125,0.303338889453,1.0,-0.01446,-0.0190045714286,0.724
0.461144367327,0.518479816804,-0.123965017216,-1.40203563067,0.076868732559,1.911099015,0.153232516673,-0.0118321217078,-0.0849524900056,-0.00118390307354,-0.118606073287,-0.0101575756258,0.0440409830603,-0.0171522164383,0.573970493637,0.818861523021,0.002103675476,0.0,0.818818031053,-0.573908933375,-0.0120960785656,0.0,-0.008697862629,0.00866548643405,-0.999924625425,0.0,0.656230909888,0.253943020736,0.303357075202,1.0,-0.0148,-0.0194514285714,0.741
0.460964061138,0.517126568548,-0.12397255726,-1.40417792705,0.0767342480076,1.91186580445,0.152937886962,-0.0121165297965,-0.0792908792231,-0.00103737837341,-0.122390831786,-0.007543622118,0.043265097523,-0.0168137948709,0.57395922192,0.818869481628,0.00208099325701,0.0,0.818825687122,-0.573897755141,-0.0121081647874,0.0,-0.00872089716858,0.00865373018497,-0.999924526605,0.0,0.655967111528,0.253614173511,0.303353654809,1.0,-0.01514,-0.0198982857143,0.758
0.460790118569,0.515867691987,-0.123973240443,-1.40621341652,0.0766006766885,1.91263675984,0.152650544213,-0.0125742039297,-0.0788685643499,6.07737838887e-05,-0.127595657697,-0.0100411354303,0.0384809111154,-0.0144460304194,0.57393841181,0.818884099089,0.00206848009495,0.0,0.818840213842,-0.573877074174,-0.0121059833939,0.0,-0.00872651201259,0.00864200995122,-0.999924578982,0.0,0.655722999836,0.25330538656,0.303334654786,1.0,-0.01546,-0.0203188571429,0.774
0.460608833252,0.514460464414,-0.123972014092,-1.40843503394,0.0764757028691,1.9134539385,0.152332893437,-0.00804212708614,-0.085356187986,0.00189320289642,-0.132748001344,-0.002594913277,0.040304232506,-0.0213237898768,0.573909217677,0.818904539515,0.00207651833733,0.0,0.818860609155,-0.573847700031,-0.0121188631448,0.0,-0.00873275490365,0.0086556729857,-0.999924406301,0.0,0.655448033471,0.252977331465,0.303334633978,1.0,-0.0158,-0.0207657142857,0.791
0.460417119423,0.51305854929,-0.123974680078,-1.41070647263,0.0763283098141,1.91423822505,0.15202988148,-0.0115140319777,-0.0874170766537,4.21384494802e-05,-0.1339617123,-0.0141021087702,0.0445325919914,-0.0177203531242,0.573899035328,0.818911868096,0.00199911037912,0.0,0.818866876084,-0.573837811147,-0.0121635788845,0.0,-0.00881390367776,0.0086178373791,-0.999924021104,0.0,0.655158351144,0.252628493138,0.303304012499,1.0,-0.01614,-0.0212125714286,0.808
0.460231547088,0.511718377575,-0.1239775109,-1.41287274903,0.0761931190162,1.91502345645,0.151719267096,-0.0111307128153,-0.0815754471295,0.000964323157992,-0.133666959802,-0.00881612273703,0.054873400647,-0.0153414411556,0.573875466627,0.818928476034,0.00196133738243,0.0,0.818882952327,-0.573814377929,-0.0121867539208,0.0,-0.00885480670866,0.00859995041492,-0.999923813723,0.0,0.654889248271,0.252297297775,0.303279863682,1.0,-0.01646,-0.0216331428571,0.824
0.46002017716,0.510161679905,-0.12398307839,-1.41532663118,0.0760537791963,1.9159599318,0.151376572678,-0.00958791431638,-0.0844170808926,-0.00180809360881,-0.132066171792,-0.00625536313089,0.0586287787105,-0.0115947512889,0.573862648534,0.818937371319,0.00199734240654,0.0,0.818892248706,-0.573801331854,-0.0121763489212,0.0,-0.00882575936796,0.00862332608187,-0.999923869211,0.0,0.654593949933,0.251925908472,0.303283159203,1.0,-0.01682,-0.0221062857143,0.842
0.459812907737,0.508648920064,-0.123989103873,-1.41770378493,0.075900738498,1.91681336577,0.151055146416,-0.00892817568178,-0.0862831897758,0.000296486427548,-0.143347724596,-0.0120775317219,0.0513651577758,-0.0140023019818,0.573855485592,0.818942425787,0.00198287742743,0.0,0.818897127499,-0.573794247823,-0.0121820622628,0.0,-0.00883881413316,0.00861468174417,-0.999923828411,0.0,0.654298002819,0.251557806961,0.303284454055,1.0,-0.01716,-0.0225531428571,0.859
0.459614426611,0.507199142453,-0.123994648011,-1.41995588742,0.0757558839137,1.91763327162,0.150729300866,-0.0104869540202,-0.0896712074733,-0.000494864920213,-0.145904489472,-0.00564875994845,0.056165064818,-0.0228506346225,0.573832555005,0.818958468004,0.00199333935132,0.0,0.81891333745,-0.573771303464,-0.0121730837898,0.0,-0.00882569905555,0.00861784987455,-0.999923916956,0.0,0.654019920782,0.251208856241,0.30329776106,1.0,-0.01748,-0.0229737142857,0.875
0.459391487879,0.505627232136,-0.124001039843,-1.42240424928,0.0756066272603,1.91855873292,0.15040666725,-0.0124743995959,-0.0938481031089,0.000129306740171,-0.142805598422,-0.0030940098399,0.0514933155569,-0.0108204704148,0.573838179984,0.818954427631,0.00203360673626,0.0,0.818909841674,-0.57377676637,-0.0121507401414,0.0,-0.00878423526439,0.00863806548818,-0.999924107638,0.0,0.653706602957,0.250803236839,0.303311852809,1.0,-0.01784,-0.0234468571429,0.893
0.459156723541,0.503867258038,-0.124004482975,-1.42503373066,0.0754389737967,1.91956129299,0.150037485535,-0.011267910684,-0.100197893865,-3.48282087431e-05,-0.145987805216,-0.00842044139568,0.0508459710991,-0.0181460338491,0.573824224348,0.818963930241,0.00214182565569,0.0,0.818920857817,-0.573762440012,-0.012084616904,0.0,-0.00866813312928,0.00868859890718,-0.999924683022,0.0,0.653408682261,0.250424892109,0.303376758146,1.0,-0.01818,-0.0238937142857,0.91
0.458936957768,0.502291616483,-0.124010896832,-1.4273769622,0.0752834750662,1.92043916983,0.149710239493,-0.0126535447198,-0.0962062011045,-0.000767850318358,-0.148625289464,-0.0157078265977,0.0530409283239,-0.0170445684761,0.573818739984,0.818967540675,0.00222887076568,0.0,0.818925740265,-0.573756725488,-0.0120249236737,0.0,-0.00856935756251,0.00872557418695,-0.999925212436,0.0,0.653126800298,0.250054814819,0.303437898238,1.0,-0.0185,-0.0243142857143,0.926
0.458697243385,0.500563947998,-0.124011214689,-1.42996322909,0.075118864345,1.92135470524,0.14934926319,-0.0193512342011,-0.107473805525,0.00124310333826,-0.155257593794,-0.0120967343551,0.0555442181223,-0.0193708886844,0.573806855268,0.818975733927,0.00227749588443,0.0,0.818934531861,-0.573744603966,-0.012004534475,0.0,-0.00852488558833,0.00875357273539,-0.999925347859,0.0,0.652800959754,0.249649706712,0.303491944188,1.0,-0.01884,-0.0247611428571,0.943
0.458457010898,0.498870479662,-0.124009502634,-1.43258907793,0.0749579286182,1.92231640223,0.148968555152,-0.0168337434621,-0.106152347083,0.00097040588285,-0.158090986654,-0.0130494289104,0.0602553526746,-0.0220290529258,0.573780720573,0.818993971067,0.00230368287594,0.0,0.818953038966,-0.5737182913,-0.0119995457437,0.0,-0.00850605438429,0.00877188498142,-0.99992534775,0.0,0.652472195772,0.249244082662,0.303506680151,1.0,-0.01918,-0.025208,0.96
0.45823149271,0.497397630655,-0.124014139159,-1.43491953083,0.0748151075895,1.92317786831,0.148636650672,-0.0161565164684,-0.101022166627,-0.000540281304286,-0.154481747716,-0.00636664482102,0.0629185229807,-0.0158312081872,0.573776624486,0.818996835617,0.00230550293539,0.0,0.818955894404,-0.573714154391,-0.012002456984,0.0,-0.00850743841709,0.00877500341836,-0.999925308614,0.0,0.652184657744,0.2488726884,0.303499162976,1.0,-0.01948,-0.0256022857143,0.975
0.457942022454,0.495621271614,-0.124015204582,-1.43777078163,0.0746375230282,1.92415625699,0.148206819958,-0.0171375378626,-0.10781891884,-0.000217922427923,-0.161406569036,-0.00619145330861,0.0489713815859,-0.0217900568413,0.573758121869,0.819010022351,0.00222436020615,0.0,0.818967848774,-0.573695814379,-0.0120632557767,0.0,-0.00860398689681,0.00874323880547,-0.999924760762,0.0,0.651818227322,0.248406528529,0.303464774705,1.0,-0.01984,-0.0260754285714,0.993
0.457658974841,0.493918213783,-0.12402769858,-1.44055401244,0.0744616792536,1.92515459891,0.147820196172,-0.0175274957753,-0.103132914104,-0.00129115197114,-0.170691733274,-0.00721930964486,0.0693011192148,-0.0244165052233,0.573774754318,0.818998572538,0.0021485786333,0.0,0.818955374519,-0.573712732957,-0.0121054322865,0.0,-0.00868183199508,0.0087055490642,-0.999924416748,0.0,0.651469822546,0.247946681763,0.303413169124,1.0,-0.0231942857143,-0.0304839183673,1.01
0.457390758526,0.491878359444,-0.124093840611,-1.44371861638,0.0742810077347,1.92634189008,0.147361694294,-0.0240365871593,-0.136087234547,-0.00153575843083,-0.216872593902,-0.0145111201057,0.0793820386649,-0.0361591877248,0.573776811378,0.818997010382,0.00219422229394,0.0,0.818954552451,-0.573714739598,-0.0120658812219,0.0,-0.00862322900024,0.00872025908268,-0.999924795674,0.0,0.651082565296,0.24743629558,0.303431594521,1.0,-0.0289085714286,-0.037994122449,1.026
0.45701039185,0.48927147068,-0.124099550741,-1.44791176346,0.074048200853,1.92786259942,0.146746670419,-0.0250481164681,-0.167524596289,-0.000741422757459,-0.269687073353,-0.0115909648348,0.0993813600746,-0.0438097988243,0.573735460169,0.819026093237,0.00215110279287,0.0,0.81898269776,-0.573673201927,-0.0121303363779,0.0,-0.00870119951142,0.0087214880079,-0.999924109507,0.0,0.650541172386,0.24678838728,0.303380982839,1.0,-0.03498,-0.0459737142857,1.043
0.456469417859,0.485860047371,-0.124142630015,-1.45321239474,0.0737268523523,1.92986407751,0.145968569248,-0.0285475863699,-0.201808966846,-0.00443476610007,-0.308914604583,-0.0176629630151,0.118657148003,-0.0503885400057,0.573748540503,0.819016694513,0.00223903568238,0.0,0.818974552675,-0.573686009603,-0.0120744092094,0.0,-0.00860480494207,0.00876155659485,-0.999924593386,0.0,0.6498956145,0.245912100993,0.303402965072,1.0,-0.0414085714286,-0.0544226938775,1.061
0.455971388331,0.482617171459,-0.124216860508,-1.45829795179,0.0734218704484,1.93165130483,0.145188184137,-0.0345929338941,-0.227420737073,-0.00178465239034,-0.355146718897,-0.0166865799952,0.127275838564,-0.0416750213614,0.57373831239,0.819024003942,0.00218558096578,0.0,0.818981132589,-0.573675978886,-0.0121046525565,0.0,-0.00866035244178,0.00873502068076,-0.999924345993,0.0,0.649246123522,0.245057643422,0.303390160887,1.0,-0.0467657142857,-0.0614635102041,1.076
0.455248019709,0.478164067545,-0.124303977543,-1.46527340117,0.0730127428138,1.93410416963,0.144141053508,-0.0394247893501,-0.257540056897,-0.000234180285668,-0.400957882314,-0.0253960080115,0.146827284847,-0.0640376733856,0.573765581866,0.819005054985,0.0021269405865,0.0,0.818961213711,-0.573703295283,-0.012157562226,0.0,-0.00873704031117,0.0087176404505,-0.999923830535,0.0,0.648354334642,0.243870649398,0.303371845874,1.0,-0.0531942857143,-0.0699124897959,1.094
0.45448245311,0.47342906486,-0.124373167668,-1.47255929872,0.072566633983,1.93677524281,0.143104321471,-0.0488844281068,-0.29153336984,-0.00558140897896,-0.444355107644,-0.028064940551,0.15982750947,-0.0657277694239,0.573824626809,0.818963437188,0.00222106225816,0.0,0.818920888658,-0.573761987753,-0.0121039840262,0.0,-0.00863852558399,0.00876460714081,-0.999924275902,0.0,0.647436276887,0.24264357562,0.303414171428,1.0,-0.0592657142857,-0.0778920816326,1.111
0.4536621709,0.468504305277,-0.124415695247,-1.48001301393,0.0721071003616,1.9395069716,0.141944707328,-0.0494710311984,-0.322414334656,-0.00213982974338,-0.471465835088,-0.0323332738641,0.182729037835,-0.078831249281,0.573808765421,0.818974063998,0.00239376798961,0.0,0.818933745372,-0.573745380203,-0.0120210768123,0.0,-0.00847169991178,0.00885830717985,-0.999924877526,0.0,0.646492161733,0.241382682616,0.303506523387,1.0,-0.06498,-0.0854022857143,1.127
0.45270504828,0.462810473656,-0.124460469174,-1.48872691678,0.0715397741221,1.94261087905,0.140566568197,-0.059895496181,-0.343597567378,-0.00321244978541,-0.531237098987,-0.036734983233,0.178087441932,-0.0783431129744,0.573752083195,0.819013596798,0.00245401510775,0.0,0.818974067956,-0.573688464939,-0.0119903341159,0.0,-0.00841256847901,0.00888942506181,-0.999925100602,0.0,0.645356201351,0.239903252466,0.303555674985,1.0,-0.0710514285714,-0.093381877551,1.144
0.45156380259,0.456309738535,-0.124531256794,-1.49884718259,0.0708748805862,1.94605346585,0.139063504154,-0.0656906583683,-0.373302528339,-0.00370580223123,-0.576990607548,-0.0447368508157,0.196496148997,-0.0807982913728,0.573794492144,0.81898436231,0.00228953659084,0.0,0.818942460302,-0.573731312427,-0.0120985435859,0.0,-0.00859510465285,0.0088172461605,-0.999924187299,0.0,0.643995901917,0.238144762313,0.303513019434,1.0,-0.07748,-0.101830857143,1.162
0.450261693992,0.448782932708,-0.124613299219,-1.51004986007,0.0701031933479,1.95025195361,0.137262127578,-0.069198522394,-0.407227982618,-0.00747598868748,-0.600747809691,-0.0339433390423,0.228869502259,-0.0966157273865,0.573745436273,0.819017515926,0.00268884050797,0.0,0.818981659667,-0.573681579337,-0.0117997270744,0.0,-0.00812180125774,0.00897232336504,-0.999926764197,0.0,0.642567213567,0.23619816079,0.303713273074,1.0,-0.0842657142857,-0.11074922449,1.181
0.448972550788,0.441674188069,-0.124639049234,-1.52091827138,0.0693999144793,1.95402484352,0.135605058003,-0.076271559797,-0.418296288646,-0.00142145214511,-0.65208447838,-0.0471202999439,0.222369614478,-0.108556706382,0.573756940032,0.819009403405,0.00270514324693,0.0,0.818973340131,-0.573692558131,-0.011843301945,0.0,-0.00814801198537,0.00901079036995,-0.999926205056,0.0,0.641086328609,0.234314049345,0.303735521233,1.0,-0.0903371428571,-0.118728816327,1.198
0.447494579886,0.433621996115,-0.124683548694,-1.53315747601,0.0685571965891,1.95824695156,0.133586907619,-0.0882831558282,-0.469321432927,-0.00348630418316,-0.681653084829,-0.0517560125821,0.249305343325,-0.116252956601,0.573651517741,0.819083211405,0.00271585881747,0.0,0.819047210266,-0.573587024208,-0.0118465149754,0.0,-0.00814565698189,0.00902036155343,-0.999926137947,0.0,0.639401303816,0.232162340457,0.303775863603,1.0,-0.0967657142857,-0.127177795918,1.216
0.446156586405,0.426630675216,-0.124700503427,-1.54387075472,0.0678073573545,1.96201711596,0.131865113043,-0.0944132156353,-0.468684400137,-0.00102817426288,-0.73026488317,-0.0555907016593,0.241116605205,-0.123082275335,0.573603094244,0.819117062708,0.00273399976201,0.0,0.819081312712,-0.573538556438,-0.0118353008173,0.0,-0.00812659902717,0.00902830710705,-0.999926221308,0.0,0.637923967998,0.230270242556,0.303765762308,1.0,-0.102122857143,-0.134218612245,1.231
0.444192574073,0.416750314346,-0.124821564491,-1.55889216402,0.066722110814,1.96714324638,0.129414899091,-0.101667396246,-0.510610789884,-0.0116577156599,-0.75379387365,-0.0554141682734,0.276486170784,-0.120746060745,0.573623331508,0.819103117478,0.00266521828581,0.0,0.819066827334,-0.573559438101,-0.0118258288601,0.0,-0.0081580692518,0.00896673587156,-0.999926519077,0.0,0.635830220193,0.227497121045,0.303772640186,1.0,-0.109265714286,-0.143606367347,1.251
0.442396800035,0.407911058905,-0.124884214078,-1.57226265166,0.065818569065,1.97179000918,0.127163013772,-0.10600518945,-0.527565768167,-0.00561672156518,-0.782586395251,-0.0469667655226,0.265359123548,-0.127586067123,0.573594429768,0.819123050183,0.00275784307715,0.0,0.819087700403,-0.573529905583,-0.0118124235852,0.0,-0.0080942787975,0.00903462965931,-0.999926426352,0.0,0.633948486919,0.225048652953,0.303794934296,1.0,-0.115337142857,-0.151585959184,1.268
0.440630561834,0.399776088692,-0.124966456422,-1.5845780145,0.0649750621983,1.97588954924,0.125096677787,-0.124271176832,-0.555636833141,-0.00946941004629,-0.783371613945,-0.0566262747292,0.294080649792,-0.142740828153,0.573667762443,0.819071931141,0.00268641996754,0.0,0.819035205612,-0.573603001246,-0.0119027656837,0.0,-0.00820844075639,0.00902867931719,-0.999925549454,0.0,0.632180797264,0.222702127735,0.303778995857,1.0,-0.120694285714,-0.15862677551,1.283
0.438675576904,0.390764151257,-0.125068790765,-1.5980535248,0.0639492866133,1.98056246768,0.122795988641,-0.12355262912,-0.55579223363,-0.00177104595911,-0.872082455898,-0.0595468240423,0.289043037598,-0.14363319192,0.573696890089,0.819051162178,0.00279623636044,0.0,0.819016594357,-0.573632530647,-0.0117594579651,0.0,-0.00802774013201,0.00903670242915,-0.99992694403,0.0,0.630267654243,0.220119009671,0.303832775307,1.0,-0.126408571429,-0.166136979592,1.299
0.43604542189,0.378963745936,-0.125172446385,-1.6156242986,0.062631516658,1.98640177137,0.119656525078,-0.131916115609,-0.609032587541,-0.00842019853436,-0.879269136713,-0.0665212055222,0.30150660542,-0.156698515639,0.573647475137,0.819085738395,0.0028061232451,0.0,0.819051429957,-0.573583234544,-0.0117377611781,0.0,-0.00800484165225,0.00903187021161,-0.999927171263,0.0,0.627683622973,0.216720027727,0.303882594776,1.0,-0.133551428571,-0.175524734694,1.319
0.434788665985,0.373594192773,-0.125218826853,-1.62373133846,0.0620632839666,1.98910805843,0.118191434859,-0.142483773589,-0.59104768669,-0.00927122794955,-0.908399240318,-0.0599047878232,0.29868668583,-0.163878238982,0.573650790221,0.819083505424,0.00278009391029,0.0,0.819048536114,-0.573586279551,-0.011790771898,0.0,-0.00806315829588,0.00904099153121,-0.999926620283,0.0,0.626479892916,0.215137074764,0.30384545759,1.0,-0.136765714286,-0.17974922449,1.328
0.431961379381,0.361711008462,-0.125356270998,-1.64124710507,0.060682680011,1.99493210403,0.115103580129,-0.145052955383,-0.642939218355,-0.00471002624453,-0.940863033687,-0.0748222607189,0.315060163028,-0.16650413142,0.573771219642,0.818998870102,0.00286097583242,0.0,0.818965643607,-0.573707192006,-0.0116653046708,0.0,-0.00791266127685,0.00903643098172,-0.999927863751,0.0,0.623878650562,0.211617440094,0.303923999984,1.0,-0.143551428571,-0.188667591837,1.347
0.42909366277,0.350207800841,-0.125468387642,-1.65854233581,0.0593826903263,2.00042235693,0.111877936471,-0.161833646267,-0.646505455485,-0.00959151002983,-0.974197182022,-0.0651643437596,0.294355080113,-0.18016055012,0.573785928248,0.818989478109,0.00258654079752,0.0,0.818952024074,-0.573722157612,-0.0118833931078,0.0,-0.00824857696306,0.0089369486305,-0.999926043229,0.0,0.621203469044,0.208119121657,0.303793186469,1.0,-0.14998,-0.197116571429,1.365
0.425866762269,0.337486704363,-0.12560213129,-1.67700948146,0.0579623671719,2.00650369903,0.108349610995,-0.169510063145,-0.662021573577,-0.00618214311734,-0.97576106183,-0.0833839862063,0.31883928983,-0.198151217669,0.573841164794,0.81894996804,0.00283096021569,0.0,0.818915857059,-0.573776669491,-0.0117430620285,0.0,-0.007992795235,0.00905714498214,-0.999927039013,0.0,0.618379381593,0.204308971623,0.303919796424,1.0,-0.156765714286,-0.206034938775,1.384
0.422861042389,0.325764922017,-0.12562969881,-1.69410296089,0.0565151200331,2.01194545996,0.105015184812,-0.178468917286,-0.705666529893,0.00065327358474,-1.00507008083,-0.0906704115908,0.325312168643,-0.197249049946,0.573704356485,0.819045871279,0.00281407049075,0.0,0.819011931533,-0.573640380563,-0.0117011408074,0.0,-0.00796966004098,0.00901792638819,-0.999927578139,0.0,0.615659454096,0.20081852934,0.303946897338,1.0,-0.162837142857,-0.214014530612,1.401
