position_joint1,position_joint2,position_joint3,position_joint4,position_joint5,position_joint6,position_joint7,velocity_joint1,velocity_joint2,velocity_joint3,velocity_joint4,velocity_joint5,velocity_joint6,velocity_joint7,ee_T_00,ee_T_10,ee_T_20,ee_T_30,ee_T_01,ee_T_11,ee_T_21,ee_T_31,ee_T_02,ee_T_12,ee_T_22,ee_T_32,ee_T_03,ee_T_13,ee_T_23,ee_T_33,v_x,v_y,time
0.465080117864,0.547862288976,-0.123984301429,-1.3558409273,0.0794544000788,1.8940931985,0.159172096081,-0.006320531915,0.00155304484963,0.000674887878116,-0.000969202140236,-0.000251679115122,-0.000165321765502,0.00122802415985,0.573796537871,0.81898407121,0.00183606450844,0.0,0.818939815802,-0.573738806506,-0.011920860028,0.0,-0.00870974070786,0.00834393518948,-0.999927256935,0.0,0.661671544235,0.260887254248,0.303152291337,1.0,0.0,0.0,0.0
0.46507902979,0.547860037241,-0.123985033556,-1.35583842262,0.079455726895,1.89409421921,0.159172334429,-0.00184103547922,0.000777428971819,-0.000208400533261,0.000428165294783,0.000116797820823,-0.000192803134936,0.00103327000825,0.573798354395,0.818982786347,0.00184148386397,0.0,0.818938597144,-0.573740595728,-0.0119184655689,0.0,-0.00870465168296,0.00834701884854,-0.999927275513,0.0,0.661672760233,0.260886723251,0.30315519381,1.0,-0.0002,-0.000262857142857,0.011
0.465081847726,0.547860951033,-0.123981801994,-1.35583913524,0.0794546606883,1.89409455902,0.159166942987,0.000995759044024,-0.000967743523832,0.00163626132047,0.000491924652922,-3.95161809038e-05,0.000294436780766,-0.0054989935115,0.57378913357,0.818989248484,0.00184064295479,0.0,0.818945040397,-0.573731371968,-0.0119197537449,0.0,-0.00870628317679,0.00834697129767,-0.999927261706,0.0,0.661671222638,0.260890211328,0.303154127862,1.0,-0.00046,-0.000604571428571,0.024
0.465075875021,0.547831948312,-0.123985363926,-1.355857928,0.0794557268951,1.89409557469,0.159171622133,-0.00137606291431,-0.00336356088412,0.000206890334076,-0.00220820916667,9.6574082198e-05,-0.000173024849829,0.000497022660706,0.5738016114,0.818980482561,0.00185117293308,0.0,0.818936403032,-0.573743795647,-0.0119151855575,0.0,-0.00869637286481,0.00835310639943,-0.999927296713,0.0,0.661670203374,0.260882592972,0.303165937579,1.0,-0.00086,-0.00113028571429,0.044
0.465083901372,0.547770958872,-0.123977568571,-1.35592564,0.0794530777826,1.89410708005,0.15917120954,-0.00120096673301,-0.00581733985417,0.00236428890564,-0.00626568750877,2.07103455073e-05,0.00357536441816,0.00126805382623,0.573792220237,0.818987044706,0.00185889771265,0.0,0.818942994041,-0.573734304147,-0.011919213811,0.0,-0.00869533572078,0.00836164440207,-0.999927234372,0.0,0.661654853655,0.260885532168,0.303177652313,1.0,-0.00114,-0.00149828571429,0.058
0.465083257128,0.547647764383,-0.123982779411,-1.35608921698,0.0794523572688,1.89414136444,0.159164947264,0.000173917896665,-0.00535119226787,-0.000953163187308,-0.0130857246774,-8.40406426969e-05,0.000441575156987,-0.000788543936126,0.573800017456,0.818981581997,0.00185882203622,0.0,0.81893743795,-0.573742011896,-0.0119299375754,0.0,-0.00870408243435,0.00836781845139,-0.999927106625,0.0,0.661628850498,0.260866501907,0.303190217863,1.0,-0.00146,-0.00191885714286,0.074
0.465070865303,0.547491989338,-0.123985363935,-1.35630402671,0.0794488889853,1.89420358968,0.159157969513,0.000784376806646,-0.012156977062,-0.000143993043261,-0.0101604234008,0.000176618620955,0.010480016567,-0.00059650557011,0.573817218279,0.818969511726,0.00186702195527,0.0,0.818925377777,-0.573759082908,-0.0119368050242,0.0,-0.00870482617233,0.0083786572293,-0.999927009388,0.0,0.661600144905,0.260837019316,0.303203809008,1.0,-0.00182,-0.002392,0.092
0.465048809467,0.547306110109,-0.123980353604,-1.35651798484,0.0794463920265,1.89433791984,0.15914908867,-0.00061686057896,-0.0135057625853,-1.00877207527e-05,-0.0117696013577,-0.00286491970914,0.00437760956125,-0.00134557261379,0.573836130141,0.818956035577,0.00196327225341,0.0,0.818913109709,-0.573777546498,-0.0118908697539,0.0,-0.00861178382007,0.00843132239892,-0.999927372354,0.0,0.661587539737,0.260811110794,0.30324513505,1.0,-0.00216,-0.00283885714286,0.109
0.465026115511,0.547132253636,-0.123982858286,-1.35673628823,0.0794394612851,1.89445985081,0.159138779596,-0.00367414992448,-0.0142451786875,-0.000711661509007,-0.0170758689205,-0.000299440062991,0.0032024535353,-0.00490195809102,0.573858633609,0.818940101866,0.00203103140402,0.0,0.818898070572,-0.573799783321,-0.0118535047808,0.0,-0.00854206949442,0.00846560674418,-0.999927680661,0.0,0.661573274357,0.260778189133,0.303275035161,1.0,-0.00246,-0.00323314285714,0.124
0.464994292524,0.5468939088,-0.12398035652,-1.35707378099,0.079434998043,1.89459298092,0.159109291641,0.000211677008121,-0.0150572604134,0.00121634290369,-0.0203705507111,-2.54696071918e-05,0.00982244170283,-0.00407253276625,0.57387652213,0.81892747063,0.00206932285337,0.0,0.818885792404,-0.5738173712,-0.0118503337408,0.0,-0.0085173144213,0.00849533095924,-0.999927639735,0.0,0.661536678735,0.260729975804,0.303294684132,1.0,-0.00282,-0.00370628571429,0.142
0.464959396172,0.546634204923,-0.123987489838,-1.35747477765,0.0794250598755,1.89473218699,0.159023707731,-0.0014171381595,-0.0163713160679,-0.00645842221716,-0.0259655428793,-0.000344078753066,0.00855823123853,-0.00998539618382,0.573859736465,0.818939220548,0.00207432235597,0.0,0.818897496595,-0.573800456985,-0.0118605453085,0.0,-0.00852298270827,0.00850511053925,-0.999927508303,0.0,0.661490581282,0.26066641349,0.30330005723,1.0,-0.00316,-0.00415314285714,0.159
0.464920655828,0.54636523694,-0.123981087667,-1.35789327222,0.0794091637437,1.89488750321,0.158941305613,-0.00194557575962,-0.0170670652837,0.000415203927957,-0.0300711775774,-0.00252921529424,0.00558171041434,-0.0021733113447,0.573838699772,0.818953931288,0.00208613816494,0.0,0.818912239374,-0.573779253728,-0.0118684074632,0.0,-0.00852286024215,0.00851907960203,-0.999927390432,0.0,0.66144212571,0.260606319869,0.303304588091,1.0,-0.00348,-0.00457371428571,0.175
0.464872791638,0.546072265489,-0.123983462307,-1.35839770028,0.0793845455677,1.89506222449,0.158915681988,-0.00113672585778,-0.021520817435,0.00060521621436,-0.0325728664614,-0.00339724485603,0.00668726203366,-0.000390738307396,0.573880216283,0.818924914412,0.00205640835438,0.0,0.818882776207,-0.573820826453,-0.0118913776084,0.0,-0.00855830022254,0.00850834754809,-0.999927179108,0.0,0.661383285188,0.260525123791,0.303287158453,1.0,-0.00382,-0.00502057142857,0.192
0.464809962561,0.545692792457,-0.123986757381,-1.35906815753,0.079283850228,1.8952878819,0.158814985814,-0.00305066962955,-0.0269450325453,-0.00309847279909,-0.0373878874373,-0.00421605783879,0.0115689831358,-0.00723888803236,0.573862151727,0.818937795101,0.00196608044389,0.0,0.818895004979,-0.573803650508,-0.0118780632349,0.0,-0.00859941634515,0.00842654661833,-0.999927519049,0.0,0.661307064093,0.260406060662,0.303256243948,1.0,-0.0042,-0.00552,0.211
0.464743301222,0.545365842966,-0.123989271846,-1.35966255672,0.0792630268792,1.89547386311,0.158741690862,-0.00503229185676,-0.0250023332736,-0.00240294500926,-0.0425219170813,-0.000443435837308,0.0102800504682,-0.00177143458106,0.573885989796,0.818921237094,0.00190395727877,0.0,0.818877461132,-0.573827571313,-0.0119318461471,0.0,-0.0086788661215,0.00840678889549,-0.999926998927,0.0,0.661235283819,0.260303498727,0.30322099614,1.0,-0.0045,-0.00591428571429,0.226
0.464673664563,0.544906477075,-0.123984606801,-1.36041329095,0.0792460629953,1.89572482049,0.158663764912,-0.00217252115041,-0.0261092839576,0.000916765460055,-0.0462530013416,0.000260820376196,0.020767979694,-0.0094044718004,0.57391317011,0.818902229836,0.0018862781503,0.0,0.818857895725,-0.573854506381,-0.0119791074692,0.0,-0.00872743663135,0.00841972340542,-0.99992646735,0.0,0.661142863106,0.260191358343,0.303210452542,1.0,-0.00486,-0.00638742857143,0.244
0.464605859856,0.544490038557,-0.1239891171,-1.36110493983,0.079219229996,1.89598095668,0.158562286455,-0.00321899844922,-0.0300065993641,0.000167244856142,-0.0409528298096,-0.00238079306343,0.0146863061119,-0.00711794558351,0.573920231715,0.818897303871,0.00187623078139,0.0,0.818852715502,-0.573861491419,-0.0119985783685,0.0,-0.00874907532858,0.00842274571168,-0.999926252798,0.0,0.661066021027,0.260080325533,0.303198340417,1.0,-0.00518,-0.006808,0.26
0.464542376171,0.544004492245,-0.123995609345,-1.36191270201,0.0791750627848,1.89626118445,0.158489052615,-0.00261819810562,-0.0262768015955,0.000527386108688,-0.0493841260012,-0.000499161617532,0.0133993601834,-0.00933516830578,0.573949965371,0.818876545324,0.00184056219606,0.0,0.81883144927,-0.57389133503,-0.0120224857867,0.0,-0.00878881814327,0.00840757738332,-0.999926031923,0.0,0.660969289613,0.25995695643,0.303181953707,1.0,-0.00552,-0.00725485714286,0.277
0.464473468598,0.543508644575,-0.124001309789,-1.36271046056,0.0791393643884,1.89652633012,0.158360635712,-0.0017181772554,-0.0356068640531,-0.000843120868063,-0.0507613949802,7.94006813895e-05,0.0153473918083,-0.00699421727601,0.573939951799,0.818883619632,0.00181552436527,0.0,0.818838056922,-0.573881298736,-0.0120514894916,0.0,-0.00882704180414,0.00840361353708,-0.999925728548,0.0,0.66087276876,0.259832138353,0.303176241518,1.0,-0.00584,-0.00767542857143,0.293
0.464395738338,0.542909334069,-0.124004494903,-1.36364691848,0.0790755244301,1.89687054556,0.158240616908,-0.000678709245287,-0.0378425826083,0.00065133679247,-0.0554564543352,-0.00651214090553,0.0183319375142,-0.00582340303461,0.573942611,0.818881753878,0.00181641034908,0.0,0.818836275145,-0.573884022666,-0.0120428375756,0.0,-0.00881942087879,0.00839940204086,-0.99992583118,0.0,0.660765967063,0.259688666197,0.303184373636,1.0,-0.0062,-0.00814857142857,0.311
0.464340264874,0.542387953927,-0.124002344462,-1.3644568417,0.0790309041422,1.89716480085,0.158133605895,0.00159838762837,-0.0382297972147,-0.000735944074731,-0.0582939617989,-0.00156003190307,0.0216028128953,-0.0103386353738,0.573931970474,0.81888919433,0.00182416482481,0.0,0.818843749412,-0.573873285197,-0.0120463059812,0.0,-0.0088179201111,0.00840762796629,-0.999925775284,0.0,0.660668098188,0.259576714467,0.303193056398,1.0,-0.0065,-0.00854285714286,0.326
0.464258645342,0.541724607368,-0.124005141663,-1.36546446959,0.0789655095395,1.89754266005,0.157998776728,-0.00544143186911,-0.0390756952665,0.000150571788452,-0.0544936633124,-0.00152073403147,0.0251590971013,-0.0116344650743,0.573928852321,0.818891322885,0.00184950751347,0.0,0.818846263717,-0.573870109252,-0.0120266789167,0.0,-0.00878733511264,0.00841708239995,-0.999925964992,0.0,0.660554001109,0.259425339005,0.303215345232,1.0,-0.00686,-0.009016,0.344
0.464169862414,0.541072312997,-0.124003429559,-1.36647112623,0.0789139413885,1.8979225069,0.157884059303,-0.00602072498378,-0.0365951206301,0.00015412029098,-0.0585314112425,-0.0022142658369,0.0232397370327,-0.00908281937551,0.573948515875,0.818877480764,0.00187603934143,0.0,0.818832676219,-0.573889567259,-0.0120233043531,0.0,-0.00876914260646,0.00843708244398,-0.999925956148,0.0,0.660440107109,0.259274192479,0.303230237426,1.0,-0.0072,-0.00946285714286,0.361
0.464092866345,0.540399718579,-0.124006172991,-1.36748646754,0.0788509159496,1.89829091733,0.157742431094,-0.00857890178508,-0.0406514149161,0.00027499251504,-0.0647274137044,0.000362706580373,0.0271054226872,-0.011908012611,0.573936828231,0.818885624305,0.00189694729605,0.0,0.818841102595,-0.573877800436,-0.0120110685728,0.0,-0.00874724385654,0.00844705564779,-0.999926063755,0.0,0.660320886839,0.259124866203,0.303254376359,1.0,-0.00752,-0.00988342857143,0.377
0.463991564435,0.539655104368,-0.124002755327,-1.36863494461,0.0787796427983,1.89872813639,0.157611049824,-0.00147385153564,-0.0405146185042,0.000571608544781,-0.0680239218281,-0.00507305416656,0.0288581826621,-0.0126872178692,0.57395435068,0.818873279317,0.00192422886232,0.0,0.818829121745,-0.573895211687,-0.0119959278726,0.0,-0.0087190069331,0.00846089252069,-0.999926193384,0.0,0.660191667573,0.25895154633,0.30327170086,1.0,-0.00786,-0.0103302857143,0.394
0.463886157552,0.538894561905,-0.124008447089,-1.36979786395,0.0787151884689,1.89917535801,0.157458867997,-0.00463425471295,-0.0448377107354,-6.937255404e-05,-0.0663326189239,-0.00310627354,0.0371712651586,-0.0113491464413,0.573965524451,0.818865349497,0.00196546065759,0.0,0.818821699047,-0.57390617902,-0.011977886071,0.0,-0.00868045297341,0.008484418847,-0.999926329473,0.0,0.660055577469,0.258759531649,0.303295462213,1.0,-0.00822,-0.0108034285714,0.412
0.463771885915,0.538161317024,-0.124011716199,-1.37094863426,0.078651693872,1.89961056746,0.157312251273,-0.00671197125789,-0.0474922224929,-0.00114398416727,-0.0741108298692,-0.00249296875698,0.024465964973,-0.00793426137248,0.573989549402,0.818848473761,0.00198017616284,0.0,0.818804998214,-0.573930122265,-0.011972324651,0.0,-0.00866720389109,0.00849353089797,-0.999926367044,0.0,0.659937589406,0.258585483789,0.303302474099,1.0,-0.00852,-0.0111977142857,0.427
0.463652684269,0.537314897302,-0.124019445324,-1.37229488833,0.078579886605,1.900107681,0.157158438054,-0.00637108274566,-0.0442259299849,-0.00587493612492,-0.0761819639864,-0.00837039484652,0.0324990760765,-0.0107739888623,0.574021624463,0.818825989252,0.00198011997472,0.0,0.818782448849,-0.573962130741,-0.0119800180513,0.0,-0.0086732032383,0.00849824052226,-0.999926275009,0.0,0.659783644095,0.258375756476,0.303302754945,1.0,-0.00888,-0.0116708571429,0.445
0.463533316488,0.536464715292,-0.124023691508,-1.37361478805,0.0784966859982,1.90061108226,0.156990340317,-0.00892413873489,-0.051424846829,0.000448422078634,-0.0789117398937,-0.00544528349986,0.0365134518806,-0.00589564029037,0.574035119375,0.818816468496,0.00200488035887,0.0,0.8187733113,-0.573975579179,-0.0119601885384,0.0,-0.00864261337346,0.00850727457697,-0.999926463053,0.0,0.659636734566,0.258169724876,0.30331847734,1.0,-0.00922,-0.0121177142857,0.462
0.463420716902,0.535654752558,-0.124030015843,-1.37490679019,0.0784168286894,1.90108494474,0.156831008063,-0.00510400195279,-0.0521483970334,0.000420794938608,-0.0828936262618,-0.0099781449703,0.0384123439908,-0.00961443245132,0.574050860684,0.818805457941,0.00199456620267,0.0,0.818762191812,-0.573991386842,-0.0119627752625,0.0,-0.00865048840496,0.00850048049202,-0.999926452736,0.0,0.659487578216,0.257968289013,0.303316451266,1.0,-0.00954,-0.0125382857143,0.478
0.463305592545,0.534754734849,-0.1240363173,-1.37635434263,0.0783407375395,1.901600464,0.156667078842,-0.00393354859132,-0.0542294319687,-0.00528838520014,-0.0816999216402,-0.00769799235111,0.029856495357,-0.00785819173248,0.574074242867,0.818789120608,0.00197143397851,0.0,0.818745432529,-0.574014745665,-0.0119889687886,0.0,-0.00868497225024,0.00849682433568,-0.999926184892,0.0,0.6593130786,0.257751367913,0.30330741057,1.0,-0.00988,-0.0129851428571,0.495
0.463165788281,0.533791738077,-0.124042224499,-1.37792367895,0.0782454123819,1.90217644154,0.156463452117,-0.00632270336697,-0.0570171792969,-0.00101295961486,-0.0921067312837,-0.003164625988,0.0376493307346,-0.00724865870301,0.57408651422,0.818780585974,0.00194245322861,0.0,0.818736521966,-0.574027140846,-0.0120040023564,0.0,-0.00871379097782,0.00848185657196,-0.999926061244,0.0,0.659130921724,0.257505787657,0.303289857939,1.0,-0.01024,-0.0134582857143,0.513
0.463048579921,0.532975733698,-0.124041759894,-1.37925682991,0.0781770820216,1.90268603061,0.156293871815,-0.0104775898144,-0.0545600168312,-0.00186591182314,-0.0936514487805,-0.00224053653089,0.0410204979076,-0.0139636024301,0.574098030803,0.818772515105,0.00194073126144,0.0,0.818728315138,-0.57403855293,-0.0120180132342,0.0,-0.00872613236248,0.00848861279984,-0.999925896288,0.0,0.65897748748,0.257304778362,0.303274941249,1.0,-0.01054,-0.0138525714286,0.528
0.462914390529,0.531940276163,-0.124035385104,-1.38091163272,0.0780780507818,1.90328924791,0.156085527001,-0.00561107588767,-0.0618392228285,0.000612921864555,-0.0940184980179,-0.00433629682996,0.0382973054463,-0.0142347208799,0.57409646765,0.818773640528,0.00192829175384,0.0,0.818729197875,-0.574036965441,-0.012033692538,0.0,-0.00874612789152,0.00848741254871,-0.99992573178,0.0,0.658777899307,0.257062143205,0.303269358315,1.0,-0.0109,-0.0143257142857,0.546
0.462776899654,0.530925518866,-0.124042616411,-1.38253662952,0.0779858270798,1.90386769651,0.155873716941,-0.0137087532681,-0.0623841786371,-0.00113662982772,-0.10393492983,-0.00762096231386,0.0310782227594,-0.0160755150236,0.574104302255,0.818768207043,0.00190267403033,0.0,0.818723350905,-0.574044833641,-0.0120561417663,0.0,-0.00877913440616,0.00847940976931,-0.99992551043,0.0,0.658582882272,0.256812141414,0.303261442322,1.0,-0.01124,-0.0147725714286,0.563
0.462664083477,0.530011481574,-0.124042619334,-1.38397568959,0.0778874962307,1.90438142728,0.155681158669,-0.00756287002036,-0.0638552725286,-0.000623327445479,-0.0974442070558,-0.00573368366753,0.0328298857864,-0.0175347930735,0.574090605474,0.818777846735,0.00188714154166,0.0,0.818732841612,-0.574031258263,-0.0120580057904,0.0,-0.00878971901267,0.00846761562981,-0.999925517389,0.0,0.658407658941,0.256598002675,0.303264960886,1.0,-0.01154,-0.0151668571429,0.578
0.462513776742,0.528823597273,-0.124041201053,-1.38584682276,0.0777769756216,1.90509386908,0.155428646464,-0.0071620188844,-0.0626525328334,0.000831400786283,-0.101509379209,-0.00696534882728,0.0377548296325,-0.0146212171222,0.574077822253,0.818786751152,0.00191233826131,0.0,0.818742042209,-0.574018335217,-0.0120484877151,0.0,-0.00876759369075,0.00848264463957,-0.999925584252,0.0,0.658187810446,0.256323820441,0.303272687866,1.0,-0.01192,-0.0156662857143,0.597
0.462385607379,0.527782976492,-0.124041856947,-1.38744963445,0.0776767946591,1.90572067265,0.155202913603,-0.0072509794965,-0.068115404364,0.000439601807056,-0.0982732543156,-0.0012862879177,0.0391132616035,-0.0142922692005,0.574058361768,0.818800272398,0.00196420629642,0.0,0.818756298706,-0.573998710306,-0.0120146076338,0.0,-0.00871027982228,0.00850545600909,-0.999925891376,0.0,0.658003503841,0.256088810405,0.303296769514,1.0,-0.01224,-0.0160868571429,0.613
0.46224758356,0.526683546255,-0.124043848262,-1.38913070458,0.0775655291117,1.90635997692,0.154971723595,-0.0112015859437,-0.0724447505488,-0.000833817338301,-0.105309990448,-0.0081443500589,0.0390372254744,-0.0166345451841,0.574044327645,0.818810007154,0.00200723294023,0.0,0.818766693246,-0.573984591989,-0.0119806966196,0.0,-0.00865796019714,0.00852107046976,-0.999926212819,0.0,0.657807871624,0.255837120724,0.303325846613,1.0,-0.01256,-0.0165074285714,0.629
0.462089124379,0.525516178398,-0.124044015099,-1.39096696706,0.0774513442682,1.90701804523,0.154733011768,-0.0121149000186,-0.070417636235,0.000696545583076,-0.105418046799,-0.0082639142925,0.0461787036391,-0.00659997469162,0.574046749012,0.818808335512,0.00199663367286,0.0,0.818764850825,-0.57398702577,-0.0119900042604,0.0,-0.00867164056378,0.00851776043094,-0.999926122475,0.0,0.657585785872,0.255556371464,0.30333017075,1.0,-0.0129,-0.0169542857143,0.646
0.461922434255,0.524260667804,-0.124049863248,-1.39294983569,0.0773230290462,1.90771786056,0.154458792426,-0.0102884656624,-0.0689490612315,0.00113676880366,-0.110480633899,-0.0073901420828,0.0393959091474,-0.011724832564,0.574034565962,0.818816945581,0.001968149371,0.0,0.8187731082,-0.573974983554,-0.0120026015653,0.0,-0.00869843252162,0.00850153963881,-0.999926027812,0.0,0.657343450593,0.255251264806,0.303330180313,1.0,-0.01326,-0.0174274285714,0.664
0.461777497118,0.523205088769,-0.124061605438,-1.3946473588,0.0772319759443,1.90836015169,0.154225537542,-0.0043009664424,-0.0692926115837,-0.000615089960181,-0.116662019193,-0.0054543946978,0.0422956484879,-0.0145370890761,0.574037267109,0.818815046231,0.00197051682068,0.0,0.81877117711,-0.573977613063,-0.0120085860201,0.0,-0.00870194591542,0.00850694206262,-0.999925951295,0.0,0.657144640828,0.254990367116,0.303320391961,1.0,-0.01356,-0.0178217142857,0.679
0.461602101678,0.521897372276,-0.12405965979,-1.39672031713,0.0770933050212,1.90917334936,0.15394184086,-0.00837009628324,-0.0734587867747,0.000213939114935,-0.110933664942,-0.0098017390307,0.0465831011614,-0.0177892835456,0.574020958879,0.818826403046,0.00200183514869,0.0,0.818783079821,-0.573961308935,-0.0119762659222,0.0,-0.00865767351179,0.00851386031496,-0.999926276718,0.0,0.656904834349,0.254680121647,0.303323136372,1.0,-0.01392,-0.0182948571429,0.697
0.461435572232,0.520641253255,-0.124068186767,-1.39874360506,0.0769650869644,1.90991976265,0.153682674194,-0.0109679546385,-0.0816911885015,-0.000604175171277,-0.121947078095,-0.00695152600196,0.0460903778794,-0.0207035641081,0.574024507139,0.818823974211,0.00197771659267,0.0,0.818780384773,-0.573965005882,-0.0119833398818,0.0,-0.00867727293495,0.00849820993909,-0.999926239961,0.0,0.656660852367,0.254372050072,0.303307476473,1.0,-0.01426,-0.0187417142857,0.714
0.461288100077,0.519466953523,-0.124066183371,-1.40055726421,0.0768560284601,1.91057194272,0.153426309635,-0.00916432737947,-0.0816663648325,0.000246178936449,-0.118019819013,-0.00848744178668,0.0478362615817,-0.0227241755318,0.574000843919,0.818840530772,0.00199079029711,0.0,0.818797033526,-0.573941213584,-0.0119853301596,0.0,-0.0086716444663,0.00850980665606,-0.999926190163,0.0,0.656436481001,0.254103192965,0.30332524523,1.0,-0.01456,-0.019136,0.729
0.461096815196,0.518051490519,-0.124074745563,-1.40278295443,0.0767084811267,1.91137000497,0.153118872571,-0.010243449473,-0.0776365809916,-7.81881749226e-05,-0.128213808379,-0.00821267372212,0.0481052420344,-0.020433046969,0.573989837113,0.81884829117,0.00197226762462,0.0,0.818804627485,-0.57393036011,-0.0119862694626,0.0,-0.00868315917664,0.00849506227038,-0.99992621561,0.0,0.656165086108,0.253757434844,0.30332880758,1.0,-0.01492,-0.0196091428571,0.747
0.460933010764,0.516760801579,-0.124075515453,-1.40479985606,0.0765759594017,1.91210276631,0.152853797856,-0.0123731720079,-0.0736249542971,-0.000393912093708,-0.123302831172,-0.00555585253436,0.039970127431,-0.0126853311107,0.573972067655,0.818860765198,0.00196460495909,0.0,0.81881703952,-0.573912662422,-0.0119857667453,0.0,-0.00868732972385,0.00848831076392,-0.999926236721,0.0,0.655901540672,0.253435118369,0.303329921776,1.0,-0.01526,-0.020056,0.764
0.460748094721,0.51538647311,-0.124084968095,-1.40698110096,0.0764433649337,1.91293265496,0.152547514794,-0.011942606419,-0.0880104149888,-0.000410639411966,-0.129914152559,-0.0022263759392,0.0422416930541,-0.0226378330905,0.573965051129,0.818865626677,0.00198807195064,0.0,0.818822240433,-0.573905580415,-0.0119695548312,0.0,-0.00866065817569,0.00849814729514,-0.999926384537,0.0,0.655657039106,0.253122693606,0.303335705597,1.0,-0.01558,-0.0204765714286,0.78
0.460547126275,0.513910668461,-0.124090018068,-1.40936331283,0.0763020899742,1.9137643304,0.152230698988,-0.0105111141975,-0.0811008511901,-0.00039281929151,-0.131055045213,-0.00636356506779,0.0417765946463,-0.0235919749985,0.573960714008,0.81886881519,0.00192592473426,0.0,0.818824483195,-0.573901376255,-0.0120176101565,0.0,-0.00873572352446,0.00847479359734,-0.999925929761,0.0,0.655355529649,0.252758335026,0.303308630781,1.0,-0.01594,-0.0209497142857,0.798
0.460353960499,0.512493936062,-0.124088050728,-1.41163608915,0.0761676495605,1.91457360087,0.151901234111,-0.00653901225767,-0.085827674902,-0.000475857534636,-0.129808104905,-0.00806662630825,0.0488802493796,-0.0211780308887,0.573930447827,0.81889011398,0.00188922864365,0.0,0.818845156707,-0.573871131327,-0.0120532513772,0.0,-0.00878628377824,0.00846487666056,-0.99992557077,0.0,0.655069151982,0.252415036568,0.303289601069,1.0,-0.01628,-0.0213965714286,0.815
0.460168922008,0.511133642559,-0.124088629162,-1.41379262909,0.0760307460614,1.91539894291,0.151594681548,-0.0117288791043,-0.0809886423855,0.000374720995199,-0.132015486034,-0.00657016843189,0.0416312697229,-0.0189874564941,0.573907278046,0.818906306442,0.00190902472487,0.0,0.818861654249,-0.573847923384,-0.0120373970962,0.0,-0.0087621792203,0.00847174005372,-0.999925724159,0.0,0.654810016171,0.252089336655,0.303287367589,1.0,-0.0166,-0.0218171428571,0.831
0.45996023436,0.509643692839,-0.124096878684,-1.41615314189,0.0758818390093,1.91628736018,0.151265731575,-0.0124943583858,-0.0925954180641,-0.00108829035763,-0.141067391895,-0.00421802009771,0.0485639087547,-0.0104466208647,0.573897558058,0.818913096872,0.00191820973588,0.0,0.818868621093,-0.573838219603,-0.0120260555733,0.0,-0.00874772077373,0.0084726488127,-0.999925843052,0.0,0.654525693644,0.251723595382,0.30328408072,1.0,-0.01694,-0.022264,0.848
0.459751624968,0.508137539927,-0.124097875251,-1.41851753506,0.0757284586452,1.91712572605,0.150943495232,-0.00897166700187,-0.088443292926,-0.000587483761977,-0.146116584886,-0.00803314410028,0.0537034980633,-0.0201555748405,0.57388991232,0.818918499154,0.00189925830982,0.0,0.818873786694,-0.573830667078,-0.0120346951581,0.0,-0.00876575060159,0.00846200591297,-0.999925775282,0.0,0.65421277979,0.251329093674,0.303288593407,1.0,-0.0173,-0.0227371428571,0.866
0.459546279101,0.506702069886,-0.124107507822,-1.42079224371,0.0755882790839,1.91795653314,0.150626173328,-0.0132637867521,-0.0862421992517,-0.00199251844319,-0.143537548084,-0.00913877613427,0.0607486692379,-0.0169606713008,0.573889139569,0.81891903454,0.00190190789094,0.0,0.818874342868,-0.57382986962,-0.0120348753809,0.0,-0.00876438571226,0.00846427081501,-0.999925768076,0.0,0.653968695504,0.251023325291,0.303289533506,1.0,-0.01758,-0.0231051428571,0.88
0.459329677154,0.505085886031,-0.12411695095,-1.42325302585,0.0754342769325,1.91891376271,0.150290934163,-0.0117458860889,-0.0947369926521,-0.000399056128978,-0.14480632781,-0.00918064211272,0.0600539655229,-0.0201093165216,0.573876447976,0.81892774936,0.00197754588718,0.0,0.818884126594,-0.573816935406,-0.0119857730342,0.0,-0.00868089994886,0.0084978974026,-0.999926211136,0.0,0.653657173213,0.250622924792,0.303320278612,1.0,-0.01794,-0.0235782857143,0.898
0.459101018854,0.503431816015,-0.124125230094,-1.42574537091,0.0752736254384,1.9198466842,0.149944619547,-0.0109899018362,-0.0928579750048,0.000181841142868,-0.14603979918,-0.00332732878372,0.054800342558,-0.0198078821778,0.573870630609,0.818931641261,0.00205260003357,0.0,0.818889084319,-0.573810890967,-0.0119363265602,0.0,-0.00859739677303,0.00853092325893,-0.999926651369,0.0,0.653356131322,0.250232104279,0.30337052681,1.0,-0.01828,-0.0240251428571,0.915
0.458879767749,0.501817333882,-0.124128715775,-1.42811340491,0.0751168643677,1.92071774067,0.149616787971,-0.0149489943024,-0.0929621373228,0.000660753415056,-0.151714739963,-0.005217475134,0.0573448284171,-0.0198863124996,0.573858913863,0.818939647434,0.00213254366877,0.0,0.818898195671,-0.573798913268,-0.0118869323579,0.0,-0.00851119282145,0.00856792321369,-0.999927072485,0.0,0.653046480244,0.249837172592,0.303435421477,1.0,-0.01862,-0.024472,0.932
0.458629534797,0.500021350689,-0.124126395462,-1.43087950317,0.0749435087769,1.92168210398,0.149237173948,-0.0151593848544,-0.0910240274226,0.00061238985717,-0.154461501944,-0.0139331475146,0.0519094711399,-0.0237001314421,0.573850667535,0.818945393999,0.00214474215718,0.0,0.818904002343,-0.573790519333,-0.0118920886226,0.0,-0.00850850230135,0.00858078613771,-0.999926985083,0.0,0.652711849009,0.249430804796,0.303466233433,1.0,-0.01896,-0.0249188571429,0.949
0.458364139432,0.498232886328,-0.12413195133,-1.43366087446,0.0747676380623,1.92272995879,0.148814903316,-0.0140747014385,-0.105357320662,-0.00160712762863,-0.158086874301,-0.0120298255717,0.0625242302087,-0.0236600703059,0.573820113181,0.818966691542,0.00218695107911,0.0,0.818925889263,-0.573759840206,-0.0118650985184,0.0,-0.00846249870608,0.00859954859993,-0.999927214291,0.0,0.652373479028,0.248990744533,0.303480662946,1.0,-0.01932,-0.025392,0.967
0.458129112731,0.496762626414,-0.124128797883,-1.43601130847,0.0746277938748,1.92355891339,0.148473218956,-0.0147981557495,-0.0917837735115,-0.00176088082923,-0.162551391383,-0.00545183621342,0.0495839428952,-0.0204489267705,0.573811063702,0.818973131025,0.00214958915758,0.0,0.818931676878,-0.573750774171,-0.0119039759993,0.0,-0.0085158720094,0.00859116519041,-0.999926833226,0.0,0.652055773372,0.248587711745,0.303461172963,1.0,-0.01964,-0.0258125714286,0.983
0.457849879238,0.494982255218,-0.124124406303,-1.43891032315,0.0744485384814,1.92455492722,0.148055050007,-0.0153739115899,-0.0994115544818,0.00125226990704,-0.163920412579,-0.0124250297483,0.0543178685002,-0.0249727731327,0.573792152392,0.818986647545,0.00204545795296,0.0,0.818943622318,-0.573732080497,-0.0119829117499,0.0,-0.00864046623067,0.00855098010302,-0.999926108811,0.0,0.651695850504,0.248152762304,0.30340541615,1.0,-0.01998,-0.0262594285714,1.0
0.457574875003,0.493165000143,-0.124159971532,-1.44178289444,0.0742640324643,1.92561489969,0.147660007239,-0.0176207559431,-0.115354285519,-0.0026267001116,-0.17761364953,-0.0114102999247,0.0659149125166,-0.027891885768,0.573813851657,0.818971466821,0.00203643818752,0.0,0.818928487445,-0.573753976533,-0.0119688664586,0.0,-0.00863391184127,0.00853576294713,-0.999926295442,0.0,0.65134413934,0.247678323116,0.303396456757,1.0,-0.0236371428571,-0.0310659591837,1.017
0.457296752018,0.491173682829,-0.124190249796,-1.44494217606,0.0740746366854,1.92678079995,0.147209720193,-0.0152558937694,-0.13119849112,-0.000182210838266,-0.212158971759,-0.00865564689673,0.0732359912242,-0.0305780681395,0.573801745912,0.818979964398,0.00203007510467,0.0,0.818936910795,-0.573741907567,-0.0119710710024,0.0,-0.00863949447734,0.00853168913796,-0.999926281991,0.0,0.650946766942,0.247179768353,0.303380416198,1.0,-0.0272942857143,-0.0358724897959,1.033
0.456911786277,0.488745174931,-0.124193764088,-1.44885223964,0.0738504636578,1.92816677337,0.146650913387,-0.0251156564723,-0.149894478033,-0.00176245299281,-0.242855856215,-0.0108748469234,0.0893625113868,-0.0308696789856,0.573796064658,0.818984119159,0.00195848154994,0.0,0.818939792079,-0.573736198826,-0.0120473236553,0.0,-0.00874308332357,0.00851674935019,-0.999925508963,0.0,0.650442093784,0.246553782275,0.303328373048,1.0,-0.03118,-0.0409794285714,1.05
0.456465365894,0.485897827648,-0.124231336205,-1.45320377198,0.0735799477754,1.92984148815,0.146001111972,-0.0241737821242,-0.179564367295,-0.002875397473,-0.26632864445,-0.0128357453806,0.101226992386,-0.0423652086797,0.573799223357,0.818981573266,0.00209304239331,0.0,0.818939201044,-0.573738984689,-0.011954469554,0.0,-0.00858979564547,0.00857370488147,-0.999926350786,0.0,0.649920698398,0.245833277669,0.303381415808,1.0,-0.0350657142857,-0.0460863673469,1.067
0.455959938157,0.482761921651,-0.124279530203,-1.45805805438,0.0732738888991,1.93154693299,0.145256144649,-0.028248314911,-0.199032909692,-0.00396557776308,-0.297789855426,-0.0173786969752,0.102409007785,-0.0389587437992,0.573793057214,0.818985941948,0.00207395392738,0.0,0.818943337263,-0.573732914787,-0.0119624304657,0.0,-0.00860733246887,0.00856257515535,-0.999926295351,0.0,0.649304840949,0.245009619999,0.303396488876,1.0,-0.0389514285714,-0.0511933061224,1.084
0.455401548393,0.479294055703,-0.12434517588,-1.46349865006,0.072945086753,1.93347062793,0.144447126777,-0.0333571429948,-0.209864743834,-0.00728203364286,-0.332734175773,-0.0208110391018,0.117681475824,-0.0491014270828,0.573811628747,0.818973047876,0.0020269359369,0.0,0.81892977167,-0.573751623068,-0.0119937900825,0.0,-0.00865979976379,0.00854225887104,-0.999926016104,0.0,0.64861069612,0.24408794635,0.303379814949,1.0,-0.0428371428571,-0.056300244898,1.101
0.454848859838,0.475937870335,-0.124377460943,-1.46858992379,0.0726412444962,1.93534791046,0.143723504917,-0.0361667821298,-0.223555484793,-0.00231941320936,-0.343014680686,-0.025285641988,0.130655502737,-0.0428997155057,0.573859555047,0.818939150945,0.00215058867283,0.0,0.818897409298,-0.573798952313,-0.0119391067963,0.0,-0.00854356094553,0.00861264782661,-0.999926412224,0.0,0.64797543398,0.243230711532,0.303443955524,1.0,-0.0462657142857,-0.0608063673469,1.116
0.45407391207,0.471393389535,-0.124417505696,-1.47562012215,0.0722131476596,1.9378587604,0.142671462543,-0.039224279926,-0.244434675509,-0.00209836467762,-0.379512737122,-0.0204717191958,0.130189123178,-0.061515772551,0.57388288396,0.818922738428,0.00217505952643,0.0,0.818881096117,-0.573821956386,-0.0119523927359,0.0,-0.00854015370172,0.00864055510006,-0.999926200568,0.0,0.647074229548,0.242035309216,0.303459159324,1.0,-0.0506085714286,-0.066514122449,1.135
0.45342809061,0.467453737661,-0.124434401414,-1.48150906222,0.0718488919437,1.94008353989,0.141716470453,-0.0427804524059,-0.264550579521,-0.000935125198367,-0.404681475374,-0.0152145570686,0.15227692238,-0.066779054251,0.573823313443,0.818963820247,0.00241101168076,0.0,0.818925260927,-0.573761469999,-0.0118296010299,0.0,-0.00830482953903,0.00876270793875,-0.999927119722,0.0,0.646336264299,0.241055593859,0.303569477176,1.0,-0.0540371428571,-0.071020244898,1.15
0.452632537799,0.462768210395,-0.124439899063,-1.48873680934,0.0713692565151,1.94259405009,0.140617452092,-0.0493277128569,-0.275748509682,0.000786278376559,-0.430739900052,-0.0306358640115,0.148309036287,-0.0699685081668,0.573786808899,0.818989491508,0.00237857807385,0.0,0.818950336309,-0.573724912379,-0.0118666961251,0.0,-0.0083542107728,0.00875705961583,-0.999926757852,0.0,0.645372982981,0.23984028517,0.303577571554,1.0,-0.0579228571429,-0.0761271836735,1.167
0.451830771349,0.458068776618,-0.12445864535,-1.49596123292,0.0708844644899,1.94508304191,0.139543447488,-0.0505320690115,-0.294571411838,0.00228281459975,-0.465091563212,-0.0258982268893,0.16033307338,-0.0667288022824,0.573779721098,0.818994572259,0.00233862524495,0.0,0.81895478091,-0.573717861056,-0.0119008248271,0.0,-0.0084051616909,0.00874384862145,-0.999926446479,0.0,0.644401985122,0.238613060499,0.303590105276,1.0,-0.06158,-0.0809337142857,1.183
0.450844497663,0.452524308487,-0.124493843257,-1.5044627756,0.0703012586004,1.94815642321,0.138178650821,-0.0621988318042,-0.324892714871,-0.00149129287656,-0.471670228352,-0.0354745246997,0.176536490466,-0.0751710762324,0.573725390899,0.819032420787,0.00241172939921,0.0,0.818993819008,-0.57366350248,-0.011834578563,0.0,-0.00830954237967,0.0087651584397,-0.999927059091,0.0,0.643290528784,0.237143075697,0.303620822859,1.0,-0.0656942857143,-0.0863410612245,1.201
0.449904778241,0.447252765698,-0.124533593889,-1.51234706426,0.0697711724212,1.95109828492,0.136971779414,-0.0589399572975,-0.330246723197,-0.00323478559035,-0.506079392988,-0.030076500605,0.176996112629,-0.0685891499466,0.57374765507,0.819016021846,0.00267042380151,0.0,0.81898111259,-0.573685175551,-0.0116620527937,0.0,-0.00801957994005,0.008878273034,-0.999928428742,0.0,0.642276988633,0.23577070407,0.303739243662,1.0,-0.0693514285714,-0.0911475918367,1.217
0.44892404857,0.441808025494,-0.124566888796,-1.52082888627,0.0691967150431,1.9539230581,0.135658686023,-0.0589839426274,-0.355610621209,0.000185822979923,-0.539055221051,-0.0370198546881,0.180438317449,-0.0897810195352,0.573715463926,0.8190392185,0.00246412505034,0.0,0.819001341724,-0.573653423827,-0.0118024779803,0.0,-0.00825329747107,0.00878955507854,-0.999927310759,0.0,0.641012457266,0.234198101952,0.303671150457,1.0,-0.0732371428571,-0.0962545306122,1.234
0.447715926406,0.435359850917,-0.124593156376,-1.53072252503,0.0685288167336,1.95733142632,0.134059733713,-0.0643531347277,-0.380063052373,-0.000900497518923,-0.544065394248,-0.0419202577751,0.203004602709,-0.084929221388,0.57366922343,0.819071673711,0.00244178501984,0.0,0.819033257978,-0.57360701025,-0.0118434378416,0.0,-0.00830015925433,0.00879428824673,-0.999926881252,0.0,0.639728777677,0.232554997495,0.303667799045,1.0,-0.0771228571429,-0.101361469388,1.251
0.446320509213,0.428221422073,-0.124630880343,-1.541513042,0.0677624582758,1.96122316697,0.132317157113,-0.0757422904592,-0.371861664362,-0.00552889188646,-0.583258227087,-0.0445637284498,0.1966804133,-0.0947460889507,0.573666232042,0.819073255168,0.00260840658832,0.0,0.819037395452,-0.573603821828,-0.0117109921035,0.0,-0.00809612431104,0.00885475373333,-0.999928020463,0.0,0.638282822248,0.230611283646,0.303734674094,1.0,-0.0814657142857,-0.10706922449,1.27
0.445220507862,0.422766495575,-0.124718308784,-1.54992681056,0.0671583751614,1.9639949513,0.130902936796,-0.0865899587123,-0.394036901254,-0.0104115337698,-0.61446904106,-0.0470286868588,0.197464121777,-0.0943062219341,0.573661727359,0.819076989927,0.00241951153705,0.0,0.819038745728,-0.5736000881,-0.0117991029106,0.0,-0.0082767010172,0.0087505359265,-0.99992745954,0.0,0.637100374903,0.229038088697,0.30368213683,1.0,-0.0846657142857,-0.111274938776,1.284
0.443651405583,0.414997082257,-0.124832439277,-1.56157178962,0.0663313934296,1.96808092916,0.1290445422,-0.0831873252445,-0.412538551128,-0.00462426295089,-0.609291393509,-0.0416744961434,0.224315292535,-0.0990575304273,0.573764834973,0.819004354426,0.00255508909246,0.0,0.818968321162,-0.573703167512,-0.0116752482448,0.0,-0.00809637232616,0.00879155317157,-0.999928576123,0.0,0.635507292929,0.226859758778,0.303766513439,1.0,-0.0890085714286,-0.116982693878,1.303
0.442133930785,0.407829124223,-0.124853190216,-1.572430048,0.065593173547,1.97177828915,0.127197496564,-0.0900369923333,-0.428073135938,-0.00113695524452,-0.645116795564,-0.0495090791224,0.213611541293,-0.107120646356,0.573748503774,0.819015765212,0.00256469357857,0.0,0.818979417626,-0.573686327306,-0.011724259822,0.0,-0.00813118054036,0.00882737773849,-0.999927978059,0.0,0.633967349582,0.224847253372,0.303768557931,1.0,-0.0928942857143,-0.122089632653,1.32
0.440808543066,0.401812307563,-0.124937157318,-1.5817050162,0.0649504922157,1.9748402626,0.125651765525,-0.0990036946678,-0.441434671684,-0.0130896802283,-0.664253959234,-0.0414818259006,0.22461583677,-0.109589785437,0.573814102877,0.818970279432,0.00240907596016,0.0,0.81893168942,-0.573752262195,-0.0118311703047,0.0,-0.00830732401025,0.00876192971468,-0.999927105821,0.0,0.632544462124,0.222941288038,0.303696287609,1.0,-0.0963228571428,-0.126595755102,1.335
0.439045311441,0.393662142652,-0.125005054514,-1.59371013227,0.064038271934,1.97912566588,0.123590923688,-0.0977470814248,-0.446097330214,0.000383955156996,-0.679617081133,-0.0530653157946,0.234176406413,-0.115740233802,0.573843568829,0.818948755061,0.00269109623066,0.0,0.818914578783,-0.573781522486,-0.0115941369731,0.0,-0.00795105583017,0.00885716940226,-0.999929163122,0.0,0.630964429507,0.220772308755,0.303826913094,1.0,-0.100208571429,-0.131702693878,1.352
0.437274866173,0.385832058503,-0.125041299362,-1.60570376622,0.0631454330069,1.98294113362,0.121523451546,-0.106173645858,-0.462549139566,-0.00129715703089,-0.708509356158,-0.0552279759545,0.229411006037,-0.12918119738,0.573829698082,0.818959438905,0.00237948093254,0.0,0.81892078005,-0.573768301172,-0.0118084492547,0.0,-0.00830553015082,0.00872481323171,-0.999927445269,0.0,0.629267098739,0.218613599973,0.303700064997,1.0,-0.103865714286,-0.13650922449,1.368
0.435549224902,0.378121538596,-0.12509762156,-1.61701790298,0.0623220702515,1.98681051091,0.119489885569,-0.111665041621,-0.480160047242,-0.00824464346797,-0.705582263388,-0.052158332049,0.238247278976,-0.125224624519,0.573813445683,0.818970210429,0.00258280547746,0.0,0.818934255449,-0.573751367203,-0.0116961867809,0.0,-0.00809709626941,0.00882674706097,-0.999928260211,0.0,0.627517229043,0.216284753686,0.303815995489,1.0,-0.107751428571,-0.141616163265,1.385
0.43381131262,0.370792778984,-0.125137434194,-1.62803343378,0.0614750073294,1.99042999858,0.117524149011,-0.118626729428,-0.49715031062,-0.000954847984024,-0.734373345148,-0.0546484541863,0.232368925642,-0.122822415971,0.573816474125,0.818968367132,0.0024929021854,0.0,0.818931245314,-0.573754721354,-0.0117423197765,0.0,-0.00818643166913,0.00877962105824,-0.9999279477,0.0,0.625869584075,0.214116840023,0.303778198193,1.0,-0.11118,-0.146122285714,1.4
