position_joint1,position_joint2,position_joint3,position_joint4,position_joint5,position_joint6,position_joint7,velocity_joint1,velocity_joint2,velocity_joint3,velocity_joint4,velocity_joint5,velocity_joint6,velocity_joint7,ee_T_00,ee_T_10,ee_T_20,ee_T_30,ee_T_01,ee_T_11,ee_T_21,ee_T_31,ee_T_02,ee_T_12,ee_T_22,ee_T_32,ee_T_03,ee_T_13,ee_T_23,ee_T_33,v_x,v_y,time
0.465094703803,0.54773605258,-0.124008081567,-1.3558280416,0.0795382965097,1.89410972882,0.159159701059,0.000147066841351,0.00198744680608,-0.000103250268691,-0.00015052560109,-0.000287304251392,0.000277470046045,0.000296987392465,0.57381248363,0.818972486355,0.00201174691247,0.0,0.818929910928,-0.573753427669,-0.0118975681378,0.0,-0.00858969965109,0.00847461600476,-0.999927196322,0.0,0.661678108449,0.260901087424,0.3032502288,1.0,0.0,0.0,0.0
0.465094624501,0.54772817952,-0.124006649359,-1.35582876274,0.0795389068673,1.89410889894,0.159154919972,0.0012033939012,-0.000156782266763,0.00592669566596,0.00354029505817,8.3941386624e-05,-0.000332373709704,-0.000758331273827,0.57380781368,0.818975742558,0.00201815826496,0.0,0.818933235977,-0.573748717551,-0.0118958405232,0.0,-0.00858465439071,0.00847882636484,-0.999927203957,0.0,0.661677644222,0.260901925497,0.303255344549,1.0,-0.00018,-0.000236571428571,0.01
0.465088624894,0.547729607438,-0.124003510612,-1.35582946675,0.079539614563,1.89410850328,0.15916204074,-0.00323521483824,-0.000600850657542,-7.7654505477e-05,-0.000298177270061,0.000276962663168,-0.000419294016889,0.00082825864937,0.573816591377,0.818969595124,0.0020170829168,0.0,0.818927051692,-0.57375747601,-0.0118991441039,0.0,-0.0085878861693,0.00847993334109,-0.999927166819,0.0,0.661678170479,0.260899757153,0.30325386094,1.0,-0.00046,-0.000604571428571,0.024
0.465085117775,0.547723782835,-0.124001743164,-1.35584187596,0.0795389068673,1.89411196879,0.159161673392,-0.00286703482057,0.000544951053662,0.000738315111373,-0.00099072412306,-0.000139401443871,-0.000214951622197,-0.000950717614382,0.573817318259,0.818969096458,0.00201276298431,0.0,0.818926475615,-0.573758199666,-0.0119038966091,0.0,-0.00859424964996,0.00847913017556,-0.999927118956,0.0,0.66167534205,0.260897144718,0.303253024712,1.0,-0.0008,-0.00105142857143,0.041
0.46508960905,0.547655592368,-0.124005923199,-1.35590624093,0.0795363710951,1.89411958485,0.159159187447,0.00079283669763,-0.00368246961105,-0.000148811806411,-0.00911357131075,6.17926688278e-05,-8.79223589171e-05,-0.000138273775114,0.573818412991,0.818968297658,0.00202564662897,0.0,0.818925843613,-0.573759240426,-0.0118972093048,0.0,-0.00858136899794,0.00848585551578,-0.999927172529,0.0,0.661665217807,0.260891099128,0.303270788465,1.0,-0.00112,-0.001472,0.057
0.465083922304,0.547523049557,-0.124001342505,-1.35607382734,0.0795367605147,1.89414586326,0.159153275305,-0.000128399076943,-0.00540901253129,0.000551873612303,-0.00807573216608,0.000241305814848,0.00193881827359,-0.000345732065794,0.573824229206,0.818964218987,0.00202704127156,0.0,0.818921617598,-0.573764886551,-0.0119157917409,0.0,-0.00859572746591,0.00849772153564,-0.999926948431,0.0,0.661635949152,0.260873680239,0.30328704645,1.0,-0.00146,-0.00191885714286,0.074
0.46507233328,0.547383892007,-0.12400412949,-1.35626986533,0.0795333683026,1.89420035497,0.159146447104,-0.000450156595167,-0.0110198457574,-0.000106093637317,-0.00951911918139,0.000488070243825,0.00568786837921,-0.000769433367579,0.573840011854,0.8189531535,0.00202979528538,0.0,0.818910502128,-0.573780570998,-0.011924460142,0.0,-0.0086010827367,0.00850511677546,-0.999926839506,0.0,0.661609398103,0.260846105968,0.303297131822,1.0,-0.0018,-0.00236571428571,0.091
0.465052386469,0.547202059452,-0.124004156712,-1.35648849712,0.0795275741435,1.89432820301,0.159140474042,0.00011686425946,-0.0120933838319,-0.000785926838418,-0.0124061235525,0.000389295235589,0.00242872895333,-0.000645136664494,0.573862436436,0.818937236691,0.00211028668033,0.0,0.818895636345,-0.573802667024,-0.0118820449558,0.0,-0.00851992497192,0.00854692837698,-0.999927177795,0.0,0.661595108768,0.260817087314,0.303332962766,1.0,-0.00214,-0.00281257142857,0.108
0.465034968983,0.547012275735,-0.12400145949,-1.35671546327,0.079524224136,1.8944521384,0.159124575022,0.000927402999348,-0.0123639518607,-0.00109947103431,-0.013023830095,-0.000232336304219,0.00331639652084,-0.00115996358941,0.573873809923,0.818929057728,0.00218988444191,0.0,0.818888446454,-0.573813674044,-0.0118459548076,0.0,-0.00844457355533,0.00859151969953,-0.999927434851,0.0,0.66157690457,0.260790562285,0.30337002671,1.0,-0.00246,-0.00323314285714,0.124
0.465000495636,0.546788122111,-0.124006255445,-1.35705237543,0.0795197627615,1.894578231,0.159109394705,-0.00166804297393,-0.0171442514835,-0.000467662765122,-0.0224535640749,-0.00140835530104,0.00279933989216,-0.000844226866233,0.573910639667,0.818903197659,0.00220849310222,0.0,0.818862714922,-0.573850310028,-0.0118500081125,0.0,-0.00843682751925,0.00860946415232,-0.999927345895,0.0,0.661541029055,0.260735769517,0.303379525014,1.0,-0.0028,-0.00368,0.141
0.464965443706,0.546524534299,-0.124001044746,-1.35743961589,0.0795093732547,1.89471967048,0.15902917708,-0.000755804708323,-0.0126830150294,0.00147225896021,-0.0210033994455,-0.00130877971856,0.0088156030482,-0.00962975988832,0.573888893495,0.818918371707,0.0022327795371,0.0,0.818878057901,-0.573828320446,-0.0118546127454,0.0,-0.00842689027875,0.00863177095068,-0.999927237378,0.0,0.66149587175,0.260681012726,0.303393974126,1.0,-0.00314,-0.00412685714286,0.158
0.464924200438,0.546232696678,-0.124003796451,-1.35788730034,0.079491919533,1.89488501898,0.158940267171,-0.00368125239748,-0.0163734727402,0.000853228470272,-0.0276208818937,0.000453404461287,0.0128822797387,0.000526927877643,0.57387219591,0.818930037386,0.00224578047656,0.0,0.818889816262,-0.573811495314,-0.0118567942172,0.0,-0.00842139241611,0.00864349770984,-0.999927182397,0.0,0.661446165152,0.260611225637,0.303401968696,1.0,-0.00348,-0.00457371428571,0.175
0.464877133255,0.545949865748,-0.124005192444,-1.35835999312,0.079467010145,1.89505064634,0.158919414092,-0.00181857946306,-0.0209695685911,-0.00108168957662,-0.0322688565569,4.06847968737e-05,0.0148820877779,0.00159399948172,0.573915635648,0.818899656016,0.00222338425628,0.0,0.818859071221,-0.573854944268,-0.0118773448156,0.0,-0.00845061623592,0.00863739856338,-0.99992698855,0.0,0.661386440379,0.260531096087,0.303390468008,1.0,-0.00382,-0.00502057142857,0.192
0.464816483766,0.545594798042,-0.124002002384,-1.35897161137,0.0794112919064,1.89525165266,0.158832637325,-0.00762259476525,-0.0212881435536,0.0024151659251,-0.0354010800644,-0.00115188776739,0.00528725729207,-0.00918889006982,0.573910113082,0.818903672728,0.00216882388613,0.0,0.81886251595,-0.573849781071,-0.0118893076829,0.0,-0.00849178210859,0.00859952806837,-0.99992696621,0.0,0.661319290445,0.26043249986,0.303369154141,1.0,-0.00416,-0.00546742857143,0.209
0.464758848865,0.545237024338,-0.124007344979,-1.35960625677,0.079370694917,1.89546107923,0.158729707017,-0.00605747709292,-0.0212928039338,-0.000962355240013,-0.0376359074104,-0.00467153878396,0.0150034051142,-0.00133765771431,0.573901346791,0.818909974032,0.00210843139903,0.0,0.818868029364,-0.57384125911,-0.0119208527066,0.0,-0.00855236491118,0.0085680854502,-0.999926719798,0.0,0.661243176203,0.260328285774,0.303338650239,1.0,-0.00448,-0.005888,0.225
0.464696785551,0.544811411995,-0.124007703897,-1.36030233064,0.0793466477782,1.89569997881,0.158677550055,-0.00338578507149,-0.0268312700931,-0.000461307949027,-0.041543613257,-0.00130238240842,0.0207282879247,-0.00334723287426,0.573942091981,0.818881462997,0.00209081660736,0.0,0.81883909758,-0.57388188039,-0.0119526790154,0.0,-0.00858811086042,0.0085723530272,-0.999926376848,0.0,0.661159620931,0.26022231845,0.303329320891,1.0,-0.00482,-0.00633485714286,0.242
0.464624329984,0.544367976072,-0.124007721813,-1.36103262557,0.079314414175,1.89595312636,0.15856587262,-0.00405349032415,-0.0277515313058,-0.000282563861686,-0.0435499768646,-0.00163050033877,0.0158284100432,-0.0065777008655,0.573942089086,0.818881521587,0.00206854547297,0.0,0.818838723649,-0.57388182851,-0.0119807537038,0.0,-0.00862388320083,0.00857022894795,-0.999926087176,0.0,0.661074502479,0.260105496072,0.303317489125,1.0,-0.00516,-0.00678171428571,0.259
0.46456119283,0.543903027128,-0.124016109958,-1.36178192659,0.0792791302271,1.89622771174,0.158479125209,-0.00349404366689,-0.0285741938614,-0.00218800917809,-0.0500847918937,-3.71815659008e-05,0.0282167232341,-0.00930216606096,0.573961026136,0.818868262816,0.00206289388195,0.0,0.818825332188,-0.573900728277,-0.0119906776524,0.0,-0.00863505532956,0.00857149644545,-0.999925979895,0.0,0.660989428621,0.259988980517,0.303313921519,1.0,-0.00548,-0.00720228571429,0.275
0.464474795119,0.543351312324,-0.124011637166,-1.36267200521,0.0792313492616,1.89653828484,0.158349192552,-0.00781593480089,-0.0363000121844,-0.00476926250583,-0.0484739187668,-0.00691735217271,0.0182399719063,-0.00666846090673,0.573959009485,0.818869724519,0.00204367277116,0.0,0.81882642784,-0.573898678684,-0.012013932618,0.0,-0.00866515142131,0.00856908312176,-0.999925740225,0.0,0.660885092049,0.259849393694,0.303307363828,1.0,-0.00584,-0.00767542857143,0.293
0.464407012039,0.542841414105,-0.124014123056,-1.36349837695,0.0791789721941,1.89683088366,0.158273221294,-0.00306366077309,-0.0360782381596,0.000848599127538,-0.0514939184178,-0.0097386579562,0.0134440873806,-0.00305185237384,0.573986021648,0.818850847748,0.00202064248952,0.0,0.818807259195,-0.57392579384,-0.0120250719251,0.0,-0.00868720875095,0.00855690467992,-0.999925653129,0.0,0.66078762502,0.25972313551,0.303300142886,1.0,-0.00616,-0.008096,0.309
0.464326744503,0.542240075026,-0.124012272983,-1.36443017995,0.0791272690255,1.89716288326,0.158136509741,-0.00499844865619,-0.0379717154061,0.00177136034222,-0.0567117693606,0.000502206066912,0.0169376542337,-0.00822206544101,0.573976435817,0.818857555256,0.00202539587624,0.0,0.818813950251,-0.573916111611,-0.0120315671809,0.0,-0.00868989966938,0.00856442333772,-0.999925565378,0.0,0.660678211903,0.259582619656,0.303310627074,1.0,-0.0065,-0.00854285714286,0.326
0.464241282192,0.541611667317,-0.124025453482,-1.36538624218,0.0790681224712,1.89751780533,0.158008770103,-0.00393483240119,-0.0448330476953,-0.0017184602906,-0.0596237291651,-0.00346057615153,0.0245676815748,-0.00532278066719,0.57398836094,0.818849148328,0.00204467340961,0.0,0.818805870834,-0.573928028274,-0.0120129576541,0.0,-0.00866347156419,0.00856965345804,-0.999925749893,0.0,0.660573546322,0.2594277968,0.303331091897,1.0,-0.00684,-0.00898971428571,0.343
0.464150291332,0.540951406379,-0.124020534671,-1.36639972161,0.0790130144303,1.89789960476,0.157876838477,-0.00488389533249,-0.0417652614757,-0.000496269432623,-0.0579816892514,-0.000422799936488,0.0220445831353,-0.0119070269161,0.573992941791,0.818845865495,0.0020732191587,0.0,0.818802883164,-0.573932411363,-0.0120071899299,0.0,-0.00864231655068,0.00858976547471,-0.999925760391,0.0,0.660458723036,0.259275900582,0.303348405272,1.0,-0.00718,-0.00943657142857,0.36
0.464066196381,0.540294062756,-0.124023678266,-1.36740241753,0.0789440896287,1.89826440094,0.157749744763,-0.0106588004789,-0.0458607750475,0.000819622869572,-0.0621826959792,0.000156180452743,0.0192661672522,-0.00676499948585,0.573997019686,0.818842977927,0.00208465637317,0.0,0.818800221126,-0.573936516656,-0.0119924823842,0.0,-0.00862366560329,0.00859073164473,-0.999925913116,0.0,0.660343568647,0.259121750267,0.303367452808,1.0,-0.0075,-0.00985714285714,0.376
0.463969270683,0.539558551798,-0.124028888204,-1.36855205948,0.0788810204081,1.89870374942,0.157606710851,-0.00325583023022,-0.0473646375567,-0.000986224159825,-0.0692026978979,-0.00569898803747,0.0317674389768,-0.0082509806673,0.574009808046,0.818833955477,0.00210725558973,0.0,0.818791471942,-0.573949187571,-0.0119834245134,0.0,-0.00860314289786,0.00860417176769,-0.99992597434,0.0,0.66021466175,0.258947520602,0.30337825561,1.0,-0.00784,-0.010304,0.393
0.463868110376,0.538806860492,-0.124030429032,-1.36972363408,0.0788174342235,1.89914768877,0.157463741277,-0.00557036428162,-0.0465424373371,-0.000373363844834,-0.0709584155971,-0.000927537734912,0.0302958213241,-0.006207054955,0.574024496979,0.81882359835,0.00213038843647,0.0,0.818781364587,-0.573963726498,-0.0119776696928,0.0,-0.00858499819962,0.00861996413251,-0.999925994274,0.0,0.660082074027,0.258770471241,0.303390205556,1.0,-0.00818,-0.0107508571429,0.41
0.46377180821,0.538060562712,-0.124037787999,-1.37086184292,0.078748435028,1.89958033309,0.157312296732,-0.00515217169419,-0.0437282461313,-0.000537135660048,-0.0743378340737,-0.00595776294804,0.0346198818852,-0.00604998442139,0.574028939,0.818820399385,0.00216278610183,0.0,0.818778635397,-0.573968082039,-0.011955497432,0.0,-0.00854819957068,0.0086338107868,-0.999926190074,0.0,0.659954956323,0.258595515933,0.303413294726,1.0,-0.0085,-0.0111714285714,0.426
0.463659657936,0.537216559547,-0.124041775595,-1.37220461478,0.0786715756285,1.90008006372,0.157162208346,-0.00619716787581,-0.0451935459268,-0.000451096193032,-0.0761469866036,-0.00297458361075,0.0278377196861,-0.00894285754379,0.574054185326,0.818802697707,0.00216366309154,0.0,0.818760916327,-0.573993292467,-0.0119586370403,0.0,-0.00855000078184,0.00863659470047,-0.999926150632,0.0,0.659799902102,0.258392346362,0.303413597013,1.0,-0.00886,-0.0116445714286,0.444
0.463540426269,0.536380618388,-0.124039712425,-1.37352341602,0.0785995710477,1.90057998408,0.156995564959,-0.000649674455727,-0.0464849048199,0.000575130848675,-0.0771773913117,-0.0106031576557,0.0319909642456,-0.0129208019044,0.574067333129,0.81879343194,0.0021816845161,0.0,0.818751809342,-0.574006287659,-0.0119583998621,0.0,-0.00853932304209,0.00865135142762,-0.999926114311,0.0,0.659650099114,0.258191568768,0.303419283979,1.0,-0.0092,-0.0120914285714,0.461
0.463436899786,0.535557162852,-0.124048881304,-1.37480583305,0.0785226424421,1.90104114751,0.156843640419,-0.00857096173141,-0.0498209519639,-0.000685813990419,-0.0806591719801,-0.00898472827041,0.0249458413499,-0.0020370368796,0.574083925434,0.818781798596,0.00218168453096,0.0,0.818740184351,-0.57402288633,-0.0119575665769,0.0,-0.00853846540903,0.00865104611361,-0.999926124276,0.0,0.659499163198,0.257995385976,0.303430307658,1.0,-0.00952,-0.012512,0.477
0.463311878395,0.534665246561,-0.124048897856,-1.3762517987,0.0784394897502,1.90156092072,0.156669264828,-0.00939286270002,-0.0466451091949,-0.000754434563439,-0.0870276339942,-0.00674991379681,0.0350932483695,-0.0131836271518,0.574100543825,0.818770219969,0.00215392029867,0.0,0.818728161438,-0.574039533803,-0.0119815775276,0.0,-0.00857388853769,0.00864227177101,-0.999925897041,0.0,0.659327206256,0.257774808919,0.303416433875,1.0,-0.00986,-0.0129588571429,0.494
0.463192054935,0.533749565629,-0.124054563705,-1.37773797495,0.0783555434693,1.90209649043,0.15649031669,-0.00915300339851,-0.0523074979529,-0.0004960762355,-0.0882498627261,-0.00952349976701,0.0278170609958,-0.0065639629738,0.574114995749,0.818760161893,0.00212505391877,0.0,0.818717656744,-0.57405403357,-0.0120046648257,0.0,-0.00860921129654,0.0086320434538,-0.999925681892,0.0,0.659149298199,0.257550879705,0.303401563307,1.0,-0.0102,-0.0134057142857,0.511
0.463058261204,0.532814624102,-0.124052452401,-1.37923605513,0.0782820302739,1.90267913138,0.15628552036,-0.00858098948342,-0.060583248277,-0.000744068628852,-0.0918278941399,-0.00827466251799,0.0329360029595,-0.00522898140878,0.574117852233,0.818758095402,0.0021493865132,0.0,0.818715762583,-0.574056642172,-0.0120091039709,0.0,-0.00859884704464,0.00865454422404,-0.999925576577,0.0,0.658979388144,0.257325980802,0.303398270672,1.0,-0.01054,-0.0138525714286,0.528
0.46293389235,0.531900781937,-0.124055290047,-1.38068831097,0.0781836544023,1.90321644431,0.156106334443,-0.0109798239845,-0.0639647518824,-0.000567045670407,-0.0893037422622,-0.00736604821253,0.0358134872011,-0.0117541238058,0.574127817607,0.818751129598,0.00214096548493,0.0,0.818708775497,-0.574066730552,-0.0120031953271,0.0,-0.00859873822901,0.00864436199874,-0.99992566559,0.0,0.658810242888,0.257102536982,0.303397894135,1.0,-0.01086,-0.0142731428571,0.544
0.462795373484,0.530899886834,-0.12405288963,-1.38230439371,0.0781008956364,1.90378617195,0.155898475457,-0.010225627747,-0.0591255519474,0.000460422065025,-0.0969770181641,-0.00176675483822,0.0334615731291,-0.0136491193031,0.57413508265,0.818746113113,0.00211093221549,0.0,0.818703149575,-0.574073903045,-0.0120438208338,0.0,-0.00864916692193,0.00864317333105,-0.999925240939,0.0,0.658612813075,0.256859253551,0.303383386117,1.0,-0.0112,-0.01472,0.561
0.46265515714,0.529867612033,-0.124058372937,-1.38394403702,0.0779914279632,1.90437351138,0.155685180126,-0.0072991292303,-0.0630026091773,0.00267579879066,-0.0950561777145,-0.0139779578422,0.034617070658,-0.0109288895058,0.574138703148,0.818743636101,0.00208681413829,0.0,0.818700422991,-0.574077690693,-0.0120486241637,0.0,-0.00866690778123,0.00862622315132,-0.999925233697,0.0,0.658417470604,0.256604807901,0.303381272246,1.0,-0.01154,-0.0151668571429,0.578
0.462523765053,0.528864461446,-0.124066542203,-1.38550019542,0.0778953257631,1.90496343678,0.155479709412,-0.0104202271825,-0.064713360342,-0.00141188576087,-0.0963361248749,-0.00658654739115,0.0410216793185,-0.0139141502436,0.57413874531,0.818743555609,0.00210669958152,0.0,0.818700612404,-0.574077658691,-0.012037273032,0.0,-0.00864619702482,0.00863598734261,-0.999925328712,0.0,0.658223770474,0.256353157431,0.303390651585,1.0,-0.01188,-0.0156137142857,0.595
0.462380941743,0.527763805279,-0.124061976923,-1.38722796239,0.0777888810521,1.90562942992,0.155229478712,-0.00726384570845,-0.0650499439979,0.0005471790196,-0.104089280349,-0.00444326559274,0.0330768865549,-0.0150169544607,0.574116445358,0.818759090268,0.00214619970571,0.0,0.818716719576,-0.574055252523,-0.0120102888803,0.0,-0.00860166159215,0.00865260053169,-0.999925569191,0.0,0.658037388481,0.256112451572,0.303408577688,1.0,-0.0122,-0.0160342857143,0.611
0.462239748517,0.526610175871,-0.12406697514,-1.3890070836,0.0776803154561,1.9063045342,0.154988430327,-0.0101774820304,-0.064111665768,-3.10229089765e-05,-0.109331025012,-0.00559178105056,0.0410154381445,-0.0118593442794,0.574105215143,0.818766859121,0.00218614998305,0.0,0.818725044486,-0.574043892957,-0.0119857161602,0.0,-0.00855872590997,0.00867108484219,-0.999925777495,0.0,0.657828739482,0.255848842377,0.303432334793,1.0,-0.01254,-0.0164811428571,0.628
0.462089922951,0.525437678735,-0.124073051232,-1.39084388838,0.0775583437547,1.90696542869,0.15473730782,-0.0054889188801,-0.0681077940983,-0.00248450301298,-0.108824984863,-0.0136439883021,0.0414416299817,-0.0189358571019,0.574092571754,0.818775750465,0.00217632907416,0.0,0.818733876389,-0.57403136123,-0.0119826073234,0.0,-0.00856195200691,0.0086611269473,-0.999925836179,0.0,0.65760683132,0.255569261925,0.303440398573,1.0,-0.01288,-0.016928,0.645
0.461926153453,0.524259389156,-0.124073713246,-1.39271269512,0.0774392352852,1.90763189434,0.154484873615,-0.0111458638809,-0.0660035677511,0.00144139831294,-0.114733138932,-0.0118555644035,0.0395704174572,-0.0163765929647,0.574088690722,0.818778533976,0.00215276255611,0.0,0.818736338285,-0.574027564012,-0.0119962922217,0.0,-0.00858672683354,0.00864964715996,-0.999925723105,0.0,0.657380243062,0.25528082218,0.303437321988,1.0,-0.01322,-0.0173748571429,0.662
0.461773887987,0.523062860049,-0.124074461123,-1.39463751257,0.077322802829,1.90835327167,0.154219411174,-0.0119365266393,-0.0685912731916,-0.000722985517164,-0.112245429286,-0.00214347652737,0.044600823992,-0.0251102373682,0.574068557573,0.818792669758,0.00214524088259,0.0,0.818750351915,-0.574007440562,-0.0120027629529,0.0,-0.00859655560464,0.00864699202424,-0.999925661617,0.0,0.657148245189,0.254997652613,0.30342489096,1.0,-0.01356,-0.0178217142857,0.679
0.461623372234,0.521889827707,-0.124077621909,-1.39647836184,0.0772103266133,1.90907439988,0.153981191624,-0.00516285338661,-0.0761370511694,-0.0010949797485,-0.112597819566,-0.00446416388332,0.0498728935416,-0.0193167349372,0.574067466817,0.818793323723,0.00218711471781,0.0,0.818751606046,-0.574006230944,-0.0119750296524,0.0,-0.00854982146551,0.00866534546018,-0.999925903425,0.0,0.656934636911,0.254724522789,0.303435629396,1.0,-0.01388,-0.0182422857143,0.695
0.461448083918,0.520653227893,-0.124085459767,-1.39848824784,0.0770814428301,1.90983007638,0.153702184762,-0.0105598998909,-0.0704735481222,-0.000449561933677,-0.121052729644,-0.00394099506163,0.0460628292009,-0.0118337920773,0.574060776043,0.818798075176,0.00216434705464,0.0,0.818756134167,-0.573999709317,-0.0119780369628,0.0,-0.00856542394028,0.00864836012954,-0.999925916946,0.0,0.656697358255,0.254412927519,0.303413418589,1.0,-0.01422,-0.0186891428571,0.712
0.461284007312,0.519326776089,-0.124082273726,-1.40055560956,0.0769561216165,1.91057164295,0.153430729171,-0.00968495594504,-0.0790988102295,0.00034015658745,-0.118693762385,-0.0169211132904,0.0438787057321,-0.0142370868319,0.574046688601,0.818807945966,0.00216652498557,0.0,0.818765947651,-0.57398552811,-0.0119868006355,0.0,-0.00857149864694,0.00865502673073,-0.999925807209,0.0,0.656439785343,0.254109169853,0.303424960762,1.0,-0.01456,-0.019136,0.729
0.461101614535,0.51797170606,-0.12409436724,-1.40266006039,0.0768179823534,1.91132893193,0.153145890414,-0.00777134599528,-0.0816641853611,-0.00200724833523,-0.125054651635,-0.0118367725838,0.0486175006202,-0.0125097968303,0.574045613056,0.818808702427,0.00216560874554,0.0,0.818766776856,-0.573984542013,-0.01197737653,0.0,-0.00856431908074,0.00864885546278,-0.999925922125,0.0,0.656185404668,0.253779517749,0.30344036096,1.0,-0.0149,-0.0195828571429,0.746
0.460921807118,0.516632077144,-0.124093966269,-1.40478973466,0.0766802411144,1.91210708644,0.152839221128,-0.00447567217809,-0.074021790893,-0.000432223413188,-0.12661647296,-0.0152077981305,0.047895513784,-0.0183027351003,0.574016935002,0.818828846235,0.00215076848939,0.0,0.818786740466,-0.573955942429,-0.0119831835641,0.0,-0.00857789516783,0.0086397373637,-0.99992588458,0.0,0.655924515741,0.253457176328,0.303433960202,1.0,-0.01524,-0.0200297142857,0.763
0.460744748766,0.515329707431,-0.124100310331,-1.40684136055,0.0765544559392,1.91289087654,0.152575019918,-0.0112013186542,-0.0779120023215,-0.000474784651576,-0.126837346456,-0.011311985106,0.0527650679823,-0.0196630132888,0.574024636338,0.818823379868,0.00217631807461,0.0,0.818781647346,-0.573963577823,-0.0119654587161,0.0,-0.0085486346267,0.00865056393656,-0.99992604156,0.0,0.655681713061,0.253143798741,0.303438890241,1.0,-0.01556,-0.0204502857143,0.779
0.460546399241,0.513858117138,-0.124106724565,-1.40922008623,0.076405735982,1.91372750576,0.152247129769,-0.00985410851363,-0.086916021495,-0.00154843150278,-0.132688878073,-0.00776473172701,0.0478026845552,-0.0145589478384,0.574007947957,0.818835244591,0.002113007077,0.0,0.818792630874,-0.573947098427,-0.0120042798309,0.0,-0.00861693903344,0.00862083263381,-0.999925712044,0.0,0.655382025383,0.252779845855,0.303410951259,1.0,-0.01592,-0.0209234285714,0.797
0.460356557209,0.512546361066,-0.124106380939,-1.41136802121,0.0762863299992,1.91447035945,0.15195219649,-0.00968576222468,-0.0819083397576,-0.00177276000773,-0.133036974771,-0.00793020908365,0.0451002113232,-0.0163435286091,0.574001998265,0.818839599345,0.00204044905304,0.0,0.818795798926,-0.573941219711,-0.0120690877681,0.0,-0.0087117169018,0.00859855715756,-0.999925082595,0.0,0.655108114047,0.252449130612,0.303372121659,1.0,-0.01624,-0.021344,0.813
0.460160908396,0.511094734857,-0.124110531902,-1.41366651789,0.0761459321976,1.91534290249,0.151624114361,-0.00812638506072,-0.0849462272535,0.000663322757297,-0.131114445625,-0.00527526921168,0.0517425441161,-0.0136534241148,0.573979045329,0.818855640759,0.002059616853,0.0,0.818812098583,-0.573918195166,-0.0120581661874,0.0,-0.00869201316091,0.00860773963998,-0.999925175063,0.0,0.654830727061,0.252101367674,0.303370489095,1.0,-0.01658,-0.0217908571429,0.83
0.45996014398,0.509624608141,-0.124118818904,-1.41601311869,0.0759920661322,1.91622753045,0.151295567697,-0.010782832175,-0.0871647685416,-0.000887458193537,-0.134709735499,-0.0119396215102,0.0438602778604,-0.0229445237574,0.573961197762,0.818868157363,0.002056993393,0.0,0.818824689993,-0.573900469079,-0.0120468066197,0.0,-0.00868440406732,0.00859888208911,-0.999925317388,0.0,0.654546779315,0.251741118368,0.303359608144,1.0,-0.01692,-0.0222377142857,0.847
0.459765944092,0.508213442336,-0.124121296723,-1.41824200051,0.0758543855529,1.91702103582,0.150979947181,-0.00806563129839,-0.0928509899811,0.00030407613121,-0.14516618258,-0.00425803565342,0.0466632659942,-0.0132558049924,0.573942012952,0.818881656795,0.00203588673527,0.0,0.81883784383,-0.573881308057,-0.0120655159654,0.0,-0.00871204009492,0.00859213305027,-0.999925135001,0.0,0.654266436203,0.251398305616,0.303354927987,1.0,-0.01724,-0.0226582857143,0.863
0.4595505374,0.50667588798,-0.124127374065,-1.42064651826,0.0757031185859,1.91789854352,0.150644600144,-0.0166966399782,-0.086705985412,-0.00369827113767,-0.140379532818,-0.00693235060883,0.0484054423165,-0.0224047217146,0.573931740618,0.818888842577,0.00204144934264,0.0,0.818845104205,-0.573871015011,-0.0120623526382,0.0,-0.00870636500879,0.00859476332112,-0.999925161826,0.0,0.653970133764,0.251023902961,0.303361933767,1.0,-0.01758,-0.0231051428571,0.88
0.459333912108,0.505073027269,-0.124131177702,-1.42309833409,0.0755468386745,1.91884556852,0.150310512564,-0.0163850714615,-0.0902030191233,-0.000222007656875,-0.142529836015,-0.00390789099552,0.054015282882,-0.0153117032099,0.573922800056,0.818894910703,0.0021193634652,0.0,0.818852287655,-0.573861842309,-0.0120109885282,0.0,-0.00861968151117,0.00862899192423,-0.999925618028,0.0,0.65367716807,0.250649202929,0.303397421095,1.0,-0.01792,-0.023552,0.897
0.459107313761,0.503403395058,-0.124132343511,-1.42558976297,0.0753965385516,1.91978430948,0.14996774375,-0.01223251499,-0.0966883000378,0.000995916861787,-0.149714517969,-0.00513183967838,0.0516902548873,-0.017919225993,0.573916110457,0.818899330152,0.00222084142456,0.0,0.818858014323,-0.573854716979,-0.0119608980356,0.0,-0.00852049510814,0.0086832730571,-0.999925998228,0.0,0.653375317963,0.250266211911,0.303459234522,1.0,-0.01826,-0.0239988571429,0.914
0.458877998081,0.501713687296,-0.12414109313,-1.42809828883,0.0752339457332,1.92070391314,0.149621990481,-0.0118906517752,-0.0977959196232,-8.20116097257e-06,-0.150948290894,-0.0113353962018,0.0491237431686,-0.0172807595295,0.573911374764,0.818902424771,0.00230206895158,0.0,0.81886224752,-0.573849736592,-0.0119099244914,0.0,-0.00843218672912,0.00872048639024,-0.999926422965,0.0,0.65306800583,0.249872127246,0.303524815396,1.0,-0.0186,-0.0244457142857,0.931
0.458654379615,0.50009746521,-0.12413882568,-1.43054931663,0.075072807024,1.92156182684,0.149272428781,-0.0153862168302,-0.0940759770742,0.00137865298478,-0.151696506486,-0.00501057372779,0.0554949475005,-0.0213477809899,0.57388770711,0.818918961461,0.00231971741546,0.0,0.818878987206,-0.573825974003,-0.0119038974021,0.0,-0.00841737525309,0.0087312363369,-0.999926453948,0.0,0.652755196895,0.24949029586,0.303560198486,1.0,-0.01892,-0.0248662857143,0.947
0.45840783248,0.498415145537,-0.1241441352,-1.43316656493,0.0749122844518,1.92254272096,0.148897802054,-0.018607279134,-0.0920547002987,-0.0012542068069,-0.15780591178,-0.0053872726542,0.0648138186538,-0.02467029923,0.57387657014,0.818926658884,0.0023572263203,0.0,0.818887166043,-0.57381468319,-0.0118855183423,0.0,-0.00838091810964,0.00875129137126,-0.999926584861,0.0,0.652434905113,0.249078641025,0.303572957205,1.0,-0.01926,-0.0253131428571,0.964
0.458146922586,0.496746018888,-0.124142604999,-1.4358391812,0.0747454374645,1.92349989389,0.148503311028,-0.0184035930875,-0.0961399208263,0.000420486928375,-0.16073148377,-0.0164758883387,0.0548241903407,-0.0218758866951,0.573856358711,0.818940936259,0.0023171939349,0.0,0.818900823014,-0.573794529592,-0.0119174988318,0.0,-0.00843029675663,0.00873665271254,-0.999926297782,0.0,0.652097274361,0.248652475535,0.30354733338,1.0,-0.0196,-0.02576,0.981
0.457877886413,0.495070756751,-0.12414196156,-1.43855331971,0.0745733180548,1.92443174228,0.148112897408,-0.0187137190008,-0.0934936930502,-0.000300298387247,-0.155919592227,-0.0163643977274,0.0548405688151,-0.0119843154347,0.573846630348,0.818948008325,0.00222517411754,0.0,0.818906551229,-0.573785026417,-0.0119812651814,0.0,-0.00853542600114,0.00869778577348,-0.999925744756,0.0,0.651745894483,0.248213315254,0.303503452029,1.0,-0.01994,-0.0262068571429,0.998
0.457582837265,0.493228965122,-0.124184623592,-1.44142475614,0.0743963236924,1.92546825328,0.147704948099,-0.0207575297631,-0.139431534741,-0.00467846963348,-0.208054269496,-0.00562647630599,0.0759384583493,-0.0368430482937,0.57388136603,0.818923674979,0.00222242721615,0.0,0.818882281422,-0.5738198702,-0.0119713256932,0.0,-0.00852849333424,0.00869019432421,-0.999925869914,0.0,0.651396757543,0.2477217208,0.303510273699,1.0,-0.0312788571429,-0.041109355102,1.014
0.457229554243,0.490113304666,-0.124262945029,-1.44617277918,0.0741386724508,1.92729683596,0.146994945101,-0.0236671407181,-0.199574593254,0.0018600238411,-0.323570473453,-0.0162827753844,0.118005624645,-0.0417251065379,0.573814777553,0.818969862865,0.00238991255118,0.0,0.818930726048,-0.573752697841,-0.0118766390406,0.0,-0.00835555154283,0.00877233270449,-0.999926612776,0.0,0.650807700022,0.247006202031,0.30357873998,1.0,-0.0460542857143,-0.0605284897959,1.031
0.456623269701,0.48581808285,-0.124306082182,-1.45296114307,0.0737860056371,1.92990434476,0.145972090229,-0.0400426799133,-0.279702949345,-0.0014455125644,-0.437422423104,-0.0313595895803,0.17280419863,-0.067965904333,0.573748736969,0.819015773754,0.00250919696161,0.0,0.818977793316,-0.573685784623,-0.0118634513548,0.0,-0.00827702252142,0.00886178743842,-0.999926477108,0.0,0.649961977659,0.245958216027,0.303559788303,1.0,-0.0608297142857,-0.0799476244898,1.048
0.455784176111,0.480289882441,-0.124476879016,-1.46180418752,0.0732479405928,1.93302838216,0.144616675301,-0.0552178820139,-0.353327330236,-0.0150100311735,-0.563427737119,-0.0335378441505,0.200831951401,-0.0855690086505,0.573738089126,0.819023792713,0.0023192579111,0.0,0.818983514639,-0.573676068196,-0.0119381082856,0.0,-0.00844725460215,0.00874894987535,-0.999926047148,0.0,0.648833622887,0.244463780199,0.303462076019,1.0,-0.0756051428571,-0.0993667591837,1.065
0.454710965307,0.473421895725,-0.1246392427,-1.47259064621,0.0726003714705,1.93676633392,0.143045531679,-0.0694645434583,-0.427873072418,-0.0103802149563,-0.66995802945,-0.0371887359761,0.229318573005,-0.0987398736956,0.573794653546,0.818984613242,0.00215539719673,0.0,0.818942017223,-0.573733115648,-0.0120428957094,0.0,-0.00862648962241,0.00867546152901,-0.999925157221,0.0,0.647428751338,0.242636101938,0.303411581306,1.0,-0.0903805714286,-0.118785893878,1.082
0.453507649725,0.465837172094,-0.124767130309,-1.48409893626,0.0719371338034,1.94105446921,0.141240644211,-0.0814013815069,-0.502998460757,-0.00877581691143,-0.760846008074,-0.0464016157606,0.284117420992,-0.122899005913,0.573765661234,0.819004020881,0.00247521101016,0.0,0.818965486279,-0.57370271861,-0.0118941096762,0.0,-0.0083214485776,0.00885171451466,-0.999926197598,0.0,0.645976858925,0.240705080955,0.303546731823,1.0,-0.104286857143,-0.137062726531,1.098
0.451883958688,0.456236606372,-0.124890771858,-1.49912804152,0.0709912399868,1.9463152871,0.138905234191,-0.0925494046508,-0.564952370539,-0.00630280206085,-0.870341410452,-0.0550812621743,0.293156788565,-0.134186848035,0.573717176286,0.819038429393,0.00232372844421,0.0,0.818997528674,-0.57365443524,-0.0120159833505,0.0,-0.0085086988215,0.00879707326218,-0.999925103968,0.0,0.643976342685,0.238141919571,0.303463604819,1.0,-0.119931428571,-0.157624163265,1.116
0.450177657472,0.446408119598,-0.125071930755,-1.51395050192,0.0699618394202,1.95159399923,0.136572604011,-0.108070587735,-0.636772390566,-0.0139822977306,-0.956712943668,-0.067589124379,0.343455018149,-0.14924894283,0.573729262651,0.819029446733,0.00249909251615,0.0,0.818991725987,-0.57366676998,-0.0118210273273,0.0,-0.0082482819451,0.00882897537063,-0.999927004855,0.0,0.642034318247,0.23551338639,0.303614712576,1.0,-0.133837714286,-0.175900995918,1.132
0.448128546149,0.435053518083,-0.125193135975,-1.53137824791,0.0688350913607,1.95755638993,0.133806956379,-0.128741743623,-0.699432112652,-0.00694062305524,-1.03226874666,-0.0673482174952,0.364292872668,-0.178201107021,0.573696135087,0.81905292881,0.00240651087813,0.0,0.81901335655,-0.573633320952,-0.0119449482129,0.0,-0.00840325178001,0.00882390506297,-0.999925759274,0.0,0.639632084035,0.23245355605,0.303602515074,1.0,-0.148613142857,-0.195320130612,1.149
0.445775817922,0.422522568025,-0.125351415939,-1.55023897849,0.0675441518676,1.96414910101,0.130669937709,-0.14405329444,-0.767446959106,-0.00685795796915,-1.14056350805,-0.0769246507091,0.391366894035,-0.193534774283,0.573625847249,0.819101590179,0.00259214856643,0.0,0.819064654802,-0.573562559623,-0.0118249039958,0.0,-0.00819919615993,0.0089063793194,-0.99992672211,0.0,0.637046289789,0.22905299859,0.303730722356,1.0,-0.163388571429,-0.214739265306,1.166
0.443281973215,0.409798898629,-0.125510207311,-1.56912501305,0.0661751178361,1.97086453741,0.127524967329,-0.160638745283,-0.798326876351,-0.00727933351307,-1.22249083892,-0.0832965581043,0.419982666005,-0.201809757048,0.573611114299,0.819110608216,0.00297455255194,0.0,0.819079558148,-0.573547548178,-0.0115166967871,0.0,-0.0077275499661,0.00904267456651,-0.999929255002,0.0,0.634277205154,0.225339425137,0.303945606024,1.0,-0.178164,-0.2341584,1.183
0.440279803824,0.395387488892,-0.125697617892,-1.59060256715,0.0647606998374,1.97819656679,0.123873961801,-0.179697141185,-0.879527038432,-0.00789683892032,-1.28124431846,-0.0871836617149,0.456054482679,-0.218695233813,0.573693380645,0.819052037131,0.00322682152236,0.0,0.819023632164,-0.573628284951,-0.0114729055705,0.0,-0.00754605586857,0.00922495067503,-0.999928976141,0.0,0.631399132037,0.221524961023,0.304082340803,1.0,-0.192070285714,-0.252435232653,1.199
0.436944142545,0.380145456269,-0.125876898948,-1.61341821936,0.063026707644,1.9858315976,0.119833595522,-0.203794829205,-0.931300021464,-0.015396600269,-1.35902336428,-0.10677579613,0.461033636943,-0.242845084509,0.573633959576,0.819093796205,0.00319066464908,0.0,0.81906542462,-0.573569590603,-0.0114237397416,0.0,-0.00752719105705,0.00916658464193,-0.999929655086,0.0,0.628066001986,0.217125511811,0.304109356621,1.0,-0.206845714286,-0.271854367347,1.216
0.433254384231,0.364009129462,-0.126046012007,-1.63741241875,0.0612362643275,1.99377543034,0.115536127784,-0.222834440476,-0.97297343807,-0.00538670568946,-1.41833637956,-0.104896752018,0.480512260122,-0.247458472431,0.573631566173,0.819095385932,0.00321277681434,0.0,0.819067219862,-0.573567034407,-0.0114233660046,0.0,-0.00751422818876,0.00918446033487,-0.999929588553,0.0,0.624476599134,0.212428719383,0.304137365269,1.0,-0.221621142857,-0.291273502041,1.233
0.429115115897,0.347034689119,-0.126261460611,-1.66259515802,0.0593219282974,2.00193190193,0.110808435292,-0.258269085358,-1.01499657458,-0.0146414706895,-1.46158292965,-0.0998466392007,0.472168146645,-0.285029495104,0.573636029976,0.819092626077,0.00311799954022,0.0,0.819062990343,-0.573571488317,-0.0115027188598,0.0,-0.00763354353045,0.00915238821982,-0.99992897888,0.0,0.620624580829,0.207333158195,0.304106322731,1.0,-0.236396571429,-0.310692636735,1.25
0.424588257247,0.329188469154,-0.12645658438,-1.68871953978,0.0573074630707,2.01037206867,0.105808341389,-0.268082867216,-1.05926875977,-0.00283098500869,-1.50396816098,-0.108091254959,0.478966150739,-0.30875888801,0.573666497063,0.819070919648,0.00321335267552,0.0,0.819042240898,-0.573601324206,-0.0114924059807,0.0,-0.0075700579328,0.009224857465,-0.999928795579,0.0,0.616548532047,0.201962844872,0.304146732304,1.0,-0.251172,-0.330111771429,1.267
0.419731059744,0.310567047842,-0.126642890788,-1.71582491305,0.0550543950611,2.01894221001,0.100426813999,-0.294804813551,-1.08607424991,-0.00727077300416,-1.5554879195,-0.119719725556,0.4925541845,-0.325389008954,0.573539591152,0.819159890399,0.00318720005897,0.0,0.819131189345,-0.573474898603,-0.0114622081745,0.0,-0.00756174754835,0.00918494200365,-0.999929225903,0.0,0.61218473483,0.19632229997,0.304151764155,1.0,-0.265947428571,-0.349530906122,1.284
0.414331264291,0.291049867679,-0.126861201818,-1.74383210025,0.0526801773064,2.02757472421,0.0946455093618,-0.327992541114,-1.15616189298,-0.012127790128,-1.61703312663,-0.132294569097,0.509965391565,-0.335433805352,0.573468083465,0.819210112899,0.00314564332998,0.0,0.819181060079,-0.573403750233,-0.0114576144185,0.0,-0.00758261590792,0.00914760373908,-0.999929410149,0.0,0.607836553147,0.190645899832,0.304188243836,1.0,-0.279853714286,-0.367807738775,1.3
0.408784753493,0.272069306964,-0.127093632655,-1.77087183776,0.0504327169131,2.03576895602,0.0888328175863,-0.359630454397,-1.19564999829,-0.0107351021856,-1.67030810432,-0.136395370726,0.518968680553,-0.366858662027,0.573466446812,0.819210662833,0.00329714764753,0.0,0.819183047841,-0.573401024137,-0.0114519234286,0.0,-0.0074910941716,0.00926843974303,-0.999928987245,0.0,0.603018337445,0.184326023128,0.30425950312,1.0,-0.294629142857,-0.387226873469,1.317
0.402319921147,0.251162446104,-0.127448542076,-1.80023648229,0.0478137999889,2.04462237666,0.0823229763728,-0.388724094898,-1.24296098723,-0.0229812236121,-1.72092891591,-0.156348423923,0.538483641323,-0.386093956804,0.573598918793,0.81911702742,0.00351036341431,0.0,0.819092907126,-0.573533826528,-0.0112474986054,0.0,-0.00719984408138,0.00932704638783,-0.999930581816,0.0,0.598015111744,0.17757803336,0.304375366119,1.0,-0.309404571429,-0.406646008163,1.334
0.395379664727,0.229611434524,-0.127722579121,-1.83030997394,0.0450934306263,2.05336025128,0.0753091113066,-0.406145745421,-1.2947873568,-0.00989147679417,-1.77702677537,-0.162050030129,0.53319792331,-0.41924531187,0.573546140849,0.8191535304,0.00361453323621,0.0,0.81913068847,-0.573480707682,-0.0112044644477,0.0,-0.00710544833227,0.00938723317589,-0.999930693827,0.0,0.592693124748,0.170606218237,0.304425447551,1.0,-0.32418,-0.426065142857,1.351
0.387910741182,0.207415215109,-0.127963340099,-1.86096722068,0.0422142934074,2.06191509761,0.0678305494333,-0.450132256035,-1.29834071457,-0.0132448509484,-1.80893980882,-0.177950494032,0.491626447848,-0.449546356112,0.573388437366,0.819263904998,0.00361949781737,0.0,0.819240846042,-0.573322641839,-0.0112397256434,0.0,-0.00713329880901,0.00941015035178,-0.999930280129,0.0,0.587081492964,0.163369601218,0.304450521371,1.0,-0.338955428571,-0.445484277551,1.368
0.380234240249,0.185878178162,-0.128298577973,-1.89043938965,0.0393573156227,2.06982795019,0.060334438205,-0.493657689518,-1.35201538168,-0.0259546224541,-1.86157316018,-0.173371454739,0.478550175737,-0.48360509611,0.573357682256,0.819285839004,0.00352549375296,0.0,0.819261256051,-0.573291730906,-0.011328393989,0.0,-0.0072601961392,0.00938370282683,-0.99992961536,0.0,0.581550785082,0.156152324726,0.304438072721,1.0,-0.352861714286,-0.463761110204,1.384
0.371300168629,0.162433619605,-0.128777445811,-1.92211811113,0.0362212709632,2.07807984591,0.0518606279812,-0.536148993352,-1.39904895777,-0.0242124956126,-1.88021526508,-0.194618953448,0.474752678921,-0.508261192456,0.573521456091,0.819171433234,0.00347120681706,0.0,0.819145750212,-0.573455121145,-0.0114109965807,0.0,-0.00735712274527,0.00938805643591,-0.999928866041,0.0,0.575487844345,0.148053120689,0.304431698214,1.0,-0.367637142857,-0.483180244898,1.401
