position_joint1,position_joint2,position_joint3,position_joint4,position_joint5,position_joint6,position_joint7,velocity_joint1,velocity_joint2,velocity_joint3,velocity_joint4,velocity_joint5,velocity_joint6,velocity_joint7,ee_T_00,ee_T_10,ee_T_20,ee_T_30,ee_T_01,ee_T_11,ee_T_21,ee_T_31,ee_T_02,ee_T_12,ee_T_22,ee_T_32,ee_T_03,ee_T_13,ee_T_23,ee_T_33,v_x,v_y,time
0.46507361357,0.547828595512,-0.124005937052,-1.35584787989,0.0795770322288,1.89409413593,0.159167535604,0.000847992377197,0.00117049840847,-0.000455883008151,0.000392224214783,0.000307175183906,0.000305661884431,0.00104146661366,0.573846073918,0.818949163184,0.00192314076602,0.0,0.818905017668,-0.57378697846,-0.0119925931162,0.0,-0.00871801881651,0.00845693492099,-0.999926235479,0.0,0.661670817179,0.260889994552,0.303173875679,1.0,0.0,0.0,0.0
0.465071961977,0.54782642954,-0.124003431399,-1.35584795933,0.0795770322829,1.89409637535,0.1591644785,0.000958518026661,0.000567921534382,-1.75272112445e-05,0.00063968531465,0.000352503706885,-0.000462052289094,0.000322721744866,0.573843188861,0.81895117463,0.00192745221252,0.0,0.818907075422,-0.573784065729,-0.0119914402716,0.0,-0.00871463051257,0.00845977345572,-0.999926241004,0.0,0.661671159021,0.260890523888,0.303175483765,1.0,-0.00022,-0.000289142857143,0.012
0.465066429905,0.547821581809,-0.12400351054,-1.35585574963,0.0795757098545,1.89409708701,0.159164128537,-0.00154041349375,-0.000200798640911,-0.000485857510374,-0.00337207731448,-0.000256425572772,2.16250633099e-05,0.000697158338255,0.573847559287,0.818948117679,0.00192513662481,0.0,0.818903993784,-0.573788450846,-0.0119920616311,0.0,-0.00871642295642,0.00845828021657,-0.999926238013,0.0,0.661671178547,0.260885790124,0.303175272246,1.0,-0.00056,-0.000736,0.029
0.46506636158,0.547807091041,-0.124001277685,-1.3558776727,0.0795764219314,1.89410032346,0.159161598772,1.36867488835e-05,-0.0064375909976,8.97239690556e-05,-0.00376056969594,-3.57345559594e-05,0.0003608392053,0.000665172305605,0.573845366217,0.818949658377,0.0019234389524,0.0,0.818905475021,-0.573786229094,-0.0119972156882,0.0,-0.00872164082452,0.00845982419698,-0.999926179453,0.0,0.661666645764,0.260884959477,0.303175312166,1.0,-0.0009,-0.00118285714286,0.046
0.465065797299,0.547701095187,-0.12400126633,-1.35597954342,0.0795723586708,1.89411881185,0.159156429097,-0.00402371889485,-0.0107539147876,0.000767630291764,-0.00933218040729,4.03634314913e-05,0.0020415401514,-0.000907606392761,0.573846015063,0.818949151222,0.00194566451272,0.0,0.818905215572,-0.573786742063,-0.0119903896194,0.0,-0.00870329046505,0.00847411527235,-0.999926218331,0.0,0.661650159169,0.260874495203,0.303203512591,1.0,-0.00124,-0.00162971428571,0.063
0.465073739521,0.547578145835,-0.123998576286,-1.35615167652,0.0795742686691,1.89414525097,0.15916150903,0.00199209009281,-0.00725101318805,0.000145451214432,-0.0137975941103,0.000203176656863,0.0047921340954,0.000782333915596,0.573851661015,0.818945219714,0.00193524154421,0.0,0.818900970083,-0.573792258748,-0.0120163180532,0.0,-0.00873044769951,0.00848051852826,-0.999925927301,0.0,0.661616416612,0.260864589171,0.303210892513,1.0,-0.00156,-0.00205028571429,0.079
0.465053474126,0.547420661962,-0.124006255405,-1.35636102089,0.0795697335394,1.89422788306,0.159148786752,-0.00336088356278,-0.00739439543208,-0.000155404808794,-0.0164261604102,-0.000124509742663,0.00904081987859,-0.000394838814721,0.57387373138,0.818929685169,0.00196420028815,0.0,0.818885788889,-0.573814178632,-0.012004168313,0.0,-0.00870365137449,0.0084974961675,-0.999926016769,0.0,0.661596365136,0.260828837311,0.303230231517,1.0,-0.0019,-0.00249714285714,0.096
0.465039342663,0.54725139695,-0.123998843775,-1.35654713966,0.0795706889589,1.89433748985,0.159147033653,5.26787775748e-05,-0.0125927341472,0.000124123850505,-0.0181251633907,-0.000160941858642,0.00622150992282,-0.005375915447,0.573887382086,0.818919889771,0.00205760073676,0.0,0.818877152329,-0.573827375819,-0.0119624017729,0.0,-0.00861570698909,0.00855015828592,-0.99992632948,0.0,0.661581451477,0.260806644529,0.303275620034,1.0,-0.00222,-0.00291771428571,0.112
0.465013060054,0.547029771986,-0.124006950109,-1.35682461342,0.0795658998603,1.89448935554,0.159127973368,-0.000514785932302,-0.0130358108542,-0.00211823832213,-0.0178175070342,-0.00341352821466,0.00590197832105,0.000573351743562,0.573915683641,0.818899853991,0.00213637658119,0.0,0.818858127275,-0.573855333444,-0.0119235303223,0.0,-0.00853837053474,0.00859265581803,-0.999926628556,0.0,0.661563456367,0.260768968014,0.303309175263,1.0,-0.00256,-0.00336457142857,0.129
0.464980665161,0.546801306432,-0.124001346532,-1.35717321444,0.07955703371,1.89460756803,0.159100899645,-0.00110924038994,-0.0113453586247,-0.000293270370881,-0.0279244560058,-0.00020467531031,0.00402615006575,0.000901198202134,0.57393321443,0.818887550039,0.00214305048065,0.0,0.818845757588,-0.57387268107,-0.0119380945977,0.0,-0.00854628345465,0.0086066625059,-0.999926440494,0.0,0.661520750486,0.260718988129,0.303315128303,1.0,-0.0029,-0.00381142857143,0.146
0.464942463361,0.546519200988,-0.124004877123,-1.35757070206,0.0795506096774,1.89476192729,0.158962058465,-0.00305882815784,-0.0164951870889,-0.0012702335345,-0.0278814245546,-5.32144680351e-05,0.0148579809905,-0.0089206608853,0.573873823093,0.818929057805,0.00218640192075,0.0,0.818887694919,-0.573812983724,-0.0119310402021,0.0,-0.00851625366588,0.00863749558188,-0.999926430841,0.0,0.661478908703,0.260657638343,0.303339233356,1.0,-0.00324,-0.00425828571429,0.163
0.464895493925,0.546229927651,-0.123997054871,-1.35803774497,0.079542074816,1.89492553573,0.158939031421,-0.00347225696562,-0.0181465725528,0.00145010406865,-0.0258924594629,-0.000213790346985,0.00707215607207,0.000834569870585,0.573911794255,0.818902447376,0.00218654923404,0.0,0.818860856861,-0.57385071676,-0.0119582137703,0.0,-0.00853802206096,0.00865360610909,-0.99992610591,0.0,0.661422895354,0.260589177168,0.303335714966,1.0,-0.00358,-0.00470514285714,0.18
0.464844090537,0.545946229713,-0.124007317977,-1.35853470928,0.0795296368419,1.89509946374,0.15889099752,-0.00500301847122,-0.0168327232517,-0.00132364687296,-0.0278648280476,0.00060752871767,0.0069834022973,-0.00576032328305,0.573946233602,0.818878382709,0.00215920521712,0.0,0.818836307188,-0.573885134595,-0.0119875444817,0.0,-0.00857737040213,0.0086484081405,-0.999925814125,0.0,0.661367405183,0.260503753818,0.303315477118,1.0,-0.0039,-0.00512571428571,0.196
0.464783861149,0.545596180628,-0.124004534282,-1.35913660841,0.0794904195999,1.89529340515,0.158804742156,-0.00211239995657,-0.0209476393942,-0.000196559013827,-0.0356452499189,-0.012538736041,0.0145453834875,-0.00390478307183,0.573946084279,0.818878618235,0.00210898991205,0.0,0.81883584565,-0.573885153007,-0.0120181503532,0.0,-0.00863125453496,0.00862485292872,-0.999925553907,0.0,0.661294305306,0.260405484151,0.303293508059,1.0,-0.00424,-0.00557257142857,0.213
0.464720172976,0.545208916129,-0.124002274526,-1.35982274327,0.0793843554884,1.8955205398,0.158712903934,-0.00305866658054,-0.0247879270325,0.000775033212464,-0.0387595106482,-0.00374081249595,0.0117647458596,-0.00593095215274,0.57393149705,0.81888908586,0.00201212679409,0.0,0.818845572572,-0.573871495785,-0.0120075603953,0.0,-0.00867832502713,0.00853930263841,-0.999925880746,0.0,0.661214138806,0.260286545307,0.303260541317,1.0,-0.00458,-0.00601942857143,0.23
0.464644944534,0.544753050845,-0.124005470748,-1.36057338756,0.0793731489064,1.89577235928,0.158627868936,-0.00290028401084,-0.0244318519092,0.000614210490424,-0.0378911220539,-0.00113326238813,0.0140757712983,-0.00449090585527,0.573965728804,0.818865151205,0.00198826594966,0.0,0.818820987391,-0.573905492624,-0.0120591477655,0.0,-0.00873390726387,0.00854973603299,-0.999925307649,0.0,0.661119392861,0.260160079737,0.303243740453,1.0,-0.00496,-0.00651885714286,0.249
0.464580962287,0.544305474714,-0.124016551755,-1.36133193504,0.0793456290574,1.89605727741,0.158528858926,-0.00559130052472,-0.0260823243279,-6.6132564654e-05,-0.0440265485176,8.42398086599e-05,0.0161217547256,-0.0111002014632,0.573978677844,0.818856101844,0.00197705698681,0.0,0.818811671495,-0.573918371159,-0.0120787735895,0.0,-0.00875627671645,0.00855196048262,-0.999925092989,0.0,0.661039595335,0.260049099336,0.303228675295,1.0,-0.00528,-0.00693942857143,0.265
0.464513320009,0.543799203831,-0.124017227545,-1.36215688222,0.0793101669966,1.89634294094,0.158434605533,-0.00119085259031,-0.0249542126056,0.000107635789732,-0.0459088175553,-0.00209053568154,0.0165050007879,-4.91509280448e-05,0.573993816197,0.818845540041,0.00195638035775,0.0,0.818800671902,-0.573933434676,-0.0121086396748,0.0,-0.0087924427772,0.00855233450627,-0.999924772433,0.0,0.660939772351,0.259926358697,0.303219046285,1.0,-0.00562,-0.00738628571429,0.282
0.464444245756,0.543318217304,-0.124025193584,-1.3629110231,0.0792715179723,1.89661045132,0.158336291588,-0.00518980693454,-0.0337200049819,-0.00163447204577,-0.0521487476126,-0.00609168009354,0.0129125141058,-0.00788239013747,0.574007093214,0.818836239759,0.00195353489371,0.0,0.818791288392,-0.573946677778,-0.0121154455922,0.0,-0.00879951046738,0.00855405375195,-0.999924695555,0.0,0.660854081639,0.259804783287,0.303223827873,1.0,-0.00592,-0.00778057142857,0.297
0.4643566717,0.542767703873,-0.124021289743,-1.36380393595,0.0792203143123,1.8969278765,0.158214307865,-0.0051717583931,-0.0328233351883,0.000265945796653,-0.0495322331659,-0.00160449863049,0.0200253071667,-0.000945323498301,0.574012179889,0.818832719456,0.00193437038271,0.0,0.818787440911,-0.573951774244,-0.0121340162052,0.0,-0.00882566409543,0.00854907586439,-0.999924507628,0.0,0.660750873665,0.259663659331,0.303215612072,1.0,-0.00626,-0.00822742857143,0.314
0.464285677067,0.542170081199,-0.124026828241,-1.36472503485,0.0791686925281,1.89726599508,0.15810636242,-0.00558972979108,-0.0347518705156,0.00105781197157,-0.0525344950521,-0.000147723444782,0.0179019726355,-0.00876034866128,0.574023224274,0.818824945938,0.00194751257042,0.0,0.818779821173,-0.573962741434,-0.0121294182225,0.0,-0.00881424026782,0.00855731650563,-0.999924537904,0.0,0.660644286265,0.259526641261,0.303229329023,1.0,-0.0066,-0.00867428571429,0.331
0.464199262288,0.541528555345,-0.124030406021,-1.36568138598,0.0791173406071,1.89762402812,0.157974486052,-0.00742635254697,-0.0356425407457,-0.000391699809992,-0.0506072221874,-0.00117048412951,0.0186706046412,-0.00712229328998,0.574027911815,0.818821564122,0.00198733155915,0.0,0.818776923098,-0.57396721697,-0.0121132550078,0.0,-0.00877810025356,0.00858069290154,-0.999924655494,0.0,0.660538087598,0.259378369349,0.30325888851,1.0,-0.00694,-0.00912114285714,0.348
0.464117021623,0.540896348017,-0.124027598898,-1.36666587392,0.079059816752,1.89798759987,0.157834222429,-0.00717992136099,-0.0394844405428,-0.00131462105124,-0.0617596614572,-0.00368396123142,0.0242022657388,-0.00652063880884,0.574017695657,0.818828698668,0.00199855246385,0.0,0.818784161381,-0.573956910895,-0.0121123246642,0.0,-0.00877100491328,0.00858923716533,-0.9999246444,0.0,0.660423879386,0.259232474954,0.30326864374,1.0,-0.00726,-0.00954171428571,0.364
0.464030995857,0.54016961909,-0.124030130983,-1.36776879913,0.0789850941362,1.89838753638,0.157700294651,-0.00103282694892,-0.0462906875768,0.00054324896032,-0.0635081421032,-0.000993639993456,0.0254557901809,-0.00724302354426,0.574021309362,0.81882612735,0.0020140675004,0.0,0.818781862623,-0.573960524809,-0.0120964582046,0.0,-0.00874906923347,0.00859287215608,-0.999924805341,0.0,0.660295038065,0.259067866283,0.303292037527,1.0,-0.0076,-0.00998857142857,0.381
0.463927642693,0.539431125851,-0.12403248206,-1.36891472156,0.0789241473534,1.89882822649,0.157573379492,-0.00960459518961,-0.0454458200723,0.000255876729937,-0.0601013213454,-0.00115728233883,0.0207598153688,-0.00545117963417,0.57405092028,0.818805291443,0.00204512374904,0.0,0.818761386952,-0.57398995231,-0.0120860574525,0.0,-0.00872241524513,0.00861264658055,-0.999924868073,0.0,0.660168159774,0.258891967995,0.303306724611,1.0,-0.00794,-0.0104354285714,0.398
0.463825868243,0.538673384699,-0.124039182346,-1.37009091508,0.0788595494282,1.89928967766,0.157419982132,-0.00548712681897,-0.0472296031655,0.000525812447991,-0.0704072823394,-0.000474237251129,0.0320786621493,-0.00104836569106,0.574061281865,0.818797933385,0.0020822701799,0.0,0.818754519024,-0.57400015751,-0.0120666340844,0.0,-0.00868507885464,0.00863202174307,-0.999925025992,0.0,0.660039483197,0.258712076222,0.303322417865,1.0,-0.00828,-0.0108822857143,0.415
0.463702310887,0.537839061998,-0.124044866548,-1.37137922862,0.0787783380235,1.89978213907,0.157254266038,-0.00777396449551,-0.0473878551643,-0.000473545925812,-0.0687264081862,-0.00625636767105,0.0219559454385,-0.00652190277901,0.574080225175,0.818784578541,0.00211090229011,0.0,0.818741611737,-0.574019049799,-0.0120436945746,0.0,-0.00864965979233,0.00864249683141,-0.999925242523,0.0,0.659899109975,0.258505527604,0.303341329139,1.0,-0.00864,-0.0113554285714,0.433
0.463580199132,0.536976673593,-0.124042507632,-1.37275423661,0.0786967019413,1.90029203063,0.157090736608,-0.00683528211441,-0.0422492548273,0.00159182186668,-0.0790060195887,-0.00498880153537,0.0263400954027,-0.00699621727082,0.574098619799,0.818771686636,0.00210874619393,0.0,0.818728652053,-0.574037411648,-0.0120495326453,0.0,-0.00865548360504,0.00864427741889,-0.999925176736,0.0,0.659740352581,0.258295808244,0.303339897523,1.0,-0.009,-0.0118285714286,0.451
0.463466659757,0.536117665172,-0.124051406468,-1.37407120339,0.0786259051665,1.90078879781,0.156922633085,-0.00845324557528,-0.0510409213248,0.00184805127781,-0.0831050551929,-0.00896383733215,0.0262544942265,-0.0106338118473,0.574113756027,0.818760981664,0.00214404923132,0.0,0.818718378018,-0.574052366569,-0.0120351498967,0.0,-0.00862328063349,0.00866508445033,-0.999925274879,0.0,0.659591797917,0.258092935,0.303362773934,1.0,-0.00934,-0.0122754285714,0.468
0.463357564823,0.535271044226,-0.124060917962,-1.37540334074,0.0785549246259,1.9012708398,0.156764729871,-0.00588921412053,-0.0520571710428,0.00019216897934,-0.0832589440106,-0.000443439588456,0.025625024033,-0.00681539405949,0.574134608263,0.818746360568,0.00214372374528,0.0,0.818703683124,-0.574073147642,-0.0120435583304,0.0,-0.00863013146999,0.00866986509177,-0.999925174336,0.0,0.659435144948,0.257889661394,0.303368273125,1.0,-0.00966,-0.012696,0.484
0.463247793566,0.53448869371,-0.124063145121,-1.37668965782,0.0784821122125,1.90173747232,0.156600196401,-0.00271224225523,-0.0532929392046,-0.00244727892913,-0.0862131532917,-0.008770890678,0.0275079346944,-0.01448630904,0.574142405342,0.818740972941,0.00211294023754,0.0,0.81869782148,-0.574081002299,-0.0120675931408,0.0,-0.00866740097414,0.00865854322575,-0.999924950079,0.0,0.659282676177,0.257693439028,0.303348518442,1.0,-0.00996,-0.0130902857143,0.499
0.463119380596,0.5335739249,-0.124058854986,-1.37817983464,0.0784001120385,1.90227693032,0.156417260315,-0.00456380103795,-0.052466563199,0.00164389576095,-0.0884434801334,-0.0039976283627,0.0363059101504,-0.00877472704304,0.57415436968,0.818732650166,0.00208667923745,0.0,0.818689016403,-0.574092939162,-0.0120970461722,0.0,-0.00870646648169,0.00865407991031,-0.999924649332,0.0,0.659104300623,0.257469725283,0.303331087512,1.0,-0.0103,-0.0135371428571,0.516
0.462992596128,0.532680173701,-0.124061677207,-1.379600567,0.0783261908146,1.90282733899,0.156236744073,-0.00706522163327,-0.0583129426188,0.000311413940026,-0.0936733548338,-0.00177775409672,0.0260367285788,-0.00971285658036,0.57417143783,0.81872062207,0.00210947363191,0.0,0.818677180915,-0.574109801953,-0.0120977539723,0.0,-0.00869377855095,0.00867332970742,-0.99992459294,0.0,0.658931754484,0.257240939812,0.303331637883,1.0,-0.01064,-0.013984,0.533
0.462858046217,0.531692726003,-0.124064877031,-1.38117646734,0.0782323113042,1.90339297469,0.156039965267,-0.0108467895698,-0.0625425571974,-0.0015596836791,-0.0941232710007,-0.00140219072427,0.0355023995736,-0.00716434159082,0.574182463139,0.818712937731,0.00209081729652,0.0,0.818669233753,-0.57412088755,-0.0121094626745,0.0,-0.00871395964933,0.0086648957259,-0.999924490394,0.0,0.658756076509,0.257011558987,0.303328004753,1.0,-0.01096,-0.0144045714286,0.549
0.462718753021,0.530690644619,-0.124064834412,-1.38282073095,0.0781372318471,1.90396868102,0.155826886558,-0.00810826732786,-0.0586601748273,0.00227378778437,-0.0969678636148,-0.00542930405819,0.0340173614219,-0.0150767570499,0.574185915488,0.818710654128,0.0020362156107,0.0,0.81866611005,-0.574124453389,-0.0121515092896,0.0,-0.00877969798105,0.0086443726302,-0.999924092982,0.0,0.65855455591,0.256761495702,0.303301463331,1.0,-0.0113,-0.0148514285714,0.566
0.462570017123,0.52960138018,-0.124067948809,-1.38455098981,0.0780202001916,1.90460538041,0.155594108631,-0.0124857960735,-0.0589808616606,-3.12461583553e-05,-0.0974519554896,-0.00114024383779,0.0370976777146,-0.0159123221669,0.574181851857,0.818713533609,0.00202429872596,0.0,0.818668928471,-0.574120536123,-0.0121467056573,0.0,-0.00878264993383,0.00863181460635,-0.999924175544,0.0,0.658351289013,0.256494939372,0.303300516262,1.0,-0.01166,-0.0153245714286,0.584
0.4624475005,0.528564899972,-0.124070437759,-1.38614497478,0.077923049899,1.90521264227,0.155368961979,-0.00473465752741,-0.0627959497395,-8.47144296692e-06,-0.0994119603555,-0.00733372902369,0.0389561220929,-0.0178006846637,0.574160006483,0.818728751633,0.0020652132601,0.0,0.818684708476,-0.574098540647,-0.0121227321944,0.0,-0.00873976174462,0.00865131307567,-0.999924382814,0.0,0.658164192888,0.256262719934,0.30332442982,1.0,-0.01198,-0.0157451428571,0.6
0.462301200167,0.527453306621,-0.124065701627,-1.38786250565,0.0778199803502,1.9058806391,0.155136324851,-0.0113602217079,-0.0625135161711,0.00790339994363,-0.0983717761557,-0.00852075052269,0.0423457851459,-0.0163580486773,0.574151416531,0.818734639858,0.00211832344196,0.0,0.818691289768,-0.574089720566,-0.01209593733,0.0,-0.00868742244053,0.00867931960691,-0.999924596208,0.0,0.657966578009,0.256008549476,0.303347203995,1.0,-0.01232,-0.016192,0.617
0.462165248448,0.526369418764,-0.124076893017,-1.38956038074,0.0777102628207,1.90652112691,0.154908704968,-0.0117179673657,-0.0670405058924,-0.00107528663221,-0.101939886911,-0.00771058155565,0.0371854914422,-0.0183869507794,0.574146505468,0.818738044467,0.00213347195622,0.0,0.818695003838,-0.574084856799,-0.0120753793183,0.0,-0.00866194527608,0.00867986678351,-0.999924812482,0.0,0.657768178199,0.25575099632,0.30335768681,1.0,-0.01264,-0.0166125714286,0.633
0.462014550236,0.525178712669,-0.124074563039,-1.39140453953,0.077595834689,1.9071771946,0.154664932827,-0.00560532301537,-0.0655232884684,0.000765810995629,-0.106683798772,-0.00635068645563,0.0426081738688,-0.00641193917353,0.574137000645,0.818744703551,0.00213583684782,0.0,0.818701641718,-0.574075290879,-0.0120801138587,0.0,-0.00866456490015,0.00868442067405,-0.999924750245,0.0,0.657541774815,0.255476002682,0.303374310938,1.0,-0.01298,-0.0170594285714,0.65
0.461853853194,0.523944698379,-0.124083293287,-1.39341649258,0.077479054906,1.90789334861,0.15438655503,-0.00716804515989,-0.0654144670246,-0.000464766031178,-0.111765911931,-0.00273013268945,0.0416032838762,-0.0131852415908,0.574123464562,0.818754330175,0.00208354512947,0.0,0.818710489977,-0.5740618872,-0.0121173498298,0.0,-0.0087252167818,0.00866284190601,-0.999924410024,0.0,0.657293629931,0.25517237041,0.303346835108,1.0,-0.01334,-0.0175325714286,0.668
0.46169447149,0.522716088508,-0.124084184734,-1.39532748603,0.0773586232081,1.90863718413,0.154131105516,-0.0143845670133,-0.0693334167496,0.000892501899615,-0.109394444444,-0.00163576003375,0.0401169090225,-0.00796146078248,0.57411567666,0.818759668052,0.00213135791132,0.0,0.81871652895,-0.574053970004,-0.0120843554765,0.0,-0.00867083534855,0.00868296304646,-0.999924708549,0.0,0.657072063888,0.254887376386,0.303365359652,1.0,-0.01368,-0.0179794285714,0.685
0.461524027908,0.521487555741,-0.124090157884,-1.3973141079,0.0772463772612,1.90940533976,0.153861209807,-0.010763046663,-0.0621463955961,-0.000278939498776,-0.11896578417,-0.00415574376206,0.0404191818524,-0.0144691069289,0.574114858428,0.818760218772,0.00214018448222,0.0,0.818717158767,-0.574053077795,-0.0120840686907,0.0,-0.00866554207435,0.00869001645389,-0.999924693162,0.0,0.656840394565,0.254586171233,0.303349835887,1.0,-0.01402,-0.0184262857143,0.702
0.46137119144,0.520265823548,-0.12409362304,-1.39922856456,0.0771205423006,1.91010379597,0.15360014894,-0.00775883717745,-0.0812639740619,-0.000873661275013,-0.121110114634,-0.00524841966556,0.042279245244,-0.0155129642213,0.574096782929,0.818772896033,0.0021390311441,0.0,0.818729876722,-0.574035065461,-0.0120780579932,0.0,-0.00866147439892,0.00868543016427,-0.999924768252,0.0,0.656606675186,0.254299652256,0.303357343627,1.0,-0.01434,-0.0188468571429,0.718
0.461208588676,0.519024397019,-0.124096682409,-1.40117842878,0.0769914836074,1.91079538007,0.153345556909,-0.0115384214788,-0.0768023184365,-0.000421411425975,-0.123765679847,-0.0147137733436,0.0304988588958,-0.0182200644267,0.574092307988,0.818776086123,0.00211886855682,0.0,0.818732834072,-0.574030708098,-0.0120846792898,0.0,-0.0086785178813,0.00867267565923,-0.999924731179,0.0,0.656365651988,0.254002091711,0.303360874878,1.0,-0.01466,-0.0192674285714,0.734
0.461033289651,0.517660594663,-0.124099965423,-1.40330205194,0.0768512453795,1.91156107465,0.153049070926,-0.00674300298796,-0.0811986423556,0.000343952887072,-0.122340034722,-0.00956327709267,0.0467841673075,-0.00772997748235,0.57407003637,0.818791704439,0.00211777824327,0.0,0.818748488177,-0.574008494,-0.0120792725563,0.0,-0.00867495248445,0.00866844306508,-0.99992479882,0.0,0.656104722509,0.253680317555,0.30337363724,1.0,-0.015,-0.0197142857143,0.751
0.460839873568,0.516321243238,-0.124103189473,-1.40543752082,0.0767209273675,1.91235643912,0.15275796466,-0.00990655423969,-0.0807849051778,0.00074885113022,-0.129860767782,-0.00492391375609,0.0563466841094,-0.0162540582375,0.574070262626,0.818791553203,0.00211491679705,0.0,0.818748284335,-0.574008717283,-0.0120824783232,0.0,-0.0086792176168,0.00866794288803,-0.999924766144,0.0,0.655849523624,0.253348595499,0.30336582518,1.0,-0.01534,-0.0201611428571,0.768
0.460668626777,0.515028022824,-0.124111389205,-1.40749548718,0.0765996062166,1.91313235039,0.152468733217,-0.012597414706,-0.0773422681403,-0.00185397135875,-0.125113320844,-0.00517531058782,0.0522314826141,-0.0168869036465,0.57405553147,0.818801859747,0.00212324369989,0.0,0.818758683763,-0.57399393644,-0.0120799666543,0.0,-0.00867253712611,0.00867316288016,-0.999924778844,0.0,0.655601869795,0.253037275199,0.303360637049,1.0,-0.01566,-0.0205817142857,0.784
0.46048015924,0.513609239564,-0.124111689184,-1.40977342812,0.0764647162639,1.91392182561,0.152156289235,-0.00639788730454,-0.0785339918697,-0.00162326356372,-0.133824021825,-0.00739670038741,0.0388005216423,-0.0222328535899,0.574041863859,0.818811606713,0.00205867703638,0.0,0.818767422333,-0.573980386569,-0.0121313998365,0.0,-0.00875185925104,0.0086496755969,-0.99992429117,0.0,0.655295568167,0.252670228537,0.303334176466,1.0,-0.01602,-0.0210548571429,0.802
0.460277454452,0.512193514684,-0.124112772488,-1.41205423812,0.0763233578487,1.91473211978,0.151839085179,-0.0125032055056,-0.0807773383406,0.000987795987466,-0.134427574128,-0.0113886399167,0.0528125301463,-0.012424257104,0.57402572551,0.818823019043,0.0020191184784,0.0,0.818778229091,-0.573964337751,-0.012161309861,0.0,-0.008799227868,0.00863428120483,-0.999924008501,0.0,0.655025641378,0.25234035358,0.3033158123,1.0,-0.01634,-0.0214754285714,0.818
0.460067118145,0.510661403023,-0.124121560855,-1.41450213576,0.0761636759954,1.91566816536,0.151494606548,-0.0144011530679,-0.0872676274703,-0.00101282604652,-0.138518323147,-0.0117644536919,0.0614309851249,-0.0237488746169,0.574007186049,0.818835998194,0.00202616065977,0.0,0.818791430648,-0.57394589748,-0.0121427659434,0.0,-0.00878019631981,0.0086292040343,-0.999924219624,0.0,0.654732921564,0.251964814068,0.303304959742,1.0,-0.0167,-0.0219485714286,0.836
0.45988073227,0.509246160459,-0.12411946058,-1.41671170264,0.0760312538662,1.91648256782,0.151187756522,-0.00880366980015,-0.0876105130842,0.00141531309353,-0.137640071828,-0.0106669411897,0.0508166559291,-0.0112101774357,0.57398644272,0.818850491795,0.00204513104807,0.0,0.81880609344,-0.573924995615,-0.0121419790292,0.0,-0.00876888249977,0.00864406353959,-0.999924190559,0.0,0.654458789472,0.251634304936,0.303314314006,1.0,-0.01702,-0.0223691428571,0.852
0.459682290837,0.507814740053,-0.124125692854,-1.41894927915,0.0758875993458,1.91727174945,0.150866004812,-0.0155098658984,-0.0868183792471,0.000307938924187,-0.138964617978,-0.00387816792145,0.0510077749967,-0.0232057540471,0.573957192303,0.818871039223,0.00202717191303,0.0,0.818826373029,-0.573895795737,-0.0121545616571,0.0,-0.00878980232825,0.00863626618232,-0.999924074258,0.0,0.654160515193,0.251264296175,0.303317892325,1.0,-0.01736,-0.022816,0.869
0.459437630704,0.506074372204,-0.124131249204,-1.4216691197,0.0757198408782,1.91828624284,0.150503759177,-0.0136016799452,-0.0880077945242,-0.000338405404805,-0.144013060033,0.000266706333718,0.0503924274448,-0.0245101162211,0.57397025707,0.818861814719,0.00205409241563,0.0,0.818817523708,-0.573908762949,-0.0121384340232,0.0,-0.0087610071514,0.00864919348575,-0.999924215231,0.0,0.653846623803,0.250863191083,0.303329675407,1.0,-0.01772,-0.0232891428571,0.887
0.459225663182,0.504524323226,-0.124137656989,-1.42399479556,0.0755706783716,1.9191897025,0.150177239099,-0.0167000251443,-0.0964349231235,-0.000232548749132,-0.150974350573,-0.00893969280035,0.0547649452061,-0.0199217603706,0.573965289283,0.818865067312,0.00214362655806,0.0,0.818822065246,-0.573903526119,-0.0120795312797,0.0,-0.00866143811361,0.00868864767413,-0.999924740614,0.0,0.653552797308,0.250475095281,0.303376298854,1.0,-0.01806,-0.023736,0.904
0.458998047375,0.502855021638,-0.124141221122,-1.42647259555,0.0754151846395,1.92012277266,0.149831016813,-0.0154517999878,-0.100138419372,0.000968291118624,-0.148598452901,-0.0134551544617,0.0497016889297,-0.0165739389444,0.573951542882,0.818874385107,0.00226157917388,0.0,0.818832997157,-0.573889360996,-0.012011286521,0.0,-0.00853800302029,0.00874592047005,-0.9999253029,0.0,0.653273438458,0.250117884455,0.303451760131,1.0,-0.01838,-0.0241565714286,0.92
0.458774303625,0.50124628981,-0.124149363141,-1.4288759234,0.0752556934218,1.92097715044,0.149491140099,-0.014507130918,-0.100983668839,0.00188190340042,-0.153618409964,-0.0111821862471,0.0561947164093,-0.0233610653356,0.573941767226,0.818881109512,0.00230721010852,0.0,0.818840382915,-0.573879467466,-0.0119804436297,0.0,-0.00848666185804,0.00876548256038,-0.999925568673,0.0,0.652974209548,0.249735371937,0.303505027369,1.0,-0.0187,-0.0245771428571,0.936
0.458532962144,0.499532384887,-0.124147933114,-1.43147889387,0.0750945450916,1.92191304671,0.14912718345,-0.0129716569463,-0.100459919406,-0.000114384002915,-0.154380432703,-0.0123411784475,0.0604906250607,-0.0215643313003,0.573929373723,0.818889677115,0.0023489556388,0.0,0.818849423856,-0.573866832744,-0.0119677160828,0.0,-0.0084524141613,0.00879223404553,-0.999925623892,0.0,0.652647166897,0.249330008735,0.303542859623,1.0,-0.01904,-0.025024,0.953
0.458289423923,0.497969830423,-0.124152657361,-1.43396741116,0.0749432034728,1.92284100549,0.148763678037,-0.0183509102757,-0.104154381388,-0.000659170402786,-0.155974040178,-0.00826476735785,0.056963917598,-0.0219972403137,0.573920356935,0.818895995601,0.00234929471996,0.0,0.818855708894,-0.573857776357,-0.0119719433164,0.0,-0.00845577819728,0.00879484470267,-0.999925572491,0.0,0.652342457597,0.248932291968,0.303528650706,1.0,-0.01936,-0.0254445714286,0.969
0.458038610812,0.496289335134,-0.124148342354,-1.43664651964,0.0747762473642,1.92378752662,0.148368980355,-0.0108185253835,-0.100501026823,0.00103376803712,-0.159082369234,-0.00447439387253,0.0658653290014,-0.0295231104497,0.573889811366,0.818917525597,0.00230598831233,0.0,0.818876536144,-0.573827268412,-0.0120096411194,0.0,-0.00851183049362,0.00878069945383,-0.999925221233,0.0,0.651997903161,0.248513047469,0.303506667084,1.0,-0.0197,-0.0258914285714,0.986
0.457762071306,0.494614639233,-0.124151839738,-1.4393799027,0.0746082801874,1.92473208139,0.147992646451,-0.0153686093769,-0.0968273460011,-0.00275698074194,-0.15992258267,-0.00778058468883,0.0535770224626,-0.0219692594944,0.573902892889,0.818908624894,0.00220918739976,0.0,0.818866197165,-0.573840574124,-0.0120786394441,0.0,-0.00862374668577,0.00874116329849,-0.999924608687,0.0,0.651646557552,0.248065831785,0.30345433284,1.0,-0.0215445714286,-0.028315722449,1.003
0.457448972213,0.492315155813,-0.124222436116,-1.4428121474,0.0744151646344,1.9259940816,0.147493214863,-0.0163376035561,-0.165000415194,-0.00648434893162,-0.241188765597,-0.0129355213831,0.0882608783546,-0.0359500509992,0.573921599858,0.818895218477,0.00231630572624,0.0,0.818854303991,-0.573858948818,-0.0120117691526,0.0,-0.00850731134741,0.00879069993069,-0.999925171825,0.0,0.651229387861,0.247498285935,0.303532770151,1.0,-0.0348434285714,-0.0457942204082,1.02
0.457041243471,0.489039291846,-0.124266446451,-1.44800815214,0.0741421942937,1.92799844248,0.146693120155,-0.0291195197768,-0.214854376874,-0.000736705422726,-0.341190079202,-0.0189937940831,0.127354639812,-0.0556562338409,0.573819538269,0.818966498187,0.00239984339975,0.0,0.818926456804,-0.573756334125,-0.0119947613204,0.0,-0.00844654494582,0.00884829401184,-0.999925178987,0.0,0.650575839714,0.246725958185,0.303513206357,1.0,-0.0481422857143,-0.0632727183673,1.037
0.456395703338,0.484581645848,-0.124357458187,-1.45504378385,0.0737429128837,1.9306497763,0.145639774102,-0.0429664957747,-0.284369128169,-0.00778308443343,-0.454210065865,-0.027303199975,0.163733857239,-0.0724074522197,0.573793274917,0.818984724788,0.00245868371013,0.0,0.818945455463,-0.573729842676,-0.0119647607637,0.0,-0.00838849758759,0.00887899806127,-0.999925395468,0.0,0.64970317238,0.245593074542,0.303493444774,1.0,-0.0614411428571,-0.0807512163265,1.054
0.455598553005,0.479376388616,-0.124504527225,-1.46337191056,0.0732377331591,1.93351257304,0.144374290754,-0.0556009498273,-0.345321062378,-0.0125784041325,-0.552753088023,-0.0337853694389,0.195919628814,-0.0837445119873,0.573787065039,0.81898975845,0.00221956057922,0.0,0.818947310167,-0.57372455887,-0.0120905177646,0.0,-0.00862875993974,0.00875525443485,-0.999924442156,0.0,0.648620405883,0.244184612005,0.303392119572,1.0,-0.0739577142857,-0.0972015673469,1.07
0.454536511668,0.472709402048,-0.124654264602,-1.47381435182,0.0726078966379,1.93717976004,0.142864911071,-0.0674892573651,-0.408344587973,-0.00904832877397,-0.651436019444,-0.0407206103254,0.233811462261,-0.0962505875141,0.573863529658,0.818936456258,0.00211585458375,0.0,0.818892542099,-0.573801350927,-0.0121557011222,0.0,-0.00874083487,0.00870853875662,-0.999923876682,0.0,0.647272019676,0.242407939199,0.303358411976,1.0,-0.0872565714286,-0.114680065306,1.087
0.453305023198,0.464943553467,-0.124776087651,-1.48559297301,0.0719239686181,1.94158253998,0.141000326923,-0.0791809387825,-0.474634786973,0.000940280665741,-0.719098724248,-0.0474718850663,0.264677243623,-0.115896145593,0.573810741979,0.818972493004,0.00245662229545,0.0,0.818932962384,-0.573747067758,-0.0119938426763,0.0,-0.00841330938101,0.00889417597962,-0.999925052121,0.0,0.645784253239,0.240437515848,0.303498245914,1.0,-0.100555428571,-0.132158563265,1.104
0.451898524739,0.456765600928,-0.124859247405,-1.49839964826,0.0711126143495,1.94601593576,0.139039954595,-0.0922712222062,-0.533325741621,-0.00383198100545,-0.858674720691,-0.0479952923857,0.272429821821,-0.131259177701,0.573794158424,0.818984602982,0.00228708059941,0.0,0.818942377263,-0.573730690284,-0.0121336164992,0.0,-0.00862524282291,0.00883535559882,-0.999923767933,0.0,0.64406947919,0.238247836566,0.303420125375,1.0,-0.113072,-0.148608914286,1.12
0.450173685352,0.446893299474,-0.125033894144,-1.51330087313,0.0700708792749,1.95133432148,0.136694533388,-0.109343094464,-0.606802637068,-0.0119510398875,-0.903559505612,-0.064626707099,0.329314045925,-0.138412179628,0.573809981787,0.818972978223,0.0024723762399,0.0,0.818934167367,-0.573746790109,-0.0119246492723,0.0,-0.00834760831453,0.00886736688348,-0.99992584087,0.0,0.642002342887,0.23544423274,0.30357405796,1.0,-0.127153142857,-0.167115559184,1.138
0.448248661779,0.436193297158,-0.125154058989,-1.52975504181,0.0690113930469,1.95697425044,0.134101896646,-0.121786916534,-0.647905232878,-0.00708268303624,-0.977398915633,-0.0630583986605,0.337906518815,-0.151173418538,0.57379041346,0.818986999961,0.00236690041429,0.0,0.818946176255,-0.573726980226,-0.0120523632565,0.0,-0.00851293809916,0.00885406500819,-0.999924564864,0.0,0.639857488644,0.232717524248,0.303546255014,1.0,-0.139669714286,-0.183565910204,1.154
0.446048294903,0.424387443469,-0.125300103015,-1.54740495053,0.0678009294219,1.96318870341,0.131156699372,-0.137251390686,-0.701917095331,-0.0107199375178,-1.05764570139,-0.0728365433808,0.354889858104,-0.176524790537,0.57371667164,0.819037811784,0.00264394606194,0.0,0.819000969423,-0.573652543889,-0.0118708835107,0.0,-0.00820615406408,0.00897609098256,-0.999926041678,0.0,0.637455153318,0.229539471585,0.303728022586,1.0,-0.152968571429,-0.201044408163,1.171
0.443560513559,0.411707958017,-0.125449562228,-1.56632716047,0.0664174579058,1.96988278029,0.128015355667,-0.150847796243,-0.771716211997,0.000194141411524,-1.13958114174,-0.0861844293709,0.403064347306,-0.194288861414,0.573697482365,0.819050226208,0.0029449242359,0.0,0.819018286759,-0.573633411364,-0.0115975093474,0.0,-0.00780978608137,0.0090655832572,-0.999928408658,0.0,0.634856120363,0.226057338048,0.303902625708,1.0,-0.166267428571,-0.218522906122,1.188
0.440604810524,0.397367823023,-0.125622365569,-1.58775099896,0.0649926853667,1.97719350893,0.124366526715,-0.173028836964,-0.80650511116,-0.0120976340118,-1.19558057233,-0.0855260365029,0.423122471592,-0.208559306894,0.573728046751,0.819028065239,0.00314700231149,0.0,0.818998137131,-0.573662600416,-0.0115766644786,0.0,-0.00767644337561,0.00921942363232,-0.999928034633,0.0,0.631805764845,0.222048408006,0.304019087987,1.0,-0.180348571429,-0.23702955102,1.206
0.43787850307,0.384827824138,-0.125749834509,-1.60673098542,0.0635851948041,1.9835441114,0.121085652614,-0.189323874729,-0.85872218276,-0.00805112088091,-1.29259013448,-0.103140964653,0.424824766553,-0.234104500999,0.573707202103,0.819043159424,0.0030159834844,0.0,0.819011578903,-0.573642239119,-0.0116345185642,0.0,-0.00779922748339,0.00914510856049,-0.999927766911,0.0,0.629028916319,0.218430957283,0.303958912433,1.0,-0.192082857143,-0.252451755102,1.221
0.434487084904,0.369658071284,-0.12592063403,-1.62918664634,0.0618948834533,1.99103262383,0.117029795333,-0.208590248932,-0.901598127094,-0.010848432415,-1.34963253593,-0.0982351626347,0.445203368251,-0.232282372059,0.573644590986,0.819086606176,0.00312437452837,0.0,0.81905670546,-0.573579611825,-0.0115450872982,0.0,-0.00766449640924,0.00918199357074,-0.999928470686,0.0,0.625703232311,0.214058993242,0.304054878175,1.0,-0.205381714286,-0.269930253061,1.238
0.430208013427,0.35194567722,-0.126141487218,-1.65552766881,0.0598404406658,1.99965202389,0.112221595099,-0.243378022557,-0.949189140449,-0.0148770653119,-1.43416893397,-0.106898631214,0.459839903872,-0.269775304653,0.573715221703,0.819037519482,0.00302208027859,0.0,0.819006643601,-0.573650973086,-0.0115510049963,0.0,-0.00772723596035,0.00910226646483,-0.999928716744,0.0,0.621718885295,0.208747493127,0.304025823034,1.0,-0.220245142857,-0.289465044898,1.257
0.426252758005,0.336218230669,-0.126347862878,-1.67855353101,0.0580994496113,2.00711543614,0.107848993893,-0.252279974755,-0.987003819133,-0.0121443122143,-1.46812360458,-0.126676159802,0.474957490487,-0.2759635341,0.573796378054,0.818980253751,0.00313167678998,0.0,0.818950512495,-0.573731433827,-0.0115345924893,0.0,-0.00765000935514,0.00918337251317,-0.999928568962,0.0,0.61816632903,0.204007995809,0.304087361549,1.0,-0.232761714286,-0.305915395918,1.273
0.421767391448,0.318820264989,-0.126477449561,-1.7038939778,0.056038095631,2.01517140616,0.102887930152,-0.269574700146,-1.03549931632,-0.00735307764787,-1.51408429998,-0.120556431676,0.456837678585,-0.293960871253,0.573694447445,0.819051562491,0.00315687407169,0.0,0.819022177945,-0.57362947484,-0.0115171406796,0.0,-0.00762240280803,0.00919304653064,-0.999928690893,0.0,0.614125852526,0.198783157906,0.304122613943,1.0,-0.246060571429,-0.323393893878,1.29
0.417202928804,0.30179437268,-0.126638731411,-1.72850397516,0.053989415664,2.02289339527,0.0978469552498,-0.2942709816,-1.06544616525,-0.00206741690175,-1.57060343172,-0.121498577903,0.470328010527,-0.316596059558,0.573541511011,0.819158503401,0.00319817986452,0.0,0.81912978591,-0.573476592485,-0.0114777440719,0.0,-0.00756815607595,0.00920286424938,-0.999929012632,0.0,0.610119069568,0.193597431723,0.304155622751,1.0,-0.258577142857,-0.339844244898,1.306
0.411870741712,0.283014192832,-0.12685648717,-1.75534620652,0.0517575532938,2.03111686024,0.0922626322498,-0.325765869775,-1.11075073328,-0.00718284382945,-1.5817384753,-0.126467617437,0.471445179507,-0.331294735699,0.573566414074,0.819140801143,0.00326549394927,0.0,0.819112564959,-0.573500811971,-0.0114965863194,0.0,-0.00754470475567,0.00926904137175,-0.999928578601,0.0,0.605384599966,0.187403885583,0.304210227429,1.0,-0.272658285714,-0.358350889796,1.324
0.405704993632,0.262415020676,-0.127119774352,-1.78456436584,0.0492373464434,2.03989160137,0.0858762822672,-0.346444541167,-1.16313608031,-0.0109416323343,-1.60464719699,-0.142871343233,0.476602571204,-0.360963715474,0.573555383131,0.819148217053,0.00334183796886,0.0,0.819121007457,-0.573489602373,-0.0114541701138,0.0,-0.00746629744791,0.00930714980334,-0.999928813149,0.0,0.600689035583,0.181213021418,0.304266456865,1.0,-0.285957142857,-0.375829387755,1.341
0.400074957509,0.244809265503,-0.127371595654,-1.80937657813,0.0469848898006,2.04720603304,0.0802988130126,-0.38737395159,-1.18053046593,-0.00948758255252,-1.64937418594,-0.144829108313,0.474388927708,-0.377146613706,0.573662647685,0.819073125355,0.00333599648632,0.0,0.819046171947,-0.573597283464,-0.0114136550633,0.0,-0.00743524275367,0.00928010140582,-0.999929295942,0.0,0.596392843736,0.175454730152,0.304273563212,1.0,-0.297691428571,-0.391251591837,1.356
0.39379407453,0.225393296105,-0.127566685507,-1.83636068283,0.0445936750524,2.05497964989,0.0739165924736,-0.389524543388,-1.21354943527,-0.00982985481829,-1.67917727545,-0.144506952417,0.4821850991,-0.409251673737,0.573535676854,0.819161633868,0.00343392992677,0.0,0.819135271503,-0.573469196663,-0.0114557566129,0.0,-0.00741500602959,0.00938331890373,-0.999928482949,0.0,0.591238795901,0.168825170616,0.304306705515,1.0,-0.310990285714,-0.408730089796,1.373
0.385637150804,0.201740812515,-0.127864444688,-1.86914119479,0.0414097524451,2.06398591261,0.0658919827489,-0.452357838912,-1.25227469381,-0.0226324230901,-1.7335833724,-0.169703491632,0.456506994795,-0.432349450792,0.573462857043,0.819213329045,0.0032588354262,0.0,0.819184777119,-0.573397007481,-0.0115290784702,0.0,-0.00757631414067,0.00928126534399,-0.999928226213,0.0,0.58552505365,0.161371315807,0.304266413872,1.0,-0.325071428571,-0.427236734694,1.391
0.377669786765,0.179851952832,-0.128252041154,-1.89883226272,0.0385634371762,2.07192740053,0.0581654132804,-0.489788354995,-1.29557651283,-0.0329795846121,-1.74747906453,-0.166707713259,0.458652755327,-0.459380463029,0.573509169897,0.819180639054,0.00332558947796,0.0,0.819152511684,-0.573442565965,-0.0115556497846,0.0,-0.00755927555108,0.00935161613685,-0.999927699701,0.0,0.579945005671,0.153975790924,0.304331701989,1.0,-0.338370285714,-0.444715232653,1.408
