position_joint1,position_joint2,position_joint3,position_joint4,position_joint5,position_joint6,position_joint7,velocity_joint1,velocity_joint2,velocity_joint3,velocity_joint4,velocity_joint5,velocity_joint6,velocity_joint7,ee_T_00,ee_T_10,ee_T_20,ee_T_30,ee_T_01,ee_T_11,ee_T_21,ee_T_31,ee_T_02,ee_T_12,ee_T_22,ee_T_32,ee_T_03,ee_T_13,ee_T_23,ee_T_33,v_x,v_y,time
0.465076310844,0.547830652923,-0.123993842537,-1.35584164128,0.0795389068673,1.89410431035,0.1591517947,-0.00467907251321,0.00095484371369,-0.000526689234796,-1.71401318996e-05,-2.39349383402e-06,-7.4777385962e-05,-0.00182900381298,0.573812155909,0.818972943589,0.00191684666881,0.0,0.818929023741,-0.573753389879,-0.0119602917095,0.0,-0.00869552544923,0.00843288450144,-0.999926634457,0.0,0.661672882625,0.260894006446,0.303175799648,1.0,0.0,0.0,0.0
0.465079054904,0.547826165644,-0.123990683654,-1.35583384591,0.0795396189441,1.89410548302,0.159150135124,-0.000586142278743,-0.00440915551727,0.00155063452189,0.00254352534928,0.000248449610237,0.000340348488984,0.000348891547328,0.573806106491,0.818977152693,0.00192935793823,0.0,0.818933383331,-0.573747276109,-0.0119550710978,0.0,-0.00868413342267,0.00844007092096,-0.999926672826,0.0,0.661673543336,0.260898832671,0.303182687087,1.0,-0.00016,-0.000210285714286,0.009
0.465079019919,0.547831275579,-0.1239885528,-1.35583985273,0.0795396189441,1.89410512415,0.159151709911,-0.000201979960823,0.002141195104,0.00036085642398,-0.0014102126996,5.18838917866e-05,0.000208015813362,-0.00387721938233,0.573806269953,0.818977059848,0.00192013213128,0.0,0.818933151792,-0.573747460638,-0.0119620737676,0.0,-0.00869516047826,0.00843653521706,-0.999926606836,0.0,0.661671477074,0.260899235506,0.303176106635,1.0,-0.00038,-0.000499428571429,0.02
0.465078975007,0.547819720939,-0.123988178,-1.35584576479,0.0795381782263,1.89410687562,0.159151747939,0.00023334404242,0.0033135884647,0.00124688674055,0.000927850408639,-0.000287175185284,5.64607368745e-06,-0.00141051950407,0.573806009174,0.818977228426,0.00192615078892,0.0,0.818933406884,-0.573747182263,-0.0119579611886,0.0,-0.00868834160162,0.0084391016941,-0.999926644451,0.0,0.661670784681,0.260898759886,0.303181615287,1.0,-0.0007,-0.00092,0.036
0.465083676035,0.547771302757,-0.123990959715,-1.35588444902,0.0795383786065,1.89411056629,0.159154902717,0.00164194216482,-0.00502325015988,0.000505304376561,-0.00477071822286,-9.28713121008e-05,9.00730009437e-05,-0.000288823957175,0.573808792102,0.81897524758,0.00193929347314,0.0,0.818931575796,-0.573749888453,-0.0119535168396,0.0,-0.00867713206094,0.00844734435654,-0.999926672188,0.0,0.661663337197,0.260896591069,0.303197916604,1.0,-0.00104,-0.00136685714286,0.053
0.465075821203,0.54766844837,-0.123988667921,-1.35600799776,0.0795348326202,1.89414484327,0.159150869679,-0.000311275681973,-0.00776371777555,0.000507796535933,-0.0122301221083,-0.000254695776642,0.00367531619149,0.000416389002954,0.573816184103,0.818970032153,0.00195453276449,0.0,0.818926497703,-0.573757155673,-0.0119525970214,0.0,-0.00866755848469,0.00845937515361,-0.999926653511,0.0,0.66164629272,0.260881161581,0.303214870382,1.0,-0.00134,-0.00176114285714,0.068
0.465064144307,0.547526648988,-0.123993743829,-1.35622343535,0.0795323317115,1.89419071735,0.159151581729,-0.00180392179351,-0.00652639446973,-0.00136468916964,-0.0117348524689,0.000123756921381,0.0037359337234,0.000103526933846,0.573841042332,0.81895265738,0.00193649342127,0.0,0.818908771968,-0.573781974182,-0.0119756502279,0.0,-0.00869653299498,0.00845809390345,-0.999926412773,0.0,0.661614142024,0.260849491183,0.303216928182,1.0,-0.0017,-0.00223428571429,0.086
0.465046783437,0.547356457066,-0.123994533147,-1.35644293103,0.0795298552449,1.89431198086,0.159139462287,-0.00339480816576,-0.00940997492421,-0.000796231482338,-0.0124724482483,-6.5340911861e-05,0.00445669876386,-0.00558894038347,0.573857757634,0.818940786178,0.00200240814832,0.0,0.818897723767,-0.573798374768,-0.0119452929792,0.0,-0.00863367530742,0.00849483006985,-0.999926646066,0.0,0.661597350245,0.260821575864,0.303243566482,1.0,-0.00204,-0.00268114285714,0.103
0.465029670329,0.547163144509,-0.123989243433,-1.35666279776,0.0795285391727,1.89443100613,0.159130317651,-0.00035114259268,-0.00871346145979,0.00101707377043,-0.00977599845679,-8.73542567505e-05,0.0126258080632,-0.00234107321785,0.573872720872,0.818930085317,0.00208866043192,0.0,0.818888069354,-0.573812903778,-0.0119091657908,0.0,-0.00855443854909,0.00854488899988,-0.999926900555,0.0,0.661579106054,0.260797641752,0.303286005047,1.0,-0.00236,-0.00310171428571,0.119
0.465000763975,0.546940480227,-0.123994533111,-1.35695840366,0.0795243062278,1.89455477589,0.159117263994,-0.00119975872564,-0.0139536105711,-0.00116105316484,-0.0166469306529,0.000393430729653,0.0084548365294,-0.000726692269023,0.57390486999,0.818907428102,0.00213806041732,0.0,0.818865984335,-0.573844777148,-0.0118919443944,0.0,-0.00851165067113,0.00857579486044,-0.999927001108,0.0,0.661550861717,0.260751017266,0.303313931889,1.0,-0.0027,-0.00354857142857,0.136
0.464964490145,0.546698038074,-0.123986737779,-1.35733416256,0.0795122284874,1.89469301037,0.159084221738,-0.00706437684702,-0.0157949215823,0.000861658686024,-0.0215801142696,-0.000136531559984,0.0126270060587,-0.00846551042709,0.57391989399,0.818896868241,0.00214973680414,0.0,0.818855440399,-0.573859614873,-0.0119019766212,0.0,-0.00851300814829,0.0085912702468,-0.999926856709,0.0,0.661506966953,0.260697541319,0.303318513433,1.0,-0.00304,-0.00399542857143,0.153
0.46492743836,0.546427763712,-0.123991696473,-1.35772438747,0.0795045799634,1.894840286,0.158950091068,-0.00506457809871,-0.010513960795,-0.000331282971451,-0.0242227357988,-0.0036197004852,0.0139299473921,-0.00705342244766,0.573863658804,0.818936192653,0.00218182668242,0.0,0.818895061976,-0.573803135192,-0.0118990090288,0.0,-0.00849275367137,0.0086152618242,-0.999926822522,0.0,0.661465150695,0.260636152415,0.303337120577,1.0,-0.00336,-0.004416,0.169
0.464876749115,0.546113057434,-0.123991828983,-1.35825104248,0.0794907672473,1.89502346413,0.158928160147,-0.00280846650814,-0.0167156765187,-0.00041722537414,-0.0307822529897,-0.000287810903576,0.0088835951542,-0.00228406394541,0.573913066259,0.818901609866,0.00216624981337,0.0,0.818860097036,-0.57385241792,-0.0119285720464,0.0,-0.00852538329905,0.00861998485306,-0.99992650415,0.0,0.661403100957,0.260554355972,0.303325184622,1.0,-0.00372,-0.00488914285714,0.187
0.464825942553,0.545797906925,-0.123988908088,-1.3587849704,0.079458571866,1.89519487501,0.158874545434,-0.000114880564645,-0.0177190758649,0.000221397214604,-0.0319073478693,0.000396457727614,0.0082799733331,0.000238294422464,0.573929902432,0.818889914365,0.0021265338888,0.0,0.818847825155,-0.573869355372,-0.011956132501,0.0,-0.00857056869794,0.0086034552529,-0.999926260236,0.0,0.661337352736,0.260469616432,0.303308922837,1.0,-0.00404,-0.00530971428571,0.203
0.464761379441,0.545430796213,-0.123989925161,-1.35941830124,0.0793444914243,1.89540753635,0.158760758585,-0.000565158237686,-0.0235301633021,0.00153352526211,-0.0416789028203,-0.0021350394523,0.00875178443489,-0.00920693078508,0.573895293495,0.818914392792,0.00203869668057,0.0,0.818871807159,-0.57383575934,-0.0119260909062,0.0,-0.00859673594891,0.00851392259534,-0.999926801948,0.0,0.661267379132,0.260351925315,0.303285673018,1.0,-0.00438,-0.00575657142857,0.22
0.464696057417,0.545028175922,-0.123990249871,-1.36011298237,0.0793369212374,1.89562828782,0.158690505735,-0.00402102739641,-0.0266632289802,0.000953655097827,-0.039863225804,0.0005112909669,0.00974803362267,-0.00268556495676,0.573928086222,0.818891514361,0.00199661061915,0.0,0.818848009394,-0.573868358257,-0.011991322018,0.0,-0.00867396718918,0.00851724111137,-0.999926106718,0.0,0.661179849416,0.260245117862,0.303259208367,1.0,-0.00472,-0.00620342857143,0.237
0.464631846187,0.54459304324,-0.123998115013,-1.36083250247,0.0793180123137,1.89587858553,0.15861971387,-0.00311516984832,-0.0245398320756,-8.05282004615e-05,-0.0371298745914,7.31040840272e-05,0.0145476287241,-0.00212006843944,0.573963261481,0.818866904213,0.00197852360503,0.0,0.818822949127,-0.573903396232,-0.0120256674192,0.0,-0.00871210736928,0.00852251591145,-0.999925730196,0.0,0.661095353716,0.260132335268,0.303246688951,1.0,-0.00506,-0.00665028571429,0.254
0.464566466637,0.544142331263,-0.123996069088,-1.36157476037,0.079291399176,1.89614193942,0.158507328822,-0.00787468652308,-0.0332246778848,0.00101943329322,-0.0478712738221,0.000275628942903,0.0209997255655,-0.00799567649648,0.573957616883,0.818870893895,0.00196470218589,0.0,0.81882655296,-0.573897611207,-0.0120563228389,0.0,-0.00874520234118,0.00852873284796,-0.999925388293,0.0,0.661007011345,0.260021670378,0.303235123012,1.0,-0.00538,-0.00707085714286,0.27
0.464495831767,0.543642210069,-0.123998830847,-1.36240938538,0.079250129895,1.89642545842,0.158422101066,-0.00808745365723,-0.0297200148621,-9.35569843364e-05,-0.0471782356331,-0.000888793561336,0.0144015801493,-0.00269441090153,0.573983000142,0.818853195938,0.00192508466146,0.0,0.818808219957,-0.573923049745,-0.0120904426598,0.0,-0.00879561649525,0.00851614765808,-0.999925053371,0.0,0.660905911715,0.259893429867,0.303216392951,1.0,-0.00572,-0.00751771428571,0.287
0.464404844892,0.543063583284,-0.124001946814,-1.36331026552,0.0791937283469,1.89675384678,0.158289767083,-0.0059947630238,-0.0315300254025,-3.53247564715e-05,-0.0447303871367,-0.00402142018545,0.0153011069344,-0.014198433144,0.573986410137,0.818850797623,0.00192849989404,0.0,0.818805885594,-0.573926463051,-0.0120865060212,0.0,-0.00879039721514,0.00851672123909,-0.999925094383,0.0,0.660806669852,0.259745312707,0.303225480291,1.0,-0.00608,-0.00799085714286,0.305
0.464343946574,0.542513028781,-0.124001890593,-1.36417861916,0.0791438169602,1.89705475045,0.158170713452,-0.00835637444918,-0.037583029639,-1.97769517609e-05,-0.0524111210527,-0.00422483523139,0.0164169596376,-0.00801238204464,0.5739736032,0.818859804189,0.00191593681469,0.0,0.818814664228,-0.573913651231,-0.0121001437082,0.0,-0.00880890861352,0.00851412416632,-0.999924953593,0.0,0.660699651932,0.259621599275,0.303227642536,1.0,-0.0064,-0.00841142857143,0.321
0.464265640969,0.541947037905,-0.12400514265,-1.36506192762,0.0790971423607,1.89739402463,0.158060383032,-0.00543311787798,-0.040440984999,-0.000126269372675,-0.0585327117072,-0.000797561958929,0.0252117903443,-0.0118653030775,0.573986380326,0.818850799415,0.0019365948359,0.0,0.818805895811,-0.573926303372,-0.0120933942144,0.0,-0.00879139206631,0.00852730301739,-0.999924995452,0.0,0.660602218554,0.259486029408,0.303236980348,1.0,-0.00672,-0.008832,0.337
0.464173833923,0.541266936809,-0.124010917625,-1.36611580055,0.0790264295813,1.89778296396,0.157913978963,-0.00264644018232,-0.0350031756171,-0.0010423334064,-0.0586830253318,-0.00629624551043,0.0176826187679,-0.00802659765906,0.57398532125,0.818851524044,0.00194408393127,0.0,0.818806802178,-0.573925293075,-0.0120799659461,0.0,-0.00877610855263,0.00852571642765,-0.999925143237,0.0,0.660483606268,0.259320820729,0.303250091423,1.0,-0.00708,-0.00930514285714,0.355
0.464089672265,0.540608696362,-0.124011005802,-1.36712185147,0.0789721475395,1.898146452,0.157793016127,-0.00479550161546,-0.0437137163478,-0.000165445961317,-0.064790630452,-0.00863450378121,0.0181589632832,-0.016443008817,0.573996445469,0.818843685321,0.00196124959367,0.0,0.818799109393,-0.573936264807,-0.0120801199824,0.0,-0.00876626647717,0.0085399797724,-0.999925107854,0.0,0.660365993314,0.259170289329,0.303268039029,1.0,-0.0074,-0.00972571428571,0.371
0.46398820251,0.539873823982,-0.124009111548,-1.36823380216,0.0789095875823,1.89856423667,0.157652395193,-0.0094896397204,-0.040394855303,0.000965908881245,-0.0661949153215,-0.00232483728868,0.0302294818393,-0.01011519127,0.574007921822,0.818835549592,0.00199882743404,0.0,0.818791416497,-0.573947529643,-0.0120663329078,0.0,-0.00873328841299,0.00856295828593,-0.999925199912,0.0,0.660241066117,0.259000269692,0.303294272173,1.0,-0.00774,-0.0101725714286,0.388
0.463883703351,0.539110810747,-0.124014102077,-1.36940210568,0.0788425350159,1.89900524101,0.157507732949,-0.0050521689001,-0.0479357264349,0.00120644159557,-0.0696283026738,-0.002876194573,0.0276370674142,-0.016922484233,0.574025257832,0.818823321243,0.00202949765574,0.0,0.818779587391,-0.573964730139,-0.012050839392,0.0,-0.00870281581661,0.00857936262157,-0.999925324979,0.0,0.660110863486,0.258818796599,0.303315681019,1.0,-0.00808,-0.0106194285714,0.405
0.463780765385,0.538388701985,-0.124021206911,-1.3705212742,0.0787737396004,1.89943747552,0.157363694246,-0.006183475972,-0.0484074537425,-0.00289535359306,-0.0681519784829,-0.000968036445942,0.0274602696725,-0.00764712758918,0.574040115704,0.818812838939,0.00205602804745,0.0,0.818769515635,-0.573979536325,-0.0120299230131,0.0,-0.00867030431943,0.0085892368563,-0.999925522643,0.0,0.659989147104,0.258641556505,0.303330760767,1.0,-0.0084,-0.01104,0.421
0.463671729982,0.537544035957,-0.124029661672,-1.37183688652,0.0787027960122,1.89994783649,0.157200186928,-0.0060230313978,-0.0536522356852,0.000339358906065,-0.0728886609138,-0.00417188666548,0.0291869307985,-0.0122761689333,0.574055198489,0.818802176791,0.00209075842575,0.0,0.818759294314,-0.573994457942,-0.0120136226148,0.0,-0.00863686288526,0.00860847614781,-0.999925646605,0.0,0.659842499876,0.258442759187,0.303345597464,1.0,-0.00876,-0.0115131428571,0.439
0.46355604008,0.536711425164,-0.124032967615,-1.37313564935,0.0786264596149,1.90042978145,0.157043252327,-0.00882354176685,-0.0587610482819,-0.000712859968273,-0.0780530922546,-0.0100593704807,0.0270551196832,-0.0134776183319,0.574074840611,0.81878837168,0.00210396784026,0.0,0.818745648852,-0.574014029358,-0.0120084756989,0.0,-0.00862485926146,0.00861654418252,-0.999925680723,0.0,0.659694307228,0.258241621367,0.303357137097,1.0,-0.0091,-0.01196,0.456
0.463451895098,0.535904529932,-0.124035502688,-1.37441484072,0.0785538260414,1.9008995872,0.156888143398,-0.00695399863732,-0.0527519237517,0.00149642971724,-0.0870222034497,-0.00567708624341,0.0323913520724,-0.0174076238391,0.574085777569,0.8187807057,0.00210306171657,0.0,0.818737920758,-0.574024918507,-0.0120148635952,0.0,-0.00863049482662,0.00861958464018,-0.999925605893,0.0,0.659543898042,0.258050322207,0.303358620416,1.0,-0.00942,-0.0123805714286,0.472
0.463327859476,0.534996661705,-0.124034223851,-1.37583195968,0.0784750612001,1.90140684137,0.156719139608,-0.0079558897394,-0.05528880128,-0.00278639117762,-0.0833439409583,-0.00192129379825,0.0337799571992,-0.0113519053194,0.574104634762,0.818767477225,0.00210558413327,0.0,0.818724617064,-0.574043654675,-0.0120262563253,0.0,-0.00863817665249,0.00862838918161,-0.999925463624,0.0,0.659375875814,0.25783464282,0.303368667144,1.0,-0.00976,-0.0128274285714,0.489
0.463196089161,0.534111335138,-0.124037070856,-1.37730660235,0.0783996069506,1.90193826831,0.156545747435,-0.0100223975349,-0.050553584603,0.00156590788234,-0.0903203816111,-0.00294424640683,0.0298867862712,-0.00926193852035,0.574133183905,0.818747570663,0.00206144934639,0.0,0.818703975045,-0.574072229685,-0.0120674459123,0.0,-0.00869693864519,0.00861620380612,-0.999925059337,0.0,0.659201090126,0.257606529791,0.30333752221,1.0,-0.0101,-0.0132742857143,0.506
0.463072452383,0.533245346956,-0.124039687097,-1.37870063147,0.0783163426705,1.90246827649,0.156363717142,-0.00602430225478,-0.0526310128972,-0.00151919645974,-0.0845125845282,-0.0101436463458,0.0355127196256,-0.0145780317797,0.574141293993,0.818741883912,0.00206130097327,0.0,0.818698289545,-0.574080342539,-0.0120672245572,0.0,-0.00869675723823,0.0086160413887,-0.999925062314,0.0,0.659042201293,0.257391892065,0.303330773524,1.0,-0.01042,-0.0136948571429,0.522
0.462939715662,0.532283446429,-0.124034990499,-1.38025420616,0.0782306004585,1.90304349588,0.156164511243,-0.0134297831853,-0.0538162207962,0.0017186723521,-0.0883193058108,-0.00233990690902,0.0360800988055,-0.0119402849231,0.574145477534,0.818738974685,0.00205155070476,0.0,0.81869512913,-0.574084445011,-0.0120864567183,0.0,-0.00871805768296,0.00861914497862,-0.999924850081,0.0,0.658858127968,0.257160516079,0.303319226797,1.0,-0.01076,-0.0141417142857,0.539
0.462807169965,0.531289756989,-0.124045657603,-1.38185857075,0.0781395442869,1.90362776904,0.155964769963,-0.00904124778118,-0.0626683394353,-0.00143260339598,-0.0978668640403,-0.00239144075314,0.0326551960741,-0.011750607483,0.574160995394,0.818728149353,0.00202872531331,0.0,0.818683962653,-0.574100017615,-0.0121031388543,0.0,-0.00874465759918,0.00861020090365,-0.999924694867,0.0,0.658668171854,0.256914510336,0.303306982019,1.0,-0.0111,-0.0145885714286,0.556
0.462673691704,0.530253361381,-0.124043592722,-1.38351162742,0.0780304774829,1.90420603355,0.155756143122,-0.00781016838357,-0.0610336652152,-0.000395336682417,-0.101778394151,-0.00971851774317,0.0378219390277,-0.0107491934694,0.574158396776,0.81873006225,0.00199185353313,0.0,0.818685387921,-0.574097575106,-0.0121225724844,0.0,-0.00878176531768,0.00859114357106,-0.999924533577,0.0,0.658464637019,0.256666804263,0.303300453466,1.0,-0.01144,-0.0150354285714,0.573
0.462541610252,0.529272625999,-0.124046066668,-1.38505873076,0.0779369681641,1.90478912505,0.155539680071,-0.0148009166359,-0.0674435152738,-0.000362996452546,-0.104148462303,-0.00328422355763,0.0349258004534,-0.0149662517222,0.574148749271,0.818736793209,0.00200600532974,0.0,0.81869231701,-0.574087879593,-0.0121137721012,0.0,-0.00876653636061,0.00859757378215,-0.999924611941,0.0,0.658271863817,0.256418166404,0.3033096723,1.0,-0.01178,-0.0154822857143,0.59
0.462397400579,0.528127603038,-0.12404924772,-1.38685826982,0.0778234252844,1.90548236031,0.155296964382,-0.00815887334563,-0.0589424233164,-0.000284494607777,-0.103415918826,-0.00676899832564,0.0370914215588,-0.0224638198381,0.574138741873,0.818743745421,0.00203256382822,0.0,0.818699679492,-0.574077819792,-0.012092912098,0.0,-0.00873431449571,0.00860723440818,-0.999924810806,0.0,0.658076005189,0.256165385946,0.303315399383,1.0,-0.01212,-0.0159291428571,0.607
0.462274676773,0.527103740524,-0.124046769366,-1.3884194589,0.0777321628234,1.90607297841,0.155070849957,-0.00648872272233,-0.0709421221285,0.00025413237153,-0.106144843776,-0.00125502060907,0.0426102950816,-0.0155083331212,0.574112246766,0.818762204262,0.00208035735761,0.0,0.818718722352,-0.574051081829,-0.0120729458705,0.0,-0.00869080770614,0.00863461983986,-0.999924953785,0.0,0.657890909273,0.255939508388,0.303344096428,1.0,-0.01242,-0.0163234285714,0.622
0.462116767044,0.52586667709,-0.124049363891,-1.39033074838,0.0776001880092,1.90678381805,0.154817507773,-0.0065943865604,-0.0744256283578,-0.000539184668064,-0.106779887657,-0.00971390729583,0.039601367052,-0.0169019240285,0.574103432381,0.818768330077,0.00210178306827,0.0,0.818725268747,-0.574042317249,-0.0120457138851,0.0,-0.00865630328005,0.00863643487245,-0.999925237408,0.0,0.657665204676,0.255650402673,0.303366462819,1.0,-0.01278,-0.0167965714286,0.64
0.461959941228,0.524704865228,-0.12405836857,-1.39218517717,0.0774940550228,1.90743443362,0.154568918382,-0.010323040817,-0.0671426313167,-0.000470810745141,-0.109368172131,-0.0096964133575,0.0333201572871,-0.017124437927,0.574105717806,0.818766813964,0.002067857733,0.0,0.818723208963,-0.574044647282,-0.012074640081,0.0,-0.00869943941709,0.00862528909335,-0.999924959255,0.0,0.657437975805,0.255364169901,0.303357684906,1.0,-0.01312,-0.0172434285714,0.657
0.461809650707,0.523569868424,-0.124059480898,-1.39398371478,0.0773849153704,1.90809501941,0.154315933046,-0.00811712504635,-0.0692830623481,-0.000917128927646,-0.11577791508,-0.00963612097924,0.0489956709161,-0.0167864596164,0.574089577029,0.818778139514,0.00206463116585,0.0,0.818734458456,-0.57402848884,-0.0120800429614,0.0,-0.00870588560828,0.00862557750275,-0.999924900664,0.0,0.657221296778,0.255093326527,0.303356952192,1.0,-0.01344,-0.017664,0.673
0.461637539485,0.522281918195,-0.124061322484,-1.39602723654,0.077255841029,1.90889829529,0.154051737608,-0.00529805174606,-0.0610737928778,-0.000698653372876,-0.113488501837,-0.00503130581384,0.0403876139039,-0.0129385268288,0.574090475967,0.818777422113,0.00209889104331,0.0,0.818734281199,-0.574029333064,-0.0120519074297,0.0,-0.00866317146395,0.00863748562064,-0.999925168851,0.0,0.656985668456,0.254787112047,0.303359199695,1.0,-0.0138,-0.0181371428571,0.691
0.461471817552,0.521101510251,-0.124062770504,-1.39791647916,0.0771387801262,1.90962068766,0.153794741322,-0.00669686430694,-0.0816883990438,-0.00428290010482,-0.123789349575,-0.00972339436077,0.046703560499,-0.0144658528455,0.574086330324,0.818780308846,0.00210667582494,0.0,0.818737297515,-0.574025182741,-0.0120446726048,0.0,-0.00865282237358,0.00863966230758,-0.999925239656,0.0,0.656764363563,0.254498738788,0.303351956194,1.0,-0.01412,-0.0185577142857,0.707
0.461304259155,0.519807599243,-0.124073042704,-1.39996703558,0.0770154191312,1.91036695426,0.153506686714,-0.00889042024822,-0.0730251018616,0.000127965594794,-0.116742810995,-0.0116112905998,0.0506812220724,-0.0151361087233,0.574070907881,0.818791149649,0.00209592053609,0.0,0.818747979196,-0.574009789331,-0.0120521871803,0.0,-0.00866531212587,0.00863500699066,-0.99992517171,0.0,0.656514879757,0.254187033913,0.303349656366,1.0,-0.01446,-0.0190045714286,0.724
0.461132388833,0.518456282828,-0.12407762985,-1.40203625418,0.0768833074434,1.91110934225,0.153241428,-0.0131453374115,-0.079347252062,-0.00119462315338,-0.116990286206,-0.0101629912845,0.050839826274,-0.0158124124685,0.574071751787,0.818790512908,0.00211345074273,0.0,0.818747589232,-0.574010576537,-0.0120411814704,0.0,-0.00864622853956,0.0086430512464,-0.999925267406,0.0,0.656261273434,0.253872748411,0.303377798918,1.0,-0.0148,-0.0194514285714,0.741
0.46095748452,0.517096065887,-0.124085826221,-1.40417215133,0.0767412920893,1.9118762222,0.152931927474,-0.00403911459393,-0.0799906671905,-0.00181292138081,-0.121424343177,-0.00995890268426,0.0519950617745,-0.0159550839952,0.574041976538,0.818811427596,0.00209812102098,0.0,0.818768376865,-0.573980943011,-0.0120403075792,0.0,-0.0086546265838,0.00862968325182,-0.999925310214,0.0,0.655998366067,0.2535466942,0.303382299782,1.0,-0.01514,-0.0198982857143,0.758
0.460781458539,0.515837515137,-0.124084022054,-1.40620281026,0.0766158155942,1.91264844187,0.152659427897,-0.0150620981638,-0.0742934070303,-0.000214037325517,-0.124848520004,-0.00635266284,0.0486300783809,-0.022984363274,0.574035339392,0.818816088041,0.00209523149182,0.0,0.818772995917,-0.573974315312,-0.0120421518495,0.0,-0.00865786529883,0.00862830581128,-0.999925294063,0.0,0.655755158791,0.25323991856,0.303365395847,1.0,-0.01546,-0.0203188571429,0.774
0.460593665749,0.514429969153,-0.124083975508,-1.40842775588,0.0764782982344,1.91345409624,0.152351722537,-0.0136604828292,-0.0770904661182,-0.00170010868904,-0.132853204298,-0.0128887366149,0.0421778665409,-0.0246733637667,0.574017113291,0.818828893287,0.0020842429918,0.0,0.818785605125,-0.573956085965,-0.012053676827,0.0,-0.00867380190412,0.00862573100812,-0.999925178163,0.0,0.655479682991,0.252903727088,0.303363011978,1.0,-0.0158,-0.0207657142857,0.791
0.46040447319,0.51302761361,-0.124087386473,-1.41069436611,0.0763378882724,1.91424622671,0.152043340977,-0.0104244241823,-0.0806029859852,0.000163883314676,-0.131597797296,-0.00687536970418,0.0486578670147,-0.00751144087274,0.574002836993,0.818839058882,0.00202130512368,0.0,0.81879486007,-0.573941995119,-0.0120958779327,0.0,-0.00874463376866,0.00859826803852,-0.999924797756,0.0,0.655191870442,0.252558304212,0.30333569083,1.0,-0.01614,-0.0212125714286,0.808
0.460212035066,0.511685691374,-0.124093572825,-1.41285611295,0.0762152987788,1.91502932504,0.151734572593,-0.0140532455568,-0.0870134520853,-0.000339632734936,-0.130254882249,-0.00521818003861,0.0468773350778,-0.0157007935208,0.573992161469,0.818846610999,0.00199327105753,0.0,0.818801914021,-0.573931314434,-0.0121251312753,0.0,-0.00878479110906,0.0085919898883,-0.999924499727,0.0,0.65492526754,0.252223061504,0.303314843057,1.0,-0.01646,-0.0216331428571,0.824
0.460001156182,0.510124365862,-0.124093986376,-1.41532546413,0.0760646745944,1.91597102887,0.151387555435,-0.0124349609128,-0.0891215064364,-0.000395374630853,-0.143017559168,-0.00331852206987,0.056282584385,-0.0267252394632,0.573969451978,0.818862463975,0.00201994808439,0.0,0.81881810997,-0.57390848516,-0.0121119919268,0.0,-0.00875895884474,0.00860604913442,-0.999924605437,0.0,0.654626741506,0.251851763183,0.303314272347,1.0,-0.01682,-0.0221062857143,0.842
0.45979453924,0.508611884286,-0.124099886503,-1.41769311723,0.0759128802487,1.91680992732,0.151058495481,-0.0127625316048,-0.0853536515789,-0.000569982055877,-0.136438403115,-0.00249421633682,0.0480551642214,-0.0166949789549,0.573955253818,0.818872459416,0.00200218057219,0.0,0.818827862567,-0.573894356298,-0.0121221365523,0.0,-0.0087776126375,0.00859717072224,-0.999924518237,0.0,0.654329870841,0.251484497019,0.303318598743,1.0,-0.01716,-0.0225531428571,0.859
0.459599587742,0.507167892602,-0.124102942822,-1.41995090609,0.0757654570338,1.91763203677,0.150747073701,-0.0105619171589,-0.0906006467899,-0.000317093198296,-0.140146164583,-0.00162455540293,0.0548038776015,-0.0229279283251,0.573939127375,0.818883758593,0.00200371692159,0.0,0.818839217718,-0.57387826032,-0.0121171267529,0.0,-0.00877279762118,0.00859538063917,-0.999924575882,0.0,0.654049383045,0.251138281519,0.303325256172,1.0,-0.01748,-0.0229737142857,0.875
0.459379370498,0.505579318365,-0.124104992218,-1.4224086627,0.0756160739241,1.91856383383,0.150411344426,-0.0176959551474,-0.0996925696858,-0.00283722214267,-0.141389316035,-0.00502013696043,0.0623407186461,-0.0168785624779,0.573932836884,0.81888803735,0.00205619377004,0.0,0.818844176931,-0.573871736668,-0.0120909330503,0.0,-0.00872129685754,0.0086232518257,-0.999924786426,0.0,0.653751996691,0.250761438369,0.303346781725,1.0,-0.01782,-0.0234205714286,0.892
0.45914233342,0.50383762099,-0.12411301466,-1.42503691729,0.0754447643601,1.91956146059,0.150053740261,-0.0127647468525,-0.0985613778315,-0.00183455609662,-0.144916149889,-0.0146098805662,0.0524096212201,-0.0278366052943,0.573928859134,0.818890602062,0.00214322412747,0.0,0.818848016931,-0.573867526109,-0.012030567212,0.0,-0.00862195769885,0.00865983126992,-0.999925331796,0.0,0.653436515471,0.250352937883,0.303399331882,1.0,-0.01818,-0.0238937142857,0.91
0.458937981898,0.502353732209,-0.124115266871,-1.42721632361,0.0753086549771,1.92038470875,0.149733995834,-0.0153125535226,-0.103709815714,0.00460815494785,-0.148073297209,-0.00684775895139,0.0458573802783,-0.0240048368626,0.573910977243,0.818902843759,0.00225157356701,0.0,0.818861714756,-0.573849240482,-0.0119703051757,0.0,-0.0085106170235,0.00871378470064,-0.999925816925,0.0,0.653174883527,0.250012960464,0.303469501381,1.0,-0.01848,-0.024288,0.925
0.45870290547,0.500633083032,-0.124122253437,-1.42980807193,0.075146351476,1.92128978583,0.149376106259,-0.0164839843161,-0.104762854955,-0.000859669893392,-0.155848102952,-0.0163981889557,0.061214419733,-0.0231379058196,0.573903601169,0.818907931913,0.00228090259459,0.0,0.818867131397,-0.573841690645,-0.0119616928887,0.0,-0.00848681158199,0.00873278292265,-0.999925853517,0.0,0.652845710175,0.249605885641,0.303515379617,1.0,-0.01882,-0.0247348571429,0.942
0.458459453369,0.498933553925,-0.124122371852,-1.43242582356,0.0749776493727,1.92224971151,0.149011021341,-0.0132687987744,-0.101955640814,-0.00155232585263,-0.157522210962,-0.00887987757693,0.053703304053,-0.0192355904593,0.573891668849,0.818916204797,0.00231275758115,0.0,0.818875833893,-0.573829646019,-0.0119437396859,0.0,-0.00845395587536,0.00874844242809,-0.999925994954,0.0,0.652520384278,0.249196746847,0.303538079674,1.0,-0.01916,-0.0251817142857,0.959
0.458214134136,0.497369343864,-0.124117160847,-1.4349143215,0.0748276615245,1.92317391372,0.148639021435,-0.0154318342043,-0.103715826026,-0.000830196981856,-0.159627294185,-0.00555295464927,0.0619458423874,-0.0300152388038,0.573870815093,0.818930822061,0.00231152848476,0.0,0.818890362922,-0.573808725166,-0.0119527126254,0.0,-0.00846223248733,0.00875236984692,-0.999925890576,0.0,0.652192237403,0.248774405771,0.303527600157,1.0,-0.0195,-0.0256285714286,0.976
0.457931764801,0.49558534647,-0.124120270312,-1.43776944794,0.0746512158422,1.92415589284,0.148221290391,-0.0157070681163,-0.0992947114447,-0.000326861853318,-0.156876369385,-0.0128391857068,0.0518549114082,-0.0192404272721,0.573857821443,0.818940125956,0.00224003769556,0.0,0.818898536629,-0.573795822178,-0.0120119965012,0.0,-0.00855194630791,0.0087277097697,-0.999925342861,0.0,0.651844860494,0.248341044297,0.303493617593,1.0,-0.01984,-0.0260754285714,0.993
0.457625662948,0.493741696436,-0.124148996082,-1.44077787144,0.0744571204988,1.92522135677,0.147793633997,-0.0221415112081,-0.118141902447,-0.00358512258408,-0.175683014137,-0.0137445542631,0.0664098099031,-0.02312931263,0.573877711935,0.818926444503,0.00214409401904,0.0,0.818883650953,-0.573816161087,-0.0120551390771,0.0,-0.00864212277102,0.00867410617233,-0.999925033988,0.0,0.651469185175,0.247833456182,0.303439000906,1.0,-0.0265857142857,-0.0349412244898,1.011
0.457336936776,0.491265170092,-0.124223034931,-1.44450569967,0.0742561336059,1.9266450401,0.147242464889,-0.0170178508104,-0.167841406707,-0.0035129697948,-0.262081158471,-0.0173661901818,0.101831145653,-0.0393985558098,0.573849439734,0.818945860324,0.00229025669229,0.0,0.818905075702,-0.573787388941,-0.0119689674556,0.0,-0.00848797936254,0.00874405644875,-0.999925745085,0.0,0.651011388922,0.247256707374,0.303513616981,1.0,-0.0371548571429,-0.0488320979592,1.027
0.456857789528,0.487832488286,-0.124244291008,-1.44998847415,0.0739673192299,1.92870665846,0.146427557156,-0.030218709089,-0.230223799285,-0.00258068310526,-0.358924531819,-0.0166720491888,0.143225354696,-0.054089463673,0.573786310679,0.818990009765,0.00231958714459,0.0,0.818949175055,-0.573723701821,-0.0120045636082,0.0,-0.0085009792136,0.00878784743587,-0.999925250751,0.0,0.650315202154,0.246420923795,0.303470058237,1.0,-0.0483845714286,-0.0635911510204,1.044
0.456187544833,0.483403985656,-0.124367870868,-1.45695548794,0.0735505029254,1.93127235525,0.14535255191,-0.0410295127714,-0.28317027962,-0.00882273065121,-0.437657251797,-0.0308724257285,0.157027565742,-0.0700478111674,0.573775981549,0.818997234775,0.00232364604378,0.0,0.818956691609,-0.573713604316,-0.0119743222559,0.0,-0.00847399261958,0.00877371290342,-0.999925603938,0.0,0.649453270993,0.245252489339,0.303454994757,1.0,-0.0596142857143,-0.0783502040816,1.061
0.455449663688,0.478700664544,-0.124498561911,-1.4644215844,0.0730938013206,1.93384944568,0.144248238719,-0.0547540931676,-0.333491153514,-0.00761901034159,-0.516771528716,-0.0318575615018,0.183287091534,-0.0756215178991,0.573811270388,0.818972990153,0.00214808681157,0.0,0.818930173601,-0.573749635647,-0.0120612297356,0.0,-0.00864552380915,0.00868016978272,-0.999924951969,0.0,0.648489299039,0.24397628154,0.303389489682,1.0,-0.0695228571429,-0.0913728979592,1.076
0.454401619357,0.47208152559,-0.124643130544,-1.47476020287,0.0724855149063,1.93752354954,0.142752394148,-0.0592109990779,-0.383705673591,-0.00904725354694,-0.598417111463,-0.0345278335407,0.218242130332,-0.0891531012873,0.573884134504,0.818922043194,0.00210576290987,0.0,0.81887849145,-0.573822489564,-0.0121042807368,0.0,-0.00870429578168,0.00867098557277,-0.999924521774,0.0,0.647159157518,0.242227458499,0.303371496513,1.0,-0.0814131428571,-0.107000130612,1.094
0.453232889918,0.464834623526,-0.124726729224,-1.48570419328,0.0718324300928,1.94161821589,0.140994975563,-0.0716444086201,-0.438347098938,-0.00642605772365,-0.676149964254,-0.0460841976076,0.250704485914,-0.109730104708,0.573807067944,0.818975087511,0.00244983970023,0.0,0.81893599042,-0.573743973274,-0.0119349750182,0.0,-0.00836902757616,0.00885480540488,-0.999925773145,0.0,0.645777578302,0.240396407186,0.303521738588,1.0,-0.0926428571428,-0.121759183673,1.111
0.452008473597,0.457789159765,-0.124792020268,-1.49670941809,0.0711368599225,1.94541838379,0.139323148383,-0.0846789576126,-0.488748771537,-0.00753254825804,-0.771858008037,-0.0470076225947,0.254679430278,-0.107604257049,0.573812318643,0.818971804202,0.00231382712395,0.0,0.818930487974,-0.573749310691,-0.0120553411067,0.0,-0.00854559226813,0.00881253647681,-0.999924653188,0.0,0.644306325755,0.238508002167,0.30346657635,1.0,-0.102551428571,-0.134781877551,1.126
0.450355923727,0.448296336629,-0.124957572727,-1.51108213817,0.0701292253578,1.95051985175,0.1370537894,-0.0971944358901,-0.553497753696,-0.00630720339678,-0.796816308094,-0.0565820790798,0.296662573406,-0.120138015939,0.573808320168,0.818974258611,0.00243358585361,0.0,0.818935396699,-0.57374576169,-0.0118896542133,0.0,-0.00834122176965,0.00881550183367,-0.999926352761,0.0,0.642423132662,0.235962626096,0.303589699276,1.0,-0.114441714286,-0.150409110204,1.144
0.448621273981,0.438579839214,-0.125049981132,-1.52597776819,0.0691630890424,1.95569085906,0.134727117291,-0.110408991044,-0.583316764515,-0.00514296749182,-0.906297178629,-0.0609653174332,0.309631631583,-0.138773357574,0.57379203184,0.818985702359,0.00242289693896,0.0,0.818946293416,-0.57372908731,-0.0119436081616,0.0,-0.00839171943608,0.00883753981204,-0.99992573571,0.0,0.640389828399,0.233367429774,0.303599699015,1.0,-0.125671428571,-0.165168163265,1.161
0.446782621493,0.42858455547,-0.125146671097,-1.54091717177,0.0681675774799,1.96099852531,0.132272379582,-0.122492594684,-0.632791833258,-0.00941341821787,-0.968085378044,-0.06613734438,0.337316458388,-0.146398877436,0.573735861084,0.819024131531,0.00271672158224,0.0,0.818988621211,-0.573671885124,-0.0117878516995,0.0,-0.00809618408596,0.00898825035964,-0.999926828902,0.0,0.638366989257,0.230713440281,0.303766628634,1.0,-0.136240571429,-0.179059036735,1.177
0.444592021716,0.417345196052,-0.12526551744,-1.55788190289,0.0669613590944,1.96687652563,0.129455730828,-0.137467306105,-0.678408072814,-0.0108389066284,-1.01493108363,-0.0676503501273,0.357254416752,-0.163340857104,0.573693911063,0.819053249483,0.00279603679791,0.0,0.819019105833,-0.573630033601,-0.011706226205,0.0,-0.00798428565228,0.00900597164629,-0.999927569206,0.0,0.636017429121,0.227616824309,0.303839237833,1.0,-0.147470285714,-0.193818089796,1.194
0.442180463848,0.405327031306,-0.125386754552,-1.576002296,0.0656990658393,1.97317932456,0.126429491956,-0.148640632871,-0.720175735291,-0.00402567192552,-1.10496389264,-0.0706669049802,0.372646178439,-0.179662847824,0.573673227123,0.819067256977,0.00293324594653,0.0,0.819034954694,-0.573608952954,-0.0116300894843,0.0,-0.00784344036666,0.00907447663889,-0.999928064571,0.0,0.63346936511,0.224286153766,0.303893528626,1.0,-0.1587,-0.208577142857,1.211
0.439641962726,0.393266070967,-0.125520792579,-1.5939273377,0.0644791496423,1.97929934753,0.123374034997,-0.156982922617,-0.751132706035,-0.0069608957739,-1.15267205288,-0.0788688329111,0.390597857703,-0.201479318813,0.57372164159,0.819032547914,0.00314806778028,0.0,0.819002704456,-0.573656277826,-0.0115668451058,0.0,-0.00766786140326,0.00921460279765,-0.999928144917,0.0,0.630907291084,0.220900515238,0.304017337154,1.0,-0.169269142857,-0.222468016327,1.227
0.436520748871,0.379070002338,-0.125679018849,-1.61521722053,0.0628167170541,1.98638856136,0.119583278303,-0.176379945885,-0.821898362143,-0.0128392735179,-1.21090760499,-0.0926148345262,0.416534892266,-0.211937454826,0.573629097536,0.819097771447,0.00304075196569,0.0,0.819067243287,-0.573564925902,-0.0115270833819,0.0,-0.00769788784171,0.0091030260291,-0.999928936195,0.0,0.627781142357,0.216789575776,0.304016083162,1.0,-0.181159428571,-0.23809524898,1.245
0.43304625236,0.364129364187,-0.125844339389,-1.63745929751,0.0611627410096,1.99372635274,0.11561645396,-0.202874241704,-0.87883811864,-0.0114697953218,-1.24111539443,-0.0898058109679,0.419498205208,-0.218603600446,0.573690437787,0.819054861907,0.00302682676948,0.0,0.819024018998,-0.573626143652,-0.0115520788151,0.0,-0.00772566809442,0.00910653630739,-0.999928689982,0.0,0.624457260048,0.212397744725,0.304027083083,1.0,-0.193049714286,-0.253722481633,1.263
0.429626507156,0.350307518901,-0.126038157005,-1.65817670851,0.0595722055478,2.00042910112,0.111790088192,-0.2159725936,-0.880955916371,-0.0121781122348,-1.30990027368,-0.099269086096,0.411434583461,-0.251713153982,0.573767654776,0.819001559136,0.00280559560117,0.0,0.818967756215,-0.573703979299,-0.0116749868479,0.0,-0.00795240417904,0.00899659536993,-0.999927907671,0.0,0.62129815573,0.208180159656,0.30391433703,1.0,-0.203618857143,-0.267613355102,1.279
0.425939547182,0.335727757956,-0.126211605541,-1.67937746429,0.0579451053917,2.00734492262,0.107740426126,-0.230075901911,-0.899431983567,-0.0131499764013,-1.35272891837,-0.100791256525,0.438506278108,-0.248158959709,0.573835012175,0.81895361869,0.00301598051806,0.0,0.81892254582,-0.573770628661,-0.0115705028301,0.0,-0.00774537324735,0.0091095894642,-0.999928509731,0.0,0.618038547399,0.203801458317,0.304034875931,1.0,-0.214188,-0.281504228571,1.295
0.421822765006,0.319728995229,-0.12633015659,-1.70262289911,0.056049577935,2.01477367348,0.103186303742,-0.25035077834,-0.96052057615,-0.00777879026014,-1.38621088873,-0.109515970121,0.426487783328,-0.265399874976,0.573738322118,0.819021048555,0.00309946100687,0.0,0.818991229834,-0.573673892653,-0.0115055310391,0.0,-0.00764533943138,0.00913977142422,-0.999929004161,0.0,0.614342190886,0.199009630059,0.304096878743,1.0,-0.225417714286,-0.296263281633,1.312
0.417670030098,0.304131325028,-0.126463131168,-1.72513919697,0.0541765512052,2.02189190281,0.0985670181845,-0.26258569677,-0.985746466328,-0.00622273815764,-1.42466271203,-0.111962942221,0.436349881913,-0.306115023343,0.573566098183,0.819141293896,0.00319664686155,0.0,0.819112949362,-0.573501659157,-0.0114267244625,0.0,-0.00752696449972,0.00917257320423,-0.999929601875,0.0,0.610689711379,0.194287722599,0.304151146561,1.0,-0.235986857143,-0.310154155102,1.328
0.412518326042,0.285956521563,-0.126639183611,-1.75120474816,0.0520283072293,2.02987677498,0.0931831017332,-0.294129037489,-1.00876248779,-0.0122239106794,-1.45369322349,-0.120324253176,0.454016257043,-0.299564526488,0.573587938504,0.819125843709,0.00323664520441,0.0,0.819097560455,-0.573522820636,-0.0114676748736,0.0,-0.00753732408599,0.0092290258685,-0.999929004393,0.0,0.606362496499,0.188642469126,0.304187021861,1.0,-0.247877142857,-0.325781387755,1.346
0.407254856172,0.268218043101,-0.126839887384,-1.77645669974,0.0498478744949,2.03748252662,0.0877056700279,-0.318203190469,-1.0733580645,-0.0098117669934,-1.48925849744,-0.134619316988,0.458145002445,-0.332129368153,0.573548890992,0.819153146686,0.00324635454329,0.0,0.819124931478,-0.573483678633,-0.0114701296153,0.0,-0.00753420647842,0.00923802792385,-0.999928944762,0.0,0.602083363448,0.183031273947,0.304208966166,1.0,-0.259106857143,-0.340540440816,1.363
0.401848742923,0.251041448342,-0.127086608432,-1.80066972629,0.0476590321062,2.04465523246,0.0823716778867,-0.343773700653,-1.11125756967,-0.0166931066828,-1.54514709993,-0.151008835207,0.46177160733,-0.337639932289,0.573691615944,0.819053139879,0.00326048324906,0.0,0.819025547381,-0.57362688421,-0.0114060224926,0.0,-0.00747198154775,0.00921413595376,-0.999929632119,0.0,0.597921996596,0.177445771392,0.304244882666,1.0,-0.269676,-0.354431314286,1.379
0.395761784182,0.232278991392,-0.127284652432,-1.82690091131,0.0453181302045,2.05221513415,0.0762547016865,-0.361347919248,-1.1431669652,-0.015070082595,-1.55588237162,-0.154733236746,0.474174028558,-0.372783730252,0.573654417917,0.819079056051,0.00329479037746,0.0,0.819051437096,-0.573589010118,-0.0114515398025,0.0,-0.00749000506638,0.00926800763108,-0.999928999409,0.0,0.593271300993,0.171366365815,0.304268210323,1.0,-0.280905714286,-0.369190367347,1.396
