position_joint1,position_joint2,position_joint3,position_joint4,position_joint5,position_joint6,position_joint7,velocity_joint1,velocity_joint2,velocity_joint3,velocity_joint4,velocity_joint5,velocity_joint6,velocity_joint7,ee_T_00,ee_T_10,ee_T_20,ee_T_30,ee_T_01,ee_T_11,ee_T_21,ee_T_31,ee_T_02,ee_T_12,ee_T_22,ee_T_32,ee_T_03,ee_T_13,ee_T_23,ee_T_33,v_x,v_y,time
0.465073330624,0.547630158186,-0.123966986265,-1.35571965763,0.0794333013611,1.89408300854,0.159172453563,-0.00108091287593,-4.79154577832e-05,0.000552511360219,0.00201052701785,-2.33160895569e-05,-3.69140152298e-05,-0.000689689992303,0.573777599809,0.818996641613,0.00212459057274,0.0,0.818956358572,-0.573718922944,-0.0117399791972,0.0,-0.00839624737379,0.00847624723851,-0.999928825598,0.0,0.661702474925,0.260906185423,0.303372959253,1.0,0.0,0.0,0.0
0.465065245751,0.547634119682,-0.12396998331,-1.35572451218,0.0794337064443,1.89408295576,0.159177132438,-0.00137962839771,0.00102526040024,0.000737654816545,-0.00041547605422,-0.000129960239125,-0.00015303939836,0.00028484093041,0.573790527163,0.818987605706,0.00211649237931,0.0,0.81894722475,-0.573731887204,-0.0117435761884,0.0,-0.00840370597531,0.00847181144078,-0.999928800534,0.0,0.661704021279,0.260898533531,0.303367937358,1.0,-0.00018,-0.000236571428571,0.01
0.465060579644,0.547645039684,-0.123975355352,-1.35576709636,0.0794318771894,1.89407964036,0.159176875592,0.00144693348288,0.000626756777054,0.000378354282528,-0.00210461450916,6.37063814252e-06,-0.000625955372636,-0.00732260083889,0.573799733824,0.818981282262,0.00206680179918,0.0,0.818940251721,-0.573741281544,-0.011770848077,0.0,-0.00845445751295,0.00844685930736,-0.999928583808,0.0,0.661695858969,0.260886607298,0.303339817697,1.0,-0.00054,-0.000709714285714,0.028
0.465056700354,0.547648904684,-0.123976485619,-1.35580130269,0.0794327075622,1.89408282084,0.159169608477,-0.000387197874505,0.00199469992227,0.000317041555809,-0.00107412103243,0.00028869065341,0.000500457011436,-0.00152796306118,0.573799867507,0.81898126058,0.00203807980163,0.0,0.818939823562,-0.573741495044,-0.0117902141748,0.0,-0.00848679691213,0.00843445043384,-0.9999284146,0.0,0.661689771422,0.260879619627,0.303321113236,1.0,-0.00084,-0.001104,0.043
0.465064747145,0.547564238676,-0.123972894938,-1.35591886627,0.0794276077578,1.89412147471,0.159174894326,0.000224615739801,-0.0090897925737,0.000610637649843,-0.00706120336235,-0.00046528445051,0.00658163759235,0.00106513713659,0.573800280547,0.818980953599,0.00204513737102,0.0,0.818939566042,-0.573741838116,-0.0117914064967,0.0,-0.00848371980038,0.00844091878081,-0.99992838613,0.0,0.661670129739,0.260875979089,0.30332836317,1.0,-0.00124,-0.00162971428571,0.063
0.465069679716,0.54746506084,-0.123965556311,-1.35606452416,0.07942935171,1.89413173033,0.159168915158,0.000873143682849,-0.0107057427408,0.00152459374153,-0.00823192204422,0.000425294866844,-5.25539738167e-05,-0.00110895343283,0.573794523977,0.818985040114,0.00202366629631,0.0,0.818943183906,-0.573735979532,-0.0118251522665,0.0,-0.00852373674694,0.00844263788253,-0.999928031299,0.0,0.661638327058,0.260868474361,0.303329940205,1.0,-0.0015,-0.00197142857143,0.076
0.465056649759,0.547255652695,-0.123967979679,-1.35632122876,0.07942634986,1.89425689121,0.159156403235,-0.00119933850779,-0.0106618528434,0.000344409347074,-0.00916692984201,-7.70464788198e-05,0.00859656042618,-0.005551620297,0.573810345372,0.8189737734,0.00209593148519,0.0,0.818932796758,-0.573751452567,-0.0117937259646,0.0,-0.00845637133296,0.00848395234434,-0.999928253594,0.0,0.661614092279,0.260838757694,0.303367036986,1.0,-0.00194,-0.00254971428571,0.098
0.465051699728,0.54710726188,-0.123971029836,-1.35647726778,0.0794216252104,1.89434993066,0.159146653937,0.000891201783175,-0.00920982299334,-0.00225735146143,-0.0138000629997,-0.00228642748344,0.00924984115722,-0.0019509663464,0.573816178941,0.818969492649,0.00217020639499,0.0,0.818929501624,-0.573757017837,-0.0117517127993,0.0,-0.00837928444693,0.00852073302651,-0.999928589801,0.0,0.661603047849,0.260822711054,0.30340604898,1.0,-0.0022,-0.00289142857143,0.111
0.46501916723,0.546884401776,-0.123970763843,-1.35674161051,0.0794219352636,1.89447883298,0.159124581535,-0.002633781368,-0.0111091237225,-0.00109743086653,-0.0175879885091,4.24863986834e-05,0.00357153533989,-0.00141717278922,0.57383954279,0.818952896724,0.00225365911805,0.0,0.81891388702,-0.573779957328,-0.0117197745303,0.0,-0.00830499876493,0.00857098782454,-0.999928780045,0.0,0.66158242466,0.260781707055,0.303449265191,1.0,-0.00256,-0.00336457142857,0.129
0.46497517838,0.546675390585,-0.123965477413,-1.35703818543,0.0794089289628,1.89460016405,0.159106986716,-0.00626053520122,-0.0120575747268,0.00142253372893,-0.0169534770245,0.00012983216633,0.00728787665158,0.000563336245035,0.573870650002,0.818931009158,0.00228608982079,0.0,0.818892368577,-0.573810885826,-0.0117090945602,0.0,-0.00827731676336,0.0085917326318,-0.999928831546,0.0,0.661555096075,0.260729342382,0.303466470669,1.0,-0.00286,-0.00375885714286,0.144
0.464925363142,0.546405007191,-0.123971060876,-1.3574459025,0.0793928592473,1.89475074332,0.158977211354,-0.00342805103575,-0.0157326136858,0.000832082501234,-0.030074277386,-0.00114570481833,0.00906217022567,-0.00547595311198,0.573827600424,0.818961131058,0.00230167529388,0.0,0.818922636671,-0.573767725291,-0.0117072398307,0.0,-0.00826730654689,0.00860299697444,-0.999928817509,0.0,0.661513884308,0.26065593278,0.303477118849,1.0,-0.0032,-0.00420571428571,0.161
0.464894502993,0.546121336427,-0.123973959877,-1.35788432687,0.0793733377829,1.89489868709,0.1589349435,-0.00213516697281,-0.017028104362,-0.0010032079906,-0.0264090943003,-0.00114141650716,0.0111871022488,-0.00120154641493,0.573839522465,0.818952784159,0.00229927740301,0.0,0.818914191555,-0.573779584994,-0.0117167237336,0.0,-0.00827632443366,0.00860659575144,-0.999928711941,0.0,0.661460053652,0.260592406064,0.303482217818,1.0,-0.00352,-0.00462628571429,0.177
0.464863212875,0.545780969315,-0.123968582521,-1.35839277169,0.079331756587,1.89508274451,0.158904090581,-0.00110213710135,-0.0247498572172,0.0010067426049,-0.027134489494,-0.00324590389416,0.00566358203534,-0.000853483560451,0.573853443791,0.818943004432,0.00230812527622,0.0,0.818904590256,-0.5737935379,-0.0117044787373,0.0,-0.00826107266552,0.00860695552533,-0.999928834965,0.0,0.661398259836,0.260524702311,0.303496935518,1.0,-0.00386,-0.00507314285714,0.194
0.464806131678,0.545418763314,-0.123973951156,-1.3590060786,0.0792363704133,1.89529062671,0.158805146476,-0.00183227717572,-0.0231161844128,-0.000994872179939,-0.036136991258,-0.00125941194929,0.0100783558175,-0.00912915873933,0.57383177298,0.818958384929,0.00223762691303,0.0,0.818919561984,-0.573772655455,-0.0116806572392,0.0,-0.00828224251055,0.00853533303624,-0.999929273773,0.0,0.661329856969,0.260414458723,0.303479499684,1.0,-0.00422,-0.00554628571429,0.212
0.464754958425,0.545062819323,-0.123968295653,-1.35960393504,0.0792311994875,1.89547940928,0.158723875745,-0.00226394530573,-0.0235759333244,0.00248610084864,-0.0350847671725,-0.00250892080745,0.0158806239968,-0.00565507586705,0.57383500136,0.818956194674,0.00221118081912,0.0,0.818916680147,-0.573775624807,-0.0117367054823,0.0,-0.00834328663788,0.00854586979648,-0.999928676295,0.0,0.661251839281,0.260329573879,0.303463100492,1.0,-0.00452,-0.00594057142857,0.227
0.464681490785,0.544614390315,-0.123971176082,-1.36035355574,0.0792157533725,1.89573136061,0.158649703472,-0.00667775586158,-0.0242356902615,0.000229975614025,-0.0452711636152,-0.00286460710972,0.0165822266678,-0.00517495515905,0.573874043972,0.818928908028,0.00218452563674,0.0,0.818888758579,-0.573814470034,-0.0117856673116,0.0,-0.00839827293417,0.00855253671063,-0.999928158983,0.0,0.661162239286,0.260210832929,0.303445645403,1.0,-0.00488,-0.00641371428571,0.245
0.464599863059,0.544130546518,-0.123976446026,-1.36114043126,0.0791827109915,1.89602026169,0.158548074489,-0.00773092579527,-0.0312040425074,0.00470853245158,-0.045417358127,-0.00128297377244,0.013898586847,0.000956269779056,0.573896455433,0.818913218978,0.00217833101069,0.0,0.818872876514,-0.573836788326,-0.0118025156128,0.0,-0.00841539160378,0.00855736281185,-0.999927973769,0.0,0.661075930419,0.260081025077,0.303438731201,1.0,-0.00524,-0.00688685714286,0.263
0.464528790418,0.543665063892,-0.123982029736,-1.36191435966,0.0791445202868,1.89628850005,0.158438904049,-0.00395403850468,-0.0308548529359,-0.00085691465065,-0.0479681908054,-0.00388155367034,0.0176629582214,-0.00839260125766,0.573902048922,0.818909381544,0.00214708235465,0.0,0.818868550471,-0.573842420278,-0.0118288055628,0.0,-0.00845479569396,0.00854691851898,-0.999927730695,0.0,0.660985496997,0.259957076523,0.303423143587,1.0,-0.00556,-0.00730742857143,0.279
0.464439073856,0.543149250751,-0.123983528352,-1.3627622462,0.0790821097853,1.89658413721,0.158348290351,-0.00394360959911,-0.0336300128306,0.000341198758553,-0.0519924231484,-0.00139551217385,0.0161968281424,-0.00679511295556,0.573932854135,0.818887891292,0.00210887184611,0.0,0.818846639901,-0.573873450432,-0.0118401906044,0.0,-0.00848572653025,0.00852248109645,-0.999927677265,0.0,0.660889975166,0.259813002472,0.303410111755,1.0,-0.0059,-0.00775428571429,0.296
0.464369644362,0.542596851442,-0.123991739823,-1.36365788896,0.0790280183836,1.89691178863,0.158210206836,-0.00266427586376,-0.0355383155379,-0.000195971432556,-0.0551649016352,-0.000288578517993,0.0160398418976,-0.00991175237569,0.573917786478,0.81889849226,0.0020929976696,0.0,0.818857058296,-0.573858471943,-0.0118456388626,0.0,-0.00849945500085,0.0085124526413,-0.99992764609,0.0,0.66078647426,0.259676786133,0.303403185124,1.0,-0.00624,-0.00820114285714,0.313
0.464293923654,0.542056660359,-0.123989517972,-1.36454610976,0.078983464184,1.89722742638,0.158098527006,-0.000730795483634,-0.0381631771279,0.000568345584719,-0.0563810850753,-0.00358976200171,0.0109742427224,-0.00732081654863,0.573924210325,0.818894047857,0.00207028701356,0.0,0.818852197481,-0.57386486545,-0.0118718905072,0.0,-0.0085339197991,0.00850898827927,-0.999927382029,0.0,0.660680534138,0.259543912123,0.303389722752,1.0,-0.00656,-0.00862171428571,0.329
0.464228028459,0.541386812651,-0.123996215464,-1.36557926201,0.0789160874659,1.89758381147,0.157970952334,-0.00491643343934,-0.0334287370291,0.000638956965609,-0.0572968045407,0.00044277284791,0.0223755957378,-0.00459309865532,0.573917553648,0.81889873706,0.00206081493839,0.0,0.818856797008,-0.573858281382,-0.0118729012333,0.0,-0.00854025253269,0.00850174243507,-0.999927389595,0.0,0.660553325888,0.259395943657,0.303402666993,1.0,-0.00692,-0.00909485714286,0.347
0.46414456375,0.540699596514,-0.123993311727,-1.36658920192,0.0788638469578,1.89798339884,0.157844671518,-0.0035293431807,-0.0425430204817,0.00340822314584,-0.0581961437799,-0.00350175206876,0.0254566466484,-0.0118530150229,0.573922596242,0.818895022318,0.00213139552038,0.0,0.818853937,-0.573862976517,-0.0118431813073,0.0,-0.00847535642034,0.00854253544708,-0.99992759409,0.0,0.660441895825,0.259250306937,0.303442294439,1.0,-0.00726,-0.00954171428571,0.364
0.464056718054,0.540016935374,-0.123998723455,-1.36759950942,0.0788096872179,1.89836929667,0.157710996028,-0.00567757055194,-0.0424242190627,-0.000959305806219,-0.0650028643937,-0.00442386953289,0.0257443233537,-0.00522736364673,0.573921977108,0.818895331961,0.00217862039185,0.0,0.818854863136,-0.573862173424,-0.0118180342115,0.0,-0.0084276674743,0.0085667683998,-0.999927789843,0.0,0.660338199973,0.259107462738,0.30347328597,1.0,-0.00756,-0.009936,0.379
0.463960391063,0.539277049459,-0.123993812685,-1.368758222,0.0787410645129,1.89879838296,0.1575758024,-0.00904541165338,-0.0453446425978,0.000325846394828,-0.0688090866667,-0.00799598532977,0.0309752600811,-0.00867073563738,0.573940819865,0.818882085817,0.00219356398907,0.0,0.818841738507,-0.573880881248,-0.011818981235,0.0,-0.00841966967552,0.00857974271693,-0.999927745978,0.0,0.660195348946,0.258925052186,0.303485797296,1.0,-0.00792,-0.0104091428571,0.397
0.463865592764,0.538579953185,-0.123999285792,-1.36983439045,0.0786755549114,1.89922378086,0.157428754221,-0.00490484679799,-0.0419745585717,-0.000225802076241,-0.0641091222635,-0.00980123987983,0.0270960026936,-0.00863697490205,0.573943960108,0.818879786063,0.00223014218901,0.0,0.818839972249,-0.573883938215,-0.0117928879641,0.0,-0.00837727607943,0.008594751863,-0.999927973149,0.0,0.660079025154,0.258758970824,0.303503056635,1.0,-0.00824,-0.0108297142857,0.413
0.463755790702,0.537856064814,-0.124000234347,-1.37098588301,0.0786071036693,1.8996835483,0.1572857601,-0.00932776487067,-0.0489632612556,0.000301098675294,-0.0723485469416,-0.0111119090065,0.0192533310172,-0.0106919160563,0.573962898206,0.818866442523,0.00225559159998,0.0,0.818826987976,-0.573902805501,-0.0117762685747,0.0,-0.00834886154816,0.00860624621403,-0.999928111935,0.0,0.659955620026,0.258578886162,0.303506115298,1.0,-0.00856,-0.0112502857143,0.429
0.46364760323,0.537055486071,-0.124003781406,-1.3722768972,0.078527918374,1.90014473807,0.157126654839,-0.00873582228272,-0.0464687015513,-8.12351873119e-05,-0.0755005460094,-0.00203107570736,0.0285293412678,-0.00922910109345,0.573973540201,0.818859057205,0.0022285609116,0.0,0.818819240799,-0.573913539174,-0.0117918340683,0.0,-0.00837701013127,0.00859315474422,-0.999927989104,0.0,0.6598026993,0.258381187732,0.303496987539,1.0,-0.0089,-0.0116971428571,0.446
0.463524865192,0.536151588115,-0.124006292719,-1.37369859184,0.0784450957184,1.90066694542,0.156967529935,-0.00695359283455,-0.0528573472795,0.00036660008778,-0.0804844521069,-0.01227891453,0.0274875551126,-0.0118580915472,0.574001493157,0.818839452107,0.0022325833445,0.0,0.818799653921,-0.573941438191,-0.011794031036,0.0,-0.00837620708399,0.00859799543291,-0.999927954219,0.0,0.659637779743,0.258163901672,0.303503699485,1.0,-0.00926,-0.0121702857143,0.464
0.463426422673,0.535311647569,-0.124017922467,-1.37498513791,0.0783748300819,1.90114433066,0.156806294318,-0.00448066721011,-0.0559211256109,-0.001446726725,-0.0813074307715,-0.00633065656168,0.0340567584086,-0.00942854090604,0.574010052059,0.818833377137,0.00225998298254,0.0,0.818793914893,-0.57394986992,-0.0117821328386,0.0,-0.00835064745911,0.00861368883814,-0.999928032936,0.0,0.659488396111,0.257971553418,0.303525842629,1.0,-0.00958,-0.0125908571429,0.48
0.463292888257,0.534417176857,-0.124021218504,-1.37640661596,0.0783087309797,1.90168339645,0.156632267141,-0.00746070446504,-0.0511113002692,-0.00308859197034,-0.0867742935684,-0.00535327005372,0.0317837310589,-0.00499547836311,0.574039578766,0.818812625692,0.00227879767742,0.0,0.818773251229,-0.573979158936,-0.0117913137674,0.0,-0.00834705491865,0.00863466561543,-0.999927882011,0.0,0.659328009454,0.257750463483,0.303527180035,1.0,-0.00992,-0.0130377142857,0.497
0.463156542815,0.533492554307,-0.124029661673,-1.37788923078,0.0782099660868,1.90221685219,0.156440335384,-0.00896676154224,-0.0607967190337,-0.00126693651442,-0.083676149864,-0.0106876667438,0.0325064810466,-0.00645183462264,0.574054571644,0.818802193384,0.00225028537437,0.0,0.818762528638,-0.573994342452,-0.0117967551884,0.0,-0.00836771905378,0.0086145964474,-0.999927882402,0.0,0.659156409233,0.25751205382,0.303520127398,1.0,-0.01026,-0.0134845714286,0.514
0.463031546552,0.532610536696,-0.124029867911,-1.3793244646,0.078136587683,1.90275904892,0.15627010252,-0.00858956599395,-0.0582842116729,-0.000268420033682,-0.0917365185222,-0.00436323153015,0.0284225279723,-0.0109664220242,0.574076571936,0.818786780211,0.00224610915669,0.0,0.818746938767,-0.574016230214,-0.0118137467739,0.0,-0.00838379798659,0.00862115622986,-0.999927691184,0.0,0.658989881826,0.257295673626,0.303505943776,1.0,-0.01058,-0.0139051428571,0.53
0.462890456798,0.531651094115,-0.124036073289,-1.38088091496,0.0780444978496,1.90333645042,0.156064483766,-0.00511459795039,-0.0579896853792,-0.00228828907892,-0.0922743345586,-0.00046823118532,0.0412659435528,-0.0124001392464,0.57408834533,0.818778576188,0.00222751745441,0.0,0.818738482751,-0.574028063965,-0.0118247851629,0.0,-0.00840338501876,0.00861239142417,-0.999927602296,0.0,0.658810323849,0.257051227437,0.30349168423,1.0,-0.01092,-0.014352,0.547
0.462770555153,0.530663870812,-0.124032921232,-1.38252694887,0.0779283991717,1.90390533168,0.155845045868,-0.00899277149331,-0.0620447941142,-0.000746132485055,-0.102406652917,-0.00390765526152,0.0356352735286,-0.0177869219413,0.574062806473,0.81879671027,0.0021420496527,0.0,0.818755547915,-0.574002909408,-0.0118642171965,0.0,-0.00848500264028,0.00856478575615,-0.999927321947,0.0,0.658602184455,0.256811507429,0.303453085532,1.0,-0.01126,-0.0147988571429,0.564
0.462642996789,0.529706293745,-0.124030768863,-1.38408262045,0.0778437872876,1.90446123143,0.155642093454,-0.00862146128777,-0.0543119553677,-0.000457358573971,-0.0991252125204,-0.00809814605766,0.0322331721868,-0.0142610427699,0.574061276957,0.818797862568,0.0021112683863,0.0,0.818756149341,-0.574001352808,-0.0118979742821,0.0,-0.00853032923649,0.00855894507002,-0.999926986306,0.0,0.658411797915,0.256580708676,0.303435346091,1.0,-0.01158,-0.0152194285714,0.58
0.462492490699,0.528407157331,-0.12403398417,-1.38606106534,0.077712193577,1.90520366178,0.155375198202,-0.00532348787849,-0.0675909341376,-0.00114399514178,-0.102327785281,-0.00598452603256,0.0306402772325,-0.0139543804728,0.574040034331,0.818812634297,0.00215773068132,0.0,0.818771637231,-0.573980038364,-0.0118603763284,0.0,-0.00847309477933,0.00857518461628,-0.999927333797,0.0,0.658177973933,0.256291077814,0.303472925656,1.0,-0.01198,-0.0157451428571,0.6
0.462371133556,0.5274247117,-0.124033905433,-1.38758153123,0.0776353557324,1.90579745725,0.155155492741,-0.00838364849641,-0.0700326209425,0.0015780249006,-0.10296860408,-0.00524807922052,0.0451138434022,-0.0230698608563,0.574021260209,0.818825649937,0.00221240454341,0.0,0.818785250222,-0.573960934178,-0.0118451237937,0.0,-0.00842941970286,0.00861100288352,-0.999927395121,0.0,0.658001580512,0.256071509374,0.303492304324,1.0,-0.01228,-0.0161394285714,0.615
0.462224438224,0.526338615927,-0.124032189815,-1.3892697297,0.0775288543422,1.90642302041,0.154930243784,-0.00940984902331,-0.0619673395883,-0.000483566309762,-0.105164250444,-0.00807845506188,0.0367879002858,-0.01070452819,0.574018139069,0.818827789714,0.00223018224503,0.0,0.818787628458,-0.573957751008,-0.0118349669998,0.0,-0.00841093142059,0.0086196973205,-0.999927475895,0.0,0.657802242646,0.255815095367,0.303507218023,1.0,-0.0126,-0.01656,0.631
0.462070642357,0.525125554891,-0.124034662636,-1.39108551972,0.0774150657192,1.90708648968,0.154686248595,-0.0116185762582,-0.0745385973054,0.00041534283159,-0.102066499403,-0.00147803282674,0.0380304418885,-0.0149734322721,0.574015936986,0.818829213161,0.00227390873449,0.0,0.81878963953,-0.573955398729,-0.011809884393,0.0,-0.00836531720897,0.00864108113619,-0.999927673977,0.0,0.657598552559,0.255553981285,0.303550483783,1.0,-0.01292,-0.0169805714286,0.647
0.461920338352,0.52402990993,-0.124043443553,-1.39284376542,0.0773021587344,1.90772159487,0.154437385414,-0.0111974810507,-0.0683372677904,0.000393327148612,-0.11231035497,-0.0123924882236,0.0409396628666,-0.0122434198426,0.574007642705,0.818835095993,0.00224913022807,0.0,0.818795238368,-0.573947240799,-0.0118181769475,0.0,-0.00838641743123,0.00862546707891,-0.999927632042,0.0,0.657360516075,0.255250046001,0.303541954027,1.0,-0.01328,-0.0174537142857,0.665
0.461760499958,0.52283490802,-0.124043908405,-1.39477269589,0.0771696163522,1.90844911081,0.154187937358,-0.00851437081984,-0.0711050096058,0.000823343667392,-0.110420094497,-0.00370611812761,0.0397550825681,-0.0102664348505,0.573997150499,0.818842489862,0.00223493097581,0.0,0.818802571667,-0.573936932483,-0.0118107182248,0.0,-0.00838856999564,0.00860945159549,-0.999927752008,0.0,0.657146403,0.254975498568,0.303527695405,1.0,-0.0136,-0.0178742857143,0.681
0.461597229575,0.521613268147,-0.124052164549,-1.39673324943,0.077047940963,1.90922641572,0.153911807245,-0.00935023394002,-0.0692534908938,-0.00205596764077,-0.11986925465,-0.00524110570327,0.0433317014627,-0.0124732925206,0.573982994707,0.818852341864,0.00226073268342,0.0,0.818812857778,-0.57392278047,-0.0117852830257,0.0,-0.00835308144026,0.00861583491526,-0.999927994117,0.0,0.656921925353,0.254679786899,0.303520600364,1.0,-0.01394,-0.0183211428571,0.698
0.461431581594,0.520345730698,-0.124049911224,-1.39876267807,0.0769245587366,1.90996611068,0.153637743384,-0.0111725533803,-0.0713589016602,0.00218831194991,-0.122464191282,-0.00369567489348,0.0464809735806,-0.0221653981806,0.573967537941,0.818863228927,0.00224156243531,0.0,0.818823433054,-0.573907334993,-0.0118026787091,0.0,-0.00837849178615,0.00860996405692,-0.999927832093,0.0,0.656672510861,0.25437832988,0.303509010379,1.0,-0.01428,-0.018768,0.715
0.461258128258,0.519032526424,-0.124061330266,-1.4008223809,0.076788925082,1.91070178587,0.153366320913,-0.00851560870804,-0.082266437877,0.000133064513257,-0.119061350425,-0.0124973560872,0.0424190041108,-0.0109799468486,0.573968112855,0.818862872658,0.00222443449646,0.0,0.818822929451,-0.573908053446,-0.0118026817374,0.0,-0.00838831850177,0.00859594643278,-0.999927870307,0.0,0.656421378944,0.254058611549,0.303514747308,1.0,-0.01462,-0.0192148571429,0.732
0.461077242331,0.517660394329,-0.124065256044,-1.40294478956,0.0766586073615,1.91145441824,0.153066155418,-0.00881437099228,-0.0786050134015,-0.000359704928191,-0.127617765452,-0.00808403094783,0.045380443948,-0.0202045493389,0.573950354002,0.818875314716,0.0022264298665,0.0,0.818835346448,-0.573890236789,-0.0118075580329,0.0,-0.00839135299649,0.00860019716442,-0.999927808296,0.0,0.656159492591,0.253733772039,0.303532818073,1.0,-0.01496,-0.0196617142857,0.749
0.460878442808,0.516310245001,-0.124076780548,-1.40507241605,0.0765290395888,1.91224061277,0.152778072352,-0.0105305545868,-0.0869588448732,-0.00246437940916,-0.129164779451,-0.00605817007458,0.0458444871793,-0.0202487710193,0.573962992639,0.818866445213,0.00223044550898,0.0,0.818826546321,-0.573902875892,-0.0118035157526,0.0,-0.00838560534211,0.00860129481947,-0.999927847072,0.0,0.655907938468,0.253394265693,0.303535750787,1.0,-0.0153,-0.0201085714286,0.766
0.460712929921,0.515016311145,-0.124084727838,-1.40712815922,0.0764088292841,1.91302346855,0.152489915965,-0.0102845538695,-0.0826843821761,-0.000778200751814,-0.126550471194,-0.00622027987739,0.0575274338512,-0.0208644963852,0.573944415744,0.818879419468,0.00224742299132,0.0,0.81883972636,-0.573884220365,-0.0117962304559,0.0,-0.00837009090663,0.0086108256093,-0.999927895031,0.0,0.655660772497,0.253087778608,0.30353270022,1.0,-0.01562,-0.0205291428571,0.782
0.460522127881,0.513604773147,-0.124082611844,-1.40938552108,0.0762787094248,1.9138119282,0.152187469021,-0.0128470325611,-0.0811878355816,0.000801745818753,-0.135828333,-0.00246676622161,0.0508063254619,-0.020569446855,0.573934870198,0.818886227754,0.00220401154421,0.0,0.818845783604,-0.573874654057,-0.0118410728744,0.0,-0.00843182747502,0.00860091577746,-0.999927461636,0.0,0.655373776056,0.25274711106,0.303515883777,1.0,-0.01596,-0.020976,0.799
0.460316699411,0.512108555547,-0.124083640782,-1.41179380252,0.076122324415,1.91467059373,0.151842942964,-0.0124866267051,-0.0848667406408,0.00116577841094,-0.132794189861,-0.00614445669246,0.0452020201242,-0.0138863479766,0.573905465223,0.818906971437,0.0021531421636,0.0,0.818865855654,-0.573845444609,-0.0118685739183,0.0,-0.00848385044097,0.00857473912657,-0.999927246419,0.0,0.655072026382,0.252378839213,0.303492268723,1.0,-0.01632,-0.0214491428571,0.817
0.460116725251,0.510674329793,-0.124085874043,-1.4141112775,0.075978639699,1.91555910212,0.151525808722,-0.0163439996496,-0.0929339945651,-0.00107171871216,-0.138928076132,-0.0040224020155,0.0520577954041,-0.0170132970188,0.573893665317,0.818915241778,0.00215281075259,0.0,0.818874146568,-0.573833672646,-0.0118657119642,0.0,-0.00848182038264,0.00857270304956,-0.999927281099,0.0,0.654793496875,0.252027460472,0.303470632755,1.0,-0.01666,-0.021896,0.834
0.459942846808,0.509355445173,-0.124090365748,-1.41620945857,0.0758526265657,1.9163321959,0.151228713122,-0.0135482144063,-0.0925858778881,0.000339878790162,-0.142141509155,-0.00658372008218,0.0477106004194,-0.01935203583,0.573871265901,0.818930954027,0.00214700028977,0.0,0.818889736411,-0.573811252,-0.0118740717562,0.0,-0.00849223548902,0.00857251013887,-0.999927194353,0.0,0.654533323024,0.251711477091,0.303462235759,1.0,-0.01696,-0.0222902857143,0.849
0.459725875033,0.50775331456,-0.124097521086,-1.41872845908,0.0756860011721,1.91722872392,0.150886605502,-0.0111684759154,-0.0929152154004,0.000899270452525,-0.137489180874,-0.00437085548534,0.049960541426,-0.0135070778932,0.573859295927,0.818939407096,0.0021220001227,0.0,0.818897909589,-0.573799429828,-0.0118817044729,0.0,-0.00851295745662,0.00855629276299,-0.999927157052,0.0,0.654217420467,0.251321489718,0.303461982927,1.0,-0.01732,-0.0227634285714,0.867
0.459528842872,0.506375698236,-0.124103834474,-1.42087947651,0.0755530629012,1.91800635488,0.15059142127,-0.0107971545948,-0.0947463581414,-0.002216106615,-0.149659941256,-0.0109738497761,0.054512516791,-0.0186069652148,0.573857544738,0.818940635999,0.00212131064816,0.0,0.818899110023,-0.573797662043,-0.0118843400679,0.0,-0.00851552987356,0.00855722236708,-0.999927127193,0.0,0.653970532562,0.251009584198,0.303465653482,1.0,-0.0176,-0.0231314285714,0.881
0.459306511884,0.504664852187,-0.124111978936,-1.42348524692,0.0753810278421,1.91902383719,0.150229255332,-0.0123518522983,-0.0925148349927,-0.000405387730538,-0.149853986301,-0.0185700639163,0.0560913855034,-0.0207226416435,0.573838027195,0.818954056413,0.00221786615636,0.0,0.818913962402,-0.573777942458,-0.0118127825703,0.0,-0.00840172528284,0.00859503088896,-0.999927765619,0.0,0.653642098274,0.250587599793,0.303512785357,1.0,-0.01798,-0.0236308571429,0.9
0.459077541911,0.502997838009,-0.124105804524,-1.42594393133,0.07523531204,1.91996185495,0.149884895511,-0.0174112937251,-0.0981047680699,0.000698051509296,-0.146464630738,-0.00850717253431,0.0546712602201,-0.016515075536,0.573826152476,0.818962015579,0.00234748261556,0.0,0.818923544241,-0.573765509783,-0.0117522496806,0.0,-0.00827790090163,0.00866632385432,-0.999928183015,0.0,0.653346423287,0.250211893963,0.303587876968,1.0,-0.01832,-0.0240777142857,0.917
0.458841078988,0.501289811475,-0.124113084742,-1.42847139313,0.0750785898253,1.92087548227,0.149521086805,-0.0124432442603,-0.102298404486,-0.000134155141076,-0.155742881472,-0.0117301386552,0.0591194684887,-0.0171072121418,0.573813800154,0.818970434976,0.00242822762118,0.0,0.818932996942,-0.573752843701,-0.0117118643118,0.0,-0.00819862595595,0.00870915276888,-0.999928464037,0.0,0.653034802828,0.24981256679,0.303656500524,1.0,-0.01866,-0.0245245714286,0.934
0.458597513685,0.499603313567,-0.124113887436,-1.43105975416,0.0749170535052,1.92180599333,0.149163193999,-0.0122306666026,-0.0954682529175,-0.000194252144109,-0.151448559753,-0.00538616787375,0.0556396637267,-0.0292711582383,0.573808869342,0.818973816906,0.00245266966333,0.0,0.818936640607,-0.573747765142,-0.0117058774322,0.0,-0.00817975086842,0.00872568534509,-0.999928474488,0.0,0.652710742026,0.249405390287,0.303681810127,1.0,-0.019,-0.0249714285714,0.951
0.458318136352,0.49783964366,-0.12411707261,-1.43385564492,0.0747359312405,1.92284702835,0.148745001884,-0.0147574134546,-0.0991562880289,0.000531831750402,-0.153865533595,-0.0116899809493,0.053701439516,-0.0331294596382,0.573790569213,0.818986636582,0.00245330051058,0.0,0.818949511649,-0.573729511069,-0.0117001025509,0.0,-0.00817485412463,0.00872270569669,-0.999928540529,0.0,0.652369974446,0.248954290394,0.303671241897,1.0,-0.01936,-0.0254445714286,0.969
0.458073158388,0.496376101139,-0.12412242648,-1.43622281042,0.0745855950778,1.92367923528,0.148399576299,-0.0185385171187,-0.101429019414,0.000449499166708,-0.155882356399,-0.00250017121845,0.0553974346395,-0.0274064578691,0.573791126559,0.818986435318,0.00238929858111,0.0,0.818948424608,-0.573730245401,-0.0117401126949,0.0,-0.00824433891402,0.00869325217009,-0.999928226546,0.0,0.652072282994,0.248562267374,0.303636928204,1.0,-0.01966,-0.0258388571429,0.984
0.457793401766,0.494602744944,-0.124128850558,-1.43914312812,0.0744024443969,1.92467071907,0.147985771491,-0.0163994303852,-0.0996863078773,-0.000166185191278,-0.159642709859,-0.00821026645185,0.0561851355844,-0.0221838956641,0.573783313737,0.818992289345,0.00225516531175,0.0,0.818952384506,-0.573722787027,-0.0118280369832,0.0,-0.00839339295826,0.00863376949154,-0.999927501862,0.0,0.651690014688,0.248091180002,0.303568529,1.0,-0.0201085714286,-0.0264284081633,1.002
0.45751175199,0.492819994745,-0.124146072944,-1.44199286762,0.0742268420522,1.92573167934,0.147600596163,-0.0223717669494,-0.106133915717,-0.00326326946419,-0.175862632888,-0.00744909276891,0.0632545756079,-0.0210033629717,0.573806750003,0.818975899257,0.00224432369059,0.0,0.818935875588,-0.573746285453,-0.011831251229,0.0,-0.00840199899828,0.00862697509883,-0.999927488228,0.0,0.651340070134,0.247626906892,0.303545820223,1.0,-0.0222942857143,-0.0293010612245,1.019
0.457263029196,0.491094833185,-0.124157188684,-1.44475502475,0.0740617654851,1.92672127096,0.147195052432,-0.0180297095453,-0.116594505242,-0.00110445902834,-0.191193404736,-0.0123231929964,0.0685159100179,-0.0260844962232,0.573779872471,0.818994837297,0.00220484239904,0.0,0.818954185432,-0.573719449561,-0.0118651700262,0.0,-0.00845271476848,0.00861382649822,-0.999927174151,0.0,0.650984153034,0.24719434671,0.30351764626,1.0,-0.0242228571429,-0.031835755102,1.034
0.456922033324,0.488955516374,-0.124162810352,-1.44816797576,0.073854123386,1.9279182475,0.146711268859,-0.0236228596664,-0.134560914839,-0.000752129008036,-0.203197086343,-0.0117663463606,0.0704146783159,-0.0343880726839,0.57378054778,0.818994531262,0.00214188093014,0.0,0.818952874385,-0.573720190193,-0.0119197232109,0.0,-0.00853351208583,0.00859357031052,-0.999926662171,0.0,0.65054427107,0.246640743387,0.303484727832,1.0,-0.0264085714286,-0.0347084081633,1.051
0.456522465518,0.486439629782,-0.124180300333,-1.45204655238,0.0736221711822,1.92941405278,0.146147494378,-0.0250871262614,-0.14826652237,-0.00099794073893,-0.222950357357,-0.0130775216655,0.0832588441661,-0.0309500177531,0.573788668773,0.818988542382,0.00225342751953,0.0,0.818948362916,-0.573727889122,-0.0118589638,0.0,-0.00841966336731,0.00865014637205,-0.999927139464,0.0,0.650076529393,0.24600818253,0.303516783159,1.0,-0.0287228571429,-0.0377500408163,1.069
0.456162353852,0.48418750927,-0.124196968031,-1.45547098729,0.0734085095783,1.93066020206,0.145604723718,-0.0247102457431,-0.152909024633,-0.00173907242297,-0.237755392038,-0.0176805445485,0.0809633293874,-0.0358034555751,0.573761816991,0.819007183651,0.00231460421728,0.0,0.818967792372,-0.573700793975,-0.011827973267,0.0,-0.00835946574213,0.00868219289816,-0.999927366792,0.0,0.649649760769,0.245438586757,0.303558718073,1.0,-0.0306514285714,-0.0402847346939,1.084
0.45571695601,0.481469533638,-0.124236929839,-1.4597006656,0.0731339305091,1.93211553395,0.144978961214,-0.0268494170156,-0.163386385004,-0.0051582442375,-0.251654780999,-0.0206718225326,0.0865117417557,-0.0400343334112,0.57377502591,0.818998091826,0.00225657435018,0.0,0.818957969641,-0.573714252372,-0.0118552725442,0.0,-0.00841497873996,0.00865046540765,-0.999927176139,0.0,0.649106289211,0.244715658931,0.303558158172,1.0,-0.0328371428571,-0.0431573877551,1.101
0.45524439204,0.478575181468,-0.124272989609,-1.46417249606,0.0728643634945,1.93376087447,0.144325857735,-0.0315118965302,-0.176423464136,-0.00121282945336,-0.261998437585,-0.0142874308846,0.102916424122,-0.036791962793,0.573798228233,0.818981681387,0.00231208358039,0.0,0.818942260755,-0.573737213966,-0.0118291911189,0.0,-0.00836152342537,0.00868119899981,-0.999927358217,0.0,0.648548123801,0.243964841137,0.303579142277,1.0,-0.0350228571429,-0.0460300408163,1.118
0.454757026981,0.475669456834,-0.124298039592,-1.46859839717,0.0725885189209,1.93540759213,0.143689539283,-0.0303450237927,-0.177179687564,-0.0030376170665,-0.281434061003,-0.0128750258839,0.100567119765,-0.0360576353317,0.573833786283,0.818956469928,0.00241515729458,0.0,0.818918435166,-0.573772423093,-0.0117707240153,0.0,-0.00825411885239,0.00873242408759,-0.99992780454,0.0,0.647999828534,0.243216001993,0.30362755051,1.0,-0.03708,-0.0487337142857,1.134
0.454175108527,0.472243236774,-0.124307264862,-1.47390837854,0.0722563899566,1.93727437285,0.1429089602,-0.0297884814188,-0.188695630673,0.0028353888818,-0.300203550838,-0.0199718430471,0.100643326722,-0.0447813828808,0.573842129179,0.818950657825,0.00240369067175,0.0,0.818912257173,-0.573780579084,-0.0118029241301,0.0,-0.00828698100508,0.0087415951697,-0.999927452598,0.0,0.647308736875,0.242324265287,0.303631688007,1.0,-0.0393942857143,-0.0517753469388,1.152
0.453599406278,0.468800809311,-0.124318426003,-1.47911695712,0.0719324448918,1.93921108758,0.142088140805,-0.0291025087694,-0.20346381257,0.000223207095309,-0.30904460155,-0.0235024433348,0.119587138614,-0.0492885445001,0.57380975528,0.81897289903,0.00254996099736,0.0,0.81893635593,-0.573747619923,-0.0117328798403,0.0,-0.00814603340005,0.00882086650585,-0.999927914629,0.0,0.646650870368,0.241454047029,0.303698418146,1.0,-0.04158,-0.054648,1.169
0.453031345061,0.465402275122,-0.124317288503,-1.48425898592,0.0715955434091,1.94108029999,0.141277613606,-0.0386481359273,-0.214678325741,0.000670718991625,-0.332657103734,-0.0242274899157,0.110574572826,-0.047366849477,0.573761124069,0.819006640607,0.00265368601333,0.0,0.818971423646,-0.573698601433,-0.0116819889833,0.0,-0.00804536549653,0.00887613503576,-0.999928240586,0.0,0.645986225684,0.240597557115,0.303757505563,1.0,-0.0436371428571,-0.0573516734694,1.185
0.452335759771,0.46144804105,-0.124323751063,-1.49044566178,0.0711849468517,1.94320466371,0.140361190429,-0.0372798656429,-0.227797073671,0.00180717586853,-0.35114753851,-0.0199325560106,0.118409536747,-0.0560064428682,0.573761656232,0.819006577717,0.00255624631595,0.0,0.818969904696,-0.573699274946,-0.0117551703766,0.0,-0.00816120233104,0.00883832499149,-0.999927636776,0.0,0.645156683735,0.239545042723,0.303722073506,1.0,-0.0459514285714,-0.0603933061224,1.203
0.451694066227,0.457779561785,-0.1243343199,-1.49610456444,0.070794765625,1.94520956913,0.139509370158,-0.0396728308423,-0.228571531389,-0.000295842119958,-0.364168951786,-0.0288840231958,0.12872034504,-0.0541881526329,0.573752192442,0.819013217305,0.00255312540436,0.0,0.818976571949,-0.573689897638,-0.0117483125502,0.0,-0.0081574780645,0.00883174001296,-0.999927725348,0.0,0.644408768046,0.238579416256,0.303727219109,1.0,-0.0480085714286,-0.0630969795918,1.219
0.450993069361,0.454055369271,-0.124356768159,-1.50202726593,0.0703977963704,1.94729442003,0.138571874759,-0.0464817226008,-0.23901628151,-0.0042350867226,-0.372889676771,-0.0245617531325,0.130460206459,-0.0598397033215,0.573738098941,0.819023425074,0.00244333895243,0.0,0.818985300842,-0.573676158747,-0.0118105372899,0.0,-0.00827158065195,0.00877738289102,-0.999927266606,0.0,0.643623029284,0.237543617275,0.303649657998,1.0,-0.0500657142857,-0.0658006530612,1.235
0.450191892379,0.449513739794,-0.124435626354,-1.50882631017,0.0699347554501,1.94982007796,0.137510842967,-0.04825800248,-0.252354465326,-0.00820498614741,-0.385944393709,-0.0284688586174,0.140894998134,-0.0572351551482,0.573765330116,0.819003736101,0.00264066465322,0.0,0.818968674869,-0.57370321056,-0.0116482907224,0.0,-0.00802519034105,0.00884617731977,-0.999928668189,0.0,0.642758009204,0.236337589254,0.303751226809,1.0,-0.05238,-0.0688422857143,1.253
0.44941951014,0.445360230405,-0.124456218033,-1.51521668858,0.0695094899226,1.95192214465,0.136568594447,-0.0487719791783,-0.265870298257,-0.000562442105526,-0.405294293031,-0.0282755295153,0.127677570194,-0.0589491992854,0.573816769675,0.818968090808,0.00251554750596,0.0,0.818931057887,-0.573754713105,-0.0117557866295,0.0,-0.00818446447065,0.00880589702977,-0.999927732748,0.0,0.64181455627,0.235135955616,0.303732387298,1.0,-0.0545657142857,-0.0717149387755,1.27
0.448573182864,0.440837261824,-0.124472070586,-1.52223053882,0.0690129626684,1.95433729967,0.135437050434,-0.0529533091161,-0.267232636704,0.000402547022385,-0.415598558343,-0.0282754455527,0.142385544448,-0.0634593586692,0.573773949759,0.818998315565,0.002441429934,0.0,0.818960427564,-0.573712289342,-0.0117802395101,0.0,-0.00824747674852,0.00875879768943,-0.999927628676,0.0,0.640969500293,0.234045501132,0.303705557145,1.0,-0.0564942857143,-0.0742496326531,1.285
0.447673864166,0.436168676671,-0.124481779461,-1.52939999877,0.0685515918335,1.95688113229,0.13428542004,-0.0530440878549,-0.278934227929,-0.00157968476699,-0.424590782685,-0.0320949798267,0.151838475998,-0.0688221299016,0.573751966336,0.819013592404,0.00248263635234,0.0,0.818975916409,-0.573689809437,-0.0117982113877,0.0,-0.00823879093897,0.00880263584272,-0.999927315322,0.0,0.639941664239,0.232711839176,0.303702698569,1.0,-0.0588085714286,-0.0772912653061,1.303
0.446716634648,0.431303016295,-0.124505717737,-1.5366590824,0.0680266508647,1.9595608537,0.133100312527,-0.0582730378489,-0.280923184073,-0.0056411973322,-0.439697505943,-0.0343362222572,0.151510815054,-0.0690848107964,0.573752242495,0.819012732192,0.00269362959607,0.0,0.818978261213,-0.573689834435,-0.01163307472,0.0,-0.00798248208077,0.00888069777163,-0.999928704052,0.0,0.6389912781,0.23139590649,0.303798192997,1.0,-0.0609942857143,-0.0801639183673,1.32
0.445781555816,0.42662450144,-0.124541718615,-1.54393315617,0.0674971184546,1.96191960407,0.131942386227,-0.0615207076347,-0.296241658359,-0.0023574160658,-0.454336691414,-0.0287429715981,0.149486504825,-0.0796226863683,0.57375906469,0.819008658074,0.00246993687889,0.0,0.8189712056,-0.573697369271,-0.0117575418538,0.0,-0.00821269040595,0.00876897223041,-0.999927825817,0.0,0.637955584835,0.230064109607,0.303726993494,1.0,-0.0630514285714,-0.0828675918367,1.336
0.444755536612,0.421467465978,-0.124598005521,-1.55178920621,0.0669286188042,1.96454148711,0.13063747265,-0.0572330342916,-0.305800504366,-0.00174480270925,-0.465947067049,-0.0271976462778,0.156860820491,-0.0809074605661,0.573744795316,0.819018924971,0.00237850533033,0.0,0.818980369682,-0.573683534922,-0.0117941822976,0.0,-0.00829530887093,0.00871496767308,-0.999927615975,0.0,0.636851228366,0.228614143947,0.303721338911,1.0,-0.0652371428571,-0.085740244898,1.353
0.443667695814,0.416157959856,-0.124630842493,-1.55968897411,0.0663931851892,1.96742813719,0.129377252853,-0.0636157815008,-0.314153106193,0.000543861951372,-0.473353882073,-0.0284424089453,0.177635825487,-0.0817575066452,0.573809338199,0.818972976127,0.00261814264671,0.0,0.818937665453,-0.573747338619,-0.0116549744993,0.0,-0.00804311163152,0.00883199887444,-0.99992864953,0.0,0.635789042961,0.227159780038,0.303813439873,1.0,-0.0674228571429,-0.0886128979592,1.37
0.442597623912,0.41108503673,-0.124642621888,-1.56736809549,0.0658563927424,1.97011339129,0.128033833993,-0.0706256695715,-0.319848582181,-0.000454890042121,-0.488406020958,-0.0341841193142,0.160803944732,-0.0875443101,0.573768330441,0.819001567161,0.00266136662242,0.0,0.818966739176,-0.573706099725,-0.0116420858603,0.0,-0.00800819848239,0.00885960148622,-0.999928685566,0.0,0.634645239712,0.225648375078,0.303822022087,1.0,-0.0696085714286,-0.0914855510204,1.387
0.441419113904,0.405530526315,-0.124699232614,-1.57590193321,0.0652460007217,1.97286753372,0.126676150394,-0.0681486447497,-0.327856649665,-0.00217658868502,-0.504150885004,-0.0328634617368,0.165518062962,-0.085205627912,0.5738320443,0.818957606489,0.00244348299036,0.0,0.8189197165,-0.573770338398,-0.011783191523,0.0,-0.00824809506559,0.008762757988,-0.999927588878,0.0,0.633399799568,0.224032590244,0.303743548132,1.0,-0.0717942857143,-0.0943582040816,1.404
