position_joint1,position_joint2,position_joint3,position_joint4,position_joint5,position_joint6,position_joint7,velocity_joint1,velocity_joint2,velocity_joint3,velocity_joint4,velocity_joint5,velocity_joint6,velocity_joint7,ee_T_00,ee_T_10,ee_T_20,ee_T_30,ee_T_01,ee_T_11,ee_T_21,ee_T_31,ee_T_02,ee_T_12,ee_T_22,ee_T_32,ee_T_03,ee_T_13,ee_T_23,ee_T_33,v_x,v_y,time
0.465077349431,0.547799435137,-0.123892288991,-1.35587113401,0.0795222775245,1.89409709864,0.159161759536,-0.000997195643646,-0.00169600241856,-0.000393952763784,-0.00279404710691,-0.000123180971732,-0.000351949144706,-0.00161473076387,0.573745607243,0.819019535871,0.00193000810564,0.0,0.81897537562,-0.573686393677,-0.0120001141804,0.0,-0.00872127646811,0.00846580490365,-0.999926132014,0.0,0.661642844021,0.260947187598,0.303179860009,1.0,0.0,0.0,0.0
0.465078755016,0.54780722767,-0.123894817361,-1.35586083393,0.0795248889803,1.89409473062,0.159160229282,0.00028067500711,0.00138574755307,-0.000711087450806,0.000580241883085,4.25024094616e-05,0.000147679831589,-0.000970424159716,0.573746522406,0.81901889024,0.00193193138448,0.0,0.818974732643,-0.573687278719,-0.0120016844191,0.0,-0.0087214497102,0.00846829072838,-0.999926109454,0.0,0.661644327612,0.26095021757,0.303177544704,1.0,-0.00024,-0.000315428571429,0.013
0.46507863248,0.5478076344,-0.123890142824,-1.35586412882,0.0795250943898,1.89409710006,0.159170867166,0.00106242723819,0.000530523125054,0.000808102185362,-0.00107479923958,-9.99746445775e-05,-0.000144452911548,0.00081235536092,0.573750894573,0.819015830682,0.00193053610858,0.0,0.818971648172,-0.573691649798,-0.0120032222052,0.0,-0.00872346451385,0.00846807685341,-0.99992609369,0.0,0.661643247002,0.260950458641,0.303177319989,1.0,-0.00054,-0.000709714285714,0.028
0.465070560787,0.547769851446,-0.123893367527,-1.35589124394,0.079523560239,1.89410064013,0.159167536093,-0.00376514018615,-0.00564012101286,-0.000291815085292,-0.00431854752431,0.000361663507938,0.000205860212207,0.000141162009873,0.573758061825,0.819010780876,0.00194273018471,0.0,0.818966766549,-0.573698772919,-0.011995838465,0.0,-0.00871034680655,0.00847390363419,-0.999926158682,0.0,0.661641672433,0.260940524963,0.303191591763,1.0,-0.0009,-0.00118285714286,0.046
0.465074757166,0.547697753912,-0.123890900309,-1.35596859455,0.0795232048168,1.89410910029,0.15916367053,-0.000392874689231,-0.0051800062008,-0.000378195589974,-0.00873499631793,0.000195803047282,-0.00873459946422,-0.000809086219299,0.573753792751,0.81901375472,0.00194981661616,0.0,0.81896975412,-0.573694397532,-0.012001124028,0.0,-0.00871065448919,0.0084826945812,-0.999926081464,0.0,0.661625892488,0.260937012936,0.30320650372,1.0,-0.00118,-0.00155085714286,0.06
0.465069355787,0.547559077275,-0.123892522498,-1.35614890563,0.079519604441,1.89414934502,0.159155728337,-0.000858236526784,-0.00672690284174,-0.000423764087841,-0.011323174041,-0.000212641074358,0.000763072584133,-0.00143142772935,0.573761764083,0.819008161075,0.00195373209273,0.0,0.818964118155,-0.573702260165,-0.0120098608354,0.0,-0.00871548132025,0.0084909988978,-0.999925968921,0.0,0.661598228536,0.260915068923,0.30322246361,1.0,-0.00154,-0.002024,0.078
0.465052005334,0.547400143993,-0.123894876929,-1.35637111903,0.07951711685,1.89423450857,0.159157485757,-0.00239231221967,-0.00899247080124,-0.00122544958289,-0.0101743020306,0.000404722634836,0.00685294283941,0.000931144160136,0.573790835807,0.818987736416,0.00197768696667,0.0,0.81894392565,-0.573731147537,-0.0120068266961,0.0,-0.00869895068629,0.00850918568174,-0.999925958267,0.0,0.661573669804,0.260883323542,0.303236751885,1.0,-0.0019,-0.00249714285714,0.096
0.465021500979,0.547209944872,-0.123887817496,-1.35658482636,0.0795148802118,1.89435118987,0.159145544824,-0.00553116956316,-0.00981215785807,-0.00266342727377,-0.0125839385457,-3.55113943209e-05,0.00201312078877,-0.00134786971735,0.573812646325,0.818972241516,0.00206432662152,0.0,0.818929489254,-0.573752519607,-0.0119701619061,0.0,-0.00861898366934,0.00855933301979,-0.999926222748,0.0,0.661559430334,0.260851940034,0.303279654923,1.0,-0.00224,-0.002944,0.113
0.464998057821,0.547008630899,-0.123888028939,-1.3568263671,0.0795120682702,1.89447995733,0.159125627715,-0.00316030977146,-0.0142504024198,0.000436751176498,-0.0139552294442,-1.74856097643e-05,0.00618888321431,-0.00350528086814,0.573828644754,0.818960823076,0.00214560668019,0.0,0.818919088051,-0.573768138353,-0.0119330439675,0.0,-0.0085417792146,0.00860476638193,-0.9999264953,0.0,0.661541359721,0.260818587418,0.303318465145,1.0,-0.00256,-0.00336457142857,0.129
0.464960158008,0.546768092117,-0.123890483928,-1.35718050779,0.0795038619877,1.89461144771,0.159101020199,-0.00148041987211,-0.0172568084579,0.000607987536533,-0.0257115662925,1.13708580887e-05,0.00910131878914,-0.00223046136208,0.573861735853,0.818937600409,0.00215908831638,0.0,0.818895910112,-0.573801038157,-0.011941687999,0.0,-0.00854077463373,0.00862111237912,-0.999926363084,0.0,0.661498087979,0.260758948053,0.303326099831,1.0,-0.00292,-0.00383771428571,0.147
0.46492076817,0.546489783424,-0.123890642745,-1.35760552651,0.0794936813157,1.8947773312,0.158971921138,-0.00412919849393,-0.0167413487421,-0.000491875146204,-0.0249520360078,-0.00071389954803,0.00488925821041,-0.00558865517987,0.573806641426,0.81897611504,0.00219274945136,0.0,0.818934758067,-0.573745706803,-0.0119361993832,0.0,-0.00851754560455,0.00864495566311,-0.999926355367,0.0,0.661457382873,0.260697495383,0.303340947314,1.0,-0.00326,-0.00428457142857,0.164
0.464882787123,0.546225554925,-0.1238941667,-1.35804410724,0.0794802510653,1.89493237417,0.158929369738,-0.000800589378882,-0.0129927603287,-0.000508504371359,-0.0272625253666,-0.000343016080701,0.0109672184167,-0.00140574901072,0.573826311712,0.818962361447,0.00218206815657,0.0,0.818920751385,-0.573765302745,-0.0119552172024,0.0,-0.00853904231822,0.0086473255751,-0.999926151532,0.0,0.661406068204,0.260630092129,0.303332862971,1.0,-0.00358,-0.00470514285714,0.18
0.464825401266,0.545908272711,-0.123893514554,-1.35857602501,0.0794561092742,1.89511485384,0.158895662914,-0.00493983559601,-0.0185060864692,0.000869249335916,-0.0357425469474,0.000448327744158,0.0196378905658,-0.00376265523186,0.573868520235,0.818932847877,0.00215848390035,0.0,0.818890830912,-0.573807502573,-0.0119793129662,0.0,-0.00857186366171,0.00864227967065,-0.999925914333,0.0,0.661344852733,0.260542017948,0.303320127341,1.0,-0.00392,-0.005152,0.197
0.464766371902,0.545556476954,-0.12389869248,-1.35918442651,0.0794033033577,1.89532017371,0.15878721354,-0.0035637737705,-0.0196638009015,-0.00263172219451,-0.0402803435609,-0.00555141892762,0.00287839223302,-0.0121316774898,0.57385156804,0.818944867502,0.00210445972701,0.0,0.818902274889,-0.57379090658,-0.0119919392956,0.0,-0.00861338311722,0.00860510570143,-0.999925878147,0.0,0.661274848146,0.260437765394,0.303297523989,1.0,-0.00426,-0.00559885714286,0.214
0.464717002564,0.545193085059,-0.123894088585,-1.35982953409,0.0793456639848,1.89552149452,0.158727835463,-0.00453867317401,-0.0163562714442,0.000615595295915,-0.0402373930547,-0.00459461459662,0.0163967097466,-0.0100891376896,0.573860672674,0.818938684618,0.00202635002855,0.0,0.818895153764,-0.573800419771,-0.0120229910663,0.0,-0.00868353917706,0.0085590547474,-0.999925666602,0.0,0.661191351975,0.260340306622,0.303264954944,1.0,-0.00458,-0.00601942857143,0.23
0.464649283974,0.544762757298,-0.123892083126,-1.36054135571,0.0793252303754,1.89576016672,0.158624988884,-0.00260302248586,-0.0231876981358,0.000262333068852,-0.0427332492605,0.000945893272068,0.0192186353399,-0.0035213241094,0.573864659062,0.818935948856,0.0020029107869,0.0,0.818891849008,-0.573804247617,-0.0120653199588,0.0,-0.00873161364221,0.00856419292956,-0.999925203964,0.0,0.661104952085,0.260230742226,0.303251377858,1.0,-0.00492,-0.00646628571429,0.247
0.464583052257,0.544287565685,-0.123900451095,-1.36134390177,0.0792908565172,1.89604650886,0.158535942493,-0.00162107715391,-0.0314946574503,-0.000822416290927,-0.0447616973544,-0.00189605635724,0.0165846467991,-0.00335503441544,0.573887428051,0.818920066999,0.00197248386006,0.0,0.818875455695,-0.57382703454,-0.012094188424,0.0,-0.0087724779278,0.00855608603997,-0.999924915693,0.0,0.661011051248,0.260106955594,0.303230786526,1.0,-0.00528,-0.00693942857143,0.265
0.46452463884,0.543836511034,-0.123894509737,-1.36207765273,0.0792609751386,1.89630234461,0.158440959571,-0.000994113110713,-0.0287684232578,0.00563621122453,-0.0539332463405,-0.000449886288795,0.0199581039204,-0.00363652382907,0.57388616956,0.818920981745,0.00195881268975,0.0,0.818875995137,-0.573825644811,-0.0121235657384,0.0,-0.00880439491382,0.00856173623355,-0.999924586808,0.0,0.660920591597,0.260003139012,0.303222695652,1.0,-0.00558,-0.00733371428571,0.28
0.464440075138,0.543280975524,-0.123902937112,-1.36296611171,0.0792114370613,1.89661238753,0.158343264184,-0.00531475072326,-0.0329553451216,0.000214964117484,-0.0484499090634,-0.000921563877435,0.0223874393709,-0.00541913997465,0.573917468089,0.81889909377,0.0019393159721,0.0,0.818853822286,-0.573856996668,-0.012137215636,0.0,-0.00882643478207,0.00855394105369,-0.999924459218,0.0,0.660819161249,0.259857228454,0.303219984032,1.0,-0.00594,-0.00780685714286,0.298
0.464355636791,0.542723972387,-0.123898330587,-1.36386767017,0.0791535511342,1.89693518472,0.158207019955,-0.00686075058508,-0.0345593503616,0.000982770256111,-0.0530650725884,-0.00159117004293,0.0178880454913,-0.0066643278519,0.573906478586,0.818906841692,0.00191973134886,0.0,0.818861292924,-0.573846075365,-0.012149553084,0.0,-0.00884789219303,0.00854486543637,-0.999924347178,0.0,0.660714596814,0.259716940849,0.303212672226,1.0,-0.00628,-0.00825371428571,0.315
0.464296551599,0.542189220892,-0.123903608182,-1.36467800802,0.0791058631699,1.89723981633,0.158096709263,-0.00558304602199,-0.0337366781294,0.000805789077353,-0.0564617564463,-0.00321098822505,0.0211208993204,-0.00354644417445,0.573904012205,0.81890851749,0.00194207587904,0.0,0.818863244859,-0.573843494131,-0.0121399078854,0.0,-0.00882719631145,0.00855760115963,-0.999924421178,0.0,0.660615288214,0.259589263301,0.303229282129,1.0,-0.0066,-0.00867428571429,0.331
0.464201506466,0.541515745768,-0.123909328075,-1.36569593473,0.0790495652824,1.89760951561,0.157971140644,-0.00711747414827,-0.0395454604028,-0.00140140508552,-0.0589789986876,-0.00614921467391,0.0214305315265,-0.00976669243602,0.573919995839,0.818897248614,0.00197015003231,0.0,0.818852303339,-0.573859312665,-0.0121301890106,0.0,-0.00880295894676,0.00857518501723,-0.999924484207,0.0,0.660500108404,0.259430719174,0.303254462964,1.0,-0.00696,-0.00914742857143,0.349
0.46411062711,0.540798739055,-0.123906554195,-1.3667954337,0.0789913143024,1.89802498809,0.157827223546,-0.00927029886847,-0.0439096172667,-0.00110498624333,-0.0638814169095,-0.00159198363335,0.0223704548676,-0.00730082562856,0.573921010131,0.818896465406,0.00199999440251,0.0,0.818851870952,-0.573860156905,-0.0121194330093,0.0,-0.00877701273708,0.00859346184407,-0.999924555385,0.0,0.660381730196,0.259275807679,0.303275117089,1.0,-0.0073,-0.00959428571429,0.366
0.464027878356,0.540176971831,-0.123907120663,-1.36776873541,0.0789241671476,1.89838518601,0.157703838481,-0.00593088968501,-0.0359467654858,6.318897429e-05,-0.0644815469354,-0.00606077768798,0.0267099617686,-0.00363895604506,0.573924078546,0.81889430966,0.00200214189844,0.0,0.818849814628,-0.57386328539,-0.0121102298321,0.0,-0.00876821138578,0.00858997140334,-0.999924662592,0.0,0.66027041157,0.259127052565,0.303282518336,1.0,-0.0076,-0.00998857142857,0.381
0.463924163788,0.539391596492,-0.123909742592,-1.36898084795,0.0788625963316,1.89884462102,0.157562633328,-0.00524375285148,-0.0472790828939,-0.00204689993511,-0.0702384779974,-0.000706219573792,0.0184941703156,-0.00132372902574,0.573945866185,0.818878958574,0.00203489456604,0.0,0.818834808054,-0.57388484516,-0.0121032440367,0.0,-0.008743465058,0.00861301521092,-0.999924681057,0.0,0.660133392356,0.258944707307,0.303300466269,1.0,-0.00796,-0.0104617142857,0.399
0.46382293286,0.538672674943,-0.123911907668,-1.37008984944,0.0787977884441,1.89927783239,0.157411883582,-0.00560764986238,-0.0467972882944,0.000612788413912,-0.0687012258344,-0.00288546509459,0.0274171120649,-0.00853887900765,0.57395090106,0.818875338545,0.00207123062184,0.0,0.818831680732,-0.573889739676,-0.012082724284,0.0,-0.00870575454898,0.00863104591571,-0.999924854619,0.0,0.660012439126,0.258773342692,0.30331811098,1.0,-0.00828,-0.0108822857143,0.415
0.463707876177,0.5378909146,-0.123918803141,-1.37131327922,0.0787294559089,1.89975530289,0.157260749486,-0.00647058708182,-0.0489965574969,-0.000633582953591,-0.0683865026721,-0.000234910474489,0.0325923370644,-0.00961842900912,0.573975581463,0.818857962439,0.00210146011918,0.0,0.818814711256,-0.573914298851,-0.0120661968683,0.0,-0.00867461038426,0.00864657529762,-0.999924991122,0.0,0.65988009441,0.258579793529,0.303329552608,1.0,-0.00862,-0.0113291428571,0.432
0.463589712706,0.537019286482,-0.123922107012,-1.37267605103,0.0786503887891,1.90026430965,0.157103302115,-0.00891186233412,-0.0504378170992,-0.00156120091895,-0.0769781481537,-0.000529939148697,0.0322331704102,-0.00956280933686,0.573999657532,0.818841046613,0.00211670382058,0.0,0.818797977642,-0.573938289958,-0.012060598262,0.0,-0.00866102228398,0.00865609873628,-0.999925026513,0.0,0.659724401318,0.258371341834,0.303340588855,1.0,-0.00898,-0.0118022857143,0.45
0.463482744564,0.536232055621,-0.123925303374,-1.37389972516,0.0785748111171,1.90073049966,0.156945961364,-0.00857138289617,-0.0429385056227,-0.000273125094431,-0.074970034646,-0.0141239997425,0.03799749018,-0.0118714105358,0.574007782905,0.818835291691,0.00213942654943,0.0,0.818792560006,-0.573946358487,-0.0120444244399,0.0,-0.00863464996597,0.00866550674832,-0.999925173107,0.0,0.659586797911,0.258183416915,0.303354369983,1.0,-0.0093,-0.0122228571429,0.466
0.463374780166,0.535385363882,-0.123925715501,-1.3752370508,0.0784960683786,1.90120584601,0.156790676646,-0.0100210042136,-0.0550221295358,6.54087463566e-05,-0.0890996178436,-0.00953683218358,0.0297245823661,-0.00655120995117,0.574021531208,0.818825685405,0.00212732998251,0.0,0.818782734856,-0.573960095265,-0.0120577380576,0.0,-0.00865234969456,0.00866338912083,-0.999925038457,0.0,0.659425707082,0.257983871306,0.30335658356,1.0,-0.00962,-0.0126434285714,0.482
0.463251457603,0.534443710131,-0.123931368199,-1.37678122655,0.0784186568581,1.90176885206,0.156607225861,-0.00773098424372,-0.0537401534241,-0.00116350461232,-0.0910246761849,-0.0056358499578,0.0374541523178,-0.00805213210901,0.574040225824,0.818812651631,0.00209942066862,0.0,0.818769180773,-0.573978751383,-0.012090015658,0.0,-0.00869460232318,0.00865926297709,-0.999924707693,0.0,0.65924127218,0.257754015075,0.303334985248,1.0,-0.00998,-0.0131165714286,0.5
0.463117922264,0.533516965975,-0.123928911961,-1.37825965102,0.0783254284644,1.90230778425,0.156417790566,-0.00617419251167,-0.0582205477812,0.00288287275106,-0.0901779036946,-0.00720371746496,0.03854849573,-0.00895307788138,0.574039956688,0.818812874007,0.0020862376502,0.0,0.818769204348,-0.573978512772,-0.0120997433525,0.0,-0.00871013774263,0.00865404990825,-0.999924617619,0.0,0.659055972024,0.257515784741,0.303331426192,1.0,-0.01034,-0.0135897142857,0.518
0.463004843862,0.532631785502,-0.123927119555,-1.37969539407,0.0782633864301,1.90285395561,0.156236278982,-0.00812336562981,-0.0607159511158,0.00129973806258,-0.0882124031235,-0.00733948234644,0.0349555590283,-0.00371263368181,0.574053281365,0.818803511073,0.00209459032413,0.0,0.818759730882,-0.573991581145,-0.0121208399597,0.0,-0.00872247703887,0.0086731411467,-0.999924344647,0.0,0.658898192882,0.25732031267,0.303319694626,1.0,-0.01064,-0.013984,0.533
0.462860487864,0.531603205007,-0.123924255505,-1.38134885501,0.078162252584,1.9034546435,0.15602022915,-0.00554361877499,-0.058016003274,0.000444695047302,-0.0873162797049,-0.00177463355688,0.0329904556112,-0.00922987426276,0.574055513378,0.818802000642,0.00207321156195,0.0,0.81875789218,-0.573993857773,-0.0121372209784,0.0,-0.00874813854568,0.00866506377755,-0.999924190497,0.0,0.658701650784,0.257068517199,0.303309719722,1.0,-0.011,-0.0144571428571,0.551
0.462723999129,0.530587013195,-0.123929610054,-1.38299669004,0.0780527045548,1.90402941999,0.155813851604,-0.00888342307855,-0.0557567921085,-0.000289915318244,-0.0974868799695,-0.00696139272337,0.0299882913191,-0.0153794690902,0.574062066909,0.818797544136,0.0020179086075,0.0,0.818752744037,-0.574000685428,-0.0121615854623,0.0,-0.00879976480819,0.00863383932512,-0.999924007591,0.0,0.658500755944,0.256814560879,0.303291466278,1.0,-0.01134,-0.014904,0.568
0.462605769114,0.529724659612,-0.123929849221,-1.38436166131,0.0779752480244,1.90453391044,0.155634010147,-0.012309271931,-0.0642260100484,0.000725271284155,-0.10029730682,-0.00262201932873,0.0439445115729,-0.0193559907779,0.574065127364,0.818795389239,0.00202163442697,0.0,0.81875057107,-0.574003663386,-0.0121673207136,0.0,-0.00880229000396,0.00864021520764,-0.999923930293,0.0,0.658339843741,0.256607578718,0.303293021047,1.0,-0.01162,-0.015272,0.582
0.462467079198,0.528577006596,-0.123935304543,-1.38614457919,0.0778628192296,1.90520767178,0.155384226009,-0.00605489623969,-0.0648236248526,0.000493384671373,-0.0988001629696,-0.00802902600463,0.0383933783362,-0.01135046562,0.574044479978,0.818809794656,0.00204989840028,0.0,0.818765414229,-0.573982960651,-0.0121451326568,0.0,-0.00876811563736,0.00865039882005,-0.999924142497,0.0,0.658130449319,0.256344087471,0.30331117967,1.0,-0.01198,-0.0157451428571,0.6
0.46232349529,0.527454028602,-0.123937435426,-1.38786574249,0.0777496570743,1.90587336882,0.155137792543,-0.00825212554466,-0.0636909282134,-0.000255506018774,-0.0991546304018,-0.0101330364866,0.0469597739761,-0.0093974984056,0.574024523404,0.818823655597,0.00210106324822,0.0,0.818780063471,-0.573962901746,-0.0121054526094,0.0,-0.00870646622604,0.00866930227537,-0.999924517473,0.0,0.657933262305,0.256085675992,0.303340243883,1.0,-0.01232,-0.016192,0.617
0.46216202754,0.526294309091,-0.123931120948,-1.38966517095,0.0776446281036,1.90655280999,0.154908462936,-0.00981970310651,-0.0695581107978,0.00696272417374,-0.108562520898,-0.00757756745264,0.0436513450339,-0.00972192222314,0.574033410808,0.818817330354,0.00213768308431,0.0,0.818774151269,-0.573971564747,-0.0120945846396,0.0,-0.00867645325015,0.00869314269597,-0.99992457137,0.0,0.657723104093,0.255813881879,0.303358572844,1.0,-0.01266,-0.0166388571429,0.634
0.462029541538,0.525173942385,-0.123936942257,-1.39139919963,0.0775327819521,1.90717364974,0.154673405285,-0.010750800037,-0.0680260286054,0.000391470498234,-0.111230228283,-0.0118747186981,0.031080893954,-0.0142787334821,0.574013788022,0.818831082268,0.00213933965914,0.0,0.818787975051,-0.573951987704,-0.0120877882102,0.0,-0.00867014537981,0.00869039000373,-0.999924650012,0.0,0.657498603929,0.255536535511,0.303375362211,1.0,-0.013,-0.0170857142857,0.651
0.461857752501,0.52393970396,-0.1239493545,-1.3934015255,0.0774044166692,1.90789657471,0.15439454892,-0.00787900930683,-0.0677843240733,-0.000493557570284,-0.106899860807,-0.00203374713672,0.0441683453989,-0.0126716185118,0.574010573754,0.818833454114,0.00209345269915,0.0,0.818789785462,-0.573949009649,-0.0121065456453,0.0,-0.00871187721533,0.00866354969863,-0.999924520202,0.0,0.657270532575,0.255243023217,0.303353280234,1.0,-0.01334,-0.0175325714286,0.668
0.461713196005,0.522862913102,-0.123947993634,-1.39509396736,0.0773088296454,1.90853980234,0.154172815585,-0.0112453133465,-0.0701084582016,0.000284712876222,-0.113800553947,-0.00479880972547,0.0469357551096,-0.0172485224113,0.574001364255,0.818839835107,0.00212254022546,0.0,0.81879648425,-0.573939613558,-0.0120989367254,0.0,-0.00868904872753,0.00868290183346,-0.999924550978,0.0,0.657057875972,0.254974778642,0.303360323945,1.0,-0.01366,-0.0179531428571,0.684
0.461543027115,0.521557640464,-0.123951112943,-1.39718079526,0.0771818515432,1.90934553848,0.153888412187,-0.00989854152212,-0.0698593356529,-0.00118687098912,-0.117492115213,-0.0133709375202,0.0386996116592,-0.0200231811685,0.573997787378,0.818842305307,0.0021368260568,0.0,0.818799165752,-0.573936000392,-0.0120888592569,0.0,-0.00867263495694,0.00868877714392,-0.999924642438,0.0,0.656825117561,0.254680207544,0.303354248783,1.0,-0.014,-0.0184,0.701
0.46136642933,0.520278151326,-0.123954365504,-1.39921240067,0.0770499813068,1.91009259,0.153611555969,-0.0107808160903,-0.0786068345868,0.000709467079767,-0.12002708352,-0.00256345807813,0.0370781683582,-0.00854355361545,0.573990679259,0.818847315257,0.00212634007643,0.0,0.818804087423,-0.573928986945,-0.0120884764967,0.0,-0.00867841540526,0.00867989589626,-0.999924669419,0.0,0.656581333543,0.254367405033,0.303350807803,1.0,-0.01434,-0.0188468571429,0.718
0.46120964126,0.519037251413,-0.123957675348,-1.40116837431,0.0769273530446,1.91078468019,0.153356910627,-0.0100215627244,-0.0825041855736,0.000732962014204,-0.125127465551,-0.0130968150046,0.0499092561192,-0.0143317696473,0.573983579503,0.818852348265,0.00210454334998,0.0,0.818808802872,-0.573921949293,-0.0121031962809,0.0,-0.0087030546351,0.00867042147821,-0.999924537468,0.0,0.656337196089,0.254073877739,0.303351141043,1.0,-0.01466,-0.0192674285714,0.734
0.461038842281,0.517669092734,-0.123960558928,-1.40328192334,0.0767852090337,1.91155050783,0.153064500042,-0.0113084272601,-0.083296262925,-0.00010168461865,-0.120513187538,-0.0143862587991,0.0412236575005,-0.0160169681508,0.573959497481,0.81886920246,0.00211457196408,0.0,0.818825869935,-0.573897908731,-0.0120885061133,0.0,-0.00868552415514,0.00866994604544,-0.999924694017,0.0,0.656077684416,0.253756275157,0.303371748757,1.0,-0.015,-0.0197142857143,0.751
0.460839349734,0.516235999111,-0.123963830537,-1.40556223052,0.0766459876896,1.9124019539,0.152741172635,-0.0121948987352,-0.0850351325023,0.000923679309072,-0.131050214049,-0.0064258680354,0.0494846010278,-0.0193555630641,0.57394349202,0.818880417379,0.00211586921114,0.0,0.818837089308,-0.573881887269,-0.012089149694,0.0,-0.00868547615338,0.00867120792474,-0.999924683492,0.0,0.655803855667,0.253406978314,0.30336561306,1.0,-0.01536,-0.0201874285714,0.769
0.460676744954,0.515027264167,-0.123967240757,-1.40748925528,0.0765277914984,1.9131243623,0.152475662375,-0.00876619325041,-0.0831392605763,0.000714701360427,-0.133505963199,-0.00948528325433,0.0466208794549,-0.0212240738943,0.573931433921,0.81888886638,0.0021167374567,0.0,0.818845550123,-0.573869827452,-0.0120885518147,0.0,-0.00868461593841,0.00867144787645,-0.999924688883,0.0,0.655570919368,0.253115469044,0.303358704534,1.0,-0.01566,-0.0205817142857,0.784
0.46049208784,0.513609771963,-0.123967137112,-1.40976259474,0.0763903959419,1.91390185549,0.152170548069,-0.0101996157157,-0.0856567620273,0.000345431588946,-0.128292981712,-0.00678926698764,0.041022763472,-0.0144766082393,0.573914756929,0.818900718897,0.0020521380967,0.0,0.818856396465,-0.573853272718,-0.0121396153514,0.0,-0.00876368230357,0.00864767729512,-0.999924204902,0.0,0.65527725789,0.252773969079,0.303337590085,1.0,-0.016,-0.0210285714286,0.801
0.460277005688,0.512098784015,-0.123978612923,-1.41218307341,0.0762495697404,1.91477070623,0.151825288029,-0.015169205554,-0.091528736222,-0.001700094185,-0.137282452093,-0.0106538357873,0.0541753706385,-0.0208006618851,0.573905097982,0.818907571475,0.00201861132532,0.0,0.818862707642,-0.573843661986,-0.0121681770421,0.0,-0.00880641454656,0.00863651065274,-0.99992392598,0.0,0.654978858877,0.252395206935,0.30331977904,1.0,-0.01636,-0.0215017142857,0.819
0.460105127542,0.510832524479,-0.123973661462,-1.41420566788,0.0761246693914,1.91554689324,0.151536944789,-0.0116200491281,-0.0898412752601,-0.00432883908884,-0.136359916184,-0.011051095193,0.0531571855469,-0.0107319395849,0.57387822448,0.818926372199,0.00203157203172,0.0,0.818881696771,-0.573816752932,-0.0121592618773,0.0,-0.00879195942364,0.00864171914943,-0.999924008182,0.0,0.65471590783,0.252073640645,0.303309806651,1.0,-0.01668,-0.0219222857143,0.835
0.459889325458,0.509249756384,-0.123979690151,-1.41670780127,0.0759733077642,1.91647604325,0.151186280423,-0.00986353157656,-0.089613570257,0.000152252464048,-0.138909786173,-0.00313142642325,0.0498590496623,-0.0185400459927,0.573861724039,0.818937912714,0.00204051551995,0.0,0.818893296393,-0.573800158075,-0.0121611930905,0.0,-0.0087885831652,0.00864997425257,-0.999923966485,0.0,0.654427661282,0.25171235559,0.303308557118,1.0,-0.01702,-0.0223691428571,0.852
0.459686870931,0.507731686636,-0.123983156756,-1.41909433831,0.0758134936296,1.91731754582,0.150854519804,-0.0117235830446,-0.0858826348923,-0.00018875328496,-0.141190027764,-0.0062345407921,0.0477658980986,-0.0145464670867,0.573838554122,0.818954222705,0.00201042724801,0.0,0.818909242404,-0.573777153892,-0.012172808938,0.0,-0.00881560578524,0.00863175072314,-0.99992388609,0.0,0.65412522004,0.251346039882,0.303307656696,1.0,-0.01736,-0.022816,0.869
0.459474962414,0.506262677027,-0.1239885686,-1.42138650169,0.0756690274921,1.91816911847,0.15054788867,-0.0196109019166,-0.0921442847426,0.000685782264193,-0.145670363611,-0.0100205825831,0.0595797647607,-0.0159540113423,0.573844368715,0.818950098887,0.00203049936189,0.0,0.818905412505,-0.573782909287,-0.0121591645371,0.0,-0.00879285245853,0.00864042137031,-0.999924011545,0.0,0.653847146273,0.250986116804,0.30331779503,1.0,-0.01768,-0.0232365714286,0.885
0.459249705032,0.504539392087,-0.12400164177,-1.42400366121,0.0755030461853,1.91918524661,0.15017811966,-0.0134432483684,-0.102294842226,-0.000437816227299,-0.146547318673,-0.0123285629146,0.0507052216085,-0.0260473628977,0.573825631129,0.818962982719,0.00212718045346,0.0,0.818919719423,-0.573763909917,-0.0120919691754,0.0,-0.00868254293457,0.00868083899681,-0.999924625401,0.0,0.653535941296,0.250585489138,0.303364839187,1.0,-0.01804,-0.0237097142857,0.903
0.459029704605,0.502972210121,-0.124007001709,-1.42633048399,0.0753512236704,1.92006958251,0.149855284415,-0.0144113334733,-0.101722144823,0.00531033299173,-0.141805571651,-0.00647872020277,0.0548024909516,-0.0242539177165,0.573823647702,0.818964105373,0.0022276333617,0.0,0.818922282735,-0.573761631544,-0.0120263006966,0.0,-0.00857114305993,0.0087254023228,-0.999925198633,0.0,0.653259126867,0.250218675977,0.303428657114,1.0,-0.01836,-0.0241302857143,0.919
0.458796277315,0.501263347885,-0.124009609484,-1.4288822751,0.0751903496149,1.92097737173,0.149500569937,-0.0119888736506,-0.104779773444,0.000122412535628,-0.156816275364,-0.0187559701167,0.0595999291629,-0.0196231292936,0.573812886452,0.818971492398,0.00228317387269,0.0,0.81893036526,-0.573750611893,-0.0120016294175,0.0,-0.00851918396944,0.00875661862375,-0.999925369783,0.0,0.652938771117,0.249820192525,0.303485657545,1.0,-0.0187,-0.0245771428571,0.936
0.458572640984,0.499650967035,-0.124017330437,-1.4313252238,0.0750375259925,1.92185530555,0.149147565359,-0.0110744644573,-0.103826555353,-0.000133512763272,-0.155891667934,-0.011377401212,0.0545509766752,-0.0175596565188,0.573805287366,0.818976708581,0.00232161470409,0.0,0.818936044175,-0.573742816558,-0.0119867802545,0.0,-0.00848504744348,0.00877950088299,-0.999925459389,0.0,0.652613637123,0.249408864325,0.303523852106,1.0,-0.01904,-0.025024,0.953
0.45830361281,0.497872510311,-0.124020790282,-1.43413093796,0.0748650117983,1.92289581434,0.148747184439,-0.0168063114387,-0.100265140044,-0.000374377852012,-0.157611966589,-0.00392643133737,0.0541226632133,-0.0283515847217,0.573786410505,0.818989904275,0.00233210565434,0.0,0.818949368751,-0.573723891212,-0.0119822775886,0.0,-0.00847554282506,0.00878531364525,-0.999925488943,0.0,0.652287388212,0.248991983487,0.303519186646,1.0,-0.01938,-0.0254708571429,0.97
0.458054699335,0.496291097181,-0.124024746681,-1.43664229019,0.0747102587488,1.9237886339,0.148365191948,-0.0122796617473,-0.0945864026683,-0.000517061990889,-0.15639425073,-0.00881012498702,0.0564092867374,-0.026208642679,0.573765387259,0.819004721975,0.00230057973788,0.0,0.818963679526,-0.573702900684,-0.0120091742257,0.0,-0.0085158850862,0.00877470868779,-0.9999252393,0.0,0.651970816997,0.248586051979,0.30350357745,1.0,-0.0197,-0.0258914285714,0.986
0.457767810447,0.494514613209,-0.124030651359,-1.43953706282,0.0745269825461,1.92478401729,0.147974594278,-0.0162803326868,-0.0932997557566,-0.00172694145251,-0.161403989513,-0.0108316576868,0.0531572439975,-0.0201368662197,0.57378069139,0.818994295426,0.00219297723059,0.0,0.818951716406,-0.57371851842,-0.012078688592,0.0,-0.00863439164417,0.00872662877306,-0.999924643776,0.0,0.651597097253,0.248113928361,0.30344979102,1.0,-0.0209674285714,-0.0275571918367,1.004
0.457503854381,0.492664262483,-0.124076717369,-1.44242249456,0.0743537904375,1.92586479441,0.14755509155,-0.0215258581935,-0.129036468084,-0.00258258050943,-0.188651437804,-0.0110559548387,0.0760452038392,-0.0277451947485,0.573784781635,0.818991348043,0.00222330723241,0.0,0.818949301285,-0.573722618016,-0.0120476721052,0.0,-0.00859154298605,0.00873371496372,-0.99992495099,0.0,0.651246034682,0.247642645751,0.303459644367,1.0,-0.0262337142857,-0.0344785959184,1.02
0.457190996695,0.490442450586,-0.124085998369,-1.44596191443,0.0741522910951,1.92716817282,0.147038941812,-0.0188557600698,-0.144249573847,0.0015177636471,-0.238470637742,-0.0080826574597,0.0865869854522,-0.0380706520309,0.573747856941,0.81901723179,0.0022175634078,0.0,0.818974903513,-0.573685512555,-0.01207422884,0.0,-0.00861698338398,0.00874386004553,-0.999924643415,0.0,0.650793800477,0.247099167213,0.303434054097,1.0,-0.0315,-0.0414,1.036
0.456709838299,0.487393863115,-0.124111499659,-1.4507894466,0.0738680373155,1.9289279874,0.146337135926,-0.0304063605734,-0.183860160542,-0.00206513373554,-0.277705711286,-0.0147625301386,0.0992541188422,-0.0431147259238,0.57374884615,0.819016576942,0.00220343721868,0.0,0.818973897431,-0.573686392881,-0.0121006136865,0.0,-0.00864668772606,0.0087474391224,-0.999924355689,0.0,0.650187179112,0.246312883485,0.30340874308,1.0,-0.0374245714286,-0.0491865795918,1.054
0.456188895497,0.484018634125,-0.124177023904,-1.45602612875,0.07354054037,1.93087668996,0.145545530252,-0.0294275947661,-0.204628779814,-0.00228578719806,-0.326238628819,-0.0315029315764,0.11164332457,-0.0492156838219,0.573744393179,0.819019538256,0.00226144918947,0.0,0.818977857328,-0.573681940323,-0.0120435648647,0.0,-0.00856672731155,0.00876217332565,-0.999924914932,0.0,0.64954349661,0.245439377106,0.303430635285,1.0,-0.04302,-0.0565405714286,1.071
0.455648740151,0.480651671873,-0.12423808255,-1.46133388462,0.0732307673505,1.93271964304,0.144743227735,-0.0372069388115,-0.236212407827,-0.00753525888264,-0.373163949242,-0.0252465441004,0.12922914511,-0.0578687441213,0.573751914744,0.819014504104,0.00217469452467,0.0,0.818971440288,-0.573689575727,-0.0121160057731,0.0,-0.00867575191585,0.00873276235113,-0.999924232225,0.0,0.648811823065,0.244477791846,0.303397194414,1.0,-0.0482862857143,-0.0634619755102,1.087
0.454916104915,0.476093832793,-0.12432278965,-1.4683581323,0.0727923025069,1.93526193901,0.143724255122,-0.0421177626649,-0.260522126102,-0.00447221380952,-0.402982243465,-0.0248683291795,0.146459229411,-0.0584473173493,0.57379860025,0.818981648093,0.00223009845832,0.0,0.818939491349,-0.573736204256,-0.0120674908731,0.0,-0.00860373098746,0.0087507935485,-0.999924696877,0.0,0.647975123351,0.243349742388,0.303437503712,1.0,-0.0538817142857,-0.0708159673469,1.104
0.454123660487,0.471341575903,-0.124374876348,-1.47569005916,0.0723621299742,1.93789681394,0.142640692767,-0.049476183308,-0.291885440831,-0.000988193135907,-0.439722456939,-0.0321556006039,0.151075900215,-0.0681488518135,0.57383389007,0.818956767019,0.00228632047094,0.0,0.818915057754,-0.573770959669,-0.0120731489638,0.0,-0.00857572786178,0.00880045373182,-0.999924501603,0.0,0.647036710422,0.242110854006,0.303463945138,1.0,-0.0594771428571,-0.0781699591837,1.121
0.453302393247,0.46639402959,-0.124411809054,-1.48310695922,0.0719066976871,1.94067187053,0.141447482762,-0.0517419884289,-0.315504098521,-0.0035870483756,-0.470819350125,-0.0241821300191,0.171278996756,-0.0827319600139,0.573785210364,0.818990102622,0.00254775883635,0.0,0.818951852128,-0.57372127558,-0.0119377025926,0.0,-0.00831531691752,0.0089363410634,-0.999925495881,0.0,0.646105714417,0.240861287643,0.303590552141,1.0,-0.0647434285714,-0.0850913632653,1.137
0.452340114518,0.4607858282,-0.124437357948,-1.49182214934,0.0713371126172,1.94367348515,0.140121663691,-0.0619462204381,-0.343696119567,-0.00073510152823,-0.532227494398,-0.0363388941108,0.177071546386,-0.0841648109026,0.573758365701,0.819009198783,0.00245295695162,0.0,0.818969433053,-0.573694515296,-0.0120173934344,0.0,-0.00843527022385,0.00890414821332,-0.999924778351,0.0,0.644938936976,0.239382438613,0.303568144931,1.0,-0.0703388571429,-0.092445355102,1.154
0.451219124784,0.454403566005,-0.124505694009,-1.50174165233,0.0706766182899,1.9470917997,0.138608146597,-0.0675075013403,-0.35845548477,-0.00428030213764,-0.562433748664,-0.0323773583607,0.204073490573,-0.0976474816163,0.573763454655,0.819005986069,0.00233233491093,0.0,0.818964562608,-0.573700015406,-0.0120865386582,0.0,-0.00856105176435,0.0088450841108,-0.99992423357,0.0,0.643610228078,0.237660439262,0.303534333902,1.0,-0.0762634285714,-0.100231934694,1.172
0.450222512982,0.448580976376,-0.124548561089,-1.51029162804,0.0700756788515,1.95034697423,0.137230167845,-0.0662237100299,-0.392064061227,-0.000494558720029,-0.573607763525,-0.039984165204,0.21558386147,-0.0909539788646,0.573706549365,0.819044574909,0.00274343375116,0.0,0.819009297245,-0.573642352539,-0.0117885241346,0.0,-0.008081732546,0.00901022472672,-0.999926748042,0.0,0.642526698768,0.236187440339,0.303742800048,1.0,-0.0812005714286,-0.10672075102,1.187
0.448914609636,0.441347627607,-0.124578694509,-1.52143273398,0.0693510837123,1.95418753685,0.135529161936,-0.0775251725948,-0.399418208023,-0.00289828648597,-0.629631688898,-0.047727665601,0.218964936762,-0.104112711024,0.573706344853,0.819044899285,0.00268881626388,0.0,0.81900845553,-0.573641845328,-0.0118713925094,0.0,-0.00818094346735,0.00901302998909,-0.999925915983,0.0,0.640998920802,0.234259784986,0.303726350986,1.0,-0.0871251428571,-0.114507330612,1.205
0.447572846957,0.434050008116,-0.124606158637,-1.53256977644,0.0685928148293,1.95801003284,0.133721550926,-0.0786376381204,-0.442114750731,-0.00166886447189,-0.665171373009,-0.0471911000383,0.24001831376,-0.100465408996,0.573624241804,0.819102482586,0.0026644205147,0.0,0.819065484506,-0.573559585832,-0.0119113598503,0.0,-0.00822857892315,0.00901515321244,-0.999925505976,0.0,0.639457141015,0.232311273904,0.303741168,1.0,-0.0927205714286,-0.121861322449,1.222
0.446199306025,0.426868657306,-0.124632737173,-1.54351972876,0.0678110212802,1.96190174753,0.131937135662,-0.0873260153776,-0.45002018791,-0.00136781641127,-0.701953079093,-0.0529726472799,0.232129166479,-0.120427334028,0.573561895044,0.819145911944,0.00273393485641,0.0,0.819110087898,-0.573497281575,-0.011843936451,0.0,-0.00813416452487,0.0090327981655,-0.999926119233,0.0,0.637960936538,0.230368409216,0.303759061042,1.0,-0.0979868571428,-0.128782726531,1.238
0.444600514123,0.418877015034,-0.124743870727,-1.5557715215,0.0669267548391,1.96600731063,0.129915224916,-0.0989420194115,-0.485046877449,-0.00885129044129,-0.721628890914,-0.0537762375883,0.244635571973,-0.115977370883,0.57356724785,0.819142734086,0.00255739903833,0.0,0.819104781449,-0.573503489239,-0.0119101527786,0.0,-0.00828959743904,0.00892622318854,-0.999925799804,0.0,0.636242105863,0.228094967437,0.303715682414,1.0,-0.103582285714,-0.136136718367,1.255
0.442789143757,0.409941649251,-0.124830397157,-1.56918157816,0.066000150124,1.97075441888,0.127686448251,-0.103022408002,-0.496570580789,-0.000258917234953,-0.762690975941,-0.0483101809688,0.260765522491,-0.131136152217,0.573585608863,0.819129211641,0.00276239809111,0.0,0.819094127342,-0.573521299661,-0.0117845785002,0.0,-0.00806895370532,0.00902230239529,-0.999926742339,0.0,0.634390001632,0.22562008303,0.303797665372,1.0,-0.109506857143,-0.143923297959,1.273
0.441119941744,0.402259536977,-0.124907993933,-1.58098275516,0.0651926364088,1.97461292277,0.125718343354,-0.115545636724,-0.51488760968,-0.00472678840409,-0.79646322419,-0.0500810885326,0.255094764889,-0.143148791205,0.573648557331,0.819085848995,0.00253998997802,0.0,0.819047253929,-0.573584409895,-0.0119694384911,0.0,-0.00834725974642,0.00894679519253,-0.999925136253,0.0,0.632680710619,0.223379587045,0.303704942973,1.0,-0.114444,-0.150412114286,1.288
0.439009508383,0.392511954861,-0.125033666078,-1.59535939371,0.0641282407419,1.97967892627,0.123254893126,-0.117424164415,-0.5314883946,-0.000763229239817,-0.801981429419,-0.0689723627077,0.281604127527,-0.142420139143,0.573718437932,0.819035887009,0.00284897695828,0.0,0.819002149407,-0.573654053605,-0.011715500398,0.0,-0.00796124135808,0.00905489117512,-0.999927311149,0.0,0.630675187997,0.22060731206,0.303863461272,1.0,-0.120368571429,-0.158198693878,1.306
0.436875191669,0.383079852993,-0.125113587665,-1.60962567739,0.0630526654655,1.98432565928,0.120725331929,-0.125111615573,-0.571817208513,-0.0052323968827,-0.85014439778,-0.0674163623658,0.276641314081,-0.152056936336,0.573692761639,0.819054541458,0.00264957752673,0.0,0.819018120492,-0.573628997114,-0.0118253488874,0.0,-0.00816588842981,0.00895434146544,-0.999926566321,0.0,0.628564519478,0.217839207918,0.303803783308,1.0,-0.125964,-0.165552685714,1.323
0.434766151863,0.373828025861,-0.125179144567,-1.62333939548,0.0620628378145,1.98899636791,0.118266847375,-0.139022460313,-0.57939220722,-0.00614388375459,-0.872129496084,-0.0680041621739,0.284175899203,-0.160341631364,0.57368481688,0.81905957219,0.00280980182022,0.0,0.819025160503,-0.573620387932,-0.0117551653673,0.0,-0.00801657545056,0.00904523242669,-0.999926956477,0.0,0.626554432049,0.215180821242,0.303865070043,1.0,-0.131230285714,-0.172474089796,1.339
0.432336485552,0.363686355179,-0.125293784253,-1.63838631051,0.0608879599234,1.99394636835,0.115645274243,-0.143496523431,-0.608868468288,-0.00759892171032,-0.8884954347,-0.069903497798,0.302486699068,-0.166848489951,0.573817185137,0.818966924848,0.00278584783533,0.0,0.81893257519,-0.573753244393,-0.0117217209433,0.0,-0.00800146657398,0.00900771988505,-0.999927416123,0.0,0.624310709945,0.212155138468,0.303886974183,1.0,-0.136825714286,-0.179828081633,1.356
0.429794839408,0.353258940943,-0.125403087937,-1.65391170672,0.0596932755009,1.99897940167,0.112748309018,-0.152366080033,-0.61472087178,-0.0032163172508,-0.945914895951,-0.0660845385026,0.295918082938,-0.166274006384,0.573804518356,0.818976119597,0.00269019407526,0.0,0.818940470576,-0.573740858442,-0.0117762434259,0.0,-0.00810114385836,0.00896054300718,-0.999927037407,0.0,0.621939944338,0.209029660536,0.303851665577,1.0,-0.142421142857,-0.187182073469,1.373
0.427221153423,0.34305997556,-0.125508946138,-1.66879510546,0.0585946853876,2.00382217711,0.109951972967,-0.162635755433,-0.649352885288,-0.0037445497197,-0.930448034418,-0.072459542693,0.302773930484,-0.160576753874,0.573887426254,0.81891759237,0.00281882864842,0.0,0.818883268763,-0.573822905662,-0.0117563590595,0.0,-0.00801013503035,0.00905529260291,-0.999926917036,0.0,0.619660533923,0.205973067497,0.303925212912,1.0,-0.147687428571,-0.194103477551,1.389
0.423706278048,0.32939978975,-0.125560200809,-1.68890121558,0.05696595593,2.01021096785,0.10606625548,-0.176530947774,-0.668297401804,-0.00263672893355,-0.968351069272,-0.0813275198444,0.313578296968,-0.192818103058,0.573791349108,0.818985265168,0.00271477959923,0.0,0.818949471047,-0.573727086201,-0.0118212237767,0.0,-0.00812402191282,0.00900635665601,-0.999926440198,0.0,0.616476876321,0.201867983515,0.303890501031,1.0,-0.154599428571,-0.203187820408,1.41
