position_joint1,position_joint2,position_joint3,position_joint4,position_joint5,position_joint6,position_joint7,velocity_joint1,velocity_joint2,velocity_joint3,velocity_joint4,velocity_joint5,velocity_joint6,velocity_joint7,ee_T_00,ee_T_10,ee_T_20,ee_T_30,ee_T_01,ee_T_11,ee_T_21,ee_T_31,ee_T_02,ee_T_12,ee_T_22,ee_T_32,ee_T_03,ee_T_13,ee_T_23,ee_T_33,v_x,v_y,time
0.465068345133,0.547804797005,-0.123989290207,-1.35583770963,0.0795226073242,1.89410516536,0.159156547522,0.00138056933472,0.00265067997738,0.00678852678501,0.000362749638619,-0.000138706390686,0.000893456300273,-0.000382138330168,0.573814818835,0.818971033684,0.00193560671367,0.0,0.818927492937,-0.573756104264,-0.011934866315,0.0,-0.00866391044255,0.0084336870803,-0.999926902117,0.0,0.661676591807,0.260889599895,0.303195880603,1.0,0.0,0.0,0.0
0.465066137486,0.547798391808,-0.123988815546,-1.35583520397,0.079525848037,1.89410582316,0.15916204074,0.00136599532629,-0.000569951253819,0.00196800139237,-0.000286626303461,-0.00017045789257,-0.00108110462934,0.00082833227354,0.573821509276,0.818966322092,0.00194568051035,0.0,0.81892288517,-0.573762724986,-0.0119327475227,0.0,-0.00865632606067,0.00844079200187,-0.999926907854,0.0,0.661677753574,0.260889367519,0.303201658042,1.0,-0.00014,-0.000184,0.008
0.465063089981,0.547797021325,-0.123996078709,-1.35583840939,0.0795254885526,1.89410512416,0.15916360193,0.000591477806969,0.00114870764127,-0.000527685161134,-0.000731086919507,-0.000205967035749,4.02323771682e-05,0.0110380876045,0.573830430504,0.818960080743,0.00194166900039,0.0,0.818916628234,-0.573771697647,-0.0119307117294,0.0,-0.00865686859418,0.00843643290633,-0.999926939944,0.0,0.661679398561,0.260882678888,0.303201282415,1.0,-0.00048,-0.000630857142857,0.025
0.465062345993,0.547784596416,-0.123997038788,-1.35584827484,0.0795228496229,1.89411012933,0.159155441824,-0.000247522267679,0.00201586406179,0.000105974996449,-0.000870712348097,0.000316490472461,-9.81596986678e-05,0.000627200292487,0.573824880678,0.818963956859,0.00194694145404,0.0,0.818920598212,-0.573766151025,-0.0119249596608,0.0,-0.00864918956858,0.00843739146064,-0.999926998308,0.0,0.661679027738,0.260880536993,0.303205850538,1.0,-0.0008,-0.00105142857143,0.041
0.465065181786,0.547716938702,-0.123994533135,-1.35591674684,0.0795224932455,1.89411908007,0.159161187212,0.00104943665222,-0.00476271076349,-0.000815373390542,-0.0074885462176,-1.25185631445e-05,0.00360117706702,0.000506460290333,0.573829099437,0.818960975172,0.00195772457822,0.0,0.81891768936,-0.573770258252,-0.0119270993645,0.0,-0.0086447112272,0.00844749461569,-0.999926951733,0.0,0.661665611205,0.260877176561,0.303221884216,1.0,-0.00112,-0.001472,0.057
0.465062042722,0.547589450076,-0.123989006658,-1.35608957614,0.0795241592351,1.89415296877,0.159154044274,1.11731092953e-05,-0.00727081964132,0.000994417326517,-0.00907577083723,0.000577421414369,-0.000561368740929,1.11942790543e-05,0.573831845894,0.818959051383,0.00195747215846,0.0,0.818915582863,-0.573772830152,-0.0119479883504,0.0,-0.0086619356342,0.00845930353124,-0.999926702841,0.0,0.661635570776,0.260862026392,0.303232700951,1.0,-0.00146,-0.00191885714286,0.074
0.465043877548,0.547435873598,-0.1239946374,-1.35631791437,0.0795151232363,1.8942332406,0.159152345585,-0.00103390257557,-0.00738177800147,0.000887991118521,-0.0151878217848,-0.00248620479695,0.00775453245175,0.000665215369334,0.573859622166,0.818939574253,0.00196333134104,0.0,0.818896163397,-0.573800560155,-0.0119472859473,0.0,-0.00865771133169,0.00846399246038,-0.999926699747,0.0,0.66160982101,0.260825649218,0.303239951862,1.0,-0.00182,-0.002392,0.092
0.465033168119,0.547273985337,-0.123993883886,-1.3564992522,0.0795169803113,1.89434104528,0.159138916418,-0.00101216999624,-0.00843355546212,-0.0013584344248,-0.0128182182496,0.000160717428868,0.00162811361968,0.000530514497749,0.57386772211,0.81893369782,0.00204523736768,0.0,0.818891293112,-0.573808259322,-0.0119112762113,0.0,-0.0085811365931,0.00851048787281,-0.999926965178,0.0,0.661596542362,0.260807239458,0.303277654776,1.0,-0.00212,-0.00278628571429,0.107
0.465013295555,0.547065419919,-0.123989507495,-1.35675113186,0.0795125776624,1.89447414315,0.15913225146,0.000307211962271,-0.00985558638746,0.000800743212892,-0.0171132825462,0.000592298881391,0.0121020998506,0.00046899630653,0.573888608156,0.818918850644,0.00212800154602,0.0,0.818877464282,-0.573828747487,-0.011874929477,0.0,-0.0085036588588,0.0085576240203,-0.99992722478,0.0,0.661575262772,0.260777805557,0.303316903813,1.0,-0.00248,-0.00325942857143,0.125
0.464984294804,0.546839103002,-0.123991719683,-1.35709206493,0.0795079245681,1.89460444764,0.159115270896,-0.00166871346328,-0.0173779187394,0.000247457024647,-0.0222516683041,0.000289454179083,0.00740228139838,0.000971814062265,0.573917868195,0.818898289499,0.00214916806124,0.0,0.81885705386,-0.573857793123,-0.011878784343,0.0,-0.00849436288191,0.00857747315668,-0.999927133722,0.0,0.661537350417,0.260727936786,0.303326303636,1.0,-0.00282,-0.00370628571429,0.142
0.464953423407,0.546602207034,-0.123994860972,-1.35743679598,0.0794997322267,1.89473096928,0.159049824082,-0.00136513213012,-0.0145883900946,-0.00193253599793,-0.0257209117079,-0.00110844796455,0.0108877587302,-0.0105575109567,0.573908839127,0.81890455753,0.00217184931829,0.0,0.818863516452,-0.573848572461,-0.0118787293325,0.0,-0.00848139625033,0.00859592142963,-0.999927085368,0.0,0.661498970841,0.260675151281,0.303341071309,1.0,-0.00312,-0.00410057142857,0.157
0.464916763103,0.546317124075,-0.123996988112,-1.35787208061,0.0794864842591,1.89488679477,0.158938900516,-0.00175772970591,-0.0181706533535,0.00470305009239,-0.0292712702134,0.000331419654991,0.0141241701447,-0.00137386615045,0.573871889937,0.81893042034,0.00218345673688,0.0,0.818889355774,-0.57381140429,-0.0118929478277,0.0,-0.00848676778381,0.00861320375831,-0.999926891074,0.0,0.661444452582,0.260607600977,0.30334629597,1.0,-0.00348,-0.00457371428571,0.175
0.464866553907,0.545995624241,-0.123992400758,-1.35840505412,0.0794673625389,1.8950767418,0.158916600505,-0.0042560313246,-0.015770480526,0.00197938722209,-0.0307034979758,-0.00150225720587,0.00979210507168,0.00156165484924,0.57391468474,0.818900457535,0.00217306014828,0.0,0.818859160041,-0.573854136718,-0.0119101926893,0.0,-0.00850640646189,0.00861503055627,-0.999926708463,0.0,0.661385563599,0.260530370288,0.303339631166,1.0,-0.00382,-0.00502057142857,0.192
0.464804422302,0.545676716867,-0.123997729446,-1.35894963521,0.0794155317629,1.89525323735,0.158837010791,-0.0044517846154,-0.0220431685506,-0.00170798735511,-0.036263492093,-0.00190326171768,0.0134796840319,-0.00480359917494,0.573920678238,0.818896397575,0.00211944108698,0.0,0.818854555223,-0.57386050198,-0.0119200905644,0.0,-0.00854522021785,0.00857686558123,-0.999926705608,0.0,0.661324409364,0.260429315146,0.303321627681,1.0,-0.00414,-0.00544114285714,0.208
0.464744295406,0.545305917397,-0.123995024319,-1.35961933254,0.0793271941492,1.89546448059,0.158742261154,-0.00114394972483,-0.0230632865528,-0.000670942379645,-0.0406363584757,-0.00238787226488,0.0138633165689,-0.00153394469732,0.573904216831,0.818908188863,0.00201866709488,0.0,0.818865389722,-0.573844811295,-0.0119311762411,0.0,-0.00861230210199,0.0085005326355,-0.999926781918,0.0,0.661242416011,0.260316514083,0.303283473681,1.0,-0.00448,-0.005888,0.225
0.464673401411,0.544883778454,-0.123995609672,-1.36032481358,0.0793170393546,1.89569539645,0.158654409102,-0.00258683452316,-0.0239270604895,0.00035921366891,-0.0419496882634,-0.00336237371905,0.0140141729441,-0.00280355635437,0.573927269902,0.81889209814,0.0019918252323,0.0,0.818848605993,-0.573867636119,-0.0119851399608,0.0,-0.00867165932767,0.00850976581128,-0.999926190381,0.0,0.661156577981,0.260205122109,0.303266558049,1.0,-0.00482,-0.00633485714286,0.242
0.464609025487,0.544475097366,-0.123995633108,-1.36101311193,0.0792892361912,1.89595020651,0.158576855362,-0.00010075422828,-0.0250479534995,0.000980644429273,-0.0405145585283,-0.00512900582367,0.0187350138658,-0.0103271799813,0.573947557725,0.818877915007,0.00197691579899,0.0,0.818834094385,-0.57388785338,-0.0120085184921,0.0,-0.00869915010653,0.00851118978514,-0.999925939475,0.0,0.661078181968,0.260099000226,0.30325028264,1.0,-0.00514,-0.00675542857143,0.258
0.464538141477,0.543985692863,-0.123997157787,-1.36180868044,0.0792540514107,1.89623686484,0.158492014931,-0.00244159696468,-0.026843395697,0.00148167836863,-0.0470124871043,-0.000431589239554,0.0218472489188,-0.000594801286896,0.573972165305,0.818860692918,0.00196620204494,0.0,0.818816603891,-0.57391237803,-0.0120290663905,0.0,-0.00872186987143,0.00851447209374,-0.999925713616,0.0,0.660985944165,0.259977006416,0.303242834844,1.0,-0.00548,-0.00720228571429,0.275
0.464455416625,0.543435027945,-0.124009902594,-1.3626963368,0.0792074944162,1.89653574528,0.158359575248,-0.00282998017069,-0.0358771067104,-0.00321189441884,-0.0493452603727,-0.0038616692564,0.0162455696006,-0.00265513397009,0.573977248637,0.818857203969,0.00193505966934,0.0,0.818812654986,-0.573917543093,-0.0120514176423,0.0,-0.00875799408181,0.00850185457297,-0.99992550523,0.0,0.66088272118,0.259829553254,0.303236254723,1.0,-0.00584,-0.00767542857143,0.293
0.464379755517,0.542954741615,-0.124010751247,-1.36346437239,0.0791643135701,1.89681325047,0.158248515534,-0.00481066975718,-0.0342641708007,-0.0023415152916,-0.0525917867699,-0.000512977227866,0.0210679429724,-0.0118537892296,0.573980066924,0.818855245942,0.00192765888498,0.0,0.818810556509,-0.573920350675,-0.0120602873871,0.0,-0.00876947577086,0.00850091567493,-0.999925412582,0.0,0.660796058933,0.259706042184,0.303234515699,1.0,-0.00614,-0.00806971428571,0.308
0.46431146529,0.542367471072,-0.124006050634,-1.36438618742,0.0791184069139,1.897142902,0.158173824005,-0.00503980792953,-0.032370811336,-0.000685283198256,-0.0550182757994,-0.0008451655279,0.0201530934934,-0.00370674852091,0.574001126101,0.818840485795,0.00192690419368,0.0,0.818795667883,-0.573941295538,-0.0120743709211,0.0,-0.00878122292716,0.00850860712894,-0.99992524407,0.0,0.660676634336,0.259569430398,0.303236953437,1.0,-0.0065,-0.00854285714286,0.326
0.464225303078,0.541706532325,-0.124013846957,-1.36540657821,0.0790478100931,1.8975203027,0.158016413056,-0.0102342970481,-0.0375241686625,0.000380974447047,-0.0607758636916,-0.00452909159887,0.0281070022192,-0.00559073118358,0.573995415434,0.818844462638,0.00193803224706,0.0,0.818799884803,-0.573935629015,-0.0120577483441,0.0,-0.00876128338852,0.00850811665821,-0.999925423151,0.0,0.660569446578,0.25941717717,0.3032541616,1.0,-0.00684,-0.00898971428571,0.343
0.464148836445,0.541091873655,-0.124014909467,-1.36636244951,0.0789877138988,1.89787189846,0.157891761736,-0.00485016527846,-0.0382155419408,-0.00211904804684,-0.0645224891899,-0.00298639747578,0.0246165171886,-0.0073405575675,0.573993671338,0.818845668463,0.00194509751572,0.0,0.818801198096,-0.573933869274,-0.0120523274909,0.0,-0.0087528073362,0.00851077173972,-0.999925474787,0.0,0.660458572361,0.259274793918,0.303264238758,1.0,-0.00716,-0.00941028571429,0.359
0.464059097755,0.540389629097,-0.124013757202,-1.36742881348,0.0789332387031,1.89826073977,0.157758320429,-0.00466437016233,-0.0383749253648,-0.000207128032001,-0.064133510773,-0.00416810182302,0.0275396903658,-0.0067169065827,0.574001555311,0.818840076999,0.00197223251484,0.0,0.818795848701,-0.57394152553,-0.0120511544691,0.0,-0.00873619031386,0.00853240147954,-0.999925435772,0.0,0.660334368637,0.259116409806,0.303286714625,1.0,-0.0075,-0.00985714285714,0.376
0.463967508534,0.53964450029,-0.124018019307,-1.36857720559,0.0788648817721,1.89870573338,0.157623704224,-0.00322240618161,-0.0440687559583,-0.000883823630125,-0.0724316321963,-0.0055725303941,0.0296062457836,-0.00984887977067,0.574014730428,0.818830758888,0.00200610337275,0.0,0.818787006124,-0.573954586187,-0.01202990019,0.0,-0.00869920755748,0.00854807586614,-0.999925624328,0.0,0.660205823848,0.258946061545,0.303305372754,1.0,-0.00784,-0.010304,0.393
0.463864546087,0.538931495165,-0.12401767367,-1.36966954108,0.0788055413617,1.89911307233,0.157468237222,-0.00894805512957,-0.0447951395296,0.000317696911718,-0.0662300289459,-0.00700624728161,0.0217025630401,-0.00911495383598,0.574016014506,0.81882979061,0.00203371620154,0.0,0.818786331242,-0.57395568642,-0.0120233397513,0.0,-0.00867797287038,0.00856693353253,-0.999925647454,0.0,0.660083048898,0.258776025066,0.303324487031,1.0,-0.00816,-0.0107245714286,0.409
0.46373248236,0.538011488647,-0.124019040339,-1.37108487262,0.0787195321661,1.89967082713,0.157291679697,-0.00694136277548,-0.0485358380026,0.00126868499945,-0.0697281457232,-0.00422460297308,0.0258638240982,-0.0127084913254,0.57403586142,0.81881574918,0.00208461006973,0.0,0.818773004762,-0.573975366635,-0.0119913331545,0.0,-0.00862234361837,0.00859044310014,-0.999925926996,0.0,0.659930112447,0.258556068404,0.303349026219,1.0,-0.00856,-0.0112502857143,0.429
0.463637672439,0.537300047439,-0.124024390513,-1.3722052605,0.0786585313221,1.90007926068,0.157160864055,-0.00607316743444,-0.044680703108,0.00109269222279,-0.0729553414611,-0.00282323185775,0.0287529701246,-0.0115063492062,0.574055537412,0.818801951086,0.00208608858054,0.0,0.818759171857,-0.573994980057,-0.0119970108729,0.0,-0.00862593761274,0.00859512016528,-0.999925855806,0.0,0.659799807583,0.258384589009,0.303353709407,1.0,-0.00886,-0.0116445714286,0.444
0.463505704313,0.536404715981,-0.12403113049,-1.37359978403,0.078583426915,1.9006142133,0.156990064919,-0.00963623718988,-0.0493159748962,0.00117013884754,-0.0768503893171,-0.00123344475318,0.0323860119863,-0.00931710845401,0.574085257091,0.818781030519,0.00211862069439,0.0,0.818738641907,-0.574024526438,-0.0119844147716,0.0,-0.00859663674794,0.00861483832761,-0.999925938456,0.0,0.659646459668,0.258163971773,0.303368618401,1.0,-0.00922,-0.0121177142857,0.462
0.463408423037,0.53563170723,-0.124041375101,-1.37480706889,0.0785039936144,1.90104579757,0.156841483438,-0.00581767872112,-0.0513974136636,-0.000224871884416,-0.0788525316776,-0.00089246875853,0.0231234448272,-0.00628365116634,0.574095395594,0.818773943047,0.00211041369238,0.0,0.818731521774,-0.574034772283,-0.0119800820001,0.0,-0.00859769366618,0.00860573781616,-0.999926007733,0.0,0.659504494279,0.257977138347,0.303377270107,1.0,-0.00952,-0.012512,0.477
0.463270509288,0.534638643995,-0.124042879011,-1.37642683928,0.0784211471248,1.90163080173,0.156642403769,-0.00641435962741,-0.0518896435492,0.00104423500396,-0.0865848587924,-0.00188404216126,0.0310649590711,-0.0149132025146,0.574113038954,0.818761645661,0.00208158560325,0.0,0.818718672599,-0.574052358758,-0.0120154668176,0.0,-0.00864303066455,0.00860263479846,-0.999925643583,0.0,0.6593114435,0.257732368095,0.303357771433,1.0,-0.0099,-0.0130114285714,0.496
0.463165054267,0.533885582424,-0.124048772096,-1.377656808,0.0783479296067,1.90207315031,0.156500047798,-0.0136075099739,-0.0490800254466,0.00369175148587,-0.0827596434913,-0.000639789662615,0.0325432061859,-0.00302369526165,0.574134674504,0.818746553249,0.00205036016884,0.0,0.818703153083,-0.57407410444,-0.0120339787345,0.0,-0.00867588697071,0.00858792614307,-0.999925485479,0.0,0.659165986511,0.25754147728,0.303342075532,1.0,-0.01018,-0.0133794285714,0.51
0.46301450922,0.532846599355,-0.12405182187,-1.37933794825,0.0782575814387,1.90271765752,0.156286821452,-0.00875266119297,-0.0578143316538,-0.00184460871595,-0.0931933357455,-0.00537168545444,0.0346141138632,-0.00587983726056,0.574153428325,0.818733389676,0.00205530362546,0.0,0.818689973106,-0.574092754695,-0.0120409236747,0.0,-0.00867853842369,0.00859615958058,-0.999925391722,0.0,0.658974940888,0.257283661857,0.303330564673,1.0,-0.01056,-0.0138788571429,0.529
0.462901895586,0.531998052356,-0.12404927502,-1.3807041897,0.0781882104524,1.90321850164,0.156111990185,-0.0057242510967,-0.0582075185189,3.28882877982e-05,-0.0915061080667,-0.00268995766757,0.0343740637091,-0.0149552314599,0.574156229923,0.818731452757,0.00204421320201,0.0,0.818687706174,-0.574095420225,-0.0120679384556,0.0,-0.00870699498292,0.00860261989097,-0.999925088779,0.0,0.658797171009,0.257067551665,0.303320653236,1.0,-0.01088,-0.0142994285714,0.545
0.462776594438,0.531052609759,-0.124049539137,-1.38222833371,0.078089177769,1.90375257419,0.155913346455,-0.00684411782644,-0.0573776182736,-0.000458413799023,-0.0991925459095,-0.00125809453447,0.0244885790729,-0.0123282099265,0.574153073271,0.818733760593,0.00200614541542,0.0,0.818689530662,-0.574092442252,-0.012085819548,0.0,-0.00874352390724,0.0085816859091,-0.999924949912,0.0,0.658624524744,0.256851686766,0.303308987199,1.0,-0.01118,-0.0146937142857,0.56
0.462627168686,0.529947753842,-0.12404748424,-1.38396917151,0.0779863666336,1.9043745694,0.155676660487,-0.00976372089764,-0.0584451821544,0.000881232024093,-0.0917860917509,-0.00440273206305,0.0360754826323,-0.0171105288973,0.574147063718,0.818737998485,0.00199648715928,0.0,0.818693549048,-0.574086384043,-0.0121013761789,0.0,-0.00876186911066,0.00858264600063,-0.99992478109,0.0,0.658414651522,0.256587926686,0.303312652199,1.0,-0.01154,-0.0151668571429,0.578
0.462483643558,0.528828580164,-0.124049972018,-1.38574293665,0.0778725994346,1.90503400628,0.155443069091,-0.00663654535115,-0.060636585351,0.00111390273555,-0.100977257057,-0.00485348947709,0.0381384735263,-0.0164245852708,0.574140735363,0.818742438728,0.00199547575342,0.0,0.818698023505,-0.574080107365,-0.0120964266415,0.0,-0.00875846354115,0.00857890851306,-0.999924842998,0.0,0.658204523632,0.256322486078,0.303313838506,1.0,-0.0119,-0.01564,0.596
0.46235549413,0.527859930619,-0.124048491078,-1.38725552105,0.0777860475548,1.90563043644,0.15522718433,-0.00705478107693,-0.0602992430912,0.000325346221968,-0.097306377527,-0.00126150797861,0.034603382866,-0.0177099412787,0.574126741043,0.818752138368,0.0020415773958,0.0,0.818708305897,-0.574065895616,-0.0120749429355,0.0,-0.00871455317509,0.00860416966385,-0.999925009602,0.0,0.658032177687,0.256098626167,0.30332752671,1.0,-0.0122,-0.0160342857143,0.611
0.462202103056,0.526620118621,-0.12405779801,-1.38915109805,0.0776600107002,1.90634964524,0.15497415948,-0.0101415403752,-0.0677312176623,-0.0034113382473,-0.110750753915,-0.0115650768164,0.0410349589155,-0.00763565300849,0.574120245751,0.818756579135,0.00208673020392,0.0,0.818713489974,-0.574059360474,-0.0120340719218,0.0,-0.00865523519348,0.00861760441258,-0.999925409117,0.0,0.657812337109,0.255811982399,0.30336046112,1.0,-0.01256,-0.0165074285714,0.629
0.462054325465,0.525514890565,-0.124061620208,-1.39086639604,0.0775556190341,1.90697163499,0.154746615718,-0.0114085453986,-0.0693298929546,-0.000538832793484,-0.110723592668,-0.00617156715874,0.0394601562478,-0.00973016110026,0.574121877991,0.818755410617,0.00209611532562,0.0,0.818712424525,-0.574060933394,-0.0120315244741,0.0,-0.00864774433672,0.00862384312221,-0.999925420143,0.0,0.657607380021,0.255548800029,0.303375616126,1.0,-0.01288,-0.016928,0.645
0.46189887804,0.524333255402,-0.124067922191,-1.39273363491,0.077433072497,1.90763801657,0.154480137044,-0.00610860623367,-0.0689827875249,0.000396942108372,-0.112814790932,-0.00886914139251,0.0485848817817,-0.0236742128931,0.574102631942,0.818768963105,0.00207363322678,0.0,0.818725728883,-0.574041830246,-0.0120376448951,0.0,-0.00866586466096,0.00860874623672,-0.999925393356,0.0,0.657380563495,0.255262230044,0.303375828662,1.0,-0.01322,-0.0173748571429,0.662
0.461740557783,0.523147185874,-0.124074421383,-1.39464295393,0.0773116771232,1.9083593459,0.154228632518,-0.0097852484701,-0.0641096172427,-0.00241229731724,-0.112975803587,-0.00598955527096,0.0411619634724,-0.012894353151,0.574100786611,0.818770278004,0.00206532573642,0.0,0.81872700317,-0.574040087796,-0.0120340676851,0.0,-0.00866772405752,0.00859987124906,-0.999925453608,0.0,0.657155039112,0.254972639032,0.303363619363,1.0,-0.01356,-0.0178217142857,0.679
0.461574078127,0.521887817461,-0.124071670906,-1.39660878335,0.0772002250356,1.90912900414,0.153967154608,-0.0100746033023,-0.0709806258406,-0.000698457908132,-0.116559076816,-0.00408763089586,0.0446664156376,-0.0150926447709,0.574096546753,0.818773106163,0.00212191706066,0.0,0.818730519758,-0.574035559626,-0.0120107952644,0.0,-0.00861622618777,0.00863280055117,-0.999925614934,0.0,0.656926585826,0.254682219006,0.303379582598,1.0,-0.0139,-0.0182685714286,0.696
0.461435135133,0.520796649391,-0.124080443462,-1.39837488632,0.0770892130684,1.90978927113,0.15372526342,-0.00481292073158,-0.0744729691223,-0.00394635545005,-0.116573763497,-0.00656100332321,0.0435510180805,-0.0183826403691,0.574082915477,0.818782710951,0.00210364116958,0.0,0.818739935048,-0.574022055815,-0.0120143704591,0.0,-0.00862978853618,0.00861974581215,-0.999925610599,0.0,0.656713912929,0.254417401116,0.303363023418,1.0,-0.0142,-0.0186628571429,0.711
0.461253466786,0.519393098251,-0.124086148868,-1.4005579306,0.076956275104,1.9105740989,0.153423308176,-0.011460851817,-0.0824056470962,-0.000127205983908,-0.121543361906,-0.00354546674589,0.0466935266376,-0.0173359681123,0.574068679904,0.81879268176,0.0021075934915,0.0,0.818749918221,-0.574007766242,-0.0120167636147,0.0,-0.00862962922104,0.00862420566649,-0.999925573518,0.0,0.65644660148,0.25408590257,0.303377708313,1.0,-0.01456,-0.019136,0.729
0.461072485851,0.51805896196,-0.124087622023,-1.40264890424,0.076814026233,1.91132573239,0.153142665611,-0.00934086713536,-0.079683641458,0.000314475220964,-0.119041865249,-0.0140418097253,0.0458982748632,-0.0185080970949,0.574060489541,0.818798456464,0.00209497976966,0.0,0.818755602832,-0.57399970439,-0.0120145367164,0.0,-0.00863513260308,0.00861251307082,-0.999925626786,0.0,0.656191171764,0.25376366372,0.303384032132,1.0,-0.0149,-0.0195828571429,0.746
0.460902666122,0.516773418466,-0.12409366057,-1.4046639868,0.0766849162412,1.91205262647,0.152874185841,-0.0126680378317,-0.0798494156748,0.000502055996897,-0.124052670009,-0.00652793063151,0.0449095093612,-0.0265419735396,0.574055666794,0.818801855321,0.0020880722266,0.0,0.81875893637,-0.573994936088,-0.0120151720816,0.0,-0.00863966864858,0.00860717113099,-0.9999256336,0.0,0.655944244972,0.253454939655,0.303390009438,1.0,-0.01522,-0.0200034285714,0.762
0.460722545024,0.515399956892,-0.124108501645,-1.40684182436,0.0765516944745,1.91288397468,0.152573323651,-0.0138156697785,-0.0819149395225,-0.00327510177443,-0.128465511843,-0.00235073935647,0.0424312989321,-0.019205818805,0.574046599777,0.818808168102,0.00210524012288,0.0,0.818765546606,-0.573985871428,-0.0119977495494,0.0,-0.0086156431212,0.00861113120469,-0.999925806804,0.0,0.655685987764,0.253122579043,0.303389162147,1.0,-0.01556,-0.0204502857143,0.779
0.460545146738,0.514096055044,-0.124107931864,-1.40896312406,0.0764199401938,1.9136356047,0.152278827947,-0.00873730241865,-0.0784955466755,-0.00132716229071,-0.131032774716,-0.012679005188,0.0457180523238,-0.0214985224349,0.574026262842,0.818822571036,0.0020478357014,0.0,0.818779119185,-0.57396569868,-0.0120365122063,0.0,-0.0086805475494,0.00858616454156,-0.999925460158,0.0,0.655418311434,0.252801746446,0.303358679603,1.0,-0.01588,-0.0208708571429,0.795
0.460353190907,0.512686055636,-0.124111980918,-1.41124210183,0.0762918322914,1.91441855128,0.151972212797,-0.0113492115355,-0.0805251735375,-0.00182499620694,-0.132472616254,-0.00123095706297,0.0403269440049,-0.0201776479022,0.574020071559,0.818827076392,0.00198073633224,0.0,0.818782523597,-0.573959577041,-0.0120966886358,0.0,-0.00876840242108,0.00856569928527,-0.999924869135,0.0,0.65512587738,0.252454145334,0.30332996728,1.0,-0.01622,-0.0213177142857,0.812
0.460138193272,0.511158381217,-0.124112663256,-1.41368541224,0.0761380607894,1.915343431,0.151620074022,-0.015304528553,-0.0876056178563,-0.000336469083109,-0.13507800714,-0.0153047036207,0.0514885567161,-0.0188899860858,0.573994735039,0.818844829793,0.0019838774686,0.0,0.818800341433,-0.573934252865,-0.0120921941679,0.0,-0.00876318416098,0.00856542024698,-0.999924917271,0.0,0.654831262409,0.252080954062,0.303317146365,1.0,-0.01658,-0.0217908571429,0.83
0.459947761052,0.509784484856,-0.124115938463,-1.4158864552,0.0759996830026,1.91617404407,0.151302675617,-0.0105336504587,-0.0874727125386,0.00011816445183,-0.143463138457,-0.00368060316887,0.0526045060282,-0.0182340773275,0.573970657508,0.818861711357,0.00198214368514,0.0,0.818817226661,-0.573910211664,-0.0120898789281,0.0,-0.00876253515322,0.00856241400566,-0.999924948706,0.0,0.654564174137,0.251745233076,0.303303402905,1.0,-0.0169,-0.0222114285714,0.846
0.459740182445,0.508284114188,-0.124116503575,-1.41825169908,0.0758496136894,1.91701475771,0.150980850263,-0.0104293256812,-0.0798013967055,0.000687879596366,-0.139072891439,-0.00289808228848,0.0535112952111,-0.0220345195609,0.573959650888,0.818869481119,0.00195932291705,0.0,0.818824649497,-0.573899258862,-0.0121070621958,0.0,-0.00878981899947,0.00855347177284,-0.999924785773,0.0,0.654266626205,0.251380997526,0.303300296596,1.0,-0.01724,-0.0226582857143,0.863
0.459520710734,0.506743213535,-0.124119581621,-1.42066462445,0.075701064576,1.91789698718,0.150648059607,-0.0177642225169,-0.0857651985251,0.000632528015324,-0.141642111241,-0.00849684350795,0.0420613240537,-0.0155200792325,0.573953874607,0.818873511577,0.00196691726369,0.0,0.818828739349,-0.573893411131,-0.012107649589,0.0,-0.00878600183581,0.0085599655833,-0.99992476375,0.0,0.653969525085,0.251005496349,0.303305994587,1.0,-0.01758,-0.0231051428571,0.88
0.459318025962,0.505221891766,-0.124124914583,-1.42298242015,0.075551595606,1.91879052027,0.150334930039,-0.0126008942372,-0.0932566941237,0.000808265993824,-0.140398685764,-0.00684696576275,0.0548166559319,-0.0116422577512,0.573952754763,0.818874100238,0.00204698785956,0.0,0.818830533406,-0.573892100757,-0.0120482841751,0.0,-0.00869144503759,0.00859144746537,-0.999925320118,0.0,0.653677787607,0.250623981443,0.303346298869,1.0,-0.01792,-0.023552,0.897
0.459091066032,0.503551999976,-0.124132029768,-1.42546248152,0.0753896913126,1.91972606588,0.149982190822,-0.00990608531503,-0.0963358710874,0.000427749854022,-0.141239655682,-0.0104438036068,0.0577183059556,-0.0187979829058,0.573932473903,0.81888806686,0.00214388801377,0.0,0.818845845143,-0.573871494186,-0.0119890347453,0.0,-0.00858752660474,0.00863657644445,-0.999925829216,0.0,0.653394709711,0.25026392546,0.303411061696,1.0,-0.01824,-0.0239725714286,0.913
0.458860918762,0.50185254361,-0.124138242091,-1.42796949376,0.0752343653502,1.9206472285,0.149634776606,-0.013027759173,-0.0965988040832,0.000458571425642,-0.141451715236,-0.00363494943238,0.0504404798043,-0.0198714590811,0.57392724631,0.818891471248,0.00224079477675,0.0,0.81885052287,-0.57386587996,-0.0119381704657,0.0,-0.00849031377511,0.00868668452151,-0.999926225321,0.0,0.653087628307,0.249872354236,0.303484278084,1.0,-0.01858,-0.0244194285714,0.93
0.458610302833,0.500042652703,-0.124136303148,-1.43070890036,0.0750554188176,1.92161590539,0.149246930683,-0.0171778166412,-0.0960346202341,0.000726877145307,-0.148992609936,-0.0158245512726,0.0495440473371,-0.0114204628112,0.573904492635,0.818907331977,0.00227197475036,0.0,0.818866768413,-0.57384298152,-0.0119245565711,0.0,-0.00846151295233,0.00870416879282,-0.999926317408,0.0,0.65274030119,0.249445693205,0.303527162814,1.0,-0.01894,-0.0248925714286,0.948
0.458393175418,0.498552042996,-0.124144046206,-1.43302562586,0.0749150740959,1.92248634394,0.148912650617,-0.0159845738674,-0.0992516676177,-0.000870998858737,-0.151695783087,-0.0131425670049,0.0579734883492,-0.0208878386856,0.573894232664,0.818914420067,0.00230851067749,0.0,0.818874327906,-0.573832572279,-0.011906342405,0.0,-0.00842573908707,0.0087235293228,-0.999926450774,0.0,0.652457561763,0.249080698551,0.303539776646,1.0,-0.01924,-0.0252868571429,0.963
0.458116093932,0.49678012314,-0.124144373948,-1.43585314898,0.0747416630123,1.9234982603,0.148499109467,-0.0156429733949,-0.0942514041478,-0.00192668671015,-0.156434755368,-0.0112058189166,0.0568018393497,-0.0204891852008,0.573879116066,0.818925115366,0.00227210642624,0.0,0.818884426534,-0.57381747705,-0.0119392593099,0.0,-0.00847374807654,0.0087124518888,-0.99992614166,0.0,0.652100924915,0.248628537795,0.303516913827,1.0,-0.0196,-0.02576,0.981
0.457848383937,0.495102502839,-0.124139340827,-1.43857833208,0.0745718621661,1.92443842503,0.14810827452,-0.0128725515238,-0.0960274672103,0.000765453403512,-0.160472829322,-0.0104384165773,0.0669372363511,-0.0176814316123,0.573866063774,0.818934506631,0.00218210895666,0.0,0.818892457763,-0.573804605007,-0.0120068644311,0.0,-0.00858089663994,0.00867741166303,-0.999925532597,0.0,0.651747132558,0.248192468678,0.303470036607,1.0,-0.01994,-0.0262068571429,0.998
0.457563202805,0.493334832903,-0.124177225029,-1.44136565023,0.0744031475592,1.92543233139,0.147708170568,-0.0203977409632,-0.126995009318,-0.00137674156529,-0.19597938532,-0.00820288790635,0.070829884958,-0.0244563040435,0.573893724201,0.818915196067,0.00215450115672,0.0,0.818872814233,-0.573832404711,-0.0120179996507,0.0,-0.0086055656444,0.00866148376288,-0.999925458691,0.0,0.651403975276,0.247717572146,0.303461527654,1.0,-0.0280697142857,-0.0368916244898,1.014
0.457238278527,0.490610139606,-0.124242057773,-1.44555634413,0.0741760661319,1.92704645611,0.147095022048,-0.0212647108514,-0.168255526007,-0.00226791087485,-0.274971959032,-0.0174672533046,0.10536823875,-0.0492689091309,0.573853899411,0.818942760252,0.00228132941956,0.0,0.818902071722,-0.57379210302,-0.011948487064,0.0,-0.00847628136634,0.00872503926571,-0.999926010435,0.0,0.650885920879,0.247079766706,0.303504533333,1.0,-0.0386485714286,-0.0507952653061,1.031
0.456687544939,0.486826678747,-0.124270202111,-1.45160414826,0.0738413500347,1.92930065671,0.146196812151,-0.0339484447324,-0.231135984431,-0.00771383744745,-0.37161494281,-0.0245313557747,0.144652643542,-0.0516604693336,0.573801005279,0.818979811068,0.00228523624091,0.0,0.818938823267,-0.573738839398,-0.0119872771881,0.0,-0.00850637299216,0.00874994884274,-0.999925537235,0.0,0.650119885793,0.246136903527,0.303452091706,1.0,-0.0498497142857,-0.0655167673469,1.049
0.456095080967,0.482863937552,-0.124386590043,-1.45781054788,0.0734651287369,1.93155971627,0.145242931753,-0.0388843537291,-0.273399023906,-0.0111194709206,-0.43551380266,-0.0221151847214,0.151273780132,-0.0693179888278,0.573793472882,0.818985105621,0.00227906787935,0.0,0.818944280047,-0.573731582685,-0.0119617769966,0.0,-0.00848910741716,0.00873018725154,-0.999925856694,0.0,0.649346360526,0.245093205859,0.303448096063,1.0,-0.059184,-0.0777846857143,1.064
0.455256098545,0.477510813082,-0.12452302402,-1.46626463736,0.0729634964463,1.93450319771,0.143984039791,-0.0539233255311,-0.332377923208,-0.00794993697943,-0.524553749696,-0.0360474358344,0.187287068698,-0.0688822242393,0.573824848174,0.818963507947,0.00213615778893,0.0,0.818920697477,-0.573763424696,-0.0120486773804,0.0,-0.00864194426911,0.0086633410911,-0.999925128857,0.0,0.64825605947,0.243657370033,0.303393647061,1.0,-0.0697628571429,-0.0916883265306,1.081
0.454190055682,0.470909055772,-0.124648603457,-1.47655317423,0.0723526031998,1.93816651603,0.142489645168,-0.061235881434,-0.383617398162,-0.00239498621849,-0.590598146112,-0.0329664367725,0.209896959075,-0.0856657082872,0.573895238304,0.818914240823,0.00211388993684,0.0,0.818870935528,-0.573833696779,-0.0120841338225,0.0,-0.00868301517318,0.00866619674111,-0.999924748309,0.0,0.646932644981,0.24191306703,0.303384071237,1.0,-0.080964,-0.106409828571,1.099
0.453092960789,0.46417909913,-0.124713301192,-1.48671930731,0.071735146438,1.94198509356,0.140824215626,-0.0731860286451,-0.427153924145,-0.00196423067222,-0.675027347954,-0.043310152644,0.240581161899,-0.10488859739,0.573792335922,0.818985434874,0.00244122978181,0.0,0.818946417658,-0.573729480195,-0.0119161848292,0.0,-0.0083587372522,0.00883682204911,-0.999926018307,0.0,0.645650086393,0.240212066926,0.303521796053,1.0,-0.0909205714286,-0.119495608163,1.115
0.451714070979,0.456322971784,-0.124804329713,-1.49903944672,0.070943010702,1.94618227693,0.138989653651,-0.0843038698716,-0.478353271891,-0.011462780294,-0.770430057833,-0.04887857372,0.239341674714,-0.104298187566,0.573842314559,0.818951087572,0.00220478743077,0.0,0.818908567852,-0.573779987335,-0.0120843093908,0.0,-0.00863156159833,0.00874017566347,-0.999924549891,0.0,0.643993602163,0.238076709257,0.303432331782,1.0,-0.101499428571,-0.13339924898,1.132
0.450190580306,0.447437102573,-0.124948935194,-1.51231614089,0.0700173055893,1.95096867644,0.1368760323,-0.0909002199874,-0.534131119688,-0.00653571071504,-0.801834647361,-0.0511038978276,0.288822348251,-0.124344995359,0.57381574454,0.818968912204,0.00248174586441,0.0,0.818930908303,-0.573753245131,-0.0118375685723,0.0,-0.00827085015302,0.00882513152993,-0.99992685237,0.0,0.642264872807,0.235740130882,0.303629591452,1.0,-0.112078285714,-0.147302889796,1.149
0.44858336434,0.438522355617,-0.125020134461,-1.52599766694,0.0691357818981,1.95570916448,0.134742713914,-0.107815501846,-0.567250703832,-0.00245082792465,-0.874887369867,-0.0580758605751,0.297766485917,-0.141692799979,0.573806113877,0.81897571865,0.00246228361221,0.0,0.818936965751,-0.57374316336,-0.0119069528531,0.0,-0.00833894743161,0.00884890778385,-0.999926076661,0.0,0.640393649763,0.233356161907,0.303629966588,1.0,-0.122034857143,-0.160388669388,1.165
0.446559615461,0.427579671409,-0.125125368553,-1.5423742278,0.0680249105378,1.96152701446,0.132053777328,-0.117623132139,-0.619414161678,-0.0093261177793,-0.943293846667,-0.059548118226,0.323489485415,-0.155109693923,0.573744991553,0.819017587628,0.00276092844405,0.0,0.818982946887,-0.573681184779,-0.0117293580911,0.0,-0.00802281233129,0.00899098687649,-0.999927395683,0.0,0.638176200865,0.23043939979,0.303801882892,1.0,-0.133236,-0.175110171429,1.183
0.444551148842,0.417286280973,-0.125230014308,-1.55793215213,0.0669240108164,1.96689209506,0.129461234212,-0.127391972944,-0.662787066984,-0.00990561596832,-0.985133107923,-0.0668973314746,0.351500795971,-0.15776726777,0.573695526492,0.819052086421,0.00280526541356,0.0,0.819018215518,-0.573631789441,-0.0116824523952,0.0,-0.00795950083482,0.00899990742676,-0.999927821402,0.0,0.636012497487,0.227602076285,0.303855420274,1.0,-0.143192571429,-0.18819595102,1.199
0.442209350586,0.405623479619,-0.125350891121,-1.57551980611,0.0657011107307,1.97300797496,0.12654001396,-0.142620642232,-0.682934635105,-0.00286505587687,-1.0602800331,-0.0677770485699,0.36259124863,-0.171128131238,0.57369267153,0.819053629426,0.00293558471654,0.0,0.819021501423,-0.573628553707,-0.0116107484928,0.0,-0.00782604115367,0.00906548286202,-0.999928282478,0.0,0.63354041653,0.224366886045,0.303907051566,1.0,-0.153771428571,-0.202099591837,1.216
0.439584327815,0.393202474431,-0.125481398855,-1.59402393853,0.0644349497355,1.97934122104,0.123361147244,-0.158777797122,-0.737846270558,-0.00162882420633,-1.1106049757,-0.0810650515552,0.388412341852,-0.200128546732,0.573718092371,0.819035058976,0.00314158472065,0.0,0.819005301228,-0.573652953456,-0.0115478332767,0.0,-0.00765604835799,0.00919835251582,-0.999928385053,0.0,0.630898161846,0.220873199003,0.304016627602,1.0,-0.164350285714,-0.216003232653,1.233
0.436719934271,0.380243788807,-0.125643623691,-1.61349398432,0.0629148188803,1.9858061009,0.119904870397,-0.173687185422,-0.773848149058,-0.00916131777503,-1.16209073229,-0.0896452696229,0.398956559563,-0.206625998877,0.573664469222,0.819073132893,0.00300443429356,0.0,0.819042267866,-0.573600564969,-0.0115283224098,0.0,-0.0077193425663,0.00907432234254,-0.999929031694,0.0,0.628043489194,0.217094925556,0.304000312577,1.0,-0.174929142857,-0.229906873469,1.25
0.433774407052,0.367450488945,-0.125762684247,-1.63266758583,0.0614946019306,1.99209453146,0.116518327914,-0.189084185324,-0.822813703201,-0.00878245512702,-1.20080537512,-0.0899688180377,0.388492793876,-0.212732693455,0.573692434995,0.819053941832,0.00289435657278,0.0,0.819021328701,-0.573628511447,-0.0116250113377,0.0,-0.00786137726339,0.00903989487312,-0.999928236949,0.0,0.625164153172,0.21334802034,0.303956575636,1.0,-0.184885714286,-0.242992653061,1.266
0.430316353745,0.353224927762,-0.125975129829,-1.65372384124,0.0598567107092,1.99903702648,0.112646495736,-0.2109722273,-0.831308936764,-0.00768377519068,-1.25956556763,-0.0935600118927,0.406047838114,-0.236646554334,0.573782776489,0.818990610186,0.00290735837644,0.0,0.818958666822,-0.573719376379,-0.0115553496142,0.0,-0.00779586509133,0.00901144042301,-0.999929006694,0.0,0.622002877705,0.209063825743,0.303981085548,1.0,-0.195464571429,-0.256896293878,1.283
0.426558326329,0.33833466938,-0.126160576888,-1.67547430193,0.0582432924238,2.0060983984,0.108511096664,-0.225376359774,-0.872638039346,-0.00703219518565,-1.30817180981,-0.0954880934586,0.429653476842,-0.252306042076,0.573879766084,0.818922072147,0.00306606114201,0.0,0.818891717454,-0.573815299192,-0.0115370880056,0.0,-0.0076887712572,0.00913184925673,-0.999928743524,0.0,0.61866106072,0.204581657466,0.304068760661,1.0,-0.206043428571,-0.270799934694,1.3
0.422836960504,0.323850922909,-0.126268908566,-1.69662987661,0.056508008055,2.01287849937,0.10437701453,-0.232390090504,-0.929236523321,-0.00570349978696,-1.33583510634,-0.115900085269,0.424648829666,-0.265015462502,0.573785393226,0.818988136281,0.0030825399829,0.0,0.818958258455,-0.573721200899,-0.0114935394209,0.0,-0.007644701073,0.00911947219032,-0.99992919438,0.0,0.615313776051,0.200226989769,0.304090060419,1.0,-0.216,-0.283885714286,1.316
0.41836240111,0.306957213566,-0.126419833682,-1.72106097641,0.0544976905178,2.02063584004,0.0994514838068,-0.256886485245,-0.958269757458,-0.00542852342019,-1.37072659937,-0.118995208219,0.445638151845,-0.291723409663,0.573667290509,0.819070434066,0.00319542495613,0.0,0.819042200727,-0.573602996697,-0.0114115077966,0.0,-0.00751406798281,0.00916377307762,-0.999929779557,0.0,0.611373829385,0.195113915757,0.304147999492,1.0,-0.227201142857,-0.298607216327,1.334
0.413730779521,0.290413182432,-0.126562806793,-1.74482954809,0.0525102068974,2.027902664,0.094549591058,-0.281402139055,-1.01355455502,-0.0138951102234,-1.39951686414,-0.112052537905,0.444443406536,-0.2918577028,0.573625407012,0.819099831283,0.00317894989689,0.0,0.819071131841,-0.573560859519,-0.0114528735922,0.0,-0.00755787110431,0.00917362198656,-0.999929359127,0.0,0.607432864963,0.190000705105,0.304176546556,1.0,-0.23778,-0.312510857143,1.351
0.409347680016,0.275513036722,-0.126698492295,-1.76630274514,0.0507367220307,2.0342932155,0.089970023667,-0.294605590396,-1.00008240594,-0.0107019590476,-1.42636249001,-0.120245650028,0.409792227915,-0.298611407007,0.573597583596,0.819119930532,0.00301635520653,0.0,0.819088165128,-0.573532411507,-0.0116575125844,0.0,-0.00781907396419,0.00915755821205,-0.999927497977,0.0,0.603780801313,0.185294241503,0.304095921083,1.0,-0.247114285714,-0.32477877551,1.366
0.403600446457,0.256950183155,-0.126940976708,-1.79254628551,0.048410998421,2.04213384515,0.0841802545322,-0.326239279648,-1.02664514583,-0.00968198673291,-1.43787336111,-0.120460594361,0.421139320083,-0.322716189247,0.573672468054,0.819067323662,0.00306032800438,0.0,0.819036401689,-0.573607462422,-0.011601666379,0.0,-0.00774726800922,0.00916225302365,-0.999928013888,0.0,0.599303145782,0.179307080717,0.304139923414,1.0,-0.258315428571,-0.339500277551,1.384
0.39776580773,0.238882577832,-0.127145059713,-1.81794919763,0.0461268544906,2.04947068503,0.0783949233329,-0.34947238634,-1.06071997729,-0.00655072563173,-1.48133820405,-0.120537799269,0.412731902429,-0.353753546425,0.573723196982,0.819032013726,0.00300010632816,0.0,0.819000026294,-0.573658049807,-0.0116681499217,0.0,-0.00783570404297,0.00915155163331,-0.999927422789,0.0,0.594834753348,0.173421269857,0.304132081776,1.0,-0.268894285714,-0.353403918367,1.401
