position_joint1,position_joint2,position_joint3,position_joint4,position_joint5,position_joint6,position_joint7,velocity_joint1,velocity_joint2,velocity_joint3,velocity_joint4,velocity_joint5,velocity_joint6,velocity_joint7,ee_T_00,ee_T_10,ee_T_20,ee_T_30,ee_T_01,ee_T_11,ee_T_21,ee_T_31,ee_T_02,ee_T_12,ee_T_22,ee_T_32,ee_T_03,ee_T_13,ee_T_23,ee_T_33,v_x,v_y,time
0.465079738111,0.547748734774,-0.124003559676,-1.35584795925,0.0795457395464,1.89410432409,0.159160413136,-0.000891324077497,0.00230017739321,-0.000885001269995,-6.62244184205e-05,0.000108165851145,-9.44852794675e-05,2.47255994445e-05,0.573825208751,0.818963635567,0.00198502436359,0.0,0.818920591757,-0.573766143135,-0.0119257825415,0.0,-0.00862800856994,0.00846905503842,-0.999926913617,0.0,0.661674571684,0.260892102396,0.3032311594,1.0,0.0,0.0,0.0
0.465081507914,0.547745918066,-0.12400514773,-1.3558514187,0.0795457395464,1.89410391784,0.159154919972,0.000362887759861,0.000714042467423,-0.000726721763934,-0.00132053375216,0.000190306691979,-0.000324692872624,-0.00164344487589,0.57382055149,0.818966901245,0.00198399925821,0.0,0.818923847441,-0.573761494004,-0.0119258958104,0.0,-0.0086287376879,0.00846823145651,-0.9999269143,0.0,0.661673674961,0.260891952926,0.303231525536,1.0,-0.00026,-0.000341714285714,0.014
0.465078816511,0.547741357617,-0.124008721112,-1.35585165701,0.0795453826635,1.89410362476,0.159152534992,3.90655253033e-05,-0.000901035643168,-0.0022930581982,-0.000502342684713,0.000112245287129,-7.33881813421e-05,-0.000789396676995,0.573823207535,0.818965034115,0.00198652785308,0.0,0.818922034484,-0.573764160067,-0.0119221206337,0.0,-0.00862416748839,0.00846816397205,-0.999926954299,0.0,0.661675226038,0.260888058813,0.303234734934,1.0,-0.0006,-0.000788571428571,0.031
0.465075811323,0.547724922952,-0.124006516599,-1.35587068191,0.079546349898,1.89410687506,0.159159661568,0.000248645640759,-0.0033082053178,-7.90912452554e-05,0.000119452300823,0.000290195271846,-0.000111448458193,0.000923342354216,0.573831253206,0.81895939081,0.00198895706507,0.0,0.818916388258,-0.57377216072,-0.0119249120293,0.0,-0.00862497655569,0.00847183985943,-0.999926916184,0.0,0.661672170981,0.260885681365,0.303237533513,1.0,-0.00092,-0.00120914285714,0.047
0.465077889969,0.547609163041,-0.124001242504,-1.35598454263,0.0795409962193,1.89412787962,0.159159758007,0.000297275107864,-0.00915874161591,0.000486119161261,-0.00823327428652,-8.37838736672e-05,-0.000389363006761,0.00163932286215,0.57383068408,0.818959732145,0.002012469518,0.0,0.818916969812,-0.573771429256,-0.0119201687766,0.0,-0.00860760643986,0.00848836747035,-0.999926925695,0.0,0.661651867685,0.260878677026,0.303266984269,1.0,-0.00126,-0.001656,0.064
0.465074344951,0.547478943516,-0.124001913467,-1.35616516685,0.0795393089605,1.89416310232,0.159148479301,0.00172542536937,-0.00984640161636,-0.00052038171944,-0.0123124524337,0.000119411755006,0.00387879993253,-0.00126708954304,0.573834248496,0.818957250601,0.00200595187556,0.0,0.818914279954,-0.573774898655,-0.0119379504877,0.0,-0.00862587234988,0.00849327100428,-0.999926726652,0.0,0.661622092938,0.260858327496,0.303276336805,1.0,-0.0016,-0.00210285714286,0.081
0.465058728321,0.547317727823,-0.124003180121,-1.35638036643,0.0795351308726,1.89426066359,0.159142227403,0.000246448282241,-0.00992044834817,0.000534361110391,-0.0126464880467,-7.50703472128e-05,0.00928543686525,-0.00124559081458,0.573853836774,0.818943422954,0.00204717384332,0.0,0.818900943305,-0.573794268407,-0.0119218077432,0.0,-0.00858879478423,0.0085179717035,-0.999926835705,0.0,0.661601068877,0.260829789936,0.303296614438,1.0,-0.00194,-0.00254971428571,0.098
0.46504139748,0.547120298531,-0.124001348362,-1.35658795975,0.0795390408012,1.89437293382,0.159132922331,-0.00196264830198,-0.0148452321535,0.000709563117448,-0.0146716863623,0.000451447237822,0.0113384609256,-0.00164458739196,0.573871920732,0.818930503757,0.00214371474902,0.0,0.818889180452,-0.573811856446,-0.0118832000315,0.0,-0.00850158973017,0.00857506473704,-0.999927092961,0.0,0.661584959306,0.26080560947,0.303347346977,1.0,-0.00226,-0.00297028571429,0.114
0.465019681416,0.546922770937,-0.124004235413,-1.35684989768,0.0795305366955,1.89449882824,0.159125522946,0.00103857882257,-0.0111881725935,-0.00102906075543,-0.0165024353836,-3.61630714855e-05,0.00409951445271,0.00156473208986,0.573898220954,0.818911927527,0.00219859981582,0.0,0.818871312295,-0.573837928113,-0.0118555076087,0.0,-0.00844713925823,0.00860439070274,-0.999927302507,0.0,0.661562014144,0.260768251719,0.303373591554,1.0,-0.0026,-0.00341714285714,0.131
0.464983457088,0.54668317747,-0.124003551043,-1.35719830766,0.0795228640241,1.89463516084,0.159093229656,-0.00277546007227,-0.0138004314713,0.000278200840936,-0.0238148300767,-0.000143605679831,0.00631161539074,0.00113611552043,0.573918455837,0.818897663126,0.0022294117844,0.0,0.81885733841,-0.573857926066,-0.0118527180389,0.0,-0.00842695972593,0.00862822995454,-0.999927267354,0.0,0.66152532188,0.260714488169,0.303389249736,1.0,-0.00294,-0.003864,0.148
0.464943846691,0.546416551346,-0.123998918626,-1.35758377641,0.0795127276193,1.89478183867,0.158968363949,-0.00401998270732,-0.0143562156592,0.000799114848312,-0.022665808923,0.000271517382672,0.0136684782165,-0.00613793100345,0.573858876209,0.818939326389,0.00226203243859,0.0,0.818899279491,-0.573798075116,-0.0118526766428,0.0,-0.00840883506275,0.00865430705467,-0.999927194581,0.0,0.661478016442,0.260657856782,0.303407262771,1.0,-0.00328,-0.00431085714286,0.165
0.464906452051,0.546112409014,-0.123996337517,-1.35808233893,0.0794948948169,1.89495059033,0.158951675477,-0.000844198491772,-0.0154546108332,0.00176775364599,-0.0277383009115,9.45234603024e-05,0.00320990016761,0.00122070069623,0.573902523181,0.818908779588,0.0022475544524,0.0,0.818868405816,-0.573841631426,-0.0118769903463,0.0,-0.00843659378657,0.00865685273021,-0.999926938724,0.0,0.661420389653,0.260587163236,0.303399764204,1.0,-0.00362,-0.00475771428571,0.182
0.46485683216,0.545802184005,-0.124004271485,-1.35859161618,0.0794693931431,1.89512808529,0.158891221123,-0.00015129478202,-0.0199325984582,-0.000247029147359,-0.0371010943395,-0.00354542459002,0.00614275981964,-0.0105921288393,0.573920871299,0.818895969144,0.00222982244595,0.0,0.818855336921,-0.573860019443,-0.0118895829285,0.0,-0.00845688840409,0.00864974833843,-0.999926828769,0.0,0.661363215199,0.260501284361,0.303392645259,1.0,-0.00394,-0.00517828571429,0.198
0.464797219741,0.545453924891,-0.124002028593,-1.35919157743,0.0794090967032,1.8953258118,0.158779887979,-0.00738699163546,-0.0235934321917,5.86767091951e-06,-0.0400476206841,-0.00149503807961,0.0155016891898,-0.00575521133055,0.573894371918,0.818914697994,0.00217121905768,0.0,0.81887345938,-0.57383391778,-0.0119012280731,0.0,-0.00850033511283,0.0086081672048,-0.999926819202,0.0,0.661292409273,0.260400161309,0.303370624633,1.0,-0.00428,-0.00562514285714,0.215
0.464734738712,0.545056977236,-0.124003010757,-1.35988694934,0.0793770918441,1.89554989433,0.158737435332,-7.34623595662e-05,-0.0256794739308,-0.000145341117082,-0.0430029887455,-0.00477077783142,0.0148257999071,-0.0045245124148,0.573941660105,0.818881710592,0.00211228673875,0.0,0.81883956464,-0.573881299596,-0.0119485670497,0.0,-0.0085724262118,0.00858756969928,-0.999926380868,0.0,0.661206047476,0.260290960409,0.303340079745,1.0,-0.00462,-0.006072,0.232
0.464668976837,0.544631927236,-0.12400590566,-1.36058936114,0.079352651102,1.89580063565,0.158622431767,-0.00878690266692,-0.0265191681759,-0.000663566696946,-0.04201252617,-0.00484090040573,0.014951399419,-0.0020214431702,0.573936061796,0.818885669873,0.0020984632215,0.0,0.818843171717,-0.573875587179,-0.0119757034309,0.0,-0.00860264074028,0.00859176576251,-0.999926085335,0.0,0.661124915051,0.260181061143,0.303328431224,1.0,-0.00496,-0.00651885714286,0.249
0.464598018489,0.544170148989,-0.124002718841,-1.36135507228,0.0793193499106,1.89607255902,0.158523870729,-0.00668672534992,-0.0294095026525,0.000549809572299,-0.0471142754724,-0.00080753299502,0.0153669583042,-0.00506414962587,0.573945058489,0.818879415324,0.00207843603738,0.0,0.818836495675,-0.57388450678,-0.012004712771,0.0,-0.00863779623921,0.00859211027958,-0.999925779304,0.0,0.661034774912,0.26006422488,0.303314228784,1.0,-0.0053,-0.00696571428571,0.266
0.464529563379,0.543700200526,-0.124008081342,-1.36213502735,0.0792789151912,1.89635216256,0.158452697374,-0.00427527452085,-0.0333851150919,-5.23443369751e-05,-0.0497614177785,-0.00458799152408,0.0179140692172,-0.00154414608475,0.573981913357,0.81885363861,0.0020563498782,0.0,0.818810363638,-0.573921383674,-0.0120241699183,0.0,-0.00866601896914,0.00858558194681,-0.999925591181,0.0,0.660939886759,0.259932400132,0.303303703735,1.0,-0.00564,-0.00741257142857,0.283
0.464441794816,0.543166667084,-0.12400865799,-1.36298522561,0.0792288106964,1.89663967064,0.158327102063,-0.00407876672608,-0.0263955410995,-0.000903913085631,-0.0501117600428,-0.00464318145273,0.0179137110548,-0.00884267571017,0.573982551976,0.818853256494,0.00203008818971,0.0,0.818809593441,-0.573922089345,-0.0120429212544,0.0,-0.00869644026491,0.0085748474525,-0.999925419178,0.0,0.66084606679,0.259801019889,0.303297612562,1.0,-0.00596,-0.00783314285714,0.299
0.464369347423,0.542596554861,-0.124020090416,-1.36389128967,0.0791781124041,1.89696397548,0.158219636428,-0.00849171384126,-0.0372520226143,0.000286417726523,-0.0567704831907,-0.00577032593536,0.0206838719253,-0.00470408720131,0.573998730906,0.818841942282,0.00201925205063,0.0,0.818798134529,-0.573938309494,-0.0120490118763,0.0,-0.00870747782493,0.00856964233005,-0.999925367745,0.0,0.660741267813,0.259660252732,0.303298079032,1.0,-0.0063,-0.00828,0.316
0.464289098939,0.542036257128,-0.124020104547,-1.36475985531,0.079126763871,1.8972874344,0.15809833506,-0.00509973239446,-0.0337711611691,-0.00094316512779,-0.0524956136692,-0.00237325817494,0.0186245814282,-0.007658798203,0.57399972055,0.818841215601,0.00203257075879,0.0,0.818797567667,-0.573939228077,-0.0120437767103,0.0,-0.00869553608563,0.008577553604,-0.999925403831,0.0,0.660643995329,0.259525117625,0.303308926707,1.0,-0.00662,-0.00870057142857,0.332
0.464196218183,0.541397184545,-0.124018081595,-1.36572203612,0.0790641877187,1.89765120825,0.157970422515,-0.00844820162922,-0.0437561791273,0.000746601528197,-0.0535042170026,-0.00115652230496,0.0231754174248,-0.00970766664283,0.574006357821,0.818836481249,0.00206520164637,0.0,0.818793297437,-0.573945763376,-0.0120226318482,0.0,-0.00865942254318,0.00859220581109,-0.999925591432,0.0,0.660538541788,0.259373671392,0.303334251612,1.0,-0.00696,-0.00914742857143,0.349
0.464105174196,0.540719283889,-0.12402359647,-1.36676955539,0.079008297349,1.89803039719,0.157829907966,-0.00416625522633,-0.0393088802174,0.000144883727866,-0.0592711896702,-0.00293338639886,0.0166469012353,-0.00655506819423,0.574012832496,0.818831914456,0.00207627068754,0.0,0.818788815305,-0.573952130982,-0.0120239001347,0.0,-0.00865403979796,0.00860206580687,-0.999925553258,0.0,0.660418183385,0.259211582407,0.303347916487,1.0,-0.0073,-0.00959428571429,0.366
0.464014288218,0.539984714996,-0.124028994305,-1.36787534715,0.0789364007099,1.89843875684,0.157699471971,-0.00680665913245,-0.0474806999978,-0.00146444289385,-0.0649971772776,-0.00839046240276,0.0279780609021,-0.00682858107554,0.574026228609,0.81882245276,0.00210395463702,0.0,0.818779783262,-0.573965477003,-0.0120018594703,0.0,-0.00861996064332,0.00861222346174,-0.999925760187,0.0,0.660292302426,0.259042895943,0.303376284768,1.0,-0.00764,-0.0100411428571,0.383
0.463920270528,0.539246334267,-0.124032276674,-1.36902695023,0.0788665985253,1.89887746302,0.157560396214,-0.0076460305564,-0.0430025366585,-0.000886851891357,-0.0691379177118,-0.00699427804145,0.0213578311744,-0.0039599125445,0.574036781016,0.818815004146,0.00212365881866,0.0,0.818772618912,-0.573975973028,-0.0119886532987,0.0,-0.00859772559651,0.00862088761972,-0.999925876958,0.0,0.66016197281,0.258870382674,0.303387998509,1.0,-0.00798,-0.010488,0.4
0.463810245557,0.5384848817,-0.124038235506,-1.37022072864,0.0787998166758,1.89933904759,0.157414947884,-0.00583250795172,-0.0467617302306,-0.00290094876896,-0.0678720609409,-0.00451013470471,0.0281000773734,-0.011459990584,0.574060210887,0.818798512908,0.00214858946665,0.0,0.818756453081,-0.57399929676,-0.0119760076162,0.0,-0.00857281343704,0.00863428718535,-0.999925975237,0.0,0.660031406505,0.258683095359,0.303397895743,1.0,-0.00832,-0.0109348571429,0.417
0.46371435018,0.537748554476,-0.12404398916,-1.37137285787,0.0787393415909,1.89978253055,0.157265809836,-0.00298944936166,-0.0473769111771,-0.000681522700126,-0.0732641980275,-0.00075280939964,0.0259625935978,-0.00867964457677,0.574068186346,0.81879285254,0.0021746162791,0.0,0.818751092315,-0.57400712374,-0.0119673568128,0.0,-0.00855070561413,0.00865071482786,-0.999926022547,0.0,0.659901914593,0.258509669641,0.303408175698,1.0,-0.00864,-0.0113554285714,0.433
0.463615246435,0.536925949576,-0.124047423684,-1.37267005633,0.0786630118305,1.90025747464,0.157110034841,-0.00924639141358,-0.0483734403577,-0.00151074427958,-0.0818375981045,-0.000928939873786,0.0335439540739,-0.0100254252757,0.574075225983,0.818787916944,0.0021745988667,0.0,0.818746133367,-0.574014139163,-0.011970131127,0.0,-0.00855291290462,0.0086523667304,-0.999925989377,0.0,0.659748271805,0.258318971006,0.3034128301,1.0,-0.00898,-0.0118022857143,0.45
0.463499207576,0.536073440274,-0.124048780449,-1.37398910453,0.0785818812373,1.90075079501,0.156946006864,-0.0025497621527,-0.0493155583011,0.000504946670118,-0.0809128314038,-0.00479962049174,0.0377154965447,-0.00630919920767,0.574087743232,0.818779084137,0.00219575763013,0.0,0.818737592353,-0.57402658418,-0.011957525804,0.0,-0.00853031300917,0.00866258510054,-0.999926093959,0.0,0.659597886951,0.258116590602,0.303429554022,1.0,-0.00932,-0.0122491428571,0.467
0.463383099384,0.535177037635,-0.124049274909,-1.37541157988,0.0785153453312,1.90125724664,0.156770357454,-0.00646014967745,-0.0524450081947,0.000405842402613,-0.0874029265916,0.000494375320225,0.0295078109543,-0.0105475728246,0.574099576905,0.818770803475,0.00218953769982,0.0,0.818729011839,-0.574038219975,-0.0119864124384,0.0,-0.00855741097586,0.00867419935204,-0.999925761736,0.0,0.659425946489,0.257906227658,0.303429008902,1.0,-0.00966,-0.012696,0.484
0.46325358494,0.534285624572,-0.124055303046,-1.37687392817,0.0784267923056,1.9017847952,0.156598483687,-0.00774267173237,-0.0500337467043,-0.00184973251084,-0.0828951828384,-0.00822419194084,0.0282403362628,-0.00529506939587,0.574125575548,0.818752678906,0.00214969447046,0.0,0.818710354,-0.57406436714,-0.0120085608767,0.0,-0.00859814393281,0.00865456567297,-0.999925582438,0.0,0.659254393912,0.257676908482,0.303407774572,1.0,-0.01,-0.0131428571429,0.501
0.4631262755,0.533370872452,-0.124054946082,-1.3783450546,0.0783327970001,1.9023330898,0.156406959341,-0.00888021252999,-0.0571084786254,-0.000704736594338,-0.0902198063438,-0.00189325084603,0.0376277989817,-0.0150188715304,0.574128124057,0.818750920511,0.0021387450517,0.0,0.818708479302,-0.574066987815,-0.0120110916162,0.0,-0.00860647508889,0.00864708068948,-0.999925575522,0.0,0.659083454902,0.257452565848,0.303400220932,1.0,-0.01034,-0.0135897142857,0.518
0.463001761021,0.532479180364,-0.124055263153,-1.37977215139,0.0782729400105,1.90288016529,0.156224863769,-0.0102730632278,-0.0543856447996,-9.62586157786e-05,-0.0948078046341,-0.00730240113382,0.0329511416743,-0.0105193527374,0.574143376088,0.818740165912,0.00216132299983,0.0,0.818697790586,-0.574081913111,-0.0120262891243,0.0,-0.00860579519858,0.00867445161442,-0.999925344302,0.0,0.658919103167,0.257240031696,0.303397157596,1.0,-0.01066,-0.0140102857143,0.534
0.462868266012,0.531514435976,-0.124047705091,-1.38134179672,0.0781686264757,1.9034474668,0.156020931219,-0.0108908906463,-0.0550960381302,0.00129469569,-0.0930533915954,-0.00552649541186,0.0305981706322,-0.0167924160845,0.574137933007,0.818744078007,0.00212497338537,0.0,0.818701225672,-0.574076621394,-0.0120450302559,0.0,-0.00864206603638,0.0086553937324,-0.999925196629,0.0,0.658730051384,0.2570044377,0.303378986886,1.0,-0.011,-0.0144571428571,0.551
0.462726970441,0.530496081886,-0.12405315807,-1.38298813981,0.0780712447036,1.90402784903,0.155814836932,-0.00614662238431,-0.0586856547316,-0.00126611192774,-0.0899717165895,-0.00503400518961,0.0327345299655,-0.0177527761114,0.574152057588,0.818734278235,0.00208406116182,0.0,0.818690825923,-0.574090853019,-0.0120735633177,0.0,-0.00868876698417,0.00863842929163,-0.999924938617,0.0,0.658531263877,0.256749779057,0.303363447849,1.0,-0.01134,-0.014904,0.568
0.46258493256,0.529447793909,-0.124063326043,-1.38463026924,0.077968467861,1.90463004054,0.155595564261,-0.0111561820126,-0.064032054375,-0.0011477849161,-0.0942225124152,-0.00626697181506,0.0305464753151,-0.0167236420431,0.5741575406,0.818730426578,0.00208664045204,0.0,0.81868705867,-0.574096374715,-0.0120664578767,0.0,-0.00868141062988,0.00863651959218,-0.999925019008,0.0,0.658339701552,0.256493416534,0.30337278158,1.0,-0.01168,-0.0153508571429,0.585
0.462444265393,0.528353060128,-0.124056683834,-1.38632694274,0.0778571932187,1.90527747171,0.155357075797,-0.0089502905633,-0.0703330815175,0.00173944545762,-0.102636662227,-0.00391597625738,0.0305220759719,-0.0143193159301,0.57413489965,0.818746214354,0.00212141137084,0.0,0.818703352868,-0.574073640908,-0.0120424963582,0.0,-0.0086420683417,0.00865099059863,-0.999925234713,0.0,0.658141440353,0.256243586019,0.303391969587,1.0,-0.01202,-0.0157977142857,0.602
0.4623035925,0.527309997773,-0.124066975142,-1.38795275064,0.07775622619,1.90590423435,0.15513221939,-0.00854189433035,-0.06166454133,8.20645180088e-05,-0.104368080464,-0.00384628303232,0.0431473386476,-0.0139298910712,0.574134198215,0.818746621783,0.00215375491153,0.0,0.81870427184,-0.574072893189,-0.0120156347105,0.0,-0.00860151362031,0.00866204191826,-0.999925488721,0.0,0.657957097803,0.255991918081,0.303407025686,1.0,-0.01234,-0.0162182857143,0.618
0.462159483393,0.526133712514,-0.124073738137,-1.38975608583,0.0776475900185,1.90658160375,0.154883903493,-0.00747181296125,-0.0723959800799,-0.000755728499972,-0.101598900833,-0.00403128512511,0.0387973767959,-0.015887334722,0.574121803144,0.818755203421,0.00219520568428,0.0,0.818713416141,-0.574060349421,-0.0119918453479,0.0,-0.00855837001016,0.00868219137814,-0.999925684166,0.0,0.657744738712,0.255722947028,0.303435328228,1.0,-0.01268,-0.0166651428571,0.635
0.462010603768,0.524961065508,-0.124074425704,-1.39160122139,0.0775296626163,1.90724333714,0.154636169005,-0.0148965015434,-0.0710335530681,0.000394239403649,-0.110944057946,-0.00613292307106,0.0437607246474,-0.0170104020199,0.574108811211,0.818764346393,0.00218285752297,0.0,0.81872239475,-0.574047406943,-0.0119984090226,0.0,-0.00857097083808,0.00867571371334,-0.99992563246,0.0,0.657519109688,0.255446863043,0.303439317255,1.0,-0.01302,-0.017112,0.652
0.461852694505,0.523788116304,-0.124080805165,-1.39349993954,0.0774073164287,1.90792486154,0.154388349115,-0.00717795777757,-0.0664967784886,-0.00242128396659,-0.10901938232,-0.00263626764195,0.0433930486466,-0.0105596750688,0.574108665624,0.818764564198,0.00213901144602,0.0,0.818722066035,-0.574047470026,-0.0120178053037,0.0,-0.00861202482129,0.00865094859454,-0.999925494283,0.0,0.657288079675,0.25515584022,0.303419632977,1.0,-0.01336,-0.0175588571429,0.669
0.461715480911,0.522635032459,-0.124083670331,-1.39532061716,0.0773050587921,1.90862721425,0.154130231417,-0.0134306937128,-0.0668681351818,-0.000803636336034,-0.114828251172,-0.00554193381018,0.0499047252834,-0.00765523493195,0.574082014742,0.818783167462,0.00217069868526,0.0,0.818741034282,-0.574020641259,-0.0120070434985,0.0,-0.00858530454995,0.00867043474211,-0.999925555283,0.0,0.657071288279,0.254894109076,0.303424529036,1.0,-0.01368,-0.0179794285714,0.685
0.461547354638,0.521400946454,-0.124084013279,-1.3972997699,0.0771811909458,1.90939829615,0.153871698771,-0.00693529782925,-0.0727631603812,-3.52696631662e-05,-0.117834674256,-0.0072933275053,0.0498395998962,-0.0139976062537,0.574080977003,0.818783849906,0.0021876647744,0.0,0.818741994719,-0.574019590533,-0.0119917750459,0.0,-0.00856307416695,0.00867554998672,-0.999925701536,0.0,0.65684088318,0.25459700041,0.303416475507,1.0,-0.01402,-0.0184262857143,0.702
0.461380197295,0.520109767394,-0.124090431669,-1.39932801622,0.0770495280997,1.91014008622,0.153598583959,-0.0152013416022,-0.0784425813531,-0.000584754549956,-0.119079460262,-0.00501630922927,0.0478002590331,-0.0190716723483,0.574071329665,0.818790620171,0.00218533246318,0.0,0.818748794194,-0.574010014471,-0.0119859164734,0.0,-0.00855971806484,0.00867017625404,-0.999925776881,0.0,0.656595405114,0.254288758271,0.303422416054,1.0,-0.01436,-0.0188731428571,0.719
0.461218245311,0.51884583014,-0.124095417445,-1.4012973813,0.0769210312288,1.91083475399,0.153329352578,-0.0125309995797,-0.0847573268521,-0.000137429026404,-0.124823612762,-0.0163508656384,0.0394846676431,-0.0170981934427,0.574051054393,0.81880486114,0.00217559776873,0.0,0.818762934691,-0.573989808834,-0.0119876199337,0.0,-0.00856691546749,0.00866297146547,-0.999925777688,0.0,0.656335630958,0.253974203024,0.303436903533,1.0,-0.0147,-0.01932,0.736
0.461037815909,0.517419906824,-0.124096612255,-1.40352662674,0.0767750873907,1.91164373646,0.153025163729,-0.00917183889489,-0.0784447367648,-0.000555983456711,-0.127209242903,-0.00658816225575,0.0441343787716,-0.0143657506036,0.574034988253,0.818816137797,0.00217063260734,0.0,0.818774176155,-0.573973795166,-0.011986568547,0.0,-0.00856907450879,0.0086581343558,-0.999925801083,0.0,0.656076613486,0.253655158389,0.303442442749,1.0,-0.01504,-0.0197668571429,0.753
0.46085102826,0.516074152105,-0.124099996114,-1.40568514532,0.0766403901923,1.91244905923,0.152728876072,-0.00825708248225,-0.0839840226626,0.00104165538934,-0.126852962631,-0.00614026233664,0.049771518802,-0.0154920294893,0.574025617339,0.818822735048,0.00216011762097,0.0,0.818780647594,-0.57396448046,-0.0119905461403,0.0,-0.00857846615932,0.00865170972721,-0.999925776164,0.0,0.655816617857,0.253325017344,0.303428944952,1.0,-0.01538,-0.0202137142857,0.77
0.460680578376,0.514780471267,-0.124103901009,-1.4077565544,0.0765168734649,1.9132256738,0.152442202432,-0.0100538401746,-0.0850186467274,-0.00155651661819,-0.135389540108,-0.00253267849824,0.0475840218797,-0.0208549254714,0.574018593434,0.818827661974,0.00215899968644,0.0,0.818785539619,-0.573957441597,-0.0119934251771,0.0,-0.00858153958166,0.00865237335894,-0.99992574405,0.0,0.655551119132,0.252987920484,0.303418194625,1.0,-0.01572,-0.0206605714286,0.787
0.460481190737,0.513385390112,-0.124103597203,-1.41002508167,0.0763846088272,1.91400321825,0.152133836591,-0.0108078570406,-0.0796078422821,-0.000579445959147,-0.137015784572,-0.0106659923199,0.0439494347777,-0.017911950458,0.57400313582,0.818838700241,0.00208085483668,0.0,0.818795340704,-0.573942097768,-0.0120584141258,0.0,-0.00867977307215,0.00862552783432,-0.999925128102,0.0,0.655274969334,0.252664879281,0.30338294917,1.0,-0.01604,-0.0210811428571,0.803
0.460286623791,0.511952962289,-0.124114931816,-1.41231340242,0.0762392672333,1.91482517871,0.151816421617,-0.0107692232729,-0.0843862877482,0.000199610791596,-0.13840996446,-0.00800114031135,0.0451221415324,-0.0060461648487,0.573991155445,0.818847185759,0.00204615423138,0.0,0.818803391668,-0.573930286352,-0.0120739017215,0.0,-0.00871249830445,0.00860587651419,-0.99992501282,0.0,0.654991539391,0.252310376949,0.303368833664,1.0,-0.01638,-0.021528,0.82
0.460086988682,0.510503396803,-0.124115888458,-1.41463947117,0.0760931916341,1.91571175454,0.151483506024,-0.00924349785652,-0.0870605474705,-0.000688135945623,-0.137653426633,-0.00812926196855,0.0499939165659,-0.0203542153,0.573965004232,0.818865507057,0.0020499196599,0.0,0.818821790579,-0.573904150331,-0.0120684881881,0.0,-0.00870617891979,0.00860557444437,-0.999925070461,0.0,0.654710532821,0.251958632373,0.303353578055,1.0,-0.01672,-0.0219748571429,0.837
0.459882485844,0.509008744431,-0.124113192143,-1.41699693837,0.0759448071251,1.91657820779,0.151150693513,-0.00885218930027,-0.0912453588733,0.00134655282677,-0.142154227566,-0.00908432459623,0.0501515861001,-0.0219067106546,0.573940649244,0.818882574972,0.00205096406946,0.0,0.818838841479,-0.573879763636,-0.0120712665161,0.0,-0.00870811069059,0.00860776531016,-0.999925034782,0.0,0.654418768965,0.251601084141,0.303352546799,1.0,-0.01706,-0.0224217142857,0.854
0.45967158102,0.50749566599,-0.124117006656,-1.41937407931,0.0757899812081,1.91742705762,0.150818036648,-0.00994085430335,-0.0895330012094,0.000470783939927,-0.146518489008,-0.0119068249215,0.047393324637,-0.0237110686449,0.573924932518,0.81889363544,0.00203287246702,0.0,0.818849674524,-0.573864135758,-0.0120793676953,0.0,-0.00872529271336,0.00859743277458,-0.999924973894,0.0,0.654121717669,0.251231346401,0.303353188588,1.0,-0.0174,-0.0228685714286,0.871
0.459463879037,0.506020142983,-0.124127099458,-1.42166345959,0.0756530678256,1.91828551705,0.150504449135,-0.0112414095879,-0.0855277088505,-0.000702604386162,-0.144635177331,-0.00775973256722,0.055884232129,-0.0174935092271,0.573927018909,0.81889208085,0.00206973149117,0.0,0.818848598929,-0.573866060828,-0.0120608110084,0.0,-0.00868892125423,0.00861698794309,-0.99992512228,0.0,0.65384533062,0.250873491709,0.303369859494,1.0,-0.01772,-0.0232891428571,0.887
0.459240482404,0.504382556081,-0.124121297142,-1.4241400196,0.0754881542678,1.91924271809,0.150159700173,-0.0149803953552,-0.0982439293086,0.00131110900384,-0.14767672498,-0.0131013783868,0.0556183501005,-0.0194709199512,0.573906644834,0.818906117057,0.00216364573257,0.0,0.818863983431,-0.573845415398,-0.0119984484994,0.0,-0.00858416995902,0.00865788757596,-0.999925673742,0.0,0.653548933666,0.250496852597,0.303418123,1.0,-0.01806,-0.023736,0.904
0.459007352668,0.502717756772,-0.12413445586,-1.42661340012,0.0753315615417,1.92017237781,0.14981611965,-0.0108102993292,-0.0950266543061,-0.000135171060857,-0.14319372692,-0.00863358484937,0.0481617348315,-0.0233756679107,0.573910277817,0.818903304883,0.00226211608872,0.0,0.818862559374,-0.57384875066,-0.0119359592238,0.0,-0.00847644716186,0.0087026993981,-0.99992620371,0.0,0.653253706502,0.250103085525,0.303484450829,1.0,-0.0184,-0.0241828571429,0.921
0.458794473926,0.501100082548,-0.124137689157,-1.42903349209,0.0751814788409,1.92102464533,0.14947601598,-0.01060853042,-0.0984949582924,-0.004274809965,-0.148361242684,-0.0127929105035,0.047205096806,-0.0277824262333,0.573891324796,0.818916463531,0.00230650892733,0.0,0.818876231201,-0.573829554673,-0.0119208665408,0.0,-0.00843881335254,0.0087301953128,-0.999926282342,0.0,0.652945869952,0.249730039019,0.303535610376,1.0,-0.01872,-0.0246034285714,0.937
0.458543953423,0.49940057415,-0.124136394382,-1.43162648366,0.0750152984065,1.92196613828,0.149132152426,-0.017835470649,-0.0988756209223,0.00142176122772,-0.152265989994,-0.00816709596901,0.0488646435497,-0.0114514814472,0.573901034444,0.818909549026,0.00234522475976,0.0,0.818869812819,-0.573839100816,-0.0119022237234,0.0,-0.00840122474398,0.00875130075675,-0.999926414372,0.0,0.652624501312,0.249319173594,0.303568587771,1.0,-0.01906,-0.0250502857143,0.954
0.458288555029,0.497728286011,-0.124144701324,-1.43427340294,0.0748552724745,1.92294384044,0.148733108441,-0.0195436611435,-0.10254034276,0.000309834693281,-0.156527978197,-0.00774653356851,0.0568187827205,-0.0192983921181,0.573880750138,0.818923759013,0.00234700804889,0.0,0.818883999532,-0.573818763602,-0.0119066682817,0.0,-0.00840405809391,0.008755103626,-0.999926357272,0.0,0.652298482104,0.248896276914,0.303559837607,1.0,-0.0194,-0.0254971428571,0.971
0.458031900849,0.496047152504,-0.12414124142,-1.4369512566,0.0746820092781,1.92389266195,0.148339734026,-0.0172902635226,-0.0957651942437,0.00325890908642,-0.159119914638,-0.0109002164804,0.0603767669343,-0.0260470196116,0.573854704355,0.81894213435,0.00230342719702,0.0,0.818901736946,-0.573792822071,-0.0119368952486,0.0,-0.00845409924822,0.00873649223094,-0.999926098224,0.0,0.651956550638,0.248472048774,0.303539011688,1.0,-0.01974,-0.025944,0.988
0.457774536629,0.494487828743,-0.124139447137,-1.43953126449,0.0745228120153,1.92478284976,0.14797236335,-0.0113050690245,-0.0933157995314,0.00101450943096,-0.162501109842,-0.010686845885,0.0621995659992,-0.0246844971197,0.573850176991,0.818945609556,0.00219313869389,0.0,0.81890358749,-0.573788555789,-0.0120147635541,0.0,-0.0085812051935,0.00869081066137,-0.999925413582,0.0,0.651621964368,0.248054839803,0.303474404855,1.0,-0.0225874285714,-0.0296863346939,1.004
0.457426155955,0.491867695484,-0.124236815692,-1.44341778953,0.0743123745789,1.92621783613,0.147410316556,-0.0167434105741,-0.169002056001,0.000344541507442,-0.258258123132,-0.0143333082824,0.0956789539648,-0.0346435492624,0.573883951233,0.818921552752,0.00233406432303,0.0,0.818881511302,-0.573821897781,-0.0119267336628,0.0,-0.00842788429395,0.00875605174118,-0.999926148435,0.0,0.651152899995,0.247407897063,0.303575426849,1.0,-0.038232,-0.0502477714286,1.022
0.457005906658,0.488514932561,-0.12427042198,-1.44872545268,0.0740355297471,1.92827135783,0.146597001381,-0.0332697252222,-0.235166826242,3.38722759325e-05,-0.368958110039,-0.0130507842342,0.138316252887,-0.0530235148858,0.57377810155,0.818995430065,0.00243364242411,0.0,0.818956405233,-0.573715373829,-0.0119089488129,0.0,-0.00835731748575,0.00882631102641,-0.99992612301,0.0,0.650484389342,0.246624028886,0.303559746854,1.0,-0.0521382857143,-0.0685246040816,1.038
0.456309293766,0.483691309515,-0.124379016865,-1.45633223637,0.0735950674992,1.9311339559,0.14543366532,-0.0467788090222,-0.303118906189,-0.00581449386218,-0.484199921456,-0.0296309901476,0.172282330476,-0.0838669113057,0.573732694718,0.819027067536,0.00249089450548,0.0,0.818988899273,-0.573669868517,-0.0118664115961,0.0,-0.00829012077882,0.00884833360878,-0.999926487743,0.0,0.649541291376,0.245392591812,0.303540369999,1.0,-0.0669137142857,-0.0879437387755,1.055
0.455370803725,0.477621232236,-0.124545241954,-1.4660378188,0.0730161109042,1.93447409814,0.143983669099,-0.0616508262886,-0.381053463492,-0.0062698472855,-0.602331301986,-0.0309091618629,0.210359942135,-0.0872357439293,0.573751279408,0.819014813021,0.00222538342451,0.0,0.818973025432,-0.573689347446,-0.0120192821716,0.0,-0.00856745632585,0.00871877538286,-0.999925288033,0.0,0.648277623367,0.243750253129,0.303423274291,1.0,-0.0816891428571,-0.107362873469,1.072
0.454198529134,0.470296164119,-0.124702816132,-1.47748106971,0.0723432736829,1.9384901745,0.142314747687,-0.0723650521286,-0.44983153427,-0.0102908597141,-0.686153819264,-0.0379412369465,0.253604585071,-0.113761221119,0.573827612835,0.818961564974,0.00213839754209,0.0,0.818918327586,-0.573765722385,-0.0121002256306,0.0,-0.00868284768019,0.00869478392877,-0.999924501594,0.0,0.646793338289,0.241805251186,0.303395522266,1.0,-0.0964645714286,-0.126782008163,1.089
0.452830561407,0.461736682505,-0.124822872696,-1.49049705777,0.0715400279002,1.94333761991,0.140193987103,-0.0865263695384,-0.510957274419,-0.00209693901928,-0.78085534372,-0.0491358471293,0.281758629075,-0.130473903421,0.573696681592,0.819052388011,0.00245970026793,0.0,0.819013536404,-0.573633686293,-0.0119150341179,0.0,-0.00834823094491,0.00885031374537,-0.999925986754,0.0,0.645136218604,0.239624275517,0.303527037639,1.0,-0.11124,-0.146201142857,1.106
0.451256853122,0.452722439115,-0.124965610863,-1.50454611932,0.0706489963976,1.94812862143,0.138019193951,-0.101213265508,-0.590029992003,-0.0109811822811,-0.885640673542,-0.0623762537949,0.313640233784,-0.145468761312,0.573715045761,0.819040145053,0.00224364900993,0.0,0.818998045767,-0.573652481661,-0.0120738649794,0.0,-0.00860207091803,0.00876467090073,-0.999924589617,0.0,0.64324661285,0.237169900202,0.303458220545,1.0,-0.125146285714,-0.16447797551,1.122
0.449252941448,0.441234030082,-0.125128483685,-1.52196216919,0.0694577606739,1.95436322694,0.13532127074,-0.114461163461,-0.654407429916,-0.00532977593548,-1.01464588015,-0.0671588568049,0.356126459755,-0.160735892922,0.573724294282,0.819033088179,0.00244571440016,0.0,0.818994309027,-0.573661619818,-0.0118917883547,0.0,-0.00833691616716,0.00882580398085,-0.99992629779,0.0,0.640936655482,0.234119395277,0.303584405798,1.0,-0.140790857143,-0.185039412245,1.14
0.447193019115,0.429984738111,-0.125265291081,-1.53897510136,0.0683323426838,1.9602510867,0.132540435266,-0.133617989426,-0.731964333872,-0.00506209148305,-1.09766869248,-0.071001188173,0.380717497855,-0.17755146031,0.573670557836,0.819070445657,0.00253831146488,0.0,0.819032660949,-0.57360730749,-0.0118702988182,0.0,-0.00826677609923,0.00888877207454,-0.999926322358,0.0,0.638604912862,0.231090383419,0.303676937501,1.0,-0.154697142857,-0.203316244898,1.156
0.444860917737,0.417902667902,-0.12543424078,-1.55719852501,0.0670415784731,1.96652571593,0.129518538652,-0.157825027463,-0.76134833826,-0.00863733319246,-1.14650033326,-0.0793102602921,0.409841341401,-0.18823515762,0.573651724266,0.819083221291,0.00266884754496,0.0,0.819047590199,-0.573588487585,-0.0117489915116,0.0,-0.00809273739763,0.00892591424085,-0.999927415194,0.0,0.635930950585,0.227539615092,0.303796114348,1.0,-0.169472571429,-0.222735379592,1.173
0.442077553977,0.404083452974,-0.125595562149,-1.57791045228,0.065586118491,1.97379180593,0.126052234016,-0.165633722738,-0.798854509707,-0.0135594589336,-1.2484094799,-0.0868553914956,0.419260821217,-0.217472914414,0.573651687098,0.819082594683,0.00286214583741,0.0,0.819049786875,-0.573588132258,-0.0116124094811,0.0,-0.00786998112466,0.00900589161954,-0.999928476099,0.0,0.63319324166,0.223915348559,0.303883347322,1.0,-0.183378857143,-0.241012212245,1.189
0.438725071349,0.388372224087,-0.125796374465,-1.60121766502,0.0639518054452,1.98179110406,0.122039813033,-0.191727188224,-0.86905417396,-0.014976470877,-1.34016793713,-0.107477088884,0.453382630109,-0.229556834749,0.573721954641,0.819032239107,0.00317127225904,0.0,0.819003477024,-0.573657462004,-0.0114528516427,0.0,-0.00756117630571,0.0091682119539,-0.999929383758,0.0,0.629870746902,0.219465090333,0.304055655111,1.0,-0.199023428571,-0.26157364898,1.207
0.435474485747,0.373600904312,-0.125953057286,-1.62320415913,0.0623144544117,1.98909625376,0.118035596324,-0.210490994739,-0.933902812846,-0.0093436724011,-1.40851487606,-0.0958267742965,0.462281645645,-0.25186948218,0.573584365643,0.819128508028,0.00319526632198,0.0,0.81910009425,-0.5735198657,-0.0114344281667,0.0,-0.00753386242272,0.00917602883899,-0.999929518222,0.0,0.626612060433,0.215227403274,0.304106957218,1.0,-0.212929714286,-0.279850481633,1.223
0.431609196813,0.357035446978,-0.126145524553,-1.64768300606,0.0604161791622,1.99717223355,0.113658530637,-0.235737375202,-0.985821297085,-0.00908678406791,-1.46793662513,-0.11606915592,0.479971018507,-0.274273530347,0.573641411561,0.819088358455,0.00324636499917,0.0,0.819061036317,-0.573577285089,-0.0113518155947,0.0,-0.00743624194899,0.00917101917253,-0.999930294927,0.0,0.62293051225,0.210364292137,0.304173085053,1.0,-0.227705142857,-0.299269616327,1.24
0.427268255464,0.339664443364,-0.126398113274,-1.67327152973,0.0584917562195,2.00545513425,0.10880827138,-0.251486499053,-1.04508059703,-0.0100967860873,-1.51642729212,-0.120445153664,0.493308132599,-0.291712239229,0.573729735448,0.819026420424,0.00326499785108,0.0,0.818998999856,-0.57366512589,-0.0113889627805,0.0,-0.0074549895468,0.00920839386774,-0.999929811843,0.0,0.619002205229,0.205104959525,0.304190391291,1.0,-0.242480571429,-0.31868875102,1.257
0.422913269675,0.32260230989,-0.126538041147,-1.69826067393,0.0564764585255,2.01348656144,0.103932521772,-0.278248816862,-1.10486107256,-0.00832716459843,-1.602095662,-0.143564171755,0.5064729742,-0.309204559758,0.57361492371,0.819106770841,0.00328087820621,0.0,0.819079629347,-0.573550375313,-0.0113699018746,0.0,-0.00743155776324,0.00920942321138,-0.999929976785,0.0,0.615046616554,0.199983191788,0.304187780863,1.0,-0.256386857143,-0.336965583673,1.273
0.417893223412,0.303658304088,-0.126733751155,-1.72570417885,0.0542159794312,2.02208984522,0.0983512780479,-0.307639402786,-1.15181354271,-0.0161698343447,-1.61821405298,-0.142802875363,0.51779656531,-0.339835553251,0.573451190633,0.819221359448,0.00329288418369,0.0,0.819194373923,-0.57338663078,-0.0113620542795,0.0,-0.00742008464498,0.00921327313595,-0.999930026523,0.0,0.610586284686,0.194226438671,0.304211117981,1.0,-0.271162285714,-0.356384718367,1.29
0.412313352534,0.283949706351,-0.126940937644,-1.75398666471,0.0518604075585,2.03072877978,0.0925107119505,-0.339327168454,-1.18482881484,-0.0138904941725,-1.70544803977,-0.143899319917,0.516470781481,-0.347470113847,0.573469072815,0.819208838571,0.00329366561276,0.0,0.819181481481,-0.573404035024,-0.0114131466942,0.0,-0.00746129314842,0.00924337449239,-0.999929442077,0.0,0.605879448966,0.188095483989,0.30423361379,1.0,-0.285937714286,-0.375803853061,1.307
0.4062411742,0.263479172772,-0.127210897421,-1.78296668394,0.0493875919475,2.039412382,0.0861724726101,-0.365585061531,-1.22271214202,-0.0184111278795,-1.70180025903,-0.158591678644,0.507608522306,-0.37787038054,0.573439343275,0.819229278645,0.00338459693901,0.0,0.819202816061,-0.573373696968,-0.0114059933454,0.0,-0.00740362738368,0.0093134959907,-0.999929220042,0.0,0.60094901161,0.181628558789,0.304307730289,1.0,-0.300713142857,-0.395222987755,1.324
0.39952106327,0.242377439634,-0.127568664366,-1.81268507706,0.0466976440314,2.04817978559,0.0794938178118,-0.402515644331,-1.24911972272,-0.01513214021,-1.7605863395,-0.166661070648,0.507118745086,-0.394993200855,0.573596102727,0.819119489655,0.00339403952153,0.0,0.819093600292,-0.573530978189,-0.011341865813,0.0,-0.00734389792245,0.00928586486086,-0.999929917483,0.0,0.595805962193,0.174716482791,0.304322751293,1.0,-0.315488571429,-0.414642122449,1.341
0.392385795599,0.220610134682,-0.127794293016,-1.84293792852,0.0439649384692,2.05686121871,0.0722823788232,-0.435522040554,-1.27548686587,-0.00599778314141,-1.79355468079,-0.176006174284,0.492294301214,-0.439979938713,0.5734684453,0.819208369984,0.00351222089391,0.0,0.819183518538,-0.573402389869,-0.0113494118673,0.0,-0.00728375757671,0.00938586375535,-0.999929423728,0.0,0.590375461778,0.167681261263,0.304363776459,1.0,-0.330264,-0.434061257143,1.358
0.384620810503,0.198151496315,-0.128101115119,-1.87374739774,0.041009246173,2.06531258076,0.0646042927948,-0.468835887058,-1.32693679307,-0.0231547986162,-1.79060675449,-0.167458988663,0.47947871596,-0.46798548262,0.573380180816,0.819270175375,0.00350640707436,0.0,0.819245179895,-0.573314064444,-0.0113607055784,0.0,-0.00729735525687,0.00938679123796,-0.99992931588,0.0,0.584687426617,0.160254521298,0.304412716727,1.0,-0.345039428571,-0.453480391837,1.375
0.376610712318,0.176330390267,-0.128526005503,-1.90332916217,0.0381304152766,2.07327499144,0.0568823948355,-0.521563953256,-1.35745968488,-0.0338284861243,-1.83975083717,-0.17579157887,0.512434028748,-0.488715580501,0.573468808334,0.819207743879,0.00359793505418,0.0,0.819183915106,-0.573402412056,-0.0113196281724,0.0,-0.00721020123691,0.00943900593292,-0.999929456594,0.0,0.579129578181,0.152837343959,0.304467709896,1.0,-0.358945714286,-0.47175722449,1.391
0.367500183321,0.152553103368,-0.128914322844,-1.93519261975,0.0349145088401,2.08152591763,0.0481917443766,-0.546742514864,-1.41576554476,-0.0197388291464,-1.87860353862,-0.199915513899,0.49437881658,-0.517687547837,0.573459252883,0.819214161843,0.00365912816175,0.0,0.819190935798,-0.573392448945,-0.0113162317172,0.0,-0.00717243891544,0.00948710506521,-0.999929272978,0.0,0.572946029898,0.14472832611,0.30450589216,1.0,-0.373721142857,-0.491176359184,1.408
