position_joint1,position_joint2,position_joint3,position_joint4,position_joint5,position_joint6,position_joint7,velocity_joint1,velocity_joint2,velocity_joint3,velocity_joint4,velocity_joint5,velocity_joint6,velocity_joint7,ee_T_00,ee_T_10,ee_T_20,ee_T_30,ee_T_01,ee_T_11,ee_T_21,ee_T_31,ee_T_02,ee_T_12,ee_T_22,ee_T_32,ee_T_03,ee_T_13,ee_T_23,ee_T_33,v_x,v_y,time
0.465067017613,0.547847405645,-0.123960719981,-1.3558472552,0.0794728523764,1.89409208637,0.159168381882,0.00065149934241,-9.37044629432e-05,0.000421656519826,0.000280912709311,0.000127943120838,-0.00336239925268,0.0013576957855,0.573792951347,0.818986531996,0.00185911143733,0.0,0.818942276057,-0.573734834247,-0.0119430046122,0.0,-0.0087146907214,0.00837547807023,-0.999926950098,0.0,0.661667233067,0.260894595044,0.303158979759,1.0,0.0,0.0,0.0
0.465066296978,0.547847380677,-0.123965155792,-1.35584971039,0.079472813163,1.8940923322,0.159171672266,0.000448569433318,0.000272559125524,-0.00112905916774,0.000714559064329,0.00010858240585,1.06164410643e-05,0.00150414893143,0.57379946048,0.81898197828,0.00185615362484,0.0,0.818937705258,-0.573741375747,-0.0119421758018,0.0,-0.00871564243194,0.00837264942161,-0.999926965492,0.0,0.661667928491,0.260891269835,0.303157997101,1.0,-0.00026,-0.000341714285714,0.014
0.465065562071,0.547839654498,-0.123963565145,-1.35584795458,0.0794692511308,1.89409233215,0.159166882713,0.000817562404324,-0.00146758207691,-0.000329008454406,0.00184943459238,-1.2291756828e-05,0.000187543892779,-0.00054938887155,0.573793976147,0.818985805434,0.00186288394725,0.0,0.818941646534,-0.573735888983,-0.01193550025,0.0,-0.00870636953255,0.00837427262351,-0.999927032682,0.0,0.661668563751,0.260891438971,0.303164246701,1.0,-0.0006,-0.000788571428571,0.031
0.465065865381,0.547811277083,-0.12396332928,-1.35588372545,0.0794697521212,1.89409390761,0.159170689573,0.000843501545154,-0.00409646561285,-0.000467782173719,-0.00115640663505,0.000230568041022,-0.00028915217065,0.00173366315074,0.573798726031,0.818982484181,0.00185997610441,0.0,0.818938246573,-0.573740611348,-0.011941779243,0.0,-0.00871313195753,0.00837554454099,-0.999926963125,0.0,0.661661265954,0.260888090072,0.303167454929,1.0,-0.00094,-0.00123542857143,0.048
0.465068364752,0.547701020841,-0.123958390774,-1.35600696887,0.0794679631216,1.89411910334,0.15916129148,-0.00141160180728,-0.00559715545768,0.000417296394345,-0.00366163429598,9.17152881732e-05,0.00357208488337,-0.00237382630312,0.573791765818,0.818987323368,0.0018763111788,0.0,0.81894319373,-0.573733481826,-0.0119450482026,0.0,-0.00870650813663,0.0083907241176,-0.99992689356,0.0,0.661639268901,0.26088084573,0.303188925157,1.0,-0.00128,-0.00168228571429,0.065
0.465056713221,0.547565919356,-0.123958390488,-1.35619533453,0.079466979713,1.89415214808,0.15916634917,-0.000576939558701,-0.00854909639131,0.000144970555327,-0.0163250124303,-4.83775966558e-05,0.00175659811839,0.00155409706016,0.573815457157,0.818970747291,0.00186630936671,0.0,0.818926343729,-0.573757074568,-0.0119670309958,0.0,-0.00873000819475,0.00839539890509,-0.999926649427,0.0,0.661609333838,0.260854633214,0.303197844951,1.0,-0.00162,-0.00212914285714,0.082
0.465040695799,0.547407203768,-0.123961204,-1.35639551859,0.0794624412761,1.89425240232,0.159159478793,-0.00182230596213,-0.0118229020712,0.000840529946349,-0.0126957307697,0.000238550027666,0.0114425504769,0.0008289871148,0.573835055739,0.818956892637,0.00191929893594,0.0,0.818913162358,-0.573776429466,-0.0119410387598,0.0,-0.00867811458765,0.00842408799325,-0.99992685986,0.0,0.661592706868,0.260826815898,0.303223784904,1.0,-0.00194,-0.00254971428571,0.098
0.465009438866,0.547219156056,-0.123958046341,-1.35660962669,0.0794592228467,1.89439129892,0.159146037266,-0.000276074315957,-0.0130256551751,0.00114088272062,-0.0148794721714,0.000142278177577,0.0101052329821,0.000526258441756,0.573858902188,0.818939940379,0.00202023070021,0.0,0.818897504601,-0.573799834575,-0.0118900673337,0.0,-0.00857820814888,0.00847774608907,-0.999927268438,0.0,0.661583897188,0.260793952975,0.303267029656,1.0,-0.00228,-0.00299657142857,0.115
0.464985629555,0.547029564188,-0.123960938112,-1.35686645009,0.0794514246679,1.89450095648,0.159131643295,-0.00245241647148,-0.00200243377792,0.00300315055532,-0.0173811337873,-0.000181140081969,0.00811373765733,0.000673418728541,0.573880999197,0.818924357605,0.00205965575073,0.0,0.818882401697,-0.573821735363,-0.0118732943032,0.0,-0.00854161912538,0.0085006375099,-0.999927387316,0.0,0.661559182301,0.260754723426,0.30328868259,1.0,-0.0026,-0.00341714285714,0.131
0.464947049304,0.546796386479,-0.123956593757,-1.35722214716,0.0794425478391,1.89462857205,0.159093051164,-0.000284579318496,-0.00627761096983,0.000883793073354,-0.0193751456291,-0.000782694572754,0.00294551353736,-0.00110260456889,0.573890040415,0.818917998819,0.00206872529226,0.0,0.818875999837,-0.573830578235,-0.0118874419157,0.0,-0.00854790688769,0.00851627797823,-0.999927200499,0.0,0.661515039235,0.2606972662,0.303292916323,1.0,-0.00296,-0.00389028571429,0.149
0.46490325185,0.546488786656,-0.123964281595,-1.35768244244,0.0794251202617,1.89480668831,0.15894690143,-0.00141082502528,-0.0186933249814,0.000133986196314,-0.0217175929654,-0.000351224922906,0.00895053966629,-0.00430144203722,0.573838186991,0.818954259322,0.00209837793716,0.0,0.818912611497,-0.573778576401,-0.0118754744963,0.0,-0.00852163018247,0.00853315320069,-0.999927280914,0.0,0.661470923058,0.26062504024,0.303309899807,1.0,-0.00332,-0.00436342857143,0.167
0.46486961468,0.546219164013,-0.123964337008,-1.35813425855,0.0794047868552,1.89495460817,0.158942124893,-0.000567230015045,-0.0113877210296,-0.000868294377159,-0.0252729729949,-0.000284062341367,0.0105876207646,0.00091614248393,0.573881634102,0.81892388057,0.00207238369709,0.0,0.818881805146,-0.573822034446,-0.0118999532388,0.0,-0.0085561411879,0.0085263660722,-0.999927044104,0.0,0.66141373813,0.260559412359,0.303298589117,1.0,-0.00364,-0.004784,0.183
0.464821251596,0.545919903596,-0.123961579625,-1.35865976181,0.0793617359062,1.89513931299,0.158882897629,-0.00457982123813,-0.017113629191,0.000183863761058,-0.0330367041573,-0.00093497438529,0.0130709332665,-0.00515482663959,0.573888749789,0.818918999148,0.00203041886122,0.0,0.818876445812,-0.573829389261,-0.0119140847704,0.0,-0.00859172177818,0.00850018504927,-0.999926961918,0.0,0.661352174441,0.260476134101,0.303276236269,1.0,-0.00396,-0.00520457142857,0.199
0.464768114343,0.545566769095,-0.123959784626,-1.35926655528,0.0792849051075,1.89533807818,0.158776307654,-0.00513305474385,-0.0257843605402,0.00102592334446,-0.0356470012834,-0.00534618102305,0.0156042955278,-0.00323446699609,0.5738570801,0.81894135868,0.00196203042932,0.0,0.818898226307,-0.573798312747,-0.0119137795153,0.0,-0.0086310432077,0.008443672531,-0.999927102087,0.0,0.661279462648,0.260375686128,0.303254504288,1.0,-0.0043,-0.00565142857143,0.216
0.464704119631,0.545178338618,-0.123960130599,-1.35995626512,0.0792700319448,1.89556025158,0.158716426798,-0.00346188895209,-0.0284974333312,0.000964751555715,-0.045143670181,-0.00251972965085,0.0177207569956,-0.000907340083722,0.573895099553,0.818914842399,0.00190853547232,0.0,0.818870717255,-0.573836264629,-0.0119765070207,0.0,-0.00871272023987,0.00843626492432,-0.999926456266,0.0,0.66119306686,0.260269063092,0.303220487273,1.0,-0.00464,-0.00609828571429,0.233
0.46464410544,0.544762001556,-0.123966911758,-1.36062696239,0.0792474049215,1.89579193446,0.158643128644,-0.00362034601636,-0.0271868388526,-0.00538732086176,-0.042368370108,-0.00392766902357,0.0183788606178,-0.00719904834169,0.573920272795,0.818897226641,0.00189725498717,0.0,0.818852796346,-0.573861330141,-0.0120007744398,0.0,-0.00873880788491,0.00844122281159,-0.999926186773,0.0,0.661114478992,0.260163372737,0.303216257294,1.0,-0.00496,-0.00651885714286,0.249
0.464567127428,0.544281989201,-0.123964652209,-1.36142988285,0.0792109107667,1.89609211891,0.158511345592,-0.000618236265329,-0.0309587018001,0.000447354029594,-0.0501835839762,-0.000879259191761,0.0172668409411,-0.0047785407297,0.573908942649,0.818905197936,0.00188394325981,0.0,0.818860463254,-0.573849932684,-0.0120226195088,0.0,-0.0087644536386,0.0084427380495,-0.999925949522,0.0,0.661023840578,0.260039252876,0.303199746299,1.0,-0.00532,-0.006992,0.267
0.464495485226,0.543761243637,-0.12397081204,-1.36226070367,0.079168977963,1.89636733755,0.158432301907,-0.00745274474126,-0.0359511005857,-0.00143646776461,-0.0518511759114,-0.000179287546572,0.0154055078786,-0.00220599318784,0.573942096775,0.818882021885,0.00185760180941,0.0,0.818836847737,-0.573883105346,-0.0120476175428,0.0,-0.00879970053894,0.00843587010025,-0.999925697923,0.0,0.660923605932,0.259908439413,0.303196822064,1.0,-0.00566,-0.00743885714286,0.284
0.464417255253,0.543252193626,-0.123967841987,-1.36306783522,0.0791267785759,1.8966515979,0.158310863396,-0.00713425020608,-0.0346753408367,0.000833278075389,-0.0551456577847,2.7359838167e-05,0.0147890114664,-0.00793714450795,0.573938222466,0.818884753614,0.00185040342185,0.0,0.818839379515,-0.57387916157,-0.0120633897593,0.0,-0.00881678773695,0.00843898614179,-0.99992552111,0.0,0.660829838955,0.259781799903,0.303197321939,1.0,-0.00598,-0.00785942857143,0.3
0.464345910161,0.542689445461,-0.123974257135,-1.36395806405,0.0790719398229,1.89697279487,0.158199578754,-0.00371466768136,-0.032383922026,0.000166010113058,-0.0566835085043,-0.0031816806024,0.0174481142457,-0.00327379528394,0.573944842515,0.818880131349,0.00184258860969,0.0,0.818834677919,-0.5738858369,-0.0120649635002,0.0,-0.00882249324981,0.00843356139904,-0.999925516554,0.0,0.660726654947,0.259645582648,0.303199688246,1.0,-0.00632,-0.00830628571429,0.317
0.464263907996,0.542075021107,-0.12397398868,-1.36488505303,0.0790079459332,1.89732541952,0.15807924007,-0.00245448301845,-0.034993575266,-0.000988086940168,-0.0565774323745,-0.00979435284045,0.0127826560093,-0.00641502215542,0.573947708944,0.818878055252,0.00187214457018,0.0,0.81883306844,-0.573888650953,-0.0120403171647,0.0,-0.00878531812727,0.008443648901,-0.999925758733,0.0,0.660624239891,0.259503178246,0.303223516142,1.0,-0.00666,-0.00875314285714,0.334
0.464177656658,0.541478067347,-0.123977558378,-1.3657923147,0.0789592365904,1.89766641936,0.157955042018,-0.00167156559029,-0.0311919259875,-0.00111387695345,-0.0560717397089,-0.00250752253665,0.0183459041939,-0.00553444684961,0.573956494806,0.818871831432,0.00190069952051,0.0,0.818827180154,-0.573897275953,-0.012029654858,0.0,-0.0087601078871,0.00846100586532,-0.999925833194,0.0,0.660524573548,0.259359543924,0.303243442857,1.0,-0.00698,-0.00917371428571,0.35
0.46408945348,0.540782255691,-0.123978355946,-1.36685663827,0.0789026037544,1.89805198517,0.157822512781,-0.00371691265812,-0.0432346538927,-0.000364277895219,-0.0669903563215,-0.00126259205379,0.0204695426962,-0.00796953404937,0.573964549519,0.818866141865,0.00191950622361,0.0,0.818821649611,-0.573905164776,-0.0120297494711,0.0,-0.00874930845277,0.00847654618827,-0.99992579613,0.0,0.660400288485,0.259200633256,0.303262181799,1.0,-0.00732,-0.00962057142857,0.367
0.463986951961,0.540011501541,-0.123979040864,-1.36802356567,0.0788245181097,1.89848787588,0.157673148079,-0.0113374628082,-0.0419835058968,-0.00102326767936,-0.0591732743145,-0.0086994224676,0.0286279192465,-0.00467329817364,0.573970367836,0.818861994027,0.00194897044689,0.0,0.81881795743,-0.573910924974,-0.0120062353438,0.0,-0.00871308213632,0.00848723872268,-0.999926021753,0.0,0.660268978124,0.259021109883,0.30328926397,1.0,-0.00768,-0.0100937142857,0.385
0.463902835713,0.539354715666,-0.123986629503,-1.36903985904,0.0787703026142,1.89888207962,0.157543854796,-0.00753564596131,-0.0447876941277,-0.000967509455402,-0.0714143154975,-0.00334068462684,0.0254695724935,-0.00667988798347,0.57398052041,0.818854804138,0.00197960354593,0.0,0.818811156532,-0.573920935572,-0.0119915199837,0.0,-0.00868334500976,0.00850398407774,-0.999926138159,0.0,0.660156448597,0.25886714074,0.303304040452,1.0,-0.00798,-0.010488,0.4
0.463791746112,0.538542713279,-0.123989105408,-1.37030455215,0.078701349367,1.8993658137,0.157388729132,-0.00568705446434,-0.0498846183094,-0.000366764292632,-0.071811436783,-5.57775019701e-06,0.0224890951491,-0.00467040361167,0.573997703806,0.81884268906,0.00200835740473,0.0,0.818799371804,-0.573937951503,-0.0119817970244,0.0,-0.00865870106733,0.00852212983825,-0.999926197376,0.0,0.660014806858,0.258674584319,0.303317718776,1.0,-0.00834,-0.0109611428571,0.418
0.463676751888,0.537760601656,-0.123989516563,-1.37153281574,0.078632427547,1.89983918807,0.157228700333,-0.00910138679137,-0.0454693585564,0.000595417973236,-0.0724812482532,-0.011319247127,0.0339175660954,-0.0156963416852,0.574010541146,0.818833629321,0.00203298972078,0.0,0.818790601225,-0.573950652193,-0.0119727646737,0.0,-0.00863703286431,0.00853725037367,-0.999926255791,0.0,0.659879006274,0.258483896695,0.30332651514,1.0,-0.00868,-0.011408,0.435
0.463578007901,0.536977565396,-0.123990715135,-1.3727628071,0.0785562544313,1.90029187365,0.157096402579,-0.00783870469372,-0.0472002939408,-0.000234073682186,-0.0740719962602,-0.00941593943584,0.0377739691813,-0.00256296435366,0.574035783117,0.818815926535,0.00203594085974,0.0,0.818772959677,-0.57397590117,-0.0119688044066,0.0,-0.00863183286957,0.0085376597104,-0.999926297198,0.0,0.659726420931,0.258285899371,0.303335973723,1.0,-0.00902,-0.0118548571429,0.452
0.463458461383,0.536126997423,-0.123999876011,-1.37407544636,0.0784878815588,1.90078643237,0.156922927532,-0.0115987421408,-0.0539658190408,-0.00165794582078,-0.0840399594795,-0.00262115549604,0.0259503381559,-0.0144582383306,0.574047411829,0.818807696888,0.00206673429693,0.0,0.818765062943,-0.573987332105,-0.0119608188471,0.0,-0.00860749694877,0.00855841171517,-0.999926329579,0.0,0.659588070538,0.258094398323,0.303352025067,1.0,-0.00934,-0.0122754285714,0.468
0.463329290664,0.535118441777,-0.124002815325,-1.37566102315,0.0783838906839,1.9013504038,0.156737505902,-0.00559835251343,-0.0513354747117,0.000588569975193,-0.0865906659395,-0.00991955211281,0.028429893739,-0.00299621085504,0.574062398053,0.818797231222,0.00205041124772,0.0,0.818754422761,-0.574002422404,-0.0119649982853,0.0,-0.00862013240871,0.00854760345374,-0.999926313181,0.0,0.659398629938,0.257853994776,0.303358007125,1.0,-0.00972,-0.0127748571429,0.487
0.463234443534,0.534397157329,-0.12400386812,-1.37687313114,0.0783287363038,1.90180567615,0.156586541094,-0.00741366859563,-0.0553996476545,0.000174965403756,-0.0851299879893,-0.00496240750938,0.0323965340162,-0.00422562875527,0.574069001962,0.818792657957,0.00202760009587,0.0,0.818749379666,-0.574008950655,-0.0119968648001,0.0,-0.00865925093088,0.00854728908499,-0.999925977872,0.0,0.659254394313,0.25767839169,0.303329485057,1.0,-0.01,-0.0131428571429,0.501
0.46310088339,0.533414467516,-0.124007038048,-1.37843907995,0.0782297759006,1.90237847585,0.15638621914,-0.00825619525596,-0.0518096981259,0.00118439452162,-0.0871770439803,-0.00258529409077,0.0324779991717,-0.0067604045159,0.574075651736,0.818788027337,0.00201476416303,0.0,0.81874460478,-0.574015676694,-0.0120009147347,0.0,-0.00866986600922,0.0085391746417,-0.999925955219,0.0,0.659070738438,0.257438397101,0.303326971379,1.0,-0.01036,-0.013616,0.519
0.462977569286,0.532466658342,-0.12400910213,-1.37997772591,0.0781495857649,1.90295769546,0.156192053055,-0.00735855828424,-0.0636973780834,-0.00527215384565,-0.0901291340216,-0.00131474844107,0.0333375831362,-0.0153879671315,0.57408174896,0.818783765354,0.00200947866028,0.0,0.818740156067,-0.574021679665,-0.0120172800484,0.0,-0.00868623672849,0.00854430652423,-0.999925769304,0.0,0.658889455977,0.25721205553,0.303313213443,1.0,-0.0107,-0.0140628571429,0.536
0.462852873308,0.531548933134,-0.12400480855,-1.3814528769,0.0780644487929,1.90349073244,0.156008117124,-0.0107157976665,-0.0567482844566,0.000216171558427,-0.0900501387899,-0.00231930249955,0.0330153538428,-0.00972700504341,0.574087715168,0.8187796266,0.00199129564176,0.0,0.818735679249,-0.574027623893,-0.0120383318523,0.0,-0.00871384992183,0.00854156766902,-0.999925552449,0.0,0.658711744653,0.256991745405,0.303304040511,1.0,-0.01102,-0.0144834285714,0.552
0.462711640757,0.53054365974,-0.124008809924,-1.3830911959,0.0779627149495,1.90406601653,0.155799602874,-0.00450852657814,-0.0565323139774,-0.000460588793672,-0.090908830281,-0.00468780471715,0.0367575303538,-0.00710004608541,0.574097075349,0.818773188382,0.00193932019185,0.0,0.818728531396,-0.574037177368,-0.0120688764995,0.0,-0.00876859942548,0.00851664744556,-0.999925286399,0.0,0.658513321922,0.256737723615,0.303282627174,1.0,-0.01136,-0.0149302857143,0.569
0.462567411065,0.52949892355,-0.12401254146,-1.38473259989,0.0778581237639,1.90467883908,0.155572904666,-0.00375000646405,-0.0601602000556,-0.000771029107346,-0.092291524357,-0.00385618422123,0.0352535993186,-0.0156162823937,0.574095444003,0.818774296643,0.00195428579569,0.0,0.8187298861,-0.57403553084,-0.0120552827264,0.0,-0.0087488945943,0.00852107913347,-0.999925421246,0.0,0.658311295334,0.256467510722,0.303294598862,1.0,-0.01172,-0.0154034285714,0.587
0.462435469648,0.52846512821,-0.124005548376,-1.38633874642,0.0777620682671,1.90528446203,0.155359978196,-0.00700544633179,-0.0641857047331,0.00195452431655,-0.0956143852021,-0.00491185315311,0.0381163181765,-0.0107672482328,0.57408319696,0.818782825448,0.00197854016721,0.0,0.818738680226,-0.574023130415,-0.0120484917245,0.0,-0.00872953834681,0.00853690837496,-0.999925455399,0.0,0.658132917424,0.25624984474,0.303306309533,1.0,-0.01202,-0.0157977142857,0.602
0.462285141896,0.527270018895,-0.124010446989,-1.3881862983,0.0776435289002,1.90599681895,0.155090867958,-0.00789102068734,-0.0700820706448,0.00146508156808,-0.106246214412,-0.00509784704922,0.0405674332169,-0.0178488516469,0.574057520824,0.818800717196,0.00202366143502,0.0,0.818757261774,-0.573997363573,-0.0120133178447,0.0,-0.00867510396131,0.0085533876333,-0.999925788312,0.0,0.657919892596,0.255973626656,0.30333009757,1.0,-0.01238,-0.0162708571429,0.62
0.462128661465,0.52610114909,-0.124015881822,-1.39000028862,0.0775339044052,1.90667968972,0.154862120556,-0.00947199138179,-0.0690865392923,-0.000366659156821,-0.10140382925,-0.00215970168612,0.0405687943122,-0.00805112523566,0.574070577206,0.818791488206,0.00205380822227,0.0,0.818748444034,-0.574010308694,-0.0119957411724,0.0,-0.00864327008477,0.00856811930805,-0.999925937864,0.0,0.657708776802,0.255696164827,0.303348552449,1.0,-0.01272,-0.0167177142857,0.637
0.461986022132,0.525057308786,-0.12402180771,-1.39162887099,0.0774254295438,1.9072536366,0.154640368221,-0.0104528329419,-0.0688607484118,-0.000607732408382,-0.113107327455,-0.0123116050167,0.0397938054139,-0.0144366048446,0.574068159282,0.818793220934,0.00203881138732,0.0,0.8187500321,-0.574008004685,-0.0119975995374,0.0,-0.00865342571756,0.00855688151751,-0.999925946259,0.0,0.657512118085,0.255440753769,0.303357569959,1.0,-0.01302,-0.017112,0.652
0.461822883512,0.523807893547,-0.124025465171,-1.39362562101,0.0772994174597,1.90797246637,0.15435736514,-0.0159260338298,-0.0658372997087,0.001319425108,-0.11115352496,-0.00508545632824,0.042030075501,-0.0161758234815,0.574045734624,0.81880901192,0.00201083530954,0.0,0.818765453261,-0.573985696468,-0.0120124809423,0.0,-0.008681904099,0.0085422803962,-0.999925824242,0.0,0.657268383057,0.25513920666,0.303348155976,1.0,-0.01338,-0.0175851428571,0.67
0.461634815669,0.522363133577,-0.124034665016,-1.39590159932,0.0771603872842,1.9088582387,0.154054309072,-0.00962309905546,-0.0718014548399,0.000584493514363,-0.114163251965,-0.000631717123328,0.0529233405494,-0.0119646333584,0.574043978249,0.818810145837,0.00205012469438,0.0,0.818767131796,-0.573983806033,-0.0119883779025,0.0,-0.00863963342353,0.00856059567777,-0.999926033732,0.0,0.657016265436,0.254817488554,0.303355194556,1.0,-0.01376,-0.0180845714286,0.689
0.4615065725,0.521420408475,-0.124037069725,-1.3974282093,0.0770743635579,1.90945458289,0.153835914943,-0.0131175801313,-0.0703193215959,-0.000555727447086,-0.121298326206,-0.00291553975733,0.0451254429012,-0.0189917058523,0.574029361596,0.818820360297,0.00206312594571,0.0,0.818777529911,-0.573969150718,-0.0119798764113,0.0,-0.00862536213753,0.00856620690016,-0.999926108884,0.0,0.656826825591,0.254568750344,0.303344959943,1.0,-0.01404,-0.0184525714286,0.703
0.461317534405,0.519887239168,-0.124043569011,-1.39982511313,0.0769189344258,1.9103238591,0.153524879447,-0.00961929137256,-0.075280041532,-0.000629685820587,-0.123361663676,-0.00936225620812,0.0475378198814,-0.0158841512843,0.57401965451,0.818827170523,0.00206105572199,0.0,0.818784368503,-0.573959508475,-0.0119744489166,0.0,-0.00862220760001,0.00856129406925,-0.999926178165,0.0,0.656532894702,0.254210366398,0.30335640384,1.0,-0.01444,-0.0189782857143,0.723
0.461167491936,0.518685562497,-0.124049028139,-1.40165518772,0.0767992147015,1.91097062343,0.1532740141,-0.00512124703187,-0.0825648599197,-0.00207611434529,-0.124276775702,-0.00259066409386,0.0461489031404,-0.0117564813691,0.574005560866,0.818837021169,0.00207262138406,0.0,0.818794402443,-0.573945400705,-0.0119645492369,0.0,-0.00860761006912,0.00856493348437,-0.999926272764,0.0,0.656306861952,0.253931850359,0.303385103307,1.0,-0.01474,-0.0193725714286,0.738
0.460997344565,0.517425919197,-0.124044619232,-1.40365025083,0.0766652811949,1.91168641191,0.152999765904,-0.00762383535888,-0.0779221239561,-0.000617520103221,-0.126897065288,-0.0112974924642,0.0398802504938,-0.0145357613291,0.573986520896,0.818850424197,0.00205024967993,0.0,0.818807535285,-0.573926477738,-0.0119735213686,0.0,-0.00862799659022,0.00855156440451,-0.999926211488,0.0,0.656060098451,0.253629505969,0.303381328775,1.0,-0.01506,-0.0197931428571,0.754
0.46081489462,0.516062843083,-0.12404817631,-1.40580140993,0.0765351439918,1.91250078934,0.152700064074,-0.0116574832384,-0.0841747321935,-3.5177840887e-05,-0.131340075282,-0.00552113892939,0.052816924405,-0.0171002267681,0.573971734518,0.818860737072,0.0020707867378,0.0,0.818818112913,-0.573911604609,-0.0119630666251,0.0,-0.00860780274167,0.00856222463923,-0.999926294304,0.0,0.655802755619,0.253304573014,0.303384263747,1.0,-0.0154,-0.02024,0.771
0.460627922212,0.514680150502,-0.124056349127,-1.40801618494,0.0763982744859,1.91331604772,0.152399496058,-0.0163545973025,-0.0851683444614,-0.000650551532833,-0.134543760764,-0.00662343097043,0.0443241710652,-0.020992420438,0.57396428052,0.818866008228,0.00205235405042,0.0,0.818823149374,-0.573904233945,-0.0119719342864,0.0,-0.00862572143269,0.00855214231159,-0.999926226175,0.0,0.655532731678,0.252965748447,0.303370492238,1.0,-0.01574,-0.0206868571429,0.788
0.4604455947,0.513361631036,-0.124054352537,-1.41014344932,0.0762717926046,1.9140505608,0.152105799225,-0.00529484319889,-0.0841403012155,0.000235721321643,-0.132329755594,-0.0106564206222,0.0418452083314,-0.0188034579035,0.573948993997,0.818876870922,0.00199235043298,0.0,0.818833065412,-0.573889041168,-0.0120219098661,0.0,-0.00870124337988,0.00853152974436,-0.999925747925,0.0,0.655260805455,0.252641755083,0.3033456702,1.0,-0.01606,-0.0211074285714,0.804
0.460238134961,0.511850622336,-0.124064881709,-1.41257055082,0.0761163064803,1.9149268034,0.151767106068,-0.0113154850743,-0.0849085689872,-0.00220599739682,-0.130313851017,-0.00439778185335,0.0508927186877,-0.01439990474,0.573933989527,0.818887485797,0.00195145390295,0.0,0.818843178917,-0.573874245781,-0.012039321917,0.0,-0.0087391291739,0.00850787457938,-0.999925619079,0.0,0.654960770277,0.252265918024,0.303325222736,1.0,-0.01642,-0.0215805714286,0.822
0.46004741865,0.510458159376,-0.124071628636,-1.41476647125,0.0759810689853,1.91577028462,0.151451852065,-0.0123329569648,-0.0866066532155,-0.00108906034596,-0.139587787575,-0.00568609595931,0.0570911315041,-0.0198864855643,0.573915153249,0.818900615297,0.00198142317241,0.0,0.818856744851,-0.573855327412,-0.0120183823514,0.0,-0.00870497805693,0.00852019751837,-0.999925812044,0.0,0.654699088756,0.251930173735,0.303328330247,1.0,-0.01674,-0.0220011428571,0.838
0.459855790475,0.509060836423,-0.124072329331,-1.4170040542,0.0758480761273,1.91657663251,0.151144366818,-0.0148275524075,-0.0878004063606,-0.00156783750009,-0.141782714066,-0.0123430083176,0.052198644436,-0.0154847210953,0.573901257646,0.818910419003,0.00195423151499,0.0,0.818866080996,-0.573841440396,-0.0120453136001,0.0,-0.0087427821055,0.0085132384321,-0.999925541494,0.0,0.654418038592,0.251590453115,0.303311193905,1.0,-0.01706,-0.0224217142857,0.854
0.459651705511,0.507546765232,-0.124083365929,-1.41938152463,0.0756951884029,1.91742930205,0.150811907234,-0.00648048221672,-0.0910146606399,-0.00154547253497,-0.138115447688,-0.01240006891,0.048342544016,-0.0153980278587,0.573885782451,0.81892129974,0.00193918374496,0.0,0.818876798081,-0.573826064148,-0.0120492560142,0.0,-0.00875480677717,0.00850301300097,-0.999925523291,0.0,0.654121498701,0.251221517415,0.30331296009,1.0,-0.0174,-0.0228685714286,0.871
0.4594170917,0.505889090965,-0.124082610404,-1.42197020746,0.0755288294203,1.91839775997,0.150457771543,-0.0129646308342,-0.0967608853586,0.000628156760193,-0.143600766849,-0.0113937322194,0.054337789662,-0.0244403658869,0.573876209057,0.818927944477,0.00196604545492,0.0,0.81888382849,-0.573816410141,-0.0120312007914,0.0,-0.00872470536615,0.00851454666106,-0.999925688245,0.0,0.653805973414,0.250822057903,0.303323703876,1.0,-0.01776,-0.0233417142857,0.889
0.459211756215,0.50434675375,-0.124086208321,-1.42430513873,0.075386166029,1.91929520087,0.150132685549,-0.0130436639759,-0.0964076881965,0.00148303067159,-0.145642988935,-0.00772222672983,0.0483921978862,-0.0235279473108,0.573862610453,0.818937257558,0.00205411993089,0.0,0.818894319258,-0.573802467624,-0.0119820255757,0.0,-0.0086340343117,0.0085583083918,-0.999926101674,0.0,0.653525413573,0.250466827528,0.303367941178,1.0,-0.01808,-0.0237622857143,0.905
0.458979210729,0.50267996731,-0.124095078104,-1.42677822768,0.0752259541983,1.92023160815,0.149797305519,-0.0153388226651,-0.100270485734,-0.000582500934358,-0.150132274857,-0.0114978597786,0.0571275540194,-0.0174500316623,0.573868294851,0.81893300478,0.00215887658803,0.0,0.818891553416,-0.573807841258,-0.0119135199155,0.0,-0.00851775834066,0.0086048428323,-0.99992669955,0.0,0.653230664141,0.250075916055,0.303436227371,1.0,-0.01842,-0.0242091428571,0.922
0.458740602325,0.500869757585,-0.124092603767,-1.42949011911,0.0750566494519,1.92118240965,0.149406695715,-0.0100555592171,-0.0998025505807,0.00109964359913,-0.151886091496,-0.00728075685087,0.0577089404531,-0.0264119614438,0.573834450749,0.818956600114,0.00220389750335,0.0,0.818915631856,-0.573773715068,-0.0119020460322,0.0,-0.00848288401658,0.00863477641037,-0.999926737974,0.0,0.652883348273,0.249660967776,0.303491196112,1.0,-0.01878,-0.0246822857143,0.94
0.458527271502,0.499369699119,-0.124090108749,-1.43179031429,0.0749042334964,1.92202479206,0.14908689464,-0.01107642362,-0.0940708996432,0.00121781691253,-0.153962399084,-0.0121310623088,0.0556770738547,-0.0222269252146,0.573821209433,0.818965793395,0.00223511860489,0.0,0.818925266871,-0.573760386608,-0.0118816219584,0.0,-0.00844838209661,0.00864848829237,-0.999926911574,0.0,0.652597125196,0.249302714383,0.303515736961,1.0,-0.01908,-0.0250765714286,0.955
0.458274668248,0.497688093211,-0.124096446875,-1.43443723152,0.0747414045342,1.92300799129,0.148691134429,-0.0166587413244,-0.0991141302101,-0.000116253849387,-0.156578709996,-0.010532142307,0.0568378579119,-0.0231272707219,0.573798983577,0.818981329666,0.00224833396072,0.0,0.818940954429,-0.573738089822,-0.0118770512824,0.0,-0.00843729086387,0.00865645937706,-0.999926936248,0.0,0.652271384652,0.24888286503,0.303513872868,1.0,-0.01942,-0.0255234285714,0.972
0.457991117238,0.495914145965,-0.124093296507,-1.43728781529,0.0745684858098,1.92400129214,0.148271280071,-0.0096682199056,-0.0999181930532,0.00159697041344,-0.163802159836,-0.0114408672982,0.057239161669,-0.0215154356491,0.573782264082,0.818993225444,0.00218105543354,0.0,0.818951774274,-0.573721439104,-0.0119351844175,0.0,-0.00852368102753,0.00863454259611,-0.999926393059,0.0,0.651905586486,0.248424772474,0.303479408002,1.0,-0.01978,-0.0259965714286,0.99
0.457752480719,0.494431371771,-0.124095801834,-1.43970669909,0.0744135635597,1.92484790645,0.14794077987,-0.0156638146455,-0.095461658734,0.000567389388307,-0.159919938013,-0.012286607665,0.0578652836715,-0.0270528092542,0.573788527808,0.818989045575,0.00210130573942,0.0,0.818946480453,-0.573727956004,-0.0119850554642,0.0,-0.00861021706232,0.00859790980656,-0.999925967314,0.0,0.651595319795,0.248033093583,0.303434443602,1.0,-0.020988,-0.0275842285714,1.005
0.457462483156,0.492355784449,-0.124156652555,-1.44293259142,0.0742163406822,1.92604405072,0.147478252308,-0.0172747565945,-0.124139497277,-0.00655059701449,-0.187672990939,-0.0104835476229,0.0735707940219,-0.0294843054819,0.573799713822,0.818981141192,0.00212736725388,0.0,0.818939119739,-0.573739236787,-0.0119479384797,0.0,-0.0085647471243,0.00859807348621,-0.999926356408,0.0,0.651201383338,0.247502783762,0.303449383966,1.0,-0.025524,-0.0335458285714,1.023
0.457144850682,0.49024765845,-0.124157856374,-1.44636326563,0.0740192583637,1.92728188108,0.146979586354,-0.0235278288468,-0.137609334571,0.00247887352125,-0.227179277373,-0.00628064714802,0.0735718499617,-0.0331686102365,0.573770654875,0.819001666167,0.00206235814723,0.0,0.818958524823,-0.573710181094,-0.0120128943593,0.0,-0.00865555127584,0.0085817972756,-0.999925714335,0.0,0.650758326696,0.246968687138,0.303390504989,1.0,-0.029556,-0.0388450285714,1.039
0.456718375261,0.487566431021,-0.1241832722,-1.45058289356,0.0737718091023,1.92883150486,0.146365450768,-0.027954729309,-0.161752111006,-0.00434685623863,-0.25431341845,-0.0171755703686,0.103341720716,-0.0386925449411,0.573778295534,0.818996284881,0.00207360230525,0.0,0.818953170992,-0.573717654878,-0.012020944427,0.0,-0.00865561322218,0.00859570568129,-0.999925594334,0.0,0.650232800425,0.246276880371,0.303380912502,1.0,-0.03384,-0.0444754285714,1.056
0.456239273486,0.484511580403,-0.124233548171,-1.45528508773,0.073468149855,1.93060845969,0.145668281194,-0.0297963624095,-0.18781778808,-0.00150633520544,-0.295043748288,-0.0198548096806,0.102172765178,-0.0376714148191,0.573785973908,0.818990668723,0.0021650846103,0.0,0.818949052486,-0.573725257118,-0.0119384119178,0.0,-0.00853544856917,0.00862335332562,-0.999926389238,0.0,0.649662603593,0.245490743487,0.303419562759,1.0,-0.038124,-0.0501058285714,1.073
0.4556894595,0.481094224436,-0.12428742344,-1.46062167602,0.0731525850191,1.93243970317,0.144859316779,-0.0355805365947,-0.21440365704,-0.00354206891933,-0.329020238048,-0.0193611304298,0.124922841883,-0.0491145587102,0.573788330044,0.818989202348,0.00209419283991,0.0,0.818946416786,-0.573727660672,-0.0120035292147,0.0,-0.00862943060117,0.00860268233336,-0.999925760636,0.0,0.648971484282,0.244588837467,0.303410367277,1.0,-0.042408,-0.0557362285714,1.09
0.455116112486,0.477535572784,-0.124347023689,-1.46610343318,0.0728157721102,1.93442522003,0.144048265171,-0.0380415989668,-0.237302218437,-0.00187464323982,-0.351116310413,-0.0235760153508,0.127793389809,-0.0512174790865,0.573812061826,0.818972457308,0.00213980717229,0.0,0.818930314942,-0.573751247535,-0.0119746449889,0.0,-0.00857935257649,0.00862371472546,-0.99992601039,0.0,0.648282223736,0.243660448766,0.303440595046,1.0,-0.04644,-0.0610354285714,1.106
0.454395639157,0.473203512557,-0.124389909966,-1.47279933298,0.0724176028578,1.93686353387,0.143080826849,-0.0406229948056,-0.251764593765,-0.00300497608095,-0.3837863441,-0.0223295855558,0.142201276775,-0.0561530321813,0.573856058808,0.818941449698,0.00220740508533,0.0,0.818900002219,-0.573794772172,-0.0119621358763,0.0,-0.00852985562412,0.00867235514786,-0.999926013173,0.0,0.647432838516,0.242534653847,0.303463564092,1.0,-0.050976,-0.0669970285714,1.124
0.453686293436,0.468981655595,-0.124417715026,-1.4791765636,0.0720150794276,1.93919498301,0.142087689232,-0.04460217615,-0.272746537128,-0.00381847008478,-0.409932944005,-0.0278200887084,0.152915534178,-0.0649786493286,0.573835166084,0.818955626447,0.0023729678331,0.0,0.818916361211,-0.573773246504,-0.0118744195277,0.0,-0.00836323824383,0.0087573902919,-0.999926679493,0.0,0.646575238959,0.241380634708,0.303555090109,1.0,-0.05526,-0.0726274285714,1.141
0.452874186789,0.464162793809,-0.124438368134,-1.48650134004,0.0715454591032,1.94183654478,0.14092816963,-0.048523351765,-0.285241300323,5.94967200263e-05,-0.447057166371,-0.0302615820124,0.157984228963,-0.0675944634005,0.573786754872,0.818989267153,0.0024672095418,0.0,0.818951131043,-0.573724375185,-0.0118377862769,0.0,-0.0082796810643,0.00881305869614,-0.999926885766,0.0,0.645676836484,0.240219335057,0.303614762741,1.0,-0.059292,-0.0779266285714,1.157
0.451986851961,0.459036325791,-0.124470279011,-1.49442650658,0.0710188152007,1.94453641531,0.139758719184,-0.0552687076765,-0.313333171007,-0.000641759974672,-0.473169304073,-0.0246241267661,0.165336613221,-0.0732998626128,0.573803468761,0.818977832932,0.00237387984815,0.0,0.818938304661,-0.573741261914,-0.0119064871449,0.0,-0.00838931774041,0.00877621373213,-0.999926295994,0.0,0.644611508023,0.238859379874,0.303607901757,1.0,-0.063576,-0.0835570285714,1.174
0.451042597991,0.453651050214,-0.12450295116,-1.50278094761,0.0704596146651,1.9475061092,0.138440650737,-0.060365300909,-0.323441946312,0.000356783198644,-0.492297479003,-0.0375243916779,0.184967815354,-0.0740071481918,0.573752338137,0.81901370063,0.0023578728915,0.0,0.818973970646,-0.573690208188,-0.0119133259075,0.0,-0.00840465036383,0.00876650390098,-0.999926252411,0.0,0.643502786964,0.237429728241,0.30359178297,1.0,-0.06786,-0.0891874285714,1.191
0.450072090205,0.448153206021,-0.124541957454,-1.51089080081,0.0699066644268,1.95058835498,0.137158056355,-0.0618985959954,-0.345151323724,-0.00522874528387,-0.515437092942,-0.0399928277617,0.180655069437,-0.0756297673818,0.573742221075,0.819019628109,0.00273119552974,0.0,0.818985278303,-0.573679276494,-0.0116596975305,0.0,-0.00798284455436,0.00892664155478,-0.999928292061,0.0,0.64247671455,0.236019632197,0.303771190258,1.0,-0.071892,-0.0944866285714,1.207
0.448979932558,0.44215331163,-0.124563003092,-1.52022723063,0.0692875056431,1.95374035582,0.135730944582,-0.0679776387963,-0.355209195845,-0.000257619844386,-0.562551537412,-0.0353293864958,0.192792793486,-0.0929096242303,0.573730293036,0.819028496963,0.00257272541589,0.0,0.818991664135,-0.573667449767,-0.0117922880102,0.0,-0.00818248863476,0.00887280435439,-0.999927157458,0.0,0.641180522783,0.234402411724,0.303709737485,1.0,-0.076176,-0.100117028571,1.224
0.447811274749,0.435806289534,-0.124589320465,-1.53003192379,0.0686265390244,1.95705738463,0.134157822692,-0.0683756139364,-0.38834166726,-0.000379846194976,-0.575874557012,-0.0326890290694,0.209216741404,-0.0915758963365,0.573667155253,0.819073103767,0.00244797269775,0.0,0.819034284623,-0.573604405851,-0.0118984495289,0.0,-0.00834169266428,0.00883089328252,-0.999926213021,0.0,0.639811749991,0.232690310555,0.303668040371,1.0,-0.08046,-0.105747428571,1.241
0.446612815519,0.429526838638,-0.124609945375,-1.53945502949,0.0679591614495,1.96051483764,0.1326347969,-0.0768861360725,-0.393127060406,-0.000979947002168,-0.602786697901,-0.0476569803387,0.209440572672,-0.0992984426201,0.573639839847,0.819091496865,0.00268343171443,0.0,0.819056148533,-0.57357665538,-0.0117299980458,0.0,-0.00806894322205,0.00892684731477,-0.999927599155,0.0,0.638557069038,0.231017090509,0.303763396601,1.0,-0.084492,-0.111046628571,1.257
0.445147597715,0.422209611674,-0.12470505547,-1.55073520361,0.0671426078088,1.96426648585,0.130760669646,-0.0836380717074,-0.421075466231,-0.00932758699853,-0.646728814888,-0.0440191495717,0.206758491131,-0.0951395213611,0.573626195717,0.819101747227,0.00246214916714,0.0,0.819063642377,-0.573563959066,-0.0118271508655,0.0,-0.00827559924543,0.00880118987222,-0.999927024094,0.0,0.636973825858,0.228928002063,0.303698711952,1.0,-0.089028,-0.117008228571,1.275
0.4435938471,0.414484009884,-0.124824586057,-1.56230600544,0.0663242905062,1.96835407258,0.128906874434,-0.0878920756132,-0.436313902819,-0.0062404358922,-0.647484881137,-0.0477994011181,0.232413351621,-0.105433547888,0.573723576072,0.81903303766,0.00262457277079,0.0,0.81899753682,-0.573661264336,-0.0116848356256,0.0,-0.00806480595549,0.0088535547738,-0.999928284165,0.0,0.63539502653,0.226765938623,0.303787932871,1.0,-0.093564,-0.122969828571,1.293
0.44219960937,0.407877836007,-0.124849990511,-1.57235208208,0.065656611152,1.97177948494,0.127190927643,-0.0914846747381,-0.446462884844,-0.00207122161273,-0.675561618577,-0.0493034850445,0.232943111501,-0.116802904675,0.573704272918,0.819046566365,0.00262226269509,0.0,0.81901052463,-0.573641411829,-0.0117489608855,0.0,-0.00811886391034,0.00888826093456,-0.999927538808,0.0,0.633968433841,0.224908815591,0.303772862452,1.0,-0.097344,-0.127937828571,1.308
0.440407395692,0.399634113783,-0.124960039046,-1.58479578367,0.0647922182971,1.97597582356,0.125108585422,-0.100800846345,-0.47676286219,-0.00934470987965,-0.688755322391,-0.0511721435098,0.253211010258,-0.114660361567,0.57380500285,0.818976066617,0.00260152153295,0.0,0.818939615051,-0.573742051279,-0.0117776226408,0.0,-0.00815314573703,0.0088887189711,-0.999927255799,0.0,0.632200949207,0.22251939271,0.303778015101,1.0,-0.10188,-0.133899428571,1.326
0.438726825463,0.392018755128,-0.125013260917,-1.59613377716,0.0639183999181,1.9799403757,0.123152649189,-0.106555179056,-0.472297732329,0.000746139453926,-0.717448827079,-0.0492365682975,0.232403141474,-0.129549813186,0.573814176175,0.81896915904,0.00274857476638,0.0,0.818935258279,-0.573751413456,-0.0116234765159,0.0,-0.00794242304642,0.00892079214037,-0.999928666148,0.0,0.630601578509,0.22034368753,0.303848200458,1.0,-0.105912,-0.139198628571,1.342
0.436979178469,0.384263448448,-0.125054380658,-1.60800195817,0.0630278456633,1.98373143761,0.121065761269,-0.11367587673,-0.49251256964,-0.00612998537298,-0.743079262069,-0.0586715766596,0.231130059469,-0.140764663825,0.573766040556,0.819003826404,0.00245151822688,0.0,0.818965716461,-0.57370396805,-0.0118177496778,0.0,-0.00827249574223,0.00878850202787,-0.99992716137,0.0,0.628817207315,0.218068561115,0.303731592502,1.0,-0.109944,-0.144497828571,1.358
0.435018399396,0.375652564734,-0.125105296214,-1.6206957094,0.0621106081254,1.98807572568,0.118811390517,-0.121766593427,-0.504007921041,-0.00269441742395,-0.760510427268,-0.0550212050222,0.256955079702,-0.134967455893,0.573776954922,0.81899553757,0.00265750667526,0.0,0.818960065638,-0.573714080817,-0.0117179889213,0.0,-0.00807248705677,0.0089000751963,-0.999927809201,0.0,0.626966651182,0.215608835074,0.30382434181,1.0,-0.114228,-0.150128228571,1.375
0.432784975298,0.366324617012,-0.125204666187,-1.63468743408,0.061032044421,1.99259032615,0.116375230747,-0.128583524951,-0.519016133811,-0.01312553115,-0.801363933407,-0.0626390512576,0.250131197569,-0.12809820231,0.573881909309,0.818922538589,0.00248532892498,0.0,0.81888485002,-0.573819674919,-0.0118038122673,0.0,-0.00824043592507,0.00880936213256,-0.99992724253,0.0,0.624859949715,0.212809105425,0.303774820396,1.0,-0.118764,-0.156089828571,1.393
0.430598816343,0.357198510698,-0.125303523445,-1.6481152504,0.0599716767337,1.99703600457,0.113874934747,-0.134289634933,-0.531584066467,-0.0049772757026,-0.812394740501,-0.0555851238376,0.251732921821,-0.156733675773,0.573864225123,0.818934730645,0.00255048408697,0.0,0.818898330621,-0.573802228607,-0.0117163754189,0.0,-0.00813162985376,0.00881236552746,-0.999928106821,0.0,0.622842132253,0.210109986585,0.303830409302,1.0,-0.123048,-0.161720228571,1.41
0.428240850487,0.347880241667,-0.125360751083,-1.66197090499,0.0589666997508,2.00143141491,0.111274995817,-0.141034907618,-0.552684649076,-0.00624938859293,-0.822121101249,-0.0664148371967,0.260966875301,-0.157446656342,0.5738933127,0.818914669229,0.00244480307099,0.0,0.818875997417,-0.573830746338,-0.0118794912685,0.0,-0.00832554678447,0.0088197209575,-0.999926446191,0.0,0.620691678309,0.207300949562,0.303783779686,1.0,-0.127332,-0.167350628571,1.427
