position_joint1,position_joint2,position_joint3,position_joint4,position_joint5,position_joint6,position_joint7,velocity_joint1,velocity_joint2,velocity_joint3,velocity_joint4,velocity_joint5,velocity_joint6,velocity_joint7,ee_T_00,ee_T_10,ee_T_20,ee_T_30,ee_T_01,ee_T_11,ee_T_21,ee_T_31,ee_T_02,ee_T_12,ee_T_22,ee_T_32,ee_T_03,ee_T_13,ee_T_23,ee_T_33,v_x,v_y,time
0.465093506386,0.547698907754,-0.124027235579,-1.35582626102,0.0795178133719,1.89413616495,0.159139709463,0.00210720165285,-0.00166803482878,-0.0012554214439,-0.000577956545723,-0.000180584146089,-0.000201599032025,0.00184280850025,0.57380506687,0.818977584181,0.00205152253552,0.0,0.8189358474,-0.57374616844,-0.0118388743122,0.0,-0.00851888350427,0.0084734345523,-0.99992781216,0.0,0.661690640999,0.260888397912,0.303280283118,1.0,0.0,0.0,0.0
0.465087901725,0.547697908195,-0.12402780687,-1.3558209713,0.0795185254547,1.8941384018,0.159138183584,-0.0025371913911,-0.00188103452877,-6.13319718755e-05,0.00164146455444,0.000251646006641,7.27350269248e-05,0.00149830466528,0.573808719546,0.818975006612,0.00205883934417,0.0,0.818933370304,-0.573749796648,-0.0118343884677,0.0,-0.00851097358117,0.00847689074272,-0.999927850223,0.0,0.661693880628,0.260885268798,0.303283723575,1.0,-0.0001,-0.000131428571429,0.006
0.465085827237,0.54769715919,-0.124025078672,-1.35582732981,0.0795191980997,1.89413946596,0.159139473533,-0.000986123351208,-0.000267421181748,0.000354277490728,-0.000920256553299,0.000346190963866,0.0001108343326,-0.00497285725564,0.57381010054,0.818974045768,0.00205615615232,0.0,0.81893234955,-0.573751163312,-0.011838765129,0.0,-0.00851608335124,0.00847721901054,-0.999927803935,0.0,0.661692531344,0.260884910462,0.303281231052,1.0,-0.00042,-0.000552,0.022
0.465087454777,0.547683581423,-0.124025111912,-1.35584116102,0.079518407003,1.89414289072,0.159135030101,-0.000942579885523,-0.00526826263472,0.00515558785567,-0.000304740050776,9.76705083442e-05,0.00020854994827,-0.000838391785016,0.573805697296,0.818977123459,0.00205910225996,0.0,0.818935462838,-0.573746746095,-0.0118374808509,0.0,-0.00851338670385,0.00847884906032,-0.999927813077,0.0,0.66169003044,0.260884609575,0.303284563637,1.0,-0.00078,-0.00102514285714,0.04
0.465087138568,0.54761085139,-0.12402010354,-1.35590373879,0.0795183099336,1.89415180221,0.159139187094,0.000613544020547,-0.00766692740868,-0.00141134084131,-0.00737562414598,-0.000179519791255,0.000183418583068,-0.000909722590854,0.573809184319,0.818974627623,0.00207995257809,0.0,0.818933163122,-0.573750074447,-0.0118352571315,0.0,-0.00849956599854,0.00849468493374,-0.999927796246,0.0,0.661678324267,0.260881418506,0.303306908841,1.0,-0.00112,-0.001472,0.057
0.465081165231,0.547488044101,-0.124023317827,-1.35606082211,0.079515769455,1.89418499879,0.159138435304,-0.00060317592111,-0.00992550804105,0.00014735923571,-0.0149300765034,5.79274647332e-06,0.000380807796671,-0.000477797504365,0.573823624021,0.818964501519,0.0020834271963,0.0,0.818923004554,-0.573764420866,-0.0118426711822,0.0,-0.00850349462128,0.0085019346438,-0.99992770123,0.0,0.661654615912,0.260860413634,0.303322121668,1.0,-0.00144,-0.00189257142857,0.073
0.465063876335,0.547334779136,-0.12402508795,-1.35627058762,0.0795116283037,1.89425657651,0.159123522146,7.98657420667e-05,-0.00988619684515,0.000205946728603,-0.015934046861,7.03250752172e-05,0.00274674503653,-0.00151254702563,0.573837387094,0.818954812894,0.00210107408099,0.0,0.818913470687,-0.57377803688,-0.0118422473203,0.0,-0.00849287879111,0.00851628609231,-0.999927669325,0.0,0.661629994363,0.260829253884,0.303337113959,1.0,-0.00178,-0.00233942857143,0.09
0.465042740946,0.547144145891,-0.124028063583,-1.35648178382,0.0795101541519,1.89437688976,0.159118566818,-0.00218609055251,-0.00562493570335,-3.0248471263e-05,-0.0127355867253,0.000412419859949,0.00900972049858,0.000640797992711,0.573864341335,0.818935689953,0.00219097400574,0.0,0.818895492603,-0.573804609399,-0.0117978527098,0.0,-0.00840465348089,0.00856471060939,-0.999928001174,0.0,0.661616882396,0.260798928622,0.303382168274,1.0,-0.00214,-0.00281257142857,0.108
0.465026706288,0.546939434195,-0.124022268441,-1.35671140808,0.0795041508768,1.89449894029,0.159104496724,-0.00134244974725,-0.0179105029669,0.000958438303084,-0.0191951873826,0.000128698935899,0.00374808937508,-0.00369662555633,0.573873307125,0.818929166153,0.00227927494305,0.0,0.81889007234,-0.573813190122,-0.0117566647855,0.0,-0.00832015785215,0.00861347756037,-0.999928288918,0.0,0.661597161048,0.260774433674,0.303428268068,1.0,-0.00246,-0.00323314285714,0.124
0.464996245329,0.546705507634,-0.124020262248,-1.35704531787,0.0794998435877,1.89463648347,0.159080166816,-0.00107978744197,-0.0133397068324,0.00266615724112,-0.0242914769662,4.92691376373e-05,0.00615571770148,0.000755047508525,0.573894535663,0.818914174954,0.00232010700664,0.0,0.818875483008,-0.573834128336,-0.0117508887265,0.0,-0.00829177240695,0.00864381599526,-0.999928262905,0.0,0.661561899613,0.26072752237,0.303446883824,1.0,-0.00282,-0.00370628571429,0.142
0.464962189465,0.546478682727,-0.124025771796,-1.35738675314,0.0794921962575,1.89475491576,0.158992718793,-0.00232167703843,-0.0111394800343,-0.000124468960265,-0.0248978662385,-0.000295891455491,0.00203844380071,-0.00268010636527,0.573871682881,0.818930161446,0.00233005616208,0.0,0.818891496746,-0.573811134546,-0.0117577773944,0.0,-0.00829194601555,0.00865568532707,-0.999928158791,0.0,0.66152374013,0.260671052226,0.303455456622,1.0,-0.00312,-0.00410057142857,0.157
0.464927425242,0.546195925209,-0.124023293362,-1.35780228469,0.0794768151125,1.8949066007,0.158925399209,-0.00374403058457,-0.0234206859074,0.000289037013887,-0.0308968089952,-0.00457610025863,0.0106262118326,0.000893257021672,0.573862417951,0.818936589269,0.002352641207,0.0,0.818898116289,-0.57380167947,-0.0117581749148,0.0,-0.00827940958929,0.00867431514747,-0.999928101232,0.0,0.66147544582,0.260611683844,0.303470966057,1.0,-0.00344,-0.00452114285714,0.173
0.464890192623,0.545880572137,-0.124026133687,-1.35833615059,0.0794509761781,1.89508082702,0.15888467335,0.000436608626343,-0.0141836399123,0.000661192739298,-0.0347101774897,-1.85771009138e-05,0.0108655364622,-0.000905955288931,0.573884450165,0.818921250524,0.00231736913359,0.0,0.818882240501,-0.573823760201,-0.0117862344369,0.0,-0.00832239660593,0.00866175586314,-0.999927853247,0.0,0.661407754254,0.26053381365,0.303455324078,1.0,-0.0038,-0.00499428571429,0.191
0.464825941087,0.54553915192,-0.124023638317,-1.35891733261,0.0793667799331,1.89527073796,0.158820703521,-0.00394976415233,-0.0237488941758,0.000344927264209,-0.0353751004217,-0.0121058877812,0.0178159523271,-0.00208698837751,0.573892957677,0.81891548143,0.00224817786649,0.0,0.818875952139,-0.573832924256,-0.0117769669387,0.0,-0.00835442291952,0.00859986275391,-0.999928120406,0.0,0.661342040879,0.260427504356,0.303436671288,1.0,-0.00414,-0.00544114285714,0.208
0.464770662192,0.545187281594,-0.124031470727,-1.35954658203,0.0793433421584,1.8954651118,0.158711736994,-0.0026357113373,-0.0170149517345,-0.00143510866028,-0.0469679644155,-0.000164184532728,0.0130095880734,-0.00962795178248,0.573883241527,0.818922464682,0.00218376605187,0.0,0.818881943539,-0.573823301215,-0.0118291348228,0.0,-0.0084342107839,0.00857695395831,-0.999927647357,0.0,0.661263011706,0.260325723656,0.303403355107,1.0,-0.00446,-0.00586171428571,0.224
0.464710848765,0.544772916769,-0.124026488651,-1.36024561483,0.0793201301994,1.89569347505,0.158649222853,-0.00448414331339,-0.0249839624578,0.000293707392905,-0.043930071947,-0.000718794572854,0.0211923768083,-0.00444254492885,0.573910261682,0.818903625605,0.00214718607707,0.0,0.818862385754,-0.5738502173,-0.0118772136218,0.0,-0.00849429364157,0.0085748697843,-0.999927156639,0.0,0.661174524737,0.260223253344,0.303383560114,1.0,-0.0048,-0.00630857142857,0.241
0.464636382584,0.544315343459,-0.124028953093,-1.36102403959,0.0792883072214,1.89596826688,0.158553963563,-0.00586582780623,-0.0300852519176,0.000126431994509,-0.041319176225,-0.000534668381139,0.0148469204035,-0.00389734855227,0.573929916336,0.818889935262,0.00211470134613,0.0,0.818848119673,-0.573869847047,-0.011912281892,0.0,-0.0085414488587,0.0085685991427,-0.999926808702,0.0,0.661084092073,0.260099688317,0.303360782054,1.0,-0.00516,-0.00678171428571,0.259
0.46457884088,0.543893732975,-0.12403445764,-1.36172423665,0.0792574386706,1.89622070282,0.158452417698,-0.00111260962472,-0.0221896266005,-0.00104761759644,-0.0447486798992,-0.000352240422882,0.0205470645544,-0.0120227880749,0.573928568186,0.818890926391,0.00209671065861,0.0,0.818848781494,-0.573868477551,-0.0119327457258,0.0,-0.0085685460193,0.00856559755115,-0.999926602585,0.0,0.661002395033,0.259993009143,0.303347905219,1.0,-0.00546,-0.007176,0.274
0.464487684373,0.543342620099,-0.124030046588,-1.36261318104,0.0792065285331,1.89651704424,0.15834992293,-0.0077866981423,-0.031214355511,0.000202894773351,-0.0483638250793,-0.0111222275439,0.0166170197727,-0.0130415869168,0.573951967032,0.818874608906,0.00206429903281,0.0,0.818831940148,-0.573891906315,-0.011961628718,0.0,-0.00861055531109,0.00855587904089,-0.999926324922,0.0,0.660896897788,0.259848892467,0.303340218477,1.0,-0.00582,-0.00764914285714,0.292
0.464422656581,0.542869489645,-0.124037900043,-1.36338386122,0.0791579993039,1.89678122397,0.158246756121,-0.00583786096295,-0.0318211113522,-0.000947114212875,-0.0492262971339,-0.0018937263492,0.0222608481959,-0.00876275978765,0.573956092678,0.818871795844,0.0020328672458,0.0,0.818828735344,-0.57389618059,-0.0119759333436,0.0,-0.00864026564785,0.00853839441461,-0.999926218093,0.0,0.660805932051,0.259726164713,0.303331210701,1.0,-0.00612,-0.00804342857143,0.307
0.464346739709,0.542318474624,-0.124038590688,-1.36423229095,0.079109781571,1.89708653798,0.158146407412,-0.00139090131656,-0.0301519667763,-3.31653669277e-05,-0.0525977084222,-0.000890879663104,0.018152875141,-0.00280646622921,0.573970824318,0.818861449345,0.00204120287649,0.0,0.818818456021,-0.573910834402,-0.0119765244141,0.0,-0.00863581195997,0.00854571470968,-0.999926194032,0.0,0.660708368629,0.25959503799,0.303343561529,1.0,-0.00644,-0.008464,0.323
0.464235193306,0.541515374787,-0.124041779501,-1.36547844269,0.0790374270021,1.89754426351,0.157977049716,2.43195491936e-05,-0.0372585333863,-0.00165851911227,-0.0557793008498,-0.00440808363722,0.0186691284122,-0.0113878083173,0.573975607567,0.818858063577,0.00205439391154,0.0,0.818815216198,-0.573915536058,-0.0119727229629,0.0,-0.00862507821758,0.00855438463009,-0.999926212542,0.0,0.660567123099,0.259401467244,0.303358060308,1.0,-0.00688,-0.00904228571429,0.345
0.464163000732,0.541012724455,-0.12404494915,-1.36626222848,0.0789927064931,1.89783171004,0.15787597732,-0.0056510100747,-0.0408071475944,-0.000742365918191,-0.0606565775254,-0.00196700969076,0.0180527534334,-0.00793918689833,0.573985715747,0.818850963481,0.00206024895098,0.0,0.818808174212,-0.573925600434,-0.0119718800622,0.0,-0.00862092188684,0.00855880161177,-0.999926210588,0.0,0.660478739079,0.259277771845,0.303365360172,1.0,-0.00714,-0.009384,0.358
0.464069428913,0.540260463073,-0.124048158981,-1.36738643736,0.0789165107642,1.89823841404,0.157742561597,-0.00567066648995,-0.0404405500911,0.000454388576619,-0.0626864004068,-0.0104029528616,0.021086532329,-0.00442006717465,0.573997167555,0.81884287288,0.00208520340471,0.0,0.818800482151,-0.573937020027,-0.0119504967574,0.0,-0.00858896903319,0.00856708178565,-0.999926414653,0.0,0.660349268649,0.259105813776,0.303397288794,1.0,-0.0075,-0.00985714285714,0.376
0.463966677802,0.539566707662,-0.124050648891,-1.3684593449,0.0788606392333,1.89865219294,0.157605232564,-0.0014304104835,-0.0474592617206,-0.00103015061347,-0.069853220877,-0.00148993933784,0.0233553911806,-0.0102010132791,0.57400923174,0.818834328913,0.00211909683953,0.0,0.818792330208,-0.573948893416,-0.0119387871994,0.0,-0.00855980032108,0.00858823965765,-0.999926483277,0.0,0.660222019643,0.258929065825,0.303415132113,1.0,-0.00784,-0.010304,0.393
0.463870289447,0.53880967751,-0.124060273961,-1.36962205058,0.0787931639175,1.89909003985,0.15745361943,-0.00379710652183,-0.0436696895284,-0.000689474669757,-0.0678902625496,-0.0003155880896,0.0238328169772,-0.0103413484048,0.574022984902,0.818824622189,0.00214424868478,0.0,0.818782972534,-0.573962563535,-0.0119233573048,0.0,-0.00853258434702,0.00860012104109,-0.999926613768,0.0,0.66010162755,0.258758797592,0.303432471226,1.0,-0.00816,-0.0107245714286,0.409
0.463749047717,0.537981778322,-0.124063461887,-1.37089655057,0.0787189583841,1.89959012717,0.157305222408,-0.0123882051669,-0.0482704398749,-0.000293789077915,-0.0748095182704,-0.00980516423316,0.0286900077149,-0.0130191545209,0.57405367678,0.818802986841,0.00218902201785,0.0,0.818761943177,-0.573993093664,-0.0118977196403,0.0,-0.00848556823147,0.00862238363344,-0.999926822139,0.0,0.659964348343,0.258558422829,0.303454034905,1.0,-0.00852,-0.0111977142857,0.427
0.463647877765,0.537230540783,-0.12406984243,-1.37208232831,0.0786501245369,1.90002821614,0.157159265554,-0.0119900980377,-0.0461705907638,-4.76025314445e-05,-0.0726857705548,-0.00415078394235,0.0262004630639,-0.00907921018397,0.574068451311,0.818792622194,0.00219133539132,0.0,0.818751601172,-0.574007849451,-0.0118975312252,0.0,-0.00848393041604,0.00862432273014,-0.999926819313,0.0,0.659828197812,0.258375647552,0.303458280361,1.0,-0.00884,-0.0116182857143,0.443
0.463544633187,0.536426367089,-0.124071253119,-1.37331813027,0.0785905068262,1.90049564839,0.157005815601,-0.00171069279029,-0.0491671167725,-0.00140230287814,-0.0773634829334,-0.00379890852069,0.0317338482052,-0.00950238012921,0.574080475584,0.81878408938,0.00222922225413,0.0,0.818743438897,-0.57401959538,-0.0118925306303,0.0,-0.00845796044821,0.00865259732389,-0.999926795053,0.0,0.659686335222,0.25819263305,0.303478353656,1.0,-0.00916,-0.0120388571429,0.459
0.463431025104,0.535521319109,-0.124079196444,-1.37476824443,0.0784910924984,1.90101626186,0.156830908165,-0.00948215124311,-0.0505898070287,-0.000271565151633,-0.0782368976771,-0.00220966473816,0.029517681358,-0.010920281697,0.574088854846,0.818778295077,0.00219935313773,0.0,0.818737357004,-0.574028196445,-0.011896084781,0.0,-0.00847792852646,0.00863026842358,-0.99992681892,0.0,0.65951406757,0.257972074741,0.303472237452,1.0,-0.00952,-0.012512,0.477
0.463309668265,0.534675613562,-0.124080117589,-1.37613375615,0.0784225517931,1.901511739,0.156663840063,-0.00567728010793,-0.0505313957458,0.00028405375551,-0.0890017659718,-0.00609242505983,0.0304838848221,-0.00604730167448,0.574108653528,0.81876445069,0.00218520741925,0.0,0.818723174687,-0.574047893401,-0.0119216698944,0.0,-0.00850678956878,0.00863358002967,-0.999926545216,0.0,0.659353208694,0.257763040219,0.303461988237,1.0,-0.00984,-0.0129325714286,0.493
0.463199078386,0.533818132546,-0.124088574191,-1.37753013389,0.0783365861298,1.90200462456,0.156499289678,-0.00673501556572,-0.0546985164235,-0.00136226172455,-0.0853327030435,-0.00868709693481,0.0302000480742,-0.00531375146871,0.574123773266,0.818753961566,0.00214249685042,0.0,0.818712128002,-0.574063184105,-0.0119439950405,0.0,-0.00854942929546,0.00861158545587,-0.999926371217,0.0,0.659184540279,0.257550255633,0.303445187419,1.0,-0.01016,-0.0133531428571,0.509
0.46305327553,0.532781667745,-0.124085869018,-1.37920166721,0.0782581750849,1.90264931948,0.156285303453,-0.00817553686544,-0.0605651381622,-0.000240232660921,-0.0871295894627,4.81812338306e-05,0.0364028690725,-0.0106668529662,0.574136721488,0.818744832556,0.00216127332013,0.0,0.818703039471,-0.574075847673,-0.0119583101287,0.0,-0.00855023442922,0.00863531226469,-0.99992615971,0.0,0.658992551746,0.25730194066,0.303436298765,1.0,-0.01054,-0.0138525714286,0.528
0.462930811209,0.531943066268,-0.124080287654,-1.38056231642,0.0781720149289,1.90315311392,0.156109577689,-0.00849630907506,-0.0542282442383,0.00108094287347,-0.0844871345038,-0.00685600134661,0.0352579539571,-0.00847199079342,0.574144412115,0.818739488541,0.002142625204,0.0,0.818697500316,-0.574083662396,-0.0119623763401,0.0,-0.00856418864935,0.00862245943898,-0.999926151206,0.0,0.658821571414,0.257078003638,0.303427489507,1.0,-0.01086,-0.0142731428571,0.544
0.462804705375,0.530930602659,-0.12408879595,-1.38218972777,0.0780823121223,1.90372120211,0.155911018436,-0.0048714778928,-0.0578861407338,-0.00124627848611,-0.0975947846796,-0.000772817759226,0.0333726633817,-0.0160555815436,0.574151479149,0.818734626306,0.00210655631761,0.0,0.818691990925,-0.574090701005,-0.0120015797454,0.0,-0.00861692041726,0.0086155114239,-0.999925758067,0.0,0.658632627982,0.256850355182,0.303411779582,1.0,-0.01118,-0.0146937142857,0.56
0.462657072441,0.529901820036,-0.124086517958,-1.38382823011,0.0779737926618,1.90430838796,0.155685899561,-0.010502271267,-0.0643140556614,-0.000453001616481,-0.10002137594,-0.00799120953166,0.035753487774,-0.0161975009688,0.574146234176,0.818738365375,0.00208272557101,0.0,0.8186954374,-0.57408557506,-0.0120116688894,0.0,-0.00863891777072,0.00860173799145,-0.99992568684,0.0,0.658437537357,0.256595766035,0.303407490942,1.0,-0.01152,-0.0151405714286,0.577
0.462514175535,0.528847039691,-0.124089723983,-1.38548255148,0.0778698869627,1.90493327449,0.15546527453,-0.00803458365432,-0.0609581973658,0.00091398731289,-0.0970214571287,-0.00123186960122,0.0361426823504,-0.0118671537126,0.574146774764,0.818737941058,0.00210042878546,0.0,0.818695289301,-0.574086086386,-0.0119973161594,0.0,-0.00861699689329,0.00860799726153,-0.999925822123,0.0,0.658246274063,0.256342886829,0.303417194569,1.0,-0.01186,-0.0155874285714,0.594
0.462384669191,0.527812525975,-0.124098176193,-1.38711628663,0.0777651493408,1.90556057877,0.155220058261,-0.00767229172711,-0.063339099301,-0.00214002287583,-0.100909437398,-0.00411961411072,0.0384331718481,-0.0140586881452,0.574118464013,0.818757748776,0.00211778191564,0.0,0.818715422608,-0.574057806205,-0.0119765946712,0.0,-0.00859036584167,0.00861001062219,-0.99992603393,0.0,0.658057116152,0.256097999604,0.303422563646,1.0,-0.01218,-0.016008,0.61
0.462230926703,0.526575422081,-0.124095655288,-1.3889982332,0.0776474094739,1.90627566397,0.154973011562,-0.00326044360474,-0.0744391241968,-0.00110601265359,-0.107739085068,-0.00797755532638,0.0369712780467,-0.0180004874091,0.574110339136,0.81876329388,0.00217577386985,0.0,0.818721752103,-0.574049472306,-0.0119433194375,0.0,-0.00852991394791,0.00863830288166,-0.99992630743,0.0,0.657836559286,0.255820629911,0.303459329243,1.0,-0.01254,-0.0164811428571,0.628
0.46207783001,0.525418262847,-0.124096819086,-1.39083255107,0.0775297602538,1.90694311534,0.154735769899,-0.00873728021959,-0.0639121045545,6.22670386766e-05,-0.112145738012,-0.00305088160867,0.0340835316666,-0.0156098832583,0.57410939115,0.81876399187,0.0021632179845,0.0,0.818722303543,-0.574048593032,-0.0119477788702,0.0,-0.00854078331785,0.00863057302937,-0.999926281398,0.0,0.657615615659,0.255542985891,0.303458206028,1.0,-0.01288,-0.016928,0.645
0.46194014301,0.524294240497,-0.124102796177,-1.39258746923,0.0774225168315,1.90756874368,0.1544956706,-0.00725071002748,-0.0713139477462,-1.5415708024e-06,-0.10843152252,-0.0131005269192,0.0427893627197,-0.0190748840402,0.574095098182,0.818774028509,0.00215763370642,0.0,0.818732241447,-0.574034298535,-0.0119535694628,0.0,-0.00854888106539,0.00862917605342,-0.999926224255,0.0,0.657400124839,0.255280546629,0.303467798687,1.0,-0.0132,-0.0173485714286,0.661
0.461770689435,0.523029155767,-0.124106117348,-1.39461072859,0.077304450888,1.90832093252,0.154214597149,-0.00687315481484,-0.0710013092907,0.000507701462119,-0.113032156307,-0.0015769426015,0.0387084171214,-0.0199881786465,0.574082911999,0.818782584816,0.00215310311639,0.0,0.818740680029,-0.574022073319,-0.0119626547456,0.0,-0.00855904944715,0.00863055494621,-0.999926125368,0.0,0.657158001131,0.25497561765,0.303459457363,1.0,-0.01356,-0.0178217142857,0.679
0.46161698073,0.521861956867,-0.124109121315,-1.39643966035,0.0771863503821,1.90904363391,0.153968009164,-0.0111601379403,-0.0700678966744,-0.000341758831382,-0.116388642393,-0.00715829184033,0.0469541629285,-0.0169017985324,0.574075320502,0.818787788349,0.00219794052381,0.0,0.818746584718,-0.574014418036,-0.0119258039977,0.0,-0.00850321684215,0.0086460325124,-0.999926468009,0.0,0.656948450388,0.254701018807,0.303471876397,1.0,-0.01388,-0.0182422857143,0.695
0.461463897695,0.520694480037,-0.124111770183,-1.39833452992,0.0770609655615,1.90975611294,0.153712678891,-0.00961640906114,-0.0741590716509,0.000374675406061,-0.119667717707,-0.0138181309138,0.0400129064847,-0.0169855977867,0.574060930338,0.818797933844,0.002176853993,0.0,0.818756536899,-0.574000197786,-0.0119269915871,0.0,-0.00851644541396,0.00862929946404,-0.999926499973,0.0,0.6567208634,0.25441741467,0.303451930225,1.0,-0.0142,-0.0186628571429,0.711
0.461291147177,0.519366421259,-0.12411738714,-1.40039379481,0.076936666123,1.91049316749,0.153438352909,-0.00968178498437,-0.0770462286951,-0.00290824644847,-0.119692752065,-0.00610775098218,0.0432701253622,-0.0137902325744,0.574053890231,0.818802835267,0.00218974217802,0.0,0.818761566436,-0.573993065939,-0.0119249520885,0.0,-0.00850745154892,0.00863860819298,-0.999926496157,0.0,0.656452703681,0.254086955137,0.303476534121,1.0,-0.01456,-0.019136,0.729
0.461114580547,0.518019541749,-0.124117417939,-1.40249084154,0.0767989291564,1.91124627274,0.153144378063,-0.00778565093184,-0.0804846229639,-4.97299862509e-05,-0.122404166293,-0.00459669745173,0.0473302632778,-0.0166909083479,0.574035531595,0.818815732678,0.00217974472112,0.0,0.818774347449,-0.573974764208,-0.0119283239992,0.0,-0.00851614485482,0.0086321670655,-0.999926477782,0.0,0.656210674143,0.253785420327,0.303480785368,1.0,-0.01488,-0.0195565714286,0.745
0.460934904997,0.516752136782,-0.124120988916,-1.40448864117,0.0766708089017,1.91196446642,0.152880848088,-0.0155917550942,-0.0771243867286,-0.000525062824971,-0.124412567448,-0.00852455830886,0.0485114990841,-0.0162427238096,0.57404045232,0.818812321718,0.00216513396807,0.0,0.818770755695,-0.573979753437,-0.0119347879499,0.0,-0.00852977259388,0.00862396548639,-0.999926432393,0.0,0.655967569881,0.25347304196,0.303481419992,1.0,-0.0152,-0.0199771428571,0.761
0.46073909246,0.515286399647,-0.124124535038,-1.40679387545,0.0765336770938,1.91284853791,0.152561109472,-0.0103488054247,-0.0797758807669,-0.000330005759048,-0.124792865394,-0.00110987424948,0.047771365903,-0.0217223110102,0.574026475645,0.818822021473,0.00220211487532,0.0,0.818780929801,-0.57396562103,-0.0119164496459,0.0,-0.00849367668545,0.00864357367316,-0.999926570349,0.0,0.655693721004,0.25312599756,0.303488818702,1.0,-0.01556,-0.0204502857143,0.779
0.460554305327,0.513890456451,-0.124136458535,-1.40904398693,0.0763914465223,1.91364305863,0.152253007579,-0.0104086120131,-0.0826903943288,-0.000701539131035,-0.133331794017,-0.00830420391036,0.0416452846983,-0.0181015238185,0.574013824516,0.818831039429,0.00214593388507,0.0,0.818789212187,-0.573953196331,-0.0119457661484,0.0,-0.00855006311487,0.00861426828017,-0.999926342689,0.0,0.655411695779,0.25278017585,0.303465579407,1.0,-0.0159,-0.0208971428571,0.796
0.460366128085,0.512573099574,-0.124136222091,-1.41119427214,0.0762702296088,1.91438585638,0.151961352283,-0.012698483962,-0.0843439638437,-0.000483320331743,-0.136784131634,-0.0108101357666,0.0449444425855,-0.0174826564236,0.574008905675,0.818834669762,0.00207525985096,0.0,0.818791700246,-0.573948350911,-0.0120078722109,0.0,-0.00864153648351,0.00859199655162,-0.999925747965,0.0,0.655137122853,0.252449987201,0.303429545581,1.0,-0.01622,-0.0213177142857,0.812
0.460165742486,0.51104226093,-0.124137422713,-1.41363704099,0.076117559793,1.91531338801,0.151602650544,-0.00923887229795,-0.0847997536968,0.000562323106757,-0.135898876631,-0.00441113721284,0.0486580767796,-0.0146096968405,0.573966900101,0.818864091342,0.00208432230598,0.0,0.818821259453,-0.573906331816,-0.0120005945464,0.0,-0.00863081634983,0.00859479694334,-0.999925816486,0.0,0.654839645427,0.252086514209,0.303419390929,1.0,-0.01658,-0.0217908571429,0.83
0.459962653595,0.509555575009,-0.124140175481,-1.41599011438,0.0759622395774,1.9161940686,0.151289737689,-0.0111253911646,-0.0909332723333,-0.00127408931361,-0.140396107974,-0.00885865630477,0.0524183034589,-0.0295375105488,0.573959668718,0.818869150471,0.00208805992039,0.0,0.818826453063,-0.573899171091,-0.0119886649282,0.0,-0.00861897794958,0.00859093425107,-0.999925951792,0.0,0.654553217284,0.251726932497,0.303416453922,1.0,-0.01692,-0.0222377142857,0.847
0.459778792566,0.5082575268,-0.124138723226,-1.41807751069,0.0758342162861,1.91694331041,0.150995366837,-0.0105699941981,-0.0857273219232,0.000939547065146,-0.140931151221,-0.00644096797443,0.0506079211464,-0.0161936517213,0.573941981114,0.818881634065,0.00205392495994,0.0,0.818838404602,-0.573881543167,-0.0120161750401,0.0,-0.00866128218303,0.00857858510965,-0.999925692273,0.0,0.654290894496,0.251407025131,0.303396041518,1.0,-0.01722,-0.022632,0.862
0.459548375081,0.506640699209,-0.124146436671,-1.42061212068,0.0756822387864,1.91787328235,0.150653270477,-0.0175838501424,-0.0822506714272,-0.000508495110081,-0.138644946928,-0.00446512265026,0.0593624855533,-0.0123106195787,0.57394633465,0.818878557217,0.00206406719642,0.0,0.818835408758,-0.57388580234,-0.0120169104826,0.0,-0.00865601811429,0.00858735836506,-0.99992566255,0.0,0.653980229748,0.2510108729,0.303401180465,1.0,-0.01758,-0.0231051428571,0.88
0.459327516735,0.505044329983,-0.124146975051,-1.42306915076,0.0755196377934,1.91881220218,0.150307108723,-0.0122543720742,-0.0894051796168,0.000177921388335,-0.14108372059,-0.00584713680908,0.0525131779399,-0.0162111910672,0.573927061656,0.818891914783,0.00212289963608,0.0,0.818849649021,-0.573866400379,-0.0119730412273,0.0,-0.00858653120125,0.00861015376475,-0.999926065634,0.0,0.653684884393,0.250633070478,0.303428831434,1.0,-0.01792,-0.023552,0.897
0.459119825323,0.503471846175,-0.124150438786,-1.4254093855,0.0753772981548,1.91969809531,0.14997583745,-0.00646030953189,-0.0961780665259,-0.00274867234633,-0.142749938199,-0.0113175398235,0.0558415237944,-0.0170511778041,0.57391033212,0.818903370899,0.0022241216421,0.0,0.818862433726,-0.573849268693,-0.0119196624942,0.0,-0.00848490457939,0.00866223389641,-0.999926483347,0.0,0.653401625079,0.250275446642,0.303490236727,1.0,-0.01824,-0.0239725714286,0.913
0.458877668912,0.501781776918,-0.124161054259,-1.4279245143,0.0752160096476,1.92061573303,0.149625684496,-0.0146987761246,-0.0909933956959,-0.000668691300323,-0.146288414674,-0.00445795761488,0.0530150776749,-0.0238623476047,0.573914565194,0.818900197362,0.00229902593214,0.0,0.818860299108,-0.573853268283,-0.0118736652622,0.0,-0.00840420508857,0.00869721794705,-0.999926861194,0.0,0.6530959657,0.249871179208,0.303552847332,1.0,-0.01858,-0.0244194285714,0.93
0.458645521368,0.500069653844,-0.124156910174,-1.4305165687,0.075049657922,1.92153318071,0.149266894201,-0.0132289931489,-0.0957776440013,0.000942506265452,-0.153055826788,-0.00712505273041,0.0560718587989,-0.0248669852082,0.573894879204,0.818913903415,0.00233094785709,0.0,0.818874365172,-0.57383340206,-0.0118637112854,0.0,-0.00837794368027,0.00871744443962,-0.99992690544,0.0,0.652765612422,0.249472586892,0.303593129652,1.0,-0.01892,-0.0248662857143,0.947
0.458408236792,0.498491825168,-0.12415683044,-1.43298834115,0.0748931981466,1.92246001248,0.148915455712,-0.0162816689037,-0.097107943194,0.000677691015971,-0.155209225241,-0.00531943901494,0.0603060616447,-0.0213009728217,0.573884918278,0.818920813508,0.00235556324978,0.0,0.81888160524,-0.573823356652,-0.0118498464927,0.0,-0.00835256953181,0.00872954367207,-0.999927012161,0.0,0.652463178655,0.249083015083,0.303597417613,1.0,-0.01924,-0.0252868571429,0.963
0.458144856543,0.496816001337,-0.124155299876,-1.43566216164,0.0747338758394,1.92341960201,0.148514493184,-0.0143049094036,-0.0949918284461,0.00115100248638,-0.157198685362,-0.0076967507525,0.0513795840118,-0.0184728044002,0.573863678108,0.818935780609,0.00232660451269,0.0,0.818896035793,-0.573802065938,-0.0118835427592,0.0,-0.00839700955837,0.00872494875136,-0.999926680062,0.0,0.652126203855,0.248656534537,0.303576124489,1.0,-0.01958,-0.0257337142857,0.98
0.457875763803,0.49513903907,-0.124156565541,-1.43837694448,0.0745646270014,1.9243510332,0.148135096934,-0.0168091259063,-0.0951624992258,0.000927748185345,-0.159253393833,-0.00908897082936,0.047289759557,-0.0168431500755,0.573865275595,0.818934912938,0.00223623298918,0.0,0.818893832403,-0.573803861249,-0.0119485132794,0.0,-0.00850205924937,0.00868824154428,-0.999926111994,0.0,0.6517749925,0.248216590539,0.303533167656,1.0,-0.01992,-0.0261805714286,0.997
0.457594540534,0.49344346541,-0.124185067517,-1.44108359905,0.0743902869218,1.9253308846,0.147745132852,-0.0158722848507,-0.124620925711,-0.00884047889542,-0.17997402794,-0.0191957935684,0.0733610502802,-0.0325104259964,0.573885651431,0.818920735219,0.00219895697913,0.0,0.81887926778,-0.573824487232,-0.0119561513,0.0,-0.00852948907111,0.0086623107347,-0.999926103364,0.0,0.651444032278,0.247756514181,0.303511391213,1.0,-0.0257468571429,-0.0338387265306,1.013
0.457247531564,0.490649500879,-0.124256061065,-1.44540594495,0.0741602716146,1.92696020983,0.147112331417,-0.0266266686833,-0.156765174062,-0.00168491632706,-0.259298269085,-0.0177344489224,0.0971945612491,-0.0392080178628,0.573857999699,0.818939867557,0.00228832011797,0.0,0.818899524318,-0.573796436649,-0.0119149176292,0.0,-0.00844473372286,0.00871154277754,-0.999926395039,0.0,0.650905949401,0.247086624938,0.303541516813,1.0,-0.0348777142857,-0.0458392816327,1.032
0.456829899681,0.487892435136,-0.124271369912,-1.44983293877,0.0739109926054,1.9285703436,0.146461124076,-0.0358328413966,-0.201153005231,-0.0032254787594,-0.322329514511,-0.0130595022244,0.115331516583,-0.0477706220059,0.573828984744,0.818960317175,0.00224545345831,0.0,0.818919146869,-0.573767322804,-0.0119681692189,0.0,-0.00851325174678,0.00870669485342,-0.999925856256,0.0,0.650299059453,0.246331352985,0.303490154991,1.0,-0.0425668571429,-0.0559450122449,1.048
0.456246741968,0.484045939941,-0.124356172458,-1.45581645521,0.0735453001369,1.93081470223,0.145555188757,-0.0400150098141,-0.242027681035,-0.0101664203245,-0.378671576583,-0.0283820947121,0.129451273333,-0.0619304035511,0.573825383666,0.818962629021,0.00232125565744,0.0,0.818922664249,-0.573763641431,-0.0119038083271,0.0,-0.00841708411914,0.00873180436204,-0.999926451439,0.0,0.649607381019,0.245392752796,0.303511303896,1.0,-0.050256,-0.0660507428571,1.064
0.455494127661,0.479245078126,-0.124477986079,-1.463402896,0.0730897272111,1.93344815079,0.144402237425,-0.0461953845458,-0.282072755745,-0.0050950891686,-0.439918844109,-0.0250870475894,0.157481043457,-0.0628578775152,0.573833298111,0.818957468791,0.00218109880968,0.0,0.818915611406,-0.573772054705,-0.0119832189284,0.0,-0.00856245794984,0.00866267268821,-0.999925818456,0.0,0.648630585011,0.244103088507,0.303461348515,1.0,-0.0589062857143,-0.0774196897959,1.082
0.454804929528,0.4749451789,-0.124564958876,-1.47006063244,0.0726865564866,1.93585558533,0.143447869839,-0.0488516692414,-0.316626470235,-0.00738535835696,-0.492834436416,-0.0267490502058,0.174866111671,-0.0645249235096,0.573892690392,0.818915761315,0.00221420086481,0.0,0.818874383824,-0.573831352387,-0.0119611636759,0.0,-0.00852477170944,0.00867774384448,-0.999926009777,0.0,0.647789314275,0.242972284895,0.303480595314,1.0,-0.0656342857143,-0.0862622040816,1.096
0.453851611535,0.469145424456,-0.124638058699,-1.47896291173,0.0721617234323,1.93909476052,0.142096878173,-0.0547564900827,-0.353271700796,-0.00235744917363,-0.536773320758,-0.0250942363614,0.201366439283,-0.0878424521638,0.573904936715,0.818906834635,0.0023380981488,0.0,0.818866839327,-0.573842857835,-0.0119256388884,0.0,-0.00842444846624,0.00875894270946,-0.999926152069,0.0,0.646654878626,0.241470892487,0.303534527263,1.0,-0.073804,-0.0969995428571,1.113
0.452619636493,0.461862347263,-0.124689100551,-1.4900912432,0.0714490109784,1.9431238627,0.140305234272,-0.06881404585,-0.390585949003,-0.00186906498587,-0.611159053261,-0.0333477147283,0.212533315574,-0.0979977015126,0.573803831529,0.818977179875,0.00250772165626,0.0,0.818939391416,-0.573741103913,-0.011839162513,0.0,-0.00825737991577,0.00884719919508,-0.99992676869,0.0,0.645301867115,0.239695857926,0.303620873166,1.0,-0.0824542857143,-0.108368489796,1.131
0.451437196857,0.455153955027,-0.12476878416,-1.50057634937,0.0707565746892,1.94665001202,0.138746326887,-0.0793423159374,-0.431390072474,-0.00779715649898,-0.671146069622,-0.0376995652018,0.224522662965,-0.105209930325,0.57385980309,0.818938689253,0.00225755263152,0.0,0.818897352903,-0.573797756217,-0.0120003028941,0.0,-0.00853229796139,0.00873536351264,-0.999925443879,0.0,0.643797914371,0.237756043206,0.303542852929,1.0,-0.090624,-0.119105828571,1.148
0.450094574835,0.44724166326,-0.124901215002,-1.51227252574,0.0699446815152,1.95100311532,0.136877059392,-0.0812754031418,-0.473787761941,-0.00923852111252,-0.696815962555,-0.0417291412386,0.256104326528,-0.108247302851,0.573835333602,0.818954546024,0.00268483828137,0.0,0.818919785743,-0.573772750593,-0.0116602785757,0.0,-0.00800890529809,0.00888991819496,-0.999928410833,0.0,0.642303889397,0.235705152529,0.303784770944,1.0,-0.0987937142857,-0.129843167347,1.165
0.44858139327,0.438918712685,-0.124929573414,-1.52506113759,0.0691229684764,1.95542761373,0.134878040389,-0.0968084785933,-0.503641584689,8.82525780963e-05,-0.780353939637,-0.0483685493037,0.257307503141,-0.120589378203,0.573803653829,0.818976819297,0.00266142954837,0.0,0.818941132815,-0.573740469563,-0.0117491050802,0.0,-0.00809543073154,0.00892140531822,-0.999927433631,0.0,0.640548267783,0.233492199798,0.303776792775,1.0,-0.106963428571,-0.140580506122,1.182
0.447015694279,0.43044570696,-0.124972107792,-1.53775053925,0.0682534798646,1.95995392959,0.132779956109,-0.10148557527,-0.547495632778,-0.00137507137483,-0.79910180769,-0.0524733734705,0.295767010882,-0.126830488168,0.573712872465,0.819039590774,0.00290441278324,0.0,0.81900719544,-0.573649013396,-0.0116090545961,0.0,-0.00784231278687,0.00903917305902,-0.999928393177,0.0,0.638831211169,0.231255437099,0.303909767636,1.0,-0.114652571429,-0.150686236735,1.198
0.445071350241,0.420447718521,-0.125034888213,-1.5530314038,0.0671636768358,1.96515064213,0.130251140651,-0.110326558528,-0.559481090418,-0.00587136421635,-0.872550749671,-0.0637176755438,0.280673319115,-0.139660874783,0.573627430406,0.819099819061,0.00279363588806,0.0,0.819065963173,-0.573563929782,-0.0116667615753,0.0,-0.00795406665745,0.00898071943969,-0.999928037162,0.0,0.636686753015,0.228500563048,0.303886684258,1.0,-0.123302857143,-0.162055183673,1.216
0.443206994359,0.410959882562,-0.125160091072,-1.56724889428,0.0661428276131,1.97017923643,0.12791918909,-0.121395177219,-0.598265340958,-0.00245031469818,-0.898729502951,-0.065850448879,0.317137340699,-0.153682913317,0.573642594534,0.819088499139,0.00299185807246,0.0,0.819057813039,-0.573579134199,-0.011490109349,0.0,-0.00769549722095,0.0090418949527,-0.999929509245,0.0,0.634724712106,0.225884631051,0.303986520982,1.0,-0.130992,-0.172160914286,1.232
0.440985144046,0.400468131543,-0.125231130899,-1.58326546895,0.0650876144606,1.97549878002,0.125245523026,-0.135781588318,-0.631715859862,-0.00982332266061,-0.946783760781,-0.0594952233713,0.310678823279,-0.158986392777,0.573679163324,0.819063417857,0.00284288550526,0.0,0.819029733561,-0.573614955876,-0.0117014887588,0.0,-0.00795369286636,0.00904148211526,-0.999927492557,0.0,0.632403760695,0.222903452067,0.303909508486,1.0,-0.139161714286,-0.182898253061,1.249
0.438581134377,0.389368729482,-0.125359555719,-1.59981500175,0.0638526295514,1.98122898334,0.122409457976,-0.142225915547,-0.650175344907,-0.012940544016,-0.993646067797,-0.08078678461,0.335137940293,-0.16277395315,0.573719628331,0.819034467093,0.00301275323858,0.0,0.819003636532,-0.573655604411,-0.0115342003046,0.0,-0.00771877343011,0.00908502788516,-0.999928938878,0.0,0.630052633628,0.219730805802,0.303994742398,1.0,-0.147331428571,-0.193635591837,1.266
0.436169577995,0.378437759425,-0.125489649414,-1.61615840699,0.0626118490693,1.98663194859,0.119476081647,-0.150427245973,-0.700188315319,-0.00200609328449,-1.03424144599,-0.0749023204156,0.346914460153,-0.1855644871,0.57365439023,0.819080400002,0.00294716874245,0.0,0.819048963829,-0.573590868757,-0.0115350349145,0.0,-0.00775780129414,0.00903117280293,-0.999929124707,0.0,0.627638729861,0.216567150417,0.304006630136,1.0,-0.155020571429,-0.203741322449,1.282
0.433328555753,0.366438186251,-0.125616156715,-1.6341140593,0.0612723659596,1.99254185497,0.116304194254,-0.169795054762,-0.704468547529,-0.00663838597274,-1.06508444341,-0.0884332535673,0.344743188578,-0.180358230574,0.573752158952,0.819012195658,0.00286886066966,0.0,0.818979618135,-0.573688732958,-0.0115917927185,0.0,-0.00784813766434,0.00900052780213,-0.999928696075,0.0,0.624961126935,0.213000435659,0.303976178534,1.0,-0.163190285714,-0.214478661224,1.299
0.430460478125,0.354668890346,-0.125779838706,-1.65147148894,0.0599050577182,1.99829414434,0.113085474213,-0.190276587425,-0.717423469077,-0.00862735053578,-1.09585415828,-0.0849525474764,0.350533749533,-0.205043112666,0.573803743395,0.818975835984,0.00293104773912,0.0,0.81894465968,-0.573740799179,-0.0114841908939,0.0,-0.00772376187197,0.0089902107074,-0.99992975734,0.0,0.62236525599,0.209464578107,0.304027280358,1.0,-0.170879428571,-0.224584391837,1.315
0.427196290586,0.341630259153,-0.125939324848,-1.67052419917,0.0585128532913,2.00447859173,0.109504841835,-0.192997469249,-0.756681715516,-0.0117381310493,-1.12087022631,-0.0860032802071,0.37071137672,-0.207758373903,0.573909578762,0.818901148604,0.00307426767862,0.0,0.818871285717,-0.573845541254,-0.0114829922576,0.0,-0.00763942783183,0.00910780412958,-0.999929341027,0.0,0.619442813693,0.205556239062,0.304108873599,1.0,-0.179049142857,-0.235321730612,1.332
0.423557898115,0.327479881913,-0.126041465706,-1.69130005104,0.0568429806488,2.01115734747,0.105474417158,-0.209141147475,-0.80601326847,-0.00216675888795,-1.15190358222,-0.105544605806,0.381741753517,-0.227685025895,0.573844505722,0.818946806418,0.00305915220037,0.0,0.81891678987,-0.573780573055,-0.0114844309447,0.0,-0.00765000322939,0.00909564381796,-0.999929370863,0.0,0.616171867249,0.201290416361,0.304096900122,1.0,-0.187699428571,-0.246690677551,1.35
0.419895552665,0.313619365657,-0.1260971883,-1.71157290911,0.055146088521,2.01748801356,0.10148897244,-0.216849795414,-0.796833578544,-0.00500685613883,-1.20674163233,-0.0898787173156,0.370315950158,-0.244367696782,0.573735230026,0.819023859849,0.00292399149543,0.0,0.818992058797,-0.573671697529,-0.0115558636104,0.0,-0.00778726678232,0.00902490563879,-0.999928952253,0.0,0.612882500991,0.197096483875,0.304051862535,1.0,-0.195869142857,-0.257428016327,1.367
0.415944968436,0.299266885519,-0.126200334636,-1.73221479074,0.053393932404,2.0239526807,0.0972036920443,-0.241270588965,-0.858133381299,-0.00624353052399,-1.23286971298,-0.115210031743,0.36623536592,-0.248730330239,0.573609817988,0.819111432301,0.00299751285071,0.0,0.819080881755,-0.573546417648,-0.0114787999222,0.0,-0.00768335141634,0.0090397318458,-0.999929622203,0.0,0.609517172331,0.192697826636,0.304109554378,1.0,-0.204038857143,-0.268165355102,1.384
0.411974491724,0.285358436687,-0.126346643018,-1.75203116649,0.0517966318962,2.03003035956,0.0931036561939,-0.248989447515,-0.880121641007,-0.00287655622684,-1.25481407535,-0.103530626896,0.384864362918,-0.262836170158,0.573682278197,0.819060146977,0.0031410536634,0.0,0.819030982296,-0.573617867626,-0.0114690400672,0.0,-0.00759221531231,0.00915238151357,-0.99992929359,0.0,0.606018818856,0.188098876458,0.304194637863,1.0,-0.212208571429,-0.278902693878,1.401
