position_joint1,position_joint2,position_joint3,position_joint4,position_joint5,position_joint6,position_joint7,velocity_joint1,velocity_joint2,velocity_joint3,velocity_joint4,velocity_joint5,velocity_joint6,velocity_joint7,ee_T_00,ee_T_10,ee_T_20,ee_T_30,ee_T_01,ee_T_11,ee_T_21,ee_T_31,ee_T_02,ee_T_12,ee_T_22,ee_T_32,ee_T_03,ee_T_13,ee_T_23,ee_T_33,v_x,v_y,w_z,time
0.465075836265297,0.547298179453963,-0.12398430728735173,-1.355551162749471,0.07946122969521417,1.8941799135321462,0.15912134836227804,-0.00047627661607960696,-0.0005146756158528084,-0.0004170136701097709,0.002266934058962657,0.00021983860697815112,-0.00035443476986994887,-0.0010734744361153377,0.5737438627042251,0.8190187586482532,0.00264573103655476,0.0,0.818985362613458,-0.573683499618861,-0.01144399367211324,0.0,-0.007855184487854827,0.00873290426201992,-0.9999310138503618,0.0,0.6617709249920202,0.26093335443178806,0.3036974270812288,1.0,5e-324,6.90476210422185e-310,6.90454990464285e-310,0.0
0.4650758362652962,0.5473006424518565,-0.1239821676523545,-1.3555537745124713,0.07946051810593623,1.8941816867132686,0.15912777343325699,-0.0006347120402310129,0.00032928835739313436,-0.0006678056854880497,0.0007624601515800103,3.912307550608383e-05,3.597236418692722e-06,0.004994851850123817,0.5737476025416836,0.8190161478845285,0.00264291189156629,0.0,0.8189827113790596,-0.5736872435280905,-0.01144604632846975,0.0,-0.007858443233874801,0.00873180890081092,-0.9999309978109788,0.0,0.6617701645064673,0.26093425556685595,0.30369452063427116,1.0,-0.00020000000000000004,-0.00026285714285714297,-0.00010000000000000002,0.011000000000000003
0.46507582759850286,0.5472956876589772,-0.12398526770867191,-1.3555596611511709,0.0794605966620003,1.8941809746424356,0.1591222802698612,-0.0003288153342448709,0.0007090231635021791,-0.0020201216043983367,-0.0004864470148914902,-0.00019598072193822207,-9.675653790645737e-05,-0.0004513653187780881,0.5737456064045993,0.8190175517942927,0.002641190169243794,0.0,0.8189841000188519,-0.5736852609034969,-0.011446057819450985,0.0,-0.007859461700637005,0.008730386225288225,-0.9999310022287206,0.0,0.6617695135645849,0.26093178589034205,0.3036952689278677,1.0,-0.0004400000000000003,-0.0005782857142857148,-0.00022000000000000014,0.023000000000000013
0.46507546129214855,0.5472741326005569,-0.12398312480051914,-1.3555780200233059,0.07946050447511745,1.8941834939851427,0.15912690714050712,0.0002159879878482326,-0.0016084627457314913,0.0011989655308450957,-0.0026968974181962885,0.0002926211797736846,-0.00033612735199400076,-0.0007646385968713609,0.5737424167099315,0.8190197689410074,0.002646554906742738,0.0,0.8189863269787215,-0.5736819882717888,-0.011450740396937324,0.0,-0.007860253207363888,0.008737435973395588,-0.9999309344310371,0.0,0.6617638150901748,0.2609340261431132,0.30370050953472255,1.0,-0.0008400000000000006,-0.001104000000000001,-0.0004200000000000003,0.04300000000000003
0.4650722722259809,0.5471713721742955,-0.12397961603143916,-1.3556771048776086,0.07945625919765892,1.8941961965728555,0.15912741910942357,0.0003847323039849807,-0.0072984141259313075,-0.00036320810991704694,-0.006068696082404616,6.01311270960792e-05,0.0012791298174046784,8.831411136090843e-05,0.5737539122777804,0.8190116554653656,0.002665193994903282,0.0,0.8189784331666801,-0.5736933992048906,-0.011443627824952098,0.0,-0.00784361138079176,0.008748731077431987,-0.9999309663496985,0.0,0.6617487745808842,0.2609207218098386,0.30372855393577386,1.0,-0.001180000000000001,-0.0015508571428571444,-0.0005900000000000005,0.060000000000000046
0.46507685028096574,0.5470486353134612,-0.12397956243174958,-1.3558416704765621,0.07945715545051707,1.8942276172342687,0.15912997535015683,0.0015293478184214564,-0.006032552000162231,0.0004880557152261731,-0.011015241899692545,-0.00010825751892069116,0.0016135021964037081,0.0011700609333220775,0.5737614439457633,0.8190063840873182,0.0026636754114110006,0.0,0.818973016699088,-0.5737007949272582,-0.01146048514836458,0.0,-0.007858209095169766,0.008757231398076396,-0.9999307773281393,0.0,0.6617192972500281,0.26090813372501415,0.3037398843318281,1.0,-0.0015000000000000011,-0.001971428571428573,-0.0007500000000000006,0.07600000000000005
0.46505394633856334,0.5468880938328887,-0.12398536296501318,-1.3560468284840173,0.07945389137560124,1.8942868761356917,0.1591174122085549,-0.0006931422383358844,-0.01144887040945231,-0.0011266520752740076,-0.010877768488542678,-2.956316956575833e-05,0.004730746842006821,-0.0006420226502525672,0.5737844162966665,0.8189902336218101,0.0026809976491915305,0.0,0.818957023111786,-0.5737236340568767,-0.011460057663951157,0.0,-0.007847674681382588,0.008771393227688315,-0.9999307359327148,0.0,0.661695804816929,0.26087086853798924,0.3037612731909743,1.0,-0.0018400000000000014,-0.0024182857142857166,-0.0009200000000000007,0.09300000000000007
0.4650335270963552,0.5467024862725071,-0.12398035273979327,-1.3562670032425055,0.07945309078424707,1.8944105976034644,0.15912287281286827,0.0008422163009461309,-0.014260091615074497,-0.00038348079835026194,-0.011873353368245514,0.000502960042199099,0.004779411912130072,0.0012652368652420502,0.5738143831798275,0.8189689618627801,0.0027640663093978397,0.0,0.8189367555797764,-0.5737532566255737,-0.011425312828386588,0.0,-0.007771234159814233,0.008819774136865605,-0.9999309073650079,0.0,0.6616791090231796,0.26084483770857786,0.30379852056874285,1.0,-0.002180000000000002,-0.00286514285714286,-0.001090000000000001,0.11000000000000008
0.4650037681629254,0.5464869893214063,-0.12397757736063511,-1.3565181254275396,0.07944534654398805,1.8945480946579374,0.15910963687340635,-0.0007648978012165681,-0.009884292600457568,0.005170569242543642,-0.018264962276633257,0.00020122474129347513,0.004928500822910385,-0.002813326340039248,0.5738381228499554,0.8189520162401083,0.0028549538541439747,0.0,0.8189209706973446,-0.5737766996798135,-0.011379347866575944,0.0,-0.007681181765212486,0.00886805593810136,-0.9999311761469227,0.0,0.6616621777767709,0.2608078615910312,0.3038434576284597,1.0,-0.002520000000000002,-0.003312000000000003,-0.001260000000000001,0.12700000000000009
0.4649687411581053,0.5462526573822122,-0.1239782772050267,-1.356854989618463,0.0794317058823216,1.8946775716316089,0.15910096850798333,-0.003045608799065435,-0.015774079483560383,0.00035461734429734015,-0.023371676524760004,-0.002053226795793957,0.009619105655058014,-0.0007957194626026828,0.5738754180995378,0.8189257904444475,0.0028811711552284413,0.0,0.8188950414445333,-0.5738138630410466,-0.01137139308418854,0.0,-0.007659218582951655,0.008885310802899157,-0.9999311914440085,0.0,0.6616269758778418,0.26075395335130935,0.30386030165691214,1.0,-0.002860000000000002,-0.003758857142857146,-0.001430000000000001,0.1440000000000001
0.4649360469773163,0.5460047412632162,-0.12398356691858475,-1.3572427589966682,0.07941936125452613,1.8948051150566898,0.15909881121872105,-0.0018786384412767829,-0.015346136938664993,-0.001480029080669821,-0.02611161296430356,0.00022357127616225853,0.01000305433057369,0.001480651752679711,0.5739224459262213,0.8188928532720366,0.0028753822796532755,0.0,0.8188619462398461,-0.5738608058218103,-0.01138575614713953,0.0,-0.007673792890235731,0.00888925329205803,-0.9999310446618744,0.0,0.6615804245335795,0.2606931451243781,0.30386249920850195,1.0,-0.0031800000000000023,-0.004179428571428575,-0.0015900000000000011,0.16000000000000011
0.464892393492163,0.5457024634771437,-0.12398073072542602,-1.3577049637462806,0.07938813651157679,1.894974489738142,0.15907792452747208,-0.000830918413181011,-0.028024999459106237,-0.0018004670698581315,-0.026051273581313716,-0.00320715014998023,0.009550599248425133,-0.0017339048099122706,0.5739566485681801,0.8188688584988918,0.0028818477254663865,0.0,0.8188380485413372,-0.5738950004948836,-0.01138093006746489,0.0,-0.007665758800779465,0.008892098247271135,-0.9999310809904696,0.0,0.6615285877709869,0.2606214539250209,0.3038710744665507,1.0,-0.0035200000000000027,-0.004626285714285719,-0.0017600000000000014,0.17700000000000013
0.46483725079490945,0.545393753011498,-0.12398355024927776,-1.3582324361481073,0.07934880478221527,1.8951457874177398,0.15905589624614316,-0.004293141094904424,-0.019643257501539512,0.0011510259411143867,-0.029356544703689813,-0.00017113492182376565,0.008995605139472354,-0.0022839597090245876,0.5740050729142328,0.8188350768398727,0.002835508168704641,0.0,0.8188037202866456,-0.5739436188488318,-0.011398988054377349,0.0,-0.00770661781605525,0.00886497228492708,-0.9999310077741488,0.0,0.6614704376731418,0.26053649525489675,0.3038525878800492,1.0,-0.003840000000000003,-0.005046857142857148,-0.0019200000000000016,0.19300000000000014
0.4647907206167533,0.5450601922064485,-0.12399137417689897,-1.3587958004243328,0.07931114158548375,1.895328665521912,0.15896888490426814,-0.005087401066818971,-0.027420779900827683,-0.0007232500995372816,-0.038907784087799525,-0.0011943212577864117,0.011166131691287837,-0.007275526937706549,0.5739984193237925,0.8188398898180798,0.002792195858279974,0.0,0.8188079914949599,-0.5739371194068088,-0.011419410326825665,0.0,-0.00774827302435066,0.008841165979628515,-0.9999308966369932,0.0,0.6613989662910487,0.2604385615596545,0.3038374748398469,1.0,-0.004180000000000003,-0.005493714285714291,-0.0020900000000000016,0.21000000000000016
0.4647325905940378,0.5446971935824988,-0.1239814748058909,-1.3594116768170894,0.07928585722462134,1.8955347522958603,0.15891465513553443,-0.007217117685034809,-0.020624416171604935,-9.581887852572028e-05,-0.04752137107735937,5.73717873940875e-05,0.010280836082272236,0.0009094481339349373,0.5740363623087754,0.818813418870423,0.0027544012499608897,0.0,0.8187808637929468,-0.5739749847720084,-0.01146127583025754,0.0,-0.007803839279776292,0.008834610213317162,-0.9999305224638729,0.0,0.6613182218452769,0.2603363140592164,0.3038164535288949,1.0,-0.004520000000000003,-0.005940571428571434,-0.0022600000000000016,0.22700000000000017
0.46466654491683557,0.5442593267815408,-0.12399243859684832,-1.360172374844494,0.07924923949458604,1.89577960258197,0.15890632461515286,-0.0036918559980938445,-0.02324186361311118,-0.0001668191520938566,-0.03849881320402189,0.00019222043646674003,0.015436624069854037,-0.0016908837114152234,0.574109820547702,0.8187621115088866,0.0026954794384570265,0.0,0.8187287132089185,-0.5740485316589914,-0.011503232964376726,0.0,-0.007871226842836365,0.008811155067064744,-0.9999302012312523,0.0,0.6612297404593764,0.26022352812128335,0.3037881285794584,1.0,-0.004860000000000004,-0.006387428571428578,-0.002430000000000002,0.2440000000000002
0.4646051586323417,0.543833878413191,-0.12399088503952102,-1.3608789255264124,0.07921844476071518,1.8960191179205406,0.1588573918670116,-0.003220452641514663,-0.024686926899277355,-0.0013929369153591938,-0.03942139938302407,-0.002567774254923685,0.01700783798756321,-0.0047725131261385735,0.5741603314092953,0.8187267807869627,0.002668175292796249,0.0,0.8186928825566142,-0.5740989621893793,-0.011536575116901497,0.0,-0.007913658702686899,0.008808429503637513,-0.9999298903301257,0.0,0.6611400394958082,0.26010656091048745,0.3037743715190569,1.0,-0.005200000000000003,-0.00683428571428572,-0.0026000000000000016,0.2610000000000002
0.46453482639227045,0.5433072326023805,-0.12399312052174152,-1.361722518141116,0.07916733586667733,1.8963249886042048,0.15878508234895328,-0.0019685213304591496,-0.03839409890599664,-0.0003456266711569197,-0.04710716208519709,-0.001623390343202115,0.020631572285134486,-0.006242455267597714,0.5741833898739694,0.8187106517700977,0.002655253703033539,0.0,0.8186765943657588,-0.5741220696395639,-0.011542525359510988,0.0,-0.007925701303064525,0.008801489853360475,-0.9999298560575216,0.0,0.6610460412681213,0.25998830666653994,0.3037711810495108,1.0,-0.005540000000000004,-0.007281142857142864,-0.002770000000000002,0.2780000000000002
0.4644684227218862,0.5428325059731199,-0.1239953814498948,-1.3625230489813243,0.07912629616978295,1.896602852181584,0.15875057788213626,-0.0052757988015942,-0.026583223165134336,-0.000470741026300785,-0.04931595241510982,-0.001315162152907297,0.02168653544157834,0.0016348704423486936,0.5742446889959263,0.8186677827448084,0.002616401513393125,0.0,0.8186331436876153,-0.574183404477017,-0.011573287368874464,0.0,-0.007972536676942255,0.008787940996954027,-0.9999296028981086,0.0,0.6609497570251288,0.25986652956117073,0.3037500923954867,1.0,-0.005860000000000004,-0.007701714285714293,-0.002930000000000002,0.2940000000000002
0.46439327560208016,0.5422700788695914,-0.1239935510394624,-1.3634081313145796,0.0790713035515147,1.896912000812553,0.15866088868995978,-0.000830452094511299,-0.033601917487819065,0.0010914558653805362,-0.05080164469757158,-0.005377291261234176,0.01989237360286772,-0.006959684203928098,0.5742659600463785,0.8186529001747764,0.0026044324999804115,0.0,0.8186180816375791,-0.5742046865550119,-0.011582799984398425,0.0,-0.007986969225974638,0.008783812405562294,-0.9999295239976701,0.0,0.6608445349819438,0.2597323308353968,0.3037532902824342,1.0,-0.006200000000000004,-0.008148571428571436,-0.003100000000000002,0.3110000000000002
0.4643148143363241,0.5416678331442796,-0.12399951875917231,-1.364347823106806,0.07901601025466615,1.8972476384746733,0.15861903402648128,-0.003786423445939942,-0.039239632838424236,-0.00023349592245607944,-0.05715944035370095,-0.004177159028887297,0.020789095579330088,-0.002445673179501535,0.5743374893334675,0.8186027290394036,0.002601395121444189,0.0,0.8185678710345562,-0.5742762171141318,-0.011585070921015036,0.0,-0.00798980515100367,0.008783328119090217,-0.9999295055956701,0.0,0.6607355809694584,0.2595872197902145,0.3037611374962319,1.0,-0.006540000000000005,-0.00859542857142858,-0.0032700000000000025,0.32800000000000024
0.4642252514952406,0.5410521092370564,-0.12399674216367981,-1.365318515995911,0.07895766939644303,1.8976009773991427,0.1585359955126622,-0.004101717767065503,-0.0427713321474421,0.00021148910489127422,-0.05761140916128397,-0.0015442190403101486,0.026935576238892093,-0.004902535036180062,0.5743791623469175,0.818573493846677,0.002599987404961819,0.0,0.8185385903565742,-0.5743178597696338,-0.01158960516618133,0.0,-0.00799387829826742,0.008785186874755935,-0.9999294567124862,0.0,0.6606242535844211,0.2594370566478457,0.30376492189866705,1.0,-0.006880000000000005,-0.009042285714285723,-0.0034400000000000025,0.34500000000000025
0.4641356215263307,0.5403811071766146,-0.12400579717496751,-1.3663428865505167,0.07889760711001725,1.8979797054094816,0.15846761713022148,-0.00017293945337592208,-0.047597552251857356,4.944216602113851e-05,-0.0644737244119671,0.0001416420494149574,0.018453857671839775,-0.0006800471834957419,0.5744436179795084,0.8185282000595615,0.002619612772008316,0.0,0.8184935770499556,-0.5743822695768857,-0.011576684537583225,0.0,-0.007971337100747267,0.008794458098794172,-0.99992955516455,0.0,0.6605097060203825,0.25927579698294334,0.30378473262318656,1.0,-0.007220000000000005,-0.009489142857142866,-0.0036100000000000025,0.36200000000000027
0.4640460114219101,0.539715163410263,-0.12400592432944245,-1.3673373247638234,0.07884293152295561,1.898358077689299,0.15839928686900356,-0.004126967949814104,-0.039720200769961314,0.0003194908726570083,-0.06196573327048407,-0.0023839102056781854,0.025925952052421083,-0.008353670150842398,0.5745015804919191,0.8184873746346982,0.002664296735483714,0.0,0.8184533005882964,-0.5744400417300949,-0.011557686380025122,0.0,-0.007929494321462949,0.008820681374507505,-0.9999296568758702,0.0,0.6603993327653466,0.2591240675301952,0.303814800966083,1.0,-0.007540000000000006,-0.009909714285714294,-0.003770000000000003,0.3780000000000003
0.4639390515069939,0.5389698297750709,-0.12400952275874501,-1.3684995118447223,0.07876946089907404,1.8987760414316075,0.15828504168337018,-0.009466657895838584,-0.04433733230779234,0.0007303538583494534,-0.07171201429148437,-0.0018305952175283833,0.020966427286213486,-0.009418388810384483,0.5745426918756859,0.8184585236094464,0.002662187914886301,0.0,0.8184244443954306,-0.5744811796264402,-0.011556382316837605,0.0,-0.007929195417156754,0.008818604455240298,-0.9999296775651269,0.0,0.660266322142111,0.25893966096393306,0.3038245295750407,1.0,-0.007880000000000007,-0.010356571428571439,-0.003940000000000003,0.3950000000000003
0.4638352404988171,0.5382090538552553,-0.12401549658687899,-1.3696660045618176,0.07870641468182407,1.8992298965284526,0.15822601273191042,-0.00785164371287238,-0.045714346321180585,-0.001348079170902747,-0.06853638710660746,-0.00847775426709167,0.019931074212902553,-0.0013953960156921413,0.5746312075820394,0.8183962438670763,0.0027037378342990824,0.0,0.8183626975731013,-0.5745695410021169,-0.011536233124459769,0.0,-0.007887876317051568,0.008841887992606712,-0.9999297987478587,0.0,0.6601387923506418,0.25875977416484724,0.30384620993259687,1.0,-0.008220000000000007,-0.010803428571428582,-0.004110000000000003,0.4120000000000003
0.46373460417554213,0.5374347283167362,-0.12402755807862208,-1.370899975465104,0.07863635744513049,1.8997033479841459,0.15811995439942075,-0.009988285588408242,-0.0524477411746356,0.00030219945790754913,-0.07563990649281918,-0.0009736057375291512,0.033165332711285564,-0.004233945462670293,0.5746846957391533,0.8183586550482634,0.0027127646419262087,0.0,0.8183252571296477,-0.5746230282128238,-0.01152804807539632,0.0,-0.007875412511035906,0.008845086919144166,-0.9999298686983872,0.0,0.6600006277178502,0.2585708288986008,0.30384710245625174,1.0,-0.008560000000000007,-0.011250285714285725,-0.004280000000000003,0.4290000000000003
0.463647254129603,0.5367165273178901,-0.12403397428677222,-1.3720298278634644,0.07856739943962206,1.90011723122238,0.15804985509363648,-0.004677554883245858,-0.0528638834214491,-0.00041668464382890735,-0.0806523288407438,-0.0014778615489012886,0.020560412918121468,-0.0027770102258803026,0.5747470669029769,0.8183148563578441,0.0027114298210362308,0.0,0.818281465824806,-0.5746854236194537,-0.011526207882242002,0.0,-0.007873999551082034,0.008843537206766686,-0.9999298935329127,0.0,0.6598681801260672,0.25840170098264015,0.3038524349602742,1.0,-0.008860000000000007,-0.01164457142857144,-0.004430000000000003,0.44400000000000034
0.4635377997171476,0.5359219152324193,-0.12404811546505654,-1.3732815108990584,0.07850050615450456,1.9005831108715847,0.1579509810377459,-0.005243725534227438,-0.046187331423169824,-0.0015041493023014367,-0.0830910296248946,-0.00894061563112811,0.02770035456991454,-0.00609921729583918,0.5748166287358585,0.8182659703979173,0.0027188083245220296,0.0,0.818232664204948,-0.574754940079344,-0.011524451556177501,0.0,-0.007867569495364213,0.008849234545574847,-0.9999298937416529,0.0,0.6597269937219404,0.25820391220502203,0.3038583686471578,1.0,-0.009180000000000008,-0.01206514285714287,-0.004590000000000004,0.46000000000000035
0.4634272423203225,0.5350431375998494,-0.12404787175021449,-1.3746585427659466,0.07842055254210326,1.901073283093353,0.15784425068723948,-0.007015842755232959,-0.057490515192028406,0.0013758268669166395,-0.08013069904449897,-0.0037624834018121435,0.026685706608753763,-0.006655309651918314,0.5748736653412391,0.8182259189322353,0.0027131873942648037,0.0,0.818192478293149,-0.5748119185725561,-0.011535754533630092,0.0,-0.007879432605806258,0.008851681431709127,-0.9999297786733038,0.0,0.6595612001994813,0.2579995306453874,0.3038654959821364,1.0,-0.009520000000000008,-0.012512000000000013,-0.004760000000000004,0.47700000000000037
0.4633103659305959,0.534154700337182,-0.12405886389939266,-1.3761076474746847,0.078339376352415,1.9016012089704954,0.1577610034922226,-0.006818171422427598,-0.05820575531877582,-0.0006065565770616435,-0.08393190011246698,-0.0018295252377388844,0.030665604331410287,-0.002103160852599382,0.5749666369927003,0.8181606877873817,0.0026836925664846098,0.0,0.8181268399469611,-0.5749049475140762,-0.011555171285840694,0.0,-0.007911271069129255,0.008839609082768596,-0.9999296340749857,0.0,0.659390386366682,0.25777840839348626,0.30384861619705517,1.0,-0.009860000000000008,-0.012958857142857156,-0.004930000000000004,0.4940000000000004
0.46318678253013257,0.5332397000237863,-0.12405787362308643,-1.3775741276564322,0.07825527655580428,1.9021428798239477,0.15763097632048773,-0.0026558959339887363,-0.05755560262960248,0.00017285431403189192,-0.0861327489000735,-0.009131413782831733,0.028588131243278265,-0.008555824376067426,0.5750184170282983,0.8181243210101953,0.0026762569168617646,0.0,0.8180903193675332,-0.5749566815900421,-0.011566786645491878,0.0,-0.007924490245605209,0.00884070543379488,-0.9999295197071542,0.0,0.6592177547324478,0.25755858523962527,0.30384281727900586,1.0,-0.010200000000000008,-0.013405714285714299,-0.005100000000000004,0.5110000000000003
0.46307022402782466,0.5324243629871752,-0.12405495548134596,-1.3788807183463838,0.07818679395143134,1.902630258973371,0.1575473748235804,-0.00633605083464833,-0.05757810262848173,0.0004949841896643797,-0.08473440620587185,-0.003557495378962837,0.026479271797404228,-0.006152300104688899,0.5750964220592368,0.8180694863282819,0.002677269962784501,0.0,0.8180353925952278,-0.575034556042381,-0.011580272877693193,0.0,-0.007934097896111103,0.008850045474320653,-0.9999293608978973,0.0,0.6590654228467424,0.25736104149724914,0.3038379240731612,1.0,-0.010500000000000008,-0.013800000000000012,-0.005250000000000004,0.5260000000000004
0.46293289295093654,0.5313468431802063,-0.12406213931469301,-1.3806108471077152,0.07808659633228243,1.9032883358105388,0.15743716424961263,-0.003920136808242717,-0.05833222024850337,-0.0007024390460982042,-0.09515823371800185,-0.010266092016366935,0.03941423087252999,-0.006665322990374935,0.5751913001202833,0.8180027734214054,0.0026791494985839628,0.0,0.8179687094785919,-0.5751294219108548,-0.011579519317367499,0.0,-0.007931373917685669,0.008852069658553147,-0.9999293645905886,0.0,0.6588644087146192,0.25710357585820826,0.3038311771643938,1.0,-0.010880000000000008,-0.014299428571428584,-0.005440000000000004,0.5450000000000004
0.46277089276163674,0.530209113523022,-0.12406275378432693,-1.3824386572603125,0.0779759356907319,1.903931821190559,0.15729429160123182,-0.009191476935463603,-0.06149881008826043,-0.0019342852125225167,-0.09745826870034814,-0.0035361990481510798,0.03648619662437516,-0.009940080102239781,0.5752769586821279,0.8179426680344666,0.0026380900871386948,0.0,0.8179080138723472,-0.575215143826453,-0.011608878383081934,0.0,-0.007978081191430397,0.008836205397853458,-0.9999291333362931,0.0,0.6586441474120284,0.25682024699611455,0.30381858978080467,1.0,-0.011260000000000008,-0.014798857142857155,-0.005630000000000004,0.5640000000000004
0.4626275505100417,0.5291743997056431,-0.1240638162928257,-1.3840952075270911,0.0778557488985881,1.9045330904335624,0.1571870248639107,-0.010438669299590222,-0.07114165293534422,-0.0007085679573274392,-0.09695129493463644,-0.006715799713740819,0.042771186074167425,-0.007178365145590178,0.5753647500808803,0.8178810139724041,0.0026073452105414615,0.0,0.8178461032782622,-0.5753031860143184,-0.011607860076056459,0.0,-0.007993988271437047,0.00881133027738891,-0.9999292258006359,0.0,0.658448037389792,0.25656356279354686,0.3038110091963234,1.0,-0.011600000000000008,-0.015245714285714298,-0.005800000000000004,0.5810000000000004
0.46248865045055454,0.5281074935149016,-0.12406662890232337,-1.3857938632415276,0.07775883199875684,1.905167679034266,0.15705905829708952,-0.004090866867598391,-0.057807745328976,7.333871860181416e-05,-0.09667870996095722,-0.011049255190227,0.04293261952675512,-0.008212003833960613,0.5754417312407923,0.817826845396395,0.002609941912928602,0.0,0.8177919235930448,-0.575380099253441,-0.011612837306028459,0.0,-0.007995735405867954,0.00881707037736569,-0.9999291612335747,0.0,0.6582470729395605,0.2563102322055757,0.3038088074005493,1.0,-0.011940000000000008,-0.01569257142857144,-0.005970000000000004,0.5980000000000004
0.4623590843308945,0.5271963662335488,-0.12406979597872664,-1.3872199934783356,0.07766966270963878,1.905715699985259,0.15695645028809468,-0.010361489455294946,-0.0641116873292926,-8.152278487581028e-05,-0.1022929023710188,-0.004361153160409446,0.045920203078779157,-0.007943922896524373,0.5755192421037537,0.8177722260534076,0.0026334701788999918,0.0,0.8177376640555866,-0.5754575808609607,-0.011594495063254197,0.0,-0.007966359036520931,0.008826512701554531,-0.999929312400247,0.0,0.6580853403772147,0.2560885470038685,0.30381892358881735,1.0,-0.012220000000000009,-0.01606057142857144,-0.006110000000000004,0.6120000000000004
0.46218032514553153,0.5258209038877618,-0.1240782714132173,-1.3893428527034009,0.07753790321170947,1.9065133681118511,0.15680912972159614,-0.007649861260161948,-0.0691413075386735,-0.002047289602531567,-0.10171437947187913,-0.008693763858187794,0.0393037368190655,-0.01283452109786568,0.5756299942132503,0.8176941516924626,0.0026703840932934316,0.0,0.8176601354298771,-0.5755682700011026,-0.011567903783372854,0.0,-0.007922171444539217,0.008842469252188512,-0.9999295224850238,0.0,0.6578380131348867,0.25576488400114145,0.30384568661707645,1.0,-0.01262000000000001,-0.01658628571428573,-0.006310000000000005,0.6320000000000005
0.4620374370679,0.5247425863156413,-0.1240876225616812,-1.3910555844856656,0.07743037113096271,1.9071365773039561,0.15667361861314055,-0.009804475017798887,-0.06460806372010491,-0.003038076649563347,-0.10597952315902036,-0.007535094702694781,0.04124668770824123,-0.01136442693896018,0.5757057855919213,0.8176408417881839,0.0026550286452505,0.0,0.8176066681429554,-0.5756441494152585,-0.011571359184087103,0.0,-0.007933016892900102,0.008832637609552982,-0.9999295233944415,0.0,0.6576333064495878,0.2555012289651292,0.3038432059557371,1.0,-0.012940000000000009,-0.017006857142857157,-0.006470000000000004,0.6480000000000005
0.4618911469008267,0.5235450966602038,-0.12409683385133674,-1.3929355087734596,0.07731172148102045,1.907816321808798,0.1565371502496365,-0.008972737123699632,-0.07147962113616718,4.2207961030464393e-05,-0.1108203219058533,-0.007642599237114108,0.039319790553224335,-0.013876264361027544,0.5757891648068916,0.8175821544699158,0.002646749803370811,0.0,0.817547915192641,-0.5757275921538323,-0.011571209881650515,0.0,-0.00793676062077131,0.008826591996590888,-0.9999295470704797,0.0,0.657404633833237,0.25521921245673884,0.3038495412014779,1.0,-0.01328000000000001,-0.0174537142857143,-0.006640000000000005,0.6650000000000005
0.4617444413521279,0.522411727010791,-0.12409547686367865,-1.3947598725969623,0.07719737870795292,1.9085010278644827,0.15640268277100208,-0.007263680664051703,-0.07613143217188849,0.0011530603721546932,-0.11226570375469569,-0.009688632023949201,0.043384610532265756,-0.0037938977301746443,0.5758720829161634,0.8175237970390485,0.002632924963609626,0.0,0.8174893865948927,-0.5758105550278203,-0.011578187443111175,0.0,-0.007949530829781892,0.008820112947215755,-0.9999295027986645,0.0,0.6571710398830523,0.25493360380668767,0.3038308406307201,1.0,-0.01362000000000001,-0.017900571428571446,-0.006810000000000005,0.6820000000000005
0.46156971256481605,0.5211079710399175,-0.12409335704632293,-1.3968334041374242,0.07707077680027176,1.9093254765939631,0.15625126067804446,-0.013341124996100876,-0.07394980977651319,0.0011190121937030351,-0.1124842002297678,-0.005429944646637378,0.040209882485114076,-0.009546768039114896,0.5759597875238034,0.8174618626405507,0.00267828022892151,0.0,0.8174280976574346,-0.575898162208449,-0.011548109208278584,0.0,-0.007897874260214155,0.008840718249644441,-0.9999297301725757,0.0,0.6569465000412021,0.25464273992035436,0.3038374841166852,1.0,-0.01396000000000001,-0.018347428571428587,-0.006980000000000005,0.6990000000000005
0.46141594059992525,0.5199268608707336,-0.12409827094588921,-1.3987493708521,0.07695690297158674,1.9100174703887776,0.15611857543901622,-0.009321379982525899,-0.07408523603662988,-0.0030381243032692913,-0.11765583319913873,-0.00336043111100192,0.04359525955236354,-0.011286201504898372,0.5760518672037327,0.8173971040003688,0.002639614386868468,0.0,0.8173627928307896,-0.5759903082787422,-0.01157482466473725,0.0,-0.007940988744479682,0.00882539186406632,-0.9999295240946763,0.0,0.6567101314915708,0.25435553425989627,0.3038151533680815,1.0,-0.014280000000000011,-0.018768000000000017,-0.007140000000000006,0.7150000000000005
0.4612433493516393,0.5185705670856945,-0.12410168400892616,-1.400814163954748,0.07681885832594826,1.9107640658041423,0.15596241559301127,-0.011520254438028656,-0.07432710510507101,0.001144548570254969,-0.12101958540331918,-0.006236516564759764,0.04642863907739391,-0.013121977693087686,0.5761394477507035,0.8173352810891877,0.0026686951083514064,0.0,0.8173014169378389,-0.5760778594281127,-0.011551651368217985,0.0,-0.007904348235798886,0.008836660466421384,-0.9999297148853856,0.0,0.6564431047974464,0.2540273160343353,0.30385383105843505,1.0,-0.01464000000000001,-0.019241142857142873,-0.007320000000000005,0.7330000000000005
0.46106200134652714,0.5172213767885557,-0.12410643493242492,-1.4029290146448574,0.07668449570877596,1.9115323596678773,0.15580407038285266,-0.013254576923374353,-0.08000981245037332,-0.0006082522360655116,-0.11849275525885491,-0.01542275288440487,0.040559568942636105,-0.016524790565486572,0.5762441627263043,0.8172614816137254,0.0026612958511676,0.0,0.8172275778485681,-0.5761826485146098,-0.011549392003947577,0.0,-0.007905632936809126,0.008830324098802994,-0.99992976070531,0.0,0.6561886737672632,0.2536963959652497,0.30385677167164726,1.0,-0.01498000000000001,-0.019688000000000018,-0.007490000000000005,0.7500000000000006
0.4608703363552033,0.5157961194027771,-0.124118906449074,-1.405181165367088,0.07653845850582999,1.9123725891159409,0.15563463951240009,-0.010726661974682852,-0.0754461300281015,-0.004034659036782786,-0.12614903948681383,-0.013470469023510722,0.05202217936356921,-0.011056173195003518,0.5763442709366486,0.8171908861307375,0.0026615567946447092,0.0,0.8171570813771603,-0.5762828501614383,-0.011538104964805503,0.0,-0.007895176691591343,0.008825000584770842,-0.99992989031716,0.0,0.6559331294252639,0.2533685216521671,0.30385688143678335,1.0,-0.015320000000000012,-0.020134857142857163,-0.007660000000000006,0.7670000000000006
0.46070085208857264,0.5144751210582665,-0.12412490277773601,-1.4072501447178627,0.07641900179147806,1.9131531262202555,0.15548305184837224,-0.009943133857073653,-0.08806836652221714,-0.0010055051275501038,-0.12948782668827832,-0.01238586851235481,0.04699139144987431,-0.014592138081944716,0.5764400152941124,0.8171232621861004,0.0026888776984319166,0.0,0.8170897809484655,-0.5763784592070769,-0.01152859630974509,0.0,-0.007870624574139506,0.008842768973422704,-0.999929926897728,0.0,0.6556835473200482,0.25305930744323274,0.3038660411075431,1.0,-0.01564000000000001,-0.02055542857142859,-0.007820000000000006,0.7830000000000006
0.460509529749704,0.5130907213762633,-0.12412069287570872,-1.4095241713804487,0.07628015950065718,1.9139624814389895,0.15529664081659547,-0.011700064775869802,-0.08490786546867585,0.00026251722663513604,-0.13649328643030267,-0.01524715471759778,0.04636533140980791,-0.015843971691315798,0.5765228998536241,0.8170650120417369,0.0026189583449800656,0.0,0.8170305299645223,-0.5764614584080323,-0.011577865830313762,0.0,-0.00795029360479399,0.008814843420213964,-0.9999295432014571,0.0,0.6553961441916076,0.2527171913235124,0.3038238468512715,1.0,-0.01598000000000001,-0.021002285714285734,-0.007990000000000006,0.8000000000000006
0.46032460628272814,0.5117616365064506,-0.1241241759272622,-1.4116649177022058,0.07615380077989103,1.9147114289683518,0.15512522814798663,-0.011521197441227158,-0.07628196597423821,-0.0012207124267588033,-0.1356064165549288,-0.011592761423794763,0.05134820599136196,-0.012047178450602948,0.5766276472977852,0.8169912912721835,0.0025560239513478158,0.0,0.8169559244231546,-0.5765663305931874,-0.011620278715451286,0.0,-0.008020103573988746,0.00878890210025668,-0.9999292140639429,0.0,0.6551102159072852,0.25236438809871814,0.30379333454140495,1.0,-0.01632000000000001,-0.021449142857142875,-0.008160000000000006,0.8170000000000006
0.46012966594323024,0.5103054353062798,-0.12412978609807612,-1.4139840080776442,0.07600573158022156,1.915600124085147,0.15495382230287588,-0.00978038262980373,-0.08056014054628272,0.00015843772404487255,-0.13098172317547085,-0.008975791593119918,0.049923891489601566,-0.02022356017711742,0.5767186384839097,0.8169269906163075,0.0025789395218389216,0.0,0.8168919716132955,-0.5766572876242768,-0.011602855026375324,0.0,-0.007991675034152379,0.008798467141760927,-0.9999293575578745,0.0,0.6548470017201671,0.25203719040850797,0.30379382839616537,1.0,-0.016640000000000012,-0.021869714285714305,-0.008320000000000006,0.8330000000000006
0.4599304146704781,0.5088091359886858,-0.12413548433872268,-1.4163640545863074,0.07585122343441247,1.9164745659574862,0.15477243744541008,-0.017601307242283232,-0.08927057868216005,-0.00012955841813216693,-0.13878228775233156,-0.013980057276355097,0.05281917869305118,-0.015991916708856465,0.5768192599647849,0.8168559993451514,0.0025621414325691814,0.0,0.816820823393655,-0.5767580206479104,-0.011604955408128496,0.0,-0.00800199588921141,0.008786941440894896,-0.9999293763671029,0.0,0.6545526435413945,0.25167506453120414,0.3037840593805912,1.0,-0.016980000000000012,-0.02231657142857145,-0.008490000000000006,0.8500000000000006
0.45972048153089823,0.5073007094322548,-0.12413564638118543,-1.4187402773201003,0.07570378397621837,1.9173155791511287,0.15458548760534002,-0.017005918322960157,-0.09296518780573769,-0.0009094377057811061,-0.13802662225658044,-0.004373493963140544,0.05111293300067253,-0.00773590128975324,0.5769212363391674,0.8167840566606093,0.0025374686468624275,0.0,0.8167484970054568,-0.5768599991051537,-0.011626735265656423,0.0,-0.008032922493293737,0.00878035323658237,-0.9999291862693368,0.0,0.6542529040321,0.2513087788242209,0.30378099343193066,1.0,-0.017320000000000012,-0.02276342857142859,-0.008660000000000006,0.8670000000000007
0.45952135481732415,0.5058453689397124,-0.1241436701223366,-1.421024310111131,0.07557015728155779,1.9181588683907607,0.1544017567676765,-0.01711088091799656,-0.08726776664550669,-0.0005836962817781467,-0.1361050629853913,-0.008968440079692849,0.05862921253285273,-0.004989977825886958,0.577032407784735,0.8167054352169119,0.0025650252463226024,0.0,0.8166702044343913,-0.576971030544372,-0.011616970468384492,0.0,-0.008007851838503333,0.008798317527706337,-0.999929229454572,0.0,0.6539562257103273,0.2509366353619107,0.30379168362926345,1.0,-0.017660000000000012,-0.023210285714285735,-0.008830000000000006,0.8840000000000007
0.4592895079009309,0.5041213894141928,-0.12414299041865527,-1.4236363903363443,0.07540194150984814,1.9191802864972372,0.15419640100814488,-0.011762516907489584,-0.09705808685769174,9.86578556662951e-05,-0.1398402291157182,-0.004985660532143915,0.054625077788312965,-0.014475009387782439,0.577131801436867,0.8166349118086229,0.002655463569232167,0.0,0.8166009480450706,-0.5770702122716855,-0.011558921308327648,0.0,-0.007907181995408574,0.008839645336041216,-0.9999296660981833,0.0,0.6536615353277085,0.2505612555456345,0.3038344118301372,1.0,-0.018000000000000013,-0.023657142857142877,-0.009000000000000006,0.9010000000000007
0.45907118972761146,0.5025448829551287,-0.12414583060020232,-1.425983751257116,0.07525239234569506,1.9200712133891993,0.15401544710596343,-0.012453774664885585,-0.1031960097970634,0.001313041560130219,-0.14827099629812412,-0.001417848415996134,0.05697487391177799,-0.0075825694186935,0.5772442248970321,0.8165551253293561,0.002753002468583768,0.0,0.8165224957163001,-0.5771823853863263,-0.011500212614681895,0.0,-0.007801723228452184,0.008886490855760654,-0.9999300792530131,0.0,0.6533803176886364,0.2501954503214799,0.3038952888029317,1.0,-0.018320000000000013,-0.024077714285714306,-0.009160000000000007,0.9170000000000007
0.458846458551598,0.5008464071256334,-0.12415151493091758,-1.428522896157099,0.07508682259389818,1.9209751777631217,0.1538132055232225,-0.008610187829383593,-0.10116219478352244,-0.0009340459535823217,-0.15221601328527257,-0.006178759388987405,0.05083571598049187,-0.014555132670411312,0.5773511488064857,0.8164793617734243,0.002801726450154778,0.0,0.8164473979182247,-0.5772891826580462,-0.01147139572037699,0.0,-0.007748900674332648,0.008910657325246762,-0.9999302749313931,0.0,0.6530608348917891,0.24980114414281565,0.30395060764509707,1.0,-0.018660000000000013,-0.02452457142857145,-0.009330000000000007,0.9340000000000007
0.4586280070132444,0.4992433493058612,-0.12414653038127106,-1.4309720531205181,0.0749352178783172,1.9218623656636549,0.15362507856793317,-0.011207976580771266,-0.09354079003596973,0.00025704853045754373,-0.15514466439647803,-0.010418963653960028,0.04706727383275685,-0.01426742155094298,0.5774558627557508,0.8164051845679221,0.0028369139635812156,0.0,0.8163736143535264,-0.5773937030961822,-0.011462125171457706,0.0,-0.007719870788782002,0.008935025112878484,-0.9999302820303207,0.0,0.652751380785115,0.24942778198289797,0.3039798409859924,1.0,-0.018980000000000014,-0.02494514285714288,-0.009490000000000007,0.9500000000000007
0.45835717640540674,0.49748282527580123,-0.12414653038142018,-1.4337482150041607,0.07475933187130568,1.9229024540712336,0.15340556976751024,-0.01022701420644138,-0.09715289428961091,0.0002262178432633616,-0.15133137141783254,-0.006481470116560141,0.05543018148431587,-0.01437146689112887,0.5775910956364133,0.816309464669223,0.0028514968319687736,0.0,0.81627810579805,-0.5775289002518722,-0.011452958998400237,0.0,-0.00770248529613432,0.008942913747655393,-0.9999303455811135,0.0,0.6524120424655069,0.24898714750329096,0.303976099491357,1.0,-0.019340000000000017,-0.02541828571428574,-0.009670000000000008,0.9680000000000007
0.4581245974751031,0.49601138182799726,-0.12414684439108913,-1.4361196970037615,0.07461214457655589,1.9237445085924914,0.15321235429946536,-0.017921217231059588,-0.10361807077368566,0.0002888227000075747,-0.15658218466520304,-0.010388817505070338,0.053799300703558595,-0.013381538643011706,0.577717910755213,0.8162198836516055,0.0028042870037987295,0.0,0.8161878250253355,-0.5776557430162017,-0.011490158485446357,0.0,-0.007758732708966765,0.008927067138541231,-0.9999300523231887,0.0,0.6520901918742664,0.2485810253014484,0.3039501583566057,1.0,-0.019660000000000014,-0.025838857142857167,-0.009830000000000007,0.9840000000000008
0.4578344351140671,0.49423518177965037,-0.12414868580644108,-1.4390302217835074,0.07443198613849945,1.9247413225470984,0.15298729285979668,-0.019014380841704967,-0.0930155279603921,0.00044878982310050697,-0.16479262985526189,-0.009743858324946687,0.06010238322752808,-0.01624433566934121,0.577855355232854,0.8161229996828123,0.002680432548826852,0.0,0.8160892075404853,-0.5777934218607188,-0.011572116990086341,0.0,-0.007895686552609416,0.008874652713305772,-0.9999294468476669,0.0,0.6517339166464168,0.24813368565513025,0.30388411338765425,1.0,-0.01998000000000036,-0.026259428571429048,-0.009990000000001545,1.0010000000000006
0.45755033435641695,0.4922037396008935,-0.12422495546773064,-1.4421452049272847,0.07425166812230877,1.9258877726395334,0.15285325834348915,-0.0158528199471976,-0.13633440139962327,-0.0030400593929236263,-0.20751122264039937,-0.012713455607663123,0.0846919929122341,-0.005704658744134437,0.578140050007717,0.8159212139129972,0.0027206920120034696,0.0,0.815888135719488,-0.5780781663659749,-0.011529547447277692,0.0,-0.007834580539457792,0.00888564454746818,-0.99992982987245,0.0,0.6513573106325075,0.2476099987194494,0.3039171052837368,1.0,-0.028722857142856537,-0.03775004081632574,-0.04922785105714008,1.0179999999999987
