position_joint1,position_joint2,position_joint3,position_joint4,position_joint5,position_joint6,position_joint7,velocity_joint1,velocity_joint2,velocity_joint3,velocity_joint4,velocity_joint5,velocity_joint6,velocity_joint7,ee_T_00,ee_T_10,ee_T_20,ee_T_30,ee_T_01,ee_T_11,ee_T_21,ee_T_31,ee_T_02,ee_T_12,ee_T_22,ee_T_32,ee_T_03,ee_T_13,ee_T_23,ee_T_33,v_x,v_y,time
0.465082270334,0.547875994172,-0.123982166554,-1.35585669414,0.0794615882672,1.89409787496,0.159175102877,-0.000165123870396,0.000887586417337,0.000816941709034,-0.00122490697482,-0.000200603343368,0.000189037367014,0.0054556698345,0.573798564951,0.818982688476,0.00181926867803,0.0,0.818938125908,-0.573740820077,-0.011940025658,0.0,-0.00873505378741,0.00834119866365,-0.99992705896,0.0,0.66166703862,0.260889338829,0.303135427552,1.0,0.0,0.0,0.0
0.46508150597,0.547875197671,-0.123984951688,-1.3558518668,0.0794612296959,1.89409519802,0.159175606557,-0.00159823351545,0.000281533227,-0.00108997342433,0.000323741011798,0.000147609772381,-0.000377210155219,6.64639978902e-05,0.573801171222,0.818980858867,0.00182088280586,0.0,0.818936336872,-0.573743437826,-0.0119369427816,0.0,-0.00873157620049,0.00834077942964,-0.99992709283,0.0,0.661668492541,0.2608875656,0.303138148311,1.0,-0.00024,-0.000315428571429,0.013
0.465079081174,0.547873784055,-0.123987460277,-1.35585750391,0.0794605177809,1.89409637541,0.159175556871,-0.00100952067906,0.00177087329522,-0.00149579947252,9.63576297823e-05,-0.000414869219486,-0.000224370633788,0.000414507378617,0.573798919647,0.818982432715,0.00182253034969,0.0,0.818937914257,-0.573741162388,-0.0119380934553,0.0,-0.00873159624894,0.0083427649546,-0.999927076091,0.0,0.661666304571,0.260890573395,0.303138841885,1.0,-0.00056,-0.000736,0.029
0.465084157342,0.54785244245,-0.123985662318,-1.35587810784,0.0794612296932,1.89409985266,0.159176066177,0.00101178550352,-0.000237159444328,-0.00159523415332,-0.000936390496382,-0.000299442071541,2.42870948521e-05,-5.81788720188e-05,0.573801297569,0.818980765865,0.00182289679031,0.0,0.818936252435,-0.573743538704,-0.0119378869652,0.0,-0.00873119265691,0.00834297192496,-0.999927077888,0.0,0.661663479038,0.260886409294,0.303142207228,1.0,-0.0009,-0.00118285714286,0.046
0.465082965037,0.54775704246,-0.123977480508,-1.35597926536,0.0794582936942,1.89411976014,0.159169994766,0.000353109155205,-0.00817419886072,0.00239468652927,-0.0159713851937,0.00034473660714,0.00296793934385,-0.00182058849018,0.573796300552,0.818984228233,0.0018401847489,0.0,0.81893984504,-0.573738377906,-0.0119394650351,0.0,-0.00872261688184,0.00835798239789,-0.99992702738,0.0,0.661645381906,0.2608804811,0.303163096858,1.0,-0.00124,-0.00162971428571,0.063
0.465072623419,0.54763646289,-0.123982829055,-1.3561545147,0.0794564389906,1.89415075448,0.159169984078,-0.00176647684398,-3.35875980736e-05,0.000211564926339,-0.0114642913827,-0.000533680986843,0.0052378058376,9.36177257663e-05,0.573817571116,0.81896935968,0.00182479751128,0.0,0.818924678599,-0.573759618309,-0.0119590166681,0.0,-0.008747241511,0.00835682650765,-0.999926821931,0.0,0.661618597557,0.260853123932,0.303167971645,1.0,-0.00156,-0.00205028571429,0.079
0.465055980713,0.547485600446,-0.123986017129,-1.35636744026,0.0794504817247,1.89423444904,0.159164676995,-0.00017868730021,-0.0152491614901,0.0015850096077,-0.00905800093564,-0.000202799201009,0.00320612975247,-0.00182499732741,0.573830873284,0.818959941042,0.00186835092045,0.0,0.818915771663,-0.573772679846,-0.0119422646791,0.0,-0.00870839532657,0.00838302360472,-0.999926941714,0.0,0.6615964391,0.26082405751,0.303193945824,1.0,-0.00192,-0.00252342857143,0.097
0.465034265424,0.547289699109,-0.123983206766,-1.35657668661,0.0794485540154,1.89437263638,0.159149642897,-0.00164931110078,-0.0147392745089,-0.00135024186022,-0.0159850701045,-3.35915950808e-06,0.00711318816335,0.000535624790384,0.573854476875,0.818943192489,0.00195799597315,0.0,0.818900177576,-0.573795892835,-0.0118961940599,0.0,-0.00861898303644,0.00843024977759,-0.999927319369,0.0,0.661585759078,0.260795790712,0.303231934277,1.0,-0.00224,-0.002944,0.113
0.465009058312,0.547087826949,-0.123980343863,-1.35682852887,0.0794446519857,1.89447896534,0.159133295119,-0.000701796390574,-0.015710018826,0.000389984985707,-0.0221973036739,-5.64141464613e-05,0.00776659866386,-0.00334379221024,0.573872816495,0.818930207218,0.00201323017805,0.0,0.818887813505,-0.573813907348,-0.0118783638944,0.0,-0.00857249657771,0.00846544278801,-0.999927421657,0.0,0.661560676956,0.260760127528,0.303264185665,1.0,-0.00256,-0.00336457142857,0.129
0.46497179187,0.546869348384,-0.123983103245,-1.35717769572,0.079438157747,1.89462143872,0.159098812382,-0.0034431985523,-0.0178673419761,-2.18988449094e-05,-0.0218067751368,0.000525024199529,0.00853107768532,-0.00455278587337,0.573894948849,0.818914656829,0.00202963458413,0.0,0.818872374688,-0.573835869287,-0.0118817504489,0.0,-0.00856562738032,0.00848105154427,-0.999927348257,0.0,0.66152547351,0.260703922793,0.303265188715,1.0,-0.0029,-0.00381142857143,0.146
0.464930271436,0.546570773641,-0.123985220396,-1.35760232871,0.0794281663213,1.89477684071,0.158953627156,-0.00232748559384,-0.0172454468922,-0.000275488225511,-0.0228614217299,-0.000762448506358,0.0101488747954,-0.00392738292528,0.573832589226,0.818958267914,0.00206442689408,0.0,0.8189162962,-0.573773234478,-0.0118794830022,0.0,-0.00854445243404,0.0085075911132,-0.999927303971,0.0,0.661478782587,0.260637685245,0.303288077818,1.0,-0.00326,-0.00428457142857,0.164
0.464894082811,0.546312982443,-0.123982870274,-1.35800087329,0.079412536295,1.89491939296,0.158939371305,-0.00123121889899,-0.0175066139268,-0.000639171073052,-0.0243971105279,0.000338303681393,0.00936886556337,-0.000152925874287,0.573867013757,0.818934129887,0.00207082824676,0.0,0.818892147726,-0.573807535363,-0.0118873737777,0.0,-0.00854688380284,0.0085177206743,-0.999927196956,0.0,0.661432305919,0.260578332134,0.303293211756,1.0,-0.00356,-0.00467885714286,0.179
0.464840840656,0.545979622249,-0.123980615485,-1.35857139468,0.0793720692021,1.89511646909,0.158890966704,-0.000911596211707,-0.0165915369807,-0.000297125322337,-0.0318800020026,0.000714697560619,0.0140865189043,-0.00441420956027,0.57389051068,0.8189177587,0.0020330122987,0.0,0.8188753035,-0.573831202974,-0.0119052388946,0.0,-0.00858297090809,0.00849725079049,-0.99992706201,0.0,0.661365025827,0.260487895972,0.303274677443,1.0,-0.00392,-0.005152,0.197
0.464782292511,0.545628572265,-0.123983541474,-1.35917208233,0.0792740154308,1.89531860852,0.158778699202,-0.00235770609614,-0.0229312339573,-0.00294787389848,-0.0394635060343,-0.00166159962605,0.00368230959903,-0.00809216545083,0.573855986629,0.818942135178,0.0019577389308,0.0,0.81889924022,-0.573797524086,-0.0118820293537,0.0,-0.00860751445919,0.00842192674908,-0.999927488293,0.0,0.661298027123,0.260378623787,0.303254789867,1.0,-0.00426,-0.00559885714286,0.214
0.464726136923,0.545268439498,-0.123986164162,-1.35981322698,0.0792671252281,1.89552619443,0.158728481496,-0.00236327777003,-0.0158071412773,-0.000491499584897,-0.0421884651236,0.000135217352787,0.0200319289108,-0.00336632168065,0.573896530427,0.818913833354,0.00191123196658,0.0,0.818870009797,-0.573837942055,-0.0119444637723,0.0,-0.00868491640823,0.00842009896895,-0.999926834404,0.0,0.661217185732,0.260281559312,0.303222683882,1.0,-0.00458,-0.00601942857143,0.23
0.46465996706,0.544804554656,-0.123987032547,-1.36056161897,0.0792478954961,1.89578170033,0.158627802101,-0.00478943232601,-0.0258130697062,-0.000653032141911,-0.0407600280598,0.000796563478303,0.0180999248238,-0.00655654409339,0.573905401704,0.818907640548,0.0019008021743,0.0,0.818863409282,-0.573846593349,-0.0119812829762,0.0,-0.00872096322598,0.0084327827254,-0.99992641378,0.0,0.661126806967,0.260168788526,0.303217016179,1.0,-0.00494,-0.00649257142857,0.248
0.464582493769,0.54431421665,-0.123993879953,-1.36136463442,0.0792152101571,1.89607580423,0.158512972477,-0.00677893082124,-0.0292064215468,-0.000704837936338,-0.0478112963227,-0.000143789578428,0.0202427772333,-0.00609127104522,0.573915702576,0.818900443562,0.00189123562878,0.0,0.818855963167,-0.573856813772,-0.0120006572557,0.0,-0.0087422134124,0.00843617763522,-0.999926199583,0.0,0.661037222258,0.260039392015,0.303207548747,1.0,-0.0053,-0.00696571428571,0.266
0.464524179041,0.543873511029,-0.123994234616,-1.36209024065,0.0791776944429,1.89633056859,0.158434817965,-0.00407626093745,-0.0318704060831,-0.00104932001751,-0.044413446809,-0.00393975240303,0.0239209680872,-0.0138719811986,0.573930085647,0.818890415736,0.001868343136,0.0,0.818845553524,-0.57387121378,-0.0120223279421,0.0,-0.00877294968986,0.0084300224789,-0.999925982298,0.0,0.660949987141,0.259931510018,0.303196114715,1.0,-0.0056,-0.00736,0.281
0.464441428725,0.543334166161,-0.123993159127,-1.36295328204,0.0791172923432,1.89662423974,0.158309436395,-0.00591887171493,-0.0350522140016,-0.000453806168449,-0.0512602692945,-0.00296227036259,0.0211827421582,-0.00230937026677,0.573926207229,0.818893200499,0.0018389493035,0.0,0.818847979887,-0.573867487866,-0.012034912011,0.0,-0.00880016382771,0.00841313330597,-0.999925885406,0.0,0.660848664315,0.25979223313,0.30319229581,1.0,-0.00594,-0.00780685714286,0.298
0.464370559762,0.542778629508,-0.123999150441,-1.36385233798,0.0790669836527,1.89694200584,0.158201963935,-0.00384777461489,-0.0351890122238,-0.000552205412382,-0.0530973730238,-0.00273920081702,0.0281094599811,-0.00562390270325,0.573936945908,0.818885722435,0.00181730973437,0.0,0.818840182405,-0.573878284768,-0.0120505954708,0.0,-0.0088253158993,0.0084045300085,-0.99992573608,0.0,0.660742110767,0.259655926098,0.303185069955,1.0,-0.00628,-0.00825371428571,0.315
0.464294508656,0.542216220248,-0.124002028629,-1.36472476683,0.0790240921328,1.89726237906,0.158088011716,-0.00741449161465,-0.0340992288761,-0.00187243586886,-0.0573488589154,-0.00491551774178,0.0211243669813,-0.00214062018623,0.573944940953,0.818880089051,0.00183068620217,0.0,0.818834635854,-0.573886136326,-0.0120535703878,0.0,-0.00881999317334,0.00841727707286,-0.999925675822,0.0,0.660642485839,0.259522638504,0.303195440255,1.0,-0.0066,-0.00867428571429,0.331
0.464208858125,0.541584962313,-0.124004948849,-1.36567911266,0.0789651989238,1.89762128113,0.157954723735,-0.00446668550632,-0.0396536161184,-0.000199854205568,-0.05516462912,-0.00260051290493,0.0191123868427,-0.00352523892343,0.573945239771,0.818879813939,0.00185983009943,0.0,0.818834768312,-0.573886333583,-0.0120351664355,0.0,-0.00878819297456,0.00843058234893,-0.999925843723,0.0,0.660536720159,0.259374202476,0.303218744226,1.0,-0.00694,-0.00912114285714,0.348
0.464117818503,0.540915503409,-0.123999698344,-1.36672657474,0.0789068195662,1.89801073647,0.157827141561,-0.0015205697505,-0.0444785590052,-0.000304148557545,-0.0630649577929,-0.000757514435435,0.0244718664117,-0.00458572105095,0.573946012767,0.818879250962,0.00186913730698,0.0,0.818834247066,-0.573886989389,-0.0120393580797,0.0,-0.00878627610755,0.00844061771358,-0.999925775908,0.0,0.660406795503,0.259211475589,0.303225598094,1.0,-0.0073,-0.00959428571429,0.366
0.464030033163,0.54024193403,-0.123999962496,-1.36777023871,0.078838572206,1.89838653364,0.157690540867,-0.00304666426201,-0.0437704854692,0.00180652129671,-0.0663314554214,-0.000275935338735,0.0214409391469,-0.00954811911668,0.573953818379,0.818873766506,0.0018750459806,0.0,0.81882886451,-0.573894792142,-0.0120334990413,0.0,-0.00877800656474,0.00844217703248,-0.999925835374,0.0,0.660294075971,0.259059851714,0.303238917214,1.0,-0.0076,-0.00998857142857,0.381
0.463919939993,0.539462669986,-0.124005832282,-1.36898062642,0.0787728550403,1.89885251651,0.157546066674,-0.00838848529955,-0.0444021933624,0.00069573753341,-0.0672509436767,-0.000384622418435,0.0195477171037,-0.0131087573066,0.573979284754,0.818855844619,0.00190612363244,0.0,0.818811325215,-0.573920098678,-0.0120200222484,0.0,-0.00874887125018,0.00846016227468,-0.999925938711,0.0,0.660161217282,0.258871302846,0.303254047328,1.0,-0.00796,-0.0104617142857,0.399
0.463811204994,0.538693939864,-0.124014031142,-1.37015790374,0.0787107325144,1.89931221441,0.157399857077,-0.00289128224878,-0.0477616960458,-0.000822806547362,-0.0734730039476,-0.00101165150507,0.0202205942284,-0.0102332637403,0.574002916402,0.818839172475,0.00195153365167,0.0,0.81879522936,-0.573943517063,-0.0119982707486,0.0,-0.00870475159662,0.00848511221007,-0.999926112356,0.0,0.660034219103,0.25868625902,0.303276892474,1.0,-0.0083,-0.0109085714286,0.416
0.463705915843,0.537966878289,-0.124015048575,-1.37131763791,0.0786393666588,1.89975700254,0.15725438306,-0.0117108688766,-0.0432773330382,-0.00111423722064,-0.0731665005627,-0.00083013594518,0.0317009524296,-0.011890659119,0.574015727555,0.8188301732,0.0019593056401,0.0,0.818786357007,-0.57395631848,-0.0119913700748,0.0,-0.00869450717949,0.00848765115878,-0.999926179937,0.0,0.659904937344,0.258506696192,0.303276991474,1.0,-0.00862,-0.0113291428571,0.432
0.463586915632,0.537086820747,-0.124028992987,-1.37267187654,0.0785581119285,1.90025602745,0.157083955993,-0.00810122716382,-0.0490667348238,-0.00241849299724,-0.0764839788616,-0.00424582871751,0.0277796733963,-0.0151310917052,0.574036209387,0.818815771415,0.00197729514975,0.0,0.818772239418,-0.573976770098,-0.0119764037936,0.0,-0.00867171378479,0.00849400734947,-0.999926323896,0.0,0.659752213446,0.258291606616,0.30329752628,1.0,-0.00898,-0.0118022857143,0.45
0.463485121603,0.536290016628,-0.124026770299,-1.373905502,0.0784878996002,1.9007269105,0.156931694314,-0.0073698302035,-0.0545299845312,0.000833414635571,-0.0770096806309,-0.00313458914516,0.0244227649743,-0.0137521395937,0.574042447576,0.818811322593,0.00200830196894,0.0,0.81876815181,-0.573982834847,-0.0119651904874,0.0,-0.00864466902741,0.00851302482661,-0.999926396344,0.0,0.659610606599,0.258110362228,0.303313577908,1.0,-0.0093,-0.0122228571429,0.466
0.463369240671,0.53545886745,-0.124030368177,-1.37523457034,0.0784190944853,1.90121032423,0.156771162296,-0.00846066006562,-0.0500984039608,-0.000413514207027,-0.0790559999085,-0.00310089668844,0.0344472066755,-0.0103423690565,0.574062955185,0.81879696369,0.00200065950317,0.0,0.818753577393,-0.574003258016,-0.0119827457062,0.0,-0.0086632175217,0.00851706151652,-0.99992620144,0.0,0.659454842155,0.257906659739,0.303309591853,1.0,-0.00962,-0.0126434285714,0.482
0.463239398528,0.534509625595,-0.124030795321,-1.37677003204,0.0783200501295,1.90176407097,0.156578378928,-0.00711203131266,-0.0503158403799,0.000451812857002,-0.0866135787366,-0.00899420810325,0.0363200981753,-0.00979723867247,0.574069267311,0.818792615972,0.00196856785465,0.0,0.818748826487,-0.574009720281,-0.0119977935632,0.0,-0.00869389507835,0.00849949082258,-0.99992608469,0.0,0.659272454515,0.257672554565,0.303296487763,1.0,-0.00998,-0.0131165714286,0.5
0.463110853693,0.533587261134,-0.124033983796,-1.37825066495,0.0782420058934,1.90231289153,0.156402919812,-0.00327099287112,-0.0482639101398,0.000813846993174,-0.091839404985,-0.00595501998593,0.0384823610993,-0.00506032125031,0.574093255791,0.818775806066,0.00196467746243,0.0,0.818731857764,-0.574033616751,-0.0120124445424,0.0,-0.00870787570709,0.00850497117311,-0.999925916439,0.0,0.65909987028,0.257446928207,0.303290021265,1.0,-0.01032,-0.0135634285714,0.517
0.46298978862,0.532695919994,-0.124037098476,-1.37967984675,0.0781660582551,1.90285900612,0.156225975959,-0.0104636118799,-0.0586720671367,0.00101975810849,-0.0916024950684,-0.00113633196743,0.0303498426946,-0.0164577696599,0.574107569891,0.818765744982,0.00197482624304,0.0,0.818721852918,-0.574047811251,-0.0120160248618,0.0,-0.00870483246027,0.00851548818359,-0.999925853428,0.0,0.658935483891,0.257232144995,0.303285745979,1.0,-0.01064,-0.013984,0.533
0.462857629017,0.531709093381,-0.124039337967,-1.38125568435,0.0780755386514,1.90342454005,0.156010264458,-0.00542177846926,-0.0597358255203,1.23892540179e-05,-0.0932488350287,-0.000279572733009,0.028998797014,-0.0175860924988,0.57410227964,0.818769497763,0.00195676920496,0.0,0.81872528629,-0.574042517285,-0.012034984013,0.0,-0.00873077719027,0.0085115320582,-0.999925660913,0.0,0.658746365736,0.256993406139,0.30328042688,1.0,-0.01098,-0.0144308571429,0.55
0.462725537469,0.530701066204,-0.124037285842,-1.38289802031,0.0779658377402,1.90400064123,0.155798054429,-0.00911532179471,-0.063843695067,-0.000202326144192,-0.0882476384354,-0.000917394290827,0.0306252415133,-0.0174770165496,0.574094935647,0.818774776939,0.00190168749517,0.0,0.818729854773,-0.574035421186,-0.0120626293706,0.0,-0.00878510983051,0.0084822260681,-0.999925434063,0.0,0.658544000342,0.256747250034,0.303258937915,1.0,-0.01132,-0.0148777142857,0.567
0.462594104962,0.529719633872,-0.124040367634,-1.38444668831,0.0778659758831,1.90456894364,0.155587880801,-0.00768816249695,-0.0557077217652,0.000648572587133,-0.0934604320879,-0.00872693200501,0.0305973416128,-0.0150357657909,0.574089853339,0.818778348795,0.00189808848138,0.0,0.81873342063,-0.5740303948,-0.0120597964398,0.0,-0.00878490887214,0.00847759846447,-0.999925475073,0.0,0.658361287316,0.256510391749,0.303262554744,1.0,-0.01164,-0.0152982857143,0.583
0.462457841059,0.52862492066,-0.124043721003,-1.38613897275,0.0777675744411,1.90520997861,0.155367601859,-0.00613196082701,-0.066218003844,-0.00751823386087,-0.0993049217442,-0.0102162942065,0.0384529557009,-0.0131671035687,0.574088785308,0.818779009446,0.00193576235357,0.0,0.818734551864,-0.574029142614,-0.0120425875489,0.0,-0.00874920234962,0.0084985536045,-0.999925610256,0.0,0.658163268817,0.25625981591,0.303283680751,1.0,-0.01198,-0.0157451428571,0.6
0.462313009169,0.527515219544,-0.124046449298,-1.38785514765,0.0776626388643,1.90587623692,0.15511354269,-0.00976323948921,-0.0671070138047,0.00218239159534,-0.104515488761,-0.00642778591554,0.0383945913366,-0.0113222567459,0.574074364862,0.818789008654,0.00198237665785,0.0,0.818745162108,-0.574014526254,-0.0120179064513,0.0,-0.00870238425913,0.00852239739367,-0.999925815874,0.0,0.657954133386,0.255984718579,0.303302514126,1.0,-0.01234,-0.0162182857143,0.618
0.462167292749,0.526419952372,-0.124041173945,-1.38955115461,0.0775516890112,1.90651575882,0.154889573101,-0.00877507754819,-0.0653676227618,0.000377171749756,-0.103676884915,-0.00191884039172,0.0371233981752,-0.0161385786975,0.574059929958,0.818799053325,0.00201345272021,0.0,0.818755694751,-0.574000042294,-0.0119921083004,0.0,-0.00866357177779,0.00853287901614,-0.999926063517,0.0,0.657767958041,0.25574773522,0.303324642276,1.0,-0.01264,-0.0166125714286,0.633
0.462000799364,0.525166539612,-0.124046769366,-1.39150822162,0.0774353321384,1.90721205872,0.154624194949,-0.0104853389094,-0.0671723205715,-0.00162747951311,-0.109297985092,-0.00532778682512,0.0416433581538,-0.0228799408772,0.574056767275,0.81880128408,0.00200799303884,0.0,0.818757790415,-0.573996840225,-0.0120022892353,0.0,-0.00867507520035,0.00853421961214,-0.999925952341,0.0,0.657530649513,0.255447594333,0.30333540691,1.0,-0.013,-0.0170857142857,0.651
0.461835863534,0.523996870587,-0.124055626893,-1.39340448827,0.0773042878989,1.90788621438,0.154364448009,-0.00874481372589,-0.071080897055,4.50238830321e-05,-0.116087875559,-0.00879340068326,0.0349413087339,-0.0217198338511,0.574051731474,0.818804949873,0.00195206451155,0.0,0.818760838696,-0.573992153241,-0.0120184830816,0.0,-0.0087204916214,0.00849766860579,-0.999925868579,0.0,0.657301486996,0.255148881728,0.303314073543,1.0,-0.01334,-0.0175325714286,0.668
0.46168860239,0.522851652418,-0.124059889883,-1.39521244989,0.0772108407782,1.90859049752,0.154125980972,-0.00541575282792,-0.0716144942332,-0.00115233778358,-0.114826027359,3.67443175759e-05,0.0435746120213,-0.0146488670543,0.574052127996,0.818804572944,0.00199313071514,0.0,0.818760891411,-0.573992270546,-0.0120092859844,0.0,-0.0086893839547,0.00852601780834,-0.999925898068,0.0,0.6570902877,0.254882697749,0.303319783414,1.0,-0.01366,-0.0179531428571,0.684
0.461524764065,0.521612215663,-0.124062306734,-1.39717982519,0.0770758701945,1.90935554498,0.153862027997,-0.00705347287654,-0.0732517039615,-0.000718016028932,-0.118644966155,-0.0139444462657,0.0447973221289,-0.0155440781442,0.574040818308,0.818812453231,0.0020130205952,0.0,0.818769203229,-0.573981047349,-0.0119789828203,0.0,-0.00865327124301,0.00852478849806,-0.999926221717,0.0,0.656861603762,0.254586500468,0.303320671925,1.0,-0.014,-0.0184,0.701
0.461344563404,0.520258367047,-0.124070577726,-1.39932769933,0.0769435127815,1.9101428876,0.153563795753,-0.00655877857291,-0.0742917711608,-0.000728539511924,-0.121119766188,-0.00772761357921,0.0435871550526,-0.0117970087446,0.574028806187,0.818820896951,0.00200381752616,0.0,0.818777533585,-0.573969082016,-0.0119829164871,0.0,-0.00866189988842,0.00851938404207,-0.999926193069,0.0,0.656602414495,0.254258225497,0.303317787097,1.0,-0.01436,-0.0188731428571,0.719
0.461193659118,0.519082986625,-0.124077594373,-1.4011736473,0.0768313286972,1.91079120645,0.153319772098,-0.0105203161841,-0.0746928634218,-0.000957211437395,-0.12842513029,-0.00355836178083,0.0468143155686,-0.01884460391,0.574025184021,0.818823483921,0.00198423528244,0.0,0.818779816038,-0.573965494916,-0.011998766429,0.0,-0.00868615637963,0.0085124097972,-0.999926042049,0.0,0.656372550704,0.253977306878,0.30332081575,1.0,-0.01466,-0.0192674285714,0.734
0.461014767955,0.517720022704,-0.124078113364,-1.40329030598,0.0766859006974,1.91155691553,0.153031513175,-0.0113467052889,-0.0787896841543,0.000292091355257,-0.126918112191,-0.0113120753944,0.046128737551,-0.0144047094857,0.574008712927,0.818835026712,0.00198580316915,0.0,0.81879147218,-0.573949110299,-0.0119871086442,0.0,-0.0086758815023,0.00850682728768,-0.99992617876,0.0,0.656113805396,0.253654796399,0.3033362259,1.0,-0.015,-0.0197142857143,0.751
0.460822790994,0.516295630945,-0.124077291649,-1.40556345083,0.0765519082597,1.91240008265,0.152713802354,-0.00823212383263,-0.0850413728944,0.000978895660455,-0.130925023138,-0.0084894274467,0.0442988577352,-0.01347186253,0.573989287249,0.81884865189,0.00198250403588,0.0,0.818804967403,-0.573929615833,-0.0119986802242,0.0,-0.00868745260677,0.00851056191701,-0.999926046517,0.0,0.655836637462,0.253313827062,0.303326574758,1.0,-0.01536,-0.0201874285714,0.769
0.460647356204,0.51500601481,-0.124085082388,-1.40762689357,0.0764298633977,1.91317348116,0.152434678747,-0.0126990367027,-0.0772097857824,0.000708685907581,-0.132733928985,-0.0111197162197,0.0513644222625,-0.0180174008698,0.573985911901,0.818851022237,0.00198071218664,0.0,0.818807291732,-0.57392622634,-0.0120021925685,0.0,-0.00869139231933,0.00851107489207,-0.999926007914,0.0,0.655588031556,0.252999046031,0.303316027466,1.0,-0.01568,-0.020608,0.785
0.460461803176,0.513579487805,-0.124085804198,-1.40988985901,0.0762957046884,1.91395326455,0.152116809514,-0.00734245264171,-0.0808012479235,0.000679394489518,-0.124721795664,-0.0027918347842,0.0389968250434,-0.0173396228288,0.573960471426,0.818868960958,0.00193621287877,0.0,0.818824486015,-0.573900820254,-0.0120439409884,0.0,-0.00875138377499,0.00849832818198,-0.999925593082,0.0,0.655297693355,0.252658490753,0.303306382225,1.0,-0.01602,-0.0210548571429,0.802
0.460257114527,0.512069738808,-0.124095734382,-1.41231104797,0.0761425789935,1.91482480155,0.151777995431,-0.00958001161375,-0.0847895044618,-0.000665198208859,-0.136026628791,-0.00456548703246,0.0543169589565,-0.0141820431722,0.573943067465,0.818881251851,0.00189672804937,0.0,0.818836269383,-0.573883597963,-0.0120634503011,0.0,-0.00879020140545,0.00847700659863,-0.999925433579,0.0,0.654997231295,0.252285550877,0.303287516461,1.0,-0.01638,-0.021528,0.82
0.460081698789,0.510804403314,-0.124094015427,-1.41435078128,0.0760170611564,1.91560572222,0.151493635757,-0.00943089279276,-0.0851812592159,-0.000398419595764,-0.14262235769,-0.00619484208898,0.0536162869092,-0.0136920441664,0.573925516576,0.818893545921,0.00189967733585,0.0,0.818848595446,-0.573866030087,-0.0120625100797,0.0,-0.00878792055541,0.00847869368809,-0.999925439323,0.0,0.654750765947,0.251978949025,0.303270386327,1.0,-0.01668,-0.0219222857143,0.835
0.459884715961,0.509302253032,-0.124099342775,-1.41670226246,0.0758650045351,1.91648312416,0.151164779295,-0.012939165274,-0.087326080219,0.00214475279,-0.13700164688,-0.0122448310031,0.0541734875998,-0.0182171636837,0.573902671097,0.818909516305,0.00191705885477,0.0,0.818864859973,-0.573843176714,-0.0120456025656,0.0,-0.00876433616806,0.00848297894167,-0.999925609973,0.0,0.654463046389,0.251622597621,0.303278741833,1.0,-0.01702,-0.0223691428571,0.852
0.459664548441,0.507702851869,-0.124097601683,-1.41923077135,0.0757018959276,1.9173805353,0.15082113069,-0.0147339632685,-0.0882000384888,0.00149427352441,-0.146323551595,-0.00467867160834,0.0519160625749,-0.0170258831686,0.573887123544,0.818920482558,0.00188668437363,0.0,0.818875388535,-0.573827723875,-0.0120659961941,0.0,-0.00879862902693,0.00846964231491,-0.999925421862,0.0,0.654143352143,0.251235198494,0.303271871956,1.0,-0.01738,-0.0228422857143,0.87
0.459466118522,0.506318188419,-0.124111723969,-1.42137391049,0.0755694430376,1.91818723388,0.150522116944,-0.0139455633832,-0.0952739197632,-0.0053416070909,-0.13995504614,-0.00160804973247,0.0625169125041,-0.0256492495255,0.573889993239,0.818918386479,0.00192323901723,0.0,0.818873831214,-0.573830493397,-0.012039946061,0.0,-0.00875628859304,0.00848465802186,-0.999925666231,0.0,0.653887683765,0.250894436538,0.303290338929,1.0,-0.01768,-0.0232365714286,0.885
0.459237333492,0.504603188463,-0.124112847157,-1.42398536086,0.075398409481,1.9191980675,0.150157121045,-0.009756750755,-0.0940917115952,0.000157878420204,-0.14378979777,-0.00838068197971,0.0586512643223,-0.0230827414746,0.573867756963,0.818933753159,0.00201304665782,0.0,0.818890498614,-0.573808002667,-0.0119780739363,0.0,-0.00865431338461,0.00852245928766,-0.999926232553,0.0,0.653575000624,0.250497894434,0.303333491055,1.0,-0.01804,-0.0237097142857,0.903
0.459002654391,0.502932498259,-0.124116280558,-1.42646241097,0.0752437122151,1.92013115559,0.149809968258,-0.0141457720935,-0.101480206774,0.000464744648644,-0.14989261064,-0.00837329816581,0.0567402343985,-0.0194175216875,0.573863466043,0.818936490701,0.00211977391959,0.0,0.818894661477,-0.573803304394,-0.0119183964087,0.0,-0.00854424095324,0.00857556892536,-0.999926725097,0.0,0.653277884919,0.250108993746,0.303402265526,1.0,-0.01838,-0.0241565714286,0.92
0.458775170323,0.501331619834,-0.124124867926,-1.42887845409,0.0750932525619,1.92098668751,0.149474801828,-0.0174633180329,-0.102508761909,-0.00114507627313,-0.154698631209,-0.006362724982,0.0502649416504,-0.0220955234179,0.573864058504,0.818935986605,0.0021538574819,0.0,0.818894567654,-0.573803724511,-0.0119046085366,0.0,-0.00851338480095,0.0085955746526,-0.99992681651,0.0,0.652976163119,0.249723706668,0.303444195162,1.0,-0.0187,-0.0245771428571,0.936
0.458538529635,0.49960996628,-0.124120269343,-1.43148125178,0.0749251217407,1.92191556137,0.149110113761,-0.0148918129905,-0.105033106748,0.00078949206662,-0.154259373046,-0.01137624025,0.0565577169704,-0.02330876048,0.573842740017,0.818950819107,0.00219374455928,0.0,0.818909880121,-0.573782208275,-0.0118883392166,0.0,-0.00847739675777,0.00861868218068,-0.999926923361,0.0,0.65264643708,0.249321841964,0.303486818225,1.0,-0.01904,-0.025024,0.953
0.458271181235,0.497835662864,-0.124123599283,-1.43429159457,0.0747527956817,1.92295853502,0.148703087086,-0.0142166164879,-0.102916169378,3.28448315276e-05,-0.153440365626,-0.00449031643017,0.0576578496066,-0.0208544848333,0.573827029835,0.818961815087,0.00219821768281,0.0,0.818920888452,-0.573766435481,-0.011891294059,0.0,-0.00847741545851,0.00862387836496,-0.999926878401,0.0,0.652299195736,0.24887848618,0.303476996255,1.0,-0.0194,-0.0254971428571,0.971
0.458030845011,0.496358023105,-0.124125970166,-1.4366551252,0.074614715748,1.92379201474,0.148352422977,-0.0139943374921,-0.103080719821,-0.00292552848647,-0.159627518859,-0.0100074766916,0.0605770094649,-0.0213318431457,0.573820615643,0.818966415836,0.00215816990917,0.0,0.818924795008,-0.573760009067,-0.0119322679387,0.0,-0.00853401942619,0.00861452604137,-0.999926477524,0.0,0.652000349495,0.24849389293,0.303454264515,1.0,-0.0197,-0.0258914285714,0.986
0.457762399722,0.494684594589,-0.124125918682,-1.43938136041,0.0744399351755,1.9247337716,0.147968849129,-0.0169080180952,-0.101167542005,-1.21249897524e-05,-0.161508877515,-0.00854810964184,0.058056839666,-0.0309837119702,0.573808608108,0.818975093952,0.00205515185317,0.0,0.818931982806,-0.573748283093,-0.0120025866575,0.0,-0.00865084624386,0.00857038213214,-0.999925852956,0.0,0.651627125555,0.24802732064,0.303398721193,1.0,-0.0206657142857,-0.0271606530612,1.004
0.457475811042,0.492695390048,-0.124175013505,-1.44252612988,0.0742421368195,1.92589324015,0.147515937719,-0.0134552227536,-0.124094479048,-0.00732712132046,-0.177394764165,-0.00833856792481,0.0705667227715,-0.0248172667391,0.573819676206,0.818967350979,0.00205039786423,0.0,0.818924394237,-0.573759584174,-0.0119801082069,0.0,-0.0086350483081,0.00855370732646,-0.999926132288,0.0,0.651260562551,0.247538338688,0.30339419702,1.0,-0.0245514285714,-0.0322675918367,1.021
0.457192086588,0.49076832315,-0.124189539426,-1.44560428317,0.0740621333729,1.92700836101,0.147072735738,-0.0227814171289,-0.130726287627,-0.00082044254927,-0.214457405521,-0.0141693124688,0.0757805952513,-0.0304757386703,0.57380788725,0.818975700383,0.0020143518231,0.0,0.818932117264,-0.573747794753,-0.01201674791,0.0,-0.0086858618493,0.00854508665265,-0.999925765894,0.0,0.650840680698,0.247019843126,0.303358259153,1.0,-0.0282085714286,-0.037074122449,1.037
0.456745633497,0.487968796267,-0.124206177155,-1.45008803806,0.0737980070943,1.92863219879,0.146422416151,-0.0301305830088,-0.16291812871,-0.00110139490291,-0.24736980654,-0.0210687231354,0.0893287233952,-0.038907518231,0.573804792797,0.818977988874,0.00196479119989,0.0,0.818933568243,-0.573744727108,-0.0120642372981,0.0,-0.00875322473556,0.0085317149132,-0.999925292658,0.0,0.65033008089,0.246363586072,0.303318532402,1.0,-0.0320942857143,-0.0421810612245,1.054
0.456316346928,0.485219691625,-0.124238395077,-1.4542805515,0.0735367443553,1.9302495795,0.14579670224,-0.0248570943207,-0.183045800296,-0.000283149326261,-0.275974813666,-0.0183629307272,0.105653141618,-0.0439588208583,0.573800989826,0.818980286096,0.00211233598504,0.0,0.818937974054,-0.573740479806,-0.0119667617214,0.0,-0.00858877463719,0.00859657738362,-0.999926163178,0.0,0.649796923665,0.245634291434,0.303375394021,1.0,-0.03598,-0.047288,1.071
0.455830704029,0.482212193574,-0.124288688956,-1.45897032209,0.0732537466119,1.93186064815,0.145074175734,-0.0353695158971,-0.19854709146,-0.0040428460912,-0.300990006752,-0.011458821602,0.106439779203,-0.0414309641941,0.573796489791,0.818983593581,0.00205149956182,0.0,0.818940341511,-0.573736089375,-0.0120151443981,0.0,-0.00866335359697,0.00857446851679,-0.999925709638,0.0,0.649192682224,0.244837516587,0.303371192343,1.0,-0.0396371428571,-0.0520945306122,1.087
0.455263771232,0.47867538244,-0.124357975692,-1.46447833949,0.072920389973,1.93382732529,0.144268287375,-0.0355647785121,-0.209560099815,-0.00222700368945,-0.325401504367,-0.0169468967826,0.113780081081,-0.056237407182,0.573829091181,0.818960777534,0.00204104776639,0.0,0.818917382093,-0.573768724094,-0.0120216246685,0.0,-0.0086743167205,0.00856997245017,-0.999925653137,0.0,0.648494564013,0.243903349888,0.303373510639,1.0,-0.0435228571429,-0.0572014693878,1.104
0.45458665189,0.474554219977,-0.124391216823,-1.47073865409,0.0725369055915,1.93614828575,0.143369631206,-0.0390202194663,-0.23849481439,0.00119258741292,-0.359064973348,-0.019535108677,0.135459343462,-0.0560385118501,0.573870567138,0.81893131789,0.00219445931054,0.0,0.818889905357,-0.573809538479,-0.0119450138625,0.0,-0.00852310835667,0.00865207903619,-0.999926246356,0.0,0.647712520205,0.242854125899,0.303448394839,1.0,-0.0476371428571,-0.0626088163265,1.122
0.453923752468,0.470635414514,-0.124420014521,-1.47678521293,0.0721689022154,1.93826636086,0.142460408165,-0.0405717918931,-0.251486713453,-0.00286047300206,-0.379293568815,-0.0255210686484,0.137966130844,-0.0568140838416,0.573887566093,0.818919394307,0.00219863890398,0.0,0.818877741381,-0.573826218856,-0.0119775675738,0.0,-0.00854719029382,0.00867436057077,-0.999925847754,0.0,0.646976804604,0.241894174255,0.303466007408,1.0,-0.0510657142857,-0.0671149387755,1.137
0.45313250516,0.465834949326,-0.124432539126,-1.48397233256,0.0717089903132,1.94097219902,0.141296905397,-0.0439134373899,-0.270570664318,-0.000571008908467,-0.422571564092,-0.0283202026699,0.157153397117,-0.0665123530367,0.573799016043,0.818980698766,0.00245990618637,0.0,0.818942559481,-0.573736760319,-0.0118305126785,0.0,-0.00827778230714,0.00880302788814,-0.999926989845,0.0,0.646020086363,0.240633737656,0.303590662549,1.0,-0.0554085714286,-0.0728226938775,1.156
0.452360362565,0.461332201974,-0.124444419415,-1.4909538705,0.0712516449595,1.94335541374,0.140242919805,-0.0481492009702,-0.284256037798,-0.000566688053723,-0.451345635763,-0.0321899759577,0.155035363462,-0.0673611837949,0.573778179247,0.818995542063,0.00237697317048,0.0,0.818956051059,-0.573715960268,-0.0119050522406,0.0,-0.00838663873687,0.00877766475689,-0.999926305731,0.0,0.645079730604,0.239451997788,0.303577548652,1.0,-0.0590657142857,-0.0776292244898,1.172
0.451547252898,0.456586250383,-0.124468499818,-1.49829418697,0.070752037054,1.94591525757,0.13913862386,-0.0496408958522,-0.30134904578,-0.000102482597275,-0.470417398499,-0.0219187676229,0.161961365256,-0.0747334910942,0.573759650033,0.819008654372,0.00233129978484,0.0,0.818968564539,-0.573697610636,-0.0119284848045,0.0,-0.00843223351882,0.0087535130374,-0.999926133996,0.0,0.644096714022,0.23820412733,0.303571715246,1.0,-0.0627228571429,-0.082435755102,1.188
0.450487249913,0.450558362104,-0.124500116175,-1.50735844594,0.0701363499426,1.94929057936,0.137669201671,-0.053460314646,-0.328523493104,-0.00116948715929,-0.487707474669,-0.0368592968504,0.189607795961,-0.0770855171683,0.573693116382,0.819054468799,0.00259465962304,0.0,0.819018179543,-0.573630478335,-0.0117491618448,0.0,-0.00813498429658,0.00886565736598,-0.999927608455,0.0,0.642930717529,0.236644369519,0.303689927407,1.0,-0.0670657142857,-0.0881435102041,1.207
0.449591669626,0.445584411889,-0.12454282472,-1.51493972746,0.0696269476779,1.95194930053,0.136549354836,-0.0643463884979,-0.329708871188,-0.000436577511644,-0.519343986318,-0.0403133532791,0.171590701519,-0.0760139230183,0.573742243654,0.81901996298,0.00262392624735,0.0,0.818984080935,-0.573679522939,-0.0117314550368,0.0,-0.00810315912308,0.00887995612696,-0.999927739985,0.0,0.641914780346,0.235315913222,0.303722231453,1.0,-0.0704942857143,-0.0926496326531,1.222
0.448583245986,0.440061645573,-0.124576935825,-1.52356524275,0.0690295393043,1.95482168247,0.135183276695,-0.062967752267,-0.348091441056,-0.000489087423123,-0.544621412319,-0.0430781347087,0.169453912994,-0.0904331836097,0.573692004834,0.819055804732,0.00241230717919,0.0,0.819016954849,-0.573629848927,-0.0118646951773,0.0,-0.00833423651346,0.00878257033477,-0.999926700794,0.0,0.640707403888,0.233807957379,0.303645580076,1.0,-0.0741514285714,-0.0974561632653,1.238
0.447349270471,0.433462974269,-0.124599282074,-1.53349113736,0.0683804763544,1.95837919122,0.133565485443,-0.0702776686396,-0.37954651414,-0.00325420065263,-0.556788688692,-0.0359670546488,0.2125782429,-0.0951713055794,0.573650477873,0.819084288202,0.00260863135804,0.0,0.819047835883,-0.573587418393,-0.0117840103005,0.0,-0.00815597659078,0.00889666829699,-0.999927162017,0.0,0.639370288123,0.232063807269,0.30373459822,1.0,-0.0782657142857,-0.102863510204,1.256
0.446076721037,0.427069172884,-0.124646061527,-1.54329753731,0.0676722653191,1.9618052215,0.132000810374,-0.074909311342,-0.388328963723,-0.00851582770533,-0.595174473892,-0.042722652161,0.200586398639,-0.0907506726398,0.573670362015,0.819070447815,0.00258150399014,0.0,0.819033916989,-0.573607698043,-0.0117642878558,0.0,-0.00815516697325,0.0088633332445,-0.999927464657,0.0,0.638031673886,0.230278069769,0.303720425392,1.0,-0.0821514285714,-0.10797044898,1.273
0.444883518779,0.421180484612,-0.124750195502,-1.5523909331,0.067013140807,1.96477953243,0.130482153944,-0.0845637666618,-0.390330076492,-0.00529111868381,-0.622567176082,-0.0417336887717,0.19493575093,-0.0930293188834,0.573680781887,0.819063848397,0.00234939221456,0.0,0.81902441249,-0.5736191163,-0.0118687851591,0.0,-0.00837379778383,0.00873327167092,-0.999926802059,0.0,0.636749045458,0.228567757809,0.303655477179,1.0,-0.08558,-0.112476571429,1.288
0.443371856844,0.413741171337,-0.124844128275,-1.56343809422,0.0662441820263,1.96876715341,0.128693933636,-0.0806828026898,-0.413611987028,-0.000440013655462,-0.619550383676,-0.0334782227116,0.223481782959,-0.110687049348,0.573770000083,0.81900047157,0.0026384606106,0.0,0.818965243074,-0.573707734854,-0.0116667264902,0.0,-0.0080415040606,0.00885499568066,-0.999928459073,0.0,0.635259067567,0.226506256507,0.303788486284,1.0,-0.0896942857143,-0.117883918367,1.306
0.44184151235,0.406545343978,-0.124867359267,-1.57440793437,0.0654928459931,1.97242079422,0.126848114886,-0.089866324889,-0.436017197789,-0.00414624545194,-0.661946600218,-0.0466608046391,0.215618552803,-0.109999609253,0.573765810982,0.819003716585,0.00254032864555,0.0,0.818966661883,-0.573703298857,-0.0117846725167,0.0,-0.00819445343444,0.00884225689551,-0.999927330072,0.0,0.633681875697,0.224467967325,0.303750580101,1.0,-0.09358,-0.122990857143,1.323
0.440320615903,0.399541807097,-0.124962176011,-1.5849729713,0.0647556253395,1.97604480185,0.125071207132,-0.0948161692315,-0.454330203697,-0.00854763968491,-0.661581037827,-0.0422528161221,0.240925281714,-0.10248217999,0.573842790217,0.818949679654,0.00257317141119,0.0,0.818913066065,-0.573780162501,-0.0117669983585,0.0,-0.00816030193681,0.0088597814386,-0.999927454241,0.0,0.632191657398,0.222442929859,0.303762023762,1.0,-0.0972371428571,-0.127797387755,1.339
0.438621277077,0.391830468714,-0.125005266707,-1.59649154731,0.0638656183243,1.98003332747,0.123087521642,-0.103649374044,-0.46027527034,-6.84146780714e-05,-0.701713581627,-0.0524371053559,0.226718270807,-0.121869736923,0.573838794627,0.818952167594,0.00267055696919,0.0,0.818917368923,-0.573776423629,-0.011649268854,0.0,-0.00800804553169,0.00887193869655,-0.999928577405,0.0,0.630553579941,0.220241351613,0.303812530479,1.0,-0.101122857143,-0.132904326531,1.356
0.436618554516,0.382971568048,-0.12506810954,-1.60990259168,0.0628486848112,1.98433377612,0.120692040649,-0.103173747874,-0.48346259405,-0.00529684871129,-0.689741227528,-0.0553359200852,0.230959609843,-0.131006076254,0.573784124061,0.81899124405,0.00242240523548,0.0,0.818953038012,-0.573722458974,-0.0117986652076,0.0,-0.00827337449626,0.00875389144765,-0.999927457698,0.0,0.628550128438,0.217644768283,0.303744270986,1.0,-0.105465714286,-0.138612081633,1.375
0.435073319054,0.376196789011,-0.125100244155,-1.61990814417,0.0621499835711,1.98777709584,0.118951895125,-0.113264358604,-0.483930018463,-0.00250149759648,-0.721489267585,-0.0510456007446,0.242331303919,-0.126483151902,0.573824325711,0.81896252116,0.00260366257888,0.0,0.81892643678,-0.573761734208,-0.0117350075937,0.0,-0.00811680572188,0.00886621164003,-0.999927751268,0.0,0.627090988956,0.215715955784,0.303809943926,1.0,-0.108665714286,-0.142817795918,1.389
0.432825567579,0.366841511858,-0.125196098249,-1.63400102978,0.0610621844355,1.99232159434,0.116488812906,-0.121129835301,-0.499283664138,-0.0102650292186,-0.752727696086,-0.0522423113268,0.242182467719,-0.129611766144,0.573918022457,0.818897504259,0.00239330721953,0.0,0.81885868295,-0.573856201603,-0.0118433162904,0.0,-0.00832520824818,0.00875704166261,-0.9999269999,0.0,0.624967973684,0.212898313284,0.303734595727,1.0,-0.113008571429,-0.14852555102,1.408
