position_joint1,position_joint2,position_joint3,position_joint4,position_joint5,position_joint6,position_joint7,velocity_joint1,velocity_joint2,velocity_joint3,velocity_joint4,velocity_joint5,velocity_joint6,velocity_joint7,ee_T_00,ee_T_10,ee_T_20,ee_T_30,ee_T_01,ee_T_11,ee_T_21,ee_T_31,ee_T_02,ee_T_12,ee_T_22,ee_T_32,ee_T_03,ee_T_13,ee_T_23,ee_T_33,v_x,v_y,time
0.465073730235,0.547806244482,-0.124003298894,-1.35584414693,0.0795677805228,1.89409837497,0.159157361378,0.00142175964101,-0.000421833883718,0.000550528926979,-0.000761320352088,-0.000462044827721,9.87715383081e-05,0.000184804815369,0.573833139281,0.818958174866,0.00194498968501,0.0,0.818914397079,-0.573774033044,-0.0119714728965,0.0,-0.00868831829504,0.00846257085996,-0.999926446305,0.0,0.661672998217,0.260891130489,0.303191749391,1.0,0.0,0.0,0.0
0.465070546231,0.547809194161,-0.124000929036,-1.35583635156,0.0795682667498,1.89409954193,0.15915327562,-0.00150731739272,-0.00650992867311,-0.000258471787302,0.00136537955476,-0.00047824941028,0.00055791796963,-0.00150348916952,0.57383046199,0.818960037315,0.00195065990935,0.0,0.818916326679,-0.5737713255,-0.0119692453418,0.0,-0.00868326806977,0.00846590782667,-0.999926461926,0.0,0.661675200062,0.260891441155,0.303193393701,1.0,-0.00014,-0.000184,0.008
0.465069510819,0.547807668397,-0.124000934896,-1.35584791963,0.0795663560069,1.8940963885,0.159158887311,0.00274219294749,-0.00169080923597,0.00103051039305,-0.000186567717879,-9.56035827952e-07,-0.000445308007152,0.0011455113686,0.573836009628,0.818956178319,0.00193880082722,0.0,0.818912313963,-0.573776923532,-0.0119754316225,0.0,-0.00869508194861,0.00845980464505,-0.99992641092,0.0,0.661672336072,0.260888872809,0.303188691697,1.0,-0.00052,-0.000683428571429,0.027
0.465072006472,0.547805563249,-0.124007003847,-1.35586222411,0.0795654148024,1.8940996852,0.159161645829,0.001526555507,0.00261210231293,-0.00136954799286,-0.00339538074866,0.000245434613997,0.000123773888546,0.00101555052024,0.5738410156,0.818952692629,0.00192949499029,0.0,0.818908735719,-0.573781996358,-0.0119770664404,0.0,-0.00870170885851,0.00845317502295,-0.99992640934,0.0,0.661670563856,0.260885410766,0.303183860541,1.0,-0.0008,-0.00105142857143,0.041
0.465068379821,0.547721976042,-0.124004132423,-1.35593863472,0.0795693147789,1.89411393426,0.159159588827,0.00113146547358,-0.000995298099446,0.000715750233054,-0.00885869986818,0.00019182052511,0.00037868908266,0.00126592091609,0.573845453211,0.818949523667,0.00195458830027,0.0,0.818905784872,-0.573786220838,-0.0119764427513,0.0,-0.00868675349918,0.00847341402406,-0.999926368073,0.0,0.661658170971,0.260878305625,0.303207856393,1.0,-0.00116,-0.00152457142857,0.059
0.465062943238,0.547579316973,-0.123998851447,-1.356111629,0.0795634751711,1.89413866619,0.15914860167,-0.000579065935363,-0.0107392984064,0.000379463711026,-0.00769912957161,-5.76219569484e-05,2.7784507239e-06,-0.000402459409015,0.573845035198,0.818949813255,0.00195597778852,0.0,0.818905970959,-0.573785678358,-0.0119897013931,0.0,-0.00869681911532,0.0084821558158,-0.999926206462,0.0,0.661627745664,0.260859835781,0.303228539807,1.0,-0.0015,-0.00197142857143,0.076
0.465047789354,0.547436557376,-0.124008761059,-1.35631589075,0.0795639750915,1.894203642,0.159151544906,-0.000731582793611,-0.0117367083755,-0.000650339880156,-0.0113808684691,0.000107253792126,0.00139676541763,0.00169675261421,0.573878264719,0.818926509094,0.00196389619391,0.0,0.818882691192,-0.573818793105,-0.0119949008633,0.0,-0.00869618917569,0.00849197699024,-0.999926128582,0.0,0.661603842018,0.260826196498,0.303238418261,1.0,-0.00182,-0.002392,0.092
0.465026916051,0.547254694449,-0.123998867004,-1.35652090031,0.0795613565668,1.89432890296,0.159138026629,0.000627287943117,-0.00821089183785,0.000867979539465,-0.014825006049,0.000477654815422,0.00767370489706,0.000540376921547,0.57388842335,0.8189191595,0.00205782664156,0.0,0.81887650266,-0.573828493092,-0.0119532760613,0.0,-0.00860809295709,0.00854511715599,-0.999926438149,0.0,0.661589948997,0.260804266946,0.303280207723,1.0,-0.00216,-0.00283885714286,0.109
0.465000549676,0.54703288705,-0.124001355157,-1.35677524683,0.0795549948161,1.89446373786,0.159120696903,-0.00595745319058,-0.0127135919735,0.000234295452505,-0.0214527133912,0.000268447355897,0.00924445274308,-0.00172000610038,0.573921912442,0.818895456657,0.0021485775555,0.0,0.818853973687,-0.57386159737,-0.0119072978864,0.0,-0.00851800999026,0.00859339589358,-0.999926795847,0.0,0.661572723538,0.260758042883,0.303325505047,1.0,-0.00254,-0.00333828571429,0.128
0.464965519193,0.546812793184,-0.124003734116,-1.35711124423,0.0795461858787,1.8946014734,0.159095816078,-0.0010006737776,-0.0179204974528,0.000122479057337,-0.0196158290072,-7.59494339986e-05,0.00284534178938,-0.00265906884142,0.573936837351,0.818884933215,0.00217250699512,0.0,0.818843696066,-0.573876357205,-0.0119027289215,0.0,-0.00850037863624,0.00861052402995,-0.99992679854,0.0,0.661538560427,0.260712628241,0.303336018115,1.0,-0.00286,-0.00375885714286,0.144
0.464924632424,0.546532421304,-0.12400595648,-1.35751070311,0.0795407649332,1.89475039411,0.158975175695,-0.00332187171166,-0.016474036148,-0.00321342284074,-0.0251021168704,0.000239836720603,0.00510295706077,-0.00710733352726,0.573893973421,0.818914876326,0.00220895999661,0.0,0.818873954874,-0.573833190467,-0.0119022035154,0.0,-0.00847948021365,0.00863962901616,-0.999926724928,0.0,0.661495480192,0.260649795064,0.303357444119,1.0,-0.0032,-0.00420571428571,0.161
0.464889411886,0.546283884444,-0.124005192443,-1.35791900141,0.0795301926228,1.89489239169,0.158942895165,-0.00151897979664,-0.0190398433366,-0.00068549178875,-0.0286941438512,-0.000973441036517,0.015581297401,-0.00434922785031,0.573915859513,0.818899558645,0.00220135235831,0.0,0.818858392794,-0.573854956541,-0.0119234351412,0.0,-0.00850100248338,0.00864581084015,-0.999926488754,0.0,0.661446242485,0.260589660496,0.30335139345,1.0,-0.0035,-0.0046,0.176
0.46484262254,0.545967569138,-0.124009449209,-1.35843864365,0.0795082444857,1.89506993118,0.158909127996,-0.00122123871049,-0.0194087250737,-0.00116513878071,-0.0319784124366,-0.00567909911036,0.0108447423301,-0.000668731262056,0.573952678497,0.818873802309,0.00218303421925,0.0,0.818832310634,-0.573891756821,-0.011943425622,0.0,-0.00852749718912,0.00864266647822,-0.999926290337,0.0,0.661385088393,0.260507210286,0.303343555093,1.0,-0.00384,-0.00504685714286,0.193
0.464781216257,0.545606477132,-0.124007376429,-1.35906568472,0.0794484403684,1.8952779175,0.158800942509,7.19532234444e-05,-0.0222793148292,-0.000564089418305,-0.0392326027614,-0.00686784430213,0.0164710420096,-0.0103304686735,0.573932010346,0.818888448918,0.00212194033077,0.0,0.818846299651,-0.573871481789,-0.0119585466781,0.0,-0.00857515979707,0.00860110132157,-0.999926241125,0.0,0.661310937086,0.260402530962,0.303318642923,1.0,-0.0042,-0.00552,0.211
0.464722311914,0.545239532678,-0.124010502575,-1.35969612211,0.0793774302927,1.89547701537,0.158716566842,-0.00999414690538,-0.0214360613336,-0.00064002928616,-0.0413666222162,-0.00177901024579,0.00569470345097,-0.00686590113962,0.573929518633,0.81889038288,0.00204826015966,0.0,0.818847528097,-0.573869550438,-0.0119671095512,0.0,-0.00862448283338,0.00854565472313,-0.999926292324,0.0,0.661235481901,0.260293757052,0.303295608398,1.0,-0.00452,-0.00594057142857,0.227
0.464657015873,0.544816033522,-0.124007382102,-1.36039786957,0.0793660818608,1.89572230566,0.158672675128,-0.00474587425906,-0.0241460532746,0.000505261952587,-0.0429101922453,-0.00356198423987,0.0169838158461,0.000790397314934,0.573980978134,0.818854342377,0.00203705953051,0.0,0.818811018216,-0.573920730709,-0.0120107540175,0.0,-0.00866611423772,0.0085620759739,-0.999925791906,0.0,0.661151158539,0.260189458045,0.303282549514,1.0,-0.00486,-0.00638742857143,0.244
0.464586686607,0.544354764095,-0.124010923521,-1.36119349269,0.0793416075822,1.89600605372,0.158543992988,-0.0051868020985,-0.0223233547857,0.000513676221135,-0.047148962007,-0.00128792059289,0.0174324188014,-0.00996322916258,0.573973576693,0.81885960924,0.00200512210224,0.0,0.818815638609,-0.573913240436,-0.01205360208,0.0,-0.00871960964552,0.00856043924752,-0.999925340857,0.0,0.661057385487,0.260067811067,0.303255039019,1.0,-0.00522,-0.00686057142857,0.262
0.464516107771,0.54384708997,-0.124013057747,-1.36200603335,0.0793074188142,1.89629906664,0.158442372843,-0.00529782836758,-0.0323643663843,0.000542202421367,-0.0499257582552,0.000213869009232,0.0166679669206,-0.0138598264835,0.573985828941,0.818851027956,0.00200227159274,0.0,0.818806875138,-0.573925361195,-0.0120717813208,0.0,-0.00873600429185,0.00856867012769,-0.999925127258,0.0,0.660962971776,0.259944483657,0.303252999311,1.0,-0.00556,-0.00730742857143,0.279
0.46443935675,0.543385008392,-0.124016947675,-1.36274878775,0.0792646781412,1.89655083725,0.158369948269,-0.00634245474148,-0.0349292578308,5.40168812333e-05,-0.0492143436876,-0.00366683601379,0.0158846648353,-0.00358390813091,0.574021951815,0.818825765276,0.00197784117482,0.0,0.818781254087,-0.57396154729,-0.0120891310059,0.0,-0.00876385589785,0.00855901064075,-0.999924966268,0.0,0.660877567927,0.259819567406,0.303248323715,1.0,-0.00586,-0.00770171428571,0.294
0.464367549648,0.542860208986,-0.124017082716,-1.36358587809,0.0792149210248,1.89684465183,0.158244498617,-0.00351035641086,-0.040750168395,0.00354042311102,-0.0529727503118,-0.00431701775821,0.0243796408574,-0.00946780565348,0.574006117087,0.818836908916,0.00195985814987,0.0,0.818792101308,-0.573945733395,-0.0121052408043,0.0,-0.00878753492595,0.00855336332201,-0.999924806776,0.0,0.660771357219,0.259683841898,0.303245142371,1.0,-0.0062,-0.00814857142857,0.311
0.464289615998,0.542239647366,-0.12402050735,-1.36456773326,0.0791589619649,1.89720519166,0.158116800332,-0.00874489329344,-0.0331020600295,-3.05211275057e-05,-0.058400842047,-0.00167696644884,0.0210087675835,-0.00688878198613,0.574012691104,0.818832294013,0.00196255777394,0.0,0.818787514276,-0.573952287511,-0.0121047522932,0.0,-0.00878551671342,0.0085553639576,-0.999924807395,0.0,0.660664679656,0.259544974205,0.303249485899,1.0,-0.00654,-0.00859542857143,0.328
0.464203193923,0.541604926781,-0.124023692484,-1.36552502265,0.0791090148529,1.89755831111,0.157991030651,-0.00408929551155,-0.0364492095869,-6.78441247324e-05,-0.0569371626298,-0.0056856679151,0.0213342378906,-0.0107015851983,0.574022516299,0.81882533418,0.00199243272074,0.0,0.818780883474,-0.573961920756,-0.0120964987203,0.0,-0.00876150778187,0.00857519355623,-0.999924848195,0.0,0.660556959841,0.25939661765,0.303273361858,1.0,-0.00688,-0.00904228571429,0.345
0.464108157103,0.540897041858,-0.124023704627,-1.36660700081,0.0790426192777,1.89796523138,0.15785066628,-0.00668103464209,-0.0383564618702,-0.000414075744988,-0.061632200521,-0.00140249063497,0.0263985453837,-0.00419189742465,0.574027738932,0.81882160654,0.00201952996249,0.0,0.818777523168,-0.573967037929,-0.0120811351505,0.0,-0.0087333190056,0.0085886177923,-0.999924979578,0.0,0.660435366668,0.259231567893,0.303294060546,1.0,-0.00724,-0.00951542857143,0.363
0.464023647516,0.540230575682,-0.124026591831,-1.36763007148,0.0789801801047,1.89833977952,0.157726458768,-0.00664388246976,-0.0446774913036,0.000157650158497,-0.0640141005245,-0.00158437459726,0.0203100835881,-0.00654733224278,0.574037229735,0.818814917838,0.00203374186228,0.0,0.818771028444,-0.573976474282,-0.0120729803252,0.0,-0.00871838426527,0.00859567459009,-0.999925049268,0.0,0.660317339279,0.25907670594,0.303310703206,1.0,-0.00756,-0.009936,0.379
0.463924971683,0.539477880434,-0.124030077232,-1.36878521367,0.0789165327479,1.89878127603,0.157580320625,-0.00417869229037,-0.0471897980922,0.000654237718835,-0.0744516819731,-0.00130260731495,0.0269093985497,-0.00342597100408,0.574047824275,0.818807402461,0.00206882138587,0.0,0.818763946666,-0.573986892461,-0.0120579361479,0.0,-0.00868581824689,0.00861587425607,-0.999925158835,0.0,0.660188087468,0.25890195124,0.303331146059,1.0,-0.0079,-0.0103828571429,0.396
0.463829331964,0.538819909502,-0.124032888724,-1.36980928498,0.0788558130329,1.8991760105,0.157462392964,-0.00441554891667,-0.0395121829308,-0.000606874765765,-0.0705619781664,-0.00329607061696,0.0331056273585,-0.00784007889715,0.574075242047,0.818788093071,0.0021028588556,0.0,0.818745092357,-0.574014172401,-0.0120395400954,0.0,-0.00865092784769,0.00863347348348,-0.999925309502,0.0,0.660069591141,0.258730491356,0.303349988429,1.0,-0.00822,-0.0108034285714,0.412
0.463724608672,0.538034702204,-0.124041765964,-1.37102772901,0.0787822195753,1.89964731938,0.157309335551,-0.00631836371253,-0.0469959102966,-0.000819973779359,-0.0674806315031,-0.00669355082861,0.0373480431389,-0.0117144074535,0.574086410306,0.818780215708,0.0021210301101,0.0,0.81873752673,-0.574025337036,-0.0120217164287,0.0,-0.00862578461998,0.00863823728959,-0.999925485572,0.0,0.659941806329,0.258552690455,0.30335864439,1.0,-0.00854,-0.011224,0.428
0.463611995303,0.537232255513,-0.124047481473,-1.3722862329,0.0787118911608,1.90011113523,0.157136998039,-0.00586127032395,-0.048058014963,-0.000404766723951,-0.074517361833,-0.00145960047505,0.0308954163065,-0.00680245434838,0.574092088983,0.818776213259,0.00212905356996,0.0,0.81873358934,-0.574030941513,-0.0120222615605,0.0,-0.00862156516189,0.00864517937131,-0.999925461966,0.0,0.659798140024,0.258356295779,0.303366654808,1.0,-0.00888,-0.0116708571429,0.445
0.463490404856,0.536377367908,-0.124048507961,-1.37360486066,0.0786406092443,1.90061276367,0.156981206118,-0.00656949819316,-0.0491704097791,-0.00442250469174,-0.0792519366965,-0.00129596657822,0.0285727787799,-0.0140204292401,0.574118398652,0.81875767167,0.00216478917583,0.0,0.818715455142,-0.57405703888,-0.0120111000758,0.0,-0.00859163328375,0.00866830678872,-0.999925519374,0.0,0.659650471099,0.258152676065,0.303386046008,1.0,-0.00922,-0.0121177142857,0.462
0.463389173129,0.535565670126,-0.124054209227,-1.37490405207,0.0785599736787,1.90107713538,0.1568265232,-0.00691913399351,-0.046885048328,-0.000691657740521,-0.0831404842141,-0.00410277470018,0.0306266130215,-0.00859336371474,0.574128369377,0.818750739753,0.0021420858589,0.0,0.818708232002,-0.574067108432,-0.0120221782344,0.0,-0.0086136321269,0.00865618357074,-0.999925435134,0.0,0.659494761382,0.257957496557,0.303380957517,1.0,-0.00954,-0.0125382857143,0.478
0.46326780433,0.534661782112,-0.124054546817,-1.37634157645,0.078487869214,1.90160457706,0.156648547428,-0.0104585261802,-0.0541485279941,0.000167767879715,-0.0910994527442,-0.000950097161447,0.0242595978547,-0.0151978776862,0.574141852777,0.818741279506,0.00214406690914,0.0,0.818698640455,-0.574080423857,-0.0120395167338,0.0,-0.00862654858312,0.00866790199165,-0.999925222271,0.0,0.659325106442,0.257742604803,0.303380240966,1.0,-0.00988,-0.0129851428571,0.495
0.463132687819,0.533696267822,-0.124058214333,-1.37790161598,0.0784000641698,1.90217644353,0.156460687129,-0.00619871151206,-0.0550213588546,0.000503648139621,-0.0856769692637,-0.00485310489033,0.0261530787589,-0.00618746490043,0.574163203055,0.818726354004,0.00212612766445,0.0,0.818683407803,-0.574101774224,-0.0120572601198,0.0,-0.00865114951423,0.0086636273339,-0.999925046778,0.0,0.659142230199,0.257503480235,0.303368442288,1.0,-0.01024,-0.0134582857143,0.513
0.463008576983,0.532818641088,-0.124053153216,-1.37933327702,0.0783154759443,1.90272608094,0.156274539179,-0.0126953624078,-0.0541361067501,0.00249184833115,-0.0919165334574,-0.00275328827145,0.0434767833359,-0.0175393340546,0.574164649753,0.81872534927,0.00212234259704,0.0,0.818682314786,-0.57410319795,-0.0120636835721,0.0,-0.00865856657819,0.00866423181635,-0.999924977342,0.0,0.658977091125,0.257289795162,0.303353366236,1.0,-0.01056,-0.0138788571429,0.529
0.462873104678,0.531779488429,-0.12405780178,-1.38099256328,0.078222306448,1.9033288071,0.156066985543,-0.00751832020898,-0.0600783574851,0.000231374493924,-0.094288369226,-0.00725085043348,0.0347622480836,-0.0171912780893,0.57417444731,0.818718511077,0.00210963912924,0.0,0.818675226167,-0.574112964098,-0.0120799592868,0.0,-0.00867908220672,0.00866328003328,-0.999924807729,0.0,0.658778957856,0.257040329737,0.303348538407,1.0,-0.01092,-0.014352,0.547
0.462722398359,0.53071453697,-0.124059267521,-1.38271819124,0.0781209161597,1.9039348157,0.155838656516,-0.00625703354231,-0.0602790829442,-0.000819986934187,-0.0963512782766,-0.00721088016114,0.0362780414022,-0.0146671377242,0.574178540334,0.818715756217,0.00206427786761,0.0,0.818671775924,-0.574117150538,-0.0121147704899,0.0,-0.00873358430433,0.00864617372988,-0.999924481241,0.0,0.658569817392,0.256774077065,0.303330250712,1.0,-0.01128,-0.0148251428571,0.565
0.462585932943,0.529742979959,-0.124063857748,-1.38425665718,0.0780215260495,1.90449474094,0.155640059778,-0.00754247176092,-0.0599004394708,-0.00249959736854,-0.0949134983346,-0.00621876762145,0.0437590615734,-0.0180592476064,0.57418776049,0.818709317326,0.00205336994864,0.0,0.818665237372,-0.574126459483,-0.0121154669741,0.0,-0.00874031995508,0.00863774174888,-0.999924495262,0.0,0.658389215599,0.256533605804,0.303331089575,1.0,-0.0116,-0.0152457142857,0.581
0.462490787868,0.52899257049,-0.124062033895,-1.38542461488,0.0779550610898,1.9049381623,0.155484739454,-0.0121625944553,-0.0593348559172,0.00128871953066,-0.0981861113152,-0.00758152100655,0.0413176706127,-0.00870253299898,0.574182809085,0.818712728985,0.00207751093422,0.0,0.818668919565,-0.574121359164,-0.0121083438226,0.0,-0.00872067971336,0.00865336310538,-0.999924531678,0.0,0.658251964165,0.256362569031,0.303342050164,1.0,-0.01184,-0.0155611428571,0.593
0.462318214167,0.527688561974,-0.124062483551,-1.38744328972,0.0778291231001,1.90572059829,0.155197136258,-0.0118791511863,-0.072808265791,0.000103037874128,-0.104813776554,-0.00822938411532,0.0396064871671,-0.0111216454213,0.574164612167,0.818725351476,0.00213163971868,0.0,0.818682314952,-0.574102997097,-0.0120732269987,0.0,-0.00866104301866,0.0086773225022,-0.99992484238,0.0,0.658021085397,0.256058933856,0.303367117914,1.0,-0.01224,-0.0160868571429,0.613
0.4621381901,0.526327247182,-0.124062750849,-1.38954528134,0.0776963240036,1.90652057637,0.154911637904,-0.0108033900276,-0.0672301891913,0.00146739292778,-0.108299377285,-0.00513556727901,0.0371054070117,-0.00348361192679,0.574156344749,0.818731026878,0.00217814435878,0.0,0.818688657873,-0.574094594255,-0.0120426416923,0.0,-0.00860938925463,0.00869774867555,-0.999925110988,0.0,0.657777194853,0.255741501967,0.303393972385,1.0,-0.01264,-0.0166125714286,0.633
0.462000203045,0.525280110474,-0.124068443558,-1.39117276275,0.0775853974614,1.90709949594,0.154702507936,-0.0100187885064,-0.0720081607224,0.0012048586446,-0.107490694696,-0.0146065184344,0.042304597817,-0.0133034896629,0.57415971872,0.818728683677,0.00216952197653,0.0,0.8186862834,-0.574098086135,-0.0120375981991,0.0,-0.00861017428616,0.0086878291474,-0.999925190464,0.0,0.657580894588,0.255489379457,0.303406297064,1.0,-0.01294,-0.0170068571429,0.648
0.461846690782,0.524102312382,-0.12408156741,-1.39306569869,0.0774672734274,1.90777404201,0.154443469294,-0.00900545083191,-0.0682505568339,-0.00122070532524,-0.114532619589,-0.00859515861332,0.0393349709697,-0.0135070084309,0.574152437587,0.818733893797,0.00212989734347,0.0,0.818690992886,-0.574090990172,-0.012055707046,0.0,-0.00864782759481,0.00866570819988,-0.999925057481,0.0,0.657350271432,0.255198276496,0.303392472262,1.0,-0.01328,-0.0174537142857,0.665
0.461684458504,0.522899726092,-0.124084011815,-1.39499122273,0.0773567302076,1.90850303587,0.154183636167,-0.00478421671711,-0.0746311955619,-0.000412456585634,-0.117778355214,-0.00776869856989,0.0440373964334,-0.0135163172792,0.574147964009,0.818737014884,0.0021360673462,0.0,0.818694138918,-0.574086435195,-0.0120589687565,0.0,-0.00864700327573,0.00867258515038,-0.999925004988,0.0,0.657122266247,0.25490903263,0.30338464517,1.0,-0.01362,-0.0179005714286,0.682
0.461529313944,0.521742365091,-0.124084315928,-1.39682976051,0.0772437496059,1.90922307406,0.153929696862,-0.0129365075989,-0.0712518880844,0.000551652132913,-0.115551584567,-0.0103206113392,0.051869429818,-0.0179874573027,0.574135517473,0.818745664914,0.00216579341816,0.0,0.818703219272,-0.574073907001,-0.0120388934224,0.0,-0.00861363214976,0.00868526556688,-0.999925182953,0.0,0.656909001549,0.254634452997,0.303385259221,1.0,-0.01394,-0.0183211428571,0.698
0.461360810401,0.520475739516,-0.124090432655,-1.39886613106,0.0771194560371,1.90996645431,0.153657269668,-0.00763758066304,-0.0766370279467,-0.00227579596758,-0.121380357845,-0.00405465416732,0.0406593022526,-0.0197255253225,0.574129937505,0.818749643928,0.00214063739629,0.0,0.818706847893,-0.57406841192,-0.012054150718,0.0,-0.00864062565645,0.00867337028285,-0.99992505331,0.0,0.656661293402,0.254325502828,0.303370364913,1.0,-0.01428,-0.018768,0.715
0.461211433339,0.519303944245,-0.124097786154,-1.40068540394,0.0770072653621,1.91061873068,0.153408882261,-0.00785295529893,-0.0764674349802,-0.00132182874565,-0.125063255002,-0.00607499837271,0.0446971722691,-0.0170534892557,0.57412051748,0.81875624338,0.00214295036789,0.0,0.818713468113,-0.574058973822,-0.0120539871255,0.0,-0.00863926366008,0.00867507067588,-0.999925050327,0.0,0.656438277238,0.254048746154,0.303383964194,1.0,-0.01458,-0.0191622857143,0.73
0.461035132684,0.517957147594,-0.124099305452,-1.40279039393,0.0768691666559,1.91137783195,0.153126712504,-0.0135533414942,-0.0776768015488,-0.00082840001738,-0.128931782687,-0.00866529892474,0.0547233411436,-0.0175281254727,0.574109212924,0.8187641823,0.00213829833897,0.0,0.818721379543,-0.574047723808,-0.012052401052,0.0,-0.00864075535912,0.00867023197661,-0.999925079406,0.0,0.656179899497,0.25372922518,0.303393126545,1.0,-0.01492,-0.0196091428571,0.747
0.460841861882,0.516463067947,-0.124105667376,-1.40516701207,0.0767151562496,1.9122602716,0.152795888921,-0.0080568689966,-0.077886398688,-0.000631081029777,-0.128341955228,-0.0112217292388,0.049353597139,-0.0102758025405,0.574085360673,0.81878092731,0.00213040749111,0.0,0.818738093693,-0.574023980411,-0.0120478524891,0.0,-0.00864181322689,0.00866090825893,-0.999925151065,0.0,0.655891116195,0.253371274524,0.303386775718,1.0,-0.0153,-0.0201085714286,0.766
0.460671466453,0.515232058397,-0.124109123749,-1.40710557345,0.0765964118879,1.91298603861,0.152532653917,-0.0127812944175,-0.0813485346328,-0.00185850249646,-0.128835616878,-0.00854528619006,0.0478972600741,-0.0154842571243,0.574082154989,0.818783140009,0.00214379575136,0.0,0.818740482665,-0.574020720001,-0.0120408453195,0.0,-0.00862842408222,0.00866781367938,-0.999925206855,0.0,0.655658822163,0.253073664053,0.30339032015,1.0,-0.0156,-0.0205028571429,0.781
0.460495038154,0.513917099479,-0.124109250424,-1.40922501647,0.0764644490939,1.9137322102,0.152241872215,-0.0108108862035,-0.0901578371028,0.00042244165429,-0.135285135773,-0.00912621260398,0.0488093086136,-0.0181700340908,0.574064345244,0.818795758508,0.00209290947331,0.0,0.818752354645,-0.574003047108,-0.0120760331324,0.0,-0.00868663553805,0.00864616107801,-0.99992489031,0.0,0.65539061207,0.252753038051,0.303367951792,1.0,-0.01592,-0.0209234285714,0.797
0.46028070315,0.512340367754,-0.124115997254,-1.41176404039,0.0763125695314,1.91462782794,0.151888243807,-0.00996678642158,-0.08686147875,-0.00111170163513,-0.127937320726,-0.00457079580255,0.0493398984859,-0.0106221871538,0.574047143609,0.818807960282,0.00203666244172,0.0,0.818763698757,-0.573985969838,-0.0121185365473,0.0,-0.0087539070649,0.00862432260855,-0.999924492235,0.0,0.655070575826,0.252364342524,0.303342034129,1.0,-0.0163,-0.0214228571429,0.816
0.460076091824,0.510888150683,-0.124121324743,-1.41406635958,0.076175771951,1.91550196068,0.151554704044,-0.00959204229688,-0.0870325468556,-0.0013422242655,-0.135936188264,-0.00698221509843,0.0505887360054,-0.0175224603294,0.57402909568,0.818820563884,0.00205630133055,0.0,0.818776538096,-0.573967817845,-0.0121108068948,0.0,-0.0087364951478,0.0086357730799,-0.999924545691,0.0,0.65479477188,0.252010274897,0.303339115474,1.0,-0.01664,-0.0218697142857,0.833
0.459896766658,0.509574028643,-0.124122037603,-1.41615812915,0.0760412246139,1.91628253369,0.151269817335,-0.0117807315382,-0.084119814364,0.000215688510802,-0.142008974529,-0.00376479754239,0.0410672735321,-0.0184832874627,0.5740159213,0.818829806192,0.00205365210368,0.0,0.818785776403,-0.573954686944,-0.012108534022,0.0,-0.008736293517,0.00863215864023,-0.999924578662,0.0,0.654538487584,0.251692755305,0.303331025532,1.0,-0.01694,-0.022264,0.848
0.459678795971,0.508055991928,-0.124127689797,-1.41852549688,0.0758817282361,1.91712846373,0.150933771437,-0.0193728140825,-0.0914502816085,0.000723810405392,-0.141816747393,-0.0134837435975,0.0523100176616,-0.0157496564115,0.574002861082,0.818838989209,0.00204257720335,0.0,0.818794884906,-0.573941745929,-0.0121060164016,0.0,-0.00874072619346,0.00862150580768,-0.999924631831,0.0,0.654246094788,0.251317583845,0.303339760164,1.0,-0.01728,-0.0227108571429,0.865
0.459485438877,0.506620782843,-0.124131948245,-1.4207976094,0.0757401352338,1.91795190209,0.150620808399,-0.0141884067893,-0.0914940637571,0.000602154813955,-0.14757845333,-0.012110974525,0.0553289707861,-0.0162589623301,0.57398732749,0.818849912363,0.002028744934,0.0,0.818805595279,-0.573926243172,-0.012116577078,0.0,-0.00875747672871,0.00861607528485,-0.999924532076,0.0,0.653961418702,0.250970947293,0.303333469239,1.0,-0.0176,-0.0231314285714,0.881
0.459265761311,0.505006356484,-0.124141561279,-1.42325984489,0.0755894372326,1.91890624169,0.150288696322,-0.0116994644184,-0.0892916411943,0.000198684529036,-0.144767341271,-0.0101672715567,0.0543133934859,-0.0112809614466,0.573988821995,0.8188486442,0.00211589656353,0.0,0.818805546217,-0.573927440787,-0.012063046738,0.0,-0.00866360516788,0.0086567284971,-0.999924998686,0.0,0.653669419208,0.250591162046,0.303372880766,1.0,-0.01794,-0.0235782857143,0.898
0.459077481503,0.50362624474,-0.124144381701,-1.42530571705,0.0754586680714,1.91967881643,0.149995368281,-0.010792842449,-0.0965006046525,0.000626105075032,-0.139483398591,-0.00256808870417,0.055960121323,-0.0187878805988,0.573974708791,0.818858303976,0.00220421850309,0.0,0.818816427045,-0.573913026165,-0.0120101665014,0.0,-0.00856975985481,0.00869854961334,-0.999925444446,0.0,0.653423508344,0.250273202805,0.303430179237,1.0,-0.01822,-0.0239462857143,0.912
0.45876511522,0.501333739785,-0.124149728137,-1.42872913555,0.0752393807875,1.92092681529,0.149526148577,-0.0140637214976,-0.100204941245,0.00469065402844,-0.151575568736,-0.0125123391261,0.0538427240357,-0.0208920302569,0.573965927334,0.818864194136,0.00230059176153,0.0,0.818823618694,-0.573903896543,-0.011955998585,0.0,-0.00847018364741,0.00874628307943,-0.999925876513,0.0,0.653000459481,0.249739430731,0.303509452877,1.0,-0.01868,-0.0245508571429,0.935
0.458562271157,0.499827230964,-0.124152204656,-1.43102015916,0.0750948428077,1.92173591802,0.149206915651,-0.0130714882659,-0.0989950835761,-0.00241568766173,-0.147492786022,-0.00823231028801,0.0574980593592,-0.0200690319297,0.573948998746,0.818875968187,0.00233290915165,0.0,0.81883578159,-0.57388680648,-0.0119433260738,0.0,-0.00844143944306,0.00876529828947,-0.999925953082,0.0,0.652692036899,0.249358620674,0.303546207965,1.0,-0.019,-0.0249714285714,0.951
0.458331297927,0.498368215683,-0.124148348313,-1.43334868813,0.0749517400855,1.92260056214,0.148868265321,-0.0192734631416,-0.0981747023292,0.000415281459582,-0.160629105955,-0.00888037631993,0.0493333033443,-0.016844979745,0.573938924912,0.81888307357,0.00231715200695,0.0,0.818842600665,-0.573876713475,-0.0119607678903,0.0,-0.00846487376891,0.00876230174102,-0.999925781236,0.0,0.652421600411,0.249015433792,0.303524365909,1.0,-0.01928,-0.0253394285714,0.965
0.458069524313,0.496682813091,-0.124151268834,-1.43600951671,0.0747891002769,1.92355384685,0.148477837496,-0.0153858046922,-0.100645896817,0.000844341974473,-0.153870643015,-0.00558030836963,0.0630300291234,-0.027700922379,0.573926509278,0.818891825921,0.0022991932555,0.0,0.818851016129,-0.573864266175,-0.0119818317672,0.0,-0.00849256275148,0.00875955626303,-0.999925570506,0.0,0.652087361801,0.24858813305,0.303515442089,1.0,-0.01962,-0.0257862857143,0.982
0.457785212172,0.494907422989,-0.12415431687,-1.4389001002,0.0746053397391,1.92455809371,0.14805186769,-0.0104255221476,-0.094440561469,-0.000662953880673,-0.161565270705,-0.0105786025138,0.0561751134543,-0.0268912344798,0.573908651638,0.818904608297,0.00220204151773,0.0,0.818862408019,-0.573846687423,-0.012045039185,0.0,-0.00860026944705,0.00871608902908,-0.999925029768,0.0,0.651715428508,0.248120299905,0.303463711453,1.0,-0.01998,-0.0262594285714,1.0
0.457484468002,0.492837217856,-0.124207891621,-1.44206696234,0.0744219624485,1.92570708404,0.147609967759,-0.0194480207766,-0.14884845586,-0.00225463934881,-0.219072382004,-0.00672711605611,0.0856464468797,-0.0263969732305,0.573941369091,0.818881567386,0.00224284256515,0.0,0.818839956094,-0.57387928771,-0.01201816722,0.0,-0.00855449941709,0.00873442062044,-0.999925262425,0.0,0.651326998979,0.247593170236,0.303498850074,1.0,-0.0318291428571,-0.0418325877551,1.017
0.45708545089,0.489580510548,-0.124260720546,-1.44715548178,0.0741578290723,1.92767210745,0.146836532525,-0.0300908170646,-0.199824440945,-0.00189210534076,-0.324729109131,-0.012552515671,0.128609472955,-0.0482975290716,0.573857545602,0.818939958249,0.00236834109612,0.0,0.818899807171,-0.57379477876,-0.0119751653236,0.0,-0.00844816228817,0.00881164269914,-0.999925488978,0.0,0.65069129198,0.246832544025,0.303514276962,1.0,-0.0451594285714,-0.0593523918367,1.035
0.456519194799,0.485684063881,-0.124314525337,-1.4533300261,0.0738079070388,1.9300039494,0.145912241944,-0.0379154038943,-0.262704928946,-0.00977915749245,-0.421628961535,-0.0269881063451,0.157768485565,-0.0647630621031,0.573816190017,0.818968795769,0.00241630562385,0.0,0.818929157548,-0.573753117808,-0.0119641809048,0.0,-0.00841208990152,0.00884419411054,-0.999925505712,0.0,0.649921434551,0.245853904761,0.303486491621,1.0,-0.0570085714286,-0.0749255510204,1.051
0.455733588717,0.480493658197,-0.124468353552,-1.46157349679,0.0733095469618,1.93289022372,0.144657718129,-0.0465349440842,-0.328698955344,-0.0100010590524,-0.52538344685,-0.0291970117748,0.180453102729,-0.0712505369732,0.573813253504,0.818971316472,0.00225384138367,0.0,0.81892963818,-0.573750927758,-0.0120360919466,0.0,-0.00856423536987,0.00875237509855,-0.99992502209,0.0,0.648864634112,0.244461120373,0.3034186438,1.0,-0.0695982857143,-0.0914720326531,1.068
0.454868780495,0.474994163267,-0.124603191496,-1.47019413791,0.0727872195113,1.93590245841,0.14340622996,-0.0603496595438,-0.394688918499,-0.00649663267647,-0.595066712798,-0.0326522057749,0.214363994091,-0.0856679736103,0.573870949793,0.818931173035,0.00214795636101,0.0,0.818888078333,-0.573809030518,-0.0120937405856,0.0,-0.00867159136203,0.00869934974265,-0.999924559563,0.0,0.647752114719,0.242993678224,0.303389006466,1.0,-0.0807068571429,-0.106071869388,1.083
0.453730946686,0.4677839348,-0.124735017835,-1.48122471202,0.072157446332,1.9399688332,0.141725989822,-0.072144056668,-0.447917618617,-0.00439922909,-0.672489156539,-0.0406738594185,0.261885133229,-0.108301501406,0.573881599085,0.818923105067,0.00236751364981,0.0,0.818882687026,-0.573818565441,-0.012006071198,0.0,-0.00847368896367,0.00882894926158,-0.999925120322,0.0,0.646353126382,0.24114417353,0.30347705209,1.0,-0.0932965714286,-0.12261835102,1.1
0.452463226778,0.460152629993,-0.124806603868,-1.49301462768,0.0714035953502,1.94421029014,0.13985239156,-0.0838188383361,-0.501043657781,-0.00366680955242,-0.756493131857,-0.0475398736296,0.276718687352,-0.120919583357,0.573783278461,0.818991871354,0.00241058414985,0.0,0.818951876907,-0.573719937818,-0.0120001317156,0.0,-0.00844517273746,0.00885979791028,-0.999925088713,0.0,0.644701391674,0.239024735215,0.303488226381,1.0,-0.105886285714,-0.139164832653,1.117
0.450763116526,0.450423023502,-0.124962886417,-1.50794168076,0.0704138175613,1.94938054867,0.137511837874,-0.0961034706996,-0.585224143943,-0.0112496706363,-0.851193923074,-0.0635549092132,0.311675438582,-0.135286471501,0.573792088266,0.818985820178,0.00236911178864,0.0,0.818945481924,-0.573729121119,-0.0119975046857,0.0,-0.00846672080138,0.00882441656042,-0.99992521936,0.0,0.642826386747,0.236531148685,0.303528046443,1.0,-0.118476,-0.155711314286,1.134
0.448746899712,0.439011699082,-0.125112241483,-1.52535936088,0.0692612543481,1.95548676876,0.134828263447,-0.111862387035,-0.621050883807,-0.00191498754279,-0.957533615154,-0.0556810530975,0.326958920648,-0.151939959686,0.573824809002,0.818962660142,0.00244882997936,0.0,0.818923426834,-0.573761585877,-0.0119503328485,0.0,-0.00838199318604,0.00886297234242,-0.999925592187,0.0,0.640614735184,0.233654133208,0.303587312851,1.0,-0.131806285714,-0.173231118367,1.152
0.447064448367,0.429815732454,-0.125208390955,-1.53912267756,0.0683505400618,1.96034457375,0.132548911264,-0.123799758381,-0.675926693315,-0.0095077954061,-1.01550091239,-0.0640775011867,0.352140855403,-0.159570603132,0.573753080664,0.819012247975,0.00266214132038,0.0,0.818975733797,-0.573688979715,-0.0118511141201,0.0,-0.00817912395203,0.00898001527015,-0.999926227907,0.0,0.63860659309,0.231035684105,0.303727964869,1.0,-0.142914857143,-0.187830955102,1.167
0.444771243883,0.417971000323,-0.125345307626,-1.55699742829,0.0670797705539,1.96651510586,0.129577951796,-0.142762707598,-0.71491037365,-0.0074932537011,-1.06699111742,-0.0710782382205,0.369281426407,-0.180613257343,0.573705078715,0.819045657792,0.00272763805557,0.0,0.819010358657,-0.573641144129,-0.0117735753751,0.0,-0.0080785659101,0.00898869686976,-0.999926967384,0.0,0.636129958187,0.227772993412,0.303807132699,1.0,-0.155504571429,-0.204377436735,1.184
0.442057942447,0.404487892256,-0.125496368299,-1.57726238044,0.0656660606057,1.97358631358,0.126203460123,-0.154929631076,-0.773478731829,-0.0092056294154,-1.15899960932,-0.067173888268,0.391697285089,-0.196604744967,0.57371484682,0.819038108405,0.0029323063051,0.0,0.819005660581,-0.573650416151,-0.0116479563249,0.0,-0.00785815267675,0.00908435584317,-0.999927859356,0.0,0.633292378445,0.22403017425,0.303898355428,1.0,-0.168834857143,-0.221897240816,1.202
0.439182596671,0.390862014349,-0.125657292529,-1.59749249861,0.0642535490316,1.98055025326,0.122725714752,-0.172990963813,-0.786505189097,-0.00987851031155,-1.20833308451,-0.0909640513582,0.414917637997,-0.210137466626,0.573746766189,0.819014700456,0.00321179483053,0.0,0.818985894378,-0.573681456945,-0.0115081565869,0.0,-0.00758294827729,0.00923336005917,-0.999928619431,0.0,0.630409721355,0.220197279372,0.304046951949,1.0,-0.181424571429,-0.238443722449,1.219
0.436401096806,0.37825576708,-0.12579390754,-1.6163593031,0.0627904134456,1.98681267832,0.119345572684,-0.188869375153,-0.856627010759,-0.0111157251721,-1.27293226872,-0.101558173507,0.439112511719,-0.229501636204,0.573657960261,0.819077216227,0.00313135572152,0.0,0.81904785306,-0.573593494457,-0.0114832232448,0.0,-0.00760966776762,0.00915234881577,-0.999929161225,0.0,0.627630014854,0.216549367226,0.304056025208,1.0,-0.192533142857,-0.253043559184,1.234
0.432933951472,0.363275734264,-0.125961289493,-1.63864694195,0.0611361820873,1.99416293702,0.115381293667,-0.216632900775,-0.913712620613,-0.0146297578225,-1.32142967828,-0.104059416462,0.445358382356,-0.237864617084,0.573717404318,0.819035602921,0.00312538514499,0.0,0.819005993351,-0.573652745885,-0.0115089919291,0.0,-0.0076335353425,0.00916279455334,-0.999928883638,0.0,0.624291352057,0.212158227907,0.304069375264,1.0,-0.205122857143,-0.269590040816,1.251
0.429062195093,0.34764058942,-0.126171883414,-1.66196098134,0.0593640475867,2.00166948431,0.111014686328,-0.237368468088,-0.941628622249,-0.012449597046,-1.36374867159,-0.0931854257728,0.437088705247,-0.268185977771,0.57376994349,0.818999513519,0.00293184329499,0.0,0.818967073724,-0.57370552341,-0.0116469509376,0.0,-0.00785698373101,0.00908392839896,-0.999927872425,0.0,0.620722901157,0.207406895149,0.30398492472,1.0,-0.217712571429,-0.286136522449,1.268
0.424866414911,0.331191261465,-0.126348067081,-1.68609146325,0.0574983787447,2.00946148678,0.106419132082,-0.249617395039,-0.975538153898,-0.00475557708579,-1.44167034704,-0.101682438553,0.451404639709,-0.281701687064,0.573826649543,0.818959597143,0.00298352544061,0.0,0.818927580558,-0.573761761481,-0.0116535730362,0.0,-0.00783212345943,0.00913059783349,-0.999927642395,0.0,0.616965444022,0.202436396364,0.304005049985,1.0,-0.230302285714,-0.302683004082,1.285
0.420666322929,0.314998523454,-0.126504699376,-1.70956965685,0.0555173081557,2.01691281663,0.101808466143,-0.27316956224,-1.01750037399,-0.00623893604661,-1.49079342925,-0.12324352695,0.463747321301,-0.291710441044,0.573746472947,0.819015643347,0.00301788599642,0.0,0.818984709884,-0.573682229832,-0.0115538328097,0.0,-0.00773161110144,0.00910074852844,-0.999928696741,0.0,0.613210828794,0.197548473772,0.304066089904,1.0,-0.242151428571,-0.318256163265,1.301
0.415528763044,0.296208156438,-0.126684012435,-1.73670634138,0.0532367122362,2.02535519606,0.0961954988209,-0.29657208887,-1.05476357937,-0.0129693978103,-1.54477255526,-0.137825555014,0.468373572621,-0.312577310239,0.573595319624,0.819121522509,0.00301455933809,0.0,0.81909065203,-0.573531231589,-0.0115402361393,0.0,-0.00772406057875,0.00908879779819,-0.999928863791,0.0,0.608763765266,0.191774840738,0.30408358348,1.0,-0.255481714286,-0.335775967347,1.319
0.410560659977,0.27884867823,-0.126867526232,-1.76143441054,0.0512086355458,2.03294159879,0.0909665071787,-0.324293776687,-1.0858353316,-0.00934062978659,-1.60205923452,-0.132635588189,0.47496603537,-0.345314052955,0.573577036468,0.819133721314,0.00317438872919,0.0,0.819104419542,-0.573511851176,-0.0115262026669,0.0,-0.00762109845651,0.00921149835474,-0.999928531024,0.0,0.604630314977,0.186388220688,0.304158515344,1.0,-0.267330857143,-0.351349126531,1.335
0.406218354396,0.264317787898,-0.12702294613,-1.78185706113,0.0494556904518,2.03906308757,0.08648865512,-0.340288411061,-1.1260522385,-0.00554820015693,-1.59070078591,-0.132634338592,0.454166151138,-0.347364958304,0.57358097645,0.819130376322,0.00332218937189,0.0,0.819102880512,-0.573515210542,-0.0114682743022,0.0,-0.00748882989099,0.00929937789839,-0.999928716958,0.0,0.600874136028,0.181445050598,0.304266135979,1.0,-0.277698857143,-0.364975640816,1.349
0.398128838447,0.239111190191,-0.127379789887,-1.81745712354,0.0462105655034,2.04944137762,0.0784328043303,-0.380898185009,-1.1602596861,-0.0155819747255,-1.60397816921,-0.154519787704,0.468609643247,-0.383081556121,0.573662463733,0.819073863574,0.00318286265253,0.0,0.819044790425,-0.573597384908,-0.011507311012,0.0,-0.00759980231567,0.00920839675045,-0.999928721677,0.0,0.594944846781,0.173556655242,0.304221666574,1.0,-0.293250857143,-0.385415412245,1.37
0.391479810267,0.218920538559,-0.127571552388,-1.84550991679,0.0436894237537,2.05745039623,0.071728876145,-0.408294140967,-1.17656850758,-0.0184013203612,-1.66300335665,-0.149209093017,0.457627560341,-0.411906428802,0.573537435803,0.81916104088,0.00327806927484,0.0,0.819132506037,-0.573471232151,-0.0115512055356,0.0,-0.00758256511171,0.00931040115745,-0.99992790797,0.0,0.589882243399,0.167036962077,0.304246458939,1.0,-0.305840571429,-0.401961893878,1.387
0.384253119686,0.198122857005,-0.127822579227,-1.87405660602,0.0409330304886,2.06527800695,0.0646500913229,-0.431176326719,-1.22344632108,-0.0160193195274,-1.65496833592,-0.154697373492,0.451915618517,-0.426283915961,0.573472400685,0.819206668525,0.00325373598042,0.0,0.819177812816,-0.57340627482,-0.0115629532785,0.0,-0.0076068822619,0.00929660188797,-0.999927851665,0.0,0.58460283745,0.160159658431,0.304279667124,1.0,-0.318430285714,-0.41850837551,1.404
