position_joint1,position_joint2,position_joint3,position_joint4,position_joint5,position_joint6,position_joint7,velocity_joint1,velocity_joint2,velocity_joint3,velocity_joint4,velocity_joint5,velocity_joint6,velocity_joint7,ee_T_00,ee_T_10,ee_T_20,ee_T_30,ee_T_01,ee_T_11,ee_T_21,ee_T_31,ee_T_02,ee_T_12,ee_T_22,ee_T_32,ee_T_03,ee_T_13,ee_T_23,ee_T_33,v_x,v_y,time
0.465085027826,0.547817806891,-0.123984261091,-1.3557820039,0.0794859716766,1.89408570142,0.159173148228,-0.000192664240413,-0.000904050576413,-0.0024744039837,-0.0015348844773,1.75372732403e-05,-0.000916359656602,0.00070574184229,0.573798376507,0.818982555066,0.00193507531071,0.0,0.818939351665,-0.573740001439,-0.0118952067653,0.0,-0.008631902909,0.00841032157527,-0.999927375734,0.0,0.661681689502,0.260902735725,0.303211252021,1.0,0.0,0.0,0.0
0.465085027826,0.547822551115,-0.123979234424,-1.35578242839,0.0794888100882,1.89408803059,0.159171622205,-0.000130430640492,0.000938671722164,0.000384803242186,-0.000133262330733,0.000113601586559,-6.63091432398e-05,0.00018323067167,0.573794414478,0.818985330495,0.00193526450214,0.0,0.818942079966,-0.573735990795,-0.0119008163031,0.0,-0.00863642935463,0.00841365344803,-0.99992730862,0.0,0.661680616743,0.260906149638,0.303207730227,1.0,-0.00032,-0.000420571428571,0.017
0.46508258406,0.547808349033,-0.123979634667,-1.35578640275,0.0794859191095,1.89408831844,0.159171622187,-0.000643738535229,-0.000755161768485,0.0011887055089,0.000115919955551,-1.15680303042e-05,0.000197749461275,0.000233714232355,0.573796123741,0.818984114566,0.00194303127146,0.0,0.818940990581,-0.573737692464,-0.0118937418101,0.0,-0.00862616140752,0.00841597293517,-0.999927377732,0.0,0.66168103239,0.260903569133,0.303215932529,1.0,-0.00064,-0.000841142857143,0.033
0.465084344634,0.547778722664,-0.123982164717,-1.35582008121,0.079487981089,1.89409414222,0.15916985854,-0.000212681854194,0.000128817164287,0.0018222788791,0.000354628386839,-0.000266410961924,0.000209112645996,-0.000918926079875,0.573797378427,0.818983226957,0.00194663172886,0.0,0.818940116644,-0.573738899704,-0.0118956806545,0.0,-0.00862567065394,0.00842004730127,-0.999927347665,0.0,0.661675263328,0.260900391495,0.303221484498,1.0,-0.001,-0.00131428571429,0.051
0.465086415705,0.547661973139,-0.123975016686,-1.35595216051,0.079482605113,1.89412032481,0.159171542875,0.000385506248526,-0.00279645692092,0.0018960903655,-0.00821744202991,-2.03319195578e-05,-0.000396877970522,0.000501398455079,0.573797828507,0.8189828782,0.00196064192703,0.0,0.818939861241,-0.573739204776,-0.0118985492493,0.0,-0.00861997693177,0.00843317191397,-0.999927286161,0.0,0.661651414471,0.260892663049,0.303243354296,1.0,-0.00132,-0.00173485714286,0.067
0.465077890403,0.547533799379,-0.123979661874,-1.35613384294,0.0794820281887,1.89415886677,0.159166722289,-0.000494610500835,-0.0112697481592,-2.91973542883e-05,-0.0115984329317,-6.51306368617e-05,0.000123990598614,0.000434770608095,0.57381391292,0.818971625467,0.0019536940101,0.0,0.818928409122,-0.573755209546,-0.0119149969999,0.0,-0.00863726863845,0.00843708901864,-0.999927103903,0.0,0.661624155837,0.260866971842,0.303251177744,1.0,-0.00164,-0.00215542857143,0.083
0.465056376425,0.547361709023,-0.123977235254,-1.35635365342,0.0794794849852,1.89426236782,0.159156367733,-0.000515786399435,-0.012168676782,0.00156066087447,-0.0143299983177,0.00020599784119,0.00770270902379,0.000101077482009,0.573833094297,0.818958055869,0.00200736606999,0.0,0.818915460422,-0.573774090294,-0.0118957508883,0.0,-0.00859051177383,0.00847020172827,-0.999927226747,0.0,0.661604147802,0.26083693788,0.303277362228,1.0,-0.00198,-0.00260228571429,0.1
0.465037538947,0.547167583541,-0.123974707887,-1.35657200279,0.0794743406262,1.89439289986,0.159141277637,-0.00112247400735,-0.0121464038088,0.00331477800072,-0.0145339476566,0.000266539085913,0.00911578284341,-0.000986933387719,0.573845506306,0.818949120905,0.00210218054082,0.0,0.818907744793,-0.573786102243,-0.0118474171112,0.0,-0.00849639343137,0.0085202430375,-0.999927605758,0.0,0.661589869683,0.260810618973,0.303322183731,1.0,-0.00232,-0.00304914285714,0.117
0.465008901246,0.546958109973,-0.123979908858,-1.35685233319,0.0794685016974,1.89451781364,0.159119716125,0.000902573628017,-0.0113768575232,0.000402062530311,-0.0177339090405,-0.000126781661814,0.00926848945517,-0.00103009917358,0.573869172961,0.818932405679,0.00215270878594,0.0,0.818891644376,-0.57380952274,-0.0118259581141,0.0,-0.00844957820734,0.00854955264537,-0.999927752279,0.0,0.661565012223,0.26076568237,0.303348133077,1.0,-0.00266,-0.003496,0.134
0.464962372379,0.546684317581,-0.12398046109,-1.35726981909,0.0794609064161,1.8946665694,0.159040764701,-0.00199656468065,-0.0150714726741,-0.00199999711141,-0.021501261638,-0.00496261823792,0.00836112528883,-0.00754694850228,0.573859376239,0.818939230917,0.00216777950411,0.0,0.818898560611,-0.573799561466,-0.0118303673341,0.0,-0.00844464358277,0.00856432362442,-0.999927667562,0.0,0.661517594627,0.260690175581,0.303359618918,1.0,-0.00306,-0.00402171428571,0.154
0.46493242778,0.546442581074,-0.123984570711,-1.35763930754,0.079448364831,1.89479985086,0.158933618012,-0.00284308001063,-0.018034554053,-0.00018146404061,-0.0230414446385,-0.000602800998459,0.00970636884869,-0.00202817809582,0.573821279419,0.818965900926,0.0021769949427,0.0,0.818925210469,-0.573761290925,-0.011841773374,0.0,-0.00844909584245,0.00857802274323,-0.999927512525,0.0,0.661476439851,0.260641635787,0.303363269164,1.0,-0.00334,-0.00438971428571,0.168
0.46489155925,0.546163099408,-0.123981140002,-1.35809408982,0.0794295497867,1.8949669481,0.158925432392,-0.00144936492905,-0.0177894573078,0.00485756733833,-0.0289065338239,-0.00163221236163,0.0114551547269,-0.00369593038496,0.573864757228,0.81893545579,0.0021694615028,0.0,0.818894566511,-0.573804690929,-0.0118580144745,0.0,-0.00846626430317,0.00858162205733,-0.999927336426,0.0,0.661418595683,0.260571639598,0.303355561883,1.0,-0.00368,-0.00483657142857,0.185
0.464844772359,0.545808463826,-0.123982858286,-1.3586829105,0.0793644018393,1.89516472398,0.158862621254,-0.00400416601569,-0.0225891618297,-0.00013063607424,-0.0307195263378,-0.00434946348971,0.00691705808941,-0.00239083315331,0.573869706122,0.818932100562,0.00212649140892,0.0,0.818890897909,-0.573810058531,-0.0118516223032,0.0,-0.00848563516275,0.00854281594312,-0.999927504518,0.0,0.66135349172,0.260480260935,0.303347028045,1.0,-0.00402,-0.00528342857143,0.202
0.46479215396,0.545464511691,-0.123982858442,-1.35926260147,0.0792848651139,1.89536264226,0.158759108121,-0.000296610283268,-0.0245491017032,-0.000938658564296,-0.036591811705,-0.00269677130143,0.00712024114213,-8.69785561245e-05,0.573839211359,0.818953614608,0.00206966885221,0.0,0.818912041729,-0.573780164226,-0.0118379877377,0.0,-0.00850739170721,0.00848814171597,-0.999927785261,0.0,0.66128702826,0.260381717668,0.303331663974,1.0,-0.00434,-0.005704,0.218
0.464735452056,0.545089618233,-0.123985968235,-1.35991817036,0.0792789916566,1.89557300713,0.158710000025,-0.00293819234162,-0.0276128452479,-0.000866307354619,-0.0381307696772,-0.0023666280779,0.0161905820435,-0.00765184334939,0.573882505524,0.818923383591,0.00202695899527,0.0,0.818880917221,-0.573823290585,-0.0119004829782,0.0,-0.00858263274864,0.00848948047851,-0.999927130913,0.0,0.66120400779,0.260282845273,0.30330338294,1.0,-0.00466,-0.00612457142857,0.234
0.464678520901,0.544716575504,-0.12398604681,-1.36054633873,0.0792599933382,1.89578913018,0.158605639565,-0.00597370076905,-0.0249342260513,-0.000879777785751,-0.0470722534194,0.000415237337748,0.0107374014288,-0.0109651294379,0.57387365963,0.818929639011,0.00200400409732,0.0,0.818886669612,-0.573814339224,-0.0119362194282,0.0,-0.00862516364171,0.00849109764649,-0.999926751224,0.0,0.66112841652,0.260187078758,0.303287178638,1.0,-0.00496,-0.00651885714286,0.249
0.464598392771,0.544160295072,-0.123989002394,-1.36144921533,0.0792198076085,1.89611136444,0.158504972592,-0.00179569202467,-0.0276690883287,0.00109606064877,-0.0457152398797,-0.000774137538251,0.00965876495199,-0.00331404003394,0.57389851446,0.818912256027,0.00198970615478,0.0,0.8188689601,-0.573839112871,-0.0119601683185,0.0,-0.00865272379716,0.0084933949647,-0.999926493605,0.0,0.661023425285,0.260047886564,0.303279133202,1.0,-0.00536,-0.00704457142857,0.269
0.464537400044,0.543710558827,-0.123983953716,-1.36219140952,0.0791853833998,1.89637030712,0.158403301132,-0.00852233471266,-0.0302882607313,0.00075634158556,-0.0520651852985,-0.00547858891997,0.0176098286651,-0.00836296774482,0.573893786028,0.818915622635,0.00196780682099,0.0,0.818871888248,-0.573834327632,-0.0119892439424,0.0,-0.00868915135706,0.0084920977841,-0.999926188738,0.0,0.660932719532,0.259940296838,0.303266366823,1.0,-0.00566,-0.00743885714286,0.284
0.464457728628,0.543173359554,-0.123991693918,-1.36304497676,0.0791309062664,1.89666971334,0.158291693993,-0.00373577869103,-0.0323327103674,0.000540323063931,-0.0488057745875,-0.00622563642712,0.0201276876618,-0.00199177973909,0.573905951834,0.818907139569,0.00194990100204,0.0,0.818863206756,-0.573846602298,-0.0119946885751,0.0,-0.00870375962052,0.00848068863053,-0.999926158518,0.0,0.660835548688,0.259800390814,0.303266315921,1.0,-0.006,-0.00788571428571,0.301
0.464371722221,0.542567756398,-0.123992545297,-1.3640032531,0.0790721819822,1.89700823062,0.158175049333,-0.00663970051188,-0.0343038285399,-0.000612568846805,-0.0506597222146,-0.000430769482914,0.0139613733849,-0.00874004531662,0.573918989942,0.818898032412,0.00193711029401,0.0,0.81885391362,-0.573859674744,-0.0120036974569,0.0,-0.00871834260099,0.0084755234455,-0.99992607527,0.0,0.660724018104,0.259650735059,0.303267906507,1.0,-0.00636,-0.00835885714286,0.319
0.464292079463,0.542009276907,-0.123993103092,-1.36487786074,0.0790259382086,1.89734023323,0.158054056284,-0.00305679861431,-0.0332786839616,-0.000744944391563,-0.0501161196994,-0.00203676042673,0.021019245749,-0.0123345573784,0.573921835657,0.818895999191,0.00195344964786,0.0,0.818852039187,-0.573862397412,-0.0120014022547,0.0,-0.00870705663073,0.00848761645299,-0.999926071033,0.0,0.660626673613,0.259516354508,0.303275361159,1.0,-0.00668,-0.00877942857143,0.335
0.46420538393,0.541368102608,-0.123998123767,-1.36585020595,0.0789648457494,1.89770477956,0.157932417843,-0.00445864130274,-0.0358968135588,0.000470725706077,-0.0608565414471,-0.00599639869471,0.0185315540395,-0.00987228312818,0.57393439514,0.818887134914,0.00197920427895,0.0,0.818843558777,-0.573874892827,-0.0119825094992,0.0,-0.00867667428228,0.00849799662977,-0.999926246969,0.0,0.660518989774,0.25936402986,0.303297634265,1.0,-0.00702,-0.00922628571429,0.352
0.464115930235,0.540625970055,-0.124004416194,-1.36698573554,0.0788967456343,1.89812030893,0.157792890809,-0.00579858517622,-0.0424136307403,-0.000326737557724,-0.0669574538486,-0.00732030135671,0.0201652583631,-0.00746724058067,0.573942500449,0.818881411239,0.00199684923347,0.0,0.818838077427,-0.573882934738,-0.011971928551,0.0,-0.00865779873818,0.00850645857066,-0.999926338629,0.0,0.660387669627,0.259193434606,0.303317966136,1.0,-0.00738,-0.00969942857143,0.37
0.46402568876,0.539983185825,-0.124003054602,-1.36796381898,0.0788347409699,1.89848864855,0.157674969058,-0.003494655945,-0.04301035859,3.03419253057e-05,-0.0647492700288,-0.00502937976078,0.0279974399572,-0.00280228365968,0.573956470507,0.818871554456,0.00202340498777,0.0,0.818828589369,-0.57389681403,-0.0119555418082,0.0,-0.00862899356374,0.00851894644722,-0.999926481308,0.0,0.66027860341,0.259041936694,0.303338565105,1.0,-0.00768,-0.0100937142857,0.385
0.463921973333,0.539190683529,-0.124009978368,-1.36918563862,0.0787700026823,1.89895013977,0.157517510383,-0.0129412892727,-0.0458367053099,9.54827879612e-05,-0.0694164782235,-0.0102875281586,0.0252906699324,-0.00595941968056,0.573967629458,0.818863657924,0.00205352545425,0.0,0.818821040401,-0.57390780183,-0.0119451118504,0.0,-0.00860304934003,0.0085377417593,-0.999926544556,0.0,0.66014104776,0.258855655553,0.30335720352,1.0,-0.00804,-0.0105668571429,0.403
0.463815536995,0.538419948352,-0.124011617414,-1.37037818419,0.0787061464074,1.89941218543,0.157371851419,-0.00469325564587,-0.0463137339385,0.000367390137183,-0.0721668129702,-0.0018243593893,0.02595759206,-0.00774969251525,0.573985572045,0.818850987094,0.00209067440533,0.0,0.818808807215,-0.57392554272,-0.0119312841952,0.0,-0.00857021740105,0.00856041241458,-0.999926632665,0.0,0.660008992837,0.258674023478,0.303374136983,1.0,-0.00838,-0.0110137142857,0.42
0.463713244883,0.537688124344,-0.124026104002,-1.37153869166,0.078630890838,1.89986587101,0.157225196174,-0.00492770270371,-0.0484550857737,-0.00112229021869,-0.0719651057816,-0.0144196370119,0.0249360025784,-0.00459407320792,0.574003457634,0.818838416077,0.00210377793171,0.0,0.818796546628,-0.573943512278,-0.0119082679448,0.0,-0.00854366205897,0.00855811785041,-0.999926879555,0.0,0.659883917907,0.258488565815,0.303378388518,1.0,-0.0087,-0.0114342857143,0.436
0.463609599488,0.536859554108,-0.124026907236,-1.37284242459,0.0785557972047,1.90033903984,0.157056343684,-0.00726657541587,-0.0508214652158,0.000304790980137,-0.0770257427615,-0.000163549514944,0.0257997142333,-0.00395206447607,0.574002262058,0.818839254443,0.00210367214056,0.0,0.818797325923,-0.573942259499,-0.0119150628514,0.0,-0.00854929944077,0.00856191899604,-0.999926798832,0.0,0.659729026296,0.258295788204,0.303383896426,1.0,-0.00904,-0.0118811428571,0.453
0.463494829554,0.53599737094,-0.124033300486,-1.37417109714,0.0784844836605,1.90084378941,0.156895730975,-0.000638104540989,-0.0515808753254,-0.000586999304415,-0.0838825638771,-0.00791924519641,0.0297852644262,-0.00741758722499,0.5740232506,0.81882445012,0.00213882160344,0.0,0.818782937161,-0.573963060221,-0.0119018576938,0.0,-0.0085180914884,0.00858333893197,-0.999926881532,0.0,0.659579183851,0.258092671263,0.303404030973,1.0,-0.00938,-0.012328,0.47
0.463394048076,0.535145856783,-0.124034691057,-1.3755074641,0.0783988641332,1.90131491402,0.15673134516,-0.00340207614637,-0.0563961460546,0.00168016865962,-0.0852273437041,-0.00457473882301,0.0264310689747,-0.00330389557917,0.574022389917,0.818825090912,0.00212444530874,0.0,0.81878339208,-0.573962259279,-0.0119091846077,0.0,-0.00853235201422,0.00857576425671,-0.999926824941,0.0,0.659416284467,0.257896065612,0.303409703472,1.0,-0.0097,-0.0127485714286,0.486
0.463275025993,0.534250104066,-0.124039685996,-1.37697354179,0.0783147629468,1.90185131343,0.15655702498,-0.00655526746855,-0.0524603522501,0.000262436428512,-0.0805210915129,-0.00569779364192,0.0309088643303,-0.0104735455109,0.574038463642,0.818813897729,0.00209524373823,0.0,0.818771771345,-0.573978402927,-0.0119300596529,0.0,-0.00856603891271,0.00856400442488,-0.999926637712,0.0,0.659242535257,0.257675199869,0.303390493519,1.0,-0.01004,-0.0131954285714,0.503
0.463146799702,0.533334841595,-0.12403728866,-1.37845292339,0.0782326190796,1.90240585854,0.156363860221,-0.00508705687588,-0.0507189158678,0.000484091091021,-0.0841021290781,-0.00225649401762,0.0372088167131,-0.0131059286107,0.574044372342,0.818809751254,0.00209683902195,0.0,0.818767557462,-0.573984216163,-0.0119395705788,0.0,-0.00857284936719,0.00857083207841,-0.999926520846,0.0,0.659060983166,0.257439592634,0.30338301617,1.0,-0.0104,-0.0136685714286,0.521
0.463019761434,0.532444269754,-0.124034998889,-1.3798919988,0.0781781466926,1.90294962906,0.156182375577,-0.0108938904355,-0.0561463348131,0.00215128424132,-0.0873583358084,-0.00882350367727,0.0333561620086,-0.0107519446721,0.574060627615,0.818798339795,0.00210272965366,0.0,0.818755909962,-0.57400013229,-0.0119730921342,0.0,-0.00859674637637,0.00859506859778,-0.999926107644,0.0,0.658901923164,0.257239330632,0.303369949236,1.0,-0.0107,-0.0140628571429,0.536
0.462882827294,0.531470456322,-0.124040367999,-1.3814701419,0.078063389871,1.90352689678,0.155973240662,-0.0103098431198,-0.0538367842304,0.00114238778287,-0.0958950156947,-0.00216290841695,0.034403420986,-0.0117030249213,0.574060458544,0.818798550337,0.00206659233839,0.0,0.81875581363,-0.574000277459,-0.011972720019,0.0,-0.00861718712705,0.00856526454346,-0.999926187441,0.0,0.658717498731,0.25699206447,0.303355385596,1.0,-0.01104,-0.0145097142857,0.553
0.462739989855,0.530394828476,-0.124037871114,-1.38321997654,0.0779461603276,1.90412665695,0.155753034365,-0.0170679140869,-0.0608372362559,0.000784284559647,-0.0976167046971,-0.0120599421832,0.0303939057602,-0.0161445100672,0.574058735206,0.818799929344,0.00199778390563,0.0,0.818756285615,-0.573998834656,-0.0120095579059,0.0,-0.00868686678021,0.00853005398186,-0.999925885516,0.0,0.658499542881,0.256727608394,0.303332328286,1.0,-0.0114,-0.0149828571429,0.571
0.462607026526,0.52940802366,-0.12404357204,-1.38476465532,0.0778623960352,1.90470765107,0.155547488471,-0.0089113844014,-0.0589256686176,0.00082301654629,-0.0961805723301,-0.0118862599047,0.0354073446153,-0.0152400907972,0.57406477412,0.818795639338,0.00202064740777,0.0,0.818752225818,-0.574004708814,-0.0120055770037,0.0,-0.0086704199039,0.00854655296114,-0.999925887379,0.0,0.658320470212,0.256492203325,0.303342767477,1.0,-0.01172,-0.0154034285714,0.587
0.462463121474,0.528313638247,-0.124042120053,-1.38646786099,0.0777474042693,1.90535936131,0.155308852303,-0.00679539597729,-0.0633029717921,0.000906587355222,-0.103358415521,-0.0107051411681,0.036767955997,-0.012715614145,0.574047616709,0.818807595588,0.00204989249733,0.0,0.818764670815,-0.573987536475,-0.0119778419553,0.0,-0.0086311014026,0.00855439588216,-0.999926160474,0.0,0.65812370623,0.256236139932,0.303359130658,1.0,-0.01206,-0.0158502857143,0.604
0.462324645402,0.527176846327,-0.124052363058,-1.38822395192,0.0776464843819,1.90603461866,0.155062088611,-0.0061056753567,-0.0701293663581,-0.000594582895692,-0.110010920218,-0.00490035535271,0.0449912663224,-0.0133771978772,0.574034146367,0.818816919656,0.00209709115386,0.0,0.818774623823,-0.573973885143,-0.0119516299375,0.0,-0.00858268649654,0.00857785385977,-0.999926376248,0.0,0.657920361914,0.255975007217,0.303382343739,1.0,-0.0124,-0.0162971428571,0.621
0.462172250572,0.526008772121,-0.124050713808,-1.39003530096,0.0775242452261,1.90670554671,0.154817196268,-0.0108126684851,-0.0692806907655,0.00137248068313,-0.104599075811,-0.0051452137875,0.0324189040334,-0.018106692232,0.574021955381,0.818825422596,0.00211398988494,0.0,0.818783426544,-0.57396170581,-0.0119334648033,0.0,-0.00855823989278,0.00858113589596,-0.999926557621,0.0,0.657705486218,0.255701813418,0.303400176536,1.0,-0.01274,-0.016744,0.638
0.462016224383,0.524845136518,-0.124060955997,-1.39187115005,0.0774079634141,1.90735828913,0.154573924987,-0.00792854842685,-0.0663062195517,-0.00207089463927,-0.109292001275,-0.00415101989764,0.042335270085,-0.0136114564023,0.574025047941,0.818823309419,0.00209265112997,0.0,0.818781062211,-0.573964912572,-0.0119414489111,0.0,-0.00857699352747,0.00856827886461,-0.999926507189,0.0,0.657483831939,0.255416119485,0.303401752049,1.0,-0.01308,-0.0171908571429,0.655
0.46185911141,0.523646539902,-0.124062740138,-1.39378768532,0.0772906903836,1.90805152048,0.154304093007,-0.00564804395611,-0.0753172071863,0.000212494341337,-0.11572653318,-0.0058378724231,0.0449713548036,-0.0130940082056,0.574005237255,0.818837253811,0.00207033252142,0.0,0.818794674399,-0.573945155446,-0.011957701125,0.0,-0.00860331947078,0.00855912510371,-0.999926359424,0.0,0.657250012023,0.255128131683,0.303392456838,1.0,-0.01342,-0.0176377142857,0.672
0.461712062694,0.522497131378,-0.12406524677,-1.39561128236,0.07718205687,1.9087540356,0.154065076005,-0.00799003551326,-0.0708978628955,-0.000105527908891,-0.117249019752,-0.00783224301311,0.0469487240337,-0.0119475671949,0.574000325772,0.818840639497,0.00209285046331,0.0,0.818798356371,-0.573940154198,-0.0119456228635,0.0,-0.00858055574942,0.00857057894491,-0.999926456915,0.0,0.657035153054,0.254858751566,0.303393342762,1.0,-0.01374,-0.0180582857143,0.688
0.461537401095,0.521250480678,-0.1240712899,-1.39759492506,0.0770594525763,1.90952728099,0.1537929548,-0.00535555473109,-0.078678532224,-0.000256337162494,-0.114104362599,-0.00443332852231,0.0507172845612,-0.0127615882344,0.573998022056,0.818842188635,0.00211841636364,0.0,0.818800308872,-0.573937816171,-0.0119241042121,0.0,-0.00854828491001,0.00857913738036,-0.999926659924,0.0,0.656807243967,0.254554023985,0.30339230757,1.0,-0.01408,-0.0185051428571,0.705
0.461368271992,0.519959188531,-0.124074808564,-1.39963289404,0.0769390598334,1.91026684085,0.153522956364,-0.0114873601866,-0.0804435217259,-0.000192654971773,-0.122908775803,-0.00498817022995,0.0433614851521,-0.0162101548661,0.573993990877,0.818845027685,0.00211328521042,0.0,0.818803010966,-0.573933736179,-0.0119349322925,0.0,-0.00856013909626,0.0085811089237,-0.999926541596,0.0,0.656558147891,0.254246696892,0.303393399656,1.0,-0.01442,-0.018952,0.722
0.461210388702,0.518680196381,-0.124082945331,-1.40160134873,0.0768054470193,1.91096607316,0.153249418092,-0.00562273985589,-0.0834309817805,-0.000899757347447,-0.126973373843,-0.00566473674465,0.0456180557399,-0.0194039367152,0.573973280845,0.818859543969,0.00211353437709,0.0,0.818817621529,-0.573913118985,-0.0119239855609,0.0,-0.0085512489103,0.00857481339655,-0.99992667167,0.0,0.656315312823,0.25394736689,0.303415151994,1.0,-0.01474,-0.0193725714286,0.738
0.461024649821,0.517255125834,-0.124084431224,-1.40385894136,0.0766565249364,1.91176950898,0.152948676512,-0.0118168259074,-0.0789141933269,0.00019152954784,-0.129988183622,-0.0169306840652,0.0462056422314,-0.0219439982338,0.573959328801,0.818869402938,0.00208247824315,0.0,0.818827098467,-0.573899318695,-0.0119374083951,0.0,-0.00858021083586,0.00855694127519,-0.999926576674,0.0,0.656034341841,0.253605883953,0.303410261265,1.0,-0.0151,-0.0198457142857,0.756
0.460849925494,0.515979522388,-0.124087618892,-1.40586475515,0.0765279480493,1.91253548105,0.15265787632,-0.00699484940039,-0.0803749271182,0.000119702841257,-0.122895088808,-0.00565110409747,0.0491346116807,-0.0109453655172,0.573937945279,0.818884327327,0.0021072084787,0.0,0.818842415464,-0.573877906852,-0.0119161052908,0.0,-0.00854879606516,0.00856474156473,-0.999926778963,0.0,0.655797323027,0.253299294819,0.303416753436,1.0,-0.01542,-0.0202662857143,0.772
0.460670728759,0.514676672576,-0.124099295125,-1.4079599402,0.0763944358919,1.91331714045,0.152379179642,-0.0141142296377,-0.0849231164921,-0.00107433550185,-0.129901547606,-0.00914829737768,0.0484121130447,-0.0117889526965,0.57394027393,0.81888273155,0.00209304383184,0.0,0.818840675427,-0.57388033335,-0.0119188153884,0.0,-0.00855912019976,0.00855472229883,-0.999926776413,0.0,0.655528735546,0.252958014833,0.303403034226,1.0,-0.01576,-0.0207131428571,0.789
0.460467213361,0.513195766923,-0.124097106665,-1.41036533741,0.0762648258693,1.91414706466,0.152045983476,-0.0122078432915,-0.0784976133476,0.000368292044534,-0.135692515453,-0.0119744578331,0.0469294084587,-0.0282420916707,0.573922673737,0.818895248628,0.00202070420471,0.0,0.818851977881,-0.573862765988,-0.0119879537555,0.0,-0.00865743814952,0.00853498043156,-0.999926098706,0.0,0.65523625922,0.252612199616,0.303365977259,1.0,-0.0161,-0.02116,0.806
0.460265984205,0.511762312266,-0.124103077966,-1.41265240367,0.0761190498134,1.91497120983,0.15171756043,-0.0108505014098,-0.0810241461623,-1.09128698287e-05,-0.132744433733,-0.00853984406694,0.0492325209998,-0.0197029008339,0.57390300883,0.818909103562,0.00199084409015,0.0,0.818865446653,-0.573843233154,-0.012002955526,0.0,-0.00868706439339,0.0085189297421,-0.999925978635,0.0,0.65495394521,0.252256721214,0.303353134752,1.0,-0.01644,-0.0216068571429,0.823
0.460074391752,0.510374485531,-0.124108886754,-1.41483649766,0.0759843418422,1.91581115989,0.151411589096,-0.0140530785316,-0.079312344184,-0.00148747723883,-0.137249498299,-0.0119543106408,0.0501110025268,-0.0179333983157,0.573891357468,0.818917187591,0.00202400412754,0.0,0.818874007724,-0.573831486924,-0.0119804419568,0.0,-0.0086497190692,0.00853304075668,-0.999926182063,0.0,0.654694216078,0.251922123473,0.303358253683,1.0,-0.01676,-0.0220274285714,0.839
0.459881042864,0.508868121344,-0.124106682621,-1.41721204642,0.0758338138569,1.91667379181,0.151080192128,-0.0101545917833,-0.0944045725327,0.000933473477985,-0.141657191625,-0.0135531137259,0.0508598843915,-0.0250655977478,0.573859548269,0.818939497803,0.00201611017309,0.0,0.818896179464,-0.57379967992,-0.0119883895457,0.0,-0.0086610890948,0.00853080097163,-0.999926102755,0.0,0.654395005255,0.251569022192,0.303356447415,1.0,-0.0171,-0.0224742857143,0.856
0.459659109194,0.507360098647,-0.124107464155,-1.41960401795,0.0756805539062,1.91752983693,0.150761802097,-0.0149628526424,-0.0904164912307,0.00132637956999,-0.136883440686,-0.00755269432122,0.053328411987,-0.0180275106738,0.573863530493,0.81893677451,0.00198862422335,0.0,0.818893072275,-0.57380375314,-0.0120056638448,0.0,-0.00869096691005,0.00851824724243,-0.999925950537,0.0,0.654097615425,0.251192763768,0.303347003389,1.0,-0.01744,-0.0229211428571,0.873
0.4594635953,0.505889552633,-0.124120505496,-1.42190108268,0.0755382225676,1.91838396387,0.150434210312,-0.0151903323313,-0.0970491643046,-0.000666032823302,-0.142888072225,-0.0149089217842,0.0505954013821,-0.0113538082129,0.573845007296,0.818949707365,0.00200781219939,0.0,0.8189062937,-0.573785188489,-0.0119911013109,0.0,-0.00866822289843,0.00852540780641,-0.999926086935,0.0,0.653816186722,0.250839047078,0.303356218043,1.0,-0.01776,-0.0233417142857,0.889
0.459236330642,0.504256677783,-0.124122361299,-1.42438334685,0.0753831608203,1.91935056067,0.150094406301,-0.0108072884146,-0.0905155972836,-0.000199753355022,-0.145668038579,-0.00844195883547,0.0536671492953,-0.0219538547438,0.573840387631,0.818952702667,0.00210409576968,0.0,0.818910612817,-0.573780236506,-0.0119329506946,0.0,-0.00856539856422,0.00857084042357,-0.999926584626,0.0,0.653522242047,0.250456869506,0.303399517647,1.0,-0.0181,-0.0237885714286,0.906
0.458991215977,0.502484584417,-0.124125567351,-1.42699782218,0.0752204188466,1.9203465267,0.149724211758,-0.0157759272383,-0.0983199749402,-0.00111599362658,-0.149106554331,-0.0049138277381,0.0527700075863,-0.0159200367513,0.573830469825,0.818959308549,0.00223377343202,0.0,0.818918955493,-0.573769846714,-0.0118597739191,0.0,-0.00843116273465,0.00863494529522,-0.999927173956,0.0,0.653210123001,0.250049262428,0.30347896547,1.0,-0.01846,-0.0242617142857,0.924
0.458769032311,0.500881100049,-0.12413099145,-1.42942641692,0.0750639070851,1.92118864858,0.149388918217,-0.0154437310966,-0.0950991766359,-0.00119794411251,-0.150853353548,-0.00476971272862,0.0471846419526,-0.0245905788886,0.573823072724,0.818964456784,0.00224647165529,0.0,0.818924239216,-0.573762369974,-0.011856649085,0.0,-0.00842139541408,0.00864347531506,-0.999927182566,0.0,0.652900827963,0.249665996357,0.30351530282,1.0,-0.01878,-0.0246822857143,0.94
0.458526461465,0.499161688564,-0.12412424637,-1.43203175015,0.0749000353585,1.92214037624,0.149022692064,-0.0154999509459,-0.101399544725,-0.00467184198942,-0.158327804991,-0.00195147188193,0.0577046528123,-0.0150820889201,0.573805212504,0.818976811971,0.00230357496962,0.0,0.818937282267,-0.573744231997,-0.0118334637208,0.0,-0.00836983068604,0.0086767536445,-0.9999273273,0.0,0.652575540341,0.249263382118,0.30355690453,1.0,-0.01912,-0.0251291428571,0.957
0.458271947892,0.497489891709,-0.124129043917,-1.43466871441,0.0747358458148,1.92312158861,0.148621017907,-0.0160906912615,-0.100516503655,0.000822061062554,-0.157624000456,-0.00636005210254,0.0599006810246,-0.0263296571397,0.573777695502,0.818996060138,0.002314416577,0.0,0.818956662063,-0.573716666695,-0.01182873283,0.0,-0.00836002717673,0.0086826371061,-0.999927358241,0.0,0.652251645945,0.248843882839,0.303552637455,1.0,-0.01946,-0.025576,0.974
0.458002788116,0.495799616917,-0.124129865655,-1.43737202563,0.0745681164027,1.92404872894,0.1482321857,-0.0166270694686,-0.0954828558736,0.000110957220654,-0.161973153183,-0.0152995663348,0.0497523392391,-0.0255504576796,0.57377124178,0.819000781193,0.00224263531959,0.0,0.818960291722,-0.57371033307,-0.0118844946793,0.0,-0.00844695000023,0.00865577719615,-0.999926860604,0.0,0.65190303339,0.24840558148,0.303524249012,1.0,-0.0198,-0.0260228571429,0.991
0.457721340062,0.494117236444,-0.124133272487,-1.44011836981,0.0743948275556,1.92502173061,0.147852737371,-0.016673095625,-0.101247178085,0.000877916989849,-0.162992472697,-0.0144982891744,0.0616179381233,-0.0198180401023,0.573784737811,0.818991543006,0.0021619531782,0.0,0.818949916605,-0.573724064908,-0.0119364290479,0.0,-0.00853563421579,0.00861963814138,-0.999926419686,0.0,0.65155557172,0.247954875866,0.303473369031,1.0,-0.021276,-0.0279627428571,1.008
0.457459744301,0.492301611651,-0.12417433461,-1.4429640647,0.0742200524612,1.92608544844,0.147451298149,-0.0170695717163,-0.117417940878,-0.0046499197491,-0.1819570705,-0.0117074909849,0.0688749006501,-0.0166607115633,0.573795463196,0.818983978902,0.0021807381728,0.0,0.818942734702,-0.57373485177,-0.0119106693631,0.0,-0.00850364561557,0.00862035369558,-0.999926686069,0.0,0.651207898829,0.247490937981,0.303476173929,1.0,-0.0242382857143,-0.0318560326531,1.024
0.45715704359,0.490324138354,-0.124178563644,-1.44618912521,0.0740282658318,1.92722407071,0.146975034683,-0.0212365443206,-0.125210890946,0.000899202652032,-0.208533531895,-0.0169901764685,0.0620374510112,-0.0231944378382,0.573765596142,0.819005136167,0.00209153473505,0.0,0.818962507314,-0.573705131558,-0.0119825097615,0.0,-0.00861397867433,0.00858820573693,-0.99992601831,0.0,0.650788358401,0.246981623258,0.303415749299,1.0,-0.0272005714286,-0.035749322449,1.04
0.456744653937,0.48772053917,-0.124198651987,-1.45029217234,0.0737805127329,1.92872701217,0.146384007241,-0.0276231184465,-0.150815177009,0.00016418449173,-0.232788248539,-0.0172691986109,0.0954545071342,-0.0323392456853,0.57377080675,0.819001481366,0.00209326149102,0.0,0.818958795474,-0.573710254971,-0.0119908948403,0.0,-0.00861980101126,0.00859448578596,-0.999925914178,0.0,0.650275412091,0.246311692124,0.303403533889,1.0,-0.0305331428571,-0.0401292734694,1.058
0.456308050158,0.484981135127,-0.124230377904,-1.45448790754,0.0735205107445,1.93033744447,0.145745704071,-0.0200026447002,-0.160549848011,-0.00100533357077,-0.252585803615,-0.0095601828342,0.098446143199,-0.0477725853296,0.573765832703,0.819004643317,0.00221593081458,0.0,0.818963711825,-0.573704935088,-0.0119093690324,0.0,-0.00848270141065,0.00864812246805,-0.999926624185,0.0,0.649771099634,0.24561550536,0.303449387211,1.0,-0.0336805714286,-0.0442658938775,1.075
0.455848654296,0.482179677007,-0.124273202335,-1.45886510008,0.073253132599,1.9318237922,0.145079628533,-0.0263822662425,-0.18207409693,-0.00304793420034,-0.283474956559,-0.0134948174078,0.09580289082,-0.0453147483262,0.573769366252,0.819002371471,0.00213934012351,0.0,0.818960289385,-0.573708625988,-0.0119667781221,0.0,-0.00857362684694,0.00861837123617,-0.99992610557,0.0,0.649204230626,0.244868563557,0.303439863321,1.0,-0.0366428571429,-0.0481591836735,1.091
0.455325492691,0.478910515665,-0.124325867215,-1.46392207173,0.0729385879817,1.93365515425,0.144334235953,-0.0260843643974,-0.193406374353,-0.00241997128646,-0.299129806302,-0.0132850430064,0.111161886811,-0.0525209402322,0.573786730121,0.818990132987,0.00216732722968,0.0,0.818948483168,-0.573725940612,-0.0119446174648,0.0,-0.00853923639927,0.00862875847529,-0.999926310269,0.0,0.648567984868,0.244016201083,0.303459107955,1.0,-0.0397902857143,-0.0522958040816,1.108
0.454724546203,0.475384578358,-0.124356342459,-1.4693208584,0.0726145691548,1.93564579613,0.143565865847,-0.0374636318101,-0.210639391407,-0.00194690233767,-0.32623856655,-0.0213228674661,0.12413016688,-0.0450057357384,0.573845435672,0.818948724135,0.00226938255266,0.0,0.818908318678,-0.573784139787,-0.0119026648303,0.0,-0.00844569906665,0.00868887342358,-0.999926584128,0.0,0.647895777003,0.243099135308,0.303503883143,1.0,-0.0429377142857,-0.0564324244898,1.125
0.454131708769,0.471857146289,-0.124371594964,-1.4747730255,0.0722820048493,1.93756327552,0.142760789601,-0.0382379989056,-0.225617324124,0.0010792980605,-0.34138485119,-0.0157098432174,0.118645304347,-0.0537970131563,0.573853822912,0.81894284495,0.00227013994485,0.0,0.818902172598,-0.57379223832,-0.011935068492,0.0,-0.00847171337199,0.00870817487313,-0.999926196158,0.0,0.647185550972,0.242184681292,0.303514647123,1.0,-0.0459,-0.0603257142857,1.141
0.453424262951,0.467556228566,-0.124393714646,-1.48120115183,0.071873461668,1.93999956776,0.141717389053,-0.0420566399011,-0.248076830126,-0.000324278206962,-0.370782770216,-0.0221100814947,0.142576605341,-0.0633509592532,0.573789705447,0.818987016399,0.00252740860669,0.0,0.818949837601,-0.573727285516,-0.0117861040771,0.0,-0.00820278086275,0.00883273611233,-0.99992734594,0.0,0.646384215437,0.241110224366,0.303636500829,1.0,-0.0492325714286,-0.0647056653061,1.159
0.452704945379,0.463295222627,-0.124407443122,-1.48776472534,0.071445739011,1.94226811475,0.140712011621,-0.0429669722565,-0.25526435635,-0.00067113072398,-0.401763374816,-0.0202387137338,0.130737898282,-0.0598543382473,0.573756913057,0.81901008455,0.00249660300537,0.0,0.818972305561,-0.573694398591,-0.0118256775882,0.0,-0.00825322094172,0.00882988298977,-0.999926956088,0.0,0.645508855639,0.24000395932,0.303647590968,1.0,-0.05238,-0.0688422857143,1.176
0.451973781499,0.459073133857,-0.124425545656,-1.49430176041,0.071003070607,1.94451431401,0.139760855534,-0.0490316467864,-0.26872501678,-0.000676258928313,-0.417009647655,-0.0255170478394,0.136972292079,-0.0578797697998,0.573772350119,0.818999481074,0.00242634309202,0.0,0.818960708321,-0.57371001821,-0.0118709786137,0.0,-0.00833046837231,0.00879848835284,-0.999926592255,0.0,0.644631570623,0.23888755079,0.303638508064,1.0,-0.0553422857143,-0.0727355755102,1.192
0.45114456803,0.454429355608,-0.124436092322,-1.50156553783,0.0705116086945,1.94710811533,0.138607432596,-0.0445377986625,-0.280809639269,-0.00228406087878,-0.438607306988,-0.0307134512465,0.160074730454,-0.0698140940904,0.573714213113,0.819040317128,0.00238903584849,0.0,0.819001044042,-0.573652018623,-0.0118911012302,0.0,-0.00836897721432,0.00877888566028,-0.999926442988,0.0,0.643668109648,0.23764911966,0.303599152923,1.0,-0.0584897142857,-0.0768721959184,1.209
0.450258356707,0.449430171204,-0.12447687476,-1.50904325182,0.0699965934261,1.94993697643,0.137426998528,-0.0540164134101,-0.294570359538,-0.00154751197202,-0.453840212742,-0.0351188908628,0.167321008745,-0.0652275134448,0.573702329045,0.819047814812,0.00265736732519,0.0,0.819012536252,-0.573639680233,-0.0116931443814,0.0,-0.00805302805696,0.00888497238148,-0.999928100418,0.0,0.642718834182,0.236348825153,0.303716998207,1.0,-0.0616371428571,-0.0810088163265,1.226
0.449371449076,0.444544239228,-0.124514091245,-1.51655371906,0.0695012287721,1.95245503856,0.136307496256,-0.0554373194328,-0.30652996643,-0.000643816389274,-0.481650244039,-0.0327444021026,0.164595189394,-0.0709084204936,0.573739884733,0.819021804349,0.00256428716349,0.0,0.818985039411,-0.573677263917,-0.011774930464,0.0,-0.00817300890657,0.00885603057682,-0.999927383687,0.0,0.641684125005,0.235029976217,0.303709238661,1.0,-0.0645994285714,-0.0849021061224,1.242
0.448308629848,0.438860234364,-0.124535603277,-1.52542988401,0.0688805376795,1.95541865619,0.134876498282,-0.0566364115534,-0.321723273674,-0.00390281863993,-0.50700907572,-0.0362021220435,0.163310434937,-0.0783089879418,0.573674910066,0.819067949373,0.00235345972205,0.0,0.819028218797,-0.573612866788,-0.0119080968168,0.0,-0.00840372746044,0.00875909493433,-0.999926325096,0.0,0.640443668593,0.233470355169,0.30362965104,1.0,-0.067932,-0.0892820571429,1.26
0.447230770307,0.433156868022,-0.12454957676,-1.53389937342,0.0683300717423,1.95854155871,0.133506279743,-0.0646096873223,-0.339896159904,0.00064324898373,-0.503186632021,-0.0290824722812,0.190491573592,-0.0871887176891,0.573665065696,0.819073916286,0.00265687044467,0.0,0.81903813028,-0.573601871366,-0.0117550505522,0.0,-0.00810442546816,0.00891971178076,-0.999927375878,0.0,0.639325011402,0.231976574084,0.303761450078,1.0,-0.0710794285714,-0.093418677551,1.277
0.446145199303,0.427748945656,-0.124600171176,-1.54227104889,0.0677185355004,1.9614371262,0.132161896652,-0.065514292432,-0.343481053052,-0.00339566923295,-0.530410853594,-0.0425385045892,0.169980896123,-0.0862861171026,0.573680051806,0.819063727159,0.00256045180673,0.0,0.819026952367,-0.573617496082,-0.0117714224262,0.0,-0.00817298252739,0.00885027966255,-0.99992743482,0.0,0.638177887067,0.230442754877,0.303713260874,1.0,-0.0740417142857,-0.0973119673469,1.293
0.444934909514,0.421693744625,-0.124709759021,-1.55159672828,0.0670367222934,1.96448117644,0.13061664128,-0.0721629382646,-0.357406733744,-0.00431492995214,-0.558473657664,-0.0369130380198,0.177142570927,-0.0903209989417,0.573690396149,0.81905717766,0.0023272282339,0.0,0.819017549693,-0.573628916444,-0.0118687158149,0.0,-0.00838635293094,0.00871517683749,-0.999926854713,0.0,0.636860946634,0.228694305946,0.303657910802,1.0,-0.0771891428571,-0.101448587755,1.31
0.443639054795,0.415364857568,-0.124765275185,-1.56098351767,0.0663819181374,1.96788036257,0.129117182484,-0.0785018082795,-0.376483872851,-0.0017025292297,-0.547680155752,-0.0397865316475,0.211057243163,-0.0930033094794,0.573774320192,0.818997594427,0.00259166215236,0.0,0.818961736293,-0.573712195319,-0.0116935166502,0.0,-0.00809024958629,0.00883208174772,-0.999928268524,0.0,0.635597511266,0.226949800384,0.303778042741,1.0,-0.0803365714286,-0.105585208163,1.327
0.442358450129,0.40930252732,-0.124777594652,-1.57015281794,0.0657636023585,1.9710382694,0.127544004469,-0.0824805169844,-0.380613000463,-0.00260001397883,-0.584881986719,-0.0415053013762,0.200485702737,-0.0931096853975,0.573747697374,0.819016091783,0.00263970805934,0.0,0.818980498233,-0.573685011084,-0.0117131751808,0.0,-0.00807907355888,0.0088824477252,-0.999927912748,0.0,0.634305314206,0.225256560352,0.303790357056,1.0,-0.0832988571429,-0.109478497959,1.343
0.440917854454,0.402732039943,-0.124846069059,-1.58033241093,0.0650346109138,1.97438028828,0.125884855568,-0.0866836292465,-0.387515591419,-0.00478368460596,-0.597066379746,-0.0400353809331,0.195350274589,-0.106940745794,0.573824234899,0.818963233269,0.0023910034627,0.0,0.818924178024,-0.573762220486,-0.0118681039331,0.0,-0.00834783403554,0.0087684250238,-0.999926711509,0.0,0.632833321006,0.223318359078,0.303673982607,1.0,-0.0864462857143,-0.113615118367,1.36
0.43932290031,0.395367488901,-0.124918402389,-1.5911284576,0.0642372811441,1.97823679892,0.124018280055,-0.0929748416658,-0.398221634914,-0.000656672985937,-0.608902140504,-0.0473533752224,0.218793529758,-0.0981516060014,0.573856970209,0.818939309148,0.00270787279627,0.0,0.818904988036,-0.573794461181,-0.0116311559333,0.0,-0.00797160187058,0.00889228164774,-0.999928687903,0.0,0.631340797273,0.221246493012,0.303829818298,1.0,-0.0897788571428,-0.117995069388,1.378
0.43783421271,0.388742846487,-0.124947224126,-1.60119895969,0.0634853757527,1.98151941862,0.122296679442,-0.0963952765613,-0.412039044842,-0.00311225130577,-0.635734510539,-0.0491500623453,0.207859839092,-0.113114846047,0.573862575484,0.818935897441,0.00254700659476,0.0,0.818899308656,-0.573800436256,-0.0117357801884,0.0,-0.0081495350893,0.00882063680838,-0.999927888122,0.0,0.629851706249,0.219318116691,0.303772069431,1.0,-0.0927411428571,-0.121888359184,1.394
0.436119411063,0.380966891856,-0.125004167835,-1.61272119044,0.0626335079521,1.98531764502,0.120241646954,-0.0961557260324,-0.444177865949,-0.00447296783307,-0.638670016691,-0.049713810031,0.231250669929,-0.117261239929,0.573819402791,0.818966075711,0.00257035337008,0.0,0.818929702811,-0.573757089506,-0.0117341806815,0.0,-0.00813529406541,0.00883840943916,-0.999927847152,0.0,0.628145950805,0.217103292275,0.30382683933,1.0,-0.0960737142857,-0.126268310204,1.412
