position_joint1,position_joint2,position_joint3,position_joint4,position_joint5,position_joint6,position_joint7,velocity_joint1,velocity_joint2,velocity_joint3,velocity_joint4,velocity_joint5,velocity_joint6,velocity_joint7,ee_T_00,ee_T_10,ee_T_20,ee_T_30,ee_T_01,ee_T_11,ee_T_21,ee_T_31,ee_T_02,ee_T_12,ee_T_22,ee_T_32,ee_T_03,ee_T_13,ee_T_23,ee_T_33,v_x,v_y,time
0.465075487291,0.547633763722,-0.123982823107,-1.35575190557,0.0794469629056,1.89408684723,0.159158887251,0.00119207085994,0.0017212321329,-0.00107034452429,0.000393979174697,-0.000240594691782,-0.00757742483227,0.000376463560291,0.573781204304,0.81899417524,0.00210176407007,0.0,0.818953523527,-0.573722542458,-0.0117608451887,0.0,-0.00842639651372,0.0084695620721,-0.999928628633,0.0,0.661698058378,0.260897041827,0.303355937902,1.0,0.0,0.0,0.0
0.465070174466,0.547632610601,-0.123984950727,-1.35575190462,0.0794493501259,1.89408685175,0.159160413136,-0.00052383264475,0.00223913182249,-0.00108823423403,0.000444168405379,0.00022983591453,-0.000881597941921,0.000932298797325,0.573788921796,0.818988763764,0.00210355729586,0.0,0.818948125155,-0.573730241803,-0.011761158398,0.0,-0.00842554435863,0.00847128979842,-0.999928621178,0.0,0.661699830761,0.260892697715,0.303356830487,1.0,-0.00012,-0.000157714285714,0.007
0.465069815869,0.54762695512,-0.123982272976,-1.35575499985,0.0794476741689,1.89408685321,0.159154158208,4.59981067237e-05,-0.000738283512011,0.000537104644182,0.000122590875981,0.00016535082733,0.00137553129606,-0.0111758752474,0.573781936777,0.818993651712,0.00210579821186,0.0,0.818953040134,-0.573723246847,-0.0117601438792,0.0,-0.00842349997141,0.00847247110059,-0.999928628394,0.0,0.661698843775,0.260893445804,0.303359272047,1.0,-0.00034,-0.000446857142857,0.018
0.465069461634,0.547623725531,-0.123980401651,-1.355761428,0.0794469616547,1.89408946707,0.159162634175,3.56099032366e-05,0.00213608880079,0.00105903034678,-0.000707094854883,-0.00024378528722,-0.000190648558399,-0.00020858603129,0.573788035404,0.818989379948,0.00210543577952,0.0,0.818948758258,-0.573729340703,-0.0117610316278,0.0,-0.00842437191397,0.00847274637588,-0.999928618716,0.0,0.661697679514,0.260893635753,0.303358664063,1.0,-0.00068,-0.000893714285714,0.035
0.465071585696,0.547547383668,-0.123990336991,-1.35581757115,0.079448996489,1.89409025139,0.159151113286,0.000292749810883,-0.00532291643042,-0.00188579835081,-0.00506591410822,0.000244654662189,0.00119660012363,-0.00106879407837,0.573787274428,0.818989860368,0.0021258455634,0.0,0.818949479395,-0.57372847624,-0.0117529847861,0.0,-0.00840607907612,0.00848483658361,-0.999928670147,0.0,0.661688596845,0.260884015171,0.303386422668,1.0,-0.00106,-0.00139314285714,0.054
0.465072191348,0.547424519958,-0.123982068963,-1.35595902926,0.0794474537951,1.89412520795,0.159157941661,0.000987331510666,-0.00732288654749,-0.000248744496052,-0.011261825938,8.34023976938e-05,0.00244925057753,0.00147192646162,0.573793928021,0.818985143725,0.0021469572935,0.0,0.818944912435,-0.57373492167,-0.0117565706829,0.0,-0.00839683402091,0.00850425235814,-0.999928582885,0.0,0.661664415096,0.26087614875,0.303408885969,1.0,-0.00138,-0.00181371428571,0.07
0.465054265222,0.547281536841,-0.123984623951,-1.35615339428,0.0794412668865,1.89417677955,0.15915095224,-0.000211329899688,-0.00581492867375,-0.000221475920289,-0.0124907309943,0.000102257774367,0.00715574233303,0.00100593299055,0.573813743176,0.818971250982,0.0021506064738,0.0,0.818931005322,-0.57375465775,-0.011762148306,0.0,-0.00839910253985,0.0085106445252,-0.999928509448,0.0,0.661639524066,0.260844114088,0.303422207085,1.0,-0.00172,-0.00226057142857,0.087
0.46503889184,0.547103296466,-0.123985355169,-1.35636365428,0.0794379813809,1.89429402758,0.159142122467,-0.00113094040284,-0.0132524346667,-0.000897700528758,-0.00977171037769,0.000150085438702,0.00586805302557,0.000251630779352,0.573830698364,0.818959165544,0.00222748458664,0.0,0.818919891577,-0.573771290257,-0.0117245280176,0.0,-0.00832400323921,0.00855219019264,-0.999928782971,0.0,0.661623769854,0.260818345358,0.303458584332,1.0,-0.00206,-0.00270742857143,0.104
0.465014035713,0.54691489305,-0.123982861166,-1.35657408137,0.0794351175048,1.89442278993,0.159127728613,-0.00266504336317,-0.0181353483243,-0.00541681050785,-0.0137930877128,-8.35884228849e-05,0.00841003473485,-0.000217616182836,0.573848777594,0.818946230391,0.00232359268316,0.0,0.818908173772,-0.573788978988,-0.0116772181048,0.0,-0.00822992032659,0.00860393202824,-0.99992911787,0.0,0.661612242558,0.260789135103,0.30350296995,1.0,-0.00238,-0.003128,0.12
0.464982211597,0.546703776731,-0.123980823528,-1.35686932295,0.0794270262772,1.89454766723,0.159110593051,-0.00187927589609,-0.0146115927467,-0.00487105344382,-0.0189398225405,9.08180388565e-05,0.00746272609625,-0.000110084649842,0.573873820828,0.81892856669,0.00236375306202,0.0,0.818890958304,-0.57381379648,-0.0116650022581,0.0,-0.00819660727129,0.0086300615814,-0.999929166324,0.0,0.661583288112,0.26074416045,0.303522727557,1.0,-0.00272,-0.00357485714286,0.137
0.464949448477,0.546480831784,-0.123980349745,-1.35720644561,0.0794172796994,1.89467094177,0.159076910651,-0.00446378758483,-0.0113531913228,6.14445182045e-06,-0.0227407587586,-0.00510723349978,0.0119930265379,-0.00143154046164,0.573888992497,0.818917895131,0.00237744105491,0.0,0.818880367542,-0.573828814661,-0.0116697052367,0.0,-0.00819244399673,0.00864412161202,-0.999929078997,0.0,0.6615453969,0.260692462786,0.303530824263,1.0,-0.00302,-0.00396914285714,0.152
0.464911846273,0.546194111966,-0.123987493077,-1.35763674703,0.0794000593694,1.89482307523,0.15894183526,-0.00171337524449,-0.0202699747172,-0.000241881879443,-0.0250150746746,-0.000451266178978,0.00651288599269,-0.0118466406118,0.573833599062,0.818956677505,0.00238911255059,0.0,0.818919241851,-0.57377332296,-0.0116703079182,0.0,-0.00818682517285,0.00865347163965,-0.999929044144,0.0,0.661496967587,0.26062368053,0.303542461918,1.0,-0.00336,-0.004416,0.169
0.464864241759,0.545866668726,-0.123988225701,-1.3581955714,0.0793683634083,1.89500714926,0.158915587412,-0.00196932755574,-0.0147357112229,-0.00138143705212,-0.0317879694746,-4.14793922548e-06,0.00992375073849,-0.001209438071,0.57387434997,0.818928238264,0.00234902547448,0.0,0.81889023643,-0.573814166643,-0.0116974245086,0.0,-0.00823160563388,0.0086366121939,-0.999928822266,0.0,0.661428389282,0.260537092123,0.303524273104,1.0,-0.00374,-0.00491542857143,0.188
0.464813221639,0.545546157031,-0.123983275014,-1.35871907832,0.0792740409492,1.89518998542,0.158859746624,-0.00175243349327,-0.0238584092348,-0.000148654232375,-0.0370131004481,-0.0114605948837,0.0124056236258,-0.00129668829508,0.573871105701,0.818930656242,0.00229808841033,0.0,0.818892498876,-0.573811637771,-0.0116630418067,0.0,-0.00823271111129,0.00857513515637,-0.999929342266,0.0,0.66137053182,0.260445416217,0.303517554447,1.0,-0.00406,-0.005336,0.204
0.464750356319,0.545191869624,-0.123988552788,-1.35935808723,0.079245401676,1.89540058172,0.158741570096,-0.00370602017891,-0.0176815527533,-0.00128074383846,-0.0401596908374,-0.000506550591322,0.00653234521023,-0.00306069664371,0.573857514414,0.818940344591,0.00223876140585,0.0,0.818901313118,-0.573798159517,-0.0117071948274,0.0,-0.00830305685142,0.00855175102711,-0.999928960877,0.0,0.661294262373,0.260339239398,0.303482616846,1.0,-0.0044,-0.00578285714286,0.221
0.464690364184,0.54477416181,-0.123988552788,-1.36005538173,0.0792322666582,1.89562227921,0.158698342937,-0.00275490189988,-0.0250632970418,-0.00166624583182,-0.041179160937,-0.000644682282843,0.0191907940608,0.00233853668316,0.573906477409,0.818906123395,0.00220525609607,0.0,0.818866351063,-0.573846929582,-0.0117621174501,0.0,-0.00836675165018,0.00855633014106,-0.999928390777,0.0,0.661205578543,0.26023520294,0.303465616103,1.0,-0.00474,-0.00622971428571,0.238
0.464627145341,0.544373283083,-0.123986737765,-1.36074093863,0.0792072692613,1.89586052326,0.158593693184,-0.000115526471018,-0.0287714754045,0.000564119932001,-0.041500187076,0.000191901828995,0.0154951619464,-0.0169746049127,0.573902836991,0.818908756563,0.00217463105673,0.0,0.818868401585,-0.573843219692,-0.0118002966712,0.0,-0.00841563101384,0.00855312506857,-0.999928008012,0.0,0.661123454921,0.26013046484,0.303443612608,1.0,-0.00506,-0.00665028571429,0.254
0.46456151493,0.543867297845,-0.123997463074,-1.36156774864,0.0791655929625,1.8961668438,0.158487668104,-0.00816294410936,-0.0284277296233,-0.00210206894478,-0.0482924059099,-0.00161542148282,0.0172946222201,-0.00667025941418,0.57391230412,0.818902152283,0.00216311499195,0.0,0.818861619118,-0.573852701728,-0.0118098414686,0.0,-0.00842995751728,0.00854926977311,-0.999927920304,0.0,0.661029531327,0.260003409965,0.303435008928,1.0,-0.00542,-0.00712342857143,0.272
0.4644735183,0.54334661073,-0.123989934073,-1.36240177502,0.0791173014046,1.89645414096,0.158391338652,-0.00921484526056,-0.0374596106135,0.000459503509394,-0.0482935022319,-0.00356150079747,0.0238948837432,-0.00598654865532,0.573933668719,0.818887229358,0.00214392311991,0.0,0.818846355792,-0.573874047229,-0.0118309097566,0.0,-0.00845800191632,0.0085458656091,-0.99992771258,0.0,0.660932413552,0.259869127032,0.303431046703,1.0,-0.00576,-0.00757028571429,0.289
0.464408166157,0.542850255432,-0.123995873233,-1.36321826793,0.0790686996423,1.8967380674,0.158271306576,-0.00696984865149,-0.0314180196914,-9.44195430867e-05,-0.0502269170964,-0.000549325552072,0.0235902979757,-0.00474215014388,0.573925452988,0.818893070847,0.00211183156071,0.0,0.818851767472,-0.573865947512,-0.0118492233729,0.0,-0.00849150218316,0.00853001212712,-0.999927564018,0.0,0.660835118113,0.259743496753,0.303418311986,1.0,-0.00608,-0.00799085714286,0.305
0.464331127299,0.54226269352,-0.12399567584,-1.36412684005,0.0790115271651,1.89706492096,0.15817046241,-0.00553525506066,-0.0362421522854,-0.00152994951369,-0.05104497963,-0.00118630821423,0.0202313176527,-0.00928248860503,0.57394100067,0.818882164378,0.002115541346,0.0,0.818840910252,-0.573881479467,-0.0118472834011,0.0,-0.00848762248904,0.00853209776123,-0.999927579164,0.0,0.66072955516,0.259605504777,0.303429705006,1.0,-0.00642,-0.00843771428571,0.322
0.464249646784,0.541596810051,-0.124004530342,-1.36513535092,0.0789543605381,1.89744360468,0.158039666364,-0.00340503650298,-0.0421501427423,-0.000608063938716,-0.0625299063595,-0.0077419278852,0.023823243615,-0.00745793699776,0.573947570964,0.81887747995,0.00214604670426,0.0,0.818836633181,-0.573887938536,-0.0118300069791,0.0,-0.00845589878598,0.00854722998876,-0.999927718705,0.0,0.660616424324,0.259452024022,0.303453629354,1.0,-0.00678,-0.00891085714286,0.34
0.464167025103,0.541042884063,-0.123999133936,-1.36602748107,0.0789063850761,1.89777272496,0.157910330406,-0.0107247839702,-0.034561592821,0.00100477242324,-0.0655462800141,-0.00671336471083,0.0230118441136,-0.00831464656209,0.57394224026,0.818881226177,0.00214223254678,0.0,0.818840237828,-0.573882530677,-0.0118428374252,0.0,-0.00846865044469,0.00855141549219,-0.999927575004,0.0,0.660513660697,0.259316522241,0.303448953196,1.0,-0.00708,-0.00930514285714,0.355
0.464089304361,0.540338613476,-0.124007808517,-1.36708763527,0.0788347128885,1.89816380774,0.157780429733,-0.00804247620027,-0.0395656031279,-0.00155408579206,-0.0609082680698,-0.00025212360027,0.0253052826303,-0.0102406365033,0.573945128702,0.818879138891,0.00216610933153,0.0,0.818838563044,-0.573885427738,-0.0118182233184,0.0,-0.0084347603492,0.00855687030219,-0.999927814789,0.0,0.660391539607,0.259158513899,0.303476288643,1.0,-0.00742,-0.009752,0.372
0.463986244314,0.539646575681,-0.124005915574,-1.36813639774,0.0787809001633,1.8985589104,0.157651009262,-0.00745886385138,-0.0435894266228,-0.000320243176954,-0.0656566209492,-0.00111796840031,0.0255960419824,-0.0121545838532,0.573965886667,0.818864487511,0.0022042999075,0.0,0.81882431696,-0.573905940958,-0.0118091400389,0.0,-0.00840518641921,0.00858314315143,-0.999927838644,0.0,0.660275486799,0.258994258504,0.303500327205,1.0,-0.00774,-0.0101725714286,0.388
0.463882384605,0.538909698306,-0.124013827155,-1.3693019523,0.0787224909061,1.89900220013,0.157506758974,-0.0129076816037,-0.0452319780683,0.000417926963459,-0.0706012628739,0.000181184900446,0.0318036177436,-0.0104097639244,0.573987283441,0.818849446723,0.00222012402528,0.0,0.818809419194,-0.573927209411,-0.011808481608,0.0,-0.00839534068129,0.00859594224195,-0.99992781141,0.0,0.660145717226,0.258813048414,0.303504853463,1.0,-0.00808,-0.0106194285714,0.405
0.463776821023,0.538139391248,-0.124018264323,-1.37049288761,0.078649402335,1.89945787724,0.15736538047,-0.00504227341223,-0.0438908009708,0.000313653997096,-0.0705614722771,-0.00501278601584,0.0293376017676,-0.00953905301401,0.574007340264,0.818835313226,0.00224722906102,0.0,0.818795680585,-0.573947202638,-0.0117893570727,0.0,-0.00836391208931,0.00860736466361,-0.99992797653,0.0,0.660013644886,0.258628637262,0.303521719172,1.0,-0.00842,-0.0110662857143,0.422
0.463676243152,0.537392170467,-0.124026872078,-1.37167282318,0.0785676513115,1.89990506209,0.157219820429,-0.00645714967849,-0.0466155820204,-0.000369349126324,-0.0722823541925,-0.00210581760225,0.0360339297761,-0.00523466265691,0.574015039314,0.818829897572,0.00225397073701,0.0,0.818790476124,-0.573955002183,-0.0117710907923,0.0,-0.00834500395568,0.00860247854121,-0.999928176557,0.0,0.659872289186,0.258434207621,0.303529991205,1.0,-0.00876,-0.0115131428571,0.439
0.463548257954,0.53647071159,-0.12402759902,-1.37312384445,0.0784985481924,1.90045609573,0.157030353698,-0.0077487196698,-0.044886535626,0.000474006203058,-0.0744588201474,-0.015349402989,0.0330630853097,-0.00645429310708,0.574031444766,0.818818331678,0.00227750510933,0.0,0.818779071388,-0.573971166393,-0.011776217865,0.0,-0.00833552128628,0.00862485892871,-0.999928062859,0.0,0.659716538124,0.258225331152,0.30353446145,1.0,-0.00912,-0.0119862857143,0.457
0.463447070955,0.535647774942,-0.124038590053,-1.37440246805,0.0784157920814,1.90091527665,0.156871826427,-0.00639005815127,-0.0484879218973,0.000137351552674,-0.0803084810334,-0.00481271511117,0.0281973000832,-0.0129469552386,0.574040194743,0.818812204528,0.00227495847851,0.0,0.818772980236,-0.573979996466,-0.0117693412665,0.0,-0.00833126001135,0.00861891542678,-0.999928149621,0.0,0.659566287275,0.258029008714,0.303546812144,1.0,-0.00944,-0.0124068571429,0.473
0.463327538387,0.534758278567,-0.12404212424,-1.37582027792,0.0783381984738,1.90143336611,0.156709304092,-0.00561549053975,-0.048931457602,-0.00134039045717,-0.0833887982317,-0.00567422986161,0.0299665117889,-0.00348104770764,0.574064471648,0.818795201113,0.00226890441555,0.0,0.818755818711,-0.574004211336,-0.0117822576852,0.0,-0.0083450560295,0.00862162021813,-0.999928011261,0.0,0.659399650882,0.257814106511,0.303544615469,1.0,-0.00978,-0.0128537142857,0.49
0.463222197589,0.533952008566,-0.124045627004,-1.37711442914,0.0782663805715,1.90190502061,0.156546253678,-0.00185713745282,-0.0534282447851,-0.000470408918203,-0.0855849255826,-0.00906675085713,0.025157968834,-0.0118818844098,0.574071319614,0.818790432842,0.00225698558115,0.0,0.818750828315,-0.574011034844,-0.0117966059188,0.0,-0.00836357446197,0.00862016790577,-0.999927869062,0.0,0.659245991441,0.25761996797,0.303538375469,1.0,-0.01008,-0.013248,0.505
0.463094140779,0.533043575598,-0.124041063029,-1.37859559024,0.0781795227831,1.90246769837,0.156360888574,-0.00973050635177,-0.0549311568018,0.00150776867911,-0.0820678381059,-0.00986126015512,0.0348824464236,-0.0109187526781,0.574079051956,0.818785034192,0.0022487306686,0.0,0.81874527429,-0.57401874859,-0.0118067351908,0.0,-0.00837652578664,0.00861930290138,-0.999927768108,0.0,0.659074188559,0.257398439613,0.303522647261,1.0,-0.01042,-0.0136948571429,0.522
0.462959677417,0.532026159142,-0.124035698774,-1.38023702761,0.0780898218332,1.90308165136,0.156157167757,-0.00851401526635,-0.0625744303727,0.00241790336863,-0.0852548406715,-0.00349042590679,0.0350521222245,-0.0106149173324,0.574084207081,0.818781430223,0.00224490607,0.0,0.818741495052,-0.57402378881,-0.0118237498534,0.0,-0.00839259891128,0.00862599188839,-0.999927575651,0.0,0.65887936136,0.257158602434,0.30351169583,1.0,-0.01078,-0.014168,0.54
0.462822494513,0.531024408865,-0.124041067409,-1.38184044003,0.0779874238351,1.90366353273,0.155953853943,-0.0103255773046,-0.0654112032989,0.000385045314557,-0.0949197610299,-0.0116106074235,0.03929084092,-0.0114026436521,0.57409363132,0.818774882026,0.0022230480601,0.0,0.81873469702,-0.574033332501,-0.0118311443072,0.0,-0.00841110203785,0.00861243699401,-0.99992753702,0.0,0.658689973931,0.256910860173,0.303505107905,1.0,-0.01112,-0.0146148571429,0.557
0.462689307396,0.530000836013,-0.124046342874,-1.38348538725,0.0778862236919,1.9042377048,0.155742188559,-0.00463968250554,-0.0654471393768,-0.00143129102835,-0.100349782791,-0.00790206093723,0.0324786002847,-0.00616658781695,0.574095137415,0.818773939514,0.0021808418238,0.0,0.818733171391,-0.574034969946,-0.0118572443654,0.0,-0.00845668602746,0.00859287931557,-0.999927320802,0.0,0.65848834799,0.2566608667,0.3034932325,1.0,-0.01146,-0.0150617142857,0.574
0.462554093284,0.529075645869,-0.124049272043,-1.38493559434,0.0777991125748,1.90477362192,0.155541382378,-0.0100592337409,-0.0632593601733,-0.000790448028902,-0.0959696492231,-0.00861178582092,0.0310362336702,-0.0135502113883,0.574098767345,0.818771371292,0.00218947194925,0.0,0.818730702371,-0.574038551915,-0.0118543161663,0.0,-0.00844929607115,0.00859830174959,-0.999927336661,0.0,0.658320796291,0.256432419809,0.303501138196,1.0,-0.01176,-0.015456,0.589
0.462422503655,0.527986406918,-0.124049892547,-1.38664338883,0.0776944797764,1.9054333462,0.155304809239,-0.00330330225496,-0.0649846228816,0.000756249608696,-0.105861788288,-0.00119242296842,0.0371168022563,-0.0127444577424,0.574077772367,0.818786004102,0.00222208518312,0.0,0.818745786372,-0.574017458611,-0.0118339093047,0.0,-0.00841408562008,0.00861307300101,-0.999927506441,0.0,0.658121104028,0.256184859378,0.303512392898,1.0,-0.0121,-0.0159028571429,0.606
0.462259170488,0.526696116404,-0.124058441471,-1.38860301888,0.0775651395934,1.90618770221,0.155031160162,-0.00756605242576,-0.0700115999573,-0.0014333482464,-0.101568889182,-0.00636195216898,0.0377194536159,-0.0112351416179,0.574064628265,0.818795043892,0.00228595139825,0.0,0.818755808124,-0.574004225281,-0.0117823140414,0.0,-0.00833531506193,0.00863561197697,-0.99992797177,0.0,0.657897334601,0.255887007997,0.303553405995,1.0,-0.01248,-0.0164022857143,0.625
0.46211791116,0.52567464077,-0.12405955016,-1.3902210091,0.0774576854399,1.90677986763,0.154813557965,-0.0116982231797,-0.066524177693,3.45266572216e-05,-0.101447159695,-0.0103543192225,0.0379776130302,-0.0118440942879,0.574063048958,0.818796159817,0.00228284722115,0.0,0.818756969572,-0.574002746952,-0.0117736217561,0.0,-0.00832999608348,0.00862806439236,-0.999928081249,0.0,0.657693721311,0.255624089322,0.30356004886,1.0,-0.0128,-0.0168228571429,0.641
0.461962555821,0.524429943768,-0.124065256462,-1.39217926089,0.0773405746503,1.90747472339,0.154547167866,-0.0124289261343,-0.0729714325058,-0.00026623907243,-0.109604400402,-0.00711087446539,0.042017398492,-0.0112239860568,0.574047840474,0.818806883979,0.00226064073287,0.0,0.81876731264,-0.573987529783,-0.0117961988128,0.0,-0.00836139018541,0.00862268720546,-0.999927865608,0.0,0.657463984357,0.25534427808,0.303557027165,1.0,-0.01314,-0.0172697142857,0.658
0.46182329557,0.523373370809,-0.124073772473,-1.39386626211,0.0772405561001,1.90808638235,0.154317258147,-0.012511184387,-0.0730453763133,0.000267721053113,-0.110096957345,-0.00576765507319,0.0382142285314,-0.0184381568178,0.574043191758,0.818810190157,0.00224352236524,0.0,0.818770369375,-0.573982920037,-0.0118083292676,0.0,-0.00838119817872,0.00861558653454,-0.999927760984,0.0,0.657260084054,0.255086746772,0.303550180095,1.0,-0.01344,-0.017664,0.673
0.461666390603,0.522155938949,-0.124078057219,-1.39581844307,0.0771134119566,1.90884694908,0.154062611164,-0.00623780647611,-0.0725114511315,0.000569411327246,-0.114249576417,-0.0105364365159,0.0416375415493,-0.0176519953856,0.574036693712,0.818814709622,0.00225665254434,0.0,0.818775174801,-0.573976490834,-0.0117876206738,0.0,-0.00835677258451,0.00861438373337,-0.999927975779,0.0,0.657032198738,0.254796447605,0.303542663812,1.0,-0.01378,-0.0181108571429,0.69
0.46149944899,0.520914337045,-0.124073981329,-1.397808871,0.0769910712179,1.90961277164,0.153789297223,-0.012389943031,-0.0733457766597,0.00107514207906,-0.118759395819,-0.00756430001331,0.0390862813165,-0.0117374617862,0.574020239605,0.818826211158,0.00226877641562,0.0,0.818786831715,-0.573959990048,-0.0117813808798,0.0,-0.00834487724385,0.00862056130125,-0.999928021883,0.0,0.656796706332,0.254501375726,0.303533785928,1.0,-0.01412,-0.0185577142857,0.707
0.461326965744,0.519614624423,-0.124089605749,-1.39985670509,0.0768651701991,1.91035496897,0.153515994088,-0.0134447721462,-0.0755847603426,-0.000739367027859,-0.123883571888,-0.0105709802599,0.0425508764895,-0.0179212809635,0.574023776565,0.818823758158,0.00225918467346,0.0,0.818784284841,-0.573963595061,-0.0117827561478,0.0,-0.00835147170502,0.00861353292668,-0.999928027395,0.0,0.65654984337,0.254183039337,0.303536590534,1.0,-0.01446,-0.0190045714286,0.724
0.461170122505,0.518351163681,-0.124085117354,-1.4017940291,0.0767401817317,1.91105426687,0.15324660343,-0.00800833412186,-0.0757885639606,0.000813707012372,-0.120813070505,-0.00749827335348,0.0435860618922,-0.0144888693134,0.573997380114,0.818842207217,0.00227907948024,0.0,0.818802980028,-0.573937113049,-0.0117735748152,0.0,-0.00833281212366,0.00862428421284,-0.999928090396,0.0,0.656310289904,0.253896631771,0.303561761441,1.0,-0.01478,-0.0194251428571,0.74
0.460988901245,0.516978968658,-0.124090894968,-1.4039392418,0.0765981495106,1.91181833721,0.152954999078,-0.0117511229742,-0.0822540578822,-0.000748818175525,-0.11978160232,-0.00835695029674,0.0421239732979,-0.0165837166695,0.57398609881,0.818850155127,0.00226466826805,0.0,0.818810790947,-0.573925940086,-0.0117750085261,0.0,-0.00834237631007,0.00861319185377,-0.999928106257,0.0,0.656046063616,0.253566707161,0.303569854264,1.0,-0.01512,-0.019872,0.757
0.460778364143,0.515464971434,-0.124099904024,-1.40635957586,0.0764461882616,1.91274287939,0.152611709924,-0.0141461578641,-0.0875958164347,1.81094131475e-06,-0.130169357227,-0.0122990750694,0.0396852131848,-0.0222724874543,0.573970811845,0.818860847433,0.00227301402826,0.0,0.818821667387,-0.573910701457,-0.0117614060537,0.0,-0.00832660816577,0.0086120627266,-0.999928247412,0.0,0.655760237343,0.253194156158,0.303560073425,1.0,-0.0155,-0.0203714285714,0.776
0.460607434009,0.51417525125,-0.124103267741,-1.40846287074,0.076330082403,1.91349395537,0.152332991226,-0.0103763103035,-0.0832055228483,-0.000783234437136,-0.138903250976,-0.00408722765885,0.0446186144083,-0.0144785926757,0.573964367912,0.818865496168,0.00222496159781,0.0,0.818825519133,-0.573904265238,-0.0118072206817,0.0,-0.00839177223851,0.00859894484707,-0.999927815548,0.0,0.655494948031,0.252879670714,0.303528330642,1.0,-0.01582,-0.020792,0.792
0.460395623672,0.512678197609,-0.124101091531,-1.41086473175,0.0761897639447,1.9143170839,0.151997223211,-0.0129184665383,-0.0838119426728,0.00205032886782,-0.131319568977,-0.0045265542483,0.0431811810916,-0.0207662033401,0.573949180961,0.818876312291,0.00216095919328,0.0,0.818835294974,-0.5738891204,-0.0118652472839,0.0,-0.00847618216238,0.00857968380444,-0.999927269036,0.0,0.655188044653,0.252510017026,0.303505379457,1.0,-0.01618,-0.0212651428571,0.81
0.460198126084,0.5112410719,-0.12411495811,-1.41316940384,0.0760404768059,1.91518623239,0.151669990199,-0.0138066537745,-0.0868801110975,-0.00147010563439,-0.137307330751,-0.0182540711918,0.0524133467827,-0.0196436184137,0.573933187316,0.818887544666,0.0021523449556,0.0,0.818846532003,-0.573873281167,-0.0118558462932,0.0,-0.0084735947421,0.0085670687966,-0.999927399127,0.0,0.654911455045,0.252152802137,0.303490710681,1.0,-0.01652,-0.021712,0.827
0.46001807961,0.509954994183,-0.1241100849,-1.4152281045,0.0759183397909,1.9159647478,0.151386684965,-0.0152805640978,-0.0872389881643,-0.000450292049109,-0.144185164987,-0.00709582788722,0.0469480632069,-0.0169945764469,0.573919762804,0.818896936837,0.00215861137133,0.0,0.818855931914,-0.573859758722,-0.0118611546724,0.0,-0.00847448618795,0.00857510789967,-0.999927322663,0.0,0.654660496779,0.25184343971,0.303478500659,1.0,-0.01682,-0.0221062857143,0.842
0.459800079492,0.508367943104,-0.124110652658,-1.41774407171,0.0757623125498,1.91685979121,0.151042192911,-0.0138049153024,-0.0840648561473,0.000935884692583,-0.144431601912,-0.00567676403819,0.0526437806052,-0.0190762967118,0.573905029639,0.818907339636,0.00212907187195,0.0,0.818865869871,-0.573845064675,-0.011885950069,0.0,-0.00851189824444,0.0085649957198,-0.99992709156,0.0,0.654343247315,0.251458342081,0.303469060082,1.0,-0.01718,-0.0225794285714,0.86
0.459613616494,0.507002620322,-0.124118421237,-1.41984727509,0.0756239391912,1.9176255915,0.150732471501,-0.00585921463403,-0.090545547105,-0.00125002249701,-0.137806232562,-0.00498153637189,0.0547101558501,-0.0171261243345,0.573881027658,0.818924114134,0.0021466914081,0.0,0.818882940165,-0.573821061902,-0.0118687035888,0.0,-0.0084879142477,0.00856927776959,-0.999927258749,0.0,0.654084881324,0.251129878108,0.303489431285,1.0,-0.01748,-0.0229737142857,0.875
0.459386636829,0.505414742161,-0.124123045339,-1.42229812183,0.0754646201466,1.91855662019,0.150401693034,-0.0164194032473,-0.095413553544,-0.00238237254688,-0.14291411329,-0.0110367930797,0.0595228209767,-0.0188660487565,0.57388290965,0.818922660774,0.00219740398027,0.0,0.818882242927,-0.57382284039,-0.0118307635869,0.0,-0.00842772206185,0.00858905349648,-0.999927598209,0.0,0.653791816032,0.250746287669,0.303513675556,1.0,-0.01782,-0.0234205714286,0.892
0.459148554624,0.503675798234,-0.124122774887,-1.42492189849,0.075292425386,1.91955966306,0.150040645663,-0.0168647306087,-0.0962160454392,0.000858225684552,-0.149934806039,-0.0165007345917,0.0506241427485,-0.0226970536855,0.573870485027,0.818931109718,0.00229147383385,0.0,0.818892019836,-0.573810161955,-0.0117688056818,0.0,-0.00832313037136,0.00863040602304,-0.999928118213,0.0,0.65347688133,0.250342670555,0.303566564251,1.0,-0.01818,-0.0238937142857,0.91
0.458928156155,0.502087155453,-0.124134105083,-1.42725613716,0.075148462901,1.92043888214,0.149710732348,-0.0150062204268,-0.0970540837573,0.000169301757748,-0.152200260587,-0.0109042839994,0.0585184865824,-0.0268868157531,0.573869644413,0.818931377177,0.00240366327375,0.0,0.818893796434,-0.573808957696,-0.011703722923,0.0,-0.00820546039423,0.00868492346743,-0.999928618714,0.0,0.653198418643,0.249972438974,0.303641233485,1.0,-0.0185,-0.0243142857143,0.926
0.458681913747,0.500269702632,-0.124132397647,-1.43000189712,0.0749682981627,1.92139339277,0.149332825448,-0.0114645769681,-0.099821463534,0.000104114612198,-0.155467595686,-0.0122041087975,0.0577233685466,-0.0187918046099,0.573851519493,0.818944018172,0.00242395881269,0.0,0.818906663817,-0.573790721666,-0.011697460711,0.0,-0.00818887806194,0.00869776908676,-0.999928642999,0.0,0.652846269159,0.249546688227,0.303685220312,1.0,-0.01886,-0.0247874285714,0.944
0.458468665923,0.498782709723,-0.124137997872,-1.43231564024,0.0748275453302,1.92224440935,0.149001479311,-0.0156562721006,-0.099878038829,-0.00134534686242,-0.155139841555,-0.0177165161735,0.0555501373909,-0.0199513126428,0.573838579257,0.818953025023,0.00244431254212,0.0,0.818915896737,-0.573777668566,-0.0116913654891,0.0,-0.00817234452524,0.00871081066927,-0.999928664737,0.0,0.652559114528,0.249184417752,0.303695043134,1.0,-0.01916,-0.0251817142857,0.959
0.458213873773,0.497099476816,-0.124135564708,-1.43496785447,0.0746691180873,1.92321681908,0.148606465227,-0.0120222083555,-0.0995742493104,0.000165040656641,-0.157266981337,-0.00574373906276,0.0538532839074,-0.0266587931423,0.573813799833,0.818970369189,0.00245039037222,0.0,0.818933200919,-0.573752743431,-0.0117025099899,0.0,-0.00817824818491,0.00872193568017,-0.999928519493,0.0,0.652228054298,0.248767681333,0.303690343289,1.0,-0.0195,-0.0256285714286,0.976
0.457932844844,0.495352800463,-0.124133061986,-1.43782024008,0.0744937032377,1.92420290792,0.148193999171,-0.0151591581908,-0.0960421285884,0.00119646245469,-0.15884588783,-0.0110631478354,0.0546580269506,-0.0168550436438,0.573800814274,0.818979760705,0.00235031804638,0.0,0.818941106982,-0.573739934595,-0.0117769965481,0.0,-0.00829681023192,0.00868258943843,-0.99992788519,0.0,0.651859034319,0.24830944771,0.303635204982,1.0,-0.01986,-0.0261017142857,0.994
0.457666936751,0.493760136041,-0.124138342336,-1.44042932861,0.0743272071031,1.92513411176,0.14783450157,-0.0228348916866,-0.105933052272,1.1619837865e-05,-0.170971460687,-0.0174978901258,0.0530596274517,-0.0207420265703,0.573814131865,0.818970648932,0.00227269914081,0.0,0.818930942209,-0.573753502306,-0.0118227486357,0.0,-0.00837867634609,0.00864541034432,-0.999927524705,0.0,0.651530165417,0.247881147089,0.303583447026,1.0,-0.0208491428571,-0.0274017306122,1.01
0.457387861685,0.491936859504,-0.124144070809,-1.44336016615,0.0741359368156,1.9262262414,0.147413659878,-0.0162051070938,-0.110366714528,-0.000138060529383,-0.177708724523,-0.0206038076272,0.0627730414317,-0.021079594689,0.573797351946,0.818982466738,0.00225055019499,0.0,0.818942528628,-0.573736868978,-0.0118273784509,0.0,-0.00839535359295,0.0086297558526,-0.999927520049,0.0,0.651164757494,0.247415903457,0.303552340976,1.0,-0.0224908571429,-0.0295594122449,1.027
0.457098144298,0.490097178741,-0.12414791839,-1.44633506864,0.0739545542466,1.92725146991,0.146993478492,-0.0168452259783,-0.114305026895,-0.00256856799588,-0.189323810417,-0.00896420083861,0.0646059637254,-0.0241182803406,0.573792409234,0.818986175957,0.00215907321826,0.0,0.818944854897,-0.573732093404,-0.0118977534571,0.0,-0.00850552976676,0.00859516800766,-0.999926886852,0.0,0.650775812038,0.246937190311,0.3035050903,1.0,-0.024036,-0.0315901714286,1.043
0.456778741028,0.488103367421,-0.124158227247,-1.44948001078,0.073759332378,1.92841051782,0.146540227435,-0.0198470824411,-0.128059126311,0.000807123465862,-0.196814516814,-0.00827892275502,0.0739886118408,-0.0314285188988,0.573793736569,0.818985236665,0.00216261401143,0.0,0.818943936744,-0.573733381056,-0.0118988584922,0.0,-0.00850438932544,0.00859871565925,-0.999926866051,0.0,0.650384129329,0.246424142021,0.303494938799,1.0,-0.0255811428571,-0.0336209306122,1.059
0.456411940686,0.485796302217,-0.124177732802,-1.45297007333,0.0735383570645,1.92976713124,0.146031808397,-0.0237515965303,-0.137267442024,0.000887908237057,-0.206982280155,-0.0132932446971,0.0835354736031,-0.0257892656422,0.573804896759,0.818977038274,0.00230176803075,0.0,0.81893771963,-0.5737441665,-0.0118063404296,0.0,-0.00834865647515,0.00865970733975,-0.999927652085,0.0,0.649969089289,0.245847429297,0.303554301744,1.0,-0.0272228571429,-0.0357786122449,1.076
0.456022137039,0.483401536181,-0.124216461872,-1.45667105751,0.0733149956682,1.9310596739,0.145464507162,-0.0258185732127,-0.141802263919,-0.00244448959895,-0.223400679021,-0.00943339275552,0.0745337421226,-0.027600553955,0.573808813704,0.818974328672,0.00228936523717,0.0,0.81893477572,-0.57374805515,-0.0118215578166,0.0,-0.00836819463807,0.00865832157347,-0.999927500765,0.0,0.649499614444,0.245216502804,0.30356802415,1.0,-0.0288645714286,-0.0379362938775,1.093
0.455603911628,0.480820793667,-0.124255162645,-1.46066228801,0.0730737597961,1.93246072875,0.144873516857,-0.0278372617291,-0.159788446459,-0.00145074704079,-0.235677818768,-0.00970929252866,0.089066385885,-0.037735393718,0.573824993631,0.818963016365,0.00228066035836,0.0,0.818923266401,-0.573764180234,-0.0118362210284,0.0,-0.00838502749266,0.00865977201392,-0.999927347192,0.0,0.648990772102,0.244540025821,0.303580586229,1.0,-0.0305062857143,-0.0400939755102,1.11
0.455147045881,0.478147520672,-0.124274000445,-1.46477230335,0.0728223589008,1.93398081003,0.144267761635,-0.0279060846356,-0.165696766206,-0.00174660533961,-0.248233941301,-0.00925312194369,0.0917302413463,-0.0342666162347,0.573848613871,0.818946267658,0.00235073364562,0.0,0.818907393792,-0.573787490675,-0.0118043567634,0.0,-0.00831847251012,0.00869911441447,-0.999927561588,0.0,0.648481610416,0.243843936496,0.303608816426,1.0,-0.032148,-0.0422516571429,1.127
0.454611309719,0.474996165198,-0.124292840579,-1.46959919673,0.0725163096385,1.9357690097,0.143576375253,-0.0254922141643,-0.170409493804,0.00445298318344,-0.261058427898,-0.0235020956942,0.0979985399594,-0.0417114244136,0.573884938668,0.818920550407,0.00244053099997,0.0,0.8188828845,-0.573823516017,-0.011753333161,0.0,-0.00822477033431,0.00874373828928,-0.999927947501,0.0,0.647880320277,0.243028075815,0.303648110127,1.0,-0.0339828571429,-0.0446631836735,1.146
0.454166612307,0.472385327502,-0.124296824811,-1.47362399524,0.0722667142656,1.93714579095,0.142994587883,-0.0318138395505,-0.173732417323,0.00147343769521,-0.262000161214,-0.0179857016,0.0857406775678,-0.0350936030032,0.573900349716,0.81890982564,0.0024151537288,0.0,0.818871580751,-0.573838755978,-0.0117967485831,0.0,-0.00827472382818,0.00874802731567,-0.999927497854,0.0,0.647349021162,0.242349691274,0.303657225468,1.0,-0.0354314285714,-0.0465670204082,1.161
0.453622521642,0.46911119587,-0.124301477403,-1.47856772393,0.0719532483412,1.93900047972,0.142212292679,-0.0321790406089,-0.192024843328,-0.000142684713941,-0.278448155368,-0.0107884252289,0.103597083265,-0.0489515970713,0.573859166228,0.818938211368,0.00257103070523,0.0,0.818902004022,-0.573797015832,-0.0117149191929,0.0,-0.00811870153407,0.00882830592966,-0.999928071263,0.0,0.646726846322,0.241528923947,0.303726612834,1.0,-0.0371697142857,-0.0488516244898,1.179
0.453054270775,0.465718505546,-0.124299484258,-1.48374686824,0.0716012809827,1.94088562509,0.141387275155,-0.034177330864,-0.184824960743,0.000300535459446,-0.291933205358,-0.0189277849755,0.102017847459,-0.0515084393859,0.573795741389,0.818982419097,0.00264410182872,0.0,0.818947234743,-0.573733421119,-0.0116676947249,0.0,-0.0080387820346,0.00886042401662,-0.999928432874,0.0,0.646057068744,0.240667031444,0.303765683421,1.0,-0.038908,-0.0511362285714,1.197
0.45254610378,0.462795643356,-0.124312744004,-1.48834826629,0.0712958612584,1.94245407509,0.140701469777,-0.0363866218319,-0.19816338327,-0.000653108742948,-0.304100371675,-0.0156769061897,0.108698588163,-0.0468430435752,0.573791722497,0.818985549979,0.00254460631092,0.0,0.818948946536,-0.573729618858,-0.0117343220312,0.0,-0.00815048109547,0.00881712926536,-0.999927911346,0.0,0.645437996137,0.239884031179,0.303726711198,1.0,-0.0403565714286,-0.0530400653061,1.212
0.451944827674,0.459381757844,-0.124313048282,-1.49365454343,0.0709351210351,1.94430867202,0.13991528331,-0.0352307500156,-0.201563255439,-0.000662342950059,-0.312811759136,-0.0217468696523,0.106632942848,-0.0592992073473,0.573788051711,0.818988249151,0.00250327144619,0.0,0.818951046996,-0.573726033599,-0.011762988373,0.0,-0.00819771508598,0.00879968837391,-0.999927678861,0.0,0.644730551925,0.238983022089,0.303712446477,1.0,-0.0419982857143,-0.0551977469388,1.229
0.451376553089,0.456306136471,-0.124321226458,-1.49851919818,0.0706118677302,1.94604269671,0.139158190357,-0.0337862744113,-0.208254879787,-0.000260566196471,-0.331216636271,-0.0152416639127,0.121643440739,-0.0500246311433,0.573775386827,0.818997288223,0.00244831692877,0.0,0.818959310046,-0.573713509461,-0.0117984936502,0.0,-0.00825846080811,0.0087749261454,-0.999927396612,0.0,0.644088358211,0.238144754641,0.303663147987,1.0,-0.0434468571429,-0.0571015836735,1.244
0.450694259274,0.452666575245,-0.124366886384,-1.5041759605,0.0702125511372,1.94800969576,0.138258249639,-0.0360623633731,-0.222215387265,-0.00430917298467,-0.333396789268,-0.0237969109196,0.116361148988,-0.0594007727717,0.57377893642,0.818995002366,0.0023801514529,0.0,0.818956344798,-0.57371753554,-0.0118085405959,0.0,-0.00830576101918,0.00872489997911,-0.999927442595,0.0,0.643342204853,0.237129780137,0.303642859158,1.0,-0.0450885714286,-0.0592592653061,1.261
0.450001172302,0.448826119037,-0.124411385851,-1.50992889754,0.069836573871,1.95014070838,0.137391478832,-0.0418784269311,-0.226725326515,-0.00232658116905,-0.348949909884,-0.0279587511865,0.108325518931,-0.0555372018873,0.573827508033,0.818960449268,0.0025535190685,0.0,0.818924233007,-0.573765661772,-0.0116967032107,0.0,-0.00811417198114,0.00880319818907,-0.999928329389,0.0,0.642605206151,0.236115066008,0.303725072197,1.0,-0.0467302857143,-0.0614169469388,1.278
0.449266390186,0.44487333007,-0.124430590142,-1.51598488332,0.0694211644651,1.95212985474,0.136501177413,-0.0418302130477,-0.234002264375,-0.00066221766609,-0.358849923585,-0.0268309783564,0.12109851655,-0.049450833866,0.573870455882,0.818930670738,0.00245016153552,0.0,0.818892922628,-0.573808778708,-0.0117734297268,0.0,-0.00823585707052,0.00876301214051,-0.999927687524,0.0,0.641765661768,0.235040699668,0.303723665368,1.0,-0.048372,-0.0635746285714,1.295
0.448569610937,0.441117266726,-0.124439851087,-1.52178200925,0.06901137594,1.95419459376,0.135561580142,-0.0478413743708,-0.235215526548,-0.00214415346985,-0.363292883572,-0.0322038284477,0.129768857405,-0.0479121693647,0.573822589681,0.818964206414,0.00245175148297,0.0,0.818926588865,-0.573761029596,-0.0117588208809,0.0,-0.00822349228364,0.00875545009774,-0.999927855532,0.0,0.640984460973,0.234031064668,0.303713653343,1.0,-0.0499171428571,-0.0656053877551,1.311
0.447774983515,0.437048341723,-0.124443703005,-1.52809293172,0.0686029449486,1.95643054287,0.134526306486,-0.0471330295202,-0.242381009578,-0.000652539443485,-0.377859769494,-0.0255781318901,0.126450268196,-0.0570347407931,0.57379401434,0.818984233868,0.00244962935733,0.0,0.818946329137,-0.573732189603,-0.0117911622458,0.0,-0.00825150363039,0.00877198217651,-0.999927479879,0.0,0.640129506016,0.232918673292,0.303684222154,1.0,-0.0515588571429,-0.0677630693878,1.328
0.44683877312,0.432252879949,-0.124465630109,-1.53524080213,0.0680935905805,1.95904214922,0.133374431758,-0.0491227600283,-0.249332244103,0.000916891850626,-0.385032490097,-0.0229394965311,0.134547494411,-0.0576916897722,0.573803032066,0.81897731188,0.00264384526149,0.0,0.818942278419,-0.57374088181,-0.0116486934738,0.0,-0.00802328802952,0.00884938267513,-0.999928655093,0.0,0.639187853852,0.231627159564,0.303779880995,1.0,-0.0533937142857,-0.0701745959184,1.347
0.446011560068,0.428166476831,-0.124501119213,-1.54162674874,0.0676189821415,1.96109275457,0.132380571844,-0.0520654214348,-0.261524590637,-0.00380885339509,-0.405201206987,-0.0281424632968,0.122619208373,-0.0620785298382,0.573833308253,0.818956830392,0.00240648992402,0.0,0.818918714121,-0.573772010505,-0.0117714282728,0.0,-0.00825967404984,0.00872572526002,-0.999927817146,0.0,0.638278864275,0.230448217582,0.303702839906,1.0,-0.0549388571429,-0.072205355102,1.363
0.445121486191,0.423672269376,-0.124556857389,-1.54845779346,0.0671256627014,1.96342012463,0.131229602707,-0.0553229750738,-0.267929392448,-0.00158124580207,-0.39496916882,-0.0225655985227,0.140582890097,-0.0669829021059,0.573812887431,0.818971238019,0.00237242839303,0.0,0.818932860919,-0.573751911641,-0.0117669068314,0.0,-0.00827573226309,0.00869502976254,-0.999927951761,0.0,0.637332792895,0.22918728617,0.303711057624,1.0,-0.0565805714286,-0.0743630367347,1.38
0.444117109523,0.41880644824,-0.124569659142,-1.55583488057,0.0666188915881,1.96598966703,0.13007232281,-0.0583842358708,-0.275586016276,-0.000484574182647,-0.405038250964,-0.0249093755925,0.146840577176,-0.0652123869894,0.573865556061,0.818934208845,0.00241496412551,0.0,0.818896264339,-0.573804287763,-0.0117598681091,0.0,-0.00824500025786,0.00872635636194,-0.999927932741,0.0,0.636311671763,0.227835955302,0.303726360556,1.0,-0.0583188571429,-0.0766476408163,1.398
