position_joint1,position_joint2,position_joint3,position_joint4,position_joint5,position_joint6,position_joint7,velocity_joint1,velocity_joint2,velocity_joint3,velocity_joint4,velocity_joint5,velocity_joint6,velocity_joint7,ee_T_00,ee_T_10,ee_T_20,ee_T_30,ee_T_01,ee_T_11,ee_T_21,ee_T_31,ee_T_02,ee_T_12,ee_T_22,ee_T_32,ee_T_03,ee_T_13,ee_T_23,ee_T_33,v_x,v_y,time
0.465057554839,0.547792048332,-0.124000234725,-1.35583583422,0.0795234773915,1.89410387355,0.159159171827,-0.00112317144201,-0.000248409624877,-0.000525714382531,9.81330139558e-05,2.32478888042e-05,-0.000558022721748,-0.00140363129586,0.573833548516,0.818957887932,0.00194506857718,0.0,0.818914520915,-0.573774841245,-0.0119241724698,0.0,-0.0086495302174,0.00843549751297,-0.999927011341,0.0,0.66168238359,0.260876572702,0.303206056194,1.0,0.0,0.0,0.0
0.465062841384,0.547786793802,-0.123997737886,-1.35584307405,0.0795272514043,1.89410350266,0.159161266793,0.000527098510983,5.55610231076e-05,-0.000894689484334,-0.00786505243712,0.000278838016312,-0.000215403629361,0.00129464550538,0.573830573558,0.818959969972,0.00194610751542,0.0,0.81891656084,-0.573771808042,-0.0119300284945,0.0,-0.0086537607616,0.00843967725708,-0.999926939467,0.0,0.661678624142,0.260881311414,0.303206224916,1.0,-0.00032,-0.000420571428571,0.017
0.465057413095,0.547778900595,-0.124000314995,-1.35584436807,0.0795259289943,1.89410927365,0.159158891794,-0.000364152822866,-0.00124013877539,-0.000233811819254,-0.00142053131475,-5.99446273497e-05,1.99277206228e-05,0.00012526315154,0.573834621617,0.818957111595,0.00195532647783,0.0,0.818913854956,-0.573775848772,-0.011921427287,0.0,-0.00864138492106,0.00844233420114,-0.999927024067,0.0,0.661681771392,0.26087635848,0.303211784737,1.0,-0.00066,-0.000867428571429,0.034
0.465059892023,0.547754237466,-0.123997969132,-1.3558720023,0.0795246850234,1.89411489861,0.159164378471,-0.000633967484178,0.00288595030671,0.000112042428996,-0.00192209695142,0.000313635484665,0.000990311778765,0.00212155475592,0.573836620436,0.818955703056,0.00195866808162,0.0,0.818912468637,-0.573777812611,-0.0119221377018,0.0,-0.00864002872331,0.00844549952316,-0.999927009057,0.0,0.6616760952,0.260876581125,0.303216512429,1.0,-0.00098,-0.001288,0.05
0.465061989578,0.547630778504,-0.123999939235,-1.35601533966,0.0795232048254,1.89414490043,0.159159673595,0.000286930534935,-0.00768097974613,-0.00108566277159,-0.0133273048258,0.000220297297021,-0.000225036098463,0.000403711107646,0.573839850412,0.818953406908,0.00197238263959,0.0,0.818910266178,-0.573780901985,-0.0119247375829,0.0,-0.00863425521614,0.0084582568708,-0.999926951096,0.0,0.661652471716,0.260863235892,0.303238416872,1.0,-0.00132,-0.00173485714286,0.067
0.465055586861,0.547485313165,-0.123997834674,-1.35622104095,0.0795198549942,1.89419546292,0.159148479301,0.00115292172502,-0.00830243292359,-0.00128754256631,-0.0161838315781,3.97563454868e-05,0.00029576657518,-0.00154950645011,0.573844801053,0.818949965107,0.00196108551632,0.0,0.818906518832,-0.573785744279,-0.0119490576341,0.0,-0.00866060416337,0.00846301325331,-0.999926682983,0.0,0.66162022528,0.260842310571,0.303241881474,1.0,-0.00166,-0.00218171428571,0.084
0.465031214739,0.547339342731,-0.124003340772,-1.35642879736,0.0795169805487,1.89429637192,0.159146194199,0.000546731282922,-0.00889067453357,-0.000959384071988,-0.0133161978129,4.64880832388e-05,0.00250645586001,0.000289364319883,0.573877850598,0.818926694545,0.00200710139355,0.0,0.818883853368,-0.573818603362,-0.0119244299705,0.0,-0.00861368774184,0.00848691256372,-0.999926885676,0.0,0.661604739217,0.260804937368,0.303261327143,1.0,-0.002,-0.00262857142857,0.101
0.465014003783,0.547139567452,-0.123995553862,-1.35664961873,0.0795142168262,1.89442236778,0.159129016841,-0.000563985528163,-0.0155489492554,0.000347233740892,-0.0128153469146,-0.000160402229572,0.0030320216317,-0.00144529445821,0.573884273775,0.818921950595,0.00210381756098,0.0,0.818880299472,-0.573824561292,-0.0118817042512,0.0,-0.00852313032945,0.00854166242322,-0.999927195476,0.0,0.661587370851,0.260782596369,0.303308408475,1.0,-0.00234,-0.00307542857143,0.118
0.464988450576,0.54692192448,-0.123998141721,-1.3569396092,0.0795106044224,1.89454658232,0.159123178806,-0.00237698743827,-0.0204808555881,0.000151795697369,-0.0210965316308,-0.00127613981608,4.46999289633e-05,0.000129386612476,0.573917565404,0.818898487155,0.00215470587347,0.0,0.818857414547,-0.573857560114,-0.0118651692974,0.0,-0.00848003819915,0.00857419103666,-0.999927283456,0.0,0.661558840268,0.260740485796,0.30333540118,1.0,-0.00268,-0.00352228571429,0.135
0.464961944377,0.546700584364,-0.123999108544,-1.35729195441,0.0795031070715,1.89467940081,0.159094960175,-0.00284000929693,-0.0148892353969,-0.00188546078761,-0.02393562077,-0.000158757207572,0.00772347211744,0.000268020727997,0.573934603144,0.818886524265,0.00216300560516,0.0,0.818845443195,-0.573874444732,-0.0118747102589,0.0,-0.00848290989225,0.00858663972271,-0.999927152276,0.0,0.661517889183,0.260691275698,0.303336009244,1.0,-0.003,-0.00394285714286,0.151
0.464923938849,0.5464200997,-0.124000925637,-1.35770195591,0.0794906693041,1.8948329388,0.158964633218,-0.00638932763814,-0.0126756626942,-0.00065103295035,-0.0230528802566,-0.000125361611672,0.0120123090505,-0.0144682873624,0.573879901483,0.81892478609,0.0021909592672,0.0,0.818883963053,-0.573819530973,-0.0118721451399,0.0,-0.00846534168411,0.0086074926118,-0.999927121875,0.0,0.661472849396,0.26062850947,0.303352864806,1.0,-0.00334,-0.00438971428571,0.168
0.464883519163,0.546135368289,-0.124003307682,-1.35819182643,0.0794786722433,1.89499859221,0.158921275284,-0.00305097414577,-0.0145719286646,-0.00170108576905,-0.0335906989497,-6.08846342273e-05,0.0134681830136,0.000136162185349,0.573903335771,0.818908430441,0.00216578964768,0.0,0.818867107,-0.573842888125,-0.0119057852849,0.0,-0.00850708874217,0.0086064294936,-0.999926776725,0.0,0.661412697819,0.260555278826,0.303335767295,1.0,-0.00368,-0.00483657142857,0.185
0.464835235989,0.545831567515,-0.124001171849,-1.35870708908,0.0794481260742,1.89517733942,0.158876572394,-0.00579294145872,-0.0148064586994,-0.00164073119502,-0.0405572229496,0.000328445911062,0.00888904232682,-0.00115657600512,0.573925446256,0.818893007652,0.00213800341171,0.0,0.818851284501,-0.573865070463,-0.0119248343625,0.0,-0.00853840238909,0.00859483820026,-0.999926609527,0.0,0.661351838236,0.260474586736,0.303321021528,1.0,-0.004,-0.00525714285714,0.201
0.464765503725,0.545450267948,-0.124003804135,-1.35937073345,0.079328282155,1.8953981274,0.158781037157,-0.00935641146973,-0.0218620421346,-0.00166250692221,-0.0403769408738,-0.00739018513211,0.0181164104017,-0.0032371187917,0.573911300748,0.818903170217,0.00204048601242,0.0,0.818860865563,-0.57385201261,-0.0118952668932,0.0,-0.00857029976931,0.00849786584796,-0.999927165467,0.0,0.661278941042,0.260348745615,0.303294139269,1.0,-0.00436,-0.00573028571429,0.219
0.464698278783,0.545016846708,-0.124001317751,-1.36011565387,0.0793202498234,1.89563345189,0.158697855074,-0.0064573659537,-0.0241339523065,0.00155496543552,-0.0392261222792,-6.8189392477e-05,0.00693444301836,-0.00409812130546,0.573935754383,0.81888614015,0.00199655020157,0.0,0.8188428496,-0.573876237107,-0.0119665802727,0.0,-0.00865366062322,0.00850307284313,-0.999926403247,0.0,0.661183460992,0.260237661779,0.303266737474,1.0,-0.00472,-0.00620342857143,0.237
0.464642424476,0.544643169161,-0.12400087359,-1.36074941374,0.0793012529891,1.8958450537,0.158614407992,-0.000881659187617,-0.0228641918318,0.00436779484644,-0.0409084188839,-0.00426737702394,0.0125316988644,-0.00188909649104,0.573943060453,0.818881093923,0.00196577588381,0.0,0.818837181779,-0.573883456781,-0.0120081085739,0.0,-0.0087052544286,0.00850178465556,-0.999925966361,0.0,0.661105272967,0.260141946962,0.303247907049,1.0,-0.00502,-0.00659771428571,0.252
0.46456393415,0.544164696873,-0.124002028629,-1.36153006959,0.0792733648708,1.89613567077,0.158518179446,-0.00477731705276,-0.0285798616017,0.000121903591174,-0.0493626291669,-0.000654404354151,0.0223770442187,-0.00409647140808,0.573965510048,0.81886536028,0.00196517430543,0.0,0.818821263849,-0.573905733885,-0.0120288562934,0.0,-0.00872235687292,0.0085134390563,-0.999925718164,0.0,0.661018492481,0.260018213133,0.303240184602,1.0,-0.00536,-0.00704457142857,0.269
0.464495873325,0.543656833976,-0.12400487076,-1.3623643295,0.0792286663557,1.89641518859,0.15841852165,-0.00870013316229,-0.03158254963,0.0013872436597,-0.0521132397394,-0.00139636105903,0.014835695956,-0.00485631044756,0.573976049067,0.818858062185,0.00192769122818,0.0,0.818813386254,-0.57391634586,-0.0120587456882,0.0,-0.0087682364367,0.00850001424062,-0.999925431114,0.0,0.660916430334,0.259890947601,0.303226754943,1.0,-0.0057,-0.00749142857143,0.286
0.464412284243,0.543148504944,-0.124009864323,-1.36316928615,0.0791881094857,1.89669648052,0.158313102443,-0.00634546553155,-0.0324417739996,0.0004859982651,-0.0479621563713,-0.00425903171952,0.0174265471457,-0.00593048293162,0.573995576992,0.818844396534,0.00191800937604,0.0,0.818799514198,-0.573935836118,-0.0120730472635,0.0,-0.00878530193016,0.00850050453644,-0.999925277155,0.0,0.660825666307,0.259756459637,0.303227774135,1.0,-0.00602,-0.007912,0.302
0.464342109067,0.54257635336,-0.124010926868,-1.36407005122,0.0791329850422,1.89701703995,0.158199814328,-0.00174158277295,-0.0324295406014,0.000210492953221,-0.0543574495926,-0.00739966055088,0.0138110897471,-0.0106651180934,0.573996341186,0.818843878467,0.00191047190912,0.0,0.818798882488,-0.573936618528,-0.0120786940725,0.0,-0.00879424423027,0.00849758207292,-0.999925223388,0.0,0.660718644194,0.259622894937,0.303231529052,1.0,-0.00636,-0.00835885714286,0.319
0.464256145857,0.541945740237,-0.124006180052,-1.36505312752,0.0790717144576,1.8973899886,0.15806237335,-0.00289447318303,-0.0354100255694,0.00109951448609,-0.0506894809207,-0.000130663538827,0.0170633993918,-0.00514885273408,0.573989201971,0.818848843238,0.00192739435764,0.0,0.818804065268,-0.573929403263,-0.0120701976954,0.0,-0.0087776481239,0.00850648525441,-0.99992529351,0.0,0.660607598657,0.259475833236,0.303241720712,1.0,-0.00672,-0.008832,0.337
0.464170923179,0.5413647779,-0.124014123072,-1.36592750833,0.0790213507452,1.89770924045,0.157952298591,-0.00634393607925,-0.0364589248809,-0.000488027082325,-0.0603553297797,-0.00234159117563,0.0181147109983,-0.00589222856526,0.574009446199,0.818834600677,0.00194918181297,0.0,0.818790115598,-0.573949558271,-0.0120581118137,0.0,-0.00875503569287,0.00851760487662,-0.999925397096,0.0,0.660511563772,0.259332288647,0.303264223679,1.0,-0.00702,-0.00922628571429,0.352
0.464085777752,0.540640645743,-0.124011600025,-1.36704687635,0.0789597832773,1.89811770853,0.157810996823,-0.00775206974851,-0.0403407649517,0.000482319304807,-0.0614432264029,-0.00597706933604,0.0192441279815,0.000527605087213,0.574007265063,0.818836093382,0.00196436529746,0.0,0.818791720102,-0.573947227354,-0.0120601080605,0.0,-0.0087479781797,0.00853115993623,-0.999925343307,0.0,0.660378574904,0.259171908658,0.303278635899,1.0,-0.00738,-0.00969942857143,0.37
0.463985191996,0.539907122724,-0.124016859708,-1.368156358,0.0788915427797,1.89853790112,0.157665195642,-0.00441510543334,-0.0449270793334,0.000603644342298,-0.0673612211124,-0.00708423462298,0.0311858734796,-0.0114643145262,0.574017159222,0.818829071401,0.0019999119524,0.0,0.818785207994,-0.57395701188,-0.0120365520635,0.0,-0.0087081829203,0.00854685029959,-0.999925556679,0.0,0.660256401057,0.258997845348,0.303305528861,1.0,-0.00772,-0.0101462857143,0.387
0.463897060026,0.53918966322,-0.124025767422,-1.36925293934,0.0788263111237,1.89895167529,0.157525810472,-0.00430216650796,-0.0452743819146,-0.00191070817918,-0.0725451113559,-0.0015218343947,0.0192856977055,-0.00827538947517,0.574024680299,0.818823731189,0.00202744933019,0.0,0.818780266711,-0.573964453416,-0.0120178184833,0.0,-0.00867695818297,0.00855872469807,-0.999925726556,0.0,0.660132731509,0.258831268227,0.303326661997,1.0,-0.00804,-0.0105668571429,0.403
0.463779262238,0.538417402785,-0.124023691486,-1.37044947623,0.0787633647007,1.8994137063,0.15736999298,-0.0092289093845,-0.0494238517105,0.000263151580345,-0.0720043925974,-0.00170850637596,0.0242504162367,-0.0158954622229,0.574041476515,0.818811864397,0.00206418630863,0.0,0.818768802047,-0.573981015624,-0.0120078890462,0.0,-0.00864756475596,0.00858328296383,-0.999925770684,0.0,0.660001811755,0.258643984425,0.303342652264,1.0,-0.00838,-0.0110137142857,0.42
0.463672512825,0.537637372767,-0.124026987256,-1.37168522354,0.0786882248842,1.89988730831,0.157231497313,-0.00652848363746,-0.0478817275942,0.00039566426888,-0.0774462319269,-0.0039854372285,0.031262325307,-0.00409301397557,0.574065976384,0.818794656337,0.0020766352647,0.0,0.818751788693,-0.574005492123,-0.0119979342257,0.0,-0.00863201057699,0.00858802000932,-0.999925864405,0.0,0.659863109145,0.258455152161,0.303346498337,1.0,-0.00872,-0.0114605714286,0.437
0.463578942966,0.536850929989,-0.124040740873,-1.37290717525,0.0786224785171,1.90034388413,0.157080182463,-0.00541209908687,-0.0496039966903,-0.000589016063225,-0.0848428409228,-0.00602220489672,0.0232641624337,-0.000619199594819,0.57407809516,0.818786112534,0.002095108654,0.0,0.818743476031,-0.574017522212,-0.0119896435216,0.0,-0.00861449038703,0.00859851380461,-0.999925925314,0.0,0.659722577488,0.258271045034,0.303360176957,1.0,-0.00904,-0.0118811428571,0.453
0.4634526701,0.535938150412,-0.124039765026,-1.37431924985,0.0785354902544,1.9008753882,0.156909895503,-0.00398948714994,-0.0549924622954,-5.99175211402e-05,-0.0796457659335,-0.00624863355731,0.0347237896915,-0.00416443563883,0.574095758701,0.818773660864,0.00212108885579,0.0,0.818731374306,-0.574035086513,-0.0119751024985,0.0,-0.00858748442276,0.00861162334876,-0.999926044793,0.0,0.659562175801,0.258054668812,0.303378379806,1.0,-0.0094,-0.0123542857143,0.471
0.463338421938,0.535034872155,-0.124045929547,-1.37573698262,0.0784553314364,1.90137741045,0.156732413045,-0.00743527368256,-0.0578569129258,-0.000468734217317,-0.0878613012931,-0.00796590319037,0.031455085702,-0.00935772837761,0.574104529285,0.818767533728,0.00211236099612,0.0,0.818725064537,-0.57404382333,-0.0119876810519,0.0,-0.0086027018962,0.00861179068406,-0.999925912546,0.0,0.659392119262,0.25784040879,0.303384689781,1.0,-0.00974,-0.0128011428571,0.488
0.463222559566,0.534206103062,-0.124043572741,-1.37713527217,0.0783848438553,1.90187248074,0.156567395298,-0.00800715662914,-0.0530661315669,0.000866155314896,-0.0842624371823,-0.00025037600114,0.0270939985803,-0.0120542537738,0.574120784894,0.818756248885,0.00206788922949,0.0,0.818713048272,-0.574060113124,-0.0120282172766,0.0,-0.00866125208911,0.00859882299228,-0.999925518704,0.0,0.65925440153,0.257669289678,0.303352844426,1.0,-0.01,-0.0131428571429,0.501
0.463094681369,0.533272005739,-0.12404357599,-1.37862315411,0.078295090456,1.90243189873,0.156369665235,-0.0109959897094,-0.0573217894039,0.000103626287017,-0.0908028414913,-0.0032028286518,0.0369199095401,-0.0131983759687,0.574120590534,0.818756406633,0.00205937444865,0.0,0.818713035223,-0.574059895801,-0.0120394721525,0.0,-0.00867535770347,0.00859831111157,-0.999925400825,0.0,0.659048625144,0.257407246933,0.303345764107,1.0,-0.0104,-0.0136685714286,0.521
0.462937886205,0.532219125034,-0.124048943584,-1.3803426768,0.078210384454,1.90307665626,0.156153322703,-0.00710256397289,-0.0514528641987,0.00131917222533,-0.0870391587582,-0.00691679407446,0.0288543623162,-0.0154399551265,0.574146989086,0.818737924068,0.00204780810256,0.0,0.818694235924,-0.574086176457,-0.0120646991742,0.0,-0.00870237598035,0.00860360504098,-0.999925120513,0.0,0.658850585818,0.257140535907,0.303325754997,1.0,-0.01078,-0.014168,0.54
0.462829431902,0.531392767571,-0.124046894568,-1.3816582113,0.0781257573227,1.90355655535,0.155995104492,-0.00986267349706,-0.053708739114,-2.63512018135e-05,-0.0976013675698,-0.00834860932636,0.0323365271118,-0.0165457143768,0.574153741385,0.818733216009,0.00203694842146,0.0,0.818689392233,-0.574092980748,-0.0120696065482,0.0,-0.00871255773799,0.00859760335236,-0.999925083471,0.0,0.65869333448,0.256943846993,0.303323558483,1.0,-0.01106,-0.014536,0.554
0.46268827738,0.530364335659,-0.124049354124,-1.38330543796,0.0780279602609,1.90413093161,0.155782860709,-0.00869700157496,-0.0644459168369,-0.00193013233334,-0.103884896962,-0.000774786388359,0.0390729717883,-0.0144616522705,0.574161406021,0.818727948921,0.00199308643022,0.0,0.818683500711,-0.574100784101,-0.0120980271256,0.0,-0.00876092912722,0.00857809239531,-0.9999248284,0.0,0.658481748627,0.256671220135,0.303309739637,1.0,-0.01142,-0.0150091428571,0.572
0.46252837962,0.529193566151,-0.124057387641,-1.3851546218,0.0779104513172,1.90481985429,0.155535770281,-0.00826875976322,-0.0603850171489,-0.00105973437359,-0.0979004028555,-0.00767826850703,0.0383285112339,-0.0132317410436,0.574163545952,0.81872642436,0.00200286179422,0.0,0.818682140358,-0.574102916917,-0.0120888687375,0.0,-0.00874779589991,0.00858086012953,-0.999924919635,0.0,0.658277964316,0.256404250493,0.303318513864,1.0,-0.01178,-0.0154822857143,0.59
0.462404516555,0.528168196308,-0.124055664216,-1.38676665683,0.0778086757684,1.90544157133,0.155313531421,-0.0052584939822,-0.0600236172243,1.91879051552e-05,-0.102916471353,-0.00648408171564,0.0377979879118,-0.0138064539082,0.574141911077,0.818741531162,0.00202928455744,0.0,0.818697634755,-0.574081212063,-0.0120702818837,0.0,-0.00871763477413,0.00859159059009,-0.999925090902,0.0,0.658088701085,0.256171551469,0.303327046925,1.0,-0.0121,-0.0159028571429,0.606
0.46226246157,0.527029977609,-0.124061647494,-1.3885176146,0.0776909316018,1.90611734946,0.15505988104,-0.00678129454373,-0.0664746937756,-0.00095123023375,-0.10330440341,-0.0125136818981,0.0414299508775,-0.0193146436035,0.574117848901,0.81875829165,0.0020742057163,0.0,0.818715136532,-0.574057114023,-0.0120292125499,0.0,-0.00865847167224,0.00860453491328,-0.999925493648,0.0,0.657887476133,0.255908508381,0.3033535429,1.0,-0.01244,-0.0163497142857,0.623
0.462107630482,0.525857779861,-0.124067320537,-1.39032377343,0.0775841216707,1.90677533949,0.154828454116,-0.0130802693568,-0.0691544313034,-0.00192653053353,-0.103794255265,-0.00709429845792,0.0434167372372,-0.0178291092111,0.57412772388,0.818751313782,0.00209517394134,0.0,0.818708399298,-0.574066866188,-0.0120223527104,0.0,-0.00864071349829,0.00861786842175,-0.999925532434,0.0,0.657672689401,0.255631736728,0.303375844533,1.0,-0.01278,-0.0167965714286,0.64
0.461972542571,0.524828475113,-0.124065255162,-1.39194924837,0.0774785313006,1.90735900456,0.154600218002,-0.00795256744915,-0.0678237487229,0.000383558027678,-0.11238338619,-0.00447185531336,0.0399160084223,-0.0125966902394,0.574108896722,0.818764550604,0.00208141296233,0.0,0.818721455275,-0.574048098351,-0.0120293953826,0.0,-0.00865457797897,0.00861044613863,-0.999925476472,0.0,0.657474321667,0.255387228772,0.303376660177,1.0,-0.01308,-0.0171908571429,0.655
0.461805534383,0.523570011592,-0.12407163826,-1.39397245716,0.0773613695386,1.90809174631,0.154321002513,-0.0037808718236,-0.0722266039384,0.00036729462187,-0.116185884178,-0.00736616441376,0.0430792869142,-0.0137626323577,0.574098604555,0.818771833663,0.00205512771516,0.0,0.818728312141,-0.574037836956,-0.0120523666783,0.0,-0.00868858457904,0.00860200375227,-0.999925254221,0.0,0.657228392472,0.255080877118,0.303362266629,1.0,-0.01344,-0.017664,0.673
0.461656443175,0.522420698101,-0.124078332256,-1.39579802558,0.0772461059572,1.90880234744,0.154074561064,-0.0115762762852,-0.0744304534211,-0.00104057727322,-0.116330091336,-0.0116444905632,0.0485713571791,-0.0139346755336,0.574090609428,0.818777382035,0.00207791607155,0.0,0.818734251914,-0.574029838977,-0.0120297800685,0.0,-0.00865709267884,0.00860761055437,-0.999925479117,0.0,0.65701645297,0.2548069644,0.303362955176,1.0,-0.01376,-0.0180845714286,0.689
0.461493064058,0.521175089684,-0.124080817846,-1.3977864835,0.0771267612109,1.90957343946,0.153811644154,-0.011395239613,-0.0710625038987,-0.000492211360959,-0.121061365251,-0.00972852348324,0.0530752922613,-0.00969539566791,0.574092421386,0.818776050273,0.00210192928719,0.0,0.818733244223,-0.574031559925,-0.0120162355063,0.0,-0.00863219829596,0.00861951507454,-0.999925591788,0.0,0.656768341758,0.254490484073,0.303360969043,1.0,-0.01412,-0.0185577142857,0.707
0.461333181592,0.519952346837,-0.124084432844,-1.3997093449,0.0770101521695,1.91027430404,0.153550527501,-0.00750698956211,-0.0772394906297,0.000899377907574,-0.122577499473,-0.00963386452805,0.0435164187096,-0.0232102379229,0.574075894838,0.81878764455,0.00209928524287,0.0,0.818744775908,-0.574015018569,-0.0120207021862,0.0,-0.00863754747076,0.00861974014657,-0.999925543655,0.0,0.656548983204,0.254220960708,0.303362951796,1.0,-0.01442,-0.018952,0.722
0.461143483269,0.518447431023,-0.124090783893,-1.4020318325,0.0768601694772,1.91109104025,0.153243359846,-0.013772973124,-0.0767814800308,0.000739632065418,-0.128909549056,-0.000617707176422,0.0432820411654,-0.0113531169189,0.574066788871,0.818794042064,0.00209415804934,0.0,0.818751118045,-0.574005946889,-0.0120219190349,0.0,-0.00864158288315,0.00861614458817,-0.999925539777,0.0,0.65626032144,0.253868073127,0.303384891399,1.0,-0.0148,-0.0194514285714,0.741
0.460994861744,0.517334634199,-0.124099265035,-1.40379565436,0.0767358858004,1.91173066898,0.153005625834,-0.00854413858682,-0.0792054377739,-0.000918677758598,-0.127272814268,-0.00802669648573,0.0459402739416,-0.0197086080131,0.574059592529,0.818799141499,0.00207292245155,0.0,0.818756081702,-0.573998981808,-0.0120164246355,0.0,-0.00864934932569,0.00859552718457,-0.99992565007,0.0,0.65604609119,0.253594232053,0.303381895336,1.0,-0.01508,-0.0198194285714,0.755
0.460774841422,0.515731229459,-0.124104711551,-1.40633271079,0.0765760914811,1.91269108937,0.152644299889,-0.0134207191992,-0.0784143748121,-0.000712368346212,-0.12728857558,-0.0188407462752,0.0548833104272,-0.0196836487892,0.574038849325,0.81881364131,0.00208977800836,0.0,0.818770859595,-0.573978228152,-0.0120008327311,0.0,-0.00862712456775,0.0086001591279,-0.99992580224,0.0,0.655744167981,0.253206024415,0.30338236434,1.0,-0.01548,-0.0203451428571,0.775
0.46060931677,0.514493598093,-0.124106377212,-1.40829656156,0.0764618130367,1.91340871609,0.152381537881,-0.0123254311518,-0.0859429355088,-0.000637940079667,-0.136490862628,-0.0100682975865,0.0502960100904,-0.0214279228623,0.574033057184,0.818817715141,0.00208459403419,0.0,0.818774773625,-0.573972366723,-0.0120141256259,0.0,-0.00864104588988,0.0086034839146,-0.999925653432,0.0,0.655502137778,0.252909944511,0.303377567929,1.0,-0.01578,-0.0207394285714,0.79
0.460408404378,0.513002594604,-0.124105733036,-1.41069892124,0.0763154587121,1.91423930684,0.152045449782,-0.0102334974033,-0.0839182827607,0.000430235514142,-0.136131080498,-0.00644355997808,0.0487940489082,-0.0236597020961,0.57400827342,0.818835258015,0.00201722018967,0.0,0.818791288483,-0.57394772649,-0.0120656563498,0.0,-0.00872217381749,0.00857763403332,-0.999925171139,0.0,0.655194438218,0.252545917209,0.303350961709,1.0,-0.01614,-0.0212125714286,0.808
0.460237610659,0.511740660761,-0.124110302726,-1.41271830291,0.0762028529569,1.91497479193,0.151766326007,-0.0100439583947,-0.0869665593451,-0.000148213994471,-0.139957354777,-0.00958456102937,0.0555134610786,-0.0154229832256,0.573998271446,0.818842304722,0.00200281697149,0.0,0.818798010149,-0.573937653755,-0.0120886343536,0.0,-0.00874936159384,0.00857892294491,-0.999924922558,0.0,0.654943789335,0.252240009654,0.303337659103,1.0,-0.01644,-0.0216068571429,0.823
0.460008277004,0.510106900109,-0.124107482779,-1.4153205216,0.0760496494619,1.91596123299,0.151397290809,-0.014791580742,-0.0909388240738,0.000801308816472,-0.13653756153,-0.00633382168405,0.0534439972882,-0.0152625007876,0.573976640587,0.818857425418,0.00201985124493,0.0,0.818813268391,-0.57391586812,-0.0120894469659,0.0,-0.00874047701778,0.00859310659949,-0.999924878469,0.0,0.654628494957,0.251846307773,0.303328367397,1.0,-0.01682,-0.0221062857143,0.842
0.459838856686,0.508852249399,-0.124110716633,-1.41727389494,0.0759157351447,1.91667165151,0.151125472109,-0.0129069992867,-0.0872174768168,0.000651978173179,-0.139396160207,-0.0122894719806,0.0531811035222,-0.0177146622336,0.573960323081,0.818868858834,0.00202149985109,0.0,0.818824816315,-0.57389963696,-0.012077822053,0.0,-0.00873018241412,0.00858761022999,-0.999925015621,0.0,0.654387319423,0.25154485737,0.303338246796,1.0,-0.0171,-0.0224742857143,0.856
0.459618196541,0.507246058469,-0.124118482827,-1.41980198328,0.0757498272871,1.91758006378,0.150760089081,-0.00927513695478,-0.0967768976804,-0.00283954245109,-0.142240110819,-0.00639997850243,0.0507592675954,-0.0286178890434,0.573933397822,0.818887776507,0.00200281143605,0.0,0.818843535228,-0.573872840696,-0.0120819877571,0.0,-0.00874460136268,0.00857441056654,-0.999925002903,0.0,0.654072287586,0.251152012007,0.303337392782,1.0,-0.01746,-0.0229474285714,0.874
0.459391480588,0.50567783349,-0.124119169561,-1.42225712733,0.0755930219865,1.91850675187,0.150436960331,-0.0158543561563,-0.0937732034747,0.000329756284808,-0.145140188352,-0.0156909463987,0.055529846918,-0.0271274197365,0.57393955079,0.81888339334,0.0020315147814,0.0,0.818839572501,-0.573878913557,-0.0120620886168,0.0,-0.00871176829021,0.00858655973534,-0.999925185244,0.0,0.65377574486,0.250770231233,0.303345497739,1.0,-0.0178,-0.0233942857143,0.891
0.459170579222,0.504024441481,-0.124125548826,-1.42473204278,0.0754439896169,1.91944442985,0.150090987677,-0.0115106011928,-0.101799011224,-0.000141525642486,-0.14712215955,-0.0127819217084,0.0496598908941,-0.0181783906093,0.573929001633,0.818890534286,0.0021309251125,0.0,0.818848022691,-0.573867955145,-0.0120096916522,0.0,-0.00861191898295,0.0086377804588,-0.999925609033,0.0,0.653477267353,0.250389762412,0.303404145177,1.0,-0.01814,-0.0238411428571,0.908
0.458949888165,0.502451193297,-0.124133765673,-1.42705792011,0.0752902923763,1.92032585641,0.149761132696,-0.0125075984729,-0.0995631644429,-0.00130399493885,-0.145212471832,-0.00303038978984,0.0500639845466,-0.0215985084298,0.573923206397,0.818894322295,0.00223360099096,0.0,0.818853296835,-0.573861886721,-0.0119398548308,0.0,-0.00849586442285,0.00868171845367,-0.999926221305,0.0,0.65320084959,0.25002053545,0.303472274062,1.0,-0.01846,-0.0242617142857,0.924
0.458685163666,0.500517560709,-0.124134359961,-1.42995363541,0.075106297996,1.9213453856,0.149359489603,-0.0175748433,-0.105057442,0.00016791608332,-0.153473028493,-0.0146999900232,0.0524589263402,-0.0188734847828,0.57390930027,0.818903931799,0.00228307866517,0.0,0.818863495385,-0.573847726003,-0.0119209977682,0.0,-0.00845217517362,0.0087112689826,-0.99992633455,0.0,0.652834058083,0.249568857025,0.303531800478,1.0,-0.01884,-0.0247611428571,0.943
0.458457001985,0.498914726824,-0.124137659925,-1.43241466087,0.0749530923921,1.92224494604,0.149009866554,-0.0140492499824,-0.103904459281,-0.000688421564401,-0.155242198673,-0.0158133229965,0.0564261829657,-0.0204445039468,0.573896041087,0.81891312742,0.00231746953261,0.0,0.818873115082,-0.573834306705,-0.0119061641957,0.0,-0.00842043275396,0.00873078208633,-0.999926432172,0.0,0.652527980673,0.249183548172,0.303556490147,1.0,-0.01916,-0.0251817142857,0.959
0.458143110017,0.496964245775,-0.124135164491,-1.43553404466,0.0747581894251,1.92338830912,0.148552027144,-0.0143024859478,-0.095797244057,-0.000784552048093,-0.158683064253,-0.0112530033451,0.0571475242396,-0.023733594938,0.573881973658,0.81892305218,0.00229386564066,0.0,0.818882657551,-0.5738202578,-0.0119269359853,0.0,-0.00845113895754,0.00872322830398,-0.999926239049,0.0,0.652141671514,0.248682163189,0.303530621217,1.0,-0.01956,-0.0257074285714,0.979
0.457947050237,0.495671528838,-0.124136129088,-1.43761283679,0.0746362022765,1.92410141663,0.148242315388,-0.0143018730211,-0.102403698963,-0.00139557915497,-0.160972746682,-0.00741241450455,0.0550581,-0.0226475399496,0.573861530591,0.818937536354,0.0022365508412,0.0,0.818896204974,-0.573799854962,-0.0119782647469,0.0,-0.00852628223067,0.0087055359461,-0.999925755321,0.0,0.651870219063,0.248353095826,0.303503821406,1.0,-0.01982,-0.0260491428571,0.992
0.457604505808,0.493600357716,-0.124159015298,-1.44095474995,0.0744286412498,1.92529050245,0.14778125188,-0.0195684019456,-0.1239617604,-0.00256490356011,-0.183017907475,-0.0171037631353,0.0702876979144,-0.0260911354139,0.57389295116,0.818915720548,0.0021610530336,0.0,0.818873363897,-0.573831543575,-0.0120216637582,0.0,-0.00860481471006,0.00866894376326,-0.999925400506,0.0,0.651452776059,0.247794834305,0.303459416798,1.0,-0.0268251428571,-0.0352559020408,1.012
0.45736684438,0.491635973047,-0.124223005187,-1.44391022443,0.0742711011935,1.92641105647,0.14734248087,-0.0225194479524,-0.158146519229,0.00110154275776,-0.241583433441,-0.00823251890114,0.0954565299823,-0.0372806949777,0.57388054332,0.818924118177,0.00227102775749,0.0,0.818883270383,-0.573818759553,-0.0119569048527,0.0,-0.00848880286767,0.00872170961042,-0.999925933261,0.0,0.651091573079,0.247328534657,0.303518748444,1.0,-0.0349148571429,-0.0458880979592,1.025
0.456789806863,0.487513718961,-0.1242598752,-1.45049100634,0.0739116295487,1.9288753503,0.146366266669,-0.0324911682128,-0.223794839018,-0.00320833371807,-0.354796413281,-0.0192547125612,0.126973885871,-0.045816851813,0.573812296476,0.818971886084,0.00229022221261,0.0,0.818930916144,-0.573750060207,-0.0119904085265,0.0,-0.0085059561195,0.00875594620613,-0.999925488282,0.0,0.650257690903,0.246314807525,0.303467403612,1.0,-0.0479828571429,-0.0630631836735,1.046
0.456338784823,0.484507696751,-0.124334509541,-1.45518409676,0.0736253166307,1.93065040536,0.145653167303,-0.040717121018,-0.264506012152,-0.00280516196739,-0.405449350585,-0.0227260571277,0.147879855899,-0.0606043931938,0.573806574137,0.818975728305,0.00234921807852,0.0,0.818935783195,-0.573744364979,-0.011930362852,0.0,-0.00842298913964,0.00876974822818,-0.999926069652,0.0,0.649685815572,0.245535538239,0.303477166419,1.0,-0.0554502857143,-0.0728775183673,1.058
0.455357975535,0.478185448814,-0.124507686875,-1.4651951691,0.0730352752619,1.93411760775,0.144133124284,-0.0479481936092,-0.333943577223,-0.0104775503777,-0.515148033204,-0.034053684612,0.177718755358,-0.0706365248954,0.573820056195,0.818966829088,0.00215008460378,0.0,0.818924130876,-0.573758504512,-0.0120496170577,0.0,-0.00863477359275,0.00867523512778,-0.999925087684,0.0,0.64839313524,0.243835513001,0.303401586226,1.0,-0.0685182857143,-0.0900526040816,1.079
0.45456509027,0.473187989381,-0.124625205415,-1.47297435032,0.0725569168839,1.93689040044,0.143024480379,-0.0603712305931,-0.371042000955,-0.00631046408234,-0.57989540343,-0.0380013954383,0.204226792245,-0.0800514595629,0.573892692564,0.818915993526,0.00212599864911,0.0,0.818873090559,-0.57383134374,-0.0120497884399,0.0,-0.00864796631057,0.00865637527897,-0.999925137121,0.0,0.647399110539,0.242509156049,0.303401011932,1.0,-0.0772302857143,-0.101502661224,1.093
0.453309385505,0.465470042344,-0.124708629947,-1.48469558812,0.0718595368849,1.94126581455,0.1411714613,-0.0696078073941,-0.425166952901,0.000743374236208,-0.645659969152,-0.0395684089779,0.234625241119,-0.100530416475,0.573834509007,0.81895585965,0.00245012630098,0.0,0.818917066596,-0.573771727616,-0.0118991397977,0.0,-0.00833921761728,0.00883475738305,-0.999926199533,0.0,0.645918564028,0.240547860429,0.303532479799,1.0,-0.0890537142857,-0.11704202449,1.112
0.452306552932,0.459647468823,-0.12474854345,-1.4937630811,0.0712851744356,1.94443252142,0.139787105907,-0.0831052980941,-0.465933573846,-0.00880967712937,-0.718520998436,-0.0428407247388,0.249613317157,-0.103547655121,0.573822761385,0.818964324918,0.00237063900182,0.0,0.818924180694,-0.57375996564,-0.0119764353948,0.0,-0.00844825823094,0.00881389452685,-0.999925468321,0.0,0.644614567539,0.238871856442,0.303500712445,1.0,-0.0977657142857,-0.128492081633,1.126
0.450459686437,0.449054375019,-0.124936050983,-1.50990471824,0.0701642150524,1.95010961374,0.13725065641,-0.0956310056335,-0.537723816704,-0.0111827923205,-0.788091468299,-0.0609776124681,0.297095461561,-0.125356835324,0.57382358316,0.818963598906,0.00242197780003,0.0,0.818924912179,-0.573761412452,-0.0118565043072,0.0,-0.00832056823108,0.00878712892194,-0.999926774574,0.0,0.642588967421,0.236148655914,0.303594141509,1.0,-0.110211428571,-0.144849306122,1.146
0.449200663052,0.441956332558,-0.125006737459,-1.52069692347,0.0694952144059,1.95394275947,0.13559381264,-0.0974981321274,-0.548161202452,-0.00426304535603,-0.841572917066,-0.0511980619838,0.298250788642,-0.129823289875,0.573852497126,0.818942952122,0.00254943394712,0.0,0.818905570949,-0.573789459794,-0.0118350580888,0.0,-0.00822955752693,0.0088794942577,-0.999926711797,0.0,0.641140707114,0.234274676325,0.303652159343,1.0,-0.118301142857,-0.155481502041,1.159
0.446913392015,0.429446334775,-0.125118545695,-1.53953685116,0.0682213808227,1.96052986516,0.132509084245,-0.11201308753,-0.609449386102,-0.0102041094642,-0.923865080007,-0.0688122946253,0.322068904448,-0.14913967122,0.573755546308,0.819010253828,0.00274301061989,0.0,0.81897538858,-0.573691811026,-0.0117373660838,0.0,-0.0080395352313,0.00898100999017,-0.999927351027,0.0,0.638568331376,0.230940968922,0.303795213173,1.0,-0.131369142857,-0.172656587755,1.18
0.445333475546,0.421226046975,-0.125196755379,-1.55205057715,0.0673256018201,1.96485407676,0.130409532828,-0.124764902272,-0.6354166138,-0.009010963315,-0.985853958304,-0.0733782814607,0.325546334354,-0.179788516437,0.573671606569,0.819069097891,0.00272902867072,0.0,0.819034273335,-0.573608179872,-0.0117158861349,0.0,-0.00803088173822,0.00895641167429,-0.999927641196,0.0,0.636829158379,0.228681026906,0.303804917359,1.0,-0.139458857143,-0.183288783673,1.193
0.442632029769,0.40771874674,-0.125337686322,-1.57228914636,0.0658978583852,1.97193827088,0.127065685788,-0.137460000239,-0.687770735316,-0.00266464455002,-1.03479494147,-0.0758153355501,0.345893556828,-0.175974101198,0.573690074247,0.819055297718,0.00297739680736,0.0,0.819024072061,-0.573626240389,-0.0115435100037,0.0,-0.00774700923998,0.00906113122326,-0.999928937349,0.0,0.634015677613,0.22494971514,0.303936432722,1.0,-0.151904571429,-0.199646008163,1.213
0.440521890835,0.397633889055,-0.125443508995,-1.58737454361,0.0648893829533,1.97703706773,0.124502839023,-0.154851489693,-0.745032266718,-0.0102644328956,-1.07949995002,-0.0779671265773,0.379612653254,-0.193521237207,0.573722484051,0.819032253277,0.00307022594705,0.0,0.819001692597,-0.573657715947,-0.0115671672627,0.0,-0.00771277275778,0.00915104036859,-0.999928383234,0.0,0.631853165887,0.22211634355,0.304000770205,1.0,-0.160616571429,-0.211096065306,1.227
0.437759527271,0.38496233392,-0.125579363415,-1.60661532403,0.063443404124,1.9834681828,0.121179000825,-0.165576060844,-0.766995896928,-0.0035448125535,-1.16125802428,-0.0813809579029,0.379482276594,-0.199340152816,0.573699677533,0.819048906116,0.00288379769768,0.0,0.819016136405,-0.573635765875,-0.0116328551388,0.0,-0.00787377937018,0.00903581605793,-0.999928176234,0.0,0.629038360732,0.218442649793,0.303913035565,1.0,-0.171195428571,-0.224999706122,1.244
0.435105903673,0.37307634204,-0.125707594645,-1.62418218374,0.0621312721662,1.9893656349,0.11799159809,-0.18560358396,-0.805428721972,-0.00469204317368,-1.20204379415,-0.0841210635056,0.38781692965,-0.212186133824,0.573641075272,0.819089456559,0.00302089664907,0.0,0.819058683674,-0.573576979457,-0.0115355206146,0.0,-0.00771605509405,0.00909171512576,-0.999928899077,0.0,0.626451806003,0.215027407466,0.304009296812,1.0,-0.180529714286,-0.23726762449,1.259
0.431587304456,0.358253390475,-0.125903492714,-1.64614620909,0.0604397465974,1.99661261025,0.114084121323,-0.199469939694,-0.845972693034,-0.00840663819464,-1.24669311112,-0.0968908946131,0.398651085595,-0.217467135239,0.573770603018,0.818998682896,0.00303305610058,0.0,0.818968453594,-0.573706908526,-0.0114805064829,0.0,-0.00766258197804,0.00907132904317,-0.999929495428,0.0,0.62316320663,0.210620477937,0.304044240788,1.0,-0.191730857143,-0.251989126531,1.277
0.427894452823,0.343600979574,-0.126111269487,-1.66772250599,0.0588280353882,2.00356657166,0.109986492668,-0.224244101287,-0.905488976137,-0.00768413510005,-1.2693586336,-0.0957489656394,0.426912815382,-0.235990990108,0.573869523647,0.818929369361,0.00303392962099,0.0,0.818898755649,-0.573805345591,-0.0115325742014,0.0,-0.00770362700184,0.00910284931277,-0.999928893605,0.0,0.619863883691,0.206164393628,0.304069473643,1.0,-0.202309714286,-0.265892767347,1.294
0.424258157935,0.329419201294,-0.12621850498,-1.68862796605,0.0572210805977,2.010274026,0.105966685963,-0.229169392088,-0.895899021266,-0.00361469773674,-1.31264201605,-0.103493186451,0.415590437964,-0.260583163079,0.573848378149,0.818944311965,0.00299994970754,0.0,0.818912695603,-0.573783651272,-0.0116217646729,0.0,-0.00779640608205,0.00912600341431,-0.999927963462,0.0,0.616572263669,0.201889132011,0.304026781606,1.0,-0.212266285714,-0.278978546939,1.31
0.420159009746,0.313667928412,-0.126347818491,-1.71154878551,0.0552783086371,2.01753360841,0.101441244837,-0.242638829847,-0.90892161423,-0.00347012958164,-1.36440463929,-0.116744947198,0.415299511535,-0.281745728594,0.573708897752,0.819042068065,0.00298969588687,0.0,0.819010863014,-0.573644859705,-0.0115554359719,0.0,-0.00774951370036,0.00907822462688,-0.9999287629,0.0,0.612677876025,0.196855759828,0.304050564371,1.0,-0.223467428571,-0.29370004898,1.328
0.415413071929,0.296413811542,-0.12648027759,-1.73648331491,0.0531708661547,2.02528598246,0.096285181552,-0.270007754786,-0.948544607054,-0.00944566127558,-1.39935247142,-0.1331472969,0.416924067156,-0.285946862862,0.573572809971,0.81913750873,0.00295302475719,0.0,0.819105936538,-0.573509033587,-0.0115585476614,0.0,-0.00777460324644,0.00904868298587,-0.999928835908,0.0,0.608795459054,0.191832381012,0.304047049326,1.0,-0.234046285714,-0.307603689796,1.345
0.411132072057,0.281477368986,-0.126641381759,-1.75767684772,0.0514525974602,2.03179595163,0.0918409068644,-0.29519566059,-1.00651620676,-0.0118806968721,-1.43369639424,-0.129027531675,0.423551771938,-0.31102087152,0.573619248197,0.819104241541,0.00315380543844,0.0,0.819074797162,-0.573554270758,-0.0115205056699,0.0,-0.00762776333867,0.00919176332095,-0.999928661812,0.0,0.605268247651,0.187199990544,0.304154734752,1.0,-0.243380571429,-0.319871608163,1.36
0.405574946548,0.263070134015,-0.126854753078,-1.78378594378,0.0491820877392,2.03959821485,0.0861289418857,-0.324358028755,-1.03292514568,-0.0142794359105,-1.46262247524,-0.135903085174,0.438500104148,-0.321985996986,0.57361547838,0.819106824278,0.00316864093982,0.0,0.819077504439,-0.573550373942,-0.0115220299554,0.0,-0.00762054488919,0.00920475445828,-0.999928597346,0.0,0.600820707428,0.181338870807,0.304190302281,1.0,-0.254581714286,-0.334593110204,1.378
0.399860376045,0.245248526888,-0.127078169966,-1.80890623513,0.0469227400996,2.04692714707,0.080506967749,-0.341905627798,-1.05605132198,-0.0166500297637,-1.49523493423,-0.135710739825,0.428299283536,-0.340828930235,0.573738598451,0.819020792498,0.00311592766754,0.0,0.818990786675,-0.573673638703,-0.0115496536639,0.0,-0.0076720286442,0.00917857487337,-0.99992844431,0.0,0.596454316671,0.175517092732,0.304191721414,1.0,-0.265160571429,-0.34849675102,1.395
0.394242159683,0.227952333048,-0.127234618585,-1.83294340654,0.0448052961322,2.05387353613,0.0748614980528,-0.355623896765,-1.08469175077,-0.00612378885693,-1.49335055958,-0.129923815735,0.409348037985,-0.361800167878,0.5736798362,0.819061341083,0.0032729164745,0.0,0.819032753008,-0.573613646079,-0.0115534164996,0.0,-0.00758571330845,0.00930876709811,-0.999927899305,0.0,0.592166862419,0.169962976718,0.304254013421,1.0,-0.275117142857,-0.361582530612,1.411
