position_joint1,position_joint2,position_joint3,position_joint4,position_joint5,position_joint6,position_joint7,velocity_joint1,velocity_joint2,velocity_joint3,velocity_joint4,velocity_joint5,velocity_joint6,velocity_joint7,ee_T_00,ee_T_10,ee_T_20,ee_T_30,ee_T_01,ee_T_11,ee_T_21,ee_T_31,ee_T_02,ee_T_12,ee_T_22,ee_T_32,ee_T_03,ee_T_13,ee_T_23,ee_T_33,v_x,v_y,time
0.465085027824,0.547675183173,-0.124059016749,-1.35586894046,0.0795192243883,1.89415758519,0.159126959343,0.000709718942983,0.000458331549694,-0.00142665969745,-0.000258077407413,-5.34547050969e-05,0.000461099559541,-0.00144800545833,0.573826586427,0.818962515962,0.00204769614823,0.0,0.818920861164,-0.573767831708,-0.0118256225721,0.0,-0.0085100032794,0.00846292066346,-0.999927976815,0.0,0.661695187884,0.26086132369,0.303279691914,1.0,0.0,0.0,0.0
0.465076954051,0.547675182192,-0.124056224054,-1.35586163614,0.0795198478811,1.89415749537,0.159126105447,-0.00134588607296,0.00103930788082,-0.000174888409608,0.00109404902851,0.000233428181866,-2.07079351863e-05,-0.000719829479308,0.573830313154,0.818959887228,0.00205468210878,0.0,0.818918311483,-0.573771518366,-0.0118233130296,0.0,-0.00850406476169,0.0084673552443,-0.999927989796,0.0,0.661698275199,0.260858561034,0.303283070114,1.0,-0.00014,-0.000184,0.008
0.46508184871,0.547670974444,-0.124053756291,-1.35586723154,0.0795192375316,1.89415785708,0.159129391888,0.000767318253666,0.000587102583564,0.000351457636846,-0.00197177822309,-9.85702185954e-05,0.000274469902094,-0.000265997909341,0.57382741077,0.818961921811,0.00205430629315,0.0,0.81892032894,-0.573768605651,-0.0118249278561,0.0,-0.00850563294472,0.00846794395371,-0.999927971473,0.0,0.661695366432,0.260862544497,0.303283336214,1.0,-0.00046,-0.000604571428571,0.024
0.465079575424,0.547646974573,-0.124055941182,-1.35588804035,0.0795192375254,1.89416014891,0.159125689741,0.000645682368332,-0.00329382241711,-0.000101835402176,-0.00319667328332,-0.000135402312075,0.000440958528054,-0.00106934773323,0.573828876958,0.818960881039,0.00205965962723,0.0,0.818919350688,-0.573770043249,-0.0118229200825,0.0,-0.00850090172249,0.00847119117452,-0.999927984202,0.0,0.661692782967,0.260857777454,0.303290704904,1.0,-0.00082,-0.00107771428571,0.042
0.465078606563,0.547590511888,-0.124055958733,-1.35594095558,0.0795160432232,1.89416976406,0.159128587236,0.00109719179209,-0.00152098094947,0.000776594862229,-0.00386342384767,-0.000235218857212,0.000225615342489,-0.000160926023835,0.57383406512,0.818957215202,0.00207178118592,0.0,0.818915830854,-0.573775170969,-0.0118178702424,0.0,-0.00848975695328,0.00847827416652,-0.999928018856,0.0,0.661684499477,0.260851723832,0.303306346705,1.0,-0.00114,-0.00149828571429,0.058
0.465071913756,0.547461006044,-0.124055967502,-1.35609821817,0.0795157694009,1.89420283107,0.159123613141,0.000101484157917,-0.00784488909939,6.29480716162e-05,-0.0115323717441,-4.59144030358e-05,0.00215994836231,-0.000457658061672,0.573843994736,0.818950229099,0.002082994244,0.0,0.818908875934,-0.573784940245,-0.0118254879694,0.0,-0.00848945880231,0.00849193122699,-0.999927905498,0.0,0.661660224895,0.26083252425,0.303326105282,1.0,-0.00146,-0.00191885714286,0.074
0.465053617129,0.547313071806,-0.124060923928,-1.35631203544,0.0795097125858,1.89429024116,0.159122059579,-0.000698578936966,-0.00469498031038,-0.00117336701286,-0.0149586636772,-0.00513287350508,0.00427673163445,-3.51680431478e-05,0.573871583833,0.818930844279,0.00210343977918,0.0,0.818889732909,-0.573812420759,-0.0118176994475,0.0,-0.00847106180855,0.00850449087596,-0.999927954778,0.0,0.661638792052,0.260799067955,0.303336869658,1.0,-0.00182,-0.002392,0.092
0.465033197872,0.547116621459,-0.124055602458,-1.35651954923,0.079508271273,1.89438110832,0.159111262317,-0.000755568138182,-0.0107727005601,0.000104754345693,-0.0124219292034,1.14125754243e-05,0.0148803038033,-0.00249874193972,0.573886964672,0.818919866205,0.00217977434139,0.0,0.818879644508,-0.573827396879,-0.011789542133,0.0,-0.00840403783388,0.00855100202067,-0.999928123673,0.0,0.661618706855,0.260772533503,0.303384962314,1.0,-0.00216,-0.00283885714286,0.109
0.465014128906,0.54692969725,-0.124059153685,-1.35675045147,0.0795064171169,1.89451662805,0.15909174712,-0.00484466299921,-0.013485686859,-0.000541534398648,-0.015974551052,-0.000157166405704,0.0140996745671,0.000157042157113,0.573901787142,0.818909254734,0.0022623278366,0.0,0.818870084923,-0.573841879844,-0.0117485256871,0.0,-0.00832291819801,0.00859521796036,-0.999928423069,0.0,0.661603612497,0.26074182176,0.303419341484,1.0,-0.00248,-0.00325942857143,0.125
0.46498560567,0.546724337524,-0.124053793742,-1.35702578674,0.079496784925,1.89462823144,0.159066820683,-0.00179046045024,-0.0105560349756,0.00142793192028,-0.0227754554729,-1.84565961131e-05,0.00358464450715,-0.00298322672304,0.573913859884,0.818900680157,0.00230312222696,0.0,0.818861967095,-0.573853721666,-0.0117359224749,0.0,-0.00828905922566,0.00862151375496,-0.999928477941,0.0,0.661574881504,0.260702087606,0.303443231077,1.0,-0.00278,-0.00365371428571,0.14
0.464950592284,0.5464501728,-0.124059163797,-1.35741061153,0.0794890770773,1.89477012079,0.15897200619,-0.00256553645049,-0.0159609611093,4.25930895513e-05,-0.0243489097519,-0.00374357832369,0.00554513576996,-0.00299687300202,0.57388808711,0.818918642854,0.0023381104995,0.0,0.818880270154,-0.573827702386,-0.0117310710534,0.0,-0.00826527934267,0.00864712096794,-0.999928453669,0.0,0.661532915117,0.260642121052,0.30346670991,1.0,-0.00312,-0.00410057142857,0.157
0.464917512769,0.546163503564,-0.124059874194,-1.35785023539,0.0794711386005,1.89492361682,0.158921251091,-0.000745462748167,-0.0145609610441,-0.000848002564688,-0.0296646229978,-0.000167810941875,0.013297606619,0.00092491001243,0.573893885659,0.818914564199,0.00234338357072,0.0,0.818876173957,-0.573833390522,-0.0117387626373,0.0,-0.00826849114378,0.00865591172839,-0.999928351056,0.0,0.661479987532,0.260578917636,0.303473776717,1.0,-0.00346,-0.00454742857143,0.174
0.464876001614,0.545854025449,-0.124056241861,-1.35835884578,0.0794443522603,1.89509113764,0.158872147503,-0.00264343587936,-0.0203642404767,0.000426433936105,-0.0258888702464,-0.000744722988229,0.0139210550137,-0.00341063813192,0.573906369373,0.818905883563,0.00231947431248,0.0,0.818867098858,-0.57384587485,-0.0117615146585,0.0,-0.00830071260183,0.00864951590709,-0.99992813944,0.0,0.661416279417,0.260504277935,0.303465195529,1.0,-0.0038,-0.00499428571429,0.191
0.464815638553,0.54549542982,-0.124057457535,-1.35897859673,0.0793959414475,1.89528263704,0.158780277199,-0.000906110197817,-0.0183241232443,-0.000157764650663,-0.0382321853815,-0.000204694575219,0.0129193416158,-0.00178692465153,0.573903038888,0.818908400155,0.00225410982702,0.0,0.818868808098,-0.57384283744,-0.0117906718905,0.0,-0.00836213647263,0.00861268847682,-0.999927945539,0.0,0.661340304499,0.260399938355,0.303440668052,1.0,-0.00416,-0.00546742857143,0.209
0.464751472984,0.545106432031,-0.124053766426,-1.35965346151,0.079361792127,1.89549224713,0.158724596075,-0.000217868322718,-0.0297704930533,0.000992406239639,-0.0437428321011,-0.00699030400305,0.0137488223755,-0.00296343735065,0.573935852826,0.818885567363,0.0021934691013,0.0,0.818845048706,-0.573875741905,-0.0118391707701,0.0,-0.00843630979041,0.00859120129301,-0.999927507341,0.0,0.66125507156,0.260293326221,0.303412839536,1.0,-0.0045,-0.00591428571429,0.226
0.464693893239,0.544719904513,-0.124056351329,-1.36031124048,0.079330958185,1.89570962142,0.158615446597,-0.00318564000352,-0.0186535587862,0.000273658321545,-0.0449258392547,-0.00629484108229,0.00919796036222,-0.00804790001327,0.573923856639,0.818894085255,0.00215193312094,0.0,0.818852912428,-0.573863796831,-0.0118742324747,0.0,-0.00848898566843,0.00857718713736,-0.99992718184,0.0,0.66117471174,0.260190501865,0.30339225156,1.0,-0.00482,-0.00633485714286,0.242
0.464616124707,0.544250473877,-0.124064601407,-1.3610953576,0.0792908348103,1.89598020004,0.158531155096,-0.00443032706725,-0.0317465783846,-0.000500956359722,-0.0469725854836,-0.0039510423575,0.0109603960596,-0.000814215230487,0.573957300249,0.818870739728,0.00211565817976,0.0,0.818829035968,-0.573897323374,-0.0119003773149,0.0,-0.00853086445392,0.00856283564449,-0.99992694843,0.0,0.661085080566,0.260059252285,0.303374957277,1.0,-0.00518,-0.006808,0.26
0.464553971672,0.543785773703,-0.124060274121,-1.36184834473,0.0792541876479,1.89624811264,0.15843574146,-0.00124235711801,-0.0355621175688,-0.00175875336071,-0.0451515598947,-0.00481527762441,0.0160197969959,-0.00741607405075,0.573967167657,0.818863885846,0.00209136562806,0.0,0.818821798872,-0.573907221611,-0.0119209721138,0.0,-0.0085615685479,0.00855486707324,-0.999926754214,0.0,0.660989575631,0.259935431837,0.303364758503,1.0,-0.00552,-0.00725485714286,0.277
0.464482022232,0.543293627412,-0.12407125399,-1.36263062421,0.0792072540302,1.89651186769,0.158334113372,-0.00503450111206,-0.0297520509771,-2.16397709013e-05,-0.0480563132224,-0.00199391853639,0.0185221303978,-0.00493974847226,0.573969215948,0.818862504945,0.00206979252533,0.0,0.818820062476,-0.573909284135,-0.0119409284413,0.0,-0.00859027081762,0.00854867756858,-0.999926560983,0.0,0.660896106463,0.259815042601,0.303359634268,1.0,-0.00584,-0.00767542857143,0.293
0.464398904495,0.542680790164,-0.124066659278,-1.36362600231,0.0791490075386,1.89686250605,0.15822767708,-0.00337253555976,-0.0389581653538,0.000970008403715,-0.0502401557827,-0.000397911590338,0.022104284887,-0.00049192151375,0.573991027967,0.818847256271,0.002053682412,0.0,0.818804554088,-0.573931110733,-0.0119553016888,0.0,-0.00861105954755,0.00854396491541,-0.999926422452,0.0,0.660784587955,0.259671601472,0.303357415274,1.0,-0.0062,-0.00814857142857,0.311
0.464324643781,0.542134621701,-0.124072626826,-1.36448787857,0.07909566132,1.89717581579,0.158094622824,-0.00667080290821,-0.0403736093065,0.000383840713759,-0.0539206337298,-0.00509862545001,0.0139600518006,-0.0107171788665,0.573980738372,0.818854479556,0.00204943654063,0.0,0.818811745418,-0.573920863265,-0.0119547135733,0.0,-0.00861312220197,0.00854004245704,-0.999926438195,0.0,0.660686416978,0.259536561207,0.303360775839,1.0,-0.00652,-0.00856914285714,0.327
0.464236980508,0.541510726384,-0.124071986449,-1.36544511345,0.0790384078673,1.89751881225,0.157973785201,-0.00680148936171,-0.0397937304932,0.00132478735861,-0.0544405430321,-0.00186121412354,0.0158761338455,-0.00778869639908,0.573990924639,0.818847316644,0.0020584843132,0.0,0.818804669475,-0.573930979954,-0.0119536770934,0.0,-0.00860697420377,0.00854696329089,-0.999926432001,0.0,0.660576263461,0.259387589452,0.303375989014,1.0,-0.00686,-0.009016,0.344
0.464156762054,0.540839286165,-0.124077963548,-1.36646581853,0.078977320248,1.89789084316,0.157844331879,0.00155384691865,-0.0437212591162,0.000180309647528,-0.0615439723515,0.000311534537032,0.0227522276439,-0.00596759399561,0.573995057596,0.818844372707,0.00207702723421,0.0,0.818801976876,-0.573935045248,-0.0119429226732,0.0,-0.0085874816406,0.0085560173229,-0.999926522164,0.0,0.660458137293,0.25923414819,0.303397245193,1.0,-0.0072,-0.00946285714286,0.361
0.464056273181,0.540123153033,-0.124083332129,-1.3675410665,0.0789203659839,1.89827736178,0.157703816121,-0.00523538118241,-0.0463473677118,-0.00172607022252,-0.0637204622146,-0.000404689505386,0.0217178968778,-0.00351354585623,0.574010306499,0.818833613589,0.00210432658264,0.0,0.818791506156,-0.573950112588,-0.0119366916499,0.0,-0.00856655081163,0.00857495385905,-0.999926539489,0.0,0.660336175173,0.259063445154,0.303425268517,1.0,-0.00754,-0.00990971428571,0.378
0.463954286691,0.539423092332,-0.124082457727,-1.36862353019,0.0788519944764,1.89868900714,0.157580506355,-0.0085771218986,-0.0456084774696,0.000538215162012,-0.0738768765039,-0.00726347899734,0.030560519124,-0.00426721366915,0.574033939838,0.818816987521,0.00212691395423,0.0,0.818775205097,-0.573973681373,-0.0119215565722,0.0,-0.00854094484639,0.00858500778525,-0.999926672263,0.0,0.660216522744,0.258894174295,0.303440348058,1.0,-0.00786,-0.0103302857143,0.394
0.463864537675,0.538675842498,-0.124085390595,-1.36977840998,0.0787902249095,1.89913090323,0.157441641894,-0.00413590037632,-0.0402496639544,0.000740273792023,-0.0595171161525,-0.0027885368991,0.0293824502498,-0.00548620763549,0.574043206114,0.818810407725,0.00215884609825,0.0,0.818768994844,-0.573982770034,-0.0119104864619,0.0,-0.00851345372292,0.00860489575578,-0.999926735754,0.0,0.660084518818,0.258725925825,0.303456949907,1.0,-0.0082,-0.0107771428571,0.411
0.463758711472,0.537975138923,-0.124090882525,-1.37085361562,0.0787275353245,1.89955106352,0.15728967336,-0.00509150790349,-0.0501465389846,-0.000322204294583,-0.0812149432741,-0.00276603835836,0.0356296854758,-0.0127885708732,0.574052009446,0.818804134942,0.00219680571819,0.0,0.818763245593,-0.573991449213,-0.0118874218652,0.0,-0.00847268560462,0.00862282820475,-0.999926927546,0.0,0.659969971569,0.258552814758,0.303476668908,1.0,-0.0085,-0.0111714285714,0.426
0.463656970823,0.537172697198,-0.124097040924,-1.37211859916,0.0786530493332,1.90001192681,0.157147501446,-0.00463686742389,-0.0486134607193,0.000415693750197,-0.0739987874316,-0.000239483901986,0.0272437697201,-0.0157300609401,0.574073011636,0.818789416789,0.00219434876444,0.0,0.818748485307,-0.574012448281,-0.0118900768472,0.0,-0.00847604877086,0.00862255796235,-0.999926901374,0.0,0.659821769375,0.258361689834,0.303481326175,1.0,-0.00884,-0.0116182857143,0.443
0.463542822507,0.536330496983,-0.124105371012,-1.37343435122,0.0785792866332,1.90050564181,0.15699315034,-0.00984115509856,-0.042292832076,-0.00168132793868,-0.0791882173754,-0.00614519615783,0.031205609507,-0.00417372706064,0.574098694322,0.818771362662,0.00221173310831,0.0,0.81873064445,-0.574038045011,-0.0118828287663,0.0,-0.00845986383027,0.0086328963627,-0.999926949234,0.0,0.659672773372,0.258157968599,0.303492664005,1.0,-0.00918,-0.0120651428571,0.46
0.463443500177,0.535517521564,-0.124115156818,-1.37472429986,0.0785054680081,1.90096518186,0.156827829083,-0.00498194741755,-0.0548309353168,-0.000392180195628,-0.0798152751718,-0.00219632064842,0.0307866003687,-0.00353744877047,0.574102586166,0.818768674125,0.00219675434155,0.0,0.818727729667,-0.5740419644,-0.0118943130483,0.0,-0.00847782497108,0.008627265678,-0.99992684571,0.0,0.659518382433,0.257963553676,0.303492584019,1.0,-0.0095,-0.0124857142857,0.476
0.463314842974,0.53457505363,-0.124113822313,-1.37624785431,0.0784198335091,1.90151738388,0.156649687517,-0.0108076912122,-0.0554591311018,0.000635618019592,-0.0868255434137,0.000275063696799,0.0344125854038,-0.0119185143839,0.574121789852,0.818755266891,0.00217491517701,0.0,0.818713935582,-0.574061149616,-0.0119178474072,0.0,-0.00850942986074,0.00862309527006,-0.999926613223,0.0,0.659336970691,0.257734606307,0.303480198299,1.0,-0.00986,-0.0129588571429,0.494
0.463183274459,0.53361119918,-0.124122727183,-1.37780524859,0.0783299998431,1.9020749853,0.156449382526,-0.00612735446536,-0.0525518931395,-0.000138454193453,-0.0830871625191,-0.00328157864606,0.0323174116122,-0.0124308461436,0.574132951689,0.818747521671,0.00214393158113,0.0,0.818705740361,-0.57407238931,-0.0119394067214,0.0,-0.00854475225104,0.00861022168825,-0.999926422939,0.0,0.659152237516,0.257493770212,0.303467388554,1.0,-0.01022,-0.013432,0.512
0.46304962979,0.53267548822,-0.124120541228,-1.37931164481,0.0782473085666,1.9026607402,0.156268122348,-0.0067488558856,-0.0561817716263,0.000119440256705,-0.0855042358188,-0.00965290229517,0.0352489412799,-0.0152223718537,0.574152883648,0.818733503936,0.00215931284829,0.0,0.818691856076,-0.574092188324,-0.0119394724062,0.0,-0.00853576577983,0.00862306037548,-0.999926389057,0.0,0.65898145681,0.257266763116,0.303460898939,1.0,-0.01056,-0.0138788571429,0.529
0.462932121816,0.531823878304,-0.124125324916,-1.38067151054,0.0781663299169,1.90316579052,0.156095266339,-0.0101100157433,-0.0584840283866,-0.00234010569212,-0.0911277064936,-0.00620030387348,0.0341602832109,-0.011083852812,0.574163484546,0.818726080849,0.00215509947518,0.0,0.818684372694,-0.574102799661,-0.0119423711896,0.0,-0.00854044654787,0.00862138570625,-0.999926363529,0.0,0.658823474475,0.257057469476,0.30345789276,1.0,-0.01086,-0.0142731428571,0.544
0.462793969176,0.530823993307,-0.12411779229,-1.38229162229,0.0780766968496,1.90373113073,0.15589194008,-0.00548938530299,-0.0600400896624,-1.07434812447e-05,-0.0921850406969,-0.00567128372017,0.0360123071949,-0.0126779755919,0.574168876697,0.818722404632,0.00211473113285,0.0,0.818679979913,-0.574108166336,-0.0119854385381,0.0,-0.00859882820157,0.00861311965273,-0.999925934419,0.0,0.658623310468,0.25681551136,0.303440172675,1.0,-0.0112,-0.01472,0.561
0.462653011685,0.529804061588,-0.124126002408,-1.38393387657,0.0779659255162,1.90432489818,0.15567263208,-0.00865738706524,-0.0595997814075,-0.000436080371994,-0.0980519908147,-0.00029893218642,0.0378951950219,-0.00878788402152,0.574169976838,0.81872171819,0.002081528856,0.0,0.818678954448,-0.574109498865,-0.0119916536999,0.0,-0.00862296785161,0.00858951676944,-0.99992592957,0.0,0.658429193501,0.256558736442,0.303428752112,1.0,-0.01154,-0.0151668571429,0.578
0.462515304471,0.528730717904,-0.12412849715,-1.38560610079,0.077858745684,1.90495060366,0.155452596587,-0.00599663994943,-0.0608351254832,-0.00155317929054,-0.0978465109155,-0.00917601243212,0.0415221981845,-0.0146389142938,0.574166278967,0.818724264636,0.00209987966967,0.0,0.818681793329,-0.574105777893,-0.0119759743785,0.0,-0.00859963333473,0.00859549938968,-0.999926079116,0.0,0.658233046457,0.256307333019,0.303443017364,1.0,-0.01188,-0.0156137142857,0.595
0.462374594262,0.527622850463,-0.124125008553,-1.38733319602,0.0777528878242,1.90561804994,0.155196213391,-0.00862064296543,-0.0663609594405,0.00128901023823,-0.103915518145,-0.00988870279923,0.0381047446701,-0.0159829032952,0.574134341157,0.818746557972,0.00213986333755,0.0,0.818704616779,-0.574073687662,-0.0119540160288,0.0,-0.00855903502822,0.0086152929817,-0.999926257104,0.0,0.658032137249,0.256054431509,0.303458644101,1.0,-0.01222,-0.0160605714286,0.612
0.462236420181,0.526533695179,-0.124130158111,-1.38900563793,0.0776450440012,1.90624866731,0.154975670547,-0.00711102741533,-0.0703869224459,0.000342091982597,-0.106575019152,-0.00718972527792,0.0344032277408,-0.0176040432673,0.574131900638,0.818748176869,0.00217495866224,0.0,0.818706773047,-0.574071184909,-0.011926496783,0.0,-0.00851638036788,0.00862820177349,-0.999926509999,0.0,0.657837111663,0.255801640378,0.303483904337,1.0,-0.01254,-0.0164811428571,0.628
0.462083573088,0.525431441101,-0.124135847255,-1.39073702275,0.0775412164939,1.90687442443,0.154737641637,-0.0153280320256,-0.0702940012645,-2.84466335419e-05,-0.108499779355,-0.00403799228448,0.0310512134718,-0.0148376659806,0.574131496389,0.81874846933,0.00217157204833,0.0,0.818706990161,-0.57407076285,-0.0119319069173,0.0,-0.00852275859184,0.00862853091476,-0.999926452816,0.0,0.657630776198,0.25553241822,0.303489678332,1.0,-0.01286,-0.0169017142857,0.644
0.461911740995,0.524116544435,-0.124139056377,-1.39281181847,0.0773977641162,1.9076162942,0.154453704834,-0.00840504780081,-0.0646569079327,0.000240483616555,-0.108963308076,-0.00611595648308,0.0373494348427,-0.0209143290245,0.574114684483,0.818760325061,0.00214617502829,0.0,0.818718615017,-0.574054157597,-0.0119331668629,0.0,-0.00853854727526,0.0086082855113,-0.999926492614,0.0,0.657378390853,0.255215727432,0.303491188521,1.0,-0.01324,-0.0174011428571,0.663
0.461761255275,0.522988918593,-0.124152183824,-1.39462635068,0.0772920656382,1.90829506275,0.154210048577,-0.0117823782214,-0.0701888460369,-0.00271850216338,-0.117810820902,-0.00183674934588,0.0408112021216,-0.0157575079566,0.574116715815,0.818758924733,0.0021369820611,0.0,0.818717095148,-0.574056226487,-0.0119379163025,0.0,-0.00854769222693,0.0086035066909,-0.999926455611,0.0,0.657163770986,0.25493754106,0.303479489403,1.0,-0.01356,-0.0178217142857,0.679
0.461592224671,0.521679056262,-0.124143213842,-1.39669536789,0.0771769590407,1.9091113907,0.153926840678,-0.0111619077477,-0.0745320185262,0.000639432283759,-0.119690230652,-0.00709502872191,0.0495388837276,-0.0151756131491,0.574097021867,0.818772591958,0.00219067180971,0.0,0.818731363177,-0.574036216759,-0.0119215645263,0.0,-0.00850368905199,0.00863787271342,-0.999926534515,0.0,0.656921070504,0.254640032994,0.303485622354,1.0,-0.01392,-0.0182948571429,0.697
0.461422780504,0.520414400208,-0.124143362675,-1.39872133552,0.0770359524166,1.90986308525,0.153657966999,-0.0122611401656,-0.0723290802964,0.00239298572124,-0.11491632548,-0.00984736935705,0.0423409290778,-0.00961949897764,0.574085777889,0.818780527675,0.00217118119063,0.0,0.818739169619,-0.574025179466,-0.0119168944064,0.0,-0.00851117228416,0.00861911662514,-0.999926632696,0.0,0.656677275022,0.254333014171,0.303474761277,1.0,-0.01426,-0.0187417142857,0.714
0.46126678078,0.519173817042,-0.124154098326,-1.40066029914,0.0769187107576,1.91055797127,0.153409954954,-0.0123354478715,-0.074969611699,-0.0013262755563,-0.121883241831,-0.01068305027,0.0465845362938,-0.0152472977146,0.574089509411,0.818777923665,0.00216651885023,0.0,0.818736486657,-0.574028910974,-0.0119214799231,0.0,-0.00851756411177,0.00861797051487,-0.999926588148,0.0,0.656439051245,0.254038693254,0.30348346666,1.0,-0.01458,-0.0191622857143,0.73
0.461097867507,0.517897512874,-0.124157543149,-1.40263740373,0.0767858092637,1.91126359598,0.153130000002,-0.0113054142026,-0.0798590641249,-0.00518252086908,-0.119761909874,-0.0103402609594,0.0471978258685,-0.0208229228969,0.574069857389,0.818791708766,0.00216411513902,0.0,0.818750299205,-0.574009330603,-0.0119156549913,0.0,-0.0085143811573,0.00861245409555,-0.999926662785,0.0,0.656196704407,0.253734357408,0.303499393317,1.0,-0.0149,-0.0195828571429,0.746
0.460927370576,0.516635121743,-0.124158572483,-1.40464203091,0.0766589662257,1.91199687754,0.152858916749,-0.00957854524945,-0.0770393287147,-0.000355799389,-0.12457970102,-0.00677513267323,0.0503326195986,-0.011741429148,0.574060092184,0.818798584307,0.00215309056757,0.0,0.818757028514,-0.573999608699,-0.0119215927284,0.0,-0.00852567425105,0.00860673436216,-0.999926615808,0.0,0.655951835248,0.253429820714,0.303494466241,1.0,-0.01522,-0.0200034285714,0.762
0.460739319107,0.515250474058,-0.124164658213,-1.40681820207,0.0765196143419,1.91282631551,0.152549998565,-0.0117737492025,-0.0849602262526,-0.000666919269662,-0.129097772421,-0.00703496467818,0.0486783978995,-0.0180413363469,0.574042875414,0.81881058698,0.00217870051339,0.0,0.818769449669,-0.573982376504,-0.0118981785236,0.0,-0.00849198233955,0.00861408388006,-0.999926839221,0.0,0.655694245774,0.253096592932,0.303501727477,1.0,-0.01556,-0.0204502857143,0.779
0.460545095052,0.513858239722,-0.124167815612,-1.40907415457,0.076381869704,1.91362624317,0.152245256073,-0.0153188597884,-0.0834298765455,-0.000770549577573,-0.130828787462,-0.00381700605281,0.0492634719748,-0.014262710601,0.574036069288,0.818815503884,0.00212335951151,0.0,0.818773562046,-0.573975711453,-0.0119366518214,0.0,-0.00855532350601,0.00859078472197,-0.999926499728,0.0,0.65541195533,0.25275003617,0.303473302815,1.0,-0.0159,-0.0208971428571,0.796
0.46034896219,0.512372935173,-0.124176307617,-1.4114817049,0.0762399433844,1.91446675907,0.151913372706,-0.0100710629695,-0.0837863159857,-0.00127060299848,-0.134241535671,-0.00578865647552,0.0498524294951,-0.0191045518165,0.574018805225,0.818827781018,0.00205503839883,0.0,0.818784814182,-0.573958598808,-0.011987569408,0.0,-0.00863641417602,0.00856388938409,-0.999926033339,0.0,0.65510514418,0.252384505755,0.303441179879,1.0,-0.01626,-0.0213702857143,0.814
0.460145596635,0.510917511413,-0.124176720294,-1.41379216286,0.0760989377186,1.91534203202,0.151587717589,-0.014549484582,-0.0844492156295,-0.0012146334814,-0.134838976724,-0.0178989661324,0.0543064310996,-0.0165598472382,0.574001941969,0.818839563421,0.00207048157969,0.0,0.818796781989,-0.573941657102,-0.0119812749199,0.0,-0.008622572307,0.00857274377777,-0.999926076923,0.0,0.654826621599,0.252032589087,0.303436568858,1.0,-0.0166,-0.0218171428571,0.831
0.45995393391,0.509517171839,-0.124181952905,-1.41599568404,0.0759581537204,1.91617560516,0.15126992141,-0.0113524002018,-0.0932989396201,-0.00304001150642,-0.14516753442,-0.000694140196685,0.0475662360374,-0.0144133138665,0.573979362556,0.818855340007,0.00209055100846,0.0,0.818812883296,-0.573919059737,-0.0119633573788,0.0,-0.00859661751644,0.00857865550691,-0.999926249699,0.0,0.654561070292,0.251694779411,0.303440338005,1.0,-0.01692,-0.0222377142857,0.847
0.459723793438,0.507847882158,-0.124183109643,-1.41864400069,0.0757833613662,1.91712874821,0.150911671896,-0.00901947762352,-0.0902996928006,-0.000522846746785,-0.136288826392,-0.0104371401143,0.0522372322431,-0.0185562096967,0.573970670604,0.818861493491,0.00206655890384,0.0,0.818818730308,-0.573910475027,-0.0119749927952,0.0,-0.00862000664448,0.00856559669717,-0.999926160293,0.0,0.654247300229,0.251310042737,0.303431993805,1.0,-0.01728,-0.0227108571429,0.865
0.459519657385,0.506392777253,-0.124183530283,-1.42091841252,0.0756411457238,1.91796125324,0.15058870635,-0.0131620755205,-0.0931446270099,0.000332967299219,-0.143063393847,-0.00995041624698,0.0529566919605,-0.0202344936978,0.573947698939,0.818877583381,0.00207104322708,0.0,0.81883486859,-0.573887477508,-0.0119736394714,0.0,-0.00861656507683,0.00856825019662,-0.999926167222,0.0,0.653948720848,0.250936744111,0.303437382631,1.0,-0.01762,-0.0231577142857,0.882
0.459313982655,0.504887412408,-0.124192282964,-1.42322995652,0.0754931762424,1.91886004309,0.150280990963,-0.00934786620254,-0.0957914148088,-0.00154002486138,-0.148455964033,-0.00630823319825,0.062330247636,-0.0175606828659,0.573949933512,0.818875833086,0.00214259447638,0.0,0.818834176289,-0.573889542544,-0.0119218958904,0.0,-0.00853310415403,0.00859716645893,-0.99992663474,0.0,0.653675014477,0.250579737744,0.303467388461,1.0,-0.01794,-0.0235782857143,0.898
0.459082204911,0.503229093929,-0.124189814874,-1.42571062128,0.0753456198012,1.91979481859,0.149926589177,-0.0148251658177,-0.095810876946,0.000821538078598,-0.144773400447,-0.000556616092397,0.0589020216786,-0.0269240159125,0.573935560731,0.818885639843,0.00224229534378,0.0,0.818845221904,-0.573874710591,-0.0118771213368,0.0,-0.00843936999797,0.00865296171901,-0.999926948976,0.0,0.653374911016,0.250196785974,0.303525897296,1.0,-0.01828,-0.0240251428571,0.915
0.458876999956,0.501746349344,-0.124196260011,-1.42793215202,0.0751983849802,1.92060202447,0.149613398503,-0.0171630292977,-0.0948358369686,0.000649966559548,-0.145333250443,-0.0108968830382,0.046453485792,-0.0133745538974,0.573925506306,0.818892540386,0.00229508475493,0.0,0.818852883283,-0.573864526137,-0.0118409493379,0.0,-0.00837955869102,0.00867532663976,-0.999927258206,0.0,0.653101354881,0.249845991117,0.303573767819,1.0,-0.01858,-0.0244194285714,0.93
0.458642233223,0.500023853598,-0.124198715656,-1.43052694071,0.075033949575,1.92151596669,0.14924797868,-0.0154764453086,-0.0966355402578,-0.00340452968739,-0.155354198608,-0.00481042263111,0.0600370587756,-0.0281047764078,0.573907927779,0.818904759556,0.00233068882256,0.0,0.818865515607,-0.573846759897,-0.0118283729634,0.0,-0.00834901343275,0.00869708516667,-0.999927324701,0.0,0.65277193779,0.249441705593,0.303619855764,1.0,-0.01892,-0.0248662857143,0.947
0.458361820252,0.498160825132,-0.124201984817,-1.43345856735,0.0748473543355,1.92261663804,0.148839215628,-0.0106184162489,-0.0983871730226,-0.00168449463062,-0.158941453488,-0.0087159915448,0.0585245910696,-0.02584076685,0.573903995278,0.818907453747,0.00235229728031,0.0,0.818868525545,-0.573842781058,-0.0118130182636,0.0,-0.00832408015842,0.00870592819942,-0.999927455621,0.0,0.652413723494,0.248978179378,0.303619277927,1.0,-0.0193,-0.0253657142857,0.966
0.458121039707,0.496583506525,-0.12419703674,-1.43597389716,0.0747005068938,1.9235177809,0.148450777358,-0.0139371829016,-0.0939091656642,-0.000160046816726,-0.153717512946,-0.00642127713752,0.0641675657255,-0.0240788532306,0.573867364929,0.818933195462,0.0023271746125,0.0,0.818893744887,-0.573806048264,-0.0118490700797,0.0,-0.00836841107344,0.00870567096807,-0.999927087836,0.0,0.652093562166,0.248583992155,0.303599476307,1.0,-0.01962,-0.0257862857143,0.982
0.457842027276,0.494909747953,-0.124197036308,-1.43870568654,0.0745239501533,1.92445412474,0.148064222091,-0.015443263456,-0.0985124513832,-0.000416842703905,-0.163305684766,-0.0100865821196,0.0584923528546,-0.0308445774281,0.573869055819,0.818932307027,0.00222040142271,0.0,0.818891353034,-0.573808044877,-0.0119174854999,0.0,-0.00848569307104,0.00865751036076,-0.999926517564,0.0,0.651741530851,0.248135454764,0.303546503664,1.0,-0.01996,-0.0262331428571,0.999
0.457555238481,0.493021193495,-0.124234278488,-1.44166401971,0.0743434111167,1.92551608276,0.147650388385,-0.0142229186105,-0.128242640528,-0.00203024479618,-0.188535454036,-0.0116258024936,0.072100747168,-0.0239295656094,0.573891688047,0.818916481984,0.00220744794785,0.0,0.81887540154,-0.573830769592,-0.0119193759824,0.0,-0.00849443543641,0.00864822213276,-0.999926523711,0.0,0.651374413924,0.247643909183,0.303546494318,1.0,-0.0262285714286,-0.0344718367347,1.016
0.457257303234,0.490743186506,-0.124280331981,-1.44522936965,0.0741394746381,1.92686567544,0.14712476561,-0.0225519145946,-0.151598455052,-0.00146515731192,-0.244836314053,-0.0135356569022,0.0886395694613,-0.0457884064543,0.573862390749,0.818936876444,0.00225738444939,0.0,0.818896480087,-0.573801310454,-0.0118894038332,0.0,-0.00844154360859,0.00867161284355,-0.999926769055,0.0,0.650931693259,0.247088840387,0.303552853946,1.0,-0.0328937142857,-0.0432317387755,1.032
0.456778031782,0.487573508335,-0.124298830952,-1.45031181326,0.0738502194562,1.92871378925,0.146379230962,-0.0249133625748,-0.19011330037,-0.00254821901285,-0.309466686177,-0.0167728847807,0.117416692633,-0.0466483879204,0.573832927376,0.818957646994,0.00221151301318,0.0,0.818916332442,-0.573771707634,-0.0119505179533,0.0,-0.0085182284677,0.00866881172822,-0.999926143016,0.0,0.650282393232,0.246284334236,0.303498063463,1.0,-0.040392,-0.0530866285714,1.05
0.456257177253,0.484119525648,-0.124384465688,-1.45564345371,0.0735248878795,1.93073521392,0.145572498079,-0.0319517930119,-0.229953236195,-0.00839121899085,-0.348851404489,-0.0202653964285,0.13474816376,-0.0600127408884,0.573836584845,0.818954794373,0.00231636954686,0.0,0.818915151832,-0.573775260821,-0.0118604835603,0.0,-0.00838428575785,0.00870305706082,-0.999926977609,0.0,0.649636784302,0.245393902389,0.303536402841,1.0,-0.0470571428571,-0.0618465306122,1.066
0.455627434082,0.480176706331,-0.124470861384,-1.46188153506,0.0731562164013,1.9328838612,0.144622463412,-0.04322206876,-0.259577871474,-0.00238430663508,-0.410297993235,-0.0263485627358,0.143098230936,-0.068981713732,0.573842366756,0.818951091172,0.00218981384383,0.0,0.818909611006,-0.573781353414,-0.0119479863147,0.0,-0.00852850627891,0.00864968688113,-0.999926221027,0.0,0.648830305953,0.244334150064,0.303490613696,1.0,-0.0537222857143,-0.0706064326531,1.082
0.454809091829,0.475046468065,-0.124566140634,-1.46978620657,0.0726780293553,1.93574223838,0.143479861344,-0.0459455113604,-0.295430391474,-0.0106468426153,-0.46102459066,-0.0278832165511,0.175072269555,-0.0712102779905,0.573899892482,0.818910608052,0.00225307143318,0.0,0.818869977562,-0.573838641977,-0.0119130064151,0.0,-0.00846295081362,0.00868201281033,-0.999926497857,0.0,0.647831573982,0.242996487874,0.303531068493,1.0,-0.0612205714286,-0.080461322449,1.1
0.453917079117,0.469645017795,-0.124619948486,-1.47808101226,0.0721857344852,1.93874517555,0.142230613894,-0.0558890425898,-0.339908149986,-0.000973680928899,-0.49816427954,-0.0334033046451,0.184990894305,-0.075054785947,0.573910954454,0.818902568169,0.00235522945875,0.0,0.818862994867,-0.573849014124,-0.0118933396505,0.0,-0.00838810177789,0.00875449670982,-0.999926496567,0.0,0.646770140769,0.24160193351,0.303578178148,1.0,-0.0683022857143,-0.0897687183673,1.117
0.45298562763,0.46400367639,-0.124667448027,-1.48660436073,0.0716374416341,1.94190215312,0.140834870214,-0.0609813614365,-0.364269612126,-0.00253587085146,-0.555526186789,-0.0369838781743,0.197642831548,-0.0904548546877,0.573819479969,0.818965999503,0.00257739553059,0.0,0.81892948279,-0.573756885356,-0.0117594908037,0.0,-0.00815198165862,0.00885870064393,-0.999927531683,0.0,0.645687489229,0.240164894987,0.303687766779,1.0,-0.0749674285714,-0.0985286204082,1.133
0.451850165605,0.457508492079,-0.12472194395,-1.49670082115,0.0709761259608,1.94534172127,0.139333762675,-0.0684115585129,-0.399499349078,-0.00572659939544,-0.617577514181,-0.0441325706746,0.207250595537,-0.0839241199798,0.573848764861,0.818945929158,0.00243044931084,0.0,0.818907226711,-0.573786425107,-0.0118675736565,0.0,-0.00832450258601,0.00880067442976,-0.999926622701,0.0,0.644330997811,0.238422007993,0.303653539618,1.0,-0.0820491428571,-0.107836016327,1.15
0.450627558669,0.450395918325,-0.124826299171,-1.50742668796,0.0702353505625,1.94921678359,0.137604489683,-0.0736515920412,-0.445777682213,-0.00684109009142,-0.634234479433,-0.041752928085,0.250062542175,-0.107254398076,0.573798284282,0.818980750494,0.00260886492219,0.0,0.818944965773,-0.573735931188,-0.0117034695638,0.0,-0.00808827246562,0.00885211798099,-0.999928107344,0.0,0.642935995608,0.236546819002,0.303771662568,1.0,-0.0891308571428,-0.117143412245,1.167
0.449189538839,0.442368850811,-0.124866330516,-1.51958074456,0.0694492915829,1.9535988979,0.135745194311,-0.0813569197749,-0.452891689418,-0.00424287612044,-0.704707896483,-0.0532867132192,0.245502484843,-0.110593231335,0.573814682039,0.818968552724,0.00282262765808,0.0,0.818935399603,-0.57375142906,-0.0116127443258,0.0,-0.00789113768996,0.00897528570406,-0.999928584546,0.0,0.64132041156,0.234445936071,0.303865769058,1.0,-0.0966291428571,-0.126998302041,1.185
0.447795193077,0.434763966188,-0.124901357904,-1.53122213146,0.0686628521217,1.9575663374,0.133855003702,-0.0924026049862,-0.491449072628,-0.00237767689648,-0.718923855872,-0.0458461322359,0.253083681151,-0.116456803213,0.573730211941,0.819027954385,0.00275694473732,0.0,0.818993622589,-0.573666825464,-0.0116861636768,0.0,-0.00798988082534,0.0089627978824,-0.999927912431,0.0,0.639704775235,0.232408672027,0.303864651042,1.0,-0.103294285714,-0.135758204082,1.201
0.446375762062,0.427213912999,-0.124927771348,-1.54263328754,0.067864961972,1.96164338382,0.132008765217,-0.0957161135013,-0.50921318465,0.000893698265621,-0.778917002874,-0.0538916563507,0.267130258799,-0.12781558413,0.573672372717,0.819067923984,0.00291403215962,0.0,0.819035804917,-0.573608662079,-0.0115844703683,0.0,-0.00781710451013,0.00903256118303,-0.999928650312,0.0,0.638149774233,0.230396431378,0.303930699348,1.0,-0.109542857143,-0.143970612245,1.216
0.444707758878,0.418798276863,-0.125008801445,-1.55550993472,0.0669495850851,1.96596691688,0.129873307127,-0.107102857895,-0.532692613436,-0.00706267740266,-0.839845673447,-0.0489362341009,0.273485307697,-0.131708928139,0.573638538476,0.819092136221,0.00276522286531,0.0,0.819058039953,-0.573575278914,-0.0116650549767,0.0,-0.0079688447487,0.00895657554999,-0.999928136052,0.0,0.636335380349,0.228038395794,0.303895968241,1.0,-0.116208,-0.152730514286,1.232
0.442577209282,0.408199789412,-0.125124645277,-1.57146980875,0.0658446465271,1.97157006866,0.127234012876,-0.116310623548,-0.55716881908,-0.00158820857314,-0.846887270907,-0.0542775630224,0.29037477177,-0.141567594752,0.573659008507,0.819077197416,0.00293828743645,0.0,0.819045501848,-0.573595347134,-0.0115581378172,0.0,-0.00778176895177,0.0090371949824,-0.999928884061,0.0,0.634114692621,0.225098045675,0.303963126647,1.0,-0.124122857143,-0.163132897959,1.251
0.440434728931,0.398208565542,-0.125238802896,-1.58651363339,0.0648281744866,1.97664983048,0.124694330845,-0.128893547301,-0.601005312153,-0.0120068772953,-0.882840875536,-0.0642574392662,0.317029988688,-0.151710530826,0.573738756976,0.819021256768,0.00296084567173,0.0,0.818989406743,-0.573674492307,-0.0116049739415,0.0,-0.00780630900043,0.00908329944575,-0.999928275033,0.0,0.63196832961,0.222240437037,0.303984492456,1.0,-0.131204571429,-0.172440293878,1.268
0.43843565243,0.389081560916,-0.125352821998,-1.60022621605,0.0637642362689,1.98134251138,0.122345172932,-0.134759804627,-0.60552965068,-0.00506859358724,-0.92172357377,-0.0665727165901,0.316733893216,-0.160627021288,0.573768816076,0.819000152561,0.0029736684507,0.0,0.818969206478,-0.573705367585,-0.011503779687,0.0,-0.00771573631897,0.00903602691435,-0.999929406324,0.0,0.63000747699,0.219593694721,0.304001151872,1.0,-0.137453142857,-0.180652702041,1.283
0.436024707676,0.378222207644,-0.125456196121,-1.61642210572,0.0625527394186,1.98669320881,0.119443661981,-0.139190730124,-0.653093680617,-0.00908432776261,-0.95966441078,-0.0727554219488,0.321439292361,-0.17051329985,0.57371174946,0.819040235352,0.00294419879706,0.0,0.819008933615,-0.573648431389,-0.0115148046056,0.0,-0.00774230231589,0.00901767743034,-0.99992936663,0.0,0.627612574063,0.21646385536,0.304029224453,1.0,-0.144534857143,-0.189960097959,1.3
0.433538031999,0.367733496574,-0.125561151547,-1.63214290941,0.0613735169154,1.99189295823,0.116659314597,-0.160001457821,-0.650453731638,-0.00626929486368,-0.988932369982,-0.0759724862028,0.32309655899,-0.177444380259,0.573785180374,0.818989031068,0.00287761619613,0.0,0.818956831911,-0.573722025734,-0.0115538545475,0.0,-0.00781167874664,0.00898624697208,-0.999929110008,0.0,0.625274098721,0.213344784684,0.303994626833,1.0,-0.1512,-0.19872,1.316
0.430735861991,0.356117475132,-0.125710700482,-1.64926797581,0.0600279794337,1.99756214614,0.113507658448,-0.168597243809,-0.685166760923,-0.00538387633114,-1.01101399351,-0.076173050327,0.317846328704,-0.193986047719,0.573827687992,0.818959024761,0.00294060498955,0.0,0.818928170851,-0.573764942756,-0.0114537483511,0.0,-0.00769308264164,0.00898079510857,-0.999930078455,0.0,0.622709921881,0.209878708417,0.304051086769,1.0,-0.158281714286,-0.208027395918,1.333
0.427702112422,0.344069552235,-0.125849797059,-1.66697747194,0.0587359678889,2.00330432965,0.110168574965,-0.18133027008,-0.720188382197,-0.00678654634609,-1.03919736892,-0.0760057880417,0.350548705548,-0.192313213821,0.573914374905,0.818898031325,0.00300856615047,0.0,0.818867483532,-0.573850735876,-0.0114945312593,0.0,-0.00768652910941,0.00906066816115,-0.99992940829,0.0,0.619997733908,0.20624740486,0.304085664515,1.0,-0.165363428571,-0.217334791837,1.35
0.424743238699,0.332471715189,-0.125933543592,-1.68415150316,0.057370035754,2.0087841547,0.106924313273,-0.194097524442,-0.724325837278,-0.00383353006345,-1.08254356328,-0.081639556519,0.337461726541,-0.209059527904,0.573904045932,0.818905730675,0.00288049146019,0.0,0.818873297199,-0.573840554317,-0.0115882809951,0.0,-0.00783691778426,0.00900949234867,-0.999928703342,0.0,0.617115543624,0.202524208619,0.304022402859,1.0,-0.172445142857,-0.226642187755,1.367
0.420988722325,0.318113859021,-0.125975169768,-1.70491789119,0.0556238276348,2.01538736187,0.102838591445,-0.205362134303,-0.761393611609,-0.000346672848507,-1.10176154893,-0.0854873826842,0.344820009643,-0.207607544864,0.573788952786,0.818986062071,0.00296895511024,0.0,0.818955190862,-0.57372567558,-0.0114887527904,0.0,-0.00770591099217,0.00902373436623,-0.999929593098,0.0,0.613972710502,0.198451822842,0.304103406823,1.0,-0.179943428571,-0.236497077551,1.385
0.417429471643,0.304865072013,-0.126074239357,-1.72398386698,0.0540442637294,2.02140521899,0.0989064899365,-0.209012368326,-0.779091508014,-0.00759236529069,-1.13672165149,-0.0931386116397,0.347746436912,-0.229367740921,0.573649736856,0.81908315776,0.00308333908777,0.0,0.819053895941,-0.573586283385,-0.0114121845947,0.0,-0.00757911310841,0.00907219224986,-0.999930123745,0.0,0.610881833961,0.194438294605,0.304173379022,1.0,-0.187025142857,-0.245804473469,1.402
