position_joint1,position_joint2,position_joint3,position_joint4,position_joint5,position_joint6,position_joint7,velocity_joint1,velocity_joint2,velocity_joint3,velocity_joint4,velocity_joint5,velocity_joint6,velocity_joint7,ee_T_00,ee_T_10,ee_T_20,ee_T_30,ee_T_01,ee_T_11,ee_T_21,ee_T_31,ee_T_02,ee_T_12,ee_T_22,ee_T_32,ee_T_03,ee_T_13,ee_T_23,ee_T_33,v_x,v_y,time
0.465070171565,0.547761481394,-0.123924224476,-1.35583615776,0.0795409369914,1.89409938152,0.15916204074,0.000524136224086,0.00110480058876,0.00084028383975,5.74178458576e-05,-0.00162051889803,-8.82250927277e-05,0.00104226639367,0.573777016543,0.818997372612,0.00199645769787,0.0,0.818954120222,-0.573717558048,-0.011960746622,0.0,-0.0086505837733,0.00849797238224,-0.99992647323,0.0,0.661660496282,0.260931803503,0.3032246826,1.0,0.0,0.0,0.0
0.465071879547,0.547761481394,-0.123923903152,-1.35583509541,0.0795402292957,1.89409876766,0.159161226938,0.000633734294605,0.00055070477651,0.00124085490766,0.000519921422103,-1.78399830513e-05,-0.000255602116131,0.000751929365016,0.573774476907,0.818999151651,0.00199653360727,0.0,0.818955905239,-0.57371502331,-0.0119601088606,0.0,-0.00865004422561,0.00849764179887,-0.999926480707,0.0,0.661660137735,0.260933089365,0.303225122957,1.0,-0.00022,-0.000289142857143,0.012
0.465069382776,0.547754134272,-0.123926436089,-1.35584163686,0.0795402292957,1.89410221013,0.159154924346,-0.000232762307786,0.00103266117359,5.74806149422e-05,0.001807186036,-5.50701086781e-05,8.76519166978e-05,0.000616135188475,0.573778168899,0.818996550927,0.00200234013737,0.0,0.818953398667,-0.573718708677,-0.011954958236,0.0,-0.00864245595789,0.00849948094807,-0.99992653069,0.0,0.661662649815,0.2609288175,0.303228012055,1.0,-0.00054,-0.000709714285714,0.028
0.46506626972,0.547725101315,-0.123929927931,-1.35585712701,0.0795396189441,1.89410516297,0.159158887257,-0.000830108401431,-0.00503262682217,-0.0009687264037,0.000338199841949,-0.000189418104731,-0.00160816226229,-0.000644526584276,0.573782385435,0.818993568769,0.00201379775828,0.0,0.818950571904,-0.573722882813,-0.0119482808373,0.0,-0.00863036946964,0.0085050776556,-0.999926587494,0.0,0.661660209827,0.260924093527,0.303241162644,1.0,-0.00088,-0.00115657142857,0.045
0.465066244686,0.54763510298,-0.123929349803,-1.35595938216,0.0795370354721,1.89412063117,0.159161212656,-0.000274950168524,-0.00996158304257,-0.00049793807671,-0.00374355060926,-0.000166887363976,-0.000153881482844,0.00085278572873,0.573788750791,0.818989093816,0.0020200437309,0.0,0.818946114649,-0.573729158523,-0.0119524417343,0.0,-0.00863012759166,0.00851264747132,-0.999926525166,0.0,0.661642251194,0.260914088483,0.303257568178,1.0,-0.00122,-0.00160342857143,0.062
0.465059735592,0.54750445653,-0.123926842889,-1.35613743003,0.0795367615677,1.89415053973,0.15914798804,-0.000892507121984,-0.00692195633114,-3.40578355259e-05,-0.0126437152847,-0.000102485877062,0.00042980999715,-0.00225529796495,0.573791120435,0.818987450225,0.00201330228643,0.0,0.818944225673,-0.573731400867,-0.0119742138647,0.0,-0.00865180271434,0.0085196439013,-0.999926278271,0.0,0.661611983145,0.260893797495,0.303267886512,1.0,-0.00154,-0.002024,0.078
0.465038521118,0.547354645888,-0.12392711746,-1.35633948075,0.0795343728213,1.89422399767,0.159147620437,-0.00374569061039,-0.0108111766885,0.000836578820542,-0.0140867767284,0.000144114955502,0.00684771544359,0.00109490354214,0.573819024284,0.818967841336,0.00203694083277,0.0,0.81892483932,-0.573759117549,-0.0119720288817,0.0,-0.00863615954778,0.00853804375956,-0.999926256559,0.0,0.661589996246,0.260862192727,0.303284222043,1.0,-0.00188,-0.00247085714286,0.095
0.465018012,0.547152048229,-0.123924376567,-1.35656742117,0.079531851635,1.89436469531,0.159135783155,-0.00101221479551,-0.0109748783922,0.00457234027746,-0.00985777843532,-0.000180282136152,0.00832737615403,-0.000290466096544,0.573836594827,0.818955264601,0.00214100916614,0.0,0.818913591441,-0.573776228815,-0.0119212373656,0.0,-0.00853466425466,0.00859430922865,-0.999926645987,0.0,0.661576011186,0.260834982209,0.303331360246,1.0,-0.00224,-0.002944,0.113
0.464998827923,0.546960362883,-0.123926883524,-1.35681857294,0.0795298074955,1.89448635584,0.159118095118,-0.00342662896923,-0.0150253342815,-0.000416833938612,-0.0158525192832,-7.8553304603e-05,0.00786568171029,-0.00280200298308,0.573853231883,0.818943450587,0.00219997693419,0.0,0.818902485701,-0.573792564973,-0.0118978231437,0.0,-0.00848147722657,0.00862933698477,-0.999926796864,0.0,0.661553432931,0.260801485876,0.303358234404,1.0,-0.00256,-0.00336457142857,0.129
0.46496623975,0.546726892595,-0.123920150418,-1.35716425625,0.0795221529134,1.89461816118,0.159097270987,-0.00729363395124,-0.0175261743024,0.00263155787281,-0.0252329562464,-0.000173888830522,0.0123734934067,-0.00555936194046,0.573875483813,0.818927789161,0.00222533581569,0.0,0.818887010933,-0.573814566066,-0.0119018484495,0.0,-0.00846998740574,0.00865264422185,-0.999926692844,0.0,0.661513965097,0.260753570503,0.303370263503,1.0,-0.0029,-0.00381142857143,0.146
0.464934603111,0.546459562591,-0.123927467086,-1.35756209686,0.0795153096249,1.89476562395,0.158959755998,-0.00452915635822,-0.0181798716077,0.000306519817254,-0.0244593002411,3.43923155387e-05,0.00859147825753,-0.00543410384112,0.573814320879,0.818970582989,0.00224861164224,0.0,0.818929983832,-0.57375319073,-0.0119039745068,0.0,-0.00845901969965,0.00867229351175,-0.999926615463,0.0,0.661469455592,0.260693599891,0.303383258534,1.0,-0.00324,-0.00425828571429,0.163
0.464895874335,0.546194818159,-0.123925294653,-1.35800568998,0.0794982495145,1.89492143243,0.158934198103,-0.00485116100764,-0.0192423781979,0.000440915601159,-0.0295198190527,-0.000827138413963,0.00773332428291,-0.00156880742709,0.573843859226,0.818949925829,0.00223408026854,0.0,0.818909024865,-0.573782668505,-0.0119249830132,0.0,-0.00848425076414,0.00867275374506,-0.999926397707,0.0,0.661416250553,0.260627872591,0.30337302239,1.0,-0.00356,-0.00467885714286,0.179
0.464853964252,0.545876270197,-0.123927888002,-1.3585374642,0.0794809923125,1.89509834742,0.158888089692,-0.00284621194983,-0.0163017992895,-0.00106012460068,-0.0310828996326,-0.00102575053748,0.0124139695724,-0.0037675159965,0.57386729782,0.818933566079,0.00221037167988,0.0,0.818892202217,-0.573806043346,-0.0119554451657,0.0,-0.00852255480126,0.00867106208895,-0.999926086639,0.0,0.661350322761,0.260548921869,0.303360884062,1.0,-0.0039,-0.00512571428571,0.196
0.464788707881,0.545508125898,-0.123925302453,-1.35918013464,0.0794202277005,1.89531272536,0.15878349147,-0.00251098870752,-0.0234772317194,-0.00123481757766,-0.0365744697977,-0.00873138912678,0.014371055306,-0.00220567570699,0.573852966228,0.818943776448,0.00214734019787,0.0,0.818901726742,-0.573792110017,-0.0119717718768,0.0,-0.00857224625082,0.00862866352697,-0.999926028644,0.0,0.661274974299,0.260440514352,0.303334055128,1.0,-0.00426,-0.00559885714286,0.214
0.464727259981,0.545143683955,-0.123927888112,-1.3598322863,0.0793591244431,1.89552036223,0.158718796167,-0.0064538390056,-0.0247036017174,-0.000249943777063,-0.0430449476793,-0.00159376496805,0.0137599427419,-0.00700982761274,0.573872154377,0.818930540137,0.00206585640846,0.0,0.818887576796,-0.573811784402,-0.0119966475633,0.0,-0.00863917464765,0.00857641125327,-0.99992590217,0.0,0.661196138486,0.260329947918,0.303299650335,1.0,-0.00458,-0.00601942857143,0.23
0.464659243519,0.544714387704,-0.1239327217,-1.36053812587,0.0793371574748,1.89576451949,0.15861905025,-0.00291074482158,-0.0253749906397,0.00162990459716,-0.0440493401405,8.90231806084e-05,0.0144137417332,-0.0118172473159,0.5738830276,0.8189229646,0.00204831259102,0.0,0.818879574996,-0.573822534886,-0.0120285914766,0.0,-0.00867528889494,0.00858049103938,-0.999925554497,0.0,0.661113915918,0.260217043967,0.303288882565,1.0,-0.00492,-0.00646628571429,0.247
0.464580028792,0.544255849535,-0.123930683094,-1.36130209743,0.079310077358,1.89603204742,0.158536063453,-0.00921844121873,-0.0305826706331,-0.00325506847222,-0.0461043043148,-0.00246607064704,0.0105927410814,-0.00520169076743,0.573913863612,0.818901409404,0.00202626026115,0.0,0.818857516168,-0.573853248538,-0.0120650013855,0.0,-0.00871743844355,0.00858365526618,-0.999925160764,0.0,0.661025282632,0.26009496401,0.303272894464,1.0,-0.00526,-0.00691314285714,0.264
0.46450933136,0.543781815701,-0.123934564284,-1.36206430429,0.0792762699217,1.89630641152,0.158432810596,-0.00668165719874,-0.0276826255953,-0.000689534512856,-0.0446604549649,-0.00122263260653,0.0220788304278,-0.00889983317543,0.573923370317,0.818894762373,0.00201991677594,0.0,0.818850674392,-0.573862671363,-0.0120811574926,0.0,-0.0087342099177,0.00858783418208,-0.999924978526,0.0,0.660938246982,0.259974883142,0.303269438047,1.0,-0.00558,-0.00733371428571,0.28
0.464430097012,0.54324734815,-0.123939080477,-1.36291957989,0.0792258337956,1.89660206849,0.158330992682,-0.00220278447029,-0.0266682322657,-0.000593841491874,-0.0553891380028,-0.00353297371166,0.0249593131852,-0.00786523408338,0.573942101027,0.818881688231,0.00199806153434,0.0,0.818837287579,-0.573881468105,-0.0120956164311,0.0,-0.00875839694288,0.00857843595636,-0.999924847636,0.0,0.660838801887,0.259837298382,0.303266227183,1.0,-0.00592,-0.00778057142857,0.297
0.464347536747,0.542679167287,-0.123945218103,-1.36381345946,0.0791722672145,1.89692246791,0.158217152325,-0.00622962997112,-0.0326210075726,-0.000213769951436,-0.05562516589,9.84076608243e-05,0.0221995791438,-0.0118797035794,0.573956165794,0.818871844618,0.00199216954804,0.0,0.81882737184,-0.573895561573,-0.0120981995883,0.0,-0.00876374648123,0.00857524430405,-0.999924828141,0.0,0.660737566438,0.259693619392,0.303270619208,1.0,-0.00626,-0.00822742857143,0.314
0.464283764586,0.542114631567,-0.123948556226,-1.36467616874,0.0791195921628,1.89725093107,0.158095293456,-0.00151947558633,-0.0371807136392,-0.00139721106998,-0.054347423133,-0.00532865383129,0.0175412273726,-0.0117063166374,0.573944878418,0.818879696313,0.00201653302025,0.0,0.818835572212,-0.573884199354,-0.012082148496,0.0,-0.00873673786273,0.00858586152354,-0.999924973382,0.0,0.660639328498,0.259568329681,0.303287803065,1.0,-0.00658,-0.008648,0.33
0.464192253421,0.541488352142,-0.123944217805,-1.3656371569,0.0790686061204,1.89759976943,0.157977757098,-0.00476459486305,-0.0392962158511,0.00077016077145,-0.0600561586768,-0.000373217409165,0.0192080412325,-0.0108465841856,0.573960208153,0.818868909369,0.00203362406875,0.0,0.818824907442,-0.573899353578,-0.0120851072399,0.0,-0.00872919111069,0.00860171831659,-0.999924903012,0.0,0.660529313302,0.259419971422,0.303303315187,1.0,-0.00692,-0.00909485714286,0.347
0.464110923206,0.540761443058,-0.123949120661,-1.36672780631,0.0790020467246,1.89801291161,0.157835092476,-0.00850593135532,-0.0444322545618,5.03065337756e-05,-0.0637752225727,-0.00420699240179,0.0279805123896,-0.00118598580277,0.573956144842,0.818871655933,0.00207408013946,0.0,0.818828224506,-0.573895158198,-0.012059562606,0.0,-0.0086850966663,0.00862014138434,-0.999925128326,0.0,0.660405020055,0.259260767161,0.303334014138,1.0,-0.00728,-0.009568,0.365
0.464021114578,0.54009116742,-0.123946702805,-1.3677616374,0.0789423086679,1.89839104652,0.157713727506,-0.00799572625578,-0.0419279073033,0.000390342014309,-0.0640665840746,-0.00824786954001,0.0207462924984,-0.00469238758966,0.57396986387,0.818862003474,0.00208842924286,0.0,0.818818710286,-0.573908765305,-0.012058013672,0.0,-0.00867544841448,0.00863114758139,-0.999925117139,0.0,0.660285311035,0.259104943044,0.303348351304,1.0,-0.0076,-0.00998857142857,0.381
0.463939449164,0.539396469777,-0.123947677515,-1.36884484798,0.0788831136491,1.89880323817,0.15757196422,-0.0031923986336,-0.0390124795387,0.00115376826192,-0.0684553573995,-0.0038610969209,0.0262424731011,-0.00988024077552,0.573965520562,0.818864990132,0.00211093416613,0.0,0.818821946425,-0.573904282403,-0.0120516220263,0.0,-0.00865734387455,0.00864586119226,-0.999925146939,0.0,0.660160070815,0.258949392305,0.303359413886,1.0,-0.00792,-0.0104091428571,0.397
0.46382338999,0.538591698417,-0.123952317076,-1.37008874355,0.0788102459375,1.89927987002,0.157425308558,-0.0101156120106,-0.0465500424438,-5.98897168766e-05,-0.0692071322207,-0.00198884185269,0.0284261718737,-0.00810050447208,0.573993057222,0.81884560786,0.00214187998255,0.0,0.81880298855,-0.573931704983,-0.0120337383154,0.0,-0.00862464698661,0.00866122673174,-0.999925296518,0.0,0.660023690177,0.25875355493,0.30337733438,1.0,-0.00828,-0.0108822857143,0.415
0.463723188675,0.537847305294,-0.123950873798,-1.37124721056,0.0787481605836,1.89973032696,0.157272440027,-0.00332843440717,-0.047651034776,0.000665376467285,-0.0764171409391,-0.00354566515977,0.0271387444106,-0.0104081913718,0.573996373674,0.818843192281,0.00217631911098,0.0,0.818800967053,-0.573934820583,-0.0120226859331,0.0,-0.00859579470645,0.00868311749703,-0.999925355106,0.0,0.659893923586,0.258581039381,0.303390680148,1.0,-0.0086,-0.0113028571429,0.431
0.463618613006,0.537029852011,-0.123959063803,-1.37252286572,0.0786708751356,1.90019506919,0.157114498008,-0.00507696935229,-0.0463116507133,-0.000191121417754,-0.0776792204826,-0.0102260940535,0.0313936091412,-0.00878683436195,0.574007965034,0.818835058214,0.00217954544132,0.0,0.818792895398,-0.573946417499,-0.0120187847532,0.0,-0.0085906254114,0.00868364168794,-0.999925394978,0.0,0.659745695144,0.258385626464,0.303401236665,1.0,-0.00894,-0.0117497142857,0.448
0.463490722192,0.536183196026,-0.1239575245,-1.37384105334,0.0785908595167,1.90069648111,0.156959152749,-0.00790154931651,-0.0533046935465,5.17262104316e-06,-0.0816501641653,-0.00389374251874,0.0230279547183,-0.00197747978875,0.574035564922,0.818815644395,0.00220399624632,0.0,0.818773807247,-0.573973918784,-0.0120058328962,0.0,-0.00856569235306,0.0086965169016,-0.999925496979,0.0,0.659599346232,0.258177872978,0.303414874094,1.0,-0.00928,-0.0121965714286,0.465
0.463381361482,0.535353481791,-0.123966915665,-1.3751582539,0.0785131935748,1.9011727378,0.156802679011,-0.0077259809961,-0.0491787720246,-0.00108001669724,-0.0850309502046,-0.0125841040801,0.0307709992876,-0.0111942778361,0.57405507436,0.818801997208,0.00219268560849,0.0,0.818760009393,-0.573993469604,-0.0120121094186,0.0,-0.00857711709858,0.00869106298484,-0.999925446464,0.0,0.659445032378,0.2579745859,0.303415048811,1.0,-0.0096,-0.0126171428571,0.481
0.463251401991,0.534405712513,-0.123967979675,-1.37669849762,0.0784379970487,1.90172507568,0.156607955419,-0.00551696816432,-0.0527028293444,-0.00177713509816,-0.0885781629396,-0.00382968461496,0.0347499840459,-0.0111252156612,0.574067077341,0.818793649636,0.00216724042426,0.0,0.818751121994,-0.574005367799,-0.0120492685869,0.0,-0.00862202296552,0.00869168627265,-0.999925054846,0.0,0.659260103064,0.257743196264,0.303398547508,1.0,-0.00996,-0.0130902857143,0.499
0.46311643237,0.533490685884,-0.123969043932,-1.37817912727,0.0783478675249,1.90226979665,0.156432069252,-0.0101682634646,-0.0528965440004,0.000141107928051,-0.086838878198,-0.00760939520156,0.03349376118,-0.0142991886999,0.574091219966,0.818776774657,0.00214740337215,0.0,0.818733971462,-0.574029574706,-0.0120614359457,0.0,-0.00864311698368,0.00868268373636,-0.99992495095,0.0,0.659088375774,0.257512249043,0.303386438208,1.0,-0.0103,-0.0135371428571,0.516
0.463005250109,0.532662907649,-0.123969360881,-1.3795304319,0.0782793477568,1.90278732607,0.156259131817,-0.003482323772,-0.058555245574,-6.71149759313e-06,-0.0953865304294,-0.00588778166834,0.0390919959167,-0.00698667261583,0.574096555007,0.818773034306,0.00214725954497,0.0,0.818730114087,-0.574034794026,-0.012074867931,0.0,-0.00865414118313,0.00869033344943,-0.999924789144,0.0,0.658931193602,0.257313273474,0.303371839591,1.0,-0.0106,-0.0139314285714,0.531
0.462870770021,0.531625826619,-0.12397222955,-1.38118353351,0.0781820406631,1.90338622264,0.156051245204,-0.00918641972812,-0.0528970599022,-7.76690887231e-05,-0.0899265924966,-0.00595354412914,0.0361352061134,-0.00401054973584,0.574102463259,0.818768929289,0.00213284135875,0.0,0.818725766506,-0.574040708814,-0.0120884566852,0.0,-0.00867348196297,0.00868639217623,-0.999924655812,0.0,0.658733203385,0.257065294508,0.303368061435,1.0,-0.01096,-0.0144045714286,0.549
0.462730803331,0.530613502371,-0.123970051557,-1.38281682369,0.0780739928146,1.90396323057,0.15583742028,-0.0069599614499,-0.0611625181091,-0.00180286027636,-0.0952027168939,-0.00847614799908,0.0335441516736,-0.0101964018249,0.574100158446,0.81877065422,0.0020906366807,0.0,0.818726941196,-0.57403858754,-0.0121096108652,0.0,-0.00871505567507,0.00866395689922,-0.999924488977,0.0,0.658535187641,0.256815483843,0.303353952585,1.0,-0.0113,-0.0148514285714,0.566
0.462602941766,0.529635501654,-0.12397283171,-1.38436684606,0.0779898600445,1.90453117271,0.155631585297,-0.00947210772913,-0.0589988554896,-0.000624683399808,-0.100743998889,-0.00227580977741,0.0358881321136,-0.0138673954279,0.574099889719,0.818770840954,0.00209129852276,0.0,0.818727030348,-0.574038210376,-0.0121214564942,0.0,-0.0087243778373,0.008671296415,-0.999924344063,0.0,0.658350178278,0.25658345204,0.303354476344,1.0,-0.01162,-0.015272,0.582
0.462450556114,0.528410730338,-0.123970193603,-1.38624144158,0.0778653997366,1.9052430585,0.155373342775,-0.00924699000577,-0.0695716431706,0.00155209530696,-0.0987237739431,-0.00345213231362,0.0342752244923,-0.019020317045,0.574079529298,0.818784995449,0.00213826329304,0.0,0.818741895701,-0.574017746739,-0.0120864202125,0.0,-0.00866894534531,0.00868941946677,-0.999924668851,0.0,0.658131286693,0.256306423718,0.303386285306,1.0,-0.012,-0.0157714285714,0.601
0.46231430043,0.527366521505,-0.1239739507,-1.38786026254,0.0777672999848,1.90587021439,0.155143270777,-0.00747434503726,-0.0703996084017,0.00136420676707,-0.102234123277,-0.00249243001333,0.0424079860458,-0.01243796661,0.574066711587,0.818793869925,0.00218085343414,0.0,0.81875136978,-0.574004792951,-0.0120598114851,0.0,-0.00862284540904,0.00870888073105,-0.999924898147,0.0,0.657945947279,0.256062807125,0.303405314326,1.0,-0.01232,-0.016192,0.617
0.462180821096,0.526342123457,-0.123976484008,-1.38945735059,0.0776589770408,1.9064734785,0.154925073698,-0.0102219625789,-0.0690754818641,0.000483498244769,-0.111054019493,-0.00835739556888,0.0359726174514,-0.0119805520164,0.57405620586,0.818801186709,0.00219910412804,0.0,0.818759039103,-0.573994327317,-0.0120372337437,0.0,-0.00859399344034,0.0087107528237,-0.999925130228,0.0,0.657759525756,0.25582082296,0.303418372668,1.0,-0.01262,-0.0165862857143,0.632
0.462030616775,0.525153763364,-0.123976436745,-1.39129053996,0.0775501416435,1.90713305065,0.15468806388,-0.00866596819903,-0.0673782435958,0.00154663895954,-0.106498620293,-0.00371045785978,0.0406507687471,-0.014456393739,0.574054371406,0.818802433622,0.0022136543416,0.0,0.818760406303,-0.573992361463,-0.0120379796592,0.0,-0.00858627167015,0.00872307532061,-0.999925089142,0.0,0.657536467217,0.255547244066,0.303438945195,1.0,-0.01296,-0.0170331428571,0.649
0.461861669871,0.52391131728,-0.12398701188,-1.39330379466,0.077426003365,1.90784844385,0.154411380065,-0.00841392937346,-0.0658664512535,0.000447662390122,-0.113953778722,-0.00590331052326,0.0426986327378,-0.0167560244837,0.574048241338,0.818806868004,0.00216250488831,0.0,0.818764154565,-0.573986429379,-0.0120658604755,0.0,-0.00863852728479,0.00869713491962,-0.999924865023,0.0,0.657291066302,0.255235859147,0.303416741357,1.0,-0.01332,-0.0175062857143,0.667
0.461710989345,0.522772783198,-0.123987470803,-1.39511240756,0.0773132355615,1.90854147524,0.154156046509,-0.0082130557784,-0.0706671987871,-0.00586394400852,-0.115016846761,-0.00836498720732,0.0464348118651,-0.0200635858757,0.574029601957,0.818819893031,0.00217847519653,0.0,0.818777422535,-0.573967759431,-0.012053645958,0.0,-0.00861955651961,0.00870300345766,-0.999924977674,0.0,0.657078398681,0.254965622082,0.303416289489,1.0,-0.01364,-0.0179268571429,0.683
0.461547772187,0.521538383607,-0.123987816682,-1.39706883937,0.0771953141775,1.90931160108,0.15391209513,-0.011512592468,-0.0778623944908,0.000297835982324,-0.117877442546,-0.0119940386973,0.0442287680943,-0.0106872239183,0.574036909715,0.818814667439,0.00221665789897,0.0,0.818772730508,-0.573974941468,-0.0120303468032,0.0,-0.00857848349143,0.00872097004795,-0.999925174352,0.0,0.656851675892,0.254675339801,0.303419226263,1.0,-0.01398,-0.0183737142857,0.7
0.461381452502,0.520257245247,-0.123993958656,-1.39909741744,0.0770701668116,1.91005876884,0.153636622922,-0.00767944997864,-0.075237959719,-0.000755830660495,-0.116856428113,-0.00454206830208,0.0384698184808,-0.0166805189372,0.57402631412,0.818822104774,0.00221321756453,0.0,0.818780129198,-0.573964367962,-0.0120312610068,0.0,-0.00858131965712,0.00871856683283,-0.999925170973,0.0,0.656606385511,0.254369056694,0.303418483211,1.0,-0.01432,-0.0188205714286,0.717
0.46121585355,0.519022965798,-0.123999144977,-1.40104260245,0.0769439148672,1.9107531228,0.153356046882,-0.0123586118498,-0.0761117048173,-0.000450897905039,-0.12549735644,-0.00343077731552,0.0517252557746,-0.0224495240223,0.574005034339,0.818837073629,0.00219415254971,0.0,0.818794871995,-0.573943193864,-0.012038052702,0.0,-0.00859805046362,0.00870663134031,-0.999925131247,0.0,0.656367977927,0.254069401879,0.303419540203,1.0,-0.01464,-0.0192411428571,0.733
0.461042846042,0.517656150642,-0.124000514016,-1.40316450527,0.0768091220829,1.91150650653,0.153084454837,-0.0119863399469,-0.0862854488363,0.000395962192556,-0.126640502009,-0.0070545854945,0.0472719191291,-0.0172300299738,0.574001176174,0.818839788531,0.00219029029441,0.0,0.818797515402,-0.573939331078,-0.012042421464,0.0,-0.00860388574999,0.00870593595162,-0.999925087109,0.0,0.656103818493,0.253750558064,0.303434109738,1.0,-0.01498,-0.019688,0.75
0.460843322556,0.516244271752,-0.124003792718,-1.40542720962,0.0766625787424,1.91235393927,0.152767336987,-0.016431985558,-0.0756062627282,0.000193145975763,-0.125430912649,-0.0115178159981,0.0507810155222,-0.0215814966246,0.573987393943,0.818849476967,0.00218003803708,0.0,0.818807134236,-0.573925658662,-0.0120400230564,0.0,-0.00860795254581,0.00869601958014,-0.999925138396,0.0,0.65583325099,0.253401591943,0.30342111152,1.0,-0.01534,-0.0201611428571,0.768
0.460685603907,0.515034025992,-0.124004538725,-1.4073530086,0.076544117459,1.91307980378,0.152492740594,-0.0133868948461,-0.0750916606652,9.54553417317e-05,-0.126990922863,-0.00542352510053,0.0423425774641,-0.0199360670969,0.573961924173,0.818867312318,0.00218662252818,0.0,0.818825051746,-0.573900160647,-0.0120369075404,0.0,-0.00860189271915,0.00869935540734,-0.999925161528,0.0,0.655599550439,0.253115185039,0.303416053492,1.0,-0.01564,-0.0205554285714,0.783
0.460484653474,0.513543080788,-0.124010207187,-1.40975321537,0.0764034537978,1.91391107276,0.152167753193,-0.0127833312496,-0.0833704276608,-0.000404256800669,-0.127449022666,-0.00548043979896,0.0421952322071,-0.0219936463505,0.573952371802,0.818874175259,0.00212294553837,0.0,0.8188309171,-0.573890712993,-0.0120882440109,0.0,-0.00868057924415,0.00867657681412,-0.999924679443,0.0,0.655294040618,0.252748641083,0.3033908814,1.0,-0.016,-0.0210285714286,0.801
0.460286296371,0.512125183452,-0.124011158365,-1.41204026084,0.0762610773042,1.91472347842,0.151850586599,-0.00868041634328,-0.082102872507,-0.000382403963211,-0.131848963479,-0.00590312978279,0.0448492984055,-0.0198113805141,0.573937010411,0.818885070254,0.00207284722811,0.0,0.818841081033,-0.573875494432,-0.0121222029955,0.0,-0.00873730304389,0.0086548800452,-0.999924373434,0.0,0.655007177987,0.252397530122,0.303366116238,1.0,-0.01634,-0.0214754285714,0.818
0.460098787557,0.510768704911,-0.124011689327,-1.414212727,0.0761391064346,1.9155581852,0.151536172256,-0.0101736833401,-0.0831825990989,-1.65249399405e-05,-0.137609127972,-0.00398574999893,0.0499036763396,-0.0286858832224,0.573914455926,0.818900828666,0.00209212573412,0.0,0.818856998519,-0.573852766622,-0.012122917042,0.0,-0.00872706269389,0.00867083607802,-0.999924324626,0.0,0.654745677925,0.252071331258,0.303354376761,1.0,-0.01666,-0.021896,0.834
0.45990091427,0.509279585881,-0.124018741145,-1.41657059108,0.075989778908,1.91642734014,0.151213399582,-0.0158638854721,-0.0826867227456,0.000116454449007,-0.141305755953,-0.0070714405083,0.0480498655085,-0.0156528130499,0.573912087554,0.818902530296,0.00207570130736,0.0,0.818858548552,-0.573850532763,-0.012123960253,0.0,-0.00873736764873,0.00865795979057,-0.999924346208,0.0,0.654438221561,0.251682310058,0.303345755591,1.0,-0.01702,-0.0223691428571,0.852
0.459677400493,0.507677794732,-0.124020810025,-1.41910073934,0.0758247999774,1.9173219564,0.150848855739,-0.00994443052395,-0.0834966509676,0.00191536329633,-0.143962584597,-0.00157994483622,0.0487188506,-0.021950435298,0.573872061826,0.818930635861,0.0020535837849,0.0,0.818886314882,-0.573810559515,-0.0121405102175,0.0,-0.00876403642636,0.00864891780654,-0.99992419107,0.0,0.654136286398,0.2513198802,0.303343812574,1.0,-0.01736,-0.022816,0.869
0.459481327622,0.506309351127,-0.124026987092,-1.42125581661,0.0756840938647,1.91812476211,0.150558109453,-0.0126637342626,-0.0896954604409,-0.000917729193956,-0.143233778582,-0.0112826983158,0.0527557002813,-0.0187216812655,0.573872400293,0.818930382231,0.00206013167108,0.0,0.818886224387,-0.573810945779,-0.0121283516772,0.0,-0.008750318043,0.00864730622193,-0.999924325151,0.0,0.65387466764,0.250982105614,0.30334468632,1.0,-0.01766,-0.0232102857143,0.884
0.45924235417,0.50459060441,-0.124036475803,-1.42386208695,0.0755209918084,1.91913204252,0.150207548989,-0.0129585988798,-0.0912434363513,-0.00242172037329,-0.147074782224,-0.00734248896588,0.0544587305664,-0.025606756025,0.573878319901,0.818925985007,0.0021568330971,0.0,0.818883207041,-0.573816563414,-0.0120661376739,0.0,-0.00864381354437,0.00869085654551,-0.999924873928,0.0,0.653566712738,0.250575695193,0.303392876181,1.0,-0.01802,-0.0236834285714,0.902
0.459012310417,0.502923895864,-0.124044433011,-1.42633940456,0.0753624029838,1.92007316424,0.149857324911,-0.0212598641445,-0.100328076724,-0.000990148441734,-0.145567187373,-0.0091767991423,0.0640538943609,-0.0219319350225,0.573869971905,0.818931548178,0.00226310529987,0.0,0.81889027459,-0.573807890957,-0.0119987232129,0.0,-0.00852770948263,0.00873911012849,-0.999925450284,0.0,0.653271173846,0.250187002279,0.303459579741,1.0,-0.01836,-0.0241302857143,0.919
0.458794887044,0.501324486393,-0.124045231129,-1.42873772412,0.0752069549382,1.92092053348,0.149523029492,-0.0135689045628,-0.110146242259,0.000660731021643,-0.151281364129,-0.00213060013151,0.0455339068696,-0.0223889289097,0.573855115162,0.818941848197,0.00230281903985,0.0,0.818901082757,-0.573792863415,-0.0119797101392,0.0,-0.00848950828083,0.00876056761475,-0.999925587584,0.0,0.652968120892,0.249813581045,0.303507935113,1.0,-0.01868,-0.0245508571429,0.935
0.45855424839,0.499617131216,-0.124050809167,-1.4313337861,0.0750391432506,1.92185056135,0.149164594739,-0.0172149029808,-0.0954751937188,-0.000690686381988,-0.152793602971,-0.00478957801434,0.0627700176931,-0.0140551269828,0.573849333445,0.818945810415,0.00233431133821,0.0,0.818905474402,-0.57378697423,-0.011961567562,0.0,-0.00845664101776,0.00877588686923,-0.999925731758,0.0,0.652643234107,0.249403876897,0.303544225447,1.0,-0.01902,-0.0249977142857,0.952
0.458301141665,0.497931140264,-0.12404912526,-1.43397799772,0.0748787466644,1.92283641405,0.148778894214,-0.0138161337598,-0.10312252108,0.000607027730044,-0.158178720022,-0.00189965377143,0.0565343950452,-0.0246622238969,0.573830702437,0.818958795131,0.00235875367965,0.0,0.818918712376,-0.573768179208,-0.0119568369731,0.0,-0.00843894147291,0.00879299697782,-0.999925730978,0.0,0.652317210594,0.248989313399,0.303546773019,1.0,-0.01936,-0.0254445714286,0.969
0.458055381196,0.496372551681,-0.124052075052,-1.43649002354,0.0747280501382,1.92372593995,0.148411869689,-0.0129782130758,-0.0966851731786,0.00014347205387,-0.163994311037,-0.00825296098958,0.0572873005969,-0.0283220661705,0.573819907271,0.818966508354,0.00230632055198,0.0,0.818925593551,-0.573757444495,-0.0120005839278,0.0,-0.00850497147856,0.00877504783048,-0.99992532921,0.0,0.65199804441,0.24858606829,0.303514693526,1.0,-0.01968,-0.0258651428571,0.985
0.457770590468,0.494579162681,-0.124049643166,-1.4393891229,0.0745452811499,1.92472734138,0.147997428774,-0.0184014927323,-0.103277463759,0.00185931605673,-0.162196939827,-0.00691181987863,0.060149708052,-0.0188416635111,0.573808392616,0.818974821936,0.00221731810611,0.0,0.818932578383,-0.573746130709,-0.012064678226,0.0,-0.0086086557612,0.0087388159033,-0.999924759241,0.0,0.651622574137,0.248120375657,0.303470883136,1.0,-0.021996,-0.0289090285714,1.003
0.45743975409,0.492121101258,-0.124139731041,-1.44302187551,0.0743441227662,1.9260591783,0.147468855059,-0.0176252914214,-0.183138628083,-0.00446418268247,-0.261293795515,-0.0152038721865,0.101862519078,-0.0361588630473,0.573839532387,0.818952641753,0.00234702728029,0.0,0.818912256716,-0.573776899904,-0.0119804774029,0.0,-0.00846493655798,0.00879705032783,-0.9999254756,0.0,0.651183987869,0.247511634783,0.303570809452,1.0,-0.039132,-0.0514306285714,1.02
0.457021948575,0.488624339025,-0.124189725113,-1.44848546451,0.0740686677466,1.9282010532,0.146622761189,-0.0316078069533,-0.244859114233,0.000840135389586,-0.388043865836,-0.0174802738484,0.141032090634,-0.0530335252768,0.573725174715,0.819032265703,0.0025136698737,0.0,0.818993820246,-0.573661648263,-0.0119240350268,0.0,-0.00832433369062,0.00889997052378,-0.99992574524,0.0,0.650502270895,0.246709279063,0.303589288471,1.0,-0.05526,-0.0726274285714,1.036
0.456286658409,0.483489689497,-0.124284787109,-1.4565863233,0.0736107120119,1.93126761802,0.145373900795,-0.0487137211293,-0.328423392671,-0.0119810697384,-0.531471750596,-0.0344546944455,0.187663278173,-0.0800400075264,0.573651629638,0.819083515846,0.00259784226813,0.0,0.819046136076,-0.573587754239,-0.0118853719829,0.0,-0.00824518050369,0.00894598791667,-0.999925990411,0.0,0.649494723837,0.245417152725,0.303567985804,1.0,-0.072396,-0.0951490285714,1.053
0.455275841615,0.476897765499,-0.12447325885,-1.4671252603,0.072981794073,1.93487495273,0.143813791169,-0.0679655726863,-0.422428985601,-0.00739950679366,-0.667693859649,-0.0475134554457,0.230043159209,-0.0854437541267,0.573681823247,0.819063281039,0.00229221093758,0.0,0.819021732181,-0.573618973572,-0.0120591158301,0.0,-0.00856248814746,0.00879563547204,-0.999924657458,0.0,0.648117279027,0.243633333173,0.30343912206,1.0,-0.089532,-0.117670628571,1.07
0.454085906679,0.469358865104,-0.124623158023,-1.47890607104,0.0723052201928,1.93900146072,0.142088219573,-0.0793031193701,-0.49861759516,-0.00940154239303,-0.748342528939,-0.0412193532212,0.272676603984,-0.122224728631,0.573735137648,0.819026172985,0.00220605871492,0.0,0.81898295479,-0.573672095637,-0.0121652518675,0.0,-0.00869827282306,0.00878652610736,-0.999923565583,0.0,0.646577412318,0.241651476942,0.303406516571,1.0,-0.10566,-0.138867428571,1.086
0.452589071426,0.460044002243,-0.124756429412,-1.49323606943,0.0714100891842,1.94427010716,0.139776222186,-0.0991787664385,-0.565930078961,-0.00505385732182,-0.88312467954,-0.0576443391932,0.30919755311,-0.143779249518,0.573597232175,0.819122202748,0.00240397738231,0.0,0.819081739225,-0.573533541744,-0.012046902652,0.0,-0.00848928721936,0.00887929494679,-0.999924542215,0.0,0.644729975281,0.23924888247,0.303467959158,1.0,-0.122796,-0.161389028571,1.103
0.450648500804,0.448657004071,-0.124952350131,-1.51065020656,0.0702549481002,1.95045398751,0.13704693312,-0.110335672489,-0.675973651901,-0.00659664398442,-1.00888071013,-0.068391686248,0.373066407803,-0.153017758154,0.57357821012,0.819135272307,0.00248785840142,0.0,0.819096376579,-0.573514682824,-0.0119491155485,0.0,-0.00836127967715,0.008891719304,-0.999925510391,0.0,0.642433674107,0.236214629922,0.303542724245,1.0,-0.14094,-0.185235428571,1.121
0.448631894944,0.437419860513,-0.12510510112,-1.52801721164,0.0691208331901,1.95641470016,0.13433816341,-0.130380510601,-0.730944637189,-0.00937236626385,-1.12400270536,-0.0763228855191,0.373898083387,-0.182105057474,0.573587775578,0.819129044255,0.0023279746936,0.0,0.819087659379,-0.57352447622,-0.012075940183,0.0,-0.00855676761805,0.00883359708455,-0.999924371785,0.0,0.640053966155,0.233159111492,0.303486583216,1.0,-0.157068,-0.206432228571,1.137
0.446140260446,0.424078389018,-0.12529010029,-1.54808536937,0.067746193025,1.9633717458,0.131024734873,-0.163071988578,-0.815618551137,-0.00982737201745,-1.21809973297,-0.0911860217984,0.410757259539,-0.204302602341,0.573539195399,0.819162609093,0.00248155318765,0.0,0.819123480022,-0.573475537632,-0.0119699254594,0.0,-0.00838236670808,0.00889809121574,-0.999925277159,0.0,0.63730263986,0.229532500001,0.30363053859,1.0,-0.174204,-0.228953828571,1.154
0.443827518413,0.412238291734,-0.125452310923,-1.56573706365,0.0664790883404,1.96959242401,0.12807937092,-0.168754356346,-0.852755576073,-0.00947074272729,-1.27929047468,-0.0948945158127,0.453463063493,-0.216446413214,0.573526892878,0.819170322424,0.00276277153087,0.0,0.819135651134,-0.573463046785,-0.0117331119042,0.0,-0.00802722423086,0.00899251300481,-0.999927346551,0.0,0.634875998895,0.226277655837,0.303800447074,1.0,-0.188316,-0.247501028571,1.168
0.439857514333,0.393053953483,-0.125683401221,-1.59423792775,0.0645878743006,1.97939861892,0.123219349999,-0.200884640392,-0.944444315585,-0.0100487550667,-1.39457134801,-0.0928947740658,0.470535531454,-0.244579346655,0.573590319509,0.819124349438,0.00319255767443,0.0,0.819094583216,-0.573524229386,-0.0116090031592,0.0,-0.00767835581258,0.00927399708221,-0.999927515288,0.0,0.630831208238,0.220929958217,0.304025102761,1.0,-0.209484,-0.275321828571,1.189
0.43665932174,0.378430011039,-0.125866265299,-1.61603555092,0.0628951133073,1.98675384863,0.119327785011,-0.222390336655,-1.02033509454,-0.0157413026662,-1.47276639354,-0.12333386224,0.518206869684,-0.266935821198,0.573508897582,0.819181176491,0.00323903963614,0.0,0.819152924305,-0.573443783075,-0.0114656511852,0.0,-0.00753518356033,0.00922909944996,-0.999929019847,0.0,0.627655348907,0.216715018984,0.304090268194,1.0,-0.224604,-0.295193828571,1.204
0.432628092044,0.360872894962,-0.126090906335,-1.64201932576,0.0609646306744,1.99538435262,0.114664536398,-0.246985113927,-1.07690413041,-0.0150140408815,-1.55172057733,-0.117818454965,0.533894862242,-0.28274149542,0.573555044968,0.819148397016,0.00335573530537,0.0,0.819121702883,-0.573489643472,-0.0114022627716,0.0,-0.00741580860515,0.00928875979187,-0.999929359867,0.0,0.623775164584,0.211590873635,0.304167861109,1.0,-0.24174,-0.317715428571,1.221
0.428373375422,0.343470140681,-0.126341792115,-1.66770763263,0.0590158236104,2.00366577261,0.109818866864,-0.273615054737,-1.12581225448,-0.0197499035947,-1.58437280096,-0.118978775802,0.544531213974,-0.307516700118,0.57358262479,0.819129294892,0.00330419284551,0.0,0.819101686157,-0.573517060774,-0.0114610487059,0.0,-0.00749321404378,0.00928050700923,-0.999928859436,0.0,0.619830366534,0.206361422803,0.304175798475,1.0,-0.257868,-0.338912228571,1.237
0.423453336293,0.32404665531,-0.126567793489,-1.69610085117,0.05680792478,2.01288571127,0.104313906263,-0.301249607385,-1.17030469925,-0.0218371806645,-1.71178978377,-0.135738665366,0.560459600781,-0.337269824589,0.573548754351,0.819152368245,0.00345989637738,0.0,0.819126695559,-0.573482647393,-0.011395466825,0.0,-0.00735057462413,0.00937012969336,-0.999929082346,0.0,0.615381530638,0.200528741332,0.304219818303,1.0,-0.275004,-0.361433828571,1.254
0.417749979358,0.30246282362,-0.126785115967,-1.7273482304,0.054172383908,2.02266613306,0.0979677307244,-0.325134555666,-1.22344169436,-0.0149749244099,-1.75891873962,-0.16703451046,0.543881904387,-0.368773142036,0.573334415164,0.819302486639,0.00343957519468,0.0,0.819276967735,-0.573268923787,-0.0113462795502,0.0,-0.00732437449633,0.00932335678949,-0.999929711808,0.0,0.610301761063,0.1939736842,0.304254384209,1.0,-0.293148,-0.385280228571,1.272
0.412088378806,0.282475515395,-0.127026602204,-1.75610440154,0.051778000195,2.03139176025,0.0920081946103,-0.361050248639,-1.26641670174,-0.0133600929155,-1.80207924149,-0.149814732935,0.548299092653,-0.379166578515,0.573346177252,0.819294628757,0.00334951068761,0.0,0.819267454942,-0.57328032265,-0.0114566939799,0.0,-0.00746634302355,0.0093129760973,-0.999928758561,0.0,0.605497081843,0.187729196182,0.30423310158,1.0,-0.309276,-0.406477028571,1.288
0.405074931781,0.259046226513,-0.12738416736,-1.78940423239,0.0488936585181,2.04130232434,0.0847404999014,-0.406342276976,-1.30551986648,-0.0250567484749,-1.87690138724,-0.175849016636,0.549681344012,-0.408576932471,0.573364317869,0.819282144678,0.00329746975379,0.0,0.819254108032,-0.573298381704,-0.0115073415534,0.0,-0.0075374705135,0.00929954372718,-0.999928349945,0.0,0.59980581471,0.180251065328,0.304236434133,1.0,-0.32742,-0.430323428571,1.306
0.398185649094,0.237424663806,-0.127745233974,-1.81950292956,0.0461687739397,2.05011311211,0.0778387021339,-0.438437979984,-1.37395665856,-0.0210083328727,-1.87567962238,-0.171465714323,0.527443377819,-0.439655483152,0.573459618297,0.819214707194,0.00347514042345,0.0,0.819189399379,-0.573393695128,-0.0113642084707,0.0,-0.00731724398595,0.00936389313206,-0.99992938523,0.0,0.594565577282,0.173221835155,0.304372681983,1.0,-0.343548,-0.451520228571,1.322
0.390858512275,0.215148065547,-0.128028175082,-1.85024892046,0.0433730092764,2.05899117147,0.0704285105104,-0.472972069966,-1.41787077356,-0.0206210264277,-1.93938253307,-0.182653552055,0.555137454513,-0.467046206159,0.573342464353,0.819295452761,0.00375853113445,0.0,0.819273707755,-0.573275685727,-0.0112395211964,0.0,-0.00705394990435,0.00952354387684,-0.999929769485,0.0,0.589042410377,0.166022831704,0.304482267411,1.0,-0.359676,-0.472717028571,1.338
0.382326491898,0.190745023602,-0.128390099735,-1.88374669157,0.0401172068774,2.06818484149,0.0619966308627,-0.514928909593,-1.46147657423,-0.0224289275955,-1.98760461457,-0.192527548166,0.552851814248,-0.524900049331,0.573232293858,0.819372684567,0.00372665605304,0.0,0.819350647235,-0.57316576989,-0.0112367256677,0.0,-0.00707121053305,0.00949487488479,-0.999929920211,0.0,0.582821919217,0.157910456986,0.304482514928,1.0,-0.376812,-0.495238628571,1.355
0.372894898191,0.165606495219,-0.128918423562,-1.91779361967,0.0367825561203,2.0770719803,0.0530003433536,-0.567294657265,-1.50124495385,-0.0275211468231,-2.02669910862,-0.209682458168,0.508710788727,-0.535960380824,0.573403952781,0.819252928204,0.00364602046078,0.0,0.819229251999,-0.573336820893,-0.0113608705007,0.0,-0.00721716759758,0.00950147759987,-0.999928814674,0.0,0.576323555476,0.149271749272,0.304471064607,1.0,-0.393948,-0.517760228571,1.372
0.36335414813,0.141315468746,-0.129339420786,-1.95012897204,0.033359298047,2.08524742754,0.0439613047904,-0.619214177506,-1.51669572914,-0.027734072086,-2.018475944,-0.211459269863,0.492340105963,-0.563097516999,0.573368283779,0.819277996219,0.00362256391047,0.0,0.819254417266,-0.573301746192,-0.0113161170126,0.0,-0.00719436196925,0.00945628613884,-0.999929407413,0.0,0.569965551348,0.140903616285,0.304510867418,1.0,-0.410076,-0.538957028571,1.388
0.35232543536,0.114756354684,-0.129912607998,-1.98488593041,0.0296769076966,2.09379975719,0.0336253742251,-0.669108383173,-1.58169743927,-0.0333566361585,-2.04407726701,-0.219618484092,0.502403683348,-0.619559074972,0.573438512552,0.819227886999,0.00383254301316,0.0,0.819207091436,-0.573371531783,-0.0112060154948,0.0,-0.00698294378073,0.00956579144273,-0.999929864606,0.0,0.562970222959,0.13159543112,0.304600788825,1.0,-0.427212,-0.561478628571,1.405
0.339655441815,0.0858913892832,-0.13053912336,-2.02225848445,0.0254625271058,2.10230832076,0.0218606435135,-0.715872861007,-1.5966207402,-0.0196761434199,-2.10891452579,-0.222548032213,0.458755181565,-0.667579217559,0.573413089576,0.819246208902,0.00371817211296,0.0,0.819223828559,-0.573346249355,-0.0112758135775,0.0,-0.00710600430287,0.0095118974281,-0.999929511771,0.0,0.555133707242,0.121321681673,0.304578579192,1.0,-0.43998,-0.578259428571,1.423
