position_joint1,position_joint2,position_joint3,position_joint4,position_joint5,position_joint6,position_joint7,velocity_joint1,velocity_joint2,velocity_joint3,velocity_joint4,velocity_joint5,velocity_joint6,velocity_joint7,ee_T_00,ee_T_10,ee_T_20,ee_T_30,ee_T_01,ee_T_11,ee_T_21,ee_T_31,ee_T_02,ee_T_12,ee_T_22,ee_T_32,ee_T_03,ee_T_13,ee_T_23,ee_T_33,v_x,v_y,time
0.465048203559,0.547792341464,-0.123985600262,-1.35584621322,0.0795951302049,1.89410076011,0.159151751371,-0.000266213873724,-8.91786862693e-05,0.0013651836064,-0.000567154087598,6.582201456e-05,0.000153585412236,-0.000693223568065,0.573844437801,0.818950181391,0.00197699400135,0.0,0.818906482151,-0.573784863753,-0.0119937700545,0.0,-0.00868809820077,0.00850169512087,-0.999926116335,0.0,0.661674430222,0.260889018474,0.303200287101,1.0,0.0,0.0,0.0
0.465048194846,0.547789835846,-0.123990274871,-1.35584415543,0.079595477721,1.89410181289,0.159153320589,0.0028033360118,-0.000733536966104,0.000137386760067,-0.000859216658932,-0.000152501731665,0.000539317103326,-0.000761503276153,0.573848978636,0.818946990466,0.00198076398281,0.0,0.818903365637,-0.573789412746,-0.0119889311351,0.0,-0.00868192482343,0.00850205386973,-0.999926166905,0.0,0.661676235573,0.260886713602,0.303203288292,1.0,-8e-05,-0.000105142857143,0.005
0.46505097887,0.547794502501,-0.123987594833,-1.35583910662,0.0795956123547,1.89410028531,0.159152859614,0.000406942617293,0.00177047193894,0.0005413137766,0.00137328116758,0.000377740876827,-0.000609306506564,-0.000896394221486,0.573844206287,0.818950335584,0.00198031794639,0.0,0.818906692773,-0.573784630969,-0.0119905253035,0.0,-0.008683535904,0.00850255279633,-0.999926148673,0.0,0.661675615307,0.260890562558,0.303202164196,1.0,-0.0003,-0.000394285714286,0.016
0.465048817604,0.547787402331,-0.123985965323,-1.35585165553,0.0795947688914,1.89410115524,0.159151067895,-5.95373554593e-05,-0.000521316227612,0.00180242201968,0.000675581805626,-1.14867439824e-05,-0.000490244950903,-0.00169998070428,0.573843825697,0.818950610526,0.0019768992644,0.0,0.81890691003,-0.573784252108,-0.0119938166819,0.0,-0.00868819710294,0.00850163780034,-0.999926115963,0.0,0.661673335966,0.260888600661,0.303201241531,1.0,-0.00072,-0.000946285714286,0.037
0.465053071023,0.547751067873,-0.123988552464,-1.35588152339,0.0795947819804,1.89410534299,0.159154903373,0.00108600368076,-0.007343107353,0.000179711782284,-0.00259563732568,-4.81232106224e-05,-0.000395438578946,0.000662476221951,0.573846890045,0.818948438855,0.00198700398492,0.0,0.818904859475,-0.57378726278,-0.0119897915697,0.0,-0.00867907060957,0.00850763562195,-0.999926144207,0.0,0.661667770752,0.260887138762,0.303213214985,1.0,-0.00098,-0.001288,0.05
0.465053106162,0.547605983404,-0.123986292342,-1.3560463547,0.0795912224371,1.89413132148,0.159156665825,0.000363447993757,-0.00815843181705,0.000470620917263,-0.00835143717502,-0.000407476070757,-0.000279316582576,0.000733033140011,0.573857492489,0.818940992857,0.00199384913405,0.0,0.818897370994,-0.57379770566,-0.0120014857165,0.0,-0.00868460977553,0.00852006435109,-0.99992599029,0.0,0.661636067019,0.260868847916,0.303237464043,1.0,-0.0014,-0.00184,0.071
0.465039260711,0.547497379256,-0.123986048108,-1.35621513945,0.0795933350475,1.8941636366,0.159144644941,-0.00390649266582,-0.00482420343205,0.000501519721581,-0.0155516791841,-0.0016905870679,0.00485924430012,-0.0013757499541,0.573865837327,0.81893517214,0.00198279686523,0.0,0.818891266428,-0.573805959725,-0.0120233628444,0.0,-0.00870878173348,0.00852365632899,-0.999925749445,0.0,0.661612719781,0.260846902252,0.303239116309,1.0,-0.00166,-0.00218171428571,0.084
0.465027518655,0.547294083743,-0.123987074201,-1.35647074798,0.0795873775634,1.89429778597,0.159141130879,0.00113346608052,-0.015603619204,0.00077632644208,-0.0132758233093,-0.000203518304197,0.00462520801086,0.00189181685626,0.573886244718,0.818920689654,0.00205647291014,0.0,0.81887772736,-0.573826034853,-0.0119873375219,0.0,-0.00863678729964,0.00856353285217,-0.99992603317,0.0,0.661589876056,0.260819027535,0.303273133912,1.0,-0.00206,-0.00270742857143,0.104
0.465013688727,0.547146708529,-0.123986127034,-1.35663915381,0.0795884255131,1.89439766247,0.159130068258,-0.000476429437495,-0.0131089729289,-0.00046992846199,-0.0122450170536,9.6889017649e-05,0.00943584258216,-0.00021852123187,0.573897751166,0.818912439617,0.00212940106049,0.0,0.818870382066,-0.573837190592,-0.0119550395262,0.0,-0.00856836602949,0.00860483942897,-0.999926267203,0.0,0.661578406955,0.260799336889,0.303306011894,1.0,-0.00232,-0.00304914285714,0.117
0.464975362823,0.546836211678,-0.123985944331,-1.35709065219,0.0795824490586,1.89457949963,0.159108362285,0.000860714744161,-0.0120191627409,0.000949851583441,-0.0231043054284,-0.00225910960581,0.0081526253052,6.93004642825e-05,0.573935002272,0.818886211965,0.00217529809846,0.0,0.818844586165,-0.573874080709,-0.0119511547508,0.0,-0.00853845303762,0.00864058345826,-0.999926214846,0.0,0.661529596014,0.260735954406,0.303326804527,1.0,-0.00282,-0.00370628571429,0.142
0.464952991017,0.546700584955,-0.123988208327,-1.35729446319,0.0795769487969,1.89465032138,0.159087873101,-0.000781206369688,-0.0126354842472,-0.000121809170604,-0.0236272670657,0.000240562812227,0.00281375385751,-0.00059210633913,0.573948040157,0.818877059,0.00218090459233,0.0,0.818835450623,-0.573887037655,-0.0119549034107,0.0,-0.00853816765587,0.00864746186791,-0.999926157822,0.0,0.661507200879,0.260701349313,0.303332065877,1.0,-0.003,-0.00394285714286,0.151
0.464897946132,0.546317629085,-0.123983874761,-1.35787829417,0.0795629256525,1.89486701722,0.158923616371,-0.00434899693598,-0.0139661718867,0.00180889128208,-0.0293051087614,0.000640534507033,0.0116949829523,-0.005118095083,0.573884534513,0.818921493165,0.00220816248542,0.0,0.818880019457,-0.573823204459,-0.0119662299684,0.0,-0.00853247231648,0.00867562148692,-0.999925962513,0.0,0.661440680508,0.260615613409,0.303344026858,1.0,-0.00346,-0.00454742857143,0.174
0.46486978903,0.546122334361,-0.123989460234,-1.35820023181,0.0795554281762,1.89498238526,0.15892292103,-0.00176340495073,-0.0205888703565,-0.00201814658664,-0.0334766275889,6.47893939116e-05,0.00823598756596,-0.00493655534257,0.573926950727,0.818891781039,0.00220296995716,0.0,0.818850155009,-0.573865550628,-0.0119791629354,0.0,-0.00854559403324,0.00867923384885,-0.99992581911,0.0,0.661403975889,0.260564719561,0.303339273535,1.0,-0.00368,-0.00483657142857,0.185
0.464781745396,0.545699423782,-0.123984633256,-1.35893708852,0.0795251573426,1.89522633897,0.158850690953,-0.00691378752455,-0.021864556444,0.00035025881264,-0.0402899264533,0.000143806114227,0.00940197923163,-0.0052765246911,0.573969599701,0.818862025189,0.00215156281959,0.0,0.818819521869,-0.573908199237,-0.0120298111413,0.0,-0.00861612185752,0.00866665438442,-0.999925322985,0.0,0.661318083206,0.260439015751,0.303308961116,1.0,-0.00412,-0.00541485714286,0.207
0.464739567288,0.545457719571,-0.123989164536,-1.35933991122,0.0794896194016,1.8953692343,0.158765604045,-0.002189479867,-0.0215325255531,0.00293312071183,-0.0339558067312,-0.00232917255295,0.0179376928474,-0.00970879296477,0.573950697473,0.818875333772,0.00212873461421,0.0,0.818832638694,-0.573889502141,-0.012028966794,0.0,-0.00862873188023,0.0086472777494,-0.999925382003,0.0,0.661274424547,0.260367797926,0.303300841711,1.0,-0.00434,-0.005704,0.218
0.464648262817,0.544890711674,-0.123994707632,-1.36029241706,0.0794108797512,1.8956757598,0.158679983205,-0.00409852727461,-0.0231787536113,-0.00021651783616,-0.0406549995624,-0.000667805711503,0.0150691166075,-0.00344460054314,0.573991257465,0.818847109147,0.00204819344123,0.0,0.818803503964,-0.573930539954,-0.0120542152531,0.0,-0.00869520595501,0.00859624764173,-0.999925246166,0.0,0.661161013284,0.260206640193,0.303275508681,1.0,-0.0048,-0.00630857142857,0.241
0.464603231701,0.544613798795,-0.123994582289,-1.36075511029,0.0793958526209,1.89584063578,0.158595077792,-0.00290791659402,-0.0269276267986,-0.000526017966541,-0.0413868828621,-5.0194338699e-05,0.0123715877149,-0.00774406574769,0.573980343812,0.818854786284,0.00203735095583,0.0,0.818810902104,-0.573919538648,-0.0120754567219,0.0,-0.00871893787921,0.00859944554092,-0.999925012018,0.0,0.661107322302,0.260134408452,0.30326556418,1.0,-0.00502,-0.00659771428571,0.252
0.464513165347,0.543959107587,-0.1239977719,-1.36181531873,0.0793540195642,1.89623067909,0.158483292312,-0.00428201235495,-0.0342151572923,0.000625867595062,-0.0467123665081,-0.00129802300383,0.0180726139069,-0.00819974176066,0.574012829731,0.818832021849,0.00203425663237,0.0,0.818787896692,-0.573951836157,-0.0121002852374,0.0,-0.00874070398215,0.00861150947726,-0.999924718166,0.0,0.660984934629,0.259975465137,0.303258153181,1.0,-0.00548,-0.00720228571429,0.275
0.464469156286,0.543660114849,-0.123993476457,-1.36231403584,0.0793289981401,1.89639294047,0.158420194013,-0.00265538428012,-0.0289603760298,9.29106514127e-05,-0.0475720890423,-0.000461712234811,0.0182557458318,-0.00134421278865,0.574015204587,0.818830425923,0.00200633684479,0.0,0.818785824884,-0.573954223817,-0.0121271939703,0.0,-0.00877873891538,0.00860411955233,-0.999924448581,0.0,0.660922218651,0.259900549467,0.303246245906,1.0,-0.00568,-0.00746514285714,0.285
0.464364069461,0.542886598698,-0.124002028592,-1.36352320205,0.0792647643119,1.8968356522,0.158251521743,-0.00496542893913,-0.0350455527015,0.000164835594755,-0.0498810091855,-0.00262129161329,0.0141402892268,-0.0111370276436,0.574019319828,0.818827520016,0.00201490212227,0.0,0.818782976601,-0.573958247555,-0.0121290640152,0.0,-0.00877531066855,0.00861225044592,-0.999924408675,0.0,0.660785242431,0.25971241861,0.303256556206,1.0,-0.00616,-0.008096,0.309
0.464327203666,0.542577354318,-0.124000268665,-1.36401287575,0.0792328480358,1.8970055499,0.158189190901,-0.00247986190889,-0.0373903039674,-0.000469977620017,-0.0501858063319,-0.0026930595835,0.0219297921231,-0.00332115217619,0.574021577863,0.818825940308,0.00201358578747,0.0,0.818781381755,-0.573960513123,-0.0121295163556,0.0,-0.00877641287674,0.00861145646775,-0.99992440584,0.0,0.660720590782,0.259632903188,0.303263327409,1.0,-0.00636,-0.00835885714286,0.319
0.464224266704,0.541693636637,-0.124002798086,-1.36535146789,0.0791635276687,1.89749881046,0.158031151148,-0.00459440099986,-0.042774265436,-0.000449093870891,-0.0597695521729,-0.00191630644551,0.0217326539824,-0.00816533711039,0.574028400017,0.81882108304,0.00204373315759,0.0,0.818776807493,-0.573967092774,-0.0121269462182,0.0,-0.00875693225559,0.00863473909037,-0.99992437585,0.0,0.660569512781,0.259446868742,0.3032874842,1.0,-0.00682,-0.00896342857143,0.342
0.46416842827,0.54131906694,-0.124004964572,-1.36592142087,0.0791286696173,1.89771371666,0.157948685807,-0.00732230832089,-0.0417387438394,7.32110361292e-05,-0.0647406229874,-0.00894366984829,0.024865689204,-0.00623940087347,0.574030468223,0.818819593466,0.00205956520557,0.0,0.818775543542,-0.573969109954,-0.0121168072308,0.0,-0.00873952062573,0.00864190453216,-0.99992446628,0.0,0.660507647893,0.259354934075,0.303299713936,1.0,-0.00702,-0.00922628571429,0.352
0.464078653305,0.540500990521,-0.124005914437,-1.36717721162,0.0790462746083,1.89817444628,0.157779575084,-0.00355404391108,-0.0440952904647,0.000633664967567,-0.0653400824141,-0.000766161214845,0.0203651778246,-0.00421621256367,0.574013760777,0.818831265774,0.00207545888344,0.0,0.818787473382,-0.573952384871,-0.012102901909,0.0,-0.00871918778522,0.00864675845328,-0.999924601824,0.0,0.660359206368,0.25917469696,0.303320200509,1.0,-0.00742,-0.009752,0.372
0.463987308763,0.539898985294,-0.124008421216,-1.36809236542,0.0790017642641,1.89851383478,0.157668848596,-0.00604842347501,-0.042515862061,-0.00118649648963,-0.0612277534412,-0.00455392297389,0.0307501121312,-0.0116945550207,0.574038438536,0.818813895171,0.00210310685392,0.0,0.818770377892,-0.573976854213,-0.0120990089069,0.0,-0.00869986945412,0.00866742464906,-0.999924591167,0.0,0.660258005151,0.259028022536,0.303339561186,1.0,-0.0077,-0.01012,0.386
0.463874552993,0.539108020266,-0.124006222206,-1.36932708371,0.0789293302889,1.89898245811,0.157521329195,-0.00870527521698,-0.0421492373724,0.00170502283136,-0.0720407692488,-5.03037889243e-05,0.0170372444287,-0.00966026273104,0.574057463772,0.818800500712,0.002124905154,0.0,0.81875724679,-0.573995761718,-0.0120906269489,0.0,-0.00868029196975,0.00868066326494,-0.999924646469,0.0,0.66011950105,0.258838749028,0.303351268257,1.0,-0.00806,-0.0105931428571,0.404
0.463770590236,0.538428074096,-0.124009848829,-1.37038515298,0.0788722944136,1.89938492411,0.157390152881,-0.00637530413677,-0.0499520449167,0.00157986209237,-0.0699416056534,-0.00067050106673,0.0279362952958,-0.00804612091308,0.574081016903,0.818783927754,0.00214769269487,0.0,0.818740937164,-0.574019179726,-0.0120832950423,0.0,-0.00866095772623,0.00869536164782,-0.999924686412,0.0,0.66000371227,0.258669427835,0.303362969687,1.0,-0.00836,-0.0109874285714,0.419
0.463641009922,0.537451068826,-0.124020487654,-1.37192593463,0.0787728764357,1.89997451608,0.157206266668,-0.00651227955675,-0.0485562975473,0.00159021998706,-0.0746014445898,-0.00205858268531,0.035167427937,-0.0101663589664,0.574102570214,0.818768778476,0.00216175105475,0.0,0.818726096586,-0.574040796169,-0.012061923741,0.0,-0.00863515952447,0.00869483082671,-0.999924914149,0.0,0.659831589377,0.258431586698,0.303370996517,1.0,-0.00878,-0.0115394285714,0.44
0.463558864418,0.536819884999,-0.124024639479,-1.37291637739,0.0787258785244,1.90034382832,0.157074397853,-0.00496871655264,-0.045390431987,0.000496284487623,-0.0702895648014,-0.00232084768021,0.0255738068398,-0.0143101020439,0.574106805394,0.818765771392,0.00217589014404,0.0,0.818723172837,-0.574044868721,-0.0120665594177,0.0,-0.00863079342715,0.00870911323931,-0.99992482755,0.0,0.659717024401,0.25828314202,0.303377366451,1.0,-0.00904,-0.0118811428571,0.453
0.463411263048,0.535805011302,-0.124039155292,-1.374502539,0.0786333657221,1.90092821983,0.156879807922,-0.00859972838074,-0.0490668649541,-0.00223899736477,-0.0802960026764,-0.00350654159901,0.0273231647344,-0.0129513070633,0.574141001906,0.81874176853,0.00218478727387,0.0,0.818699310533,-0.574079047785,-0.0120595492642,0.0,-0.00861958204813,0.00871273327898,-0.999924892722,0.0,0.659538790719,0.258027071897,0.303389853202,1.0,-0.00944,-0.0124068571429,0.473
0.463321431309,0.535117471413,-0.124036489703,-1.37558002824,0.0785750379022,1.90131811157,0.156757770604,-0.00670566614194,-0.0519816224261,0.000196172705471,-0.0844012390406,-0.00625076069206,0.032238701894,-0.000520897991853,0.574156262067,0.818731056213,0.00218888625847,0.0,0.818688553652,-0.574094189462,-0.0120689952557,0.0,-0.00862480040488,0.00872167324722,-0.999924769787,0.0,0.659410190112,0.257867516315,0.303395868654,1.0,-0.0097,-0.0127485714286,0.486
0.463162613359,0.534008611944,-0.124047185605,-1.37739076635,0.0784753745547,1.90197476549,0.156538190466,-0.00294936999747,-0.0538077872331,-0.00197333589831,-0.0873079663209,-0.0116681005487,0.0330879611199,-0.00992390141515,0.574186630603,0.818709857479,0.00215160498602,0.0,0.818666780028,-0.574124624539,-0.0120981683279,0.0,-0.00866976718266,0.00870822169474,-0.999924498156,0.0,0.659198254275,0.257584630432,0.303373537672,1.0,-0.01012,-0.0133005714286,0.507
0.463061715579,0.533293610252,-0.124045250046,-1.37852975814,0.0784113212998,1.90241434902,0.156379752711,-0.00633368093794,-0.0545806352458,-0.000134713911956,-0.0863241297709,-0.00415821421894,0.033383075862,-0.0110699096917,0.574183484254,0.818712024502,0.00216662138271,0.0,0.818669101446,-0.574121372168,-0.012095423031,0.0,-0.00865893134699,0.008718905986,-0.999924498943,0.0,0.659068765112,0.257412883824,0.303373707628,1.0,-0.01038,-0.0136422857143,0.52
0.462917029431,0.532190378937,-0.124044283354,-1.38032816097,0.0783091669929,1.90308816567,0.156158840228,-0.00768961616431,-0.053543528651,0.00154761456879,-0.0844859641064,-0.00587591467806,0.0308094388724,-0.018340947852,0.574191407108,0.818706511918,0.00214994154181,0.0,0.818663285855,-0.574129280194,-0.0121136665755,0.0,-0.00868336050026,0.00871580926954,-0.999924314095,0.0,0.658855888886,0.257148285606,0.303353938244,1.0,-0.01078,-0.014168,0.54
0.462812836053,0.531359650369,-0.124041068424,-1.38165296323,0.0782362960533,1.9035657316,0.155993736745,-0.0106237254581,-0.0607771142344,0.000813487047864,-0.0998593499143,-0.0124974739121,0.0342304615071,-0.014259927627,0.574191919133,0.81870617813,0.00214027921736,0.0,0.818662703449,-0.574129711326,-0.0121325782329,0.0,-0.00870438645315,0.00871876301303,-0.999924105534,0.0,0.658694118678,0.256955771544,0.303350187131,1.0,-0.01106,-0.014536,0.554
0.462655599064,0.530079758649,-0.124043889124,-1.38368435545,0.0781033621799,1.90427424981,0.155722985808,-0.00726529138536,-0.057835205669,-0.00024020974161,-0.0977901366996,-0.0104196729535,0.0324052041856,-0.00989593726643,0.574175502494,0.818717800217,0.00209829577332,0.0,0.818673779896,-0.574113483405,-0.0121530730569,0.0,-0.0087454457203,0.008695983986,-0.999923945629,0.0,0.65844317878,0.256652842177,0.303346571669,1.0,-0.01148,-0.015088,0.575
0.462553090868,0.52934168459,-0.124046659862,-1.38484240551,0.0780347995755,1.90471230171,0.155570609152,-0.0115507451861,-0.0677569256944,-3.94332868655e-05,-0.0944239367883,-0.0122126232378,0.0333731333264,-0.022915158819,0.574181177087,0.818713782507,0.00211308153389,0.0,0.818669955681,-0.574119092639,-0.0121457002154,0.0,-0.00873085980777,0.0087039163893,-0.999924004076,0.0,0.658310020676,0.256474589221,0.303353299576,1.0,-0.01172,-0.0154034285714,0.587
0.462375766548,0.528008738748,-0.124038234428,-1.38694892732,0.0779055376945,1.90552469237,0.155275338767,-0.0084439937983,-0.063574634002,0.00267015128907,-0.0994678997497,-0.00385943991357,0.0314084977952,-0.0125438046019,0.574158327794,0.818729723549,0.00214506503623,0.0,0.818686308251,-0.574096100367,-0.0121302566446,0.0,-0.00870009570068,0.00872099115235,-0.999924123445,0.0,0.65806489312,0.256164418541,0.303359359851,1.0,-0.01214,-0.0159554285714,0.608
0.462260086979,0.527124331473,-0.124046768355,-1.38830134267,0.0778267284826,1.90603675902,0.155094644764,-0.0140317431462,-0.0698745743223,0.000666287376911,-0.11041188558,-0.00324386430329,0.0356332859782,-0.00944164280701,0.574163132121,0.818726256821,0.00218197316244,0.0,0.818683345344,-0.574100766306,-0.0121093800268,0.0,-0.00866176168291,0.0087392729104,-0.999924296631,0.0,0.657909390682,0.255956400764,0.303382808347,1.0,-0.0124,-0.0162971428571,0.621
0.462082429724,0.525753337286,-0.12405526268,-1.39043163548,0.0776938682364,1.90681255537,0.154806290398,-0.0092192306288,-0.0673286348862,-0.00108667675617,-0.104536568086,-0.00185239022266,0.0308778660069,-0.0151961591815,0.574153072393,0.818733310864,0.00218221084677,0.0,0.818690398272,-0.574090702599,-0.0121096600675,0.0,-0.00866196189189,0.00873952186354,-0.999924292721,0.0,0.657638293029,0.255617334176,0.3033955898,1.0,-0.01282,-0.0168491428571,0.642
0.461955999499,0.524791069629,-0.124061292782,-1.39195822563,0.0775885678177,1.90736053208,0.154588390999,-0.00915240619915,-0.0678901276702,-0.000144286021273,-0.112728124812,-0.00682712426765,0.0382172584321,-0.019914671768,0.574140647437,0.818742056283,0.00217005425078,0.0,0.818699108062,-0.574078455644,-0.0121014100332,0.0,-0.00866231871804,0.00872470084845,-0.999924419059,0.0,0.657470812862,0.255395848063,0.303398875622,1.0,-0.01308,-0.0171908571429,0.655
0.461763238217,0.523317173618,-0.124069388508,-1.39431586289,0.0774473734404,1.90822800878,0.154276661918,-0.00633429640518,-0.0700595152994,-0.000843017568326,-0.109592831855,-0.00791571698313,0.0498383537135,-0.0223393968736,0.574137609206,0.818744229119,0.00215403807123,0.0,0.818701042657,-0.574075457571,-0.0121127481386,0.0,-0.00868082937873,0.00871806532181,-0.999924316405,0.0,0.657187016565,0.255039952987,0.303388453414,1.0,-0.0135,-0.0177428571429,0.676
0.461650337693,0.5224516619,-0.124064082694,-1.39568883572,0.0773651971795,1.90876128272,0.154102147005,-0.0130754669214,-0.0744823804079,0.00156875192307,-0.114019157177,-0.0076461115028,0.0416021598247,-0.00930498857103,0.574135028048,0.818745980867,0.00217607076198,0.0,0.818703063435,-0.57407276298,-0.0121038683231,0.0,-0.00866093733759,0.00873097867666,-0.999924376228,0.0,0.657024995039,0.254840123337,0.303389321435,1.0,-0.01374,-0.0180582857143,0.688
0.461450082072,0.520907577535,-0.124074836553,-1.39815533505,0.0772164403063,1.90971060379,0.153764003185,-0.0114681883339,-0.0751731814571,0.000350802369335,-0.122499052577,-0.00777774340815,0.0437586232689,-0.0160642719041,0.574121814585,0.818755198475,0.0021940578841,0.0,0.818712570042,-0.574059528825,-0.0120885036994,0.0,-0.00863817172209,0.00873674465804,-0.999924522793,0.0,0.656735109457,0.254470146772,0.303382795518,1.0,-0.01416,-0.0186102857143,0.709
0.461322216673,0.51992483741,-0.124080818266,-1.3997157473,0.0771217268478,1.91027826009,0.15355580917,-0.0121157714803,-0.0751798068123,-0.00124822430465,-0.12371530738,-0.00128433674315,0.0495414764594,-0.0167805535766,0.574117896384,0.818757973186,0.00218387211575,0.0,0.81871519568,-0.574055638441,-0.0120954221509,0.0,-0.00864972575746,0.00873233573227,-0.999924461425,0.0,0.656544889363,0.254233600496,0.30337963044,1.0,-0.01442,-0.018952,0.722
0.461115322627,0.518264883652,-0.124081475747,-1.402290819,0.0769516199101,1.91119446598,0.153212022835,-0.00755225916987,-0.0719170082241,-0.0013596656074,-0.12741380874,-0.00841403465601,0.0423452714485,-0.0139093678848,0.574096901911,0.818772708164,0.00217864233031,0.0,0.818729892014,-0.574034698994,-0.0120944274339,0.0,-0.00865213738994,0.00872726094686,-0.999924484866,0.0,0.656224567293,0.25384829479,0.303398579258,1.0,-0.01484,-0.019504,0.743
0.460985000783,0.517299593861,-0.124084430407,-1.40379843186,0.0768601231503,1.9117380323,0.152995704629,-0.0114204738954,-0.0801808705803,-0.00134719243808,-0.128899023942,-0.00910835971419,0.0477195118747,-0.0218433813975,0.574083733579,0.81878193843,0.00217968851353,0.0,0.818739100779,-0.574021492408,-0.0120978514386,0.0,-0.00865448082377,0.00872994401417,-0.999924441165,0.0,0.656040232368,0.253616907651,0.303405512155,1.0,-0.01508,-0.0198194285714,0.755
0.460762547468,0.515626068237,-0.124093543301,-1.40645959822,0.0766890352594,1.9127463971,0.152628075421,-0.00717549462904,-0.0791497071802,-0.00607788900403,-0.127176463877,-0.010771980373,0.0495344989103,-0.00724749818957,0.574066010531,0.81879434244,0.00218797673065,0.0,0.818751723816,-0.574003848085,-0.0120807298513,0.0,-0.0086358924596,0.00872671412624,-0.999924630071,0.0,0.655722343119,0.25321257905,0.303400339373,1.0,-0.0155,-0.0203714285714,0.776
0.460618945782,0.514545139344,-0.124093366379,-1.40815934772,0.0765778898609,1.91337143281,0.152389019093,-0.0135185080871,-0.0873832619217,-0.00101127428849,-0.129585987848,-0.00654806809804,0.048377645871,-0.0247135822569,0.574047236176,0.818807502435,0.00218894867549,0.0,0.818764926648,-0.573985102476,-0.012076585953,0.0,-0.0086321414478,0.0087249331725,-0.999924678001,0.0,0.655514293203,0.252955467357,0.303403259178,1.0,-0.01576,-0.0207131428571,0.789
0.460384640777,0.512811171768,-0.124096119341,-1.4109615293,0.0764170617775,1.91433641372,0.151995305366,-0.00810782317208,-0.083218317759,-0.00233383444541,-0.137879436238,-0.00515996625776,0.0463737825569,-0.0161564322614,0.574022229039,0.818825247802,0.00210737588798,0.0,0.818781344739,-0.573960188452,-0.0121473651959,0.0,-0.00873718767281,0.00869850518331,-0.999923995891,0.0,0.655154709771,0.252530084245,0.303368366881,1.0,-0.01618,-0.0212651428571,0.81
0.46023443741,0.511730662451,-0.124097208755,-1.41272515693,0.0763097251342,1.91497848584,0.151754200816,-0.00653360870378,-0.0848721796305,-0.00156487759667,-0.137658113903,-0.00554530956655,0.0427551581806,-0.0188678103123,0.574012009219,0.818832504187,0.00207129431432,0.0,0.818788068271,-0.573950068358,-0.0121723124298,0.0,-0.00877843456743,0.0086831717631,-0.999923767902,0.0,0.654935236842,0.252262191931,0.303341492971,1.0,-0.01644,-0.0216068571429,0.823
0.460006641031,0.510012515126,-0.12410223257,-1.41546677299,0.076138985436,1.91602683365,0.151373192479,-0.0113020825188,-0.0786932054776,-0.00115870004917,-0.137589479243,-0.00742982375855,0.0491795427355,-0.021963259212,0.573987494728,0.818849649574,0.00208666965729,0.0,0.818805464337,-0.573925538233,-0.0121587432651,0.0,-0.00875875828893,0.00868771036876,-0.999923901025,0.0,0.654603588967,0.251850844222,0.303330519268,1.0,-0.01684,-0.0221325714286,0.843
0.459829233399,0.508753623689,-0.124100381601,-1.41741590705,0.076012469601,1.91672541898,0.151099170658,-0.0166328138092,-0.0889861024676,0.000708874039131,-0.14313925898,-0.00447817769833,0.0484073650856,-0.0144285404582,0.573974090238,0.81885903373,0.00209129493601,0.0,0.818814899185,-0.57391210539,-0.0121574282039,0.0,-0.00875516899609,0.00869059956613,-0.999923907352,0.0,0.654361596882,0.251548081279,0.303344170292,1.0,-0.01712,-0.0225005714286,0.857
0.459596329501,0.507056246214,-0.12410641436,-1.42010378308,0.0758430402036,1.91768562076,0.150722755649,-0.0114252762615,-0.0865829160574,-0.00176507773115,-0.138447953835,-0.00872746860466,0.0528428841118,-0.0230758382017,0.573954335243,0.818872954651,0.00206206164515,0.0,0.81882839878,-0.57389244357,-0.0121763486194,0.0,-0.00878765016403,0.00867730977774,-0.999923737842,0.0,0.654023859388,0.251133416737,0.303335450489,1.0,-0.0175,-0.023,0.876
0.459413859729,0.505756208962,-0.124114958087,-1.4221242898,0.0757192011061,1.9184476726,0.150454336698,-0.0139216551784,-0.0966019947953,-0.00199702447578,-0.145757535102,-0.00843248040653,0.0550506978146,-0.0158664538569,0.573961204554,0.818868057381,0.00209455696,0.0,0.818823960121,-0.573899201681,-0.0121562964568,0.0,-0.00875250681021,0.0086924833392,-0.999923914284,0.0,0.65378042261,0.250818150877,0.303348896489,1.0,-0.01778,-0.023368,0.89
0.459140181089,0.503813395331,-0.124116148811,-1.42503995199,0.0755356283181,1.91956855482,0.150051776106,-0.016346904381,-0.0956137607457,0.00392227921152,-0.147803020642,-0.0104142591404,0.0559778115587,-0.0189643235281,0.573957279502,0.818870485353,0.00221730139358,0.0,0.818828087109,-0.573894841673,-0.0120839299883,0.0,-0.00862284179872,0.00875141673233,-0.999924526804,0.0,0.653434242818,0.250364567084,0.303415651755,1.0,-0.01818,-0.0238937142857,0.91
0.458965837555,0.502540030772,-0.124124916749,-1.42693589164,0.0754184341302,1.9202743018,0.149776994768,-0.0149104617426,-0.0967778613738,-0.00113872159096,-0.143155611366,-0.00306497459477,0.0458453610414,-0.0222600639542,0.57394693716,0.818877543044,0.00228685900155,0.0,0.818836095831,-0.57388425173,-0.0120441139739,0.0,-0.00855042671438,0.00878541416911,-0.999924850527,0.0,0.65320475354,0.25006632424,0.303463824787,1.0,-0.01844,-0.0242354285714,0.923
0.458678069628,0.500410348124,-0.124123664804,-1.43012579829,0.0752054217658,1.92139831336,0.149337982775,-0.0132204903781,-0.10172158139,0.00618004673772,-0.152940439373,-0.00520754176651,0.0538180083868,-0.0212177196448,0.573927052011,0.818891340144,0.00233643077113,0.0,0.818850567832,-0.573864192986,-0.0120159257146,0.0,-0.00849910718669,0.00880962209872,-0.999925075061,0.0,0.65280003187,0.249570789236,0.303529118052,1.0,-0.01886,-0.0247874285714,0.944
0.458489615553,0.499127150158,-0.12412356518,-1.43211240395,0.0750888209413,1.92213412066,0.149062349532,-0.014451592111,-0.105288406546,0.000172015170131,-0.152540703302,-0.00703966576535,0.0562966231554,-0.0171523398658,0.573925441383,0.818892380914,0.00236709003505,0.0,0.818851930905,-0.573862376238,-0.0120097998459,0.0,-0.00847651287695,0.00883119595119,-0.999925076547,0.0,0.652554714246,0.249260193704,0.303542420383,1.0,-0.01912,-0.0251291428571,0.957
0.458191686774,0.497150157564,-0.124123751279,-1.43523230473,0.0748884878324,1.92329109349,0.148595849084,-0.0155590411477,-0.0978811568287,-0.000447678388782,-0.151520493705,-0.0128015501668,0.0581101136145,-0.0208107188661,0.573891803855,0.818915935728,0.00237372725003,0.0,0.818875585135,-0.573828729359,-0.0120046796563,0.0,-0.00846887363417,0.00883334462271,-0.999925122298,0.0,0.652168811217,0.248767937168,0.303536083251,1.0,-0.01952,-0.0256548571429,0.977
0.457974687642,0.49577674106,-0.124123145899,-1.43746269569,0.0747587047805,1.92405102378,0.148277363765,-0.0126766515728,-0.100012295236,0.000231424537306,-0.16017607389,-0.0105429280005,0.0557038362253,-0.0251978665869,0.57388585051,0.818920326643,0.00229697558321,0.0,0.81887873509,-0.573822846581,-0.012070826819,0.0,-0.00856715331806,0.00880839076434,-0.999924505218,0.0,0.651877495742,0.248411134559,0.303497446335,1.0,-0.0198,-0.0260228571429,0.991
0.457624705431,0.493703491587,-0.124155596711,-1.44082144883,0.0745526905753,1.92523885463,0.147793225383,-0.0228688446177,-0.124285215305,-0.00669548045624,-0.188917323867,-0.0146920028908,0.0732162948652,-0.0290894113837,0.573912770817,0.818901706839,0.0022074717323,0.0,0.818858901743,-0.573850098588,-0.0121206554249,0.0,-0.0086590342575,0.00876397555105,-0.999924104049,0.0,0.651459785662,0.247840594541,0.303446735718,1.0,-0.0291228571429,-0.038275755102,1.011
0.457372068157,0.491478982272,-0.124222852544,-1.44406298211,0.074381238793,1.92647041855,0.147313238507,-0.0197756236681,-0.1827024075,0.000522740605029,-0.272274136932,-0.0111911209505,0.110446075286,-0.0428314050719,0.573891860278,0.818915840393,0.00239289799818,0.0,0.818875558592,-0.573828518183,-0.0120165786322,0.0,-0.0084676165046,0.0088558728533,-0.999924933676,0.0,0.651063287558,0.247337373775,0.30356047918,1.0,-0.0410085714286,-0.0538969795918,1.024
0.456751221123,0.486805050424,-0.12426744709,-1.45147582306,0.0739974134852,1.92932753693,0.146191215251,-0.0371122303302,-0.266607898696,-0.0015888601923,-0.419118696412,-0.0243679980501,0.15695792331,-0.0572314455002,0.573781613602,0.818992715299,0.00251775298827,0.0,0.818953628613,-0.573717321832,-0.0120056533383,0.0,-0.00838822562434,0.00895071841956,-0.999924758325,0.0,0.650132800817,0.246221678995,0.303530464726,1.0,-0.0592942857143,-0.0779296326531,1.044
0.456108683357,0.48241793004,-0.124391544651,-1.45842189919,0.0735914305828,1.93185584938,0.145115435897,-0.0508777913771,-0.332579362203,-0.0174327285865,-0.527247491099,-0.0349082034428,0.181907949565,-0.0866184731013,0.573749326762,0.819015542279,0.00244917279585,0.0,0.818975648633,-0.57368541008,-0.0120284707669,0.0,-0.00844661243166,0.00890731137692,-0.999924654433,0.0,0.649186624762,0.244973872025,0.303479044236,1.0,-0.0730085714286,-0.095954122449,1.059
0.454884848248,0.47456263164,-0.124588427296,-1.47088311844,0.0728359681056,1.93615400981,0.143294324829,-0.0676864599327,-0.427883248768,-0.0140885166558,-0.664188262109,-0.0352102677958,0.237128246015,-0.0993838092891,0.573804269126,0.818977765154,0.00219722939663,0.0,0.818934399978,-0.57374122488,-0.0121738369771,0.0,-0.00870962840283,0.00878495550427,-0.999923480537,0.0,0.647633559478,0.242961449775,0.303381154159,1.0,-0.09038,-0.118785142857,1.078
0.45393076486,0.468492120407,-0.124705569867,-1.48022183541,0.0722883946483,1.93952855455,0.141880669682,-0.0752438911237,-0.491000822127,-0.0106614615314,-0.734137087178,-0.0455656492141,0.28228777426,-0.122500602408,0.573812591311,0.818971681046,0.00228967234835,0.0,0.818929393005,-0.573749011077,-0.012143659333,0.0,-0.00863178204097,0.00884343487979,-0.999923640084,0.0,0.646434753208,0.241391073175,0.303426874721,1.0,-0.102265714286,-0.134406367347,1.091
0.452075750411,0.457237962198,-0.124858929461,-1.49766078128,0.0711965210158,1.945816542,0.139140123002,-0.0967404691421,-0.569595723334,-0.0106523503128,-0.906032669349,-0.0603450256038,0.302758321301,-0.13549397191,0.573721139741,0.819035546117,0.00236112543934,0.0,0.818994109223,-0.57365718134,-0.0121175185464,0.0,-0.00857036686204,0.00888599546018,-0.999923791044,0.0,0.644156724121,0.238442666472,0.303429783808,1.0,-0.121465714286,-0.159640653061,1.112
0.450690083015,0.44927550504,-0.125017287635,-1.50977380164,0.0703899267183,1.95011137866,0.13721236465,-0.111545597075,-0.634887624706,-0.00879404476734,-0.965661865793,-0.0682188753689,0.354192072524,-0.151964394331,0.573727325634,0.819030965694,0.00244539501154,0.0,0.818991078559,-0.573663486069,-0.0120235141317,0.0,-0.00844495915484,0.00890114668019,-0.999924723293,0.0,0.642568775991,0.236296257565,0.303508344112,1.0,-0.133351428571,-0.175261877551,1.125
0.448120200888,0.435031317796,-0.125194143532,-1.53157559034,0.0689336431439,1.95762044924,0.133786784295,-0.139539444463,-0.716610775857,-0.00862015952727,-1.06751597229,-0.0712256958902,0.370485756252,-0.17816081701,0.573727447074,0.819031096616,0.00237195115627,0.0,0.818990053227,-0.573663704004,-0.0120828111508,0.0,-0.00853566011892,0.0088750156703,-0.999924185428,0.0,0.639592065936,0.232444258468,0.303530056654,1.0,-0.152551428571,-0.200496163265,1.146
0.446303490707,0.425239099436,-0.125323144268,-1.54626049001,0.0679335744949,1.96276755216,0.13135481747,-0.151214343449,-0.759398213793,-0.00913151078023,-1.15495274703,-0.0840300901891,0.395172024653,-0.187440305697,0.573677375216,0.819065603631,0.00255988602392,0.0,0.819027235842,-0.573613110838,-0.0119638173063,0.0,-0.0083309274543,0.00896016019492,-0.999925152787,0.0,0.6375851874,0.229803767445,0.303658607405,1.0,-0.164437142857,-0.216117387755,1.159
0.443149214722,0.409078541475,-0.125533304032,-1.57040327272,0.0662144267378,1.97126248448,0.127324179518,-0.161103381518,-0.82124550878,-0.00478016984191,-1.24524088955,-0.0835624783068,0.434309618707,-0.205711188924,0.573645122217,0.819087003415,0.00291573228808,0.0,0.819054146073,-0.573580532517,-0.0116801291993,0.0,-0.00789478674595,0.00908856674449,-0.999927532523,0.0,0.634250846753,0.225367069721,0.303862964253,1.0,-0.182722857143,-0.240150040816,1.179
0.44079644653,0.397800077919,-0.125683017526,-1.5871927677,0.0651019590032,1.97698198421,0.124462312535,-0.190683628602,-0.922425070018,-0.0157919782273,-1.30324575453,-0.0894002455041,0.462086234049,-0.225819088815,0.573707249927,0.819042804822,0.0031019594669,0.0,0.819011897581,-0.573641480582,-0.0116494754335,0.0,-0.00776215585798,0.00922410781588,-0.999927329745,0.0,0.631865351388,0.222195320199,0.303977683848,1.0,-0.194608571429,-0.255771265306,1.192
0.436812660122,0.379414585592,-0.125900047654,-1.6145872918,0.0630631955478,1.98623132803,0.119617325409,-0.21474975431,-0.956206138434,-0.0134627084536,-1.39998917584,-0.117461314048,0.489224115454,-0.253567707149,0.573642706092,0.81908755533,0.0032201478525,0.0,0.819058672099,-0.573577159275,-0.0115273985602,0.0,-0.00759509167739,0.00925027622481,-0.999928370921,0.0,0.627881662489,0.216936051993,0.304077373231,1.0,-0.212894285714,-0.279803918367,1.212
0.433937842019,0.366816404332,-0.126034155562,-1.63342761949,0.0616626246984,1.9924190299,0.116261962099,-0.230030985186,-0.972389686243,-0.00368833866442,-1.44748654903,-0.113133454426,0.469878817774,-0.260387298798,0.573643526752,0.819087298571,0.00313822188418,0.0,0.819057130709,-0.573577968662,-0.0115964391826,0.0,-0.00769862933207,0.00922278284962,-0.999927833087,0.0,0.625051663286,0.213256461698,0.304050936122,1.0,-0.22478,-0.295425142857,1.225
0.428699380498,0.345310037465,-0.126325271588,-1.66513593026,0.0592577335134,2.00276658235,0.110338091263,-0.267557551376,-1.05829402829,-0.0135235208002,-1.51352049929,-0.110556819503,0.503770150602,-0.282895391731,0.573714780726,0.819037175511,0.0031941209988,0.0,0.819007670988,-0.573648960879,-0.0115780588398,0.0,-0.0076507037179,0.00925869134708,-0.999927869082,0.0,0.620234438746,0.206817542528,0.304109176623,1.0,-0.24398,-0.320659428571,1.246
0.425165229329,0.331319187813,-0.126507471797,-1.68573825584,0.057626979467,2.00942689215,0.106406356379,-0.280214367854,-1.07532721007,-0.0113121306894,-1.56862342585,-0.131819837596,0.5140787761,-0.309767259616,0.573721048721,0.819032865164,0.00317347380428,0.0,0.819003016352,-0.573655201323,-0.0115981077357,0.0,-0.00767889949775,0.0092533413068,-0.999927702475,0.0,0.616766488983,0.202260081525,0.304092452702,1.0,-0.25678,-0.337482285714,1.26
0.419006389663,0.307682054479,-0.126715643534,-1.71997944791,0.0548675086981,2.02032112542,0.0995654650236,-0.304476898361,-1.15660635178,-0.0107889655458,-1.61437597692,-0.130803112511,0.544703254415,-0.33722059889,0.573560366611,0.819144715403,0.00334484398206,0.0,0.819117176696,-0.573494117896,-0.0115019338276,0.0,-0.00750364443123,0.00933705230918,-0.999928254814,0.0,0.611515834088,0.195475993843,0.304171093395,1.0,-0.275065714286,-0.361514938775,1.28
0.414775566498,0.29240414536,-0.126882636935,-1.74202032865,0.0529476986472,2.02695630114,0.0950134163566,-0.335003259285,-1.17581357797,-0.012802960796,-1.67250974296,-0.139703728919,0.502824757508,-0.350051355553,0.573468388652,0.819209890163,0.00314801171971,0.0,0.819179938572,-0.573402929601,-0.0115782324646,0.0,-0.00768007126826,0.00921871585092,-0.999928013301,0.0,0.607845190596,0.190730269244,0.304153941053,1.0,-0.286951428571,-0.377136163265,1.293
0.407676813008,0.267933497663,-0.127167393617,-1.77681144615,0.0500487850735,2.03761019297,0.0875215015078,-0.368386261278,-1.25196478762,-0.0215871623997,-1.77836513014,-0.146787402444,0.55746022489,-0.387593891718,0.573396626263,0.819259195068,0.00338041238641,0.0,0.819231812843,-0.573329912814,-0.0115236626138,0.0,-0.00750291947285,0.00937715117162,-0.999927885017,0.0,0.601986172685,0.183095349721,0.304239022183,1.0,-0.305237142857,-0.401168816326,1.313
0.402573654356,0.251554339021,-0.127453272633,-1.7998122467,0.0479748045944,2.04445775164,0.0824271717882,-0.406688130697,-1.28453371012,-0.0205193349868,-1.79880133089,-0.158282001695,0.558811786659,-0.395844973885,0.573525006143,0.819168982184,0.00346307038321,0.0,0.819143291172,-0.573458817747,-0.0114017444589,0.0,-0.00735416874633,0.0093761169514,-0.999928999796,0.0,0.597725931375,0.17735953725,0.304311638922,1.0,-0.318037142857,-0.417991673469,1.327
0.393732048268,0.224151663647,-0.127791272015,-1.83801730436,0.0445412069513,2.05549888572,0.0734796021007,-0.428689883696,-1.33132616477,-0.00561477347162,-1.84455099455,-0.165548648783,0.5119387198,-0.440685782942,0.573440545706,0.819227522399,0.00359916454411,0.0,0.819203147445,-0.573373415548,-0.0113963354027,0.0,-0.00727266637,0.00948375030668,-0.999928580852,0.0,0.59125072224,0.168929348307,0.304370415794,1.0,-0.336322857143,-0.442024326531,1.347
0.387772820695,0.206692493685,-0.128020161308,-1.86207974366,0.0422356788842,2.06223720718,0.0675806857068,-0.46757089953,-1.34397266726,-0.0136227444616,-1.86658487126,-0.176400938799,0.511877142116,-0.453575628207,0.573377753339,0.81927135306,0.00362614573965,0.0,0.81924753267,-0.573310826975,-0.0113544171331,0.0,-0.00722357915136,0.00948126368024,-0.999928960248,0.0,0.586856270183,0.163176744859,0.304400695877,1.0,-0.348208571429,-0.45764555102,1.36
0.377200957236,0.177581228457,-0.128577102083,-1.90171395184,0.0383706070417,2.07283975476,0.0573284259346,-0.533177636339,-1.40504766482,-0.0447815296276,-1.88366431318,-0.184002699442,0.508284494126,-0.502432746937,0.573453931746,0.819218224471,0.00358270298882,0.0,0.819193686265,-0.573386910144,-0.0113974804183,0.0,-0.00728288889315,0.00947103997292,-0.999928626919,0.0,0.579421254258,0.153295724561,0.304433886779,1.0,-0.367408571429,-0.482879836735,1.381
0.37065841983,0.160445207171,-0.128909771822,-1.92476980394,0.0360577580784,2.07877178465,0.0511128619074,-0.553143600178,-1.44786243981,-0.0279012492222,-1.88084579566,-0.189288682818,0.486026497864,-0.528178075479,0.573519573247,0.81917224337,0.00358910788779,0.0,0.81914757554,-0.573452248444,-0.0114243224362,0.0,-0.00730044640708,0.00949226430837,-0.99992829763,0.0,0.574605578345,0.146925134119,0.304470581511,1.0,-0.379294285714,-0.498501061224,1.394
