position_joint1,position_joint2,position_joint3,position_joint4,position_joint5,position_joint6,position_joint7,velocity_joint1,velocity_joint2,velocity_joint3,velocity_joint4,velocity_joint5,velocity_joint6,velocity_joint7,ee_T_00,ee_T_10,ee_T_20,ee_T_30,ee_T_01,ee_T_11,ee_T_21,ee_T_31,ee_T_02,ee_T_12,ee_T_22,ee_T_32,ee_T_03,ee_T_13,ee_T_23,ee_T_33,v_x,v_y,time
0.465057387341,0.547787245209,-0.123981643834,-1.35584843395,0.0796125053912,1.89410077611,0.159161331336,-0.000731020372001,0.00334875747179,0.00127419542064,0.000662830872633,4.37657065302e-05,0.000184246310163,-0.00131432548497,0.573846714351,0.818948554408,0.00199011621427,0.0,0.818904845218,-0.573786906854,-0.0120077850993,0.0,-0.00869202297023,0.00852050788246,-0.999925922097,0.0,0.661669779783,0.260900006261,0.30320274327,1.0,0.0,0.0,0.0
0.465052175393,0.547779586467,-0.123979510521,-1.35585368364,0.0796108280945,1.89409995953,0.15916681089,-0.0014057862408,0.00114478072402,-0.000246948447905,-0.000150215162315,-0.000162423347968,-2.28277775895e-05,0.00171104556764,0.573853802221,0.818943584667,0.00199140940167,0.0,0.818899891333,-0.573793987341,-0.0120072881148,0.0,-0.00869080015469,0.0085213569442,-0.999925925491,0.0,0.661669580331,0.260896942843,0.303205525563,1.0,-0.00014,-0.000184,0.008
0.465051383821,0.547777113392,-0.123978971301,-1.35585206426,0.0796111683592,1.894100316,0.159161330363,-0.000501182516947,0.000597003940833,0.00130379654514,0.00110114027609,-0.000323876873492,0.000106177170991,-0.00159579809316,0.573849585581,0.818946529164,0.00199559509106,0.0,0.818902886818,-0.57378974988,-0.0120054901776,0.0,-0.00868696975482,0.00852370825192,-0.999925938735,0.0,0.66167015242,0.26089703619,0.303208061975,1.0,-0.00056,-0.000736,0.029
0.465050987744,0.54776590728,-0.123978971329,-1.35587145452,0.0796085944687,1.89410350107,0.159162440987,-0.000178974703718,-0.00356584038026,0.000781462237349,-0.00586748353434,-0.000107344794378,0.00140092427947,0.000924174133687,0.57385119862,0.818945410936,0.00199064076765,0.0,0.818901711089,-0.573791390781,-0.012007262076,0.0,-0.00869124697388,0.00852068491484,-0.999925927334,0.0,0.661666885761,0.260894417711,0.303207043646,1.0,-0.0008,-0.00105142857143,0.041
0.465049929935,0.547671947051,-0.123976711237,-1.35597002206,0.0796071210435,1.8941222191,0.159162753034,9.97542057231e-06,-0.00721132449,0.00104789951934,-0.0145774589694,-0.000307612890527,0.00080266044409,0.000594408109458,0.573855696906,0.818942218714,0.00200709670513,0.0,0.818898660219,-0.573795746565,-0.0120071818561,0.0,-0.00868169174686,0.00853416282375,-0.999925895401,0.0,0.661650348416,0.26088559559,0.303228240161,1.0,-0.00122,-0.00160342857143,0.062
0.465049297099,0.547560179132,-0.123979394862,-1.35611365688,0.0796090370963,1.89414654286,0.159156108547,0.00111097720361,-0.00959982434682,1.80891123609e-05,-0.0112775385333,0.000355407143195,0.00301835060885,0.00187788230606,0.573860970375,0.818938522688,0.00200739616531,0.0,0.81889484618,-0.573800898269,-0.0120211042134,0.0,-0.00869286696738,0.00854245337159,-0.999925727519,0.0,0.661625895708,0.260870003097,0.303241256321,1.0,-0.0015,-0.00197142857143,0.076
0.465028578212,0.547386151818,-0.123979693647,-1.35636621508,0.0796030402392,1.89422804169,0.159147339611,-0.00169392538532,-0.0120142336577,0.00076797393128,-0.00738324437404,-0.000212158308192,0.00318493641756,0.0010340738064,0.573883425497,0.818922767455,0.00201538684775,0.0,0.8188790975,-0.573823220387,-0.0120283965092,0.0,-0.0086940193729,0.00855342023481,-0.999925623749,0.0,0.661594647248,0.260832991224,0.303251400521,1.0,-0.0019,-0.00249714285714,0.096
0.465014053031,0.547255575535,-0.123977530971,-1.35651592554,0.079604127564,1.89432500906,0.159144462317,-0.000136290696756,-0.0126835051603,0.00684096110664,-0.00921717250609,9.12995610204e-05,0.00837647802926,-9.95544495017e-05,0.573900358882,0.818910721809,0.00208678756179,0.0,0.818867947237,-0.57383981369,-0.0119958372945,0.0,-0.00862620407301,0.0085933842247,-0.999925868428,0.0,0.661586345456,0.26081535216,0.303280987483,1.0,-0.00214,-0.00281257142857,0.108
0.464983123414,0.546998558332,-0.12397966195,-1.35681960261,0.0795975586865,1.89447741577,0.159122472832,-0.000512758781553,-0.0155072638449,0.000291879371223,-0.0107616077817,-0.000213247007497,0.0042094036926,-0.00216229881319,0.573924601567,0.818893482072,0.00218257573561,0.0,0.818851930754,-0.573863630921,-0.0119497074344,0.0,-0.0085332009849,0.00864560388795,-0.999926216285,0.0,0.661562816054,0.260770286603,0.30333178701,1.0,-0.00256,-0.00336457142857,0.129
0.464963011122,0.546835742271,-0.123977857852,-1.35708263992,0.0795937159561,1.89457949957,0.159107606062,-0.00285847652484,-0.0150032120832,0.000732830373899,-0.0184575254821,-0.00084554123199,0.00856324818405,-0.00528231650834,0.573941395052,0.818881690799,0.0021905298708,0.0,0.818840132162,-0.57388027722,-0.0119587742205,0.0,-0.00853588370625,0.00865749601176,-0.999926090495,0.0,0.661532179459,0.260735248551,0.30333070441,1.0,-0.00282,-0.00370628571429,0.142
0.464919194494,0.54650394069,-0.123979898749,-1.3575659623,0.0795868729917,1.89476075754,0.158966752467,-0.000832478041701,-0.0174120182204,-7.44704746167e-05,-0.0205775573546,-0.000331732757434,0.0124671015317,-0.0152183108651,0.573888586357,0.818918597493,0.00222890778043,0.0,0.818877347807,-0.573827123656,-0.0119611164397,0.0,-0.00851633692457,0.00868971760056,-0.999925977667,0.0,0.661478465518,0.260663268293,0.303351436747,1.0,-0.00324,-0.00425828571429,0.163
0.464892357892,0.546288092879,-0.123977165431,-1.3579228243,0.0795763850607,1.89488272204,0.158931831791,-0.00449449894141,-0.0125346515826,0.000811047632817,-0.0251608009487,0.000237185781845,0.00439928315304,0.000113096766498,0.573897205623,0.818912583492,0.00221920654684,0.0,0.818871075877,-0.573835647602,-0.0119815497646,0.0,-0.00853854643945,0.00869358936006,-0.999925754608,0.0,0.661433532306,0.260614149879,0.303344914708,1.0,-0.0035,-0.0046,0.176
0.464835529475,0.545901151494,-0.123975437365,-1.35857172356,0.0795555577534,1.89511481247,0.158890947021,-0.0092150108132,-0.0202626588763,0.00166860053942,-0.0354223159233,-0.000116202849699,0.0170775624742,-0.00586111907211,0.573939834598,0.818882751025,0.00220300608,0.0,0.818840840806,-0.573878143735,-0.0120125131847,0.0,-0.00857274785557,0.00869853865502,-0.999925418929,0.0,0.661356619031,0.260517993147,0.303330104176,1.0,-0.00392,-0.005152,0.197
0.464790839587,0.545631790501,-0.123982059331,-1.35902444837,0.0795318141892,1.89526166168,0.158814071634,-0.00626306427103,-0.0220234266351,-0.000809910420077,-0.0348352861204,-0.00247989617112,0.0109563177871,-0.01402031561,0.573937020306,0.818884804912,0.00217253466495,0.0,0.81884245806,-0.573875417724,-0.0120324856738,0.0,-0.0086066211494,0.00868501981334,-0.999925245457,0.0,0.661303515012,0.26044051653,0.303318258039,1.0,-0.00418,-0.00549371428571,0.21
0.464718048138,0.545179193745,-0.123982855363,-1.35982513551,0.0794392793105,1.89552233825,0.158730826269,-0.0108509500848,-0.0205612840412,-0.00171509841124,-0.0437837654804,-0.00546754329695,0.0120074942855,-0.00396746663781,0.573949027368,0.818876648219,0.0020726519679,0.0,0.818833331784,-0.573888180378,-0.0120448363778,0.0,-0.00867393177506,0.00861044441809,-0.999925308788,0.0,0.661207760564,0.260305513781,0.303280056962,1.0,-0.00458,-0.00601942857143,0.23
0.464663719214,0.544838708051,-0.123983173234,-1.36036314871,0.0794261417333,1.89571226591,0.158670232274,-0.00478138101129,-0.0227879962733,-0.000529958900828,-0.0465858701458,-0.00352169701737,0.0190146704112,-0.00749470046981,0.573970617759,0.818861504909,0.00207668681572,0.0,0.818818049901,-0.573909560913,-0.0120649886475,0.0,-0.00868789161086,0.00862554370439,-0.999925057459,0.0,0.661145883708,0.260220777554,0.303281468827,1.0,-0.00484,-0.00636114285714,0.243
0.464583080931,0.544319240989,-0.123985233361,-1.36123716753,0.0793945455221,1.89602380229,0.158539273904,-0.00198353727552,-0.0261401912901,-0.00117813468466,-0.0446004816561,-0.00122492648517,0.0188168841728,-0.00496033035174,0.573971813411,0.818860720535,0.00205540154934,0.0,0.818816754068,-0.57391061706,-0.0121026354634,0.0,-0.00873092412179,0.00862973499806,-0.99992464648,0.0,0.661039200776,0.260077059015,0.303263415798,1.0,-0.00526,-0.00691314285714,0.264
0.464520772552,0.543919102221,-0.123986317027,-1.36185513706,0.0793703401314,1.89624431001,0.158478295902,-0.00340910260727,-0.035688560812,0.000806786213794,-0.052006182046,-0.00265860611388,0.012780576203,8.20796020629e-05,0.574006190518,0.818836622591,0.00205563915089,0.0,0.818792546231,-0.573944877067,-0.0121157428972,0.0,-0.0087411587288,0.00863781974502,-0.999924487256,0.0,0.660967650446,0.259979051535,0.303266041175,1.0,-0.00552,-0.00725485714286,0.277
0.464424163349,0.543265394152,-0.12399137425,-1.36291059182,0.0793151036852,1.89661649203,0.158334864406,-0.0054393784269,-0.0348769391049,0.000910414941005,-0.0531508054396,-0.00291297468462,0.0194347140422,0.00048108689596,0.574010240525,0.818833828492,0.00203764369039,0.0,0.818789424833,-0.573948914532,-0.0121354105541,0.0,-0.00876755010254,0.00863441727559,-0.999924285585,0.0,0.660851822016,0.259819325603,0.303260883599,1.0,-0.00592,-0.00778057142857,0.297
0.464366176503,0.542852474828,-0.123992435493,-1.36357884484,0.079279070023,1.89685212877,0.158252084488,-0.00199573386065,-0.0310644391542,0.000227479643038,-0.0544988900084,-0.00188897269759,0.018006231793,-0.0053197597027,0.574018227227,0.818828266667,0.00202272555577,0.0,0.818783607258,-0.573956906293,-0.0121499426416,0.0,-0.00878792836594,0.00863062922946,-0.9999241394,0.0,0.660773059972,0.259716644939,0.30325535248,1.0,-0.00618,-0.00812228571429,0.31
0.464260746649,0.542112427694,-0.123995671189,-1.36472225291,0.0792119634539,1.89727128339,0.158106711761,-0.0058370008196,-0.0356406008765,-0.00208510361854,-0.0538120303758,-0.00568019376517,0.0204689852414,-0.00559534963894,0.574033442687,0.818817566328,0.00203633251719,0.0,0.818773071552,-0.573972046658,-0.012144704908,0.0,-0.0087756687328,0.00863892732468,-0.999924175412,0.0,0.660644434529,0.25953668561,0.303270924906,1.0,-0.0066,-0.00867428571429,0.331
0.464197232987,0.541630216279,-0.123998598071,-1.36546168756,0.0791683800848,1.89754340488,0.158006509343,-0.00446513740774,-0.0384480722403,0.000143127243902,-0.0556864678232,-0.000180253476879,0.0151348705164,-0.00868679658143,0.574034879561,0.818816527513,0.00204895586969,0.0,0.818772196708,-0.573973426725,-0.0121384601123,0.0,-0.00876329425738,0.00864569404342,-0.999924225453,0.0,0.660560427501,0.259423003269,0.303283613178,1.0,-0.00686,-0.009016,0.344
0.464091492479,0.540842026254,-0.123999519945,-1.3666609872,0.0790991421901,1.89799124701,0.157855044736,-0.00224871669141,-0.0385484157844,5.53339290477e-06,-0.057812324637,-0.01051406468,0.0210414647958,-0.00129593028738,0.574046153736,0.818808541128,0.00208164793478,0.0,0.818764615949,-0.573984534821,-0.0121245353063,0.0,-0.00873300748196,0.00866458935048,-0.999924326873,0.0,0.660425176448,0.259239802156,0.303308821074,1.0,-0.00726,-0.00954171428571,0.364
0.464022114896,0.540252140359,-0.124009446277,-1.36756195213,0.079046472837,1.89831904847,0.157738020885,-0.0085638632165,-0.0428209797058,-0.00408975654395,-0.0647298752071,-0.00216550979663,0.0284737347833,-0.00977644845991,0.574049916317,0.818805870031,0.0020946793932,0.0,0.818762136543,-0.573988261427,-0.0121155440815,0.0,-0.00871812508028,0.00867013816846,-0.999924408643,0.0,0.660321163867,0.259102749073,0.303325638681,1.0,-0.00754,-0.00990971428571,0.378
0.463906129311,0.539379527554,-0.124008171311,-1.36891505125,0.0789713089252,1.89883441497,0.157575063051,-0.00261031412754,-0.0458581447294,-0.000212345883181,-0.0734258344472,-0.00467448413895,0.0269229413188,-0.00818727777568,0.574065480396,0.818794874251,0.00212720915957,0.0,0.818751514104,-0.574003631061,-0.0121052295846,0.0,-0.00869084147951,0.00869101748602,-0.999924464892,0.0,0.660168070402,0.258900549918,0.303342837194,1.0,-0.00794,-0.0104354285714,0.398
0.463830052639,0.538801954297,-0.124005915526,-1.36980931981,0.0789155990935,1.89917395933,0.157454947758,-0.000777382824711,-0.0425290069255,0.0011321543729,-0.0637978441402,-0.00614384378646,0.0268526043066,-0.0073391486191,0.574062432915,0.818796962416,0.00214577632701,0.0,0.81875385546,-0.574000514673,-0.0120946361843,0.0,-0.00867154160716,0.00870010641785,-0.999924553411,0.0,0.660066386918,0.258767091496,0.303354567612,1.0,-0.0082,-0.0107771428571,0.411
0.463705804819,0.537837218435,-0.12401998514,-1.3713183191,0.0788260224801,1.89975344568,0.157272514155,-0.00831520901288,-0.0434602338473,-0.000748730006612,-0.0755055590994,5.98354245134e-05,0.0298278845409,-0.0131019029935,0.574084176216,0.818781649643,0.002171572701,0.0,0.818738955838,-0.574022221584,-0.0120730369835,0.0,-0.00863881647536,0.00870905833319,-0.999924758746,0.0,0.659898309501,0.258535284519,0.303368388698,1.0,-0.00862,-0.0113291428571,0.432
0.463620572035,0.537214901468,-0.124012308172,-1.37228690916,0.0787676395868,1.90011048198,0.157159312974,-0.00449025401283,-0.0496289665189,-0.00189114526514,-0.0796501651062,-0.00463911712414,0.0203197549163,-0.0109748053853,0.574093638279,0.818774986737,0.00218231112381,0.0,0.818732384347,-0.574031587519,-0.0120733695953,0.0,-0.00863282371997,0.00871814131825,-0.999924731351,0.0,0.65978495881,0.258391470693,0.303377476551,1.0,-0.00888,-0.0116708571429,0.445
0.463491771932,0.536222193339,-0.124020517096,-1.37384106938,0.0786889181216,1.90070158038,0.156963770008,-0.00715657739586,-0.0416428124383,-0.000260490809561,-0.0748873562207,-0.00257411023202,0.0236821566863,-0.00602391878793,0.574109383214,0.818763865497,0.00221259225128,0.0,0.81872157308,-0.574047115552,-0.0120682145225,0.0,-0.00861105156179,0.00874014047936,-0.999924727035,0.0,0.659608031181,0.258157636872,0.303390042387,1.0,-0.00928,-0.0121965714286,0.465
0.463404773431,0.535547705666,-0.124024029822,-1.37490177183,0.0786262051838,1.90108062678,0.156835820178,-0.0100644331648,-0.0533050466961,-0.00027296265162,-0.0884647469352,-0.00146864727978,0.0281793223624,-0.0123116738961,0.574119743152,0.818756617881,0.00220637710847,0.0,0.818714217147,-0.574057472924,-0.0120745734141,0.0,-0.00861971557989,0.00873881154345,-0.999924664,0.0,0.659481874889,0.257996732655,0.303394153526,1.0,-0.00954,-0.0125382857143,0.478
0.463254722871,0.534492363154,-0.124024403709,-1.37660933978,0.0785321092661,1.90169473509,0.15661592733,-0.00962390474577,-0.051946058389,-0.000225816311076,-0.0866512320614,-0.00541050893825,0.0341789996999,-0.0153692133253,0.574131276812,0.818748606248,0.00217799318497,0.0,0.818705698231,-0.574068988144,-0.012104686596,0.0,-0.00866054367794,0.00873298273896,-0.999924362137,0.0,0.659279332339,0.257735166986,0.303379251188,1.0,-0.00994,-0.013064,0.498
0.46315449141,0.533731344761,-0.124026888607,-1.37782852842,0.0784626522927,1.90213951867,0.156476204786,-0.00225206564595,-0.0529859978592,0.00016509401602,-0.0830686601488,-0.00618387852974,0.0309602905393,-0.0120129783161,0.574148857878,0.818736305532,0.00216746468329,0.0,0.818693206619,-0.574086558516,-0.0121162563634,0.0,-0.00867587366856,0.00873119146709,-0.999924244886,0.0,0.659134720528,0.257551852269,0.303374372163,1.0,-0.01022,-0.013432,0.512
0.46299629559,0.532629780305,-0.124030479154,-1.37960839596,0.0783626632697,1.90281843514,0.156244745563,-0.00705961483556,-0.0607248702475,0.000291711821006,-0.0901428497116,-0.00687078970502,0.03634241247,-0.010187492549,0.574162141805,0.818726986111,0.00216887798533,0.0,0.818683856385,-0.574099785028,-0.0121213459286,0.0,-0.00867908773396,0.00873541151674,-0.999924180137,0.0,0.658931769404,0.257278557501,0.3033629466,1.0,-0.01062,-0.0139577142857,0.532
0.462886764819,0.531828390118,-0.124030794979,-1.3808972635,0.0782916577684,1.90328924759,0.156085671392,-0.0107744727306,-0.0562340433038,0.00072073518166,-0.0923788796445,-0.00244443164711,0.0379911998899,-0.0131738050252,0.574173115002,0.818719320502,0.00215757873088,0.0,0.818675950961,-0.57411071312,-0.0121376810213,0.0,-0.0086988323739,0.00873565612862,-0.999924006426,0.0,0.65877850627,0.257084184257,0.303355235969,1.0,-0.0109,-0.0143257142857,0.546
0.462723473533,0.530646394779,-0.124030796293,-1.38281033707,0.0781800421248,1.90396241094,0.155837745634,-0.00568052493211,-0.0599742534637,0.00040253532103,-0.0959082517625,-0.00236458983372,0.0324420027348,-0.0166087779191,0.574177913052,0.818716078764,0.00211031706577,0.0,0.818671961493,-0.574115587831,-0.01217613138,0.0,-0.00875739722223,0.00871909098592,-0.999923639808,0.0,0.658545573495,0.25679267976,0.303335984114,1.0,-0.0113,-0.0148514285714,0.566
0.462620085737,0.529854108594,-0.124032960571,-1.38405902155,0.0781005711769,1.90441741774,0.155673905578,-0.00776610561553,-0.0561551898287,0.000206994723047,-0.0962685651395,-0.00413665401981,0.0340982934938,-0.0118424831814,0.574176430169,0.818717129208,0.00210624828999,0.0,0.818672976038,-0.574114140351,-0.0121761675014,0.0,-0.00875977862801,0.00871576475042,-0.999923647947,0.0,0.65839690257,0.256603542347,0.303339292826,1.0,-0.01156,-0.0151931428571,0.579
0.462449622845,0.528511557105,-0.124039884544,-1.38613928826,0.077961699888,1.90521101125,0.155395947137,-0.007160761022,-0.0633355538882,-0.00199085890978,-0.0969121939091,-0.00277284461622,0.0362061484662,-0.00524378493506,0.574168933694,0.81872228898,0.00214383055379,0.0,0.818678794813,-0.57410664739,-0.0121381731401,0.0,-0.00870717316553,0.00872463851921,-0.999924030023,0.0,0.65815698363,0.256289373498,0.303363593557,1.0,-0.01198,-0.0157451428571,0.6
0.46235523143,0.527733694446,-0.124037259823,-1.38735174586,0.0778961537359,1.90567455615,0.15521545025,-0.0069603351058,-0.0702029194179,-0.00101881556079,-0.102272186878,-0.00521196063572,0.0346922595103,-0.0183138553055,0.574144739001,0.818739179708,0.00217282984702,0.0,0.818695987545,-0.574082252545,-0.0121323613355,0.0,-0.00868602374768,0.00874478687407,-0.999924037962,0.0,0.658013247927,0.25611590299,0.303374217101,1.0,-0.01222,-0.0160605714286,0.612
0.462165647865,0.526303368885,-0.124042882421,-1.38955747084,0.0777571327972,1.90651399528,0.154911927909,-0.0116197620784,-0.0721248490019,0.000118858211519,-0.107798374141,-0.0035856537447,0.0390833264138,-0.0149107263942,0.574137291375,0.818744269922,0.00222216628702,0.0,0.818701813231,-0.574074685694,-0.0120972376386,0.0,-0.00862902072106,0.00876493557157,-0.999924355092,0.0,0.657758770884,0.255779319247,0.303403858837,1.0,-0.01264,-0.0166125714286,0.633
0.462049184948,0.525396170431,-0.124043227444,-1.39096698249,0.0776647169346,1.90701831664,0.15473858201,-0.0114359185551,-0.0677556020302,-0.00063412201812,-0.105748814023,-0.00871861096111,0.0339325615281,-0.0204117944511,0.574141892911,0.818741048029,0.00222035541588,0.0,0.818698588352,-0.574079315346,-0.0120957853571,0.0,-0.00862882199463,0.00876266765433,-0.999924376684,0.0,0.657587369542,0.255566414603,0.303414870848,1.0,-0.0129,-0.0169542857143,0.646
0.461855502569,0.523947504681,-0.124049238482,-1.39329773669,0.0775262487646,1.90785032213,0.154419716835,-0.00964553687279,-0.0675391511285,0.000434275056817,-0.111763919502,-0.0111835131439,0.042887300112,-0.00643224269285,0.57413159188,0.818748386244,0.00217764283649,0.0,0.818705275667,-0.574069105116,-0.0121276975257,0.0,-0.00867958241247,0.00874591035089,-0.999924084069,0.0,0.657302168343,0.255212011926,0.303396567896,1.0,-0.01332,-0.0175062857143,0.667
0.461730146426,0.523028581685,-0.124049972012,-1.39476852445,0.0774321954588,1.90841156973,0.154217252568,-0.0108653612755,-0.0690319433512,0.000383452943875,-0.119328881237,-0.00802765227391,0.0417991945594,-0.0202609598815,0.574122672268,0.818754631366,0.00218121668062,0.0,0.818711613493,-0.574060217595,-0.0121205366251,0.0,-0.00867176273241,0.0087446306657,-0.999924163107,0.0,0.657129546408,0.254989546137,0.303391156523,1.0,-0.01358,-0.017848,0.68
0.461538510561,0.521509204485,-0.124053161854,-1.39719402581,0.0772857019128,1.90935777357,0.15388807261,-0.0110229543983,-0.0723212937618,0.000252116423629,-0.116208731005,-0.00464569066346,0.0467819139907,-0.0199131391416,0.574103034315,0.818768320104,0.00221153452914,0.0,0.818725739576,-0.574040493718,-0.0121004887654,0.0,-0.00863815279707,0.00875773617341,-0.999924339324,0.0,0.656844420728,0.254634302473,0.303386474944,1.0,-0.014,-0.0184,0.701
0.461422149371,0.520610032174,-0.124056275932,-1.39861767439,0.0771969489911,1.90988378836,0.153687840465,-0.0046589267431,-0.077077181067,0.000533972384181,-0.124067045985,-0.0015854882714,0.0383414646679,-0.0241616084439,0.574088635713,0.818778418971,0.00221040135433,0.0,0.81873583216,-0.574026110459,-0.0120999401033,0.0,-0.00863850805346,0.00875634148504,-0.99992434847,0.0,0.656672340108,0.254420234891,0.303386141554,1.0,-0.01424,-0.0187154285714,0.713
0.461206864615,0.518985735299,-0.124059553467,-1.40117097966,0.077031647015,1.91079680383,0.153356258499,-0.00929352549401,-0.0770077656563,0.000490996478221,-0.124425447882,-0.0136613971652,0.0506534738277,-0.0149562095621,0.574086807912,0.818779752769,0.00219096729134,0.0,0.818736926832,-0.574024381063,-0.0121079101276,0.0,-0.00865620967633,0.00874498567061,-0.999924294764,0.0,0.65635854995,0.254030524221,0.303390518359,1.0,-0.01466,-0.0192674285714,0.734
0.461071637209,0.517942500531,-0.124064957238,-1.40278797354,0.0769354042354,1.91137958563,0.153120407056,-0.00535060716895,-0.0766987996733,-0.000397700714425,-0.127147596868,-0.00388993503029,0.0522305149207,-0.0186428866553,0.57406803452,0.818792892807,0.00219939354685,0.0,0.81875013561,-0.574005532146,-0.0121083196552,0.0,-0.00865190859032,0.00875192153217,-0.999924271306,0.0,0.656160558325,0.253784403267,0.303403713725,1.0,-0.01492,-0.0196091428571,0.747
0.460856117235,0.516364392958,-0.124068453782,-1.40530317633,0.0767737079648,1.91230400577,0.152778993103,-0.010436673607,-0.0760469625156,0.000682952240313,-0.128539272745,-0.0120380965472,0.0419892973389,-0.0113596795645,0.574056915618,0.818800734745,0.00218204324851,0.0,0.81875778509,-0.573994523797,-0.0121129230844,0.0,-0.00866575628873,0.00874024043877,-0.999924253564,0.0,0.655854932339,0.253399791154,0.303393881973,1.0,-0.01532,-0.0201348571429,0.767
0.460717576618,0.515294804357,-0.124074719562,-1.40697479915,0.0766706482214,1.91293620606,0.152555136104,-0.00825652695355,-0.0810972626679,-0.000271873072421,-0.129125375373,-0.00971430565691,0.0486400817028,-0.0199651418446,0.574050460717,0.818805198648,0.00220502112681,0.0,0.81876257888,-0.573988001209,-0.0120979665822,0.0,-0.00864038861562,0.00875040054684,-0.999924384229,0.0,0.655638251721,0.253128480086,0.30340315443,1.0,-0.0156,-0.0205028571429,0.781
0.460483947358,0.513568909962,-0.124076508153,-1.40976421919,0.0765027907479,1.91391220591,0.152171003764,-0.012146155502,-0.0803521727828,0.00069240046193,-0.131175351041,-0.014509550838,0.0511690705456,-0.015398432422,0.574031340161,0.818818798152,0.00213148004174,0.0,0.818775055815,-0.573969038806,-0.0121530806068,0.0,-0.00872793534529,0.00872161975613,-0.999923875349,0.0,0.65530080008,0.252723762527,0.303369983821,1.0,-0.016,-0.0210285714286,0.801
0.460340451371,0.512508363552,-0.124089447798,-1.41150796868,0.0763922257677,1.91452405407,0.151924428516,-0.0178144053563,-0.0783296913251,-0.00207943297572,-0.133643315885,-0.0107505301579,0.0477983469888,-0.0148371626248,0.574017642035,0.818828570705,0.00206526778889,0.0,0.818783958266,-0.573955630642,-0.0121864942708,0.0,-0.00879344691054,0.00868643808191,-0.999923607625,0.0,0.655081021738,0.252452878256,0.303336527989,1.0,-0.01626,-0.0213702857143,0.814
0.460104193064,0.510804795268,-0.124085038295,-1.41420968633,0.0762273457819,1.9155549932,0.151540364094,-0.0129174597077,-0.0926789860074,0.000407290124656,-0.135683572105,-0.0131940942203,0.0602411992026,-0.0213228138923,0.573990563961,0.818847484632,0.00209195986035,0.0,0.818803195593,-0.573928412091,-0.0121758606674,0.0,-0.00876970652393,0.00870190008843,-0.999923681679,0.0,0.654755295291,0.252045762253,0.303332822093,1.0,-0.01666,-0.021896,0.834
0.459949925045,0.50966292919,-0.124085117504,-1.41601975222,0.076117059449,1.91623189092,0.151296389575,-0.0155709870103,-0.0934716093931,0.00039173568447,-0.145867957491,-0.00816792125414,0.0497462397305,-0.0151501619676,0.573981869994,0.818853562181,0.00209845710061,0.0,0.81880933115,-0.573919663725,-0.012175619624,0.0,-0.0087658724776,0.00870698881165,-0.999923671,0.0,0.654533279007,0.251773039775,0.303329240701,1.0,-0.01692,-0.0222377142857,0.847
0.459697766585,0.507795652756,-0.124095980781,-1.41894958262,0.0759273373221,1.91727809014,0.150879599842,-0.0135791578777,-0.0896811245985,-0.000584921667421,-0.141425732921,-0.00668051145911,0.0487713112037,-0.0269464674189,0.573955502361,0.818872097626,0.00207748426371,0.0,0.818827621819,-0.573893421764,-0.0121824916654,0.0,-0.00878381706726,0.00869347699919,-0.999923631092,0.0,0.654166969609,0.251318998923,0.303332112567,1.0,-0.01734,-0.0227897142857,0.868
0.459528841992,0.50662693435,-0.124094962807,-1.42081015016,0.0758122913319,1.9179532972,0.150617322684,-0.0117348073049,-0.088232967432,3.94643257859e-05,-0.139739363621,-0.00549068619913,0.0552558132643,-0.0200958719319,0.573943583344,0.818880488829,0.00206277858889,0.0,0.81883576308,-0.573881512902,-0.0121962761307,0.0,-0.00880367156041,0.0086892186002,-0.999923493497,0.0,0.653935413194,0.251030967158,0.303322311033,1.0,-0.01758,-0.0231051428571,0.881
0.459254131959,0.504611920038,-0.124110735802,-1.42386075432,0.0756165572246,1.9191364104,0.15021018063,-0.0131834188436,-0.0945224150516,-0.000714244107293,-0.146909707771,-0.01110211226,0.0567989672648,-0.0189736759281,0.573951204234,0.818874848015,0.00217838199567,0.0,0.818831849961,-0.573888841278,-0.0121138865274,0.0,-0.00866977478965,0.00873667652788,-0.999924249875,0.0,0.653576042551,0.250555314167,0.303381547045,1.0,-0.01802,-0.0236834285714,0.902
0.459080782046,0.503355747462,-0.124109700357,-1.42575350438,0.0754998156945,1.91983670584,0.14995419239,-0.0105489761922,-0.0973547353723,0.000807170211597,-0.14615241062,-0.0112089852122,0.0511215248708,-0.0156627919767,0.573948538409,0.818876568423,0.00223334898609,0.0,0.818834273224,-0.573885925252,-0.0120882046752,0.0,-0.00861722592184,0.00876691888955,-0.999924439421,0.0,0.653343685307,0.250263282787,0.303418713785,1.0,-0.01828,-0.0240251428571,0.915
0.458771488799,0.501126157538,-0.124118760707,-1.42904732689,0.0752919186154,1.92102238104,0.149486065811,-0.0139046079979,-0.1046632042,0.000125127434449,-0.155892513445,-0.0105296318625,0.0454643747056,-0.0208098125194,0.573937085557,0.818884309503,0.00233588818409,0.0,0.818843377927,-0.573874069774,-0.0120341749663,0.0,-0.00851425532476,0.00881975568598,-0.99992485686,0.0,0.652936987534,0.249741517869,0.303510307164,1.0,-0.01872,-0.0246034285714,0.937
0.458607138289,0.499930908566,-0.124120151057,-1.4308737689,0.0751727017056,1.92166872017,0.149235186559,-0.01938113175,-0.10073932291,0.000219498767488,-0.15112294542,-0.0127465233335,0.0507542962644,-0.0227093208572,0.5739279298,0.818890696498,0.0023463769628,0.0,0.818849898771,-0.573864868782,-0.0120292377785,0.0,-0.00850429132888,0.00882541599037,-0.99992489171,0.0,0.652704941057,0.249457177679,0.303530937318,1.0,-0.01896,-0.0249188571429,0.949
0.458310921421,0.497942378243,-0.124124905863,-1.43397950665,0.0749821070992,1.92283637048,0.148778067416,-0.0141801654119,-0.100960092877,-0.00037960429325,-0.158404136741,-0.00643930310168,0.057181762453,-0.0243356409159,0.573906274623,0.818905754485,0.00238749235105,0.0,0.818865486051,-0.573843040425,-0.0120094801048,0.0,-0.00846474946913,0.0088475214138,-0.999925031881,0.0,0.652325670802,0.248967361755,0.303540795898,1.0,-0.01936,-0.0254445714286,0.969
0.458113589926,0.496679627031,-0.124122755229,-1.43600816933,0.0748580712182,1.92355728541,0.148479215192,-0.0181042777524,-0.0950603269191,3.80792706073e-05,-0.157982079256,-0.01312492014,0.0552715460982,-0.0263081247305,0.573890825881,0.81891668788,0.0023505706986,0.0,0.818875820111,-0.57382762287,-0.0120414853749,0.0,-0.00851231481243,0.00883549360582,-0.999924734442,0.0,0.652067444114,0.248644926276,0.303517832728,1.0,-0.01962,-0.0257862857143,0.982
0.457780786178,0.494599877213,-0.1241258927,-1.43938710466,0.0746481375264,1.92472692747,0.147998872262,-0.0181049424267,-0.101110641667,-0.000875178171304,-0.157506012403,-0.0108441366107,0.0609987945477,-0.024136121741,0.573885775904,0.818920536674,0.00224002886033,0.0,0.818878024242,-0.573822832591,-0.0121196168679,0.0,-0.00863978978678,0.00878975536734,-0.999924044232,0.0,0.65163159264,0.248098547403,0.303459982643,1.0,-0.0218085714286,-0.0286626938776,1.003
0.457530087374,0.492930029414,-0.124185368949,-1.4419237927,0.0745079724016,1.92564984963,0.147633956821,-0.018689894744,-0.153894687078,-0.00361511979182,-0.227876210817,-0.0115505658659,0.0845265465039,-0.0287845730334,0.573924920125,0.818892979365,0.00228501784995,0.0,0.818851128712,-0.573861855784,-0.0120891018491,0.0,-0.0085885614036,0.00880949586878,-0.999924311833,0.0,0.651327022571,0.247661594592,0.303496884019,1.0,-0.0336942857143,-0.0442839183673,1.016
0.457056817509,0.488899850036,-0.124255690261,-1.4481466961,0.0741909620171,1.92806394007,0.146679680803,-0.0267365353531,-0.235214403585,-0.000491477626018,-0.366708474906,-0.0217485214665,0.140182076671,-0.059619675662,0.57380926212,0.81897342579,0.00249107543151,0.0,0.818934073227,-0.573745161615,-0.0120091686368,0.0,-0.00840610934699,0.00893117069672,-0.999924782929,0.0,0.650550008052,0.246739888179,0.303549518455,1.0,-0.05198,-0.0683165714286,1.036
0.456542820448,0.485342225379,-0.124298861996,-1.45376301212,0.0738783928213,1.93022701039,0.145834964352,-0.0411147373305,-0.289650065195,-0.00644373807575,-0.456828565226,-0.0336414121832,0.180119321021,-0.0744328309366,0.573765109416,0.81900406903,0.00258476880473,0.0,0.818965844907,-0.573700540476,-0.0119742070926,0.0,-0.00832420133862,0.00898739264586,-0.999924964408,0.0,0.649856075221,0.245857632912,0.303536616036,1.0,-0.0638657142857,-0.0839377959184,1.049
0.455418467052,0.477941997192,-0.12451979473,-1.46557165667,0.0731728667683,1.93432323449,0.144040996033,-0.0608918174803,-0.389292454167,-0.010342565909,-0.621134540128,-0.0332535435096,0.214105902912,-0.0933385166208,0.573763922587,0.819005761654,0.00229573870855,0.0,0.818963693886,-0.573700467279,-0.0121238954761,0.0,-0.00861263969874,0.00883655060931,-0.999923866007,0.0,0.648328651093,0.243861528145,0.303409481562,1.0,-0.0830657142857,-0.109172081633,1.07
0.454535223715,0.472331526284,-0.124639661664,-1.47438432077,0.0726239186775,1.93738251794,0.142779693705,-0.0654520548651,-0.44471284943,-0.00734814367908,-0.704011279635,-0.0489967423269,0.247441567594,-0.101444962222,0.573817188039,0.818968818931,0.00215759857133,0.0,0.818924897348,-0.573754278428,-0.0121978436733,0.0,-0.00875189071625,0.00876641232592,-0.999923274268,0.0,0.647177382581,0.24236936681,0.303365517914,1.0,-0.0949514285714,-0.124793306122,1.083
0.452843742578,0.461719777988,-0.124817185118,-1.49060486859,0.0716586335433,1.94337193463,0.14018205535,-0.0858902211947,-0.530971591467,-0.0122784341687,-0.804897040205,-0.0583156623931,0.303571712409,-0.137466702938,0.573713202256,0.819040750304,0.00248149154175,0.0,0.819001051836,-0.573648918946,-0.0120391770736,0.0,-0.00843723412603,0.00893955112832,-0.999924445899,0.0,0.645106066236,0.239644432519,0.303490593783,1.0,-0.114151428571,-0.150027591837,1.104
0.451559773316,0.454331386519,-0.124931426579,-1.50223112886,0.070931088983,1.94735355519,0.138423105714,-0.105953864378,-0.574728750449,-0.00821173539927,-0.904040785812,-0.0573738945409,0.303433099241,-0.13890248817,0.573748470558,0.819016687598,0.00225939587872,0.0,0.818973610471,-0.573684628928,-0.0122032284396,0.0,-0.00869863452396,0.00885213968447,-0.999922983724,0.0,0.643540520051,0.237628619308,0.303387680976,1.0,-0.126037142857,-0.165648816327,1.117
0.449268579644,0.441362049093,-0.125128768403,-1.52190380145,0.0695934364699,1.95435520161,0.135339573236,-0.124101379574,-0.66702122618,-0.00043730679025,-1.04042048027,-0.0597824659903,0.358737314422,-0.164426284104,0.573766453534,0.819003541041,0.00245019655558,0.0,0.818963684113,-0.573702555072,-0.0120253610921,0.0,-0.00844329185187,0.00890654226277,-0.999924689328,0.0,0.640936285555,0.234154840499,0.303524628387,1.0,-0.144322857143,-0.189681469388,1.137
0.447582890193,0.432043502609,-0.12525276373,-1.53597718616,0.0686582255536,1.95922591351,0.133028188,-0.136307673318,-0.733898523012,-0.0101005678625,-1.10253983517,-0.0787498863273,0.394471453592,-0.185536193584,0.57370672316,0.819045129506,0.00253348280251,0.0,0.81900628374,-0.57364241638,-0.0119930073579,0.0,-0.00836966220988,0.00895557970981,-0.999924870351,0.0,0.639010069184,0.231653135748,0.303612755122,1.0,-0.156208571429,-0.205302693878,1.15
0.444457461176,0.415733748525,-0.125473842023,-1.56048065866,0.0669596869088,1.96774238699,0.12898552276,-0.154457708341,-0.81083773242,-0.0153826717127,-1.18387092939,-0.0774376380428,0.445099674413,-0.189029623709,0.573690399976,0.819055864078,0.00275016294183,0.0,0.819020251982,-0.573625710355,-0.011837151862,0.0,-0.00811788076979,0.00904347364678,-0.999926155072,0.0,0.635629100824,0.227183136783,0.303776141146,1.0,-0.175408571429,-0.230536979592,1.171
0.442258360915,0.404891070314,-0.125591575979,-1.57684184316,0.0657869977796,1.97341610772,0.126236773009,-0.176588898717,-0.822606821907,-0.00759928745042,-1.28320640789,-0.0906477155262,0.437179925134,-0.219137369737,0.573670826437,0.81906928548,0.00283467454331,0.0,0.819035068923,-0.573606165999,-0.0117587883856,0.0,-0.00800542973378,0.00906754628938,-0.999926843674,0.0,0.633328166335,0.224151598322,0.303815230349,1.0,-0.187294285714,-0.246158204082,1.184
0.438458304695,0.386997918265,-0.125806012985,-1.60346684225,0.0639289282538,1.98251485375,0.121637017002,-0.198132706691,-0.912085788982,-0.00842217379978,-1.39902978239,-0.103891574652,0.460706036292,-0.243210494065,0.573704798639,0.819044460161,0.00311820465232,0.0,0.819013780557,-0.573638996171,-0.0116394256794,0.0,-0.00774463244375,0.00923162468393,-0.999927396251,0.0,0.629510744874,0.219094246278,0.303970768737,1.0,-0.20558,-0.270190857143,1.204
0.43576244665,0.374633086089,-0.125940711011,-1.62172693244,0.0625444566565,1.98861022993,0.118313399373,-0.20986624104,-0.952598349895,-0.00966651963321,-1.41857354749,-0.101792040481,0.476159665039,-0.258794843972,0.573584166293,0.819128510508,0.00323022474288,0.0,0.819099628333,-0.573518438311,-0.0115389203282,0.0,-0.0075994114836,0.00926459625489,-0.999928205523,0.0,0.626812919247,0.215573757213,0.304079613685,1.0,-0.217465714286,-0.285812081633,1.217
0.430808324829,0.353626816557,-0.126198208896,-1.65285605312,0.0601568652792,1.99881354843,0.112683012202,-0.248115644195,-1.02102295056,-0.0110725604788,-1.49988441162,-0.117904791231,0.48252203135,-0.286302862776,0.573650743762,0.819081979983,0.00320642318744,0.0,0.819053012267,-0.573585351703,-0.0115219056013,0.0,-0.00759837417367,0.00923595810883,-0.999928478336,0.0,0.622115488033,0.209360284702,0.304112866786,1.0,-0.236665714286,-0.311046367347,1.238
0.427375511492,0.339856860783,-0.126410226128,-1.67299186316,0.0586275180416,2.0053798537,0.108854212118,-0.265431290961,-1.07595703971,-0.0118592890352,-1.57507555597,-0.121583246291,0.512082552632,-0.288695922065,0.573725894438,0.819028822696,0.00333654698829,0.0,0.819001555141,-0.573660119597,-0.0114571707739,0.0,-0.00746985296382,0.00930609189328,-0.99992879644,0.0,0.619034562078,0.205208205628,0.304190825428,1.0,-0.248551428571,-0.326667591837,1.251
0.421456813681,0.316769221357,-0.126627006488,-1.70681247072,0.0559499332123,2.01611878392,0.10226882228,-0.295520529852,-1.13032080933,-0.0141685672811,-1.62730843222,-0.126012690028,0.501263474676,-0.319825960108,0.573629406383,0.819096632884,0.00327979152023,0.0,0.819068141756,-0.573563211342,-0.0115485348317,0.0,-0.00757834414514,0.00931113119406,-0.999927933171,0.0,0.613636834886,0.198254845628,0.304156837145,1.0,-0.267751428571,-0.351901877551,1.272
0.41743205954,0.301819618845,-0.126771384095,-1.72846424493,0.0541005738097,2.02292781319,0.0978004245681,-0.319715041571,-1.1677599976,-0.00945490044487,-1.67305701587,-0.152686933207,0.523464731415,-0.343865390546,0.573458586749,0.819216243853,0.00327749786746,0.0,0.819188175121,-0.573392977549,-0.0114879911322,0.0,-0.00753199969792,0.00927295318934,-0.999928638114,0.0,0.610112937635,0.193680903167,0.304164088443,1.0,-0.279637142857,-0.367523102041,1.285
0.410617588826,0.277843246863,-0.127039506383,-1.76286253588,0.0512517674604,2.03331934243,0.0906109053856,-0.353450810502,-1.20630058708,-0.0126337861976,-1.75793788943,-0.149606152883,0.50909149345,-0.364461075293,0.573434804116,0.819233164046,0.00320862230705,0.0,0.81920332924,-0.573368348204,-0.0116357011628,0.0,-0.00769277791708,0.00930100916647,-0.999927153545,0.0,0.604334925698,0.18621150998,0.304160313379,1.0,-0.297922857143,-0.391555755102,1.305
0.405780949938,0.26164404521,-0.127268917284,-1.78565343556,0.0492602387453,2.04019587933,0.0855816815027,-0.376368907283,-1.25218679073,-0.0225120357418,-1.77067563479,-0.15926824262,0.526906707975,-0.390624595237,0.573410555889,0.819249455816,0.00337793456352,0.0,0.819222106741,-0.573343929602,-0.0115162978633,0.0,-0.00749814684346,0.0093710258504,-0.999927978241,0.0,0.600461013165,0.181088290381,0.304268686501,1.0,-0.309808571429,-0.407176979592,1.318
0.396720255109,0.233432952216,-0.127721132239,-1.82510611151,0.0456749276949,2.05181072371,0.0765480046662,-0.425133199925,-1.30590385363,-0.0157618881062,-1.81429209524,-0.164217463861,0.544672933765,-0.426896207847,0.573546423389,0.819153634411,0.00354546903338,0.0,0.819129104748,-0.573480127588,-0.0113490051479,0.0,-0.00726346262439,0.00941355942701,-0.999929311006,0.0,0.593596477276,0.171873894352,0.304366875209,1.0,-0.329922857143,-0.433612897959,1.34
0.391455510212,0.217522882215,-0.127885506212,-1.8471804669,0.0436778483186,2.05805583248,0.0712111252149,-0.452503454662,-1.32654883681,-0.0142133324366,-1.83473186321,-0.176294113913,0.509829504033,-0.445884383814,0.573421966232,0.819240560067,0.0035916965968,0.0,0.819216066834,-0.573354831117,-0.011402647799,0.0,-0.0072823351809,0.00948108682072,-0.99992853574,0.0,0.589590495909,0.166722991281,0.304379253284,1.0,-0.340894285714,-0.448032489796,1.352
0.381898859825,0.190131768174,-0.128302632969,-1.88469196337,0.0400305160275,2.06837865919,0.061805577654,-0.495811310324,-1.40394691189,-0.0249496714671,-1.90449444381,-0.185601298803,0.526558360653,-0.494598677323,0.573342604652,0.819295949476,0.00362653613577,0.0,0.819272226653,-0.573275803502,-0.0113410165179,0.0,-0.00721278234733,0.00947359068076,-0.999929110913,0.0,0.582641616133,0.157627973145,0.304427903662,1.0,-0.35918,-0.472065142857,1.372
0.375041238932,0.171857989089,-0.12870856068,-1.90941434632,0.0376576053696,2.0749183079,0.055297454934,-0.533195239469,-1.42905636097,-0.0311866123403,-1.92583236922,-0.179631729622,0.505051286129,-0.49884371477,0.573540521363,0.819157214325,0.00367089571565,0.0,0.819133605961,-0.573472968351,-0.011385827004,0.0,-0.00722176191012,0.00953737082464,-0.999928439796,0.0,0.577963189777,0.151334664433,0.304454305769,1.0,-0.371065714286,-0.487686367347,1.385
0.363220238152,0.141630554145,-0.129221107806,-1.9498998261,0.0334001020671,2.0851286807,0.0440774354103,-0.587696417646,-1.45590493267,-0.0273346084498,-1.90958191621,-0.203245041112,0.462199753404,-0.553736507719,0.573490010873,0.819193420334,0.00347770200392,0.0,0.819167419866,-0.573423149614,-0.0114619639825,0.0,-0.00739551302858,0.00942232343548,-0.999928260531,0.0,0.570006684299,0.140911036578,0.304421451415,1.0,-0.390265714286,-0.512920653061,1.406
