position_joint1,position_joint2,position_joint3,position_joint4,position_joint5,position_joint6,position_joint7,velocity_joint1,velocity_joint2,velocity_joint3,velocity_joint4,velocity_joint5,velocity_joint6,velocity_joint7,ee_T_00,ee_T_10,ee_T_20,ee_T_30,ee_T_01,ee_T_11,ee_T_21,ee_T_31,ee_T_02,ee_T_12,ee_T_22,ee_T_32,ee_T_03,ee_T_13,ee_T_23,ee_T_33,v_x,v_y,time
0.465076549262,0.547594982268,-0.123984536245,-1.35574118463,0.0794264686644,1.89409234545,0.159151749402,-9.57127446417e-05,0.00182155612602,0.000436173304395,-0.00057892257596,-2.33740608929e-06,-0.000443484600896,-0.000356412245352,0.573769635606,0.819002187505,0.00213752642704,0.0,0.818962209432,-0.573711048742,-0.0117166110472,0.0,-0.00836976869361,0.00847335215478,-0.999929072122,0.0,0.661703907721,0.260895595551,0.303389011802,1.0,0.0,0.0,0.0
0.465070189772,0.547591667723,-0.123989588334,-1.35573890859,0.0794270790695,1.89409400363,0.159153733506,-0.00202928120513,9.25689854174e-05,-0.0013299386726,6.88101136031e-05,0.000179404565826,0.000346673442214,-0.0063620066239,0.573780041019,0.818994884083,0.00214272604392,0.0,0.818954998253,-0.573721458197,-0.0117109410846,0.0,-0.00836203392073,0.00847446361915,-0.999929127416,0.0,0.661707633317,0.260888990106,0.303392755848,1.0,-0.00024,-0.000315428571429,0.013
0.46507268733,0.547581650426,-0.123982147991,-1.35574616656,0.0794263501903,1.89409633416,0.159157242566,0.000553900604991,-0.00345672025425,0.00566587521628,-0.000978266873904,-0.00408409949292,-0.000240397103293,0.000529211821659,0.57377587122,0.818997789342,0.00214885090213,0.0,0.818957948207,-0.573717230367,-0.0117117697008,0.0,-0.00835924164753,0.00847991265403,-0.999929104567,0.0,0.661704379852,0.260894259614,0.303396352434,1.0,-0.00064,-0.000841142857143,0.033
0.465072959247,0.547562934746,-0.12398560015,-1.35576878803,0.0794218480374,1.89409981325,0.159150121792,0.00052036671751,-0.00190997339279,-0.00346133912736,-0.00578989261361,-4.90423583387e-05,0.0010663982991,-0.000564217966841,0.573772262649,0.819000324217,0.00214626369082,0.0,0.81896048784,-0.573713670932,-0.0117085457351,0.0,-0.00835812285206,0.00847590712549,-0.99992914788,0.0,0.661701357039,0.260889508535,0.30339925137,1.0,-0.0009,-0.00118285714286,0.046
0.465076500012,0.547403236924,-0.123982860877,-1.35592135964,0.0794247910008,1.89412741685,0.159146995108,0.000664464262902,-0.0106802526905,0.00037173870561,-0.0136401679381,0.000358707596133,0.00042428026245,0.00012552345305,0.573773897462,0.818999074033,0.00218591521359,0.0,0.818959594728,-0.573714995347,-0.0117061188629,0.0,-0.00833336861583,0.00850700546779,-0.999929090399,0.0,0.661674386151,0.260879778215,0.303442070363,1.0,-0.0013,-0.00170857142857,0.066
0.465065956791,0.547303257697,-0.123982858286,-1.35607152814,0.0794226395328,1.89415950003,0.15914404495,-0.000347415117603,-0.00384809882316,-0.00120634357081,-0.0125742250352,4.31400850368e-05,0.00927524425524,-0.000750490210944,0.573787787915,0.818989371225,0.002175123306,0.0,0.818949661184,-0.573728832493,-0.0117228884847,0.0,-0.00835315093816,0.00850793055011,-0.999928917467,0.0,0.661651866272,0.260858117747,0.303444195399,1.0,-0.00158,-0.00207657142857,0.08
0.465039745046,0.547100648935,-0.123985363941,-1.35632340056,0.079414735604,1.89427909244,0.159139340809,-0.002112498819,-0.0149888397948,-0.000500211090673,-0.0131065522229,-0.000669013307176,0.00213728913847,-0.00102286574149,0.573819258549,0.818967152291,0.00223805452842,0.0,0.818928242731,-0.573760045996,-0.0116914403342,0.0,-0.0082909589542,0.0085417441411,-0.999929146793,0.0,0.661631175355,0.26081893929,0.30347828043,1.0,-0.00198,-0.00260228571429,0.1
0.465023600978,0.546943263594,-0.123979694799,-1.35647820866,0.0794141775712,1.89437549295,0.159134695809,-0.000474518841678,-0.0100082613838,0.000361588496436,-0.0101345899254,0.000420443003202,0.00962088618759,-0.00394943642044,0.573833374261,0.818957009954,0.00232837552459,0.0,0.818919219469,-0.573773773672,-0.0116497009034,0.0,-0.00820480137532,0.00859190406656,-0.999929427719,0.0,0.661621998325,0.260801699587,0.303524258631,1.0,-0.00224,-0.002944,0.113
0.464987901495,0.54668531857,-0.123986151309,-1.35681435354,0.0794044430077,1.89453127964,0.159111305074,-0.00260627138632,-0.0113614085918,-0.00140603853255,-0.0180795590695,2.53515804008e-05,0.00426750633436,-0.000433507781213,0.573864318855,0.818935125107,0.00239818915288,0.0,0.818898221191,-0.57380444486,-0.0116150458357,0.0,-0.00813603406291,0.00862949934294,-0.999929665872,0.0,0.661594119422,0.260746840956,0.303560678562,1.0,-0.00266,-0.003496,0.134
0.464951259823,0.54648268345,-0.123979697389,-1.35711968816,0.0793929577518,1.89464065626,0.159084565919,-0.00537724377433,-0.00807860993884,0.00155273284561,-0.0260547591946,-0.00437492361338,0.00602483306997,-0.00492065981596,0.573881917178,0.818922760147,0.00240934627886,0.0,0.818885905248,-0.573821900007,-0.0116210223102,0.0,-0.00813434061778,0.0086422406615,-0.999929569609,0.0,0.661559951484,0.260698319661,0.303568113608,1.0,-0.00294,-0.003864,0.148
0.464912223015,0.546171638507,-0.123985802174,-1.35758328317,0.0793720108104,1.89480670748,0.158952545116,-0.0021393736878,-0.015100335026,0.000344886293709,-0.0246866240783,-0.000855040759059,0.00774170669883,-0.00362420495871,0.573830349216,0.818958850769,0.00242445191178,0.0,0.818922144736,-0.573770234991,-0.0116183131728,0.0,-0.00812399847287,0.00865254465295,-0.999929564579,0.0,0.661507648485,0.26062589908,0.303582296309,1.0,-0.00332,-0.00436342857143,0.167
0.464877788264,0.545921830867,-0.123984251769,-1.35798090523,0.0793444193673,1.89494573501,0.158928629377,-0.00296562181638,-0.0203672598685,-0.000104400770942,-0.0299475917653,-0.002295027551,0.00837431633059,-0.000380626274996,0.57385274773,0.818943183853,0.00241504552675,0.0,0.818906368444,-0.573792677397,-0.0116219614661,0.0,-0.00813214725591,0.00864715716786,-0.999929544945,0.0,0.661460864957,0.260565070023,0.303581887585,1.0,-0.0036,-0.00473142857143,0.181
0.464810817567,0.545546969663,-0.123984523949,-1.35861765461,0.0792772645354,1.89516256385,0.158863839985,-0.00364063451352,-0.0206991855434,0.000164039075695,-0.0339072983003,-0.00377365440086,0.00816532759605,-0.00131466032839,0.573872425225,0.818929555295,0.00236007044996,0.0,0.818892248902,-0.573812782683,-0.0116241996832,0.0,-0.00816531929268,0.0086036167081,-0.999929650196,0.0,0.661389065854,0.260453797607,0.303562921599,1.0,-0.004,-0.00525714285714,0.201
0.46476774695,0.545250200175,-0.123984606909,-1.35913164043,0.0792459535659,1.89532353099,0.158776531575,-0.000917847867739,-0.0258450669967,0.000402098659117,-0.0372139821418,-0.000520678723957,0.0123056844749,-0.0127871830288,0.573856516233,0.818940839789,0.00231227253875,0.0,0.818902872453,-0.573797004703,-0.0116546035467,0.0,-0.00821781397757,0.0085817620388,-0.999929407955,0.0,0.661323920666,0.260374004445,0.303542286587,1.0,-0.00428,-0.00562514285714,0.215
0.464702806938,0.54480532243,-0.123989252198,-1.35989281865,0.0792260648943,1.89558094221,0.158706952023,-0.00298317228774,-0.0196729668688,-0.000461216980898,-0.0339762746523,-0.00305896734953,0.0160697323316,-0.00165269109461,0.573891261122,0.818916614599,0.00226840078725,0.0,0.818877836278,-0.573831655532,-0.0117075729307,0.0,-0.00828600534172,0.00857658204814,-0.99992888965,0.0,0.661223884601,0.260252644434,0.303514952136,1.0,-0.00468,-0.00615085714286,0.235
0.464650343954,0.544459625351,-0.123992413082,-1.36048849543,0.0791981817705,1.89577916008,0.158629903298,-0.00396198887729,-0.0264989710643,-2.01515656645e-05,-0.0438363772327,-0.00108531856799,0.0194337358228,-0.000483855170743,0.573900901994,0.818909953693,0.0022336819952,0.0,0.818870633467,-0.573841331607,-0.0117370646158,0.0,-0.00832998036843,0.00856517346627,-0.999928622068,0.0,0.66115878588,0.260164360935,0.303495763327,1.0,-0.00494,-0.00649257142857,0.248
0.464573898443,0.543921010843,-0.123987968462,-1.36138331029,0.0791581434198,1.89609648731,0.158500390302,-0.00294898157214,-0.0241939564792,0.00172395582802,-0.0452308453387,-0.000113259248791,0.026294108355,-0.00176733843967,0.573893531237,0.818915186825,0.00220873103347,0.0,0.818875367712,-0.573833877647,-0.0117711477889,0.0,-0.00837228818954,0.00856422589635,-0.999928276841,0.0,0.661051545948,0.26003230968,0.303478345905,1.0,-0.00534,-0.00701828571429,0.268
0.464512206506,0.543498323138,-0.123995626282,-1.36207186863,0.0791206576753,1.89633706082,0.158436283028,-0.0111706029835,-0.033004005585,0.0011328586639,-0.0525525479476,-0.00616402934177,0.0143815924136,-0.00149154378258,0.573925222688,0.818893034877,0.00218702835603,0.0,0.818852911881,-0.573865626573,-0.0117855098782,0.0,-0.0083961732062,0.00855502062969,-0.999928155368,0.0,0.660972085123,0.259921171402,0.303470757736,1.0,-0.00562,-0.00738628571429,0.282
0.464423027805,0.542885725956,-0.123998731002,-1.36308150536,0.0790517878625,1.89669239323,0.158296397094,-0.00446828102916,-0.0324852255673,0.000134528387923,-0.0513928854247,-0.0028346615439,0.020090566322,-0.010554810125,0.573923644075,0.818894250219,0.00214584028138,0.0,0.8188536413,-0.573864258632,-0.0118014277141,0.0,-0.00843286261597,0.00853041176388,-0.999928056864,0.0,0.660854324391,0.259761600544,0.303454404699,1.0,-0.00602,-0.007912,0.302
0.464363071064,0.542405650527,-0.123999285427,-1.36383029464,0.0790111217658,1.89695473532,0.158195090437,-0.00655405097245,-0.0333256038808,-4.79425811276e-05,-0.057148233431,-0.00268630835247,0.0190201658883,-0.0120012111069,0.573920855588,0.818896211584,0.00214314608803,0.0,0.818855502803,-0.573861415483,-0.0118105144202,0.0,-0.00844187920026,0.00853339180273,-0.999927955355,0.0,0.660764726986,0.259650305161,0.303460287915,1.0,-0.0063,-0.00828,0.316
0.464285207888,0.541851682672,-0.124002054904,-1.36469838333,0.0789608278246,1.89727987536,0.158094745162,-0.00242766405412,-0.0324186129608,-0.000140220823003,-0.0547026545554,-0.000289305981644,0.0234172612849,-0.00267963824287,0.573939217601,0.818883318339,0.00215228888952,0.0,0.818842721694,-0.573879732582,-0.0118066321255,0.0,-0.00843326148736,0.00853883969587,-0.999927981565,0.0,0.660667687475,0.259515413626,0.303467099022,1.0,-0.00662,-0.00870057142857,0.332
0.464200833144,0.541222969259,-0.12400522477,-1.3656627106,0.0788975823255,1.89763683901,0.157968758994,-0.00399177801255,-0.039657875976,0.000753347676679,-0.055744701002,-0.00337698885905,0.0236165479137,-0.00548266836561,0.573943968366,0.818879950218,0.0021668428154,0.0,0.818839595124,-0.57388447905,-0.0117927547029,0.0,-0.00841349490958,0.00854284160197,-0.999928113897,0.0,0.660559124967,0.259365619783,0.303483629738,1.0,-0.00696,-0.00914742857143,0.349
0.464107014341,0.540580553271,-0.124005915573,-1.36664462996,0.07884513249,1.89799871045,0.157827293418,-0.00405447245694,-0.0389011152262,0.000543538978131,-0.0619293011283,-0.00531291824078,0.0216640589879,-0.014580661999,0.573946400145,0.818878183042,0.0021904335708,0.0,0.818838100175,-0.57388678404,-0.0117843840783,0.0,-0.00839307573739,0.0085573800394,-0.999928161183,0.0,0.660443643536,0.259200287507,0.303500950831,1.0,-0.0073,-0.00959428571429,0.366
0.464009809566,0.539817296073,-0.124016907082,-1.36781111196,0.0787761604052,1.89843472115,0.157707237419,-0.00310901279423,-0.0415143766272,-0.00347160129455,-0.0717532973023,-0.00403303920067,0.0317824760927,-0.00276248496119,0.57398096544,0.818853888741,0.00221519912727,0.0,0.818814133203,-0.573921255294,-0.0117709340946,0.0,-0.00836748639368,0.00857029347372,-0.999928265048,0.0,0.66031808419,0.259030627997,0.303524070297,1.0,-0.00764,-0.0100411428571,0.383
0.463912125293,0.539115793315,-0.124019760325,-1.36889723526,0.0787055788724,1.89883992176,0.157562396549,-0.008335847079,-0.0440880028916,-0.000539604549349,-0.0644213083451,-0.000355063098363,0.0203381007135,-0.00114520927092,0.573985538902,0.818850645668,0.00222892812196,0.0,0.818811120273,-0.57392582878,-0.0117575200772,0.0,-0.00834857422293,0.00857388270404,-0.999928392358,0.0,0.660196140511,0.258860842907,0.303537936547,1.0,-0.00796,-0.0104617142857,0.399
0.463810349073,0.538358591596,-0.124023703489,-1.37006669521,0.0786500878072,1.89929882958,0.157411783981,-0.00255223185849,-0.0438985629947,0.000365489637927,-0.0722034547704,-0.000617318405888,0.0333398466165,-0.00642351509134,0.573998225584,0.818841626668,0.00227472258552,0.0,0.81880260584,-0.573938247124,-0.0117442776942,0.0,-0.00831131317626,0.00860390898973,-0.999928444852,0.0,0.660067351198,0.258684652174,0.30355609887,1.0,-0.0083,-0.0109085714286,0.416
0.463701783535,0.537576461338,-0.124027933988,-1.37130345005,0.0785722377198,1.89976840387,0.157264856536,-0.0038169985647,-0.0496881630991,-0.000976230303162,-0.0765159968246,-0.00915361276431,0.0269953589986,-0.00540431152953,0.574017241348,0.818828272681,0.00228328595986,0.0,0.818789414506,-0.573957281609,-0.0117337326457,0.0,-0.00829756318553,0.00860506089232,-0.999928549133,0.0,0.659928575328,0.258493278428,0.303560605056,1.0,-0.00864,-0.0113554285714,0.433
0.463595190443,0.536747419149,-0.124039510482,-1.37258539927,0.0784926858774,1.90025241491,0.157112931204,-0.0100378275606,-0.0561887710783,-0.00271132669778,-0.0748044943847,-0.000397229619653,0.033465538628,-0.00637853016106,0.574037584851,0.818813950266,0.00230497913033,0.0,0.818775448958,-0.573977619725,-0.0117133743968,0.0,-0.00826822711506,0.00861134326653,-0.999928738055,0.0,0.659784429298,0.258294912935,0.303578067804,1.0,-0.00898,-0.0118022857143,0.45
0.463490255803,0.535907017805,-0.124044857455,-1.37391189405,0.078415271575,1.90074176518,0.15694123624,-0.00349230193368,-0.0561375209385,-0.000706786437448,-0.0762698517784,-0.00392877274284,0.0206538846508,-0.00726154869063,0.574038878092,0.818813037075,0.00230730506598,0.0,0.818774549748,-0.573978887272,-0.0117141176431,0.0,-0.00826748702441,0.0086136874564,-0.999928723983,0.0,0.659629047169,0.258096839993,0.303582459953,1.0,-0.00932,-0.0122491428571,0.467
0.463378772914,0.535055690898,-0.124037783081,-1.37525424982,0.0783422292002,1.90122307437,0.156776661812,-0.00612219571697,-0.0547298669496,-0.00061317451373,-0.0842913909433,-0.00059816701928,0.0311049167677,-0.00911141881092,0.574044458128,0.8188091314,0.0023050661773,0.0,0.818770474261,-0.573984328402,-0.0117323539162,0.0,-0.00828364614352,0.00862237888107,-0.999928515339,0.0,0.659466963172,0.257900099141,0.303585756568,1.0,-0.00964,-0.0126697142857,0.483
0.463254957257,0.53416298448,-0.124045669418,-1.37669627338,0.0782671314895,1.90174868496,0.156610445644,-0.00927538373827,-0.0588228986572,-0.00103695529906,-0.0840995890608,-0.00853294902171,0.0359962442352,-0.0150725485657,0.574074209181,0.81878831972,0.00228839358279,0.0,0.818749349607,-0.574014038249,-0.0117530129467,0.0,-0.00830981967048,0.00862088834923,-0.999928311021,0.0,0.659298029579,0.2576779379,0.303574985135,1.0,-0.00998,-0.0131165714286,0.5
0.463127081582,0.533253852113,-0.12404106449,-1.3781629521,0.0781742578008,1.90229780047,0.1564263177,-0.00944085401125,-0.055236895818,0.000611387958487,-0.0869911557345,-0.00301013186816,0.0317578049004,-0.0101387883507,0.574080311362,0.818784069285,0.00227835309474,0.0,0.818744971697,-0.574020180722,-0.0117579907627,0.0,-0.00831959504613,0.00861558701488,-0.999928275427,0.0,0.659127291903,0.257456391234,0.303565487676,1.0,-0.01032,-0.0135634285714,0.517
0.46300746281,0.532313458762,-0.124044283392,-1.37969349376,0.0780992321862,1.90287564493,0.156236381701,-0.0052731022876,-0.0625401205966,0.000832842336303,-0.0868643348686,-0.000296060235812,0.030793438662,-0.00611218015905,0.574088646449,0.818778235606,0.00227460280167,0.0,0.818738943411,-0.574028378059,-0.0117775475476,0.0,-0.00833767356989,0.00862382826004,-0.999928053805,0.0,0.658946529162,0.257233411935,0.303550237935,1.0,-0.01066,-0.0140102857143,0.534
0.462873101876,0.531343376894,-0.124046765108,-1.3812740222,0.0779967497823,1.90345071323,0.1560341842,-0.00434296179184,-0.0546749937617,0.000549136448958,-0.0924218930205,-0.00155885496963,0.0321067895086,-0.0141297146445,0.574093466404,0.818774954681,0.00223882136214,0.0,0.818735231579,-0.574033369823,-0.0117922772549,0.0,-0.00837022425682,0.0086030368876,-0.999927960956,0.0,0.658759058543,0.256991022201,0.303531608579,1.0,-0.011,-0.0144571428571,0.551
0.462736874016,0.530388539814,-0.124041400733,-1.38283248817,0.077888973602,1.90398718312,0.155836835815,-0.00889121778881,-0.0570757099231,0.00105078365812,-0.095939241761,-0.00367118861752,0.0341829332828,-0.0076036160171,0.574095210596,0.818773902382,0.00217551163066,0.0,0.818733368986,-0.574035373132,-0.0118240350363,0.0,-0.00843255303073,0.0085694508394,-0.999927725669,0.0,0.658567171537,0.256750956712,0.303508913966,1.0,-0.01132,-0.0148777142857,0.567
0.462602040356,0.529345335434,-0.124047837228,-1.38447764498,0.0777962947258,1.90459565563,0.155618746964,-0.00867510071261,-0.0587781136351,0.000746103642495,-0.0999589568395,-0.00786046179147,0.0361131047407,-0.0141193191475,0.574096022922,0.818773313831,0.00218264158888,0.0,0.818732818705,-0.574036101998,-0.0118267527547,0.0,-0.00843067679176,0.00857685715193,-0.99992767799,0.0,0.658372799239,0.256503139836,0.303513641226,1.0,-0.01166,-0.0153245714286,0.584
0.462469594754,0.52825938943,-0.124050567403,-1.38616030658,0.0776792635071,1.9052328223,0.155383035422,-0.0106273231269,-0.0613144084316,-0.00014954020188,-0.0978749189357,-0.010696855596,0.042680493681,-0.0163692519612,0.574073093872,0.818789324049,0.00220740021813,0.0,0.818749293788,-0.574013225018,-0.0117965387722,0.0,-0.0083919646606,0.00857954806252,-0.999927980549,0.0,0.658175915365,0.256253208152,0.303532681525,1.0,-0.012,-0.0157714285714,0.601
0.462325977851,0.527147517938,-0.124056456868,-1.38788410434,0.0775794632484,1.90590252384,0.155135940425,-0.00325007318617,-0.0673636615826,0.00018167062096,-0.100078547128,-0.00353811752074,0.0374464280134,-0.012681331092,0.574059077351,0.818799017712,0.0022563702945,0.0,0.81875962977,-0.573999028011,-0.0117699364313,0.0,-0.00834221864615,0.00860422941324,-0.999928184733,0.0,0.65797871522,0.255994535247,0.303553084912,1.0,-0.01234,-0.0162182857143,0.618
0.462184034173,0.526049402214,-0.124058890115,-1.38958923851,0.0774722582749,1.90654126148,0.154903781547,-0.00629849215494,-0.0716664024148,-0.00172579957106,-0.109021100695,-0.00173208380097,0.0402881369724,-0.0117289137404,0.574050065876,0.81880526969,0.00228015283634,0.0,0.818766222416,-0.573989960064,-0.0117535389213,0.0,-0.00831523486485,0.0086141977664,-0.999928323664,0.0,0.65777801987,0.255737763475,0.303569599519,1.0,-0.01266,-0.0166388571429,0.634
0.462033203681,0.524890523985,-0.124065247259,-1.39142753313,0.0773611678927,1.90719635495,0.154660187788,-0.0100873628914,-0.0735513621372,0.000979005432803,-0.110658923233,-0.00291188337771,0.0316383506302,-0.0140652546918,0.574047497668,0.818807130782,0.00225829633192,0.0,0.818767762723,-0.573987437109,-0.0117694378465,0.0,-0.00834082649698,0.00860540226066,-0.999928186254,0.0,0.657553768797,0.255458386821,0.303566756067,1.0,-0.013,-0.0170857142857,0.651
0.461869815506,0.523632743207,-0.124074413031,-1.39343427474,0.0772213828196,1.90791744267,0.154378103935,-0.0121562819848,-0.0723965241599,-0.0011576505789,-0.113565389858,-0.00505665705245,0.0380210343489,-0.0169420058063,0.574026679985,0.8188218236,0.00222233286807,0.0,0.818782125729,-0.573966900942,-0.0117717505787,0.0,-0.00836358179154,0.00857707046728,-0.999928239606,0.0,0.657310494924,0.255150322193,0.303558747404,1.0,-0.01336,-0.0175588571429,0.669
0.461716411938,0.522494212145,-0.124072227026,-1.39524317855,0.0771209050167,1.90861813804,0.154141559657,-0.0060568019608,-0.0719587209368,0.000232960144005,-0.113880975989,-0.0102572480824,0.0410129351212,-0.0170724388767,0.574027154912,0.81882141109,0.00225145861339,0.0,0.818782012526,-0.573967183099,-0.011765865438,0.0,-0.00834203979253,0.00859754560642,-0.999928243716,0.0,0.65709865452,0.254882285918,0.303558675077,1.0,-0.01368,-0.0179794285714,0.685
0.461548345858,0.52125864875,-0.124074809062,-1.39722219523,0.0769962341011,1.90938369499,0.153872912608,-0.0112242438227,-0.0680104979173,0.000686785085276,-0.121494498603,-0.0023060324873,0.0381363634228,-0.0135031962061,0.574018997662,0.818827093673,0.00226448488324,0.0,0.818787926409,-0.573959041416,-0.0117514783857,0.0,-0.00832286756104,0.0085998703001,-0.999928383489,0.0,0.656867766739,0.254583467404,0.303551265248,1.0,-0.01402,-0.0184262857143,0.702
0.461387960323,0.520041855383,-0.124086389585,-1.39913042448,0.0768823679596,1.91008876061,0.153619157521,-0.00954071988812,-0.0761558770006,-0.000737545631055,-0.121121171184,-0.00451043536659,0.038181814566,-0.0175913642929,0.57402175919,0.818825131414,0.00227399262502,0.0,0.818786091774,-0.57396177092,-0.0117459926078,0.0,-0.00831288915545,0.0086045345383,-0.999928426368,0.0,0.656639839462,0.254290308862,0.303559050447,1.0,-0.01434,-0.0188468571429,0.718
0.461225903192,0.518689426088,-0.124087640662,-1.40120857313,0.0767437122071,1.91082286117,0.153346680291,-0.00862809089875,-0.0830786668792,-0.000495890769127,-0.124579553361,-0.0118338147147,0.0467061057651,-0.013227467917,0.574004904109,0.818836942368,0.002275692124,0.0,0.818797958794,-0.573944946703,-0.0117408573236,0.0,-0.00830788566937,0.00860280737888,-0.999928482813,0.0,0.656379880128,0.253981748574,0.30358294595,1.0,-0.01468,-0.0192937142857,0.735
0.461041966894,0.517348431318,-0.124096854535,-1.40331778111,0.0765983352224,1.91159378571,0.153049938642,-0.00788129978518,-0.0750440950554,-0.00206841456618,-0.120989240615,-0.0082507148004,0.0511330082183,-0.00609323089933,0.573991455623,0.8188463956,0.00226631528901,0.0,0.818807432274,-0.573931682121,-0.011728598023,0.0,-0.00830336993612,0.00858795619892,-0.999928647982,0.0,0.656126601143,0.253651800635,0.303587098105,1.0,-0.01502,-0.0197405714286,0.752
0.460854719603,0.515983902533,-0.124103074027,-1.40546576453,0.0764679657687,1.91238458499,0.15275524171,-0.00927134727842,-0.0793497048653,-0.000207878255585,-0.126832163153,-0.00364838372864,0.0449498946751,-0.0148866474481,0.573986220177,0.818850052844,0.00227088224546,0.0,0.818811131046,-0.573926411783,-0.0117282749666,0.0,-0.00830053908853,0.00859145728932,-0.99992864141,0.0,0.655867281995,0.253320933336,0.303590552045,1.0,-0.01536,-0.0201874285714,0.769
0.460678737352,0.514682245455,-0.124104305905,-1.40753492571,0.0763402440801,1.91317148829,0.152465595865,-0.0109963702,-0.0846620344555,0.000337249509987,-0.130619397027,-0.00878125448194,0.045370003845,-0.0193401507705,0.573968762216,0.818862264892,0.00227992063114,0.0,0.818823449776,-0.573908911028,-0.0117246254469,0.0,-0.00829254623901,0.00859658674254,-0.999928663642,0.0,0.655601890834,0.252990588936,0.303581971063,1.0,-0.0157,-0.0206342857143,0.786
0.460482258872,0.513208294119,-0.124107448081,-1.40993200534,0.0762038101996,1.91400997374,0.15214104719,-0.0152578024252,-0.0785334058945,-0.00106498494025,-0.133792746102,-0.0102483173766,0.048469566601,-0.0208317950579,0.573955119333,0.818872000011,0.00221709066485,0.0,0.818832202451,-0.573895336891,-0.0117776663622,0.0,-0.00837218440593,0.00857544223834,-0.99992818158,0.0,0.655313532189,0.25264826093,0.303551391683,1.0,-0.01604,-0.0210811428571,0.803
0.460279489255,0.511780220561,-0.124109169556,-1.41221865372,0.0760637940697,1.91481517935,0.151822078852,-0.011958561679,-0.084189927168,0.000287210386673,-0.134903850299,-0.00827880019778,0.0571366867384,-0.0204030835699,0.573942933132,0.818880663172,0.00217161055851,0.0,0.818840183358,-0.57388323575,-0.0118123979271,0.0,-0.00842685559716,0.0085580090697,-0.999927871692,0.0,0.655026662218,0.252293889651,0.303533200432,1.0,-0.01638,-0.021528,0.82
0.46008752567,0.510400149679,-0.124113113493,-1.41440755523,0.0759252862273,1.91565441478,0.151504611312,-0.0131383955579,-0.081795758523,0.00113636264098,-0.132216343612,-0.0119591505738,0.0543826072972,-0.0227110283599,0.573915350509,0.818899922822,0.00219857968904,0.0,0.818859851135,-0.573855610106,-0.0117910919761,0.0,-0.00839421863514,0.00856758227374,-0.999928064226,0.0,0.6547493825,0.25194387907,0.303530778696,1.0,-0.01672,-0.0219748571429,0.837
0.459889557447,0.508916286429,-0.12411884518,-1.41675683077,0.0757695879067,1.91651990185,0.15118295839,-0.0145536608636,-0.0865153149984,0.000433232422617,-0.14820560459,-0.0139005384972,0.0536424138136,-0.0220864159131,0.573902942582,0.818908659804,0.0021831845383,0.0,0.818868470148,-0.573843347091,-0.0117893383276,0.0,-0.00840174708676,0.00855384162822,-0.999928118636,0.0,0.654475905913,0.251600230278,0.303525926344,1.0,-0.01704,-0.0223954285714,0.853
0.459729913326,0.507770893209,-0.12411388452,-1.4185740949,0.0756557828763,1.91716207609,0.150924268001,-0.0133057324277,-0.0910464110958,0.00107268469945,-0.137391595286,-0.0075686048533,0.0508985584802,-0.0263366362321,0.573881649036,0.818923648048,0.00215834841517,0.0,0.818883055782,-0.573822072008,-0.0118117538919,0.0,-0.00843457901905,0.00854614828697,-0.999927908014,0.0,0.654244892343,0.251323347279,0.303517701063,1.0,-0.0173,-0.0227371428571,0.866
0.459479028073,0.505948300657,-0.124129742547,-1.42142519718,0.0754869091463,1.91821514321,0.150537432741,-0.0120943236438,-0.0941927975455,-0.00114409282576,-0.14690278343,-0.00742462640288,0.0497397992824,-0.0157317139377,0.57388358824,0.818922236417,0.00217824534422,0.0,0.818881870102,-0.573823899935,-0.0118051506634,0.0,-0.00841773321149,0.00855867262439,-0.999927942849,0.0,0.653896020748,0.250879854277,0.30352676484,1.0,-0.0177,-0.0232628571429,0.886
0.459258627166,0.504325908038,-0.124131198977,-1.42389063447,0.0753262448698,1.91917641223,0.150191464567,-0.00857138175919,-0.0974936818552,0.000634493410937,-0.144301593681,-0.00874899779258,0.048417197013,-0.0189970677152,0.573865562634,0.81893461378,0.00227184443066,0.0,0.818895581898,-0.573805638648,-0.0117414609508,0.0,-0.00831205167729,0.00859858901121,-0.999928484475,0.0,0.653603443411,0.250502994993,0.303570274746,1.0,-0.01804,-0.0237097142857,0.903
0.459023615033,0.502662337712,-0.124134087488,-1.42637896445,0.0751632745368,1.92011863956,0.149852705671,-0.0132618765032,-0.0973726520332,0.000661963364426,-0.143111501495,-0.00917553774131,0.0583948497852,-0.016578025749,0.573866266528,0.818933854331,0.00236585581045,0.0,0.818896138991,-0.573806094147,-0.0116801869279,0.0,-0.0082079160461,0.00864042180816,-0.999928984091,0.0,0.653305672159,0.250112046737,0.303629375586,1.0,-0.01838,-0.0241565714286,0.92
0.458791690958,0.500956790202,-0.124140468793,-1.42894170271,0.0749987878463,1.92101960418,0.149488455371,-0.0147014218094,-0.097515099553,0.00189551264935,-0.156533966076,-0.0113596835902,0.0512483683253,-0.0221630980783,0.573848598902,0.818946131421,0.00240130580515,0.0,0.81890886008,-0.573788283383,-0.0116632600936,0.0,-0.00817389797043,0.00865956278634,-0.999929097169,0.0,0.652981815363,0.249709964117,0.303678243103,1.0,-0.01872,-0.0246034285714,0.937
0.458549638484,0.499248047081,-0.124138039111,-1.43153565877,0.0748404831505,1.92195899295,0.149125296122,-0.0116345563974,-0.104325171797,0.000792917852708,-0.154934925553,-0.00651271480882,0.0579331778672,-0.0180040272986,0.573836905523,0.818954179473,0.00245044570799,0.0,0.818917454781,-0.573776318804,-0.0116483962782,0.0,-0.0081336516964,0.00869115976859,-0.999929151216,0.0,0.652657262406,0.249306420914,0.303716913338,1.0,-0.01906,-0.0250502857143,0.954
0.458301459995,0.497675925912,-0.124142250841,-1.43402764066,0.0746842257162,1.92288559816,0.148758783906,-0.0133358953524,-0.100745829941,-0.00013080208097,-0.157381664556,-0.0100653618283,0.0585226653824,-0.0218312065349,0.573827396675,0.818960835671,0.00245262391535,0.0,0.818924137718,-0.573766801763,-0.0116473498955,0.0,-0.00813164578333,0.00869224874646,-0.999929158065,0.0,0.652352960875,0.248904849568,0.303707447917,1.0,-0.01938,-0.0254708571429,0.97
0.458042483337,0.495997624014,-0.124139818661,-1.4367118031,0.0745206336694,1.92383363505,0.148365053038,-0.0142379242588,-0.100987547231,1.27558247527e-05,-0.156176250696,-0.0142255345743,0.0602001039655,-0.0193272790726,0.573806717512,0.818975463484,0.00240583669024,0.0,0.818938010325,-0.573746135896,-0.0116898969255,0.0,-0.00819355699941,0.00867813957625,-0.999928775222,0.0,0.652009662601,0.248479216362,0.303681602056,1.0,-0.01972,-0.0259177142857,0.987
0.457770845983,0.494336358861,-0.124144735548,-1.43944388693,0.0743529837887,1.9247817312,0.147981389686,-0.0198615166061,-0.10262479707,-0.000593081983189,-0.155829459228,-0.00952101841857,0.0543126801074,-0.024723678135,0.573810689676,0.818972981522,0.00230105456022,0.0,0.818934024939,-0.573750346838,-0.0117621937652,0.0,-0.00831284809323,0.00863385061752,-0.999928174011,0.0,0.651658034842,0.24803465927,0.303620774543,1.0,-0.0201874285714,-0.0265320489796,1.004
0.457544492716,0.492886152887,-0.124146411471,-1.44176939334,0.0741966301044,1.92563678289,0.14765973743,-0.0155617495245,-0.107009675862,0.00042094101924,-0.166247841859,-0.00499753367124,0.0619418676149,-0.0204862949241,0.573808174148,0.818974816173,0.00227522662377,0.0,0.818935582408,-0.573747990205,-0.0117687086326,0.0,-0.00833302972299,0.00861641114543,-0.999928156457,0.0,0.651367225219,0.247662490508,0.303597675757,1.0,-0.0211554285714,-0.027804277551,1.018
0.457194316566,0.490704231109,-0.124149387527,-1.44526473635,0.0739778378297,1.92689096008,0.147154931071,-0.0198254371555,-0.106491861471,0.000449264641709,-0.178599534548,-0.00713748308856,0.0571205182821,-0.0256741301203,0.573799109518,0.818981311388,0.0022227045024,0.0,0.81894129438,-0.573739025216,-0.0118082261141,0.0,-0.00839562583539,0.00859597963075,-0.999927808695,0.0,0.650923892491,0.247097111505,0.303560930038,1.0,-0.0225382857143,-0.0296217469388,1.038
0.456878397592,0.488746390384,-0.124164282467,-1.44840267468,0.0737813125572,1.92799597669,0.146707883851,-0.0147471073245,-0.115342764694,-0.000993082914574,-0.187727206007,-0.00454555381,0.0665284653033,-0.0312003216408,0.573805163586,0.818977250226,0.00215516928151,0.0,0.818936285892,-0.57374527379,-0.0118518924271,0.0,-0.00847007515562,0.00856578831777,-0.999927439916,0.0,0.650522961263,0.246580181296,0.303524903534,1.0,-0.0237137142857,-0.0311665959184,1.055
0.456536961201,0.486628516346,-0.124174571532,-1.45164288826,0.073574483898,1.92926806848,0.146230316172,-0.0209988359803,-0.12735166117,-0.00229451422656,-0.195052267332,-0.0147325748533,0.0737984965425,-0.0412116257588,0.573805950186,0.81897637701,0.00227427632254,0.0,0.818937108006,-0.573745746472,-0.0117719343356,0.0,-0.00833624026466,0.00861746115418,-0.999928120647,0.0,0.650138756342,0.246048941702,0.30356459461,1.0,-0.0248891428571,-0.032711444898,1.072
0.456181126045,0.484418477141,-0.124192588409,-1.45500613821,0.0733641880438,1.93049509343,0.145719507836,-0.0169055876379,-0.138427397559,-0.00162194292525,-0.207412518136,-0.0140337227526,0.0693692256685,-0.0314246107248,0.573800696181,0.81897988915,0.00233433754738,0.0,0.818941407476,-0.573740273672,-0.0117395225042,0.0,-0.00827528870084,0.00864799836309,-0.999928363295,0.0,0.649721347538,0.245487253738,0.303604931172,1.0,-0.0260645714286,-0.0342562938776,1.089
0.455792984139,0.482124795851,-0.124226636155,-1.45857843304,0.0731368786422,1.93169532097,0.145185041614,-0.0186563575946,-0.135272340015,-0.000113722133281,-0.215482498631,-0.0164680391753,0.0722420478526,-0.0321160678922,0.573818279675,0.818967769644,0.00226298376697,0.0,0.818928303799,-0.573758065878,-0.01178397124,0.0,-0.00835244826524,0.00861524543266,-0.999928004485,0.0,0.649259733295,0.244867508097,0.303600904696,1.0,-0.02724,-0.0358011428571,1.106
0.455416035237,0.47985835699,-0.124241018563,-1.46206729249,0.0729268244383,1.93299786175,0.144673377045,-0.0221383445805,-0.141361759732,-0.00532386980585,-0.214807090473,-0.017142658981,0.0778938623566,-0.028191138772,0.573831933653,0.818958009568,0.00233182028322,0.0,0.818919389234,-0.573771406014,-0.0117539133469,0.0,-0.00828818925006,0.00865451029211,-0.999928200108,0.0,0.648828172145,0.244285733651,0.303624735902,1.0,-0.0283462857143,-0.0372551183673,1.122
0.455023134348,0.477520942416,-0.124248433808,-1.46562533674,0.0727066067403,1.93430194352,0.144154390154,-0.0240149602501,-0.149611821201,0.000699797834525,-0.223069106587,-0.0186263352924,0.0765344682646,-0.0380083751525,0.573846958056,0.818947274006,0.00240375311185,0.0,0.81890952602,-0.573786095649,-0.0117239726187,0.0,-0.00822223360714,0.00869638977753,-0.999928381275,0.0,0.648382402887,0.243689293923,0.303663413262,1.0,-0.0294525714286,-0.0387090938775,1.138
0.454583166397,0.474964199685,-0.124269392971,-1.46958339465,0.0724616993315,1.93574843242,0.143600828538,-0.0240209963079,-0.151573300852,0.000597981169762,-0.236163014037,-0.0095042046075,0.0868281451557,-0.0375697171295,0.573893758678,0.818914372507,0.00243949860383,0.0,0.818877057073,-0.573832725822,-0.0117096147196,0.0,-0.00818946532951,0.00871789208798,-0.999928462949,0.0,0.647885399323,0.243015996667,0.303675022135,1.0,-0.030628,-0.0402539428571,1.155
0.45419115303,0.472622685707,-0.124276171735,-1.47321320561,0.0722322056388,1.93698997459,0.143075343704,-0.0249528436947,-0.158127569444,-0.00126276561356,-0.245102769561,-0.0171662606076,0.0852225635569,-0.0340019718409,0.57390062573,0.818909671257,0.0024018763116,0.0,0.818871691807,-0.573839544656,-0.0117505849783,0.0,-0.00824453480557,0.00871066429783,-0.9999280734,0.0,0.647404729669,0.242407310154,0.303674356223,1.0,-0.0316651428571,-0.041617044898,1.17
0.453652731786,0.469405677844,-0.12426648242,-1.47813115187,0.0719222090743,1.93882524938,0.142303170622,-0.0276290983383,-0.164407300788,0.000148018022236,-0.24937738542,-0.0092640067843,0.101574405261,-0.0428466693493,0.573852461127,0.818943074173,0.00251813912422,0.0,0.818906510426,-0.573790859762,-0.0117014245839,0.0,-0.00813807209094,0.00877718080706,-0.999928363874,0.0,0.646779192109,0.241600205846,0.303714773193,1.0,-0.033048,-0.0434345142857,1.19
0.453200326938,0.466740152391,-0.124271575608,-1.48219336359,0.0716442254527,1.94033331532,0.141655506323,-0.0297603176901,-0.165535871448,-0.00123556351774,-0.253993321775,-0.015146811522,0.0874379436401,-0.0428297073358,0.573811629749,0.818971425714,0.00260083242559,0.0,0.81893608345,-0.573749901914,-0.0116399389175,0.0,-0.0080407048299,0.00880921744549,-0.999928869847,0.0,0.646297772832,0.240961768442,0.303752320409,1.0,-0.0340851428571,-0.0447976163265,1.205
0.452690709388,0.463810862493,-0.124280638411,-1.4867521753,0.07133805456,1.94186575044,0.140969039244,-0.0279363698154,-0.176298752408,-0.00121485055004,-0.26886970022,-0.0181255356744,0.0938839643769,-0.0434934648938,0.573803898684,0.818977117569,0.00251269848085,0.0,0.818940500506,-0.573742341702,-0.0117016610067,0.0,-0.00814190784856,0.00877237815369,-0.999928374794,0.0,0.645649020153,0.240138504827,0.303734738789,1.0,-0.0353297142857,-0.0464333387755,1.223
0.452190109502,0.460999787967,-0.124276266434,-1.49116732631,0.0710408590072,1.94343109511,0.140316504132,-0.0329198101858,-0.173615354358,0.000612819440884,-0.278465569901,-0.0190783596122,0.0952818057682,-0.0440248578196,0.573800720266,0.818979466126,0.0024727285858,0.0,0.818942265463,-0.573739239636,-0.0117302020834,0.0,-0.00818825087035,0.00875598893415,-0.999928140021,0.0,0.645064546327,0.239392628599,0.303705342012,1.0,-0.036436,-0.0478873142857,1.239
0.451635975029,0.457947937076,-0.124281476303,-1.49588978494,0.0707163614001,1.94510559734,0.13958784441,-0.0306529856159,-0.179222721524,-0.00157996361644,-0.285041667178,-0.0245615001963,0.0963088524937,-0.045733535063,0.573790955044,0.818986332829,0.0024644372099,0.0,0.818949056332,-0.573729540069,-0.0117305109226,0.0,-0.00819336544339,0.00874927804357,-0.999928156867,0.0,0.644443752903,0.238577170738,0.3037030169,1.0,-0.0376114285714,-0.0494321632653,1.256
0.451038716336,0.454848588818,-0.124312680651,-1.50086283952,0.0703843639437,1.94681457279,0.138836096716,-0.0365866025736,-0.193588649221,-0.00090063732269,-0.297710630942,-0.0208966447299,0.104412770932,-0.0417893145578,0.573824564594,0.818963227924,0.00231241831857,0.0,0.818923909976,-0.573763647847,-0.0118174862256,0.0,-0.00835146588703,0.00867502556006,-0.999927495846,0.0,0.643780158337,0.237691758837,0.303616073962,1.0,-0.0387868571429,-0.0509770122449,1.273
0.450478804029,0.451741386611,-0.124362131539,-1.50554595931,0.0700695665669,1.94852183423,0.138083402549,-0.0335428054051,-0.19998167451,-0.00661750443797,-0.293202698528,-0.0256273264545,0.112982065215,-0.0495875531884,0.573830166183,0.818959028844,0.00240756190593,0.0,0.818921180205,-0.573769133017,-0.0117400813226,0.0,-0.00823341940991,0.00870858392101,-0.999928183107,0.0,0.643179716399,0.23685682256,0.30366986954,1.0,-0.0398931428571,-0.0524309877551,1.289
0.449851922687,0.448348986579,-0.124383648064,-1.51063648343,0.0697275005007,1.95034579229,0.137327917179,-0.0387370567788,-0.208603635598,-0.00231772525994,-0.304452821315,-0.0181970316442,0.102918122721,-0.0441296377834,0.573876756755,0.818926088958,0.0025051510758,0.0,0.81888957769,-0.573815437256,-0.0116811993646,0.0,-0.00812870105271,0.0087551794772,-0.999928632979,0.0,0.642513804095,0.235955509021,0.303732159702,1.0,-0.0410685714286,-0.0539758367347,1.306
0.449216615921,0.444888415179,-0.124382315786,-1.51593100982,0.0693615434546,1.95212810782,0.136532158485,-0.0401469095251,-0.2031527919,0.000436817457291,-0.314444450037,-0.0241825932893,0.116478996041,-0.0517358738067,0.57388002135,0.818923950375,0.00245591109568,0.0,0.818886654933,-0.573818724411,-0.0117245379388,0.0,-0.00819241488232,0.00873975917202,-0.9999282479,0.0,0.641782807476,0.235033995397,0.303737238718,1.0,-0.042244,-0.0555206857143,1.323
0.448571762089,0.441404928958,-0.124388267326,-1.52128555075,0.0689789821105,1.95405467247,0.135660001154,-0.037810616466,-0.210737297322,-0.00126888450197,-0.323010731107,-0.0253594361793,0.113156226796,-0.0542781690389,0.573830206544,0.818958773905,0.00248346611094,0.0,0.818921996569,-0.573768987292,-0.0116901522193,0.0,-0.00814897378584,0.00874209580095,-0.999928582443,0.0,0.64106569247,0.234102964482,0.303739368079,1.0,-0.0434194285714,-0.0570655346939,1.34
0.447873861925,0.437889592,-0.124391463479,-1.52678363901,0.0686200498477,1.95598498526,0.13476139583,-0.0403179329247,-0.212982121517,-0.00207900671459,-0.32575981492,-0.0181641218372,0.117906029155,-0.0502935768541,0.573811716641,0.818971860061,0.00243991291535,0.0,0.818934284877,-0.573750410466,-0.0117409728332,0.0,-0.00821578350277,0.00873540429857,-0.999928094221,0.0,0.640318803517,0.233128258418,0.30369263136,1.0,-0.0445948571429,-0.0586103836735,1.357
0.447142115749,0.434180189991,-0.124409171818,-1.5323384022,0.0682328192164,1.95795658981,0.133875643748,-0.0446581855192,-0.222977520638,-0.000267367173263,-0.329873306798,-0.0210117890009,0.11841053317,-0.0529719078246,0.573833460396,0.818956339033,0.0025340460555,0.0,0.818920091242,-0.573771922678,-0.0116795465868,0.0,-0.0081112304032,0.00877746485414,-0.999928579476,0.0,0.639577679273,0.232118602265,0.303751530791,1.0,-0.0457702857143,-0.0601552326531,1.374
0.446444138395,0.430681857511,-0.124430236131,-1.53773743928,0.0678386599872,1.9598288752,0.133015716628,-0.0392284592448,-0.218664072583,-0.00243694047031,-0.34416570017,-0.0254078327834,0.107902008485,-0.0506984463023,0.573845276534,0.818948269196,0.00246533598865,0.0,0.818911285922,-0.573784152355,-0.0116961189005,0.0,-0.00816410279361,0.00873082214488,-0.999928557533,0.0,0.63878942791,0.231070545648,0.303718869166,1.0,-0.0469457142857,-0.0617000816326,1.391
0.445676453747,0.426838836976,-0.124464194648,-1.54368591375,0.067408912764,1.96174410885,0.132065725379,-0.0446716670005,-0.228433510549,-0.00152586740016,-0.346526304514,-0.0200280149965,0.117625323948,-0.0561023143532,0.573848786745,0.818946265253,0.00230900014634,0.0,0.818907165006,-0.573788152439,-0.0117880500693,0.0,-0.00832906301119,0.00865558164096,-0.999927851205,0.0,0.637990561415,0.230044182483,0.303681572275,1.0,-0.048052,-0.0631540571429,1.407
