position_joint1,position_joint2,position_joint3,position_joint4,position_joint5,position_joint6,position_joint7,velocity_joint1,velocity_joint2,velocity_joint3,velocity_joint4,velocity_joint5,velocity_joint6,velocity_joint7,ee_T_00,ee_T_10,ee_T_20,ee_T_30,ee_T_01,ee_T_11,ee_T_21,ee_T_31,ee_T_02,ee_T_12,ee_T_22,ee_T_32,ee_T_03,ee_T_13,ee_T_23,ee_T_33,v_x,v_y,time
0.465056673372,0.547810446212,-0.123978261077,-1.35586835287,0.0793984244496,1.89409954198,0.159154811365,0.00142602096833,-0.000283170145935,-5.62162516397e-07,-0.00122611004459,0.000335310413453,0.000579617480732,-0.00170936114639,0.573783982535,0.818992869836,0.00183505967333,0.0,0.818949067043,-0.573726703297,-0.0118677047101,0.0,-0.008666909667,0.00831247932052,-0.999927891082,0.0,0.661675771144,0.260864028547,0.303176212099,1.0,0.0,0.0,0.0
0.465051805596,0.547807653334,-0.12397992716,-1.35586655692,0.0793969986731,1.89409791438,0.159154919975,-0.000607246185252,-0.00162791978953,-0.00112255648356,0.000382812246445,-0.000247808542535,-2.83946468325e-05,-0.0106298962173,0.573788730624,0.818989540141,0.00183647762565,0.0,0.818945777579,-0.573731465813,-0.0118644605128,0.0,-0.00866339085644,0.0083118293628,-0.999927926978,0.0,0.661677665313,0.260859752377,0.303178956509,1.0,-0.00022,-0.000289142857143,0.012
0.465050980179,0.547811238941,-0.12398246569,-1.35586703727,0.0793955466371,1.8940981733,0.159151721027,0.000407115302984,-0.000193593647814,-0.00122979568051,0.000365494758126,-0.000122842040055,0.0068425451872,-0.0111057178436,0.573788209655,0.818989915733,0.00183174503409,0.0,0.818946117834,-0.573730989739,-0.0118639959332,0.0,-0.00866573098037,0.00830768141898,-0.999927941172,0.0,0.661678391004,0.260857414283,0.303176291768,1.0,-0.00054,-0.000709714285714,0.028
0.465055242086,0.547786894706,-0.123976785606,-1.35587950636,0.0793983713716,1.89410113773,0.159158887256,0.00109030832124,-0.00620180971629,0.000183606236963,0.00123052458861,0.000197972413616,-0.00019006114545,-0.00024565922492,0.573788027603,0.818990006343,0.0018481858883,0.0,0.818946357876,-0.573730677555,-0.0118625231027,0.0,-0.00865509356655,0.00832029902692,-0.999927928393,0.0,0.661674195728,0.260863024029,0.303187677189,1.0,-0.00086,-0.00113028571429,0.044
0.465055586842,0.547693487969,-0.123977521363,-1.35598038365,0.0793937517736,1.89411947145,0.159159740937,0.000313915885744,-0.00338355969288,-0.000218836918964,-0.0103968338023,-0.000504969992521,0.0107449392104,0.00167994271682,0.573793203064,0.81898635485,0.00185945908267,0.0,0.81894281859,-0.573735772537,-0.0118604423266,0.0,-0.00864686871366,0.00832839220188,-0.999927932176,0.0,0.661657535799,0.260852578606,0.303207442414,1.0,-0.00122,-0.00160342857143,0.062
0.465049894168,0.547559427858,-0.123974372272,-1.35615451758,0.0793909999429,1.89414937273,0.159147114312,-0.00107615647716,-0.00818030387159,0.00135897583698,-0.00639683030445,-0.000145988248881,-0.000967174412323,-0.00187443128322,0.573794066389,0.818985753926,0.00185772560404,0.0,0.818942061806,-0.573736514601,-0.0118767891649,0.0,-0.00866124287102,0.00833636128777,-0.999927741366,0.0,0.661628032993,0.260833308948,0.303222016615,1.0,-0.00156,-0.00205028571429,0.079
0.46503784772,0.547444371107,-0.123976419721,-1.35632459838,0.0793850479562,1.89422180976,0.159143739767,0.000310294087382,-0.00719852008262,0.00121929102358,-0.0101626645988,0.000257134265381,0.00220370419342,-0.0022421850437,0.573810600792,0.81897413256,0.00187390434747,0.0,0.81893063428,-0.573752963756,-0.0118701187823,0.0,-0.00864632852857,0.00834595835135,-0.999927790384,0.0,0.661610468502,0.26080943531,0.303228915711,1.0,-0.00184,-0.00241828571429,0.093
0.465014155165,0.547226190196,-0.123980372275,-1.35656656591,0.0793799661481,1.89436642644,0.159134457896,-0.00422597258452,-0.00708312718469,-0.0046837437363,-0.0145229484321,-5.28548481871e-05,0.0103911352777,-0.00470166019427,0.573837637544,0.818954938539,0.00198022278219,0.0,0.818912827279,-0.573779567859,-0.0118125241621,0.0,-0.00853787800757,0.00840026252692,-0.999928267542,0.0,0.661596972862,0.260774639257,0.303280973796,1.0,-0.00222,-0.00291771428571,0.112
0.464983309488,0.547003572468,-0.123974364478,-1.35684699338,0.0793708131921,1.89450517943,0.1591168763,-0.00423739464877,-0.0122562318509,0.00185633192856,-0.0167243199947,-0.000104932661409,0.0111235867344,-0.000577186260533,0.573857731898,0.818940675576,0.00205434391396,0.0,0.818899471904,-0.573799310191,-0.0117793649919,0.0,-0.00846798303849,0.00844214336111,-0.999928509184,0.0,0.661573390652,0.260735301689,0.30331701371,1.0,-0.00258,-0.00339085714286,0.13
0.464953691967,0.546793415807,-0.1239771594,-1.35718054791,0.0793554940965,1.8946285288,0.159094586641,-0.00294248814214,-0.0131242313613,-0.000989537419758,-0.0246306770925,-0.00102982569118,0.0134608692902,-0.00019169995246,0.573880291305,0.818924863466,0.00205575997371,0.0,0.818883648232,-0.573821831415,-0.0117823321748,0.0,-0.00846936787607,0.0084452390449,-0.999928471314,0.0,0.661536239654,0.260683151714,0.30331787276,1.0,-0.0029,-0.00381142857143,0.146
0.464913349136,0.546521615041,-0.123979674653,-1.35758027014,0.0793426025405,1.89477405864,0.15897334197,-0.00335211659031,-0.00816813552081,0.000234149653967,-0.0275526326482,-0.00134915279179,0.0130329018231,-0.0164515328517,0.573834691007,0.81895676215,0.00207750487793,0.0,0.818915729034,-0.573776050917,-0.0117821490384,0.0,-0.0084572109106,0.00846247020333,-0.99992842853,0.0,0.661492531691,0.260618927503,0.303332803699,1.0,-0.00324,-0.00425828571429,0.163
0.46487285653,0.546242938581,-0.12398203952,-1.35804679975,0.0793033205746,1.89493383528,0.158927362564,-0.00398725898634,-0.0153152167765,-0.00130430664114,-0.0298661077383,-0.00669931767925,0.00394361920983,-0.000149288484873,0.573847456416,0.818947895641,0.00204643363416,0.0,0.818906551439,-0.573789029514,-0.0117879820812,0.0,-0.00847968521052,0.0084405039495,-0.999928423854,0.0,0.661437958413,0.260543537734,0.3033219734,1.0,-0.00358,-0.00470514285714,0.18
0.464834446224,0.545944092097,-0.12397929631,-1.3585529446,0.0792297444757,1.89511054885,0.158891751573,0.000872890627119,-0.0184978094382,-0.000404361833051,-0.0333007777632,-0.0106727750816,0.00874053302887,-0.00483989436404,0.573856542691,0.818941652107,0.0019964358183,0.0,0.818900017752,-0.573798668569,-0.0117726707078,0.0,-0.00849574175405,0.00839086698783,-0.99992870532,0.0,0.661378364649,0.260463642971,0.303307791636,1.0,-0.0039,-0.00512571428571,0.196
0.464774962397,0.545599806948,-0.123982857306,-1.35915266812,0.0792107520049,1.89530912301,0.158793271842,-0.000836054648643,-0.0194276837262,-0.000108822766954,-0.0352627393844,-0.004881410081,0.00586789978518,-0.00222016833662,0.573855452132,0.818942512849,0.001956427139,0.0,0.818900184461,-0.573797566502,-0.0118147140177,0.0,-0.00855314312937,0.00838221798312,-0.999928288511,0.0,0.661306656752,0.260365973582,0.30328342786,1.0,-0.00424,-0.00557257142857,0.213
0.464708594778,0.545239846818,-0.123982726731,-1.35979723292,0.0791938277857,1.8955162774,0.158695780304,-0.00424991431377,-0.0227516929949,3.10230061615e-05,-0.0379323100713,-0.000496382800656,0.0139257722874,-0.00778441631286,0.573861222915,0.818938596582,0.00190230501472,0.0,0.818895315437,-0.573803314784,-0.0118728766104,0.0,-0.00863177417397,0.00837133333038,-0.999927704013,0.0,0.661227526443,0.260261691077,0.303249421418,1.0,-0.00456,-0.00599314285714,0.229
0.464645056066,0.54480754744,-0.123985967953,-1.36050067875,0.0791590905863,1.89575185988,0.158656749951,-0.00456962263449,-0.0282233147564,0.0006421983034,-0.0456184150812,-0.00303280201997,0.00969244139256,-0.0041595413253,0.573913413605,0.818902084956,0.00187505710717,0.0,0.818858360912,-0.57385552693,-0.0118981459646,0.0,-0.00866757153084,0.00836407278981,-0.999927455114,0.0,0.661143401249,0.260150345974,0.303241106786,1.0,-0.0049,-0.00644,0.246
0.4645799051,0.54433319956,-0.123986126059,-1.3612935837,0.0791230506282,1.89603897807,0.158524064734,-0.00447315723292,-0.0238759563237,-0.00102927269278,-0.0445512113982,-0.00653387186066,0.0113432880088,-0.00938598171278,0.573892835443,0.818916554171,0.00185408552616,0.0,0.818872429147,-0.573834916152,-0.0119239543823,0.0,-0.00870095214269,0.00836149249344,-0.999927186787,0.0,0.661049777319,0.260032945876,0.303224303365,1.0,-0.00526,-0.00691314285714,0.264
0.464511046466,0.543850315227,-0.123984597984,-1.36207146122,0.0790845606617,1.89631127711,0.158450347391,-0.00227507402803,-0.0325889877191,-0.000759521873367,-0.052509704132,-0.000775563972339,0.0187421936223,8.80291027533e-05,0.573920773491,0.818897007814,0.00183936117619,0.0,0.818852578832,-0.573862805564,-0.01194493334,0.0,-0.00872629721389,0.00836177201433,-0.999926963586,0.0,0.660957489571,0.259914573267,0.303219293246,1.0,-0.00558,-0.00733371428571,0.28
0.464433993171,0.543346648531,-0.123989208032,-1.36286947364,0.0790369042756,1.89658214689,0.158344773363,-0.00422256915175,-0.031682265447,-0.000511123202932,-0.0498256554471,-0.00123551708571,0.0140142171717,-0.00763737943968,0.573932192644,0.818889050066,0.0018190190919,0.0,0.818844334434,-0.573874289499,-0.0119583744124,0.0,-0.00874886201667,0.00835295034479,-0.999926840141,0.0,0.660864768884,0.259783538629,0.303219410866,1.0,-0.0059,-0.00775428571429,0.296
0.464350223234,0.542719029083,-0.123984642939,-1.36386223362,0.0789759083781,1.89693844294,0.158201112984,-0.00474702018692,-0.0343923154586,0.00026423832976,-0.0596346709698,-0.0039808108209,0.0194120036984,-0.00306710547612,0.573918809136,0.818898445482,0.00181201768246,0.0,0.818853598011,-0.573860898926,-0.011966645677,0.0,-0.00875979009951,0.00835182103367,-0.999926753899,0.0,0.660747741927,0.259635542955,0.303221547626,1.0,-0.00628,-0.00825371428571,0.315
0.464274975256,0.542155607965,-0.123992775185,-1.36472859885,0.0789274963196,1.8972605138,0.158104167598,-0.00250596553042,-0.0334584826206,0.000149087069858,-0.054404684723,-0.00736718781669,0.0209728675837,-0.00528497348038,0.573941935611,0.81888220123,0.00182810212413,0.0,0.818837564305,-0.57388395451,-0.011958132799,0.0,-0.00874335196938,0.00836035353825,-0.999926826465,0.0,0.660651179247,0.259499703714,0.303235820054,1.0,-0.0066,-0.00867428571429,0.331
0.464187638247,0.541551310405,-0.123995521696,-1.36563164071,0.0788682426642,1.89759437293,0.157968187852,-0.00745139501548,-0.0329553999162,-0.00179874724273,-0.0548969337839,-0.000112080737629,0.0170711022016,-0.00616659701364,0.573938264602,0.818884712934,0.00185533002385,0.0,0.818840478657,-0.57388021394,-0.0119380678216,0.0,-0.00871133177018,0.00837109442252,-0.999927016075,0.0,0.660551957899,0.259354240226,0.303262288261,1.0,-0.00692,-0.00909485714286,0.347
0.464110604744,0.540875417719,-0.123995263288,-1.36665685796,0.0788125274606,1.8979866005,0.157842051353,-0.00168714375085,-0.0428762910568,0.000167241783253,-0.062276721136,-0.00100537562278,0.02220087256,-0.00573321709039,0.573939872034,0.818883495794,0.00189486318815,0.0,0.818839725418,-0.573881605239,-0.0119228414115,0.0,-0.00867615796963,0.00839474495154,-0.999927123615,0.0,0.660434349046,0.259208301675,0.303286113547,1.0,-0.00726,-0.00954171428571,0.364
0.464010391971,0.540162448145,-0.123991674266,-1.3677562576,0.0787437889229,1.89839174019,0.157715615596,-0.0038037978983,-0.0408439918705,-0.00162842286446,-0.0636123949485,-0.00406110722092,0.0256386371051,-0.00759995090407,0.573958334065,0.818870520445,0.00191007958461,0.0,0.818826939683,-0.573899992988,-0.011915863322,0.0,-0.00866152130091,0.00840339547344,-0.999927177845,0.0,0.660308928694,0.259039446959,0.303301723812,1.0,-0.0076,-0.00998857142857,0.381
0.463917261545,0.539464044769,-0.124007615123,-1.36884483456,0.0786884245718,1.89880570205,0.157577233029,-0.00546082177683,-0.0420167615752,-0.000331754683553,-0.0686844364632,-0.00357420897454,0.0241435826502,-0.00872054024671,0.573977932216,0.818856733713,0.00193129063686,0.0,0.818813418499,-0.573919489973,-0.0119059487585,0.0,-0.00864102734144,0.0084152805582,-0.999927255204,0.0,0.660189068397,0.258867803423,0.303313513797,1.0,-0.00792,-0.0104091428571,0.397
0.463807237021,0.53870697213,-0.124003128553,-1.37001087467,0.0786236422409,1.89925017993,0.157430505408,-0.007617472776,-0.0460937543224,0.00101588245492,-0.066749199058,-0.00390612690209,0.0225644700453,-0.00789911765299,0.5739918569,0.81884689283,0.00196499764319,0.0,0.81880394828,-0.573933206769,-0.0118960224476,0.0,-0.00861340945445,0.0084373302878,-0.999927307676,0.0,0.660058922287,0.258688992011,0.303331729831,1.0,-0.00826,-0.010856,0.414
0.463690123351,0.537879756827,-0.124014368658,-1.37131529424,0.0785487452584,1.89975377214,0.15727671878,-0.00819481927245,-0.0464252255926,-0.00497485408044,-0.070647965096,-0.00268509897273,0.031911736045,-0.00525645834596,0.574021760772,0.818825881613,0.00198511013468,0.0,0.818783234661,-0.573963059413,-0.0118814127162,0.0,-0.00858959373226,0.00844572695145,-0.999927441656,0.0,0.659916106137,0.258483259347,0.303339130113,1.0,-0.00862,-0.0113291428571,0.432
0.463591880236,0.537160174672,-0.124022629311,-1.37244098446,0.0784699736265,1.9001645026,0.157134724301,-0.00475601117017,-0.0470741851283,-0.00363026306412,-0.0721725611821,-0.00238600791646,0.0324663806534,-0.00557070864971,0.574032567305,0.818818316097,0.00198085794576,0.0,0.818775732421,-0.573973998624,-0.0118699538107,0.0,-0.00858253987609,0.00843578089004,-0.999927586183,0.0,0.65978772764,0.258304605734,0.30334727742,1.0,-0.00892,-0.0117234285714,0.447
0.46347161081,0.536269407556,-0.124018693314,-1.37384073163,0.078399409479,1.90069167474,0.156965855561,-0.00241149989291,-0.0485691530215,0.000399897496608,-0.0791536434226,-0.00242438702294,0.0253416802159,-0.00732281224142,0.574048147506,0.818807337392,0.00200386613587,0.0,0.818764902594,-0.573989334773,-0.0118753841771,0.0,-0.00857361897695,0.00845790039009,-0.999927475859,0.0,0.659625705682,0.258097448137,0.303355437297,1.0,-0.00928,-0.0121965714286,0.465
0.463356811796,0.535379376071,-0.12402260703,-1.37524169493,0.0783207806507,1.9012001431,0.156785788451,-0.00211061480845,-0.0566566783932,0.000555806564607,-0.0850927629278,-0.00764585630147,0.0294926177334,-0.0173784898265,0.574053226928,0.818803776234,0.00200389112111,0.0,0.818761275226,-0.573994347838,-0.0118831705297,0.0,-0.00857992791634,0.00846244376669,-0.999927383305,0.0,0.659460134116,0.257886640033,0.303360940153,1.0,-0.00962,-0.0126434285714,0.482
0.463241509295,0.534535565981,-0.124030192474,-1.3766003754,0.0782508819566,1.90170253647,0.156625018091,-0.00981864434893,-0.0573120953177,-0.00183676577118,-0.0893300463125,-0.00317128836641,0.0290215811432,-0.00934746527725,0.574077112932,0.818787046758,0.00199684030938,0.0,0.818744362688,-0.574018169854,-0.0118977369909,0.0,-0.008595655807,0.00846528323158,-0.999927224192,0.0,0.659302108897,0.257678787991,0.303353401175,1.0,-0.00994,-0.013064,0.498
0.463116892819,0.533617059389,-0.124030794329,-1.37807742253,0.0781415566972,1.90223668698,0.156454844843,-0.0107653690955,-0.0537778814214,8.38617971864e-05,-0.0894976305138,-0.00612803356428,0.0336766645473,-0.00963159622307,0.574091602715,0.818776966955,0.00196391885418,0.0,0.818734002902,-0.574032939456,-0.0118980592292,0.0,-0.00861466859472,0.00843866550743,-0.999927285561,0.0,0.659127489881,0.257451603516,0.303344507236,1.0,-0.01028,-0.0135108571429,0.515
0.462972946524,0.532616379879,-0.124028560885,-1.37968688877,0.0780873604978,1.90285622973,0.156241417137,-0.00876094947784,-0.0531082684967,0.000388838899717,-0.0932685435384,-0.00274686431124,0.0331257937639,-0.0171217532026,0.574106814766,0.818766225202,0.0019951463412,0.0,0.818723273416,-0.574047633215,-0.0119274166954,0.0,-0.00862062288275,0.0084812472411,-0.999926873979,0.0,0.658942123845,0.257213368322,0.303337764448,1.0,-0.01064,-0.013984,0.533
0.462860773856,0.531745402773,-0.12403294761,-1.38108192267,0.0779818885684,1.90336178893,0.156067618408,-0.00419265731427,-0.0613613421135,-0.000667390685729,-0.0991148618295,-0.00578643605842,0.0391984872907,-0.0134005764336,0.574107048773,0.818766131555,0.0019660285768,0.0,0.818722978676,-0.574048163025,-0.0119221481341,0.0,-0.00863302222702,0.00845438482595,-0.999926994487,0.0,0.658776335092,0.257000026966,0.303331657331,1.0,-0.01094,-0.0143782857143,0.548
0.462717976681,0.530681561837,-0.124023800433,-1.38280724771,0.0778715455465,1.90396481651,0.155843273914,-0.00811445477811,-0.0622410922296,0.00213426797123,-0.101415925984,-0.00632218698685,0.0305917405417,-0.00982832142568,0.574097822582,0.818772721501,0.00191508055025,0.0,0.818728835742,-0.574039084223,-0.0119570151362,0.0,-0.00869091406586,0.00843259037703,-0.999926677028,0.0,0.658562639369,0.256743557782,0.30331210613,1.0,-0.0113,-0.0148514285714,0.566
0.462583051244,0.529645775747,-0.124033984166,-1.38444331417,0.0777701264781,1.90456853193,0.155628725254,-0.00359968156503,-0.0580921687264,-8.93259302265e-05,-0.0942250635192,-0.0122171765414,0.0319902298311,-0.0123771611267,0.574101354103,0.818770248875,0.00191355060831,0.0,0.818726388785,-0.574042666023,-0.0119526061387,0.0,-0.00868814588381,0.00842884402992,-0.999926732671,0.0,0.658370608627,0.256492765439,0.303315709182,1.0,-0.01164,-0.0152982857143,0.583
0.462451412191,0.528612357754,-0.12403262731,-1.38602984342,0.0776846373864,1.90516436739,0.155407936856,-0.00323329228926,-0.0628289269714,0.00162804288114,-0.100030912038,-0.00609510001073,0.0448865414751,-0.0220258332623,0.574090430337,0.818777808048,0.00195595123138,0.0,0.818734386306,-0.574031454111,-0.0119432522003,0.0,-0.00865625898784,0.00845807417051,-0.999926762399,0.0,0.658183732296,0.256258749972,0.303339929121,1.0,-0.01196,-0.0157188571429,0.599
0.462309037151,0.527504508703,-0.124039350789,-1.38775818956,0.077567920105,1.90583737945,0.155159735783,-0.0098298149035,-0.0672468175288,-0.000714980983054,-0.104685295168,-0.00571412676119,0.0361537124882,-0.0152084105032,0.574070736023,0.81879153247,0.00199080340112,0.0,0.818748726371,-0.574011775846,-0.0119059294813,0.0,-0.00860589534003,0.00846497642655,-0.999927138715,0.0,0.657986857679,0.255997332365,0.303355722968,1.0,-0.0123,-0.0161657142857,0.616
0.462164166631,0.52635096001,-0.12404000198,-1.38954173646,0.077452140201,1.90651412834,0.154922139644,-0.00904925682895,-0.0667889076754,0.000582857485404,-0.102890416313,-0.00371120651137,0.0448264885925,-0.0173981705223,0.574060361957,0.818798721022,0.00202538509021,0.0,0.818756434687,-0.574001329963,-0.0118794259712,0.0,-0.00856444994839,0.00847796787532,-0.999927384492,0.0,0.657777661489,0.255732296533,0.303377244875,1.0,-0.01264,-0.0166125714286,0.633
0.462024137281,0.525232980875,-0.124041067088,-1.39127784344,0.0773471465755,1.90713314133,0.154693762273,-0.0117434231519,-0.0694491616254,0.000877742244165,-0.104060613845,-0.0052344074038,0.0429258444761,-0.0205703003369,0.574053758379,0.818803347222,0.00202681286441,0.0,0.818761023365,-0.573994665836,-0.0118851634728,0.0,-0.00856839682918,0.00848236144728,-0.999927313418,0.0,0.657564851825,0.255473243883,0.303391049396,1.0,-0.01296,-0.0170331428571,0.649
0.461861671592,0.524057829711,-0.124043549151,-1.39316486059,0.0772212165278,1.90780556692,0.15442337897,-0.0131844948607,-0.0680169580423,0.000121744965199,-0.111348159067,-0.00480392619245,0.0369217591725,-0.0200675573647,0.574034353363,0.818817050669,0.00198635185074,0.0,0.81877424505,-0.57397547348,-0.0119011926521,0.0,-0.00860494789475,0.00845823001245,-0.999927203959,0.0,0.657335378653,0.25518174429,0.303377628292,1.0,-0.0133,-0.01748,0.666
0.461700459316,0.522769233096,-0.12404536611,-1.3952053823,0.0771055714,1.9085827201,0.154158131535,-0.00580857457049,-0.070354762563,0.000222991125848,-0.11034772307,-0.000695344689133,0.0375512299729,-0.0176339814509,0.574028802946,0.818820884171,0.00200995903144,0.0,0.818778316549,-0.573969758355,-0.0118967114831,0.0,-0.00858778545721,0.00847492909238,-0.99992721011,0.0,0.657092005843,0.254883479555,0.30337965102,1.0,-0.01366,-0.0179531428571,0.684
0.461549450717,0.521616863305,-0.124055667895,-1.39706252378,0.0769938440018,1.90930596598,0.153904144937,-0.00801459010942,-0.069772439383,-0.00130057833372,-0.119664276949,-0.0083848978939,0.0426189838344,-0.0145418382854,0.574021200794,0.818826186593,0.00202091307198,0.0,0.818783817546,-0.573962167608,-0.0118843249878,0.0,-0.00857143388935,0.00847670862307,-0.999927335326,0.0,0.656875937285,0.254603961477,0.303368492312,1.0,-0.01398,-0.0183737142857,0.7
0.461377820882,0.520324315741,-0.124053852567,-1.399094718,0.0768633689128,1.91004855935,0.153631183366,-0.010212538506,-0.0788480041581,0.000766276565713,-0.118732631825,-0.00973289384136,0.0401328909781,-0.0172556802931,0.574009938,0.818834084826,0.00201977846603,0.0,0.818791707098,-0.57395091685,-0.0118841211214,0.0,-0.00857203477823,0.00847554466674,-0.999927340041,0.0,0.656628990671,0.25429739958,0.30337339192,1.0,-0.01432,-0.0188205714286,0.717
0.461209314233,0.519003878831,-0.124059551599,-1.40116877156,0.0767255474369,1.91078514786,0.153348092706,-0.0101086324349,-0.0781971958468,0.000111477553977,-0.125036788199,-0.00732992214758,0.0431337210691,-0.0163454779955,0.573992903501,0.818846078633,0.00199828387791,0.0,0.818803474349,-0.573934024925,-0.0118891685499,0.0,-0.00858868129504,0.00846066305213,-0.999927323226,0.0,0.656372268314,0.253982391306,0.303377274909,1.0,-0.01466,-0.0192674285714,0.734
0.461040364486,0.517729390311,-0.12406511849,-1.40316491394,0.0765928898954,1.91149980289,0.153081161241,-0.00741064225507,-0.0825317356211,0.000217352518844,-0.122090991673,-0.014862908405,0.0469068394297,-0.00833725469747,0.573986364281,0.818850693784,0.00198539952368,0.0,0.818807981545,-0.573927598189,-0.0118889989463,0.0,-0.00859600495526,0.00844994694436,-0.999927350909,0.0,0.656127466629,0.253675204813,0.303383700187,1.0,-0.01498,-0.019688,0.75
0.460851857462,0.516398108628,-0.124071632536,-1.4052874301,0.0764613444788,1.91229343824,0.152773668695,-0.0130895269621,-0.074062421836,-0.000554723957067,-0.128011503198,-0.0031886293505,0.0474553103642,-0.0203800895579,0.57397032028,0.818861944732,0.00198338312318,0.0,0.818819228249,-0.573911586061,-0.0118873771677,0.0,-0.00859599973091,0.00844719655316,-0.999927374192,0.0,0.655874383284,0.253345929617,0.303376367266,1.0,-0.01532,-0.0201348571429,0.767
0.460672378789,0.515019185557,-0.124075515449,-1.40748090932,0.0763307247848,1.91312436206,0.152483200622,-0.0107953751099,-0.0785512116053,0.000267224476075,-0.127092645744,-0.00396959221458,0.0447949433536,-0.0203715484423,0.573962732806,0.818867232184,0.00199607291958,0.0,0.818824657222,-0.573903924221,-0.0118833240809,0.0,-0.00858547591475,0.00845518167693,-0.999927397117,0.0,0.655609432196,0.253019031979,0.303371414658,1.0,-0.01566,-0.0205817142857,0.784
0.460492498049,0.513677119089,-0.124078034582,-1.40962591356,0.0761977996673,1.91386007924,0.152200724502,-0.0104092100968,-0.0827855109528,-0.00116132313044,-0.141278377706,-0.0108693256019,0.0470655655939,-0.0160301445887,0.573956958983,0.81887141771,0.0019383995615,0.0,0.81882799941,-0.573898299081,-0.0119246214028,0.0,-0.00865245400906,0.00843159760678,-0.999927018938,0.0,0.655335087478,0.252691257548,0.303354969601,1.0,-0.01598,-0.0210022857143,0.8
0.460281006531,0.512184332535,-0.124081810272,-1.41204737169,0.0760603305986,1.9147167548,0.151840240987,-0.00846485961282,-0.0860156430117,0.000306643030399,-0.137989082862,-0.0125793620202,0.0471719592315,-0.0223449761601,0.573927293289,0.818892341147,0.0018821608055,0.0,0.818848003135,-0.573868693416,-0.01197569958,0.0,-0.00872686352288,0.00841454646847,-0.99992651593,0.0,0.655030721619,0.252318710671,0.303322690824,1.0,-0.01634,-0.0214754285714,0.818
0.460084904751,0.51073844537,-0.124085078243,-1.414359634,0.0759148211595,1.91559895122,0.151521304281,-0.0106483513051,-0.0917260945736,-0.000679842936478,-0.139306111268,-0.00891060422948,0.0479763048812,-0.0173870269948,0.573910664287,0.818903977276,0.00189005848704,0.0,0.818859786701,-0.573852075723,-0.0119662781662,0.0,-0.00871478658414,0.00841542956407,-0.999926613827,0.0,0.654751724471,0.251969341751,0.303311199315,1.0,-0.01668,-0.0219222857143,0.835
0.45989848761,0.509336757216,-0.124090792711,-1.41657353598,0.0757746566111,1.91642239977,0.151218554263,-0.0108768735646,-0.0842934753195,-0.000132192439882,-0.136003996373,-0.0120355787037,0.0479683779923,-0.0187308596681,0.573896851577,0.818913646772,0.00189467177232,0.0,0.818869549251,-0.573838276917,-0.0119599396131,0.0,-0.00870709021706,0.00841542273216,-0.999926680932,0.0,0.654480234815,0.251632950251,0.303310076698,1.0,-0.017,-0.0223428571429,0.851
0.45968881934,0.507815612387,-0.12409150976,-1.41895398785,0.0756208824728,1.91726529312,0.150885888695,-0.0117648277141,-0.0925610770024,0.000594766526411,-0.137653916228,-0.00694703672653,0.0533375364916,-0.0128111489962,0.573878239849,0.818926729331,0.00187742284495,0.0,0.818882382429,-0.573819717204,-0.011971749912,0.0,-0.00872685177279,0.00840787713721,-0.999926572134,0.0,0.654180498195,0.25126533468,0.303314280171,1.0,-0.01734,-0.0227897142857,0.868
0.459471220012,0.50626885879,-0.124099995989,-1.42138622466,0.0754684833324,1.91816575781,0.150552686924,-0.00758942193273,-0.0957055940694,0.000445306282811,-0.142393123775,-0.00360094189599,0.054293402417,-0.0193596555893,0.573874209113,0.81892953507,0.00188563169061,0.0,0.818885319143,-0.573815675093,-0.0119646149199,0.0,-0.00871633932869,0.00841046196071,-0.999926642088,0.0,0.653883219888,0.250886336097,0.303316473504,1.0,-0.01768,-0.0232365714286,0.885
0.459260794828,0.504748489531,-0.124106380884,-1.42371280698,0.0753218894817,1.91907528236,0.150234811287,-0.0134056016765,-0.0957712023763,-0.0014410142256,-0.145207150697,-0.00648648069941,0.0622929605097,-0.0217257076635,0.573871310198,0.818931372522,0.00196807829523,0.0,0.818888325463,-0.573812522433,-0.011909929481,0.0,-0.0086242729696,0.00844656579778,-0.999927136066,0.0,0.653608842047,0.250527011741,0.303350627675,1.0,-0.018,-0.0236571428571,0.901
0.459026130864,0.502983184348,-0.124109996116,-1.42633434543,0.0751556126144,1.92006752553,0.149859476947,-0.0139570907525,-0.0975397396235,-0.000807151750333,-0.143346437014,-0.00890961058474,0.0588771391286,-0.0212686314278,0.573848314958,0.818947206906,0.00208101454618,0.0,0.818905684962,-0.573789124818,-0.0118434065693,0.0,-0.0085052249669,0.00850063720909,-0.999927697544,0.0,0.653292051148,0.250124265151,0.303421880674,1.0,-0.01836,-0.0241302857143,0.919
0.458802708117,0.501372043614,-0.124119169633,-1.42873074108,0.075003457093,1.92092391383,0.149527425838,-0.0113082523767,-0.107247671901,4.56936986267e-05,-0.155056027454,-0.00783152159277,0.0501345515356,-0.0307418894306,0.573832940131,0.818957839786,0.00213550355651,0.0,0.818916968587,-0.573773477254,-0.0118212630843,0.0,-0.00845598358166,0.00853239452568,-0.999927844689,0.0,0.652969025107,0.249725169905,0.303481457138,1.0,-0.0187,-0.0245771428571,0.936
0.458583798976,0.499769902519,-0.12411638985,-1.4311742101,0.0748490360318,1.92178972293,0.14918807072,-0.0164957512003,-0.0985810940899,-0.00113662767419,-0.150083421906,-0.011093414514,0.0549181063084,-0.0282446075216,0.573828847321,0.818960639895,0.00216129266332,0.0,0.818920095532,-0.573769275019,-0.0118086018872,0.0,-0.00843085915343,0.00854620694468,-0.999927938884,0.0,0.652683056702,0.249367430347,0.3035101248,1.0,-0.019,-0.0249714285714,0.951
0.458327015452,0.498083688105,-0.124116832568,-1.43381090229,0.0746860008823,1.92278359077,0.148806826172,-0.0192442783285,-0.104998170614,-9.29693533249e-05,-0.158868074115,-0.00637570903695,0.0664032597727,-0.0241354804995,0.573812998564,0.818971641622,0.00219995442681,0.0,0.818931582509,-0.573753260062,-0.0117901076341,0.0,-0.00839369438429,0.00856709411825,-0.99992807281,0.0,0.652343530886,0.248922626267,0.303520148517,1.0,-0.01936,-0.0254445714286,0.969
0.458051492666,0.496297466041,-0.124122283,-1.43664632057,0.0745091624793,1.92378401274,0.148381787356,-0.0123974629973,-0.104584903801,-0.00227951331663,-0.159826305126,-0.00909422785365,0.0620562403387,-0.0236657096016,0.573794101358,0.818985003645,0.00215405481911,0.0,0.818944258328,-0.573734453563,-0.0118247810913,0.0,-0.00844862558276,0.00854920506494,-0.9999277633,0.0,0.652002113551,0.248494099543,0.303499509612,1.0,-0.0197,-0.0258914285714,0.986
0.457802110734,0.494715047012,-0.124116935016,-1.43921962161,0.0743411658571,1.92467067559,0.148020572133,-0.0136454650136,-0.101354532727,0.000567337234717,-0.160288086346,-0.0112960651807,0.0670282536855,-0.021520912884,0.573782471444,0.818993387311,0.0020624997683,0.0,0.818951350942,-0.573723091319,-0.0118847035654,0.0,-0.00855035450814,0.00850848537043,-0.999927245911,0.0,0.651666864217,0.248083653871,0.303453782108,1.0,-0.0203371428571,-0.0267288163265,1.002
0.457517983323,0.492781368188,-0.124178456035,-1.44224540911,0.0741648129499,1.92578455161,0.147598304382,-0.0156314709193,-0.128707421986,-0.00559545154282,-0.194671708129,-0.0184363075047,0.0766700557603,-0.0258206471072,0.573818086497,0.8189684091,0.00207253632993,0.0,0.818926622697,-0.57375878023,-0.0118657342302,0.0,-0.00852868977242,0.00850619185852,-0.999927450444,0.0,0.651299234969,0.247576382044,0.303458274044,1.0,-0.0264085714286,-0.0347084081633,1.019
0.457179312245,0.490372769964,-0.124195758945,-1.44606134628,0.0739510971862,1.92719869498,0.147025814045,-0.0264504487062,-0.147590481087,0.000796083465805,-0.243167260146,-0.0182519747861,0.0878192731028,-0.0348431825749,0.573772501275,0.819000313627,0.00208565607993,0.0,0.818958491456,-0.573712941473,-0.0118826327172,0.0,-0.00853547637195,0.00852615780775,-0.99992722249,0.0,0.650815566758,0.246986596692,0.303440852318,1.0,-0.03248,-0.042688,1.036
0.456752562122,0.48760420237,-0.12421019508,-1.45045907887,0.0736924162539,1.92880179199,0.146386912362,-0.0310069875485,-0.187083178128,-0.000485710567069,-0.286701359358,-0.0191502479995,0.110808690811,-0.0458121168179,0.573757914142,0.819010579058,0.00206742620952,0.0,0.818968323171,-0.573698234687,-0.011915035072,0.0,-0.00857262605666,0.00852966646842,-0.999926874763,0.0,0.650257901822,0.246282926697,0.303411595543,1.0,-0.0381942857143,-0.0501982040816,1.052
0.456189655349,0.483932890436,-0.124309685701,-1.45615912115,0.0733479749097,1.93092400181,0.145528173064,-0.0371272681046,-0.212041328476,-0.0056332336277,-0.334259145208,-0.0233616087952,0.115133025876,-0.0525227169266,0.573775890345,0.818997826249,0.0021295912828,0.0,0.818956643472,-0.573716221396,-0.0118515957344,0.0,-0.00848481343915,0.00854436732901,-0.999927498236,0.0,0.6495620721,0.245320195233,0.303434666289,1.0,-0.0446228571429,-0.0586471836735,1.07
0.45554974107,0.479939434455,-0.12438197057,-1.46244806877,0.0729733138138,1.93310999972,0.144576628915,-0.0412267751722,-0.237517543827,-0.00191060657295,-0.387427029292,-0.0256381696305,0.132344267656,-0.0476968748505,0.573778798059,0.818996028091,0.00203562522246,0.0,0.818953435066,-0.573719323311,-0.0119229255476,0.0,-0.00859711666273,0.00850836797096,-0.999926845954,0.0,0.648750950421,0.244258463259,0.303402385192,1.0,-0.0506942857143,-0.0666267755102,1.087
0.454859081695,0.475664741707,-0.124463870799,-1.4690062041,0.0725818796872,1.93547668475,0.143653731218,-0.0506618744459,-0.271598652725,-0.0115880746619,-0.431166197305,-0.0245910370746,0.146150263075,-0.0534950302162,0.573859864731,0.818939059557,0.00210220942137,0.0,0.818897316797,-0.573800090945,-0.011890629751,0.0,-0.00853161744869,0.00854521335679,-0.999927092758,0.0,0.647925209537,0.243140241173,0.303448529009,1.0,-0.0564085714286,-0.0741369795918,1.103
0.454030406155,0.470700827028,-0.124511227963,-1.47668092996,0.0721188780095,1.93822843282,0.142509337372,-0.0494685059827,-0.303038621669,-0.00693399384763,-0.459586165062,-0.0291051714196,0.160443523916,-0.0692809795177,0.573878211641,0.818926100459,0.00214174967976,0.0,0.818884619782,-0.573818021621,-0.0118997667581,0.0,-0.00851621898717,0.00858302798818,-0.999926900151,0.0,0.646938991654,0.24184578358,0.30346751797,1.0,-0.06248,-0.0821165714286,1.12
0.45312076126,0.4651905519,-0.124551329958,-1.48497655295,0.0715816329093,1.94133408297,0.141150570367,-0.0546622709016,-0.329288719685,-0.00615480477308,-0.500784830118,-0.0362575029766,0.177047884962,-0.0788796763836,0.573786451124,0.81898967801,0.00240056676427,0.0,0.81895177075,-0.573725483434,-0.0117394099196,0.0,-0.00823734781717,0.00870203029949,-0.999928207808,0.0,0.645894196115,0.240450418995,0.303591864676,1.0,-0.0685514285714,-0.0900961632653,1.137
0.452155984818,0.459596222565,-0.124586579509,-1.49365487178,0.0710296283447,1.94429565075,0.139864845143,-0.0614401543642,-0.358603516947,-0.00527830532235,-0.552842705464,-0.0342793623185,0.189351479319,-0.0819558377984,0.57380353826,0.818977996913,0.00229933764732,0.0,0.818938379795,-0.573742540963,-0.0118394969468,0.0,-0.00837722095711,0.00867672814069,-0.999927265634,0.0,0.644727089646,0.238968990897,0.303572643184,1.0,-0.0742657142857,-0.0976063673469,1.153
0.451033827269,0.453230688783,-0.124673655383,-1.50348907455,0.0703496588893,1.94770818441,0.138318151115,-0.0710124476178,-0.388639272246,-0.0101872323519,-0.579332200307,-0.0393895237782,0.211417116704,-0.0976912726947,0.573784737881,0.81899140129,0.00221496918549,0.0,0.818950958185,-0.573724352827,-0.0118508211778,0.0,-0.00843510128217,0.00861393730494,-0.999927321934,0.0,0.643420308589,0.237242056071,0.303565961479,1.0,-0.0803371428571,-0.105585959184,1.17
0.44974631887,0.44587773462,-0.124726795387,-1.51439474401,0.0696455109029,1.95179806256,0.136633506621,-0.0773056844087,-0.417320753851,0.000412262402104,-0.623498420247,-0.0314758475368,0.221928869309,-0.098113279613,0.573800552456,0.818978996349,0.00266015796341,0.0,0.818944548653,-0.573738760249,-0.0115934516617,0.0,-0.00796871109655,0.00883102085559,-0.999929253855,0.0,0.642018261896,0.235359394478,0.303772664199,1.0,-0.0867657142857,-0.114034938776,1.188
0.448581787563,0.439520729686,-0.124756058533,-1.52427361434,0.0689751939672,1.95514020743,0.135058615608,-0.0795296971014,-0.42668954313,-0.000272828413437,-0.673317376185,-0.0476637576172,0.227418038509,-0.112532926152,0.573740083343,0.819021871774,0.00249744323626,0.0,0.818985018438,-0.573678548478,-0.011713645544,0.0,-0.00816115941566,0.00876612534064,-0.999928272689,0.0,0.64064607308,0.233637678159,0.303710462657,1.0,-0.0921228571428,-0.121075755102,1.203
0.447157971039,0.431743960486,-0.124779390435,-1.53594599559,0.0682009755354,1.95928529665,0.133154535732,-0.0869178149536,-0.463037044308,-0.00233850028346,-0.695122220554,-0.0528051422173,0.257637020082,-0.110910076551,0.573660667592,0.819076829775,0.00270781907712,0.0,0.819042517205,-0.573598193982,-0.011628145698,0.0,-0.00797129805436,0.0088885999101,-0.999928723059,0.0,0.639056648713,0.231602359071,0.303821043221,1.0,-0.0981942857143,-0.129055346939,1.22
0.445494859672,0.423225797094,-0.124823687744,-1.54904202046,0.0672655021991,1.96378152521,0.131007562074,-0.0938119489938,-0.484922216859,-0.00262186845821,-0.755383148744,-0.0556387127312,0.247844372155,-0.125071200024,0.573596000067,0.819122459065,0.00260243402398,0.0,0.819086817367,-0.573533943259,-0.011676833768,0.0,-0.0080723279596,0.00882957454154,-0.999928435507,0.0,0.637230128034,0.229249691862,0.303775085788,1.0,-0.104622857143,-0.137504326531,1.238
0.443900141404,0.41518642383,-0.124944649353,-1.561190862,0.0663903849462,1.96798452608,0.129053122648,-0.0980953871321,-0.513189734683,-0.00942668588211,-0.781875820121,-0.048187422259,0.278430971136,-0.121932815145,0.573654368226,0.819081489247,0.00263186038047,0.0,0.819046672194,-0.573592688006,-0.0116070640254,0.0,-0.00799766939756,0.00881422916799,-0.999929170816,0.0,0.635547349348,0.226995729191,0.303813973362,1.0,-0.110337142857,-0.145014530612,1.254
0.442058592225,0.406301729233,-0.125009117998,-1.57472707125,0.0655017113372,1.97258923908,0.126771253757,-0.114563084719,-0.536202384412,-0.00364521157476,-0.801142742437,-0.0554268559989,0.272442667851,-0.127254512222,0.573648701389,0.819085539882,0.00260627181232,0.0,0.819049691817,-0.573586344093,-0.0117070536978,0.0,-0.00809431231856,0.00885057267647,-0.999928072149,0.0,0.63361871904,0.224499853367,0.303781460376,1.0,-0.116408571429,-0.152994122449,1.271
0.439909835026,0.396367607061,-0.125139054465,-1.58954473264,0.0644697390232,1.97765887963,0.124252174099,-0.121097417992,-0.5639127863,-0.0101238756688,-0.805269585056,-0.0592576257511,0.288842595833,-0.139959935939,0.573743270911,0.819018856625,0.00274198423656,0.0,0.818984763611,-0.573680419894,-0.0116395748964,0.0,-0.00796016191285,0.00892394289842,-0.999928496976,0.0,0.631525536377,0.221653626396,0.303866456462,1.0,-0.122837142857,-0.161443102041,1.289
0.438036318704,0.387867518757,-0.125214595862,-1.60245492664,0.0634636312693,1.98201974873,0.122050463647,-0.125980938946,-0.581908166806,-0.00846637144019,-0.895203761754,-0.0660487143682,0.295819497667,-0.147804911543,0.573743566091,0.819019009776,0.00263227952923,0.0,0.818983986083,-0.573681639566,-0.0116341680086,0.0,-0.00801866871011,0.00883099384712,-0.999928854719,0.0,0.629650799468,0.21918275788,0.303811545154,1.0,-0.128194285714,-0.168483918367,1.304
0.435768275947,0.3777605391,-0.125296796549,-1.61742680645,0.0623715598616,1.98699737945,0.119361249249,-0.138730349232,-0.5956636014,-0.00684221364621,-0.884305491868,-0.0654058722173,0.295732787248,-0.158306219446,0.573713601757,0.819039755431,0.00270722800787,0.0,0.819005539424,-0.573651239702,-0.0116158719734,0.0,-0.00796100951146,0.00888158948047,-0.999928867318,0.0,0.627445072856,0.216281251566,0.303883261412,1.0,-0.134265714286,-0.176463510204,1.321
0.433311972684,0.367416774412,-0.125386008563,-1.63293645189,0.0611978592958,1.99212313852,0.11663055026,-0.151772483305,-0.611956714237,-0.00796195606497,-0.912558911856,-0.0728249103076,0.301729918699,-0.151972041787,0.573798098168,0.818980851221,0.00261816226826,0.0,0.818945513738,-0.573736070224,-0.0116582225762,0.0,-0.00804588182632,0.00883376826348,-0.999928611614,0.0,0.624995863491,0.213019488069,0.303835552932,1.0,-0.140694285714,-0.184912489796,1.339
0.430717017507,0.35664764994,-0.125530748364,-1.64882156395,0.0599489543863,1.9973768148,0.113689545344,-0.156107462967,-0.629738269812,-0.00824331151326,-0.945794899948,-0.0699713138941,0.302911787379,-0.182513468599,0.573809948005,0.818972352235,0.0026789450048,0.0,0.818938287936,-0.573748246743,-0.0115661926333,0.0,-0.00793550477074,0.00883085705061,-0.99992951938,0.0,0.622752796901,0.209994021193,0.303893741006,1.0,-0.146408571429,-0.192422693878,1.355
0.42790647095,0.345501864915,-0.125646102151,-1.66524544016,0.0587687415636,2.00267852691,0.110570461966,-0.164525548865,-0.676227738925,-0.00409350761142,-0.962992652844,-0.0695409801813,0.321843779651,-0.189752585629,0.573865657442,0.81893320922,0.00271163168183,0.0,0.818898786993,-0.573802967217,-0.0116481060595,0.0,-0.00798323227354,0.00890517138894,-0.999928480405,0.0,0.620231291641,0.206636310417,0.303908603456,1.0,-0.15248,-0.200402285714,1.372
0.425000804481,0.33409778424,-0.125744367134,-1.68206642832,0.0574322283879,2.00811109309,0.107389980099,-0.171604952973,-0.679136810645,-0.00446834677874,-1.00594126612,-0.0889412019429,0.314836701435,-0.191427490813,0.573874289396,0.818927279483,0.00267540456035,0.0,0.818892428113,-0.573811768968,-0.0116615554042,0.0,-0.00801494153069,0.00888330638863,-0.999928421228,0.0,0.617603696499,0.203192955873,0.303883191627,1.0,-0.158551428571,-0.208381877551,1.389
0.422132768582,0.322944109005,-0.125747020464,-1.69820052944,0.0560761414969,2.01326165471,0.104231921149,-0.186325773077,-0.6976384965,-0.00131371089768,-1.02021979537,-0.0854647825767,0.323620624851,-0.194659446658,0.573740591421,0.8190206756,0.0027592749056,0.0,0.818987171636,-0.573678092342,-0.0115847297507,0.0,-0.00790534982544,0.00890661192919,-0.99992908634,0.0,0.615028845497,0.199902103444,0.303958457582,1.0,-0.164265714286,-0.215892081633,1.405
