position_joint1,position_joint2,position_joint3,position_joint4,position_joint5,position_joint6,position_joint7,velocity_joint1,velocity_joint2,velocity_joint3,velocity_joint4,velocity_joint5,velocity_joint6,velocity_joint7,ee_T_00,ee_T_10,ee_T_20,ee_T_30,ee_T_01,ee_T_11,ee_T_21,ee_T_31,ee_T_02,ee_T_12,ee_T_22,ee_T_32,ee_T_03,ee_T_13,ee_T_23,ee_T_33,v_x,v_y,time
0.465097126883,0.54774842095,-0.124009219551,-1.35583842532,0.0794991061379,1.89411013095,0.159151095208,0.00351361657814,-0.00117374176664,-0.000728018202929,-0.00148126937377,2.98116257318e-05,-1.75491879887e-05,-0.00102321015325,0.573794454662,0.818985217531,0.00197082884263,0.0,0.818942459791,-0.573735913404,-0.0118783889545,0.0,-0.00859765520712,0.00842991143454,-0.999927505831,0.0,0.661677306874,0.260894307459,0.303236524776,1.0,0.0,0.0,0.0
0.465091831282,0.547753710627,-0.12400663515,-1.35583368733,0.0794973182113,1.89410864745,0.159152308577,0.000241949010181,0.00132055732044,0.000438178278356,1.58124534019e-05,-0.000172033001471,6.97623909493e-05,-0.00102702902489,0.573797246193,0.81898326731,0.00196850950067,0.0,0.818940485743,-0.573738720344,-0.0118789094704,0.0,-0.00859938353299,0.0084283399402,-0.999927504217,0.0,0.661678845348,0.260892401108,0.303234814841,1.0,-0.00018,-0.000236571428571,0.01
0.465088728897,0.547749743649,-0.124007343781,-1.35584092794,0.0794973571967,1.89411013094,0.159157168789,-0.000171638785538,-0.00149894279406,0.00104217244913,0.00175082445277,8.89310191665e-05,-0.00023964801133,0.00118619620794,0.573804671289,0.818978068631,0.00196703047656,0.0,0.818935266137,-0.573746148959,-0.0118799550621,0.0,-0.00860101208752,0.00842780659757,-0.999927494705,0.0,0.661678555913,0.260889237511,0.303234331295,1.0,-0.0004,-0.000525714285714,0.021
0.465088544748,0.547740647431,-0.124001384762,-1.3558501068,0.0794980296258,1.89410780728,0.159158428537,-0.00104049844728,-0.000543298978837,-0.000616002081851,0.000306194057736,0.000285521316383,0.00301599558055,-0.000871646837867,0.573804064616,0.818978490394,0.00196840096006,0.0,0.818935698655,-0.573745529793,-0.0118800425772,0.0,-0.00860030366655,0.00842897281794,-0.999927490968,0.0,0.661678496129,0.260887549691,0.303235087949,1.0,-0.00074,-0.000972571428571,0.038
0.465090722365,0.547688169698,-0.124011621014,-1.35589282438,0.0794993476603,1.89411623533,0.159154784412,-0.000408881399783,0.00144213428819,-0.00151133640125,0.00245389848971,0.000248398753577,0.00035837057421,0.000146342947356,0.573807369177,0.818976138631,0.00198351548295,0.0,0.81893350949,-0.573748738515,-0.0118759836378,0.0,-0.00858827306682,0.00843905670115,-0.999927509316,0.0,0.661669857441,0.260883470043,0.303253925611,1.0,-0.00106,-0.00139314285714,0.054
0.465090317554,0.54755914939,-0.124002027657,-1.35605175344,0.0794990792657,1.89414496589,0.159147765112,0.000395964415506,-0.00978274980809,-0.000204731701443,-0.00784046737495,0.000584442396154,-0.000392286094124,-0.00130884632649,0.573803826094,0.818978600906,0.00199181321859,0.0,0.818935906479,-0.573744991483,-0.0118917084018,0.0,-0.00859642735903,0.00845483792529,-0.999927305934,0.0,0.661640478988,0.260873490028,0.303271855649,1.0,-0.0014,-0.00184,0.071
0.465072694693,0.547419848396,-0.12400983273,-1.3562469136,0.0794918029095,1.89418591734,0.159148713186,-0.00350503810838,-0.00870718687553,-0.000461415177166,-0.0101932486272,0.000344384398446,-0.000195298888285,-0.00232575878159,0.573833252028,0.818958009621,0.00198097076542,0.0,0.818915132965,-0.5737744181,-0.0119024802005,0.0,-0.00861116693801,0.00845244859426,-0.999927199308,0.0,0.661614376075,0.260837574113,0.303281444303,1.0,-0.00174,-0.00228685714286,0.088
0.465058441467,0.547256630494,-0.124009449659,-1.35643881646,0.0794883389955,1.89430986244,0.159138134355,0.000417900549387,-0.00619965550237,0.000345424108938,-0.0154503687686,9.02594208479e-05,0.00309949241835,-0.00490111114533,0.573846120493,0.818948784215,0.00206536423906,0.0,0.818907004102,-0.57378693899,-0.011858084907,0.0,-0.00852624934979,0.00849622084032,-0.999927556028,0.0,0.661603237921,0.260815602723,0.303316465029,1.0,-0.00206,-0.00270742857143,0.104
0.465041068576,0.547064819505,-0.124008347673,-1.35665322009,0.0794870640208,1.89442138698,0.15912737325,0.000402369404929,-0.0109626517299,-0.000226683311753,-0.0143088002932,-0.000430547886019,0.00356436524505,-0.000642803822604,0.573862554484,0.81893705664,0.00214772509117,0.0,0.818896284874,-0.573802979688,-0.0118220988485,0.0,-0.00844934645355,0.00854318842552,-0.999927808632,0.0,0.661585733813,0.2607891963,0.303359924363,1.0,-0.00238,-0.003128,0.12
0.465000627998,0.546832492619,-0.124006771833,-1.35697395142,0.0794797509201,1.89456230065,0.159111996625,-0.00234520605722,-0.0129318322762,0.000361882835521,-0.016512102191,-2.21977301723e-05,0.00808140727231,-0.0023316883818,0.573898098591,0.818912012586,0.0021988582668,0.0,0.818871823622,-0.573838235868,-0.0118051868285,0.0,-0.00840578219325,0.0085757224624,-0.999927897306,0.0,0.661557001634,0.260736723439,0.303383987656,1.0,-0.00274,-0.00360114285714,0.138
0.464973997209,0.54659289046,-0.124004648642,-1.35733592125,0.0794671841806,1.89468726333,0.159060245662,-0.00262252024388,-0.0165946455186,0.000286856700306,-0.0239102999922,-0.00481417308136,0.00595043376331,-0.0111741969247,0.573892897379,0.818915635192,0.00220718757291,0.0,0.818875446927,-0.573832893025,-0.011813560183,0.0,-0.00840791418915,0.00858729532406,-0.999927780061,0.0,0.661512362207,0.260686961623,0.303392147812,1.0,-0.00306,-0.00402171428571,0.154
0.464930578537,0.546309524341,-0.12401051475,-1.35776430265,0.0794540564751,1.89485066757,0.158943030957,-0.000918138477926,-0.0178914234056,-0.000226431331615,-0.0273843206943,0.000349879812349,0.00607917216941,-0.00567537849749,0.573857073558,0.818940680141,0.00222899964773,0.0,0.818900691047,-0.573796902353,-0.0118118565108,0.0,-0.00839437832929,0.00860381241251,-0.999927751802,0.0,0.661467522374,0.260616683242,0.303403278056,1.0,-0.0034,-0.00446857142857,0.171
0.464890918668,0.546016952456,-0.124013434718,-1.35825681536,0.0794273074578,1.89502638705,0.158920046228,-0.00247857045146,-0.0167046059146,-0.000715815363992,-0.0330001752998,-0.00254419834852,0.0170195204969,-0.00199257647627,0.573893221476,0.818915405348,0.00220819556948,0.0,0.818875122529,-0.573833103197,-0.0118258310589,0.0,-0.00841738157974,0.00859516618412,-0.999927632784,0.0,0.661409728173,0.260541729388,0.303391330722,1.0,-0.00374,-0.00491542857143,0.188
0.46483849393,0.545701607064,-0.124015861776,-1.35879194991,0.0793702398454,1.89519740442,0.158845506223,-0.00573997342458,-0.0227342292708,-0.000363426888353,-0.0320849291359,-0.00214542613277,0.0121191049735,-0.00621958300031,0.573886324293,0.818920381352,0.00215469193209,0.0,0.818879615052,-0.573826632978,-0.0118287039991,0.0,-0.00845050987182,0.00855292942947,-0.999927715528,0.0,0.66134361684,0.260444117192,0.303376560891,1.0,-0.00408,-0.00536228571429,0.205
0.46477777578,0.545306902083,-0.124007671479,-1.35947595331,0.0793321801533,1.89541936623,0.158766431122,-0.001410268043,-0.0233887565368,0.00149739269412,-0.0467851734139,-7.41200079476e-05,0.0086525921464,-0.00131102692421,0.573898646775,0.818911891414,0.00209862627195,0.0,0.818870251523,-0.573839032411,-0.0118753085521,0.0,-0.00852072176855,0.0085338904351,-0.999927282363,0.0,0.661260264028,0.260346097369,0.303347520207,1.0,-0.00442,-0.00580914285714,0.222
0.464716744182,0.544919714658,-0.124010689142,-1.36012738873,0.0793085171992,1.89563915841,0.158702273294,-0.00271635997189,-0.0198659706173,-0.000162784867358,-0.041703660123,-0.00140611468648,0.0171131011561,-0.00345519527622,0.573928188583,0.818891265044,0.00206816016072,0.0,0.818849067068,-0.573868533119,-0.0119104558418,0.0,-0.00856668114902,0.00852942158244,-0.999926927801,0.0,0.661182480551,0.260242829693,0.303330676093,1.0,-0.00474,-0.00622971428571,0.238
0.464647369939,0.544481875242,-0.124011633922,-1.36085413026,0.0792786835204,1.89589421315,0.15856952244,-0.00258117179807,-0.029587977686,0.000155388505195,-0.0368468485838,0.000338317605248,0.0101703816136,-0.00190677712405,0.573913944009,0.81890128037,0.00205542718602,0.0,0.818858727054,-0.573854154327,-0.0119390782822,0.0,-0.0085975765921,0.00853527232431,-0.999926612709,0.0,0.661094325373,0.260122914369,0.303320532354,1.0,-0.0051,-0.00670285714286,0.256
0.464577517289,0.543994977085,-0.124009240643,-1.36163936846,0.0792410444537,1.89617441237,0.158506980896,-0.0106083465047,-0.032050752654,0.00157142493729,-0.0497181841785,-0.00517002996848,0.0110874426596,-0.00258788428838,0.573947555087,0.818877770913,0.00203647151336,0.0,0.818834885974,-0.573887756114,-0.0119590884183,0.0,-0.00862449164715,0.00853158773769,-0.99992641237,0.0,0.661005491305,0.260009684911,0.303311784741,1.0,-0.00542,-0.00712342857143,0.272
0.4645057965,0.543485680606,-0.124016906266,-1.36247970703,0.0791912365052,1.89646285206,0.158394171201,-0.00342504540179,-0.0260157780155,-0.000487835334498,-0.0509479934662,-0.000887639568846,0.0172113563016,-0.00664556270986,0.573952719669,0.818874244306,0.00199862413583,0.0,0.818830853359,-0.573893066337,-0.0119803546785,0.0,-0.00866357415079,0.00851285615591,-0.999926234161,0.0,0.660906177218,0.259876280909,0.303297378587,1.0,-0.00576,-0.00757028571429,0.289
0.464426124842,0.542937246078,-0.124019391897,-1.363348137,0.0791399034823,1.89677794722,0.158284008864,-0.00422501829077,-0.0324460834183,-0.000195451752213,-0.0490419787004,-0.00332448036309,0.0146503304477,-0.0104104521468,0.573964118182,0.818866265959,0.00199409504603,0.0,0.818822801619,-0.57390446846,-0.011984470427,0.0,-0.00866942540393,0.00851163036807,-0.999926193882,0.0,0.660807583685,0.259739376523,0.303299367595,1.0,-0.0061,-0.00801714285714,0.306
0.46434061241,0.542342741718,-0.124019708807,-1.36426524381,0.0790910612105,1.89709987358,0.158160397307,-0.00898951523423,-0.0346408732855,-0.000429130934099,-0.0557301002198,-0.00385279913886,0.0232607941952,-0.00769629853159,0.573970981665,0.818861446438,0.00199766006894,0.0,0.818817938376,-0.573911227427,-0.0119930699599,0.0,-0.00867435008055,0.00851955806517,-0.999926083659,0.0,0.660701091193,0.259595573076,0.303311226779,1.0,-0.00644,-0.008464,0.323
0.464260835523,0.541770329161,-0.124024002659,-1.36515779511,0.079034208253,1.89744048325,0.158047752218,-0.0078194351556,-0.0411661975696,-0.000375208796618,-0.055038703088,-0.00354436690545,0.01459104888,-0.00420595364216,0.573981558127,0.818853998773,0.00201159740168,0.0,0.818810728474,-0.573921798833,-0.0119794266123,0.0,-0.00865506842204,0.00852325158525,-0.999926219265,0.0,0.660603132476,0.259455858971,0.303320813598,1.0,-0.00676,-0.00888457142857,0.339
0.46418307347,0.541166491453,-0.124026725565,-1.36610026715,0.0789766806972,1.89778656483,0.157915106281,-0.00108987337644,-0.0407759046162,0.000427412858705,-0.0609636072557,-0.000536174228742,0.0262890699221,-0.00396452981347,0.573973538728,0.818859598327,0.00202038831937,0.0,0.818816445358,-0.573913746157,-0.0119744596661,0.0,-0.00864603906636,0.00852751435189,-0.999926261035,0.0,0.660487667706,0.259304986992,0.303331046177,1.0,-0.0071,-0.00933142857143,0.356
0.464098775051,0.540460247333,-0.124029691096,-1.36716167286,0.0789135714036,1.89817533718,0.15780503766,-0.00667247237712,-0.0391958517309,-3.93954860824e-06,-0.0612737194625,-0.00676255284215,0.0247537360472,-0.00901510819315,0.573998327621,0.818842160028,0.00204542167135,0.0,0.81879933237,-0.573938426214,-0.0119617359213,0.0,-0.0086209935653,0.00854097075332,-0.999926362433,0.0,0.660371676739,0.25915519967,0.303356989459,1.0,-0.00742,-0.009752,0.372
0.463989063411,0.539722960502,-0.124032641743,-1.36827138713,0.0788514322502,1.89859768993,0.157646695981,-0.00815428085228,-0.0492463176112,-0.000380976111194,-0.06568279412,-0.00159236638565,0.0318947479138,-0.0119981602316,0.574005444132,0.818837059035,0.00208991817302,0.0,0.818794791159,-0.573945337396,-0.0119409612066,0.0,-0.0085783679257,0.00856555576827,-0.999926518729,0.0,0.660251451514,0.258977600773,0.303386521783,1.0,-0.00776,-0.0101988571429,0.389
0.463890835149,0.538978442477,-0.124038209472,-1.36944958945,0.0787829477845,1.89904056705,0.157496304696,-0.00609648521339,-0.0442638865743,-0.0029928430072,-0.0675307428948,-0.00619856147518,0.0293639091219,-0.0105932496681,0.574013539304,0.818831366591,0.0020968271085,0.0,0.818789189044,-0.573953403423,-0.0119373994278,0.0,-0.00857140105772,0.00856925324806,-0.999926546794,0.0,0.660117416629,0.25879840533,0.303390310857,1.0,-0.0081,-0.0106457142857,0.406
0.463780336924,0.538206159705,-0.124041776619,-1.37063997487,0.0787195051495,1.899501108,0.157356625326,-0.00423030961906,-0.0404667402517,-0.0010594969829,-0.0699838711506,-0.00494869700548,0.0209655439567,-0.00991376951879,0.574041034612,0.81881199107,0.00213559415887,0.0,0.818770280134,-0.57398069806,-0.0119219765466,0.0,-0.00853623187644,0.00859243021003,-0.999926648754,0.0,0.659987013486,0.258613214333,0.303409259516,1.0,-0.00844,-0.0110925714286,0.423
0.46367637996,0.5374077197,-0.124046604613,-1.37191073504,0.0786439274743,1.89997057629,0.157200589775,-0.00527578814267,-0.042214339966,-0.00146866417224,-0.081013450562,-0.00034075958844,0.0256568508806,-0.00943698544556,0.574051644446,0.81880456293,0.00213169759579,0.0,0.818762798216,-0.57399131941,-0.0119244454878,0.0,-0.00854037888901,0.00859076762878,-0.999926627628,0.0,0.659839463912,0.258421070188,0.303409092254,1.0,-0.00878,-0.0115394285714,0.44
0.463578391809,0.536613422181,-0.124048833099,-1.37312993607,0.0785800542873,1.9004234891,0.15705783315,-0.00650955959131,-0.0451566291896,0.00107545092779,-0.0755324883652,-0.00538238590516,0.0260552682188,-0.0104647245018,0.574066576243,0.81879401978,0.00216011903249,0.0,0.818752541344,-0.574006049061,-0.0119196721754,0.0,-0.00851999894003,0.00861145414034,-0.999926623546,0.0,0.659697400741,0.258241220939,0.303428886221,1.0,-0.0091,-0.01196,0.456
0.463460805371,0.535752837434,-0.124054194911,-1.3744984366,0.0784928817964,1.900924795,0.156890656408,-0.00774349608576,-0.0557315508887,0.000222676881061,-0.0862655266149,-0.00498465796218,0.0258171341163,-0.00180541576541,0.574081601421,0.818783512097,0.0021499136368,0.0,0.81874194328,-0.574021156775,-0.0119201002595,0.0,-0.00852604979516,0.008603500359,-0.999926640437,0.0,0.65953887452,0.258029305636,0.303428534893,1.0,-0.00944,-0.0124068571429,0.473
0.463345768785,0.53485318444,-0.124055259898,-1.37591139837,0.0784162544988,1.90143735928,0.15670634419,-0.00592019249796,-0.0481884857208,-0.000908196632435,-0.0844098511381,-0.00201772557239,0.0327912734773,-0.0176501974261,0.574082590774,0.81878280842,0.00215371935696,0.0,0.818741183713,-0.574022024075,-0.0119305016774,0.0,-0.00853237159926,0.00861259786707,-0.999926508196,0.0,0.659370737212,0.257819285797,0.303435273575,1.0,-0.00978,-0.0128537142857,0.49
0.4632183858,0.533956987312,-0.124057468425,-1.37738491453,0.0783409178347,1.90197255176,0.156536560779,-0.00630055718788,-0.0556937338549,-0.000258765690601,-0.0849394468333,-0.00903602102893,0.0344673324756,-0.00761987055229,0.574110009904,0.818763662509,0.0021232954995,0.0,0.818721490676,-0.574049413013,-0.011964072299,0.0,-0.00857703625341,0.00860724703872,-0.999926172148,0.0,0.659195954181,0.257594984735,0.303412599025,1.0,-0.01012,-0.0133005714286,0.507
0.46309866551,0.533102531264,-0.124054684739,-1.37876915734,0.0782548637743,1.90249936772,0.156352163459,-0.0104218929254,-0.0574489399687,-0.000137429488255,-0.0853677690045,-0.00112451737318,0.02888146446,-0.0144347552797,0.57410786714,0.818765178032,0.00211826151387,0.0,0.818722946428,-0.574047297207,-0.0119659710776,0.0,-0.00858150336343,0.00860419309896,-0.999926160104,0.0,0.65903629906,0.257386406895,0.303401886532,1.0,-0.01044,-0.0137211428571,0.523
0.462956612529,0.532150124935,-0.124058452002,-1.38032879338,0.0781719818367,1.90308335823,0.156157702038,-0.0153861276829,-0.0548748103247,-0.000808942760037,-0.090009996243,-0.00214810443475,0.0347671393824,-0.00839426290409,0.574130683599,0.8187492215,0.00210174810327,0.0,0.818706673633,-0.574070078351,-0.0119864336659,0.0,-0.00860749825519,0.00860266018081,-0.999925949864,0.0,0.658856467926,0.257144177908,0.303381777094,1.0,-0.01078,-0.014168,0.54
0.46282252167,0.53114516419,-0.124061072628,-1.38193286978,0.0780746257675,1.90366221853,0.155959186476,-0.0128204811805,-0.0596411747617,-0.000811347574949,-0.095830654557,-0.00939462510814,0.039054329528,-0.0124495389501,0.574140982267,0.818742047226,0.00208314376708,0.0,0.818699226958,-0.574080423887,-0.0119995661847,0.0,-0.00862882345867,0.00859507638968,-0.999925831283,0.0,0.658664684556,0.256900633687,0.303376826972,1.0,-0.01112,-0.0146148571429,0.557
0.462681857659,0.530112139509,-0.124061647975,-1.38358095388,0.077971933749,1.90423714337,0.155735982831,-0.00794734995068,-0.0621167114562,0.00109918413925,-0.0985178208976,-0.00958562814727,0.0311395900077,-0.0141235782167,0.574135626838,0.81874589196,0.00204775347818,0.0,0.818702560857,-0.574075169766,-0.0120234440092,0.0,-0.0086687478644,0.00857975376643,-0.999925617552,0.0,0.658463631426,0.256648005266,0.303370058917,1.0,-0.01146,-0.0150617142857,0.574
0.462543685157,0.529067161985,-0.124064756573,-1.38523033171,0.0778626325312,1.90485362955,0.155514032042,-0.00869782830806,-0.057800695801,-0.000322502345246,-0.0971513486731,-0.00654349328762,0.0456793667904,-0.015340325249,0.574129379187,0.818750264495,0.0020511570154,0.0,0.818707062984,-0.574068992825,-0.012011802468,0.0,-0.00865732748618,0.00857579054021,-0.999925750492,0.0,0.658270724342,0.256397316202,0.303374526775,1.0,-0.0118,-0.0155085714286,0.591
0.462416493179,0.528038984241,-0.124067250915,-1.38683845619,0.0777745161822,1.90547553959,0.155290809719,-0.0119076068919,-0.0607704915535,0.000152893393772,-0.104752993131,-0.00576255920112,0.0420260159689,-0.0121090978158,0.574116144813,0.818759446507,0.0020899574499,0.0,0.818716695472,-0.574055541402,-0.0119981182652,0.0,-0.00862398705299,0.0085995620287,-0.99992583444,0.0,0.658083535334,0.256162680041,0.303387040563,1.0,-0.01212,-0.0159291428571,0.607
0.462262381782,0.526815216225,-0.124068185468,-1.38868596697,0.0776470081199,1.90618127469,0.15503601003,-0.0108228792409,-0.0701669458796,0.000877012957383,-0.100651254759,-0.00544562532866,0.039921305292,-0.011243413007,0.574099897941,0.818770681036,0.00215080473027,0.0,0.818728881798,-0.574039203209,-0.0119481458736,0.0,-0.00854830988192,0.00862052125017,-0.99992630379,0.0,0.657870352601,0.255884765339,0.303430152265,1.0,-0.01248,-0.0164022857143,0.625
0.462122819435,0.525715689446,-0.124076814243,-1.39040687918,0.0775408562383,1.90681006968,0.154802242749,-0.00893684810921,-0.0702958343621,-0.000406098345908,-0.110809793722,-0.00508369145696,0.0360960052764,-0.0122140732683,0.574093022923,0.818775493167,0.00215400118779,0.0,0.818733756423,-0.574032336984,-0.011943998147,0.0,-0.00854315111965,0.00862068546073,-0.999926346463,0.0,0.657664516566,0.255623608314,0.303439419333,1.0,-0.0128,-0.0168228571429,0.641
0.461963900975,0.524537403917,-0.124077617975,-1.39226525121,0.0774287487439,1.90747081792,0.154553359978,-0.0108828815155,-0.0671913806542,8.27751742098e-05,-0.108926368266,-0.00894182406419,0.0401917349057,-0.0133773879347,0.574089553476,0.81877796731,0.00213816258166,0.0,0.818735953371,-0.574028861723,-0.011960412526,0.0,-0.00856572013996,0.00861710437217,-0.999926184251,0.0,0.65743778886,0.255340245061,0.303440894642,1.0,-0.01314,-0.0172697142857,0.658
0.461817815328,0.523329193312,-0.124085776103,-1.39417643474,0.0773073519895,1.90817386806,0.154293098252,-0.00869261269645,-0.0704540292772,-0.000874183491682,-0.110070277368,-0.00507464806239,0.0404214736481,-0.00960908688568,0.57407167739,0.818790515113,0.0021327166884,0.0,0.818748479237,-0.574011059651,-0.0119573427805,0.0,-0.00856652082048,0.008610696155,-0.999926232596,0.0,0.657206174532,0.255056558177,0.303441856579,1.0,-0.01348,-0.0177165714286,0.675
0.461650706405,0.52210871739,-0.12408413899,-1.39611212833,0.0771889687264,1.90893295648,0.154023887149,-0.0119117217698,-0.0791801206771,-0.000581990575084,-0.116085014634,-0.00692337712053,0.0417978862754,-0.0168703672304,0.574058961793,0.818799339287,0.00216731858069,0.0,0.818757783501,-0.573998233246,-0.0119359577911,0.0,-0.00852928153203,0.00862661858398,-0.999926413697,0.0,0.656982643176,0.254766297364,0.303444005001,1.0,-0.01382,-0.0181634285714,0.692
0.461504696714,0.52093351106,-0.124086560208,-1.39801508314,0.077072874217,1.90965956153,0.153770291506,-0.0066083400898,-0.0724087284593,-0.000454070627553,-0.119446407755,-0.00480401569787,0.0356405209481,-0.0218244114134,0.574051392414,0.81880468654,0.00215199160547,0.0,0.818762940055,-0.573990736526,-0.0119427499533,0.0,-0.00854372087845,0.0086178891349,-0.999926365699,0.0,0.65673918912,0.254465966827,0.303420082417,1.0,-0.01416,-0.0186102857143,0.709
0.461327542033,0.519630899444,-0.124092911895,-1.40006119187,0.0769427906856,1.91040714028,0.15349184215,-0.0089746885562,-0.0777072779383,-0.00125700387298,-0.1206783038,-0.00622229064508,0.0410365473711,-0.0167229461914,0.574038513757,0.818813690016,0.00216163554172,0.0,0.818772104176,-0.573977855419,-0.0119335582796,0.0,-0.00853079420173,0.00862037490853,-0.999926454639,0.0,0.656507873699,0.254172972505,0.303432774811,1.0,-0.01448,-0.0190308571429,0.725
0.461156429014,0.51828893082,-0.124090818332,-1.40215144915,0.0768054587796,1.91114356582,0.153212162973,-0.00566925010667,-0.0745585415917,0.00160581120411,-0.124457165552,-0.00814294569826,0.0439024802191,-0.0118739049075,0.574021763194,0.818825469464,0.00214775178026,0.0,0.818783695463,-0.573961156345,-0.0119414384609,0.0,-0.00854539238374,0.00861335553374,-0.999926390479,0.0,0.656246384772,0.253859226443,0.303443567155,1.0,-0.01482,-0.0194777142857,0.742
0.4609847203,0.517007275715,-0.12409972087,-1.40416225634,0.0766767930446,1.91187207852,0.152939777737,-0.0122529167261,-0.076746785764,-6.05087952487e-05,-0.121070865519,-0.00580510126251,0.0429191949918,-0.0176235624977,0.574017299494,0.818828614133,0.00214183563258,0.0,0.818786804552,-0.573956759244,-0.0119396026649,0.0,-0.00854733182748,0.00860741095152,-0.999926425091,0.0,0.656001980879,0.253548205937,0.303449147836,1.0,-0.01514,-0.0198982857143,0.758
0.46079404883,0.515657705559,-0.124108532587,-1.40633294457,0.0765456304595,1.91269364019,0.152648738703,-0.0168338020689,-0.0823192917169,0.000329048655984,-0.126479992014,-0.0118830391275,0.0484169933019,-0.0199939404548,0.574020859235,0.818826127606,0.00213841398802,0.0,0.818784289773,-0.573960348991,-0.0119394936106,0.0,-0.00854916907789,0.00860458382452,-0.999926433717,0.0,0.655744223191,0.253212632518,0.30343400336,1.0,-0.01548,-0.0203451428571,0.775
0.460610677412,0.514274699337,-0.124112087698,-1.40856054277,0.0764158693994,1.9134955461,0.152338332467,-0.0100519561734,-0.0814107521859,-0.000917217900839,-0.134770831384,-0.0124001141318,0.0462068918168,-0.0170481527273,0.574001650876,0.818839681632,0.00210415717285,0.0,0.81879727889,-0.57394116551,-0.0119708611758,0.0,-0.00859471920886,0.00859433771245,-0.999926131352,0.0,0.655465944876,0.252877587639,0.303412930907,1.0,-0.01582,-0.020792,0.792
0.460417270583,0.512866792557,-0.124112777401,-1.41082604416,0.0762726244813,1.91428846347,0.152025012148,-0.0120371384707,-0.0861670123258,0.000869611350945,-0.133622931803,-0.0193092086894,0.0425105973146,-0.0241828164906,0.573983946211,0.818852237647,0.0020467762002,0.0,0.818809017588,-0.573923634885,-0.0120083694998,0.0,-0.00865855370282,0.00856869509673,-0.999925800703,0.0,0.655179252906,0.252530794123,0.303389937965,1.0,-0.01616,-0.0212388571429,0.809
0.460216976781,0.511455267775,-0.124115977464,-1.41312614958,0.0761306093732,1.9151393032,0.151701138487,-0.00803441042382,-0.0843062840983,-8.10684795381e-05,-0.135146125026,-0.00855987673635,0.0487502030933,-0.0160187332667,0.573967175814,0.818864080975,0.00201118806693,0.0,0.818820370936,-0.573906992585,-0.0120295845459,0.0,-0.00869652723377,0.00855155307091,-0.999925617911,0.0,0.654897333978,0.252178105604,0.303357705327,1.0,-0.0165,-0.0216857142857,0.826
0.460016730047,0.509985401384,-0.12411914423,-1.41545722295,0.0759943792284,1.91602066292,0.15137714294,-0.0124841480224,-0.0850127373236,0.000293732239646,-0.135896852704,-0.00441635054489,0.0520398205601,-0.0202336247066,0.573953189132,0.818873839779,0.00202931298415,0.0,0.818830306193,-0.573892871159,-0.012027011022,0.0,-0.00868416363878,0.00856476920234,-0.999925612248,0.0,0.654614418219,0.251825598147,0.303353724074,1.0,-0.01684,-0.0221325714286,0.843
0.45981357373,0.508565633157,-0.124127364328,-1.4176868993,0.0758485217207,1.91681342345,0.151068721922,-0.0109139974114,-0.086106980729,-0.000747167008508,-0.135351763296,-0.00353300394317,0.0446454877072,-0.0112289134539,0.573949118194,0.818876744328,0.00200853763842,0.0,0.818832973356,-0.573888922673,-0.0120338305773,0.0,-0.00870171403848,0.00855162794027,-0.999925572146,0.0,0.654338168803,0.251472218551,0.303354889005,1.0,-0.01716,-0.0225531428571,0.859
0.459605232115,0.507024598151,-0.12413364828,-1.42008702726,0.0756918783672,1.91768590877,0.15073478029,-0.0084339098743,-0.0928275142449,-0.000326884554903,-0.143376861294,-0.0111595768492,0.0519662703453,-0.0252877071533,0.573932644603,0.818888277834,0.00201364992177,0.0,0.818844623584,-0.573872478473,-0.0120252974883,0.0,-0.00869196422647,0.00855074183008,-0.999925664523,0.0,0.654040794019,0.251101675053,0.303366090589,1.0,-0.0175,-0.023,0.876
0.459381413772,0.505439886382,-0.124136593124,-1.42253640994,0.0755357010135,1.91861745567,0.15039484145,-0.0182069607609,-0.096082966251,-0.000412062172366,-0.147163877042,-0.00747158278333,0.05432740756,-0.0263622695748,0.573924093132,0.818894142119,0.00206548464726,0.0,0.818851229482,-0.57386377335,-0.0119908512605,0.0,-0.00863409727593,0.00857332814159,-0.999925972464,0.0,0.653746671214,0.250721796385,0.303388836602,1.0,-0.01784,-0.0234468571429,0.893
0.459161559672,0.503785596846,-0.12414073995,-1.42501212131,0.0753775241643,1.91956770231,0.150048296611,-0.0125693859417,-0.093300233242,0.00040825228685,-0.146797654496,-0.00870133546672,0.053350515726,-0.0154696217795,0.573908068591,0.818905100818,0.0021706132465,0.0,0.818863654972,-0.573847413396,-0.0119250830522,0.0,-0.00852007458001,0.00862150366952,-0.999926536303,0.0,0.653450140505,0.250342620286,0.303448642399,1.0,-0.01818,-0.0238937142857,0.91
0.458915084503,0.501997440039,-0.124140885901,-1.42766408753,0.0752118387585,1.92054726315,0.149689032741,-0.0163947570831,-0.0954902550281,0.00217235641744,-0.150244036097,-0.00992956707785,0.0593963640815,-0.0142644227582,0.573906855097,0.81890568325,0.00226947473244,0.0,0.818865520779,-0.573845799978,-0.0118744948319,0.0,-0.00842192490832,0.00867341558361,-0.999926918851,0.0,0.653125637353,0.249930166737,0.303519750683,1.0,-0.01854,-0.0243668571429,0.928
0.458712243748,0.500465887522,-0.124144707573,-1.42995394197,0.0750610131539,1.92134226381,0.149361551478,-0.0132189313427,-0.108252276527,0.00512838273525,-0.155344552503,-0.00932431191606,0.0565974955116,-0.0151164377396,0.573883182784,0.818922192819,0.00229815746605,0.0,0.818882402647,-0.573822016799,-0.0118596194348,0.0,-0.00839353380302,0.00868812412865,-0.999927029882,0.0,0.652832704882,0.249573722777,0.303567582099,1.0,-0.01884,-0.0247611428571,0.943
0.458466543027,0.49878221391,-0.124150201013,-1.4325599403,0.0749006675872,1.92230442843,0.148985244012,-0.0121770841935,-0.099146723267,-0.000806734567231,-0.153796340579,-0.00988077896618,0.0565595429826,-0.020434683392,0.573869541454,0.818931659232,0.00233105132278,0.0,0.818892273918,-0.573808224873,-0.0118453234211,0.0,-0.00836309495728,0.00870671786968,-0.999927123198,0.0,0.652511505313,0.249162625668,0.303585141861,1.0,-0.01918,-0.025208,0.96
0.458204134998,0.497104912793,-0.124152944454,-1.43520669604,0.074736954321,1.92328038023,0.148608291246,-0.0151138200791,-0.102242419481,-0.00195709863796,-0.155693909116,-0.0046931548957,0.0606610066361,-0.0250068572766,0.573867782751,0.818932880508,0.0023349613095,0.0,0.818893506618,-0.573806410126,-0.0118480132676,0.0,-0.00836307288178,0.00871144548072,-0.999927082206,0.0,0.652185558577,0.248737847164,0.303579381806,1.0,-0.01952,-0.0256548571429,0.977
0.457936181568,0.495449480157,-0.124147933151,-1.43790182908,0.074572077422,1.9242026138,0.148199637238,-0.0135417940296,-0.0987787732818,-0.000140044771819,-0.162942707566,-0.00481180296907,0.0538195241481,-0.0214570878399,0.573840292495,0.81895241281,0.00223856277148,0.0,0.818911564198,-0.573779077977,-0.0119233635577,0.0,-0.0084803901452,0.00867545840171,-0.999926406994,0.0,0.651835001597,0.248304418565,0.303529922188,1.0,-0.01986,-0.0261017142857,0.994
0.457661863557,0.493808754079,-0.124166684445,-1.44057453778,0.07441189318,1.92515622619,0.147827229056,-0.0202627225403,-0.112807155202,-0.0014645152826,-0.181885184113,-0.0105789744484,0.063686261475,-0.0201867137624,0.573865814033,0.818934730214,0.00216380081194,0.0,0.818892839487,-0.573804832161,-0.0119699175673,0.0,-0.00856114668054,0.00864121384979,-0.999926015358,0.0,0.6514754095,0.247824439743,0.303480774058,1.0,-0.0286714285714,-0.0376824489796,1.011
0.45730103513,0.490726258936,-0.124250774956,-1.44518331043,0.0741533123723,1.92692223028,0.14714622498,-0.0202616083004,-0.190342611825,-0.000340768387856,-0.30443627862,-0.0224557129035,0.119678064993,-0.0476471548775,0.5738248729,0.818962849048,0.00236939269238,0.0,0.818923807269,-0.573763251272,-0.0118438287296,0.0,-0.0083403458428,0.00873680381052,-0.999927050784,0.0,0.650936540471,0.247146192154,0.303590465385,1.0,-0.0434468571429,-0.0571015836735,1.028
0.456790321937,0.486959526649,-0.124286676429,-1.45118613011,0.0738393077055,1.92921571041,0.14623748845,-0.0391592813277,-0.263295139264,-0.000771207203576,-0.414150253214,-0.024594394224,0.170946340325,-0.057455310219,0.573740388799,0.819021840804,0.00243668807519,0.0,0.818983300109,-0.573678124023,-0.0118537361772,0.0,-0.00831075418821,0.00879674340875,-0.999926771654,0.0,0.650180149875,0.246235661465,0.303551549006,1.0,-0.0573531428571,-0.0753784163265,1.044
0.456006331154,0.481706509602,-0.124439011401,-1.45951538901,0.073336524098,1.93222703107,0.144963982036,-0.0544472452976,-0.327518359783,-0.0109963445812,-0.533927323165,-0.0315767360047,0.190404454076,-0.0813320917224,0.57372407919,0.819033499017,0.00235697829045,0.0,0.818994151065,-0.573662367246,-0.0118665844948,0.0,-0.00836718156868,0.00873866494285,-0.999926810325,0.0,0.649131651612,0.244842626386,0.303498584828,1.0,-0.0721285714286,-0.0947975510204,1.061
0.454984587703,0.475167623215,-0.124613872453,-1.46990279509,0.0727188430991,1.93580579707,0.143447527527,-0.0634080065823,-0.412399805613,-0.00467829330417,-0.64029034418,-0.0343465432817,0.228241441531,-0.0911236638383,0.573782895052,0.818992955667,0.00211537600158,0.0,0.818950277928,-0.573721969086,-0.0120121343459,0.0,-0.00862438177294,0.00862491104145,-0.999925612708,0.0,0.647778066275,0.243077368762,0.303399416964,1.0,-0.086904,-0.114216685714,1.078
0.453759683775,0.467347053602,-0.1247571337,-1.48184428151,0.0720462021097,1.94019168879,0.141619593576,-0.0697367957005,-0.493114337815,-0.0121290137459,-0.730812850739,-0.0477200386218,0.283197146605,-0.11983035258,0.573784093383,0.818991453027,0.00235816683354,0.0,0.818951615821,-0.573721842394,-0.0119266678576,0.0,-0.00841506923418,0.00877472578309,-0.999926092667,0.0,0.646258436092,0.241079779205,0.303503352441,1.0,-0.101679428571,-0.133635820408,1.095
0.452287055981,0.458478997999,-0.124866593536,-1.49556591399,0.0711739657078,1.945123717,0.139443425815,-0.0958248018844,-0.55335177392,-0.00662636383503,-0.825379183886,-0.056942169871,0.297008919245,-0.121761384565,0.573694058032,0.81905437827,0.00240834321943,0.0,0.819015165141,-0.573631589242,-0.0119040327036,0.0,-0.00836870948015,0.00880191191233,-0.999926242804,0.0,0.644464970412,0.238755125945,0.303512780376,1.0,-0.116454857143,-0.153054955102,1.112
0.450632662069,0.448969979276,-0.125033507024,-1.51010722826,0.0701887430733,1.95023246465,0.13715545236,-0.102247047688,-0.629639799204,-0.0113757658227,-0.922843569831,-0.0675215155144,0.346625374086,-0.149409756243,0.573693427044,0.819054775848,0.00242339202442,0.0,0.819016228768,-0.573631395532,-0.0118400158544,0.0,-0.00830764773077,0.00877750566264,-0.999926966525,0.0,0.64254363435,0.236191398471,0.303569393625,1.0,-0.130361142857,-0.171331787755,1.128
0.448634476991,0.437867148182,-0.125165829893,-1.52721138806,0.0690640839774,1.95611993916,0.134503251142,-0.124670222166,-0.671453239403,-0.00849915122464,-1.04686000129,-0.0694683129245,0.348303484186,-0.165693828163,0.573710421221,0.819043200032,0.00230997051708,0.0,0.819002832439,-0.573648473715,-0.0119388426211,0.0,-0.00845347955932,0.00874147912596,-0.999926059879,0.0,0.640205183749,0.233185260613,0.303540271422,1.0,-0.145136571429,-0.190750922449,1.145
0.446356977855,0.425537978406,-0.125327294782,-1.54566288925,0.0678147882361,1.9625918337,0.131458329976,-0.142874800238,-0.733477556593,-0.0107080601907,-1.12396837578,-0.0785023976734,0.390376679423,-0.189756788837,0.573656575495,0.819080124666,0.00257481459762,0.0,0.81904341703,-0.57359384028,-0.011778553171,0.0,-0.00817083832062,0.00886590011867,-0.999927313966,0.0,0.637691484157,0.229871374556,0.303723930219,1.0,-0.159912,-0.210170057143,1.162
0.443752020203,0.412250746963,-0.125500189255,-1.56548082765,0.066399204915,1.96957214463,0.128129425261,-0.160942119556,-0.800790675484,-0.0154093338178,-1.19375027484,-0.0820898141059,0.428585914564,-0.206420705967,0.573628578587,0.819098688307,0.0028878267528,0.0,0.819066788097,-0.573565603028,-0.0115257347177,0.0,-0.00778450597203,0.00897698664111,-0.999929405097,0.0,0.634969959954,0.226217153064,0.303912423463,1.0,-0.174687428571,-0.229589191837,1.179
0.441006943301,0.398919477581,-0.12565717593,-1.58544772272,0.0650782912555,1.97638594778,0.124757447911,-0.180074088343,-0.851942491986,-0.00695553411918,-1.25767316618,-0.0801968834023,0.446568077861,-0.216061803099,0.573674216891,0.819066133201,0.00305110126173,0.0,0.819035686588,-0.573609944695,-0.0115291952824,0.0,-0.00769317949046,0.00911313834794,-0.99992888032,0.0,0.632128690912,0.222488378987,0.304001803698,1.0,-0.188593714286,-0.24786602449,1.195
0.437564400248,0.382969940931,-0.125829644082,-1.60933066667,0.0633242036512,1.98443662669,0.120568655719,-0.193479696699,-0.912135432144,-0.00980033475492,-1.35076456368,-0.0973711757851,0.433021750602,-0.240182070277,0.573622498094,0.819102212483,0.0030890268577,0.0,0.819072408392,-0.573558294752,-0.0114899623004,0.0,-0.00763986365567,0.00912121315727,-0.999929215472,0.0,0.628654792467,0.217930096079,0.304043937015,1.0,-0.204238285714,-0.268427461224,1.213
0.434168094183,0.367867794334,-0.126012397713,-1.63176499256,0.0616111817415,1.99189728851,0.116545845033,-0.218787353091,-0.933779216635,-0.00562332415198,-1.4133185067,-0.104613915708,0.461221695183,-0.245138057923,0.573586816172,0.819127081732,0.00312012633117,0.0,0.819098075744,-0.573522997918,-0.0114219119395,0.0,-0.00756667886948,0.00910732292211,-0.999929898563,0.0,0.62532136026,0.21354758377,0.304096117784,1.0,-0.218144571429,-0.286704293878,1.229
0.430127021119,0.351077445032,-0.12622969287,-1.65667746013,0.059686666342,2.00006638022,0.111974049125,-0.250959886835,-1.00243205838,-0.0145593774055,-1.51748585515,-0.115483849324,0.482320999612,-0.277763359699,0.573637753603,0.819091560586,0.00308057129936,0.0,0.819062281446,-0.573574331967,-0.011411035088,0.0,-0.00757989184942,0.00906915490011,-0.999930145395,0.0,0.621548685815,0.208529727546,0.304089813589,1.0,-0.23292,-0.306123428571,1.246
0.425676321821,0.333399003638,-0.126448217777,-1.68259201978,0.0577110023229,2.0084627677,0.107024267503,-0.271205765741,-1.03846883232,-0.0158769493883,-1.56092407104,-0.131328963537,0.500497556458,-0.301785592727,0.57368332228,0.819059275012,0.00317752341715,0.0,0.819030951716,-0.573619250947,-0.0114018408619,0.0,-0.00751623961864,0.009143712019,-0.999929946883,0.0,0.617534619987,0.203205733383,0.304135545344,1.0,-0.247695428571,-0.325542563265,1.263
0.421208770829,0.315991705556,-0.126601700971,-1.7078756845,0.0556526033197,2.0164731346,0.102067285184,-0.287114760318,-1.10660204635,-0.0151196095317,-1.59980101786,-0.138890629858,0.49947970781,-0.319564489752,0.573578874502,0.819132254197,0.00322052174514,0.0,0.819104523719,-0.573514737916,-0.0113741600629,0.0,-0.00747006850926,0.00916209825623,-0.999930124575,0.0,0.613483401151,0.197989035989,0.304187070117,1.0,-0.261601714286,-0.343819395918,1.279
0.415978833465,0.296822271769,-0.126804112091,-1.73564773336,0.0533313359065,2.02506385699,0.0963419006261,-0.326663051228,-1.14763820032,-0.0153994399311,-1.64048549976,-0.149190225318,0.496148355865,-0.344976923718,0.573439906425,0.819229895996,0.00313019581633,0.0,0.819200936126,-0.573375976011,-0.0114264292702,0.0,-0.00756623905488,0.00911680540123,-0.99992981548,0.0,0.608926332475,0.192080243176,0.304166028181,1.0,-0.276377142857,-0.363238530612,1.296
0.410234560402,0.276851397089,-0.127039649294,-1.76416250016,0.0509790866114,2.03370954107,0.0903183402459,-0.352336913544,-1.17837540435,-0.00850529346816,-1.69633374965,-0.149989113971,0.498974870427,-0.370346892709,0.573448437495,0.819223710045,0.00318580211045,0.0,0.819194796274,-0.573383524916,-0.0114876460876,0.0,-0.00758441162721,0.00919754229147,-0.999928938433,0.0,0.604141843721,0.185838563803,0.304210348449,1.0,-0.291152571429,-0.382657665306,1.313
0.403895944659,0.256174877968,-0.127369170205,-1.79331552642,0.0484159223459,2.04246550641,0.0838606402923,-0.390050555884,-1.22227027011,-0.0251740361486,-1.72578590425,-0.149461611034,0.504858900401,-0.384864266196,0.573531884402,0.819164746513,0.00332303267407,0.0,0.819137976395,-0.573467012221,-0.0113713861816,0.0,-0.00740953171625,0.00924405278177,-0.999929820701,0.0,0.599185064646,0.179182211703,0.304299976695,1.0,-0.305928,-0.4020768,1.33
0.397028978188,0.234772201312,-0.127671186424,-1.82311888421,0.04572090928,2.05119517987,0.0770118298445,-0.403637146105,-1.27485483769,-0.0137238405754,-1.72612283161,-0.152518689852,0.51705742307,-0.416076423169,0.573597431077,0.819118078286,0.00350824571525,0.0,0.81909394429,-0.573532362092,-0.0112466422732,0.0,-0.00720037418365,0.00932480746805,-0.99993059888,0.0,0.593971271845,0.172242238351,0.304414060505,1.0,-0.320703428571,-0.421495934694,1.347
0.39016105079,0.213998649028,-0.127886440798,-1.85186601568,0.0430885539403,2.05943332148,0.0700909577446,-0.447223130418,-1.30917371726,-0.0210868502,-1.80179392157,-0.172437362397,0.531919982826,-0.436708975228,0.573453610255,0.819218039635,0.00367523095695,0.0,0.819195803695,-0.573387805585,-0.0111985051173,0.0,-0.00706682085383,0.00943273857598,-0.999930539331,0.0,0.588771874784,0.165533882003,0.304465978713,1.0,-0.334609714286,-0.439772767347,1.363
0.382221030883,0.191329869475,-0.128214978183,-1.88301350863,0.0400665244856,2.06792190962,0.0622564962288,-0.477372797256,-1.36776484031,-0.0220896492399,-1.85867378615,-0.182886932603,0.520159551579,-0.476369250502,0.573354160914,0.819288047391,0.00358447581102,0.0,0.819264574738,-0.573288509192,-0.0112511647647,0.0,-0.00716314392972,0.00938771692659,-0.999930277639,0.0,0.582970482078,0.157992097795,0.304446064291,1.0,-0.349385142857,-0.459191902041,1.38
0.373467031463,0.168027038005,-0.128667917871,-1.914584445,0.037024878284,2.07618891127,0.0539182973451,-0.527871042016,-1.36746724302,-0.0219281926716,-1.88046178048,-0.188993568611,0.467150005921,-0.491333124593,0.573518210566,0.819173361145,0.00355154080448,0.0,0.819148612707,-0.573451516856,-0.0113866157299,0.0,-0.00729111619459,0.00943985294719,-0.99992886187,0.0,0.57695552768,0.149998152185,0.304443199573,1.0,-0.364160571429,-0.478611036735,1.397
