position_joint1,position_joint2,position_joint3,position_joint4,position_joint5,position_joint6,position_joint7,velocity_joint1,velocity_joint2,velocity_joint3,velocity_joint4,velocity_joint5,velocity_joint6,velocity_joint7,ee_T_00,ee_T_10,ee_T_20,ee_T_30,ee_T_01,ee_T_11,ee_T_21,ee_T_31,ee_T_02,ee_T_12,ee_T_22,ee_T_32,ee_T_03,ee_T_13,ee_T_23,ee_T_33,v_x,v_y,time
0.465080423969,0.547675616783,-0.123966878162,-1.35574617215,0.0794850868516,1.89409091494,0.159172814008,0.00127450330912,-0.00138447800153,0.000402685499029,-0.00010978078406,6.38963677243e-05,-5.06925078536e-05,0.00147701167616,0.573787316059,0.818989903617,0.00209776173986,0.0,0.818948788366,-0.573728255953,-0.011811742269,0.0,-0.00847031555783,0.00849555089533,-0.999928037095,0.0,0.661691985053,0.2609161175,0.303328913261,1.0,0.0,0.0,0.0
0.465079019627,0.547673111129,-0.123972878115,-1.35574840555,0.0794857989285,1.8940923272,0.159173192164,0.0014166546674,-0.00077846086424,-0.000564305008105,-0.000367321848181,0.00010965119021,-0.000156846140921,0.00140385095808,0.573793283875,0.818985721444,0.0020981781722,0.0,0.818944635221,-0.57373424508,-0.0118087834979,0.0,-0.0084675914301,0.00849425596044,-0.999928071169,0.0,0.661693525654,0.260911695408,0.303329947887,1.0,-0.00012,-0.000157714285714,0.007
0.465077966934,0.54767003428,-0.123964708929,-1.35574916039,0.0794857988744,1.89409314601,0.159170407553,0.00218394335129,0.000423598368644,0.0017012756157,-0.00137174208918,0.000153509298333,0.000104234540606,0.000353195895806,0.573786198773,0.818990673007,0.00210298013086,0.0,0.81894960825,-0.573727100782,-0.0118110066012,0.0,-0.00846673056255,0.00849939097534,-0.999928034824,0.0,0.661691995897,0.260915733502,0.303331569097,1.0,-0.00042,-0.000552,0.022
0.465069458621,0.547662566584,-0.123969986718,-1.35576168881,0.0794850868276,1.89409492986,0.159167818729,-0.00110698992312,-0.00113616288712,6.56619200946e-05,-0.00122957519792,-1.75403119476e-05,0.0021282815455,-0.00158584282053,0.573795229349,0.818984356264,0.00209901668769,0.0,0.818943262683,-0.573736168686,-0.0118105101107,0.0,-0.00846850427268,0.00849595350575,-0.999928049016,0.0,0.661693148863,0.260905665286,0.303331224377,1.0,-0.00078,-0.00102514285714,0.04
0.465074669101,0.547580316688,-0.123967559937,-1.35584960464,0.0794805706074,1.89411434871,0.159166903334,-0.000988691610096,-0.0053474246803,0.00041810869853,-0.00670608909545,-0.000415770318575,0.00105067502567,-0.00123234091034,0.573792107242,0.818986508013,0.00211287964944,0.0,0.81894555918,-0.573732956656,-0.0118073047943,0.0,-0.00845795747613,0.00850543546077,-0.999928057674,0.0,0.661677379302,0.260901750764,0.303349243285,1.0,-0.00116,-0.00152457142857,0.059
0.465074589441,0.547467192774,-0.123961777114,-1.35599112861,0.0794823483826,1.89413963498,0.159162857216,-0.000406044263161,-0.0139049354882,0.00401672864601,-0.011895031671,0.000234960597751,0.00240932793024,-0.00125462208134,0.573792988835,0.818985874868,0.00211887516802,0.0,0.818944847626,-0.573733657198,-0.0118226074415,0.0,-0.00846704151617,0.00851913518102,-0.99992786417,0.0,0.661651558349,0.260891735244,0.30336402485,1.0,-0.00144,-0.00189257142857,0.073
0.465062715429,0.54732588514,-0.123965479101,-1.35619435809,0.0794788731687,1.8942065685,0.159162707538,-0.000238203551472,-0.010421323098,0.00123524281091,-0.00961417876765,0.000372759978231,0.0107777429543,0.000735630507586,0.573815562271,0.818970037224,0.00212732819209,0.0,0.818929050312,-0.573756124351,-0.0118265475117,0.0,-0.00846518345823,0.00852855206728,-0.999927799628,0.0,0.661626188042,0.260863451285,0.303373319352,1.0,-0.00178,-0.00233942857143,0.09
0.465038613371,0.547150857654,-0.12396756013,-1.35640932002,0.0794763668196,1.89432052884,0.159148375393,-0.00115904871679,-0.0142027529291,-0.000400992636181,-0.00917680897445,-0.00152152060123,0.00607216422538,-0.00790712070054,0.573834503874,0.818956560492,0.00220478864407,0.0,0.818916567121,-0.573774746988,-0.0117873964398,0.0,-0.00838847510319,0.00856971772922,-0.999928094127,0.0,0.661610004258,0.260831716503,0.303411382233,1.0,-0.00214,-0.00281257142857,0.108
0.465028181304,0.546958968153,-0.123964767168,-1.3566205746,0.0794758237177,1.89443895021,0.15913079651,0.000126925440822,-0.0216068946916,0.000837071621728,-0.016171764102,-0.000427766133238,0.00709444338228,-0.00237498553034,0.573840594667,0.818952068606,0.00228651267762,0.0,0.818913052988,-0.573780437918,-0.0117544718895,0.0,-0.00831455290467,0.00861781413619,-0.999928298174,0.0,0.661593511658,0.260810554755,0.303450501427,1.0,-0.00242,-0.00318057142857,0.122
0.464983531567,0.546720731393,-0.123962111639,-1.35696016061,0.0794650260459,1.89458388383,0.159111738799,0.000563886271512,-0.0160176684311,0.00478557678031,-0.021591128248,-2.57526546651e-05,0.00998742014669,-0.00218881171123,0.573875930623,0.818927187898,0.00232896400357,0.0,0.81888865448,-0.57381553774,-0.0117408310534,0.0,-0.00827864941574,0.00864510899142,-0.999928360461,0.0,0.661562455922,0.260753469311,0.303470078187,1.0,-0.0028,-0.00368,0.141
0.464941020317,0.546441118006,-0.123962279061,-1.35738849295,0.0794521920588,1.89473534519,0.158990833763,0.000895752171311,-0.0156233496098,-0.00112001836721,-0.0249683945051,-0.000477645697644,0.0116798871978,-0.0104129036939,0.573832359025,0.818957689794,0.00233943660316,0.0,0.818919162199,-0.573771796244,-0.0117506816514,0.0,-0.00828116779486,0.00865889754585,-0.9999282203,0.0,0.661513610521,0.260686282164,0.303477356038,1.0,-0.00316,-0.00415314285714,0.159
0.464907942524,0.546209019808,-0.123971014934,-1.3577512126,0.0794448711022,1.8948744846,0.158935751015,-3.84893274124e-05,-0.0159484722914,-0.00161859566516,-0.0270655603097,0.00031748717295,0.0167847824903,-0.00144528281169,0.57383883055,0.818953118456,0.00235228080917,0.0,0.818914676987,-0.573778134282,-0.0117537796996,0.0,-0.00827626658844,0.00867125942502,-0.999928153755,0.0,0.66147528196,0.260627598275,0.303481425346,1.0,-0.00344,-0.00452114285714,0.173
0.464849033375,0.545868170333,-0.123967316034,-1.35831809036,0.0794179688691,1.89507029203,0.158916714764,-0.00076973101036,-0.020910645164,-0.000262618628682,-0.0326329968674,-0.00327562645658,0.0153311602441,0.00108850710923,0.573893408885,0.818914935037,0.00233051790353,0.0,0.81887610879,-0.573832681247,-0.0117779152683,0.0,-0.00830794333318,0.00866784025797,-0.999927920714,0.0,0.661409198455,0.260536893238,0.303469781026,1.0,-0.00382,-0.00502057142857,0.192
0.464803498431,0.545589622883,-0.123970198551,-1.35879176438,0.0793514298316,1.89522526432,0.158830836195,-0.00743972038016,-0.0260136761853,0.00104234233744,-0.0370643413271,-0.00758035802101,0.0150408748981,-0.00828301411562,0.573871103489,0.818930722648,0.00227485922561,0.0,0.818891484754,-0.573810913814,-0.0117693791406,0.0,-0.0083331275522,0.00861713535022,-0.999928149401,0.0,0.661354923685,0.260452279666,0.303454963526,1.0,-0.0041,-0.00538857142857,0.206
0.46473969033,0.545221145003,-0.123971139546,-1.3594418189,0.0792821261331,1.89543235681,0.158727689705,-0.0106149579777,-0.0243776628005,0.000863835455583,-0.0420927826099,-0.000894078775692,0.0119840060563,-0.00423601515058,0.573857304785,0.818940611179,0.00219454051155,0.0,0.818900544726,-0.573797646078,-0.0117858433663,0.0,-0.00839284517816,0.00856066754849,-0.999928134978,0.0,0.661277309217,0.26034004183,0.303424296199,1.0,-0.00444,-0.00583542857143,0.223
0.464672252596,0.544750326182,-0.123971097053,-1.36022602666,0.0792671737866,1.89569422054,0.158666648107,-0.00308794280458,-0.0204840979648,-0.000286229685402,-0.040224695138,-0.00219090898546,0.00611535547742,-0.0124828306212,0.573902172577,0.818909239813,0.00216798548054,0.0,0.8188684963,-0.573842274736,-0.0118396112379,0.0,-0.00845164803915,0.00857023862599,-0.999927557704,0.0,0.661180075397,0.260223921216,0.303407008105,1.0,-0.00482,-0.00633485714286,0.242
0.464616741246,0.544378470902,-0.123976178697,-1.36087824264,0.0792448902165,1.89592289839,0.158556946515,-0.00455910077506,-0.0334296955525,-0.00270635597967,-0.0447866067032,-0.00296567583093,0.0178683647102,-0.00781831074927,0.573898887762,0.818911610198,0.0021420106956,0.0,0.818870388745,-0.573838952078,-0.0118697268467,0.0,-0.00849125143463,0.00856621709258,-0.999927256641,0.0,0.661098749117,0.260114357345,0.303388641724,1.0,-0.00514,-0.00675542857143,0.258
0.464550993282,0.543852457345,-0.123978945167,-1.36171847148,0.0792062328901,1.89622475358,0.158460290787,-0.00391580310341,-0.0313186534603,-5.38778794884e-05,-0.0443496664714,0.000286537563269,0.0220555443097,-0.00482602040758,0.573904934543,0.818907413377,0.00212634034106,0.0,0.818865856075,-0.573844928336,-0.0118934805141,0.0,-0.00851963377257,0.00856707960246,-0.99992700783,0.0,0.661002995326,0.259999983895,0.303378275014,1.0,-0.00548,-0.00720228571429,0.275
0.464480164456,0.543333388437,-0.12398536383,-1.36255155053,0.0791635720024,1.89651732798,0.158370022061,-0.00316035380786,-0.0306036868332,-0.00234615588067,-0.0462563126012,-0.00173180355856,0.0156728490852,-0.00834048974521,0.573928460851,0.818890966482,0.00211038871074,0.0,0.818849136142,-0.573868450836,-0.0119096715138,0.0,-0.0085418013725,0.00856355428884,-0.999926848908,0.0,0.660905508991,0.2598703275,0.303374548309,1.0,-0.00582,-0.00764914285714,0.292
0.464404244963,0.542817251592,-0.12398675836,-1.36338155333,0.0791110208828,1.8968087566,0.158237545345,-0.00241323218701,-0.0275498201233,-0.000918768926349,-0.0511682683539,-0.0050837882013,0.0257990924161,-0.010769264747,0.573915219175,0.818900299822,0.00208974921732,0.0,0.818858196527,-0.573855290945,-0.0119208194372,0.0,-0.00856291382874,0.00855291264539,-0.999926759414,0.0,0.660809025849,0.259738873,0.303369869139,1.0,-0.00614,-0.00806971428571,0.308
0.464318333936,0.542076401581,-0.123986710023,-1.36453010496,0.0790423691804,1.89722333397,0.158096999632,-0.00380417613178,-0.0391721217477,-0.000590727334714,-0.0587543423121,-0.0034634309337,0.0222276282085,-0.0100127576646,0.573915586478,0.818900051919,0.00208601672947,0.0,0.818857878667,-0.573855652199,-0.0119252624472,0.0,-0.0085686905202,0.00855240988562,-0.999926714229,0.0,0.660678077957,0.259579344433,0.303377231462,1.0,-0.00654,-0.00859542857143,0.328
0.46425226363,0.541595301404,-0.123986737447,-1.36526597699,0.0789893260075,1.89749641636,0.157999382775,-0.00429339924226,-0.0412244530265,0.000318918775225,-0.0557113504793,-0.003659863443,0.0145529666161,-0.00556936804531,0.573916758436,0.818899177365,0.00210679826716,0.0,0.818857339227,-0.573856803541,-0.0119068856268,0.0,-0.00854170277972,0.00855889321056,-0.999926889658,0.0,0.660590149328,0.259457808319,0.303396606336,1.0,-0.00682,-0.00896342857143,0.342
0.464175545214,0.540942284524,-0.123983979991,-1.36627442826,0.0789378736391,1.89787723013,0.157860353976,-0.00477132084081,-0.0458563074996,0.000446949942336,-0.0615361248644,-0.00534602219533,0.0192639910347,-0.0153875789624,0.573906041181,0.818906618251,0.00213386530636,0.0,0.81886503512,-0.573845879821,-0.0119040905709,0.0,-0.00852399285194,0.00857934236139,-0.999926865541,0.0,0.660472708652,0.25931511595,0.303411182152,1.0,-0.00716,-0.00941028571429,0.359
0.464079940324,0.540241956419,-0.123987110612,-1.36734094807,0.0788853277121,1.89826362584,0.157731808082,-0.00588111774788,-0.0400585513393,-9.1999644523e-07,-0.0648136314725,-0.00126692589936,0.0320524832626,-0.0114512297508,0.573926232256,0.818892406578,0.00215714566729,0.0,0.818851018208,-0.573865864837,-0.0119048753053,0.0,-0.00851106358922,0.00859906671425,-0.999926806245,0.0,0.660350339098,0.25915047547,0.303432135063,1.0,-0.0075,-0.00985714285714,0.376
0.463978092131,0.539517734887,-0.123990644366,-1.36848598663,0.0788093348728,1.89870065467,0.157595592806,-0.00586226649274,-0.0436851098439,-0.000294907174419,-0.070788938595,-0.00329983081198,0.0247843477647,-0.000548163640928,0.573943717771,0.818880131005,0.00216489689177,0.0,0.818838930373,-0.573883404705,-0.0118907868209,0.0,-0.00849489422364,0.00859750977917,-0.999926957131,0.0,0.660223358184,0.258972125279,0.303436863988,1.0,-0.00784,-0.010304,0.393
0.463864276669,0.538763193693,-0.12399302207,-1.36964529663,0.0787450447441,1.89915239667,0.157444546238,-0.00601168457035,-0.0445498783104,-0.000615094675503,-0.0674785310625,-0.00663086148851,0.0300368192589,-0.00328345821363,0.573961906906,0.81886727131,0.00220642238521,0.0,0.818826595468,-0.573901409582,-0.0118712061287,0.0,-0.00845483603454,0.00862046340737,-0.999927099022,0.0,0.660098761803,0.258788151638,0.303457358112,1.0,-0.00818,-0.0107508571429,0.41
0.463753025213,0.537988482227,-0.124003443501,-1.37086032506,0.0786799451848,1.89961985401,0.157297098156,-0.00479518766192,-0.0489118341494,-0.00714177361597,-0.0744200328777,-0.00614316090575,0.0274166899523,-0.0127587562944,0.573989358659,0.818847964827,0.00223014479901,0.0,0.818807589518,-0.573928755565,-0.0118600920891,0.0,-0.00843183037949,0.0086337923663,-0.999927178281,0.0,0.659965906661,0.258595801621,0.30346708172,1.0,-0.00852,-0.0111977142857,0.427
0.463634823837,0.537179786503,-0.124002794136,-1.37212856324,0.0785973675857,1.90008775182,0.157143846458,-0.00613045439697,-0.0489532671207,-0.00124809407869,-0.0747905479333,-0.00119687501961,0.0248840535388,-0.00849391766075,0.574007966322,0.818834911941,0.00223349199744,0.0,0.818794616013,-0.573947384401,-0.0118542662556,0.0,-0.00842494238179,0.00863338070738,-0.999927239895,0.0,0.659821666648,0.258396645556,0.303474982944,1.0,-0.00886,-0.0116445714286,0.444
0.463524077485,0.536337304206,-0.124013767998,-1.37344188685,0.0785269620236,1.90058874085,0.156974910693,-0.00422177545002,-0.0463476028587,-0.000189320242946,-0.0742550599671,-0.00256672331321,0.0242548509423,-0.00900948510527,0.574021551368,0.818825314868,0.00226035325772,0.0,0.818785350818,-0.573960844255,-0.011842527139,0.0,-0.0083997684709,0.00864877645131,-0.999927318636,0.0,0.659674233377,0.258194975474,0.303488404665,1.0,-0.0092,-0.0120914285714,0.461
0.463403376282,0.535477670906,-0.124020129489,-1.3748007296,0.0784469742218,1.90108080738,0.156806350892,-0.00996333115193,-0.0501577037263,-0.000485484247904,-0.0784097410322,0.000109470587186,0.0341812704702,-0.00743146685614,0.574040003648,0.818812397822,0.00225350526325,0.0,0.818772326468,-0.5739793023,-0.0118484109856,0.0,-0.00840832231706,0.00864673610898,-0.99992726439,0.0,0.659516636095,0.257982106609,0.303491164821,1.0,-0.00954,-0.0125382857143,0.478
0.463313580385,0.534729487124,-0.124025840022,-1.37598106839,0.0783841605826,1.9015187327,0.156655081964,-0.00730476690019,-0.044945987218,0.000578936113203,-0.0817705606397,-0.000898809252736,0.0333097820538,-0.0108910730339,0.574041635607,0.818811232878,0.00226106225643,0.0,0.818771199312,-0.573980842133,-0.0118517062995,0.0,-0.00840666568312,0.00865483215667,-0.999927208277,0.0,0.659377406422,0.257808836071,0.303495400019,1.0,-0.00982,-0.0129062857143,0.492
0.463199136006,0.533870635994,-0.124025092929,-1.37737167929,0.0783022234099,1.90202362803,0.156497863409,-0.00728938319065,-0.0522297397483,0.000949630482452,-0.0863514071409,-0.0127358736437,0.0323499819934,-0.0219366034717,0.574060273751,0.818798228383,0.00223834735519,0.0,0.818757843738,-0.573999510418,-0.0118702256921,0.0,-0.00843467187472,0.00864705594696,-0.999927039705,0.0,0.659211221955,0.257601026827,0.303483068216,1.0,-0.01014,-0.0133268571429,0.508
0.463062840823,0.532845800932,-0.124025188936,-1.37903428854,0.0782110771866,1.90265173627,0.156285085908,-0.00353691381871,-0.0558143598815,0.000383012721631,-0.0912421586268,1.21587771555e-05,0.0356340558651,-0.00469998923229,0.574064345184,0.818795388333,0.00223305491889,0.0,0.818754844231,-0.574003509547,-0.011883727448,0.0,-0.00844872253428,0.00865051529729,-0.999926891164,0.0,0.659016635646,0.257355095441,0.303468868858,1.0,-0.01052,-0.0138262857143,0.527
0.462933555804,0.531932136474,-0.124020043377,-1.38049824444,0.0781297606997,1.9031942243,0.156102822367,-0.00616783629652,-0.055549576112,0.000469477637203,-0.0883834668811,-0.0140696604106,0.0294284827946,-0.00811023018761,0.574075463493,0.818787600289,0.00223041024708,0.0,0.81874691293,-0.574014525626,-0.0118980602889,0.0,-0.00846185926911,0.00865669264752,-0.999926726621,0.0,0.658844337641,0.25713476358,0.303463027697,1.0,-0.01084,-0.0142468571429,0.543
0.462810604894,0.530918877973,-0.124028277488,-1.38211339207,0.0780262716882,1.90377107898,0.155890668485,-0.00601944607093,-0.0576170144876,-0.000135000305988,-0.0957120845597,-0.0065560677078,0.0279810487714,-0.0111001202568,0.574072355305,0.818789893796,0.00218805692659,0.0,0.81874865947,-0.574011592839,-0.011919345743,0.0,-0.00850363351469,0.00863420179503,-0.999926566692,0.0,0.6586343669,0.256879315716,0.303449366125,1.0,-0.0112,-0.01472,0.561
0.462656084027,0.529839647715,-0.124031356837,-1.3838440973,0.0779204552387,1.90438643323,0.155674592108,-0.0094857799934,-0.0575950611544,0.000643408068003,-0.0929205399503,-0.00527646231506,0.033220489036,-0.0122394062688,0.574085557058,0.818780682005,0.00217137129878,0.0,0.818739224165,-0.574024854351,-0.0119288013367,0.0,-0.00852081505251,0.0086261054922,-0.999926490306,0.0,0.65844167282,0.256622808076,0.303448589065,1.0,-0.01154,-0.0151668571429,0.578
0.462521243684,0.528838500398,-0.124028658485,-1.38541943034,0.0778184483175,1.90497032021,0.155440778735,-0.00883120354456,-0.0612948578184,0.000516348974172,-0.098722618257,-0.0109218752931,0.0308963435371,-0.0175645109642,0.574060623137,0.818798150768,0.00217627306765,0.0,0.818756779558,-0.573999926725,-0.0119233782303,0.0,-0.00851382338198,0.00862674635669,-0.999926544331,0.0,0.658255774048,0.25638488203,0.303454358412,1.0,-0.01186,-0.0155874285714,0.594
0.462388735431,0.527723471599,-0.124028694489,-1.38714546953,0.077706996868,1.90564333042,0.155209048772,-0.00690645114107,-0.0707819750942,-0.000125895547105,-0.105076347221,-0.00473151215315,0.0375010660947,-0.0184055480386,0.574043029747,0.818810358017,0.00222362411308,0.0,0.81876969255,-0.573982235785,-0.0118882491078,0.0,-0.0084580636121,0.00864516901391,-0.999926858431,0.0,0.658055483203,0.256135037178,0.303476141971,1.0,-0.0122,-0.0160342857143,0.611
0.462235828658,0.526574344085,-0.124033854914,-1.38892764558,0.0776068206695,1.90631202323,0.154965458125,-0.013369688957,-0.0672513930622,-0.000709866509124,-0.107808103463,-0.00315217780798,0.0360609039231,-0.00825186124454,0.574041798473,0.818811131217,0.00225652444175,0.0,0.818770840095,-0.573980818655,-0.0118776314064,0.0,-0.00843049737483,0.00866600015433,-0.999926910907,0.0,0.657847312982,0.255864130594,0.303494733831,1.0,-0.01254,-0.0164811428571,0.628
0.462088876005,0.525478670275,-0.124034911524,-1.39065867565,0.0774888517315,1.90693890515,0.15473373537,-0.00802025424456,-0.0623934507499,-0.00133413927458,-0.106055092246,-0.00901026082675,0.037953273925,-0.0149173968771,0.574034513741,0.81881627893,0.00224171693993,0.0,0.818775868697,-0.573973669091,-0.0118764864735,0.0,-0.00843813642419,0.00865314347245,-0.999926957813,0.0,0.6576393551,0.25559925702,0.303495988406,1.0,-0.01286,-0.0169017142857,0.644
0.461925664769,0.524278611011,-0.12404532852,-1.39252080075,0.077387810619,1.90761000171,0.154469358534,-0.00892683969258,-0.074345920282,-0.00213833554004,-0.107662426843,-0.00207865798683,0.0362248815118,-0.00995007843624,0.574031882157,0.818818089347,0.00225426850532,0.0,0.818777735321,-0.573970878059,-0.0118826842245,0.0,-0.00843603473942,0.0086669513177,-0.999926855961,0.0,0.657416984501,0.255309801252,0.303512135821,1.0,-0.0132,-0.0173485714286,0.661
0.461761540067,0.523040048952,-0.124058370245,-1.39455107455,0.0772487197104,1.90836164418,0.154208738861,-0.0103231558468,-0.0686108800462,0.0014674884343,-0.113190255095,-0.00621353862451,0.0414704589006,-0.00168990424312,0.574033545606,0.818817054636,0.00220600475789,0.0,0.818776234893,-0.573972899831,-0.0118884117927,0.0,-0.00846841042363,0.00863073761127,-0.999926895524,0.0,0.657174421209,0.254998138348,0.303482063789,1.0,-0.01356,-0.0178217142857,0.679
0.461614018701,0.521873045352,-0.124062917466,-1.39640591725,0.0771382042686,1.90907997697,0.153943386593,-0.0123329152979,-0.0730141214865,0.0018911780987,-0.118425073036,-0.00350529571043,0.0428435562628,-0.0135937628526,0.574009998972,0.818833496845,0.00222989382747,0.0,0.818793003808,-0.573949277107,-0.0118739683399,0.0,-0.00844311962313,0.00864176440051,-0.999927014156,0.0,0.656956257373,0.254724567326,0.303481717844,1.0,-0.01388,-0.0182422857143,0.695
0.461445719552,0.52062983594,-0.124073467755,-1.39841863801,0.0770192309088,1.90983633981,0.153683036943,-0.00930249544103,-0.0761258083628,-0.00164441832393,-0.114212241629,-0.00350194234889,0.0463289984002,-0.00936072631992,0.574017631836,0.818828184473,0.00221575149906,0.0,0.818787506848,-0.57395696471,-0.0118814221093,0.0,-0.00845726011827,0.00863454166945,-0.999926957053,0.0,0.656716938128,0.254417375615,0.30346295223,1.0,-0.01422,-0.0186891428571,0.712
0.461277899066,0.519302804238,-0.124064083383,-1.40047590497,0.0768793332124,1.91056971814,0.153398063104,-0.00637799306655,-0.0794752689351,0.0015837039364,-0.117729956343,-0.00733072988064,0.0372165526174,-0.0142108519808,0.573986471037,0.818850033684,0.00221366288415,0.0,0.818809342933,-0.573925830488,-0.0118805692566,0.0,-0.00845808907116,0.00863202006628,-0.999926971813,0.0,0.65646048574,0.254113102861,0.303478751253,1.0,-0.01456,-0.019136,0.729
0.461136114928,0.518197590426,-0.124069826648,-1.40219956538,0.0767683437921,1.91119066495,0.153163574553,-0.0117205203139,-0.0781340207991,0.000431321658698,-0.124853733767,-0.0065454512148,0.0539101804227,-0.0163147258558,0.573976028687,0.818857359077,0.00221153314871,0.0,0.818816670075,-0.573915427999,-0.011878098093,0.0,-0.00845739787286,0.00862874991055,-0.999927005884,0.0,0.656249229741,0.253850851053,0.303488050536,1.0,-0.01484,-0.019504,0.743
0.460933784307,0.516680113286,-0.124075199734,-1.40458077777,0.0766161026731,1.91205455162,0.152827676516,-0.00657626477808,-0.0742547924853,-0.000295799552135,-0.124752469145,-0.00438395794621,0.0459403528528,-0.0186197802997,0.573955286115,0.818871911254,0.00220667204351,0.0,0.818831182534,-0.573894731403,-0.0118776545679,0.0,-0.00846004311955,0.00862430054924,-0.999927021892,0.0,0.65595849554,0.253486328024,0.303494333921,1.0,-0.01522,-0.0200034285714,0.762
0.46074314964,0.51530094698,-0.124078728949,-1.406750373,0.0764888446387,1.9128837841,0.15254127326,-0.0116573402291,-0.0825130382693,0.000919383057668,-0.131238021472,-0.00111741107398,0.048262938491,-0.0182359537782,0.57395977721,0.818868673824,0.00223965972698,0.0,0.818828349834,-0.573899065962,-0.0118634943041,0.0,-0.00842946751571,0.00864323183514,-0.999927116654,0.0,0.655701734422,0.253155537383,0.303500825621,1.0,-0.01556,-0.0204502857143,0.779
0.460571589142,0.514003749546,-0.12408734855,-1.40886155306,0.0763591474229,1.91363511629,0.15225607006,-0.0118459442393,-0.0820438420655,-0.000698516763948,-0.139603380078,-0.00725591970192,0.0451562103761,-0.0166974814368,0.573948843477,0.818876489704,0.00218325052255,0.0,0.818835390818,-0.573888316919,-0.0118974513661,0.0,-0.00848976469759,0.00861641713953,-0.999926837949,0.0,0.655436765692,0.252834590272,0.303470691876,1.0,-0.01588,-0.0208708571429,0.795
0.460354414535,0.512440825016,-0.124090819297,-1.41140682229,0.0762063604678,1.91452633735,0.151887734989,-0.00960227196752,-0.0811361910974,-0.000645332829348,-0.134776760935,-0.0110453815554,0.0527460447448,-0.019360072433,0.573919618441,0.81889717345,0.00210660545229,0.0,0.818854935838,-0.573859266488,-0.0119533769576,0.0,-0.00857985673294,0.00858544711151,-0.999926335365,0.0,0.65511419292,0.252444579516,0.303431686222,1.0,-0.01626,-0.0213702857143,0.814
0.460154122928,0.510978223714,-0.124091508799,-1.41369908822,0.0760640933231,1.91539817824,0.151563463333,-0.00688952438654,-0.0881625736208,0.000196946800927,-0.133082927456,-0.00543333737371,0.0529727868971,-0.0205209682975,0.573900173102,0.818910715595,0.00213964898743,0.0,0.818868925338,-0.573839704629,-0.0119341278606,0.0,-0.00854533416756,0.0086012557128,-0.999926495131,0.0,0.654838912586,0.252096344337,0.303440468494,1.0,-0.0166,-0.0218171428571,0.831
0.459993626466,0.509778553625,-0.124096386308,-1.41562277803,0.0759405881331,1.9161325207,0.151287771744,-0.0141681110414,-0.087510278914,-0.000641828051604,-0.142825650353,-0.00718907974919,0.0561070984464,-0.0175036547181,0.573876408282,0.818927363597,0.00214197829126,0.0,0.818885671188,-0.573816001241,-0.0119248121229,0.0,-0.00853661789174,0.00859756921111,-0.999926601286,0.0,0.654606275642,0.251805773918,0.303428441681,1.0,-0.01688,-0.0221851428571,0.845
0.459770639029,0.508177770807,-0.124100970396,-1.41814560684,0.0757801768691,1.91703201927,0.150956296993,-0.0173429692128,-0.0920067336658,-0.0016704903934,-0.14012975091,-0.0109084006998,0.0495296923732,-0.0176288645479,0.573878357984,0.818926057209,0.002118953126,0.0,0.818884043315,-0.573818023279,-0.0119392908428,0.0,-0.00856166772025,0.00858704285499,-0.999926477568,0.0,0.654290873674,0.251414040181,0.303425775265,1.0,-0.01724,-0.0226582857143,0.863
0.459559707899,0.506645160685,-0.124105731938,-1.42056445706,0.0756321388147,1.91790733205,0.150611544681,-0.0127036269649,-0.0867518388947,-4.2211860497e-05,-0.146109080667,-0.00712054187958,0.055644623013,-0.0212962249754,0.573857368707,0.81894079156,0.00210883871538,0.0,0.818898589473,-0.573797021761,-0.0119509363494,0.0,-0.00857722903785,0.00858522322866,-0.999926359831,0.0,0.653989004843,0.251041949103,0.303422282393,1.0,-0.01758,-0.0231051428571,0.88
0.459349132504,0.50513418869,-0.124109966663,-1.42287758624,0.0754874143593,1.91878902813,0.150292702227,-0.0175665026991,-0.0881566170032,-0.000322773020008,-0.144957209364,-0.00865293470598,0.0561888775911,-0.0238407284616,0.5738521348,0.818944290927,0.00217316475194,0.0,0.818902976191,-0.573791575354,-0.0119117815427,0.0,-0.00850830567393,0.00861537822342,-0.999926689309,0.0,0.653711836074,0.250683649346,0.303453916787,1.0,-0.0179,-0.0235257142857,0.896
0.459109499949,0.503379627288,-0.124110683512,-1.42549413494,0.0753248809981,1.91978828255,0.149931169461,-0.0129674127053,-0.0937857265737,0.000585767428253,-0.137763040292,-0.00485737870992,0.0627353217517,-0.0198522959511,0.573843539526,0.818949998332,0.00228894654828,0.0,0.818910228225,-0.573782559287,-0.0118473485179,0.0,-0.00838918995837,0.00867313313247,-0.999927196477,0.0,0.653398143714,0.250280799705,0.303520730481,1.0,-0.01826,-0.0239988571429,0.914
0.458873119179,0.501691185349,-0.124116424842,-1.42801090459,0.0751625290383,1.92071437564,0.149576433975,-0.014569229197,-0.0976748043235,0.000572290999953,-0.143728444385,-0.014540284024,0.0592846838213,-0.0186848063782,0.573835553676,0.818955368002,0.00236842954647,0.0,0.818916689772,-0.573774328605,-0.0117992350811,0.0,-0.00830426271794,0.00871053478469,-0.99992758028,0.0,0.653091216969,0.249883345037,0.303581975139,1.0,-0.0186,-0.0244457142857,0.931
0.458667868341,0.500174804527,-0.124117046787,-1.43031121539,0.0750099132439,1.92151718356,0.149244442908,-0.0126419117752,-0.0913628490972,0.00078972498648,-0.149323933269,-0.00653754321883,0.0528249266407,-0.0259789956579,0.573807873593,0.818974725186,0.0023813042043,0.0,0.818936209291,-0.573746597821,-0.0117929428866,0.0,-0.00829201662113,0.0087171875523,-0.999927623932,0.0,0.652796757753,0.249526020601,0.303614749936,1.0,-0.0189,-0.02484,0.946
0.458413119087,0.498408838438,-0.124114579083,-1.43309636454,0.0748450736032,1.9225399945,0.148850421081,-0.0125154041462,-0.0944535180668,0.00128872343268,-0.157603836184,-0.00428261234613,0.055811268803,-0.0256570547604,0.573789327172,0.818987699448,0.0023881118275,0.0,0.818949137942,-0.573727886845,-0.011805431881,0.0,-0.00829853691744,0.00872974101299,-0.999927460322,0.0,0.652447098597,0.249096930884,0.303609383969,1.0,-0.01926,-0.0253131428571,0.964
0.458146534889,0.496735960795,-0.124112505324,-1.43577343354,0.0746796867849,1.92349577865,0.148462384706,-0.0110939095289,-0.0967038291962,0.00121811616552,-0.156654979398,-0.0104317715484,0.0578702177528,-0.0173061028657,0.573779226397,0.818994893648,0.00234743171598,0.0,0.818955686237,-0.573717821012,-0.0118403013161,0.0,-0.00835054368192,0.00871632929767,-0.999927144358,0.0,0.652109454118,0.248667056756,0.303584112768,1.0,-0.0196,-0.02576,0.981
0.457900885399,0.495159766765,-0.124115526138,-1.43833012936,0.0745173108064,1.92437374934,0.148091355223,-0.014575374406,-0.0952398220974,0.000315135677158,-0.162100757797,-0.0154675911245,0.0541207392386,-0.018697365395,0.573763528035,0.819006142213,0.00225827709628,0.0,0.818965661447,-0.573702358018,-0.0118994401673,0.0,-0.00845029838512,0.00867708322864,-0.999926647652,0.0,0.651777402611,0.248256272855,0.30354160295,1.0,-0.01992,-0.0261805714286,0.997
0.457609501602,0.49342205436,-0.124124722974,-1.44110921065,0.0743433772565,1.92539307176,0.147696230593,-0.0184976451515,-0.109696526483,-0.00222130615924,-0.167050831444,-0.00945021816095,0.0669165497733,-0.018369279392,0.573777961572,0.818996094041,0.00223509745982,0.0,0.818955297978,-0.573716868778,-0.0119130724676,0.0,-0.00847460986546,0.00866607019147,-0.999926537409,0.0,0.651436057325,0.24779557009,0.303517539395,1.0,-0.0218817142857,-0.0287588244898,1.014
0.457317989728,0.491462234385,-0.124135088155,-1.44421588738,0.0741480392392,1.92654244832,0.147257876108,-0.0158812134923,-0.121055594231,-0.00219427109904,-0.188075629964,-0.00579432800401,0.0695523665654,-0.0203650303576,0.57376798165,0.819003094617,0.00223184729139,0.0,0.818962264316,-0.573706911452,-0.0119137013548,0.0,-0.00847709527186,0.00866366589408,-0.999926537176,0.0,0.651046888537,0.247303715611,0.303502658873,1.0,-0.0243685714286,-0.0320272653061,1.031
0.456980678288,0.489325225067,-0.124149389155,-1.44767059111,0.0739403303477,1.92775460858,0.146754377923,-0.0232456456252,-0.132267074279,-0.000975089526247,-0.200490011921,-0.0082401785898,0.0732540319353,-0.0287800484671,0.573758094956,0.819010257764,0.00214314053288,0.0,0.818968090065,-0.573697204495,-0.0119804804346,0.0,-0.0085827878816,0.00862922747915,-0.99992593335,0.0,0.65060116699,0.246743410639,0.303450107218,1.0,-0.0268554285714,-0.0352957061224,1.048
0.45662648426,0.487075305296,-0.124169852946,-1.45118363333,0.0737257128837,1.92908751179,0.146248654606,-0.020918671221,-0.145729367114,-0.000221886125133,-0.222925607142,-0.0139361128618,0.0858950096942,-0.0350381024699,0.573765306501,0.819005061211,0.00219765067677,0.0,0.81896365121,-0.573704238461,-0.0119470360422,0.0,-0.0085240455914,0.00865475744976,-0.999926215188,0.0,0.650172157752,0.246170183108,0.303457660577,1.0,-0.029196,-0.0383718857143,1.064
0.456206816333,0.484443532036,-0.124199026958,-1.45517747102,0.0734777431382,1.93057754021,0.145642763702,-0.025231351747,-0.163324950064,-0.000696672730141,-0.246705119156,-0.0152381795567,0.0859754471899,-0.0348402644833,0.573763808512,0.819005826497,0.00230111001871,0.0,0.818965853037,-0.573702416536,-0.0118834221495,0.0,-0.00841260156938,0.00870297563933,-0.999926740491,0.0,0.649684379879,0.245502966206,0.303513917666,1.0,-0.0316828571429,-0.0416403265306,1.081
0.455774807367,0.481815303029,-0.124243939791,-1.45928827422,0.0732184130768,1.93197740635,0.145016913497,-0.0315573679446,-0.168295176816,-0.00578672346039,-0.268913597257,-0.0168561853831,0.09064760532,-0.0406734211674,0.573768168076,0.819002984397,0.00222435469616,0.0,0.818961966305,-0.573707035962,-0.0119281824171,0.0,-0.0084932525798,0.00866584011394,-0.999926381228,0.0,0.649153934366,0.244797360683,0.303503271052,1.0,-0.0340234285714,-0.0447165061224,1.097
0.455252589402,0.478603931823,-0.124292818442,-1.46423023258,0.072919236498,1.93377292643,0.144295177575,-0.0287563445908,-0.18345459603,-0.0023497919776,-0.281279270193,-0.0165482322319,0.103197319365,-0.0397591760266,0.573799972466,0.81898056073,0.00227588347647,0.0,0.818940212159,-0.573738627829,-0.0119022160123,0.0,-0.00844208381707,0.00869347109348,-0.999926574695,0.0,0.64853509906,0.243960753997,0.30353368957,1.0,-0.0366565714286,-0.0481772081633,1.115
0.454696005111,0.475372470807,-0.124315208261,-1.46916076464,0.0726207535357,1.93561543467,0.143592118439,-0.0351588414886,-0.198837027084,0.000114347851671,-0.299062369105,-0.0102463378184,0.114957852171,-0.0465394401541,0.573854189436,0.818942222574,0.00239838558702,0.0,0.818903436347,-0.573792324514,-0.0118438662849,0.0,-0.00832342718993,0.00876086715945,-0.999926981217,0.0,0.647927137362,0.243122778589,0.303584230075,1.0,-0.0391434285714,-0.0514456489796,1.132
0.454145394176,0.47214155239,-0.124332589966,-1.47413403513,0.0723125856371,1.93735560421,0.142853242012,-0.0337341445678,-0.209572567534,0.000909356995978,-0.316292252071,-0.0156188120233,0.113296459352,-0.0515713877373,0.573867300373,0.818933030176,0.0024001147899,0.0,0.818894066752,-0.573805216952,-0.0118670695053,0.0,-0.00834129739734,0.00877573186133,-0.999926701958,0.0,0.647281598161,0.242279058417,0.303602631708,1.0,-0.041484,-0.0545218285714,1.148
0.453546037739,0.46851575904,-0.124345034108,-1.47961414723,0.0719732873264,1.93939678981,0.141993612919,-0.0322648759888,-0.213772722197,-0.0017240646959,-0.326670337496,-0.01712470587,0.129260855793,-0.0508140342696,0.573832275335,0.818957085652,0.00256096565392,0.0,0.818920172367,-0.573769541072,-0.0117903320508,0.0,-0.00818652950333,0.00886307014399,-0.999927210712,0.0,0.646588434551,0.241367719436,0.303675690771,1.0,-0.0439708571429,-0.0577902693878,1.165
0.452898925503,0.46469318822,-0.124346130044,-1.48543422856,0.0715797366646,1.94147579669,0.141080010545,-0.0400946644688,-0.230665778986,-0.000375786553894,-0.350380964063,-0.0225700103249,0.115745229337,-0.0453352272954,0.573781406654,0.818992537269,0.00262072086694,0.0,0.818956425963,-0.57371848706,-0.0117565675392,0.0,-0.00812514150189,0.00889212725572,-0.999927453443,0.0,0.645829437152,0.240389729912,0.30372243052,1.0,-0.0464577142857,-0.0610587102041,1.182
0.452259106622,0.460962642464,-0.124349690025,-1.49126329015,0.0711962997111,1.94349003241,0.140215083105,-0.0409037457049,-0.228208566721,-8.67713878216e-05,-0.36779436012,-0.0187939880581,0.127503057551,-0.0537283244911,0.573766900991,0.819002935544,0.00254593776656,0.0,0.818965646288,-0.573704036048,-0.0118193114742,0.0,-0.00821959427395,0.00886673599696,-0.99992690696,0.0,0.645045025854,0.239411143441,0.303692910009,1.0,-0.0487982857143,-0.0641348897959,1.198
0.451400549852,0.456098005135,-0.124362711057,-1.49884649542,0.0706824384425,1.94617975328,0.139058556397,-0.0472407286183,-0.24244124686,-0.00159495396392,-0.386597996022,-0.0240318143207,0.139345396614,-0.0574782623062,0.573741979106,0.81902052042,0.00250508349694,0.0,0.818982690158,-0.57367926143,-0.0118408245942,0.0,-0.00826092291937,0.00884536845908,-0.999926755622,0.0,0.644038637726,0.238119995953,0.303663712232,1.0,-0.051724,-0.0679801142857,1.218
0.450702978703,0.452262376128,-0.124385734142,-1.5047337303,0.0702714867123,1.94827963934,0.138102516573,-0.0477407022367,-0.263104915265,-0.00295690913597,-0.395389688868,-0.0227348368285,0.147511148395,-0.0591084271559,0.573703136055,0.81904766499,0.00252607520374,0.0,0.819010279395,-0.573640528268,-0.0118090420999,0.0,-0.00822326756676,0.00884393631809,-0.999927078672,0.0,0.643264977849,0.237090876357,0.303678815435,1.0,-0.0539182857143,-0.0708640326531,1.233
0.449923833592,0.447940962252,-0.124438606543,-1.51122122719,0.0698386891057,1.95064574819,0.137127942518,-0.0466274264146,-0.270983479418,-0.00338223328604,-0.413201130573,-0.0344070285165,0.139411121965,-0.0588154684606,0.573758639834,0.819008306154,0.00267667099924,0.0,0.818973103745,-0.573695722776,-0.0117055504737,0.0,-0.00805150337895,0.00890845378962,-0.999927903773,0.0,0.642367747752,0.235869771209,0.303763795773,1.0,-0.0564051428571,-0.0741324734694,1.25
0.449000635701,0.442945134483,-0.124466455551,-1.51899189438,0.0693129815399,1.95322585918,0.135951926245,-0.0481946585306,-0.276307160188,-0.000976505667608,-0.436024438902,-0.0309362262826,0.152383821342,-0.0657445264576,0.573772491846,0.818999143075,0.00250562247528,0.0,0.818961443368,-0.573709900549,-0.0118258694905,0.0,-0.00824803535798,0.00883753695469,-0.999926931257,0.0,0.641344835232,0.234577325885,0.303708480358,1.0,-0.058892,-0.0774009142857,1.267
0.448196440401,0.438654971202,-0.124481629867,-1.52561928799,0.0688476332412,1.95551968285,0.13486764092,-0.0548301345363,-0.28987769416,-0.00058759932412,-0.437756135562,-0.029311795318,0.153462413474,-0.0734504297783,0.573718122172,0.819037391703,0.00245238352815,0.0,0.818998996271,-0.573655737393,-0.0118526774979,0.0,-0.00830112200368,0.00880876512084,-0.999926745832,0.0,0.64043693335,0.23341237666,0.303686526642,1.0,-0.0610862857143,-0.0802848326531,1.282
0.447144055847,0.433242154526,-0.124501556306,-1.53368047694,0.068315342796,1.95848780732,0.133554869674,-0.0609890174157,-0.300530673988,0.000653272423053,-0.452753386197,-0.0279616221855,0.170132707007,-0.0807760903849,0.573725542353,0.819031355215,0.00271811117223,0.0,0.818996498025,-0.573662268917,-0.0117083023929,0.0,-0.00803034356285,0.00894364786461,-0.999927759763,0.0,0.639378856699,0.231968104843,0.303801131601,1.0,-0.0637194285714,-0.0837455346939,1.3
0.446104843957,0.428087358439,-0.124556358401,-1.54169785967,0.0677171902793,1.96121412337,0.13228288444,-0.0625233976621,-0.304913026424,-0.00945066038243,-0.487239837318,-0.0387782325438,0.149022416305,-0.0749784149027,0.573752882625,0.819012715781,0.00255889989067,0.0,0.818976087465,-0.573690503823,-0.011752484175,0.0,-0.00815757447246,0.00883886966975,-0.999927661564,0.0,0.638272557904,0.23049057015,0.30373493689,1.0,-0.0662062857143,-0.0870139755102,1.317
0.445012842021,0.422655094582,-0.124641002159,-1.55001569927,0.0671095511392,1.96394630538,0.130882468162,-0.0637957293639,-0.318071046141,-0.00263480007983,-0.496251581302,-0.0383613316304,0.157917870544,-0.0815097356966,0.573745146405,0.819018631831,0.00239470073664,0.0,0.81898002187,-0.573683545396,-0.0118178010557,0.0,-0.00830535874699,0.00874178636501,-0.999927298451,0.0,0.637103738081,0.228932195919,0.303708749189,1.0,-0.0686931428571,-0.0902824163265,1.334
0.444010765724,0.417712728995,-0.124684135568,-1.55742603161,0.0665921663836,1.96655937561,0.129721198495,-0.0696219026745,-0.334962029204,-0.00251848545609,-0.492068822685,-0.0366260686842,0.185562894626,-0.0774263893554,0.573812939501,0.818970822295,0.00249991830216,0.0,0.818933714388,-0.573751078534,-0.0117481156115,0.0,-0.00818719070946,0.00878865734238,-0.999927862103,0.0,0.636089168095,0.227562944919,0.303763188929,1.0,-0.0708874285714,-0.0931663346939,1.349
0.442741537403,0.411647671245,-0.124697276602,-1.56650268264,0.0659794415497,1.96985349333,0.128148692352,-0.0720931312653,-0.336112521377,-0.000593176544419,-0.518444574172,-0.034522563591,0.176647469157,-0.0863536760636,0.573791653068,0.818985002061,0.00272986617895,0.0,0.818950804703,-0.573728896571,-0.0116395711694,0.0,-0.007966584489,0.0089144865178,-0.999928530177,0.0,0.634779327514,0.225795175353,0.303836888931,1.0,-0.0736668571429,-0.0968192979592,1.368
0.441422929478,0.405438189095,-0.124758469343,-1.5760570806,0.0652845730698,1.97294242261,0.126617076681,-0.0717180632099,-0.348578007464,-0.00651043600944,-0.538438961723,-0.0411300389467,0.177876403117,-0.0887077817846,0.573841046142,0.818951146282,0.00249412635672,0.0,0.818913758477,-0.57377898356,-0.0117762941202,0.0,-0.00821329041418,0.00880036476082,-0.999927545095,0.0,0.633461019203,0.22409332925,0.303755170962,1.0,-0.0761537142857,-0.100087738776,1.385
0.440170637109,0.399739304407,-0.124813349925,-1.58460448005,0.0647011877646,1.97592001533,0.125163075524,-0.083253863986,-0.368405165348,-0.00565293831273,-0.532530254794,-0.0360702907437,0.193578857349,-0.0920899722496,0.573894942716,0.81891305897,0.00259682007456,0.0,0.818876924878,-0.5738324097,-0.0117343249559,0.0,-0.0081194087474,0.00886091638557,-0.999927777073,0.0,0.632263934072,0.222459881656,0.303789156601,1.0,-0.0784942857143,-0.103163918367,1.401
