position_joint1,position_joint2,position_joint3,position_joint4,position_joint5,position_joint6,position_joint7,velocity_joint1,velocity_joint2,velocity_joint3,velocity_joint4,velocity_joint5,velocity_joint6,velocity_joint7,ee_T_00,ee_T_10,ee_T_20,ee_T_30,ee_T_01,ee_T_11,ee_T_21,ee_T_31,ee_T_02,ee_T_12,ee_T_22,ee_T_32,ee_T_03,ee_T_13,ee_T_23,ee_T_33,v_x,v_y,time
0.465048457699,0.547745828397,-0.124028306509,-1.35582991426,0.0794353459709,1.89409506359,0.159166011512,-0.000103537850628,0.00192774225922,8.07337004712e-05,0.00159162047299,-0.00037819706319,0.000344836026186,0.00201534018154,0.57384239758,0.818951728205,0.00192782520786,0.0,0.81890908458,-0.573784684452,-0.0118234504576,0.0,-0.00857684373785,0.00836367176106,-0.999928240798,0.0,0.66169697979,0.260840742951,0.303241618022,1.0,0.0,0.0,0.0
0.46504819515,0.547748351168,-0.124034011079,-1.35583830342,0.0794370227809,1.89409669293,0.159165344898,-0.000316281953764,0.00242840016619,-0.00183449498554,9.19606312406e-05,4.46286632224e-05,-0.000185927733418,-0.0012217130081,0.573846970025,0.818948543716,0.00191954148266,0.0,0.818905799857,-0.573789297248,-0.0118270970664,0.0,-0.00858453683944,0.00835902840614,-0.999928213609,0.0,0.661696597672,0.26083661931,0.303236171648,1.0,-0.00028,-0.000368,0.015
0.465047958599,0.547739937564,-0.124026460931,-1.35584143101,0.0794360575636,1.89409634419,0.159164484332,-0.00386634528304,0.00170827364083,0.0016787709036,0.000404547060447,-0.000261634245071,-8.68946972244e-05,2.77396683783e-05,0.573841081839,0.818952655776,0.00192543307423,0.0,0.818909954829,-0.573783353017,-0.0118277886232,0.0,-0.00858178268549,0.0083641883677,-0.999928194101,0.0,0.661694416554,0.260840392572,0.3032403611,1.0,-0.00062,-0.000814857142857,0.032
0.465050298597,0.547699947658,-0.124026149287,-1.35587190959,0.0794366810558,1.8940999368,0.15916367053,0.000242778652885,-0.00808728602292,0.000368969843179,-0.00533944334393,-3.23113219677e-05,-0.000250207804625,-0.000548871850329,0.573840065386,0.81895333628,0.00193887995167,0.0,0.818910775905,-0.573782248714,-0.0118245113512,0.0,-0.0085713931482,0.00837330926471,-0.999928206879,0.0,0.661688488301,0.260839376562,0.30325448641,1.0,-0.00096,-0.00126171428571,0.049
0.465050716545,0.547577561245,-0.124026140507,-1.3560076724,0.0794348933747,1.89413330101,0.159163566619,9.15570862676e-05,-0.00428106187375,-0.000386100656951,-0.00605550556384,-0.000325055481741,0.00498110062024,0.00137352477795,0.573846585276,0.818948715384,0.00196087742968,0.0,0.818906360831,-0.573788600414,-0.0118220610224,0.0,-0.0085566973145,0.00838998588185,-0.999928192956,0.0,0.661667244431,0.260827130592,0.303279460431,1.0,-0.00132,-0.00173485714286,0.067
0.465039296256,0.547436969608,-0.124026462258,-1.35619493595,0.0794333013632,1.89417481843,0.159159582973,-0.00306610688652,-0.00999053047647,0.000590407465296,-0.0142675629773,-0.000103190921737,0.00567120845608,0.00120551408099,0.573862739285,0.81893739034,0.00196317707198,0.0,0.818894943511,-0.573804623365,-0.011835226983,0.0,-0.00856599474109,0.00839959327218,-0.999928032694,0.0,0.661639444567,0.260801566404,0.303293533953,1.0,-0.00164,-0.00215542857143,0.083
0.465022344879,0.547278467667,-0.124028678639,-1.35640361131,0.0794266268177,1.89429214769,0.159150001431,-0.000407319297088,-0.0110501935663,0.000158132369452,-0.0157047916815,-0.000142799572566,0.00999588649253,0.00149454116548,0.573880475156,0.818924819108,0.00202182706521,0.0,0.818883144261,-0.573822130966,-0.0118027521814,0.0,-0.00850556133853,0.00842917142198,-0.999928299677,0.0,0.661624492989,0.260773278341,0.303316737276,1.0,-0.00198,-0.00260228571429,0.1
0.465002038991,0.547093823796,-0.124021198649,-1.35660576747,0.0794288764261,1.89439429851,0.159140365012,0.000147454037532,-0.0154413598127,0.00208479720318,-0.00958372919858,0.000248723300293,0.00270224229835,0.000992186576382,0.573895987242,0.818913741752,0.00210387713908,0.0,0.818873001973,-0.573837187072,-0.0117743905959,0.0,-0.00843508972194,0.00848024697491,-0.999928464778,0.0,0.661606840668,0.260749917774,0.303359931237,1.0,-0.0023,-0.00302285714286,0.116
0.464974960998,0.546897883505,-0.124028994339,-1.35686971992,0.0794162210511,1.89451047919,0.159123291041,-0.00329478572104,-0.0135960087574,-0.00063826235092,-0.017393001994,-1.11510402226e-05,0.00625236871311,0.000115847529536,0.573921125551,0.818896018965,0.00214445109492,0.0,0.818855840527,-0.573862199828,-0.0117488273717,0.0,-0.00839061008466,0.0084990601661,-0.999928679276,0.0,0.661584206179,0.260704578394,0.303383402065,1.0,-0.00262,-0.00344342857143,0.132
0.46492988926,0.546658370041,-0.124023704632,-1.35723196936,0.0794048411646,1.89465051691,0.159079203368,-0.00239917952745,-0.0177597407742,0.00172806435323,-0.0241177058464,-0.0039244757473,0.0112654767852,-0.00082788578419,0.573935517669,0.818885875299,0.0021660319987,0.0,0.81884586372,-0.573876392213,-0.0117509502293,0.0,-0.00837981387263,0.00851809804553,-0.999928607814,0.0,0.661546525297,0.260645635854,0.303392577109,1.0,-0.00296,-0.00389028571429,0.149
0.464894744175,0.546372985644,-0.124032079469,-1.35764233557,0.0793872381773,1.89480903459,0.158951944735,-0.00203042473989,-0.0202567832173,-0.000884655632458,-0.0217177839188,-5.69346941845e-05,0.00667418030943,0.00028774207676,0.573884235908,0.818921731055,0.0021975175391,0.0,0.81888210602,-0.573824973699,-0.0117363921794,0.0,-0.00835035692609,0.00853500257389,-0.999928710094,0.0,0.661503572937,0.260580490709,0.303413365402,1.0,-0.0033,-0.00433714285714,0.166
0.4648574519,0.546076788295,-0.124032194794,-1.35813169108,0.0793523130329,1.89497208759,0.158932605998,-0.00205661748669,-0.0156615060311,-0.00121456155341,-0.0273278240697,-0.0021005009477,0.00504442260468,-0.00169354154946,0.57391702844,0.818898827382,0.00216838202562,0.0,0.81885884828,-0.573857898221,-0.0117493039866,0.0,-0.00837730939461,0.00851888845338,-0.999928622066,0.0,0.661443274818,0.260506966542,0.303404282677,1.0,-0.00364,-0.004784,0.183
0.464807491571,0.545767335951,-0.124027316355,-1.35864504165,0.0792858522987,1.89514369202,0.158881376978,-0.00231970747451,-0.0139877337365,-0.000238646637727,-0.0312105302479,-0.00453536291177,0.0113884820167,-0.00563226066928,0.573923534257,0.818894388559,0.00212229002643,0.0,0.818854075862,-0.573864848722,-0.0117424336334,0.0,-0.0083980670543,0.00847726806367,-0.999928801663,0.0,0.661383398465,0.260420756197,0.303393664158,1.0,-0.00396,-0.00520457142857,0.199
0.464751430914,0.545413751685,-0.124029692396,-1.35926226118,0.0792634319003,1.89535330244,0.158776818399,-0.00262173874772,-0.0198219879513,-0.000630332578626,-0.037936816767,-0.00317173536428,0.0162038213158,-0.0075583807763,0.573913954197,0.818901202341,0.00208347885176,0.0,0.81886023216,-0.573855266324,-0.0117813581793,0.0,-0.00845231580016,0.00846772686473,-0.999928425418,0.0,0.661309137257,0.260324275263,0.303368452024,1.0,-0.0043,-0.00565142857143,0.216
0.464692631451,0.545019395929,-0.124029718743,-1.35995668722,0.0792429744756,1.89556833278,0.158701041682,-0.00489451754101,-0.030163776775,-0.000175783692465,-0.0391806790126,-0.000786929012241,0.0178019438285,-0.0059605484147,0.573933205023,0.818887862688,0.00202272499335,0.0,0.818845847945,-0.573874502551,-0.0118439658402,0.0,-0.00853825396112,0.00845410800497,-0.999927810533,0.0,0.661219275947,0.260219400064,0.303335722513,1.0,-0.00464,-0.00609828571429,0.233
0.464615860749,0.544556751219,-0.12403293566,-1.36075055177,0.0792083134811,1.89583947222,0.158615493072,-0.00279169029422,-0.0210226230824,-0.00132092991485,-0.0438058846272,-0.000621011987294,0.0153512164386,-0.0120246650503,0.573963263479,0.818866906083,0.00197716951834,0.0,0.818824157166,-0.573904603221,-0.0118849881909,0.0,-0.00859768235284,0.00844066328183,-0.999927414896,0.0,0.661125655395,0.260091404833,0.303308914414,1.0,-0.00502,-0.00659771428571,0.252
0.464558274348,0.544134512058,-0.124027969439,-1.36143408675,0.0791719572888,1.89608433158,0.15851623354,-0.00548002959983,-0.0282826393515,0.000395572351946,-0.0473333262636,-0.000354531202357,0.0147167836167,-0.00342532402648,0.573954063374,0.818873379488,0.00196682572259,0.0,0.818830406789,-0.573895359442,-0.0119007659475,0.0,-0.0086166341718,0.00844115219768,-0.999927247636,0.0,0.661044241703,0.259991352567,0.303303421677,1.0,-0.00532,-0.006992,0.267
0.464486942124,0.543628512958,-0.124032177112,-1.36226217056,0.0791324344818,1.89636976774,0.158421629069,-0.00412167906484,-0.0262862260051,-0.000344159005395,-0.0496682382285,0.000330248427204,0.0166574496444,-0.00744530314598,0.573973453639,0.818859852273,0.00194003986676,0.0,0.818816420056,-0.573914750473,-0.0119279644724,0.0,-0.00865408034759,0.00843503386211,-0.999926975882,0.0,0.660945617469,0.259863085248,0.303292174598,1.0,-0.00566,-0.00743885714286,0.284
0.464403115392,0.543067450814,-0.124035291453,-1.36317779374,0.0790756409341,1.89668365994,0.158307706106,-0.00665769622531,-0.0297848704383,-2.02870593762e-05,-0.0528100358486,-0.000670349177616,0.0227940071709,-0.0095738733701,0.573986682058,0.818850665068,0.0019036906381,0.0,0.81880674541,-0.573928116531,-0.0119489592507,0.0,-0.0086919989948,0.00841746027218,-0.999926795079,0.0,0.660837790293,0.259716669089,0.303280561297,1.0,-0.00602,-0.007912,0.302
0.464335949227,0.542519924849,-0.124036119595,-1.36403063646,0.0790248494819,1.89698805234,0.158176930933,-0.0042006210008,-0.0347792981026,-0.000498717384856,-0.054398436422,-0.000495090306147,0.0174546161795,-0.0114728803072,0.573968971276,0.818863079916,0.00190348709957,0.0,0.818819129479,-0.57391038155,-0.0119521567097,0.0,-0.00869491625148,0.00841894083177,-0.999926757251,0.0,0.660736858904,0.259590201642,0.303288290802,1.0,-0.00634,-0.00833257142857,0.318
0.464241534527,0.541849518362,-0.124041748921,-1.36506263014,0.0789624861347,1.89738107897,0.158052991491,-0.00502915191945,-0.0362358105361,0.000500826811287,-0.0568500113229,-0.00671147891276,0.0197603247592,-0.00715947724177,0.573989484035,0.81884864381,0.0019281207795,0.0,0.818805050454,-0.573930823086,-0.0119350979415,0.0,-0.00866659767599,0.0084295380362,-0.999926913816,0.0,0.660624214677,0.259427447731,0.303305409382,1.0,-0.00672,-0.008832,0.337
0.464185504009,0.541315190332,-0.12403927287,-1.36586901109,0.0789091611107,1.89768002355,0.157938593615,-0.00387962239855,-0.0417402854206,0.000756594828311,-0.0564271185501,-0.0054754875407,0.0237455086533,-0.00579899176367,0.573970430891,0.818861948919,0.00194935295548,0.0,0.818818653964,-0.573911704801,-0.0119211540736,0.0,-0.00864318938831,0.00843871897494,-0.999927038988,0.0,0.660528793786,0.259314830114,0.303325182013,1.0,-0.007,-0.0092,0.351
0.464086027361,0.54067960992,-0.124034694567,-1.36686130291,0.0788517716707,1.89805115699,0.157821179957,-0.0106248434983,-0.0422950447225,0.000591747897182,-0.0593157171266,-0.0063404685595,0.025902634104,-0.00784932504556,0.573992232825,0.818846632978,0.00196347103425,0.0,0.818803472442,-0.573933396955,-0.0119195753992,0.0,-0.00863356880465,0.00844960327967,-0.999927030185,0.0,0.660418393902,0.259158241264,0.303334174106,1.0,-0.00732,-0.00962057142857,0.367
0.463986351501,0.539853915216,-0.124040001788,-1.36810406548,0.0787867693496,1.89850823642,0.157662477943,-0.0032438490771,-0.0426640671898,0.00181042177304,-0.0629828469721,5.42197078913e-05,0.0222023167779,-0.00475628382452,0.573998985926,0.818841805255,0.00200225467353,0.0,0.818799070463,-0.573939910774,-0.0119083135106,0.0,-0.00860201667933,0.00847496731405,-0.999927087461,0.0,0.660274815285,0.258973169296,0.303365979939,1.0,-0.0077,-0.01012,0.386
0.463884684422,0.539145927845,-0.124048171157,-1.36919447178,0.0787204974742,1.89891734094,0.157535232281,-0.00195871894858,-0.0419803829567,-0.000508083655089,-0.0703028898894,-0.00407696652258,0.0300518993595,-0.00530343520416,0.574026359884,0.818822566668,0.00202222022698,0.0,0.818780135359,-0.573967242318,-0.0118929217742,0.0,-0.00857766971203,0.00848276766518,-0.99992723047,0.0,0.66015478541,0.25879821087,0.303382919336,1.0,-0.00802,-0.0105405714286,0.402
0.463776148474,0.538430412279,-0.124051367406,-1.3703259783,0.0786520193719,1.8993601257,0.157389253984,-0.00637263874021,-0.0466260483809,-0.000425571004606,-0.0716365634574,-0.00137226204466,0.0315189573188,-0.0101138718518,0.574042284469,0.818811352372,0.00204249093093,0.0,0.818769222493,-0.573983119512,-0.0118779507998,0.0,-0.00855361032521,0.00849093820028,-0.999927367222,0.0,0.660032706497,0.258618759403,0.303388266466,1.0,-0.00834,-0.0109611428571,0.418
0.463667461675,0.537644337653,-0.12405976372,-1.37155571508,0.0785896054129,1.89982505092,0.157232317634,-0.00795501464041,-0.0520342260206,-0.00131858681947,-0.0763806446061,-0.000484673790071,0.023181554597,-0.00972998689333,0.57405986631,0.818798971619,0.00206418700931,0.0,0.818757058862,-0.574000546322,-0.0118742699615,0.0,-0.00853795994432,0.00850677329305,-0.999927366386,0.0,0.659894802233,0.258427952778,0.303398674803,1.0,-0.00868,-0.011408,0.435
0.463536613786,0.536709313173,-0.124060638009,-1.37300404796,0.0784977201341,1.90036465293,0.1570649766,-0.00779122430964,-0.0536946689607,-0.000674478665869,-0.0721589612064,-0.0096954243071,0.0303523910083,-0.00388824818164,0.574085730986,0.818780788972,0.0020832641458,0.0,0.818739159558,-0.574026365897,-0.0118603019717,0.0,-0.00851530280498,0.00851464399628,-0.999927492599,0.0,0.659730386413,0.258203221094,0.30341623876,1.0,-0.00906,-0.0119074285714,0.454
0.463442002793,0.535951818804,-0.124071672738,-1.37418831481,0.0784286777037,1.90081061146,0.156916904998,-0.00905683247278,-0.0587211866067,-0.00183540603403,-0.0843848832743,-0.00860768481089,0.0250524836577,-0.00731786810295,0.574100568908,0.81877036943,0.00208945565255,0.0,0.818728845547,-0.574041202128,-0.0118542241288,0.0,-0.00850661761339,0.0085163783972,-0.999927551754,0.0,0.659604595399,0.258034072004,0.303421377303,1.0,-0.00934,-0.0122754285714,0.468
0.463326985327,0.535056067404,-0.124064817642,-1.37559520209,0.0783504385561,1.90131014071,0.156745102908,-0.00883156129118,-0.0572644185574,0.000802770347622,-0.077764700627,-0.0058591851037,0.0247495901679,-0.00612144778148,0.574101176521,0.81876993381,0.00209320503204,0.0,0.8187283217,-0.574041657423,-0.0118683482645,0.0,-0.00851602379689,0.00852756312689,-0.999927376366,0.0,0.65942416257,0.257816991592,0.303431762794,1.0,-0.0097,-0.0127485714286,0.486
0.463213088342,0.534212979477,-0.124067590903,-1.37698535952,0.0782801888839,1.90181615588,0.156579181881,-0.00487724386159,-0.055926376011,0.000758119362655,-0.0871467191259,-0.00769851332838,0.0331649677154,-0.00785004559599,0.574117924306,0.818758265511,0.00206362505902,0.0,0.818716124995,-0.574058379863,-0.0119008438313,0.0,-0.00855943779116,0.00852217494798,-0.999927051619,0.0,0.659257988893,0.257609301018,0.303408834168,1.0,-0.01002,-0.0131691428571,0.502
0.463094476396,0.533292575331,-0.124067466958,-1.37845394572,0.078192856115,1.90236765414,0.156393828296,-0.00204126069754,-0.0564153719326,-8.85700746234e-05,-0.0898315749858,-0.00657385359754,0.0309248899668,-0.00719145515676,0.574120184027,0.8187566753,0.00206587653466,0.0,0.818714540661,-0.574060606775,-0.0119024182341,0.0,-0.00855941083952,0.00852494583667,-0.99992702823,0.0,0.659085833215,0.257392236168,0.303406754597,1.0,-0.01036,-0.013616,0.519
0.462958366861,0.532291034398,-0.12406841531,-1.38008176958,0.0780893880034,1.90298592879,0.156181544184,-0.00861982374001,-0.056046414215,-0.000554809619564,-0.091219448868,-0.00374597786135,0.0323101637615,-0.0060167541009,0.574119747015,0.818757012202,0.00205376715537,0.0,0.818714765821,-0.574060264991,-0.0119034148858,0.0,-0.00856718323428,0.00851559899018,-0.999927041311,0.0,0.658897281654,0.257147123096,0.303391713626,1.0,-0.01072,-0.0140891428571,0.537
0.462826604307,0.531315296586,-0.124065871381,-1.38166374009,0.0780096506139,1.90355542512,0.155985890457,-0.00277978541615,-0.0558944760035,-0.00119699936713,-0.0921449519026,-0.0103513587577,0.0316220729145,-0.00439210248828,0.574130434623,0.818749574634,0.00203100416515,0.0,0.81870682733,-0.574070842279,-0.0119392558001,0.0,-0.00860948609527,0.00851765108909,-0.999926660495,0.0,0.658705326094,0.25691256056,0.303375781499,1.0,-0.01106,-0.014536,0.554
0.462708202917,0.530415217741,-0.124073042963,-1.38310466583,0.077911552368,1.90405316924,0.155801278183,-0.00958581518229,-0.0585501790132,-0.00201469900196,-0.0940174239368,-0.00584516514113,0.0364551494524,-0.0144455325271,0.574133045281,0.818747851859,0.00198703161182,0.0,0.818704593122,-0.574073696545,-0.0119552096352,0.0,-0.00864776612112,0.00849083629703,-0.999926558223,0.0,0.658529367914,0.256689118302,0.30336750529,1.0,-0.01136,-0.0149302857143,0.569
0.462572855434,0.529360488768,-0.124065256513,-1.38475019792,0.0778131148448,1.90466697721,0.155575948078,-0.00695670372085,-0.065253621089,0.00147492289433,-0.0951004465051,-0.0111879565589,0.0295916423033,-0.0148962528588,0.574116770864,0.818759211001,0.00200865989367,0.0,0.818716167262,-0.574057267951,-0.0119514633907,0.0,-0.00863245112668,0.00850622166954,-0.999926559793,0.0,0.658333404999,0.256448776942,0.303380167155,1.0,-0.0117,-0.0153771428571,0.586
0.462422797661,0.528214271451,-0.124070210777,-1.38654937535,0.0777037831147,1.90535293431,0.15532965664,-0.0033036424053,-0.0607050738009,0.000756963444568,-0.102765917101,-0.000477488805973,0.0338257480488,-0.0130935629117,0.574109674613,0.818764124324,0.00203399537473,0.0,0.818721439707,-0.574050095924,-0.0119347574329,0.0,-0.00860430163803,0.00851729931232,-0.999926708117,0.0,0.658125082611,0.256177461754,0.303390530139,1.0,-0.01206,-0.0158502857143,0.604
0.462276698311,0.527074346748,-0.124073821265,-1.38831419334,0.0775864366939,1.9060294432,0.155081143971,-0.00782785566591,-0.0678239650078,-0.000319732852096,-0.108169502688,-0.00513905662568,0.0397305768439,-0.0143575173309,0.574092269357,0.818776237359,0.00207033856732,0.0,0.818734144934,-0.574032661532,-0.0119016937906,0.0,-0.00855654684202,0.00852789146241,-0.999927027624,0.0,0.657921324017,0.255911633308,0.30341163147,1.0,-0.0124,-0.0162971428571,0.621
0.462130071317,0.525901816732,-0.124079435574,-1.39012168383,0.0774742409869,1.90670082186,0.154842244767,-0.00852241439136,-0.0730969147057,-0.00105024616192,-0.108140274819,-0.0119995355099,0.0381215950206,-0.0193888361553,0.574087923095,0.818779213233,0.00209843639385,0.0,0.81873751599,-0.574028231084,-0.0118834645614,0.0,-0.00852553617584,0.00854038651869,-0.999927185865,0.0,0.657707145527,0.255640176501,0.303434692461,1.0,-0.01274,-0.016744,0.638
0.461979151063,0.524748514405,-0.124082258505,-1.39195896247,0.077352535171,1.90736059535,0.154580049362,-0.00844012164415,-0.0675327399946,-0.00035446302529,-0.1068032845,-0.00221181285519,0.0454468700136,-0.0177944114179,0.574064717406,0.818795551942,0.00207153344298,0.0,0.818753549092,-0.574005181911,-0.0118921776311,0.0,-0.00854835579882,0.0085231190461,-0.999927138373,0.0,0.657483546367,0.255361465759,0.303428660031,1.0,-0.01308,-0.0171908571429,0.655
0.461813721018,0.523546444793,-0.124081237847,-1.39386217901,0.0772409325654,1.90804437701,0.154340002147,-0.00858194758131,-0.075402667401,0.00187031341089,-0.11193411383,-0.00590914144107,0.0341066822624,-0.0141769201498,0.574074878381,0.818788459441,0.00205902860334,0.0,0.818746194378,-0.574015293689,-0.0119104451687,0.0,-0.00857038614898,0.00852347329807,-0.999926946774,0.0,0.65725219592,0.255071556015,0.303427204165,1.0,-0.01342,-0.0176377142857,0.672
0.46167589683,0.522482086624,-0.124084406902,-1.39557954421,0.0771361879328,1.90870970162,0.154101713403,-0.012678503392,-0.0716394757754,0.00152918022478,-0.120931268287,-0.00343896445611,0.044815990575,-0.0167077335868,0.574070359135,0.818791612963,0.00206499505912,0.0,0.818749464252,-0.574010789073,-0.0119027608519,0.0,-0.00856071613365,0.00852389990679,-0.999927025972,0.0,0.65703815768,0.254796715052,0.303413547768,1.0,-0.01374,-0.0180582857143,0.688
0.461501712609,0.521154029264,-0.12409194166,-1.39768017918,0.0770083079264,1.90952878064,0.153815091136,-0.00894746931585,-0.0733502049097,-0.000994327528719,-0.117028289048,-0.00190095951581,0.0482609206776,-0.0202651701327,0.574050164912,0.818805679655,0.0021009591684,0.0,0.818764050804,-0.573990503019,-0.0118776452074,0.0,-0.00851971677784,0.00853871842618,-0.999927249711,0.0,0.656806530917,0.254501624726,0.303420141648,1.0,-0.01408,-0.0185051428571,0.705
0.461329058868,0.519864856168,-0.124097578621,-1.39973284323,0.0768818651326,1.91027204583,0.153545027518,-0.0148368204876,-0.0787375025882,-0.000979094190093,-0.124264240273,-0.00416398219192,0.0500969357236,-0.0206904744046,0.574049562545,0.818806152774,0.00208106273202,0.0,0.818764247316,-0.573989963605,-0.0118901597272,0.0,-0.00854139126857,0.00852960497274,-0.999927142583,0.0,0.656556305208,0.254188270451,0.303413111641,1.0,-0.01442,-0.018952,0.722
0.461167172524,0.518594293093,-0.124096799329,-1.40168913457,0.0767597078246,1.91096812149,0.153279965403,-0.00966977193996,-0.0762902653714,0.000547594658682,-0.123678276033,-0.00669705121359,0.0449794691343,-0.0168777157336,0.574035248127,0.818816166168,0.00208969662892,0.0,0.818774327382,-0.573975570235,-0.0118908575844,0.0,-0.00853715597221,0.00853692569796,-0.999927116278,0.0,0.656313814882,0.253894475777,0.303434168736,1.0,-0.01474,-0.0193725714286,0.738
0.460995566794,0.517341720293,-0.124107054736,-1.40368077002,0.0766242791852,1.91168852419,0.153000092669,-0.0161117037838,-0.0745261478061,0.00271039329275,-0.12127911897,-0.00286503667595,0.0417435253107,-0.0210081323137,0.574022676764,0.818825045839,0.00206343631882,0.0,0.818782980439,-0.573963222116,-0.0118910682207,0.0,-0.00855253258548,0.00851541329681,-0.999927168309,0.0,0.656072358635,0.253582999051,0.303427906062,1.0,-0.01506,-0.0197931428571,0.754
0.460826263861,0.516064773605,-0.124106131814,-1.40570147151,0.0764953332176,1.91244471603,0.152725616927,-0.0124909635528,-0.0770869551951,0.000323842602149,-0.126242564052,-0.00485491197724,0.0444964124768,-0.018903644352,0.574007909561,0.818835381794,0.00206982730444,0.0,0.818793422139,-0.573948453231,-0.0118849399322,0.0,-0.00854399964563,0.00851697448575,-0.99992722796,0.0,0.655827640897,0.253279913437,0.303427305553,1.0,-0.01538,-0.0202137142857,0.77
0.460605873961,0.514435206213,-0.124118498506,-1.40830960297,0.0763385619377,1.91340790231,0.1523713647,-0.0112129261937,-0.0836620396398,-0.00309610465825,-0.134992980839,-0.0086932536771,0.0499576589208,-0.0194333574748,0.574002250149,0.818839389858,0.00205361684221,0.0,0.818797204294,-0.573942845668,-0.011895169133,0.0,-0.00856173918081,0.00850951341184,-0.999927139748,0.0,0.65551070067,0.25288009956,0.303412313395,1.0,-0.01578,-0.0207394285714,0.79
0.460421173041,0.513129479275,-0.124117680901,-1.41044906859,0.0762031326071,1.91414541963,0.152075470819,-0.0125044782294,-0.0857328424035,-0.000128447201358,-0.134737969667,-0.0138225572562,0.047224476784,-0.0178731228454,0.573986078576,0.81885093213,0.00196963248198,0.0,0.818807566995,-0.573926938924,-0.0119492221346,0.0,-0.00865437316542,0.00847160024005,-0.999926664218,0.0,0.655237360881,0.252551024953,0.30337295239,1.0,-0.0161,-0.02116,0.806
0.460235863139,0.51178967827,-0.124120853852,-1.41258986555,0.0760838677424,1.9149098076,0.151775074821,-0.00526088658096,-0.0829824798848,-9.15894352292e-05,-0.134330905616,-0.00448410422379,0.0523325672436,-0.0242959950946,0.573973961372,0.818859486352,0.00194426825484,0.0,0.818815616466,-0.573914760208,-0.0119825351549,0.0,-0.00869633576432,0.00846982345016,-0.999926315203,0.0,0.654969372061,0.252223950272,0.303358884057,1.0,-0.01642,-0.0215805714286,0.822
0.460047322038,0.510400990869,-0.124119882542,-1.41478524457,0.0759440703846,1.91575710299,0.151458670326,-0.00943051872314,-0.0880531004957,0.00070732645711,-0.136367911016,-0.0154662566116,0.0531093086162,-0.0199338032595,0.573945619365,0.8188792812,0.00197376147373,0.0,0.818835848266,-0.57388634833,-0.0119607565147,0.0,-0.0086618677005,0.00848117374538,-0.99992651817,0.0,0.654706415724,0.251893675574,0.30335966442,1.0,-0.01674,-0.0220011428571,0.838
0.459858296097,0.509008931898,-0.124128084353,-1.41700694001,0.0758037395272,1.91656170788,0.151156988828,-0.0118041301828,-0.0868479131556,-0.000750178600856,-0.136710224413,-0.0120027705608,0.0475638829647,-0.0165021119928,0.573936819033,0.818885511609,0.00194770037404,0.0,0.818841746765,-0.573877666665,-0.0119734856674,0.0,-0.00868733944866,0.00846704567,-0.999926416928,0.0,0.654430098302,0.251551795986,0.303346447403,1.0,-0.01706,-0.0224217142857,0.854
0.459650007291,0.50748365189,-0.124133649255,-1.41939720415,0.0756538127902,1.9174120595,0.150811387112,-0.0112000678741,-0.0922414975515,-0.000277858826827,-0.142346170521,-0.00858022980061,0.0406769517122,-0.0246464582649,0.573911572166,0.818903240203,0.00193324065743,0.0,0.818859247846,-0.57385244636,-0.0119853629379,0.0,-0.00870562527448,0.00846175339232,-0.999926302693,0.0,0.654129973266,0.251182255194,0.303349564999,1.0,-0.0174,-0.0228685714286,0.871
0.459430606107,0.505920061916,-0.124136959662,-1.42183061254,0.0755022897038,1.91832522294,0.150492325321,-0.0145022819822,-0.0904968212057,6.05458048593e-05,-0.143838391079,-0.00538444271739,0.0573640267262,-0.0168504814551,0.573917246727,0.818899182773,0.00196704466845,0.0,0.81885564332,-0.573857988923,-0.0119662380618,0.0,-0.0086705052062,0.0084785192673,-0.999926465822,0.0,0.653834450614,0.250806172143,0.303363759194,1.0,-0.01774,-0.0233154285714,0.888
0.459186506226,0.504075287369,-0.124142332689,-1.42459409516,0.0753284557293,1.91939464212,0.150113507636,-0.0105512428874,-0.0978758052474,-0.00100899247827,-0.144707682018,-0.00945252441474,0.0569935004307,-0.0169418038649,0.573906281111,0.818906560533,0.00209105701819,0.0,0.81886472872,-0.573846602951,-0.011890300303,0.0,-0.00853726332715,0.00853637521781,-0.999927120061,0.0,0.653505099672,0.25038432432,0.303430207126,1.0,-0.01812,-0.0238148571429,0.907
0.458973246258,0.502600944695,-0.12414627628,-1.42677822862,0.0751857507132,1.92022268151,0.149810419599,-0.0118046227255,-0.0961767787096,-0.000371383078656,-0.147644788255,-0.00560059696049,0.061304058092,-0.0195510112948,0.573908959687,0.818904433337,0.00218676769545,0.0,0.818863942114,-0.573848995116,-0.0118288634704,0.0,-0.00843199663474,0.00857952112653,-0.999927644007,0.0,0.653246146438,0.250036115888,0.303492019674,1.0,-0.01842,-0.0242091428571,0.922
0.458728948143,0.500779977692,-0.124147893688,-1.42949798659,0.0750047980291,1.92117278928,0.149421970651,-0.0110365605395,-0.0983538949468,0.00123508588712,-0.148166075687,-0.00924967299232,0.0511426861686,-0.0190788330721,0.573881532307,0.818923546493,0.00222683122816,0.0,0.818883583964,-0.573821422607,-0.0118066834294,0.0,-0.00839112915835,0.00859931867848,-0.99992781773,0.0,0.652900020229,0.249612369328,0.303550744952,1.0,-0.01878,-0.0246822857143,0.94
0.458480019771,0.499078539621,-0.124148038266,-1.43209661108,0.0748437240373,1.92212940411,0.149048463871,-0.0205889708694,-0.101066122419,-0.00260134863382,-0.154218669913,-0.00790848824696,0.0562340164061,-0.022746153655,0.573868356884,0.818932639581,0.00227765193625,0.0,0.81889329821,-0.573808012359,-0.0117846510204,0.0,-0.0083440610853,0.00862815834254,-0.999927963169,0.0,0.65257978704,0.249202915252,0.303583631578,1.0,-0.01912,-0.0251291428571,0.957
0.45825519872,0.49760044562,-0.124148682414,-1.43443485907,0.0747042999929,1.9229932255,0.148708158587,-0.0173197552014,-0.0992744348195,0.000645707791336,-0.152651682778,-0.00496275178693,0.0533247374203,-0.018679197574,0.573855381615,0.818941718301,0.00228252463846,0.0,0.818902352582,-0.573794929344,-0.0117924932337,0.0,-0.00834782432972,0.0086365167808,-0.999927859601,0.0,0.652289877441,0.248834134106,0.303576200258,1.0,-0.01942,-0.0255234285714,0.972
0.457988963605,0.495938990562,-0.124151129446,-1.43712250947,0.0745387836576,1.92393295193,0.148313560926,-0.0203751838417,-0.0987620438354,-0.000633055220988,-0.158951229596,-0.00620737018847,0.0516451248973,-0.0195692659816,0.573842997384,0.8189505969,0.00220931928253,0.0,0.81891014447,-0.573782692872,-0.0118466681259,0.0,-0.00843432915264,0.00860752724081,-0.999927383647,0.0,0.651946427841,0.248399445175,0.303536412886,1.0,-0.01976,-0.0259702857143,0.989
0.457731169533,0.494363370112,-0.124153339237,-1.43970874067,0.0743765936908,1.92482958517,0.147945396763,-0.0206685493315,-0.096365171551,0.000916346764178,-0.163480029187,-0.011032393116,0.0526913844976,-0.0234340607817,0.573835783138,0.81895591452,0.00210973094912,0.0,0.818913997803,-0.573775709369,-0.0119183237717,0.0,-0.00855023399056,0.00856701380259,-0.999926747204,0.0,0.651590613914,0.247956834279,0.303478916145,1.0,-0.02348,-0.0308594285714,1.006
0.45740339789,0.491832015977,-0.124237098001,-1.44349032141,0.0741569755636,1.92624544971,0.147396630073,-0.0184477252816,-0.16743549596,-0.00314784199969,-0.239344690576,-0.00837789680411,0.0951795322213,-0.0381193263848,0.573850315264,0.818945379744,0.00224222406932,0.0,0.818905457412,-0.57378998557,-0.0118174101215,0.0,-0.00839140926378,0.0086177599695,-0.999927656615,0.0,0.651155592079,0.247362079402,0.303567880024,1.0,-0.03538,-0.0464994285714,1.023
0.456944660843,0.488350056521,-0.124270699708,-1.4490954087,0.0738659119665,1.92836274276,0.146556311239,-0.027962408063,-0.216584943674,-7.94958763661e-05,-0.345020377402,-0.0173683397568,0.126880314528,-0.0523581304708,0.573764438088,0.819005511769,0.00225569920825,0.0,0.818965345813,-0.573703636036,-0.0118594796787,0.0,-0.00841903847856,0.00865205375485,-0.999927128223,0.0,0.650440722758,0.246521823739,0.303506067455,1.0,-0.04798,-0.0630594285714,1.041
0.456367503858,0.484481634402,-0.124353248902,-1.45514236965,0.0735026134954,1.93064770581,0.1456391756,-0.0382862696537,-0.280747182863,-0.00859984213625,-0.428217148799,-0.0319596504189,0.15754605505,-0.0673003432959,0.573747068413,0.819017466746,0.00233185622173,0.0,0.818978494854,-0.573686183923,-0.0117955179347,0.0,-0.00832314176677,0.00867755100385,-0.999927710097,0.0,0.649699739992,0.245528938358,0.303515093651,1.0,-0.05848,-0.0768594285714,1.056
0.455446743324,0.478522903413,-0.124521911718,-1.46465020633,0.0729432379948,1.93392288731,0.14419151294,-0.0480204522967,-0.335319946765,-0.00792546727155,-0.539821223063,-0.0320236355873,0.183515992319,-0.084957216551,0.573750985642,0.81901538038,0.00208807968075,0.0,0.818973080734,-0.573690910459,-0.0119406528622,0.0,-0.00858183123964,0.00856120722765,-0.999926526252,0.0,0.64846600358,0.243917232244,0.303410539805,1.0,-0.07178,-0.0943394285714,1.075
0.45449070495,0.472477299662,-0.124656580909,-1.47407050919,0.0723952220323,1.93725641601,0.142836473448,-0.0612486254277,-0.390428578496,-0.00273475477905,-0.609901324826,-0.0331566913363,0.212576765892,-0.0906331592861,0.57382848504,0.818961171346,0.00205340850516,0.0,0.81891819724,-0.573768323178,-0.011985176157,0.0,-0.00863737944581,0.00855917385895,-0.999926065376,0.0,0.647252479096,0.242321529838,0.303403067281,1.0,-0.08298,-0.109059428571,1.091
0.453229377245,0.464629858122,-0.124752230013,-1.48594947299,0.0716787672131,1.94171478154,0.140944271066,-0.0733671572658,-0.453725688914,-0.00659970370034,-0.699099870393,-0.0404979137227,0.25089063131,-0.110291599167,0.573752710454,0.819013269831,0.0024161929874,0.0,0.818975038938,-0.573691131933,-0.0117948140726,0.0,-0.00827412005321,0.00874627668233,-0.999927518164,0.0,0.645755293716,0.240335283009,0.303554876597,1.0,-0.09558,-0.125619428571,1.109
0.451885359673,0.456876888689,-0.124825707771,-1.4980893572,0.0708957222456,1.94591579816,0.139097625768,-0.0799001030468,-0.507383547842,-0.00369440099039,-0.790419945177,-0.0532076279223,0.268406391986,-0.117369168238,0.573746330028,0.819018218481,0.00224799382984,0.0,0.818977474693,-0.573685070964,-0.0119198238513,0.0,-0.00847307552844,0.00868017861947,-0.999926428039,0.0,0.644131401761,0.238253786825,0.303480846979,1.0,-0.10678,-0.140339428571,1.125
0.450260730738,0.447549690707,-0.124996985167,-1.51216151833,0.0699184989539,1.95093053982,0.136892574404,-0.0999263792487,-0.57131481149,-0.00445216212623,-0.86849951394,-0.0613692752268,0.312108442122,-0.133201388182,0.573769622874,0.819001430523,0.00241320754068,0.0,0.818963674908,-0.573708597223,-0.0117342044696,0.0,-0.00822601070984,0.00870922706867,-0.999928238481,0.0,0.642292435918,0.23575563439,0.303623989787,1.0,-0.11868,-0.155979428571,1.142
0.448455327002,0.437509478995,-0.12510016418,-1.52761998398,0.0689235377783,1.95623066037,0.134453563954,-0.112241716147,-0.602263844315,-0.00394025505345,-0.940090427369,-0.0596942219488,0.309213251545,-0.152648864761,0.573742428953,0.8190207648,0.00231493999483,0.0,0.818981141821,-0.573681161995,-0.0118558262118,0.0,-0.00838229177021,0.00869825019646,-0.999927036152,0.0,0.640166433117,0.233051883598,0.303597110175,1.0,-0.13058,-0.171619428571,1.159
0.446527148829,0.427108386666,-0.125232892829,-1.54312379477,0.067869823346,1.96175846593,0.131895712379,-0.124671052669,-0.65266066834,-0.0065431155409,-0.996181585531,-0.0732140287541,0.345380004307,-0.157969975109,0.57370713855,0.8190444935,0.0026426777018,0.0,0.819009485288,-0.57364504902,-0.0116433519573,0.0,-0.0080206187485,0.00884442252144,-0.999928720392,0.0,0.638079030823,0.230265198492,0.303788769776,1.0,-0.14178,-0.186339428571,1.175
0.444234712461,0.415385182173,-0.125366448691,-1.56070107013,0.0666106111246,1.967897628,0.128980196828,-0.136955906594,-0.710360719154,-0.0118725932205,-1.04133204796,-0.0796053615857,0.387369102593,-0.168555264363,0.57368574365,0.819058870321,0.00282513390257,0.0,0.819026749326,-0.573623638917,-0.0114826680406,0.0,-0.00778456740103,0.00890147457156,-0.999930079686,0.0,0.635656226414,0.227040540511,0.303916111699,1.0,-0.15368,-0.201979428571,1.192
0.441693808114,0.402933737095,-0.125483509721,-1.57959636063,0.0653387992304,1.9743501275,0.125795640402,-0.154485433287,-0.761846578892,-0.00264718289295,-1.14024708157,-0.0788723007268,0.373269962382,-0.19757258674,0.573663837242,0.819074191068,0.0028316546248,0.0,0.819041558704,-0.573601033682,-0.0115553526959,0.0,-0.00784060209801,0.00894830306841,-0.999929223911,0.0,0.632963517953,0.223557463208,0.303901334579,1.0,-0.16558,-0.217619428571,1.209
0.439037813856,0.390395102291,-0.125639341549,-1.59816492032,0.0640026950392,1.9807735466,0.12260963475,-0.166743801398,-0.798068285986,-0.00859966403463,-1.19160703821,-0.0882309605113,0.397923605635,-0.19915075292,0.573702041455,0.819046395238,0.00311720680831,0.0,0.819017824727,-0.573638787187,-0.0113618447494,0.0,-0.00751787199467,0.00907153612199,-0.999930592008,0.0,0.630326734475,0.220021914226,0.304058723957,1.0,-0.17678,-0.232339428571,1.225
0.435980361556,0.376440199057,-0.125780761082,-1.61904980415,0.0624315426811,1.98767944938,0.11887523705,-0.182635737019,-0.873519140712,-0.00895798832104,-1.2516213825,-0.0911131191633,0.413135416851,-0.224963653744,0.573596740317,0.819120444898,0.00303696385215,0.0,0.819090924289,-0.573533837102,-0.0113904498461,0.0,-0.00758849491629,0.00902124811812,-0.999930513499,0.0,0.627228749924,0.21601109861,0.304062492812,1.0,-0.18868,-0.247979428571,1.242
0.432330732451,0.360876501307,-0.125968741031,-1.64214339545,0.0606843548981,1.99533990175,0.114764132458,-0.21172405451,-0.902582678306,-0.0141576913953,-1.29940480544,-0.111446650074,0.44683464009,-0.238166165501,0.573695517066,0.819051098634,0.00308195166473,0.0,0.819022347091,-0.573632694984,-0.0113434171447,0.0,-0.00752307487789,0.00903202874473,-0.999930910514,0.0,0.623782637625,0.211419570766,0.304099837652,1.0,-0.20128,-0.264539428571,1.26
0.429213361473,0.348388047429,-0.126135347699,-1.66089858132,0.0592845845674,2.00130457114,0.111239948923,-0.226208810884,-0.89707110049,-0.0150726045875,-1.34473325666,-0.0956711206793,0.422346875507,-0.252417824236,0.57373445722,0.819024811955,0.00280658191867,0.0,0.818991875711,-0.573671750794,-0.0115661904991,0.0,-0.00786309162444,0.00893466183797,-0.999929169295,0.0,0.620889028905,0.207597391568,0.303964458321,1.0,-0.21108,-0.277419428571,1.274
0.425135256645,0.332401756084,-0.126308541359,-1.68431309482,0.0574749975331,2.00889805817,0.106792405295,-0.242940974553,-0.941222474302,-0.00591525506363,-1.400354469,-0.11335486267,0.437525422406,-0.269606459898,0.57380840381,0.818972672104,0.00290257894662,0.0,0.818940818281,-0.573745190895,-0.011538586568,0.0,-0.00778459623965,0.00899815156075,-0.99992921416,0.0,0.617258172893,0.202769032862,0.304007169328,1.0,-0.22298,-0.293059428571,1.291
0.420307346757,0.313791404623,-0.126470978042,-1.71132475249,0.0552360702537,2.01746254793,0.101450621815,-0.266814064641,-0.960252321586,-0.00599724407583,-1.45152584858,-0.114506514451,0.444309273291,-0.291835356469,0.573681559355,0.819061380366,0.00294457963682,0.0,0.819030408038,-0.573618622218,-0.0114723082109,0.0,-0.00770760728023,0.00899332507464,-0.999929853987,0.0,0.612930114729,0.197164193835,0.30406392097,1.0,-0.23628,-0.310539428571,1.31
0.415873361095,0.29749586296,-0.126619777836,-1.73478472422,0.0532619875928,2.02481318447,0.096580709017,-0.290218340616,-1.02066221491,-0.0180713366589,-1.49004621328,-0.12602132145,0.461425578614,-0.315120106998,0.573524120077,0.819171338036,0.00302481918964,0.0,0.819141623653,-0.573461218354,-0.0114008045583,0.0,-0.0076047422418,0.00901656530156,-0.999930432303,0.0,0.60909528361,0.192184183155,0.304116199227,1.0,-0.24748,-0.325259428571,1.326
0.410431585208,0.27854934688,-0.126817503235,-1.76181635788,0.0510480544472,2.03308069438,0.0908740128262,-0.313117806098,-1.06150598637,-0.0182363582329,-1.52835355054,-0.12962116726,0.46485302297,-0.338722899242,0.573520260978,0.819173549723,0.00315477150968,0.0,0.819144875566,-0.573456208683,-0.0114191268458,0.0,-0.00754526863362,0.00913349137249,-0.999929821666,0.0,0.604576011377,0.186287891108,0.304179329064,1.0,-0.26008,-0.341819428571,1.344
0.405160171152,0.261134903836,-0.127024465724,-1.78642940246,0.0489000947669,2.04044942368,0.0854897938933,-0.33897417571,-1.09033529873,-0.0214946503202,-1.5700975036,-0.151765913502,0.473763585115,-0.34637519749,0.573538619468,0.819160404117,0.00322973778808,0.0,0.81913272473,-0.573474378293,-0.011378208102,0.0,-0.00746854946966,0.00917160226314,-0.999930048794,0.0,0.600378958137,0.180747802836,0.304241332194,1.0,-0.27128,-0.356539428571,1.36
0.399071072219,0.242155207015,-0.12727162041,-1.81318944994,0.0464790612994,2.04822782919,0.079462520533,-0.368041650389,-1.14068548094,-0.0222198502236,-1.59700770344,-0.147629261461,0.451623183485,-0.367186480338,0.573633525494,0.819094289712,0.00314163830877,0.0,0.819065472163,-0.573569529278,-0.0114234099704,0.0,-0.00755504732798,0.00912623410753,-0.999929814092,0.0,0.595705801498,0.174545858312,0.304223969268,1.0,-0.28318,-0.372179428571,1.377
0.392670967518,0.222588474354,-0.127449628466,-1.84042681096,0.0440493461433,2.05600442597,0.0730074066165,-0.39519788964,-1.16591807473,-0.0100403583484,-1.62910146121,-0.158655445273,0.443981100174,-0.388460906815,0.573521691838,0.819172336132,0.00320930029643,0.0,0.819143594395,-0.573456537584,-0.0114942665638,0.0,-0.00757553680965,0.00922126652435,-0.999928787207,0.0,0.590803109373,0.168240526154,0.304243506896,1.0,-0.29508,-0.387819428571,1.394
0.386146658502,0.203663227674,-0.127685955736,-1.86651684228,0.0415417100743,2.06322728238,0.0666052931328,-0.421186795894,-1.18454302114,-0.0229805537211,-1.63345448165,-0.15823607479,0.438305169623,-0.406594057017,0.573476425793,0.819204183854,0.00316877222188,0.0,0.819174989409,-0.573411488696,-0.0115042713729,0.0,-0.00760748331142,0.00919338438072,-0.999928801406,0.0,0.586010607013,0.161981102622,0.304254375869,1.0,-0.30628,-0.402539428571,1.41
0.378179339037,0.181784913322,-0.128035533894,-1.89625634336,0.0386822621046,2.0711727158,0.0589058077944,-0.463913721942,-1.21029105461,-0.0308678404573,-1.66766741142,-0.165136930669,0.429052297424,-0.442116539174,0.573516034778,0.81917639334,0.00318454839244,0.0,0.819146939269,-0.573450482653,-0.0115577996137,0.0,-0.007641842919,0.00923737432193,-0.999928133994,0.0,0.580426069032,0.154590957401,0.304302939152,1.0,-0.31888,-0.419099428571,1.428
