position_joint1,position_joint2,position_joint3,position_joint4,position_joint5,position_joint6,position_joint7,velocity_joint1,velocity_joint2,velocity_joint3,velocity_joint4,velocity_joint5,velocity_joint6,velocity_joint7,ee_T_00,ee_T_10,ee_T_20,ee_T_30,ee_T_01,ee_T_11,ee_T_21,ee_T_31,ee_T_02,ee_T_12,ee_T_22,ee_T_32,ee_T_03,ee_T_13,ee_T_23,ee_T_33,v_x,v_y,time
0.465085029234,0.54758609893,-0.123981821108,-1.35575574614,0.0794271976647,1.89408685176,0.159177147064,-0.000438297754733,0.000267464127422,0.000569734944897,-0.000506035574741,-0.000280481826799,0.00127782118647,0.000503714231128,0.573782528648,0.818993175292,0.00212968178613,0.0,0.818953055673,-0.573723929974,-0.0117256846405,0.0,-0.00838156766337,0.00847226550686,-0.999928982499,0.0,0.66169683086,0.260900909042,0.303387807576,1.0,0.0,0.0,0.0
0.465084698946,0.547588491916,-0.123983202712,-1.35575563648,0.0794286219809,1.89408615424,0.159176713782,0.000927256186947,0.000358835833003,0.000447586248829,0.000764558042875,0.000147332221439,0.00379248805089,-8.85090740762e-05,0.57378378072,0.818992303635,0.00212755056142,0.0,0.818952149752,-0.573725183381,-0.0117276285803,0.0,-0.00838436963627,0.00847164827717,-0.999928964238,0.0,0.661696977,0.260900055518,0.303386152256,1.0,-0.00028,-0.000368,0.015
0.465079058965,0.547575979601,-0.123990652558,-1.35576445997,0.0794279097395,1.89408685222,0.159177146089,0.000279362768894,0.0026910472545,0.000224809362096,-0.000627704079931,7.25435350196e-05,-5.36916592837e-06,0.00155745050981,0.573795296995,0.81898425753,0.00211895370146,0.0,0.818943997868,-0.573736737088,-0.0117316568609,0.0,-0.00839248228238,0.008467036965,-0.999928935238,0.0,0.661696857337,0.260894045929,0.303381665443,1.0,-0.00064,-0.000841142857143,0.033
0.465078623416,0.547546281534,-0.123988121692,-1.3557896408,0.0794279099034,1.89409341563,0.159171282623,-0.00169807413081,-0.00681950680595,-0.000659247432034,-0.00458073096606,-0.000208634984507,0.00315146735749,0.00421883661706,0.573789386823,0.818988340818,0.00214104528222,0.0,0.818948368118,-0.573730743348,-0.0117197011668,0.0,-0.00837007626208,0.00847820891798,-0.99992902838,0.0,0.661694500743,0.260890086346,0.30340066129,1.0,-0.00094,-0.00123542857143,0.048
0.465073324303,0.547422835481,-0.123985363979,-1.3559219999,0.0794241806989,1.89411753891,0.159175606952,-0.00173117208262,-0.00925070373435,-0.000263035109935,-0.00634237314929,0.000125347808697,0.00403520790064,-0.00336252994187,0.573801523853,0.818979790662,0.00215884514139,0.0,0.818939967226,-0.5737427282,-0.0117200178136,0.0,-0.0083599969902,0.00849309216871,-0.999928986396,0.0,0.661673187978,0.260875120515,0.303427105156,1.0,-0.0013,-0.00170857142857,0.066
0.465074697865,0.54727369304,-0.123982858286,-1.35610495213,0.0794205213837,1.89416197301,0.159171568402,0.000392213586299,-0.00562967008697,-2.13633163404e-05,-0.0126883743725,3.57107291522e-05,-0.000514898476094,-1.91871737786e-05,0.573804396993,0.818977737189,0.00217413943816,0.0,0.818938004948,-0.573745433682,-0.011724686907,0.0,-0.00835501583748,0.00850832612623,-0.999928898521,0.0,0.661643314843,0.260860145738,0.303449438625,1.0,-0.00164,-0.00215542857143,0.083
0.465055579168,0.547126958723,-0.12398751612,-1.35630990786,0.0794135889088,1.89426811576,0.159154253691,-0.000196789610889,-0.0131995101616,8.37431290296e-05,-0.0132818927248,0.000405575528701,0.00291081981021,-0.00175692268771,0.573818943433,0.818967433664,0.00221577419395,0.0,0.818928255228,-0.573759834952,-0.0117009181568,0.0,-0.00831150870089,0.00852893279696,-0.99992908555,0.0,0.661627813683,0.26082849166,0.303465182051,1.0,-0.00196,-0.002576,0.099
0.465029059269,0.546928800249,-0.123981140146,-1.35652504532,0.0794112713994,1.8943814723,0.159146195895,-0.00243066555755,-0.0115444176357,0.000112501353833,-0.0147976773796,0.000437301406994,0.0101102635866,-0.000904437648284,0.573841140131,0.81895163374,0.00230529578897,0.0,0.818913537384,-0.573781615692,-0.0116628763495,0.0,-0.0082287537271,0.00858064139481,-0.999929327605,0.0,0.661611902643,0.260799036334,0.303512769055,1.0,-0.0023,-0.00302285714286,0.116
0.465000568625,0.546716823439,-0.123982177523,-1.35679693205,0.079399209744,1.89452513416,0.159134449889,-0.00261400224998,-0.0135741825024,-0.000466622223316,-0.0181533480498,-0.00573372596179,0.00830955003945,0.00144894865796,0.57386780445,0.818932742485,0.00237764668207,0.0,0.81889560809,-0.573808040868,-0.0116216258675,0.0,-0.00815317413317,0.00861648724035,-0.999929638474,0.0,0.661592138008,0.260757909179,0.303545982646,1.0,-0.00264,-0.00346971428571,0.133
0.464969713346,0.546486156558,-0.123980364621,-1.35714813656,0.0793873100838,1.89463452467,0.159080448867,-0.00065910643471,-0.0154144992847,0.000890844510753,-0.019172129491,-0.000136308162935,0.00668058919728,-0.00370529295424,0.573863930573,0.818935465736,0.0023746682046,0.0,0.818898174584,-0.573804053313,-0.0116376529513,0.0,-0.00816804975892,0.0086232067467,-0.999929459146,0.0,0.661547769146,0.2607053833,0.303551589145,1.0,-0.00296,-0.00389028571429,0.149
0.46493106896,0.546188728517,-0.123988474047,-1.35759436816,0.0793598362867,1.89480353621,0.158953938192,-0.00439262799053,-0.0167123733494,-0.00140160379116,-0.0277057426387,-0.00358151842127,0.0150238653926,-0.00423958835359,0.573815318974,0.818969482322,0.00239032159464,0.0,0.818932434328,-0.573755434306,-0.0116239628052,0.0,-0.00814836767779,0.00862768591684,-0.999929581091,0.0,0.661500406444,0.260633088473,0.303564706961,1.0,-0.00332,-0.00436342857143,0.167
0.464894491993,0.545898416916,-0.123980757371,-1.35807604403,0.0793089813929,1.89497119385,0.158946225847,-0.00800808074152,-0.0185963954201,0.000611890463755,-0.0237254625279,-0.00107415992646,0.0170454407357,0.000722577680855,0.57384696327,0.81894740033,0.00235905498747,0.0,0.818910085049,-0.573787331974,-0.0116239912837,0.0,-0.00816599879676,0.00860241164273,-0.999929655015,0.0,0.661441552874,0.260563140782,0.303555208967,1.0,-0.00366,-0.00481028571429,0.184
0.464841984295,0.545587765302,-0.123983541335,-1.35859203638,0.0792639169045,1.89514476756,0.15887732521,-0.00444476266813,-0.01880102093,0.000517110339553,-0.0349975352153,-0.00514598347361,0.00972297089985,-0.00655978523406,0.573852278323,0.818943777466,0.00232355642027,0.0,0.818906110371,-0.573792887458,-0.0116297721833,0.0,-0.00819104711836,0.0085767109424,-0.999929670915,0.0,0.661382728787,0.260474112101,0.30354462977,1.0,-0.00398,-0.00523085714286,0.2
0.464785880287,0.545227797065,-0.123983544765,-1.3592107608,0.0792445527853,1.89535221857,0.158771075189,-0.00256902976504,-0.0250923898019,0.000851820400849,-0.0377001358504,-0.00612882982806,0.0127125679298,-0.00438843703669,0.573840553424,0.81895208873,0.00228965315597,0.0,0.818913789741,-0.573781086604,-0.0116711836854,0.0,-0.00824453931426,0.00857259209725,-0.999929266617,0.0,0.661307169411,0.260379232583,0.30352294012,1.0,-0.00432,-0.00567771428571,0.217
0.464719963724,0.544802416758,-0.12398672868,-1.35993577432,0.0792186285442,1.89559311705,0.158724302618,-0.00367760491373,-0.019799767218,-0.00016032917075,-0.0378253834324,-5.81759088165e-05,0.0162694000429,-0.00449668635774,0.573891924846,0.818916206183,0.00224783179833,0.0,0.81887718541,-0.573832421441,-0.0117155546074,0.0,-0.00830433865283,0.00856432525037,-0.999928842615,0.0,0.661219156576,0.260265476084,0.303499928006,1.0,-0.00468,-0.00615085714286,0.235
0.464665503251,0.544451751759,-0.123994533131,-1.3605332821,0.0791849820582,1.8957938355,0.158619027165,-0.00172400614356,-0.0242931284589,-0.000231709556484,-0.04251472522,-0.00553579034659,0.015805628316,-0.0172213444077,0.573876023799,0.818927455568,0.00220878388287,0.0,0.818887912129,-0.573816653587,-0.0117380721258,0.0,-0.00834535323698,0.00854510910061,-0.999928665551,0.0,0.661143731988,0.260161845251,0.303482196218,1.0,-0.00498,-0.00654514285714,0.25
0.464593760049,0.543958799918,-0.123994816238,-1.36134198236,0.0791434279796,1.89607188694,0.158544744931,-0.0103188474405,-0.0297272455204,0.0011476966936,-0.0451809991853,-0.00033380358582,0.0158053606664,-0.00752411663374,0.573905174251,0.818907085982,0.00218686942661,0.0,0.818867152932,-0.573845776918,-0.0117625279849,0.0,-0.00837765302658,0.00854149566429,-0.999928426329,0.0,0.66104795864,0.260035446913,0.303473794289,1.0,-0.00534,-0.00701828571429,0.268
0.464506765636,0.54333490702,-0.123994899422,-1.36236835144,0.0790854423684,1.89643015638,0.15840481751,-0.00321650956422,-0.0303669299748,0.00103861018539,-0.0515497643431,-0.00539062031582,0.0119971823423,-0.00378015867993,0.573910458888,0.818903497476,0.00214333874752,0.0,0.818862930077,-0.573851159726,-0.0117938597789,0.0,-0.00842823786547,0.00852388423592,-0.999928151521,0.0,0.66092991293,0.259885565522,0.303453251659,1.0,-0.00574,-0.007544,0.288
0.464448267035,0.542960118274,-0.123996334011,-1.36297361468,0.0790511329937,1.89664469148,0.158320425182,-0.00264957419788,-0.0292245673271,0.000894551360523,-0.0532444586881,-3.84985103368e-05,0.00966661645391,-0.00441896766977,0.573914752279,0.818900522086,0.00213047993538,0.0,0.818859755806,-0.573855470865,-0.0118044814048,0.0,-0.00844427099724,0.00851949432752,-0.999928053664,0.0,0.66086063182,0.259788154865,0.303448912392,1.0,-0.00598,-0.00785942857143,0.3
0.464383495689,0.542357212875,-0.12400427038,-1.36393041674,0.0789945426917,1.89698445863,0.158205015204,-0.00433276001486,-0.0342978179373,0.000477081307744,-0.0504126950144,-0.00100197475696,0.0215667096031,-0.00382770607589,0.573916867759,0.818899074551,0.00211695611718,0.0,0.818858132868,-0.573857639683,-0.0118116262396,0.0,-0.00845786119587,0.00851254216086,-0.999927998013,0.0,0.660745617005,0.259648996552,0.303449607199,1.0,-0.00634,-0.00833257142857,0.318
0.464284236909,0.541757672989,-0.124001771232,-1.36486177678,0.0789216644868,1.89733537532,0.158063018387,-0.0103875135012,-0.0330679210402,-0.000794951491037,-0.0561355488057,-0.00270209186159,0.0187258279441,-0.0128225540546,0.573912424807,0.818902169252,0.0021243228668,0.0,0.818861458525,-0.573853304548,-0.011791670921,0.0,-0.00843733764416,0.00850707635946,-0.999928217916,0.0,0.660645919797,0.259494207844,0.303460544383,1.0,-0.00668,-0.00877942857143,0.335
0.464212039654,0.541158995284,-0.124012715648,-1.36578333642,0.078873449023,1.89767769818,0.157948527622,-0.00247617896479,-0.0373259318037,-0.00136797767971,-0.0600899830621,-0.00757082489637,0.0241181039556,-0.00154033297537,0.573923713521,0.818894211484,0.00214204509871,0.0,0.818853712476,-0.573864503951,-0.011784547963,0.0,-0.00842121659833,0.00851761710096,-0.999928264082,0.0,0.660541274876,0.259354070353,0.303475196421,1.0,-0.007,-0.0092,0.351
0.464109559797,0.540470305473,-0.124002835687,-1.36684139084,0.0788275073255,1.89807066006,0.157813704971,-0.00717685609408,-0.0420921823759,0.00211816783347,-0.0656273073258,0.000234469532646,0.0218677606615,-0.00795120997708,0.573936658191,0.818885054118,0.00217426483779,0.0,0.818844758327,-0.573877103151,-0.011793181983,0.0,-0.00840966157181,0.00854908941886,-0.999928092746,0.0,0.660420382907,0.259194794443,0.303492140623,1.0,-0.00734,-0.00964685714286,0.368
0.464022552012,0.539750894229,-0.124020062727,-1.3679472472,0.0787645396886,1.89847871077,0.157677324903,-0.00438490027711,-0.0470775660342,-0.00144899848515,-0.0650646415008,-0.00622495967938,0.0225933472278,-0.00342831288361,0.573952671711,0.818873787386,0.00219040372977,0.0,0.818833741025,-0.573893092569,-0.0117800577932,0.0,-0.00838948449386,0.00855493683276,-0.999928212226,0.0,0.660295209516,0.259023029036,0.303510104983,1.0,-0.00768,-0.0100937142857,0.385
0.463924083869,0.539047689222,-0.124020481934,-1.36902225812,0.0786859667975,1.8988874583,0.157542091872,-0.00765365832907,-0.0442997709697,-0.00117117657913,-0.064503404312,-0.00473841511742,0.0215739468021,-0.0115393384655,0.573961308699,0.818867670933,0.00221371143856,0.0,0.818828055588,-0.573901770073,-0.0117524717243,0.0,-0.00835342706493,0.00855827785757,-0.999928485511,0.0,0.66017665826,0.258854428434,0.303530664508,1.0,-0.008,-0.0105142857143,0.401
0.463803450903,0.538194235114,-0.124024680094,-1.37036328586,0.078614254172,1.89940496483,0.157381628016,-0.00776051486402,-0.0434409591814,0.000204899117547,-0.0694594110789,-0.00129806396903,0.0280096420276,-0.0128224313768,0.573986645879,0.818849835153,0.00224158972666,0.0,0.818810535693,-0.573926950711,-0.0117434571831,0.0,-0.00832977959601,0.00857619000267,-0.999928529314,0.0,0.660028186188,0.258647894845,0.303540210329,1.0,-0.00838,-0.0110137142857,0.42
0.463700860261,0.53740140348,-0.124033287803,-1.37159964,0.0785409965483,1.89987538988,0.157225696658,-0.0114536791461,-0.0455510015889,0.000352534420939,-0.0708401403185,-0.00891564559784,0.0267281954451,-0.0128678853571,0.573997640411,0.818842071654,0.0022621655949,0.0,0.818803072791,-0.573937900706,-0.0117286411489,0.0,-0.00830572215432,0.00858464576598,-0.999928656873,0.0,0.659889095292,0.258458912953,0.303552658073,1.0,-0.00872,-0.0114605714286,0.437
0.463598535429,0.536620601092,-0.124033668736,-1.37282163262,0.0784685749634,1.90032910116,0.157075041044,-0.00805918982741,-0.0535334404328,0.000735943217297,-0.0709245389852,-0.00339427058488,0.0325323653728,-0.00831575162536,0.574006211079,0.818836034023,0.00227286818809,0.0,0.81879715255,-0.573946407824,-0.0117256480947,0.0,-0.00829703839387,0.00859177825415,-0.999928667706,0.0,0.659747417739,0.258275443388,0.303561589273,1.0,-0.00904,-0.0118811428571,0.453
0.463485344496,0.535761764682,-0.124042764038,-1.37415331518,0.0783858839605,1.90083181848,0.15691248514,-0.00257300434609,-0.0501258108228,-0.000256102698029,-0.0815167363846,-0.00713303097522,0.0358142712659,-0.00750665713037,0.574023264058,0.81882402057,0.00229402693262,0.0,0.81878547665,-0.573963444991,-0.0117070039994,0.0,-0.00826944769494,0.00859857413273,-0.999928837847,0.0,0.659597215626,0.258069429044,0.3035777691,1.0,-0.00938,-0.012328,0.47
0.463377095326,0.534867313603,-0.124043480991,-1.37556459042,0.078306912064,1.90133506915,0.156745610603,-0.00757097808179,-0.0536034534713,0.00117573211862,-0.0801789451956,2.220396123e-05,0.0227386606527,-0.00778141073831,0.574031930247,0.818817968586,0.00228566798678,0.0,0.818779222759,-0.57397204424,-0.01172278596,0.0,-0.00828707781102,0.0086008765037,-0.999928672089,0.0,0.659425850605,0.257863214696,0.303580811125,1.0,-0.00972,-0.0127748571429,0.487
0.463259808076,0.534029022186,-0.124048851071,-1.37695212777,0.0782390868218,1.90184418521,0.15657262635,-0.00878020227095,-0.0541748587255,-0.00649146064704,-0.0859924259446,-0.000318449277867,0.0258947165631,-0.00593247928153,0.574048030231,0.818806760151,0.0022573037456,0.0,0.818767504703,-0.57398810289,-0.0117549089135,0.0,-0.00832949375731,0.00859625476703,-0.999928359403,0.0,0.659262133927,0.257652625986,0.303556061664,1.0,-0.01004,-0.0131954285714,0.503
0.463124922002,0.533060381569,-0.124049274983,-1.37852056713,0.0781378107531,1.90244249625,0.156369707936,-0.00538876722206,-0.050395754214,-0.000917548974415,-0.0848255465137,-0.0088761764566,0.0352343648807,-0.0166080626728,0.574051385562,0.81880442761,0.00225010270418,0.0,0.818765138744,-0.573991547145,-0.0117515226549,0.0,-0.00833081924269,0.00858844886956,-0.999928415436,0.0,0.659082443926,0.257414215033,0.303544491154,1.0,-0.0104,-0.0136685714286,0.521
0.462991319149,0.532103242353,-0.124052032789,-1.38006562092,0.0780576538141,1.9030178032,0.156181555185,-0.00810299643447,-0.0594872958546,-0.00143646045775,-0.0924603777587,-0.00429066419222,0.037242490372,-0.0113640244849,0.574071596574,0.81879027335,0.00224436537779,0.0,0.818750789846,-0.574011653776,-0.011769127314,0.0,-0.00834831581926,0.00859406309554,-0.999928221275,0.0,0.658901915425,0.257179790282,0.303533850246,1.0,-0.01074,-0.0141154285714,0.538
0.462872158788,0.531229999547,-0.124047015475,-1.38145448201,0.0779762310764,1.90351382865,0.155995459596,-0.00684400734701,-0.0578813288146,-1.87382837288e-05,-0.0931934138585,-0.00398365116375,0.0362800364658,-0.0125002202324,0.574066967685,0.818793557169,0.00223030315913,0.0,0.818753799272,-0.57400698518,-0.0117874527523,0.0,-0.00837144195281,0.00859302188561,-0.999928036878,0.0,0.658733965175,0.256971296074,0.303531072261,1.0,-0.01104,-0.0145097142857,0.553
0.462732072238,0.530208052606,-0.124057583428,-1.3830971434,0.0778562112468,1.90408779543,0.155793587433,-0.0088696678789,-0.061307012984,-0.000775949800774,-0.09541248076,-0.00590292497991,0.0413024684492,-0.0111929298234,0.574080660977,0.818784101023,0.00217658123223,0.0,0.818743808236,-0.574021051626,-0.0117964259995,0.0,-0.00840948451806,0.00855432713928,-0.99992804944,0.0,0.658536916536,0.256710881794,0.303519303697,1.0,-0.01138,-0.0149565714286,0.57
0.462588837311,0.529159523928,-0.124053398677,-1.38474342389,0.0777703413931,1.90470106588,0.155568111812,-0.00695489505948,-0.0597279867451,0.000687600377994,-0.10090167488,-0.00456427546287,0.035487682495,-0.0124423857125,0.574077205739,0.818786482622,0.00219194589378,0.0,0.818746257721,-0.574017402773,-0.0118039689267,0.0,-0.00840687696793,0.00857120201792,-0.999927926861,0.0,0.658329953623,0.256450432904,0.303524786105,1.0,-0.01174,-0.0154297142857,0.588
0.462462067504,0.528135135192,-0.12406188475,-1.38634476406,0.0776673893963,1.90531340307,0.155352388332,-0.0101174985139,-0.0659060311982,-0.00190130159966,-0.102003776177,-0.00585701086951,0.0388734114629,-0.0118639682438,0.57406901619,0.818792145391,0.00222130548851,0.0,0.818752370564,-0.574009170649,-0.0117802634703,0.0,-0.00837069864079,0.00858154861673,-0.999928141632,0.0,0.658157252278,0.256224947603,0.303539708829,1.0,-0.01204,-0.015824,0.603
0.462309333744,0.526934553999,-0.124059554562,-1.38820420302,0.0775436916103,1.90602781591,0.155090028414,-0.00922758500788,-0.0715400923135,0.000270156864677,-0.108205173876,-0.00487915849123,0.0450481083493,-0.0127500454917,0.57404490743,0.818808936726,0.00226192216006,0.0,0.818769784031,-0.573985007129,-0.011747308244,0.0,-0.00832065176383,0.00859564148471,-0.99992843829,0.0,0.657941233291,0.255949312588,0.303561524303,1.0,-0.0124,-0.0162971428571,0.621
0.462166027334,0.525834790747,-0.124062738684,-1.38989860814,0.0774308767437,1.90665582186,0.154861163407,-0.0105849491503,-0.0682644412311,-5.18522559311e-05,-0.102753358659,-0.00933619196757,0.0457280988249,-0.0142599700696,0.574038009879,0.818813711139,0.00228398048983,0.0,0.818774926432,-0.573978111828,-0.0117257788537,0.0,-0.00829043330668,0.00860127431615,-0.999928640852,0.0,0.657741688522,0.255690883206,0.303583326319,1.0,-0.01272,-0.0167177142857,0.637
0.462019907839,0.524738724176,-0.124074433265,-1.39163787305,0.0773341494873,1.90728395288,0.154624986909,-0.0094749488457,-0.0626209737511,-0.00208100246227,-0.11106076958,-0.0028187444402,0.0396385538296,-0.00774614620162,0.57404004561,0.818812314419,0.00227303604825,0.0,0.818773317749,-0.573980116029,-0.0117399934425,0.0,-0.00830833366836,0.00860049322392,-0.999928498998,0.0,0.657532800683,0.255422907693,0.303581243857,1.0,-0.01304,-0.0171382857143,0.653
0.461868653961,0.523545807587,-0.124080804716,-1.39353232329,0.0771996348708,1.90796775571,0.154358261598,-0.00760219410134,-0.072197630661,-0.000202873022934,-0.11370102099,-0.0133467389246,0.0369191551225,-0.0110412514464,0.57401526033,0.818829765771,0.00224555043717,0.0,0.818790557721,-0.573955587835,-0.0117368087724,0.0,-0.00832176237656,0.0085759079506,-0.999928598488,0.0,0.657302703537,0.255135246987,0.303577712937,1.0,-0.01338,-0.0175851428571,0.67
0.461687779496,0.522269611459,-0.124078729101,-1.39558912254,0.0770841533542,1.90874439365,0.154079892809,-0.0114483854114,-0.0731127732407,0.000387737716013,-0.11597789266,-0.00566032134265,0.0452801632249,-0.0191375227566,0.574013189978,0.818831216831,0.00224565687061,0.0,0.818791902957,-0.573953406875,-0.0117496080844,0.0,-0.00833220389422,0.00858332093552,-0.99992844793,0.0,0.657059058938,0.254824220734,0.303562961133,1.0,-0.01374,-0.0180582857143,0.688
0.46155164437,0.521165675945,-0.124089712169,-1.39733868363,0.0769731322787,1.90943886147,0.15385724212,-0.00905249039334,-0.0707867450281,-0.00186278475051,-0.116717236553,-0.0117747898519,0.0485777631136,-0.0137201883503,0.574013957472,0.818830586765,0.00227897060618,0.0,0.818791833822,-0.57395418152,-0.0117165388651,0.0,-0.00828599521584,0.00859162477908,-0.999928760596,0.0,0.656857562512,0.254564365151,0.303566344267,1.0,-0.01404,-0.0184525714286,0.703
0.461375546561,0.519896098194,-0.124090398307,-1.39936369653,0.0768538975636,1.91018158785,0.153574043604,-0.00802535875964,-0.0829597057118,-0.000343192130119,-0.123971869589,-0.00798011269673,0.0420674048208,-0.0146798064261,0.574001612849,0.818839240323,0.00227900327046,0.0,0.81880041382,-0.573941761594,-0.0117253370114,0.0,-0.00829331057115,0.00859657668743,-0.99992865739,0.0,0.656597129265,0.254239424607,0.303567043524,1.0,-0.0144,-0.0189257142857,0.721
0.461191262717,0.518385020743,-0.124093604475,-1.40168663012,0.0767033134346,1.91101343602,0.153271555957,-0.0146468178404,-0.0803902911369,0.000370596744081,-0.12448210931,-0.0109342020805,0.0410491764159,-0.00908620468533,0.57398750094,0.818849138262,0.00227693513664,0.0,0.818810307661,-0.57392768275,-0.0117235635577,0.0,-0.00829319347954,0.00859372236416,-0.999928682896,0.0,0.656309984208,0.253890528271,0.303582935484,1.0,-0.01478,-0.0194251428571,0.74
0.461035297876,0.517192795339,-0.124094011713,-1.40356737347,0.076570811211,1.91168944155,0.153000726668,-0.00854435612187,-0.0765047942111,0.000320141319817,-0.128512600672,-0.00932132158303,0.0525592651035,-0.0151295542908,0.573960302033,0.81886824597,0.00226148909288,0.0,0.818829311812,-0.573900645416,-0.0117198212578,0.0,-0.0082992792133,0.00857865087211,-0.999928761819,0.0,0.656093221593,0.253623565348,0.303585666387,1.0,-0.01506,-0.0197931428571,0.754
0.460842274547,0.515762102522,-0.124104629238,-1.40584158152,0.0764187207324,1.91254592017,0.152688167915,-0.0146857409147,-0.0792254166981,-0.00230436866915,-0.130173077693,-0.0106737168758,0.0575112917229,-0.017106460346,0.573962963516,0.818866403237,0.00225323392401,0.0,0.81882751013,-0.57390349058,-0.0117063681622,0.0,-0.00829297244327,0.00856419657343,-0.999928938048,0.0,0.655807910841,0.253247466585,0.303575431318,1.0,-0.01544,-0.0202925714286,0.773
0.460662474421,0.514449263407,-0.124102534253,-1.4079412121,0.0763058558291,1.91331352262,0.152415174429,-0.0101676144538,-0.0831075767361,0.000570465386333,-0.132754360164,-0.0042506341273,0.0435982570386,-0.0198103173079,0.573951519762,0.818874426738,0.00225235373175,0.0,0.818835327973,-0.57389185104,-0.0117301267697,0.0,-0.00831305343382,0.00857699602686,-0.999928661596,0.0,0.655562886695,0.252958418383,0.303568742695,1.0,-0.01574,-0.0206868571429,0.788
0.460461170632,0.512974085931,-0.124101433673,-1.41034092694,0.0761534462628,1.91414614042,0.152078306804,-0.0147721059044,-0.0881288658387,-0.000988199043576,-0.138309549891,-0.0126198184426,0.0444700073314,-0.0162123908127,0.573924257588,0.818893752356,0.00217159044634,0.0,0.818853525953,-0.573864820317,-0.0117821024987,0.0,-0.00840225253392,0.00854041335272,-0.999928229171,0.0,0.655256275968,0.252593675518,0.303532438238,1.0,-0.0161,-0.02116,0.806
0.460285058036,0.511725045972,-0.124111705662,-1.41234220865,0.0760468330747,1.91486942047,0.151783916112,-0.0145344988467,-0.0868049846048,-9.54750971946e-05,-0.133831304859,-0.0106767234766,0.052645492913,-0.0178262786002,0.573910814137,0.818903223229,0.00215297549502,0.0,0.818862600099,-0.573851294072,-0.0118102223412,0.0,-0.00843610378945,0.00854116987475,-0.999927937689,0.0,0.65500959294,0.252283069761,0.303517829585,1.0,-0.0164,-0.0215542857143,0.821
0.460053893484,0.510020263629,-0.1241074877,-1.41508045687,0.0758707034599,1.91591096149,0.151411235827,-0.0090283827827,-0.083891486472,0.00019083987142,-0.133567658076,-0.00679588250645,0.0587053105736,-0.0195804553548,0.573887416295,0.818919620774,0.00215291233925,0.0,0.818879038454,-0.57382794151,-0.0118051185797,0.0,-0.00843220432062,0.00853794816894,-0.999927998094,0.0,0.654676241586,0.251873840566,0.303498205119,1.0,-0.0168,-0.02208,0.841
0.459880141765,0.508749935021,-0.124115862188,-1.41704996541,0.0757546790954,1.91661896427,0.151139037511,-0.0131822858363,-0.0876278516537,-0.000769562646872,-0.140575200915,-0.0106074421882,0.0505334477821,-0.0153692136849,0.573883769903,0.818922152637,0.00216181927164,0.0,0.81888162192,-0.573824195666,-0.011807990993,0.0,-0.00842948349129,0.00854685301093,-0.99992794496,0.0,0.65443250124,0.251567537973,0.303511313893,1.0,-0.01708,-0.022448,0.855
0.459649599249,0.507066400549,-0.124123797617,-1.41970808847,0.0755721025713,1.91758086736,0.150755658551,-0.01432631028,-0.0912508559781,-0.00145447105225,-0.138124991578,-0.0139435130683,0.050165319441,-0.0188027058241,0.573852407242,0.818944191337,0.00213847605541,0.0,0.81890348572,-0.573793058425,-0.011804832955,0.0,-0.00844061917009,0.00852560144848,-0.999928032444,0.0,0.654102560834,0.251154669376,0.3035072286,1.0,-0.01746,-0.0229474285714,0.874
0.459442616102,0.505586083716,-0.124121792274,-1.42201446301,0.0754298424491,1.91844794136,0.150443505587,-0.014916701369,-0.090855767175,0.00153779619485,-0.141829766259,-0.00947104905505,0.0599933868913,-0.0197669489862,0.573845633085,0.818948848895,0.00217236811318,0.0,0.818908559358,-0.573786128032,-0.0117897238604,0.0,-0.00840886799275,0.00854461690491,-0.999928137648,0.0,0.653821168535,0.250802160192,0.303519372055,1.0,-0.01778,-0.023368,0.89
0.459210665041,0.503848231163,-0.124125909925,-1.42463468488,0.075264014209,1.91944866701,0.150077356301,-0.0122111356504,-0.0989285192982,0.000208437705399,-0.14599273395,-0.0094123665862,0.0552008133648,-0.0188083317112,0.573828786547,0.818960390922,0.00226908177589,0.0,0.818921422963,-0.573768980727,-0.0117305868935,0.0,-0.00830511718951,0.00858971349789,-0.999928618378,0.0,0.653505846474,0.250401232149,0.3035732045,1.0,-0.01814,-0.0238411428571,0.908
0.458987338614,0.502267542059,-0.124132234372,-1.42696640188,0.075116074154,1.92032420737,0.149749521445,-0.0110476639188,-0.107541796128,-0.00126111342192,-0.148171790481,-0.00720429735246,0.0522697630149,-0.0292798299102,0.573827207155,0.818961205026,0.00237231799191,0.0,0.818923632957,-0.573767078698,-0.0116691767933,0.0,-0.00819560291512,0.00863900472519,-0.999929097332,0.0,0.653226985875,0.250031320002,0.303643110561,1.0,-0.01846,-0.0242617142857,0.924
0.458781857067,0.500771304202,-0.124132369987,-1.429241124,0.0749639885743,1.92112110403,0.149442676008,-0.0143864544845,-0.101537376182,-0.000430391083657,-0.154633789783,-0.012265185733,0.0508282909908,-0.0246765701249,0.573819428067,0.818966606242,0.00238929589874,0.0,0.818929249867,-0.57375923435,-0.0116606865637,0.0,-0.00817898978692,0.00864795929294,-0.999929155954,0.0,0.652919008762,0.249650102242,0.303678025668,1.0,-0.01878,-0.0246822857143,0.94
0.458547179922,0.499165198248,-0.12413057598,-1.43168193203,0.0748147546483,1.92201241091,0.149083540907,-0.0177265236775,-0.101858419232,0.00115877369461,-0.147655331342,-0.00884758614932,0.0595307220163,-0.0237547578786,0.573799600794,0.818980365416,0.00243435676365,0.0,0.818943533158,-0.573739183901,-0.0116441082048,0.0,-0.00813976684539,0.00867515239209,-0.99992924046,0.0,0.652635114631,0.249292451725,0.303709457908,1.0,-0.01908,-0.0250765714286,0.955
0.458276230707,0.49739407165,-0.124137614988,-1.43448405171,0.0746446677795,1.92305280345,0.148678652539,-0.00936667530443,-0.0956401890551,-0.000535728994023,-0.155903308554,-0.00686344075056,0.0526984377866,-0.0208211467946,0.57379136011,0.818986119179,0.00244101557317,0.0,0.818949332309,-0.573730876822,-0.0116455567518,0.0,-0.00813721999144,0.00868135506467,-0.999929207357,0.0,0.652290778816,0.248845696358,0.303701019165,1.0,-0.01944,-0.0255497142857,0.973
0.45800943663,0.495710047347,-0.124133061978,-1.43718595831,0.0744743219147,1.9239898417,0.148272047125,-0.0180659187567,-0.100826724128,0.00110043884917,-0.155777804256,-0.00796457791995,0.0545072926073,-0.0272478929967,0.573763776611,0.819005644268,0.0023728058817,0.0,0.818967836402,-0.573703399116,-0.0116978494946,0.0,-0.00821947621245,0.00865522064318,-0.999928761146,0.0,0.651942743198,0.248412416001,0.303669584786,1.0,-0.01978,-0.0259965714286,0.99
0.457753876186,0.494137374239,-0.124141221326,-1.43976519293,0.0743089147313,1.92489556698,0.147908501711,-0.0199407850246,-0.100186281126,-0.00126730179485,-0.160324147327,-0.0148176656739,0.0545176908037,-0.0234789935505,0.573766146246,0.819004243489,0.00228155004539,0.0,0.818965209755,-0.573706065491,-0.0117508523489,0.0,-0.00831521893233,0.00861091716566,-0.999928352053,0.0,0.651613811512,0.247990891997,0.30361611952,1.0,-0.0203914285714,-0.0268001632653,1.006
0.457468376204,0.49234451641,-0.124149675417,-1.44263041544,0.0741193356238,1.92595865784,0.14752204221,-0.0187456808591,-0.106753332817,-0.00187525013432,-0.16948319042,-0.00929236588597,0.0577693026293,-0.0247142281533,0.573781920406,0.818993244139,0.00226291221067,0.0,0.818954058411,-0.573722001411,-0.0117499876757,0.0,-0.00832503828537,0.00859531711856,-0.999928404568,0.0,0.651260206915,0.247525521975,0.303592766086,1.0,-0.0217902857143,-0.0286386612245,1.023
0.457165534032,0.490459993815,-0.124146527121,-1.4456928403,0.0739294416161,1.92703112176,0.147081403962,-0.0198003346264,-0.110932126151,-0.000994276845935,-0.180445206916,-0.0188022927614,0.064661723989,-0.0252172823845,0.573768158625,0.819003125627,0.00217422664088,0.0,0.818962614839,-0.573708406585,-0.0118172167453,0.0,-0.00843112767425,0.00856111785514,-0.999927809068,0.0,0.650863071855,0.247034361021,0.30353910697,1.0,-0.0231891428571,-0.0304771591837,1.04
0.456855657636,0.488562962707,-0.124174452287,-1.44873364356,0.073747113415,1.92811951939,0.146648393024,-0.0249489179083,-0.122132908322,-0.00180694872622,-0.198764253332,-0.00872555391949,0.0644489528328,-0.0303923886055,0.573789373886,0.818988393778,0.00212418788582,0.0,0.818947181359,-0.573729765743,-0.0118497656244,0.0,-0.00848627408432,0.0085390316829,-0.999927531419,0.0,0.650481385338,0.246525540782,0.303505923165,1.0,-0.0245057142857,-0.0322075102041,1.056
0.45650466,0.486358472051,-0.124188367047,-1.45208589464,0.0735366155591,1.92943835884,0.146159393197,-0.0195419827604,-0.128279126848,-0.00134926928813,-0.20144561989,-0.0118034226305,0.0767525653305,-0.0274084829337,0.573795787474,0.818983529877,0.00226251374725,0.0,0.818944255864,-0.573735782485,-0.0117602969984,0.0,-0.00833356489998,0.00860104711108,-0.999928284271,0.0,0.6500845726,0.245976399132,0.303556485649,1.0,-0.0259045714286,-0.0340460081633,1.073
0.456104906333,0.483925871835,-0.124217906839,-1.45579796729,0.073299818986,1.93076416858,0.145591308529,-0.0220072963219,-0.140325504653,-0.00069215713569,-0.215645632512,-0.0120436014167,0.0710818196463,-0.022224586459,0.573797493329,0.818982243055,0.00229545460376,0.0,0.818943443375,-0.573737411738,-0.0117373687721,0.0,-0.00829586814257,0.00861488614027,-0.999928478597,0.0,0.649621704339,0.245343584857,0.303593999246,1.0,-0.0273857142857,-0.0359926530612,1.091
0.455723542788,0.481650902487,-0.124242718488,-1.45934798866,0.0730835320691,1.93197431753,0.145058181273,-0.0241244312965,-0.143779820385,-0.000341014830317,-0.221169451321,-0.013065580838,0.0851312333441,-0.0367518064381,0.573805976454,0.818976447366,0.00224208542963,0.0,0.818936797918,-0.57374593502,-0.0117843101366,0.0,-0.00836484609829,0.00859819938911,-0.99992804757,0.0,0.64916226262,0.244738487122,0.303587949014,1.0,-0.0287022857143,-0.0377230040816,1.107
0.455300026817,0.479121816048,-0.124258346318,-1.46324822963,0.0728476934053,1.93342181259,0.144485856486,-0.024812710202,-0.155463435102,-1.24580615753e-05,-0.231915018603,-0.00829367074248,0.082770862405,-0.0307069439279,0.573821768747,0.818965200187,0.00230770356842,0.0,0.818926339551,-0.573761409332,-0.0117576550329,0.0,-0.0083051989568,0.00863680392859,-0.999928212067,0.0,0.648677759643,0.24408630261,0.303610296843,1.0,-0.0301011428571,-0.0395615020408,1.124
0.454847379833,0.476495446827,-0.124281760266,-1.46725126915,0.0725921886467,1.93491210631,0.143910161798,-0.0311786267581,-0.156944277709,-0.00158539807466,-0.238827302492,-0.0179934248684,0.0946065354814,-0.0354687594264,0.573862499904,0.818936404535,0.00239654605086,0.0,0.818898790896,-0.573801903042,-0.0117001382863,0.0,-0.00820668450011,0.00867696632804,-0.999928677749,0.0,0.648186119109,0.243399905529,0.303653393038,1.0,-0.0315,-0.0414,1.141
0.454410112633,0.473915531871,-0.124289981455,-1.4712336353,0.0723417826674,1.93633953727,0.143334442119,-0.0278616621327,-0.160687485262,-0.00029279905112,-0.256052347594,-0.0200711514899,0.0828533729344,-0.0324558941043,0.573878588967,0.818925068044,0.00241763424537,0.0,0.818887630233,-0.573817809378,-0.0117011791345,0.0,-0.00819526511664,0.00869499435452,-0.999928614803,0.0,0.647675520946,0.242731354779,0.303666771178,1.0,-0.0328165714286,-0.0431303510204,1.157
0.453898247271,0.470889646222,-0.124293419526,-1.47589382554,0.0720532711635,1.93795914734,0.142638257648,-0.0313189471776,-0.166376844405,-0.000654807249259,-0.259303204456,-0.0182054326874,0.0935948591342,-0.0378448620483,0.573874164461,0.818928184967,0.0024120806137,0.0,0.818890413476,-0.573813128594,-0.0117358881882,0.0,-0.00822692448338,0.00871032041997,-0.99992822144,0.0,0.647062866113,0.241950570577,0.303680572455,1.0,-0.0342977142857,-0.0450769959184,1.175
0.453411304678,0.467925357043,-0.124286452709,-1.48036431237,0.0717601085119,1.93969918739,0.141901726203,-0.0318565299274,-0.179973692485,0.00170045353915,-0.265658500073,-0.0185570448048,0.104613736003,-0.055856484737,0.573797482674,0.818981327762,0.002603949818,0.0,0.818946173862,-0.573735907982,-0.0116197723974,0.0,-0.00802255157214,0.0088000603197,-0.999929096289,0.0,0.646508131528,0.241221086944,0.303749958025,1.0,-0.0356965714286,-0.0469154938775,1.192
0.452954321975,0.465226988012,-0.1242913261,-1.48452786044,0.0714801861212,1.94113107606,0.141278624463,-0.0265023227298,-0.184457971425,-0.000106978714257,-0.283688748423,-0.020377068961,0.0873320674169,-0.0418911799283,0.573784160843,0.818990767528,0.00257028609376,0.0,0.818955105222,-0.57372262639,-0.0116460508409,0.0,-0.00806353207652,0.00878743761262,-0.999928877666,0.0,0.645952500149,0.240519160006,0.303753828558,1.0,-0.0369308571429,-0.0485376979592,1.207
0.452363866295,0.461906068154,-0.12430033074,-1.48976294998,0.071129455012,1.94293245855,0.140517286435,-0.0333903718566,-0.18801951844,-0.000413398754844,-0.288592603945,-0.0140973054843,0.0953922404338,-0.0368260004803,0.573799289304,0.818980488693,0.00246609711539,0.0,0.818943361545,-0.573738003739,-0.0117141174856,0.0,-0.00817889749608,0.00874131444702,-0.999928344962,0.0,0.645252180306,0.239624695994,0.303707179682,1.0,-0.038412,-0.0504843428571,1.225
0.451793903234,0.458669311474,-0.124296394741,-1.49478565109,0.0707871359064,1.94470303231,0.139759008882,-0.033090684051,-0.190480214447,0.00158295403396,-0.297403902079,-0.0182743994474,0.11091632792,-0.0454404343395,0.5737810539,0.818993329785,0.00244435157095,0.0,0.818955874544,-0.573719801479,-0.0117308073573,0.0,-0.00820523805685,0.00873289922243,-0.999928202692,0.0,0.644583858303,0.238774934104,0.303697900601,1.0,-0.0398108571429,-0.0523228408163,1.242
0.451207937813,0.455584875592,-0.124315746868,-1.49970990766,0.0704569066119,1.94644593518,0.138984299392,-0.0368859747495,-0.195390659974,-0.0024469897593,-0.310835280788,-0.0149699643615,0.106207797827,-0.0484398342469,0.573776832583,0.818996564066,0.00234975338013,0.0,0.818957862503,-0.573715915662,-0.0117819549513,0.0,-0.00830144953963,0.00868472900711,-0.999927828104,0.0,0.64393463586,0.237911536805,0.303626992677,1.0,-0.0411274285714,-0.0540531918367,1.258
0.450571285822,0.452106741531,-0.124366115085,-1.5050287675,0.0701013999356,1.94831869577,0.138139454723,-0.0377778987762,-0.208815321718,-0.00683927430256,-0.313001074672,-0.0128395580997,0.116518326229,-0.0517610577511,0.573788362102,0.818988449327,0.00236268626979,0.0,0.818950023315,-0.57372750754,-0.0117623681793,0.0,-0.00827786494542,0.00868419914549,-0.999928028229,0.0,0.643237655006,0.236961465161,0.303647896473,1.0,-0.0425262857143,-0.0558916897959,1.275
0.449861966464,0.448269595426,-0.124397481372,-1.51079655747,0.0697039615811,1.95040294289,0.137274584196,-0.0435817373702,-0.212509188445,-0.000960025490372,-0.326313100497,-0.0219064605461,0.111134786441,-0.0491228613737,0.573835427792,0.818955141982,0.00247469866865,0.0,0.818918385256,-0.573774383531,-0.0116782701764,0.0,-0.00814421750879,0.00872814944417,-0.999928743025,0.0,0.642488514984,0.235936189519,0.303715829779,1.0,-0.0440074285714,-0.0578383346939,1.293
0.449256128683,0.444992236422,-0.124407857886,-1.51579263956,0.069365405743,1.95206812205,0.136521648315,-0.0417744436803,-0.219238343202,-0.000877825734314,-0.33178676459,-0.0206515545789,0.116481902395,-0.0517935533698,0.573852586742,0.818943262307,0.00242666701127,0.0,0.818905712755,-0.573791534259,-0.0117241516462,0.0,-0.0082091720614,0.00871531402483,-0.999928323829,0.0,0.641799377416,0.235055798943,0.303727601076,1.0,-0.0452417142857,-0.0594605387755,1.308
0.448520782401,0.441041095658,-0.124408589542,-1.52188064738,0.0689277746728,1.95424216217,0.135540703014,-0.0451096167804,-0.21717027983,-0.000433870139924,-0.339013575513,-0.0261468105339,0.122947338763,-0.0621306004491,0.573800997295,0.8189793811,0.00243633711275,0.0,0.818942109112,-0.573740077456,-0.0117001002158,0.0,-0.00818447416623,0.0087089158995,-0.999928582033,0.0,0.640979562977,0.233997869824,0.303721826664,1.0,-0.0467228571429,-0.0614071836735,1.326
0.447772767592,0.437240860222,-0.124414620338,-1.52778996836,0.0685446197114,1.95633224828,0.134578460134,-0.0451298335832,-0.221824730598,-3.98304485768e-05,-0.348548759205,-0.0231047325014,0.128625172707,-0.0554109120974,0.573784786215,0.818990781549,0.00242193042569,0.0,0.818953089289,-0.573723673525,-0.0117358801376,0.0,-0.00822221712837,0.00871748471856,-0.999928197725,0.0,0.640179589334,0.232951875122,0.30368746048,1.0,-0.0481217142857,-0.0632456816326,1.343
0.446990603745,0.433205836135,-0.124439366041,-1.53377275249,0.0681236856622,1.95850186339,0.133624941043,-0.0462235864763,-0.236107741755,0.000810567612546,-0.359918680517,-0.0217123295878,0.131126225606,-0.0624227148574,0.573806375642,0.818975136722,0.00259144865422,0.0,0.818939890755,-0.573744919749,-0.0116176285362,0.0,-0.00802787298011,0.00878867921101,-0.999929153677,0.0,0.639390398949,0.231867948852,0.303781226831,1.0,-0.0495205714286,-0.0650841795918,1.36
0.446226988598,0.429433612729,-0.124471307632,-1.53966558988,0.0676872967244,1.96046030572,0.132693383829,-0.0489518240328,-0.244949782182,-0.00250210506277,-0.375099007686,-0.0277457481991,0.118955902833,-0.0602705174971,0.573823685409,0.818963511969,0.00242714403119,0.0,0.818926235745,-0.573762918553,-0.0116910480144,0.0,-0.00818209402805,0.00869641961602,-0.99992871027,0.0,0.638566562958,0.230784405284,0.303717792817,1.0,-0.0508371428571,-0.0668145306122,1.376
0.445412500004,0.425276501635,-0.12452205645,-1.54603512102,0.0672206191456,1.96257682688,0.131636927259,-0.0483201928754,-0.246187909582,-0.00432864530209,-0.376287450255,-0.0306242087531,0.126293455391,-0.062977377451,0.57380371351,0.818977783813,0.00233128379964,0.0,0.818939316985,-0.573743358991,-0.0117345647928,0.0,-0.00827294854994,0.00864268321553,-0.999928428613,0.0,0.637618475857,0.229545050253,0.303706946512,1.0,-0.0523182857143,-0.0687611755102,1.394
0.444591996664,0.42128144813,-0.124536357273,-1.55209367087,0.0668166549756,1.96465560337,0.130645065516,-0.0500733933021,-0.254243002046,-0.00107182969323,-0.377011096689,-0.0236852504458,0.127330568966,-0.0573355244662,0.573816903379,0.818968532182,0.0023348645098,0.0,0.818929954899,-0.573756369828,-0.0117517638045,0.0,-0.00828484087722,0.00865561785073,-0.999928218269,0.0,0.636829334231,0.228503799778,0.303710835373,1.0,-0.0535525714286,-0.0703833795918,1.409
