position_joint1,position_joint2,position_joint3,position_joint4,position_joint5,position_joint6,position_joint7,velocity_joint1,velocity_joint2,velocity_joint3,velocity_joint4,velocity_joint5,velocity_joint6,velocity_joint7,ee_T_00,ee_T_10,ee_T_20,ee_T_30,ee_T_01,ee_T_11,ee_T_21,ee_T_31,ee_T_02,ee_T_12,ee_T_22,ee_T_32,ee_T_03,ee_T_13,ee_T_23,ee_T_33,v_x,v_y,time
0.465066952915,0.547548501241,-0.12399453607,-1.35573652436,0.0794347799612,1.8941001853,0.159143266271,-0.000824374794522,-0.000314816106328,0.00484303754323,0.000179970978244,0.000160095460901,-8.71474855504e-05,-0.0003525511427,0.573779443927,0.818995175106,0.00219084037671,0.0,0.818955879648,-0.573720645154,-0.0116891152406,0.0,-0.00831655874851,0.00850133932777,-0.999929278539,0.0,0.661712103559,0.260886510394,0.303425186708,1.0,0.0,0.0,0.0
0.465066952915,0.547551375611,-0.123994454238,-1.35573900353,0.0794340542543,1.89409979381,0.159146188103,-0.000263229630354,0.000896875082215,0.00157653762521,-0.000790895499579,-0.000104922833895,4.88054237135e-05,6.18162082727e-05,0.573781726207,0.818993590327,0.00218553782331,0.0,0.818954229347,-0.573722950374,-0.011691593104,0.0,-0.00832160682146,0.00849844153845,-0.999929261174,0.0,0.661711403004,0.26088608067,0.303421932176,1.0,-8e-05,-0.000105142857143,0.005
0.465070037992,0.54754645045,-0.123996959988,-1.35573903002,0.0794387021951,1.89409990004,0.159146882689,0.00158935350455,-0.000680561439662,-0.000372250208573,-0.000494651075099,0.000330336436672,0.000220289435714,0.000740777066219,0.573782742605,0.818992861308,0.00219187521407,0.0,0.818953553925,-0.573723913639,-0.0116916351873,0.0,-0.00831799467653,0.00850366622152,-0.99992924681,0.0,0.661711058,0.260887494724,0.303425509482,1.0,-0.00032,-0.000420571428571,0.017
0.465066273718,0.547541213625,-0.123994682159,-1.35574330248,0.0794380876243,1.89410186394,0.159146032053,-6.20336132691e-05,-0.00169375038396,0.000667205196871,0.0010628492131,0.000198620526853,-0.000163652858499,-0.00571466228105,0.573783611532,0.81899224473,0.0021947916946,0.0,0.818952967687,-0.573724763864,-0.0116909771581,0.0,-0.00831577338347,0.00850568602866,-0.999929248106,0.0,0.661711102198,0.260885917934,0.303427279799,1.0,-0.00066,-0.000867428571429,0.034
0.465068409629,0.547496613448,-0.1239941211,-1.35578492053,0.0794350318868,1.89411086777,0.159141354135,0.000894271207596,-0.00301175411099,0.000722276315217,-9.89226541281e-05,0.0005656916156,0.00368036815366,0.000320445850824,0.573779082954,0.818995388425,0.00220558487881,0.0,0.818956245104,-0.573720189022,-0.0116858980852,0.0,-0.0083054679738,0.00851156527143,-0.999929283729,0.0,0.66170402118,0.260883418991,0.303439822994,1.0,-0.001,-0.00131428571429,0.051
0.465065891179,0.547353886489,-0.123990200715,-1.3559306041,0.0794348260477,1.89413178121,0.15914099716,-0.00389819910501,-0.0100635405886,-0.000220693602944,-0.0114225040092,0.000379262164255,2.04003977575e-05,-0.000950617072641,0.573785899145,0.818990549446,0.00222907208217,0.0,0.818951575304,-0.573726777615,-0.0116896901251,0.0,-0.00829502710063,0.0085330457399,-0.999929187321,0.0,0.661678330417,0.260869989687,0.30347327032,1.0,-0.00134,-0.00176114285714,0.068
0.465059577943,0.547231462255,-0.123994708618,-1.35610977151,0.0794277910945,1.89417383516,0.159136809017,-0.000813709883601,-0.00514672610169,0.000349125900544,-0.0119554548858,-0.000656643418906,0.00826144861129,0.000296982122706,0.57379878231,0.818981552188,0.00221844473281,0.0,0.818942398597,-0.573739656212,-0.0117004944602,0.0,-0.00830983938619,0.00853067216619,-0.999929084586,0.0,0.661651949033,0.260845256095,0.303478495863,1.0,-0.00166,-0.00218171428571,0.084
0.46504212914,0.547050964771,-0.123995191892,-1.35632352735,0.0794223469153,1.89429587085,0.159133694183,-0.0024121253893,-0.008420061283,-0.000233433355666,-0.0157361674531,0.000270644871202,0.0135143254984,0.00139501241855,0.573821585582,0.818965358297,0.00229711355305,0.0,0.818927218666,-0.573762158903,-0.0116594356447,0.0,-0.00823083552794,0.00857176969472,-0.999929386562,0.0,0.661637012288,0.260817846864,0.303515211148,1.0,-0.002,-0.00262857142857,0.101
0.465018337037,0.546857097376,-0.123997730419,-1.35653544676,0.0794201844655,1.89440817902,0.159118940204,-0.00528877678134,-0.0120548353694,-0.00155367432904,-0.0130575607008,0.000167975936897,0.00694258402113,-0.00100076633525,0.573842156014,0.818950700591,0.00238262109216,0.0,0.818913634685,-0.573782382119,-0.0116182528063,0.0,-0.00814782714036,0.00861837006848,-0.999929665832,0.0,0.66162284016,0.260785314014,0.303561492948,1.0,-0.00234,-0.00307542857143,0.118
0.464994102462,0.546656508973,-0.12399244298,-1.35681103981,0.0794107095558,1.89454953434,0.159107282829,0.000546557290146,-0.0099399559698,5.87433050583e-05,-0.0156112767262,-1.24645747652e-05,0.00649529626475,-0.00293101803102,0.573861881282,0.818936700719,0.002443016154,0.0,0.818900381238,-0.573801853792,-0.0115907330826,0.0,-0.00809042527736,0.00865223333442,-0.999929839477,0.0,0.661598755814,0.260750333552,0.303584468636,1.0,-0.00268,-0.00352228571429,0.135
0.464955214324,0.546387537238,-0.123997787527,-1.35719003249,0.0793961566846,1.89467147211,0.159080015415,-0.00300383164204,-0.0161944803085,-0.00230789415172,-0.0232687196881,-0.000611129333323,0.00968232999021,-0.00243699932247,0.573892304839,0.818915337529,0.00245750027583,0.0,0.81887913829,-0.573832150949,-0.0115916483616,0.0,-0.00808254157531,0.00866492032993,-0.999929793374,0.0,0.661555407458,0.260685977603,0.303605293316,1.0,-0.00302,-0.00396914285714,0.152
0.46492173833,0.546122012262,-0.123995901327,-1.35759405377,0.0793751676343,1.89481655171,0.158967250258,-0.00298066594242,-0.0229731895731,-8.54543254339e-05,-0.0283855985947,-0.00419153786771,0.0104967771797,-0.0072759079832,0.573843045394,0.818949829616,0.00246631820247,0.0,0.818913693044,-0.573782811531,-0.0115929046049,0.0,-0.00807903180499,0.00867237640096,-0.999929757099,0.0,0.661508106969,0.260626902912,0.303613507277,1.0,-0.00334,-0.00438971428571,0.168
0.464876390325,0.545835508136,-0.123995399268,-1.35808454435,0.0793327745536,1.89497764993,0.158919833861,-0.00318272230148,-0.017769844725,0.000859979065782,-0.0250839453792,-0.00322214464573,0.0104855823951,-0.000163461163731,0.573857103211,0.818940109875,0.00242248510208,0.0,0.818903483335,-0.573797104457,-0.0116066704619,0.0,-0.00811530929102,0.00864451821136,-0.999929704559,0.0,0.661449288266,0.260546803547,0.303596794942,1.0,-0.00368,-0.00483657142857,0.185
0.464817170215,0.545506020891,-0.123995399268,-1.35863844368,0.0792684127682,1.89517013226,0.158875569144,-0.00298810725001,-0.0210167217983,0.000344928862897,-0.0369972535369,-0.00334669425884,0.00996541788377,-0.000354215583929,0.573883186596,0.81892196386,0.00237742534471,0.0,0.818885002311,-0.573823607685,-0.0116003083894,0.0,-0.00813568117636,0.00860422556089,-0.999929886539,0.0,0.661388216054,0.260448853901,0.303583016716,1.0,-0.00402,-0.00528342857143,0.202
0.464759937296,0.545133760103,-0.123992482151,-1.35926868308,0.0792534884678,1.89537658795,0.158778339876,-0.00422906936328,-0.0186277273093,0.00147797304068,-0.0401605699873,-0.000336812490811,0.015047647569,-0.00833088782933,0.573879510762,0.818924627211,0.00234712084771,0.0,0.818887017454,-0.573819771326,-0.0116477285933,0.0,-0.00819194516837,0.00860658528066,-0.99992940687,0.0,0.661309504827,0.260354365976,0.30356436428,1.0,-0.00436,-0.00573028571429,0.219
0.464693541546,0.544753225807,-0.123998566832,-1.35991757136,0.0792304947411,1.89558587768,0.158682322888,-0.00608015003189,-0.0270596245716,-0.00196993172777,-0.0412063676218,-0.00647481383427,0.0120724987896,-0.00359957602849,0.573889483643,0.81891775982,0.00230436892241,0.0,0.818879437235,-0.573829733418,-0.0116897913042,0.0,-0.00825082115701,0.00859581411787,-0.999929015446,0.0,0.661232121372,0.260245390026,0.303543190017,1.0,-0.00468,-0.00615085714286,0.235
0.464630698383,0.544332956176,-0.124007203152,-1.36064490206,0.079196150659,1.89583255449,0.158618356887,-0.00162995675908,-0.0286716803284,-0.00125090382076,-0.0477417734567,7.20756857173e-05,0.0137569149009,-0.0122330138823,0.573925985379,0.818892315859,0.00225504661466,0.0,0.818853276477,-0.573866334864,-0.0117255367917,0.0,-0.00830801659738,0.00857630768678,-0.999928709362,0.0,0.661145422813,0.260129200702,0.303516080262,1.0,-0.00502,-0.00659771428571,0.252
0.464561529482,0.543853948453,-0.124004159495,-1.36141508373,0.0791586487605,1.89611083418,0.158506569473,-0.00343509767311,-0.0290726498179,-0.000374993493538,-0.0479797242464,-0.00254951734319,0.0206448349487,-0.004801167926,0.573921886866,0.818895203729,0.00224944122389,0.0,0.81885598034,-0.573862143265,-0.0117418434938,0.0,-0.00832463043306,0.00858103458337,-0.999928530633,0.0,0.661055766619,0.2600129224,0.30351245144,1.0,-0.00536,-0.00704457142857,0.269
0.464479098593,0.54335507519,-0.124005935213,-1.36224183901,0.0791090164083,1.89639749651,0.158413985354,-0.00443720726318,-0.0309852629561,0.00090499518766,-0.0499791998949,-0.0010905414988,0.0194096561329,-0.00546376563887,0.57394757247,0.818877299474,0.00221345047299,0.0,0.818837582166,-0.573887935561,-0.0117642828708,0.0,-0.00836339268633,0.00856470292618,-0.999928347196,0.0,0.660960403913,0.259877241802,0.303496764083,1.0,-0.0057,-0.00749142857143,0.286
0.464408123415,0.542774476858,-0.12401686778,-1.36316176267,0.079053149931,1.89671962675,0.158288146042,-0.00375322310406,-0.0343946719224,0.00265702846504,-0.0504922545401,-0.00249495397288,0.0174439940749,-0.00628144095446,0.573946495534,0.818878100902,0.00219613953795,0.0,0.818838181659,-0.573886948699,-0.0117706954381,0.0,-0.00837859022212,0.00855419699741,-0.9999283099,0.0,0.660852154134,0.25973524896,0.303497852155,1.0,-0.00606,-0.00796457142857,0.304
0.46434035316,0.54227109475,-0.124014812474,-1.36395987234,0.079004185082,1.89700683999,0.158178094107,-0.00689428917926,-0.0330451004383,0.000336614746743,-0.0497260344451,-0.00656378759636,0.018695109341,-0.00483951730878,0.573942379932,0.81888099476,0.00219267857845,0.0,0.818841028086,-0.573882844411,-0.0117727870763,0.0,-0.00838233235856,0.008552521277,-0.999928292871,0.0,0.66075311261,0.259608208095,0.303500310305,1.0,-0.00638,-0.00838514285714,0.32
0.464258192556,0.541618748001,-0.12402234653,-1.36494836185,0.0789423070412,1.89737534454,0.158055943151,-0.00246556961324,-0.0358081412475,-0.00129028733847,-0.0566093827665,-0.00464432657423,0.0227584192918,-0.00655780007607,0.573952603478,0.818873771439,0.00221411643196,0.0,0.818834116157,-0.573893018073,-0.0117575901292,0.0,-0.008357477118,0.00856145837155,-0.999928424442,0.0,0.660647906889,0.259462677806,0.303521735976,1.0,-0.00672,-0.008832,0.337
0.464174552256,0.540989295289,-0.124023292063,-1.365939942,0.0788849740547,1.89774485324,0.157921387919,-0.0039269659268,-0.0402138251472,-0.00193593478409,-0.0564634595873,-0.000317500110005,0.0269993678022,-0.00403232921151,0.573951305726,0.818874662481,0.00222096920439,0.0,0.818835071313,-0.573891668784,-0.0117569294361,0.0,-0.00835301672226,0.00856667741314,-0.999928417013,0.0,0.660534500863,0.259313239432,0.303526814009,1.0,-0.00706,-0.00927885714286,0.354
0.464098486438,0.540330072092,-0.124020957946,-1.36693910492,0.0788267408266,1.89811175973,0.157810668605,-0.00308746989706,-0.0495150697518,0.00121006846813,-0.0703231945256,-0.00305200484704,0.0197233071738,-0.00864814873811,0.573961045574,0.818867768246,0.00224570544516,0.0,0.818828457683,-0.573901271474,-0.0117488037464,0.0,-0.0083320639111,0.0085823684458,-0.999928457272,0.0,0.660416771387,0.259169884119,0.30354889494,1.0,-0.00738,-0.00969942857143,0.37
0.463996215671,0.539618892527,-0.124026491619,-1.36804942962,0.0787601559633,1.89852609622,0.157662551148,-0.00723282579574,-0.0430672474869,-0.00296401669684,-0.0674326038242,-0.00492893738038,0.01954205335,-0.00961553817417,0.573971067001,0.81886071284,0.00225701436566,0.0,0.818821565744,-0.57391126596,-0.0117409189513,0.0,-0.00831901145675,0.00858720514518,-0.999928524424,0.0,0.660293058635,0.25899402334,0.303559049444,1.0,-0.00772,-0.0101462857143,0.387
0.463893698478,0.538868269832,-0.124029692384,-1.36919990208,0.0786968020083,1.89896451119,0.157517359786,-0.0097300399378,-0.0466737112214,-0.000741418615122,-0.0698791794002,-0.00210030284395,0.0252476677428,-0.00267633838601,0.573985083828,0.81885079105,0.00229182055008,0.0,0.818812064742,-0.573925117912,-0.0117264045765,0.0,-0.00828700183466,0.00860751735185,-0.999928615575,0.0,0.660165032063,0.258817272135,0.303579864536,1.0,-0.00806,-0.0105931428571,0.404
0.463778298663,0.538094046565,-0.124026612622,-1.3704084249,0.0786250337433,1.89942461198,0.157372436525,-0.00846435612352,-0.0532230907669,-8.22391781094e-05,-0.0724875250564,-0.0021083112207,0.0220160680685,-0.0107667929612,0.574006339216,0.818835828748,0.00231408713408,0.0,0.818797372336,-0.573946267649,-0.0117171587179,0.0,-0.00826642685008,0.00862065782081,-0.999928672679,0.0,0.660030641275,0.25862920448,0.303591257385,1.0,-0.0084,-0.01104,0.421
0.463686814145,0.537360461328,-0.124039260269,-1.3715769554,0.0785608630328,1.89986319623,0.157224155272,-0.00507153923855,-0.0431463649645,0.00142809870644,-0.070994725167,-0.00415385460943,0.0199918935535,-0.00955494633802,0.574016035691,0.818829024571,0.00231650423939,0.0,0.818790598972,-0.573955953354,-0.0117160379841,0.0,-0.00826401966319,0.00862209157332,-0.999928680215,0.0,0.659896890191,0.258451789924,0.303591520958,1.0,-0.00872,-0.0114605714286,0.437
0.463573392044,0.536531957456,-0.124040287617,-1.37287741802,0.0784815616381,1.90035541592,0.157064287592,-0.00347985083385,-0.0472964054329,0.000729697826311,-0.0760494732871,-0.00617679229111,0.02879784867,-0.0029211545259,0.574029152383,0.818819785513,0.00233194492186,0.0,0.818781572707,-0.573969024124,-0.0117065128178,0.0,-0.00824721894795,0.0086293993034,-0.999928755886,0.0,0.659749350637,0.258253434254,0.303600122815,1.0,-0.00906,-0.0119074285714,0.454
0.463451909462,0.535672564929,-0.124053499178,-1.37422359521,0.0783941676575,1.90085382485,0.156901376423,-0.00785613355331,-0.0500562037829,-0.00115107308191,-0.0821215665601,-0.00650515158406,0.0276118719354,-0.00681426584543,0.574060525945,0.818797788078,0.00233274324722,0.0,0.818759649888,-0.574000458116,-0.0116985768274,0.0,-0.00823993178155,0.00862581328433,-0.999928846903,0.0,0.659588706103,0.258023662649,0.3036055567,1.0,-0.00942,-0.0123805714286,0.472
0.463330947731,0.534778250254,-0.12404930269,-1.37563370014,0.0783269216982,1.90136190382,0.156735570356,-0.00691859031819,-0.0557536462515,-6.77892784123e-05,-0.0819086888114,-0.00341566542614,0.0258983243588,-0.0137742516679,0.574074716259,0.818787822203,0.00233864605759,0.0,0.818749588904,-0.57401444506,-0.0117164172919,0.0,-0.00825100203688,0.00864103079729,-0.999928624229,0.0,0.659429611246,0.257827412882,0.303613295109,1.0,-0.00974,-0.0128011428571,0.488
0.463214063537,0.533931705159,-0.124058124615,-1.37701880325,0.078241245744,1.90186894503,0.156564136841,-0.00743907450261,-0.051874910741,0.000972843399007,-0.0834288132098,-0.00570308714315,0.024529719816,-0.00896678941908,0.57408798983,0.818778627651,0.0022990727866,0.0,0.818739927053,-0.574027912914,-0.0117317494463,0.0,-0.00828613329199,0.00861756505723,-0.99992853623,0.0,0.659257504316,0.257597629949,0.303591357866,1.0,-0.01008,-0.013248,0.505
0.463079904098,0.532969194658,-0.124058863916,-1.37859627045,0.078156940466,1.902458402,0.156371697533,-0.010459353535,-0.0506633190654,0.000248856099486,-0.0909518178882,-0.0032618185207,0.0360074484088,-0.0152755984821,0.574105799864,0.818766167613,0.00228915628179,0.0,0.818727215069,-0.574045630089,-0.0117519692693,0.0,-0.00830819463886,0.00862123425024,-0.999928321542,0.0,0.659083109332,0.257375346745,0.303574465896,1.0,-0.01042,-0.0136948571429,0.522
0.462944553749,0.532010558198,-0.124062048149,-1.38013412645,0.0780623362182,1.90304896851,0.156178726099,-0.0117356211898,-0.055174728744,-0.000196758974928,-0.0955456473126,-0.00600828711886,0.0378836285074,-0.0116527541216,0.574119592187,0.818756480226,0.00229496321116,0.0,0.818717640332,-0.574059437469,-0.0117445545814,0.0,-0.00829864465549,0.00862187174932,-0.999928395349,0.0,0.658908662123,0.257139104741,0.303569595318,1.0,-0.01076,-0.0141417142857,0.539
0.462825905595,0.531069411386,-0.124059664859,-1.38163169247,0.0779656417556,1.90358439974,0.155988898187,-0.00981416335632,-0.062031985804,-0.000879111518496,-0.097352875516,-0.00365944872503,0.0268333922656,-0.0146505901365,0.5741151289,0.818759668095,0.0022741085227,0.0,0.818720552581,-0.574055048558,-0.0117560583753,0.0,-0.00832008316242,0.00861135615112,-0.999928307811,0.0,0.658726283041,0.256917622015,0.303566390757,1.0,-0.01108,-0.0145622857143,0.555
0.462681392581,0.529994773955,-0.124064515589,-1.38337095807,0.0778732350303,1.90418728683,0.155754937718,-0.00605505035093,-0.0595681980756,-0.00117322896754,-0.0925282155733,-0.00504069029611,0.0349222642148,-0.00828721689452,0.574114891891,0.818759961778,0.00222773402885,0.0,0.818720069888,-0.574054810144,-0.0118012293615,0.0,-0.00838369407807,0.00859931764236,-0.999927880104,0.0,0.658512074693,0.256653251981,0.303548103259,1.0,-0.01144,-0.0150354285714,0.573
0.462542009737,0.529012404737,-0.124062060179,-1.38491179922,0.0777679391167,1.90476230463,0.155549216436,-0.00899797025725,-0.0624248148394,0.000467778876318,-0.0905814106781,-0.00143195248419,0.0349267439475,-0.0109339094312,0.574114127404,0.818760477821,0.00223507810854,0.0,0.818720760832,-0.574054098956,-0.0117878817215,0.0,-0.00836855704178,0.00859765980963,-0.999928021159,0.0,0.658333498717,0.256414905883,0.303556322597,1.0,-0.01176,-0.015456,0.589
0.462400292317,0.527926401235,-0.124057157059,-1.38662285653,0.077659875117,1.90542923142,0.155314008832,-0.00993939017997,-0.059689227277,0.00180990337038,-0.101947917131,-0.00419529955539,0.0381037972749,-0.01477676121,0.574097919395,0.81877175376,0.00226739769245,0.0,0.818732492571,-0.574037806166,-0.0117664609098,0.0,-0.00833263426666,0.00861165869249,-0.999928200693,0.0,0.658135919604,0.256163400041,0.303564172141,1.0,-0.0121,-0.0159028571429,0.606
0.462268935126,0.526826684038,-0.124061931074,-1.38828098358,0.0775509336373,1.90605711659,0.155084241671,-0.00817591282894,-0.0714989560235,-0.00156873011223,-0.105513665097,-0.00738888575749,0.0418136147772,-0.0162506110245,0.574084048179,0.818781348741,0.00231419147554,0.0,0.818742818009,-0.574023887709,-0.0117269433319,0.0,-0.00827356058185,0.00862714485008,-0.999928557732,0.0,0.657930755844,0.255897130105,0.303600699834,1.0,-0.01244,-0.0163497142857,0.623
0.46209553641,0.525530883501,-0.124076002491,-1.39030343708,0.0774262795331,1.90679792832,0.154822125772,-0.0105141659298,-0.0667300730462,-0.00132668601474,-0.106438337929,-0.00862329257686,0.0365553295789,-0.0181763772643,0.574093670462,0.818774562347,0.00232819447311,0.0,0.818736232999,-0.574033477144,-0.0117172861074,0.0,-0.0082575132183,0.00863316317698,-0.999928638438,0.0,0.657704324568,0.255601617387,0.303617165666,1.0,-0.0128,-0.0168228571429,0.641
0.461957616249,0.524494430024,-0.124077608862,-1.39193400749,0.0773128401062,1.90738773108,0.154594904995,-0.011465814814,-0.0666423739421,-0.00035772283942,-0.106199269093,-0.0103915830961,0.0352173421941,-0.0148266114344,0.574078668178,0.81878511512,0.00231622584281,0.0,0.818746720225,-0.574018614952,-0.0117125876973,0.0,-0.00826069475982,0.00862051502989,-0.999928721281,0.0,0.657508154407,0.255351761851,0.303621125906,1.0,-0.0131,-0.0172171428571,0.656
0.461781374641,0.523179537016,-0.124087206184,-1.3940669443,0.0771847241722,1.90816898395,0.154306520224,-0.0117053321129,-0.0648943883931,-0.000216013205104,-0.113313006619,-0.0113558295192,0.0441011036289,-0.0162334078421,0.574073607949,0.818788759464,0.00228187053539,0.0,0.81874990319,-0.574013667602,-0.0117325331435,0.0,-0.00829680112204,0.00860378456152,-0.99992856644,0.0,0.657251248779,0.255026722666,0.303598364814,1.0,-0.01348,-0.0177165714286,0.675
0.461663882435,0.522311141177,-0.124085117486,-1.39544023116,0.0771044191229,1.90869678564,0.154119258976,-0.012605661533,-0.0653157712392,0.00129095013876,-0.108181079984,-0.00233193769855,0.0461517173904,-0.01702235012,0.574067035442,0.818793310793,0.00230215567797,0.0,0.818754685296,-0.574006986073,-0.0117257045281,0.0,-0.00827963439836,0.00861640707704,-0.999928600043,0.0,0.657089977591,0.254821946188,0.303600702154,1.0,-0.01372,-0.018032,0.687
0.461462797645,0.520764635219,-0.124098850571,-1.39791030416,0.0769458135606,1.90965117922,0.153786565,-0.0105328260306,-0.0742159530498,-0.000856882235517,-0.119152305052,-0.00761475284968,0.0505214652914,-0.0164038541211,0.57405842035,0.818799308548,0.00231716376019,0.0,0.818761028388,-0.573998473204,-0.0116994894353,0.0,-0.00824964423073,0.0086135596451,-0.999928872451,0.0,0.656801826896,0.254448080692,0.303594626236,1.0,-0.01414,-0.018584,0.708
0.461311368906,0.519622308399,-0.124103082639,-1.39972431973,0.0768315543414,1.91030625186,0.153545568464,-0.0108472613318,-0.0792430626838,0.000523936501534,-0.120811381233,-0.00345947142988,0.0474393272715,-0.0156483176981,0.574053755694,0.818802628406,0.00229960647269,0.0,0.818764122001,-0.573993875841,-0.0117085405558,0.0,-0.00826718291861,0.00860433261439,-0.999928807039,0.0,0.656580049488,0.254171876488,0.303590264767,1.0,-0.01444,-0.0189782857143,0.723
0.461125076595,0.51812794842,-0.124112086271,-1.40204762571,0.0766796898081,1.91113328621,0.153228226569,-0.0123805083697,-0.079444913862,-0.0011594749328,-0.125141491154,-0.0119538878553,0.0378518071759,-0.0185166472204,0.574034923915,0.818815854248,0.00229125718686,0.0,0.818777290688,-0.573975130658,-0.0117066024847,0.0,-0.00827058630508,0.00859619352171,-0.999928848898,0.0,0.656292778687,0.253819844538,0.303605262612,1.0,-0.01482,-0.0194777142857,0.742
0.46097537422,0.516983930812,-0.1241119822,-1.4038095184,0.076565544876,1.91175761449,0.152988773491,-0.00802959795942,-0.0869504885291,0.000250707941539,-0.12500964367,-0.00587489731387,0.0446909075243,-0.0239894188961,0.574023578414,0.818823799392,0.00229431351674,0.0,0.818785269623,-0.573963769091,-0.0117055935256,0.0,-0.00826812491829,0.00859800233264,-0.999928853702,0.0,0.656074522092,0.253551550497,0.303623366601,1.0,-0.0151,-0.0198457142857,0.756
0.460771151554,0.515491918424,-0.124120985989,-1.40622036128,0.0764108283651,1.91267674456,0.152665257143,-0.00777260274737,-0.0827512814276,-0.000772649513992,-0.129464659617,-0.0049319592044,0.0420629911194,-0.0101269336736,0.574020251071,0.818826144392,0.00228987380451,0.0,0.818787646108,-0.573960551256,-0.0116971399913,0.0,-0.00826378591183,0.00858948099102,-0.999928962806,0.0,0.655772207922,0.253161488796,0.303604332829,1.0,-0.0155,-0.0203714285714,0.776
0.460610250074,0.514261014959,-0.124119163679,-1.40818208219,0.0763023776426,1.91339602458,0.15239484923,-0.00836834842395,-0.0828847838789,0.000124677986534,-0.130393294758,-0.00734111774666,0.0472206838848,-0.0145004876953,0.574001209274,0.81883951738,0.00228110258989,0.0,0.818800765307,-0.573941399127,-0.0117185324407,0.0,-0.00828653777769,0.00859438580679,-0.999928732373,0.0,0.655544252947,0.25289338471,0.303593692903,1.0,-0.01578,-0.0207394285714,0.79
0.460391946155,0.512692706794,-0.124122335055,-1.41072505823,0.0761576981795,1.91426586367,0.152040935197,-0.011782507832,-0.0839296438887,0.00106342190113,-0.133547083895,-0.0106280683919,0.042052449917,-0.013703835435,0.573986590136,0.818849991921,0.00219817557559,0.0,0.818809935044,-0.573926862986,-0.0117895342617,0.0,-0.0083924296028,0.00856708751339,-0.999928083482,0.0,0.655218155599,0.252503007144,0.303557759499,1.0,-0.01616,-0.0212388571429,0.809
0.460233320848,0.511537654727,-0.124122038019,-1.41261084486,0.0760355062994,1.91496400634,0.151776599962,-0.0122233487626,-0.0797589518635,0.00215628497061,-0.136678247481,-0.0107137894497,0.0506425116271,-0.0175148072129,0.573965537576,0.818864837151,0.00216496051388,0.0,0.818824368397,-0.573905962406,-0.0118045302827,0.0,-0.00842399320828,0.00854828057583,-0.999927979025,0.0,0.65498540044,0.252218315652,0.30352970307,1.0,-0.01644,-0.0216068571429,0.823
0.459994760372,0.509817531115,-0.124126536638,-1.41535262417,0.0758681949308,1.91601464429,0.151388713416,-0.0115641870689,-0.0849801129598,-0.00052876306883,-0.139455174232,-0.00563481617799,0.0541887346872,-0.0219989199971,0.573944626769,0.818879438275,0.0021858352127,0.0,0.818839254847,-0.57388498712,-0.0117916572243,0.0,-0.00840168938982,0.00855777074498,-0.999928085502,0.0,0.654656650552,0.251800962563,0.303520124397,1.0,-0.01684,-0.0221325714286,0.843
0.45982921832,0.50855527014,-0.124126050253,-1.4172970406,0.0757383544658,1.91670463123,0.151115195844,-0.0139759612878,-0.0899236746452,0.0017413471467,-0.138196726328,-0.00764461147062,0.0432580351466,-0.0192083547923,0.573921525879,0.818895622783,0.00218815454536,0.0,0.818855487495,-0.573861898418,-0.0117880890971,0.0,-0.00839767772251,0.00855738519496,-0.999928122501,0.0,0.654411664268,0.251504685821,0.303537587277,1.0,-0.01712,-0.0225005714286,0.857
0.459574998883,0.506693702322,-0.12413195133,-1.42025692747,0.0755523351006,1.91777910952,0.150708301896,-0.0122404171216,-0.0881396124144,0.00024936777088,-0.138923271899,-0.00917791361776,0.0555279930846,-0.0204101817144,0.573903705844,0.818908177341,0.00216342385794,0.0,0.818867701434,-0.573844157306,-0.0118032866348,0.0,-0.00842450200189,0.00854567239333,-0.999927997032,0.0,0.654042160966,0.251051124949,0.303524011494,1.0,-0.01754,-0.0230525714286,0.878
0.459421617269,0.505543830415,-0.12414013009,-1.4219968377,0.0754378926042,1.9184397725,0.15046080675,-0.00819430772132,-0.0939733026064,-0.000544939435143,-0.141022158214,-0.0149215918634,0.0509974215888,-0.0204064676078,0.573890270913,0.818917437217,0.00222145778584,0.0,0.818877846763,-0.573830633838,-0.0117568129869,0.0,-0.00835327945826,0.00856638808796,-0.999928417297,0.0,0.65381767358,0.250758039613,0.303558546738,1.0,-0.0178,-0.0233942857143,0.891
0.459141582089,0.503532402893,-0.124144018171,-1.42504722964,0.0752452008729,1.91960717865,0.150049825757,-0.0144754231063,-0.0917776900285,-0.00113539891071,-0.140205644709,-0.00549752692446,0.0562517337313,-0.0191134676936,0.573891928348,0.818915997476,0.00232175709903,0.0,0.818877751404,-0.573831958098,-0.0116986760859,0.0,-0.00824809337505,0.00861517687947,-0.999928871312,0.0,0.653469093742,0.250308394933,0.303611670412,1.0,-0.0182,-0.02392,0.911
0.458953130966,0.502116474857,-0.124149743775,-1.4270946567,0.0751153554985,1.92038332328,0.149755127144,-0.0144066893822,-0.105437982519,-0.000642149017357,-0.145754721075,-0.00847296727342,0.0595865518123,-0.0226330287177,0.573878778435,0.818924860186,0.00244293532125,0.0,0.818888247703,-0.573818437115,-0.0116269472419,0.0,-0.00811995115069,0.00867311628895,-0.999929419233,0.0,0.653224452206,0.249989348185,0.303693097055,1.0,-0.01848,-0.024288,0.925
0.458696280496,0.500225296539,-0.12415018137,-1.42998667486,0.074927007688,1.92139107335,0.149348236285,-0.0126726173283,-0.0936728006589,0.000510256136168,-0.149742816495,-0.0154866932955,0.0538307542722,-0.025609288975,0.573852455534,0.818943295674,0.00244635441801,0.0,0.818906684988,-0.57379205993,-0.0116301394965,0.0,-0.00812088237974,0.00867748716354,-0.999929373749,0.0,0.652853259343,0.24954132294,0.303723628933,1.0,-0.01886,-0.0247874285714,0.944
0.458478603962,0.498710273465,-0.124153632179,-1.43229179383,0.0747784340359,1.92224680811,0.149021632274,-0.0160800471096,-0.0992814189725,-0.00147014900623,-0.15246197235,-0.0148682454847,0.0600069269488,-0.0281603999947,0.573842755197,0.818949936181,0.00249824706111,0.0,0.818914036873,-0.573782220482,-0.0115978692826,0.0,-0.00806477983476,0.00870137037777,-0.999929620263,0.0,0.652570906915,0.249177869406,0.303757349487,1.0,-0.01916,-0.0251817142857,0.959
0.458197030807,0.49686811934,-0.124151155428,-1.43525012194,0.0745985837935,1.92333354571,0.148590293015,-0.0150113035836,-0.0944742158439,-0.00308125578989,-0.158154592937,-0.014415035619,0.0496826770221,-0.017758956292,0.573819856094,0.818966055438,0.00247380151639,0.0,0.818929733522,-0.573759295825,-0.0116236357654,0.0,-0.0081001524696,0.00869591004201,-0.999929381846,0.0,0.652200622703,0.248713798068,0.303727639888,1.0,-0.01954,-0.0256811428571,0.978
0.457977593257,0.495464763151,-0.12414899858,-1.4374945783,0.0744633836905,1.92409686197,0.148265000398,-0.0189735904893,-0.100216156709,0.00658371848051,-0.161402123301,-0.00704651686069,0.0455199739223,-0.017232019478,0.573808164656,0.818974431671,0.00241191715977,0.0,0.818937128322,-0.573747635938,-0.0116780568773,0.0,-0.00818035572279,0.00867633994249,-0.999928898925,0.0,0.651907883473,0.248354433011,0.303703241715,1.0,-0.01982,-0.0260491428571,0.992
0.457638287513,0.493405168961,-0.124151079599,-1.44091040907,0.0742442182828,1.92531971412,0.147778616356,-0.0205375465757,-0.100824003771,0.00116311877368,-0.162197279416,-0.0107693978966,0.0689980563151,-0.0233440935423,0.573801697523,0.818979308483,0.00229152723734,0.0,0.818940377537,-0.573741546896,-0.0117491406131,0.0,-0.00830771862203,0.00861846694132,-0.999928349353,0.0,0.651474144609,0.247802010853,0.303617858592,1.0,-0.0208097142857,-0.0273499102041,1.013
0.457425407957,0.49201949431,-0.124155763955,-1.44312495018,0.0741020801387,1.92613646909,0.147464379523,-0.0147172192811,-0.102767494243,-0.000359285892673,-0.179855583506,-0.0114913972104,0.0636324501078,-0.0220300777981,0.573794565547,0.818984348026,0.00227621145979,0.0,0.81894523165,-0.573734487727,-0.0117555115417,0.0,-0.00832179916026,0.00860950691876,-0.999928309455,0.0,0.651196964036,0.2474488834,0.30359914191,1.0,-0.0217085714286,-0.0285312653061,1.026
0.45706547907,0.489791246712,-0.124156944001,-1.44671851482,0.07387497678,1.92739402211,0.146953019443,-0.0142014469758,-0.11493202606,-0.00130443675158,-0.17867758224,-0.0161048546917,0.0640353947782,-0.0285549841146,0.573788878855,0.818988586737,0.00218270432159,0.0,0.81894811239,-0.573729016021,-0.0118216872464,0.0,-0.00842970842611,0.00857083927058,-0.999927737754,0.0,0.650733179974,0.246866244047,0.303547687031,1.0,-0.0230914285714,-0.0303487346939,1.046
0.456811994879,0.488264423791,-0.124169647941,-1.44914869997,0.0737222910911,1.92828688869,0.146608330548,-0.0176539097945,-0.118312629235,-0.000409429280999,-0.185861965922,-0.0155653899048,0.0768602430123,-0.0244725436954,0.573802775916,0.818978886788,0.00216892786522,0.0,0.818938245795,-0.573742978205,-0.0118275709998,0.0,-0.00844228633813,0.008563075919,-0.999927698152,0.0,0.650432381598,0.24646203064,0.303530120925,1.0,-0.0239902857143,-0.0315300897959,1.059
0.45639403119,0.485712641355,-0.12417542903,-1.45300621259,0.0734871266774,1.92977043171,0.146044519874,-0.0210439376875,-0.130028726353,0.000202638667682,-0.199534009334,-0.0125319593502,0.0729359554726,-0.0327294832569,0.573814967877,0.818969930088,0.00232016229292,0.0,0.818931263092,-0.573754595477,-0.0117472295177,0.0,-0.00828958355922,0.00864095593066,-0.999928305772,0.0,0.649969672737,0.245826115195,0.303595159869,1.0,-0.0253731428571,-0.0333475591837,1.079
0.45611332323,0.484026429058,-0.124192671373,-1.45561180033,0.0733187548855,1.93069783349,0.14563930089,-0.0220858272126,-0.124848020399,0.000814664586651,-0.204278485054,-0.0136415943853,0.0740844313162,-0.0376996253315,0.573807745499,0.818974986008,0.00232172353331,0.0,0.818936366193,-0.573747396181,-0.0117431002525,0.0,-0.00828538205238,0.0086397920575,-0.999928350652,0.0,0.649642757731,0.245383108323,0.30360627221,1.0,-0.026272,-0.0345289142857,1.092
0.45565139653,0.481140124268,-0.12424543622,-1.46008475424,0.0730411964782,1.93224219173,0.144984045488,-0.0167743082856,-0.141600678778,-0.000757070043079,-0.225154096241,-0.0134179049669,0.0784035931579,-0.024812782263,0.573830810855,0.818958942736,0.00227980854077,0.0,0.818919752269,-0.573770589871,-0.0117684512605,0.0,-0.00832995168807,0.00862024614118,-0.999928149049,0.0,0.649068613724,0.244620910629,0.303614603307,1.0,-0.027724,-0.0364372571429,1.113
0.455335208337,0.479280674384,-0.124260535925,-1.4629310996,0.0728684322421,1.93330184845,0.144559469448,-0.0216253764463,-0.146342861161,4.22091573223e-05,-0.219613058901,-0.00622342735397,0.0779447258378,-0.0279007118435,0.57384495008,0.818948862004,0.00234127984587,0.0,0.818910452964,-0.573784477798,-0.0117383970917,0.0,-0.00826991612775,0.00865348503859,-0.999928360276,0.0,0.648718542605,0.244138470313,0.303640725784,1.0,-0.0286228571429,-0.0376186122449,1.126
0.454905171543,0.476781823323,-0.12427564096,-1.46675670377,0.0726253330341,1.93469938368,0.144015410187,-0.028450667246,-0.147535172231,-0.0018199482753,-0.22516414915,-0.0145326574408,0.0837989785175,-0.0367788663964,0.573881794499,0.818922881793,0.00239719006268,0.0,0.818885206798,-0.573821119174,-0.0117084661059,0.0,-0.00821293064451,0.00868246618425,-0.999928578725,0.0,0.648241030841,0.243486673037,0.303671840735,1.0,-0.0297982857143,-0.0391634612245,1.143
0.454457127673,0.474181391429,-0.124285311709,-1.47075666941,0.0723724324977,1.93615954077,0.143438925472,-0.0335355400242,-0.152946000302,-0.000394480016025,-0.241475542711,-0.0216771353141,0.0797295903968,-0.037453183984,0.57390756362,0.81890467734,0.00244637527473,0.0,0.818867602764,-0.573846665589,-0.0116876189721,0.0,-0.00816735879603,0.00871103809996,-0.999928703491,0.0,0.64773659695,0.242810175438,0.303694057486,1.0,-0.0309737142857,-0.0407083102041,1.16
0.454002221672,0.471512318015,-0.124283264701,-1.47490796306,0.0721095670091,1.93759436523,0.14282418843,-0.0308731587896,-0.154161910933,0.000646870808201,-0.243570334136,-0.016461054118,0.0873039731894,-0.0329921848609,0.573901945714,0.818908723054,0.00240975367074,0.0,0.818870952126,-0.573840947567,-0.0117336081333,0.0,-0.00822609710129,0.00870738546483,-0.999928253809,0.0,0.647188008414,0.242116501221,0.30368761853,1.0,-0.0321491428571,-0.0422531591837,1.177
0.45351852934,0.468567829928,-0.124283632604,-1.47934975396,0.0718217938636,1.93931185449,0.142104437499,-0.0264739739151,-0.162795756961,-0.000450499243775,-0.248223695889,-0.0128365460479,0.097077188308,-0.0449957828644,0.573842147098,0.818950074798,0.00259077272046,0.0,0.818914765554,-0.573780629393,-0.011625101804,0.0,-0.00803399746913,0.00879276470241,-0.999929068571,0.0,0.64663671648,0.241387182274,0.303755698895,1.0,-0.0333937142857,-0.0438888816327,1.195
0.453083064495,0.466018427306,-0.124283948517,-1.48322050337,0.0715561729532,1.94068725916,0.141495430388,-0.029273296368,-0.169242435339,-0.00486259248367,-0.259412119587,-0.0182139932536,0.0939973749383,-0.0356207514491,0.573809940945,0.818972519959,0.00262871176321,0.0,0.818937738378,-0.573748336059,-0.0116006220335,0.0,-0.00799252554067,0.00880947311985,-0.999929253857,0.0,0.64613279908,0.24073265421,0.303791436591,1.0,-0.0344308571429,-0.0452519836735,1.21
0.452571757646,0.463104849239,-0.124290359665,-1.4878422968,0.0712457440103,1.9422538155,0.140819551391,-0.030202710532,-0.173946178752,-0.00247169217303,-0.276010357441,-0.0178308100878,0.0957996524119,-0.0389688187454,0.57381114656,0.81897207367,0.00250150614423,0.0,0.818935506063,-0.573749838613,-0.0116835996978,0.0,-0.00813345972017,0.00875292045951,-0.99992861406,0.0,0.645507891279,0.239948227279,0.30373626361,1.0,-0.0356062857143,-0.0467968326531,1.227
0.452062966268,0.460282252417,-0.124287557422,-1.49225356758,0.0709528814829,1.94380072047,0.140159591546,-0.0342822170553,-0.176892626722,9.24660910081e-05,-0.278262362173,-0.0203129958653,0.0966822619437,-0.0411566358173,0.573810345396,0.818972753932,0.00246226221099,0.0,0.81893556098,-0.573749055332,-0.0117181640912,0.0,-0.00818429407225,0.00874060615335,-0.999928306997,0.0,0.644922218614,0.239196374869,0.303714578518,1.0,-0.0367125714286,-0.0482508081633,1.243
0.45149493653,0.457231866517,-0.12429353742,-1.49703045867,0.0706321182935,1.94549840562,0.139436573046,-0.0375435607394,-0.1784389403,-0.00101840366131,-0.293213521048,-0.0149053400443,0.10237886496,-0.0417066165828,0.573820599444,0.818965669025,0.00242889153599,0.0,0.818928010417,-0.573759396331,-0.0117394964383,0.0,-0.00822080348913,0.00872562019173,-0.999928138389,0.0,0.644294690539,0.238367373831,0.303687007505,1.0,-0.037888,-0.0497956571429,1.26
0.450895129909,0.454105716754,-0.124325392493,-1.50202423992,0.0702865639075,1.94719635355,0.138658577133,-0.0320782168903,-0.185597315885,-0.00150922464073,-0.2902176586,-0.0172770176854,0.102351083834,-0.0486993411389,0.57383154377,0.818958463637,0.0022674021487,0.0,0.818918718889,-0.573770964427,-0.011821976779,0.0,-0.00838089978074,0.00864080761063,-0.999927545857,0.0,0.64362474028,0.237475241069,0.303607076547,1.0,-0.0390634285714,-0.0513405061224,1.277
0.450294749983,0.450739781847,-0.124365914824,-1.50700694591,0.0699576804965,1.94908608677,0.137857615869,-0.038832700464,-0.197886749789,6.81912901317e-05,-0.2906533642,-0.0273300582413,0.116422435516,-0.046118850145,0.573834020287,0.818956095596,0.00248546736571,0.0,0.818919454699,-0.573772911925,-0.0116755795524,0.0,-0.00813584983648,0.00873541051728,-0.999928747737,0.0,0.642999153062,0.236597639317,0.303710559481,1.0,-0.0402388571429,-0.052885355102,1.294
0.449661838145,0.447320338294,-0.124381931616,-1.51217329132,0.0696016964219,1.95083336903,0.137103456274,-0.0410109856587,-0.206295249248,-4.80270438964e-05,-0.309275254174,-0.0243199162058,0.104774821065,-0.0405151523837,0.573880652922,0.818923442779,0.00247749276018,0.0,0.818886651945,-0.573819517542,-0.0116858656714,0.0,-0.00814835252818,0.00873524615364,-0.999928647367,0.0,0.642298817681,0.235680442735,0.303747724476,1.0,-0.0414142857143,-0.0544302040816,1.311
0.449038564211,0.44387476936,-0.12439087156,-1.51746770014,0.0692319322852,1.95267214217,0.136299030016,-0.0348049851832,-0.200562129069,-0.000319659377279,-0.308735800305,-0.0217213097742,0.114254223673,-0.0446323302686,0.573873107272,0.818928794672,0.00245619795675,0.0,0.818891735155,-0.573812057993,-0.0116959436328,0.0,-0.00816890629409,0.00872351567641,-0.999928582072,0.0,0.641576938743,0.234763701746,0.303747004924,1.0,-0.0425897142857,-0.0559750530612,1.328
0.448371219646,0.440398375006,-0.124390852078,-1.52285407591,0.0688649260925,1.95459933429,0.135408147407,-0.046672576695,-0.198617116885,-0.000181863719972,-0.318371211839,-0.0224998682893,0.111868861676,-0.0562217729059,0.573827599123,0.818960664164,0.00246250659697,0.0,0.818923646253,-0.573766489635,-0.0116971740948,0.0,-0.00816677893544,0.00872893426766,-0.999928552162,0.0,0.640853332175,0.233820733159,0.30372833345,1.0,-0.0437651428571,-0.0575199020408,1.345
0.447713677473,0.437040895034,-0.124399336744,-1.52807171213,0.0685132491664,1.95643653462,0.134564683767,-0.0405510409916,-0.217489216457,-0.000818580771953,-0.330713249082,-0.0229045291628,0.111712859974,-0.0534631467759,0.573813768043,0.818970431802,0.00243687093833,0.0,0.818932987946,-0.573752654462,-0.0117217598413,0.0,-0.00820177145876,0.00872190910516,-0.999928327055,0.0,0.640145451065,0.232894756142,0.303698402709,1.0,-0.0448714285714,-0.058973877551,1.361
0.446979913328,0.433271056545,-0.124416391785,-1.53365493597,0.06812483549,1.95843503733,0.133688440873,-0.0465793495225,-0.221393400922,-0.00359143519939,-0.336913233925,-0.0204976200238,0.123844151294,-0.0537431051845,0.573844838112,0.818948218502,0.00258148913506,0.0,0.818912783147,-0.573783346039,-0.0116306623851,0.0,-0.00804384963564,0.00878837922931,-0.999929027918,0.0,0.639403077289,0.231883457995,0.303786313052,1.0,-0.0460468571429,-0.0605187265306,1.378
0.446226505106,0.429538700588,-0.124445604796,-1.53947082679,0.067685913192,1.96036261029,0.132757820685,-0.0439003903509,-0.223159782571,-0.00258478838525,-0.344868015834,-0.027570356876,0.11093259254,-0.0560510578311,0.573848190599,0.818946364645,0.0024192730229,0.0,0.818908978079,-0.573787440625,-0.0116963884922,0.0,-0.00819072405601,0.00869328314431,-0.99992866689,0.0,0.638589179261,0.230814097365,0.303729593844,1.0,-0.0472222857143,-0.0620635755102,1.395
