position_joint1,position_joint2,position_joint3,position_joint4,position_joint5,position_joint6,position_joint7,velocity_joint1,velocity_joint2,velocity_joint3,velocity_joint4,velocity_joint5,velocity_joint6,velocity_joint7,ee_T_00,ee_T_10,ee_T_20,ee_T_30,ee_T_01,ee_T_11,ee_T_21,ee_T_31,ee_T_02,ee_T_12,ee_T_22,ee_T_32,ee_T_03,ee_T_13,ee_T_23,ee_T_33,v_x,v_y,time
0.465076549264,0.547762286411,-0.123981491027,-1.35585427746,0.0795654088807,1.89410640687,0.159149290909,-0.0011834993515,6.04098353878e-05,-2.51603944898e-05,-0.000155699060987,0.000507612592786,0.000446356043495,0.000632277892102,0.573808888568,0.818975068,0.00198602530906,0.0,0.818931737752,-0.573749526944,-0.011959771517,0.0,-0.00865544025387,0.00848920580279,-0.999926505669,0.0,0.661667836413,0.260905161798,0.303218039162,1.0,0.0,0.0,0.0
0.465076549262,0.547760710217,-0.123978977186,-1.35585983252,0.0795647985289,1.89410529431,0.159147811813,-0.000832206885279,-0.00200641630327,0.000616215913523,-0.000187597425901,0.00023376726228,0.000358888500806,-0.00183669163921,0.57380605184,0.818977064695,0.00198224000094,0.0,0.818933669931,-0.573746691591,-0.0119634879156,0.0,-0.00866068531917,0.00848820827004,-0.999926468722,0.0,0.661665838801,0.260905802352,0.303216330874,1.0,-0.00032,-0.000420571428571,0.017
0.465075758269,0.547762225245,-0.123984287366,-1.35585553101,0.0795640864521,1.89410850181,0.159143799265,-0.00160010696021,0.000340834942723,-0.000585621081159,0.00144565227227,4.86640987707e-05,0.000104744881282,0.000196575102455,0.573806725452,0.81897658511,0.00198538895842,0.0,0.818933274051,-0.57374739372,-0.0119569123273,0.0,-0.00865348609227,0.00848702119047,-0.999926541127,0.0,0.66166889144,0.260902800205,0.303217757931,1.0,-0.0006,-0.000788571428571,0.031
0.465075013355,0.547732192005,-0.123982157849,-1.35588974556,0.0795608924743,1.89411092748,0.15915081533,-0.00050762011074,-0.00173691722138,-4.29467000482e-06,-0.00315283562969,-7.14490253436e-05,0.000307504334672,0.000943826173009,0.573812578673,0.818972486726,0.00198429925255,0.0,0.818929148219,-0.5737532378,-0.011959064028,0.0,-0.00865581293627,0.00848742527439,-0.999926517557,0.0,0.661662210193,0.260899519606,0.303222883533,1.0,-0.001,-0.00131428571429,0.051
0.465075298556,0.547635437677,-0.123980035652,-1.35599437896,0.0795605363058,1.89412307748,0.15914609363,0.000151738218878,-0.0098936716509,0.000460546940262,-0.0129166622268,-0.00019421325236,-0.000397709723823,-0.000832382236536,0.573812526766,0.818972500647,0.00199354237823,0.0,0.81892918308,-0.573753049409,-0.0119657133221,0.0,-0.00865595579677,0.00849880985558,-0.999926419623,0.0,0.661642662769,0.260890555457,0.303242607705,1.0,-0.00126,-0.001656,0.064
0.465070919893,0.547480205318,-0.123979635679,-1.3562119599,0.0795588484973,1.89416855754,0.159146023011,-0.000805845751321,-0.0072928131601,7.98463914143e-05,-0.01513719315,6.71995846657e-05,8.80450689588e-05,0.000996890853895,0.573827247741,0.81896220198,0.00198705299238,0.0,0.818918646142,-0.573767645166,-0.0119869622215,0.0,-0.00867692931747,0.00850584405051,-0.999926178032,0.0,0.661607092244,0.260866912213,0.303252945222,1.0,-0.00166,-0.00218171428571,0.084
0.465047789367,0.547345639353,-0.123984925389,-1.35639304447,0.0795579997958,1.89425438776,0.159137210878,-0.000714927488482,-0.00515378039035,-0.00065237730507,-0.0119399851388,0.000205358562426,0.00965717346641,0.000308632172938,0.573852691433,0.818944282446,0.00202427401553,0.0,0.81890117666,-0.573792894198,-0.0119718141365,0.0,-0.00864290109423,0.00852790232533,-0.999926284854,0.0,0.661593543502,0.260834517625,0.30326970383,1.0,-0.00194,-0.00254971428571,0.098
0.465023716326,0.547111961029,-0.12397461232,-1.35665609539,0.079555241795,1.89439741666,0.159126573714,-0.00247287874585,-0.0141769399016,0.00140485283835,-0.0154108989609,0.00036011719643,0.0070893953882,0.00091547630728,0.573870690252,0.818931400744,0.00213041004188,0.0,0.818889581271,-0.573810354917,-0.0119279996693,0.0,-0.00854592667054,0.00858986537218,-0.99992658798,0.0,0.661571993977,0.260805689884,0.303322094882,1.0,-0.00234,-0.00307542857143,0.118
0.465009423282,0.546943802753,-0.123982246682,-1.35688632516,0.0795494948952,1.89451202559,0.159117905383,-0.00310626928505,-0.0113338986561,-0.000593677284964,-0.0215812206794,-0.000438772173376,0.00314192938317,0.000193978381292,0.573892167026,0.81891622844,0.00217676942181,0.0,0.818875023083,-0.573831651261,-0.0119029190781,0.0,-0.0084985580307,0.00861365997383,-0.999926787007,0.0,0.661552292997,0.260773553568,0.303341812151,1.0,-0.00262,-0.00344342857143,0.132
0.464969049269,0.546654497324,-0.123977305354,-1.35731895225,0.0795426365392,1.89466784447,0.159090917979,-0.00471344830653,-0.0129095822603,0.00213384671016,-0.0231566815341,0.000204208089532,0.00860509075452,-0.00117299585837,0.573922028554,0.818895240832,0.00219922335865,0.0,0.818854127123,-0.57386121464,-0.0119151889339,0.0,-0.00849540608659,0.00863939886242,-0.999926591737,0.0,0.661501531508,0.260711618451,0.303354145867,1.0,-0.00302,-0.00396914285714,0.152
0.464942347191,0.546433247633,-0.123980326176,-1.35763889924,0.0795345396428,1.89478643021,0.158998681233,-0.00433087982268,-0.0219320597845,4.04238501257e-05,-0.0281337814744,9.90262616658e-05,0.00850924253635,-0.00326681546227,0.573886207539,0.818920281922,0.00222251073261,0.0,0.818879382987,-0.573825214094,-0.0119132988826,0.0,-0.00848087266567,0.00865701280673,-0.999926562768,0.0,0.661465711574,0.260663874142,0.303368927369,1.0,-0.00328,-0.00431085714286,0.165
0.464891974077,0.546067606197,-0.123977567922,-1.35826241512,0.0795142982429,1.89500249302,0.158911855494,-0.00369595316379,-0.0137924858826,0.00198264142517,-0.0308178209567,0.000246677847714,0.00460508196342,-0.00103878615517,0.57388391193,0.818921960551,0.00219660082786,0.0,0.818880522721,-0.57382281883,-0.011950271964,0.0,-0.00852604461974,0.0086569891313,-0.999926178826,0.0,0.661388948413,0.260574319811,0.303349703047,1.0,-0.00372,-0.00488914285714,0.187
0.464850899317,0.545831979408,-0.123977568572,-1.35864390696,0.0794951951784,1.89513669227,0.158883991463,-0.00417640130248,-0.0184982504792,0.000756999939885,-0.031913741329,-0.0042684735375,0.0123153503878,-0.00297827612959,0.57391096371,0.818903024416,0.00218843263876,0.0,0.818861433268,-0.573849853073,-0.0119601896226,0.0,-0.00853856810023,0.00865627369974,-0.999926078158,0.0,0.66134609939,0.26051097551,0.303346577833,1.0,-0.00396,-0.00520457142857,0.199
0.464777119092,0.545382541084,-0.123985955599,-1.35942272002,0.079413511927,1.8953977467,0.158768704005,-0.0054289128422,-0.021981800228,0.000133874177674,-0.0367279976366,-0.0079141343382,0.0127493968904,-0.00598812423643,0.573904571801,0.818907713526,0.00210857655415,0.0,0.818865381045,-0.573844092947,-0.0119662699431,0.0,-0.00858944193179,0.00859430283819,-0.999926176998,0.0,0.661256816895,0.260375259938,0.303316873227,1.0,-0.00438,-0.00575657142857,0.22
0.464735068967,0.545092148121,-0.123977569562,-1.35991585272,0.0793905698583,1.89554977879,0.158703785353,-0.00438732833206,-0.0268488716922,0.00143820297558,-0.0416708294287,-0.00227879633113,0.0101694836651,-0.00390783761356,0.573901258096,0.818910130305,0.0020715552188,0.0,0.818867158506,-0.573840778256,-0.0120035341835,0.0,-0.008641239254,0.00858533719955,-0.999925807732,0.0,0.661191764602,0.260304183943,0.303300608468,1.0,-0.00462,-0.006072,0.232
0.464650150257,0.54456917549,-0.123986047165,-1.36079069543,0.0793609233576,1.89586319085,0.158607307802,-0.0054502470999,-0.0224146296871,-0.000582588355233,-0.0383361023931,-0.00252752900016,0.0225439569202,-0.00464165496575,0.573938673254,0.818883966643,0.00204827240124,0.0,0.818840497355,-0.573878095403,-0.0120382062354,0.0,-0.00868260257579,0.00858656582482,-0.99992543887,0.0,0.661092608856,0.260162613425,0.303281817012,1.0,-0.00504,-0.006624,0.253
0.464593461946,0.544199456558,-0.123988979227,-1.36138061976,0.079338275681,1.89607310324,0.158547305576,-0.0071539712628,-0.0344289633556,-5.66234876923e-05,-0.0506731958192,-0.00216733144738,0.0150011029355,-0.00175037049184,0.573964849813,0.818865626091,0.002045601919,0.0,0.818822002269,-0.573904161772,-0.0120535721698,0.0,-0.00869644390028,0.00859347605033,-0.999925259223,0.0,0.661025197623,0.260068845881,0.30328096656,1.0,-0.0053,-0.00696571428571,0.266
0.464509750255,0.543615236276,-0.12399459035,-1.36236198137,0.0792927882013,1.89641363391,0.158404428403,-0.000618296546945,-0.0264996183318,-0.000821415470648,-0.053161596329,-0.000254100536057,0.01207736972,-0.00222943429298,0.573962842618,0.818867138154,0.00200305925962,0.0,0.818822809557,-0.573902191899,-0.0120924597913,0.0,-0.00875272636009,0.00858093841641,-0.999924875817,0.0,0.660908221371,0.259917179069,0.303256941203,1.0,-0.0057,-0.00749142857143,0.286
0.464443685792,0.543197531261,-0.123998031948,-1.36301121444,0.0792520914494,1.89663981219,0.158324909823,-0.000432990093035,-0.0350331299016,-0.000288987150244,-0.0517295773646,0.000410779966443,0.0157377514374,-0.0100136165427,0.573979445615,0.818855514931,0.00199714296853,0.0,0.818811115692,-0.573918825106,-0.0120948712093,0.0,-0.00875792266316,0.00857765548018,-0.999924858485,0.0,0.66083505537,0.259808703572,0.3032631248,1.0,-0.00596,-0.00783314285714,0.299
0.464337712418,0.542452016493,-0.12400134104,-1.36417084764,0.0791900097019,1.89707073264,0.158168512483,-0.00394012645624,-0.0349729564237,0.000391715699073,-0.0498191907901,0.000120975442126,0.0253601022345,-0.0128461592142,0.573988454525,0.818849157227,0.00201461681908,0.0,0.81880492426,-0.573927695896,-0.0120930886532,0.0,-0.00874633945699,0.00859103684252,-0.999924844992,0.0,0.660705174606,0.259628090844,0.303275932971,1.0,-0.0064,-0.00841142857143,0.321
0.4642676587,0.541991480434,-0.124004869778,-1.36488516345,0.0791481928771,1.89732902081,0.158085983959,-0.00848690940944,-0.0332490908349,-0.00280896363604,-0.0524487986849,-0.00352182759358,0.0182617093952,-0.00647709113195,0.574009212543,0.818834597158,0.00201824560101,0.0,0.818790404758,-0.573948428769,-0.0120921913056,0.0,-0.00874330404063,0.00859371479746,-0.999924848526,0.0,0.660625438522,0.25951177759,0.303284108573,1.0,-0.00666,-0.00875314285714,0.334
0.464169104274,0.541225127629,-0.124006982241,-1.36604694478,0.0790797762947,1.8977635292,0.157928870023,-0.00329788999079,-0.03752095293,0.000356508130452,-0.060180671578,-0.00357648189789,0.0230419798333,-0.00775140614002,0.574008981551,0.818834675138,0.00205202135233,0.0,0.81879092022,-0.573948047881,-0.0120753550919,0.0,-0.00871013351154,0.00861170453156,-0.999924983246,0.0,0.660494099453,0.259336021009,0.303310680663,1.0,-0.00706,-0.00927885714286,0.354
0.464103840526,0.540696757932,-0.124002806574,-1.36685434822,0.0790264556968,1.89805799434,0.157818342234,-0.00740091460243,-0.0384169263855,0.00155530506358,-0.061996314358,-0.0052445218096,0.0265419460747,-0.00647071348569,0.573999473211,0.818841310562,0.00206392150295,0.0,0.818797719627,-0.573938498007,-0.0120682119275,0.0,-0.00869755391832,0.00861724741781,-0.999925044992,0.0,0.660399263805,0.259217788828,0.303325238018,1.0,-0.00732,-0.00962057142857,0.367
0.464003003982,0.539856042838,-0.124010552092,-1.3681534577,0.0789519447319,1.89854296063,0.157681757598,-0.00754860502382,-0.0382452850359,-0.000446641538205,-0.0664473813557,-0.00342001716474,0.0257748906567,-0.00961479683611,0.574027705607,0.818821463208,0.00208602197872,0.0,0.818778163498,-0.573966634754,-0.0120568681111,0.0,-0.00867528239933,0.00862913172089,-0.999925135978,0.0,0.660250019865,0.259024387877,0.303343334886,1.0,-0.00772,-0.0101462857143,0.387
0.463921627997,0.539274864845,-0.124006221245,-1.36903962872,0.0789022856837,1.89888058645,0.157566351718,-0.00565727442362,-0.0384328190057,0.00158333296056,-0.066331478993,-0.00685565721173,0.0238148718816,-0.00597844596832,0.574032598425,0.818817954512,0.00211665197549,0.0,0.818775007922,-0.573971349892,-0.0120466927834,0.0,-0.00864931727806,0.00864842260781,-0.999925194251,0.0,0.660150604883,0.258890484481,0.303361301323,1.0,-0.00798,-0.010488,0.4
0.463793969639,0.538320140875,-0.124014812364,-1.37051954633,0.0788179441527,1.89945087367,0.157377416348,-0.00631018178961,-0.0500754081536,0.000583406363743,-0.0716537764608,-0.00594579177095,0.0297802996964,-0.0124638891964,0.574047812605,0.818807189932,0.00215440501955,0.0,0.818764756236,-0.573986422976,-0.0120252686477,0.0,-0.00860994296688,0.00866719693427,-0.999925371505,0.0,0.65998670739,0.258663139198,0.303381022299,1.0,-0.0084,-0.01104,0.421
0.46372274311,0.537771213136,-0.12401881811,-1.37138475849,0.078764890638,1.89978026003,0.157279057241,-0.00861683680457,-0.0488803018057,-0.00263797197151,-0.0734114199595,-0.00515828694503,0.0268571011839,-0.00740467252055,0.574062022096,0.818797204752,0.00216314083711,0.0,0.818754917761,-0.574000627003,-0.0120171437795,0.0,-0.00859812507948,0.00866983497723,-0.999925450324,0.0,0.65988875474,0.258532072278,0.303385547079,1.0,-0.00864,-0.0113554285714,0.433
0.46360435077,0.536898190786,-0.124018692232,-1.37275537589,0.0786939979062,1.90029060638,0.157110577199,-0.00312716975993,-0.0543535028632,0.00105136311868,-0.0773790513966,-0.0085508017344,0.0325685563561,-0.00733977302507,0.574077516825,0.818786297056,0.00217975467177,0.0,0.818744110481,-0.574015932769,-0.0120223699971,0.0,-0.00859270333684,0.00868660085811,-0.999925351421,0.0,0.659730347663,0.258325937816,0.303393825748,1.0,-0.009,-0.0118285714286,0.451
0.463490211095,0.53605178166,-0.124029683606,-1.37407686528,0.0786133359171,1.90078492866,0.156935718573,-0.00269910713967,-0.0467517400973,-0.00127933951251,-0.0841954595119,-0.00551410217699,0.0270546480733,-0.00809217685379,0.574086661236,0.818779851793,0.00219239374645,0.0,0.818737886674,-0.574025080525,-0.0120094443332,0.0,-0.0085747671452,0.00868962492546,-0.999925479117,0.0,0.659581105359,0.258118992705,0.303405484484,1.0,-0.00934,-0.0122754285714,0.468
0.463352629578,0.534984213826,-0.124027572553,-1.37574381635,0.0785261002338,1.90138214008,0.156736679156,-0.00516827544382,-0.0567513119932,0.000791453645167,-0.0878685375353,-0.000712579123325,0.0282552930036,-0.0164052721647,0.574102915752,0.818768438048,0.0021986091441,0.0,0.818726376834,-0.574041127431,-0.012027085869,0.0,-0.00858547153629,0.00870501196246,-0.999925253429,0.0,0.65938104142,0.257872024567,0.303417102854,1.0,-0.00974,-0.0128011428571,0.488
0.463251497261,0.534318401942,-0.124030930373,-1.37687788675,0.078466125155,1.9017952355,0.156602401136,-0.0125526219309,-0.0497284856581,7.8268402846e-05,-0.0853766375802,-0.00270602899907,0.034382407301,-0.0110267406529,0.574124331874,0.818753540629,0.00215363859349,0.0,0.818710795337,-0.574062632265,-0.0120612908117,0.0,-0.00863906744555,0.00868805496655,-0.99992493929,0.0,0.659247484421,0.257695829194,0.303382971856,1.0,-0.01,-0.0131428571429,0.501
0.463094027689,0.533186322252,-0.124033656111,-1.37870700388,0.0783576584448,1.90247321544,0.156373410697,-0.00956427649544,-0.0514746588259,-2.05810736167e-05,-0.085098471393,-0.00371325499075,0.035953087627,-0.00740955834188,0.574138794291,0.818743445018,0.00213612521345,0.0,0.818700437424,-0.574077133656,-0.0120741573818,0.0,-0.00865950329303,0.00868125594897,-0.999924821573,0.0,0.659034056563,0.257416628633,0.303369642224,1.0,-0.01042,-0.0136948571429,0.522
0.46299754509,0.532455652055,-0.124033954852,-1.37988841015,0.0782972276972,1.90291977066,0.156223059611,-0.00507447409655,-0.0597433564275,0.000305545323903,-0.088541784538,-0.00148703949193,0.034450606007,-0.0153471385647,0.57414337388,0.818740231125,0.00213707020789,0.0,0.81869713214,-0.574081604631,-0.0120856920142,0.0,-0.00866835647159,0.00868870052351,-0.999924680203,0.0,0.658895400711,0.25724273375,0.303361232802,1.0,-0.01068,-0.0140365714286,0.535
0.462829463252,0.53131035328,-0.12403611536,-1.38176078357,0.0781922096759,1.90360166381,0.15598702751,-0.0149657066371,-0.0578495810615,-0.000580577277386,-0.0999911872968,-0.00936036494102,0.0381079588888,-0.0100910249465,0.574163222624,0.818726405164,0.00210099373332,0.0,0.818682717965,-0.57410148971,-0.0121174964683,0.0,-0.00871489847968,0.00867763515374,-0.999924371736,0.0,0.658674446779,0.2569527884,0.303336502014,1.0,-0.01108,-0.0145622857143,0.555
0.462733912234,0.530527865182,-0.124031487326,-1.38301655336,0.0781022719598,1.90402933138,0.155835249961,-0.00561663995664,-0.0600243264037,0.000488304738533,-0.0927233851286,-0.00185057177895,0.0349121010491,-0.0159927274637,0.574157832479,0.8187302992,0.00205608271587,0.0,0.818686049203,-0.574096320369,-0.012137325918,0.0,-0.00875697555765,0.00865219355817,-0.999924224592,0.0,0.658515639127,0.256768250044,0.303327047897,1.0,-0.01134,-0.014904,0.568
0.462548326415,0.529218741084,-0.124037528948,-1.38506748733,0.0779857242108,1.90478420685,0.155551216799,-0.00707548735971,-0.0656423891633,-0.000209914239817,-0.0980163640662,-0.00935677049134,0.0312057824177,-0.0141125709789,0.574161575617,0.818727639941,0.00206968173867,0.0,0.818683494738,-0.574099931175,-0.0121388372351,0.0,-0.00875036588903,0.00866423500523,-0.99992417819,0.0,0.658276794707,0.256448638328,0.303338632829,1.0,-0.01176,-0.015456,0.589
0.462448322878,0.528451242055,-0.124042473101,-1.38624924458,0.0779093406689,1.90524655012,0.155393499974,-0.0108274379338,-0.0641178260428,-0.00196375081776,-0.0978642708666,-0.00175834439234,0.0433305288073,-0.0167390181406,0.574161469948,0.818727622136,0.00210572537987,0.0,0.818684044043,-0.574099763833,-0.0121096696226,0.0,-0.00870579218518,0.0086769965398,-0.999924456603,0.0,0.658143720689,0.256268742617,0.30335680848,1.0,-0.012,-0.0157714285714,0.601
0.462265354131,0.526984091355,-0.124042873531,-1.38852009586,0.0777710396575,1.90611310003,0.155073245967,-0.00495447732752,-0.0718071169499,-0.000275938221447,-0.104377057383,-0.00496916051586,0.0448709421122,-0.0166950174631,0.574135128698,0.81874595897,0.00215767616633,0.0,0.818703081478,-0.574073224528,-0.012080735056,0.0,-0.00865255548273,0.00870263805512,-0.999924695852,0.0,0.657877852252,0.255934230189,0.30338379262,1.0,-0.01244,-0.0163497142857,0.623
0.462151040988,0.526176325404,-0.124040722048,-1.38979073221,0.0776919532713,1.90658176087,0.154906831273,-0.00839104974675,-0.0649080561606,0.000996756009937,-0.109258993382,-0.005085592304,0.0407887900515,-0.0173738340643,0.574138224997,0.818743777442,0.00216157314401,0.0,0.818700938649,-0.574076291524,-0.0120802096876,0.0,-0.0086498551541,0.00870555971862,-0.999924693782,0.0,0.657727713767,0.255739075506,0.303387938991,1.0,-0.01268,-0.0166651428571,0.635
0.461969899085,0.524728573725,-0.124054801565,-1.39205971309,0.0775465773076,1.90739854365,0.154604741609,-0.00586684777056,-0.071090551018,-0.000875461536806,-0.106255389902,-0.00117943880783,0.0415561602913,-0.0113635006195,0.574132002374,0.818748170144,0.00215049664112,0.0,0.818705256827,-0.574070187503,-0.0120776307821,0.0,-0.00865416871214,0.0086949446544,-0.999924748819,0.0,0.657453462837,0.255393373185,0.303397540161,1.0,-0.0131,-0.0172171428571,0.656
0.461848571619,0.523824675019,-0.124055426689,-1.39352198278,0.0774610887693,1.90793347253,0.154391810848,-0.0123133525147,-0.065716598104,0.000215627888388,-0.114970915751,-0.000941630233148,0.0444342790208,-0.0168832601065,0.574113007172,0.818761539588,0.00213147572961,0.0,0.818718310246,-0.574051208457,-0.0120948517328,0.0,-0.00867939031264,0.00868905719859,-0.99992458139,0.0,0.657275981726,0.255174018138,0.303383515972,1.0,-0.01336,-0.0175588571429,0.669
0.461666364865,0.522388496345,-0.124061858419,-1.39579576007,0.0773176258965,1.90881229772,0.154098312234,-0.0146000930866,-0.0696869839548,-0.00492109139624,-0.116258546924,-0.0108486627077,0.0415751442734,-0.0124260937873,0.574109901518,0.818763644414,0.00215927441074,0.0,0.818720880087,-0.574048086626,-0.0120690369159,0.0,-0.00864232769744,0.00869696408464,-0.999924833669,0.0,0.657009655942,0.254835904496,0.303387096129,1.0,-0.01376,-0.0180845714286,0.689
0.461542032325,0.521442838125,-0.124056773026,-1.39731056372,0.0772249706937,1.90940314232,0.153886633127,-0.0126578246416,-0.0710257117692,0.00325820572072,-0.120897128365,-0.0117455154808,0.0460714791194,-0.00986614905298,0.574091033648,0.818776828704,0.00217641053769,0.0,0.818734286994,-0.574029147303,-0.0120603585765,0.0,-0.0086255851324,0.00870581326501,-0.999924901228,0.0,0.656830971036,0.254614885848,0.303381585215,1.0,-0.01402,-0.0184262857143,0.702
0.461336569946,0.519847775529,-0.124067711413,-1.39983603558,0.0770692854783,1.9103254041,0.153553565247,-0.0104538485789,-0.0748935292748,-0.000210135412675,-0.127568247609,-0.0096125781645,0.0445038058273,-0.0160969062715,0.574086927916,0.818779737537,0.0021650624898,0.0,0.81873705746,-0.5740251001,-0.0120649119112,0.0,-0.00863587146295,0.0086990925913,-0.999924870934,0.0,0.656524136837,0.254232188436,0.303380066696,1.0,-0.01444,-0.0189782857143,0.723
0.461210690248,0.518811816015,-0.124062750861,-1.40142557687,0.0769685806208,1.91088919443,0.153337081113,-0.0116339424042,-0.0755086547508,0.000633227253424,-0.123703610749,-0.0122957488322,0.0429679270486,-0.0184914393786,0.574066337825,0.818794150137,0.00217402380889,0.0,0.818751541208,-0.574004428384,-0.0120655238887,0.0,-0.00863144726681,0.00870656408522,-0.999924844106,0.0,0.656324544025,0.253999389589,0.303399423267,1.0,-0.0147,-0.01932,0.736
0.460998392323,0.517213330855,-0.124065598651,-1.40391924881,0.0768060070479,1.91178680003,0.152997271499,-0.0126638487665,-0.0789911940154,-0.000349158874975,-0.126486264856,-0.00748828233962,0.0464951035937,-0.0158615355006,0.574052053482,0.818804175004,0.00217020516847,0.0,0.818761549038,-0.573990195173,-0.012063522013,0.0,-0.00863215189696,0.00870213767237,-0.999924876555,0.0,0.656018884795,0.253618109689,0.303412051761,1.0,-0.0151,-0.0198457142857,0.756
0.46085032489,0.516109747178,-0.124068452814,-1.40568289065,0.0767017154642,1.91244915181,0.152744138605,-0.00809078471444,-0.0799842992024,5.43378471166e-05,-0.12086407976,-0.00673481691895,0.0455418973848,-0.0168977393902,0.57403331021,0.818817310693,0.00217195302619,0.0,0.818774672221,-0.57397141127,-0.0120665685311,0.0,-0.00863384247854,0.00870512000444,-0.999924836,0.0,0.655805930729,0.253352566532,0.303404211694,1.0,-0.01538,-0.0202137142857,0.77
0.460630263909,0.514467976797,-0.124076965887,-1.4082924961,0.0765387872211,1.91341468692,0.152394064563,-0.0133568877311,-0.0838598832047,7.15684519736e-05,-0.133421190962,-0.00453637145614,0.0560675194565,-0.0131086427399,0.574026536219,0.818822079075,0.00216458690786,0.0,0.81877936999,-0.573964695204,-0.0120672631457,0.0,-0.00863871135482,0.00869941586056,-0.999924843591,0.0,0.655488853819,0.25295435198,0.303397147295,1.0,-0.01578,-0.0207394285714,0.79
0.460483688015,0.513409350266,-0.124078034244,-1.41003212623,0.0764365060112,1.91400403058,0.152161644711,-0.0116260596356,-0.0722679561051,-2.44858966469e-06,-0.138082719573,-0.00785500570157,0.0481551570759,-0.0189674734562,0.574020604119,0.818826433821,0.00208907275786,0.0,0.818782576461,-0.573958927097,-0.0121239181465,0.0,-0.008728510752,0.00867004211902,-0.999924318871,0.0,0.655263593676,0.25268862893,0.303362199998,1.0,-0.01604,-0.0210811428571,0.803
0.460223641336,0.511477992753,-0.124087130517,-1.41314805138,0.0762421490187,1.91514313352,0.15171890108,-0.0120763357966,-0.0859501354953,-0.00143908669644,-0.135056075709,-0.00932091342679,0.0539226614821,-0.0224292635476,0.573988247549,0.81884922793,0.00204462612606,0.0,0.818804774432,-0.573926754593,-0.0121477829392,0.0,-0.00877390596884,0.0086470007564,-0.999924121097,0.0,0.654878049812,0.252214471317,0.303331044812,1.0,-0.0165,-0.0216857142857,0.826
0.460083934289,0.510525146904,-0.124087268841,-1.41465638436,0.0761460965939,1.91571944658,0.151509047697,-0.0144763570186,-0.0827293721551,-0.00103769299012,-0.138853726574,-0.00703865678771,0.0576956713784,-0.0162694433787,0.573983853792,0.818852272232,0.00205882176065,0.0,0.818808040405,-0.573922334548,-0.0121364647144,0.0,-0.00875653650739,0.00865208117891,-0.999924229409,0.0,0.654698900061,0.251980010063,0.30333021007,1.0,-0.01672,-0.0219748571429,0.837
0.459833653136,0.508670327389,-0.124087955599,-1.41757057897,0.0759634238231,1.91677403,0.151097125267,-0.0116040271867,-0.0859645684135,-0.000947084592856,-0.142711018717,-0.0103006528394,0.0433270857614,-0.0176427006408,0.573954181797,0.818873085881,0.00205263687212,0.0,0.818828723226,-0.573892644208,-0.0121450337733,0.0,-0.0087674168819,0.00865161752196,-0.99992413808,0.0,0.654335223331,0.251536453965,0.303332596481,1.0,-0.01714,-0.0225268571429,0.858
0.459679284381,0.50762060772,-0.124088313322,-1.41925322998,0.075863298199,1.91737827937,0.150855230061,-0.0117961247506,-0.0941890697392,-0.000435986336141,-0.143383346368,-0.0131919105354,0.0481782250257,-0.0222203398122,0.573943009713,0.81888097347,0.00202972698896,0.0,0.818836217932,-0.573881483019,-0.0121671094247,0.0,-0.00879876107887,0.00864540782467,-0.999923916469,0.0,0.654125249239,0.251274239797,0.303318396326,1.0,-0.01738,-0.0228422857143,0.87
0.459407829843,0.505662634939,-0.124103071055,-1.42226708223,0.0756748232101,1.91851001116,0.150457848547,-0.0103568732596,-0.0966017196547,0.000363132050258,-0.146214319338,-0.0131962093003,0.0476778531528,-0.0188815666107,0.573955465523,0.818872096482,0.00208808537888,0.0,0.818828195207,-0.573893770376,-0.0121274052997,0.0,-0.00873262274177,0.00867054067139,-0.999924278645,0.0,0.653762298915,0.250802584599,0.303351293087,1.0,-0.0178,-0.0233942857143,0.891
0.459237197806,0.504406795654,-0.124108895142,-1.42416299105,0.0755591298238,1.91923554805,0.150190876898,-0.00885614692638,-0.098913843836,0.000644624939881,-0.142431313135,-0.00622451653257,0.052251372884,-0.0201910359328,0.573944819235,0.818879391023,0.00215275006804,0.0,0.818836332148,-0.573882842992,-0.0120950641286,0.0,-0.00866913932648,0.00870481695935,-0.999924533245,0.0,0.653515005374,0.250489185813,0.303383341879,1.0,-0.01808,-0.0237622857143,0.905
0.458960455831,0.502437702618,-0.124115412065,-1.42708324085,0.0753694828527,1.92033274299,0.149786332349,-0.0166575646285,-0.106631009535,-0.00203701522948,-0.148215113202,-0.00944820757464,0.0525341505754,-0.0166102149362,0.573954015899,0.818872583237,0.00228625390821,0.0,0.818831459613,-0.573891672842,-0.012005644176,0.0,-0.0085191948008,0.0087629130262,-0.999925314549,0.0,0.653168446057,0.250022250755,0.30347731264,1.0,-0.01848,-0.024288,0.925
0.458773351386,0.501027816999,-0.124124866953,-1.42920526236,0.0752297443341,1.92107807843,0.149489178214,-0.0102603970617,-0.104160420295,-0.00154063980271,-0.149935425856,-0.0112001860591,0.0507842122038,-0.00967476513664,0.573932938689,0.818887312335,0.00230184421898,0.0,0.818846418021,-0.573870561088,-0.0119945701109,0.0,-0.00850140432565,0.00876910459806,-0.999925411683,0.0,0.652916869155,0.24971560859,0.303508688926,1.0,-0.01874,-0.0246297142857,0.938
0.458450571066,0.49882753681,-0.12412555807,-1.43258885653,0.0750127988567,1.92230584985,0.149008893674,-0.0159734811267,-0.0968417841447,-0.00134908051387,-0.154549054936,-0.0129852649399,0.0565730848036,-0.0193724005301,0.57391799022,0.818897691563,0.00233626948489,0.0,0.818857239477,-0.573855467318,-0.0119779332882,0.0,-0.00846818394112,0.00878759176917,-0.999925531273,0.0,0.652496084377,0.249180507002,0.303539456822,1.0,-0.01918,-0.025208,0.96
0.458287260372,0.497753209098,-0.124122774997,-1.43429864428,0.07491951186,1.92294817093,0.148760660766,-0.0135323196919,-0.0992094028693,-0.000118696615685,-0.152920564869,-0.008818098031,0.0561175583535,-0.0223974866631,0.573908411787,0.818904370132,0.00234826726406,0.0,0.818863935123,-0.573845696649,-0.0119882898814,0.0,-0.00846988298168,0.00880326126848,-0.999925379053,0.0,0.652284566822,0.248915439839,0.303530342589,1.0,-0.0194,-0.0254971428571,0.971
0.457945632098,0.495576784477,-0.124123228518,-1.43777567655,0.0746961408421,1.92415658163,0.148243288268,-0.012092476822,-0.0994191504426,-0.00173200619438,-0.161777502686,-0.00854970188034,0.0514765281464,-0.0174980393341,0.573879854908,0.818924611894,0.00226695071413,0.0,0.818882987818,-0.5738173463,-0.0120437638762,0.0,-0.0085622838656,0.00876820965506,-0.999924900077,0.0,0.651838558663,0.248354885765,0.303496842219,1.0,-0.01984,-0.0260754285714,0.993
0.457749794517,0.494408752198,-0.124123809587,-1.43971960118,0.074583627106,1.92483841232,0.147971628559,-0.0179881172323,-0.098909665329,0.00126182835212,-0.161043845307,-0.0032253151153,0.0592968828989,-0.0203204785064,0.57388580789,0.818920648478,0.00219041067549,0.0,0.818877836749,-0.573823431105,-0.0121039372912,0.0,-0.00865542184999,0.00874012486103,-0.999924344083,0.0,0.651588855538,0.248039987666,0.303444378617,1.0,-0.0234565714286,-0.0308286367347,1.005
0.45737057205,0.491344872301,-0.124231475096,-1.44429517899,0.0743345804187,1.92655441549,0.147299560085,-0.021308571676,-0.180707486538,-0.0046235471465,-0.27171614311,-0.0104567298195,0.104514600489,-0.0440498919397,0.57388650015,0.818919690704,0.00236051363141,0.0,0.818879293509,-0.573823611213,-0.0119963652287,0.0,-0.00846970431444,0.00881769755844,-0.999925253366,0.0,0.651031860026,0.247303868894,0.303550773046,1.0,-0.0408394285714,-0.053674677551,1.025
0.457008573493,0.488556397531,-0.124258304161,-1.44874755496,0.074112043957,1.92827138659,0.14662726672,-0.0325832457881,-0.229962733596,0.000469267420964,-0.370461168126,-0.0216658118968,0.139410977677,-0.0554782863247,0.573802598498,0.818978255139,0.00243771780943,0.0,0.818938495189,-0.573739019857,-0.0120010454645,0.0,-0.00843014375406,0.00888274304709,-0.999925011965,0.0,0.650418631847,0.246586294297,0.30352648946,1.0,-0.0530074285714,-0.0696669061224,1.039
0.456106676932,0.482407778339,-0.124393465148,-1.45846456227,0.0735444140505,1.93185424227,0.145142869962,-0.0464820199435,-0.326103520796,-0.00590364438331,-0.518006330174,-0.0330633267851,0.183451962694,-0.0828829615327,0.573763641416,0.819005586996,0.00242469774713,0.0,0.818965731145,-0.573700198353,-0.0119983549128,0.0,-0.00843583254577,0.00887013494662,-0.999925075911,0.0,0.649251267216,0.245057398293,0.303479069203,1.0,-0.0703902857143,-0.0925129469388,1.059
0.455362354582,0.477630851063,-0.124528721982,-1.46606122113,0.0730876715761,1.93447807906,0.144009980792,-0.0590061345015,-0.384703860008,-0.0116042646635,-0.606699844891,-0.0302721511309,0.211245989235,-0.0919568578894,0.573790120103,0.818987551107,0.0022441266853,0.0,0.818945276526,-0.573727359329,-0.0120953757529,0.0,-0.00861861122544,0.00877819306225,-0.99992432857,0.0,0.648267064258,0.243763108594,0.303405523985,1.0,-0.0816891428571,-0.107362873469,1.072
0.453975263582,0.468868971285,-0.124712280485,-1.47965942545,0.0722915223781,1.9393280247,0.142004455049,-0.0743985600912,-0.470481273902,-0.0114363102817,-0.700977334464,-0.0428121300427,0.25999010088,-0.109783735014,0.573855660529,0.818941595511,0.00225630709258,0.0,0.818899207116,-0.573792561038,-0.0121215668385,0.0,-0.00863236926151,0.00880388733597,-0.999923983995,0.0,0.646515329746,0.241464467088,0.303417223403,1.0,-0.099072,-0.130208914286,1.092
0.452837285171,0.461750043167,-0.124812844347,-1.49053451078,0.0716139938543,1.94334821594,0.140218313398,-0.0884254166746,-0.509861353047,-0.00734446608539,-0.779525298673,-0.0500630413684,0.285745068713,-0.130543302856,0.573740815122,0.819021421765,0.00247682335028,0.0,0.818982016759,-0.573676922701,-0.0119996452618,0.0,-0.00840723199064,0.00891333164553,-0.999924932667,0.0,0.645229704121,0.239778618775,0.303504210617,1.0,-0.110370857143,-0.145058840816,1.105
0.450833879517,0.450247710286,-0.124997266306,-1.50826401455,0.0704629167148,1.94953166978,0.137473143946,-0.106468032039,-0.621494395893,-0.0112824005266,-0.924172269251,-0.061065235895,0.344092765782,-0.149881047493,0.573758569388,0.819009208546,0.00240151449078,0.0,0.818968865905,-0.573695028115,-0.0120315541425,0.0,-0.00847637990913,0.00887014366905,-0.999924732935,0.0,0.642767909705,0.236538285549,0.303509267868,1.0,-0.128622857143,-0.169047183673,1.126
0.449357161559,0.441919658823,-0.125108268997,-1.52097135163,0.0695960397855,1.95402474989,0.135523480674,-0.118981396951,-0.639269408042,-0.00922299550974,-0.997817661636,-0.0656738853754,0.343923239981,-0.156776094431,0.573786286135,0.818989617273,0.00245998879251,0.0,0.818950365245,-0.573722849898,-0.0119640156738,0.0,-0.00838721431683,0.00887956780004,-0.999925401173,0.0,0.641068364345,0.234304388979,0.303557533991,1.0,-0.139921714286,-0.183897110204,1.139
0.446639640249,0.427050366696,-0.125296610482,-1.54347172173,0.0681025123582,1.96181425238,0.131847628547,-0.13668119015,-0.72417775413,-0.0121156576321,-1.11327146462,-0.0697708837428,0.385954867177,-0.179852864721,0.573712616872,0.81904087625,0.00257355288354,0.0,0.819002891621,-0.573648515154,-0.0119327901018,0.0,-0.00829728781924,0.00895391187978,-0.999925488462,0.0,0.637978061652,0.230299052161,0.303670622998,1.0,-0.158173714286,-0.207885453061,1.16
0.44469290816,0.417127750726,-0.125422128646,-1.55837280111,0.0670388181913,1.9669652016,0.129357328193,-0.159757246532,-0.763478467494,-0.014356918755,-1.15182115598,-0.0868254515896,0.409997528387,-0.192975258546,0.573694378291,0.819053334773,0.00267245510632,0.0,0.819017040327,-0.573630340449,-0.0118349934859,0.0,-0.00816064666693,0.008978628368,-0.99992639133,0.0,0.63591930682,0.227551926771,0.303765799893,1.0,-0.169472571429,-0.222735379592,1.173
0.441373239648,0.400718368083,-0.125606103359,-1.58298199607,0.0653372512983,1.97545882466,0.125215269729,-0.177149896237,-0.830157638179,-0.00737808101999,-1.25144486261,-0.0828177914452,0.414102455747,-0.216425376957,0.573689065453,0.81905631907,0.00288951083722,0.0,0.819022778247,-0.573624167146,-0.0117367150583,0.0,-0.00795569055782,0.00909997548966,-0.999926946048,0.0,0.632444955774,0.222991281778,0.303883207649,1.0,-0.186855428571,-0.245581420408,1.193
0.438934695466,0.389276152245,-0.125750924673,-1.59991804755,0.0641412851401,1.98133675894,0.122303124774,-0.193153013207,-0.870559705339,-0.0118760807926,-1.32425099073,-0.111795002239,0.447988163598,-0.231987474536,0.573739622628,0.819019812791,0.00318411422374,0.0,0.818990334335,-0.573674019504,-0.0115628073246,0.0,-0.00764367184938,0.00924197742027,-0.999928077481,0.0,0.630039583922,0.219761114724,0.304027727163,1.0,-0.198154285714,-0.260431346939,1.206
0.434608260352,0.369757714645,-0.125968229691,-1.62897494442,0.0619480668988,1.99097901776,0.117071733754,-0.21978051384,-0.958724739873,-0.00622265865713,-1.43206844355,-0.100467354278,0.473634876736,-0.253309566684,0.573625475203,0.819099755754,0.00318609837784,0.0,0.819070575455,-0.573560210719,-0.0115249297301,0.0,-0.00761279443995,0.0092208102541,-0.999928508454,0.0,0.625728861031,0.214133832051,0.304085543314,1.0,-0.216406285714,-0.284419689796,1.227
0.431634770802,0.357046708972,-0.126109556997,-1.6477417528,0.0604792301637,1.9971666853,0.113696202614,-0.229608956528,-0.989629000477,-0.00807497666409,-1.46792882505,-0.105660914296,0.465080189613,-0.269857371288,0.573647656261,0.819084062386,0.00322678041541,0.0,0.819055808819,-0.573582752523,-0.0114522901112,0.0,-0.00752970768566,0.0092126699966,-0.999929212601,0.0,0.6228975147,0.2104039406,0.304136865319,1.0,-0.227705142857,-0.299269616327,1.24
0.42622222762,0.335506955547,-0.126405491192,-1.67949626093,0.0580889751201,2.00743261179,0.107647718975,-0.269129155579,-1.04285834085,-0.0156336024438,-1.56275318725,-0.120593809161,0.497459894877,-0.29185945125,0.5737321594,0.819024862228,0.00322974055337,0.0,0.818996117349,-0.573666588358,-0.0115218084877,0.0,-0.00758399938017,0.00925575523904,-0.999928404411,0.0,0.618003155561,0.203877270548,0.304134347472,1.0,-0.245957142857,-0.323257959184,1.261
0.422643032688,0.321521898488,-0.126520035652,-1.69991323237,0.0564146890508,2.0139696304,0.103645422748,-0.280430053548,-1.09132345233,-0.00237323527832,-1.61411208526,-0.136957342022,0.497007353406,-0.309701101651,0.573623994665,0.819100548291,0.00324829735986,0.0,0.819072267337,-0.573558655103,-0.0114820266975,0.0,-0.00754199050501,0.00924713434059,-0.999928801908,0.0,0.614758105329,0.199680338712,0.304149492507,1.0,-0.257256,-0.338107885714,1.274
0.416645760292,0.299142464136,-0.126754052296,-1.73234521901,0.0537306444545,2.02406211101,0.0970551526938,-0.307505997281,-1.12152998289,-0.0177079717404,-1.62156006887,-0.135892061184,0.495076059296,-0.328475250758,0.573474198789,0.819205645782,0.00319376640278,0.0,0.819176565984,-0.573408932043,-0.0115194312908,0.0,-0.00760559539868,0.0092225327867,-0.999928547351,0.0,0.609460312901,0.192840738098,0.304149147315,1.0,-0.274638857143,-0.360953926531,1.294
0.412309491932,0.283951100584,-0.126928463143,-1.754026314,0.0519189590736,2.03072181657,0.0925341994555,-0.338200681122,-1.18233256153,-0.00938883087492,-1.71310687806,-0.142307423976,0.510166517424,-0.350080676519,0.573504452748,0.819184081947,0.00329081502501,0.0,0.819156152236,-0.573438756262,-0.0114864255288,0.0,-0.00752256090921,0.00928338629446,-0.99992861236,0.0,0.605862562863,0.188104397156,0.304213464024,1.0,-0.285937714286,-0.375803853061,1.307
0.40469031738,0.258622138031,-0.127295706479,-1.78999665294,0.048793002201,2.04147842965,0.0846653024375,-0.385128881521,-1.22977661689,-0.0239966586609,-1.74854181085,-0.162099180502,0.504926380123,-0.389547246322,0.573527331723,0.8191680797,0.0032869239249,0.0,0.81914007318,-0.57346161129,-0.0114920749903,0.0,-0.00752916127107,0.00928364894852,-0.999928560245,0.0,0.599734639507,0.180011863294,0.304237862263,1.0,-0.304189714286,-0.399792195918,1.328
0.399521641967,0.24238242453,-0.127550579868,-1.81273229618,0.0467317885916,2.04818194587,0.0795316875225,-0.407155056936,-1.26355092028,-0.0223705481909,-1.77109808469,-0.161652958476,0.496598490447,-0.40356444261,0.573626629821,0.819098185411,0.00337625791569,0.0,0.819071705443,-0.573561096097,-0.011399881064,0.0,-0.00740127420003,0.00930485183132,-0.999929317938,0.0,0.595787634531,0.17472759473,0.304297642475,1.0,-0.315488571429,-0.414642122449,1.341
0.390616222195,0.215345389949,-0.127840443156,-1.85011851018,0.0433427970397,2.05889405447,0.0705357704962,-0.447240424456,-1.3108044105,-0.0114275024306,-1.78905844212,-0.171110411769,0.518916903745,-0.440324365301,0.57346367933,0.819211227121,0.00362225754647,0.0,0.819187480216,-0.57339691417,-0.0113401048813,0.0,-0.00721308881034,0.00947062864035,-0.999929136761,0.0,0.589067517921,0.165990480322,0.304411514286,1.0,-0.333740571429,-0.438630465306,1.362
0.384623785402,0.198131406715,-0.128083340581,-1.87380007859,0.0410517941085,2.06532221314,0.0646326667763,-0.467594215019,-1.33266192468,-0.0212819700283,-1.79302036349,-0.164596496768,0.481057193911,-0.465349650544,0.573404691872,0.819252977856,0.00351632129114,0.0,0.819227727085,-0.57333805152,-0.0114086263553,0.0,-0.00733065145502,0.00942260919343,-0.999928735453,0.0,0.584668927037,0.16026821699,0.304401053806,1.0,-0.345039428571,-0.453480391837,1.375
0.374530048007,0.170797273186,-0.128622759154,-1.91089529751,0.0374780040206,2.07527362038,0.0549439548469,-0.51786494852,-1.37966587021,-0.0268501709044,-1.87419948828,-0.178741366145,0.4915452625,-0.496614234716,0.573558709412,0.819144762872,0.00360710649024,0.0,0.819120273778,-0.57349125804,-0.0114237007934,0.0,-0.0072891609775,0.00950700017883,-0.999928239965,0.0,0.577670261385,0.150958561708,0.304428181221,1.0,-0.362422285714,-0.476326432653,1.395
0.367482961351,0.152557628231,-0.128922436902,-1.93526311614,0.0349455749357,2.0815347627,0.0482139025402,-0.539594580392,-1.41714664188,-0.0164137784623,-1.8848629753,-0.201549223133,0.49750476494,-0.518805937812,0.573512091765,0.819177318628,0.00362603726816,0.0,0.819153334276,-0.573444934087,-0.0113784627799,0.0,-0.00724178535473,0.00949614933869,-0.999928687304,0.0,0.572928096687,0.144712325068,0.304471597404,1.0,-0.373721142857,-0.491176359184,1.408
