position_joint1,position_joint2,position_joint3,position_joint4,position_joint5,position_joint6,position_joint7,velocity_joint1,velocity_joint2,velocity_joint3,velocity_joint4,velocity_joint5,velocity_joint6,velocity_joint7,ee_T_00,ee_T_10,ee_T_20,ee_T_30,ee_T_01,ee_T_11,ee_T_21,ee_T_31,ee_T_02,ee_T_12,ee_T_22,ee_T_32,ee_T_03,ee_T_13,ee_T_23,ee_T_33,v_x,v_y,time
0.465060575254,0.547646837763,-0.123956333691,-1.35577054647,0.0794999196801,1.89408685174,0.159166490118,0.000326406927385,-0.0052977375068,-0.000159032248457,-0.00121896888304,-1.42492987174e-05,-9.39067210739e-05,6.01118003982e-05,0.573796205402,0.818983642654,0.00211060009404,0.0,0.818942478861,-0.573736877064,-0.0118304317208,0.0,-0.00847816418915,0.00851688087893,-0.999927789129,0.0,0.661688271873,0.260908698773,0.303337024642,1.0,0.0,0.0,0.0
0.465060653955,0.547642017875,-0.123954064272,-1.3557652538,0.0794973136454,1.89408685176,0.159168378867,0.00262527237112,-0.00147960553286,0.000573902734433,0.000654329707808,0.000159357798425,-8.87516843643e-05,0.000749059425062,0.573795113157,0.818984388022,0.00211829995598,0.0,0.818943342551,-0.57373577272,-0.0118241994974,0.0,-0.00846865337494,0.00851959956376,-0.999927846564,0.0,0.661689217922,0.2609103351,0.30334287851,1.0,-0.00014,-0.000184,0.008
0.465062729621,0.547646843547,-0.123954082718,-1.35576245827,0.0794967028035,1.89408756381,0.159169571843,0.000273148034561,0.0023544660664,-0.000239411665638,0.00211221069213,-3.56180895099e-05,0.000259390959918,0.00415510448168,0.573794102392,0.81898510064,0.00211657526841,0.0,0.818944041918,-0.573734778135,-0.0118240207182,0.0,-0.00846950702007,0.00851807405929,-0.99992785233,0.0,0.66168937014,0.260911915504,0.303340851881,1.0,-0.00044,-0.000578285714286,0.023
0.465059892023,0.547638083807,-0.123951584966,-1.35577797817,0.0795005134003,1.89408685612,0.159166010229,-0.000480516534126,4.1366681472e-06,0.00127727641874,-0.00126888609105,-9.09798824626e-05,-6.40602893594e-06,0.000352898535938,0.57379360118,0.81898545923,0.00211369698665,0.0,0.818944299037,-0.573734224015,-0.0118330963677,0.0,-0.00847859680161,0.00852091912912,-0.999927751057,0.0,0.661685854782,0.260910324398,0.303339533084,1.0,-0.00074,-0.000972571428571,0.038
0.465057496059,0.547583594373,-0.123954082826,-1.35582818594,0.0794967028123,1.89409557009,0.159161330849,-0.00102981175857,-0.00558943253082,-0.00024482331304,-0.00711650379412,-0.000245607026436,0.000767265973968,-0.00156350620398,0.573796450756,0.818983420825,0.00212988614866,0.0,0.818942450144,-0.573736987907,-0.011827043563,0.0,-0.00846432109634,0.00853073404355,-0.999927788315,0.0,0.661676235894,0.260906454639,0.303359650573,1.0,-0.00108,-0.00141942857143,0.055
0.465061973388,0.547450516462,-0.123948801881,-1.35598134126,0.0794952791807,1.89412778188,0.159159701275,-0.000330864029899,-0.00696162864258,-0.000197359017521,-0.00800488934262,-0.000129921498712,0.000643480469701,-0.000962594354187,0.573794446755,0.818984792258,0.00214238762294,0.0,0.818943886225,-0.573734835902,-0.0118319984756,0.0,-0.00846122730709,0.00854379475956,-0.999927702988,0.0,0.661651464715,0.260893570534,0.303379061564,1.0,-0.0014,-0.00184,0.071
0.465050299353,0.54731077949,-0.123954801054,-1.35618467833,0.0794938101171,1.89418897647,0.159160042109,-0.000638982759923,-0.0089525332392,0.000538120564456,-0.0139778439698,-0.00252519985516,0.0088905463853,-0.00252139100141,0.573819364334,0.818967326519,0.00214525325981,0.0,0.818926374004,-0.57375965447,-0.0118405981508,0.0,-0.00846636624665,0.00855133361729,-0.999927595047,0.0,0.661625245736,0.260863990458,0.303386772756,1.0,-0.00174,-0.00228685714286,0.088
0.465030658226,0.547104759311,-0.123949778199,-1.35642424014,0.0794883477578,1.89432317489,0.159145226519,-0.000548888885402,-0.0143078963195,0.000808657817384,-0.0144566040768,0.000190659151472,0.00351533486662,0.00063207560806,0.573831982529,0.818958241238,0.00223647868387,0.0,0.818918436507,-0.573771874829,-0.011797326201,0.0,-0.00837845026053,0.00860134231201,-0.999927906642,0.0,0.661606802228,0.260836416648,0.303430158793,1.0,-0.00212,-0.00278628571429,0.107
0.465014039973,0.546914480794,-0.123945931615,-1.35663764403,0.0794885885734,1.89444354413,0.159130081957,-0.00567204743447,-0.0123812697835,0.00061979147494,-0.0126583655643,-0.000214565051009,0.0101462066206,-0.00197257382869,0.573842683686,0.818950490667,0.00232704056953,0.0,0.818911789877,-0.573782153542,-0.0117587234615,0.0,-0.00829475769882,0.00865346499179,-0.999928154688,0.0,0.66159033374,0.260813043134,0.303473686666,1.0,-0.00244,-0.00320685714286,0.123
0.464978975137,0.546683492891,-0.123948840974,-1.35696870925,0.0794771191791,1.89458111555,0.159113251164,-0.00372842368425,-0.0143179842643,0.000744108003728,-0.0165313068456,-0.000237825288125,0.0134833632836,0.00112675984278,0.573875202419,0.818927602454,0.0023623903357,0.0,0.818889324203,-0.573814497239,-0.011744971942,0.0,-0.00826286697639,0.0086748513939,-0.999928233416,0.0,0.6615583872,0.260759384697,0.303491726095,1.0,-0.0028,-0.00368,0.141
0.464943705722,0.546470589779,-0.12394876912,-1.35730045167,0.0794718060596,1.89469697457,0.159056182685,-0.00379749442214,-0.016216889152,0.000785678996717,-0.028923154586,-0.000509367825246,0.013177814463,-0.0151222921331,0.573874410226,0.818928140576,0.00236828247677,0.0,0.818889798135,-0.573813535312,-0.0117589159242,0.0,-0.00827091385308,0.00868767056479,-0.999928055594,0.0,0.661520479225,0.26070651706,0.303494648835,1.0,-0.00308,-0.004048,0.155
0.464904074113,0.546188122996,-0.123951752323,-1.35774266725,0.0794612690577,1.89485828179,0.158920938974,-0.000615109382722,-0.0214207313713,-0.000286053592645,-0.0294667674428,-0.00117220238007,0.00995929473892,-0.00496885295889,0.573820129558,0.818966145991,0.00237855755196,0.0,0.818927797881,-0.573759076571,-0.011769911255,0.0,-0.00827459918625,0.0087018464369,-0.999927901839,0.0,0.661470228145,0.260639036842,0.303498276158,1.0,-0.00342,-0.00449485714286,0.172
0.464842086951,0.545858177988,-0.123955518799,-1.35830431046,0.0794396379044,1.89504300425,0.158911521606,-0.00302623920056,-0.0190987859592,-0.00282983718307,-0.0334873706036,-0.00380121455316,0.00503379431041,-0.00589063621339,0.573891388733,0.818916313757,0.00234348070366,0.0,0.818877387743,-0.573830331934,-0.0118034273416,0.0,-0.00832141911132,0.00869307603437,-0.999927589585,0.0,0.661405068878,0.260542552266,0.303480693798,1.0,-0.0038,-0.00499428571429,0.191
0.464783869937,0.545540659252,-0.123954948568,-1.35884461634,0.0793858765769,1.89522556893,0.158835597991,0.000719322032365,-0.0149998562355,0.000978913067021,-0.0376467749913,-0.00397587487992,0.00658993278731,-0.0019051125616,0.573892352859,0.818915768652,0.00229740811487,0.0,0.81887639473,-0.573831629911,-0.0118092153971,0.0,-0.0083525880742,0.00865867839041,-0.999927628162,0.0,0.661343817165,0.26044809682,0.303464056966,1.0,-0.00412,-0.00541485714286,0.207
0.464709613264,0.545130994662,-0.123958718057,-1.35953672531,0.0792915438936,1.89546165691,0.158733587971,-0.00305389530704,-0.0232413702175,0.000192842607613,-0.044347274443,-0.00152713969698,0.00771003736624,-0.00363231405534,0.573885778831,0.818920568309,0.00222767961261,0.0,0.818880733822,-0.573825785273,-0.0117923209005,0.0,-0.00837883544906,0.00859181459919,-0.999927985326,0.0,0.661268174522,0.260320781825,0.303445088336,1.0,-0.00448,-0.005888,0.225
0.464659799879,0.544792934584,-0.123960093797,-1.36010688229,0.0792843787141,1.89565243793,0.158689621847,0.000345355987205,-0.0257244241097,-0.00027419481045,-0.0403834237603,2.10537809049e-06,0.0174572894294,-0.00216861101614,0.573921361721,0.818895688216,0.00220664505734,0.0,0.818855313532,-0.573861172831,-0.0118354010604,0.0,-0.00842581319906,0.00859967809385,-0.999927522978,0.0,0.661197766476,0.260235596745,0.303429597724,1.0,-0.00476,-0.006256,0.239
0.464596667195,0.544368005759,-0.123966895641,-1.3608367918,0.0792641849621,1.89590768429,0.158573611342,-0.00908535916475,-0.0208104865401,-0.00165897318449,-0.0425735591282,0.000174279237644,0.00820541851931,-0.00773227044487,0.573918148197,0.81889802475,0.00217511640357,0.0,0.818857027601,-0.573857868726,-0.0118769419871,0.0,-0.00847795989673,0.00859766743614,-0.999927099498,0.0,0.661111144583,0.26012290897,0.303405277513,1.0,-0.0051,-0.00670285714286,0.256
0.464540236572,0.5438834224,-0.123967481063,-1.36162690995,0.0792288836208,1.89618831745,0.158485744339,-0.00329334619511,-0.0311191117358,-0.000392092516359,-0.0472360989533,-0.000692497491732,0.0153350589681,-0.00145346433519,0.573927422325,0.818891565099,0.00215995716533,0.0,0.818850237798,-0.57386706812,-0.0119005498326,0.0,-0.00850589535704,0.00859889888357,-0.999926851666,0.0,0.661014887898,0.260011173265,0.303396441518,1.0,-0.00544,-0.00714971428571,0.273
0.46448345233,0.543366548101,-0.123965575776,-1.36246274492,0.0791857488395,1.89647964737,0.15838463806,-0.00279480190409,-0.0275306909695,0.000213104873581,-0.0499706455406,-0.00896860827931,0.0131954378023,-0.0135782134917,0.573924768543,0.818893475568,0.00214070688343,0.0,0.818851787353,-0.573864381532,-0.0119234583711,0.0,-0.00853573117387,0.0085962552481,-0.999926620152,0.0,0.660910939931,0.259895105984,0.303389470936,1.0,-0.00578,-0.00759657142857,0.29
0.46442360467,0.542853819113,-0.123967979335,-1.36328958609,0.0791381117997,1.89676815576,0.158259315282,-0.00174952383278,-0.0277888527985,-0.000115676651192,-0.0517038269219,-0.000148143304179,0.0129714954808,-0.00552261897618,0.573906062442,0.818906640188,0.00211968155098,0.0,0.818864633071,-0.573845718555,-0.0119394683092,0.0,-0.00856110452376,0.00858803084665,-0.999926473905,0.0,0.660810308552,0.259774615114,0.303383678548,1.0,-0.0061,-0.00801714285714,0.306
0.464354516272,0.542257468652,-0.123960516118,-1.36420104906,0.0790837093272,1.89709326399,0.15815649115,-0.00432451124264,-0.0377420168105,0.00202178355286,-0.0529931644973,-0.00255323346998,0.0272260915328,-0.00596658731444,0.57390926089,0.818904370141,0.00213066409899,0.0,0.818862441005,-0.573848806144,-0.0119414110867,0.0,-0.00855635941146,0.00859817275727,-0.999926427363,0.0,0.660700074541,0.259646187977,0.303399526169,1.0,-0.00644,-0.008464,0.323
0.464270472973,0.541641874112,-0.123965447653,-1.36514065053,0.079024499527,1.89745617396,0.158018136707,-0.00739223087569,-0.036547440901,-0.000488283096477,-0.0569355331292,-0.0105146305233,0.0261882704926,-0.0137607093697,0.573904702968,0.818907485553,0.00216076788104,0.0,0.818866010374,-0.573844188193,-0.0119185415153,0.0,-0.00852040281736,0.00860965216473,-0.999926635622,0.0,0.660598247994,0.259499404691,0.30341919078,1.0,-0.00678,-0.00891085714286,0.34
0.464174346776,0.540903514768,-0.123975637992,-1.36627752916,0.0789730868127,1.89787405322,0.157877871463,-0.00279888180048,-0.0428442353218,-0.00644436250828,-0.060232513303,-0.0028838404508,0.0179858870985,-0.00319127543194,0.573925016971,0.818893186795,0.00218412836442,0.0,0.81885190111,-0.573864288731,-0.0119201119685,0.0,-0.00850806901322,0.00862989427952,-0.999926566147,0.0,0.66046882089,0.259324782119,0.303436620077,1.0,-0.00716,-0.00941028571429,0.359
0.464086586322,0.540380482974,-0.123961291379,-1.36709348761,0.0789150128293,1.89817427674,0.157766192027,-0.00651269244427,-0.040572088452,0.00138345423068,-0.0654323599951,-0.00735036487196,0.0312969894554,-0.0113302221058,0.573925045921,0.818893153986,0.00218881734227,0.0,0.818851927568,-0.573864296865,-0.011917902627,0.0,-0.00850356846605,0.00863246631401,-0.999926582229,0.0,0.660376749446,0.259196130701,0.303443452931,1.0,-0.00742,-0.009752,0.372
0.463954534466,0.539475479856,-0.12397493338,-1.36849209264,0.0788239427058,1.89870187074,0.157604223719,-0.00721821212589,-0.0403926387446,0.000441749099476,-0.0667155630978,-0.00259726826406,0.028386998374,-0.00408914985057,0.573963222669,0.818866339866,0.00220983245001,0.0,0.818825519654,-0.573902519133,-0.011891753311,0.0,-0.00846969116621,0.00863506250949,-0.999926847338,0.0,0.660224995617,0.258967960426,0.303463421702,1.0,-0.00784,-0.010304,0.393
0.463855152105,0.538861484961,-0.123977567579,-1.36944218556,0.0787757605445,1.89907466439,0.157472715169,-0.00708503788547,-0.039712672017,0.000502120877292,-0.0684792571182,-0.0043597166606,0.0250682982983,-0.010444757327,0.573978531573,0.818855514964,0.00224450612738,0.0,0.818815100223,-0.573917641036,-0.0118793878533,0.0,-0.00843950308274,0.00865651577043,-0.999926917091,0.0,0.66012478497,0.258813605151,0.303477384858,1.0,-0.00812,-0.010672,0.407
0.463716180922,0.537961896481,-0.123993110073,-1.37085543696,0.0786993721512,1.89962220107,0.157296161398,-0.0111491799467,-0.04441673565,-0.00237176890495,-0.0767561237099,-0.00306305474033,0.0306820830065,-0.0113922650394,0.57401642655,0.818828873302,0.00227270745824,0.0,0.818788845035,-0.573955439851,-0.0118628501398,0.0,-0.00840937331179,0.0086705052949,-0.999927049728,0.0,0.659974294385,0.258581707777,0.303488076926,1.0,-0.00852,-0.0111977142857,0.427
0.463629711971,0.537249717709,-0.124006959305,-1.37196691463,0.0786185421128,1.90003399962,0.157179255815,-0.00063611301146,-0.0490906743417,-0.000879503504947,-0.072832936524,-0.00230668494365,0.0295014183067,-0.00361829213075,0.574040834308,0.818811765255,0.00227167941472,0.0,0.818771903895,-0.573980034505,-0.0118421401785,0.0,-0.00839274666149,0.00865802600132,-0.999927297552,0.0,0.659847674976,0.258408899295,0.303498040671,1.0,-0.00882,-0.011592,0.442
0.463499229531,0.536361115802,-0.124022219043,-1.37334857827,0.0785489591903,1.90056036581,0.156992144905,-0.00983535100239,-0.0473155211439,-0.00399176378542,-0.0748734120497,-0.00689861945874,0.0360179013417,-0.0090008425804,0.574062714373,0.818796337772,0.00230306738262,0.0,0.81875684471,-0.574001748372,-0.0118308498183,0.0,-0.00836525285674,0.00867746901154,-0.9999273594,0.0,0.659696727272,0.258186066807,0.303513847752,1.0,-0.00918,-0.0120651428571,0.46
0.463406483107,0.535646382895,-0.124027605459,-1.37446820613,0.0784847928771,1.90096401813,0.156864149127,-0.00585481978232,-0.0552863843429,-0.00218276610142,-0.0755014147072,-0.00480033987311,0.0340981646396,-0.00650303181146,0.574081914219,0.818782878111,0.00230242935825,0.0,0.818743346442,-0.574020916846,-0.0118349728165,0.0,-0.00836879161904,0.00867950967441,-0.999927312078,0.0,0.659564929142,0.258015255289,0.303520525686,1.0,-0.00946,-0.0124331428571,0.474
0.463265159471,0.534598816383,-0.124028052459,-1.37615163518,0.0783941861614,1.90158113359,0.156658048555,-0.00907764375242,-0.047138383944,-0.000931842158228,-0.0790481577513,-0.00420088330536,0.0388471724543,-0.00652606080496,0.574096228306,0.818772894088,0.00228373646067,0.0,0.818732993651,-0.574035172068,-0.011859731798,0.0,-0.00839964359435,0.00867856477235,-0.99992706159,0.0,0.659355161042,0.257749698958,0.303506394867,1.0,-0.00988,-0.0129851428571,0.495
0.463171056657,0.533842995825,-0.124030793982,-1.3773736959,0.0783227588199,1.90202362009,0.156516150303,-0.00520138435986,-0.0523645279702,-0.00211981869647,-0.0858049369806,-0.00177261699578,0.0417949453947,-0.00839007290678,0.574102397209,0.818768628196,0.00226227817781,0.0,0.818728439054,-0.574041414889,-0.0118719828901,0.0,-0.00842192792707,0.00866809220571,-0.999926964987,0.0,0.659208468732,0.257569952305,0.303496497107,1.0,-0.01016,-0.0133531428571,0.509
0.463052484568,0.532922734908,-0.124031533128,-1.37885108071,0.0782372422365,1.90258188833,0.15632605961,-0.00137432566241,-0.0498037921944,-0.000988455143457,-0.086213071636,-0.00385886236345,0.0290935490221,-0.0119493434497,0.574107809071,0.818764806747,0.00227193675257,0.0,0.818724676307,-0.574046718921,-0.0118750075244,0.0,-0.00841880249044,0.00867779230925,-0.999926907171,0.0,0.659046017178,0.257364806584,0.303495989403,1.0,-0.01048,-0.0137737142857,0.525
0.46291013586,0.531777638426,-0.124025135573,-1.38069376221,0.0781365436915,1.90326775531,0.15609695057,-0.00761008095187,-0.0553898364463,-7.74336872343e-05,-0.0929121375783,-0.00180940297416,0.0351242915649,-0.0117971732428,0.574105912522,0.818766148557,0.00226761691598,0.0,0.818725813333,-0.574044686708,-0.0118948369015,0.0,-0.00843753880421,0.00868561992259,-0.999926681285,0.0,0.658824300397,0.257101266943,0.30348541966,1.0,-0.01088,-0.0142994285714,0.545
0.46278674153,0.530830073358,-0.124025587297,-1.38221104104,0.0780455624006,1.90380053608,0.15589530621,-0.00902937396442,-0.0576831903525,-0.000711935103208,-0.100460112201,-0.00212455536162,0.0318154515893,-0.0125274080214,0.574100205728,0.81877023512,0.00223668628427,0.0,0.81872942604,-0.574039031391,-0.0119190719491,0.0,-0.00847519928788,0.00867414954008,-0.99992646236,0.0,0.658638373936,0.256873501423,0.303477188695,1.0,-0.0112,-0.01472,0.561
0.462660148836,0.529866976607,-0.124028998302,-1.38376796959,0.0779472723595,1.90435458035,0.155692666773,-0.0075988524172,-0.0554452303453,-0.000514509617741,-0.0956763628883,-0.00101761773169,0.0308540356305,-0.0125125051494,0.574098459347,0.818771560869,0.00219931553896,0.0,0.818730258352,-0.574037429628,-0.0119390261881,0.0,-0.00851300957016,0.00865498935545,-0.999926307198,0.0,0.65844933253,0.256637692802,0.303462763821,1.0,-0.01152,-0.0151405714286,0.577
0.462514650533,0.528798780077,-0.124033956947,-1.38542086034,0.0778355767871,1.90497449818,0.155471049021,-0.0120894846745,-0.0608815809582,-0.00105524335926,-0.0960382464538,-0.00864156479944,0.031022958128,-0.00857048340401,0.574099255411,0.818770943555,0.00222122217593,0.0,0.818730046774,-0.574038259639,-0.0119136006608,0.0,-0.00847960680075,0.00865833730445,-0.999926562035,0.0,0.65825928124,0.256380848562,0.303482188062,1.0,-0.01186,-0.0155874285714,0.594
0.462378949754,0.527760666954,-0.124028424891,-1.38704271229,0.0777401396294,1.90560806354,0.155236717862,-0.00253952167906,-0.0657801751074,0.00128383587793,-0.103144339926,-0.00260561397249,0.0403065792506,-0.0124838503351,0.574076955388,0.818786459639,0.00226488535906,0.0,0.818746105668,-0.574015761398,-0.0118939909584,0.0,-0.00843872132546,0.00868259935125,-0.999926697539,0.0,0.658072163206,0.256143401507,0.303495835227,1.0,-0.01218,-0.016008,0.61
0.462230498905,0.526609766083,-0.124031799996,-1.38881424383,0.0776267328886,1.90627642019,0.154990016633,-0.0142106358643,-0.0663232139483,0.00595272744558,-0.107390511405,-0.00726579383512,0.0349197865577,-0.0166718462899,0.574064092472,0.81879537749,0.00230096406673,0.0,0.818755560323,-0.574002826914,-0.011867351697,0.0,-0.00839633448909,0.00869671504444,-0.999926931688,0.0,0.657865677032,0.255875602321,0.303520632046,1.0,-0.01252,-0.0164548571429,0.627
0.462087816354,0.525518004325,-0.124034994993,-1.39054847836,0.0775183826756,1.90690161573,0.15476809723,-0.00662418379506,-0.0714495293024,0.000996052737689,-0.108260727705,-0.00494118996408,0.0392107392319,-0.0163236251401,0.574065680887,0.818794312987,0.0022834074022,0.0,0.818754259808,-0.574004476454,-0.0118772874782,0.0,-0.00841453137622,0.00868805993276,-0.999926853963,0.0,0.657655426451,0.255613291223,0.303517561555,1.0,-0.01284,-0.0168754285714,0.643
0.461946414912,0.524406419231,-0.124037882806,-1.39230561777,0.0774107517303,1.90752829114,0.154524836438,-0.00963306915376,-0.071447220799,-0.000494127886421,-0.109662065352,-0.0039571357839,0.0468891060681,-0.0190980867803,0.574052896542,0.818803352141,0.00225596895967,0.0,0.818762897332,-0.573991756759,-0.0118965552497,0.0,-0.00844619434645,0.00867652273163,-0.99992668719,0.0,0.657426175297,0.255327783392,0.303511374442,1.0,-0.01318,-0.0173222857143,0.66
0.461785142676,0.523220690504,-0.124044253915,-1.39422282838,0.0772794761889,1.9082325315,0.154265434912,-0.00956074012473,-0.0683640353364,0.000189267774045,-0.110636255736,-0.0075026580976,0.0505183834308,-0.0103168554414,0.574041298718,0.818811548349,0.00223216425717,0.0,0.818770906243,-0.573980381077,-0.011894205719,0.0,-0.00845805735399,0.00865556309627,-0.999926768565,0.0,0.657210251722,0.255054665447,0.30349967979,1.0,-0.0135,-0.0177428571429,0.676
0.461622650108,0.521984293422,-0.124047841517,-1.39616637677,0.0771791624783,1.90899053865,0.154009719873,-0.00796286507157,-0.0781947412553,0.00124654670247,-0.112771443126,-0.0066519781553,0.0478663155062,-0.0197211365209,0.574044881013,0.818808899565,0.00228198975704,0.0,0.818768794689,-0.573983650484,-0.011881781095,0.0,-0.00841924538873,0.00868926491304,-0.999926803812,0.0,0.656984078232,0.254766509826,0.30350934271,1.0,-0.01384,-0.0181897142857,0.693
0.461431790721,0.520658309166,-0.124062631125,-1.39829895195,0.0770488511495,1.90979827261,0.153707881937,-0.0126611154183,-0.0733867868778,-4.86642355496e-05,-0.116616062959,-0.00292747918746,0.0415315845848,-0.0169823679949,0.574043405669,0.818809948109,0.00227688108375,0.0,0.818769840314,-0.573982261105,-0.0118768443139,0.0,-0.00841815099917,0.00868223287981,-0.999926874109,0.0,0.656736314778,0.254430542795,0.303496270106,1.0,-0.0142,-0.0186628571429,0.711
0.461276788056,0.519413092547,-0.124077744506,-1.40021261086,0.076918471575,1.9104894317,0.15345555292,-0.00483246795205,-0.0799410189815,-0.0013306232396,-0.120307519294,-0.00795156142354,0.0411185462999,-0.0175471515609,0.574040130512,0.818812233268,0.00228081418126,0.0,0.818772305949,-0.573979104303,-0.011859415471,0.0,-0.00840165654419,0.00867541492005,-0.999927072012,0.0,0.656489844667,0.254115569346,0.303517944015,1.0,-0.01454,-0.0191097142857,0.728
0.461088852598,0.517988022931,-0.12408538169,-1.40243254372,0.0767756022067,1.91128987467,0.153147114661,-0.00722821474986,-0.0807945681906,-0.00124017844551,-0.124255589292,-0.00860377325131,0.0428032611653,-0.019134676215,0.574026762951,0.818821592766,0.00228506831224,0.0,0.818781775974,-0.573965778759,-0.0118505294277,0.0,-0.00839207994131,0.0086736603324,-0.999927167653,0.0,0.656234558627,0.2537937208,0.303533292612,1.0,-0.01488,-0.0195565714286,0.745
0.460918159284,0.516701573003,-0.124087984966,-1.40442927324,0.0766531656978,1.91201941959,0.152865523778,-0.00867877373159,-0.0784833823927,-0.000810974588903,-0.126933638808,-0.00152386286053,0.0448296319747,-0.0165374737209,0.574010396565,0.818833022046,0.0023007701003,0.0,0.818793384816,-0.573949327565,-0.0118452214068,0.0,-0.00837889430904,0.00868330275569,-0.999927194541,0.0,0.655991690543,0.253489852341,0.303548726881,1.0,-0.0152,-0.0199771428571,0.761
0.460751256258,0.51541171665,-0.124090816209,-1.40647989387,0.0765210052912,1.91280855198,0.152591479211,-0.0110369393559,-0.0808111479375,-0.000686635254505,-0.131713989859,-0.00969208091156,0.0543474055688,-0.0197854009524,0.573997467484,0.818842037154,0.00231784652619,0.0,0.818802705113,-0.573936420093,-0.0118263558288,0.0,-0.00835378159756,0.00868632453962,-0.999927378413,0.0,0.655746957143,0.253184478389,0.303545729451,1.0,-0.01552,-0.0203977142857,0.777
0.460564928471,0.514028793664,-0.124080518436,-1.40871598972,0.0763891593417,1.91360268637,0.152291449035,-0.00667962934313,-0.0836161129623,0.00133961447093,-0.135663093268,-0.00508941895585,0.0485637484173,-0.0192428944983,0.573979073701,0.818855058476,0.00227223748986,0.0,0.818814949948,-0.57391801712,-0.0118715739669,0.0,-0.0084171824171,0.00867474407113,-0.999926947259,0.0,0.655462760555,0.252853739174,0.303519352814,1.0,-0.01586,-0.0208445714286,0.794
0.460363087851,0.512628878898,-0.124088655794,-1.41099734696,0.0762525286936,1.91438140501,0.151960511446,-0.0132285977951,-0.0740660177718,-0.00293591028824,-0.135588267719,-0.00185660209628,0.0459463442473,-0.0100883579585,0.573961710421,0.818867465175,0.00218548609565,0.0,0.818826092182,-0.573900865561,-0.0119320648479,0.0,-0.00851669130708,0.00863824770124,-0.999926420616,0.0,0.655172633578,0.252495219458,0.303482166202,1.0,-0.0162,-0.0212914285714,0.811
0.460162553824,0.511270241925,-0.124094014343,-1.41316368326,0.076120351965,1.91519607279,0.15166341977,-0.0159450306169,-0.0857604850306,-0.000552562808325,-0.139806675553,-0.00810586134843,0.0519713638166,-0.0158467961341,0.573964278263,0.818865657173,0.00218853422146,0.0,0.818824325338,-0.573903422165,-0.011930346324,0.0,-0.00851350751507,0.00863978401725,-0.999926434455,0.0,0.65491394478,0.252155426355,0.303473380782,1.0,-0.01652,-0.021712,0.827
0.459955737862,0.509795733595,-0.124100298737,-1.41550861613,0.0759790891867,1.91607718687,0.15132856991,-0.0126300664801,-0.0879106956704,-1.65405070235e-05,-0.13813214184,-0.009669170177,0.0541326506035,-0.0206238841363,0.573948266899,0.818876860377,0.00219576060987,0.0,0.818835606742,-0.573887367307,-0.0119283560012,0.0,-0.00850789923952,0.00864439265645,-0.999926442358,0.0,0.654630391163,0.251794417756,0.303466055973,1.0,-0.01686,-0.0221588571429,0.844
0.459744595224,0.508294573303,-0.124115132706,-1.41787965094,0.0758282603155,1.91692082761,0.151007078014,-0.00988910322076,-0.085951502989,-0.0010047430595,-0.13965347091,-0.00862570976625,0.0502722429441,-0.0218833308496,0.573950786444,0.818875169879,0.00216744028736,0.0,0.818833572824,-0.573890027671,-0.011939977297,0.0,-0.00853364286997,0.00862789834787,-0.999926365444,0.0,0.654336372281,0.251418907126,0.303461442398,1.0,-0.0172,-0.0226057142857,0.861
0.459538434281,0.506770614472,-0.124116389725,-1.42028082514,0.0756746238896,1.91779275146,0.150667913786,-0.00748917949398,-0.0813253730581,-0.000385588355385,-0.142320191813,-0.00742486764303,0.0519962809198,-0.0212495764524,0.573925540139,0.818892886427,0.0021591287763,0.0,0.818851173506,-0.573864810884,-0.0119449310907,0.0,-0.00854273554624,0.00862367219277,-0.99992632426,0.0,0.654036239491,0.251052844831,0.303459929676,1.0,-0.01754,-0.0230525714286,0.878
0.459336829037,0.505272631254,-0.12411706321,-1.42258720568,0.0755267021589,1.91868231512,0.150363250797,-0.0120320437823,-0.0872820182421,-0.000217981360653,-0.138684942264,-0.00750426087933,0.057839563117,-0.0194390872597,0.573920916036,0.818895956878,0.00222280161687,0.0,0.81885515385,-0.573860011106,-0.0119025866132,0.0,-0.00847156619731,0.00865146253967,-0.999926689694,0.0,0.653759137585,0.250703130693,0.303486319024,1.0,-0.01786,-0.0234731428571,0.894
0.459116595508,0.503619126077,-0.124116354365,-1.4250654289,0.075365460426,1.91963086661,0.150005376285,-0.0135501585543,-0.0970313219865,-0.000443347861615,-0.145190087621,-0.0206169588333,0.0592024166295,-0.0203477672819,0.573891648171,0.818916189317,0.00232334567969,0.0,0.818876789144,-0.57383044756,-0.0118392801816,0.0,-0.00836233272021,0.00869716531424,-0.999927212704,0.0,0.653460765536,0.25032565213,0.303544013502,1.0,-0.0182,-0.02392,0.911
0.458884721891,0.501932432494,-0.124116836817,-1.42756622732,0.0752058417691,1.9205504879,0.149658220275,-0.0169422894836,-0.100506294428,-0.00363559032259,-0.153121432766,-0.00969474667199,0.0564630092274,-0.0173289597309,0.57388242106,0.818922399854,0.00241178720412,0.0,0.818884171794,-0.573820906343,-0.0117909936161,0.0,-0.00827213413362,0.00874178663679,-0.999927573859,0.0,0.653154061315,0.249936075551,0.30361099286,1.0,-0.01854,-0.0243668571429,0.928
0.458643995604,0.500224770835,-0.124119519594,-1.4301591275,0.0750387731373,1.92146234987,0.149292837162,-0.0152143205239,-0.0973697681122,0.000446265630906,-0.156582092768,-0.00638402971282,0.0503457389537,-0.0264201366382,0.573869087698,0.81893168169,0.00243265487842,0.0,0.81889369756,-0.573807467207,-0.0117834449542,0.0,-0.00825411977545,0.00875440910358,-0.999927612294,0.0,0.652826138947,0.249527243397,0.303647553989,1.0,-0.01888,-0.0248137142857,0.945
0.458386627758,0.498536642253,-0.124122800966,-1.43277677824,0.0748783189055,1.92243115621,0.148921895118,-0.012674570844,-0.0908162210629,-0.000327374115536,-0.152212206465,-0.00596288182448,0.0597671469911,-0.0190754791152,0.573868332561,0.818932112281,0.00246561562829,0.0,0.818894523378,-0.573806553709,-0.0117705311221,0.0,-0.00822463785782,0.00877398312953,-0.999927683661,0.0,0.652505874448,0.249108959964,0.303663089358,1.0,-0.01922,-0.0252605714286,0.962
0.458129473203,0.496860108599,-0.124128676381,-1.43543560835,0.074719056298,1.92339772884,0.148517872841,-0.0152479176706,-0.09618011876,-0.00117147108869,-0.1584919035,-0.00663965951785,0.053685309454,-0.027857441252,0.573844120288,0.81894911502,0.00245347108603,0.0,0.81891127379,-0.57378228921,-0.0117880087197,0.0,-0.00824617981711,0.00877382354926,-0.999927507642,0.0,0.652174148218,0.248684457975,0.303650254022,1.0,-0.01956,-0.0257074285714,0.979
0.457887457892,0.49527379369,-0.124123456873,-1.43798977519,0.0745638076169,1.9242663658,0.14814855927,-0.0170149244743,-0.0932611709398,-0.000327466655523,-0.160706852803,-0.0149390731402,0.0542182389358,-0.0236201959672,0.573822856947,0.818964249536,0.00237354754895,0.0,0.818925149411,-0.573761101723,-0.0118551555437,0.0,-0.00834726001694,0.0087466854056,-0.999926906701,0.0,0.651838111939,0.248281809124,0.303614951557,1.0,-0.01988,-0.026128,0.995
0.457624652475,0.493573048402,-0.124120989362,-1.44076898333,0.0743899791923,1.92527542741,0.147774212996,-0.0123635636928,-0.104185524871,0.000822575034608,-0.163236694509,-0.0068087105371,0.0598593798296,-0.0214403062832,0.573822636097,0.818964580173,0.00231206092079,0.0,0.818924586663,-0.573761024996,-0.0118976659452,0.0,-0.00841735861232,0.00872072147089,-0.999926545848,0.0,0.651484148811,0.24784539953,0.30356395577,1.0,-0.021212,-0.0278786285714,1.012
0.457311750461,0.491454892109,-0.124118042727,-1.44412306686,0.0741747512987,1.92651684062,0.147286470517,-0.0169529416593,-0.114862581372,0.000774133087097,-0.182287489621,-0.0131512305899,0.0676313206027,-0.0342839389948,0.573787126042,0.818989460257,0.0023118991784,0.0,0.818949447742,-0.573725502577,-0.0118994385078,0.0,-0.00841928130008,0.00872124108919,-0.999926525129,0.0,0.651060879122,0.247323221747,0.303549085607,1.0,-0.02334,-0.0306754285714,1.031
0.457005187468,0.48955228161,-0.124124221461,-1.44722199672,0.073985924546,1.92759831617,0.146841204049,-0.020496463549,-0.119125407203,-0.000668041641223,-0.200714446766,-0.0124736601924,0.0743712291675,-0.0295798080256,0.573781276515,0.818993826018,0.00221507716062,0.0,0.818952368121,-0.573719855597,-0.0119705030766,0.0,-0.00853309865395,0.00868266039022,-0.999925896072,0.0,0.650659283747,0.246820947395,0.303491341196,1.0,-0.025132,-0.0330306285714,1.047
0.456638857141,0.487308232892,-0.12414192435,-1.45070209663,0.0737710797708,1.92890695974,0.146343091687,-0.0228706578278,-0.136089080822,0.000404383960849,-0.209023540542,-0.00857475083623,0.0746371782375,-0.0298450755594,0.57380091623,0.818979909645,0.00227223100571,0.0,0.818939241104,-0.573739305838,-0.0119362983159,0.0,-0.00847208339015,0.00871004574083,-0.999926176728,0.0,0.650235975401,0.246243603201,0.30350837749,1.0,-0.027036,-0.0355330285714,1.064
0.456295223987,0.485193582997,-0.124168188473,-1.45393291423,0.0735716883947,1.93013595727,0.145847166449,-0.0225390216497,-0.14401142768,-0.00383089690442,-0.212277669846,-0.00980938375758,0.0781294017017,-0.0313119663066,0.573801011677,0.818979587597,0.00236241383912,0.0,0.818940203395,-0.573739156946,-0.0118772872056,0.0,-0.00837200764011,0.00875004354993,-0.999926670424,0.0,0.649847778575,0.245701109451,0.303546354434,1.0,-0.028716,-0.0377410285714,1.079
0.455876648251,0.482656371974,-0.124211446016,-1.457875476,0.0733253528711,1.93147050475,0.145257519321,-0.0230750632554,-0.158328830054,-0.00126495686727,-0.238623741889,-0.014214755996,0.0747359275199,-0.045538988136,0.573818451687,0.81896755197,0.00229787396387,0.0,0.818927259045,-0.573756778961,-0.0119184684312,0.0,-0.00844258069619,0.00872099663473,-0.999926330811,0.0,0.649339746616,0.245021484773,0.303547353433,1.0,-0.03062,-0.0402434285714,1.096
0.455432826055,0.479942022027,-0.124248100745,-1.46209904338,0.073069985197,1.93300386386,0.144634990453,-0.0272756382082,-0.164218566985,-0.000268730029843,-0.252117401449,-0.0199977243726,0.0927385880617,-0.0392749871225,0.573835870802,0.818955296382,0.00231577403316,0.0,0.818915202948,-0.573774089639,-0.0119134940258,0.0,-0.00842805015921,0.00873298091787,-0.999926348795,0.0,0.648809385632,0.244310551337,0.303552936535,1.0,-0.032524,-0.0427458285714,1.113
0.454957621154,0.477068939791,-0.124260493241,-1.46646124508,0.0728005822276,1.93460510682,0.144000151816,-0.0261673924451,-0.169952834732,0.000234400803227,-0.2597763775,-0.0142378901051,0.0924347641218,-0.032988076771,0.573852777113,0.818943172179,0.00241202057877,0.0,0.818904280456,-0.573790561659,-0.0118708762476,0.0,-0.00833773893546,0.00878751846493,-0.999926628123,0.0,0.648262374722,0.243581933204,0.303605648393,1.0,-0.034428,-0.0452482285714,1.13
0.454482835167,0.474223552377,-0.124273607952,-1.4708127019,0.0725264639648,1.93621406743,0.14338122949,-0.0317093864479,-0.185024831297,-0.00021312231434,-0.275235219649,-0.0134574375124,0.0961706383789,-0.0425606458931,0.57388723936,0.818918745752,0.00250424783823,0.0,0.818881025808,-0.573824636053,-0.0118279132465,0.0,-0.00824925960017,0.00883873969222,-0.999926910527,0.0,0.647683581724,0.242804838965,0.303644383469,1.0,-0.036332,-0.0477506285714,1.147
0.453956965773,0.471093079066,-0.124280097868,-1.47568583345,0.0722255598255,1.93789148213,0.142651140331,-0.0257411868119,-0.189096024531,-0.00126545513841,-0.290330122501,-0.0202267957801,0.106265588337,-0.0471342138558,0.57386829047,0.818932195208,0.00244780438235,0.0,0.818893468015,-0.573805615594,-0.0118890898447,0.0,-0.00833195496106,0.00882743263956,-0.999926324766,0.0,0.647069633643,0.242040750375,0.303633269679,1.0,-0.038124,-0.0501058285714,1.163
0.453410582557,0.467767323885,-0.124272657664,-1.48067298845,0.0719040282424,1.93982038154,0.141840831527,-0.0272126257317,-0.196666118156,0.00178924766556,-0.301685385194,-0.021903876316,0.115169112582,-0.040971690186,0.573796588721,0.818981736691,0.00267144902829,0.0,0.818946037879,-0.573733211982,-0.0117616075397,0.0,-0.00809999868754,0.0089367149407,-0.999927259928,0.0,0.646449409378,0.24122497967,0.303722626464,1.0,-0.040028,-0.0526082285714,1.18
0.45281484477,0.464293107338,-0.124284217983,-1.48598338141,0.0715546425825,1.94165423095,0.141028423118,-0.0365149428697,-0.205377906144,-0.00047112005509,-0.326661162827,-0.0191640598196,0.108311303148,-0.044652252504,0.573781713975,0.818992174459,0.00266641779741,0.0,0.818956294132,-0.57371822942,-0.0117783035512,0.0,-0.00811672221127,0.00894202699902,-0.999927076828,0.0,0.645746227957,0.240320412927,0.303750320722,1.0,-0.041932,-0.0551106285714,1.197
0.452182544122,0.460737955893,-0.124299840167,-1.49156759546,0.071179967361,1.94360084557,0.140201562319,-0.040173405955,-0.220312101297,3.51442887114e-05,-0.328952354938,-0.0195636910528,0.115228875796,-0.0498907085679,0.573791730471,0.818985417204,0.00258521767659,0.0,0.818948416257,-0.573728474106,-0.011826935829,0.0,-0.00820303291515,0.00890352931795,-0.999926716023,0.0,0.645004967865,0.239363060238,0.303710795814,1.0,-0.043836,-0.0576130285714,1.214
0.451511618787,0.457068529231,-0.124315485779,-1.49729764464,0.0707953312725,1.94563123568,0.139327846435,-0.0327188472137,-0.218418550367,-0.00100022750047,-0.338039347083,-0.014853271961,0.11959287308,-0.0575220880573,0.573796804172,0.818981979815,0.00254777593314,0.0,0.818944475409,-0.573733670643,-0.0118477115864,0.0,-0.00824147612719,0.00888483713072,-0.999926566174,0.0,0.644250940711,0.23837001794,0.303684674631,1.0,-0.04574,-0.0601154285714,1.231
0.450847792886,0.453503836437,-0.124350937572,-1.50292072188,0.0704037176128,1.94759955517,0.138435934162,-0.0385976442902,-0.222642116646,-0.00515223710672,-0.349238572642,-0.0249027549518,0.121029161723,-0.0592684675949,0.573785923296,0.818989904763,0.00244888264469,0.0,0.818951230599,-0.57372329611,-0.0118831099886,0.0,-0.008327326422,0.00882404658215,-0.999926393209,0.0,0.643505856362,0.237376953343,0.303629699022,1.0,-0.047532,-0.0624706285714,1.247
0.450122026283,0.449427334582,-0.124402736854,-1.50899898631,0.069982369844,1.94987255348,0.137504804552,-0.0398988854147,-0.237424036365,0.000401518831037,-0.363836712043,-0.0259524172583,0.138446260474,-0.0476674624317,0.573816190974,0.818968068058,0.00265129760081,0.0,0.818932506074,-0.573753323652,-0.0117226700846,0.0,-0.00807945721583,0.00889806299989,-0.999927770814,0.0,0.642733939822,0.236303842197,0.303732096119,1.0,-0.049436,-0.0649730285714,1.264
0.449310636905,0.444997645412,-0.124417715567,-1.51580636864,0.0695245733854,1.95210586128,0.136493259939,-0.0490047140745,-0.247251332664,0.000821347136334,-0.381162257395,-0.0305932070961,0.12532254734,-0.0543761695267,0.573842111403,0.818950296875,0.00252771246458,0.0,0.818912796359,-0.573779333169,-0.0118260597398,0.0,-0.0082347645071,0.00885643768728,-0.999926873409,0.0,0.641784743814,0.235110326799,0.30372127359,1.0,-0.051452,-0.0676226285714,1.282
0.448515452466,0.440732819486,-0.124438782408,-1.52239634049,0.0690634364477,1.95439820679,0.135426406234,-0.049843955552,-0.253488246577,-0.00205195023339,-0.390296052579,-0.0261172715133,0.138479600539,-0.0634482971232,0.573800209986,0.818979795566,0.002482010236,0.0,0.818941736082,-0.573737648585,-0.0118444248364,0.0,-0.0082764812625,0.00882912521798,-0.999926770522,0.0,0.64088814249,0.233951577806,0.303701959306,1.0,-0.053356,-0.0701250285714,1.299
0.447659175921,0.436343854622,-0.124436903529,-1.52912623889,0.0686337308304,1.95679826472,0.134337764021,-0.0525737090825,-0.265418939066,-0.00306117071521,-0.392351836259,-0.0222081881896,0.136203276183,-0.059535772912,0.57378672591,0.81898906447,0.00254014734602,0.0,0.818951459622,-0.573723621376,-0.0118515805027,0.0,-0.00824913111551,0.0088807079313,-0.999926539733,0.0,0.639980443634,0.232765861881,0.303705065153,1.0,-0.05526,-0.0726274285714,1.316
0.447033199876,0.433095608728,-0.124460410898,-1.53392254536,0.0682934535389,1.95857821664,0.133558105203,-0.0519466475679,-0.269915995289,-0.000569304679936,-0.408813933531,-0.0287541770776,0.151215846832,-0.0638596075751,0.573802081493,0.818977746341,0.00271462235214,0.0,0.818942777439,-0.57373873662,-0.0117190563725,0.0,-0.00804031717947,0.00894771157958,-0.999927643261,0.0,0.639303794454,0.231821935183,0.30378722366,1.0,-0.056716,-0.0745410285714,1.329
0.44592988364,0.42768264969,-0.124506826738,-1.54235472364,0.0676784000269,1.96137252115,0.13222570017,-0.0536017503906,-0.277067599554,-0.00302048348237,-0.424850366086,-0.0305425959652,0.132350873944,-0.0719500156195,0.573829588089,0.818959171801,0.00249512680688,0.0,0.818921337161,-0.573767030934,-0.0118315112002,0.0,-0.00825806210714,0.00883275383743,-0.999926890762,0.0,0.638176441443,0.230341545633,0.303710194633,1.0,-0.058844,-0.0773378285714,1.348
0.444971880096,0.422866406715,-0.124567183912,-1.5496918201,0.0671344825624,1.96384791116,0.130993271472,-0.0592665091474,-0.281709989553,-0.0135342610564,-0.431367696709,-0.0285401399468,0.146029873226,-0.0644769987275,0.573807820959,0.818974643098,0.00242187317183,0.0,0.818936120664,-0.573745827655,-0.0118364868676,0.0,-0.00830440286594,0.00877539711096,-0.999927011986,0.0,0.637155065539,0.228982067471,0.30370878348,1.0,-0.060748,-0.0798402285714,1.365
0.443961784654,0.417933566818,-0.12457267009,-1.55711937854,0.0666214310585,1.96647670675,0.129819715751,-0.0633391903594,-0.296013139507,-0.000237015747997,-0.436238890973,-0.0309548391897,0.161727636169,-0.0713944370682,0.573841879528,0.81895050474,0.00251296363275,0.0,0.818913128907,-0.573779496816,-0.0117950514305,0.0,-0.00821783453254,0.00882656333205,-0.999927276843,0.0,0.636190689455,0.227708769355,0.303745793729,1.0,-0.06254,-0.0821954285714,1.381
0.442964088161,0.413173327783,-0.12458221592,-1.5642158483,0.0661337429827,1.96907306079,0.12860704655,-0.0607738380129,-0.297024864461,-0.00351414581171,-0.449438073405,-0.034749882577,0.155526278194,-0.0741342066892,0.573835303585,0.818954389326,0.00273851506809,0.0,0.818920044152,-0.573772220678,-0.0116682031698,0.0,-0.00798459605766,0.00893842388104,-0.999928172823,0.0,0.635173437187,0.226322486312,0.303821693056,1.0,-0.064444,-0.0846978285714,1.398
