position_joint1,position_joint2,position_joint3,position_joint4,position_joint5,position_joint6,position_joint7,velocity_joint1,velocity_joint2,velocity_joint3,velocity_joint4,velocity_joint5,velocity_joint6,velocity_joint7,ee_T_00,ee_T_10,ee_T_20,ee_T_30,ee_T_01,ee_T_11,ee_T_21,ee_T_31,ee_T_02,ee_T_12,ee_T_22,ee_T_32,ee_T_03,ee_T_13,ee_T_23,ee_T_33,v_x,v_y,time
0.465100348477,0.547536055104,-0.124003697673,-1.3557403368,0.0794428828677,1.89410268275,0.159143837237,-4.35300066302e-05,0.000306696587868,-0.000942811660899,0.0013875457501,-0.000313903895122,-0.000646196049926,-0.00166124138763,0.573761309177,0.819007847524,0.00220288161863,0.0,0.818968679673,-0.573702438296,-0.0116859278541,0.0,-0.00830722800207,0.00850918814342,-0.99992928934,0.0,0.661704993199,0.260904501842,0.303432724502,1.0,0.0,0.0,0.0
0.465097842823,0.547536125603,-0.124003392084,-1.35574284246,0.0794442052179,1.89410406452,0.159146137432,-0.000297544602931,-0.000390938944387,-0.000723827303859,0.000383720610678,0.000250414302632,-0.00680607707232,0.000514870150522,0.573765528473,0.819004892262,0.00220265476519,0.0,0.81896570784,-0.573706643969,-0.011687726405,0.0,-0.00830878740183,0.00851007708165,-0.999929268819,0.0,0.661705201915,0.260903030393,0.30343159423,1.0,-0.00014,-0.000184,0.008
0.465097165632,0.547532914527,-0.12399813875,-1.35575217257,0.0794428827895,1.89410186895,0.159153303512,0.000481747756111,-0.000197480100628,0.000892564146448,-0.00132128338289,-0.000324344376768,-0.000533147031817,0.000644619610625,0.573768420931,0.819002882417,0.0021965054238,0.0,0.818963592417,-0.57370953269,-0.0116941565262,0.0,-0.00831755194078,0.00850875951678,-0.999929207165,0.0,0.661701754027,0.260904192237,0.303429060459,1.0,-0.00048,-0.000630857142857,0.025
0.465097129826,0.54751181294,-0.124000925743,-1.35576657025,0.0794434931431,1.89410687516,0.159141304593,-0.0009816669533,-0.00393256915968,0.000489040030599,-0.000686558495129,-0.00024354336304,-0.000180140262176,-0.000925266464177,0.573761513662,0.819007692996,0.00220706924595,0.0,0.8189685395,-0.573702586156,-0.0116884921264,0.0,-0.00830692357088,0.00851409113447,-0.999929250134,0.0,0.661700624867,0.260901564112,0.303437684331,1.0,-0.00086,-0.00113028571429,0.044
0.465101706665,0.547416600962,-0.124000952113,-1.35584790745,0.0794441657881,1.89411882026,0.159148861859,0.00062430309188,-0.0095411664209,-0.000389715918343,-0.00172756580373,-6.15141442142e-06,0.00447214526813,-2.79369502267e-05,0.573768499698,0.819002726196,0.00223386207164,0.0,0.818963849705,-0.573709399009,-0.0116826908509,0.0,-0.00828672753475,0.00853277656623,-0.999929258433,0.0,0.661685649602,0.260897094489,0.303467455904,1.0,-0.00116,-0.00152457142857,0.059
0.465101306124,0.547261661944,-0.124000277519,-1.35604022148,0.0794394152067,1.89416134417,0.159140287893,0.00170536635395,-0.00553348919197,-0.00673935055803,-0.0110644029244,-9.03504605128e-05,0.00412376879149,-0.00141559333997,0.573770592356,0.819001232417,0.00224400276812,0.0,0.818962387724,-0.573711350917,-0.0116893209193,0.0,-0.00828631791676,0.00854490696908,-0.999929158241,0.0,0.661654347933,0.260878541689,0.303489331287,1.0,-0.00154,-0.002024,0.078
0.465081229371,0.547139122985,-0.124005646447,-1.35621414014,0.0794373082471,1.89421701979,0.159140019087,0.000211637820088,-0.00863687982526,-0.000839832073949,-0.0157843058945,0.00012774180466,0.00487824777319,-0.00103673023034,0.573800379161,0.818980334182,0.00225477261808,0.0,0.81894155871,-0.573741021263,-0.011692341047,0.0,-0.0082823012934,0.00855576145336,-0.999929098702,0.0,0.661633805562,0.260845435657,0.30350034518,1.0,-0.00184,-0.00241828571429,0.093
0.465057056635,0.546905994052,-0.123997772021,-1.35646794565,0.0794303173808,1.89436495902,0.159132101549,2.66813486835e-05,-0.00940701048976,0.00112798147474,-0.0199623093713,-0.000262280749383,0.00427753574259,0.00135643557753,0.573820050756,0.818966238822,0.00236557004765,0.0,0.818928875256,-0.573760259549,-0.0116365259282,0.0,-0.00817280913976,0.00861467137633,-0.999929493828,0.0,0.661617751303,0.260816981419,0.303555254991,1.0,-0.00222,-0.00291771428571,0.112
0.465037935625,0.546738205578,-0.123993142472,-1.3566694358,0.0794268670425,1.89447102843,0.159120012216,-0.00094565563711,-0.0163295651154,0.00117605394518,-0.0135173038632,0.000187372069139,0.00065761294812,0.000400723940308,0.57383306318,0.818956924725,0.00243268318791,0.0,0.818920375517,-0.573772973051,-0.0116077930435,0.0,-0.00811063078332,0.00865327587105,-0.999929666769,0.0,0.661601241945,0.260791947821,0.303587243105,1.0,-0.0025,-0.00328571428571,0.126
0.464999188755,0.546482686956,-0.124001239913,-1.3570367709,0.0794118742128,1.89462219842,0.159098025559,-0.00513729037457,-0.0111740961642,-0.000597003124169,-0.0208508136479,-0.00153367890264,0.00990971611961,-0.00521778521793,0.573869089003,0.818931576159,0.00246762204673,0.0,0.818895477888,-0.573808870385,-0.0115897999833,0.0,-0.00807546522621,0.00867191945464,-0.999929789872,0.0,0.661566678194,0.260729216295,0.303606727467,1.0,-0.00288,-0.00378514285714,0.145
0.464972918278,0.546260151188,-0.124004023029,-1.35737499087,0.0793956050714,1.89473523885,0.15903794198,0.000977877061524,-0.0222671620395,-0.00105009874692,-0.0271600240822,0.00901867497975,0.0125516215439,-0.00374457086658,0.573852585019,0.818943138376,0.00246853684051,0.0,0.818906985863,-0.573792294278,-0.0115973459542,0.0,-0.00808129506529,0.00867683607469,-0.999929700122,0.0,0.661523083962,0.260673967852,0.303614001157,1.0,-0.00318,-0.00417942857143,0.16
0.464925917792,0.545917890181,-0.124001371788,-1.35794523862,0.0793425797415,1.89492979803,0.158923765192,-0.00101712152738,-0.0168834973679,-0.00048860350039,-0.0288235563249,-0.0088173763037,0.0099102942239,-0.0016246397388,0.573818763614,0.818966952675,0.00242978436584,0.0,0.818930440013,-0.573758764482,-0.0116000646993,0.0,-0.00810611562972,0.00864632563199,-0.999929763505,0.0,0.661457466604,0.260589900303,0.303600833243,1.0,-0.00358,-0.00470514285714,0.18
0.464885601063,0.545673308908,-0.124002056984,-1.35833496981,0.0793000532386,1.89507193457,0.158901453658,-0.00207967538153,-0.0199318305854,-0.000733523526101,-0.0271560822732,-0.00130643577703,0.0107174963468,-0.000837431879891,0.573844481785,0.818948973172,0.00241598141295,0.0,0.818912445568,-0.573784702501,-0.0115874316041,0.0,-0.00810341805353,0.00862802704767,-0.999929943429,0.0,0.661415837065,0.260522546456,0.303600782783,1.0,-0.00384,-0.00504685714286,0.193
0.464833356538,0.545275202247,-0.124002028469,-1.35904259118,0.0792764928296,1.89529592845,0.158805916396,-0.00193524979655,-0.0187975914454,0.00127178541664,-0.0364850140361,6.51371756845e-05,0.00302223346035,-0.00763776814467,0.573842148066,0.818950790557,0.00235343393706,0.0,0.818913230203,-0.573782356302,-0.0116479996492,0.0,-0.00818893731371,0.00861153712559,-0.999929388874,0.0,0.661323415628,0.260420621652,0.303565208257,1.0,-0.00424,-0.00557257142857,0.213
0.464779156894,0.544942322056,-0.124000233228,-1.35960439735,0.0792575642036,1.89548367942,0.158725522125,-0.00812959773048,-0.0292527520686,0.000974169730848,-0.0409907056122,-4.73570976594e-05,0.0110043156438,-6.03043479284e-05,0.573845700016,0.818948377293,0.00232697310665,0.0,0.818910302505,-0.573785824541,-0.0116829323403,0.0,-0.00823269280425,0.00860994850591,-0.999929043261,0.0,0.661255315099,0.260333176722,0.303549642146,1.0,-0.00452,-0.00594057142857,0.227
0.464705909112,0.544466161231,-0.12400677168,-1.36044383734,0.0792164112066,1.8957613962,0.158658008674,-0.00177523179822,-0.021399641113,5.88036676639e-05,-0.0388591172827,-0.00135611700193,0.0154330384793,-0.00225585111171,0.573890771802,0.81891699039,0.00225650007232,0.0,0.818877899657,-0.573831047659,-0.0117329065734,0.0,-0.00831358680138,0.00858137006665,-0.999928619634,0.0,0.66115315658,0.260199743756,0.30351135716,1.0,-0.00492,-0.00646628571429,0.247
0.464649119682,0.544083042338,-0.124004900331,-1.36104899356,0.0791825577233,1.89597720774,0.158553960022,-0.00116753535285,-0.032028779381,0.000258007792499,-0.0439862288436,-0.00254374359513,0.0204197629976,-0.00372900525421,0.573875450009,0.818927736188,0.0022533707215,0.0,0.818888554042,-0.573815687171,-0.0117405330406,0.0,-0.00832178889583,0.00858302842378,-0.999928537173,0.0,0.66108335693,0.26010564494,0.303513057345,1.0,-0.0052,-0.00683428571429,0.261
0.464560165507,0.543522406689,-0.124012885194,-1.3619614267,0.0791403014688,1.89630128472,0.158442776123,-0.00413899316779,-0.033257345099,-0.00113629365899,-0.0491911366404,-0.00474361390852,0.015797859244,-0.000697308190278,0.573902381356,0.818908915306,0.00223428019619,0.0,0.818869385334,-0.573842584933,-0.011762838997,0.0,-0.00835072937815,0.00858047016346,-0.999928317856,0.0,0.660980133532,0.259956420696,0.303503779385,1.0,-0.00558,-0.00733371428571,0.28
0.464505421439,0.543092861573,-0.124008715972,-1.36264378084,0.0790967061507,1.89653866155,0.158368355046,-0.00488740337157,-0.0302868085951,0.000365997667829,-0.0501989716303,-0.00147556448567,0.018455377356,-0.00922395875106,0.573909631397,0.818903871025,0.00222079073468,0.0,0.818864140926,-0.573849860209,-0.0117730007196,0.0,-0.0083667164954,0.00857532950219,-0.999928228314,0.0,0.660897401906,0.259856347895,0.303503276891,1.0,-0.00586,-0.00770171428571,0.294
0.464415529119,0.542469974121,-0.124014359937,-1.36364243988,0.0790323339784,1.89689045803,0.158219823161,-0.0042977448958,-0.0363877180083,-0.00145155983348,-0.0536460364967,-0.00389368508264,0.0159571768224,-0.00823184055067,0.573903862604,0.818907978629,0.00219679918228,0.0,0.818867965408,-0.573844213794,-0.0117822079951,0.0,-0.0083880851301,0.00856090797923,-0.999928172862,0.0,0.660782158736,0.259696760812,0.303499152597,1.0,-0.00624,-0.00820114285714,0.313
0.464354761299,0.541956740215,-0.12401230817,-1.36445860965,0.0789825107904,1.89719806946,0.158123524027,-0.00581507727756,-0.0403380411528,0.00110341353827,-0.0552151742254,-0.00258306758743,0.0214632852513,-0.00683724275071,0.573905443217,0.818906862258,0.00220002115267,0.0,0.81886688517,-0.573845775914,-0.0117812027608,0.0,-0.00838539638595,0.00856298572468,-0.999928177622,0.0,0.660686985883,0.259580465818,0.303500198741,1.0,-0.00654,-0.00859542857143,0.328
0.464256394734,0.541267683877,-0.124020504278,-1.36552326932,0.0789153190014,1.89759463519,0.157985644289,-0.00839011133015,-0.0325670520028,0.000275833900415,-0.0526301870272,-0.00650189034795,0.0216699030215,-0.011992260805,0.573919996022,0.818896625755,0.00221390901493,0.0,0.818856889851,-0.573860335609,-0.0117667352613,0.0,-0.00836542629166,0.00856620423069,-0.999928317325,0.0,0.660569810254,0.259409436506,0.303515248598,1.0,-0.00692,-0.00909485714286,0.347
0.464174471242,0.540662447384,-0.124015499943,-1.36642697299,0.078862847252,1.89793172814,0.157858887216,-0.00346638388935,-0.0401418301543,0.000913260632474,-0.0613064307403,-0.00467753738025,0.0215148780211,-0.00609405291422,0.573915830665,0.818899447844,0.00224956314276,0.0,0.81886012859,-0.573855986917,-0.0117534244496,0.0,-0.00833410797201,0.00858771926069,-0.999928394297,0.0,0.660467420441,0.259273283897,0.303541978734,1.0,-0.00722,-0.00948914285714,0.362
0.464083621169,0.539995928047,-0.124025699363,-1.36743967628,0.0788090868765,1.89829600858,0.157748152296,-0.00995306710532,-0.0446930371723,-0.000373174325783,-0.0664511800902,-0.000795202020326,0.0271842504945,-0.00491434858509,0.573948325743,0.818876625388,0.00226686378692,0.0,0.818837495772,-0.573888376191,-0.0117487910544,0.0,-0.00832004377992,0.00859955758985,-0.999928409678,0.0,0.660352603415,0.259111929884,0.303562914275,1.0,-0.00754,-0.00990971428571,0.378
0.463980861854,0.539264774777,-0.12402615688,-1.36859985739,0.0787407156583,1.8987385066,0.157602222585,-0.00361295534776,-0.0416834294418,0.00140352675259,-0.0747661511389,-0.0115052352545,0.0222633986172,-0.0110716731061,0.573959309582,0.818868896495,0.00227776163564,0.0,0.81882990135,-0.573899310186,-0.0117439909912,0.0,-0.00830974310028,0.00860583798551,-0.999928441301,0.0,0.660222477876,0.258934655848,0.303565677057,1.0,-0.00788,-0.0103565714286,0.395
0.463878715441,0.538565209062,-0.124033182484,-1.36969188782,0.0786708184441,1.89916287215,0.157461491136,-0.00619885003176,-0.0462225853218,0.000378055471264,-0.0683280384396,-0.00373011448082,0.0283455216331,-0.0111688229042,0.573974411866,0.818858249358,0.00229975688453,0.0,0.818819624989,-0.573914416463,-0.0117222527804,0.0,-0.00827915915934,0.00861152501366,-0.999928646035,0.0,0.660104868964,0.258760187998,0.30357708098,1.0,-0.0082,-0.0107771428571,0.411
0.463764033943,0.537790829317,-0.124043556074,-1.37091455011,0.0786144195103,1.89962092453,0.157311845126,-0.00456192924038,-0.047660650365,-0.0028205103624,-0.0792318497268,-0.00737188108566,0.0241215911861,-0.00625638698313,0.574005510379,0.818836409593,0.00231414784214,0.0,0.818797865183,-0.573945346114,-0.0117278535094,0.0,-0.00827515839808,0.00862683794552,-0.999928547158,0.0,0.65996873695,0.258565455495,0.303582095514,1.0,-0.00854,-0.011224,0.428
0.463658244833,0.536977794422,-0.124043563796,-1.37217949986,0.0785271720004,1.9000912747,0.157151620736,-0.00242214809543,-0.0487396838258,0.000869326515378,-0.0787056978091,-0.0023832389283,0.0193535227206,-0.00240549477318,0.574007264735,0.818835153733,0.00232334746771,0.0,0.818796813245,-0.573947154191,-0.0117128014459,0.0,-0.00825753388841,0.00862574869534,-0.999928702255,0.0,0.659823049277,0.258373964151,0.303594807973,1.0,-0.00888,-0.0116708571429,0.445
0.463542506854,0.536141697385,-0.124052788573,-1.37349924474,0.0784493900168,1.90060332691,0.157000998652,-0.0150400005369,-0.0482656812205,0.000776613737463,-0.0775695489161,-0.00491991330078,0.0357742067905,-0.00243360991164,0.574037126102,0.818814159947,0.00234440347258,0.0,0.818776138275,-0.573976981779,-0.0116964388393,0.0,-0.0082317345997,0.00863389798805,-0.999928844644,0.0,0.659677449879,0.258168723317,0.303601517041,1.0,-0.00922,-0.0121177142857,0.462
0.463437441751,0.535262306101,-0.124056456813,-1.3748805412,0.078369714782,1.90109929982,0.156832513169,-0.00319567417526,-0.0538539027384,0.00117366051489,-0.0854071733129,-0.00964863354582,0.0314800691072,-0.0157535637864,0.574042200265,0.81881061391,0.00234046235122,0.0,0.818772489642,-0.573982015895,-0.0117048082376,0.0,-0.00824079658113,0.00863552632126,-0.999928755941,0.0,0.659511253383,0.257965636509,0.303607737062,1.0,-0.00956,-0.0125645714286,0.479
0.463322916097,0.534430265193,-0.124061647868,-1.37623814669,0.0783040325432,1.90159303304,0.156663943345,-0.00943742088718,-0.0476062203671,-0.000914139596817,-0.0877093006337,-0.000631399172398,0.0325420165191,-0.0190234169082,0.574058625946,0.818799145211,0.00232393631973,0.0,0.818760679618,-0.573998368213,-0.0117290111248,0.0,-0.0082699278495,0.00863605396131,-0.999928510877,0.0,0.659341806135,0.257746163447,0.303596057159,1.0,-0.0099,-0.0130114285714,0.496
0.463201573761,0.533501101291,-0.124062139023,-1.37772480602,0.0782115414949,1.90213621028,0.156477322497,-0.0100817129234,-0.0593462539897,0.00106737138985,-0.0903303892986,-0.00461566560127,0.0367486841966,-0.0105211950966,0.574061943801,0.81879687179,0.00230528242663,0.0,0.818758138239,-0.57400172865,-0.0117419536576,0.0,-0.00829119845687,0.00862824360884,-0.999928402157,0.0,0.65917409285,0.257537072432,0.303586370802,1.0,-0.01022,-0.013432,0.512
0.463075535672,0.532562370741,-0.124062403181,-1.37922852412,0.0781334096634,1.90270466775,0.156291383368,-0.00543237020275,-0.0601026952207,0.000173300068544,-0.0902516841061,-0.00664165381062,0.0398808590888,-0.0159192315185,0.574074443489,0.818788084958,0.00231347467592,0.0,0.81874934322,-0.574014076676,-0.0117515810185,0.0,-0.00829424717732,0.00864060456319,-0.999928270136,0.0,0.65899893467,0.25731358975,0.303581840366,1.0,-0.01056,-0.0138788571429,0.529
0.462945522133,0.531596560523,-0.124062068985,-1.38078380326,0.0780340703733,1.9032687772,0.156095280976,-0.00777926165034,-0.0581113698106,-0.000390954708052,-0.0952582095393,-0.00361483683515,0.029669306616,-0.0156795959496,0.574078212403,0.818785513577,0.00228816567307,0.0,0.818746449174,-0.574017947108,-0.0117641516486,0.0,-0.0083190289542,0.00862713676793,-0.999928180555,0.0,0.658813254366,0.257078390046,0.303571224418,1.0,-0.0109,-0.0143257142857,0.546
0.462814903778,0.530593544101,-0.124063008296,-1.38241036531,0.0779412019234,1.90384830603,0.155891130915,-0.00419170981123,-0.0624184702124,-0.00152581216241,-0.096516690003,-0.000474758427542,0.0377100775872,-0.00727483012513,0.574082202556,0.818782813841,0.00225285771621,0.0,0.818743190108,-0.574021967825,-0.011794744928,0.0,-0.00836430565998,0.0086158309417,-0.999927900325,0.0,0.658614652812,0.256836194097,0.303554086057,1.0,-0.01124,-0.0147725714286,0.563
0.462669463671,0.529571329858,-0.124064845195,-1.38405509386,0.0778315772991,1.9044413436,0.155672899631,-0.0033606906347,-0.0588020868988,-0.00253783537664,-0.0936167953051,-0.0113890611901,0.0407984134988,-0.0103442834111,0.574083696835,0.818781852763,0.00222115200143,0.0,0.818741867174,-0.574023636125,-0.0118053804778,0.0,-0.00839119910853,0.00859599210365,-0.999927845746,0.0,0.658419479158,0.25658005713,0.303542768177,1.0,-0.01158,-0.0152194285714,0.58
0.462532560375,0.528552900175,-0.124065256515,-1.38563015439,0.0777362195701,1.9050270733,0.155459866491,-0.00714201918047,-0.0677326153015,0.000530303073226,-0.100996582925,-0.00879628351275,0.0379218609473,-0.0103333586771,0.574081887752,0.818783033522,0.0022532361658,0.0,0.818743422438,-0.574021659567,-0.0117936196475,0.0,-0.00836317032484,0.00861549159552,-0.999927912745,0.0,0.658224356431,0.256325489914,0.303562321516,1.0,-0.01192,-0.0156662857143,0.597
0.462383397018,0.527454073081,-0.124071157804,-1.38735291493,0.0776203643762,1.90569886698,0.155216126711,-0.00488114456838,-0.063514992071,-0.00118806502777,-0.1053836734,-0.00541127565901,0.035926831974,-0.0136820612539,0.574070351196,0.818791057042,0.00227677106282,0.0,0.818751930161,-0.574010218735,-0.0117597851499,0.0,-0.00832207728346,0.0086152205629,-0.999928257929,0.0,0.658040865886,0.256075581281,0.303572979211,1.0,-0.01224,-0.0160868571429,0.613
0.462229963048,0.526311317947,-0.124074424265,-1.38914635875,0.0775168872053,1.90637640216,0.154966901584,-0.00884794186883,-0.0596572303556,0.00034549538503,-0.108473742263,-0.00637361663866,0.0364015811854,-0.019278774118,0.574063316489,0.818795922376,0.00230066579223,0.0,0.818757067837,-0.574003055066,-0.0117517463892,0.0,-0.00830185266727,0.008630099041,-0.999928297746,0.0,0.657831462168,0.255804075282,0.303582358505,1.0,-0.01258,-0.0165337142857,0.63
0.462084456731,0.525111243533,-0.124083313739,-1.39097383947,0.0773941834027,1.90703768556,0.154718458896,-0.00446071657422,-0.0724848370817,-0.000487043923636,-0.108626432108,-0.00881850862475,0.0382307940365,-0.0128195681378,0.574050479858,0.818804862077,0.00232192050604,0.0,0.818766385185,-0.573990246182,-0.0117282002439,0.0,-0.00827050689316,0.0086338556658,-0.999928525072,0.0,0.657612068481,0.255527083709,0.303614264499,1.0,-0.01292,-0.0169805714286,0.647
0.461930117727,0.524020759257,-0.124092794712,-1.39272852589,0.0772732939328,1.90766783267,0.15448047531,-0.0041240385489,-0.0658911365741,7.15647197684e-05,-0.107864463689,-0.00838343445349,0.0368719450474,-0.0121492768254,0.57405028176,0.818805112451,0.00228226561198,0.0,0.818766235346,-0.573990315884,-0.0117352473378,0.0,-0.0082990419388,0.00860542974515,-0.999928533687,0.0,0.657402400912,0.255249366462,0.303600808127,1.0,-0.01324,-0.0174011428571,0.663
0.461770337231,0.522822568756,-0.124100018639,-1.39465208783,0.0771695177214,1.90838693695,0.154219007845,-0.0121078613032,-0.0724706426676,-0.000631264819129,-0.119722399116,-0.00265533918341,0.0442210045105,-0.0201270808472,0.574047485306,0.818807077124,0.00228078198875,0.0,0.818768077765,-0.573987418614,-0.0117484044386,0.0,-0.00831069653979,0.00861173931176,-0.99992838257,0.0,0.657172971784,0.254959542746,0.303590096993,1.0,-0.01358,-0.017848,0.68
0.461613011586,0.52159418579,-0.124100380694,-1.3966144957,0.077049414729,1.90915932318,0.153954818939,-0.0120938257575,-0.0682312587599,0.000553010843742,-0.121565119719,-0.00337123406195,0.0528910099179,-0.0107848508476,0.574033163786,0.818817036544,0.00230964071187,0.0,0.818778450527,-0.573973030559,-0.0117284289276,0.0,-0.00827792531465,0.00862375724095,-0.999928550829,0.0,0.6569438912,0.254672116272,0.303586162581,1.0,-0.01392,-0.0182948571429,0.697
0.461443418556,0.520318171369,-0.124108850464,-1.39862159233,0.0769148984602,1.90991105098,0.153695684966,-0.012002490138,-0.0762123058556,9.37926303606e-05,-0.120264534314,-0.0139068214333,0.0401847048588,-0.0147058594465,0.574036621206,0.818814591665,0.00231708705432,0.0,0.81877623171,-0.573976594772,-0.0117088830305,0.0,-0.00825760952479,0.00861866939588,-0.999928762674,0.0,0.656706464621,0.254363585782,0.303592489179,1.0,-0.01426,-0.0187417142857,0.714
0.461279978025,0.518999247149,-0.124112689231,-1.40069273571,0.0767834374713,1.91065096793,0.153408716204,-0.00615540877343,-0.0749687670346,-0.000633492662658,-0.119221236436,-0.00368483693612,0.0555663904102,-0.0213977562439,0.574012701291,0.818831399235,0.00230332022482,0.0,0.81879285484,-0.573952722963,-0.0117166364015,0.0,-0.00827211212786,0.00861160605345,-0.999928703659,0.0,0.656449174632,0.254054518878,0.303596912818,1.0,-0.0146,-0.0191885714286,0.731
0.461114139309,0.517709656849,-0.124115976582,-1.40267252324,0.0766488490971,1.91135245012,0.153146967852,-0.010621907012,-0.0817140724025,-6.81306368938e-05,-0.124186083855,-0.000351181022602,0.0396944988617,-0.0209221072034,0.574004843565,0.81883690035,0.00230588162024,0.0,0.81879845526,-0.57394492548,-0.0117072234663,0.0,-0.00826301660882,0.00860822101795,-0.99992880801,0.0,0.656204977568,0.253751611627,0.303620447833,1.0,-0.01492,-0.0196091428571,0.747
0.460921094279,0.516289633006,-0.124126969272,-1.40493026152,0.0765002260263,1.91219831792,0.152819563086,-0.0154049885276,-0.0812514694788,-0.00300018654242,-0.123409843311,-0.00963001301048,0.0544178966684,-0.0169322333227,0.573981982229,0.818852934511,0.0023027420571,0.0,0.818814568309,-0.5739222032,-0.0116941993925,0.0,-0.00825439361713,0.00859794402835,-0.999928967649,0.0,0.655935885047,0.253402624911,0.303615613567,1.0,-0.01528,-0.0200822857143,0.765
0.46074381933,0.514921500152,-0.124127374025,-1.40711794185,0.0763705512571,1.91302377978,0.152530937384,-0.0085530399858,-0.0775904664831,-0.00104526097313,-0.126528862855,-0.0092541048257,0.0554609783126,-0.0146536995732,0.573971663441,0.818860153755,0.00230760939905,0.0,0.818821801983,-0.573911816918,-0.0116974313388,0.0,-0.00825435504356,0.0086036806574,-0.999928918625,0.0,0.655669683071,0.253079498672,0.303605224471,1.0,-0.01562,-0.0205291428571,0.782
0.460562710528,0.513590199325,-0.124125549959,-1.40924641869,0.0762461748772,1.91375586608,0.152241813054,-0.0137039810485,-0.0835287382824,0.000697174754289,-0.134099286976,-0.00316528213813,0.0455348638692,-0.0155571785492,0.573960003553,0.818868467808,0.00225691221856,0.0,0.818829285618,-0.573900169408,-0.0117449337563,0.0,-0.00832247383837,0.00858931341103,-0.999928477504,0.0,0.655397274359,0.252756358993,0.303588605715,1.0,-0.01594,-0.0209497142857,0.798
0.460368184887,0.512197407962,-0.124122538234,-1.41152870285,0.0761092061382,1.91455509614,0.151915994361,-0.0160939795717,-0.0843578972437,0.000939102198704,-0.138392132542,-0.0109091609874,0.0503933705796,-0.01270492359,0.573932866292,0.818887690981,0.00218207468641,0.0,0.818847388385,-0.573873171154,-0.0118019009887,0.0,-0.00841235929385,0.00856044983557,-0.999927972861,0.0,0.655106280149,0.252410263096,0.303547277523,1.0,-0.01628,-0.0213965714286,0.815
0.460160129982,0.51066690304,-0.124125234663,-1.41396510114,0.0759637388365,1.91548436334,0.15157236691,-0.00770321122327,-0.0845571818863,0.000642417385429,-0.132391957812,-0.0103933820391,0.0499008686033,-0.0159921094005,0.573912090742,0.818902201194,0.00220088188183,0.0,0.818862116171,-0.573852297661,-0.0117950019667,0.0,-0.0083961336004,0.00857167806555,-0.999928013047,0.0,0.654812407229,0.25204292556,0.303539987374,1.0,-0.01664,-0.0218697142857,0.833
0.459978138285,0.509359814589,-0.124128338925,-1.41605041413,0.0758353792241,1.91626210945,0.151286399555,-0.00772084192685,-0.0879435259545,0.00180842106292,-0.141787143767,-0.00435470198878,0.0450507952708,-0.0206486559324,0.573900857009,0.81891009461,0.00219321009656,0.0,0.818869906723,-0.573841091893,-0.0117993228584,0.0,-0.00840419232848,0.00856776020368,-0.999927978925,0.0,0.654537562682,0.251703738353,0.303528269592,1.0,-0.01696,-0.0222902857143,0.849
0.45974755678,0.507683531832,-0.124134457257,-1.41870314136,0.0756623308434,1.91720352373,0.150911952822,-0.010249336022,-0.0841720528495,4.12473539853e-05,-0.135504886175,-0.00329135789742,0.0450636704956,-0.0160050340855,0.573880414446,0.818924504431,0.00216167983241,0.0,0.818883912314,-0.573820780759,-0.0118151015164,0.0,-0.00843542175298,0.00855078482242,-0.999927861267,0.0,0.654224454401,0.251312547196,0.303521637852,1.0,-0.01732,-0.0227634285714,0.867
0.459552508825,0.5063097503,-0.124137660679,-1.42084472056,0.075519815238,1.91800028434,0.15062347959,-0.00812191579776,-0.0974522770652,-0.000157136124369,-0.143017526351,-0.0132234614853,0.0546656592563,-0.0186698939668,0.573878400113,0.81892587073,0.0021787688622,0.0,0.818885583124,-0.573818783527,-0.0117962843573,0.0,-0.00841022586348,0.00855395989467,-0.999928046347,0.0,0.65396430162,0.250978131328,0.303532003563,1.0,-0.01762,-0.0231577142857,0.882
0.459332212978,0.504708450993,-0.124144071173,-1.42330596414,0.0753678437749,1.91895433316,0.150284169285,-0.00962997036967,-0.0992875501658,-0.00154758570615,-0.152410448355,-0.0131612319476,0.0607058557737,-0.0219848825011,0.573871646903,0.818930396614,0.00225505738156,0.0,0.818891157573,-0.573811796876,-0.0117490729222,0.0,-0.00832785475687,0.00858927174714,-0.999928433062,0.0,0.653671611764,0.250599536859,0.303562480209,1.0,-0.01796,-0.0236045714286,0.899
0.459081402993,0.502948058607,-0.12414617707,-1.4259327576,0.0751993927125,1.91996096298,0.149920775222,-0.0110528602219,-0.104841249556,3.86768755703e-05,-0.142318267692,-0.0125995036929,0.0633111752342,-0.0187087842475,0.573870410299,0.818930938778,0.00236993585579,0.0,0.818893274232,-0.573810220286,-0.0116783309397,0.0,-0.00820401105699,0.00864273950018,-0.999928996107,0.0,0.653360299271,0.250186995685,0.303628984526,1.0,-0.01832,-0.0240777142857,0.917
0.458861617311,0.501345517085,-0.124157984291,-1.42830379444,0.0750541073131,1.92081294354,0.149574555962,-0.0127044689489,-0.10206423862,-0.00298549695527,-0.149522239401,-0.0104455345605,0.0576456586108,-0.0300494854808,0.573857163353,0.818940010789,0.00244165900482,0.0,0.818903258245,-0.573796697358,-0.0116426216377,0.0,-0.00813374941639,0.00868085147484,-0.999929239966,0.0,0.653067493256,0.249810734379,0.303693229414,1.0,-0.01864,-0.0244982857143,0.933
0.45860397681,0.499536777693,-0.124147279956,-1.43106530358,0.0748705704698,1.92178559088,0.149193396767,-0.0199431540832,-0.0985221112434,-0.00538504627796,-0.155238368233,-0.0105433395786,0.0516428499174,-0.0176643767331,0.573839000019,0.818952694341,0.0024562958943,0.0,0.818916087972,-0.573778437635,-0.0116401145224,0.0,-0.00812348993227,0.00869121923518,-0.999929233306,0.0,0.652715442781,0.24938154229,0.303724649332,1.0,-0.019,-0.0249714285714,0.951
0.458351205397,0.497847080177,-0.124151467861,-1.43369101386,0.0747059033053,1.92277893019,0.148817907993,-0.0121035571062,-0.0951531671244,-0.000366441571852,-0.156543941749,-0.0128357180127,0.0603839120643,-0.0210959500179,0.573830525778,0.818958495939,0.00250130279558,0.0,0.818922499935,-0.573769834885,-0.0116130348087,0.0,-0.0080755769081,0.00871245475036,-0.999929436605,0.0,0.652397050332,0.24896578456,0.303739327652,1.0,-0.01934,-0.0254182857143,0.968
0.458101522389,0.496275365547,-0.124148345373,-1.43620324752,0.074559092826,1.92366787965,0.148440057433,-0.0159789491024,-0.102083235683,0.000438589062336,-0.156465005896,-0.0150150708215,0.0575167921131,-0.0229417700491,0.573810796134,0.818972434689,0.00246340409073,0.0,0.818935754887,-0.573750034711,-0.0116564977087,0.0,-0.00813312871385,0.00870616153961,-0.999929024966,0.0,0.652077575393,0.248564242903,0.303715974636,1.0,-0.01966,-0.0258388571429,0.984
0.457834157122,0.494608774631,-0.124148344404,-1.43895307003,0.0743833439045,1.92460919269,0.148050301729,-0.0127077571909,-0.095142042231,0.000473822340665,-0.164544808202,-0.00824698842803,0.0539922679824,-0.0179397842871,0.573801358044,0.81897940922,0.00234001740873,0.0,0.818941003428,-0.57374091644,-0.0117362944781,0.0,-0.00826937899674,0.00865080446949,-0.999928387912,0.0,0.651718939451,0.24812156718,0.303649766601,1.0,-0.01998,-0.0262594285714,1.001
0.457560293103,0.492870845476,-0.124154611985,-1.44175093287,0.0741980935556,1.9256376247,0.147672247062,-0.0153230310591,-0.110055197106,-0.000164071977306,-0.165396472093,-0.0138025199237,0.0609024217883,-0.0214274525796,0.573810863205,0.818972853893,0.00230320564017,0.0,0.818934033866,-0.573750625074,-0.0117479914991,0.0,-0.00829998025016,0.00862746473419,-0.999928336022,0.0,0.651370135681,0.247670635553,0.303617385966,1.0,-0.0211554285714,-0.027804277551,1.018
0.45727708817,0.4911405192,-0.124158374999,-1.44453031913,0.074028615071,1.9266353499,0.147266215216,-0.0215317982678,-0.106818078164,-0.00244356781093,-0.176534501681,-0.00800193597582,0.062608238911,-0.0246776355278,0.57380617113,0.818976261952,0.0022599190547,0.0,0.818936767172,-0.573745981822,-0.0117841681512,0.0,-0.00835449535571,0.00861272503315,-0.999928009096,0.0,0.651019019292,0.247217799079,0.303585098467,1.0,-0.0222617142857,-0.0292582530612,1.034
0.456968174296,0.489218026503,-0.124158978014,-1.4476455566,0.0738340864916,1.92772425444,0.146823653781,-0.0160124366413,-0.123307311948,0.00128276068143,-0.186281183306,-0.010779360881,0.0705247418844,-0.022363863967,0.573799430326,0.818981224603,0.00217126814047,0.0,0.818940424365,-0.57373943141,-0.0118487588618,0.0,-0.00845833174338,0.00857711547338,-0.999927442225,0.0,0.650614846305,0.246715227638,0.303533708308,1.0,-0.0234371428571,-0.0308031020408,1.051
0.456616336185,0.487014199233,-0.124172148937,-1.45104474119,0.0736105974955,1.92903246997,0.146329194905,-0.0156195313594,-0.12436075792,0.00162294289859,-0.195362641219,-0.00535855209009,0.067188933359,-0.021308698382,0.573800258344,0.818980417828,0.00225513643663,0.0,0.818940888905,-0.573740116984,-0.0117832739076,0.0,-0.00835656923511,0.00860823478553,-0.999928030432,0.0,0.650205774497,0.246157620034,0.303560912965,1.0,-0.0246817142857,-0.0324388244898,1.069
0.456275247205,0.484951315282,-0.124187955932,-1.45417081652,0.0734173552075,1.93020973238,0.145852575639,-0.0234216602716,-0.127080840669,0.000668952658342,-0.198272837412,-0.00757809307092,0.0762451359855,-0.0329322755765,0.573802705426,0.818978438004,0.00234951724014,0.0,0.818940174774,-0.573742248353,-0.0117290024129,0.0,-0.00825794176249,0.008654414,-0.999928451198,0.0,0.649828022384,0.245632184857,0.303607810813,1.0,-0.025788,-0.0338928,1.085
0.455895310178,0.482674316011,-0.124223839884,-1.45770348495,0.0731905718289,1.93139969636,0.14533005377,-0.022077358427,-0.134671045298,5.73459666e-05,-0.219209559211,-0.016190280158,0.0720010522448,-0.0264805707034,0.573823063955,0.818964349812,0.00228733713772,0.0,0.818925257468,-0.573762815636,-0.0117643944502,0.0,-0.00832239088725,0.00862400506225,-0.999928179594,0.0,0.649372559292,0.245020467611,0.303610497996,1.0,-0.0269634285714,-0.0354376489796,1.102
0.455553653339,0.480573815142,-0.124249778438,-1.46095724254,0.0729971130384,1.93258508919,0.144848283928,-0.0233821268102,-0.139085750811,-0.000311066105717,-0.219646849627,-0.013959813314,0.0793827455359,-0.0307277586481,0.573833813535,0.818956740139,0.00231497837722,0.0,0.818917949148,-0.57377339929,-0.0117569439548,0.0,-0.00830031528927,0.00864247572457,-0.999928203612,0.0,0.648964665941,0.244475170562,0.303621743691,1.0,-0.0280005714286,-0.0368007510204,1.117
0.455110060107,0.477970152856,-0.124262154252,-1.46493864115,0.0727423531889,1.93405272055,0.144256172187,-0.0294097393809,-0.1495087101,-0.00350449603554,-0.229267458374,-0.0114996374728,0.0850470349646,-0.0264730517451,0.573856896681,0.818940344091,0.00239203941826,0.0,0.818902557471,-0.573796196092,-0.0117163824753,0.0,-0.0082226334879,0.00868254125061,-0.999928498332,0.0,0.648441085461,0.243761782548,0.303662125694,1.0,-0.0293142857143,-0.0385273469388,1.136
0.454699957185,0.47557692606,-0.124274334433,-1.46861654222,0.0725184402323,1.93539666028,0.143747026247,-0.0228746406155,-0.14918439775,0.0013039387183,-0.232217905087,-0.00914434119462,0.089438532084,-0.033578939421,0.573890177964,0.818916885484,0.0024382795,0.0,0.818879637009,-0.573829238129,-0.011700105208,0.0,-0.00818241518575,0.00871140061334,-0.99992857724,0.0,0.648007817045,0.243180320378,0.303680906645,1.0,-0.0303514285714,-0.0398904489796,1.151
0.454271766824,0.473087493435,-0.124282567112,-1.47246002585,0.072280171994,1.93673752055,0.143173396956,-0.0264677145358,-0.158003853672,0.000128055881546,-0.245278630534,-0.0097012456425,0.0822534811042,-0.0395347954697,0.573896657867,0.818912366556,0.00243082138669,0.0,0.818874842263,-0.573835554134,-0.011725886791,0.0,-0.00820773998901,0.00872015360949,-0.999928293392,0.0,0.6475081397,0.242529180765,0.303689773921,1.0,-0.0314577142857,-0.0413444244898,1.167
0.453821559557,0.470386001105,-0.12428360331,-1.47663390771,0.072014556252,1.93822715027,0.142544647597,-0.0260943167869,-0.166034341009,-4.0634306126e-05,-0.245315962511,-0.0194196314314,0.0941565380454,-0.0316076980659,0.573878010588,0.818925388819,0.00244610147042,0.0,0.818887936005,-0.573816717962,-0.0117332584303,0.0,-0.00820520728026,0.00873671019881,-0.999928169654,0.0,0.646964219012,0.241837813309,0.303699092089,1.0,-0.0326331428571,-0.0428892734694,1.184
0.453346857661,0.46755223478,-0.124285506334,-1.48087753891,0.0717337159085,1.93988403961,0.141852593123,-0.0272340668797,-0.168408467977,0.00111584799858,-0.257261719952,-0.0136988082155,0.0934488502053,-0.036022977903,0.573823886333,0.818962674902,0.00265169626308,0.0,0.818928049803,-0.573762045007,-0.0116065436901,0.0,-0.00798403711361,0.00883183049664,-0.999929124449,0.0,0.646408515183,0.241095813224,0.303778895395,1.0,-0.0338777142857,-0.0445249959184,1.202
0.452815245261,0.464479987915,-0.124288822172,-1.48564899323,0.0714001107795,1.94148829202,0.141140298103,-0.0328639777501,-0.171903251054,0.000163507969882,-0.268107319236,-0.0207514026772,0.088768473032,-0.0439337513334,0.57381315677,0.818970502216,0.00255431371684,0.0,0.818934601949,-0.573751641371,-0.0116584156352,0.0,-0.00808251243361,0.00878173724118,-0.999928774505,0.0,0.645800450829,0.240319833603,0.303765983897,1.0,-0.0350531428571,-0.046069844898,1.219
0.452323269806,0.461706075234,-0.124291130644,-1.49003920407,0.0711051422613,1.94303364226,0.140485119593,-0.0312604191086,-0.173635479623,0.000552494404663,-0.275092955543,-0.0195920238915,0.103903683841,-0.0430630415146,0.573805457864,0.818976106891,0.00248591388872,0.0,0.818939256648,-0.573744120576,-0.011701492475,0.0,-0.00815712132394,0.008750361191,-0.999928443715,0.0,0.64521739594,0.239576936856,0.303721836262,1.0,-0.0361594285714,-0.0475238204082,1.235
0.451815228617,0.458853330122,-0.124293910565,-1.49447448142,0.070804694083,1.94459653668,0.139819153915,-0.0318989584627,-0.17652593211,-0.00117155163115,-0.283138429517,-0.0221832749973,0.105146081913,-0.0436846103463,0.573801352859,0.818979058032,0.0024610693474,0.0,0.818941853913,-0.573740072892,-0.0117181725864,0.0,-0.0081850814281,0.00873954424041,-0.999928309835,0.0,0.644629394853,0.238819998143,0.303710032026,1.0,-0.0372657142857,-0.0489777959184,1.251
0.451182555702,0.455606373434,-0.124310146643,-1.49967479884,0.0704591729988,1.9464077708,0.139013186061,-0.0380609316244,-0.179412605898,-0.000956494948346,-0.291538692098,-0.0208898267047,0.100092953666,-0.0460376203857,0.573815997927,0.81896917715,0.00233115909034,0.0,0.818930175877,-0.573755086291,-0.0117989361637,0.0,-0.00832561095001,0.00867964196311,-0.999927671393,0.0,0.64393996205,0.237900220552,0.303625446356,1.0,-0.0385102857143,-0.0506135183673,1.269
0.450620193455,0.45253770612,-0.124356601014,-1.50435910347,0.0701404609928,1.94805142509,0.138264116699,-0.0357765857399,-0.194345972424,-0.00125528985733,-0.288820506365,-0.0170060276313,0.102577126397,-0.0528886955101,0.573822567405,0.818964503795,0.00235575090022,0.0,0.818925955534,-0.57376170099,-0.0117701627361,0.0,-0.00828786540826,0.00868333773816,-0.999927952871,0.0,0.643289999914,0.237011928141,0.303654545581,1.0,-0.0396857142857,-0.0521583673469,1.286
0.450005552639,0.449147496877,-0.124384421806,-1.50940135248,0.069796435559,1.94994033088,0.137513164268,-0.0357630421546,-0.193713649883,-0.000764248838376,-0.302595461833,-0.0180633665186,0.101471553886,-0.0379098620741,0.573866249276,0.818933396215,0.00252337211977,0.0,0.818897310175,-0.573805070121,-0.0116483386226,0.0,-0.00809144557776,0.00875113952366,-0.99992897051,0.0,0.642685560078,0.236172059047,0.303737435717,1.0,-0.040792,-0.0536123428571,1.302
0.449376322181,0.445694111369,-0.124394693428,-1.51464930566,0.0694353915297,1.95166079928,0.136719311896,-0.0405569563074,-0.203222537097,-0.00195510271206,-0.30813905906,-0.0223237311143,0.0964325184697,-0.0554499468305,0.573874143166,0.818928067818,0.00245651086772,0.0,0.818890941179,-0.573813016614,-0.0117044999987,0.0,-0.00817572306536,0.0087286924588,-0.999928481183,0.0,0.641955834501,0.23524950543,0.303755279141,1.0,-0.0419674285714,-0.0551571918367,1.319
0.448744086984,0.442222492509,-0.124394314406,-1.51999202112,0.0690629445734,1.95358980639,0.135877378938,-0.036896328599,-0.204270576362,0.00108899668726,-0.31432817614,-0.0192371997049,0.107992341892,-0.0485104477902,0.573837236422,0.818953822947,0.00249176198809,0.0,0.818917223279,-0.573776061654,-0.0116773024011,0.0,-0.00813361466024,0.00874158604967,-0.999928711952,0.0,0.641238309082,0.23433300643,0.303755646901,1.0,-0.0431428571429,-0.0567020408163,1.336
0.448099684623,0.438929695322,-0.124392336314,-1.52512166882,0.0687184525705,1.95539285573,0.135030299734,-0.044634356692,-0.205792119162,0.00336603421903,-0.321419197657,-0.0132719103044,0.111096022173,-0.0508330392039,0.57380125201,0.81897913245,0.00245981799625,0.0,0.818941971441,-0.573740040001,-0.0117115675105,0.0,-0.0081803908217,0.00873472847037,-0.999928390298,0.0,0.640541434632,0.233429389357,0.303721628468,1.0,-0.0442491428571,-0.0581560163265,1.352
0.447382722912,0.435272144937,-0.124412096094,-1.5306765592,0.0683404646176,1.95734892828,0.134143705744,-0.0396982800506,-0.225830411563,-0.00357362652264,-0.31767113389,-0.0222136333684,0.116669365949,-0.0542202239241,0.573815333088,0.818969142252,0.00250089052163,0.0,0.818932510706,-0.573753966628,-0.0116908335506,0.0,-0.00813969278257,0.00875660869365,-0.999928531049,0.0,0.639794020316,0.232427392465,0.303744988589,1.0,-0.0454245714286,-0.0597008653061,1.369
0.446633058824,0.431533864758,-0.124427286632,-1.5363518414,0.0679204113443,1.95937807202,0.133244785825,-0.0451237609111,-0.217986178808,0.000421588712067,-0.34171349157,-0.0330046230263,0.120174545699,-0.0505128248982,0.573832802945,0.818956746825,0.00255107740335,0.0,0.818921063414,-0.57377157775,-0.0116282141715,0.0,-0.00805942391148,0.00876195044597,-0.999929134444,0.0,0.639035390817,0.231393621612,0.303768985336,1.0,-0.0466,-0.0612457142857,1.386
0.445871751895,0.427737368366,-0.124458266349,-1.54227059975,0.0674909224901,1.96125781588,0.132317243475,-0.044775040284,-0.223387929299,0.00141403947313,-0.347734840791,-0.0280006924398,0.120243900994,-0.0561549058978,0.573852306553,0.818943742989,0.00232873001542,0.0,0.818905057553,-0.573791761962,-0.0117587210204,0.0,-0.00829368458566,0.00865494460147,-0.999928150784,0.0,0.638185778469,0.230306206236,0.303701339953,1.0,-0.0477754285714,-0.0627905632653,1.403
