position_joint1,position_joint2,position_joint3,position_joint4,position_joint5,position_joint6,position_joint7,velocity_joint1,velocity_joint2,velocity_joint3,velocity_joint4,velocity_joint5,velocity_joint6,velocity_joint7,ee_T_00,ee_T_10,ee_T_20,ee_T_30,ee_T_01,ee_T_11,ee_T_21,ee_T_31,ee_T_02,ee_T_12,ee_T_22,ee_T_32,ee_T_03,ee_T_13,ee_T_23,ee_T_33,v_x,v_y,time
0.465085027825,0.547674528478,-0.123967592734,-1.35573473397,0.0794811633607,1.89408837763,0.159162501597,0.000132756826956,0.00273889340483,0.000286092328292,0.00132130022685,-1.0911247226e-05,0.000192982764419,-0.00110858775118,0.573773915132,0.818999276548,0.00210386053443,0.0,0.818958287026,-0.573714879223,-0.0118028966835,0.0,-0.00845971062816,0.00849533182085,-0.999928128734,0.0,0.661693313799,0.260919315823,0.303334924635,1.0,0.0,0.0,0.0
0.465090343784,0.547671789141,-0.123967687833,-1.35573652731,0.0794827843663,1.8940874461,0.159163212381,0.00131670540427,0.00103435104021,-0.000281976595738,-0.00037094609181,-0.000126604990847,-7.25498853205e-05,-0.00037622922332,0.57377072583,0.819001508218,0.00210490322275,0.0,0.818960514963,-0.573711668844,-0.011804357925,0.0,-0.00846034229126,0.00849699123525,-0.99992810929,0.0,0.661691333083,0.260922800842,0.303335936853,1.0,-8e-05,-0.000105142857143,0.005
0.465089999662,0.54766894156,-0.123969319828,-1.35574224436,0.0794828178407,1.89408685176,0.159169821931,0.00130557264589,0.00137931741113,-3.99239034154e-05,-0.00106762878065,-0.000201638773931,-0.000219389819155,0.000241308905113,0.57377787306,0.818996509089,0.00210175830544,0.0,0.81895547683,-0.573718829477,-0.0118058703415,0.0,-0.0084633112266,0.00849535721135,-0.99992809805,0.0,0.661690441703,0.260920951821,0.303335235323,1.0,-0.00042,-0.000552,0.022
0.4650843751,0.547659396157,-0.123967533678,-1.3557546449,0.0794789918981,1.89409027667,0.159160517125,0.000113518032956,-0.00116684677531,0.0011921530456,-0.00197321174553,-0.000331562797134,-0.000122719640752,-0.00184175563635,0.57377328169,0.818999727244,0.00210116488518,0.0,0.818958703898,-0.573714257697,-0.0118041826095,0.0,-0.00846231701092,0.00849385539758,-0.999928119222,0.0,0.6616898066,0.260916529721,0.303336326413,1.0,-0.00074,-0.000972571428571,0.038
0.465081126033,0.5475922844,-0.123973292026,-1.35581912681,0.0794802961283,1.89410063198,0.159162821363,0.000884330827174,-0.00779257051703,-0.00154981763089,-0.00466713598764,9.22930605614e-05,0.000522627528978,0.000130085859064,0.573785670266,0.81899101283,0.00211480547896,0.0,0.818950133298,-0.57372655742,-0.0118009907678,0.0,-0.00845174803662,0.00850332334173,-0.999928128141,0.0,0.661680961687,0.260905191049,0.303354269703,1.0,-0.0011,-0.00144571428571,0.056
0.465071599256,0.54746392663,-0.123970021172,-1.35598738322,0.0794792683088,1.89413487169,0.159162145013,-0.000927274509691,-0.00684255042086,0.000304331344338,-0.00595767365065,0.000672980529515,0.000198696499398,-0.00305975997012,0.573799555739,0.818981278177,0.00211724591044,0.0,0.818940296937,-0.57374029733,-0.0118155902839,0.0,-0.00846216085781,0.00851384236815,-0.999927950565,0.0,0.661654399779,0.260884650601,0.303367974445,1.0,-0.00144,-0.00189257142857,0.073
0.465053579231,0.547332219654,-0.123974970846,-1.35617825278,0.0794768203889,1.8941987034,0.159154757324,-0.00409448985077,-0.0067168387702,-0.000813847822359,-0.0116329605568,-6.76070731821e-05,0.00900643478922,-0.00188995848923,0.5738217005,0.818965741787,0.00212525654636,0.0,0.81892480036,-0.573762342973,-0.0118191388652,0.0,-0.00846024053843,0.0085226677428,-0.999927891632,0.0,0.661632823285,0.260852875013,0.303376125018,1.0,-0.00176,-0.00231314285714,0.089
0.465036409387,0.547156936903,-0.123965816158,-1.35638738318,0.0794746765092,1.89432948256,0.159145248781,-0.000109974628479,-0.00771398269598,0.000977672348472,-0.0116778704781,2.40236520953e-05,0.00795625335184,-0.000214882278238,0.573833005057,0.818957584486,0.00221450228184,0.0,0.818917738314,-0.573773232308,-0.0117797564554,0.0,-0.00837666003701,0.00857327330785,-0.999928162695,0.0,0.661618085967,0.260832841676,0.303411797593,1.0,-0.0021,-0.00276,0.106
0.46502501456,0.546953426565,-0.123972554476,-1.35663017512,0.0794688112952,1.89445458863,0.15913367706,-0.00195624737257,-0.0166529359035,-0.00223364048731,-0.0216339252532,0.000133410123201,0.00859280362805,0.00111957505544,0.573849751243,0.818945641841,0.00229032938183,0.0,0.818906787139,-0.573789694435,-0.0117391413294,0.0,-0.00829971102965,0.00861223541946,-0.999928469541,0.0,0.661597583969,0.260802813207,0.303451460399,1.0,-0.00244,-0.00320685714286,0.123
0.465005560529,0.546751231013,-0.123973260525,-1.35692001008,0.0794599668278,1.89457076154,0.159107704066,-0.000596625642898,-0.0174099402646,-0.00113556354477,-0.0187843842466,-0.000771947498114,0.0107759932935,-0.00125179121591,0.573858812594,0.818939211498,0.00231904719615,0.0,0.818900669601,-0.573798584469,-0.0117313549583,0.0,-0.00827675993416,0.008631376909,-0.999928494732,0.0,0.661565343981,0.260764243845,0.3034668079,1.0,-0.00276,-0.00362742857143,0.139
0.464971213145,0.546489803853,-0.123967978594,-1.35731685069,0.0794536159436,1.89470485735,0.159018300948,-0.00330209721491,-0.0158359281732,-0.000239624536627,-0.0188292178403,0.000186074325151,0.00370091055316,-0.0101758104248,0.573830458962,0.818959048258,0.00232992380676,0.0,0.818920445431,-0.573769982636,-0.0117498077614,0.0,-0.00828593056916,0.00865058637267,-0.999928252781,0.0,0.661516041359,0.260708980222,0.303474521362,1.0,-0.0031,-0.00407428571429,0.156
0.464936271655,0.54622286809,-0.123965473985,-1.35772370642,0.0794405664249,1.89485948769,0.158934284381,-0.00701329553566,-0.0207757046003,0.000881572123338,-0.0270860381117,0.000116280941243,0.0118761417784,-0.00269444936239,0.573807833301,0.818974845002,0.00234959511958,0.0,0.818936385641,-0.573747168772,-0.0117528507354,0.0,-0.00827737492684,0.0086682136405,-0.999928170989,0.0,0.661469823654,0.260650912382,0.303483217614,1.0,-0.00342,-0.00449485714286,0.172
0.464884660576,0.545924950729,-0.123970763735,-1.35823640643,0.0794206900673,1.89502445603,0.158910169247,-0.00294556258843,-0.0183168364835,0.00124997534183,-0.0324476772221,-0.00058224521971,0.0147601665977,-0.00642701183727,0.573857343889,0.818940262326,0.00231138651514,0.0,0.818901199063,-0.573796705614,-0.0117861656578,0.0,-0.00832605993028,0.00865654157302,-0.999927867905,0.0,0.66140866804,0.2605647379,0.303464594918,1.0,-0.00376,-0.00494171428571,0.189
0.46479445093,0.545551805694,-0.123968005994,-1.35886832619,0.0793433962416,1.89523561664,0.158803112043,-0.00695529191317,-0.021166046822,-0.000291823654135,-0.0376401599824,-0.0144727108003,0.00813795148363,-0.00237918364583,0.573856319859,0.818941151021,0.0022499384614,0.0,0.818901581147,-0.573796218895,-0.0117833135918,0.0,-0.00835899515041,0.00860457280178,-0.999928041674,0.0,0.661342700656,0.26043837258,0.303446105823,1.0,-0.00414,-0.00544114285714,0.208
0.464739731316,0.545210462735,-0.123973870886,-1.35944955875,0.0792807710196,1.89543406155,0.158740418815,-0.00208948468431,-0.0222969802261,0.000378604047276,-0.0398321861763,-0.00113280638345,0.00941603697289,0.000466892748152,0.573869658834,0.818931946555,0.00219738084148,0.0,0.818891938585,-0.573810009635,-0.011781878664,0.0,-0.00838783919847,0.00856084496923,-0.999928175464,0.0,0.661276844562,0.260337605616,0.303428409297,1.0,-0.00444,-0.00583542857143,0.223
0.464670095906,0.544774458209,-0.123979060004,-1.36017886178,0.0792671737872,1.89568797742,0.158661112134,-0.0067062426435,-0.0264667454884,-0.00145716743585,-0.0397338889681,5.68202860476e-06,0.00800483139302,-0.0068284110721,0.573902411836,0.818909043922,0.00217861728038,0.0,0.818868519348,-0.573842553963,-0.0118244739605,0.0,-0.00843314772583,0.00857026023532,-0.999927713717,0.0,0.661191427823,0.260222742911,0.303412097726,1.0,-0.0048,-0.00630857142857,0.241
0.464609393263,0.544336373349,-0.123983641704,-1.36091390929,0.0792350958341,1.8959418895,0.158554787662,-0.0079546782042,-0.0320806567832,-0.00275457655511,-0.0436616826028,-0.00541992993427,0.0125080167634,-0.0131621311419,0.573900663358,0.818910352171,0.00214723196129,0.0,0.818869297419,-0.573840806296,-0.0118553648038,0.0,-0.00847647484507,0.00856226890301,-0.999927415828,0.0,0.661103219638,0.260110494914,0.303394428562,1.0,-0.00514,-0.00675542857143,0.258
0.464553794877,0.543878110368,-0.123980381794,-1.36166155167,0.0792038359253,1.89621137949,0.158485898858,-0.00743401992529,-0.0345620706655,-0.000293293427699,-0.0476607531745,-0.00298682902674,0.0198933114995,0.000581011432695,0.573920837574,0.818896238187,0.00213779839529,0.0,0.818854903954,-0.573860857617,-0.0118789421565,0.0,-0.00850098589543,0.00856828409765,-0.99992715622,0.0,0.661012488856,0.260006129605,0.303386095832,1.0,-0.00546,-0.007176,0.274
0.464489327817,0.543367963867,-0.12398814299,-1.36250545297,0.0791576276888,1.89649585393,0.158359373076,-0.00289078933197,-0.0320157126171,-0.00130152425902,-0.0510518875994,-0.00456440065358,0.0214029394878,-0.00813744315441,0.5739100102,0.818903932739,0.00209667319317,0.0,0.818862008046,-0.573850142723,-0.0119068206059,0.0,-0.00854753057589,0.00855049418006,-0.999926911714,0.0,0.660909516335,0.259877371202,0.303370244667,1.0,-0.0058,-0.00762285714286,0.291
0.46441557523,0.542889374018,-0.123986746386,-1.36327516442,0.0791164870378,1.89676708981,0.158267642821,-0.00228751412986,-0.0328902906187,0.000367041003143,-0.0488197900993,-0.00401761033337,0.0223715668805,-0.00927279728373,0.573926109678,0.818892685067,0.0020827565461,0.0,0.818850497844,-0.573866215902,-0.0119237295935,0.0,-0.00856919630867,0.0085489705673,-0.999926739305,0.0,0.660820074821,0.259756104898,0.303365882759,1.0,-0.0061,-0.00801714285714,0.306
0.464335586538,0.542291553204,-0.123987149905,-1.36418329202,0.0790667272945,1.89708500486,0.158130101899,-0.00500186620578,-0.0411711659805,0.00108367959643,-0.049743731744,-6.5403151099e-05,0.0169354605818,-0.00524552370747,0.573916327788,0.818899514547,0.00209300590185,0.0,0.818857384177,-0.573856316643,-0.0119272431746,0.0,-0.0085662939157,0.00855927773386,-0.999926675998,0.0,0.660713587182,0.25961659497,0.303384004413,1.0,-0.00644,-0.008464,0.323
0.464234172756,0.541593405915,-0.12398509791,-1.36525997724,0.0790009068362,1.89748944607,0.158020490439,-0.00377770763139,-0.0312360053245,0.00231347252511,-0.0597250563141,-0.00353647441381,0.0216197062903,-0.00732597768128,0.57395042847,0.818875559703,0.00211430390506,0.0,0.81883370735,-0.573890326558,-0.0119163623155,0.0,-0.00854480381613,0.00857082957684,-0.999926760922,0.0,0.660593865315,0.259448945289,0.3034001631,1.0,-0.00682,-0.00896342857143,0.342
0.46416704422,0.540980449588,-0.123998800228,-1.36620563759,0.0789390375744,1.89784631095,0.15788725908,-0.00381277913231,-0.0389762498611,3.40436321264e-05,-0.0650244211822,-0.00498419491545,0.0214847774615,-0.000893257347679,0.573941876413,0.81888151688,0.00212854725026,0.0,0.81883996179,-0.573881830009,-0.0118957582042,0.0,-0.00851984596489,0.00857057834434,-0.99992697604,0.0,0.660486951911,0.259306664631,0.303414746586,1.0,-0.00714,-0.009384,0.358
0.464079697259,0.540279597946,-0.123993550066,-1.36727480826,0.0788841776686,1.89823752584,0.157745348283,-0.00929277384947,-0.038295512634,0.00035884560224,-0.0638457327552,-0.00484968992794,0.019416209415,-0.00600221546171,0.573938043493,0.81888413427,0.00215494159406,0.0,0.818842795193,-0.573877762293,-0.0118969579057,0.0,-0.00850572077668,0.00859284058109,-0.999926905231,0.0,0.660361024243,0.25915198205,0.303434952764,1.0,-0.00748,-0.00983085714286,0.375
0.463988594206,0.539549700257,-0.123999282426,-1.36840654193,0.0788092544911,1.89867515521,0.157603052343,-0.00970747426777,-0.0435165241046,-7.58517393872e-05,-0.0692841024705,-0.00875497629107,0.0248814670989,-0.00758844517933,0.573942861048,0.81888069342,0.00217924250999,0.0,0.818839774478,-0.573882586881,-0.0118721147407,0.0,-0.00847137932242,0.00859853149473,-0.999927147841,0.0,0.660235064095,0.258981318957,0.303450153554,1.0,-0.00782,-0.0102777142857,0.392
0.463903523256,0.53884273536,-0.123999520055,-1.36950493174,0.0787406368769,1.89910494189,0.157465277565,-0.00181869248281,-0.0422566057169,-0.000504862886971,-0.0700746785083,-0.00416379452446,0.0294195505729,-0.00824463098699,0.573942372419,0.818880955542,0.00220922910244,0.0,0.818840470589,-0.573882023886,-0.0118512989497,0.0,-0.0084371285807,0.00861113462437,-0.99992732897,0.0,0.660111258245,0.258821977471,0.30346405599,1.0,-0.00814,-0.0106982857143,0.408
0.463777203864,0.538022243541,-0.12400306633,-1.3707820259,0.0786748019424,1.89959336957,0.15731706322,-0.00726757454428,-0.0428724873118,-0.00115971303973,-0.0722341036564,-8.43735634734e-05,0.0321115743253,-0.00989639577656,0.573979918285,0.81885455412,0.00224042491473,0.0,0.818814404808,-0.573919370473,-0.0118437146419,0.0,-0.00841261838457,0.00863271276192,-0.999927349422,0.0,0.659971816755,0.25861820407,0.30347817781,1.0,-0.0085,-0.0111714285714,0.426
0.463670624456,0.5372747407,-0.12400804238,-1.37197830306,0.078611087235,1.90003176104,0.157168036193,-0.00830814481269,-0.0443767443537,-0.0025654139522,-0.0730622404902,-2.78547601066e-05,0.0323131014511,-0.00737843570127,0.574000128179,0.818840402457,0.00223496211447,0.0,0.818800120486,-0.573939536148,-0.01185404736,0.0,-0.00842400197986,0.00863437819124,-0.999927239205,0.0,0.659825995937,0.258421396792,0.303475540301,1.0,-0.00884,-0.0116182857143,0.443
0.46354640481,0.536432099238,-0.124014773265,-1.37327796929,0.0785351178077,1.90052384151,0.157016098749,-0.00548440700958,-0.0501907064628,0.000636292509382,-0.0754539359355,-0.00683816333117,0.0297225097611,-0.0020998852943,0.57403082061,0.818818809384,0.00226302672599,0.0,0.818778899187,-0.573970121537,-0.0118389497569,0.0,-0.00839520665311,0.00864900709586,-0.999927354952,0.0,0.659690833166,0.258224251948,0.303493915338,1.0,-0.00916,-0.0120388571429,0.459
0.463416451422,0.535523795518,-0.124021145085,-1.37473026345,0.0784515743024,1.90105211713,0.156828721691,-0.00883719703256,-0.0505945680527,0.00125317215085,-0.0819632629498,-0.00127669612138,0.0267551825878,-0.0158840548393,0.574045679043,0.818808429454,0.00224969506449,0.0,0.818768308188,-0.573984991584,-0.0118504787001,0.0,-0.00841214260991,0.00864486155468,-0.999927248466,0.0,0.659522666267,0.257996697016,0.30348970426,1.0,-0.00952,-0.012512,0.477
0.463294957378,0.534622972247,-0.124027331688,-1.37617219502,0.078375953528,1.90157719027,0.156661446729,-0.00849967722214,-0.0502157029917,-0.00097901874044,-0.0872413669628,-0.00803193179357,0.0407319875267,-0.0088540876017,0.574071375763,0.818790440319,0.0022399269866,0.0,0.818750090176,-0.57401061909,-0.0118678519594,0.0,-0.00843170419161,0.00864710100744,-0.999927064344,0.0,0.659353038595,0.25777704118,0.303484695501,1.0,-0.00986,-0.0129588571429,0.494
0.46317141905,0.53366285593,-0.124030814951,-1.37773874978,0.0782799133936,1.90215920611,0.156470167996,-0.00605670727732,-0.0545961226425,-0.000583837421409,-0.0898379221175,-0.00785825931976,0.0307367078563,-0.0125547788815,0.574078470554,0.818785532149,0.00221560180784,0.0,0.81874487282,-0.574017817071,-0.011879638762,0.0,-0.00845524422191,0.00863402370331,-0.999926978574,0.0,0.659168007541,0.257544176097,0.303466839626,1.0,-0.01022,-0.013432,0.512
0.463075616843,0.532900539058,-0.124032481126,-1.37897009566,0.0782152594004,1.90261709412,0.156308593195,-0.00833176057326,-0.056334194707,-0.00140355045896,-0.0963816463787,-0.00045010751136,0.0295409983469,-0.00570377579182,0.574075840585,0.818787391411,0.0022099377428,0.0,0.818746562927,-0.574015112665,-0.0118938231559,0.0,-0.00847013784972,0.00863750175588,-0.999926822487,0.0,0.659021376651,0.257364508173,0.30345806915,1.0,-0.0105,-0.0138,0.526
0.462925027599,0.531745729115,-0.124025503548,-1.38079982636,0.0781104075424,1.90330181467,0.156072516516,-0.00543995616445,-0.0613545926117,0.000224501084013,-0.0885236273685,-0.00292760736199,0.0281912152267,-0.0222614676913,0.574072705291,0.818789557517,0.00222181058124,0.0,0.818748783744,-0.574011828304,-0.0118994531446,0.0,-0.00846796545565,0.00865042251675,-0.999926729191,0.0,0.65880489407,0.257096791809,0.3034603707,1.0,-0.0109,-0.0143257142857,0.546
0.462823490699,0.530981380221,-0.124028052904,-1.38204166472,0.0780346022979,1.90373695342,0.155921870811,-0.00848264742675,-0.0581889304302,0.000275295665101,-0.093345778021,-0.00738276810627,0.0213099179876,-0.0135676577121,0.57408144677,0.818783529076,0.00218446526548,0.0,0.818742231543,-0.574020681032,-0.0119232100062,0.0,-0.00850876354748,0.00863357383974,-0.999926528474,0.0,0.658652960084,0.256908320523,0.303445747908,1.0,-0.01116,-0.0146674285714,0.559
0.462655764974,0.529776509449,-0.124028368404,-1.38396477605,0.0779094364081,1.90442129923,0.155664218116,-0.0091716262968,-0.0561622485618,0.000379010178281,-0.0944089374538,-0.0112283415768,0.0419892084226,-0.0145655700148,0.574078748145,0.818785510654,0.00215066793107,0.0,0.818743782955,-0.574018130581,-0.0119394529775,0.0,-0.00854149316807,0.00861519808592,-0.99992640792,0.0,0.658422091032,0.256611431078,0.303438546773,1.0,-0.01156,-0.0151931428571,0.579
0.462532344032,0.528888627895,-0.124028684687,-1.38533162727,0.0778198877671,1.90493441834,0.155478307774,-0.0033994744291,-0.0631732498324,-0.000311958742528,-0.0998278159372,-0.00574988962073,0.0329337297336,-0.0136665598544,0.574077857507,0.818786069072,0.00217566428393,0.0,0.8187447242,-0.574017196121,-0.0119198176449,0.0,-0.00851107578616,0.00862438307566,-0.999926588108,0.0,0.658264911503,0.256399740534,0.303457729819,1.0,-0.01184,-0.0155611428571,0.593
0.46237154176,0.527659038875,-0.12403746221,-1.38725552726,0.0777122633968,1.90567660163,0.155211568226,-0.00676581508955,-0.0669258476249,-0.00042361399256,-0.101362175851,0.000260371297267,0.0374516659259,-0.0110208270401,0.574072752716,0.818789535887,0.00221752368142,0.0,0.818748716351,-0.574011903163,-0.0119004790538,0.0,-0.00847126583072,0.00864750192789,-0.999926726498,0.0,0.658044149967,0.256109504412,0.303472303602,1.0,-0.01222,-0.0160605714286,0.612
0.462240024524,0.526620182319,-0.124034674368,-1.38882880801,0.0776058342025,1.90626645679,0.154996487147,-0.0100798453219,-0.0693958355141,0.000681846132676,-0.111158687532,-0.00813863140205,0.0321753912979,-0.0159020240836,0.574058619013,0.818799330462,0.00225948520612,0.0,0.81875913694,-0.573997686117,-0.0118692422313,0.0,-0.00842175045671,0.00866378176596,-0.999927003838,0.0,0.657859356433,0.25587430676,0.303505573327,1.0,-0.01252,-0.0164548571429,0.627
0.462089264935,0.525451625261,-0.124042882096,-1.39066315471,0.0774936853318,1.90693641787,0.154751602222,-0.0123799237148,-0.0688084301208,-0.00127232821815,-0.106758021756,-0.0114461935912,0.0418806465385,-0.0181407945261,0.574055959688,0.81880119251,0.00226035228522,0.0,0.818761018372,-0.573995032038,-0.0118678090542,0.0,-0.00842010733684,0.00866364165687,-0.99992701889,0.0,0.657639970631,0.255595306159,0.303512911433,1.0,-0.01286,-0.0169017142857,0.644
0.461944355339,0.524271600091,-0.124049165391,-1.39253409006,0.0773709763609,1.90760874364,0.154487682768,-0.00568470609277,-0.068270956258,-0.00048034930917,-0.110115226443,-0.00834588628578,0.0419923562172,-0.011994050838,0.574030344242,0.81881921195,0.00223806458549,0.0,0.81877879808,-0.573969559599,-0.0118731364572,0.0,-0.00843753374144,0.00864818694349,-0.999927005779,0.0,0.657410813449,0.255315586522,0.303510724927,1.0,-0.0132,-0.0173485714286,0.661
0.461777111918,0.523026832735,-0.1240471242,-1.39455998943,0.0772467809438,1.90836102964,0.154225989304,-0.00476042223829,-0.0714747257536,0.0015872281575,-0.110715380317,-0.00733749940261,0.0437971681607,-0.0137424545893,0.574026851904,0.818821733193,0.00221120909227,0.0,0.818780935764,-0.573966139836,-0.0118910240337,0.0,-0.00846763278983,0.00863642921975,-0.999926852967,0.0,0.657166123933,0.255013687993,0.303486683836,1.0,-0.01356,-0.0178217142857,0.679
0.46162742524,0.52192815473,-0.12405387224,-1.39627576321,0.0771446713495,1.90903634227,0.153971249794,-0.0108237116852,-0.0706716638174,0.000107679830793,-0.110645458006,-0.0110249173548,0.0370143629562,-0.0195473690513,0.574010172976,0.818833296559,0.00225846580358,0.0,0.81879315951,-0.573949321922,-0.0118610583582,0.0,-0.00841614663648,0.00865775119937,-0.999927103253,0.0,0.656970954113,0.254751453568,0.303500847445,1.0,-0.01386,-0.018216,0.694
0.461458539181,0.520684923591,-0.124058860849,-1.39829676991,0.0770230777403,1.90978649283,0.153708310394,-0.0115004182665,-0.0744449292714,-0.000583224293047,-0.120121226766,-0.0047459337315,0.0316385966906,-0.0136577395498,0.574011898523,0.818832158345,0.0022324235866,0.0,0.818791659305,-0.573951126529,-0.0118772854632,0.0,-0.00844436383885,0.00864575944843,-0.999926969115,0.0,0.656727512025,0.254445299148,0.303477449356,1.0,-0.0142,-0.0186628571429,0.711
0.46129169513,0.51936888886,-0.124065253105,-1.40034484292,0.0768868703421,1.91052693601,0.153442305605,-0.0110167786835,-0.0797289616352,-0.000615457720908,-0.122748616999,-0.00904815017002,0.0417970359886,-0.00924838710102,0.574007299174,0.818835383737,0.00223198029095,0.0,0.818794956905,-0.573946609359,-0.0118682371983,0.0,-0.00843725748374,0.00864015533605,-0.999927077542,0.0,0.656477536465,0.254134476106,0.30349105225,1.0,-0.01454,-0.0191097142857,0.728
0.461120523777,0.518031373336,-0.124068414332,-1.4024421691,0.0767491814017,1.91127550908,0.153141502815,-0.00548181105729,-0.0795079495927,-0.00104409899832,-0.124944483287,-0.00981446751507,0.0384396615226,-0.017920150179,0.573977316798,0.818856441456,0.00221697726849,0.0,0.818815847125,-0.573916718609,-0.0118724681466,0.0,-0.00844964938058,0.00862998968474,-0.999927060692,0.0,0.656217805466,0.25381750446,0.30349650565,1.0,-0.01488,-0.0195565714286,0.745
0.460950398881,0.516750435018,-0.124068074015,-1.40445569851,0.0766226749406,1.91200428975,0.152866453699,-0.00950584827335,-0.0767887140582,-0.00515118906919,-0.129473806499,-0.00811712172047,0.0499450534188,-0.0155628055908,0.573963470443,0.818866160857,0.00221180935696,0.0,0.818825474099,-0.57390286885,-0.0118780046175,0.0,-0.00845729513363,0.00862879272855,-0.999927006384,0.0,0.655970069755,0.253512962188,0.303499944867,1.0,-0.0152,-0.0199771428571,0.761
0.460763808138,0.51536955583,-0.124071554123,-1.40661747107,0.0764997360225,1.91283352547,0.152568302026,-0.0135136797832,-0.0825210758363,-0.000425801735159,-0.129158114368,-0.00791559519897,0.0458462265093,-0.0119645499847,0.573955805754,0.818871414681,0.00225525176017,0.0,0.81883123923,-0.573894977696,-0.0118618353636,0.0,-0.00841920234205,0.0086550065031,-0.99992710129,0.0,0.655713993834,0.25318648716,0.303511380956,1.0,-0.01554,-0.020424,0.778
0.460581940125,0.513997010584,-0.124073773179,-1.40885947108,0.0763584353548,1.91363677006,0.152275804982,-0.0157344343953,-0.0838744680398,-0.00150559429544,-0.135554902915,-0.0130262851207,0.0499483034953,-0.0205867332673,0.573946544038,0.81887807057,0.00219477263756,0.0,0.818837071064,-0.573885920032,-0.011897425843,0.0,-0.00848315533172,0.00862581371736,-0.999926813028,0.0,0.655432114916,0.252849630702,0.303476104778,1.0,-0.01588,-0.0208708571429,0.795
0.46038418127,0.512593235493,-0.124074837961,-1.41113168483,0.0762197148998,1.91442207516,0.151941497167,-0.0119870611687,-0.0839025881292,-0.00087456043827,-0.136769777784,-0.00745411679002,0.0463794938687,-0.025224882426,0.573916965211,0.818898986022,0.002124767505,0.0,0.818856946561,-0.573856500096,-0.0119484420941,0.0,-0.00856542038237,0.00859745978469,-0.999926355918,0.0,0.655143017053,0.25249915319,0.303446300119,1.0,-0.01622,-0.0213177142857,0.812
0.460165432787,0.511065209795,-0.124081119196,-1.41355712438,0.076072632223,1.91535063163,0.151608290114,-0.00852848739131,-0.0884704319861,0.000386359857484,-0.136047428234,-0.0155878390236,0.0540420141429,-0.0194694458428,0.5739151223,0.818900217177,0.00214793003362,0.0,0.818858499815,-0.573854582858,-0.0119340653215,0.0,-0.00854037361878,0.00860815705726,-0.999926478123,0.0,0.654855321821,0.25212366934,0.303442681755,1.0,-0.01658,-0.0217908571429,0.83
0.459965863366,0.509595847992,-0.12409028909,-1.41591375972,0.0759254998937,1.91623007259,0.151271965909,-0.0115175670362,-0.0909080741991,-0.000530431645089,-0.145739273492,-0.010055318191,0.0535820195951,-0.0211711134123,0.573892885374,0.818915832889,0.00213580477704,0.0,0.818873988413,-0.573832429386,-0.0119365399967,0.0,-0.00854959215548,0.00859941592177,-0.999926474557,0.0,0.654567495518,0.251763226892,0.303426075609,1.0,-0.01692,-0.0222377142857,0.847
0.459775356861,0.508267459666,-0.124093186924,-1.41800978658,0.0757891173601,1.91697310289,0.150996035962,-0.0148718337656,-0.086501509579,-0.000583133858342,-0.142914364597,-0.00529409202385,0.0506300286862,-0.0150126632986,0.573896792572,0.818913160778,0.00211032727573,0.0,0.81887098326,-0.573836439721,-0.0119499005958,0.0,-0.00857511327485,0.00858626070689,-0.999926369069,0.0,0.654305801963,0.251434069666,0.303422335869,1.0,-0.01722,-0.022632,0.862
0.459553820114,0.506643084426,-0.124097210594,-1.42056098191,0.0756277050024,1.91791167211,0.150641293082,-0.00888978653286,-0.0912472918146,-0.000746272354689,-0.14473228515,-0.00584790585568,0.0516808397532,-0.0159576532318,0.57387904508,0.8189255829,0.00211617380837,0.0,0.818883490157,-0.573818678969,-0.0119457153776,0.0,-0.0085685168401,0.00858846088218,-0.999926406721,0.0,0.653990552949,0.251043101665,0.303425480592,1.0,-0.01758,-0.0231051428571,0.88
0.459334267373,0.505039759896,-0.124098620046,-1.42301789597,0.0754741155948,1.91885313573,0.150293184646,-0.00856120258591,-0.0926403048627,0.00109889669624,-0.140561890301,-0.00627071843905,0.0593044516394,-0.0264223978025,0.573860223356,0.818938583506,0.00218801181895,0.0,0.818897469259,-0.573799610217,-0.0119033212478,0.0,-0.00849277222505,0.00862276594618,-0.999926757681,0.0,0.653695341067,0.250667359868,0.303458303291,1.0,-0.01792,-0.023552,0.897
0.459116964872,0.50347396774,-0.124104046247,-1.42535159357,0.0753216399726,1.91973266845,0.149968387112,-0.0125596094393,-0.0992373919991,0.00395801851134,-0.13987151251,-0.00809069181351,0.061223665627,-0.0188539483927,0.573854764387,0.818942165068,0.00227740336212,0.0,0.818902318521,-0.573793903995,-0.011844634245,0.0,-0.00839347184729,0.00866223746229,-0.99992725499,0.0,0.653415617185,0.250300967563,0.303517642679,1.0,-0.01824,-0.0239725714286,0.913
0.458889314349,0.501787866236,-0.124107491473,-1.42785804464,0.0751579854921,1.92065550483,0.149610119857,-0.0115239809378,-0.0943005859052,0.000829016790966,-0.148786368058,-0.00926879257655,0.0559657028918,-0.0164854011676,0.57383990302,0.818952348989,0.00235853515257,0.0,0.818913620502,-0.573778797185,-0.0117949547587,0.0,-0.00830638836659,0.00870001975805,-0.999927654167,0.0,0.653089577949,0.249886654072,0.303580431244,1.0,-0.0186,-0.0244457142857,0.931
0.458643605758,0.499969987952,-0.124108181916,-1.43061778322,0.074991137776,1.92162454244,0.149229375213,-0.00664571915083,-0.100147265126,0.000976629677446,-0.150158160606,-0.00771974475951,0.0568595700721,-0.0174129127214,0.573819534267,0.818966534758,0.00238829256288,0.0,0.818928058617,-0.573758176797,-0.011795603854,0.0,-0.00829006203655,0.00872455567657,-0.999927575877,0.0,0.652754720717,0.249485970882,0.3036207283,1.0,-0.01894,-0.0248925714286,0.948
0.458417504828,0.498494052119,-0.124113065281,-1.43293004988,0.0748487829275,1.92248726861,0.148893731181,-0.0127690194709,-0.0909783507004,0.000270237957705,-0.155061496407,-0.00572223198699,0.0616087055969,-0.0243711402234,0.573812576006,0.818971349699,0.00240891914149,0.0,0.818933131812,-0.573751131042,-0.011786099851,0.0,-0.00827051725372,0.008735924207,-0.999927638468,0.0,0.65247287069,0.249116301269,0.303624461459,1.0,-0.01924,-0.0252868571429,0.963
0.458145125882,0.496725697045,-0.124111131657,-1.43576969695,0.0746732126042,1.92349559646,0.148476150291,-0.0127299135569,-0.094595351449,0.000164773293805,-0.156413022865,-0.0129017742908,0.0527585962463,-0.0234569447884,0.573788592051,0.818988307756,0.00235590581462,0.0,0.818949268766,-0.573727213564,-0.0118290533921,0.0,-0.0083363696425,0.00871691106288,-0.999927257556,0.0,0.652110977936,0.248666479365,0.303592947595,1.0,-0.0196,-0.02576,0.981
0.457869781534,0.49504614856,-0.124113874448,-1.43847291675,0.0745060703222,1.92443528076,0.148088223803,-0.0202078120869,-0.101416126877,-0.00131515749193,-0.159507698461,-0.00655269687139,0.0575523811026,-0.0168628254351,0.573789375694,0.818987960232,0.00228478400696,0.0,0.818947857301,-0.57372813082,-0.01188216432,0.0,-0.00842066678583,0.00868914590692,-0.999926792878,0.0,0.651766024864,0.248223884208,0.303558006502,1.0,-0.01994,-0.0262068571429,0.998
0.45760273605,0.493419564535,-0.124125043617,-1.44110608711,0.0743356895942,1.92539144246,0.147718390193,-0.01841494024,-0.10566410255,-0.00212158324548,-0.173670181795,-0.0120420506765,0.0616987836609,-0.027281610786,0.573799486194,0.818981016944,0.00223392720636,0.0,0.818940279276,-0.573738470688,-0.0119051725483,0.0,-0.00846858338797,0.0086608016088,-0.999926634114,0.0,0.651438710189,0.247790052175,0.303520603642,1.0,-0.0218817142857,-0.0287588244898,1.014
0.457321071627,0.491457925562,-0.124153304672,-1.44420869373,0.0741431433081,1.92653645479,0.147274449733,-0.0183581230321,-0.119276745354,-0.000804327788656,-0.183913656785,-0.0128402111689,0.0635996198597,-0.0318731319509,0.57379034726,0.818987431531,0.00222963837259,0.0,0.818946700828,-0.573729414305,-0.0118998850649,0.0,-0.00846681019955,0.00865416079245,-0.999926706627,0.0,0.651051133516,0.24729477456,0.303509093572,1.0,-0.0243685714286,-0.0320272653061,1.031
0.456964662289,0.489186990001,-0.124167075935,-1.44788533956,0.0739250818231,1.92782792381,0.146749617392,-0.017503550842,-0.134526893344,0.000602634156102,-0.20914261232,-0.0118563645771,0.0720257347477,-0.0332846102806,0.573786561872,0.818990334958,0.00213531282481,0.0,0.818948151992,-0.573725787502,-0.0119746400553,0.0,-0.00858219567178,0.00861976399596,-0.999926020057,0.0,0.650575788554,0.246701522931,0.303450881488,1.0,-0.0270017142857,-0.0354879673469,1.049
0.456640920854,0.487206003151,-0.124189376955,-1.4509554361,0.0737359287379,1.92900177326,0.146307677638,-0.0264177044616,-0.141895117768,-0.00220061768795,-0.224693505508,-0.0147531674223,0.0906521070578,-0.0322704082978,0.573807288023,0.818975639247,0.0022012342043,0.0,0.818934408901,-0.573746335192,-0.0119299485397,0.0,-0.00850755097063,0.00864832435685,-0.999926411324,0.0,0.650207638635,0.246189267135,0.303468607553,1.0,-0.0290497142857,-0.0381796244898,1.063
0.456194447829,0.484441689807,-0.124210421299,-1.45516976636,0.0734759267216,1.93057673801,0.145661276329,-0.0260915847192,-0.159151690279,0.000601596073266,-0.240052109083,-0.0172272298474,0.0907896117409,-0.0384272359992,0.573796429784,0.818982962565,0.00230458175973,0.0,0.818943112632,-0.573735101087,-0.0118726136682,0.0,-0.00840141061964,0.00869995219566,-0.999926860891,0.0,0.649691833974,0.245488830859,0.303519121606,1.0,-0.0316828571429,-0.0416403265306,1.081
0.455730102563,0.481637898108,-0.124267752615,-1.45955759157,0.073198411652,1.93206839823,0.144996530555,-0.0265214625604,-0.172764198555,-0.00231027481712,-0.270209664982,-0.0164377783289,0.0926999290982,-0.0404112766542,0.573812969131,0.818971616964,0.0022167467064,0.0,0.818930619638,-0.573751984346,-0.0119183715323,0.0,-0.00848910862542,0.00865444453487,-0.999926515112,0.0,0.649127893749,0.244727784861,0.30350669041,1.0,-0.0341697142857,-0.0449087673469,1.098
0.455264752996,0.47879789461,-0.124297114692,-1.46395399749,0.0729341313192,1.93366423283,0.144358898917,-0.031578930179,-0.177267387293,-0.00261729714231,-0.281159034469,-0.014982397156,0.102882584355,-0.0382925372,0.573835867225,0.818955480044,0.0022507985213,0.0,0.818914838114,-0.573774652546,-0.0119114614472,0.0,-0.00846366843988,0.00867860320619,-0.999926521382,0.0,0.648573563724,0.243991310708,0.303521564984,1.0,-0.0365102857143,-0.0479849469388,1.114
0.454716626145,0.475568817547,-0.12431119383,-1.46885939333,0.0726324618948,1.9355019308,0.143652872971,-0.0303710288356,-0.194389094757,0.00108865197437,-0.29670189064,-0.0197539946925,0.112139086061,-0.0439983784238,0.573872586651,0.818929361338,0.0023879551737,0.0,0.818890487529,-0.573810810189,-0.0118435824916,0.0,-0.00832898331164,0.00875234960591,-0.999927009543,0.0,0.647967284902,0.243165787407,0.303581849423,1.0,-0.0389971428571,-0.0512533877551,1.131
0.454208222645,0.47255684599,-0.124328948148,-1.47348845498,0.0723467547081,1.93713196256,0.14297673513,-0.0356511753184,-0.20194484987,0.000923086833719,-0.311120626021,-0.0160377823087,0.107708572848,-0.0470844677467,0.57389262278,0.818915279371,0.00240200606812,0.0,0.818876419028,-0.573830611394,-0.0118569257948,0.0,-0.00833163349885,0.00877171725277,-0.999926817752,0.0,0.647368293574,0.242383047206,0.303603353518,1.0,-0.0411914285714,-0.0541373061224,1.146
0.453612034826,0.468956589294,-0.12433641157,-1.47895440955,0.0720087936692,1.93914794087,0.142115817622,-0.0369299660871,-0.211745327041,-0.0016851823694,-0.324499405648,-0.0204988775773,0.125533730255,-0.052303132955,0.573850168051,0.818944633049,0.00253367898254,0.0,0.818907380765,-0.573787550077,-0.011802372911,0.0,-0.00821185460025,0.00884781244546,-0.999927138175,0.0,0.646671609735,0.241476512748,0.303663590541,1.0,-0.0436782857143,-0.0574057469388,1.163
0.452907331977,0.464686815465,-0.12433156411,-1.48542761371,0.0715757893895,1.94147601171,0.141105025942,-0.0443447619229,-0.23490682713,0.000722076510491,-0.34406406006,-0.0235146374318,0.124383878127,-0.0469808610817,0.573782831367,0.818991501252,0.00263252857116,0.0,0.818955529376,-0.573719853387,-0.0117523459377,0.0,-0.00811489377368,0.00889938949774,-0.999927472053,0.0,0.645826268897,0.240403993127,0.303729513026,1.0,-0.0464577142857,-0.0610587102041,1.182
0.452262258429,0.460953802385,-0.124341105504,-1.49126129455,0.0711959702772,1.943493502,0.140235155576,-0.0410699810613,-0.233497348024,-3.44379931789e-05,-0.372692142447,-0.0247122067218,0.13064664257,-0.0533479192375,0.573774273387,0.81899772838,0.00255949399402,0.0,0.81896059605,-0.573711335747,-0.0118149166035,0.0,-0.00820813717317,0.00887539079498,-0.999926924291,0.0,0.645043829074,0.239418754671,0.303699955807,1.0,-0.0487982857143,-0.0641348897959,1.198
0.45150320726,0.456601053135,-0.124353891726,-1.49803748211,0.070738154708,1.94590294604,0.139212490676,-0.0404794195592,-0.245848867215,-0.00161089206811,-0.378851847153,-0.0228028115757,0.136492725671,-0.0560039744888,0.573755652554,0.819010855372,0.00253314942943,0.0,0.818973378924,-0.573692814713,-0.0118281808385,0.0,-0.00823431741594,0.00886123816938,-0.999926834561,0.0,0.644144637998,0.238270160609,0.303678649391,1.0,-0.0514314285714,-0.0675955918367,1.216
0.450740402979,0.452527321072,-0.124382861056,-1.50432841564,0.0703014531449,1.94812911437,0.138191557404,-0.0465561122225,-0.258383944307,-0.00285401191841,-0.399935907343,-0.0310011591388,0.141474232352,-0.0635818276996,0.573733123652,0.819026677942,0.00252002874211,0.0,0.818989175651,-0.573670493828,-0.0118170038092,0.0,-0.00823293374959,0.00884385304133,-0.999926999868,0.0,0.64331936966,0.237155500102,0.303676737503,1.0,-0.053772,-0.0706717714286,1.232
0.449976008497,0.448209109159,-0.124453910523,-1.51080824518,0.0698609984473,1.9505089935,0.137205442827,-0.050356710207,-0.274852552871,-0.00592083805841,-0.406541809989,-0.027647487578,0.137273506131,-0.0614666839542,0.573776488963,0.818995794678,0.00267878981517,0.0,0.8189607663,-0.573713724355,-0.0116864300817,0.0,-0.00803443329783,0.00889939392149,-0.999928121751,0.0,0.642486018236,0.23600664467,0.303762635987,1.0,-0.0561125714286,-0.0737479510204,1.248
0.449097715049,0.443509269221,-0.124475997469,-1.51810723891,0.069373858154,1.95290714023,0.136111852854,-0.0546292933474,-0.278206113554,0.000340051305753,-0.437054059948,-0.0283039257228,0.132332195181,-0.0648933216486,0.573808406243,0.818973976983,0.00250696050483,0.0,0.818936335286,-0.573745848819,-0.0118206012191,0.0,-0.00824256530289,0.00883597151476,-0.999926990197,0.0,0.641468123729,0.234718648811,0.303716124309,1.0,-0.0585994285714,-0.0770163918367,1.265
0.448191045562,0.438648804613,-0.124498037972,-1.52561576243,0.0688463059467,1.95551926956,0.134887632656,-0.05431172071,-0.296369290298,-0.00103321180066,-0.441467109963,-0.0293637346374,0.15372784447,-0.0779389323038,0.573744278336,0.819019033278,0.0024643674188,0.0,0.818980844776,-0.573681898512,-0.011840697245,0.0,-0.00828415292706,0.00881197166405,-0.999926858308,0.0,0.640382620778,0.233324578741,0.303693925066,1.0,-0.0612325714286,-0.0804770938775,1.283
0.447209941737,0.433552826513,-0.124513248814,-1.53322206707,0.0683475627375,1.95832538748,0.133656798164,-0.0612403353675,-0.299128664009,-0.000854091691538,-0.451649589552,-0.0316747615304,0.16316797528,-0.0666563358818,0.573752831913,0.819012286194,0.00270367096599,0.0,0.818977281698,-0.573689650726,-0.0117108331876,0.0,-0.00804040301271,0.0089335408021,-0.999927769275,0.0,0.639441818663,0.232047113859,0.303793784549,1.0,-0.0635731428571,-0.0835532734694,1.299
0.446158821847,0.428396202142,-0.124561487438,-1.54122133754,0.067747879378,1.96106796049,0.132382531157,-0.0628646895996,-0.306273764937,-0.00611184679524,-0.484388252691,-0.0406061585653,0.149142484058,-0.0767265488177,0.573782284806,0.818992069941,0.00257408593235,0.0,0.818955722227,-0.573719937387,-0.0117347934326,0.0,-0.0081340549495,0.00884144921656,-0.999927830359,0.0,0.638345606593,0.230568601355,0.303738992224,1.0,-0.06606,-0.0868217142857,1.316
0.445079406122,0.42298031215,-0.124639090582,-1.5495276664,0.0671450723159,1.96378143871,0.130986374319,-0.0621523050067,-0.321833737221,-0.00734002957834,-0.489096955033,-0.0357011595619,0.158712032731,-0.0883095722606,0.573763730839,0.819005614443,0.00239407292523,0.0,0.818966992819,-0.573702126198,-0.0118187127021,0.0,-0.0083062672524,0.0087419837081,-0.999927289179,0.0,0.637171665489,0.229022943321,0.303705798629,1.0,-0.0685468571429,-0.090090155102,1.333
0.444002907487,0.417713865639,-0.124683019378,-1.55742466897,0.066593643656,1.96656614184,0.129753272868,-0.0700112898266,-0.337995046961,-0.0038088118926,-0.488884217888,-0.0411080208687,0.18665148565,-0.0760048555088,0.573845266598,0.818948152542,0.00250606289533,0.0,0.81891112409,-0.573783378582,-0.0117453057076,0.0,-0.00818101668519,0.00879240014866,-0.999927879732,0.0,0.636092337298,0.227559396132,0.303763628045,1.0,-0.0708874285714,-0.0931663346939,1.349
0.442736207047,0.411651435669,-0.124691332624,-1.56650290957,0.065976728633,1.96984411903,0.128174011982,-0.0761596412493,-0.333862293937,-0.000227599922391,-0.514368710966,-0.0400966343366,0.180933289932,-0.0936397446014,0.573798852502,0.818979978647,0.00272366363422,0.0,0.818945730307,-0.573736149314,-0.0116391014354,0.0,-0.00796968020051,0.00890920728165,-0.999928552559,0.0,0.634850021951,0.225894168129,0.303832799271,1.0,-0.0735205714286,-0.0966270367347,1.367
0.441487874571,0.405792618251,-0.124754118436,-1.57552010728,0.0653295222983,1.97274961455,0.126730391608,-0.0743120886303,-0.351224026046,-0.0076827222516,-0.53560277784,-0.0375500152694,0.172943319353,-0.0868489057518,0.57386868167,0.818931791282,0.00249084849516,0.0,0.818894287407,-0.573806549108,-0.0117871605957,0.0,-0.00822377369454,0.00880419342318,-0.999927425229,0.0,0.633537204674,0.224188856921,0.303754660886,1.0,-0.0760074285714,-0.099895477551,1.384
0.440255646301,0.400115847852,-0.124809856641,-1.58407858954,0.0647457955263,1.9757184065,0.125281754878,-0.0812379002724,-0.371650146735,-0.00298792686763,-0.535235872551,-0.0362449730989,0.19805594185,-0.0795758229913,0.573911900434,0.818901296975,0.00255797843527,0.0,0.818864550589,-0.57384938981,-0.0117674340629,0.0,-0.00816862992342,0.00884827866489,-0.999927488096,0.0,0.632331372675,0.222565251694,0.303768428869,1.0,-0.078348,-0.102971657143,1.4
