position_joint1,position_joint2,position_joint3,position_joint4,position_joint5,position_joint6,position_joint7,velocity_joint1,velocity_joint2,velocity_joint3,velocity_joint4,velocity_joint5,velocity_joint6,velocity_joint7,ee_T_00,ee_T_10,ee_T_20,ee_T_30,ee_T_01,ee_T_11,ee_T_21,ee_T_31,ee_T_02,ee_T_12,ee_T_22,ee_T_32,ee_T_03,ee_T_13,ee_T_23,ee_T_33,v_x,v_y,time
0.465048115641,0.547728178175,-0.124003005159,-1.35583591923,0.0794396240124,1.89409314601,0.159149588741,0.000960829638081,-0.000884959781061,-0.00677414078834,0.000114892777147,0.000191854683018,-7.97165643253e-05,-0.00116966880826,0.573812967911,0.818972306686,0.00194567227332,0.0,0.818929716207,-0.573755011246,-0.0118344364234,0.0,-0.0085759015916,0.00838428335371,-0.999928076266,0.0,0.661689727988,0.260855243811,0.303250266707,1.0,0.0,0.0,0.0
0.465047903914,0.547730959619,-0.124000971816,-1.35584299934,0.0794364101501,1.89409395981,0.159152937308,0.0014225332769,-0.000561059489471,0.000174193318747,-0.0026836142618,-8.86673613083e-05,0.000192833683309,0.00162441461813,0.573814008151,0.818971599004,0.00193674370405,0.0,0.818928905417,-0.573756100348,-0.0118377399455,0.0,-0.00858371955995,0.00837887772657,-0.999928054495,0.0,0.661687960965,0.260854936018,0.303244923966,1.0,-0.00022,-0.000289142857143,0.012
0.465044927548,0.5477342555,-0.124005928278,-1.35583909587,0.0794361726236,1.89409314601,0.159145446561,0.000361042671869,0.00204471020184,-0.000414215460048,0.000388647887463,-0.000481917965383,0.000135233879235,-0.000813688035787,0.573813498596,0.81897195984,0.00193512955712,0.0,0.818929275259,-0.573755626697,-0.011835111277,0.0,-0.00858249804539,0.00837604211866,-0.999928088737,0.0,0.661690534283,0.260850424319,0.303244540039,1.0,-0.00056,-0.000736,0.029
0.465044610287,0.547705109023,-0.123998141685,-1.35586256793,0.0794367075047,1.89409476039,0.15915246195,-8.21491461018e-05,-0.00224652210014,0.00199156542894,-0.00332854413537,9.13496706647e-05,-0.000635406784596,0.00100854631999,0.573815445966,0.818970572256,0.00194490374555,0.0,0.818927948707,-0.573757469564,-0.011837560869,0.0,-0.00857887611738,0.00838547275033,-0.999928040777,0.0,0.661684511703,0.260852515423,0.303253899161,1.0,-0.0009,-0.00118285714286,0.046
0.465049095722,0.547595754462,-0.124000925745,-1.35597543187,0.0794356033074,1.89412451036,0.159149098064,9.22526300612e-05,-0.0140287216459,7.85767837112e-05,-0.00655619255597,-5.68700431461e-06,-0.000444213124713,0.00138919453497,0.573816844698,0.818969529646,0.00197107924382,0.0,0.818927192951,-0.573758709618,-0.0118297372888,0.0,-0.00855743525686,0.00840243468977,-0.99992808211,0.0,0.66166699554,0.260843758318,0.303280320712,1.0,-0.00126,-0.001656,0.064
0.465043652298,0.547465092034,-0.123998141697,-1.35614961022,0.079432647924,1.89416165668,0.159142169432,-0.000855906722912,-0.00862933947069,0.000443123517179,-0.0114090092791,7.37006691183e-05,0.000515755158426,-0.000784430074509,0.573822432917,0.818965612169,0.00197191936918,0.0,0.818923167952,-0.573764177468,-0.0118431645591,0.0,-0.00856789277674,0.0084108858931,-0.999927921508,0.0,0.661638867229,0.260824851354,0.303293104622,1.0,-0.00158,-0.00207657142857,0.08
0.465024858259,0.547302262831,-0.124001637689,-1.35636535589,0.0794285077284,1.8942813086,0.159139737509,0.000177123108209,-0.0102442386393,0.000606627831719,-0.0115015912037,-0.000173434188957,0.0105850218556,4.6758660646e-05,0.573849492168,0.818946506503,0.00203143462298,0.0,0.818904826421,-0.573790984455,-0.0118126340744,0.0,-0.00850846034989,0.00844238822422,-0.999928163512,0.0,0.661623505839,0.260794390267,0.303316257821,1.0,-0.00194,-0.00254971428571,0.098
0.465010858009,0.547140598917,-0.124004010841,-1.35655752371,0.0794251774734,1.89438563659,0.159125840843,2.45977417332e-05,-0.00911735519623,-0.0003387508624,-0.0145633683712,-0.000873995417055,0.00772528184621,-0.00317144662466,0.573861270099,0.81893808612,0.00209778074812,0.0,0.818897249407,-0.573802480156,-0.0117794558789,0.0,-0.00844309581268,0.00847780362024,-0.999928417927,0.0,0.661608903543,0.260769624891,0.303348435792,1.0,-0.00224,-0.002944,0.113
0.464985984438,0.546928556337,-0.124001638702,-1.35681933163,0.0794188036409,1.89449589872,0.15911218053,-0.000580900201025,-0.0132643729327,-0.000263823115658,-0.0176216058915,-0.000879288576829,0.00297348557058,-0.000866932881573,0.573881768737,0.818923571845,0.00215543255337,0.0,0.818883407036,-0.573822674799,-0.0117579959276,0.0,-0.00839222552599,0.00851291135259,-0.999928547893,0.0,0.661582747869,0.260732713754,0.303383494955,1.0,-0.00258,-0.00339085714286,0.13
0.464952978411,0.546680954321,-0.12400054512,-1.35720287524,0.0794031772456,1.89463445275,0.159091448559,-0.00369058407424,-0.0145159011807,0.000351457293533,-0.0206842328401,-0.00639486136027,0.00998954906475,-0.000617800401699,0.573908349938,0.818904927104,0.00216174390668,0.0,0.818864767414,-0.573849150417,-0.0117640195061,0.0,-0.00839326022812,0.00852180901598,-0.999928463418,0.0,0.661538157912,0.260676112129,0.303388266353,1.0,-0.00294,-0.003864,0.148
0.464917959106,0.546441946431,-0.124001071972,-1.3575617326,0.0793886803563,1.89477456925,0.158965403256,0.000989504203757,-0.0133353024572,0.000944901202989,-0.0239661813148,0.000213400713301,0.00875710996762,-0.0106822068132,0.573850441984,0.818945449512,0.00218354313345,0.0,0.818905512107,-0.573791103743,-0.0117591839437,0.0,-0.00837739384681,0.00853629276144,-0.999928472931,0.0,0.661500127712,0.260620351075,0.303398880106,1.0,-0.00324,-0.00425828571429,0.163
0.464863965137,0.546119826166,-0.124001344349,-1.35809339093,0.0793489773054,1.89495857509,0.158932954395,-0.00074335978108,-0.0200736783201,0.000740715928995,-0.0280484376077,-9.3097445674e-05,0.00804870169724,0.000456730252461,0.573887419633,0.818919608082,0.00215684676777,0.0,0.81887937518,-0.573828231842,-0.0117675888436,0.0,-0.00839921138762,0.00851963255964,-0.999928431994,0.0,0.661439645255,0.260531657386,0.303389839592,1.0,-0.00362,-0.00475771428571,0.182
0.464813888256,0.545814958248,-0.124001581754,-1.35860732021,0.0793048571403,1.89512895275,0.158884235046,-0.00248561068173,-0.0212675657799,-0.00149860869017,-0.0393545612921,-0.00245246264695,0.0165727056717,-0.0051770077052,0.57390603635,0.81890667964,0.00211148818178,0.0,0.818865962398,-0.573847128464,-0.01177946009,0.0,-0.0084347695158,0.0084894925017,-0.999928389026,0.0,0.661374896378,0.260440200883,0.303373648384,1.0,-0.00396,-0.00520457142857,0.199
0.464757117447,0.545510311426,-0.124004157036,-1.35913911466,0.0792840100821,1.89530952927,0.158787629502,-0.00233110157056,-0.0201472537056,-0.000638050297037,-0.0378713002656,0.00012786492154,0.00618714665869,-0.00841069640983,0.573898924058,0.818911739711,0.00208192905369,0.0,0.818870505378,-0.573839999811,-0.0118108822552,0.0,-0.00847753918625,0.00848324624357,-0.999928080345,0.0,0.661317659676,0.260356530839,0.303354102661,1.0,-0.00424,-0.00557257142857,0.213
0.464692453911,0.54511766764,-0.124005191136,-1.35982646734,0.0792515902917,1.89552530037,0.158716665391,-0.000815076202466,-0.0226893589758,-0.000645573542556,-0.0378742710924,-0.00690785021275,0.0146539756849,-0.00828147647614,0.57392406709,0.818894275861,0.00201917737719,0.0,0.818852091493,-0.573865257882,-0.0118602257851,0.0,-0.00855369994482,0.00846043952728,-0.999927624971,0.0,0.661231969729,0.260246126539,0.303323612633,1.0,-0.00458,-0.00601942857143,0.23
0.464626916516,0.544689250596,-0.124008291702,-1.3605367229,0.0792246323357,1.89576956645,0.158640764586,-0.00602403011118,-0.0271309966893,0.000223097708925,-0.0422775439363,-5.82471382535e-05,0.0140565972156,-0.00656121417791,0.573950128482,0.818876070019,0.00199470983953,0.0,0.818833407606,-0.573891258401,-0.0118920569876,0.0,-0.00859353980275,0.00845894555194,-0.999927296014,0.0,0.661147956657,0.260134528586,0.303310059558,1.0,-0.00492,-0.00646628571429,0.247
0.464555035914,0.544227084023,-0.124005935109,-1.36129599697,0.0791779426347,1.89604374516,0.158531073032,-0.00218358793827,-0.0324884950571,0.00102347503859,-0.0473939894807,-0.00171835588331,0.0173329017764,-0.00337335236182,0.573947418058,0.81887801828,0.0019746857021,0.0,0.81883507274,-0.57388860877,-0.011905262543,0.0,-0.00861587405025,0.00845009929897,-0.999927178617,0.0,0.66106093506,0.260015366153,0.30329939987,1.0,-0.00526,-0.00691314285714,0.264
0.464491488665,0.543722952374,-0.124016213667,-1.36211299002,0.0791355501165,1.89632782257,0.158441304919,-0.00374117786526,-0.0290969431091,2.23075289222e-05,-0.0465645023267,-0.00568097315587,0.0162583502239,-0.00463168492187,0.573967274783,0.818864156877,0.00195114354801,0.0,0.81882086159,-0.573908518523,-0.0119229145901,0.0,-0.00864363591703,0.00844116235435,-0.999927014505,0.0,0.660964093708,0.259889465599,0.303292196984,1.0,-0.0056,-0.00736,0.281
0.46441169862,0.543212517154,-0.124019649543,-1.36291346178,0.0790867839736,1.89660406161,0.158329829114,-0.00776452643329,-0.0275583414351,-0.0028848726689,-0.0510252841828,-0.00501442708261,0.0257310727236,-0.0119368075043,0.573975160816,0.8188586585,0.00193883141618,0.0,0.818815189503,-0.57391644199,-0.0119310499806,0.0,-0.00865728303314,0.00843583336071,-0.999926941414,0.0,0.660872553672,0.259757282945,0.30329633946,1.0,-0.00592,-0.00778057142857,0.297
0.464337474435,0.542657456996,-0.124022570523,-1.36380955647,0.0790382355102,1.89692116863,0.158213988305,-0.00803465525222,-0.0337343524781,0.000200122528611,-0.0525938705205,-0.00216513572476,0.021691803501,-0.015632435705,0.573979951987,0.818855343326,0.0019205009874,0.0,0.818811569549,-0.573921245393,-0.0119484124566,0.0,-0.00868197222074,0.00843083995575,-0.999926769467,0.0,0.660766608518,0.259621126291,0.303290010964,1.0,-0.00626,-0.00822742857143,0.314
0.464271104939,0.542059992548,-0.124028966568,-1.36474105181,0.0789865074027,1.89726406694,0.158103757516,-0.00249023094824,-0.0318014289183,-0.00145193367388,-0.0545113663224,-0.00684283824338,0.0257869133652,-0.00867167684931,0.573986459024,0.818850763183,0.00192857279923,0.0,0.818807074525,-0.573927698136,-0.0119465024762,0.0,-0.00867570835688,0.00843642213303,-0.999926776752,0.0,0.660657562267,0.259485745425,0.303299095789,1.0,-0.0066,-0.00867428571429,0.331
0.464176161484,0.541342475758,-0.124023789562,-1.36581077295,0.0789115350094,1.89765977816,0.157957294695,-0.00251006050756,-0.038860668116,-0.00109768521698,-0.0541995459667,-0.00173589304754,0.0180762089767,-0.00299733582878,0.573979930078,0.818855260902,0.001961749655,0.0,0.81881206412,-0.573921089352,-0.0119219859852,0.0,-0.00863665772779,0.00844944764453,-0.999927004825,0.0,0.660536223868,0.259323202273,0.303331344478,1.0,-0.00698,-0.00917371428571,0.35
0.464105167573,0.54073727114,-0.124030062094,-1.36673009767,0.0788666105942,1.89800445842,0.157848632574,-0.00522556499721,-0.0430942402262,-0.00150905311653,-0.0608117180324,-0.000233915940562,0.023008698383,-0.00637240483058,0.573992456395,0.818846407657,0.00199187605948,0.0,0.818803537157,-0.573933424354,-0.0119138092029,0.0,-0.00861254143767,0.00846955483763,-0.999927042724,0.0,0.660431020073,0.259187619576,0.303351676195,1.0,-0.00728,-0.009568,0.365
0.464004388403,0.539971224877,-0.124025822944,-1.36789610861,0.0787945073899,1.89843427001,0.157679793137,-0.00503672880749,-0.0465328532375,0.00500678356695,-0.0694736654115,-0.0105137597223,0.0222476254488,-0.0104708526068,0.573978994011,0.818855780899,0.00201777659722,0.0,0.818813227235,-0.57391983675,-0.0119023859514,0.0,-0.00858846088203,0.00848406502668,-0.999927126835,0.0,0.660296695106,0.259012682419,0.303375178558,1.0,-0.00764,-0.0100411428571,0.383
0.463901121087,0.539230520578,-0.124030104193,-1.36904263357,0.0787299617256,1.89887444673,0.157550010306,-0.00536959296916,-0.0470379096195,-7.66234428469e-05,-0.0629965187806,-0.00698109063581,0.0240936390587,-0.00892602690539,0.574006526677,0.818836407493,0.00204743681224,0.0,0.818794231353,-0.573947236156,-0.0118879650696,0.0,-0.00855934270424,0.00850036264809,-0.999927238097,0.0,0.660170214776,0.258835075478,0.303391117361,1.0,-0.00798,-0.010488,0.4
0.463794747665,0.538464319496,-0.124033290744,-1.37023984174,0.0786605427394,1.89932979676,0.157412008419,-0.00974703099346,-0.044389617024,-5.16008895369e-05,-0.0730713711973,-0.004616287608,0.027232241999,-0.0104596184535,0.574030491796,0.818819556167,0.00206780757536,0.0,0.818777640809,-0.573971111224,-0.0118779330091,0.0,-0.00853918642867,0.00851153420835,-0.999927315399,0.0,0.660036288654,0.258650625238,0.303402095196,1.0,-0.00832,-0.0109348571429,0.417
0.463692626371,0.537733193894,-0.124036479651,-1.37139941673,0.0785930806283,1.89978061095,0.157256308621,-0.00318423613303,-0.0478968668212,0.0012267481811,-0.070090056454,-0.0118290982997,0.0294490175294,-0.01398031729,0.574034921342,0.818816404923,0.00208590749781,0.0,0.818774733271,-0.573975475257,-0.0118674707148,0.0,-0.00852018399874,0.00852039501743,-0.999927402031,0.0,0.659907794363,0.258473005601,0.30340569786,1.0,-0.00864,-0.0113554285714,0.433
0.463579767843,0.536908110183,-0.124045340567,-1.37268678113,0.0785195973886,1.90025191154,0.157107847922,-0.00584888870725,-0.0509684107902,0.000465664803979,-0.0812432894354,-0.00511390814024,0.0293444013425,-0.00617321403705,0.574063178188,0.818796575562,0.00209337022781,0.0,0.818754986959,-0.574003684508,-0.0118654288912,0.0,-0.00851393423953,0.00852562727818,-0.999927410667,0.0,0.659760390895,0.258271508511,0.303416643453,1.0,-0.00898,-0.0118022857143,0.45
0.463465387133,0.536118210395,-0.124051703929,-1.37392271077,0.0784404690419,1.90072363419,0.156959480558,-0.00764847786078,-0.0507489341216,-0.000558552722584,-0.0775952991141,-0.00539294052741,0.0242889753184,-0.00455284968417,0.574086672072,0.818780060594,0.00211002936721,0.0,0.818738767022,-0.57402718729,-0.0118476380505,0.0,-0.00848955902847,0.00852929815825,-0.999927586608,0.0,0.659623929813,0.258075230576,0.303427029563,1.0,-0.0093,-0.0122228571429,0.466
0.463349742957,0.535277883633,-0.124062344984,-1.37525017942,0.0783668522646,1.90120332912,0.156799978438,-0.0026866803205,-0.0550967205415,-0.00216549633261,-0.0883484176345,-0.00214155647121,0.0329565686961,-0.0133715164069,0.574111345699,0.818762774676,0.00210438720721,0.0,0.818721369846,-0.574051842402,-0.0118552812291,0.0,-0.00849879922848,0.00852932245293,-0.999927507908,0.0,0.659469840732,0.257866880965,0.303430135919,1.0,-0.00962,-0.0126434285714,0.482
0.463211635852,0.534278267703,-0.124071252241,-1.37687213718,0.0782860049129,1.90179107339,0.156597542225,-0.0108765842034,-0.0539999046039,0.000219693131503,-0.0862485553302,-0.00491975285488,0.0322972648295,-0.0139407433471,0.574132185597,0.818748220997,0.00208110012053,0.0,0.818706362154,-0.574072622347,-0.0118854424276,0.0,-0.00853664659666,0.00852778913304,-0.999927198589,0.0,0.659278494047,0.257618033698,0.303414616768,1.0,-0.01,-0.0131428571429,0.501
0.463096519961,0.533466351579,-0.124073371517,-1.37817685251,0.0782025525139,1.90226645571,0.156442681363,-0.00879056632648,-0.0550596348961,0.000416458147544,-0.0889510124526,-0.00416613929049,0.0289893258257,-0.0147111720414,0.574150107918,0.81873570051,0.00206232606351,0.0,0.818693620962,-0.57409064233,-0.0118926988506,0.0,-0.0085531797051,0.00851677149527,-0.999927151207,0.0,0.659125864898,0.257415468447,0.303407508555,1.0,-0.0103,-0.0135371428571,0.516
0.462981761845,0.532585434085,-0.124077175936,-1.37960967322,0.0781247298177,1.90281333282,0.156251878715,-0.0114176004979,-0.0557130489265,-0.00478609204969,-0.0873300628944,-0.00336340587134,0.027944718608,-0.00954044047555,0.574154058114,0.818732937415,0.00205952492369,0.0,0.818690734026,-0.574094516498,-0.0119044129879,0.0,-0.00856433793854,0.00852124505836,-0.999927017586,0.0,0.658948259418,0.257190482814,0.303393420579,1.0,-0.01064,-0.013984,0.533
0.462835948214,0.531553391467,-0.124077613252,-1.38127064074,0.0780279501253,1.90341931075,0.156048920903,-0.00957017138058,-0.0558382352212,-0.00087307347154,-0.0934672546961,-0.00426189586112,0.0340375582343,-0.011408208085,0.574166204186,0.818724465561,0.00204116747032,0.0,0.818681981512,-0.574106695036,-0.0119190085086,0.0,-0.00858670128142,0.00851472283704,-0.999926881355,0.0,0.65876289032,0.256949150543,0.303383660365,1.0,-0.01098,-0.0144308571429,0.55
0.462711334628,0.530601000215,-0.124074994817,-1.38281896389,0.0779296412224,1.9039617438,0.155850452515,-0.00546556032897,-0.0578182222482,-0.00137896871367,-0.0957256974006,-0.00793531915398,0.0337070880466,-0.0112522954113,0.574161561422,0.818727839007,0.00199346972503,0.0,0.81868469301,-0.574102210556,-0.0119487307977,0.0,-0.00863846948638,0.00849268859226,-0.999926622851,0.0,0.658571610616,0.256718233541,0.303364747677,1.0,-0.0113,-0.0148514285714,0.566
0.462559079735,0.529443406598,-0.124083322987,-1.38464482102,0.0778121431705,1.90463323481,0.155599817003,-0.00798916324404,-0.0584763278742,-0.000600892563355,-0.0969397021416,-0.0108759646079,0.0339151865194,-0.0120024102738,0.574154408291,0.818732864043,0.00198989363707,0.0,0.818689741766,-0.574095142353,-0.0119424099189,0.0,-0.00863542146428,0.00848605619132,-0.999926705487,0.0,0.658356833898,0.256438175511,0.303369586245,1.0,-0.01168,-0.0153508571429,0.585
0.462429035496,0.528339679495,-0.124078723447,-1.38633622507,0.0777102165055,1.90527770918,0.15536912324,-0.00671781672683,-0.0623873834065,0.00144756683196,-0.0998724239598,-0.00642477207422,0.0383114881703,-0.016704349331,0.574133068604,0.818747707504,0.00203909113048,0.0,0.818705201448,-0.574073577099,-0.0119192323559,0.0,-0.00858842118101,0.00851280386049,-0.999926882923,0.0,0.658156663136,0.256196210207,0.303397429963,1.0,-0.01202,-0.0157977142857,0.602
0.462302533966,0.527363021247,-0.124089021765,-1.3878657871,0.0776143596327,1.90586829578,0.155153021524,-0.00921244359748,-0.06484606343,-0.000899684162472,-0.101519152583,-0.00368957607838,0.0340367219802,-0.0142589438569,0.574124056019,0.818753960896,0.00206560374088,0.0,0.818711889884,-0.574064546313,-0.0118947438487,0.0,-0.008553243442,0.00852035696943,-0.999927120116,0.0,0.657981983328,0.255962798296,0.303408423249,1.0,-0.01232,-0.016192,0.617
0.462155658595,0.526200407875,-0.124084970421,-1.38967135152,0.0774939745807,1.90653999873,0.154908754987,-0.00769778513346,-0.0690975884875,0.000569176952421,-0.108479361523,-0.00243361473189,0.0337140536936,-0.0142667268026,0.574106417195,0.818766280907,0.00208467876182,0.0,0.818724514594,-0.574046888572,-0.0118779554227,0.0,-0.00852873023382,0.00852615219354,-0.999927280101,0.0,0.657766506631,0.25569559993,0.303425207054,1.0,-0.01266,-0.0166388571429,0.634
0.462011540295,0.525083023928,-0.124090397983,-1.39140258621,0.0773937166533,1.90716657803,0.154685297581,-0.0103795915525,-0.0714055771282,7.59396154064e-05,-0.101987310156,-0.00529239433105,0.0387362392817,-0.0111450645247,0.574111405053,0.81876275142,0.0020972305935,0.0,0.818721088091,-0.574051764696,-0.0118784791264,0.0,-0.00852190140205,0.00853678161413,-0.999927247632,0.0,0.657558076951,0.255433147944,0.303441673836,1.0,-0.01298,-0.0170594285714,0.65
0.461852809976,0.523913459184,-0.124096680454,-1.39329763343,0.077271613337,1.90784565334,0.154418713997,-0.00783006091181,-0.0716714169275,-0.00208625732568,-0.114269760221,-0.00471392000901,0.0390704953355,-0.011561700844,0.574096317613,0.818773445485,0.00205182206586,0.0,0.818731217881,-0.57403689027,-0.0118990914269,0.0,-0.00856500343054,0.00851127921849,-0.999927096764,0.0,0.657327554545,0.255141916261,0.303421174298,1.0,-0.01332,-0.0175062857143,0.667
0.461700800891,0.522691646669,-0.124096856906,-1.39522219393,0.0771564179847,1.90858461079,0.154159517266,-0.0115395344529,-0.0742869913269,-0.00133576620401,-0.114065505537,-0.00271471939065,0.0419445999999,-0.0108997559009,0.574080957631,0.818784139796,0.00208168332741,0.0,0.818742292087,-0.574021401899,-0.0118842841827,0.0,-0.00853589696219,0.00852706759574,-0.999927211142,0.0,0.657099324708,0.254861015016,0.303428028947,1.0,-0.01366,-0.0179531428571,0.684
0.461535481746,0.521467401622,-0.124099995633,-1.39719358657,0.0770361427615,1.90935160374,0.153899357705,-0.0127587825855,-0.0698259508918,-0.000248186564581,-0.122571767184,-0.00523806722325,0.0455643513217,-0.0105159564716,0.574078780965,0.818785633482,0.00209440933716,0.0,0.818743987906,-0.574019210581,-0.0118732916143,0.0,-0.00851961343053,0.00853115408014,-0.999927315157,0.0,0.656869411644,0.254565228486,0.303416516655,1.0,-0.014,-0.0184,0.701
0.461375483742,0.520255558726,-0.12411319193,-1.3991098325,0.0769163054704,1.91005231808,0.153639233268,-0.0102096920131,-0.0729315474034,-0.00156204199645,-0.119342791739,-0.00733222884821,0.053286786738,-0.0100941058806,0.574075939904,0.818787647165,0.00208589921561,0.0,0.818745939226,-0.574016452605,-0.0118720697816,0.0,-0.0085235277195,0.00852345523379,-0.999927347454,0.0,0.656639187126,0.254269117983,0.303416749187,1.0,-0.01432,-0.0188205714286,0.717
0.461195333638,0.518924737909,-0.124112504925,-1.40117549816,0.0767857662846,1.9107913837,0.153368777561,-0.0160347507461,-0.0804073080777,0.000658386497521,-0.120776651101,-0.00786105435784,0.0526630910056,-0.0125711278985,0.574075892181,0.818787675723,0.00208782220175,0.0,0.818745965072,-0.574016369389,-0.0118743106068,0.0,-0.00852425918082,0.00852631561713,-0.999927316832,0.0,0.656386322896,0.253952637069,0.303431892022,1.0,-0.01466,-0.0192674285714,0.734
0.461007863831,0.517419599796,-0.12412447146,-1.40354061524,0.0766241248226,1.91164122478,0.153039726144,-0.0143815890161,-0.0796934655893,-0.00394894748912,-0.121266130675,-0.00790160258834,0.0447760908916,-0.0139635166438,0.574049922395,0.818805935712,0.00206715797788,0.0,0.818764093115,-0.573990623012,-0.0118689266895,0.0,-0.0085319825954,0.00850603493962,-0.999927423688,0.0,0.656094909234,0.253593294378,0.303436407112,1.0,-0.01504,-0.0197668571429,0.753
0.460841502837,0.516231054861,-0.124120969261,-1.40542341354,0.0765044410789,1.91235029815,0.152773908348,-0.0129765721853,-0.08060601837,-0.000356756898867,-0.124339369766,-0.010435195624,0.0473203624986,-0.0172862255016,0.574033281495,0.818817578128,0.00207662844292,0.0,0.818775868458,-0.573973955648,-0.011862645958,0.0,-0.00852157645847,0.00851001068737,-0.999927478597,0.0,0.655869379774,0.253307135801,0.303435305497,1.0,-0.01534,-0.0201611428571,0.768
0.460661067378,0.514859498047,-0.124122336495,-1.4076286032,0.0763731603892,1.9131746963,0.152484360606,-0.00947268550963,-0.0770131830385,0.000173334697045,-0.137139082328,-0.0131526400422,0.0454435324965,-0.0150747991009,0.574025868707,0.818822796094,0.00206822447919,0.0,0.818780923873,-0.573966524611,-0.0118732568713,0.0,-0.00853516610204,0.00850914316714,-0.999927370074,0.0,0.65559979913,0.252979043149,0.3034189269,1.0,-0.01568,-0.020608,0.785
0.460470173867,0.513528762383,-0.124121973981,-1.4097675682,0.0762445057235,1.91390854134,0.152178942423,-0.0133702621497,-0.0809381395639,0.0060410821861,-0.135355187099,-0.00818691085427,0.0343773312492,-0.0163306649985,0.574009203429,0.818834630257,0.002007379546,0.0,0.818791820877,-0.573949966574,-0.0119221154043,0.0,-0.00861027131003,0.00848719332484,-0.999926912718,0.0,0.655328060941,0.252646848497,0.303397124166,1.0,-0.016,-0.0210285714286,0.801
0.460277686113,0.512104255924,-0.124136459623,-1.41205502653,0.076113390702,1.91472011559,0.151860434042,-0.0109627073242,-0.0894633058322,-0.00140980395059,-0.139201090718,-0.00969643114942,0.0449362323703,-0.0203342767332,0.574000718959,0.818840680196,0.00196519495484,0.0,0.818797215001,-0.5739415548,-0.0119565581123,0.0,-0.0086627759149,0.00847233222736,-0.999926585255,0.0,0.655042044583,0.252293457406,0.30337715029,1.0,-0.01634,-0.0214754285714,0.818
0.460050895113,0.510473681819,-0.124132030393,-1.4146486204,0.0759515655444,1.91570890037,0.151491835,-0.0139744382945,-0.0884290373344,-0.00105487509455,-0.136357095405,-0.0107693869343,0.0554416981016,-0.0162387034054,0.57397340758,0.818859779302,0.00198396941296,0.0,0.818816555903,-0.57391416529,-0.011946780305,0.0,-0.00864427616338,0.008481804504,-0.999926665052,0.0,0.654728929859,0.251902112811,0.303369994117,1.0,-0.01672,-0.0219748571429,0.837
0.459857958596,0.508981716893,-0.124139441584,-1.41700106774,0.075809220851,1.91657362303,0.151163379527,-0.0106668345515,-0.0875421001784,-0.00153000342288,-0.139287890096,-0.0132723605305,0.0518094961635,-0.0255993990235,0.5739517267,0.818874970264,0.00198630169717,0.0,0.818831742853,-0.573892443578,-0.0119493514967,0.0,-0.00864526776508,0.0084849611668,-0.999926629698,0.0,0.654436969099,0.251547655838,0.30336963927,1.0,-0.01706,-0.0224217142857,0.854
0.459671253334,0.507645829429,-0.12413833855,-1.41908684884,0.0756742030185,1.91731547017,0.150874574824,-0.00877601978982,-0.0884387339371,0.00116244674165,-0.140481504363,-0.00332409649176,0.0433524900387,-0.0193767954255,0.573938784294,0.818884064584,0.00197675353756,0.0,0.818840690318,-0.573879520802,-0.0119568551662,0.0,-0.00865702645985,0.0084813124409,-0.999926558919,0.0,0.654175346998,0.251224812003,0.303375588471,1.0,-0.01736,-0.022816,0.869
0.459454642519,0.506076496072,-0.124139060337,-1.42152189456,0.0755217213564,1.91822014118,0.150541566118,-0.0127200725417,-0.098328363929,0.000519228101734,-0.144724213506,-0.010506117509,0.057396684223,-0.0245186118668,0.573928700238,0.818891057044,0.002007644865,0.0,0.818848079005,-0.573869302647,-0.0119412683652,0.0,-0.00862663820491,0.00849755637737,-0.999926683637,0.0,0.653876779173,0.250851220579,0.303392244532,1.0,-0.0177,-0.0232628571429,0.886
0.459236033658,0.504544774158,-0.124149711838,-1.423852494,0.0753725236253,1.91913064522,0.150219651129,-0.0142766278923,-0.0929098740855,0.000397891880887,-0.150979518293,-0.0117489467568,0.0634777287775,-0.0274480252778,0.573922281782,0.818895361394,0.00208529662945,0.0,0.818853487084,-0.573862657484,-0.0118896566922,0.0,-0.00853987526744,0.00853145557197,-0.999927139744,0.0,0.653582736332,0.250465402864,0.303426052512,1.0,-0.01804,-0.0237097142857,0.903
0.459006250012,0.502883105014,-0.124152707537,-1.42632923828,0.0752143329533,1.92007082448,0.149885647497,-0.0162574794,-0.100594450117,0.000622279368943,-0.14315897135,-0.0121507198312,0.0599885634416,-0.0250630429176,0.573932955715,0.818887585787,0.00219797386397,0.0,0.818847292895,-0.573872997848,-0.0118169437748,0.0,-0.00841555273406,0.00858210364862,-0.999927760375,0.0,0.653308060669,0.250097743297,0.303495745669,1.0,-0.01836,-0.0241302857143,0.919
0.458780298697,0.501174238482,-0.124151129409,-1.42887979125,0.0750533936849,1.92097474771,0.149518676648,-0.0145957682722,-0.10701669917,0.000921315840635,-0.150116806773,-0.00777817876494,0.0465759272223,-0.0264458439287,0.573902925734,0.818908483711,0.00225256323256,0.0,0.818868835548,-0.57384269318,-0.0117957854067,0.0,-0.00836721288443,0.00861435544051,-0.999927888714,0.0,0.652984370686,0.249706464065,0.303552818956,1.0,-0.0187,-0.0245771428571,0.936
0.45853547235,0.499474875407,-0.124156831253,-1.43148231382,0.0748875858977,1.92190421627,0.149162254651,-0.0133125135247,-0.0991703273133,0.00043064726875,-0.157248451573,-0.00972721423347,0.0603179570943,-0.0247237623476,0.573903165148,0.818908261068,0.00227241912944,0.0,0.818868855985,-0.573842840782,-0.0117871829624,0.0,-0.00834877079366,0.00862568093424,-0.999927945231,0.0,0.652658465055,0.249293370385,0.303580371832,1.0,-0.01904,-0.025024,0.953
0.458283016656,0.497799475906,-0.124149036049,-1.43412728732,0.0747237909857,1.92288561612,0.148774847385,-0.0201202979247,-0.0964317416902,0.00127915908472,-0.153663186026,-0.00711864359508,0.0586473168576,-0.022304259381,0.573877197985,0.818926429313,0.00228295999604,0.0,0.818887082896,-0.573816755448,-0.0117908241993,0.0,-0.00834597754836,0.00863613787736,-0.99992787829,0.0,0.652329624447,0.248881755909,0.303574545453,1.0,-0.01938,-0.0254708571429,0.97
0.458037091274,0.496229282446,-0.124156834679,-1.43664333768,0.0745721323933,1.92378462335,0.14839465747,-0.0171337936638,-0.0962039470681,-0.000380374293231,-0.157976752784,-0.00749873990115,0.0562351698136,-0.0306901285675,0.573859144711,0.818939188968,0.00224359186238,0.0,0.818899231522,-0.573798754266,-0.0118230756316,0.0,-0.00839517138622,0.00862222172626,-0.999927586573,0.0,0.652012770525,0.248475718568,0.303549534269,1.0,-0.0197,-0.0258914285714,0.986
0.457764927971,0.49454182801,-0.12415528368,-1.43937399865,0.0743972628524,1.92471694538,0.14800800135,-0.0175702775439,-0.105276380664,-0.000189549689853,-0.152706012291,-0.00749747379188,0.0518788194824,-0.0232482362537,0.573854167217,0.81894293366,0.00214780747501,0.0,0.818901598025,-0.573794022483,-0.0118886254954,0.0,-0.00850387047567,0.00858134547406,-0.999927019685,0.0,0.651658098825,0.248032926946,0.303506086409,1.0,-0.02138,-0.0280994285714,1.003
0.457463165067,0.492335282044,-0.124228662733,-1.44273926159,0.0741987321786,1.92595621143,0.147526683736,-0.0152856631561,-0.149141601193,-0.00667086843605,-0.231511188018,-0.0198696842295,0.0858264985574,-0.0230307744651,0.573875350764,0.818927934545,0.00220606158828,0.0,0.818887541832,-0.573815159232,-0.0118365438131,0.0,-0.00842756705221,0.00859938264847,-0.999927510738,0.0,0.651248292664,0.247475495818,0.303549902839,1.0,-0.03328,-0.0437394285714,1.02
0.457061333468,0.489217536777,-0.124261482393,-1.44767637944,0.0739444505108,1.92784613306,0.146793411435,-0.0287548686128,-0.203750097332,-0.000221170767747,-0.324095689144,-0.0176120147159,0.12507663894,-0.044813757209,0.573806883082,0.818975699952,0.00228269957212,0.0,0.81893598157,-0.573746069237,-0.0118344001175,0.0,-0.00838255760323,0.00866021179523,-0.999927364092,0.0,0.650625927555,0.246737496543,0.303533378332,1.0,-0.04518,-0.0593794285714,1.037
0.456490599685,0.485323600704,-0.124319945402,-1.45381639383,0.0735889970509,1.93017810009,0.145863370543,-0.0391569073319,-0.268075508415,-0.00518328138719,-0.403853727676,-0.0310853539893,0.155975214801,-0.0683756077825,0.573763985466,0.819005555895,0.00235272108033,0.0,0.818966738034,-0.573702896856,-0.0117989420343,0.0,-0.00831379624681,0.00869677575441,-0.999927620822,0.0,0.649866344139,0.245756477327,0.303520046503,1.0,-0.05638,-0.0740994285714,1.053
0.455715354842,0.480231880641,-0.124476182903,-1.46194219633,0.0731083183922,1.93301057315,0.144618399274,-0.0465788019818,-0.32165436496,-0.00716867370699,-0.512488550857,-0.0260411784586,0.184996937248,-0.0783331932814,0.573760717257,0.819008360898,0.00216587453915,0.0,0.818967113449,-0.573700362858,-0.0118956987107,0.0,-0.00850027735047,0.00859923020578,-0.99992689659,0.0,0.648821487506,0.244380950949,0.303434859455,1.0,-0.06828,-0.0897394285714,1.07
0.454741085828,0.47405221906,-0.12461779845,-1.4716107243,0.0725373912187,1.93639770616,0.143229533115,-0.0583493820466,-0.38696471713,-0.00764524953904,-0.602503651728,-0.0309102506842,0.211867816457,-0.0895342427668,0.573837493253,0.818954805748,0.00207470039827,0.0,0.818912186767,-0.573777318258,-0.0119652128532,0.0,-0.00860871828174,0.00856525009758,-0.999926260511,0.0,0.64757237955,0.242741276361,0.303409284067,1.0,-0.08018,-0.105379428571,1.087
0.453604009159,0.466913114197,-0.124745014573,-1.48246775807,0.0718986766617,1.94044101014,0.141530444846,-0.0729013076433,-0.449958547769,-0.00895094628888,-0.664481892786,-0.0348016120701,0.257928915394,-0.111280349141,0.573816141603,0.818969018769,0.00235134698624,0.0,0.818930004798,-0.573754865324,-0.0118215337424,0.0,-0.00833253354302,0.0087091431566,-0.999927357217,0.0,0.646206671233,0.240911924095,0.303526945172,1.0,-0.09208,-0.121019428571,1.104
0.452232027729,0.458910411166,-0.124794989636,-1.49489618207,0.0711108690247,1.9448543088,0.139594094491,-0.0877850287093,-0.490583901463,-0.00473265204248,-0.780202258463,-0.0471767367314,0.26628480799,-0.118328905921,0.573758172303,0.8190096672,0.00233915566907,0.0,0.818970148724,-0.573696589739,-0.0118686697884,0.0,-0.00837875098023,0.00872561294674,-0.999926827428,0.0,0.644568640702,0.238807467711,0.303509080397,1.0,-0.10398,-0.136659428571,1.121
0.450656924988,0.44985214593,-0.124960729745,-1.50872389022,0.0701608577638,1.94967595019,0.137425559772,-0.0915900713843,-0.558197772608,-0.00721391809063,-0.835574192288,-0.050701310577,0.317012587964,-0.12893409909,0.573766265179,0.819004026781,0.00232893978039,0.0,0.818964919577,-0.573705287949,-0.0118088942333,0.0,-0.00833556734712,0.00868303229539,-0.99992755901,0.0,0.642739586704,0.236359970118,0.303572226794,1.0,-0.11588,-0.152299428571,1.138
0.448907812538,0.439950820889,-0.125073220961,-1.5238343568,0.0691848637194,1.9549997701,0.135092585772,-0.0992348307656,-0.599071386947,-0.00764079528237,-0.927113251216,-0.0593685853896,0.310715965399,-0.144941215177,0.57378106437,0.818993404205,0.00241680386937,0.0,0.818955221666,-0.573719522694,-0.011789872225,0.0,-0.00826941923828,0.00874422793611,-0.999927574969,0.0,0.640701302394,0.233728076523,0.303623541311,1.0,-0.12778,-0.167939428571,1.155
0.44691128477,0.429106946133,-0.125187908404,-1.54010894695,0.0680997736481,1.96071359154,0.132421300245,-0.122720061927,-0.659927330343,-0.00893818406186,-0.988614190062,-0.0686187766175,0.341231384312,-0.146626169079,0.573724748777,0.819032163407,0.00264099348404,0.0,0.818996851487,-0.573662352343,-0.0116794546517,0.0,-0.00805096548223,0.00886392819219,-0.999928303796,0.0,0.638487559035,0.230829642768,0.3037719069,1.0,-0.13968,-0.183579428571,1.172
0.44480467812,0.418274511098,-0.125312153627,-1.55648373887,0.0669415441207,1.96635860247,0.129675197929,-0.136640103299,-0.694596325502,-0.00659768285554,-1.03134240573,-0.071377387995,0.358730468569,-0.175945263445,0.573665361745,0.819073625531,0.00268246045657,0.0,0.819039096121,-0.573603099088,-0.0116271511442,0.0,-0.0079849789468,0.00886730457802,-0.999928802976,0.0,0.63621665476,0.227838260569,0.303830831863,1.0,-0.15088,-0.198299428571,1.188
0.442324531899,0.405929114543,-0.125454405795,-1.57498839625,0.0656581632451,1.97284715203,0.126594014124,-0.152261146385,-0.72856827414,-0.00442223465184,-1.12307880947,-0.06957268512,0.380467333348,-0.189379813057,0.573683311173,0.819060220084,0.00292596303841,0.0,0.81902902234,-0.573620449797,-0.011479853715,0.0,-0.00772444799568,0.0089824220772,-0.999929822036,0.0,0.633638415396,0.224419000052,0.3039420861,1.0,-0.16278,-0.213939428571,1.205
0.439731469025,0.393560783775,-0.12558800232,-1.59339395849,0.0644050366383,1.9791379295,0.123460079246,-0.166096549559,-0.779656243956,-0.00880654994047,-1.1648326533,-0.077494210473,0.403353132632,-0.195900916381,0.573722496105,0.819031986793,0.00313830759342,0.0,0.819003170108,-0.573658551279,-0.0114201925868,0.0,-0.00755333146149,0.00912248090074,-0.999929861303,0.0,0.631007136116,0.220952999703,0.304060336384,1.0,-0.17398,-0.228659428571,1.221
0.436716659893,0.379810974077,-0.125741907167,-1.61403015373,0.0628130169603,1.98600496206,0.119791599881,-0.182017306092,-0.85822183625,-0.0069619541155,-1.2231439383,-0.091674953943,0.424343688963,-0.217662496457,0.573636993008,0.81909227377,0.00303219474586,0.0,0.819062611739,-0.573574003997,-0.0114038104189,0.0,-0.00760173128129,0.0090253786319,-0.999930375687,0.0,0.627975746483,0.216976199877,0.304053572977,1.0,-0.18588,-0.244299428571,1.238
0.43338137618,0.365371235055,-0.125886530063,-1.63563580252,0.0612094905769,1.99312336946,0.115951143501,-0.204018066636,-0.854779929379,-0.00935870311607,-1.26572957556,-0.100297727869,0.426974882877,-0.231851588956,0.57366590848,0.819072316274,0.00295178964372,0.0,0.819041364793,-0.573602866368,-0.0114778636398,0.0,-0.0077081937634,0.00900227021232,-0.999929768974,0.0,0.624737073572,0.212741490068,0.304018262019,1.0,-0.19778,-0.259939428571,1.255
0.429667920512,0.350219643499,-0.126105382668,-1.65821421393,0.0594876060751,2.00046734215,0.111773603153,-0.229468905304,-0.895314048426,-0.012564100837,-1.34791718631,-0.101449717514,0.426926248017,-0.258733228423,0.573744121496,0.819017987601,0.00282239903257,0.0,0.818985326962,-0.573681442456,-0.0115491863235,0.0,-0.00783998433688,0.00893795323896,-0.999929321321,0.0,0.621306321334,0.208152662988,0.303958769359,1.0,-0.20968,-0.275579428571,1.272
0.425871534153,0.335214041476,-0.126288754727,-1.68008359809,0.0577987749422,2.00759074762,0.107615880809,-0.247575441439,-0.937411974153,-0.0109327815021,-1.38543839379,-0.114828729724,0.450352700639,-0.267483014001,0.573823088382,0.818962048835,0.00299544800263,0.0,0.818931656004,-0.573759884167,-0.0114579674269,0.0,-0.0076651201577,0.00902808726739,-0.999929867327,0.0,0.617939179718,0.203635408882,0.304058959999,1.0,-0.22088,-0.290299428571,1.288
0.421621348593,0.318705549132,-0.126416058141,-1.70405738112,0.0558565958949,2.01522589027,0.102914000414,-0.262949959484,-0.985498018095,-0.00979639627283,-1.43649219067,-0.117142064706,0.445257568186,-0.280562491049,0.573728766945,0.819027831997,0.00307559662693,0.0,0.818998499386,-0.573665361342,-0.0114130671199,0.0,-0.00758340237332,0.00906708851749,-0.999930137517,0.0,0.614118293703,0.198690068269,0.304122785604,1.0,-0.23278,-0.305939428571,1.305
0.416754655837,0.300584767023,-0.126567649142,-1.73023085116,0.0536733604867,2.02343858467,0.0975325972823,-0.282013674001,-1.00977024321,-0.00279043718026,-1.47835802036,-0.121076690344,0.454573717448,-0.299719022076,0.57353900445,0.819160515587,0.00313160967804,0.0,0.819132023893,-0.573475600093,-0.0113670766416,0.0,-0.00751570332366,0.00908483850544,-0.99993048754,0.0,0.60985091748,0.19318137358,0.304162851497,1.0,-0.24538,-0.322499428571,1.323
0.412007980214,0.283870257642,-0.126734464621,-1.7541256452,0.0517276279754,2.0307678071,0.0925807090736,-0.298788993107,-1.04311815279,-0.00239228609644,-1.4990554991,-0.114529581167,0.445801308888,-0.302413149362,0.573560288579,0.819145301238,0.00321212167675,0.0,0.819117230919,-0.573495895445,-0.0114090674897,0.0,-0.0075036898977,0.00917506890355,-0.999929753907,0.0,0.605615329388,0.187670590653,0.304204965744,1.0,-0.25728,-0.338139428571,1.34
0.405868868913,0.263361398529,-0.126986777418,-1.78326267305,0.0492112919361,2.03949144975,0.0862012794841,-0.332218441885,-1.09410220536,-0.0202942207137,-1.55714406374,-0.122601981219,0.448094271924,-0.338936672641,0.573533793682,0.819163723811,0.00324468765339,0.0,0.819135962426,-0.573469171874,-0.0114074919045,0.0,-0.00748401929679,0.00920059959215,-0.999929666738,0.0,0.600915095878,0.181486538742,0.304245707069,1.0,-0.26988,-0.354699428571,1.358
0.400557066004,0.246705344858,-0.127209059304,-1.80674277109,0.0470961787167,2.04642020057,0.0809552855153,-0.35427142144,-1.10097078455,-0.0119218826487,-1.54463376616,-0.128768315438,0.445818833476,-0.354854856901,0.573644941206,0.819085874176,0.00324946998147,0.0,0.819058379639,-0.573580543476,-0.0113788308008,0.0,-0.00745655037728,0.0091890912619,-0.999929977778,0.0,0.596853559762,0.176054311674,0.304256615586,1.0,-0.28038,-0.368499428571,1.373
0.394613579612,0.228403633408,-0.127394621471,-1.83226944667,0.0448233894123,2.05377907479,0.0749842340944,-0.367584281889,-1.14032778949,-0.00740195622846,-1.61926032759,-0.13752518231,0.451467970182,-0.371635828133,0.573593552986,0.819121539572,0.00332960706158,0.0,0.819094546373,-0.573528269727,-0.011410294791,0.0,-0.00743693764342,0.00927231303627,-0.999929355589,0.0,0.592302774563,0.170148330086,0.304285275354,1.0,-0.29158,-0.383219428571,1.389
0.387848827928,0.208414782363,-0.127622337305,-1.85984850707,0.0422020920008,2.06147357514,0.0682569791891,-0.405964938309,-1.18584382564,-0.0130125979725,-1.60930317753,-0.150184495729,0.440384875743,-0.399487331153,0.573483407036,0.819198656928,0.00333005155715,0.0,0.819171693726,-0.573418167304,-0.0114056348145,0.0,-0.0074341117902,0.00926900474415,-0.999929407275,0.0,0.587262883348,0.163602976769,0.304320912354,1.0,-0.30348,-0.398859428571,1.406
0.3805060451,0.187891266511,-0.127898615372,-1.88789381376,0.0395092057513,2.06902602992,0.0611318525454,-0.438932258174,-1.22544737719,-0.0155151383654,-1.64335680152,-0.146241598444,0.430560337509,-0.420598175861,0.573470596812,0.819207757041,0.00329731673182,0.0,0.819179953089,-0.573404936721,-0.0114773647879,0.0,-0.00751179319801,0.00928320573094,-0.999928694985,0.0,0.582013694788,0.156736671249,0.304337446373,1.0,-0.31538,-0.414499428571,1.423
