position_joint1,position_joint2,position_joint3,position_joint4,position_joint5,position_joint6,position_joint7,velocity_joint1,velocity_joint2,velocity_joint3,velocity_joint4,velocity_joint5,velocity_joint6,velocity_joint7,ee_T_00,ee_T_10,ee_T_20,ee_T_30,ee_T_01,ee_T_11,ee_T_21,ee_T_31,ee_T_02,ee_T_12,ee_T_22,ee_T_32,ee_T_03,ee_T_13,ee_T_23,ee_T_33,v_x,v_y,w_z,time
0.46506695295227896,0.5473173362973162,-0.12399772053107966,-1.3555678922418908,0.07943126683764988,1.8941658557236123,0.1591575979893201,-0.0011756435031132486,-0.0006247677786470689,-0.0003880532801246711,-0.0017331894683836173,-6.113549636304624e-05,0.00015701854418644323,0.0012342913478608879,0.5737831472916428,0.8189914362352064,0.002583439315980366,0.0,0.8189575189930036,-0.5737232931780551,-0.011441671685564848,0.0,-0.007888603694668761,0.008680932577557837,-0.9999312033041736,0.0,0.6617708663546814,0.260911660427953,0.3036750535052808,1.0,5e-324,6.94041163351007e-310,6.94019943393107e-310,0.0
0.4650694585684606,0.5473127011764535,-0.1239977294090727,-1.3555653865881134,0.07943126683764988,1.894164188875575,0.15915881520742936,-0.0004251046508771706,-0.0014135815345103064,-0.0005895822412901584,-0.00036114056045280003,-9.596148383175919e-05,-0.00028756697433655025,0.0005529378541087661,0.5737819387704014,0.8189922678416881,0.002588215140997366,0.0,0.8189584127754889,-0.5737220699421655,-0.011439034344614657,0.0,-0.007883716317635403,0.008683319048506374,-0.9999312211283958,0.0,0.661770577600829,0.26091355848709946,0.3036793857792631,1.0,-8e-05,-0.00010514285714285717,-4e-05,0.005
0.4650691457605309,0.5473134742170799,-0.12399493759132015,-1.3555660951699895,0.07943258926603529,1.894164223754807,0.15914945067508146,-0.0015324922261494203,0.0018259295199987478,-0.0014035032637589118,0.0002975302282559987,0.0007223918454898518,0.0030054366474375864,-0.0009911002047480735,0.5737729659756883,0.8189985531433094,0.0025885064874884896,0.0,0.8189646761571594,-0.5737130690150073,-0.011442051799778525,0.0,-0.007886115700071916,0.008685202592326607,-0.9999311858498541,0.0,0.6617697682286715,0.26091508959820353,0.3036784137861225,1.0,-0.0004400000000000002,-0.0005782857142857147,-0.0002200000000000001,0.02300000000000001
0.46506909023047793,0.5472939593459519,-0.12399518312322708,-1.3555806064154161,0.07943330128668018,1.894167451314198,0.15915561496820047,0.0003625953133464933,-0.004347210960939489,6.109155490053079e-05,-0.001309334212966882,0.0005963548765796777,-5.773731707372431e-05,0.0007945094604880203,0.5737791952019802,0.8189941633840101,0.002596612697667181,0.0,0.8189603771425629,-0.5737192559753774,-0.011439532104886326,0.0,-0.00787933502239968,0.008690455757006749,-0.999931193662014,0.0,0.6617676300904853,0.2609137789522771,0.3036856208954754,1.0,-0.0007600000000000004,-0.0009988571428571436,-0.0003800000000000002,0.03900000000000002
0.46506943353583635,0.5472174112960614,-0.12399989944194706,-1.3556550083958436,0.07942802856189733,1.8941706048405542,0.15915256320436796,0.0008696769596129748,-0.0029796338746660377,-0.0017561356735005056,-0.011256194731482028,-0.0001011173181269426,0.0005492845087132173,-0.009986620664170671,0.5737822596911277,0.8189920017138351,0.002601248492008189,0.0,0.8189582752479574,-0.5737223050712968,-0.011437087381715061,0.0,-0.007874640418858547,0.008692879185533492,-0.9999312095788088,0.0,0.6617545093140832,0.26090280583521547,0.3037048487613775,1.0,-0.0011000000000000007,-0.001445714285714287,-0.0005500000000000004,0.056000000000000036
0.46506828343592277,0.5470815359363002,-0.12399315143512134,-1.3558228300658592,0.07942863920233749,1.8942055810521738,0.15914934978939657,8.058844525439003e-05,-0.011845188069767464,-0.00012631766824568115,-0.01306434098733201,0.00016758747231237386,0.0003766934706039095,-0.0014879871719470912,0.573785175111523,0.8189899215872787,0.002613056048075247,0.0,0.8189561940596028,-0.5737250124523219,-0.011450292537821153,0.0,-0.007878650262412967,0.008710154242348084,-0.9999310276629668,0.0,0.6617253130891341,0.2608902836462685,0.3037240254598394,1.0,-0.001440000000000001,-0.00189257142857143,-0.0007200000000000005,0.07300000000000005
0.4650502849515371,0.5469373751426099,-0.12399814055415136,-1.356021660565606,0.07942252227127737,1.8942738635444565,0.15915315649402295,-0.00295635929593958,-0.011464106002385985,-0.0009268198222881235,-0.010012156317430614,4.694020341768994e-05,0.0038936934976525855,0.0009279045419162573,0.5738159607459777,0.8189683079267003,0.0026269194993658223,0.0,0.8189347293585852,-0.5737557163120623,-0.01144700619468779,0.0,-0.007867676692193737,0.008719918351979342,-0.999931028965199,0.0,0.6617033366429186,0.26085742308164833,0.3037375770720302,1.0,-0.0017800000000000014,-0.0023394285714285735,-0.0008900000000000007,0.09000000000000007
0.4650357827389397,0.5467454781874485,-0.12399634797566116,-1.3562410614430918,0.0794169283152551,1.8943977944380979,0.1591464468847822,0.001420709983824855,-0.009799694687435058,0.0003275513792005421,-0.014765596865967377,-0.00048140185024604795,0.004725897581334075,-0.00010619194759485764,0.5738320400433743,0.8189567608721784,0.0027130319970956303,0.0,0.8189242765844496,-0.5737715012350477,-0.011403529818608968,0.0,-0.00778248723788072,0.008765647310953542,-0.9999312957996727,0.0,0.6616864901381592,0.26083285776095844,0.30377976524439904,1.0,-0.0021200000000000017,-0.002786285714285717,-0.0010600000000000008,0.10700000000000008
0.46501090659048855,0.5465544886761861,-0.12399777479422623,-1.3564661269538,0.07941479068549238,1.8945049258327598,0.15913937174854198,-0.003247426855852252,-0.014429130269567192,-0.0006202392456930928,-0.014396979307642065,0.0002537530418525135,0.009236612587641434,-0.0014245495355986178,0.5738622265768405,0.8189353450358211,0.002791497902476161,0.0,0.8189038024157289,-0.5738013621478927,-0.011371283458418351,0.0,-0.007710729099075331,0.008811687943556093,-0.99993144705642,0.0,0.6616683160372921,0.26079657647616844,0.3038214614388469,1.0,-0.002460000000000002,-0.0032331428571428606,-0.001230000000000001,0.1240000000000001
0.4649814988283218,0.546313979494471,-0.12399037269857019,-1.3567939584828446,0.07940254912693644,1.8946509770179818,0.15913795256526453,-0.0013343686438645466,-0.018764496292853334,0.0008118813802254708,-0.02071763984971755,-0.0002227371769794552,0.0042040299485018575,0.0015046654047052915,0.5738926070819647,0.818913901018184,0.002836398606364806,0.0,0.8188828912305223,-0.573831550300051,-0.011353820123155237,0.0,-0.007670333796647,0.008838721895065293,-0.999931519142541,0.0,0.6616351459488802,0.2607553028282048,0.3038439586864668,1.0,-0.002800000000000002,-0.0036800000000000036,-0.001400000000000001,0.1410000000000001
0.4649561870820467,0.5460652111677803,-0.12399313037751074,-1.3571809991648047,0.07939135889352229,1.8947772137209906,0.15912283265858426,-0.005669784327551005,-0.015086007909691918,-0.0007131981911226785,-0.026276528243039495,3.478827732050511e-05,0.013130401260173294,-2.9596370084797764e-05,0.5739214584056453,0.8188936954803943,0.002832310930758133,0.0,0.8188625263615315,-0.5738602875739596,-0.011370143690866145,0.0,-0.007685736194171011,0.008845013027455204,-0.9999313452451112,0.0,0.6615859564134657,0.2607010398734449,0.30384691503726685,1.0,-0.003120000000000002,-0.004100571428571432,-0.001560000000000001,0.1570000000000001
0.4649147681372127,0.5458020706111942,-0.1239932735739158,-1.357600057080516,0.07936354591708804,1.8949320274613874,0.15910978357336883,-0.0023282900659102857,-0.016192074842578702,0.0005400274887558468,-0.025058097326032615,-0.00015782015020322437,0.014285694205053085,-0.0034091332917314037,0.5739608622243858,0.8188660889592912,0.0028291144130092568,0.0,0.8188349003888088,-0.5738997212213893,-0.011369379423223948,0.0,-0.007686519278575332,0.008842326677463819,-0.9999313629846345,0.0,0.661540005051012,0.2606332739129304,0.3038471608490315,1.0,-0.0034400000000000025,-0.004521142857142862,-0.0017200000000000013,0.17300000000000013
0.46485794390696517,0.5454729977743641,-0.12399607028191964,-1.3581455626339978,0.0793215132000218,1.8951087273894462,0.15906836658017517,-0.008397159286902683,-0.013987338708725627,0.0015169941560939674,-0.034979716778987514,-0.00010873169957091758,0.015083424458655324,-0.001973131306941325,0.573994669914748,0.8188425276078567,0.0027894070058732366,0.0,0.8188108813997304,-0.573933707963571,-0.011383596347004936,0.0,-0.007720586745368019,0.0088182902161162,-0.9999313127900196,0.0,0.6614765193939406,0.26053882002566914,0.3038358347113447,1.0,-0.003800000000000003,-0.004994285714285719,-0.0019000000000000015,0.19100000000000014
0.46480941570569095,0.5451499048302489,-0.12399378623821211,-1.358695591042952,0.07926925883785695,1.8952867873985413,0.15896020577102848,-0.0046823251942082625,-0.014032903289341113,8.476933184472222e-05,-0.03255437703151322,-0.0006887468907005518,0.015175156227124079,-0.003666675035164163,0.5739610140631044,0.8188662916208976,0.002738189894883219,0.0,0.8188340907318177,-0.5739003345873809,-0.0113966976400257,0.0,-0.0077610728610778,0.008783552477871076,-0.9999313051174634,0.0,0.6614093017436362,0.2604506220910826,0.3038180298317719,1.0,-0.004120000000000003,-0.0054148571428571475,-0.0020600000000000015,0.20700000000000016
0.46474216272428664,0.5447619742860689,-0.12399366286336382,-1.3593295934492868,0.07924941485838712,1.8955027090447467,0.15896164508993374,0.0001564002241923124,-0.02350652473220162,0.0006431904485368549,-0.03502948640840558,-0.003940092932049326,0.01622502913589278,0.0015709518638604269,0.5740472219166525,0.8188059149011387,0.0027216968771390125,0.0,0.8187733285933553,-0.5739863884252104,-0.011428437686277049,0.0,-0.00779560550426861,0.008789084933292654,-0.9999309878790923,0.0,0.661335549535437,0.2603474960030398,0.30380954614728595,1.0,-0.004460000000000004,-0.005861714285714292,-0.002230000000000002,0.22400000000000017
0.4646715545006395,0.5443636561187608,-0.1240049486527708,-1.3600476054900392,0.07922305646552905,1.8957349531304504,0.1589355843029865,-0.001911801277373206,-0.02329987134847034,0.0005286562983671908,-0.04372431962922377,-0.00036486416921155,0.011460993568674634,0.0003821073571578078,0.5741245806509423,0.8187519025522852,0.0026523311635800843,0.0,0.8187182871147904,-0.5740638105535713,-0.01148279834123218,0.0,-0.007879107351125625,0.008764237548198023,-0.9999305514922265,0.0,0.6612498060008468,0.2602257665612278,0.3037701697912774,1.0,-0.004800000000000004,-0.006308571428571435,-0.002400000000000002,0.2410000000000002
0.4645935017921383,0.5439123912729822,-0.12400061660410809,-1.3607948741002907,0.07918210722077085,1.8959848758247762,0.1588637245849601,-0.0036501103556872824,-0.023341938853040273,0.0013993953787035502,-0.03981615246009637,-0.0015894853252288834,0.013097468777866978,-0.004932183914289001,0.5741572860410413,0.8187290844231119,0.0026161244021013635,0.0,0.8186949079609525,-0.5740965276754464,-0.011513969385549345,0.0,-0.007925066259976632,0.008752805659191482,-0.9999302884290822,0.0,0.6611613237526853,0.2601042268591188,0.30375529633047016,1.0,-0.005140000000000004,-0.006755428571428578,-0.002570000000000002,0.2580000000000002
0.46455150123660666,0.5435326017345211,-0.12401687654872295,-1.3614035790082861,0.07914773321225343,1.8961990913460698,0.1588287185980112,-0.00020765751901472018,-0.03423734341740828,-0.0011633007991622428,-0.04729329959615902,-0.006275618681389044,0.017494817992614264,0.0004514918883674134,0.57419911474659,0.8186997996647457,0.0026002988955382547,0.0,0.8186654589371783,-0.5741384482329698,-0.011517617159167083,0.0,-0.007936692093916065,0.008742348782778256,-0.9999302876982809,0.0,0.6610905988836372,0.2600087494727191,0.30375335682083116,1.0,-0.005400000000000004,-0.0070971428571428635,-0.002700000000000002,0.2710000000000002
0.46447763678898174,0.5430610970433792,-0.12401763431459416,-1.3621793687318768,0.07910439706132305,1.8964775020903353,0.15877012821708755,-0.0004850858760439629,-0.027432058554673983,-0.000868578120094621,-0.04947122750701348,0.00042126202064558327,0.009155991317466467,-0.012737894151672504,0.5742438079432316,0.8186685200543956,0.0025788004984582105,0.0,0.8186338606372411,-0.5741831630045103,-0.011534489217581281,0.0,-0.00796237269072636,0.008734870592176494,-0.999930148888847,0.0,0.6610017970081709,0.2598854701178736,0.3037417843509166,1.0,-0.005720000000000004,-0.007517714285714292,-0.002860000000000002,0.2870000000000002
0.4644006883301365,0.5425219889185252,-0.12402081989230941,-1.3630583261849791,0.0790509568148027,1.8967771610069977,0.15869698711691427,-0.0013693854154204748,-0.0308626774778849,0.001246973454073835,-0.05079776297239798,0.00017874749459872617,0.016342163778268488,1.2249478725399096e-05,0.5742837016683708,0.8186406473766178,0.002543100877714574,0.0,0.8186055065329738,-0.5742231509831194,-0.011556143392988195,0.0,-0.008000175337309845,0.008718469044447535,-0.9999299902953672,0.0,0.6608970606723178,0.25974720103622584,0.3037307764174899,1.0,-0.006060000000000005,-0.007964571428571435,-0.0030300000000000023,0.3040000000000002
0.46432846896928265,0.541947843806121,-0.12402439382303652,-1.3639631318065204,0.07900036695634155,1.8971084421666369,0.15865524848472173,-0.0037563987394874133,-0.03600543264679108,0.0003462882626652201,-0.05271472967908892,-0.0037569014782944197,0.019385090836324427,-0.0036277586369196204,0.5743479424910427,0.8185955762432582,0.0025437005489154013,0.0,0.8185604199103069,-0.5742873564890314,-0.011559326723941332,0.0,-0.008001752715167954,0.008721416024208062,-0.9999299519746461,0.0,0.6607921614170705,0.25961183836554685,0.30373494478147633,1.0,-0.006400000000000005,-0.008411428571428578,-0.0032000000000000023,0.32100000000000023
0.464247349453067,0.5413505980520744,-0.1240251193085292,-1.3649117820319365,0.07894249989684758,1.8974466768520233,0.15856178340640145,-0.0036086448586963938,-0.03556705685875014,0.0006544990075090471,-0.05117934541038522,-0.004813629278747283,0.019953828445215604,-0.009601093001363966,0.5743755148095392,0.8185762680165964,0.0025314676586121595,0.0,0.8185409391301987,-0.5743149516300046,-0.011567808923311822,0.0,-0.008015428453500784,0.00871654394068537,-0.9999298849261568,0.0,0.6606810642008603,0.25946664673539444,0.3037349989235282,1.0,-0.006740000000000005,-0.008858285714285721,-0.0033700000000000023,0.33800000000000024
0.4641661802116991,0.5406870904855757,-0.12403787992463344,-1.3659220169459751,0.0788793928517936,1.897811262692054,0.15850196219902768,-0.005199125124746269,-0.041966584461723924,-0.004846707189737714,-0.06280264595398362,-0.0009310094955751484,0.026396036774518437,-0.0004777064785516566,0.5744410149385986,0.8185302715892896,0.002541997144979738,0.0,0.818495143698861,-0.574380478255177,-0.011554775720171138,0.0,-0.007998014159084854,0.008718317265168876,-0.999930008907411,0.0,0.66056565271938,0.25930895283449595,0.3037551717125061,1.0,-0.0070800000000000056,-0.009305142857142866,-0.0035400000000000028,0.35500000000000026
0.46407226444734634,0.5399888685599361,-0.1240315603557262,-1.3669757261368765,0.0788248852495073,1.898216062269543,0.1584361504374521,-0.012869775482859357,-0.039218245104569456,0.0004932067717355876,-0.06615719933405781,-0.0048327530913921425,0.022071870336937457,-0.005863652752816376,0.5745034392385917,0.818486310482861,0.0025893544353941733,0.0,0.818451706994586,-0.5744426382379892,-0.011541472741165959,0.0,-0.007959255088578865,0.008750045806837053,-0.999930041031278,0.0,0.6604474125060685,0.25915332246898676,0.3037819701027449,1.0,-0.007420000000000006,-0.009752000000000009,-0.003710000000000003,0.3720000000000003
0.4639120545471941,0.5387507731521521,-0.12404037664130747,-1.3689149453662581,0.07871524027837555,1.898943938177267,0.15826166760042068,-0.006238001989470081,-0.04094243476395032,-8.056703815261154e-05,-0.07117301298051228,-0.0011753685551993596,0.023381315553905217,-0.011603690853356264,0.5745574481622036,0.8184483537119187,0.0026034532442325417,0.0,0.8184139571025277,-0.5744966202589878,-0.011531480043354348,0.0,-0.007942398683317808,0.008756368806220466,-0.9999301197126149,0.0,0.6602554928524405,0.2589032805151427,0.3037959922139082,1.0,-0.007920000000000007,-0.010409142857142869,-0.0039600000000000034,0.3970000000000003
0.4638445513032279,0.5382540345676748,-0.12404036789052153,-1.3696755065147965,0.0786757738613225,1.899236210692422,0.15821903912692084,-0.0025447822958306943,-0.04840890684308841,0.00018791336316814527,-0.07225814415179939,-0.0072904479985864655,0.0222355515529279,-0.0024933402961296487,0.574620778644212,0.8184037658205155,0.002642677113591209,0.0,0.8183697843392096,-0.5745597106110657,-0.01152310393654036,0.0,-0.007912328194818685,0.008784271180381692,-0.9999301133791135,0.0,0.6601491281528632,0.2587572077759884,0.3038122809468095,1.0,-0.008200000000000006,-0.010777142857142867,-0.004100000000000003,0.4110000000000003
0.46376232422281416,0.537671762469454,-0.12404814226121072,-1.3706132173389411,0.07861116284990152,1.8995933117588697,0.1581705739762682,-0.006962380379505017,-0.05040863087776359,-0.0013526457737293557,-0.07303430640928796,-0.000503941528345979,0.027751737414603808,-0.006965978748154037,0.5746954024941503,0.8183514014373121,0.0026315430610652103,0.0,0.8183173936607026,-0.5746344925382787,-0.011514778280021471,0.0,-0.007911111844625673,0.008771096468091447,-0.9999302386547418,0.0,0.6600378003385899,0.2585965849266649,0.3038072882552266,1.0,-0.008480000000000007,-0.011145142857142867,-0.004240000000000003,0.4250000000000003
0.46366036935995425,0.5368613751829913,-0.12404926624870614,-1.3718869627832482,0.07854162685423047,1.9000720746442827,0.15804981395900977,-0.001028810625980228,-0.05188357893542699,0.0004524485189317006,-0.07899047260220121,0.00035643872602629685,0.031141888932154953,-0.001530565656245025,0.5747324163697721,0.8183253569137547,0.002647018501477306,0.0,0.8182914925950219,-0.5746713879246923,-0.01151416295382672,0.0,-0.007901317837499977,0.008783764532114963,-0.9999302048928592,0.0,0.6598900251452664,0.25840932065810934,0.3038147176669147,1.0,-0.008820000000000007,-0.01159200000000001,-0.004410000000000003,0.44200000000000034
0.4635476033157998,0.5360748625143046,-0.12404996969791847,-1.3731281886168045,0.07847007824982731,1.900537917470286,0.15798267315641357,-0.007355224406655601,-0.04610202806387867,0.0007477058579581997,-0.07991578951610703,-0.0135096598981908,0.03435148014233163,-0.005025308168777583,0.5748194126296448,0.8182642204781362,0.002656172175616333,0.0,0.818230452811267,-0.5747583191109965,-0.011512932127778448,0.0,-0.007894115364210696,0.008791387106778265,-0.999930194791294,0.0,0.6597491144211987,0.25821752739332093,0.3038194886855314,1.0,-0.009140000000000007,-0.01201257142857144,-0.004570000000000004,0.45800000000000035
0.46342876924896603,0.5351988917824534,-0.12405393115125979,-1.3745061707846484,0.07837864208731442,1.9010288843511072,0.1578864169171551,-0.00765964979077021,-0.05143240669727289,0.0005904109225329385,-0.08143221470579545,-0.003160133414481265,0.02603194195962011,-0.0037324631965675943,0.5748917146874021,0.8182134753302747,0.0026404683185162516,0.0,0.8181795589012976,-0.5748307242279708,-0.011514980713528966,0.0,-0.007904042249450127,0.008780413261293474,-0.9999302127944129,0.0,0.6595869525878792,0.258003298336211,0.3038244011467186,1.0,-0.009480000000000008,-0.012459428571428583,-0.004740000000000004,0.47500000000000037
0.4633170896434065,0.5343574258075041,-0.12406265874623719,-1.375847998902614,0.07832644531706934,1.9015239284830288,0.15776341000375083,-0.008555849188646455,-0.05090786702927086,0.0004113605866767573,-0.08208370531828238,-0.005785999429807966,0.0363548976789067,-0.003838318060967529,0.5749518057992349,0.8181712198674312,0.0026500735926975267,0.0,0.818137246697344,-0.5748905749878673,-0.011533397496687615,0.0,-0.00791294391630587,0.008799441046903611,-0.9999299751261783,0.0,0.6594211216457743,0.2577847603411434,0.3038254433342825,1.0,-0.009820000000000008,-0.012906285714285726,-0.004910000000000004,0.4920000000000004
0.4631889501512435,0.5334382700015672,-0.12407162852312388,-1.377318908732241,0.07823132949983583,1.9020582295182265,0.15767772552347822,-0.007517687187995208,-0.04944440127932326,-0.0013767401553981726,-0.089299131874927,-0.005001257035394927,0.036349923574713824,-0.010680424729910482,0.575044250868104,0.8181063263230943,0.002625885542076804,0.0,0.8180720775043966,-0.57498313029377,-0.011542217569704288,0.0,-0.007933074061054868,0.008785618646806548,-0.999929937166067,0.0,0.6592589368893664,0.2575701201165781,0.30381732671691586,1.0,-0.010140000000000007,-0.013326857142857154,-0.005070000000000003,0.5080000000000003
0.4630496957097985,0.5324606626890068,-0.1240694633891909,-1.3788951284099449,0.07814645691103117,1.9026531224341945,0.1575499219466742,-0.001722389569104285,-0.05680362965076064,-0.00017715833778740437,-0.08628283227728127,-0.006277277522059388,0.02869900211711515,-0.005487777032248262,0.5751155972909394,0.818056171496409,0.002626200779132318,0.0,0.8180218304109568,-0.5750543600771971,-0.01155486168335732,0.0,-0.007942470619551056,0.008793840055682137,-0.9999297903040657,0.0,0.6590765085910943,0.257331946359316,0.30380787759496664,1.0,-0.010500000000000008,-0.013800000000000012,-0.005250000000000004,0.5260000000000004
0.462928176518735,0.5315445299294922,-0.12406704259434945,-1.380356423561157,0.07805968644644072,1.9032033864398363,0.1574344689270102,-0.004987915455360245,-0.052848548914746774,0.00036775889045876953,-0.09304188988844647,-0.004984758157344779,0.030420092199424577,-0.004218884110036728,0.5751753464102413,0.8180141516450419,0.0026297322125377514,0.0,0.8179798313460994,-0.5751140623044428,-0.01155671890705115,0.0,-0.007941316531977938,0.008798377108449648,-0.9999297595591385,0.0,0.6589054006963915,0.2571151397768337,0.30380569659295403,1.0,-0.010820000000000008,-0.014220571428571442,-0.005410000000000004,0.5420000000000004
0.4627912897407408,0.5305345907934782,-0.12407233230790826,-1.3819718709855024,0.07795161543782915,1.903776631116142,0.15733017902450996,-0.005639974847446578,-0.06055686946953375,-0.0006008212123023723,-0.09725711875475448,-0.002558485406249126,0.03301301491540094,-0.006449405015274961,0.575264486829365,0.8179515809215959,0.0025939086371109385,0.0,0.8179168627133346,-0.5752033848073458,-0.01156800313611851,0.0,-0.007970194876296077,0.008776431975882376,-0.9999297226482503,0.0,0.6587118730985158,0.25686482373895375,0.30379825615049416,1.0,-0.011160000000000008,-0.014667428571428585,-0.005580000000000004,0.5590000000000004
0.46265658403205,0.5295713007212287,-0.12407578793631746,-1.383525603882871,0.07785576907568324,1.9043386907211197,0.1572019701211844,-0.007938573360027843,-0.061884115988137006,-0.0005056407079869851,-0.0979901333601939,-0.006607947392805439,0.03427715207590503,-0.012367284406160467,0.5753312892343001,0.8179046826770326,0.00256604446357085,0.0,0.8178696053693242,-0.5752702753274219,-0.011582997839359753,0.0,-0.007997773049103984,0.008762919566253885,-0.9999296209568603,0.0,0.6585147450906477,0.25661224388040194,0.3037875960273495,1.0,-0.011500000000000008,-0.015114285714285728,-0.005750000000000004,0.5760000000000004
0.46250645873652113,0.5284320032181868,-0.12407619116536478,-1.3852860677907468,0.07774335538139297,1.9049922925256568,0.1570789869837991,-0.006153754296009433,-0.06643902590766092,0.00030129180794266354,-0.1045170629003903,-0.0045007209733981726,0.03505985900452921,-0.005257270121884502,0.5754184746537144,0.8178432751614031,0.0025890542038251984,0.0,0.8178085346151401,-0.575357414429009,-0.011566904227621334,0.0,-0.007970436760072919,0.008773329925380699,-0.9999297479422612,0.0,0.6583208100549625,0.25635804232787374,0.3038070746845993,1.0,-0.011840000000000009,-0.01556114285714287,-0.005920000000000004,0.5930000000000004
0.4623740280611433,0.5273302598114079,-0.12408086612787766,-1.3870203644780956,0.07764457451309578,1.905655999353408,0.15695595414201588,-0.00782462987764275,-0.06308355465915255,0.00041237698364581806,-0.10270401859941694,-0.005587506714982847,0.037694709799316634,-0.01029550940253545,0.5754968530733076,0.8177880413220313,0.002615047724980525,0.0,0.8177536200160833,-0.5754356765986857,-0.011556208254114228,0.0,-0.007945890139287315,0.008789195446568476,-0.9999298039729071,0.0,0.6581167371290328,0.2561058011455074,0.3038148333411116,1.0,-0.012180000000000009,-0.016008000000000015,-0.006090000000000004,0.6100000000000004
0.46223197135829347,0.5262526221218972,-0.12409037076546431,-1.3886826858396377,0.077539280339568,1.90628780341382,0.15684525568588156,-0.007105007115534588,-0.06773848148576486,-0.0013362052007149191,-0.10101721266657508,-0.008146183392708641,0.031538112400535834,-0.006736219340962635,0.575590621757526,0.8177219388379607,0.0026483559200784707,0.0,0.8176880409694576,-0.5755294254447657,-0.011528009540111354,0.0,-0.007902651701560348,0.008801112591588417,-0.9999300418095428,0.0,0.6579259378465395,0.255849461391366,0.30383697472647225,1.0,-0.01250000000000001,-0.016428571428571445,-0.006250000000000005,0.6260000000000004
0.4620807292154643,0.5250827905685619,-0.12409676033743001,-1.390515300123489,0.07742591638897581,1.9069550771203965,0.1566986196445026,-0.008203308912960809,-0.06870068379831208,0.0009296872875704104,-0.11035905431138998,-0.008568552287326494,0.03330795009553014,-0.009422407565713123,0.5756669704444555,0.8176681925313635,0.002648199955441033,0.0,0.8176343093895926,-0.5756057837676564,-0.011526695252090477,0.0,-0.007900844977460353,0.0088009663225741,-0.99993005737423,0.0,0.6577062594896431,0.25557103973171247,0.30384561641330077,1.0,-0.01284000000000001,-0.016875428571428586,-0.006420000000000005,0.6430000000000005
0.4619315887183318,0.5239216591311849,-0.12409781971965808,-1.3923742003656858,0.07730816035772971,1.9076199922351706,0.15657304008477438,-0.005331747127782598,-0.0702130152102478,0.0005135031085013236,-0.11183531358863803,-0.006038570319424745,0.043562576625619145,-0.009935401870266317,0.5757549966263145,0.8176063171286534,0.002615521431907123,0.0,0.8175720088046299,-0.5756939046181013,-0.011544934210941663,0.0,-0.007933624142803186,0.008785599818848883,-0.9999299329671975,0.0,0.6574776113603765,0.255293052063512,0.3038349532139748,1.0,-0.01318000000000001,-0.01732228571428573,-0.006590000000000005,0.6600000000000005
0.4617741242822275,0.5226417703742804,-0.12410670862541408,-1.394411743656064,0.07717892325266765,1.9083845242352393,0.15642046832321121,-0.008142647518660772,-0.07360720599142917,4.890417411344241e-05,-0.11913504444513806,-0.0016531404275401697,0.04398275419254329,-0.0063993766469113995,0.575839706153994,0.8175466659178264,0.002613190451457338,0.0,0.8175124058066464,-0.5757786981409839,-0.011537071574319917,0.0,-0.00792762763530408,0.008779988560022947,-0.9999300298125673,0.0,0.6572338630340572,0.2549903042862753,0.303831309771447,1.0,-0.01354000000000001,-0.017795428571428587,-0.006770000000000005,0.6780000000000005
0.46161525690625516,0.5215056533727591,-0.12410964209502792,-1.3962450582405124,0.07706863335519326,1.9091078718828223,0.1562779970528853,-0.008427967363254452,-0.06543428184617306,-0.0012425676626421102,-0.11971377383826388,-0.0061530037367288045,0.04055346907622757,-0.007475578683347259,0.5759237988980855,0.817487372366817,0.0026307384519816523,0.0,0.8174533809025896,-0.5758627685411368,-0.01152340055153406,0.0,-0.007905442313599964,0.008787275845996617,-0.9999301414424073,0.0,0.6570235153046472,0.2547127289908338,0.3038197837791588,1.0,-0.013860000000000011,-0.018216000000000017,-0.006930000000000006,0.6940000000000005
0.46147349247197716,0.5203951619357429,-0.12410676960060761,-1.3980347550424046,0.07696145800733178,1.9097754781761995,0.15615189501579044,-0.011605664472361174,-0.07564562454093973,-0.003965009855679404,-0.11687256965701967,-0.002855616964660074,0.04414268838540875,-0.014515799361730457,0.5760134674458467,0.8174242219725228,0.0026217465240477543,0.0,0.8173900946857594,-0.575952433948684,-0.011531428333051198,0.0,-0.007916219953419401,0.008785416804755225,-0.9999300725116811,0.0,0.6567926904643713,0.2544286601140099,0.30380872122748553,1.0,-0.01418000000000001,-0.018636571428571447,-0.007090000000000005,0.7100000000000005
0.46130159511778196,0.5190745834683931,-0.12411905537767562,-1.4000910910915083,0.07682819457689395,1.9105183417765585,0.15600160025597773,-0.013797050080967786,-0.07722934864376423,-0.0004603454481954853,-0.12573401328869627,-0.006736938941344948,0.04111612646041973,-0.010500258135727965,0.57610076462667,0.8173627143806819,0.002617066681998243,0.0,0.8173285870536415,-0.576039802860639,-0.01152706408337911,0.0,-0.007914410189380605,0.008779922886480843,-0.999930135092178,0.0,0.6565564349746689,0.2541335266970897,0.30381885527196023,1.0,-0.014500000000000011,-0.019057142857142877,-0.007250000000000006,0.7260000000000005
0.4611255345886416,0.517722459597679,-0.12411710127456585,-1.402183563875482,0.07669550055061862,1.9112685758657275,0.15584575946632745,-0.0118655099733449,-0.08223638612951605,-0.0005065252140316833,-0.12319561052738055,-0.004537914160574739,0.05410523553637306,-0.006338247480499418,0.5761910057810384,0.8172990835504332,0.0026229345904436032,0.0,0.8172650443104166,-0.5761300269402694,-0.01152329411694816,0.0,-0.007906978578848589,0.008783420289495913,-0.9999301631702946,0.0,0.6562821811470689,0.2538007110451041,0.303838752378615,1.0,-0.014860000000000012,-0.019530285714285733,-0.007430000000000006,0.7440000000000005
0.4609494226960725,0.5163974671541761,-0.124127972961093,-1.4042991508342466,0.07654333596959963,1.91205092105121,0.15568045692361981,-0.007232050270245744,-0.07793941371284234,-0.0012717682991984012,-0.12023355767914162,-0.01187778236188244,0.052644210447742285,-0.009010036729086854,0.5762780276367307,0.8172378083145481,0.002597388219320946,0.0,0.8172036278867991,-0.5762173319444116,-0.011513636989500762,0.0,-0.007912871696568291,0.00875781970626234,-0.999930341101572,0.0,0.6560439204294837,0.2534909414308488,0.3038273546226728,1.0,-0.015180000000000011,-0.019950857142857163,-0.007590000000000006,0.7600000000000006
0.4606782432305873,0.5143628249907041,-0.12413081236246286,-1.4075226251700583,0.07635368470635517,1.9132609940072678,0.1554333673661537,-0.014272806849812077,-0.07837650882524388,-0.001138761057170852,-0.12515531915277714,-0.007623397417904162,0.04642393487040023,-0.012565101236462125,0.576408544633947,0.8171457286249462,0.002606676847932531,0.0,0.817111642586959,-0.576347773678654,-0.011513219606578712,0.0,-0.007905778036956579,0.008766432939386101,-0.9999303217360446,0.0,0.6557026617454587,0.25306369050161653,0.3038190419179053,1.0,-0.015620000000000012,-0.020529142857142878,-0.007810000000000006,0.7820000000000006
0.4605567046430297,0.5134617507882675,-0.12413305894644616,-1.4089857704684516,0.07627176662359739,1.913770150814225,0.15530555059447243,-0.012673646020595484,-0.07740936435702794,-0.0015110273303657045,-0.13418602410555266,-0.003021856329420441,0.042042627469111415,-0.01209069048974969,0.5764975981524122,0.8170830821721835,0.002550108568871021,0.0,0.8170481515005067,-0.5764368800825166,-0.011558040990911192,0.0,-0.007974056654714956,0.008746912768104714,-0.9999299505152821,0.0,0.6554343917939047,0.2527410661115486,0.30378973799804904,1.0,-0.015940000000000013,-0.020949714285714308,-0.007970000000000007,0.7980000000000006
0.46038185035872986,0.5122304194924878,-0.124138752454425,-1.4110049968333065,0.07614489575869736,1.9144755004080882,0.1551596291001609,-0.010593702775682985,-0.08146581597160744,-0.00012709072852791113,-0.13513868286766254,-0.0036226293980575956,0.05474741248704661,-0.011556466936651673,0.5765686840467583,0.8170330880119353,0.0024965118622785774,0.0,0.8169974005813716,-0.5765080712289649,-0.011594746756553889,0.0,-0.008034187191700737,0.008724979564177435,-0.9999296608100857,0.0,0.6552125342996172,0.25247164912344133,0.30376669175619925,1.0,-0.016200000000000013,-0.021291428571428593,-0.008100000000000007,0.8110000000000006
0.46021406700677914,0.5109508698140933,-0.12413730311798522,-1.413049404323213,0.07602965013875555,1.9152333390652545,0.15500685817678084,-0.008986066709101683,-0.08954850534645155,-0.0001189499866650971,-0.13536502285023125,-0.010590218909969248,0.04530218630765187,-0.006554975193089164,0.5766557413225603,0.8169716553169042,0.00249345336715724,0.0,0.8169358153934484,-0.576595005719081,-0.011611193240274915,0.0,-0.008048457960971811,0.008732820739114772,-0.9999294775964898,0.0,0.6549587602667559,0.2521695777905226,0.3037552968094164,1.0,-0.01650000000000001,-0.021685714285714305,-0.008250000000000006,0.8260000000000006
0.4600231492552198,0.50956429362573,-0.12413694050980924,-1.4152517133701414,0.07588956752556532,1.9160740743008629,0.15483435065973294,-0.01749081126751717,-0.08644812083904056,0.0005267669381272897,-0.14076278774780981,-0.01155112636960028,0.054695121011124205,-0.007873045085323944,0.5767475321197391,0.8169068125262798,0.0025081353935351583,0.0,0.8168712128677036,-0.5766867887868793,-0.011598108808441563,0.0,-0.008028320122136945,0.008738172470376199,-0.9999295927303553,0.0,0.6546933632236204,0.2518360605281432,0.3037504642571173,1.0,-0.016820000000000012,-0.022106285714285735,-0.008410000000000006,0.8420000000000006
0.45981394530889225,0.5080692327941154,-0.12414796547367599,-1.4176274205235897,0.07573364282740448,1.9169272834044655,0.15463933603721047,-0.013668732423466513,-0.09145108773230301,-0.0023988106211026597,-0.14475596607906477,-0.008244808328887248,0.05520009124016224,-0.004109493123456766,0.5768479451512806,0.8168360117957,0.0024748554803480215,0.0,0.8168000529367395,-0.5767873823391824,-0.011607583644397753,0.0,-0.008054181984458564,0.008717440698548476,-0.9999295657096194,0.0,0.654399018725823,0.2514632126057599,0.3037399646927723,1.0,-0.017160000000000012,-0.022553142857142876,-0.008580000000000006,0.8590000000000007
0.4595970010951845,0.5065416505711622,-0.12415360733895438,-1.4200248913236915,0.07558389564971425,1.9177891678047103,0.15444922264200978,-0.012308030413996831,-0.08590110750291541,-0.0007593838945622029,-0.14248824387504808,-0.009869653860940337,0.05112860137813791,-0.010105703808458317,0.5769572665181372,0.8167588311694142,0.0024639845575918666,0.0,0.8167227176805131,-0.5768967129911541,-0.011616017638043024,0.0,-0.008066175695633171,0.008714505729710748,-0.9999294946142624,0.0,0.6541014595904996,0.251087944974864,0.30374190349995406,1.0,-0.017500000000000012,-0.02300000000000002,-0.008750000000000006,0.8760000000000007
0.4593779593335819,0.5049383407724558,-0.12415750438650805,-1.4224777965915076,0.07543010527469739,1.9187353266539522,0.15425856062474408,-0.01591617515643437,-0.08782543172834549,-0.00037462717765394135,-0.14669334892935143,-0.005045280549936463,0.06200482967915442,-0.013860352034849954,0.5770682556019433,0.8166801829314103,0.002540489097908374,0.0,0.8166451310947334,-0.5770075027215265,-0.011567997386831369,0.0,-0.007981626622998172,0.008750370596982318,-0.9999298598656141,0.0,0.6538087926603517,0.25071180013959354,0.3037770446402994,1.0,-0.017840000000000016,-0.02344685714285717,-0.008920000000000008,0.8930000000000007
0.4591486632604888,0.5032872841829753,-0.12416642024555177,-1.424952105120804,0.07527568839709803,1.9196867927706258,0.15406976873124267,-0.01813424873155321,-0.09815089644361631,-0.0008674633741229881,-0.14351947341609478,-0.0028639864215980497,0.05393454262726208,-0.00839766982950717,0.5771931174353093,0.816591611579746,0.0026442360164675334,0.0,0.8165579880057208,-0.5771321002473211,-0.011503824988836269,0.0,-0.00786800498470891,0.008799270062371467,-0.9999303312450973,0.0,0.6535159789895933,0.2503244477289184,0.3038353173537139,1.0,-0.018180000000000016,-0.02389371428571431,-0.009090000000000008,0.9100000000000007
0.45892345087180364,0.5015981267478912,-0.12416749336972314,-1.4274568617574241,0.0751185164254493,1.9206152563963603,0.15387736709066707,-0.0165343579082765,-0.1015011669926203,0.001414130640642995,-0.14862954364926972,-0.004398261853537657,0.056908579036986394,-0.005085764891406135,0.5773061615028343,0.816511386576316,0.0027383176027005957,0.0,0.8164789930811451,-0.5772448457353164,-0.011453769266849899,0.0,-0.007771602930894683,0.008848280725996568,-0.999930652653512,0.0,0.6532085120171318,0.2499393837353393,0.3039027766810553,1.0,-0.018520000000000016,-0.024340571428571454,-0.009260000000000008,0.9270000000000007
0.4587069179490726,0.4999894276799486,-0.12417044247306624,-1.4298845783057137,0.07496034567238335,1.9214757378613567,0.15367812221752755,-0.015102546611130654,-0.09307639413663114,0.0009641313865732027,-0.14736201166866797,-0.008647917563036607,0.052366825666308854,-0.013796985787375796,0.5774029519377565,0.8164428391344242,0.002769191379144974,0.0,0.81641085639355,-0.5773415414216813,-0.011437001914655163,0.0,-0.007739038095524842,0.008864727245674456,-0.9999307595529884,0.0,0.6529011262379815,0.2495623853898699,0.303944310200973,1.0,-0.018840000000000016,-0.024761142857142884,-0.009420000000000008,0.9430000000000007
0.4584601654792414,0.4983106475570944,-0.12416809763414287,-1.4325133514576223,0.07479846223518927,1.922450312515987,0.15347467065221904,-0.015431284044448794,-0.09558653293719013,0.0005336406563476838,-0.153260263871536,-0.009596360189680676,0.06345027479323137,-0.008347889417554304,0.577526455631609,0.8163554169612159,0.0027880360254209603,0.0,0.8163236392066319,-0.5774649272944699,-0.011433316161201006,0.0,-0.007723805268498474,0.00887915322441904,-0.9999307493372688,0.0,0.6525753725347774,0.249153009475779,0.30394826393758856,1.0,-0.019180000000000016,-0.025208000000000026,-0.009590000000000008,0.9600000000000007
0.4582072658877167,0.49663100866551846,-0.12416292847981872,-1.4351648681796019,0.07463576844552167,1.9234188346993608,0.15326236070529894,-0.017994856349344845,-0.09655483140621629,0.0020158764250463672,-0.1538380111657385,-0.006166293592646938,0.05567070871969014,-0.014921306380956602,0.5776460826404617,0.8162707864797857,0.002784466018738367,0.0,0.8162388844577133,-0.5775844605044834,-0.01144645727641468,0.0,-0.007735293308566538,0.008884961705823216,-0.9999306089388986,0.0,0.6522426604109085,0.24873820501861582,0.3039407544399318,1.0,-0.019520000000000017,-0.02565485714285717,-0.009760000000000008,0.9770000000000008
0.4579460004358731,0.49496454608504714,-0.12417390427419768,-1.4378799896839505,0.07446336537474513,1.9243517737788256,0.15305192497201903,-0.018314719269953983,-0.09835556601066484,-0.001339340719166931,-0.15588068061967048,-0.00960083747166693,0.05549503276313721,-0.016484246153012323,0.5777853607434623,0.8161725578195258,0.002679491386099817,0.0,0.816139247451256,-0.5777239950563513,-0.0115091792511373,0.0,-0.007845620852020785,0.008836843505504177,-0.9999301757774417,0.0,0.6518920550399478,0.24829707212959162,0.30389064168336627,1.0,-0.019860000000000017,-0.02610171428571431,-0.009930000000000008,0.9940000000000008
0.45766739269265966,0.4932511761203123,-0.12417830001200449,-1.4406812050101907,0.07428528954405127,1.925357352254445,0.15283456977169588,-0.013739539163165004,-0.10425162481329696,0.002926815327229744,-0.16620456982339651,-0.012381709454803507,0.06640026473719761,-0.01033483638570845,0.5779309124382095,0.8160697491573163,0.0026022797432214,0.0,0.8160354131274754,-0.5778697518376241,-0.01155427774471887,0.0,-0.007925470381263566,0.008801296157127159,-0.9999298595927568,0.0,0.6515381364852346,0.24784298982326539,0.30383769808702055,1.0,-0.021631428571428517,-0.02842987755102034,-0.017401594088571115,1.0109999999999995
