position_joint1,position_joint2,position_joint3,position_joint4,position_joint5,position_joint6,position_joint7,velocity_joint1,velocity_joint2,velocity_joint3,velocity_joint4,velocity_joint5,velocity_joint6,velocity_joint7,ee_T_00,ee_T_10,ee_T_20,ee_T_30,ee_T_01,ee_T_11,ee_T_21,ee_T_31,ee_T_02,ee_T_12,ee_T_22,ee_T_32,ee_T_03,ee_T_13,ee_T_23,ee_T_33,v_x,v_y,time
0.465070546445,0.547814367854,-0.124002681702,-1.35585460234,0.079564206851,1.89409365788,0.159159572016,-0.00151540890606,0.0018072940759,7.6738206927e-05,0.000680940223189,-0.000251774648214,-1.66502749237e-05,-0.00166169099625,0.573836730026,0.818955709472,0.00192356382396,0.0,0.818911663279,-0.573777724934,-0.0119815281289,0.0,-0.00870881046628,0.00845083247743,-0.999926367314,0.0,0.661670330992,0.260887128438,0.303180581999,1.0,0.0,0.0,0.0
0.465071224581,0.547811617802,-0.124003165063,-1.35585575889,0.0795654089356,1.89409680047,0.159159703185,-3.4686438967e-07,0.000643493591139,0.000621641587257,-0.000598303067446,0.000284207175915,6.00513518411e-05,-0.00156108212492,0.573837018873,0.818955496363,0.00192812055773,0.0,0.818911504308,-0.573777989236,-0.0119797362491,0.0,-0.00870472530252,0.00845353899932,-0.999926380008,0.0,0.661670632752,0.260887605528,0.303182270853,1.0,-0.00012,-0.000157714285714,0.007
0.465070172673,0.54780986171,-0.124003419654,-1.35585185417,0.0795679972124,1.89409626882,0.159160267899,-0.000583803657203,0.000585940718519,0.000257583656692,1.65769257896e-05,-0.000161254185196,-0.000454011240289,-0.0082088999087,0.573838986743,0.818954104073,0.00193380903066,0.0,0.818910167652,-0.573779914678,-0.01197888685,0.0,-0.00870074528374,0.00845773100736,-0.999926379199,0.0,0.661671656945,0.260887633362,0.303185340308,1.0,-0.00044,-0.000578285714286,0.023
0.465073041663,0.547803492478,-0.123998141645,-1.35586702401,0.0795647985312,1.89409910682,0.159161330849,0.000895375058814,0.000356665894325,0.00214106300885,9.85291096602e-05,-3.92416192915e-05,-4.1454937757e-05,-0.008394880125,0.573833809061,0.818957743963,0.00192875152535,0.0,0.81891373106,-0.5737747489,-0.0119827169911,0.0,-0.00870683758505,0.00845573204086,-0.999926343075,0.0,0.661667131429,0.260890542065,0.303182698266,1.0,-0.00078,-0.00102514285714,0.04
0.465074343651,0.547759539545,-0.124003776452,-1.35590944797,0.0795661209573,1.89410435057,0.159161136551,0.00170862805947,0.000304931734819,-0.000802568746003,-0.00467633656153,0.000243037949702,7.68107786316e-05,-0.00039651104914,0.573839146643,0.818953986624,0.00193609768036,0.0,0.818910049973,-0.573780035597,-0.0119811395614,0.0,-0.00870127533865,0.00846089964843,-0.99992634778,0.0,0.661660495872,0.260884256261,0.303194287799,1.0,-0.00108,-0.00141942857143,0.055
0.46507375074,0.547629362515,-0.124000935547,-1.35606802229,0.0795617252564,1.89412833806,0.15916057376,-6.12279361632e-05,-0.0104395793705,4.66126089106e-05,-0.00950042408672,-0.000197570170745,0.00483827584068,0.000604972531742,0.573844616186,0.818950149984,0.00193783848474,0.0,0.818906128345,-0.573785392339,-0.0119926393314,0.0,-0.00870963805142,0.00846898237923,-0.999926206549,0.0,0.661632115422,0.260869310466,0.303213012431,1.0,-0.00142,-0.00186628571429,0.072
0.465053774456,0.547453303756,-0.123997798269,-1.35630817093,0.0795614697498,1.89420059135,0.159152110903,-9.63971919245e-06,-0.00593890360726,0.00183129010266,-0.00776161549592,4.51623550244e-05,0.00348016252548,-0.000843515244372,0.57386508867,0.818935765116,0.00195435920489,0.0,0.818891791487,-0.57380562876,-0.0120033803393,0.0,-0.00870874282008,0.00848889307077,-0.999926045512,0.0,0.661600620908,0.260836581744,0.303229598255,1.0,-0.00182,-0.002392,0.092
0.465039033181,0.547304627161,-0.124001955448,-1.35648609215,0.0795608634531,1.89430301096,0.159149123201,-4.92711868793e-05,-0.00955465221901,0.000150381865457,-0.00925251404566,0.00037093435992,0.00712100906672,0.00106310820749,0.573887623832,0.818919813009,0.00202038982262,0.0,0.818876685866,-0.573827867417,-0.0119707485926,0.0,-0.00864389363748,0.00852447871002,-0.999926305467,0.0,0.661589019387,0.260812126119,0.303259259667,1.0,-0.0021,-0.00276,0.106
0.465010940937,0.547094560071,-0.124005817292,-1.35674255774,0.0795551571709,1.89443974045,0.159126899597,-0.000512859076891,-0.0103415033711,-0.0021258752682,-0.0169988020998,0.000601632704173,0.0101955602042,-0.00285535027425,0.573908192301,0.818905195486,0.00210107536349,0.0,0.818863115644,-0.573848094487,-0.011929341704,0.0,-0.00856346667971,0.00856700499243,-0.999926634041,0.0,0.661571562483,0.260771996308,0.303297975671,1.0,-0.00246,-0.00323314285714,0.124
0.464977444267,0.546876513812,-0.124001345394,-1.35705847342,0.0795501909257,1.89457571821,0.159105369118,-0.00185312471235,-0.0118248791987,-6.93581174023e-06,-0.0213369206244,0.000320737213853,0.00685240297467,-0.00463859488151,0.573935841364,0.818885709219,0.00214292708753,0.0,0.818844027677,-0.573875421511,-0.0119250083876,0.0,-0.00853561010223,0.00859907832847,-0.999926596912,0.0,0.66153666043,0.260723329782,0.30331441671,1.0,-0.00282,-0.00370628571429,0.142
0.464952705387,0.546646394552,-0.124003892174,-1.35739907755,0.0795441345387,1.89469265048,0.159016571396,-0.000349979264195,-0.0183776258693,0.00101320650124,-0.0216185570072,-0.00214322543255,0.011500423059,-0.0138240350555,0.573898052865,0.818912159537,0.0021556395862,0.0,0.818870535024,-0.573837476442,-0.0119308172539,0.0,-0.00853346883787,0.00861242834829,-0.999926500293,0.0,0.661498583134,0.260677930171,0.303324784171,1.0,-0.0031,-0.00407428571429,0.156
0.464908250671,0.546360801824,-0.123999548414,-1.35783740722,0.0795341561278,1.89486188684,0.158952135052,-0.00279544023773,-0.0138627326519,0.000470759509853,-0.0246680731599,-0.000195285522685,0.00803957421581,-0.00138812425103,0.573900584019,0.818910322308,0.00217958281353,0.0,0.818868847866,-0.573839746008,-0.0119374535786,0.0,-0.00852513684475,0.00863587031505,-0.999926369182,0.0,0.661450427574,0.260612631666,0.303332935326,1.0,-0.00344,-0.00452114285714,0.173
0.464865758789,0.546029296277,-0.124001664707,-1.35839840455,0.0795200544651,1.89505460654,0.158920401575,-0.00292235370094,-0.0206030704237,-0.000360528905463,-0.0334123757723,-3.36557875047e-05,0.00446375110783,-7.89163072274e-06,0.57393760043,0.818884423977,0.00216284110049,0.0,0.818842564623,-0.573876657745,-0.0119659081869,0.0,-0.00855765657242,0.00863887731052,-0.999926065423,0.0,0.661386547905,0.260533358768,0.303321901879,1.0,-0.0038,-0.00499428571429,0.191
0.464805049979,0.545685210076,-0.124003711907,-1.35898757206,0.0794819019974,1.89524962256,0.158813444867,-0.00333804642535,-0.0224095357053,0.000175545448961,-0.0334314714928,-0.00868715987046,0.013546107214,-0.00118876896566,0.57392475395,0.818893557114,0.00211324920138,0.0,0.818851011842,-0.573863979231,-0.0119958596439,0.0,-0.00861078036279,0.00861532291301,-0.999925812584,0.0,0.661312234872,0.260432146399,0.303297568112,1.0,-0.00416,-0.00546742857143,0.209
0.464746060165,0.54532897362,-0.124004498173,-1.3596214091,0.079375508841,1.89545522319,0.158759716293,-0.00172358699814,-0.0232240636667,-0.000440097538533,-0.0397467504441,-0.00978898254211,0.0110395259612,-0.00347103529408,0.573936635095,0.818885481888,0.00201329350892,0.0,0.818842204364,-0.573876845369,-0.0119815525732,0.0,-0.00865630358564,0.00852538580205,-0.999926190379,0.0,0.661238487972,0.260318834288,0.303265765385,1.0,-0.00448,-0.005888,0.225
0.464691464995,0.54495343263,-0.124007318343,-1.36023205441,0.0793670879635,1.89565979216,0.158659394836,-0.00144767436718,-0.0280937153819,-0.000447843408613,-0.0389406645775,-0.00516510118355,0.0155467608524,-0.00911878655691,0.573932908253,0.818888119853,0.00200272047803,0.0,0.818844419438,-0.573872883519,-0.0120198676331,0.0,-0.00869378721365,0.0085386784706,-0.999925751761,0.0,0.661164150271,0.260226063826,0.303258795372,1.0,-0.00478,-0.00628228571429,0.24
0.464616769548,0.544525855156,-0.124007639602,-1.36095638772,0.0793474851418,1.89591679272,0.158595059713,-0.00325166502522,-0.0262847084463,-0.00113023557408,-0.0473263730343,-0.00178367010787,0.013429148803,-0.00105295736774,0.57397681809,0.818857396269,0.0019808512516,0.0,0.818813166738,-0.573916642997,-0.0120595094761,0.0,-0.00873834326945,0.00854399046125,-0.999925318003,0.0,0.661080704655,0.260110388556,0.3032389646,1.0,-0.00512,-0.00672914285714,0.257
0.464549193235,0.54404133631,-0.124013698653,-1.36175151428,0.0793192367892,1.89620124894,0.158485285807,-0.00317141688093,-0.0269353867494,-3.42475750541e-05,-0.0483640384237,0.000264808361612,0.017578440119,-0.00170815697664,0.573983312369,0.818852876419,0.00196743601089,0.0,0.818808295305,-0.573923022557,-0.0120866298388,0.0,-0.00876818360232,0.00854864134426,-0.999925017033,0.0,0.66098780071,0.259988911258,0.303228247911,1.0,-0.00546,-0.007176,0.274
0.464462823439,0.543525085172,-0.124008666759,-1.36259017577,0.0792786593128,1.89649283754,0.158365943988,-0.00546544076168,-0.0335248552954,0.000162305059086,-0.0471499627181,3.54287703265e-05,0.0211942939761,-0.000823583804096,0.573988624244,0.818849199589,0.00194794052133,0.0,0.818804206007,-0.573928265846,-0.0121146518249,0.0,-0.00880226429563,0.00854881881736,-0.999924716086,0.0,0.660890048291,0.259855181754,0.303219439762,1.0,-0.0058,-0.00762285714286,0.291
0.46437434629,0.54293096371,-0.124017288792,-1.3635245706,0.0792222052511,1.89682842626,0.158265061402,-0.00722307532875,-0.0369338845943,0.00122233338898,-0.0516157564912,-0.00142061530347,0.0151228390856,-0.00820136299272,0.574022539921,0.81882544448,0.0019395968843,0.0,0.818780388122,-0.573962258968,-0.0121139675115,0.0,-0.00880613896828,0.00854195874839,-0.999924740597,0.0,0.66077900751,0.259694410786,0.303225023294,1.0,-0.00618,-0.00812228571429,0.31
0.464304734834,0.542405813083,-0.124022941091,-1.36433519524,0.0791753760399,1.89711806615,0.158141035246,-0.00935431032047,-0.0364351148827,-0.000665617462236,-0.0529639077072,-0.000967120692028,0.0206850609449,-0.00177240117636,0.574013337527,0.818831881997,0.00194531921765,0.0,0.818786864219,-0.573952997342,-0.012115061958,0.0,-0.00880384668915,0.00854717353056,-0.99992471622,0.0,0.660692254713,0.259575714259,0.30323519655,1.0,-0.00646,-0.00849028571429,0.324
0.464220370738,0.541751256426,-0.124031829285,-1.36534628593,0.0791166634936,1.8974983235,0.15800869853,-0.00254109341398,-0.0400657735791,-0.000170622147405,-0.0573832621681,-0.0034500471012,0.0188383388304,-0.00293006101634,0.57402083759,0.818826579236,0.0019641922121,0.0,0.818781833792,-0.57396043839,-0.0121025086625,0.0,-0.00878265623847,0.00855550178064,-0.999924831344,0.0,0.660579355918,0.259419704319,0.303250047173,1.0,-0.00682,-0.00896342857143,0.342
0.464137127839,0.541092330569,-0.124029692435,-1.36634886785,0.0790647806401,1.89787880075,0.15788396236,-0.00224665059877,-0.039850809665,-0.00184984001093,-0.0616439118671,-0.00230526640337,0.0307859709385,-0.00920428642141,0.574027205819,0.818822027041,0.00200047826292,0.0,0.818777674342,-0.573966567617,-0.0120932278108,0.0,-0.00875416221214,0.00857995389997,-0.999924871695,0.0,0.660465207144,0.259273021853,0.303271606894,1.0,-0.00716,-0.00941028571429,0.359
0.464057311541,0.540430514126,-0.124032235092,-1.36735760242,0.078999646835,1.89824630955,0.157752053509,-0.0038057546285,-0.0376295150891,0.000809251176307,-0.0657318154474,-0.00300646599411,0.0250064109951,-0.00907673473956,0.574024790636,0.818823683624,0.00201538396437,0.0,0.818779562239,-0.57396412385,-0.0120813862701,0.0,-0.00873593531145,0.00858533571869,-0.999924984909,0.0,0.66034786878,0.259122183607,0.303291186996,1.0,-0.00748,-0.00983085714286,0.375
0.463976031389,0.53976752475,-0.124032891695,-1.36835090359,0.0789385206066,1.89862273544,0.157620727456,-0.00445824960869,-0.0433553899454,-0.00077925472878,-0.0660927279714,-0.000599526868698,0.0308102953441,-0.00779900452736,0.574022956472,0.818824873704,0.00205391045209,0.0,0.818781278548,-0.573962146523,-0.0120589866156,0.0,-0.00869549875599,0.00860400422889,-0.999925176907,0.0,0.66023546039,0.258974581297,0.303319559577,1.0,-0.00778,-0.0102251428571,0.39
0.463866740709,0.538971009381,-0.124028643822,-1.36959830374,0.0788696870943,1.89909528262,0.157479801773,-0.00322087129779,-0.0438189351851,0.00126108848516,-0.0688895786049,-0.00276219109429,0.02086856385,-0.00763219769123,0.574044742337,0.818809545586,0.00207575356183,0.0,0.81876616125,-0.573983762346,-0.012056560703,0.0,-0.00868074528269,0.00862072803348,-0.999925161054,0.0,0.660093326257,0.258788199512,0.303329410023,1.0,-0.00814,-0.0106982857143,0.408
0.463760863437,0.538188009554,-0.124044619684,-1.37079168171,0.0788035782101,1.89956002359,0.157318405172,-0.00717173630909,-0.0511717039712,-0.00150107158841,-0.072532776173,-0.00736299503187,0.0356510410225,-0.00956134192492,0.574058862961,0.818799530766,0.00212065410838,0.0,0.818756785986,-0.573997743809,-0.0120275685681,0.0,-0.00863108300135,0.00864099864438,-0.999925415993,0.0,0.659965118682,0.25859849847,0.303355267762,1.0,-0.00848,-0.0111451428571,0.425
0.463653627209,0.537392393127,-0.124046341211,-1.37206135633,0.0787275674865,1.90003094788,0.15718031055,-0.00417390619476,-0.0468051576304,-0.00250682108171,-0.0778062192644,-0.000251737100199,0.022074462898,-0.0121475182318,0.57408452474,0.81878154909,0.0021166543021,0.0,0.818738741952,-0.574023409045,-0.0120310097926,0.0,-0.00863592598515,0.00863996976555,-0.999925383069,0.0,0.65981816707,0.258406110739,0.303353647433,1.0,-0.00882,-0.011592,0.442
0.463544926123,0.536594039798,-0.124050303001,-1.37328270911,0.0786603276943,1.90049536952,0.157025641388,-0.00338462316262,-0.0513570103877,-0.000993752813054,-0.0776667968535,-0.00879700825804,0.0315543321572,-0.0179791002582,0.574098993574,0.818771306614,0.00215405265174,0.0,0.818728958909,-0.574037690119,-0.0120153679585,0.0,-0.00860149671973,0.00866176270319,-0.999925491285,0.0,0.659681331856,0.258218220088,0.303376328768,1.0,-0.00914,-0.0120125714286,0.458
0.463425710483,0.53573066955,-0.124049122817,-1.37463973663,0.07858050614,1.90099532184,0.156847163776,-0.00480712746077,-0.0502838749241,0.000185743402052,-0.0801384494881,-0.00456635581045,0.03141486358,-0.0147867913531,0.574102872554,0.818768569976,0.00216042714219,0.0,0.818726261086,-0.574041497238,-0.0120173107946,0.0,-0.00859938710773,0.00866813797255,-0.999925454184,0.0,0.659523757061,0.258011520933,0.30338308078,1.0,-0.00948,-0.0124594285714,0.475
0.463303227856,0.534829975636,-0.124054482883,-1.37608121107,0.0785014449004,1.90151568259,0.156679142106,-0.00915801644635,-0.0492665353381,-4.5372905517e-05,-0.0855649127769,-0.00763192113354,0.0323107510743,-0.0153179432435,0.574127265487,0.818751505051,0.00214543753144,0.0,0.818708915786,-0.574065864698,-0.0120349949119,0.0,-0.00862221375007,0.00866627440679,-0.999925273767,0.0,0.659353573941,0.257790860788,0.303377802426,1.0,-0.00982,-0.0129062857143,0.492
0.463153089925,0.533827712244,-0.124055655467,-1.37773594098,0.0784045245999,1.90211444222,0.156483423216,-0.0103526088042,-0.0511384654766,0.000893694481683,-0.0821401574801,-0.00819266777417,0.0271794009951,-0.00487499086892,0.57415546732,0.818731847935,0.00209938698266,0.0,0.818688584182,-0.574094185108,-0.0120671312389,0.0,-0.00867466581367,0.00864732001988,-0.999924984201,0.0,0.659158865908,0.25753287177,0.303349141669,1.0,-0.0102,-0.0134057142857,0.511
0.463033887728,0.532959712367,-0.124058530598,-1.37914497929,0.0783326406209,1.90265814596,0.15630118556,-0.00542396114718,-0.0560996002602,-0.00090591790925,-0.0901549480429,-0.00749250189896,0.0337317802916,-0.0120070110726,0.574163920545,0.818725902907,0.00210598081784,0.0,0.818682628563,-0.574102512587,-0.0120750003055,0.0,-0.00867723371235,0.00865732610797,-0.999924875338,0.0,0.658997451373,0.257322009986,0.303337835784,1.0,-0.01052,-0.0138262857143,0.527
0.462904570456,0.531998056935,-0.12406161837,-1.38070302776,0.0782439676585,1.9032220721,0.156094580105,-0.00772873707512,-0.0551266638431,-0.000603068505494,-0.09649377639,-0.00525538110924,0.0359262549862,-0.017055593241,0.574164076187,0.818725860651,0.00207981196872,0.0,0.818682161492,-0.57410269829,-0.0120978168402,0.0,-0.00871093755388,0.00864900330812,-0.999924654316,0.0,0.658811011049,0.257086595831,0.303323193931,1.0,-0.01086,-0.0142731428571,0.544
0.462778191251,0.53105267153,-0.124058863917,-1.38222730334,0.0781548393834,1.90376882848,0.155908825708,-0.00811457233449,-0.0537105879342,-0.000379550370587,-0.0916256995135,-0.00711504133235,0.0341592821213,-0.0121582934556,0.574172593154,0.818719952506,0.00205415194709,0.0,0.81867582336,-0.57411123196,-0.0121217360449,0.0,-0.00874516382549,0.00864181953682,-0.999924417676,0.0,0.658626114191,0.256859099555,0.303311270954,1.0,-0.01118,-0.0146937142857,0.56
0.462637780494,0.530015827473,-0.12406711203,-1.3838723506,0.0780513540457,1.90434975374,0.155688166282,-0.00813763323164,-0.0574569406369,-0.00092616182646,-0.0972551691273,-0.00502207462823,0.0324933058047,-0.0135576818465,0.574174194316,0.818718896868,0.00202716404231,0.0,0.818674422781,-0.574112958951,-0.0121345271903,0.0,-0.00877111443977,0.00862708582325,-0.999924317607,0.0,0.658428716913,0.256602866391,0.303309387044,1.0,-0.01152,-0.0151405714286,0.577
0.462505622987,0.529023140852,-0.124062165769,-1.38543779406,0.0779482610641,1.90493756494,0.155472803913,-0.0100860479726,-0.0637594938023,0.000265347818976,-0.0939016908788,-0.00438442969358,0.0367010907944,-0.0201022895674,0.574159877495,0.818728916049,0.00203568184431,0.0,0.818684593916,-0.574098646536,-0.0121254538606,0.0,-0.00875894614118,0.00862869659639,-0.999924410372,0.0,0.658244546721,0.256369156034,0.303314218005,1.0,-0.01184,-0.0155611428571,0.593
0.462365389532,0.527930274506,-0.124063124554,-1.38714298076,0.0778520306162,1.90559978308,0.155239379113,-0.011124006273,-0.0660434391873,0.000338532776149,-0.098113703393,-0.0104923423098,0.0405782934804,-0.0162471538268,0.574150991235,0.818735035829,0.00208020941065,0.0,0.818691262011,-0.574089534014,-0.01210666523,0.0,-0.00871809238997,0.00865426973153,-0.999924546394,0.0,0.658047753517,0.256117581652,0.303329502633,1.0,-0.01218,-0.016008,0.61
0.462226989533,0.526825448133,-0.124065256515,-1.38881131757,0.0777446594606,1.9062364528,0.155007673058,-0.0122653166283,-0.0691449386175,0.00312041512491,-0.103071826655,-0.00761536377109,0.040161305108,-0.0178635105984,0.574137427668,0.818744397304,0.00213844225994,0.0,0.818701468409,-0.574075805901,-0.0120673777115,0.0,-0.00865263651775,0.00867924611866,-0.999924898464,0.0,0.657854726793,0.255867579378,0.303368243397,1.0,-0.0125,-0.0164285714286,0.626
0.462080409456,0.525670307171,-0.124071236712,-1.390648394,0.0776336991779,1.90690302925,0.154756530618,-0.00826006687385,-0.0712943757299,0.000231795514826,-0.105626328503,-0.00398868296006,0.0429561961342,-0.010474086191,0.574125208352,0.818753003853,0.00212384501927,0.0,0.818709857301,-0.574063623414,-0.0120777783926,0.0,-0.00866966208932,0.00867313687348,-0.999924804001,0.0,0.657632035108,0.255592075569,0.303364555602,1.0,-0.01284,-0.0168754285714,0.643
0.461924645737,0.524481969164,-0.124083167801,-1.39251990787,0.0775112229107,1.90756921124,0.154500472974,-0.0119478097304,-0.0757694785055,-0.00282234847901,-0.112337221355,-0.00796819394556,0.0423987623111,-0.0167296961265,0.574119038958,0.818757385896,0.002102153332,0.0,0.818714024539,-0.574057616228,-0.0120808185003,0.0,-0.0086846694509,0.00865705699705,-0.999924813114,0.0,0.657405785403,0.255301585294,0.303367649296,1.0,-0.01318,-0.0173222857143,0.66
0.461770712988,0.523282036969,-0.124080515798,-1.39442104902,0.0773894996582,1.90827393872,0.154255407751,-0.00897590393685,-0.0719180031882,0.00117982558056,-0.109140226106,-0.0172006458772,0.0401724896749,-0.0136555141805,0.574111797816,0.818762465672,0.00210126555714,0.0,0.818719107187,-0.574050394244,-0.0120795404205,0.0,-0.00868420917529,0.00865551957406,-0.999924830421,0.0,0.657176130299,0.255020179426,0.303367360245,1.0,-0.01352,-0.0177691428571,0.677
0.461592181309,0.521983410551,-0.124084031284,-1.39649806101,0.0772695074344,1.90908272611,0.153957252986,-0.0125722944941,-0.0777640386276,-0.0013637226367,-0.117421251098,-0.0119840627328,0.0458991287348,-0.0167888930199,0.574095589347,0.81877376449,0.00212691699623,0.0,0.818730725171,-0.574034062232,-0.0120682210707,0.0,-0.0086603867327,0.00866985170419,-0.999924912867,0.0,0.656935349696,0.254706770822,0.303361645569,1.0,-0.01388,-0.0182422857143,0.695
0.461445091987,0.520878364121,-0.124089933926,-1.3982761951,0.0771582898188,1.90975152037,0.153719710402,-0.00880444390513,-0.0743010143405,-0.00128510827504,-0.116273156446,-0.00102779604751,0.0388957502645,-0.0130347010575,0.574090810165,0.81877713763,0.00211836706409,0.0,0.818734025193,-0.574029358707,-0.0120680667802,0.0,-0.00866521912003,0.00866271221225,-0.99992493288,0.0,0.65672337811,0.254437560235,0.303349773883,1.0,-0.01418,-0.0186365714286,0.71
0.461245694851,0.519399771222,-0.124093599132,-1.40055885416,0.0770188649349,1.91058121436,0.15342114913,-0.0113586484261,-0.0822885881439,0.000502020173515,-0.119220819068,-0.0122016481855,0.0475706213845,-0.0154697184292,0.574096058523,0.818773402528,0.00213958003692,0.0,0.818730538379,-0.574034487253,-0.0120606745743,0.0,-0.00864693330881,0.00867589228957,-0.999924976904,0.0,0.656447894376,0.254086753479,0.303373565192,1.0,-0.01456,-0.019136,0.729
0.46106989139,0.51807808278,-0.124099341459,-1.4026606355,0.0768785818102,1.91133369872,0.153137810454,-0.0114826362116,-0.0759667472674,0.00152701737161,-0.120070240643,-0.0113385228233,0.0466687130569,-0.0105353969397,0.574085637411,0.818780791352,0.00210796884084,0.0,0.818737574702,-0.574024262595,-0.0120696571879,0.0,-0.00867254517762,0.00865505677302,-0.999924935659,0.0,0.656189293278,0.25376434374,0.303366248905,1.0,-0.0149,-0.0195828571429,0.746
0.460914757023,0.516856629772,-0.124106293291,-1.40455063124,0.0767625869552,1.91200722137,0.152865927162,-0.00819838872961,-0.0797704588459,0.000538033538901,-0.123312675369,-0.00329663415556,0.0398680313826,-0.0238406358423,0.574063587675,0.818796242165,0.00211140300547,0.0,0.81875304291,-0.574002173581,-0.0120708885343,0.0,-0.00867181521637,0.00865834191389,-0.999924913549,0.0,0.655955446599,0.253477213639,0.303382207036,1.0,-0.0152,-0.0199771428571,0.761
0.460736033228,0.515497330307,-0.12410990069,-1.40672590328,0.0766191492112,1.91284825227,0.152575422837,-0.0136868939181,-0.0784117037786,0.00110154048332,-0.124995643994,-0.0133208351747,0.0518705520251,-0.0176043584257,0.574051035202,0.818805012852,0.00212292563588,0.0,0.818762092007,-0.573989701515,-0.0120501513853,0.0,-0.00864835341544,0.00865573956169,-0.999925139276,0.0,0.655697059965,0.253151442837,0.30337315594,1.0,-0.01554,-0.020424,0.778
0.460540109701,0.514111232597,-0.124118482236,-1.40897501127,0.0764878757585,1.91364200647,0.152268408649,-0.0128788254504,-0.0835836864082,-0.000150894979246,-0.135517342186,-0.00811469017615,0.0381084177416,-0.0177986206903,0.574049089929,0.81880652442,0.00206514390927,0.0,0.81876272491,-0.573987880712,-0.0120937998601,0.0,-0.00871728248929,0.00863346387887,-0.999924733311,0.0,0.655416354084,0.252801953324,0.30334343364,1.0,-0.01588,-0.0208708571429,0.795
0.460360772384,0.512772561522,-0.124118118653,-1.4111127252,0.0763584506379,1.9143842836,0.151964172665,-0.0148657279974,-0.0841392565901,0.000178671688638,-0.135719971609,-0.00683342911716,0.0430424319861,-0.0196854492966,0.574019645548,0.818827294942,0.0020135747468,0.0,0.818782667115,-0.573958513281,-0.0121373788601,0.0,-0.00878287782928,0.00861593989633,-0.999924310454,0.0,0.655124928209,0.252461695212,0.30332522157,1.0,-0.01622,-0.0213177142857,0.812
0.460167983055,0.511346853757,-0.124119176484,-1.41340804122,0.076209896441,1.9152545509,0.151652167061,-0.0125314317975,-0.0869931880963,-0.00197836030885,-0.139241412826,-0.00871414147735,0.0560223194174,-0.0184789569159,0.574006917141,0.818836221794,0.0020119280217,0.0,0.818791654252,-0.573945874007,-0.0121287896645,0.0,-0.00877692349995,0.00860952479714,-0.999924417992,0.0,0.654864790953,0.252132536814,0.303309823401,1.0,-0.01654,-0.0217382857143,0.828
0.459961106597,0.509876325298,-0.124122713225,-1.41573233922,0.0760743762006,1.91613679937,0.151310521089,-0.0152105401553,-0.084867295704,-0.000837672241537,-0.140673532814,-0.00413140737405,0.0501277050926,-0.0249382308086,0.573984049474,0.818852188543,0.00203744189649,0.0,0.818807900044,-0.57392284374,-0.0121218464176,0.0,-0.00875683461722,0.00862618609541,-0.999924450527,0.0,0.654585291448,0.251776460199,0.303309580756,1.0,-0.01688,-0.0221851428571,0.845
0.459735910404,0.508185059164,-0.124129741694,-1.418394876,0.0759036352116,1.91707115714,0.150945067165,-0.0120797378731,-0.0880094309947,-0.00188324984264,-0.142539831476,-0.0172519956641,0.0537007384635,-0.0225790182418,0.57396614304,0.818864828259,0.00200164592567,0.0,0.818820043635,-0.573905069475,-0.0121430751181,0.0,-0.00879495170713,0.00860886754174,-0.999924265244,0.0,0.654247418519,0.251367183181,0.30330684895,1.0,-0.01726,-0.0226845714286,0.864
0.459542286813,0.506827724826,-0.124128636971,-1.42050438173,0.0757730421768,1.91784466296,0.150658354687,-0.0133304807495,-0.0880772116492,0.00135064657158,-0.135391314502,-0.00514533032878,0.049381657731,-0.0173440294803,0.573963112037,0.818866909034,0.00201945805062,0.0,0.818822318262,-0.57390192193,-0.012138452203,0.0,-0.0087809750404,0.00862076710086,-0.99992428556,0.0,0.653988021965,0.251040130177,0.30331901275,1.0,-0.01756,-0.0230788571429,0.879
0.45933606875,0.505318107125,-0.124142116869,-1.42283308154,0.0756221546969,1.91873411522,0.150339167285,-0.00880582931456,-0.0934463912544,-0.00261788347584,-0.140777937652,-0.0171585654916,0.0535189871196,-0.0155122141532,0.573959871569,0.818869052672,0.00207058091608,0.0,0.818825277316,-0.573898603752,-0.0120956496519,0.0,-0.00871661749712,0.00863802782237,-0.999924699692,0.0,0.653709981187,0.250676937153,0.303343331695,1.0,-0.01788,-0.0234994285714,0.895
0.459098877758,0.503574602036,-0.124140477549,-1.42545148045,0.0754641534848,1.91973560225,0.149970339762,-0.0110620654646,-0.0907952087695,0.00092832465911,-0.140683763794,-0.00267123483767,0.0549130387165,-0.015973445741,0.573943180721,0.81888046696,0.00218014583309,0.0,0.818838116001,-0.573881440909,-0.0120407003456,0.0,-0.00860891483771,0.00869603178659,-0.999925130005,0.0,0.653394642717,0.250277554144,0.303401770003,1.0,-0.01824,-0.0239725714286,0.913
0.458869787921,0.501869342366,-0.12414974778,-1.42795888498,0.0752955243062,1.92065875696,0.149613028134,-0.0114743224121,-0.0941259903619,-0.000645785427549,-0.145087932902,-0.0075472409921,0.0546860695141,-0.0265188769141,0.573927457511,0.818891227575,0.00227548148207,0.0,0.818850271091,-0.573865478287,-0.0119746927396,0.0,-0.00850031422572,0.00873605178304,-0.999925710269,0.0,0.653089167272,0.249882919591,0.30347909431,1.0,-0.01858,-0.0244194285714,0.93
0.458648930355,0.5002442788,-0.124150089994,-1.43040535088,0.075138891135,1.92151276821,0.149274739606,-0.0128664640453,-0.0990195888476,-0.000588501908292,-0.149622146138,-0.0101524658858,0.0587894143319,-0.0270173925118,0.573918426276,0.818897495574,0.00229752566783,0.0,0.818856756946,-0.573856286828,-0.0119716570834,0.0,-0.0084852738227,0.00875226751888,-0.99992569621,0.0,0.652756712676,0.249474396989,0.303520404788,1.0,-0.01892,-0.0248662857143,0.947
0.45841007153,0.498651344085,-0.124153634777,-1.43288035521,0.0749832778594,1.92243053462,0.148929002782,-0.0123898794841,-0.0953198432175,-0.000348140207314,-0.149987056935,-0.0170884388507,0.0560573653721,-0.0267696141356,0.57391270445,0.818901411741,0.0023307552231,0.0,0.818861133037,-0.573850459015,-0.0119516689569,0.0,-0.00844989631349,0.00876794832672,-0.999925858419,0.0,0.65247321478,0.249109085492,0.303535262383,1.0,-0.01922,-0.0252605714286,0.962
0.45814562815,0.496981792819,-0.124148354163,-1.43553670552,0.0748243050921,1.92339202598,0.148530649548,-0.0206401785516,-0.0949128386844,5.93323874878e-05,-0.154481664447,-0.0122464756795,0.0499346778382,-0.0170735532337,0.573891099034,0.818916603023,0.00231314582308,0.0,0.818875936411,-0.573828763623,-0.0119790528476,0.0,-0.00848265897516,0.00876902008686,-0.999925571622,0.0,0.652140144188,0.248686255669,0.303518020691,1.0,-0.01956,-0.0257074285714,0.979
0.457881368879,0.495324036767,-0.124151471458,-1.43825409598,0.0746639073412,1.92432143496,0.148142367854,-0.0123985756944,-0.0916581950841,-0.000144882974231,-0.158898446416,-0.00507335938549,0.0494574521713,-0.0211699428907,0.573885581481,0.818920763229,0.00220676728221,0.0,0.818878458197,-0.573823431601,-0.0120617970828,0.0,-0.00861152709691,0.00872933368894,-0.999924817341,0.0,0.651786196382,0.248249073151,0.303460460685,1.0,-0.0199,-0.0261542857143,0.996
0.457584928901,0.493456224296,-0.124185191296,-1.44118715553,0.0744779053741,1.92537979778,0.147720410573,-0.0197064113573,-0.132030798083,-0.0053775234364,-0.19680688945,-0.00728599840745,0.0691380284337,-0.0334588671588,0.573904247042,0.818907724107,0.00219123861049,0.0,0.818865313524,-0.573842258805,-0.0120584914823,0.0,-0.00861753241628,0.00871491655553,-0.999924891362,0.0,0.65142610218,0.247754883802,0.30345781406,1.0,-0.0293674285714,-0.0385971918367,1.013
0.457249210728,0.490526012565,-0.124264889635,-1.44564152498,0.0742373294455,1.92709684373,0.147061928846,-0.0238750337272,-0.183852611344,-0.00164354618425,-0.301622397282,-0.015004329282,0.113764294287,-0.0378709784333,0.573856541728,0.818940699889,0.00235509703812,0.0,0.818900530941,-0.573793989764,-0.0119634709186,0.0,-0.00844619533683,0.00879407557654,-0.999925660246,0.0,0.650876667366,0.247077534037,0.303527625256,1.0,-0.0426662857143,-0.0560756897959,1.03
0.456731501648,0.486832609639,-0.124290917807,-1.45151311792,0.0739298604404,1.92931277453,0.146179339503,-0.0380430565993,-0.256281831644,-0.0030070207659,-0.400527742886,-0.0178835008035,0.147232516277,-0.0589476112626,0.573796223185,0.818982809014,0.00240825646937,0.0,0.818942894801,-0.573733006309,-0.0119883038022,0.0,-0.00843668093138,0.00885123838232,-0.999925236202,0.0,0.65008262895,0.246107761002,0.303486756839,1.0,-0.0559651428571,-0.0735541877551,1.047
0.455968732804,0.481789387346,-0.12443635057,-1.45949447385,0.0734475022577,1.93218287105,0.144956099874,-0.0520806756157,-0.313601523987,-0.00520639300886,-0.506747819459,-0.0346010339174,0.171845555595,-0.0675852176413,0.573777992612,0.818995812633,0.00232830081837,0.0,0.818955047424,-0.573715303418,-0.0120053248493,0.0,-0.00849669255808,0.00879533423726,-0.99992522136,0.0,0.649128588402,0.244835741539,0.303447548044,1.0,-0.0684817142857,-0.0900045387755,1.063
0.455129601884,0.476362088739,-0.124581230287,-1.46806768889,0.072932363829,1.93514735406,0.143705161524,-0.0588272970916,-0.378900453945,-0.00805359421237,-0.595290156362,-0.0321688542399,0.21143984001,-0.0841138222556,0.573823262903,0.818964553663,0.00216094781291,0.0,0.818921517855,-0.573761182682,-0.0120995761467,0.0,-0.00866942291888,0.00871283267621,-0.999924460973,0.0,0.648015148838,0.243381261676,0.303388463645,1.0,-0.080216,-0.105426742857,1.078
0.453832755965,0.468251927814,-0.124735051011,-1.48053786379,0.0722175178745,1.93970063015,0.141824498065,-0.0710916053554,-0.468007378708,-0.0025644209536,-0.681208331373,-0.0392430334949,0.266251627454,-0.112290661043,0.573863024286,0.8189362149,0.00233499094531,0.0,0.818895203591,-0.573799951381,-0.0120419364116,0.0,-0.00852192420755,0.00882270479737,-0.999924765514,0.0,0.646430636243,0.241276463021,0.303457841888,1.0,-0.0950794285714,-0.124961534694,1.097
0.452543206515,0.460466511368,-0.124820247146,-1.49257520064,0.0714523074336,1.94405472465,0.139913026159,-0.0896894362479,-0.501843945309,-0.00299866687665,-0.805268019446,-0.0533311848005,0.270821106795,-0.114447775281,0.573774493106,0.818998033709,0.00240805812911,0.0,0.818957968583,-0.573711124292,-0.0120057677707,0.0,-0.00845133317508,0.00886087230985,-0.999925027144,0.0,0.6448645487,0.239246251173,0.303474893306,1.0,-0.107596,-0.141411885714,1.113
0.450899975223,0.451107793945,-0.124973926837,-1.50697002403,0.07051199288,1.94902395494,0.137655671684,-0.0957706833753,-0.580223590062,-0.0114066884757,-0.845857996821,-0.0594569013205,0.317173354955,-0.139709439574,0.57378976928,0.81898756806,0.00232614138836,0.0,0.818946401042,-0.573726701048,-0.0120503787104,0.0,-0.0085347052488,0.00881953894172,-0.999924684433,0.0,0.642948225776,0.236709534889,0.30349043333,1.0,-0.120894857143,-0.158890383673,1.13
0.449182041815,0.441357714023,-0.125098248975,-1.52179215101,0.0695094804587,1.95430603173,0.135375385437,-0.112748469453,-0.625382365283,-0.00572828334196,-0.957749511678,-0.0633689399829,0.332786865339,-0.150232015838,0.573812473652,0.818971255916,0.00246454182617,0.0,0.818932270068,-0.573749235117,-0.0119373005933,0.0,-0.00836243807434,0.00886823555559,-0.999925709254,0.0,0.64097287826,0.234114347459,0.303575060947,1.0,-0.133411428571,-0.175340734694,1.146
0.446987870777,0.429299248456,-0.125244304185,-1.53995693538,0.0683089999314,1.96062527728,0.132405115054,-0.130166584919,-0.684153108792,-0.0142076670261,-1.04666288229,-0.0762267595544,0.363472957637,-0.166146453564,0.573749861466,0.81901460202,0.00263154836848,0.0,0.818977643231,-0.573685825484,-0.0118718333637,0.0,-0.00821368101839,0.00896681466762,-0.999926063106,0.0,0.638488322719,0.23088691236,0.303708100962,1.0,-0.147492571429,-0.193847379592,1.164
0.444607323486,0.417076106469,-0.125384266574,-1.55836147205,0.0670148506067,1.96700782634,0.129341458006,-0.147500739654,-0.734322847424,-0.00456743882234,-1.08944845386,-0.0682740225361,0.38503515786,-0.174172368714,0.573715107623,0.819038542392,0.00275468006974,0.0,0.819003494889,-0.573650962703,-0.0117726484152,0.0,-0.00806218314618,0.00901041233534,-0.999926904165,0.0,0.635944773502,0.227520855866,0.303808469141,1.0,-0.160791428571,-0.211325877551,1.181
0.441961757592,0.403962372698,-0.125533978871,-1.5781295139,0.0656290272718,1.9738695926,0.126032854397,-0.165666794998,-0.761384974542,-0.00828856615349,-1.20480197661,-0.0744112755157,0.403959512083,-0.208708697623,0.57370788399,0.819043140742,0.002888659233,0.0,0.819009991848,-0.573643447563,-0.011686540211,0.0,-0.00791487254341,0.00907067566912,-0.999927536192,0.0,0.633165055693,0.223866317883,0.303866109625,1.0,-0.174090285714,-0.22880437551,1.198
0.439177123393,0.390744285745,-0.125699704185,-1.59770058535,0.064261818988,1.98060638491,0.122666121654,-0.184252487141,-0.805958755494,-0.00731972509829,-1.25369490025,-0.100819854244,0.424307406847,-0.212266469148,0.57374603538,0.819015304015,0.00318835018612,0.0,0.818986112054,-0.573680698519,-0.0115304514096,0.0,-0.00761466781072,0.00922694295244,-0.999928437618,0.0,0.630378092903,0.220151215061,0.304033103178,1.0,-0.186606857143,-0.245254726531,1.214
0.4359435316,0.375985530437,-0.125848871144,-1.61975441071,0.0625686061062,1.98792818578,0.118714618974,-0.196730306214,-0.866799249386,-0.00742290185534,-1.33334149847,-0.10398336763,0.431355725481,-0.245942548214,0.573622150215,0.819102307617,0.00312815303675,0.0,0.819072734124,-0.573557495989,-0.0115066029593,0.0,-0.00763105633542,0.00916280360409,-0.999928902477,0.0,0.627115675377,0.215909495517,0.304054429025,1.0,-0.199905714286,-0.26273322449,1.231
0.432304601019,0.360406641871,-0.126032394058,-1.6428041538,0.0608221654558,1.99559279394,0.114602261486,-0.223320213376,-0.945354513742,-0.0147122606858,-1.38631936462,-0.10554182446,0.47183425942,-0.244260625892,0.573706309246,0.819042981969,0.00322665767107,0.0,0.819014933766,-0.573641651556,-0.0114254439136,0.0,-0.00750712895334,0.00919770716228,-0.999929520115,0.0,0.623676952014,0.211333227474,0.304120756937,1.0,-0.213204571429,-0.280211722449,1.248
0.428258180153,0.344120003727,-0.126269810987,-1.66690100307,0.0589826584582,2.00336317655,0.110053688525,-0.249624972899,-1.0083926421,-0.0183518800003,-1.41108012218,-0.118051484825,0.488120194511,-0.272030859708,0.573771892453,0.818997376072,0.00314011455978,0.0,0.818968052739,-0.573707296509,-0.0114897095594,0.0,-0.00760868183688,0.00916430234527,-0.999929059245,0.0,0.619987506704,0.206391013695,0.304104173719,1.0,-0.226503428571,-0.297690220408,1.265
0.424953637634,0.331268136186,-0.126383442347,-1.68597563099,0.057513174149,2.00943701883,0.106429351383,-0.255744750758,-0.99150666332,-0.00826506151139,-1.47657688625,-0.10320482749,0.464732937067,-0.283209780409,0.573792022375,0.818983825674,0.002992531287,0.0,0.818952008426,-0.573727205073,-0.011638253996,0.0,-0.00781479562944,0.00912885256374,-0.999927793903,0.0,0.616979667258,0.202481727487,0.304008424395,1.0,-0.236673142857,-0.311056130612,1.278
0.419529788508,0.310479195086,-0.126562601966,-1.71607595144,0.0550623736512,2.01896389563,0.100421934754,-0.275034499102,-1.03916225825,-0.0116532469515,-1.51568399739,-0.109486418214,0.47799215324,-0.308144290997,0.573649300111,0.819083406491,0.0030984825513,0.0,0.819052970199,-0.573584163661,-0.0115838727186,0.0,-0.00771106586585,0.00918307861709,-0.999928102681,0.0,0.612143587803,0.196223087907,0.304090594982,1.0,-0.252318857143,-0.331619069388,1.298
0.414419221556,0.292003578848,-0.126758227936,-1.74263511595,0.0528061177564,2.0271518544,0.0949444641005,-0.306475121173,-1.10554532342,-0.00940275611171,-1.53185941179,-0.115972343585,0.476479135057,-0.321374029332,0.573574747449,0.819135617935,0.00309764760493,0.0,0.819105366068,-0.573509856087,-0.0115581638168,0.0,-0.00769132030992,0.00916694715973,-0.999928402773,0.0,0.60776788351,0.19051731245,0.304134537637,1.0,-0.265617714286,-0.349097567347,1.315
0.408162872305,0.270551943775,-0.127010913938,-1.77307163285,0.0502577343043,2.03650157216,0.0883719357622,-0.34172444608,-1.16253201374,-0.0152773360858,-1.58066699886,-0.13825453136,0.5174727093,-0.358655865976,0.57353580024,0.819161891023,0.00335097596051,0.0,0.819134751564,-0.573469935231,-0.0114559621366,0.0,-0.00746274732125,0.00931548462436,-0.999928762037,0.0,0.602667096616,0.183804917377,0.304245734663,1.0,-0.280481142857,-0.368632359184,1.334
0.402731291611,0.253149559528,-0.127272579018,-1.79764325696,0.0480493556599,2.04380989425,0.0829501046777,-0.370143879222,-1.16420447702,-0.0175093040366,-1.60498676382,-0.14919928928,0.507112158008,-0.362282698414,0.573650952421,0.819081182582,0.00336868334023,0.0,0.819054691091,-0.573585545566,-0.0113921824428,0.0,-0.00739903665029,0.00929445114806,-0.999929431227,0.0,0.598456756298,0.178156927575,0.304277356603,1.0,-0.292215428571,-0.384054563265,1.349
0.396572045327,0.233967827483,-0.127504805124,-1.82441635648,0.0456406763702,2.0515737141,0.0767599322537,-0.390996401421,-1.22382652329,-0.00999221700949,-1.67748113723,-0.146398327544,0.502998864536,-0.396675533998,0.573637416952,0.819090319753,0.00345092170066,0.0,0.819064747323,-0.573571598898,-0.011371346968,0.0,-0.00733495076702,0.00934973842418,-0.999929387951,0.0,0.593731952655,0.171957165332,0.304334927969,1.0,-0.304732,-0.400504914286,1.365
0.388752787432,0.210493665919,-0.127757942133,-1.85694491751,0.0425853530168,2.06075998572,0.068907221214,-0.422074394747,-1.26262123234,-0.016721465241,-1.74429149821,-0.172582137763,0.481959825946,-0.426264229883,0.573463715439,0.819211871631,0.00346747094222,0.0,0.8191864438,-0.573397786237,-0.0113708369982,0.0,-0.00732702556513,0.00936144785965,-0.999929336499,0.0,0.587811848618,0.164327754339,0.304348829757,1.0,-0.319595428571,-0.420039706122,1.384
0.382005353356,0.191463474986,-0.128021550738,-1.88305250045,0.0400698585625,2.06784517569,0.0623231831851,-0.460419289803,-1.30332817448,-0.0234225962092,-1.75830140707,-0.168633344015,0.485103223547,-0.447500293876,0.573432202474,0.819234185765,0.00340660253748,0.0,0.819207724791,-0.573366137531,-0.0114334105401,0.0,-0.0074135529692,0.009347180864,-0.999928832189,0.0,0.582942681788,0.157969734349,0.304338592246,1.0,-0.331329714286,-0.435461910204,1.399
