position_joint1,position_joint2,position_joint3,position_joint4,position_joint5,position_joint6,position_joint7,velocity_joint1,velocity_joint2,velocity_joint3,velocity_joint4,velocity_joint5,velocity_joint6,velocity_joint7,ee_T_00,ee_T_10,ee_T_20,ee_T_30,ee_T_01,ee_T_11,ee_T_21,ee_T_31,ee_T_02,ee_T_12,ee_T_22,ee_T_32,ee_T_03,ee_T_13,ee_T_23,ee_T_33,v_x,v_y,time
0.465082243763,0.547771790739,-0.123978674548,-1.35584716984,0.0796051097278,1.89410431035,0.159159046678,0.000338931601032,-0.000749616867205,-0.000955848049004,-0.00120281897224,-0.000389903056203,0.000133384354719,-0.000477454633767,0.573820380936,0.818966971308,0.00200430286325,0.0,0.818923506547,-0.573760574807,-0.0119933366302,0.0,-0.00867232358214,0.00852355582768,-0.999926067167,0.0,0.661664434464,0.260917570096,0.30321448781,1.0,0.0,0.0,0.0
0.465079880683,0.547777080452,-0.123981727741,-1.35584474072,0.0796067622925,1.8941012699,0.159157965059,0.000323419749973,0.000449967306388,-0.000643795512119,-0.000972826133398,0.000406445367049,0.00028560403484,-0.000533112149216,0.573826827323,0.818962461578,0.00200141722089,0.0,0.818918923972,-0.573766998017,-0.011998951962,0.0,-0.00867851117282,0.00852448309524,-0.999926005578,0.0,0.6616647874,0.260916042404,0.303210775055,1.0,-0.00022,-0.000289142857143,0.012
0.465078815517,0.547773906575,-0.123981755401,-1.35585365277,0.0796063966207,1.89410115687,0.159155983468,-0.000993964710173,-4.59304364925e-05,-0.00120030457107,-0.000411961270998,2.56984251824e-05,-0.000367718016445,-0.00151554066565,0.573823509203,0.818964803287,0.0019945336543,0.0,0.818921202752,-0.573763735876,-0.0119994157174,0.0,-0.00868287522399,0.00851907675307,-0.999926013768,0.0,0.661663791429,0.260912713379,0.30320973392,1.0,-0.00062,-0.000814857142857,0.032
0.465075549393,0.547762300081,-0.123978998623,-1.35586679279,0.0796070201155,1.89410564873,0.159159723322,-0.000245482300144,0.000670594011167,0.000141787753819,0.000216780215463,7.67772823475e-05,-0.000188656103216,-0.00313011317861,0.57382821425,0.818961496791,0.00199855082727,0.0,0.818917921985,-0.573768397113,-0.0120004344562,0.0,-0.00868135560265,0.00852300105882,-0.99992599352,0.0,0.661662166347,0.260911147132,0.303212002182,1.0,-0.00088,-0.00115657142857,0.045
0.465072702874,0.547631215498,-0.12397646861,-1.35600154103,0.0796058163942,1.89412737785,0.15916507575,-0.00344698420726,-0.00670579700697,-0.000148575021167,-0.0106933399415,-0.000121828389756,0.00362501347804,0.00135359209006,0.573840118119,0.818953102053,0.00202048925881,0.0,0.818909704213,-0.57378009911,-0.0120017129055,0.0,-0.00866969040516,0.00854182706927,-0.999925934086,0.0,0.661639306638,0.260897739197,0.303242529881,1.0,-0.00128,-0.00168228571429,0.065
0.465068401255,0.547510129642,-0.123981445172,-1.35617901921,0.0796055618393,1.89416037195,0.15915484331,-0.000882211760053,-0.00967446245499,-0.00114403181995,-0.0168851059613,0.000588010224864,0.00200155689674,-7.66584392903e-05,0.573848376811,0.818947349695,0.00200642967802,0.0,0.818903651967,-0.57378830195,-0.0120224890063,0.0,-0.00869468703014,0.0085423228584,-0.99992571281,0.0,0.661610672041,0.260874730253,0.303246862695,1.0,-0.0016,-0.00210285714286,0.081
0.465046361195,0.547338260692,-0.123977293991,-1.35640813799,0.0796014870883,1.89425719628,0.159144255205,-0.00228760833338,-0.0105728156672,0.000629586144486,-0.015566765741,0.000257884077946,0.0112706976515,-0.00200416151293,0.573866655235,0.818934442485,0.00204641682161,0.0,0.818891178224,-0.573806321076,-0.0120121198104,0.0,-0.00866305852292,0.00856931268589,-0.999925756393,0.0,0.66158701626,0.260843532491,0.303267819401,1.0,-0.00196,-0.002576,0.099
0.465034752288,0.547189969186,-0.123978714933,-1.35656170266,0.0795993417086,1.89434896594,0.159135114183,0.000269243001592,-0.0135768376518,-0.000391832666105,-0.0111738935611,0.000333640678066,0.00352176025916,-0.00124802743032,0.57387785718,0.818926396556,0.00212343203408,0.0,0.818884138674,-0.573817200831,-0.011972232878,0.0,-0.0085860810122,0.00860960992361,-0.999926074182,0.0,0.661577505411,0.260824648004,0.303307779437,1.0,-0.00222,-0.00291771428571,0.112
0.46499103658,0.546931632216,-0.123982177455,-1.3568955822,0.0795965605163,1.89451284422,0.159120839192,-0.00453961443587,-0.013902667398,-0.00200507677753,-0.0150167540628,-0.00103888225384,0.00480341538998,-0.000413966318239,0.573922548099,0.818894857192,0.00220647902117,0.0,0.818853611421,-0.573861474259,-0.0119381039127,0.0,-0.00851000243862,0.00865849703494,-0.999926302428,0.0,0.661552793545,0.260768173385,0.303346182906,1.0,-0.00264,-0.00346971428571,0.133
0.464965505409,0.546749611961,-0.123982170563,-1.35717061395,0.0795889762915,1.89461339927,0.15909700112,-0.00451755190093,-0.0199497553343,-0.00412832346486,-0.0166402218857,-1.40234104842e-05,0.0064104589447,-0.00102423087614,0.573937303559,0.818884484986,0.00221782215797,0.0,0.818843305459,-0.573876098717,-0.0119419985004,0.0,-0.00850652594105,0.00867017417292,-0.999926230827,0.0,0.661521640028,0.260726629073,0.303352908697,1.0,-0.0029,-0.00381142857143,0.146
0.464921119266,0.546427688036,-0.123979287195,-1.3576524343,0.0795802159115,1.89479596555,0.158963699589,0.000800511218511,-0.0166086197098,0.00068150028865,-0.0263774453866,0.000355240138203,0.0110469289187,-0.0135570992391,0.573887137392,0.818919555592,0.00224986805417,0.0,0.818878597821,-0.573825608721,-0.0119482093956,0.0,-0.00849375395371,0.00869945997604,-0.999926085038,0.0,0.661467388387,0.260656947673,0.303367302194,1.0,-0.0033,-0.00433714285714,0.166
0.464885611516,0.546199733865,-0.123981906863,-1.35801004338,0.0795712280196,1.89491567838,0.158926278923,-0.00205696813584,-0.0232704185933,-0.00178956629995,-0.0255931528187,-5.7884223671e-05,0.0108713156716,-0.00162118012843,0.573904950774,0.818907077287,0.00224792086667,0.0,0.818865975303,-0.573843306089,-0.0119633376996,0.0,-0.00850707135571,0.00870673227805,-0.99992590853,0.0,0.661425554811,0.260599156605,0.303368976709,1.0,-0.00356,-0.00467885714286,0.179
0.464826811641,0.545810983433,-0.123982866996,-1.3586868583,0.0795472132068,1.8951484876,0.158883048148,-0.00183883049908,-0.0185753223577,-0.000926509899686,-0.0343518346125,-0.000286017024933,0.00862888076295,-0.00409928585095,0.573949830425,0.818875730184,0.00220852249149,0.0,0.818833932334,-0.573888156385,-0.0120050872639,0.0,-0.00856339457009,0.00869889843647,-0.999925495944,0.0,0.66134371769,0.260496378524,0.303342297414,1.0,-0.00398,-0.00523085714286,0.2
0.464783742965,0.545541449777,-0.123981061265,-1.35914614685,0.0795181465589,1.89530590594,0.158796009172,-0.00467349022518,-0.0267552972374,-0.00418766317835,-0.0376144438861,-0.00337282647693,0.00999040971624,-0.0109219061887,0.573930484801,0.818889363957,0.00218062259179,0.0,0.818847175126,-0.573868902139,-0.0120222230392,0.0,-0.00859364453951,0.00868568417293,-0.999925351296,0.0,0.661289151087,0.260423933245,0.303328074001,1.0,-0.00424,-0.00557257142857,0.213
0.464711738538,0.545063715959,-0.123977569868,-1.35994879016,0.0794346348026,1.8955613567,0.158719846733,-0.00656192747876,-0.0267809200212,0.00126511122467,-0.0421264513406,-0.00175546561206,0.011040082822,-0.00667039434531,0.573947061954,0.818877948469,0.00210297100428,0.0,0.818834972261,-0.573886031092,-0.0120357144407,0.0,-0.008649081988,0.00863001530022,-0.999925355322,0.0,0.661190860603,0.260293143182,0.303306144362,1.0,-0.00464,-0.00609828571429,0.233
0.464660149959,0.54474865009,-0.123980355696,-1.36049526466,0.0794183485423,1.89575351796,0.15863825991,-0.00638852381475,-0.0183608335844,-6.76604499634e-05,-0.0451909420005,-0.000306206095829,0.0155703173912,-0.0112409395391,0.573950626989,0.818875515045,0.00207738760794,0.0,0.81883204005,-0.57388954075,-0.0120678128432,0.0,-0.00869001274686,0.00862752638735,-0.999925021923,0.0,0.661126825497,0.260207087931,0.303285801993,1.0,-0.0049,-0.00644,0.246
0.464586291467,0.544188708747,-0.123983203492,-1.36142397237,0.0793830064688,1.89608804493,0.158531968582,-0.00144162408128,-0.0271333691388,0.000206249247366,-0.0447283164266,-0.00201734508435,0.0191752904173,-0.00509616627219,0.573968483054,0.818863048946,0.00205777367112,0.0,0.818819115908,-0.573907279229,-0.0121011227472,0.0,-0.00872835902756,0.00863077365374,-0.999924659909,0.0,0.661016521542,0.260070697207,0.303269132188,1.0,-0.00532,-0.006992,0.267
0.464528882736,0.543792231423,-0.123982914592,-1.36205935809,0.0793568911645,1.89631237599,0.1584671031,-0.00681065317316,-0.0287135273378,0.000847971876423,-0.0490489058027,-0.00156869596494,0.0193808572431,-0.0135228335736,0.573990594305,0.818847564841,0.00205185378441,0.0,0.818803419317,-0.573929279924,-0.0121197798017,0.0,-0.00874680161507,0.00863687079236,-0.999924446108,0.0,0.660941802494,0.259973694008,0.303266686353,1.0,-0.00558,-0.00733371428571,0.28
0.464445038125,0.543176901344,-0.123989243396,-1.36306092734,0.0793049318858,1.89666423741,0.158326056057,-0.0038863536143,-0.0311450002729,0.000203304215493,-0.0537078741169,-0.00120820754914,0.0184419822897,-0.00980470820399,0.573990060119,0.818848004969,0.00202547376336,0.0,0.818803424908,-0.5739287733,-0.0121433701515,0.0,-0.00878126581637,0.00862880474902,-0.999924213678,0.0,0.660823700964,0.259819263519,0.303255991106,1.0,-0.00598,-0.00785942857143,0.3
0.4643850722,0.542741646463,-0.123987723275,-1.36375619703,0.0792664788389,1.89691062164,0.158219061366,-0.00134865984451,-0.0355195531144,0.000356456935046,-0.0576145399813,-0.00153658191514,0.0223119274682,-0.0114561373631,0.573978877609,0.818855866195,0.00201627329092,0.0,0.818811099219,-0.573917567521,-0.0121555085173,0.0,-0.00879660415524,0.00862811820318,-0.999924084784,0.0,0.660741489198,0.259714194754,0.303254234429,1.0,-0.00624,-0.00820114285714,0.313
0.464283809179,0.542005329996,-0.123995389376,-1.36489614766,0.0792031000563,1.89732991229,0.158077531496,-0.00319238981157,-0.0393883509284,-0.000436223823204,-0.0530790521161,-0.00680202400518,0.0214444717185,-0.0142831805091,0.573997735415,0.818842612345,0.00203047940198,0.0,0.818798010171,-0.573936339436,-0.012150873073,0.0,-0.00878445586208,0.00863729241589,-0.999924112378,0.0,0.660613286593,0.259535391724,0.303268961069,1.0,-0.00666,-0.00875314285714,0.334
0.46420371315,0.541475507457,-0.123995898111,-1.36569254808,0.0791590752377,1.89762319898,0.157969778934,-0.00603667726737,-0.0406631004664,0.000400693446013,-0.0586373120392,0.000305762478338,0.0174625892417,-0.010601296471,0.574007891691,0.818835429908,0.00205570046169,0.0,0.818791120012,-0.57394634627,-0.0121424994592,0.0,-0.00876301571099,0.00865324639966,-0.999924162566,0.0,0.660525366147,0.259407385243,0.303289942372,1.0,-0.00694,-0.00912114285714,0.348
0.464099294088,0.540672016081,-0.12399630369,-1.36692587072,0.0790832645784,1.8980815541,0.157823654396,-0.00921489113454,-0.0415240871449,0.000746249374574,-0.0608584313004,-0.00106394006574,0.0261209622991,-0.00996836100914,0.574022198735,0.818825342067,0.00207880939351,0.0,0.818781346618,-0.57396056239,-0.012129556964,0.0,-0.00873900227447,0.00866489213878,-0.999924271874,0.0,0.660384616581,0.259221167333,0.303310630785,1.0,-0.00734,-0.00964685714286,0.368
0.464017908249,0.540125119381,-0.123996335207,-1.36777004999,0.0790316764135,1.89839036481,0.157720562034,-0.00568940921621,-0.0406602136006,0.00438954147224,-0.0635118732953,-0.000699501671669,0.0266427189993,-0.00448910181641,0.574037407732,0.818814655948,0.00208821198494,0.0,0.818770779374,-0.573975724395,-0.0121254092667,0.0,-0.00873004791064,0.00867037238907,-0.999924302588,0.0,0.6602895537,0.259086985116,0.30332210188,1.0,-0.0076,-0.00998857142857,0.381
0.463903224546,0.539242691574,-0.124007275731,-1.36911856384,0.0789526707817,1.89890662521,0.157544044124,-0.00517174873653,-0.045352770914,-0.000159259981103,-0.0683272643577,-0.00146430275817,0.0222934480932,-0.00677114224161,0.574048062901,0.818807081082,0.00212893188016,0.0,0.818763790277,-0.57398625522,-0.0120988202404,0.0,-0.00868478925715,0.00868856393959,-0.999924538799,0.0,0.660140588294,0.258878677047,0.303348859944,1.0,-0.008,-0.0105142857143,0.401
0.463819317861,0.538676548519,-0.124005912325,-1.37001999601,0.0789066404306,1.89925552038,0.157434224985,-0.0052600781551,-0.0436926843602,0.000754536675091,-0.0743347949008,-0.000950322553014,0.0211618959057,-0.00526135641339,0.574065438189,0.81879484843,0.00214843268551,0.0,0.818751748884,-0.574003480767,-0.0120964733463,0.0,-0.00867148917344,0.00870336785749,-0.999924525484,0.0,0.660032994178,0.258727894806,0.303352001619,1.0,-0.00828,-0.0108822857143,0.415
0.46369030525,0.537696306628,-0.124019786554,-1.3715431633,0.0788103793036,1.89983682481,0.157250306457,-0.00289780223296,-0.0432896922383,-0.000907603036995,-0.0703083412514,-0.00144174271882,0.0271509111126,-0.0097627255171,0.574086762421,0.81877984115,0.00216975602464,0.0,0.818737138939,-0.574024830625,-0.012072201533,0.0,-0.00863914774933,0.00870711857218,-0.999924772777,0.0,0.659871387245,0.25850345772,0.303368091494,1.0,-0.00868,-0.011408,0.435
0.463606347561,0.537068677146,-0.124021218616,-1.37252963454,0.078755985032,1.90020157162,0.157126349129,-0.005827956354,-0.0478350985677,-0.000202234010084,-0.076688817084,-0.00795214056304,0.0230088047719,-0.0157472722867,0.574094842966,0.818774156677,0.00217681868114,0.0,0.818731496519,-0.574032829492,-0.0120745258921,0.0,-0.00863691065506,0.00871432084007,-0.99992472936,0.0,0.659757063296,0.258354312511,0.303373377714,1.0,-0.00894,-0.0117497142857,0.448
0.463471467075,0.536004590289,-0.124029585872,-1.37417153279,0.0786629158753,1.90081686262,0.156932676104,-0.00617223516037,-0.0512507024687,-0.00118463769282,-0.0881593303774,-0.00210271932686,0.0249942249577,-0.00887823073417,0.574118060503,0.818757789792,0.00220933476827,0.0,0.818715542199,-0.574055894139,-0.0120597788646,0.0,-0.00860592193338,0.00873272169651,-0.999924836015,0.0,0.659568810873,0.258106227216,0.303396604301,1.0,-0.00936,-0.0123017142857,0.469
0.463384463744,0.535327130777,-0.124032887707,-1.37525568938,0.0786017614753,1.9012040025,0.156793677883,-0.00136210213185,-0.0513256129466,-0.0011579433885,-0.0829644696292,-0.00353893508505,0.031399546385,-0.0101751240808,0.574120938573,0.818755812771,0.00219404824709,0.0,0.818713304964,-0.574058775121,-0.0120745137783,0.0,-0.00862673178438,0.00872869572926,-0.999924691849,0.0,0.659438702882,0.257943497556,0.303392320714,1.0,-0.00962,-0.0126434285714,0.482
0.463242504417,0.534267322177,-0.124028289654,-1.37696166588,0.078512049902,1.90182324146,0.156591182931,-0.00577257675491,-0.0488171967909,0.000489243529931,-0.0875275419132,-0.00729861686803,0.03314416293,-0.00660112472756,0.574137679466,0.818744115189,0.00217847699015,0.0,0.818701215826,-0.574075390247,-0.0121042314671,0.0,-0.00865982498279,0.0087331852676,-0.999924366593,0.0,0.659234106028,0.25769145839,0.303381563517,1.0,-0.01002,-0.0131691428571,0.502
0.463119212658,0.533395889605,-0.12403370967,-1.37835921834,0.0784321390144,1.90234338945,0.156409134863,-0.00750129601072,-0.0583961869117,0.000435123606424,-0.0895455582086,-0.00975000111701,0.0342104837802,-0.00655440065303,0.574148555325,0.818736501935,0.00217341177006,0.0,0.818693505058,-0.574086254884,-0.0121104760401,0.0,-0.00866772984709,0.00873273855496,-0.999924302003,0.0,0.659073031593,0.257474934919,0.303376244664,1.0,-0.01034,-0.0135897142857,0.518
0.462988178986,0.532458826656,-0.124030498196,-1.37989066145,0.0783463207031,1.90291547053,0.156217886201,-0.00783411818421,-0.0552656511898,0.000547692864247,-0.0921665964544,-0.00773861617338,0.0309016095503,-0.0121205184109,0.574160641609,0.818728070116,0.00215678741926,0.0,0.818684768284,-0.57409832316,-0.0121289911444,0.0,-0.00869230482509,0.00872988642347,-0.999924113581,0.0,0.658883156575,0.257232587118,0.303354203206,1.0,-0.0107,-0.0140628571429,0.536
0.462882676032,0.531648189628,-0.124028694419,-1.38118086037,0.0782793119348,1.90339137898,0.156054923671,-0.00134383926311,-0.0597113665216,0.00137890816408,-0.0908658206418,-0.00318889194692,0.0366845963752,-0.0158391121467,0.574161956682,0.818727140477,0.00215959413384,0.0,0.818683734575,-0.574099484506,-0.0121437858278,0.0,-0.00870279272213,0.00874069270851,-0.999923927951,0.0,0.658738733973,0.257056341696,0.303356051171,1.0,-0.01096,-0.0144045714286,0.549
0.46272766235,0.530527094384,-0.124033983198,-1.38300071002,0.0781662239847,1.90402803802,0.155817295138,-0.0061346854704,-0.0607068171825,-0.00117255674047,-0.0900264186046,-0.0057937982297,0.0302539143754,-0.018862680893,0.574166595522,0.818724032892,0.00210367603752,0.0,0.818679853779,-0.574104326005,-0.0121764847241,0.0,-0.00876161985446,0.00871373573669,-0.999923649499,0.0,0.658517760057,0.256774774558,0.303335212952,1.0,-0.01134,-0.014904,0.568
0.46261078237,0.529676668745,-0.124034308622,-1.38437148978,0.0780801221522,1.90453237826,0.155636443314,-0.00695709813566,-0.0550235082566,-0.000743107510686,-0.104401341021,-0.00275315593106,0.0389379178716,-0.00605893851349,0.574165834694,0.818724608447,0.00208726956463,0.0,0.818680214557,-0.574103637766,-0.0121846747025,0.0,-0.00877775297374,0.00870499781422,-0.999923584113,0.0,0.65835528824,0.256566362368,0.30332556917,1.0,-0.01162,-0.015272,0.582
0.46243793667,0.528326389161,-0.124040633161,-1.38644768658,0.0779594529024,1.90531662505,0.155354830686,-0.00792729119729,-0.0608326741113,-0.000263165818967,-0.0998769368178,-0.000490993088704,0.0367526662289,-0.00873900121186,0.574161511142,0.818727510409,0.00213769142825,0.0,0.818683768457,-0.574099084889,-0.0121603822121,0.0,-0.00872896082098,0.0087322848248,-0.999923773317,0.0,0.658114026989,0.256253858697,0.303356390585,1.0,-0.01204,-0.015824,0.603
0.46232701091,0.52746262376,-0.124038209365,-1.38778389658,0.077864056298,1.90583264892,0.155149241782,-0.00692626819206,-0.0695846642894,-9.74968055403e-05,-0.109096039107,-0.0109438598305,0.0407240191724,-0.0165971821457,0.574129016471,0.818750221163,0.0021667239439,0.0,0.818706995518,-0.574066605111,-0.0121299335459,0.0,-0.00868770918005,0.00873822710474,-0.999924080666,0.0,0.65795988786,0.256054584029,0.303373051687,1.0,-0.0123,-0.0161657142857,0.616
0.462148093341,0.526022978418,-0.124043546273,-1.39000773713,0.0777306694427,1.90666089557,0.154868131582,-0.00860049852025,-0.0747238246804,0.000137692136143,-0.104602800465,0.000268329448814,0.0337770424816,-0.0174819694195,0.574133320579,0.818747105497,0.00220325728716,0.0,0.818704357472,-0.574070751373,-0.0121117453558,0.0,-0.00865179746014,0.0087577415344,-0.999924221311,0.0,0.657695899853,0.255723318668,0.303399572022,1.0,-0.01272,-0.0167177142857,0.637
0.462037035021,0.525194086335,-0.124046739974,-1.39129983754,0.0776423575691,1.90713006239,0.154695618702,-0.00762880161636,-0.0682527507378,0.00039994997372,-0.106201114195,-0.0104348331602,0.0412155686605,-0.015330585648,0.574130982092,0.818748748094,0.00220222576771,0.0,0.818706060835,-0.574068492764,-0.0121036552069,0.0,-0.00864579057908,0.00875222754169,-0.999924321546,0.0,0.657541939443,0.255523498835,0.303408380084,1.0,-0.01296,-0.0170331428571,0.649
0.461844250526,0.52374677859,-0.124055261798,-1.39362837847,0.0774996039299,1.90797440301,0.154370471952,-0.0143934745906,-0.0686053500475,-0.00131207188964,-0.107454594204,-0.00809022691949,0.0453106880791,-0.0182350706609,0.574115317576,0.818759825704,0.00216721912846,0.0,0.818716660691,-0.574052960327,-0.0121233307325,0.0,-0.0086821647597,0.00873469645137,-0.999924159671,0.0,0.657260135532,0.255168612971,0.303391255117,1.0,-0.01338,-0.0175851428571,0.67
0.461732377003,0.522812997119,-0.124054617789,-1.39511845378,0.0774144932447,1.90854458508,0.154171661991,-0.0100396060047,-0.07377487209,-0.00141285973421,-0.117482130929,-0.00637411969422,0.0449970381882,-0.0164292709608,0.574100855716,0.818769931019,0.00218046449377,0.0,0.818726890409,-0.574038394097,-0.0121222079516,0.0,-0.00867379602939,0.00874474323622,-0.999924144487,0.0,0.657080826467,0.254955753848,0.303387811768,1.0,-0.01364,-0.0179268571429,0.683
0.461534524649,0.521358412409,-0.1240555297,-1.39743998085,0.0772667008267,1.90945458267,0.153853465523,-0.00934048556468,-0.0752878633147,0.000544321097651,-0.116590603455,-0.00700791281295,0.0433281537476,-0.0175968249563,0.574089421429,0.818777821847,0.00222745534121,0.0,0.818735482403,-0.574026848374,-0.012088593878,0.0,-0.00861941934572,0.00876379931891,-0.999924447862,0.0,0.656799974854,0.254590260425,0.303395950438,1.0,-0.01406,-0.0184788571429,0.704
0.461388432509,0.520293134497,-0.124053772233,-1.39910688452,0.077167412519,1.91005524108,0.153634818902,-0.0130060955402,-0.0780572174931,0.000313464787419,-0.115562406942,-0.0118384518952,0.0383922179831,-0.00783844023467,0.57408909382,0.818778097086,0.00221065385342,0.0,0.818735479099,-0.574026532484,-0.0121038080603,0.0,-0.00864152534128,0.00875877357646,-0.999924301097,0.0,0.656609017634,0.254352514824,0.303390613245,1.0,-0.01432,-0.0188205714286,0.717
0.461193391452,0.518717397436,-0.124062060178,-1.40156305277,0.077007370908,1.91093038625,0.15331395429,-0.00446590076647,-0.0745991882177,5.07092811756e-05,-0.125304613981,-0.00785559904044,0.0404042151076,-0.0154453450107,0.57407914745,0.818785101485,0.00219930659904,0.0,0.818742381643,-0.574016682948,-0.0121040117116,0.0,-0.00864831228572,0.00874949470188,-0.999924323655,0.0,0.656304864533,0.253982359239,0.303403886896,1.0,-0.01472,-0.0193462857143,0.737
0.461045464581,0.517607963676,-0.124064625145,-1.40330060771,0.076902446033,1.91155686888,0.15306806533,-0.0088294692779,-0.0792871111618,0.006328854792,-0.125419463896,-0.00547047876384,0.039693675186,-0.0183471331155,0.574064541355,0.818795345002,0.00219824085596,0.0,0.81875256166,-0.574002033166,-0.0121101443732,0.0,-0.00865410173766,0.00875198831021,-0.999924251743,0.0,0.65609173187,0.253717690302,0.303409788576,1.0,-0.015,-0.0197142857143,0.751
0.460825517891,0.516030925999,-0.124071578056,-1.40582494859,0.0767411985296,1.91249532301,0.152720051339,-0.0127734103314,-0.0732449220784,-0.000356432284217,-0.127568700167,-0.00885470853221,0.04562126703,-0.00542793910146,0.574054708175,0.818802279009,0.00218330335694,0.0,0.818759356604,-0.573992322099,-0.0121110299419,0.0,-0.00866350635325,0.00874016208601,-0.999924273745,0.0,0.655788378222,0.253328083569,0.303396076718,1.0,-0.0154,-0.02024,0.771
0.46068556094,0.514978686431,-0.124075548086,-1.4075023062,0.0766360496759,1.91312558806,0.152483272375,-0.0122770077377,-0.0823376031876,-0.000784611314804,-0.128535996189,-0.00821493764111,0.0470866583063,-0.0208509005328,0.574038450357,0.818813675247,0.00218395089756,0.0,0.818770787935,-0.573976090471,-0.0121074890901,0.0,-0.0086604087816,0.00873848771516,-0.999924315212,0.0,0.655585823142,0.253074507653,0.303390257313,1.0,-0.01566,-0.0205817142857,0.784
0.460449148936,0.513259250849,-0.124081055637,-1.4103030923,0.0764649933857,1.914099292,0.152117746652,-0.00966747961257,-0.0765652645721,-0.00175920881616,-0.131679653268,-0.00610725894914,0.0470972562632,-0.0148493268219,0.5740374914,0.818814589895,0.00209111059882,0.0,0.818770345972,-0.573975393008,-0.0121702784785,0.0,-0.00876512430927,0.00869850294901,-0.999923751414,0.0,0.655229967401,0.25264503099,0.303346864583,1.0,-0.01608,-0.0211337142857,0.805
0.460296924991,0.512149360637,-0.124086231851,-1.4120606504,0.0763554330807,1.91472774379,0.151849786688,-0.0111304070618,-0.0906171904843,-0.00119888180725,-0.136128839869,-0.0140023616169,0.0466160766982,-0.0259508946019,0.574008844535,0.81883471849,0.0020729427708,0.0,0.818790209659,-0.573946803317,-0.0121822177543,0.0,-0.00878563311932,0.00869017329569,-0.999923643854,0.0,0.655011757897,0.252373255507,0.303342463688,1.0,-0.01634,-0.0214754285714,0.818
0.46006810399,0.510451286295,-0.124087534554,-1.41478023554,0.076193509043,1.91576725439,0.151475409446,-0.0118760208873,-0.0842197650144,-0.00063824716366,-0.140208408105,-0.0053085347214,0.0591151317521,-0.0205176825107,0.573989396078,0.818848315254,0.00208727015576,0.0,0.818803956291,-0.573927256619,-0.012179169629,0.0,-0.0087751202458,0.00869994678238,-0.999923651181,0.0,0.654682333832,0.251966546956,0.30332722672,1.0,-0.01674,-0.0220011428571,0.838
0.459916639597,0.509310862036,-0.124085115526,-1.41657437782,0.0760866116671,1.91642468051,0.151224468392,-0.0103987251562,-0.0927368965769,0.0036972777911,-0.134144046841,-0.00634875545678,0.0523573848051,-0.0233586120543,0.573970847259,0.818861303991,0.00209242052137,0.0,0.818816930839,-0.57390860647,-0.0121857331432,0.0,-0.0087777361848,0.00870773257686,-0.999923560449,0.0,0.654458564096,0.251698240695,0.30332834643,1.0,-0.017,-0.0223428571429,0.851
0.459655239056,0.507430068858,-0.124082997622,-1.41953686969,0.0758948697886,1.91748372658,0.150801978406,-0.016789324443,-0.0922118067003,0.00204785045176,-0.148080899802,-0.00859168927781,0.0531791785432,-0.018580847724,0.573939145278,0.818883583946,0.00206890383835,0.0,0.818838867835,-0.573876978423,-0.0122011909474,0.0,-0.00880422819666,0.0086970074247,-0.999923420882,0.0,0.654086577016,0.251242608813,0.303325691417,1.0,-0.01742,-0.0228948571429,0.872
0.459500786201,0.506329836955,-0.124095971098,-1.42124646001,0.075786777718,1.91812487533,0.150566739643,-0.0160943298751,-0.0996528752611,-1.92549507623e-05,-0.141822487046,-0.00888330609177,0.0482670430505,-0.0169229132782,0.573942920522,0.818880841164,0.00210685972831,0.0,0.818836685948,-0.573880648271,-0.012174981989,0.0,-0.00876094214086,0.00871308651165,-0.999923661094,0.0,0.653864970521,0.250949423324,0.303347901587,1.0,-0.01768,-0.0232365714286,0.885
0.459224161946,0.504316886252,-0.124103925782,-1.42430513021,0.0755995719439,1.91928995817,0.150154127578,-0.0123374736953,-0.0876337371797,-0.00365067029648,-0.145723725644,-0.00829365956772,0.048146175364,-0.0214745293593,0.573943314838,0.818880346988,0.00218987925092,0.0,0.818837353117,-0.573880756035,-0.0121249286499,0.0,-0.00867230318859,0.00875234518073,-0.999924090925,0.0,0.653514647975,0.250498537621,0.303389252764,1.0,-0.01808,-0.0237622857143,0.905
0.459043490669,0.503028328494,-0.124114477609,-1.42619494674,0.0754758999821,1.92001203796,0.149883209404,-0.0131420904158,-0.105738779319,-0.00298027258182,-0.14093130719,-0.00917125566507,0.0575937911816,-0.0192153381749,0.573940626947,0.818881965796,0.00228686156714,0.0,0.818840391302,-0.573877811539,-0.0120589343319,0.0,-0.00856262959684,0.00879385626026,-0.999924671896,0.0,0.653292888934,0.250196067081,0.303452527499,1.0,-0.01834,-0.024104,0.918
0.458753830022,0.500917703506,-0.124108154475,-1.42935647065,0.075278596255,1.92112220973,0.14944719052,-0.0153443797149,-0.106096999517,0.00136660907967,-0.152383067943,-0.00871294031359,0.0461530937605,-0.016494368204,0.573924271754,0.818893273924,0.00234160538201,0.0,0.818852292564,-0.573861105073,-0.0120458269881,0.0,-0.00852065449625,0.00883099144112,-0.999924703184,0.0,0.652890654182,0.249706901267,0.303516941132,1.0,-0.01876,-0.024656,0.939
0.45856871508,0.499611103046,-0.124113903948,-1.43133926226,0.0751416867996,1.92184737493,0.149167594761,-0.0159108452569,-0.0985666156876,-0.000323781943628,-0.156411493441,-0.00297397799575,0.0592347433561,-0.0307696350205,0.573914870012,0.818899767536,0.00237478611154,0.0,0.818859343008,-0.573851696679,-0.0120147196441,0.0,-0.00847623927811,0.00884021225936,-0.999924999195,0.0,0.652646580979,0.249391862971,0.303547704541,1.0,-0.01902,-0.0249977142857,0.952
0.458278688893,0.497655273918,-0.124113883762,-1.43444055998,0.0749498606487,1.92300340684,0.148720485953,-0.0161405475439,-0.0963718343103,0.000223061982856,-0.145090625852,-0.0106144640216,0.0604036812272,-0.0146996673378,0.573897115954,0.818912187283,0.00238258700956,0.0,0.818871776408,-0.573833821049,-0.0120210866693,0.0,-0.00847716858197,0.0088500706184,-0.999924904112,0.0,0.652242916216,0.248876805302,0.303537523105,1.0,-0.01944,-0.0255497142857,0.973
0.458020469997,0.496089367008,-0.12411342556,-1.43697393699,0.0747946013742,1.92388973482,0.148340268046,-0.0152996869532,-0.0981144514957,0.00451185961035,-0.159947524916,-0.00804745490335,0.0471202169544,-0.0297876500359,0.573878111647,0.818925701247,0.00231424075917,0.0,0.818884280936,-0.573814980525,-0.0120685318981,0.0,-0.00855544965044,0.00882113151014,-0.999924493109,0.0,0.651939980027,0.248495307739,0.303498011418,1.0,-0.01974,-0.025944,0.988
0.457735124447,0.494306464228,-0.124117451904,-1.43988581865,0.0746219040515,1.9248934272,0.147931142142,-0.0156397634749,-0.102906866337,0.00250232240822,-0.162673789656,-0.00818252605217,0.0527388600864,-0.0242602399848,0.573879660828,0.818924899384,0.00221155110506,0.0,0.818881884853,-0.573816709369,-0.0121486463677,0.0,-0.00867997114295,0.0087830292949,-0.999923755342,0.0,0.651562396435,0.248025568139,0.303441158259,1.0,-0.0245514285714,-0.0322675918367,1.006
0.45747744193,0.492386063847,-0.124196113715,-1.44268576098,0.0744589373948,1.9259333,0.14752164646,-0.017015563173,-0.166035788668,-0.0050650442393,-0.244689665337,-0.022599740795,0.0953488166331,-0.0400985836623,0.573908652818,0.818904229107,0.00233851916888,0.0,0.818863152893,-0.573845444445,-0.0120536145774,0.0,-0.00852897159082,0.00883277094167,-0.999924616559,0.0,0.651230837735,0.247549159569,0.303537541398,1.0,-0.0364371428571,-0.0478888163265,1.019
0.456925669942,0.487886403168,-0.124251235058,-1.44974941853,0.0741130735997,1.92866401682,0.146449733722,-0.0335440514657,-0.257915916684,-0.000532275383774,-0.392142997618,-0.0157507512835,0.145641383824,-0.0533294353827,0.573784313013,0.818990840776,0.00251232290943,0.0,0.818951537794,-0.573719887709,-0.0120256431637,0.0,-0.00840768386203,0.00895776857616,-0.999924531769,0.0,0.650340868677,0.246508646209,0.303542904697,1.0,-0.0556371428571,-0.0731231020408,1.04
0.456370277868,0.484074023581,-0.124333994457,-1.45576768767,0.0737621172785,1.93094335905,0.145529303131,-0.0434443483767,-0.312777556917,-0.00650324081837,-0.497544017859,-0.0265725856364,0.17781516218,-0.0781358181485,0.57374903348,0.819015392614,0.0025651790229,0.0,0.818976906023,-0.57368453669,-0.0119844342554,0.0,-0.00834399323543,0.00897705278653,-0.999924892329,0.0,0.649597816143,0.245533955755,0.303525915695,1.0,-0.0675228571429,-0.0887443265306,1.053
0.455167976858,0.476292771825,-0.124548142323,-1.46818788049,0.0730194147996,1.93519941592,0.143674147517,-0.0613609517723,-0.406555747935,-0.00690641257579,-0.64956955171,-0.0348871332261,0.217329881531,-0.0971033101167,0.573774277615,0.818998712343,0.002221357352,0.0,0.818955480781,-0.573710947755,-0.0121826034208,0.0,-0.00870328704813,0.00880942686418,-0.999923320457,0.0,0.647976494913,0.243429412688,0.303382938887,1.0,-0.0867228571429,-0.113978612245,1.074
0.454325216254,0.470955150516,-0.124662982476,-1.47656749725,0.0725219283772,1.93813418466,0.142468938666,-0.0738497437728,-0.460104916983,-0.0107351954729,-0.7062465978,-0.0362229131198,0.258952397317,-0.105262334137,0.573829261199,0.818960439412,0.00212710383848,0.0,0.818915749734,-0.573766118007,-0.0122549404528,0.0,-0.00881602104188,0.00877433119376,-0.99992264145,0.0,0.646883158795,0.242014175975,0.303343530877,1.0,-0.0976942857143,-0.128398204082,1.086
0.45256333448,0.460089382786,-0.124812637328,-1.493178972,0.0714926562289,1.94426710257,0.139809979198,-0.0936134981491,-0.549121992242,-0.00326602611443,-0.834628077004,-0.0590146242463,0.298269104873,-0.123190812307,0.573709616716,0.819043381462,0.00244169465988,0.0,0.819003003521,-0.573645328839,-0.0120774097086,0.0,-0.00849141923704,0.00892885326304,-0.999924082808,0.0,0.644756874433,0.239217913154,0.303465486331,1.0,-0.116894285714,-0.153632489796,1.107
0.451242985156,0.452468030142,-0.124961515291,-1.50502730119,0.0707474774721,1.94832380448,0.137959913636,-0.11013312085,-0.611985670609,-0.013919960471,-0.931965895397,-0.0606923966553,0.328389659549,-0.149551587325,0.573728372864,0.819030689323,0.00228714228719,0.0,0.818988002829,-0.573664440688,-0.0121863699821,0.0,-0.00866912571337,0.00886497899325,-0.999923126249,0.0,0.643168147497,0.237138304043,0.303421128808,1.0,-0.12878,-0.169253714286,1.12
0.448778046924,0.43859126094,-0.125155014302,-1.52622146456,0.0692995917637,1.9557844317,0.134671576335,-0.124696245452,-0.682221813722,-0.00629412801881,-1.065309107,-0.0696202231289,0.358774473158,-0.163128431795,0.573750389769,0.819015103049,0.00234480659382,0.0,0.818973703602,-0.573686756112,-0.01209651069,0.0,-0.00856220530978,0.00886088326308,-0.999924083812,0.0,0.640325244175,0.233404298139,0.303488139021,1.0,-0.14798,-0.194488,1.141
0.447022903954,0.429046134326,-0.125276786116,-1.54051431721,0.0683696242953,1.9607753371,0.132314861077,-0.135942927057,-0.759835162441,-0.0105248655143,-1.12801712245,-0.0762404082092,0.38515407906,-0.180086783897,0.573716074791,0.819038531818,0.00254869068088,0.0,0.818999634531,-0.573651438181,-0.0120155321341,0.0,-0.0083792850508,0.00898105358181,-0.999924561284,0.0,0.638376889879,0.2308475905,0.303629821543,1.0,-0.159865714286,-0.21010922449,1.154
0.443950513222,0.413253240339,-0.125502992346,-1.56414864782,0.0666559843466,1.96908337015,0.128362178981,-0.15806793818,-0.826161887384,-0.0144314759375,-1.21967683864,-0.0974891514728,0.445690917898,-0.211869705221,0.573682639223,0.819060981861,0.00284329899785,0.0,0.819027144035,-0.573618249312,-0.0117212751524,0.0,-0.00796962438156,0.0090532054246,-0.999927259634,0.0,0.635138392402,0.226490656585,0.303826757019,1.0,-0.178151428571,-0.234141877551,1.174
0.441703243813,0.402334135649,-0.125602218066,-1.58071454004,0.0655400866652,1.97469332179,0.125570032855,-0.179481959034,-0.823583138063,-0.0104964474112,-1.28995500404,-0.0834455898271,0.417972218626,-0.22505847493,0.573674943574,0.819066466761,0.00281585572899,0.0,0.819031629596,-0.573609925625,-0.0118148147373,0.0,-0.00806207098692,0.00908431298537,-0.999926236414,0.0,0.632765575984,0.223424620517,0.303807770054,1.0,-0.190037142857,-0.249763102041,1.187
0.437641823947,0.383301231333,-0.125833924158,-1.60899765026,0.0635216477721,1.98429857698,0.120628142857,-0.204193135053,-0.925851310157,-0.00706809417222,-1.37396385099,-0.0979537464518,0.446226426511,-0.251990723579,0.573663222764,0.819073765081,0.00306938194347,0.0,0.819042290548,-0.573597396826,-0.0116833021826,0.0,-0.00780904716302,0.00921641184466,-0.999927035606,0.0,0.628682934821,0.21803112288,0.303969942348,1.0,-0.209237142857,-0.274997387755,1.208
0.434839675096,0.37070461242,-0.125999226132,-1.62758141849,0.0621223307416,1.99052522041,0.117269196441,-0.221705618713,-0.986056015654,-0.0155278516128,-1.45077394301,-0.110392156565,0.479447767649,-0.263340242905,0.573624166789,0.819100559727,0.00321484551509,0.0,0.819071358533,-0.57355833574,-0.0115625272291,0.0,-0.00762711792755,0.00926591132879,-0.999927982386,0.0,0.625940821307,0.214403763423,0.30407974244,1.0,-0.221122857143,-0.290618612245,1.221
0.429999823569,0.350549584528,-0.126248640344,-1.65759371343,0.0597840499139,2.00030743469,0.111802057518,-0.255415893391,-1.02142210353,-0.0131313273783,-1.56426905556,-0.121772745613,0.491126354092,-0.288558146185,0.573684381882,0.819059023968,0.00304830158747,0.0,0.819027928727,-0.573619393389,-0.0116099266052,0.0,-0.00776079966552,0.00915725400901,-0.999927954749,0.0,0.621383719017,0.20837314607,0.304025157423,1.0,-0.239408571429,-0.314651265306,1.241
0.426555755141,0.336710702609,-0.126429454032,-1.67772065616,0.0582992337628,2.00685864568,0.107951630802,-0.267901071586,-1.05290480735,-0.0112227018073,-1.57882183819,-0.111146220822,0.49289069096,-0.297807464337,0.573734296585,0.819023220154,0.00326629345204,0.0,0.818994532259,-0.573668102614,-0.0115590256243,0.0,-0.0075934882196,0.00930706510357,-0.999927856136,0.0,0.618280255085,0.204246765445,0.304139144899,1.0,-0.251294285714,-0.330272489796,1.254
0.420519777033,0.313403812404,-0.126652110328,-1.71182078898,0.0554761425607,2.01765169319,0.101236398129,-0.303029394371,-1.11939958551,-0.00861510792564,-1.628209788,-0.146665000884,0.508144755211,-0.337391941195,0.573576475581,0.819134240876,0.0031414940902,0.0,0.819104246847,-0.573511073433,-0.0115770612453,0.0,-0.00768163352217,0.00921371853005,-0.99992804736,0.0,0.612820128429,0.197184397891,0.304100536986,1.0,-0.270494285714,-0.35550677551,1.275
0.416480392222,0.298306092564,-0.126799478322,-1.73362508793,0.0536827033138,2.02445396354,0.0967697745011,-0.317936389225,-1.15861314984,-0.0131501913979,-1.72026191465,-0.134595414935,0.511509476745,-0.344820721159,0.573436814065,0.819231889057,0.00317476427005,0.0,0.819202159257,-0.573371123657,-0.0115811798393,0.0,-0.00766750130358,0.00924202655299,-0.999927894585,0.0,0.609235353588,0.192602209431,0.304117003546,1.0,-0.28238,-0.371128,1.288
0.409538325918,0.274215020839,-0.127064246964,-1.76799519366,0.0508148931898,2.03482347523,0.0894724264514,-0.366259433603,-1.22552101706,-0.0152850140587,-1.72480962929,-0.141664005612,0.502313829672,-0.375817186842,0.573403162834,0.819255325451,0.00320491379248,0.0,0.819225264744,-0.573336508563,-0.0116602081752,0.0,-0.0077153421036,0.00931172587666,-0.999926879955,0.0,0.603454578374,0.185074047078,0.304174042886,1.0,-0.300665714286,-0.395160653061,1.308
0.404584855138,0.25793716741,-0.127325703505,-1.790996397,0.0487706143147,2.04174967895,0.0843965454431,-0.394329557192,-1.24165778841,-0.0227579699705,-1.7702558648,-0.163122163647,0.525749746629,-0.397854493283,0.573438112103,0.819230547237,0.00328465547876,0.0,0.819201995476,-0.573371775695,-0.0115604647944,0.0,-0.00758750323841,0.00932018687189,-0.999927779348,0.0,0.599536515877,0.179848466135,0.304222292444,1.0,-0.312551428571,-0.410781877551,1.321
0.395874604219,0.230759600885,-0.1277326066,-1.82880670544,0.0453356540395,2.05292303054,0.0756788925462,-0.423559133483,-1.32866993755,-0.0152498604927,-1.81906490154,-0.170337666134,0.552364455581,-0.432595379857,0.573505076066,0.819182318216,0.00360612675684,0.0,0.819158631474,-0.57343870065,-0.0113110556451,0.0,-0.00719806272799,0.00944111945797,-0.999929524095,0.0,0.592936290264,0.171040341775,0.304383023582,1.0,-0.331751428571,-0.436016163265,1.342
0.390081396135,0.213419619534,-0.127925455541,-1.85274266293,0.0431344856362,2.0596885107,0.069866439217,-0.455457294285,-1.3630176389,-0.01710309122,-1.83838433032,-0.17986400059,0.542296658061,-0.451491783398,0.573405959463,0.819251251468,0.00370668611055,0.0,0.81922856943,-0.573338944894,-0.0113027517982,0.0,-0.00713474341799,0.00951787164764,-0.999929250275,0.0,0.588589581732,0.16540573188,0.304433638169,1.0,-0.343637142857,-0.451637387755,1.355
0.379854807238,0.184545638462,-0.128386347966,-1.89231411625,0.03929276508,2.07033495585,0.0598525238499,-0.506020344221,-1.37731415466,-0.0266764454032,-1.90996153458,-0.185402551843,0.490084408136,-0.497550387101,0.573359804427,0.819284235298,0.00355293693094,0.0,0.819259240791,-0.5732927867,-0.0114203326642,0.0,-0.00731976632773,0.00945891822895,-0.999928472385,0.0,0.581182237494,0.155738348689,0.304411850901,1.0,-0.362837142857,-0.476871673469,1.376
0.373416575312,0.167643849452,-0.128754020829,-1.91519245472,0.0370854408466,2.07635340698,0.0537546554018,-0.539461510517,-1.41970631859,-0.0286321055129,-1.93760482271,-0.185825436854,0.48931014153,-0.511931245756,0.573540007003,0.819158145453,0.0035411871544,0.0,0.819132640954,-0.573472536851,-0.0114766241384,0.0,-0.00737053847009,0.00948318765536,-0.999927869556,0.0,0.576450180575,0.149385512372,0.304409589159,1.0,-0.374722857143,-0.492492897959,1.389
0.361412669412,0.137125742052,-0.12929891998,-1.95569067695,0.032798772984,2.08664077478,0.0423952003382,-0.598429169981,-1.46882776149,-0.0256425515027,-1.92356159555,-0.202497861138,0.500284406533,-0.560313596078,0.57350874137,0.819179568106,0.00364769399203,0.0,0.819156024233,-0.573441736485,-0.0113459120906,0.0,-0.0072027380642,0.00949519308278,-0.999928978414,0.0,0.568872774941,0.13937833273,0.304505097927,1.0,-0.393008571429,-0.51652555102,1.409
