position_joint1,position_joint2,position_joint3,position_joint4,position_joint5,position_joint6,position_joint7,velocity_joint1,velocity_joint2,velocity_joint3,velocity_joint4,velocity_joint5,velocity_joint6,velocity_joint7,ee_T_00,ee_T_10,ee_T_20,ee_T_30,ee_T_01,ee_T_11,ee_T_21,ee_T_31,ee_T_02,ee_T_12,ee_T_22,ee_T_32,ee_T_03,ee_T_13,ee_T_23,ee_T_33,v_x,v_y,time
0.465069054788,0.547828535202,-0.123981767093,-1.35577160709,0.0795028219432,1.89408603795,0.159167536146,0.00105979829752,-0.00132428482681,-0.000429995052721,3.47825038471e-07,0.000522120984361,-0.000409744599752,0.000385283523134,0.573809038055,0.818975063033,0.00194444804,0.0,0.818931826006,-0.573750471048,-0.0119083259743,0.0,-0.00863716032865,0.00842563767576,-0.999927201396,0.0,0.661686504723,0.260897457177,0.30320857802,1.0,0.0,0.0,0.0
0.46506669167,0.547830025574,-0.123981834322,-1.35577365181,0.0794989125463,1.89408685176,0.159168349892,0.000216401369092,-0.00120200728981,-0.00100661424283,0.000110248178645,0.000202352871941,0.00391011564463,0.0014209695616,0.573810770759,0.818973859742,0.00193992826103,0.0,0.818930599033,-0.573752256613,-0.0119066745819,0.0,-0.00863838333724,0.00842100686237,-0.999927229841,0.0,0.661687009798,0.260895013323,0.303206614723,1.0,-0.00018,-0.000236571428571,0.01
0.465064029754,0.547830707852,-0.123979089236,-1.35577981519,0.0795007889005,1.89409014841,0.159167417984,-0.000744325741956,0.000925382975434,8.22270460481e-05,-0.000168312923253,-0.00020570856292,0.00401700516592,-0.00232759053334,0.573811127436,0.818973612866,0.00193864959365,0.0,0.818930301953,-0.57375258586,-0.0119112410335,0.0,-0.00864285328722,0.00842258370455,-0.999927177934,0.0,0.661686194286,0.260894627256,0.303203396892,1.0,-0.00054,-0.000709714285714,0.028
0.465063080884,0.547799569784,-0.123984950568,-1.35580390228,0.079499766086,1.89408917816,0.159168349892,-0.00127618034414,-0.00267158010659,-0.000745057627405,-0.00278784499195,-0.000347055489267,-0.000152023183626,0.000539674272374,0.573817745252,0.818968964781,0.00194341465068,0.0,0.818925729898,-0.573759196687,-0.011907141955,0.0,-0.00863669397475,0.00842420380237,-0.999927217505,0.0,0.661682955145,0.260887927039,0.303214099342,1.0,-0.0009,-0.00118285714286,0.046
0.465068765929,0.547709681535,-0.123977129916,-1.35590210337,0.0794973197189,1.89411193214,0.159162753058,0.000483927441779,-0.0129522957123,0.00128220817888,-0.0117961202158,0.000184026513815,0.00569657110014,0.000506025655701,0.573807754212,0.81897592364,0.00196076651071,0.0,0.818932825111,-0.573749047367,-0.0119082115781,0.0,-0.00862771676875,0.00843892267573,-0.999927170892,0.0,0.661664218162,0.260886890936,0.303232750983,1.0,-0.00122,-0.00160342857143,0.062
0.465066932649,0.547572451601,-0.123979425224,-1.35608129045,0.0794942194437,1.89413933884,0.159159623932,0.00101161252461,-0.0122107065043,-0.000186298175795,-0.0153523514248,6.29625385109e-05,0.000931828289755,0.000652457599326,0.573817203511,0.818969319192,0.00195399028256,0.0,0.81892602243,-0.573758416184,-0.0119246193088,0.0,-0.00864494542916,0.00844288774642,-0.999926988617,0.0,0.661633408048,0.260866237982,0.303247128919,1.0,-0.00154,-0.002024,0.078
0.465047175754,0.547428664648,-0.123982272543,-1.35628758558,0.0794912054021,1.89422640747,0.159148197552,-0.000420112764812,-0.0096818192237,0.000840117312495,-0.00651555179828,-0.000161804505733,0.00137970621597,-0.0010000154487,0.57383682849,0.818955508359,0.00197901446795,0.0,0.818912481356,-0.573777879693,-0.0119180348478,0.0,-0.00862499161991,0.00845980984502,-0.999927017905,0.0,0.661613250671,0.260834348463,0.303258445705,1.0,-0.00188,-0.00247085714286,0.095
0.465026892606,0.547261243334,-0.123982413172,-1.35648603197,0.0794883521388,1.89435221972,0.159145158344,-0.000438690715057,-0.0152332655524,-0.000693813719265,-0.0142992718896,0.000363713607504,0.00574678422378,0.000542189328261,0.573861698863,0.818937873144,0.00206334932468,0.0,0.818895937097,-0.573802394369,-0.0118744820342,0.0,-0.0085406727133,0.00850414254318,-0.999927365597,0.0,0.661602753212,0.260807589929,0.303293510311,1.0,-0.0022,-0.00289142857143,0.111
0.465002046748,0.547061421711,-0.123977393208,-1.35673882497,0.0794855733886,1.8944681961,0.159123865049,-0.00599802026288,-0.00571489970783,0.000817125918059,-0.0142807506946,7.62553027629e-06,0.00746515192108,-0.00229472599035,0.573874603767,0.818928672311,0.00212502230497,0.0,0.81888743435,-0.573814945131,-0.0118543455943,0.0,-0.00848865737432,0.0085432264277,-0.999927475359,0.0,0.661578672656,0.260774111224,0.303324625636,1.0,-0.00254,-0.00333828571429,0.128
0.464975120501,0.546839388723,-0.123980617955,-1.35708159453,0.0794773571391,1.89461102885,0.159102612872,-0.00185456523837,-0.00669978253365,0.000193440472261,-0.0187951719297,-0.00058258276127,0.0100985989572,-0.0007466164261,0.573898620946,0.818911779163,0.00214888953602,0.0,0.818870777869,-0.573838789763,-0.0118507137286,0.0,-0.00847173600029,0.00856093593651,-0.999927467402,0.0,0.661542616631,0.260725030209,0.303331232692,1.0,-0.00288,-0.00378514285714,0.145
0.464939947409,0.546575071339,-0.123985086108,-1.35745573524,0.0794664530928,1.89474530548,0.159008533305,-0.00311933621871,-0.0212119923797,-0.00582793689939,-0.02237604102,-0.000229233967154,0.00971262260532,-0.0127604598423,0.573871479399,0.818930727105,0.00217628976585,0.0,0.8188899907,-0.573811450131,-0.0118469291815,0.0,-0.00845319709235,0.00858092189117,-0.999927452988,0.0,0.661501337052,0.260665589229,0.303352133667,1.0,-0.0032,-0.00420571428571,0.161
0.464900912282,0.546272805364,-0.123980017118,-1.35794499893,0.0794520779531,1.89491784599,0.158938553241,-0.000594688925335,-0.0154760719063,0.000318866212717,-0.0248087492318,0.000629280280167,0.000852208344329,0.00135995045874,0.573866117889,0.818934491687,0.0021734684794,0.0,0.818893540624,-0.573805919965,-0.0118693824107,0.0,-0.00847326070738,0.00859144111619,-0.999927192846,0.0,0.661441246414,0.26059797778,0.303348098229,1.0,-0.00356,-0.00467885714286,0.179
0.46485153948,0.545955932547,-0.123982858285,-1.35846663403,0.0794197107364,1.89509899142,0.158897200374,-0.00422932318869,-0.0213270589373,-0.000242243469335,-0.0266670770662,-0.000629426335431,0.0157506303443,-0.00398010378887,0.573895201243,0.818914168564,0.00215160798557,0.0,0.818872935567,-0.573835089795,-0.011880741431,0.0,-0.00849480288058,0.00858035924031,-0.999927105223,0.0,0.661381298624,0.260512968834,0.303339952658,1.0,-0.0039,-0.00512571428571,0.196
0.464802108558,0.54562964371,-0.123982858177,-1.35903584089,0.0793206339918,1.8952908688,0.158799899237,-0.00426188824931,-0.0229597272206,-0.000651957547149,-0.0359848201327,-0.00332733821245,0.0203075080935,-0.00767012917274,0.573861427631,0.818938041065,0.00207211829736,0.0,0.818896319265,-0.573802187576,-0.0118581081709,0.0,-0.0085222339437,0.00850192461915,-0.999927541778,0.0,0.661315857299,0.26041396739,0.303316524449,1.0,-0.00422,-0.00554628571429,0.212
0.464741047684,0.545238451956,-0.123980353604,-1.35971626716,0.0792983210304,1.89550610839,0.158727714289,-0.00326367251235,-0.0251285183963,0.000262626549191,-0.0412736920405,-5.33875995616e-05,0.0178803579132,-0.00260254430321,0.573882461665,0.818923431966,0.00201981949416,0.0,0.818880789631,-0.573823194054,-0.011913909544,0.0,-0.00859772595118,0.00849133860401,-0.999926985473,0.0,0.661229317231,0.26031039473,0.303288170881,1.0,-0.00456,-0.00599314285714,0.229
0.464670056052,0.544807894905,-0.12398035274,-1.36042036084,0.0792772725886,1.89574475369,0.158640583771,-0.00596077930971,-0.029976337931,-0.000282639871153,-0.039320419717,-0.000836668471281,0.0161403912549,-0.00783257889585,0.573902827927,0.818909203368,0.00200190874231,0.0,0.818866095359,-0.573843403099,-0.0119504599744,0.0,-0.00863772583511,0.00849786157957,-0.999926585326,0.0,0.661146054012,0.260198318492,0.303278497919,1.0,-0.0049,-0.00644,0.246
0.464599928967,0.544386089793,-0.123988552676,-1.36112586772,0.0792444487036,1.89600461536,0.158552290075,-0.0060347915594,-0.030687021285,-0.00106151723378,-0.0451772933263,-0.00489707909198,0.013676268696,-0.0112133325244,0.573924350461,0.818894163678,0.00198382042538,0.0,0.81885076265,-0.573864942551,-0.0119667505443,0.0,-0.00866122393987,0.00849262591091,-0.999926426546,0.0,0.661068693988,0.260081320588,0.303264011298,1.0,-0.00522,-0.00686057142857,0.262
0.464529280697,0.543859807415,-0.123989242947,-1.36199360024,0.0792028877347,1.89630295725,0.158445795268,-0.00154733002731,-0.0302651354092,-0.000337029512295,-0.0514024400408,-0.00953415028533,0.0135198696751,-0.00688380437757,0.57393266495,0.818888411479,0.0019525755603,0.0,0.818844464839,-0.573873253225,-0.0119991056957,0.0,-0.00870556532244,0.00848569777464,-0.999926100302,0.0,0.660963230034,0.259951644735,0.303249277064,1.0,-0.00558,-0.00733371428571,0.28
0.464437166331,0.543323246704,-0.123991857239,-1.36284111777,0.0791560629311,1.89659176428,0.158337954268,-0.00726146843725,-0.038297819473,-0.00102169619584,-0.0504447276241,-0.00219706277462,0.0132503212243,-0.00278748718966,0.573956168018,0.818871977924,0.00193594087832,0.0,0.818827745744,-0.573896757827,-0.0120158668451,0.0,-0.008728594509,0.00848194629886,-0.999925931369,0.0,0.660866977479,0.259807714461,0.303250596318,1.0,-0.00592,-0.00778057142857,0.297
0.464372285886,0.542797308125,-0.123993041226,-1.36368752733,0.0791114524326,1.89690277478,0.15822992951,-0.00430016443928,-0.0326453318342,0.0017229186195,-0.0592163771185,-0.00194370758936,0.0209478318228,-0.00579497633399,0.573956875357,0.818871495138,0.00193043553544,0.0,0.818827124348,-0.573897423905,-0.0120263946395,0.0,-0.00874036805794,0.00848348820076,-0.999925815445,0.0,0.660767475578,0.259684475072,0.303246753177,1.0,-0.00624,-0.00820114285714,0.313
0.464293394493,0.542203350845,-0.123995908517,-1.36461428865,0.0790642263896,1.89723990788,0.158110984544,-0.00843893602264,-0.0335757116054,-0.00081089368443,-0.0556882693592,-0.00354679214069,0.0199337331256,-0.00955392844081,0.573964958699,0.818865811268,0.00193809795742,0.0,0.818821458197,-0.573905393309,-0.0120318754894,0.0,-0.0087403748925,0.00849299463045,-0.999925734687,0.0,0.660660495301,0.259543715699,0.303255023179,1.0,-0.00658,-0.008648,0.33
0.464207459307,0.541573121671,-0.124001581646,-1.36557000798,0.0789966708443,1.89759835039,0.157970252776,-0.00524267399562,-0.0426109753062,-0.00131292285282,-0.0554569768881,-0.00536847820542,0.0154530220863,-0.00549382519823,0.573959091848,0.818869872628,0.00195946150204,0.0,0.818825916962,-0.573899551057,-0.0120070774708,0.0,-0.00870786757625,0.00849619272008,-0.999925991137,0.0,0.660555497894,0.259391884942,0.303276978301,1.0,-0.00692,-0.00909485714286,0.347
0.464129131642,0.54094532339,-0.124002735443,-1.36653368178,0.0789328065134,1.89795572062,0.157858814307,-0.0113063135595,-0.0388762860598,-1.10533802915e-05,-0.0575873798393,-0.00235442898102,0.0205768205349,-0.00414085908287,0.573969157855,0.818862782006,0.0019740763046,0.0,0.818819069171,-0.573909604592,-0.011993524109,0.0,-0.00868827644279,0.0085004879155,-0.99992612505,0.0,0.660445006737,0.259247254167,0.303293106982,1.0,-0.00724,-0.00951542857143,0.363
0.464032074266,0.540235900128,-0.124004988005,-1.36763542815,0.078878738257,1.89835646699,0.157718686648,-0.00578870846236,-0.041921348891,-0.000563878662206,-0.0645106471882,-0.00693866807505,0.0179574185191,-0.0178965844059,0.573982008125,0.818853742129,0.00198752382692,0.0,0.818810082319,-0.573922276311,-0.0120006978252,0.0,-0.00868629936157,0.0085157531396,-0.999926012339,0.0,0.66031780572,0.259078832477,0.303304943776,1.0,-0.00758,-0.00996228571429,0.38
0.463938392171,0.539444162226,-0.12401439476,-1.36885233554,0.0788107150328,1.89882144144,0.157560482901,-0.00694249606747,-0.0449196841046,-0.000176403933069,-0.0689709711335,-0.000267810774151,0.0225312512699,-0.00679784693519,0.573985000714,0.818851561469,0.00202141933478,0.0,0.818808351551,-0.573925132953,-0.0119821574186,0.0,-0.00865163152221,0.00853289795249,-0.999926166737,0.0,0.660180284063,0.258898012426,0.30332580291,1.0,-0.00794,-0.0104354285714,0.398
0.463840951735,0.538782739964,-0.124014123178,-1.36987954324,0.0787453228647,1.8992290525,0.157431037219,-0.00695382485555,-0.0414126985376,-0.00359032566755,-0.0699690660169,-0.00371137121621,0.0274710431994,-0.00738672612332,0.573998046636,0.818842336109,0.00205376605536,0.0,0.818799607262,-0.573938100642,-0.0119585400934,0.0,-0.00861359015585,0.0085459660301,-0.999926383555,0.0,0.660070151269,0.258737674728,0.303339462165,1.0,-0.00824,-0.0108297142857,0.413
0.463730778264,0.537948142676,-0.124020468954,-1.37118504358,0.0786678384637,1.89972689676,0.157279374213,-0.00122250879376,-0.0403378993213,-6.14668501194e-05,-0.0727413604473,-0.00280891583814,0.0282621726328,-0.0130865088769,0.574019932752,0.818826941335,0.00207457204926,0.0,0.818784511835,-0.573959925773,-0.0119446090698,0.0,-0.00859001187497,0.00855523587238,-0.999926507117,0.0,0.659923402314,0.258538510841,0.303350908047,1.0,-0.0086,-0.0113028571429,0.431
0.463621945134,0.537176747378,-0.124021198973,-1.37237939576,0.0786088155919,1.90016322407,0.15713663264,-0.0044396286581,-0.0520607635175,-0.00104304646279,-0.0759512524878,-0.0115989367457,0.0312121153566,-0.0101731708076,0.574037006366,0.818814910289,0.00209878823141,0.0,0.818772655758,-0.573976756956,-0.0119485379231,0.0,-0.00857915052023,0.00857749849736,-0.99992640964,0.0,0.659775655074,0.258345602063,0.303369880817,1.0,-0.00894,-0.0117497142857,0.448
0.463516149292,0.536323402246,-0.124032770354,-1.37370304021,0.0785228040933,1.90066156111,0.156966953792,-0.0063249687923,-0.0501385543527,-0.000795875702992,-0.077187812327,-0.00327269609995,0.029200673195,-0.011212206306,0.574048294087,0.818806968163,0.00210993966187,0.0,0.818764976826,-0.573988115441,-0.0119290802677,0.0,-0.00855669849975,0.00857557798253,-0.999926618494,0.0,0.65963512762,0.258152151369,0.303380917931,1.0,-0.00926,-0.0121702857143,0.464
0.463394776882,0.535444722506,-0.124037038176,-1.37509611009,0.0784488278204,1.90117115078,0.156803999845,-0.00676232716673,-0.0582201490765,-0.00116909259038,-0.0830959657971,-0.00465132385873,0.0345898578242,-0.00954285003405,0.574073944602,0.818788985254,0.00210965821788,0.0,0.818746895151,-0.574013668608,-0.0119405541747,0.0,-0.00856598650468,0.00858220238549,-0.999926482136,0.0,0.65947287934,0.257938397944,0.303382296663,1.0,-0.0096,-0.0126171428571,0.481
0.46327381786,0.534557935615,-0.124031478404,-1.37653600521,0.0783686029249,1.90168968056,0.156619460435,-0.00984786935417,-0.0525826288602,0.000945858835322,-0.082617046553,-0.00251292414526,0.0277548953321,-0.00269164928344,0.574075398504,0.818788030421,0.00208446001229,0.0,0.81874547964,-0.574015094318,-0.0119690419412,0.0,-0.00860376241562,0.0085779398866,-0.999926194386,0.0,0.659299387469,0.257724790255,0.303367390859,1.0,-0.00994,-0.013064,0.498
0.463152335791,0.533689488309,-0.124039685965,-1.377927997,0.0782827162184,1.90220669225,0.156450284551,-0.0088713974586,-0.0513165769519,-5.11166836259e-05,-0.0839064810161,-0.00538100677426,0.0346144902868,-0.0118177557039,0.574095335586,0.818774076495,0.0020746612998,0.0,0.818731438059,-0.574035109612,-0.0119696352076,0.0,-0.00860966434912,0.00857046717884,-0.999926207663,0.0,0.659139497145,0.257507290303,0.303362477438,1.0,-0.01026,-0.0134845714286,0.514
0.463016715918,0.532692243604,-0.124042879457,-1.37954059118,0.0781933251217,1.90281607075,0.156245876038,-0.0111138430373,-0.0602978055874,-0.000951434766919,-0.0837603927501,-0.00257318304708,0.0225687407691,-0.011260395391,0.574105563637,0.818766913567,0.0020712196897,0.0,0.818724165617,-0.574045286412,-0.0119790101526,0.0,-0.0086192092167,0.00857313904721,-0.999926102529,0.0,0.658952374744,0.257264599306,0.303351071397,1.0,-0.01062,-0.0139577142857,0.532
0.462884538991,0.531715152962,-0.124037454699,-1.38110893232,0.0781020688016,1.90338763658,0.15605008686,-0.00533744781176,-0.0578845601368,0.00139735263785,-0.0953185974928,-0.00741409311627,0.0350644151811,-0.0089568596208,0.574110681411,0.818763361307,0.00205683535153,0.0,0.818720329235,-0.574050367973,-0.0119976843239,0.0,-0.00864270365334,0.00857213667891,-0.999925908328,0.0,0.658764292746,0.257031344907,0.303342728805,1.0,-0.01096,-0.0144045714286,0.549
0.462758018191,0.530761722943,-0.124043868825,-1.38265446707,0.0780104742145,1.9039260584,0.155846835319,-0.00911059316097,-0.0645836171593,0.000330910596486,-0.0962240266321,-0.0117081508392,0.0361996495455,-0.0130017881122,0.574111739245,0.818762734221,0.00201067512374,0.0,0.81871903772,-0.574051559939,-0.0120287450383,0.0,-0.00869462438391,0.00855218639341,-0.999925629042,0.0,0.658575130082,0.256795065344,0.303325869399,1.0,-0.01128,-0.0148251428571,0.565
0.462617102638,0.529732409865,-0.124046894237,-1.38429872691,0.0778990824355,1.90452929491,0.155624572481,-0.00867507056649,-0.0637439657331,-0.000487424726554,-0.100417380621,-0.0119930912506,0.0424198247323,-0.0153472224451,0.574106611918,0.818766373518,0.00199264891492,0.0,0.818722530349,-0.574046597304,-0.0120278561985,0.0,-0.00870429845634,0.00853686269354,-0.99992567582,0.0,0.658381423929,0.256541777053,0.303320746194,1.0,-0.01162,-0.015272,0.582
0.462470513502,0.528653589847,-0.124049707968,-1.38597754097,0.0777968890546,1.90516245081,0.155403120549,-0.0111696260512,-0.0627966925334,0.000456710928533,-0.100305599692,-0.00913298280113,0.0387863265834,-0.0079413658074,0.574110907903,0.818763296437,0.00201909257736,0.0,0.818719812541,-0.574050794038,-0.0120125484089,0.0,-0.00867653908691,0.00854977077931,-0.999925806792,0.0,0.658187342218,0.256284957775,0.303336389156,1.0,-0.01196,-0.0157188571429,0.599
0.46234098306,0.527609713145,-0.12405247877,-1.38759493706,0.0776964462587,1.9057932698,0.155173806948,-0.00489414243401,-0.069303881559,-0.00124668822875,-0.104812572747,-0.00243727550926,0.0357294294339,-0.0148348098872,0.574091844114,0.818776550325,0.00206447597615,0.0,0.818733718943,-0.57403160128,-0.0119818653938,0.0,-0.00862556203198,0.00856911227544,-0.999926082265,0.0,0.658001304304,0.256046365295,0.303356200533,1.0,-0.01228,-0.0161394285714,0.615
0.462177290634,0.526370230258,-0.124049944315,-1.38949344039,0.077587646321,1.90651528876,0.154920580842,-0.0106808337121,-0.0707015534492,0.000906249918932,-0.10803341792,-0.0126352759939,0.0448397500104,-0.0150491875979,0.574090063022,0.818777653208,0.00212156737213,0.0,0.818735503636,-0.574029520718,-0.0119595707322,0.0,-0.00857455204238,0.00860303888143,-0.999926229669,0.0,0.657780208707,0.255762449591,0.303387334612,1.0,-0.01264,-0.0166125714286,0.633
0.462027449366,0.525185762553,-0.1240588342,-1.39133367645,0.0774621071942,1.90716446093,0.154665309017,-0.0114096173998,-0.0670845860453,-9.9324767387e-05,-0.107185680807,-0.00829857978658,0.0358216229354,-0.0110981323724,0.574075016703,0.818788239416,0.00210739010757,0.0,0.818746000267,-0.574014630253,-0.0119556766315,0.0,-0.0085796598518,0.00858903784911,-0.999926306217,0.0,0.657556144337,0.255479634129,0.303401183488,1.0,-0.01298,-0.0170594285714,0.65
0.461883619417,0.524083483837,-0.124062984212,-1.39311817953,0.0773484537433,1.90780042175,0.154422276299,-0.00908323533198,-0.0725488272344,9.57300201394e-05,-0.116850866902,-0.00804413732397,0.0428157154376,-0.0212614750469,0.574061861932,0.818797573771,0.0020636771026,0.0,0.818754762724,-0.574001656745,-0.0119784586581,0.0,-0.00862354484086,0.00856618666246,-0.999926124731,0.0,0.657336528346,0.255210111581,0.303382218049,1.0,-0.0133,-0.01748,0.666
0.461735864204,0.522946317423,-0.124069877805,-1.39492985657,0.0772335236863,1.90849511807,0.154178636253,-0.0154655420245,-0.0686630632376,0.000793036762715,-0.112891660402,-0.0051168673565,0.0498364933006,-0.0166182160388,0.574054555017,0.818802669459,0.00207442818501,0.0,0.818760080571,-0.573994387469,-0.0119632988535,0.0,-0.00860503657496,0.00856621011384,-0.999926283978,0.0,0.657124316778,0.254937421416,0.30337974112,1.0,-0.01362,-0.0179005714286,0.682
0.461559294799,0.521557238198,-0.124076995604,-1.39713335167,0.077103980194,1.90934607224,0.153878607125,-0.00840789630137,-0.0729732063587,-0.000741508793004,-0.116838138091,-0.00973094778672,0.0386431827176,-0.0204654427598,0.574041715829,0.818811596146,0.00210366482118,0.0,0.818769397462,-0.573981438015,-0.0119469450538,0.0,-0.00857499768472,0.00858062641937,-0.999926418425,0.0,0.65686515767,0.254610724833,0.303381028795,1.0,-0.014,-0.0184,0.701
0.461404984045,0.52042759526,-0.124080961143,-1.39892490213,0.0769958773113,1.91000677387,0.153642352076,-0.0116007713071,-0.0829190749207,0.00359550932178,-0.115125069239,-0.00417143330838,0.0395095968738,-0.0175028996394,0.574043841632,0.818810111749,0.00210135261936,0.0,0.818767860946,-0.573983551092,-0.011950726277,0.0,-0.00857939885984,0.00858092602102,-0.999926378102,0.0,0.656650078363,0.254336612371,0.303379162553,1.0,-0.0143,-0.0187942857143,0.716
0.461242975411,0.519117283247,-0.124087267813,-1.40098721087,0.0768640400101,1.91073872523,0.153367367292,-0.00760484869,-0.0776381848852,-0.000296791550886,-0.128583656148,-0.0104800482544,0.0433213942628,-0.0169391545987,0.574029702863,0.818820078523,0.00207993714578,0.0,0.818777555222,-0.573969509346,-0.0119609492852,0.0,-0.00860021051058,0.00856911099732,-0.999926300642,0.0,0.65639317405,0.254027395546,0.303381187189,1.0,-0.01464,-0.0192411428571,0.733
0.461059153471,0.517746028737,-0.124090543234,-1.40309936361,0.0767264276559,1.91150024604,0.153078674204,-0.0116324916994,-0.0828394256804,0.00364236588429,-0.120967147164,-0.0100743827094,0.0460042474986,-0.0185252358575,0.574020817298,0.818826274932,0.00209277102341,0.0,0.818783955386,-0.573960608147,-0.0119499623158,0.0,-0.00858394026681,0.00857321953253,-0.99992640523,0.0,0.656136410647,0.253701635466,0.303404290165,1.0,-0.01498,-0.019688,0.75
0.460889721114,0.516488076494,-0.124092950323,-1.40510663338,0.0765913296276,1.91224243447,0.152802252082,-0.0117003933073,-0.0808186031112,-0.000259572292714,-0.126362780049,-0.00824795972576,0.0465741350419,-0.0221091551524,0.574004572455,0.818837700367,0.00207801808262,0.0,0.818795275669,-0.573944513199,-0.0119473516855,0.0,-0.0085904402954,0.00855947068137,-0.999926467195,0.0,0.655892913512,0.253395920537,0.303395770615,1.0,-0.0153,-0.0201085714286,0.766
0.460686730876,0.514951262445,-0.124099755941,-1.40755735712,0.0764469931678,1.91316202887,0.15247298719,-0.0103472330286,-0.0776831893047,-0.000745545780039,-0.127065009361,-0.0074371232861,0.0474451718493,-0.0153467144156,0.573996496134,0.81884335135,0.0020821327689,0.0,0.818800938981,-0.573936379714,-0.0119499483768,0.0,-0.00859028942354,0.00856424565179,-0.999926427606,0.0,0.655596167671,0.253027222398,0.303386880186,1.0,-0.01568,-0.020608,0.785
0.460502866809,0.513615957277,-0.124097192267,-1.40970303625,0.0763259906669,1.91390132601,0.152160683146,-0.0154792220478,-0.0835056104583,-0.000188766357316,-0.133011675263,-0.00265404873304,0.0508863657133,-0.0273846933482,0.573969428029,0.818862458336,0.00202901904588,0.0,0.818819123769,-0.573909309392,-0.0120039178784,0.0,-0.00866525161715,0.00855144611787,-0.999925890346,0.0,0.655321395613,0.252701758886,0.303365533082,1.0,-0.016,-0.0210285714286,0.801
0.460332976271,0.512382587557,-0.124100355644,-1.41170636222,0.0761998229158,1.91461780857,0.151881183215,-0.012792979193,-0.085011044131,0.00750473420744,-0.13729056262,-0.0100378196401,0.042692642587,-0.0163415368625,0.573952765185,0.818874257225,0.00198017476138,0.0,0.818830252272,-0.573892824307,-0.0120329162707,0.0,-0.00871720512016,0.008527916755,-0.999925639721,0.0,0.655070548154,0.252395333853,0.303338344423,1.0,-0.0163,-0.0214228571429,0.816
0.460124693224,0.510844539971,-0.12410679954,-1.41415140074,0.0760514718266,1.91554990572,0.151544837368,-0.0127996850116,-0.0857976438443,-0.000158806195063,-0.139218117493,-0.0167197178262,0.0532744000246,-0.0175913978298,0.573940485436,0.818882820047,0.00199827664519,0.0,0.818839064803,-0.573880481814,-0.0120218737112,0.0,-0.00869790134452,0.00853627136272,-0.999925736534,0.0,0.654776366997,0.252024468339,0.303332664544,1.0,-0.01666,-0.021896,0.834
0.459928580112,0.50935666148,-0.124113482817,-1.41650501252,0.0758946342064,1.91641702416,0.151210495204,-0.0112887390711,-0.0863534761518,-0.00336721505853,-0.138288312034,-0.0130341056937,0.0424265630967,-0.0163559068719,0.573912173451,0.818902682365,0.0019901960072,0.0,0.818858917086,-0.573852301427,-0.0120148640273,0.0,-0.00869709326716,0.00852533061388,-0.999925836903,0.0,0.654486135395,0.251665987504,0.303329192649,1.0,-0.017,-0.0223428571429,0.851
0.459722708418,0.507927747899,-0.124115740846,-1.41875354711,0.0757467527489,1.91722424791,0.150908132993,-0.0161989208358,-0.093856423885,-0.000862296538275,-0.139736630193,-0.014775402118,0.0541965062385,-0.0221728745913,0.573911304339,0.818903330972,0.00197387366119,0.0,0.81885937667,-0.573851525602,-0.0120205950599,0.0,-0.00871116263986,0.00851524429042,-0.999925800377,0.0,0.654207540275,0.25131288453,0.303328647725,1.0,-0.01732,-0.0227634285714,0.867
0.459496996964,0.506275112119,-0.124121679509,-1.42132990986,0.0755879490799,1.9181713449,0.150544624103,-0.00982257447854,-0.0959009701396,-0.00174026282138,-0.1420292886,-0.0101724633572,0.0518299115269,-0.02035235275,0.573893080535,0.818916058702,0.00199193746739,0.0,0.818872319344,-0.573833206612,-0.0120134301219,0.0,-0.00869511839063,0.00852573102112,-0.999925850664,0.0,0.653889720984,0.25091646575,0.303340238358,1.0,-0.01768,-0.0232365714286,0.885
0.459281647144,0.504658097203,-0.12412481934,-1.42380308871,0.0754290345931,1.91914037065,0.150203079756,-0.012057416977,-0.105149772025,2.83922913056e-05,-0.14344118802,-0.0109793765117,0.0545273670462,-0.0249511805343,0.57387680343,0.818927243199,0.00208128157102,0.0,0.818884790582,-0.573816676436,-0.0119527610994,0.0,-0.00859433308946,0.00856390703705,-0.999926395759,0.0,0.65359577803,0.250541720753,0.303377187778,1.0,-0.01802,-0.0236834285714,0.902
0.459077298754,0.503200001716,-0.124120923487,-1.42598759948,0.0752885966022,1.91995849888,0.149903848691,-0.0144519499088,-0.0950473641687,0.00112171401115,-0.146492662997,-0.0100597573943,0.0618326707783,-0.0146093982975,0.573870502607,0.818931461435,0.00215745467808,0.0,0.818890026445,-0.573810089745,-0.011910180417,0.0,-0.00851581614828,0.00860178495147,-0.999926742402,0.0,0.653330523662,0.25020333047,0.30342660307,1.0,-0.01832,-0.0240777142857,0.917
0.458827535354,0.501394970321,-0.124131260685,-1.4286706233,0.0751222543243,1.92092925451,0.149516378508,-0.0141930211697,-0.0963899094554,-0.00157100680029,-0.14954753943,-0.0156013955564,0.0571786486245,-0.0209894823609,0.573857271521,0.818940521665,0.00223624675186,0.0,0.818900108565,-0.573796540808,-0.0118696609541,0.0,-0.00843755813227,0.00864292035987,-0.999927051109,0.0,0.652999922532,0.249778678606,0.303494028791,1.0,-0.01868,-0.0245508571429,0.935
0.458587514991,0.499678431707,-0.124126661943,-1.43126230884,0.0749524906392,1.92185776566,0.149157403765,-0.0125904983552,-0.0957804251316,0.000190558744195,-0.154136630684,-0.00631220079721,0.0574025334877,-0.0175126906965,0.573842429115,0.818950802858,0.00227946168684,0.0,0.818910941163,-0.573781518951,-0.0118484537011,0.0,-0.00839554932243,0.00866598841556,-0.999927205049,0.0,0.652673707897,0.249375543592,0.30353835481,1.0,-0.01902,-0.0249977142857,0.952
0.458353588015,0.498112081194,-0.124129968532,-1.43374092085,0.0747911278808,1.92277812657,0.148797300111,-0.0105454862626,-0.0934847730668,-0.000346421678315,-0.158654669233,-0.0101653595107,0.0599139497566,-0.0260625383153,0.573823785498,0.818963865201,0.00227982316167,0.0,0.81892405305,-0.573762922549,-0.0118427591737,0.0,-0.00839087537777,0.00866282570983,-0.999927271686,0.0,0.652367890003,0.24898405607,0.303530818084,1.0,-0.01934,-0.0254182857143,0.968
0.45808932303,0.496428757369,-0.124129127378,-1.43641381344,0.0746352214929,1.92373025721,0.148392638427,-0.0136485367364,-0.0989435600146,0.00480871364012,-0.162498986255,-0.0120382047097,0.0543831789248,-0.0164808536983,0.573801397832,0.818979622618,0.00225399308058,0.0,0.818939279289,-0.573740438482,-0.0118790988678,0.0,-0.00843569534272,0.00866229378028,-0.999926899183,0.0,0.652029691176,0.248556892375,0.303514421194,1.0,-0.01968,-0.0258651428571,0.985
0.457814749841,0.494754696261,-0.124134443424,-1.43916515462,0.0744606687775,1.9246755013,0.148012789506,-0.0176643303098,-0.0944070974082,-0.00106606125447,-0.164175691939,-0.00585826077413,0.0658949578686,-0.0194217268461,0.573810222032,0.818973749901,0.0021384494949,0.0,0.818931784932,-0.573749609722,-0.011952567627,0.0,-0.00856206941369,0.00860991551329,-0.999926277444,0.0,0.651674487704,0.248106766317,0.303453282084,1.0,-0.0201862857143,-0.0265305469388,1.002
0.457559227783,0.493021748492,-0.124159458346,-1.4418804141,0.0742904365995,1.92567850339,0.147627088023,-0.0188718270546,-0.11449326669,-0.00550117041046,-0.182621958447,-0.00807028152623,0.0714246650215,-0.0267357748644,0.573815240973,0.818970210062,0.00214736115241,0.0,0.818928421772,-0.573754652391,-0.011940928565,0.0,-0.00854737088704,0.00861058766198,-0.999926397407,0.0,0.65131601888,0.247637731153,0.303452403406,1.0,-0.0236931428571,-0.0311395591837,1.019
0.45725919838,0.4909094514,-0.124188153801,-1.44522972039,0.0740921233639,1.92689831331,0.147140549829,-0.0217080281864,-0.132914338119,-0.0011677948277,-0.205805830949,-0.00939079427029,0.0760612584597,-0.0310566835613,0.573794053607,0.818985094614,0.00213207552884,0.0,0.818943072897,-0.573733496021,-0.0119526482294,0.0,-0.00856596251542,0.0086045726288,-0.999926290091,0.0,0.650915112501,0.24713659785,0.303437338186,1.0,-0.0269937142857,-0.0354774530612,1.035
0.456775843301,0.487908302908,-0.124205828571,-1.45004189919,0.0738070442016,1.9286361872,0.146450656753,-0.0236777631214,-0.15339774925,-0.000812000543501,-0.23785155583,-0.0135083530408,0.0892909316532,-0.0359918729412,0.573800104275,0.818981008243,0.00207252824454,0.0,0.818937989896,-0.573739574218,-0.0120090208613,0.0,-0.00864623500725,0.0085882148868,-0.999925739835,0.0,0.65030598098,0.246353018828,0.303384633497,1.0,-0.0313257142857,-0.0411709387755,1.056
0.456440558585,0.485744811834,-0.124228231103,-1.4533150748,0.0736050627724,1.92989819112,0.145970377342,-0.0241531329228,-0.171695352615,0.0011596547393,-0.253368062896,-0.0156914456153,0.0993708264963,-0.0364501638072,0.573805063122,0.81897721026,0.00219670485718,0.0,0.818935932649,-0.573744140882,-0.0119308809636,0.0,-0.00851093692833,0.00864512689085,-0.999926410159,0.0,0.64991293589,0.245815541858,0.30343935199,1.0,-0.0340074285714,-0.044695477551,1.069
0.45594842466,0.482731499404,-0.124272515876,-1.45801087184,0.0733065854019,1.93153515834,0.14523823897,-0.0291546069678,-0.184655225466,0.000258495940993,-0.285627835786,-0.0168540010605,0.0977806263825,-0.0428553362841,0.573789890072,0.818987965889,0.00214957712734,0.0,0.818946074314,-0.573729162448,-0.0119550166664,0.0,-0.00855790446305,0.00862022141465,-0.999926224306,0.0,0.649314444441,0.245016587991,0.303438699043,1.0,-0.0375142857143,-0.0493044897959,1.086
0.455336822797,0.478985595196,-0.12433965419,-1.46385971723,0.072952923452,1.93362902375,0.144375826083,-0.0352914824414,-0.204425070253,-0.000317611593964,-0.312518939613,-0.019274507689,0.110686193546,-0.0439001005615,0.573822682169,0.81896502629,0.00213589400578,0.0,0.818922926032,-0.57376197632,-0.0119658952685,0.0,-0.00857432004939,0.00861560056342,-0.999926123502,0.0,0.648575703314,0.244022346191,0.303435051679,1.0,-0.0414337142857,-0.0544557387755,1.105
0.454880386462,0.476188580178,-0.124362693354,-1.4681066682,0.0727013851225,1.93519283545,0.143770700919,-0.0351187950178,-0.223922581768,-0.00652310769997,-0.339656036243,-0.0229205502609,0.120462576883,-0.0455549943727,0.57385824096,0.818939802727,0.00225070926662,0.0,0.818899122983,-0.573796986232,-0.011916034137,0.0,-0.00846722747171,0.00868138537715,-0.9999264671,0.0,0.647999511469,0.243255970017,0.303495180227,1.0,-0.0443217142857,-0.0582513959184,1.119
0.454147022193,0.471844334824,-0.124394689166,-1.47482578585,0.0722949689358,1.93759342498,0.142777377056,-0.0403924293184,-0.233938837641,-0.00235883533176,-0.368024539242,-0.0296657615791,0.127172898178,-0.0579263593868,0.573878297179,0.81892571052,0.00226441532378,0.0,0.818884933114,-0.573816701288,-0.0119417981933,0.0,-0.00848024950998,0.00870760205171,-0.999926128789,0.0,0.647179569433,0.242178965089,0.303501798014,1.0,-0.0480348571429,-0.0631315265306,1.137
0.453487720469,0.467859792793,-0.12441219886,-1.48077920742,0.0719151014308,1.93984389133,0.141828110347,-0.0429436028706,-0.258519962654,-0.00140021575721,-0.376943478577,-0.0255842932996,0.141315639704,-0.0613602422346,0.573833740797,0.818956251185,0.00249869342924,0.0,0.818918651108,-0.573771371063,-0.0118069266691,0.0,-0.00823583621359,0.00882160939379,-0.999927172453,0.0,0.646436875488,0.241182300802,0.303615034825,1.0,-0.0513354285714,-0.0674694204082,1.153
0.45278020037,0.463663440263,-0.124424359067,-1.48721657764,0.0714878307949,1.94207922832,0.140825594372,-0.0474595447168,-0.262484104285,-0.000267219490978,-0.41437329612,-0.0242398823492,0.137859645899,-0.0667491738342,0.573786775205,0.818989189831,0.00248805974611,0.0,0.818951337171,-0.573724329313,-0.0118257431679,0.0,-0.00825785439641,0.00882322476719,-0.999926976607,0.0,0.645582053503,0.240096331036,0.303638948711,1.0,-0.054636,-0.0718073142857,1.169
0.451922077238,0.45869566695,-0.124442636238,-1.49491736847,0.0709763887767,1.94473494526,0.13967792845,-0.0474171565011,-0.279569849678,-0.00101340545389,-0.430222651506,-0.0285645062726,0.152937513716,-0.0636062703842,0.573780986516,0.81899346588,0.00241438597692,0.0,0.818954472734,-0.573718631696,-0.0118848700263,0.0,-0.00834861341202,0.0087967540078,-0.999926456182,0.0,0.644548386067,0.238787127557,0.303624932406,1.0,-0.0583491428571,-0.076687444898,1.187
0.450988042958,0.453475235779,-0.124454513835,-1.50303014632,0.070432086301,1.94763539021,0.138403356591,-0.051930215835,-0.308221318362,-0.000698255014565,-0.450520455179,-0.0331854224736,0.162502915667,-0.0811691099613,0.573734564567,0.819026006693,0.00240762999516,0.0,0.818986886902,-0.573672201348,-0.011892492732,0.0,-0.00835923137365,0.00879512086708,-0.99992638184,0.0,0.643474092189,0.237400402919,0.303603630209,1.0,-0.0620622857143,-0.0815675755102,1.205
0.450105043494,0.448481016171,-0.124504127382,-1.51047065276,0.0699182839522,1.9504442046,0.137239421194,-0.0577030141293,-0.313978677527,-0.00637976213665,-0.479539322506,-0.0321924919201,0.170799760807,-0.0665130918622,0.573737827484,0.819022859869,0.00268462809761,0.0,0.818987889075,-0.573675027139,-0.0116853620823,0.0,-0.00803062918896,0.00890318356693,-0.999928118575,0.0,0.642529276687,0.236100449267,0.303733072663,1.0,-0.0653628571429,-0.0859054693877,1.221
0.449111786079,0.443000127276,-0.124538172849,-1.5189792081,0.0693417179428,1.95326561507,0.135962080988,-0.0557433973241,-0.321257645745,-0.00301060450824,-0.507665050871,-0.0303876944345,0.170668492606,-0.0818938664535,0.573751527583,0.819013845599,0.00250044285831,0.0,0.818976181748,-0.573689069087,-0.0118157792956,0.0,-0.00824296880661,0.00882729451796,-0.999927063509,0.0,0.641342711043,0.234613982674,0.303682675122,1.0,-0.0688697142857,-0.0905144816326,1.238
0.448038873978,0.437290719343,-0.124564140455,-1.52784551702,0.0687346541606,1.95629033601,0.134524595098,-0.0614428593042,-0.336039225653,-0.000597538863779,-0.52520660986,-0.0417346988054,0.179082094738,-0.084005585271,0.573695356339,0.819053564564,0.00237558238292,0.0,0.819014071826,-0.573633170559,-0.011903053671,0.0,-0.00838668715389,0.0087745309546,-0.999926332829,0.0,0.640116577692,0.233053425839,0.303628350372,1.0,-0.0723765714286,-0.0951234938775,1.255
0.447027852969,0.431932937305,-0.124594321997,-1.53573955651,0.0682037356945,1.95925333606,0.133227600162,-0.0666671469207,-0.363358654876,-0.00451344966469,-0.534203906364,-0.0418058954529,0.206362131096,-0.0855170216197,0.573681306626,0.819062322387,0.00272348569111,0.0,0.819027663311,-0.573618163018,-0.0116891697444,0.0,-0.00801207191567,0.00893664035199,-0.999927968987,0.0,0.639088622997,0.231648543494,0.303782785611,1.0,-0.0754708571429,-0.0991902693877,1.27
0.445716881813,0.425439019446,-0.124665019283,-1.54580753949,0.0674758408977,1.96262906037,0.131590699925,-0.0753048611711,-0.372631134447,-0.00534685311759,-0.57289081885,-0.0370492824888,0.185994408036,-0.0888740623413,0.57369438043,0.819053824507,0.00251740433802,0.0,0.819016587527,-0.573632087129,-0.0117815480039,0.0,-0.00820581603399,0.008820973624,-0.99992742487,0.0,0.637685462667,0.229789999009,0.303706472686,1.0,-0.079184,-0.1040704,1.288
0.444479657184,0.419377466909,-0.124772954147,-1.55511879755,0.0668077482604,1.96569877156,0.130084596865,-0.0777194332524,-0.382650453551,-0.0041079164586,-0.579860061103,-0.035692669821,0.196098248122,-0.0945258402394,0.573763713756,0.819005786871,0.00233853580103,0.0,0.818966391951,-0.57370227001,-0.0118533177445,0.0,-0.00836647360936,0.00871635365365,-0.999927010985,0.0,0.636296974436,0.227928927633,0.30366613663,1.0,-0.0826908571429,-0.108679412245,1.305
0.443193654896,0.413025707562,-0.124810192464,-1.56449458012,0.0661665773394,1.96915914052,0.128522108739,-0.075164984851,-0.388663422754,0.000298583988779,-0.599332491618,-0.0412849048696,0.216565887885,-0.100178380921,0.573782571944,0.818991515466,0.00268414405486,0.0,0.81895679968,-0.573720057443,-0.0116534478599,0.0,-0.00800428174906,0.00888491437223,-0.999928492328,0.0,0.635033645916,0.226194020339,0.303804664341,1.0,-0.0859914285714,-0.113017306122,1.321
0.441631746344,0.405736805036,-0.124849144907,-1.57561320225,0.0653908971499,1.97282165757,0.126692043745,-0.0864575049663,-0.414003392468,-0.00255443428358,-0.62531514147,-0.0474931111844,0.205558668577,-0.102545169316,0.573815173293,0.818969141628,0.00253749118121,0.0,0.818932083725,-0.573752701734,-0.0117824615604,0.0,-0.00819373776441,0.00883915834376,-0.999927363333,0.0,0.633513479772,0.224227538638,0.303756991277,1.0,-0.0894982857143,-0.117626318367,1.338
0.440081821369,0.398596511764,-0.124939842745,-1.5862971272,0.0646290904469,1.97655522036,0.124870266621,-0.0911397365396,-0.427728269419,-0.00517081430494,-0.629007996877,-0.042456340744,0.233402184296,-0.113070667727,0.573872321099,0.818928683941,0.00266769493959,0.0,0.81889358478,-0.573809664309,-0.0116838715049,0.0,-0.00803766312702,0.00888977988794,-0.999928181314,0.0,0.632021682887,0.222178450277,0.303811520632,1.0,-0.0930051428571,-0.122235330612,1.355
0.4385549932,0.391692633224,-0.124963101,-1.59668521639,0.0638245983801,1.98008996034,0.123091493393,-0.0936305199545,-0.432421642689,-0.00249855815439,-0.660036505271,-0.057080643633,0.2134833334,-0.112381807881,0.57385894355,0.818938069533,0.00266422181403,0.0,0.818903249669,-0.573796659479,-0.0116450913809,0.0,-0.0080080412576,0.00886455040878,-0.999928642965,0.0,0.63052451775,0.220201574026,0.303816617277,1.0,-0.0963057142857,-0.12657322449,1.371
0.436852787618,0.384185037304,-0.125018780121,-1.60814818102,0.0629580086266,1.98374021046,0.121065001144,-0.10315055181,-0.443768696411,-0.0017221121784,-0.666776335716,-0.0562385013881,0.216478208789,-0.124492182167,0.573824452987,0.818963122191,0.00237666709017,0.0,0.818924330687,-0.57376296663,-0.0118214057283,0.0,-0.00831781192725,0.00872989025912,-0.999927298868,0.0,0.628805034502,0.217984681383,0.303714395749,1.0,-0.0998125714286,-0.131182236735,1.388
0.435087184451,0.376360148533,-0.125056612943,-1.61964479233,0.0621498813474,1.98770372112,0.119032995081,-0.114088357228,-0.458389970495,0.00219705296551,-0.68066152934,-0.049965448693,0.235841859783,-0.123502104373,0.573835516058,0.818954620248,0.00262247729176,0.0,0.818918834271,-0.573772914572,-0.0117188856353,0.0,-0.00809268490533,0.00887247965554,-0.999927891178,0.0,0.627131356529,0.215773655994,0.303818617106,1.0,-0.103319428571,-0.13579124898,1.405
