position_joint1,position_joint2,position_joint3,position_joint4,position_joint5,position_joint6,position_joint7,velocity_joint1,velocity_joint2,velocity_joint3,velocity_joint4,velocity_joint5,velocity_joint6,velocity_joint7,ee_T_00,ee_T_10,ee_T_20,ee_T_30,ee_T_01,ee_T_11,ee_T_21,ee_T_31,ee_T_02,ee_T_12,ee_T_22,ee_T_32,ee_T_03,ee_T_13,ee_T_23,ee_T_33,v_x,v_y,time
0.465093911175,0.547530355428,-0.124006874311,-1.35574157566,0.0794190256328,1.894110843,0.159145665004,5.17268126868e-05,0.000772950640303,0.000224542673417,-0.00202599961547,9.71599443246e-05,3.08914592161e-05,-0.000523403125415,0.573764092026,0.819005907024,0.00219951409471,0.0,0.818966931339,-0.573705474941,-0.0116593437341,0.0,-0.00828735766925,0.00849120556184,-0.999929607088,0.0,0.661710236429,0.260895021167,0.303436943172,1.0,0.0,0.0,0.0
0.465091405521,0.547531873066,-0.124009548429,-1.35573676277,0.0794190256331,1.89411084302,0.159141833113,-3.97724955348e-05,0.000849845539113,0.000135543958791,0.0012494439147,7.0277007077e-05,0.000115893538027,-0.000368120962924,0.573774227932,0.818998800284,0.00220168004482,0.0,0.818959872713,-0.573715622136,-0.0116558442229,0.0,-0.00828314367436,0.00849107410863,-0.999929643121,0.0,0.661714304347,0.260886935142,0.303438516127,1.0,-0.00018,-0.000236571428571,0.01
0.46508296294,0.547528619948,-0.124006717775,-1.35574756899,0.0794158312766,1.89411037661,0.159141360551,-0.0011618897475,0.000776080796914,-0.000902541857775,-0.0013864441731,3.05971296772e-05,2.02031267702e-05,-0.000615127283334,0.573768900054,0.819002553325,0.00219405524873,0.0,0.818963528032,-0.57371032429,-0.0116597794922,0.0,-0.00829079665056,0.00848703348298,-0.999929614,0.0,0.661711814855,0.260886628328,0.30343526802,1.0,-0.00058,-0.000762285714286,0.03
0.465090321804,0.547506334684,-0.124009087816,-1.35575602228,0.0794164421671,1.89411287853,0.159144897481,0.000489697088899,-0.00265935106672,-0.000615637100799,-0.00363963467222,0.000198622166283,-0.000213809785901,0.000168351595311,0.573768023726,0.819003128572,0.00220844762548,0.0,0.818964290738,-0.573709395739,-0.0116518941721,0.0,-0.00827608996837,0.00849428757638,-0.999929674234,0.0,0.661709554985,0.260889686311,0.303447328695,1.0,-0.00084,-0.001104,0.043
0.465095160718,0.547373810568,-0.124008876233,-1.35589314967,0.079413522841,1.89413534241,0.159142862797,0.00209047142827,-0.0102923119307,-0.00117581731812,-0.0084530590754,-0.000262909424497,0.00112570550853,-0.000177861258066,0.573768875954,0.819002476226,0.00222886134397,0.0,0.818963819351,-0.573710086641,-0.0116510077213,0.0,-0.00826364304024,0.00851050625666,-0.999929639268,0.0,0.661684951288,0.260879525641,0.303477874126,1.0,-0.00126,-0.001656,0.064
0.465088812251,0.54726549983,-0.124002299401,-1.35602488348,0.0794153418412,1.89416046474,0.159141590825,-0.00103848832708,-0.00894735304686,9.62768782283e-05,-0.0164878324973,0.00012644544011,-0.000514386290924,0.000558679711615,0.573776090711,0.818997394799,0.00223873684425,0.0,0.818958718674,-0.573717112366,-0.0116635752568,0.0,-0.00826819530013,0.00852587782156,-0.99992947069,0.0,0.661662662818,0.260866915254,0.303493860043,1.0,-0.00152,-0.00199771428571,0.077
0.465064542397,0.547086769943,-0.124012566401,-1.35627169311,0.0794030308399,1.89426667338,0.159136957345,-0.000339366151043,-0.0119475124769,0.00651845644807,-0.0150619251885,-0.000952836043825,0.00515550517724,0.000262784188595,0.573809965199,0.818973576819,0.00226962793791,0.0,0.818935348754,-0.573750918674,-0.0116415111727,0.0,-0.00823204742266,0.00853885806721,-0.999929658175,0.0,0.661641356503,0.260823187491,0.30351252485,1.0,-0.00192,-0.00252342857143,0.097
0.46504824902,0.546927077855,-0.124004534171,-1.35643283334,0.0793990515908,1.89436179674,0.159125997351,-0.00135668014676,-0.0118196393098,0.000230133868806,-0.0141506038801,0.000264932066367,0.00424749046231,0.000885366892305,0.573821548835,0.818965209445,0.00235854055824,0.0,0.818928066312,-0.573762110898,-0.0116021207452,0.0,-0.00814864892347,0.0085891873229,-0.999929910235,0.0,0.661629382532,0.260803301297,0.303558394683,1.0,-0.0022,-0.00289142857143,0.111
0.465016244587,0.546684834514,-0.124002028629,-1.35672431633,0.0793915292461,1.89450957713,0.159115556926,-0.000515475011464,-0.0137269851648,0.00150280461686,-0.0173523909701,0.000225630321854,0.0118178697858,-0.000220157414593,0.573851720965,0.81894383359,0.00243857964531,0.0,0.818907698638,-0.573791968942,-0.0115630614102,0.0,-0.00807041580376,0.00863262053988,-0.999930170688,0.0,0.661605565169,0.260757122075,0.30360045402,1.0,-0.0026,-0.00341714285714,0.131
0.464988138575,0.546515778218,-0.124007397388,-1.35698600595,0.0793800239356,1.89460955251,0.159090707211,0.000654097914426,-0.0131444628812,0.000154787887463,-0.0203050724412,-0.00043445822214,0.0139680831118,-0.0017573842079,0.573866971173,0.818933113876,0.00244975408749,0.0,0.818897127241,-0.573807182656,-0.0115567741903,0.0,-0.0080586937377,0.00863831390011,-0.999930216059,0.0,0.661577319299,0.260715484784,0.30360838188,1.0,-0.00286,-0.00375885714286,0.144
0.464946588191,0.54617774396,-0.124008059318,-1.35748170874,0.079351996949,1.89478287482,0.158979724638,0.000361928770709,-0.0125845277334,0.000131468928354,-0.0241624539735,-0.000164725070213,0.00978295322822,-0.00480643066758,0.573829000078,0.818959670422,0.00246653476651,0.0,0.818923861349,-0.57376911598,-0.0115523920462,0.0,-0.00804587661831,0.00864916827483,-0.999930225445,0.0,0.661523314054,0.26064286841,0.303624954534,1.0,-0.00326,-0.00428457142857,0.164
0.464912602901,0.545966856805,-0.124005595769,-1.35783750932,0.0793210639612,1.8949049794,0.158921348112,-0.00518658331422,-0.0142206485492,0.000173775371344,-0.0261199852306,-0.00525479331688,0.0126416956881,-0.00228033665677,0.573818967365,0.818966772471,0.00244237202998,0.0,0.818930703753,-0.573759224587,-0.0115586137776,0.0,-0.00806494241272,0.0086328514765,-0.999930212855,0.0,0.661481598111,0.260585625329,0.303615387065,1.0,-0.00352,-0.00462628571429,0.177
0.46485900199,0.545596972062,-0.124007733505,-1.3584525604,0.0792632745162,1.89511817028,0.158881745518,-0.000491853085741,-0.0205862418333,-0.000441582546858,-0.0331638858338,-0.00294283080857,0.00650303360182,-0.00333324492058,0.573850918802,0.818944502763,0.00240235013025,0.0,0.818908084212,-0.57379149008,-0.0115595166566,0.0,-0.0080883102846,0.0086009087912,-0.999930299373,0.0,0.661410363517,0.260485893408,0.303602991952,1.0,-0.00392,-0.005152,0.197
0.464814220093,0.54531720874,-0.124007443811,-1.35895438499,0.0792434124077,1.89527946189,0.158797205616,-0.00669478367566,-0.0251592506727,0.000739063041074,-0.0327045473508,-0.00299649057915,0.0103493894147,-0.0029063489784,0.573840839243,0.818951699595,0.0023562360882,0.0,0.818914556016,-0.573781438121,-0.0115999186844,0.0,-0.00814796546413,0.00858622841457,-0.999929941216,0.0,0.661347365953,0.260408277218,0.303576145602,1.0,-0.0042,-0.00552,0.211
0.464742130685,0.544823049326,-0.124010597605,-1.35979223101,0.0792159825472,1.89554692075,0.158715863409,-0.0018786587179,-0.0209667325211,-0.00140619135257,-0.0414228858492,-0.00303338392908,0.0169517316226,-0.0103298232657,0.573874754436,0.818928085086,0.00230316753673,0.0,0.818890008886,-0.573815283452,-0.0116585043709,0.0,-0.00822604230327,0.00857672734611,-0.999929383495,0.0,0.661242247542,0.260279519755,0.303550416401,1.0,-0.00462,-0.006072,0.232
0.464696953383,0.544534389085,-0.12401300031,-1.36028785725,0.0791877563899,1.89572561338,0.158644229735,0.00127757035217,-0.0214661754127,-0.000262456972321,-0.0380184441315,-0.00109837912034,0.0137925132057,-0.010422873365,0.573874942545,0.818928021812,0.00227866420802,0.0,0.818889613013,-0.573815545912,-0.0116733829824,0.0,-0.00825228636923,0.00856520134649,-0.999929266046,0.0,0.661185450845,0.260200771782,0.303534358735,1.0,-0.00486,-0.00638742857143,0.244
0.464615555371,0.543988087331,-0.124017933175,-1.36117936358,0.0791417160341,1.89602677052,0.158541683978,-0.00513299827802,-0.0271812318292,-0.000935264907215,-0.0442513004462,-0.00203693867714,0.0182110137646,-0.00710886151995,0.573898386664,0.818911687784,0.00224416935558,0.0,0.818872743545,-0.573839024116,-0.0117026143284,0.0,-0.00829577541759,0.00855396529035,-0.999929002374,0.0,0.661079756622,0.260058432335,0.303522853966,1.0,-0.00526,-0.00691314285714,0.264
0.464547258596,0.543582819799,-0.124017316432,-1.3618462987,0.07910438586,1.89626809925,0.158442038937,-0.0085351119877,-0.029134160554,0.000876621274632,-0.0475224536505,-0.00210756758292,0.0147905862486,-0.00355387156827,0.57389950493,0.818910948029,0.0022280798744,0.0,0.818871751662,-0.573840157963,-0.0117164132888,0.0,-0.00831629752122,0.00854872004492,-0.999928876761,0.0,0.661004802298,0.259950132568,0.303513031467,1.0,-0.00554,-0.00728114285714,0.278
0.464463596773,0.542959967478,-0.124023371259,-1.36284684437,0.0790494551886,1.89661766132,0.158325922299,-0.00573597075524,-0.0300178217855,-0.00127170205503,-0.0463365102125,-0.000840019294632,0.0221656107161,-0.0076721623892,0.573918120163,0.818897963362,0.00220541414613,0.0,0.818858418755,-0.573858801193,-0.0117351280164,0.0,-0.00834443677066,0.00854108899388,-0.999928707546,0.0,0.660886760735,0.25979557157,0.303507888141,1.0,-0.00594,-0.00780685714286,0.298
0.464409165666,0.5425263308,-0.124022718127,-1.36352406069,0.0790048477215,1.89685469453,0.158237066513,-0.0011208933696,-0.0366108871321,-0.000359694170912,-0.0542347623547,-0.00865800173141,0.0199284314388,-0.0104091512425,0.573915147691,0.8189000659,0.00219823109432,0.0,0.818860433547,-0.573855862034,-0.0117382656711,0.0,-0.00835115951773,0.00853697730647,-0.999928686534,0.0,0.660805924749,0.259694153463,0.303512754481,1.0,-0.0062,-0.00814857142857,0.311
0.464302358571,0.541760136699,-0.124023602722,-1.36472956507,0.0789238728728,1.89729629021,0.158075548167,-0.00665193577882,-0.0351739845721,0.00121018986321,-0.0583079254053,-0.00228643198973,0.0243285098095,-0.0137775708736,0.573916308978,0.818899260662,0.00219501184957,0.0,0.8188596455,-0.57385709571,-0.0117329269966,0.0,-0.00834862285475,0.00853128903416,-0.999928756264,0.0,0.660668734009,0.259506899055,0.303519044661,1.0,-0.00664,-0.00872685714286,0.333
0.464247248813,0.541317068984,-0.124037780201,-1.36540531808,0.078892956419,1.89754507173,0.157991365618,-0.00331111154275,-0.0338636251804,-0.00445374811189,-0.0571551087863,-0.00401984986804,0.0220951238448,-0.00886215558766,0.573931666663,0.818888454905,0.00221072956833,0.0,0.818849018682,-0.57387236621,-0.0117276939493,0.0,-0.00833515704693,0.00854131311879,-0.999928783028,0.0,0.660593416383,0.259399756686,0.303532691819,1.0,-0.00688,-0.00904228571429,0.345
0.464137755581,0.540529646174,-0.124033062872,-1.36660506653,0.0788207390365,1.89799864502,0.157831102628,-0.00497871946986,-0.0333771269263,7.26063324263e-06,-0.0578685559261,-0.000266733690053,0.0246790967717,-0.00612205823042,0.573934034802,0.818886696875,0.00224683730805,0.0,0.818847705863,-0.573874573971,-0.0117113130729,0.0,-0.00830099549525,0.00856150357536,-0.999928894537,0.0,0.660459029515,0.259217188648,0.303557388141,1.0,-0.00728,-0.009568,0.365
0.464060261781,0.53993071502,-0.124040979376,-1.36750238118,0.0787656989598,1.8983187701,0.157721060161,-0.0045303007743,-0.0402678832046,-0.00101910438565,-0.070407536245,-0.00146953091452,0.0228044931986,-0.00642824418654,0.573947784846,0.818877013246,0.00226370244322,0.0,0.818838264766,-0.573888283813,-0.011699605087,0.0,-0.00828158480576,0.00856873357848,-0.999928993558,0.0,0.660356338483,0.259075590195,0.303581547497,1.0,-0.00756,-0.009936,0.379
0.463944329979,0.539063629548,-0.124038620689,-1.36886793926,0.0786854490637,1.89883303599,0.157558870335,-0.0050817549434,-0.0449102333695,0.00130649822078,-0.0692487788711,-0.00487766443439,0.0308738647341,-0.00780489440361,0.573962384181,0.818866741725,0.00227766166569,0.0,0.818828141808,-0.573902795747,-0.0116962437829,0.0,-0.00827066787519,0.00857838259742,-0.999929001182,0.0,0.660200016795,0.258871610786,0.303588700317,1.0,-0.00796,-0.0104617142857,0.399
0.463864193701,0.538496228498,-0.12404817208,-1.36976546192,0.0786397655486,1.89918122808,0.15743355103,-0.00930552667662,-0.0442141259921,-0.00016790951555,-0.0663085132158,-0.00141756367016,0.0249850443883,-0.0113620341116,0.573969573371,0.818861656152,0.00229430379377,0.0,0.818823254298,-0.573909903894,-0.0116896250754,0.0,-0.00825562102557,0.00858828376726,-0.999929040534,0.0,0.660102231713,0.258730309626,0.303592810095,1.0,-0.00822,-0.0108034285714,0.412
0.463733123629,0.537528533887,-0.124053873974,-1.3712882926,0.0785480331556,1.89975651798,0.157261802072,-0.00459878254575,-0.0491972447929,-0.00092758137047,-0.0738554780838,-0.000709861328091,0.0232913011461,-0.00903266472175,0.57399979853,0.818840429117,0.00230864302895,0.0,0.818802239377,-0.573940099718,-0.0116791107917,0.0,-0.00823846389811,0.00859429479029,-0.999929130394,0.0,0.659930152321,0.258496625431,0.303601418682,1.0,-0.00864,-0.0113554285714,0.433
0.46365915351,0.536952919067,-0.124054432221,-1.37218370273,0.0784882032952,1.90008938827,0.157144676667,-0.0080376600814,-0.046460934233,-0.00133591082236,-0.0738100399936,-0.00216912120573,0.0293894733109,-0.00534644561776,0.573998142122,0.818841569016,0.00231615913026,0.0,0.818803521334,-0.573938462503,-0.0116696877045,0.0,-0.00822645096444,0.0085950237942,-0.999929223031,0.0,0.659826765074,0.258361668253,0.303610482869,1.0,-0.00888,-0.0116708571429,0.445
0.463519774078,0.53591491172,-0.12405916152,-1.37382162222,0.0784062544313,1.9007006987,0.156946652119,-0.00753430345064,-0.0558159747858,0.000631640429093,-0.0765328783393,-0.000681669502615,0.0260771863721,-0.00660729783044,0.57402164841,0.81882504352,0.00233284423419,0.0,0.818787075786,-0.57396176212,-0.0116776303888,0.0,-0.00822313114468,0.0086134811903,-0.999929091514,0.0,0.659637746145,0.258114382953,0.303616720885,1.0,-0.0093,-0.0122228571429,0.466
0.46342884942,0.535178430697,-0.124064153468,-1.37497912786,0.0783375914126,1.901119492,0.15680789105,-0.00740994852495,-0.0578319126579,-0.000438303779935,-0.0861626313076,-0.00906272678109,0.0308960466123,-0.00931263216297,0.57403108394,0.818818436398,0.00233019050386,0.0,0.818780421302,-0.573971192656,-0.0116806932451,0.0,-0.00822706315286,0.00861316119718,-0.999929061927,0.0,0.659500342,0.257941090915,0.303621934817,1.0,-0.00958,-0.0125908571429,0.48
0.463279105804,0.534127062785,-0.124062059242,-1.37668569312,0.0782355939591,1.90172647627,0.156602609786,-0.0101539469343,-0.0586788049128,-6.94408344146e-05,-0.0832800801222,-0.00957984272618,0.0287601290538,-0.00757624014638,0.574047394946,0.818807102369,0.00229442076834,0.0,0.818768553202,-0.573987560674,-0.01170826122,0.0,-0.00826999768642,0.0085998619996,-0.999928822223,0.0,0.659285216579,0.257668441021,0.303608537917,1.0,-0.01,-0.0131428571429,0.501
0.463177000158,0.533370632139,-0.124070546102,-1.37789827997,0.0781692629121,1.90218195446,0.156446903194,-0.00719632144054,-0.0559602206718,-0.000353662565946,-0.0838376281825,-0.00449989118005,0.0292226470168,-0.0120452714343,0.574060973933,0.81879759636,0.00228938954175,0.0,0.818758949576,-0.574001123132,-0.0117149491509,0.0,-0.00827821941938,0.00859971886676,-0.999928755421,0.0,0.659156862246,0.257493402933,0.30359997288,1.0,-0.01026,-0.0134845714286,0.514
0.463023333894,0.532278175837,-0.124067397173,-1.37967513709,0.0780730337576,1.90285865421,0.156225456904,-0.00769947206149,-0.0553319583333,0.000627630951518,-0.0897215522094,-0.00797718925719,0.0389238015698,-0.0137017095979,0.574074718567,0.818787966335,0.00228704788732,0.0,0.818749175963,-0.574014757289,-0.0117299691232,0.0,-0.00829171796691,0.00860656299937,-0.999928584693,0.0,0.658950983659,0.257227714384,0.303583052322,1.0,-0.01066,-0.0140102857143,0.534
0.462887994838,0.531295489525,-0.124068452778,-1.3812516128,0.077961810169,1.90343221036,0.156027597539,-0.010298064393,-0.0592252146728,0.000540385482901,-0.0916344143988,-0.00763919014824,0.0282060884829,-0.0102678746366,0.574080255905,0.818784159235,0.00225992607841,0.0,0.818745125321,-0.574020508284,-0.0117312716106,0.0,-0.00830829540666,0.00858516015953,-0.999928631079,0.0,0.658764901777,0.256984642871,0.303575021932,1.0,-0.011,-0.0144571428571,0.551
0.462718653033,0.5300168376,-0.124071318527,-1.38327910171,0.0778553613191,1.90415267634,0.155766486928,-0.0078424955555,-0.0596147462563,-0.00233335467212,-0.0981285715976,-0.0019000253371,0.0386617822141,-0.0117787396418,0.574088683375,0.818778293662,0.00224418122106,0.0,0.81873885753,-0.574028790403,-0.0117634119332,0.0,-0.00834356235795,0.00859080543737,-0.999928288943,0.0,0.658519018971,0.256679228592,0.303573439655,1.0,-0.01142,-0.0150091428571,0.572
0.462635803338,0.529480958668,-0.124074421676,-1.38415339539,0.0777961758676,1.90447434402,0.155649237325,-0.00916250333779,-0.0617836928794,-0.000549934123747,-0.0976249319989,-0.00910151841499,0.0389218654944,-0.0176050115325,0.574094268052,0.818774430467,0.0022249278967,0.0,0.818734797555,-0.574034502784,-0.0117672336019,0.0,-0.00835768552302,0.00857729239223,-0.999928287003,0.0,0.658418233334,0.256538385669,0.303562727659,1.0,-0.0116,-0.0152457142857,0.581
0.462476882549,0.528195898935,-0.12407735002,-1.38612722265,0.0776606545161,1.90521937103,0.155374383829,-0.00678198503131,-0.061179555485,0.000314890449043,-0.098804206778,-0.00354102256855,0.0411366242811,-0.00785021664386,0.574071906308,0.818790005162,0.0022629041686,0.0,0.818751012217,-0.574012150892,-0.0117293445166,0.0,-0.00830509546707,0.00858640755995,-0.999928646952,0.0,0.658187907181,0.256243284106,0.303592736592,1.0,-0.012,-0.0157714285714,0.601
0.462370893833,0.527348062698,-0.124078367398,-1.38744316485,0.0775852235895,1.90573470358,0.155192100869,-0.00441330532662,-0.0677050186436,-0.000876681010593,-0.106632756618,-0.0015346759541,0.0416682274314,-0.0150610155482,0.574061214384,0.818797387028,0.00230391786482,0.0,0.818758912613,-0.574001292646,-0.0117092253723,0.0,-0.00826519043697,0.00860833115955,-0.999928789095,0.0,0.658036438693,0.25605061583,0.303607889062,1.0,-0.01226,-0.0161131428571,0.614
0.462192258356,0.525977291968,-0.124083982627,-1.38955157869,0.0774463917428,1.90652722178,0.154898786736,-0.00845369347126,-0.066670289728,0.00177495503841,-0.106956576423,-0.00276832684747,0.0374915288412,-0.0128447880011,0.574048293468,0.818806370306,0.00233058244253,0.0,0.818768310833,-0.573988346849,-0.0116866486997,0.0,-0.00823153372202,0.00861707369754,-0.999928991426,0.0,0.657773445467,0.255717109077,0.303630079193,1.0,-0.01268,-0.0166651428571,0.635
0.462067850695,0.525019677845,-0.124088895352,-1.39105822685,0.0773480160787,1.90707148022,0.154703546224,-0.00768574907226,-0.0644216505316,-0.000734816851573,-0.105446964375,-0.00619307298403,0.0349073598183,-0.0140444326148,0.574047639229,0.818806820037,0.00233372182532,0.0,0.81876888538,-0.573987769262,-0.0116747579454,0.0,-0.00822000190388,0.00861281187815,-0.999929123008,0.0,0.657609445242,0.255498973515,0.303641503057,1.0,-0.01294,-0.0170068571429,0.648
0.461890681074,0.523626031142,-0.124096104449,-1.39328466023,0.0772110951098,1.907863039,0.154404149441,-0.00739198347201,-0.0639354867009,-0.000374180135713,-0.110491621227,-0.00912382946057,0.0383144981615,-0.018445959023,0.574035180681,0.818815661089,0.00229595219123,0.0,0.818777205844,-0.573975419252,-0.0116983839396,0.0,-0.00826115891055,0.00859532274493,-0.999928934315,0.0,0.657335180087,0.255163917732,0.303630543186,1.0,-0.01334,-0.0175325714286,0.668
0.461759009229,0.522704778776,-0.124098930247,-1.39476595374,0.077123490746,1.90842506456,0.154203926193,-0.0131801642315,-0.0765013781237,3.62124257318e-05,-0.118497729726,-0.00312011424814,0.0427388039059,-0.0138714509304,0.574036965375,0.818814408108,0.00229659706308,0.0,0.818775947696,-0.573977187256,-0.0116996959846,0.0,-0.00826184438629,0.00859662192725,-0.999928917483,0.0,0.657162025108,0.254935963715,0.303621838758,1.0,-0.0136,-0.0178742857143,0.681
0.461560008493,0.521188924003,-0.124102135751,-1.39719927894,0.0769734319004,1.90937416519,0.153871652064,-0.0077378850458,-0.0756110218748,0.000349217182843,-0.114700623325,-0.00268407656425,0.0496124569121,-0.0194213139901,0.574020087771,0.818826180384,0.00231776921846,0.0,0.818788051262,-0.573960292656,-0.0116814581933,0.0,-0.00823493484284,0.00860331903964,-0.99992908186,0.0,0.656877590317,0.254574539604,0.303611080488,1.0,-0.01402,-0.0184262857143,0.702
0.461436048872,0.520216077825,-0.124110329171,-1.39874837459,0.0768726402376,1.90994269902,0.153664318323,-0.00847619418824,-0.0671141219685,-0.00331903036121,-0.127969452718,-0.00749732180711,0.0416395038436,-0.0117278549861,0.574017201323,0.818828226093,0.00230990036317,0.0,0.818790010291,-0.573957451549,-0.0116837391161,0.0,-0.00824134952028,0.00859815611167,-0.999929073419,0.0,0.656674861631,0.25432266008,0.303607045985,1.0,-0.0143,-0.0187942857143,0.716
0.461232818868,0.518650733745,-0.124112002392,-1.40118175476,0.0767148439355,1.91080854345,0.153331993648,-0.0106542169947,-0.0844330422207,-0.000306848201919,-0.121753324527,-0.0063867337135,0.045618751246,-0.0180167038396,0.573994932175,0.818843868714,0.002298566613,0.0,0.818805560314,-0.573935283575,-0.0116829605891,0.0,-0.00824745095493,0.00858820464396,-0.999929108634,0.0,0.656389724846,0.2539701865,0.303622293297,1.0,-0.01468,-0.0192937142857,0.735
0.461101668463,0.517619197315,-0.124115282689,-1.40279924525,0.0766141979548,1.91138526268,0.153113887182,-0.00958360803864,-0.0815886912359,-0.000178553517631,-0.12569465421,-0.0065640707649,0.0399587191553,-0.0163483393158,0.573979457399,0.818854742186,0.00228923219876,0.0,0.818816269449,-0.573919800173,-0.0116930216807,0.0,-0.00826120962153,0.00858618011909,-0.999929012444,0.0,0.656171508801,0.253711770782,0.303624828871,1.0,-0.01496,-0.0196617142857,0.749
0.460872801486,0.515965497394,-0.124118108472,-1.40544921037,0.076443794316,1.91237460041,0.152741532604,-0.0144064558581,-0.0782892619377,-0.000660598895417,-0.130228238882,-0.00870252357603,0.050148105976,-0.0108387218723,0.573963180383,0.818866188789,0.00227581278201,0.0,0.818827616204,-0.573903651933,-0.0116910282584,0.0,-0.00826744966027,0.00857388319016,-0.999929066386,0.0,0.655869836566,0.253321690249,0.303610873008,1.0,-0.01536,-0.0201874285714,0.769
0.460716809695,0.514843044025,-0.124125815013,-1.40726133747,0.0763343203716,1.91305983341,0.152503527449,-0.0119055588396,-0.0768639498733,0.000224811113899,-0.13034260923,-0.0107216415911,0.0514325736894,-0.0166787143906,0.573967648952,0.818863076509,0.00226865318284,0.0,0.818824424298,-0.573908160248,-0.0116932747692,0.0,-0.00827335166519,0.00856935505082,-0.999929056387,0.0,0.655653334688,0.253043374384,0.303595006308,1.0,-0.01564,-0.0205554285714,0.783
0.460501448173,0.513280412138,-0.124131259885,-1.40978541595,0.0761860775637,1.91393862004,0.152151576779,-0.0131500231503,-0.0831124672341,-0.00134924925425,-0.132210274889,-0.0105242223842,0.044139565983,-0.0213824888955,0.573952308656,0.818873997773,0.00220682151984,0.0,0.81883443104,-0.573892938795,-0.0117395164388,0.0,-0.00834686617378,0.00854510852598,-0.999928652927,0.0,0.655318863913,0.252635847153,0.303568902912,1.0,-0.01604,-0.0210811428571,0.803
0.460338040688,0.512088589775,-0.124131596403,-1.41165570339,0.0760697652543,1.91459611911,0.151885439716,-0.0066001538839,-0.0873526555445,-0.00355592507924,-0.132262843942,-0.00179403547424,0.0461361963267,-0.0172493450875,0.573934557513,0.818886503184,0.00218300178457,0.0,0.818846527159,-0.573875178848,-0.0117639688675,0.0,-0.00838074614527,0.00853945610764,-0.99992841783,0.0,0.655098877186,0.252368065587,0.303566790474,1.0,-0.0163,-0.0214228571429,0.816
0.460096958485,0.510297904798,-0.124135154918,-1.41452600521,0.0759022997066,1.91569123973,0.151484190636,-0.0138654951329,-0.0894892942185,0.000821596225478,-0.142815268003,-0.0060773396451,0.0474760678988,-0.0235643533827,0.573911021956,0.818902961693,0.00219661290639,0.0,0.818863096453,-0.573851526522,-0.0117644241805,0.0,-0.00837355335138,0.00855062257638,-0.999928382664,0.0,0.654751090301,0.251938227933,0.303549494225,1.0,-0.01672,-0.0219748571429,0.837
0.459945561736,0.509156343905,-0.124146107611,-1.4163179406,0.0757835323865,1.916358342,0.151234683241,-0.0111459517905,-0.0874251154446,-0.00194408154933,-0.133979628985,-0.00777496619509,0.0498924464697,-0.0171982913166,0.573899644517,0.818910919069,0.00220262439827,0.0,0.818871235057,-0.573840232869,-0.0117488058097,0.0,-0.00835743177246,0.00854646578504,-0.999928553076,0.0,0.654533513762,0.251661188727,0.303553640971,1.0,-0.01698,-0.0223165714286,0.85
0.459679391947,0.507286643786,-0.124146551855,-1.4192640077,0.0755917188208,1.91741076269,0.150813666315,-0.0152631744612,-0.0891450643514,-0.00110722098069,-0.145107791471,-0.0161442583786,0.0494916281073,-0.0198246390567,0.573873844005,0.81892906877,0.00217678489468,0.0,0.818889042229,-0.573814527501,-0.01176313936,0.0,-0.00838426738922,0.00853326759149,-0.999928441142,0.0,0.654165713283,0.251202294603,0.303550452983,1.0,-0.0174,-0.0228685714286,0.871
0.459522928851,0.506194247988,-0.124152532201,-1.42097766483,0.075481655795,1.91804505022,0.150588871496,-0.0166950794685,-0.0968953864287,-0.00152212633683,-0.143451882872,-0.0100628449215,0.0528887040951,-0.0099699561063,0.573881001454,0.818924036165,0.00218313152518,0.0,0.818884133147,-0.573821701537,-0.0117549235107,0.0,-0.00837382238179,0.00853382334545,-0.999928523924,0.0,0.653957251488,0.250932787768,0.303553711848,1.0,-0.01764,-0.023184,0.883
0.459256085468,0.504201535089,-0.124155867457,-1.42402104051,0.0752929756938,1.91922551008,0.150169370998,-0.0138904082028,-0.0959895582138,0.000201645352838,-0.147461812994,-0.0075236637847,0.0524769363233,-0.0214087899654,0.573864513569,0.818935298753,0.00228985261169,0.0,0.818896835994,-0.573804870153,-0.0116914450918,0.0,-0.00826076754396,0.00858462378974,-0.999929029459,0.0,0.653593193768,0.250471085782,0.303600008751,1.0,-0.01806,-0.023736,0.904
0.459071517045,0.502910119483,-0.12415929792,-1.42592625062,0.0751680544745,1.91995030414,0.149895785528,-0.0172001533614,-0.0998981418201,-0.000899739107464,-0.147479596885,-0.00362695474348,0.053289390499,-0.0166480877537,0.573858044199,0.818939575433,0.00237987376295,0.0,0.818902363429,-0.573798161341,-0.0116334050797,0.0,-0.00816164576438,0.00862497339304,-0.999929496201,0.0,0.653367833618,0.250168436219,0.303657931203,1.0,-0.01832,-0.0240777142857,0.917
0.458791979497,0.500826466154,-0.124162529195,-1.42906604481,0.0749712448039,1.92106099888,0.14946188736,-0.0120606007133,-0.0967733074317,3.50577171036e-05,-0.150670592628,-0.00278515811261,0.0516521172774,-0.0254088005232,0.573840902982,0.818951447844,0.00242714658054,0.0,0.818914776563,-0.573780777751,-0.0116170009791,0.0,-0.00812126607831,0.0086541031498,-0.999929573288,0.0,0.652969917587,0.24968262065,0.303714153242,1.0,-0.01874,-0.0246297142857,0.938
0.458599237698,0.499515460604,-0.124167860519,-1.43106249569,0.0748447746445,1.92178448338,0.149185120412,-0.0113245135265,-0.0972690270609,-0.00680211339848,-0.153047987157,-0.00398236574306,0.0527404474815,-0.0229550457645,0.573843310864,0.818949670191,0.00245747275359,0.0,0.818913393444,-0.573783080405,-0.0116007577401,0.0,-0.00809053620653,0.0086696414995,-0.999929687798,0.0,0.652723644262,0.249362840545,0.303741313497,1.0,-0.019,-0.0249714285714,0.951
0.458225838655,0.497043267438,-0.124166390093,-1.43495121483,0.07460418766,1.92321747007,0.148619775135,-0.0178190687466,-0.0974311319797,-0.000344437874602,-0.159535795383,-0.0123264483852,0.0588144402219,-0.0220902945352,0.573817463305,0.818967741578,0.002470619865,0.0,0.818931553367,-0.573757102313,-0.0116036781471,0.0,-0.00808565806545,0.00868182887533,-0.999929621514,0.0,0.652241083754,0.248749872032,0.30373820811,1.0,-0.0195,-0.0256285714286,0.976
0.45810472665,0.496271553281,-0.124163913667,-1.43621068467,0.0745290062923,1.92366342892,0.148415574129,-0.0142782954449,-0.0972896612143,-5.57642027188e-06,-0.163157246885,-0.017799530867,0.0579990505118,-0.0248955980768,0.573791012593,0.818986374197,0.00243713940866,0.0,0.818949661573,-0.57373067595,-0.0116322906166,0.0,-0.00812858237576,0.00867056524083,-0.999929371229,0.0,0.652079278709,0.248551323827,0.303715136718,1.0,-0.01966,-0.0258388571429,0.984
0.457771991695,0.494197238995,-0.124163913671,-1.43959117961,0.0743175191065,1.92482771135,0.147951461722,-0.0168503573747,-0.10149948366,0.000342478976274,-0.158088685348,-0.0121613830459,0.0585096543133,-0.013587666531,0.573796251005,0.818983055953,0.00231587916722,0.0,0.818944596838,-0.573736171634,-0.0117174899029,0.0,-0.00826788122375,0.00862019447387,-0.999928664649,0.0,0.651641042986,0.248006023143,0.303651972109,1.0,-0.0202085714286,-0.0265598367347,1.005
0.457568922696,0.492974023763,-0.124167246799,-1.44156871158,0.0741883451602,1.92556858933,0.147669261958,-0.0196861001434,-0.104653900415,0.000627439372909,-0.164243935261,-0.00967156383026,0.0690877301243,-0.0245693251538,0.573798256402,0.81898170132,0.00229798927873,0.0,0.818943053386,-0.573738288684,-0.0117217025483,0.0,-0.00828157490515,0.00860798057114,-0.999928656549,0.0,0.651399104161,0.247682899747,0.303626648134,1.0,-0.0208942857143,-0.0274610612245,1.017
0.457210699539,0.490710613581,-0.124173559404,-1.44519110513,0.0739533688851,1.92685322822,0.14715714829,-0.0141823708169,-0.10582199329,0.000326704217018,-0.176810941817,-0.0150530011355,0.0572765298912,-0.0264698892872,0.573793943023,0.818984917036,0.00222789557623,0.0,0.818945321948,-0.573734202669,-0.0117631308961,0.0,-0.00835576776342,0.00857430300104,-0.999928328668,0.0,0.65093676651,0.247095843027,0.303588865428,1.0,-0.0220942857143,-0.0290382040816,1.038
0.456979850605,0.489267148142,-0.124177103548,-1.44752870928,0.0738111011107,1.92768606831,0.146827906753,-0.0182357781998,-0.112302216994,-0.000467816758306,-0.181844639318,-0.0112137208668,0.064843353128,-0.0262111150648,0.573793789326,0.818985163932,0.00217611865183,0.0,0.818944787888,-0.57373413861,-0.0118033676033,0.0,-0.00841843147221,0.00855498476161,-0.999927968529,0.0,0.650636808229,0.246719176952,0.303552312056,1.0,-0.0228371428571,-0.0300145306122,1.051
0.456579834333,0.486874846103,-0.124184519313,-1.4512055283,0.07357613654,1.92909989145,0.146293547592,-0.0238390920892,-0.121292005382,0.00169375379807,-0.183921227537,-0.0134783335352,0.0677974105441,-0.0240913097065,0.573807992356,0.818974934273,0.00227856119477,0.0,0.818935991871,-0.573748052492,-0.0117371367939,0.0,-0.00830526068837,0.00860102426817,-0.999928519959,0.0,0.650197176724,0.246108493344,0.303587270495,1.0,-0.02398,-0.0315165714286,1.071
0.456312494255,0.485254331635,-0.124198937861,-1.4536795081,0.0734199924644,1.93002170105,0.1459252235,-0.0249373213142,-0.124260887512,3.13392094532e-05,-0.190696279985,-0.0122061663822,0.0650205319593,-0.0351342830571,0.573815487441,0.818969531151,0.00233244939263,0.0,0.818931338252,-0.573755397671,-0.0117027250453,0.0,-0.00824607857731,0.00862548684613,-0.999928799048,0.0,0.649895940949,0.245691918276,0.303615268704,1.0,-0.0247228571429,-0.0324928979592,1.084
0.455839009083,0.482393933865,-0.124229244953,-1.45806802234,0.0731376033495,1.93150752786,0.145260712389,-0.024706818582,-0.132115274303,-0.00207886969373,-0.19907948161,-0.0189595969069,0.0743268828118,-0.0271202559811,0.573818843585,0.818967293526,0.00229211320975,0.0,0.818928509891,-0.573758833611,-0.0117321541818,0.0,-0.00829329002731,0.00860937375786,-0.999928547459,0.0,0.649329737009,0.2449402172,0.303640782712,1.0,-0.02598,-0.0341451428571,1.106
0.455554492223,0.480654654069,-0.124240251704,-1.46076915593,0.072977693595,1.93250505802,0.144863816077,-0.0230329858579,-0.130027801787,-1.03082837384e-05,-0.204877087195,-0.0156434919974,0.0819595481741,-0.0329466091214,0.573823615986,0.818963857972,0.0023246449803,0.0,0.818925415281,-0.573763399002,-0.0117248912444,0.0,-0.00826862515909,0.00863189653752,-0.999928557548,0.0,0.648991484058,0.244494090189,0.303647838978,1.0,-0.0267228571429,-0.0351214693878,1.119
0.455088883077,0.477895938291,-0.124252613359,-1.46500017975,0.0727158969298,1.93406208333,0.1442438406,-0.0205151914745,-0.147200149201,-0.0010291300958,-0.216611005672,-0.0146018364608,0.0817118385596,-0.0278234523414,0.57384079913,0.818951611634,0.00239623796977,0.0,0.818914043151,-0.573780258059,-0.0116941135547,0.0,-0.00820215701855,0.00867303937442,-0.999928748966,0.0,0.648463220434,0.243783856759,0.303680506336,1.0,-0.0278657142857,-0.0366235102041,1.139
0.454769841937,0.476055430576,-0.12426219479,-1.46782420414,0.0725411388328,1.93509673727,0.143844745527,-0.02572974607,-0.137359004549,-0.000844762076733,-0.217822547396,-0.0133619604567,0.0789354592406,-0.027313776875,0.573871294911,0.818930115275,0.00243927729871,0.0,0.81889306723,-0.573810553505,-0.0116764733766,0.0,-0.00816268978848,0.00869846763806,-0.999928851047,0.0,0.648110216314,0.24330359891,0.303700400373,1.0,-0.0286085714286,-0.0375998367347,1.152
0.454277350935,0.473124293288,-0.12427426956,-1.47235725782,0.0722462736532,1.93669627585,0.143193148898,-0.0250635472555,-0.151504291147,0.000226297074911,-0.230194811758,-0.00966494774579,0.0819088889829,-0.0276896689022,0.573886948721,0.818919166814,0.0024321211727,0.0,0.818881970852,-0.573826172606,-0.0116871017172,0.0,-0.00817533421737,0.00869886280317,-0.999928744309,0.0,0.647522940537,0.242541261815,0.303709256737,1.0,-0.0297514285714,-0.039101877551,1.172
0.453952414244,0.471181842941,-0.124266594527,-1.47536748672,0.072061846062,1.93776053523,0.14273201595,-0.024467868325,-0.15492115532,-0.00087514428365,-0.232151032581,-0.0170914586133,0.0844788004928,-0.0324827699283,0.573863464513,0.818935612791,0.00243579575917,0.0,0.818898260411,-0.573802460799,-0.0117099093702,0.0,-0.00819215392951,0.00871472585567,-0.999928468525,0.0,0.647126672059,0.242047786696,0.303711001715,1.0,-0.0304942857143,-0.0400782040816,1.185
0.453429723383,0.468081190448,-0.124267643381,-1.48006292693,0.0717506380236,1.93957104556,0.14197030784,-0.0265540931549,-0.160245875518,-0.000996927018891,-0.232648474099,-0.017372537505,0.0918628823587,-0.0453316424506,0.573806988491,0.818974652897,0.00260859571348,0.0,0.818939710497,-0.573745562701,-0.0115985668162,0.0,-0.00800241608818,0.0087917905832,-0.99992933038,0.0,0.646545333146,0.241267578547,0.30377400361,1.0,-0.0316371428571,-0.041580244898,1.205
0.453067052331,0.466008932285,-0.12426969488,-1.48325101992,0.0715312735062,1.94067022738,0.141489260992,-0.033301312114,-0.158975290383,0.000502622048144,-0.243900957819,-0.0142905910309,0.0827165445411,-0.0447580446193,0.573797413905,0.818981457152,0.00257828213088,0.0,0.818946069627,-0.573736036578,-0.0116207691359,0.0,-0.00803809582746,0.00877961032995,-0.999929151219,0.0,0.646088300178,0.240684804766,0.30377588896,1.0,-0.0324371428571,-0.0426316734694,1.219
0.452459978866,0.462608032913,-0.124278295611,-1.48861913514,0.0711733203311,1.94251970592,0.140691305131,-0.0234269935187,-0.163045794674,-0.00351640267024,-0.253999292093,-0.0174285004616,0.0922737050847,-0.0467637201159,0.573804616936,0.818976713391,0.00248020306411,0.0,0.818939966963,-0.573743491204,-0.0116826243873,0.0,-0.00814495377518,0.00873484939965,-0.999928678524,0.0,0.645407517203,0.239804609151,0.303731459675,1.0,-0.03358,-0.0441337142857,1.239
0.452078467071,0.460466007812,-0.124279785669,-1.49197614554,0.0709483989132,1.94370383345,0.140195051558,-0.0275523673924,-0.167121721526,-0.00246451232982,-0.256296472285,-0.0198615044072,0.0928395373064,-0.0386987485821,0.573806251764,0.818975662939,0.00244864275416,0.0,0.818938460283,-0.573745190188,-0.0117047813347,0.0,-0.00818119156378,0.00872173235266,-0.999928497188,0.0,0.644962427387,0.23923406327,0.30371148076,1.0,-0.0343228571429,-0.0451100408163,1.252
0.451445905642,0.457105942874,-0.124292005906,-1.49725869504,0.070596272271,1.94556646537,0.139381732657,-0.0306444032962,-0.164658735232,-0.00217833732902,-0.274426838455,-0.0201065730093,0.0952405933699,-0.040532826933,0.573814024667,0.818970417117,0.00238073177174,0.0,0.8189323033,-0.573753181123,-0.0117437925249,0.0,-0.0082520251123,0.00868857828903,-0.999928203767,0.0,0.644231978546,0.238262531965,0.303663777596,1.0,-0.0355228571429,-0.0466871836735,1.273
0.450976189123,0.454683578077,-0.124317679665,-1.50110851579,0.0703325553558,1.94686309937,0.138797374902,-0.0315721220824,-0.17701174192,0.000237571070352,-0.274636078309,-0.0181322988361,0.0886250818923,-0.0428734083157,0.573843385437,0.818950169404,0.00226625768931,0.0,0.818910515962,-0.573782918544,-0.0118100014712,0.0,-0.0083716239341,0.00863311969424,-0.999927689964,0.0,0.643750747327,0.237617091875,0.303616767128,1.0,-0.0362657142857,-0.0476635102041,1.286
0.450325684694,0.451024141293,-0.124358745763,-1.50656426133,0.0699644722075,1.94890519347,0.137919900098,-0.0325648418161,-0.189768283227,-0.00107559831032,-0.275563541971,-0.0191028943374,0.103839539375,-0.0422362924703,0.573835326691,0.818955266345,0.00245692234688,0.0,0.818918389931,-0.573774465075,-0.0116739351295,0.0,-0.00815086827744,0.00871110298703,-0.999928837483,0.0,0.643058334797,0.236659154286,0.303710216279,1.0,-0.0374085714286,-0.0491655510204,1.306
0.449841504626,0.448424170377,-0.124368088445,-1.51048666605,0.0696901403795,1.95027652494,0.137334070867,-0.0367044961569,-0.192865759587,0.00088488088986,-0.282915831091,-0.0252053300133,0.101459533324,-0.0522260801541,0.573860117953,0.818937799919,0.00248833027746,0.0,0.818901387748,-0.57379920198,-0.0116507447465,0.0,-0.00811358955442,0.00872376283135,-0.999929030295,0.0,0.642536908641,0.235964257238,0.303745291068,1.0,-0.0382085714286,-0.0502169795918,1.32
0.44915715074,0.444624941815,-0.124375661309,-1.51625597218,0.0692891823204,1.95225863009,0.136471705523,-0.0353633393724,-0.193853945671,7.66622557465e-05,-0.28527979131,-0.0234671299087,0.105583582891,-0.0482171652821,0.573867133854,0.818932884426,0.00248804921696,0.0,0.818896435741,-0.573806182668,-0.0116550059411,0.0,-0.00811716589051,0.00872604749367,-0.999928981335,0.0,0.641749229773,0.234962482734,0.303773753294,1.0,-0.0393514285714,-0.0517190204082,1.34
0.448702598384,0.442171261378,-0.124380535083,-1.5200544963,0.0690280239806,1.95362423581,0.135859514765,-0.0378972127231,-0.190541334826,-0.000730630521487,-0.288613082095,-0.0147025578094,0.110941578143,-0.0526866253022,0.573838521424,0.818952906993,0.00249686979787,0.0,0.818916597096,-0.573777568749,-0.011647124197,0.0,-0.0081059544019,0.00872846469632,-0.999929051187,0.0,0.64123906671,0.234304734678,0.30376344339,1.0,-0.0400942857143,-0.0526953469388,1.353
0.44790808858,0.438119166794,-0.124384145765,-1.52635916546,0.0686024438955,1.95582487027,0.134822870468,-0.0374233182192,-0.200110854169,-0.00170473008912,-0.302959066681,-0.0185614404076,0.112334155907,-0.0590273693699,0.573803299187,0.818977735854,0.0024472266332,0.0,0.818940621982,-0.573742357379,-0.0116923872045,0.0,-0.00817188455598,0.00871343141499,-0.999928645662,0.0,0.640380818293,0.233187901899,0.303723463505,1.0,-0.0412942857143,-0.0542724897959,1.374
0.447393985654,0.435538017443,-0.124395383004,-1.53031034776,0.0683393153799,1.95718978157,0.134209768724,-0.0356756465556,-0.200615938778,-0.000371500950223,-0.302041139528,-0.0239397046013,0.108319222662,-0.0480276714497,0.573830456415,0.818958726007,0.0024411656029,0.0,0.818921424984,-0.573769417683,-0.0117090535571,0.0,-0.0081887230757,0.00871830221533,-0.999928465452,0.0,0.63984305923,0.232473253355,0.303723677637,1.0,-0.0420371428571,-0.0552488163265,1.387
0.44657742868,0.431435469484,-0.124413808285,-1.53649387461,0.0678839885369,1.95939772848,0.133224338354,-0.0383116505027,-0.20588946915,-0.00333088213858,-0.313011243237,-0.0259117886701,0.110564595836,-0.0508323275981,0.573842041298,0.818950384455,0.00251522202269,0.0,0.818914341242,-0.573781054416,-0.0116340105745,0.0,-0.00808464634297,0.0087360039575,-0.999929157855,0.0,0.638972822876,0.231289332509,0.303768318362,1.0,-0.0432371428571,-0.0568259591837,1.408
