position_joint1,position_joint2,position_joint3,position_joint4,position_joint5,position_joint6,position_joint7,velocity_joint1,velocity_joint2,velocity_joint3,velocity_joint4,velocity_joint5,velocity_joint6,velocity_joint7,ee_T_00,ee_T_10,ee_T_20,ee_T_30,ee_T_01,ee_T_11,ee_T_21,ee_T_31,ee_T_02,ee_T_12,ee_T_22,ee_T_32,ee_T_03,ee_T_13,ee_T_23,ee_T_33,v_x,v_y,time
0.465075833377,0.547796727648,-0.124009815284,-1.35582651121,0.0795688771574,1.89409314601,0.15914860085,-7.8012665433e-05,-0.000778976981749,-0.00177640385692,-0.000120146342212,-0.000389095281723,6.25171995962e-05,-0.00140921078636,0.57382807016,0.818961684339,0.00196274869829,0.0,0.818918174192,-0.573768924871,-0.0119579150406,0.0,-0.00866707690048,0.00846928095116,-0.999926573833,0.0,0.661677140527,0.260890797023,0.30320664829,1.0,0.0,0.0,0.0
0.465075056254,0.547796648244,-0.124009824321,-1.35582936929,0.0795701557929,1.89409314455,0.159152964671,0.000980720914441,-0.00150956945469,0.00315897675333,0.000955414940332,0.000173892258477,-5.84701149361e-05,-0.000805856962215,0.573832781201,0.81895838731,0.00196111560063,0.0,0.818914841459,-0.573773628116,-0.0119604773191,0.0,-0.00867006372901,0.00846946369913,-0.999926546392,0.0,0.661676619721,0.260890145912,0.303205346818,1.0,-0.0002,-0.000262857142857,0.011
0.465072677225,0.547799464345,-0.1240129286,-1.35583480729,0.0795669663398,1.89409399905,0.159151793504,0.000641439153492,0.000890426375317,0.000798784190482,-0.00196355546162,8.02019360013e-05,0.00339785950235,-0.000234450137993,0.573835401905,0.818956571984,0.00195233851784,0.0,0.818912951801,-0.573776324591,-0.0119605022249,0.0,-0.00867509330464,0.00846231782562,-0.99992656327,0.0,0.661676980333,0.260885632114,0.303200934801,1.0,-0.00056,-0.000736,0.029
0.465072246062,0.54777548415,-0.124013011418,-1.35585926196,0.0795663554659,1.89409474181,0.159157954643,0.000521922367625,-0.00461885093833,-0.000320722647072,-0.00317326439083,-0.000188395537326,-3.77115907881e-06,0.000569983842478,0.573841994568,0.818951949798,0.00195348225754,0.0,0.818908326948,-0.573782894472,-0.0119619801207,0.0,-0.00867557927101,0.00846417238021,-0.999926543357,0.0,0.661672322628,0.260882662675,0.303206349637,1.0,-0.0009,-0.00118285714286,0.046
0.465071586165,0.547694246193,-0.124007727627,-1.35595721625,0.0795661255616,1.89410830714,0.159146923016,7.17813128794e-05,-0.00725646314941,0.000997850789774,-0.0133617611347,8.04446825673e-05,-0.000889065775548,-0.00185478317354,0.573835048045,0.818956809662,0.00195664145933,0.0,0.818913117989,-0.573775828132,-0.0119729335617,0.0,-0.00868280906927,0.00847297139481,-0.999926406083,0.0,0.661653691291,0.260875606978,0.303218280464,1.0,-0.0012,-0.00157714285714,0.061
0.465068409955,0.547556827545,-0.124007730582,-1.35614200808,0.0795626723773,1.89414101219,0.159150109105,-0.000934115040892,-0.0104388939888,0.000117241902174,-0.00839886580465,3.24471317519e-05,0.000733657060322,-0.000397785354376,0.573849418991,0.818946755716,0.001950006963,0.0,0.818902859629,-0.573790110466,-0.0119901010326,0.0,-0.00870052714279,0.00847754200848,-0.999926213332,0.0,0.661622500116,0.260855031283,0.303230507855,1.0,-0.00154,-0.002024,0.078
0.465053211456,0.547406036803,-0.124010514646,-1.35633904559,0.0795632151209,1.89421850918,0.159150105053,0.0001275716535,-0.00785623465078,0.000183442551998,-0.013871819738,-0.000840136391034,0.00546575254216,0.00105035931322,0.573874983563,0.818928762607,0.00198290616513,0.0,0.818885206151,-0.57381544498,-0.0119833697733,0.0,-0.00867587103421,0.00850089232402,-0.999926229325,0.0,0.661601338632,0.260827311986,0.303250364054,1.0,-0.00186,-0.00244457142857,0.094
0.465036059203,0.547221891421,-0.124006016965,-1.35654736592,0.079560744979,1.89434799496,0.159133326028,0.00176004157922,-0.015228857114,0.0019143015838,-0.0117100190946,-0.00017553180246,0.00482298191279,-0.000145557059606,0.57388343949,0.818922600324,0.00207833078669,0.0,0.818880252406,-0.573823466503,-0.011937688691,0.0,-0.00858361334933,0.0085529105548,-0.999926581956,0.0,0.661587848835,0.260804668816,0.303292739383,1.0,-0.0022,-0.00289142857143,0.111
0.465003765668,0.547007238698,-0.124007743249,-1.35681089515,0.079556004467,1.89448515828,0.159116627129,-0.000998279632313,-0.00999527485079,0.000297321910307,-0.0145274563445,0.000385963803495,0.0111640275768,-0.00138149049823,0.573911111523,0.818903000051,0.00215858259957,0.0,0.8188616681,-0.573850778294,-0.0118995659395,0.0,-0.00850604971019,0.00859703918282,-0.999926866344,0.0,0.661569525693,0.260762401694,0.303331307077,1.0,-0.00256,-0.00336457142857,0.129
0.464973998664,0.546794218322,-0.124007813874,-1.35713684193,0.0795502336428,1.89460680335,0.159096029009,-0.00215230819133,-0.0138638778228,0.000350120527126,-0.0225511979791,0.000479051477309,0.0118697324865,0.00019058933678,0.573935394081,0.818885942597,0.00217332457599,0.0,0.818844680574,-0.573874874836,-0.0119064700187,0.0,-0.00850298826414,0.00861332566373,-0.999926752223,0.0,0.661532739852,0.26071409882,0.303337594822,1.0,-0.00288,-0.00378514285714,0.145
0.464931312631,0.546513567234,-0.124007759933,-1.35753946045,0.0795396946829,1.89474720872,0.158980105154,-0.003913031746,-0.0168046467314,0.000261368228518,-0.0287801862478,-0.000670935094387,0.00904033684192,-0.00853064302552,0.573895030355,0.818914164566,0.00219820585961,0.0,0.81887308665,-0.573834273811,-0.0119097045227,0.0,-0.00849178335947,0.00863513810911,-0.999926659313,0.0,0.661487474152,0.260649612142,0.303356888589,1.0,-0.00322,-0.004232,0.162
0.464896260857,0.546248598941,-0.124013710941,-1.35797377392,0.0795274852668,1.89490590229,0.158934081969,0.000175541157502,-0.0119235135676,-0.00046347788697,-0.0267759095622,0.000383880495263,0.0163062119703,-9.31957505361e-05,0.57391128998,0.818902778786,0.00219477355136,0.0,0.818861553778,-0.573850441191,-0.0119236651453,0.0,-0.0085050144979,0.00864050808183,-0.999926500473,0.0,0.661437616772,0.260583698077,0.303351758952,1.0,-0.00354,-0.00465257142857,0.178
0.464841091222,0.54588740002,-0.124014430107,-1.35857171603,0.0795032263771,1.89510856821,0.158893277458,-0.00490718189229,-0.0181562526284,-0.00115433977538,-0.033408802962,-0.00295567661777,0.00463391486397,-0.00109254463923,0.573950483994,0.818875371009,0.00217153839853,0.0,0.818833709948,-0.573889589773,-0.0119516151027,0.0,-0.00854082440803,0.00863793042281,-0.999926217516,0.0,0.661366172141,0.260490377429,0.303340489974,1.0,-0.00392,-0.005152,0.197
0.46478761413,0.545561949515,-0.124014035755,-1.35913340472,0.0794340705727,1.89530126954,0.158799686704,-0.00279721507448,-0.0245391154405,-0.000506210662823,-0.0366512324272,-0.00898680272069,0.01356431332,-0.010960543758,0.573930352526,0.818889629444,0.00211474342667,0.0,0.818847510037,-0.573869977831,-0.0119478345865,0.0,-0.00857053508321,0.00858904267115,-0.999926384428,0.0,0.661301878503,0.2603947097,0.303320155072,1.0,-0.00424,-0.00557257142857,0.213
0.464720911518,0.545165124153,-0.124013807383,-1.35981669403,0.0793835090734,1.89552271467,0.158704617205,-0.00565606974557,-0.0242270420974,-0.00114908034342,-0.041277662013,-0.000194872199946,0.01288736152,-0.00617915126999,0.573931557496,0.818888939036,0.00205419968868,0.0,0.818846057207,-0.573871460657,-0.0119761488621,0.0,-0.00862845538413,0.0085557278093,-0.999926171914,0.0,0.661219629462,0.260281667735,0.303294981704,1.0,-0.00458,-0.00601942857143,0.23
0.464663788273,0.544763723169,-0.124014123168,-1.36048374862,0.0793645289114,1.8957530594,0.158663088676,-0.00732828868079,-0.0254674128304,-0.00046317216463,-0.0424481199564,-0.00414439284828,0.0196284733985,0.000851295645221,0.57397667919,0.818857361059,0.00203491708859,0.0,0.818814006986,-0.573916439447,-0.0120120521615,0.0,-0.00866845185836,0.00856102125129,-0.999925780675,0.0,0.661138795085,0.260182359111,0.303281589132,1.0,-0.0049,-0.00644,0.246
0.464595150847,0.544313329283,-0.124012327815,-1.36123639666,0.079342217447,1.89601801975,0.158537626034,-0.00426673757788,-0.0248834983313,0.000330467886069,-0.0494914877369,0.000522117836231,0.0119365150414,-0.00699191286101,0.573964918845,0.818865651036,0.00201603334097,0.0,0.818821796456,-0.573904510795,-0.0120509352057,0.0,-0.00871125399315,0.00856775104508,-0.999925351062,0.0,0.661049083019,0.26006895725,0.303265025144,1.0,-0.00524,-0.00688685714286,0.263
0.464536589079,0.543838032541,-0.124017319106,-1.36200821676,0.0793063310377,1.89629289089,0.158443913218,-0.00436638032953,-0.0275591706792,2.12231054222e-05,-0.0538038009195,-0.000817809108501,0.0164238659829,-0.0117801110494,0.573973071527,0.818859971513,0.00200177824739,0.0,0.81881583291,-0.57391262779,-0.0120695625468,0.0,-0.00873460399723,0.00856685654845,-0.99992515503,0.0,0.66095719061,0.259954817789,0.303257969486,1.0,-0.00556,-0.00730742857143,0.279
0.464452060607,0.543309273748,-0.124022311091,-1.36285889118,0.0792598877187,1.89658727305,0.158349204056,-0.00109857953699,-0.0301747637536,-0.001621741479,-0.0508781127675,-0.00273875594686,0.0198487001157,-0.000141833976021,0.574003136599,0.818838950576,0.00197967044646,0.0,0.81879446553,-0.573942728666,-0.0120877760904,0.0,-0.00876189312434,0.00855952939299,-0.999924979029,0.0,0.660859669783,0.259814477837,0.303252828695,1.0,-0.0059,-0.00775428571429,0.296
0.46438324156,0.542750625606,-0.124026169592,-1.36374886539,0.0792013679637,1.89689846076,0.158221399608,-0.0043716434767,-0.0355424753566,-0.000223952940049,-0.0530323871996,-0.00121776773323,0.0197649486788,-0.00254769313259,0.573991366011,0.818847250927,0.00195915654785,0.0,0.818802523331,-0.573931074069,-0.0120953257606,0.0,-0.008779972468,0.0085469394357,-0.999924928137,0.0,0.660753436905,0.25968009872,0.303251461076,1.0,-0.00624,-0.00820114285714,0.313
0.464304114022,0.542168050883,-0.124023793824,-1.36466472969,0.0791573759892,1.89724410397,0.158102226748,-0.00277376749546,-0.0337640606153,-0.000583901894373,-0.0555241957412,-0.00273114377508,0.0208098341497,-0.0110073043843,0.573996165383,0.818843846814,0.00197574360576,0.0,0.818799221032,-0.57393568817,-0.0120999331825,0.0,-0.00877417499739,0.00856321744198,-0.999924839756,0.0,0.660649041743,0.259544458621,0.303257434625,1.0,-0.00658,-0.008648,0.33
0.464205061488,0.541456823765,-0.124026184677,-1.36573164039,0.0790954800496,1.89764053019,0.157968919972,-0.00699809547282,-0.0380760644897,-0.000158131089358,-0.0564315412078,-0.000226687025113,0.0286111014148,-0.00897994692461,0.574012499337,0.818832309701,0.00201149096973,0.0,0.818788139914,-0.573951853404,-0.0120829968147,0.0,-0.00873961748447,0.00858294139889,-0.999924973287,0.0,0.660530427047,0.259377215808,0.303286928921,1.0,-0.00696,-0.00914742857143,0.349
0.464129756123,0.540899578393,-0.124024403697,-1.36660592603,0.0790475458236,1.89796596514,0.157849186298,-0.00749328686037,-0.040884655796,-0.000303575817701,-0.0718594312841,-0.00222012671341,0.0245527758236,-0.010457087919,0.574010603567,0.818833614397,0.00202134303092,0.0,0.818789513646,-0.573949856491,-0.0120847622597,0.0,-0.00873542820176,0.00859200157849,-0.999924932084,0.0,0.66042998072,0.259246367202,0.303292875478,1.0,-0.00724,-0.00951542857143,0.363
0.464017921205,0.540087613707,-0.124027250405,-1.36784506231,0.0789662456197,1.89840830346,0.157697334106,-0.00673145353705,-0.0490571475978,5.95336298337e-05,-0.0679650721091,-0.00655816229578,0.0212054981987,-0.0103631003096,0.574026627589,0.818822358205,0.00203062144391,0.0,0.818778421714,-0.573965880704,-0.0120752152719,0.0,-0.00872211674713,0.00859428958759,-0.999925028623,0.0,0.660287496822,0.259051296108,0.303315358448,1.0,-0.00762,-0.0100148571429,0.382
0.463912028239,0.539346989555,-0.124036367748,-1.3689879987,0.0789019544381,1.89884932575,0.157562375416,-0.00679426049709,-0.0507914219621,-0.00460367211818,-0.0640240330675,-0.0134924485756,0.0194430532356,-0.0134150492647,0.574055409302,0.818802099715,0.00206287523848,0.0,0.818758607631,-0.573994542977,-0.0120562832097,0.0,-0.00868779814418,0.00861013722241,-0.999925191052,0.0,0.660163807723,0.258869664166,0.30333320139,1.0,-0.00796,-0.0104617142857,0.399
0.463818695112,0.53868395388,-0.124036793627,-1.37002207711,0.0788413358169,1.8992553462,0.157435768854,-0.00548384450191,-0.0464938805336,0.000272353616474,-0.0659662488035,-0.000248790374367,0.0241322956516,-0.00997598445754,0.574069571381,0.818792096349,0.00209214530418,0.0,0.818748998198,-0.574008590201,-0.0120400675947,0.0,-0.00865756949454,0.00862494437227,-0.999925325624,0.0,0.660050615867,0.258711497654,0.303344609502,1.0,-0.00826,-0.010856,0.414
0.463698772781,0.53790464963,-0.124040299856,-1.37125060624,0.0787700006455,1.89972795439,0.157276608488,-0.00462620561182,-0.04102388625,-0.00066515949664,-0.0763342664789,-0.00609281754853,0.0300621109897,-0.00797064485411,0.574088776111,0.818778581852,0.0021113848585,0.0,0.818735740647,-0.574027716837,-0.012029721199,0.0,-0.00863785093911,0.00863496041576,-0.999925409713,0.0,0.659916706631,0.258515234494,0.303351350566,1.0,-0.0086,-0.0113028571429,0.431
0.463603968363,0.537128610713,-0.124047875925,-1.37244281534,0.0787035949583,1.90017358724,0.157125781009,-0.00425138865317,-0.0465035338684,-0.000717083226413,-0.077489563742,-0.00983586842483,0.0290121922138,-0.0130466112288,0.574096185482,0.81877331909,0.00213744298896,0.0,0.818730802621,-0.574035000219,-0.0120182471235,0.0,-0.00861341883535,0.00864978677891,-0.999925492327,0.0,0.659779650401,0.258336438205,0.303370728885,1.0,-0.00892,-0.0117234285714,0.447
0.463487475127,0.536282209622,-0.124049273678,-1.37376854615,0.0786299628679,1.90067574289,0.156964888089,-0.00770231160523,-0.0422247202908,0.0014848573038,-0.0769170243889,-0.00214359102143,0.028797921627,-0.0043096040693,0.574114160021,0.818760659162,0.00215897490484,0.0,0.818718376831,-0.574052835211,-0.012012856755,0.0,-0.0085964543583,0.00866451041376,-0.999925510842,0.0,0.659629076271,0.258134667195,0.303380788081,1.0,-0.00926,-0.0121702857143,0.464
0.463373178765,0.535397455869,-0.124058795938,-1.37516803554,0.0785397398971,1.90117950491,0.156796609005,-0.00797266042175,-0.0482861597134,-0.00121147460096,-0.0828097270143,-0.0105709879138,0.0349571323264,-0.00731495100809,0.574129297178,0.818750084485,0.00214387006082,0.0,0.818707665422,-0.574068094381,-0.0120136795084,0.0,-0.0086056393973,0.00865277481787,-0.999925533457,0.0,0.659464591263,0.257918830093,0.303383023176,1.0,-0.0096,-0.0126171428571,0.481
0.463248944139,0.53444570002,-0.124056380818,-1.37670691131,0.0784680270474,1.90173660371,0.156596396853,-0.00605610275015,-0.0511698753449,0.000401017995535,-0.0870120384078,-0.00223731040326,0.0359091198766,-0.0152635618124,0.574130612175,0.818749199163,0.00212977340041,0.0,0.818706347933,-0.574069219478,-0.0120496473927,0.0,-0.00864316820707,0.00866189720497,-0.999925130787,0.0,0.65927856323,0.257694319495,0.303370297882,1.0,-0.00996,-0.0130902857143,0.499
0.463127420091,0.53358222088,-0.124061643592,-1.37809244376,0.0783882943465,1.90224106122,0.156431993681,-0.00884747998082,-0.0585415533689,0.000632287173091,-0.0870755982264,-0.00822584808541,0.0370683742606,-0.00616858394207,0.574153697183,0.81873304953,0.00211483324651,0.0,0.818689960548,-0.574092322351,-0.012062371929,0.0,-0.00866191979289,0.00865721486518,-0.999925009076,0.0,0.659116496204,0.257479342203,0.303363757706,1.0,-0.01028,-0.0135108571429,0.515
0.463004328403,0.532694389119,-0.124058489129,-1.37952921837,0.0783091291882,1.90278359367,0.156252531538,-0.0120713641593,-0.0590461504132,0.000353555384154,-0.088702229717,-0.00592407606065,0.0291383410845,-0.00812613924635,0.574162785438,0.818726682061,0.0021125340922,0.0,0.818683470153,-0.574101326449,-0.0120743351782,0.0,-0.00867293873498,0.00866229743571,-0.999924869546,0.0,0.658948843828,0.257265144036,0.303352872073,1.0,-0.0106,-0.0139314285714,0.531
0.462873212657,0.531717237742,-0.124056358258,-1.38109063267,0.0782221348475,1.90335702158,0.15605101935,-0.0127355491162,-0.0573519634854,0.000385366195291,-0.0903843173969,-0.0018014512335,0.0333338520955,-0.00954865244701,0.574168266054,0.818722840556,0.00211175525851,0.0,0.818679499947,-0.574106691353,-0.0120884329522,0.0,-0.00868487055071,0.00866981224725,-0.999924700855,0.0,0.658751867213,0.257018978965,0.303353372387,1.0,-0.01096,-0.0144045714286,0.549
0.462734000914,0.530714166452,-0.124061885064,-1.38273784552,0.0781151927197,1.90392843372,0.155846892515,-0.00981258269346,-0.062767819582,-0.000230194555001,-0.0981633884782,-0.00725689277936,0.0361999171777,-0.00681616500351,0.574177070441,0.818716849413,0.0020394036789,0.0,0.818672573755,-0.574115818837,-0.0121239615593,0.0,-0.00875540626591,0.00863107076386,-0.999924420883,0.0,0.658561890316,0.256776518478,0.303320685894,1.0,-0.01128,-0.0148251428571,0.565
0.462587081823,0.529694076175,-0.124064107229,-1.38436803174,0.0780133534864,1.9045319099,0.15563005278,-0.00880864087479,-0.0533204259039,6.71111410241e-05,-0.0982966578855,-0.00716554019912,0.0337509711077,-0.0103941108925,0.574182660089,0.818712951552,0.00203044705028,0.0,0.818668572315,-0.574121460321,-0.0121270113437,0.0,-0.00876298673978,0.00862554888864,-0.999924402127,0.0,0.658372089157,0.256522839622,0.303315765692,1.0,-0.01162,-0.015272,0.582
0.46244507515,0.528600074321,-0.124072814632,-1.38604253819,0.0779159214034,1.90516788216,0.155394197246,-0.0159988311256,-0.0677148657016,-0.00109274057871,-0.0997825721938,-0.00291738801958,0.0409957180292,-0.0137295284267,0.574176697954,0.81871701497,0.00207745667343,0.0,0.81867326558,-0.574115309324,-0.0121013522334,0.0,-0.00871505108873,0.00864923922977,-0.999924616431,0.0,0.658179869935,0.256267269513,0.303344569883,1.0,-0.01196,-0.0157188571429,0.599
0.462314910526,0.52755547817,-0.124070987067,-1.38765790553,0.0778059752335,1.90580259607,0.155173871563,-0.0113016532816,-0.0628382500836,-0.000843361370552,-0.0995078560978,-0.00898060674937,0.0360957739936,-0.0195540972725,0.574159635577,0.818728861223,0.00212404697265,0.0,0.818685858589,-0.574098186754,-0.0120616671061,0.0,-0.00865599011327,0.00866441642643,-0.999924998049,0.0,0.65799472359,0.256029912677,0.303366009192,1.0,-0.01228,-0.0161394285714,0.615
0.462162663699,0.526400652875,-0.124076104638,-1.38943896701,0.0777006676476,1.90648295329,0.154924055397,-0.00822129990105,-0.0642441343625,-0.00113605677169,-0.100589913115,-0.0120116322341,0.0453457032909,-0.0148994781347,0.574151365843,0.81873454115,0.00216959197843,0.0,0.818692146299,-0.574089738584,-0.0120369656322,0.0,-0.00860970480546,0.00868743543179,-0.999925197927,0.0,0.657789239503,0.255759633941,0.303390098465,1.0,-0.01262,-0.0165862857143,0.632
0.462020963662,0.525211477267,-0.124076872268,-1.39128398551,0.0775790070705,1.90713311244,0.15468091269,-0.00961219905714,-0.0695543645939,0.000203866148378,-0.110249967517,-0.0111901056352,0.0395319761169,-0.0147935977871,0.574135227661,0.818745882442,0.00216038071565,0.0,0.818703384462,-0.574073658479,-0.0120395104778,0.0,-0.00861724787793,0.00868118523246,-0.999925187233,0.0,0.657560248058,0.255487075173,0.303404818229,1.0,-0.01296,-0.0170331428571,0.649
0.461858482308,0.524039848438,-0.124082950094,-1.39318493733,0.077469151429,1.90781149609,0.154426078418,-0.015327702165,-0.0694407740928,-0.000280685319884,-0.107269088397,0.000479478103125,0.0436413139346,-0.0170143603108,0.574136468802,0.818745122677,0.00211806167587,0.0,0.818701974512,-0.574074981087,-0.0120722790455,0.0,-0.00866836026435,0.00866536377284,-0.999924882679,0.0,0.657328546219,0.255194726522,0.303382954342,1.0,-0.0133,-0.01748,0.666
0.461705008838,0.522822158698,-0.124082184952,-1.3951066032,0.0773495631098,1.9085517472,0.154169499209,-0.00854241575423,-0.0719758265855,9.51273428358e-05,-0.115851607343,-0.00575136063157,0.0381174439307,-0.0164257640699,0.574122551595,0.818754810384,0.00214548946153,0.0,0.818712056957,-0.574060985553,-0.0120540267301,0.0,-0.00863781687976,0.00867719373641,-0.999925044405,0.0,0.657101599368,0.25491306577,0.30338840291,1.0,-0.01364,-0.0179268571429,0.683
0.461538903971,0.52158496509,-0.124084443057,-1.39707126862,0.0772251693118,1.90930489071,0.153896488051,-0.0108871200614,-0.0746852689598,-6.84042253598e-05,-0.119479672093,-0.0105689119357,0.0471636826865,-0.0168079243268,0.574108375875,0.818764706919,0.00216202576852,0.0,0.818722231222,-0.574046804008,-0.0120383475701,0.0,-0.00861563601508,0.00868158188018,-0.999925197678,0.0,0.656871126499,0.254616639499,0.303387971974,1.0,-0.01398,-0.0183737142857,0.7
0.461380853478,0.520390700438,-0.124090406844,-1.39898186767,0.0771058757562,1.91001568596,0.153654162258,-0.0140295247444,-0.0743191338064,-0.000344611013914,-0.119957485169,-0.0136042526007,0.0480398134719,-0.00989266053147,0.574113444305,0.818761177684,0.00215264658969,0.0,0.818718607649,-0.574051939599,-0.0120398934261,0.0,-0.00862223237536,0.00867484352021,-0.999925199302,0.0,0.656641672474,0.254327208587,0.303379241201,1.0,-0.0143,-0.0187942857143,0.716
0.461215037317,0.519065588158,-0.124092893186,-1.40104223341,0.0769765300241,1.91074882974,0.15336071791,-0.00876890566247,-0.0789373738296,-0.000402326067659,-0.122078964486,-0.00519896830709,0.0427942433192,-0.0168031298863,0.574085228661,0.818780970473,0.00214930817841,0.0,0.818738327599,-0.57402371222,-0.0120447345878,0.0,-0.00862841173931,0.00867459220628,-0.999925148179,0.0,0.656385804385,0.254018618715,0.303392536029,1.0,-0.01464,-0.0192411428571,0.733
0.461031039159,0.517629374698,-0.124099314202,-1.40328985572,0.0768401299766,1.91155215972,0.153056262253,-0.00635406506869,-0.079296588233,-0.000587158839532,-0.125331260078,-0.0123591005322,0.0452685725138,-0.0205656047439,0.574073450979,0.818789247545,0.00214193548563,0.0,0.818746455285,-0.574011913878,-0.0120545255345,0.0,-0.00864078576633,0.00867405216221,-0.999925046011,0.0,0.656107684825,0.253678703167,0.303400485118,1.0,-0.015,-0.0197142857143,0.751
0.46086669118,0.516454361101,-0.124103179296,-1.40516902693,0.0767109803841,1.91225588864,0.152784848772,-0.00807080746401,-0.0772810912475,-0.000183010180558,-0.125473910067,-0.00697007912186,0.0441518040389,-0.0255004410889,0.574053113876,0.818803533823,0.00213127886906,0.0,0.818760727332,-0.573991749818,-0.0120453069966,0.0,-0.00863956978586,0.00865982015432,-0.999925179875,0.0,0.655883362684,0.253387927306,0.303391446434,1.0,-0.0153,-0.0201085714286,0.766
0.460671731913,0.515000944588,-0.124104015858,-1.40749301137,0.0765701807924,1.91313239545,0.152477222813,-0.0103780092759,-0.0808751083461,-0.000120987220478,-0.132449826876,-0.00776475658922,0.0489326901892,-0.0187066370512,0.57404627984,0.818808316779,0.00213445002282,0.0,0.818765527627,-0.573984879102,-0.0120464199091,0.0,-0.00863873309308,0.00866298342263,-0.999925159704,0.0,0.655602319964,0.253039566749,0.303380475313,1.0,-0.01566,-0.0205817142857,0.784
0.460483934549,0.513589552398,-0.124109010739,-1.40976837929,0.0764292834755,1.91391754145,0.152171670402,-0.0140767468302,-0.0818113733536,-0.00134879324911,-0.130721642352,-0.013109757976,0.0486209589579,-0.0202896795184,0.574034748216,0.818816576924,0.00206593704863,0.0,0.818772796265,-0.573973545803,-0.0120922998391,0.0,-0.0087157501534,0.00863309956163,-0.999924749814,0.0,0.655311664986,0.252692635561,0.303354933342,1.0,-0.016,-0.0210285714286,0.801
0.460299996741,0.512266459221,-0.124115621367,-1.41190513335,0.0762993723645,1.91467286527,0.151869025012,-0.0125821875715,-0.0852917765816,-0.00185821214439,-0.135714800533,-0.0131827874609,0.052797102602,-0.0178475337385,0.574019097087,0.81882767536,0.00201522823356,0.0,0.81878315303,-0.573958039918,-0.0121269793515,0.0,-0.00877341878014,0.00861131845947,-0.999924433303,0.0,0.655043659449,0.252362369296,0.303330551096,1.0,-0.01632,-0.0214491428571,0.817
0.460105515586,0.510823967313,-0.124121669332,-1.4142157897,0.0761601737601,1.91556120667,0.1515354486,-0.0113729677128,-0.0833440310748,-0.000669301427325,-0.138990430333,-0.00682104161367,0.0530961018315,-0.0210289653367,0.573993082705,0.818845876354,0.00202945492062,0.0,0.818801552241,-0.5739319785,-0.0121181270755,0.0,-0.00875827793101,0.00861760787152,-0.999924511852,0.0,0.654766142089,0.25201395852,0.303318107783,1.0,-0.01666,-0.021896,0.834
0.459917986321,0.509398637979,-0.124122257757,-1.41644121907,0.0760218194163,1.91638319346,0.151224566766,-0.00923077994086,-0.0858279360607,-0.000358703334237,-0.136973619077,-0.00853404043408,0.0472454819308,-0.0187651511657,0.57397110304,0.818861240704,0.00204652103353,0.0,0.818817121074,-0.573909908784,-0.0121113886917,0.0,-0.00874319640466,0.00862747969332,-0.99992455871,0.0,0.654491327623,0.251678934528,0.303327755189,1.0,-0.01698,-0.0223165714286,0.85
0.459704623932,0.507887387961,-0.124126999279,-1.41881837913,0.0758656985018,1.91722571828,0.150883149587,-0.00824853137325,-0.0930656679913,-0.000101832827181,-0.134467223132,-0.00950840290709,0.0515741745909,-0.0249009394664,0.573950613084,0.818875666191,0.00202088167818,0.0,0.818831225078,-0.57388954701,-0.0121226882924,0.0,-0.00876738037981,0.00861275122005,-0.999924473927,0.0,0.654194081341,0.251306371431,0.303326725722,1.0,-0.01732,-0.0227634285714,0.867
0.459446038808,0.506040970055,-0.124131596348,-1.42167291632,0.0756915881325,1.91828259232,0.150498914374,-0.0116982209103,-0.0870590529042,0.000801989905912,-0.144065707477,-0.00827844854056,0.0538711343336,-0.022388990039,0.573951744201,0.818874771641,0.00206169809039,0.0,0.818830835736,-0.573890471909,-0.012105189064,0.0,-0.00872961311252,0.00863614262005,-0.999924602605,0.0,0.653845350751,0.250863739338,0.303350805512,1.0,-0.01772,-0.0232891428571,0.887
0.459242465612,0.504596983756,-0.12413408747,-1.42385670027,0.0755509145573,1.91913797314,0.150205579419,-0.0102187543994,-0.0990993680666,0.00123431407935,-0.148475333217,-0.00501918695974,0.0554790956823,-0.0164334172974,0.573954829155,0.818872370809,0.00215437128507,0.0,0.818829769648,-0.573893283449,-0.0120438552921,0.0,-0.00862616720661,0.00867685930607,-0.999925147875,0.0,0.653589426479,0.250524372744,0.303394631197,1.0,-0.01802,-0.0236834285714,0.902
0.459012613001,0.50292076873,-0.124140055973,-1.42633306944,0.0753921588265,1.92007550202,0.149851322974,-0.0108823729245,-0.104717189672,-0.000137127441544,-0.14696211595,-0.0181885450804,0.0577537632545,-0.0198774065682,0.573941539878,0.818881380209,0.00226734446349,0.0,0.818840357143,-0.573879632638,-0.011974291556,0.0,-0.0085045053267,0.008729304551,-0.999925733558,0.0,0.653293149355,0.250136916759,0.303468027516,1.0,-0.01836,-0.0241302857143,0.919
0.458803168709,0.501424590248,-0.124147495005,-1.42858745242,0.0752500353619,1.92086796253,0.149549614679,-0.0150544106741,-0.109759945601,-0.000346370375574,-0.157115348185,-0.0117214870317,0.0505800487987,-0.0260272721662,0.573947996858,0.818876775764,0.00229563023823,0.0,0.818836099368,-0.573885951001,-0.0119626300443,0.0,-0.00847865321829,0.00874584084549,-0.999925808602,0.0,0.6530098601,0.24977892983,0.303508314182,1.0,-0.01866,-0.0245245714286,0.934
0.458563495848,0.499710889954,-0.124146894995,-1.43117409919,0.0750850937883,1.92179368896,0.149177634027,-0.0102030978014,-0.101200604141,-3.05301227522e-05,-0.155794242547,-0.00760899237336,0.061203014208,-0.0283833398128,0.573926316819,0.818891844745,0.00234016539545,0.0,0.81885171891,-0.573864063242,-0.0119434609411,0.0,-0.00843762839066,0.00877108387511,-0.999925934515,0.0,0.652684819539,0.249374809497,0.303552958498,1.0,-0.019,-0.0249714285714,0.951
0.458305945924,0.498047448133,-0.124147919998,-1.43380993382,0.0749209462818,1.92278319357,0.148797588867,-0.0171467233423,-0.103623150234,0.000228610289054,-0.159390049919,-0.00834612537349,0.0519255560756,-0.0233525585189,0.573916596508,0.81889862357,0.00235190773444,0.0,0.818858639799,-0.573854285772,-0.011938744889,0.0,-0.00842713167204,0.00877789280329,-0.999925963284,0.0,0.652362930189,0.248956072044,0.303544230193,1.0,-0.01934,-0.0254182857143,0.968
0.458062775535,0.496464687916,-0.124142640514,-1.43632072469,0.0747701358029,1.92367194127,0.148415574129,-0.017694591481,-0.10057914222,-7.96712126951e-05,-0.157055871608,-0.00483030704144,0.0679062264591,-0.0265814446474,0.573888548111,0.818918414009,0.0023048743831,0.0,0.818877620464,-0.573826227028,-0.0119854402718,0.0,-0.00849266387763,0.00876588573681,-0.99992551418,0.0,0.652019576317,0.248532679748,0.303516805233,1.0,-0.01968,-0.0258651428571,0.985
0.457778031125,0.494703273089,-0.124153280284,-1.43922924714,0.0745856661464,1.92467257525,0.148010245347,-0.0175513949819,-0.103312250351,-0.00594286594179,-0.164720092335,-0.0070311127364,0.0609140420322,-0.0202693597373,0.573890944407,0.818917039899,0.00219376213692,0.0,0.818874699692,-0.573828985082,-0.0120527583953,0.0,-0.00861153072583,0.00871355297216,-0.999924954951,0.0,0.651666435256,0.248084500388,0.303459127129,1.0,-0.0207205714286,-0.0272327510204,1.002
0.45749655061,0.492673246766,-0.124219996624,-1.44231284574,0.0744064221625,1.92579789039,0.14757679781,-0.0157930946747,-0.155695051585,-0.00491092577983,-0.227140340436,-0.00771853799539,0.08286743297,-0.0278831243932,0.573921157094,0.818895720264,0.00224759288724,0.0,0.818854224589,-0.573859113414,-0.0120093183216,0.0,-0.00854474222803,0.00873302093564,-0.999925358077,0.0,0.651290250144,0.247570609111,0.303504163108,1.0,-0.0325697142857,-0.0428059102041,1.018
0.457112946391,0.489590991819,-0.124263223771,-1.44716546301,0.074155607204,1.92766363702,0.146840484893,-0.0305138495211,-0.201667878191,4.63956754261e-05,-0.326478315631,-0.0166974379752,0.12221682808,-0.0476035245776,0.573839889819,0.818952404677,0.00234235495333,0.0,0.81891191237,-0.573777228135,-0.0119882923337,0.0,-0.00847401405324,0.00879771210938,-0.999925392891,0.0,0.65068077122,0.246846747328,0.303501617386,1.0,-0.0451594285714,-0.0593523918367,1.035
0.45650797984,0.485410916109,-0.124318675459,-1.45375701406,0.0737777302158,1.930169969,0.145841149565,-0.037851457352,-0.271428378316,-0.00348872545983,-0.425860197203,-0.0277953590312,0.158330720481,-0.0697391881788,0.573783060242,0.818991986471,0.00242338114156,0.0,0.818952492578,-0.573720018849,-0.011954152967,0.0,-0.00840017494024,0.00884389477075,-0.999925608526,0.0,0.649862545184,0.245803578007,0.303487414493,1.0,-0.0577491428571,-0.0758988734694,1.052
0.455757171578,0.480498370435,-0.124466213459,-1.46156988038,0.0733109686969,1.93289319424,0.144660512302,-0.0523940431273,-0.330593006382,-0.00878249957474,-0.529455557604,-0.034607930098,0.186151113696,-0.0850666362271,0.573793542827,0.818985147778,0.00224606975215,0.0,0.818943359544,-0.573731243382,-0.0120408108962,0.0,-0.00857276995196,0.00874851188721,-0.999924982764,0.0,0.648792159639,0.244387214819,0.303413137683,1.0,-0.0703388571429,-0.092445355102,1.069
0.454708366397,0.473793050233,-0.124636527775,-1.4720833789,0.072675615864,1.93657586281,0.14313988455,-0.0576291932661,-0.396023331174,-0.0132531693358,-0.62582064972,-0.038594586551,0.224526224945,-0.0938927302365,0.573869298256,0.818932370343,0.00213265679929,0.0,0.818889074789,-0.573807444041,-0.0121015393975,0.0,-0.00868677524388,0.0086912786091,-0.999924497956,0.0,0.647502720853,0.242690181009,0.303380004882,1.0,-0.0829285714286,-0.108991836735,1.086
0.45360540631,0.466862110157,-0.124747128143,-1.48262037213,0.0720666595535,1.9405028149,0.1415021273,-0.0692307800797,-0.456271700231,-0.00554260134873,-0.69143874107,-0.0394173936762,0.259373240331,-0.106761066173,0.573851490035,0.818944067268,0.00241432668395,0.0,0.818904344709,-0.573788359665,-0.0119724446201,0.0,-0.00841961204823,0.00884767814083,-0.999925411581,0.0,0.646173868024,0.240924602184,0.303495400401,1.0,-0.0947777142857,-0.124564995918,1.102
0.452107056723,0.458091276466,-0.124826485708,-1.49622995407,0.0711962603727,1.94531029794,0.139370971752,-0.0877219206758,-0.514193690873,-0.00592831690257,-0.770068771415,-0.0509422774888,0.27832400737,-0.116302792165,0.573791362583,0.818986302057,0.0023782705041,0.0,0.818945852146,-0.573728117141,-0.0120202227679,0.0,-0.008480080404,0.00884494505773,-0.999924924773,0.0,0.644378481718,0.23860562781,0.303478675331,1.0,-0.108108,-0.1420848,1.12
0.450563631658,0.449240344684,-0.124990003167,-1.50969239243,0.0702799718076,1.9500448918,0.137245720876,-0.105200313263,-0.584980614917,-0.0116492725566,-0.880609674663,-0.0682950668631,0.320812077952,-0.137436385848,0.573799911638,0.818980150543,0.00243337672739,0.0,0.818940965015,-0.573737016148,-0.0119280771077,0.0,-0.00837290128692,0.00883729162104,-0.999925895655,0.0,0.642606435141,0.236219761266,0.303564043875,1.0,-0.119957142857,-0.157657959184,1.136
0.448744838978,0.439028753293,-0.125101369416,-1.52537678772,0.0692593501822,1.95548466992,0.134832008679,-0.108726014161,-0.621081090726,-0.00413135101773,-0.965578979601,-0.0636772855032,0.327908477986,-0.161962435862,0.573816997469,0.818968290049,0.00239587388173,0.0,0.818928257723,-0.573753873439,-0.011989508653,0.0,-0.00844454806386,0.00884200291603,-0.999925251503,0.0,0.640468227734,0.233482000223,0.30356303509,1.0,-0.132546857143,-0.174204440816,1.153
0.446549061564,0.427091912898,-0.125242213935,-1.54325291985,0.0680535409472,1.9617816837,0.131872776265,-0.127058979256,-0.674438767037,-0.00894501174999,-1.02778195243,-0.0677473280575,0.357367365132,-0.171857482314,0.573734436382,0.819025230607,0.00268608275649,0.0,0.818989258572,-0.573670502774,-0.011810820912,0.0,-0.00813259045325,0.00897632042632,-0.999926640631,0.0,0.637902550167,0.230102031107,0.303749200392,1.0,-0.146617714286,-0.192697567347,1.172
0.444193282086,0.4150053246,-0.125406047707,-1.56133565986,0.0667540203442,1.9681216786,0.128866316372,-0.144265300686,-0.744120281372,-0.0111982760756,-1.08029585268,-0.0782212401648,0.398539027172,-0.17652518823,0.573730475164,0.819027294987,0.00289462186332,0.0,0.818994703656,-0.573666566915,-0.0116229208262,0.0,-0.00785909292915,0.00903927789766,-0.999928260483,0.0,0.635556051145,0.22695847497,0.303892446801,1.0,-0.158466857143,-0.208270726531,1.188
0.441412025658,0.401388260098,-0.125531277778,-1.581945148,0.0653434568121,1.97513117788,0.12538212577,-0.15603849514,-0.782231250775,-0.0108655584144,-1.15820725302,-0.086446724059,0.389767459881,-0.201195031398,0.573694936754,0.819052172672,0.00289911806016,0.0,0.819019119001,-0.573630419622,-0.011686372254,0.0,-0.00790887854631,0.00907902050992,-0.999927507886,0.0,0.632611737572,0.223150868853,0.303894648618,1.0,-0.171797142857,-0.225790530612,1.206
0.438629631253,0.388420153533,-0.125674241418,-1.60123449482,0.063946380591,1.98178093763,0.12209425465,-0.180377678649,-0.796391965898,-0.00820246225058,-1.23740265542,-0.0963284194365,0.418176194579,-0.215454706006,0.573749515231,0.819013012026,0.00315068326519,0.0,0.818983514574,-0.573684515109,-0.0115250545168,0.0,-0.00763181834844,0.00919302909013,-0.999928619235,0.0,0.630045058638,0.219715870292,0.304022963087,1.0,-0.182905714286,-0.240390367347,1.221
0.435831968048,0.375656515663,-0.125808535863,-1.62023626373,0.0625142046248,1.9880847751,0.118648107514,-0.191080331473,-0.87405727418,-0.00884962654012,-1.27488424794,-0.0920308923701,0.42629602375,-0.232164859806,0.573629666681,0.819097044394,0.00312798175924,0.0,0.819067470757,-0.57356501449,-0.0115064939251,0.0,-0.00763098118239,0.00916267079286,-0.999928904268,0.0,0.627043558296,0.215814577881,0.304057178474,1.0,-0.194754857143,-0.255963526531,1.237
0.432493918617,0.361420846423,-0.125983583018,-1.64134134746,0.0609150585345,1.99509760707,0.11489868386,-0.217503263149,-0.909912892906,-0.0184670588077,-1.3316121476,-0.108030068192,0.461030122787,-0.242095288666,0.573730784127,0.819025991972,0.00318727485312,0.0,0.818997422192,-0.573666224709,-0.0114469197493,0.0,-0.00754703817443,0.00917799683698,-0.999929400802,0.0,0.623897760532,0.211615253808,0.304099948565,1.0,-0.206604,-0.271536685714,1.253
0.428568733123,0.345669533185,-0.126198035802,-1.66472790573,0.0591427153818,2.00260509797,0.110479196641,-0.245560560958,-0.951922109386,-0.019073822571,-1.3833029246,-0.103596983898,0.454771740798,-0.262441575098,0.573784007119,0.818989273466,0.00303809535562,0.0,0.81895840025,-0.573719456755,-0.0115702421107,0.0,-0.00773303864801,0.00912706931822,-0.999928445799,0.0,0.620312463819,0.206826037841,0.304049749095,1.0,-0.219193714286,-0.288083167347,1.27
0.42436506902,0.329189194572,-0.12635601257,-1.68892032116,0.0572997467004,2.01035908575,0.10585528852,-0.250798711122,-0.987234863841,-0.00760505817933,-1.40872641631,-0.10740921054,0.450028826774,-0.275825516566,0.573814339646,0.81896795796,0.00305521712789,0.0,0.818936657673,-0.573748963482,-0.0116457942492,0.0,-0.00778475455544,0.00918472987448,-0.99992751654,0.0,0.616515097896,0.201861066533,0.304048730852,1.0,-0.231783428571,-0.30462964898,1.287
0.41931616927,0.309899311649,-0.126537096884,-1.71686333915,0.0549758056309,2.01922455797,0.100289026435,-0.275477281411,-1.03473080303,-0.00861200532166,-1.47095688402,-0.111413847074,0.473653991945,-0.297296906163,0.573691507395,0.819053713123,0.00313309188806,0.0,0.819023863513,-0.573626420507,-0.0115493547132,0.0,-0.00766246510335,0.00919202071263,-0.999928394128,0.0,0.612027321465,0.196032058986,0.304114583995,1.0,-0.245854285714,-0.32312277551,1.306
0.414654498889,0.293028547295,-0.126700338219,-1.74117318435,0.0529007518238,2.02668936779,0.0952785015917,-0.293995604271,-1.05807959565,-0.00826889159744,-1.4850381225,-0.118622194455,0.457256421343,-0.311179145261,0.573596999084,0.819120135856,0.00307125022643,0.0,0.819089616503,-0.573532277447,-0.0115617370708,0.0,-0.00770913892801,0.00914758297749,-0.999928442891,0.0,0.608010825126,0.190824555486,0.304127376332,1.0,-0.257703428571,-0.338695934694,1.322
0.409592406733,0.27559302853,-0.126880277647,-1.76607343945,0.0508352469623,2.0342896927,0.0899695766745,-0.326611888752,-1.07999609776,-0.00635722895841,-1.56170175017,-0.128845813602,0.458783357319,-0.330509041105,0.573569564665,0.819139028762,0.00315482961267,0.0,0.819109100027,-0.573503991756,-0.011584498011,0.0,-0.00768015494001,0.00922884280962,-0.999927919242,0.0,0.603829022777,0.185371843644,0.304156023643,1.0,-0.269552571429,-0.354269093878,1.338
0.404065985907,0.257615043748,-0.12713864285,-1.7914975857,0.0485618366886,2.04188594244,0.0843583743946,-0.361565816248,-1.10972704276,-0.0177166167589,-1.62095547125,-0.150826914336,0.461682861259,-0.350255802479,0.573619926049,0.819103668538,0.00317923385453,0.0,0.819074499676,-0.573554804984,-0.0115150580732,0.0,-0.00760870794896,0.00920947345005,-0.999928644035,0.0,0.59949212235,0.179577342682,0.304197287275,1.0,-0.281401714286,-0.369842253061,1.354
0.397772526928,0.237937074327,-0.127381784657,-1.81905511258,0.046083787179,2.04989956317,0.0780567095936,-0.368098229193,-1.16441795282,-0.0146482621535,-1.57212256513,-0.148263906073,0.461248321958,-0.377185281446,0.573642843178,0.819087459288,0.00322015660992,0.0,0.819058721944,-0.573577473935,-0.011508184198,0.0,-0.00757934598763,0.00923926274495,-0.99992859222,0.0,0.594655655616,0.173204064807,0.30424090293,1.0,-0.293991428571,-0.386388734694,1.371
0.390252688278,0.215259209382,-0.127598552814,-1.85047389276,0.0432151191306,2.05892525775,0.0705289030664,-0.411425121126,-1.2112229433,-0.0197763021081,-1.67727647291,-0.166095210087,0.489172857368,-0.405825625182,0.573521776029,0.819171507375,0.00340012153518,0.0,0.819144805754,-0.573455520437,-0.0114586293746,0.0,-0.00743690741621,0.00935714551828,-0.999928565566,0.0,0.588992724634,0.165867340958,0.304297806586,1.0,-0.308062285714,-0.404881861224,1.39
0.3829248132,0.194316779821,-0.127873186263,-1.87919495826,0.0404403146525,2.06675322343,0.0633579107719,-0.441589903551,-1.25050057958,-0.0155029100716,-1.70416484685,-0.168158162552,0.487577944696,-0.430417759434,0.573466455074,0.819210419189,0.00335572631569,0.0,0.819183049663,-0.573400221529,-0.0114919100106,0.0,-0.00749026241498,0.0093393588245,-0.999928333605,0.0,0.583655551961,0.15891846368,0.304316175608,1.0,-0.320652,-0.421428342857,1.407
