position_joint1,position_joint2,position_joint3,position_joint4,position_joint5,position_joint6,position_joint7,velocity_joint1,velocity_joint2,velocity_joint3,velocity_joint4,velocity_joint5,velocity_joint6,velocity_joint7,ee_T_00,ee_T_10,ee_T_20,ee_T_30,ee_T_01,ee_T_11,ee_T_21,ee_T_31,ee_T_02,ee_T_12,ee_T_22,ee_T_32,ee_T_03,ee_T_13,ee_T_23,ee_T_33,v_x,v_y,time
0.465048169372,0.547789897463,-0.123983601913,-1.35583591708,0.0795589028783,1.89409355426,0.159164479958,-0.00128779893647,0.00237516873284,-0.00239739340983,0.000906716731878,-7.03514763782e-05,9.26963455732e-05,0.000628220926025,0.573843276313,0.818951030995,0.00196213224732,0.0,0.818907462961,-0.573784083029,-0.0119641159173,0.0,-0.0086723517828,0.00847249533864,-0.999926500868,0.0,0.661677002569,0.260885046546,0.303206159287,1.0,0.0,0.0,0.0
0.465051382686,0.547782410749,-0.123988122712,-1.35584092828,0.0795591714507,1.89409279224,0.159160162724,4.56777590716e-06,-0.00142487182431,-0.000534535495167,-0.000679999472126,-2.72469256668e-05,-0.000214004797668,-0.0013310460874,0.573840594052,0.818952908237,0.00196306110772,0.0,0.818909366568,-0.573781411116,-0.0119619608195,0.0,-0.00867008155479,0.00847199094303,-0.999926524828,0.0,0.661676085105,0.260884052156,0.303209161849,1.0,-0.0001,-0.000131428571429,0.006
0.465046400723,0.547789478113,-0.123991097234,-1.35584163697,0.079562099632,1.8940923322,0.159167536089,-0.000751663182077,0.00231137965606,0.000640086144885,-0.000819430779041,1.55393529936e-05,-0.000231284690376,0.000755415256006,0.57385361403,0.818943800258,0.00195667696376,0.0,0.818900162721,-0.573794444049,-0.0119668866139,0.0,-0.00867764430181,0.0084697272846,-0.999926478402,0.0,0.661677461016,0.26087929886,0.303203881973,1.0,-0.00034,-0.000446857142857,0.018
0.465047829386,0.547782486009,-0.123991336404,-1.35584863212,0.0795602801693,1.89409126691,0.15916441781,0.00065688434845,-0.00140699965643,-0.000180310741645,0.000506767064119,0.000340515994991,-0.00556207384379,0.000406955989646,0.57384993749,0.818946380054,0.00195518306394,0.0,0.818902731893,-0.573790782908,-0.0119666223006,0.0,-0.00867832307819,0.00846831325287,-0.999926484487,0.0,0.661675614121,0.260878999871,0.303205417952,1.0,-0.0007,-0.00092,0.036
0.465049900121,0.547737318872,-0.123993842934,-1.35589528232,0.0795579739584,1.89410098026,0.159159741913,0.00117769386437,-0.00558454988898,-0.0012746402192,-0.00746820451592,0.000144468918888,-3.89118645412e-05,-0.000280912377278,0.57384808787,0.818947658457,0.0019625637409,0.0,0.818904105254,-0.573788901166,-0.0119628674495,0.0,-0.00867103193806,0.00847218323136,-0.999926514958,0.0,0.661668217606,0.260874263107,0.303216133913,1.0,-0.00102,-0.00134057142857,0.052
0.465055153128,0.547612049904,-0.123986073478,-1.35604207947,0.0795560975324,1.89413054451,0.159164380475,0.00196509483777,-0.011370774217,0.00131430321079,-0.00653271814383,-0.000129909577935,0.00191392820299,-0.000145762849541,0.573849657665,0.818946524372,0.00197674450422,0.0,0.818903021092,-0.57379027902,-0.0119709920373,0.0,-0.00866953245694,0.00848847515838,-0.999926389789,0.0,0.661640722802,0.260868161192,0.30323731232,1.0,-0.00136,-0.00178742857143,0.069
0.465046027438,0.547483115966,-0.123991573947,-1.35621849728,0.0795558280008,1.89417957603,0.159158855021,0.00155612424251,-0.0104438218449,-0.00494095719626,-0.00794102639205,-0.00297015142563,0.0106787686044,0.0012144639686,0.57386612268,0.818934971045,0.00198326552691,0.0,0.818891465255,-0.573806628738,-0.0119778065666,0.0,-0.00867120071539,0.00849790023681,-0.999926295269,0.0,0.661617118593,0.260842978434,0.303249118514,1.0,-0.00168,-0.002208,0.085
0.4650216035,0.547314182192,-0.123986155732,-1.35643493475,0.0795517413993,1.89429617393,0.159151533261,0.000201550267371,-0.00605937909899,0.00068723861667,-0.0149842128736,3.17657332163e-05,0.00667874033256,-0.00604293076831,0.573887587413,0.818919771452,0.00204739809802,0.0,0.81887704792,-0.573827769237,-0.0119506712821,0.0,-0.00861195291849,0.00853507354709,-0.999926490691,0.0,0.661600569817,0.26081375074,0.303275706364,1.0,-0.00202,-0.00265485714286,0.102
0.465004519303,0.547117337959,-0.12399139789,-1.35665404281,0.0795498064334,1.89441785041,0.1591359311,-0.00343293270419,-0.0159230280022,-0.00168015443776,-0.0146676537846,-8.65233688557e-05,0.0104714268705,0.000751844187051,0.573904402975,0.818907759033,0.00213666620326,0.0,0.818866187166,-0.57384420509,-0.0119055743829,0.0,-0.00852361782498,0.00858247050454,-0.999926841894,0.0,0.661585566494,0.260783956755,0.303321583891,1.0,-0.00236,-0.00310171428571,0.119
0.464973309524,0.546894663948,-0.123988292159,-1.35695172881,0.0795420476499,1.89454465212,0.159107827077,-0.00153946089341,-0.0154318321234,0.000594365198191,-0.0139445697748,-0.00123808128352,-0.000184552139569,-0.00841624535198,0.573919445026,0.818897083894,0.00218712418435,0.0,0.818856089249,-0.573858961232,-0.0118888440931,0.0,-0.00848080222792,0.00861434461304,-0.999926931861,0.0,0.661556318885,0.260740055802,0.30334850475,1.0,-0.0027,-0.00354857142857,0.136
0.464937692341,0.546611868466,-0.123989137182,-1.35737739127,0.0795358273761,1.89470131607,0.159002979063,-0.00109434839604,-0.0193657756139,1.57040184246e-05,-0.0240072561178,0.000155739500152,0.0126168763666,-0.00585885351769,0.573885504091,0.818920808425,0.00221011848777,0.0,0.818879936622,-0.573824752774,-0.0118974536157,0.0,-0.00847501480865,0.00863776415658,-0.999926778897,0.0,0.661507198201,0.260678821326,0.303359805928,1.0,-0.00308,-0.004048,0.155
0.464898063752,0.546342427064,-0.123992460349,-1.3577814139,0.0795219164142,1.8948579017,0.158953521536,-0.000584994623984,-0.0145913176689,-0.00592795987133,-0.0196995623102,-0.00177461959315,0.00930292244868,-0.00138176400192,0.573898730816,0.818911475502,0.00223359795033,0.0,0.818870842677,-0.573837815774,-0.0118933217568,0.0,-0.00845801754243,0.00865475712811,-0.999926775878,0.0,0.661464691621,0.26061464284,0.303371993838,1.0,-0.0034,-0.00446857142857,0.171
0.464851165742,0.546059475221,-0.123991830943,-1.35828858081,0.0795053343103,1.89502593703,0.158920791904,-0.00371200944104,-0.0186467427311,-0.00132156427675,-0.0341934650222,-0.00332699870794,0.0137605840796,-0.00481706790937,0.573933816804,0.818886996582,0.00219263756668,0.0,0.818845666501,-0.573872895389,-0.0119340392141,0.0,-0.00851449819071,0.00864494688776,-0.999926381397,0.0,0.661402241314,0.260536212261,0.303345497701,1.0,-0.00374,-0.00491542857143,0.188
0.46480145647,0.545757808586,-0.123989191156,-1.35879126573,0.0794734460269,1.89519128066,0.158832551011,-7.98661369786e-05,-0.0174168523482,-0.000180794696027,-0.0337570666243,-0.00060446171169,0.00714781674433,-0.00819970750624,0.573919959372,0.818896789149,0.00216237275518,0.0,0.818855026594,-0.57385912473,-0.0119539653545,0.0,-0.00854833109166,0.00863145529282,-0.999926209285,0.0,0.66134186189,0.260455208578,0.303334038394,1.0,-0.00404,-0.00530971428571,0.203
0.464734108262,0.545402057667,-0.123989219447,-1.35942331616,0.0793763324966,1.89539935982,0.158774919633,-0.00213064600724,-0.0182939466579,0.000850682208368,-0.0373869135839,-0.00432814684682,0.00978371081549,-0.00627166720824,0.573937359226,0.818884830914,0.00207081752192,0.0,0.818842360886,-0.573877386432,-0.0119448843271,0.0,-0.00859325468198,0.00855145311751,-0.999926511612,0.0,0.661270512428,0.260338686941,0.303302953728,1.0,-0.00438,-0.00575657142857,0.22
0.464678731295,0.545019080321,-0.123994649513,-1.36008219034,0.0793692470036,1.89560511486,0.15867562361,-0.00372525843965,-0.0205152169423,5.87250828388e-05,-0.0438215641258,-0.000124296241235,0.0150555481885,-0.00867690885525,0.573939916542,0.818883145383,0.00202812939815,0.0,0.818839782883,-0.57387978926,-0.012006012972,0.0,-0.00866778607614,0.00855160776412,-0.999925866997,0.0,0.661186259897,0.260238553614,0.303278491509,1.0,-0.0047,-0.00617714285714,0.236
0.464603399433,0.544555683594,-0.123989942848,-1.36084415828,0.0793437728149,1.89586854699,0.1585910991,-0.00442877986108,-0.0245798506945,-0.00106745922281,-0.0464060493442,-7.99845731058e-05,0.0170482018245,-0.00138420446264,0.573964762383,0.818865774918,0.00201025166933,0.0,0.81882193257,-0.573904465413,-0.0120438458404,0.0,-0.00870876841827,0.00855894605905,-0.999925448119,0.0,0.661095744223,0.26012086316,0.303266483832,1.0,-0.00506,-0.00665028571429,0.254
0.464528852015,0.544044105227,-0.123995267073,-1.36167385653,0.0793110834451,1.896169688,0.158480219939,-0.0016681505754,-0.0314292297986,-7.0928056617e-05,-0.0463586592231,0.000249871376149,0.012098403768,-0.000955887730629,0.573978850345,0.81885590404,0.00200865047228,0.0,0.818811899908,-0.573918420082,-0.0120609519305,0.0,-0.00872354814645,0.00856760318553,-0.999925245148,0.0,0.66099529029,0.259988130114,0.30326251795,1.0,-0.00544,-0.00714971428571,0.273
0.46445422753,0.543564867745,-0.123998971908,-1.36245564212,0.0792691894419,1.89644568345,0.158401487547,-0.00910299411788,-0.0273103039424,-0.00134377369573,-0.042920989306,-0.000354002577961,0.0151476735363,0.000206477795359,0.574007889666,0.818835612579,0.00198218923242,0.0,0.818791195813,-0.573947504725,-0.0120824823891,0.0,-0.00875606288603,0.00855860408967,-0.99992503802,0.0,0.660911125853,0.259865842644,0.303250884064,1.0,-0.00574,-0.007544,0.288
0.464385685345,0.543024565434,-0.124011166035,-1.36332079988,0.0792171673839,1.89674484445,0.158281421696,-0.00354220802615,-0.0294714831837,-0.000849837011563,-0.0480383782767,-0.00559373670434,0.0233909544709,-0.00907338712752,0.574008423107,0.818835297664,0.00195765231266,0.0,0.818790579012,-0.573948163438,-0.0120929859335,0.0,-0.00877874180496,0.00854454756594,-0.999924959384,0.0,0.660809262786,0.259729758192,0.303247625454,1.0,-0.00608,-0.00799085714286,0.305
0.464310559555,0.542497841087,-0.12400870394,-1.36412898805,0.0791740715159,1.89704032442,0.158177607434,-0.0089795801406,-0.0426036881668,-0.000637831477071,-0.0525214600877,-0.000861846781242,0.0207299288047,-0.0145423287006,0.574016634503,0.818829503549,0.00197340617006,0.0,0.818784915622,-0.573956231675,-0.0120935095344,0.0,-0.00877004248979,0.00855783561157,-0.999924922084,0.0,0.660717170546,0.259605605867,0.303261022794,1.0,-0.00638,-0.00838514285714,0.32
0.464233342478,0.541906992344,-0.124008499824,-1.36506692444,0.0791231536407,1.89738942452,0.158034569233,-0.0039039366403,-0.0339865024159,0.000417811605978,-0.0553375524548,-0.00490416270933,0.0152605314638,-0.0155475674635,0.574001172275,0.818840331971,0.00197784389253,0.0,0.818795739101,-0.573940690573,-0.0120982740789,0.0,-0.0087715585532,0.00856403853988,-0.999924855679,0.0,0.660608911282,0.25946658022,0.303262669505,1.0,-0.00672,-0.008832,0.337
0.464158206509,0.541246646807,-0.124011624944,-1.3660556836,0.0790623743777,1.89775664458,0.157915234016,0.000797812937744,-0.0387421803222,0.000317100406661,-0.0597399012072,-0.00288734111697,0.019469581944,-0.00204291218217,0.574005798512,0.818837011313,0.00200974635947,0.0,0.818792860323,-0.573945201833,-0.0120790760671,0.0,-0.0087374784898,0.00857919084936,-0.999925024166,0.0,0.660494993494,0.259321527197,0.303290837174,1.0,-0.00706,-0.00927885714286,0.354
0.464066054027,0.540556216765,-0.124011961797,-1.3671250906,0.0789995807793,1.89814482641,0.157778227181,-0.00410056328046,-0.0415313193558,0.00122314296192,-0.0667717730998,-0.00356265818066,0.0201873423032,-0.0130103342254,0.574011772413,0.818832801958,0.00201853178188,0.0,0.818788731489,-0.573951103268,-0.0120785407015,0.0,-0.00873193489979,0.00858614094321,-0.999925012937,0.0,0.660371126881,0.259158774441,0.303303517755,1.0,-0.0074,-0.00972571428571,0.371
0.463961889281,0.539822619962,-0.124013285918,-1.36822732292,0.0789338484853,1.89856409282,0.157640327841,-0.0119446147354,-0.0424591021505,0.00312236441139,-0.0682305688815,-0.00544191646207,0.0263996874879,-0.0047065093942,0.574028586213,0.818820907696,0.00206160881485,0.0,0.818777412928,-0.573967742437,-0.0120551076995,0.0,-0.00868784453956,0.00860814089467,-0.999925207837,0.0,0.660250317309,0.258985834833,0.303333692356,1.0,-0.00774,-0.0101725714286,0.388
0.463862453142,0.539105470427,-0.124020812168,-1.36932954595,0.0788721474885,1.8989819294,0.157503119591,-0.005895568697,-0.0483228783872,-0.00243600828515,-0.0714210664148,-0.00501508733315,0.0259881673895,-0.0060609327043,0.574047464419,0.818807601524,0.00208978060818,0.0,0.818764476306,-0.573986499872,-0.0120406480343,0.0,-0.00865963500576,0.00862310762083,-0.99992532358,0.0,0.660128542774,0.258812768437,0.303352222483,1.0,-0.00806,-0.0105931428571,0.404
0.463760163534,0.53833829186,-0.124023289418,-1.3705208742,0.0787977736293,1.8994425222,0.157354151908,-0.00908721959969,-0.0411879328476,-0.000414691740984,-0.0723725339996,-0.00268749148357,0.0304043388191,-0.00864240153177,0.574058530498,0.818799781909,0.00211367232492,0.0,0.818757022682,-0.573997517532,-0.0120222533692,0.0,-0.00863074193792,0.00863222735922,-0.999925494697,0.0,0.659988664239,0.258619120734,0.303364235336,1.0,-0.00842,-0.0110662857143,0.422
0.463638636161,0.537485419814,-0.124026881845,-1.37183849134,0.0787264755999,1.89994466297,0.157179421533,-0.00418761880377,-0.053998110148,0.000513921207889,-0.0724206903705,-0.00538042925118,0.0239786485117,-0.0161156979281,0.574069673469,0.818791868504,0.00215243491188,0.0,0.818749569083,-0.574008450375,-0.0120078693614,0.0,-0.00859659547394,0.00865582545138,-0.999925584847,0.0,0.65984965043,0.258426728723,0.303385880526,1.0,-0.00876,-0.0115131428571,0.439
0.463539653744,0.536763019461,-0.124035019114,-1.3729889141,0.0786645789117,1.90037621146,0.157050556646,-0.00718877414972,-0.0449341049002,-0.000663224229254,-0.0747988617029,-0.00527298045025,0.0275578243688,-0.00584178644438,0.574090734558,0.818777063939,0.00216678637596,0.0,0.818734891325,-0.57402938799,-0.01200776216,0.0,-0.00858804653509,0.00866773548766,-0.999925555138,0.0,0.659710412045,0.258240924353,0.303392705515,1.0,-0.00908,-0.0119337142857,0.455
0.463416805656,0.535847268625,-0.124044019332,-1.37441345369,0.0785760441128,1.90090352013,0.156871223981,-0.00408911254391,-0.0494887026143,-0.00116594127687,-0.0815175594605,-0.00554657584889,0.0340453305419,-0.00624917696729,0.57411249307,0.818761803774,0.00216815207164,0.0,0.818719731176,-0.574051221041,-0.0119976791968,0.0,-0.00857877628415,0.00866329319119,-0.999925673212,0.0,0.659556294471,0.258027005594,0.303400329983,1.0,-0.00942,-0.0123805714286,0.472
0.463291579307,0.53489830025,-0.124049568777,-1.37591710234,0.0784933165234,1.90144449128,0.156690192242,-0.00379276523252,-0.0523458706207,-0.00087163622108,-0.0849611552414,-0.0135212554789,0.0290692005823,-0.0134759051252,0.574131021948,0.818748834601,0.00215925411816,0.0,0.818706558843,-0.574069696782,-0.012012520367,0.0,-0.0085958401908,0.00866472292601,-0.99992551428,0.0,0.659378048462,0.257798490307,0.303401327799,1.0,-0.00978,-0.0128537142857,0.49
0.463172193895,0.533999849663,-0.124049192838,-1.37739877811,0.0784181706251,1.9019795882,0.156514306573,-0.0052249009202,-0.0491676865848,0.00129462111336,-0.0858867120376,-0.000641348718476,0.0332007604922,-0.0127266610092,0.574145589876,0.818738708996,0.00212483378535,0.0,0.818695804732,-0.5740842277,-0.0120509635072,0.0,-0.00864692322142,0.00865876676529,-0.999925125435,0.0,0.659198735558,0.257580053027,0.30337627999,1.0,-0.01012,-0.0133005714286,0.507
0.463047480116,0.533088164404,-0.124050255024,-1.37887873701,0.0783267917547,1.90253756674,0.156322494773,-0.00986774087504,-0.0490431889801,-0.000437997479404,-0.0868870193505,-0.0013421573797,0.0359847238516,-0.00806665464768,0.57414798444,0.818737060742,0.00211287299018,0.0,0.818694012659,-0.57408668514,-0.0120556411416,0.0,-0.00865759462815,0.00865168510092,-0.999925094395,0.0,0.659026960731,0.257356596235,0.303363201079,1.0,-0.01046,-0.0137474285714,0.524
0.46293186306,0.532239587617,-0.124047581157,-1.38025662936,0.078250755764,1.9030520562,0.156147734248,-0.00774381936978,-0.0562018739385,0.00042325340121,-0.0872219212301,-0.00900621443405,0.0312429961771,-0.0108054755887,0.574152635625,0.818733823577,0.00210333969013,0.0,0.818690554415,-0.574091279996,-0.0120716711655,0.0,-0.00867614355799,0.00865313275274,-0.999924921095,0.0,0.658864219549,0.257152140424,0.303350157512,1.0,-0.01076,-0.0141417142857,0.539
0.462801219375,0.531244592162,-0.124054945866,-1.38185920317,0.078154695446,1.90363369919,0.155940985515,-0.00982127253375,-0.0624122613053,0.000274064598925,-0.0997079225256,-0.00317884098449,0.0315252675438,-0.0201897587609,0.574157066124,0.81873077843,0.00207912769464,0.0,0.818687176634,-0.574095797635,-0.0120858948413,0.0,-0.00870164315279,0.00864152348185,-0.999924799912,0.0,0.65867322245,0.256908552431,0.303339326359,1.0,-0.0111,-0.0145885714286,0.556
0.462660093915,0.530147903965,-0.124053157591,-1.38359661589,0.0780509208509,1.90424516047,0.155722095945,-0.00588662101732,-0.0585950079763,0.000378561250996,-0.0990188985621,-0.0025420321486,0.0371466048936,-0.0161438471272,0.574158585337,0.818729772025,0.00205576866714,0.0,0.818685769285,-0.574097322948,-0.0121087511957,0.0,-0.00873375196938,0.00863553827035,-0.999924571683,0.0,0.658459925118,0.256649525532,0.303338008763,1.0,-0.01146,-0.0150617142857,0.574
0.462519535335,0.529097913402,-0.124053161964,-1.38524278602,0.0779540155154,1.90485823004,0.155490198853,-0.0067962859582,-0.0636693377633,0.00096332171546,-0.0964435793521,-0.00477407870184,0.0386062353972,-0.0127911048891,0.574147172147,0.818737736921,0.00207117312969,0.0,0.818693892899,-0.574085802114,-0.012105719409,0.0,-0.00872254616129,0.00864628782573,-0.999924576603,0.0,0.65826643876,0.256401280818,0.30334716466,1.0,-0.0118,-0.0155085714286,0.591
0.462374396172,0.528014726437,-0.124050903153,-1.38694066614,0.0778431913351,1.90552312287,0.155254689672,-0.00703858220632,-0.0639193168944,0.00164182510016,-0.103385666747,-0.00358870565795,0.0383819116601,-0.0152536565092,0.574133990888,0.818746886048,0.00210807861419,0.0,0.818703618243,-0.574072556949,-0.0120760810839,0.0,-0.00867723076635,0.0086593469352,-0.999924857865,0.0,0.658073017196,0.256146922434,0.303359234146,1.0,-0.01214,-0.0159554285714,0.608
0.462247954619,0.526984851616,-0.124056358258,-1.38850561888,0.0777458576388,1.90611960914,0.155033764005,-0.00642721361783,-0.0664848255799,0.000163929942149,-0.108671957519,-0.00759025952909,0.0360080489922,-0.0177290488618,0.574118961162,0.818757296519,0.00215748285905,0.0,0.818714735359,-0.574057380744,-0.0120437793681,0.0,-0.00862257928757,0.00868109224517,-0.99992514208,0.0,0.657891436188,0.255913035195,0.303391095725,1.0,-0.01244,-0.0163497142857,0.623
0.462103760292,0.525816827944,-0.124059889889,-1.39030943761,0.0776294461319,1.90678064044,0.154793388697,-0.00998269525416,-0.0642307379875,-0.000688722732759,-0.105454214408,-0.00957103372608,0.0392370938373,-0.0177855996486,0.574108578363,0.818764531984,0.00217446922529,0.0,0.818722241762,-0.574046977445,-0.0120293571,0.0,-0.00860112904812,0.00868661066625,-0.999925278895,0.0,0.657675018514,0.255643389344,0.303411740102,1.0,-0.01278,-0.0167965714286,0.64
0.46195437612,0.524725801311,-0.124065554563,-1.39205015325,0.077524937054,1.90740904272,0.154547078804,-0.00972363095353,-0.0683452893499,-0.000579624143648,-0.106738443844,-0.0100189377225,0.041398924891,-0.0120304056699,0.574098724446,0.818771491707,0.00215542520683,0.0,0.818728915089,-0.574037166774,-0.0120433243336,0.0,-0.00862360248185,0.00867893317548,-0.999925151998,0.0,0.657465479325,0.255375308331,0.303405250579,1.0,-0.0131,-0.0172171428571,0.656
0.461794563853,0.523529828223,-0.124068364962,-1.39396278041,0.0774042053458,1.9081000168,0.154298034253,-0.00874103951699,-0.0722208603404,0.000698116979004,-0.111397819783,-0.0137489641623,0.0439724259046,-0.0141349192187,0.574097749153,0.818772242624,0.00212979509527,0.0,0.818729326652,-0.574036295399,-0.0120568712817,0.0,-0.00864941838,0.00866571521078,-0.999925043662,0.0,0.657233105712,0.255084675077,0.30339576912,1.0,-0.01344,-0.017664,0.673
0.46163760288,0.522315326867,-0.124069135684,-1.39591003734,0.0772905175754,1.90885429441,0.154034520098,-0.00599114157553,-0.071371768552,0.000303532115023,-0.113239687752,-0.010874616925,0.0499340723032,-0.0190254562204,0.574085051058,0.818781099153,0.00214772494318,0.0,0.818738395068,-0.574023500586,-0.0120502330846,0.0,-0.00863382472775,0.00867645059722,-0.999925085332,0.0,0.657003500949,0.254798659266,0.303387955819,1.0,-0.01378,-0.0181108571429,0.69
0.461466789059,0.521052846248,-0.1240740356,-1.39790765288,0.0771670330687,1.90962313378,0.15375988213,-0.0109160332481,-0.0715131189347,0.000417641964724,-0.121264310236,-0.00211325855928,0.0400573504162,-0.016811172385,0.574077186369,0.81878654933,0.00217201024523,0.0,0.818744216958,-0.574015589621,-0.0120314991302,0.0,-0.00860462758028,0.00868549721867,-0.999925258468,0.0,0.656770530421,0.254495247963,0.30339091041,1.0,-0.01412,-0.0185577142857,0.707
0.461299275123,0.519769295715,-0.124086250815,-1.39995958258,0.0770330996658,1.9103630746,0.153482265078,-0.00984724591065,-0.0753628659208,-0.00132075930547,-0.119272310911,-0.00571326084379,0.039375870794,-0.0190084278088,0.574068790911,0.818792521204,0.00213949142737,0.0,0.81874983635,-0.5740074046,-0.012039594779,0.0,-0.00863001239644,0.00866343067174,-0.999925231132,0.0,0.656520189381,0.25418002068,0.303380170081,1.0,-0.01446,-0.0190045714286,0.724
0.461124226707,0.518413278545,-0.124086796366,-1.40203981583,0.0769063721861,1.9110950218,0.153206886473,-0.0146063971034,-0.0845390332176,0.000318676688037,-0.123237795346,-0.00649241065682,0.0406619049088,-0.0200174555621,0.574063087095,0.818796498585,0.00214775274455,0.0,0.81875384162,-0.5740015863,-0.0120446112037,0.0,-0.00862943814146,0.00867301448329,-0.999925153008,0.0,0.656261607157,0.25386492378,0.303405331134,1.0,-0.0148,-0.0194514285714,0.741
0.460932197515,0.516979660051,-0.124085117504,-1.4042990556,0.076761987386,1.9119109016,0.152893856108,-0.00549525398634,-0.0764319989491,0.00115161926887,-0.121274060007,-0.00273827739686,0.0456205627086,-0.0113287075618,0.574043404109,0.81881032799,0.00213632323504,0.0,0.818767503848,-0.573981936182,-0.012052322622,0.0,-0.00864252168774,0.00866787523139,-0.999925084573,0.0,0.655983412917,0.253522649718,0.30340654656,1.0,-0.01516,-0.0199245714286,0.759
0.460771664858,0.515795070967,-0.124088313332,-1.40620536933,0.0766427644324,1.91264971351,0.15262980553,-0.00730288504253,-0.0822375853148,0.00166686180048,-0.127601640603,-0.0049176308938,0.0563252770805,-0.0157767550068,0.574029747134,0.81881987784,0.00214568388806,0.0,0.81877723047,-0.573968296112,-0.0120411305168,0.0,-0.00862812861185,0.00866897112168,-0.999925199371,0.0,0.655757926008,0.25323563944,0.303394186837,1.0,-0.01546,-0.0203188571429,0.774
0.460570676849,0.514317879289,-0.124099305433,-1.40856460209,0.0764955837126,1.91349533305,0.152308153893,-0.0087567158983,-0.0767224283236,-0.00065600288447,-0.132679864244,-0.00825652668177,0.0393326301451,-0.0212542801549,0.574023194241,0.818824563883,0.00211020277269,0.0,0.81878144567,-0.573961886989,-0.0120599921651,0.0,-0.0086640086687,0.00865067665434,-0.999925047565,0.0,0.655466701989,0.252870496497,0.303380516426,1.0,-0.01582,-0.020792,0.792
0.460379634875,0.51290212425,-0.124094279307,-1.41084075058,0.0763562976856,1.91428723922,0.151994706032,-0.00987729514374,-0.0889216958736,-4.05971679743e-05,-0.129884768869,-0.00940895719695,0.0396350848705,-0.0185261226108,0.574001054181,0.818840227992,0.00205370922089,0.0,0.818796221114,-0.573939843374,-0.0121058406511,0.0,-0.00873421193087,0.0086305008087,-0.999924611157,0.0,0.655175365575,0.252528003196,0.303357708662,1.0,-0.01616,-0.0212388571429,0.809
0.460173035822,0.511497518728,-0.12410008926,-1.41313258806,0.0762155150869,1.91514179936,0.15166498367,-0.0179048905394,-0.0795458824798,-7.95308693424e-06,-0.129050224921,-0.0140449555817,0.0461052009258,-0.0189604147966,0.573986522854,0.818850493158,0.0020219638713,0.0,0.818806059451,-0.573925440829,-0.0121232123009,0.0,-0.00876681065333,0.00861432259662,-0.999924465386,0.0,0.65489808522,0.252170997605,0.303324991927,1.0,-0.0165,-0.0216857142857,0.826
0.459998260079,0.510189366632,-0.124106053188,-1.41519026951,0.0760947393165,1.91592132697,0.15138125707,-0.0126114240677,-0.0819688769366,-0.000139133918134,-0.138697530836,-0.0036121525429,0.0457494081758,-0.0248266433766,0.573976578346,0.818857400354,0.00204751015016,0.0,0.818813274515,-0.573915360194,-0.0121131214825,0.0,-0.00874398999093,0.00862934265387,-0.999924535695,0.0,0.654649227662,0.251859442546,0.30332920634,1.0,-0.0168,-0.02208,0.841
0.459769975791,0.508503350968,-0.124108623872,-1.41784523971,0.0759248401608,1.91686770367,0.151005423759,-0.00861722291801,-0.0852535984578,-0.000448399819899,-0.142751341938,-0.00976177104147,0.0518926557061,-0.0102160438475,0.573949544895,0.818876405738,0.00202458412088,0.0,0.818831950871,-0.573888401632,-0.0121278854743,0.0,-0.00876952276176,0.00861875445163,-0.999924403414,0.0,0.654315403817,0.251452496979,0.303327425868,1.0,-0.01718,-0.0225794285714,0.86
0.459559763366,0.50697825312,-0.12411283826,-1.42024577694,0.0757694717637,1.91773878969,0.150677232612,-0.00697261981797,-0.0858861065302,-0.000147421259187,-0.14348827595,-0.0134414033021,0.0512108407167,-0.0181164933597,0.573938250652,0.818884344472,0.0020153707447,0.0,0.818839791927,-0.573877171691,-0.0121298750789,0.0,-0.00877655851555,0.00861223085676,-0.999924397892,0.0,0.654017095087,0.251081801104,0.303327113603,1.0,-0.01752,-0.0230262857143,0.877
0.459358088777,0.505561641444,-0.124121324377,-1.42240760171,0.0756357560172,1.91856418915,0.150377774896,-0.0112403379211,-0.0914249082572,-0.00101974479028,-0.142757385812,-0.00591301079332,0.0568536566977,-0.019310775433,0.573939973554,0.81888297438,0.00208036742575,0.0,0.818839335319,-0.573878674335,-0.0120895400833,0.0,-0.00870620766337,0.00864232338733,-0.999924753266,0.0,0.653760762857,0.250741485372,0.303360191204,1.0,-0.01782,-0.0234205714286,0.892
0.459136169544,0.503919284399,-0.1241198153,-1.42489101912,0.0754785312674,1.91951404298,0.150028407584,-0.0146556085897,-0.0974718597865,-0.000121128715586,-0.141771170793,-0.013042290261,0.0573966420873,-0.0139333025326,0.5739200401,0.818896711675,0.00217027201782,0.0,0.818854303465,-0.573858417091,-0.0120371812522,0.0,-0.00861194508707,0.00868568335474,-0.999925193855,0.0,0.653461229423,0.250363325946,0.303407862736,1.0,-0.01816,-0.0238674285714,0.909
0.458903306133,0.502227424458,-0.124125966912,-1.42737824349,0.0753221954392,1.92043601712,0.149680848938,-0.0157946724948,-0.10529302869,0.000889536555801,-0.153626172739,-0.00346623960642,0.0577643793086,-0.02140470126,0.573915732057,0.818899441678,0.00227680012199,0.0,0.818858473174,-0.573853718928,-0.0119773571596,0.0,-0.00850186456078,0.00873853901795,-0.999925675355,0.0,0.653159850524,0.249972122333,0.303485396129,1.0,-0.0185,-0.0243142857143,0.926
0.458685894834,0.500617035893,-0.124129176331,-1.4298137883,0.0751654833443,1.92129193607,0.149343947685,-0.0124622362497,-0.102755580992,-0.00603550166151,-0.153978277576,-0.006562995923,0.0567297993206,-0.0196376078317,0.573901909828,0.818909059841,0.00230141427605,0.0,0.818868389602,-0.573839774954,-0.011967459725,0.0,-0.00847978140388,0.00875287191389,-0.999925737513,0.0,0.652849972838,0.249593440464,0.303524271636,1.0,-0.01882,-0.0247348571429,0.942
0.458404200492,0.498721828329,-0.124131659021,-1.43273368055,0.0749823076575,1.92236978141,0.148922410384,-0.0172619750339,-0.101294700595,-2.26960855969e-05,-0.15480279126,-0.0134566323762,0.0576816242624,-0.0236888784033,0.573888342529,0.818918445129,0.00234466165899,0.0,0.818878332763,-0.573826028864,-0.0119461973362,0.0,-0.00843769591075,0.00877594498315,-0.999925891293,0.0,0.652491215669,0.249130350516,0.303549907803,1.0,-0.0192,-0.0252342857143,0.961
0.458148396817,0.497066987829,-0.124133015652,-1.43538137121,0.0748161975995,1.92333792683,0.148526118791,-0.00969650305278,-0.104530088338,3.30134170513e-05,-0.152070510546,-0.00811243013903,0.0531865755532,-0.0251321142822,0.57386058172,0.818937926661,0.00233493574842,0.0,0.818897658002,-0.573798280008,-0.0119543498145,0.0,-0.00845025102882,0.00877237244996,-0.999925816618,0.0,0.65218134042,0.248733161798,0.303538039105,1.0,-0.01952,-0.0256548571429,0.977
0.457900595555,0.495471952762,-0.124129865691,-1.4379309027,0.0746645496184,1.92420961583,0.148150384381,-0.0139504312728,-0.10014263262,0.000434300504565,-0.157988706563,-0.00986076140568,0.059271563845,-0.0267230782143,0.573844298093,0.818949556386,0.00225666602624,0.0,0.818908009762,-0.573782053531,-0.0120238718937,0.0,-0.0085522747445,0.00874800063757,-0.99992516274,0.0,0.651828643591,0.248303191164,0.303500734045,1.0,-0.01986,-0.0261017142857,0.994
0.457646736685,0.493973246092,-0.124148495681,-1.44039604565,0.0745117161078,1.9250884152,0.147812511759,-0.0183342381742,-0.106961114573,-0.00413219535925,-0.180003197591,-0.0124371022286,0.066518963769,-0.0229486154717,0.573871726096,0.81893055354,0.00217654938972,0.0,0.818887927738,-0.573809780624,-0.012068320797,0.0,-0.00863435754091,0.00870818576579,-0.999924804858,0.0,0.651521009366,0.247889366047,0.303448022719,1.0,-0.0259045714286,-0.0340460081633,1.009
0.457326715331,0.491320658224,-0.124237004574,-1.44435876683,0.0742937238116,1.92659206989,0.14722808187,-0.0200644687786,-0.171656057886,-0.00370172541841,-0.265448865431,-0.0155153110696,0.094936038674,-0.0407151352516,0.573859415601,0.818938737982,0.00233697667922,0.0,0.81889839291,-0.573796998864,-0.0119654956156,0.0,-0.00845822052074,0.00878042781865,-0.999925678535,0.0,0.651038788038,0.247260912625,0.303540758954,1.0,-0.0384942857143,-0.0505924897959,1.026
0.456843196981,0.487744518165,-0.124251521235,-1.4500757467,0.0739927439309,1.92875569619,0.146372840544,-0.0368942907821,-0.230318944572,0.00164693346551,-0.380166663826,-0.0206134427207,0.140660216884,-0.0492560689961,0.573770586349,0.819000858902,0.00237786864269,0.0,0.818960583071,-0.573707532333,-0.0119990675241,0.0,-0.00846320840004,0.00883226274745,-0.99992517982,0.0,0.650309898614,0.24640528273,0.303494094714,1.0,-0.051084,-0.0671389714286,1.043
0.456194366698,0.483363934404,-0.124370681312,-1.45696458106,0.0735789583437,1.93130691989,0.145311403109,-0.0408450943904,-0.285577424718,-0.0066808780783,-0.459263934569,-0.0236746129697,0.162654825929,-0.068242781263,0.573747684991,0.819016853569,0.0023946689978,0.0,0.818977056491,-0.573684837622,-0.0119597209912,0.0,-0.00842158990228,0.00882321107305,-0.999925611118,0.0,0.649456499955,0.245261458438,0.303481502818,1.0,-0.0629331428571,-0.0827121306122,1.059
0.455313736877,0.477656215661,-0.124521885456,-1.46603145188,0.0730422520659,1.93443771819,0.143964452683,-0.051696150524,-0.35527526257,-0.00699020647171,-0.553494600187,-0.0371232125032,0.190229158381,-0.0877079230711,0.573772550581,0.819000004775,0.00219072593524,0.0,0.818957366212,-0.573710357791,-0.0120832359603,0.0,-0.00863949448605,0.00872730828593,-0.99992459377,0.0,0.648278331818,0.243729020488,0.303398351235,1.0,-0.0755228571429,-0.0992586122449,1.076
0.454231995319,0.470911275421,-0.124666398357,-1.476578793,0.0724243722215,1.93816948436,0.142429786375,-0.0666719145957,-0.411919033421,-0.00807986103466,-0.640305875271,-0.0338627399188,0.228844810044,-0.0982834744402,0.573847571482,0.818947601632,0.0021301140543,0.0,0.818903906687,-0.573785365059,-0.012144684347,0.0,-0.00872379980844,0.00871372410586,-0.999923980275,0.0,0.646916919121,0.241938118943,0.303371332786,1.0,-0.0881125714286,-0.115805093878,1.093
0.45297309231,0.463080584639,-0.124776442942,-1.48842847227,0.0717036421124,1.94260463214,0.140488852784,-0.0770556330484,-0.475611450499,-0.00713223556231,-0.744320353185,-0.0444471930235,0.267795136099,-0.122633822963,0.573736122449,0.819024702056,0.00247913709264,0.0,0.818985724906,-0.573672643439,-0.0119510447501,0.0,-0.00836614881058,0.00888729507104,-0.999925508996,0.0,0.645419633805,0.239946632489,0.303521053411,1.0,-0.100702285714,-0.13235157551,1.11
0.45145478063,0.454406129754,-0.124878836365,-1.50205079214,0.0708343990161,1.94723819698,0.138454418285,-0.0972202860554,-0.527974962653,-0.0102333611295,-0.808936763906,-0.0496843233623,0.27254575813,-0.128672219687,0.573782734923,0.818992829724,0.00220564405735,0.0,0.818949719463,-0.573719803041,-0.0121528388421,0.0,-0.008687833466,0.00877956972381,-0.999923717443,0.0,0.643579246271,0.237589757984,0.303410246109,1.0,-0.113292,-0.148898057143,1.127
0.449743632829,0.444535063124,-0.125035107079,-1.51683702837,0.0698057256179,1.95258820694,0.136138222023,-0.103480588425,-0.59026460951,-0.00717335864219,-0.892887968688,-0.0581127157039,0.328670793338,-0.133999154824,0.573789680261,0.818987085545,0.0025106649839,0.0,0.818948947597,-0.573726527933,-0.0118844132001,0.0,-0.00829290549031,0.00887543097608,-0.9999262245,0.0,0.641649672056,0.234983806508,0.303608649938,1.0,-0.125881714286,-0.165444538775,1.144
0.447803555958,0.433851974364,-0.125138125316,-1.53311930018,0.0687452646977,1.95818245987,0.133502991339,-0.119569137134,-0.666255765865,-0.0113511565266,-0.962263372234,-0.069530675432,0.35244233605,-0.165714538426,0.573724802844,0.819032546047,0.00250719327916,0.0,0.81899384415,-0.57366111811,-0.011947874883,0.0,-0.0083475798022,0.00890833953652,-0.999925476922,0.0,0.639409335563,0.232117506522,0.303645862823,1.0,-0.138471428571,-0.181991020408,1.161
0.445760008335,0.422956650544,-0.125262103712,-1.54952535336,0.0676046411623,1.96394293632,0.130779601392,-0.131074765701,-0.679155739722,-0.00858696873431,-1.04680592184,-0.0727851058344,0.365562544785,-0.175866044218,0.573649155823,0.819084991462,0.00267762705549,0.0,0.819048850158,-0.573585199182,-0.0118214734857,0.0,-0.00814710111807,0.00897465843659,-0.999926537426,0.0,0.637160684683,0.229168929121,0.303755003707,1.0,-0.150320571429,-0.197564179592,1.177
0.443326759449,0.41051451756,-0.125413515241,-1.56804907208,0.0662573099176,1.97050425594,0.127698974425,-0.146546971709,-0.7410573587,-0.00508565755646,-1.11369200799,-0.0784232333572,0.393446662332,-0.179519076318,0.573627029657,0.819099341269,0.00300780330877,0.0,0.819068426985,-0.573563010376,-0.0115382817968,0.0,-0.00772598304785,0.00908244190439,-0.99992890669,0.0,0.634612672898,0.225761991522,0.303942758192,1.0,-0.162910285714,-0.214110661224,1.194
0.440226333267,0.395703568329,-0.12558401908,-1.59021419857,0.0647838830468,1.97803275676,0.123943689486,-0.169124055288,-0.787488919183,-0.00806952165601,-1.18288917472,-0.0888334089864,0.405009958923,-0.204144988704,0.573699504038,0.819047972778,0.00316926743243,0.0,0.819018412064,-0.57363408597,-0.0115552159163,0.0,-0.00764642356184,0.00922508763169,-0.999928212406,0.0,0.631448321851,0.221592273399,0.304037801636,1.0,-0.176981142857,-0.232603787755,1.213
0.437355707631,0.382578100226,-0.12571683462,-1.61002166999,0.0632928959286,1.98462065077,0.120452550529,-0.184186629269,-0.819520163872,-0.00640803709696,-1.24664697223,-0.095831702954,0.411399325108,-0.218860607403,0.573630785248,0.819096650581,0.00302425588029,0.0,0.819065359999,-0.573566019503,-0.0116062148134,0.0,-0.00777215091033,0.00913492122401,-0.999928070855,0.0,0.628539552092,0.217799050894,0.303990893439,1.0,-0.188830285714,-0.248176946939,1.229
0.43378313555,0.366905800321,-0.125886519872,-1.63338555325,0.0615209563348,1.99238227324,0.116300973731,-0.21360028601,-0.869142378878,-0.00469057410222,-1.30745719803,-0.103054864969,0.420207000683,-0.228167209686,0.573639633496,0.819090497845,0.00301232851455,0.0,0.819059277474,-0.573575169549,-0.0115832535227,0.0,-0.00776008546182,0.00911206435758,-0.999928373113,0.0,0.625062665074,0.213227550328,0.304004894768,1.0,-0.202160571429,-0.26569675102,1.247
0.430715243213,0.354108043969,-0.126066506165,-1.65225918764,0.0600542453319,1.9986194207,0.112829721133,-0.230426544813,-0.912080960182,-0.0153872996307,-1.38572708908,-0.111917025434,0.447740472955,-0.253804476801,0.573693033174,0.819053054461,0.00302399849277,0.0,0.819022441514,-0.573629062054,-0.0115189567464,0.0,-0.0077001315397,0.00908524278262,-0.999929080654,0.0,0.622005052375,0.209127446116,0.304028062538,1.0,-0.213269142857,-0.280296587755,1.262
0.426638952749,0.337942460374,-0.126273690217,-1.67600357526,0.0582836217024,2.00628820663,0.108327363219,-0.243322928963,-0.960675737579,-0.00976977371143,-1.39973331332,-0.108021045421,0.458167570658,-0.261150599565,0.573784409902,0.818988617358,0.00313727480729,0.0,0.818958919656,-0.573719414978,-0.0115354971615,0.0,-0.00764767264519,0.00918836452309,-0.999928540977,0.0,0.618565845316,0.204528258368,0.304093740491,1.0,-0.225118285714,-0.295869746939,1.278
0.422313304562,0.321117392549,-0.126408549905,-1.70063013054,0.0562776388988,2.01415294067,0.103519798608,-0.25307531751,-0.993264693896,-0.0029701042752,-1.4610599462,-0.121004843935,0.45488332226,-0.287202027559,0.573681316512,0.81906092686,0.00311321028786,0.0,0.819031036752,-0.573616553393,-0.0115307160479,0.0,-0.00765871747228,0.00916494866604,-0.999928671337,0.0,0.614652764859,0.199461334049,0.304086799292,1.0,-0.237708,-0.312416228571,1.295
0.417633456431,0.303556521166,-0.126581040376,-1.72594175696,0.0541630988249,2.02213672416,0.0983684228042,-0.281638791904,-1.04584021077,-0.00596799521857,-1.50603269661,-0.132559233176,0.461142675898,-0.30528259599,0.573581332292,0.819130450293,0.00324153521932,0.0,0.819102610759,-0.573516667475,-0.0114145554966,0.0,-0.00749107973382,0.00920250308697,-0.999929596352,0.0,0.61080482858,0.194434862893,0.30417489404,1.0,-0.249557142857,-0.327989387755,1.311
0.412175310083,0.284270789401,-0.126773778441,-1.75352564357,0.0518788341444,2.03059007984,0.0926451517207,-0.30644136771,-1.07367210787,-0.0032894788187,-1.52278043106,-0.127968234425,0.46584368489,-0.319289063544,0.573553001085,0.819150024644,0.00330741186376,0.0,0.819122629624,-0.573487644814,-0.0114361612714,0.0,-0.00747131579308,0.00926859897044,-0.999929133746,0.0,0.605971602093,0.188149787164,0.30423110469,1.0,-0.263628,-0.346482514286,1.33
0.406902486947,0.266537493447,-0.126994872828,-1.77870413517,0.0497156780605,2.03819342631,0.0871633739701,-0.339515140848,-1.12899766771,-0.0137375068992,-1.57611561218,-0.13256628189,0.461301720415,-0.351365951424,0.573534027174,0.819163145597,0.00334775594953,0.0,0.819136007386,-0.573468225415,-0.0114517572532,0.0,-0.00746116948127,0.00931041915226,-0.999928820989,0.0,0.601424837727,0.182180581893,0.304268186871,1.0,-0.276217714286,-0.363028995918,1.347
0.400793752554,0.247207864823,-0.127266960683,-1.80597732251,0.0472522844385,2.04623286508,0.0810823203714,-0.361445162373,-1.15714850749,-0.012997788166,-1.59909004659,-0.145267569497,0.466795852781,-0.36505007231,0.573638885028,0.819089692165,0.00335450047686,0.0,0.819063169159,-0.573573710414,-0.0113785126444,0.0,-0.00739611153219,0.00927488366839,-0.999929634558,0.0,0.596993511823,0.176245081218,0.304287093137,1.0,-0.288066857143,-0.378602155102,1.363
0.394311839367,0.227233466066,-0.127455081162,-1.83384115611,0.0447935411117,2.05425411926,0.0745517469148,-0.380213039102,-1.18064403,-0.00449758930083,-1.63409178391,-0.137791833975,0.463684114355,-0.387856843299,0.573564295742,0.819141544274,0.00344615663237,0.0,0.819115415974,-0.573497872373,-0.0114399562449,0.0,-0.00739472229964,0.00938453115164,-0.999928621781,0.0,0.592017415906,0.169813724528,0.304313388833,1.0,-0.300656571429,-0.395148636735,1.38
0.38818506103,0.209098169888,-0.127672987197,-1.8589030788,0.0423706570374,2.06125152381,0.0684526786445,-0.41977221744,-1.2282627701,-0.0160029787551,-1.69512434457,-0.173526744711,0.455840713431,-0.408218196165,0.573452017125,0.819220336337,0.00340168914891,0.0,0.819193937579,-0.573386122243,-0.0114190347157,0.0,-0.00740436666728,0.00933509134909,-0.999929013192,0.0,0.587436433796,0.163866243941,0.304327256577,1.0,-0.311765142857,-0.409748473469,1.395
