position_joint1,position_joint2,position_joint3,position_joint4,position_joint5,position_joint6,position_joint7,velocity_joint1,velocity_joint2,velocity_joint3,velocity_joint4,velocity_joint5,velocity_joint6,velocity_joint7,ee_T_00,ee_T_10,ee_T_20,ee_T_30,ee_T_01,ee_T_11,ee_T_21,ee_T_31,ee_T_02,ee_T_12,ee_T_22,ee_T_32,ee_T_03,ee_T_13,ee_T_23,ee_T_33,v_x,v_y,time
0.465066916618,0.547795595119,-0.123999248624,-1.35582876667,0.0794747074022,1.89411408401,0.15915953209,-2.57590108352e-05,-0.00132823960727,-0.000640797639825,-0.000487251073413,-3.73828192793e-05,-0.000210834115662,0.000177847566598,0.573812256572,0.818972843674,0.00192936065604,0.0,0.818929734404,-0.573754067582,-0.0118788443881,0.0,-0.00862163843711,0.00839639897012,-0.999927581295,0.0,0.661686016924,0.260876921553,0.303207671382,1.0,0.0,0.0,0.0
0.46506321202,0.547793488232,-0.123997041836,-1.35582626985,0.0794767169001,1.89411379607,0.159159281016,-0.001152031451,-0.00178791113588,-0.0005962654758,-0.00117404868371,-0.000148374036266,6.82966392567e-05,-0.00425550843626,0.573813933671,0.818971656031,0.00193469496281,0.0,0.81892858895,-0.573755695948,-0.011879161069,0.0,-0.00861881989706,0.00840096690228,-0.999927567226,0.0,0.661686935199,0.26087637858,0.303210257887,1.0,-0.00016,-0.000210285714286,0.009
0.465060980022,0.54779394913,-0.123992101147,-1.3558294793,0.0794795840455,1.89411489916,0.159159243092,-0.00110244632743,0.00110794591552,0.000756042280799,-0.000681000526282,0.000448545508832,-0.000105339487599,0.000196431063724,0.573813221909,0.818972153192,0.00193534486926,0.0,0.818929041077,-0.573754929452,-0.0118850120184,0.0,-0.00862324624872,0.00840484897604,-0.999927496441,0.0,0.661685693424,0.260877913079,0.303208341363,1.0,-0.0005,-0.000657142857143,0.026
0.465063413116,0.547777529518,-0.123997703139,-1.3558531908,0.0794734831745,1.89411646532,0.159154919973,-0.000508656427877,0.000518724808383,0.00256909674401,-0.00436200208733,-5.16182887996e-05,0.000879323806665,-0.00207378888101,0.573811262571,0.818973546045,0.00192684362634,0.0,0.818930384856,-0.573753065436,-0.0118824056483,0.0,-0.00862600952949,0.00839637063604,-0.999927543835,0.0,0.661681997664,0.260872798392,0.303208998069,1.0,-0.00088,-0.00115657142857,0.045
0.46506063916,0.547685388967,-0.123994945386,-1.3559475306,0.0794734693559,1.89413607677,0.159157242887,-0.000117016408388,-0.00750991489073,0.000631183984029,-0.0096151982664,-0.000352300261764,0.00322016890733,2.29588210707e-05,0.573818630409,0.818968336527,0.00194680837487,0.0,0.818925350283,-0.573760267252,-0.0118816366062,0.0,-0.00861384871642,0.00841235713865,-0.999927514302,0.0,0.661666811722,0.260863904632,0.303230981537,1.0,-0.0012,-0.00157714285714,0.061
0.46505983735,0.547554141025,-0.123995997666,-1.35612936852,0.0794714784527,1.89416591126,0.15915922683,0.000799689485807,-0.00875442748799,-0.00216940421513,-0.0159760983681,0.00015320574758,0.0016465209821,0.000468590185564,0.573831019439,0.818959682899,0.00193541145864,0.0,0.818916422623,-0.573772579309,-0.0119023901655,0.0,-0.00863725794503,0.00841506292649,-0.999927289602,0.0,0.661635100508,0.260844603688,0.303240031376,1.0,-0.00154,-0.002024,0.078
0.465040663578,0.547407869049,-0.124000816421,-1.35633434492,0.0794708317697,1.89424365607,0.159147256316,0.000620132435379,-0.0071061901017,-0.000246128034582,-0.0123253542057,-1.0279133843e-05,0.0033595564436,-0.00153185603305,0.573851584222,0.818945221861,0.00195698193771,0.0,0.818902163092,-0.57379297475,-0.0119002651708,0.0,-0.00862292883104,0.00843172509969,-0.99992727291,0.0,0.661613616731,0.260811897477,0.303252995074,1.0,-0.00186,-0.00244457142857,0.094
0.465017637524,0.547238908425,-0.123998061417,-1.35653289077,0.0794687723074,1.89436749006,0.159136022955,0.000575743528249,-0.00784975157896,0.000452178533546,-0.0161512621918,-0.000122142265461,0.00754473907933,-0.00141110208041,0.573870166361,0.818931992489,0.00204223894541,0.0,0.818890009015,-0.573811172184,-0.0118591194068,0.0,-0.00854011718553,0.0084781271255,-0.999927591258,0.0,0.661602746553,0.260785002763,0.303288835277,1.0,-0.00218,-0.00286514285714,0.11
0.464988843932,0.547016372332,-0.123995636019,-1.35680305455,0.0794643630374,1.89450151799,0.159118504079,-0.00522415881429,-0.0129880937374,0.000117483372896,-0.0138572858374,2.5543364926e-05,0.0106981207217,-0.00191262703044,0.573891806188,0.818916623396,0.00212264401807,0.0,0.81887561528,-0.573832417405,-0.011824987815,0.0,-0.00846580013788,0.00852460916676,-0.999927828029,0.0,0.661580598496,0.260746612657,0.303329420383,1.0,-0.00254,-0.00333828571429,0.128
0.464948523738,0.546780497546,-0.123998132591,-1.35714813875,0.0794562537083,1.89462785886,0.15908986783,-0.00433525931331,-0.0141918427774,-0.000146700949135,-0.02221138433,7.41387037731e-05,0.00497227868888,-0.000416832266819,0.573920249562,0.818896634718,0.00214375621816,0.0,0.818855798905,-0.573860670727,-0.0118261613801,0.0,-0.00845434914698,0.00854286517793,-0.999927769109,0.0,0.661544400649,0.260687895974,0.303343269167,1.0,-0.00288,-0.00378514285714,0.145
0.464923999799,0.546522199772,-0.123998141685,-1.35750889896,0.0794470416976,1.89476670838,0.158964336174,-0.00146318638665,-0.0202884098907,-0.00095607583228,-0.0189841437737,-0.000287537678042,0.00801787507663,-0.00551764045996,0.573855273227,0.818942065638,0.00218298420991,0.0,0.818901627233,-0.57379543393,-0.0118182832137,0.0,-0.00842606512323,0.00856979845959,-0.999927777382,0.0,0.661503045596,0.260640177158,0.303366525561,1.0,-0.0032,-0.00420571428571,0.161
0.464877447555,0.546231145391,-0.123995636031,-1.35796595337,0.0794336141165,1.89492817576,0.158924666462,-0.00297079894199,-0.0189098726783,0.00125215153957,-0.0263601265462,-0.000352893971744,0.00342512289735,-0.00181019326763,0.573881116199,0.818923944434,0.00218737378769,0.0,0.818883412977,-0.573821103742,-0.0118340083443,0.0,-0.00843615397278,0.00858268327373,-0.999927581805,0.0,0.661450333982,0.260569189448,0.303369002318,1.0,-0.00354,-0.00465257142857,0.178
0.464835439694,0.54591853662,-0.1239956624,-1.35849206129,0.0794133876257,1.8951117233,0.15888696335,-0.00420694227064,-0.0178280441364,0.00098146718331,-0.0310831131567,0.000272851397622,0.0130251233631,-0.001822549468,0.573908681507,0.818904679841,0.00216737786299,0.0,0.818863766409,-0.573848621034,-0.011859135733,0.0,-0.00846791798636,0.00858101336356,-0.999927327647,0.0,0.661386475871,0.260492223877,0.303355843789,1.0,-0.00388,-0.00509942857143,0.195
0.464774533946,0.545597990266,-0.123998576093,-1.35905138948,0.0793291555817,1.89528674747,0.158790971563,-0.0029890264227,-0.028535224934,0.000335623147896,-0.0285186935629,-0.00892148395073,0.00993568124617,-0.00817653288193,0.573890719209,0.818917482423,0.0020847756109,0.0,0.818875908641,-0.573831408053,-0.0118536188958,0.0,-0.00851098988241,0.00851001824026,-0.999927568697,0.0,0.661322610587,0.260386302622,0.303331708274,1.0,-0.0042,-0.00552,0.211
0.464715465444,0.545211385855,-0.123998839347,-1.35972796434,0.0792717849177,1.8955056025,0.158708154741,-0.00617632894029,-0.0247641240254,0.000762371021806,-0.0395054033592,-0.000761267231044,0.0137540078158,-0.00126875603868,0.573893854312,0.818915460919,0.00201463455695,0.0,0.818873074364,-0.573834925868,-0.0118790924448,0.0,-0.00857206983201,0.00846723116269,-0.999927410173,0.0,0.661239630558,0.260277412053,0.303302277806,1.0,-0.00454,-0.00596685714286,0.228
0.464654031014,0.544784366552,-0.123997133499,-1.36043700265,0.0792624793156,1.89574792613,0.158648724812,-0.0036731092828,-0.0265265952285,0.0013791774847,-0.0405165501276,-0.00322847434402,0.0140521070012,-0.0146058518975,0.573931308065,0.818889250233,0.00199909422441,0.0,0.818846315785,-0.57387209828,-0.0119278179967,0.0,-0.00862050351041,0.00848286244716,-0.999926861307,0.0,0.661152329531,0.260174160156,0.303288029924,1.0,-0.00488,-0.00641371428571,0.245
0.464589674432,0.544370082529,-0.124007318451,-1.36113768642,0.0792360650557,1.8960001636,0.158537930585,-0.00058557126031,-0.0302491166531,-0.000871256886351,-0.0495948073134,-0.000337912581348,0.0160528517342,-0.00215896496408,0.57393247527,0.818888489428,0.00197550345175,0.0,0.81884513392,-0.57387325214,-0.0119534109759,0.0,-0.00865498870248,0.00847824537033,-0.999926602569,0.0,0.6610729496,0.260060819976,0.303269929576,1.0,-0.0052,-0.00683428571429,0.261
0.464517115419,0.543874265112,-0.124005223588,-1.36194020312,0.0792003683541,1.89628789829,0.158454355039,-0.00497193111084,-0.0357740367958,6.16793883527e-05,-0.0477744388699,-0.0019940573953,0.0153007445987,0.000417274311281,0.573957178024,0.818871197947,0.00196618150148,0.0,0.818827573953,-0.573897847255,-0.0119754728998,0.0,-0.00867814958972,0.00848353559423,-0.99992635696,0.0,0.660979110049,0.259939068228,0.303263672872,1.0,-0.00554,-0.00728114285714,0.278
0.464435498205,0.543316475965,-0.124005560429,-1.36284384368,0.0791521087854,1.89659342882,0.158312484759,-0.00148525325671,-0.0252465449711,0.00134569685513,-0.0518456010723,-0.00286682601214,0.0172339206467,-0.00900119146318,0.573945370176,0.818879546566,0.00193576107831,0.0,0.818835416531,-0.57388606365,-0.012003894547,0.0,-0.00871900528611,0.00847481259458,-0.999926075517,0.0,0.660870657478,0.25979791128,0.303254676483,1.0,-0.0059,-0.00775428571429,0.296
0.464363695933,0.542861250053,-0.124013471099,-1.36356757859,0.0791101492169,1.89685418395,0.158249440765,-0.00386019853126,-0.0336005559401,-0.000652447045763,-0.0553107119529,-0.00949598453818,0.0174483462486,-0.0136439650886,0.573987127557,0.818850296941,0.00192756341131,0.0,0.818806070656,-0.573927861321,-0.0120073126377,0.0,-0.00872607717663,0.00847050659683,-0.999926050313,0.0,0.660790729858,0.259676852078,0.303255062834,1.0,-0.00618,-0.00812228571429,0.31
0.464277166773,0.542189615993,-0.124016223717,-1.36459784777,0.0790437754567,1.89722499923,0.158088815057,-0.00881124169542,-0.0393382496892,-0.00434183203178,-0.0522275216237,-0.00111709793397,0.0184543913864,-0.00669061402533,0.573967847367,0.818863792339,0.0019356359642,0.0,0.818819698093,-0.573908574958,-0.0119998544057,0.0,-0.00871553600939,0.00847263058217,-0.999926124253,0.0,0.660671687001,0.259519036817,0.303271891328,1.0,-0.00656,-0.00862171428571,0.329
0.464182206464,0.541531658695,-0.124014859663,-1.36561581934,0.0789870936031,1.89759928624,0.157970371495,-0.00468502964349,-0.0358662536422,-0.000150265319554,-0.0589922088636,-0.00179291073835,0.0188048885026,-0.000953274919232,0.57398902446,0.818848913032,0.00195046857528,0.0,0.818804950651,-0.573929626152,-0.0119993297758,0.0,-0.00870637406849,0.0084847002745,-0.999926101725,0.0,0.660556330851,0.25936113016,0.303284987383,1.0,-0.00692,-0.00909485714286,0.347
0.464111240584,0.540936834192,-0.124020506868,-1.36652776055,0.0789324571719,1.89793755865,0.157834651112,-0.00876248421338,-0.0419481474061,-0.000961788742064,-0.0578807341866,-0.0063771109771,0.0217301573029,-0.00629238572879,0.573975933395,0.818858048671,0.0019674631658,0.0,0.818814324305,-0.573916480417,-0.0119884410749,0.0,-0.00868783919756,0.00849222718031,-0.999926199041,0.0,0.660451702631,0.259224661875,0.303300928975,1.0,-0.00722,-0.00948914285714,0.362
0.464011967184,0.540184050525,-0.124020962194,-1.3676878791,0.0788660521485,1.89835579788,0.157707477613,-0.00817081921619,-0.0399569159363,0.00110655038858,-0.0681112775507,-0.00266717277107,0.025134717532,-0.00446666841728,0.573999834964,0.818841267401,0.00197867699576,0.0,0.818797634328,-0.573940277713,-0.011989100842,0.0,-0.00868169525352,0.00850204163853,-0.999926169002,0.0,0.660316489602,0.259048654611,0.303317061233,1.0,-0.00758,-0.00996228571429,0.38
0.463922112615,0.539486104811,-0.124021145681,-1.36877162205,0.0788044474091,1.89877146749,0.157562811269,-0.0041808077106,-0.0480306251096,0.000757843576005,-0.0655066385043,-0.00497681015596,0.0309525289805,-0.0122217870402,0.573998667973,0.818842020609,0.00200533088038,0.0,0.818798710653,-0.573938974311,-0.0119779840421,0.0,-0.00865730578715,0.00851747321218,-0.999926249134,0.0,0.660193984322,0.258887980685,0.303330449581,1.0,-0.0079,-0.0103828571429,0.396
0.463826873421,0.538766076132,-0.124024401312,-1.36987024501,0.078738436545,1.8992000922,0.157433437352,-0.00628338067294,-0.0431804935187,0.000481947114712,-0.0656620825606,-0.00078673457686,0.0304361797131,-0.0045931428667,0.574016173593,0.818829647736,0.00204629993036,0.0,0.818786908813,-0.573956342891,-0.0119524605281,0.0,-0.00861270804063,0.00853655360695,-0.999926471553,0.0,0.660073341291,0.258720671176,0.303353460356,1.0,-0.00822,-0.0108034285714,0.412
0.463708302544,0.537929553433,-0.124030094481,-1.37116031766,0.0786712480287,1.89969676116,0.157265715877,-0.00414989799028,-0.0460487045213,0.000851870015204,-0.0730760218051,-0.00631334969983,0.032418211965,-0.0100061328344,0.574033259831,0.818817568025,0.00208657653229,0.0,0.818775301186,-0.57397320789,-0.0119377424291,0.0,-0.00857735933853,0.00856126336113,-0.999926564142,0.0,0.659931433175,0.25851978592,0.303373496244,1.0,-0.00858,-0.0112765714286,0.43
0.463608972514,0.53721844635,-0.124030793968,-1.37227953231,0.0786055586126,1.90010443908,0.157125589964,-0.00370788226953,-0.0489012772762,0.00241266505895,-0.0745869423509,-0.00230917659367,0.0269540542727,-0.0132380961247,0.574044396591,0.818809759975,0.00208677090743,0.0,0.818767460327,-0.573984307183,-0.0119418557601,0.0,-0.00858049949627,0.00856390038179,-0.999926514619,0.0,0.659801584136,0.25834735465,0.303378260903,1.0,-0.00888,-0.0116708571429,0.445
0.463492115533,0.536323897925,-0.124039984172,-1.37368153476,0.078529387837,1.90063206649,0.15696281159,-0.00707340016509,-0.0472583023264,-0.00544862785945,-0.0787746040161,-0.00177960203706,0.0299844823407,-0.00561704293113,0.574070073763,0.818791710505,0.00210525979807,0.0,0.818749618977,-0.574009872296,-0.0119362821813,0.0,-0.00856505390029,0.00857610816645,-0.999926542412,0.0,0.659641707011,0.258133723959,0.30338848407,1.0,-0.00924,-0.012144,0.463
0.46338233398,0.535451440972,-0.124042614967,-1.37507459411,0.0784432048645,1.90113518019,0.156786509719,-0.00620082341053,-0.0500085260963,0.000899560482538,-0.0842778198673,-0.00544353129431,0.0326789478054,-0.0116322959071,0.574070825804,0.818791227188,0.00208809505374,0.0,0.818748906259,-0.574010689168,-0.011945883009,0.0,-0.00858276057267,0.00856757341769,-0.99992646375,0.0,0.659475313814,0.2579260816,0.303384840063,1.0,-0.00958,-0.0125908571429,0.48
0.463248811004,0.534504094906,-0.124045654668,-1.37661033651,0.078361831041,1.90169089008,0.156609982229,-0.00809741819768,-0.0534674127805,-0.00103878286023,-0.0899134867933,-0.00310055200739,0.033649681194,-0.0114560047839,0.574100149788,0.818770726303,0.00206462198684,0.0,0.818727971367,-0.574039979367,-0.0119732156026,0.0,-0.00861830880155,0.00856435353217,-0.999926185577,0.0,0.659293815119,0.257690949783,0.303370547421,1.0,-0.00994,-0.013064,0.498
0.463124339895,0.533640840064,-0.124046077584,-1.37800185517,0.0782807581946,1.902196295,0.156438295245,-0.00813485258677,-0.058129855793,0.000471795129699,-0.0844385035724,-0.00128631000332,0.0326820146224,-0.00842396458309,0.574116199494,0.818759519582,0.00204584285147,0.0,0.818716460026,-0.574056046446,-0.0119900176216,0.0,-0.00864267900708,0.00855879334922,-0.999926022842,0.0,0.659130280291,0.25747598513,0.303360935633,1.0,-0.01026,-0.0134845714286,0.514
0.462992217808,0.532694773017,-0.124043687172,-1.37952025589,0.0781998186753,1.90277775694,0.156242290906,-0.00773040949502,-0.0603927146806,0.000660212508506,-0.0906285252039,-0.00502589143209,0.0268068469055,-0.0118929868834,0.574123671689,0.818754249121,0.00205816749327,0.0,0.818711245324,-0.574063361827,-0.0119958446614,0.0,-0.00864029659038,0.00857230829698,-0.999925927659,0.0,0.658955524021,0.257248827754,0.303355670988,1.0,-0.0106,-0.0139314285714,0.531
0.462855782596,0.531722892085,-0.124049036944,-1.38108279453,0.0781028773541,1.90334393865,0.156046541574,-0.0114402992092,-0.0559308887557,0.000202005313897,-0.0922218911286,-0.00595004901258,0.0327015921662,-0.0191706129221,0.574138027658,0.818744242994,0.00203387883402,0.0,0.818700929322,-0.574077825338,-0.0120077343638,0.0,-0.00866382544924,0.00855940021081,-0.999925834648,0.0,0.658771449009,0.257005852049,0.303346291641,1.0,-0.01094,-0.0143782857143,0.548
0.462730433601,0.530783304398,-0.124052296068,-1.38262846134,0.0780117054203,1.90388812025,0.155836600122,-0.0110416989409,-0.0564834892769,-0.000423069575908,-0.098704693144,-0.00875291247198,0.0345940754064,-0.017954747382,0.574130616264,0.818749569349,0.00198117640834,0.0,0.818705491065,-0.574070564222,-0.0120437990135,0.0,-0.00872368815509,0.0085368781154,-0.999925506714,0.0,0.658581993098,0.256772440787,0.303320024796,1.0,-0.01126,-0.0147988571429,0.564
0.462580615216,0.529691269124,-0.124049708077,-1.38435526817,0.0779037219262,1.90452117627,0.155603825146,-0.00876945837235,-0.0607159530588,0.000840538833899,-0.0965499736259,-0.00245243617263,0.0406073319977,-0.0142539908505,0.574125622779,0.818753078719,0.00197794285376,0.0,0.818708941653,-0.57406556908,-0.0120473298142,0.0,-0.00872848753624,0.00853620458126,-0.999925470581,0.0,0.658377408237,0.256510154529,0.303322206116,1.0,-0.01162,-0.015272,0.582
0.462448919366,0.528674488906,-0.124058413281,-1.38594526429,0.077803693673,1.90511746172,0.155392187378,-0.00423477682789,-0.0696939975418,-0.000332747679932,-0.104524171531,-0.00469218256779,0.036360488757,-0.0174667290457,0.574125660422,0.818753016584,0.00199268212263,0.0,0.818709138739,-0.574065608842,-0.0120320319055,0.0,-0.00870749978862,0.00853948973997,-0.999925625515,0.0,0.658192502985,0.256267299189,0.303333423021,1.0,-0.01194,-0.0156925714286,0.598
0.462322252026,0.527629335789,-0.124055667618,-1.38756402334,0.0777050363598,1.90575330764,0.155161592536,-0.00415953562737,-0.0670493161876,-0.00075773108858,-0.101417667726,-0.00411172822475,0.0394746524844,-0.0122348837463,0.574099908926,0.818770945776,0.00204446210264,0.0,0.818727766427,-0.574039662972,-0.0120023629825,0.0,-0.00865375036586,0.00856457828064,-0.999925877555,0.0,0.658005098447,0.256034284374,0.303353749305,1.0,-0.01226,-0.0161131428571,0.614
0.462164973751,0.526468453945,-0.124058152275,-1.3893507147,0.077598930385,1.90642464801,0.154921733351,-0.0115303882503,-0.0727972593377,0.000541682814712,-0.102432849114,-0.0093297647122,0.0426519466203,-0.0185911523568,0.574102004817,0.818769377825,0.00208348350385,0.0,0.818726692913,-0.574041580357,-0.011983873908,0.0,-0.0086161887087,0.00858593490074,-0.99992601877,0.0,0.657797404602,0.255760917713,0.303378569091,1.0,-0.0126,-0.01656,0.631
0.462008302936,0.525216209097,-0.124069480633,-1.39128434875,0.0774759498932,1.90712329375,0.154658199181,-0.013424163218,-0.0662723903559,0.000609509856078,-0.105557784766,-0.00408602078861,0.0430329008844,-0.0182585282612,0.57409338511,0.818775397225,0.00209307749881,0.0,0.818732893348,-0.57403297754,-0.0119723409453,0.0,-0.00860132830655,0.00858707846544,-0.99992613689,0.0,0.657565264259,0.255465749061,0.303400038424,1.0,-0.01296,-0.0170331428571,0.649
0.461875111406,0.524191706922,-0.124070657279,-1.3929395045,0.0773716574667,1.90771056163,0.154434143701,-0.0102100366176,-0.0631454503345,-6.22686311573e-05,-0.113291157952,-0.00172574856716,0.0357893578902,-0.00978829629845,0.57408439277,0.818781833583,0.00204104731795,0.0,0.818738650224,-0.574024203277,-0.0119993159202,0.0,-0.00865337793464,0.00855986912382,-0.999925921102,0.0,0.657346287301,0.255195829604,0.303377208701,1.0,-0.01328,-0.0174537142857,0.665
0.461721717681,0.522896344588,-0.124075557017,-1.39498496058,0.0772384459895,1.9084926223,0.154161635608,-0.00550682191175,-0.070746326402,-0.000716093428444,-0.114760302728,-0.00178332871254,0.0478870447455,-0.0167997434358,0.574060389167,0.818798583621,0.00207266757894,0.0,0.818755892804,-0.574000149618,-0.0119734347206,0.0,-0.00861428574163,0.00857064840102,-0.999926166308,0.0,0.657116783013,0.254919567071,0.30338859902,1.0,-0.01362,-0.0179005714286,0.682
0.461556984838,0.521669435577,-0.124080808452,-1.39693157151,0.0771275097697,1.90925659067,0.153898693981,-0.0106541314169,-0.0659877857323,-0.00159027772879,-0.115934668441,-0.0173823207314,0.0489974215736,-0.0162380256208,0.574058274126,0.818799970304,0.00211031712656,0.0,0.818757760738,-0.573997869111,-0.011955015229,0.0,-0.00857761372636,0.00859087933556,-0.999926307952,0.0,0.656892096017,0.25462719195,0.30339061651,1.0,-0.01396,-0.0183474285714,0.699
0.461400123215,0.520465993026,-0.124081145721,-1.39885227186,0.0770133397566,1.90995780509,0.153640055887,-0.00880592651784,-0.0833969463037,0.000525091531357,-0.120701724218,-0.00507896006039,0.0430868537535,-0.0141149450449,0.574046843375,0.818808017603,0.0020973366965,0.0,0.818765567657,-0.573986422353,-0.0119699237736,0.0,-0.00859739229551,0.00858868938747,-0.999926156904,0.0,0.65665676319,0.254340929935,0.303382540024,1.0,-0.01428,-0.018768,0.715
0.461229673576,0.519148729924,-0.124081925582,-1.40091169733,0.0768799983861,1.91069494858,0.15336878267,-0.00873122316871,-0.0782024217076,0.00108071415931,-0.124777585891,-0.00858605319517,0.0466431567404,-0.0181614715879,0.574038201644,0.818814097314,0.00208901753374,0.0,0.818771545522,-0.5739778229,-0.0119733856615,0.0,-0.00860509291087,0.00858377415167,-0.99992613287,0.0,0.656402757916,0.25402993562,0.303391088522,1.0,-0.01462,-0.0192148571429,0.732
0.461039695898,0.517629991545,-0.124095042725,-1.40328427096,0.0767274750004,1.91154702892,0.1530350678,-0.00942820897696,-0.0742908014498,-0.00094595797217,-0.124126942182,-0.0132102742879,0.0422327072968,-0.0165017673471,0.574014279457,0.818830888609,0.00208080264776,0.0,0.818788287099,-0.573953995114,-0.0119707686767,0.0,-0.0086079158892,0.00857529409323,-0.999926181333,0.0,0.656110911566,0.2536691673,0.303401916292,1.0,-0.015,-0.0197142857143,0.751
0.460876690899,0.516448501674,-0.124099304982,-1.40516098635,0.0766005640126,1.91224959438,0.152775422528,-0.0109380747456,-0.0784925211772,-0.000752598696384,-0.125148224278,-0.0126310544752,0.046185718068,-0.0117115894023,0.574003174212,0.818838680821,0.00207790439995,0.0,0.818796152048,-0.573943013396,-0.0119593338718,0.0,-0.00860033204124,0.00856624065753,-0.999926324191,0.0,0.65588673624,0.253379705661,0.303398495142,1.0,-0.0153,-0.0201085714286,0.766
0.460691643131,0.515059600774,-0.124100241646,-1.40736177973,0.0764658365077,1.91306896664,0.15247190304,-0.0119147705446,-0.0810701593753,-0.00079050095631,-0.129761603627,-0.0084856864806,0.0438263581179,-0.0256568020356,0.573986613188,0.818850277769,0.00208263785749,0.0,0.818807786088,-0.573926410287,-0.0119595952691,0.0,-0.00859800257681,0.00857009267775,-0.999926311217,0.0,0.655619024263,0.253048688181,0.303395957005,1.0,-0.01564,-0.0205554285714,0.783
0.460498130393,0.513637441344,-0.124097912725,-1.40963870761,0.0763342974281,1.91385692915,0.152156615681,-0.00934503172915,-0.0893447314385,8.0158242559e-05,-0.134546193813,-0.00285970340736,0.050833957077,-0.0182462266535,0.573969220557,0.81886259742,0.00203157585123,0.0,0.818819233489,-0.573909029218,-0.0120098273366,0.0,-0.00866862558072,0.00855692936407,-0.999925814193,0.0,0.655328172629,0.252703932231,0.303377249847,1.0,-0.01598,-0.0210022857143,0.8
0.460329929983,0.512420673952,-0.124103989505,-1.41163146453,0.0762206525456,1.91456259048,0.151885037051,-0.0115681103993,-0.0805423254038,-0.00040101719351,-0.130629446093,-0.00597923330853,0.0452901114521,-0.0206631699647,0.57396309821,0.818867049438,0.00196574131033,0.0,0.818822695119,-0.573903061059,-0.0120589123032,0.0,-0.0087466693824,0.00853112851489,-0.999925355025,0.0,0.655060087383,0.252374264229,0.303339938207,1.0,-0.0163,-0.0214228571429,0.816
0.460114676708,0.51088306818,-0.12410607586,-1.41407074928,0.0760668808678,1.91548579794,0.151536294554,-0.0111828836568,-0.0883911112561,0.000379088816192,-0.13296587628,-0.0119226963139,0.0471317986782,-0.0259878011188,0.573940985701,0.818882495189,0.00198768851473,0.0,0.818838454148,-0.573880882703,-0.0120443089274,0.0,-0.00872234524013,0.00854048275939,-0.999925487648,0.0,0.654783310172,0.252025558357,0.303338493328,1.0,-0.01664,-0.0218697142857,0.833
0.459899558176,0.509302023477,-0.124117710288,-1.4165655907,0.075917257638,1.91641631721,0.151182593922,-0.00999799851101,-0.087917144031,-0.00110821730511,-0.136026158146,-0.00588716892576,0.0459453050423,-0.0198137494943,0.573925503845,0.818893316395,0.00199982548531,0.0,0.81884942465,-0.573865341691,-0.0120389475306,0.0,-0.00871115085044,0.008547179535,-0.999925528013,0.0,0.65447999684,0.251641632673,0.303338684429,1.0,-0.017,-0.0223428571429,0.851
0.45971740446,0.507973742298,-0.124115977269,-1.41867598615,0.0757740794801,1.91716756917,0.150898920131,-0.0119708441692,-0.0911516424388,0.000414802226996,-0.144619295706,-0.0134902179892,0.056370818451,-0.0121856106652,0.573911718147,0.818903058534,0.00196657001491,0.0,0.818858762859,-0.573851730513,-0.0120525838602,0.0,-0.00874154648198,0.00852762638404,-0.999925429696,0.0,0.654213477753,0.251318429892,0.303328520116,1.0,-0.0173,-0.0227371428571,0.866
0.459497283701,0.506424192502,-0.124120127498,-1.4210944955,0.0756256731446,1.9180599592,0.150561616207,-0.013291868776,-0.096140276419,0.000602839161633,-0.137171297327,-0.00385513569626,0.0513041345995,-0.0129245307288,0.573903817531,0.81890855039,0.00198525156496,0.0,0.818864472177,-0.573843724447,-0.0120458715134,0.0,-0.00872541101844,0.0085389880239,-0.999925473666,0.0,0.65391752014,0.250942045057,0.303338403385,1.0,-0.01764,-0.023184,0.883
0.459261063953,0.504710118782,-0.124128064705,-1.42370667163,0.0754536086466,1.9190787869,0.150202696172,-0.010704799197,-0.0978460924879,-0.000302731323966,-0.148355092236,-0.0122037711723,0.0582207438101,-0.0214185527715,0.573897412051,0.818912809667,0.0020778606045,0.0,0.818870125624,-0.573837110638,-0.0119764233377,0.0,-0.00861545883391,0.00857490142679,-0.999926119738,0.0,0.653609822388,0.250536905952,0.303381509372,1.0,-0.018,-0.0236571428571,0.901
0.459049870699,0.503146079358,-0.124130965793,-1.42603982024,0.0753156502323,1.91995713409,0.149873795457,-0.00925571683311,-0.0997802850293,0.000322601428984,-0.151626706018,-0.00364210216626,0.0591794234479,-0.0180936854235,0.573885806681,0.818920693235,0.00217393238392,0.0,0.818879222973,-0.573825072316,-0.0119311133429,0.0,-0.0085233428032,0.00862745077191,-0.999926457156,0.0,0.653326792247,0.250178278776,0.303439615666,1.0,-0.01832,-0.0240777142857,0.917
0.458815215406,0.501429481243,-0.124135178042,-1.42857295157,0.0751522262738,1.92086472167,0.149522338244,-0.0132656418318,-0.108786443247,-0.000491760837357,-0.153971905129,-0.00817559451091,0.0592271449864,-0.0272001446749,0.573878277293,0.818925765265,0.00224960831164,0.0,0.81888529972,-0.573817258833,-0.0118897547592,0.0,-0.00844612505421,0.008665609995,-0.999926782407,0.0,0.653012002244,0.249779912391,0.30351094675,1.0,-0.01866,-0.0245245714286,0.934
0.458572986964,0.499715644987,-0.124137403191,-1.43116744943,0.0749828145421,1.92178790943,0.149147995428,-0.0126785101694,-0.107923908164,-0.0013464035077,-0.152207253418,-0.00541527810434,0.0554237204234,-0.0279162494302,0.573857811292,0.818940015315,0.00228268152203,0.0,0.818899985049,-0.573796669321,-0.0118719696482,0.0,-0.00841279792345,0.00868227754303,-0.999926918773,0.0,0.652686075037,0.24937067757,0.303551820804,1.0,-0.019,-0.0249714285714,0.951
0.45833304667,0.498156499653,-0.124135567644,-1.43364247373,0.0748370090326,1.92272209583,0.148793335867,-0.0147841433309,-0.0945608014501,-9.43353313803e-05,-0.150304746679,-0.00698006192751,0.055962160428,-0.0248503995987,0.57384928652,0.818945938924,0.0023005177858,0.0,0.818906051087,-0.57378798266,-0.0118733882779,0.0,-0.00840381545158,0.00869761078324,-0.999926861052,0.0,0.652383250272,0.248981987627,0.303542057892,1.0,-0.01932,-0.025392,0.967
0.458072030491,0.496476663072,-0.124135567644,-1.43632530291,0.0746663345869,1.92366573666,0.148402277295,-0.0170835772661,-0.0980194797096,0.000725593040063,-0.157815785374,-0.00948223432167,0.0555539148185,-0.0200444199793,0.573832237667,0.818958030509,0.00224815039469,0.0,0.818917372167,-0.573771052592,-0.0119106536919,0.0,-0.00846456484038,0.00867593351217,-0.999926536961,0.0,0.652041050621,0.248552333378,0.303517799074,1.0,-0.01966,-0.0258388571429,0.984
0.457806800384,0.494792482818,-0.124137929766,-1.43906972176,0.0744958543316,1.92460676785,0.148012021849,-0.0135486011459,-0.102986387778,0.000210351718607,-0.15842738751,-0.00775576890111,0.059680215118,-0.0248037594657,0.573823579979,0.818964368666,0.00214681558388,0.0,0.818922223895,-0.573762640865,-0.0119820724138,0.0,-0.00858129300728,0.00863383690839,-0.99992590639,0.0,0.651683787679,0.248111345449,0.303466537089,1.0,-0.01998,-0.0262594285714,1.001
0.457526328118,0.492904284302,-0.124189127953,-1.44198667744,0.0743338207634,1.92566550835,0.147596819452,-0.0147608661271,-0.136912044933,-0.0080891797372,-0.212044660994,-0.00872333085907,0.0789189836132,-0.0269588999062,0.573862467841,0.818937054519,0.00217155276764,0.0,0.818895246464,-0.57380143587,-0.0119680580352,0.0,-0.00855521081385,0.00864646002937,-0.999926020812,0.0,0.651300974309,0.247584144846,0.303484572416,1.0,-0.0299274285714,-0.0393331918367,1.018
0.457151371126,0.489953560151,-0.124238986817,-1.44660623685,0.0740824977075,1.9274268041,0.14691117899,-0.0241031070024,-0.179660970322,-0.00226737805056,-0.287453366535,-0.018534236963,0.0950875945124,-0.0424099331174,0.573798783095,0.8189814506,0.00225543653549,0.0,0.818940618759,-0.573737297775,-0.0119382992759,0.0,-0.00848338092686,0.00869741764091,-0.999926190863,0.0,0.650749118415,0.246920046764,0.303494243439,1.0,-0.0398748571429,-0.052406955102,1.035
0.456593264024,0.486294997596,-0.124283261775,-1.45241451345,0.0737551721099,1.92960598789,0.146051147379,-0.034660796555,-0.233334592576,-0.0015469090482,-0.372173491181,-0.0151961986149,0.139548307888,-0.0573693100894,0.573784390786,0.818991450974,0.00228539345131,0.0,0.818950832906,-0.573722604851,-0.0119437375598,0.0,-0.00847080015929,0.00872492303171,-0.999926057898,0.0,0.650027353027,0.245985866914,0.303462417388,1.0,-0.0498222857143,-0.0654807183673,1.052
0.455956149768,0.482063601141,-0.124398001198,-1.45906283964,0.0733444154885,1.9319789386,0.14501860467,-0.042443786398,-0.272713229,-0.00587747805269,-0.448292291219,-0.0262695237326,0.151845335073,-0.0665567824673,0.573759256232,0.819009219202,0.00222747655165,0.0,0.818968045945,-0.573697912774,-0.0119495397515,0.0,-0.00850904839882,0.00868055828667,-0.999926119272,0.0,0.64918652574,0.244867777716,0.303443739533,1.0,-0.0580142857143,-0.0762473469388,1.068
0.455121262629,0.476715883595,-0.124535161171,-1.46747299644,0.0728419364417,1.93492344851,0.143777696683,-0.0511844281079,-0.330903952984,-0.0111942150081,-0.518314874276,-0.0253296797421,0.187547231548,-0.0711199967824,0.573799347855,0.818981427391,0.00211586653501,0.0,0.818938749383,-0.573738411077,-0.0120127979514,0.0,-0.00862447055717,0.00862586679917,-0.999925603697,0.0,0.648104455658,0.243439459143,0.30340550135,1.0,-0.069132,-0.0908592,1.085
0.454129675699,0.470560121336,-0.124654862887,-1.47699397472,0.072285815076,1.93834841137,0.142403528154,-0.0618097347833,-0.381219452918,-0.000836464879723,-0.583209428507,-0.040243019177,0.2063571462,-0.0836144305186,0.573880589168,0.818924364495,0.00216829736434,0.0,0.818882186857,-0.573819238049,-0.0120080387102,0.0,-0.00858963010509,0.00866692728243,-0.999925548542,0.0,0.646888123068,0.241824474003,0.303430982734,1.0,-0.0790794285714,-0.103932963265,1.102
0.453056270661,0.463998217614,-0.124705362716,-1.48692177148,0.0716737057352,1.94206729891,0.140776349538,-0.0679527414405,-0.417394378406,-0.0018363575422,-0.655749280801,-0.0396595971623,0.231021486994,-0.106746851782,0.573771161073,0.819000170195,0.0024744378966,0.0,0.818962008128,-0.573708627993,-0.0118484729606,0.0,-0.00828445450202,0.00882495262405,-0.999926741329,0.0,0.645546519641,0.240050790775,0.303559117242,1.0,-0.0890268571429,-0.117006726531,1.119
0.451712186046,0.456354683296,-0.124787070183,-1.49889579066,0.0709025189439,1.94613224113,0.138982902412,-0.0807825475802,-0.460439390528,-0.00534976976253,-0.733463828716,-0.0492906117014,0.248385327761,-0.102948578933,0.573806263266,0.818976265374,0.0022351491018,0.0,0.818934534872,-0.573744211979,-0.0120230493479,0.0,-0.00856435308362,0.00872950987955,-0.999925220961,0.0,0.64401767328,0.238092535383,0.303473724417,1.0,-0.0983891428571,-0.129311444898,1.135
0.450142450425,0.447226545529,-0.124932102056,-1.51252952627,0.0699504402471,1.95107879658,0.136823420643,-0.0921791186058,-0.526450668763,-0.00452439511837,-0.761772831626,-0.048252772488,0.278132650082,-0.120235777555,0.573789193721,0.818987313792,0.00254713930047,0.0,0.818950610855,-0.573726937946,-0.0117492364327,0.0,-0.00816127028345,0.00882773614686,-0.999927729759,0.0,0.642249276515,0.235693672916,0.303680961895,1.0,-0.108921714286,-0.143154253061,1.153
0.448582119832,0.438572489489,-0.124988608495,-1.52581122982,0.0690883832784,1.95566286182,0.134743723631,-0.100044588479,-0.55274471921,0.000102067160109,-0.828451593468,-0.0589141871442,0.279356150809,-0.134450572834,0.573761089271,0.819007109032,0.00251290566641,0.0,0.818969460492,-0.573698425193,-0.0118273671332,0.0,-0.00824520648551,0.00884424632657,-0.999926895266,0.0,0.640426646614,0.233384739532,0.303679091134,1.0,-0.118284,-0.155458971429,1.169
0.446736126947,0.428587898148,-0.125079435742,-1.54076881759,0.0680816740781,1.96099227521,0.132287651126,-0.108075224059,-0.591625024477,-0.00643654445037,-0.912309142293,-0.0695158864652,0.324520723659,-0.142393592905,0.573702527777,0.819047219301,0.00279447279902,0.0,0.819013370196,-0.573639009988,-0.011667585892,0.0,-0.00795343829924,0.00898260704735,-0.999928025205,0.0,0.638404493733,0.230727036638,0.303831877549,1.0,-0.128231428571,-0.168532734694,1.186
0.44479945526,0.418693785967,-0.125168018662,-1.55582600006,0.0670086917547,1.96612713775,0.129779918455,-0.128813377055,-0.626545240731,-0.00628695993118,-0.945885511549,-0.0665142422918,0.318809001055,-0.155330419857,0.573639624544,0.819091493162,0.00273018023704,0.0,0.819056896446,-0.57357643547,-0.0116884541139,0.0,-0.00800810046511,0.00894130552893,-0.999927959096,0.0,0.636298074471,0.227986478325,0.303835445184,1.0,-0.137593714286,-0.180837453061,1.202
0.442556017218,0.407457562741,-0.125293606878,-1.57268667047,0.065818079044,1.97205376734,0.126978500025,-0.133657354802,-0.659026123374,-0.006407875953,-1.01905697234,-0.0651952440352,0.338886998036,-0.171253500343,0.573639188859,0.81909106997,0.00294057841499,0.0,0.819059572487,-0.573575718378,-0.0115351161516,0.0,-0.00776181569299,0.00902567734428,-0.999929143172,0.0,0.633952499654,0.224880429455,0.303932391244,1.0,-0.147541142857,-0.193911216327,1.219
0.44005279224,0.395528235754,-0.125406801579,-1.59052356764,0.0646160713205,1.97811863898,0.123955432991,-0.148135737442,-0.71019374231,-0.00598353078393,-1.06429642729,-0.0804738583664,0.369312164684,-0.173404522897,0.573687078663,0.81905691133,0.00310784150691,0.0,0.819027043692,-0.573622441616,-0.0115214181494,0.0,-0.00765411689567,0.00915527122917,-0.999928795217,0.0,0.631248143707,0.221328064186,0.304021560392,1.0,-0.158073714286,-0.20775402449,1.237
0.43732028322,0.38312224754,-0.125554923744,-1.60929078625,0.0631719846608,1.98434388717,0.120635907147,-0.165660791846,-0.75913349176,-0.0104325902713,-1.1115791226,-0.0746816333916,0.364134804829,-0.200093574143,0.57361638192,0.819107252997,0.00288121185963,0.0,0.81907487877,-0.573552982309,-0.0115787025785,0.0,-0.00783182239442,0.00900183504826,-0.999928812228,0.0,0.628646178537,0.217913637111,0.303946518903,1.0,-0.167436,-0.220058742857,1.253
0.434520048469,0.370772644541,-0.125685498341,-1.62766605172,0.0618126489855,1.99047976871,0.117360031202,-0.18479333186,-0.797525608608,-0.00380251770913,-1.16492339714,-0.0873328635179,0.371422772696,-0.210477281652,0.573618920974,0.819105383515,0.00290707728878,0.0,0.819073320237,-0.573555408513,-0.0115687658434,0.0,-0.00780881882497,0.00901734603906,-0.999928852378,0.0,0.625742724301,0.214104470034,0.303967947016,1.0,-0.177383428571,-0.233132506122,1.27
0.431048996763,0.356301588505,-0.12589376082,-1.64908303968,0.0601269028157,1.99754335301,0.11350430829,-0.203542273515,-0.778981793523,-0.0123466650778,-1.20243690716,-0.0965685797978,0.393409467887,-0.235329115571,0.573736124325,0.819023184004,0.00293778989436,0.0,0.818992230713,-0.573673325949,-0.0114624616919,0.0,-0.00770283847533,0.00898262838873,-0.999929986882,0.0,0.622718963031,0.20999705824,0.304020617853,1.0,-0.187330857143,-0.246206269388,1.287
0.427445651887,0.342001067508,-0.126073452893,-1.67004266706,0.058588468562,2.00433379253,0.109536188586,-0.217164285721,-0.869562012108,-0.0133779164294,-1.23403314308,-0.0994850151047,0.405984780493,-0.235230273124,0.573842968237,0.818947940661,0.00304387798634,0.0,0.818917779421,-0.573779145739,-0.0114851802165,0.0,-0.00765939844283,0.00908355059407,-0.99992940887,0.0,0.619510025675,0.205682378182,0.30408485441,1.0,-0.197278285714,-0.259280032653,1.304
0.424118888948,0.329052471753,-0.126181121773,-1.68910622073,0.0570981341931,2.01042339508,0.105850034651,-0.227766651019,-0.885955355907,-0.00799497644036,-1.25755753417,-0.106973678169,0.407797550001,-0.253233192625,0.573801051039,0.818977362401,0.0030299508369,0.0,0.818946858831,-0.573737085404,-0.0115128686341,0.0,-0.00769053169215,0.00908763980825,-0.999929132751,0.0,0.616307464957,0.201506099169,0.30407104311,1.0,-0.206640571429,-0.27158475102,1.32
0.419895526604,0.312916423841,-0.126288212868,-1.71265089141,0.0551189280127,2.01787580064,0.101200411789,-0.237209920319,-0.888657955417,-0.000103335669348,-1.30544667543,-0.103725539609,0.410136006631,-0.266140212719,0.573675671829,0.81906554114,0.00293424090069,0.0,0.819033954892,-0.573612209179,-0.0115395457928,0.0,-0.00776867748506,0.00902337334265,-0.999929110679,0.0,0.612709905659,0.196894218957,0.30403487437,1.0,-0.216588,-0.284658514286,1.337
0.415538705909,0.297075986063,-0.126426281851,-1.73550455151,0.0531634887442,2.02499551577,0.096475142186,-0.264204239694,-0.921416302079,-0.00976534303416,-1.37073469512,-0.117906510406,0.407225649657,-0.27437346542,0.573548257163,0.819154770114,0.00293363380738,0.0,0.819123542874,-0.573485239223,-0.0114912490572,0.0,-0.00773086463704,0.00899396754891,-0.999929668667,0.0,0.608967685728,0.19201920698,0.304057957369,1.0,-0.226535428571,-0.297732277551,1.354
0.411108053875,0.281634107938,-0.126576400371,-1.75745332895,0.0513879113914,2.03170978773,0.0918843913097,-0.287653821385,-0.96408133686,-0.00795155426419,-1.3951152022,-0.112305195558,0.416448080068,-0.295651457365,0.573592431379,0.819123222058,0.00310107267571,0.0,0.819093529425,-0.573528141786,-0.0114894531794,0.0,-0.00763287241522,0.00913050773793,-0.999929184036,0.0,0.605306973935,0.187231148755,0.304151514848,1.0,-0.235897714286,-0.310036995918,1.37
0.406048999974,0.26480360081,-0.126780006403,-1.78131363905,0.0493192305655,2.03884564272,0.0866650133435,-0.304775204452,-1.00924809664,-0.0158247384473,-1.41301665119,-0.125772535263,0.423241545142,-0.315057848837,0.573584833808,0.819128442517,0.00312729700016,0.0,0.819099035152,-0.573520399951,-0.0114833947038,0.0,-0.0076129531652,0.00914844313408,-0.999929171958,0.0,0.601247710308,0.181879811216,0.304194475021,1.0,-0.245845142857,-0.323110759184,1.387
0.400539360144,0.247556013856,-0.126990552258,-1.80566436137,0.0471536680755,2.04596728591,0.0812494124466,-0.324685438015,-1.01661047048,-0.00518400099389,-1.44335854903,-0.121087937812,0.402291360591,-0.320499728925,0.573717874683,0.81903545485,0.00307747777142,0.0,0.819005255479,-0.573653401894,-0.0115287854605,0.0,-0.00767722626107,0.00913491663593,-0.999928804213,0.0,0.597024144769,0.176254518149,0.304189404755,1.0,-0.255792571429,-0.336184522449,1.404
