position_joint1,position_joint2,position_joint3,position_joint4,position_joint5,position_joint6,position_joint7,velocity_joint1,velocity_joint2,velocity_joint3,velocity_joint4,velocity_joint5,velocity_joint6,velocity_joint7,ee_T_00,ee_T_10,ee_T_20,ee_T_30,ee_T_01,ee_T_11,ee_T_21,ee_T_31,ee_T_02,ee_T_12,ee_T_22,ee_T_32,ee_T_03,ee_T_13,ee_T_23,ee_T_33,v_x,v_y,time
0.465097103226,0.54780374149,-0.123981103506,-1.35576374608,0.0795314707988,1.8940868524,0.15915012178,0.00090822306259,0.0011422860288,0.000726908231374,0.000727503624363,-0.000108077117771,-0.0003512683235,-0.00129391443547,0.573778465651,0.818996374111,0.00198958531275,0.0,0.818953467635,-0.573719463412,-0.0119139435842,0.0,-0.00861617866696,0.00846550504785,-0.999927045684,0.0,0.661680051728,0.260922365503,0.30322998567,1.0,0.0,0.0,0.0
0.465094624136,0.547796647171,-0.123981184053,-1.35576422859,0.0795327937133,1.89408685176,0.159148595919,0.000269344579268,-0.00168014040494,0.000923281012933,-0.000101876490496,0.000363504369762,-0.000232195779815,-0.000517146593798,0.573779666911,0.818995516524,0.00199616006912,0.0,0.818952684048,-0.57372062591,-0.0119118259082,0.0,-0.00861065959007,0.00846968721605,-0.99992705781,0.0,0.661680720752,0.260920930246,0.303234786852,1.0,-0.0001,-0.000131428571429,0.006
0.465088977951,0.54780198861,-0.123990507688,-1.35576202537,0.0795281591265,1.89408756434,0.159148595919,-0.000192930027525,0.00153203214793,-0.00246975372765,0.00163932644515,-0.000255974984785,0.00097746578509,-0.00112817301816,0.573789471586,0.818988664835,0.00198898719317,0.0,0.818945832291,-0.573730550763,-0.0119048643874,0.0,-0.00860897202128,0.00845992149819,-0.999927155011,0.0,0.661685101129,0.260911286541,0.303232413456,1.0,-0.00034,-0.000446857142857,0.018
0.465088216818,0.547788106357,-0.123984951696,-1.35577376069,0.0795270944131,1.89408958754,0.159153362733,0.000215564357431,-0.0063680056465,-0.00146942980216,-0.00184544417623,-0.000234731204724,0.000197413201383,0.000399612157275,0.573790464987,0.818987956874,0.00199391239806,0.0,0.818945161082,-0.573731496805,-0.0119054448053,0.0,-0.00860661127608,0.00846429858472,-0.999927138291,0.0,0.661682164517,0.260912753309,0.30323665229,1.0,-0.00068,-0.000893714285714,0.035
0.465087533588,0.547747506053,-0.123979670752,-1.35581324495,0.0795278768433,1.89409394491,0.159153209849,0.000395271113904,-0.00317154319196,0.00105080478519,-0.00311110275963,-0.000357660820504,-8.60004076099e-05,0.00117058011531,0.573789531062,0.818988590459,0.00200240925081,0.0,0.818945836754,-0.573730460476,-0.0119089078218,0.0,-0.00860458211421,0.00847323448996,-0.999927080073,0.0,0.661673978209,0.260911627682,0.303246826594,1.0,-0.00102,-0.00134057142857,0.052
0.465082198875,0.54763688721,-0.123987197033,-1.35596007479,0.0795287150691,1.89413078908,0.159142134802,-0.000583533630673,-0.00819841973148,-0.00172449979465,-0.00657236632544,-0.00044939748495,0.0092419815011,-0.00138956717697,0.573800143914,0.81898115105,0.0020039884308,0.0,0.818938352345,-0.573741000931,-0.0119157798379,0.0,-0.00860919451286,0.00847858240847,-0.99992699504,0.0,0.661656271125,0.260897527909,0.303257057122,1.0,-0.00128,-0.00168228571429,0.065
0.465078044324,0.54749648715,-0.123983123473,-1.35614492817,0.0795252456887,1.89416922197,0.15914449337,-0.00313022632295,-0.00804019313544,0.000459991150189,-0.0123032080258,4.62927385594e-05,0.00286126538335,5.45751184609e-05,0.573810066585,0.818974186448,0.00200905923043,0.0,0.81893131704,-0.573750766672,-0.0119290659901,0.0,-0.00861706374579,0.00849046313941,-0.999926826447,0.0,0.661623000045,0.26087195978,0.303273426057,1.0,-0.00168,-0.002208,0.085
0.465060316029,0.547333123718,-0.123985777447,-1.3563568129,0.0795213168381,1.89429545506,0.15913728507,-0.000238731901538,-0.010289199189,-0.000723612603165,-0.0086162712655,-0.000217976676459,0.00968383776464,-0.000516317189567,0.573831648939,0.818958892599,0.00207793428667,0.0,0.81891692219,-0.573772065521,-0.0118927826969,0.0,-0.0085476040676,0.00852627481322,-0.999927117895,0.0,0.661609371841,0.260843638489,0.303299340847,1.0,-0.00202,-0.00265485714286,0.102
0.465040005199,0.547134495584,-0.123982779039,-1.3565848827,0.079518461056,1.89441330438,0.15913111886,-0.000127629372423,-0.00516737841963,-0.00242913071196,-0.0134809188821,0.00026591771947,0.00804094455955,0.00160307126007,0.573853286906,0.81894351922,0.00215970729558,0.0,0.818902552169,-0.573793310608,-0.0118572194649,0.0,-0.00847133053707,0.00857305923776,-0.999927366969,0.0,0.661590598597,0.260815027122,0.303341611367,1.0,-0.00236,-0.00310171428571,0.119
0.465011563642,0.546916325424,-0.123978248011,-1.35687785599,0.0795142730653,1.89453167881,0.15911403065,-0.00207585802795,-0.0194229755513,-0.000725668517534,-0.0249031470639,-0.00188112214182,0.00375867747144,-0.000189773936079,0.573874723491,0.818928375778,0.00220544415774,0.0,0.818887878328,-0.573814435814,-0.011848328166,0.0,-0.00843757889513,0.00860563322232,-0.999927372532,0.0,0.661559385929,0.260774286955,0.303366813956,1.0,-0.0027,-0.00354857142857,0.136
0.464972090566,0.546680042902,-0.123983794324,-1.35725867768,0.0795063711361,1.89467271262,0.159075516257,-0.00160919891099,-0.0149910298225,-0.00336871475467,-0.0256801679417,-0.00673545105722,0.0104339144145,-0.00427986466774,0.573898627439,0.818911615011,0.00220887402736,0.0,0.818871053802,-0.573838212668,-0.0118595880226,0.0,-0.00844458064144,0.00861515015901,-0.999927231475,0.0,0.661518393368,0.260711155042,0.303365313924,1.0,-0.00304,-0.00399542857143,0.153
0.464933822756,0.546404444636,-0.123982858622,-1.35765921618,0.0794999840128,1.89482350222,0.158946624445,-0.00198045035443,-0.0178727583051,-2.11391615754e-05,-0.027730051915,-0.00385726705781,0.0212182641446,-0.00518196942623,0.573844466703,0.818949478279,0.00224208874267,0.0,0.818909183381,-0.573783757728,-0.011861519466,0.0,-0.00842767333314,0.00864290077618,-0.99992713464,0.0,0.6614739483,0.260651661793,0.303382893791,1.0,-0.00336,-0.004416,0.169
0.464895208716,0.546119109504,-0.123985774795,-1.35815331843,0.0794862669476,1.89498658529,0.158919893613,-0.00456026906965,-0.0153470070029,-0.00136724010086,-0.028744338622,-0.00121677501665,0.0092433163059,0.000644924096509,0.573880169162,0.818924545715,0.00221060406416,0.0,0.818883679584,-0.573819415906,-0.0118972325581,0.0,-0.00847461139752,0.00863797973103,-0.999926780453,0.0,0.661412081615,0.260578368137,0.303363998872,1.0,-0.0037,-0.00486285714286,0.186
0.464838068326,0.545779707561,-0.123983426329,-1.3587123305,0.079454841735,1.89518049864,0.158865338204,-0.00302733935351,-0.0219704879586,5.53812689969e-05,-0.0325924044745,-0.00195147861007,0.0090467229404,-0.000952125827679,0.573903508247,0.818908244901,0.00219010398723,0.0,0.818867056391,-0.573842778169,-0.0119145625846,0.0,-0.00850032183596,0.00863137945256,-0.999926619216,0.0,0.661347452107,0.260488104118,0.303354941878,1.0,-0.00404,-0.00530971428571,0.203
0.464777355304,0.545447150772,-0.123985714963,-1.35929802051,0.0793620745058,1.89537500697,0.158768398002,-0.00384869482866,-0.0188656077595,-0.000982368330202,-0.0363998004245,-0.00357079169203,0.0111473322887,-0.00516703574958,0.573883448387,0.818922519253,0.00210761214515,0.0,0.818880740049,-0.573823542766,-0.0119005144954,0.0,-0.00853636619459,0.00855555601034,-0.99992696379,0.0,0.661281998917,0.26037964212,0.303328407972,1.0,-0.00436,-0.00573028571429,0.219
0.464710077151,0.545015546473,-0.123986757423,-1.36003450083,0.0793382088652,1.89561126232,0.158689817392,-0.000407279823505,-0.0249532798166,0.000653377875842,-0.0434633793332,-0.00361330775051,0.018126215823,-0.00577268827193,0.573909529149,0.818904362666,0.00206011159341,0.0,0.818861724052,-0.573849575298,-0.0119536067818,0.0,-0.00860683228845,0.00854739993483,-0.99992642949,0.0,0.661190320664,0.260264958,0.303303903025,1.0,-0.00472,-0.00620342857143,0.237
0.464643664251,0.544633412815,-0.12398924051,-1.36068345058,0.0793127752127,1.89583261218,0.15861499527,-0.00245068073814,-0.0210831333363,-0.000562103452096,-0.0403715634015,-0.00239767559717,0.0171157237633,-0.00521404839587,0.573933763012,0.818887459079,0.00202779152407,0.0,0.818844251819,-0.573873795469,-0.0119877036086,0.0,-0.00865305032792,0.00854075771137,-0.999926087357,0.0,0.661114596796,0.260158494935,0.303284757513,1.0,-0.00502,-0.00659771428571,0.252
0.464575842315,0.544165015144,-0.123989585753,-1.36145193331,0.0792845888357,1.89611394411,0.158519932289,-0.00768327548077,-0.024561194513,0.000988760012843,-0.0453960627043,-0.00102697457473,0.0173687915371,-0.00386001067437,0.573946535883,0.818878513497,0.00202508821098,0.0,0.818835093734,-0.573886403311,-0.0120096738454,0.0,-0.00867246024808,0.00855128863453,-0.999925829197,0.0,0.661022173363,0.260033045086,0.303276691705,1.0,-0.00538,-0.00707085714286,0.27
0.464499347728,0.543617496154,-0.12399551765,-1.36233015272,0.0792425677502,1.89641734918,0.158401285374,-0.00172112712953,-0.0289132292915,-9.92863946526e-05,-0.0512576276961,-0.00845076660779,0.0154637257335,-0.005455393641,0.573954341859,0.818873098172,0.0020023618213,0.0,0.818829269837,-0.573894194952,-0.0120343990218,0.0,-0.00870566939729,0.00854695259363,-0.999925577692,0.0,0.660921960168,0.259905645537,0.303270747086,1.0,-0.00572,-0.00751771428571,0.287
0.464413738529,0.543072136947,-0.124006333786,-1.36319198328,0.079185699159,1.89672587955,0.158282842728,-0.0071827180524,-0.031859857525,-0.00131329009008,-0.0503211966251,-0.00429455869252,0.0197834514607,-0.0101550707389,0.573967796509,0.818863697101,0.00199023652911,0.0,0.818819786816,-0.573907774707,-0.0120320301922,0.0,-0.0087105482143,0.00853580724818,-0.999925630407,0.0,0.660827280443,0.259759392962,0.303273412586,1.0,-0.00606,-0.00796457142857,0.304
0.464346231343,0.542518453758,-0.124000234227,-1.36405230424,0.0791293247742,1.89703191455,0.158190958102,-0.00660281237107,-0.0357460399575,0.000758199081001,-0.0563915941471,-0.00390781092137,0.0228691947724,-0.00192711694375,0.573976286428,0.818857749734,0.0019887736134,0.0,0.818813806341,-0.5739162561,-0.012034468424,0.0,-0.00871329598444,0.00853609913384,-0.999925603975,0.0,0.660723931863,0.259635113627,0.30328184281,1.0,-0.00638,-0.00838514285714,0.32
0.464260590824,0.541883178801,-0.124006253822,-1.36503607709,0.0790801914762,1.8974013341,0.158046101889,-0.00712599477247,-0.0351113504494,-0.000420664641743,-0.0576860607922,-0.00164424208298,0.0254551080785,-0.0106087869432,0.573973606745,0.818859574961,0.0020105115196,0.0,0.818815850586,-0.573913420184,-0.0120306218775,0.0,-0.00869769783224,0.00855166277645,-0.999925606791,0.0,0.660613854999,0.259483726194,0.303295059563,1.0,-0.00674,-0.00885828571429,0.338
0.464185408167,0.541221072871,-0.12401370693,-1.36603805327,0.0790239161227,1.8977741587,0.157918259434,-0.0011514650569,-0.0406908060554,-0.000640097875428,-0.0600850197679,-0.00276191757949,0.0247817800431,-0.0130543238026,0.57397628586,0.818857626232,0.00203915003729,0.0,0.818814272081,-0.573915973581,-0.0120162393203,0.0,-0.00866945534101,0.00856688650762,-0.999925721741,0.0,0.660498808615,0.259335692361,0.303318816334,1.0,-0.00708,-0.00930514285714,0.355
0.464098749061,0.540569305054,-0.124006232557,-1.36704465957,0.0789653244976,1.89814166987,0.157801076144,-0.00298486102021,-0.0376312428928,-2.0617396677e-05,-0.0667318666106,-0.0110709302835,0.026038466769,-0.0022078953772,0.57398983347,0.818848108321,0.00204779725307,0.0,0.818804836182,-0.573929452359,-0.0120154425811,0.0,-0.0086636980752,0.00857365324991,-0.999925713644,0.0,0.660390182623,0.259194256867,0.303328960931,1.0,-0.00738,-0.00969942857143,0.37
0.464009758894,0.539839327147,-0.124013409968,-1.36815489006,0.0788957342356,1.89855506726,0.157658098545,-0.00704291466645,-0.0436747257039,-0.000589172427974,-0.0713200087373,-0.000164853009293,0.0255541923636,-0.0088613266994,0.573989853043,0.818848018769,0.00207789862689,0.0,0.818805154288,-0.573929359809,-0.011998173302,0.0,-0.00863227960667,0.00858838918931,-0.999925858912,0.0,0.660254581217,0.259018981499,0.303355500908,1.0,-0.00774,-0.0101725714286,0.388
0.463904896412,0.539086735817,-0.124009111885,-1.36932291854,0.0788341893428,1.89900305811,0.157512471622,-0.00573787076471,-0.043638759081,0.000129023717874,-0.0655704255453,-1.62684788388e-05,0.028149151558,-0.00595246736459,0.574001706649,0.818839625969,0.00211059460075,0.0,0.818797098618,-0.573940985883,-0.0119917855062,0.0,-0.00860815814639,0.00861161988217,-0.99992586706,0.0,0.66012323909,0.258843910073,0.303369985955,1.0,-0.00808,-0.0106194285714,0.405
0.463800587248,0.53835698106,-0.124014652872,-1.37044881222,0.078762162512,1.89943091584,0.157375896735,-0.00448681503306,-0.0451232579937,0.00243010721092,-0.0694522934542,-0.00640914796419,0.0251022987278,-0.00925968494941,0.574022146686,0.81882523846,0.00213327831847,0.0,0.818783079475,-0.573961401789,-0.0119718387435,0.0,-0.00857858946432,0.00861895870798,-0.999926057943,0.0,0.659999486327,0.258665154173,0.303386821636,1.0,-0.0084,-0.01104,0.421
0.463691222086,0.537568686518,-0.124018373554,-1.37169434565,0.0786830195861,1.89991426635,0.157223921952,-0.00627977755547,-0.0515064574328,0.000103355579161,-0.0758574719128,-0.00912484008993,0.0267752839503,-0.0123718578871,0.574037547322,0.8188143964,0.00215067735009,0.0,0.818772537452,-0.573976802431,-0.0119544588261,0.0,-0.00855420877453,0.00862338980224,-0.999926228609,0.0,0.659861680164,0.258473307755,0.30339268664,1.0,-0.00874,-0.0114868571429,0.438
0.46357951526,0.536733492559,-0.124021910755,-1.37300337167,0.0786211062536,1.90039571789,0.15706898328,-0.00864094030874,-0.0538403241579,0.000765693948008,-0.0777400816836,-0.00819264143641,0.0239642860065,-0.00985493350118,0.574060157654,0.818798506489,0.00216519469519,0.0,0.818756683399,-0.573999195442,-0.0119651127385,0.0,-0.00855436112519,0.00864162851068,-0.999926069848,0.0,0.659709332661,0.258275771482,0.303401161215,1.0,-0.00908,-0.0119337142857,0.455
0.463463754608,0.535935101853,-0.124030103214,-1.37427541151,0.0785526230279,1.90086185448,0.156910648825,-0.00788613139906,-0.0512566647021,-0.000602045259064,-0.0817535626946,-0.0110746132387,0.0368370011668,-0.00969073048671,0.574082675725,0.818782730552,0.00216066716701,0.0,0.818740791595,-0.574021671937,-0.011974273559,0.0,-0.00856422350918,0.00864341576386,-0.99992596998,0.0,0.659563720605,0.258074682079,0.303399923794,1.0,-0.0094,-0.0123542857143,0.471
0.463342939426,0.534980645941,-0.124038199225,-1.37576748648,0.0784599316994,1.90140130425,0.156730124157,-0.0010690471231,-0.0598357627702,-0.0016456806485,-0.0866884131135,-0.00243270617745,0.0240156371847,-0.0113078376861,0.574096458581,0.818773071719,0.00215874369778,0.0,0.818731136037,-0.574035489603,-0.011972070049,0.0,-0.00856337794497,0.00864072005777,-0.99992600052,0.0,0.659388047393,0.257847329346,0.3034102475,1.0,-0.00976,-0.0128274285714,0.489
0.463217493513,0.534139422408,-0.124040220946,-1.37716268186,0.0783776514258,1.90190839262,0.15655774047,-0.00730473206798,-0.0553160691433,-0.00131536496399,-0.0852446629891,-0.00935603245003,0.0354622268653,-0.00651265569937,0.574113886968,0.818760958007,0.00211786104616,0.0,0.818718441664,-0.574053037825,-0.0119987475991,0.0,-0.00860850725234,0.00862274553283,-0.999925768176,0.0,0.659224307306,0.2576299653,0.303383642903,1.0,-0.01008,-0.013248,0.505
0.46309163565,0.533227519312,-0.124048171697,-1.37864637384,0.0782998394118,1.90246508037,0.156364838012,-0.00723618878769,-0.0581617003312,-0.00151142852494,-0.0867332930259,-0.00967843578282,0.0337203576555,-0.0139593420323,0.574125049251,0.818753156859,0.00210780846937,0.0,0.818710427638,-0.574064159048,-0.0120134871781,0.0,-0.00862622933722,0.00862309471246,-0.999925612436,0.0,0.659052593682,0.257403406547,0.303369107854,1.0,-0.01042,-0.0136948571429,0.522
0.462963735962,0.532280659699,-0.12404037682,-1.38018137338,0.0782064176616,1.90305600893,0.15617487718,-0.00732397070531,-0.0561687094873,0.000405862850814,-0.0891470335701,-0.00892915762239,0.0307653412098,-0.0112853905668,0.574127717239,0.818751282454,0.00210918903849,0.0,0.818708546698,-0.574066796351,-0.0120156478175,0.0,-0.00862717776581,0.00862549361253,-0.999925583563,0.0,0.658874083485,0.257178842205,0.303357043367,1.0,-0.01076,-0.0141417142857,0.539
0.4628317051,0.531288633465,-0.124040486055,-1.38177828832,0.0781163971071,1.90363338374,0.155980096663,-0.0110202130362,-0.0573339206086,0.000100069122042,-0.0969882523692,-0.00384536738914,0.034210495097,-0.0083741167619,0.574139266317,0.818743236886,0.00208849898642,0.0,0.818700126351,-0.574078326854,-0.0120384654462,0.0,-0.00865761684877,0.00862177609885,-0.999925352538,0.0,0.658681869897,0.256939871997,0.303346226102,1.0,-0.0111,-0.0145885714286,0.556
0.462703736291,0.530324924237,-0.124038993628,-1.38333378659,0.0780183970297,1.90417616939,0.155781553831,-0.011104718947,-0.0624154841089,-0.00350280866471,-0.0993431589425,-0.00878748707158,0.0371343481844,-0.00282679867197,0.574138530972,0.818743862236,0.0020450443286,0.0,0.818700135269,-0.5740777286,-0.0120663556099,0.0,-0.00870540779818,0.00860220337157,-0.999925106182,0.0,0.658490265943,0.256705460223,0.303331883265,1.0,-0.01142,-0.0150091428571,0.572
0.462553616124,0.529213325468,-0.124046315446,-1.38508025791,0.0779089267419,1.9048209163,0.155538596516,-0.010509936301,-0.065952872252,-0.00065292670715,-0.0977122976435,-0.00522844651206,0.0345208457521,-0.0151525053068,0.574133060068,0.818747688187,0.00204922596879,0.0,0.818704058449,-0.574072282562,-0.0120592691958,0.0,-0.00869726239512,0.00860150034842,-0.999925183111,0.0,0.658286152442,0.256435689736,0.30333970045,1.0,-0.01178,-0.0154822857143,0.59
0.462409902611,0.528126895134,-0.124046407545,-1.38679338883,0.0778048884177,1.90547478542,0.155306335139,-0.00701146445409,-0.0628523300257,-0.00110853138473,-0.105661230293,-0.00321225674445,0.0342892229371,-0.00578063904922,0.574125604547,0.818752862202,0.00207068592142,0.0,0.818709519932,-0.5740647434,-0.0120473755553,0.0,-0.00867528246182,0.00861216286134,-0.999925282271,0.0,0.658086887502,0.256179482624,0.303345960158,1.0,-0.01212,-0.0159291428571,0.607
0.462269183632,0.527034401409,-0.124044975656,-1.38844845952,0.0776955272075,1.90611099003,0.155076332926,-0.00852149394297,-0.0727251490641,-0.00189221231714,-0.0984103476225,-0.00602080874489,0.0423264788712,-0.0165520088128,0.574108875834,0.818764428708,0.00213444888207,0.0,0.818722066207,-0.574047895346,-0.0119974604061,0.0,-0.00859798346467,0.00863553516634,-0.99992574835,0.0,0.657887794036,0.25591250687,0.303387123776,1.0,-0.01246,-0.016376,0.624
0.462107617918,0.525793532183,-0.124055183561,-1.39036035808,0.0775837720864,1.9068161948,0.154819872206,-0.00729245569001,-0.0660929132724,-0.00047940955354,-0.106568557387,-0.0103295843655,0.0364505720226,-0.0111837166391,0.574114118089,0.818760692681,0.00215741326297,0.0,0.818718563526,-0.574052974742,-0.0119934494258,0.0,-0.00858146067784,0.00865208950705,-0.999925747183,0.0,0.657671220929,0.255637992174,0.303406752318,1.0,-0.0128,-0.0168228571429,0.641
0.461948258063,0.524625249492,-0.124056093731,-1.39220765346,0.0774631404143,1.90747804637,0.154565136811,-0.0116627968532,-0.0704753011184,0.000143870937328,-0.108258900766,-0.0102846736639,0.036124228779,-0.0117679424931,0.574103406377,0.818768254295,0.00213809417618,0.0,0.818725891547,-0.574042363357,-0.0120011034762,0.0,-0.00859893146492,0.00864055380401,-0.999925696843,0.0,0.657447673022,0.255354166918,0.303406575292,1.0,-0.01314,-0.0172697142857,0.658
0.46182437352,0.523651208104,-0.124062770066,-1.39378171103,0.0773573087333,1.90804355122,0.154344335125,-0.00929203047851,-0.0713468503032,0.000922004426196,-0.113786195687,-0.0101678888684,0.0357161107,-0.0222126772734,0.574088831309,0.818778543716,0.00211116501465,0.0,0.818735876956,-0.574027950256,-0.0120092885617,0.0,-0.00862124605932,0.00862305099538,-0.99992565579,0.0,0.657242297463,0.255100808264,0.303396135861,1.0,-0.01344,-0.017664,0.673
0.461658473039,0.522348664221,-0.12406275086,-1.39583457465,0.0772385082118,1.9088493082,0.154071092506,-0.0026501497321,-0.0707493612698,0.000316235687827,-0.112576122531,-0.0152715701416,0.0428783116844,-0.0197776419559,0.574075069794,0.818788094898,0.00214867303037,0.0,0.818745921413,-0.574014037891,-0.0119894693245,0.0,-0.00858363152629,0.00864223910922,-0.999925813735,0.0,0.657015485548,0.254815924648,0.303399695308,1.0,-0.01378,-0.0181108571429,0.69
0.461490553779,0.521097965867,-0.124073362772,-1.39783074164,0.0771175218924,1.9096151557,0.153812822755,-0.0083995876703,-0.0796383913256,-0.00106176263723,-0.116318741658,-0.00407387769066,0.0416981132351,-0.0176824469058,0.574082881804,0.818782584667,0.002161195634,0.0,0.8187406291,-0.574021852089,-0.0119767477384,0.0,-0.00856594386955,0.00864527097754,-0.999925939205,0.0,0.656782399373,0.254511301765,0.303395011817,1.0,-0.01412,-0.0185577142857,0.707
0.461332973349,0.519883220308,-0.124078576416,-1.39976312605,0.0769949345169,1.91031322456,0.153551224099,-0.0115556916027,-0.0757087715725,-0.00066574467953,-0.119359737602,-0.0132233206378,0.0429102735704,-0.0202004157715,0.574071208345,0.818790824286,0.00214026081253,0.0,0.818748605639,-0.57401027682,-0.0119862325615,0.0,-0.0085858508419,0.00863345278678,-0.999925870582,0.0,0.656545430598,0.254218946216,0.303389020193,1.0,-0.01444,-0.0189782857143,0.723
0.461144760254,0.518443635914,-0.124081237956,-1.40195904776,0.0768515445561,1.91108892354,0.15325163521,-0.0123712615581,-0.0774541784821,-0.00353230871728,-0.124837592926,-0.00749067785495,0.0450938301027,-0.0145363025324,0.574059514175,0.818798990096,0.00215288284514,0.0,0.818756953809,-0.57399854969,-0.0119775809148,0.0,-0.00857164455674,0.00863869840283,-0.999925947158,0.0,0.656275214792,0.253881627651,0.303421632636,1.0,-0.0148,-0.0194514285714,0.741
0.460972242219,0.517069556181,-0.12408192865,-1.4041035183,0.0767083619617,1.9118597354,0.152946255261,-0.012934482048,-0.0804337736821,0.000740425033888,-0.128776582566,-0.000752166496586,0.0469016344464,-0.0223268821494,0.574025934966,0.818822547045,0.00214693679334,0.0,0.818780478938,-0.573965045365,-0.0119750119145,0.0,-0.00857330814547,0.00863200353915,-0.999925990712,0.0,0.656009209759,0.253560758816,0.303431859567,1.0,-0.01514,-0.0198982857143,0.758
0.46080951338,0.515894254502,-0.124093649451,-1.40599399359,0.0765924903455,1.91257732043,0.152687716814,-0.008455868609,-0.0752112630718,0.000269663275907,-0.125818222254,-0.00406887060792,0.0600584473029,-0.0148520754934,0.574027370649,0.81882153858,0.00214769725656,0.0,0.818779546985,-0.57396654479,-0.0119668626833,0.0,-0.0085661834663,0.00862796342284,-0.999926086642,0.0,0.655769551868,0.253249756382,0.303420609643,1.0,-0.01546,-0.0203188571429,0.774
0.460612785943,0.514407875201,-0.124094015395,-1.40833838534,0.0764512587719,1.9134423971,0.152368531809,-0.0108045999839,-0.0794708532995,-0.000197645265343,-0.130153891277,-0.00388695742032,0.047543074149,-0.0259884957236,0.574010047152,0.81883367684,0.00214996344507,0.0,0.818791639786,-0.57394913857,-0.0119742997023,0.0,-0.00857115520688,0.00863390666087,-0.999925992739,0.0,0.65549809072,0.25291617204,0.303420181673,1.0,-0.0158,-0.0207657142857,0.791
0.460420055113,0.512996522702,-0.124097132118,-1.41061848486,0.0763094183514,1.91423062684,0.152059703956,-0.015338678273,-0.0906513023885,-0.000651959140356,-0.134628738986,-0.0173723245449,0.043550438204,-0.0189593566808,0.57399834993,0.818842057295,0.00207999596845,0.0,0.818799012275,-0.573937639971,-0.0120212238848,0.0,-0.00864986225642,0.00860342696115,-0.999925577694,0.0,0.655207464245,0.252566630879,0.303392378075,1.0,-0.01614,-0.0212125714286,0.808
0.460232585397,0.511672171579,-0.124103085724,-1.4127696125,0.0761793512138,1.91502052612,0.151749420727,-0.00681012928993,-0.0820068171861,-0.00139841274017,-0.134854937026,-0.00737163692045,0.0510002307266,-0.0190363446472,0.573979628135,0.818855264765,0.00204664426689,0.0,0.818811740872,-0.573919019084,-0.0120432323027,0.0,-0.00868722336177,0.00858855171001,-0.999925381681,0.0,0.654943415964,0.252235060148,0.303364848823,1.0,-0.01646,-0.0216331428571,0.824
0.460032289972,0.510207095882,-0.124101003941,-1.41509460814,0.0760429753159,1.9159051335,0.151412350977,-0.00973977916643,-0.0849568184556,0.00480324963327,-0.132805399682,-0.00382279583676,0.0466936517256,-0.0212047708136,0.573950975625,0.818875290794,0.00206944596856,0.0,0.818831992125,-0.573890201215,-0.0120396230065,0.0,-0.00867148198012,0.00860484760576,-0.999925378215,0.0,0.654661451369,0.251886427734,0.303360595775,1.0,-0.0168,-0.02208,0.841
0.459817579204,0.508688545079,-0.12411208931,-1.41747037136,0.0758860965359,1.91676072238,0.151095542399,-0.00984925916156,-0.0898269866724,-8.91201905763e-05,-0.14021543456,-0.0145483054539,0.041994991366,-0.0150876691396,0.573956250283,0.818871618534,0.00205961702103,0.0,0.818828271172,-0.573895595983,-0.012035536639,0.0,-0.00867372122576,0.00859450959504,-0.999925447703,0.0,0.654369716786,0.251510244154,0.303366934669,1.0,-0.01714,-0.0225268571429,0.858
0.459618314461,0.507257811855,-0.124118107118,-1.419726165,0.0757437071096,1.9175744983,0.150773655551,-0.0133471756636,-0.0912725220315,0.000105289067984,-0.138792584955,-0.0082930729758,0.052616770778,-0.0162430685609,0.573938512841,0.818884083135,0.00204664810169,0.0,0.818840556426,-0.573877906135,-0.0120432098548,0.0,-0.00868763399667,0.00858810577196,-0.999925381943,0.0,0.654089253409,0.251159776614,0.303364689635,1.0,-0.01746,-0.0229474285714,0.874
0.459383184462,0.505586300719,-0.124130557193,-1.42231904172,0.0755843265133,1.91855462412,0.150428187426,-0.013622771126,-0.0974777701436,-0.00256962945198,-0.145340335511,-0.0135930456662,0.0603253648513,-0.0201240697102,0.573948170738,0.818877198596,0.00209232565445,0.0,0.818834320959,-0.573887421551,-0.0120137049637,0.0,-0.00863715598258,0.00860867778792,-0.999925642337,0.0,0.653778005793,0.250753823341,0.303384415436,1.0,-0.01782,-0.0234205714286,0.892
0.459148895087,0.503835261922,-0.124137541914,-1.42495745957,0.0754137945677,1.91956536985,0.150067321306,-0.00999744226844,-0.0995827737062,-0.00028522662138,-0.153695043432,-0.00770125114402,0.0481568938595,-0.0242251540069,0.573939341812,0.818883129958,0.00219050038248,0.0,0.818841663455,-0.57387831821,-0.0119479278575,0.0,-0.00852704005688,0.00865122539045,-0.999926220222,0.0,0.653462019055,0.250347633524,0.30343975608,1.0,-0.01818,-0.0238937142857,0.91
0.4589391405,0.502262151149,-0.124140847165,-1.42729278118,0.0752667731611,1.92043473048,0.149734618382,-0.0156945803222,-0.0973893688624,-0.000817626436357,-0.153903547958,-0.0111617966326,0.0467380014021,-0.0252931077273,0.573920990288,0.818895746243,0.00228048104384,0.0,0.818855483536,-0.57385963884,-0.0118978524979,0.0,-0.00843458716373,0.00869597912031,-0.999926616151,0.0,0.653176612301,0.249987573096,0.303502044744,1.0,-0.0185,-0.0243142857143,0.926
0.458723843692,0.500652619931,-0.124135568004,-1.4297279751,0.0751088076811,1.92128949681,0.149401297749,-0.0145603159924,-0.105546449912,0.000482989081198,-0.15542433154,-0.00501868691588,0.0519587083785,-0.0199479247921,0.573901876865,0.818909073092,0.00230491639104,0.0,0.818869075062,-0.573840375671,-0.0118915119964,0.0,-0.00841557500484,0.0087121535427,-0.999926635548,0.0,0.652864231432,0.249614985436,0.303540132561,1.0,-0.01882,-0.0247348571429,0.942
0.458484171648,0.498944980776,-0.124135463136,-1.43235322777,0.0749410779112,1.92224677217,0.149031310398,-0.0130361045242,-0.102654958534,0.000709889316269,-0.158709465102,-0.00867951820535,0.0500355825645,-0.0318400708149,0.57388329022,0.818922009724,0.00233625703872,0.0,0.818882410877,-0.573821658769,-0.0118763624256,0.0,-0.00838538114112,0.00872893379999,-0.999926742866,0.0,0.652535767611,0.249207635371,0.303564681125,1.0,-0.01916,-0.0251817142857,0.959
0.458244238705,0.497385499002,-0.124138020498,-1.43484455654,0.0747950615963,1.9231702498,0.148667097715,-0.0143749709388,-0.0988407115631,-5.09782150407e-06,-0.163735140316,-0.00400317649969,0.0577546167613,-0.0244720671305,0.573870594243,0.818930920318,0.00233146104497,0.0,0.818891152852,-0.573808872803,-0.0118913487008,0.0,-0.00840054183761,0.00873347631469,-0.999926575949,0.0,0.652227357436,0.24881375839,0.303546344315,1.0,-0.01948,-0.0256022857143,0.975
0.457972566418,0.495703101695,-0.124138756493,-1.43754295313,0.0746282835267,1.92409662728,0.148270465257,-0.0160127992728,-0.0999295927301,-0.000381022037552,-0.156232930436,-0.0134507946128,0.0526298381511,-0.0203114155033,0.573859809557,0.818938686695,0.00225683644032,0.0,0.81889777852,-0.573798213856,-0.011949268246,0.0,-0.00849091280227,0.00870549075509,-0.999926056681,0.0,0.651880046731,0.248374451282,0.303514710171,1.0,-0.01982,-0.0260491428571,0.992
0.457668960457,0.493904643297,-0.124147184184,-1.44046658761,0.0744430124584,1.92514076606,0.147858415497,-0.0189781607585,-0.103460052203,-0.0025314759495,-0.167470251217,-0.00473707884464,0.0589855205316,-0.0253483904505,0.573874085186,0.818928883827,0.00218277044694,0.0,0.818886956803,-0.573812737169,-0.0119933957631,0.0,-0.00856940170831,0.00867030820079,-0.999925692794,0.0,0.651513993179,0.247889767464,0.303466541578,1.0,-0.0216462857143,-0.0284494040816,1.01
0.457422119916,0.492184567117,-0.124176687902,-1.44317353554,0.0742803287944,1.92614745977,0.147473212634,-0.0145802927765,-0.119451371249,-0.00412507499031,-0.188153347757,-0.0159008761871,0.0709431889914,-0.0359364088799,0.573874045425,0.818928880187,0.0021945576829,0.0,0.818887152919,-0.573812695295,-0.0119820032995,0.0,-0.00855330816311,0.00867342278889,-0.999925803576,0.0,0.651179089796,0.247455498682,0.303463532857,1.0,-0.0244234285714,-0.0320993632653,1.025
0.457077832784,0.489904673103,-0.12418141779,-1.44684605565,0.0740626363137,1.92746203935,0.146944408747,-0.0243677255346,-0.132378861013,0.000271835101807,-0.212882069874,-0.0146320808886,0.0788084368433,-0.0275652491431,0.573850962465,0.818945219858,0.00213228790709,0.0,0.818902451151,-0.573789644543,-0.0120401916725,0.0,-0.00863693898395,0.00865557801991,-0.999925239332,0.0,0.650705251154,0.24687752341,0.303415597302,1.0,-0.027756,-0.0364793142857,1.043
0.456682886094,0.487402074729,-0.124205063092,-1.45076421286,0.0738197747083,1.92891541567,0.146380557969,-0.024719549845,-0.156077467681,-0.00238604405904,-0.236534858287,-0.0190912273835,0.0931287092904,-0.0368742689753,0.573858733028,0.818939706509,0.00215836323533,0.0,0.818897312712,-0.573797339018,-0.0120229725868,0.0,-0.00860779228723,0.00866713253833,-0.999925390579,0.0,0.650220712888,0.246234872315,0.303416726002,1.0,-0.0309034285714,-0.0406159346939,1.06
0.456266912384,0.484787474429,-0.124227545884,-1.4547481231,0.0735727779762,1.93042665819,0.145769837203,-0.0260565383532,-0.170510323484,-0.000962890340205,-0.256141427161,-0.0126169574476,0.098807164522,-0.0418738756317,0.573845619798,0.81894858217,0.00227404956302,0.0,0.818907793412,-0.573783848422,-0.0119527436161,0.0,-0.00848403287158,0.00872143439306,-0.999925976144,0.0,0.649737022922,0.245576409328,0.303467656806,1.0,-0.0338657142857,-0.0445092244898,1.076
0.455772814262,0.481794082895,-0.124270884445,-1.45944871083,0.0732830739031,1.932023258,0.14505882786,-0.0262486745901,-0.174121534508,-0.000681338382154,-0.285102055102,-0.0128764016928,0.102248252738,-0.0367994899821,0.573850840432,0.818945184725,0.00217813025585,0.0,0.818902982691,-0.573789297871,-0.0120205445134,0.0,-0.00859454468848,0.00868184408708,-0.999925376908,0.0,0.649127340617,0.244774815547,0.303446781086,1.0,-0.0370131428571,-0.048645844898,1.093
0.455243355438,0.478494825618,-0.124324640836,-1.46453519341,0.0729792420364,1.93385999089,0.144303627271,-0.0323507117614,-0.198616525825,0.000347642142345,-0.29650926045,-0.0191419444556,0.106469405152,-0.0512800972741,0.573870584353,0.818931240843,0.00221857770426,0.0,0.818889523317,-0.573808827039,-0.0120052286382,0.0,-0.0085585820943,0.00870638523744,-0.999925471987,0.0,0.648486386574,0.243916748469,0.303473017957,1.0,-0.0401605714286,-0.0527824653061,1.11
0.454687933053,0.475152141437,-0.124358017088,-1.46963309178,0.072669351238,1.93575175997,0.143585620162,-0.0329740186175,-0.211926464745,-0.00256947398225,-0.326792203541,-0.019063679387,0.119809720073,-0.0456712687423,0.57392450528,0.818893134896,0.00233297226639,0.0,0.81885291422,-0.573862279658,-0.0119472072207,0.0,-0.00844484378047,0.00876732493092,-0.999925906569,0.0,0.647852298125,0.243056274395,0.303525359952,1.0,-0.0431228571429,-0.056675755102,1.126
0.454045826887,0.471393237216,-0.124386508058,-1.4754642948,0.0723031197501,1.93781933172,0.142718574338,-0.0371353071919,-0.227904143835,-0.00229374056292,-0.351943146351,-0.0279293308036,0.125267279019,-0.0418184331568,0.573948617738,0.818876224743,0.00233658918487,0.0,0.818835851869,-0.573886167495,-0.0119691834672,0.0,-0.0084605064495,0.00878314840491,-0.999925635302,0.0,0.64705342461,0.242004557924,0.303535793978,1.0,-0.0464554285714,-0.0610557061224,1.144
0.453329917418,0.467064593205,-0.124397604988,-1.48193518659,0.0718960467078,1.94026545449,0.141665345945,-0.0431313754853,-0.243818253887,0.000485037756733,-0.366064710399,-0.0246181287028,0.136903956281,-0.0560726821768,0.573869954255,0.818930608463,0.00258476832352,0.0,0.818893603851,-0.573806691848,-0.0118276313477,0.0,-0.00820300990869,0.00890434394423,-0.999926708958,0.0,0.646289817951,0.240988060609,0.303649581592,1.0,-0.0496028571429,-0.0651923265306,1.161
0.45269026021,0.46329662557,-0.124408122525,-1.48777599648,0.0715103553557,1.94226666253,0.140787865222,-0.0429506904206,-0.256225603301,0.00028591670442,-0.401182641783,-0.0285616045917,0.139681389466,-0.0594608605853,0.573851596102,0.818943674901,0.00251989911378,0.0,0.81890564488,-0.57378838702,-0.011881860352,0.0,-0.00828484504232,0.00888215514547,-0.99992623161,0.0,0.645506092347,0.24000273201,0.303641301547,1.0,-0.05238,-0.0688422857143,1.176
0.451821056284,0.458246880158,-0.124424261194,-1.49555476172,0.0709839555022,1.94496194814,0.139618767739,-0.0440749642822,-0.280403676232,0.00106166510968,-0.417700932128,-0.0292278515978,0.14361316103,-0.0682093357909,0.57383475081,0.81895560478,0.00247852025514,0.0,0.818916954536,-0.573771617512,-0.0119121539604,0.0,-0.00833358112229,0.00886548084654,-0.999925974598,0.0,0.644465062857,0.238679952606,0.303649362281,1.0,-0.0558977142857,-0.0734655673469,1.195
0.450978340378,0.453559131405,-0.124445503543,-1.50288415205,0.0704912054096,1.94758208004,0.138467495248,-0.052928235296,-0.283566151709,-0.00342049121668,-0.437850060458,-0.0318057332685,0.154041560294,-0.0680076462067,0.573799492455,0.818980411279,0.0024444428172,0.0,0.818941322383,-0.573736503114,-0.0119282181949,0.0,-0.00836667205348,0.00884643110057,-0.99992586698,0.0,0.643495460451,0.237421189427,0.303610664129,1.0,-0.0590451428571,-0.0776021877551,1.212
0.450135553763,0.448807218484,-0.124500422036,-1.50994201561,0.06999640438,1.9502599445,0.137355422238,-0.0541420633477,-0.298232447598,-0.00762230086802,-0.4559796332,-0.0313230998256,0.159870871835,-0.064318765037,0.573804111848,0.818976289608,0.00272491984548,0.0,0.818941503084,-0.573740784511,-0.0117078442253,0.0,-0.00802520368312,0.00894973142146,-0.999927746596,0.0,0.642606057043,0.236179940682,0.303744979996,1.0,-0.0620074285714,-0.081495477551,1.228
0.44918512701,0.443609462871,-0.124535733655,-1.51798739096,0.0694689115673,1.95292514453,0.13615645971,-0.056210079159,-0.304948876216,-0.00155957491481,-0.483970880612,-0.0297457218119,0.159726970469,-0.0752395039489,0.573841802646,0.818950378725,0.00257091870475,0.0,0.818913172362,-0.573778572523,-0.0118369230378,0.0,-0.00821887277901,0.00889805176124,-0.999926634711,0.0,0.641487463157,0.234767915532,0.303708151167,1.0,-0.0651548571429,-0.0856320979592,1.245
0.448238592442,0.438518786377,-0.124549128414,-1.52589334664,0.0689169631265,1.95560701765,0.134880181303,-0.0601889981335,-0.327220385652,-0.000585256526193,-0.490399606497,-0.0333237345894,0.171512370178,-0.0812261876286,0.573778274087,0.818995281306,0.0024430075753,0.0,0.818956252344,-0.573715376278,-0.0119193401518,0.0,-0.00836045329495,0.00883994494522,-0.999925976357,0.0,0.64038914501,0.233385671483,0.303658974706,1.0,-0.0681171428571,-0.0895253877551,1.261
0.447218771803,0.433164008461,-0.124559236345,-1.53387112949,0.0683896603819,1.95856865172,0.133579658144,-0.067817592764,-0.337781860332,-0.0033433926127,-0.504463291622,-0.0386648631611,0.187232545405,-0.0820824743592,0.573759803959,0.81900732994,0.00272539305934,0.0,0.818972074677,-0.573695951658,-0.011766174042,0.0,-0.00807319125491,0.00898315147333,-0.999927060626,0.0,0.639339509235,0.231977243218,0.303772700831,1.0,-0.0710794285714,-0.093418677551,1.277
0.44599925388,0.427036427897,-0.124618291211,-1.54334272166,0.0676982267197,1.96180548131,0.132053493885,-0.0693111372675,-0.356702617731,-0.00998154094901,-0.542176073545,-0.0356071281263,0.178984503333,-0.0858856083353,0.57376643268,0.819003115352,0.00259319775503,0.0,0.818966373349,-0.573703318382,-0.011803757966,0.0,-0.00817974587521,0.00889651314664,-0.999926969239,0.0,0.638031483565,0.230244277367,0.303720473665,1.0,-0.074412,-0.0977986285714,1.295
0.444779593769,0.42096803265,-0.124716951439,-1.55269972274,0.0670242860346,1.96485811378,0.130511727995,-0.0768791782357,-0.361390908862,-0.00668870560439,-0.552436055649,-0.0352598997652,0.187614556011,-0.091902722023,0.573782460161,0.818992592625,0.00235977484848,0.0,0.8189528443,-0.573720273847,-0.011917763669,0.0,-0.00840687135162,0.00877091694903,-0.999926195041,0.0,0.636706052491,0.228495033264,0.303658622743,1.0,-0.0775594285714,-0.10193524898,1.312
0.443557784905,0.414988465772,-0.124762920406,-1.56154387093,0.0664123768017,1.96808295093,0.129096803851,-0.078993560286,-0.366830039572,0.000478305523433,-0.557578325957,-0.033892583825,0.204426830717,-0.0942328183356,0.573857042439,0.818939463607,0.00264512594255,0.0,0.818903733301,-0.573794095001,-0.0117370792209,0.0,-0.00809435555652,0.0089016804629,-0.999927618127,0.0,0.635517834832,0.226857229285,0.303783889326,1.0,-0.0805217142857,-0.105828538776,1.328
0.442195212821,0.408524488564,-0.124783888402,-1.57134209799,0.0657496346096,1.97141585887,0.127430599763,-0.0805667904174,-0.379226594822,-0.00267437346303,-0.586618551506,-0.0353498292531,0.189381839202,-0.0910688805949,0.573840452781,0.818951077197,0.00264854906388,0.0,0.818914975175,-0.57377703763,-0.0117864932571,0.0,-0.00813304129962,0.00893267509992,-0.999927027815,0.0,0.634127136509,0.225044259741,0.303783228891,1.0,-0.0836691428571,-0.109965159184,1.345
0.440750406127,0.401899178772,-0.124861226308,-1.58150251103,0.0650234307608,1.97480463549,0.125740134851,-0.0837662921916,-0.394197222773,-0.00619578041001,-0.593422486814,-0.0385356521902,0.204537000058,-0.106563918138,0.573902946097,0.818907739782,0.00250381443379,0.0,0.818869608805,-0.57383990844,-0.0118772959468,0.0,-0.00828978053704,0.00886688339643,-0.999926326245,0.0,0.632585104845,0.222991943118,0.30371708285,1.0,-0.0870017142857,-0.114345110204,1.363
0.439327153304,0.395354075684,-0.124905703879,-1.59110273501,0.0643105627302,1.97824795272,0.124082176435,-0.0863595232798,-0.399238732095,-0.00078058687847,-0.609087599433,-0.0512260296129,0.219719601666,-0.100678588536,0.573919287299,0.818895356695,0.00279165742599,0.0,0.81886155959,-0.573855851263,-0.0116599784442,0.0,-0.00794644625219,0.0089780403274,-0.999928121809,0.0,0.631343263924,0.221271560415,0.30385162909,1.0,-0.0897788571428,-0.117995069388,1.378
0.437654165761,0.387904074668,-0.124949000688,-1.60248971323,0.0634490104331,1.98193034538,0.122149275857,-0.0929383741726,-0.420329772302,-0.00434597352383,-0.645687345507,-0.0506921822372,0.206617143462,-0.109971214245,0.573932300442,0.818887046421,0.00254295372801,0.0,0.818849861966,-0.573869580416,-0.0118048774456,0.0,-0.00820769545949,0.00885766831555,-0.999927085065,0.0,0.629651726771,0.219087587,0.303756244296,1.0,-0.0931114285714,-0.122375020408,1.396
