position_joint1,position_joint2,position_joint3,position_joint4,position_joint5,position_joint6,position_joint7,velocity_joint1,velocity_joint2,velocity_joint3,velocity_joint4,velocity_joint5,velocity_joint6,velocity_joint7,ee_T_00,ee_T_10,ee_T_20,ee_T_30,ee_T_01,ee_T_11,ee_T_21,ee_T_31,ee_T_02,ee_T_12,ee_T_22,ee_T_32,ee_T_03,ee_T_13,ee_T_23,ee_T_33,v_x,v_y,time
0.465057382989,0.547793348105,-0.12398722355,-1.35584474068,0.0795940567603,1.89410431035,0.159168349892,-0.000356172907955,0.00382407400945,-0.000747473210371,0.000561675905676,4.36984583289e-05,6.0189270261e-05,-0.00110171670699,0.573851308954,0.818945361826,0.00197900393498,0.0,0.818901714656,-0.573791750832,-0.0119898003388,0.0,-0.00868362243057,0.00850113600741,-0.999926159968,0.0,0.661673488029,0.26089438228,0.303200634904,1.0,0.0,0.0,0.0
0.465056913226,0.547792358619,-0.123985096605,-1.35584727286,0.0795940567603,1.89410349639,0.15916239711,0.00109778781668,-0.0007450341812,0.000335353222805,-0.00079515148297,9.76535303809e-05,-0.000114034803969,-0.00152633506861,0.573845463678,0.818949460779,0.00197772774537,0.0,0.818905781503,-0.57378589656,-0.0119921987192,0.0,-0.00868637962686,0.00850140519787,-0.999926133731,0.0,0.661672405042,0.260894959028,0.303199989604,1.0,-0.00022,-0.000289142857143,0.012
0.465054168699,0.547790909229,-0.123984641759,-1.35584545257,0.0795934464087,1.89410349655,0.159166824015,0.000278010109046,-0.000336141844856,-0.00130240850678,0.000954096035544,-0.000163433641715,3.35539696475e-05,0.00121751508792,0.573850755051,0.818945747006,0.0019802247831,0.0,0.818902106423,-0.573791182684,-0.011990232306,0.0,-0.00868328141242,0.00850237780522,-0.999926152371,0.0,0.661673507111,0.260893543199,0.303201866525,1.0,-0.0005,-0.000657142857143,0.026
0.465050979858,0.54776311876,-0.123985442676,-1.35586666362,0.0795934464087,1.89410453552,0.159163710021,-0.0013573704798,-0.00193989660305,0.000424223478258,0.000738620332051,-0.000313748354947,-0.000652661874919,0.00258616883468,0.573852492151,0.818944511182,0.00198790309014,0.0,0.818900955224,-0.573792871849,-0.0119880210858,0.0,-0.00867704650511,0.00850741530953,-0.999926163648,0.0,0.661670604153,0.26088888943,0.303211574949,1.0,-0.0009,-0.00118285714286,0.046
0.465053092858,0.547698131905,-0.123985670118,-1.35594658259,0.0795940570592,1.89411716723,0.159158080017,0.000488476580042,-0.00522419113071,0.00155333713694,-0.0109016931855,9.37480583164e-05,0.000565152377058,-0.000708602123899,0.573850808793,0.818945685927,0.0019898868884,0.0,0.818902084469,-0.573791110315,-0.0119951939482,0.0,-0.00868180008016,0.00851313817384,-0.99992607368,0.0,0.66165598663,0.260882479602,0.303220680328,1.0,-0.00116,-0.00152457142857,0.059
0.465050008992,0.54754060051,-0.123982943928,-1.35616158471,0.0795914992341,1.89415297998,0.159162338446,3.43984837077e-06,-0.00470859528346,-0.000190944528116,-0.0132357756239,0.00012365972032,-0.00097580045206,0.00134519925545,0.573865947344,0.818935102407,0.00197975405294,0.0,0.818891200338,-0.573806125164,-0.0120199681381,0.0,-0.00870774648728,0.00851921759672,-0.999925796288,0.0,0.661618317971,0.260860578067,0.303232957909,1.0,-0.00158,-0.00207657142857,0.08
0.46503540426,0.547419745037,-0.123985692818,-1.35632871007,0.0795872151038,1.89421126792,0.159158565019,-0.00078693454179,-0.00796311147701,0.000779246832033,-0.015573037231,-0.000130734604753,0.00900744736058,0.00111749354195,0.573884919827,0.818921775638,0.00199275748785,0.0,0.818878001802,-0.573824999132,-0.0120181295651,0.0,-0.00869858141417,0.00852901280157,-0.999925792558,0.0,0.661599497975,0.260834339539,0.303244167973,1.0,-0.00184,-0.00241828571429,0.093
0.46502288462,0.547185827239,-0.123986098818,-1.35658967576,0.0795872395416,1.89437380213,0.159142823289,-0.00211957777797,-0.0112769753943,0.00124474399798,-0.0127180850684,0.000406087571857,0.0112473223923,0.000587193904099,0.573897534443,0.818912627334,0.00211557427332,0.0,0.818870418469,-0.573837059947,-0.0119588163845,0.0,-0.00857939600411,0.00859568192194,-0.999926251389,0.0,0.661581622848,0.260808981928,0.303299778261,1.0,-0.00226,-0.00297028571429,0.114
0.465005209255,0.547031076314,-0.123988277321,-1.35678770393,0.0795797215268,1.89447456658,0.159133582151,-0.000455254615004,-0.0148024311448,-0.000115140145506,-0.0144035833029,-0.000154553000561,0.00794715489766,-0.00206741207413,0.573916937603,0.818898908609,0.0021617383705,0.0,0.818857296853,-0.573856266585,-0.0119356438025,0.0,-0.00853372287339,0.00862038934722,-0.999926429524,0.0,0.661567013882,0.26078207159,0.303321084553,1.0,-0.0025,-0.00328571428571,0.126
0.464970453305,0.546748392463,-0.123983567243,-1.35720029023,0.079573497014,1.89462187936,0.159105652129,-0.000375648516513,-0.019552948678,-0.000407815684054,-0.0233238942488,-4.73327756163e-05,0.00332206670904,0.000868432625209,0.573938885251,0.818883445021,0.00219234316948,0.0,0.818842056333,-0.573877908791,-0.0119406651181,0.0,-0.00852003971143,0.0086485613277,-0.99992630294,0.0,0.661516451178,0.26072365135,0.303340401197,1.0,-0.00292,-0.00383771428571,0.147
0.464938396521,0.546539092447,-0.123985731088,-1.35750993949,0.0795691556153,1.89473884827,0.159005736086,-0.00128856827701,-0.0154483747683,-0.000432347230772,-0.0270751400509,-0.000316138387256,0.0054429803874,-0.00163274241373,0.573901013367,0.81890992731,0.00221465831888,0.0,0.818868710413,-0.573839829901,-0.0119428483855,0.0,-0.00850942178301,0.0086676940725,-0.999926227689,0.0,0.661483351489,0.260674424449,0.303351464962,1.0,-0.00318,-0.00417942857143,0.16
0.464883558314,0.546174604661,-0.123983529496,-1.35807913042,0.0795521710236,1.89494562908,0.158925907682,-0.00339614727226,-0.0248742773745,0.00051826010891,-0.0297507614204,-0.00163234433807,0.0131932993978,-0.0015846935138,0.57390633745,0.818906163964,0.00222651237447,0.0,0.818864926192,-0.573844926281,-0.0119574301346,0.0,-0.00851450434362,0.00868582505411,-0.999926027093,0.0,0.66141830544,0.260587931933,0.303356507063,1.0,-0.0036,-0.00473142857143,0.181
0.464845128563,0.545931302012,-0.123986050057,-1.35848341833,0.0795424746449,1.89508344402,0.158899556999,-1.06570661171e-05,-0.0186248584522,-0.00131859585542,-0.0318649512772,-0.000159615115265,0.0089864997029,-0.00631577485582,0.573937987341,0.818884016582,0.00221381450506,0.0,0.818842473951,-0.573876482238,-0.0119805212379,0.0,-0.00854036570008,0.00868900888313,-0.999925778885,0.0,0.661370517651,0.260524039458,0.303348386942,1.0,-0.00386,-0.00507314285714,0.194
0.464766446632,0.545519630732,-0.123986698319,-1.35917806833,0.0794928286478,1.89531656396,0.158802268251,-0.00611860561426,-0.0251875650057,0.00103694815118,-0.0336677358613,-0.0113552017224,0.00841489860522,-0.00671980556147,0.573948759776,0.81887659221,0.00216674477365,0.0,0.818834461438,-0.573887474194,-0.0120016093261,0.0,-0.00858453453955,0.0086626808613,-0.999925629098,0.0,0.661291734202,0.260402351838,0.303329390978,1.0,-0.00426,-0.00559885714286,0.214
0.464714117401,0.545227859318,-0.123986323213,-1.35970498934,0.0794226616373,1.89548827775,0.158725009192,-0.00486876799444,-0.0227348397792,-0.000319679780505,-0.0396532643804,-0.00181193463148,0.0162072191788,0.000213323343053,0.573938796641,0.818883771728,0.00209117464296,0.0,0.818840952031,-0.573878126197,-0.0120057673909,0.0,-0.00863141487934,0.00860308076053,-0.999925740082,0.0,0.661230053692,0.260309532726,0.303299915325,1.0,-0.00452,-0.00594057142857,0.227
0.464629345947,0.544730017626,-0.123992113818,-1.36054041645,0.0794009489813,1.89576751756,0.158653289694,0.000263290359022,-0.0265279788643,0.000214592855036,-0.0412202934826,-0.000129307761969,0.00957565122414,-0.0109421467907,0.573994274794,0.818844976306,0.0020552819486,0.0,0.818801403428,-0.573933466922,-0.0120575367297,0.0,-0.00869382566655,0.00860399044838,-0.999925191574,0.0,0.661131409482,0.260172928307,0.303279071196,1.0,-0.00492,-0.00646628571429,0.247
0.464580549292,0.544387767879,-0.123994942018,-1.3611107286,0.0793808553568,1.89597647468,0.158557091274,-0.00169987889161,-0.0256641384879,-0.00102506621419,-0.0458447486579,-0.00143461438598,0.0216814182575,-0.00606255038987,0.573988822478,0.818848825999,0.00204419450343,0.0,0.818804985563,-0.573927941646,-0.0120772644889,0.0,-0.00871640132211,0.00860617716921,-0.999924976217,0.0,0.661060702678,0.260078996413,0.303265603074,1.0,-0.0052,-0.00683428571429,0.261
0.464495759697,0.54377264143,-0.123998839727,-1.36211726812,0.0793372577674,1.8963324591,0.158445994761,-0.00614341427189,-0.0288401005774,-0.000419189549751,-0.0495829501974,-0.00198209215917,0.0165393841873,-0.00243257840032,0.574009599467,0.818834313688,0.00202320244204,0.0,0.818790016792,-0.573948627643,-0.0121090102834,0.0,-0.00875422740581,0.00860743182396,-0.99992463497,0.0,0.660946349178,0.259934140298,0.303255219579,1.0,-0.0056,-0.00736,0.281
0.464448229787,0.543368586198,-0.123998696569,-1.36276526332,0.0793054969666,1.89655804753,0.158351947858,-0.00299776968391,-0.0342832162083,7.21052869844e-06,-0.0545839240298,-0.00245351290087,0.0166830088644,-0.00442730496192,0.573998974362,0.818841789958,0.00201180297074,0.0,0.81879724517,-0.573937956715,-0.0121260069778,0.0,-0.00877480011448,0.00860774002429,-0.999924451994,0.0,0.660866876256,0.259841361417,0.303252200473,1.0,-0.00586,-0.00770171428571,0.294
0.464355868816,0.542668906402,-0.123996739024,-1.36386716202,0.0792377974336,1.89694592839,0.15823079528,-0.00596159170331,-0.0389542265625,0.00172599829557,-0.0513669966069,-0.00324248634829,0.0165089054339,-0.00416354422796,0.57401718436,0.818829055106,0.00199936884626,0.0,0.818784309911,-0.573956182078,-0.0121367952905,0.0,-0.00879057975605,0.00860394655347,-0.999924346044,0.0,0.660736124473,0.259675213151,0.303256178181,1.0,-0.00628,-0.00825371428571,0.315
0.464296206581,0.542215563152,-0.124000234239,-1.36456903434,0.0792021320391,1.89720936199,0.158127915984,-0.00741154491213,-0.0321268372549,0.000606176949071,-0.04936380638,-0.00342074606624,0.0209113880574,-0.0109387630946,0.57401378797,0.818831398407,0.00201472181071,0.0,0.818786810094,-0.57395267545,-0.0121339548973,0.0,-0.00877947731534,0.00861485092083,-0.999924349699,0.0,0.660657087662,0.259568509497,0.303265669372,1.0,-0.00654,-0.00859542857143,0.328
0.464196898002,0.54143633871,-0.124003081019,-1.36574992134,0.0791364173748,1.8976470641,0.157971899288,-0.00468948960309,-0.0406581737803,-0.000148876358481,-0.0530933523142,-0.0055342910784,0.0210447611857,-0.0127044498115,0.574017380694,0.818828797319,0.00204798528975,0.0,0.818784604082,-0.573956082612,-0.012121643954,0.0,-0.00875026599598,0.00863505938848,-0.999924431442,0.0,0.660522595326,0.259390379351,0.30329259395,1.0,-0.00696,-0.00914742857143,0.349
0.464135785144,0.540962096423,-0.124002602242,-1.36648840033,0.0790900217666,1.89792040204,0.157874248284,-0.00293599601395,-0.0380606243316,8.20787283393e-05,-0.0599594993483,-0.00815879092627,0.0185032596715,-0.0101188371513,0.574015714845,0.818829948475,0.00205462696787,0.0,0.81878585005,-0.573954395862,-0.012117348336,0.0,-0.00874295386251,0.00863801416408,-0.999924469882,0.0,0.660437462418,0.259279897397,0.30330002079,1.0,-0.0072,-0.00946285714286,0.361
0.464016220472,0.540077196661,-0.124010513992,-1.3678420572,0.0790054696826,1.89841571829,0.157703688972,-0.00998245867542,-0.0425522284509,-0.00182055047271,-0.0604102938193,-0.00988850701628,0.0281811225245,-0.0110620033051,0.574031873287,0.818818572194,0.0020739290966,0.0,0.818774776865,-0.573970518608,-0.012101877538,0.0,-0.00871903579583,0.00864511071188,-0.999924617397,0.0,0.660284374414,0.259067214652,0.30332431508,1.0,-0.00762,-0.0100148571429,0.382
0.463937927807,0.539474266196,-0.124000911979,-1.36878987265,0.0789580283656,1.89878014612,0.15759003964,-0.00750222844136,-0.0424350224775,0.00190619252163,-0.0748362449427,-0.000987247426616,0.0239577492116,-0.00696738150092,0.574036080101,0.8188155638,0.0020971701616,0.0,0.818771946818,-0.573974499708,-0.0121045318093,0.0,-0.00870782449622,0.00866570892901,-0.999924536793,0.0,0.660174539653,0.25893354259,0.303330505255,1.0,-0.0079,-0.0103828571429,0.396
0.463801038505,0.538588840099,-0.12401151192,-1.3701668142,0.0788742501161,1.89931384424,0.157411512135,-0.0074070020435,-0.0434260978908,-0.000550364412453,-0.0726966529184,-0.00582731233081,0.0282282757189,-0.00395507261633,0.574063300013,0.818796398949,0.00212874340661,0.0,0.818753280721,-0.574001666352,-0.012078875575,0.0,-0.00866840445519,0.00867712188249,-0.999924780331,0.0,0.660028240853,0.258707859536,0.303347221871,1.0,-0.0083,-0.0109085714286,0.416
0.463719320385,0.537984675182,-0.124017280019,-1.37110173507,0.0788198839848,1.89968476777,0.157296700875,-0.00543347775453,-0.04733647502,0.000625438786478,-0.0727644238437,-0.001166220954,0.0318875251616,0.000393488337985,0.57407748689,0.818786366728,0.00216139007236,0.0,0.818743716818,-0.574015754534,-0.0120576373735,0.0,-0.00863212333828,0.00869181004683,-0.999924966627,0.0,0.659927128207,0.258563898617,0.303361272887,1.0,-0.00856,-0.0112502857143,0.429
0.463583301595,0.537030239421,-0.124017710704,-1.37260667639,0.0787330758957,1.90023166204,0.157116099153,-0.00748061838625,-0.0519313607544,0.000901325445344,-0.076528426356,-0.00108958097044,0.0340038859808,-0.0070782018606,0.57410096069,0.8187699118,0.00215994592011,0.0,0.818727177781,-0.574039165766,-0.0120661274381,0.0,-0.00863965488434,0.00869574920149,-0.999924867332,0.0,0.659752633987,0.258330844722,0.303366307649,1.0,-0.00896,-0.011776,0.449
0.463490285136,0.536333227818,-0.124029611854,-1.37369437902,0.0786731512767,1.90063762477,0.156974831813,-0.00312232155886,-0.0501498490837,-0.000193598602385,-0.0762067715029,-0.00606923452534,0.0269347319517,-0.0183394003732,0.57411367624,0.818760961925,0.00217275947957,0.0,0.818718397344,-0.574051827476,-0.012059524153,0.0,-0.00862675713778,0.00870258345583,-0.999924919233,0.0,0.659629722994,0.258160454229,0.303376204861,1.0,-0.00924,-0.012144,0.463
0.463349357765,0.535289941819,-0.124039182017,-1.37534012309,0.0785841826808,1.90123243671,0.156788576982,-0.00443634688352,-0.0530568488044,-0.000240688532483,-0.0822030808097,-0.00422166941286,0.0308579327166,-0.0104050326812,0.574149841979,0.81873561092,0.00216916295358,0.0,0.818692913762,-0.574087917506,-0.012071571168,0.0,-0.00863830126631,0.00870693665294,-0.999924781674,0.0,0.659437202338,0.257906248708,0.303381026201,1.0,-0.00964,-0.0126697142857,0.483
0.463256331819,0.534615124793,-0.124039682712,-1.37643353132,0.0785253296101,1.90163037803,0.156654411002,-0.010718102884,-0.0453761586049,-0.00021373864418,-0.0855443744484,-0.00102462973299,0.0307571935531,-0.00711007488635,0.574160745667,0.818728002916,0.00215459465809,0.0,0.818685024459,-0.574098790337,-0.0120895228026,0.0,-0.00866124742933,0.00870543141397,-0.999924596286,0.0,0.659307588319,0.257741157351,0.303371223368,1.0,-0.0099,-0.0130114285714,0.496
0.463105565543,0.533525257784,-0.124040138904,-1.37817253396,0.0784245641447,1.9022731039,0.156424971478,-0.00886675385034,-0.0522798045419,0.00025909550591,-0.0842167115626,-0.00397172356221,0.0387965010551,-0.013937259077,0.574164932268,0.81872507812,0.00215032856875,0.0,0.818681979843,-0.574102930311,-0.0120990987397,0.0,-0.00867149258152,0.00870748110437,-0.999924489644,0.0,0.659104459883,0.257476685569,0.30336795897,1.0,-0.0103,-0.0135371428571,0.516
0.463004336225,0.532746979346,-0.124041078287,-1.37942830774,0.0783577149641,1.90275827744,0.156285933335,-0.00330453952283,-0.0587157509611,-0.0048907083728,-0.0955610693062,-0.000286436475603,0.0396790853216,-0.00932068689663,0.574185580819,0.818710573207,0.00215939797525,0.0,0.818667529008,-0.574123472511,-0.0121021552401,0.0,-0.00866856828634,0.00871687986716,-0.999924433109,0.0,0.658959266735,0.257292662343,0.303361139626,1.0,-0.01058,-0.0139051428571,0.53
0.462851152789,0.53160109426,-0.124043838246,-1.3812619959,0.0782581534928,1.90342136041,0.156042522041,-0.0101150104906,-0.0574114319705,-0.00133762942977,-0.0918229563328,-0.00817959998298,0.0379475603948,-0.0145235623827,0.574186983832,0.818709631341,0.00214337326472,0.0,0.818666234388,-0.574124800595,-0.0121267025788,0.0,-0.00869785191007,0.00871786994309,-0.999924170183,0.0,0.658739754149,0.257016384433,0.303353688036,1.0,-0.01098,-0.0144308571429,0.55
0.462745433907,0.530815084556,-0.124042885349,-1.38252207399,0.0781798125496,1.90386133601,0.155887150551,-0.0128998118242,-0.0585284030062,0.000993160562103,-0.0986417704256,-0.0039530817538,0.0390610737558,-0.00690560433789,0.574178482122,0.818715707593,0.00209945471544,0.0,0.818671662994,-0.574116418347,-0.0121570265865,0.0,-0.00874798562812,0.00869923464306,-0.999923895136,0.0,0.658569439771,0.256816827435,0.303334963273,1.0,-0.01126,-0.0147988571429,0.564
0.462579547068,0.529609090282,-0.124038900119,-1.38445437875,0.0780567587544,1.90457657162,0.155626269152,-0.0104557093875,-0.0623513648828,0.000791843628105,-0.0968685184822,-0.00393108748699,0.037482603805,-0.0099683855055,0.574184530857,0.818711463036,0.00210040943016,0.0,0.818667458001,-0.57412248904,-0.012153505235,0.0,-0.00874449012047,0.00869805901518,-0.999923935938,0.0,0.658356860514,0.256533406886,0.303337651544,1.0,-0.01164,-0.0152982857143,0.583
0.462480035337,0.528792856006,-0.124043545339,-1.38573662734,0.0779765867392,1.90504912264,0.15544996733,-0.00831355985882,-0.0621619330711,0.000474360941149,-0.102066156017,-0.0102774621465,0.0427906325028,-0.0139305883658,0.574174329244,0.818718590479,0.00211095743383,0.0,0.818674752893,-0.574112271926,-0.0121447561034,0.0,-0.0087313791365,0.00870156227704,-0.99992402003,0.0,0.658193001697,0.25632382961,0.303348068784,1.0,-0.01192,-0.0156662857143,0.597
0.462287309072,0.527331012864,-0.124044263586,-1.38796841823,0.0778348579462,1.9059127692,0.155141373181,-0.014325961415,-0.067810812441,0.00260924838116,-0.106906314848,-0.000467418205897,0.0417983019234,-0.0172959331169,0.574161446232,0.818727449438,0.00217809514097,0.0,0.818684588523,-0.574099199393,-0.0120996145396,0.0,-0.00865601052956,0.0087304731958,-0.999924423304,0.0,0.657949253079,0.256005490423,0.303384954854,1.0,-0.01234,-0.0162182857143,0.618
0.462182247509,0.526511767078,-0.124054514262,-1.38924256785,0.0777584302246,1.90639573732,0.154962088807,-0.0125828267577,-0.0680062436485,-0.00143845346314,-0.108429604668,-0.00449001155927,0.0417437999853,-0.0122585870131,0.574156260196,0.818731029349,0.00219939985786,0.0,0.818688491929,-0.574093968732,-0.0120836728691,0.0,-0.00863078190248,0.00873870802393,-0.999924569448,0.0,0.657801885879,0.255810319074,0.303397211003,1.0,-0.01258,-0.0165337142857,0.63
0.461998709876,0.525073058442,-0.124058122935,-1.39152093693,0.077612538332,1.9072128524,0.154653800519,-0.00679291892898,-0.062743094662,-0.00123346932882,-0.108245943841,-0.00516570214866,0.0402276507676,-0.01718730557,0.574140004218,0.818742493637,0.00217521735967,0.0,0.818699648509,-0.574077826298,-0.0120947006888,0.0,-0.00865386796194,0.00872506917687,-0.999924489018,0.0,0.65752372284,0.255467828605,0.30339579423,1.0,-0.013,-0.0170857142857,0.651
0.461883203561,0.52416569183,-0.124064834033,-1.39296163749,0.0775274087849,1.90771877545,0.154458155874,-0.00784100865774,-0.0706928031358,-0.000585737243412,-0.113493443607,-0.00661962252107,0.0385666788518,-0.0188117682842,0.574133530182,0.818747094689,0.00215205965247,0.0,0.818703890761,-0.574071396029,-0.0121127377344,0.0,-0.00868200009514,0.00871639630389,-0.999924320791,0.0,0.657345626649,0.255249460881,0.303392205355,1.0,-0.01326,-0.0174274285714,0.664
0.461688433267,0.522663442747,-0.1240662756,-1.39534204902,0.0773773561431,1.90863640041,0.154136815534,-0.00743763849329,-0.0731950588625,0.000951803232002,-0.112620685797,-0.0122361308158,0.0461015305315,-0.0132677459921,0.574118431282,0.818757609532,0.00217958643735,0.0,0.818714840615,-0.574056256763,-0.012090108694,0.0,-0.00864782975929,0.00872578199844,-0.999924535037,0.0,0.657066313478,0.254895761348,0.303394775711,1.0,-0.01368,-0.0179794285714,0.685
0.46156822424,0.521801164356,-0.124068398213,-1.39673170089,0.0772964007019,1.90917975284,0.153955337442,-0.009366575564,-0.0754647084309,-0.000389586744267,-0.117099790838,-0.0106190195898,0.0486593519154,-0.00694081247543,0.574122568577,0.81875466225,0.00219686021503,0.0,0.818712126602,-0.574060327631,-0.0120805999814,0.0,-0.00863008341857,0.00873450935612,-0.999924612162,0.0,0.656893423422,0.254669396513,0.303386912171,1.0,-0.01394,-0.0183211428571,0.698
0.461360609132,0.520229148357,-0.124069960295,-1.3992380439,0.0771457786022,1.91009936595,0.15361661984,-0.00760052064799,-0.0816422510321,0.000409534720478,-0.116658707446,-0.00945165665221,0.0467785740357,-0.010886458004,0.574109526157,0.818763854635,0.00217927062923,0.0,0.818721012844,-0.574047284779,-0.0120981348557,0.0,-0.00865467777024,0.00873003720651,-0.999924438647,0.0,0.656600463177,0.254309602415,0.303377456432,1.0,-0.01434,-0.0188468571429,0.718
0.461231820446,0.519228407724,-0.124072332162,-1.40081646853,0.0770382836335,1.9106601016,0.153394619767,-0.0117439600419,-0.0780579250481,0.000292881972906,-0.118687728914,-0.00488980745636,0.04192629801,-0.0193615798983,0.574089679603,0.818777825473,0.0021585154048,0.0,0.818734762055,-0.574027579715,-0.0121026456145,0.0,-0.00867049741903,0.00871542333841,-0.99992442908,0.0,0.656404890072,0.254070171022,0.30337745779,1.0,-0.0146,-0.0191885714286,0.731
0.46102283588,0.51754710103,-0.124086171738,-1.4034296311,0.076875952656,1.9116004617,0.153048120882,-0.0078723756458,-0.0788876449429,-0.00189757479793,-0.12919200415,-0.00568683234345,0.0429885447367,-0.0213333359783,0.574081601343,0.818783481569,0.0021615296238,0.0,0.818740474519,-0.574019506629,-0.012099103053,0.0,-0.00866595239982,0.00871577205097,-0.999924465441,0.0,0.656083544442,0.253674472708,0.30339553698,1.0,-0.01502,-0.0197405714286,0.752
0.460873059103,0.51652279098,-0.124084030835,-1.40505292514,0.0767681376795,1.91221214569,0.15281434358,-0.0126955934041,-0.0820890246459,-0.00121581967621,-0.126912453006,-0.00706318176789,0.0467631132881,-0.0178168027709,0.574068151844,0.818792897214,0.00216689009719,0.0,0.818750017551,-0.574006093614,-0.0120896714247,0.0,-0.00865529561348,0.00871460441942,-0.999924567919,0.0,0.655891303399,0.253422338584,0.303394395104,1.0,-0.01528,-0.0200822857143,0.765
0.460659136837,0.514914320019,-0.124082990255,-1.40762495881,0.0766104023387,1.91318426535,0.152466430497,-0.0105385410193,-0.0745590436074,0.00724298005192,-0.130936514061,-0.00756050314884,0.0540560982424,-0.0136931068654,0.574051079133,0.818804854715,0.00217148383465,0.0,0.818762019108,-0.57398898739,-0.012089057957,0.0,-0.00865233812107,0.00871783310014,-0.99992456537,0.0,0.655579867176,0.253038984766,0.303382310495,1.0,-0.01568,-0.020608,0.785
0.460503224078,0.513734733801,-0.124088313641,-1.40950673388,0.0764920597515,1.91382400022,0.152217486714,-0.013710992391,-0.0838568007916,0.00136872155901,-0.138350606549,-0.00957040952145,0.0488303697481,-0.0172421285314,0.574045382652,0.818808992168,0.00211657767836,0.0,0.818765367367,-0.57398345637,-0.0121248470405,0.0,-0.00871322097044,0.00869336033349,-0.999924249764,0.0,0.655338444118,0.252750206253,0.303369025708,1.0,-0.01596,-0.020976,0.799
0.460283084503,0.512156384097,-0.124093979544,-1.41205123143,0.0763324420067,1.91473282307,0.151846840783,-0.0118672857423,-0.0882629113973,-0.000204221311344,-0.135172647044,-0.00568473336855,0.0452273070666,-0.0219470125123,0.574016394889,0.818829447953,0.00206408947464,0.0,0.818785089408,-0.57395465499,-0.0121564089756,0.0,-0.00876950072833,0.00866819062952,-0.999923976274,0.0,0.655021320744,0.252357357766,0.30334267316,1.0,-0.01634,-0.0214754285714,0.818
0.460126453152,0.510973901306,-0.124093641257,-1.41394108368,0.0762250336509,1.91545382519,0.151581213431,-0.00934644780575,-0.0816751262343,0.0010859016903,-0.134282635983,-0.00630489244777,0.0504447845322,-0.0209790908731,0.573997039795,0.818842979964,0.00207830976279,0.0,0.818798726711,-0.573935159855,-0.0121583025081,0.0,-0.00876309432784,0.00868071416673,-0.999923923796,0.0,0.654791172231,0.252077768535,0.303333742059,1.0,-0.01662,-0.0218434285714,0.832
0.459889203859,0.509223886031,-0.124103299746,-1.41672231049,0.0760492491158,1.91648068781,0.151205200048,-0.0103431200366,-0.0916712495478,-0.00145013870442,-0.136855462127,-0.0137382084333,0.0507371332261,-0.0163889279382,0.573987812584,0.818849474136,0.00206799752499,0.0,0.818805123958,-0.573926016863,-0.0121590727346,0.0,-0.00876974157702,0.00867261350647,-0.999923935811,0.0,0.654449714314,0.251651073682,0.303324185323,1.0,-0.01702,-0.0223691428571,0.852
0.459717045877,0.507984135493,-0.124105318299,-1.41868591335,0.0759261235055,1.91718045536,0.150916264688,-0.0151752692865,-0.0830381989343,-0.000170302376744,-0.14169148406,-0.0114811002243,0.0510334359224,-0.0273213896033,0.573962220527,0.818867467752,0.00204610991393,0.0,0.818822782088,-0.573900476485,-0.0121754476302,0.0,-0.00879598386512,0.00866381517523,-0.999923781583,0.0,0.654202926591,0.251348179986,0.303317614964,1.0,-0.0173,-0.0227371428571,0.866
0.45945644175,0.506144789833,-0.124106460464,-1.42154478858,0.0757523098427,1.91822800188,0.15053957961,-0.0139604015277,-0.0903287321759,-0.000423896142755,-0.146287326727,-0.00741797294362,0.0522752521869,-0.0233806381904,0.573969020983,0.818862639765,0.00207051924045,0.0,0.818818205472,-0.573907100734,-0.0121709907495,0.0,-0.00877825292795,0.00868131763601,-0.999923785596,0.0,0.65385088641,0.250905062361,0.303333828337,1.0,-0.0177,-0.0232628571429,0.886
0.459273596432,0.504814061978,-0.124109878869,-1.42358511265,0.0756249774188,1.91901708617,0.150256959966,-0.0123988851377,-0.0962695946163,0.000937607950883,-0.150086496998,-0.00684534217278,0.0573957796487,-0.0229365421388,0.573960837035,0.818868210694,0.00213493930484,0.0,0.818824684977,-0.573898701059,-0.0121310797768,0.0,-0.00870868436589,0.00871107342173,-0.99992413513,0.0,0.653607526924,0.2505918929,0.303361165211,1.0,-0.01798,-0.0236308571429,0.9
0.459020376876,0.502938836224,-0.124113193405,-1.42634482589,0.0754496933698,1.92006712606,0.149872834144,-0.0161030339368,-0.0985873770386,0.000392389906847,-0.146829464088,-0.00912470362009,0.0649237865891,-0.0274173385667,0.573950510948,0.818875076949,0.00227293537544,0.0,0.818833460776,-0.573887896279,-0.0120496024496,0.0,-0.00856287389399,0.00877720001056,-0.999924816149,0.0,0.65327709563,0.250164667427,0.303448396211,1.0,-0.01836,-0.0241302857143,0.919
0.458828253902,0.501550460615,-0.124117177109,-1.4284380799,0.0753151630033,1.92081215829,0.149575661074,-0.0147342602104,-0.102733888535,0.000918438931191,-0.15431572067,-0.0135204021079,0.0492509075873,-0.0180586376216,0.573937900586,0.81888382494,0.00230530317262,0.0,0.81884263471,-0.573875156427,-0.0120329264223,0.0,-0.00853077683905,0.00879400236421,-0.999924942868,0.0,0.653014803509,0.249835700122,0.303485930541,1.0,-0.01864,-0.0244982857143,0.933
0.458547089228,0.499532355527,-0.124117783333,-1.43149842733,0.0751198539373,1.92190467398,0.14915675791,-0.019815589931,-0.0990023209436,-0.00163060630822,-0.156980637702,-0.00161419354224,0.0586453917761,-0.0176271030599,0.573928546899,0.818890262607,0.00234686233838,0.0,0.818849584131,-0.573865601015,-0.0120157164678,0.0,-0.00849293316267,0.00881805971706,-0.999925053146,0.0,0.652629118195,0.249358038815,0.30353198349,1.0,-0.01904,-0.025024,0.953
0.458336937901,0.498158299956,-0.124117863229,-1.43366078824,0.0749811418614,1.92272611469,0.148830699501,-0.014872945241,-0.0957836998236,0.000633950829477,-0.157171705978,-0.00635646952827,0.0633683980492,-0.0173998596027,0.573906290772,0.818905792135,0.00237063727708,0.0,0.818865465554,-0.573843294062,-0.011998753441,0.0,-0.00846563737691,0.00882756303673,-0.99992520076,0.0,0.652366979075,0.249015824184,0.303532174022,1.0,-0.01932,-0.025392,0.967
0.458027316994,0.496167899267,-0.124120006273,-1.43682021029,0.0747892918802,1.92384597242,0.148359868311,-0.0122031471126,-0.100584342079,4.71850888211e-05,-0.162778958822,-0.00776917576243,0.0537445317659,-0.0283340015853,0.573883871636,0.8189216166,0.0023312320709,0.0,0.818880610732,-0.573820868005,-0.0120375957307,0.0,-0.00852030178756,0.00881735254649,-0.99992482655,0.0,0.651966464894,0.248509300258,0.303512810638,1.0,-0.01972,-0.0259177142857,0.987
0.457819844961,0.494905070168,-0.124119695768,-1.43891042412,0.0746519754868,1.92456099934,0.14806967743,-0.0157936475146,-0.0938403423266,-0.00105685497823,-0.156119487903,-0.0155500239239,0.0559393346486,-0.0250479803075,0.573883928559,0.818921854471,0.00223152704122,0.0,0.818879456144,-0.573821250846,-0.0120977387774,0.0,-0.00862677112848,0.00877021836004,-0.999924328182,0.0,0.6516947333,0.248169547903,0.303459707929,1.0,-0.01998,-0.0262594285714,1.0
0.457447469374,0.492208593077,-0.124210176647,-1.44295234442,0.0744253295917,1.92602921019,0.147484581805,-0.021812749957,-0.170018044626,-0.012598870592,-0.256789968745,-0.00840471259776,0.092396045349,-0.0373022736239,0.573916909657,0.818898461383,0.00233187814167,0.0,0.81885750583,-0.573853942421,-0.0120326562005,0.0,-0.00851553013446,0.00881539050414,-0.999924884497,0.0,0.651202207634,0.247493275747,0.303542848541,1.0,-0.0373514285714,-0.0490904489796,1.02
0.457107961607,0.48936792267,-0.124254812388,-1.44739171859,0.0742063821387,1.92777449685,0.146813959734,-0.0283766378631,-0.231642990435,0.00017102786092,-0.355389150103,-0.0170910145253,0.132247749004,-0.0564747164454,0.57384251964,0.81895017973,0.00247238225086,0.0,0.818910855702,-0.573778779041,-0.0119862436822,0.0,-0.00839769763027,0.00890304835154,-0.999925104398,0.0,0.650650339333,0.246839976335,0.303558290523,1.0,-0.0501514285714,-0.0659133061224,1.034
0.456307980478,0.483768031514,-0.12435687113,-1.45627781127,0.0737055649179,1.93113235402,0.145453441598,-0.0446292830995,-0.307516836705,-0.00973174040237,-0.49462618708,-0.0270659591001,0.178182701638,-0.0774684203212,0.5737638048,0.819005145243,0.00253283809334,0.0,0.818966530666,-0.573699749591,-0.0119651940636,0.0,-0.00834662762043,0.00893967701361,-0.999925205194,0.0,0.649541920517,0.245427445878,0.303512534052,1.0,-0.0684371428571,-0.0899459591837,1.054
0.455604358586,0.479141841063,-0.124489789702,-1.46369510159,0.0732668270865,1.9336609182,0.144330169189,-0.0550056845697,-0.37822285427,-0.00855313450689,-0.59417412515,-0.0391489252326,0.200571408476,-0.0926099610697,0.573760459322,0.819008175428,0.00230017445726,0.0,0.818966332653,-0.573697157081,-0.0121022658377,0.0,-0.00859241654597,0.00882773700687,-0.99992411784,0.0,0.648570428575,0.244176330239,0.303413214398,1.0,-0.0803228571429,-0.105567183673,1.067
0.45423336207,0.470482245014,-0.124682190285,-1.47727090798,0.0724550102261,1.93841792961,0.142370798027,-0.0777861410774,-0.460203788667,-0.0120554697074,-0.709164909862,-0.0406480879815,0.255774829128,-0.104637624773,0.573853100965,0.818943662373,0.0021548256237,0.0,0.818899664353,-0.573790158743,-0.0122041121727,0.0,-0.00875823120514,0.00876812240836,-0.999923203759,0.0,0.64680749874,0.241874969936,0.303360488444,1.0,-0.0986085714286,-0.129599836735,1.087
0.453110202788,0.463337813629,-0.124791147241,-1.48809379219,0.0718020316973,1.94247529802,0.140581475176,-0.0851573539672,-0.515238745639,-0.00890948101584,-0.789260674164,-0.0535931843561,0.293024821042,-0.136778521473,0.573723862557,0.819033307117,0.00247351308977,0.0,0.81899363498,-0.573659748512,-0.012027705553,0.0,-0.00843229890699,0.0089265450278,-0.999924603722,0.0,0.645436076516,0.24006933012,0.303492627642,1.0,-0.111408571429,-0.146422693878,1.101
0.451120545525,0.451844113521,-0.12497438468,-1.50593241896,0.0706650920401,1.94868067946,0.137798241401,-0.10784575019,-0.615938059633,-0.0105113280072,-0.91978178229,-0.0626758502954,0.334479486792,-0.155595644204,0.573723939924,0.819033659159,0.0023351283832,0.0,0.818991912025,-0.573660122076,-0.0121268000256,0.0,-0.00859285280455,0.00887005752485,-0.999923739572,0.0,0.643063015048,0.236964437922,0.303449696971,1.0,-0.129694285714,-0.170455346939,1.121
0.449629836754,0.443375294344,-0.125101885561,-1.51877254841,0.0697700921964,1.95328293482,0.13583661871,-0.122221345085,-0.653808711026,-0.00415677801873,-1.01856356977,-0.0640966852068,0.347843186287,-0.157486285905,0.573765678876,0.819004005249,0.00247629379889,0.0,0.81896481476,-0.573702020182,-0.0119737682172,0.0,-0.00838607083066,0.0088983060621,-0.999925244188,0.0,0.641368863874,0.234699769655,0.303543960084,1.0,-0.14158,-0.186076571429,1.134
0.447025543273,0.429061250401,-0.125285037833,-1.54049670246,0.0683530735704,1.9607769152,0.132305989202,-0.133347725929,-0.763530110447,-0.0107488612297,-1.13001273488,-0.0708497179566,0.379687731269,-0.183992682634,0.573706810915,0.819045047182,0.00254021616922,0.0,0.819006232643,-0.573642416618,-0.0119964848883,0.0,-0.00836864691173,0.0089630905296,-0.999924811552,0.0,0.638383339833,0.230843794615,0.303628273034,1.0,-0.159865714286,-0.21010922449,1.154
0.444926083598,0.418191978183,-0.125426616888,-1.55688241065,0.0671938331025,1.96639630117,0.129573585916,-0.156796400167,-0.784948037745,-0.00855099430465,-1.1804253957,-0.0870391858342,0.415754468831,-0.195039402582,0.573666721261,0.819072997896,0.002581460159,0.0,0.819035004152,-0.573602473605,-0.011941990999,0.0,-0.00830079025161,0.00896520166168,-0.999925358234,0.0,0.636106861687,0.227843842715,0.303705001324,1.0,-0.172665714286,-0.226932081633,1.168
0.441356065581,0.400550856474,-0.125627420451,-1.58326071023,0.0653779682195,1.97557182875,0.125134818108,-0.177602070897,-0.843808831765,-0.00906212780517,-1.28567233151,-0.0747116835096,0.42129760134,-0.215837947026,0.573678812268,0.819063393875,0.00291960094673,0.0,0.819029849709,-0.573613357404,-0.011771507739,0.0,-0.00796704236865,0.00914448096251,-0.999926449647,0.0,0.632404564807,0.222951205063,0.303874008542,1.0,-0.191865714286,-0.252166367347,1.189
0.439060174398,0.389709437158,-0.125771584792,-1.59925660708,0.0642654592194,1.98113006378,0.122379663213,-0.195167125761,-0.912322304693,-0.0113651673894,-1.35957178856,-0.103663628001,0.466622076583,-0.236898899403,0.573719994871,0.819033440179,0.00321531568888,0.0,0.819003963096,-0.573653807192,-0.0116002081044,0.0,-0.00765662767809,0.00928880646427,-0.999927544439,0.0,0.629929588285,0.219634908565,0.304023460137,1.0,-0.203751428571,-0.267787591837,1.202
0.434620306324,0.36972039666,-0.126009262156,-1.62904438374,0.062000001371,1.99101952715,0.11702715676,-0.232574537132,-0.980421811788,-0.00881521639092,-1.47330032567,-0.107969020639,0.479428394677,-0.255113251987,0.573640990154,0.819088880951,0.00318848221775,0.0,0.819059378033,-0.573575288333,-0.0115702537163,0.0,-0.00764837881641,0.00924890613039,-0.999927977425,0.0,0.625495324889,0.213828702054,0.304066226653,1.0,-0.222951428571,-0.293021877551,1.223
0.431556107962,0.356681061336,-0.126151359956,-1.6482916368,0.0604995328264,1.99737083422,0.113536446726,-0.234440988273,-1.00465612536,-0.0137524907353,-1.50961852194,-0.119480127524,0.486210167116,-0.282966676544,0.573641881508,0.819087936297,0.00326975437383,0.0,0.819059921544,-0.573576461063,-0.0114732356442,0.0,-0.00752227959133,0.00925983152326,-0.999928832883,0.0,0.622821024,0.21028861504,0.304136317971,1.0,-0.233922857143,-0.307441469388,1.235
0.426004620768,0.334541551411,-0.126461217769,-1.68094184175,0.0580342626971,2.00791639163,0.107345733127,-0.272157730232,-1.07541983797,-0.0202654815194,-1.59105268335,-0.118842131444,0.510402714534,-0.288883164572,0.573740503833,0.819018921025,0.00325394616183,0.0,0.818990190703,-0.573674491452,-0.0115495580377,0.0,-0.00759274683667,0.00929157812689,-0.999928005794,0.0,0.617778894439,0.203583335933,0.304124082309,1.0,-0.253122857143,-0.332675755102,1.256
0.422322356377,0.320161470439,-0.126573314417,-1.70187392153,0.0563183705411,2.01459665283,0.103212078731,-0.283828369163,-1.11753351712,-0.000753281390075,-1.60239855508,-0.135903613448,0.500796091032,-0.310753988057,0.573608497208,0.819111214209,0.00329508552618,0.0,0.819083198252,-0.573542599299,-0.0115042614708,0.0,-0.0075335427084,0.00929807034174,-0.999928393247,0.0,0.614443557634,0.199277702955,0.304160434099,1.0,-0.265008571429,-0.348296979592,1.269
0.415779933222,0.295950178893,-0.126841421322,-1.73703627424,0.0533862099393,2.02545637296,0.096046834605,-0.326231617474,-1.16733954116,-0.0180643290075,-1.72809187183,-0.138093601886,0.507425234785,-0.352798629814,0.573456886843,0.81921791384,0.00315523018787,0.0,0.819187901624,-0.573391221098,-0.0115946669498,0.0,-0.00768952562717,0.0092339457918,-0.999927800114,0.0,0.608957622852,0.192214274103,0.304113461888,1.0,-0.283294285714,-0.372329632653,1.289
0.411335575105,0.280288990787,-0.127009045062,-1.75933711333,0.0515445288672,2.03230487152,0.0913670836278,-0.346328210761,-1.2059585916,-0.0159925983312,-1.7418089523,-0.146825089301,0.512875911148,-0.375817704483,0.573439855617,0.819229411197,0.00326354426098,0.0,0.819200503968,-0.573373484884,-0.0115813657198,0.0,-0.00761671231881,0.00931489313008,-0.999927606609,0.0,0.604943852964,0.186988617664,0.304179346237,1.0,-0.296094285714,-0.389152489796,1.303
0.403776223849,0.255400684389,-0.127384231237,-1.79445033132,0.0484675212189,2.04280071986,0.0836164279449,-0.396734495365,-1.26715552847,-0.0214745992511,-1.7395680108,-0.159052120834,0.524264590965,-0.396749224035,0.573494324015,0.819190791642,0.00338439260442,0.0,0.819163705893,-0.573427891913,-0.0114901099159,0.0,-0.00747203098122,0.00936206465584,-0.999928257676,0.0,0.598958746235,0.179020603917,0.304281870752,1.0,-0.31438,-0.413185142857,1.323
0.398395973269,0.238657789842,-0.127643289146,-1.81792727031,0.0463226112569,2.04966088474,0.0782666454371,-0.424921765373,-1.28842445408,-0.014873588842,-1.80449946208,-0.156412887965,0.506905596289,-0.418217813168,0.573572897883,0.819135703747,0.00340243474919,0.0,0.819109142255,-0.573506767419,-0.0114432381894,0.0,-0.00742238851708,0.00935067672797,-0.999928733957,0.0,0.594855002685,0.173547279133,0.304305826349,1.0,-0.326265714286,-0.428806367347,1.336
0.38961103445,0.212063060324,-0.127964140093,-1.85460926552,0.0429426622812,2.06021425139,0.0694122032107,-0.45646027758,-1.35426238118,-0.0186655670355,-1.86829444048,-0.182948167989,0.54397922315,-0.446640410772,0.573421563984,0.819240345141,0.00370320852759,0.0,0.819217763593,-0.573354750297,-0.0112841936602,0.0,-0.00712135161629,0.00950451717645,-0.999929472765,0.0,0.588253212222,0.164941788593,0.30443685978,1.0,-0.344551428571,-0.452839020408,1.356
0.383378405606,0.194358494314,-0.128206479584,-1.87895209238,0.0405999231639,2.06681702646,0.063289682951,-0.490538639878,-1.36595987086,-0.0190049583702,-1.87473679801,-0.175357408177,0.523772181737,-0.475572497092,0.573364456157,0.819280723794,0.00361150058911,0.0,0.819256672289,-0.573297516586,-0.0113670263208,0.0,-0.00724246067239,0.00947637726877,-0.999928869989,0.0,0.58371782468,0.159038155865,0.304413977461,1.0,-0.356437142857,-0.468460244898,1.369
0.372305036181,0.164771489733,-0.12883232068,-1.91909261359,0.0366343246662,2.0773251608,0.0527205457583,-0.54276803392,-1.41384538106,-0.0282530600971,-1.94989265657,-0.204497565424,0.491191923594,-0.517708588566,0.573554459474,0.819148316262,0.00347345420231,0.0,0.819122043856,-0.57348732581,-0.0114939681932,0.0,-0.00742342565479,0.00943778132624,-0.999927907919,0.0,0.576069002649,0.148865812331,0.304384996837,1.0,-0.375637142857,-0.493694530612,1.39
0.364990047419,0.145965826696,-0.129130876232,-1.94414785253,0.0340230086663,2.08376341966,0.0457364671706,-0.569012280432,-1.45622835671,-0.0249879465371,-1.94778507727,-0.213369045473,0.479985008535,-0.535070433433,0.573479693096,0.819200367753,0.00354203062494,0.0,0.819175239169,-0.573412698982,-0.0114258951232,0.0,-0.00732919325596,0.00945424463642,-0.999928447532,0.0,0.571158668422,0.142443023055,0.304425658914,1.0,-0.387522857143,-0.509315755102,1.403
