position_joint1,position_joint2,position_joint3,position_joint4,position_joint5,position_joint6,position_joint7,velocity_joint1,velocity_joint2,velocity_joint3,velocity_joint4,velocity_joint5,velocity_joint6,velocity_joint7,ee_T_00,ee_T_10,ee_T_20,ee_T_30,ee_T_01,ee_T_11,ee_T_21,ee_T_31,ee_T_02,ee_T_12,ee_T_22,ee_T_32,ee_T_03,ee_T_13,ee_T_23,ee_T_33,v_x,v_y,time
0.465064107385,0.547822653623,-0.123994533147,-1.35585900835,0.0794759731879,1.89409727608,0.159172334752,0.000625452815657,0.000918300396118,-0.000152858594713,1.01660399046e-05,-0.000206736981735,0.000168175935254,-0.000621944829391,0.573823659513,0.818964994667,0.00186874138752,0.0,0.818921006539,-0.573765634937,-0.0119217497156,0.0,-0.0086914434407,0.00837149480482,-0.999927185792,0.0,0.661674582164,0.260872893605,0.303172496451,1.0,0.0,0.0,0.0
0.465060601933,0.547818067449,-0.12400167532,-1.35585420195,0.0794775282476,1.89409709991,0.15916765929,-0.000434277889513,2.05205720161e-05,-0.00144551511025,0.00063276953708,0.000190373902575,-0.000521156402529,-0.00146535167321,0.573827832824,0.818962054539,0.00187574075872,0.0,0.818918184996,-0.573769804752,-0.0119148788732,0.0,-0.00868175742341,0.00837332855234,-0.999927254583,0.0,0.661678239499,0.260867313754,0.303178256865,1.0,-0.00012,-0.000157714285714,0.007
0.465063080871,0.547815581081,-0.123994778787,-1.35585976096,0.0794776073865,1.89409472221,0.159173975088,-0.000641676041079,-3.62241104417e-05,-0.000841715961647,-0.00105706396835,6.7944266135e-06,-0.000159219963093,-0.00143742830392,0.573826459386,0.818963022919,0.0018730993352,0.0,0.818919073989,-0.573768399208,-0.0119214608424,0.0,-0.00868867768597,0.0083749276823,-0.999927181082,0.0,0.661674320812,0.260872168227,0.303176937794,1.0,-0.00048,-0.000630857142857,0.025
0.46505989236,0.547802762696,-0.12398993071,-1.3558699621,0.0794733320925,1.89409958631,0.159169530631,-0.000900809957231,0.00232820498755,0.00145194408065,0.000307886512304,0.000304958819389,1.63651232432e-05,0.0063918943124,0.573821479527,0.818966499062,0.00187881576691,0.0,0.818922634619,-0.573763405609,-0.0119172057896,0.0,-0.00868196372584,0.00837711470121,-0.999927221079,0.0,0.661673251023,0.260871460818,0.30318141727,1.0,-0.00082,-0.00107771428571,0.042
0.465064192398,0.547729739668,-0.123994944408,-1.35593602197,0.079473463474,1.89411132785,0.159173487956,0.000982227168582,-0.00828492004912,0.00383377856266,-0.0122683162571,0.000173599754785,0.0027794067488,0.000369617546266,0.57382829689,0.81896168041,0.00189700011367,0.0,0.818918025079,-0.573770119178,-0.0119107279855,0.0,-0.00866615467496,0.00838836184326,-0.999927263929,0.0,0.661662405568,0.260865345579,0.303202892035,1.0,-0.00114,-0.00149828571429,0.058
0.465061677388,0.547593253795,-0.123992788213,-1.35610371272,0.0794728529354,1.89414741892,0.159160482169,-0.00111502211393,-0.0102407300963,-0.000552170258129,-0.0123804891547,-0.000873590758907,0.000578984498883,-0.00170112922583,0.573827200749,0.818962421353,0.00190866255483,0.0,0.818918784767,-0.573768845399,-0.0119198534772,0.0,-0.00866694782114,0.00840313756053,-0.999927132993,0.0,0.661634961752,0.260849170415,0.303222826568,1.0,-0.00148,-0.00194514285714,0.075
0.465046716472,0.547453207465,-0.123992191277,-1.35632053928,0.0794699951545,1.89420743607,0.159167135859,-0.00143771154387,-0.00861552018411,0.000343941582687,-0.0156727738403,-0.000265875672058,0.00583914042634,0.00135458043252,0.573855728922,0.818942450524,0.00190052999013,0.0,0.818898585193,-0.573797285273,-0.0119385712636,0.0,-0.00868665110237,0.00840752070559,-0.999926925174,0.0,0.661604837712,0.260819328098,0.303224019003,1.0,-0.00182,-0.002392,0.092
0.465029292264,0.547260353507,-0.123994571621,-1.35653248497,0.0794645344125,1.8943509893,0.159151487951,-9.07165582371e-05,-0.012476279781,-0.0001974302324,-0.0146420954108,0.000355608439393,0.00335137101084,0.000578451804505,0.573869625887,0.818932454257,0.00200866880433,0.0,0.818890032456,-0.573810766618,-0.0118771107124,0.0,-0.00857412071712,0.00846095484312,-0.999927445716,0.0,0.661595373951,0.260792685404,0.303272282165,1.0,-0.00216,-0.00283885714286,0.109
0.465001347702,0.547055813708,-0.123992438758,-1.35677774668,0.079461133353,1.89446456779,0.159130794964,-0.00119574359183,-0.00822711678638,0.000340037975639,-0.0162357971711,-7.01868544506e-05,0.00918723391744,-0.00178854083579,0.573886977247,0.818920122753,0.00207769047998,0.0,0.818878518406,-0.573827756541,-0.0118500978138,0.0,-0.00851221097584,0.00850215660926,-0.99992762518,0.0,0.661574173058,0.260756180126,0.303310209033,1.0,-0.0025,-0.00328571428571,0.126
0.464960781469,0.546814018593,-0.12399244085,-1.35713573631,0.079452760243,1.89461391688,0.159110726858,-0.00554039426666,-0.0172489840211,-0.000536857868598,-0.0227129821216,-0.000194133421137,0.0101579850508,-0.00161000884941,0.573921677366,0.818895715539,0.00211239740723,0.0,0.818854467753,-0.573862218551,-0.0118432116452,0.0,-0.00848629359936,0.0085269861183,-0.999927634046,0.0,0.661539269999,0.26069881311,0.303324026388,1.0,-0.00286,-0.00375885714286,0.144
0.464931198508,0.54657392255,-0.123993176364,-1.35747906111,0.0794465269021,1.89473722371,0.159025711014,-0.00271650134499,-0.0124901515835,-0.000386588353964,-0.0222876166468,-0.000259637377407,0.00817656025744,-0.00931886002447,0.573894296224,0.818914837516,0.00213835429182,0.0,0.818873791669,-0.57383460086,-0.0118452975757,0.0,-0.00847339139704,0.0085491556004,-0.999927554164,0.0,0.661499654098,0.260648582626,0.303341372799,1.0,-0.00316,-0.00415314285714,0.159
0.464891630627,0.546287379043,-0.123993478708,-1.35793472156,0.0794303074118,1.89489934472,0.158939906091,-0.00162800094882,-0.0172191032569,-0.000353629816699,-0.03173491048,0.000453865831044,0.0140019780343,0.000228009839354,0.573877799137,0.818926397334,0.00213876352788,0.0,0.818885242122,-0.57381798849,-0.0118584662422,0.0,-0.00848411339765,0.00855687714396,-0.999927397201,0.0,0.661446257388,0.260580287188,0.303341467195,1.0,-0.0035,-0.0046,0.176
0.464836261718,0.545979921424,-0.123996007519,-1.35844229224,0.0794031507436,1.89507922678,0.158910395832,-0.00306249030269,-0.020525178414,-0.00053141056083,-0.0346292727826,-0.00159426609004,0.0187115966754,-0.00404557142245,0.573921895594,0.818895537806,0.00212198512614,0.0,0.818854133452,-0.573862115634,-0.0118712792132,0.0,-0.00850377442592,0.00855094799308,-0.99992728091,0.0,0.66139023672,0.26049379835,0.303333240432,1.0,-0.00384,-0.00504685714286,0.193
0.464786972745,0.545652979757,-0.123995975737,-1.35899573163,0.0793259130018,1.89525753652,0.158838405786,0.00172507733584,-0.0248133771706,-0.00148679077534,-0.0378706749229,-0.0105421360287,0.0141388978145,-0.00928876843103,0.573913561412,0.818901545005,0.00205682236298,0.0,0.818859644624,-0.573854396977,-0.0118642478878,0.0,-0.00853549870366,0.0084934651135,-0.999927500528,0.0,0.661324461713,0.260399406302,0.303316641322,1.0,-0.00416,-0.00546742857143,0.209
0.464714242948,0.545280417025,-0.123995636043,-1.35966400295,0.0792842331933,1.89547479829,0.158728148269,-0.00679431368034,-0.0251213101926,0.000296979305097,-0.036719141305,-0.000846375094493,0.0186906433932,-0.00323878937828,0.573908727261,0.81890510045,0.00198900250143,0.0,0.818862276222,-0.573849799683,-0.0119049101704,0.0,-0.00860776869814,0.00846121386436,-0.999927154436,0.0,0.66124524654,0.260285062965,0.303281100433,1.0,-0.0045,-0.00591428571429,0.226
0.464651999452,0.544857079144,-0.123997801164,-1.36037414752,0.0792637245609,1.89570904007,0.158675473197,-0.00258433532769,-0.0249734556247,-0.000743936671611,-0.0466881710826,-0.000268101890778,0.00791747009038,-0.00216321308395,0.573952114032,0.818874772802,0.00195554804331,0.0,0.818831275886,-0.573893088275,-0.0119503875237,0.0,-0.00866376216674,0.00846037697054,-0.999926677935,0.0,0.66115771221,0.260176490581,0.303263133378,1.0,-0.00484,-0.00636114285714,0.243
0.464589501973,0.544441795274,-0.123998996883,-1.36105744747,0.0792378016655,1.89595844138,0.158563368359,-0.00276596004683,-0.0224516092142,0.000335147271413,-0.0437400581193,-0.00363843750488,0.0176384167868,-0.0101463101003,0.57394355984,0.818880787943,0.00194734632607,0.0,0.818837034955,-0.57388442419,-0.0119718319147,0.0,-0.00868611866106,0.00846587811297,-0.999926437419,0.0,0.661079228757,0.260071553399,0.30325347827,1.0,-0.00516,-0.00678171428571,0.259
0.464518178354,0.54391708845,-0.124002265386,-1.36191406855,0.0791981930388,1.89626266669,0.158472460908,-0.000682982742218,-0.0311101083684,4.0869562636e-05,-0.0462731138279,-0.000380663170226,0.0215436988172,-0.00498750364141,0.573966961118,0.818864429473,0.00192888291971,0.0,0.818820315285,-0.573907783869,-0.0119955738965,0.0,-0.00871591566159,0.00846463458717,-0.999926188664,0.0,0.660978122294,0.259941953889,0.303243523106,1.0,-0.00552,-0.00725485714286,0.277
0.464439117854,0.543402707427,-0.124008834052,-1.36276290006,0.0791559129687,1.8965451713,0.15836468638,-0.00726937801257,-0.0278795475229,-0.00427548391131,-0.0515843409172,-0.000217305198523,0.0168060112109,-0.00515918245344,0.573983880954,0.818852664672,0.00188808515392,0.0,0.818807914397,-0.573924776641,-0.0120290057711,0.0,-0.00876653336175,0.0084505971838,-0.999925864902,0.0,0.660876988014,0.259804215112,0.303228128974,1.0,-0.00586,-0.00770171428571,0.294
0.46437331774,0.542907113862,-0.124013461132,-1.36353799771,0.0791038039201,1.89682260948,0.158265912983,-0.00695610725668,-0.040193030199,-0.000680545750562,-0.0616749149813,-0.000727656333746,0.0155071955683,-0.00277830728163,0.573989288295,0.818848887663,0.00188228502004,0.0,0.818804114328,-0.573930259153,-0.0120260919719,0.0,-0.00876742050475,0.0084442332683,-0.999925910887,0.0,0.660787882475,0.259682949879,0.303233952722,1.0,-0.00616,-0.008096,0.309
0.464289622336,0.542276496186,-0.12401078983,-1.36451370836,0.0790531139654,1.89717791158,0.158129504737,-0.00214235506853,-0.037039189567,-0.000501664760831,-0.0518188793912,-0.00376326026924,0.0246846059443,-0.00571022647761,0.573984920497,0.818851917012,0.00189629883833,0.0,0.818807219055,-0.573925727543,-0.0120309679186,0.0,-0.00876341517615,0.00845846019416,-0.999925825752,0.0,0.660674398048,0.259537571047,0.303246253916,1.0,-0.00652,-0.00856914285714,0.327
0.464212531841,0.541661001128,-0.12401483313,-1.36547060928,0.078987820252,1.89753266085,0.157998138444,-0.00491193358894,-0.036635395629,-0.00222562780663,-0.0581898355521,-0.00412012521358,0.0255465799769,-0.00996899498046,0.573979012522,0.818856044388,0.00190227631806,0.0,0.818811505649,-0.57391987291,-0.0120185105803,0.0,-0.00874984431211,0.00845614137793,-0.999925964208,0.0,0.660565218376,0.259392306608,0.30325687277,1.0,-0.00686,-0.009016,0.344
0.46413020637,0.54104465124,-0.124016939721,-1.36643016796,0.0789402419835,1.89789022792,0.157875856133,-0.00408898061592,-0.036272087527,-6.49978809672e-05,-0.0633973838228,-0.00163039733171,0.0176006993573,-0.0074003475219,0.573988311202,0.818849486756,0.0019192564537,0.0,0.818805079295,-0.573929009896,-0.012020009227,0.0,-0.00874122972589,0.0084710048227,-0.999925913746,0.0,0.660455775976,0.25924746509,0.303266960421,1.0,-0.00718,-0.00943657142857,0.36
0.464041256031,0.540285493266,-0.124020890911,-1.36756651921,0.0788672749982,1.89830668545,0.157730522686,-0.00302311433057,-0.0406984840212,-0.000632143941071,-0.0678750293801,-0.00626750414787,0.0200412811976,-0.014170365757,0.573989677332,0.818848463666,0.00194698988337,0.0,0.818804475797,-0.573930313152,-0.011998873324,0.0,-0.00870799012944,0.00848159675547,-0.999926113983,0.0,0.660332059924,0.259089831155,0.303297136275,1.0,-0.00752,-0.00988342857143,0.377
0.463949033783,0.53959825823,-0.124015190148,-1.36865321746,0.078802886477,1.89872712942,0.157603713339,-0.00252972361442,-0.0419838107025,0.00158659595241,-0.0699412056105,-0.0108195549833,0.0239020839028,-0.00553254389855,0.573999020571,0.818841863345,0.00196827798521,0.0,0.818798116588,-0.573939528986,-0.0119920073946,0.0,-0.00869005245095,0.00849518636506,-0.999926154672,0.0,0.66020131425,0.258918526473,0.303303520672,1.0,-0.00786,-0.0103302857143,0.394
0.463841512503,0.53883546007,-0.12402111892,-1.36981407667,0.0787460862552,1.89917248043,0.157453422543,-0.00711105731962,-0.0423898314895,3.55585312492e-05,-0.0683613814273,-0.00176382127707,0.0225660863043,-0.010499730755,0.574017208865,0.818829002311,0.00201390220567,0.0,0.818785772575,-0.573957445784,-0.011977310157,0.0,-0.00865164133108,0.00852430073857,-0.999926239979,0.0,0.660074034085,0.258737353668,0.303328699122,1.0,-0.0082,-0.0107771428571,0.411
0.463723612185,0.538052078593,-0.124026165669,-1.37103952446,0.0786700061058,1.89963805043,0.15730839644,-0.0161753032719,-0.0445535016292,0.000425651103496,-0.0727006528141,-0.00512008290516,0.0248344210148,-0.00610215845857,0.574045889222,0.818808855269,0.00203039417924,0.0,0.818765890851,-0.573986103102,-0.0119631236029,0.0,-0.00863025965929,0.00852996365369,-0.999926376459,0.0,0.659939676709,0.258540713842,0.303339241679,1.0,-0.00854,-0.011224,0.428
0.463624858452,0.53728821722,-0.124029864503,-1.37222237534,0.0786081262421,1.90007406133,0.15715222317,-0.00984515572661,-0.0487994576382,-0.000380224548302,-0.0765752503723,-0.00225174663062,0.0218968514094,-0.0128990023309,0.574050078178,0.818805871759,0.00204915052407,0.0,0.81876306872,-0.573990130994,-0.0119630148393,0.0,-0.00861936056603,0.00854530289867,-0.999926339498,0.0,0.659802470478,0.258362596605,0.303353550056,1.0,-0.00886,-0.0116445714286,0.444
0.463506077357,0.536450992419,-0.124033892296,-1.3735297591,0.0785242011479,1.90057845154,0.156988424146,-0.00614481335212,-0.0458446013641,0.00133701533747,-0.0765289618986,-0.00633880561843,0.0375258458431,-0.0105765924804,0.574065639492,0.818794901224,0.00207320639375,0.0,0.818752492379,-0.574005670745,-0.011941234323,0.0,-0.00858755488842,0.00855265988527,-0.999926550258,0.0,0.65965816982,0.258158343674,0.303366155256,1.0,-0.0092,-0.0120914285714,0.461
0.463389783244,0.53558670193,-0.124044728811,-1.37489099785,0.0784515859454,1.90107613275,0.156830390096,-0.00798433248754,-0.0503395125381,-0.00162049877769,-0.0787343241298,-0.000970043138064,0.0365539649265,-0.00528584921938,0.574094399611,0.818774729614,0.00207590499179,0.0,0.818732299425,-0.574034359838,-0.0119466524782,0.0,-0.0085901417464,0.00855828152256,-0.999926479938,0.0,0.659500713349,0.257947130614,0.303371735375,1.0,-0.00954,-0.0125382857143,0.478
0.463277288351,0.534685557758,-0.124046078557,-1.37633910535,0.0783724875075,1.90160090379,0.156665757799,-0.00968272029908,-0.0527694677834,-0.000241814737686,-0.0870790068414,-0.00423651174029,0.0321868065679,-0.00948697366909,0.574106455251,0.818766312483,0.0020616699118,0.0,0.818723564503,-0.574046341505,-0.0119695293856,0.0,-0.00861691926938,0.00855988662997,-0.999926235801,0.0,0.659316632467,0.257721253075,0.303365072214,1.0,-0.0099,-0.0130114285714,0.496
0.4631550892,0.533832879734,-0.124049026402,-1.37774690876,0.0782824904658,1.90210138772,0.156473283879,-0.0060855258655,-0.0545673845581,-0.000650295561536,-0.0826433709117,-0.00306334012558,0.0347263416973,-0.0209115272032,0.574108276776,0.818765164719,0.00200959708467,0.0,0.818721768787,-0.574048412084,-0.0119930312886,0.0,-0.00866603707116,0.00853076364975,-0.999926060203,0.0,0.659158278056,0.257516127826,0.303338706067,1.0,-0.0102,-0.0134057142857,0.511
0.463019903162,0.532847999437,-0.124045783227,-1.37934045016,0.0782044838882,1.90272065745,0.156277734547,-0.00810231210952,-0.0578931506122,0.000531285297077,-0.0909778946176,-0.0131580845059,0.036715736106,-0.0107691143858,0.574123052182,0.818754762069,0.00202668292641,0.0,0.818711424159,-0.574062950943,-0.0120032998465,0.0,-0.00866448214667,0.00855080423864,-0.999925902503,0.0,0.658975082796,0.257282061511,0.303328353542,1.0,-0.01056,-0.0138788571429,0.529
0.46288385534,0.531860574684,-0.124049274683,-1.38089517175,0.0781054250505,1.9032885956,0.156081726749,-0.0128065433505,-0.0640831600303,-0.000815480162148,-0.0972212374095,-0.0124684415528,0.0363037819192,-0.0108684183746,0.574134578361,0.818746688268,0.00202318592152,0.0,0.818703336625,-0.574074521924,-0.0120015322918,0.0,-0.00866492215401,0.00854704830377,-0.999925930802,0.0,0.658793240907,0.257041326645,0.303333761256,1.0,-0.0109,-0.0143257142857,0.546
0.462769570269,0.530980229186,-0.124044272502,-1.38232235928,0.0780222729981,1.90379180274,0.155897150947,-0.0121474094743,-0.0575519910435,-0.000289677582991,-0.095380146694,-0.00321055652358,0.0288159167276,-0.00887268931875,0.574128767408,0.818750847478,0.00198874083311,0.0,0.818706930617,-0.574068744504,-0.0120326740782,0.0,-0.00871025584519,0.00853666459768,-0.999925625635,0.0,0.658616598948,0.256831802463,0.303318344367,1.0,-0.0112,-0.01472,0.561
0.462627860561,0.529879663359,-0.124052474376,-1.3840674386,0.0779220405137,1.90441611541,0.155673831084,-0.00423630771397,-0.0578073412279,-0.000937925141393,-0.0980631808199,-0.00154127886107,0.0407964414113,-0.0100205289406,0.574135533341,0.818746142311,0.00197248793528,0.0,0.818701946852,-0.574075514451,-0.0120487687736,0.0,-0.00873269405821,0.00853267027903,-0.999925464018,0.0,0.658406268397,0.256567175604,0.303317494434,1.0,-0.01156,-0.0151931428571,0.579
0.462481108751,0.528812972267,-0.124049972025,-1.38573512967,0.0778154308679,1.90504120296,0.155435975178,-0.013182195557,-0.0682150771448,0.000523036142439,-0.099017168963,-0.00100526665708,0.0407548532543,-0.0179551814771,0.57412098015,0.818756305169,0.00198992452402,0.0,0.818712363312,-0.574060913508,-0.0120366375722,0.0,-0.00871290276556,0.00853982638864,-0.999925575576,0.0,0.658211995389,0.256313244747,0.303329048152,1.0,-0.0119,-0.01564,0.596
0.462355172056,0.527770558315,-0.124052346891,-1.38734399556,0.0777035407715,1.90566622221,0.155216076651,-0.00847563522803,-0.0634359552226,5.79271511347e-05,-0.0989266545423,-0.00702471915272,0.0357997554234,-0.00807138894518,0.574102809701,0.818768947806,0.00203000071485,0.0,0.818725694108,-0.574042737392,-0.0119966810317,0.0,-0.00865736941939,0.00854950663616,-0.999925975206,0.0,0.658026443157,0.256076009464,0.303351386087,1.0,-0.01222,-0.0160605714286,0.612
0.462202412395,0.526605161699,-0.124055418613,-1.38913472533,0.077598909033,1.90634849268,0.154970074131,-0.00789288097464,-0.0664742065033,-0.000591697422832,-0.106008893258,-0.00591688983786,0.0421379996287,-0.0111185506671,0.574097296593,0.818772689876,0.00207924512686,0.0,0.818730064204,-0.574037004486,-0.0119727336136,0.0,-0.00860954942223,0.00857601961152,-0.999926161047,0.0,0.657819074436,0.255805820272,0.303378467378,1.0,-0.01256,-0.0165074285714,0.629
0.46203957057,0.525358069347,-0.124061565646,-1.39106878334,0.0774776301562,1.90704979814,0.154707382524,-0.0109082699374,-0.0673016415884,-0.00147899194351,-0.10449555873,-0.00299014085242,0.0390228272974,-0.0205463288888,0.574091291364,0.818776877543,0.00208827263764,0.0,0.818734387647,-0.574030980494,-0.0119659023027,0.0,-0.00859883648893,0.00857942610506,-0.999926224008,0.0,0.657587611287,0.255509936087,0.303396220878,1.0,-0.01292,-0.0169805714286,0.647
0.46190283157,0.524319864411,-0.12407304262,-1.39272792773,0.077366623914,1.90763586952,0.154477024066,-0.0074020424184,-0.0654707287593,-0.00152558463364,-0.112927181212,-0.0115480371121,0.0392914440283,-0.0234026110675,0.574081832177,0.818783605455,0.00205043986503,0.0,0.818740700822,-0.574021758259,-0.0119763418486,0.0,-0.00862920140133,0.00855434354096,-0.99992617732,0.0,0.657385620498,0.255251896245,0.303387801272,1.0,-0.01322,-0.0173748571429,0.662
0.461751403778,0.523123841638,-0.124072293781,-1.39464325986,0.0772485014663,1.90835584785,0.154218288747,-0.00263049925897,-0.0728858819635,0.00039680021422,-0.110904631336,-0.0045272627006,0.0397975205328,-0.0134525484348,0.574064443096,0.818795802277,0.00204847424646,0.0,0.818752866001,-0.574004373621,-0.0119779122059,0.0,-0.00863179724635,0.00855345234061,-0.999926162539,0.0,0.657155085691,0.25497091387,0.303379370837,1.0,-0.01356,-0.0178217142857,0.679
0.461573592673,0.521815655785,-0.124077727574,-1.39671353054,0.077131534336,1.9091632097,0.15395062024,-0.0103723147317,-0.0686933321124,-0.00178099744864,-0.116165646962,-0.0112621312799,0.051268628275,-0.01547839713,0.574074305193,0.81878878859,0.00208774945251,0.0,0.818746338391,-0.574014045035,-0.0119606176867,0.0,-0.00859498763833,0.00857578561831,-0.999926288328,0.0,0.656915862383,0.254658194927,0.303383463994,1.0,-0.01392,-0.0182948571429,0.697
0.461405490803,0.520639073736,-0.124081530251,-1.39860508816,0.0770087591537,1.90987270538,0.153691069159,-0.00788846361374,-0.0723910431247,0.00224207031827,-0.119356930527,-0.00875838282513,0.0370642570704,-0.0194837060312,0.574070010914,0.818791828795,0.00207619104107,0.0,0.818749294627,-0.574009865716,-0.0119588255827,0.0,-0.00860020010896,0.00856524799076,-0.999926333829,0.0,0.656692546364,0.254364804216,0.303371256589,1.0,-0.01424,-0.0187154285714,0.713
0.46124058456,0.519312154242,-0.124083710759,-1.40066462018,0.0768787936903,1.91060366004,0.153422975712,-0.0116476084773,-0.0815710478278,0.000577097947145,-0.121017440672,-0.00195806451452,0.0418117523804,-0.00352290428241,0.574061337377,0.818797918585,0.00207276412991,0.0,0.818755315501,-0.574001183357,-0.0119633500731,0.0,-0.00860596276724,0.00856494829341,-0.999926286816,0.0,0.656436342771,0.254056872127,0.303386088668,1.0,-0.01458,-0.0191622857143,0.73
0.461062450573,0.517958684361,-0.124087623008,-1.4027708373,0.0767365865908,1.91135917609,0.153121978226,-0.0101171284646,-0.0816640457774,0.000505115268554,-0.12290512041,-0.00493993633562,0.0444974077494,-0.0252995251287,0.574036621892,0.818815259557,0.00206744857043,0.0,0.818772661936,-0.573976567412,-0.0119572165992,0.0,-0.00860425003798,0.00855681533849,-0.999926371186,0.0,0.656178372936,0.253733805841,0.303399103754,1.0,-0.01492,-0.0196091428571,0.747
0.460898808756,0.516705654127,-0.124091429683,-1.40478553455,0.0766116682389,1.91209922557,0.152846332247,-0.00768744391245,-0.0737996069453,0.000693125439404,-0.119474484395,-0.0024520048411,0.0471936359729,-0.0111535203387,0.574020527734,0.818826596527,0.0020458402958,0.0,0.818783706485,-0.573960554599,-0.0119695722284,0.0,-0.00862693855417,0.00854604540543,-0.999926267801,0.0,0.655930959322,0.253431612486,0.303383546984,1.0,-0.01524,-0.0200297142857,0.763
0.460707495023,0.515244386258,-0.12409794962,-1.40709429712,0.0764618204919,1.91297492007,0.152535971719,-0.00759027706942,-0.0864664121307,0.000915792452592,-0.131335958382,-0.00505678591595,0.0457392496739,-0.0132728485041,0.57400915232,0.818834531865,0.00206140231453,0.0,0.818791947601,-0.573949217966,-0.0119494201176,0.0,-0.00860162318964,0.00854710068652,-0.999926476871,0.0,0.655654580147,0.253082736864,0.303385480198,1.0,-0.0156,-0.0205028571429,0.781
0.4605163413,0.513842922192,-0.124100411271,-1.40935290033,0.0763278003181,1.91376384401,0.152226444028,-0.00988508229894,-0.0841059672963,-0.000410004570349,-0.1359853231,-0.00364085581775,0.0409761801015,-0.0199260747446,0.573996388825,0.818843618127,0.00200538511922,0.0,0.818800164519,-0.573936553224,-0.0119945970973,0.0,-0.00867090240366,0.00852702925655,-0.999926049877,0.0,0.655368458785,0.252738290563,0.303361295678,1.0,-0.01594,-0.0209497142857,0.798
0.460352216918,0.512610552158,-0.124100037348,-1.41136491291,0.0762093614142,1.91446309859,0.151940402224,-0.0130606185373,-0.0835704975739,0.00118150276324,-0.137919139748,-0.00794914740808,0.0421313832649,-0.0212498212048,0.573969664367,0.818862508804,0.00193983568755,0.0,0.818818042152,-0.57390995848,-0.0120465889158,0.0,-0.00875137749433,0.00850291276394,-0.999925554162,0.0,0.655109507594,0.252436748467,0.303327751078,1.0,-0.01624,-0.021344,0.813
0.460145155484,0.511076107918,-0.12410733356,-1.4138062402,0.0760643491976,1.91538600266,0.15159613834,-0.00703586780709,-0.0881979832312,-0.000858664901291,-0.13970848183,-0.0135895324501,0.0510823816813,-0.0184688401506,0.573951252624,0.818875384678,0.00195214780231,0.0,0.818831055047,-0.573891472754,-0.0120427443917,0.0,-0.00874135426716,0.00851059132846,-0.999925576511,0.0,0.65481412166,0.252066492203,0.303320631319,1.0,-0.0166,-0.0218171428571,0.831
0.459938153426,0.509594745156,-0.124111686128,-1.41615869717,0.0759147726619,1.91626702143,0.151267374921,-0.00905159393841,-0.0901603517592,-0.00310943181691,-0.141424637466,-0.00653306890583,0.0414136286119,-0.0178549332684,0.573936914328,0.818885427462,0.00195498435684,0.0,0.818841175743,-0.573877163836,-0.0120364710727,0.0,-0.00873473805222,0.00850916058389,-0.999925646504,0.0,0.654528733923,0.251704372846,0.303314383489,1.0,-0.01694,-0.022264,0.848
0.459730445204,0.508080257494,-0.124112127667,-1.41854304708,0.0757628979326,1.91711194901,0.150923498744,-0.0125850379072,-0.0895598542961,0.0010502265432,-0.143187474393,-0.00820413038066,0.0490046278372,-0.0224597982223,0.573908245289,0.818905575651,0.00193159478103,0.0,0.818860969795,-0.57384855213,-0.0120539730482,0.0,-0.00876279158045,0.00849974574296,-0.999925481126,0.0,0.654227816606,0.251338057259,0.303312348977,1.0,-0.01728,-0.0227108571429,0.865
0.459513962027,0.506548354975,-0.124115973374,-1.42096362998,0.075613787018,1.91799808105,0.150599807677,-0.0140833008627,-0.0937462083017,0.000164690636046,-0.145619000986,-0.00799878643945,0.0564683814113,-0.0193608776563,0.57390819583,0.818905619805,0.00192756641379,0.0,0.818860924777,-0.573848484732,-0.0120602381822,0.0,-0.00877023461203,0.00850004200474,-0.999925413354,0.0,0.65392875051,0.250963222374,0.303308425458,1.0,-0.01762,-0.0231577142857,0.882
0.459283102016,0.504838518314,-0.124124785295,-1.42356866812,0.0754480487157,1.91901302261,0.150242295577,-0.0110321494327,-0.0964895334225,-0.00100828923482,-0.14919673958,-0.00637324943619,0.0582903367861,-0.016910319404,0.573900608671,0.818910708157,0.00202245742039,0.0,0.818867385552,-0.573840622615,-0.0119954831831,0.0,-0.00866282818909,0.00854050395146,-0.999926004862,0.0,0.65362045574,0.250562609832,0.303351719696,1.0,-0.01798,-0.0236308571429,0.9
0.459105576514,0.5034760553,-0.124124835627,-1.425597867,0.0753147672815,1.91977313465,0.149951992767,-0.0105186583706,-0.095277191505,-0.000636761327011,-0.148473287096,-0.00812843609372,0.0553208415339,-0.0171129087594,0.573876443186,0.818927452675,0.00209812100492,0.0,0.818885182948,-0.573816210125,-0.0119482654468,0.0,-0.00858099195346,0.0085751133773,-0.999926414296,0.0,0.6533723106,0.250253826947,0.303403414082,1.0,-0.01826,-0.0239988571429,0.914
0.458859263676,0.501676703832,-0.124126602515,-1.42826628863,0.0751461107336,1.92075422533,0.149588766456,-0.00996532854996,-0.089881310775,0.000535320050975,-0.146169521319,-0.00346665184053,0.0576597888086,-0.0193753090607,0.573872853781,0.81892972047,0.00219260704282,0.0,0.81888869279,-0.573812247729,-0.0118979022641,0.0,-0.00848556437311,0.00862355027147,-0.999926812111,0.0,0.653044658234,0.249838399739,0.303474558089,1.0,-0.01862,-0.024472,0.932
0.458608423167,0.49985248041,-0.124131232597,-1.43102626332,0.0749701917065,1.92172714701,0.149190317855,-0.00828034246192,-0.101058970009,0.00363004218968,-0.148593463811,-0.00544727679223,0.0528784452842,-0.027052219511,0.573848108532,0.818946977815,0.00222323263164,0.0,0.818906311902,-0.573787345347,-0.0118861915099,0.0,-0.0084586607204,0.0086416541291,-0.999926883763,0.0,0.652694831766,0.249406282547,0.303518158292,1.0,-0.01898,-0.0249451428571,0.95
0.458373470898,0.498271172105,-0.124131943863,-1.43350078758,0.074813673858,1.92266025946,0.148832427638,-0.0111413664118,-0.0987696939047,-0.00583301388821,-0.152872454831,-0.012321167577,0.0602402116944,-0.0165444052347,0.573831540185,0.818958504329,0.00225356967036,0.0,0.818918251892,-0.573770677734,-0.01186815035,0.0,-0.00842665270185,0.00865597498377,-0.999927030148,0.0,0.652392466097,0.249017925606,0.303524060372,1.0,-0.0193,-0.0253657142857,0.966
0.458107954322,0.496598726966,-0.12412668831,-1.43616668013,0.0746531344218,1.92360988047,0.148437381625,-0.0132069997376,-0.100631503773,-0.000101299496491,-0.153684855295,-0.0059607906073,0.0509853189366,-0.0128469446636,0.573813247224,0.818971412658,0.00222023892852,0.0,0.818930554224,-0.573752343625,-0.0119055635533,0.0,-0.00847661211415,0.0086499581173,-0.999926659946,0.0,0.652054848129,0.248592306365,0.303503125377,1.0,-0.01964,-0.0258125714286,0.983
0.457824918313,0.494798299812,-0.124132282964,-1.43907401723,0.0744716562962,1.92460882037,0.148022149899,-0.0174957851157,-0.102096320473,0.000384682959123,-0.162638363034,-0.00660844320968,0.0534620433319,-0.0214840838248,0.573806227595,0.818976576788,0.00212761539328,0.0,0.818934366874,-0.573745556334,-0.0119702230843,0.0,-0.00858278769275,0.00861113170749,-0.999926089352,0.0,0.65167851703,0.248122184793,0.303460419132,1.0,-0.01998,-0.0262594285714,1.001
0.457594475525,0.493297051212,-0.124158537187,-1.4414644711,0.0743267132211,1.92548121314,0.147697725926,-0.011863224316,-0.116763046093,-0.00377212207654,-0.184411858169,-0.0105394323801,0.0709284050032,-0.0224505343698,0.573829195771,0.818960534262,0.00210815160054,0.0,0.818918096505,-0.57376862839,-0.0119774452151,0.0,-0.00859962924969,0.00859957681953,-0.999926044093,0.0,0.65138282762,0.247728867886,0.303444379889,1.0,-0.02498,-0.0328308571429,1.015
0.457263615081,0.490809901235,-0.124209147683,-1.44533022388,0.0741043155138,1.92693428251,0.147136261311,-0.0198224149677,-0.14953100669,-0.000534866442173,-0.229368387305,-0.00867624246758,0.0788523501023,-0.0361222807673,0.573810682013,0.818973349568,0.00216813436424,0.0,0.818931735683,-0.573749911877,-0.0119414326498,0.0,-0.00853591253816,0.00862784176376,-0.999926346559,0.0,0.650903426012,0.247120902172,0.303462457142,1.0,-0.0314085714286,-0.0412798367347,1.033
0.456818904839,0.487988509872,-0.124224967686,-1.44987243559,0.0738447534426,1.92857442995,0.146461260495,-0.027622371315,-0.188831589486,-0.00405050297348,-0.288282861809,-0.015071350318,0.105031490815,-0.0451971311279,0.573783535486,0.818992499878,0.00211812409838,0.0,0.8189499084,-0.573722648333,-0.0120048833009,0.0,-0.00861685951935,0.00862300793944,-0.999925693972,0.0,0.650288791367,0.246344472932,0.30340799737,1.0,-0.0378371428571,-0.0497288163265,1.051
0.456329021916,0.484799515922,-0.124300026372,-1.45480711846,0.0735461149173,1.93045656406,0.14571956475,-0.0351403697655,-0.203502573943,-0.00356254440237,-0.32384055374,-0.0176037797102,0.125699195452,-0.0522969064084,0.573801402473,0.818979742344,0.00220885760226,0.0,0.818938620753,-0.573740429109,-0.0119248625431,0.0,-0.00849907357795,0.00865158821963,-0.99992645518,0.0,0.649730551039,0.245564857992,0.303436126857,1.0,-0.0431942857143,-0.0567696326531,1.066
0.455711258018,0.480922842301,-0.124383230505,-1.46090147822,0.0731812247989,1.932563737,0.144797613174,-0.0383420466715,-0.242020899333,-0.0101172224975,-0.373654354858,-0.019230667571,0.130270700735,-0.0533800371919,0.573812138103,0.818972479511,0.0021106564062,0.0,0.818929952249,-0.573751440261,-0.0119902046957,0.0,-0.00860882126303,0.00860877048819,-0.999925885887,0.0,0.648946511731,0.244528615058,0.30340978416,1.0,-0.0492657142857,-0.0647492244898,1.083
0.454998585149,0.476512942787,-0.124463040943,-1.46772973924,0.0727622853818,1.93500487613,0.143790959996,-0.0446597101994,-0.266659125069,-0.00425228057381,-0.415776389378,-0.0297563546091,0.142169754979,-0.0649863388783,0.573847276697,0.818947831671,0.00212106802654,0.0,0.818905456763,-0.573786547614,-0.0119832199942,0.0,-0.0085967572447,0.00861365818044,-0.999925947587,0.0,0.64808060141,0.243367637837,0.303428409423,1.0,-0.0553371428571,-0.0727288163265,1.1
0.454235100321,0.471921383602,-0.124514549063,-1.47482986038,0.0723435440048,1.93758532499,0.142764647611,-0.0473786531863,-0.296686145618,-0.000575287027154,-0.457659544116,-0.0285720698713,0.166719301366,-0.0745599582529,0.573897911891,0.818912172683,0.00218793500574,0.0,0.818870450203,-0.573836678421,-0.0119749398493,0.0,-0.00855107128803,0.00866419511028,-0.999925902706,0.0,0.647177622154,0.242171035898,0.303449869102,1.0,-0.0610514285714,-0.0802390204082,1.116
0.453338356437,0.466512715499,-0.124549612131,-1.48295612819,0.0718376909094,1.94062742219,0.141453070615,-0.0566677264669,-0.328884917077,-0.0010742432961,-0.490131078649,-0.0360555013246,0.188118114671,-0.0827035254751,0.573833037305,0.818956853002,0.00246274639367,0.0,0.818918753462,-0.57377076942,-0.0118290442814,0.0,-0.00827458429691,0.00880485513593,-0.999927000226,0.0,0.646156634858,0.24080583614,0.303580673318,1.0,-0.0671228571429,-0.0882186122449,1.133
0.452278091217,0.460335234389,-0.124583754351,-1.49254426674,0.0712223100898,1.9439320258,0.140010524947,-0.0618153526969,-0.349848476418,0.00102104624854,-0.55051803752,-0.026385366386,0.189477483071,-0.0780224560438,0.573825721203,0.818962247091,0.00237200881723,0.0,0.81892260172,-0.573763421935,-0.011918680441,0.0,-0.00840013914919,0.00878190611065,-0.999926155167,0.0,0.6448741916,0.239176288449,0.30356131818,1.0,-0.0735514285714,-0.0966675918367,1.151
0.451050772738,0.453232996908,-0.124685669783,-1.50348884859,0.0704762651062,1.94771543391,0.138310062195,-0.0664425335497,-0.383644538296,-0.00271830448683,-0.576125085787,-0.0399948580982,0.21569390043,-0.0968405382274,0.573811880102,0.818972187203,0.00228686296481,0.0,0.818931642354,-0.573750140453,-0.0119368497573,0.0,-0.00846402296547,0.0087224585797,-0.999926136788,0.0,0.643414016552,0.237265995208,0.303565699177,1.0,-0.0803371428571,-0.105585959184,1.17
0.45005736196,0.447547637497,-0.124726363111,-1.51186477549,0.0699055552017,1.95092415778,0.136992104354,-0.0728616542523,-0.408613904025,-0.00113694006206,-0.607042784735,-0.0400910780011,0.224145110667,-0.095081028439,0.57380016195,0.818979141379,0.00269945046257,0.0,0.818944532529,-0.573737490312,-0.0116572618227,0.0,-0.00799843233935,0.00889981026783,-0.999928406666,0.0,0.642356273079,0.235816937701,0.303757333373,1.0,-0.0853371428571,-0.112157387755,1.184
0.448751373718,0.440395498008,-0.124744610281,-1.52292733649,0.0691791693349,1.95469494563,0.135266844876,-0.0754969689725,-0.428607316194,5.36922107313e-05,-0.668626040587,-0.0476844169435,0.219443374265,-0.103515912553,0.573764235344,0.81900468192,0.00258459573122,0.0,0.818968049415,-0.573701393807,-0.0117809882091,0.0,-0.00816605554934,0.00887638191376,-0.999927260045,0.0,0.640826199069,0.233901423532,0.303714641577,1.0,-0.0914085714286,-0.120136979592,1.201
0.44743198728,0.433150824757,-0.124778235949,-1.53384266055,0.068446830634,1.95851938626,0.133492909049,-0.0812705089688,-0.469829852469,-0.000185966779509,-0.687316070058,-0.0432813830991,0.254665832776,-0.110521512991,0.573693145223,0.819054079819,0.00270857088085,0.0,0.819018922154,-0.573629713437,-0.0117347312428,0.0,-0.00805781789977,0.00895067800674,-0.999927475837,0.0,0.639332297154,0.231993209553,0.303797091314,1.0,-0.0971228571428,-0.127647183673,1.217
0.445892151386,0.425183254606,-0.124808863202,-1.54605971795,0.0675771364876,1.96278156347,0.131491725446,-0.0950812434676,-0.481681074221,-0.00558332207238,-0.724043551187,-0.0535459906916,0.250117418227,-0.119348219253,0.573620772546,0.819104842341,0.00268578830209,0.0,0.819069485962,-0.573557539328,-0.0117334200871,0.0,-0.00807060246497,0.00893055267978,-0.999927552678,0.0,0.637643088104,0.229815884764,0.303777302696,1.0,-0.103194285714,-0.13562677551,1.234
0.44421343718,0.416756306104,-0.124921665515,-1.55887494946,0.0666409800653,1.96713740171,0.12940798803,-0.101427186706,-0.506548503604,-0.00749508753562,-0.753523597141,-0.0558069270108,0.259817751086,-0.116112567094,0.57364870878,0.819085541638,0.00260409215595,0.0,0.819049508021,-0.573586187463,-0.0117275685236,0.0,-0.00811236671294,0.00886055553303,-0.999927837427,0.0,0.635853861593,0.227440260279,0.303778839369,1.0,-0.109265714286,-0.143606367347,1.251
0.442513171011,0.408450171076,-0.124986765929,-1.57144062481,0.0658041390378,1.97152251184,0.127291571707,-0.110502056587,-0.521825522257,-0.00280716504817,-0.778644281828,-0.0493839586485,0.266954077745,-0.138702242859,0.573640977175,0.819090611759,0.00271033875829,0.0,0.819055648745,-0.573577736632,-0.0117120109278,0.0,-0.00803876299638,0.00893857975865,-0.99992773743,0.0,0.634093378074,0.225130235471,0.303801348426,1.0,-0.11498,-0.151116571429,1.267
0.440400508042,0.398650841852,-0.125111541416,-1.58621763029,0.0647945873052,1.97649568145,0.124814820883,-0.120436299769,-0.56255304242,-0.00858585660642,-0.792069417342,-0.0517974936213,0.291688980183,-0.134764532324,0.573755960815,0.819010034171,0.00272181169389,0.0,0.818974899154,-0.573692307484,-0.011747246079,0.0,-0.00805978515717,0.00896932060569,-0.999927292932,0.0,0.631870923509,0.222145365177,0.303825974291,1.0,-0.121765714286,-0.160034938775,1.286
0.438160334729,0.388458760057,-0.125233221099,-1.60154515208,0.0636108895309,1.98175031706,0.122210787466,-0.1272052041,-0.576068513833,-0.00403540939888,-0.890032267905,-0.0643192196566,0.29283193069,-0.140476989369,0.573798470444,0.818980276339,0.0027146245146,0.0,0.818945824253,-0.573735701837,-0.0116545389006,0.0,-0.00798751427274,0.00891065856336,-0.999928397326,0.0,0.629794978898,0.219351262958,0.303825187887,1.0,-0.127837142857,-0.168014530612,1.303
0.435897815952,0.378374629774,-0.125313089538,-1.61649797521,0.0625025830742,1.9867056897,0.11949825382,-0.138048923343,-0.599944051791,-0.00184122713371,-0.873393522524,-0.0578316909817,0.301989046942,-0.154012088444,0.573738258322,0.81902231107,0.00275895054281,0.0,0.818988378555,-0.573675283058,-0.0116383977307,0.0,-0.00794951872586,0.00893711454241,-0.999928464009,0.0,0.627590856129,0.216451891299,0.303890233602,1.0,-0.133908571429,-0.175994122449,1.32
0.433600772535,0.368669117699,-0.125408794984,-1.63109420025,0.0614069627179,1.99153271011,0.116927881515,-0.144796694054,-0.609150972521,-0.00589562552017,-0.922322768281,-0.0626092735558,0.300617483067,-0.155633666915,0.573807392385,0.818974180793,0.00266730938772,0.0,0.818939017739,-0.573744680117,-0.0116907725587,0.0,-0.00804424118421,0.00889278666053,-0.99992810168,0.0,0.62541704989,0.213563627641,0.303837866855,1.0,-0.139622857143,-0.183504326531,1.336
0.43117358996,0.358540210365,-0.125535219809,-1.64596232468,0.0602292403599,1.99648267501,0.114227316561,-0.153802844922,-0.638748220622,-0.00731294223816,-0.941644998897,-0.077454651338,0.304265768214,-0.176956683594,0.573865117107,0.818933373852,0.00277551084181,0.0,0.818900243575,-0.573802732794,-0.0115568945823,0.0,-0.00787188252377,0.00890513661877,-0.999929363509,0.0,0.623202194262,0.21055890818,0.303922422034,1.0,-0.145337142857,-0.191014530612,1.352
0.428571932326,0.348232223949,-0.125633416296,-1.66140368826,0.0591148052097,2.00134829167,0.111308609278,-0.164093989775,-0.647772177568,-0.00423267662338,-0.950754517184,-0.0773983695076,0.309286116767,-0.188249389926,0.573889915283,0.818916686953,0.00256356537395,0.0,0.818879785217,-0.573827139905,-0.0117922759464,0.0,-0.00818600576914,0.00886689082181,-0.999927181127,0.0,0.620802269227,0.207420202614,0.303820396928,1.0,-0.151051428571,-0.198524734694,1.368
0.425666785849,0.336827809581,-0.125740253691,-1.67799625286,0.0578248209255,2.00681924453,0.108164545913,-0.175951774821,-0.656254917848,-0.000642663778317,-0.981868344987,-0.0770181713151,0.308692832992,-0.190861306856,0.573948313274,0.818875113206,0.00276216623518,0.0,0.818840962001,-0.573885007297,-0.0116715144578,0.0,-0.00797250042819,0.00896079341665,-0.999928069122,0.0,0.618258211538,0.204001570475,0.303913980019,1.0,-0.157122857143,-0.206504326531,1.385
0.422661503462,0.325057933132,-0.125762140353,-1.69512407382,0.0563831381068,2.0122837902,0.104815881367,-0.181693092937,-0.692907503212,0.00265460534521,-1.00678351767,-0.0877243982727,0.33519327929,-0.200172819784,0.573797048658,0.818981045295,0.00278231925984,0.0,0.818947478453,-0.573734057057,-0.0116192172087,0.0,-0.00791975981805,0.0089458181189,-0.999928622324,0.0,0.61552939849,0.200515173361,0.303955730675,1.0,-0.163194285714,-0.214483918367,1.402
