position_joint1,position_joint2,position_joint3,position_joint4,position_joint5,position_joint6,position_joint7,velocity_joint1,velocity_joint2,velocity_joint3,velocity_joint4,velocity_joint5,velocity_joint6,velocity_joint7,ee_T_00,ee_T_10,ee_T_20,ee_T_30,ee_T_01,ee_T_11,ee_T_21,ee_T_31,ee_T_02,ee_T_12,ee_T_22,ee_T_32,ee_T_03,ee_T_13,ee_T_23,ee_T_33,v_x,v_y,time
0.465090381496,0.547667002582,-0.124024850803,-1.35580762212,0.0795185261055,1.89415785774,0.159129377086,0.000159702157447,0.00110119024524,0.000681463543426,0.000631648083942,-0.000246247773004,0.00024477972228,0.0013555956162,0.573800239918,0.818980816165,0.00211052726359,0.0,0.818939901991,-0.573741163191,-0.0118009105209,0.0,-0.00845398572812,0.00849992392839,-0.999928138127,0.0,0.661701499794,0.260887067537,0.303312830466,1.0,-0.0,-0.0,0.001
0.465088562189,0.547664956124,-0.124027819972,-1.35580261082,0.0795224904317,1.89415633606,0.159133711196,0.000451443263407,-0.000548980134234,-0.00112594293267,-0.000230039743595,3.29982602859e-05,5.84832389542e-05,0.000994855806905,0.573804632844,0.818977714586,0.00211972625699,0.0,0.8189368789,-0.573745478098,-0.0118009169473,0.0,-0.00844866729982,0.00850750661708,-0.999928118593,0.0,0.661702153406,0.260890184387,0.30331737299,1.0,-0.00016,-0.000210285714286,0.009
0.465091694394,0.547666197054,-0.124025114846,-1.35581038946,0.0795198611019,1.89415785903,0.159128916573,0.00151946212326,-0.000794348822209,0.000747701997108,0.000250438847874,0.000227757236087,0.000692509903809,-0.000284981931174,0.573795992989,0.818983785963,0.00211273776457,0.0,0.818942862394,-0.573736869748,-0.0118042079734,0.0,-0.00845546217857,0.00850358246828,-0.999928094537,0.0,0.661699349562,0.260892558728,0.303312829206,1.0,-0.00036,-0.000473142857143,0.019
0.465083306714,0.547657939763,-0.124028642534,-1.35581608288,0.0795198493464,1.89415627398,0.159123503977,-0.00134945802164,-0.000759591320621,-0.00131325162227,-0.00159545097327,0.000144457936128,-0.000454965502903,-0.00100331343158,0.573801176599,0.818980152957,0.00211321973071,0.0,0.818939245838,-0.573742061071,-0.0118027914275,0.0,-0.00845397164999,0.00850321789412,-0.99992811024,0.0,0.661700945692,0.260884290149,0.303315947919,1.0,-0.00066,-0.000867428571429,0.034
0.465085372589,0.547603056001,-0.124028036974,-1.35586102626,0.0795203037924,1.89416096743,0.159129299827,0.000426958970223,-0.00646490008026,0.000322236633182,-0.00646363590915,-0.00011540313516,-0.000760320021488,0.000367027401436,0.5738063164,0.818976511852,0.00212866035035,0.0,0.818935760275,-0.573747094125,-0.0117999757166,0.0,-0.00844275281107,0.0085143006086,-0.999928110721,0.0,0.661692327051,0.260881787993,0.303333824563,1.0,-0.00102,-0.00134057142857,0.052
0.465081244207,0.547483852971,-0.124022503704,-1.3559948587,0.0795176167597,1.89419525445,0.159130808811,-0.00126015851106,-0.00801390123308,0.00139818305944,-0.0118937446759,-0.000279402473594,0.000150813886619,0.000700630854117,0.573813687617,0.818971288765,0.00215104215922,0.0,0.818930734614,-0.573754282347,-0.0117992497349,0.0,-0.00842923940045,0.00853228981013,-0.99992807139,0.0,0.661671591968,0.260869832941,0.303357356059,1.0,-0.00134,-0.00176114285714,0.068
0.465068843657,0.547327647398,-0.124024840123,-1.35619973254,0.0795170916653,1.89424741483,0.159124470747,0.000304061343268,-0.00940198187063,0.000592426826176,-0.013024529504,8.51156946564e-05,0.00249447092175,-0.000399452659399,0.573831417259,0.818958839094,0.00216132775428,0.0,0.818918295318,-0.573771844636,-0.0118085900305,0.0,-0.00843080248935,0.00854625533509,-0.999927938948,0.0,0.661642949212,0.260841463638,0.303375097679,1.0,-0.0017,-0.00223428571429,0.086
0.465043758515,0.547159559747,-0.124028302723,-1.3563983131,0.0795106627746,1.89434744722,0.159118533394,-0.00178638458659,-0.00628300982221,-0.000369211960917,-0.0125552722517,-0.00188405880119,0.00331780166882,-3.26890437199e-05,0.573859041253,0.818939318989,0.00222249577088,0.0,0.818899577793,-0.573799235675,-0.0117756328918,0.0,-0.00836842352451,0.0085777193975,-0.999928193531,0.0,0.661629508149,0.260807258556,0.303408432639,1.0,-0.00202,-0.00265485714286,0.102
0.465028969503,0.546967151644,-0.124031079319,-1.35661843501,0.0795070865397,1.89447734273,0.15909661301,-0.00115822719307,-0.013800747134,0.000947181654974,-0.0152790318201,-7.90953563176e-05,0.0028699058359,-0.000738918789996,0.573874655832,0.818928105418,0.00232044204329,0.0,0.818889613084,-0.573814453344,-0.0117269611564,0.0,-0.00827219416493,0.00863015784188,-0.999928543037,0.0,0.661614126559,0.260778207886,0.303453986747,1.0,-0.00238,-0.003128,0.12
0.465003843819,0.54677554013,-0.124028303695,-1.35685960734,0.0795039309964,1.89457983067,0.159074432804,-0.000707505474213,-0.0172578884924,-0.000183262580567,-0.0170809891889,-0.00030199703263,0.00254210903666,-0.00599115256861,0.573879901918,0.818924299358,0.00236579719156,0.0,0.818886322586,-0.573819453801,-0.0117120460382,0.0,-0.00823389717166,0.00865879350246,-0.999928611568,0.0,0.661590991001,0.260745843583,0.30348103518,1.0,-0.00266,-0.003496,0.134
0.464976109455,0.546518191485,-0.124022639194,-1.35722968341,0.0794966652758,1.89471987816,0.158996825947,7.4271723306e-05,-0.0160937626335,0.00167093857409,-0.0210396159809,6.19636298568e-05,0.00904864330348,-0.00449289363414,0.573853874534,0.818942440282,0.00239939345378,0.0,0.818904742198,-0.57379313994,-0.0117133541341,0.0,-0.0082159654975,0.0086867955791,-0.999928516192,0.0,0.661547153102,0.260698556469,0.30349910504,1.0,-0.003,-0.00394285714286,0.151
0.464936074562,0.546247383061,-0.124024251276,-1.35764769821,0.0794814920092,1.89486824406,0.158947894715,-0.000415494072798,-0.0153458065393,0.00125432099023,-0.0249430193871,0.000163526516661,0.00224434673894,0.000276614815645,0.573867041378,0.818933195524,0.00240561639878,0.0,0.818895488859,-0.573806187721,-0.0117210989034,0.0,-0.00821859763857,0.00869646820024,-0.999928410484,0.0,0.661499623367,0.260632687097,0.303504820029,1.0,-0.00334,-0.00438971428571,0.168
0.464901832509,0.545957510556,-0.124026853587,-1.35814657148,0.079462884203,1.89502667681,0.158911241855,-0.00242340059729,-0.01391049927,9.55084372193e-05,-0.0298720893345,-0.000281228832709,0.00995176554638,-0.00283891176393,0.573889750141,0.818917391737,0.00236793025755,0.0,0.818879067802,-0.573828898877,-0.0117564463368,0.0,-0.00826893076047,0.00868611980742,-0.999928085468,0.0,0.661434918687,0.260560850365,0.30348642831,1.0,-0.00368,-0.00483657142857,0.185
0.464844800879,0.545640950078,-0.124026489663,-1.35866562165,0.0794230937514,1.89519717674,0.158807064846,-0.00309432749227,-0.0186593974521,0.000870181977365,-0.031624480954,-0.00303396799289,0.00962890705043,-0.0018993850985,0.573869240492,0.81893185393,0.00233673650539,0.0,0.818893159137,-0.573808545203,-0.0117683589588,0.0,-0.00829680438433,0.008667203627,-0.999928018718,0.0,0.661375090574,0.260471005543,0.303478220579,1.0,-0.004,-0.00525714285714,0.201
0.464792903736,0.545286024864,-0.124028994377,-1.35929296497,0.0793599564074,1.89540328781,0.158744530291,-0.00352712995929,-0.0249762123273,0.000597880457847,-0.0397439317772,-0.00267645218951,0.0137764982374,0.000691054912618,0.573880489133,0.818924173025,0.00226493469402,0.0,0.818884735516,-0.57382026322,-0.0117831387627,0.0,-0.00834999250785,0.00861699978851,-0.999928009879,0.0,0.661299072858,0.260369181117,0.303448749628,1.0,-0.00434,-0.005704,0.218
0.464719834794,0.544834442646,-0.124028624642,-1.36007048975,0.0793320667392,1.89564405094,0.158657784226,-0.00287603427661,-0.0221746994513,0.000662324364175,-0.0385455671542,-0.00466329965006,0.00810590814083,-0.00410019298275,0.573904814837,0.81890729433,0.00220311161045,0.0,0.818866808745,-0.57384457566,-0.0118448057319,0.0,-0.00843571658019,0.00860201162946,-0.999927419407,0.0,0.661200796133,0.260246524944,0.303419164092,1.0,-0.00472,-0.00620342857143,0.237
0.464659027711,0.544439300622,-0.124034426878,-1.36076077883,0.0793048631244,1.89586795143,0.158564981537,-0.00365961395493,-0.0275263674147,-0.000747804830273,-0.0419473304248,0.000221092978274,0.0212771587524,-0.00744126914682,0.573913842069,0.818901112374,0.00214870575426,0.0,0.818859763054,-0.573853660667,-0.01189165637,0.0,-0.00850521171826,0.00858444015774,-0.999926981715,0.0,0.661115813601,0.260136989761,0.303389856699,1.0,-0.00504,-0.006624,0.253
0.464583544521,0.543974482181,-0.1240329873,-1.36153171787,0.0792701056241,1.89614185933,0.15847794989,-0.000908369707412,-0.0243076471546,-0.000409680330461,-0.0491180775121,-0.00138774278395,0.0143237244651,-0.00277057497404,0.573934498647,0.818886691234,0.00212722427121,0.0,0.818844910176,-0.573874248655,-0.0119208519469,0.0,-0.00854123222236,0.00858382021804,-0.999926680003,0.0,0.661018884036,0.260013967048,0.303374908775,1.0,-0.0054,-0.00709714285714,0.271
0.46451102007,0.54349355584,-0.124037873393,-1.36232066057,0.0792270794489,1.89641355443,0.158370873647,-0.00392926109087,-0.0287040722925,-0.000191962198917,-0.0488017865031,0.000497179262787,0.0190558701157,-0.00217509415586,0.573944646105,0.818879655559,0.00209757482635,0.0,0.818837447046,-0.57388447506,-0.0119411682939,0.0,-0.00857477924247,0.00857130745057,-0.999926500224,0.0,0.66093422341,0.259888831489,0.303363967704,1.0,-0.0057,-0.00749142857143,0.286
0.464435427682,0.542994038315,-0.124035335286,-1.36312450883,0.0791749803181,1.89669531296,0.158296413993,-0.00257828200964,-0.0266286077075,0.00158638346617,-0.0495705269708,-0.00597709460414,0.0243986869985,-0.00112681606621,0.573974588877,0.818858721774,0.00207653553485,0.0,0.81881623033,-0.573914492261,-0.0119533853936,0.0,-0.00859654555725,0.00856140529935,-0.999926398163,0.0,0.660840421161,0.259762166718,0.303359030306,1.0,-0.00602,-0.007912,0.302
0.464349602104,0.542384247601,-0.124039273829,-1.3640729428,0.0791202483425,1.8970311589,0.158148398672,-0.00702921583128,-0.0360501949059,0.00166048061027,-0.047389321834,9.60305869183e-05,0.0111580546515,-0.00643058105043,0.57396448218,0.818865809315,0.00207519452457,0.0,0.818823265794,-0.573904357938,-0.011958019709,0.0,-0.00860121590567,0.00856286100957,-0.999926345536,0.0,0.660731160179,0.259612526478,0.303368113531,1.0,-0.00638,-0.00838514285714,0.32
0.464279851849,0.541849115703,-0.124045074509,-1.36490081933,0.0790682449489,1.89733868823,0.158045415191,-0.00362898734352,-0.0370858429613,-0.00118473679366,-0.0551794144998,-0.00149608402086,0.0109674527228,-0.000682169042067,0.573976511056,0.81885734442,0.00208833569202,0.0,0.818815052459,-0.573916410997,-0.011941941073,0.0,-0.00858038122787,0.00856451926507,-0.999926510334,0.0,0.660632407993,0.259475924951,0.303382899962,1.0,-0.0067,-0.00880571428571,0.336
0.464183144567,0.541170375982,-0.124053160376,-1.36593739717,0.0790094685538,1.89772276381,0.157907361107,-0.00262811647185,-0.0389693624347,-0.00181973306331,-0.0635232529196,-0.00211011377199,0.0204832480596,-0.00934928988077,0.573987117526,0.818849860742,0.00210745771628,0.0,0.818807780329,-0.57392689986,-0.011936473146,0.0,-0.00856481759898,0.00857714972604,-0.999926535503,0.0,0.660523573032,0.259318132099,0.303399343332,1.0,-0.00704,-0.00925257142857,0.353
0.464098454556,0.54042311691,-0.124056952006,-1.36706029011,0.078946166513,1.89812714733,0.157769407808,-0.00673831220141,-0.0430302102783,0.000289832523241,-0.0630677652678,-0.00278968574458,0.0287378441286,-0.012408443545,0.573991394384,0.818846793414,0.00213424209715,0.0,0.818805018378,-0.573931022777,-0.0119276936071,0.0,-0.00854221037736,0.00859408708773,-0.99992658346,0.0,0.660390985861,0.259153714176,0.303428230905,1.0,-0.0074,-0.00972571428571,0.371
0.463991553005,0.539649410654,-0.124054810837,-1.36824295019,0.0788711713872,1.89857021833,0.157622270784,-0.00464743274299,-0.0444203430781,-0.0010260764845,-0.0709635352735,0.000146475705567,0.0224891612922,-0.00760352830854,0.574002398759,0.818839007855,0.00216155843417,0.0,0.818797609862,-0.573941936152,-0.0119111255392,0.0,-0.00851284908488,0.00860705922347,-0.999926722281,0.0,0.660257823473,0.258972064473,0.303450381081,1.0,-0.00776,-0.0101988571429,0.389
0.4638966045,0.538947045475,-0.124063450941,-1.36933544413,0.0788045088364,1.89897484804,0.157479215927,-0.00343656999277,-0.0372241451687,-0.000472362940497,-0.0664469821606,-0.00465361820282,0.0303308256011,-0.00288269007529,0.574011665191,0.818832486807,0.00217110009075,0.0,0.81879125218,-0.573951202463,-0.0119016572819,0.0,-0.00849952176364,0.00860953363703,-0.999926814352,0.0,0.660134636877,0.258800571445,0.303461947706,1.0,-0.00808,-0.0106194285714,0.405
0.463796004835,0.538159414848,-0.124069814723,-1.37052896523,0.0787514889528,1.89944002595,0.157336753658,-0.00410709761561,-0.0490456587098,-0.00157767433646,-0.0672159323946,-0.00227954080709,0.0287091702615,-0.00790146412447,0.574033735146,0.818816857707,0.00222965246809,0.0,0.818776273598,-0.573972921278,-0.0118847101011,0.0,-0.00845180356259,0.00864797757005,-0.999926887077,0.0,0.660002359966,0.258622112659,0.30349074538,1.0,-0.00842,-0.0110662857143,0.422
0.463698242024,0.537410205014,-0.124078939643,-1.37170281616,0.0786821640727,1.89988358213,0.157192626159,-0.0049697074438,-0.0487222483558,-0.00112674168929,-0.0734105745896,-0.00434477604105,0.027638418308,-0.00485761167795,0.574048448333,0.818806505111,0.00224344744408,0.0,0.818766132646,-0.573987610714,-0.0118739074865,0.0,-0.00843488405051,0.00865322355724,-0.999926984561,0.0,0.659869866698,0.258441665234,0.30349982612,1.0,-0.00874,-0.0114868571429,0.438
0.463587941351,0.536586517349,-0.124072033102,-1.37300420315,0.0785992478033,1.90037160963,0.157034695784,-0.0042873631094,-0.0460955407238,0.00135313677223,-0.0713434451112,-0.000515696565776,0.0291927167235,-0.0121324763474,0.574054124028,0.818802506791,0.00225043550649,0.0,0.818762224136,-0.57399325688,-0.0118704795682,0.0,-0.00842800588671,0.00865703600565,-0.999927009558,0.0,0.659718708221,0.258248921665,0.303503970903,1.0,-0.00908,-0.0119337142857,0.455
0.46347438176,0.53572414215,-0.124080471783,-1.37436230318,0.0785175242365,1.90085508071,0.156873602925,-0.00189591693853,-0.0526237716793,-0.000177076007437,-0.0852739287278,-0.00372154759453,0.0222060586178,-0.0144408864305,0.574073810916,0.818788737914,0.0022381214076,0.0,0.818748291253,-0.574012986225,-0.0118774625136,0.0,-0.00844058429583,0.00865116480902,-0.999926954274,0.0,0.659558474456,0.258038801626,0.303508381165,1.0,-0.00942,-0.0123805714286,0.472
0.463368881774,0.53492628889,-0.124082258866,-1.375614556,0.0784520742909,1.90130107626,0.156716797396,-0.00735250295741,-0.0523902041781,7.25031346804e-05,-0.08259556765,-0.000149568193523,0.0222046235336,-0.00794978208209,0.574084184268,0.81878146964,0.00223634718767,0.0,0.818740878714,-0.574023241184,-0.0118928131218,0.0,-0.00845406251183,0.0086586314867,-0.999926775783,0.0,0.659408840053,0.25784967854,0.303514037271,1.0,-0.00972,-0.0127748571429,0.487
0.463243848952,0.534037508058,-0.124090512608,-1.37708245154,0.0783711000509,1.9018354407,0.156542063399,-0.00673517382862,-0.0582602684318,-0.00396874642226,-0.0846282147603,-0.0116604267818,0.0283421757395,-0.0162108042193,0.574108114488,0.818764792178,0.00219883372593,0.0,0.818723646485,-0.574047251369,-0.0119201838139,0.0,-0.00849775597466,0.00864387784128,-0.999926533061,0.0,0.659236168126,0.257623012719,0.303488931642,1.0,-0.01006,-0.0132217142857,0.504
0.463094330141,0.533014161059,-0.124083363161,-1.37872712768,0.0782746868814,1.90245524258,0.156337445996,-0.00583336754675,-0.0553119693657,0.000568569025311,-0.0833905014593,-0.00251887880895,0.0228451177817,-0.0105787775738,0.574122230897,0.81875489321,0.00219903072672,0.0,0.818713680496,-0.574061294426,-0.0119283910125,0.0,-0.00850421381661,0.00864889751698,-0.999926434754,0.0,0.659046186607,0.257373256153,0.303481280659,1.0,-0.01044,-0.0137211428571,0.523
0.462968076989,0.53212901948,-0.124089030411,-1.38019353691,0.078198487497,1.90301291666,0.156155264947,-0.00769797294344,-0.0554263427187,-0.000828223832355,-0.0902339734632,-0.00723730265881,0.0425867800442,-0.012368510962,0.57414031254,0.818742259911,0.00218180063865,0.0,0.818700733575,-0.574079353396,-0.0119478763962,0.0,-0.00852986884828,0.00864616573716,-0.999926239857,0.0,0.658877079925,0.257149804321,0.303455894655,1.0,-0.01076,-0.0141417142857,0.539
0.462854079291,0.531251737579,-0.124094896328,-1.38159375261,0.0781155060275,1.90351314841,0.15597433952,-0.000783016004591,-0.0607774661969,-0.000612107051612,-0.0960469164868,-0.00669999589984,0.0358621092159,-0.0149038976881,0.574143627325,0.818739988363,0.00216184162856,0.0,0.818698167262,-0.574082714527,-0.0119622198788,0.0,-0.00855303652635,0.00863809440139,-0.999926111716,0.0,0.658708638939,0.256937115428,0.303451285723,1.0,-0.01106,-0.014536,0.554
0.462715876956,0.530220323809,-0.124094355528,-1.38323654227,0.0780059916956,1.90408807074,0.155768949512,-0.00696889928862,-0.0618695574399,-0.00117047431899,-0.100173107062,-0.00309980026619,0.0315782709961,-0.0102619986219,0.574147981456,0.818737029707,0.00212567103004,0.0,0.818694751463,-0.574087232074,-0.0119791818504,0.0,-0.00858764450736,0.00861826472284,-0.999925986198,0.0,0.658508366257,0.256686253416,0.303445870096,1.0,-0.0114,-0.0149828571429,0.571
0.462574888994,0.529179363943,-0.124095312245,-1.38489027923,0.0779071313657,1.904700413,0.155541857372,-0.0100914362861,-0.0650831124191,-0.000581955131277,-0.098208451738,0.000596958046382,0.0388449767474,-0.0118121191376,0.574141433859,0.81874162308,0.00212496206403,0.0,0.818699302999,-0.574080655544,-0.0119832841837,0.0,-0.00859147934028,0.00861997088545,-0.99992593855,0.0,0.658313259586,0.256435779475,0.303445047453,1.0,-0.01174,-0.0154297142857,0.588
0.462441400063,0.528093684538,-0.12409861145,-1.3865986785,0.0778008230749,1.90534778143,0.155301265634,-0.00547276529223,-0.0631415701056,-0.000940617662578,-0.104159082329,-0.00513891842603,0.037278479386,-0.012199327803,0.574120174418,0.818756485166,0.00214248150722,0.0,0.81871443073,-0.574059363581,-0.0119697493602,0.0,-0.00857056335386,0.00862632120137,-0.99992606328,0.0,0.658112071681,0.256184174489,0.303452547218,1.0,-0.01208,-0.0158765714286,0.605
0.462306831606,0.527008340127,-0.124094427799,-1.38826017337,0.0776882868191,1.90598021369,0.155064818226,-0.0073978196622,-0.0710640282902,-0.000253022151443,-0.107479931866,-0.0061868099526,0.0404359841042,-0.0050818135208,0.574093392942,0.818775152934,0.0021844952295,0.0,0.818733737251,-0.574032505323,-0.0119372200065,0.0,-0.00852009190516,0.00864176545986,-0.99992636125,0.0,0.657917302169,0.255939792611,0.303480296983,1.0,-0.0124,-0.0162971428571,0.621
0.462147438148,0.525768255293,-0.124109944951,-1.39017398582,0.0775723057162,1.90669452998,0.15482070243,-0.0134470289337,-0.0703417870151,-0.0020817105698,-0.102363653401,-0.00781294641793,0.0498484453792,-0.00805336994093,0.574107051098,0.818765494368,0.00221495234292,0.0,0.818724536368,-0.574046100434,-0.0119144881326,0.0,-0.00848385035131,0.00865379408952,-0.999926565369,0.0,0.657694271124,0.255644718049,0.303504299365,1.0,-0.01276,-0.0167702857143,0.639
0.461997047939,0.524678398483,-0.12410812186,-1.39189710049,0.0774584551444,1.907309529,0.154581091586,-0.0061655793031,-0.0708678137088,-0.000566424622426,-0.108587016405,-0.0103060471889,0.0438955294187,-0.0209967110763,0.57409462249,0.818774262564,0.00219506084754,0.0,0.818733057977,-0.574033766414,-0.0119231578515,0.0,-0.00850249943095,0.00864235607794,-0.999926505892,0.0,0.657485264668,0.255379996757,0.303503911524,1.0,-0.01308,-0.0171908571429,0.655
0.461843438349,0.523491773614,-0.124114188335,-1.39379950623,0.0773512883183,1.90799215994,0.154314733556,-0.0119273524531,-0.0723949339275,-0.00143030614062,-0.112474129215,-0.00118487299675,0.0433580393463,-0.0166849724939,0.574079864938,0.818784677141,0.00216980505831,0.0,0.818743031306,-0.574018999752,-0.0119492055588,0.0,-0.00853848147857,0.00863647736306,-0.999926250077,0.0,0.657251850631,0.255094239076,0.303492108542,1.0,-0.01342,-0.0176377142857,0.672
0.461671669499,0.522187731778,-0.124114596308,-1.39585961838,0.0772219185887,1.90878502172,0.15404818898,-0.00804773350923,-0.0691456316363,-0.00172534591108,-0.115516068166,-0.0154049317954,0.0433646310084,-0.00598997256444,0.574078256124,0.818785734236,0.00219639672714,0.0,0.818744486938,-0.574017335596,-0.011929394149,0.0,-0.00850701173636,0.00864685997998,-0.999926428576,0.0,0.657010316513,0.254786571721,0.303496775632,1.0,-0.01378,-0.0181108571429,0.69
0.461524605578,0.521084202319,-0.124120540153,-1.39761735251,0.0771064274715,1.90947573708,0.153795086281,-0.00999586247115,-0.0784027081866,-0.00190627240732,-0.121444104985,-0.0119864443856,0.0436230183328,-0.0165175261101,0.574058696734,0.818799387378,0.00221874610787,0.0,0.818758563394,-0.573997823258,-0.0119021285762,0.0,-0.00847206326385,0.00864930432051,-0.999926704153,0.0,0.656807935905,0.254520521061,0.303495473606,1.0,-0.01408,-0.0185051428571,0.705
0.461349398449,0.519802997821,-0.12411847888,-1.39966384334,0.0769795988827,1.91022403055,0.153529481868,-0.0157512688878,-0.0767350347842,0.00147894593026,-0.123670422138,-0.0135609708749,0.0363282199361,-0.0154181614448,0.574054571983,0.81880233688,0.00219736358304,0.0,0.818761194401,-0.573993744285,-0.0119178423618,0.0,-0.00849724782419,0.00864077428944,-0.999926564203,0.0,0.656541395871,0.254194091645,0.303484684316,1.0,-0.01444,-0.0189782857143,0.723
0.461157240095,0.518293061846,-0.124132572855,-1.40198290258,0.0768303126792,1.91105541204,0.153214571594,-0.0134183486346,-0.0795310576079,-0.00125779912062,-0.12204197725,-0.00963239549081,0.0427383188272,-0.0098555969834,0.57405025516,0.818805315557,0.00221510001081,0.0,0.818764473937,-0.573989427817,-0.0119004148961,0.0,-0.00847284211499,0.00864524785051,-0.999926732634,0.0,0.656276485208,0.253853397169,0.303514495973,1.0,-0.0148,-0.0194514285714,0.741
0.46098221984,0.517006436366,-0.124130587536,-1.40399906011,0.0766983775982,1.91177319309,0.152937762089,-0.00922566181994,-0.0779749723814,-0.00105195752362,-0.123994725735,-0.00848232560808,0.0486196044776,-0.0132155925586,0.574036476414,0.818815012549,0.0022013340828,0.0,0.818773988007,-0.573975702358,-0.0119078363656,0.0,-0.00848696630726,0.00863809382502,-0.999926674681,0.0,0.656027393996,0.253544738518,0.303519721572,1.0,-0.01512,-0.019872,0.757
0.460791009985,0.515586274997,-0.124138681573,-1.40627997346,0.0765491848171,1.91264413861,0.152618007836,-0.0112703619436,-0.0829425258662,6.94130092224e-05,-0.128599496302,-0.0111774457776,0.0489520999616,-0.0186653650341,0.574017406879,0.818828384935,0.00219989236349,0.0,0.81878746351,-0.573956765075,-0.0118940457398,0.0,-0.00847670236182,0.00862879971232,-0.99992684199,0.0,0.655756206097,0.253197519203,0.303505839183,1.0,-0.01548,-0.0203451428571,0.775
0.460605646254,0.514189020032,-0.124142836021,-1.40850607851,0.0764181619275,1.91345131837,0.152317245756,-0.0117250571059,-0.0800139274145,-0.000893328356186,-0.133203657092,-0.00613221782563,0.0406197822731,-0.0170431944321,0.5740077592,0.818835194158,0.0021826790393,0.0,0.818793958768,-0.573947096602,-0.0119134498715,0.0,-0.00850257344211,0.0086257431487,-0.99992664871,0.0,0.655480437806,0.252861329581,0.303495887564,1.0,-0.01582,-0.020792,0.792
0.460422986436,0.512860805034,-0.124142296602,-1.41064885252,0.0762844818878,1.91419844201,0.152009492767,-0.0146089989476,-0.0809695204262,0.000722670030298,-0.135096449186,-0.0110024762588,0.0475631714896,-0.0252017337339,0.573981136279,0.818854009248,0.00212453188326,0.0,0.818811923891,-0.573920621095,-0.011954115499,0.0,-0.00856952773534,0.00860119443565,-0.999926288608,0.0,0.655208220372,0.252534244875,0.303471441245,1.0,-0.01614,-0.0212125714286,0.808
0.460252837483,0.511618668634,-0.124140620482,-1.41267570643,0.0761647147779,1.91493246314,0.151739712311,-0.0094834887905,-0.0793432371414,0.00110623372875,-0.139905577323,-0.0042386426333,0.0537191250594,-0.0243535965884,0.573972207522,0.818860374964,0.00208283632336,0.0,0.818817630854,-0.573911751518,-0.0119889855014,0.0,-0.00862210692294,0.00858697290378,-0.999925958843,0.0,0.654953796717,0.252230018405,0.303440361924,1.0,-0.01644,-0.0216068571429,0.823
0.4600485649,0.510152870498,-0.124143392283,-1.41499278872,0.0760287076252,1.91582272047,0.151398142029,-0.0111139116425,-0.0811790102729,-0.000630170342543,-0.137143656334,-0.00223027642715,0.0516221400405,-0.0206668999476,0.573952760063,0.818873916083,0.00211794133932,0.0,0.81883160454,-0.57389213503,-0.011973623441,0.0,-0.00858958341582,0.00860669723269,-0.999926069177,0.0,0.654693833257,0.251898337215,0.303443188967,1.0,-0.01676,-0.0220274285714,0.839
0.459832489663,0.508568192346,-0.124150072407,-1.41749356147,0.0758689706491,1.9167207919,0.151049441294,-0.00693391149139,-0.0870478080422,-0.00163661358652,-0.138306950295,-0.00932036764383,0.0464862746804,-0.0207941629687,0.573929290759,0.818890420987,0.00209631246212,0.0,0.81884781999,-0.573868751281,-0.0119854454289,0.0,-0.00861192404432,0.00859552457457,-0.999925973121,0.0,0.654365122795,0.251491258239,0.303437632505,1.0,-0.01714,-0.0225268571429,0.858
0.459624064468,0.50704166529,-0.124154978656,-1.41988523701,0.075707570979,1.91759135773,0.15072216781,-0.0091281287269,-0.0964180188644,-0.000313059941898,-0.138415723151,-0.0132573620415,0.0508921101331,-0.0164108725136,0.573915647932,0.818899994417,0.00209167505926,0.0,0.818857423837,-0.573855220203,-0.0119771688896,0.0,-0.00860795061485,0.00858683361738,-0.999926082005,0.0,0.654069047753,0.251121377393,0.303442499888,1.0,-0.01748,-0.0229737142857,0.875
0.459413427599,0.505558494759,-0.124161002879,-1.4221980793,0.0755624265857,1.91846086843,0.150409738251,-0.0132922230758,-0.0935590972412,-0.00205649950898,-0.145047467334,-0.00963005843553,0.0570833102927,-0.0223612617038,0.573916999835,0.818898970674,0.00212132734485,0.0,0.818856825202,-0.573856487513,-0.0119573601172,0.0,-0.00857469752249,0.00859976119129,-0.999926256616,0.0,0.653789483014,0.25076075081,0.303454015869,1.0,-0.0178,-0.0233942857143,0.891
0.459179072457,0.503814130875,-0.124162121104,-1.42483185972,0.0753925578211,1.91946955967,0.150035532241,-0.0182224158546,-0.0998435664723,-0.00037694672744,-0.149307701022,-0.0022019481899,0.0568136574787,-0.0266771792078,0.573893065838,0.818915488783,0.00221768235341,0.0,0.818874692263,-0.573832259609,-0.0118963483748,0.0,-0.00846968933594,0.00864340220807,-0.999926775299,0.0,0.653472730857,0.250358366741,0.303506526491,1.0,-0.01816,-0.0238674285714,0.909
0.45894578654,0.502124247267,-0.124165306562,-1.42732352309,0.0752313137603,1.92039363713,0.149697641977,-0.00906862362662,-0.0999667568794,-0.000121202767499,-0.154336781531,-0.012431508973,0.0555001105533,-0.0202775494112,0.57389370658,0.818914760827,0.00231839369536,0.0,0.818875341942,-0.573832572431,-0.0118363879149,0.0,-0.00836278396974,0.00869147130078,-0.99992725844,0.0,0.653170364654,0.249967417085,0.303580606675,1.0,-0.0185,-0.0243142857143,0.926
0.458723963331,0.50051475582,-0.12416312717,-1.42975915863,0.0750831622821,1.92124911878,0.149359107763,-0.015255189511,-0.0996506899346,0.00131691665888,-0.155197525962,-0.0089982761167,0.0523663364958,-0.0237636176662,0.573880712084,0.81892378341,0.00234779987895,0.0,0.81888462243,-0.573819335953,-0.0118360354668,0.0,-0.0083457586593,0.00871521747432,-0.999927193998,0.0,0.652859803056,0.249590304406,0.303618574222,1.0,-0.01882,-0.0247348571429,0.942
0.458505169639,0.499019019843,-0.124166439943,-1.43204121715,0.0749379045778,1.92209571435,0.149030957508,-0.0137014825216,-0.101941933714,-0.00253281057743,-0.151345613275,-0.0122363840143,0.0651502292138,-0.025083405205,0.573866737299,0.818933453621,0.00239024334838,0.0,0.818894892322,-0.573805250159,-0.0118083495633,0.0,-0.00829887808611,0.00873394526169,-0.999927420777,0.0,0.652559641046,0.249203447871,0.303647587876,1.0,-0.01914,-0.0251554285714,0.958
0.458254566985,0.497350859102,-0.124168830372,-1.43468422682,0.0747719751964,1.92307862612,0.148640075483,-0.0142397616674,-0.105247255054,-0.00169947916313,-0.153454691884,-0.0118478223362,0.0553282635976,-0.0209809387264,0.57384673322,0.818947443222,0.00239977366987,0.0,0.81890897469,-0.573785179544,-0.011807023729,0.0,-0.00829253698589,0.00874078647863,-0.999927413607,0.0,0.652254311,0.248812107785,0.303639479807,1.0,-0.01946,-0.025576,0.974
0.457955555205,0.495483428612,-0.124168817369,-1.43770839533,0.0745837997549,1.92410956526,0.148199576154,-0.0143498614186,-0.09956580922,-0.000368258858689,-0.157282112516,-0.0102654469588,0.0567577461009,-0.020333179745,0.573832488846,0.818957727663,0.00229389339402,0.0,0.818917688245,-0.573771145644,-0.0118844102471,0.0,-0.00841682181985,0.00869833805586,-0.99992674533,0.0,0.651861646907,0.248322903016,0.303590734164,1.0,-0.01984,-0.0260754285714,0.993
0.45766728305,0.493773073309,-0.124179860971,-1.44050285315,0.0744048781922,1.92510092582,0.14780949896,-0.0188459254386,-0.103492413992,0.00138161604377,-0.172231721758,-0.0117726605304,0.0645107266136,-0.0218302583385,0.573849218426,0.818946240064,0.00220846070999,0.0,0.818905056718,-0.573788183047,-0.0119321405905,0.0,-0.0085047567573,0.00865593584857,-0.999926369233,0.0,0.651510442465,0.247858301836,0.303538125501,1.0,-0.024012,-0.0315586285714,1.01
0.457392168325,0.49160785267,-0.12425256607,-1.44382137755,0.0742228953223,1.92634823402,0.147333315557,-0.0169045321473,-0.143790883582,-0.00398200427831,-0.231635019741,-0.0185080172738,0.0836670719661,-0.0254533552714,0.573854725986,0.818942172212,0.00228449953271,0.0,0.818902079321,-0.573793488177,-0.0118812587915,0.0,-0.00841939502715,0.00868906521713,-0.999926804288,0.0,0.651104268118,0.247326774239,0.303575771422,1.0,-0.03118,-0.0409794285714,1.026
0.457038433212,0.489154127981,-0.124260649152,-1.44777909221,0.0740085118347,1.92779821996,0.146738446613,-0.0307074832286,-0.175429667114,-0.000181971276314,-0.286243031956,-0.019369862524,0.0955626729123,-0.0445257810356,0.573803324246,0.818978277712,0.00225224828848,0.0,0.818937405638,-0.573741852583,-0.0119398133448,0.0,-0.00848640205333,0.00869572237793,-0.999926179972,0.0,0.650595024938,0.246718780404,0.303524503842,1.0,-0.0379,-0.0498114285714,1.041
0.456504052589,0.485694407691,-0.124323506031,-1.45321078126,0.0736760791174,1.92985042374,0.145937991565,-0.0350050329935,-0.220561757554,-0.00671718247933,-0.3451978548,-0.022963974869,0.127537556725,-0.0524474154862,0.57381068376,0.818972971764,0.00230599730504,0.0,0.818932992972,-0.57374919518,-0.0118895312639,0.0,-0.00841430265563,0.00871096505201,-0.99992665661,0.0,0.64993222909,0.245821867597,0.303522587854,1.0,-0.045516,-0.0598210285714,1.058
0.45583433346,0.48134600727,-0.124435411831,-1.46005001694,0.0732692129091,1.93226263795,0.14488418385,-0.0369174577526,-0.253544525863,-0.00512206097427,-0.40718441268,-0.0300462025078,0.138404137976,-0.0556900742353,0.57380299146,0.818978573224,0.00222946023323,0.0,0.818937589875,-0.573741801877,-0.0119296089647,0.0,-0.00849112307807,0.00867120104852,-0.999926352839,0.0,0.649061550711,0.244666640816,0.303496903107,1.0,-0.05358,-0.0704194285714,1.076
0.455113230925,0.476818386082,-0.12452351005,-1.46708174433,0.0728514533416,1.93477279512,0.143851914661,-0.045258483966,-0.295127119023,-0.00497476581004,-0.451062839293,-0.0303080210661,0.166297808193,-0.0629738810776,0.573841155946,0.818951827318,0.00223140682659,0.0,0.818910783726,-0.573779866233,-0.0119390243978,0.0,-0.00849731313614,0.00867859376433,-0.999926236119,0.0,0.648167170232,0.24347742657,0.303506874176,1.0,-0.060748,-0.0798402285714,1.092
0.454230204914,0.471437494161,-0.124598767956,-1.47541256566,0.0723519436228,1.93778059691,0.14263804317,-0.0542353096758,-0.333413615794,-0.00456778617831,-0.509329241285,-0.0341981997049,0.181237731314,-0.0753599016366,0.573890674299,0.818916991995,0.00228058660096,0.0,0.818876435176,-0.5738290218,-0.0119324999187,0.0,-0.00846322310536,0.00871563685337,-0.999926203041,0.0,0.64710418737,0.2420702002,0.303526092607,1.0,-0.068364,-0.0898498285714,1.109
0.45317307672,0.465013786258,-0.124652493847,-1.48507734214,0.0717465859961,1.94139151433,0.141067283894,-0.0610015194368,-0.370614280057,4.53310190702e-05,-0.557120739115,-0.0411068615566,0.196369316595,-0.092107531787,0.573803894589,0.818976880761,0.00258964000421,0.0,0.818940461853,-0.573741190512,-0.0117606611544,0.0,-0.00814608328627,0.00886924491488,-0.999927486282,0.0,0.645886526126,0.240444550354,0.303673687696,1.0,-0.076428,-0.100448228571,1.127
0.452091082151,0.458787024061,-0.124698672053,-1.49474627103,0.0711242596089,1.94470754479,0.139611657587,-0.0694007282352,-0.404618029224,-0.00223413725224,-0.615849545401,-0.0367042201283,0.210726539909,-0.0974015403707,0.573813028433,0.818970821672,0.00247962726248,0.0,0.818932634551,-0.573750371465,-0.0118574116967,0.0,-0.00828834671358,0.00883475509826,-0.999926622513,0.0,0.644591972949,0.238785169798,0.30364888677,1.0,-0.083596,-0.109869028571,1.143
0.450760908854,0.451101039258,-0.12481975526,-1.50645469431,0.070324293863,1.94880263441,0.137744868364,-0.0717813514972,-0.449381717103,-0.00759988652688,-0.659534097256,-0.0482054504684,0.25229965905,-0.110678949876,0.573779930954,0.818993944839,0.00250121020756,0.0,0.81895641401,-0.573717597765,-0.0118007147486,0.0,-0.00822988406288,0.00881956523991,-0.999927239492,0.0,0.643043215451,0.236727987178,0.303714801098,1.0,-0.09166,-0.120467428571,1.161
0.449461289139,0.443725915413,-0.124875887775,-1.51750489546,0.0696024689467,1.95287910363,0.136074031629,-0.0811358619424,-0.468708322234,-0.00392173924246,-0.702706229652,-0.0419011769871,0.245057730326,-0.114849955746,0.573818614226,0.818965779417,0.00282789919363,0.0,0.818932681962,-0.573755328646,-0.0116117253413,0.0,-0.00788723531698,0.00897905608971,-0.999928581485,0.0,0.641600823052,0.234816422759,0.303863249382,1.0,-0.098828,-0.129888228571,1.177
0.448023902333,0.435957014035,-0.124916713664,-1.5294998785,0.0687940354387,1.95695196052,0.13412923727,-0.0931997431428,-0.501690109479,-0.0036460039064,-0.758215987433,-0.0484553028713,0.266637738692,-0.130023612407,0.57374043915,0.819021014302,0.00268951968375,0.0,0.818985741986,-0.573677216616,-0.0117282761357,0.0,-0.00806294368714,0.00893183653989,-0.999927602997,0.0,0.639936511536,0.232711668946,0.303817863843,1.0,-0.105996,-0.139309028571,1.193
0.446168292847,0.426045794304,-0.124962937393,-1.54442196893,0.0677499882912,1.96227332797,0.131684298302,-0.0996306620586,-0.525480001806,-0.00806026672548,-0.790468895016,-0.0594449186043,0.280742870304,-0.128215571513,0.573647658926,0.819085218944,0.00291794768499,0.0,0.819053183067,-0.573583976165,-0.0115781041731,0.0,-0.0078099163213,0.00903188058481,-0.999928712629,0.0,0.637904394311,0.230073473211,0.303929544354,1.0,-0.114508,-0.150496228571,1.212
0.444424001772,0.417229512791,-0.12506023605,-1.55782151065,0.0667915727972,1.96681209057,0.129496924767,-0.110915363348,-0.56851048429,-0.0127271821276,-0.852104310515,-0.0633089463462,0.29589915768,-0.129807358337,0.573653892925,0.819081126432,0.00284013298324,0.0,0.819048209212,-0.573590612272,-0.0116011810154,0.0,-0.00787338638431,0.00898144140643,-0.999928669205,0.0,0.636025907067,0.227609939073,0.30393393977,1.0,-0.121676,-0.159917028571,1.228
0.442545147695,0.407957526343,-0.1251382461,-1.5718241312,0.065829485018,1.97171713238,0.127148262898,-0.121460142764,-0.573448343601,-0.002558013497,-0.900861466008,-0.0555242813265,0.302446026126,-0.152154307682,0.573635963382,0.819093224349,0.00296955244498,0.0,0.819061938988,-0.57357221056,-0.01154150235,0.0,-0.00775046283385,0.00905304250203,-0.999928983852,0.0,0.634068080242,0.22503893259,0.303971255876,1.0,-0.128844,-0.169337828571,1.244
0.440059694115,0.396305546386,-0.125268245958,-1.58929670623,0.0646393361665,1.97764476819,0.124189100205,-0.13162287406,-0.627399205358,-0.0123644743621,-0.927006565892,-0.0674642596612,0.32599764636,-0.165252056494,0.573711413764,0.819040065001,0.00305492081986,0.0,0.819009495545,-0.57364692054,-0.0115500503894,0.0,-0.00770765649715,0.00912858065101,-0.999928627976,0.0,0.631576330169,0.221725452534,0.304027164947,1.0,-0.137356,-0.180525028571,1.263
0.437970924581,0.386799075351,-0.12538949482,-1.60375850303,0.0635185220635,1.98250538505,0.121715924553,-0.143376897768,-0.637334442309,-0.0105533251785,-0.993034471713,-0.0781220060602,0.327006888724,-0.173850304113,0.573728089931,0.819028958423,0.00289672059771,0.0,0.818996883044,-0.573664738042,-0.0115594460481,0.0,-0.00780592488206,0.00900455740802,-0.99992899022,0.0,0.629474892532,0.218941425031,0.303952871241,1.0,-0.144076,-0.189357028571,1.278
0.43542782675,0.375438371598,-0.125505545252,-1.62057180885,0.062277674444,1.98808576921,0.118664611505,-0.153378860832,-0.67153923033,-0.00862792870972,-0.998323091938,-0.0623052595415,0.331045608753,-0.176810083434,0.573676938232,0.819064518658,0.00297182041157,0.0,0.8190333985,-0.573613331668,-0.0115232276326,0.0,-0.0077337399853,0.00904480425873,-0.999929187884,0.0,0.626994195771,0.21567040216,0.304035148965,1.0,-0.151692,-0.199366628571,1.295
0.43296850732,0.365157968712,-0.125629420814,-1.63590923323,0.0611233447143,1.99316676973,0.115968991693,-0.16807890218,-0.700139753978,-0.0156737876114,-1.01368408668,-0.0765700043045,0.342528435781,-0.185630637973,0.57380329725,0.818976082793,0.0029493691673,0.0,0.818944751935,-0.573739839094,-0.0115255028251,0.0,-0.00774708971994,0.0090289157592,-0.999929228136,0.0,0.624716092968,0.212597813166,0.304026939724,1.0,-0.158412,-0.208198628571,1.31
0.430010524565,0.353035497968,-0.125777133677,-1.6538857932,0.0597347514535,1.99907158687,0.112635516201,-0.17547060547,-0.711783459647,-0.0117614903579,-1.08393799836,-0.0705966869647,0.345720292535,-0.201574819445,0.573836086982,0.818953159775,0.00293500832859,0.0,0.818921838249,-0.573772897519,-0.0115079021906,0.0,-0.00774055365812,0.00900736539787,-0.999929473112,0.0,0.62199970128,0.208959253307,0.304026669427,1.0,-0.166028,-0.218208228571,1.327
0.426652950598,0.339619032743,-0.125931567911,-1.67343524045,0.0582709746493,2.00543568569,0.108953927454,-0.186313980689,-0.765547674365,-0.0071556323081,-1.09671467306,-0.0891389667354,0.353811975015,-0.208063118093,0.573921670228,0.818892532386,0.00311187179003,0.0,0.81886322495,-0.573857599208,-0.0114551978305,0.0,-0.00759495091229,0.00912275928268,-0.99992954351,0.0,0.618997312432,0.204949348574,0.304130117778,1.0,-0.174092,-0.228806628571,1.345
0.423106100753,0.325893558373,-0.12599758212,-1.69358122129,0.0565962800847,2.01187448986,0.105004869217,-0.204224890363,-0.776051819824,-0.00398792342635,-1.12543221446,-0.107344750431,0.368688440399,-0.229048848517,0.573790540073,0.818984662818,0.00304714504852,0.0,0.818954799752,-0.573727018132,-0.0114495209206,0.0,-0.00762889946802,0.00906527539027,-0.999929807874,0.0,0.615807852139,0.200814538232,0.304110707825,1.0,-0.182156,-0.239405028571,1.363
0.419970416086,0.314056263007,-0.126041579473,-1.71089655037,0.0551862915845,2.0172499411,0.101625644176,-0.210811435489,-0.799186173938,-0.00529379021257,-1.17216564227,-0.0950565003525,0.356021468408,-0.234155512888,0.573733285238,0.81902520556,0.00292864640959,0.0,0.818993415357,-0.573669680599,-0.0115598470485,0.0,-0.00778788039555,0.00903098502377,-0.999928892586,0.0,0.61298843473,0.197235034547,0.30406698738,1.0,-0.188876,-0.248237028571,1.378
0.415940008643,0.299406763266,-0.126161429833,-1.73198966049,0.0533978321607,2.02386015227,0.0972427577165,-0.234507817333,-0.846656343447,-0.0125937422997,-1.19965932853,-0.10182164351,0.358835004995,-0.237768833264,0.573609203401,0.819111885942,0.00299115094633,0.0,0.819081238991,-0.573545806306,-0.0114838540108,0.0,-0.00769114731377,0.00903741397244,-0.999929583222,0.0,0.609553062445,0.19273537692,0.304117083323,1.0,-0.19694,-0.258835428571,1.396
0.411859517521,0.285122181692,-0.126303616148,-1.75233220293,0.0517656927051,2.03007904766,0.09303091945,-0.243539970484,-0.841002437011,-0.00545934348982,-1.2104469078,-0.108774848477,0.366121954124,-0.249509587994,0.573677824559,0.819063335837,0.00312288306249,0.0,0.819033756464,-0.57361325415,-0.0115016232022,0.0,-0.0076293776409,0.00915614910746,-0.999928976243,0.0,0.606170214219,0.188305809796,0.304197502598,1.0,-0.204556,-0.268845028571,1.413
