position_joint1,position_joint2,position_joint3,position_joint4,position_joint5,position_joint6,position_joint7,velocity_joint1,velocity_joint2,velocity_joint3,velocity_joint4,velocity_joint5,velocity_joint6,velocity_joint7,ee_T_00,ee_T_10,ee_T_20,ee_T_30,ee_T_01,ee_T_11,ee_T_21,ee_T_31,ee_T_02,ee_T_12,ee_T_22,ee_T_32,ee_T_03,ee_T_13,ee_T_23,ee_T_33,v_x,v_y,time
0.465085432614,0.547745594468,-0.124006648997,-1.35582793237,0.0794537941084,1.89410447536,0.159162792186,-0.000533388559987,-0.00242686571926,-0.000222953378507,-0.000639236455314,-0.000386669153917,-0.00013744594425,0.00151962724159,0.573799192361,0.818981941242,0.0019528612485,0.0,0.818939355435,-0.57374112129,-0.0118408091701,0.0,-0.00857713721402,0.00839368327521,-0.999927986806,0.0,0.661683664477,0.260881613054,0.303242861197,1.0,0.0,0.0,0.0
0.465084487769,0.547750152113,-0.12400335249,-1.35582386504,0.0794519177609,1.8941043151,0.15916310369,0.000581211917281,0.00026985699469,0.000196898008483,0.00100001930953,6.745611606e-06,-0.000178280760665,0.000734859995465,0.573797205702,0.818983335566,0.00195184404645,0.0,0.818940740803,-0.573739143187,-0.0118408415569,0.0,-0.00857776773196,0.00839284799618,-0.999927988409,0.0,0.661684039015,0.260883003445,0.30324144184,1.0,-0.00018,-0.000236571428571,0.01
0.465082243769,0.547748706407,-0.124009468545,-1.35583197237,0.0794546557587,1.8941097049,0.159162889908,-9.62578606498e-05,0.000323177484649,-0.00171940409726,-0.00136136382217,0.000261699566152,0.000325800979088,9.5219664763e-05,0.573804344589,0.818978336325,0.00195081046134,0.0,0.81893573315,-0.57374629033,-0.0118408700285,0.0,-0.00857831093036,0.00839209263528,-0.999927990089,0.0,0.661685129664,0.26087784526,0.303239283059,1.0,-0.0005,-0.000657142857143,0.026
0.465079693215,0.547735690863,-0.124009114432,-1.35584497671,0.0794544042972,1.89410768948,0.15916204074,0.00111374601311,-0.00312600616101,0.000166313102022,-0.00418828845716,0.00026681950616,0.00084929580977,-0.000184925273017,0.573806096998,0.818977110726,0.00194988595657,0.0,0.818934480145,-0.573748031241,-0.0118431743154,0.0,-0.00858071065922,0.00839267605721,-0.999927964602,0.0,0.661682688691,0.260874811781,0.303242126618,1.0,-0.00084,-0.001104,0.043
0.465077995983,0.547646639431,-0.124004129168,-1.35593480988,0.0794513285826,1.8941218178,0.159161181584,-0.000407546442157,-0.00935604284403,0.000256187016037,-0.00484553806947,-1.51489639477e-05,0.000194026935325,0.00174229789453,0.573807330312,0.818976209778,0.00196529868572,0.0,0.818933708473,-0.573749132046,-0.011843204996,0.0,-0.00857187975931,0.00840532901066,-0.999927934064,0.0,0.661666738941,0.260867543751,0.30326351022,1.0,-0.00118,-0.00155085714286,0.06
0.465077958102,0.54751803224,-0.124004129495,-1.35611091028,0.0794470275091,1.89415335161,0.159157702185,-0.00178400026744,-0.00989115862605,-0.000252702428976,-0.0110235248135,-0.000238744193467,0.00613469496871,-9.45006535075e-05,0.573812976025,0.818972274658,0.00195672861348,0.0,0.81892956035,-0.573754712521,-0.0118596772964,0.0,-0.00859023001758,0.00840782150393,-0.999927755633,0.0,0.661636301981,0.260849744713,0.303273527236,1.0,-0.00152,-0.00199771428571,0.077
0.465062360574,0.547360616787,-0.12400666431,-1.35631885319,0.0794481593604,1.89422044788,0.15914767643,-0.0005191623934,-0.0122222619524,-0.00130559448922,-0.00992965565915,3.11769210996e-05,0.00346023866267,-0.000992621430554,0.573831146794,0.818959490552,0.00197856136949,0.0,0.818916936262,-0.573772670336,-0.0118625958373,0.0,-0.00857990619291,0.00842756664496,-0.99992767805,0.0,0.661610751621,0.260820084602,0.303291973513,1.0,-0.00186,-0.00244457142857,0.094
0.465047493315,0.547185278083,-0.124004365705,-1.35652165284,0.0794419939916,1.89434557033,0.159140482958,-0.00040684463302,-0.00756619962748,-0.000120315903023,-0.0147300638192,0.00014973422437,0.00506825638621,-0.000559925328723,0.573845812127,0.818949002348,0.00206454802575,0.0,0.818907567391,-0.573786988632,-0.0118167105066,0.0,-0.00849283599924,0.00847180694739,-0.999928047523,0.0,0.661597538122,0.260797324289,0.303330424828,1.0,-0.00218,-0.00286514285714,0.11
0.465026221858,0.546976027904,-0.124008765381,-1.35676894925,0.079439184541,1.89446779952,0.159125592447,-2.73200349292e-05,-0.0155654864322,-0.000904463518209,-0.0130298036526,0.000293123895115,0.0110018399918,-0.00143503241214,0.573867329333,0.818933726482,0.00214169456935,0.0,0.818893250147,-0.573808155575,-0.0117810169575,0.0,-0.00841911240214,0.00851472389978,-0.999928306442,0.0,0.661577446091,0.260761956399,0.303371685775,1.0,-0.00252,-0.003312,0.127
0.464993890398,0.546743783294,-0.124004838145,-1.35711339253,0.0794263052938,1.89460381906,0.159097814874,-0.00344386895285,-0.0105501260281,-0.00120794754863,-0.0202954586588,-9.32193117202e-05,0.0124709796237,-0.00410016420855,0.57388421518,0.818921827105,0.00216692416535,0.0,0.818881599513,-0.573824861301,-0.0117771572154,0.0,-0.00840129789732,0.00853334324545,-0.999928297553,0.0,0.661539943117,0.260712155525,0.303383885999,1.0,-0.00286,-0.00375885714286,0.144
0.464962179255,0.546468785402,-0.124003796112,-1.357509906,0.079411767305,1.89475010024,0.15898356246,-0.00045185785969,-0.0163766328537,0.00130979060522,-0.0233486810116,-0.00177643450063,0.00526024605444,-0.00576219972659,0.573834181541,0.818956813657,0.00219462111751,0.0,0.818916849133,-0.573774628286,-0.0117735739549,0.0,-0.0083829920941,0.00855345606535,-0.999928279345,0.0,0.661494238343,0.260655903913,0.303402549345,1.0,-0.0032,-0.00420571428571,0.161
0.464921098854,0.546184784979,-0.124004533154,-1.35797074559,0.0793833816015,1.89490659872,0.158948447505,-0.00244772258181,-0.0215962262243,0.000772850312372,-0.024901520168,-0.00224042466898,0.00847791850841,0.000541291672393,0.573857753124,0.818940345019,0.00217655258212,0.0,0.818900134094,-0.573798254973,-0.0117847305007,0.0,-0.00840225095808,0.00854530269122,-0.999928187412,0.0,0.661439637763,0.260583351976,0.303397873129,1.0,-0.00354,-0.00465257142857,0.178
0.464869582971,0.545857924522,-0.124007318331,-1.35849085788,0.0793377585376,1.89509361815,0.158902825575,-0.000644846737341,-0.0264108997121,-0.000926534727404,-0.0337200425352,-0.000220956023112,0.00950239821535,-0.00492796834746,0.573881466758,0.818923765505,0.00216224512984,0.0,0.818883500077,-0.573822154647,-0.0117768858166,0.0,-0.00840378931853,0.00852932758219,-0.999928310878,0.0,0.661382762249,0.260495523654,0.30339799991,1.0,-0.00388,-0.00509942857143,0.195
0.464809022514,0.545539445606,-0.124006665149,-1.35905105704,0.079299879649,1.89528141926,0.158827733841,-0.00347849988715,-0.0171528134814,0.000187603901323,-0.0320109311066,-0.000777207880293,0.0117581495829,-0.0020440820515,0.573890292495,0.818917707391,0.00211367030703,0.0,0.818876811754,-0.57383116993,-0.0118026475692,0.0,-0.00845266992348,0.00850442420434,-0.999928110986,0.0,0.661317690391,0.260400140485,0.303373059174,1.0,-0.0042,-0.00552,0.211
0.464737540411,0.545144079942,-0.1240053498,-1.35973575545,0.0792729527701,1.89549886834,0.158720591459,-0.00784237208406,-0.0229681873503,0.000362230175234,-0.0404024061388,-0.000259060616952,0.0140124516279,-0.0015571134655,0.573891081892,0.818917288706,0.00206089418086,0.0,0.81887551357,-0.57383197575,-0.0118534292168,0.0,-0.00852453526019,0.00849035656379,-0.999927620453,0.0,0.661233962792,0.260287938678,0.303345838578,1.0,-0.00454,-0.00596685714286,0.228
0.464678926434,0.544722205304,-0.124010514172,-1.3604384396,0.0792422792314,1.89573982225,0.158672622969,-0.00493752437915,-0.0255116922334,4.04275622214e-05,-0.0412291914465,-0.00590064378355,0.0176734855026,-0.00158692194905,0.573934387889,0.818887012361,0.00203132599641,0.0,0.818844742759,-0.573875287195,-0.0118822937245,0.0,-0.00856469311539,0.00848316091564,-0.999927338367,0.0,0.661149753762,0.260179704731,0.303331034163,1.0,-0.00488,-0.00641371428571,0.245
0.464606920765,0.544278554124,-0.124012988598,-1.36117962723,0.0792060968543,1.89600535944,0.158555715951,-0.00326938523514,-0.0271260681322,-7.024270687e-05,-0.0428577897559,-0.000512017206328,0.0129625404995,-0.0083657138269,0.573931052634,0.818889408469,0.00200759095637,0.0,0.818846742487,-0.573871963208,-0.0119050016335,0.0,-0.00859694509986,0.00847672263718,-0.999927116198,0.0,0.661065252097,0.260060672474,0.303315312198,1.0,-0.00522,-0.00686057142857,0.262
0.464548322552,0.543804938945,-0.124020940805,-1.36195124675,0.0791648132597,1.89628087802,0.158447635439,-0.00193879577302,-0.0306551364152,-0.00133939891473,-0.0509643826426,-0.00319632787847,0.0123172795456,-0.00994010597301,0.573928074073,0.818891541384,0.00198900539516,0.0,0.818848602146,-0.57386903103,-0.011918426475,0.0,-0.00861863596355,0.00846917689814,-0.999926993413,0.0,0.660974485375,0.259943969139,0.303307300818,1.0,-0.00554,-0.00728114285714,0.278
0.464454684753,0.543283752335,-0.124016908227,-1.36280157989,0.0791162604578,1.89656748053,0.158356026324,-0.00523077991377,-0.0330437215595,-0.000447913890609,-0.0530222426441,-0.00316755062713,0.0144759461155,-0.00433477654144,0.573961163925,0.818868430392,0.00195522742458,0.0,0.818824959758,-0.573902168142,-0.0119471159936,0.0,-0.00866117361769,0.00845833246762,-0.999926717657,0.0,0.660875709092,0.259801911723,0.303295984179,1.0,-0.00588,-0.007728,0.295
0.464391746098,0.542728544769,-0.124028185584,-1.36369306103,0.0790635529368,1.89688833435,0.158247015497,-0.00485599058894,-0.0286770369727,-0.00058201498286,-0.0550680880472,-0.00685992003899,0.0199223031092,-0.0092334292498,0.5739668397,0.818864489675,0.00193942649595,0.0,0.818820838165,-0.573907934048,-0.011952619944,0.0,-0.00867469079188,0.00844861298636,-0.999926682651,0.0,0.660770820356,0.259668496064,0.303292556842,1.0,-0.00622,-0.00817485714286,0.312
0.46430579898,0.542137394835,-0.124026488686,-1.36461000925,0.0790069382172,1.89722345839,0.158119235332,-0.00491742989568,-0.0350475698029,-0.0009407559905,-0.0532513595156,-0.00151822297351,0.0196934442466,-0.00612783835447,0.5739672119,0.818864210547,0.0019471130652,0.0,0.818820647238,-0.573908262198,-0.0119499430473,0.0,-0.00866808329143,0.00845337462718,-0.999926699708,0.0,0.660666936004,0.259525191437,0.303303157972,1.0,-0.00656,-0.00862171428571,0.329
0.464233767725,0.54154602593,-0.124024653886,-1.36551580807,0.0789558048672,1.89755888301,0.158000063011,-0.00151051058392,-0.039162609933,0.00180575607512,-0.0534439207189,-0.0018196751456,0.0229331298042,-0.0112009068141,0.573963944507,0.818866452327,0.00196737393656,0.0,0.818823103047,-0.573904861373,-0.0119449952008,0.0,-0.008652436963,0.00846709081186,-0.999926719169,0.0,0.660561595784,0.259393403184,0.303319172479,1.0,-0.00688,-0.00904228571429,0.345
0.464143656534,0.540874824812,-0.124026826341,-1.3665426566,0.0789003936974,1.8979423904,0.157858368126,-0.0048738896264,-0.0393570108277,-0.000394275419533,-0.0623477331458,-0.00310463557876,0.0250586801786,-0.0166156623986,0.573965380006,0.818865381397,0.00199414254616,0.0,0.818822327033,-0.573906132094,-0.0119371352208,0.0,-0.00863062231613,0.00848451414649,-0.999926760007,0.0,0.660445700704,0.259236606391,0.303338226963,1.0,-0.00722,-0.00948914285714,0.362
0.4640523377,0.540167084094,-0.124032876917,-1.36762685436,0.0788350174272,1.8983299772,0.157730697544,-0.0103083998145,-0.0438862743102,-0.000268638318476,-0.0665072876436,-0.000858539092333,0.0273836815812,-0.0148352833531,0.57398232357,0.818853484338,0.0020025778677,0.0,0.818810542161,-0.573923040738,-0.0119325712619,0.0,-0.00862186797346,0.00848898028783,-0.999926797624,0.0,0.660319895569,0.259069111364,0.303356171611,1.0,-0.00756,-0.009936,0.379
0.463956711592,0.539423264469,-0.124037522316,-1.36877163051,0.0787688483277,1.89877369611,0.157585834519,-0.00702005528443,-0.0403701902801,-0.00321763643313,-0.0721671061545,-0.000649089726777,0.0234228380717,-0.00881635361553,0.573991028365,0.818847293983,0.00203847853644,0.0,0.818804833177,-0.573931609724,-0.011912154564,0.0,-0.00858445353973,0.00850674970747,-0.999926968517,0.0,0.660192865019,0.25889655689,0.303375492,1.0,-0.0079,-0.0103828571429,0.396
0.463843243363,0.538662050615,-0.124038316888,-1.36993976432,0.0786995907084,1.89921950311,0.157438751727,-0.0107189203348,-0.0467556961744,-1.64316594921e-05,-0.0717747140279,4.72155420748e-05,0.0208069481221,-0.0058554400069,0.574010140552,0.818833813794,0.00207143256614,0.0,0.81879178333,-0.573950586006,-0.0118948424209,0.0,-0.00855116388516,0.00852399624808,-0.999927106885,0.0,0.660064978633,0.258711568282,0.303395906803,1.0,-0.00824,-0.0108297142857,0.413
0.46374300879,0.537884096461,-0.124044365086,-1.37116426851,0.0786352318614,1.89969314767,0.157289907014,-0.00738239329207,-0.0446148988479,-0.00086471161708,-0.0744372855582,0.00018997497417,0.0215633068,-0.0115226941405,0.574025083279,0.818823274198,0.00209673550481,0.0,0.818781531973,-0.573965383061,-0.0118864985972,0.0,-0.00852965232514,0.00854008107894,-0.99992715337,0.0,0.659927291449,0.258528483308,0.303403790207,1.0,-0.00858,-0.0112765714286,0.43
0.463638253572,0.537120778026,-0.124048172085,-1.37235057686,0.0785641057687,1.90013558945,0.157151159244,-0.0043538337555,-0.0418000003474,-0.000942174248388,-0.0761666511589,-0.000324678960055,0.03404738032,-0.00248881235278,0.574046254106,0.818808392945,0.00211203500263,0.0,0.818766857629,-0.573986497276,-0.0118777394234,0.0,-0.0085134770666,0.00854780065719,-0.999927225258,0.0,0.659792617219,0.258344864491,0.303416584354,1.0,-0.0089,-0.0116971428571,0.446
0.463526196663,0.536274413962,-0.124054445866,-1.37368302044,0.0784767567733,1.90063582573,0.156978044604,-0.00812371704628,-0.0513488182477,0.000863783338467,-0.0771654353301,-0.00690611093095,0.0302301196716,-0.00904536438681,0.574050617625,0.818805318779,0.00211783949254,0.0,0.818763945244,-0.573990923579,-0.011864590923,0.0,-0.00849933314504,0.0085450508842,-0.999927369083,0.0,0.659640848054,0.258140052871,0.303423388004,1.0,-0.00924,-0.012144,0.463
0.463403265606,0.535386202029,-0.124052771024,-1.37507162678,0.0784044127969,1.90113526332,0.156816275981,-0.00771684442138,-0.0540610403064,-0.000159480394133,-0.0860863897573,-0.00120992510858,0.0276060076511,-0.00581539788249,0.574074437323,0.818788603403,0.002123735297,0.0,0.818747160224,-0.574014569442,-0.0118789138689,0.0,-0.00850742808888,0.00855834781349,-0.999927186524,0.0,0.659476817027,0.25792895415,0.303432526441,1.0,-0.00958,-0.0125908571429,0.48
0.463285385046,0.534503334639,-0.124058176423,-1.37650994451,0.0783287090004,1.90165892446,0.156632051259,-0.00764242650619,-0.049057561491,0.000270756056058,-0.0876574537823,-0.00748258305641,0.0270455908817,-0.0145681201745,0.574082521114,0.818782995845,0.00210037301312,0.0,0.818741140164,-0.574022637977,-0.0119039234333,0.0,-0.00854123287853,0.00855366085577,-0.999926938444,0.0,0.659306080159,0.257712218403,0.30341640465,1.0,-0.00992,-0.0130377142857,0.497
0.46315152198,0.533578767368,-0.124060957331,-1.37798832956,0.0782404842297,1.90219858031,0.156453897232,-0.00713696597156,-0.0567162311896,-0.000366968966306,-0.0823656442649,-0.00246364907573,0.0274651646337,-0.00886093731416,0.574105456674,0.818766947575,0.00208736138403,0.0,0.818724895921,-0.574045597193,-0.0119140272066,0.0,-0.00855673582072,0.00854904735783,-0.999926845355,0.0,0.659134156781,0.257481349369,0.30341172204,1.0,-0.01026,-0.0134845714286,0.514
0.463021229449,0.532641210072,-0.124064073404,-1.37950752065,0.0781572566571,1.90278767522,0.156256258206,-0.0101807555451,-0.0538276516216,0.000120640832367,-0.0894542966988,-0.00382458258717,0.0392497213669,-0.0110307577102,0.574113451496,0.818761321798,0.00209514696484,0.0,0.818719323329,-0.574053511013,-0.0119156620967,0.0,-0.00855352145893,0.00855644393659,-0.99992680959,0.0,0.658961434984,0.257252133452,0.303400908456,1.0,-0.0106,-0.0139314285714,0.531
0.462895591637,0.531708748454,-0.124063896124,-1.38097908601,0.0780758235678,1.90331867729,0.156068840414,-0.00696544189919,-0.0627733375296,0.000423854213501,-0.0917925376458,-0.00262395928011,0.0367961421476,-0.00834382590869,0.574121080251,0.818755979712,0.00209231891835,0.0,0.818713836001,-0.574061042,-0.0119298658351,0.0,-0.00856669514658,0.00856236276027,-0.999926646149,0.0,0.65878563934,0.257029874832,0.30340381072,1.0,-0.01092,-0.014352,0.547
0.462754880117,0.530719069247,-0.124061765043,-1.38261960057,0.0779677278056,1.90389012295,0.155865710052,-0.0103510471514,-0.0598473887622,-0.00120885264196,-0.0945313398976,-0.014577406446,0.0317118934665,-0.0152964536807,0.574128558305,0.818750918504,0.0020196259386,0.0,0.818707815572,-0.574068808769,-0.0119692281007,0.0,-0.00864057860242,0.0085255233567,-0.999926325212,0.0,0.658584473178,0.256777996312,0.303369856708,1.0,-0.01126,-0.0147988571429,0.564
0.462620768744,0.529683776138,-0.124064844276,-1.38426271041,0.07786439995,1.90448959384,0.155653026952,-0.00879438312698,-0.0595384577419,4.96835001262e-06,-0.10190188478,-0.00789079830529,0.0443184534644,-0.0123519373576,0.574127835906,0.818751450992,0.00200908868474,0.0,0.818708223563,-0.574068143358,-0.0119732348573,0.0,-0.00864991613909,0.00851918886628,-0.99992629847,0.0,0.658388269469,0.256530417263,0.303369164561,1.0,-0.0116,-0.0152457142857,0.581
0.46248110951,0.528607410653,-0.124073051432,-1.38593414098,0.0777650220283,1.90511894805,0.155409345665,-0.0109053573192,-0.0665794513386,-0.000680618585713,-0.101882408897,-0.00364732417788,0.0320109393256,-0.0186691337108,0.574112419354,0.818762192519,0.00203689647969,0.0,0.818719342238,-0.574052626879,-0.011956885891,0.0,-0.00862072630864,0.00853240750815,-0.999926437844,0.0,0.658194396687,0.256276061435,0.303386426368,1.0,-0.01194,-0.0156925714286,0.598
0.462344474856,0.527491276507,-0.124070552405,-1.38765678512,0.0776530912634,1.90579047507,0.155167043314,-0.00790389231569,-0.069630444065,-0.00298508370511,-0.100560430653,-0.00998642789457,0.0405178536555,-0.0121870322988,0.574087383404,0.81877962006,0.00208731719375,0.0,0.81873750699,-0.574027465576,-0.0119210030462,0.0,-0.00856266180409,0.00855282699027,-0.999926762305,0.0,0.65799498288,0.256025222863,0.303410332285,1.0,-0.01228,-0.0161394285714,0.615
0.462196010389,0.526411026797,-0.124075973417,-1.3893386027,0.0775512692808,1.90642262354,0.15494610633,-0.00872556026244,-0.0684104724384,-0.00168792311612,-0.104435633592,-0.00581462685341,0.0406219478928,-0.012087459498,0.574095313218,0.818773998342,0.00211136943427,0.0,0.818732214749,-0.574035312506,-0.0119066128357,0.0,-0.00853698874864,0.00856434168845,-0.999926883264,0.0,0.657800097494,0.255765365529,0.303425001588,1.0,-0.0126,-0.01656,0.631
0.462052267207,0.525228027957,-0.12407765139,-1.3911698527,0.0774336529898,1.90707866494,0.154700804486,-0.00957709519907,-0.0674171938568,-0.00202183216729,-0.107591543199,-0.00791303664289,0.0411227306854,-0.0157732676606,0.574080096269,0.818784658821,0.00211481659063,0.0,0.818742929844,-0.57402009321,-0.0119035424062,0.0,-0.00853265497142,0.00856524280947,-0.999926912536,0.0,0.657575890309,0.25549353353,0.30344247608,1.0,-0.01294,-0.0170068571429,0.648
0.461895794167,0.524062986639,-0.124082949769,-1.39305551587,0.0773159387714,1.90775066637,0.154434908732,-0.00629940479644,-0.0695843829924,-0.00130909649735,-0.1093125065,-0.00338212438594,0.0360103191557,-0.0175296417843,0.574063740554,0.818796240525,0.00207006850191,0.0,0.818753910545,-0.574003904227,-0.0119289061036,0.0,-0.00857928124682,0.00854299361867,-0.999926703911,0.0,0.657345089404,0.255205630777,0.303422661135,1.0,-0.01328,-0.0174537142857,0.665
0.46173252594,0.522853406187,-0.124087217233,-1.39498403151,0.0771974776797,1.90848223146,0.154183048693,-0.0106594859309,-0.0699601251863,-0.00254678236386,-0.116964909156,-0.00995159832861,0.038156245707,-0.0103111708856,0.574065828012,0.818794759207,0.0020770906413,0.0,0.818752546532,-0.574005988317,-0.0119222407485,0.0,-0.00856977077116,0.00854493877556,-0.999926768844,0.0,0.657118194817,0.254913288216,0.303418575542,1.0,-0.01362,-0.0179005714286,0.682
0.461582200007,0.521682835337,-0.1240880174,-1.39682602308,0.077087051544,1.90921263165,0.153922783231,-0.00996779420445,-0.0680414934487,-0.00216375189321,-0.116681990987,-0.00910445838566,0.0446943182817,-0.016265301196,0.574045457092,0.818808917353,0.00212531320714,0.0,0.818767361638,-0.573985452594,-0.0118934699745,0.0,-0.00851874442251,0.00856769444986,-0.999927010139,0.0,0.656905286175,0.254642457695,0.303427722109,1.0,-0.01394,-0.0183211428571,0.698
0.461417019495,0.520419121926,-0.124097786479,-1.39885763746,0.0769636574867,1.90995254955,0.153659232806,-0.0125983257715,-0.07603419591,-0.0021291906692,-0.123835922652,-0.00402307848392,0.0384254465817,-0.0142788253826,0.574046909783,0.818807968778,0.00209822196106,0.0,0.818766051957,-0.573987006665,-0.0119086205414,0.0,-0.00854668580389,0.00855422442809,-0.99992688703,0.0,0.656657873845,0.254333999481,0.303412843711,1.0,-0.01428,-0.018768,0.715
0.461250034077,0.519097510855,-0.124102462306,-1.40091485367,0.0768233994709,1.91069831771,0.153380942819,-0.00886088181395,-0.0755253538363,-0.000459822270757,-0.119411208256,-0.00671094260526,0.0433606869972,-0.0182123746681,0.57403044941,0.818819509511,0.00209783113935,0.0,0.818777689928,-0.573970652357,-0.0118967058073,0.0,-0.00853732567631,0.00854689326938,-0.999927029681,0.0,0.656406609114,0.254022793884,0.303426333829,1.0,-0.01462,-0.0192148571429,0.732
0.461079514782,0.517804414797,-0.124103454833,-1.40290600639,0.0766965543274,1.91141482821,0.153112622938,-0.0124268691905,-0.0845084917808,-0.00039235435161,-0.122566564117,-0.00916653382156,0.0422667235407,-0.0134665138157,0.574022247739,0.81882522483,0.0021112042419,0.0,0.818783575304,-0.573962393457,-0.0118901055817,0.0,-0.00852433065618,0.00855396917963,-0.99992708004,0.0,0.656162993025,0.253719108032,0.303448211296,1.0,-0.01494,-0.0196354285714,0.748
0.460880541899,0.516394464682,-0.124114208344,-1.40515529026,0.0765502546603,1.91224907087,0.152799926204,-0.0118406428901,-0.079026422419,-0.000558649484193,-0.125997187342,-0.0101575183881,0.0497582478732,-0.0184711096965,0.574016254767,0.818829460056,0.0020979775098,0.0,0.818787732966,-0.573956549585,-0.0118858922076,0.0,-0.00852853496674,0.00854065801278,-0.999927157973,0.0,0.655894545447,0.253366844973,0.303439374097,1.0,-0.0153,-0.0201085714286,0.766
0.460707716219,0.515102059576,-0.12411301802,-1.40721444487,0.0764287112486,1.91302609829,0.152517667237,-0.0092906789975,-0.082089237918,0.000676435433123,-0.125219200091,-0.00684940647886,0.0476207868918,-0.0135568393243,0.574001781132,0.81883958173,0.00210749858983,0.0,0.818797919179,-0.573941979704,-0.0118877409058,0.0,-0.00852473500571,0.00854936451533,-0.999927115974,0.0,0.655645183467,0.253059862415,0.303432862527,1.0,-0.01562,-0.0205291428571,0.782
0.460514307451,0.513679961069,-0.124120968775,-1.40948514495,0.0762996812052,1.91381605921,0.152209612496,-0.0109978366175,-0.0857769711177,6.03891464111e-05,-0.136173535278,0.000187022636704,0.0458021271466,-0.0122776365986,0.573997951654,0.818842382061,0.00206197448001,0.0,0.818799962165,-0.573938172293,-0.0119307688314,0.0,-0.00858613861513,0.00853674585591,-0.99992669841,0.0,0.655358434666,0.252710439513,0.303417585703,1.0,-0.01596,-0.020976,0.799
0.460323938321,0.512287481027,-0.124124855289,-1.41176110318,0.0761538201208,1.91461806333,0.151891610566,-0.0115669075524,-0.0860651882339,0.000314074772194,-0.134958460124,-0.012056184457,0.0446313688187,-0.0156899396073,0.573975914141,0.81885801331,0.00198769330243,0.0,0.818814595037,-0.573916417088,-0.0119729717574,0.0,-0.0086635608487,0.0084999133456,-0.999926344381,0.0,0.655070380207,0.252362556887,0.303379539297,1.0,-0.0163,-0.0214228571429,0.816
0.460128465353,0.51083333853,-0.124125481598,-1.41406037044,0.0760229195162,1.91549556256,0.151561983385,-0.0134595744054,-0.0868399884903,0.000166176770496,-0.13776289571,-0.00570614877745,0.0561743210872,-0.0243024817743,0.573951651681,0.818874944009,0.00201854123602,0.0,0.818831836833,-0.573891938495,-0.0119671558952,0.0,-0.0086413459434,0.00852157878676,-0.999926352206,0.0,0.65479234618,0.252018774272,0.303379547922,1.0,-0.01664,-0.0218697142857,0.833
0.459939216251,0.509435845322,-0.124128719256,-1.41629200342,0.0758776203969,1.916321976,0.151256545227,-0.00925687520049,-0.0898675374019,-0.000331822869887,-0.138835624437,-0.0109349412206,0.0448442688328,-0.0199466453231,0.573933419693,0.818887732366,0.00201455708066,0.0,0.818844622426,-0.573873773939,-0.0119633945892,0.0,-0.0086407419529,0.0085159651585,-0.99992640525,0.0,0.654501313873,0.251659217772,0.303373449466,1.0,-0.01698,-0.0223165714286,0.85
0.45973256553,0.50792439189,-0.124134108667,-1.41866646153,0.0757217359148,1.91717254753,0.150922679682,-0.00985217153107,-0.0875193948377,-0.000371273371678,-0.140400131951,-0.0132402003864,0.051986644203,-0.0171879802902,0.573916378836,0.818899739902,0.00198821370507,0.0,0.818856319982,-0.573856878719,-0.011973173104,0.0,-0.00866404503933,0.00849982515685,-0.999926340935,0.0,0.654221163007,0.251311522217,0.303368390466,1.0,-0.0173,-0.0227371428571,0.866
0.459509849619,0.506379468336,-0.124136593464,-1.42109008892,0.0755709235018,1.91805903262,0.150587113031,-0.011363230324,-0.091862199337,-0.000213136186647,-0.145505202165,-0.0121752545915,0.0526266205457,-0.0129203667663,0.573910356155,0.818903949347,0.00199292321299,0.0,0.818860561678,-0.573850808344,-0.0119740215554,0.0,-0.00866209971684,0.00850410492744,-0.9999263214,0.0,0.653923077672,0.250932970175,0.303372025403,1.0,-0.01764,-0.023184,0.883
0.459292095603,0.504775739452,-0.124140880554,-1.42355701489,0.0754173659373,1.91902302252,0.150243269649,-0.0111974131529,-0.0969091469294,-0.000341274792702,-0.149849911682,-0.00527388869227,0.0597973741987,-0.0310258969416,0.57389621026,0.818913660653,0.00207440278527,0.0,0.818871408492,-0.573836398236,-0.0119227226035,0.0,-0.00857347765544,0.00854123889403,-0.999926768678,0.0,0.653629944283,0.250557060338,0.303402327221,1.0,-0.01798,-0.0236308571429,0.9
0.459062303147,0.503107688368,-0.124149392978,-1.42604153738,0.075262097125,1.91995764355,0.149902276277,-0.0147175188569,-0.098798859323,-0.00167073236316,-0.147303577709,-0.00982553305523,0.0588533531066,-0.0215229653893,0.57389311083,0.818915533671,0.00218928180392,0.0,0.818874861068,-0.573832920522,-0.0118527691308,0.0,-0.00845029748128,0.00859513586448,-0.999927355417,0.0,0.653315186982,0.250145411371,0.303478378707,1.0,-0.01834,-0.024104,0.918
0.458827976584,0.501397178132,-0.124150572445,-1.42857554139,0.0750982668923,1.92086726574,0.14955848069,-0.0128292254066,-0.102190450118,-0.000930038289985,-0.153333512852,-0.0146271564054,0.0493137584663,-0.0198813530313,0.5738931469,0.818915360248,0.00224401268936,0.0,0.818875376076,-0.573832717509,-0.0118269892519,0.0,-0.00839777694747,0.00862516087614,-0.999927539346,0.0,0.653015895689,0.249770952756,0.303532809156,1.0,-0.01866,-0.0245245714286,0.934
0.458585749033,0.499689268441,-0.124152944454,-1.43116169299,0.0749369779718,1.92178779153,0.149181807241,-0.0172353797091,-0.101737147599,-0.000794939636567,-0.151398376058,-0.00588192225099,0.0587717175645,-0.0189221268665,0.573872744756,0.818929555245,0.00228106849476,0.0,0.818889990348,-0.573812109532,-0.0118149720454,0.0,-0.00836688616589,0.00864840110308,-0.999927597566,0.0,0.652690890419,0.249363651408,0.303573294953,1.0,-0.019,-0.0249714285714,0.951
0.458332342738,0.498016980393,-0.12415030078,-1.43379196825,0.074773366195,1.92277960234,0.148803689528,-0.0170782537271,-0.106172232782,0.000329652678963,-0.157130981952,-0.0136230119787,0.059028505201,-0.0253975437477,0.573858334526,0.818939577494,0.00230807490511,0.0,0.818900341387,-0.573797573922,-0.0118034714917,0.0,-0.0083421227871,0.00866377062402,-0.999927671417,0.0,0.652369153789,0.248950784514,0.303573431474,1.0,-0.01934,-0.0254182857143,0.968
0.458084482452,0.496448376027,-0.124145046471,-1.43630714861,0.0746151938852,1.92367288331,0.14842459826,-0.0151676843831,-0.103353984957,0.00174492864327,-0.157732282796,-0.0171097178667,0.0563750012477,-0.0261644768569,0.573831501892,0.818958505772,0.00226277735865,0.0,0.81891857077,-0.573770806521,-0.0118398873708,0.0,-0.00839822257149,0.00864729724003,-0.999927344415,0.0,0.652049372298,0.248549779825,0.303546890817,1.0,-0.01966,-0.0258388571429,0.984
0.457819239257,0.494765128126,-0.124156131014,-1.43905038146,0.0744474140621,1.92461086535,0.148042192375,-0.0161845181824,-0.0972356323052,-0.00183959353431,-0.167580422529,-0.00845213416749,0.0625305404803,-0.0274888736751,0.57383624002,0.818955467176,0.0021585465802,0.0,0.818914029212,-0.573775809654,-0.0119113355963,0.0,-0.00851649556513,0.00860298574354,-0.999926726285,0.0,0.651693589421,0.248104024509,0.303495539248,1.0,-0.01998,-0.0262594285714,1.001
0.457504972436,0.49257351172,-0.124219441212,-1.44234527571,0.0742517954203,1.92580779862,0.147581762324,-0.0226166819227,-0.160022449096,-0.00445829861404,-0.225254024323,-0.0153435034984,0.0855359075768,-0.032020708865,0.573874671518,0.818928343359,0.0022308598373,0.0,0.818887986194,-0.573814088995,-0.0118576658127,0.0,-0.00843064213089,0.00863180458189,-0.999927205462,0.0,0.651292921094,0.247550095907,0.303558519913,1.0,-0.0340074285714,-0.044695477551,1.018
0.457148800904,0.489542867604,-0.124270550403,-1.44707541903,0.0740033996893,1.92764836454,0.146841544431,-0.0316626025791,-0.213226734186,0.000904534179606,-0.331883182464,-0.0162229192962,0.128044005492,-0.0501894317337,0.573767726576,0.819002914672,0.00235978792631,0.0,0.818964108998,-0.57370652714,-0.0118049054044,0.0,-0.00831458627919,0.00870602297075,-0.999927533784,0.0,0.650701742104,0.246851978461,0.303576299528,1.0,-0.0472097142857,-0.0620470530612,1.034
0.45651410473,0.485166899813,-0.124331220422,-1.45398053854,0.073622188502,1.93027915447,0.145810796355,-0.0401149350909,-0.282382127291,-0.00159294351945,-0.44098064483,-0.0220737381495,0.169201617429,-0.0672221638221,0.573728034241,0.819030444909,0.00245355654027,0.0,0.818992681419,-0.573666299056,-0.0117776063112,0.0,-0.00823885406048,0.00876675655412,-0.999927630013,0.0,0.649845512115,0.245759690688,0.303559763551,1.0,-0.0612371428571,-0.0804831020408,1.051
0.455668271025,0.479597875776,-0.124503085302,-1.46286730767,0.073091091063,1.93336607181,0.144455795749,-0.0571034071356,-0.348176738317,-0.00869337345459,-0.557008348413,-0.0326191991251,0.194377238313,-0.0912969253608,0.573727072717,0.819031736469,0.0022377644641,0.0,0.818991194303,-0.57366619991,-0.0118853538223,0.0,-0.00845091484953,0.00865182522215,-0.999926861305,0.0,0.648699883903,0.244254536547,0.303465475836,1.0,-0.0752645714286,-0.0989191510204,1.068
0.454594502079,0.472800274571,-0.124665615477,-1.47354079343,0.0724636974977,1.93709534942,0.142911180228,-0.0664037600957,-0.420301686486,-0.00951670026785,-0.660272762682,-0.0348193866137,0.227891027691,-0.0974441583244,0.57380556105,0.818977093108,0.00210854770457,0.0,0.818934634124,-0.573744968603,-0.0119801058559,0.0,-0.00860182924431,0.00860117970442,-0.999926011384,0.0,0.647316494601,0.242441657184,0.303418255777,1.0,-0.089292,-0.1173552,1.085
0.453417614269,0.465343733533,-0.124785594744,-1.48487009399,0.0717888029763,1.94134309405,0.141103564475,-0.0789488183631,-0.480666221365,-0.0121191324376,-0.741572804401,-0.047956374237,0.280451879782,-0.124375616655,0.573733871922,0.819026440308,0.00242511603609,0.0,0.818988166473,-0.573672093897,-0.0118092659684,0.0,-0.00828103911002,0.00876168591408,-0.999927325985,0.0,0.645888337501,0.240547563746,0.303545365168,1.0,-0.102494285714,-0.13470677551,1.101
0.451907122042,0.456446073214,-0.124888268653,-1.49874524622,0.0709124684877,1.94619475953,0.13897707617,-0.0957904462656,-0.533276761958,-0.0113877060692,-0.847482427665,-0.0552553554291,0.288693808771,-0.125144574164,0.573713661783,0.819041050346,0.00226694347207,0.0,0.819000238745,-0.573652007651,-0.0119469642318,0.0,-0.0084847808172,0.0087109315539,-0.99992606135,0.0,0.64391874663,0.238025603657,0.303466563807,1.0,-0.117346857143,-0.154227297959,1.119
0.45012312844,0.446277365004,-0.125057399321,-1.51409406649,0.0698507858562,1.95164969221,0.136559547115,-0.10751337673,-0.619237734374,-0.00710075868775,-0.926245346411,-0.0672790443705,0.331194916056,-0.142328700728,0.573724923358,0.819032536699,0.00248254854444,0.0,0.818995414917,-0.573663364233,-0.0117303786075,0.0,-0.00818357215658,0.00876337516488,-0.999928113617,0.0,0.642027600769,0.235458276425,0.303640006217,1.0,-0.130549142857,-0.171578873469,1.135
0.448131203473,0.435224488383,-0.125192434993,-1.53109462444,0.0687661818948,1.9574668776,0.133856359584,-0.124728639095,-0.673836190199,-0.0105900905716,-1.01711344967,-0.061749439249,0.350990624766,-0.162064968717,0.573699195297,0.819050871271,0.00237707527172,0.0,0.819011695998,-0.573637315213,-0.0118667314201,0.0,-0.00835603851146,0.00875495527632,-0.999926761007,0.0,0.639685180658,0.232470093975,0.303612854163,1.0,-0.144576571429,-0.190014922449,1.152
0.445846209189,0.423031841475,-0.125342702423,-1.54938098783,0.0675050118355,1.96388439401,0.130819686179,-0.138120861258,-0.713613545498,-0.0093802346627,-1.09037484141,-0.0752937827312,0.376881347552,-0.185491551468,0.573633203911,0.81909638139,0.00261003189101,0.0,0.819060561563,-0.57357081263,-0.0117075314822,0.0,-0.00809271436922,0.00885377344297,-0.999928056747,0.0,0.637186800905,0.229172918809,0.303769507689,1.0,-0.158604,-0.208450971429,1.169
0.443268496665,0.409882997282,-0.125503887631,-1.5689617749,0.0661015593603,1.97080824579,0.127552971364,-0.158742505472,-0.77453475284,-0.00855310035859,-1.17681621511,-0.0797616612944,0.412436878094,-0.192910935847,0.573612695671,0.819109558233,0.00295869528089,0.0,0.819079006891,-0.573550002609,-0.0114333669181,0.0,-0.00766836807919,0.00898190254031,-0.999930258347,0.0,0.63449001656,0.225569915983,0.303963820911,1.0,-0.172631428571,-0.226887020408,1.186
0.440339578941,0.395860803314,-0.125672923665,-1.58987972408,0.0647184259188,1.97794864217,0.124004886258,-0.181435660805,-0.855266710357,-0.0106584260516,-1.24777951775,-0.0859356378021,0.44021975349,-0.211551934873,0.573688210932,0.819055837675,0.0031809290501,0.0,0.8190274878,-0.573624043121,-0.0114095697738,0.0,-0.00752056214009,0.00915098018452,-0.999929847893,0.0,0.631512916983,0.221632112061,0.304085721366,1.0,-0.186658857143,-0.245323069388,1.203
0.437313993794,0.382002744603,-0.125824001076,-1.61073473519,0.0631451255428,1.98489553108,0.12032325978,-0.19786601917,-0.89279148003,-0.0121746864147,-1.3157204635,-0.0918605898736,0.43742304996,-0.240704926174,0.573620586134,0.819103636991,0.0030662570419,0.0,0.819074061686,-0.573557076708,-0.0114327657456,0.0,-0.00760609301856,0.00906973601813,-0.999929941165,0.0,0.62845584485,0.217630292304,0.304062187394,1.0,-0.199861142857,-0.262674644898,1.219
0.433763209155,0.366372480766,-0.125986232601,-1.63403130255,0.0613875163689,1.99261386168,0.116154996132,-0.216736973489,-0.915520918397,-0.0044175690879,-1.38048156688,-0.10473344676,0.448105285589,-0.250255349718,0.573592876579,0.819123109451,0.0030480162534,0.0,0.819093372813,-0.573529514269,-0.0114319629224,0.0,-0.00761620437039,0.00905407673004,-0.999930006113,0.0,0.624977520046,0.213084187248,0.304073872579,1.0,-0.213888571429,-0.281110693878,1.236
0.430030194648,0.350894659593,-0.126193281469,-1.65700147107,0.0596117691528,2.00015637401,0.111929910426,-0.247625886661,-0.953553314773,-0.00879004776656,-1.47192172892,-0.115006129258,0.45884289683,-0.284802841568,0.573652206038,0.819081834108,0.0029736245187,0.0,0.81905121365,-0.57358915493,-0.0114602646173,0.0,-0.00768140367816,0.00900993031955,-0.99992990614,0.0,0.621269134139,0.208146237655,0.304037156962,1.0,-0.227916,-0.299546742857,1.253
0.425404280667,0.33264156834,-0.12641827594,-1.68378743193,0.0575613665161,2.00881218248,0.106821580611,-0.264475275732,-1.00815267472,-0.0133990905297,-1.53207632645,-0.123927651654,0.490037416618,-0.299445782667,0.573708183505,0.819042247625,0.00307631046347,0.0,0.819012826311,-0.573644661359,-0.0114253985771,0.0,-0.00759332125149,0.00907455710412,-0.999929994492,0.0,0.617345397135,0.202932308331,0.304093896384,1.0,-0.241943428571,-0.317982791837,1.27
0.421042943027,0.315624839874,-0.126586643886,-1.7084501548,0.055541608585,2.01663599538,0.101974451137,-0.285672672618,-1.0736125524,-0.0193187913817,-1.56448662907,-0.138569238144,0.494493169282,-0.308122751932,0.573607356992,0.819112588487,0.00314869628234,0.0,0.81908430621,-0.573543881068,-0.0113605771051,0.0,-0.00749982062796,0.00909573343809,-0.999930507747,0.0,0.613397157577,0.197831783353,0.304166796314,1.0,-0.255145714286,-0.335334367347,1.286
0.41593346001,0.296945969018,-0.126766603961,-1.73550201169,0.0532806739811,2.02501704318,0.0963790613227,-0.319948110131,-1.12226707468,-0.0148894768287,-1.61227068239,-0.149060200287,0.480999427835,-0.337681385711,0.5734549494,0.819219558779,0.00307935449014,0.0,0.819190303089,-0.573391601686,-0.0114046193309,0.0,-0.00757735710067,0.00906278722618,-0.999930222339,0.0,0.608959361411,0.192078763467,0.304150718289,1.0,-0.269173142857,-0.353770416326,1.303
0.410344896223,0.277477433333,-0.126991035173,-1.76328747898,0.0510082367228,2.03346130955,0.0905114085422,-0.344165579928,-1.1549879786,-0.0152941543975,-1.67344021729,-0.13763790036,0.490203483645,-0.353151490462,0.573461575119,0.81921458649,0.00316702468231,0.0,0.819185700876,-0.573397046151,-0.0114613196075,0.0,-0.00757346341763,0.00916718422585,-0.999929300193,0.0,0.604300525104,0.186008060082,0.304202896449,1.0,-0.283200571429,-0.372206465306,1.32
0.404195004297,0.257364372472,-0.127290374952,-1.79166574169,0.0485118001007,2.04196944294,0.0842462348128,-0.377201919659,-1.17976504566,-0.0213035880216,-1.69619196906,-0.158982403716,0.487026587137,-0.380709359924,0.573528418706,0.819167356157,0.00327756676497,0.0,0.819140197821,-0.573463923134,-0.0113671491152,0.0,-0.00743217428474,0.00920434695766,-0.999930018943,0.0,0.599471360069,0.179548779436,0.304284731026,1.0,-0.297228,-0.390642514286,1.337
0.397539092645,0.236577133395,-0.127572206429,-1.82069338637,0.0459013884258,2.05043920891,0.0775978950389,-0.39599826582,-1.22748207557,-0.0142199207171,-1.68073264842,-0.151635199114,0.483846270692,-0.39299327572,0.573584323365,0.819127750528,0.00339104791235,0.0,0.819102085476,-0.573519541212,-0.0113073567865,0.0,-0.00731747837013,0.00926351535975,-0.999930318469,0.0,0.594388353214,0.172809172198,0.304365418532,1.0,-0.311255428571,-0.409078563265,1.354
0.390448053649,0.21513715899,-0.12777535481,-1.85037302542,0.0431895506291,2.0589647653,0.0704599377758,-0.425909754607,-1.28212892136,-0.0149835252042,-1.75556709464,-0.162606741453,0.509227416783,-0.426845353213,0.573433989915,0.819232212895,0.00357595656113,0.0,0.819208651715,-0.573368377351,-0.0112532533368,0.0,-0.00716882524455,0.00938263315825,-0.99993028464,0.0,0.58903239335,0.165889102986,0.304424875449,1.0,-0.325282857143,-0.427514612245,1.371
0.382738070197,0.193074553384,-0.128077380738,-1.88068876616,0.0402598328829,2.06726134382,0.0628788902686,-0.463440774497,-1.33078218315,-0.0224624970307,-1.80349443344,-0.177255913498,0.50766459307,-0.456132146225,0.573353835146,0.819288561214,0.00351853503327,0.0,0.819264194923,-0.573288299197,-0.0112894562063,0.0,-0.00723232661196,0.00935564290906,-0.999930080254,0.0,0.583398532327,0.15856531864,0.304416920997,1.0,-0.339310285714,-0.445950661224,1.388
0.374261816592,0.170368059881,-0.128530103467,-1.911421221,0.0373113463827,2.07536805743,0.0547800614626,-0.510538499327,-1.35062700295,-0.0244622123431,-1.80569352154,-0.18345216969,0.476173749641,-0.49129303565,0.573514980949,0.819175768451,0.00351765703034,0.0,0.819150743554,-0.573448590345,-0.011380705929,0.0,-0.00730574371775,0.00940867786223,-0.999929048928,0.0,0.577218104129,0.150325136592,0.304442482529,1.0,-0.354162857143,-0.465471183673,1.406
