position_joint1,position_joint2,position_joint3,position_joint4,position_joint5,position_joint6,position_joint7,velocity_joint1,velocity_joint2,velocity_joint3,velocity_joint4,velocity_joint5,velocity_joint6,velocity_joint7,ee_T_00,ee_T_10,ee_T_20,ee_T_30,ee_T_01,ee_T_11,ee_T_21,ee_T_31,ee_T_02,ee_T_12,ee_T_22,ee_T_32,ee_T_03,ee_T_13,ee_T_23,ee_T_33,v_x,v_y,time
0.465095400044,0.547783490772,-0.123982487366,-1.35577304917,0.0794519436487,1.89409229296,0.159178844833,-0.00216720682673,-0.000414059896516,0.0003166573361,-0.000971513654795,-0.00011291806596,-0.000207987907055,-0.0014280227862,0.573783789487,0.81899271661,0.00195958229227,0.0,0.818950153043,-0.573725629154,-0.011844668983,0.0,-0.00857660017032,0.00840124102234,-0.999927927942,0.0,0.661684769038,0.260907082075,0.303240275153,1.0,0.0,0.0,0.0
0.465103273504,0.547780733693,-0.123985248822,-1.35577054352,0.0794480340255,1.89409229102,0.159171741163,0.00059332501714,-0.00135315337132,0.000133189399328,-0.0011335378747,-7.54984863091e-05,-0.000132413064974,-0.00162173489695,0.573772275591,0.819000778944,0.00196131397477,0.0,0.818958289174,-0.573714159863,-0.0118376630589,0.0,-0.00856998666566,0.00839851890581,-0.999928007513,0.0,0.661684216231,0.260910394652,0.303243504966,1.0,-0.00016,-0.000210285714286,0.009
0.465100260187,0.547785148842,-0.123982857307,-1.35577093837,0.0794483239216,1.89409233075,0.15917794624,0.000190160004608,0.00125833999901,0.00138963669603,0.000416113222947,3.35367616616e-05,-7.13024455333e-05,-0.000142466978538,0.573778260578,0.818996594351,0.00195781276536,0.0,0.818954044514,-0.573720144098,-0.0118412892398,0.0,-0.00857490403178,0.0083977947092,-0.999927971438,0.0,0.661684236791,0.260909728614,0.303240114054,1.0,-0.00042,-0.000552,0.022
0.465091840222,0.547775458094,-0.123988387126,-1.35578830554,0.0794501794496,1.8940951566,0.159178701579,-0.00129049072527,0.00335608469106,-0.00050772938777,-0.0012460938392,-0.000193955131534,-0.000193612104876,-0.00781218868849,0.573791080864,0.818987621627,0.00195398155447,0.0,0.818945019674,-0.573732976161,-0.0118437205806,0.0,-0.00857896206855,0.00839618634859,-0.999927950137,0.0,0.661684437461,0.260899514411,0.303239145149,1.0,-0.0008,-0.00105142857143,0.041
0.465098256045,0.547706578246,-0.123983885863,-1.35584590029,0.0794476735131,1.89410184932,0.15918028592,0.00100184274908,-0.010289797246,-0.00023540212818,-0.0120120610359,-0.000138924394751,0.000761774303217,0.00089091687976,0.573786383893,0.818990868388,0.00197232269801,0.0,0.818948454482,-0.573728155799,-0.011839723249,0.0,-0.00856521306793,0.00840886451133,-0.999927961467,0.0,0.661671826182,0.260900484641,0.30326095541,1.0,-0.0011,-0.00144571428571,0.056
0.4650913805,0.547578246788,-0.123982884677,-1.35600270701,0.0794448303985,1.89414173529,0.159177116838,-0.000722883838948,-0.00946682785679,-0.00035758603413,-0.0120980202215,0.000169273032663,0.00106312735718,0.00144969365334,0.573796575476,0.818983692071,0.00198720800288,0.0,0.818941383554,-0.573738199152,-0.0118421297528,0.0,-0.00855853878444,0.00842254252986,-0.999927903497,0.0,0.661648949438,0.260881836763,0.303280656978,1.0,-0.00144,-0.00189257142857,0.073
0.465081154459,0.547429230369,-0.123985401864,-1.35621000269,0.0794425279211,1.89421370278,0.159165249276,-0.00061679767059,-0.00279865751983,-0.000693744643343,-0.0127988710105,-0.000704809592843,0.00642701897342,-0.00129960179399,0.573807929095,0.818975695833,0.00200425652029,0.0,0.818933522892,-0.573749397528,-0.0118431761162,0.0,-0.00854949703396,0.0084372236568,-0.999927857076,0.0,0.661623088297,0.260855481047,0.303293880571,1.0,-0.00178,-0.00233942857143,0.09
0.465058557246,0.547253548606,-0.123983461719,-1.35639954816,0.0794385956812,1.89431754911,0.159160336502,-0.000697722251742,-0.0111847920817,0.000908076341652,-0.00931818355053,0.000275531980207,0.00380890728045,0.000738154127685,0.573830761804,0.818959495387,0.00208533579782,0.0,0.818918346101,-0.573771873228,-0.0118036779642,0.0,-0.00847039020352,0.00848119655022,-0.999928158317,0.0,0.661610656021,0.260827892489,0.30333705442,1.0,-0.0021,-0.00276,0.106
0.465036033768,0.54704486396,-0.123983532619,-1.35665671596,0.0794312069811,1.89445342517,0.159146631184,-0.00160280055088,-0.0121450971048,0.000694904428207,-0.0163101447226,7.88373051364e-05,0.00521190045165,0.000391470603512,0.573850667523,0.818945344827,0.0021634395841,0.0,0.818905193209,-0.573791454357,-0.0117642824883,0.0,-0.00839310282685,0.00852275735892,-0.999928456657,0.0,0.661590601779,0.260793208596,0.30337425433,1.0,-0.00246,-0.00323314285714,0.124
0.464997432605,0.546829655608,-0.123980048678,-1.35698206793,0.0794251740749,1.89458703628,0.159120324921,-0.00598659690041,-0.00897745928781,0.0011200315859,-0.0245560867592,-4.56504148343e-05,0.00692285903994,0.00120401903677,0.573874989457,0.818928227932,0.00219108952315,0.0,0.818888314636,-0.573815543851,-0.0117642122476,0.0,-0.00837692554439,0.00854560931586,-0.999928397276,0.0,0.661557908178,0.260741992236,0.303383298214,1.0,-0.0028,-0.00368,0.141
0.464970951161,0.54657849347,-0.123980757385,-1.35735202097,0.0794138999739,1.8947141068,0.159024768711,-0.00462768794406,-0.017928490493,-0.000498543832862,-0.0207667541522,0.00024364243223,0.00338935917901,-0.00810228418103,0.573844511157,0.818949561639,0.00219986543053,0.0,0.818909691041,-0.573784962779,-0.0117678081901,0.0,-0.00837515290216,0.00855454795982,-0.999928335694,0.0,0.66151593944,0.260690613997,0.303395072695,1.0,-0.0031,-0.00407428571429,0.156
0.464929513787,0.546283868361,-0.12398433069,-1.35780052167,0.0793901222774,1.89487461217,0.158931735098,-0.00198876513697,-0.0176937447981,-0.000311406969904,-0.0305233745499,-0.00127399734227,0.00887685753819,-0.000451596457923,0.573815509465,0.818969848656,0.00221246275051,0.0,0.818930074822,-0.57375584787,-0.0117688779526,0.0,-0.0083691038856,0.00856518189032,-0.999928295309,0.0,0.661462513113,0.260618446164,0.303405302139,1.0,-0.00346,-0.00454742857143,0.174
0.464879691134,0.546000432068,-0.123983788004,-1.35830526724,0.0793363989515,1.89504863767,0.158912349098,-0.00229518442816,-0.0135703888752,0.000445577253643,-0.0326543876853,-0.0076185920546,0.00474421271196,-0.0011825588246,0.573854003998,0.81894302098,0.00215809770709,0.0,0.818902726126,-0.573794736141,-0.0117759425391,0.0,-0.0084056826889,0.00852510800724,-0.999928330948,0.0,0.6614046901,0.260532718461,0.303380751024,1.0,-0.0038,-0.00499428571429,0.191
0.46483377714,0.545678935856,-0.123986026404,-1.35885686398,0.079254341687,1.8952311465,0.158837559375,0.000268574251313,-0.0210492263932,3.84115417009e-05,-0.0338097563672,-0.00188737234901,0.0107417829581,-0.000749814322229,0.573840856417,0.818952410622,0.00208986687432,0.0,0.818911642215,-0.573782271575,-0.0117632466693,0.0,-0.00843457304581,0.00846181077311,-0.999928625321,0.0,0.661339961231,0.260438895182,0.303361605183,1.0,-0.00412,-0.00541485714286,0.207
0.464760299209,0.545306289922,-0.123983944949,-1.35951558923,0.0792495337724,1.89544044455,0.158747961301,-0.00209584148527,-0.0197666986905,0.00114451953468,-0.0411165772551,0.000222338327159,0.0109971656323,-0.00180569450582,0.573861558672,0.818938019761,0.00204405710301,0.0,0.818896279679,-0.573802776495,-0.0118323165918,0.0,-0.0085172122606,0.00846414536022,-0.99992790507,0.0,0.661259105794,0.260331629317,0.303329984577,1.0,-0.00446,-0.00586171428571,0.224
0.464704669293,0.544874931777,-0.123992067693,-1.36021387421,0.0792290669005,1.89567767257,0.158657484417,-0.00207738386722,-0.0294391907363,-0.00139310155714,-0.0389724759368,-0.00142159815998,0.00585981567405,-0.00422745762285,0.573876015229,0.818927931841,0.00202694255295,0.0,0.818885765164,-0.57381709795,-0.0118654377271,0.0,-0.008554008776,0.00846928758524,-0.999927547426,0.0,0.66117045958,0.260216857342,0.30332301292,1.0,-0.00482,-0.00633485714286,0.242
0.464627154732,0.544445620813,-0.12399206462,-1.36094157075,0.0792030423051,1.89593631153,0.158570628818,-0.00218067501285,-0.0225744381315,0.000560020930823,-0.0485323394105,-0.000911424845134,0.0140272156961,-0.00524089743666,0.573898118522,0.818912498996,0.00200385770422,0.0,0.818869861692,-0.573839124692,-0.0118977092823,0.0,-0.00859345634035,0.00846913471002,-0.999927210484,0.0,0.661091948293,0.260107051791,0.303303698385,1.0,-0.00514,-0.00675542857143,0.258
0.464561471576,0.54393222023,-0.123993370616,-1.36178453946,0.0791506833484,1.89623831,0.158465893049,-0.00677806509937,-0.0299199602197,0.000472046113358,-0.0460121005042,-0.001280808085,0.0161280988508,-0.00134999947337,0.573900064462,0.818911196972,0.00197848088316,0.0,0.818868226417,-0.573841172283,-0.0119114927491,0.0,-0.00861928694354,0.00845628439801,-0.999927096916,0.0,0.660992058779,0.259981573126,0.303291958321,1.0,-0.0055,-0.00722857142857,0.276
0.464487309385,0.543410391096,-0.123995591424,-1.3626313139,0.0791019932827,1.89652560088,0.158369601222,-0.00612597523162,-0.0335957448638,0.000791487118116,-0.0520171477274,-0.000903818708464,0.00942794657782,0.000528266542978,0.573917524818,0.818899035325,0.00194719074238,0.0,0.818855602943,-0.573858707631,-0.0119344922675,0.0,-0.00865589849487,0.00844404488554,-0.999926884091,0.0,0.66089066413,0.259849220539,0.303283070745,1.0,-0.00584,-0.00767542857143,0.293
0.464420108321,0.542891464215,-0.123993785949,-1.36346076589,0.0790502303125,1.89682093684,0.158249108786,-0.00305884334965,-0.0374151675068,0.00240853656248,-0.0527915958198,-0.00143547896648,0.0174781542097,-0.00828942776434,0.573904899236,0.818907915646,0.00193370781847,0.0,0.818864287721,-0.573846120783,-0.0119438209781,0.0,-0.00867140576312,0.00843822411234,-0.999926798869,0.0,0.66079210711,0.259725877933,0.303280874112,1.0,-0.00616,-0.008096,0.309
0.464351603757,0.5423390392,-0.123994232776,-1.36433300993,0.0789976229032,1.89713049203,0.158126878397,-0.00198400334551,-0.0251082675423,0.00214880481796,-0.056483308196,-0.00633667255176,0.0189646354798,-0.0090418227143,0.573895575811,0.81891447007,0.00192501296298,0.0,0.81887070235,-0.573836809355,-0.0119514000033,0.0,-0.0086826982725,0.00843535471038,-0.999926725086,0.0,0.660688185606,0.259596564837,0.303283247785,1.0,-0.00648,-0.00851657142857,0.325
0.464263935944,0.541668103771,-0.123999523514,-1.36534979975,0.0789383020695,1.89750819308,0.157990321031,-0.00485058767532,-0.0433515477649,-0.000571608426369,-0.0612755440594,-0.000229841734536,0.0244902376822,-0.0133157744275,0.573899842537,0.818911415764,0.00195211894297,0.0,0.818868002485,-0.573840962889,-0.0119369476312,0.0,-0.00865526351132,0.00844930278063,-0.999926845172,0.0,0.660573963141,0.259439731784,0.303306611858,1.0,-0.00684,-0.00898971428571,0.343
0.464182902887,0.541096596369,-0.123999549287,-1.3662356858,0.0788887826794,1.89783758896,0.157875888228,-0.00414394190592,-0.043602148962,0.000264307889809,-0.0612716022128,-0.00130500411274,0.020285698118,-0.00384254403517,0.573909270755,0.818904773886,0.00196650705281,0.0,0.818861504553,-0.573850287282,-0.0119344479556,0.0,-0.00864486220769,0.00845975012342,-0.999926846817,0.0,0.660465897882,0.259296276757,0.303317948163,1.0,-0.00716,-0.00941028571429,0.359
0.464086493512,0.540354611005,-0.124003090694,-1.36736890162,0.0788255599246,1.89825113599,0.157740990049,-0.00630064147234,-0.0402841655322,-0.00111033339998,-0.0648802370785,-0.00459235014623,0.0222036382829,-0.00751918250437,0.573925205352,0.818893554596,0.00198791463671,0.0,0.818850519006,-0.573866086487,-0.0119285038632,0.0,-0.00862754424363,0.00847403711268,-0.999926875414,0.0,0.660343688304,0.259130218139,0.303338573713,1.0,-0.0075,-0.00985714285714,0.376
0.463985956866,0.539618837453,-0.124002745485,-1.36850315658,0.0787584342765,1.89869191852,0.157604316649,-0.00139602620377,-0.0424446846744,0.000534030735815,-0.0663614246331,-0.000774730029227,0.0262473914959,-0.0114476733116,0.573940307733,0.818882882421,0.00202359552476,0.0,0.818840316743,-0.573881044583,-0.0119092084172,0.0,-0.00859110920794,0.00849233984813,-0.999927033841,0.0,0.660218530008,0.258958106328,0.303356828624,1.0,-0.00784,-0.010304,0.393
0.463895928085,0.538956346162,-0.124009098574,-1.3695345738,0.0786916005383,1.89908103315,0.157472712877,-0.00579418565299,-0.037620755542,0.000865883253454,-0.0725591545622,-0.00765622190189,0.0284899810101,-0.0046817957895,0.57394987987,0.818876142509,0.00203605692051,0.0,0.818833811984,-0.573890636587,-0.0118942208742,0.0,-0.00857158473494,0.00849404242817,-0.999927186938,0.0,0.66010349892,0.258796845256,0.303367873166,1.0,-0.00814,-0.0106982857143,0.408
0.463772981032,0.538126551278,-0.124020808113,-1.37080371874,0.0786305977536,1.89957039816,0.157317504714,-0.013748330311,-0.0457471546646,-0.00159576234265,-0.0744374182097,-0.0132328510803,0.0289208719581,-0.00778399516012,0.573985522697,0.818851039962,0.00208350411238,0.0,0.818809261235,-0.573926016644,-0.0118772065848,0.0,-0.00853004997782,0.00852350119661,-0.999927291444,0.0,0.659967051021,0.258592476547,0.303392725496,1.0,-0.0085,-0.0111714285714,0.426
0.463665948098,0.537322793988,-0.12401794454,-1.3720735502,0.0785484363486,1.90004001165,0.15715456361,-0.00895608944482,-0.0488008130649,0.000958245323704,-0.0713033213379,-0.00742178809772,0.0269195300152,-0.00890865380388,0.573985706586,0.818850911124,0.00208347946944,0.0,0.818809151449,-0.573926219968,-0.0118749500254,0.0,-0.00852821434612,0.00852218771595,-0.999927318297,0.0,0.659819249668,0.258401902963,0.303396488459,1.0,-0.00884,-0.0116182857143,0.443
0.463561646403,0.536531116948,-0.124026824886,-1.37329505687,0.0784731216247,1.90050727248,0.157005265045,-0.00344413599321,-0.0513397349241,-0.000423676071956,-0.0753234111115,-0.00213844770439,0.0264362250057,-0.0102173159982,0.574002219129,0.818839264544,0.00211143937661,0.0,0.818797935336,-0.573942684915,-0.0118525281819,0.0,-0.00849363380336,0.00853238395567,-0.999927525678,0.0,0.659683197345,0.258212853145,0.303414766008,1.0,-0.00916,-0.0120388571429,0.459
0.463442001718,0.535654786513,-0.124030094926,-1.37467669995,0.0784049666079,1.9010028387,0.156837141357,-0.00493326257179,-0.0508236740264,-0.000211186465498,-0.0814326823449,-0.00768713121906,0.0207886656112,-0.00635633067362,0.57402239594,0.818825122364,0.00211065063719,0.0,0.818783624142,-0.573962702969,-0.0118717875188,0.0,-0.00850964696012,0.00854300257294,-0.999927298865,0.0,0.659519843379,0.25800213256,0.303418722076,1.0,-0.0095,-0.0124857142857,0.476
0.463327635699,0.534750083709,-0.124034254567,-1.37610852682,0.0783140925595,1.90152545929,0.156659255799,-0.0013518530249,-0.0511883363706,-0.000519929167087,-0.0814651517999,-0.00651135134674,0.0292990691757,-0.00944640019151,0.574027434917,0.818821610009,0.00210281845771,0.0,0.818780041121,-0.573967804199,-0.0118722746683,0.0,-0.00851448889588,0.00853692151995,-0.999927309583,0.0,0.659350735637,0.257786979108,0.303420977672,1.0,-0.00984,-0.0129325714286,0.493
0.463206201529,0.533899707524,-0.124037098137,-1.37749995749,0.0782418509247,1.90203042734,0.156497174355,-0.0107083440165,-0.0511578051586,0.000536624058813,-0.0882976137239,-0.0107674562099,0.0404595263654,-0.00439146190611,0.574052994086,0.818803758329,0.00207659082281,0.0,0.818761721536,-0.573993339935,-0.0119010906808,0.0,-0.00855287314487,0.00853225408752,-0.999927021838,0.0,0.659186203732,0.257573835741,0.303402432446,1.0,-0.01016,-0.0133531428571,0.509
0.463082728496,0.53297156,-0.124040408103,-1.37898109151,0.0781547447378,1.90260632902,0.156297606051,-0.00511130853794,-0.0573015354479,-0.0011437571445,-0.0930575924891,-0.00175484267764,0.029795349175,-0.0104854261789,0.57405083267,0.818805227977,0.00209452877879,0.0,0.818763436074,-0.573991117224,-0.01189033214,0.0,-0.00853378950673,0.00854074308135,-0.999927112416,0.0,0.659018104814,0.257351873734,0.303402010457,1.0,-0.0105,-0.0138,0.526
0.462942760688,0.531951923349,-0.124041930986,-1.38062671382,0.0780619098301,1.90322206997,0.156092418909,-0.00641165833787,-0.0533893602522,-0.0010203915206,-0.0915616304498,-0.00762841665543,0.0325753860465,-0.0151163806267,0.574063483466,0.818796377018,0.00208730301163,0.0,0.818754423191,-0.574003727949,-0.0119021723543,0.0,-0.0085475004582,0.0085417555511,-0.999926986659,0.0,0.658825770323,0.257103558503,0.303390997952,1.0,-0.01086,-0.0142731428571,0.544
0.462820229939,0.530998491315,-0.124034288951,-1.38214702071,0.0779735157347,1.90376386969,0.155899281119,-0.00299302084806,-0.065272923056,0.000752132048307,-0.0949792605134,-0.00965235655611,0.0314846084988,-0.00761219708779,0.574059216657,0.818799413364,0.00206962495992,0.0,0.818757107056,-0.573999412042,-0.0119256665272,0.0,-0.00857693037879,0.00854072336499,-0.999926743472,0.0,0.65863889898,0.256881807152,0.303386025539,1.0,-0.01118,-0.0146937142857,0.56
0.462690594107,0.530023955162,-0.12404288242,-1.38370575481,0.0778727163039,1.90431779123,0.155694188917,-0.00660699384931,-0.0584726457443,-0.00096993630814,-0.0957390791637,-0.00411551357515,0.0326378480072,-0.0144926845294,0.574060974055,0.818798260249,0.00203813182897,0.0,0.818755587339,-0.574001342522,-0.0119370802681,0.0,-0.00860433581005,0.00852150781422,-0.999926671966,0.0,0.658451831887,0.256640504001,0.303378988608,1.0,-0.0115,-0.0151142857143,0.576
0.462534197669,0.528850591101,-0.124040037397,-1.38555514376,0.0777564375062,1.90500581617,0.155439968518,-0.0103387622052,-0.0618058717446,4.89688419377e-05,-0.0964361672762,-0.000900967225901,0.035937033624,-0.0154949172436,0.574054257156,0.818802958843,0.00204238409865,0.0,0.818760390787,-0.573994657878,-0.0119290447157,0.0,-0.00859538503526,0.00852030614792,-0.999926759188,0.0,0.658246151186,0.256376166816,0.303383113137,1.0,-0.01186,-0.0155874285714,0.594
0.462406981587,0.527879882853,-0.124042014465,-1.3870818544,0.0776508924903,1.90559652258,0.155222625954,-0.0073872679338,-0.0619084559869,0.000901457716909,-0.104296519398,-0.00782060332057,0.0370201242066,-0.014799966241,0.574029866579,0.818819998517,0.00206620530526,0.0,0.818777832757,-0.573970263923,-0.0119056129404,0.0,-0.00856277842581,0.00852610466351,-0.999926989517,0.0,0.658058343967,0.256132611958,0.303392660857,1.0,-0.01218,-0.016008,0.61
0.462257109065,0.526646394265,-0.124044184682,-1.38896414732,0.0775404076175,1.90630601352,0.154974226053,-0.00530590257258,-0.0661897916504,0.00048690527252,-0.106559464107,-0.00822911961999,0.0379012734602,-0.010011674966,0.57402267597,0.818824904275,0.00211908286624,0.0,0.818783399794,-0.573962832498,-0.011880994652,0.0,-0.00851234339339,0.008555194931,-0.999927171673,0.0,0.657836188853,0.255855771903,0.303426423294,1.0,-0.01254,-0.0164811428571,0.628
0.462111443798,0.525540056893,-0.124046770343,-1.39068319519,0.0774434236496,1.90693170239,0.154726534102,-0.00507454982335,-0.0721823512735,-0.000924791037071,-0.107395727051,-0.00208792282024,0.0387075396675,-0.0148250357982,0.574016822553,0.818828980098,0.00212971324582,0.0,0.818787566115,-0.573956888851,-0.0118810023657,0.0,-0.00850630923372,0.00856384283226,-0.999927148996,0.0,0.657618442383,0.255573845202,0.303440732609,1.0,-0.01288,-0.016928,0.645
0.461958286104,0.52442771492,-0.124055316061,-1.39243844311,0.0773223886324,1.90756283312,0.154504268071,-0.0068654386243,-0.0680448031592,-0.000855177238992,-0.112887238531,-0.00895633213374,0.0432158496148,-0.0142874967096,0.574018441437,0.818827886464,0.00211379751256,0.0,0.818786339112,-0.573958645835,-0.0118806841274,0.0,-0.00851516705923,0.00855064493935,-0.99992718655,0.0,0.657420512232,0.255319568596,0.303442675749,1.0,-0.01318,-0.0173222857143,0.66
0.461784290523,0.52317198919,-0.124058771951,-1.39445299111,0.0771896051726,1.90831395683,0.154219170669,-0.0070125326425,-0.0723296131738,-0.000718692014088,-0.115693328085,-0.00460816476514,0.0477385750973,-0.0193590183659,0.574002198953,0.818839310214,0.00209917764835,0.0,0.818797654454,-0.573942546461,-0.0118786078011,0.0,-0.00852202772865,0.00853731310283,-0.999927242017,0.0,0.657182024303,0.255010065699,0.303431832798,1.0,-0.01354,-0.0177954285714,0.678
0.461613743189,0.52185134453,-0.124061345584,-1.39652516505,0.0770679076295,1.9091261744,0.15394323555,-0.00452598828519,-0.074223559119,-0.000245289887095,-0.116559639217,-0.0111011353103,0.0424320052624,-0.0186638374133,0.573996092225,0.818843459374,0.00214989596554,0.0,0.818802469768,-0.57393624354,-0.0118511921238,0.0,-0.00847053102584,0.00856304295869,-0.999927459569,0.0,0.65694147972,0.25470329038,0.303444095456,1.0,-0.0139,-0.0182685714286,0.696
0.461463897575,0.520762147259,-0.124062749508,-1.39831068142,0.0769573137656,1.90979126167,0.153696095196,-0.00923341308691,-0.0772272752309,0.00123806436806,-0.119780063957,-0.00754151014909,0.0370574706154,-0.0204362218178,0.573982965371,0.818852739211,0.00211987097869,0.0,0.818811353929,-0.573923233169,-0.0118674347359,0.0,-0.00850120190939,0.00854764437591,-0.99992733103,0.0,0.656726236635,0.254433674532,0.303417096678,1.0,-0.0142,-0.0186628571429,0.711
0.461289595268,0.519446506899,-0.124077581101,-1.40036390442,0.0768193040066,1.91052303258,0.153424009495,-0.0119930017092,-0.0806049516971,-7.25572270065e-05,-0.12350787616,-0.00783916951421,0.0476524773325,-0.0155218649349,0.573985162394,0.818851237701,0.00210493928359,0.0,0.818809774676,-0.573925606875,-0.0118616005974,0.0,-0.00850497152156,0.00853209187485,-0.999927431801,0.0,0.656477200652,0.254111555775,0.303427517283,1.0,-0.01454,-0.0191097142857,0.728
0.461118048174,0.518102661527,-0.124081530227,-1.40246996484,0.0766849830759,1.91128382527,0.153141491102,-0.00812260516789,-0.0757695343081,-0.000876136424952,-0.122787590822,-0.00773252165331,0.0474681924884,-0.017804862926,0.573972447115,0.818860164058,0.00209966041776,0.0,0.818818644282,-0.573912926323,-0.0118628696516,0.0,-0.00850917296245,0.00852836561794,-0.999927427844,0.0,0.65621808925,0.253794288707,0.303434376213,1.0,-0.01488,-0.0195565714286,0.745
0.460952124165,0.516814955322,-0.124084421155,-1.40447801674,0.0765569230719,1.91200552004,0.152866230722,-0.0109066722551,-0.0772338087381,0.000378939925357,-0.127352251524,-0.00453224732946,0.0496965542289,-0.0172792060866,0.573956474052,0.818871365262,0.00209760544344,0.0,0.818829819646,-0.573896964388,-0.0118637104619,0.0,-0.00851120725365,0.00852699948399,-0.999927422182,0.0,0.655970151289,0.25349063767,0.303444667556,1.0,-0.0152,-0.0199771428571,0.761
0.460754955864,0.515361971862,-0.124085117451,-1.40677099354,0.0764224685429,1.91288622511,0.152547941999,-0.0116381150542,-0.0842538451993,0.000432567400194,-0.126777226477,-0.0120169816318,0.0530516476095,-0.0171167676786,0.573942782173,0.818880870907,0.00213282812554,0.0,0.818839743533,-0.573883093076,-0.0118497591978,0.0,-0.00847971039095,0.00854769276695,-0.999927513103,0.0,0.655697761502,0.253145866998,0.303448612203,1.0,-0.01556,-0.0204502857143,0.779
0.460568482503,0.513972997826,-0.12409010624,-1.40901900294,0.076271756754,1.91367587641,0.152240310404,-0.014582919335,-0.0827283828954,-0.000785524812415,-0.134819092752,-0.0138319003471,0.0442417999974,-0.0255850966197,0.573924356843,0.818893957937,0.00206523060525,0.0,0.818851989793,-0.573864980644,-0.011880644043,0.0,-0.00854398860016,0.00850987302317,-0.999927288516,0.0,0.655414400236,0.252801477565,0.303420867678,1.0,-0.0159,-0.0208971428571,0.796
0.460386301061,0.51265126419,-0.124090819782,-1.41116106768,0.0761653407828,1.91441450423,0.151936908605,-0.0142394057389,-0.080135602974,-0.00133073384568,-0.138303757445,-0.00353662582453,0.0479232848654,-0.0254984398193,0.573909181574,0.818904731145,0.00200985457231,0.0,0.81886170161,-0.573849698103,-0.0119492478996,0.0,-0.00863210739383,0.00850373974086,-0.999926583871,0.0,0.655138979682,0.252477788693,0.303391525342,1.0,-0.01622,-0.0213177142857,0.812
0.46018845808,0.511211323757,-0.12409393683,-1.41345921977,0.0760151373922,1.91529092755,0.151612054806,-0.0127934124229,-0.0842337979487,-0.000156221618558,-0.139498300224,-0.00727590991901,0.0529977308218,-0.0201163498996,0.573887136938,0.818920162769,0.00201692054047,0.0,0.81887731936,-0.57382771953,-0.011934447535,0.0,-0.00861616069146,0.00850080007906,-0.999926746403,0.0,0.654863065728,0.252127781458,0.303382211714,1.0,-0.01656,-0.0217645714286,0.829
0.459975163851,0.509644164203,-0.124094969362,-1.41595294346,0.0758550632879,1.91622081122,0.151256782982,-0.0150469077502,-0.0896038659721,-0.000182208584992,-0.142158467969,-0.0125129045451,0.0469387145423,-0.0121684712893,0.573858351781,0.818940341561,0.00201394049368,0.0,0.818897491455,-0.573798981991,-0.0119320432913,0.0,-0.00861620049202,0.00849667710212,-0.999926781103,0.0,0.654557495288,0.251749470225,0.303372941931,1.0,-0.01692,-0.0222377142857,0.847
0.459792985952,0.508328187777,-0.124103251292,-1.41804222722,0.0757264499677,1.91696032766,0.150973877026,-0.00761905852927,-0.089731196108,-1.18907200094e-05,-0.137219811576,-0.0120401679845,0.0500178707604,-0.0170871685223,0.57385537816,0.8189424998,0.00198340086481,0.0,0.818899207387,-0.573796092433,-0.0119532150846,0.0,-0.00865109473648,0.00848378549789,-0.999926589277,0.0,0.654295072362,0.25142425847,0.303363640904,1.0,-0.01722,-0.022632,0.862
0.459581968124,0.506793884987,-0.124106444979,-1.42044676776,0.0755689707428,1.91783880055,0.15063970856,-0.0143705826434,-0.0893171897311,-0.000911929103574,-0.139816476215,-0.0130329098657,0.0528392924017,-0.0152621378543,0.573838595322,0.818954258147,0.0019840572972,0.0,0.818911018732,-0.573779352513,-0.0119475909695,0.0,-0.00864628585552,0.00848091848584,-0.999926655192,0.0,0.653997528034,0.25105345017,0.303368389973,1.0,-0.01756,-0.0230788571429,0.879
0.459348451339,0.505093780277,-0.124110569473,-1.42304431351,0.0754108062806,1.91884003107,0.150284346304,-0.0128678689927,-0.0922125107115,0.00201659912701,-0.142720799715,-0.00616777483649,0.0554255215745,-0.014715089976,0.573833306701,0.818957749305,0.00207071857393,0.0,0.818915663927,-0.573773731505,-0.0118990466773,0.0,-0.0085568573087,0.0085239772902,-0.999927058342,0.0,0.653687467416,0.250654876151,0.303407226627,1.0,-0.01792,-0.023552,0.897
0.459151030592,0.503616708405,-0.124116721632,-1.42523431414,0.0752658531419,1.91967172289,0.149972810681,-0.012041257051,-0.0942276365216,0.00102891995046,-0.146594165707,-0.00537067650158,0.0568356466862,-0.0166435588256,0.573817584101,0.818968521229,0.00216525138819,0.0,0.81892778953,-0.573757755565,-0.0118347101929,0.0,-0.00845008801954,0.00856431423415,-0.999927621648,0.0,0.653425165968,0.250314897122,0.303468886656,1.0,-0.01822,-0.0239462857143,0.912
0.458903589485,0.501829063159,-0.124117750536,-1.42787612484,0.0750957907554,1.92064910774,0.14959643162,-0.0136280258622,-0.103274282035,0.00256761146687,-0.142489427746,-0.00782116865814,0.0512797726489,-0.0285067069172,0.573801866692,0.818979256085,0.00226777075654,0.0,0.818939895669,-0.57374168121,-0.0117761379544,0.0,-0.00834345873245,0.00861450374333,-0.999928085925,0.0,0.653103228478,0.249901670777,0.303544222618,1.0,-0.01858,-0.0244194285714,0.93
0.458673038179,0.500115640229,-0.124121096602,-1.43047634052,0.074929731889,1.92156147362,0.149233225475,-0.0157865161796,-0.10184268973,0.00100461229151,-0.153578931974,-0.012160444729,0.0528832183258,-0.0240287837046,0.573782990461,0.818992423334,0.00228851039912,0.0,0.81895328911,-0.573722683464,-0.0117702861464,0.0,-0.00832696516695,0.00862793921677,-0.999928107574,0.0,0.652771222612,0.249498509362,0.303581351354,1.0,-0.01892,-0.0248662857143,0.947
0.458436966098,0.498540145101,-0.124125569223,-1.4329477535,0.0747781077236,1.92248331462,0.148883706813,-0.0116716036932,-0.093877864996,0.00123053230557,-0.154350159402,-0.0139839788888,0.0559791159895,-0.020353484912,0.573778119281,0.818995778721,0.00230893336042,0.0,0.818956888977,-0.573717713751,-0.0117620502827,0.0,-0.00830855352729,0.00863989031646,-0.999928157536,0.0,0.652468302077,0.249107521046,0.303583925311,1.0,-0.01924,-0.0252868571429,0.963
0.458179133036,0.49686271603,-0.124120959989,-1.43562061418,0.0746151228666,1.92344039752,0.148486649023,-0.0135624443514,-0.0914895216024,0.0013720419885,-0.158433070738,-0.0126439667683,0.0555146874122,-0.0263074447567,0.57375209329,0.819014096126,0.00227874815701,0.0,0.818974673807,-0.573691660598,-0.0117944530724,0.0,-0.00835268532317,0.0086334953896,-0.999927845099,0.0,0.652129246304,0.248685857255,0.303563905147,1.0,-0.01958,-0.0257337142857,0.98
0.457891340618,0.495086195788,-0.12412096107,-1.43849310093,0.0744383682907,1.924438221,0.148071349748,-0.010165547505,-0.0957111376122,-0.00279746499021,-0.158769476602,-0.0126499500599,0.0613796059039,-0.017666149993,0.57374459799,0.819019571259,0.0021966051854,0.0,0.818978913623,-0.573684315436,-0.0118571566811,0.0,-0.00845124815197,0.00860211853915,-0.999927287337,0.0,0.651760477126,0.248220357197,0.303520973742,1.0,-0.01994,-0.0262068571429,0.998
0.457632253434,0.493576749345,-0.124136347938,-1.44095686392,0.0742808913247,1.92532849913,0.147727029563,-0.0146826625024,-0.0994212232342,-0.0018335633754,-0.165184609066,-0.0140134497582,0.061790842932,-0.0170066667968,0.573767099892,0.819003971848,0.00213449741484,0.0,0.818962531568,-0.573707088795,-0.0118867596233,0.0,-0.00851089090701,0.00856846997226,-0.99992707037,0.0,0.651456333276,0.247805386654,0.303477124279,1.0,-0.0219617142857,-0.0288639673469,1.013
0.457355089921,0.491580229713,-0.12414932623,-1.44407416846,0.0740864422014,1.92648889306,0.147293189179,-0.0176804520315,-0.127579198728,0.00199970562604,-0.186639643152,-0.0164586043902,0.0672834361188,-0.0223325213714,0.573751722942,0.819014668305,0.00216342867541,0.0,0.818973626615,-0.573691619885,-0.0118689125006,0.0,-0.0084798357966,0.00858176525045,-0.999927220197,0.0,0.651064819267,0.24732142891,0.30348376154,1.0,-0.0247691428571,-0.0325537306122,1.03
0.456995203817,0.489290248601,-0.124167026611,-1.44782172651,0.0738673123653,1.92780494669,0.146758597989,-0.0220350694442,-0.131200039597,0.000350502164601,-0.221750932834,-0.012933781772,0.075689026738,-0.0306267285773,0.573748933325,0.819016923731,0.00204622876771,0.0,0.818974115893,-0.573689068869,-0.0119581210334,0.0,-0.00862017039091,0.0085369319458,-0.99992640402,0.0,0.650579468474,0.246716940231,0.303407429352,1.0,-0.0277417142857,-0.0364605387755,1.048
0.456622055378,0.486946794219,-0.124189175065,-1.45146031074,0.0736461789301,1.92919266394,0.146224788767,-0.0201970202889,-0.151906698254,-0.000808785839756,-0.23560331427,-0.0146701980899,0.0933709533236,-0.0343193120279,0.573754308101,0.819012969489,0.002120529777,0.0,0.818971181042,-0.573694188036,-0.0119134435564,0.0,-0.00854089361398,0.00857220738224,-0.999926782518,0.0,0.650138484575,0.246119408772,0.303424959478,1.0,-0.030384,-0.0399332571429,1.064
0.456176291165,0.484221057404,-0.124215343595,-1.45562817584,0.0733928272729,1.93073040289,0.145579153303,-0.0276221742359,-0.16454188819,-0.00198612443512,-0.250886384376,-0.0100032527921,0.0903247191842,-0.0380252088665,0.573746474397,0.819018245763,0.00220071029418,0.0,0.818977487317,-0.573686018302,-0.0118732714274,0.0,-0.00846207213095,0.00861474566863,-0.999927087088,0.0,0.649625863604,0.245420043896,0.303467615413,1.0,-0.0331914285714,-0.0436230204082,1.081
0.455694268937,0.481273743545,-0.124269187429,-1.46024598646,0.0731001959817,1.93231520422,0.144897588025,-0.0306740718567,-0.179219662278,-0.00230733713518,-0.285718793041,-0.0202050053184,0.0988317960438,-0.0446433336184,0.573768159523,0.819003271706,0.00211824292168,0.0,0.818961437758,-0.573708031279,-0.0119165939471,0.0,-0.00854464096474,0.00857228648856,-0.999926749825,0.0,0.649031762782,0.244628143998,0.303453070451,1.0,-0.0359988571429,-0.0473127836735,1.098
0.45521148676,0.478271212614,-0.124313629011,-1.46485860971,0.0728301537207,1.93400110788,0.144214945605,-0.032995873573,-0.189172760831,-0.00294381304103,-0.288416452842,-0.0156373145628,0.113269313797,-0.0466851176245,0.573788291389,0.818988993609,0.00218447083335,0.0,0.818947944175,-0.573727814085,-0.0118914665718,0.0,-0.00848585194299,0.00861231799826,-0.999926906476,0.0,0.648453795626,0.243853235733,0.303485581733,1.0,-0.0386411428571,-0.0507855020408,1.114
0.454639611865,0.474864457285,-0.124338119526,-1.47008143205,0.0725117915296,1.9359288917,0.143472260427,-0.0341761553811,-0.200030151348,-0.00126838974115,-0.314154523309,-0.0191673717956,0.1169234093,-0.0454450486223,0.573832361603,0.818957857032,0.00227949211794,0.0,0.818917980395,-0.573771436752,-0.0118501752637,0.0,-0.00839704834103,0.00866689800317,-0.999927184578,0.0,0.64779982445,0.242974580716,0.303525513645,1.0,-0.0414485714286,-0.0544752653061,1.131
0.454011094968,0.47124662164,-0.12435919958,-1.47567262728,0.0721701914474,1.93788013332,0.142626609432,-0.0359661866191,-0.218551843168,4.37341252307e-05,-0.336455364796,-0.0178167066316,0.11183491287,-0.048813756863,0.573844635888,0.818949290288,0.00226731147877,0.0,0.818908975784,-0.573783469665,-0.0118897527917,0.0,-0.00843632118872,0.00867975969471,-0.999926742445,0.0,0.647073844807,0.242019380918,0.303535233922,1.0,-0.044256,-0.0581650285714,1.148
0.453413956099,0.467589076528,-0.124365670485,-1.48113854038,0.071818267358,1.93997377917,0.141738264453,-0.0386635545978,-0.234440031152,-9.64488680976e-05,-0.351499517207,-0.0208459687897,0.128368303494,-0.0615117928992,0.573775079089,0.818997334687,0.00250425496581,0.0,0.818960236765,-0.573713157189,-0.0117512028002,0.0,-0.00818763738725,0.00879360185986,-0.999927814975,0.0,0.646392901429,0.241116690318,0.303640427438,1.0,-0.0468982857143,-0.0616377469388,1.164
0.45268694684,0.46328551522,-0.124369646219,-1.48777619706,0.0713764136723,1.9422636151,0.140736933403,-0.0467458711268,-0.243507499887,0.000890881793536,-0.383694029868,-0.0218606316344,0.127794584893,-0.0597461128429,0.57374395711,0.81901926678,0.00246154916866,0.0,0.818981444063,-0.573682016322,-0.0117934443648,0.0,-0.00824707044779,0.00878254962189,-0.999927423692,0.0,0.645504846682,0.240002290608,0.303647172933,1.0,-0.0498708571429,-0.065544555102,1.182
0.451955443135,0.459012727857,-0.124384824312,-1.49438157443,0.0709301990972,1.94455852015,0.139755919479,-0.0419564376838,-0.258440826472,0.000180322382876,-0.38493959586,-0.0262623421893,0.139356891097,-0.0562961123,0.573735256803,0.8190254916,0.00241787359067,0.0,0.818987042359,-0.57367342029,-0.0118227831751,0.0,-0.00829625071803,0.0087635234069,-0.99992718379,0.0,0.644621076612,0.238882685796,0.303644559919,1.0,-0.0526782857143,-0.0692343183673,1.199
0.45120938827,0.45487260852,-0.124384945647,-1.50088058184,0.070493403191,1.94687639716,0.138739603057,-0.0486315017644,-0.266267136958,0.00109816746935,-0.415535332073,-0.024235334389,0.141809853571,-0.0606099798313,0.573693491829,0.819054878969,0.00237267198183,0.0,0.819015760101,-0.573631748697,-0.0118553150455,0.0,-0.00834927440114,0.00874474119524,-0.999926906888,0.0,0.6437572392,0.23777753176,0.303598954112,1.0,-0.0553205714286,-0.0727070367347,1.215
0.450361664051,0.450145424513,-0.124434610308,-1.50794831345,0.0699995874251,1.94954071112,0.137607405563,-0.0502886883758,-0.281412768343,-0.0032563748539,-0.421537183276,-0.0282863832077,0.157928466659,-0.0641074735344,0.57368327192,0.819061301588,0.00261431840889,0.0,0.819025882055,-0.573621236642,-0.0116631170297,0.0,-0.00805333430787,0.00883229962833,-0.999928564593,0.0,0.642864460853,0.236533659854,0.303711919339,1.0,-0.058128,-0.0763968,1.232
0.449475813848,0.445235484985,-0.124477659702,-1.51547202939,0.0695077792068,1.95208115056,0.136488025888,-0.0490385071263,-0.296852512997,-0.00820982674467,-0.453593069384,-0.0265172920571,0.149782074691,-0.0735403985884,0.573726581459,0.819031168634,0.00254979112315,0.0,0.818994661758,-0.573664498871,-0.0117274741081,0.0,-0.00814259894725,0.00881679869834,-0.999927978478,0.0,0.641833794499,0.235212572604,0.303717186192,1.0,-0.0609354285714,-0.0800865632653,1.249
0.448471068242,0.439868349835,-0.124497316705,-1.52383629813,0.0689171574003,1.95489136054,0.135161095346,-0.0608078290886,-0.305302193105,0.000467710739336,-0.47652437022,-0.039391920032,0.157175359939,-0.0714620271316,0.573684139977,0.819061434184,0.00237096450827,0.0,0.819022489234,-0.573622610094,-0.0118325914164,0.0,-0.00833174085774,0.00873021136747,-0.999927180101,0.0,0.640671561233,0.233741226148,0.303652191913,1.0,-0.063908,-0.0839933714286,1.267
0.447522872399,0.434872947048,-0.124510820585,-1.53137769402,0.0684292376239,1.95761539006,0.133935261443,-0.0608554336022,-0.32051309716,-0.00117249712347,-0.467675741942,-0.0337747352022,0.179790295668,-0.0736180495065,0.573663473406,0.819075450116,0.00252451953983,0.0,0.819038351021,-0.5736012065,-0.011772100899,0.0,-0.00819432915497,0.00882107244498,-0.999927518199,0.0,0.639662079016,0.232413110343,0.303710077527,1.0,-0.0665502857143,-0.0874660897959,1.283
0.44643688163,0.429443810311,-0.124549691259,-1.53967172152,0.0678273174077,1.96058831297,0.132603903278,-0.0651957873152,-0.317269851799,-0.00280130905128,-0.497854547424,-0.0308010697171,0.173459352777,-0.0785803476409,0.573682164994,0.819062191882,0.0025780416319,0.0,0.819026184215,-0.5736201301,-0.0116962735723,0.0,-0.00810131486812,0.00882159698893,-0.999928271489,0.0,0.638552064136,0.230900781956,0.303721575916,1.0,-0.0693577142857,-0.0911558530612,1.3
0.445369399624,0.42410933507,-0.124642619428,-1.54790929662,0.0672399225798,1.96326639299,0.13124529674,-0.0719339712441,-0.337951784996,-0.00536061323109,-0.514464936913,-0.0356724133553,0.171993375729,-0.0872093704049,0.573698746617,0.819051236797,0.0023593502454,0.0,0.819012406197,-0.573637537381,-0.0118068244362,0.0,-0.00831714242325,0.00870606512082,-0.999927512159,0.0,0.63738898634,0.229360076654,0.303664733396,1.0,-0.072,-0.0946285714286,1.316
0.444167391822,0.418222515198,-0.124707850671,-1.55683236526,0.0666035121807,1.96631282848,0.129830475903,-0.0690069496225,-0.356180082604,-0.00131447645133,-0.518897951703,-0.0331417829998,0.188718508818,-0.0828600894406,0.573769129515,0.819001987168,0.00234049829692,0.0,0.818963047774,-0.573708125957,-0.0118008259343,0.0,-0.00832229722868,0.00868789851139,-0.999927627275,0.0,0.636150165705,0.227696685193,0.303679980653,1.0,-0.0748074285714,-0.0983183346939,1.333
0.44290074082,0.41213370905,-0.124724288923,-1.56584341559,0.0659952975713,1.96963098589,0.128283446726,-0.0724872335445,-0.35859771597,0.000285773082126,-0.545041807798,-0.0404621502457,0.194611998686,-0.0825874511146,0.573755683048,0.819010399366,0.00266998172998,0.0,0.818975813013,-0.573693568134,-0.0116212943394,0.0,-0.0079863633348,0.00885460460824,-0.999928904462,0.0,0.634936687019,0.226038202266,0.303803044745,1.0,-0.0776148571429,-0.102008097959,1.35
0.441658327457,0.406329829921,-0.124768003979,-1.57477866469,0.065359294386,1.97252946005,0.126819870489,-0.0770565794363,-0.369893042755,-0.000593765422392,-0.569271650814,-0.0445583427133,0.179253752388,-0.0884687514288,0.573790667268,0.818986547571,0.00246007234808,0.0,0.818948932118,-0.573728967349,-0.0117671368267,0.0,-0.00822587037013,0.00876671570047,-0.999927737265,0.0,0.633637942556,0.224357506839,0.303726407389,1.0,-0.0802571428571,-0.105480816327,1.366
0.440189568269,0.399554851457,-0.124844674115,-1.58496196388,0.0646487018606,1.97605601532,0.125105861223,-0.0832029192918,-0.388024561686,-0.000603463223276,-0.561486887097,-0.0354340437275,0.205510948685,-0.0936635286828,0.573854517659,0.818941559192,0.00254206465994,0.0,0.81890503739,-0.573792539334,-0.0117221347715,0.0,-0.00814128233535,0.00880867914498,-0.999928060759,0.0,0.632206005299,0.222415291335,0.303756188518,1.0,-0.0832297142857,-0.10938762449,1.384
0.438728540021,0.392960895641,-0.124864920384,-1.59482470549,0.0638787250617,1.97945583746,0.123407403159,-0.086692506034,-0.380636638467,-0.000237782323935,-0.593686986448,-0.0463539822642,0.196064868663,-0.105515653831,0.573840929187,0.818950886438,0.00260393809981,0.0,0.818915619574,-0.573779225362,-0.01163423666,0.0,-0.00803393751814,0.00880877635394,-0.999928928128,0.0,0.63079966958,0.220533879273,0.303792741875,1.0,-0.0860371428571,-0.113077387755,1.401
