position_joint1,position_joint2,position_joint3,position_joint4,position_joint5,position_joint6,position_joint7,velocity_joint1,velocity_joint2,velocity_joint3,velocity_joint4,velocity_joint5,velocity_joint6,velocity_joint7,ee_T_00,ee_T_10,ee_T_20,ee_T_30,ee_T_01,ee_T_11,ee_T_21,ee_T_31,ee_T_02,ee_T_12,ee_T_22,ee_T_32,ee_T_03,ee_T_13,ee_T_23,ee_T_33,v_x,v_y,time
0.465069457596,0.54763948297,-0.123969716896,-1.35575460921,0.0794708185924,1.89409698283,0.159180899944,-0.00143955965887,0.0005924842906,-0.00155939903409,-0.00100922820146,-0.000302220146853,-0.000363734533234,0.000110365875996,0.573801558449,0.818979870841,0.0021188630123,0.0,0.818939174308,-0.573742558905,-0.011783538808,0.0,-0.0084349616035,0.00849679644747,-0.999928325368,0.0,0.661696533241,0.260904796594,0.30335109037,1.0,0.0,0.0,0.0
0.465064082416,0.547636626972,-0.12396689878,-1.35575468867,0.0794704660641,1.89409791,0.159180759481,-0.000411556569033,0.000220560735277,0.000305848310726,-0.000556727339959,-0.00030605462264,0.000215011200157,-6.55465456359e-05,0.57380378842,0.818978298864,0.00212256605023,0.0,0.818937640995,-0.573744764624,-0.0117827046882,0.0,-0.0084321306273,0.00849937346123,-0.999928327343,0.0,0.661697550669,0.260902905316,0.30335306247,1.0,-0.00014,-0.000184,0.008
0.465063695159,0.547636194091,-0.123966122674,-1.35575768187,0.0794721410206,1.89409872813,0.159182424196,-0.00179877645438,-0.000435766276437,0.000854437736783,-0.000923497584252,0.000216647611202,0.000205175883837,-0.000682971325528,0.573805538754,0.818977073357,0.00212224225117,0.0,0.818936390512,-0.573746495075,-0.0117853546913,0.0,-0.00843446862986,0.00850064687078,-0.9999282968,0.0,0.661696867769,0.260903075379,0.303351992887,1.0,-0.00042,-0.000552,0.022
0.465065874809,0.547623876805,-0.123969462578,-1.35576738861,0.079472140532,1.8941006663,0.159176539166,0.000652804847157,-0.00235384625487,-0.000539109231334,-0.000875222321545,0.00026763332296,-0.000137616776181,-0.00197289130709,0.573801788629,0.818979691318,0.00212590582822,0.0,0.818939065083,-0.573742740189,-0.0117823029318,0.0,-0.00842990608469,0.00850185751498,-0.999928324982,0.0,0.661695553423,0.260901726578,0.303356377368,1.0,-0.00078,-0.00102514285714,0.04
0.465068106832,0.547529240874,-0.123967109471,-1.35584997739,0.0794695013943,1.89410611542,0.159176023074,-0.000288618559349,-0.00922767106619,0.00013521339592,-0.00583709178744,0.000126579538771,0.0013019008701,-0.000599324047465,0.573801570369,0.818979795102,0.00214475134358,0.0,0.818939350189,-0.573742384389,-0.0117798119356,0.0,-0.00841705526993,0.00851585981559,-0.999928314087,0.0,0.66167923367,0.260895948857,0.303384497601,1.0,-0.00112,-0.001472,0.057
0.465065890422,0.547394386047,-0.123965429083,-1.35600163431,0.0794699951552,1.89414264749,0.159175355635,-0.00041051167299,-0.00802570319518,-0.000341034152704,-0.0125009625131,-0.00930532870379,0.00401942088619,0.00291757834468,0.573818227268,0.818968071326,0.0021649723565,0.0,0.818927772903,-0.573758842889,-0.0117830333783,0.0,-0.00840791796453,0.00853443962971,-0.999928232553,0.0,0.661654463668,0.260879843371,0.303408896782,1.0,-0.00146,-0.00191885714286,0.074
0.465050609991,0.547247703839,-0.12396507821,-1.35620636012,0.0794616483175,1.89420097301,0.159174676134,-0.0037129706793,-0.0098850268293,0.00422770115234,-0.0181170446213,-5.26680031033e-05,0.00233951578288,0.00129838109289,0.573830901916,0.818959171481,0.00217217719855,0.0,0.818918906743,-0.573771427137,-0.0117864532854,0.0,-0.00840645265638,0.00854243256415,-0.999928176621,0.0,0.661628419701,0.26085211253,0.303422454436,1.0,-0.00178,-0.00233942857143,0.09
0.465030113014,0.547027829398,-0.123964802293,-1.356445286,0.0794611989852,1.89435239838,0.159152409761,-0.000564877328421,-0.012633498862,-0.00183749868779,-0.0114639305252,-0.000113656658384,0.00958465986083,-0.00106201476631,0.573842812532,0.818950499871,0.00229176060449,0.0,0.818911750909,-0.573782841673,-0.0117278184608,0.0,-0.00828968948097,0.00860683972801,-0.99992859913,0.0,0.661614954081,0.260823468672,0.303477618254,1.0,-0.00218,-0.00286514285714,0.11
0.465001268351,0.546808822512,-0.123964773002,-1.35670281795,0.0794555120557,1.89448160531,0.159129751085,-0.00238372034522,-0.0124277618691,0.000860406803103,-0.0175410732217,-4.13586449723e-05,0.00644008331421,-0.000764774084478,0.573860882162,0.81893760291,0.00237431358473,0.0,0.818899888222,-0.573800564676,-0.0116889669535,0.0,-0.0082103101757,0.00865233260087,-0.999928861443,0.0,0.661595278688,0.260784572695,0.303521368729,1.0,-0.00254,-0.00333828571429,0.128
0.464963261349,0.546558949608,-0.123962279049,-1.35706405762,0.0794480089319,1.8946192904,0.159086088485,-0.00424612000331,-0.0140853396364,0.00280998769953,-0.0232187165632,0.000204453421868,0.00793742948458,-0.0035713123559,0.573872723352,0.818929214567,0.00240537365747,0.0,0.818891772374,-0.573812153212,-0.0116886639601,0.0,-0.00819211348209,0.0086777131896,-0.99992879075,0.0,0.661556227612,0.260729409755,0.303538251759,1.0,-0.0029,-0.00381142857143,0.146
0.464936784996,0.546320234307,-0.123972227949,-1.35742096551,0.0794371692322,1.89475496458,0.158958980099,-0.00191182759987,-0.016297300594,-0.00256359334374,-0.0208842806744,-0.000151056482428,0.00734422148413,-0.00903643660343,0.573814367365,0.818970048259,0.00242461572906,0.0,0.818932807543,-0.573753683444,-0.0116839362491,0.0,-0.00817781907668,0.00869017516614,-0.999928799531,0.0,0.661517490168,0.260674362349,0.303549511467,1.0,-0.0032,-0.00420571428571,0.161
0.464894539255,0.546039545955,-0.123970522497,-1.35788471984,0.0794238791501,1.89491530176,0.158943009151,-0.000722491744196,-0.0151464749235,-0.000277368396525,-0.026854297838,-0.00172170369353,0.00891314119064,-0.00551438219168,0.573857066599,0.818940163393,0.00241304735952,0.0,0.818902621506,-0.573796259232,-0.0117088122265,0.0,-0.00820437700936,0.00869540285965,-0.99992853653,0.0,0.661461803446,0.260604772391,0.303541371299,1.0,-0.00354,-0.00465257142857,0.178
0.464842679649,0.545740978504,-0.123970732976,-1.35837192696,0.0793952099296,1.89508528869,0.158898989979,-0.00237616498711,-0.0217041243142,-0.000184200809814,-0.0287726216728,-0.000784967021935,0.0125458206983,-0.00205093273193,0.573883225096,0.818921879541,0.00239709471676,0.0,0.818884108917,-0.573822450175,-0.0117200145072,0.0,-0.008222427852,0.00868902978541,-0.999928443661,0.0,0.661406896119,0.260523331935,0.303535582315,1.0,-0.00386,-0.00507314285714,0.194
0.464791182822,0.545431446775,-0.123967979673,-1.35893432816,0.0792906774891,1.89526333527,0.15879185051,-0.00443020621017,-0.0238493286651,0.000587405552034,-0.0342905179888,-0.00918962146418,0.00582109190498,-0.00342326126979,0.573839299346,0.818952952433,0.00229502259438,0.0,0.818914406771,-0.573779483963,-0.011706624945,0.0,-0.00827049741451,0.00859731404746,-0.99992884,0.0,0.661340042258,0.260423325343,0.303502204527,1.0,-0.00418,-0.00549371428571,0.21
0.464729767147,0.545014485882,-0.123973841676,-1.35965630173,0.0792578000157,1.89549223327,0.158734919801,-0.00529183046212,-0.0225227394529,0.000616606971728,-0.0433834151001,-0.000217077076829,0.0158996759358,-0.00741795892522,0.573878477656,0.818925667067,0.00223418971976,0.0,0.818886210746,-0.573818761417,-0.0117537141829,0.0,-0.00834355888932,0.00857491584947,-0.99992842536,0.0,0.661249977437,0.260309301455,0.303473732509,1.0,-0.00454,-0.00596685714286,0.228
0.464672583868,0.544674319324,-0.123973924483,-1.36023167959,0.079248112013,1.89570092321,0.15865463689,-0.00810232036234,-0.0280848990002,3.50056338049e-05,-0.0419645031596,-0.0004679688033,0.0160146672127,-0.00815509619534,0.573889177345,0.818918195122,0.00222457302956,0.0,0.81887838032,-0.57382925693,-0.0117868162097,0.0,-0.00837607443351,0.00858614632736,-0.999928057146,0.0,0.661183751099,0.260220207775,0.303458747196,1.0,-0.00482,-0.00633485714286,0.242
0.464612673272,0.54426538394,-0.123979546528,-1.36092579539,0.0792221001103,1.89593341735,0.158552660198,-0.00387548208577,-0.0279471479123,-0.000547805307225,-0.0449860546942,-3.11085752467e-05,0.0143131798576,-0.00828392206382,0.573890359607,0.818917468029,0.00218691757725,0.0,0.818877007568,-0.573830426071,-0.0118252058381,0.0,-0.00842911006525,0.00857735329296,-0.999927686942,0.0,0.661099604989,0.260111884911,0.303438106284,1.0,-0.00514,-0.00675542857143,0.258
0.464540887026,0.54373855758,-0.123976585019,-1.36176543005,0.0791818900487,1.8962394049,0.158459659634,-0.00306223263921,-0.028683622019,0.000790713304514,-0.0479052625126,-0.00290809196263,0.0197815310322,-0.00348065727212,0.573906989103,0.818905813915,0.00218693768558,0.0,0.818865232836,-0.573846930445,-0.0118396694485,0.0,-0.00844076917923,0.00858584158631,-0.999927515743,0.0,0.661001566913,0.259987657949,0.303437653772,1.0,-0.0055,-0.00722857142857,0.276
0.464472058446,0.543290133952,-0.123984931508,-1.36250321713,0.0791404412867,1.89649266137,0.158343834333,-0.00280638632112,-0.036986553549,-0.000229144691432,-0.0488964831645,-0.00245023736661,0.0161348884372,-0.00946815940264,0.573906403798,0.818906279215,0.0021662046893,0.0,0.81886535773,-0.573846355583,-0.0118588783387,0.0,-0.00846840431261,0.00857988138755,-0.999927333242,0.0,0.660909039237,0.25986272138,0.303432171747,1.0,-0.00582,-0.00764914285714,0.292
0.464381115711,0.542626372145,-0.123984663994,-1.36353974834,0.0790809130931,1.89686616898,0.158245246875,-0.00466051641086,-0.0360309594615,0.00145610309775,-0.050802090076,-0.00499525677656,0.0138353171456,-0.00808126336374,0.573939580991,0.81888304909,0.00215782002631,0.0,0.818842017939,-0.573879561483,-0.0118636195905,0.0,-0.0084767513768,0.00857607967762,-0.999927295129,0.0,0.660796272896,0.259707568132,0.303434431637,1.0,-0.0062,-0.00814857142857,0.311
0.464321396682,0.542109416734,-0.123994943925,-1.36434539805,0.0790339569877,1.89716644863,0.158121468848,0.000680780626602,-0.0314032162276,-0.00215981143695,-0.0510290983546,-0.000747155029212,0.0219569657087,-0.0060175459054,0.573926593677,0.818892130118,0.002165918237,0.0,0.818851234269,-0.573866573844,-0.0118557353697,0.0,-0.00846578330571,0.00857805179206,-0.999927371133,0.0,0.660704567814,0.259586087512,0.303442909106,1.0,-0.0065,-0.00854285714286,0.326
0.464231010654,0.541482397939,-0.123986775558,-1.36531206964,0.0789678776013,1.8975143925,0.157990187444,-0.00621951336745,-0.0416863486635,0.00258388904525,-0.0546420136176,-0.00564349532672,0.0139287833847,-0.0109891448078,0.573923327665,0.818894405601,0.00217102243543,0.0,0.81885358309,-0.573863294995,-0.0118522157833,0.0,-0.00846000599193,0.00858017781778,-0.999927401788,0.0,0.660592802093,0.259437519,0.303456001518,1.0,-0.00684,-0.00898971428571,0.343
0.464157444254,0.540867976728,-0.123993505125,-1.36627612297,0.0789205318318,1.89786794541,0.157857296173,-0.00747687426231,-0.0392830738393,-0.0015039529588,-0.0630088288731,-0.00247111179132,0.0185240631856,-0.0114687196545,0.573920282593,0.818896519981,0.00217846109816,0.0,0.818855715946,-0.573860141317,-0.011857553378,0.0,-0.00846014008701,0.00858930107843,-0.999927322327,0.0,0.6604802699,0.259294987513,0.303462361495,1.0,-0.00716,-0.00941028571429,0.359
0.464051516787,0.540029072848,-0.123999093875,-1.3675343579,0.0788481243759,1.89833001642,0.157703077549,-0.00867191636835,-0.0386600792534,-0.000841238935502,-0.0608880731357,-0.003695636394,0.0242418363141,-0.0105849606477,0.573934924499,0.818886157513,0.00221593656818,0.0,0.818845825425,-0.573874617485,-0.011839953203,0.0,-0.00842406622246,0.00861003882581,-0.999927448538,0.0,0.660336686913,0.259103093258,0.303496599079,1.0,-0.00756,-0.009936,0.379
0.463972116387,0.539431861109,-0.123996579098,-1.36847618084,0.0787824675579,1.89869599761,0.157589509582,-0.00172697001144,-0.0427932823832,-0.000372777899914,-0.0688256339633,-0.00523319418769,0.0209300221936,-0.00947973182158,0.573939854316,0.818882668156,0.00222852463024,0.0,0.818842580297,-0.573879579787,-0.0118238528896,0.0,-0.0084036052192,0.00861115705484,-0.999927611077,0.0,0.660231365597,0.25896238137,0.303501923914,1.0,-0.00784,-0.010304,0.393
0.463877309035,0.538675933081,-0.124002028629,-1.36964715542,0.0787227145522,1.89914605309,0.157449999567,-0.00741664921792,-0.0403672576064,0.000609403750878,-0.0708676679831,-0.00340587762276,0.0280126481765,-0.00802134695309,0.573955908358,0.818871324349,0.00226192859638,0.0,0.818831614083,-0.573895443645,-0.0118133163055,0.0,-0.00837563670971,0.00863262753921,-0.999927660609,0.0,0.660099298025,0.258788425324,0.303517793398,1.0,-0.00818,-0.0107508571429,0.41
0.463761458262,0.537915532061,-0.124005224819,-1.37085936639,0.0786595391377,1.89960926246,0.157297922822,-0.00619112550188,-0.0451164119841,0.00039098380621,-0.0803746328692,-0.000620652004688,0.0286498387633,-0.00552807830208,0.573978618477,0.818855370395,0.00227482042428,0.0,0.818815762119,-0.573918033321,-0.0118146364836,0.0,-0.00836907920048,0.00864417397317,-0.999927615765,0.0,0.659965298911,0.258597399343,0.303518135524,1.0,-0.00852,-0.0111977142857,0.427
0.46366254694,0.537099914746,-0.124007353623,-1.37212804453,0.0785756252994,1.90007630694,0.157129165137,-0.00941163438672,-0.0525021580951,0.00211611387677,-0.0758469635905,-0.000761192304553,0.0289872330294,-0.016189271433,0.573970324279,0.818861164277,0.00228197013424,0.0,0.818821706486,-0.573909772031,-0.0118039593041,0.0,-0.00835631978436,0.00864381544925,-0.999927725575,0.0,0.659816694133,0.258409124026,0.30353071099,1.0,-0.00886,-0.0116445714286,0.444
0.46354744531,0.536308574723,-0.124017999304,-1.37336065061,0.078507149171,1.90054824566,0.156981247192,-0.00981700883828,-0.0527894891685,-0.000134486213041,-0.0773269903615,-0.0030710933778,0.0299131411696,-0.00824187548221,0.574000525169,0.818839922653,0.00230761249029,0.0,0.818800808321,-0.573939881343,-0.0117896479428,0.0,-0.00832956394062,0.00865690575531,-0.99992783557,0.0,0.659681792572,0.258212020032,0.30354390378,1.0,-0.00918,-0.0120651428571,0.46
0.463448961784,0.535552686792,-0.124026405381,-1.37456811813,0.0784427878033,1.90098266224,0.156831144112,-0.00830323259168,-0.0509913988482,-0.000807861047168,-0.0861774002776,0.00057394960412,0.0273921940103,-0.0145045233015,0.574013232129,0.818831049757,0.00229525534961,0.0,0.818791707674,-0.573952564387,-0.0118042440756,0.0,-0.00834847460816,0.00865529498317,-0.999927691806,0.0,0.659539004443,0.258027834172,0.303540583235,1.0,-0.00948,-0.0124594285714,0.475
0.463328035256,0.534649395424,-0.124022297129,-1.37600256593,0.0783537956749,1.90150077099,0.156662602323,-0.00498054083764,-0.0505538294337,0.0018387436353,-0.0873571170586,-0.0116431626469,0.0288805221454,-0.0143122809588,0.574026118873,0.818822049223,0.00228329984839,0.0,0.818782517491,-0.573965460166,-0.0118146725801,0.0,-0.00836374019271,0.00865162321554,-0.999927596012,0.0,0.659368075417,0.257812821702,0.303539911164,1.0,-0.00982,-0.0129062857143,0.492
0.463204478354,0.533746127751,-0.124030080973,-1.377476994,0.0782709989362,1.90204777849,0.156477706654,-0.00518747861846,-0.0535242800829,-0.000186680614124,-0.0912258418395,-0.00374636078395,0.037194397748,-0.0104728619061,0.574040012037,0.818812366894,0.00226258781583,0.0,0.818772527136,-0.573979391985,-0.0118301853162,0.0,-0.00838818475923,0.00864371088335,-0.999927459678,0.0,0.65919630445,0.257587395902,0.303522934183,1.0,-0.01016,-0.0133531428571,0.509
0.463068036011,0.532826007036,-0.124031206177,-1.3789657767,0.0781906951638,1.90260615975,0.156290708544,-0.0110719756884,-0.0533793378431,0.000447002706472,-0.0864871113041,-0.00087906008995,0.0325718599089,-0.00933073029259,0.574059384297,0.818798800393,0.00225713892372,0.0,0.818758798468,-0.57399868908,-0.0118440603896,0.0,-0.00840246942906,0.00864741285747,-0.999927307737,0.0,0.659025182807,0.257357054348,0.303511599849,1.0,-0.0105,-0.0138,0.526
0.462948909489,0.53190736647,-0.124033984169,-1.38042823181,0.0781051412187,1.90314866055,0.156099359951,-0.00598761377472,-0.0558534696178,-0.00016354870056,-0.0901017510972,-0.000806572600562,0.0329150334157,-0.017726793735,0.574059090787,0.818799009408,0.00225596521122,0.0,0.818758961042,-0.57399836813,-0.0118483753245,0.0,-0.00840667948366,0.00864892581722,-0.999927259266,0.0,0.658852814802,0.257138373009,0.303510221665,1.0,-0.01082,-0.0142205714286,0.542
0.462811431719,0.530839143541,-0.12402869446,-1.38213184071,0.0780066823827,1.90375292809,0.155878601072,-0.00283171515533,-0.0612206979459,0.000177237914537,-0.091694862691,-0.00639735066745,0.0321101474328,-0.0145374868224,0.574053382684,0.818803073517,0.00223327760045,0.0,0.818762600805,-0.573992617675,-0.011875406504,0.0,-0.00844189702156,0.00864580790945,-0.999926989525,0.0,0.658643629462,0.256887767417,0.303504361211,1.0,-0.01118,-0.0146937142857,0.56
0.462678232424,0.529881732938,-0.124033846157,-1.38367942165,0.0778984665678,1.90431066533,0.155679710488,-0.0104795532824,-0.061028832334,0.000568496937127,-0.0938075451625,-0.00518994961358,0.0301498608458,-0.0169647073088,0.574058166927,0.818799821159,0.00219562168616,0.0,0.818758965817,-0.573997660951,-0.0118822564579,0.0,-0.00846907080639,0.00861895724391,-0.999926991543,0.0,0.658460023384,0.256646281044,0.303490738845,1.0,-0.0115,-0.0151142857143,0.576
0.462533409597,0.528820085004,-0.124034977442,-1.38533646898,0.0778001187806,1.90493238326,0.15544733578,-0.00715751960291,-0.0605337942697,0.00178162413974,-0.0949132347188,-0.0111275564243,0.0386809570723,-0.0184752722269,0.574050779189,0.818804939693,0.00221823072783,0.0,0.81876435602,-0.57399016105,-0.0118731305682,0.0,-0.00844869800974,0.00863215430316,-0.999927050046,0.0,0.658267430132,0.256393795325,0.303503638479,1.0,-0.01184,-0.0155611428571,0.593
0.46240164921,0.52772197358,-0.12403507816,-1.38704249304,0.0776962121357,1.90559448493,0.155211466248,-0.0086843830187,-0.0646419755487,0.00145070828578,-0.0961162376086,-0.00267294458996,0.0388951134848,-0.0144552388566,0.574030190855,0.818819252229,0.0022625357738,0.0,0.818779271215,-0.573969427413,-0.011846869796,0.0,-0.0084019804692,0.00865314492187,-0.999927262258,0.0,0.658068635276,0.256147031916,0.303522103702,1.0,-0.01218,-0.016008,0.61
0.462254644368,0.526565989788,-0.124048042879,-1.38881397828,0.0775848239832,1.90627352318,0.154962932114,-0.00900562034602,-0.0628560886205,-0.00176099725393,-0.105157735093,-0.00688688416965,0.0376001580494,-0.0104217903097,0.574022019497,0.818824846491,0.00231058492016,0.0,0.818785599828,-0.573961183916,-0.0118088006729,0.0,-0.00834331397654,0.00867055220488,-0.999927602697,0.0,0.657866134101,0.255875715201,0.303551726116,1.0,-0.01252,-0.0164548571429,0.627
0.462100516757,0.525393777957,-0.12404641422,-1.39066182919,0.077473872372,1.906935645,0.15472810017,-0.0072489994283,-0.064851966444,0.000195427307247,-0.109334495598,-0.00620405280917,0.0317878354937,-0.0231617876807,0.574024367069,0.818823230172,0.00230013963723,0.0,0.818783772938,-0.573963493858,-0.0118231887637,0.0,-0.00836106640834,0.0086702823871,-0.999927456755,0.0,0.657640666328,0.255598334486,0.303554196515,1.0,-0.01286,-0.0169017142857,0.644
0.461958522964,0.524277711185,-0.124047466322,-1.39242828306,0.0773542948867,1.90756083608,0.154481983981,-0.0103107075799,-0.0728776218658,0.00123997848683,-0.115714223057,-0.0135750093785,0.0446374869008,-0.0121273302404,0.574002379509,0.818838722011,0.00227212550429,0.0,0.818798944528,-0.573941663334,-0.0118322622724,0.0,-0.00838480845992,0.00865232724818,-0.999927413476,0.0,0.657422873021,0.255332456647,0.303552487168,1.0,-0.01318,-0.0173222857143,0.66
0.461777787265,0.522949289712,-0.124058828498,-1.3945572407,0.0772260664888,1.90835905157,0.154184907701,-0.0115448825687,-0.073558830363,-0.000711498055173,-0.113946027019,-0.00399219029944,0.0346148038406,-0.0122032157876,0.573994930367,0.818843960054,0.00226625177684,0.0,0.818804128413,-0.573934260931,-0.0118325958485,0.0,-0.00838853160892,0.00864763283476,-0.999927422858,0.0,0.657172044129,0.255005204463,0.303542589182,1.0,-0.01356,-0.0178217142857,0.679
0.461629513601,0.521778941721,-0.12405728273,-1.39638766572,0.0771128747037,1.90908271728,0.153943417018,-0.00374147187056,-0.077702747264,-0.0032976772363,-0.114144553262,-0.0112064389814,0.0399177954376,-0.017272898954,0.573985204024,0.818850635647,0.00231710245137,0.0,0.81881151435,-0.573924390304,-0.0118002153607,0.0,-0.00833293267198,0.00867058612411,-0.99992768897,0.0,0.656959746798,0.254737552833,0.303556432089,1.0,-0.01388,-0.0182422857143,0.695
0.461463921475,0.520529875467,-0.124062749509,-1.39840624021,0.0769828633994,1.90983683151,0.153682914084,-0.00844526583785,-0.0734893962546,0.000552360793435,-0.120073290728,-0.00244642764523,0.0405546372085,-0.0135912518456,0.573984094868,0.818851470938,0.0022965805729,0.0,0.818812145848,-0.573923425426,-0.0118033240805,0.0,-0.00834726860688,0.00865555500202,-0.999927699624,0.0,0.656717518237,0.254432566735,0.303538579957,1.0,-0.01422,-0.0186891428571,0.712
0.461316829235,0.519365118016,-0.124070578659,-1.40020778147,0.0768839530318,1.91048701474,0.153425725305,-0.00953428141953,-0.0797988168659,-0.00130078845099,-0.120250064681,-0.00386050828206,0.0452910729473,-0.0179161601303,0.573968652579,0.818862249397,0.00231284893098,0.0,0.818823029063,-0.573907811749,-0.0118075226457,0.0,-0.0083415330849,0.00867112877675,-0.999927612556,0.0,0.65649704894,0.254161015049,0.303555535637,1.0,-0.01452,-0.0190834285714,0.727
0.46114219849,0.518023823457,-0.124077621534,-1.40231528598,0.0767303841874,1.91124077748,0.15314861873,-0.00820450486039,-0.0818380349917,-0.0022411212003,-0.12556009821,-0.0132464097269,0.0468318510363,-0.0146986738887,0.573959827908,0.818868507416,0.00228700909973,0.0,0.818829134406,-0.573899277539,-0.0117989316946,0.0,-0.00834942146806,0.00864494892852,-0.999927773401,0.0,0.656238719084,0.253836152339,0.303559338648,1.0,-0.01486,-0.0195302857143,0.744
0.460959343519,0.516667373323,-0.124079009767,-1.40444409112,0.0765988625098,1.91200784138,0.1528488775,-0.0113286720485,-0.0833313464429,-3.05788564699e-05,-0.126708476052,-0.00627161398845,0.0429972649395,-0.0162078802525,0.573942149619,0.818880913258,0.00228159903326,0.0,0.818841427344,-0.573881578218,-0.0118066908529,0.0,-0.00835906707201,0.00864479177603,-0.999927694172,0.0,0.655977229667,0.253511343209,0.30356424118,1.0,-0.0152,-0.0199771428571,0.761
0.460770551079,0.515290758701,-0.124087208572,-1.40662558557,0.0764609501206,1.91284371775,0.152540245649,-0.0114880413827,-0.0835558935435,2.35909768e-05,-0.127647688816,-0.00984702414627,0.0491605992272,-0.0165920287706,0.573927953989,0.81889080774,0.00230120185263,0.0,0.818851659538,-0.573867395053,-0.011786410339,0.0,-0.00833135877466,0.00864905984789,-0.999927888512,0.0,0.65572012616,0.253176328683,0.303563990089,1.0,-0.01554,-0.020424,0.778
0.460595739709,0.513985805134,-0.124090815073,-1.40873934325,0.0763356601418,1.91359332937,0.152256792379,-0.0128928692161,-0.0885653666219,-0.00193017367134,-0.131611635053,-0.0053886573034,0.0505708928633,-0.0197272964981,0.573918889464,0.818897298267,0.00225169014722,0.0,0.818857401804,-0.573858414481,-0.011824658203,0.0,-0.00839119087403,0.00863037400923,-0.999927549656,0.0,0.655453902392,0.252856557132,0.303537745787,1.0,-0.01586,-0.0208445714286,0.794
0.460400875953,0.512592477381,-0.124091158867,-1.41100689604,0.0762086460993,1.91437318214,0.151938903731,-0.0106212724047,-0.0806204867181,0.000476819990578,-0.135802505415,-0.0114224365401,0.0448790788684,-0.0186500919809,0.573902912178,0.818908693897,0.00217838369775,0.0,0.81886760878,-0.573842489174,-0.0118904924114,0.0,-0.00848734189454,0.00860796180164,-0.999926931341,0.0,0.655163068441,0.252510312199,0.30350236411,1.0,-0.0162,-0.0212914285714,0.811
0.46017865096,0.510982451498,-0.124096939729,-1.41357223753,0.0760526081016,1.91533497,0.151575419532,-0.0117324136527,-0.0849450763584,-0.000136342876357,-0.136625721964,-0.00410708284172,0.0427819096601,-0.0128204531795,0.573883552491,0.818922253643,0.00218118525333,0.0,0.818881193176,-0.573823108671,-0.0118902614889,0.0,-0.00848574860919,0.00860992285378,-0.99992692798,0.0,0.654852097081,0.252118145908,0.303492431073,1.0,-0.01658,-0.0217908571429,0.83
0.459961285378,0.50932285891,-0.124097290976,-1.41620504478,0.0758810194885,1.91631623307,0.151211676225,-0.0057018760307,-0.0835175630635,-0.00272233030504,-0.135547638429,-0.0120849092255,0.0478881862198,-0.0219090241683,0.573854772465,0.81894242273,0.00218065900697,0.0,0.818901409244,-0.573794388971,-0.011883939782,0.0,-0.0084811758231,0.00860556597728,-0.999927004281,0.0,0.654527445083,0.251723910088,0.303485969866,1.0,-0.01696,-0.0222902857143,0.849
0.459775592879,0.507992219362,-0.124100170795,-1.41829641113,0.0757489957518,1.91706898202,0.150917905913,-0.0103886349632,-0.0920290243177,0.000148725841506,-0.139926027886,-0.0130274590204,0.054661867004,-0.0239298185363,0.573841114621,0.818952017481,0.00217143632071,0.0,0.818910862836,-0.573780748445,-0.0118911035809,0.0,-0.00849247841689,0.00860198253876,-0.999926939184,0.0,0.654267321004,0.2513998398,0.303486778066,1.0,-0.01726,-0.0226845714286,0.864
0.459538794501,0.506352749841,-0.124103605956,-1.42086544371,0.0755882256914,1.91799988313,0.150564031635,-0.0154040795413,-0.0969517910444,-0.000988711117356,-0.145955062339,-0.0132634095353,0.0435267021448,-0.0169516655329,0.573837102867,0.818954831699,0.00217023290156,0.0,0.818913631849,-0.57377671212,-0.0118951713567,0.0,-0.00849654254242,0.00860328961679,-0.999926893414,0.0,0.653950201055,0.250996921888,0.303491187002,1.0,-0.01762,-0.0231577142857,0.882
0.459376843094,0.505138270825,-0.1241067716,-1.42273841025,0.0754703422154,1.91871790258,0.150310012556,-0.0103740365823,-0.0862137694065,-1.95784627331e-05,-0.146943186059,-0.00977017560813,0.0556440769516,-0.0247233379086,0.573828889045,0.81896046076,0.0022173656339,0.0,0.818919922495,-0.573768359978,-0.0118649285649,0.0,-0.00844481571002,0.00862444971742,-0.999927149324,0.0,0.653724162998,0.250712595177,0.303510848502,1.0,-0.01788,-0.0234994285714,0.895
0.459105893393,0.503196425844,-0.124109729809,-1.42564454111,0.0752924634693,1.91983785681,0.149897446825,-0.0138975843903,-0.0927222944892,0.000485700956179,-0.144257156087,-0.0106860139463,0.0534108808161,-0.0186533621946,0.573816597448,0.818968705759,0.00234912378533,0.0,0.818929920519,-0.573755598975,-0.0117917269606,0.0,-0.00830939242459,0.00869022371108,-0.999927714392,0.0,0.653379137274,0.250261759132,0.303581155707,1.0,-0.01828,-0.0240251428571,0.915
0.458916979997,0.501789647447,-0.124118703307,-1.42772024842,0.0751560634769,1.92059768089,0.149609000737,-0.012860776226,-0.0987462136597,-0.00160438012762,-0.152034036396,-0.00747826333099,0.0564731652225,-0.0192077255992,0.573810702574,0.818972625077,0.00242154640387,0.0,0.818934865523,-0.573749522008,-0.0117438889741,0.0,-0.00822872091836,0.0087220258878,-0.999928104624,0.0,0.653125181142,0.249934944286,0.303641347284,1.0,-0.01856,-0.0243931428571,0.929
0.45867632833,0.50007900354,-0.124113884251,-1.43030519244,0.0749855647259,1.92150479787,0.14924950533,-0.0144044703769,-0.0975078768772,5.07254398736e-05,-0.148766784041,-0.0138676696125,0.0524097006609,-0.0205076946861,0.573795260791,0.818983367007,0.00244748070345,0.0,0.818945915798,-0.573733956106,-0.0117337764292,0.0,-0.00820572292677,0.00873730785257,-0.999928160201,0.0,0.652796724547,0.249530668339,0.303683048207,1.0,-0.0189,-0.02484,0.946
0.458421849181,0.498400540589,-0.1241223613,-1.4329231297,0.0748289752595,1.9224862645,0.148862498408,-0.0154543309788,-0.0882362029198,-0.00098525985817,-0.148257851877,-0.00971317849044,0.064499767523,-0.0220939323907,0.57378388035,0.818991233204,0.00248303984453,0.0,0.81895421434,-0.57372241543,-0.0117188629299,0.0,-0.00817322774545,0.00875775920426,-0.999928247427,0.0,0.652478863763,0.249112515451,0.303692937037,1.0,-0.01924,-0.0252868571429,0.963
0.458145924952,0.496622539236,-0.124111780303,-1.43575279205,0.0746511008134,1.9235010597,0.148456604709,-0.0154960877833,-0.0968557808955,0.00129488689237,-0.15516125809,-0.00745438103069,0.0558842392298,-0.0162232888025,0.573764998936,0.819004553468,0.00245240606902,0.0,0.818967013811,-0.573703517562,-0.0117495160462,0.0,-0.0082161113402,0.00875006920269,-0.999927963307,0.0,0.652120001563,0.248666811747,0.303673105607,1.0,-0.0196,-0.02576,0.981
0.457889199993,0.495067009675,-0.124115280493,-1.43831356863,0.0744935137862,1.92438098307,0.148079887486,-0.0138331098817,-0.106052596061,-0.00461353586632,-0.154183422001,-0.0137868337814,0.067049642915,-0.0193487213079,0.57376061903,0.819007908402,0.00235476660459,0.0,0.818968993982,-0.573699394207,-0.0118126577574,0.0,-0.00832389220875,0.0087062862875,-0.999927454067,0.0,0.65177031429,0.248223134528,0.303621232996,1.0,-0.01994,-0.0262068571429,0.998
0.457560682602,0.492994083773,-0.124125915732,-1.4416257305,0.0742796582283,1.92559749817,0.147618237141,-0.0136872207633,-0.113082246121,0.0014492434112,-0.172165985503,-0.0134830348938,0.0721701465213,-0.0241467272035,0.573762916157,0.819006405019,0.0023176456693,0.0,0.818967000579,-0.573701826463,-0.0118327164026,0.0,-0.00836159395557,0.00868741645112,-0.999927303629,0.0,0.651378454815,0.247711128264,0.303587067967,1.0,-0.021772,-0.0286146285714,1.017
0.457319544902,0.49143735957,-0.124131500182,-1.44412188499,0.0741281484622,1.92650633435,0.147267766561,-0.0172584484026,-0.112127431566,-0.00140122809819,-0.180568089939,-0.0141327724965,0.0641383545546,-0.0260670168473,0.573760027481,0.819008523004,0.00228407790847,0.0,0.818968616715,-0.573699001538,-0.0118577979486,0.0,-0.00840142612196,0.00867428560892,-0.999927083746,0.0,0.651040643662,0.247282137515,0.303558309843,1.0,-0.023452,-0.0308226285714,1.032
0.456983802265,0.489288658836,-0.124151873258,-1.44762189629,0.0739186895927,1.92772693493,0.146762910857,-0.0174918523902,-0.128821856144,-0.00283708751508,-0.194934440602,-0.00994301993308,0.0674000534644,-0.0281610628862,0.573755342186,0.819012088714,0.00218008129116,0.0,0.818970636256,-0.573694536113,-0.0119341143524,0.0,-0.0085236473043,0.00863285063517,-0.999926407955,0.0,0.650609402991,0.246744964941,0.303496170084,1.0,-0.025356,-0.0333250285714,1.049
0.456679690305,0.487430190921,-0.124179535657,-1.45050799675,0.073741015576,1.9288115578,0.146344754495,-0.019061601736,-0.135957756333,-0.00350891697676,-0.209038392015,-0.00776385456154,0.0800354583893,-0.0373867727906,0.573777232772,0.818996639881,0.00222214248852,0.0,0.818955821338,-0.573716341478,-0.0119024837268,0.0,-0.00847337785854,0.00864937723004,-0.999926692384,0.0,0.650261046434,0.246258348805,0.303508838954,1.0,-0.026924,-0.0353858285714,1.063
0.456266171428,0.484881661422,-0.124203211008,-1.45438507938,0.0734948740348,1.93029573188,0.145759970883,-0.0258217021411,-0.146847550097,-0.00210570568986,-0.224709534837,-0.0190427226304,0.0839581627616,-0.040540560504,0.573779067282,0.818995011334,0.00234526347448,0.0,0.818955962415,-0.573717865183,-0.0118190395153,0.0,-0.00833437531044,0.00870235252235,-0.999927400989,0.0,0.649796149709,0.245610869158,0.303562439198,1.0,-0.02894,-0.0380354285714,1.081
0.455844309495,0.482314480993,-0.124242324097,-1.45835316272,0.0732469683144,1.93164144253,0.145149478205,-0.0246877081458,-0.152884437747,-0.00370651431155,-0.240029177134,-0.018067763711,0.0825166649972,-0.0382820792644,0.573779787521,0.818994647858,0.00229545479603,0.0,0.818954870406,-0.57371869468,-0.0118543879571,0.0,-0.00839189653126,0.00868184924074,-0.999927098126,0.0,0.649284510084,0.244929447143,0.30357268982,1.0,-0.030844,-0.0405378285714,1.098
0.455443216384,0.479905289596,-0.124259936964,-1.46209474345,0.0730122556021,1.93300172272,0.144603796024,-0.0320550029409,-0.167578974176,-0.000196261325444,-0.247177321798,-0.0118029511456,0.0949818142346,-0.0421717614689,0.57379308356,0.81898527639,0.00231542992415,0.0,0.818945740619,-0.573731892215,-0.011846378292,0.0,-0.00837373462834,0.00869374878486,-0.999927146996,0.0,0.648814080331,0.244302101602,0.303580395867,1.0,-0.032524,-0.0427458285714,1.113
0.454960022736,0.477041626999,-0.124278606449,-1.46645354271,0.0727510402607,1.93459685773,0.143983965257,-0.0264871345639,-0.171920740927,-0.00114636238078,-0.255658837912,-0.0211554963914,0.0903042898508,-0.0393379361065,0.573835566663,0.81895525444,0.00240427924061,0.0,0.81891676898,-0.57377391764,-0.0118137132731,0.0,-0.0082955495555,0.0087482018679,-0.99992732377,0.0,0.648269348537,0.243565780881,0.303627870982,1.0,-0.034428,-0.0452482285714,1.13
0.454387753884,0.473674703553,-0.124295201038,-1.47165773903,0.0724313081078,1.9364974808,0.143224638916,-0.0282974526381,-0.176531931194,7.67373555182e-05,-0.277636471817,-0.0155812255003,0.102335554165,-0.0419720689753,0.573858536314,0.818938996636,0.00245906297417,0.0,0.818901112265,-0.573796559117,-0.0117993210891,0.0,-0.00825208117856,0.00878503967357,-0.999927360479,0.0,0.647610378366,0.242691466262,0.303645607635,1.0,-0.036556,-0.0480450285714,1.149
0.453884669198,0.470686371448,-0.1242948751,-1.47626317845,0.0721401875688,1.93809226752,0.142534562196,-0.0337625102841,-0.187898119141,0.000243408096664,-0.288249310089,-0.0158108270661,0.111525248559,-0.0388711482303,0.573845674342,0.818948052156,0.00244475169622,0.0,0.818909745636,-0.573783502209,-0.0118350325656,0.0,-0.00828967827851,0.0087936825388,-0.999926973524,0.0,0.647002233814,0.241922505878,0.303657091363,1.0,-0.038348,-0.0504002285714,1.165
0.45329729855,0.467142793597,-0.124301782645,-1.48158120878,0.071798115832,1.94014072066,0.141666937413,-0.0312402925776,-0.200110372207,-0.00137771081315,-0.303283131235,-0.0174089556029,0.116607771564,-0.0532485635989,0.573781592548,0.818992237207,0.00267326548846,0.0,0.818957066773,-0.573718768891,-0.0116980299852,0.0,-0.00804704809412,0.00890157532061,-0.999928000895,0.0,0.646382419255,0.241097053556,0.303747297602,1.0,-0.040252,-0.0529026285714,1.182
0.45281699158,0.46428456776,-0.124305368171,-1.48597766108,0.0714950031402,1.94164513419,0.141003244921,-0.0375447184162,-0.204872656516,0.000704903059332,-0.320963504879,-0.0217047722248,0.112848752158,-0.0464964636608,0.573756487692,0.819009952727,0.00263383112907,0.0,0.818974224371,-0.573693757041,-0.011723474243,0.0,-0.00809078538242,0.00888363024869,-0.999927807547,0.0,0.645753244185,0.240300219986,0.303758617439,1.0,-0.041932,-0.0551106285714,1.197
0.452152746939,0.460515205884,-0.124311757189,-1.49190532996,0.0711027563929,1.94370556136,0.140127142889,-0.0377895657562,-0.217331818915,0.000273781341656,-0.332783169454,-0.0218168054612,0.116742647545,-0.0499612488218,0.573756767427,0.819010039822,0.00254428844648,0.0,0.818972983796,-0.573694184773,-0.0117890233753,0.0,-0.00819584281332,0.0088479057932,-0.999927268717,0.0,0.644960706018,0.239294928835,0.303712700823,1.0,-0.043948,-0.0577602285714,1.215
0.451413882981,0.456398153315,-0.124313855399,-1.49836415013,0.070666208785,1.94600209358,0.139129325516,-0.0343226960125,-0.220452715749,-0.000910281444203,-0.35175747952,-0.0140636232422,0.12596808403,-0.0539963983362,0.573724956471,0.819032479772,0.00249365220973,0.0,0.818994711314,-0.573662509564,-0.0118209500864,0.0,-0.00825138614265,0.00882443194304,-0.999927019351,0.0,0.64410363814,0.238195899571,0.30367000562,1.0,-0.046076,-0.0605570285714,1.234
0.450775653872,0.4530003529,-0.124354455696,-1.50365241517,0.0702979567405,1.94784163394,0.138285759478,-0.0468786637596,-0.226626507412,-0.00450976544793,-0.350120730686,-0.0218678892867,0.130209407815,-0.060498807616,0.573726962113,0.819031267265,0.00242962728941,0.0,0.81899280579,-0.573664907186,-0.0118366054537,0.0,-0.00830091786973,0.00878099602081,-0.999926991771,0.0,0.643405842004,0.237248713474,0.303648026449,1.0,-0.047756,-0.0627650285714,1.249
0.450052786626,0.448938241344,-0.124419563532,-1.50974262268,0.0698805137081,1.95011948252,0.137358985426,-0.0426510802442,-0.242591042758,-0.000911286229997,-0.371590326961,-0.0307589509806,0.127228805471,-0.0483107813641,0.573778167448,0.818994837508,0.00261105272403,0.0,0.818959113221,-0.573715844178,-0.0116982012721,0.0,-0.00808291975351,0.008850688315,-0.999928163282,0.0,0.642578419277,0.236107256006,0.303735325059,1.0,-0.049772,-0.0654146285714,1.267
0.449366100998,0.445241221575,-0.124440908629,-1.51542595406,0.0695101463831,1.95196466553,0.136520092505,-0.0424925530451,-0.242244650199,-0.00265702296489,-0.388501072191,-0.0245796369545,0.127446795594,-0.0580932357516,0.573813409134,0.818970499017,0.00249802712658,0.0,0.818933035151,-0.573751199698,-0.011789473441,0.0,-0.00822214318813,0.00881084451982,-0.999927380053,0.0,0.64183965569,0.235162100526,0.303723897061,1.0,-0.05134,-0.0674754285714,1.281
0.448525041419,0.440728768759,-0.124452260813,-1.52239411473,0.0690142046396,1.95440019815,0.13540239109,-0.0473612227202,-0.250079203683,0.000410492999671,-0.392334308836,-0.030517580418,0.136442313202,-0.0608414959329,0.573767251376,0.819002955728,0.00245899520927,0.0,0.818965070804,-0.573705286359,-0.0117984790885,0.0,-0.00825240958035,0.00878358121385,-0.999927370581,0.0,0.640892334484,0.2339425906,0.303706233803,1.0,-0.053356,-0.0701250285714,1.299
0.447725132358,0.436609319225,-0.124458919131,-1.52872379914,0.0686045098729,1.95666711528,0.134370864706,-0.049131136567,-0.263983407459,-0.000624608540364,-0.386640386429,-0.0246352436803,0.145519832704,-0.0595426393941,0.573748493731,0.819015944372,0.00250912479044,0.0,0.818978516284,-0.573686134747,-0.0117964217128,0.0,-0.00822216566884,0.00882326836243,-0.999927270319,0.0,0.640041364359,0.232825490197,0.303704569096,1.0,-0.055148,-0.0724802285714,1.315
0.446826558036,0.432040075275,-0.124489738026,-1.53554534739,0.0681179386967,1.95917794706,0.133262815934,-0.0535022316006,-0.267466056205,-0.00266909475782,-0.410939188311,-0.0355620425947,0.146509982208,-0.0646488865665,0.57376129334,0.819006368517,0.00270064694035,0.0,0.818971834174,-0.573698688157,-0.011648902855,0.0,-0.0079913218753,0.0088956146144,-0.999928500852,0.0,0.639149023263,0.231584891571,0.303792441172,1.0,-0.057052,-0.0749826285714,1.332
0.445896484736,0.427403355563,-0.124531771672,-1.54279265709,0.0675896781337,1.9615098655,0.132105084996,-0.0579904989845,-0.279181287915,-0.00375671479182,-0.433847090255,-0.0232215757766,0.136970866493,-0.07246600787,0.573768433715,0.819002183668,0.00244018864786,0.0,0.818964179805,-0.57370667278,-0.0117929091344,0.0,-0.00825862482688,0.00876499485086,-0.999927482361,0.0,0.638115282883,0.23025349492,0.3037043431,1.0,-0.058956,-0.0774850285714,1.349
0.444924280253,0.422585189097,-0.124570517865,-1.55015165809,0.0670533595703,1.96398480993,0.130892889277,-0.0549464852228,-0.285283577904,0.00138517470937,-0.429519893042,-0.0258521622807,0.145694934252,-0.0647620757705,0.573761787102,0.819007077849,0.00235902455039,0.0,0.81896810837,-0.573700430275,-0.0118237335914,0.0,-0.00833050848651,0.00871614020197,-0.999927313122,0.0,0.637085832201,0.228896526478,0.303692932264,1.0,-0.06086,-0.0799874285714,1.366
0.443852504387,0.417327576208,-0.12459606284,-1.55800743394,0.0665200588715,1.96681097184,0.129644587815,-0.0595849867581,-0.300667477335,0.00037110726774,-0.440784185612,-0.0235855375225,0.163975927804,-0.0746028401577,0.57381695384,0.818967875822,0.00254337543312,0.0,0.818931340848,-0.573754942849,-0.0117248212682,0.0,-0.00814313452272,0.00881092071571,-0.999928025928,0.0,0.636018600672,0.227457164231,0.303766931774,1.0,-0.062876,-0.0826370285714,1.384
0.44285186381,0.412585028901,-0.124606303051,-1.56513012136,0.0660266010038,1.96937770029,0.128400429504,-0.068623736914,-0.297060989447,-0.00111624920163,-0.45278061625,-0.0400114384706,0.150160186997,-0.0831507463126,0.573781706909,0.818992096631,0.00269172311826,0.0,0.818957532225,-0.573719225263,-0.011642932471,0.0,-0.00799133023116,0.0088850796543,-0.999928594451,0.0,0.635045752161,0.226142155037,0.303811806637,1.0,-0.064668,-0.0849922285714,1.4
