position_joint1,position_joint2,position_joint3,position_joint4,position_joint5,position_joint6,position_joint7,velocity_joint1,velocity_joint2,velocity_joint3,velocity_joint4,velocity_joint5,velocity_joint6,velocity_joint7,ee_T_00,ee_T_10,ee_T_20,ee_T_30,ee_T_01,ee_T_11,ee_T_21,ee_T_31,ee_T_02,ee_T_12,ee_T_22,ee_T_32,ee_T_03,ee_T_13,ee_T_23,ee_T_33,v_x,v_y,time
0.46505387788,0.547855200977,-0.124005937036,-1.35589163437,0.0794837643692,1.89409390603,0.159165194224,-0.00064278925019,0.0040165082951,-0.000748714444832,0.000355658639798,0.00033654057003,0.000112694530705,0.00218449173709,0.573838029054,0.81895505354,0.00181206880948,0.0,0.818910273706,-0.57378019234,-0.0119583192321,0.0,-0.00875376531409,0.00834622079433,-0.99992685342,0.0,0.661670405281,0.260856242428,0.303134012355,1.0,0.0,0.0,0.0
0.465051648948,0.547847849635,-0.124003440188,-1.35589187289,0.0794805691473,1.8940931053,0.15915598438,-0.000226002281927,-0.000736524425475,-0.00173128104069,-0.00284096798893,-0.00018027194167,0.00025997597231,0.000280571735266,0.573834481593,0.818957521208,0.00182019014595,0.0,0.81891286925,-0.573776631589,-0.0119514233496,0.0,-0.00874349380984,0.00834887669886,-0.999926921117,0.0,0.661671442384,0.26085439822,0.303141540229,1.0,-0.00016,-0.000210285714286,0.009
0.465049256787,0.547837200704,-0.124003749882,-1.35589735829,0.0794829949055,1.89409407753,0.159156092465,-0.000449258647547,-0.00331742194722,-0.000455707280724,-0.000392182295792,-0.0001771191379,0.00432033069082,0.000369309015165,0.573832911627,0.818958613759,0.00182356342659,0.0,0.818913973471,-0.573775016562,-0.0119532976409,0.0,-0.00874310926254,0.00835269797572,-0.999926892566,0.0,0.661670352806,0.260853897789,0.303143980456,1.0,-0.0005,-0.000657142857143,0.026
0.465052530931,0.547824448953,-0.124005675962,-1.35591285549,0.0794825793463,1.89409187032,0.159155735178,0.00106339561493,-0.000456642917158,-0.000108109861701,-0.000379866605862,0.000212819750296,-0.00020209285926,-0.000427347351575,0.57383494263,0.818957202543,0.00181821907828,0.0,0.818912503025,-0.573777080115,-0.0119549832523,0.0,-0.00874753562419,0.00834931021528,-0.999926882147,0.0,0.661667656388,0.2608510534,0.303143729811,1.0,-0.00082,-0.00107771428571,0.042
0.465053079843,0.547772991065,-0.12400109933,-1.3559679358,0.079480414418,1.89410681368,0.159161044145,-0.000539838070908,-0.00927737369556,-0.000315897708005,-0.00632642829734,0.000348451918848,0.000259248559013,-0.00084704399374,0.573838629776,0.818954581852,0.00183486814667,0.0,0.818910046631,-0.573780645344,-0.011952131907,0.0,-0.00873560954635,0.0083613479378,-0.99992688582,0.0,0.661656109994,0.260846140876,0.303162483777,1.0,-0.00116,-0.00152457142857,0.059
0.465047027786,0.547610921593,-0.124001108119,-1.35617659539,0.0794788612835,1.89415248028,0.159154029508,-0.00117018968024,-0.0128702551452,0.000561224922231,-0.0105648975518,-0.000107145423815,0.00466844044931,0.000137514455972,0.573845356455,0.818949860203,0.00183854549279,0.0,0.818905224806,-0.573787213707,-0.0119671664935,0.0,-0.00874574381393,0.00837305863962,-0.999926699241,0.0,0.661624171483,0.260827077654,0.303176351424,1.0,-0.00154,-0.002024,0.078
0.465040694136,0.547470657077,-0.124006638064,-1.35636995964,0.0794734112327,1.89423525846,0.159148134589,0.00188974451728,-0.00771307732681,-0.00208381162022,-0.0111167635565,0.00049769038427,0.00519338049616,-0.00267698558669,0.573859020032,0.818940224733,0.00186556753408,0.0,0.818895928365,-0.573800747661,-0.0119543879859,0.0,-0.00871963301781,0.00838800052742,-0.999926802045,0.0,0.661603280523,0.260803320708,0.303191039848,1.0,-0.00186,-0.00244457142857,0.094
0.465018337372,0.547302428697,-0.124004129639,-1.35655879326,0.0794706061604,1.89434421496,0.159137054094,0.000777628016668,-0.0143420659479,-0.000637895746089,-0.0146678689174,0.000422509382827,0.00544041007315,-0.0014904680396,0.573876529336,0.818927768748,0.00194564935662,0.0,0.818884479096,-0.573817882454,-0.0119161475402,0.0,-0.00864218211218,0.00843182179205,-0.999927105878,0.0,0.661591576403,0.260776738636,0.303229698764,1.0,-0.00216,-0.00283885714286,0.109
0.464992100882,0.547090900822,-0.124001424172,-1.35682419074,0.0794679509803,1.89447778504,0.159122218908,7.41312429406e-05,-0.0122043270331,-0.000366843669425,-0.0196798395844,0.000176482245021,0.00791563616597,-0.000939618503257,0.573898306615,0.81891232524,0.00202092468094,0.0,0.818869930455,-0.573839262904,-0.0118863050304,0.0,-0.00857432084394,0.00847656798201,-0.999927311767,0.0,0.661569310863,0.260740876991,0.303264711385,1.0,-0.00252,-0.003312,0.127
0.46495982606,0.546867723187,-0.12400096568,-1.35716445308,0.079461606324,1.89461146014,0.159106819071,-0.00185647235075,-0.0132523503654,0.000494533022002,-0.0200735848793,0.000678899544698,0.0120744362087,-0.00570753228375,0.57392921621,0.818890609674,0.00204231976295,0.0,0.818848373663,-0.573869962776,-0.0118892251539,0.0,-0.00856411375418,0.00849608746629,-0.999927233579,0.0,0.661532471578,0.260690383113,0.303272409855,1.0,-0.00286,-0.00375885714286,0.144
0.464921475894,0.546612139787,-0.123999086037,-1.35754014731,0.079448113043,1.89474830046,0.159032196467,-0.00138846457923,-0.015053278139,0.000525725478536,-0.0291481213501,-0.00043722125685,0.0119583192741,-0.00770556298428,0.573915605139,0.818900097798,0.00206274234774,0.0,0.818858028476,-0.573856171642,-0.0118899272365,0.0,-0.00855310982392,0.00851307182015,-0.999927183309,0.0,0.661490625588,0.260631970469,0.303286396101,1.0,-0.00318,-0.00417942857143,0.16
0.464872397555,0.546329074794,-0.124004521594,-1.3579858274,0.079434004911,1.89490380674,0.158928936801,-0.00396413497709,-0.0128761158535,0.000454019214033,-0.0282025682661,-0.00439773812842,0.00846263564497,-0.000908577479957,0.573896168997,0.818913718228,0.00206305826028,0.0,0.818871544791,-0.573836628914,-0.0119022413437,0.0,-0.00856321518512,0.00852019445438,-0.999927036154,0.0,0.661441641748,0.260555444889,0.303288379804,1.0,-0.00352,-0.00462628571429,0.177
0.464824576495,0.545993437242,-0.124009785642,-1.35854295643,0.0794105351388,1.89509515721,0.158903504522,-0.00333863068135,-0.0201665584927,-0.00201818804541,-0.0303394447257,0.000182165484812,0.00627364761557,-0.000757346586133,0.573943044569,0.818880921295,0.00204088966789,0.0,0.818838371447,-0.573883502595,-0.0119245040371,0.0,-0.00859368139585,0.00851530887006,-0.9999268164,0.0,0.661375717836,0.26046822627,0.303277615271,1.0,-0.00388,-0.00509942857143,0.195
0.464769649615,0.545696261714,-0.124004534283,-1.35906247245,0.0793384652182,1.89527035784,0.158836246157,-0.00467273473713,-0.0232890048142,-0.000450451098366,-0.0331906020811,-0.00501469371294,0.0139403763013,-0.00406167373076,0.573939103444,0.818883835417,0.00197902289813,0.0,0.818840793179,-0.57388012696,-0.011920663054,0.0,-0.00862608244914,0.00846240227275,-0.999926986559,0.0,0.661316299502,0.260377389256,0.303255659861,1.0,-0.00418,-0.00549371428571,0.21
0.46470875722,0.545316951045,-0.124002773994,-1.35974078584,0.0792826964685,1.89548986284,0.158733059357,-0.00398512622799,-0.0235263984453,0.000557778078134,-0.0432963775691,-0.00024952079825,0.0139295988544,-0.00531299930588,0.573926168857,0.818893080615,0.00190318785708,0.0,0.818849123184,-0.573867582664,-0.0119523190156,0.0,-0.0086956609427,0.00841833444863,-0.999926755881,0.0,0.661232771034,0.260268462961,0.303220244655,1.0,-0.00452,-0.00594057142857,0.227
0.46464806523,0.544870277403,-0.124005221679,-1.36048635806,0.0792618915057,1.89574134959,0.158667865289,-0.00270525679955,-0.0227328745551,0.000361807140571,-0.0470385761916,-0.00574653557142,0.0137112997408,0.00153712564287,0.573960152984,0.818869326618,0.00187499646628,0.0,0.818824751369,-0.573901441196,-0.0119962177773,0.0,-0.00874744001436,0.00842080663264,-0.999926283437,0.0,0.661140812377,0.260157976585,0.303203444689,1.0,-0.00488,-0.00641371428571,0.245
0.464576714209,0.544451231965,-0.124007355783,-1.36118658868,0.0792361880805,1.89599647372,0.158552275183,-0.00331671865194,-0.0279268860701,-0.00183247272457,-0.0493251880505,-0.00274763452884,0.0167763702665,-0.00504945333938,0.573957659004,0.8188711072,0.00186074307321,0.0,0.818826187394,-0.573898856609,-0.0120218186009,0.0,-0.00877661056306,0.0084238022018,-0.999926002594,0.0,0.661062163713,0.260045104631,0.303188926046,1.0,-0.0052,-0.00683428571429,0.261
0.464511095503,0.543946666803,-0.124016453308,-1.36199463904,0.079201308185,1.89628091072,0.158486539635,-0.00415255261026,-0.0315574764746,-0.00155918020512,-0.048738159566,-0.0049271033816,0.014162634911,-0.0103651523417,0.573999599161,0.81884173492,0.00184938305727,0.0,0.818796559542,-0.573940738124,-0.0120403531753,0.0,-0.00879787679254,0.00842558859963,-0.999925800658,0.0,0.66096733198,0.259920824386,0.303186320296,1.0,-0.00554,-0.00728114285714,0.278
0.464420836489,0.543386669312,-0.124021918224,-1.36289110963,0.0791520117584,1.8965897944,0.158339197305,-0.00269999043329,-0.0339664367382,-0.0023123264111,-0.0493284113837,-0.000727777853798,0.0126423170841,-0.00980872877553,0.573993332102,0.818846176569,0.00182776427222,0.0,0.818800657973,-0.573934508321,-0.0120585887261,0.0,-0.00882528219828,0.00841828619013,-0.99992562066,0.0,0.660864729095,0.259771926592,0.303182767629,1.0,-0.0059,-0.00775428571429,0.296
0.464365942813,0.542889410155,-0.124022310725,-1.3636714122,0.0791053822156,1.89687494356,0.158255736947,-0.00620808329248,-0.0350543856498,0.000169873286125,-0.057899750665,-1.87461301703e-05,0.016003664487,-0.0112887573803,0.573999506451,0.81884185611,0.00182432951616,0.0,0.818796266946,-0.573940672507,-0.0120633568403,0.0,-0.00883109462255,0.00841827714789,-0.999925569419,0.0,0.660766205231,0.259649676854,0.303184634186,1.0,-0.00622,-0.00817485714286,0.312
0.464280955885,0.542298543699,-0.124018002674,-1.36458772342,0.0790506143802,1.89720519193,0.158128769175,-0.00326820897816,-0.0286527963622,0.000679568842665,-0.0585434923654,-0.00275262492348,0.0254964552687,-0.00881108669716,0.574000031202,0.818841464544,0.00183494532803,0.0,0.818795976506,-0.573941114659,-0.0120620339733,0.0,-0.00882391288483,0.0084262159595,-0.999925565953,0.0,0.660666213216,0.259520022033,0.303198054274,1.0,-0.00654,-0.00859542857143,0.328
0.464208637775,0.541669884449,-0.1240236918,-1.36554097029,0.0789925029156,1.89756648356,0.15799843974,-0.00725212351312,-0.0360096056841,-0.000554331056938,-0.0562787387176,-0.00709180636383,0.0210366854719,-0.00766395701647,0.573989121344,0.818849044887,0.00186471674655,0.0,0.818803988896,-0.57393011726,-0.0120413940768,0.0,-0.00879003617333,0.0084386291859,-0.999925759645,0.0,0.660552454424,0.25936841963,0.303221689566,1.0,-0.0069,-0.00906857142857,0.346
0.464122342001,0.541051396633,-0.124021357371,-1.36649262707,0.0789443864342,1.89792679937,0.157878645716,-0.00329180750715,-0.0375923976414,0.00264176365356,-0.0566043781362,-0.000757794097342,0.0258464146733,-0.00608754335946,0.574004884712,0.818837930768,0.00189271316654,0.0,0.818793140424,-0.573945660838,-0.0120382100633,0.0,-0.008771197382,0.00845989481629,-0.999925745381,0.0,0.660451281891,0.25923534864,0.303235807055,1.0,-0.0072,-0.00946285714286,0.361
0.464032881102,0.540287779212,-0.124026670575,-1.36765157083,0.0788699662534,1.89834456815,0.157728126532,-0.00737306605718,-0.0453763294478,0.000490999595172,-0.0702649810893,-0.00512448816951,0.0225901507242,-0.0118564576509,0.574002816579,0.818839343381,0.00190871465977,0.0,0.818794804515,-0.573943564875,-0.0120249465343,0.0,-0.00875117331542,0.00846536181108,-0.99992587456,0.0,0.660315561585,0.259061959036,0.303260276976,1.0,-0.00756,-0.009936,0.379
0.463939123768,0.539541512717,-0.124026996067,-1.36879941472,0.0788054698353,1.89878216699,0.157587533394,-0.00255560007542,-0.0456595037492,-0.000509158798383,-0.0727082991171,-0.00509355162207,0.0244206926436,-0.00950017904322,0.574011033506,0.818833506864,0.0019412241937,0.0,0.818789357769,-0.573951607589,-0.0120119378528,0.0,-0.00872177637082,0.00848460192704,-0.999925968333,0.0,0.660185094201,0.258892670269,0.303279218681,1.0,-0.0079,-0.0103828571429,0.396
0.463839724168,0.538877823107,-0.12403244687,-1.36983264491,0.0787417862731,1.89917599589,0.157457285996,-0.00586398480709,-0.0465039974868,-0.00150505440689,-0.0699530475813,-0.00170279428353,0.024576476746,-0.0103747680023,0.574029735971,0.818820353526,0.00195902355975,0.0,0.8187764828,-0.573970276713,-0.0119974815799,0.0,-0.00869952830687,0.00849107708314,-0.999926107179,0.0,0.660072604112,0.258726376822,0.303290622757,1.0,-0.0082,-0.0107771428571,0.411
0.463712310038,0.538047251004,-0.124029836465,-1.37112334718,0.0786765161333,1.89967487036,0.157305982787,-0.00432098341999,-0.0409679842583,0.000600722308466,-0.0749996515567,-0.00336141027812,0.0298630260529,-0.00318270667324,0.574062257407,0.818797458848,0.00199822578418,0.0,0.818753989648,-0.574002520315,-0.0119899128013,0.0,-0.00867049043102,0.00851917576237,-0.999926120391,0.0,0.659931123538,0.258524777826,0.303306104308,1.0,-0.00856,-0.0112502857143,0.429
0.463613542875,0.537240189051,-0.124043907036,-1.37237742978,0.078601160527,1.90014595744,0.157149580203,-0.0100415477603,-0.0437716341477,-0.00182048798146,-0.0705267086427,-0.0053963256665,0.0325514868878,-0.00994269108504,0.574073921355,0.818789240405,0.00201482472838,0.0,0.818746051873,-0.57401417608,-0.0119739343088,0.0,-0.00864775711711,0.00852371732227,-0.999926278553,0.0,0.659788645159,0.258332945877,0.303320375258,1.0,-0.0089,-0.0116971428571,0.446
0.463498242903,0.536447965467,-0.124040026056,-1.37362132095,0.0785357068868,1.90061141874,0.15699628174,-0.0107748677706,-0.0424236634596,0.00192041559081,-0.0742539680568,-0.000106276863838,0.032739290627,-0.00913726613825,0.574091047721,0.818777189913,0.00203202007551,0.0,0.818734111819,-0.574031115856,-0.0119782751033,0.0,-0.00864126204877,0.00854046908615,-0.999926191765,0.0,0.659646356496,0.258142869189,0.303327822082,1.0,-0.00922,-0.0121177142857,0.462
0.463373119096,0.535514170999,-0.124048862437,-1.3750799499,0.0784379204858,1.90114363306,0.15682049755,-0.0136673242212,-0.0518537565948,-0.000236393297709,-0.084318337123,-0.00124836674136,0.0315006775561,-0.017051318391,0.574109627,0.81876416635,0.00203051426296,0.0,0.81872117405,-0.574049803326,-0.0119670115146,0.0,-0.0086327100996,0.00853296582431,-0.999926329692,0.0,0.659478191172,0.257914629121,0.303338982885,1.0,-0.00958,-0.0125908571429,0.48
0.463261030016,0.534673721545,-0.124052059174,-1.3764224489,0.0783759351197,1.90163391242,0.156654812177,-0.00764493304017,-0.0513148840405,-0.000615438500288,-0.0833982534499,-0.0066009376003,0.0318244629288,-0.00396366462625,0.574125031971,0.818753366793,0.00202951477181,0.0,0.81871017577,-0.574065027087,-0.0119891478548,0.0,-0.00865124828195,0.00854501880907,-0.999926066545,0.0,0.659319196893,0.25771376566,0.303335616055,1.0,-0.0099,-0.0130114285714,0.496
0.463137418768,0.533813774378,-0.124052478406,-1.37782211727,0.0782825719577,1.90213570962,0.15647781208,-0.0104504761545,-0.0551880341048,-0.00109299564249,-0.0817353058737,-0.00166633139169,0.0233328469318,-0.00569503667543,0.574133129671,0.818747781856,0.00199148692487,0.0,0.81870413083,-0.574073320057,-0.0120048432768,0.0,-0.00868584652306,0.0085229809074,-0.999925954692,0.0,0.659153455891,0.2574961313,0.303319495397,1.0,-0.01022,-0.013432,0.512
0.463001816111,0.532820026169,-0.124055632142,-1.37942937702,0.078195315338,1.90275736084,0.156283099291,-0.00562811328407,-0.0614443319757,0.000295331182376,-0.0918825063723,-0.00145653996127,0.0369884637538,-0.00342355170839,0.574151654717,0.81873476954,0.00200035852525,0.0,0.818691173922,-0.574091745864,-0.012007330035,0.0,-0.00868259643778,0.00853186854254,-0.999925907124,0.0,0.658969826841,0.257255235665,0.303309261242,1.0,-0.01058,-0.0139051428571,0.53
0.462877262987,0.531843280978,-0.124058439685,-1.3809885697,0.0781163292048,1.90332997978,0.156083709093,-0.00350526510867,-0.0558895402468,-0.00069760048128,-0.0927064091712,-0.00556126161089,0.0333510288841,-0.0125536080854,0.574156261937,0.81873154224,0.0019988800218,0.0,0.8186877713,-0.574096205538,-0.0120260887835,0.0,-0.00869875625903,0.00854147726172,-0.999925684641,0.0,0.658783348046,0.257025347502,0.303305438004,1.0,-0.01092,-0.014352,0.547
0.462755390101,0.530949289,-0.124061062559,-1.38241746987,0.0780184910246,1.90383941912,0.155905669035,-0.0111503875213,-0.0643725579893,-4.98962738415e-05,-0.0954896806529,-0.00816884893932,0.0367593494037,-0.0174465652196,0.574161896589,0.818727680483,0.00196178943084,0.0,0.818683492856,-0.574102064508,-0.0120376473484,0.0,-0.00872945579872,0.00851780704969,-0.999925619016,0.0,0.658599311905,0.256789887375,0.30329554751,1.0,-0.01124,-0.0147725714286,0.563
0.462608959588,0.529857795365,-0.124056357794,-1.38415451831,0.0779091474038,1.90446512659,0.15567226175,-0.00898039086104,-0.0613507761361,0.000899356141526,-0.100194283943,-0.00113761994209,0.0371087922088,-0.0127553060013,0.57415387213,0.818733331879,0.00195174023001,0.0,0.81868897419,-0.574094046496,-0.0120472494343,0.0,-0.00874317055611,0.00851500705828,-0.999925523038,0.0,0.658402710782,0.256543657788,0.303295836602,1.0,-0.01158,-0.0152194285714,0.58
0.46247579252,0.528784133484,-0.124058153622,-1.38583154953,0.0778156695446,1.90509022133,0.15543462328,-0.00804189264123,-0.0635275362247,0.00466669516493,-0.100161759876,-0.000294501704152,0.0376056695544,-0.00571946304555,0.574135472488,0.818746181674,0.00197386058001,0.0,0.818702028883,-0.574075471873,-0.0120452230032,0.0,-0.00872900345778,0.00853175772454,-0.99992550403,0.0,0.658203184396,0.256297267346,0.303308013198,1.0,-0.01192,-0.0156662857143,0.597
0.462341807461,0.527734811305,-0.124059101655,-1.38744675993,0.077707090767,1.90571842831,0.155214664436,-0.00477150957059,-0.0705647217063,-0.000383204160532,-0.100687056067,-0.00699149765625,0.0330303770277,-0.0164259274359,0.574124081696,0.818754057777,0.00201955242248,0.0,0.818710628088,-0.574064011739,-0.012006864001,0.0,-0.00867148320935,0.00854702335758,-0.999925874138,0.0,0.658018492862,0.256055650842,0.303332422979,1.0,-0.01224,-0.0160868571429,0.613
0.462181145854,0.526505032563,-0.124064843914,-1.38934458169,0.0775974913594,1.90643780829,0.154950568696,-0.0127921436721,-0.0720551982274,-0.00119922527473,-0.0998663481977,-0.00767560172688,0.0392502850706,-0.01998703135,0.574116546057,0.818759230361,0.00206425377978,0.0,0.818716362474,-0.574056267667,-0.011986086549,0.0,-0.00862888731039,0.00857161398618,-0.999926032133,0.0,0.6577979718,0.255768557987,0.303357133211,1.0,-0.0126,-0.01656,0.631
0.462043685936,0.525399777646,-0.124068010858,-1.39107583959,0.0774825894906,1.90705641896,0.154724858801,-0.00600508739011,-0.0707371297319,-0.000304573743629,-0.110693948219,-0.00541623639678,0.0413551561206,-0.0191221108173,0.574108651742,0.818764796228,0.00205215827642,0.0,0.818721817326,-0.574048471424,-0.011986875807,0.0,-0.00863655988634,0.00856208070823,-0.999926047569,0.0,0.65758631452,0.255508743197,0.303364357338,1.0,-0.01292,-0.0169805714286,0.647
0.46188404781,0.524222406401,-0.124071543053,-1.3929504771,0.0773547861486,1.90772240931,0.154460191846,-0.0120302949657,-0.0700219780412,3.03646618481e-05,-0.116062410679,-0.00484471177784,0.0385868048611,-0.011292821871,0.574091246714,0.818777086843,0.00201727773538,0.0,0.818733723309,-0.574031284939,-0.0119967132454,0.0,-0.00866482021686,0.00853898577668,-0.999926000568,0.0,0.657358220392,0.255219235198,0.303357896035,1.0,-0.01326,-0.0174274285714,0.664
0.461727358274,0.523023938981,-0.124080124409,-1.39488087195,0.0772369835723,1.90845063655,0.1542087608,-0.00766505639037,-0.0720755929313,-0.00269077305117,-0.113988029925,-0.00508325569738,0.0370662159695,-0.00841611647426,0.574091661703,0.818776814682,0.00200962769548,0.0,0.818733383554,-0.574031763921,-0.0119969814862,0.0,-0.00866942706953,0.00853288060402,-0.999926012754,0.0,0.657129221242,0.254928215954,0.303345015981,1.0,-0.0136,-0.0178742857143,0.681
0.461566928937,0.521780273534,-0.124075628159,-1.39682607531,0.0771215379298,1.9092244882,0.153936830105,-0.0103546228476,-0.0708511554493,-0.000658574932074,-0.111275751002,-0.0118522110143,0.0423084999723,-0.017964722654,0.574070479642,0.818791513124,0.00207107220276,0.0,0.818748884125,-0.574010327672,-0.0119647553816,0.0,-0.00860798905977,0.00856446580817,-0.999926273507,0.0,0.656904254325,0.254644674652,0.303360032419,1.0,-0.01394,-0.0183211428571,0.698
0.461395345239,0.520518731661,-0.124083191467,-1.39885770291,0.0769993452421,1.90996424963,0.153670600951,-0.00831647543364,-0.0773005951554,0.00084299385816,-0.121848274366,-0.00988439167689,0.045102760266,-0.0209536754621,0.574073764374,0.818789280258,0.00204315760689,0.0,0.818746256096,-0.574013697635,-0.0119829026803,0.0,-0.00863883813263,0.00855206234476,-0.999926113623,0.0,0.656657810133,0.254333451092,0.303343577104,1.0,-0.01428,-0.018768,0.715
0.461237148055,0.51927792456,-0.124084433173,-1.40079862897,0.0768729368477,1.9106532558,0.153404239841,-0.0117618647516,-0.0828545540339,0.000433590896311,-0.117962834724,-0.0119797756613,0.0411140604735,-0.013742479307,0.57405497704,0.818802485624,0.00202972219667,0.0,0.818759291949,-0.573994974758,-0.0119890658961,0.0,-0.0086517931888,0.0085444013625,-0.999926067107,0.0,0.656416808647,0.254041151609,0.303350717006,1.0,-0.0146,-0.0191885714286,0.731
0.461061618273,0.517921572694,-0.124090643511,-1.40291231814,0.0767320477163,1.91140574326,0.153118500824,-0.00751328676452,-0.0863580880825,0.000900573265841,-0.132909067697,-0.00302503106821,0.0430493871277,-0.0202448322894,0.574043561195,0.818810503808,0.00202376026884,0.0,0.818767277504,-0.573983629987,-0.0119868551436,0.0,-0.00865352424105,0.00853813008527,-0.999926105696,0.0,0.656139040324,0.253701145388,0.303366044806,1.0,-0.01496,-0.0196617142857,0.749
0.460889182668,0.516646336506,-0.124096552822,-1.40491639875,0.0766017106592,1.91215286998,0.152838620992,-0.011842948873,-0.0808142116885,0.000286594921153,-0.127865864693,-0.0124202039547,0.044635951278,-0.0169820850944,0.574030030862,0.818819980708,0.00202725491501,0.0,0.818776893209,-0.573970178692,-0.0119741396827,0.0,-0.00864124732895,0.00853354954993,-0.999926250969,0.0,0.655916345467,0.25340958549,0.30336770624,1.0,-0.01526,-0.020056,0.764
0.460691511312,0.515194076573,-0.124102836819,-1.40723893499,0.0764655115838,1.91302708439,0.152526215478,-0.00848917689485,-0.0788068823616,0.00225223669349,-0.131625445359,-0.00224959776294,0.0456694310382,-0.0167173883682,0.574026534919,0.818822424572,0.00203005606402,0.0,0.818779331662,-0.573966630019,-0.0119775025993,0.0,-0.00864242967439,0.00853773663926,-0.999926205008,0.0,0.655636921144,0.253057013716,0.303356662507,1.0,-0.01562,-0.0205291428571,0.782
0.460503592071,0.513779089951,-0.124103192374,-1.40950536048,0.0763218565685,1.91381876535,0.152215266349,-0.0131500339409,-0.085699270235,-0.00364269238204,-0.133299751719,-0.00986121583775,0.0450087947907,-0.0216389202409,0.574006143057,0.818836849703,0.00197691736544,0.0,0.818792997537,-0.573946400506,-0.0120126363434,0.0,-0.00870191223288,0.00851417707527,-0.99992589001,0.0,0.655349015362,0.252713817784,0.303338361513,1.0,-0.01596,-0.020976,0.799
0.460324181154,0.512459576509,-0.124106380129,-1.41163678238,0.0762073992827,1.91457777169,0.151906214499,-0.0143805696209,-0.0826867553086,-0.000723150269507,-0.131164328492,-0.00865586266567,0.0497294583023,-0.022335980609,0.573983155805,0.818853052056,0.00193981752165,0.0,0.818808494753,-0.573923360471,-0.012057036415,0.0,-0.00875980312983,0.00850903870152,-0.999925428274,0.0,0.655080258782,0.252391816444,0.303314307518,1.0,-0.01628,-0.0213965714286,0.815
0.460120850968,0.511012868887,-0.124112090214,-1.41394200488,0.0760554753091,1.91545014772,0.151588203447,-0.00940612903063,-0.0839733862244,-0.00050239005799,-0.135469121009,-0.00549253578294,0.0431289038546,-0.0214861882312,0.573972875207,0.818860252676,0.00194216783868,0.0,0.818815836955,-0.573913178739,-0.0120430611264,0.0,-0.0087471167681,0.00850283191121,-0.999925592131,0.0,0.654803894338,0.252035420969,0.303306035089,1.0,-0.01662,-0.0218434285714,0.832
0.459907621075,0.509439599612,-0.124107787013,-1.41644090332,0.0758969408416,1.91638277602,0.15123737086,-0.0131680987979,-0.0913500992288,0.000825721779104,-0.140480092255,-0.00337089266619,0.0484118225165,-0.015200742331,0.573944543315,0.818880105131,0.00194461347669,0.0,0.818835712439,-0.57388483117,-0.0120425698371,0.0,-0.00874560505749,0.00850424994026,-0.999925593294,0.0,0.654496276137,0.251660180422,0.30329858194,1.0,-0.01698,-0.0223165714286,0.85
0.459723744685,0.508114829764,-0.124112480176,-1.41854268938,0.075763358998,1.91712427393,0.150957806542,-0.0148268302319,-0.0889000210485,0.000891733143032,-0.139713087069,-0.00450633176003,0.048381323071,-0.0186243974214,0.573942335989,0.818881730816,0.00191122913202,0.0,0.818836872659,-0.573882740425,-0.0120632962946,0.0,-0.0087817606133,0.00848878477585,-0.999925407825,0.0,0.654231187982,0.251333946672,0.303289475532,1.0,-0.01728,-0.0227108571429,0.865
0.459493751802,0.506481282774,-0.124119173905,-1.42111483752,0.0755968150486,1.9180700237,0.150591861655,-0.0133420208062,-0.0904721143906,8.90734700039e-05,-0.147646848438,-0.0131224820896,0.0596981841406,-0.0224337902341,0.573923819073,0.818894710488,0.0019104806325,0.0,0.818849895683,-0.573864280441,-0.0120574821433,0.0,-0.00877762075193,0.00848463642228,-0.999925479383,0.0,0.653915349981,0.250933212431,0.303289722204,1.0,-0.01764,-0.023184,0.883
0.4592887458,0.504973406543,-0.124125879204,-1.42342632938,0.0754616065573,1.91897190505,0.150280037991,-0.0169716246243,-0.0988597786952,-0.000862843371617,-0.149487906833,-0.00974052116382,0.0511645571786,-0.018756582829,0.573922514425,0.818895407188,0.00200160503691,0.0,0.818851825688,-0.573862626839,-0.0120049984154,0.0,-0.00868235890363,0.00852912102704,-0.999925932626,0.0,0.653623407462,0.250555065986,0.30332739538,1.0,-0.01798,-0.0236308571429,0.9
0.459075563202,0.503411203515,-0.124132651853,-1.42575602729,0.075312650779,1.91984627828,0.149951726239,-0.0127487443351,-0.0926632056358,-0.00211415400524,-0.147224470028,-0.011305109933,0.0523950605048,-0.02211580586,0.573914234079,0.818901011382,0.00208143707414,0.0,0.818858507682,-0.573854048839,-0.0119591776086,0.0,-0.00859910710601,0.00856810967648,-0.999926318712,0.0,0.653359992846,0.25021631486,0.303380095144,1.0,-0.01828,-0.0240251428571,0.915
0.458833922976,0.501611690604,-0.124135555464,-1.4284321569,0.0751363598552,1.92082370702,0.149578339872,-0.0156012793552,-0.0964981616344,0.00190256204937,-0.150476551918,-0.0191968026857,0.050612186384,-0.0174595825533,0.573897481871,0.818912541725,0.00216245441086,0.0,0.818871161245,-0.573837034681,-0.0119090642304,0.0,-0.00851174950924,0.00860551921071,-0.999926744897,0.0,0.653029170382,0.249800920855,0.303447370438,1.0,-0.01864,-0.0244982857143,0.933
0.458594985836,0.499888677198,-0.124136629465,-1.43102941068,0.074972475491,1.92174606138,0.149216536781,-0.0139685299581,-0.099207602378,0.00669597183765,-0.148266549273,-0.00657547571906,0.0564554610573,-0.0177525587355,0.573885473567,0.818920846757,0.00220383245202,0.0,0.81887995288,-0.573824808335,-0.0118936542994,0.0,-0.00847551089536,0.00863043580714,-0.99992683797,0.0,0.652701346661,0.249395120543,0.303493299819,1.0,-0.01898,-0.0249451428571,0.95
0.458355517759,0.498310475379,-0.124140925356,-1.43349342958,0.0748203258081,1.92267330046,0.14885879826,-0.0157763345065,-0.100344791199,-0.000111132272581,-0.147553132917,-0.0117461741678,0.0578479062854,-0.0283043117436,0.573875998671,0.818927396821,0.00223691469834,0.0,0.818886934047,-0.573815203175,-0.0118763948092,0.0,-0.00844249196669,0.0086475246424,-0.999926969657,0.0,0.652401956167,0.249003223774,0.303501653654,1.0,-0.0193,-0.0253657142857,0.966
0.458094412295,0.496632420184,-0.124144736693,-1.43616099445,0.0746618156047,1.92362261703,0.148455510129,-0.0143740207739,-0.0963781169074,0.000187013774834,-0.156344980561,-0.00925304362158,0.0577667613412,-0.0205122944155,0.573854535059,0.818942521104,0.00220604196591,0.0,0.818901505471,-0.573793711573,-0.0119099872903,0.0,-0.00848794542955,0.00864129767779,-0.999926638687,0.0,0.652064848562,0.248575348005,0.303484099854,1.0,-0.01964,-0.0258125714286,0.983
0.457826350235,0.494944843344,-0.124144092463,-1.43890005695,0.0744866359833,1.9245568363,0.148064152096,-0.0126361744783,-0.0969655724127,-0.000366567803806,-0.165377867742,-0.00606792849299,0.0526418580904,-0.0287977925464,0.573843475362,0.818950537572,0.00210468460688,0.0,0.818908062245,-0.573782928249,-0.0119784699249,0.0,-0.00860230790861,0.00859747553234,-0.999926039121,0.0,0.65170796434,0.248133746699,0.30343710843,1.0,-0.01998,-0.0262594285714,1.0
0.457572415076,0.49325400847,-0.124167781911,-1.44158385775,0.0743187845374,1.92554404481,0.147694607982,-0.00779674315045,-0.110223023143,-0.00333008545961,-0.175788411556,-0.00775440063971,0.0669175373487,-0.0237956452145,0.573855402128,0.818942211978,0.00209231695089,0.0,0.818899635945,-0.573794965501,-0.0119779262136,0.0,-0.0086088342024,0.00858716058281,-0.999926071591,0.0,0.651375475448,0.2476984443,0.30342332737,1.0,-0.0230742857143,-0.0303262040816,1.016
0.457254118144,0.491039524777,-0.124202916427,-1.44507943133,0.0741089300243,1.92683034299,0.147182626344,-0.0155165167445,-0.137111758432,-0.00116239423482,-0.202396574087,-0.0123606985039,0.067730076427,-0.0364928412835,0.573840496712,0.818952657868,0.00209174698746,0.0,0.818910090463,-0.573780080351,-0.0119762277438,0.0,-0.00860792651678,0.00858556249067,-0.999926093128,0.0,0.650938364769,0.247138835738,0.303413056768,1.0,-0.0267874285714,-0.0352063346939,1.034
0.456871710997,0.48868414867,-0.124208436089,-1.44890278688,0.0738848516721,1.92818134809,0.146625026858,-0.0290433905484,-0.149378448155,-0.00227878761306,-0.231136688721,-0.0187081869943,0.0819099408999,-0.0369050621269,0.573830803897,0.81895968259,0.00199842226188,0.0,0.818915605373,-0.573770495773,-0.0120580412194,0.0,-0.00872858193003,0.00855597939188,-0.999925300747,0.0,0.650445641962,0.246520332524,0.303348439379,1.0,-0.0302942857143,-0.0398153469388,1.051
0.456458933744,0.486102854193,-0.124235892083,-1.45285911073,0.0736415652465,1.92970951285,0.14605606281,-0.0285594846716,-0.164324260556,-0.00115386586776,-0.253579429265,-0.01501424631,0.0994546742017,-0.0436020723731,0.573853270317,0.818943630936,0.00212141369097,0.0,0.818901298544,-0.573792577129,-0.0119786716571,0.0,-0.0085927708692,0.00861139412678,-0.999926001352,0.0,0.6499726544,0.245865393783,0.303391824956,1.0,-0.0335948571429,-0.0441532408163,1.067
0.455981463771,0.483111878946,-0.124277806513,-1.4574868974,0.073347602264,1.93135615235,0.14533652894,-0.0318365378518,-0.180470861326,-0.0059417570474,-0.282965106684,-0.0196677234812,0.102965972437,-0.0419581153071,0.573832956396,0.818957866425,0.00212086676596,0.0,0.81891557598,-0.573772317223,-0.0119730659015,0.0,-0.00858870722566,0.00860751635397,-0.999926069652,0.0,0.649388224448,0.245086375221,0.303409019667,1.0,-0.0371017142857,-0.0487622530612,1.084
0.455450101149,0.47980485546,-0.12433935102,-1.46266621094,0.0730419189506,1.93317295306,0.144574055713,-0.0308125304692,-0.198828866468,-0.00535679766528,-0.309409250118,-0.0202623123287,0.115023253968,-0.0449338614757,0.573858432784,0.818940135961,0.00207358048337,0.0,0.818897083185,-0.573797843097,-0.0120145457203,0.0,-0.00864954422734,0.00859286282646,-0.999925671284,0.0,0.648724635364,0.244209871095,0.303396132734,1.0,-0.0406085714286,-0.0533712653061,1.101
0.454897037836,0.476418475535,-0.124378886571,-1.46783217226,0.07271797882,1.93506593652,0.143831736906,-0.0402136045094,-0.212002661718,-0.000342146379809,-0.322725778126,-0.0144850948771,0.110503936629,-0.0457555326389,0.573894705164,0.818914486865,0.00216275041001,0.0,0.818872668034,-0.573833810368,-0.0119607076204,0.0,-0.00855390212399,0.00863537022954,-0.999926127841,0.0,0.648078311075,0.243337531204,0.303447627922,1.0,-0.0439091428571,-0.0577091591837,1.117
0.454235861887,0.472539211591,-0.124406099124,-1.47379519516,0.0723622355319,1.93719924865,0.142962432596,-0.046848544505,-0.230713262297,-0.0025547287986,-0.362858261263,-0.0179346445201,0.123092780151,-0.0527900814501,0.573934376504,0.818886549157,0.0022131375597,0.0,0.818845125353,-0.573873004534,-0.011965878722,0.0,-0.00852880143927,0.00868001316326,-0.999925955717,0.0,0.647315689077,0.242326590123,0.303478333271,1.0,-0.047416,-0.0623181714286,1.134
0.453550979014,0.46838009066,-0.124432762868,-1.48007875685,0.0719687761408,1.93954135461,0.14197663748,-0.036599554811,-0.253783290435,-0.000306304185194,-0.36982724655,-0.0228572779105,0.149397520428,-0.065128137814,0.573900086987,0.818910067587,0.00239546713274,0.0,0.818871056163,-0.573838030575,-0.0118682326462,0.0,-0.0083445657154,0.00877292735505,-0.999926699298,0.0,0.646523641696,0.24127524158,0.303563947891,1.0,-0.0509228571429,-0.0669271836735,1.151
0.452839758478,0.464191488566,-0.124437000998,-1.4864372231,0.0715482396041,1.94180573297,0.140958148509,-0.0449218340895,-0.266189573931,-0.000907333136686,-0.410965506641,-0.0297391501285,0.147157786377,-0.0548787488128,0.573836132509,0.81895465891,0.00247114912043,0.0,0.81891657768,-0.573773735372,-0.0118358058071,0.0,-0.00827526717071,0.00881564773865,-0.999926899482,0.0,0.645693772087,0.240203488373,0.303622741114,1.0,-0.0542234285714,-0.071265077551,1.167
0.451982944195,0.459240219812,-0.124449556989,-1.49410478934,0.0710380884879,1.94443885914,0.139839356355,-0.0480183070077,-0.279513810092,0.000108522186307,-0.42910709955,-0.0251752870562,0.142539803767,-0.0643578726543,0.573847920749,0.818946629271,0.00239356619811,0.0,0.818907328331,-0.573785600266,-0.0119003964291,0.0,-0.0083725569225,0.00878929586857,-0.99992632157,0.0,0.644662877562,0.238900762782,0.303611651381,1.0,-0.0579365714286,-0.0761452081633,1.185
0.451121636487,0.454363611118,-0.124472168067,-1.50173039458,0.0705286603969,1.94714628314,0.138656567404,-0.0545353774944,-0.296766030472,-0.00318769469412,-0.459453788362,-0.0267416941585,0.161892922526,-0.0671853664497,0.573812817669,0.81897136825,0.00234417710829,0.0,0.818931376104,-0.573750647228,-0.0119307559688,0.0,-0.00842613663613,0.00876590965541,-0.999926076792,0.0,0.643648337549,0.237599791968,0.303570428626,1.0,-0.0614434285714,-0.0807542204082,1.202
0.450188887662,0.449085576392,-0.124513485257,-1.5095567193,0.069987165683,1.95012207982,0.137402757776,-0.0562994742746,-0.312286154576,-0.00267528929005,-0.472458174536,-0.0233776079584,0.178502555559,-0.0734514162945,0.573781591559,0.818992204443,0.00268349588225,0.0,0.818957212779,-0.573718782756,-0.0116871233477,0.0,-0.00803224556862,0.00890369596714,-0.99992810103,0.0,0.642595029085,0.236156838452,0.303730523913,1.0,-0.0651565714286,-0.0856343510204,1.22
0.449199826732,0.443640238,-0.124555990276,-1.51797751829,0.0694301176489,1.95294003485,0.136153672785,-0.0600609450198,-0.325771096669,-0.00444410073556,-0.510252412766,-0.0306947947593,0.167498901997,-0.0791222077015,0.573830143622,0.818958650407,0.00253812832055,0.0,0.818921448023,-0.573767503025,-0.0118009042829,0.0,-0.00820831513178,0.00885041271694,-0.999927144225,0.0,0.641495044709,0.234761080121,0.303693708173,1.0,-0.0684571428571,-0.089972244898,1.236
0.448138311005,0.43794633417,-0.124580459889,-1.52683924058,0.0688146911711,1.95591379843,0.134707322996,-0.063399087043,-0.334644667555,-0.00312949794701,-0.524093829532,-0.0330666428773,0.182978415043,-0.0895844284101,0.57375391994,0.819012590583,0.0023585421058,0.0,0.818972827122,-0.573691743125,-0.0119180202855,0.0,-0.00840809441858,0.00876976159807,-0.999926194891,0.0,0.640258388013,0.23320422994,0.303627412673,1.0,-0.071964,-0.0945812571428,1.253
0.447060536425,0.432269646935,-0.124598611609,-1.53525648681,0.0682549801026,1.95904181714,0.133339699463,-0.0712465791454,-0.359514132502,-0.000990767861881,-0.524547480698,-0.0350147259492,0.203041403515,-0.088301502416,0.573743305071,0.819019040232,0.00267927678204,0.0,0.818983609913,-0.573680091194,-0.0117365481776,0.0,-0.00807556415503,0.00892822160839,-0.999927533436,0.0,0.639152711151,0.231713039089,0.303765132382,1.0,-0.0752645714286,-0.0989191510204,1.269
0.445915134703,0.426515259751,-0.124650927705,-1.54414822911,0.0676182518189,1.96207789604,0.131915365619,-0.0747600027765,-0.364493985274,-0.00442639122786,-0.573717691182,-0.0425868380953,0.192194622377,-0.0970766329461,0.573757647556,0.819009366488,0.00256249431986,0.0,0.818972518502,-0.573694966368,-0.0117833104357,0.0,-0.0081807090264,0.00885954747652,-0.999927289566,0.0,0.637921363735,0.230089797303,0.303716136443,1.0,-0.0785651428571,-0.103257044898,1.285
0.444548108037,0.419728953345,-0.124772288095,-1.55457824596,0.0668629330194,1.96549314181,0.130213574711,-0.0814275385342,-0.382593283859,-0.00311514599118,-0.581312440245,-0.0430354382714,0.197684704325,-0.0914991315784,0.573801572128,0.81897929617,0.0023270514742,0.0,0.818939531969,-0.573739939881,-0.0118857589305,0.0,-0.00839922982168,0.008725949607,-0.999926652681,0.0,0.636448831569,0.228129437833,0.303661975498,1.0,-0.0822782857143,-0.10813717551,1.303
0.443248124085,0.413397100072,-0.12481329502,-1.56395471791,0.0662141195279,1.96895539463,0.128663695518,-0.0799517078609,-0.385686692709,9.8415609911e-05,-0.589597165747,-0.0353624859696,0.217587428054,-0.106452663326,0.573836622038,0.818953725115,0.00265974251541,0.0,0.818918624311,-0.573774109987,-0.0116749461305,0.0,-0.00803530393404,0.00887779525682,-0.999928306751,0.0,0.635193341006,0.226398111817,0.303791005856,1.0,-0.0855788571429,-0.112475069388,1.319
0.441801077315,0.406538366141,-0.124843777728,-1.57439543283,0.0654904594796,1.97242072417,0.126913668255,-0.0831091931981,-0.410068790369,-0.00221157315841,-0.630396863922,-0.0465969407728,0.203913058968,-0.0997937239914,0.573833556525,0.818956194343,0.00255891648815,0.0,0.818919344213,-0.573770926896,-0.0117804085281,0.0,-0.00817956413265,0.00885571043522,-0.999927332921,0.0,0.633689560388,0.224457463775,0.303760498301,1.0,-0.0890857142857,-0.117084081633,1.336
0.440258138627,0.399443599617,-0.124933058382,-1.58508189554,0.0647379299826,1.97610270807,0.125112464337,-0.0920553633693,-0.432890359073,-0.00663355586976,-0.628214051188,-0.0451540893073,0.23186579095,-0.109305132482,0.573904723212,0.818906157112,0.00261178475772,0.0,0.818870075393,-0.573841979648,-0.0117443143843,0.0,-0.00811889593851,0.0088790008258,-0.999927620817,0.0,0.632185586532,0.222410385277,0.303780383145,1.0,-0.0925925714286,-0.121693093878,1.353
0.438731507082,0.39252880604,-0.124970975234,-1.59539041814,0.0639451056548,1.97967396448,0.123353609192,-0.0994959450519,-0.433455739616,-0.00220873372378,-0.656281577614,-0.0493785833877,0.217716224883,-0.109174681724,0.573920398878,0.818894839185,0.00271385496675,0.0,0.818860555867,-0.573857816891,-0.0116336984863,0.0,-0.00796956220324,0.00889925700056,-0.999928642106,0.0,0.63072216341,0.220437439809,0.303835256816,1.0,-0.0958931428571,-0.126030987755,1.369
0.437041170318,0.385062284983,-0.125022062952,-1.60684772406,0.0630775136667,1.98331756571,0.121331729135,-0.0995957252233,-0.445475128403,-0.00361307508846,-0.674651074274,-0.0589783617427,0.217610699008,-0.12730592022,0.573877269797,0.818926073824,0.00238992093116,0.0,0.818887319195,-0.573815583585,-0.0118313734847,0.0,-0.00831780650551,0.00874700066465,-0.999927149384,0.0,0.629000972815,0.218229513103,0.303709329852,1.0,-0.0994,-0.13064,1.386
0.43528800591,0.377242000729,-0.125057592996,-1.61831041032,0.0622695924013,1.98723871908,0.119315693563,-0.106583022783,-0.450786189541,-0.000223475526779,-0.690607050922,-0.0480887305401,0.235003005274,-0.119848042281,0.573889190856,0.818916997639,0.00262573760284,0.0,0.81888109356,-0.573826394889,-0.011737548286,0.0,-0.00810551631579,0.00888639005867,-0.999927663722,0.0,0.627327370707,0.216028061612,0.303824454657,1.0,-0.102906857143,-0.135249012245,1.403
