position_joint1,position_joint2,position_joint3,position_joint4,position_joint5,position_joint6,position_joint7,velocity_joint1,velocity_joint2,velocity_joint3,velocity_joint4,velocity_joint5,velocity_joint6,velocity_joint7,ee_T_00,ee_T_10,ee_T_20,ee_T_30,ee_T_01,ee_T_11,ee_T_21,ee_T_31,ee_T_02,ee_T_12,ee_T_22,ee_T_32,ee_T_03,ee_T_13,ee_T_23,ee_T_33,v_x,v_y,time
0.465064168849,0.547843527358,-0.124009139788,-1.35586000245,0.0794858090932,1.89409751138,0.159166942825,-0.000431534730171,-0.00140879386969,-0.00016496490902,0.00073753456184,-0.000444163227134,-0.000112895863323,-0.00138176368006,0.573832096042,0.818959122268,0.00185162293713,0.0,0.818914894159,-0.573774126353,-0.0119329356724,0.0,-0.00871034089232,0.00836398412303,-0.999927084207,0.0,0.661676630864,0.260865693737,0.303157758792,1.0,0.0,0.0,0.0
0.465066874178,0.547840968304,-0.124009140802,-1.35586301834,0.0794893511381,1.89409705695,0.159171874646,-9.69949494874e-05,-0.000274421919839,-0.000705868363817,-9.19358184704e-05,0.000121534728219,-0.000350430846265,-0.000492359095761,0.573835015504,0.818957073704,0.00185291991459,0.0,0.818912826298,-0.57377700521,-0.0119364198448,0.0,-0.00871242036822,0.00836707664303,-0.999927040218,0.0,0.661675012122,0.260867701921,0.303158103401,1.0,-0.00018,-0.000236571428571,0.01
0.465058145474,0.5478342674,-0.124003472342,-1.35586377414,0.0794895225443,1.89410027804,0.159166942825,0.00127727501465,-0.00025245874775,-0.000414803068474,-0.000693500021611,9.02488469379e-05,0.00666498179191,-0.0072463292512,0.573833219543,0.818958323691,0.00185663864182,0.0,0.818914122931,-0.573775191992,-0.011934622765,0.0,-0.00870883313232,0.00836907174078,-0.999927054771,0.0,0.661675576273,0.260866567347,0.303160504165,1.0,-0.00052,-0.000683428571429,0.027
0.465063080984,0.547826569581,-0.124002380794,-1.3558795096,0.0794843748299,1.89410039723,0.159169122317,6.76668078466e-05,0.00317070599983,0.0015438298215,-0.00294664342912,-0.000391818376602,6.83674809811e-06,-0.00213008042173,0.57383072457,0.818960078583,0.00185367982063,0.0,0.818915839183,-0.573772709762,-0.0119361957162,0.0,-0.00871184461804,0.00836752470312,-0.999927041485,0.0,0.661671995185,0.260866756538,0.303160511842,1.0,-0.00084,-0.001104,0.043
0.465059998314,0.547726485754,-0.124009823949,-1.35597710821,0.0794857989285,1.89412026558,0.159169340914,-0.00102227835016,-0.00502266473953,-0.000793274331021,-0.00541345691909,-0.000221606251615,0.00125553513661,0.000946353896364,0.573844298048,0.818950515845,0.00187645856365,0.0,0.818906524103,-0.573786138087,-0.0119297703772,0.0,-0.00869337306617,0.00838263625968,-0.999927075678,0.0,0.661658667914,0.260851724701,0.303186934613,1.0,-0.00122,-0.00160342857143,0.062
0.465061975241,0.547605890377,-0.124007317371,-1.35614849432,0.0794844195854,1.89415636555,0.159162810412,-0.000306525598302,-0.00761526203466,0.000546517380515,-0.00823072119996,0.000256225135535,0.000370771559335,-0.00161094090807,0.573844606503,0.818950312916,0.00187068529059,0.0,0.818906113263,-0.573786343058,-0.011948099488,0.0,-0.00871169386969,0.00838842957289,-0.999926867645,0.0,0.661628744962,0.260837948512,0.303193842145,1.0,-0.00154,-0.002024,0.078
0.465044667508,0.547470324612,-0.124002028629,-1.35632941653,0.0794795842407,1.89421732231,0.159163493664,-0.00427001220459,-0.00996988137548,0.0012013569064,-0.013250147853,-0.000425866818928,0.00538670449652,0.00113792028697,0.573864423007,0.818936384784,0.00188906984774,0.0,0.818892335106,-0.573805992833,-0.0119487654124,0.0,-0.00870148668056,0.0084040779924,-0.999926825124,0.0,0.661606573304,0.260813222158,0.303208871769,1.0,-0.00184,-0.00241828571429,0.093
0.465029084294,0.547273813255,-0.124007318451,-1.35656063502,0.0794755056128,1.89435678764,0.159148415428,-0.000141045734441,-0.00904695367281,-0.000781510917039,-0.0102574396009,-9.21952675502e-05,0.00365304821053,-0.00279334361317,0.573880697692,0.818924762247,0.0019812867407,0.0,0.818881925377,-0.573821891653,-0.011898565125,0.0,-0.0086072896276,0.00845095946357,-0.999927245278,0.0,0.661592078846,0.260783816093,0.303250296709,1.0,-0.0022,-0.00289142857143,0.111
0.465004465293,0.547086610896,-0.124007405061,-1.35679418597,0.0794753138542,1.8944727869,0.159132880442,-0.000845839896151,-0.0106005189415,0.000188643961459,-0.0161020365812,0.000304576854096,0.0106090198204,-0.000515130266622,0.573901363957,0.818910115829,0.00204781392118,0.0,0.81886806141,-0.573842200887,-0.0118732213434,0.0,-0.0085481435963,0.0084911108195,-0.999927412505,0.0,0.661573050876,0.260750072466,0.303281807846,1.0,-0.00252,-0.003312,0.127
0.464967305944,0.546873463709,-0.12400210755,-1.35711658861,0.0794670620201,1.8946016157,0.159110043748,-0.00470507503478,-0.0179724820731,0.00102906029918,-0.028686268487,-0.00161895856076,0.0123828269232,-0.00446969308227,0.573925306413,0.818893276875,0.00207138824904,0.0,0.818851414491,-0.573865930686,-0.0118744045987,0.0,-0.00853533527903,0.0085113443652,-0.999927349895,0.0,0.661539349601,0.260700498304,0.303290318131,1.0,-0.00284,-0.00373257142857,0.143
0.46493438769,0.546616623028,-0.124010238743,-1.3575079517,0.0794581385219,1.89474844505,0.15901344651,-0.0048366823559,-0.0176043058495,-0.00107222837679,-0.0241376851466,-0.000108532004679,0.00754723109739,-0.012246168484,0.573898387362,0.818912099298,0.00208842228943,0.0,0.818870363241,-0.57383885088,-0.0118763768676,0.0,-0.00852745504589,0.00852614480545,-0.999927291039,0.0,0.661496562,0.260639457031,0.303298944766,1.0,-0.00318,-0.00417942857143,0.16
0.464886688783,0.546315049728,-0.124004511603,-1.35799348892,0.0794428587526,1.89491604419,0.158932528943,-0.00094558003754,-0.012632013578,0.000800089634849,-0.0255552800258,0.000635702545977,0.0115718406635,-0.000453096256316,0.573890228121,0.818917828918,0.0020838542592,0.0,0.818875855446,-0.573830533379,-0.0118995474542,0.0,-0.00854913696264,0.00853561627922,-0.999927025093,0.0,0.661438474401,0.260566446413,0.303295743289,1.0,-0.00354,-0.00465257142857,0.178
0.464833412648,0.546026854648,-0.12400769211,-1.35849503412,0.0794206124281,1.89508875915,0.15890279954,-0.00696499574833,-0.0198247928016,-0.000183931523536,-0.033068750144,-0.00087668912211,0.0162321786885,-0.00606084989263,0.573933849239,0.818887338765,0.00205183069676,0.0,0.818844870459,-0.573874202829,-0.0119257851607,0.0,-0.0085885471236,0.00852490695442,-0.999926778729,0.0,0.661381219702,0.260481731103,0.303276157803,1.0,-0.00386,-0.00507314285714,0.194
0.464779004841,0.54567821191,-0.124009800456,-1.35908476472,0.0793401905827,1.89528947159,0.158822125531,-0.00170025811399,-0.025577660865,-0.000561525589086,-0.0366260119259,-0.00451211755717,0.0135666344506,-0.0100992173653,0.57392533698,0.818893452748,0.00199186336427,0.0,0.818850589822,-0.573866320873,-0.0119123556548,0.0,-0.00861205256069,0.00846800425941,-0.999927060067,0.0,0.661314145007,0.26037969665,0.303259665325,1.0,-0.0042,-0.00552,0.211
0.46471495536,0.545293537051,-0.124016189801,-1.35975629904,0.0793004344675,1.89550272933,0.158717795505,-0.00265787632366,-0.0255590789092,-0.00199163243671,-0.0410157816445,3.03114818825e-05,0.0133726885175,-0.00842292936146,0.573923593887,0.818894826981,0.00192811439672,0.0,0.818851100603,-0.573864811805,-0.0119498834786,0.0,-0.00867938786339,0.008437321113,-0.999926737236,0.0,0.661232865849,0.260267007121,0.303231026972,1.0,-0.00454,-0.00596685714286,0.228
0.464651564787,0.544892005303,-0.124011172413,-1.36041993243,0.079279563485,1.89572095565,0.158680322407,-0.00547325042542,-0.0276953400249,0.000169880560704,-0.044681341838,-0.00647611823379,0.0136248863528,-0.00666963844569,0.573972645338,0.818860507689,0.00190217043707,0.0,0.818816200198,-0.573913731864,-0.0119918961135,0.0,-0.00872817644996,0.00844071081417,-0.999926283951,0.0,0.661150918547,0.260165924656,0.303218136309,1.0,-0.00486,-0.00638742857143,0.244
0.464583090701,0.544448108144,-0.124011605785,-1.36115089381,0.0792515343498,1.89598547111,0.158551797067,-0.00153003543064,-0.0255611927983,0.000301485608547,-0.0444558510569,-0.00123403855619,0.0172123326582,-0.00475020947023,0.573959079704,0.818870058586,0.00188384679905,0.0,0.818825335071,-0.573900075909,-0.0120216645392,0.0,-0.00876321004345,0.00844264754898,-0.999925961185,0.0,0.661061051994,0.26004559947,0.303200808329,1.0,-0.00522,-0.00686057142857,0.262
0.464513848882,0.543917302271,-0.124017240109,-1.36201526298,0.079214255302,1.89629741364,0.158454209958,-0.00336662658027,-0.0334844572101,3.52431330896e-05,-0.0499643616579,-0.00545301500793,0.0151357958525,-0.0112713167645,0.573976062575,0.818858165993,0.00187895660633,0.0,0.81881326008,-0.573916963707,-0.0120378896593,0.0,-0.00877912820384,0.00844813774558,-0.999925775184,0.0,0.660965397811,0.259923345338,0.303198761615,1.0,-0.00556,-0.00730742857143,0.279
0.464439467627,0.54345232205,-0.12401731948,-1.36276486939,0.079170576201,1.8965512297,0.158363452451,-0.00491506695401,-0.0318383605084,-0.00185328725493,-0.057563809972,-0.00453234134784,0.0112230300862,-0.00501434937781,0.573992674446,0.818846579188,0.00185373544284,0.0,0.818801288834,-0.573933630673,-0.0120575241028,0.0,-0.00880951086243,0.00843893395235,-0.999925585687,0.0,0.660877457819,0.259801417266,0.303192935243,1.0,-0.00586,-0.00770171428571,0.294
0.464358485196,0.542856658067,-0.124020824331,-1.36369599844,0.0791122100087,1.89689042369,0.158239101936,-0.00458667487023,-0.029867707488,0.00112485478391,-0.0561725735272,-0.00701055716048,0.0189195603068,-0.00825838281764,0.573995827875,0.818844366443,0.00185473122951,0.0,0.818799110544,-0.573936799898,-0.0120545923054,0.0,-0.00880650604507,0.00843810043065,-0.99992561919,0.0,0.66077138528,0.259656740404,0.303200600721,1.0,-0.00622,-0.00817485714286,0.312
0.464283900675,0.542263377063,-0.124023704591,-1.36461317148,0.0790643739985,1.89721976833,0.158114476409,-0.00610321093134,-0.0361980518106,1.64794663077e-05,-0.0567002719271,-0.00442072340948,0.0250901203329,-0.0139367727738,0.573995013887,0.818844917989,0.00186312030176,0.0,0.818799693295,-0.573935874148,-0.0120590848673,0.0,-0.00880537831096,0.00844753955883,-0.999925549423,0.0,0.660663960471,0.259519321767,0.303212286215,1.0,-0.00656,-0.00862171428571,0.329
0.464208632576,0.541632275127,-0.124024284212,-1.36556464517,0.0790044810743,1.89757928307,0.157988574322,-0.00342321730336,-0.0400919911822,0.00128573376565,-0.0589541564026,-0.00464149954365,0.0158061604289,-0.00692323093703,0.573990820776,0.818847784289,0.00189492269989,0.0,0.818803003964,-0.573931570903,-0.0120390830738,0.0,-0.00877078940281,0.00846205449462,-0.999925730686,0.0,0.660555818386,0.259379317229,0.30323682657,1.0,-0.0069,-0.00906857142857,0.346
0.464131452497,0.541010295122,-0.124027224061,-1.366523347,0.0789511568292,1.89795626681,0.157871282693,-0.00159326343197,-0.042689587445,-0.00374765548524,-0.0566702010441,-0.00113458777632,0.0341105037641,-0.00684694331667,0.573999121471,0.818841884096,0.00192984481389,0.0,0.818797556311,-0.573939716524,-0.0120212510671,0.0,-0.00873605748373,0.00848050304513,-0.999925878437,0.0,0.660449763549,0.259237953945,0.303252999539,1.0,-0.00722,-0.00948914285714,0.362
0.46404313686,0.540296382951,-0.124030077382,-1.36761833536,0.0788840662754,1.89834294062,0.157728423275,-0.00742044462181,-0.0379205754243,0.00087321960626,-0.0685513301433,-0.00478316408677,0.0220230109517,-0.0117406827288,0.573999047084,0.818841926164,0.00193411578565,0.0,0.818797641283,-0.573939611325,-0.0120204859954,0.0,-0.00873298038054,0.00848356028492,-0.999925879382,0.0,0.660320034707,0.259072757308,0.30327000722,1.0,-0.00756,-0.009936,0.379
0.46394018518,0.539595818085,-0.124035729938,-1.36869645756,0.0788204213241,1.89875714503,0.157606109685,-0.0111223111848,-0.0471678878105,-0.00109069799948,-0.0675258628328,-0.00876493329237,0.0271751902758,-0.00332997428626,0.574029893943,0.818820231376,0.00196378455741,0.0,0.818776363349,-0.573970356394,-0.0120018208047,0.0,-0.00870034707458,0.00849746790454,-0.999926045765,0.0,0.660203382263,0.258900532747,0.303287986574,1.0,-0.00788,-0.0103565714286,0.395
0.463841155357,0.538844168189,-0.124036872405,-1.36986461608,0.0787561729749,1.89920677411,0.15746232383,-0.00438656938452,-0.0458622719202,-0.00126195242914,-0.0703128340693,-0.00518009537423,0.0393167748805,-0.0054646610412,0.574041543692,0.818811991123,0.00199404359353,0.0,0.818768479602,-0.573981838871,-0.0119905111662,0.0,-0.00867359650755,0.0085158755378,-0.999926121565,0.0,0.660072081208,0.258725811182,0.303302021332,1.0,-0.00822,-0.0108034285714,0.412
0.463727552817,0.538031680228,-0.124042126572,-1.37116038006,0.0786860592711,1.89970237416,0.157296174826,-0.00662441980876,-0.0377633626374,0.00021146364907,-0.0712992131207,-0.00515271677643,0.0296135837152,-0.00754269604103,0.574055108527,0.818802451625,0.00200611242579,0.0,0.818759056694,-0.573995310903,-0.0119890385201,0.0,-0.00866532184166,0.00852505565991,-0.999926115082,0.0,0.659926784545,0.258526915683,0.303302287736,1.0,-0.00858,-0.0112765714286,0.43
0.463629183087,0.53725630841,-0.124048054188,-1.37235837345,0.0786137277111,1.90014353027,0.157162298464,-0.00538866022472,-0.051145528352,-0.000994664141071,-0.0781753333649,-0.00269221634629,0.027497457181,-0.00439917928533,0.574076820131,0.818787194918,0.00202013032351,0.0,0.818743999039,-0.574016976751,-0.0119800392147,0.0,-0.00864968013582,0.00853159665675,-0.999926194722,0.0,0.659788366115,0.258344770517,0.303318013582,1.0,-0.0089,-0.0116971428571,0.446
0.463504283856,0.53641454875,-0.124053235743,-1.37368448071,0.0785427382982,1.90064052032,0.156994335975,-0.00688636105759,-0.0461678359993,-0.00096090037803,-0.0828054464641,-0.00616047618505,0.0277036545955,-0.00831232342173,0.574099230046,0.818771448551,0.00203371584646,0.0,0.818728366839,-0.574039264611,-0.011980439018,0.0,-0.00864197504495,0.00854318615226,-0.999926162393,0.0,0.659639456952,0.258135231153,0.303324325623,1.0,-0.00924,-0.012144,0.463
0.463389206409,0.535539477519,-0.124049274682,-1.37507161706,0.0784555550158,1.90114730005,0.156818583676,-0.0118754627161,-0.0544485793112,0.00149433088821,-0.0909797668175,-0.0073358778149,0.0363322472989,-0.0116237002327,0.574099571352,0.818771224071,0.00202773486985,0.0,0.818728047564,-0.574039614404,-0.0119854965757,0.0,-0.00864954609015,0.00854119630202,-0.99992611393,0.0,0.659475158446,0.257928743665,0.303325464495,1.0,-0.00958,-0.0125908571429,0.48
0.463272290083,0.534696533378,-0.124052231688,-1.37641932965,0.0783910118372,1.90163975996,0.156660369346,-0.00924149039205,-0.0510646484537,0.00079848393791,-0.0835543686522,0.000625930765379,0.030173783978,-0.00630907902656,0.574124481545,0.818753764031,0.00202496333408,0.0,0.818710385737,-0.574064369691,-0.0120062750019,0.0,-0.00866789043356,0.00855111955868,-0.999925870267,0.0,0.659316789311,0.257723982101,0.303321558997,1.0,-0.0099,-0.0130114285714,0.496
0.463139905544,0.533744915666,-0.124057467585,-1.37799190376,0.0782925977523,1.90221156089,0.156463529144,-0.00774409555205,-0.0426789839796,0.000230468876962,-0.0854636346877,-0.00269577343488,0.0305495842647,-0.0150672172422,0.574135111762,0.818746423872,0.00197831755515,0.0,0.818702450905,-0.574075211009,-0.0120289604224,0.0,-0.00871313301562,0.00852606612076,-0.999925690994,0.0,0.659130825817,0.2574823669,0.303294043005,1.0,-0.01026,-0.0134845714286,0.514
0.463013531388,0.532803312251,-0.124056004057,-1.37951928947,0.0782144143946,1.90279302191,0.156266759052,-0.00450311051459,-0.0584635602676,0.00168990289915,-0.0884669174272,-0.00136896119423,0.0411424064796,-0.0112913396821,0.574139151524,0.818743585396,0.0019806464965,0.0,0.818699504026,-0.574079104441,-0.0120437059392,0.0,-0.00872382717593,0.00853648176722,-0.999925508885,0.0,0.658952441049,0.257257770671,0.303281421527,1.0,-0.0106,-0.0139314285714,0.531
0.462886627791,0.531879617959,-0.124059240924,-1.38099748908,0.078125586551,1.90333282474,0.15608519036,-0.00804032962296,-0.0540549604699,-0.000532184410642,-0.0998787129475,-0.00479284367475,0.032774637673,-0.0187797961787,0.574153450678,0.818733591391,0.00196680017669,0.0,0.818689307439,-0.574093440196,-0.012053493669,0.0,-0.00873964134603,0.00853091750393,-0.999925418277,0.0,0.658778133508,0.257031192432,0.303275897362,1.0,-0.01092,-0.014352,0.547
0.462745322698,0.530813216412,-0.124061402007,-1.38272439848,0.0780105170492,1.90393875591,0.155864661336,-0.00612293476146,-0.0540454305463,-0.000233105172962,-0.0945990766557,-0.00832385678877,0.02900512697,-0.00864944432583,0.574153006725,0.818734028366,0.00191378313555,0.0,0.818689080904,-0.574093254995,-0.012077676872,0.0,-0.00878988428161,0.00850139152476,-0.999925229343,0.0,0.658567208005,0.256768391542,0.303258041525,1.0,-0.01128,-0.0148251428571,0.565
0.462598331845,0.529781058146,-0.124058860994,-1.3843662312,0.0779155101528,1.90453719289,0.15564201534,-0.0108967873569,-0.0602199210137,0.000433276544737,-0.0966940694588,-0.00543015649321,0.038799566869,-0.00866590458473,0.574152916051,0.818734108277,0.00190678682629,0.0,0.81868897612,-0.574093104876,-0.0120919069695,0.0,-0.0088055530348,0.00850383272679,-0.999925070725,0.0,0.658372550474,0.256516978499,0.303255522965,1.0,-0.01162,-0.015272,0.582
0.462468347278,0.528757909149,-0.12406415363,-1.38595261874,0.0778120641159,1.90513055917,0.155426912016,-0.00635769491409,-0.0624449024985,-0.000658985892557,-0.100921501035,-0.0143152134878,0.0432060192308,-0.0119896058452,0.574145156199,0.818739503315,0.00192671388412,0.0,0.818694713735,-0.574085338253,-0.0120721583126,0.0,-0.0087780237131,0.00850872551121,-0.999925271153,0.0,0.658187050391,0.256276996211,0.303272588538,1.0,-0.01194,-0.0156925714286,0.598
0.462323817886,0.527633936649,-0.124067349933,-1.38766628331,0.0777062412442,1.90579906594,0.155183250065,-0.0125160396749,-0.0701228015703,-0.00103434856794,-0.104397043301,-0.00962005951937,0.0374388202277,-0.0123622753871,0.57413068601,0.818749496619,0.00199099701722,0.0,0.818705610514,-0.574070654485,-0.0120313703719,0.0,-0.0087078731284,0.00853778373256,-0.999925636832,0.0,0.657992330721,0.256019598082,0.303306251362,1.0,-0.01228,-0.0161394285714,0.615
0.462183044828,0.52655229537,-0.124061931068,-1.38935048981,0.0775989588648,1.90643523653,0.154946215792,-0.0110066684498,-0.0652205141281,0.00170158559126,-0.109176167176,-0.00629763107912,0.0420430658931,-0.0191480883069,0.574110150135,0.818763832089,0.00201734371213,0.0,0.818720304194,-0.574050022927,-0.0120158886151,0.0,-0.00868028592665,0.00855024849326,-0.999925770188,0.0,0.657793585945,0.255770239641,0.303320791884,1.0,-0.0126,-0.01656,0.631
0.462039811705,0.525378459355,-0.124076891863,-1.39117423686,0.0774829881819,1.90709418872,0.154709479369,-0.011044190861,-0.0705441558179,-0.000868713985663,-0.102107442008,-0.00159395392838,0.0421806754103,-0.00909601250585,0.574111041831,0.81876320304,0.00201888503507,0.0,0.818719768758,-0.574050980391,-0.0120066255888,0.0,-0.00867180725027,0.0085462019556,-0.999925878349,0.0,0.657574285208,0.255492240339,0.303336126121,1.0,-0.01294,-0.0170068571429,0.648
0.461884563948,0.524199476209,-0.12407975287,-1.39306103893,0.0773592726005,1.90776483294,0.154442146589,-0.00567759568934,-0.0629197533072,0.000773066251529,-0.111250662419,-0.0106130030087,0.0364925783718,-0.0208351777762,0.574089172625,0.818778628095,0.00198165378828,0.0,0.818734729696,-0.574029293714,-0.0120232794425,0.0,-0.00870704456027,0.00852504745967,-0.999925752714,0.0,0.657342771856,0.255205555594,0.303325400892,1.0,-0.01328,-0.0174537142857,0.665
0.461722112409,0.523000640357,-0.124083942915,-1.3949874959,0.0772470077196,1.90850508051,0.154187945803,-0.00721107508337,-0.0718996692909,0.000459899772324,-0.113442342463,-0.00934656906878,0.0453647118593,-0.00962477738315,0.574090325836,0.818777795835,0.00199141418255,0.0,0.818734007537,-0.574030388156,-0.0120202028711,0.0,-0.00869891043706,0.00853128495088,-0.999925770312,0.0,0.65711724727,0.254915471169,0.303315559702,1.0,-0.01362,-0.0179005714286,0.682
0.461576078421,0.521827895962,-0.124087179246,-1.39682636829,0.0771323904654,1.90922250159,0.153937260387,-0.00812924780337,-0.0748048357751,-0.000440271966881,-0.11533479592,-0.00443170680978,0.0463599214886,-0.0181329983847,0.574074625576,0.818788707611,0.00203063030412,0.0,0.818745497376,-0.574014588958,-0.0119920427754,0.0,-0.00865350439312,0.00854706144194,-0.999926029565,0.0,0.65690222818,0.254644895975,0.303326701926,1.0,-0.01394,-0.0183211428571,0.698
0.461403919836,0.520569537765,-0.124089713942,-1.3988590029,0.0770130749086,1.90996184783,0.153665547357,-0.0113756726355,-0.0799518379007,0.00121986214641,-0.117740255506,-0.00945596057927,0.0375321107056,-0.0188199096665,0.5740711856,0.818791190897,0.00200161811587,0.0,0.818747516821,-0.574011188235,-0.0120169206366,0.0,-0.00869056488618,0.00853755211344,-0.999925789389,0.0,0.656654226657,0.254336492236,0.303307359295,1.0,-0.01428,-0.018768,0.715
0.46123443525,0.519234511582,-0.124095042604,-1.40091207242,0.0768813681953,1.91070275791,0.153383956808,-0.0110322003607,-0.0801209593189,9.79593118245e-05,-0.118150091591,-0.0065821457383,0.0525868937166,-0.0213837329175,0.574056658052,0.818801338224,0.00201711917936,0.0,0.818757896143,-0.573996625923,-0.0120053252167,0.0,-0.0086723237193,0.00854343361585,-0.999925897526,0.0,0.656403648907,0.254024978744,0.303331890237,1.0,-0.01462,-0.0192148571429,0.732
0.461059437716,0.517884368643,-0.124099029209,-1.40303838281,0.0767455402961,1.91146414302,0.153100446399,-0.012482933511,-0.0777032335925,-0.000580809203554,-0.127952843021,-0.00668995324299,0.0444787500681,-0.0212783719974,0.574046591526,0.818808436598,0.00200045376809,0.0,0.818764779366,-0.573986633668,-0.0120136314871,0.0,-0.00868879637792,0.00853444960968,-0.999925831243,0.0,0.656140791222,0.253702915331,0.30333353119,1.0,-0.01496,-0.0196617142857,0.749
0.460888967751,0.51662069483,-0.124097413255,-1.4050393761,0.0766037651331,1.91220327513,0.152816218813,-0.00639156257919,-0.0689642115049,-0.00126205801763,-0.128198866139,-0.0112521255349,0.0506605794504,-0.0179386849591,0.574019743862,0.818827281774,0.00199077404662,0.0,0.81878363074,-0.573959960561,-0.0120031915241,0.0,-0.00868608332904,0.00852024616721,-0.999925975941,0.0,0.65589805556,0.253398411789,0.303331638134,1.0,-0.01528,-0.0200822857143,0.765
0.460682680955,0.515157789679,-0.124105697581,-1.40736510452,0.0764646124215,1.91307827298,0.152500383634,-0.016878173277,-0.0752898166808,-0.00047841161232,-0.129607354904,-0.00820741710024,0.0433325508415,-0.0187121502113,0.574021231306,0.818826219279,0.00199888285572,0.0,0.818782667668,-0.573961407173,-0.0119997126701,0.0,-0.0086785648307,0.00852490461001,-0.999926001519,0.0,0.65562105952,0.25303836627,0.303326648546,1.0,-0.01564,-0.0205554285714,0.783
0.460506795861,0.513820114357,-0.124107091905,-1.40950630002,0.0763364027528,1.91381770595,0.15222086244,-0.0144124756344,-0.0935266408291,-0.00230929130337,-0.13731187381,-0.00867725688599,0.0409686631375,-0.017411026788,0.574015070538,0.818830664723,0.00194633135408,0.0,0.818786289725,-0.573955337544,-0.0120428055457,0.0,-0.00874407955148,0.00850654508015,-0.999925587113,0.0,0.655346777349,0.252715240206,0.30330928224,1.0,-0.01596,-0.020976,0.799
0.460314907088,0.512417379717,-0.124112052416,-1.41176901898,0.0761994762437,1.91461572927,0.151888039225,-0.0117113579225,-0.0826150708152,-9.95895851305e-05,-0.130015034903,-0.0129640332035,0.052019510766,-0.0163098448946,0.573984694052,0.818852082036,0.0018935790109,0.0,0.81880691963,-0.573925099341,-0.0120812090941,0.0,-0.00880612024338,0.00848506806651,-0.999925225137,0.0,0.655061491283,0.252368597354,0.303284454838,1.0,-0.0163,-0.0214228571429,0.816
0.460115074212,0.510967679119,-0.124115973172,-1.41406933053,0.0760659314065,1.91549816783,0.151568802857,-0.0120265304347,-0.0856033460641,0.000827634719369,-0.137831404907,-0.00388973165128,0.0531479982113,-0.0231616692366,0.573974239402,0.818859345673,0.00192130373768,0.0,0.818814500886,-0.573914481501,-0.0120717837942,0.0,-0.0087825980326,0.00850224797712,-0.999925286084,0.0,0.654786064076,0.252019761287,0.303281444593,1.0,-0.01664,-0.0218697142857,0.833
0.459927270757,0.509571925778,-0.124119255558,-1.41630503554,0.0759189542534,1.91632897926,0.15124959004,-0.012329636227,-0.0851577249203,-4.27055577836e-05,-0.137599501897,-0.0144047875604,0.0587468406238,-0.0231675869539,0.573945750266,0.818879350461,0.00190579153319,0.0,0.818834368416,-0.573886126961,-0.0120721697834,0.0,-0.0087921125045,0.00848946159851,-0.999925311111,0.0,0.654510958643,0.25168059965,0.303266447418,1.0,-0.01696,-0.0222902857143,0.849
0.459714540886,0.508060598489,-0.124124822407,-1.41867386902,0.0757653950447,1.91717681876,0.150928927604,-0.014854638598,-0.0915052271809,-2.5666215909e-05,-0.141411415979,-0.00793363221706,0.0491707448912,-0.0151096473229,0.573942610067,0.8188815827,0.00189229102266,0.0,0.818836441485,-0.573883062909,-0.0120772142049,0.0,-0.00880402401942,0.00848126798101,-0.999925275835,0.0,0.654216708953,0.251309723784,0.303269984235,1.0,-0.0173,-0.0227371428571,0.866
0.459491967829,0.506418600695,-0.12413062634,-1.42124281364,0.0756047873159,1.91812829152,0.150563595612,-0.0113684912653,-0.105581579175,-0.00070768926931,-0.147132810274,-0.00878041153585,0.0594183473016,-0.0315375271708,0.573919419242,0.818897795945,0.00190968939686,0.0,0.818852890242,-0.573859806753,-0.0120670309509,0.0,-0.00878594021766,0.0084894215251,-0.999925365703,0.0,0.653900571317,0.250916176866,0.303278105894,1.0,-0.01766,-0.0232102857143,0.884
0.459297929009,0.50500630902,-0.12413203071,-1.42340883436,0.0754727567037,1.91896636465,0.15028025845,-0.0138965762716,-0.089504822959,0.000748602623294,-0.142792896305,-0.00683390835688,0.0541852800898,-0.0216035019164,0.573923601492,0.818894697663,0.00198007344364,0.0,0.818850731825,-0.573863704263,-0.0120280846106,0.0,-0.0087136101936,0.00852475035503,-0.999925698054,0.0,0.653641672522,0.250585585656,0.303306881895,1.0,-0.01796,-0.0236045714286,0.899
0.459037736269,0.503126660708,-0.124142535428,-1.42617611573,0.0752924901655,1.92001913339,0.149884105307,-0.0148046177573,-0.0940522312689,-0.000475201274675,-0.147125531987,-0.00812325000646,0.0577423876662,-0.0191415474646,0.573913208686,0.818901647438,0.00211367445377,0.0,0.818859580768,-0.573852907347,-0.0119404612407,0.0,-0.00856529005911,0.00858375626487,-0.999926474764,0.0,0.653313786376,0.250148159049,0.303394138943,1.0,-0.01834,-0.024104,0.918
0.458815952083,0.50152447436,-0.124149370932,-1.42856722001,0.0751409645836,1.92087986221,0.14955701241,-0.0127111534922,-0.104836098064,-0.00367909266218,-0.149869030818,-0.00895677361598,0.0621151890059,-0.0173186777896,0.573913036993,0.818901611895,0.00217322493235,0.0,0.818860328725,-0.573852500845,-0.011908661378,0.0,-0.00850507518464,0.00861426955183,-0.999926726344,0.0,0.653017514847,0.249770734775,0.303449283253,1.0,-0.01866,-0.0245245714286,0.934
0.458604921792,0.500019523529,-0.124147932126,-1.4308588336,0.0749971947731,1.92167927876,0.1492256224,-0.011291279867,-0.0965490648155,0.00142099181466,-0.154862339465,-0.00493408923485,0.0523124318402,-0.0120095302969,0.573887481114,0.81891944467,0.00220205904897,0.0,0.818878429691,-0.573826722981,-0.0119061446854,0.0,-0.00848673646201,0.00863617231246,-0.999926693229,0.0,0.652703323456,0.249397096283,0.303489219902,1.0,-0.01898,-0.0249451428571,0.95
0.458341514969,0.498229645132,-0.124151157862,-1.43363208782,0.0748217424551,1.92272530143,0.14882743756,-0.015143608986,-0.103029634349,-0.00112413464358,-0.157429908048,-0.0107215269703,0.0572328048416,-0.0202986656035,0.573876749185,0.818926876105,0.00223500306169,0.0,0.818886343632,-0.573815915297,-0.0118826960809,0.0,-0.00844874151814,0.00864958301492,-0.999926899068,0.0,0.652386679321,0.248976443919,0.303496873651,1.0,-0.01932,-0.025392,0.967
0.458080273754,0.496547214236,-0.124148319041,-1.43631104274,0.074656288279,1.92367657899,0.148424394436,-0.0135713816639,-0.0992369399407,0.000819050109668,-0.159195365428,-0.00895549051411,0.0620280735488,-0.0216211499944,0.573849379857,0.818946155315,0.00219791588663,0.0,0.818905008705,-0.57378856422,-0.0119170965677,0.0,-0.00849848503794,0.00863866912449,-0.999926571878,0.0,0.652046160316,0.248550122773,0.303476873604,1.0,-0.01966,-0.0258388571429,0.984
0.457834157007,0.494970923573,-0.124151126366,-1.43889398295,0.074498454101,1.92455911597,0.148062145966,-0.014591009915,-0.101860248557,-0.00029269401538,-0.160841536686,-0.0105216493544,0.0662629034189,-0.0187583823887,0.57384367504,0.818950426114,0.00209358175952,0.0,0.818907737436,-0.573783105805,-0.0119921624853,0.0,-0.00861989069271,0.00859624239835,-0.999925898305,0.0,0.65170822193,0.248137108332,0.303422322194,1.0,-0.01998,-0.0262594285714,1.0
0.457531532396,0.492919202434,-0.124205754778,-1.44209136853,0.0743002692539,1.92572973124,0.14761961876,-0.018881420628,-0.127678835211,-0.00784561395168,-0.193402676641,-0.004206114912,0.0730540291605,-0.0244797279754,0.573875514537,0.818928093079,0.00210216149617,0.0,0.818885694772,-0.57381508374,-0.0119672666982,0.0,-0.00859424438741,0.00858931668231,-0.999926178576,0.0,0.651317707747,0.247603375242,0.303432076056,1.0,-0.0270617142857,-0.0355668244898,1.018
0.45719164504,0.490434622736,-0.124238246173,-1.44602979723,0.0740826393908,1.92720097923,0.147023255015,-0.0238741844551,-0.156737235849,4.03184781849e-05,-0.25773256989,-0.0150863686069,0.0909358302236,-0.0409596309115,0.573827759225,0.818961504126,0.00212235790287,0.0,0.818919213762,-0.573767095112,-0.0119745062505,0.0,-0.00858908588793,0.00860950951445,-0.99992604924,0.0,0.650821638018,0.246993537082,0.303414703902,1.0,-0.0341434285714,-0.0448742204082,1.035
0.456743950774,0.487520560275,-0.124255510357,-1.45066752671,0.0738138865243,1.92889729697,0.146353509993,-0.0324542586367,-0.199868177172,5.42422977399e-05,-0.301635563855,-0.0261061766731,0.117814753062,-0.0468210813464,0.573816647527,0.818969335454,0.00210463952975,0.0,0.818926584535,-0.573755829268,-0.0120101800423,0.0,-0.00862858609623,0.00861535238206,-0.999925658839,0.0,0.650234151276,0.246252693052,0.303380538672,1.0,-0.0408085714286,-0.053634122449,1.051
0.456188235151,0.483818728916,-0.124359946659,-1.45641942317,0.0734586632862,1.93103523238,0.145472297547,-0.0352219098422,-0.230530195262,-0.00704522474387,-0.357924748832,-0.0265478478298,0.129109959144,-0.0510555348229,0.573813548027,0.818971370592,0.00215711670679,0.0,0.818929654353,-0.573752864203,-0.0119423172556,0.0,-0.00854292851976,0.0086193562245,-0.999926359824,0.0,0.649529264222,0.245285312207,0.303401543476,1.0,-0.0478902857143,-0.0629415183673,1.068
0.455500202399,0.479515131171,-0.124452532718,-1.46319832316,0.0730652116577,1.93339142781,0.144464557556,-0.0389482616226,-0.25847812948,-0.00932771941164,-0.421930946743,-0.0175640674096,0.140299583988,-0.0593805201239,0.573843755788,0.818950461341,0.00205735576146,0.0,0.818907205164,-0.573783244867,-0.0120218193777,0.0,-0.00866496508827,0.00858359470053,-0.999925617375,0.0,0.648656633914,0.244134973057,0.303366265169,1.0,-0.054972,-0.0722489142857,1.085
0.454753002971,0.474877378505,-0.124541986061,-1.47033330551,0.0726254517859,1.93597228964,0.14344110198,-0.0483682168299,-0.300944720795,-0.011085685305,-0.462455082003,-0.0287840597748,0.173294251743,-0.0651703426397,0.573908699909,0.81890480129,0.00211600919311,0.0,0.818862422551,-0.573848046372,-0.0119791281213,0.0,-0.00859566328536,0.00860781198719,-0.999926007335,0.0,0.647757613725,0.242919026031,0.303407397444,1.0,-0.0616371428571,-0.0810088163265,1.101
0.453850328869,0.469421023931,-0.124599540013,-1.47867133637,0.0721380780863,1.93899804458,0.14217930486,-0.057578379243,-0.340112108966,-0.00404789617132,-0.507287501738,-0.0356419236991,0.192368184421,-0.0707036774792,0.573924148294,0.818893613466,0.00225138410394,0.0,0.818852686317,-0.573862619906,-0.0119464843059,0.0,-0.00849107800075,0.00870009525561,-0.999926102238,0.0,0.646693818037,0.241513393237,0.303473696279,1.0,-0.0687188571429,-0.0903162122449,1.118
0.452835633462,0.463398116966,-0.124643936769,-1.48785692181,0.0715561594686,1.94235641003,0.140687351935,-0.0660607666779,-0.363111243509,-0.0083747536075,-0.565725596287,-0.0398606695491,0.200555926593,-0.0954344442823,0.573841393323,0.818951147421,0.00241253993443,0.0,0.818912301714,-0.573779218686,-0.0118657998688,0.0,-0.00833340558289,0.00878491489713,-0.999926687123,0.0,0.645515914143,0.239959771933,0.303548307396,1.0,-0.0758005714286,-0.0996236081633,1.135
0.451768770296,0.457229316189,-0.124688665736,-1.4974564416,0.0709277810989,1.94558163994,0.139267729278,-0.0675063961534,-0.389061772953,-0.00389187811465,-0.623871367348,-0.0389456861424,0.197711226539,-0.0886685477682,0.573858872036,0.818939409384,0.00223285562867,0.0,0.81889784003,-0.573797018322,-0.0120023439559,0.0,-0.00854815114678,0.0087163000315,-0.999925474836,0.0,0.644210641311,0.238312432299,0.303506500716,1.0,-0.0824657142857,-0.108383510204,1.151
0.450534885383,0.450049043087,-0.124805635555,-1.50820900981,0.0701756110091,1.94950423647,0.1375371608,-0.0741182704187,-0.450984436776,-0.00528996739777,-0.645616303177,-0.0472553252784,0.249429023423,-0.106215889036,0.573823121554,0.818963755302,0.00247781629282,0.0,0.818926198901,-0.573761168386,-0.0117791895948,0.0,-0.00822521293456,0.00878848922654,-0.99992755154,0.0,0.64282481344,0.236421854251,0.303662214267,1.0,-0.0895474285714,-0.117690906122,1.168
0.449087307578,0.441993174805,-0.12483871525,-1.520436582,0.0693895769128,1.95387790861,0.135673017917,-0.0854685787255,-0.458992442973,-0.00745427858179,-0.704432677041,-0.0516088816601,0.246997873696,-0.107687603089,0.573840736935,0.818950866648,0.00265208451918,0.0,0.818915292268,-0.573777838747,-0.0117253039716,0.0,-0.00808089610795,0.00890046100245,-0.999927737845,0.0,0.64118856069,0.234310592586,0.303739586435,1.0,-0.0970457142857,-0.127545795918,1.186
0.447683583998,0.434344752004,-0.124874134765,-1.5321107565,0.0686062797378,1.95786340828,0.133760005969,-0.0923365952475,-0.49909203558,-0.00717580817361,-0.712733066127,-0.0549024100566,0.265673732243,-0.12023785554,0.573747180938,0.819016534904,0.00261434898896,0.0,0.818980107273,-0.573684033796,-0.0117881363555,0.0,-0.00815502532663,0.00890468126062,-0.999927098449,0.0,0.639569622805,0.232265861109,0.303753443435,1.0,-0.103710857143,-0.136305697959,1.202
0.446054967169,0.425769532986,-0.124907983051,-1.54514513306,0.0676716945659,1.96250426588,0.131635236111,-0.0975240775218,-0.516578670264,-0.00126019298484,-0.777384126799,-0.0538720788463,0.272704784934,-0.129062000507,0.573667679584,0.819071860584,0.00272534428661,0.0,0.819037225794,-0.573604531397,-0.0116880805319,0.0,-0.0080102622579,0.00893740453412,-0.999927976656,0.0,0.637788557921,0.229956253922,0.303792700843,1.0,-0.110792571429,-0.145613093878,1.219
0.444259885499,0.416689787717,-0.125022258671,-1.55892738419,0.0666878810906,1.96718741527,0.129371974646,-0.110383013796,-0.549065199866,-0.00899838718662,-0.817260204974,-0.0612064051477,0.295288891026,-0.140046052886,0.57367396682,0.819067653011,0.00266579895993,0.0,0.819032440878,-0.573611244336,-0.011693932727,0.0,-0.00804914474556,0.00889205180379,-0.999928068755,0.0,0.635860586984,0.227415320473,0.303805975681,1.0,-0.117874285714,-0.154920489796,1.236
0.442445400232,0.40773460354,-0.125095994158,-1.57248926406,0.0657727382072,1.97191884934,0.127102687225,-0.121194690261,-0.56255133212,-0.00498730080593,-0.848768636422,-0.052807270381,0.289964772865,-0.141698277975,0.573659638767,0.819077362379,0.0027640892008,0.0,0.819043190237,-0.573596311685,-0.0116735020465,0.0,-0.00797618346149,0.00896069792548,-0.999928040606,0.0,0.633955342018,0.224931272371,0.303822966734,1.0,-0.124539428571,-0.163680391837,1.252
0.440283019065,0.397677450453,-0.125200085286,-1.58757508853,0.0647473023991,1.97699790484,0.124568009127,-0.13046840999,-0.616076452858,-0.0098174176809,-0.892302341427,-0.0611961537194,0.310779648721,-0.149838285705,0.573749577576,0.819014219049,0.00280680024268,0.0,0.818980142962,-0.573685573734,-0.011710457888,0.0,-0.00798096437252,0.00901775755023,-0.999927489499,0.0,0.631799407963,0.222062434421,0.303867104899,1.0,-0.131621142857,-0.172987787755,1.269
0.43786010654,0.386679284712,-0.125343375424,-1.60427188836,0.0634527823063,1.98261641164,0.121690394401,-0.134840877125,-0.616158303591,-0.0064056051877,-0.950025980724,-0.0765725611695,0.309384387904,-0.165765539745,0.573762709861,0.819005547266,0.00264824875784,0.0,0.818970102834,-0.573700033308,-0.0117042448232,0.0,-0.00806669634508,0.0088844668377,-0.999927994737,0.0,0.62938018142,0.218839285025,0.303798843452,1.0,-0.139119428571,-0.182842677551,1.287
0.435697300443,0.376997368926,-0.125442013055,-1.61854177102,0.0624145511261,1.98739027742,0.119128293521,-0.143256279983,-0.651356465421,-0.00990413474381,-0.975593644789,-0.0695696281302,0.321902109145,-0.166001175078,0.573751418146,0.819013007599,0.00278396488858,0.0,0.818979279831,-0.573688220994,-0.0116409278262,0.0,-0.00793709625961,0.00895918090031,-0.999928365225,0.0,0.62728569925,0.216064749869,0.303900171283,1.0,-0.145368,-0.191055085714,1.302
0.432694072404,0.364428841598,-0.125595894688,-1.63726238726,0.061005381591,1.99359025412,0.115799613052,-0.157191456187,-0.675150713744,-0.0124051245846,-0.989495654199,-0.0760242989522,0.339233061995,-0.185252139599,0.57387747852,0.81892472139,0.00277258832702,0.0,0.818890961898,-0.57381443462,-0.011633316125,0.0,-0.00793601175606,0.00894671789877,-0.999928485421,0.0,0.624507196449,0.212311853475,0.303904980892,1.0,-0.153282857143,-0.201457469388,1.321
0.429990216295,0.353421104271,-0.125724562788,-1.65359217561,0.059761798819,1.99892074766,0.112757856683,-0.17538308027,-0.695294071315,-0.00711861405136,-1.03919415245,-0.0749780997104,0.328892232767,-0.191073857585,0.573910690424,0.818901552275,0.00274116765947,0.0,0.818867341787,-0.573847701008,-0.0116550205742,0.0,-0.00797145515574,0.008933765582,-0.999928319299,0.0,0.622032695129,0.209000741604,0.303898628238,1.0,-0.159948,-0.210217371429,1.337
0.42712463373,0.341947059847,-0.125856308907,-1.67032388841,0.0585096078219,2.0043648828,0.109606560782,-0.181097399955,-0.734545547348,-7.55063228041e-05,-1.0450533608,-0.0805047778336,0.339062025879,-0.185195873609,0.573979104952,0.818853114277,0.00288291839381,0.0,0.81882049413,-0.573915344908,-0.0116156003728,0.0,-0.00785707070809,0.00902787838385,-0.999928379361,0.0,0.61946576637,0.205572113355,0.303985449312,1.0,-0.166613142857,-0.218977273469,1.353
0.423928987927,0.329561527356,-0.125925833756,-1.68860996288,0.057038510531,2.01018858459,0.10606984271,-0.192532802185,-0.750618886466,-0.00215021206183,-1.07649781575,-0.0884408644988,0.347082586172,-0.211521943816,0.573899384998,0.818909264096,0.00280356524312,0.0,0.818875607203,-0.573835894576,-0.0116555963076,0.0,-0.00793624222285,0.00898508373423,-0.999928139583,0.0,0.616410507467,0.201606150577,0.303948798362,1.0,-0.174111428571,-0.228832163265,1.371
0.420346469302,0.315899563121,-0.125947814946,-1.70850853325,0.0553746786338,2.01647480189,0.102183456524,-0.200402189644,-0.781108189008,-0.000179374190241,-1.13263460508,-0.0900484819592,0.342916951342,-0.222309080358,0.573793979556,0.818983314797,0.00274700040873,0.0,0.818948844676,-0.573730609221,-0.0116929358141,0.0,-0.00800043514789,0.00895916147614,-0.99992786063,0.0,0.613362760488,0.197739250599,0.303935290053,1.0,-0.181193142857,-0.238139559184,1.388
0.417181272404,0.30415209565,-0.126028817346,-1.72533411999,0.0539746713427,2.02180529855,0.0986814537421,-0.215013445255,-0.795886041813,-0.00503647852785,-1.13292818437,-0.100256660228,0.351310742321,-0.246143289486,0.573654082806,0.81908074813,0.00291002135014,0.0,0.819048601303,-0.573590415656,-0.0115832065104,0.0,-0.00781857163025,0.00902837644752,-0.999928676635,0.0,0.610636708189,0.194190569566,0.30402977999,1.0,-0.187441714286,-0.246351967347,1.403
