position_joint1,position_joint2,position_joint3,position_joint4,position_joint5,position_joint6,position_joint7,velocity_joint1,velocity_joint2,velocity_joint3,velocity_joint4,velocity_joint5,velocity_joint6,velocity_joint7,ee_T_00,ee_T_10,ee_T_20,ee_T_30,ee_T_01,ee_T_11,ee_T_21,ee_T_31,ee_T_02,ee_T_12,ee_T_22,ee_T_32,ee_T_03,ee_T_13,ee_T_23,ee_T_33,v_x,v_y,time
0.465072359316,0.547805153543,-0.124003322161,-1.355846902,0.0795702127678,1.89409674252,0.159156547576,0.00089773873505,-0.000303050333938,0.000142474628399,-0.000337922480221,-0.000177617231264,-0.000545400425061,-0.000594491406918,0.573834393325,0.818957299221,0.0019437053953,0.0,0.818913477194,-0.573775265594,-0.0119753230847,0.0,-0.00869219552298,0.00846374175431,-0.999926402698,0.0,0.66167229589,0.260890179908,0.303191074501,1.0,0.0,0.0,0.0
0.465072967192,0.547815032213,-0.124003431254,-1.35583911612,0.0795716632486,1.89409787513,0.159155733792,0.00186555584619,0.00356843004245,4.00991721941e-05,0.00187367611717,0.000339171521716,3.2350728566e-05,-0.00171986231312,0.573833289926,0.818958073746,0.00194312146092,0.0,0.81891424063,-0.573774161423,-0.0119760209714,0.0,-0.00869311354848,0.00846365230141,-0.999926395474,0.0,0.661673830065,0.260891625124,0.303187886657,1.0,-0.00022,-0.000289142857143,0.012
0.465064164979,0.547797742103,-0.124000925745,-1.35584891168,0.0795709116807,1.8940963885,0.159159343135,-0.00237463443082,-0.000948202360785,0.000722302074576,-0.00175180185538,-0.000111520412152,-0.000125148047701,0.0010133928451,0.573841998635,0.818951957076,0.00194923199923,0.0,0.818908187041,-0.573782827003,-0.0119747875072,0.0,-0.0086885070983,0.00846804107501,-0.999926398354,0.0,0.661673509795,0.260886094054,0.303195259517,1.0,-0.00056,-0.000736,0.029
0.465061309289,0.547781508855,-0.124005895709,-1.3558692701,0.0795716222972,1.89409759841,0.159153377705,8.20460598718e-05,-0.00454397441643,-7.59621536101e-05,-0.0037275993027,1.30752848564e-05,-0.000275272004068,-0.00149322862313,0.573844204105,0.818950417063,0.00194697430485,0.0,0.818906616572,-0.57378504077,-0.0119761106186,0.0,-0.00869086338103,0.00846697482221,-0.999926386906,0.0,0.661671359508,0.260879321731,0.303197340818,1.0,-0.0009,-0.00118285714286,0.046
0.465065981221,0.547699631353,-0.124003178945,-1.35596103771,0.0795684299399,1.89412018279,0.159152105365,-0.000774925452144,-0.00393371178321,0.00116106501405,-0.00703537248291,0.000444294103998,0.00413210444361,0.00175401965964,0.573846419009,0.818948844034,0.00195579844327,0.0,0.818905081285,-0.573787142632,-0.0119803880397,0.0,-0.00868928023145,0.00847667926043,-0.999926318444,0.0,0.661652201919,0.260874454222,0.303212267726,1.0,-0.00124,-0.00162971428571,0.063
0.465065502139,0.547545622532,-0.123993880857,-1.35615945103,0.0795649623571,1.89414851211,0.159153974738,-0.000749484823044,-0.0102238003235,0.00127140961461,-0.010713976632,-0.00475200364411,0.00052489764223,0.000351217626364,0.573846880116,0.818948519914,0.00195622411434,0.0,0.8189046047,-0.573787447752,-0.0119983375522,0.0,-0.00870373151182,0.00848733291342,-0.999926102388,0.0,0.661617741876,0.260860080145,0.303230340432,1.0,-0.00158,-0.00207657142857,0.08
0.465042133527,0.547396114597,-0.124004129494,-1.3563582359,0.0795663623677,1.89422968565,0.159147661633,-0.00453348987609,-0.016990833235,-4.63385022365e-05,-0.0134821099478,0.000221439818762,0.00701241383825,-0.00111425194759,0.573879535281,0.818925559984,0.00198823818673,0.0,0.818882006672,-0.573819908502,-0.0119882716452,0.0,-0.00867677847079,0.00850812004436,-0.999926159978,0.0,0.661600675798,0.260822799957,0.303249024002,1.0,-0.0019,-0.00249714285714,0.096
0.465021857412,0.547214057467,-0.12400140072,-1.35658199106,0.0795632555684,1.89435796161,0.159137103404,-0.00124531449339,-0.00834685216943,-0.00292736228409,-0.0138352526551,0.00011774707295,0.00689930904119,-0.000797636449014,0.573897549084,0.818912740428,0.00206727402881,0.0,0.818870178523,-0.573837550474,-0.0119517067087,0.0,-0.00860129103029,0.00855204889397,-0.99992643742,0.0,0.661584602891,0.260795017978,0.303282525891,1.0,-0.00224,-0.002944,0.113
0.465000682345,0.547014332048,-0.12400142287,-1.35684424823,0.0795601330797,1.8944988943,0.159116416797,-0.00430508939798,-0.00689850368191,-0.00223259862626,-0.023565435696,-0.000109127767268,0.0118319801239,-0.00226863875435,0.5739120743,0.818902374474,0.00213984897427,0.0,0.818860709541,-0.573851727073,-0.011919756972,0.0,-0.00853332555092,0.00859329614591,-0.999926666119,0.0,0.661563545151,0.260761564797,0.303311400339,1.0,-0.00258,-0.00339085714286,0.13
0.464962903974,0.54674639145,-0.124004838128,-1.35723331038,0.0795530095684,1.89463436042,0.159093743478,-0.00128228270716,-0.0140654145214,-0.00017226094554,-0.0138740875219,0.000146956612473,0.00481460685896,0.00114515717684,0.573946637224,0.818878096086,0.00216061828224,0.0,0.818836563298,-0.573886061558,-0.0119255128716,0.0,-0.00852575670582,0.00861396710418,-0.999926552824,0.0,0.661519416107,0.260699975577,0.303327851066,1.0,-0.00296,-0.00389028571429,0.149
0.464931079054,0.546481195027,-0.124003550071,-1.35762781457,0.0795446263688,1.89477814889,0.158969948272,-0.00386097546021,-0.0168757398519,-0.000406767875629,-0.0250871022375,8.52293440513e-05,0.00425427339538,-0.000511155009275,0.573890251667,0.818917554371,0.00218290760929,0.0,0.818876156661,-0.573829435284,-0.0119317289091,0.0,-0.00851864962736,0.00863520015428,-0.999926430257,0.0,0.661473037489,0.260644726935,0.303340317465,1.0,-0.00328,-0.00431085714286,0.165
0.464894100524,0.546217362035,-0.124004217952,-1.3580770619,0.0795334662231,1.89493449919,0.158934868044,-0.000912585496171,-0.0170417222083,0.000392784866696,-0.0336459569073,0.000519113623748,0.00713350819115,0.000568743775011,0.57392002488,0.818896719487,0.00217134923806,0.0,0.818854991756,-0.573859070353,-0.0119589611374,0.0,-0.00854727015013,0.00864167381492,-0.999926130095,0.0,0.661416030842,0.260573496925,0.303328990746,1.0,-0.00362,-0.00475771428571,0.182
0.464847902718,0.545909773724,-0.123999157693,-1.35858203833,0.0795180254665,1.89511851345,0.158895463662,2.66155233687e-05,-0.0264696580858,0.0010257830739,-0.0370918473119,-0.00102096036143,0.0107517894104,0.000805043045133,0.57394062335,0.818882304033,0.00216331036196,0.0,0.818840323279,-0.57387954964,-0.0119805833522,0.0,-0.00856937310984,0.00864771572872,-0.999925888682,0.0,0.661359082785,0.260505274039,0.303320124872,1.0,-0.00392,-0.005152,0.197
0.464784109339,0.545556149378,-0.124007318198,-1.35918196043,0.079465606783,1.89531622151,0.158792067308,-0.00339381860071,-0.020602804447,-0.00215074391896,-0.0335072724232,-0.00461889001746,0.015535183403,-0.00242103429725,0.573933409569,0.818887496156,0.00211114219264,0.0,0.818844975309,-0.573872694491,-0.0119909895429,0.0,-0.00860791027359,0.00861089347544,-0.99992587545,0.0,0.661291459125,0.260396711441,0.303302288395,1.0,-0.00426,-0.00559885714286,0.214
0.464723598471,0.545170895435,-0.124002031593,-1.35987034445,0.0793770603536,1.89552724627,0.158717423932,-0.0103328241736,-0.0264577208045,0.000236376747477,-0.0363859690193,-0.000353135241532,0.0113964006853,-0.00358035403672,0.573932850516,0.818888147836,0.00200781797487,0.0,0.818844603171,-0.573872891802,-0.0120069485578,0.0,-0.00868028268055,0.00853543745827,-0.999925896754,0.0,0.661204998752,0.26028307399,0.303265358267,1.0,-0.0046,-0.00604571428571,0.231
0.464657286402,0.544744977307,-0.124005326529,-1.36057869214,0.0793663854861,1.89577438773,0.158636955947,-0.00267580122152,-0.0219270575131,0.00149905312055,-0.03689789144,-0.000269851489001,0.020736323779,-0.0096891261084,0.573960221748,0.818868997173,0.00199404618159,0.0,0.818824965701,-0.573900017033,-0.0120496014778,0.0,-0.00872282988237,0.00854893132584,-0.999925411224,0.0,0.661121268791,0.260173870122,0.303251238939,1.0,-0.00494,-0.00649257142857,0.248
0.464589598774,0.544319676897,-0.124007730474,-1.36129072722,0.0793427523502,1.89603728916,0.158525181339,-0.00130170006868,-0.0229546996005,-0.000743621879428,-0.0467383702426,0.000667975166541,0.0197018795048,-0.0170710462205,0.573959298138,0.818869671583,0.00198291278379,0.0,0.818825316016,-0.57389896677,-0.0120757895483,0.0,-0.00875067470132,0.00855483558752,-0.999925117436,0.0,0.661040608835,0.260062803613,0.303236203757,1.0,-0.00526,-0.00691314285714,0.264
0.464514250687,0.543776262939,-0.124016216437,-1.36215537387,0.0793079930786,1.89633676879,0.158434645011,-0.001487943151,-0.0331432445256,-0.00325672200131,-0.0484388065816,-0.00198637625659,0.00874719890487,-0.0126262072162,0.573991632475,0.81884703365,0.00197186000708,0.0,0.818802379797,-0.573931194967,-0.0120993050912,0.0,-0.00877593707696,0.00855962834691,-0.999924855022,0.0,0.660939146003,0.259927273893,0.303235417881,1.0,-0.00562,-0.00738628571429,0.282
0.464427383914,0.543269889693,-0.124011376744,-1.36295900088,0.0792629492507,1.89662243476,0.158329209288,-0.00708493577963,-0.0317815683784,0.000137676840649,-0.0481435678431,-0.00287559411038,0.0230062188364,-0.00546053169971,0.574005736163,0.818837163546,0.00196503172155,0.0,0.818792338694,-0.573945247151,-0.0121122363767,0.0,-0.00879029790225,0.0085616109144,-0.999924711907,0.0,0.660848389102,0.259796015807,0.303235747048,1.0,-0.00594,-0.00780685714286,0.298
0.464359475419,0.542716179076,-0.124021727725,-1.36385726668,0.0792094450942,1.89694925683,0.158212406194,-0.00791084162094,-0.0380887952532,-0.000254138041472,-0.0538244701825,-0.000524269775837,0.0190154424378,-0.00703319289257,0.574008679334,0.818835143324,0.0019470510076,0.0,0.818790109221,-0.573948294265,-0.0121185581989,0.0,-0.00880576427326,0.00855054831891,-0.999924670482,0.0,0.66074418833,0.2596593,0.303228519825,1.0,-0.00628,-0.00825371428571,0.315
0.464279507179,0.542145651738,-0.124020499526,-1.36472630028,0.0791602641983,1.89726773652,0.158102232031,-0.000688198240945,-0.0298820180046,-0.000447457141313,-0.0526095413798,-0.00429887428719,0.0210432773028,-0.00771272936879,0.574018242047,0.818828393658,0.00196632588686,0.0,0.818783566175,-0.573957726716,-0.0121139013173,0.0,-0.00879078767044,0.00856376053929,-0.999924689193,0.0,0.660645612737,0.259525163921,0.303245923834,1.0,-0.0066,-0.00867428571429,0.331
0.464185102037,0.541505758132,-0.12402551098,-1.36568816584,0.0791062983873,1.89762919005,0.157960455648,-0.00719739500416,-0.0358192012602,-0.0005209689113,-0.0521646887038,-0.000949355472085,0.0233756225347,-0.00881356064673,0.574021992493,0.818825679849,0.00200126340002,0.0,0.818781300988,-0.573961315833,-0.0120969409869,0.0,-0.00875680674896,0.00858267246171,-0.999924825209,0.0,0.660541324781,0.259369916612,0.303272041672,1.0,-0.00694,-0.00912114285714,0.348
0.464106206788,0.540826606193,-0.124026488795,-1.36672691038,0.0790444345282,1.89800876818,0.157844286763,-0.00351149509721,-0.0379055011586,-0.000701500604759,-0.0691925512916,-0.00163297951627,0.0116024506768,-0.0100962178053,0.574033212818,0.818817771653,0.00201849171276,0.0,0.818773602706,-0.573972444822,-0.0120899543923,0.0,-0.00874107918455,0.00859288853407,-0.999924875079,0.0,0.660419256083,0.259218601508,0.303290657197,1.0,-0.00728,-0.009568,0.365
0.464004133222,0.540104964704,-0.124027934347,-1.36783247133,0.078974673979,1.89841649138,0.157695031054,-0.00954529912209,-0.0420450480142,-0.000767147236506,-0.0649086879349,-0.00307605374597,0.022369454494,-0.0120030534314,0.574038182823,0.81881424193,0.00203685418222,0.0,0.818770338298,-0.573977359681,-0.0120776901289,0.0,-0.0087204443972,0.00860093667683,-0.999924986055,0.0,0.660294843439,0.259044977067,0.30330984113,1.0,-0.00762,-0.0100148571429,0.382
0.463916979971,0.53935937986,-0.124032888732,-1.36897858306,0.0789095564239,1.89886291686,0.157558284058,-0.00579236321927,-0.0502531985156,-0.00332948669709,-0.0660630746862,-0.0117888737445,0.0201558766314,-0.00612093179067,0.57404721493,0.818807811961,0.00207581390966,0.0,0.818764430924,-0.573986236861,-0.012056261849,0.0,-0.00868043989598,0.00862063210525,-0.999925164532,0.0,0.660165872007,0.258878053375,0.303330011094,1.0,-0.00796,-0.0104617142857,0.399
0.463809886726,0.538600901604,-0.124041016397,-1.37016634408,0.0788480089083,1.89931743589,0.157414253754,-0.00805208596725,-0.0503137085057,-0.00219380002914,-0.0754231334176,-0.00261639102547,0.0265129377259,-0.00957357360867,0.574071987793,0.818790382797,0.00209970743506,0.0,0.818747274359,-0.574010865521,-0.0120488130297,0.0,-0.00866036408953,0.00863618205918,-0.999925204429,0.0,0.660034668638,0.258692483327,0.303340159377,1.0,-0.0083,-0.0109085714286,0.416
0.46369481647,0.537770144925,-0.124039273942,-1.37145845729,0.0787650928289,1.89981142052,0.157244045704,-0.00534593380507,-0.0453259792634,-0.000619792300988,-0.0705647781966,-0.00518740277059,0.0221526355532,-0.00870501322373,0.574074838674,0.818788320715,0.00212423229757,0.0,0.818745579678,-0.574013659386,-0.0120308560425,0.0,-0.00863155224545,0.00864598400757,-0.999925368848,0.0,0.659889805402,0.25849517691,0.303354617824,1.0,-0.00866,-0.0113817142857,0.434
0.463597561209,0.536987666643,-0.124045662092,-1.37268148539,0.0786946109894,1.90026747547,0.157101362601,-0.00787063754289,-0.0504218745669,0.000831931719885,-0.0811511426659,-0.00275794348158,0.0280167896369,-0.0150830905546,0.5740906926,0.81877717168,0.00213698553373,0.0,0.818734592183,-0.574029452665,-0.0120250545407,0.0,-0.00861931345837,0.00865326247141,-0.99992541146,0.0,0.659748395648,0.258311926155,0.303364714609,1.0,-0.00898,-0.0118022857143,0.45
0.463487492872,0.53613589252,-0.124051473552,-1.3739987944,0.0786274973596,1.9007581839,0.156932818721,-0.00120699300611,-0.0511312375855,-0.00186778253199,-0.0801242583851,-0.00837973154803,0.0283801960461,-0.00602092357677,0.574101443868,0.818769563543,0.0021635307465,0.0,0.818727240495,-0.574040000636,-0.012022073167,0.0,-0.00860152001464,0.00867339811105,-0.999925390226,0.0,0.659596571611,0.258113179905,0.303381705935,1.0,-0.00932,-0.0122491428571,0.467
0.463365626611,0.535245450427,-0.124046760122,-1.37541940694,0.0785501351895,1.90127279017,0.156759941344,-0.0100296376847,-0.0490025396348,0.00105617583698,-0.0839411500518,-0.00138092398771,0.0368639922975,-0.0122061209044,0.574113655172,0.818761022444,0.00215545181352,0.0,0.818718458628,-0.574052108016,-0.0120419967311,0.0,-0.00862234190536,0.00867835003041,-0.99992516793,0.0,0.659427426541,0.257900990706,0.30337837697,1.0,-0.00966,-0.012696,0.484
0.463246288637,0.534411705726,-0.12405456472,-1.37679638293,0.078466779661,1.90177046951,0.156598435646,-0.00580766620885,-0.0523396642734,-0.00142807996581,-0.0908393273182,-0.00761826291088,0.0283884613208,-0.0142982882335,0.574128921598,0.818750401494,0.00212328493922,0.0,0.818707420318,-0.574067511376,-0.0120581590948,0.0,-0.00865388031316,0.00866145377256,-0.999925041978,0.0,0.659276353686,0.257704059098,0.303361164911,1.0,-0.00996,-0.0130902857143,0.499
0.46312326059,0.533545822214,-0.124054205004,-1.37817861368,0.0783933089139,1.90227785968,0.156424025441,-0.00575630797603,-0.0542660551513,-0.000463730825716,-0.0869680863807,-0.0134096019045,0.0277136076859,-0.00646189183741,0.574151498798,0.818734602538,0.00211043530671,0.0,0.818691328351,-0.574090015427,-0.0120793200044,0.0,-0.00867834450994,0.0086633215654,-0.999924813772,0.0,0.659103831008,0.257474468197,0.303351388515,1.0,-0.0103,-0.0135371428571,0.516
0.462983077323,0.532594721469,-0.124057758265,-1.37970670751,0.0783138268123,1.90286015559,0.156229130228,-0.0100283456506,-0.0595713815784,-0.00108987685335,-0.0907874617009,-0.00184769412325,0.0275629421244,-0.0130274415711,0.574171617922,0.818720470504,0.00211925719169,0.0,0.818677214666,-0.57410999735,-0.0120861917432,0.0,-0.00867869294165,0.00867470285749,-0.999924712075,0.0,0.658930427713,0.257237741869,0.303345309261,1.0,-0.01064,-0.013984,0.533
0.462857236408,0.531620248054,-0.124053971461,-1.38127421311,0.0782192622727,1.90342492744,0.156022716153,-0.00456991176579,-0.0592056630884,0.000122616978983,-0.0901969896738,-0.00255181526516,0.0319756234318,-0.0138653480498,0.574163063247,0.818726530536,0.00209568618643,0.0,0.818682894467,-0.574101473311,-0.0121063434006,0.0,-0.00870881567428,0.00866688450898,-0.999924517972,0.0,0.65873999789,0.257006779122,0.303334956694,1.0,-0.01098,-0.0144308571429,0.55
0.462711624235,0.530621226075,-0.124058448721,-1.38291602322,0.0781168303203,1.90399874074,0.155810740744,-0.00580162899611,-0.0577621079151,-0.000135476584162,-0.0964400980669,-0.00687209315831,0.025526294216,-0.0190541804206,0.574173619727,0.818719283587,0.00203371419251,0.0,0.818674800956,-0.574112262933,-0.0121419409931,0.0,-0.0087734298897,0.00863669905549,-0.999924214307,0.0,0.658541624185,0.256748869433,0.30330738082,1.0,-0.01132,-0.0148777142857,0.567
0.462571489427,0.529577717397,-0.12406155915,-1.38455921098,0.0780119301623,1.90461078561,0.155587338345,-0.00711250661238,-0.0613243080295,0.000463207021013,-0.0960932511825,-0.00204041725763,0.035380281405,-0.0130064759701,0.574168765018,0.818722673148,0.00203976781395,0.0,0.81867831723,-0.574107429077,-0.0121334116184,0.0,-0.00876302205433,0.00863670592918,-0.999924305513,0.0,0.658349693404,0.25649799694,0.303313503566,1.0,-0.01166,-0.0153245714286,0.584
0.462437600708,0.528535505788,-0.124058863917,-1.3861516961,0.0779158227585,1.90522216122,0.155375298133,-0.00731522871047,-0.0659987581349,0.000660574769207,-0.0993916706077,-0.0120427355729,0.0382330019501,-0.01289557649,0.574158887227,0.818729455881,0.00209694837758,0.0,0.818685844554,-0.574097300572,-0.0121047223964,0.0,-0.00870680801123,0.00866694276031,-0.999924534951,0.0,0.658153406016,0.256253737903,0.303344237871,1.0,-0.012,-0.0157714285714,0.601
0.46230121384,0.52743960487,-0.124062060199,-1.38786770689,0.0778092628225,1.90588004769,0.155130018682,-0.00681777286729,-0.0681734707914,0.00126619905047,-0.10224962669,-0.00474643642044,0.040600654005,-0.0166336145449,0.574140976222,0.818741955187,0.00212064623071,0.0,0.818698709737,-0.574079345859,-0.0120861174074,0.0,-0.00867815927725,0.00867547260962,-0.999924710029,0.0,0.657965357682,0.256008480275,0.303354175257,1.0,-0.01232,-0.016192,0.617
0.462155164212,0.526289192295,-0.124060589424,-1.38966668984,0.0776959569359,1.90656033902,0.154890392461,-0.00609662791622,-0.0603090902077,0.00192305895992,-0.11028346881,-0.00558690576047,0.0424355468075,-0.015216941684,0.57413005207,0.818749553274,0.0021445801006,0.0,0.818706649675,-0.574068350045,-0.0120705491177,0.0,-0.00865178771174,0.00868601421529,-0.999924847039,0.0,0.657752825175,0.255742644336,0.303366380315,1.0,-0.01266,-0.0166388571429,0.634
0.462001552586,0.525092713444,-0.124064881511,-1.39151390095,0.0775853673336,1.90721436925,0.154647805705,-0.0100905511974,-0.0742815969239,0.00216018879515,-0.1107223681,-0.00427127157101,0.040047803967,-0.00882261218909,0.574129756545,0.81874975053,0.00214838488183,0.0,0.818706837402,-0.574067978869,-0.0120754681349,0.0,-0.00865363416534,0.00869195031958,-0.999924779479,0.0,0.657527458306,0.255462078783,0.303385631227,1.0,-0.013,-0.0170857142857,0.651
0.461857715125,0.52399153264,-0.124071945164,-1.39329867382,0.0774688537599,1.90785586462,0.154394220944,-0.0105167144077,-0.0726930526464,-7.58888457649e-05,-0.109561028251,-0.00638887467833,0.0407961774931,-0.0178370649893,0.574109347716,0.818764171956,0.00210582201638,0.0,0.818720743131,-0.574047795408,-0.012092156747,0.0,-0.00869194956706,0.00866646724501,-0.999924668342,0.0,0.657309626368,0.255190715515,0.303366313909,1.0,-0.01332,-0.0175062857143,0.667
0.461688787821,0.522701730065,-0.12407892714,-1.39533973483,0.0773487215845,1.90863653848,0.154124865478,-0.00474639426541,-0.0697748310413,-4.72305335521e-05,-0.114513866282,-0.00688915625419,0.0368231102373,-0.0163410415284,0.574109371398,0.818764094747,0.0021292551893,0.0,0.818720978288,-0.574047724729,-0.0120795838737,0.0,-0.00866820234826,0.00867843528288,-0.999924770685,0.0,0.657070220532,0.254883812013,0.303369370823,1.0,-0.01368,-0.0179794285714,0.685
0.461512441152,0.52139530728,-0.124080097922,-1.39744664926,0.0772263528583,1.90944627856,0.153845846744,-0.0131724193278,-0.0758965903753,0.000191734867079,-0.121983403379,-0.00727727746674,0.0458244526615,-0.0164604078093,0.574106152672,0.818766331457,0.00213701610408,0.0,0.818723276265,-0.574044433031,-0.0120802611504,0.0,-0.00866433572266,0.00868514429446,-0.999924745946,0.0,0.656821485387,0.254569467821,0.303354747314,1.0,-0.01404,-0.0184525714286,0.703
0.461353493054,0.520173772188,-0.124083754041,-1.39934810502,0.0770969430149,1.91014572873,0.153590737565,-0.010479739748,-0.0733531335376,0.000430185981795,-0.119152635141,-0.00595513981892,0.0397597243866,-0.0153223132866,0.574096394393,0.818773152678,0.002145064067,0.0,0.818730311039,-0.574034750481,-0.0120635785287,0.0,-0.00864615937339,0.00868205306398,-0.999924930124,0.0,0.656592781485,0.254279862767,0.303368355943,1.0,-0.01436,-0.0188731428571,0.719
0.461174687087,0.518841714962,-0.124085378811,-1.40143013709,0.076967909228,1.91089188296,0.15329342355,-0.0121725185629,-0.081662255785,0.00129972767096,-0.127199972801,-0.01175108846,0.0466715550073,-0.0123270267707,0.574076279183,0.818787267109,0.00214098121865,0.0,0.818744329915,-0.574014612835,-0.0120703514669,0.0,-0.00865426220665,0.00868238585458,-0.999924857138,0.0,0.656337528312,0.253961703217,0.30337726095,1.0,-0.0147,-0.01932,0.736
0.461018773578,0.517643902814,-0.124092863507,-1.40329624291,0.0768489986275,1.91156365422,0.153048033781,-0.0140542329198,-0.0755242974081,0.00013245393193,-0.124797679759,-0.00804706818087,0.0445801545902,-0.00914429209993,0.574075080699,0.818788110658,0.00213973524022,0.0,0.818745184274,-0.574013446981,-0.0120678421643,0.0,-0.00865293548041,0.00867991250311,-0.999924890093,0.0,0.656109250828,0.253675656791,0.303388082048,1.0,-0.015,-0.0197142857143,0.751
0.46083596239,0.516287997098,-0.124104595133,-1.40543364376,0.0767116127999,1.91235926035,0.152748203906,-0.00887160798263,-0.0806440101092,-0.00204459668006,-0.126192753415,-0.00568923378073,0.0485820639173,-0.0173478115224,0.574063628837,0.818796128061,0.00214420606799,0.0,0.818753350695,-0.574002068548,-0.0120549960034,0.0,-0.00863997167917,0.00867607769544,-0.999925035473,0.0,0.655853704664,0.253344806795,0.303391215482,1.0,-0.01534,-0.0201611428571,0.768
0.46065467933,0.514920354742,-0.124108203668,-1.40762416124,0.0765749120072,1.91318496639,0.152456063725,-0.00813227123146,-0.0771123195577,3.04142432394e-05,-0.132394387798,-0.00955284308505,0.0511053790439,-0.0182965523511,0.574054245293,0.818802712725,0.00214196092003,0.0,0.818759930941,-0.57399272072,-0.0120531716459,0.0,-0.00863986600864,0.00867309311146,-0.999925062278,0.0,0.655588799633,0.253015739737,0.303379266107,1.0,-0.01568,-0.020608,0.785
0.460471825892,0.513505966474,-0.124109581606,-1.40989748385,0.0764367804793,1.91396804227,0.152143661233,-0.00799903438435,-0.0797973793777,-0.000191760543825,-0.129698847373,-0.0120221131465,0.0522821421121,-0.0163810601587,0.574031117588,0.818819090242,0.00207855654831,0.0,0.818775339603,-0.573969727304,-0.0121013345756,0.0,-0.00871594304163,0.00864857996644,-0.999924614359,0.0,0.655296026054,0.252674748583,0.303356475409,1.0,-0.01602,-0.0210548571429,0.802
0.460270634283,0.512075095981,-0.124109651237,-1.41219068024,0.0762991756523,1.91478726231,0.151820967927,-0.0117047360173,-0.0845114209446,0.00135677361177,-0.133052462569,-0.00877201203341,0.0501363720772,-0.0249461713615,0.574014666017,0.818830712132,0.00204327375236,0.0,0.818786381529,-0.573953314185,-0.0121326608573,0.0,-0.00876202028397,0.00863749629066,-0.999924307465,0.0,0.655009593623,0.252322935414,0.303338415194,1.0,-0.01636,-0.0215017142857,0.819
0.460085895056,0.51071908841,-0.124118480179,-1.41436290737,0.0761631249832,1.91561218466,0.151510827007,-0.0116060252887,-0.0889331177313,-0.000616456013845,-0.137816752075,-0.00829102456421,0.050801154126,-0.0145638897466,0.573991631807,0.818846861056,0.00204246324629,0.0,0.818802563823,-0.573930329818,-0.0121278560405,0.0,-0.00875879387945,0.00863382824955,-0.99992436741,0.0,0.654728998447,0.251971517454,0.303323564616,1.0,-0.0167,-0.0219485714286,0.836
0.459886784957,0.509223443467,-0.124119056839,-1.41671137715,0.076023812852,1.91648291645,0.151176161161,-0.013036228926,-0.0880378676693,0.000356107558189,-0.137575668842,0.000135388671597,0.0523970173856,-0.0237039981681,0.573969546657,0.818862293461,0.00206173684686,0.0,0.818818184274,-0.573908100035,-0.0121252100005,0.0,-0.00874579817684,0.00864785540651,-0.999924359945,0.0,0.6544583266,0.251637677573,0.303330332184,1.0,-0.01702,-0.0223691428571,0.852
0.459675858296,0.507709976279,-0.124122280739,-1.41908570925,0.0758654449598,1.91732400652,0.150846867798,-0.0126133564001,-0.0895314698718,6.40467923934e-05,-0.141132756321,-0.00386104149646,0.043809251796,-0.016630971202,0.57395507236,0.818872497801,0.00203817536226,0.0,0.818828109944,-0.573893759806,-0.012133660728,0.0,-0.00876639372625,0.00863325761769,-0.999924305737,0.0,0.654160582934,0.251267516473,0.303331955673,1.0,-0.01736,-0.022816,0.869
0.459432921158,0.505962914923,-0.124130488358,-1.42181746853,0.0756986121302,1.91833582175,0.150483909775,-0.0135037537743,-0.09169981888,-0.000392844048853,-0.148103062478,-0.0128024228087,0.0531720643898,-0.0194239347358,0.573959012417,0.818869684058,0.00205900390457,0.0,0.818825556948,-0.57389759669,-0.0121244671344,0.0,-0.00874686958363,0.008645078646,-0.999924374584,0.0,0.653826040084,0.250844394627,0.303341195625,1.0,-0.01774,-0.0233154285714,0.888
0.459234178124,0.504519117678,-0.124136856807,-1.42400056248,0.0755585617806,1.91918998327,0.150166166904,-0.0111589287455,-0.101349420112,3.31607123391e-05,-0.150334763364,-0.0053984110543,0.0624868541881,-0.0220510950082,0.573941054432,0.818882034743,0.00215084011659,0.0,0.818839242339,-0.573879379535,-0.0120623318867,0.0,-0.0086434705011,0.00868442697552,-0.999924932755,0.0,0.653569611198,0.250506017887,0.303385209255,1.0,-0.01804,-0.0237097142857,0.903
0.459017235353,0.502952357469,-0.124143271911,-1.42633641582,0.0754112043537,1.9200731155,0.149852325501,-0.0179439905393,-0.101672980042,-0.001775101355,-0.145336207147,-0.0154306575464,0.0529760892632,-0.0192112563569,0.573946527131,0.818877946921,0.00224475876322,0.0,0.818836458195,-0.573884536806,-0.0120058338819,0.0,-0.00854324474118,0.00872896503666,-0.999925406287,0.0,0.653289582346,0.250140113337,0.303444366063,1.0,-0.01836,-0.0241302857143,0.919
0.45878152131,0.501241563485,-0.124149346571,-1.42888704112,0.075244196604,1.92097680439,0.149486755021,-0.012214137189,-0.10215413334,0.00017796383651,-0.150317098972,-0.00672181675358,0.0560937274536,-0.0244804312598,0.573929523665,0.818889723141,0.0022956700834,0.0,0.818848931949,-0.573867361088,-0.0119760354985,0.0,-0.00848980571609,0.00875337587457,-0.999925648041,0.0,0.652970390037,0.249736995557,0.303502987196,1.0,-0.0187,-0.0245771428571,0.936
0.45854298853,0.49952813083,-0.124147696279,-1.43149696682,0.0750727191044,1.9219137074,0.149121563046,-0.0179713935761,-0.0977040467332,0.000322075233393,-0.155934110923,-0.00928007397113,0.0578751422016,-0.0169606838309,0.573911053691,0.818902580839,0.00232646656466,0.0,0.81886220071,-0.573848778533,-0.0119592025458,0.0,-0.00845854468633,0.00876874289088,-0.999925778331,0.0,0.652641652623,0.249331194804,0.303537249031,1.0,-0.01904,-0.025024,0.953
0.458266628786,0.49777457861,-0.124151149418,-1.43429529479,0.0749083821859,1.92295423641,0.148731752843,-0.0140484938671,-0.0980359886494,-0.000431466070209,-0.157325953172,-0.00535520891421,0.0627082437643,-0.0227017395203,0.573918758172,0.818897185946,0.00232481569264,0.0,0.818856677837,-0.573856378379,-0.0119726796243,0.0,-0.00847044642117,0.00877520522655,-0.999925620889,0.0,0.652298134635,0.248884114361,0.303518470493,1.0,-0.0194,-0.0254971428571,0.971
0.458001103255,0.496095006408,-0.124151103034,-1.43697088953,0.0747426416062,1.92389217844,0.148325029133,-0.0155543629208,-0.0967584607774,-0.000501750103348,-0.15950140613,-0.00575934119169,0.0544033507504,-0.0225545373927,0.573893523205,0.81891500678,0.00227653132446,0.0,0.818873730171,-0.573831201134,-0.0120130571657,0.0,-0.00853149234363,0.00875857602854,-0.999925247698,0.0,0.651957088038,0.24845282245,0.30349682988,1.0,-0.01974,-0.025944,0.988
0.457741147723,0.494522909802,-0.12415835935,-1.43954917152,0.0745844508826,1.92478612892,0.147965810803,-0.0162052954512,-0.0959135308303,-0.00119242759595,-0.162846405887,-0.00489516229788,0.0603121003873,-0.0140778628367,0.573904561058,0.818907533266,0.0021802883524,0.0,0.818864854021,-0.573842492301,-0.0120785669787,0.0,-0.00864025373949,0.00871747402191,-0.999924672994,0.0,0.651626614574,0.24802939864,0.303442541404,1.0,-0.0223268571429,-0.0293438693878,1.004
0.457430814512,0.492156495272,-0.124232140997,-1.44308113787,0.0743854952468,1.92608937657,0.147451670669,-0.0166164031322,-0.1654496722,0.000385544200912,-0.239536071546,-0.00865410012842,0.0880875146649,-0.0344216092888,0.573914662659,0.818900143308,0.0022939434576,0.0,0.818859077823,-0.573852249627,-0.0120063802473,0.0,-0.0085158058471,0.00876922292836,-0.999925288099,0.0,0.65119543475,0.247452706137,0.303523705627,1.0,-0.0356257142857,-0.0468223673469,1.021
0.457004874738,0.488809460129,-0.124271801294,-1.44838292693,0.0741076709106,1.92813038267,0.14665419154,-0.0317629011597,-0.22542414163,-0.00101639893415,-0.35216493465,-0.0157739976781,0.130892887586,-0.0553620041175,0.573830373487,0.818958960799,0.00238115330385,0.0,0.818918776855,-0.573767349591,-0.0119921790262,0.0,-0.00845503723858,0.00883161775665,-0.999925254643,0.0,0.65052880586,0.246661204017,0.303506176552,1.0,-0.0489245714286,-0.0643008653061,1.038
0.456351169653,0.484274150397,-0.12436474546,-1.45551917942,0.0736903990413,1.93081466676,0.145564670067,-0.0441891578184,-0.293278251473,-0.00474811781671,-0.453757432124,-0.0239173949111,0.161402888269,-0.068684670276,0.573782143276,0.818992572403,0.00244239796258,0.0,0.818953293237,-0.573718991357,-0.0119486130883,0.0,-0.00838473670642,0.00885628119268,-0.999925628471,0.0,0.649643014336,0.245510421376,0.303495043775,1.0,-0.0622234285714,-0.0817793632653,1.055
0.455362663296,0.477886633872,-0.124544342314,-1.46568567984,0.0730834039572,1.93432415587,0.144044475623,-0.0556659487158,-0.368924315583,-0.00979305833268,-0.567447176495,-0.0382734746731,0.199242636359,-0.0798206391312,0.573809302919,0.818974239339,0.00219683487684,0.0,0.818931638841,-0.573747037188,-0.0120853268382,0.0,-0.00863731014767,0.00873389870913,-0.999924555097,0.0,0.648325827842,0.243784246337,0.303394272853,1.0,-0.0770868571429,-0.101314155102,1.074
0.454533455958,0.47269736806,-0.124665698051,-1.47383734871,0.0725953858456,1.93716796688,0.142869358315,-0.0666870516679,-0.409308081694,-0.0114253836756,-0.652788569833,-0.0362400827683,0.227960983461,-0.0896794696842,0.573875280441,0.818928291592,0.00208869093465,0.0,0.818884136763,-0.573813333463,-0.012156307005,0.0,-0.00875679361529,0.00868676721179,-0.999923926427,0.0,0.647268178716,0.24239396608,0.303355094792,1.0,-0.0872565714286,-0.114680065306,1.087
0.453141244666,0.46393685456,-0.124790938384,-1.48712227331,0.0718127786835,1.94213397333,0.140747695385,-0.0758893335723,-0.475423229319,-0.00479063300055,-0.731565673941,-0.0417710441246,0.270145756819,-0.127529806792,0.57379014938,0.818986876412,0.00247136395384,0.0,0.818947678008,-0.57372656696,-0.0119697097123,0.0,-0.00838530945512,0.00889219049762,-0.999925304977,0.0,0.645587049055,0.240175164926,0.303512434351,1.0,-0.10212,-0.134214857143,1.106
0.451796380386,0.456219685867,-0.124863168148,-1.49926056191,0.0710370940614,1.9463073296,0.138912207036,-0.093409132857,-0.529817776807,-0.00564313305581,-0.865919383278,-0.0556674207689,0.283038476162,-0.128505797442,0.573794476312,0.818984467025,0.00225579837992,0.0,0.818941960612,-0.573731273438,-0.0121341637547,0.0,-0.00864363597509,0.00881005370594,-0.999923832355,0.0,0.643954222871,0.238093165696,0.303411025348,1.0,-0.113854285714,-0.149637061224,1.121
0.450071425931,0.446276923932,-0.125039992661,-1.51420773249,0.0699932972004,1.95165701111,0.136561820919,-0.106901538776,-0.602011821074,-0.00655302457567,-0.901789671228,-0.0592398693122,0.3227744063,-0.139106953582,0.573805646262,0.818975994323,0.00247950424396,0.0,0.818937418328,-0.573742578248,-0.0119040190057,0.0,-0.00832666895814,0.0088613227309,-0.999926069039,0.0,0.642001419109,0.235444672367,0.303586923171,1.0,-0.127153142857,-0.167115559184,1.138
0.44775425877,0.433447625229,-0.125193851031,-1.53376847128,0.0687236815827,1.95840606211,0.133419643487,-0.125541852309,-0.676757721583,-0.00384953884785,-1.00172447574,-0.0691249783301,0.361339342165,-0.171064062981,0.57376152241,0.819006877247,0.00248944251886,0.0,0.818967941859,-0.573697900846,-0.0119572435642,0.0,-0.00836503781759,0.00889955123124,-0.999925409283,0.0,0.639322196315,0.23199378141,0.30363372335,1.0,-0.142798857143,-0.187678497959,1.158
0.44605489042,0.424381541619,-0.125295399427,-1.54740814806,0.0677800205458,1.96318647313,0.131167257589,-0.135521080325,-0.706509042092,-0.00578034890233,-1.05779591662,-0.0811411859612,0.36684150882,-0.178207021245,0.573709877722,0.819042603097,0.00263389767234,0.0,0.819005779228,-0.573645952022,-0.0118575807379,0.0,-0.00820109695276,0.00896016112164,-0.999926226039,0.0,0.637452517415,0.229542820435,0.303730128512,1.0,-0.152968571429,-0.201044408163,1.171
0.443577223847,0.411678361502,-0.125454025348,-1.56631967169,0.0664058339381,1.96988063396,0.127994155372,-0.147390732239,-0.778152360858,-0.00476587267921,-1.13419286461,-0.0877118752464,0.407603445607,-0.190263160215,0.573665609108,0.819072467824,0.00296787470476,0.0,0.819040950746,-0.573601612746,-0.01156969133,0.0,-0.00777418758971,0.00906811953328,-0.999928663063,0.0,0.634856155783,0.226064626131,0.303925917314,1.0,-0.166267428571,-0.218522906122,1.188
0.440429642474,0.396535638646,-0.125643630033,-1.58901094302,0.0649053916855,1.97761110762,0.124165688359,-0.177547950397,-0.813474613058,-0.00830815606477,-1.21482535677,-0.081783834792,0.417999142394,-0.205819084635,0.573748329737,0.819013900815,0.00313549004749,0.0,0.818983820777,-0.573682914179,-0.0115828401412,0.0,-0.00768787803423,0.00921372819656,-0.99992799928,0.0,0.631623774157,0.221804462415,0.304016131395,1.0,-0.181130857143,-0.238057697959,1.207
0.437497080358,0.383062937484,-0.125772663061,-1.60929336539,0.0633817239687,1.98437196672,0.120598540192,-0.19116604137,-0.882175103288,-0.00589489690521,-1.27413957983,-0.102434789263,0.41358451298,-0.231886006364,0.573676363092,0.819064708504,0.00302995284514,0.0,0.819033412421,-0.57361147939,-0.0116140841342,0.0,-0.0077748203913,0.00914453422559,-0.999927962236,0.0,0.628649605481,0.217929378801,0.303992964419,1.0,-0.193647428571,-0.25450804898,1.223
0.433846270936,0.366990013581,-0.12594727877,-1.63326601071,0.0615708949912,1.99232713119,0.116331091348,-0.214947912884,-0.887074402579,-0.00637877334925,-1.35071252882,-0.105846250325,0.433100381677,-0.235135124408,0.573671110774,0.819068466273,0.00300850832531,0.0,0.819037043683,-0.573606475987,-0.0116051144802,0.0,-0.00777983324569,0.00912177430161,-0.999928131132,0.0,0.625078627985,0.21324749945,0.304002595801,1.0,-0.207728571429,-0.273014693878,1.241
0.429970586379,0.351003953655,-0.126162235524,-1.65698409767,0.0597291356871,2.00010868611,0.111969198712,-0.241285542712,-0.941881158913,-0.0106767859782,-1.42695960344,-0.110096576914,0.460820830352,-0.27180127188,0.573736524182,0.819022793087,0.00296852213067,0.0,0.818991185947,-0.573672401694,-0.0115827361577,0.0,-0.00778371555992,0.0090768070006,-0.999928510118,0.0,0.621491559992,0.208448261561,0.303995850763,1.0,-0.221027428571,-0.290493191837,1.258
0.426253001625,0.336197935004,-0.126350310933,-1.6785672043,0.0581024172709,2.00711224299,0.107843131819,-0.256103752,-0.996069156544,-0.0107106345312,-1.47217683657,-0.12204846485,0.467047634702,-0.281525551504,0.573794738786,0.818981381345,0.00313714085469,0.0,0.818951679711,-0.573729740283,-0.0115359574499,0.0,-0.00764801060755,0.00918861537336,-0.999928536087,0.0,0.618162689397,0.204005698112,0.304093867128,1.0,-0.232761714286,-0.305915395918,1.273
0.422048058015,0.31985348862,-0.126473763338,-1.70241045747,0.0561770078763,2.01469249695,0.10317802078,-0.26882283182,-1.02842291683,-0.000724929911916,-1.51219082746,-0.116399272823,0.44967393102,-0.28862610687,0.573696337476,0.819050278932,0.00314640264629,0.0,0.819020613125,-0.573631221807,-0.011541384051,0.0,-0.00764824628437,0.00919839548157,-0.999928444365,0.0,0.614360235033,0.199098570902,0.30411276992,1.0,-0.245278285714,-0.322365746939,1.289
0.417201886572,0.301784604061,-0.126645628021,-1.72853375701,0.053990976583,2.02289610011,0.0978483542909,-0.299787150795,-1.07034779256,-0.00257408239055,-1.56676541386,-0.129869246819,0.466099320705,-0.312398621595,0.573550461523,0.819152287891,0.00318500078914,0.0,0.8191233672,-0.573485542162,-0.0114886526825,0.0,-0.00758455025139,0.00919840771711,-0.999928929421,0.0,0.610112746398,0.193590054026,0.304148291855,1.0,-0.258577142857,-0.339844244898,1.306
0.411869203372,0.283026344059,-0.126853972738,-1.75536167659,0.0517570076888,2.03111532016,0.0922780532222,-0.313753505495,-1.10805581906,-0.00865926803101,-1.59866800578,-0.135183702358,0.473362182349,-0.335858066532,0.573567912271,0.819139676119,0.00328449714418,0.0,0.819111926325,-0.573502549229,-0.0114553516648,0.0,-0.00750000996583,0.00926097122387,-0.99992898961,0.0,0.605923760808,0.188094986682,0.304221025453,1.0,-0.271093714286,-0.356294595918,1.322
0.406416973062,0.264723449246,-0.127077612646,-1.78127129206,0.0495231802729,2.03891769125,0.0865888935979,-0.35096359097,-1.15220352053,-0.0122557179134,-1.59692749358,-0.143799601676,0.479476360219,-0.358771577615,0.573531398016,0.819164937982,0.00335957920332,0.0,0.819137985561,-0.573465603039,-0.0114415752275,0.0,-0.00744607750794,0.00931424090469,-0.999928897895,0.0,0.601255433048,0.181964565333,0.304276327563,1.0,-0.284392571429,-0.373773093878,1.339
0.399704848839,0.24359590651,-0.127397750728,-1.81110406888,0.0468341721883,2.04769205284,0.0799344712456,-0.386570169629,-1.18767247558,-0.0180667283552,-1.67694221371,-0.152216933179,0.471282200032,-0.372139899112,0.57367890145,0.819061846096,0.00331016634223,0.0,0.819034488614,-0.573613522821,-0.0114358995828,0.0,-0.00746809663134,0.00927185321897,-0.999929127624,0.0,0.596081544388,0.175063885318,0.304261393465,1.0,-0.298473714286,-0.392279738775,1.357
0.393406981042,0.224164371533,-0.127578760641,-1.83814098727,0.0444322631345,2.05545766966,0.0735272380262,-0.394038353272,-1.23414095669,-0.0109166765876,-1.69023556436,-0.147513223989,0.472677915223,-0.395700984651,0.573537245815,0.819160575322,0.00342438360556,0.0,0.819133975131,-0.573470648965,-0.0114757336556,0.0,-0.00743682827699,0.00938697035802,-0.999928286615,0.0,0.591227678565,0.168831302892,0.304298101232,1.0,-0.310990285714,-0.408730089796,1.373
0.386567731036,0.204229688925,-0.12782958719,-1.86567267647,0.0417657599022,2.06309868572,0.0667632908316,-0.44783535981,-1.25261208926,-0.013041301013,-1.73390403541,-0.177063228858,0.459955454303,-0.436820272453,0.573454805573,0.819218812064,0.00329709358843,0.0,0.819190723504,-0.573388800427,-0.0115147284552,0.0,-0.00754271084928,0.00930430398635,-0.999928266147,0.0,0.585844031826,0.161807131684,0.304270666695,1.0,-0.324289142857,-0.426208587755,1.39
0.378654027966,0.182433497993,-0.128173161604,-1.89540644096,0.0388948867679,2.07101458171,0.0591072356222,-0.486632249104,-1.2907446831,-0.0256271421793,-1.74644281035,-0.174128856203,0.446172944386,-0.463840177114,0.573469797894,0.81920839874,0.00327677260019,0.0,0.819179578538,-0.573403277976,-0.0115864496165,0.0,-0.00761295126017,0.00932892372816,-0.99992750445,0.0,0.580581922858,0.154879993537,0.304297589113,1.0,-0.336805714286,-0.442658938775,1.406
