position_joint1,position_joint2,position_joint3,position_joint4,position_joint5,position_joint6,position_joint7,velocity_joint1,velocity_joint2,velocity_joint3,velocity_joint4,velocity_joint5,velocity_joint6,velocity_joint7,ee_T_00,ee_T_10,ee_T_20,ee_T_30,ee_T_01,ee_T_11,ee_T_21,ee_T_31,ee_T_02,ee_T_12,ee_T_22,ee_T_32,ee_T_03,ee_T_13,ee_T_23,ee_T_33,v_x,v_y,time
0.465057791482,0.547789835846,-0.123983153996,-1.35585046502,0.0796093115757,1.89410431035,0.159163277893,-0.0011143263326,0.000135246961728,0.00140586295487,-0.000827394961845,0.000312479325643,0.000219947817607,0.00143414691544,0.573848326542,0.818947432612,0.00198686787821,0.0,0.818903720558,-0.57378857139,-0.0120049448299,0.0,-0.0086915440049,0.00851623496253,-0.999925962662,0.0,0.661670370837,0.260898846557,0.303200292355,1.0,0.0,0.0,0.0
0.465060575218,0.547789835846,-0.123983203506,-1.3558500963,0.0796117928276,1.89410429727,0.159160808359,-0.000172986218492,-0.0003094943312,0.000969804994408,-0.00529140919683,2.5796442465e-06,0.000106694724771,0.00116147810606,0.57384469639,0.818949972223,0.00198854759767,0.0,0.818906259609,-0.573784912523,-0.0120066246383,0.0,-0.00869199365245,0.00851853595371,-0.999925939153,0.0,0.661669598653,0.260901104959,0.303200472981,1.0,-0.00014,-0.000184,0.008
0.465060566145,0.547780850821,-0.123988144738,-1.3558479527,0.0796111815025,1.89410602061,0.159161267927,-0.000788744791469,-0.00278271332089,-0.000432048797004,0.000750148052442,-0.000203209866164,-0.000217815875742,0.00114214863248,0.57384824944,0.818947459427,0.00199805285341,0.0,0.818903908114,-0.573788461356,-0.0119974076874,0.0,-0.00867895396961,0.00852106874648,-0.999926030837,0.0,0.661671845258,0.260898632603,0.303208170329,1.0,-0.0004,-0.000525714285714,0.021
0.4650569512,0.547772707388,-0.123987489838,-1.35586607474,0.0796111824758,1.89410465958,0.159165941672,0.000657430274531,-0.001910387805,-0.000114457532702,-0.000576464546893,-0.00017235856427,0.00148639109566,0.00112718903149,0.573855545444,0.818942368261,0.00198930399739,0.0,0.81889867814,-0.573795769379,-0.0120048692324,0.0,-0.00869000913171,0.00851826319817,-0.999925958726,0.0,0.661668425588,0.260894480929,0.303205174281,1.0,-0.00082,-0.00107771428571,0.042
0.465050983244,0.547727913129,-0.123983123988,-1.35590880813,0.0796081112506,1.89411011167,0.159162027579,-0.00101612081531,-0.00265900035394,0.000632458796195,-0.00160765389945,-0.000220403623569,-6.87103127178e-05,0.000752991714174,0.573855655465,0.81894227147,0.00199739618574,0.0,0.818898656623,-0.573795815282,-0.0120041429196,0.0,-0.00868476970551,0.00852447447921,-0.999925951313,0.0,0.661661628977,0.260888448976,0.303216891198,1.0,-0.00108,-0.00141942857143,0.055
0.465050166466,0.547583312558,-0.123986337947,-1.35610849562,0.0796058383318,1.89414488927,0.159154128654,-0.00436919627098,-0.00607630362588,0.00161427353743,-0.00646698482378,0.000435098845717,0.00164258107393,0.00122630131694,0.573868473769,0.81893328646,0.00199851019529,0.0,0.818889493772,-0.573808438443,-0.0120257998846,0.0,-0.00870173334274,0.00853795080974,-0.999925688855,0.0,0.661626317241,0.260865991113,0.303234900569,1.0,-0.0015,-0.00197142857143,0.076
0.465032187671,0.547450788388,-0.123987735278,-1.356278103,0.0796044972415,1.89418085979,0.159149275127,-0.0028132435637,-0.0156259588594,-5.77822554334e-05,-0.0125239870032,-0.00337372762732,0.00464483313174,-0.00499794340642,0.573883033801,0.818923100123,0.00199160784476,0.0,0.818879173994,-0.573822983689,-0.0120344792486,0.0,-0.00871265044434,0.00853743402031,-0.999925598203,0.0,0.661604554667,0.260837363133,0.303243723961,1.0,-0.00176,-0.00231314285714,0.089
0.465011544564,0.547242399204,-0.123985801846,-1.356525161,0.0796054499918,1.89433266897,0.159145118464,-0.00075645040534,-0.0102882780019,0.00275718513078,-0.0107687934522,0.00080085550092,0.00967554915509,0.00114092230209,0.573909614457,0.818904212662,0.0020956667301,0.0,0.818861586679,-0.57384906362,-0.0119875328761,0.0,-0.00861421063119,0.00859598685436,-0.999925949451,0.0,0.661588584311,0.260808718851,0.303286866009,1.0,-0.00216,-0.00283885714286,0.109
0.464997347728,0.547081742368,-0.123983185384,-1.35672846753,0.0796014901983,1.89443679776,0.159128503464,-0.00131677648521,-0.00921407826825,0.000157360366132,-0.0126461353315,-0.000272333337049,0.00831997792159,0.000297159707499,0.573916291275,0.818899385361,0.00215271119901,0.0,0.818857461666,-0.573855461307,-0.0119630223255,0.0,-0.00856133138341,0.00862870316289,-0.999926121814,0.0,0.661570297866,0.260785256843,0.303312843056,1.0,-0.00244,-0.00320685714286,0.123
0.464957323286,0.546832656226,-0.123985959649,-1.35708004916,0.0795944864493,1.89458452129,0.159114072117,-0.00148446005465,-0.0147541792808,0.00162864208692,-0.0189460479791,-5.32710323192e-05,0.00934596500773,0.00075519655174,0.573957101383,0.818870662783,0.00219779598885,0.0,0.818829244748,-0.573895998441,-0.0119498042151,0.0,-0.00852420189165,0.00865846132127,-0.99992618179,0.0,0.661537158381,0.260727611712,0.303334828734,1.0,-0.00282,-0.00370628571429,0.142
0.46493037869,0.546614412627,-0.123986047134,-1.35740484965,0.0795895321045,1.89470236032,0.159052994379,-9.63649238884e-05,-0.0176490558629,-6.351102266e-05,-0.0198288908683,-0.000253845562449,0.00834081990291,-0.00747400972351,0.573946053101,0.8188783577,0.00221592443313,0.0,0.818837040266,-0.573884739567,-0.0119563406724,0.0,-0.00851926741999,0.00867694260076,-0.999926063642,0.0,0.661499221539,0.260681246551,0.303345024342,1.0,-0.0031,-0.00407428571429,0.156
0.464883412046,0.546289979843,-0.123986055939,-1.35790041322,0.0795795974774,1.89487897317,0.158942414509,-0.00376230269109,-0.0149493332022,0.000781286171141,-0.0292527099779,0.000136568260845,0.00838912789968,-8.96546316629e-05,0.57391901854,0.818897260587,0.00223241190356,0.0,0.818855964302,-0.573857443473,-0.0119704301992,0.0,-0.00852163037823,0.0086982488217,-0.999925858393,0.0,0.66144207374,0.260605989772,0.303354219375,1.0,-0.00348,-0.00457371428571,0.175
0.464852126141,0.546032201651,-0.123993467838,-1.35832051282,0.0795650200876,1.89502112787,0.158917934167,-0.00520721913485,-0.0211535452596,0.000769348986287,-0.0284297754242,0.000426127886625,0.00379879589238,-0.00147765071088,0.573947045982,0.8188776534,0.00221902517821,0.0,0.818836057042,-0.573885394426,-0.0119921914065,0.0,-0.00854683597154,0.0087000681633,-0.999925627439,0.0,0.661386303606,0.260542790876,0.30334605476,1.0,-0.00378,-0.004968,0.19
0.464781352429,0.545616385444,-0.123986737762,-1.35902833992,0.079531676137,1.89526917467,0.158811579521,-0.00595598602332,-0.0215290336095,-0.000319782217064,-0.0344266905079,-0.000782691512371,0.0111890910976,-0.00688722865396,0.573946219017,0.818878317099,0.00218777576153,0.0,0.818836204563,-0.5738845872,-0.0120207143194,0.0,-0.00858813687064,0.00869084086011,-0.999925353809,0.0,0.661308081071,0.260431764432,0.30332811792,1.0,-0.00418,-0.00549371428571,0.21
0.464736495149,0.545318644668,-0.123986737763,-1.35953510345,0.0794780095561,1.89543528887,0.158750248029,-0.00578474393965,-0.0232721780349,0.000102347204455,-0.038253840845,-0.00580869248257,0.0193543452325,-0.00436411261545,0.573946693452,0.818878115159,0.00213833828394,0.0,0.81883552429,-0.573885436992,-0.0120264820376,0.0,-0.00862122772781,0.00865367355924,-0.9999253914,0.0,0.661247309203,0.26034843338,0.303312023316,1.0,-0.00444,-0.00583542857143,0.223
0.464654504682,0.544792460399,-0.123981763749,-1.36040148726,0.0794286392799,1.89572713146,0.158671823289,-0.00496711728671,-0.0256555360981,-0.00101031599069,-0.0421922219748,-3.81241182735e-05,0.0195055444495,-0.00508956302083,0.573981249429,0.8188539943,0.00209957707085,0.0,0.818810793942,-0.573920049309,-0.0120585084824,0.0,-0.00866933537169,0.0086406804932,-0.999925087826,0.0,0.661143191799,0.260212975444,0.303297200907,1.0,-0.00486,-0.00638742857143,0.244
0.46460761992,0.544471571448,-0.123989243433,-1.36095748581,0.079410821434,1.89592038457,0.158571522652,-0.00621868971599,-0.0303158201035,-0.00029276747559,-0.0421933761249,-0.000434421627975,0.0153956283687,-0.013524824127,0.573969020553,0.818862640381,0.00207039492588,0.0,0.818818920062,-0.573907809328,-0.0120892283766,0.0,-0.00871136937312,0.00863428734465,-0.999924777734,0.0,0.661077230487,0.260126085285,0.303276674941,1.0,-0.00512,-0.00672914285714,0.257
0.464523136217,0.543888576037,-0.123987413089,-1.36189517604,0.0793719793974,1.89626807218,0.158480914014,-0.00169457905133,-0.0331095453147,0.00125466430497,-0.0479016694282,-0.000216029961723,0.0170416667892,-0.00449844208833,0.57400472711,0.818837603737,0.00207337010845,0.0,0.818793744397,-0.573943322112,-0.012108428489,0.0,-0.00872500762434,0.00864812416834,-0.999924539248,0.0,0.660969905867,0.259984951886,0.303272987835,1.0,-0.00552,-0.00725485714286,0.277
0.464461016234,0.543499205903,-0.123992074736,-1.36253514231,0.0793371444078,1.89648472906,0.158379311365,-0.00427034234877,-0.0322211549023,-8.12906538692e-05,-0.0460977150891,-0.00132854026032,0.017535397641,-0.0176028252668,0.574001947335,0.818839622113,0.00204563322118,0.0,0.818795347099,-0.57394061118,-0.01212853282,0.0,-0.00875741985735,0.00863692270789,-0.999924352721,0.0,0.660895202125,0.259879399324,0.303262789252,1.0,-0.00578,-0.00759657142857,0.29
0.464364267848,0.542820085477,-0.12399883652,-1.36363518958,0.0792736880717,1.89686973316,0.158254482843,-0.00270853953365,-0.0278058312515,0.000936974036379,-0.0515220265876,-0.0082881264416,0.0170341831953,-0.0022929869351,0.574027921571,0.818821490785,0.00201454366922,0.0,0.818776769795,-0.573966680152,-0.0121490008133,0.0,-0.00879175128407,0.00862349327307,-0.999924167361,0.0,0.660766702609,0.259705734171,0.30325317533,1.0,-0.0062,-0.00814857142857,0.311
0.464305409672,0.542358348437,-0.124001949842,-1.36433734214,0.0792385286604,1.89712323748,0.158152183029,-0.00699969916999,-0.0396271668139,-0.000805262320292,-0.0532574487343,-0.00590067878764,0.0182213634328,-0.0106044857603,0.574024154046,0.818824095333,0.00202937792601,0.0,0.818779504592,-0.57396278495,-0.0121487140651,0.0,-0.00878304149843,0.00863543462571,-0.999924140848,0.0,0.660685545222,0.259599268236,0.303267608995,1.0,-0.00646,-0.00849028571429,0.324
0.464200083532,0.54162820606,-0.124003081017,-1.36546143083,0.0791745924808,1.8975389814,0.157995458591,-0.00532214087571,-0.038095699481,0.000105699544108,-0.0583910350928,-0.00441276300876,0.0122192271528,-0.0112209699963,0.574028254512,0.818821169828,0.00204982054506,0.0,0.818776809124,-0.573966758072,-0.0121426673962,0.0,-0.00876631304802,0.00864874621089,-0.999924172597,0.0,0.660559598486,0.259423049067,0.303284931105,1.0,-0.00686,-0.009016,0.344
0.46412757531,0.541098523687,-0.124007967236,-1.36629962121,0.0791265202992,1.8978612438,0.157898304994,-0.00567611980281,-0.0396145579347,-0.000235811127636,-0.0625676113522,-0.00068900145138,0.0318782523995,-0.0100163156291,0.574045298574,0.818809193995,0.0020605619176,0.0,0.818764986788,-0.573983765664,-0.0121358998385,0.0,-0.00875442582614,0.00865383881071,-0.999924232681,0.0,0.660466978846,0.259293866624,0.303288538097,1.0,-0.00714,-0.009384,0.358
0.464005878731,0.540214569399,-0.124010923957,-1.36762998947,0.0790446346851,1.89833818533,0.157722904334,-0.00458421349108,-0.0415938872793,-0.00117237638904,-0.0621143722518,-0.00133722064295,0.0243784493817,-0.00419200986866,0.574055119592,0.818802244088,0.00208606028726,0.0,0.818758373163,-0.573993476899,-0.0121227783179,0.0,-0.00872894115315,0.00866728915637,-0.99992433898,0.0,0.660314893545,0.259084588207,0.303321518137,1.0,-0.00756,-0.009936,0.379
0.463929946721,0.539647006053,-0.124013984825,-1.36850981259,0.078995541665,1.89868556442,0.157618536937,-0.0112296746872,-0.0417938673429,0.000685603831375,-0.0717691703971,-0.00477696799115,0.0301627308375,-0.015584071385,0.574069734391,0.818791920244,0.00211619951416,0.0,0.818748450605,-0.574007966398,-0.0121068593603,0.0,-0.00869845071627,0.00868298378502,-0.999924468521,0.0,0.660218864087,0.258951314188,0.303334026127,1.0,-0.00782,-0.0102777142857,0.392
0.463808448549,0.538715667384,-0.124019550397,-1.36994696351,0.0789100935885,1.89923410296,0.157442561258,-0.00601429086443,-0.0443094571725,-0.000260693735302,-0.0704361130396,-0.00845188231227,0.0290402570773,-0.00908716908144,0.574085761211,0.818780592832,0.0021509248536,0.0,0.818737610097,-0.57402387509,-0.0120856750034,0.0,-0.00866100067568,0.0086994244991,-0.999924650702,0.0,0.660057818518,0.258732902112,0.303355671055,1.0,-0.00824,-0.0108297142857,0.413
0.46373637546,0.538196601625,-0.124023665125,-1.37073168333,0.0788662761457,1.89953076061,0.157349498573,-0.00847704098532,-0.0474626278449,0.000121603277027,-0.0655467683244,-0.00782634984475,0.0310059052106,-0.00795831075789,0.574103099926,0.818768363682,0.00217811617827,0.0,0.818725732946,-0.574041092465,-0.012072500782,0.0,-0.00863441975968,0.00871430766473,-0.999924750987,0.0,0.659971009964,0.258609647983,0.3033746349,1.0,-0.00846,-0.0111188571429,0.424
0.463620608768,0.537217979166,-0.124027145102,-1.3722883688,0.0787697055092,1.90011643154,0.157158344326,-0.00893562667235,-0.0456089873147,-0.00122973002672,-0.0736182785454,-0.00118475247066,0.0310310787542,-0.0111765814649,0.574103927674,0.81876777625,0.00218075797693,0.0,0.81872521552,-0.574041944739,-0.0120670647953,0.0,-0.00862844338248,0.00871335859827,-0.999924810847,0.0,0.659788997069,0.258383405121,0.303375616498,1.0,-0.00888,-0.0116708571429,0.445
0.463526276997,0.536570769833,-0.124030814947,-1.37328516114,0.0787191710921,1.90050061412,0.157033050249,-0.00839461517692,-0.0422175746944,-0.00235411676945,-0.0789134460599,-0.00331739064867,0.0328040656235,-0.0110047209415,0.574122626761,0.818754575576,0.00221389155371,0.0,0.818712396689,-0.574060449953,-0.0120564591627,0.0,-0.00860053911029,0.00873459463192,-0.999924865969,0.0,0.659679524468,0.258227094502,0.303391508735,1.0,-0.00914,-0.0120125714286,0.458
0.463388020002,0.535491235939,-0.124033217706,-1.37498271852,0.0786210981942,1.90111317612,0.15682064473,-0.00981404691272,-0.0507244440455,-0.000246825758892,-0.0817301529928,-0.00267063951553,0.0296528877561,-0.014200231927,0.574130586366,0.818749002073,0.002210950843,0.0,0.818706713478,-0.574068348544,-0.0120662922247,0.0,-0.00861019359144,0.00873791596051,-0.999924753865,0.0,0.659477761521,0.25797286332,0.303398592406,1.0,-0.00956,-0.0125645714286,0.479
0.463291851722,0.534809255181,-0.124031477394,-1.37608337053,0.0785635514144,1.90150952043,0.156695171382,-0.0120111394864,-0.0448592031509,0.00167711128105,-0.080525553168,-0.00506412297689,0.0301831686625,-0.00938038051679,0.574150350456,0.818735181222,0.00219658851822,0.0,0.818692582494,-0.574088046838,-0.0120878761167,0.0,-0.00863590049872,0.00873875728349,-0.999924524824,0.0,0.659346629808,0.257806333866,0.303390214853,1.0,-0.00982,-0.0129062857143,0.492
0.463146979335,0.533752399056,-0.124038659663,-1.37783183552,0.0784692897941,1.90213719262,0.156472784257,-0.007079421815,-0.0539281867488,-0.000277542025646,-0.0877173709132,3.39868418689e-05,0.0381103663239,-0.00710245204166,0.574162500212,0.818726797133,0.00214520607084,0.0,0.818683391503,-0.574100279477,-0.0121293232276,0.0,-0.00869920603937,0.00872061503063,-0.999924134466,0.0,0.659137184566,0.257540303652,0.303358155221,1.0,-0.01022,-0.013432,0.512
0.463047943765,0.533033383474,-0.12403788783,-1.37895276424,0.0784050551057,1.90257308158,0.156330465176,-0.00997395373483,-0.0557042229327,-0.00232620864263,-0.0914486238479,-0.0102469680198,0.0392526765687,-0.0131380278146,0.574163138841,0.818726286747,0.00216893678564,0.0,0.818683144582,-0.574100768388,-0.0121228467754,0.0,-0.00868027217212,0.00873633194576,-0.999924161814,0.0,0.658997659425,0.25736079325,0.30336300202,1.0,-0.0105,-0.0138,0.526
0.462882486513,0.531830938634,-0.124039627019,-1.38089421667,0.0782956464113,1.90329719715,0.156086482228,-0.0112397454242,-0.0606676924588,3.40611438115e-06,-0.0975280759114,-0.00827371288947,0.0384146447595,-0.0181793422279,0.574184492674,0.818711323335,0.00216432833693,0.0,0.818668066463,-0.574122084595,-0.012131604791,0.0,-0.00868986082284,0.00873781406704,-0.999924065579,0.0,0.658783634674,0.257077737821,0.30335587539,1.0,-0.0109,-0.0143257142857,0.546
0.462783733843,0.531077551885,-0.124039923873,-1.38212780348,0.078227868599,1.90373189771,0.155933789821,-0.00584830354702,-0.0572423734512,-0.00130930076718,-0.0954509034379,-0.00404915436035,0.0313769091931,-0.0120363880968,0.574189512803,0.818707895734,0.00212879087475,0.0,0.818664052819,-0.574127137389,-0.0121632905333,0.0,-0.00873615358472,0.00872696645166,-0.999923756932,0.0,0.65863155739,0.256894501267,0.303337383075,1.0,-0.01116,-0.0146674285714,0.559
0.462608404275,0.529800581425,-0.124039665451,-1.38417332093,0.0780994456046,1.90446530207,0.155662802971,-0.00757315987451,-0.0589885382583,-0.00024403014917,-0.103136956389,-0.00243238576766,0.0303298006163,-0.0160526062149,0.574187645196,0.818709290165,0.00209599714165,0.0,0.818664985405,-0.574125381887,-0.0121833676104,0.0,-0.00877143996618,0.00871162635398,-0.999923581784,0.0,0.658385737172,0.25658214327,0.303326985923,1.0,-0.01158,-0.0152194285714,0.58
0.462510509418,0.529052109613,-0.124037868178,-1.38534191008,0.0780233907958,1.90490282247,0.15549671439,-0.00691737849235,-0.0614095985379,0.00183560142846,-0.0963380159198,-0.0089737446835,0.0414970289477,-0.0221650231611,0.57417354627,0.818719147283,0.0021079696609,0.0,0.818675031304,-0.574111263829,-0.0121736093491,0.0,-0.00875672653365,0.00871567438275,-0.999923675468,0.0,0.658248369467,0.256407237147,0.303335764042,1.0,-0.01182,-0.0155348571429,0.592
0.462333830985,0.527695808786,-0.12404915956,-1.38745954531,0.0778937426038,1.90571648001,0.155210235149,-0.00848231681801,-0.0684763308594,-0.000394784156757,-0.101952981376,-0.00877161061067,0.0366160118755,-0.00916919464179,0.57417167975,0.818720353984,0.00214733453496,0.0,0.818676843371,-0.574109315443,-0.0121435970899,0.0,-0.00870957303445,0.00873065069013,-0.999923956647,0.0,0.658005677814,0.256085044542,0.303353625684,1.0,-0.01224,-0.0160868571429,0.613
0.462219220676,0.526788842855,-0.124048895295,-1.38881277509,0.07780412402,1.90622815861,0.15502681536,-0.0115508003437,-0.0666864671687,0.000745631905623,-0.102303278236,-0.00758027790335,0.03658853961,-0.0153733633412,0.574164148706,0.818725497617,0.00219927127999,0.0,0.818682746778,-0.574101642462,-0.0121083092338,0.0,-0.00865094280613,0.00875283103503,-0.999924271701,0.0,0.657848699025,0.255881294276,0.303392142886,1.0,-0.0125,-0.0164285714286,0.626
0.462031396433,0.525346169644,-0.124058176098,-1.39107902059,0.0776666662908,1.90705624665,0.154710584616,-0.0150037551329,-0.070443214465,-0.000889850258442,-0.10628621671,-0.00437497480814,0.0441659344541,-0.0157659140511,0.574150742636,0.81873489495,0.00220077769683,0.0,0.818692159169,-0.57408822699,-0.0121079745684,0.0,-0.00864994725861,0.00875373057115,-0.999924272439,0.0,0.657577782715,0.255536250975,0.303400516967,1.0,-0.01292,-0.0169805714286,0.647
0.461915625518,0.524451598763,-0.124055903913,-1.39251540766,0.0775791373481,1.90756412916,0.154525956094,-0.0102639272557,-0.0739927859196,-0.000602810232531,-0.113641849669,-0.00459082585826,0.0401431881069,-0.0131703990882,0.574146348853,0.818738052527,0.00217217507109,0.0,0.818694869803,-0.574083883142,-0.0121306296898,0.0,-0.00868496464094,0.0087432736678,-0.999924060394,0.0,0.657399019322,0.255323021137,0.3033899234,1.0,-0.01318,-0.0173222857143,0.66
0.461730261464,0.523050761844,-0.124059554508,-1.39477807498,0.0774440671384,1.90841267462,0.154218757407,-0.011544781556,-0.0683985003223,0.000363221813446,-0.122016860165,-0.00805792913425,0.0511107480454,-0.0190325117556,0.574134432642,0.818746443482,0.00215903715096,0.0,0.818703057115,-0.574071993388,-0.0121407404717,0.0,-0.0087009128409,0.00873819569581,-0.999923966135,0.0,0.657128430903,0.254984592597,0.303371475187,1.0,-0.01358,-0.017848,0.68
0.461597503839,0.522098801106,-0.124059636406,-1.3962561043,0.0773513194215,1.9089952899,0.154022522504,-0.0145892946434,-0.0743237333065,-0.000115341204213,-0.11659650451,-0.0145697950836,0.0401540722841,-0.0177023333544,0.57413688517,0.818744604482,0.00220377419251,0.0,0.818701870527,-0.57407432069,-0.01211067388,0.0,-0.00865058527395,0.00875758724309,-0.99992423315,0.0,0.656960536151,0.254758885793,0.303387457525,1.0,-0.01384,-0.0181897142857,0.693
0.46139576081,0.520556474004,-0.1240704082,-1.39874441821,0.07719252697,1.90992302018,0.153678377768,-0.00584436755456,-0.0774615607451,-0.000338929163246,-0.124199984653,-0.00830633662019,0.0357882242354,-0.0160831487808,0.574118116575,0.818757830634,0.00217942582591,0.0,0.81871485649,-0.574055737898,-0.0121136473042,0.0,-0.00866719855757,0.00873916093335,-0.999924250499,0.0,0.656661818131,0.254382275867,0.303367316398,1.0,-0.01426,-0.0187417142857,0.714
0.461266523161,0.519537589578,-0.124065948132,-1.40031935947,0.0770966389956,1.91049049634,0.153472402079,-0.0102599341195,-0.082843066179,0.00045800912641,-0.122187685599,-0.00325609491868,0.045517737559,-0.0121415677304,0.574110022128,0.818763476254,0.00219074114779,0.0,0.818720585638,-0.574047530895,-0.0121153550017,0.0,-0.00866218740444,0.00874932005511,-0.999924205082,0.0,0.656466964537,0.254149483572,0.303382153909,1.0,-0.01452,-0.0190834285714,0.727
0.461057770141,0.517952256624,-0.124072702711,-1.40277803808,0.0769452300765,1.91137628321,0.153137010547,-0.0126354913262,-0.0819502557093,0.000109328521015,-0.120439806029,-0.0062674973281,0.0450686778977,-0.0137380978872,0.57410070071,0.818769988229,0.00219970921981,0.0,0.818727192067,-0.574038149163,-0.0121134296028,0.0,-0.00865556225044,0.00875545874556,-0.99992420872,0.0,0.656166738107,0.25377318614,0.303401579757,1.0,-0.01492,-0.0196091428571,0.747
0.460912670598,0.516825285642,-0.124077787267,-1.40454043709,0.0768309535353,1.91201597743,0.152891803067,-0.0105946228584,-0.0796229416815,0.00373714298001,-0.118701198838,-0.00157617849939,0.0457816141401,-0.0150041165083,0.574084734037,0.818781186447,0.00219858329418,0.0,0.818738414394,-0.574022228657,-0.0121093643566,0.0,-0.00865305063063,0.00875203431998,-0.999924260437,0.0,0.655950804476,0.253505609819,0.303408975756,1.0,-0.0152,-0.0199771428571,0.761
0.460691768651,0.515222780375,-0.124078732357,-1.40710758941,0.0766724117391,1.91297892443,0.152548948263,-0.0130844169048,-0.0854800403939,0.000918615049524,-0.128864996133,-0.0102506711607,0.0430933741548,-0.0145265466253,0.574078515927,0.818785559705,0.00219355194337,0.0,0.818742714031,-0.574016024987,-0.0121127280256,0.0,-0.00865875953678,0.0087497800606,-0.999924230746,0.0,0.655641026639,0.253116261977,0.303394408735,1.0,-0.0156,-0.0205028571429,0.781
0.46055355516,0.514149015142,-0.124082942985,-1.40883718116,0.0765614254166,1.91359148737,0.152309805859,-0.00694227908432,-0.0843008397537,-0.00198056916992,-0.131003177341,-0.0085873715922,0.0485897196586,-0.0157400817234,0.574059827651,0.818798770592,0.00215277886119,0.0,0.818755377152,-0.573997500273,-0.0121346184949,0.0,-0.00870028852776,0.00872876432596,-0.999924053943,0.0,0.655422621174,0.252855706431,0.303377099362,1.0,-0.01586,-0.0208445714286,0.794
0.460306586691,0.512421353126,-0.124087541355,-1.41163710524,0.0763875340286,1.91457980556,0.151905971809,-0.0140728744618,-0.0803213471519,-0.000248148292745,-0.130673688611,-0.0104120666216,0.0584550655789,-0.0164619006033,0.574034483138,0.818816730138,0.00207882559979,0.0,0.818772270775,-0.573972385275,-0.0121826291765,0.0,-0.0087823211856,0.00869550141483,-0.999923626628,0.0,0.655072067223,0.252420634262,0.303340782821,1.0,-0.01628,-0.0213965714286,0.815
0.460158299656,0.511298987131,-0.124090780321,-1.41340537972,0.0762838054209,1.91524949363,0.151660140663,-0.0134987475959,-0.0873314362663,0.000367965604025,-0.138366442536,-0.00728723904472,0.0534397727068,-0.0209958802513,0.574021645325,0.818825677229,0.00209950228626,0.0,0.818781457859,-0.573959427288,-0.0121756722318,0.0,-0.00876489268242,0.00870830061191,-0.999923668165,0.0,0.654857721766,0.252155177477,0.303343328808,1.0,-0.01654,-0.0217382857143,0.828
0.459916689324,0.509556461394,-0.124093603521,-1.41616779704,0.0761020589811,1.9162833405,0.151280396748,-0.00937071104225,-0.0852865673267,-0.00149595525922,-0.140128406672,-0.00803629149486,0.0473489284492,-0.0164032166301,0.57400559316,0.818836923701,0.00210197678756,0.0,0.818792831274,-0.573943460279,-0.0121635010587,0.0,-0.00875367649289,0.00870316872824,-0.999923811099,0.0,0.654522089357,0.251731245114,0.303337981937,1.0,-0.01694,-0.022264,0.848
0.459762948636,0.508416959256,-0.124093977707,-1.41797294974,0.0759955148733,1.91692196088,0.151026519823,-0.0152912303223,-0.091613810755,-0.000917168514058,-0.140258255018,-0.00667118415098,0.0490419975393,-0.0184191858155,0.573988695976,0.818848823845,0.00208025964108,0.0,0.8188043646,-0.573926579212,-0.0121836401831,0.0,-0.0087828122308,0.00869676485425,-0.999923611328,0.0,0.654277711283,0.251432814272,0.303329859749,1.0,-0.01722,-0.022632,0.862
0.459492349016,0.506517862998,-0.124100408191,-1.42096952074,0.0758045759954,1.91800908992,0.15060869104,-0.0132297220672,-0.0948827869894,3.95205199181e-05,-0.146503146993,-0.00772208329751,0.0562178936619,-0.0215086917746,0.573976447227,0.81885744211,0.00206746973006,0.0,0.818812782549,-0.573914356342,-0.0121936713281,0.0,-0.0087984973526,0.00869191813641,-0.999923515577,0.0,0.653922042908,0.2509889841,0.303327708779,1.0,-0.01762,-0.0231577142857,0.882
0.459324760456,0.505283282832,-0.12410678485,-1.42284320344,0.075689779866,1.91872948037,0.150347864508,-0.0123013012768,-0.0949095692305,0.000871058061983,-0.140384823701,-0.00612714427933,0.0608544504874,-0.0171595347886,0.573970579744,0.818861382513,0.00213464689485,0.0,0.818817657536,-0.573908248357,-0.0121537268243,0.0,-0.00872729411717,0.00872393616429,-0.999923860739,0.0,0.653698790353,0.25069991785,0.30336141024,1.0,-0.01788,-0.0234994285714,0.895
0.459054543803,0.503349478736,-0.124110686794,-1.42575585607,0.0755104864093,1.91984064095,0.14994006086,-0.0178639208933,-0.0972777256234,0.000986789150531,-0.146886342708,-0.0104265828263,0.0519821632321,-0.0275668442299,0.573962334063,0.818866864472,0.00224594020143,0.0,0.81882464953,-0.57389957988,-0.0120918334497,0.0,-0.00861282342819,0.00877945717996,-0.999924367342,0.0,0.653350292703,0.250247323261,0.30342235661,1.0,-0.01828,-0.0240251428571,0.915
0.458882964952,0.502033457912,-0.12412167659,-1.42768826733,0.0753886813046,1.92054223483,0.14967725919,-0.0111860785832,-0.103412793069,-0.00158151757559,-0.148885915792,-0.00630800327529,0.0556400282551,-0.0269962734917,0.573961464278,0.818867277475,0.00231652880247,0.0,0.818826038111,-0.573898468629,-0.0120504737632,0.0,-0.0085384507021,0.00881351135525,-0.999924705604,0.0,0.65311212708,0.249944853981,0.303482478562,1.0,-0.01854,-0.0243668571429,0.928
0.458591884502,0.499937210793,-0.124121973657,-1.43087679952,0.0751838069974,1.92167133202,0.149227389309,-0.0125973158604,-0.101654104438,-2.81091974779e-05,-0.150161381484,-0.0138112426846,0.0473803035825,-0.0282624523723,0.573938708531,0.818883142247,0.00234629368024,0.0,0.818842252547,-0.573875552153,-0.0120400575707,0.0,-0.00851308349833,0.00883166953206,-0.999924761681,0.0,0.652708190918,0.249447648814,0.303525418742,1.0,-0.01896,-0.0249188571429,0.949
0.458396918136,0.498651445701,-0.124125477213,-1.43288426317,0.0750608440235,1.92242812536,0.148939512907,-0.0134514931623,-0.0942581505116,-0.00120235982482,-0.155966950363,-0.00886682031483,0.0642267761369,-0.0246304978008,0.573934270801,0.81888617028,0.0023748316695,0.0,0.818845653344,-0.57387099778,-0.0120258392071,0.0,-0.00848510975764,0.00884683217503,-0.999924865414,0.0,0.652464608613,0.249128671039,0.303532390794,1.0,-0.01922,-0.0252605714286,0.962
0.45809418506,0.496693069641,-0.124119210574,-1.43601731536,0.0748662677661,1.92355566218,0.148481180753,-0.0200798812057,-0.0945779975798,0.00565195398313,-0.150429773091,-0.00793854192008,0.0538186083042,-0.0255583490546,0.573908612976,0.818904266141,0.00233532649212,0.0,0.818863091674,-0.573845359336,-0.0120618225791,0.0,-0.00853752607128,0.00883486663631,-0.999924525042,0.0,0.652068141342,0.248634286834,0.303503915757,1.0,-0.01962,-0.0257862857143,0.982
0.457876297965,0.495301920422,-0.124122404107,-1.43826595874,0.0747223348502,1.92432377463,0.148161040523,-0.0118565671064,-0.0945054224452,-2.10020814705e-05,-0.158543400053,-0.0119351569219,0.057309626845,-0.0165098464342,0.573901509108,0.818909463944,0.0022571235126,0.0,0.818867161783,-0.573838477238,-0.0121128153639,0.0,-0.00862424086049,0.00880001676907,-0.999924088206,0.0,0.651776012789,0.248271096557,0.303469595499,1.0,-0.0199,-0.0261542857143,0.996
0.457516881109,0.492930742546,-0.124187160199,-1.44193222001,0.0745082293828,1.9256488341,0.147630885496,-0.0173783381409,-0.159188315864,-0.00588849326892,-0.2251844382,-0.0118249995662,0.0842270097419,-0.0353684164527,0.573935002343,0.818885936938,0.00227646028701,0.0,0.818843966822,-0.573871965036,-0.0120943228763,0.0,-0.00859763971319,0.008805590535,-0.999924268216,0.0,0.651328409087,0.247650913886,0.303492358494,1.0,-0.0336942857143,-0.0442839183673,1.016
0.457246754857,0.490496923773,-0.124245109215,-1.44563485509,0.0743217122321,1.92709294879,0.147080301376,-0.0178643232138,-0.193336124956,-0.00445601672622,-0.316350329076,-0.0165908428892,0.122960726894,-0.0495747548239,0.573883396954,0.818921650412,0.00243394501676,0.0,0.818881705381,-0.573819679997,-0.0120197479701,0.0,-0.00844674892064,0.00889121802524,-0.99992479651,0.0,0.650870021158,0.247101776458,0.303550156271,1.0,-0.04558,-0.0599051428571,1.029
0.456488743285,0.485023639452,-0.124314444108,-1.45425051388,0.0738592443033,1.93040863817,0.145756875191,-0.0402675601029,-0.296611452533,-0.00787054078457,-0.463037986297,-0.0290570596907,0.173597504741,-0.0820600066915,0.573782602864,0.818991790031,0.0025921831568,0.0,0.818953629669,-0.57371796678,-0.0119747211517,0.0,-0.00832017645006,0.00899393763717,-0.999924939058,0.0,0.649860825377,0.245844603253,0.303539693705,1.0,-0.0638657142857,-0.0839377959184,1.049
0.4558188067,0.480645306092,-0.124444645687,-1.46127273359,0.0734316647981,1.93284316648,0.144691662254,-0.0551543206472,-0.354141419352,-0.0101087183982,-0.569903031386,-0.0366716069007,0.195213898335,-0.0924071317999,0.57377526217,0.818997514755,0.00240130152687,0.0,0.81895688178,-0.573711418843,-0.0120656776101,0.0,-0.00850426960403,0.00888972089935,-0.999924322267,0.0,0.648892825461,0.244579876795,0.303451967446,1.0,-0.0766657142857,-0.100760653061,1.063
0.454527879216,0.472328312352,-0.124646215792,-1.4743851941,0.0726324385726,1.93738826656,0.142787279132,-0.0706652123863,-0.446707398014,-0.00961592599759,-0.703934052195,-0.0473082469513,0.244533927868,-0.0983960274917,0.573836810573,0.81895504376,0.00216749474182,0.0,0.818911216739,-0.573773819607,-0.012197128103,0.0,-0.00874541621869,0.00877431577783,-0.999923261595,0.0,0.647181200316,0.242362403551,0.303368027519,1.0,-0.0949514285714,-0.124793306122,1.083
0.453516626688,0.465930295157,-0.124747310715,-1.48406166115,0.0720781585386,1.94099631999,0.14125506091,-0.0806191820003,-0.513819869535,-0.0047965527307,-0.770032485957,-0.0516972946041,0.285543294807,-0.124038224401,0.57379609794,0.818982742714,0.00246008681791,0.0,0.818942635342,-0.573731754609,-0.0120656816058,0.0,-0.0084703181676,0.00893808309204,-0.999924179316,0.0,0.645958308666,0.240743991422,0.303495102477,1.0,-0.106837142857,-0.140414530612,1.096
0.45155099961,0.454317235521,-0.124916493077,-1.50223589486,0.0709432843102,1.94734496326,0.138426152952,-0.102501015096,-0.580587596983,-0.00665904779899,-0.914066623549,-0.0557155683862,0.307556787851,-0.140678592862,0.57375103561,0.819014858692,0.00227096417303,0.0,0.818971746338,-0.573686952709,-0.0122190790619,0.0,-0.00870495239244,0.0088707355498,-0.999922763945,0.0,0.643536163654,0.237632754789,0.3033939241,1.0,-0.126037142857,-0.165648816327,1.117
0.450102012994,0.446005830158,-0.12507283362,-1.51470892539,0.0700448582867,1.95185998452,0.136466561907,-0.113153061796,-0.643063268348,-0.0139220460796,-0.994524528667,-0.0724446601479,0.348410872653,-0.146136957868,0.573766782481,0.819003177786,0.00249419326066,0.0,0.8189642076,-0.573703038435,-0.0119665058024,0.0,-0.00836984117248,0.00890881006132,-0.99992528664,0.0,0.641919082645,0.235410957216,0.303553008667,1.0,-0.137922857143,-0.181270040816,1.13
0.447571725986,0.432041525139,-0.125243253253,-1.53598094928,0.0686627039313,1.959217344,0.133027970526,-0.134521579331,-0.73534555742,-0.015731920783,-1.10045229865,-0.074236242281,0.392425866274,-0.187312716901,0.573710138496,0.819042748573,0.0025298018969,0.0,0.819003759508,-0.57364574411,-0.0120062099621,0.0,-0.00838255050576,0.00896017415565,-0.99992472123,0.0,0.639007741271,0.231651365776,0.303611308212,1.0,-0.156208571429,-0.205302693878,1.15
0.445544659581,0.421379541874,-0.125377612636,-1.55215978096,0.0675441154954,1.9647563612,0.13034734075,-0.15195094699,-0.760504360393,-0.0116057736763,-1.18260903563,-0.0841060368705,0.399283175592,-0.198605883257,0.573660793684,0.819077367152,0.00251143601622,0.0,0.819038174396,-0.573596517993,-0.0120104258856,0.0,-0.00839707872848,0.0089470446742,-0.999924716896,0.0,0.636590689108,0.228499869489,0.303655171881,1.0,-0.169922857143,-0.223327183673,1.165
0.442068764894,0.404041644448,-0.125577380376,-1.57812181195,0.0657042670366,1.97385204257,0.126026365966,-0.177931888192,-0.826192646823,-0.00741298867211,-1.28116020857,-0.0855365797711,0.431831162245,-0.218099540901,0.573675104996,0.819066366982,0.00281198996622,0.0,0.819031504921,-0.573610129701,-0.0118135495829,0.0,-0.00806325045136,0.00908042249749,-0.999926262241,0.0,0.632948350694,0.223673911175,0.303796840705,1.0,-0.189122857143,-0.248561469388,1.186
0.439839348166,0.393338563024,-0.125715674386,-1.59385333035,0.0646777682274,1.9792628546,0.123311255439,-0.187220490583,-0.882090140815,-0.0111275143805,-1.32872931967,-0.0802102432084,0.455712711533,-0.232968557716,0.57371821815,0.819034781446,0.00319058699606,0.0,0.819004611677,-0.573651661263,-0.0116603809404,0.0,-0.00772012066065,0.0093030575525,-0.999926923759,0.0,0.630905662614,0.220944830233,0.304006316232,1.0,-0.19918,-0.261779428571,1.197
0.435298570831,0.372695339269,-0.125949696361,-1.62462786377,0.0623354020007,1.98955456345,0.11778479542,-0.21988171263,-0.960022587713,-0.00436282922045,-1.4411633876,-0.101104245995,0.472910766379,-0.261853892959,0.573585364818,0.819127730694,0.00321511679849,0.0,0.819098517411,-0.573519519133,-0.0115640326118,0.0,-0.00762863442557,0.00926663567879,-0.999927964105,0.0,0.626377764793,0.215001105844,0.304073444582,1.0,-0.219294285714,-0.288215346939,1.219
0.432513325723,0.360731105496,-0.126111971393,-1.64226086595,0.0609697223357,1.99542524179,0.114653928699,-0.236768761125,-1.02697404499,-0.0175078200709,-1.49010609915,-0.116455557063,0.508898616345,-0.267145007803,0.573667594113,0.819069739067,0.00331676200659,0.0,0.819042352823,-0.573602055994,-0.0114478182753,0.0,-0.00747420392302,0.00928398967105,-0.999928969383,0.0,0.623749154069,0.211484814535,0.304151268319,1.0,-0.230265714286,-0.302634938775,1.231
0.427366498598,0.339880282231,-0.126406007072,-1.67302399792,0.058620870005,2.00538249445,0.108865186823,-0.264663154432,-1.07665536902,-0.017749793527,-1.57360190135,-0.125714241538,0.50986359593,-0.294940140251,0.573737981394,0.819020545039,0.0032897433248,0.0,0.818992646758,-0.573672312973,-0.011483413556,0.0,-0.00751806171328,0.00928292483093,-0.999928650482,0.0,0.619026810823,0.205200495491,0.304160679885,1.0,-0.248551428571,-0.326667591837,1.251
0.423472418954,0.324640201259,-0.126558969455,-1.69533878307,0.0568919709062,2.01258167737,0.104507830831,-0.286731423036,-1.12690946247,-0.0211017789122,-1.58816780289,-0.137752311469,0.542759324102,-0.317542264906,0.573687418493,0.81905566397,0.00336334407667,0.0,0.81902841492,-0.573621159798,-0.0114877102896,0.0,-0.00747993286058,0.00934520915262,-0.999928356269,0.0,0.615510621048,0.200616165616,0.304168486819,1.0,-0.261351428571,-0.34349044898,1.265
0.417418965007,0.301812482213,-0.126775950217,-1.72846092255,0.0541000576146,2.02292116127,0.0977902806291,-0.315007273499,-1.16755153143,-0.00670904810889,-1.67112293493,-0.145369247381,0.515819744836,-0.342228827038,0.573464214187,0.819212293721,0.00328020792938,0.0,0.819184273644,-0.573398612803,-0.0114849271034,0.0,-0.00752787173402,0.00927346798936,-0.999928664425,0.0,0.610116146398,0.193670208382,0.304169698786,1.0,-0.279637142857,-0.367523102041,1.285
0.413072406433,0.286317548939,-0.126960186704,-1.75064142734,0.0522537070511,2.02973081223,0.0932039445903,-0.340917171413,-1.21901933617,-0.0141795852293,-1.73584794294,-0.136378335089,0.555861250046,-0.355121815274,0.573468043374,0.819209379529,0.00333805640945,0.0,0.819181948353,-0.57340207047,-0.0114781520886,0.0,-0.00748910558262,0.0093170083543,-0.999928550774,0.0,0.606432848531,0.1888685977,0.304216284784,1.0,-0.291522857143,-0.383144326531,1.298
0.405767763074,0.261671748592,-0.127265701755,-1.78567338133,0.0492518726458,2.0401980256,0.0855933922343,-0.380071178543,-1.24553176898,-0.0164315676173,-1.76959197726,-0.154173023023,0.523837283074,-0.385156152016,0.57342597141,0.819238837656,0.0033360289143,0.0,0.819210941805,-0.573359465737,-0.0115370176887,0.0,-0.00753897435391,0.00934871695583,-0.999927880078,0.0,0.600456948556,0.18107883043,0.304242241424,1.0,-0.309808571429,-0.407176979592,1.318
0.400087497535,0.243842597313,-0.127572534781,-1.81066714556,0.0469677234426,2.04761746654,0.07996348691,-0.420605623466,-1.28943084811,-0.0205125875747,-1.80886393037,-0.16404774799,0.518804232881,-0.40381961354,0.573566845622,0.819139799756,0.00343641678942,0.0,0.819113917165,-0.57350092154,-0.0113943231314,0.0,-0.00736289713128,0.00935040281811,-0.999929176348,0.0,0.596148970513,0.175245647961,0.3043091256,1.0,-0.322608571429,-0.423999836735,1.332
0.391438115959,0.217526758532,-0.127885953256,-1.84716589234,0.0436725008605,2.05805951141,0.0712232902665,-0.45152168131,-1.32960204478,-0.0191179834602,-1.82716100436,-0.165216608781,0.515039233306,-0.450201343845,0.573444119708,0.819225020704,0.00359915640966,0.0,0.81920069642,-0.573377055309,-0.0113893956046,0.0,-0.00726694405741,0.00947979588926,-0.999928659952,0.0,0.589598751091,0.16671327448,0.304383978914,1.0,-0.340894285714,-0.448032489796,1.352
0.385316369163,0.199870604087,-0.128132617748,-1.87145180897,0.041300225385,2.0647224179,0.0652133557045,-0.48802981791,-1.36308170657,-0.0170848646288,-1.85333531919,-0.18567089016,0.492958039856,-0.466826876045,0.573395960431,0.819259023417,0.00353157365162,0.0,0.819234012968,-0.573329333917,-0.0113953397854,0.0,-0.0073111209365,0.00942740856224,-0.999928833207,0.0,0.585112175529,0.160851860043,0.304390697782,1.0,-0.35278,-0.463653714286,1.365
0.374495209431,0.170473610742,-0.128730009144,-1.91130812015,0.0374541101807,2.07539801178,0.0547931019079,-0.537160342569,-1.41782148763,-0.0336883043075,-1.90702096018,-0.186903226241,0.504506882159,-0.511229137834,0.573549071485,0.819151388054,0.00363496190094,0.0,0.819127333665,-0.573481640918,-0.0114002488422,0.0,-0.00725408541123,0.00951628200594,-0.999928406748,0.0,0.577597126529,0.150845806332,0.304441253411,1.0,-0.37198,-0.488888,1.386
0.367258673637,0.15176333575,-0.129045181564,-1.93631537687,0.0348646539601,2.08181615356,0.0478994400513,-0.561978279552,-1.42663952888,-0.0193200530208,-1.94343187594,-0.201927584891,0.516219216267,-0.545826976045,0.573524172835,0.819168760709,0.00364850023556,0.0,0.819145048512,-0.573456928159,-0.0113704857486,0.0,-0.00722222803217,0.00951008243474,-0.999928696335,0.0,0.572726370533,0.144432436742,0.304477395977,1.0,-0.383865714286,-0.50450922449,1.399
