position_joint1,position_joint2,position_joint3,position_joint4,position_joint5,position_joint6,position_joint7,velocity_joint1,velocity_joint2,velocity_joint3,velocity_joint4,velocity_joint5,velocity_joint6,velocity_joint7,ee_T_00,ee_T_10,ee_T_20,ee_T_30,ee_T_01,ee_T_11,ee_T_21,ee_T_31,ee_T_02,ee_T_12,ee_T_22,ee_T_32,ee_T_03,ee_T_13,ee_T_23,ee_T_33,v_x,v_y,time
0.465092078543,0.547696851107,-0.123961548214,-1.35576732487,0.07947897372,1.89409395986,0.159183622758,-0.00141859763148,0.00130594100362,-0.000167865058118,-0.000638891991256,8.33254697263e-05,0.000354610660757,-0.00106425744012,0.573782496371,0.818993371257,0.00206193979584,0.0,0.818951798986,-0.573723587919,-0.0118297296841,0.0,-0.00850565045742,0.00847648433332,-0.999927898963,0.0,0.661683256319,0.260923332752,0.303303878748,1.0,0.0,0.0,0.0
0.46509712983,0.547696801068,-0.123963680347,-1.35576525606,0.0794808450871,1.89409314601,0.159180471819,0.00103122415359,0.00216872431483,7.8003984768e-05,0.000261550944972,-0.000175172346144,3.62111319237e-05,-0.00124316909917,0.573777645629,0.818996765533,0.00206357083578,0.0,0.818955208935,-0.573718725739,-0.0118294714906,0.0,-0.00850455339736,0.00847762160634,-0.999927898652,0.0,0.661682636374,0.260925935716,0.303304902227,1.0,-0.00018,-0.000236571428571,0.01
0.465093940628,0.547690875844,-0.123966422356,-1.35576807729,0.0794782660044,1.89409233237,0.159191490597,0.00137858531297,0.00186000886942,-0.00105256743505,-0.00212352758583,-3.82263728761e-05,0.000569374298338,0.00142275091815,0.573790651749,0.818987653469,0.00206357258708,0.0,0.818946131508,-0.573731764767,-0.0118255100095,0.0,-0.00850117322555,0.00847548506223,-0.999927945507,0.0,0.661683590989,0.260921508643,0.303307772235,1.0,-0.00048,-0.000630857142857,0.025
0.465090016984,0.547673078158,-0.123962234722,-1.35578613192,0.0794802961283,1.8940962119,0.15918658217,0.000363043095273,-0.00230673532484,0.000849358637855,-0.000699087148642,0.000778862709382,-0.000133212612389,-0.000519774702416,0.573788437966,0.818989188925,0.00206972964893,0.0,0.818947694102,-0.573729473913,-0.011828439863,0.0,-0.00850006311955,0.00848218566431,-0.999927898127,0.0,0.661680644698,0.260920019652,0.303311989096,1.0,-0.00082,-0.00107771428571,0.042
0.465092494314,0.547591087559,-0.123963955709,-1.3558713155,0.0794784866424,1.89411085242,0.15918599208,0.00168653126977,-0.0137765169982,-0.000735244552521,-0.00913450175198,0.000109312786269,0.00154060090719,-0.000445399075044,0.57379125416,0.818987184249,0.00208220737713,0.0,0.818945809473,-0.573732197886,-0.0118267982536,0.0,-0.00849153027373,0.00849149189612,-0.99992789164,0.0,0.661666055392,0.260912330755,0.303330852043,1.0,-0.00116,-0.00152457142857,0.059
0.465089611106,0.547472477563,-0.123969112537,-1.35602273945,0.0794747990436,1.89414933804,0.159177152186,-0.000615288313942,-0.00894303841818,-0.00234933948172,-0.0106805752329,-8.25585270094e-05,0.00433929198181,-0.00108712937836,0.573797324041,0.818982911967,0.00208991185673,0.0,0.818941591853,-0.573738190816,-0.0118281204668,0.0,-0.00848812971812,0.00849862323987,-0.999927859926,0.0,0.661644294137,0.260893038198,0.303346306668,1.0,-0.00148,-0.00194514285714,0.075
0.465072367038,0.547322664145,-0.12396686934,-1.35623541599,0.0794714200381,1.89421293422,0.159170511193,-0.00166142924538,-0.00649748146102,0.000681803677325,-0.0127419448367,0.000125417278742,0.000708221857489,0.0012899709659,0.573820672957,0.81896650211,0.00210964700653,0.0,0.818925319489,-0.573761338931,-0.0118319038581,0.0,-0.0084796622846,0.00851719836551,-0.999927773721,0.0,0.661617594975,0.260862402983,0.303361223467,1.0,-0.00184,-0.00241828571429,0.093
0.465050320057,0.547100965576,-0.123960100274,-1.35648436125,0.0794663314641,1.89436395313,0.159160297071,-0.00265948837808,-0.0108511531899,0.000158929652936,-0.00930890215262,0.000173745726026,0.00826589948201,0.000377503408927,0.57383316229,0.818957490576,0.00220848059391,0.0,0.818917557974,-0.573773404375,-0.0117839116822,0.0,-0.00838351672023,0.0085707278526,-0.999928127053,0.0,0.661599726354,0.26083556433,0.30340807242,1.0,-0.00222,-0.00291771428571,0.112
0.465028694575,0.546938964372,-0.123961580921,-1.35669046512,0.0794661412088,1.89447045492,0.15914042537,-0.000686755414188,-0.0112386729192,0.000174204160332,-0.0147018292353,4.37708726444e-05,0.00892115709931,-0.000389543966325,0.573847267045,0.818947446272,0.00226743289521,0.0,0.81890822113,-0.573787221471,-0.0117599635912,0.0,-0.00832992850739,0.00860540808688,-0.999928277049,0.0,0.661583971244,0.260805273422,0.303434015925,1.0,-0.0025,-0.00328571428571,0.126
0.464992400719,0.546687850828,-0.123959161662,-1.35704847989,0.0794557996171,1.89460640561,0.159115221083,-0.000313385703549,-0.0167713000349,0.000609312546218,-0.0238239610694,-0.00145100448311,0.00620330977899,0.00142311806904,0.573871933891,0.818930073227,0.00229903408629,0.0,0.81889115438,-0.573811657557,-0.0117560975795,0.0,-0.00830836925369,0.008629319271,-0.999928250351,0.0,0.66154508073,0.260751022331,0.303453166598,1.0,-0.00286,-0.00375885714286,0.144
0.464952339,0.54642121965,-0.123965313997,-1.35744568586,0.0794458167026,1.89475128112,0.158977609017,-0.00118692503898,-0.0197890786539,-0.00162096407049,-0.0229303243947,0.00035396607458,0.0085873558908,-0.00816686084743,0.573815889588,0.818969288527,0.00231866478417,0.0,0.818930520687,-0.573755437896,-0.0117578344973,0.0,-0.00829911860802,0.00864582407958,-0.999928184599,0.0,0.661502292904,0.260685531522,0.303465696309,1.0,-0.0032,-0.00420571428571,0.161
0.464916761628,0.546145263455,-0.123964448102,-1.35788044063,0.0794279237519,1.89490735489,0.158935548092,-0.00196306111691,-0.0196738490129,0.000446187777751,-0.0303233573765,0.000187529408403,0.0139807209248,-0.00208294304922,0.573829519269,0.818959732284,0.00232090798889,0.0,0.818920907813,-0.573768968043,-0.0117671134946,0.0,-0.00830528703811,0.00865312375645,-0.999928070241,0.0,0.661451000066,0.260622213132,0.3034676662,1.0,-0.00352,-0.00462628571429,0.177
0.464869700979,0.545849997361,-0.12396469699,-1.3583597281,0.0793966922126,1.89507537891,0.158912748636,-0.00853940467687,-0.0200219054588,-0.000654029460103,-0.0365447490196,-0.00918596767704,0.0149183266275,-0.00202059316751,0.573868030099,0.818932791196,0.00230530591919,0.0,0.81889377215,-0.573807541735,-0.0117746288225,0.0,-0.00831998791002,0.00864505015165,-0.999928017864,0.0,0.661396336634,0.260544272231,0.303463144149,1.0,-0.00384,-0.00504685714286,0.193
0.464809976254,0.545539110923,-0.123964854681,-1.35891474224,0.0792963116899,1.89525741273,0.158817584321,-0.00397816038856,-0.0218813833968,-0.00336897190348,-0.0331812361556,-0.0091287100488,0.00772487668312,-0.00337318597359,0.573843399823,0.818950299091,0.00221517473749,0.0,0.818910658345,-0.573783824607,-0.0117559844255,0.0,-0.00835669642063,0.00856028908571,-0.999928440978,0.0,0.66133459117,0.260438975179,0.303434702694,1.0,-0.00416,-0.00546742857143,0.209
0.464751908776,0.545171121907,-0.12396284971,-1.35953700564,0.0792791283195,1.89545928644,0.158743323506,-0.00358558315761,-0.023081209246,0.00233481981729,-0.0366307412137,-0.000426448465143,0.0105735760204,-0.000887540985718,0.573858782231,0.818939608781,0.00218222984153,0.0,0.818899305306,-0.573799092683,-0.011801521341,0.0,-0.00841273373808,0.00855959796522,-0.999927977003,0.0,0.661257208569,0.260343620897,0.303416459816,1.0,-0.00448,-0.005888,0.225
0.464681214457,0.544707397533,-0.123970754821,-1.3603191004,0.0792608095335,1.89572622188,0.158654408433,-0.00436435425809,-0.0223489860499,-0.000437238168069,-0.039703998398,-0.00320590281362,0.0207051613524,-0.00459865063338,0.57388808578,0.81891915455,0.00215179299921,0.0,0.818878198466,-0.573828251881,-0.0118482202157,0.0,-0.00846813790469,0.00856177363481,-0.999927490708,0.0,0.661164134136,0.260220700087,0.303395848867,1.0,-0.00486,-0.00638742857143,0.244
0.464617947265,0.544292637833,-0.123971886136,-1.36101146867,0.0792284903492,1.89597507278,0.15854433981,-0.00226721581154,-0.0296090172367,-0.0063317898972,-0.0417632431634,-0.000112705018265,0.0193462879331,-0.00793979220398,0.573880569396,0.818924474514,0.00213166931703,0.0,0.818883157022,-0.573820716279,-0.0118704513687,0.0,-0.00849797074726,0.00855797425804,-0.99992727014,0.0,0.661083995001,0.260113133709,0.303381427832,1.0,-0.00518,-0.006808,0.26
0.46454802534,0.543765129666,-0.123971953984,-1.36186442135,0.0791940041967,1.8962761309,0.158466553081,-0.00886887372315,-0.0370684129619,-0.000203455097172,-0.0488632996231,-0.00251836088696,0.0189397300575,-0.010570180179,0.573912462845,0.818902154902,0.00211957277264,0.0,0.818860501239,-0.573852474802,-0.0118980492395,0.0,-0.00852718025491,0.00856423805324,-0.999926967845,0.0,0.66098180358,0.25998740144,0.303374806992,1.0,-0.00554,-0.00728114285714,0.278
0.464468546662,0.543240814929,-0.12397969301,-1.36271215074,0.0791421703139,1.89656925224,0.158340436751,-0.00714910961494,-0.0284304342495,0.000594245272592,-0.0521309494158,-0.00462790754685,0.0235776982385,-0.000275845809835,0.573912974706,0.818901867936,0.00209166353707,0.0,0.818859856497,-0.573853105792,-0.0119119810405,0.0,-0.00855460061041,0.00854938437953,-0.999926860743,0.0,0.660884232043,0.259848146295,0.30336788296,1.0,-0.00588,-0.007728,0.295
0.464402356841,0.542722792118,-0.123977924073,-1.36355141611,0.0790879540982,1.89686022413,0.158241381781,-0.0023381108641,-0.0329928229777,-0.000838595476079,-0.0512337749973,-0.00139877804644,0.0130533784824,-0.00517620847585,0.573916953204,0.81889914947,0.00206415204708,0.0,0.818856766323,-0.573857183281,-0.0119279648701,0.0,-0.0085834370652,0.00853607047246,-0.99992672737,0.0,0.660782388952,0.259723580745,0.3033599727,1.0,-0.0062,-0.00814857142857,0.311
0.464327307957,0.542125020949,-0.123983690163,-1.36447263282,0.0790396648939,1.89719946488,0.158105432668,-0.00481856257664,-0.0370581268337,3.21593538431e-05,-0.0516618364555,-0.00592349116981,0.0183604445538,-0.0116971828375,0.573909416614,0.818904390415,0.00208033243735,0.0,0.818862169659,-0.573849532915,-0.0119250817761,0.0,-0.00857186906002,0.00854758682596,-0.999926728226,0.0,0.660676959527,0.259584358809,0.303373840839,1.0,-0.00654,-0.00859542857143,0.328
0.464246333419,0.54145676111,-0.123986766035,-1.3654905788,0.0789755159993,1.89757532273,0.157989538579,-0.0038724593102,-0.0393928958114,0.000106150121093,-0.0598878739158,-0.00112027253574,0.0226881131396,-0.00610957997784,0.573922329814,0.818895289475,0.00210026628798,0.0,0.818853361046,-0.5738623956,-0.0119109580751,0.0,-0.00854872820693,0.00855593964613,-0.999926854896,0.0,0.660560029911,0.259432152004,0.303394487831,1.0,-0.0069,-0.00906857142857,0.346
0.464154676303,0.540868330734,-0.123989855145,-1.36639078598,0.0789242254491,1.89791279417,0.157858532137,-0.00780808746069,-0.044669065964,-0.00151478697532,-0.0613301411555,-0.00792441114332,0.0272725425978,-0.00640637810238,0.573928508696,0.818890900244,0.00212304148647,0.0,0.818849255227,-0.573868467912,-0.0119006576152,0.0,-0.00852715783709,0.00856874259248,-0.999926929445,0.0,0.66046240217,0.259285291652,0.303411334897,1.0,-0.0072,-0.00946285714286,0.361
0.464065184366,0.540112109,-0.123985354659,-1.36753278238,0.0788612808375,1.89833193591,0.157715780051,-0.00204090468717,-0.0422662164009,0.00163216437769,-0.0654566535403,-0.00492791453679,0.0261946332449,-0.0135004829653,0.573928108972,0.818891093737,0.00215620740978,0.0,0.818849792137,-0.573867845124,-0.011893744185,0.0,-0.0085024667832,0.00859192951926,-0.999926940734,0.0,0.660327820992,0.259121431522,0.303438426334,1.0,-0.00756,-0.009936,0.379
0.46396459789,0.539414094867,-0.123989635014,-1.36861856169,0.0787927220621,1.89875316778,0.15759278613,-0.00780909160381,-0.044191744926,0.00489809424549,-0.0698110768411,-0.00546325737324,0.0291881530297,-0.00114434123985,0.573954626507,0.818872443346,0.0021806286895,0.0,0.818831527121,-0.573894329786,-0.0118733033669,0.0,-0.00847143359972,0.00860047050496,-0.999927130705,0.0,0.660210096626,0.258950304592,0.303451485354,1.0,-0.00788,-0.0103565714286,0.395
0.463872117038,0.538707518689,-0.123993549905,-1.36970612685,0.078738250451,1.89917104761,0.157443778142,-0.00820103343483,-0.0437114473031,0.00132967404067,-0.068010722924,-0.00367762529656,0.027247502405,-0.0051421149244,0.573956706228,0.818870889096,0.00221658915905,0.0,0.818830372309,-0.573896196521,-0.0118627106401,0.0,-0.00844209885787,0.00862385888828,-0.999927177361,0.0,0.660088341392,0.258786700293,0.303469354541,1.0,-0.0082,-0.0107771428571,0.411
0.463755571313,0.537934940678,-0.124006902019,-1.37091994777,0.0786647774142,1.89964842398,0.15729035446,-0.00665826860207,-0.0446121009139,-0.00153936592704,-0.0739006137142,-0.00765470182763,0.0279617263277,-0.00791133927343,0.573983406744,0.818852104036,0.00224218622523,0.0,0.818812015296,-0.573922890248,-0.0118383511182,0.0,-0.00840717858686,0.00863111230248,-0.99992740899,0.0,0.659960184231,0.258588589726,0.303479078997,1.0,-0.00854,-0.011224,0.428
0.463649358267,0.537125681323,-0.124006862573,-1.37219758304,0.0785813086043,1.90011307591,0.157129059349,-0.00424723206431,-0.0416310815527,-0.00167548061126,-0.077167787464,-0.00909389336459,0.0208800566775,-0.0106233877181,0.573986275401,0.818850112501,0.00223513101017,0.0,0.818809961777,-0.57392581674,-0.0118385081057,0.0,-0.00841132624772,0.00862545477761,-0.999927422927,0.0,0.659810209852,0.258395517956,0.303482633203,1.0,-0.00888,-0.0116708571429,0.445
0.46353964267,0.536335810494,-0.124014833311,-1.37343751739,0.0785194650797,1.90058462978,0.156980401064,-0.00692095394079,-0.0492001533487,-0.0013630236799,-0.0728906653745,-0.00427974794354,0.0331412836906,-0.015026119243,0.574011761644,0.818832185631,0.00225746964386,0.0,0.818792254503,-0.573951139531,-0.01183555231,0.0,-0.00839581553708,0.00864231128194,-0.999927407734,0.0,0.659671106295,0.258203676034,0.303491200814,1.0,-0.0092,-0.0120914285714,0.461
0.463413234703,0.535410183485,-0.124016444018,-1.37489946585,0.0784346089936,1.90111297784,0.156806471417,-0.00490877187289,-0.0534273091168,4.17761723077e-05,-0.0834115313116,-0.0023021547003,0.0284183787261,-0.0114400259354,0.574031488631,0.818818372103,0.00225177017147,0.0,0.818778310202,-0.57397082808,-0.0118454277013,0.0,-0.00840696529739,0.00864351548725,-0.999927303645,0.0,0.659499197705,0.257980101588,0.303494443525,1.0,-0.00956,-0.0125645714286,0.479
0.463300029106,0.534516197939,-0.124015909151,-1.37633876905,0.0783543892906,1.90163302735,0.156628243775,-0.00980445126432,-0.0500697787382,0.000949941551073,-0.0808271751028,-0.00130018937776,0.0242519317419,-0.00825653114727,0.574035271062,0.818815770986,0.00223330755002,0.0,0.818775368188,-0.573974579416,-0.0118669934676,0.0,-0.00843518204714,0.00864081638593,-0.99992708934,0.0,0.65932553913,0.257768957267,0.303485176943,1.0,-0.0099,-0.0130114285714,0.496
0.463178905727,0.533645505436,-0.124024025003,-1.37774720837,0.0782770278849,1.90214614644,0.15645519157,-0.0103447586993,-0.0573816193711,0.000603641965813,-0.09018050767,-0.00146648797473,0.0396250506573,-0.0133769509252,0.574054842895,0.818802103278,0.00221357584399,0.0,0.818761382359,-0.573994164492,-0.0118846450833,0.0,-0.00846075566959,0.00863499473455,-0.99992692357,0.0,0.659160567533,0.257550934464,0.303473682933,1.0,-0.01022,-0.013432,0.512
0.463053927025,0.532711026701,-0.124019013142,-1.37925583246,0.0781880791216,1.90271735982,0.156263768999,-0.00740060068765,-0.0577327978565,0.00115290289339,-0.0940167506979,-0.00673394354964,0.0373331041611,-0.0169470670999,0.574055633382,0.818801554444,0.00221158861921,0.0,0.81876075846,-0.573994912621,-0.0118914923964,0.0,-0.00846749486812,0.00863730646966,-0.999926846558,0.0,0.658983819163,0.257329026543,0.303463908899,1.0,-0.01056,-0.0138788571429,0.529
0.462925632273,0.531737351095,-0.124022309188,-1.38080594601,0.0780994099943,1.90329084682,0.156062292856,-0.00873645092165,-0.0597787916433,-0.000967950764046,-0.0939210376214,-0.0133587714081,0.0329137453915,-0.0212758007593,0.57405883111,0.818799316551,0.00221010011076,0.0,0.818758449645,-0.573998063342,-0.0118983745117,0.0,-0.00847395088473,0.00864007145271,-0.999926767979,0.0,0.658801217746,0.257095921682,0.303462283154,1.0,-0.0109,-0.0143257142857,0.546
0.462801829786,0.530805164586,-0.124020178441,-1.38233517558,0.0780125678124,1.90382703487,0.155866754759,-0.00546293185805,-0.0612407918185,-0.00110951771338,-0.0977057811802,-0.00124996132223,0.0347175914362,-0.0111002979012,0.574058425486,0.818799730872,0.00216142415478,0.0,0.818758097865,-0.573997720632,-0.0119390447784,0.0,-0.00853519844226,0.00862355880716,-0.999926389601,0.0,0.658612034915,0.25686866401,0.303437755217,1.0,-0.01122,-0.0147462857143,0.562
0.462657338051,0.529787810258,-0.124015900806,-1.38397528084,0.0779057676506,1.90441728235,0.15564717958,-0.00671296341074,-0.0553208495166,0.00597413763309,-0.0991093002749,-0.0026187856566,0.0350408235604,-0.0123546744059,0.57405425829,0.818802734723,0.00213003505899,0.0,0.818760687226,-0.573993677236,-0.0119558541134,0.0,-0.00856702432963,0.00860746365437,-0.999926256113,0.0,0.658415486448,0.256617461447,0.30342483818,1.0,-0.01156,-0.0151931428571,0.579
0.462511628317,0.528646428396,-0.124028525553,-1.38574744212,0.0777894365648,1.90508505857,0.15541022282,-0.0050204580317,-0.0637356703117,9.70172771713e-05,-0.10135529211,-0.0125574217858,0.037121956268,-0.0171264761562,0.57405329765,0.818803348797,0.00215275558683,0.0,0.818761734918,-0.573992762155,-0.0119280060553,0.0,-0.00853118942887,0.00861007088011,-0.999926540045,0.0,0.658211005085,0.256345321591,0.303443411605,1.0,-0.01192,-0.0156662857143,0.597
0.462370338487,0.527603245855,-0.124031440589,-1.38736540225,0.0776989211229,1.90572001211,0.155179477914,-0.0123593122513,-0.0696064951044,-0.00091245446453,-0.100797289429,-0.00855627971588,0.0442790415285,-0.0114757664239,0.574045571513,0.818808624136,0.00220584865565,0.0,0.81876768024,-0.57398480042,-0.0119030073062,0.0,-0.00848032470763,0.00863911254825,-0.999926722229,0.0,0.658028210504,0.256100699174,0.303462843642,1.0,-0.01224,-0.0160868571429,0.613
0.46222965243,0.526451179192,-0.12402926672,-1.38916020145,0.0775847745582,1.90639212341,0.15493343092,-0.00994577410369,-0.0683777511794,0.00209552271463,-0.105779583857,-0.00150971109355,0.0429304728166,-0.0165933028552,0.574023964476,0.818823712414,0.00222780116591,0.0,0.81878307769,-0.573963132086,-0.0118887171536,0.0,-0.0084562505897,0.00864866096164,-0.999926843569,0.0,0.65781373866,0.255838632697,0.303477502948,1.0,-0.01258,-0.0165337142857,0.63
0.462071127427,0.525268391794,-0.124038127523,-1.39098738719,0.0774642701103,1.907055423,0.154690046472,-0.0079945556584,-0.0712510627618,-0.00211132811078,-0.107908274566,-0.00111625715546,0.0448656897698,-0.0160427394509,0.574026558705,0.818821868983,0.00223689032595,0.0,0.818781439764,-0.573965779121,-0.0118737187343,0.0,-0.00843872453865,0.00864752067732,-0.999927001493,0.0,0.657597570598,0.255553396894,0.303497627936,1.0,-0.01292,-0.0169805714286,0.647
0.461929364616,0.524176503699,-0.124042859693,-1.39275302074,0.0773591845394,1.90768438996,0.154431119454,-0.00958431011407,-0.0661187741699,-0.000724765111934,-0.111811999595,-0.00649270965091,0.0368095773776,-0.0235232174558,0.574000476915,0.818840256313,0.00219864602839,0.0,0.818799263364,-0.573939785958,-0.0119010634106,0.0,-0.00848334271324,0.00863163200759,-0.999926761231,0.0,0.657379973527,0.255287893192,0.303479775761,1.0,-0.01324,-0.0174011428571,0.663
0.461767880513,0.522968709766,-0.124047163203,-1.39468096801,0.077232678968,1.9084112242,0.154177317521,-0.0131313413693,-0.0737543506099,0.000609088607565,-0.117083086495,-0.00942132627135,0.0408945363378,-0.0166946682906,0.573997295812,0.818842492588,0.00219627729007,0.0,0.81880156022,-0.573936707772,-0.0118914824593,0.0,-0.00847689018676,0.00862416008845,-0.999926880425,0.0,0.657152323743,0.254995132665,0.303474310148,1.0,-0.01358,-0.017848,0.68
0.461613009778,0.5217342949,-0.12404747621,-1.39664521566,0.0771150374755,1.90918166509,0.153918042116,-0.00874232290482,-0.0727999780676,-0.00240155403152,-0.117521508604,-0.00876235250902,0.050650044553,-0.0151339163999,0.573985715099,0.818850522885,0.00222866186011,0.0,0.818810028304,-0.573925015993,-0.0118726773509,0.0,-0.00844302581755,0.00863976422241,-0.999927032232,0.0,0.656921809231,0.254709476235,0.303473617707,1.0,-0.01392,-0.0182948571429,0.697
0.461453838622,0.520559914104,-0.124056386311,-1.3985406965,0.0770023561745,1.9098811742,0.153661110937,-0.00614534830902,-0.0744258431267,-0.00132397188027,-0.117045947003,-0.00315565940125,0.0456556372661,-0.0103842932114,0.573982802121,0.818852620218,0.00220819653238,0.0,0.818811840516,-0.57392216568,-0.0118854732311,0.0,-0.00846528094456,0.00863032085702,-0.99992692562,0.0,0.656693887324,0.254419423063,0.303457289592,1.0,-0.01424,-0.0187154285714,0.713
0.461265551632,0.519150837221,-0.124057038714,-1.40072851038,0.0768625264298,1.91066242279,0.153368638554,-0.0144035780344,-0.0777872531003,-0.000178736124402,-0.123844715,-0.0107383685354,0.0461624759495,-0.0131409408137,0.573976373439,0.818857128451,0.00220744642356,0.0,0.818816328786,-0.573915730404,-0.0118870101165,0.0,-0.00846703776008,0.00863052229853,-0.999926909007,0.0,0.656425730304,0.2540846958,0.303473013644,1.0,-0.0146,-0.0191885714286,0.731
0.461083987678,0.51778082142,-0.124060241261,-1.40283640841,0.0767224536038,1.91141544471,0.153073695848,-0.0161894605342,-0.0813691442417,-0.000321239145284,-0.128383625724,-0.00717308268464,0.0437574661693,-0.0155377965347,0.573959518546,0.8188689235,0.00221451952812,0.0,0.818828265852,-0.573898900368,-0.011877293433,0.0,-0.0084551989543,0.0086305629704,-0.999927008833,0.0,0.656167882574,0.25375998238,0.303496530706,1.0,-0.01494,-0.0196354285714,0.748
0.460917168145,0.516522475255,-0.124061191285,-1.40484377192,0.0765936031,1.91216149096,0.152801954629,-0.00834063802189,-0.0760151957541,0.000197131180357,-0.124270007892,-0.00577846446898,0.0518243664024,-0.0113232561004,0.57394571569,0.818878618679,0.00220685584835,0.0,0.818837891314,-0.573885160387,-0.0118775981227,0.0,-0.00845999220252,0.00862431978939,-0.999927022157,0.0,0.655923909891,0.253458080699,0.303488545946,1.0,-0.01526,-0.020056,0.764
0.460734591575,0.51513663656,-0.124065657807,-1.40701899399,0.0764621026164,1.91298615649,0.152494861301,-0.0104083318082,-0.0766332430188,0.000629165451008,-0.129412907043,-0.00958993480281,0.0506751912704,-0.0251684174624,0.573926343763,0.818892119414,0.0022350835807,0.0,0.818851761999,-0.573865681551,-0.0118624748936,0.0,-0.00843161177942,0.0086385552909,-0.999927138988,0.0,0.655663381346,0.253130474087,0.303496611071,1.0,-0.0156,-0.0205028571429,0.781
0.460571627125,0.513900437323,-0.124068867784,-1.40900779963,0.0763410901628,1.91368588707,0.152232923073,-0.0106750700613,-0.0800054552134,0.000703047914458,-0.138451852029,-0.00821469110369,0.0413187072965,-0.0163309633669,0.573919363721,0.818897134158,0.00218963806521,0.0,0.818856105037,-0.573858801584,-0.0118954608992,0.0,-0.0084847791221,0.0086201998135,-0.999926847664,0.0,0.655411635316,0.252829953378,0.303477264784,1.0,-0.0159,-0.0208971428571,0.796
0.460374664745,0.512503448503,-0.12407549889,-1.41127520295,0.0762099678767,1.91447218932,0.151905051612,-0.0102829456154,-0.077624030952,-0.000714624134113,-0.133457391725,-0.00477243733472,0.0450724220551,-0.0253688366716,0.573900243629,0.818910714048,0.00212124533812,0.0,0.818868631488,-0.573839797923,-0.0119497943599,0.0,-0.00856872461031,0.00859517664532,-0.999926347236,0.0,0.655124295608,0.252478512472,0.303445248412,1.0,-0.01624,-0.021344,0.813
0.460156198876,0.510893681282,-0.12407967937,-1.41384281319,0.0760519591277,1.91545643992,0.15153878739,-0.00715630225654,-0.080608260368,-0.000709989588876,-0.133640299727,-0.0049731490111,0.0502356373582,-0.0203581463682,0.573874057623,0.818929017629,0.00213938641099,0.0,0.81888719973,-0.573813569122,-0.0119368719205,0.0,-0.00854800641882,0.00860234289335,-0.999926462938,0.0,0.654815949268,0.252090663664,0.303435928477,1.0,-0.01662,-0.0218434285714,0.832
0.459980329519,0.509575085456,-0.124081925359,-1.41593050118,0.0759122671332,1.91623147935,0.151249990263,-0.00730589163501,-0.0889877645057,-0.000345230164459,-0.144948357893,-0.00935421115735,0.0522393502355,-0.0212655795265,0.573854166813,0.818942963936,0.00213634081871,0.0,0.818901187357,-0.573793774757,-0.0119288011212,0.0,-0.00854335316987,0.00859500974208,-0.999926565766,0.0,0.65455950197,0.251773860373,0.303432455305,1.0,-0.01692,-0.0222377142857,0.847
0.459782252766,0.508170276163,-0.124082362877,-1.41816375871,0.0757747066141,1.91702262224,0.150942728052,-0.00883757401907,-0.0878140859739,-0.000373400791471,-0.146043943289,-0.010180289444,0.0546887204894,-0.0218706814536,0.573841611328,0.81895186209,0.00209751957956,0.0,0.818909539369,-0.573781339994,-0.0119535395361,0.0,-0.00858602117416,0.00857728232047,-0.999926352522,0.0,0.654260569251,0.251402596672,0.303418863877,1.0,-0.01726,-0.0226845714286,0.864
0.459558631031,0.506639010581,-0.124088274343,-1.42057399841,0.0756228210584,1.91789651866,0.150614017357,-0.0122218272818,-0.0947417747954,-0.000325310849658,-0.141205135759,-0.00551532804024,0.0539398037742,-0.0149601466503,0.573845544077,0.818949108769,0.00209659027036,0.0,0.818906720962,-0.573785223186,-0.0119602223211,0.0,-0.00859198631666,0.00858039734786,-0.999926274559,0.0,0.65398154146,0.251048204144,0.303420533557,1.0,-0.01758,-0.0231051428571,0.88
0.459308428529,0.504826407261,-0.124100324562,-1.42333163193,0.0754548144762,1.91896501161,0.150233973634,-0.0136954304377,-0.0986839247959,-0.000344909396953,-0.144888957136,-0.00632111273454,0.0586663097014,-0.0239495261843,0.573845008545,0.818949218052,0.00219802645406,0.0,0.818908231752,-0.573784354548,-0.0118982917313,0.0,-0.00848306684462,0.00862792339133,-0.999926795578,0.0,0.653655903027,0.250619539187,0.303467781259,1.0,-0.01796,-0.0236045714286,0.899
0.459087419661,0.503168336454,-0.124109549366,-1.42580311837,0.0753007293105,1.91989683791,0.149894115272,-0.0114417266737,-0.10089609132,-0.00234099979101,-0.148240562776,-0.0107409173679,0.0547834876447,-0.0190702246823,0.573839658033,0.818952698118,0.00229608684729,0.0,0.818913049905,-0.573778680445,-0.0118401631366,0.0,-0.00837924919196,0.00867481766544,-0.999927265216,0.0,0.653357672863,0.250236650293,0.303530559901,1.0,-0.0183,-0.0240514285714,0.916
0.458878682586,0.501682845827,-0.124107411324,-1.42801261533,0.0751539563412,1.92070415697,0.149567920355,-0.0153991469987,-0.0973701402079,0.000563067066529,-0.148090770262,-0.00661808406682,0.0538347357239,-0.020352190435,0.573815112691,0.818969704532,0.00236355815901,0.0,0.818930979542,-0.573753926103,-0.0117995732468,0.0,-0.00830755218836,0.0087065320784,-0.999927587816,0.0,0.653086014266,0.249890123251,0.303585782287,1.0,-0.0186,-0.0244457142857,0.931
0.458612765319,0.499751683982,-0.12411068786,-1.43093929055,0.0749657555205,1.92173437889,0.149172314202,-0.0166351546912,-0.100351877954,-0.0010740250685,-0.156802531044,-0.00885947586665,0.0553789935344,-0.0156951931291,0.573809208026,0.818973761687,0.00239109906149,0.0,0.818935364117,-0.573747885539,-0.0117889838491,0.0,-0.00828313989484,0.00872295101029,-0.999927647242,0.0,0.652714465182,0.249432499561,0.303629546629,1.0,-0.01898,-0.0249451428571,0.95
0.45841222101,0.498401013769,-0.12410531915,-1.43310256252,0.07482903386,1.92254551162,0.148851746154,-0.0104750150299,-0.091918815357,0.000694138778832,-0.155994883449,-0.0076233108986,0.0660812406422,-0.0176875571254,0.573780225629,0.818994077574,0.00238756697479,0.0,0.818955607918,-0.573718892605,-0.0117937029147,0.0,-0.00828934015454,0.00872247281734,-0.999927600033,0.0,0.652445902717,0.249098960129,0.303612043373,1.0,-0.01926,-0.0253131428571,0.964
0.458141670416,0.496712919916,-0.124105401106,-1.43578533452,0.0746693914789,1.92349782479,0.148455735516,-0.0218080646222,-0.0955558131875,-0.00301446074464,-0.161713953718,-0.00473567715971,0.0608138591204,-0.0230406122655,0.573770259248,0.819001152556,0.00235555010702,0.0,0.818962101213,-0.573708876364,-0.0118299982552,0.0,-0.00833754272412,0.00871697525971,-0.999927247215,0.0,0.652107747087,0.24866544665,0.30359441135,1.0,-0.0196,-0.02576,0.981
0.457825211832,0.494732714037,-0.124111661584,-1.43899536652,0.0744729537631,1.92460444634,0.148000448378,-0.0139309403795,-0.100521230789,-0.00149504366185,-0.164056267299,-0.0111121029268,0.0636781317732,-0.0194780866503,0.573769628254,0.819001887027,0.00225158627453,0.0,0.81896129541,-0.573708459856,-0.0119057385823,0.0,-0.00845923113795,0.00867528023859,-0.999926587766,0.0,0.651693699602,0.248144510111,0.303542256342,1.0,-0.01998,-0.0262594285714,1.001
0.45759701549,0.493290897233,-0.124120026129,-1.44130884185,0.0743238270615,1.92545788474,0.147664790752,-0.016036014198,-0.109950324864,-0.0032591028397,-0.173453726365,-0.0132869109386,0.0674767313987,-0.0230374375484,0.573763584847,0.819006181041,0.00222957861717,0.0,0.818965337417,-0.573702540903,-0.0119129161754,0.0,-0.00847780028798,0.00866131185237,-0.999926551592,0.0,0.651407044896,0.247769537517,0.303519267698,1.0,-0.022292,-0.0292980571429,1.015
0.457284762506,0.491171796615,-0.124148291551,-1.44466947791,0.0741221991605,1.92669263384,0.147183714103,-0.0206645678965,-0.12671259057,-0.000250530793557,-0.199647976925,-0.014133300983,0.0641837696053,-0.0245571097336,0.57375958558,0.819009008936,0.00221994095033,0.0,0.818968026396,-0.573698567289,-0.0119194182678,0.0,-0.00848869743369,0.00865710782066,-0.999926495549,0.0,0.650986679794,0.24723045858,0.303502224628,1.0,-0.0252645714286,-0.0332048653061,1.033
0.456979638981,0.489235259951,-0.124157149701,-1.44782184142,0.0739286553778,1.92780350081,0.146741905349,-0.0212219833651,-0.132094832774,0.00109064491234,-0.217481761814,-0.0105665799992,0.0788440157302,-0.0310873032055,0.57375861873,0.819009926161,0.00212959711385,0.0,0.818967621984,-0.573697824753,-0.0119827758636,0.0,-0.00859243257435,0.00861945796342,-0.999925934781,0.0,0.650579018199,0.246722902431,0.303445145089,1.0,-0.0277417142857,-0.0364605387755,1.048
0.456576430112,0.486732832146,-0.124189710737,-1.45168463663,0.0736945666704,1.92927848349,0.146173618419,-0.0226222062378,-0.154173589052,-0.00373412168805,-0.234167689769,-0.00742933682048,0.0928270167236,-0.0405851178177,0.573775562322,0.818997813295,0.00222099100691,0.0,0.818956802142,-0.573714494646,-0.0119239993151,0.0,-0.00849167812277,0.00866076185125,-0.999926438598,0.0,0.650115251146,0.246079062167,0.303474191339,1.0,-0.0305491428571,-0.0401503020408,1.065
0.456113442012,0.483834677314,-0.124227392047,-1.4561223278,0.0734147227092,1.93089597338,0.145482745388,-0.0215011114363,-0.161288488813,-0.00262026134244,-0.254359366639,-0.0157709053774,0.0859100185117,-0.0445759461318,0.573758861496,0.819009353453,0.00227919096914,0.0,0.818969189458,-0.573697654712,-0.0118833748237,0.0,-0.00842519082858,0.00868494600231,-0.999926791256,0.0,0.649564939076,0.24533330698,0.303515162842,1.0,-0.0335217142857,-0.0440571102041,1.083
0.455623569945,0.480824915932,-0.124281937139,-1.4607878884,0.0731307796736,1.93252142448,0.144790555273,-0.0277365601402,-0.18297621478,-0.00414271958383,-0.289171846608,-0.0135455539696,0.0992915762218,-0.0406544026434,0.573784225175,0.818991678492,0.00224508394945,0.0,0.818950997566,-0.573723076231,-0.0119097559602,0.0,-0.00846609755304,0.00867241080647,-0.999926554544,0.0,0.649005606974,0.244582872641,0.303521255905,1.0,-0.036164,-0.0475298285714,1.099
0.455155437871,0.478011290297,-0.124310468929,-1.46514350741,0.0728609609972,1.93411144746,0.144157184119,-0.0327908101731,-0.192242082233,-0.00104118847443,-0.296049372242,-0.0163048317535,0.110606352789,-0.0428933026737,0.573807840994,0.818975017948,0.00228658956129,0.0,0.818934881453,-0.573746527749,-0.0118881763537,0.0,-0.00842435881646,0.00869426414969,-0.99992671729,0.0,0.64842381452,0.243800681136,0.303539320218,1.0,-0.0388062857143,-0.0510025469388,1.115
0.454579303741,0.474570807597,-0.124337891041,-1.47036798623,0.0725469466585,1.93605072577,0.143412526891,-0.0334548168207,-0.210689524436,-0.000437044894765,-0.313111060832,-0.020020216034,0.115817477139,-0.0489511762552,0.57385724402,0.818940016275,0.00242077055708,0.0,0.818901569421,-0.573795343695,-0.0118266670952,0.0,-0.00829646380222,0.00876936023093,-0.99992713085,0.0,0.647773814894,0.242919251023,0.303602572079,1.0,-0.0416137142857,-0.0546923102041,1.132
0.453895014206,0.470512919115,-0.124363153424,-1.47665708702,0.0721604913398,1.93824209437,0.142471362064,-0.0368540453816,-0.219341209792,-0.000805016745486,-0.342381478291,-0.0206686520222,0.115202196806,-0.0535232638528,0.573860974,0.818937485416,0.00239257217588,0.0,0.818898376042,-0.573798870498,-0.0118765665128,0.0,-0.00835347113351,0.00877494044103,-0.999926607277,0.0,0.646950465647,0.241857974191,0.303604804142,1.0,-0.0447514285714,-0.0588161632653,1.151
0.453248793665,0.46658745571,-0.124365196056,-1.48252691683,0.0717831052672,1.94048691231,0.14150307271,-0.0372195143126,-0.229065455115,-0.00266965795291,-0.352043047431,-0.0281831295334,0.123107605184,-0.063235916073,0.573774725958,0.818997143797,0.00264371053077,0.0,0.818961424422,-0.573711826393,-0.0117333911314,0.0,-0.00809304164274,0.00889759152922,-0.999927665155,0.0,0.646217273012,0.240888253637,0.303714878975,1.0,-0.0475588571429,-0.0625059265306,1.168
0.452596382001,0.462717888256,-0.124366761316,-1.48852410724,0.0713909130359,1.94253335213,0.140614481158,-0.0412441698388,-0.24670177278,0.000336114937163,-0.384340381753,-0.0270320831261,0.126364623049,-0.0569460896242,0.573756307332,0.819010266118,0.00257501286601,0.0,0.818973390186,-0.573693373241,-0.0118002782637,0.0,-0.00818743885737,0.00887952205706,-0.999927057306,0.0,0.645406902849,0.239885029459,0.30370538294,1.0,-0.0502011428571,-0.065978644898,1.184
0.451946616357,0.45894982973,-0.124376218453,-1.4943571107,0.0709911085373,1.94455415562,0.139739782429,-0.0431967548738,-0.251332639528,0.00116193952606,-0.386926266158,-0.0298703829524,0.137267970235,-0.0596141679806,0.573740124145,0.819021758276,0.00252513699692,0.0,0.818984200611,-0.573677343285,-0.0118292794965,0.0,-0.00823998205369,0.00885515008078,-0.99992684183,0.0,0.644625150409,0.23889493618,0.303698655259,1.0,-0.0526782857143,-0.0692343183673,1.199
0.451149497892,0.454536445884,-0.124386133686,-1.50127569173,0.0705328647491,1.94701209325,0.138668221877,-0.044748910551,-0.261930182538,-0.00106514759647,-0.411360424752,-0.0318656290776,0.143289769582,-0.06568001863,0.57371571642,0.819039005466,0.00247611773369,0.0,0.819000692629,-0.573653000149,-0.0118679313473,0.0,-0.00830002612217,0.00883693101254,-0.999926506408,0.0,0.643706056652,0.237711340625,0.303653433971,1.0,-0.0554857142857,-0.0729240816326,1.216
0.450306466113,0.449785959208,-0.124441502887,-1.50836207691,0.0700412976098,1.949692565,0.137546634769,-0.0477991796345,-0.275837716395,-0.00397658295885,-0.42229607755,-0.0295553722019,0.153160104046,-0.0649293757248,0.573716053057,0.819037943455,0.00273578981741,0.0,0.819003590835,-0.573653026108,-0.011664936238,0.0,-0.00798478501122,0.00893315485278,-0.9999282184,0.0,0.642811923371,0.236466695694,0.303774638428,1.0,-0.0582931428571,-0.076613844898,1.233
0.449407663071,0.44487078322,-0.124475658965,-1.51591884381,0.0695329354154,1.95222996872,0.136428565733,-0.051811661106,-0.288754687759,-0.000931409790271,-0.456647736972,-0.0342006933587,0.154357052084,-0.0675226468563,0.573760768881,0.819006935965,0.0026392870028,0.0,0.818971131789,-0.573697856983,-0.0117388708915,0.0,-0.00810021933739,0.00889697474663,-0.999927612524,0.0,0.641773742201,0.235136104088,0.303766836007,1.0,-0.0611005714286,-0.0803036081633,1.25
0.448464656067,0.439803098938,-0.124485899252,-1.52383349739,0.0689757366565,1.95488799851,0.135158155696,-0.0609189051931,-0.305808903848,0.000262015060613,-0.472361742268,-0.0355634494493,0.163002257198,-0.0792556762528,0.573696487239,0.819052515753,0.00246249269886,0.0,0.819014241796,-0.573634055757,-0.0118485743271,0.0,-0.00829219458703,0.00881447176684,-0.999926769617,0.0,0.640669457159,0.233753850217,0.303697284451,1.0,-0.063908,-0.0839933714286,1.267
0.447515072813,0.434809037303,-0.124504212825,-1.53137556607,0.0684868800974,1.95761704482,0.133929035763,-0.0608814775521,-0.316361784975,-0.00114052228917,-0.470085376098,-0.0327261073316,0.17800217615,-0.0793005725469,0.573673847115,0.81906783459,0.00263559793829,0.0,0.819031778984,-0.57361073642,-0.011764989514,0.0,-0.00812467363606,0.00890807677193,-0.999927315282,0.0,0.639600467786,0.232334741527,0.303766487236,1.0,-0.0667154285714,-0.0876831346939,1.284
0.446357874993,0.429042145538,-0.124540495179,-1.54018347662,0.0678528025458,1.96076880928,0.132521877267,-0.0663843546069,-0.326931741832,-0.00807385852166,-0.508038306577,-0.0396741604944,0.172724128752,-0.0694475668149,0.57370404499,0.819046557441,0.00267439867467,0.0,0.819011286878,-0.573641100232,-0.0117109773908,0.0,-0.00805784585654,0.0089091693292,-0.999927846308,0.0,0.638481559086,0.23081703265,0.303766627719,1.0,-0.0695228571429,-0.0913728979592,1.301
0.445289532579,0.423680205873,-0.124639635701,-1.54842373513,0.0672491877121,1.96344648365,0.131147898921,-0.0669696854307,-0.340154317553,-0.00965960036887,-0.519806239134,-0.0420578335397,0.170698702575,-0.0895587064827,0.573708078087,0.81904438321,0.00246705720474,0.0,0.819006588116,-0.573646074302,-0.0117956331487,0.0,-0.00824608815899,0.00878795532286,-0.999927384299,0.0,0.63731998878,0.229269796146,0.303726597573,1.0,-0.0721651428571,-0.0948456163265,1.317
0.443868415258,0.41671742062,-0.124714590601,-1.55889994522,0.0665052460376,1.96710122003,0.12947877358,-0.0714862043161,-0.352597909228,-0.000923958003371,-0.529856706033,-0.0357865868016,0.204279152197,-0.0891869408254,0.57379150939,0.818985670563,0.00255383360412,0.0,0.818949273989,-0.573729466574,-0.011718904309,0.0,-0.00813256168936,0.00881583770002,-0.999928068636,0.0,0.635881898782,0.227318118549,0.303784100384,1.0,-0.075468,-0.0991865142857,1.337
0.442821691187,0.411718290159,-0.124721384654,-1.566385423,0.0660112273768,1.96981220175,0.128169100031,-0.0750099118739,-0.354695421169,-0.00140821642498,-0.547279154657,-0.0328531052406,0.186052622178,-0.0940300960875,0.573753363369,0.819011765077,0.00274837955345,0.0,0.818977749447,-0.573690482943,-0.0116371213179,0.0,-0.00795437322402,0.00892787108659,-0.999928507977,0.0,0.634858142588,0.225946530394,0.303841519061,1.0,-0.07778,-0.102225142857,1.351
0.441247893847,0.404452620494,-0.124789060331,-1.57761435087,0.0651971509234,1.97346615121,0.126354908028,-0.0798112382092,-0.357899626729,-0.0048512608314,-0.574306683889,-0.0420281284995,0.184871534944,-0.0900298920418,0.573831650086,0.818957837462,0.00245860153443,0.0,0.81891983575,-0.573769559547,-0.0118127919872,0.0,-0.00826366696191,0.00879212075846,-0.999927202561,0.0,0.633230305782,0.223817952702,0.303725684109,1.0,-0.0810828571429,-0.106566040816,1.371
0.439924867127,0.398320397429,-0.124855220138,-1.58665740198,0.0645646170748,1.97666579043,0.124790078176,-0.0882331429795,-0.393330005702,-0.000954142015484,-0.57713797808,-0.0464954105278,0.207170230833,-0.103954045964,0.573865427464,0.818933454482,0.00268611117244,0.0,0.818898599684,-0.573802712951,-0.011673771759,0.0,-0.00801889874402,0.00889899803157,-0.999928249974,0.0,0.631975540508,0.222088885137,0.303832966467,1.0,-0.0837251428571,-0.110038759184,1.387
0.438358976506,0.391318511564,-0.124872307196,-1.59719926358,0.063763176941,1.98021436695,0.122997732792,-0.0868665242157,-0.396452855989,-0.000970267713609,-0.601363104292,-0.0439653186477,0.192083771391,-0.099627640346,0.57387489644,0.818926911134,0.00265788605465,0.0,0.818891813256,-0.573812415876,-0.0116728946661,0.0,-0.00803427423943,0.00887547322874,-0.999928335638,0.0,0.630448950625,0.220076526337,0.303831319863,1.0,-0.0866977142857,-0.113945567347,1.405
