position_joint1,position_joint2,position_joint3,position_joint4,position_joint5,position_joint6,position_joint7,velocity_joint1,velocity_joint2,velocity_joint3,velocity_joint4,velocity_joint5,velocity_joint6,velocity_joint7,ee_T_00,ee_T_10,ee_T_20,ee_T_30,ee_T_01,ee_T_11,ee_T_21,ee_T_31,ee_T_02,ee_T_12,ee_T_22,ee_T_32,ee_T_03,ee_T_13,ee_T_23,ee_T_33,v_x,v_y,time
0.465057791482,0.547842715591,-0.124003519293,-1.35586658662,0.0794739549557,1.89409762924,0.159163503694,-0.000758584972977,-0.00107476986799,5.46909231585e-05,-0.000523247406547,0.00012827763527,4.35596319455e-05,0.00125357304041,0.573827792367,0.818962159694,0.00184190042682,0.0,0.818917878629,-0.573769935072,-0.0119296508994,0.0,-0.00871327333421,0.00835409127166,-0.999927141359,0.0,0.661676203486,0.260862041126,0.303155002542,1.0,0.0,0.0,0.0
0.465060575218,0.54784182324,-0.124003856642,-1.35586655828,0.0794777695196,1.89409872802,0.159157970749,-0.00333949827441,-0.000571242141925,0.000528154316571,-0.000422851166756,0.000228675661945,5.05217073789e-06,-0.000831472944138,0.573822232896,0.818966046533,0.00184568724457,0.0,0.818921782042,-0.573764328832,-0.0119313351781,0.0,-0.00871253664089,0.00835809980006,-0.99992711428,0.0,0.661675590274,0.260864396287,0.303155761787,1.0,-0.00022,-0.000289142857143,0.012
0.465060154629,0.547844961932,-0.124001243471,-1.35586785476,0.0794721410208,1.89409710009,0.159157365808,0.00104442015447,-0.000291310732711,0.000757655368614,0.00182043731254,-0.0002780587053,-3.89849896293e-05,-0.000629062948312,0.573818828844,0.818968448726,0.00183808525528,0.0,0.818924120091,-0.573760990842,-0.0119313797104,0.0,-0.00871696974392,0.00835186348149,-0.999927127752,0.0,0.661674709673,0.260864410895,0.303152683054,1.0,-0.00058,-0.000762285714286,0.03
0.465058820498,0.547822951809,-0.124009132008,-1.35589061826,0.0794732480151,1.89410101967,0.159159757998,0.000146568583242,-0.00157100796389,-0.00116095375715,-0.00149294944785,-2.85938308732e-05,4.69059219448e-05,-0.000557578030912,0.573828917012,0.818961374774,0.00184052462048,0.0,0.818917090477,-0.573771079488,-0.0119287119818,0.0,-0.00871328232328,0.00835243775535,-0.999927155094,0.0,0.661672953376,0.260856996412,0.303158044944,1.0,-0.00088,-0.00115657142857,0.045
0.465061585857,0.547713671937,-0.124001239961,-1.35600825028,0.0794709817105,1.89412922472,0.159160367837,0.00157635567082,-0.0111229125431,0.00183684779726,-0.00671350767746,5.19988741794e-06,0.00794142852657,0.000958978211849,0.573827463913,0.818962341182,0.00186340736369,0.0,0.818918249746,-0.573769428792,-0.0119285253934,0.0,-0.0087000144066,0.0083710549403,-0.999927114938,0.0,0.661652097839,0.260852419311,0.303181656738,1.0,-0.00128,-0.00168228571429,0.065
0.465051043681,0.547612245038,-0.123998843669,-1.35614924274,0.0794715814273,1.89414970107,0.159153836686,-0.00204031884733,-0.00909618400064,0.000426263749196,-0.0128838129976,0.00047938715591,0.000321982079208,-0.00417607818059,0.573836890639,0.818955756933,0.00185419254037,0.0,0.818911406805,-0.573778760147,-0.0119494397603,0.0,-0.00872233411886,0.00837561003508,-0.999926882349,0.0,0.661628699655,0.260832911288,0.303188101711,1.0,-0.00154,-0.002024,0.078
0.465040668053,0.547461192423,-0.124004139311,-1.35636965675,0.0794659097825,1.89423921308,0.159151937275,-0.000401776069921,-0.00528708009795,-0.000602474465544,-0.012448358035,-0.000180960206802,0.00942707520638,0.000775251559244,0.573858416112,0.818940629163,0.00187378340499,0.0,0.818896502699,-0.57380016946,-0.0119427926458,0.0,-0.00870542849447,0.00838806824513,-0.999926925243,0.0,0.661604245358,0.260803965773,0.303198134677,1.0,-0.00188,-0.00247085714286,0.095
0.465014822144,0.547259160738,-0.123999784673,-1.35659710563,0.0794657933107,1.89436648605,0.159136403397,-0.000802055850739,-0.0133693668472,0.000966581348261,-0.017930210135,-0.000745571932501,0.00502090208552,-0.00255834254458,0.573876731966,0.818927571763,0.00196865850743,0.0,0.818884594447,-0.573818002049,-0.0119024536717,0.0,-0.00861776171053,0.00844280788916,-0.999927223941,0.0,0.661588567721,0.260773686334,0.303243892126,1.0,-0.00224,-0.002944,0.113
0.464989268339,0.547081686147,-0.123998841112,-1.35682331676,0.0794617117676,1.89448573714,0.159128883451,-0.00205113487777,-0.0107794825849,0.000408284646965,-0.0211930129087,-0.000102521560494,0.0140193917541,-0.000815157727683,0.573902614341,0.818909275679,0.00203331253581,0.0,0.818867098673,-0.573843575596,-0.0118731781336,0.0,-0.00855641710712,0.00847922395967,-0.999927442611,0.0,0.66157183877,0.260740255419,0.303272247434,1.0,-0.00254,-0.00333828571429,0.128
0.4649559232,0.546857784024,-0.123998866031,-1.35716446518,0.0794540784845,1.89461343908,0.159105114039,-0.00605676750867,-0.0136848555746,0.000588103397737,-0.0220474866627,6.86074443117e-05,0.00612854737251,-0.00465801276992,0.573927547491,0.818891762411,0.00204904545156,0.0,0.818849674988,-0.573868327491,-0.0118785258472,0.0,-0.00855150932265,0.00849543697281,-0.99992734698,0.0,0.66153408529,0.260688062709,0.303279531452,1.0,-0.00288,-0.00378514285714,0.145
0.464915364932,0.546568532225,-0.124003821433,-1.35758880463,0.0794429704455,1.89477038484,0.15898575216,-0.00488179878238,-0.0137021524271,-0.000194832879683,-0.0264707816968,0.000523880872918,0.0135989903974,-0.00954882388989,0.573887251279,0.818919936263,0.00207550268384,0.0,0.818878079628,-0.573827815925,-0.0118775113908,0.0,-0.00853591404191,0.00851609997743,-0.999927304464,0.0,0.661487985141,0.260620653005,0.303296183384,1.0,-0.00324,-0.00425828571429,0.163
0.464871450974,0.546302019904,-0.124007003271,-1.35802464458,0.0794282403122,1.8949245219,0.158924571884,-0.00377247352463,-0.0145335529253,-0.00104054811285,-0.0324090116682,0.000285272866476,0.00557978591562,-0.000498555822362,0.573895785693,0.8189139745,0.00206795409134,0.0,0.818871916913,-0.573836277561,-0.0118935759267,0.0,-0.00855331313299,0.00851922665353,-0.999927129151,0.0,0.661438716772,0.260549603589,0.303290932668,1.0,-0.00356,-0.00467885714286,0.179
0.464821008706,0.545993155826,-0.124004534247,-1.35855803387,0.0794039467016,1.8951062531,0.158892566022,-0.00248339230168,-0.0173326227436,-0.000354566206571,-0.0294942715343,-0.00263945217722,0.00463179518477,-0.00528422250648,0.5739324846,0.818888335948,0.00203550252323,0.0,0.818845746512,-0.57387299645,-0.0119236850936,0.0,-0.00859621221613,0.0085103166445,-0.999926837147,0.0,0.661374567883,0.260466806381,0.303271416971,1.0,-0.0039,-0.00512571428571,0.196
0.464768458674,0.545640059988,-0.124002740326,-1.35915010169,0.0793154492835,1.895312181,0.158818319163,-0.00038207260501,-0.0208132682259,6.26598005888e-06,-0.0359428630705,-0.002168058417,0.0137828650515,0.00181273488197,0.573922986176,0.818895133477,0.001978182899,0.0,0.818852243879,-0.573864175655,-0.0119019954387,0.0,-0.00861144364173,0.00845083097395,-0.999927210598,0.0,0.661307180493,0.260367090233,0.303257271304,1.0,-0.00424,-0.00557257142857,0.213
0.464717328025,0.545275639886,-0.124007730458,-1.35979046511,0.0792778980601,1.8955083916,0.158703192342,-0.00307049452694,-0.0288177898431,-0.000314327721994,-0.0381418277274,-0.000190181710263,0.0145266010518,-0.00370957366952,0.573899643101,0.818911654505,0.00191014811144,0.0,0.818867827258,-0.573841069029,-0.0119438636406,0.0,-0.00868501491426,0.00841890000424,-0.999926843643,0.0,0.661225315232,0.260266388213,0.303227605597,1.0,-0.00456,-0.00599314285714,0.229
0.464652845645,0.544852896266,-0.124009976565,-1.36049667717,0.0792603337297,1.89574980096,0.158655961049,0.000582456857066,-0.020546615477,-0.000200118621657,-0.0484227122185,-0.00455714209654,0.0108287602164,-0.00116721524215,0.573949994325,0.818876419898,0.00188675673791,0.0,0.818832037143,-0.573891271058,-0.0119854433784,0.0,-0.00873197185963,0.00842414421319,-0.999926390522,0.0,0.661140521352,0.260157710719,0.303211721621,1.0,-0.0049,-0.00644,0.246
0.464580220093,0.54436928904,-0.124010713464,-1.36128225428,0.079233011496,1.89603385748,0.158528131112,-0.00465122579511,-0.0270965387217,0.00216743246702,-0.0402714560087,-0.00398891230454,0.0146490511235,-0.00395275750329,0.573941836282,0.818882148508,0.00188210532756,0.0,0.818837502905,-0.573882939095,-0.0120109514054,0.0,-0.00875561412814,0.00843488832949,-0.999926093209,0.0,0.661049812693,0.26003722555,0.303204730954,1.0,-0.00526,-0.00691314285714,0.264
0.464519206766,0.543923823863,-0.124005994496,-1.3620120387,0.0792029503598,1.89629219521,0.158449541527,-0.00314419166367,-0.0326385023769,0.000826326236175,-0.0509704544199,-0.00352236555928,0.0173292727319,-0.00849951923016,0.573956761611,0.818871719157,0.00186822573045,0.0,0.818826714475,-0.573897751543,-0.0120386601062,0.0,-0.00878611691137,0.00843958599361,-0.999925786015,0.0,0.660961585373,0.259931514262,0.303194837675,1.0,-0.00556,-0.00730742857143,0.279
0.464431644485,0.543349552283,-0.124013858761,-1.36290629943,0.0791501073791,1.89659976391,0.158334391214,-0.00215005740582,-0.0357083713724,-3.26382146562e-05,-0.0493701986508,-0.00141934115235,0.0171234808411,-0.00769451547952,0.573975224361,0.818858803659,0.00185698429872,0.0,0.818813641986,-0.573916251203,-0.0120458791052,0.0,-0.00879829008023,0.00843472263335,-0.999925720014,0.0,0.660859656937,0.259782798339,0.303202386671,1.0,-0.00592,-0.00778057142857,0.297
0.46434947977,0.542797891866,-0.124017293168,-1.36379856648,0.0790869280676,1.89691826382,0.158241952576,-0.00583689623438,-0.0378083315202,-0.000619768656251,-0.051577959641,-0.00656301448608,0.0198671411907,-0.00593436848652,0.574001951335,0.81884012635,0.00183145946342,0.0,0.81879471124,-0.573943162962,-0.0120504537983,0.0,-0.0088164112167,0.00841673536541,-0.99992571197,0.0,0.660757783749,0.259639230871,0.303195606814,1.0,-0.00626,-0.00822742857143,0.314
0.464278222753,0.542222770672,-0.124017205098,-1.36467070235,0.0790469685319,1.89724064708,0.158109921467,-0.00504373253347,-0.0376954075975,0.00176023090322,-0.0572491835881,-0.00469186338538,0.0191113902175,-0.00612549377054,0.573989911229,0.818848500891,0.00186045631195,0.0,0.818803336729,-0.573930875218,-0.0120496113446,0.0,-0.00879920227835,0.00843986567568,-0.999925668591,0.0,0.660656883388,0.259511644699,0.303215187003,1.0,-0.00658,-0.008648,0.33
0.464189409644,0.541603706109,-0.124021534301,-1.36562285746,0.078987002587,1.89759743677,0.157976226108,-0.00748573502506,-0.0357064992665,-0.0015188581427,-0.0552025982582,-0.00635487559594,0.0223165360648,-0.0059172545042,0.573993066335,0.818846249113,0.00187803456642,0.0,0.818801357238,-0.573933994451,-0.0120355432019,0.0,-0.0087775605217,0.00844621821525,-0.999925805162,0.0,0.660552085693,0.259360082929,0.303230776448,1.0,-0.00692,-0.00909485714286,0.347
0.464105295671,0.540928246809,-0.124021225197,-1.36665457163,0.0789305559372,1.89799151828,0.157854265569,-0.00639586668982,-0.0381640108814,-0.00108100898128,-0.0635074078118,-0.000815800151052,0.0256041155907,-0.0138847365209,0.574004066503,0.818838457396,0.00191291089043,0.0,0.818793974925,-0.573944798124,-0.0120225719045,0.0,-0.00874680738055,0.00846744809929,-0.999925895096,0.0,0.660435204183,0.259208719158,0.303251370643,1.0,-0.00726,-0.00954171428571,0.364
0.464010498536,0.540255637068,-0.124021888262,-1.36768780385,0.0788705858855,1.89836859103,0.157718502012,-0.00514745226747,-0.0419924519748,0.000851450530136,-0.0718021613882,-0.000850249935659,0.0218140558537,-0.0122760517826,0.574012141624,0.818832760699,0.00192825714789,0.0,0.81878844308,-0.573952771861,-0.0120186543812,0.0,-0.0087347075821,0.00847785143366,-0.999925912715,0.0,0.660317500098,0.259047804592,0.303267675825,1.0,-0.00758,-0.00996228571429,0.38
0.463910192394,0.539517693973,-0.124030104513,-1.36883045186,0.0787967292702,1.89880960476,0.157575213861,-0.00583414911522,-0.0463934959856,0.00106227917771,-0.0655137630454,-0.00437527016451,0.0296318120383,-0.013489609351,0.574026294408,0.818822779602,0.00195341617469,0.0,0.818778892118,-0.573966914446,-0.0119939086425,0.0,-0.00869985685776,0.00848439821585,-0.999926161013,0.0,0.660192708459,0.25886884406,0.303283743857,1.0,-0.00792,-0.0104091428571,0.397
0.463802689504,0.538760836533,-0.124036084694,-1.37001003225,0.0787306902605,1.89925614175,0.157443152808,-0.00902219850584,-0.0440788084644,-0.000501786716473,-0.0719731933458,-0.00926945787676,0.0324061398518,-0.00711635230849,0.5740579641,0.818800527528,0.00197405041162,0.0,0.818756896122,-0.57399847991,-0.0119848660645,0.0,-0.0086802798427,0.00849643878357,-0.999926228914,0.0,0.660061649356,0.258683942416,0.303295895819,1.0,-0.00826,-0.010856,0.414
0.463699419833,0.537983880079,-0.124039685744,-1.37124497797,0.0786664143345,1.89972907574,0.157291098671,-0.00272717823077,-0.0384138029501,0.00087288772027,-0.0756281982311,-0.00261876762582,0.03408227737,-0.0135313434326,0.574071633691,0.818790905049,0.00199000033373,0.0,0.8187474136,-0.574012013673,-0.0119844809368,0.0,-0.00867066683125,0.00850942200939,-0.999926201914,0.0,0.659921573921,0.25849899085,0.303297987041,1.0,-0.0086,-0.0113028571429,0.431
0.463591285613,0.537155622648,-0.124050618683,-1.37252590724,0.0785906011559,1.90019822462,0.157131392286,-0.0116678727036,-0.0533332064364,-0.000969534488963,-0.073330565006,-0.00686378150796,0.0283581511261,-0.0124046285747,0.57408731535,0.818779880452,0.00200215437309,0.0,0.818736568744,-0.574027663031,-0.0119758080589,0.0,-0.00865642535801,0.0085145604309,-0.999926281563,0.0,0.659774739566,0.258299688786,0.303314160618,1.0,-0.00894,-0.0117497142857,0.448
0.463475979696,0.536324672763,-0.124050993645,-1.37384071986,0.0785143646573,1.90070117753,0.156967601617,-0.00673336970229,-0.0481450476895,-0.00065440925207,-0.0790826354125,-0.00675371058964,0.0311105817898,-0.00695303391846,0.574099924251,0.818770999282,0.00201856653219,0.0,0.818727881855,-0.574040182047,-0.0119696186158,0.0,-0.00864180467702,0.00852457796649,-0.999926322677,0.0,0.659626028985,0.258100028975,0.303318551798,1.0,-0.00928,-0.0121965714286,0.465
0.463372751701,0.535487637875,-0.124054362995,-1.37516176044,0.0784428133712,1.90117439581,0.156803953307,-0.00286893139584,-0.0529160858108,0.000462908495467,-0.0849440278063,-0.00391545376652,0.036359946776,-0.0111577187373,0.574106127339,0.818766663424,0.0020130368768,0.0,0.818723376396,-0.574046311476,-0.0119838276436,0.0,-0.00865654884623,0.00852827342347,-0.999926163631,0.0,0.659467098973,0.257904699884,0.303321642092,1.0,-0.0096,-0.0126171428571,0.481
0.463250960338,0.534594172032,-0.124053191254,-1.37660730099,0.0783673331237,1.90170018451,0.156640013849,-0.010945909229,-0.0499316588439,-0.000172017561315,-0.0917587881468,-0.00172001131624,0.033246765141,-0.00196564963142,0.574129840004,0.818750077037,0.00199626431477,0.0,0.818706423475,-0.574069946831,-0.0120097963138,0.0,-0.00868719356349,0.00852970107676,-0.999925885687,0.0,0.659294852305,0.257688670151,0.30330955405,1.0,-0.00994,-0.013064,0.498
0.463120265474,0.533630917074,-0.12405316099,-1.378172323,0.0782738368071,1.90227376395,0.156442227564,-0.00227248233061,-0.0514852007073,0.000308510109276,-0.0880321636915,-0.00432770355106,0.0348520058522,-0.00140732579469,0.574135498005,0.818746169452,0.00197150671944,0.0,0.81870214897,-0.574075666859,-0.0120277551456,0.0,-0.00871605222894,0.00851980201093,-0.999925718945,0.0,0.659109349569,0.257453196413,0.30329380162,1.0,-0.0103,-0.0135371428571,0.516
0.463007362944,0.532799074145,-0.12405065631,-1.37952284499,0.0781981165103,1.90279296454,0.156263458792,-0.00202830841484,-0.0556358547242,-0.000395052938171,-0.0929765591045,-0.000506215685074,0.0348450987427,-0.00681114272045,0.574145205504,0.81873936004,0.00197236385881,0.0,0.818695295104,-0.574085315077,-0.0120337728189,0.0,-0.00872038622374,0.00852406209415,-0.99992564485,0.0,0.658943504187,0.25723797789,0.303282762589,1.0,-0.01062,-0.0139577142857,0.532
0.462860892166,0.531761397192,-0.124050420099,-1.38118651461,0.0781011637471,1.90339099234,0.15604926972,-0.00785251078724,-0.0529747614666,0.00123136818191,-0.0942607135099,-0.00519694795582,0.03230634764,-0.0174704870898,0.574142507696,0.818741301856,0.00195151046209,0.0,0.818696871873,-0.574082617005,-0.0120551955092,0.0,-0.00874992669532,0.00851925971328,-0.999925427718,0.0,0.658754704577,0.256998491556,0.30327398195,1.0,-0.01096,-0.0144045714286,0.549
0.46272951088,0.530753117998,-0.124056377943,-1.3828199827,0.0779969864381,1.90396395661,0.155845663208,-0.00504069069676,-0.0591038995379,0.000373480144105,-0.0925969421633,-0.0082895404165,0.0358884485719,-0.0199181416799,0.574148313928,0.818737345739,0.0019024212467,0.0,0.818692279041,-0.574088640784,-0.0120802178434,0.0,-0.00879853646447,0.008493497819,-0.999925220329,0.0,0.658555152772,0.256749875314,0.303256896979,1.0,-0.0113,-0.0148514285714,0.566
0.462602990237,0.5298396095,-0.124056354023,-1.38427583609,0.077904297229,1.90449446007,0.155659360807,-0.0145563392298,-0.0574144654781,-0.00194403548109,-0.0952158450161,-0.00843609431668,0.0398953333383,-0.0162855306687,0.574158635155,0.818730127931,0.00189372521697,0.0,0.81868499649,-0.574099046012,-0.0120792711591,0.0,-0.00880264685913,0.00848594564571,-0.999925248273,0.0,0.658376097408,0.256503378389,0.303256553803,1.0,-0.01162,-0.015272,0.582
0.46245035887,0.528694311587,-0.124061796695,-1.38604896401,0.077796306216,1.90516515612,0.155406360666,-0.0078492492484,-0.0645922678086,0.000192250731521,-0.0959528805337,-0.0145090455858,0.039609070427,-0.0134287822701,0.57414231627,0.818741502276,0.00192354366202,0.0,0.818696747917,-0.57408258677,-0.0120650494421,0.0,-0.00877405271174,0.00850201806339,-0.999925363059,0.0,0.658178017965,0.256255736126,0.303274414324,1.0,-0.01196,-0.0157188571429,0.599
0.462319967372,0.527571253819,-0.124070467145,-1.38776946194,0.0776874161072,1.9058361607,0.155163840038,-0.00810751989144,-0.0682988064046,-0.00186878596275,-0.104609089218,-0.00443607751212,0.0377249495668,-0.0220529573911,0.574120597192,0.818756596783,0.00198040544987,0.0,0.818712698198,-0.574060735452,-0.0120223426509,0.0,-0.00870666697549,0.00852382174177,-0.999925766451,0.0,0.657979934555,0.256003312521,0.303304557765,1.0,-0.0123,-0.0161657142857,0.616
0.462180036012,0.526490130494,-0.124068289138,-1.38945442626,0.0775836591899,1.90647616043,0.154934786599,-0.0114373869713,-0.0649997654468,-0.000614562361286,-0.100906014481,-0.00537593852488,0.0333272215913,-0.0201194076703,0.574109216981,0.818764504848,0.00200984553239,0.0,0.818720993718,-0.574049234549,-0.0120065673551,0.0,-0.00867696794455,0.00853874811176,-0.999925897258,0.0,0.657782063097,0.255753349677,0.30331880266,1.0,-0.01262,-0.0165862857143,0.632
0.462021138754,0.525229104082,-0.124070575741,-1.39139847443,0.0774611176548,1.90717094702,0.154674222926,-0.00460487663741,-0.0712086852462,0.000950971344434,-0.108730449209,-0.00967592061911,0.0410811049862,-0.0157852049963,0.57409906443,0.818771603876,0.00201787191578,0.0,0.818728188158,-0.5740390401,-0.0120033852574,0.0,-0.00866986066327,0.00854338535047,-0.999925919297,0.0,0.657545393714,0.255460670207,0.303340873668,1.0,-0.01298,-0.0170594285714,0.65
0.461869099612,0.524061114396,-0.124075368778,-1.39328919961,0.0773496950366,1.90784875068,0.154414898742,-0.0117461698238,-0.0641543755991,-0.000383267881039,-0.110715138864,-0.00438519549063,0.046250823485,-0.0165692555435,0.574086119102,0.818780773607,0.00197977941817,0.0,0.818736784426,-0.574026183684,-0.0120318400177,0.0,-0.00871516184752,0.00852839477414,-0.999925653455,0.0,0.65731297157,0.255176818062,0.303321231777,1.0,-0.01332,-0.0175062857143,0.667
0.461726980147,0.522985297497,-0.124083240765,-1.39498812958,0.0772486594907,1.90849795856,0.15418952418,-0.0120770625716,-0.0752387442171,-0.000957093171591,-0.116607486473,-0.00260890937735,0.0501326146227,-0.0160649818536,0.574087546677,0.818779724283,0.00199968862249,0.0,0.818736016747,-0.574027547346,-0.0120190128402,0.0,-0.00869321503536,0.00853734706282,-0.999925768104,0.0,0.657114590911,0.254918993872,0.303325389157,1.0,-0.01362,-0.0179005714286,0.682
0.461548489715,0.521672613745,-0.124084009007,-1.39706629274,0.0771107912279,1.90929957046,0.153898931634,-0.0073032020075,-0.0702005846906,-3.6564085186e-06,-0.120769234825,-0.00332245983663,0.046956813394,-0.0210952264067,0.574070438328,0.818791665617,0.00202164681562,0.0,0.818748365268,-0.574010466816,-0.0119935507306,0.0,-0.0086599396777,0.00854052738209,-0.999926029683,0.0,0.656872603343,0.254603939948,0.303328161352,1.0,-0.01398,-0.0183737142857,0.7
0.461367156636,0.52030373512,-0.124084342235,-1.39921535719,0.0769838491674,1.91009305261,0.153620971291,-0.00752212667589,-0.0783299308919,0.00155066679939,-0.117350847015,-0.00948694682106,0.0481900214227,-0.0200147806064,0.574071942098,0.818790580024,0.00203427166697,0.0,0.818747375173,-0.574011848868,-0.0119949950729,0.0,-0.00865385954605,0.00855170935157,-0.999925986752,0.0,0.65661299592,0.254280871425,0.303335554013,1.0,-0.01434,-0.0188468571429,0.718
0.461209689431,0.519070103721,-0.124095753984,-1.40116845512,0.0768526226963,1.91078564371,0.153357945005,-0.0103001412255,-0.0743306657395,-0.000999048132326,-0.12516589192,-0.00749299111209,0.0502856857375,-0.0181917836434,0.574061800065,0.818797769451,0.00200233603732,0.0,0.818754236315,-0.574001930115,-0.0120013183309,0.0,-0.00867747499789,0.00852908372854,-0.999925975339,0.0,0.656371905281,0.253981060754,0.303332450131,1.0,-0.01466,-0.0192674285714,0.734
0.461043552392,0.517780177453,-0.12409679969,-1.40316420019,0.0767298423694,1.91150420795,0.153081701986,-0.0108018357393,-0.0855091589304,-0.000328393741182,-0.124044421021,-0.00908417634084,0.0411479832086,-0.0219722406541,0.574044937413,0.818809565105,0.00201316290759,0.0,0.818766128488,-0.573984979718,-0.0120007000192,0.0,-0.00867092963522,0.00853741506297,-0.999925961021,0.0,0.656126119886,0.253680431413,0.303350111524,1.0,-0.01498,-0.019688,0.75
0.460836447014,0.516271583486,-0.124107848577,-1.40554500212,0.0765744476617,1.91240235799,0.152754711196,-0.00940708386032,-0.0829158948978,-0.00174742010097,-0.126240425593,-0.00481079048246,0.0541807364406,-0.0139078948891,0.574036514086,0.818815440456,0.00202530686729,0.0,0.818772273684,-0.573976616097,-0.0119814407213,0.0,-0.00864827638539,0.00853621392259,-0.999926167458,0.0,0.65586022207,0.253331032806,0.303352606981,1.0,-0.01534,-0.0201611428571,0.768
0.460686352643,0.515142616472,-0.124106721324,-1.4073512862,0.0764580222629,1.91307624165,0.152516275067,-0.00793282062878,-0.0750200799229,-0.00044448644719,-0.130319479321,-0.0103275576851,0.0513719847179,-0.0153134704611,0.57402936505,0.818820470769,0.00201782341981,0.0,0.818777248866,-0.573969541294,-0.0119803717795,0.0,-0.00865177105116,0.00852939733133,-0.999926195396,0.0,0.655624001303,0.25304082406,0.303343675313,1.0,-0.01564,-0.0205554285714,0.783
0.460487819741,0.51364623738,-0.124109124667,-1.40975199686,0.0763177460404,1.91391394978,0.152173836982,-0.0127462599785,-0.0840148391212,-0.00134979342696,-0.129032342812,-0.0110200678402,0.0444941821828,-0.016466675683,0.574001386293,0.818840212996,0.00196494663758,0.0,0.818796129672,-0.573941622313,-0.0120274316529,0.0,-0.0087209479408,0.00851281704228,-0.999925735749,0.0,0.655318407924,0.25267826237,0.303322559832,1.0,-0.016,-0.0210285714286,0.801
0.460292633131,0.512229649941,-0.124109673676,-1.41203891174,0.0761748852838,1.9147190393,0.151855636771,-0.00773064212348,-0.090505989162,0.000196394781843,-0.138045251675,-0.0133697353564,0.0479650593708,-0.0164860942812,0.573982100699,0.818853866858,0.00190780238931,0.0,0.818808956619,-0.573922508038,-0.0120662433718,0.0,-0.00878572846381,0.00848809682407,-0.99992537881,0.0,0.655029190091,0.252328885318,0.303296328092,1.0,-0.01634,-0.0214754285714,0.818
0.460107291757,0.510878303144,-0.124113570521,-1.41420113875,0.0760454323954,1.91554345122,0.151547164992,-0.0102666538843,-0.0867452455921,-0.000297527593343,-0.135883756424,-0.010473113506,0.0526032582204,-0.0240013996627,0.573966537404,0.818864739216,0.0019234632772,0.0,0.81882001918,-0.573906864546,-0.0120595985523,0.0,-0.00877146012286,0.00849693985348,-0.99992542897,0.0,0.654785899621,0.252023909737,0.303288724163,1.0,-0.01664,-0.0218697142857,0.833
0.45990560874,0.509385877881,-0.124111023398,-1.41656072472,0.0759000341269,1.91642254453,0.151221349044,-0.0097401779192,-0.0891370324735,-0.00173884326981,-0.134918728161,-0.00821508648125,0.0460906541966,-0.0178101638839,0.573945771976,0.818879309722,0.00191672679817,0.0,0.818834445536,-0.573886076716,-0.0120693271046,0.0,-0.00878350853563,0.00849678477672,-0.999925324525,0.0,0.654460469821,0.251624902769,0.303275464292,1.0,-0.01702,-0.0223691428571,0.852
0.459685192268,0.507778559918,-0.124121679847,-1.41907971704,0.0757420485914,1.91732036552,0.150869781836,-0.00826779985349,-0.0975118408331,-0.000536040511235,-0.142272454758,-0.00646073420548,0.0526248223186,-0.0183623775336,0.573930630407,0.818889934259,0.00191153124998,0.0,0.818845001125,-0.573870958707,-0.0120720249576,0.0,-0.00878885666557,0.00849391623693,-0.999925301903,0.0,0.654163602077,0.251253891733,0.303286386681,1.0,-0.01736,-0.022816,0.869
0.459478146086,0.506322449687,-0.12412236272,-1.42137934123,0.0755964517648,1.91817816171,0.150553360673,-0.0115390523735,-0.0952669324874,-0.000487533306832,-0.138791618836,-0.0121858733868,0.0632500335885,-0.0181629953651,0.573921224276,0.818896507144,0.00191984718065,0.0,0.818851692821,-0.573861527283,-0.0120664646662,0.0,-0.00877962836852,0.00849743388965,-0.999925353085,0.0,0.653882389046,0.250899076475,0.303284386356,1.0,-0.01768,-0.0232365714286,0.885
0.459275271957,0.504804148464,-0.124128754977,-1.42370573699,0.0754442206941,1.91907894575,0.150231680658,-0.00858281683491,-0.0989505480384,-0.000461074035423,-0.145293748456,-0.010916657624,0.0600641868167,-0.0202631783863,0.573907461897,0.818905983505,0.00199054282444,0.0,0.818862232247,-0.573847598294,-0.0120135520514,0.0,-0.00869586886133,0.00852481163581,-0.999925851977,0.0,0.653604677571,0.250543181213,0.303316438423,1.0,-0.018,-0.0236571428571,0.901
0.459032055394,0.503028286771,-0.124135168888,-1.42632161262,0.0752825590843,1.92007050849,0.149867905081,-0.0114928731345,-0.100878574018,-0.000703022299981,-0.14117944807,-0.00728340060753,0.0573759141226,-0.0184811789023,0.573904051963,0.818908051893,0.0021186282136,0.0,0.818866018588,-0.573843700153,-0.011941452943,0.0,-0.00856335538411,0.00858828623157,-0.999926452437,0.0,0.653291939062,0.25013468196,0.303397793012,1.0,-0.01836,-0.0241302857143,0.919
0.458805869673,0.501413290159,-0.124137739978,-1.42872924068,0.0751265845337,1.92092526349,0.149541022029,-0.0154773437213,-0.104702852627,4.15908929123e-05,-0.153923713355,-0.0143232487209,0.0571556896975,-0.0186474793676,0.573904067803,0.81890790732,0.00216960575969,0.0,0.818866538975,-0.573843508906,-0.0119149290551,0.0,-0.00851237932597,0.00861480967347,-0.999926659537,0.0,0.652991144556,0.249753999272,0.303453312794,1.0,-0.01868,-0.0245508571429,0.935
0.458563458976,0.499711391666,-0.124138348298,-1.4313251147,0.0749652691192,1.92185770738,0.149168618271,-0.0157864461291,-0.102994456417,-0.000621821243818,-0.152871861452,-0.0157722305867,0.0579913444552,-0.0267656963336,0.573886615615,0.818920047658,0.00220337533495,0.0,0.818879053599,-0.573825856142,-0.0119050115777,0.0,-0.00848506227431,0.00863659099331,-0.999926703821,0.0,0.652665605658,0.249347178628,0.303485996602,1.0,-0.01902,-0.0249977142857,0.952
0.458305313779,0.498027054591,-0.124141194011,-1.4339716215,0.0748001397991,1.92283244097,0.148785270681,-0.0195007099753,-0.0992480519223,-0.00514111106701,-0.158997429706,-0.00401682613028,0.0538293249299,-0.0237184004038,0.573875984899,0.818927474374,0.00221191591662,0.0,0.818886564412,-0.573815164818,-0.0119037032443,0.0,-0.00847920198824,0.00864272404824,-0.999926700541,0.0,0.652339263774,0.248924886966,0.303485508505,1.0,-0.01936,-0.0254445714286,0.969
0.458062795996,0.496453103348,-0.124138668965,-1.43649176307,0.074644573746,1.9237198995,0.14840903542,-0.0128872276692,-0.0975115623811,0.000583594716888,-0.162117631206,-0.00999870293879,0.0523025321327,-0.0241986316148,0.573850012123,0.818945804242,0.00216337775162,0.0,0.818904124306,-0.573789252378,-0.0119447039031,0.0,-0.00854090668053,0.00862623352454,-0.99992631779,0.0,0.652016321232,0.248525289463,0.303459927553,1.0,-0.01968,-0.0258651428571,0.985
0.457798918326,0.494772219851,-0.12414145749,-1.43922916656,0.074470210761,1.92466628004,0.148016627546,-0.0111725758488,-0.101094299525,-0.00267893752083,-0.159918857043,-0.00812509830546,0.06069883162,-0.0183047266433,0.573837314244,0.818954950693,0.00206698274567,0.0,0.81891190116,-0.573776843764,-0.0120074393605,0.0,-0.00864773156912,0.0085831587759,-0.999925770307,0.0,0.651661628352,0.248085461785,0.303410176995,1.0,-0.0203662857143,-0.0267671183673,1.002
0.457507440567,0.492815238397,-0.124196181147,-1.44227648817,0.0742947006034,1.92579249564,0.147594787601,-0.0193262323072,-0.134822361766,-0.00192258577854,-0.193693549183,-0.00326870703409,0.0725851703272,-0.0266089185439,0.573875884353,0.818927860441,0.00209180624297,0.0,0.818885214644,-0.573815384347,-0.011985692503,0.0,-0.00861527278477,0.00859141450034,-0.999925979596,0.0,0.651292104118,0.247576077844,0.303421507745,1.0,-0.0269331428571,-0.035397844898,1.019
0.457174289724,0.490354685343,-0.124231442719,-1.44617628862,0.0740780470099,1.92724789785,0.147012963533,-0.0178156934585,-0.151590758873,-0.000833127198877,-0.253747030831,-0.00829806253771,0.093834393843,-0.0335708793458,0.573834763033,0.818956629824,0.00210952686895,0.0,0.818914084098,-0.573774063326,-0.0119914144778,0.0,-0.0086102223577,0.00860877749469,-0.999925873763,0.0,0.650800424745,0.246972368727,0.303404464423,1.0,-0.0335,-0.0440285714286,1.036
0.456698180524,0.487307224712,-0.124248770435,-1.4510225344,0.0737968638983,1.92902279144,0.14631265787,-0.0339321322662,-0.193452612827,-0.00395216949708,-0.303619967542,-0.0170542451154,0.107219157324,-0.0454332297841,0.573828877306,0.818960791308,0.0020949393846,0.0,0.818917819115,-0.573768003942,-0.0120262251094,0.0,-0.00864716412768,0.0086167443438,-0.999925486359,0.0,0.650188736464,0.246193402032,0.303370489496,1.0,-0.0400668571429,-0.0526592979592,1.053
0.456142070013,0.483668349723,-0.12434252146,-1.45664668286,0.0734520131422,1.93110499383,0.145456851526,-0.0379464436165,-0.223980314196,-0.00361976205431,-0.350407529496,-0.0199345380275,0.123705200719,-0.0498884758991,0.573835513544,0.81895597314,0.0021597121146,0.0,0.818914122631,-0.57377464671,-0.0119608298068,0.0,-0.00855636969505,0.00863233386521,-0.999926132947,0.0,0.649499196404,0.24524429267,0.303403228951,1.0,-0.0466337142857,-0.0612900244898,1.07
0.455523731891,0.479743764636,-0.124423520708,-1.46282244767,0.0730843699339,1.93325193064,0.144518051414,-0.0426884690386,-0.255978058812,-0.00359435202006,-0.405001087985,-0.0272237187485,0.136937858666,-0.0575737043287,0.573833979146,0.818957284011,0.00206839168622,0.0,0.81891409024,-0.573773341743,-0.0120254734726,0.0,-0.00866172784933,0.00859462586306,-0.999925550667,0.0,0.648702115604,0.244202416589,0.303373726249,1.0,-0.0528142857143,-0.0694130612245,1.086
0.454753641045,0.475008431897,-0.124517832274,-1.47012616066,0.0726454931728,1.9359045385,0.143484109312,-0.0434222531471,-0.289614541874,-0.00804003245589,-0.44743101666,-0.0243580332966,0.16667051108,-0.0687677874903,0.573921505973,0.818895785302,0.00213182940273,0.0,0.818853464054,-0.573860635811,-0.011988409998,0.0,-0.00859405090543,0.00862622829308,-0.999925862489,0.0,0.647785332319,0.242955006405,0.303408730502,1.0,-0.0593811428571,-0.0780437877551,1.103
0.453826866981,0.469422523824,-0.124557693627,-1.47864021612,0.0721456363589,1.93899620131,0.142183343723,-0.0523635802554,-0.329891076663,7.15955528545e-05,-0.484700952448,-0.0258811940221,0.181804004505,-0.0797824914834,0.573924199779,0.818893587411,0.00224773354889,0.0,0.818852386362,-0.573862454534,-0.0119749540952,0.0,-0.00851648719539,0.00871344568774,-0.9999257699,0.0,0.646754792761,0.241603272538,0.303468939633,1.0,-0.065948,-0.0866745142857,1.12
0.452974902704,0.464307437143,-0.124606289945,-1.48640201822,0.0716436012141,1.94184656442,0.140920457573,-0.0580686261116,-0.348180704435,-0.00488479372558,-0.535655552873,-0.0365685743722,0.188759211589,-0.0842499351471,0.57384607358,0.818947763614,0.00244769484871,0.0,0.818909342762,-0.57378372823,-0.0118519389541,0.0,-0.00830183126109,0.00880579835188,-0.999926766075,0.0,0.64570773885,0.240211148246,0.303568673106,1.0,-0.0721285714286,-0.0947975510204,1.136
0.451823746701,0.457666252553,-0.124652364245,-1.49672518268,0.0709666096505,1.9453555167,0.139396073814,-0.0632423948222,-0.377687163914,-0.00687965209368,-0.593723126945,-0.0385430888202,0.204418897782,-0.0933062792615,0.57386902141,0.818932131869,0.00229271879409,0.0,0.818891361292,-0.573806939499,-0.0119700244516,0.0,-0.00848722309366,0.00874688223723,-0.999925726789,0.0,0.644314957317,0.238440552678,0.303533263538,1.0,-0.0790817142857,-0.103935967347,1.154
0.450722002247,0.451242065473,-0.124749210558,-1.50643415416,0.0702961242215,1.94884023865,0.137822867432,-0.0715399547366,-0.423856667793,-0.00532462987674,-0.619934644791,-0.0447643585901,0.232810768736,-0.103555844263,0.573814665742,0.81896984364,0.0024231155715,0.0,0.818931295568,-0.573752622631,-0.0118409486719,0.0,-0.00830727090902,0.00877904420233,-0.999926956149,0.0,0.64304745518,0.236743223858,0.303629503634,1.0,-0.0852622857143,-0.112059004082,1.17
0.449505444915,0.444396879153,-0.124786151278,-1.51670167392,0.0696278808808,1.95261958021,0.136264546762,-0.0787492870073,-0.438419954963,-0.0016126228435,-0.662275377312,-0.0464793958823,0.230843417558,-0.0970155593872,0.573842771499,0.818949225536,0.00271781024383,0.0,0.818914591554,-0.573779737176,-0.0116812605199,0.0,-0.00800708896993,0.00892903328865,-0.999928076859,0.0,0.641704777705,0.23496999213,0.303761851284,1.0,-0.0914428571428,-0.120182040816,1.186
0.448018197405,0.436304560203,-0.124810468659,-1.52925009775,0.0687794369336,1.95684915484,0.134248838714,-0.0832960157226,-0.463834351515,0.00233417033511,-0.723263970178,-0.0416300512498,0.249542819318,-0.119297016951,0.573748445607,0.819015946384,0.00251945091343,0.0,0.818978221719,-0.573685585316,-0.0118434982784,0.0,-0.00825480020955,0.00885873471468,-0.999926687859,0.0,0.639949953662,0.232786611293,0.30368845044,1.0,-0.098396,-0.129320457143,1.204
0.446477872066,0.428077349266,-0.124847496584,-1.54159379496,0.0679316927081,1.96128877095,0.132238267101,-0.097314409895,-0.491529941644,0.00105713407497,-0.760751907931,-0.0484677979675,0.264096180778,-0.123729992485,0.573691743586,0.819054874593,0.0027645338919,0.0,0.819020542968,-0.573628225231,-0.0116942855779,0.0,-0.00799260081976,0.00897329789614,-0.999927796522,0.0,0.638175252331,0.230471761518,0.303802135622,1.0,-0.105349142857,-0.138458873469,1.222
0.444883128344,0.420016248679,-0.124913356962,-1.55397846956,0.0670411195391,1.96541652602,0.130170819564,-0.105102531726,-0.504143554315,-0.00547693803889,-0.796220992812,-0.0593822655693,0.260544347456,-0.126357669596,0.573628356152,0.819099896105,0.00257218196526,0.0,0.819062971775,-0.573565436445,-0.0118019186247,0.0,-0.00819179336522,0.0088768650917,-0.999927045233,0.0,0.636527502065,0.228346997008,0.303749393726,1.0,-0.111143428571,-0.146074220408,1.237
0.443082379736,0.410930995324,-0.125030828256,-1.56757580853,0.0660775208418,1.97025942692,0.127919254057,-0.110671599592,-0.54228531607,-0.00188928912399,-0.819480787659,-0.0481966992986,0.279118614668,-0.141254435485,0.57364129311,0.819090068584,0.00280593796425,0.0,0.819056720531,-0.573578142815,-0.0116167783875,0.0,-0.00790591533316,0.00896225867427,-0.999928584661,0.0,0.634659484823,0.225840048091,0.303854955537,1.0,-0.117710285714,-0.154704946939,1.254
0.441055906745,0.401521415916,-0.125094516377,-1.58199749267,0.0651237861918,1.97499145878,0.12552603186,-0.125622170763,-0.560015766394,-0.0090862885386,-0.861597598734,-0.0574228711129,0.279359031381,-0.148399561779,0.573705292886,0.819045951191,0.00259107177348,0.0,0.819008742049,-0.573641717044,-0.011857816586,0.0,-0.00822590817785,0.0089251744085,-0.999926335135,0.0,0.63256408108,0.223134888137,0.303756915577,1.0,-0.124277142857,-0.163335673469,1.271
0.439028752162,0.39215594372,-0.12523804544,-1.59587899324,0.0640750214222,1.97984939882,0.123149574174,-0.127823545205,-0.577016132264,-0.00313201765009,-0.895725848696,-0.0755590827217,0.298475675979,-0.159528169231,0.573775285237,0.81899620717,0.00280741752525,0.0,0.818962735499,-0.573711950876,-0.0116353851386,0.0,-0.00791883977431,0.00897543956791,-0.999928364165,0.0,0.630620822247,0.220446128493,0.303875319817,1.0,-0.130457714286,-0.171458710204,1.287
0.436590539428,0.381264776804,-0.125343712764,-1.61223224066,0.0628399960572,1.98523804624,0.120247431218,-0.136564358978,-0.630463663578,-0.00789734341645,-0.90646019351,-0.0754857115905,0.311363151999,-0.164645099149,0.573745713003,0.819017304879,0.00269407145599,0.0,0.818982460161,-0.573682882436,-0.011680207579,0.0,-0.00802090388067,0.00890803780164,-0.999928153401,0.0,0.628212371557,0.217275557824,0.303862155205,1.0,-0.137410857143,-0.180597126531,1.305
0.434121748189,0.370562816992,-0.125448389236,-1.62817162274,0.0616842450832,1.99059500079,0.117415328248,-0.147938879198,-0.638779720122,-0.00165901278349,-0.949041458154,-0.0754754901774,0.318022992424,-0.165118889852,0.573787107668,0.818988041974,0.00277291885559,0.0,0.818954066581,-0.573723826145,-0.0116599761931,0.0,-0.00795864468498,0.00896140972329,-0.999928173976,0.0,0.625858929531,0.214155282154,0.303886950462,1.0,-0.143977714286,-0.189227853061,1.322
0.431621574854,0.360116341832,-0.125607592739,-1.6435647394,0.0604727563115,1.99570855199,0.11468110993,-0.159795237139,-0.673296266392,-0.00970720077527,-0.972861310748,-0.0745702822,0.324188386471,-0.170736251457,0.57391506362,0.818898152422,0.00283947357833,0.0,0.818865696329,-0.573852288281,-0.011544241447,0.0,-0.00782427022307,0.0089507339028,-0.999929330082,0.0,0.62357295109,0.2110328886,0.303952460321,1.0,-0.150158285714,-0.197350889796,1.338
0.428771817072,0.348793458843,-0.125719656165,-1.66056083466,0.0592262067108,2.00108897444,0.111472543958,-0.167461284423,-0.675613252574,-0.00745028989301,-0.990512265932,-0.0739416645128,0.31275332604,-0.192645425438,0.573933441524,0.818886087767,0.00259361967357,0.0,0.818849527698,-0.573870496228,-0.0117835244847,0.0,-0.00816111958311,0.00888691410615,-0.999927206793,0.0,0.620939762695,0.207580643448,0.303830382088,1.0,-0.156725142857,-0.205981616327,1.355
0.425755707832,0.336938402339,-0.125833865885,-1.67781196291,0.0578677799121,2.00677051248,0.108188204219,-0.178704672252,-0.683020946298,-0.0037254387613,-1.01732747718,-0.0808137086113,0.326450039992,-0.196604130222,0.573975463773,0.818856010714,0.00278345202281,0.0,0.818822220945,-0.573912177127,-0.0116503361983,0.0,-0.00794264373296,0.0089663321194,-0.999928257076,0.0,0.618295465423,0.204023425914,0.303926802534,1.0,-0.163292,-0.214612342857,1.372
0.422818045091,0.325448119627,-0.125878764039,-1.69456584019,0.0564658184008,2.01210082107,0.104925538106,-0.18397093444,-0.729986738498,0.00142633579704,-1.0552940625,-0.0942490516641,0.332552366843,-0.213228964561,0.573858456995,0.818938049136,0.0027730693913,0.0,0.818904397391,-0.573795528363,-0.0116200888967,0.0,-0.00792511069824,0.00893933711316,-0.99992863789,0.0,0.615627530246,0.200599971938,0.303952946733,1.0,-0.169472571429,-0.222735379592,1.388
0.419477703403,0.312978887702,-0.125911931812,-1.71278850311,0.0550201970757,2.01776949252,0.101330816079,-0.201769220629,-0.728800776554,-0.00196320716959,-1.07005441227,-0.0774323718999,0.327394735745,-0.218655212695,0.573800437234,0.818978973215,0.00269194395422,0.0,0.818943521461,-0.573736964661,-0.0117537628422,0.0,-0.00808177246974,0.00894903661613,-0.999927297206,0.0,0.612661849656,0.196824739088,0.303913015877,1.0,-0.176039428571,-0.231366106122,1.405
