position_joint1,position_joint2,position_joint3,position_joint4,position_joint5,position_joint6,position_joint7,velocity_joint1,velocity_joint2,velocity_joint3,velocity_joint4,velocity_joint5,velocity_joint6,velocity_joint7,ee_T_00,ee_T_10,ee_T_20,ee_T_30,ee_T_01,ee_T_11,ee_T_21,ee_T_31,ee_T_02,ee_T_12,ee_T_22,ee_T_32,ee_T_03,ee_T_13,ee_T_23,ee_T_33,v_x,v_y,time
0.465061727684,0.547786793789,-0.124008418724,-1.35584724636,0.0795716237575,1.89409603642,0.159150975091,-0.000202764363315,-0.000647499161933,0.000139466398266,-0.00122659496229,0.000470797415941,0.000904840653644,-0.00247308314328,0.573842453277,0.818951616167,0.00195859532149,0.0,0.818908002154,-0.573783275134,-0.0119659552688,0.0,-0.00867589620601,0.00847064559517,-0.999926485792,0.0,0.661676430002,0.260880580767,0.303204026729,1.0,0.0,0.0,0.0
0.465061725091,0.547794484723,-0.12400172016,-1.35584474058,0.0795701864606,1.89409791002,0.159149422903,-0.000734083674338,0.00110464064662,0.0010112900686,2.22338403887e-05,7.58526824211e-05,-0.000106617957965,-0.00123349961584,0.573836013233,0.818956134207,0.00195628800114,0.0,0.818912473269,-0.573776829183,-0.0119690567228,0.0,-0.00867982681115,0.00847046752018,-0.999926453189,0.0,0.661675716859,0.260884545549,0.303199709321,1.0,-0.00026,-0.000341714285714,0.014
0.465058819113,0.547784576228,-0.124009245784,-1.35584842054,0.0795695892523,1.89409709912,0.159150975091,-0.00141816965359,-0.00135167738336,-0.000874431483388,-0.000248361368302,-0.000172022711319,2.59805437753e-05,0.00155567597929,0.573844941656,0.818949871304,0.00195911416632,0.0,0.818906287513,-0.573785783922,-0.0119629988572,0.0,-0.00867315150188,0.00846940035222,-0.999926520151,0.0,0.661677494686,0.26087781019,0.303205154715,1.0,-0.00058,-0.000762285714286,0.03
0.465059857836,0.547761751799,-0.124006898685,-1.355872392,0.0795701996038,1.89410032948,0.159153275263,-0.000646143698851,-0.00108098971132,4.83388987008e-05,-0.0023973760636,-4.37205901984e-05,0.000173777230648,-0.000305012498473,0.57384578771,0.818949269222,0.00196297455541,0.0,0.81890569789,-0.573786576615,-0.0119653399876,0.0,-0.00867284496781,0.00847391414773,-0.999926484567,0.0,0.661672403343,0.260877629046,0.303210118584,1.0,-0.00092,-0.00120914285714,0.047
0.465071180191,0.54766917501,-0.124002369124,-1.35599135437,0.0795707538873,1.89412263595,0.159145455505,0.00251964531134,-0.00432136904606,0.000690709672354,-0.0111385872793,-6.57937709243e-05,-0.00062571983134,-0.00077322040281,0.573833581254,0.818957814754,0.00196610746115,0.0,0.818914160121,-0.573774237135,-0.0119778985466,0.0,-0.00868145895544,0.00848355699394,-0.999926328052,0.0,0.661648001439,0.260876440753,0.303220868434,1.0,-0.00126,-0.001656,0.064
0.465060287863,0.547526021236,-0.124004395876,-1.35617346031,0.0795674433858,1.89414829015,0.159150820841,0.000451013771931,-0.011108070583,-0.00058606772991,-0.0153489538042,-0.000328378960757,0.00531655537926,0.00191339298639,0.573857301153,0.818941207274,0.00196057217419,0.0,0.818897366175,-0.573797865961,-0.0119941482172,0.0,-0.00869769754927,0.00848860034708,-0.999926144133,0.0,0.661618640507,0.260849527523,0.303237890651,1.0,-0.0016,-0.00210285714286,0.081
0.465047066388,0.547368481744,-0.124006369609,-1.3563869944,0.0795614540868,1.89424833717,0.159138392316,-0.000589150863959,-0.0138850447651,-0.000438756061244,-0.0156600149894,-0.000112891144092,0.00796073058044,-0.000984824652126,0.573869820806,0.818932336824,0.0020008430474,0.0,0.818888999695,-0.573810192904,-0.0119756252477,0.0,-0.00865928935217,0.00851108214127,-0.999926286378,0.0,0.66159803683,0.260822190595,0.303256594286,1.0,-0.00194,-0.00254971428571,0.098
0.465028000748,0.547195974251,-0.124003813649,-1.35659369651,0.0795603095288,1.89436157679,0.15912808458,0.00107232708837,-0.00883124839984,9.97120804891e-05,-0.0151869042189,-6.6343964012e-05,0.00587605861982,-0.000914288732703,0.573881243789,0.818924134306,0.00208018733953,0.0,0.818881793912,-0.573821246811,-0.011938643496,0.0,-0.0085833528531,0.0085549558283,-0.999926566696,0.0,0.661581686278,0.260798604493,0.303291026004,1.0,-0.00228,-0.00299657142857,0.115
0.465010489937,0.546990934171,-0.124007082132,-1.35685692524,0.079559777633,1.89450406993,0.159117914796,0.00110899433267,-0.0133462858038,-0.00140075761147,-0.0155655292959,-5.49888098643e-05,0.00888706433902,0.00103342655716,0.573909814705,0.818903924675,0.00215258866754,0.0,0.818862453062,-0.573849443645,-0.0119099073911,0.0,-0.0085179720932,0.00859805231988,-0.999926756142,0.0,0.66156105136,0.260763876411,0.30332257426,1.0,-0.0026,-0.00341714285714,0.131
0.464975362835,0.546766185009,-0.124007318339,-1.35722172581,0.0795492877621,1.89463304633,0.159082230457,-0.00179972124984,-0.0134702895164,-0.00115515463669,-0.0254946572103,6.65375620437e-05,0.00635352468559,-0.00290767675326,0.573927149428,0.81889178482,0.00214914045311,0.0,0.818850155101,-0.573866676004,-0.0119251232287,0.0,-0.0085322296287,0.00860414163097,-0.999926582207,0.0,0.661518818393,0.260707202963,0.303319308196,1.0,-0.00294,-0.003864,0.148
0.464936785371,0.54648337938,-0.124004534175,-1.35762503051,0.0795405476283,1.89478307508,0.158965831894,-0.0032309655781,-0.0163925294168,0.000516454787115,-0.0269131808266,0.000291598878584,0.0187117280502,-0.0106940723592,0.573881699301,0.818923542621,0.00218482270327,0.0,0.818882220552,-0.573820927615,-0.0119247136626,0.0,-0.00851189564743,0.00863265361247,-0.999926509762,0.0,0.661473569274,0.260647908125,0.303340548717,1.0,-0.00328,-0.00431085714286,0.165
0.464892044854,0.546210271987,-0.124006744084,-1.35807955884,0.0795281953921,1.89493492231,0.158945249396,-0.00149904464332,-0.015052072716,-0.000992958112692,-0.0335145893589,6.4616184574e-05,0.00998777897827,0.00113497839106,0.573925111516,0.818893166283,0.0021669072154,0.0,0.818851461055,-0.573864255838,-0.0119518827229,0.0,-0.00854396898722,0.00863402699563,-0.999926224364,0.0,0.661419586136,0.26057496755,0.303330840477,1.0,-0.0036,-0.00473142857143,0.181
0.464841273193,0.5458932837,-0.124004542956,-1.35861055729,0.0795076279651,1.89512083892,0.158886829026,-0.000697895677165,-0.0140789312789,2.06721184614e-05,-0.0336956580575,0.000344191065711,0.0140569984573,-0.00784678458342,0.573941526881,0.818881707738,0.00214926868791,0.0,0.818839636353,-0.573880604373,-0.0119770097869,0.0,-0.00857449569992,0.00863417591004,-0.999925961774,0.0,0.661356976307,0.260493074933,0.303318586334,1.0,-0.00394,-0.00517828571429,0.198
0.464771091549,0.545545052943,-0.12400770318,-1.35921331205,0.0794374796072,1.89532227967,0.158779885762,-0.00280880187023,-0.0228834550266,-9.06271684872e-05,-0.0351855016628,-0.00649498915316,0.0128645456158,-0.00020837139899,0.57392861639,0.818890923691,0.00208453524989,0.0,0.818848285242,-0.57386824195,-0.0119780439822,0.0,-0.00861262874127,0.00858162554756,-0.999926086433,0.0,0.661290807577,0.260380157971,0.303295708675,1.0,-0.00428,-0.00562514285714,0.215
0.464703806315,0.545143668104,-0.12400559968,-1.3599037565,0.0793899807306,1.89554481201,0.158732078525,-0.00245337548846,-0.0255798170513,0.00629810554243,-0.038410900695,-0.000597888180107,0.0120114092023,0.000593279866496,0.573968884122,0.818862850561,0.00202458182288,0.0,0.81881941748,-0.573908744277,-0.0120108992718,0.0,-0.00867352099603,0.00855181401013,-0.999925815504,0.0,0.661206789447,0.260267598305,0.30327039526,1.0,-0.00462,-0.006072,0.232
0.464638151721,0.544709404913,-0.124013394806,-1.36061956098,0.0793661930649,1.89579189083,0.158614179862,-0.00374576688584,-0.0251695501426,-0.000633780134773,-0.0453851739493,-0.000775064485245,0.0107112098793,-0.00387849262391,0.573965117933,0.81886554085,0.0020040721169,0.0,0.81882166492,-0.57390489369,-0.0120416343174,0.0,-0.00871050030697,0.00855262039292,-0.999925487158,0.0,0.661123141689,0.26015332115,0.303258748279,1.0,-0.00496,-0.00651885714286,0.249
0.464567859721,0.544251559246,-0.124013768036,-1.36137657463,0.0793359270747,1.8960759087,0.158536471565,-0.00780875469399,-0.0292240576616,0.0013407124053,-0.0468858686891,0.000259584365968,0.0112499953257,-0.00701648930714,0.573993565885,0.818845614788,0.00199809040839,0.0,0.818801518562,-0.573933224288,-0.01206126697,0.0,-0.00872971317071,0.00855929389075,-0.999925262505,0.0,0.661037779461,0.260037159067,0.303247086207,1.0,-0.0053,-0.00696571428571,0.266
0.464504402647,0.54377058087,-0.124014368707,-1.36215148513,0.0793024551585,1.89634738308,0.158423976152,-0.00310749245646,-0.0311061772536,-0.00085031795651,-0.0517338814782,-0.0012074163698,0.0150871156252,-0.00951014244553,0.573989606427,0.818848407207,0.00199113781105,0.0,0.818804052987,-0.573929131687,-0.0120839362102,0.0,-0.00875230843263,0.00856657043217,-0.999925002672,0.0,0.660939556091,0.25991188122,0.30324731361,1.0,-0.00564,-0.00741257142857,0.283
0.464419120378,0.543228871586,-0.124017310706,-1.36300692098,0.0792506626848,1.89663959941,0.158345009843,-0.00491846016109,-0.0372193533102,0.00108241412432,-0.0504853217055,-0.00185506505849,0.0172805641107,-0.00192740733422,0.574028963294,0.8188208757,0.00196716008993,0.0,0.818776199054,-0.573968579306,-0.0120976333596,0.0,-0.00877687564137,0.00855522051159,-0.999924884507,0.0,0.660846051411,0.259781145541,0.303243617431,1.0,-0.00596,-0.00783314285714,0.299
0.464343795507,0.5426724672,-0.124024318685,-1.36390348647,0.0791971771292,1.89695947255,0.158202805062,-0.00448337210413,-0.0281046492845,-0.00099080334787,-0.0499280882809,-0.00742093865328,0.0148169526383,-0.00548244665094,0.574014693087,0.818830924256,0.00194846195635,0.0,0.818786001905,-0.573954391668,-0.0121072817032,0.0,-0.00879565771408,0.00854529548951,-0.999924804338,0.0,0.660742076812,0.259641236837,0.303238385037,1.0,-0.0063,-0.00828,0.316
0.464275599656,0.542068942502,-0.124024416572,-1.36483015941,0.0791519172383,1.89730490079,0.158090320294,-0.00139577308421,-0.0404197575809,0.000522859655042,-0.0504022517271,3.40669788825e-05,0.0204494448316,-0.00492635848504,0.574017949838,0.818828582377,0.00197302996499,0.0,0.818783880962,-0.573957442565,-0.0121060853444,0.0,-0.00878054252056,0.00856476032013,-0.999924770647,0.0,0.660633473342,0.259510163776,0.303254076365,1.0,-0.00664,-0.00872685714286,0.333
0.46419608432,0.541469725603,-0.124027530222,-1.36573824104,0.0790982257128,1.89764509841,0.157963185364,-0.00224451231696,-0.0372729384471,0.00594632194739,-0.0569647006351,-0.000235264735571,0.0258977985357,-0.00224873407037,0.574017245833,0.818829011296,0.00199966184001,0.0,0.81878466459,-0.573956628778,-0.0120916589062,0.0,-0.00875345046979,0.00857827835032,-0.999924892302,0.0,0.660531955314,0.259370303805,0.303275116096,1.0,-0.00696,-0.00914742857143,0.349
0.464109435454,0.540785838098,-0.124026937619,-1.36678863001,0.0790373049384,1.89803043599,0.157826868514,-0.00750657930747,-0.0388252522722,-0.00120938434529,-0.0593218753629,-0.00116174762627,0.0260405175612,-0.00813978527635,0.574018126172,0.818828350923,0.00201728827892,0.0,0.818784196205,-0.573957394758,-0.0120870156902,0.0,-0.00873952186303,0.00859005524466,-0.999924913035,0.0,0.660410061097,0.259213999788,0.303291982389,1.0,-0.0073,-0.00959428571429,0.366
0.464018699856,0.540060555877,-0.124030101631,-1.36790458008,0.0789637987677,1.89844365995,0.157687587341,-0.00623021401342,-0.0452656578068,0.000918345733473,-0.0692480397061,-0.00139862407127,0.022617850915,-0.0142492423505,0.574022767548,0.818825060436,0.00203215173113,0.0,0.818781164556,-0.57396203487,-0.0120720336952,0.0,-0.00871867363879,0.00859367520751,-0.99992506393,0.0,0.660282094226,0.259045446604,0.303309315974,1.0,-0.00764,-0.0100411428571,0.383
0.463919793227,0.539324795074,-0.124030814965,-1.36904258021,0.0789061345473,1.89888367221,0.157550646376,-0.0113272441659,-0.0460368268791,0.000461351850245,-0.0645957812155,-0.00917688464303,0.0275772402017,-0.00075397040062,0.574039817793,0.818813014853,0.00206910537616,0.0,0.818769524791,-0.57397884811,-0.0120620934179,0.0,-0.00868914364947,0.00861840826446,-0.999925108106,0.0,0.660155105403,0.258874824524,0.30332571749,1.0,-0.00798,-0.010488,0.4
0.463810405135,0.538556592033,-0.124030690044,-1.37023550163,0.0788373342139,1.8993406798,0.157410070879,-0.00588636690485,-0.0497305739334,0.000411316200043,-0.0759935451283,-0.00577956030393,0.0216248898362,-0.00267693809865,0.574061822695,0.818797515872,0.00209729035193,0.0,0.818754378568,-0.57400071468,-0.0120496482414,0.0,-0.00866254266712,0.00863457493341,-0.999925199438,0.0,0.660022557281,0.258691041604,0.303340203097,1.0,-0.00832,-0.0109348571429,0.417
0.463704742349,0.537774450318,-0.124041752193,-1.37146051232,0.0787603245714,1.89980666374,0.157246535278,-0.00897101551319,-0.0432422350406,-0.00139012095477,-0.0715167375912,-0.000832243870144,0.0223193627126,-0.0100586995323,0.574069292654,0.818792241726,0.00211163987128,0.0,0.818749380761,-0.574008211695,-0.0120320950778,0.0,-0.00863985381907,0.00863632642348,-0.999925380612,0.0,0.659886530442,0.258498896146,0.30335026039,1.0,-0.00866,-0.0113817142857,0.434
0.463583230109,0.536943956464,-0.124039627722,-1.3727581061,0.0786927978223,1.90029223835,0.157092223178,-0.00500798920647,-0.0456087022316,-0.000406272781746,-0.0743106058269,-0.000826856789758,0.0284402596818,-0.0097382550467,0.57409442502,0.818774564951,0.00213303796807,0.0,0.81873187144,-0.574033138527,-0.0120343450869,0.0,-0.0086291473214,0.00865540323393,-0.999925308116,0.0,0.659739138372,0.258298838056,0.303361058754,1.0,-0.009,-0.0118285714286,0.451
0.463470797731,0.536147286749,-0.124051118142,-1.3739926504,0.0786227625992,1.90075940829,0.156938703862,-0.00699164059094,-0.0517911805854,-0.000146424671128,-0.0782587035579,-4.06558525381e-06,0.0272145244616,-0.00713772370252,0.574118103061,0.818757899626,0.00215695154611,0.0,0.818715539956,-0.574056734889,-0.0120198445612,0.0,-0.00860329576498,0.00866690697311,-0.999925431232,0.0,0.659602431669,0.258102271752,0.303376676901,1.0,-0.00932,-0.0122491428571,0.467
0.463355707955,0.535251815903,-0.124047727523,-1.37540210766,0.078539270078,1.90126533597,0.156766237323,-0.00896798397942,-0.0515120238138,0.0012889682816,-0.082731988846,-0.0112077670247,0.0343837153911,-0.0121729301397,0.574123704594,0.818753985491,0.00215173578595,0.0,0.818711486003,-0.574062285361,-0.0120308816758,0.0,-0.00861526782886,0.00866903206578,-0.999925309732,0.0,0.659433171846,0.257893602257,0.303381480525,1.0,-0.00966,-0.012696,0.484
0.463220599225,0.53434935468,-0.124055262829,-1.37686574054,0.0784597723331,1.9018008704,0.156586598715,-0.00664013603008,-0.0581888768054,4.6535175348e-05,-0.0879104937369,-0.00523453620517,0.0353759988286,-0.00641065250983,0.574151552142,0.818734509929,0.0021317423801,0.0,0.818691673936,-0.574090137933,-0.0120500396726,0.0,-0.00864213743685,0.00866395552694,-0.999925121864,0.0,0.659264490094,0.257661714293,0.303368201199,1.0,-0.01,-0.0131428571429,0.501
0.463094880497,0.533426686324,-0.124061904367,-1.37835203277,0.078376123578,1.90235124599,0.156403638487,-0.00586758639566,-0.054365284184,-0.00194472098572,-0.0843569447682,-0.00264496273121,0.0320460375584,-0.0143957216687,0.57416837232,0.818722742415,0.00212089147972,0.0,0.818679719192,-0.574106956451,-0.0120609634386,0.0,-0.00865713318688,0.00866152134834,-0.999925013235,0.0,0.659091256627,0.257434468674,0.303359456588,1.0,-0.01034,-0.0135897142857,0.518
0.462971979966,0.532537033943,-0.124057810537,-1.37978372123,0.0782974499559,1.90289210714,0.156219787022,-0.00724028619632,-0.0556089710213,-0.00194772410505,-0.091417581718,-0.0016151053923,0.0371319781722,-0.0083000490253,0.574182601457,0.818712769572,0.00211849597567,0.0,0.818669643633,-0.574121122541,-0.0120705487517,0.0,-0.00866620596242,0.00866521426093,-0.999924902648,0.0,0.658915598206,0.257200659665,0.303348778554,1.0,-0.01068,-0.0140365714286,0.535
0.462812608948,0.531447058709,-0.12405883761,-1.38154338584,0.0781996579394,1.90353457023,0.155999521608,-0.0096558213164,-0.0594589386501,0.00218815540771,-0.0910287711507,-0.00910808767781,0.0389834846362,-0.0201205563557,0.574193503418,0.818705161859,0.00210368211877,0.0,0.818661699866,-0.574131944362,-0.0120945664074,0.0,-0.00869426023446,0.00866699230357,-0.999924643702,0.0,0.658717298519,0.256949140599,0.303338551306,1.0,-0.01104,-0.0145097142857,0.553
0.462672724918,0.530422604975,-0.124064263201,-1.38318763429,0.0780870194396,1.90410953624,0.155786557857,-0.00735075189078,-0.061482454449,-0.00142574870147,-0.0987196233458,-0.00992770799688,0.0369134067044,-0.0116698762825,0.574196507214,0.818703173401,0.00205715048481,0.0,0.818659169772,-0.57413521523,-0.0121105442562,0.0,-0.00873402663484,0.00863810363059,-0.999924547126,0.0,0.658518484357,0.256692943501,0.303327789232,1.0,-0.01138,-0.0149565714286,0.57
0.462540832682,0.529446036801,-0.12406485304,-1.38473605476,0.078000716445,1.90467333951,0.155570493357,-0.0095471471311,-0.0577820616247,-0.000639318753481,-0.097318540196,-0.00603388503923,0.0351624576866,-0.0135464011474,0.574188926621,0.818708497851,0.00205401899575,0.0,0.818664349165,-0.574127546326,-0.0121239786033,0.0,-0.00874690382912,0.00864317279277,-0.99992439076,0.0,0.658333526227,0.25645907023,0.303327588848,1.0,-0.0117,-0.0153771428571,0.586
0.462420473932,0.528400556196,-0.124068277645,-1.38632455188,0.0778969038676,1.90529156711,0.155362039062,-0.00599631359063,-0.0672364269531,0.000263601216346,-0.0952752077561,-0.00760781867863,0.0316825757687,-0.0128730908977,0.574177559965,0.81871632178,0.00211210448805,0.0,0.81867305222,-0.574116048957,-0.0120806787559,0.0,-0.00867822287469,0.00866574452108,-0.999924793832,0.0,0.658150117435,0.256228169277,0.303361374978,1.0,-0.01202,-0.0157977142857,0.602
0.462292183526,0.52736324039,-0.124073362733,-1.38795443926,0.0777939345221,1.90592248166,0.15511956281,-0.0115632634086,-0.0696267268727,-6.85778315497e-05,-0.104693951034,-0.00337391201027,0.0413185345029,-0.015131871329,0.574152796801,0.818733620806,0.00213798729619,0.0,0.81869073663,-0.574091225825,-0.0120618857372,0.0,-0.0086482381411,0.00867588286278,-0.999924965702,0.0,0.657948275226,0.255968559425,0.303368080185,1.0,-0.01236,-0.0162445714286,0.619
0.462142173472,0.526204291944,-0.124074504642,-1.38976909609,0.0776821243212,1.90659248067,0.15488103927,-0.006421628906,-0.0644672115478,-0.00220506340705,-0.106571751451,-0.00887259563843,0.0359496365526,-0.0242897863571,0.574144556029,0.818739367747,0.0021502055697,0.0,0.818696670232,-0.574082961504,-0.0120524836923,0.0,-0.00863361272055,0.00868040116344,-0.999925052875,0.0,0.657744697533,0.255714916953,0.30338057628,1.0,-0.01268,-0.0166651428571,0.635
0.461996910804,0.525016953863,-0.124075214969,-1.39161761759,0.0775737248563,1.9072560545,0.154625888178,-0.00897514867675,-0.0696674483251,-0.000307442786262,-0.113587579847,-0.00214837732126,0.0385334083629,-0.0248524361782,0.574125347746,0.818752825138,0.00215483281771,0.0,0.818710100418,-0.574063647946,-0.0120601194708,0.0,-0.00863741199709,0.00868837095565,-0.999924950846,0.0,0.657517583674,0.255442644021,0.30339347633,1.0,-0.01302,-0.017112,0.652
0.461842104046,0.523921670205,-0.124077622008,-1.39340645238,0.0774581585259,1.90789303531,0.154393906602,-0.00877603004614,-0.0689423334853,-0.00125432932367,-0.110850927383,-0.00329344052705,0.038868207765,-0.0126241295072,0.574121701703,0.81875551422,0.00210391757136,0.0,0.818712134952,-0.574060230223,-0.0120846621845,0.0,-0.00868677564298,0.00866073641046,-0.999924762957,0.0,0.657286108917,0.255150673299,0.303370673847,1.0,-0.01336,-0.0175588571429,0.669
0.4616699464,0.522619335843,-0.124080894461,-1.3954426437,0.0773351248786,1.90868042463,0.154118325396,-0.0126047055547,-0.0775514227086,-0.00177312428773,-0.114039207939,-0.00938780710652,0.0405486604253,-0.0171737046533,0.574122643257,0.818754748149,0.00214471064739,0.0,0.818711922916,-0.5740610186,-0.0120615546081,0.0,-0.00864442675862,0.00868087892545,-0.999924955298,0.0,0.657062905884,0.254859938372,0.303382131599,1.0,-0.0137,-0.0180057142857,0.686
0.461504200545,0.521389506022,-0.124085912208,-1.3974317471,0.0772144190583,1.9094433765,0.153843363532,-0.00781066406692,-0.0754523459703,-0.000105069060029,-0.119477000033,-0.0051931479921,0.0410642947863,-0.016923760418,0.574110875158,0.818763001712,0.00214405074838,0.0,0.81872019111,-0.574049278154,-0.0120590969889,0.0,-0.00864291806707,0.00867880345822,-0.999924986355,0.0,0.656828647423,0.254560403153,0.303365812019,1.0,-0.01404,-0.0184525714286,0.703
0.461350578314,0.520176287491,-0.124094346645,-1.39933669676,0.0770936246295,1.91014742016,0.153593396486,-0.00638979195527,-0.075760798121,-0.000924704661075,-0.118850569264,-0.00254166431717,0.0409068843762,-0.0215611235815,0.574106977276,0.81876572137,0.00214919847412,0.0,0.818723032425,-0.574045413649,-0.0120501513133,0.0,-0.00863267951143,0.00867784131358,-0.999925083151,0.0,0.656599078652,0.2542726745,0.303372494944,1.0,-0.01436,-0.0188731428571,0.719
0.461178404835,0.518831421919,-0.124093600267,-1.40142708613,0.076956025829,1.91088367653,0.153320365959,-0.0096234953506,-0.0812998433134,-0.000973037165463,-0.125363274237,-0.004938492827,0.0421054763956,-0.0134907145672,0.574097596575,0.81877233067,0.00213706253715,0.0,0.818729485408,-0.574036087729,-0.0120559781871,0.0,-0.00864451677441,0.00867115115941,-0.999925038924,0.0,0.656338450588,0.253957396021,0.303385452643,1.0,-0.0147,-0.01932,0.736
0.461004579789,0.517478557844,-0.124097510104,-1.40354094565,0.0768124961758,1.91165326907,0.153019729079,-0.00738212104012,-0.0769152379674,0.000250619204894,-0.125115603982,-0.0127621589227,0.0391055138724,-0.0219065448716,0.574069735139,0.818791869352,0.00213559899625,0.0,0.818749102697,-0.574008334067,-0.0120451714352,0.0,-0.00863680309925,0.00866345493576,-0.999925172291,0.0,0.656080176509,0.253636981081,0.303395484311,1.0,-0.01504,-0.0197668571429,0.753
0.460823531298,0.516209542088,-0.124108175953,-1.40556531032,0.0766891803366,1.91240758806,0.152736791617,-0.0143823712621,-0.0805512662721,-0.00159953611251,-0.12676301975,-0.00947235037702,0.0523086378094,-0.0225112749312,0.574067788886,0.818793245897,0.00213099450206,0.0,0.818750439056,-0.574006427532,-0.0120451898815,0.0,-0.00863948191611,0.00865967493175,-0.999925181892,0.0,0.655839366587,0.25331964806,0.303387851358,1.0,-0.01536,-0.0201874285714,0.769
0.46062922803,0.514746066045,-0.124114477951,-1.40790124383,0.0765493030143,1.9132803104,0.15242694873,-0.0116543038402,-0.0876089391286,-0.00138324238756,-0.13466481587,-0.0101896680294,0.048697067747,-0.0224461531349,0.574063265638,0.818796421304,0.00212941460207,0.0,0.818753568417,-0.57400188608,-0.0120488954509,0.0,-0.00864347089165,0.00866046081468,-0.999925140613,0.0,0.655555851826,0.252967153144,0.303378009159,1.0,-0.01572,-0.0206605714286,0.787
0.460452472069,0.513437557021,-0.124110680258,-1.41002163466,0.0764223422294,1.91401218273,0.152134535962,-0.012606820648,-0.0801708030339,0.00266503141879,-0.13203293371,-0.00815223171462,0.0409352734638,-0.0196126821308,0.57404283397,0.818810912447,0.00206429813428,0.0,0.818767036091,-0.573981564067,-0.0121017198367,0.0,-0.00872431916004,0.00863725110984,-0.999924639235,0.0,0.655283022731,0.252648267006,0.303349180068,1.0,-0.01604,-0.0210811428571,0.803
0.46025502499,0.511995472899,-0.124118456945,-1.41231674888,0.0762834000425,1.91482804455,0.151805760663,-0.0134178706781,-0.0879880940867,0.000108997331183,-0.138745206128,-0.00983160717741,0.0498187123082,-0.019982567716,0.574023488709,0.81882455497,0.00203211452785,0.0,0.8187801833,-0.573962287956,-0.0121264315179,0.0,-0.00876323150662,0.00862487768674,-0.999924405772,0.0,0.654996577528,0.252293896346,0.303337975807,1.0,-0.01638,-0.021528,0.82
0.460057222715,0.510548578691,-0.124116068259,-1.41463786007,0.0761323075056,1.91571675423,0.151473072702,-0.0175312707347,-0.0899227238621,-0.000216616380214,-0.139923635505,-0.00997393219649,0.052877592115,-0.0213636779063,0.57399201853,0.81884660276,0.00203732991716,0.0,0.818802366566,-0.573930865238,-0.0121158299481,0.0,-0.00875188817143,0.0086227262599,-0.999924523674,0.0,0.654716153293,0.251945202832,0.303323295336,1.0,-0.01672,-0.0219748571429,0.837
0.459869690781,0.509140072104,-0.124124779432,-1.4168509552,0.0760110409505,1.91653253028,0.151172596627,-0.012788908217,-0.0927638265722,-0.000778520883162,-0.141111119487,-0.00799716807318,0.0455792784664,-0.0191896600503,0.573988471166,0.818849052305,0.00205217147401,0.0,0.818804878368,-0.573927123512,-0.0121233229383,0.0,-0.00874954308361,0.00863914194323,-0.999924402504,0.0,0.654443353912,0.251608994808,0.303326716321,1.0,-0.01704,-0.0223954285714,0.853
0.459650578995,0.507638200788,-0.124124867439,-1.41922799812,0.0758465496248,1.91737214865,0.150823364534,-0.0118107310931,-0.0875580731711,-0.00148968185447,-0.140518270314,-0.00416381963413,0.0438333554385,-0.015703831428,0.573960522871,0.818868740674,0.00201261881881,0.0,0.818824108575,-0.573899410438,-0.0121364252259,0.0,-0.00878326759258,0.00861397562437,-0.999924323954,0.0,0.654145972814,0.251233772902,0.303318695256,1.0,-0.01738,-0.0228422857143,0.87
0.459433065535,0.50606736063,-0.124128724648,-1.4216657695,0.0756944271406,1.91828380335,0.15050228677,-0.0153909763093,-0.0867900613077,0.000785667911074,-0.149581188794,-0.0103906513777,0.0573947607277,-0.0196052202144,0.573963571082,0.818866517482,0.00204756394896,0.0,0.818822362257,-0.573902324663,-0.0121164233629,0.0,-0.00874680009633,0.00863114294792,-0.999924495579,0.0,0.653849061591,0.250857966034,0.303335816888,1.0,-0.01772,-0.0232891428571,0.887
0.459203263934,0.504428407632,-0.124140135947,-1.42414100752,0.0755406528449,1.91924509626,0.150157393853,-0.012242035297,-0.098065351956,-0.00360483969397,-0.149307428211,-0.0131953967516,0.057193172868,-0.0193704541877,0.573963816338,0.818866085023,0.00214924051148,0.0,0.818823375293,-0.573902249374,-0.0120513542442,0.0,-0.00863515755876,0.00867705670422,-0.999925068563,0.0,0.653558724141,0.250469292503,0.303386597582,1.0,-0.01806,-0.023736,0.904
0.458973213202,0.502757785502,-0.124143729908,-1.42662564478,0.0753780810784,1.92017828293,0.149814750533,-0.0110572621531,-0.100877726502,0.000209075922223,-0.146151418186,-0.0136974281243,0.0488879033569,-0.014504122144,0.573957768882,0.8188700659,0.00224535387391,0.0,0.818828718897,-0.573895911578,-0.0119899410227,0.0,-0.00852976861158,0.00872044793009,-0.99992559565,0.0,0.653259028626,0.250081166745,0.303451649317,1.0,-0.0184,-0.0241828571429,0.921
0.45873960451,0.501050124606,-0.12414721618,-1.42919503434,0.0752129050098,1.92108088478,0.149453148304,-0.00707508600398,-0.102637012818,0.000197714074894,-0.152977564706,-0.00789261890064,0.0416722012138,-0.0157018442748,0.573941844872,0.818881134485,0.00227885747716,0.0,0.818840201473,-0.573879828919,-0.0119755297885,0.0,-0.0084989087105,0.00873944603729,-0.999925692556,0.0,0.652933665666,0.249678920833,0.303498932102,1.0,-0.01874,-0.0246297142857,0.938
0.458514814437,0.49944093516,-0.124145148716,-1.43164886099,0.0750557759818,1.92197358942,0.149106445068,-0.0129424176618,-0.107511104534,0.000919017625888,-0.15916621196,-0.0107159831238,0.0586454953926,-0.0252471179352,0.573922997645,0.818894233427,0.00231821797783,0.0,0.818853801885,-0.573860812379,-0.0119568413428,0.0,-0.00846121687825,0.0087607565023,-0.999925825726,0.0,0.652626606572,0.249298775782,0.303530886954,1.0,-0.01906,-0.0250502857143,0.954
0.458262019976,0.497766366507,-0.124153883066,-1.43429326621,0.0749004148616,1.92295539316,0.148724183701,-0.0136966695839,-0.102585145477,-0.00120104877549,-0.16156304137,-0.00653599953068,0.0584190954225,-0.0266789072784,0.573915899979,0.818899175326,0.00232965742039,0.0,0.818858819308,-0.573853593196,-0.0119597039928,0.0,-0.00845707228012,0.00877169368748,-0.999925764904,0.0,0.652301258616,0.248878666799,0.303525312779,1.0,-0.0194,-0.0254971428571,0.971
0.458000709797,0.496089786526,-0.124148227987,-1.43696951101,0.0747292483547,1.923892347,0.148329492015,-0.0165274658068,-0.0942649710978,0.000872204943593,-0.158444440553,-0.0089832316977,0.0560378590129,-0.0253998303584,0.57389149544,0.818916430539,0.00227555623735,0.0,0.818875250131,-0.57382928948,-0.0120007566121,0.0,-0.00852200002458,0.0087506973196,-0.999925397623,0.0,0.651957754552,0.248452371273,0.303501010447,1.0,-0.01974,-0.025944,0.988
0.457730125343,0.49441793973,-0.124149764519,-1.43970177462,0.0745607602583,1.92484276454,0.147956971595,-0.0166766494952,-0.0971356262715,-0.00157958416944,-0.161181121507,-0.0135632224564,0.0552698968248,-0.0172651597589,0.573901162536,0.818909910407,0.00218201233673,0.0,0.818867341729,-0.573839175754,-0.0120674736473,0.0,-0.00863021576098,0.00871248353917,-0.999924803176,0.0,0.651605728024,0.248010608075,0.303447602335,1.0,-0.0231091428571,-0.0303720163265,1.005
0.457424747369,0.492141156392,-0.124231731087,-1.44306947275,0.0743646296538,1.92608702168,0.147459618803,-0.0208885148934,-0.164241988524,-0.00515916542617,-0.244167041352,-0.0166424535442,0.0918330876444,-0.0360248489265,0.573911056631,0.818902597317,0.00231993198369,0.0,0.818862013448,-0.573848685132,-0.0119764939204,0.0,-0.00847645525779,0.00877331536934,-0.999925586553,0.0,0.651168206076,0.247414172651,0.303543061029,1.0,-0.036408,-0.0478505142857,1.022
0.456972158393,0.488574182061,-0.12426580351,-1.44873426825,0.074077622036,1.92826405983,0.146596381932,-0.0326661017845,-0.223407403372,-0.00150631822077,-0.355045673395,-0.0181302526636,0.126304534265,-0.0491790465706,0.573814674074,0.818969926213,0.00239304769708,0.0,0.818929944874,-0.573751653736,-0.0119804893686,0.0,-0.0084388078937,0.0088344891122,-0.999925366377,0.0,0.650484287976,0.246609141645,0.3035138319,1.0,-0.0497068571429,-0.0653290122449,1.039
0.456344761151,0.48426471127,-0.124354084619,-1.45549834304,0.0736769361319,1.93081781138,0.14556872633,-0.0429993749511,-0.288069344195,-0.0126786236322,-0.449050249983,-0.0322497907054,0.162087582161,-0.0715987075924,0.573772536447,0.818999269683,0.0024534830319,0.0,0.818960212497,-0.573709423839,-0.0119337440176,0.0,-0.00836630237557,0.00885673007892,-0.999925778904,0.0,0.649586502754,0.245436708346,0.303504232221,1.0,-0.0630057142857,-0.0828075102041,1.056
0.455479483135,0.478645093885,-0.124519979165,-1.46447820971,0.0731384157793,1.93391472098,0.14421805981,-0.053122754041,-0.359474207464,-0.00865035636931,-0.560901064945,-0.0357197587096,0.194410638925,-0.0874504135791,0.573793995862,0.818984892721,0.00222322033962,0.0,0.818942802653,-0.573731788552,-0.0120527046535,0.0,-0.00859561633809,0.00873662806708,-0.999924890534,0.0,0.648485066398,0.243988356188,0.303407378593,1.0,-0.0755222857143,-0.0992578612245,1.072
0.454399336559,0.471859659011,-0.124668372729,-1.47512064016,0.0725105824019,1.93765387606,0.142675112497,-0.0693879457966,-0.409351411089,-0.00604433176941,-0.65352187954,-0.0391131065952,0.231080192027,-0.102264981317,0.57386649294,0.818934369345,0.00211987882707,0.0,0.818890668134,-0.573804456058,-0.0121353513113,0.0,-0.00872182827789,0.00870018799229,-0.999924115341,0.0,0.647106460183,0.242184086863,0.303365452614,1.0,-0.0888211428571,-0.116736359184,1.089
0.45313139173,0.463956670568,-0.124780993517,-1.48711245738,0.0717966771389,1.94213174502,0.140765241645,-0.0785367962862,-0.475017882006,-0.00253913556121,-0.735790137084,-0.0432401247453,0.273585298175,-0.123064336998,0.573800007273,0.818980024263,0.00245324528737,0.0,0.81894068915,-0.573736601268,-0.0119669094247,0.0,-0.00839330475489,0.00887584598878,-0.999925383113,0.0,0.645589526738,0.240172900624,0.303502977989,1.0,-0.10212,-0.134214857143,1.106
0.451698194764,0.455691519202,-0.124882931544,-1.50009530226,0.0709741072949,1.94658633212,0.138790380114,-0.0915016874791,-0.527462661559,-0.00923468859515,-0.863376452738,-0.0569508203796,0.272288695382,-0.119957843417,0.573810528435,0.818973307624,0.0022239059632,0.0,0.81893048091,-0.573747559134,-0.0121388930611,0.0,-0.00866563562337,0.00878681819543,-0.999923846393,0.0,0.643844384052,0.237935706277,0.303401531001,1.0,-0.114636571429,-0.150665208163,1.122
0.449632085954,0.443854329877,-0.125079844929,-1.51794653829,0.0697463278852,1.95296698694,0.135986765731,-0.110340549791,-0.619004899777,-0.00439943514195,-0.939639516155,-0.0585358446169,0.318036450559,-0.142415679724,0.573823945303,0.818963213696,0.00246603136627,0.0,0.818924483168,-0.573760949772,-0.0119084123743,0.0,-0.00833779969769,0.00885299608063,-0.999926050044,0.0,0.641499496531,0.234780398343,0.303580848157,1.0,-0.130282285714,-0.171228146939,1.142
0.448001858555,0.43482392219,-0.125173245771,-1.53173146526,0.0688493883022,1.95766993283,0.133773304336,-0.116784952183,-0.66691587124,-0.00728045548923,-0.994311354715,-0.0725299234438,0.346843159238,-0.170580699844,0.573778338459,0.818995294291,0.00242345753494,0.0,0.818955516718,-0.573714997823,-0.0119879026757,0.0,-0.00842782420713,0.0088632734421,-0.999925204284,0.0,0.639594492206,0.232355649209,0.303600382151,1.0,-0.141234285714,-0.185622204082,1.156
0.445767950054,0.422945980157,-0.125318144072,-1.54959161612,0.0676191336849,1.96393656995,0.130795426439,-0.136303732172,-0.702058748141,-0.0110771108551,-1.0782319301,-0.0790307005283,0.369093900646,-0.181969817459,0.573704938667,0.819046091521,0.00262492172347,0.0,0.819009251935,-0.573641157816,-0.0118496500427,0.0,-0.00819980428836,0.00894821020885,-0.999926343659,0.0,0.637151916713,0.229135144473,0.303731935688,1.0,-0.154533142857,-0.203100702041,1.173
0.443420256292,0.410915392033,-0.125466501756,-1.56750030206,0.0663220302219,1.97028628848,0.127820208205,-0.148051472051,-0.785375251418,-0.010383788477,-1.15761566114,-0.0782121854356,0.412449660001,-0.185852630733,0.573686156035,0.81905812907,0.00295338436016,0.0,0.819026440207,-0.573622222638,-0.0115750956523,0.0,-0.00778669920592,0.00905954643393,-0.999928643421,0.0,0.634689623759,0.225844177996,0.303915672465,1.0,-0.167049714286,-0.219551053061,1.189
0.440607777023,0.397371064023,-0.12562137638,-1.58775446055,0.064976250604,1.97719464542,0.124373893347,-0.17115139002,-0.813135689767,-0.0139740749753,-1.20191141872,-0.084118588823,0.429466491882,-0.206755067761,0.573725675732,0.81902977899,0.00313321462552,0.0,0.818999789862,-0.573660414732,-0.0115680454711,0.0,-0.00767732033625,0.00920316401413,-0.999928177683,0.0,0.631804888312,0.222048015233,0.304015340818,1.0,-0.180348571429,-0.23702955102,1.206
0.437503299548,0.383070978615,-0.125760522976,-1.60926649828,0.0633758649212,1.98438257043,0.120602762501,-0.193555272475,-0.87959529498,-0.00934938939523,-1.28351520415,-0.103579051639,0.418561477123,-0.22841862808,0.573662533807,0.8190743133,0.00305180267361,0.0,0.819043362076,-0.573597653228,-0.0115952642144,0.0,-0.00774702537649,0.00915150356639,-0.999928114206,0.0,0.628655180392,0.217943177749,0.304000893431,1.0,-0.193647428571,-0.25450804898,1.223
0.433848626788,0.366974694174,-0.125935584381,-1.63324173064,0.0615684597487,1.9923359823,0.116333104309,-0.213130119874,-0.890468992063,-0.0085951407197,-1.3467939101,-0.103510937338,0.42861445855,-0.236673756721,0.573660113313,0.819076019671,0.00304881845296,0.0,0.819045164804,-0.573595402235,-0.0115792680222,0.0,-0.00773566145094,0.00913986018861,-0.999928308679,0.0,0.625084683083,0.213258967941,0.304024550463,1.0,-0.207728571429,-0.273014693878,1.241
0.429977020322,0.351003270465,-0.126149441511,-1.65697834492,0.0597290092248,2.00011246949,0.111968315179,-0.238561704102,-0.947689166911,-0.0190680713847,-1.43616544437,-0.109361640452,0.459697493695,-0.268009612511,0.573720454071,0.819034012822,0.00297881216057,0.0,0.819002517091,-0.573656274592,-0.0115802642813,0.0,-0.00777596574853,0.00908366402785,-0.999928508147,0.0,0.62149004411,0.208460689766,0.303999020226,1.0,-0.221027428571,-0.290493191837,1.258
0.425736502871,0.334196436289,-0.126359990141,-1.68154777478,0.0578481219636,2.00807831727,0.107276602583,-0.257122720502,-0.99593513504,-0.00717576334542,-1.48170708537,-0.127308683332,0.481028069955,-0.28804711042,0.573782184804,0.818990283216,0.00310922835045,0.0,0.818960315182,-0.573717389407,-0.0115371639021,0.0,-0.00766515433736,0.0091663302203,-0.999928609351,0.0,0.617693435394,0.203397565412,0.304074522291,1.0,-0.234326285714,-0.307971689796,1.275
0.421786031826,0.31880657146,-0.12648488885,-1.70389549192,0.0560535065291,2.01517531542,0.102887145832,-0.266697622335,-1.0327806375,-0.00684297748202,-1.51530003208,-0.117921677041,0.457202870623,-0.288745475051,0.573709961774,0.819040676571,0.00316176928663,0.0,0.819011260395,-0.573644857327,-0.0115273548386,0.0,-0.00762778667329,0.00920306013976,-0.999928557725,0.0,0.613875375272,0.198459275075,0.304122749806,1.0,-0.246842857143,-0.324422040816,1.291
0.41691118601,0.300721421553,-0.126651762323,-1.73007418355,0.053858532778,2.02335844821,0.0975270961996,-0.29327571494,-1.05799171749,0.00153801013306,-1.55728855182,-0.130942289328,0.466480741757,-0.314343870977,0.573533839677,0.819163991866,0.00316797690686,0.0,0.819134829847,-0.573468949112,-0.0114996450971,0.0,-0.00760350518621,0.00919061277978,-0.999928857142,0.0,0.609854198521,0.193264615752,0.304144299231,1.0,-0.259359428571,-0.340872391837,1.307
0.410889333587,0.279634466697,-0.126901206686,-1.76025303397,0.0513421866267,2.03257433701,0.0912152423896,-0.32508683712,-1.12704774201,-0.0172394650336,-1.60135139523,-0.13750648512,0.482980676534,-0.347307722191,0.573550181804,0.819152368302,0.00321455426199,0.0,0.819123466874,-0.57348473055,-0.0115220112365,0.0,-0.0075949312332,0.00924174640325,-0.999928451012,0.0,0.604819888231,0.186680035332,0.304184630452,1.0,-0.274222857143,-0.360407183673,1.326
0.405698390909,0.262423101037,-0.127116900918,-1.78454642712,0.0492342006834,2.03989380574,0.0858893554276,-0.356526995734,-1.15285419299,-0.016377237207,-1.60103295959,-0.14107168663,0.469917719298,-0.351152580984,0.573567546147,0.819139670977,0.00334908044546,0.0,0.819112603424,-0.57350180285,-0.0114442973609,0.0,-0.00745391781246,0.00930753075625,-0.999928901963,0.0,0.600695385013,0.18121214788,0.304269913908,1.0,-0.285957142857,-0.375829387755,1.341
0.398912250285,0.241209402265,-0.12742590669,-1.81449452456,0.0464992839193,2.04864475801,0.0791206969132,-0.389988802848,-1.19014770959,-0.0226324629693,-1.69549368111,-0.154407595574,0.480648928931,-0.39294567181,0.573650108558,0.81908227297,0.00324498976461,0.0,0.819054159804,-0.57358503374,-0.011455971267,0.0,-0.00752225024749,0.0092297192269,-0.999929111505,0.0,0.595477779667,0.174266335432,0.304238932435,1.0,-0.300038285714,-0.394336032653,1.359
0.392121878609,0.220522954242,-0.12761793541,-1.84325229271,0.0439264729296,2.05685562597,0.0722805491834,-0.415136030645,-1.21597575407,-0.00872342898391,-1.71294742709,-0.160848407832,0.468369675739,-0.417646891527,0.573535246611,0.819162330213,0.00333834632202,0.0,0.81913464169,-0.573468939241,-0.0115135316036,0.0,-0.00751715818186,0.00933815109429,-0.999928143052,0.0,0.590297302706,0.167592892607,0.304267671002,1.0,-0.313337142857,-0.411814530612,1.376
0.385182049584,0.200467130761,-0.127880346793,-1.8708366892,0.041244946693,2.0644311739,0.0654431222268,-0.452511367071,-1.25544300375,-0.0176575664362,-1.71993976761,-0.165596059863,0.453984985843,-0.437402875557,0.573455486107,0.819218424195,0.00327502891401,0.0,0.819190078463,-0.573389583451,-0.0115216248697,0.0,-0.0075610054779,0.00929018904834,-0.999928259218,0.0,0.585209384412,0.160948679513,0.304287293514,1.0,-0.325853714286,-0.428264881633,1.392
0.377654487087,0.179859259185,-0.128246710832,-1.89881826032,0.038561048867,2.07192110442,0.058176453925,-0.489371058076,-1.29080376124,-0.0315939693955,-1.74596147075,-0.168668374503,0.456486168118,-0.467186134723,0.57352518117,0.819169434013,0.00332443148161,0.0,0.819141309521,-0.573458600786,-0.0115540089119,0.0,-0.00755841263797,0.00934987422576,-0.999927722513,0.0,0.579949503693,0.153970552053,0.304333208109,1.0,-0.338370285714,-0.444715232653,1.408
