position_joint1,position_joint2,position_joint3,position_joint4,position_joint5,position_joint6,position_joint7,velocity_joint1,velocity_joint2,velocity_joint3,velocity_joint4,velocity_joint5,velocity_joint6,velocity_joint7,ee_T_00,ee_T_10,ee_T_20,ee_T_30,ee_T_01,ee_T_11,ee_T_21,ee_T_31,ee_T_02,ee_T_12,ee_T_22,ee_T_32,ee_T_03,ee_T_13,ee_T_23,ee_T_33,v_x,v_y,time
0.465100269004,0.547735347787,-0.123978798825,-1.35576732487,0.0794475150902,1.8940923322,0.159168514491,-0.0018458993516,-0.00146523083146,7.46302029492e-05,-0.00067689518972,0.000184784165367,-6.26631763469e-05,-0.00226121381855,0.573767193682,0.819004232692,0.00200529000713,0.0,0.818962290514,-0.573708877474,-0.0118168322935,0.0,-0.00852774717192,0.00842252976041,-0.99992816668,0.0,0.661685500673,0.260913046176,0.303276978294,1.0,0.0,0.0,0.0
0.465097842496,0.547735500273,-0.123977985816,-1.35576446428,0.0794464505364,1.89409314601,0.159170007748,-0.00116489426745,-0.000863188816851,0.000330624854897,0.00133497111911,0.000156199795568,3.52848009224e-05,-0.000240341051375,0.573769403498,0.819002678498,0.0020077659663,0.0,0.818960778312,-0.573711086792,-0.0118143717308,0.0,-0.00852428861676,0.00842316877124,-0.999928190787,0.0,0.661686821259,0.260912132102,0.303278273647,1.0,-8e-05,-0.000105142857143,0.005
0.465097139105,0.54773761519,-0.12398172504,-1.35577026536,0.0794458398518,1.8940923322,0.159170007746,0.00015662274531,-0.000550536341492,-0.000447568764986,0.000290444124619,-2.12960474602e-05,-0.000369025267788,2.9295450706e-05,0.57377274544,0.819000358155,0.00199920789513,0.0,0.818958364237,-0.573714479914,-0.0118169406162,0.0,-0.00853126833255,0.00841766855385,-0.999928177579,0.0,0.66168634878,0.260908630303,0.303274066225,1.0,-0.00038,-0.000499428571429,0.02
0.465096804637,0.547733559045,-0.123981729094,-1.35577708276,0.0794436128919,1.89409197496,0.159173025204,0.000432116422843,-0.00267513390002,-0.00111148439683,-0.00287953011143,-9.81022732452e-05,-0.000354568479311,-0.00273344558834,0.573773267258,0.819000010494,0.00199185625362,0.0,0.818957939457,-0.573715049369,-0.0118187321009,0.0,-0.00853694816851,0.00841268099574,-0.999928171078,0.0,0.661684833917,0.260904920869,0.303271520657,1.0,-0.00072,-0.000946285714286,0.037
0.465095877731,0.547666422847,-0.123976465687,-1.35584551794,0.0794428827895,1.89410033717,0.159173944316,0.000784887328973,-0.0122161897533,0.00123213813869,-0.0111291370166,0.000181536901545,0.000323582548452,0.00086079480209,0.573773647465,0.818999680791,0.00201773150605,0.0,0.81895785609,-0.57371523691,-0.0118154046868,0.0,-0.0085193733822,0.00843196725325,-0.999928158522,0.0,0.661673764299,0.2609064217,0.303295244813,1.0,-0.00106,-0.00139314285714,0.054
0.465093177508,0.547547776681,-0.123971206226,-1.35597278311,0.0794411354521,1.89413524316,0.1591637088,-7.85487548246e-05,-0.00984987432172,0.00124289468838,-0.0123030547934,0.000204452976548,0.000831575394257,-0.00119733954511,0.573773249928,0.818999918042,0.00203440799445,0.0,0.818958219778,-0.573714683242,-0.011817080491,0.0,-0.00851118208213,0.00844658245031,-0.999928104928,0.0,0.66165238311,0.260892707198,0.303315526795,1.0,-0.00138,-0.00181371428571,0.07
0.465081897213,0.547397208981,-0.123979209187,-1.35617850556,0.0794346785349,1.89418437981,0.159161928513,0.000525638922961,-0.0128287656157,-0.000577202585396,-0.00994395218405,-6.22509803217e-05,0.000240160455,0.000665931674821,0.573796213357,0.818983836236,0.00203185215124,0.0,0.818942057435,-0.573737607151,-0.011824195763,0.0,-0.00851823921754,0.00844881060172,-0.99992802601,0.0,0.661624136606,0.260860458093,0.303328787282,1.0,-0.00174,-0.00228685714286,0.088
0.465064432703,0.547221905069,-0.123977067187,-1.35639094584,0.0794331826122,1.89431541415,0.159154739236,-0.00455630387608,-0.00413537213728,0.00101767483542,-0.0115716539905,0.000485955276737,0.0123404347817,0.00159289915081,0.573814918358,0.818970514637,0.00211719767547,0.0,0.818929802595,-0.573755929859,-0.0117838140792,0.0,-0.00843600397908,0.00849572815733,-0.999928325651,0.0,0.661610344783,0.260835901592,0.303363155656,1.0,-0.00208,-0.00273371428571,0.105
0.465045252642,0.547035872287,-0.123974945571,-1.35659923957,0.0794271239979,1.89443625878,0.159137215741,-0.0034789753052,-0.00870542068671,0.000385261334798,-0.0138679518889,-0.00188782608411,0.00453069959989,-0.00243563213522,0.573825044082,0.818963188914,0.00220474267194,0.0,0.818923604236,-0.573765706976,-0.0117384336803,0.0,-0.0083485000763,0.00854148748947,-0.999928670225,0.0,0.661596453806,0.260809398964,0.303406198346,1.0,-0.0024,-0.00315428571429,0.121
0.465015656162,0.546814197133,-0.123977077411,-1.35689814148,0.0794213309443,1.89455473766,0.159119633612,-0.00273903572589,-0.019987001196,-2.61949275524e-05,-0.0101606178255,-0.00196929340568,0.0125008429931,0.00142686127421,0.573851560965,0.818944495841,0.00224624357019,0.0,0.818905364428,-0.573791975674,-0.0117268778385,0.0,-0.00831494561175,0.00856911304431,-0.99992871345,0.0,0.661565912037,0.260763126984,0.303431283204,1.0,-0.00274,-0.00360114285714,0.138
0.464977955971,0.546546439923,-0.123977156329,-1.35732004211,0.0794041306438,1.89470661578,0.159024272431,-0.00154699268922,-0.0134710031698,-0.000145906505824,-0.0296882297064,0.000299426415085,0.0072513787856,-0.0106795545601,0.573823419737,0.818964206082,0.00224922640428,0.0,0.818925028637,-0.573763739295,-0.0117352393377,0.0,-0.00832037660814,0.00857606808159,-0.999928608646,0.0,0.661517288541,0.260699100829,0.303433257497,1.0,-0.0031,-0.00407428571429,0.156
0.464936048493,0.546274675684,-0.123974372285,-1.35773146877,0.079381955878,1.89486035358,0.158942290219,-0.00101101646957,-0.0159978019688,0.00130322029618,-0.0265369194394,0.000351623097624,0.0117832009908,-0.00172521583677,0.57380577845,0.818976526718,0.00226367047411,0.0,0.818937497043,-0.573746004659,-0.0117322195938,0.0,-0.00830980055267,0.008585985336,-0.999928611487,0.0,0.661472233526,0.260634569268,0.303443096808,1.0,-0.00342,-0.00449485714286,0.172
0.464895097967,0.545997356714,-0.123972952814,-1.35821432778,0.079341336326,1.89501250788,0.158923928324,-0.00241836213643,-0.0181094054856,0.00305777576279,-0.0308050004351,-0.00185634582089,0.00451957545843,-0.00313695843775,0.573846784637,0.818947949136,0.00220709485596,0.0,0.81890830428,-0.573787343081,-0.011748234033,0.0,-0.00835494993263,0.00854925923061,-0.999928549937,0.0,0.661410591716,0.260547270593,0.303421456413,1.0,-0.00376,-0.00494171428571,0.189
0.464831013393,0.545646598585,-0.123973998472,-1.35881697119,0.0792717614081,1.89521673719,0.158830865126,-0.00276504538172,-0.0147884408207,0.00131076817097,-0.0326197256817,-0.00506154034326,0.00812814342199,-0.00660864975051,0.573831517217,0.818958793227,0.00215214918509,0.0,0.818918641313,-0.573772498383,-0.0117526980167,0.0,-0.00839029290921,0.00850666740056,-0.99992861725,0.0,0.661344092538,0.260451043352,0.303401867258,1.0,-0.0041,-0.00538857142857,0.206
0.464772673318,0.545285411303,-0.123982849503,-1.35943220312,0.0792590065265,1.895419822,0.158754131962,-0.00346595186426,-0.0260615607425,-0.000786989971628,-0.0439775436405,-0.000260728460475,0.0148654764072,-0.00178169234379,0.573853507715,0.818943468796,0.00211978792655,0.0,0.818902685154,-0.573794398344,-0.0117952354013,0.0,-0.00844347111984,0.00850480097814,-0.999928185499,0.0,0.66127071241,0.260350765224,0.303382638169,1.0,-0.00442,-0.00580914285714,0.222
0.464699589329,0.544873042472,-0.123982887447,-1.36012285535,0.0792328841515,1.8956416396,0.158683030886,-0.00537393100928,-0.0253855411233,-0.000366439007421,-0.0447282560026,9.12513925826e-05,0.0069410767287,-0.00431149586339,0.573886581819,0.818920393241,0.0020802988826,0.0,0.818878906983,-0.573827434812,-0.0118388199509,0.0,-0.00850148219809,0.00849781639885,-0.999927753349,0.0,0.661187573916,0.260236671782,0.303365020964,1.0,-0.00476,-0.006256,0.239
0.464627955685,0.544452283366,-0.123986994186,-1.36084946131,0.0791959177752,1.89589017494,0.15857062893,-0.00548232770684,-0.0255228256991,6.81592126393e-05,-0.0392687435987,0.000102562898304,0.0154675831302,-0.00592964114289,0.573886701841,0.81892042605,0.00203375271175,0.0,0.818878254963,-0.573827663453,-0.0118727884833,0.0,-0.0085560101662,0.00847919454672,-0.999927446343,0.0,0.661102791335,0.260117087015,0.303338629489,1.0,-0.0051,-0.00670285714286,0.256
0.464571065202,0.5440001745,-0.123989933952,-1.36159079694,0.079154688471,1.89616201889,0.158495430915,-0.00464948749731,-0.0243583862491,0.000885398866917,-0.0469325214225,-0.00877173084392,0.0137872008096,-0.00220411423054,0.573904130282,0.818908248574,0.00201905020655,0.0,0.818865859249,-0.573845123027,-0.0118838644786,0.0,-0.00857333759561,0.00847369333509,-0.999927344562,0.0,0.661016142368,0.260007490209,0.303329348157,1.0,-0.00542,-0.00712342857143,0.272
0.464494177787,0.543450176678,-0.123989934078,-1.36247878266,0.0791031718688,1.89646446097,0.158369403393,-0.00437679278429,-0.0329513256835,0.00113978606423,-0.0452449841791,-0.000950937142025,0.0150804009826,-0.0069918916729,0.573899464032,0.81891158927,0.00199023704508,0.0,0.818868760001,-0.573840511742,-0.0119066317286,0.0,-0.00860856580883,0.00846311544986,-0.999927131481,0.0,0.660909408203,0.25987067227,0.303322017735,1.0,-0.00578,-0.00759657142857,0.29
0.464425257265,0.542900419999,-0.123993522343,-1.36334541883,0.0790482975325,1.89677680421,0.158271286995,-0.00270824483144,-0.0331949479275,0.000964158912331,-0.0485523753709,-0.000358921107958,0.020187062323,-0.00805352184849,0.573911603211,0.818903097667,0.00198374198208,0.0,0.818860206631,-0.57385269866,-0.011907524444,0.0,-0.00861289878786,0.0084584366644,-0.999927133757,0.0,0.660808368825,0.259739711096,0.303325581405,1.0,-0.00612,-0.00804342857143,0.307
0.464365897755,0.542350122536,-0.123997042796,-1.36420960802,0.0790035745043,1.89707702751,0.158152701332,-0.000465898927032,-0.0346323722894,0.00106321142691,-0.0539357852355,-0.000712675349613,0.0153441344883,-0.0096927851171,0.573901545129,0.818910165779,0.00197579934078,0.0,0.818867084624,-0.573842589668,-0.0119216988235,0.0,-0.00862916868779,0.00845996130183,-0.999926980585,0.0,0.660702293251,0.25961622888,0.303329588357,1.0,-0.00644,-0.008464,0.323
0.464279391967,0.541658770474,-0.123997397075,-1.36528389653,0.0789428454843,1.89748171534,0.158006781955,-0.0073261984627,-0.0380212909366,0.000484521662159,-0.0634539832556,-0.00462315956133,0.0291920343014,-0.00990015243092,0.573896624913,0.818913565035,0.00199595001796,0.0,0.818870709178,-0.573837550055,-0.0119153136009,0.0,-0.008612426687,0.00847274639366,-0.999927016674,0.0,0.66057939134,0.259458066262,0.303342204626,1.0,-0.00682,-0.00896342857143,0.342
0.464203576408,0.541087243263,-0.124001653842,-1.36616633691,0.0788903207674,1.89781241867,0.15789202745,-0.00170913221782,-0.0387848996626,0.000111284723531,-0.0632415719661,-0.00098007564558,0.0252045218012,-0.00520820779248,0.573902657009,0.818909298828,0.00201183324957,0.0,0.818866662012,-0.573843527907,-0.0119055544156,0.0,-0.00859525721444,0.00848021576028,-0.99992710109,0.0,0.660480331093,0.259322218171,0.303355035479,1.0,-0.00712,-0.00935771428571,0.357
0.46412028373,0.540429751578,-0.124004882563,-1.36716826039,0.0788229151513,1.89817109104,0.157762082936,-0.00287304382867,-0.0378025005825,-0.00106996713817,-0.0603950408242,-0.00518603786076,0.0254940300154,-0.00859929940288,0.573904100918,0.818908267007,0.00201992015304,0.0,0.818865789007,-0.573844991279,-0.0118950611246,0.0,-0.00858200805914,0.00848083115222,-0.999927209671,0.0,0.66036390527,0.259168474062,0.30337404915,1.0,-0.00744,-0.00977828571429,0.373
0.464004891095,0.539693073311,-0.124005306736,-1.3682806125,0.0787571229835,1.89860006922,0.157623731866,-0.00995094660371,-0.0410812191275,-0.00811786791636,-0.0660822025347,-0.00453338073438,0.0316371470598,-0.00731856668188,0.573929638501,0.818890255757,0.00206542434271,0.0,0.818848375797,-0.573870346202,-0.011870556306,0.0,-0.00853556144279,0.00850429719194,-0.999927407925,0.0,0.660245472015,0.258988132053,0.303402377581,1.0,-0.00778,-0.0102251428571,0.39
0.463900403941,0.538902545437,-0.12400566923,-1.3695249881,0.0786882427815,1.89907265951,0.15748004359,-0.00443234526301,-0.0398661630842,-5.67653785764e-06,-0.0733860804546,-0.00574633450808,0.0241803751068,-0.00812076876636,0.5739482326,0.818877178025,0.00208338833612,0.0,0.818835481547,-0.57388881532,-0.0118671273607,0.0,-0.00852225058003,0.00851723304928,-0.999927411359,0.0,0.660103714508,0.25880253095,0.303409578226,1.0,-0.00814,-0.0106982857143,0.408
0.463799937091,0.538217792531,-0.12401305773,-1.37057562942,0.0786411669882,1.89947649703,0.157347089671,-0.00665949633719,-0.0479420752639,-0.00167947301709,-0.0700329219244,-0.000140984521079,0.0276700025556,-0.00729775706771,0.573972306773,0.818860204273,0.00212221962615,0.0,0.818818914419,-0.573912631725,-0.0118584753709,0.0,-0.00849262842326,0.00854431453842,-0.999927432343,0.0,0.659989410627,0.258635987771,0.303428434963,1.0,-0.00844,-0.0110925714286,0.423
0.463687329311,0.537417715189,-0.124012271634,-1.37183929325,0.0785669786235,1.89995503194,0.157187302892,-0.00773817978418,-0.0523905826665,0.000919014315163,-0.0700176076893,-0.00373032801197,0.0261327253608,-0.00448392134909,0.573983000543,0.818852674989,0.00213510019391,0.0,0.818811530582,-0.573923250442,-0.0118544037719,0.0,-0.00848178989642,0.00855263556908,-0.999927453201,0.0,0.659846249943,0.25844310109,0.303433407775,1.0,-0.00878,-0.0115394285714,0.44
0.463569909921,0.536539565986,-0.124019058833,-1.37321979031,0.0784576174979,1.90046815127,0.15702112726,-0.00731269967185,-0.0458730675869,0.000619642758227,-0.0729829854609,-0.00139594039146,0.0255522383343,-0.0068504882884,0.573994497023,0.818844636374,0.00212738572493,0.0,0.818803645401,-0.573935031983,-0.011828619588,0.0,-0.00846498348846,0.00853163799813,-0.999927774996,0.0,0.659689583563,0.258226488931,0.303440928722,1.0,-0.00914,-0.0120125714286,0.458
0.463460053096,0.535716947132,-0.124033201003,-1.37451410119,0.0783987848637,1.90093410504,0.156867731124,-0.00715138506885,-0.0572502402699,-0.00154379201902,-0.0813697669578,0.000344631233325,0.0268853874549,-0.0127590356413,0.574024092696,0.81882388399,0.00212953374475,0.0,0.818782785555,-0.57396447902,-0.0118437241839,0.0,-0.0084758106964,0.0085423730674,-0.999927591626,0.0,0.659538648936,0.258025069732,0.303446345521,1.0,-0.00946,-0.0124331428571,0.474
0.463314146284,0.534663522221,-0.124033984133,-1.37620512409,0.0783081360265,1.90155357827,0.156663915902,-0.00528714981718,-0.0543226832737,-3.78538056408e-05,-0.0908950904878,-0.0136217963702,0.0287872533215,-0.00688178511798,0.574045700665,0.818808762955,0.00211899903602,0.0,0.818767397405,-0.573985995438,-0.0118647751027,0.0,-0.00849886968315,0.00854605500095,-0.999927364441,0.0,0.65933991597,0.257768860872,0.303438482141,1.0,-0.00986,-0.0129588571429,0.494
0.463214008995,0.533915742103,-0.124039604164,-1.37741126247,0.0782329282464,1.90198755671,0.156514684115,-0.00951604219973,-0.0526839768886,-0.000332826852759,-0.0861355395844,-0.0105346250539,0.0275706679033,-0.00598482953428,0.574055273143,0.81880211365,0.00209498456807,0.0,0.818760449689,-0.573995677444,-0.011875824259,0.0,-0.0085216019855,0.00853283432937,-0.999927283875,0.0,0.659196922505,0.257583508292,0.303429658368,1.0,-0.01014,-0.0133268571429,0.508
0.463092551215,0.533038085284,-0.124036832994,-1.37880179937,0.078159276955,1.90252864444,0.156341663495,-0.00542785980241,-0.0527511877964,-0.000288151422422,-0.0849867908648,-0.00061206566043,0.0390618375242,-0.011733048835,0.574067580721,0.81879341152,0.00212342122305,0.0,0.818752029373,-0.574007780468,-0.0118713630441,0.0,-0.0085014972232,0.00855368478311,-0.999927276866,0.0,0.659039019716,0.257376308468,0.303433554695,1.0,-0.01046,-0.0137474285714,0.524
0.462963610738,0.532083006293,-0.124037134502,-1.38035631017,0.0780767646017,1.90311505926,0.156138316149,-0.00322304067084,-0.0551600086783,0.00481234391595,-0.0958734359852,-0.000474699603059,0.0366029440844,-0.0177461882565,0.57406972782,0.818791923906,0.00211656491003,0.0,0.818750341322,-0.574009843118,-0.0118880397934,0.0,-0.00851906590034,0.00855766677262,-0.99992709327,0.0,0.658856743213,0.25714560952,0.303417848485,1.0,-0.0108,-0.0141942857143,0.541
0.462833650935,0.53107037821,-0.124040376774,-1.38196586002,0.0779618953539,1.90368707785,0.155930726918,-0.0113655261653,-0.0628921856213,-0.000487297401019,-0.0949276244172,-0.00811024502759,0.0330569441874,-0.0106144222144,0.574065061139,0.818795276914,0.00208494232273,0.0,0.818753398821,-0.574005421417,-0.0118909631006,0.0,-0.00853966064306,0.00853340436689,-0.999927124948,0.0,0.658662553985,0.256900605141,0.303415070628,1.0,-0.01114,-0.0146411428571,0.558
0.462694889566,0.530034291294,-0.124045811423,-1.38361036149,0.0778616046819,1.90427582624,0.155711551088,-0.00541490226076,-0.0631145785059,-0.00077532715468,-0.0961803428186,-0.0112800725079,0.0366625202906,-0.0153807605736,0.574065367947,0.818795108685,0.00206645074454,0.0,0.818752970795,-0.574005784459,-0.0119029040018,0.0,-0.00856004970265,0.00852512178655,-0.999927021261,0.0,0.658465659657,0.256648194963,0.303413505181,1.0,-0.01148,-0.015088,0.575
0.462557873985,0.529059217135,-0.124046079045,-1.38516746553,0.0777637426761,1.90485327634,0.155505472875,-0.0126925367869,-0.0634586555181,-0.000400279336991,-0.094585971568,-0.00574243180594,0.0353242354787,-0.0160033062768,0.574064572431,0.818795675609,0.00206280999957,0.0,0.818753492765,-0.574005006356,-0.0119045228903,0.0,-0.00856347346928,0.00852306183046,-0.999927009506,0.0,0.658270953855,0.256395753129,0.303412945728,1.0,-0.01182,-0.0155348571429,0.592
0.462423864616,0.527965379209,-0.1240442637,-1.38687925461,0.0776554857573,1.90551319327,0.155249309373,-0.00987268756127,-0.0662023126781,0.000195646569992,-0.0975023446513,-0.0130610765067,0.0373952704354,-0.0137544060292,0.574029587821,0.818820128922,0.00209181265414,0.0,0.818778373457,-0.573969957849,-0.0118831623624,0.0,-0.00852969913982,0.00853418206489,-0.999927203335,0.0,0.658082853439,0.256160444269,0.303421710576,1.0,-0.01214,-0.0159554285714,0.608
0.462273498812,0.526792443611,-0.124047481314,-1.38864292511,0.0775520193255,1.906187043,0.155011721251,-0.0100290317922,-0.0692957467314,1.67229046378e-05,-0.105587840588,-0.00668080002413,0.0421880008234,-0.00916929791117,0.574027933751,0.818821101996,0.00216358515223,0.0,0.8187802755,-0.573968011634,-0.0118460530938,0.0,-0.00845813242603,0.00857163125803,-0.999927490938,0.0,0.657879853648,0.255894663884,0.303466280679,1.0,-0.01248,-0.0164022857143,0.625
0.462115170871,0.52564192775,-0.124055313296,-1.39046229409,0.0774334205238,1.90684831174,0.154775172826,-0.011624455936,-0.0645397148406,-0.00235930084583,-0.106017913222,-0.0128448884893,0.0320126972814,-0.0139194465565,0.574035440032,0.818815874714,0.00215030356077,0.0,0.81877494268,-0.573975637704,-0.0118451451103,0.0,-0.00846493397326,0.00856031257289,-0.999927530345,0.0,0.657664032936,0.255610819854,0.303467331363,1.0,-0.01282,-0.0168491428571,0.642
0.461967749745,0.524464969865,-0.124061704945,-1.39232068826,0.0773161291423,1.90750939599,0.154516842401,-0.00117352945784,-0.0753666387605,-0.000183699781341,-0.115335199117,-0.00657664188832,0.0386191655724,-0.012600611564,0.574017286034,0.818828655886,0.00212944485677,0.0,0.818787455631,-0.573957572119,-0.011855581376,0.0,-0.00848564213781,0.00854903597743,-0.999927451299,0.0,0.657435928247,0.255330945196,0.303468043074,1.0,-0.01316,-0.017296,0.659
0.46181822947,0.523346006411,-0.124066317558,-1.39411790063,0.0772021086296,1.90817272057,0.154279029099,-0.00852355849098,-0.0703610947078,-0.000294902258633,-0.113011500105,-0.00457290846928,0.0435172159078,-0.0150317331716,0.574013947651,0.818831042128,0.0021116938761,0.0,0.818789643295,-0.573954337706,-0.0118610776261,0.0,-0.00850036635165,0.00853762144278,-0.999927423762,0.0,0.657220502769,0.255057926797,0.303456957546,1.0,-0.01348,-0.0177165714286,0.675
0.461655692497,0.522114786194,-0.124069134983,-1.39606002529,0.0770914796027,1.9089359995,0.154006008351,-0.00814926924961,-0.0747320405912,0.000276479983486,-0.113734981868,-0.00730378842163,0.0481195881344,-0.0285431723171,0.57399995223,0.818840734635,0.00215709134133,0.0,0.818799904205,-0.57394014087,-0.0118396990483,0.0,-0.0084569493807,0.00856237772406,-0.999927580225,0.0,0.656996014164,0.25476898967,0.303464114908,1.0,-0.01382,-0.0181634285714,0.692
0.461485487909,0.520804432472,-0.124071304891,-1.39819922675,0.0769548437365,1.90974001094,0.15372637488,-0.00909451423571,-0.0726128068501,0.000287149953406,-0.119607680602,-0.00785874536193,0.0495433078879,-0.0195485429386,0.57398935618,0.818848235637,0.00212905772942,0.0,0.818807085851,-0.573929703185,-0.0118490026011,0.0,-0.00848076868436,0.0085446534405,-0.999927530104,0.0,0.656737783864,0.254451687268,0.303436231876,1.0,-0.01418,-0.0186365714286,0.71
0.461327566576,0.519561809706,-0.124080805167,-1.40012377563,0.0768353767794,1.91043718044,0.153466863025,-0.0105333927953,-0.0813535637784,-0.00156101013343,-0.122785208582,-0.00301563337132,0.0483551744496,-0.0154064416772,0.573982982451,0.818852677499,0.00213899751652,0.0,0.818811673085,-0.573923306933,-0.0118418191007,0.0,-0.00846924780809,0.00854860336737,-0.99992759399,0.0,0.656503991304,0.254158358605,0.303453488236,1.0,-0.0145,-0.0190571428571,0.726
0.461153147367,0.518224019216,-0.124078732013,-1.40222021038,0.0766967790686,1.91117806566,0.153193689366,-0.00976422822478,-0.0748459602314,-0.000379718583099,-0.127711204934,-0.0111283399788,0.0399446841446,-0.0235258403969,0.57397421289,0.818858876072,0.00211917839443,0.0,0.818817618448,-0.57391462198,-0.011851636955,0.0,-0.00848875408425,0.00853791898009,-0.99992751987,0.0,0.656242705507,0.25384175162,0.303458781417,1.0,-0.01484,-0.019504,0.743
0.460971002353,0.516853205307,-0.124082212452,-1.40434878095,0.0765550093644,1.91194515801,0.152883248822,-0.0123104871474,-0.0780792058803,0.000163255883627,-0.124562801877,-0.0118080140928,0.0506201846822,-0.0189495880826,0.573945776693,0.818878803895,0.00212057743384,0.0,0.818837623548,-0.57388624315,-0.0118436939448,0.0,-0.00848174301423,0.00853421101653,-0.999927611019,0.0,0.655982540107,0.253514770274,0.303473974606,1.0,-0.01518,-0.0199508571429,0.76
0.460798454645,0.515573215092,-0.124085117058,-1.40639406529,0.0764242645245,1.91273236322,0.152609136828,-0.0106003047991,-0.0858418182138,0.00118113501964,-0.125405911601,-0.0063417889492,0.0509889757901,-0.0269137001322,0.573937540296,0.818884545479,0.00213258408623,0.0,0.818843593656,-0.573878033025,-0.0118287463896,0.0,-0.00846269738336,0.00853537875709,-0.999927762422,0.0,0.655739830922,0.253206252483,0.303466494349,1.0,-0.0155,-0.0203714285714,0.776
0.460615034744,0.514187281913,-0.124091555723,-1.40862471012,0.0763015489833,1.91353154697,0.152303164382,-0.01274895202,-0.0754736433529,-0.000623019062899,-0.132225578606,-0.00635997527862,0.0451458152738,-0.0144572004708,0.573924820403,0.818893569348,0.00209033677122,0.0,0.818851899137,-0.573865313863,-0.0118707929926,0.0,-0.00852150834286,0.00852478309977,-0.999927353346,0.0,0.655443525041,0.25284765263,0.303441435857,1.0,-0.01586,-0.0208445714286,0.794
0.460418995531,0.512772576195,-0.124091509952,-1.41089145913,0.0761625483337,1.91431410425,0.151983451935,-0.0106580983952,-0.0822813412424,0.000178392362129,-0.134105601552,-0.009958594231,0.048641603859,-0.0122278549486,0.573904054172,0.818908280408,0.00202775395866,0.0,0.818865634268,-0.573844645281,-0.0119223738568,0.0,-0.00859988049664,0.00850292043082,-0.999926868526,0.0,0.655152032376,0.25250340444,0.303418435436,1.0,-0.0162,-0.0212914285714,0.811
0.460233193785,0.511445359171,-0.124099018805,-1.41306250888,0.0760272557422,1.91513149183,0.15167788443,-0.0145139724769,-0.085822770991,-0.00120358803969,-0.135540584579,-0.00783313413076,0.0596456663315,-0.0213992413876,0.573890334033,0.818917932388,0.00201281368891,0.0,0.818875161709,-0.573831057761,-0.0119219791063,0.0,-0.00860827320749,0.00849031517155,-0.999926903419,0.0,0.654908862604,0.25218929009,0.303393451715,1.0,-0.0165,-0.0216857142857,0.826
0.460019754243,0.509894516199,-0.124100406933,-1.41552576748,0.0758781661488,1.91606182881,0.151325339978,-0.00943862706383,-0.083173037835,-4.91759903085e-05,-0.137846812455,-0.0106626593013,0.0595154066973,-0.0138360983742,0.573865787648,0.818935099255,0.00202678977214,0.0,0.81889248042,-0.57380642688,-0.01191792281,0.0,-0.00859718582464,0.00849917469976,-0.999926923543,0.0,0.654609932355,0.251815830352,0.303387408524,1.0,-0.01686,-0.0221588571429,0.844
0.459805796458,0.508396410804,-0.124103910364,-1.4179009387,0.075728243118,1.91690233578,0.15099932108,-0.0139027220045,-0.0830131144098,-0.00033408610431,-0.142171121675,-0.00899337230858,0.0543163175216,-0.0202568866027,0.573859184193,0.818939809286,0.00199308428135,0.0,0.818896706517,-0.573799919808,-0.011940811761,0.0,-0.00863534076252,0.00848463800514,-0.999926718219,0.0,0.654312319759,0.251444500388,0.303378111592,1.0,-0.0172,-0.0226057142857,0.861
0.459610701669,0.5069367022,-0.124107136436,-1.42016356916,0.0755818860204,1.9177159233,0.150685674691,-0.0119765613091,-0.0947624966477,0.00117787239075,-0.144228721484,-0.00725754809148,0.0516361738369,-0.0161755862118,0.573841794425,0.818951982275,0.0019981493296,0.0,0.818908955161,-0.573782520587,-0.0119368809569,0.0,-0.00862939530562,0.00848634695641,-0.999926755044,0.0,0.654029312856,0.251097343929,0.303392624521,1.0,-0.01752,-0.0230262857143,0.877
0.459388331999,0.505337869355,-0.124116924174,-1.42261932337,0.075428279416,1.91865707722,0.150353238955,-0.0113072778653,-0.0912149708617,-0.000791562864573,-0.146151435496,-0.0132172480968,0.0571945795475,-0.019355975275,0.573844091544,0.818950207819,0.00206461001949,0.0,0.818908125803,-0.573784622448,-0.011892663148,0.0,-0.00855502218674,0.00851542435009,-0.999927146918,0.0,0.653736966402,0.25071490485,0.30342321211,1.0,-0.01786,-0.0234731428571,0.894
0.459167678615,0.503675027328,-0.124124838127,-1.42510116688,0.0752634089455,1.91960931976,0.15000405472,-0.0165620011203,-0.0964576179465,-0.00138960120278,-0.148394604288,-0.0157392612934,0.0614873114832,-0.0222266851345,0.573827562223,0.818961519287,0.00216925397346,0.0,0.81892095989,-0.573767838644,-0.0118184470701,0.0,-0.00843436759205,0.00855836299271,-0.999927805327,0.0,0.653440954315,0.250331471477,0.303486305555,1.0,-0.0182,-0.02392,0.911
0.458949327517,0.502083349414,-0.124127824971,-1.42743949996,0.0751175348672,1.92048142387,0.149683382117,-0.0145338974121,-0.106500645185,-0.00122024667495,-0.156312909295,-0.0117560550747,0.0484923509556,-0.022579686559,0.573826209259,0.818962178101,0.00227580924194,0.0,0.818923018111,-0.573766089337,-0.011760613786,0.0,-0.00832587601205,0.00861242681632,-0.999928250372,0.0,0.653157815792,0.249966245597,0.303560263077,1.0,-0.01852,-0.0243405714286,0.927
0.458708245203,0.500275546157,-0.124125961539,-1.43017157956,0.0749359796852,1.92144876738,0.149293455401,-0.0177096729408,-0.10117701513,-0.000595417292544,-0.151443065988,-0.00849357683745,0.0540279824435,-0.0282851106195,0.57379286137,0.818985451386,0.00230858409503,0.0,0.818946721382,-0.573732626208,-0.0117425748389,0.0,-0.00829264759835,0.0086285791192,-0.999928387245,0.0,0.652809964559,0.249546076017,0.303605145266,1.0,-0.01888,-0.0248137142857,0.945
0.458459446244,0.498593968958,-0.124125971188,-1.43278621432,0.0747729156243,1.92241958709,0.148918636753,-0.0166085975008,-0.0937758565044,-0.000693277431999,-0.152668328494,-0.00226184034395,0.0571810212284,-0.0213802100229,0.573778617672,0.818995343538,0.00233924483963,0.0,0.818956986778,-0.573718243559,-0.0117293527212,0.0,-0.00826437693562,0.00864595915728,-0.999928471174,0.0,0.652487936948,0.24913528275,0.303617647948,1.0,-0.01922,-0.0252605714286,0.962
0.458215566456,0.497021721866,-0.124125834246,-1.43529838052,0.0746221244263,1.92332636946,0.14854890799,-0.015577911609,-0.0973867328933,0.000185118865233,-0.157092317535,-0.010540745717,0.0599894581972,-0.023574044098,0.573762054873,0.819007020956,0.00231320430449,0.0,0.818968203664,-0.573701652845,-0.0117576278386,0.0,-0.00830265046846,0.00864068784305,-0.999928199677,0.0,0.652171910901,0.248736291668,0.303596617433,1.0,-0.01954,-0.0256811428571,0.978
0.457943923884,0.495344046134,-0.124118492046,-1.43800967037,0.074455629018,1.9242574773,0.148151699498,-0.0149794061692,-0.0934614005911,-0.00114950724212,-0.158586043629,-0.0194291018053,0.0555343212165,-0.0306626547887,0.573745522892,0.819018833895,0.00222970598355,0.0,0.818978723428,-0.57368522902,-0.0118260508179,0.0,-0.00840677081902,0.00861139126626,-0.99992758245,0.0,0.65182023829,0.248300552421,0.303555599778,1.0,-0.01988,-0.026128,0.995
0.45766058319,0.493643629065,-0.124133919337,-1.44080551438,0.074276018964,1.92525498512,0.147777985777,-0.0183728235152,-0.103624171992,-0.00230462149806,-0.169379169915,-0.0157560439189,0.0602902652067,-0.0242458603827,0.573774520712,0.818998764492,0.00213776584587,0.0,0.818957466286,-0.573714595798,-0.0118734107928,0.0,-0.0084980049144,0.00856356476269,-0.999927221987,0.0,0.651469319917,0.247836628084,0.303496060647,1.0,-0.0217965714286,-0.028646922449,1.012
0.457392014908,0.491800001565,-0.124159651455,-1.44370464472,0.0740963752488,1.92633811014,0.14736078417,-0.0181688082123,-0.115648040733,-0.00199397847549,-0.186029357489,-0.00870280367932,0.0652511758174,-0.0306055358913,0.573768124808,0.819003202726,0.00215401508751,0.0,0.818962191013,-0.573708211476,-0.0118559975108,0.0,-0.0084744869496,0.00856681531275,-0.999927393737,0.0,0.651111457486,0.247371758092,0.303493932316,1.0,-0.0244388571429,-0.0321196408163,1.028
0.457031441708,0.48953500146,-0.124172521373,-1.44739839966,0.0738750978657,1.92764172918,0.14682024086,-0.0180061463328,-0.137494469999,-0.000829674055748,-0.216380923481,-0.014460619968,0.0788881803459,-0.0320966216119,0.573754293777,0.819013161968,0.00204885244183,0.0,0.818970583551,-0.573694611217,-0.0119341208297,0.0,-0.00859895198742,0.00852536708809,-0.999926685383,0.0,0.650635529442,0.24677448745,0.303424694509,1.0,-0.0274114285714,-0.0360264489796,1.046
0.456648341055,0.487069037148,-0.12419578137,-1.45122946957,0.0736497471422,1.92908268681,0.146266085973,-0.0218813132597,-0.152999447274,-0.001443478505,-0.231224242808,-0.0138461713379,0.0892654927254,-0.0355307619662,0.573760481226,0.81900866265,0.00211366705153,0.0,0.818966883966,-0.573700487774,-0.0119054691653,0.0,-0.00853823494833,0.00856207588293,-0.999926892028,0.0,0.650164532364,0.246151562565,0.303440500621,1.0,-0.0302188571429,-0.0397162122449,1.063
0.456263605999,0.484682540183,-0.124212334905,-1.45485116625,0.0734181494168,1.93046424493,0.145714187684,-0.0236076362439,-0.164291552665,-0.000787575268757,-0.243435630981,-0.0179563737129,0.0889989417246,-0.0420538143765,0.573751574148,0.819014593051,0.0022303438088,0.0,0.818974465773,-0.573691251312,-0.0118287565042,0.0,-0.00840855735482,0.00861352813088,-0.999927549024,0.0,0.6497275437,0.245550533327,0.303493867148,1.0,-0.032696,-0.0429718857143,1.078
0.455788991513,0.481794443067,-0.124259651472,-1.45938455869,0.0731398281306,1.93199752174,0.145024884653,-0.0286363482855,-0.178159987535,-0.00292414555966,-0.277893672694,-0.0209924944761,0.102494762183,-0.0385006354869,0.57376055928,0.81900854211,0.00213903410655,0.0,0.818967112246,-0.573700481713,-0.0118900480953,0.0,-0.0085110499229,0.0085740043064,-0.999927021577,0.0,0.649103997633,0.244725987928,0.303481598633,1.0,-0.0356685714286,-0.0468786938775,1.096
0.455239205678,0.478444047983,-0.124302120441,-1.46454798914,0.0728269791335,1.93386321639,0.144275494241,-0.0353289101341,-0.186699608488,-0.000143356299505,-0.288596445864,-0.0149797890082,0.105431505981,-0.0423323483992,0.573790120364,0.81898773463,0.00217605150999,0.0,0.818946701999,-0.573729804803,-0.0118809623587,0.0,-0.00848206014522,0.00859941459468,-0.999927049701,0.0,0.648489108533,0.243902741259,0.303501294,1.0,-0.038476,-0.0505684571429,1.113
0.454705689847,0.475251331641,-0.124328593201,-1.46943505322,0.0725303054911,1.93568055247,0.143586529294,-0.035776030677,-0.196550356277,0.000365780421032,-0.317605302417,-0.0198631889806,0.114106302568,-0.0423277260732,0.573838101034,0.818953834351,0.00227989124834,0.0,0.818914120103,-0.573777336208,-0.0118312827418,0.0,-0.0083812858051,0.00865644262026,-0.99992740739,0.0,0.647880763812,0.243080603621,0.303543571516,1.0,-0.0411182857143,-0.0540411755102,1.129
0.454101034194,0.471669594275,-0.124357108034,-1.4749853253,0.0721834613475,1.93763269676,0.142756682854,-0.0316455799993,-0.212933879972,-0.000488702008852,-0.340201081866,-0.0243969755942,0.116170408281,-0.0450362924841,0.573845953617,0.818948372285,0.00226538098923,0.0,0.818908315229,-0.573785085686,-0.0118572169459,0.0,-0.00841076862601,0.00865952201743,-0.99992713317,0.0,0.647160959451,0.242139956044,0.303548470493,1.0,-0.0439257142857,-0.0577309387755,1.146
0.453455778935,0.467793286518,-0.124363065715,-1.48076337611,0.0718232909776,1.93983252799,0.141825282365,-0.0416526889735,-0.232579223992,-0.00031544069123,-0.346138900466,-0.0182646618889,0.134560388336,-0.0553991469736,0.573793163568,0.818984615054,0.00252044624127,0.0,0.818947890145,-0.573731355254,-0.0117231449236,0.0,-0.00815517330695,0.00879094379708,-0.999928103643,0.0,0.646441834667,0.241178207392,0.303665585631,1.0,-0.0467331428571,-0.0614207020408,1.163
0.452817789983,0.463979926288,-0.124372405183,-1.48660842633,0.0714209226361,1.94187078519,0.140929244486,-0.0410011308602,-0.243742201588,-0.00039962023368,-0.373396705817,-0.0343843254128,0.131127290063,-0.0560109947284,0.573752928614,0.81901282736,0.00251245454314,0.0,0.818976027553,-0.573691185541,-0.0117233453675,0.0,-0.00816035432218,0.0087841129003,-0.999928121406,0.0,0.645667063361,0.240194382088,0.30369022141,1.0,-0.0493754285714,-0.0648934204082,1.179
0.452086985494,0.459758255177,-0.124385870943,-1.49318018036,0.0709862533867,1.9441366224,0.139966574835,-0.0440596112368,-0.258210160912,-0.00295769519306,-0.384554721688,-0.0260360731481,0.133379269313,-0.057913163619,0.573759791024,0.819008254914,0.0024346434151,0.0,0.818970270566,-0.573698149214,-0.0117845839627,0.0,-0.00825508006078,0.00875558958035,-0.999927594031,0.0,0.644784793339,0.23907921616,0.303666668569,1.0,-0.0521828571429,-0.0685831836735,1.196
0.451257462793,0.455124499442,-0.124393607938,-1.50045280045,0.0704875641884,1.94672214996,0.138829666679,-0.0456474408605,-0.2604162522,-0.00187238750004,-0.416072970131,-0.0210589223319,0.147485474185,-0.0615192143395,0.573711918071,0.81904197732,0.00237093898915,0.0,0.819003179666,-0.57365053952,-0.0118151219827,0.0,-0.00831715057161,0.00872045076154,-0.999927386736,0.0,0.643818426304,0.237839236184,0.30361621321,1.0,-0.0551554285714,-0.0724899918367,1.214
0.450459615118,0.450689205214,-0.124442145412,-1.50708748388,0.0700335589091,1.94920871037,0.137746681013,-0.0512672916636,-0.284381519954,-0.00710213911063,-0.414855035677,-0.0334206332633,0.160570066827,-0.0640983410859,0.573692037402,0.819055241392,0.00258933790193,0.0,0.819019701457,-0.573630311608,-0.0116507996013,0.0,-0.00805748090383,0.00880485923689,-0.999928773191,0.0,0.642978552057,0.236669521009,0.303719948806,1.0,-0.0577977142857,-0.0759627102041,1.23
0.449575883402,0.44581330211,-0.124493717499,-1.51454737268,0.06953328007,1.95175817846,0.136655123141,-0.0537862535945,-0.291048410691,-0.00338430071605,-0.447808907844,-0.0296685136221,0.144335579155,-0.0650008574971,0.573757711274,0.819009369701,0.00254715475809,0.0,0.818973230853,-0.573696070088,-0.0116796067176,0.0,-0.00810457069963,0.00878748516692,-0.999928545466,0.0,0.641967982292,0.235350805564,0.303733894825,1.0,-0.0606051428571,-0.0796524734694,1.247
0.448645687112,0.440767444488,-0.124511829829,-1.52241668872,0.0689929776104,1.95440082048,0.135416633732,-0.0510821853142,-0.302629671434,0.000219670131754,-0.458901089641,-0.0269522827751,0.159742158158,-0.0769489390301,0.573718717924,0.819037179071,0.00238304532037,0.0,0.818998676422,-0.57365743689,-0.0117923713464,0.0,-0.00829149852868,0.00871738297002,-0.999927626524,0.0,0.640871408304,0.233978362244,0.303671024086,1.0,-0.0634125714286,-0.0833422367347,1.264
0.447705091082,0.435842470753,-0.124515882123,-1.5299615335,0.0684946505911,1.95709466317,0.134184273158,-0.06217064077,-0.318898448944,-0.000152223801437,-0.477042465857,-0.0290279599394,0.172742756468,-0.079679332734,0.573677124404,0.819066131805,0.00244449716171,0.0,0.819028246725,-0.573615425476,-0.0117822588821,0.0,-0.0082484067344,0.00876149330485,-0.99992759739,0.0,0.639851704114,0.232655506327,0.303677719787,1.0,-0.0660548571429,-0.086814955102,1.28
0.446625226565,0.430392214564,-0.124552689439,-1.53813987848,0.0679153514287,1.96008423636,0.132846230003,-0.066935833804,-0.321072040154,-0.000752980223518,-0.489996843624,-0.0349082463446,0.169996351025,-0.0863245580715,0.573686650576,0.819058864949,0.00263620953543,0.0,0.819023861941,-0.573624684262,-0.0116353804143,0.0,-0.00801802098473,0.00883435102129,-0.999928830258,0.0,0.638774655046,0.23116602153,0.303760859015,1.0,-0.0688622857143,-0.0905047183673,1.297
0.445504673643,0.424780415305,-0.124619221614,-1.54685700467,0.0672868112864,1.96291057647,0.13144172011,-0.0685035709968,-0.331810169292,-0.00854194149382,-0.514612498959,-0.0362234885133,0.172393495738,-0.0825117031112,0.573698886378,0.819051103238,0.00237169866119,0.0,0.819012608838,-0.573637814375,-0.0117792777782,0.0,-0.00828749398316,0.00870037716079,-0.999927807835,0.0,0.63753490866,0.229557817853,0.303677800842,1.0,-0.0716697142857,-0.0941944816326,1.314
0.44438615258,0.419283502641,-0.12468916453,-1.55525622098,0.0666859558568,1.96572075187,0.130100047019,-0.0744510704337,-0.34620483267,-0.000620628469539,-0.522145348042,-0.0428754606806,0.179745125551,-0.0769678569332,0.57375271273,0.819013694767,0.00226700691248,0.0,0.818973910441,-0.573692109262,-0.0118255946392,0.0,-0.00838492141666,0.00864175290052,-0.999927503972,0.0,0.636357058213,0.227990379355,0.303658734155,1.0,-0.074312,-0.0976672,1.33
0.443141579617,0.413214281629,-0.124716086252,-1.56420357418,0.0660875823794,1.96905215737,0.128599763512,-0.0727369158372,-0.359208521731,0.000820994332024,-0.534656063903,-0.0304930509554,0.189950140089,-0.0973111822012,0.573768891683,0.81900123016,0.00264401847916,0.0,0.818966477796,-0.573707052892,-0.0116134667272,0.0,-0.0079947054094,0.00882897841898,-0.999929064397,0.0,0.635161817924,0.226348488649,0.303801758492,1.0,-0.0771194285714,-0.101356963265,1.347
0.441747450539,0.406678826837,-0.12476070793,-1.57419551714,0.0653730556226,1.97233198844,0.126938750625,-0.0804797343031,-0.367092835037,-0.00561841400263,-0.564882104405,-0.0400124904349,0.187254643315,-0.0974134831389,0.57378865355,0.818987903988,0.00247812004207,0.0,0.818950757751,-0.573727138011,-0.0117292109513,0.0,-0.00818447474955,0.00875971509686,-0.9999281383,0.0,0.633720830706,0.224470446058,0.303750691224,1.0,-0.080092,-0.105263771429,1.365
0.440451566502,0.400706321348,-0.124832398763,-1.58327222479,0.0647425051541,1.97541286034,0.125411499117,-0.0790105168441,-0.38276668553,-5.03217483316e-05,-0.556622978619,-0.0405882225082,0.203077298274,-0.0981350648216,0.573839018913,0.818952714837,0.00244502255564,0.0,0.818915023295,-0.573777496054,-0.0117608054282,0.0,-0.00822880304427,0.0087512432402,-0.999927848668,0.0,0.632429662303,0.222740964401,0.303728764335,1.0,-0.0827342857143,-0.108736489796,1.381
0.439000488662,0.394088795948,-0.124865334753,-1.59303385192,0.0639882943189,1.97887257292,0.123744033755,-0.0879161196533,-0.391078151426,-0.00336687669467,-0.587364007545,-0.041430770537,0.193529685082,-0.0934137577861,0.573854835517,0.81894095649,0.0026616609157,0.0,0.818906702525,-0.573793224653,-0.0115712922044,0.0,-0.00794911515103,0.00882006376194,-0.999929506537,0.0,0.631065856802,0.220875269199,0.303836087913,1.0,-0.0855417142857,-0.112426253061,1.398
