position_joint1,position_joint2,position_joint3,position_joint4,position_joint5,position_joint6,position_joint7,velocity_joint1,velocity_joint2,velocity_joint3,velocity_joint4,velocity_joint5,velocity_joint6,velocity_joint7,ee_T_00,ee_T_10,ee_T_20,ee_T_30,ee_T_01,ee_T_11,ee_T_21,ee_T_31,ee_T_02,ee_T_12,ee_T_22,ee_T_32,ee_T_03,ee_T_13,ee_T_23,ee_T_33,v_x,v_y,time
0.465084343653,0.547860220608,-0.123957999157,-1.35584414693,0.0794660273635,1.89409314601,0.159149647794,0.000986888319893,0.000352446127056,0.000187043667446,-0.000981539070405,-0.000233052132274,-7.86028277985e-05,0.000416033171263,0.573759568576,0.819009943689,0.00184837961297,0.0,0.818965598387,-0.573701549567,-0.0119426791157,0.0,-0.00872092260664,0.00836614680707,-0.999926973882,0.0,0.661663053723,0.260906797793,0.30315137027,1.0,0.0,0.0,0.0
0.465076817562,0.547854896381,-0.123959524312,-1.35584447381,0.0794667397834,1.89409232784,0.159150816788,-0.000359830819046,-0.00447399048533,0.000207183175167,0.000707183956577,-4.7277541708e-05,-0.000202612192726,0.00137963091158,0.573767947526,0.819004065244,0.0018521358678,0.0,0.818959769515,-0.573709912154,-0.0119406664135,0.0,-0.00871703345826,0.00836815753653,-0.999926990968,0.0,0.661665231376,0.260901027532,0.303154967144,1.0,-0.00034,-0.000446857142857,0.018
0.465078620326,0.547851593041,-0.123957294448,-1.3558508199,0.079466735558,1.89409585868,0.15914699072,0.000229774081552,-0.00214548669309,0.00411804248427,-0.000756125387907,-0.00012559147104,-2.54071954119e-05,-0.000939833365995,0.573762474592,0.819007877499,0.00186178580651,0.0,0.818963699223,-0.573704391048,-0.0119364127014,0.0,-0.00870806899644,0.00837356189758,-0.999927023835,0.0,0.66166309894,0.260906669764,0.303160904961,1.0,-0.00066,-0.000867428571429,0.034
0.465078673224,0.547815166881,-0.123960112436,-1.35588358932,0.0794669961135,1.89409981325,0.159151630588,-0.000271877488837,-0.00325876327353,-4.34592437388e-06,-0.00270609827183,0.000369884216695,1.14238410815e-05,0.000391097041772,0.573769690873,0.819002823926,0.00186095096491,0.0,0.818958613082,-0.573711589125,-0.0119394080334,0.0,-0.00871092747234,0.00837467351617,-0.999926989628,0.0,0.66165844645,0.260898345967,0.303165165468,1.0,-0.001,-0.00131428571429,0.051
0.465075812335,0.547701069681,-0.123955993542,-1.35601969335,0.0794633847053,1.89413364157,0.15914139419,-0.00128718336231,-0.0113930365731,0.000448785320297,-0.00686977276278,0.000154478045574,0.0035322613221,-0.00141948378165,0.573767278684,0.819004479786,0.00187587400036,0.0,0.818960377647,-0.573709031531,-0.0119412681434,0.0,-0.00870391382503,0.00838793690018,-0.99992693953,0.0,0.661637012771,0.260885895127,0.303184009392,1.0,-0.00134,-0.00176114285714,0.068
0.465074698187,0.547573445155,-0.12395519448,-1.35620199754,0.0794641120115,1.89416522983,0.159145217966,0.000217968467189,-0.0131471750732,0.00101109565501,-0.0153553142931,-0.00036788066993,0.0102016099753,0.00175936590194,0.573780897024,0.818994965585,0.00186425832573,0.0,0.818950552094,-0.573722543591,-0.0119659141466,0.0,-0.00873062450773,0.00839270992353,-0.999926666619,0.0,0.661604950436,0.260867915261,0.303190368063,1.0,-0.00166,-0.00218171428571,0.084
0.465055672978,0.547397413174,-0.123957405361,-1.35642314486,0.0794583563718,1.89428606216,0.159136598532,0.000623213313803,-0.00679228992732,0.000727878638014,-0.0126591671098,0.000690689323687,0.00743202644783,0.00120676092294,0.573802040286,0.818979996803,0.00193139887263,0.0,0.818936454901,-0.573743397137,-0.0119307995217,0.0,-0.00866312559573,0.00842777231427,-0.999926958787,0.0,0.661588795129,0.260837399458,0.303220361593,1.0,-0.00202,-0.00265485714286,0.102
0.465031917536,0.547200535117,-0.123958311844,-1.35664760209,0.07945169275,1.89441073892,0.159126098872,-0.0041344140985,-0.0153781534079,0.000661570652329,-0.0106993086402,-0.000212397396126,0.00946122386016,0.00063709208625,0.573824528138,0.818964034029,0.00201712065328,0.0,0.818921610305,-0.573765529383,-0.0118853005714,0.0,-0.00857644452527,0.00847210379998,-0.999927331388,0.0,0.661574177047,0.260804507386,0.303263827718,1.0,-0.00236,-0.00310171428571,0.119
0.465006185351,0.547014554768,-0.123956259473,-1.35691090867,0.0794481716934,1.89452637366,0.159105413688,-0.00156225726691,-0.00801145410958,0.000313551395566,-0.021281032631,3.60876179175e-05,0.0123758810905,-0.00098928945979,0.57384112831,0.818952304506,0.00205652752356,0.0,0.81891029658,-0.573781870821,-0.0118759325832,0.0,-0.00854598868404,0.00849917375294,-0.999927362423,0.0,0.661548196323,0.260767148168,0.303280200072,1.0,-0.00266,-0.003496,0.134
0.464967642885,0.546760469049,-0.123955548647,-1.35731078363,0.0794390721184,1.8946660483,0.159078536187,-0.00358927751985,-0.0100544735024,-0.000175962548545,-0.0226796930492,-0.000842049337363,0.0125636854898,0.00110027191805,0.573870095892,0.818931998432,0.00205958422575,0.0,0.818889879033,-0.573810671961,-0.0118922522055,0.0,-0.00855729921052,0.00851134446079,-0.99992716217,0.0,0.66150141507,0.260705941792,0.303281918719,1.0,-0.00302,-0.00396914285714,0.152
0.464923975118,0.546460705644,-0.123964054304,-1.35775805027,0.0794228343284,1.89483308307,0.158944148245,-0.0033124453625,-0.0146786708386,-0.00130556713894,-0.0247664728876,0.000316477117749,0.00873935697683,-0.00905000281653,0.573822451426,0.818965329138,0.0020810602079,0.0,0.818923428491,-0.573762885453,-0.0118876593825,0.0,-0.00854171022359,0.00852579895699,-0.999927172317,0.0,0.66145424651,0.260631691418,0.303296080265,1.0,-0.00338,-0.00444228571429,0.17
0.464888734141,0.546197588236,-0.123959099734,-1.35820154611,0.0794003526752,1.89498484457,0.158920383365,-0.00527048258646,-0.0218039376088,0.000162288638023,-0.0293996324036,-0.0043623532169,0.0164870084332,-0.00490267707657,0.573847171355,0.818948062436,0.0020595778309,0.0,0.818905798889,-0.573787607033,-0.0119088816667,0.0,-0.00857116035307,0.00852064233621,-0.999926964265,0.0,0.661398950932,0.260568717985,0.303284286546,1.0,-0.00368,-0.00483657142857,0.185
0.464828218217,0.545851907067,-0.123959069634,-1.35879756003,0.0793258150669,1.89517953519,0.158855788654,-0.00404426863492,-0.0219617304511,0.00079395372432,-0.038145979358,-0.00497234828495,0.00527620719157,-0.00700292846776,0.573857204208,0.818941202943,0.00199052813007,0.0,0.818898348858,-0.573798227796,-0.0119094465727,0.0,-0.00861114078039,0.0084645248813,-0.999927097379,0.0,0.661329957503,0.260463638649,0.303262137652,1.0,-0.00404,-0.00530971428571,0.203
0.464762451556,0.545508215003,-0.123964092463,-1.35938752365,0.0792698665337,1.89538335469,0.158772530223,-0.00422972989105,-0.0194573645966,-0.000355754589665,-0.0394580808907,-0.000789486708648,0.00646843781534,-0.00136219296844,0.573864429599,0.818936257909,0.0019413458274,0.0,0.818892948374,-0.573805837385,-0.0119141506847,0.0,-0.00864314081703,0.0084270239416,-0.999927138038,0.0,0.661265543383,0.260356491909,0.303242429672,1.0,-0.00436,-0.00573028571429,0.219
0.464708040502,0.545125129241,-0.123961579662,-1.36003767415,0.0792591275467,1.89558884354,0.158694991127,-0.00433213067906,-0.0273439527741,-0.000206655312468,-0.0404685002822,0.000110882956793,0.0123470621975,-0.000455136162614,0.573876977872,0.818927549081,0.00190539369992,0.0,0.818883441246,-0.57381821496,-0.0119713296843,0.0,-0.00871046976946,0.00843052816404,-0.999926524256,0.0,0.661181381143,0.260262027383,0.303221915029,1.0,-0.00468,-0.00615085714286,0.235
0.464634722737,0.544685312299,-0.123967469006,-1.36074976159,0.0792364792344,1.89583576501,0.158620016731,-0.00859289815134,-0.0294264371034,-0.000718262590213,-0.0414536061751,-0.000893524114854,0.00961356259582,-0.00141624628586,0.573913352092,0.818902086138,0.00189328047943,0.0,0.81885763507,-0.573854457359,-0.0119992565691,0.0,-0.00873991706484,0.0084370231749,-0.999926212523,0.0,0.661100180391,0.260144483861,0.303215892506,1.0,-0.00502,-0.00659771428571,0.252
0.464564581706,0.544232379899,-0.123966990863,-1.36152683726,0.0792014627686,1.89612477357,0.158498554267,-0.006510704095,-0.0314321748659,-0.00719272231558,-0.0454103152517,-0.00396862220491,0.0189688745885,-0.00542407053948,0.573903649649,0.818908920241,0.00187834242804,0.0,0.818864133539,-0.573844684871,-0.0120231173262,0.0,-0.00876813002254,0.00843838062349,-0.999925954073,0.0,0.661005686205,0.260021150788,0.303197900667,1.0,-0.00538,-0.00707085714286,0.27
0.464509985056,0.543833747382,-0.123967003994,-1.36216737555,0.079172550778,1.89633815694,0.158433491414,-0.00635309654375,-0.0304539108428,-3.3324699806e-06,-0.0491359714995,-0.00120381883779,0.0183164344737,-0.00405214621663,0.573924344395,0.818894481476,0.00184987013651,0.0,0.818849211291,-0.5738653937,-0.0120509743695,0.0,-0.00880706951683,0.0084312745948,-0.999925671805,0.0,0.660932516663,0.259928950263,0.303187291505,1.0,-0.00562,-0.00738628571429,0.282
0.464406719648,0.543133244366,-0.123973946884,-1.3632701214,0.0790959233439,1.89672746791,0.158292408677,-0.00522937090181,-0.0337626074658,0.000541216472063,-0.0516759372705,-0.000268773029101,0.0166446840749,-0.00898685656917,0.573939056458,0.818884211063,0.00183173281768,0.0,0.818838797112,-0.573880272382,-0.012050071174,0.0,-0.00881658744487,0.00841606241219,-0.999925716081,0.0,0.660807360983,0.25974900578,0.303191924716,1.0,-0.00606,-0.00796457142857,0.304
0.464332850224,0.542514011445,-0.123974135468,-1.36423192209,0.0790464096812,1.89707395156,0.158159660906,-0.00502155393011,-0.0377707976166,0.000300827909026,-0.0459726767813,-0.00115545937261,0.0206787489459,-0.00596595935403,0.573931165107,0.818889723517,0.00183992904272,0.0,0.818844314551,-0.573872248577,-0.0120572692462,0.0,-0.00881785943356,0.0084268202647,-0.999925614261,0.0,0.660693111122,0.259609555825,0.303202159462,1.0,-0.00642,-0.00843771428571,0.322
0.464260695278,0.541977618871,-0.123973997557,-1.36505953599,0.0790010588143,1.89738841107,0.158051168481,-0.00679510718354,-0.0367194951597,0.00042619411027,-0.0559533359132,-0.00597835672247,0.0201081586383,-0.0136634733326,0.57393522204,0.818886830675,0.00186181375264,0.0,0.81884166834,-0.573876171645,-0.0120502576824,0.0,-0.00879951619167,0.00844076050875,-0.999925658275,0.0,0.660600339188,0.259484775843,0.30321481068,1.0,-0.00672,-0.008832,0.337
0.464187349857,0.54136915636,-0.123980234724,-1.36598851269,0.0789411523574,1.89773198557,0.157931499269,-0.00657549439012,-0.0373111691686,-0.000889006554747,-0.0626173678033,-0.00154442084808,0.0248194216018,-0.00613982944597,0.573937180361,0.818885421575,0.00187782623522,0.0,0.818840527856,-0.573878117166,-0.0120350936789,0.0,-0.00877788837826,0.00844519055321,-0.999925810964,0.0,0.660494337577,0.259344057442,0.303232817329,1.0,-0.00704,-0.00925257142857,0.353
0.46410523705,0.540669358358,-0.123980352628,-1.36705574925,0.0788829651591,1.89812729133,0.157799565685,-0.00613553798675,-0.039588338232,-0.00170251625983,-0.0629459798294,-0.0105678182048,0.0293707874979,-0.0116758748437,0.573940046006,0.8188833505,0.00190493187641,0.0,0.818838745304,-0.573880802049,-0.0120283469004,0.0,-0.00875677777283,0.00846354495043,-0.999925840875,0.0,0.660369749601,0.259189678049,0.303253790738,1.0,-0.00738,-0.00969942857143,0.37
0.464007258005,0.539895842747,-0.123982586418,-1.36823021915,0.0788125474873,1.89856120936,0.157652762067,-0.00782900649734,-0.0438929564315,-0.00163453928443,-0.0673063567592,-0.00264517890143,0.017951068898,-0.0131890321335,0.573947772886,0.818877869393,0.0019328524771,0.0,0.818833625532,-0.573888404795,-0.0120141350486,0.0,-0.00872903574739,0.00847833388993,-0.999925958154,0.0,0.660235094708,0.259012486274,0.303279109699,1.0,-0.00774,-0.0101725714286,0.388
0.463914818155,0.539176548789,-0.123985672329,-1.36933128836,0.0787535675963,1.89898273503,0.157522768069,-0.00181119758907,-0.0463922546553,-0.00108247854899,-0.0695535275634,0.00021680209757,0.0248705511087,-0.00645019107223,0.573964359109,0.818866157003,0.00196933713985,0.0,0.818822347653,-0.57390479265,-0.0119999524195,0.0,-0.00869631032996,0.00850024591603,-0.999926057269,0.0,0.660111407112,0.258847474091,0.303299896761,1.0,-0.00806,-0.0105931428571,0.404
0.463796341005,0.538416292079,-0.123981446761,-1.37052438848,0.0786839810832,1.89944212263,0.157369835556,-0.00378166927787,-0.0473961666856,0.000154945798433,-0.0731345182687,-0.00723332493637,0.0240945079643,-0.0158727674667,0.573980554282,0.818854747863,0.0019930151269,0.0,0.818811216971,-0.573920855571,-0.0119912219546,0.0,-0.00867540311181,0.00851479530171,-0.999926115091,0.0,0.659980477746,0.258659993932,0.30330873491,1.0,-0.0084,-0.01104,0.421
0.463693045829,0.537680608541,-0.123992429502,-1.37169649189,0.0786162393094,1.89989451245,0.157237957652,-0.00720556590976,-0.0489039258139,-0.000319853480793,-0.0741961092822,-0.0066388995867,0.0329977460813,-0.0109955938302,0.574011505962,0.818833025037,0.00200375483974,0.0,0.818789676009,-0.573951799119,-0.0119810537931,0.0,-0.00866059056844,0.00851808050624,-0.999926215516,0.0,0.659851567598,0.258475714836,0.303309983078,1.0,-0.00872,-0.0114605714286,0.437
0.46357918663,0.5368467512,-0.123993130373,-1.37298952194,0.078542231534,1.90037301963,0.157075956075,-0.00597091391569,-0.055237183159,-0.000445836769559,-0.0752329721145,8.50935854101e-05,0.0256010992669,-0.00676073447384,0.574023929215,0.818824271297,0.0020219607763,0.0,0.818781113174,-0.573964098447,-0.0119770323596,0.0,-0.00864671837622,0.00853081071516,-0.999926227044,0.0,0.659702886777,0.258278144956,0.303324777612,1.0,-0.00906,-0.0119074285714,0.454
0.463448510609,0.53588988254,-0.123999902244,-1.37450695461,0.0784421173501,1.90092839285,0.156888147785,-0.0104852589093,-0.0516008023666,-0.000703972110832,-0.0875143100455,-0.0105092401605,0.0234969764216,-0.0144911820357,0.57403843681,0.818814129085,0.00201046648724,0.0,0.818770904553,-0.573978734775,-0.0119735034645,0.0,-0.00865027534531,0.00851952670351,-0.999926292484,0.0,0.659527553023,0.258041951706,0.303326266961,1.0,-0.00944,-0.0124068571429,0.473
0.46334573917,0.535087866625,-0.123999898676,-1.37575154888,0.0783818263795,1.90137876576,0.156739899417,-0.00842553850625,-0.0598603346354,7.41808358288e-05,-0.0831778156188,-0.000690972429223,0.0326059509907,-0.00617686943446,0.574053268033,0.818803694599,0.00202535740334,0.0,0.818760501094,-0.573993340703,-0.0119847226768,0.0,-0.00865076009835,0.00853831625056,-0.999926128024,0.0,0.659379255973,0.257857777264,0.303338872555,1.0,-0.00974,-0.0128011428571,0.488
0.463209496107,0.534140377219,-0.124002489013,-1.37731597855,0.0782909300635,1.90194433875,0.156561314053,-0.0054962385969,-0.0566626549727,0.00796858516373,-0.0872756690409,-0.0147662928277,0.0229713712747,-0.0128280022408,0.574071265846,0.818791182721,0.0019818498444,0.0,0.818747350038,-0.57401145018,-0.0120157716814,0.0,-0.00870097092373,0.00852070761754,-0.999925842574,0.0,0.659182549675,0.257607340349,0.30331084206,1.0,-0.01012,-0.0133005714286,0.507
0.463092601565,0.533281832337,-0.124002867313,-1.3787009606,0.078209808904,1.90247513443,0.156373247842,-0.00592337518279,-0.0577889183258,0.000265037656219,-0.084687565742,-0.00218097532295,0.0311258414581,-0.0149309251978,0.574077870201,0.818786545947,0.0019844449505,0.0,0.818742736383,-0.574018032115,-0.0120157117609,0.0,-0.00869936343421,0.00852286819727,-0.999925838147,0.0,0.659034811433,0.25740934542,0.303304106452,1.0,-0.01042,-0.0136948571429,0.522
0.462951752353,0.532271087313,-0.12400629036,-1.38033595056,0.0781237607684,1.90309244574,0.156171681558,-0.00514952292533,-0.0531768494054,-0.00179286584489,-0.0867292274327,-0.0076986292522,0.0389567204988,-0.0039499917291,0.57409688676,0.818773216847,0.00198264665864,0.0,0.818729276291,-0.574036948669,-0.0120291565786,0.0,-0.00871120650728,0.00852931642184,-0.99992568006,0.0,0.658845403078,0.257161689582,0.303292176306,1.0,-0.01078,-0.014168,0.54
0.462834805569,0.531393727605,-0.12400526238,-1.38174842307,0.078033888106,1.90360329092,0.155992613356,-0.00827046414364,-0.0592269549856,-0.000334745456134,-0.0987976362531,-0.00539944017885,0.0313156015131,-0.00848962459127,0.574098048568,0.818772458947,0.00195908183567,0.0,0.818728206048,-0.574038206958,-0.0120419464861,0.0,-0.00873519449031,0.00851737752138,-0.999925572559,0.0,0.658675751754,0.256949235603,0.303282518696,1.0,-0.01108,-0.0145622857143,0.555
0.462679378245,0.530228869418,-0.124002765499,-1.38359624831,0.0779209260991,1.90424788534,0.155757162337,-0.00805892129526,-0.0640000068262,0.00109664078627,-0.103448154436,-0.00969315926694,0.0402797384638,-0.0169620776949,0.57410061032,0.818770738874,0.00192699100287,0.0,0.818725979379,-0.574040822409,-0.012068628729,0.0,-0.00877543751594,0.00850644849063,-0.999925313226,0.0,0.658449111214,0.256669770667,0.303279559602,1.0,-0.01146,-0.0150617142857,0.574
0.462571746848,0.529376426431,-0.124009848095,-1.38493840662,0.0778376218662,1.90475461239,0.155573136803,-0.00893734168722,-0.0680384245515,-0.000951805765873,-0.0983541902297,-0.0077135239409,0.0334129672479,-0.0165830148819,0.574093558177,0.818775658202,0.00193775550246,0.0,0.818731088018,-0.574033771598,-0.0120574242382,0.0,-0.0087601570275,0.00850875407408,-0.999925427596,0.0,0.658292735631,0.256467575646,0.303285322974,1.0,-0.01174,-0.0154297142857,0.588
0.462401114492,0.528100238813,-0.12401270081,-1.386937613,0.0777130631218,1.90552621016,0.155292825939,-0.0102866071092,-0.0661536029191,0.000888663235967,-0.0990507729218,-0.0086305516717,0.0345578885611,-0.00909349133715,0.57408072422,0.818784568394,0.00197472536603,0.0,0.818740543849,-0.57402084109,-0.0120309082796,0.0,-0.00871735636366,0.00852366436523,-0.99992567466,0.0,0.658063669613,0.256165259277,0.303299339369,1.0,-0.01214,-0.0159554285714,0.608
0.462276313288,0.527076020594,-0.124016233724,-1.3885001947,0.0776083729298,1.90612628724,0.155063634248,-0.0120690788364,-0.0700421745639,-0.000595905438432,-0.110067579525,-0.00946446394996,0.0371758678103,-0.0202457973988,0.574054047779,0.818803159965,0.00202048561407,0.0,0.818759852623,-0.573994091257,-0.0119930744636,0.0,-0.00866038720384,0.00853912984945,-0.999926037742,0.0,0.657882762831,0.255932847893,0.303328611454,1.0,-0.01244,-0.0163497142857,0.623
0.462123087913,0.525831122119,-0.124023941938,-1.39041851431,0.0774872522431,1.90682532503,0.154816541598,-0.00538666705861,-0.0701432031051,-0.000799925963636,-0.104253087952,-0.0116066470564,0.0399653263028,-0.0164966771634,0.57405329997,0.818803640408,0.00203817315843,0.0,0.818760604959,-0.57399330985,-0.0119791033137,0.0,-0.00863880196852,0.00854558420508,-0.99992616932,0.0,0.65765259874,0.255644080408,0.303352296445,1.0,-0.0128,-0.0168228571429,0.641
0.461988421393,0.524806086194,-0.12401697934,-1.39204266803,0.0773883029858,1.90740777259,0.15459540836,-0.00760440494143,-0.0690545132483,0.00223029391591,-0.105071219597,-0.00964504879067,0.0445851143197,-0.0112061803785,0.574038159788,0.818814286243,0.0020255004753,0.0,0.818771000568,-0.573978140946,-0.0119953843814,0.0,-0.00865956582667,0.00854439393314,-0.999925999888,0.0,0.657452577016,0.255403794726,0.30335048752,1.0,-0.0131,-0.0172171428571,0.656
0.461809705448,0.523389193997,-0.124024440283,-1.39431048476,0.0772465727877,1.90822917861,0.154280739388,-0.00769687151626,-0.0727343983487,-0.000933318081167,-0.116099110165,-0.00876142875285,0.0398472189818,-0.0169570780042,0.574015504444,0.818830241489,0.00199579131296,0.0,0.818786573584,-0.573955619567,-0.0120100202785,0.0,-0.00868883945247,0.00852822917413,-0.999925883941,0.0,0.657175492216,0.255064238037,0.303338733001,1.0,-0.0135,-0.0177428571429,0.676
0.461689963298,0.522443183086,-0.124022625102,-1.39579710172,0.0771694102411,1.9088050685,0.154096493893,-0.00723068603049,-0.0702012098943,-0.000727813159909,-0.114281318974,-0.00647493203228,0.0465713923191,-0.0182849875081,0.574020436165,0.818826695867,0.0020317237096,0.0,0.818783384053,-0.573960287322,-0.0120043940842,0.0,-0.00866355642006,0.00855447384267,-0.999925879137,0.0,0.656999590209,0.254849145501,0.30334591707,1.0,-0.01376,-0.0180845714286,0.689
0.461485577581,0.520891735718,-0.124028288583,-1.39826755275,0.0770178051284,1.90974524954,0.153754257989,-0.00989124732266,-0.0753335935841,-0.000260286259466,-0.122851624817,-0.00223807017363,0.0380921039873,-0.0229673021069,0.574002799428,0.818839025834,0.00204521916387,0.0,0.818795924646,-0.573942630055,-0.0119932518899,0.0,-0.00864687070719,0.00855894206157,-0.99992598533,0.0,0.656707146642,0.254478004589,0.303341718015,1.0,-0.01418,-0.0186365714286,0.71
0.461347138869,0.519892483043,-0.124033895226,-1.39983186005,0.0769130625284,1.91031839419,0.153541719815,-0.0124410567464,-0.0816123658963,-6.83257105867e-05,-0.122932859656,-0.00727554022122,0.0469793846344,-0.0145878307786,0.574001026568,0.818840268268,0.00204535153609,0.0,0.818797249772,-0.573940937015,-0.0119838009367,0.0,-0.00863907412571,0.0085536069359,-0.999926098373,0.0,0.65652066231,0.254233267615,0.303348725322,1.0,-0.01444,-0.0189782857143,0.723
0.46115417352,0.518375758245,-0.124040363614,-1.40214010127,0.0767657945345,1.91114548735,0.153228930373,-0.00803510062451,-0.0825709228114,-0.00107109024948,-0.120539445329,-0.0110816508819,0.0419182504651,-0.018481734903,0.573990029652,0.818847909534,0.0020721519075,0.0,0.818805263298,-0.573929852107,-0.0119671449131,0.0,-0.00861016752979,0.0085658756714,-0.999926242674,0.0,0.656238427338,0.253881153922,0.303386600854,1.0,-0.01482,-0.0194777142857,0.742
0.460994947681,0.517266436074,-0.124044148032,-1.40390624888,0.0766413371791,1.9117849214,0.152975013678,-0.0128240897667,-0.0831375906294,-0.000722488090865,-0.131255610564,-0.00936212487613,0.0516234656953,-0.0217336729715,0.573974921775,0.818858562837,0.00204698387275,0.0,0.818815704785,-0.573914966483,-0.0119666096296,0.0,-0.00862433212774,0.00854480088241,-0.999926300921,0.0,0.656025119342,0.253602746106,0.303379882883,1.0,-0.0151,-0.0198457142857,0.756
0.460767547579,0.515584496097,-0.124055418243,-1.40656967764,0.0764765912575,1.9127991239,0.15261217029,-0.00663243969635,-0.0793947242014,-0.0012304592548,-0.129959496026,-0.00382929342959,0.0454309290178,-0.0218908493903,0.573968405774,0.818863076287,0.00206842170524,0.0,0.818820567649,-0.573908431667,-0.0119472573016,0.0,-0.00859624871475,0.00855117909831,-0.99992648822,0.0,0.655709424104,0.253195194489,0.303380105318,1.0,-0.01552,-0.0203977142857,0.777
0.460618468626,0.514510873935,-0.124058508772,-1.40827414354,0.0763733394881,1.91341657572,0.152386190167,-0.0132115371643,-0.0822912844432,-0.00134253326684,-0.131435529032,-0.0108495512603,0.0395851220033,-0.0228569375354,0.57396943503,0.818862385086,0.00205641507357,0.0,0.81881967773,-0.57390946865,-0.011958430365,0.0,-0.00861227854141,0.00854777121935,-0.999926379423,0.0,0.655500202539,0.2529327061,0.303375125638,1.0,-0.01578,-0.0207394285714,0.79
0.460430854434,0.513127957533,-0.124056965603,-1.41055912367,0.0762293677351,1.91420605117,0.152065870557,-0.00721534074723,-0.0826650799096,2.96933684509e-06,-0.139613628541,-0.00965864932801,0.0471199462716,-0.018854882726,0.573940460541,0.81888293355,0.00195851898544,0.0,0.818838843944,-0.573880807455,-0.012021371994,0.0,-0.00872030779991,0.00850342691777,-0.99992582123,0.0,0.655205695418,0.252588040657,0.303325117075,1.0,-0.01612,-0.0211862857143,0.807
0.460218383899,0.511609055,-0.124057434791,-1.41298823065,0.0760928690063,1.91509320764,0.1517377705,-0.00893344065573,-0.0858427375546,-0.000451229449861,-0.13474036285,-0.00206327824347,0.0509210966271,-0.0228051199365,0.573936476799,0.818885759184,0.00194445544115,0.0,0.818841312744,-0.573876716094,-0.0120484924117,0.0,-0.00875062962919,0.00850743352599,-0.999925522254,0.0,0.654905368797,0.252218428407,0.303309818473,1.0,-0.01648,-0.0216594285714,0.825
0.460039402882,0.510312157642,-0.124060656466,-1.41503357207,0.0759618193632,1.9158655535,0.151442359389,-0.00575883828846,-0.0878643838777,-0.000705492349784,-0.135417624484,-0.0105141697016,0.0493351400952,-0.0161270784026,0.573914811455,0.818900907553,0.00195951594679,0.0,0.818856711169,-0.573855040496,-0.0120343663162,0.0,-0.0087306434871,0.00851142773037,-0.999925662968,0.0,0.654658772386,0.251904926897,0.303311339881,1.0,-0.01678,-0.0220537142857,0.84
0.459831793295,0.508804320154,-0.124069136005,-1.41741485365,0.0758089416964,1.91671716536,0.151119007047,-0.0113723763607,-0.0933255520344,0.000127132948008,-0.138700970006,-0.0137488667597,0.0577518887637,-0.0177602819682,0.573908382989,0.818905470064,0.00193544171193,0.0,0.818860975065,-0.573848731971,-0.0120450501115,0.0,-0.00875327517897,0.00849777652845,-0.999925581215,0.0,0.654362069953,0.251534507778,0.30330720305,1.0,-0.01712,-0.0225005714286,0.857
0.459627218599,0.507280921791,-0.124072992261,-1.41980938248,0.0756672336519,1.91758452004,0.150779848478,-0.0107204350499,-0.0912174487463,0.000126319019302,-0.138753683619,-0.0113034986234,0.0489933957791,-0.017503179918,0.573886728612,0.818920648032,0.00193438660447,0.0,0.818876036873,-0.573826985511,-0.0120571072733,0.0,-0.00876397960132,0.00850360040668,-0.999925437941,0.0,0.654062362133,0.251170323438,0.303308356726,1.0,-0.01746,-0.0229474285714,0.874
0.459414138001,0.505812826065,-0.124078593953,-1.422116238,0.0755210392589,1.91845873293,0.150477368367,-0.0133619035408,-0.0943100069039,0.000649830726991,-0.139240834818,-0.00662386408075,0.0537851940439,-0.0126048003331,0.573897323208,0.81891316522,0.00195886337955,0.0,0.818868933138,-0.573837530754,-0.0120376716952,0.0,-0.00873390665973,0.00851260382329,-0.999925624459,0.0,0.6537853889,0.25080902015,0.303312695077,1.0,-0.01778,-0.023368,0.89
0.459169210005,0.503971174661,-0.124085826675,-1.42488357522,0.0753441988766,1.91951591645,0.150077479734,-0.00956551238784,-0.0965572544899,-0.000922202541089,-0.14124412222,-0.00414182803005,0.0547555867865,-0.0204227755584,0.57387030866,0.818931835025,0.00206526586628,0.0,0.818889100619,-0.573810176384,-0.0119695140594,0.0,-0.00861731145196,0.00856033724857,-0.999926228564,0.0,0.653453251896,0.250383775334,0.303374090257,1.0,-0.01816,-0.0238674285714,0.909
0.458937623479,0.502281518325,-0.124091506688,-1.42737991022,0.07518187373,1.92044189656,0.149746481627,-0.0178569010924,-0.100597280615,-0.000519478376272,-0.153772314952,-0.00538934932036,0.0568006091336,-0.0147254602751,0.573876860012,0.818926993904,0.00216219790013,0.0,0.818885607679,-0.573816414011,-0.0119093009478,0.0,-0.0085123072675,0.00860523065156,-0.999926742632,0.0,0.653150327055,0.249991904758,0.303446110634,1.0,-0.0185,-0.0243142857143,0.926
0.458730992928,0.500783551818,-0.124097890557,-1.42965401521,0.0750363245789,1.92124178406,0.149425069524,-0.0205426983039,-0.105010612575,-0.00044677138527,-0.153302020084,-0.00616190661708,0.0450607624193,-0.0152504889288,0.573863902171,0.818936025728,0.00218047044956,0.0,0.818894861958,-0.573803368336,-0.0119015312177,0.0,-0.00849559495355,0.00861560107124,-0.999926795463,0.0,0.652862646579,0.249634074008,0.3034786695,1.0,-0.0188,-0.0247085714286,0.941
0.458488230317,0.499070423783,-0.12409501302,-1.43226621829,0.0748729817772,1.92219946395,0.149048409235,-0.0128276221975,-0.107180024527,0.000286808461535,-0.154356527643,-0.00157136208898,0.0545923402207,-0.0228199390584,0.573840914579,0.818951998216,0.00223075642328,0.0,0.818911444842,-0.57378013726,-0.0118805089873,0.0,-0.00844976553242,0.00864448054166,-0.99992693454,0.0,0.652537510059,0.249228681641,0.303513245792,1.0,-0.01914,-0.0251554285714,0.958
0.458237869748,0.497398752479,-0.124095692527,-1.4349121362,0.0747112810272,1.92317159957,0.148664431714,-0.0148011283227,-0.0984628768208,0.000522970978603,-0.157710471246,-0.00396436508975,0.0498519103502,-0.0285306290585,0.573822560246,0.818964863643,0.00222898434229,0.0,0.818924213257,-0.573761716666,-0.0118900097126,0.0,-0.00845875715767,0.00864829156994,-0.999926825563,0.0,0.652207423559,0.248813066572,0.303503700853,1.0,-0.01948,-0.0256022857143,0.975
0.45798952209,0.495811086358,-0.124093057017,-1.43744750793,0.0745573537318,1.92405314154,0.148288000408,-0.0192358381452,-0.100631405361,0.000397242030995,-0.163495047143,-0.0100249791783,0.0496303441032,-0.0222091356484,0.57380206691,0.818979364248,0.00217620026527,0.0,0.818937848963,-0.573741258359,-0.0119379601865,0.0,-0.008528531366,0.00863236519365,-0.999926370501,0.0,0.651880901461,0.248408035678,0.303479678627,1.0,-0.0198,-0.0260228571429,0.991
0.457694002725,0.494024761766,-0.124098813307,-1.4403580736,0.074374032307,1.92508093661,0.147878616641,-0.0232015859149,-0.101980829621,0.00274153115314,-0.163516411617,-0.0106355303402,0.0590597602684,-0.0181818087628,0.573809716809,0.818974227233,0.00209067562762,0.0,0.818931506155,-0.573749169503,-0.0119927320409,0.0,-0.00862238105813,0.00859383177465,-0.999925897555,0.0,0.651511772547,0.247930812613,0.3034278446,1.0,-0.021996,-0.0289090285714,1.009
0.457420150316,0.491997232617,-0.12415864697,-1.44353307098,0.0741796805155,1.92627400053,0.147414358818,-0.0172913111491,-0.122073220419,-0.00218920252086,-0.195409326567,-0.0112133636659,0.0721643394444,-0.0307543309434,0.573803751274,0.818978342875,0.00211561482231,0.0,0.818936168144,-0.573743322046,-0.0119540710805,0.0,-0.00857647057144,0.00859200974766,-0.999926308045,0.0,0.651123599871,0.247417269296,0.303433117231,1.0,-0.02628,-0.0345394285714,1.026
0.457081480142,0.489821121678,-0.1241569372,-1.44707461869,0.0739669616638,1.92754287813,0.146900092637,-0.0190462140036,-0.137165951641,0.000528287533007,-0.232977318685,-0.0146847237976,0.0855316209876,-0.0419467360253,0.573777942085,0.818996624988,0.00203674659402,0.0,0.818953195657,-0.573717621671,-0.0120208488917,0.0,-0.00867668431296,0.0085654629828,-0.999925671234,0.0,0.650666513215,0.246858616596,0.303371157076,1.0,-0.030312,-0.0398386285714,1.042
0.456612240755,0.486898743843,-0.124189409319,-1.45164172375,0.0736973307721,1.92924191801,0.14623676298,-0.0253136531836,-0.17052281989,-0.000325831098571,-0.263704269982,-0.0176603615607,0.10120126101,-0.0372558416371,0.57379648103,0.818983522295,0.00208217853421,0.0,0.81894063437,-0.57373591528,-0.0120034910431,0.0,-0.00863620704099,0.0085929069704,-0.999925786185,0.0,0.650105001441,0.246103449163,0.303376550688,1.0,-0.034848,-0.0458002285714,1.06
0.456149459659,0.483948388743,-0.124238791403,-1.45617146003,0.0734128211021,1.93090943139,0.145551206072,-0.0285407913196,-0.190547344672,-0.00194515531912,-0.293808826062,-0.0153765028486,0.0971234309231,-0.0401896861217,0.573795869984,0.81898378603,0.00214585897834,0.0,0.818941884139,-0.573735195308,-0.0119525298426,0.0,-0.00855793808994,0.00861581193545,-0.999926262022,0.0,0.649546363685,0.245343328332,0.303414780257,1.0,-0.03888,-0.0510994285714,1.076
0.455619193656,0.480696744612,-0.12431149284,-1.46128632733,0.0731084272255,1.93268896381,0.14478427098,-0.0376347811696,-0.213688992558,-0.0117910913664,-0.329348906595,-0.0264456763209,0.123256985098,-0.0560129031361,0.573822372998,0.818965409912,0.00207087317773,0.0,0.818922439415,-0.573761916087,-0.0120020319861,0.0,-0.00864122725322,0.00858308424042,-0.999925827177,0.0,0.648893111091,0.244465444051,0.303391969667,1.0,-0.042912,-0.0563986285714,1.092
0.454993404295,0.47686235189,-0.124356308169,-1.46717883878,0.0727465205016,1.93481046181,0.143931933548,-0.0378275663944,-0.233719312105,-0.00101332152978,-0.35394093609,-0.0261245478531,0.124081817601,-0.0503054805474,0.573857212728,0.818940867261,0.00212184612353,0.0,0.818898506922,-0.573796483586,-0.0119823906935,0.0,-0.00859552707253,0.00861392379238,-0.999925955874,0.0,0.648146978356,0.243472083165,0.303428557668,1.0,-0.047196,-0.0620290285714,1.109
0.454298004092,0.47271117018,-0.124393728885,-1.47358845605,0.0723741595745,1.93714238095,0.142997777014,-0.0420029585746,-0.251088555185,-0.00282358252699,-0.381074274389,-0.0235623477748,0.137030098916,-0.0594024431719,0.573896931795,0.818912841938,0.0021945127537,0.0,0.818871151691,-0.573835617084,-0.0119778293302,0.0,-0.00854967328455,0.00867122963624,-0.999925853683,0.0,0.647332653278,0.242394295082,0.303452690337,1.0,-0.05148,-0.0676594285714,1.126
0.453551299362,0.468173426842,-0.124421074392,-1.48042584941,0.0719370939702,1.93967201938,0.141914937423,-0.044747451319,-0.272714046397,-0.00171522783905,-0.408671413633,-0.0291376254668,0.15707700292,-0.0650912135612,0.573848392928,0.818946326781,0.00238383881952,0.0,0.818907186161,-0.573786411587,-0.0118710249825,0.0,-0.0083540788244,0.00876448009197,-0.999926693941,0.0,0.646467729812,0.241247840717,0.303552407445,1.0,-0.055764,-0.0732898285714,1.143
0.45272775405,0.463292329711,-0.124432107481,-1.48788462143,0.0714542815741,1.942306063,0.140755946452,-0.0540278031658,-0.295052442392,0.000432453798366,-0.458858974871,-0.0254200588135,0.152748377209,-0.0628587435411,0.573800820289,0.818979521587,0.00243079359812,0.0,0.818940817394,-0.573738478743,-0.0118677089755,0.0,-0.00832493107866,0.00880054667902,-0.999926620258,0.0,0.645486036702,0.239993944875,0.303596837219,1.0,-0.060048,-0.0789202285714,1.16
0.451841331493,0.458099682183,-0.12446223565,-1.49588367505,0.0709225017565,1.94505409906,0.139569136746,-0.0572380039995,-0.315555121637,-0.00115545369681,-0.48343560751,-0.0406122822687,0.162463345303,-0.0686609804032,0.573802526026,0.818978499996,0.00237161810611,0.0,0.818938877976,-0.573740261005,-0.0119152819349,0.0,-0.00839782861905,0.00877939817395,-0.999926196598,0.0,0.644411237542,0.238630468884,0.303603343481,1.0,-0.064332,-0.0845506285714,1.177
0.450941856448,0.452968193191,-0.12449270951,-1.50377523271,0.0703886982185,1.94789232124,0.138310963536,-0.0586009409348,-0.333434321656,-0.00189503255696,-0.487873970607,-0.0371220766564,0.187665204736,-0.0877618120625,0.573747025447,0.819017243847,0.0024190852076,0.0,0.818978360692,-0.573684708132,-0.0118763325426,0.0,-0.00833928951191,0.0087953582451,-0.999926546264,0.0,0.64337206919,0.237277502292,0.303620459179,1.0,-0.068364,-0.0898498285714,1.193
0.449900260556,0.447111163545,-0.124535242455,-1.512493515,0.0698031543116,1.95114797369,0.136963810521,-0.0606168126056,-0.347047859814,-0.00314640576202,-0.525155322808,-0.0318828942412,0.186856361392,-0.0812363329512,0.573766809097,0.81900240854,0.00272955791475,0.0,0.818967891016,-0.573703703344,-0.0116790905183,0.0,-0.0079993997931,0.00893666684722,-0.999928070207,0.0,0.64217627698,0.235668868806,0.303772895328,1.0,-0.0729,-0.0958114285714,1.211
0.448802434086,0.441057543024,-0.124566209816,-1.52194843516,0.0691641193161,1.95430698286,0.135510534418,-0.0673660759329,-0.362794576846,-0.00200028934278,-0.572211681419,-0.0431599011492,0.193571312628,-0.0838741264271,0.573739352682,0.8190223217,0.00251766621776,0.0,0.818984738013,-0.573676676554,-0.0118244061433,0.0,-0.00824028483472,0.00884622765153,-0.999926918311,0.0,0.640931419816,0.234117804184,0.30368917034,1.0,-0.076932,-0.101110628571,1.227
0.447677730749,0.435003484745,-0.124581208976,-1.53117440817,0.0685577436543,1.95747914242,0.133992677609,-0.0713999163233,-0.389420936105,-0.000526808269791,-0.570418829321,-0.0377783174073,0.206990318935,-0.101768371189,0.573666410562,0.819073396542,0.00252336502476,0.0,0.81903549021,-0.573603296325,-0.0118689140889,0.0,-0.00827426058516,0.00887569373727,-0.999926376626,0.0,0.639656469879,0.232503619899,0.303708135804,1.0,-0.080964,-0.106409828571,1.243
0.446385950304,0.428338468559,-0.124616259949,-1.5413045244,0.0678274480785,1.96114978237,0.132372389626,-0.0745267994836,-0.396850102159,-0.00292725200385,-0.605424652762,-0.0378598609048,0.210590047991,-0.101893236952,0.573658004947,0.819078866328,0.00265537107308,0.0,0.819043154831,-0.573594920394,-0.0117441357221,0.0,-0.00809642189523,0.00891215255569,-0.999927508117,0.0,0.638297577877,0.230689662768,0.303747468501,1.0,-0.085248,-0.112040228571,1.26
0.444901435568,0.420975339754,-0.124722777635,-1.55267157796,0.0670117870384,1.96489958513,0.130481102195,-0.0915778620399,-0.420092879422,-0.0054035118712,-0.639388383037,-0.0449472920127,0.208478835608,-0.107803021078,0.573657004381,0.819080351491,0.0024012551887,0.0,0.819041372174,-0.573594910977,-0.0118682631354,0.0,-0.00834387402976,0.0087752085721,-0.999926685053,0.0,0.63669555768,0.228572980725,0.303670733679,1.0,-0.089784,-0.118001828571,1.278
0.443506068853,0.414049968042,-0.124818478472,-1.56295251521,0.0662880326684,1.96859953894,0.12883877558,-0.0921368405668,-0.443253081467,-0.00474037222425,-0.661314784375,-0.0409187498126,0.233619760594,-0.103567769392,0.573752134409,0.819012928464,0.00265672191912,0.0,0.818977778518,-0.573689632721,-0.0116769218403,0.0,-0.0080395709165,0.00887562592797,-0.999928291711,0.0,0.635306642704,0.226654796446,0.303795234653,1.0,-0.093816,-0.123301028571,1.294
0.441914726739,0.406525461912,-0.124857799193,-1.57444673042,0.0655134074642,1.97244023664,0.126893804049,-0.0949055666335,-0.451682440253,-0.0046092314829,-0.697758263681,-0.0461159097794,0.223414733708,-0.121189634518,0.57374449464,0.819018605442,0.00255454720265,0.0,0.818981514626,-0.573681693725,-0.0118042317249,0.0,-0.00820254636419,0.00886491057985,-0.999927063137,0.0,0.633656643038,0.224520167999,0.303747048076,1.0,-0.0981,-0.128931428571,1.311
0.440209639647,0.398658836669,-0.124960042873,-1.58619708211,0.0646964680749,1.97650121262,0.124912383759,-0.101766629907,-0.474840510548,-0.00321108790564,-0.690005811232,-0.0464203389645,0.251721129555,-0.119549029468,0.573835046169,0.818954747897,0.00268469484133,0.0,0.818919418191,-0.57377183455,-0.011730954279,0.0,-0.00806687373217,0.00893035336478,-0.999927584546,0.0,0.632008444949,0.222264766875,0.303813098492,1.0,-0.102384,-0.134561828571,1.328
0.438533465747,0.391070551196,-0.125010148797,-1.59759840822,0.0638109169266,1.98042569043,0.122945030567,-0.101309774141,-0.480134347899,-0.000658938808642,-0.717758245072,-0.047141546876,0.242799912666,-0.119631217352,0.573826198454,0.818960830396,0.00272013727951,0.0,0.818926502599,-0.573763466218,-0.0116453885915,0.0,-0.00797655529052,0.00891019312272,-0.999928488955,0.0,0.63037933802,0.2200827425,0.303830028661,1.0,-0.106416,-0.139861028571,1.344
0.436641977392,0.382726170348,-0.125065399647,-1.61018647679,0.0628598880804,1.98446409911,0.120683815114,-0.111741333698,-0.512934350146,-0.0076516871295,-0.743873356287,-0.0624545766825,0.239188740205,-0.141133215342,0.573771681015,0.818999676735,0.002516838148,0.0,0.818962504218,-0.573709457206,-0.0117737971266,0.0,-0.00819896004829,0.00881683719312,-0.999927517591,0.0,0.62850017908,0.217641686791,0.303784268354,1.0,-0.1107,-0.145491428571,1.361
0.434555192054,0.373604961731,-0.12512323101,-1.62377775212,0.0618893625859,1.98909602062,0.118291842087,-0.120568501602,-0.504299053433,-0.00389800381541,-0.753991671295,-0.0496627794356,0.252549411774,-0.141391158213,0.573794536655,0.81898326675,0.00264298870278,0.0,0.818947514903,-0.573731611761,-0.0117367969038,0.0,-0.00809602997477,0.00889915030748,-0.999927627092,0.0,0.626503047198,0.2150153674,0.30381278778,1.0,-0.115236,-0.151453028571,1.379
0.432662183394,0.365787942234,-0.125217746226,-1.63546145314,0.0609764564551,1.99284838436,0.116274125133,-0.127624285552,-0.526230374044,-0.00896446570319,-0.777524785473,-0.0586354964965,0.261917892998,-0.133748759119,0.573921386735,0.818894825079,0.00250084155118,0.0,0.818857357623,-0.573859109981,-0.0117939246991,0.0,-0.00822301151516,0.00881678787328,-0.999927320525,0.0,0.624745764369,0.212651912612,0.303785916053,1.0,-0.119016,-0.156421028571,1.394
0.430335987404,0.356121712893,-0.125316340219,-1.64973544302,0.059869444726,1.99754569893,0.113601055614,-0.134676388636,-0.53196546424,-0.0037786902235,-0.812795029803,-0.0598281629173,0.263496415712,-0.154095518855,0.573892489808,0.818914985199,0.00253062448142,0.0,0.818878110764,-0.573830327935,-0.0117533550598,0.0,-0.00817300686446,0.00881760495947,-0.999927723289,0.0,0.622589178377,0.209787108223,0.303817516577,1.0,-0.123552,-0.162382628571,1.412
