position_joint1,position_joint2,position_joint3,position_joint4,position_joint5,position_joint6,position_joint7,velocity_joint1,velocity_joint2,velocity_joint3,velocity_joint4,velocity_joint5,velocity_joint6,velocity_joint7,ee_T_00,ee_T_10,ee_T_20,ee_T_30,ee_T_01,ee_T_11,ee_T_21,ee_T_31,ee_T_02,ee_T_12,ee_T_22,ee_T_32,ee_T_03,ee_T_13,ee_T_23,ee_T_33,v_x,v_y,time
0.465063055433,0.547821165913,-0.124004222448,-1.35586405262,0.079572234109,1.8940923322,0.15915492143,0.000199799710578,4.8259109157e-05,0.000396204814647,0.000261440433392,0.000514099138074,-0.000265485008075,-0.00172998428998,0.57384277794,0.818951496846,0.00191283080947,0.0,0.818907231454,-0.573783741111,-0.0119963165493,0.0,-0.00872701819884,0.00845059329621,-0.999926210591,0.0,0.661669574565,0.260881276182,0.303171219459,1.0,0.0,0.0,0.0
0.465065561087,0.547823645481,-0.12400568574,-1.35586870393,0.0795709116807,1.89409314601,0.159165444847,0.00200959113744,-0.000646116819792,0.000352972949766,-0.000260397154957,-1.28956167898e-05,-0.000130284027659,0.00142601320167,0.573850279167,0.818946255973,0.00190626039611,0.0,0.818901921161,-0.573791285305,-0.0119979718628,0.0,-0.00873206665285,0.00844624241986,-0.999926203277,0.0,0.661668360278,0.260881341958,0.303167365943,1.0,-0.00026,-0.000341714285714,0.014
0.465060575327,0.547826759288,-0.124006632218,-1.35587033097,0.0795701996038,1.89409314601,0.159154920458,-0.000570517455587,-5.33388792065e-05,0.000106494928108,0.000553778282153,-0.000206625684753,0.000202900631909,-0.00194740326962,0.573846310372,0.818949047615,0.00190167946109,0.0,0.818904661657,-0.573787344962,-0.011999365782,0.0,-0.00873587776292,0.00844324851516,-0.999926195274,0.0,0.661669461955,0.26087714469,0.303164415816,1.0,-0.0006,-0.000788571428571,0.031
0.465057465576,0.547800688142,-0.124006636128,-1.35589372813,0.0795701981412,1.8940939076,0.15916204074,-0.000892946591776,0.00060142978473,0.000128104401239,-0.00545446555313,-0.000349665137898,-0.000213385345495,0.00143096714224,0.573855927237,0.818942299095,0.00190589352218,0.0,0.818897946061,-0.573796921251,-0.0119997500445,0.0,-0.00873367520503,0.00844702261046,-0.999926182639,0.0,0.661665752919,0.260872702579,0.303171815454,1.0,-0.00094,-0.00123542857143,0.048
0.465061951888,0.547705706889,-0.124003471334,-1.35598861985,0.0795669953773,1.89411321767,0.159160315182,-0.00066792953878,-0.0123172796641,0.00130114495485,-0.00853704103223,6.73071951294e-06,0.00216628325926,0.00102702406877,0.573852929487,0.818944352539,0.0019260489795,0.0,0.818900203734,-0.573793780764,-0.0119958485065,0.0,-0.00871894532913,0.00846125761428,-0.999926190832,0.0,0.661648647908,0.260868283405,0.303195503242,1.0,-0.00124,-0.00162971428571,0.063
0.465058670062,0.547549383104,-0.124003471334,-1.35620239462,0.0795673250963,1.89416158178,0.159149647819,-0.00115552078993,-0.00163896783424,0.000488456774306,-0.010481822783,-0.000174864333277,0.00688535667916,-0.00110319731338,0.573858700797,0.81894030587,0.00192713316528,0.0,0.818896007456,-0.573799387823,-0.0120140920232,0.0,-0.00873320450696,0.00847267601982,-0.99992596971,0.0,0.661614248433,0.260846125459,0.303208695533,1.0,-0.00164,-0.00215542857143,0.083
0.465039976426,0.547375230697,-0.124007617903,-1.35640997219,0.0795649449928,1.89427060841,0.159141246562,-0.00367304903318,-0.0129405682453,-0.000383360404046,-0.0110859757241,0.000377217317322,0.00579275957482,-0.00520243306084,0.57388118463,0.818924386229,0.00199561221546,0.0,0.81888096014,-0.573821556968,-0.0119808505357,0.0,-0.00866645221894,0.00850991738766,-0.999926234235,0.0,0.661598969256,0.260816037379,0.3032428602,1.0,-0.00198,-0.00260228571429,0.1
0.465023467088,0.547186248753,-0.12401229354,-1.35662457359,0.0795589883345,1.89437293862,0.159132882564,0.000721307482989,-0.00716364499049,-0.00288089628234,-0.0148654660241,-4.05673203314e-05,0.00806489645911,0.000828952242402,0.573901635029,0.818909885646,0.00206383219267,0.0,0.818867348283,-0.573841719156,-0.0119454666562,0.0,-0.00859811326023,0.00854569217113,-0.999926519097,0.0,0.661580879193,0.260785413919,0.303283608488,1.0,-0.00232,-0.00304914285714,0.117
0.465006104589,0.546998336964,-0.124004446676,-1.35686748358,0.0795565788498,1.89449742949,0.159122736921,-0.00323201261218,-0.0163924500977,0.000246223974297,-0.0207463355319,-0.000123634826155,0.00389445001827,0.000747548443575,0.573915209879,0.818900200477,0.00213082819086,0.0,0.818858438929,-0.573854920025,-0.0119220241313,0.0,-0.00854032613794,0.00858724295855,-0.999926658354,0.0,0.66155782417,0.260760176574,0.303311635696,1.0,-0.00262,-0.00344342857143,0.132
0.464970781473,0.546760674526,-0.124001454646,-1.35723128952,0.0795535459122,1.89463889876,0.159091699829,-0.00134277649855,-0.0156138282637,0.000308297693791,-0.0257532803744,-0.00335154754338,0.00810492301047,-0.00162417802931,0.57393623872,0.818885400245,0.0021545420777,0.0,0.818843772256,-0.573875672903,-0.0119304479575,0.0,-0.00853339466045,0.00861171559159,-0.999926507064,0.0,0.661517546237,0.260707591242,0.3033189813,1.0,-0.00296,-0.00389028571429,0.149
0.464933580684,0.546494615511,-0.1240020988,-1.35762056586,0.0795410191708,1.89477963741,0.15895472155,-0.00418650203348,-0.0214179690097,0.000716672360616,-0.0289351540877,-0.000126698706905,0.00581996593764,-0.00848644425692,0.573873402157,0.818929378312,0.00217681759517,0.0,0.818887933023,-0.57381264484,-0.0119309962945,0.0,-0.00852172198605,0.00862961724261,-0.999926452276,0.0,0.661473860191,0.260647421937,0.303334338819,1.0,-0.00328,-0.00431085714286,0.165
0.464854713216,0.545988698179,-0.124004306769,-1.35847368203,0.079516900617,1.89507303354,0.158901333496,-0.000736263249936,-0.0176042813764,0.0040901838691,-0.0334817166724,-0.0035590787205,0.00991053958667,-0.00183483553489,0.573937074539,0.818884841467,0.00214424521209,0.0,0.818842697423,-0.573876166201,-0.0119803858489,0.0,-0.00858019034009,0.00863195333119,-0.999925932115,0.0,0.661372281227,0.260515351419,0.3033120358,1.0,-0.00386,-0.00507314285714,0.194
0.464848719115,0.54595298915,-0.12400200335,-1.35854025578,0.0795168475617,1.89510068207,0.158900295673,-0.00432409948277,-0.0184846395952,0.00240382825417,-0.0360375959617,-0.0020564873958,0.0152137092501,-0.00859972466014,0.573939137035,0.818883400156,0.00214262214712,0.0,0.818841196841,-0.573878196844,-0.0119856766448,0.0,-0.00858543280593,0.00863368241876,-0.999925872188,0.0,0.661358896845,0.260502314308,0.303310453377,1.0,-0.00392,-0.005152,0.197
0.464769562523,0.545533335246,-0.124009537986,-1.35925617851,0.0794440690334,1.89533652355,0.158782057473,-0.00673010814234,-0.0260148893632,-0.00115416851124,-0.034875506745,-0.00855408954777,0.0124531954614,-0.00704345837384,0.573937096303,0.818885006481,0.00207425878644,0.0,0.818842155463,-0.573876685592,-0.0119925423668,0.0,-0.00863031053657,0.00858162070176,-0.99992593402,0.0,0.661284556048,0.260375180622,0.303284912752,1.0,-0.0043,-0.00565142857143,0.216
0.464704543304,0.545106331492,-0.124010273872,-1.35998965834,0.0793753534926,1.8955737607,0.158704444669,-0.00397600036621,-0.0295213413581,-0.00109868711707,-0.0388420334499,-0.000560899544714,0.0199485738391,0.00056945207161,0.57395014073,0.818876057037,0.00199651403012,0.0,0.818832314047,-0.573890178016,-0.0120188165137,0.0,-0.00869630871571,0.00853317592283,-0.999925776807,0.0,0.661189652285,0.260251133848,0.303253345129,1.0,-0.00468,-0.00615085714286,0.235
0.464654514382,0.544808222957,-0.124009860113,-1.36050477487,0.0793667802706,1.89574475789,0.158659930535,-0.00473386995478,-0.0284702143413,-0.0024768412964,-0.0454033702275,-0.00177728619814,0.0151445840531,0.00162287652624,0.573980467476,0.818854854639,0.00197405449444,0.0,0.818810619139,-0.573920402205,-0.0120535811753,0.0,-0.00873735153289,0.00853506126697,-0.999925402926,0.0,0.661132424445,0.260175404864,0.303239236599,1.0,-0.0049,-0.00644,0.246
0.464574339642,0.544266074759,-0.124010761581,-1.36138944116,0.0793360077523,1.89607262805,0.158522712644,0.000134139500271,-0.0293125518159,-0.000340575096855,-0.0488787070005,-0.00149743581687,0.0158864854024,-0.00639640022524,0.573975611831,0.8188582607,0.00197302020271,0.0,0.818813795813,-0.573915340864,-0.012078750235,0.0,-0.00875860647697,0.00854860880487,-0.999925101245,0.0,0.661031395821,0.260041251409,0.303230310371,1.0,-0.0053,-0.00696571428571,0.266
0.464495163932,0.543726047496,-0.124006218202,-1.36225691654,0.079297664359,1.89637670362,0.158426890433,-0.00393220276444,-0.0271396516154,0.00301725668734,-0.0495205893006,-0.00135999206296,0.0204446166888,-0.00227497621081,0.573996858298,0.818843394928,0.00196166964386,0.0,0.81879859592,-0.573936453145,-0.0121059478051,0.0,-0.00878717086216,0.00855515307008,-0.999924794664,0.0,0.660928299421,0.259910092876,0.303225739648,1.0,-0.00566,-0.00743885714286,0.284
0.46441696263,0.543194279105,-0.124021543748,-1.3631095372,0.079250651452,1.89667495377,0.158305224956,-0.00216944585306,-0.0242768328771,-0.000302203957094,-0.0512073139387,-0.00264716549797,0.0224182453911,-0.00913595987708,0.574006868427,0.818836426628,0.0019412179327,0.0,0.818791361756,-0.573946553484,-0.0121163756629,0.0,-0.00880734397812,0.00854449983363,-0.999924708273,0.0,0.660831899537,0.259767930554,0.303222464754,1.0,-0.006,-0.00788571428571,0.301
0.464346403823,0.542652590366,-0.124020507949,-1.36396622619,0.0791973761784,1.89698276363,0.158213619861,-0.00250554148262,-0.0344775784292,0.000713568146822,-0.0493571622821,-0.00997940250476,0.0252429299938,-0.00313997420775,0.574022322426,0.81882560996,0.00193409701515,0.0,0.818780440235,-0.573962025597,-0.0121214999828,0.0,-0.00881546610154,0.00854177683258,-0.999924659965,0.0,0.660731217781,0.259639590565,0.303224485167,1.0,-0.00632,-0.00830628571429,0.317
0.464274576484,0.542084536408,-0.124023704513,-1.36483342395,0.0791466276424,1.89730876275,0.158073733429,-0.00416266415705,-0.0338647940689,-0.000173170983797,-0.0503792234149,-0.00291810857265,0.0206682614237,-0.0093522073692,0.574003523847,0.818838733124,0.0019572045458,0.0,0.818793866922,-0.573943128878,-0.0121093024928,0.0,-0.00879241109253,0.00855349406189,-0.999924762793,0.0,0.660633473199,0.259508711565,0.303241801745,1.0,-0.00664,-0.00872685714286,0.333
0.464178660875,0.541369500226,-0.12402191222,-1.36592457343,0.0790893576009,1.89771311843,0.157940150525,-0.00371217182382,-0.0348244624799,0.00087192592723,-0.0592250032027,-0.00834992223433,0.0278579459781,-0.00827657336133,0.57401671581,0.81882941522,0.00198636398573,0.0,0.818784837136,-0.573956100516,-0.0121050426141,0.0,-0.00877204812659,0.00857506661526,-0.999924756871,0.0,0.660508879404,0.259344426113,0.303263002651,1.0,-0.00702,-0.00922628571429,0.352
0.464106373396,0.540711325651,-0.124026899546,-1.36692749514,0.0790307552303,1.89808043406,0.15781054022,-0.00208286238196,-0.0416930103553,-7.88266097186e-05,-0.0666871687288,-0.000686787275201,0.0161948226368,-0.00343543318632,0.57401320391,0.818831830075,0.00200566564536,0.0,0.818787499617,-0.573952500228,-0.0120956543509,0.0,-0.00875331850486,0.00858544456261,-0.999924831953,0.0,0.660391070678,0.259198823623,0.30328289219,1.0,-0.00734,-0.00964685714286,0.368
0.464014036908,0.53998352736,-0.124026533589,-1.36802951127,0.0789588626416,1.89848936065,0.157672221101,-0.00407671764269,-0.03921815913,0.000622969722515,-0.0670560086278,-0.00615883370425,0.0274257034034,-0.00529258184424,0.57401710189,0.818829031423,0.00203247105661,0.0,0.818785094832,-0.573956324315,-0.0120769681837,0.0,-0.00872259048035,0.00859670879654,-0.999925003694,0.0,0.660265027452,0.25903291926,0.303308134288,1.0,-0.00768,-0.0100937142857,0.385
0.463921583463,0.539329211559,-0.124026799919,-1.36905185568,0.0789053532769,1.89888399035,0.15754864897,-0.00275180881671,-0.0385087619825,-5.5752051312e-06,-0.0733692938519,-0.0039699447484,0.0237520389887,-0.0116885512324,0.574034198391,0.81881698131,0.00205842113034,0.0,0.818773326022,-0.573973249832,-0.0120704586945,0.0,-0.00870218542956,0.00861440225007,-0.999925029211,0.0,0.66015156495,0.258877070398,0.303318080224,1.0,-0.00798,-0.010488,0.4
0.463809513451,0.538566440574,-0.124033125482,-1.37024431887,0.0788410626841,1.899347233,0.157397938937,-0.00806449729175,-0.047375341661,7.19161939319e-05,-0.0710080009276,-0.00680892019844,0.0278518088586,-0.0100369429857,0.574055873133,0.818801710108,0.00208828817744,0.0,0.818758429188,-0.573994778278,-0.0120571988538,0.0,-0.0086739555317,0.00863147554604,-0.99992512726,0.0,0.660022142675,0.258688907767,0.303329711216,1.0,-0.00832,-0.0109348571429,0.417
0.463686676976,0.537728540816,-0.124035461976,-1.37153682875,0.0787569899027,1.89984445798,0.157242348057,-0.00669929823761,-0.0493870672615,-4.61698744726e-05,-0.0738151327361,-0.014104269368,0.0293234203751,-0.00710025780351,0.574079625538,0.818784976543,0.00211958282557,0.0,0.818742190362,-0.574018480823,-0.0120314710633,0.0,-0.00863467428305,0.0086425806844,-0.999925371315,0.0,0.659881013157,0.258484191015,0.303349429747,1.0,-0.00868,-0.011408,0.435
0.463575980724,0.536907850631,-0.124047812715,-1.37284677104,0.078683479048,1.90032289956,0.157083700228,-0.0108626738412,-0.048037427953,0.000146746663586,-0.0791905531995,-0.00404867825327,0.0351411660331,-0.00480296279759,0.57410153966,0.818769636959,0.00210965750888,0.0,0.818726706341,-0.574040419242,-0.0120384509642,0.0,-0.00864585590421,0.00863869249904,-0.999925308294,0.0,0.659729899788,0.258279825478,0.303347271136,1.0,-0.00902,-0.0118548571429,0.452
0.463443664621,0.535935759972,-0.124053762244,-1.37433312771,0.0786076322819,1.90087658545,0.156894050149,-0.0072095342551,-0.0519226613878,-0.000323364171325,-0.0815156530256,-0.00118591041908,0.0264559868054,-0.0125206715433,0.574120244232,0.818756418131,0.00214937984418,0.0,0.81871390519,-0.574058852748,-0.0120300428707,0.0,-0.00861597016743,0.00866658517564,-0.999925324892,0.0,0.659560782874,0.258050701363,0.303374160918,1.0,-0.0094,-0.0123542857143,0.471
0.463340800061,0.535090757076,-0.124055980168,-1.37566107208,0.0785256310072,1.9013588064,0.1567425192,-0.0038623172712,-0.0556442162396,0.000212528309318,-0.0797109008296,-0.00465184421108,0.0307864033803,-0.00476531383637,0.574132852951,0.818747583302,0.00214683515717,0.0,0.818705035809,-0.574071469219,-0.0120316029974,0.0,-0.00861857499882,0.00866553014702,-0.999925311587,0.0,0.659402372522,0.257854486887,0.303380235272,1.0,-0.00972,-0.0127748571429,0.487
0.463208832949,0.53421045777,-0.124053170733,-1.37713649684,0.0784461052059,1.90188504879,0.156561392988,-0.00822541506986,-0.0522471947817,0.000348186067928,-0.0882246357538,-0.00221313632375,0.0240225486391,-0.00672770099039,0.574150204041,0.81873555613,0.00209266065489,0.0,0.818692138841,-0.574088885891,-0.0120780709243,0.0,-0.00868754015337,0.00864803821458,-0.999924866218,0.0,0.659225264014,0.257628355799,0.303344549053,1.0,-0.01006,-0.0132217142857,0.504
0.46309232196,0.533331715511,-0.124059179487,-1.37853202957,0.0783714444701,1.90241280577,0.156376137085,-0.0086595361218,-0.0541007466753,0.00121241490098,-0.0842850689801,-0.00137689399268,0.0293681340717,-0.00677824322799,0.57415464236,0.81873241296,0.00210464412575,0.0,0.818689091569,-0.574093211802,-0.012079006991,0.0,-0.00868137977749,0.00865843382804,-0.999924829759,0.0,0.65906442114,0.257417660626,0.303346021718,1.0,-0.01038,-0.0136422857143,0.52
0.462969816282,0.532504725311,-0.124061241399,-1.37988985865,0.0782942122377,1.90293312769,0.156205107938,-0.00933728184813,-0.0549418205341,-0.000116663325231,-0.0960179384104,-0.00629489992751,0.0354833967417,-0.00934649810926,0.574170058259,0.8187216255,0.00209548047242,0.0,0.818678152227,-0.574108633043,-0.0120874907656,0.0,-0.00869342403362,0.00865596601247,-0.999924746484,0.0,0.658909958882,0.257208198898,0.303328018758,1.0,-0.01068,-0.0140365714286,0.535
0.462838013483,0.531530060407,-0.124062368454,-1.38146152135,0.0781999004333,1.90349607856,0.155999518008,-0.00810409047167,-0.0589322954883,-0.000432726326543,-0.0908894571578,-0.00456329189675,0.0388600213035,-0.0147363470702,0.574170778517,0.818721194955,0.00206613869975,0.0,0.81867728057,-0.5741094228,-0.0121089980058,0.0,-0.00872787165927,0.00864430005362,-0.99992454732,0.0,0.658720788583,0.256969882216,0.303315807956,1.0,-0.01102,-0.0144834285714,0.552
0.462707482878,0.530511550296,-0.124067348835,-1.3831060891,0.0781047341495,1.90407211817,0.15579331319,-0.0074059614443,-0.0624799904469,-0.00275024874643,-0.0972020186377,-0.00332970530392,0.0375141160203,-0.0159315906265,0.574176151468,0.818717530479,0.00202466604574,0.0,0.818672978817,-0.574114882685,-0.0121409281268,0.0,-0.00877776878363,0.0086287368998,-0.999924244968,0.0,0.658518519339,0.256722864732,0.303300842612,1.0,-0.01136,-0.0149302857143,0.569
0.462573289038,0.529532689279,-0.124067931111,-1.3846398807,0.0780086246064,1.90463842875,0.15558521793,-0.0104589751276,-0.0653109579954,-2.36488447156e-05,-0.0958157658082,-0.000614284009933,0.0268500400209,-0.0107046585766,0.57416732518,0.818723701524,0.00203227959885,0.0,0.818679280783,-0.574106054891,-0.0121334189139,0.0,-0.00876734242092,0.00863056404853,-0.999924320672,0.0,0.6583264023,0.25647549866,0.303308645663,1.0,-0.0117,-0.0153771428571,0.586
0.462438806797,0.528443344718,-0.124068097669,-1.38633270274,0.0779028064837,1.9052869118,0.155349992076,-0.00856592364649,-0.063096946272,0.000428553679453,-0.096635452251,-0.00246618603368,0.031253927773,-0.0153802746348,0.574154655188,0.818732498649,0.00206748218811,0.0,0.818688559762,-0.574093254031,-0.01211299683,0.0,-0.00873054467379,0.00864752402478,-0.999924496109,0.0,0.658141078683,0.256239442368,0.303327005886,1.0,-0.01202,-0.0157977142857,0.602
0.462291808717,0.527313322802,-0.124065338377,-1.38806768139,0.0777934799627,1.90595823906,0.155116199325,-0.0100572204044,-0.0733382122228,-9.01382098703e-05,-0.102472779353,-0.00943369286034,0.0445795760621,-0.00745966086791,0.574146256271,0.818738251013,0.00212123532851,0.0,0.818695066743,-0.574084676182,-0.0120797005208,0.0,-0.00867251115322,0.00867232669892,-0.999924786321,0.0,0.657941442404,0.255981058677,0.303354752234,1.0,-0.01236,-0.0162445714286,0.619
0.462145421337,0.526152720336,-0.124069158187,-1.38988375786,0.0776834291793,1.90663387514,0.154859928028,-0.00975960187091,-0.0714788381846,0.00404282338212,-0.108096932746,-0.00490521906762,0.0381825931141,-0.0112446948786,0.574127443661,0.818751402005,0.00213706626001,0.0,0.818708421787,-0.574065795588,-0.0120718404435,0.0,-0.00865718632281,0.00868057616711,-0.999924847537,0.0,0.657725286424,0.255710240657,0.303365731806,1.0,-0.0127,-0.0166914285714,0.636
0.462007890435,0.525030738164,-0.124079772529,-1.39161950634,0.0775677925548,1.90725605402,0.154630240854,-0.00663088531,-0.068777795994,-0.00108287149846,-0.110662989425,-0.0036618970852,0.0380887597618,-0.0124240405028,0.57412673158,0.818751922867,0.00212879961484,0.0,0.818708947877,-0.57406523226,-0.0120629464684,0.0,-0.00865465740009,0.00866869422126,-0.999924972508,0.0,0.657503027806,0.255425795316,0.30337860805,1.0,-0.01304,-0.0171382857143,0.653
0.461843212122,0.523847231919,-0.124080790588,-1.3935106023,0.0774519343753,1.90793860223,0.154368364514,-0.0123254969365,-0.072322732781,0.000671172156418,-0.112395729687,-0.00620826881693,0.0395746065664,-0.0196854820333,0.574113125615,0.818761501053,0.00211430648874,0.0,0.818718269422,-0.574051622561,-0.0120779489345,0.0,-0.00867540555722,0.00866529719711,-0.999924822156,0.0,0.657286728288,0.255155650351,0.303374334127,1.0,-0.01336,-0.0175588571429,0.669
0.461691833927,0.52263140952,-0.124086468728,-1.39544064596,0.0773387122931,1.90867967388,0.154105764323,-0.00830139211698,-0.070695268061,0.000295928032853,-0.11556897528,-0.00782114164592,0.0421078142079,-0.0100346004339,0.574099294405,0.818771143128,0.00213594138286,0.0,0.818728193893,-0.574037700523,-0.0120668888024,0.0,-0.00865407607662,0.00867651482754,-0.99992490971,0.0,0.65705840037,0.254871674492,0.303374728805,1.0,-0.0137,-0.0180057142857,0.686
0.461526103044,0.521400662687,-0.124084753145,-1.39743136105,0.0772127422113,1.90944594008,0.153839067608,-0.0111661225581,-0.0715495958171,0.000615237621804,-0.116183670423,-0.00886288889503,0.0448458681474,-0.0196339906011,0.574088157323,0.818778951782,0.00213603424761,0.0,0.818736045582,-0.574026606403,-0.012061911424,0.0,-0.00865006524246,0.00867361573028,-0.999924969566,0.0,0.656823207302,0.254575266301,0.30335835173,1.0,-0.01404,-0.0184525714286,0.703
0.461359615339,0.520094812424,-0.124092912866,-1.39946558884,0.0770824493831,1.91019236102,0.153571995776,-0.00799878979918,-0.0769812905983,-0.000413586637845,-0.120622679502,-0.00934252040225,0.051798655336,-0.0182778433802,0.57408484661,0.818781247798,0.00214570445567,0.0,0.818738528056,-0.574023315491,-0.0120500145349,0.0,-0.00863480779798,0.00867466866786,-0.999925092303,0.0,0.656577734817,0.254266465325,0.30337220099,1.0,-0.01438,-0.0188994285714,0.72
0.461181399636,0.518673057833,-0.124100745689,-1.40166778277,0.0769455913414,1.9109737731,0.153270109334,-0.00542241465981,-0.0804730492008,-0.00102324111577,-0.124630776254,-0.0110037607086,0.0475214245516,-0.0155978249357,0.574069076136,0.818792307995,0.00214454988064,0.0,0.81874955329,-0.574007531944,-0.0120527656199,0.0,-0.0086378903017,0.00867513630435,-0.999925061623,0.0,0.656305102981,0.253933124566,0.303390082181,1.0,-0.01474,-0.0193725714286,0.738
0.460991498736,0.51733392602,-0.124099994653,-1.40379528265,0.0768081766758,1.91174274173,0.152978220754,-0.0139998935623,-0.0785721099001,-0.000494834078418,-0.125489075345,-0.0140822132035,0.0495967530394,-0.0219743896049,0.574060630151,0.818798283843,0.00212372027846,0.0,0.818755256247,-0.573999174646,-0.0120633650097,0.0,-0.00865861558549,0.00866407687032,-0.99992497826,0.0,0.656045711487,0.253604020327,0.303383773538,1.0,-0.01508,-0.0198194285714,0.755
0.46081530015,0.516053917999,-0.124103192292,-1.40580721521,0.0766876868249,1.91250225652,0.152692376193,-0.0114096678739,-0.0800543273012,-0.000710737633824,-0.122962935154,-0.0101445343558,0.0488926443451,-0.021821621487,0.574047145954,0.818807678001,0.00214652518798,0.0,0.818764933485,-0.573985580521,-0.0120533792014,0.0,-0.00863749122827,0.00867687453912,-0.999925049988,0.0,0.655806022955,0.253296644292,0.303389919785,1.0,-0.0154,-0.02024,0.771
0.460640603489,0.514755643512,-0.124111813781,-1.40790088212,0.076555389825,1.91327531433,0.152409011328,-0.011676871687,-0.0825464184775,-0.000318010369674,-0.134891491393,-0.0126377226516,0.0503301220725,-0.0263018969945,0.57403903497,0.818813429631,0.00212148268048,0.0,0.818770393149,-0.573977612099,-0.0120619655674,0.0,-0.0086589825435,0.00866121303767,-0.999924999893,0.0,0.655550873627,0.252976720995,0.303370972234,1.0,-0.01572,-0.0206605714286,0.787
0.460449356693,0.513361224623,-0.124109994166,-1.41016408885,0.0764239029147,1.91405802555,0.152102926939,-0.0107285726823,-0.0747152573425,0.00164449186184,-0.130547440724,-0.014246770272,0.0392085057751,-0.016325127417,0.574027001527,0.818822040491,0.00205290667533,0.0,0.818777899538,-0.573965668814,-0.0121206085411,0.0,-0.00874649186174,0.00863859751286,-0.999924433901,0.0,0.655260837049,0.25263407342,0.303338850073,1.0,-0.01606,-0.0211074285714,0.804
0.460238725024,0.511846085199,-0.124120613691,-1.41258704394,0.0762751199699,1.91493052719,0.151755194174,-0.00646160486447,-0.0813458703378,-0.000623397944352,-0.135179795013,-0.0127809440771,0.0524804573256,-0.0211521356965,0.574009032321,0.818834719515,0.00201985938518,0.0,0.818790113856,-0.573947814805,-0.0121409321569,0.0,-0.00878229198337,0.00862301163452,-0.99992425464,0.0,0.654961610903,0.252257442431,0.303322946476,1.0,-0.01642,-0.0215805714286,0.822
0.460037964107,0.510374287849,-0.124119961279,-1.41490720786,0.0761246411107,1.91581998652,0.151432378327,-0.0142399527334,-0.0904329748465,-0.000119226675686,-0.135240405653,-0.00831088950394,0.0453509267801,-0.0148060306443,0.573989351977,0.818848444976,0.00204814048819,0.0,0.818804290015,-0.573928092571,-0.0121171824891,0.0,-0.00874681907837,0.00863232614203,-0.999924485199,0.0,0.654683224523,0.251906390755,0.303326183698,1.0,-0.01676,-0.0220274285714,0.839
0.459848467529,0.508962969653,-0.124127235891,-1.41714747469,0.0759857340209,1.91663772056,0.151126987958,-0.0133107573293,-0.0904836314119,-0.000124858675795,-0.137836972667,-0.0131061995705,0.0478312477907,-0.0170360342489,0.573978749357,0.81885590875,0.00203541000474,0.0,0.818811575541,-0.573917535325,-0.0121249044427,0.0,-0.0087605608206,0.00862622084244,-0.999924417588,0.0,0.65440540338,0.251563884477,0.303318699496,1.0,-0.01708,-0.022448,0.855
0.459650275711,0.507541557811,-0.124125637978,-1.41938866885,0.075845127738,1.91742708367,0.15080783626,-0.0108260224755,-0.0874716064758,0.000659669823113,-0.141554248207,-0.00905739371764,0.0531017174157,-0.0168416885785,0.573956640039,0.818871470364,0.00200929872883,0.0,0.818826709648,-0.57389545924,-0.0121477706404,0.0,-0.00879450471066,0.00861772700549,-0.999924192861,0.0,0.654121351387,0.25121881548,0.303314619506,1.0,-0.0174,-0.0228685714286,0.871
0.459445778219,0.506057980446,-0.124134075674,-1.42167161827,0.075701370332,1.91828235184,0.150505788379,-0.0114603986502,-0.0954080643898,-0.00122204969718,-0.144499773926,-0.00793454554656,0.0505397291723,-0.0137476549798,0.573962099609,0.818867536779,0.00205239445566,0.0,0.818823399589,-0.57390078776,-0.0121191169456,0.0,-0.00874624903871,0.00863662869487,-0.999924453033,0.0,0.653845263739,0.250863589122,0.303339636105,1.0,-0.01772,-0.0232891428571,0.887
0.459222037717,0.504422785008,-0.124142534773,-1.42415333329,0.0755480937717,1.91924029354,0.150158053877,-0.0116273840225,-0.0996672444977,-0.000633243591346,-0.147894565764,-0.00521029651389,0.0562124142443,-0.023618550512,0.573953402853,0.818873398331,0.00214377224269,0.0,0.818830538298,-0.573891781193,-0.0120631642425,0.0,-0.00864807752939,0.00867924744807,-0.999924937892,0.0,0.653550389555,0.250479640523,0.303384335717,1.0,-0.01806,-0.023736,0.904
0.458979291567,0.5026546026,-0.124141907184,-1.42678067069,0.0753831184161,1.92022829892,0.149791733068,-0.0140816749031,-0.0993950518208,0.000726448148118,-0.143547611135,-0.0100884932856,0.0474787704887,-0.0208282522952,0.573942108749,0.818881021857,0.00225272016754,0.0,0.818839619321,-0.573880068043,-0.0120038424971,0.0,-0.00853709197265,0.00873429536254,-0.999925412291,0.0,0.653232241917,0.250073352341,0.303454203505,1.0,-0.01842,-0.0242091428571,0.922
0.458757917002,0.501043394662,-0.124144495704,-1.42919647317,0.0752244303328,1.92107177359,0.149448010432,-0.0164334926552,-0.0985340856267,0.000609541873071,-0.151005468264,-0.00704024296617,0.0426099063506,-0.0272084206105,0.573923979576,0.818893643275,0.00228332488487,0.0,0.818852638663,-0.573861814108,-0.0119883845274,0.0,-0.00850706270935,0.00875029643391,-0.999925528325,0.0,0.652925873692,0.24969361502,0.303502077326,1.0,-0.01874,-0.0246297142857,0.938
0.458510160587,0.499339126558,-0.124144736418,-1.43179631244,0.0750612288175,1.92202975521,0.149080254472,-0.0179482100437,-0.102117206627,0.000128952052455,-0.149821818454,-0.00722602664341,0.0548647747399,-0.0209334581909,0.573914279715,0.818900294291,0.00233547653324,0.0,0.818859960179,-0.573851893673,-0.0119631369032,0.0,-0.00845656151449,0.0087784123316,-0.999925710263,0.0,0.652605698927,0.249284478616,0.303536581146,1.0,-0.01908,-0.0250765714286,0.955
0.458254483623,0.497658337018,-0.124144745729,-1.4344398259,0.0748983883041,1.92300648114,0.148695267215,-0.0175157804496,-0.0997016923263,0.000626515458545,-0.157677715749,-0.00771057340702,0.0609134870689,-0.0212151517151,0.573898778103,0.81891112545,0.00234691420942,0.0,0.818870887414,-0.573836292807,-0.0119635155408,0.0,-0.00845047412422,0.00878783586512,-0.999925678952,0.0,0.65227880328,0.24886626824,0.303534987435,1.0,-0.01942,-0.0255234285714,0.972
0.458008232381,0.496088608934,-0.124139774947,-1.43696434017,0.0747434671692,1.92389490979,0.148315724294,-0.0169704659794,-0.0928631162917,0.0011329804189,-0.160247335108,-0.00693324396345,0.056689764505,-0.0226401221783,0.573871825543,0.818930166482,0.00229285324805,0.0,0.818889057876,-0.573809392755,-0.0120099366492,0.0,-0.00851980272222,0.00876992555391,-0.99992524789,0.0,0.651955031754,0.248465274898,0.303504268039,1.0,-0.01974,-0.025944,0.988
0.457737955597,0.494412653053,-0.124144765497,-1.43971201278,0.0745715727923,1.92484249435,0.147940179143,-0.0145166700664,-0.100571804377,0.00168556823308,-0.165073246773,-0.0113378182653,0.0567042560528,-0.0176160629719,0.573881021246,0.818924016261,0.00218539401004,0.0,0.818881357373,-0.573818887015,-0.0120811569462,0.0,-0.0086396955498,0.00872289304215,-0.999924630559,0.0,0.651599691508,0.248019195432,0.303446254961,1.0,-0.0231091428571,-0.0303720163265,1.005
0.457414144841,0.491979429246,-0.124233918612,-1.4433244388,0.0743645237041,1.92619107735,0.14742538541,-0.0220722988118,-0.164448776368,-0.00667925634252,-0.239482252714,-0.0115527383252,0.104659820706,-0.0279973257258,0.573914516198,0.818900171709,0.00232029593743,0.0,0.818859532119,-0.573852080196,-0.0119834725088,0.0,-0.00848192434809,0.00877765427,-0.999925502097,0.0,0.65116689008,0.247417808127,0.303539915291,1.0,-0.036408,-0.0478505142857,1.022
0.456919250641,0.488100350229,-0.124273921761,-1.44949376402,0.0740447205323,1.9285500747,0.146482739311,-0.0308409508878,-0.234642435734,0.00293715791223,-0.369449840116,-0.0209680640098,0.139667215198,-0.055703356606,0.573800017903,0.818980178128,0.00239878888366,0.0,0.818940172622,-0.57373687255,-0.0119892302692,0.0,-0.00844283086016,0.00884405540108,-0.999925247852,0.0,0.650385115562,0.246500233255,0.303506713564,1.0,-0.0512714285714,-0.0673853061224,1.041
0.45626639555,0.483676657447,-0.124377042247,-1.45646750857,0.0736307616846,1.93114584177,0.145421860631,-0.0453572951935,-0.29302573364,-0.0120550867259,-0.471777749394,-0.0275797604589,0.162040390736,-0.0821425867108,0.573773955326,0.818998365705,0.00242323399422,0.0,0.818958840791,-0.57371088506,-0.0119576065365,0.0,-0.00840318627902,0.008845662408,-0.999925567588,0.0,0.649519069287,0.245356557144,0.30348738342,1.0,-0.063788,-0.0838356571429,1.057
0.455365926575,0.477902155796,-0.124537508313,-1.46568458518,0.0730837171915,1.93431613348,0.144042771712,-0.0635070012818,-0.366226039822,-0.0063519947214,-0.583434528468,-0.0448695292395,0.203831596037,-0.0865210455966,0.573800282321,0.818980606012,0.00217942319593,0.0,0.818937726092,-0.573738039721,-0.0120999777607,0.0,-0.00865939584728,0.00872795057154,-0.999924416015,0.0,0.648321744322,0.243789833442,0.303383185606,1.0,-0.0770868571429,-0.101314155102,1.074
0.454257320753,0.470985979096,-0.124683275331,-1.47647920566,0.0724503772813,1.93813274009,0.1424887925,-0.0680660975723,-0.41665668132,-0.00924885384113,-0.660436533427,-0.0378615343335,0.23825811333,-0.0918759018978,0.573890320953,0.818917654296,0.00212647603902,0.0,0.818873812418,-0.573828025722,-0.0121582537368,0.0,-0.00873654528882,0.00871898754786,-0.999923823115,0.0,0.646928619095,0.241956973309,0.303364518143,1.0,-0.0903857142857,-0.118792653061,1.091
0.453144086819,0.463949976428,-0.124784043359,-1.48711872429,0.0718133414553,1.94212853186,0.140741154058,-0.0751539203924,-0.479089790185,-0.004448836265,-0.738334544298,-0.043920789735,0.271963485291,-0.122093284922,0.573777410276,0.818995834667,0.00246031623341,0.0,0.818956447384,-0.573713826208,-0.0119803925918,0.0,-0.00840053592673,0.00888914162088,-0.999925204281,0.0,0.645584265556,0.240181045691,0.303504441465,1.0,-0.10212,-0.134214857143,1.106
0.451508256735,0.45459056009,-0.124892697883,-1.50180395641,0.0708727321579,1.94716811033,0.138519154154,-0.0998570403972,-0.542457503769,-0.0108351406276,-0.857877667077,-0.0569854263259,0.278988843202,-0.131776054672,0.573802186491,0.81897919889,0.00220668640159,0.0,0.818935995132,-0.573739139283,-0.012164819491,0.0,-0.0086968392058,0.00878750413314,-0.999923569459,0.0,0.6436110906,0.237643898751,0.303395512153,1.0,-0.116201142857,-0.152721502041,1.124
0.44963580842,0.443838807583,-0.125059932248,-1.51794477218,0.0697612146963,1.95296467065,0.135985763506,-0.10920004823,-0.622512414446,-0.0103961373682,-0.939756721415,-0.0602226899683,0.322621734296,-0.139228224048,0.573809841979,0.818973017803,0.00249163799298,0.0,0.818934419309,-0.57374653376,-0.0119196800103,0.0,-0.00833248807362,0.00888028878912,-0.999925852308,0.0,0.641493949455,0.234797107892,0.303591484457,1.0,-0.130282285714,-0.171228146939,1.142
0.44788689261,0.434131954368,-0.125177333729,-1.53274652102,0.0687880542009,1.95804443688,0.133592059164,-0.119332982498,-0.683137625151,-0.0153819117923,-0.999426513641,-0.0694649918621,0.357636638707,-0.165790930055,0.573754857106,0.819011605922,0.0024698610193,0.0,0.818972404465,-0.573691302815,-0.0119681535799,0.0,-0.00838528034013,0.00888970541913,-0.999925327318,0.0,0.639457255048,0.232185108232,0.303621710317,1.0,-0.142016571429,-0.18665035102,1.157
0.445784282801,0.422934005534,-0.12531165615,-1.54958231511,0.0676257396895,1.96394186803,0.130793866171,-0.136577324659,-0.7086873771,-0.00969214718517,-1.07954272598,-0.0764837303777,0.370395963221,-0.188110453849,0.573687135774,0.819058473876,0.0026520784703,0.0,0.819021936845,-0.573623199715,-0.0118422386848,0.0,-0.00817834966501,0.00896602306138,-0.999926359802,0.0,0.637150270421,0.229151956402,0.303744686226,1.0,-0.154533142857,-0.203100702041,1.173
0.442952256999,0.408613242363,-0.125486048118,-1.57097911987,0.0660864319807,1.97147443979,0.127227911093,-0.155354163566,-0.782201176757,-0.0080094940289,-1.16525853823,-0.0773812610789,0.393274916383,-0.193277511792,0.573675812946,0.819065339453,0.00296281089958,0.0,0.819033673324,-0.57361173446,-0.0115830459014,0.0,-0.00778791826571,0.00907172982724,-0.999928523469,0.0,0.634194483036,0.225203650279,0.303919749231,1.0,-0.169396571429,-0.222635493878,1.192
0.440435195643,0.396525944998,-0.125629089104,-1.58898914741,0.0648981102113,1.97762160347,0.124160166757,-0.173382367433,-0.816126304607,-0.00776481499849,-1.21252381862,-0.0835163059204,0.430845477359,-0.207722803794,0.573724997462,0.819030118411,0.00316848937649,0.0,0.81900052944,-0.573659556539,-0.0115582381218,0.0,-0.007649058195,0.00922642225121,-0.999928179942,0.0,0.631628013958,0.221818724993,0.304033376447,1.0,-0.181130857143,-0.238057697959,1.207
0.437303551127,0.382175001589,-0.125775712117,-1.61055261099,0.063283896628,1.98480597568,0.120365079808,-0.196955320993,-0.886806427069,-0.0121597404012,-1.27064960215,-0.0906064103207,0.420397721887,-0.231734908768,0.573665475176,0.819072152298,0.00307876968724,0.0,0.819041556209,-0.573600513736,-0.0115813101758,0.0,-0.00772009341355,0.00916561458748,-0.999928193255,0.0,0.628468319789,0.217686257247,0.304025199253,1.0,-0.194429714286,-0.255536195918,1.224
0.433627872607,0.366066584028,-0.125942738708,-1.63459691228,0.0614689662923,1.992772225,0.116101077486,-0.212778363182,-0.894879279181,-0.00562324380229,-1.35650493181,-0.098103176706,0.438923191489,-0.235108110065,0.573676582378,0.819064521488,0.00303897532323,0.0,0.819033487556,-0.57361184019,-0.011590942871,0.0,-0.00775068707351,0.0091386509977,-0.999928203377,0.0,0.624879305581,0.212987547629,0.304021590265,1.0,-0.208510857143,-0.274042840816,1.242
0.429731143619,0.350075885253,-0.126165410813,-1.65839108325,0.0596367243135,2.00054779851,0.111692575134,-0.24098930044,-0.931336177814,-0.012767087772,-1.432041932,-0.0943021634125,0.454753656702,-0.262907567791,0.573730529332,0.819027085148,0.00294285716483,0.0,0.818994944454,-0.573666258493,-0.011621175756,0.0,-0.00782999059799,0.00907778323365,-0.999928139967,0.0,0.621269710336,0.208165403964,0.303978062883,1.0,-0.221809714286,-0.291521338775,1.259
0.42598787323,0.335200347649,-0.126353322423,-1.68005322796,0.0579730117182,2.00760045839,0.107554937062,-0.257502118156,-0.995887375455,-0.00939372878661,-1.47507382441,-0.1141911976,0.480647147877,-0.278257415031,0.573787831767,0.818986259494,0.00312694370897,0.0,0.818956500084,-0.57372295523,-0.0115311974126,0.0,-0.00765004013786,0.00917746833162,-0.999928622933,0.0,0.617931570558,0.20369877631,0.304084680414,1.0,-0.233544,-0.306943542857,1.274
0.421208583408,0.316679367561,-0.126522917459,-1.70701561981,0.0557667308308,2.01614414395,0.102278252438,-0.278832848263,-1.05381180385,-0.0170868811981,-1.51390129755,-0.134068563063,0.482997938011,-0.304866969049,0.573701095869,0.819047011983,0.00312916312592,0.0,0.819017427313,-0.573636399058,-0.0115100970845,0.0,-0.00763245570547,0.00916637092498,-0.999928859101,0.0,0.613623381117,0.198117932666,0.304118934087,1.0,-0.247625142857,-0.325450187755,1.292
0.416594833083,0.299638823884,-0.126674266474,-1.73166747383,0.0537108122257,2.02383814615,0.0972134859705,-0.297977643381,-1.07617972532,-0.0113332629666,-1.56700832777,-0.136929089863,0.470059838663,-0.320201943473,0.573553370899,0.819150469642,0.00312821308179,0.0,0.819120884359,-0.573488710402,-0.0115075084034,0.0,-0.00763253297682,0.00916273131241,-0.999928891869,0.0,0.609592651045,0.192907456956,0.304129455062,1.0,-0.260141714286,-0.341900538775,1.308
0.411549497294,0.281906042758,-0.126861592085,-1.75695854095,0.0516282229888,2.03158803957,0.0919350183005,-0.316095789952,-1.10663358646,-0.00775539562955,-1.57622798075,-0.132503603076,0.471154692163,-0.333146791308,0.573569510299,0.819138665734,0.00325730815703,0.0,0.819110326383,-0.57350393605,-0.011500236912,0.0,-0.00755235507696,0.0092644583711,-0.99992856332,0.0,0.6053795438,0.187406793714,0.304206626293,1.0,-0.272658285714,-0.358350889796,1.324
0.405701594613,0.262415048969,-0.127119100084,-1.78455391363,0.0492456153367,2.0398868986,0.0858624594984,-0.349272176903,-1.15077812318,-0.0148569019515,-1.60904578347,-0.136087801415,0.477241846899,-0.361143053382,0.573549067252,0.819152600588,0.00335131409456,0.0,0.819125461883,-0.573483194958,-0.0114564260271,0.0,-0.00746278254097,0.00931614853222,-0.999928755589,0.0,0.60069134967,0.181213371735,0.304270902632,1.0,-0.285957142857,-0.375829387755,1.341
0.399311996145,0.242398217106,-0.127414129491,-1.81282696202,0.0466657250672,2.04815998407,0.0795412099915,-0.382744471131,-1.19565640904,-0.0147398879514,-1.69710055547,-0.152371681292,0.473249749223,-0.380732272987,0.573675138431,0.819064713035,0.00325243096043,0.0,0.819036600078,-0.573609920219,-0.0114653416882,0.0,-0.0075253750228,0.00924141940195,-0.999928979927,0.0,0.595769877606,0.174662363775,0.304239528626,1.0,-0.299256,-0.393307885714,1.358
0.392545507453,0.221750989016,-0.127611200839,-1.84158951046,0.0440806709541,2.05639021258,0.0726940308826,-0.4077112407,-1.22146934627,-0.0140068108377,-1.72667831874,-0.160352934337,0.471506574152,-0.405547555148,0.573538962093,0.819159824255,0.00331484375767,0.0,0.819131842647,-0.57347273971,-0.0115233707276,0.0,-0.00753865495112,0.00932457568923,-0.999928107901,0.0,0.590597654033,0.167992716386,0.304250634564,1.0,-0.312554857143,-0.410786383673,1.375
0.385187336384,0.200464605079,-0.12788896714,-1.87083957345,0.0412533884565,2.06442494645,0.0654362609872,-0.445271613405,-1.25255940126,-0.0210873214468,-1.72299043331,-0.163942737079,0.449650486692,-0.440660189997,0.573455792651,0.819218212674,0.00327426299525,0.0,0.81918979381,-0.573389814658,-0.0115303541033,0.0,-0.00756859274687,0.00929457012908,-0.999928161105,0.0,0.58520752492,0.16094741055,0.304287072538,1.0,-0.325853714286,-0.428264881633,1.392
0.377158447827,0.178575661536,-0.128281140543,-1.90055097569,0.0383953863655,2.07241054177,0.0577042852172,-0.496741096873,-1.28823071995,-0.0260459345495,-1.72799637311,-0.171634179691,0.473841485761,-0.461979442494,0.573543282023,0.819156643584,0.00335318053449,0.0,0.819128936957,-0.573476667054,-0.0115344651144,0.0,-0.00752570782488,0.00936238243959,-0.999927852156,0.0,0.579630321869,0.153519452389,0.304338920193,1.0,-0.339152571429,-0.445743379592,1.409
