position_joint1,position_joint2,position_joint3,position_joint4,position_joint5,position_joint6,position_joint7,velocity_joint1,velocity_joint2,velocity_joint3,velocity_joint4,velocity_joint5,velocity_joint6,velocity_joint7,ee_T_00,ee_T_10,ee_T_20,ee_T_30,ee_T_01,ee_T_11,ee_T_21,ee_T_31,ee_T_02,ee_T_12,ee_T_22,ee_T_32,ee_T_03,ee_T_13,ee_T_23,ee_T_33,v_x,v_y,time
0.46506945857,0.547821157083,-0.123893036997,-1.35586286835,0.0795251397308,1.89409731511,0.159178314824,-7.88386030175e-05,-0.00145877081628,-0.000470793050627,-0.00136445060437,-8.98734979052e-05,7.70704605869e-05,0.000962616055418,0.573766497764,0.819004926804,0.00191906636796,0.0,0.818960610757,-0.573707315819,-0.0120075270584,0.0,-0.00873340954993,0.00846131941852,-0.999926064082,0.0,0.661646274844,0.260942704903,0.30316845487,1.0,0.0,0.0,0.0
0.46506766817,0.547831072661,-0.123890783136,-1.35586191468,0.0795206806023,1.89409948965,0.159171296268,0.00349224862311,0.00100104681914,0.001716545608,-0.00091984828255,-0.00046743864637,0.000384525506841,-0.00185854610125,0.573759439937,0.819009889933,0.0019110669343,0.0,0.818965501469,-0.573700324146,-0.0120080131191,0.0,-0.00873847002598,0.00845497155659,-0.999926073566,0.0,0.661646863002,0.260942230773,0.30316199051,1.0,-4e-05,-5.25714285714e-05,0.003
0.465069222357,0.547828490092,-0.123890256922,-1.35585761532,0.0795254892702,1.8940977961,0.159174788369,-0.000374971458868,0.000488593541905,0.000781318894685,0.0012474912263,5.79085579017e-05,5.59906858369e-05,-0.00199959775785,0.573761683041,0.819008301725,0.00191824948335,0.0,0.818963962929,-0.573702493487,-0.0120093001921,0.0,-0.00873538022663,0.00846161640146,-0.999926044355,0.0,0.661646783934,0.260944773524,0.303165710656,1.0,-0.00038,-0.000499428571429,0.02
0.4650629767,0.547814796605,-0.123900864736,-1.35586918287,0.0795211703357,1.89409638699,0.1591764072,-0.00111498684635,0.00043855134448,-0.00230262206619,0.000647057789993,-0.000311325121477,-0.00429872594996,0.000550234066066,0.573774988121,0.818998989116,0.00191461076792,0.0,0.818954684535,-0.573715891637,-0.0120019691201,0.0,-0.00873132605798,0.00845457192346,-0.999926139352,0.0,0.661648522792,0.260932513702,0.303170126353,1.0,-0.0007,-0.00092,0.036
0.465063029751,0.547768390581,-0.123893347847,-1.35591432357,0.079522532231,1.89410448986,0.15917291097,-0.000292839454501,-0.00428765759825,0.000580703462171,-0.00506985603237,5.95059163974e-05,0.00520083802839,-0.00130096659654,0.5737696283,0.81900271383,0.0019275062386,0.0,0.818958490353,-0.573710392775,-0.0120051323511,0.0,-0.00872657362779,0.00846689093997,-0.999926076603,0.0,0.661639202629,0.260932923979,0.303181974127,1.0,-0.00104,-0.00136685714286,0.053
0.465062676408,0.547654259937,-0.123897987328,-1.35605372353,0.0795189332525,1.89412984828,0.159173150016,-0.0010112470165,-0.00688738263214,-0.00113377954158,-0.0122931861086,2.42394672073e-05,0.00140882546625,0.000773681700673,0.57377998209,0.818995452888,0.00193059640201,0.0,0.818951215511,-0.573720679421,-0.0120098092366,0.0,-0.00872852412655,0.00847221551519,-0.999926014478,0.0,0.661616679113,0.26091609746,0.303198826572,1.0,-0.00136,-0.00178742857143,0.069
0.465055626216,0.547524679194,-0.123890563824,-1.35623872117,0.0795184141134,1.89416939651,0.159168332316,0.000547140251548,-0.0110950574079,0.00112765995313,-0.0164626764894,-0.000368569276019,0.00614014575788,0.00105185927306,0.573786623591,0.818990810743,0.00192598199267,0.0,0.818946336991,-0.573727169081,-0.0120324348634,0.0,-0.0087496338452,0.0084814893668,-0.999925751366,0.0,0.661585735208,0.260898070983,0.303205757922,1.0,-0.00168,-0.002208,0.085
0.465034320312,0.547359549266,-0.123893622645,-1.35644841168,0.0795169408143,1.89428445306,0.159156428996,-0.000322692016696,-0.00852210493667,-0.000516615969076,-0.0142620348378,0.000485091693208,0.0103733123226,0.000877465631688,0.573813518617,0.818971814113,0.00199008589022,0.0,0.818928168238,-0.573753777852,-0.0120001903303,0.0,-0.00868616558233,0.00851577278522,-0.999926013334,0.0,0.661569235592,0.260865450002,0.303233936134,1.0,-0.00204,-0.00268114285714,0.103
0.465011221061,0.547149994807,-0.123893615324,-1.3566928785,0.0795111555481,1.89442178427,0.159141410559,-0.00313430393191,-0.0108787478305,-0.000883678760985,-0.016291957697,8.38252747467e-05,0.00895920778403,-0.000572854023884,0.573827023979,0.818962123179,0.00208188651701,0.0,0.818919646505,-0.573766868875,-0.01195573717,0.0,-0.00859694390654,0.00856558776444,-0.999926358919,0.0,0.661554535311,0.260833939982,0.30327700603,1.0,-0.00238,-0.003128,0.12
0.464979944085,0.546945467767,-0.123888085812,-1.35697609787,0.07950788952,1.89453971237,0.159125236839,-0.00134090310356,-0.0105100853767,0.00128375849423,-0.0203662791868,-6.58126385041e-05,0.0116823790063,0.0014570638634,0.573850563621,0.818945520816,0.0021240214902,0.0,0.818903463222,-0.573790101465,-0.011949237857,0.0,-0.00856719725892,0.00859661094479,-0.999926347993,0.0,0.661525565516,0.260793004046,0.303297119577,1.0,-0.0027,-0.00354857142857,0.136
0.464949634754,0.546695906145,-0.12389580466,-1.35735343148,0.0794990289181,1.89467948266,0.159034542836,-0.00249209974257,-0.0133053465701,-0.00106812292736,-0.0185529503633,-0.00063846106085,0.00787780869026,-0.0139378626426,0.573825262097,0.818963206485,0.00214053852375,0.0,0.818921273079,-0.573764643668,-0.0119511119761,0.0,-0.00855952045895,0.00861094828241,-0.999926290373,0.0,0.661483631373,0.260735031801,0.303306646927,1.0,-0.00304,-0.00399542857143,0.153
0.464908647182,0.546405625175,-0.123896543841,-1.35778007656,0.0794871943942,1.89483387073,0.158948618528,-0.000706976799984,-0.0150317295636,-0.000344700385804,-0.0250760097121,-0.000658642765639,0.00581217412801,-9.05319077395e-05,0.573809651208,0.818974082292,0.00216416628704,0.0,0.818932328279,-0.573748808126,-0.0119538183852,0.0,-0.00854834419625,0.00863168828119,-0.999926207162,0.0,0.661435692647,0.260669230334,0.303322557881,1.0,-0.00338,-0.00444228571429,0.17
0.464867528419,0.546135417975,-0.123893385335,-1.35824050263,0.0794754607538,1.89499763227,0.158934896029,-0.00110184526079,-0.0141702522012,0.00170201667339,-0.0313938190455,0.000214678489126,0.0147749982538,-0.000768094092255,0.573852514265,0.818944085994,0.00215006711397,0.0,0.818901975226,-0.573791549559,-0.0119816329436,0.0,-0.0085787622665,0.00863655067655,-0.99992590467,0.0,0.661380432575,0.260601971749,0.303308845113,1.0,-0.0037,-0.00486285714286,0.186
0.464808976953,0.54578612043,-0.123894075927,-1.35883316041,0.0794454899558,1.89519419106,0.158861247179,-0.00438115672396,-0.0123817322337,0.0004226821023,-0.0306321278903,-0.00502203740947,0.0150903869336,-0.0147906558894,0.57386570026,0.818934942603,0.00211299543053,0.0,0.818892257154,-0.57380479717,-0.0120113620924,0.0,-0.00862424325469,0.00862339034268,-0.999925627018,0.0,0.661309835761,0.260505570336,0.303291117475,1.0,-0.00406,-0.005336,0.204
0.464751804985,0.54544039977,-0.123894439072,-1.35942835569,0.0793518151522,1.89539627988,0.158748841713,-0.00291616933378,-0.0176025181541,0.000544440957966,-0.0332285900338,-0.00625346191729,0.00797166799875,-0.00745461709125,0.573829004155,0.818960839726,0.00204056057843,0.0,0.81891769572,-0.573768893922,-0.0119921184742,0.0,-0.00865043177729,0.00855264123348,-0.999926008442,0.0,0.661242733176,0.260399986553,0.303269974806,1.0,-0.00438,-0.00575657142857,0.22
0.464696045576,0.545056986208,-0.123903044114,-1.36008384216,0.0793277715964,1.89559683106,0.158715831148,-0.00378622563567,-0.0243119213117,-0.000101797421687,-0.0381640599413,-0.000632245155189,0.0192115854345,-0.00247847383124,0.573882751451,0.818923302767,0.00198964149298,0.0,0.81887931591,-0.573822675466,-0.0120395181291,0.0,-0.00871790839201,0.0085387124514,-0.999925541459,0.0,0.661156940984,0.260289244155,0.30324832378,1.0,-0.00472,-0.00620342857143,0.237
0.464619322697,0.544581503536,-0.123902910472,-1.36088369463,0.0793038964373,1.89588266413,0.158572988014,-0.00356827897321,-0.0215765278591,-0.00100532897438,-0.0385352503363,-0.005284287779,0.0110041510276,-0.00212269850274,0.57386764141,0.818933948321,0.00196604482374,0.0,0.818889412379,-0.573807434006,-0.0120791503732,0.0,-0.00876406390745,0.00854197128477,-0.999925110151,0.0,0.661066894058,0.260171263005,0.30322768254,1.0,-0.00508,-0.00667657142857,0.255
0.464556220659,0.544129702295,-0.123905774229,-1.36162624158,0.0792747895915,1.89614912923,0.158515554807,-0.00863734927149,-0.030476755927,0.000122809026141,-0.0472072017559,-7.7031207999e-05,0.0187253109147,-0.00799561910718,0.573907914685,0.818905758476,0.00195220327552,0.0,0.818860893014,-0.573847618074,-0.0121035541819,0.0,-0.00879157228296,0.00854507297749,-0.999924842168,0.0,0.660979803943,0.260059056069,0.303217178014,1.0,-0.0054,-0.00709714285714,0.271
0.464482359265,0.543653534626,-0.12390059938,-1.36241300384,0.079238599368,1.89642021192,0.158384924956,-0.00720027630164,-0.0261461752933,0.000237265484181,-0.0492272108096,-0.00088824869144,0.00954103831781,-0.00814781598154,0.573891893255,0.818917048202,0.00192611580546,0.0,0.818871666317,-0.573831543998,-0.0121367259787,0.0,-0.00883387588625,0.00854257478001,-0.999924490676,0.0,0.660885345507,0.259938636866,0.303202948462,1.0,-0.00572,-0.00751771428571,0.287
0.464404910211,0.543099849522,-0.123909329216,-1.36327326516,0.0791844633741,1.8967264455,0.158315717082,-0.00619044974886,-0.0368631325863,-0.000371214924133,-0.0492975300699,-0.00738047703162,0.0186877261866,-0.00336941240443,0.573938106775,0.818884669411,0.00192215927075,0.0,0.818839281452,-0.573877813413,-0.0121339739553,0.0,-0.00883341076221,0.00853825394349,-0.999924531689,0.0,0.660788031304,0.259799580454,0.303211993389,1.0,-0.00606,-0.00796457142857,0.304
0.464337403763,0.54251632382,-0.123908925724,-1.36417631163,0.0791341096953,1.8970550839,0.158170133041,-0.00201687073467,-0.0354297434464,0.000525518844936,-0.0514433843461,-0.00312548513754,0.0215775921265,-0.0110198524395,0.573910618854,0.818903909682,0.00193266025347,0.0,0.818858600449,-0.573850225616,-0.0121349879095,0.0,-0.00882850149654,0.00854713845012,-0.999924499143,0.0,0.660681091778,0.259669838984,0.303223362936,1.0,-0.0064,-0.00841142857143,0.321
0.464247680671,0.541959430801,-0.123907248631,-1.36505496198,0.0790872865236,1.89738569904,0.158055274335,-0.00803868951782,-0.0373947876694,-2.3940561718e-05,-0.0557880738323,-0.001408826914,0.0271163475122,-0.00357509301095,0.573925221024,0.818893650704,0.00194329872073,0.0,0.818848414995,-0.573864715118,-0.0121370879694,0.0,-0.00882396359807,0.00855721272562,-0.999924453035,0.0,0.660584608348,0.259529414384,0.303227574073,1.0,-0.00672,-0.008832,0.337
0.464165642792,0.541317600553,-0.123912828634,-1.36605227947,0.0790246157326,1.89775358413,0.15791874219,-0.00241847351108,-0.0328012553068,-0.000158965157785,-0.0633928912094,-0.00197046171511,0.0240077427127,-0.0115752621168,0.573923097001,0.818895121142,0.00195094844408,0.0,0.818850026542,-0.573862597317,-0.0121284926443,0.0,-0.00881255678089,0.00855852102364,-0.999924542434,0.0,0.660470820168,0.259376866257,0.30323873064,1.0,-0.00706,-0.00927885714286,0.354
0.464080426289,0.540614731185,-0.123912799928,-1.36711686883,0.0789607928624,1.89814172277,0.157796668078,-0.00222407810436,-0.043579510307,-0.000106704019485,-0.0634666255154,-0.00645586097134,0.0217529319749,-0.00239326355526,0.573933323325,0.818887897227,0.00197460189486,0.0,0.818843068857,-0.573872676022,-0.0121213531295,0.0,-0.0087930285953,0.00857390263433,-0.999924582577,0.0,0.660338760668,0.259209495274,0.303262356071,1.0,-0.00742,-0.009752,0.372
0.463966743666,0.539834957964,-0.123911122855,-1.36829267917,0.0788928354259,1.89859304517,0.157644693467,-0.00977161446992,-0.0421519872431,0.00163511555829,-0.0652814059165,-0.00362851372744,0.0257265029628,-0.0129152387946,0.573949216321,0.818876640709,0.00202269313387,0.0,0.818832451833,-0.573888367155,-0.0120956508785,0.0,-0.0087442142519,0.00859870167235,-0.999924797696,0.0,0.660218275889,0.259035703132,0.303292970352,1.0,-0.00776,-0.0101988571429,0.389
0.463882547646,0.539128462279,-0.123924366361,-1.36939440701,0.0788306561151,1.89900479951,0.157508546463,-0.00641688058746,-0.0464644169432,-0.00138077362533,-0.0715146019253,0.000178476886256,0.024459299264,-0.00777668802575,0.573960276006,0.818868857693,0.00203528100294,0.0,0.818824857355,-0.573899394476,-0.0120865585855,0.0,-0.0087294279557,0.0086039088305,-0.999924882099,0.0,0.660092504087,0.258868821514,0.303303876444,1.0,-0.00808,-0.0106194285714,0.405
0.463777555893,0.538360217045,-0.123922519362,-1.37058000774,0.0787633688661,1.8994708964,0.157360667456,-0.0019490065561,-0.0506887643516,-0.000274370222677,-0.0662651803778,-0.00040373900445,0.0254703558526,-0.0118782520806,0.573971488135,0.818860890998,0.00207819710625,0.0,0.818817435984,-0.573910405114,-0.012066496287,0.0,-0.00868825023338,0.00862765496552,-0.999925036129,0.0,0.659961783277,0.258690690674,0.303322580189,1.0,-0.00842,-0.0110662857143,0.422
0.463665362953,0.537570697682,-0.12392637659,-1.37184208089,0.0786909269367,1.89995021686,0.157209239826,-0.00922882503916,-0.0469064528121,-0.000561782418768,-0.0726263236468,-0.004248866128,0.0240518722911,-0.0127054651955,0.573992376682,0.81884623565,0.00208345252289,0.0,0.818802838095,-0.573931257383,-0.0120652819345,0.0,-0.00868401936227,0.00863148287451,-0.999925039846,0.0,0.65981973456,0.258495775305,0.303321113838,1.0,-0.00876,-0.0115131428571,0.439
0.463568528931,0.536780859173,-0.123932038794,-1.37305682788,0.0786166723341,1.90039854655,0.157062636725,-0.0060407954888,-0.048953373942,-0.00116410375458,-0.0790851195453,-0.00600920133296,0.0301082012076,-0.00658864374947,0.574002548993,0.818839059254,0.0021013545904,0.0,0.81879592166,-0.573941378018,-0.0120532225576,0.0,-0.00866376187495,0.00863932737402,-0.999925147825,0.0,0.659678758164,0.258313194079,0.303339610477,1.0,-0.00908,-0.0119337142857,0.455
0.463451595102,0.535921110918,-0.123934899759,-1.37440672777,0.0785524894885,1.90091022473,0.156890070092,-0.0114958389204,-0.0572014403201,0.00021333670464,-0.0821179629969,-0.00697839392528,0.0285789997076,-0.00782263854317,0.574016132768,0.818829469577,0.00212743389627,0.0,0.818786533967,-0.573954710672,-0.012056068736,0.0,-0.00865098022003,0.00866245895756,-0.999925058365,0.0,0.659524615502,0.258109782381,0.303348419163,1.0,-0.00942,-0.0123805714286,0.472
0.463337321577,0.535021766253,-0.123940467952,-1.37582308475,0.0784604106051,1.9014195558,0.156719973884,-0.00550216061174,-0.053146099661,0.000690803239835,-0.0850749170092,-0.00413928273018,0.0359810900374,-0.0138141972483,0.574020210671,0.818826631494,0.00211948080641,0.0,0.818783573837,-0.5739588037,-0.0120622457107,0.0,-0.00866056009809,0.0086595356163,-0.999925000758,0.0,0.659343908455,0.257885584695,0.303355235423,1.0,-0.00978,-0.0128537142857,0.49
0.463218019745,0.534133357306,-0.123942997352,-1.37729687383,0.0783821627929,1.90194279542,0.156537762595,-0.0117940681438,-0.0528232631229,-0.000962130437579,-0.0888657191429,-0.00476659798093,0.0284708692228,-0.0110654332579,0.574037261334,0.818814812409,0.0020669981242,0.0,0.818770986992,-0.573975995941,-0.0120985058994,0.0,-0.00872019642228,0.00863755758672,-0.99992467255,0.0,0.659177493294,0.257673989944,0.303323920138,1.0,-0.0101,-0.0132742857143,0.506
0.463089850526,0.533220280182,-0.123936103372,-1.37877933929,0.0783121928522,1.90250178334,0.156348816021,-0.00869399639913,-0.0529779360669,0.000826859445953,-0.0869988256886,-0.00210092985373,0.0295869812423,-0.0155203974551,0.574045126737,0.818809293947,0.002068699352,0.0,0.818765268017,-0.573983632346,-0.0121232252128,0.0,-0.00873937816868,0.00865322413451,-0.999924369631,0.0,0.659003302567,0.257456125921,0.303310532129,1.0,-0.01044,-0.0137211428571,0.523
0.46296021965,0.532318598788,-0.123944243479,-1.38024872317,0.0782182126143,1.9030615977,0.156162142565,-0.00476737022847,-0.050348812068,-0.00121059851209,-0.0916313679687,-0.008341508315,0.0340277173242,-0.0171974081622,0.574059303443,0.81879938961,0.00205489799188,0.0,0.81875526964,-0.573997952916,-0.012120453247,0.0,-0.00874488084567,0.00864048386388,-0.999924431694,0.0,0.658836779185,0.257226175758,0.303295670519,1.0,-0.01076,-0.0141417142857,0.539
0.46281932563,0.531320042722,-0.123941325293,-1.38184404047,0.078117719617,1.90363763756,0.155953560096,-0.00944116401736,-0.061536532807,-0.00462887392796,-0.0961942757242,-0.0107754547166,0.0359173557271,-0.00976139215384,0.574061672976,0.81879777735,0.00203527108826,0.0,0.818753375652,-0.574000383303,-0.0121332900986,0.0,-0.00876663336473,0.00863180807562,-0.99992431615,0.0,0.658646999238,0.256981643337,0.303289992718,1.0,-0.0111,-0.0145885714286,0.556
0.462683899369,0.530280376479,-0.123946612084,-1.38349172879,0.078017469485,1.90421296021,0.155749387313,-0.00537700529186,-0.066214282453,-0.0020749456808,-0.0971448448994,-0.0113741035214,0.0312396348783,-0.0103955427088,0.574071544491,0.818790927779,0.00200631320141,0.0,0.818746101665,-0.574010336395,-0.0121532556257,0.0,-0.00879950035129,0.00861966529528,-0.999924132204,0.0,0.65844592672,0.25673029442,0.303288330291,1.0,-0.01144,-0.0150354285714,0.573
0.462537971503,0.52923143264,-0.123947677034,-1.3851428217,0.0779188754077,1.90482586038,0.155519483201,-0.00840996604929,-0.0647099703697,0.00121237302702,-0.0957453871542,-0.00340287478785,0.0414289927337,-0.0154987557052,0.574066656269,0.818794332762,0.00201536547404,0.0,0.818749597309,-0.574005381525,-0.0121517812708,0.0,-0.00879314830501,0.00862617819279,-0.999924131918,0.0,0.658252979471,0.256477032705,0.303294463729,1.0,-0.01178,-0.0154822857143,0.59
0.462408739151,0.528196208075,-0.123953379422,-1.38675062936,0.0778169421216,1.90544692162,0.155293839768,-0.00837687284365,-0.0651230153109,-0.00193165377143,-0.103589447907,-0.00615198993541,0.0373115974353,-0.00915266636769,0.574051546581,0.81880483634,0.00205152508048,0.0,0.818760664552,-0.573990204151,-0.0121229791121,0.0,-0.00874896707277,0.00863908927593,-0.999924407999,0.0,0.658067930854,0.256237056592,0.303312134346,1.0,-0.0121,-0.0159028571429,0.606
0.462263570965,0.527043690514,-0.12395101577,-1.38850322322,0.0777034804744,1.9061194779,0.155043297713,-0.00615721045619,-0.0667576474374,0.000367276397575,-0.103991581665,-0.00582748622093,0.0319499633796,-0.0202437208179,0.574027843846,0.818821306513,0.00210935811148,0.0,0.818777966234,-0.573966328994,-0.0120847876141,0.0,-0.00868474825964,0.00866426733603,-0.999924749978,0.0,0.657864734417,0.255977304427,0.303347374536,1.0,-0.01244,-0.0163497142857,0.623
0.462113800709,0.525875293885,-0.123951967896,-1.3903151794,0.0775938862644,1.90679021836,0.154804009351,-0.00742268066749,-0.0726083272077,0.000915251943448,-0.11004888507,-0.0100840977798,0.0357673005372,-0.0189459093749,0.574023390192,0.818824369629,0.00213216213601,0.0,0.818781308654,-0.573961759636,-0.0120753457674,0.0,-0.00866397466295,0.00867747248734,-0.999924815681,0.0,0.65764883392,0.255706297929,0.303365207647,1.0,-0.01278,-0.0167965714286,0.64
0.461954258068,0.524719453205,-0.123960107063,-1.3921638347,0.0774698238056,1.90744912141,0.154555469755,-0.0102160793772,-0.0650821224725,-0.000293789581193,-0.10994710843,-0.00788861125977,0.032288129515,-0.0160955783464,0.574022108686,0.818825364759,0.00209467604567,0.0,0.818781890123,-0.57396071494,-0.0120855704568,0.0,-0.00869387726091,0.00865263404015,-0.999924771381,0.0,0.657425953654,0.255417084922,0.303355644916,1.0,-0.01312,-0.0172434285714,0.657
0.461803614966,0.523508709227,-0.123960597752,-1.39407498329,0.0773625969741,1.90814434081,0.154298259829,-0.00433647717987,-0.0719368863179,-0.00202850597126,-0.109974081811,-0.00869104415678,0.0453643790414,-0.0166622358353,0.574008849459,0.818834659556,0.00209474437492,0.0,0.818791059369,-0.573947331296,-0.0120999544053,0.0,-0.00870575671515,0.00866080561988,-0.99992459728,0.0,0.657191536863,0.255136672041,0.303357562011,1.0,-0.01346,-0.0176902857143,0.674
0.461648821586,0.522368850046,-0.12396087494,-1.39589891393,0.077247956126,1.9088533974,0.154051947386,-0.00730039221286,-0.0761740653104,-0.00016375241405,-0.113914536823,-0.00891370915825,0.0451391613882,-0.0166523405029,0.574001109494,0.818840043139,0.00211114975999,0.0,0.8187967141,-0.573939578226,-0.0120850497291,0.0,-0.00868421743677,0.00866560127891,-0.999924743029,0.0,0.656979365579,0.254862835023,0.303352044279,1.0,-0.01378,-0.0181108571429,0.69
0.461488775034,0.521121388141,-0.1239640699,-1.39789600258,0.0771297963651,1.90961884966,0.153781090828,-0.00763017325089,-0.0766172334079,0.000120532799701,-0.117406260423,-0.00659001123122,0.0385278526202,-0.0127805485506,0.573989784983,0.81884795965,0.0021195787475,0.0,0.818804733178,-0.573928211457,-0.0120815529012,0.0,-0.00867663595508,0.00867037599442,-0.999924767454,0.0,0.656726932732,0.25454791496,0.303343683353,1.0,-0.01414,-0.018584,0.708
0.461314725549,0.519825080575,-0.123967891027,-1.39994971093,0.0769969753743,1.91036549533,0.153501705675,-0.0110704693334,-0.0772611304158,-0.000895586205261,-0.124384554029,-0.00311689865274,0.0391092679654,-0.013293797445,0.573977578377,0.818856544828,0.00210841516186,0.0,0.818813204835,-0.573916086575,-0.0120833794939,0.0,-0.00868466821043,0.00866215384964,-0.999924768985,0.0,0.656492674056,0.254253977913,0.303342100554,1.0,-0.01446,-0.0190045714286,0.724
0.461150437616,0.51855122073,-0.123973625642,-1.40190235274,0.0768666539737,1.91105409187,0.153241037855,-0.0068132638473,-0.0753597444772,0.000144518905637,-0.127338671978,-0.00900228179651,0.0479268978657,-0.0157014686242,0.573970909596,0.818861213241,0.00211075555089,0.0,0.818817960067,-0.573909464724,-0.012075656195,0.0,-0.00867707095463,0.00865956664807,-0.999924857349,0.0,0.656252126614,0.25395349347,0.303366745726,1.0,-0.01478,-0.0194251428571,0.74
0.460963353516,0.517124767278,-0.123978568484,-1.404167126,0.0767256301459,1.91186291833,0.152912879106,-0.0104567440506,-0.0766339134816,8.5947741541e-05,-0.123543406232,-0.00940955827483,0.0451717332349,-0.0198117234529,0.573940612543,0.818882519266,0.00208322231049,0.0,0.818838869164,-0.573879252919,-0.0120936477439,0.0,-0.00870792632301,0.00864702547699,-0.99992469765,0.0,0.655971155598,0.253609935068,0.303359973809,1.0,-0.01514,-0.0198982857143,0.758
0.460781026787,0.51577364247,-0.123985225722,-1.4063369966,0.0765858396687,1.91268820344,0.152632189693,-0.0171489073732,-0.0801133755237,-0.000909450406571,-0.124486892969,-0.00823733056152,0.0567568152764,-0.0272340139524,0.573941814161,0.818881684229,0.00208040711683,0.0,0.818838090425,-0.57388055895,-0.012084396129,0.0,-0.00870195299551,0.00863942316383,-0.999924815364,0.0,0.655712253097,0.253280101766,0.303346593979,1.0,-0.01548,-0.0203451428571,0.775
0.460607807529,0.514454179808,-0.123983247726,-1.40842656008,0.0764583339992,1.9134559398,0.152340703703,-0.0109020362853,-0.0849672125178,0.000592263692617,-0.137091906407,-0.0083758265064,0.0436167646463,-0.0207992648107,0.573919157061,0.818897569255,0.00207825135123,0.0,0.818853890571,-0.573857857751,-0.0120918110551,0.0,-0.00870950149751,0.0086416725916,-0.999924730206,0.0,0.655454362316,0.252968548329,0.303343555687,1.0,-0.0158,-0.0207657142857,0.791
0.460410508511,0.513052553063,-0.123986328538,-1.41070884984,0.0763276142702,1.91423656346,0.152030662574,-0.0138600578201,-0.0900281552716,0.000587110370815,-0.136806635411,-0.0128142329334,0.0505806823417,-0.0198491028191,0.573913299302,0.818901874436,0.00199795642798,0.0,0.818856927119,-0.573852136885,-0.0121574998765,0.0,-0.0088094374807,0.00861355716419,-0.999924097342,0.0,0.655161958503,0.252616936732,0.303307300633,1.0,-0.01614,-0.0212125714286,0.808
0.460215870467,0.511629332385,-0.1239924051,-1.41300165636,0.0761915207383,1.91508412517,0.151708375369,-0.0104776547979,-0.0816728585616,3.21569110107e-05,-0.135593712473,-0.00569434668166,0.0536885721531,-0.0225437407082,0.573896470004,0.818913715919,0.00197850914122,0.0,0.818868454222,-0.573835337897,-0.0121740117209,0.0,-0.00883429680197,0.00860692678454,-0.999923935113,0.0,0.654880402616,0.252268035782,0.303286599882,1.0,-0.01648,-0.0216594285714,0.825
0.460029764343,0.510242417334,-0.123992514647,-1.41518629821,0.0760575543079,1.91591357219,0.151401515527,-0.0115022312102,-0.0862178994717,0.000218770424032,-0.141129765769,-0.0091743144709,0.0525351574957,-0.02817957253,0.573875638088,0.818928253362,0.00200368558865,0.0,0.81888331863,-0.573814394041,-0.0121613553225,0.0,-0.00880970345496,0.00862005621283,-0.999924038993,0.0,0.654615589255,0.251939729314,0.303289699507,1.0,-0.0168,-0.02208,0.841
0.45981149202,0.508650752878,-0.123995647945,-1.41769330546,0.0758853651043,1.91681607423,0.151054682413,-0.00846852677471,-0.0904328038508,-0.00451944343786,-0.142941127955,-0.0143728060437,0.0428055703775,-0.0228784811679,0.573856083737,0.818942008759,0.00198200632479,0.0,0.818896889876,-0.573795035786,-0.0121609029392,0.0,-0.0088219787417,0.0086018325624,-0.999924087702,0.0,0.654303667097,0.251552003317,0.303288564862,1.0,-0.01716,-0.0225531428571,0.859
0.459610828089,0.507203229608,-0.123996716016,-1.41994446537,0.0757458049539,1.91763168956,0.150736328573,-0.0099267889071,-0.0945790809386,0.0014116775975,-0.138102703664,-0.00307462136254,0.057810954626,-0.0110793067593,0.573839294161,0.818953749949,0.00199168849073,0.0,0.818908712656,-0.573778161274,-0.0121609572591,0.0,-0.00881664393802,0.00860961194957,-0.999924067803,0.0,0.654024146276,0.251204881568,0.303300242788,1.0,-0.01748,-0.0229737142857,0.875
0.459386093186,0.505628384248,-0.124010069245,-1.42240050965,0.0755909572364,1.91856347054,0.1504049126,-0.0140869243274,-0.0988653162675,-0.000277250532538,-0.147968161853,-0.0102955333407,0.0637233151246,-0.0206456559309,0.573846637717,0.818948515799,0.00202774586955,0.0,0.818904050345,-0.573785442671,-0.012131323473,0.0,-0.00877160717208,0.008622214496,-0.999924355301,0.0,0.65373080344,0.250817646467,0.303313376197,1.0,-0.01782,-0.0234205714286,0.892
0.459170213539,0.503975438206,-0.124014101543,-1.42487502681,0.075439738451,1.9195090288,0.150046117362,-0.0144247824842,-0.0993196966654,-0.00113011035539,-0.148653950604,-0.00675136526575,0.0586119478681,-0.0237942313254,0.573819118594,0.818967531059,0.00213286386226,0.0,0.818924477519,-0.573757509439,-0.0120734163991,0.0,-0.00866415617405,0.00867477859691,-0.999924837482,0.0,0.653432279257,0.25044207321,0.303372499029,1.0,-0.01816,-0.0238674285714,0.909
0.458937047418,0.502280347158,-0.124019748552,-1.42736937945,0.0752771383153,1.92044284553,0.149715171382,-0.015165109078,-0.103529288798,-0.00091616797394,-0.150094401139,-0.00934646606525,0.0514500224541,-0.0239460247184,0.573826864124,0.818961811667,0.00224230721813,0.0,0.818920304084,-0.573764912649,-0.0120044771892,0.0,-0.008544815696,0.00872493039178,-0.999925428077,0.0,0.653131972979,0.250049973598,0.303449930569,1.0,-0.0185,-0.0243142857143,0.926
0.458719170443,0.500674838126,-0.124015887769,-1.42980114111,0.0751276963286,1.92129698162,0.149368496398,-0.0142264145981,-0.0998901301036,0.000980488205269,-0.156211911442,-0.0133229392644,0.0580911799357,-0.0173740393119,0.573802132566,0.818979063591,0.00227001407695,0.0,0.818937798887,-0.573739948574,-0.0120041603712,0.0,-0.00852892246845,0.00874718156266,-0.999925369363,0.0,0.65282069003,0.249676559384,0.303486873356,1.0,-0.01882,-0.0247348571429,0.942
0.458472991019,0.498963368416,-0.124019449953,-1.43241333932,0.0749566646477,1.92225517873,0.149001176871,-0.0172227132615,-0.104940478952,0.000374158310694,-0.151269882061,-0.00692943846215,0.0597693811506,-0.0203450272458,0.573792010072,0.818986034298,0.00231337501397,0.0,0.818945396718,-0.573729713365,-0.0119749779691,0.0,-0.00848025100513,0.00876584326767,-0.999925619901,0.0,0.652498282764,0.249263970039,0.303520493004,1.0,-0.01916,-0.0251817142857,0.959
0.45819918798,0.497195755852,-0.124021487764,-1.43520835599,0.0747827534961,1.92329001365,0.148575331599,-0.01383257399,-0.103373105692,0.000697211836326,-0.15361599415,-0.0130438297238,0.0567268947822,-0.018666606342,0.573763783065,0.819005797866,0.00231758627039,0.0,0.818965183106,-0.573701439685,-0.011976387761,0.0,-0.00847929168644,0.00876980885948,-0.999925593264,0.0,0.652153928055,0.248818143658,0.303512286452,1.0,-0.01952,-0.0256548571429,0.977
0.457952391795,0.495616402053,-0.124024785058,-1.4377586925,0.0746265127985,1.92416263478,0.148199315161,-0.0136989104135,-0.0995369282965,-0.00030370818605,-0.156835377642,-0.00853118498332,0.0562279926151,-0.0253610872552,0.573746634252,0.819018039725,0.00223543978788,0.0,0.818976180163,-0.573684454025,-0.0120378750881,0.0,-0.00857696493601,0.00873763048025,-0.999925041934,0.0,0.651822726319,0.248407840285,0.303474725077,1.0,-0.01984,-0.0260754285714,0.993
0.457682066883,0.494016171732,-0.12402818398,-1.44035322498,0.074462010221,1.92508837229,0.147841432083,-0.0203318502992,-0.103188289361,-0.00325320420532,-0.167402620943,-0.0135371287489,0.06309161194,-0.0241220554456,0.573770394899,0.819001609589,0.00215507072211,0.0,0.818958625558,-0.573708475834,-0.0120872363283,0.0,-0.00866325046352,0.00870037962718,-0.999924622902,0.0,0.651472776285,0.247947042139,0.303424235928,1.0,-0.0229422857143,-0.0301527183673,1.01
0.457360591953,0.491625558772,-0.124094765844,-1.44409775415,0.0742459602097,1.92648495454,0.147299673994,-0.0150038597456,-0.135294418129,-0.00197313730498,-0.220724875715,-0.0104716649241,0.0803984622174,-0.0294330820552,0.573760652407,0.819008310032,0.00220198748838,0.0,0.818966060458,-0.573698658166,-0.0120494123563,0.0,-0.00860545726519,0.00871699954249,-0.999924977198,0.0,0.65103508997,0.247378587923,0.303439401416,1.0,-0.0288668571429,-0.0379392979592,1.028
0.457018740018,0.489376346077,-0.124090251679,-1.44774536209,0.0740514990478,1.9277914215,0.146765775437,-0.0232057144761,-0.160244002916,0.000992943516319,-0.260934114232,-0.0175899231914,0.0876679433459,-0.0430960240684,0.573729951497,0.819029976744,0.00214169340258,0.0,0.81898646551,-0.573667742111,-0.0121341614186,0.0,-0.00870978921635,0.00871591756055,-0.999924083295,0.0,0.650560451655,0.246813359491,0.303380803732,1.0,-0.033804,-0.0444281142857,1.043
0.456533966709,0.48629485216,-0.124131345422,-1.45255967116,0.0737558729296,1.92961248616,0.146070893355,-0.0310452820681,-0.193434429908,-0.00249341924504,-0.297227183229,-0.0181544062078,0.113190339664,-0.0402557809392,0.573746639556,0.819018114226,0.00220659674227,0.0,0.818975589028,-0.573684287494,-0.0120859323065,0.0,-0.00863287381601,0.008741580216,-0.999924526284,0.0,0.649973681872,0.246019953202,0.303389571466,1.0,-0.0393994285714,-0.0517821061224,1.06
0.455950045051,0.482521261029,-0.124209564956,-1.45842115749,0.0733986063028,1.93169132842,0.14516434988,-0.0387566930825,-0.217430242906,-0.00905670273061,-0.339699081092,-0.0208861300068,0.112171529152,-0.0554772687393,0.573730287763,0.819029613045,0.00219015087203,0.0,0.818986901352,-0.5736680366,-0.0120907443374,0.0,-0.00864642457593,0.00873069919715,-0.999924504267,0.0,0.649231207206,0.245033781779,0.303401212119,1.0,-0.045324,-0.0595686857143,1.078
0.455336431007,0.478726882444,-0.124277767774,-1.46436783988,0.0730442596543,1.93379771425,0.144283387412,-0.0396816812795,-0.247795856724,-0.000786498720295,-0.378220286753,-0.0242327717043,0.144332971534,-0.0589506554956,0.573754806155,0.819012547054,0.00214874002351,0.0,0.81896917148,-0.573692606567,-0.0121258499723,0.0,-0.00869867448255,0.00871718436995,-0.999924169004,0.0,0.648472550337,0.244027465347,0.30338557911,1.0,-0.0505902857143,-0.0664900897959,1.094
0.454608425949,0.474203027978,-0.124343545175,-1.47129756289,0.0726232023988,1.93633670008,0.14329509553,-0.0423553986538,-0.271376681611,-0.000575735317477,-0.422919948933,-0.0277690534656,0.150512937609,-0.0579053666962,0.573810350172,0.818973343386,0.00225649289613,0.0,0.818931413849,-0.573747721626,-0.0120680670183,0.0,-0.00858893289971,0.00877286358423,-0.999924630708,0.0,0.647600732169,0.242861000914,0.303440417646,1.0,-0.0561857142857,-0.0738440816326,1.111
0.453780334128,0.469248467705,-0.124391861458,-1.47886102076,0.0721700348386,1.93908058941,0.142129372279,-0.0553200880767,-0.305523472642,-0.00600821007856,-0.454841161292,-0.0289060884615,0.181187065184,-0.081572319698,0.573807901511,0.818974715945,0.00237775264793,0.0,0.818934189365,-0.573744583135,-0.0120288699646,0.0,-0.00848728106706,0.00884965395244,-0.999924822017,0.0,0.646637009225,0.241580740335,0.303503390407,1.0,-0.0617811428571,-0.0811980734694,1.128
0.452987501565,0.464482207589,-0.124424214283,-1.48607293879,0.0716908490408,1.94172042358,0.140969393274,-0.0548360107692,-0.327527441708,-0.00432148213102,-0.49947450267,-0.0239364597517,0.170045396575,-0.0858345278674,0.573740634219,0.819021395023,0.00252706175305,0.0,0.818983030545,-0.57367695331,-0.0119287812493,0.0,-0.00832037016533,0.00891381883096,-0.999925654873,0.0,0.645714573434,0.240362050936,0.303588383065,1.0,-0.0667182857143,-0.0876868897959,1.143
0.451922357196,0.458353893041,-0.124473156901,-1.4955901093,0.0710792053049,1.94495889281,0.139556412698,-0.0580071485915,-0.353076853714,-0.0100294074764,-0.544064533081,-0.0301290255118,0.191684461619,-0.0709620949392,0.573767455368,0.819002996602,0.00239700199473,0.0,0.818962557015,-0.573703891669,-0.0120383467538,0.0,-0.00848443604444,0.00887043724992,-0.999924662006,0.0,0.644434469336,0.238725536664,0.303560780141,1.0,-0.0726428571429,-0.0954734693877,1.161
0.450823983827,0.45211950343,-0.124541227077,-1.50511649565,0.0704261460847,1.94833385249,0.138035824308,-0.0704006605607,-0.387914091031,-0.00667767398796,-0.560044889205,-0.0354006701549,0.215844706335,-0.0931649304433,0.57372923997,0.819029649872,0.00243695191305,0.0,0.818990017235,-0.573665818659,-0.0119844512497,0.0,-0.00841778696519,0.00887184020663,-0.99992521286,0.0,0.643180277043,0.237061663703,0.303604684103,1.0,-0.0782382857143,-0.102827461224,1.178
0.449714276756,0.445808622752,-0.124580796924,-1.5145102786,0.0698048819425,1.95183985587,0.136600363851,-0.075267299265,-0.392677769002,-8.74095005112e-05,-0.603502280855,-0.0343696288242,0.20788913634,-0.0812672428452,0.57374656135,0.819016423909,0.00277985738783,0.0,0.818981590121,-0.57368219447,-0.0117746206931,0.0,-0.0080490080147,0.00903247406076,-0.999926811263,0.0,0.641966859811,0.235439825968,0.303764729681,1.0,-0.0835045714286,-0.109748865306,1.194
0.44843836801,0.438849699685,-0.124608820089,-1.52535755318,0.0690585938929,1.95547940014,0.13488175617,-0.0755073555521,-0.418929996037,-0.000474179603469,-0.66077887024,-0.0482944440569,0.216992991801,-0.107587671084,0.573679848294,0.819063891579,0.00255344362043,0.0,0.819025761671,-0.573615955058,-0.0119283160465,0.0,-0.00830551686697,0.00893454266371,-0.9999255934,0.0,0.640451520887,0.233550013026,0.303678677513,1.0,-0.0891,-0.117102857143,1.211
0.447062230774,0.431363829503,-0.12464094073,-1.53658885008,0.0683084216465,1.95951450132,0.133039507608,-0.0806913181037,-0.439747986656,-0.00209547299549,-0.675293046271,-0.0474687782551,0.243936382156,-0.116021566079,0.57360534702,0.819115294177,0.00279063007395,0.0,0.819080277545,-0.57354059726,-0.0118080114251,0.0,-0.00807173851874,0.00905906296164,-0.999926387498,0.0,0.638933876039,0.231584510753,0.303790536311,1.0,-0.0946954285714,-0.12445684898,1.228
0.445637685707,0.424097309458,-0.124689294487,-1.5477563392,0.0675012875444,1.963347523,0.131217772135,-0.0921542351333,-0.468469447458,-0.00310992202437,-0.700631952632,-0.0489844084171,0.236016513078,-0.118998198817,0.57356809571,0.819141701141,0.0026944269841,0.0,0.819105578957,-0.573503867359,-0.0118368723582,0.0,-0.00815096839543,0.00899644572191,-0.999926310124,0.0,0.637381223565,0.229566364356,0.303753882617,1.0,-0.0999617142857,-0.131378253061,1.244
0.443999805523,0.415931875067,-0.124807096177,-1.56015854088,0.0665988833019,1.96758101477,0.129206574513,-0.0987144520638,-0.496418673121,-0.0103973044881,-0.731259405263,-0.057256876277,0.269208763967,-0.118985142174,0.573622139438,0.81910394732,0.00266674557609,0.0,0.819067913878,-0.573558501032,-0.0117959845236,0.0,-0.00813275947135,0.00895085594675,-0.999926867526,0.0,0.635554707546,0.227120899629,0.303777550675,1.0,-0.105886285714,-0.139164832653,1.262
0.442125472899,0.406892630278,-0.12486535942,-1.57387722558,0.065691731253,1.9722992274,0.12690680024,-0.107005415424,-0.50793950116,-0.00267271408782,-0.766586421991,-0.0492944261626,0.254529705951,-0.122340785942,0.573621682964,0.819104221361,0.00268072440825,0.0,0.819067763501,-0.573557325453,-0.0118633939032,0.0,-0.00817996439359,0.00900096821858,-0.999926032641,0.0,0.633714807948,0.224728137957,0.303758322121,1.0,-0.111481714286,-0.14651882449,1.279
0.440301253659,0.398471454069,-0.124974210325,-1.58650950374,0.0648170193662,1.9765777433,0.124783039584,-0.117150972803,-0.543184027797,-0.00930024508092,-0.811048297929,-0.056869571193,0.289653846097,-0.141017358579,0.573717501485,0.819036972501,0.00272269477151,0.0,0.819000940814,-0.57365284138,-0.0118584747736,0.0,-0.00815080461339,0.00903347802038,-0.99992597759,0.0,0.63192267048,0.22230401268,0.303797950588,1.0,-0.116748,-0.153440228571,1.295
0.43827597278,0.389250977722,-0.125068293886,-1.60034672617,0.0637473618342,1.98134052765,0.122413166007,-0.121386528674,-0.546869416753,-0.00284091633043,-0.828982375857,-0.0533329757886,0.281087620833,-0.143683256386,0.573739647549,0.819021293886,0.00277198376352,0.0,0.818986646055,-0.573675633228,-0.0117425860031,0.0,-0.00802736299259,0.00900757826392,-0.999927209839,0.0,0.629946990959,0.21964339085,0.303824352427,1.0,-0.122343428571,-0.160794220408,1.312
0.436118342156,0.379593819581,-0.12513559291,-1.61472131084,0.0626726114344,1.98608320683,0.11983108807,-0.124123866151,-0.592449085518,-0.00380289469174,-0.846650681352,-0.0566267390623,0.293598292406,-0.144703142183,0.573679480982,0.819063474701,0.00276123398301,0.0,0.819028643427,-0.57361546376,-0.0117527819103,0.0,-0.00804254272104,0.00900403290524,-0.999927119793,0.0,0.627821667132,0.216868499859,0.303862815093,1.0,-0.127938857143,-0.168148212245,1.329
0.433939941679,0.370300482967,-0.125204630874,-1.62865367848,0.0616355945607,1.99075965207,0.117345906928,-0.139339469947,-0.586781110489,-0.00305972520802,-0.88794571162,-0.0716139821903,0.299972796992,-0.152072976139,0.57369620215,0.819051762287,0.00276138284891,0.0,0.819016906676,-0.57363215281,-0.0117561364196,0.0,-0.00804502115541,0.00900624345305,-0.999927079948,0.0,0.625759111645,0.2141378632,0.303840963768,1.0,-0.133205142857,-0.175069616327,1.345
0.431493415491,0.360010007155,-0.125335103478,-1.64380151749,0.0604427519492,1.99573979477,0.114638114824,-0.142093955172,-0.615838188125,-0.00630964199356,-0.916108772491,-0.0755365108168,0.293418681845,-0.164117348536,0.573774920102,0.818996492217,0.00279887463376,0.0,0.818962630002,-0.573711298454,-0.0116749127322,0.0,-0.0079561197542,0.00899111895811,-0.999927927372,0.0,0.623490362419,0.211086884253,0.303906835733,1.0,-0.138800571429,-0.182423608163,1.362
0.428850951604,0.349556201806,-0.125418477405,-1.65956549624,0.0592917685264,2.000713277,0.111688191833,-0.160972964356,-0.61980160856,-0.00593466425971,-0.926897946412,-0.059263838547,0.296481811208,-0.177458711934,0.573803168583,0.818977513191,0.0025501985931,0.0,0.818939472339,-0.573739413198,-0.0119152545043,0.0,-0.00829533576951,0.00892564092546,-0.999925757413,0.0,0.620908386383,0.207701511292,0.303781684417,1.0,-0.144725142857,-0.190210187755,1.38
0.426246472008,0.339207415448,-0.125535236027,-1.67446539135,0.0581434054366,2.00566696168,0.10887473393,-0.164542438454,-0.635441561252,-0.00278186292899,-0.936015547789,-0.0779057180316,0.299904716011,-0.177971626322,0.573867559491,0.818931546897,0.00280937042707,0.0,0.818897168167,-0.573803151701,-0.011752360059,0.0,-0.00801250706301,0.00904505781774,-0.999926990665,0.0,0.618630508352,0.204625291446,0.303917599104,1.0,-0.149991428571,-0.197131591837,1.396
