position_joint1,position_joint2,position_joint3,position_joint4,position_joint5,position_joint6,position_joint7,velocity_joint1,velocity_joint2,velocity_joint3,velocity_joint4,velocity_joint5,velocity_joint6,velocity_joint7,ee_T_00,ee_T_10,ee_T_20,ee_T_30,ee_T_01,ee_T_11,ee_T_21,ee_T_31,ee_T_02,ee_T_12,ee_T_22,ee_T_32,ee_T_03,ee_T_13,ee_T_23,ee_T_33,v_x,v_y,time
0.46508183894,0.547817673677,-0.123987457463,-1.35575477447,0.0794843747748,1.8940868503,0.159153630702,0.000758211754022,-0.0011056989531,-0.000426743799411,0.000986660342149,0.000224701346606,-0.0014261614949,0.000599257876471,0.573785336456,0.818991638738,0.00195710160956,0.0,0.818948781955,-0.573726930628,-0.0118763844542,0.0,-0.00860398332035,0.00841742329071,-0.999927556604,0.0,0.661689824444,0.260901835234,0.303224508832,1.0,0.0,0.0,0.0
0.465075876002,0.547817583469,-0.123983141035,-1.35576030261,0.0794830523464,1.89408685176,0.159151749403,0.000301235656789,-0.0014312679519,0.00119673880925,-0.00037570797389,-0.000279584746213,0.00383426869387,-0.000429507879892,0.573785614717,0.818991453602,0.00195299050835,0.0,0.818948527532,-0.57372721032,-0.0118804163402,0.0,-0.00860964141395,0.00841637273519,-0.999927516745,0.0,0.661689197611,0.260899517188,0.303221796385,1.0,-0.00022,-0.000289142857143,0.012
0.465073252623,0.547817267096,-0.123985363939,-1.35576419448,0.0794837642068,1.89408603795,0.159150121798,-0.000613672241116,-0.000418534557958,0.000913662658297,0.000104722077675,-0.000163262302664,-0.000277514543665,-0.0013432562346,0.573788378202,0.818989526364,0.0019492682165,0.0,0.81894655154,-0.573729988491,-0.0118824630211,0.0,-0.00861342496543,0.00841452767561,-0.999927499689,0.0,0.661689305867,0.260896096239,0.303220172408,1.0,-0.00058,-0.000762285714286,0.03
0.465077977044,0.547790388692,-0.123988156747,-1.35578022194,0.0794825683853,1.89408995325,0.159149822577,0.00118681428772,-0.00467081356049,-0.000103550945486,0.00100921345308,-0.000158400566057,-0.000132774365357,0.000127194145434,0.57378675343,0.818990635349,0.00196155534022,0.0,0.818947834535,-0.573728327199,-0.0118742486815,0.0,-0.0085996641781,0.00841986020699,-0.999927573242,0.0,0.661686601885,0.260896131954,0.303232015636,1.0,-0.0009,-0.00118285714286,0.046
0.465080130665,0.547691509271,-0.123985089168,-1.35589260421,0.0794818733822,1.89410956563,0.159150953527,0.00190430498465,-0.00847736328134,0.00077563285865,-0.00698720806631,0.0003327769639,-2.65294054655e-05,-0.000363336892953,0.573789685196,0.818988555505,0.00197231239179,0.0,0.818945795475,-0.573731117254,-0.0118800702451,0.0,-0.00859823011979,0.00843204104959,-0.999927482932,0.0,0.661666138561,0.260888511602,0.303250174548,1.0,-0.00124,-0.00162971428571,0.063
0.465074422716,0.547559139451,-0.123983266013,-1.35608277176,0.079476269268,1.89415391711,0.159144507718,0.000563838389507,-0.00362511958509,0.00073395058015,-0.0130956209404,-0.00015036688743,0.00641258630467,-0.00156060153236,0.57379677651,0.818983603313,0.00196562259451,0.0,0.818940658848,-0.573738139827,-0.0118950029239,0.0,-0.00861422555559,0.00843520500074,-0.999927318576,0.0,0.661636267244,0.260867055973,0.30325721378,1.0,-0.00158,-0.00207657142857,0.08
0.465058607258,0.547399074191,-0.123987840897,-1.35627795456,0.0794720888042,1.89424285244,0.159139709706,0.000608475101,-0.0167506436172,-0.000188082839914,-0.0113167291692,-9.82731395178e-05,0.00289361017824,-0.00176072121334,0.573818876126,0.818968000686,0.00201448614129,0.0,0.818925671204,-0.573760015775,-0.0118716570917,0.0,-0.00856684061124,0.00846205826635,-0.999927498778,0.0,0.661618898517,0.260838250452,0.303285566713,1.0,-0.0019,-0.00249714285714,0.096
0.465033906626,0.54721431957,-0.123983301344,-1.3565012345,0.079471912554,1.89435676792,0.159135667952,-0.00328294055647,-0.0151810795744,0.000816140436895,-0.0160221935254,0.000264531795436,0.00315865874396,0.00122262380797,0.573845220639,0.81894936082,0.00208663931784,0.0,0.818907872473,-0.573785968814,-0.0118450535788,0.0,-0.00850337841104,0.00850615651865,-0.999927666312,0.0,0.661600714882,0.260808179358,0.303319904732,1.0,-0.00224,-0.002944,0.113
0.464998043888,0.546954920265,-0.123986043892,-1.35686397768,0.0794634486932,1.89452603515,0.159117678071,-0.00193926888374,-0.0102682161035,-7.67796522289e-05,-0.0204620083868,-0.00024243955446,0.000602089155271,0.000933886442509,0.573880030431,0.818924808717,0.00214831120851,0.0,0.818884065225,-0.573820472056,-0.0118194954197,0.0,-0.00844669569902,0.00854235467375,-0.999927838151,0.0,0.661568588495,0.260753347489,0.303345757612,1.0,-0.00268,-0.00352228571429,0.135
0.464977916321,0.546801010872,-0.123985968361,-1.35709986343,0.0794609078779,1.89461514699,0.159101329123,-0.00568963185675,-0.0159208225319,-6.31516914205e-05,-0.0231603986406,0.000278089958206,0.0177521449962,0.000146959557091,0.57389560997,0.818913858502,0.00216058130973,0.0,0.818873172088,-0.573835897635,-0.0118252916281,0.0,-0.00844423865754,0.00855588975001,-0.999927743182,0.0,0.661541684573,0.260719736473,0.303350221109,1.0,-0.0029,-0.00381142857143,0.146
0.464928811771,0.546514970654,-0.123986047458,-1.35752245221,0.0794488220382,1.89477698792,0.158985757218,-0.00381582293198,-0.0141955165019,-0.000425093155541,-0.0243785180289,4.7638764085e-05,0.007140255593,-0.00630788482247,0.573861688194,0.81893755111,0.00219022998487,0.0,0.818897132039,-0.573801743502,-0.0118234171815,0.0,-0.00842604475585,0.00857874436452,-0.999927700844,0.0,0.661498046118,0.260649834908,0.303365690646,1.0,-0.00326,-0.00428457142857,0.164
0.464883556319,0.546228050764,-0.123986292702,-1.35799371509,0.079434478991,1.89494085434,0.158924512236,-0.00945699401743,-0.0193586965815,-0.00133623366157,-0.0301325402819,0.000190322759683,0.00753235901122,0.000376745737946,0.573871281431,0.818930855171,0.00218029780932,0.0,0.81889016352,-0.573811228829,-0.0118457022302,0.0,-0.00844989437897,0.00858349800684,-0.999927458792,0.0,0.66144278505,0.260576383725,0.303358774481,1.0,-0.0036,-0.00473142857143,0.181
0.464844295619,0.545932392179,-0.123989126134,-1.3585069279,0.0794023092662,1.8951119932,0.15888767747,0.00100818706572,-0.0199683092162,-0.000204283374381,-0.0406228712899,-0.00419152140298,0.00911499483171,-0.00758034624554,0.573895339941,0.8189141053,0.0021386525475,0.0,0.818872865956,-0.573835444177,-0.0118684164279,0.0,-0.00849214248592,0.00856267827941,-0.999927279384,0.0,0.661379559985,0.260498138459,0.303338745403,1.0,-0.00392,-0.005152,0.197
0.464769637513,0.545569890711,-0.123983814655,-1.35914787708,0.0792944102425,1.89532935209,0.158792587254,-0.0083402969118,-0.0271335161833,0.00101130212919,-0.0393665214007,-0.00529274975007,0.0167012156204,-0.00627066233758,0.573879811896,0.818925195578,0.00205729123174,0.0,0.81888348053,-0.573820828125,-0.0118426950257,0.0,-0.00851792877833,0.00848112868602,-0.999927755063,0.0,0.661314291886,0.260385407845,0.303314979052,1.0,-0.00426,-0.00559885714286,0.214
0.464710941166,0.545204293464,-0.123989322354,-1.35980177025,0.0792795746175,1.89552683161,0.15873761678,-0.00408094087675,-0.0225216328113,0.000773117611369,-0.0416859318213,-0.00030887599781,0.0131241572161,-0.000873684756395,0.573921247281,0.81889633904,0.00198361456162,0.0,0.818853380559,-0.57386227747,-0.0119153071655,0.0,-0.0086192457936,0.00846290037672,-0.999927041298,0.0,0.661225637529,0.260273958839,0.303273717715,1.0,-0.0046,-0.00604571428571,0.231
0.46464737549,0.544799377027,-0.123989933284,-1.36046994904,0.0792591842997,1.89575588841,0.15863722182,-0.00287489316863,-0.0237315686403,0.000380029554223,-0.0445153779441,-7.26831711531e-05,0.0164706373974,-0.0016964016374,0.573923295008,0.818894948034,0.00196530711067,0.0,0.818851538478,-0.57386419294,-0.0119495980903,0.0,-0.008657812818,0.00846761048893,-0.999926668236,0.0,0.661146201845,0.260169822242,0.303262177319,1.0,-0.00492,-0.00646628571429,0.247
0.464582437432,0.544317126311,-0.12399812864,-1.36127296162,0.0792290020767,1.89604739764,0.15853645668,-0.0038975241373,-0.0241604031734,0.00143320069413,-0.049435815022,0.000724789880561,0.00718091588207,-0.00311926917936,0.573936461208,0.818885763105,0.00194740382856,0.0,0.818841976807,-0.573877292998,-0.0119756628407,0.0,-0.00868929626235,0.0084680485882,-0.999926391433,0.0,0.66105280539,0.260048053364,0.303246811037,1.0,-0.00528,-0.00693942857143,0.265
0.464505949502,0.543799662601,-0.123998839622,-1.36209476718,0.0791875787216,1.89633671091,0.158441963302,-0.0025454844912,-0.0308119544354,-0.000202057972638,-0.0453141647724,-0.00481876737844,0.0145586952662,-0.00330427864129,0.57395688877,0.81887146594,0.00193881513574,0.0,0.818827468789,-0.573897658258,-0.0119917097493,0.0,-0.00870715511502,0.00847044259104,-0.999926215804,0.0,0.660957378413,0.259919257042,0.303246901991,1.0,-0.00562,-0.00738628571429,0.282
0.464443530606,0.543315694,-0.124003552987,-1.3628432606,0.0791421659078,1.89659414394,0.158330834144,-0.00416313829777,-0.0344115260176,0.000221534925625,-0.0533742948845,-0.00752757401742,0.012049308924,-0.00343027274005,0.573949729588,0.818876499269,0.00193229208759,0.0,0.818832408201,-0.573890519187,-0.0119960897423,0.0,-0.00871455964604,0.00846753887352,-0.999926175893,0.0,0.660868963666,0.259802902504,0.303255484446,1.0,-0.00592,-0.00778057142857,0.297
0.4643646754,0.542716453472,-0.123998870866,-1.36378976073,0.0790848845247,1.89692960112,0.158221396673,-0.00190217464431,-0.0387159619333,0.00173176476101,-0.0487352163096,-0.00529701779188,0.0167071764266,-0.00460607079769,0.573958689335,0.818870240761,0.00192318354424,0.0,0.818825978891,-0.573899466318,-0.0120069044187,0.0,-0.00872855075414,0.00846638277545,-0.999926063649,0.0,0.66075619264,0.259662519696,0.303257753346,1.0,-0.00628,-0.00825371428571,0.315
0.464295293438,0.542116394428,-0.124007730426,-1.3647191508,0.0790306676629,1.89727906092,0.158092554945,-0.0107418499617,-0.0386749321855,-0.000389264597659,-0.0591463602014,-0.00105461558674,0.0210168968615,-0.00120490319219,0.573953421019,0.818873896498,0.00193882344871,0.0,0.818829864934,-0.573894157321,-0.0119956402931,0.0,-0.00871040496078,0.00847266845129,-0.999926168642,0.0,0.660650506485,0.259524045563,0.303270329593,1.0,-0.00662,-0.00870057142857,0.332
0.464215174425,0.541561654654,-0.124008408114,-1.36556161804,0.0789862632167,1.89759020088,0.15797764315,-0.00932416219992,-0.0402550649818,-0.000209968286871,-0.0571360782568,-0.00138496185981,0.0305887986413,-0.00598143802942,0.573958348708,0.818870368617,0.00196983520061,0.0,0.818826696777,-0.573898908973,-0.0119845661618,0.0,-0.00868348702218,0.0084917589474,-0.999926240821,0.0,0.660549967888,0.259386470671,0.303293144781,1.0,-0.00694,-0.00912114285714,0.348
0.464134523276,0.540834196364,-0.124009219531,-1.36665398366,0.0789226758592,1.89800032763,0.157843239779,-0.00470437607057,-0.0473908868801,0.000497600296205,-0.0643702197847,-0.00568663878081,0.0173877496866,-0.0147692687451,0.57396043703,0.818868826893,0.00200199134294,0.0,0.81882553978,-0.573900827473,-0.0119717388863,0.0,-0.00865450591541,0.0085107499835,-0.999926330617,0.0,0.660429710527,0.259235628085,0.303318462846,1.0,-0.00728,-0.009568,0.365
0.464039490982,0.540073045124,-0.124011263694,-1.36782848479,0.0788519053489,1.8984322737,0.157695312777,-0.00251859224981,-0.0419625391799,0.000371450606434,-0.0713807191098,-0.00656667878955,0.0323282219045,-0.00673201390811,0.573964658626,0.818865830372,0.00201727524795,0.0,0.8188227373,-0.573904979302,-0.011964385233,0.0,-0.00863966827971,0.00851908914522,-0.999926387917,0.0,0.66029361847,0.259060123671,0.303334880455,1.0,-0.00764,-0.0100411428571,0.383
0.463933796745,0.539374512514,-0.124011617487,-1.36891323903,0.0787836063548,1.89884178781,0.157565209368,-0.00475380742672,-0.0452635616905,-0.000155573348932,-0.0693822582949,-0.00256307696524,0.0275659108456,-0.0179790273287,0.57398670198,0.818850336008,0.00203471635408,0.0,0.818807500149,-0.573926976627,-0.0119519914911,0.0,-0.00861927959093,0.00852648935083,-0.999926500798,0.0,0.660174157453,0.258887280412,0.303347643299,1.0,-0.00796,-0.0104617142857,0.399
0.463823670815,0.538622327899,-0.124014774836,-1.37008908434,0.0787207424987,1.899309464,0.157420559072,-0.00887898371106,-0.0449998414294,0.000634246157884,-0.0690964392403,0.000229099439737,0.0252590047713,-0.0105659239479,0.574009021026,0.818834592087,0.00207400160821,0.0,0.81879224534,-0.57394910759,-0.0119343105626,0.0,-0.00858202017965,0.00854874294606,-0.99992663127,0.0,0.660047905957,0.258704609742,0.303359996772,1.0,-0.0083,-0.0109085714286,0.416
0.463721026733,0.537838175007,-0.124023989554,-1.37132653499,0.0786497428768,1.89977630544,0.157264783109,-0.00826657374363,-0.0403081908633,0.00214264401891,-0.0733943758942,-0.00527124046653,0.0218646833194,-0.0106992366075,0.574021328068,0.818825938612,0.0020842456011,0.0,0.818783736291,-0.573961381901,-0.0119277899212,0.0,-0.00857067230438,0.00855351689381,-0.999926687775,0.0,0.65990770907,0.258515112464,0.303365592212,1.0,-0.00864,-0.0113554285714,0.433
0.463600398679,0.537077041719,-0.124026582028,-1.37253936683,0.0785753959419,1.90022453645,0.157112013506,-0.0110633330176,-0.044923904086,-0.000791164481095,-0.0790766401792,-0.0032734334887,0.0329280791876,-0.0135987953885,0.574043751885,0.818810231276,0.00207917778083,0.0,0.818767970823,-0.573983831615,-0.0119297066252,0.0,-0.00857491650534,0.00855070235015,-0.99992667546,0.0,0.659771947127,0.258318423871,0.303364678328,1.0,-0.00896,-0.011776,0.449
0.463485093798,0.536223192294,-0.124033125338,-1.37385636541,0.0784958322177,1.90071885722,0.156950214075,-0.0107066128892,-0.0491581377156,-0.000524980407076,-0.0797145485847,-0.00197151045853,0.0279082388674,-0.00955025663322,0.574061429447,0.81879777545,0.00210357833091,0.0,0.818755863002,-0.57400143722,-0.0119135960093,0.0,-0.00854753349131,0.00856161788436,-0.999926816507,0.0,0.659623205943,0.258114108686,0.303383613441,1.0,-0.0093,-0.0122228571429,0.466
0.463353703573,0.535224901504,-0.124041641783,-1.37543545689,0.0784246172872,1.90128491829,0.156773807654,-0.00680934033136,-0.0594729318754,0.000155225860656,-0.0882260907278,-0.00545088414824,0.0317976004129,-0.0101471264207,0.574098127128,0.818772049701,0.00210189376089,0.0,0.818729896207,-0.574037917862,-0.0119403858445,0.0,-0.00857005247412,0.00857600152582,-0.999926500498,0.0,0.659435511691,0.257875051264,0.303385885058,1.0,-0.00968,-0.0127222857143,0.485
0.463254647923,0.534499073381,-0.124044975726,-1.37663082289,0.0783498585408,1.90172542427,0.156620067305,-0.0112754759743,-0.0513594059298,-0.00133942266302,-0.0897881050258,-0.0131250072727,0.0335478830518,-0.0152228535774,0.574101235428,0.818769942503,0.00207355599201,0.0,0.818727435844,-0.574041158847,-0.0119532692686,0.0,-0.00859683662296,0.00856022864588,-0.999926405735,0.0,0.659295081586,0.25769322993,0.303367298788,1.0,-0.00996,-0.0130902857143,0.499
0.46313266864,0.533570695017,-0.12404140274,-1.37810174061,0.078244217202,1.90226588208,0.156430294276,-0.0088799854417,-0.0562581234804,0.00143656816555,-0.0867370208482,-0.00419877593417,0.0251366244771,-0.013739111187,0.574095320924,0.818774116897,0.00206273923685,0.0,0.818731576833,-0.574035396898,-0.0119463428234,0.0,-0.00859743648614,0.00854733382771,-0.999926510885,0.0,0.659121576852,0.25747207514,0.303368686149,1.0,-0.0103,-0.0135371428571,0.516
0.46299435522,0.532565924499,-0.12405130933,-1.37971734571,0.0781743234963,1.90288155114,0.156233821236,-0.00874780599957,-0.0593216549575,-0.000505277055987,-0.0888135271397,-0.00978622400313,0.0323392249004,-0.0106947110218,0.574124438919,0.818753662093,0.0020775817814,0.0,0.818711115773,-0.574064250975,-0.0119620885796,0.0,-0.00860150400723,0.00856883166897,-0.99992629191,0.0,0.658936306539,0.257227019837,0.303361924155,1.0,-0.01066,-0.0140102857143,0.534
0.462881621167,0.531656808363,-0.124046432849,-1.3811953645,0.078084220077,1.90341789739,0.15603974782,-0.00897667279068,-0.0591495334723,-0.000394833385039,-0.0966153563726,-0.00657189192972,0.0318942180987,-0.0180071544571,0.574110789751,0.818763303311,0.00204966929839,0.0,0.818720333576,-0.574050660866,-0.0119833655454,0.0,-0.00863509219572,0.00855805015783,-0.999926094749,0.0,0.658755488595,0.257013887571,0.303345599873,1.0,-0.01098,-0.0144308571429,0.55
0.462743159305,0.530644524644,-0.124046769257,-1.382833238,0.0779778065267,1.90399433496,0.155841956553,-0.00762505007003,-0.053945877525,0.000329367678337,-0.0948039207352,-0.00876354543865,0.0303838546385,-0.0101522331197,0.574122823807,0.818754979686,0.00200332831204,0.0,0.818711403894,-0.574062887358,-0.012007722238,0.0,-0.00868151308794,0.00853421944375,-0.999925896469,0.0,0.65855637013,0.256763278506,0.303329324538,1.0,-0.01132,-0.0148777142857,0.567
0.462600914401,0.529553103487,-0.124052059032,-1.3845740361,0.0778741573529,1.90463561955,0.155607385362,-0.00622881658635,-0.0584181317205,-0.000987309729602,-0.0960529198037,-0.00815438629652,0.0346152553635,-0.00852607496914,0.574117667687,0.818758614993,0.00199522590019,0.0,0.818714911304,-0.574057744546,-0.0120144428401,0.0,-0.0086917210421,0.00853138935349,-0.99992583194,0.0,0.658349699867,0.256500978681,0.303325365448,1.0,-0.01168,-0.0153508571429,0.585
0.46248230667,0.528642192562,-0.124052125739,-1.38596942632,0.077793711948,1.90516706618,0.155409612839,-0.00957703143684,-0.0694312186471,-0.000218443146075,-0.103608843618,-0.00848045177337,0.043210459647,-0.0161236077426,0.574103280707,0.818768607418,0.00203408175471,0.0,0.81872540059,-0.574043184844,-0.0119953017676,0.0,-0.00865389236936,0.00855206115099,-0.999925983459,0.0,0.658174510451,0.256278348228,0.303349368287,1.0,-0.01198,-0.0157451428571,0.6
0.462328926691,0.527456958092,-0.124052238524,-1.38780570299,0.0776629830296,1.90586910878,0.15515197976,-0.0111567322082,-0.0690866933812,-0.00096124866469,-0.102008974974,-0.00108318724476,0.0378133482428,-0.0183764677417,0.574085908271,0.818780701491,0.00206874165861,0.0,0.818738108595,-0.574025830198,-0.0119583736495,0.0,-0.00860394006992,0.00855905621914,-0.999926354674,0.0,0.657975945448,0.256015318992,0.303369913751,1.0,-0.01232,-0.016192,0.617
0.462179084251,0.526303709449,-0.124053213648,-1.38960112584,0.0775586044306,1.90654981021,0.154920787778,-0.0045111916525,-0.0646288695086,-0.00326624949511,-0.111010297799,-0.0125010589378,0.0425151670386,-0.00866191834328,0.574088911264,0.818778509556,0.00210265429567,0.0,0.818736322592,-0.57402865661,-0.0119449721864,0.0,-0.00857346776862,0.0085791606987,-0.999926444121,0.0,0.657765460043,0.255747492846,0.303385939978,1.0,-0.01266,-0.0166388571429,0.634
0.462036071144,0.525170479507,-0.124053161912,-1.39133273615,0.0774497084468,1.90716018485,0.15468771286,-0.0102913755214,-0.0660111682869,0.000935172051436,-0.112280130134,-0.00576519049466,0.0303526829278,-0.00784074651434,0.574078766688,0.818785597334,0.0021123771653,0.0,0.818743506025,-0.574018442202,-0.0119434607857,0.0,-0.00856675516044,0.00858614763413,-0.999926441682,0.0,0.657553099795,0.255486642096,0.303411789199,1.0,-0.01298,-0.0170594285714,0.65
0.461874288402,0.524008924499,-0.124066310679,-1.39322317997,0.0773303462857,1.90784796281,0.154422792762,-0.0145106616413,-0.0701815863834,-0.000544359367668,-0.110558316102,-0.00147420024322,0.0410876168037,-0.0150264803904,0.574068808438,0.818792681441,0.00207241370674,0.0,0.818750119926,-0.574008700858,-0.0119582340106,0.0,-0.00860189660456,0.00856180296165,-0.99992634874,0.0,0.657313336394,0.255178660561,0.303387883418,1.0,-0.01334,-0.0175325714286,0.668
0.461709974636,0.522713833847,-0.124070960646,-1.39525558235,0.077204960768,1.90862163281,0.154149254436,-0.00775074948511,-0.0756501774266,-0.000965829342007,-0.11722460215,-0.00343876491833,0.0480374335239,-0.0168319179188,0.574062138103,0.818797293443,0.00209779577297,0.0,0.818755102649,-0.574001966299,-0.0119403296661,0.0,-0.00857273576654,0.00857223721333,-0.999926509775,0.0,0.657087391243,0.254888144177,0.303399057741,1.0,-0.01368,-0.0179794285714,0.685
0.461550486027,0.521558878307,-0.12406594715,-1.3971160075,0.0770881789387,1.90934677048,0.153891656974,-0.0145240918045,-0.0698083895461,0.000204207684669,-0.115920676018,-0.00758606172907,0.0455769058622,-0.0160866747218,0.574046500587,0.818808223436,0.0021107575582,0.0,0.818766228656,-0.573986304684,-0.0119302870362,0.0,-0.00855723595562,0.00857692166202,-0.99992660237,0.0,0.656869940373,0.254610926052,0.303387797985,1.0,-0.014,-0.0184,0.701
0.461382235711,0.520263442604,-0.124074419891,-1.39914781989,0.0769669154816,1.91009390597,0.15362240749,-0.00831943757737,-0.0771881316066,0.000327554870264,-0.121289875802,-0.0137538971596,0.0431558457928,-0.0168013710531,0.574045428229,0.818808954597,0.00211875030542,0.0,0.818767045258,-0.573985181005,-0.0119283061746,0.0,-0.00855103726538,0.00858231778949,-0.999926609098,0.0,0.656625035276,0.254302436205,0.303395627198,1.0,-0.01434,-0.0188468571429,0.718
0.461211761828,0.518937055285,-0.124083666096,-1.40123158893,0.0768367389035,1.91082494777,0.153349136475,-0.00926167238959,-0.0829846479975,-7.86749418126e-05,-0.120420036916,-0.0072780642936,0.0490619724639,-0.0170891459536,0.574043213193,0.818810572909,0.00209331810282,0.0,0.818768314454,-0.573983052886,-0.0119435818447,0.0,-0.00857816713385,0.0085702396375,-0.999926480318,0.0,0.656365941234,0.253983832273,0.303398688065,1.0,-0.01468,-0.0192937142857,0.735
0.461049177814,0.517662078821,-0.124086477047,-1.40322778703,0.0766941490383,1.91154388376,0.153068336805,-0.0115600156344,-0.0779762612574,-0.00212485098762,-0.128116893405,-0.00797469535041,0.0448627276384,-0.0202844900761,0.574015481214,0.81883004919,0.00207960822203,0.0,0.81878775118,-0.573955519657,-0.0119342730634,0.0,-0.00857870394843,0.00855337991395,-0.999926620073,0.0,0.656120280555,0.253681111675,0.30340567175,1.0,-0.015,-0.0197142857143,0.751
0.46085756548,0.516311183213,-0.124093733913,-1.40535973001,0.076565073931,1.91233737153,0.152765541975,-0.00711371148772,-0.0791999786863,-0.00194965504224,-0.125816275245,-0.00494732427631,0.0482567106016,-0.02278564051,0.574007563521,0.818835577937,0.00208811575962,0.0,0.818793386489,-0.5739475637,-0.0119302668172,0.0,-0.0085706229823,0.00855796352941,-0.999926650151,0.0,0.65586625926,0.25334887581,0.303407583913,1.0,-0.01534,-0.0201611428571,0.768
0.460666373674,0.514858572643,-0.124097418121,-1.40769450567,0.0764219047241,1.91321162702,0.152470178575,-0.0167204341714,-0.0817740237379,-0.000964736280257,-0.133151287462,-0.00683749023028,0.0432324516342,-0.00719704764781,0.574009467182,0.818834269755,0.00207777807617,0.0,0.818791938416,-0.573949504458,-0.0119362815993,0.0,-0.00858146194948,0.00855297125072,-0.999926599903,0.0,0.655581914699,0.252999526027,0.303390765268,1.0,-0.0157,-0.0206342857143,0.786
0.460500285901,0.51360306451,-0.124105697907,-1.4096950667,0.0763041902281,1.91390349557,0.152179388607,-0.0107886699211,-0.0836209805701,-0.00133027063852,-0.133860383432,-0.00446447174358,0.0500405237909,-0.0188625629878,0.573986389558,0.818850555945,0.00203433836464,0.0,0.818807546508,-0.573926499036,-0.0119717328446,0.0,-0.00863566566328,0.00853750769083,-0.999926265402,0.0,0.655327826043,0.252692879521,0.303378755178,1.0,-0.016,-0.0210285714286,0.801
0.46029041531,0.512106168651,-0.124107093095,-1.41211100262,0.0761595422651,1.9147605716,0.151838659684,-0.0128182247369,-0.0809999935009,-0.00198192045548,-0.135668639275,-0.0032060844388,0.0525772846629,-0.0135109027256,0.573967653785,0.818863814883,0.00198292350711,0.0,0.818820007456,-0.57390785751,-0.0120130503602,0.0,-0.00869920435138,0.00851892378659,-0.999925873143,0.0,0.6550243894,0.252322353802,0.303351887942,1.0,-0.01636,-0.0215017142857,0.819
0.460096985856,0.510664323796,-0.124107508311,-1.41443310733,0.0760110638997,1.91565559433,0.151516116053,-0.0154787856105,-0.0931085868819,0.0018417347287,-0.138025487523,-0.0158050798969,0.0519531949322,-0.0134386641058,0.573943686389,0.818880600048,0.00198862268122,0.0,0.818836930965,-0.573883931549,-0.0120025205304,0.0,-0.00868755987378,0.00851729255656,-0.999925988277,0.0,0.654744327311,0.251975543806,0.303333886202,1.0,-0.0167,-0.0219485714286,0.836
0.459911599736,0.509264346167,-0.124114912063,-1.41664257167,0.0758743813327,1.91647088437,0.151210177737,-0.0124485560664,-0.0865408050508,-0.00165373867026,-0.141606178722,-0.00696236040624,0.0524682553067,-0.0175782355585,0.573928391345,0.818891315681,0.00199037996264,0.0,0.818847671963,-0.573868633346,-0.012001195091,0.0,-0.00868562503399,0.00851780858573,-0.999926000689,0.0,0.654472140944,0.251639335392,0.303333001613,1.0,-0.01702,-0.0223691428571,0.852
0.459702848577,0.507748668804,-0.124116415608,-1.4190302669,0.0757276599831,1.91731107722,0.150865236987,-0.0109823492797,-0.0902816984402,-0.000508159745296,-0.141007170606,-0.00646639569592,0.0498723983156,-0.019871165211,0.573901968717,0.81890989705,0.00196410707145,0.0,0.818865808985,-0.573842226838,-0.0120263242377,0.0,-0.00872155628477,0.0085104351347,-0.999925750718,0.0,0.654169536196,0.251271854323,0.303329724975,1.0,-0.01736,-0.022816,0.869
0.459482607984,0.506185547473,-0.124122362756,-1.4214636482,0.0755685983513,1.91822240987,0.150537507822,-0.0123182085896,-0.0918552620119,-0.000888139172045,-0.143917048906,-0.00385541354142,0.0582289665061,-0.0258258158811,0.573901058721,0.818910469001,0.00199134633441,0.0,0.818866828234,-0.573841290561,-0.0120015735391,0.0,-0.00868566469116,0.00851852722524,-0.999925994223,0.0,0.653875022441,0.250892332616,0.303343613338,1.0,-0.0177,-0.0232628571429,0.886
0.459256528766,0.504549987034,-0.124130908788,-1.4239266342,0.0754099946859,1.9191853187,0.15020913124,-0.0149053574768,-0.0965314228738,0.00153830943767,-0.144952933324,-0.0136906586334,0.0472169828807,-0.0217240410564,0.57390768368,0.818905556881,0.00209914842976,0.0,0.81886347369,-0.573847615591,-0.0119278010168,0.0,-0.00856331608322,0.00856453752183,-0.999926656468,0.0,0.653586629253,0.250508511279,0.303397933177,1.0,-0.01804,-0.0237097142857,0.903
0.459043039076,0.50297693142,-0.12413194276,-1.42626079475,0.0752675985148,1.92008038551,0.149871459646,-0.0104838475909,-0.098729704944,0.000673620228912,-0.150702803019,-0.00644411703949,0.0595049711954,-0.0130233860145,0.573888263076,0.818918864932,0.00221383440539,0.0,0.818878289434,-0.573827749491,-0.011866250792,0.0,-0.00844729965167,0.00862292900531,-0.999927141458,0.0,0.653307243956,0.250149881565,0.303463166704,1.0,-0.01836,-0.0241302857143,0.919
0.458793076755,0.501167338946,-0.12414016667,-1.42895898523,0.0750868277195,1.92103060183,0.149499293577,-0.0140619570893,-0.105329504297,-0.00164539346588,-0.154444679426,-0.00862343539348,0.0572205660566,-0.0173212383558,0.573882659137,0.818922665933,0.00226001413693,0.0,0.818882756571,-0.573822031563,-0.0118344406381,0.0,-0.00839480739982,0.00864243326274,-0.999927415144,0.0,0.652969198745,0.249720966512,0.30352459327,1.0,-0.01872,-0.0246034285714,0.937
0.458569173219,0.499560865674,-0.124133330089,-1.43140104466,0.0749325380132,1.92191222677,0.149158954597,-0.0194380647676,-0.105143239784,0.000587512134723,-0.155477394987,-0.00667851179283,0.0550044366291,-0.0201832746448,0.573864960347,0.818934956478,0.00230027049434,0.0,0.818895506057,-0.573804111894,-0.0118210927889,0.0,-0.00836096241495,0.00866755899248,-0.999927481235,0.0,0.652661346457,0.24934525869,0.303559180111,1.0,-0.01904,-0.025024,0.953
0.45832194288,0.497873619486,-0.124138350352,-1.43404772498,0.074772738716,1.92289343669,0.148770247382,-0.0127072810585,-0.110769780076,-0.000418470557353,-0.154690436651,-0.00132745099429,0.059588906198,-0.0177569130246,0.573844101653,0.818949520117,0.00231892203371,0.0,0.818910258112,-0.573783127637,-0.0118177197366,0.0,-0.00834771828938,0.00868068493709,-0.999927478024,0.0,0.65233379491,0.248930104504,0.303561206878,1.0,-0.01938,-0.0254708571429,0.97
0.458055399139,0.496211830689,-0.124140477603,-1.43673256696,0.0746104026387,1.92383846822,0.148372206816,-0.0187519593672,-0.0945212659884,-0.00663890482356,-0.159161153401,-0.0154673735288,0.057849936462,-0.0240346671074,0.573829834298,0.818959697272,0.002254420975,0.0,0.818919441369,-0.573768953757,-0.0118694209549,0.0,-0.00842722287803,0.00865738370669,-0.999927013147,0.0,0.651992136832,0.248496553741,0.303523546732,1.0,-0.01972,-0.0259177142857,0.987
0.457802345628,0.494620323392,-0.124135567644,-1.43931071883,0.0744532305944,1.92472747016,0.148006272707,-0.0185579529711,-0.101589065484,0.00100105031309,-0.162926524732,-0.0074834216049,0.0555592399616,-0.0240294369904,0.573821106311,0.818966028284,0.00217471176683,0.0,0.818924532786,-0.573760341088,-0.0119342991659,0.0,-0.00852618637867,0.00862924370771,-0.999926417442,0.0,0.651656831315,0.248084856491,0.303482026765,1.0,-0.0203502857143,-0.0267460897959,1.003
0.457523397789,0.492795270843,-0.124167310996,-1.44222980746,0.0742708820827,1.92580810074,0.147598492585,-0.016910403884,-0.113146766942,-0.000700089316457,-0.181880012608,-0.0131461644184,0.0627233411109,-0.0287577403112,0.573835875926,0.818955736029,0.00215332920444,0.0,0.818914059357,-0.573775294478,-0.0119340578154,0.0,-0.00853810238854,0.0086117478826,-0.999926466599,0.0,0.651297948636,0.247606423203,0.303457923554,1.0,-0.0234977142857,-0.0308827102041,1.02
0.457189180456,0.490568192354,-0.124187051044,-1.44577698092,0.0740575829705,1.92708197619,0.147077462803,-0.0182936769561,-0.127342374095,-0.00117221906959,-0.204843311883,-0.0122777397193,0.0727994276762,-0.0343251263821,0.573816776803,0.818969222392,0.00211337075629,0.0,0.818926917614,-0.573756254279,-0.0119670874935,0.0,-0.00858828200084,0.00859777730631,-0.999926157092,0.0,0.650846375731,0.24703823996,0.30343010355,1.0,-0.0268302857143,-0.0352626612245,1.038
0.45684247155,0.488349100439,-0.124198781626,-1.4493460853,0.0738479769989,1.92836420098,0.14657253331,-0.0257315940454,-0.146181547551,-0.000460228061959,-0.227934969823,-0.0138419529833,0.0867082960058,-0.0300851149461,0.573816657134,0.818969444518,0.00205908794087,0.0,0.818926233107,-0.573756164244,-0.0120181372273,0.0,-0.00866123952611,0.00858261370172,-0.999925658073,0.0,0.650389794043,0.246465311571,0.303385702789,1.0,-0.0297925714286,-0.0391559510204,1.054
0.456413324171,0.485643015274,-0.124229903702,-1.4534709114,0.0735908585061,1.92995934759,0.145965002785,-0.0288415473308,-0.160800715159,-0.00123420425413,-0.255003364018,-0.017895688066,0.0999047327426,-0.0421251801035,0.573827941327,0.818961172894,0.00219953327419,0.0,0.818919984644,-0.573767058103,-0.0119234511717,0.0,-0.00850298752946,0.00864341760707,-0.999926492566,0.0,0.649897503972,0.245781608058,0.303441198,1.0,-0.03294,-0.0432925714286,1.071
0.455907292156,0.482513587716,-0.124264626393,-1.45829870969,0.0732984968787,1.93163392591,0.145222899123,-0.0280016257605,-0.178572674833,-0.00102544389473,-0.277383590213,-0.0107492107985,0.0900431070991,-0.0492021220983,0.573817316993,0.818968663385,0.00218220388511,0.0,0.818927068685,-0.573756322371,-0.0119534771548,0.0,-0.00853763430842,0.00864634448954,-0.999926172038,0.0,0.649277986024,0.244968676029,0.303461086325,1.0,-0.0362725714286,-0.047672522449,1.089
0.455418436581,0.479501269071,-0.124325037908,-1.46302853764,0.073005796658,1.93331390446,0.144523706865,-0.0266952857162,-0.197917017451,-0.00548064517091,-0.297798474979,-0.0186568367691,0.109005068329,-0.0437199690412,0.573840175478,0.818952756758,0.00214058576608,0.0,0.818910656328,-0.573779386374,-0.0119707822029,0.0,-0.00857544620214,0.00862243026302,-0.999926054975,0.0,0.648678006845,0.244162618636,0.303445586526,1.0,-0.0392348571429,-0.0515658122449,1.105
0.454844028356,0.476010355985,-0.12435882676,-1.46834887974,0.0726806115504,1.9352768729,0.143763047103,-0.0404940936786,-0.214544530508,-0.0028070115409,-0.326223222973,-0.020515615386,0.118013014283,-0.0495699554507,0.573881957157,0.818923179269,0.00225224469662,0.0,0.818882525011,-0.573820698898,-0.0119148079513,0.0,-0.00846509076119,0.00868218428931,-0.999926478254,0.0,0.648013936155,0.243267457245,0.303501591887,1.0,-0.0423822857143,-0.0557024326531,1.122
0.454260892461,0.472522423692,-0.124377683427,-1.47371832705,0.0723587842485,1.93719532251,0.142978586491,-0.0415555669034,-0.218211795639,0.00151864182164,-0.341165499747,-0.0231236575246,0.122367213993,-0.0457106144533,0.573901592956,0.818909309799,0.00229146838849,0.0,0.818868916099,-0.573839917402,-0.0119245270365,0.0,-0.00845033286948,0.00872008518573,-0.999926273277,0.0,0.647322251945,0.242367950471,0.303525102913,1.0,-0.0453445714286,-0.059595722449,1.138
0.453631704441,0.468785156495,-0.124399301658,-1.47936120972,0.0720026747828,1.93928615757,0.142081984257,-0.0403478974411,-0.240380771587,-0.00326412342968,-0.356779994867,-0.0274363354887,0.135345031771,-0.0598152216824,0.573870590452,0.818930588345,0.00244617821625,0.0,0.818892239521,-0.573808345128,-0.0118418755015,0.0,-0.00829419628635,0.00879902985245,-0.999926889018,0.0,0.646611981494,0.241414753114,0.303602520396,1.0,-0.0483068571429,-0.0634890122449,1.154
0.45287978018,0.464305278809,-0.124402181007,-1.4861603758,0.0715522813653,1.94172353402,0.141002979862,-0.0465241502677,-0.250201200243,0.00113362729798,-0.394784897249,-0.0190883794297,0.130699997583,-0.0634469553682,0.573802271249,0.818978172023,0.00254050416402,0.0,0.818941020719,-0.573739647131,-0.0117969824688,0.0,-0.0082040411283,0.00884982879433,-0.999927184469,0.0,0.645726066281,0.240276092507,0.303667665623,1.0,-0.0516394285714,-0.0678689632653,1.172
0.45211573881,0.459886503731,-0.124431217861,-1.49305466669,0.0710852221391,1.94409252545,0.140002789252,-0.0448299380749,-0.27146506336,-0.00469317942778,-0.411799770122,-0.0282681781247,0.145314267184,-0.0595980288121,0.573823219256,0.818963817678,0.00243418943971,0.0,0.818925234903,-0.573760943413,-0.0118569116852,0.0,-0.00831389889851,0.00879735976877,-0.99992674009,0.0,0.64480219579,0.239096619205,0.303636002557,1.0,-0.0547868571429,-0.0720055836735,1.189
0.451347538767,0.455553802546,-0.124437387185,-1.49983199787,0.0706217196953,1.94649592252,0.138950660521,-0.049633723529,-0.268681871712,0.000697862942735,-0.424798093489,-0.0346062809702,0.151417335933,-0.0694713661166,0.573780646297,0.818993794513,0.00238356561733,0.0,0.81895454403,-0.57371856315,-0.0118832660338,0.0,-0.00836498635096,0.00877058881928,-0.99992654919,0.0,0.643899832244,0.237944663969,0.303598640113,1.0,-0.0577491428571,-0.0758988734694,1.205
0.450460181444,0.450599061142,-0.124479389694,-1.50724038186,0.0701168282039,1.94926660256,0.137744215483,-0.0539897593622,-0.298843342252,-0.000138435844023,-0.446355019638,-0.0307573020478,0.172800524514,-0.069420889059,0.573749876202,0.819014601432,0.00262851660218,0.0,0.818978947088,-0.573687322414,-0.0117084255713,0.0,-0.0080815804467,0.00887057826742,-0.999927997857,0.0,0.642957624079,0.236647865665,0.303715324826,1.0,-0.0608965714286,-0.0800354938775,1.222
0.449533612931,0.445453050939,-0.124529025286,-1.5150977987,0.069597050971,1.95197094062,0.136580593661,-0.0517933280336,-0.309615664887,-0.00082380818924,-0.470290290674,-0.0286768896076,0.160465174034,-0.0702127973957,0.573803089251,0.818977369285,0.00261347781861,0.0,0.818941415685,-0.573740468648,-0.0117294165744,0.0,-0.00810682482237,0.0088708314811,-0.999927791263,0.0,0.641894448577,0.235266850746,0.303738259358,1.0,-0.064044,-0.0841721142857,1.239
0.448600132064,0.440450165082,-0.124547080052,-1.5229229515,0.0690557461283,1.95458005858,0.13534716269,-0.0593425067146,-0.31328169476,-0.00331256331355,-0.498080137019,-0.0336034947381,0.164704346645,-0.0793993107339,0.573768376888,0.819002281783,0.0024205409206,0.0,0.818963572984,-0.573706215197,-0.0118571358384,0.0,-0.00832250217073,0.00878575357842,-0.999926770565,0.0,0.640801380635,0.233894708987,0.303663740589,1.0,-0.0670062857143,-0.0880654040816,1.255
0.447552026564,0.4348557747,-0.124554192195,-1.53137063562,0.0685055893423,1.95760645494,0.13396594632,-0.0605273776701,-0.338886875914,0.000851802932286,-0.488896825544,-0.0257117680687,0.186606795269,-0.07924400363,0.573720447627,0.819035398033,0.00257131196702,0.0,0.818998444307,-0.573657499744,-0.0118054272229,0.0,-0.00819416815348,0.00887908644147,-0.999927006052,0.0,0.639661404395,0.232418346558,0.303725631191,1.0,-0.0701537142857,-0.0922020244898,1.272
0.446341936814,0.428782891812,-0.124591696117,-1.54064410926,0.0678417768466,1.96092777333,0.132488080599,-0.068778709983,-0.345560018762,-0.00405014249403,-0.527323587271,-0.0436005977478,0.18278275611,-0.0830425252979,0.573745095581,0.819017920869,0.00263770618868,0.0,0.81898217204,-0.573682274724,-0.0117301512623,0.0,-0.00809415464949,0.00889052227087,-0.999927719025,0.0,0.638416369796,0.230734967796,0.303739356854,1.0,-0.0734862857143,-0.0965819755102,1.29
0.445219724294,0.423134892826,-0.124684157215,-1.54936581424,0.0672059072818,1.96376986364,0.131036690506,-0.0725513419291,-0.360288249409,-0.00487571802878,-0.551452045029,-0.0386747465199,0.177379127807,-0.0984327063383,0.57373614119,0.819024909035,0.00240532197486,0.0,0.818986244418,-0.573674297611,-0.0118354811875,0.0,-0.00831384257578,0.00876053758396,-0.999927063842,0.0,0.637181954319,0.229110955915,0.303678433324,1.0,-0.0764485714286,-0.100475265306,1.306
0.443954364446,0.416868451323,-0.12475681351,-1.55875924179,0.0665419866827,1.96705527536,0.129563830841,-0.0768788647361,-0.37673598582,-0.000898983779783,-0.551661580203,-0.040301525572,0.206125700539,-0.0874886583661,0.573828066662,0.818960190332,0.00251067014591,0.0,0.818923155558,-0.573766092764,-0.0117508717436,0.0,-0.00818311631017,0.00879919534442,-0.999927802778,0.0,0.635893184894,0.227364779748,0.303746267527,1.0,-0.079596,-0.104611885714,1.323
0.442612350731,0.410444384983,-0.124767825811,-1.56841582659,0.0658890028051,1.97046812378,0.127888644342,-0.0810399843931,-0.380371018445,-0.00226629540292,-0.576075570841,-0.0426463754856,0.194312254128,-0.102217240106,0.573779417467,0.818993791369,0.00266396157741,0.0,0.818958541442,-0.573716672619,-0.0116976005592,0.0,-0.0080520580868,0.00889368775357,-0.99992803075,0.0,0.634552590402,0.225591682905,0.303795362824,1.0,-0.0827434285714,-0.108748506122,1.34
0.441277018278,0.40428075739,-0.124830861276,-1.57794194294,0.0652073582418,1.97357996746,0.126357776658,-0.0823268767147,-0.387877294145,-0.00628366548347,-0.60116896897,-0.04186359505,0.202183677491,-0.101537503152,0.573859189322,0.818938621018,0.00243161192163,0.0,0.818900119712,-0.573797040506,-0.0118447094749,0.0,-0.00830499821642,0.00878861187876,-0.99992689098,0.0,0.63317286031,0.223784959693,0.303697070553,1.0,-0.0857057142857,-0.112641795918,1.356
0.439786043274,0.397384016517,-0.124901325837,-1.58805142969,0.0644899656118,1.97718247431,0.124602734753,-0.0913975217584,-0.404919039394,-1.88985166266e-05,-0.595869980336,-0.0501095061694,0.21260517131,-0.102341089634,0.573895633169,0.818912117569,0.0027373033716,0.0,0.818877933022,-0.573832744211,-0.0116472907609,0.0,-0.00796750663466,0.00892601848643,-0.999928419954,0.0,0.631777268488,0.221847342734,0.303845750977,1.0,-0.0888531428571,-0.116778416327,1.373
0.438211485479,0.390409071961,-0.124931529171,-1.59861551162,0.0636752936343,1.98070453255,0.122808935057,-0.0974770241502,-0.403546448699,-0.00185095683405,-0.619026715315,-0.0519218375007,0.211602077197,-0.104602162558,0.573916354101,0.818897923657,0.0026374282289,0.0,0.818862622259,-0.573854008414,-0.011676035101,0.0,-0.00804813709126,0.0088609294914,-0.999928353142,0.0,0.630241294367,0.21981591859,0.303812124206,1.0,-0.0920005714286,-0.120915036735,1.39
0.436706524507,0.383652164668,-0.124990720812,-1.60888409024,0.0628949986704,1.98397470155,0.120960923441,-0.0925904680862,-0.430834001097,-0.0092650734852,-0.630854874223,-0.0512554528414,0.214233474751,-0.12206875847,0.573846892039,0.818947319524,0.00240400572361,0.0,0.818908843301,-0.573785256118,-0.0118124141094,0.0,-0.00829452152739,0.00874734708408,-0.999927339776,0.0,0.628697055747,0.217837641051,0.303740231635,1.0,-0.0949628571428,-0.124808326531,1.406
