position_joint1,position_joint2,position_joint3,position_joint4,position_joint5,position_joint6,position_joint7,velocity_joint1,velocity_joint2,velocity_joint3,velocity_joint4,velocity_joint5,velocity_joint6,velocity_joint7,ee_T_00,ee_T_10,ee_T_20,ee_T_30,ee_T_01,ee_T_11,ee_T_21,ee_T_31,ee_T_02,ee_T_12,ee_T_22,ee_T_32,ee_T_03,ee_T_13,ee_T_23,ee_T_33,v_x,v_y,time
0.46508537915,0.547629436024,-0.123972185505,-1.35574812363,0.079446961434,1.89409501783,0.159184726334,0.0011577838223,-8.77093018728e-07,-0.00129127785968,-0.000526633566213,0.00012508777748,-0.000299356824338,-0.000417116070317,0.573786671406,0.81899030413,0.00211763071276,0.0,0.81894982136,-0.57372790999,-0.0117567978122,0.0,-0.00841392156694,0.00848029044886,-0.999928642753,0.0,0.661695646793,0.260910806981,0.303361161902,1.0,0.0,0.0,0.0
0.465084721056,0.547634023728,-0.123969105438,-1.35574534527,0.079445184754,1.89409395997,0.159180406245,0.000180681031737,-0.00310553783592,-0.0016036135608,-0.000231400318105,-0.000134179452773,0.000313431657465,-0.00066437913638,0.573780899215,0.818994355284,0.00211485453454,0.0,0.818953837897,-0.573722150704,-0.011758064722,0.0,-0.0084166117903,0.00847868442784,-0.999928633732,0.0,0.661695515293,0.260912063284,0.30335903717,1.0,-0.00014,-0.000184,0.008
0.465081500174,0.547631979315,-0.123972333543,-1.35574857461,0.0794437632213,1.89409229732,0.159181934986,-0.00136714772264,0.00131091925085,-0.000105319079859,-0.000213455543308,0.000124833041554,-0.00138588787269,0.000169608313053,0.573786829582,0.818990210306,0.00211104783109,0.0,0.818949667337,-0.573728119127,-0.0117573208141,0.0,-0.00841812521969,0.00847520092722,-0.999928650523,0.0,0.66169615875,0.260907363464,0.303358908061,1.0,-0.00046,-0.000604571428571,0.024
0.465075840353,0.54761639334,-0.123973312535,-1.3557609578,0.0794468300012,1.89409539954,0.159178051888,-3.50884638975e-06,0.000747286044006,-0.000260772348901,0.000125586492666,0.000175954782556,-0.000419289964212,-0.00368847611644,0.573790450259,0.818987654186,0.00211858072468,0.0,0.818947178133,-0.57373167904,-0.0117569892231,0.0,-0.0084134941336,0.00848121713585,-0.99992863849,0.0,0.661695880441,0.26090249535,0.303364362857,1.0,-0.0008,-0.00105142857143,0.041
0.465084964629,0.547518058202,-0.123967562927,-1.35585000352,0.0794457210797,1.89410986919,0.159183161787,0.00169528820615,-0.00621933872817,0.00107523222733,-0.0105538927265,-6.30744617195e-05,0.00687463106524,0.000735492314538,0.573787634336,0.818989560126,0.00214429234517,0.0,0.818949328636,-0.573728673871,-0.0117538421536,0.0,-0.0083961936643,0.00850043971993,-0.999928620681,0.0,0.661677313634,0.260903387575,0.303392704311,1.0,-0.00114,-0.00149828571429,0.058
0.465077532794,0.547383483222,-0.123967729178,-1.35601507642,0.0794392348827,1.89414572071,0.159182625622,-0.00101470375783,-0.00898278880962,0.00113723098591,-0.0144357544003,4.82104071487e-05,0.00273259347439,0.00148463212295,0.57380069797,0.81898038661,0.00215226834914,0.0,0.818940197548,-0.573741643212,-0.0117569802526,0.0,-0.00839405186486,0.00850890636479,-0.999928566652,0.0,0.661652515576,0.260881929808,0.303412569899,1.0,-0.00146,-0.00191885714286,0.074
0.465054186636,0.54722710224,-0.123967589645,-1.35622676528,0.0794374669507,1.89422064114,0.159171504124,-0.00284978890659,-0.0133091108305,0.00149663281623,-0.0110501370107,5.37197479384e-06,0.00548435190698,0.00147700154633,0.573821934431,0.818965445911,0.00217551625743,0.0,0.818925457041,-0.573762684273,-0.0117569063844,0.0,-0.00838043138135,0.00852812060257,-0.99992851721,0.0,0.661629210164,0.260848293864,0.303429082108,1.0,-0.00182,-0.002392,0.092
0.465037192554,0.547060619726,-0.123971133519,-1.35640788159,0.0794331825583,1.89433344009,0.15915765908,-0.00105834797052,-0.0130535796862,0.00548258035928,-0.0126284765571,0.000133329570337,0.00979299482851,0.00124979018765,0.5738362046,0.818955214864,0.00226124718031,0.0,0.818916359607,-0.573776648923,-0.0117089718012,0.0,-0.00829183233126,0.00857096926497,-0.999928889473,0.0,0.661620064031,0.260822667882,0.303470706931,1.0,-0.00212,-0.00278628571429,0.107
0.465015809998,0.546858380248,-0.123970737365,-1.35664427146,0.0794267558177,1.89445283598,0.159131797408,-0.0015711434497,-0.0135625239405,-0.000519191980656,-0.017170563867,0.000358788732605,0.00313977714797,-0.00355533808238,0.573843898424,0.818949607651,0.00233821952395,0.0,0.81891172362,-0.573784028993,-0.0116714991199,0.0,-0.00821689480648,0.00861257975481,-0.999929150545,0.0,0.661600851238,0.26079042419,0.303511780431,1.0,-0.00246,-0.00323314285714,0.124
0.464970117639,0.546599341174,-0.123968005982,-1.35700525615,0.0794153337678,1.89460314811,0.159094800274,-0.00791026003176,-0.0158960302201,0.000807587845566,-0.0213067772874,1.84558631861e-05,0.00598479278276,-0.00437864666355,0.573866336611,0.818933747928,0.00238560500498,0.0,0.818896398025,-0.573806207871,-0.0116564150551,0.0,-0.00817711414188,0.00864295395502,-0.99992921457,0.0,0.661566792578,0.260730690307,0.303536362221,1.0,-0.00284,-0.00373257142857,0.143
0.464940983906,0.546359496142,-0.123973348309,-1.3573606641,0.0794007707915,1.89473405006,0.158976632508,-0.000798644623266,-0.0182157913891,-0.000776326906644,-0.0337441769836,-0.00388962703005,0.016231981616,-0.00527128524713,0.573813152005,0.818970965907,0.00240218422771,0.0,0.818933788516,-0.573752925182,-0.0116523719707,0.0,-0.0081648512992,0.00865368072936,-0.999929222002,0.0,0.661527323786,0.260675817022,0.303548563977,1.0,-0.00314,-0.00412685714286,0.158
0.464904376732,0.546080413499,-0.123973850433,-1.35780482103,0.0793825862496,1.89489146921,0.158953899917,-0.00247472694435,-0.01565192625,-0.000143795342133,-0.0305032485721,-0.00368151968584,0.0114554492533,-0.00127382764664,0.573844847452,0.818948764509,0.00239980471776,0.0,0.818911474823,-0.573784539004,-0.0116638803405,0.0,-0.00817530695053,0.00865865196127,-0.999929093537,0.0,0.661474826565,0.260609994888,0.303548428365,1.0,-0.00348,-0.00457371428571,0.175
0.46486259534,0.545807369655,-0.123971097047,-1.3582534886,0.0793377904659,1.89503682396,0.158911349931,-0.00625086150705,-0.0206346355533,-0.00221029709832,-0.0307966998547,-0.00312597136143,0.0102011491442,-0.00807905358259,0.573855378177,0.818941486766,0.00236497185159,0.0,0.818903855878,-0.573795311339,-0.0116688652125,0.0,-0.00819926592737,0.00863309184148,-0.99992911837,0.0,0.661420784904,0.260536890006,0.303540646546,1.0,-0.00378,-0.004968,0.19
0.464809559836,0.545473415332,-0.123976465579,-1.35882359585,0.0792424700176,1.8952360227,0.158804332754,-0.00308726306768,-0.0182999989849,-0.00012603970495,-0.0312965497451,-0.00203265271706,0.00799390283924,-0.00659734517651,0.573821450313,0.818965449856,0.00229826094242,0.0,0.818927486438,-0.573762187566,-0.0116392000391,0.0,-0.00821360560744,0.00856109653132,-0.999929619678,0.0,0.661358786369,0.260433500815,0.303523019461,1.0,-0.00412,-0.00541485714286,0.207
0.464743174231,0.545049903935,-0.123973652732,-1.35956815511,0.0792396548387,1.89547462393,0.158751122472,-0.00308271350737,-0.0235384176849,0.000520562546753,-0.0392366480455,0.000413439292136,0.0134039862153,-0.000755707981667,0.573870949865,0.81893089582,0.00225114944462,0.0,0.81889188743,-0.573811404939,-0.0117173019256,0.0,-0.00830408521637,0.00856783216082,-0.999928814677,0.0,0.661263273564,0.260324144648,0.303489048801,1.0,-0.0045,-0.00591428571429,0.226
0.464679429883,0.544663182461,-0.123977892928,-1.36022184444,0.0792218648372,1.89570239702,0.15864399363,-0.00420899575896,-0.0228910161438,-5.18050611271e-05,-0.042766193008,-0.00242721097582,0.0105618455579,-0.0124325549265,0.573870101122,0.818931553014,0.00222832153346,0.0,0.81889205077,-0.573810439386,-0.0117531161741,0.0,-0.00834652421946,0.00856968175058,-0.999928445484,0.0,0.661187198968,0.260219602616,0.303471520062,1.0,-0.00482,-0.00633485714286,0.242
0.464609826004,0.544228710489,-0.123982857295,-1.36096414991,0.0791862026004,1.8959582617,0.158556978265,-0.00476678581959,-0.0255064915215,-0.00045201319279,-0.0463201756836,-0.00027838385706,0.0172789082933,-0.00453746067291,0.573891173856,0.818916897024,0.00218706200312,0.0,0.818876769474,-0.573831576717,-0.011785791439,0.0,-0.00839674017985,0.00855486065909,-0.999928151976,0.0,0.661100214467,0.260099891843,0.30344800274,1.0,-0.00516,-0.00678171428571,0.259
0.464554501121,0.543797762732,-0.123983094509,-1.36166207036,0.079152279599,1.89620438493,0.15846657112,-0.00175744779461,-0.0284924328398,-0.000141005056913,-0.0495301053551,-0.00530710467327,0.0180088128968,-0.00233904317052,0.57389241808,0.818916061153,0.00217351267807,0.0,0.818875662115,-0.573832776429,-0.0118043039593,0.0,-0.00841966339295,0.00855440187506,-0.999927963144,0.0,0.661016418962,0.259997209515,0.303442076542,1.0,-0.00546,-0.007176,0.274
0.464477065424,0.54328838961,-0.12398354144,-1.36250548372,0.0790987616693,1.89649688729,0.158368128924,-0.0037507609898,-0.0289595249755,-0.0037947495546,-0.0460979274738,-0.00113043390533,0.0184658238248,-0.00145327370306,0.573908154744,0.818905131366,0.00213603424149,0.0,0.818864235645,-0.573848648795,-0.0118253439269,0.0,-0.0084582373059,0.0085359477022,-0.999927795302,0.0,0.660917241596,0.259863530388,0.303426342032,1.0,-0.0058,-0.00762285714286,0.291
0.464398593865,0.542739609292,-0.123984903982,-1.36338195928,0.0790422688389,1.89680474632,0.158246122961,-0.00707708140224,-0.0324324980071,0.000440016516738,-0.0488849297176,-0.0028934087131,0.016743823094,0.000583871383597,0.5739070636,0.818905945796,0.00211688244392,0.0,0.818864808274,-0.57384764095,-0.0118345953502,0.0,-0.00847681570676,0.00852556254643,-0.999927726578,0.0,0.660815067825,0.25972580086,0.303424044028,1.0,-0.00614,-0.00806971428571,0.308
0.464325294851,0.54214622236,-0.123993011997,-1.36429419104,0.0789968852507,1.89714965268,0.158129317489,-0.00349913028643,-0.0370765431156,0.00085783620299,-0.0542809194951,-0.00556014719523,0.0248067264717,-0.0116192842157,0.573915744429,0.818899796748,0.00214198128487,0.0,0.818858941702,-0.573856177046,-0.0118266039673,0.0,-0.00845577719348,0.00854161920066,-0.999927767678,0.0,0.660712667964,0.259588242778,0.303439663344,1.0,-0.00648,-0.00851657142857,0.325
0.46424696963,0.541523527243,-0.123998118016,-1.36525954621,0.078942140733,1.89749477629,0.157997041879,-0.00181820643547,-0.0461767941283,-0.000967231973471,-0.0623885633831,5.27428557787e-06,0.02303520101,-0.0131674759668,0.57391403836,0.818900984265,0.00214509778649,0.0,0.818860137726,-0.573854426528,-0.0118287319176,0.0,-0.00845574914918,0.00854537489734,-0.999927735826,0.0,0.660599816806,0.259441688133,0.303450543745,1.0,-0.00682,-0.00896342857143,0.342
0.464163104803,0.540831045182,-0.12399704276,-1.36632615612,0.078866377263,1.8978955567,0.157849271838,-0.000870554775965,-0.0397161576187,0.0005984258473,-0.0569324256085,-0.0128570346465,0.0175256271973,-0.0084262880764,0.573899883934,0.818910860946,0.0021614686745,0.0,0.818870320846,-0.57384030419,-0.0118088876085,0.0,-0.0084302507851,0.00854724633589,-0.999927935129,0.0,0.660477560722,0.259284341308,0.303467067371,1.0,-0.00718,-0.00943657142857,0.36
0.464077192103,0.540162503189,-0.123996493627,-1.36733211264,0.0788146350152,1.89827053532,0.157729046606,-0.00647806495402,-0.0385066344246,0.000568588168583,-0.0618779078855,-0.000667018634117,0.0243572911316,-0.00494424614457,0.573913269003,0.81890138154,0.0021986075914,0.0,0.818861238654,-0.573853455719,-0.0117995800968,0.0,-0.00840117562746,0.00857245516818,-0.999927964036,0.0,0.660362656714,0.259134364843,0.303493250477,1.0,-0.0075,-0.00985714285714,0.376
0.463977456948,0.539471875675,-0.124000233155,-1.36839594692,0.0787569897155,1.89867398987,0.157602658298,-0.00498938420506,-0.0444326535236,0.00114658408809,-0.0642943876147,-0.00452293589005,0.0283572396218,-0.00702688823876,0.573937564806,0.818884278637,0.00222638903188,0.0,0.81884446217,-0.573877605499,-0.0117892994602,0.0,-0.00837655845231,0.00858955352788,-0.999928023829,0.0,0.660245346219,0.25896717899,0.303509997717,1.0,-0.00782,-0.0102777142857,0.392
0.463863741347,0.538589290715,-0.124000654231,-1.3697712885,0.0786805674253,1.89920261478,0.157431947443,-0.00448415522909,-0.0460525022442,0.000907001831913,-0.0717534410129,-0.00254141428941,0.0285552424468,-0.00933377668278,0.573946864341,0.818877671148,0.00225909484302,0.0,0.818838236766,-0.573886734075,-0.0117773241533,0.0,-0.00834788393621,0.00860955726671,-0.999928091593,0.0,0.660089676506,0.258763698565,0.303524702271,1.0,-0.00822,-0.0108034285714,0.412
0.463758805819,0.537917745811,-0.124014004907,-1.37084696491,0.0786190012713,1.89961593578,0.157288222231,-0.00916076092208,-0.043805289219,-0.000978007202974,-0.0744417218,-0.00115592230969,0.0299995069392,-0.0114673722929,0.573967489716,0.818863200843,0.00226405746385,0.0,0.818823874255,-0.573907382635,-0.0117697071878,0.0,-0.00833858135114,0.00860945935215,-0.999928170056,0.0,0.65997439256,0.258585905045,0.303523265749,1.0,-0.00852,-0.0111977142857,0.427
0.463655857501,0.5371026669,-0.124019769037,-1.37212400166,0.0785357719221,1.90007794942,0.157131561583,-0.011111563919,-0.0463724715127,-0.000229509871176,-0.076015130844,-0.00451415697809,0.024143035245,-0.0102964688236,0.573975554142,0.818857561747,0.00225914087292,0.0,0.818818225205,-0.573915520461,-0.0117658976119,0.0,-0.00833819875655,0.00860332896257,-0.99992822601,0.0,0.659824666843,0.258391628262,0.303531167446,1.0,-0.00886,-0.0116445714286,0.444
0.46355703588,0.536357513021,-0.124022639157,-1.37327276335,0.0784746524075,1.90051738512,0.15699484065,-0.00898450952548,-0.0542508383184,-0.000100968283594,-0.0824672471013,-0.00313062715739,0.0214686060328,-0.00867988953769,0.573993454712,0.81884492103,0.00229262992523,0.0,0.818805969892,-0.573933240364,-0.0117544109191,0.0,-0.00830938314026,0.00862434004638,-0.999928284884,0.0,0.659695123942,0.258218109821,0.303548598981,1.0,-0.00916,-0.0120388571429,0.459
0.463439466534,0.535492479952,-0.124026904959,-1.37465039073,0.0783930863445,1.90101093068,0.156821664295,-0.00346295398524,-0.0527671025302,-0.000803997218918,-0.0851930741988,-0.00401684265364,0.0259251422059,-0.00900146966021,0.574005095314,0.818836791055,0.00228190066518,0.0,0.818797653024,-0.573944870917,-0.0117658595406,0.0,-0.00832479376557,0.00862224424104,-0.999928174777,0.0,0.659522442686,0.25799692269,0.303548047067,1.0,-0.00952,-0.012512,0.477
0.463317618473,0.534590091117,-0.124027572372,-1.37608510082,0.0783188153174,1.90153654897,0.156648788351,-0.0107788722604,-0.0562295136195,0.000164920385233,-0.0870008200192,-0.00121580911138,0.0437019222071,-0.00993537548755,0.57402214504,0.818824855056,0.00227610355503,0.0,0.818785525966,-0.573961820844,-0.0117829361306,0.0,-0.00834192503632,0.00862747302462,-0.999927986905,0.0,0.659363417763,0.257790656037,0.303545678951,1.0,-0.00984,-0.0129325714286,0.493
0.463192469972,0.533678931589,-0.124032985129,-1.3775607678,0.0782230779153,1.90207837672,0.156468062351,-0.010179520412,-0.0518419603838,0.00109299090872,-0.0898856805457,-0.0087098768406,0.0315123080976,-0.00999934736363,0.574035574915,0.818815510887,0.00225050315172,0.0,0.81877590631,-0.573975406279,-0.0117896197332,0.0,-0.00836195103763,0.00861048467779,-0.99992796607,0.0,0.659191091118,0.257563083666,0.303533111073,1.0,-0.01018,-0.0133794285714,0.51
0.463072051475,0.532811780606,-0.124036453516,-1.37895699066,0.0781538942279,1.90260697307,0.156280842462,-0.00818261549679,-0.0599033871773,-0.00049189431152,-0.0903697763798,-0.0039637077587,0.0370629235818,-0.0117011798351,0.574041235715,0.818811527069,0.00225604478171,0.0,0.818771872855,-0.573980919711,-0.0118013105511,0.0,-0.00836828357046,0.00862179089918,-0.999927815671,0.0,0.659029964383,0.257352009345,0.303525976093,1.0,-0.0105,-0.0138,0.526
0.46294059835,0.531840496863,-0.124037259265,-1.38051115472,0.0780569471598,1.90318269031,0.156087994653,-0.0136456262021,-0.0573922013714,-0.0011903813204,-0.0886095146355,-0.00693984057033,0.0267650419814,-0.017793704422,0.574050330959,0.818805175914,0.00224684718105,0.0,0.818765411234,-0.573990058724,-0.0118051155969,0.0,-0.00837658308278,0.00861653716662,-0.999927791465,0.0,0.658847575205,0.25711657444,0.303520854212,1.0,-0.01084,-0.0142468571429,0.543
0.462816646268,0.530832521425,-0.124034753736,-1.38212547195,0.0779588396399,1.90375834907,0.155883423088,-0.00818198698761,-0.0545569657794,0.000227566026074,-0.0851765202108,-0.00557296653738,0.0314949302494,-0.0143551318228,0.574043993173,0.818809690353,0.00222076275692,0.0,0.818769523713,-0.573983758695,-0.011826186802,0.0,-0.00840887649594,0.00860721007605,-0.999927600745,0.0,0.65864905316,0.256881189028,0.303512631878,1.0,-0.01118,-0.0146937142857,0.56
0.462674808122,0.529811754168,-0.124039775116,-1.38377461767,0.0778670041581,1.90434787965,0.155661124831,-0.00837043266255,-0.059320457255,-0.000820674823597,-0.0954394758219,-0.0088429652014,0.0343569935982,-0.0163174390422,0.574046544257,0.81880798359,0.00219041920608,0.0,0.818767319778,-0.573986324236,-0.0118542209857,0.0,-0.00844922278742,0.00859848380171,-0.999927335715,0.0,0.658451009841,0.256627656355,0.303498084931,1.0,-0.01152,-0.0151405714286,0.577
0.462523831254,0.528629534656,-0.124040376732,-1.38563444735,0.0777400652448,1.9050461531,0.155412140955,-0.0128385994689,-0.0639702342569,-0.000464117581493,-0.103388229115,-0.00743400109023,0.0409626819291,-0.0172739228176,0.574034899558,0.8188161035,0.00220672609199,0.0,0.818775756277,-0.573974723192,-0.0118332147368,0.0,-0.00842278394957,0.00859965762782,-0.999927548675,0.0,0.658244831868,0.256367153068,0.303510927196,1.0,-0.01188,-0.0156137142857,0.595
0.462396375953,0.52757647619,-0.124035087162,-1.38724448598,0.0776538324157,1.90567980606,0.155189973776,-0.00460854873372,-0.0674294415542,0.000555195664876,-0.102049648438,-0.00734615895006,0.0368771601067,-0.0138710735799,0.574016330735,0.818828947174,0.00227029067794,0.0,0.818789346811,-0.573955827372,-0.0118093469875,0.0,-0.00836694968588,0.00863781415211,-0.999927688545,0.0,0.658045862739,0.256120451373,0.303535704789,1.0,-0.01222,-0.0160605714286,0.612
0.462239371056,0.526425681129,-0.124041095827,-1.38903708924,0.0775427386654,1.90635560681,0.154941399115,-0.00588584772009,-0.0694152012224,-0.00120141794231,-0.109263194671,-0.00810404547338,0.0446503776244,-0.0129492212088,0.57401254206,0.818831532392,0.00229565244362,0.0,0.818792304599,-0.573951986048,-0.0117909517024,0.0,-0.00833736929175,0.00864798321535,-0.999927847727,0.0,0.657838518606,0.25584386612,0.303551094163,1.0,-0.01256,-0.0165074285714,0.629
0.462103458872,0.525393027492,-0.124044280306,-1.3906615609,0.077423948177,1.90693721577,0.154733187012,-0.00982057836049,-0.0676923331313,-0.00164082550779,-0.111699386233,-0.0027747677941,0.0417795820619,-0.0149887385161,0.574010891981,0.81883274636,0.00227514324221,0.0,0.818793394223,-0.573950561929,-0.0117846060509,0.0,-0.00834396224226,0.00862753059527,-0.999927969411,0.0,0.657642558309,0.2555936455,0.303554826825,1.0,-0.01286,-0.0169017142857,0.644
0.46195136866,0.524213563597,-0.124056700528,-1.39252890218,0.0773169592811,1.90760668303,0.154470198784,-0.00483707539618,-0.0704270339129,-0.00144017925763,-0.117436945016,-0.00639353551098,0.0450058932551,-0.00951032431975,0.574000349273,0.818840178172,0.00226020926075,0.0,0.818800574876,-0.573940018979,-0.0117991566471,0.0,-0.00836456002888,0.0086235467086,-0.999927831685,0.0,0.657416030544,0.255308382214,0.303553914648,1.0,-0.0132,-0.0173485714286,0.661
0.46178327064,0.522956700056,-0.124058538999,-1.39455108829,0.0771884404167,1.90836687161,0.154194505747,-0.00780612594306,-0.0677110627388,0.000506178951334,-0.117345989133,-0.00380347965117,0.049916900489,-0.0142292954957,0.573985155789,0.818850843806,0.00225464684126,0.0,0.818811223042,-0.573924905323,-0.01179537922,0.0,-0.00836481930113,0.00861666861441,-0.99992788881,0.0,0.657162512479,0.254986941827,0.303542283422,1.0,-0.01358,-0.017848,0.68
0.461625479219,0.521717404528,-0.12406204841,-1.39651381043,0.0770721822464,1.90913215894,0.153928945727,-0.00315759923057,-0.0727191895501,0.00117992269792,-0.112855646384,-0.00680252523021,0.0505578157953,-0.0201448825395,0.573975639535,0.818857432674,0.00228409196075,0.0,0.818818192131,-0.573915274795,-0.0117801737618,0.0,-0.00833556806323,0.0086319550106,-0.999928001237,0.0,0.656945830638,0.254714782318,0.303544019702,1.0,-0.0139,-0.0182685714286,0.696
0.461454407627,0.520465829592,-0.12406346115,-1.39852508764,0.0769425382243,1.90988400748,0.153662042539,-0.0120668424134,-0.0755962241226,0.000688611423136,-0.117690732795,-0.00437108812245,0.0467919818454,-0.0150542567959,0.573970560802,0.818861028489,0.00227117962288,0.0,0.818821666469,-0.573910293952,-0.0117813376889,0.0,-0.00834398557951,0.00862199808413,-0.999928016936,0.0,0.656705346148,0.254409368653,0.303531052805,1.0,-0.01424,-0.0187154285714,0.713
0.461303772157,0.519300729821,-0.124068462535,-1.40032637704,0.0768284225226,1.91053098846,0.153411568335,-0.0165114112523,-0.0774843032089,-0.000328984690801,-0.11948401402,-0.00127040263789,0.0467375666832,-0.0244982336095,0.573957222938,0.818870359628,0.00227755593158,0.0,0.818831089383,-0.573896942599,-0.0117768092853,0.0,-0.00833675817742,0.0086244844051,-0.999928055778,0.0,0.656485350893,0.254134530753,0.303547954794,1.0,-0.01454,-0.0191097142857,0.728
0.461118131135,0.517855769395,-0.124076965887,-1.40255602376,0.076674984138,1.91133644847,0.153105303926,-0.0149433859422,-0.0800133312678,-0.00171092536699,-0.128392615887,-0.0127100555286,0.0505685055431,-0.0214293294537,0.573941089087,0.818881648873,0.00228435935336,0.0,0.818842600979,-0.573880923585,-0.0117570092937,0.0,-0.00831680902512,0.00861852740629,-0.999928273264,0.0,0.65621423494,0.253791974299,0.303570859388,1.0,-0.0149,-0.0195828571429,0.746
0.460936627373,0.516527436372,-0.124084008954,-1.4046836353,0.0765516048739,1.91210814191,0.152808719506,-0.00896880900391,-0.0771537243902,-0.00138511496083,-0.127739877715,-0.00445293558395,0.0534111087776,-0.0227871538542,0.573931146442,0.818888679218,0.00226209956054,0.0,0.818849259155,-0.573870981121,-0.0117785699672,0.0,-0.00834734502159,0.00861257253273,-0.999928070126,0.0,0.655953618979,0.25346614788,0.303557186325,1.0,-0.01524,-0.0200297142857,0.763
0.460741062938,0.515059328042,-0.124089753525,-1.40698609553,0.0763981365667,1.91298576987,0.152502536046,-0.00967629040399,-0.0786536419903,6.97257941429e-05,-0.128501712451,-0.0111793991702,0.0447996640705,-0.00927601896574,0.573924743042,0.818893093803,0.00228848154437,0.0,0.818854155436,-0.573864622024,-0.0117479621812,0.0,-0.00830720643944,0.00861654469355,-0.999928370174,0.0,0.65568044711,0.253115317416,0.303566965632,1.0,-0.0156,-0.0205028571429,0.781
0.460560670107,0.513728760911,-0.124090532345,-1.40911781777,0.0762784041616,1.91372981173,0.152204279885,-0.0106788319253,-0.0812416967533,0.000886995361147,-0.13251784326,-0.0035642382299,0.0471750056613,-0.0192637576242,0.57390843427,0.818904640792,0.00224616656288,0.0,0.818864961859,-0.573848279578,-0.0117929286625,0.0,-0.00836848631183,0.00860753404273,-0.999927936801,0.0,0.655409846122,0.252792276477,0.303549469449,1.0,-0.01592,-0.0209234285714,0.797
0.460389952272,0.512490476577,-0.124095079727,-1.41113294453,0.0761654747678,1.9144274575,0.151931223463,-0.00889283867528,-0.0866245499488,-0.000221967727802,-0.132185490127,-0.0106811986876,0.0437978072166,-0.015801835799,0.573902945957,0.818908656184,0.00218365502756,0.0,0.818867985935,-0.573842853515,-0.0118468553732,0.0,-0.00844858024288,0.00858723572428,-0.999927437805,0.0,0.655152564517,0.252484016545,0.3035185543,1.0,-0.01622,-0.0213177142857,0.812
0.460184302641,0.511048926368,-0.124109465221,-1.41342674024,0.076020887172,1.91529173592,0.151600166775,-0.0113657809993,-0.0877016782816,-0.000498809767576,-0.130967305662,-0.00508017559939,0.0570247843338,-0.0190023930104,0.573891531913,0.818916647766,0.00218643788002,0.0,0.818876097577,-0.573831515176,-0.011835366887,0.0,-0.00843769446643,0.0085828037979,-0.999927567772,0.0,0.654879532216,0.252122934476,0.30351168379,1.0,-0.01656,-0.0217645714286,0.829
0.459961290352,0.509390678231,-0.124104985894,-1.41605896708,0.0758566718304,1.91627540134,0.151232541232,-0.0128882332189,-0.0909941192266,0.00116357281992,-0.139468487667,-0.00328645642381,0.0470239729915,-0.0277075390295,0.573862820311,0.818936752005,0.00219239188949,0.0,0.818896248828,-0.573802752731,-0.0118356036729,0.0,-0.00843477272413,0.00858751973443,-0.999927551933,0.0,0.654555454576,0.251729209513,0.303504650794,1.0,-0.01694,-0.022264,0.848
0.459709266372,0.507624103436,-0.124118482276,-1.41883911957,0.0756773099453,1.91726977703,0.150837047054,-0.0133767164393,-0.0897031303497,-0.0015125569684,-0.140060177282,-0.00269254075905,0.0522075362855,-0.015054622597,0.573850555775,0.818945409171,0.0021687176423,0.0,0.818904640037,-0.5737906258,-0.0118429376244,0.0,-0.00845449232065,0.00857221431969,-0.999927516724,0.0,0.65421192511,0.2512883234,0.303503803942,1.0,-0.01734,-0.0227897142857,0.868
0.459524947257,0.506344624122,-0.124116148847,-1.42085658515,0.075547850045,1.91800639253,0.150567520491,-0.0105576000845,-0.0945224166886,0.000164398465441,-0.148014346599,-0.0135130806969,0.0575700504301,-0.0155107879771,0.573848410812,0.81894692321,0.00216454959673,0.0,0.818906088636,-0.573788486238,-0.0118464322472,0.0,-0.00845976848012,0.00857078417692,-0.999927484359,0.0,0.653962314505,0.250975693481,0.303501949057,1.0,-0.01762,-0.0231577142857,0.882
0.459343366954,0.505039294473,-0.124114589647,-1.42287689657,0.0754252522713,1.9187881761,0.150298620025,-0.00736338236844,-0.0875149871742,0.00290436200882,-0.138218378815,-0.0162893197573,0.0545195102045,-0.0254932583087,0.573846382372,0.818948185345,0.00222397382777,0.0,0.818908173361,-0.57378627552,-0.0118093407379,0.0,-0.00839531414378,0.00859814334647,-0.999927792709,0.0,0.653704754443,0.250642997073,0.303522054035,1.0,-0.01792,-0.023552,0.897
0.459112831327,0.503394360941,-0.12411784552,-1.4253514783,0.0752682948625,1.91972956963,0.149947343297,-0.011572066965,-0.0957618744883,0.00124088987497,-0.143032262076,-0.0033080022048,0.0491536401987,-0.0233264062418,0.573835433984,0.818955612093,0.00231236400991,0.0,0.818916757164,-0.573774998212,-0.0117619370604,0.0,-0.00830588762312,0.00864321630262,-0.99992815094,0.0,0.653424121347,0.250282563941,0.303573224893,1.0,-0.01824,-0.0239725714286,0.913
0.458853585597,0.501483783215,-0.12413168416,-1.42817134568,0.0750857297668,1.92076803174,0.149556604824,-0.0140769752526,-0.105278635007,0.000289996503259,-0.154545554939,-0.0100920604771,0.0556330036835,-0.0177620709124,0.573832439,0.818957410239,0.00241641616736,0.0,0.818920009646,-0.573771725851,-0.0116949269466,0.0,-0.00819133351896,0.0086899473132,-0.999928690893,0.0,0.653081175034,0.249836770811,0.303655191055,1.0,-0.01862,-0.024472,0.932
0.458619810115,0.499773232217,-0.124129862286,-1.43077163005,0.0749224332195,1.92167937338,0.149190783854,-0.014916500566,-0.103160066447,0.000677777985633,-0.15259976831,-0.0103211602844,0.0563899740042,-0.0186206502488,0.573811098819,0.818972303084,0.00243650460323,0.0,0.818935072127,-0.573750218462,-0.0116953562111,0.0,-0.008180385261,0.00870643189736,-0.999928637124,0.0,0.652748216897,0.249434868692,0.303689895787,1.0,-0.01896,-0.0249188571429,0.949
0.458395452316,0.498315844309,-0.124132371309,-1.43308139841,0.0747803491312,1.9225510887,0.148851787974,-0.0131150114378,-0.0943801998902,0.000241906025836,-0.152995940562,-0.0145503608746,0.0640448693465,-0.0216281772393,0.573798257809,0.81898125709,0.00245087177847,0.0,0.81894420045,-0.573737314015,-0.0116892240309,0.0,-0.00816725604507,0.00871455139523,-0.999928673718,0.0,0.652467225205,0.249068428787,0.303682552103,1.0,-0.01926,-0.0253131428571,0.964
0.458119030909,0.496536340305,-0.124129865687,-1.43590474967,0.0746075171136,1.92356119913,0.148433964065,-0.0181933163052,-0.0954031036349,-5.13618076902e-05,-0.159500825787,-0.00848196610861,0.0599464128334,-0.0269741709032,0.573776862938,0.818996326286,0.00242404374003,0.0,0.818958792312,-0.573715882242,-0.0117187823011,0.0,-0.00820708527209,0.00870932576156,-0.999928393134,0.0,0.652110574572,0.248618938178,0.303666580492,1.0,-0.01962,-0.0257862857143,0.982
0.457868999255,0.494971233766,-0.124129865691,-1.43847786723,0.074441662515,1.92444715876,0.148075416553,-0.0167911035535,-0.0917129208015,-0.000805734864714,-0.160329819522,-0.0120630120853,0.061187512275,-0.0110346767526,0.573772650862,0.818999587664,0.00231677144797,0.0,0.81896056112,-0.573711968014,-0.0117866021084,0.0,-0.008324223027,0.00866034111982,-0.999927850299,0.0,0.651776370458,0.248204979863,0.303609087139,1.0,-0.01994,-0.0262068571429,0.998
0.457573601377,0.493126955722,-0.124132271724,-1.44145125969,0.0742583439953,1.92553060527,0.147654604892,-0.0173721602836,-0.107555838963,0.0012014487987,-0.167481514983,-0.00946268233764,0.0608341858492,-0.0298943271135,0.573771613034,0.8190004281,0.00227634556694,0.0,0.81896079069,-0.573710997244,-0.0118178616559,0.0,-0.00837303047691,0.00864515775638,-0.999927574181,0.0,0.651403319867,0.247726880677,0.303572016649,1.0,-0.02166,-0.0284674285714,1.016
0.45731575201,0.491445609361,-0.124131530817,-1.44412384346,0.0740888265207,1.926506041,0.147277295688,-0.0159816145558,-0.110114639699,0.00204993428595,-0.181533436425,-0.0140527405577,0.0588483300567,-0.0235454778012,0.57376110471,0.819007834728,0.00226014995487,0.0,0.818967942321,-0.573700507426,-0.0118314889305,0.0,-0.00839359455729,0.00863960485615,-0.999927449767,0.0,0.651065328974,0.247303656691,0.303554476457,1.0,-0.02334,-0.0306754285714,1.031
0.457005585422,0.489548025252,-0.124142647789,-1.44722512928,0.0739082464673,1.92758527253,0.146835553787,-0.023092331556,-0.121198078125,-0.00169805687269,-0.205730791359,-0.0124661661016,0.0751348325138,-0.0216796127267,0.573767102779,0.819003906621,0.00215861279799,0.0,0.818962459138,-0.57370667031,-0.0119119211594,0.0,-0.00851766339553,0.00860265696535,-0.999926719167,0.0,0.650664125761,0.246796960617,0.303492098802,1.0,-0.025132,-0.0330306285714,1.047
0.456653697453,0.487290962951,-0.124160709281,-1.45069808858,0.073689136044,1.9289065937,0.146315992928,-0.0240093786299,-0.136803309802,-0.00382841732969,-0.209014419814,-0.00845832446166,0.0829152606701,-0.0324196942887,0.573756009852,0.819011456578,0.0022409937405,0.0,0.818971188269,-0.573695358142,-0.0118564637409,0.0,-0.00842509414092,0.00863819294548,-0.999927197056,0.0,0.650242178648,0.246229974651,0.303522630478,1.0,-0.027036,-0.0355330285714,1.064
0.456192960514,0.484424190228,-0.124192764932,-1.45505417189,0.0734238373055,1.93053421422,0.145664025983,-0.0244130599889,-0.150313170872,-0.000708533442739,-0.226837186465,-0.00428088681532,0.0838773320838,-0.0333674930042,0.573765814047,0.819004267731,0.00235520086277,0.0,0.818965536155,-0.573704772327,-0.0117911704532,0.0,-0.00830598886399,0.00869436624448,-0.999927706659,0.0,0.64971127553,0.245501071174,0.303581712412,1.0,-0.029276,-0.0384770285714,1.084
0.455847207927,0.482310113844,-0.124232736193,-1.45835020377,0.0732114293095,1.9316421558,0.145156480567,-0.0228735860724,-0.150488034373,-0.00318740702988,-0.239254025661,-0.0182768094658,0.0899533740699,-0.0366486661515,0.573765603781,0.819004614972,0.00228461648646,0.0,0.818964969035,-0.573704836748,-0.0118273702416,0.0,-0.00837613654904,0.00865732577825,-0.999927442891,0.0,0.649284497967,0.244931819369,0.303576814661,1.0,-0.030844,-0.0405378285714,1.098
0.455423258677,0.47973691703,-0.124263378741,-1.46232651645,0.0729682005136,1.93309750665,0.144581137019,-0.0280203824729,-0.166960978743,-0.000792118382072,-0.247619778715,-0.0116049805923,0.0937480400482,-0.0372485566247,0.573792035758,0.818985981593,0.00232563020242,0.0,0.818946865913,-0.573731103981,-0.0118066945547,0.0,-0.00833539142787,0.00867932197351,-0.999927592689,0.0,0.648788534166,0.244261399927,0.30359505329,1.0,-0.032636,-0.0428930285714,1.114
0.454941159281,0.476867435356,-0.124286715118,-1.46671215873,0.0726996440018,1.93470144077,0.143951187301,-0.0268892545257,-0.166174824201,-0.000969942321735,-0.263960663051,-0.0208249378683,0.0953091221114,-0.0280758499108,0.573827806242,0.818960705331,0.00239975177352,0.0,0.818922508102,-0.573766541449,-0.0117740620989,0.0,-0.00826575606715,0.00872166288503,-0.99992780233,0.0,0.648240052964,0.243519413808,0.30363459277,1.0,-0.03454,-0.0453954285714,1.131
0.454420116983,0.473841246858,-0.124307713625,-1.47135603985,0.0724186791218,1.93640405541,0.143273337068,-0.0289225331461,-0.174948341571,-0.00234538044562,-0.284554086623,-0.0126471034355,0.10325657406,-0.0396483340416,0.573862346699,0.818936281464,0.00247403386704,0.0,0.818898954831,-0.573800700699,-0.0117475340116,0.0,-0.00820103734878,0.00876761998763,-0.999927933316,0.0,0.64765762117,0.242730250631,0.303666180493,1.0,-0.036444,-0.0478978285714,1.148
0.453817594415,0.470308601222,-0.124317005855,-1.4768230101,0.0720699054353,1.93830549635,0.142450043129,-0.0348172958179,-0.191312844495,-0.00127043898815,-0.284915156579,-0.0161069327362,0.106794609334,-0.034878171862,0.573854174476,0.818942089255,0.00244699511292,0.0,0.818904209419,-0.573792414884,-0.0117858948661,0.0,-0.00824805693101,0.00876740836703,-0.999927548429,0.0,0.64694045087,0.241808169467,0.30367060817,1.0,-0.038572,-0.0506946285714,1.167
0.453296646796,0.46713682202,-0.124312405273,-1.48157349923,0.0717567242649,1.94014483188,0.141680799011,-0.0353347139939,-0.2054657899,0.000523372087211,-0.303472413081,-0.02474457164,0.109293380293,-0.0473009781847,0.573787723488,0.818987983077,0.00266061097982,0.0,0.818953042173,-0.57372537889,-0.0116555237258,0.0,-0.00801942822427,0.00886688259561,-0.999928531028,0.0,0.646350276288,0.241028567388,0.303758064725,1.0,-0.040364,-0.0530498285714,1.183
0.452704444047,0.463670098927,-0.124319072105,-1.486951814,0.0713971758932,1.94197930297,0.140867450303,-0.0382167717837,-0.208049416191,-0.000575147558469,-0.32368043443,-0.0204277360778,0.103366477435,-0.0483751808497,0.57376537574,0.819003866618,0.00258978151645,0.0,0.818967862214,-0.573703125753,-0.0117094433016,0.0,-0.00810446962507,0.00883959115728,-0.999928087014,0.0,0.645627705618,0.240119740482,0.303747808739,1.0,-0.042268,-0.0555522285714,1.2
0.452110006976,0.460298529624,-0.124324781187,-1.49223306441,0.0710367992838,1.94382524478,0.140092944856,-0.0363464618151,-0.213527355133,-0.00131947422672,-0.335114899836,-0.0267371795544,0.114192666591,-0.0487895959706,0.573769187504,0.819001402561,0.00252368300693,0.0,0.818964506778,-0.57370714094,-0.0117473390189,0.0,-0.0081733895334,0.00880723753988,-0.99992781153,0.0,0.644924550217,0.239221607703,0.303716525546,1.0,-0.04406,-0.0579074285714,1.216
0.451488444654,0.456854493535,-0.12432585739,-1.4976534676,0.0706755548398,1.94575567667,0.139248581001,-0.0396171621586,-0.209755749682,-0.000470398079407,-0.348688844806,-0.0217682242819,0.122696639196,-0.0629825141889,0.573739134268,0.819022598549,0.00247705010397,0.0,0.818985008026,-0.573677168786,-0.0117817461875,0.0,-0.00822864771432,0.00878848496263,-0.999927523318,0.0,0.644205722889,0.238299552522,0.303673457658,1.0,-0.045852,-0.0602626285714,1.232
0.450688947525,0.452536348164,-0.124372555137,-1.50433498541,0.0702115934879,1.9481024845,0.138180713583,-0.0376680607658,-0.236966578973,-0.0036569881338,-0.355145800539,-0.0286788377142,0.132435192855,-0.0552796396655,0.573731422691,0.819028118006,0.00243791598257,0.0,0.818990210697,-0.573669808794,-0.0117784617959,0.0,-0.00824849141116,0.00875447151821,-0.999927658192,0.0,0.643326571357,0.237111944456,0.303664693084,1.0,-0.04798,-0.0630594285714,1.251
0.449995638559,0.448689571422,-0.124429375148,-1.5101026652,0.069829930053,1.95024386589,0.137317506968,-0.0461279551659,-0.236757868115,-0.00378124949679,-0.365673412129,-0.0244324727652,0.126599820631,-0.0543984161812,0.573792097176,0.818985103464,0.00260315657816,0.0,0.818949644065,-0.573730202343,-0.0116568566467,0.0,-0.00805343745013,0.00882063619947,-0.999928666717,0.0,0.642541317797,0.23602379122,0.30374621275,1.0,-0.049884,-0.0655618285714,1.268
0.449216378295,0.444482346533,-0.124443763566,-1.51655708778,0.0693937226631,1.95236787916,0.136353490259,-0.0426239922296,-0.243885723399,-0.000120069623647,-0.379942521415,-0.0261443051233,0.134378738015,-0.0590491545782,0.573818750663,0.818966748796,0.00250053103335,0.0,0.818929661899,-0.57375690072,-0.0117462606487,0.0,-0.00818525754969,0.00878815284327,-0.999927882364,0.0,0.641693848469,0.234950235294,0.303739942589,1.0,-0.051676,-0.0679170285714,1.284
0.448422879925,0.440223716402,-0.124449401342,-1.52316126553,0.0689292386961,1.95467594801,0.135283534907,-0.0499023065749,-0.248995019686,0.000503482168747,-0.391918492961,-0.0209917506159,0.13602433851,-0.0599980081613,0.573760741686,0.819007537414,0.00245190969396,0.0,0.818969824431,-0.573699085039,-0.0117700211476,0.0,-0.00823323620267,0.00876138479867,-0.999927723367,0.0,0.640792103227,0.233800631999,0.303710090712,1.0,-0.05358,-0.0704194285714,1.301
0.447566204549,0.435807772226,-0.124453618189,-1.52990680762,0.0684893848516,1.95710224317,0.134190991572,-0.0533797983861,-0.272324690555,-0.00192919378829,-0.392219769382,-0.0296908692684,0.146261624229,-0.0669792352584,0.57374602383,0.81901759507,0.00253495698986,0.0,0.818980793703,-0.573683882769,-0.0117477273589,0.0,-0.00816748868993,0.00881646269301,-0.999927778449,0.0,0.63988732876,0.232609888746,0.303725978669,1.0,-0.055484,-0.0729218285714,1.318
0.446718605589,0.431495916609,-0.124489093456,-1.5363589122,0.068011562649,1.95946723854,0.13314048457,-0.0548059374486,-0.26156657087,-0.00335753714368,-0.412682578456,-0.0375842195968,0.14400094672,-0.0719206135423,0.573750843854,0.819013811558,0.00266318520049,0.0,0.818979170121,-0.57368878947,-0.011620612946,0.0,-0.00798975683532,0.00884860005222,-0.999928930506,0.0,0.638979799736,0.231357682741,0.303786725408,1.0,-0.057388,-0.0754242285714,1.335
0.445781458183,0.426831037836,-0.124535084128,-1.54363801469,0.0674912774733,1.96179905891,0.131984505532,-0.0521329157824,-0.284737167624,-0.00296046819093,-0.430033557687,-0.0295816215875,0.140397849141,-0.0684397741054,0.573773404303,0.818998729935,0.00243059262978,0.0,0.818960934287,-0.573712031931,-0.0117575265829,0.0,-0.00823509765328,0.00873688467672,-0.999927922409,0.0,0.638001320577,0.230090935152,0.303716357413,1.0,-0.05918,-0.0777794285714,1.351
0.444933121175,0.422575581928,-0.124577580193,-1.55012945777,0.0670145529614,1.96398642084,0.13090322524,-0.0527119599583,-0.286679786535,0.000562940516391,-0.433793539758,-0.0337006326589,0.14008789554,-0.0719237150696,0.573754939681,0.819011862185,0.002363407162,0.0,0.818973343424,-0.57369397947,-0.0117740215316,0.0,-0.00828735039733,0.00869113781036,-0.999927889374,0.0,0.637093553787,0.228894809771,0.303710154468,1.0,-0.06086,-0.0799874285714,1.366
0.44373101144,0.416716661242,-0.124604952603,-1.55884759966,0.0664232040945,1.96714102537,0.129506881463,-0.0614011047803,-0.29686250627,0.000348132974416,-0.435812460538,-0.0290927852526,0.167721569668,-0.075658038469,0.573816659438,0.818967891389,0.00260405968492,0.0,0.818932560757,-0.573754886606,-0.0116420758246,0.0,-0.00804054912574,0.00881313600493,-0.99992883657,0.0,0.635915459285,0.22729162134,0.303809630578,1.0,-0.0631,-0.0829314285714,1.386
0.442857193095,0.412568491225,-0.124614625408,-1.56511897496,0.0659892246224,1.96938402929,0.128417783956,-0.0616007645562,-0.296717688806,-0.000349948734132,-0.452703005722,-0.028032217632,0.150057412086,-0.0793922446507,0.573785263622,0.818989586186,0.00269738223866,0.0,0.818955460987,-0.573723169523,-0.0115941611259,0.0,-0.00794809956082,0.00886176532926,-0.999929145904,0.0,0.635052733106,0.226136785405,0.303828870265,1.0,-0.064668,-0.0849922285714,1.4
