position_joint1,position_joint2,position_joint3,position_joint4,position_joint5,position_joint6,position_joint7,velocity_joint1,velocity_joint2,velocity_joint3,velocity_joint4,velocity_joint5,velocity_joint6,velocity_joint7,ee_T_00,ee_T_10,ee_T_20,ee_T_30,ee_T_01,ee_T_11,ee_T_21,ee_T_31,ee_T_02,ee_T_12,ee_T_22,ee_T_32,ee_T_03,ee_T_13,ee_T_23,ee_T_33,v_x,v_y,time
0.465063764062,0.547807662152,-0.124005946204,-1.35585427746,0.0795757097984,1.89409447606,0.159153564855,0.0007812196656,0.000769179619232,-0.000510973389583,2.79232854573e-05,-7.54969068611e-05,0.000246631734015,-0.001982826036,0.573842670733,0.818951517499,0.00193600974021,0.0,0.818907546598,-0.573783527437,-0.0119850184873,0.0,-0.00870446616746,0.00846309094479,-0.999926301464,0.0,0.661672621106,0.260882800026,0.303185687462,1.0,0.0,0.0,0.0
0.465058065477,0.547796684927,-0.124005883652,-1.35585201906,0.0795757098546,1.89409519798,0.159159701059,-0.00019155688039,-0.00339816603335,1.40435010886e-05,0.00079488817763,0.000155473153925,-0.000513718045271,-0.000102929046134,0.573852181648,0.818944824509,0.00194805790186,0.0,0.818901016019,-0.573792991174,-0.0119781527464,0.0,-0.00869183157303,0.00846911873751,-0.999926360334,0.0,0.661675048089,0.260879530136,0.303194599195,1.0,-0.00028,-0.000368,0.015
0.465059551641,0.547797278842,-0.124004040293,-1.35586333815,0.0795756921404,1.89409557469,0.159155733774,0.000349744382493,-0.000663162065595,-0.00135783362427,-0.000730675078577,-0.000118193997153,-0.000222476279767,-0.000807343048337,0.573847044536,0.81894844563,0.00193901463575,0.0,0.818904496984,-0.573787871452,-0.0119854201318,0.0,-0.00870302566678,0.0084658287185,-0.999926290828,0.0,0.661671700438,0.260880249026,0.303188763001,1.0,-0.00062,-0.000814857142857,0.032
0.465054260328,0.547777213536,-0.12400412949,-1.35588247669,0.0795735232184,1.89410028567,0.15916204074,-0.0004934685271,-0.00224178971425,0.00065348895789,-0.00252674292278,-0.000173453513713,0.000208864514671,0.00102248018673,0.57385707289,0.818941408059,0.00194344088417,0.0,0.818897525353,-0.573797887751,-0.0119822320565,0.0,-0.00869777117682,0.00846773057542,-0.999926320443,0.0,0.661670306842,0.260874657792,0.303194276602,1.0,-0.00094,-0.00123542857143,0.048
0.465053488862,0.547666324362,-0.12400143616,-1.35600179705,0.0795716237585,1.89412098308,0.15915448472,-0.000454189700194,-0.0134465018733,0.000449830069222,-0.0108493350747,-0.000116836561193,0.00457511717796,-0.000451443637638,0.57385559559,0.818942405499,0.00195928239343,0.0,0.818898637074,-0.573796253433,-0.0119845168916,0.0,-0.00869056751551,0.00848199906505,-0.999926262145,0.0,0.661649703581,0.260864099922,0.303217744904,1.0,-0.00128,-0.00168228571429,0.065
0.465048178567,0.547531186322,-0.1240020545,-1.35618928478,0.0795683134246,1.89415016785,0.159147771125,4.42906431284e-05,-0.00795231372548,0.000102172851362,-0.0101956067299,-4.96528405617e-05,-0.000434506010798,-0.00137004190292,0.573864200614,0.81893640824,0.00194561402399,0.0,0.818892336132,-0.57380479337,-0.0120061580511,0.0,-0.00871604510897,0.00848331603586,-0.999926029218,0.0,0.66161781889,0.260841189047,0.303226787916,1.0,-0.00162,-0.00212914285714,0.082
0.465025213456,0.547373497947,-0.124008998338,-1.3563997089,0.0795647052419,1.89426158346,0.159149869227,-0.000473983025729,-0.0082102320469,-0.000390557853907,-0.0131833943866,-0.000243624101044,0.00967580294588,-0.00483192668701,0.573900609605,0.818910768274,0.00199769897312,0.0,0.818867379729,-0.573840980873,-0.0119787305945,0.0,-0.0086633167316,0.00851061516982,-0.999926255467,0.0,0.66160375024,0.260806061352,0.303248233552,1.0,-0.00196,-0.002576,0.099
0.465007008012,0.54719461963,-0.124004180413,-1.35660183038,0.0795638657577,1.89437388367,0.159135577759,-0.00249725133415,-0.0121508853444,0.000289256108763,-0.015463640069,-5.44070630402e-05,0.00379518369183,0.000690319282933,0.573911723247,0.818902773138,0.00208061720077,0.0,0.818860396695,-0.57385167918,-0.011943530831,0.0,-0.00858679016649,0.0085584321636,-0.999926507436,0.0,0.661588220493,0.260782668035,0.303288327087,1.0,-0.00228,-0.00299657142857,0.115
0.46497645989,0.546975621662,-0.124001923282,-1.35688210026,0.0795590655646,1.89450478988,0.159114995161,-0.00233410844421,-0.0174504653353,0.0011932657893,-0.0194915232254,-0.000394859559719,0.00141225701189,-0.00349682341531,0.57393284892,0.818887796292,0.00214683861226,0.0,0.81884620606,-0.573872454198,-0.0119182227995,0.0,-0.00852783984812,0.00859835576302,-0.999926669424,0.0,0.661563551956,0.260741494081,0.303321327369,1.0,-0.00262,-0.00344342857143,0.132
0.464938766371,0.546742760364,-0.124009115323,-1.35724154106,0.0795529584611,1.89463445474,0.159084624939,-0.00223861331883,-0.0125951755303,-0.0012262115236,-0.0235926232994,2.85269738243e-05,0.0021386870026,-0.0027343432283,0.573962356153,0.818867090365,0.00215613969039,0.0,0.818825512945,-0.573901810587,-0.0119263597455,0.0,-0.00852885523811,0.00861094951526,-0.999926552391,0.0,0.661524919064,0.260680600075,0.303326654563,1.0,-0.00296,-0.00389028571429,0.149
0.464899483976,0.546455336507,-0.124002028629,-1.35764805921,0.0795421270698,1.89478835702,0.15895751187,-0.00181659246432,-0.0188957316023,0.00183523839961,-0.026949108034,0.000134930040617,0.000183330804447,-0.00380756295243,0.573905341198,0.818906943437,0.00219641432815,0.0,0.818865732408,-0.573844479001,-0.0119236365625,0.0,-0.00850411226676,0.00864177351814,-0.999926497211,0.0,0.661479137049,0.260622935408,0.303349824776,1.0,-0.0033,-0.00433714285714,0.166
0.46485157296,0.546159607132,-0.124005244625,-1.35812966546,0.0795293820787,1.89495767216,0.158933437414,-0.00212541864602,-0.0189739906749,0.000444291712489,-0.0301839825479,-0.000237967337062,0.00788702515139,-0.00118589237326,0.573950644592,0.818875209694,0.00218984516249,0.0,0.818833769034,-0.573889657119,-0.0119443309909,0.0,-0.00852435117559,0.00864874215455,-0.99992626463,0.0,0.661424094706,0.260545524367,0.303344794452,1.0,-0.00364,-0.004784,0.183
0.464801844529,0.545853958494,-0.124004800276,-1.35864822926,0.0795075306576,1.89513052453,0.158880206104,-0.00441379000129,-0.0225992167938,-0.000409590432043,-0.0334983389615,-0.00127451830908,0.0135425789531,-0.00606874475205,0.573970593201,0.818861304812,0.00216067643131,0.0,0.818819362435,-0.573909599968,-0.0119737073526,0.0,-0.00856493758144,0.00864192599376,-0.99992597674,0.0,0.661361630286,0.260463537732,0.303329347146,1.0,-0.00396,-0.00520457142857,0.199
0.464750356482,0.545513150558,-0.12400486308,-1.35925972564,0.0794239091194,1.89534174721,0.158776574914,-0.0045805998687,-0.0228591638414,-9.76717877728e-05,-0.0386189380187,-0.00904481230286,0.0132546806954,-0.00496113719423,0.573939895952,0.818883020997,0.00208342476246,0.0,0.818840455754,-0.573879612096,-0.0119685313304,0.0,-0.00860535777804,0.00857537521105,-0.999926202656,0.0,0.661290375631,0.260362124709,0.303297773908,1.0,-0.0043,-0.00565142857143,0.216
0.464683274125,0.545109152999,-0.124005113211,-1.35994556271,0.0793902098545,1.89556420706,0.158712109359,-0.00287860024463,-0.0262915128832,0.0017524529162,-0.0370274844242,-0.000747759196128,0.0119029253531,-0.00189700504093,0.573971415041,0.818861046395,0.0020367412917,0.0,0.818817750611,-0.573911202303,-0.0120070835759,0.0,-0.00866339117475,0.0085596074726,-0.999925836637,0.0,0.661207179789,0.260251150218,0.303276596514,1.0,-0.00464,-0.00609828571429,0.233
0.464625002063,0.544680666264,-0.124006025832,-1.36066255504,0.0793700164517,1.89580983046,0.15861829327,0.000613098927769,-0.0271757471443,0.000986165984547,-0.044390237341,-0.000510368164347,0.0107867515236,-0.00823017634915,0.573977526567,0.818856822788,0.00201237939467,0.0,0.818812963126,-0.573917174535,-0.0120480327101,0.0,-0.0087108424003,0.0085632272187,-0.999925393399,0.0,0.661119107142,0.260146006704,0.303259946564,1.0,-0.00498,-0.00654514285714,0.25
0.464558629293,0.544241304548,-0.124013684524,-1.36138207676,0.0793400043088,1.89607416284,0.158529662666,-0.00576046365803,-0.0271028665196,-0.00036914290636,-0.0457555748136,-0.0050468164542,0.0176431204468,0.000640269463779,0.573991880218,0.818846798434,0.00199725774305,0.0,0.818802610617,-0.573931463311,-0.0120709225012,0.0,-0.00873811542098,0.00856413624268,-0.999925147653,0.0,0.661031371768,0.260025708757,0.303245681535,1.0,-0.00532,-0.006992,0.267
0.464490580897,0.543731983925,-0.124011275193,-1.36220575589,0.0793057268644,1.89636049901,0.158429392279,-0.00394254319848,-0.031478844148,0.000650292524661,-0.0501823975936,-0.0010737658932,0.0131433410771,-0.00830772199021,0.574005472025,0.818837291796,0.00198860499019,0.0,0.818792835127,-0.573944938449,-0.0120932904951,0.0,-0.00876125615053,0.00857003543657,-0.999924894621,0.0,0.660938597088,0.259910339547,0.303244658831,1.0,-0.00564,-0.00741257142857,0.283
0.46441099387,0.543204865884,-0.124011853963,-1.36306423,0.079253415284,1.89665576216,0.1583045096,0.000434969813686,-0.0271908603173,0.00155357878549,-0.0532152294807,-0.00434792118312,0.0174957154706,-0.00750270419312,0.574002547319,0.818839416816,0.00195756000685,0.0,0.818794515655,-0.573942112382,-0.0121136150078,0.0,-0.00879574866849,0.00855625000373,-0.999924709861,0.0,0.660837408619,0.259773988911,0.303234554906,1.0,-0.00598,-0.00785942857143,0.3
0.464328242093,0.542634783462,-0.124014892549,-1.36396104369,0.0792039839466,1.89697454801,0.158201403286,-0.002341189337,-0.0360058951089,0.000940164939902,-0.0515534849029,0.00034101716021,0.0236263599501,-0.00317176729912,0.574024651983,0.818823933064,0.00195255216492,0.0,0.818778912172,-0.573964183569,-0.0121225353531,0.0,-0.00880569660424,0.00855750743328,-0.999924611545,0.0,0.660734306784,0.259632209459,0.303238655439,1.0,-0.00632,-0.00830628571429,0.317
0.464246649367,0.542034052625,-0.124020824012,-1.36488834781,0.0791561908252,1.89732979294,0.158068418082,-0.00693139482207,-0.0361225042467,-1.56176598332e-05,-0.0529849048871,-0.0030304977331,0.024047378729,-0.00473326756848,0.574025610337,0.818823196499,0.00197950866692,0.0,0.818778493738,-0.573964989709,-0.0121126249043,0.0,-0.00878209865307,0.00857390110225,-0.999924678645,0.0,0.66063238803,0.2594890508,0.303253106185,1.0,-0.00666,-0.00875314285714,0.334
0.464162464949,0.541390451882,-0.124023704298,-1.36586401753,0.0790954785628,1.89768685364,0.157932550768,-0.00583121089191,-0.0403682126653,0.0004669892671,-0.0622601293318,-0.00757033583711,0.0227220034928,-0.0108340327894,0.574023228051,0.818824817937,0.00199952230779,0.0,0.818780396704,-0.573962539607,-0.0121000827395,0.0,-0.00876036580862,0.0085830634728,-0.999924790678,0.0,0.660521338609,0.259338813925,0.303274795977,1.0,-0.007,-0.0092,0.351
0.464078015956,0.540741900267,-0.124021182177,-1.36686092991,0.0790330131243,1.89805762286,0.157829330759,-0.00549773004895,-0.0413589902801,0.00098115911525,-0.0653196100938,-0.00162931831903,0.0224637565393,-0.00599235628418,0.574044700614,0.81880972049,0.00201748104973,0.0,0.818765540394,-0.573983937572,-0.012090333882,0.0,-0.00874184949736,0.00859240148591,-0.99992487253,0.0,0.66040700745,0.259189731736,0.303290793911,1.0,-0.00732,-0.00962057142857,0.367
0.463987072398,0.540010664438,-0.124027864522,-1.36796609803,0.078963921923,1.89846521049,0.157682603259,-0.00737844370379,-0.0465787838502,0.00108784333376,-0.0669490108234,-0.0058869592634,0.0230409431067,-0.00538720396923,0.574046429162,0.818808443985,0.00204355726815,0.0,0.81876465242,-0.573985600246,-0.0120715184892,0.0,-0.00871145654802,0.00860297017348,-0.999925046906,0.0,0.660281163492,0.259020696529,0.303317089949,1.0,-0.00766,-0.0100674285714,0.384
0.463883766099,0.539264358411,-0.124030110522,-1.36911811142,0.0789034705687,1.89891420435,0.157538060555,-0.00571426598778,-0.0460515040772,-0.000479144117608,-0.0699280531452,-0.00257176374117,0.0279990485921,-0.0111789032308,0.574061979858,0.818797440361,0.00208370841684,0.0,0.818754127628,-0.574000931623,-0.0120563629821,0.0,-0.00867583561404,0.00862731057292,-0.999925146893,0.0,0.660154631624,0.258844918618,0.303335088615,1.0,-0.008,-0.0105142857143,0.401
0.463783030321,0.53859668129,-0.124036793557,-1.37016324246,0.0788439827831,1.89931872073,0.157414242764,-0.0120818981013,-0.0446864731715,-0.000767722682492,-0.0719802094447,0.000290794611361,0.0303865041611,-0.00897110004682,0.574089753208,0.818777911093,0.00210581764268,0.0,0.818734906061,-0.574028626305,-0.0120431175702,0.0,-0.00865200561639,0.00863810311384,-0.999925260194,0.0,0.660041960304,0.258677068404,0.303344580233,1.0,-0.0083,-0.0109085714286,0.416
0.463667841333,0.537716481738,-0.124044962682,-1.37154151112,0.0787617362278,1.89984239421,0.157243200846,-0.00233794630048,-0.0511856791306,-0.000684158990741,-0.0724872846298,-0.00576741854081,0.032030059952,-0.00468326751449,0.57410391591,0.818767931195,0.00212496691307,0.0,0.818725215089,-0.5740427452,-0.0120289551126,0.0,-0.00862926699189,0.00864580068587,-0.999925390158,0.0,0.659886613684,0.258466478358,0.303355854441,1.0,-0.00868,-0.011408,0.435
0.46355160798,0.536889273352,-0.124043571712,-1.37284288668,0.0786904534741,1.90031708428,0.157081105596,-0.00557236079339,-0.0497304514136,0.00126252814686,-0.074069441942,-0.00210320191729,0.0246988339895,-0.00948249693376,0.574117985574,0.81875805412,0.00212940267998,0.0,0.818715298653,-0.574056696887,-0.0120380817256,0.0,-0.00863404473231,0.00865482041369,-0.999925270885,0.0,0.659735070823,0.258267647226,0.303361596036,1.0,-0.00902,-0.0118548571429,0.452
0.463446285988,0.536079789127,-0.124051967005,-1.37408686403,0.0786247971457,1.90078692435,0.156924555136,-0.00984007476291,-0.0520231378378,0.000412607921183,-0.0815662346028,-0.00250005787165,0.0191574762317,-0.0118260774952,0.57413286168,0.818747536745,0.00216220120337,0.0,0.818705170783,-0.574071394245,-0.012025994558,0.0,-0.00860516123786,0.00867489099415,-0.999925345947,0.0,0.65959423686,0.25807750842,0.303381895283,1.0,-0.00934,-0.0122754285714,0.468
0.463328774111,0.535189087348,-0.124055258547,-1.37549406278,0.0785344849325,1.90130122445,0.156762403646,-0.00405446631974,-0.0475147042927,0.000227781711896,-0.0847218115521,-0.0108273934206,0.0281346503475,-0.01278358682,0.574151689289,0.818734350472,0.0021559093533,0.0,0.818691940725,-0.574090284469,-0.0120249062713,0.0,-0.00860768293619,0.00866931277286,-0.999925372621,0.0,0.65942955115,0.257863035933,0.303385329283,1.0,-0.00968,-0.0127222857143,0.485
0.463207722428,0.534289545726,-0.124055667276,-1.37695809816,0.0784601316856,1.90182884373,0.156579434036,-0.00700535814889,-0.0533993910748,0.000819805868325,-0.0889688019251,-0.00447772630865,0.0312085903325,-0.0124064077656,0.57416164179,0.818727435635,0.00213122887698,0.0,0.818684531731,-0.574100167121,-0.0120574673124,0.0,-0.00864840694715,0.00866790622715,-0.999925033419,0.0,0.659253554219,0.257644766637,0.30336887701,1.0,-0.01002,-0.0131691428571,0.502
0.463073512143,0.53336306091,-0.124058044016,-1.37844070475,0.0783760634325,1.90238449938,0.156397682777,-0.00807390541622,-0.0570553744982,0.00071873089533,-0.0874185525364,-0.00164801262891,0.0345085943142,-0.0170227872762,0.574183110937,0.818712377672,0.00213182133601,0.0,0.818669432877,-0.57412158227,-0.0120629741865,0.0,-0.00865234822403,0.00867177996836,-0.999924965736,0.0,0.659083545855,0.257415180858,0.303364881096,1.0,-0.01036,-0.013616,0.519
0.462954123558,0.532482876607,-0.124060928436,-1.37988193233,0.0782987134853,1.90292862565,0.156207603874,-0.00643332862834,-0.0630036685452,-0.00134115491252,-0.096172148576,-0.00680218881834,0.0273540979943,-0.00637245359819,0.574185456079,0.818710763398,0.0021201001069,0.0,0.818667579709,-0.574123891244,-0.0120788383759,0.0,-0.00867204182821,0.00867131749478,-0.999924799144,0.0,0.658915204934,0.257199691927,0.303346786132,1.0,-0.01068,-0.0140365714286,0.535
0.462813907731,0.531504630746,-0.124055647974,-1.38145782352,0.0782083624427,1.90349377921,0.156009579493,-0.00782163943861,-0.0541947989922,0.00120665537564,-0.098910573536,-0.00132444502551,0.0372617073339,-0.0155936063486,0.574196054247,0.818703392924,0.00209585394193,0.0,0.81865976697,-0.57413446724,-0.0121056339008,0.0,-0.00870778921367,0.00866696538566,-0.999924526211,0.0,0.658726062393,0.256959892516,0.3033350703,1.0,-0.01102,-0.0144834285714,0.552
0.462675007704,0.530496509285,-0.124064162399,-1.38310008717,0.078104539256,1.90407062721,0.155805698315,-0.0109499004522,-0.056583677725,-0.00177401469158,-0.0981906503467,-0.0108733885247,0.0327018412971,-0.0106375765105,0.574210219406,0.818693593811,0.0020421274382,0.0,0.818649269059,-0.574148868115,-0.0121325352943,0.0,-0.00876051243192,0.00863857820729,-0.99992431133,0.0,0.658527645132,0.256704111564,0.303314050029,1.0,-0.01136,-0.0149302857143,0.569
0.462530412428,0.529436894767,-0.124064843933,-1.38473251454,0.0780003596298,1.90468090395,0.155577217881,-0.010084330653,-0.0659131752496,0.000408070087667,-0.0936355165741,-0.00237443863788,0.0370201187023,-0.0116964141929,0.574202707485,0.818698790399,0.00207080104792,0.0,0.818654884607,-0.574141275557,-0.0121129068915,0.0,-0.00872805790737,0.00865070187836,-0.99992449033,0.0,0.658338799365,0.256453208142,0.303336360391,1.0,-0.0117,-0.0153771428571,0.586
0.462404973128,0.52841685715,-0.124072677081,-1.38633583979,0.0779038326836,1.90528874176,0.155356846821,-0.00703993374536,-0.0718475752873,-0.000108147428485,-0.101177699064,-0.00943275645877,0.0420044550803,-0.0111106522335,0.574187491132,0.818709406347,0.00209281813097,0.0,0.818665815594,-0.574125992856,-0.0120984959925,0.0,-0.00870377875907,0.00866029045988,-0.999924618961,0.0,0.658139043775,0.256200785917,0.303345498915,1.0,-0.01204,-0.015824,0.603
0.462266332442,0.527300831063,-0.124068444045,-1.38807368303,0.0777955598844,1.90596386278,0.15511317372,-0.00404611429436,-0.068793558688,0.00045550167639,-0.105104923188,-0.00867816848182,0.0403393409883,-0.011493476163,0.574160028952,0.818728583168,0.00212489062169,0.0,0.818685430175,-0.574098414973,-0.0120798694518,0.0,-0.00867040499541,0.00867556221834,-0.999924776519,0.0,0.657934248444,0.255946981357,0.303355161254,1.0,-0.01238,-0.0162708571429,0.62
0.462113799091,0.526142733452,-0.124070849918,-1.38988598113,0.0776808690521,1.9066335707,0.154874614683,-0.0104334245913,-0.0650626872164,0.000556686972888,-0.108629928661,-0.00697615614743,0.0344573492211,-0.0190673290434,0.574165948071,0.818724388164,0.00214177560872,0.0,0.818681503572,-0.57410430924,-0.0120658494774,0.0,-0.00864916914799,0.00868139912398,-0.999924909772,0.0,0.657733579443,0.255687893875,0.303371716508,1.0,-0.0127,-0.0166914285714,0.636
0.461960371386,0.524964000726,-0.124075223701,-1.39173275438,0.0775638577913,1.9072927295,0.154622554524,-0.0143292832427,-0.0644999263696,-9.1470117565e-05,-0.110379402959,-0.0123205260856,0.0413222158564,-0.0151209058668,0.574156059094,0.818731351162,0.00213104012382,0.0,0.81868832784,-0.57409446875,-0.012071027724,0.0,-0.00865967721627,0.00867547841261,-0.99992487021,0.0,0.657509114732,0.255406541594,0.303379106073,1.0,-0.01304,-0.0171382857143,0.653
0.461807696617,0.523780183616,-0.124085793089,-1.39362262743,0.0774416520931,1.90797726659,0.154375603582,-0.00872758852172,-0.0698395571679,-0.000842267427683,-0.112432311588,-0.0150209108875,0.0409167111847,-0.0163682430174,0.574154883752,0.818732241433,0.0021055173198,0.0,0.818688947522,-0.574093465453,-0.0120767143572,0.0,-0.00867899877772,0.00865783497654,-0.999924855614,0.0,0.657280615241,0.255117943315,0.303371659692,1.0,-0.01338,-0.0175851428571,0.67
0.461653541572,0.522630645163,-0.124079556642,-1.39544804445,0.0773377667894,1.90867887539,0.154121828428,-0.0098733767308,-0.0657479597038,0.00200954760777,-0.115384649503,-0.0012424390632,0.0436201528522,-0.0134883988147,0.574137539806,0.818744344363,0.00212858188929,0.0,0.818701286739,-0.574075960124,-0.0120723651668,0.0,-0.00866237978924,0.00867403777029,-0.9999248593,0.0,0.657050018865,0.254831879924,0.303371526674,1.0,-0.01372,-0.018032,0.687
0.461474610056,0.521238832433,-0.124088008992,-1.39767596043,0.0772015563412,1.90953480315,0.15381540378,-0.0121419386783,-0.073786021224,-0.000682214032619,-0.123722926146,-0.00951103119062,0.0417726711926,-0.0158581295283,0.574123302064,0.818754291867,0.00214254015537,0.0,0.818711451454,-0.574061699761,-0.012061137067,0.0,-0.00864532394426,0.00867886909507,-0.999924964987,0.0,0.656801963467,0.25451685698,0.303363417267,1.0,-0.01408,-0.0185051428571,0.705
0.46132550249,0.520096973773,-0.124098364904,-1.39947268674,0.0770881197212,1.91018895718,0.153583310143,-0.00950545798563,-0.0763753674206,-0.000987553371645,-0.121706332701,-0.00877723026638,0.0448446955926,-0.0102397890645,0.574127836449,0.818751126903,0.00213693969192,0.0,0.818708256262,-0.574066300415,-0.0120590529258,0.0,-0.00864678458665,0.00867313511957,-0.999925002109,0.0,0.656584921983,0.254240699833,0.303367202318,1.0,-0.01438,-0.0188994285714,0.72
0.46115234842,0.518755704324,-0.124099305359,-1.40155254449,0.0769536172569,1.91093383136,0.153298521711,-0.00758999008048,-0.0772290044563,-0.00100762734879,-0.122626863917,-0.00768940592217,0.0421945004683,-0.0223303519598,0.574111191028,0.818762794225,0.0021386983876,0.0,0.818719954201,-0.574049657328,-0.0120571313215,0.0,-0.00864437788564,0.00867329605712,-0.999925021522,0.0,0.656328825804,0.253926072628,0.303383429165,1.0,-0.01472,-0.0193462857143,0.737
0.460969674962,0.51731914721,-0.124102363619,-1.40379918505,0.0768067184124,1.91174314965,0.152980696893,-0.0090355342819,-0.081358288775,-0.00104942451107,-0.125233715763,-0.00871488342328,0.0420375097012,-0.0183530989428,0.574081983152,0.818783290162,0.00213243354704,0.0,0.81874040214,-0.574020513685,-0.0120561467303,0.0,-0.0086474773772,0.0086672929962,-0.999925046775,0.0,0.656051410609,0.253587847579,0.303392378475,1.0,-0.01508,-0.0198194285714,0.755
0.460788000648,0.515962423541,-0.124108885458,-1.40593678887,0.076676295075,1.91254666457,0.152690580843,-0.0104728125584,-0.080389022561,-1.7045640808e-05,-0.123222207727,-0.00191546877197,0.0494724951048,-0.0160919858125,0.574075774172,0.818787600668,0.00214881412642,0.0,0.818744942139,-0.574014251772,-0.0120459697261,0.0,-0.00862980686727,0.00867479711046,-0.999925134362,0.0,0.655795382179,0.253262425361,0.303396421208,1.0,-0.01542,-0.0202662857143,0.772
0.460615796618,0.514747175011,-0.124109584994,-1.40788920377,0.0765524883035,1.91328023793,0.152426876351,-0.011244283317,-0.0817491606702,0.000351097874771,-0.132036553138,-0.0107348049731,0.046446070034,-0.0130359337153,0.574070986917,0.818790977159,0.00214116873564,0.0,0.818748241766,-0.574009520517,-0.0120471516507,0.0,-0.00863521408738,0.00866916528357,-0.999925136523,0.0,0.655560787767,0.252963118632,0.303382796912,1.0,-0.01572,-0.0206605714286,0.787
0.460429357439,0.513354287687,-0.12410677837,-1.41015303852,0.0764126129757,1.91406329442,0.15210992767,-0.00903580276142,-0.0774506337116,-0.00405364939927,-0.135892190427,-0.00770937650773,0.0507160895024,-0.0186872284957,0.574043103753,0.818810717179,0.00206672888578,0.0,0.81876687071,-0.573981821414,-0.0121007031245,0.0,-0.00872208852078,0.00863866064261,-0.999924646518,0.0,0.655269641087,0.252622794642,0.303349284378,1.0,-0.01606,-0.0211074285714,0.804
0.460207094088,0.511738929933,-0.12411848283,-1.41271400226,0.076258471407,1.91498181023,0.151751131676,-0.00644553300093,-0.0833132416143,-0.00059946597678,-0.137622067507,-0.010536637905,0.0526240111601,-0.0249339820252,0.574032117151,0.818818480104,0.00204255255583,0.0,0.818774256505,-0.573970881041,-0.0121198804779,0.0,-0.00875178492089,0.00862975625018,-0.999924463931,0.0,0.654952818573,0.252225115642,0.303341883311,1.0,-0.01644,-0.0216068571429,0.823
0.460016673516,0.510359730474,-0.124121596619,-1.41489515956,0.0761212442505,1.91582158359,0.151433276947,-0.00888265122148,-0.0864527543117,0.000254555440413,-0.136574660445,-0.00902490993302,0.0514712856772,-0.0207968024021,0.574007096354,0.81883595191,0.0020698058788,0.0,0.818792143128,-0.573945802778,-0.0120991209274,0.0,-0.00871940668076,0.00863988840796,-0.9999246593,0.0,0.654692726245,0.251892678691,0.303342258031,1.0,-0.01676,-0.0220274285714,0.839
0.459817106904,0.508852403383,-0.124121708574,-1.4172766585,0.0759742473107,1.91668282063,0.151111082192,-0.00984392544981,-0.0926876059787,0.00168274053136,-0.136567850443,-0.0118927185743,0.0538039005379,-0.0217192353225,0.573990954453,0.818847296753,0.00205808324989,0.0,0.818803268697,-0.573929648466,-0.0121125011086,0.0,-0.00873726201292,0.00863779766876,-0.999924521503,0.0,0.654393703322,0.251533934177,0.303338252537,1.0,-0.0171,-0.0224742857143,0.856
0.459627981939,0.507528698624,-0.124133525512,-1.41937526287,0.0758447719664,1.91743312634,0.150814679476,-0.0144423492345,-0.0935955886149,-0.00111267522651,-0.140503313936,-0.0155035093887,0.0545310795942,-0.0222284028342,0.573985372804,0.818851268715,0.00203431378858,0.0,0.818806910306,-0.57392415203,-0.0121267577075,0.0,-0.00876263782604,0.00862645781751,-0.999924397344,0.0,0.654133518247,0.251201720889,0.303330730266,1.0,-0.0174,-0.0228685714286,0.871
0.45940956386,0.50596705275,-0.124136958614,-1.42182094489,0.0756917871663,1.91834360735,0.150479986306,-0.0110099830923,-0.0920953869472,-0.000826285318378,-0.143393439541,-0.00687628350792,0.0482739003254,-0.0185746067295,0.573977861126,0.818856486038,0.00205356046663,0.0,0.818812388341,-0.573916566125,-0.0121158873653,0.0,-0.00874276890723,0.00863589813366,-0.999924489777,0.0,0.653834338824,0.250824304467,0.303337527452,1.0,-0.01774,-0.0233154285714,0.888
0.459162426794,0.504132571569,-0.124138713342,-1.4245933275,0.0755158608981,1.91940225323,0.150101409988,-0.013798487654,-0.0953876104658,-0.000470491313403,-0.146714015362,-0.00685303516364,0.047393507676,-0.0214744843225,0.573966937745,0.818863889168,0.00215227618128,0.0,0.818821163951,-0.57390530212,-0.0120562251988,0.0,-0.0086373710391,0.00868237110859,-0.999925003314,0.0,0.653500492245,0.250400336128,0.303391546213,1.0,-0.01812,-0.0238148571429,0.907
0.458944375525,0.502565968455,-0.124144015706,-1.42692508916,0.0753695390412,1.92028738379,0.149770397522,-0.0150955000601,-0.0948751387064,-0.000358045959781,-0.145096921534,-0.00888839300196,0.0575983466636,-0.0272346652498,0.573958456483,0.818869565517,0.00225206643953,0.0,0.818828212346,-0.573896475612,-0.0119975350404,0.0,-0.00853212758324,0.00873031031569,-0.999925489464,0.0,0.653221566373,0.250035164596,0.303452536829,1.0,-0.01844,-0.0242354285714,0.923
0.458715428643,0.500853758213,-0.12414394428,-1.42950423133,0.0751981572676,1.92118633523,0.149414955007,-0.0154439423281,-0.0978050189562,0.000275823143131,-0.151176862617,-0.0172015186002,0.050863252414,-0.018052542663,0.573939842851,0.818882545714,0.0022759643413,0.0,0.818841502302,-0.573877764272,-0.0119855197366,0.0,-0.00850877140606,0.0087427897003,-0.999925579449,0.0,0.652891471269,0.249635739152,0.303497840271,1.0,-0.01878,-0.0246822857143,0.94
0.458451579845,0.499039949816,-0.124142368244,-1.43228022358,0.075024986274,1.92219718402,0.149025626612,-0.0148083398346,-0.0984348039634,0.00314601475056,-0.155027599514,-0.0119098207349,0.0628831478688,-0.0243108808561,0.573930494618,0.818888980415,0.00231775839154,0.0,0.81884843231,-0.573868195791,-0.0119701990003,0.0,-0.00847233934707,0.00876812387186,-0.999925666972,0.0,0.652546192782,0.249199733581,0.30352935131,1.0,-0.01914,-0.0251554285714,0.958
0.458208818483,0.497464697358,-0.124142192479,-1.43475835117,0.0748773509593,1.92311606996,0.148656600656,-0.0146624143131,-0.102387890029,0.000530437245184,-0.159732166246,-0.00947173012078,0.0583011964937,-0.0356649998563,0.573913085605,0.818901136217,0.00233370411685,0.0,0.818860705735,-0.573850630853,-0.0119726761552,0.0,-0.00846540351264,0.00878242320414,-0.999925600225,0.0,0.652240672298,0.248806816401,0.303527791232,1.0,-0.01946,-0.025576,0.974
0.45796276382,0.495902065689,-0.124139482539,-1.4372926849,0.0747234661102,1.92400213513,0.148285897814,-0.0151597187635,-0.0954791499841,0.00130209696446,-0.161690658575,-0.00409702783257,0.0482136572166,-0.0272306343304,0.573890773527,0.818916966236,0.00226481192565,0.0,0.818875472904,-0.573828434908,-0.0120263904998,0.0,-0.00854916633814,0.00875660207505,-0.999925114034,0.0,0.651891951064,0.248377972384,0.303494432976,1.0,-0.0198,-0.0260228571429,0.991
0.457704536769,0.494314272052,-0.124144415435,-1.43987601939,0.0745584640644,1.92489982317,0.147924754465,-0.0192265489324,-0.100788606267,-0.00230700495799,-0.162076811325,-0.00510085747068,0.0561900050145,-0.0196562261874,0.573900152509,0.818910632553,0.0021766355298,0.0,0.818867875097,-0.573838069129,-0.0120838923195,0.0,-0.0086467580503,0.00871749239493,-0.999924616609,0.0,0.65158284091,0.247981268812,0.303441664578,1.0,-0.0238914285714,-0.0314001632653,1.006
0.457406944503,0.491978350871,-0.124234930717,-1.44333309175,0.0743604369205,1.92618814684,0.147425326947,-0.0123265484528,-0.164630536242,-0.0028025947518,-0.24266297479,-0.0145570627189,0.0944644219367,-0.0320117866771,0.573911001278,0.818902641407,0.0023180617267,0.0,0.818861969288,-0.573848571315,-0.0119849636916,0.0,-0.0084844653664,0.00877664408059,-0.999925489407,0.0,0.65113212827,0.247375333561,0.303535820963,1.0,-0.0371902857143,-0.0488786612245,1.023
0.456935027752,0.488332896824,-0.124272485927,-1.44912904825,0.0740555827599,1.92839847497,0.146546539613,-0.037903846946,-0.225386168909,-0.00206640805233,-0.362001817792,-0.0239224207972,0.131998761495,-0.0589438800142,0.573822759025,0.818964308725,0.00237679623076,0.0,0.818924093709,-0.573759780684,-0.0119912348637,0.0,-0.0084568461073,0.00882742912817,-0.999925276333,0.0,0.650432946136,0.246543043847,0.303505498084,1.0,-0.0504891428571,-0.0663571591837,1.04
0.456244825682,0.483674170055,-0.124366078252,-1.45647263695,0.073624801006,1.93114791537,0.145419905385,-0.0483819989074,-0.294806286499,-0.00532887088554,-0.470737514474,-0.030460115911,0.169803761162,-0.0783973710139,0.573780588996,0.818993721698,0.0024220677137,0.0,0.818954182842,-0.573717523858,-0.0119580987294,0.0,-0.00840418689818,0.00884505771229,-0.999925564528,0.0,0.649521446529,0.245347612535,0.303486503832,1.0,-0.063788,-0.0838356571429,1.057
0.455358093787,0.477882241786,-0.124537498763,-1.46567908445,0.0730693004258,1.93432705628,0.144049324147,-0.0575827131712,-0.365763432492,-0.00790808794642,-0.579103832319,-0.0317698721912,0.196856850611,-0.0768876077064,0.573807556369,0.818975449123,0.00220201917493,0.0,0.818933027204,-0.573745381013,-0.0120698642363,0.0,-0.00862169014753,0.00872925359722,-0.999924730463,0.0,0.648328477618,0.243784113495,0.303400445103,1.0,-0.0770868571429,-0.101314155102,1.074
0.454322198695,0.471418627354,-0.124671437075,-1.47580163866,0.0724829661865,1.93789081018,0.142588491989,-0.0674645711399,-0.420663166662,-0.00833376240737,-0.655498397559,-0.0345586402521,0.235144586848,-0.0987348443147,0.57388639704,0.818920406118,0.00212570872078,0.0,0.818876621748,-0.573824173089,-0.0121508697113,0.0,-0.00873098020814,0.00871407978865,-0.999923914505,0.0,0.647017147967,0.242069221232,0.303366732478,1.0,-0.0896034285714,-0.117764506122,1.09
0.453046670896,0.46344920329,-0.124789174158,-1.48787680524,0.071750239168,1.94240654877,0.140635886683,-0.078248825685,-0.484030153267,-0.00916239648629,-0.743851308721,-0.0369916833736,0.270455060359,-0.125804761545,0.57379275932,0.818985055876,0.00246870507673,0.0,0.818945917314,-0.573729287366,-0.011959775659,0.0,-0.0083786704473,0.00888433967092,-0.999925430415,0.0,0.645491150982,0.240040936187,0.303512910356,1.0,-0.102902285714,-0.135243004082,1.107
0.451503914966,0.454590281084,-0.124898239325,-1.5018052769,0.0708661273607,1.94717151138,0.138522377535,-0.0925929244255,-0.537318002014,-0.0119837461636,-0.861910537592,-0.0552081389553,0.281125357212,-0.129858001904,0.573810521806,0.818973366953,0.00220367582566,0.0,0.818930210809,-0.573747574508,-0.0121563757579,0.0,-0.00869156166389,0.008780282073,-0.999923678789,0.0,0.643614025718,0.237636875877,0.303395524212,1.0,-0.116201142857,-0.152721502041,1.124
0.449620003717,0.443846592828,-0.125069835622,-1.51794507497,0.0697550975039,1.95296803488,0.135985125343,-0.108044584706,-0.611631864719,-0.00489144236395,-0.943847860804,-0.0606423271329,0.322143922083,-0.145290381085,0.573827739912,0.818960507264,0.00248180393331,0.0,0.818921875343,-0.573764568671,-0.0119133841729,0.0,-0.00833278041398,0.00886880459791,-0.999925951796,0.0,0.641500510674,0.234780251925,0.303586616845,1.0,-0.130282285714,-0.171228146939,1.142
0.447620003719,0.432758947001,-0.125200990713,-1.53478277223,0.0686509256642,1.95879535194,0.133255685854,-0.122338667436,-0.681119733185,-0.00698378439694,-1.01234741763,-0.0682945326222,0.367889599276,-0.171196731652,0.573766592993,0.819003175433,0.00253816803715,0.0,0.818964982875,-0.573702894549,-0.0119202563904,0.0,-0.00830673341627,0.00891828734445,-0.999925728407,0.0,0.639193364046,0.231808393598,0.303654301713,1.0,-0.143581142857,-0.188706644898,1.159
0.445341832685,0.42076089978,-0.125352152841,-1.55291237331,0.0673748988072,1.96507700452,0.130236978201,-0.141857205974,-0.724170954478,-0.0109327686103,-1.10126199563,-0.0773908101604,0.366643863271,-0.186023738342,0.573693789071,0.81905393926,0.00261301856521,0.0,0.819017088881,-0.573630211526,-0.01183788183,0.0,-0.00819711517298,0.00893159810106,-0.999926514229,0.0,0.636690550241,0.228522466721,0.303734879518,1.0,-0.15688,-0.206185142857,1.176
0.443099875711,0.409367167339,-0.125489227606,-1.56980884199,0.0661664983002,1.97109105796,0.127435637513,-0.151039627977,-0.792934706717,-0.00564058755455,-1.15517022583,-0.0771568468525,0.40654013515,-0.193853307193,0.573702010328,0.819046895683,0.00298879880723,0.0,0.819015666309,-0.573637961176,-0.0115574538518,0.0,-0.00775175749055,0.00907858234646,-0.99992874226,0.0,0.634369360729,0.225408444267,0.303933952293,1.0,-0.168614285714,-0.221607346939,1.191
0.440240187597,0.395698095194,-0.12564801225,-1.59021889245,0.0648103793229,1.9780406078,0.123967939532,-0.17114396444,-0.810942584929,-0.0095690733292,-1.21587833456,-0.0848660137523,0.425190326175,-0.204186769133,0.573754583414,0.819009448356,0.00315411109338,0.0,0.818979678575,-0.573689190581,-0.0115648429851,0.0,-0.00766238375801,0.00921871204738,-0.99992814903,0.0,0.631631028729,0.221800223765,0.304026346434,1.0,-0.181130857143,-0.238057697959,1.207
0.437300570376,0.382188428484,-0.125786115364,-1.61054280478,0.0632795744921,1.98481359477,0.120381733713,-0.193456360961,-0.884836784188,-0.0114475930204,-1.27035027431,-0.102459112629,0.418673003985,-0.235175277019,0.573687694208,0.819056598736,0.00307643995058,0.0,0.819026062349,-0.573622844053,-0.0115710360146,0.0,-0.00771276566261,0.00915802178989,-0.999928319372,0.0,0.628475146354,0.217678966176,0.304021857306,1.0,-0.194429714286,-0.255536195918,1.224
0.433837278455,0.366967834017,-0.125945585839,-1.63326553354,0.0615677740253,1.9923387356,0.116337160265,-0.213512002322,-0.877937157945,-0.00614058041837,-1.34661687375,-0.106236675641,0.43304143401,-0.235656863118,0.573681084585,0.819061380411,0.00303565620524,0.0,0.819030364098,-0.573616424046,-0.0115848026332,0.0,-0.00774751134305,0.00913245257437,-0.999928284617,0.0,0.625083401517,0.213243430077,0.304018349911,1.0,-0.207728571429,-0.273014693878,1.241
0.429963758876,0.351008050435,-0.126171818506,-1.65697440299,0.0597300178307,2.00011797871,0.111962987211,-0.23922421136,-0.944455440359,-0.0135127028895,-1.42730530189,-0.108192462391,0.452568715744,-0.262645390686,0.573744396126,0.819017241045,0.00297887345543,0.0,0.818985820302,-0.573680300027,-0.0115709293639,0.0,-0.00776801918469,0.00907858579186,-0.999928616031,0.0,0.621499318844,0.20844003626,0.303998771925,1.0,-0.221027428571,-0.290493191837,1.258
0.425730022957,0.334190001022,-0.126382364291,-1.68156006603,0.0578441533465,2.00808429993,0.107281523049,-0.256273242425,-0.99290596117,-0.0115853958148,-1.47464096342,-0.120774278854,0.479652416921,-0.281787425878,0.573807898551,0.818972288806,0.00310364789671,0.0,0.818942338115,-0.573743224408,-0.0115284946808,0.0,-0.00766096822094,0.00915702627261,-0.999928726678,0.0,0.617697242075,0.203378809931,0.304073945438,1.0,-0.234326285714,-0.307971689796,1.275
0.421490445955,0.31773716141,-0.126517673306,-1.7054524434,0.0559195951308,2.01566483394,0.102598287603,-0.273961424653,-1.04679644694,-0.00707236424966,-1.51458400254,-0.117959054739,0.478490783023,-0.302109099906,0.573727958939,0.819028046151,0.00316790960371,0.0,0.818998830889,-0.573662979756,-0.0115085864088,0.0,-0.00760868906832,0.00919748913255,-0.999928754484,0.0,0.613879444648,0.198444930439,0.304131168566,1.0,-0.246842857143,-0.324422040816,1.291
0.416602304734,0.299599785065,-0.126689052771,-1.73167949535,0.0537210542121,2.02385258496,0.0972117178962,-0.294491683743,-1.07280111113,-0.00886455096478,-1.56424125682,-0.12659124951,0.470555746289,-0.318349366372,0.573561461827,0.819144655877,0.00316688426819,0.0,0.8191155673,-0.573496676863,-0.0114889484039,0.0,-0.00759505931132,0.00918383906266,-0.999928983565,0.0,0.609594073925,0.192904756686,0.304150223238,1.0,-0.260141714286,-0.341900538775,1.308
0.411216545927,0.28076224345,-0.126886137144,-1.7585887153,0.0514970220985,2.03208302729,0.0915816140637,-0.324682094164,-1.11741638796,-0.0100946315395,-1.59616853826,-0.13191450694,0.474022122765,-0.342233815051,0.573575153385,0.819134689915,0.00326344890347,0.0,0.819106393469,-0.573509514825,-0.0115021513482,0.0,-0.00755033754808,0.00927063857392,-0.999928521277,0.0,0.605106490512,0.187042429425,0.304209083538,1.0,-0.273440571429,-0.359379036735,1.325
0.405342646259,0.261235814385,-0.127146849518,-1.78623062333,0.0490837856195,2.04039818629,0.0855298345813,-0.360462132329,-1.14665906361,-0.0190255721435,-1.62227553574,-0.142966629579,0.487391251265,-0.354503502685,0.573581689378,0.819129776049,0.00334701398048,0.0,0.819102732489,-0.573516013567,-0.0114386498944,0.0,-0.00745031605252,0.00930272753404,-0.999928973503,0.0,0.600406479211,0.180828141882,0.304269162025,1.0,-0.286739428571,-0.376857534694,1.342
0.398918714453,0.241204968513,-0.127430164725,-1.81449097102,0.0465059595887,2.0486569956,0.0791284483324,-0.393697286458,-1.19826546529,-0.01361658501,-1.70495386183,-0.159971676938,0.477222946547,-0.386418106159,0.57365704866,0.819077336894,0.00326398675469,0.0,0.819049466311,-0.573591912727,-0.0114471083753,0.0,-0.00750401511302,0.00924025891938,-0.999929151176,0.0,0.595480825062,0.174269680315,0.304244464982,1.0,-0.300038285714,-0.394336032653,1.359
0.392562844825,0.221728524432,-0.127611903871,-1.84157049997,0.0440826156074,2.05639777487,0.0727037516964,-0.408222240093,-1.21779912551,-0.0136379933892,-1.72292236051,-0.159448617697,0.474327546578,-0.409459990501,0.573533512968,0.819163475732,0.00335506027261,0.0,0.819136079,-0.573467249246,-0.01149543489,0.0,-0.00749276747296,0.00934144792389,-0.999928295322,0.0,0.590602714871,0.168005294498,0.304273835734,1.0,-0.312554857143,-0.410786383673,1.375
0.385193373439,0.20045594988,-0.127883585572,-1.87083234896,0.0412533092038,2.0644385793,0.0654556353616,-0.448217154047,-1.26155179028,-0.0100412048329,-1.72144814834,-0.167534225064,0.453484588741,-0.432136897325,0.573462245919,0.81921360167,0.00329761222149,0.0,0.819185532199,-0.573396253465,-0.0115129166061,0.0,-0.00754084457005,0.00930375836285,-0.9999282853,0.0,0.585210947518,0.160955491633,0.30429674722,1.0,-0.325853714286,-0.428264881633,1.392
0.377162939294,0.178561699771,-0.128283303398,-1.9005677941,0.0383971205002,2.07241510974,0.0577107445839,-0.492987296254,-1.29934942854,-0.03242082787,-1.73207556273,-0.162180477462,0.465433623423,-0.471155458542,0.573547677381,0.819153553723,0.00335620257126,0.0,0.819125867739,-0.573481029551,-0.011535529799,0.0,-0.00752479659866,0.00936550898216,-0.999927829735,0.0,0.579625964776,0.153519887986,0.3043398803,1.0,-0.339152571429,-0.445743379592,1.409
