position_joint1,position_joint2,position_joint3,position_joint4,position_joint5,position_joint6,position_joint7,velocity_joint1,velocity_joint2,velocity_joint3,velocity_joint4,velocity_joint5,velocity_joint6,velocity_joint7,ee_T_00,ee_T_10,ee_T_20,ee_T_30,ee_T_01,ee_T_11,ee_T_21,ee_T_31,ee_T_02,ee_T_12,ee_T_22,ee_T_32,ee_T_03,ee_T_13,ee_T_23,ee_T_33,v_x,v_y,time
0.465078362853,0.547761564284,-0.123922528321,-1.35585652801,0.0795400270735,1.89410231869,0.159157954661,0.00187027049902,4.70113558061e-05,0.000862355626497,-0.00105507782072,-0.000184414185236,-0.000117281045696,0.00149880330171,0.573766667835,0.819004657874,0.00198195944969,0.0,0.818961196067,-0.57370725154,-0.0119706210509,0.0,-0.00866709675828,0.00849165472443,-0.999926383907,0.0,0.661653931211,0.260935834058,0.303215126066,1.0,0.0,0.0,0.0
0.465073367299,0.547761510841,-0.123923237856,-1.35585218562,0.0795402439842,1.89410383922,0.159158916706,-0.000662089238183,2.86946943784e-05,0.000880195436539,0.000729127230299,-5.75697915736e-05,0.000344213892432,0.00106557810463,0.573771873923,0.819000999044,0.00198674628306,0.0,0.818957608782,-0.573712445788,-0.0119670993808,0.0,-0.00866141203831,0.00849360955066,-0.999926416562,0.0,0.661656686602,0.260932773952,0.303217386605,1.0,-0.00014,-0.000184,0.008
0.465075758276,0.5477657851,-0.123922865125,-1.35585473848,0.0795399743651,1.89410186733,0.159154088596,0.000827348109923,0.00216523129187,0.000711608749631,-0.000671767716221,-0.000146367197346,-0.000367354372622,0.000330343044159,0.573765762845,0.819005298344,0.00197928611708,0.0,0.818961804614,-0.573706360802,-0.0119716774215,0.0,-0.00866950511789,0.00849006181857,-0.999926376555,0.0,0.661654899262,0.260934032948,0.303212959575,1.0,-0.00044,-0.000578285714286,0.023
0.465075461296,0.547751702267,-0.123923320818,-1.35586429756,0.0795402292957,1.89410236802,0.159150108634,-7.00910066469e-05,-0.00292193964482,0.000825989859576,0.000350059055582,3.15280083583e-06,6.75880762863e-05,-0.000977065537271,0.573763632819,0.819006778445,0.0019842923184,0.0,0.818963341015,-0.573704201158,-0.0119700688406,0.0,-0.00866533751408,0.00849321637042,-0.999926385891,0.0,0.661653348967,0.260932699533,0.303218445381,1.0,-0.00076,-0.000998857142857,0.039
0.465077611941,0.547715505519,-0.123921107884,-1.35590821508,0.0795409413725,1.89410810737,0.159157598573,0.00137436871767,-0.00231726676701,0.00203978295685,-0.0114649706295,0.000109537962682,0.00127440271359,0.00095363244635,0.573769020627,0.819003001024,0.00198549336598,0.0,0.818959523945,-0.573709529023,-0.0119758652633,0.0,-0.0086693400383,0.0084975827899,-0.9999263141,0.0,0.661644273008,0.260931170456,0.303223611499,1.0,-0.00106,-0.00139314285714,0.054
0.465069054878,0.547557678707,-0.123923900353,-1.35608696383,0.0795374732482,1.89414111336,0.159148359003,-0.00110735940316,-0.00810075027842,0.000187331304996,-0.00706659679092,0.000225571693334,0.000348322886401,-0.00291856946987,0.573779199324,0.81899583111,0.00200148634546,0.0,0.818952468488,-0.573719546698,-0.0119784388058,0.0,-0.00866216637988,0.0085122650979,-0.999926251389,0.0,0.661617118317,0.260906430285,0.303253290756,1.0,-0.00146,-0.00191885714286,0.074
0.465053852572,0.547424191271,-0.123929219293,-1.35626964325,0.0795343662227,1.89418134449,0.159143277628,-0.000836770780894,-0.011658288517,-0.00260461218981,-0.0143488526287,-0.000253927896154,8.84576158404e-05,-5.22340757607e-05,0.573803973459,0.818978489434,0.00199519123013,0.0,0.818934983724,-0.57374428442,-0.0119889711782,0.0,-0.00867414694496,0.00851341510692,-0.999926137741,0.0,0.661591334773,0.260873025741,0.303262729696,1.0,-0.00178,-0.00233942857143,0.09
0.465033647014,0.547241519151,-0.123921359231,-1.35649749782,0.0795318559349,1.89432069432,0.159134918158,-0.0028188008335,-0.0115542420302,0.00050161566383,-0.0114927930966,0.000189557465987,0.00917178881442,-0.00390286537964,0.573817017211,0.818969126823,0.00208493908498,0.0,0.81892671245,-0.573756873155,-0.0119514453006,0.0,-0.00859178201039,0.00856551991705,-0.999926403867,0.0,0.661576129431,0.260851198412,0.303297346753,1.0,-0.00212,-0.00278628571429,0.107
0.465012662033,0.547043127987,-0.12392381621,-1.35673631731,0.0795304176848,1.89444861887,0.159116469632,-0.000607618590485,-0.00727411750992,0.000281433344392,-0.0135217831054,0.000487739793712,0.00296241305933,-0.00632757299574,0.57383399218,0.818957024145,0.00216539227766,0.0,0.818915616208,-0.573773474597,-0.0119147086087,0.0,-0.00851535360164,0.00861050413687,-0.999926671297,0.0,0.661558237868,0.260818620281,0.303335387279,1.0,-0.00246,-0.00323314285714,0.124
0.464987024721,0.546826952626,-0.123927382999,-1.35703459839,0.0795254093915,1.89457202537,0.159106823282,0.00213911057766,-0.00915215383866,-0.00119909602826,-0.0192414578007,9.68492763814e-05,0.00376716990468,-0.0035083116841,0.573864993064,0.818935191476,0.00220653531764,0.0,0.818894244596,-0.573804229745,-0.011902478571,0.0,-0.00848140256256,0.00863750115339,-0.999926727008,0.0,0.661527925654,0.260774602765,0.303357349999,1.0,-0.00278,-0.00365371428571,0.14
0.464951341896,0.546559663563,-0.123926680354,-1.35741843984,0.0795147742742,1.89471488761,0.159040544568,-0.00203535569278,-0.0140111290916,-0.00101900088105,-0.022260847687,0.000348730986397,0.00675981150821,-0.00885583995684,0.573858073384,0.818939958779,0.00223661111139,0.0,0.818899289636,-0.573797074104,-0.0119003396629,0.0,-0.00846246569007,0.00866083198974,-0.999926685644,0.0,0.661485146315,0.26071733311,0.303376313543,1.0,-0.00312,-0.00410057142857,0.157
0.464907247216,0.546258286507,-0.123927354223,-1.357885595,0.0795020749461,1.89488109076,0.158933243327,-0.0034505209995,-0.0205156658601,0.00046772028193,-0.0294007083208,-0.00228030659083,0.0109608158581,-0.000823459975668,0.573829502743,0.818959952667,0.00224602091072,0.0,0.818919255614,-0.573768315305,-0.0119130196964,0.0,-0.00846775344312,0.00867551897149,-0.999926513561,0.0,0.661431393862,0.260645507992,0.303381813117,1.0,-0.00348,-0.00457371428571,0.175
0.46487599727,0.546035361395,-0.123930334411,-1.35828153172,0.0794908067822,1.89502024055,0.158919440102,0.000288625350178,-0.0139418345023,-0.00180828763492,-0.0316927919493,-0.000820495495791,0.0153703570472,0.000458888391551,0.573865039078,0.818935116852,0.00222220847595,0.0,0.818893996373,-0.573803827497,-0.0119388925115,0.0,-0.00850223029925,0.0086712331454,-0.999926258179,0.0,0.661383588666,0.260586658434,0.303363372609,1.0,-0.00374,-0.00491542857143,0.188
0.464806238235,0.545641343288,-0.123927121355,-1.35894928028,0.0794503453716,1.89523726823,0.158820471974,-0.00395805930032,-0.018334775526,-0.000750153040323,-0.032434994969,-1.55498831752e-06,0.00841788093207,-0.00605573655374,0.573865313265,0.818935052147,0.00217474069982,0.0,0.818893243098,-0.573804224781,-0.0119714215094,0.0,-0.00855610602824,0.00865103057841,-0.99992597362,0.0,0.661303612143,0.260476465736,0.303343184368,1.0,-0.00414,-0.00544114285714,0.208
0.464748505508,0.545251999238,-0.123929249744,-1.35961365172,0.0793616105938,1.89546125756,0.158732480456,-0.00405111470899,-0.0216032579116,0.000719000862531,-0.0364829210353,-0.0053907335784,0.0135570426689,-0.000658916754485,0.573855461789,0.818942141535,0.00210349563397,0.0,0.818899809635,-0.573795076973,-0.0119606990402,0.0,-0.00858831039865,0.00858642996066,-0.999926254353,0.0,0.661226393172,0.260364135334,0.303321952959,1.0,-0.00448,-0.005888,0.225
0.464688023535,0.544856125636,-0.123930231791,-1.36027708202,0.0793424671236,1.8956731952,0.158678814295,-0.00507892839924,-0.0261585857428,-0.000612322047634,-0.0418052866362,-0.00381594779787,0.0117452075236,-0.00766011208173,0.57389349284,0.818915582979,0.0020673003663,0.0,0.818872539837,-0.573833016181,-0.0120074952768,0.0,-0.00864700627183,0.00858404417567,-0.999925768979,0.0,0.661143635174,0.260261303968,0.303304804033,1.0,-0.0048,-0.00630857142857,0.241
0.464617549688,0.544426251418,-0.123931270548,-1.36100697291,0.0793168442172,1.89593306903,0.158561767183,-0.0101647864599,-0.0248129575727,-0.000895608877788,-0.0422846925756,-0.000109693860614,0.0165514271548,-0.0068233170182,0.573889979829,0.818918107537,0.00204232735712,0.0,0.818874547045,-0.573829420068,-0.0120424153425,0.0,-0.00868997176842,0.00858359664831,-0.999925400347,0.0,0.661058945837,0.260146602003,0.303284205747,1.0,-0.00514,-0.00675542857143,0.258
0.464543334528,0.543927640451,-0.123928520344,-1.36180445607,0.0792890110167,1.89622225764,0.158467793117,-0.00661963798321,-0.0271261083526,0.000340490197616,-0.0495216819053,6.74152538047e-05,0.0140722420347,-0.0113268582898,0.573908902543,0.818904838697,0.00204539549047,0.0,0.818861103135,-0.573848114746,-0.0120657314465,0.0,-0.00870710715665,0.00859969107122,-0.999925112995,0.0,0.660966497135,0.260026143574,0.30328244706,1.0,-0.00548,-0.00720228571429,0.275
0.464465745336,0.543450608176,-0.123931715625,-1.36258954633,0.0792477261658,1.8964927289,0.158389931516,-0.00541811631477,-0.0307204460397,-0.00442171018663,-0.0479062711488,-0.000250282489759,0.0234987022353,-0.00908025042416,0.573943553192,0.818880627827,0.00201544564211,0.0,0.818836423077,-0.573882813735,-0.0120902954181,0.0,-0.00874404743659,0.00858963278895,-0.9999248771,0.0,0.660875474806,0.259897754402,0.303269813326,1.0,-0.0058,-0.00762285714286,0.291
0.464387807646,0.542903514269,-0.123936944626,-1.36346583172,0.0791915824417,1.89681225097,0.158256763813,0.00103570083932,-0.0395945097158,-0.00302774076501,-0.0523317483798,-0.00516654129241,0.0203494060643,-0.00382880375584,0.573929412542,0.818890556355,0.0020082412834,0.0,0.818846335216,-0.573868782509,-0.0120849769284,0.0,-0.00874397484875,0.00858052992603,-0.999924955889,0.0,0.660769842524,0.259753569282,0.303272274203,1.0,-0.00616,-0.008096,0.309
0.464304480766,0.542276244035,-0.123938785907,-1.36444188406,0.0791344108076,1.89716038167,0.15814451288,-0.00342920865069,-0.0363748162029,0.000787723115853,-0.0545648062105,-0.00102010086165,0.0133585892461,-0.00540962993111,0.573952301266,0.818874524964,0.00200378097984,0.0,0.81883017347,-0.573891617045,-0.0120956935298,0.0,-0.00875507074886,0.00858327271876,-0.999924835258,0.0,0.660662586995,0.259609617232,0.303276866306,1.0,-0.0065,-0.00854285714286,0.326
0.464235222193,0.541730240941,-0.123944153181,-1.36528540084,0.0790793934555,1.89747797903,0.158016832968,-0.00403288915735,-0.0340768853471,-0.000173126523764,-0.055965578573,-0.00376431634257,0.0247227225143,-0.00677597416986,0.573940414305,0.81888282371,0.00201711736795,0.0,0.81883871197,-0.573879737919,-0.0120812700253,0.0,-0.00873572991573,0.00858578821415,-0.999924982818,0.0,0.66056804577,0.259480448316,0.303289150257,1.0,-0.0068,-0.00893714285714,0.341
0.464145249751,0.541043553081,-0.123946631728,-1.36635204321,0.0790218457559,1.89787388281,0.157887280915,-0.00172586943859,-0.0423160071783,-0.00216177643851,-0.0598028668669,-0.00919183301901,0.0215419151415,-0.00670699592094,0.57395355776,0.818873571293,0.0020333898662,0.0,0.818829616389,-0.573892754396,-0.0120794320439,0.0,-0.00872474792434,0.0085981983834,-0.999924972065,0.0,0.660446043025,0.259319543032,0.303301328529,1.0,-0.00716,-0.00941028571429,0.359
0.464046452465,0.540325050019,-0.123946985555,-1.36742425155,0.0789592617684,1.89827023717,0.157757192044,-0.00856205561319,-0.0412194341471,0.000356563162411,-0.0620422445555,0.000352665401033,0.0248267486588,-0.00606071068076,0.573970814674,0.818861380788,0.00207119699432,0.0,0.818817900268,-0.573909827161,-0.0120624786008,0.0,-0.00868898486363,0.00861960979761,-0.999925099129,0.0,0.660325568912,0.259153029943,0.303333190208,1.0,-0.0075,-0.00985714285714,0.376
0.463958503972,0.539630338273,-0.123954840321,-1.36850622858,0.0788995254905,1.89867510935,0.157615677673,-0.00925092694704,-0.0422784849697,-0.00127300189327,-0.0646015348287,-0.000901942459551,0.0297827760431,-0.00969785063586,0.573976411783,0.81885741787,0.00208681971178,0.0,0.818814127448,-0.573915342919,-0.0120561501047,0.0,-0.00867477711001,0.00862882937014,-0.999925142971,0.0,0.660202448849,0.258988901651,0.303344475105,1.0,-0.00782,-0.0102777142857,0.392
0.463861209967,0.538875109223,-0.123948396575,-1.36967030575,0.0788318786387,1.89911469067,0.157471010219,-0.00722764751977,-0.0407681557783,0.00055834207296,-0.0699144145092,-0.00373239693379,0.0261516910455,-0.0107284558775,0.573979391054,0.818855256178,0.002115414069,0.0,0.818812288095,-0.573918149215,-0.0120474796961,0.0,-0.00865123410863,0.00864729858112,-0.999925187389,0.0,0.660068230715,0.258819033001,0.303361857196,1.0,-0.00816,-0.0107245714286,0.409
0.463749369626,0.538045022807,-0.123955875872,-1.37095351134,0.078755849282,1.89961247678,0.157315941281,-0.00434776417291,-0.0448533759497,-0.000694824299603,-0.0765425930921,-0.00370014087986,0.0263477866438,-0.00303151352793,0.573999872759,0.818840806134,0.00215108891327,0.0,0.818798353986,-0.573938528133,-0.0120236573005,0.0,-0.00861103422098,0.00866305261268,-0.999925398022,0.0,0.65992718486,0.258620932259,0.303380777714,1.0,-0.00852,-0.0111977142857,0.427
0.463656756427,0.537341907236,-0.123956150497,-1.37206430667,0.0786963980722,1.90002168119,0.157176975634,-0.00216637887823,-0.042317595452,-0.000456876187137,-0.0783688682442,0.000305479124896,0.0239723775653,-0.0103571201919,0.574007432557,0.81883549401,0.0021559268457,0.0,0.81879302261,-0.57394598373,-0.0120308265287,0.0,-0.00861404807676,0.00867120865341,-0.999925301368,0.0,0.659797255477,0.258455182376,0.303384057975,1.0,-0.00882,-0.011592,0.442
0.463537526684,0.536442243433,-0.123961441926,-1.37344245277,0.0786126934052,1.90054832014,0.157006745518,-0.00563576334399,-0.04495033183,-0.000644015053386,-0.0734395367657,-0.00785453222964,0.0239243519062,-0.0157383158535,0.574022900639,0.818824547906,0.00219458182638,0.0,0.818782628297,-0.57396133615,-0.0120057946869,0.0,-0.00857119931153,0.00868865384996,-0.999925518145,0.0,0.65964306366,0.258243865568,0.303409037677,1.0,-0.00918,-0.0120651428571,0.46
0.463417510874,0.5355788265,-0.123962958113,-1.3748109163,0.0785344491326,1.90104120575,0.156841573647,-0.00822793467854,-0.0501506013192,0.000484392309054,-0.0767489677061,-0.00379183875038,0.023178702461,-0.00688737330583,0.574041155746,0.818811773374,0.0021859081031,0.0,0.818769672346,-0.573979555926,-0.0120183162899,0.0,-0.00858623762369,0.00868893072338,-0.99992538672,0.0,0.659482124092,0.258033508456,0.303409831654,1.0,-0.00952,-0.012512,0.477
0.463308612542,0.53473050517,-0.123965453904,-1.37616953152,0.078459949941,1.90153310693,0.156675991266,-0.0110549808412,-0.0499525360613,0.000268494728848,-0.0862404342959,-0.00738832136344,0.0331800240483,-0.017913570428,0.574051038545,0.818804878833,0.00217311893344,0.0,0.818762519579,-0.573989398739,-0.0120355128119,0.0,-0.00860755510177,0.00868843424168,-0.999925207756,0.0,0.659319700478,0.257831439092,0.303404454536,1.0,-0.00984,-0.0129325714286,0.493
0.463177103955,0.533820254393,-0.123969360478,-1.3776551457,0.0783733838734,1.90207398182,0.156503545153,-0.00889769711572,-0.0539276506839,0.000506060576508,-0.0876889940902,-0.00580566991884,0.0359956595439,-0.00693665716638,0.574078432772,0.818785751613,0.00214310146718,0.0,0.81874295299,-0.574016868416,-0.0120564756559,0.0,-0.00864166046759,0.00867617891643,-0.999925020001,0.0,0.659145618761,0.257600771841,0.303386439324,1.0,-0.01018,-0.0133794285714,0.51
0.463040045295,0.532903430053,-0.12396726318,-1.3791524298,0.078295843437,1.9026436688,0.156309347705,-0.00597307109033,-0.0556011463159,0.00119298430965,-0.0958208406272,-0.0071546122559,0.0340652233466,-0.00363452388815,0.574091440269,0.818776641403,0.00213929966372,0.0,0.818733662814,-0.574029759659,-0.0120735786421,0.0,-0.00865770918619,0.00868302197645,-0.999924821775,0.0,0.658973916498,0.25737205941,0.30336964703,1.0,-0.01052,-0.0138262857143,0.527
0.462911574038,0.532002293646,-0.123971607253,-1.38059988032,0.0782169000237,1.90318298584,0.156118547137,-0.00919373343419,-0.0546483428339,0.00333934902571,-0.092445718406,0.000516431258809,0.0340316107645,-0.0151352032056,0.574101364486,0.818769692117,0.00213575914659,0.0,0.818726593908,-0.57403962418,-0.0120839232289,0.0,-0.00866810661173,0.00868616686115,-0.999924704382,0.0,0.658806306969,0.257148717317,0.30336288877,1.0,-0.01084,-0.0142468571429,0.543
0.462765585866,0.530922100828,-0.123978277205,-1.38231621097,0.0781111414464,1.90379135085,0.155908255145,-0.00874482644278,-0.0631678593661,-0.00182335034602,-0.0942445580685,-0.00153424855552,0.0378899141126,-0.0107572843091,0.574118332609,0.818757862524,0.00210941206242,0.0,0.81871440501,-0.574056688288,-0.0120991140884,0.0,-0.00869549010176,0.00867349623973,-0.999924576613,0.0,0.658600557804,0.256883314369,0.303360172387,1.0,-0.0112,-0.01472,0.561
0.462624361153,0.529884562671,-0.123980380677,-1.38396009389,0.0780042216914,1.9043796908,0.155686158053,-0.00766900622214,-0.0615034051812,0.000925445778633,-0.0958879232079,-0.00509061034759,0.0372687435582,-0.0192847232388,0.574114074962,0.818760898927,0.00208955011739,0.0,0.818717203835,-0.574052538925,-0.0121065931947,0.0,-0.00871306133035,0.00866148294267,-0.99992452779,0.0,0.658403907887,0.256630230663,0.303359737787,1.0,-0.01154,-0.0151668571429,0.578
0.462501011358,0.528953153668,-0.123982125845,-1.38542473091,0.0779151489744,1.9049315996,0.1554822343,-0.0104424720772,-0.0644924294823,0.00148619718752,-0.0972848968248,-0.00947969873022,0.0339851252609,-0.00953932851802,0.574101919842,0.818769377387,0.00210693817607,0.0,0.818725883247,-0.574040284012,-0.0121007162488,0.0,-0.00869839599102,0.00867221621605,-0.999924562441,0.0,0.65821935049,0.256402130741,0.303365465121,1.0,-0.01186,-0.0155874285714,0.594
0.462358399595,0.527784072952,-0.12397708576,-1.3872470096,0.0777939915405,1.90563711819,0.155233780963,-0.00279788523056,-0.0682923944725,0.000875892527828,-0.102790578245,-0.00648248004335,0.0493110970669,-0.0153240671231,0.574080918496,0.818784011395,0.00214210253223,0.0,0.818741107147,-0.574019265141,-0.0120677096819,0.0,-0.00865140618664,0.00868183640942,-0.999924886623,0.0,0.658020066468,0.256145822481,0.303383198267,1.0,-0.0122,-0.0160342857143,0.611
0.462210672631,0.526633481231,-0.123979905383,-1.38903100927,0.0776951143366,1.90631473303,0.154984211198,-0.0139521811587,-0.0695021977829,0.00075947113531,-0.10455896849,-0.00531128955343,0.03976636354,-0.0146018039658,0.574069421823,0.81879196308,0.00218335152825,0.0,0.818749533797,-0.574007530918,-0.0120541386225,0.0,-0.008616737505,0.00870769808563,-0.999924961099,0.0,0.657811336225,0.25588030794,0.303402676585,1.0,-0.01254,-0.0164811428571,0.628
0.462070723045,0.525519488071,-0.123987840627,-1.39075554167,0.0775795166671,1.9069356092,0.154758857867,-0.00898850601907,-0.0717893146467,-0.000711130049759,-0.102768244864,-0.00847725864483,0.0369018708206,-0.0147751329978,0.57406672458,0.818793850514,0.00218471756924,0.0,0.818751530106,-0.574004920289,-0.0120428540831,0.0,-0.00860674193819,0.00870231019721,-0.99992509409,0.0,0.65760381243,0.255617033157,0.303419618749,1.0,-0.01286,-0.0169017142857,0.644
0.461906750772,0.524329722212,-0.123993549737,-1.39262285641,0.0774638723525,1.90760547247,0.154504327827,-0.00591442475946,-0.072144733734,-0.00102588101006,-0.110340901648,-0.00816418205291,0.0411942138372,-0.0127015905892,0.574065723329,0.818794575972,0.00217590404233,0.0,0.818752129813,-0.574003945491,-0.0120485429805,0.0,-0.00861647002922,0.00869834908024,-0.999925044775,0.0,0.657379601511,0.255326649861,0.303425802074,1.0,-0.0132,-0.0173485714286,0.661
0.461749461869,0.523141706299,-0.123992792875,-1.39453020187,0.0773410203585,1.90831177882,0.154237822898,-0.00930903180368,-0.0676800232128,0.000309352389611,-0.116572187695,-0.0104033082243,0.0409019629246,-0.0198944033116,0.57404498739,0.818809156235,0.00215986545965,0.0,0.81876652439,-0.57398330388,-0.0120537258273,0.0,-0.00863014051859,0.00868797369647,-0.999925017083,0.0,0.657149803512,0.255040990132,0.303414353931,1.0,-0.01354,-0.0177954285714,0.678
0.461599617431,0.521978541415,-0.123997399691,-1.39636669405,0.0772360509372,1.90903749934,0.153998748587,-0.00860230212208,-0.0733255499044,0.000373309314224,-0.116838793077,-0.00870395105569,0.0488802690225,-0.0180786775001,0.574045552911,0.818808641797,0.00220413304565,0.0,0.818766594854,-0.573983690189,-0.0120305215853,0.0,-0.00858572392198,0.00871090563557,-0.999925199936,0.0,0.656937663189,0.254769373652,0.303420724065,1.0,-0.01386,-0.018216,0.694
0.461423864977,0.520655418906,-0.124001306275,-1.39849754463,0.0770957356236,1.90983767645,0.153710923458,-0.00794197475874,-0.0720075239203,-0.000230102031337,-0.119613734424,-0.00727559222351,0.043833606157,-0.0151067102828,0.574032531704,0.818817811829,0.00218871619522,0.0,0.818775655155,-0.573970827846,-0.0120275603849,0.0,-0.00859228685767,0.00869644590821,-0.999925269425,0.0,0.65668288167,0.254447739944,0.303405447623,1.0,-0.01422,-0.0186891428571,0.712
0.461257310281,0.519336959858,-0.12400920408,-1.40055378377,0.0769722750105,1.91057059647,0.153429495324,-0.0104465257823,-0.0732224809921,-0.000822691055199,-0.121514430129,-0.00828565955672,0.0442602538686,-0.0191091418069,0.574020033602,0.818826584735,0.00218450375839,0.0,0.818784323103,-0.573958298436,-0.0120353977009,0.0,-0.00860125513607,0.00869736427502,-0.999925184334,0.0,0.656429046784,0.254136844438,0.303416286453,1.0,-0.01456,-0.019136,0.729
0.461094694347,0.51807780363,-0.124012703726,-1.40252896682,0.0768454760038,1.91128981158,0.15317136147,-0.0127391132423,-0.0774634028614,-0.00104645172255,-0.125084827919,-0.00965483272404,0.0416044772265,-0.0130653424356,0.574014820645,0.818830244182,0.00218261152154,0.0,0.818787985061,-0.573953121596,-0.0120331471523,0.0,-0.00860055371233,0.00869446828981,-0.999925215552,0.0,0.656187556305,0.253838516147,0.303422365151,1.0,-0.01488,-0.0195565714286,0.745
0.460912624816,0.516729376795,-0.124008392282,-1.40466045747,0.0767037171294,1.91205948742,0.15286414661,-0.0100131072721,-0.0706158326102,0.00142090440089,-0.123299213936,-0.00494929357831,0.0538640500754,-0.0182564073657,0.573983651183,0.818852138186,0.00216584014212,0.0,0.818809677752,-0.573922044381,-0.0120393312004,0.0,-0.00861557457014,0.00868395734214,-0.999925177581,0.0,0.655924732254,0.253515677685,0.303420430661,1.0,-0.01522,-0.0200034285714,0.762
0.460724311531,0.51535595724,-0.124016232526,-1.40683602717,0.0765709748011,1.9128888427,0.152563164115,-0.0151130263851,-0.080591312224,0.00199841444219,-0.126974729245,-0.00559676571053,0.0482674035223,-0.0190254293938,0.573976175211,0.81885732735,0.00218509421442,0.0,0.818815156084,-0.573914526769,-0.0120251000831,0.0,-0.00859294944405,0.00869147655032,-0.999925306938,0.0,0.65566709271,0.253182253646,0.30342022382,1.0,-0.01556,-0.0204502857143,0.779
0.460538444897,0.51397254133,-0.124017297026,-1.40908553435,0.0764357807136,1.91368189429,0.152279334835,-0.00536949029694,-0.0862611081416,0.000267937824926,-0.132847267977,-0.00888034636568,0.0474909669667,-0.00586497377492,0.573978450255,0.818855895139,0.00212333235692,0.0,0.818812792752,-0.573916937148,-0.0120708981293,0.0,-0.00866587653498,0.00866721396931,-0.999924888172,0.0,0.655382013521,0.252843014018,0.303388083438,1.0,-0.0159,-0.0208971428571,0.796
0.460343790648,0.512571544869,-0.124022013442,-1.41137016703,0.0763039532716,1.9144689641,0.151944891137,-0.0126362517633,-0.0817590341447,0.000201221333855,-0.13517337697,-0.00263901118565,0.0454515333876,-0.016207692896,0.573951396109,0.818875057256,0.00204509398311,0.0,0.81883073569,-0.573890029835,-0.0121328828798,0.0,-0.00876182480821,0.00863843719514,-0.999924301049,0.0,0.655089819372,0.252492165964,0.303350725612,1.0,-0.01624,-0.021344,0.813
0.460136087914,0.511042024143,-0.124023600033,-1.41380446488,0.0761510108285,1.91539817409,0.151598428522,-0.0101510895665,-0.0849034357245,0.00132323446133,-0.136116034471,-0.00567829714976,0.0531677918885,-0.0301441207978,0.573925110298,0.818893440883,0.00206086106764,0.0,0.818849366894,-0.57386371931,-0.0121199380714,0.0,-0.00874245271267,0.00864363799178,-0.999924425666,0.0,0.65479655568,0.252124754203,0.303343845028,1.0,-0.0166,-0.0218171428571,0.831
0.459955263724,0.509740501456,-0.124028694452,-1.41587781292,0.076014077833,1.91618041912,0.151311694882,-0.0106126449066,-0.0894701797859,-0.00167412292086,-0.143047266371,-0.0160393334654,0.0553833103836,-0.0233897643289,0.573913160127,0.818901815189,0.00206121649107,0.0,0.818857844081,-0.57385186626,-0.0121084135103,0.0,-0.00873293700858,0.00863718744651,-0.999924564557,0.0,0.654546289672,0.251805441622,0.303336035549,1.0,-0.0169,-0.0222114285714,0.846
0.459733343508,0.508141829941,-0.124029358308,-1.41839810773,0.0758596907184,1.91707142416,0.150950590194,-0.0133185495706,-0.0905591764722,-0.000133812739819,-0.144376591585,-0.00924252142128,0.0546147141675,-0.0243002573551,0.57388865662,0.818919050144,0.00203617669767,0.0,0.81887464057,-0.57382736569,-0.0121336028831,0.0,-0.00876819345223,0.00863087669109,-0.999924310511,0.0,0.654228160841,0.251417386161,0.303332249199,1.0,-0.01726,-0.0226845714286,0.864
0.459516073819,0.506615192912,-0.124034849925,-1.42080847567,0.075710536408,1.91795418263,0.150623075598,-0.012861971346,-0.086804297381,-0.000926834073978,-0.144252446768,-0.00941772746996,0.0576816628307,-0.0156025087995,0.573886785388,0.818920369952,0.00203276562768,0.0,0.818875895176,-0.573825489425,-0.0121376639799,0.0,-0.00877349646259,0.00863039389842,-0.999924268163,0.0,0.653931381473,0.251041985095,0.30332928674,1.0,-0.0176,-0.0231314285714,0.881
0.459308693042,0.505101962467,-0.124033032234,-1.42311686849,0.0755666116488,1.91885271328,0.150311433464,-0.0194744605371,-0.0914412499451,0.00114397393185,-0.140417425811,-0.00512731482353,0.0602895765703,-0.0183340960641,0.573880582818,0.818924499904,0.00211825940017,0.0,0.818881199063,-0.573818971856,-0.0120878559201,0.0,-0.00868371112152,0.00867175555617,-0.999924694073,0.0,0.653656487172,0.250691169555,0.303366016354,1.0,-0.01792,-0.023552,0.897
0.459081547122,0.503437040097,-0.12404179461,-1.42559541191,0.0754091280835,1.919787008,0.149962269399,-0.0132645087353,-0.0932193718309,-0.00201876516491,-0.1466367502,-0.00513199812321,0.0532102837989,-0.0171269245386,0.573871777606,0.818930409303,0.00221686459773,0.0,0.818888494624,-0.573809849525,-0.0120265066426,0.0,-0.00857697839945,0.00871720549179,-0.999925220089,0.0,0.653358960888,0.250303427173,0.303430525606,1.0,-0.01826,-0.0239988571429,0.914
0.4588506323,0.501744447923,-0.124045965167,-1.42810801246,0.0752402093729,1.92070157302,0.149609649996,-0.0160174315672,-0.0935393245349,0.000545506661797,-0.148451935056,-0.00050774395503,0.0543847170014,-0.0147118035746,0.573857755567,0.818940031638,0.0022908205446,0.0,0.818899188798,-0.573795633871,-0.0119764785638,0.0,-0.0084937184379,0.0087489146376,-0.999925653856,0.0,0.653049445864,0.249909222397,0.303495608089,1.0,-0.0186,-0.0244457142857,0.931
0.458624804638,0.500124586074,-0.124051729478,-1.43055630806,0.0750822297559,1.92156147367,0.149269275783,-0.0178248058773,-0.0971503060408,2.45619786729e-05,-0.154790335452,-0.0068745046026,0.0531279969273,-0.0237351117092,0.573849902129,0.818945466076,0.00231523666817,0.0,0.818904934832,-0.573787675311,-0.0119648765105,0.0,-0.00847029018418,0.00876217064637,-0.999925736517,0.0,0.652739986114,0.249522275673,0.303535270686,1.0,-0.01892,-0.0248662857143,0.947
0.458367414564,0.498349139171,-0.124054370077,-1.43333923032,0.0749141792422,1.92259976327,0.148868817594,-0.0124190041516,-0.0913581596624,-0.00177452775098,-0.159978986052,-0.0117321217,0.056439906647,-0.0183068950612,0.573830946563,0.818958672874,0.00234174995093,0.0,0.81891843365,-0.573768559533,-0.011957676253,0.0,-0.00844938285551,0.00877955591844,-0.999925760908,0.0,0.652396085811,0.249089395837,0.303539045717,1.0,-0.01928,-0.0253394285714,0.965
0.458122152893,0.496770019672,-0.124047774942,-1.4358433996,0.0747660989976,1.92349862384,0.148499798389,-0.0178838761975,-0.0942340464438,0.00120537312598,-0.155661012937,-0.0164931193291,0.0561288151206,-0.0252062451351,0.573811735561,0.818972181409,0.00232488974525,0.0,0.818931540766,-0.573749230967,-0.0119874269473,0.0,-0.00848362882924,0.0087826208954,-0.999925444027,0.0,0.652079108577,0.248694260126,0.303525627949,1.0,-0.0196,-0.02576,0.981
0.457886017375,0.495285104562,-0.12405244984,-1.43825148112,0.0746137123394,1.92432147588,0.148142908151,-0.0185561368702,-0.0945260196306,0.000861986882269,-0.165428460209,-0.00698170056969,0.0593271647186,-0.0268897754454,0.57379419737,0.818984755171,0.00222188282266,0.0,0.818942646556,-0.573731994559,-0.0120535045543,0.0,-0.00859703673244,0.00873599376531,-0.999924883865,0.0,0.651745775023,0.248276692823,0.303474690994,1.0,-0.01992,-0.0261805714286,0.997
0.457552096141,0.493203820854,-0.124106306633,-1.44148044725,0.0744154476132,1.92548278093,0.147686729962,-0.0197753673964,-0.14543437336,-0.0093362975919,-0.215464098493,-0.016755805035,0.0778855445092,-0.0375828090118,0.573843536231,0.818950137962,0.00223927653117,0.0,0.818908392123,-0.573781392421,-0.0120293774821,0.0,-0.00856677007936,0.00873691106927,-0.999925135615,0.0,0.65137582485,0.247745355154,0.303500161909,1.0,-0.033084,-0.0434818285714,1.014
0.457193237934,0.489871445814,-0.124187400026,-1.44654586911,0.0741550239872,1.92746172467,0.146923121441,-0.0205977339152,-0.219605051966,-0.00238892175243,-0.34099555444,-0.018741198269,0.141494771008,-0.0548106097338,0.573755144939,0.819011444456,0.00245650306488,0.0,0.818972533943,-0.573692136355,-0.0119192379642,0.0,-0.00835287662938,0.00885070304886,-0.999925944512,0.0,0.650747307685,0.246999480696,0.30358135633,1.0,-0.05022,-0.0660034285714,1.031
0.456588028629,0.485483776324,-0.124223998459,-1.45345347897,0.0738012265823,1.93013222662,0.14587161548,-0.0439256607834,-0.296653348326,-0.00401134595497,-0.472151710326,-0.0225385729823,0.182719944699,-0.0724127194719,0.573665606722,0.819073684709,0.00261104990656,0.0,0.819036354277,-0.57360154575,-0.0118938634236,0.0,-0.00824440700773,0.00896181771622,-0.999925855039,0.0,0.64988537585,0.245947203603,0.30357484175,1.0,-0.066348,-0.0872002285714,1.047
0.455675297425,0.479428407616,-0.124403982876,-1.46316953182,0.0732177685346,1.93350339887,0.144382243577,-0.0596177504028,-0.387844046303,-0.0104149972948,-0.625538897219,-0.0321876896391,0.201418973522,-0.0952661509193,0.573641923558,0.819091082241,0.00234295364236,0.0,0.819050223566,-0.573578896868,-0.0120302637147,0.0,-0.00851017680738,0.00882023013954,-0.999924887395,0.0,0.648627012903,0.244312869361,0.303448268606,1.0,-0.083484,-0.109721828571,1.064
0.454491441284,0.471884614666,-0.124571358505,-1.4751065606,0.0725043473996,1.93760843395,0.142654900757,-0.0719694456034,-0.467126902034,-0.0096211242368,-0.733994615496,-0.0379494533511,0.252406618986,-0.10839260188,0.57370277269,0.819049134739,0.0020953260413,0.0,0.819004596881,-0.573640352718,-0.0122050368098,0.0,-0.00879473059492,0.00871831297287,-0.999923318926,0.0,0.646958650815,0.242171331615,0.30334909749,1.0,-0.101628,-0.133568228571,1.082
0.453080082027,0.462899663764,-0.124716266705,-1.48879890348,0.0716896921745,1.94269482106,0.140453795894,-0.0911028594023,-0.544352813095,-0.00839452875537,-0.844114567018,-0.0613832610606,0.310304857634,-0.138029815977,0.573589410939,0.819127650802,0.00241376302467,0.0,0.819087361984,-0.573525730449,-0.0120364801044,0.0,-0.00847522164429,0.00888125131282,-0.999924644157,0.0,0.645311426676,0.24001375576,0.30347563954,1.0,-0.117756,-0.154765028571,1.098
0.451336076065,0.452712979961,-0.124881859907,-1.50465689846,0.0706805518454,1.94822454222,0.137993511921,-0.11184104832,-0.628932020205,-0.0100666759139,-0.963621592869,-0.0651926332644,0.33157416958,-0.163313606003,0.573582965177,0.81913256387,0.00227415202961,0.0,0.819090229116,-0.573519641447,-0.012131131126,0.0,-0.00863289989532,0.00882111570298,-0.999923827577,0.0,0.643199363356,0.237268503532,0.303418188999,1.0,-0.134892,-0.177286628571,1.115
0.449291498432,0.441086582139,-0.125056124984,-1.52238380008,0.0694780188136,1.9545343952,0.135227837008,-0.131356830195,-0.690933425527,-0.00488284281794,-1.09205633304,-0.0625163397428,0.376782050218,-0.173885832364,0.573589115479,0.819127908818,0.00239635161244,0.0,0.819087742718,-0.573525872538,-0.012003756116,0.0,-0.00845840484631,0.00884821644157,-0.99992507942,0.0,0.64084128404,0.234153741539,0.303497993209,1.0,-0.152028,-0.199808228571,1.132
0.44706678139,0.428916521649,-0.125219426957,-1.54081183098,0.0682632677187,1.96087321316,0.132236202237,-0.14534435828,-0.779244331715,-0.00888196139292,-1.19061749838,-0.080991398192,0.398335124347,-0.191963005772,0.573553111009,0.819152954581,0.00245209181495,0.0,0.819113235008,-0.573489351574,-0.0120091118219,0.0,-0.0084312132128,0.00889657559162,-0.999924879972,0.0,0.638305683184,0.230866590094,0.303583517887,1.0,-0.168156,-0.221005028571,1.148
0.444162139673,0.413982356429,-0.125437261086,-1.56315817805,0.0666657896797,1.96868386918,0.128510254184,-0.171219335878,-0.8641147739,-0.0156861365334,-1.26792967269,-0.0967045355392,0.470230913534,-0.217617521102,0.573540349271,0.819161082797,0.00270833711889,0.0,0.81912561021,-0.57347659195,-0.0117720043165,0.0,-0.0080901556224,0.00897036046973,-0.999927038346,0.0,0.635236242693,0.226745250312,0.303768478117,1.0,-0.1863,-0.244851428571,1.166
0.440651321098,0.396827304691,-0.125651437767,-1.58866256395,0.0649393610206,1.97749683176,0.124186949599,-0.196157892,-0.965112033146,-0.0174115837092,-1.37810283524,-0.0963814619725,0.489697556024,-0.227850957956,0.573586505849,0.819127415372,0.00308943279203,0.0,0.819096662923,-0.573521170527,-0.0116133822663,0.0,-0.00774113372919,0.00919200041999,-0.999927788381,0.0,0.6316367118,0.221974024265,0.303976449752,1.0,-0.205452,-0.270022628571,1.185
0.437976857604,0.384490106022,-0.125792814888,-1.60724609241,0.0635903003536,1.98375941077,0.120925842882,-0.209865573561,-0.950239704056,-0.0106221331867,-1.44008954855,-0.106191701665,0.475521710695,-0.260528745284,0.573551791309,0.819151826686,0.00306176825966,0.0,0.819120693713,-0.573486525423,-0.0116293246094,0.0,-0.00777044926129,0.0091781544102,-0.999927688185,0.0,0.62892980325,0.218427092162,0.303959840517,1.0,-0.218556,-0.287245028571,1.198
0.434102046674,0.36721264288,-0.126014206901,-1.63280530383,0.0616492065847,1.99224966206,0.116342987035,-0.237610005163,-1.02200813048,-0.0119420869614,-1.54550292013,-0.118943316331,0.500803743621,-0.272903667943,0.573530854561,0.819166131499,0.00315511856428,0.0,0.81913666426,-0.573465836644,-0.0115241645601,0.0,-0.00763099951468,0.00919411425955,-0.999928615507,0.0,0.625138522761,0.213423569008,0.304068071834,1.0,-0.235692,-0.309766628571,1.215
0.429199774424,0.346870820398,-0.126287783807,-1.66282025274,0.0593771563664,2.00201463507,0.1107353022,-0.262865221677,-1.07975583809,-0.0198195892179,-1.56209505119,-0.111372860335,0.50002669346,-0.304310517667,0.5735547863,0.819149309354,0.00317222292429,0.0,0.819119915539,-0.573489533364,-0.0115354232589,0.0,-0.00763014425496,0.0092148056095,-0.999928431567,0.0,0.620568417389,0.207360276535,0.304115169946,1.0,-0.254844,-0.334937828571,1.234
0.425215200939,0.331041231296,-0.126504207204,-1.68603001686,0.0575773892177,2.00954859198,0.106311846406,-0.291407694533,-1.13811002088,-0.0133733596978,-1.67116702707,-0.132294940521,0.535921839743,-0.333040788462,0.573599667999,0.819117581132,0.00324900800535,0.0,0.819089193225,-0.573534187145,-0.0114968091092,0.0,-0.00755396674012,0.00925597144008,-0.999928629743,0.0,0.616960876784,0.202584255552,0.304141971004,1.0,-0.268956,-0.353485028571,1.248
0.419702082611,0.309858400759,-0.126709527456,-1.7167516634,0.0550546271285,2.01926635994,0.100178342575,-0.319523568856,-1.18698372876,-0.00905067547778,-1.69367308553,-0.138271051835,0.536714437232,-0.359042722653,0.573443767771,0.819226496935,0.00330738960845,0.0,0.819199041815,-0.573378351856,-0.011443007177,0.0,-0.00747817305939,0.00927151005367,-0.999929055498,0.0,0.612022724586,0.196192623801,0.304200440373,1.0,-0.2871,-0.377331428571,1.266
0.413530720581,0.287520239861,-0.126978484134,-1.74883515484,0.0523737483552,2.02918173373,0.0935329747808,-0.354532682606,-1.26485038136,-0.0187281632649,-1.79387949296,-0.148791766814,0.573218020588,-0.363462289049,0.573362256777,0.81928330837,0.00336601115246,0.0,0.819256603046,-0.573296670931,-0.0114145681031,0.0,-0.00742218503114,0.00930248849202,-0.999929184931,0.0,0.606726588911,0.189298255396,0.304253327379,1.0,-0.305244,-0.401177828571,1.284
0.407493859053,0.266890981091,-0.127253816154,-1.77819835973,0.0499012649245,2.03804082947,0.0871948901255,-0.388640421111,-1.32715183699,-0.0176019735139,-1.84805949545,-0.158872717524,0.564456806337,-0.404587320693,0.573333972409,0.819302863175,0.00342364955106,0.0,0.819276471199,-0.573267680028,-0.0114445478878,0.0,-0.00741402595979,0.00936664396265,-0.999928646554,0.0,0.60174718459,0.182806008137,0.304282824079,1.0,-0.321372,-0.422374628571,1.3
0.399948279122,0.242899277766,-0.127670499879,-1.81199375456,0.0468473976393,2.0479744139,0.0796262406545,-0.434224612999,-1.35144893235,-0.0231840042095,-1.91380488807,-0.183462966087,0.547740451075,-0.431588650538,0.573473450798,0.81920533043,0.00340216493493,0.0,0.819179101963,-0.573407758765,-0.0113968415184,0.0,-0.0073856677486,0.00932294794549,-0.999929264775,0.0,0.595894889441,0.174985102961,0.304306573001,1.0,-0.339516,-0.446221028571,1.318
0.392760986935,0.220817491361,-0.127951014922,-1.84260493484,0.0441015198475,2.05679870871,0.0723319655805,-0.463797278521,-1.38770527565,-0.0125248461918,-1.93793664626,-0.179471491632,0.532498692079,-0.465099188798,0.573371346667,0.81927592757,0.00360558281193,0.0,0.81925192865,-0.57330459111,-0.0113520975133,0.0,-0.00723354230846,0.00946303030392,-0.999929060945,0.0,0.590416724815,0.16785760853,0.304389206447,1.0,-0.355644,-0.467417828571,1.334
0.384900409427,0.198046001286,-0.128279201101,-1.8737745363,0.0410731332308,2.06540235071,0.0645574850486,-0.505717139885,-1.43851527797,-0.0201442119174,-1.93413818061,-0.188548844339,0.511942659028,-0.498859542812,0.573281662808,0.819338445068,0.00365983922123,0.0,0.819315511168,-0.573215255776,-0.0112743339317,0.0,-0.00713975701991,0.00946211412076,-0.999929743665,0.0,0.584681625864,0.160326873594,0.304474050043,1.0,-0.371772,-0.488614628571,1.35
0.375712487283,0.17305196446,-0.128794208124,-1.90769022269,0.0377782969956,2.07451887273,0.055674519245,-0.55814682193,-1.47259262351,-0.0388103000999,-2.02175011295,-0.194987164511,0.55329319055,-0.534047887651,0.573381537793,0.819268190396,0.00374048457414,0.0,0.819246176613,-0.573314750659,-0.0112536964004,0.0,-0.00707545672871,0.00951722266998,-0.99992967772,0.0,0.578296793244,0.151814069702,0.304509555858,1.0,-0.388908,-0.511136228571,1.367
0.365234483348,0.145873113695,-0.129279882093,-1.94415698391,0.0339996343917,2.08380668666,0.0456645388526,-0.594152884218,-1.53433830037,-0.0267168575127,-2.051615312,-0.224306072904,0.520875113525,-0.56303707483,0.573331857488,0.81930350356,0.00361899765865,0.0,0.819279877805,-0.573265333312,-0.0113175239303,0.0,-0.00719797969209,0.00945385099261,-0.999929404403,0.0,0.571154262766,0.14249677575,0.304480886754,1.0,-0.407052,-0.534982628571,1.385
0.35502528638,0.121058357414,-0.129764122698,-1.97673801492,0.0305282869573,2.09179762612,0.0360911830278,-0.656862774775,-1.59093873195,-0.0346516353509,-2.03402084715,-0.223175670657,0.492154023826,-0.607417366384,0.573357623086,0.819285054341,0.00371250377937,0.0,0.819262709161,-0.573290949861,-0.0112626412438,0.0,-0.00709910550517,0.00949922000668,-0.999929681288,0.0,0.564615315808,0.133828055789,0.304554716061,1.0,-0.42318,-0.556179428571,1.401
0.342511431231,0.0923368766346,-0.130454313418,-2.01390766182,0.0263396350214,2.10049295872,0.0245049238668,-0.71238883766,-1.61794620174,-0.0339903552115,-2.09405031617,-0.236836431847,0.495096235579,-0.666468355991,0.573441404359,0.819226184049,0.00376324808334,0.0,0.819205131439,-0.57337545621,-0.0111483515059,0.0,-0.00697540167408,0.00947598092657,-0.999930772382,0.0,0.556934896258,0.123570909687,0.304615205902,1.0,-0.43998,-0.578259428571,1.419
