position_joint1,position_joint2,position_joint3,position_joint4,position_joint5,position_joint6,position_joint7,velocity_joint1,velocity_joint2,velocity_joint3,velocity_joint4,velocity_joint5,velocity_joint6,velocity_joint7,ee_T_00,ee_T_10,ee_T_20,ee_T_30,ee_T_01,ee_T_11,ee_T_21,ee_T_31,ee_T_02,ee_T_12,ee_T_22,ee_T_32,ee_T_03,ee_T_13,ee_T_23,ee_T_33,v_x,v_y,time
0.465086495563,0.547614435458,-0.123984978003,-1.35575500406,0.0795069095029,1.89408685176,0.159158833327,-0.000844061454969,-9.24411076928e-05,-0.00195094680798,-0.000158428597603,6.35705772346e-05,0.00011332805265,0.000389292658403,0.573789660167,0.818988129042,0.00214878435014,0.0,0.818947560042,-0.573730281349,-0.011798519622,0.0,-0.00843018716818,0.0085297744896,-0.99992808486,0.0,0.661692118311,0.26091268434,0.303368338377,1.0,0.0,0.0,0.0
0.465091300538,0.547614201993,-0.123984951712,-1.35575106231,0.0795037105558,1.89408685177,0.159155334288,-0.00079389777937,-0.00172535040745,-3.82828636728e-05,0.000310283834987,-0.000169677731594,1.72978834645e-05,0.00182601433756,0.573787975937,0.818989323064,0.00214342681247,0.0,0.818948698862,-0.573728632882,-0.011799633236,0.0,-0.00843419068588,0.00852600842256,-0.999928083218,0.0,0.661691528181,0.260913744767,0.303364766768,1.0,-0.00028,-0.000368,0.015
0.465085108917,0.547612516127,-0.123984325138,-1.35576100151,0.0795052328724,1.89408477409,0.15915565659,-0.000662049714802,0.000908026611956,-7.63603802731e-05,0.000242301287015,-0.000279289659999,-0.00079430420014,0.000387137488184,0.573787604401,0.818989584151,0.00214312619348,0.0,0.818948944045,-0.573728250441,-0.0118012115648,0.0,-0.00843565972307,0.00852666401061,-0.999928065236,0.0,0.661690685267,0.260911043906,0.303366638003,1.0,-0.00062,-0.000814857142857,0.032
0.465081956109,0.54757356262,-0.123985097946,-1.35578817233,0.0795019902107,1.89409544154,0.159152564668,-0.00127457642033,-0.00592604877811,0.000853321434774,4.20538008853e-05,-0.00023761157439,0.00214470693809,-0.00026931291102,0.573788820804,0.818988683012,0.0021617402366,0.0,0.818948305193,-0.573729414654,-0.0117889390319,0.0,-0.00841491570444,0.00853487925153,-0.999928169935,0.0,0.661688797146,0.260905999189,0.303382246825,1.0,-0.00096,-0.00126171428571,0.049
0.465092140001,0.547446145189,-0.123980431369,-1.35591254781,0.0795028234058,1.89411730107,0.15915283507,0.000160418175667,-0.0120237155131,0.000748682101508,-0.00715715273688,-2.78217025152e-05,0.000192727860761,-9.22014971094e-05,0.573784372957,0.818991721935,0.00219081102345,0.0,0.818951595371,-0.573724725809,-0.011788568059,0.0,-0.00839797888714,0.00855842909085,-0.999928111037,0.0,0.661664235272,0.260903969674,0.303415053722,1.0,-0.00128,-0.00168228571429,0.065
0.465085506511,0.547310118177,-0.123982857961,-1.35610514888,0.0795006878841,1.89415791736,0.159155242629,0.000375211049669,-0.00800047270676,-0.000733982758169,-0.0103864233488,0.000385361368049,0.00912786462642,0.000691889125046,0.573803463884,0.818978367198,0.00218307066548,0.0,0.818938028644,-0.573743731075,-0.0118060660175,0.0,-0.00841655160595,0.00856232601418,-0.999927921518,0.0,0.661634178376,0.260879507984,0.303423338934,1.0,-0.00162,-0.00212914285714,0.082
0.465062780442,0.547168515038,-0.123985390185,-1.35628721643,0.0794972034975,1.89424804859,0.159142983127,-0.00298642556772,-0.0111916517569,0.000582876670915,-0.0161976655866,0.000307186143092,0.0021088629789,-0.00145964864212,0.573823186618,0.818964426276,0.00222842876362,0.0,0.818924656286,-0.573763254071,-0.0117848422476,0.0,-0.00837293723621,0.00858749632755,-0.999928071828,0.0,0.66162085694,0.260848817317,0.30344488826,1.0,-0.00192,-0.00252342857143,0.097
0.465046689663,0.546969934211,-0.123977445421,-1.35650309595,0.0794951627053,1.89436893608,0.159134407721,-0.000318420030377,-0.0116694220949,0.0017822138306,-0.0173940971405,0.000153341534972,0.0115230056423,0.000244239959598,0.573835492257,0.818955537309,0.0023243576081,0.0,0.818916938717,-0.573775116072,-0.0117435326727,0.0,-0.00828393204485,0.00864247806346,-0.999928339454,0.0,0.661603196799,0.260827644474,0.303493026003,1.0,-0.00226,-0.00297028571429,0.114
0.465013453043,0.546774816199,-0.123985089527,-1.35676074161,0.0794911152868,1.8945036715,0.159114433137,-0.0059641372942,-0.00459430548822,-0.00102944308789,-0.016327698514,5.49224060994e-05,0.0101546768239,-0.00538983413276,0.573860191287,0.818938020227,0.00239724512279,0.0,0.818900353293,-0.573799526212,-0.0117073479726,0.0,-0.00821221236563,0.00868165297371,-0.999928591685,0.0,0.661587015928,0.260790212202,0.303527136156,1.0,-0.00258,-0.00339085714286,0.13
0.464986756403,0.546542725386,-0.123981061281,-1.35709744656,0.0794855165473,1.89462538196,0.15909647271,-0.00160931872238,-0.0135136300619,0.000250072890371,-0.0248015150489,0.000712680483865,0.0119874128258,-0.00148421742662,0.57388689832,0.818919258561,0.0024130469368,0.0,0.818881655846,-0.57382602278,-0.0117164926728,0.0,-0.00821035044069,0.00870010901447,-0.999928446564,0.0,0.661546293614,0.260736819443,0.303535067918,1.0,-0.00292,-0.00383771428571,0.147
0.464940644238,0.546236283189,-0.123981100484,-1.35756027148,0.0794758736119,1.89478966282,0.158954894717,-0.00880222413368,-0.0156803635888,0.000593240825726,-0.0278211386631,0.000338670082534,0.00403489905197,-0.0113412086587,0.573832024579,0.818957656988,0.00243115803402,0.0,0.818920113412,-0.573770902564,-0.0117280058419,0.0,-0.00820997051332,0.00872099745568,-0.999928267721,0.0,0.661493517358,0.260664968261,0.303546029136,1.0,-0.0033,-0.00433714285714,0.166
0.464904737172,0.545965818351,-0.123986044218,-1.35801143312,0.0794591655107,1.89495055009,0.158918253626,-0.000556251211498,-0.0141030573717,-0.000942481182433,-0.0297213984982,-0.00052776327288,0.012971334133,-0.00179681166138,0.573855686513,0.818941115495,0.00241812113127,0.0,0.81890332362,-0.573794525906,-0.0117445947492,0.0,-0.00823078532493,0.00872007780242,-0.999928104624,0.0,0.661440618577,0.260596564822,0.303536900523,1.0,-0.00362,-0.00475771428571,0.182
0.464842942244,0.545645594438,-0.123983541479,-1.35855205451,0.0794333413097,1.89513669429,0.158882984416,-0.00116443115004,-0.0155466761763,-0.0014644177478,-0.0303998402187,0.000264492892701,0.00489028645914,-0.00447180571192,0.573897290022,0.818912045578,0.00238935413096,0.0,0.81887381387,-0.573836161663,-0.011767898179,0.0,-0.00826593491143,0.0087103121046,-0.999927899792,0.0,0.66137473999,0.260499630519,0.303523842804,1.0,-0.00398,-0.00523085714286,0.2
0.464787613041,0.545266512298,-0.123986702558,-1.35920443587,0.0793123333833,1.8953463294,0.158767724296,-0.00280236453949,-0.022051402367,0.00119279889652,-0.0400004097487,-0.00514065168648,0.0118716780048,-0.00533621929522,0.57385630547,0.818941042517,0.00229269595636,0.0,0.818902200848,-0.57379622058,-0.0117400849354,0.0,-0.00829905690408,0.00861478139269,-0.999928453039,0.0,0.661302904688,0.260389364937,0.303498263593,1.0,-0.00432,-0.00567771428571,0.217
0.464732215913,0.544921456306,-0.123989246356,-1.35981707731,0.0792998267934,1.89554461908,0.158707961252,-0.00325133186014,-0.0224797116982,-0.00172507253921,-0.0425276999309,-0.000630182278726,0.0156553130942,-0.00770073432137,0.573887559656,0.818919266715,0.00224730423588,0.0,0.818879528909,-0.573827327404,-0.0118009473908,0.0,-0.00837461983762,0.00861285415784,-0.999927839639,0.0,0.661219647778,0.260291147107,0.303468182965,1.0,-0.00464,-0.00609828571429,0.233
0.464669298014,0.544470910141,-0.123993888723,-1.36058121304,0.0792790887005,1.89580063806,0.158614874701,-0.000653043109057,-0.0213606827597,-0.000797249892523,-0.0451650036597,-0.00272208611117,0.0128863682235,-0.0110110485256,0.573900862707,0.818910047332,0.00220931314475,0.0,0.818869625013,-0.573840581829,-0.0118435965101,0.0,-0.00843120896515,0.0086063553801,-0.999927420047,0.0,0.661132327484,0.260179430558,0.303445714779,1.0,-0.00498,-0.00654514285714,0.25
0.464601023942,0.544057328663,-0.12399312989,-1.36124918805,0.0792539627271,1.89604370753,0.158513759874,-0.00824796860466,-0.0292325140556,0.000563961967244,-0.0481981771111,-0.00208895535091,0.0177918604535,-0.00690579454152,0.57390400487,0.818907849124,0.0022078810871,0.0,0.81886725582,-0.5738435738,-0.0118624220248,0.0,-0.00844741477112,0.00861601891954,-0.999927200051,0.0,0.661057054265,0.260073302198,0.303441494675,1.0,-0.00528,-0.00693942857143,0.265
0.464535393181,0.543552225917,-0.12399777089,-1.36206857599,0.0792134501004,1.89634061623,0.158445577913,-0.00339984217787,-0.0313262274973,0.00107127411565,-0.0498811145017,-0.00148739290907,0.0202157568417,-0.00121473191774,0.573940035122,0.818882629911,0.0021957721893,0.0,0.818841807671,-0.573879575009,-0.01187747021,0.0,-0.00846630823414,0.00861511160582,-0.999927048077,0.0,0.660961408568,0.259950189085,0.303434747417,1.0,-0.00562,-0.00738628571429,0.282
0.464437570732,0.542955416811,-0.12400193969,-1.36301978632,0.0791590255052,1.89666682554,0.158316739808,-0.00263081527135,-0.0317271217218,0.000370832184,-0.0496551328598,-0.00123785529653,0.0156490719244,-0.00668608159031,0.573955862703,0.818871597758,0.00217277623879,0.0,0.818830424846,-0.573895440619,-0.0118956077491,0.0,-0.00849419248636,0.00860685480731,-0.999926882699,0.0,0.660852572484,0.259791373178,0.303432573271,1.0,-0.006,-0.00788571428571,0.301
0.464375488149,0.542419771781,-0.124009851543,-1.36386938966,0.0791099586899,1.8969698377,0.158197365056,-0.00340720314247,-0.0324222752975,-0.00129160599038,-0.051671601379,-0.00291688279775,0.0196258238911,-0.00510094449632,0.573945539512,0.818878874039,0.00215736616229,0.0,0.818837523771,-0.573885204387,-0.0119007878142,0.0,-0.00850738699805,0.00859710196968,-0.999926854427,0.0,0.660757495506,0.259672282979,0.30343037914,1.0,-0.0063,-0.00828,0.316
0.464290339385,0.54182196953,-0.124009211736,-1.36480068068,0.0790550434861,1.89731868111,0.158079581578,-0.00444172162256,-0.0332423688582,-0.000449762214151,-0.0566262219193,-0.0059032818885,0.015395094248,-0.00699776793705,0.573958562216,0.818869696741,0.00217612495871,0.0,0.818828544953,-0.573898103544,-0.0118965381497,0.0,-0.00849300411668,0.00861015893757,-0.999926864348,0.0,0.660647669061,0.25952076653,0.303443207137,1.0,-0.00666,-0.00875314285714,0.334
0.464212613901,0.541183513476,-0.12401690724,-1.36577546913,0.0789977756049,1.89768139414,0.157946155027,-0.00412562239033,-0.0399196688364,-0.0008013288991,-0.0594183839863,-0.00442411170811,0.0159582765453,-0.0075641256784,0.573957158971,0.818870622981,0.00219758609337,0.0,0.818829770158,-0.573896634325,-0.011883076854,0.0,-0.00846967835128,0.00861999190824,-0.999926977478,0.0,0.660537064041,0.259372978398,0.303462301371,1.0,-0.007,-0.0092,0.351
0.464130710986,0.540530257637,-0.124013827462,-1.36676917201,0.0789396960461,1.89804994085,0.157817641006,-0.00482481411408,-0.0391833424024,-0.000389311996155,-0.0633474299184,-0.000668260835132,0.0258178418519,-0.0110015531896,0.573956393183,0.818871090127,0.0022233712224,0.0,0.818830535333,-0.573895727589,-0.0118741384241,0.0,-0.00844756807214,0.00863596817947,-0.999927026661,0.0,0.660422137782,0.259226898943,0.30348291262,1.0,-0.00732,-0.00962057142857,0.367
0.464038901657,0.539814517128,-0.124015049928,-1.36787761797,0.0788671437397,1.89845321237,0.15767855454,-0.00724691961612,-0.0391128646336,0.000577229895555,-0.0682809021765,-0.00394651515617,0.028337502263,-0.00523607633081,0.573960474326,0.818868214458,0.00222893743487,0.0,0.818827769216,-0.573899824113,-0.0118668928,0.0,-0.00843839698175,0.00863640956542,-0.999927100286,0.0,0.660293447607,0.259059007768,0.303496102818,1.0,-0.00766,-0.0100674285714,0.384
0.463933058952,0.539026352724,-0.124015129242,-1.3690888195,0.0788064970314,1.89891455285,0.157532808078,-0.00777830173062,-0.0428484074088,-0.000207670606667,-0.0669639598384,-0.00385877262698,0.0281376040986,-0.00290731935291,0.573978705479,0.818855329333,0.00226763776947,0.0,0.818815287973,-0.573917797943,-0.01185884846,0.0,-0.00840940549318,0.00866366976328,-0.999927108706,0.0,0.660156977548,0.258877139559,0.303516464832,1.0,-0.00802,-0.0105405714286,0.402
0.463826246538,0.538308569347,-0.124015523291,-1.37021534612,0.0787372241413,1.89935623509,0.157389033749,-0.0103160511825,-0.0477444931668,0.00168813511176,-0.0719227447453,-0.00536832328839,0.0200671456748,-0.0129344966505,0.57399258123,0.818845531428,0.00229330649155,0.0,0.8188058615,-0.573931610237,-0.0118412349233,0.0,-0.00838010255899,0.00867472081132,-0.999927258904,0.0,0.660034882598,0.258700861051,0.303525570965,1.0,-0.00834,-0.0109611428571,0.418
0.463725397715,0.537524920666,-0.124025919403,-1.37144761612,0.078667066635,1.89982044758,0.15724828333,-0.0103806649683,-0.0448145802554,0.00113691941483,-0.0735539946389,-0.0038980328195,0.0224780871026,-0.00916411439713,0.574016477497,0.818828746665,0.00230523280747,0.0,0.818789245109,-0.573955470874,-0.0118336997112,0.0,-0.0083668336089,0.0086804055789,-0.999927320686,0.0,0.65989508323,0.258512425925,0.303533025526,1.0,-0.00868,-0.011408,0.435
0.463607099694,0.536691004298,-0.124025380412,-1.37274761649,0.0785948527801,1.90030828657,0.157090578087,-0.00506030371585,-0.0505729652373,-0.000328031191191,-0.0781574752173,-0.00346751128697,0.0234056454843,-0.0120117439566,0.574036146003,0.818814898003,0.00232654065017,0.0,0.818775613757,-0.57397499224,-0.0118300253838,0.0,-0.00835138566646,0.0086959443511,-0.999927314813,0.0,0.659747468632,0.258312726323,0.303545280745,1.0,-0.00902,-0.0118548571429,0.452
0.463508132525,0.535899229676,-0.124039234015,-1.37399383792,0.078518608185,1.9007726684,0.156936357602,-0.00414462257688,-0.0523604114765,0.00105037980183,-0.0846190978493,-0.00926613327089,0.0285317097801,-0.013320798269,0.57404878905,0.818806023729,0.00233027815451,0.0,0.818766854372,-0.573987688335,-0.011820267435,0.0,-0.00834111579913,0.00869353209913,-0.99992742151,0.0,0.659604773246,0.258121030563,0.303551662666,1.0,-0.00934,-0.0122754285714,0.468
0.46338728609,0.534993824542,-0.124041762143,-1.37540939081,0.0784511927466,1.90128236167,0.156771743134,-0.00877774575787,-0.0512479231596,0.000667340597003,-0.0835576632721,-0.00896507017427,0.0338437977372,-0.00516434997403,0.574074333422,0.81878808914,0.00233916443322,0.0,0.818748855382,-0.574013007541,-0.0118374780103,0.0,-0.00834983594902,0.00871094821313,-0.99992719716,0.0,0.659437060543,0.257907381525,0.30356106394,1.0,-0.00968,-0.0127222857143,0.485
0.463258746881,0.534057752642,-0.124045723576,-1.37694668044,0.0783536320692,1.90184268063,0.156566576062,-0.00628805942981,-0.0502473580449,0.000521211204299,-0.0887519060116,-0.00362127087909,0.0317916229409,-0.00512784272201,0.574072514493,0.818789477075,0.00229939919389,0.0,0.818749746784,-0.574011365088,-0.0118554541011,0.0,-0.00838740127719,0.00868869013821,-0.999927076423,0.0,0.659255570274,0.257672367834,0.303538380098,1.0,-0.01004,-0.0131954285714,0.503
0.463137064769,0.533240045048,-0.12404608153,-1.37825417634,0.078277840952,1.90233704438,0.156408662336,-0.00958843320329,-0.0582481502129,0.00132054465729,-0.0925917793123,-0.00610379407493,0.0378367178327,-0.0140210713077,0.57409443167,0.818774098575,0.00230346019009,0.0,0.818734392595,-0.574033234064,-0.0118569588587,0.0,-0.00838606955675,0.00869310350611,-0.999927049234,0.0,0.659107104245,0.25746875061,0.303535591022,1.0,-0.01034,-0.0135897142857,0.518
0.463006284601,0.532306254783,-0.124048326667,-1.37977845688,0.0781991129707,1.90290904552,0.156217916299,-0.00433976605326,-0.0567753452528,-0.000356710289068,-0.0944661047028,-0.00223114996964,0.0300243628791,-0.0102657003053,0.57410923071,0.818763752501,0.00229253230041,0.0,0.818723783168,-0.574047948709,-0.0118771360037,0.0,-0.00840870687259,0.00869589155499,-0.999926834883,0.0,0.658929298345,0.257238637328,0.303518120373,1.0,-0.01068,-0.0140365714286,0.535
0.462868957144,0.531264914516,-0.124044260681,-1.38145058944,0.0780953661967,1.90351467368,0.155993805205,-0.00592212821756,-0.058262342252,0.00155005428813,-0.0954494415744,-0.00261340137275,0.0313302253114,-0.0160637507244,0.574098574546,0.818771287212,0.00226998731552,0.0,0.818730981556,-0.574037338904,-0.0118937078641,0.0,-0.00843533142593,0.00868683692233,-0.999926689337,0.0,0.658727750851,0.256990020713,0.303508542502,1.0,-0.01104,-0.0145097142857,0.553
0.462742160277,0.530310433259,-0.124046769366,-1.38299425159,0.0780015096015,1.90406221412,0.155801587237,-0.0120513170242,-0.0613229349739,0.000413910863249,-0.0944378283572,-0.00301519520079,0.0299917849052,-0.0112865470078,0.574105460786,0.818766559859,0.00223321614819,0.0,0.818725731316,-0.574044326077,-0.0119178638976,0.0,-0.00847614655759,0.00867066920587,-0.999926484515,0.0,0.658540095152,0.256756318594,0.303493866355,1.0,-0.01136,-0.0149302857143,0.569
0.462603699208,0.529248017273,-0.124052477752,-1.38463872064,0.0778981921675,1.90466201175,0.155574994309,-0.00930881725804,-0.0657589712776,0.000971482130489,-0.0959555547934,-0.00249108983503,0.0361097502569,-0.0239761739237,0.574098768677,0.81877121944,0.00224519971762,0.0,0.818730575336,-0.57403761577,-0.0119082992641,0.0,-0.00846150652729,0.0086749206202,-0.999926571634,0.0,0.658345972831,0.256504565356,0.30351162372,1.0,-0.0117,-0.0153771428571,0.586
0.462482259161,0.528279674433,-0.124052566615,-1.38614273456,0.0777986328991,1.90523252135,0.155373638892,-0.0046583015557,-0.0647409394351,-0.000481788416281,-0.0997769422191,-0.0040580458336,0.0408987403007,-0.0136436408775,0.574088186654,0.818778572565,0.00226935117541,0.0,0.818738319667,-0.57402701771,-0.0118867047175,0.0,-0.00843007253872,0.00868218868365,-0.999926774057,0.0,0.658170089958,0.256281362397,0.303527029092,1.0,-0.012,-0.0157714285714,0.601
0.462336185949,0.52717090878,-0.124053044009,-1.38786523161,0.0776948637115,1.90590635258,0.155126109931,-0.00500733914908,-0.064294011163,-0.000858987862283,-0.105097875086,-0.00603705054884,0.0426411882971,-0.0186371537289,0.574070938623,0.818790526354,0.00231911235874,0.0,0.818750948249,-0.574009604172,-0.0118577383992,0.0,-0.00837797240012,0.00870612607551,-0.999927003809,0.0,0.65797356795,0.256023963136,0.303546049035,1.0,-0.01234,-0.0162182857143,0.618
0.462185073023,0.525985662783,-0.124053161952,-1.38967674297,0.077577585919,1.90657805565,0.154889341641,-0.00703312667081,-0.074958974133,0.000309892520291,-0.109589975956,-0.00429909831605,0.0302945885908,-0.0151469448552,0.574066998455,0.818793189904,0.00235379543495,0.0,0.818754112267,-0.574005581283,-0.011833985086,0.0,-0.00833865522597,0.00872084789324,-0.999927204171,0.0,0.657759170944,0.255751629703,0.303575995126,1.0,-0.01268,-0.0166651428571,0.635
0.462036686179,0.524895935304,-0.124064153288,-1.39140346613,0.0774713330194,1.90720451424,0.154661469382,-0.0131528017941,-0.0659871718442,-0.00158659394207,-0.10370020113,-0.00258333524748,0.0357031403936,-0.0135935653239,0.574073999125,0.818788318198,0.00234102825051,0.0,0.818749095514,-0.574012652335,-0.0118380934187,0.0,-0.0083492735151,0.00871282414244,-0.999927185513,0.0,0.657553747389,0.255482321611,0.303575274823,1.0,-0.013,-0.0170857142857,0.651
0.461861203082,0.523565334244,-0.124070170084,-1.39352622568,0.0773438464827,1.90796247557,0.154360965196,-0.00814660512815,-0.0738753990933,-0.000206743192426,-0.109636870982,-0.00166223460429,0.0394532089341,-0.0173708471042,0.574055453724,0.818801404835,0.00231136133874,0.0,0.818761735458,-0.573994161466,-0.0118604407466,0.0,-0.00838479906521,0.00870117243969,-0.999926989706,0.0,0.657294171736,0.255159784487,0.303566365476,1.0,-0.01338,-0.0175851428571,0.67
0.461707444267,0.522425145993,-0.124066186286,-1.39534933049,0.0772156785899,1.90867006188,0.154125161538,-0.0149869546835,-0.0702642328416,0.000491167722781,-0.113415476744,-0.0076507501302,0.0424460958719,-0.0101630798326,0.574048752684,0.818806075679,0.00232096404915,0.0,0.81876668225,-0.573987580776,-0.0118374006053,0.0,-0.00836049196162,0.0086957405066,-0.999927240489,0.0,0.657081578931,0.254886915775,0.303561177702,1.0,-0.0137,-0.0180057142857,0.686
0.461536785025,0.521107262175,-0.124072351951,-1.3974616955,0.0771059508878,1.90948542991,0.153833010185,-0.00795865564871,-0.075496100752,-0.000939458595433,-0.119017451145,-0.00312485601491,0.0461630282399,-0.0182300798387,0.574037374197,0.818813984936,0.00234478129221,0.0,0.81877477811,-0.573975983105,-0.0118397825585,0.0,-0.00834889213221,0.00871649329271,-0.999927156719,0.0,0.656831981409,0.254575313189,0.303552579934,1.0,-0.01406,-0.0184788571429,0.704
0.461395278537,0.520057667675,-0.124080542095,-1.39912223711,0.0769902585571,1.91009577489,0.153617594575,-0.010568464651,-0.0792819542589,-0.00213106961997,-0.121196316163,-0.0128762722414,0.0456988395634,-0.010951934707,0.574039147306,0.81881275407,0.00234052001282,0.0,0.818773595813,-0.573977881006,-0.0118295315348,0.0,-0.00834292520514,0.00870713782163,-0.999927288031,0.0,0.656619543966,0.254298832269,0.303556008582,1.0,-0.01436,-0.0188731428571,0.719
0.461215765173,0.518715820204,-0.124092225286,-1.40118881726,0.0768609629448,1.91083452562,0.153341821275,-0.0116477111969,-0.0833695133408,-0.000958358003364,-0.126343065436,-0.00800616755148,0.0458311261256,-0.0100117457911,0.574044144499,0.818809246658,0.00234193399342,0.0,0.818770158861,-0.57398292648,-0.0118226041339,0.0,-0.00833638795856,0.00870436992973,-0.999927366652,0.0,0.65638343733,0.253993957412,0.303575214191,1.0,-0.01468,-0.0192937142857,0.735
0.46101760947,0.517217859288,-0.124096447589,-1.40355808631,0.0767014071137,1.91168457567,0.153015550985,-0.013818557001,-0.0799152654918,-0.000969026509593,-0.133336227255,-0.0139202768433,0.0400391173424,-0.00895881628617,0.574024546522,0.81882306349,0.00231464651393,0.0,0.818783694089,-0.573963512525,-0.0118277421524,0.0,-0.00835646630787,0.00868477635745,-0.999927369428,0.0,0.656091744571,0.253631869513,0.303572418973,1.0,-0.01506,-0.0197931428571,0.754
0.460850326236,0.515945956481,-0.124105658557,-1.40558802207,0.076575402247,1.91243965004,0.15273613741,-0.00897860182822,-0.0871514556466,-0.000620142796227,-0.126576875298,-0.00168268490386,0.0482261949952,-0.0139335001375,0.574012651944,0.818831422342,0.00230740004001,0.0,0.818791989573,-0.573951679537,-0.011827690745,0.0,-0.00836070967702,0.00867869189214,-0.999927386784,0.0,0.655846160724,0.253323418175,0.303564084887,1.0,-0.01538,-0.0202137142857,0.77
0.460654008738,0.514564031039,-0.124106692059,-1.40779953045,0.076438785826,1.91326403324,0.152429630633,-0.0149769501057,-0.0885642760149,0.000663599264399,-0.129110336722,-0.0116875691451,0.0429041918193,-0.0185412875438,0.574002954483,0.818838240529,0.00230021600595,0.0,0.81879870093,-0.573941997235,-0.0118329230237,0.0,-0.00836922043398,0.0086757136877,-0.999927341431,0.0,0.655579536813,0.252983634816,0.303551837632,1.0,-0.01572,-0.0206605714286,0.787
0.46046082901,0.513182726281,-0.124107117647,-1.41005817559,0.0762998690218,1.91405118894,0.152111458012,-0.0113038554255,-0.0772774832819,-0.000376377315831,-0.129816176478,-0.00784185021773,0.0495615555547,-0.0217375255574,0.57398189445,0.818853216648,0.00222291028361,0.0,0.818812559855,-0.573921129371,-0.0118859575302,0.0,-0.00845724220419,0.00864263767773,-0.999926887261,0.0,0.655292567391,0.252637897276,0.303513073642,1.0,-0.01606,-0.0211074285714,0.804
0.460255028374,0.511761517348,-0.124109985449,-1.41234403994,0.0761668733887,1.91486383441,0.151793010916,-0.0137306074038,-0.081008708898,0.00101597464813,-0.138946584278,-0.0145307487329,0.0491202293217,-0.0115760525567,0.57397547551,0.81885782694,0.0021816677319,0.0,0.818816491169,-0.573914732613,-0.0119239415169,0.0,-0.00851208547012,0.00863060168509,-0.999926525859,0.0,0.65500779136,0.252282486317,0.303491148827,1.0,-0.0164,-0.0215542857143,0.821
0.460064403617,0.510285898998,-0.12411387103,-1.4146711054,0.0760279665282,1.91575235915,0.15145424729,-0.00961398594182,-0.0883916626483,0.0012461136435,-0.137094710914,-0.00678078028357,0.0527100145568,-0.0249590395165,0.573941223914,0.818881752012,0.00221237762321,0.0,0.818840800697,-0.573880345495,-0.0119096208626,0.0,-0.00848309448886,0.00864717392357,-0.999926629054,0.0,0.654725607684,0.251936442466,0.303493819528,1.0,-0.01674,-0.0220011428571,0.838
0.459856938921,0.508779592233,-0.124119540662,-1.41703939413,0.0758743935817,1.91662519817,0.151137279963,-0.0106110578282,-0.0906677078976,0.00109519849862,-0.136023059032,-0.0141653887442,0.051810914486,-0.0187506542505,0.573937311146,0.818884487616,0.00221488526762,0.0,0.818843624824,-0.573876480112,-0.0119017041185,0.0,-0.00847521349174,0.00864464317711,-0.999926717765,0.0,0.654435732038,0.251570549144,0.303496507676,1.0,-0.01708,-0.022448,0.855
0.459660106251,0.507356588464,-0.124130300913,-1.41928261386,0.0757293818665,1.91742131491,0.150817184079,-0.0166816965371,-0.0965140715643,-0.000676344072829,-0.140333135582,-0.00857420206547,0.0559290780997,-0.020830121677,0.573921000949,0.818895989493,0.00218859850938,0.0,0.818854808323,-0.573860302117,-0.0119123230778,0.0,-0.00849916742747,0.00862904293317,-0.999926649195,0.0,0.654155310374,0.251218680439,0.303493468758,1.0,-0.0174,-0.0228685714286,0.871
0.459448203408,0.505797207369,-0.12413448265,-1.42172416666,0.0755753928821,1.91833191184,0.150489252224,-0.0136473423552,-0.0924352632371,-0.000912374770871,-0.143659267957,-0.0155059688813,0.0553641677241,-0.0249080444383,0.573913661645,0.818901079797,0.0022084801808,0.0,0.818860182505,-0.573852909126,-0.0118990376209,0.0,-0.00847695518747,0.00863762303599,-0.999926763668,0.0,0.653855710667,0.250845393112,0.303500603526,1.0,-0.01774,-0.0233154285714,0.888
0.459256482211,0.504344637583,-0.124135190479,-1.42389276663,0.0754405521217,1.91917279581,0.150185202801,-0.013075986199,-0.097636116514,-5.32121902236e-05,-0.140273830893,-0.00114946311669,0.0540915764786,-0.0178219869201,0.573897660347,0.818912004745,0.00231318698937,0.0,0.818872521834,-0.573836549749,-0.011838667909,0.0,-0.00836759713213,0.0086885563597,-0.999927243507,0.0,0.653597041859,0.250516693091,0.303556228645,1.0,-0.01804,-0.0237097142857,0.903
0.459022924725,0.502686225727,-0.124138351795,-1.42636139258,0.075275956571,1.9201115492,0.149827741508,-0.0194931743556,-0.0991567252258,0.000442960652515,-0.144711582341,-0.0155379367898,0.0543948423912,-0.0191313634085,0.573880652229,0.818923629125,0.00241527632412,0.0,0.818885611116,-0.573819298791,-0.0117692456591,0.0,-0.00825234008362,0.00873214552463,-0.999927821654,0.0,0.653302975819,0.250128294126,0.303620804273,1.0,-0.01838,-0.0241565714286,0.92
0.458763667358,0.500766892895,-0.124147153353,-1.42923147253,0.07510213768,1.9211249389,0.149428799868,-0.0180943393237,-0.101693109263,-0.00116983152897,-0.152672850393,-0.00897775186909,0.0511228781701,-0.032738221398,0.57387206055,0.818929480941,0.00247189546216,0.0,0.818892112733,-0.573810406468,-0.0117504056768,0.0,-0.00820451224418,0.00876761401927,-0.999927904863,0.0,0.652941040818,0.249679387887,0.303682382988,1.0,-0.01876,-0.024656,0.939
0.458536801762,0.499168240487,-0.124141944021,-1.43168369509,0.0749489794693,1.92200869966,0.149096841428,-0.0091667170537,-0.102126748864,6.24354906438e-06,-0.156692013474,-0.00112700877492,0.0560923183035,-0.019950105137,0.573865659928,0.81893388443,0.00249883732688,0.0,0.818896792292,-0.573803828273,-0.0117455154862,0.0,-0.00818511578617,0.00878680704036,-0.999927895351,0.0,0.652631879279,0.249299817865,0.303706781757,1.0,-0.01908,-0.0250765714286,0.955
0.458265815937,0.497398764805,-0.124145145032,-1.43448541582,0.074772101739,1.92304650473,0.148678351198,-0.0128523088153,-0.0983501849721,0.000654817352088,-0.153806526478,-0.00271605169485,0.0519204270522,-0.0199205267281,0.5738416825,0.81895068372,0.00249959207611,0.0,0.818913596864,-0.573779846248,-0.0117454591854,0.0,-0.00818489385792,0.00878715317833,-0.999927894126,0.0,0.652286591932,0.248854049368,0.303697028351,1.0,-0.01944,-0.0255497142857,0.973
0.458050283198,0.496024818571,-0.124142978911,-1.43670470969,0.0746373520557,1.9238325831,0.148351190544,-0.012891137117,-0.0952808863545,-0.000217581800724,-0.160018241463,-0.0042738846858,0.0595097061256,-0.0279988591842,0.573824529311,0.818962849466,0.00245105207645,0.0,0.818924999517,-0.573762733959,-0.0117863135284,0.0,-0.00824638933998,0.00877067249586,-0.999927533558,0.0,0.652003048636,0.248501349896,0.303666296658,1.0,-0.01972,-0.0259177142857,0.987
0.457782650911,0.494360863123,-0.124145146055,-1.43944337815,0.074464267329,1.92478096972,0.147979131296,-0.0106411022753,-0.0951099721129,0.000328388561227,-0.155925757704,-0.00651797345677,0.058298536451,-0.0152047932158,0.573831596792,0.8189582195,0.00234096953203,0.0,0.81891881225,-0.573770089146,-0.0118579359297,0.0,-0.00836813691141,0.00872169021743,-0.999926950534,0.0,0.651648644801,0.248059414213,0.303604154012,1.0,-0.0202697142857,-0.0266401959184,1.004
0.457464446127,0.492354763987,-0.124150710997,-1.44264674738,0.0742547864247,1.92595946681,0.147518318636,-0.014082543356,-0.108746255219,0.000177875038413,-0.174851010075,-0.0131085434234,0.0578638560425,-0.027392336081,0.57382288679,0.818964393095,0.00231610431811,0.0,0.818924705252,-0.573761522096,-0.011865487456,0.0,-0.00838868170244,0.00870557092045,-0.999926918857,0.0,0.651250191139,0.247541766138,0.303578255797,1.0,-0.0221045714286,-0.029051722449,1.023
0.457164088811,0.490437459614,-0.124152446687,-1.44575995007,0.0740623859245,1.92705783081,0.147074917522,-0.0148768849436,-0.114104458507,0.00072567982513,-0.189320778286,-0.0178422132544,0.0625161380629,-0.0229627743855,0.57381038459,0.818973383632,0.00223301160351,0.0,0.818932456785,-0.573749190185,-0.011926646131,0.0,-0.00848658053105,0.00867248605401,-0.999926380258,0.0,0.650847347299,0.247045090548,0.303525629611,1.0,-0.0237462857143,-0.0312094040816,1.04
0.45682302303,0.488351406003,-0.124169640366,-1.44907521096,0.0738537803197,1.92825954092,0.146594637867,-0.0243360218136,-0.122377505327,-0.000841803417051,-0.200133643428,-0.0174969641441,0.0726669337113,-0.0299350663365,0.573817163553,0.818968712969,0.00220383560849,0.0,0.818927398502,-0.573756078934,-0.0119425612582,0.0,-0.00851628391069,0.00865779467771,-0.999926255031,0.0,0.650432945519,0.246495687092,0.303502610066,1.0,-0.025388,-0.0333670857143,1.057
0.45643750849,0.485935219082,-0.124193045318,-1.45275421144,0.0736291677424,1.92968336309,0.146061800594,-0.0229899253794,-0.136291303787,-0.0023787036071,-0.203414759338,-0.00796117388998,0.0735264029738,-0.0334642693724,0.573835179638,0.818955724241,0.00233564626202,0.0,0.81891624176,-0.573773686089,-0.0118614094669,0.0,-0.00837399804073,0.00871936056588,-0.999926921784,0.0,0.649993900075,0.245887484851,0.30355393744,1.0,-0.0271262857143,-0.0356516897959,1.075
0.456070121743,0.483681616593,-0.124212932914,-1.45622644616,0.0734008241269,1.93090148838,0.14553029523,-0.0200499682102,-0.143223704941,-0.00226215063563,-0.225152192198,-0.01712573082,0.071362465956,-0.0324192812469,0.573823588674,0.818963868525,0.00232766711637,0.0,0.818924313738,-0.573762160558,-0.0118616348232,0.0,-0.00837888434756,0.00871283680677,-0.999926937717,0.0,0.649552652557,0.245301571898,0.303571594938,1.0,-0.0286714285714,-0.0376824489796,1.091
0.455649615329,0.481132182261,-0.124254016212,-1.46017467013,0.0731678300969,1.93228506873,0.144937612551,-0.0225988447208,-0.154093197611,-0.00835882603173,-0.236267209632,-0.0125401872765,0.0879727369898,-0.0346508575228,0.573842424605,0.818950701646,0.00231665688235,0.0,0.8189108796,-0.573780908563,-0.0118822196217,0.0,-0.00840186036736,0.00871582504931,-0.999926718883,0.0,0.64905105322,0.244626968026,0.303581667963,1.0,-0.0303131428571,-0.0398401306122,1.108
0.455254724397,0.478803874135,-0.124268701907,-1.46377797826,0.0729459540993,1.93361576598,0.144401996574,-0.0343027802292,-0.15548304285,0.000577963737366,-0.235951854613,-0.0236631651455,0.0850879144428,-0.0363457398316,0.573853297895,0.818942951179,0.00236264917606,0.0,0.818903697472,-0.573791568839,-0.0118624068972,0.0,-0.00835912727424,0.00874223178009,-0.999926846512,0.0,0.648602633512,0.244020805125,0.303595832218,1.0,-0.0317617142857,-0.0417439673469,1.123
0.454804453509,0.476163522017,-0.124289507929,-1.46777998266,0.0726937907355,1.93509521056,0.143824795349,-0.0285064506215,-0.175627078266,-0.00112717646796,-0.251202149404,-0.0142398006519,0.0942430975284,-0.0375998758582,0.573889787991,0.81891709865,0.00245838972087,0.0,0.818879142656,-0.573827742446,-0.0118075663749,0.0,-0.00825888478342,0.00878953505632,-0.999927264803,0.0,0.648107760733,0.243337622557,0.303647844982,1.0,-0.0333068571429,-0.0437747265306,1.139
0.45431738262,0.47326144449,-0.124308824074,-1.47226717127,0.0724152196757,1.93670124034,0.143179670934,-0.0275255226413,-0.172504924946,-0.00175029711954,-0.270090975324,-0.0178405915587,0.093785463193,-0.0365606378935,0.573914534583,0.818899703433,0.00247580563789,0.0,0.818861872513,-0.573852312117,-0.0118112032919,0.0,-0.00825160295216,0.0088061336261,-0.999927178878,0.0,0.647531927226,0.242582450881,0.303659330592,1.0,-0.0349485714286,-0.0459324081633,1.156
0.453806517409,0.470233554526,-0.124304919127,-1.47692316506,0.0721263531638,1.93833935,0.142473623894,-0.0296911414112,-0.181520102593,0.00483736594641,-0.273691827853,-0.0158184444495,0.100384621011,-0.0515469642745,0.573895505395,0.8189129907,0.0024918773354,0.0,0.818875110776,-0.573832948915,-0.0118341282551,0.0,-0.00826135909875,0.00883225939329,-0.999926867896,0.0,0.646921411561,0.241808379792,0.303677422297,1.0,-0.0365902857143,-0.0480900897959,1.173
0.45321307688,0.466669198077,-0.124300690152,-1.48228646641,0.0717670395057,1.94038408215,0.141606799865,-0.0349855229522,-0.189417160016,0.00127058174455,-0.288105786691,-0.0206818224028,0.100838889498,-0.0505327831655,0.5738248936,0.818961845347,0.00268965658957,0.0,0.818926732794,-0.573761834828,-0.0117094026608,0.0,-0.00804648663093,0.0089219501944,-0.999927823824,0.0,0.64624968478,0.24092109816,0.303761788511,1.0,-0.0384251428571,-0.0505016163265,1.192
0.452716797984,0.46377097591,-0.124310453366,-1.48679684809,0.0714617212618,1.94190800154,0.140942598944,-0.033330449944,-0.193026080706,0.000378801936535,-0.303365682121,-0.0247087211717,0.108275187283,-0.0479871499253,0.573822312075,0.818963919738,0.00260753391283,0.0,0.818927639759,-0.573759438222,-0.0117632815061,0.0,-0.0081377626154,0.00888558605932,-0.999927408955,0.0,0.645641383972,0.240155094647,0.30374570797,1.0,-0.0398737142857,-0.0524054530612,1.207
0.452117068202,0.460397478956,-0.124317401918,-1.4921004616,0.0711110756623,1.94376577632,0.140158006469,-0.0413658915527,-0.198125628527,0.000897259531134,-0.317536624335,-0.0240623714971,0.119602145597,-0.0452917633683,0.57382732035,0.818960623943,0.00253963628211,0.0,0.818923337608,-0.573764562825,-0.0118127248193,0.0,-0.00821716139319,0.00885840220126,-0.99992700082,0.0,0.644936239175,0.239252479582,0.303706318553,1.0,-0.0415154285714,-0.0545631346939,1.224
0.451563237081,0.457342618231,-0.124325885436,-1.49685738406,0.0707861178904,1.94545569407,0.139415502015,-0.0399935840814,-0.204822196701,-0.00196989397747,-0.321897697393,-0.0227895241016,0.114252382006,-0.049457566886,0.573809830627,0.818972946346,0.00251760431929,0.0,0.818935397583,-0.573747184072,-0.0118207552952,0.0,-0.00823656898284,0.00884479117765,-0.999926961633,0.0,0.644309854368,0.238432297733,0.303690732113,1.0,-0.042964,-0.0564669714286,1.239
0.450887804153,0.453780572836,-0.124352703001,-1.50251342225,0.0704002986156,1.94740630446,0.13853322363,-0.0375303312454,-0.214992756682,-0.000843271235333,-0.335122440584,-0.0198177804426,0.110069129094,-0.0539372824167,0.573813337967,0.818970899173,0.00238041580455,0.0,0.818931526326,-0.573751177734,-0.0118948786894,0.0,-0.00837595438756,0.00877500653967,-0.999926418617,0.0,0.643553807313,0.237432681779,0.303616794894,1.0,-0.0446057142857,-0.0586246530612,1.256
0.450118360291,0.449493334327,-0.124411393158,-1.5088890147,0.0699677537863,1.94979514725,0.137529902461,-0.0411116299069,-0.225100885558,-0.00170931545435,-0.336640451603,-0.0238034149108,0.112704772246,-0.051958653861,0.573836160894,0.818954205176,0.00261097246212,0.0,0.818918279331,-0.57377361106,-0.0117235630106,0.0,-0.0081031101392,0.00886574815919,-0.999927866456,0.0,0.64274805344,0.236301124935,0.30373264871,1.0,-0.0464405714286,-0.0610361795918,1.275
0.449436587254,0.445808772181,-0.124427400571,-1.51452817974,0.0695815982095,1.95163237557,0.136696257355,-0.0433314940074,-0.223694865598,-0.000529355169191,-0.350399557057,-0.019072731501,0.120154822161,-0.0545196401113,0.573869720406,0.818931014694,0.00250680569323,0.0,0.818893520757,-0.57380731635,-0.0118030617863,0.0,-0.00822762832502,0.0088263966427,-0.999927197777,0.0,0.641963634594,0.235302314108,0.303733290735,1.0,-0.0479857142857,-0.0630669387755,1.291
0.448662995075,0.441579624278,-0.124433839579,-1.52104352479,0.0691284339918,1.95394408629,0.135677776975,-0.0417549571053,-0.236204784442,-0.00230135930674,-0.358075038259,-0.0224414246632,0.126292472893,-0.0566811132023,0.573838809455,0.818952656754,0.00251269984456,0.0,0.818915279479,-0.573776430254,-0.0117949150963,0.0,-0.00821790732736,0.00882623826436,-0.999927279114,0.0,0.641081912279,0.234176452708,0.303727127565,1.0,-0.049724,-0.0653515428571,1.309
0.447876393089,0.437516115111,-0.124435255044,-1.52735061846,0.0687106843644,1.95616994802,0.134642493342,-0.0441938986791,-0.241410685434,-0.000255162287711,-0.371576145172,-0.0239095013748,0.133474762843,-0.0645327147564,0.573799171327,0.818980480245,0.00249616985599,0.0,0.818942685264,-0.573736642018,-0.0118275424677,0.0,-0.0082545412247,0.0088310241361,-0.999926935112,0.0,0.640224690467,0.233068748063,0.303695316255,1.0,-0.0513657142857,-0.0675092244898,1.326
0.447141072503,0.433750892032,-0.124456120096,-1.53294528606,0.0683174507494,1.95820371534,0.133746422218,-0.0490768962577,-0.252913793158,0.00111419602661,-0.377455805298,-0.0250548145167,0.131256193408,-0.0673020702993,0.573817922938,0.818966851193,0.00265233164702,0.0,0.818931329266,-0.57375508103,-0.0117188668231,0.0,-0.00807573018541,0.00889674459084,-0.999927812653,0.0,0.639488574378,0.232054049473,0.303778283414,1.0,-0.0528142857143,-0.0694130612245,1.341
0.446271703275,0.429459370163,-0.124481714489,-1.53960332966,0.0678234902646,1.96046001646,0.132695536012,-0.0490191872454,-0.252999867309,-0.000232544658746,-0.404236918651,-0.0279194163746,0.126092880222,-0.0649955340677,0.573836841454,0.818953986821,0.00252858874225,0.0,0.818917004362,-0.573774606165,-0.0117638508901,0.0,-0.00818337013233,0.00882140519558,-0.999927605011,0.0,0.638567224213,0.230834569775,0.303730310027,1.0,-0.054456,-0.0715707428571,1.358
0.445334258994,0.424726582869,-0.12455256759,-1.54686574178,0.0672940498455,1.96286319856,0.131483802562,-0.0568454583171,-0.267968116098,-0.0017603612843,-0.407254129976,-0.0329256911272,0.141724302708,-0.0656247843558,0.573825467713,0.818962369607,0.00239095650122,0.0,0.818923747336,-0.573763909143,-0.0118160701986,0.0,-0.008305232202,0.00873854130992,-0.999927327866,0.0,0.637548998388,0.229486435239,0.303704010633,1.0,-0.0561942857143,-0.0738553469388,1.376
0.44446685122,0.420438081822,-0.12457367065,-1.55338825181,0.0668446033766,1.96509373769,0.13043874216,-0.0578042912122,-0.272446555651,-0.00267083717141,-0.405292336382,-0.0272911563228,0.139541802572,-0.0624252181366,0.573845009693,0.818948705066,0.00238122290969,0.0,0.81890982725,-0.573783350441,-0.0118367432858,0.0,-0.00832753985776,0.00874263122992,-0.999927106583,0.0,0.636637335409,0.228295442053,0.303706422388,1.0,-0.0577394285714,-0.0758861061224,1.392
0.443487643148,0.415735943778,-0.124591400668,-1.56032740067,0.0663704648208,1.9676596391,0.129316418977,-0.0568838329102,-0.272598854826,-0.00202285083945,-0.414394759928,-0.0275626825041,0.153406157381,-0.0675078735809,0.573898469799,0.818910418905,0.00264935313635,0.0,0.818875203607,-0.573836008802,-0.0116783055706,0.0,-0.00804334673662,0.00887182209585,-0.999928295102,0.0,0.635713137554,0.227011655265,0.303814558165,1.0,-0.0593811428571,-0.0780437877551,1.409
