position_joint1,position_joint2,position_joint3,position_joint4,position_joint5,position_joint6,position_joint7,velocity_joint1,velocity_joint2,velocity_joint3,velocity_joint4,velocity_joint5,velocity_joint6,velocity_joint7,ee_T_00,ee_T_10,ee_T_20,ee_T_30,ee_T_01,ee_T_11,ee_T_21,ee_T_31,ee_T_02,ee_T_12,ee_T_22,ee_T_32,ee_T_03,ee_T_13,ee_T_23,ee_T_33,v_x,v_y,time
0.465065946704,0.547664987288,-0.123960484192,-1.35574116098,0.0794912014637,1.89409314535,0.159174436106,0.000865763663895,0.000847254851655,-0.000258752349823,-0.00134283106324,0.00142919884084,-0.000399963570969,0.00446961073697,0.573797374415,0.818982804552,0.00211798603203,0.0,0.818941875067,-0.573738155751,-0.0118101988837,0.0,-0.00845734323423,0.00851133243275,-0.999928012692,0.0,0.661695826646,0.260912118505,0.303338822347,1.0,0.0,0.0,0.0
0.465068018052,0.547665585955,-0.123960720955,-1.35575113719,0.0794891654982,1.89408770071,0.159172228074,0.00660132689913,0.0014438996496,-0.000470155402638,-0.00191570613194,-0.000342913564009,-0.000133572003993,-0.000706374077579,0.573794005388,0.818985201832,0.00210367847683,0.0,0.818944087552,-0.573734844853,-0.0118176209714,0.0,-0.00847166615775,0.0085038388473,-0.999927955203,0.0,0.661692064741,0.260911457255,0.303333180569,1.0,-0.00016,-0.000210285714286,0.009
0.465060234024,0.547661369401,-0.123961221774,-1.35575238258,0.0794898731939,1.89409080189,0.159169994921,-0.000524728821281,0.0011691826153,-0.000473275775657,0.00162636127158,-0.000103862871696,6.13102032231e-05,-0.00204703225147,0.57379917039,0.818981569,0.00210917007738,0.0,0.818940525572,-0.573739986961,-0.0118148143561,0.0,-0.00846616298598,0.0085067793094,-0.999927976801,0.0,0.661694616008,0.260906250784,0.303335862266,1.0,-0.0005,-0.000657142857143,0.026
0.465059895101,0.547652249957,-0.123961165947,-1.35577232724,0.079490550222,1.894094337,0.159171739536,0.000535728739113,-0.00119601175415,1.31274089881e-06,-0.00301634122618,-8.34223953085e-05,-0.00118897295362,-0.00275989998748,0.573802114963,0.818979519231,0.00210400719438,0.0,0.818938386388,-0.573742929208,-0.0118202109234,0.0,-0.00847351454988,0.00850567804452,-0.999927923899,0.0,0.661691026977,0.260904159689,0.303333135835,1.0,-0.00084,-0.001104,0.043
0.465059484292,0.547568605922,-0.123961069596,-1.35585856388,0.0794873520253,1.89411504511,0.159176366594,-5.71551637183e-05,-0.00767066791964,0.000300558722594,-0.00566628001947,-0.000108130163086,0.00429639622504,0.000269975845068,0.57381002705,0.818973930311,0.00212161001807,0.0,0.818932995384,-0.573750739642,-0.0118145983163,0.0,-0.00845873555793,0.00851695540438,-0.999927953036,0.0,0.661677864313,0.260895696735,0.303353133085,1.0,-0.00118,-0.00155085714286,0.06
0.465056386653,0.547444372826,-0.123957679514,-1.35602854059,0.0794884569495,1.89413944132,0.159171221468,-0.00122762695898,-0.00446623253636,0.00061661476496,-0.0109344136614,0.000163983921439,-0.000421854809364,0.000539709165287,0.57381550258,0.818970117979,0.00211228721651,0.0,0.81892889238,-0.573756081025,-0.0118395782367,0.0,-0.00848448650268,0.0085237106747,-0.999927677307,0.0,0.661647008579,0.260878895691,0.303362241246,1.0,-0.0015,-0.00197142857143,0.076
0.465052347407,0.547300170563,-0.123963680491,-1.35622951966,0.0794842787473,1.89423118347,0.159163573163,4.50078707528e-05,-0.00234439183074,-0.00133979455802,-0.0136687147317,0.000236789783327,0.00398564811479,-0.000124488997881,0.57382698026,0.818961992581,0.00214437271959,0.0,0.818921167378,-0.57376741312,-0.011824726764,0.0,-0.00845379336598,0.00854158391415,-0.999927784753,0.0,0.661625703896,0.260856347007,0.303376887163,1.0,-0.00184,-0.00241828571429,0.093
0.465027518667,0.547120718684,-0.12395588642,-1.35644645016,0.0794786631581,1.89435515041,0.159147680813,-0.000887978977202,-0.00672143707339,0.000792274457444,-0.0136571179608,-0.00252729898838,0.00853526612744,-0.00101797138645,0.573839731033,0.818952848157,0.00222316984619,0.0,0.818913004007,-0.573779810755,-0.011788449423,0.0,-0.00837873557336,0.00858542863948,-0.999928041014,0.0,0.661610431513,0.260828560669,0.303411245435,1.0,-0.00218,-0.00286514285714,0.11
0.464996725304,0.546906776202,-0.123951110027,-1.35670361203,0.0794789986212,1.89447648025,0.159128542626,-0.00422804043219,-0.0128456504077,0.00185767255311,-0.017603833372,-1.15500163226e-05,0.00378983195623,-0.00138712768532,0.573860502111,0.818938082315,0.00229964198332,0.0,0.818899108683,-0.573800159795,-0.0117632189138,0.0,-0.00831397307132,0.00863378770988,-0.999928165201,0.0,0.661588219493,0.260791541568,0.303450757752,1.0,-0.00252,-0.003312,0.127
0.464959917905,0.546700215288,-0.123958419902,-1.35702091861,0.0794708383232,1.89460513868,0.159101507304,-0.00222139976538,-0.013990692595,3.08626570993e-05,-0.0206857141834,-0.00268298862379,0.00428767132323,-0.00294141917693,0.573894319455,0.818914312722,0.00232495526429,0.0,0.818875603417,-0.573833810126,-0.0117580349446,0.0,-0.00829484486941,0.00865188518322,-0.999928167636,0.0,0.661557296437,0.260728227221,0.303462243564,1.0,-0.00286,-0.00375885714286,0.144
0.464913032061,0.546428030259,-0.123958020216,-1.35741651947,0.079457597545,1.89474286212,0.158966794889,-0.00422698722687,-0.0178373819211,0.0005022707198,-0.0237007125009,-0.000735281853624,0.00732860775222,-0.0116438220105,0.573835609698,0.818955415358,0.00233828981152,0.0,0.818916784966,-0.573774958942,-0.0117619170858,0.0,-0.00829099317914,0.00866443845423,-0.999928090884,0.0,0.661515038561,0.26066846326,0.303473806078,1.0,-0.00318,-0.00417942857143,0.16
0.464870248531,0.546133628646,-0.123964354563,-1.35787193422,0.0794456070951,1.89490938082,0.158935863693,-0.00159258859317,-0.020232509161,-0.000305463103049,-0.0275500141301,-0.000663911981745,0.0141566800035,-0.000876212471522,0.57387202062,0.818929869015,0.00234957118307,0.0,0.818891278442,-0.573811211122,-0.0117692388829,0.0,-0.0082901305813,0.00867824733194,-0.999927978286,0.0,0.661464773538,0.260595667953,0.303480160011,1.0,-0.00352,-0.00462628571429,0.177
0.464817461624,0.545819971865,-0.123961579734,-1.35837858603,0.0794250159199,1.89507523676,0.158894934532,-0.000947914113347,-0.0228216074678,-0.00142539572117,-0.0252029916426,7.00318552973e-06,0.0013013973726,-0.00401754425362,0.573902532197,0.818908535143,0.00233270435887,0.0,0.818869592753,-0.573841644291,-0.0117942461828,0.0,-0.00831996614488,0.00867909551751,-0.99992772312,0.0,0.661404077069,0.260514260634,0.303475363787,1.0,-0.00386,-0.00507314285714,0.194
0.464765176207,0.54545870299,-0.123964061252,-1.35900750227,0.0793389129995,1.89528947609,0.158792998135,0.000163033077238,-0.0166704961247,0.000422864336621,-0.0358022330199,-0.00408715275223,0.0155868394358,-0.00309665760341,0.573875843209,0.818927443602,0.00225955697795,0.0,0.818887949035,-0.573815651721,-0.0117843823572,0.0,-0.00835414580149,0.00861326217332,-0.99992800739,0.0,0.661330898227,0.260408930261,0.303450312369,1.0,-0.00422,-0.00554628571429,0.212
0.464711303382,0.545113137541,-0.123962299714,-1.35960189821,0.0792950471106,1.89547986823,0.158728433615,-0.000744798979848,-0.0225440033678,0.000310345207038,-0.0402585670619,-8.06666514897e-05,0.0108409382335,-0.0015161922495,0.57388725671,0.81891959236,0.00220561450106,0.0,0.81887941185,-0.573827287994,-0.0118109822647,0.0,-0.00840676485035,0.00858446979397,-0.999927813986,0.0,0.661257483782,0.260314124033,0.303428415463,1.0,-0.00452,-0.00594057142857,0.227
0.464650908202,0.544633415504,-0.123965755499,-1.36039400386,0.0792756809653,1.89575664283,0.15864041268,-0.00174731355009,-0.027806838796,-0.000207307050962,-0.0399725463429,-0.000545021561965,0.0199022094233,0.000688388373037,0.573906048593,0.818906466218,0.00218949202784,0.0,0.818865809738,-0.573845869461,-0.0118511875364,0.0,-0.0084487458141,0.00859453384388,-0.999927373704,0.0,0.661160839179,0.260200114945,0.303415060925,1.0,-0.0049,-0.00644,0.246
0.46458531757,0.544216053773,-0.123962968331,-1.36109513374,0.0792482446938,1.89600453377,0.158520412501,-0.00180021832658,-0.0260432003405,0.00143199085302,-0.0463526319365,-0.000992093408372,0.0142241439044,-0.00885961086679,0.573892841267,0.818915771677,0.00217083899978,0.0,0.818874718253,-0.573832581454,-0.0118790222428,0.0,-0.00848238383176,0.00859509648296,-0.999927084082,0.0,0.661083613466,0.260101387642,0.30340028941,1.0,-0.0052,-0.00683428571429,0.261
0.464530170463,0.543709746057,-0.123967979711,-1.36190057111,0.0792080399169,1.89629470554,0.158448581807,0.00118188671486,-0.0319384579617,0.000376800093057,-0.053826305907,-0.0049464898022,0.0172868645159,-0.00277525901164,0.573915314816,0.818900043807,0.00216253853628,0.0,0.818858795201,-0.573854997311,-0.0118938002454,0.0,-0.00849901362838,0.00859701333172,-0.999926926395,0.0,0.660981598102,0.259977875094,0.303398291604,1.0,-0.00556,-0.00730742857143,0.279
0.464448158147,0.54321306217,-0.123966164662,-1.36270123119,0.0791642244464,1.89656429866,0.158333833642,-0.00708443301245,-0.0358248930487,0.0011577874063,-0.0457381961753,-0.00646854186177,0.0175474346787,-0.00683420948311,0.573919991428,0.818896834243,0.00213663458683,0.0,0.818855152064,-0.573859681084,-0.011918610025,0.0,-0.00853414788424,0.00859008818871,-0.999926686665,0.0,0.660887458524,0.259847407897,0.303391873188,1.0,-0.00588,-0.007728,0.295
0.464377577787,0.542663874002,-0.123973625447,-1.36359908382,0.0791101360195,1.8968784032,0.158205334288,-0.00531938854023,-0.0307771087894,-0.000202126429669,-0.0589906895362,-0.000376944543676,0.0165307446971,-0.00919752555655,0.573913240935,0.818901646614,0.00210522047705,0.0,0.818859553136,-0.573853057794,-0.0119351246447,0.0,-0.00856577093364,0.00857377103655,-0.999926556312,0.0,0.66078079874,0.259709639287,0.303380431278,1.0,-0.00622,-0.00817485714286,0.312
0.464300102449,0.542069585829,-0.12397200464,-1.36452359112,0.0790624062542,1.89722102263,0.158108570032,-0.00179773028894,-0.0354354024028,-0.000945823414203,-0.0509985724718,-0.00543030624421,0.018890512882,-0.00740832078865,0.573934959682,0.818886386803,0.00212001558771,0.0,0.818844400422,-0.573874627242,-0.0119376298852,0.0,-0.00855910423779,0.00858755135662,-0.999926495147,0.0,0.660674088174,0.259572980197,0.303390314556,1.0,-0.00656,-0.00862171428571,0.329
0.464213985996,0.541496128339,-0.123980243127,-1.36543452188,0.0790055060201,1.89754805632,0.15797944905,-0.0117647005542,-0.0346795318024,-0.00146187822681,-0.0546137962281,-0.00568803285183,0.0190340661261,-0.00691961140671,0.573940856896,0.818882284716,0.00210795293994,0.0,0.818840175288,-0.573880607465,-0.0119399585451,0.0,-0.00856787217724,0.00857907176725,-0.999926492845,0.0,0.660571712345,0.259423701256,0.303390808739,1.0,-0.00688,-0.00904228571429,0.345
0.464111245079,0.540776709164,-0.123977594817,-1.36652178882,0.0789437181531,1.8979508726,0.157836043768,-0.00893938753777,-0.0433249849529,-0.00114880430734,-0.0650779636926,-0.00402762111026,0.0203966857713,-0.00700465017872,0.573949459422,0.818876170245,0.0021407324074,0.0,0.818834434883,-0.573889021401,-0.011929219021,0.0,-0.00854017478443,0.00859983979306,-0.999926551388,0.0,0.660449527065,0.259255103309,0.303416687092,1.0,-0.00724,-0.00951542857143,0.363
0.464021541481,0.540098284687,-0.123980520219,-1.36754352171,0.0788801378749,1.89833438361,0.157698770044,-0.00137520826381,-0.0457096126431,-3.4085036157e-05,-0.0644891770533,-0.00144165924925,0.0202112749429,-0.00529063806205,0.573952153721,0.818874195985,0.0021733132408,0.0,0.818832918552,-0.573891616962,-0.0119084162362,0.0,-0.00850441225722,0.00861460742795,-0.999926729071,0.0,0.660335343539,0.259097536693,0.303443172021,1.0,-0.00756,-0.009936,0.379
0.463912488345,0.539375589049,-0.123983953715,-1.36869521676,0.078810936125,1.89877674121,0.157566825058,-0.00788379358549,-0.0472689193914,0.000655967761146,-0.0654557644534,-0.00289229720903,0.025299104493,-0.00213393484302,0.573981170904,0.818853833103,0.00218228368887,0.0,0.818812698577,-0.573920620794,-0.0119009485843,0.0,-0.00849284326986,0.00861796792219,-0.999926798442,0.0,0.660209263396,0.258915143222,0.303444105093,1.0,-0.0079,-0.0103828571429,0.396
0.463801752131,0.538632799268,-0.123993121097,-1.36985892161,0.0787452630794,1.89923058024,0.157419942631,-0.0108945389572,-0.046105810178,-3.73725815356e-05,-0.0704795283908,-0.00155449880974,0.0299876406413,-0.00731272230804,0.574007252261,0.81883549602,0.00220265991083,0.0,0.818794641241,-0.573946631823,-0.0118889105647,0.0,-0.00847101583585,0.00862801313309,-0.999926896968,0.0,0.660091313358,0.258736967813,0.303450699984,1.0,-0.00822,-0.0108034285714,0.412
0.463709604755,0.537902645286,-0.124003704464,-1.37101685299,0.0786782525859,1.89967804422,0.157284548436,-0.00302966811485,-0.0427868963368,-0.00220158419861,-0.0739875919953,-0.00722275705753,0.0344000744418,-0.011720870958,0.574023039964,0.818824373149,0.0022231576315,0.0,0.818783838399,-0.573962390206,-0.0118721315619,0.0,-0.00844534441515,0.00863532884571,-0.999927050966,0.0,0.659954899892,0.258553211967,0.303458266152,1.0,-0.00856,-0.0112502857143,0.429
0.463590087559,0.536983326067,-0.124008417816,-1.37243714067,0.0785993590942,1.90019904782,0.157101063565,-0.00885309564865,-0.0504810103012,-0.000127114871331,-0.0734958300716,-0.00223048708265,0.0227106007893,-0.0110033306199,0.574031058972,0.818818697842,0.00224283329843,0.0,0.8187783618,-0.57397027153,-0.0118688057332,0.0,-0.00843124274569,0.00864961302952,-0.999927046509,0.0,0.659790236077,0.258337681212,0.303476676967,1.0,-0.00894,-0.0117497142857,0.448
0.463498134172,0.53628216356,-0.124005916544,-1.37353433231,0.0785347590667,1.9006190963,0.156969975943,-0.00790001690732,-0.0444553902118,-0.00104279570003,-0.0802610213228,-0.0066324186724,0.0339070492662,-0.0114565503241,0.574037317474,0.818814281638,0.00225327204789,0.0,0.818774070879,-0.573976477181,-0.0118647124123,0.0,-0.00842183296494,0.00865587506563,-0.999927071619,0.0,0.65965580334,0.258164325449,0.303478208937,1.0,-0.00924,-0.012144,0.463
0.463367832941,0.535290042239,-0.124011953023,-1.37509191275,0.0784501519596,1.90117384568,0.156780705918,-0.00950951690591,-0.0600811950722,-0.00152118648812,-0.0834213628644,-0.00375966704204,0.0378673925799,-0.00897497318981,0.574059129765,0.818798975286,0.00225842976505,0.0,0.81875872239,-0.573998154032,-0.0118752085867,0.0,-0.00842723635638,0.00866634783016,-0.999926935382,0.0,0.659479626202,0.2579381335,0.303492794742,1.0,-0.0096,-0.0126171428571,0.481
0.46325770585,0.534452705038,-0.124008485317,-1.37643601912,0.0783773002721,1.90166596636,0.156611382868,-0.00862570661137,-0.0547505796508,-0.00154773322,-0.091267614408,-0.00989443377768,0.0266735731765,-0.0131672967043,0.574062413542,0.818796694868,0.00225049592477,0.0,0.818756221106,-0.574001348071,-0.0118932633837,0.0,-0.00844653967717,0.00867024995109,-0.999926738683,0.0,0.659319116963,0.257740579297,0.303486342462,1.0,-0.00992,-0.0130377142857,0.497
0.463121159637,0.533475497123,-0.124012358211,-1.37799982218,0.0782918549523,1.90223861323,0.156418434772,-0.00814501983885,-0.0568198580227,0.00120177204504,-0.0875485598034,-0.0038563552635,0.0320387257737,-0.0128810594288,0.574081664296,0.818783221956,0.00224166529852,0.0,0.818742541743,-0.57402053787,-0.0119087927563,0.0,-0.00846412074278,0.00867213327497,-0.999926573687,0.0,0.659136087205,0.25750054891,0.303481023093,1.0,-0.01028,-0.0135108571429,0.515
0.463004312153,0.532650417247,-0.124009889078,-1.3793464383,0.0782022617585,1.90275587697,0.156242240784,-0.0116192732162,-0.0580433310778,0.00125636279153,-0.0941772166215,-0.00937550058765,0.0376220639654,-0.0071646035907,0.574081043171,0.818783684245,0.00223185749167,0.0,0.818742941383,-0.574020022748,-0.0119061463375,0.0,-0.00846759050259,0.00866257725851,-0.999926627141,0.0,0.658981893661,0.257296565482,0.303466591127,1.0,-0.01058,-0.0139051428571,0.53
0.462856288873,0.531559596446,-0.124012711988,-1.38108408399,0.0781024211684,1.90339380394,0.156025989761,-0.00914780897817,-0.0592642701996,0.00142599329385,-0.0921972655799,-0.00330372051593,0.0410719998226,-0.0112272896899,0.574095147207,0.818773812548,0.00222547535886,0.0,0.818732922258,-0.574034084892,-0.0119171429126,0.0,-0.00848010909456,0.00866381066389,-0.999926510367,0.0,0.658777039517,0.257032593039,0.303463823785,1.0,-0.01096,-0.0144045714286,0.549
0.462752104429,0.530743223017,-0.124013022805,-1.38243793104,0.0780227453959,1.90386768485,0.155854075511,-0.0114705343394,-0.0623638807234,0.000586012013544,-0.102573037249,-0.00362727366483,0.0320650698796,-0.0116451600064,0.574092119161,0.818776079805,0.00217180976398,0.0,0.818734404804,-0.574031188286,-0.0119547549825,0.0,-0.00854174533513,0.00864143237077,-0.999926179392,0.0,0.658608366349,0.256833079539,0.303435813679,1.0,-0.01124,-0.0147725714286,0.563
0.462578189757,0.529532482179,-0.124020931519,-1.38437872219,0.0779016398709,1.90457247286,0.15559516375,-0.0119918635801,-0.0587125557809,-0.000894166631933,-0.100081679556,-0.010190219067,0.0389998871024,-0.0179726025142,0.574100939986,0.818769964021,0.00214560594857,0.0,0.818727967922,-0.574040136401,-0.0119659201458,0.0,-0.00856583699476,0.00862647968818,-0.999926102412,0.0,0.658380554629,0.256527729418,0.303426303288,1.0,-0.01164,-0.0152982857143,0.583
0.462472708356,0.528641122526,-0.124024367181,-1.38574773872,0.0778185749392,1.9050789344,0.155394923722,-0.00878466960004,-0.066791168241,-0.000160231345634,-0.104412802076,-0.00421181625064,0.0410697432402,-0.0129271812575,0.574077629958,0.81878624494,0.00216951136177,0.0,0.81874456123,-0.574016731821,-0.0119533236544,0.0,-0.00854204562886,0.00863857766101,-0.999926201493,0.0,0.658217279891,0.256326429318,0.303446390092,1.0,-0.01192,-0.0156662857143,0.597
0.462329265098,0.527521601423,-0.124022555165,-1.38747489868,0.0777187774055,1.90575551491,0.155163554838,-0.00801612130752,-0.0700534950715,-0.000936622760001,-0.104700667154,-0.00376258634341,0.0420056875122,-0.0092384947457,0.574071213386,0.818790582184,0.00222966123706,0.0,0.818749665585,-0.574010054627,-0.0119243110273,0.0,-0.00848382893973,0.00867110503811,-0.999926415585,0.0,0.65801919674,0.256072512462,0.303471022451,1.0,-0.01226,-0.0161131428571,0.614
0.46217405931,0.52637028426,-0.124025492941,-1.38926899855,0.0775939538388,1.90642456509,0.154920863299,-0.00757857193818,-0.0655759437253,-0.000360135780348,-0.110727253638,-0.00860815645585,0.0427839626415,-0.0128871880142,0.574064867829,0.818794997757,0.00224189090959,0.0,0.818754381017,-0.574003804649,-0.0119013744904,0.0,-0.00845809483198,0.00866788586145,-0.999926661504,0.0,0.657809681132,0.255796080759,0.303485345619,1.0,-0.0126,-0.01656,0.631
0.462026566497,0.525248634413,-0.124033974948,-1.3909934431,0.0774874303248,1.90704617157,0.154682583149,-0.0128247942388,-0.0745832176112,-0.00305682487876,-0.114039992522,-0.00742752247578,0.0409248267883,-0.0167189589433,0.574060578429,0.818797967167,0.00225569454047,0.0,0.818757543355,-0.573999474284,-0.0118926709861,0.0,-0.00844308990287,0.00867414751007,-0.999926734015,0.0,0.657603994121,0.255529149104,0.303507734312,1.0,-0.01292,-0.0169805714286,0.647
0.461871238889,0.524076415121,-0.124048823157,-1.39286078893,0.0773751123288,1.90771726097,0.154413409617,-0.010369917006,-0.0716687039819,-0.00151177830041,-0.111089104709,-0.00750280890338,0.0419568911458,-0.0157457904357,0.574047895908,0.818806922967,0.00223226472349,0.0,0.818766194481,-0.573986887312,-0.011904573516,0.0,-0.0084664195344,0.00866166503517,-0.999926644959,0.0,0.657379153502,0.255239515357,0.303501907706,1.0,-0.01326,-0.0174274285714,0.664
0.461712525751,0.522878225329,-0.124046076717,-1.39479185149,0.0772503031856,1.9084549221,0.154172803069,-0.0153650946157,-0.0744432836276,0.00213086048335,-0.118602754457,-0.00305408782409,0.0474948702051,-0.0140035215309,0.574048977978,0.818806170234,0.0022301055442,0.0,0.818765467145,-0.57398803263,-0.0118993743425,0.0,-0.00846339018617,0.00865692376018,-0.999926711663,0.0,0.65715022848,0.254953195965,0.303488907632,1.0,-0.0136,-0.0178742857143,0.681
0.461554123559,0.521657320797,-0.124051305312,-1.39674792339,0.0771272213758,1.90921702615,0.153899704532,-0.0123867189789,-0.0721046328367,0.000736761210928,-0.110708769232,-0.00375198990478,0.0448223447502,-0.0146693419456,0.574030491703,0.81881908523,0.00224658827765,0.0,0.818778679102,-0.573969567406,-0.0118809612512,0.0,-0.00843904699933,0.00865965933669,-0.999926893721,0.0,0.656921883962,0.254661726528,0.303482020295,1.0,-0.01394,-0.0183211428571,0.698
0.46138860829,0.520386790914,-0.124057422672,-1.39878461587,0.0770051492015,1.90995910768,0.153629700538,-0.013166811356,-0.0758128171007,-0.000423035492103,-0.119500456815,-0.00703889084501,0.0413751934643,-0.0215386060885,0.574024991373,0.818823000921,0.00222471199998,0.0,0.818782269636,-0.573964113588,-0.0118969804479,0.0,-0.00846477935441,0.00865088539594,-0.999926752164,0.0,0.656673093939,0.254355030095,0.303469570773,1.0,-0.01428,-0.018768,0.715
0.461228621081,0.519131986737,-0.124057343751,-1.40071686287,0.0768827593093,1.91065691787,0.153363395816,-0.0108019954563,-0.0783652073337,0.000993032743259,-0.118461021802,-0.00270573170193,0.0430334148913,-0.0195191254914,0.57400747093,0.81883524062,0.00224029810334,0.0,0.818794702874,-0.573946523535,-0.0118898935181,0.0,-0.0084502152046,0.00865939864811,-0.99992680166,0.0,0.656436236347,0.254064772545,0.303491330586,1.0,-0.0146,-0.0191885714286,0.731
0.461058052173,0.517770626091,-0.124065259438,-1.40283945395,0.0767470191594,1.91141323326,0.15308061986,-0.0104513569853,-0.0825061516882,-0.00150764217936,-0.128392378259,-0.00745141832111,0.0475827699252,-0.0174885681678,0.573996952669,0.81884263787,0.00223150938682,0.0,0.818802005559,-0.573936061966,-0.0118919875609,0.0,-0.00845708557931,0.00865329558527,-0.99992679641,0.0,0.656173375222,0.25374359206,0.303502239407,1.0,-0.01494,-0.0196354285714,0.748
0.460870223354,0.516425376917,-0.124069855049,-1.40497818797,0.0766144148533,1.91220167939,0.15278349498,-0.00647682726,-0.0792682208728,-0.00097348203094,-0.119373862197,-0.0158817387053,0.0447096033873,-0.0178567203672,0.573988096786,0.818848866081,0.00222399801982,0.0,0.818808134838,-0.573927236037,-0.0118959219641,0.0,-0.00846471214675,0.00864931180422,-0.999926766345,0.0,0.655915355829,0.253413606371,0.303496467516,1.0,-0.01528,-0.0200822857143,0.765
0.46069088818,0.515051829519,-0.12407299226,-1.40715787252,0.0764836700701,1.91302330253,0.152486204245,-0.00719198503494,-0.0794086718152,0.000292742267552,-0.125330225106,-0.00354215818598,0.0479476538244,-0.025414035421,0.573973600216,0.818858995009,0.00223594488172,0.0,0.818818397592,-0.573912671364,-0.0118921955347,0.0,-0.00845495696801,0.00865680576101,-0.999926784028,0.0,0.655651609767,0.253088137826,0.303493473669,1.0,-0.01562,-0.0205291428571,0.782
0.460498161647,0.513642309196,-0.124074047083,-1.40941928843,0.0763480840816,1.91380854034,0.152182802013,-0.0139617353425,-0.0769096685581,0.000882411377813,-0.134744239418,-0.00595295741835,0.0439659583248,-0.0161484959356,0.573965804221,0.81886460745,0.00218108948899,0.0,0.818823157583,-0.57390495687,-0.0119366656784,0.0,-0.00852293907889,0.00863733079355,-0.999926375303,0.0,0.655364439227,0.252742765797,0.303473147388,1.0,-0.01596,-0.020976,0.799
0.460292632146,0.512159157337,-0.124079146779,-1.41181308932,0.0761998090328,1.9146655692,0.151832548035,-0.0163117294566,-0.0834862805664,-0.000104178814908,-0.134257074527,-0.00338928812771,0.0447471935317,-0.0248590575464,0.573936274345,0.818885431905,0.00213291020097,0.0,0.818843300486,-0.573875574304,-0.011967513024,0.0,-0.0085761621227,0.00861527493754,-0.999926110511,0.0,0.655065962755,0.252374779254,0.30344729849,1.0,-0.01632,-0.0214491428571,0.817
0.460125287857,0.510890513558,-0.124080236617,-1.4138379441,0.0760739191344,1.91544789808,0.151545268847,-0.011708964305,-0.0816483366329,0.000223762364574,-0.131288140935,-0.0110184436922,0.0542761336344,-0.0206338822616,0.573912877704,0.818901813343,0.00213911447343,0.0,0.8188597778,-0.573852170056,-0.011962362796,0.0,-0.00856863007561,0.00861715476572,-0.999926158885,0.0,0.654804948539,0.252050206959,0.303429168957,1.0,-0.01664,-0.0218697142857,0.833
0.459876131411,0.509058091511,-0.124088230498,-1.41676385621,0.0758933351064,1.91651969245,0.151151006842,-0.0104662833633,-0.0909192990791,-0.000561126161992,-0.141123312656,-0.00839130563718,0.0546950828222,-0.0141342253905,0.573901453661,0.81890984643,0.00212880396294,0.0,0.818867670329,-0.573840783874,-0.0119682978875,0.0,-0.00857952763281,0.00861199810488,-0.999926109867,0.0,0.654460239195,0.2516263449,0.303422826134,1.0,-0.01704,-0.0223954285714,0.853
0.459713871152,0.507892356702,-0.124091096179,-1.41858953695,0.07576796434,1.91716640148,0.150896686935,-0.0109626647229,-0.0876172289583,-0.00693403593669,-0.135955903523,-0.0127246235703,0.0451749336653,-0.0178604756215,0.573888677095,0.818918848115,0.00211030944287,0.0,0.818876489279,-0.573828144073,-0.0119709347019,0.0,-0.00859243453692,0.00859823221016,-0.999926117506,0.0,0.654231708102,0.251340904622,0.303425465882,1.0,-0.0173,-0.0227371428571,0.866
0.459484840254,0.506235909974,-0.124103182179,-1.42116152675,0.0756151598615,1.91812300097,0.150538057103,-0.0141068743636,-0.100610377574,-0.000912035546515,-0.141182345154,-0.00804958424888,0.0556861585226,-0.0196711378958,0.573883122344,0.818922651326,0.00214474575695,0.0,0.818880719425,-0.573822425667,-0.0119556705337,0.0,-0.0085602310101,0.0086176143998,-0.999926226862,0.0,0.653918909364,0.250940875695,0.303442799744,1.0,-0.01766,-0.0232102857143,0.884
0.459292278324,0.504819744892,-0.124107481253,-1.42332723447,0.0754770932414,1.91896309723,0.15024209799,-0.0136792441705,-0.0988875854215,-0.000869459694161,-0.144609635214,-0.010071366356,0.056658942961,-0.0262657608741,0.573877724781,0.818926209938,0.00222858215001,0.0,0.818885495193,-0.573816815433,-0.0118976884416,0.0,-0.00846469396183,0.00865293856638,-0.999926735121,0.0,0.653644904588,0.250582573769,0.303481724613,1.0,-0.01798,-0.0236308571429,0.9
0.45906266611,0.503152114546,-0.124116031637,-1.42579612209,0.075329002891,1.9199003979,0.149888291419,-0.0138501251239,-0.102276636869,-0.00177302321783,-0.146078035686,-0.000679096565258,0.0628076026795,-0.0189016823648,0.5738674929,0.81893308883,0.00233313388894,0.0,0.818893724909,-0.573806162557,-0.0118449152499,0.0,-0.00836158741543,0.00870816817831,-0.999927123176,0.0,0.653366644444,0.250222450305,0.303545746922,1.0,-0.0183,-0.0240514285714,0.916
0.458793099112,0.501138626253,-0.124119565683,-1.42878797439,0.0751303862356,1.92097711916,0.149463320453,-0.0154631452638,-0.10916576227,4.58338150518e-05,-0.148672321593,-0.00906705803142,0.0530954110507,-0.0227453416691,0.573841713263,0.818950926551,0.00241141494717,0.0,0.818912649043,-0.573780157953,-0.0117962060875,0.0,-0.00827705121477,0.00874406166388,-0.999927513277,0.0,0.652993513558,0.249756981373,0.303620557064,1.0,-0.0187,-0.0245771428571,0.936
0.458589743531,0.49973723042,-0.124113914197,-1.43093660625,0.0749903580497,1.92173232759,0.14916605645,-0.0148716388382,-0.104192025018,0.000610818883577,-0.153671747698,-0.0105288606814,0.0544173421839,-0.0208643753761,0.573832113613,0.818957635685,0.00241727970988,0.0,0.818919385996,-0.573770486156,-0.0117989557988,0.0,-0.00827604052967,0.00875034543153,-0.999927466673,0.0,0.652720243611,0.249419855864,0.303640843866,1.0,-0.01898,-0.0249451428571,0.95
0.458324852977,0.497967198673,-0.124119203914,-1.43372905571,0.0748190627446,1.92277882749,0.148765960715,-0.0166017686821,-0.105234395549,0.000330971006972,-0.154863716201,-0.0126078849845,0.0570068918849,-0.0277970220789,0.573821028421,0.818965348942,0.00243546220095,0.0,0.818927319483,-0.573759316663,-0.0117914735431,0.0,-0.00825959813944,0.00876083068016,-0.999927510815,0.0,0.652377973178,0.24897937513,0.303636949148,1.0,-0.01934,-0.0254182857143,0.968
0.458080577814,0.496394436381,-0.124114650353,-1.43625664849,0.0746627050277,1.92366386158,0.1483908222,-0.0188822430155,-0.0993537500733,-0.000176282851051,-0.162531031199,-0.00754344667361,0.0585921435908,-0.0230409804937,0.57379611219,0.818982975777,0.00237779828612,0.0,0.818944046395,-0.573734464951,-0.0118388978809,0.0,-0.00833179140176,0.00874056560959,-0.999927089224,0.0,0.652052847917,0.248578632353,0.303606689853,1.0,-0.01966,-0.0258388571429,0.984
0.457828470421,0.494838741852,-0.124117412818,-1.43882961008,0.0745096555438,1.92454837552,0.148018514399,-0.0147571262621,-0.0987024639735,-0.000371990282262,-0.163575533387,-0.0063520663319,0.0593716513584,-0.0287042399967,0.573787985985,0.818988980818,0.00226789320048,0.0,0.818948407351,-0.573726550505,-0.0119204968001,0.0,-0.00846176789759,0.00869729282529,-0.99992637508,0.0,0.651718446402,0.248163543596,0.303542679821,1.0,-0.01998,-0.0262594285714,1.0
0.457513771,0.49283184575,-0.12413334485,-1.44202931686,0.0742980651594,1.9257228376,0.147575661948,-0.0178150113698,-0.109498846315,0.000377797952189,-0.17636277233,-0.0105255675816,0.0715159906318,-0.0229159229706,0.57379789447,0.818982116363,0.00223970565712,0.0,0.818941285731,-0.573736683868,-0.0119220389028,0.0,-0.00847909860431,0.00867519527509,-0.99992642023,0.0,0.651322008725,0.247641915431,0.303519269847,1.0,-0.0229525714286,-0.0301662367347,1.019
0.457215571773,0.490779419654,-0.124134933657,-1.44529000241,0.0741086143183,1.92690563914,0.147099667232,-0.0172024732376,-0.129341736179,0.00203962464894,-0.2027145472,-0.0149853645937,0.0660499393844,-0.0295097711869,0.5737654742,0.819004871585,0.00222437346165,0.0,0.818963629104,-0.573704113243,-0.0119545620795,0.0,-0.00851487631421,0.00868096307849,-0.999926066148,0.0,0.65090331602,0.247137095261,0.303497891394,1.0,-0.02576,-0.033856,1.036
0.456873071058,0.488663150808,-0.124148320255,-1.44870934949,0.0739005341518,1.92811490816,0.146605785371,-0.0224942534343,-0.138128934666,-0.000404901836786,-0.220549249976,-0.0145193547413,0.0774744112979,-0.0345338996385,0.573764966037,0.819005441912,0.00214400760169,0.0,0.818963002656,-0.573703786806,-0.0120130007404,0.0,-0.00860885344714,0.00864866837867,-0.999925541317,0.0,0.650465553032,0.246577670362,0.303447134871,1.0,-0.0284022857143,-0.0373287183673,1.052
0.456470830324,0.486084184795,-0.124176238894,-1.45264246589,0.0736608938819,1.92964571854,0.146034403507,-0.0244409460747,-0.164129463403,-0.0012497197355,-0.234929094647,-0.0185915751784,0.0961794559933,-0.031051319363,0.573777082846,0.818996563918,0.00228787934228,0.0,0.818956149343,-0.573715464175,-0.0119221860812,0.0,-0.00845180039942,0.00871451778861,-0.99992630941,0.0,0.649996179936,0.245932762505,0.30350014835,1.0,-0.0312097142857,-0.0410184816327,1.069
0.455995641917,0.483139973693,-0.124216862653,-1.45718575824,0.0733728908521,1.9312592306,0.14533390323,-0.029125280746,-0.171906428861,-0.00662401371106,-0.256477246345,-0.0194576195558,0.090438458638,-0.0375694152413,0.57376701957,0.819003602465,0.00229200864268,0.0,0.818963282693,-0.573705427965,-0.0119151342568,0.0,-0.0084437626495,0.00871374975894,-0.999926384009,0.0,0.649423667649,0.245164082958,0.303522160209,1.0,-0.0341822857143,-0.0449252897959,1.087
0.455565368981,0.480466122659,-0.124264998263,-1.46136123196,0.0731222292115,1.93271625628,0.1447213235,-0.0298734511867,-0.1769801066,-0.00267362165507,-0.284356267429,-0.0165521399811,0.106838203009,-0.042817592676,0.573788635514,0.818988568578,0.00225237526033,0.0,0.818947639851,-0.573727105462,-0.0119464865667,0.0,-0.0084919506906,0.00869950312217,-0.999926099979,0.0,0.648888328418,0.244455984225,0.303516626276,1.0,-0.0366594285714,-0.0481809632653,1.102
0.455021939208,0.477203848462,-0.124300858072,-1.46633204408,0.0728081350881,1.93454018615,0.143983877699,-0.0348640944753,-0.20088941867,-0.0009598998226,-0.296321266072,-0.0222199931815,0.10166138429,-0.0488987163398,0.573819883127,0.818966401306,0.0023499278975,0.0,0.818926760507,-0.573757976865,-0.0118950329956,0.0,-0.00839350409055,0.0087501937522,-0.999926488897,0.0,0.648231585231,0.243559888271,0.303572153829,1.0,-0.039632,-0.0520877714286,1.12
0.454396921624,0.473528081413,-0.124330302445,-1.47197198289,0.072469439771,1.93662612644,0.143176481412,-0.0361185478869,-0.20345073038,-0.00322696309987,-0.319893312814,-0.0207651872849,0.116026160939,-0.048962259268,0.573864309379,0.818934983528,0.00244828015725,0.0,0.818896610356,-0.573802001959,-0.0118469825813,0.0,-0.00829724017707,0.00880361829614,-0.999926823378,0.0,0.64756572025,0.242656119099,0.303609915532,1.0,-0.0424394285714,-0.0557775346939,1.137
0.453838346099,0.470269702966,-0.1243482745,-1.47698636615,0.0721618887646,1.9383673289,0.142425511559,-0.0431060904822,-0.222004783191,-0.000328857476079,-0.336341274959,-0.012164515436,0.118554597426,-0.0501232606262,0.573875613451,0.818927081043,0.0024419502942,0.0,0.818888373284,-0.573813061686,-0.0118806245923,0.0,-0.00832830258919,0.00881785520119,-0.999926439697,0.0,0.64691042648,0.241802954522,0.303626423102,1.0,-0.0449165714286,-0.0590332081633,1.152
0.453144495463,0.466084961931,-0.124359514396,-1.48325401816,0.0717576390114,1.94073798241,0.141401458177,-0.0364535894962,-0.233849970183,-0.00452615903034,-0.354048435403,-0.0292253169567,0.133166746675,-0.053910924954,0.573800573408,0.818978915836,0.00268034967159,0.0,0.818943453119,-0.573737297082,-0.011742292399,0.0,-0.0080790288689,0.00893296091448,-0.99992746312,0.0,0.646124477862,0.240757812166,0.303736922207,1.0,-0.0478891428571,-0.0629400163265,1.17
0.452438901299,0.461976972319,-0.124367008792,-1.48966708908,0.0713305506962,1.94293456899,0.140445773848,-0.0413843409766,-0.240287349905,-0.000998275122841,-0.388133321059,-0.0294505114241,0.134945915152,-0.0593855894897,0.573784534768,0.818990468939,0.00258192748409,0.0,0.818953531861,-0.573721407403,-0.011815508492,0.0,-0.00819563956206,0.00889420591622,-0.999926859622,0.0,0.645261275731,0.23967559995,0.303706522621,1.0,-0.0506965714286,-0.0666297795918,1.187
0.451737643348,0.457910925167,-0.124379873743,-1.49594237284,0.0709115528287,1.94512633686,0.139506025594,-0.0400276035016,-0.258310802969,-0.00100334036052,-0.397383286487,-0.0176804736689,0.143689277046,-0.0582393103255,0.573774803933,0.818997358574,0.00255889078952,0.0,0.818960034838,-0.5737116701,-0.0118375601739,0.0,-0.00822702340165,0.00888789417749,-0.999926658022,0.0,0.644423147458,0.238610716312,0.303708482697,1.0,-0.0533388571429,-0.0701024979592,1.203
0.450927190992,0.453458726763,-0.124397251201,-1.50292395433,0.0704412617894,1.94761347061,0.138396253851,-0.0448793086602,-0.275894377324,-0.00442696639387,-0.40937670496,-0.0279601054168,0.15169306047,-0.0589316452324,0.573734105609,0.819026026326,0.00250821899321,0.0,0.818988025788,-0.573671151002,-0.011864696572,0.0,-0.00827876180194,0.00886155300991,-0.999926464787,0.0,0.643498435129,0.237407641687,0.3036615936,1.0,-0.0561462857143,-0.0737922612245,1.22
0.450074386846,0.448654849829,-0.124457171023,-1.51009383431,0.0699431700746,1.95029345131,0.137286859486,-0.0504203528152,-0.282318912602,-0.00744268537275,-0.431166698074,-0.0212990895139,0.149013543783,-0.0659101856901,0.573756702131,0.819009448308,0.00274175909488,0.0,0.818975045256,-0.573693506129,-0.0116783206925,0.0,-0.00799187946785,0.00894611928628,-0.999928045817,0.0,0.642585894479,0.236144336643,0.303778518042,1.0,-0.0589537142857,-0.0774820244898,1.237
0.449172976149,0.443717247235,-0.124478209202,-1.5177589062,0.0694288048718,1.952811253,0.136146568686,-0.0543899023866,-0.290569209739,-0.00299046298386,-0.451816580154,-0.0396922746066,0.154717679003,-0.0710635915558,0.573777677022,0.818995338152,0.00256131549477,0.0,0.818958203929,-0.57371470446,-0.0118171487338,0.0,-0.00820888340755,0.00887819741959,-0.99992689325,0.0,0.641512389062,0.234805824351,0.303731317183,1.0,-0.0617611428571,-0.0811717877551,1.254
0.448329082919,0.439203085171,-0.124485371051,-1.52478196457,0.068935893442,1.95521316782,0.134994125024,-0.0549540612155,-0.302843015924,-0.00127206452372,-0.47291908682,-0.0301680626318,0.163483239643,-0.077087112286,0.573704436283,0.819046967898,0.0024558230137,0.0,0.819008358511,-0.5736417655,-0.011881938551,0.0,-0.00832326334227,0.00882823040441,-0.999926390108,0.0,0.64054107716,0.233579423142,0.303684176939,1.0,-0.0642382857143,-0.0844274612245,1.269
0.447316473615,0.433834098214,-0.124503117166,-1.53280832184,0.0684069858666,1.95814689414,0.133695677953,-0.06001637183,-0.315869811884,7.31114179241e-05,-0.472699058523,-0.0358207117073,0.178388290523,-0.0744433296123,0.573689355188,0.819056807787,0.00268631020252,0.0,0.819021224816,-0.573625853121,-0.0117626881736,0.0,-0.00809352867027,0.00894844635119,-0.999927207401,0.0,0.639475293517,0.232163412105,0.303783240034,1.0,-0.0670457142857,-0.0881172244898,1.286
0.446211476005,0.428372215446,-0.124548719802,-1.54121679117,0.0677942133155,1.96107451619,0.132358979,-0.0638991666425,-0.321711040286,-0.00314390962344,-0.500730933086,-0.0371126990274,0.167145972831,-0.0809801179996,0.573724796399,0.819032157167,0.00263256998035,0.0,0.818996159667,-0.573661797025,-0.0117549983268,0.0,-0.00811767310176,0.00890037008541,-0.999927440765,0.0,0.638331596845,0.230618120432,0.303757633228,1.0,-0.0698531428571,-0.0918069877551,1.303
0.445071860633,0.422651722157,-0.124658604556,-1.55001196424,0.0671551055427,1.96394144762,0.130889704275,-0.0730551261408,-0.342684875419,-0.000452908276522,-0.530453567963,-0.0380352904698,0.176786803808,-0.0884485520128,0.573730177475,0.819029047643,0.00241856821893,0.0,0.818990427392,-0.573668148817,-0.0118440607393,0.0,-0.00831333429206,0.00877624825927,-0.9999269303,0.0,0.637091877178,0.22896652605,0.303712930095,1.0,-0.0726605714286,-0.0954967510204,1.32
0.44393747672,0.417065520271,-0.124693240359,-1.55836259599,0.0665702816584,1.9669044309,0.129557518469,-0.0701783030376,-0.357139836375,0.000902082488644,-0.517732830212,-0.0314207911428,0.197455952615,-0.0896656043626,0.573780381678,0.818993421174,0.00256838021608,0.0,0.818956900635,-0.573717948047,-0.0117498039245,0.0,-0.00814964319278,0.00884536998265,-0.999927668757,0.0,0.635950363958,0.227429679489,0.303786267692,1.0,-0.0753028571429,-0.0989694693877,1.336
0.442657989282,0.410995123016,-0.124701191751,-1.56747264469,0.0659563199143,1.97016427015,0.127981563289,-0.0770930290532,-0.356344117525,-0.00314030406594,-0.543278631776,-0.0313702070284,0.182937305038,-0.0954210869292,0.573748514407,0.819015140696,0.00275471007007,0.0,0.818980903985,-0.573685272554,-0.0116719263502,0.0,-0.00797930143083,0.00895297771966,-0.999928084883,0.0,0.634697467795,0.225752611061,0.303843219257,1.0,-0.0781102857143,-0.102659232653,1.353
0.441333079144,0.404799184438,-0.124778232983,-1.57704460662,0.0652517406738,1.9732836404,0.126457086955,-0.0808527654337,-0.364222327496,-0.0120932643395,-0.567022683038,-0.0383390608689,0.192544240572,-0.0875952839667,0.573830573723,0.818958455799,0.00250344497535,0.0,0.818920927555,-0.573768197328,-0.0118032643222,0.0,-0.00823014446784,0.00882336729625,-0.999927203806,0.0,0.63331124686,0.223936038513,0.303746706316,1.0,-0.0809177142857,-0.106348995918,1.37
0.440005982827,0.398699418216,-0.124838746387,-1.5860921215,0.0646272516962,1.97647428707,0.124892370982,-0.0879228206574,-0.393544021039,-0.00828519963827,-0.564227595709,-0.0400962976343,0.2071330023,-0.0949889812752,0.573866770014,0.818932476118,0.00269754232767,0.0,0.818897545004,-0.57380376577,-0.0116959854524,0.0,-0.00803051699355,0.00892111994256,-0.999927959613,0.0,0.632052935586,0.222207236628,0.303829855368,1.0,-0.08356,-0.109821714286,1.386
0.438526380002,0.392087768022,-0.124864871068,-1.59601869106,0.0638650311212,1.97983053024,0.123202075341,-0.0859289562837,-0.38848148334,-0.000574641537021,-0.596016159393,-0.0448743637087,0.190025059185,-0.0959373632886,0.573883638729,0.818920672274,0.00269232678809,0.0,0.818885923098,-0.573820927938,-0.0116676695949,0.0,-0.00801013659265,0.00890076455707,-0.999928304481,0.0,0.630624102264,0.220302690533,0.303843047163,1.0,-0.0863674285714,-0.113511477551,1.403
