position_joint1,position_joint2,position_joint3,position_joint4,position_joint5,position_joint6,position_joint7,velocity_joint1,velocity_joint2,velocity_joint3,velocity_joint4,velocity_joint5,velocity_joint6,velocity_joint7,ee_T_00,ee_T_10,ee_T_20,ee_T_30,ee_T_01,ee_T_11,ee_T_21,ee_T_31,ee_T_02,ee_T_12,ee_T_22,ee_T_32,ee_T_03,ee_T_13,ee_T_23,ee_T_33,v_x,v_y,time
0.465078779863,0.547793497759,-0.123997967509,-1.35583304099,0.0794442052179,1.89411067819,0.159151172752,-6.19774766397e-06,-0.00140740282151,0.000213897889888,0.00207393537293,0.000163856430906,3.59365874285e-05,0.00101350540933,0.573786923275,0.818990641687,0.00190850953022,0.0,0.818947523668,-0.573729078549,-0.011859376312,0.0,-0.00861791672321,0.00836788530742,-0.999927852401,0.0,0.661682735581,0.26087985643,0.303206728389,1.0,0.0,0.0,0.0
0.465078230301,0.5477934891,-0.124003418285,-1.35584412043,0.0794441643277,1.89411013078,0.159153821779,0.000182922404196,-0.000982329051007,-6.11099771968e-05,-0.00174607205451,5.1442612753e-05,-0.000167733876451,0.000275974566047,0.573793940776,0.818985750628,0.00189755070556,0.0,0.8189425066,-0.573736156382,-0.0118634162377,0.0,-0.00862744150912,0.00836130226631,-0.999927825334,0.0,0.661681482264,0.260874976825,0.303201594271,1.0,-0.00024,-0.000315428571429,0.013
0.465073330612,0.547788413678,-0.124003430424,-1.35583944959,0.0794433748516,1.89411084297,0.159153928982,-0.000499363922803,-0.00144976140682,-0.00103958183145,-0.000582097772812,-8.9154390966e-05,-0.000196192875687,2.13045445613e-05,0.573797582261,0.818983179714,0.00190600029469,0.0,0.818940058973,-0.573739775608,-0.0118573435221,0.0,-0.00861758263445,0.00836477608661,-0.999927881295,0.0,0.661684156435,0.260872271619,0.303207473566,1.0,-0.00056,-0.000736,0.029
0.46507701326,0.54776942138,-0.124000925749,-1.35586347922,0.079444165788,1.89411443823,0.159145323642,0.00128628290794,-0.00180268521716,0.0015953261312,-0.00181615104629,-1.28306813614e-05,0.000105912380165,-0.000480948890408,0.573787281683,0.818990394093,0.00190700388291,0.0,0.818947245086,-0.57372943204,-0.0118615124935,0.0,-0.00862052650875,0.0083678816942,-0.999927829935,0.0,0.661678286505,0.260873927108,0.303209721826,1.0,-0.00092,-0.00120914285714,0.047
0.465069302789,0.547663026843,-0.124000928687,-1.35597352422,0.0794405376752,1.89414119816,0.159149596203,-0.000540697275496,-0.00844693277628,0.0010475575481,-0.00834325296987,-4.41489926929e-05,0.00133165927586,0.000208510158368,0.573802142261,0.818979929417,0.00192967610191,0.0,0.818937030832,-0.573744154456,-0.0118546050254,0.0,-0.00860170881309,0.00838264236846,-0.999927868355,0.0,0.661663427805,0.260858393009,0.303235033144,1.0,-0.00126,-0.001656,0.064
0.465063030561,0.547544130496,-0.124001164036,-1.35613990183,0.0794368310326,1.89417496814,0.159142124189,-0.000647907858673,-0.0114914672408,-0.000222931427995,-0.00965655682093,-0.00397981725409,0.00504470229837,-0.000908813800169,0.573809446871,0.818974827963,0.0019226925669,0.0,0.818931745382,-0.573751396148,-0.0118692343874,0.0,-0.00861762256182,0.0083853942431,-0.999927708259,0.0,0.661637055596,0.260837608762,0.303243002817,1.0,-0.00156,-0.00205028571429,0.079
0.46504398588,0.547379466912,-0.124005913432,-1.35636502712,0.0794354918077,1.8942796611,0.159138026627,0.000197129043815,-0.0114449087723,-0.000136711150589,-0.0116202298021,2.5046960165e-06,0.0197066374467,-0.00443446614799,0.573837374332,0.818955159069,0.00196523680602,0.0,0.818912571385,-0.573779088759,-0.0118534649681,0.0,-0.00858000969649,0.00841148028729,-0.999927812611,0.0,0.66161680375,0.26080460084,0.303261740653,1.0,-0.00192,-0.00252342857143,0.097
0.465020079405,0.547180805457,-0.123998733968,-1.35657385466,0.0794351153172,1.89440119564,0.159123867803,0.00114155167363,-0.0106979352099,0.000973268249061,-0.00883991513214,4.62709263601e-05,0.00788904961241,-0.00142151182788,0.573852123041,0.818944570563,0.00206836390601,0.0,0.818903236537,-0.573793334849,-0.0118086821391,0.0,-0.00848400604339,0.00847039029405,-0.999928134483,0.0,0.661603021031,0.260778973728,0.303313380334,1.0,-0.00226,-0.00297028571429,0.114
0.464990649827,0.546982940476,-0.124001307223,-1.3568291712,0.0794286874991,1.89451760272,0.159112077037,-0.00524788723657,-0.0102114414712,2.09344601351e-05,-0.0186276138557,0.000196009426486,0.00298348664116,-0.00430437977643,0.573881042317,0.818924166695,0.00212258626923,0.0,0.818883500383,-0.573822000217,-0.0117843865952,0.0,-0.00843269462935,0.00850115060983,-0.99992830748,0.0,0.661581533472,0.260737179103,0.30334218706,1.0,-0.00258,-0.00339085714286,0.13
0.464959405447,0.546751695432,-0.124001336644,-1.35717767661,0.0794201844804,1.89465038558,0.159092248084,-0.00323248627119,-0.0171186753427,-0.00331103712945,-0.0235473438425,0.000283123560352,0.0151120000656,-0.0022560338345,0.573907673009,0.818905452572,0.00214231417003,0.0,0.818864936075,-0.573848443133,-0.0117867588089,0.0,-0.00842303957521,0.00851894129226,-0.999928237447,0.0,0.661542800671,0.260685801188,0.303351604219,1.0,-0.00292,-0.00383771428571,0.147
0.464926817979,0.546465987807,-0.124004129169,-1.35757842309,0.0794108393367,1.89479852112,0.158962703601,-0.000301622829583,-0.0148368285467,-0.000875191702776,-0.0226211408125,-0.000382438269052,0.0125035483071,-0.00279806796332,0.57385011614,0.818945688459,0.00217955539727,0.0,0.818905528953,-0.573790619908,-0.011781598255,0.0,-0.00839804233992,0.00854588602723,-0.999928217782,0.0,0.661497590081,0.260627358422,0.303376135021,1.0,-0.00326,-0.00428457142857,0.164
0.464883474359,0.546195475549,-0.123998486272,-1.35802491707,0.0793979905862,1.89495375013,0.158917612692,-0.000889631217984,-0.014541028358,0.0015999953895,-0.0272531639813,1.08452599439e-05,0.0118579090264,-0.00094247180705,0.573866266943,0.818934394677,0.00217066349082,0.0,0.818893949636,-0.573806630541,-0.0118066463915,0.0,-0.00842348989035,0.00855314396365,-0.999927941677,0.0,0.661443920546,0.260560961051,0.303368444468,1.0,-0.00358,-0.00470514285714,0.18
0.46483770724,0.545858501091,-0.124004455062,-1.35859608582,0.0793663621722,1.89514491554,0.158880915222,-0.00045939329054,-0.0144569691597,0.000396150527486,-0.0332603721731,-0.00465708771006,0.0113386360872,-0.00684851881488,0.573901320179,0.81890992796,0.00213342160681,0.0,0.818868972672,-0.573841799581,-0.0118296893185,0.0,-0.00846336647949,0.00853623142553,-0.99992774948,0.0,0.661374851124,0.260471708012,0.303351923862,1.0,-0.00394,-0.00517828571429,0.198
0.464783742821,0.545532384566,-0.124001083677,-1.35917060021,0.079259871158,1.8953294742,0.158780499462,-0.0047112069013,-0.0222224707657,0.000528917900724,-0.0423814907862,-0.00876214076903,0.0146736309985,-0.00420720794638,0.573865839014,0.818935010193,0.00204811951291,0.0,0.818893517799,-0.573807233904,-0.0118072743262,0.0,-0.00849432807039,0.00845314592971,-0.999928192779,0.0,0.661305338585,0.260362222989,0.303329464319,1.0,-0.00428,-0.00562514285714,0.215
0.464712285918,0.54513733151,-0.124002738918,-1.35985852603,0.0792391697135,1.8955460661,0.158727252374,-0.00413993938132,-0.0237848551964,-0.0030589594903,-0.0432740622069,-0.000484237791532,0.0139413339023,-0.000558104016864,0.573913398776,0.818901833985,0.001985926292,0.0,0.818859309258,-0.573854817097,-0.0118670736457,0.0,-0.00857850016618,0.00843702924022,-0.999927610316,0.0,0.661223189833,0.260255989346,0.303296138916,1.0,-0.0046,-0.00604571428571,0.231
0.464653766534,0.544711913434,-0.124002054936,-1.36057311817,0.0792242565461,1.89578820597,0.158627328506,-0.00267453337972,-0.0277482010475,4.20159705857e-05,-0.0435890501067,-0.000528166807765,0.023741422251,-0.00408989820161,0.573914821438,0.818900896061,0.00196139390521,0.0,0.818857752312,-0.573856046614,-0.0119149546229,0.0,-0.00863177545335,0.008444434241,-0.999927089333,0.0,0.661134304738,0.260152471703,0.303278115597,1.0,-0.00494,-0.00649257142857,0.248
0.464580308253,0.544255452647,-0.124002004616,-1.36133116196,0.0791945947522,1.89606496309,0.158511446842,-0.00137226178336,-0.0313783129991,0.0017929088648,-0.0467654400986,-0.000117842783193,0.0130038748163,-0.00230315707098,0.573914444161,0.818901191593,0.00194835619859,0.0,0.818857715272,-0.573855564794,-0.0119406781998,0.0,-0.00866032729759,0.00844851685736,-0.999926807968,0.0,0.661047915245,0.260033929659,0.303264339603,1.0,-0.00528,-0.00693942857143,0.265
0.464514584742,0.543776997739,-0.124010830326,-1.36210419894,0.0791600126648,1.89633567112,0.158433132211,-0.000922164202227,-0.0331683897641,-0.000937145336523,-0.0508406703944,0.000621173456566,0.0158570175325,-0.00700604805737,0.573944096132,0.81888044818,0.00193209863321,0.0,0.818836667016,-0.573885190956,-0.0119602363092,0.0,-0.00868536809638,0.00844674284914,-0.999926605765,0.0,0.660957645867,0.259912667098,0.303258700146,1.0,-0.0056,-0.00736,0.281
0.464431990468,0.543247584155,-0.124013054714,-1.36295483321,0.0790976368546,1.89661890719,0.158317018404,-0.00366925320519,-0.0314393776345,-0.000786816497132,-0.0434190905942,-0.000173327250164,0.0211409423232,-0.00723885283167,0.57394873641,0.818877285507,0.00189371448282,0.0,0.81883306408,-0.573890051759,-0.0119736612,0.0,-0.00871834313357,0.0084230659185,-0.999926518527,0.0,0.660857658147,0.2597718954,0.303252945884,1.0,-0.00594,-0.00780685714286,0.298
0.464351635085,0.542656148609,-0.124020093523,-1.36391148162,0.0790438990316,1.89695875893,0.158201948533,-0.00602130929847,-0.0297278920758,-0.000821352358856,-0.0555180276926,0.00024076441009,0.0177403868546,-0.00999647993734,0.573964050763,0.818866601214,0.00187209764655,0.0,0.818822067297,-0.573905427114,-0.0119887337893,0.0,-0.00874293502002,0.00841417907336,-0.999926378629,0.0,0.660746072957,0.259623292232,0.303245632747,1.0,-0.0063,-0.00828,0.316
0.464264086285,0.542096938811,-0.124016939725,-1.36477520062,0.0789975224319,1.89728372443,0.158080470499,-0.00895617534304,-0.035280284654,0.000150367822664,-0.0526047811676,-0.00702611046294,0.0193610863245,-0.00844369228418,0.5739697006,0.81886259258,0.0018931897655,0.0,0.818818263442,-0.573910918167,-0.0119856732426,0.0,-0.00872826523482,0.00842975393759,-0.999926375607,0.0,0.660651072914,0.259486645914,0.303258061746,1.0,-0.00662,-0.00870057142857,0.332
0.46419716876,0.54152785726,-0.124025431586,-1.36562152829,0.0789468897111,1.89759506731,0.15796657728,-0.00400582159163,-0.0377853437234,0.00041220701929,-0.0515802149025,-0.0073088581991,0.016131840038,-0.0134283584526,0.573970589267,0.818861905005,0.00192096045925,0.0,0.818817967889,-0.573911717493,-0.0119675764908,0.0,-0.00869749822091,0.00844211640705,-0.999926539399,0.0,0.660555052964,0.259357471024,0.303284864759,1.0,-0.00692,-0.00909485714286,0.347
0.464097026917,0.540763161748,-0.124023334478,-1.36678007573,0.0788801463958,1.89802872599,0.157810594335,-0.00844691791314,-0.0457634921092,-8.4744721075e-05,-0.0596932870176,-0.00477238395027,0.0227444948142,-0.0124918607819,0.573969797573,0.818862374118,0.0019571994748,0.0,0.818818865856,-0.573910730593,-0.011953456808,0.0,-0.00866514507109,0.00846367799061,-0.999926638017,0.0,0.660423441725,0.259183696802,0.303311515314,1.0,-0.0073,-0.00959428571429,0.366
0.464008746813,0.540090157581,-0.124029688046,-1.36782242927,0.0788166878605,1.89840932612,0.157687387827,-0.00337474601917,-0.0436243463749,0.000121711548189,-0.070978124158,-0.00544105172581,0.0241426096808,-0.0113605902252,0.573986370155,0.818850739413,0.00196477506946,0.0,0.818807350527,-0.573927289521,-0.0119472158868,0.0,-0.00865551517821,0.00846647435522,-0.999926697748,0.0,0.660304125926,0.259022384643,0.303324219686,1.0,-0.00762,-0.0100148571429,0.382
0.463912466134,0.539340602042,-0.124037288475,-1.3689695164,0.0787512327703,1.89884957364,0.157554370428,-0.0041892273328,-0.0464195366582,-0.00145954801395,-0.0664560357831,-0.00269697242914,0.0322417384743,-0.00924611594013,0.574007649267,0.818835736459,0.0020005454553,0.0,0.818792829819,-0.573948432792,-0.0119266606483,0.0,-0.00861793194855,0.00848419006382,-0.99992687221,0.0,0.660176782333,0.258847371997,0.303346276468,1.0,-0.00796,-0.0104617142857,0.399
0.463795384963,0.538532620787,-0.124039237426,-1.37022019659,0.0786864329018,1.89933460109,0.157391878695,-0.00881168660131,-0.0451359148825,0.000108587342706,-0.075066004977,-0.00699550582825,0.0223828380401,-0.00896586535626,0.574023729003,0.81882436478,0.00204085414908,0.0,0.818781914102,-0.573964275926,-0.0119136056933,0.0,-0.00858393850755,0.00850987067393,-0.999926946382,0.0,0.66003974831,0.258653528738,0.303363879531,1.0,-0.00832,-0.0109348571429,0.417
0.463709938801,0.53783650174,-0.12404246905,-1.37129934613,0.0786241179113,1.8997577998,0.157261342752,-0.00210368074235,-0.045474281069,-0.000539059035253,-0.0689452900828,-0.000564831932328,0.0276458325199,-0.00909992284895,0.5740320811,0.818818425081,0.00207449195505,0.0,0.818776425018,-0.573972501984,-0.0118945240674,0.0,-0.00854891871936,0.00852654767326,-0.99992710433,0.0,0.659918878526,0.258494933605,0.303378658131,1.0,-0.00862,-0.0113291428571,0.432
0.463596907046,0.537015305029,-0.12404356316,-1.37259533127,0.0785426174019,1.90022535359,0.157098706401,-0.00649392102576,-0.0497306902776,0.00187805480592,-0.0766964625569,-0.0057366898599,0.025544873705,-0.0166805351705,0.574041716054,0.818811691769,0.00206604791962,0.0,0.818769584475,-0.573982172835,-0.0118987271651,0.0,-0.0085571069967,0.0085221470351,-0.999927071806,0.0,0.659767361879,0.258295203583,0.303382185439,1.0,-0.00896,-0.011776,0.449
0.463483816794,0.536121708704,-0.12405706644,-1.37399807144,0.0784634409739,1.9007461073,0.156931235418,-0.00708817755734,-0.0496682566386,-0.00146548733943,-0.0790627546671,-0.00170721264931,0.0250439396949,-0.00533286801377,0.574062639945,0.818796999968,0.00207488877756,0.0,0.818755011307,-0.574003061649,-0.0118938462579,0.0,-0.00854781769513,0.00852680253382,-0.999927111569,0.0,0.659606017963,0.258080506073,0.303390883355,1.0,-0.00932,-0.0122491428571,0.467
0.463368553398,0.535280224368,-0.12405525876,-1.37533873135,0.0783920244199,1.90122736061,0.156771916646,-0.00603950728516,-0.055785870896,-0.000729131225238,-0.0867113892459,-0.00282896003241,0.025905624451,-0.0131290717342,0.574079707162,0.81878505899,0.00206492145272,0.0,0.81874280754,-0.574020034914,-0.0119147605831,0.0,-0.00857048667091,0.00853082609883,-0.999926883209,0.0,0.659446127091,0.257878541608,0.30338826637,1.0,-0.00964,-0.0126697142857,0.483
0.463248502518,0.534382718017,-0.124058097359,-1.3767976477,0.0783100850114,1.90175292424,0.15659367805,-0.00465645744216,-0.0535364040162,0.00024813398642,-0.0885529830793,-0.00356156823279,0.0366508814046,-0.00843449048953,0.574092036071,0.818776486648,0.00203615642091,0.0,0.81873377619,-0.574032397168,-0.0119397499106,0.0,-0.00860733244977,0.00852174944185,-0.999926644117,0.0,0.659271610375,0.257658743535,0.303372718703,1.0,-0.00998,-0.0131165714286,0.5
0.463111810404,0.533465544099,-0.124057878379,-1.37826527132,0.0782261830425,1.90229449861,0.15641083317,-0.0102393356528,-0.057663127719,0.000983388706131,-0.0872828410337,-0.00259922882432,0.0360017996993,-0.0134106274118,0.574111303535,0.818762989591,0.00203099262405,0.0,0.818720133523,-0.574051606183,-0.0119517071245,0.0,-0.00861988683751,0.0085245888338,-0.999926511768,0.0,0.659091190186,0.257417593299,0.303368270644,1.0,-0.01034,-0.0135897142857,0.518
0.462997756207,0.532579226316,-0.124058862834,-1.37969515796,0.0781484429972,1.90284284729,0.156226165504,-0.0056104906459,-0.0537756984229,0.000429013803612,-0.088520336556,-0.0029054046705,0.0293481652086,-0.0133766209344,0.574112250455,0.818762311192,0.00203679899071,0.0,0.818719472463,-0.574052471099,-0.0119554479858,0.0,-0.0086196066846,0.00853150040134,-0.999926455236,0.0,0.658935673918,0.257220550207,0.303359942034,1.0,-0.01064,-0.013984,0.533
0.462866155651,0.531598894671,-0.124058872686,-1.38126431397,0.0780551512358,1.90341138889,0.156034880322,-0.00165957518048,-0.0519714048346,0.000225534402956,-0.0926094811317,-0.00158652565553,0.0362457948213,-0.0131008058323,0.574123851782,0.818754218707,0.00201966980476,0.0,0.818711101512,-0.574064088012,-0.0119708820694,0.0,-0.00864195667581,0.0085264591742,-0.999926305324,0.0,0.658748040278,0.256983936333,0.303353378881,1.0,-0.01098,-0.0144308571429,0.55
0.462715952396,0.530530574368,-0.12406181907,-1.38300035156,0.0779454273083,1.90401834337,0.155810479779,-0.00261031051663,-0.0611696031599,0.000278815103017,-0.0959376453691,-0.000625221352195,0.0305502153757,-0.0118238145364,0.574129967141,0.818750064771,0.00196447672465,0.0,0.818706204247,-0.574070412684,-0.0120024709603,0.0,-0.00869944340334,0.00849947118175,-0.999926036602,0.0,0.658537323438,0.256714700498,0.303332584553,1.0,-0.01134,-0.014904,0.568
0.462575477826,0.529548592581,-0.124064847151,-1.38454709755,0.0778431798824,1.90459971757,0.155601892054,-0.00784643522522,-0.0679345883448,-0.000316773607349,-0.098967143176,-0.00462590939697,0.0393387206206,-0.012424869997,0.574132878714,0.81874800456,0.0019721839447,0.0,0.818704328486,-0.574073373213,-0.0119888108958,0.0,-0.00868380389837,0.00849796965631,-0.999926185306,0.0,0.658360093715,0.256472651937,0.303338588282,1.0,-0.01166,-0.0153245714286,0.584
0.462443262425,0.528454745671,-0.124073714855,-1.38624014455,0.077740976372,1.90523752598,0.155372439124,-0.00750980161448,-0.0636031392675,-0.000209575845421,-0.10381385986,-0.00761915655987,0.033881353576,-0.0134937731169,0.574123848428,0.818754263106,0.00200255171405,0.0,0.81871101635,-0.574064248692,-0.011969000878,0.0,-0.00865024369277,0.00851136386514,-0.999926362273,0.0,0.658161619725,0.256220602638,0.303358587198,1.0,-0.012,-0.0157714285714,0.601
0.462302248048,0.527346211868,-0.124069136008,-1.38796042008,0.0776356327824,1.90590814959,0.155116531889,-0.00957700966118,-0.0669303938174,0.000625894773709,-0.102159557814,-0.00323723699072,0.0389008954046,-0.0181743743418,0.574091437104,0.818776867527,0.00205181589603,0.0,0.818734272316,-0.574031645392,-0.0119418727889,0.0,-0.00860008751802,0.00853578324594,-0.999926586755,0.0,0.657962571509,0.255969279149,0.303378105084,1.0,-0.01234,-0.0162182857143,0.618
0.462160540347,0.526253829564,-0.124067420593,-1.38965813863,0.077528711254,1.90654489465,0.154900654337,-0.00736326130457,-0.0659027972157,0.00142713819483,-0.107446749703,-0.00516127279413,0.0433417368743,-0.0107420380013,0.574092341495,0.818776172378,0.00207602577615,0.0,0.818733909227,-0.574032466378,-0.0119272933561,0.0,-0.00857424248515,0.00854724503083,-0.999926710798,0.0,0.65776202549,0.255715794427,0.30339386693,1.0,-0.01266,-0.0166388571429,0.634
0.462001755109,0.525070314429,-0.12407762202,-1.39150661726,0.0774122318406,1.90720167211,0.154651470224,-0.0122293536989,-0.0707767897045,-0.00126811501158,-0.107071589053,-0.00729458046056,0.0464780544904,-0.0138393153059,0.574093473719,0.818775406343,0.00206501851251,0.0,0.81873302224,-0.57403366609,-0.0119304396266,0.0,-0.00858312565759,0.00854005079839,-0.999926696056,0.0,0.657539545765,0.255427315715,0.303403815752,1.0,-0.013,-0.0170857142857,0.651
0.46182962861,0.523824795664,-0.124085455427,-1.39350568146,0.0772919912285,1.90791709445,0.154371700373,-0.0151593824267,-0.0650009715139,-0.000288700079625,-0.112228408908,-0.0153318362759,0.0405106023286,-0.0146868472818,0.574085746944,0.818780908752,0.00203113751596,0.0,0.81873803985,-0.574026037611,-0.0119531229692,0.0,-0.00862122905236,0.00852525121405,-0.999926494549,0.0,0.657297445662,0.255117788263,0.303390412462,1.0,-0.01336,-0.0175588571429,0.669
0.461695463505,0.522734965599,-0.124089684557,-1.39520646979,0.0771856261946,1.9085864667,0.154148795518,-0.0115063617181,-0.0771951546876,-0.000202731826953,-0.111493010882,-0.00908501412911,0.0441427062112,-0.0119622272046,0.57407879585,0.818785669915,0.00207600562691,0.0,0.81874346533,-0.574018981149,-0.0119203255286,0.0,-0.00856869006259,0.00854308664753,-0.999926793931,0.0,0.657100390978,0.254867785554,0.303405084142,1.0,-0.01366,-0.0179531428571,0.684
0.461529313617,0.521513539533,-0.124090405868,-1.39718190767,0.0770654884197,1.90934684678,0.153874386631,-0.00719190820086,-0.0728096395532,-0.000320811332724,-0.114356411023,-0.00724853140512,0.0391078958107,-0.00697819786191,0.574064142805,0.818795937353,0.00207841805754,0.0,0.818753772238,-0.574004328065,-0.011917999386,0.0,-0.00856555343152,0.00854357321662,-0.999926816648,0.0,0.65686778666,0.254571923879,0.303389033607,1.0,-0.014,-0.0184,0.701
0.461352672728,0.520154612044,-0.124099274776,-1.39933939634,0.0769322928233,1.91013181608,0.153586304483,-0.00700331581346,-0.0750303523933,-2.31470267812e-05,-0.122919271584,-0.00797024872998,0.0434293040354,-0.0108624730727,0.574058205597,0.81880013855,0.00206315238701,0.0,0.818757778211,-0.573998457862,-0.0119255143402,0.0,-0.0085805317074,0.00853532575894,-0.999926758663,0.0,0.656605257197,0.254244267228,0.303384914524,1.0,-0.01436,-0.0188731428571,0.719
0.461191115186,0.518891946086,-0.124104720331,-1.40129808211,0.0768057914987,1.9108311889,0.153330526164,-0.0119602089246,-0.0798972777275,-0.00204650773933,-0.128604127608,-0.00377480654161,0.0410106282729,-0.0206195857009,0.57405467363,0.81880261882,0.00206155270216,0.0,0.81876026292,-0.573994958053,-0.0119233759715,0.0,-0.00857973580037,0.00853275141626,-0.999926787463,0.0,0.656364349038,0.253946186601,0.303399862732,1.0,-0.01468,-0.0192937142857,0.735
0.461019677134,0.517543775738,-0.124106298258,-1.4034149934,0.0766664285345,1.91159971072,0.153032115395,-0.0062293585684,-0.0780643598506,-3.15536667074e-05,-0.122678692072,-0.00671441896783,0.0524510949537,-0.0192577467982,0.574026274527,0.818822543846,0.00205541826941,0.0,0.818780150255,-0.573966629663,-0.0119214295284,0.0,-0.0085819589854,0.00852631361666,-0.999926823301,0.0,0.656103685808,0.253628879036,0.303405013754,1.0,-0.01502,-0.0197405714286,0.752
0.460827355356,0.516195251744,-0.124109587921,-1.40556781553,0.0765311834496,1.91239004209,0.152748308042,-0.0145930055909,-0.0823070334274,0.000690979723918,-0.133193714843,-0.0116689301628,0.0421361970777,-0.0177108511938,0.57403097878,0.818819285793,0.00203948893117,0.0,0.818776688216,-0.573971402467,-0.0119294126141,0.0,-0.00859759032469,0.00851790238784,-0.999926760708,0.0,0.655843548484,0.253294799718,0.303394895805,1.0,-0.01536,-0.0201874285714,0.769
0.46065095017,0.514912562402,-0.124117445111,-1.40762640394,0.0764051438051,1.91316672869,0.152462670987,-0.0136565658687,-0.0774648742781,-0.000949290475137,-0.130474181129,-0.0060029076195,0.0498020917079,-0.0163876213253,0.574021783075,0.818825740761,0.00203610483883,0.0,0.818783121719,-0.573962244285,-0.0119284795381,0.0,-0.00859886434587,0.00851449930044,-0.999926778736,0.0,0.655597042521,0.252979404357,0.303382051782,1.0,-0.01568,-0.020608,0.785
0.460459915812,0.513498525853,-0.124121569951,-1.40990089593,0.0762831005284,1.91394175131,0.152147123197,-0.0120639868914,-0.0777688757018,-0.000300616956147,-0.130030942533,-0.00252710308391,0.0464942317267,-0.0202355262763,0.574006731138,0.81883645822,0.00196829868687,0.0,0.818792670568,-0.573947198267,-0.0119967965571,0.0,-0.00869388227026,0.00849803412764,-0.999926097183,0.0,0.655287650726,0.252614633975,0.303352280744,1.0,-0.01604,-0.0210811428571,0.803
0.460255037604,0.511986558438,-0.124127364219,-1.4123292236,0.0761323550552,1.91480620086,0.151805012204,-0.0146347303503,-0.0898102511085,-0.000823361293878,-0.132476127107,-0.00187274581258,0.0394133621217,-0.0157471876491,0.573987243791,0.818850218033,0.00192647191974,0.0,0.818805839524,-0.573927848328,-0.0120236839184,0.0,-0.00874010858859,0.00847901089736,-0.999925855689,0.0,0.654999620812,0.25226179344,0.303336390179,1.0,-0.01638,-0.021528,0.82
0.460082666415,0.510716146073,-0.12412771866,-1.41437311031,0.076006460592,1.91559601211,0.151515439955,-0.0144740568896,-0.0864079876106,-8.37305365669e-05,-0.140180838807,-0.00961940353595,0.052313463716,-0.0181704659959,0.57396458143,0.818866078261,0.00193701809825,0.0,0.818821852405,-0.573905158054,-0.0120162591678,0.0,-0.00872821038734,0.00848314323773,-0.999925924569,0.0,0.65475378913,0.251956078555,0.303321641274,1.0,-0.01668,-0.0219222857143,0.835
0.459875379395,0.509135455387,-0.124128055941,-1.41686405272,0.0758472270867,1.91651030273,0.151169796267,-0.010761679488,-0.0861447324671,-0.00190521036861,-0.137815973984,-0.0091708085234,0.0545890948761,-0.0156912983739,0.573938114787,0.818884630689,0.00193621184965,0.0,0.818840397521,-0.573878701286,-0.012016093332,0.0,-0.00872881146545,0.00848210574152,-0.999925928123,0.0,0.654444002638,0.251581739767,0.3033215929,1.0,-0.01704,-0.0223954285714,0.853
0.459671434897,0.507621308366,-0.124133740247,-1.41924031117,0.0756931756256,1.91735883609,0.150834945325,-0.0101461042021,-0.0876085460859,-0.00138553542695,-0.140360943075,-0.0127810023661,0.0478484406654,-0.0156197305376,0.573916370182,0.818899909796,0.00191955034653,0.0,0.818855471556,-0.573857043021,-0.0120232183295,0.0,-0.00874443327718,0.00847231924418,-0.999925874599,0.0,0.654145795805,0.251215693401,0.303323478419,1.0,-0.01738,-0.0228422857143,0.87
0.459512215065,0.506530236251,-0.124131925186,-1.42096375917,0.0755788543022,1.91800670484,0.150606519942,-0.0135152837076,-0.0942938149496,0.000263257301387,-0.147261062055,-0.0164848429503,0.0587854798594,-0.018484952732,0.573916670977,0.818899681071,0.00192717860972,0.0,0.818855394471,-0.573857361485,-0.0120132641717,0.0,-0.00873190068291,0.00847285631041,-0.999925979569,0.0,0.653936839623,0.25094798989,0.303322189128,1.0,-0.01762,-0.0231577142857,0.882
0.459216790243,0.504399985753,-0.124140847127,-1.42415357426,0.0753825452746,1.91923257722,0.150167706225,-0.0150195941751,-0.104181083984,0.000171963043498,-0.149227268859,-0.011742208369,0.0566647048247,-0.0133043729728,0.573917230791,0.818898950259,0.00206600281111,0.0,0.818856545505,-0.573857407738,-0.0119323245431,0.0,-0.00858594233092,0.0085400910068,-0.999926671531,0.0,0.653559170181,0.250450641553,0.303399083144,1.0,-0.01806,-0.023736,0.904
0.459007944323,0.502828977826,-0.12414322866,-1.42647950337,0.0752370554346,1.92011429767,0.149840988373,-0.0100835170535,-0.10538921237,2.88786619286e-05,-0.149146516688,-0.00987432839182,0.0543284613801,-0.0252996906104,0.573902517418,0.818908985514,0.00217275108286,0.0,0.818868007707,-0.573842300175,-0.0118721264132,0.0,-0.00847553769821,0.00859280502425,-0.999927161829,0.0,0.653278245617,0.250093842977,0.303465619781,1.0,-0.01838,-0.0241565714286,0.92
0.458786678666,0.501218206137,-0.124146977974,-1.42887929337,0.0750792272186,1.92096907616,0.14950183149,-0.0176397326872,-0.104898578992,-4.41315625158e-05,-0.152605876493,-0.00126526172318,0.0496649173404,-0.0164113061508,0.573888330382,0.818918786686,0.00222530104383,0.0,0.818878521082,-0.573827935797,-0.0118412292982,0.0,-0.00842022734069,0.00861796046178,-0.99992741263,0.0,0.652978289945,0.249716270848,0.303521875711,1.0,-0.0187,-0.0245771428571,0.936
0.458536070902,0.499412645563,-0.124144737214,-1.43163645904,0.0749148031368,1.92195676097,0.149112925146,-0.010853772199,-0.0989077306678,-4.64611970863e-05,-0.158866530582,-0.0033447582899,0.0517007509761,-0.0202267403194,0.573869426572,0.818931934514,0.00226158800215,0.0,0.818891992943,-0.573808740272,-0.0118397796713,0.0,-0.00839841640341,0.00864665035179,-0.999927348381,0.0,0.652629078501,0.249291249629,0.303554718459,1.0,-0.01906,-0.0250502857143,0.954
0.458278375937,0.497730625868,-0.124150438655,-1.43427455511,0.0747474625452,1.92294132537,0.148728529372,-0.0161734925458,-0.102465981902,-0.00041684045209,-0.157062718626,-0.0106531523096,0.0576482979562,-0.0199601551846,0.573858552825,0.818939500345,0.00228101398721,0.0,0.818899840869,-0.573797822577,-0.0118260869315,0.0,-0.00837617013079,0.0086545897509,-0.999927466295,0.0,0.652307178699,0.248868857105,0.303557428086,1.0,-0.0194,-0.0254971428571,0.971
0.458029546494,0.496153040123,-0.124147696279,-1.43679897878,0.074590909427,1.92383514282,0.148350699891,-0.0147521251788,-0.0949431042498,-0.000599602687165,-0.16371468918,-0.013582026548,0.0575338441304,-0.0234142904948,0.573836183664,0.818955296685,0.00223679472402,0.0,0.818914939749,-0.573775503656,-0.0118633790062,0.0,-0.00843232140265,0.00863954708896,-0.999927124436,0.0,0.651986004175,0.248465093917,0.303532767185,1.0,-0.01972,-0.0259177142857,0.987
0.457757250488,0.494483375311,-0.124150359883,-1.43953614265,0.0744194550076,1.92477726809,0.147974590764,-0.0180218707904,-0.103221584531,-9.67188454696e-05,-0.159766317963,-0.012880016025,0.0542663262123,-0.0252613226426,0.573844382989,0.818949839289,0.00212878886789,0.0,0.818907933659,-0.573783992229,-0.0119362202669,0.0,-0.0085538653825,0.00859298048879,-0.999926493335,0.0,0.651631976692,0.248019937394,0.303474847616,1.0,-0.0216274285714,-0.0284246204082,1.004
0.457459294685,0.49230639643,-0.124220693305,-1.44284698358,0.0742276558896,1.92599601808,0.14749820792,-0.0125898089827,-0.142137583091,-0.00344869040106,-0.218943225621,-0.0163498659675,0.0864874556242,-0.0327683428411,0.573863429572,0.818936322102,0.00219350029171,0.0,0.818895404602,-0.573802921299,-0.01188573644,0.0,-0.00847518758402,0.00861720269319,-0.999926954839,0.0,0.651228461052,0.24747251925,0.303522088684,1.0,-0.0309628571429,-0.0406940408163,1.021
0.457109269352,0.489667345785,-0.124251809494,-1.44709423172,0.0740015428224,1.92760445225,0.146862681115,-0.0206570261941,-0.186759907769,0.00118933943238,-0.29470549997,-0.0135883701311,0.109778989651,-0.0428093756563,0.573804232891,0.818977774929,0.00220304089474,0.0,0.818936744838,-0.573743452873,-0.0119081964023,0.0,-0.00848873133755,0.00863729093541,-0.999926666634,0.0,0.65069071775,0.246830238654,0.303476733817,1.0,-0.0397491428571,-0.0522417306122,1.037
0.456516866484,0.485771750203,-0.124308751277,-1.45322989529,0.0736437352424,1.92990302898,0.145948125335,-0.0331640859374,-0.231374228611,-0.00610565757683,-0.367087568166,-0.0228206051835,0.137788857404,-0.0567673883605,0.573789809743,0.818987752131,0.00225011028718,0.0,0.818947297906,-0.573728805329,-0.011888149125,0.0,-0.00844545804315,0.00866418737674,-0.999926800369,0.0,0.64993128376,0.245833948842,0.30346407994,1.0,-0.0496337142857,-0.0652328816326,1.055
0.45587703799,0.481584498002,-0.124428117066,-1.45984158798,0.0732458773172,1.93222411179,0.144938739398,-0.0436670716006,-0.27344923536,-0.00884457187877,-0.437329151879,-0.0237910742931,0.14558034462,-0.0600603732209,0.573794854187,0.818984485314,0.00215058718987,0.0,0.818942814571,-0.573734331079,-0.0119302432612,0.0,-0.00853698279751,0.00860688582795,-0.999926518021,0.0,0.649029241618,0.244635556176,0.303433011129,1.0,-0.0589691428571,-0.0775023020408,1.072
0.455044996126,0.476295425463,-0.124559327768,-1.46808727723,0.0727491491136,1.93514702678,0.143723257038,-0.0522318777103,-0.330349148876,-0.0105665852365,-0.508047269824,-0.028669618767,0.180097273064,-0.0706977160278,0.573837913872,0.818954431027,0.00210604022006,0.0,0.818912208069,-0.573777596521,-0.0119504019914,0.0,-0.00857860113247,0.00858242103379,-0.999926372115,0.0,0.64803719012,0.243309106136,0.303424089325,1.0,-0.0677554285714,-0.0890499918367,1.088
0.454064643255,0.470295473149,-0.124653224657,-1.47739102867,0.0722069626296,1.93849318609,0.142367102514,-0.063599576002,-0.371366856253,-0.00624660709202,-0.557241455232,-0.0399398017352,0.203636125886,-0.0888340056712,0.573898847719,0.818911619106,0.00214932121443,0.0,0.818869656683,-0.573838039426,-0.0119639781251,0.0,-0.00856424331379,0.00862629326796,-0.999926117671,0.0,0.646844759667,0.241737272408,0.303437174532,1.0,-0.0770908571429,-0.101319412245,1.105
0.452935368888,0.463473590077,-0.1247110921,-1.4877238981,0.0715591887744,1.94234493885,0.140678684646,-0.0746521104825,-0.409342464628,-0.00586968143879,-0.643624008358,-0.0365353912316,0.234407674327,-0.101520713216,0.573796424291,0.818982595512,0.00243282176042,0.0,0.818944401768,-0.573734587847,-0.0118083200462,0.0,-0.0082751739328,0.00876808639343,-0.999927318437,0.0,0.645535662416,0.239998903042,0.303560582607,1.0,-0.0864262857143,-0.113588832653,1.122
0.451708777348,0.456473543371,-0.12478164543,-1.49868723717,0.0708572026083,1.94605260971,0.13904384136,-0.0818990939086,-0.445443904819,-0.00969074739806,-0.711111232357,-0.0416786038511,0.236763074758,-0.103587036685,0.573831042344,0.818958965287,0.00221244663057,0.0,0.818917438353,-0.573769590568,-0.0119763517876,0.0,-0.00853887047019,0.00868438075817,-0.999925831861,0.0,0.644053062147,0.238104204635,0.303484048347,1.0,-0.0952125714286,-0.125136522449,1.138
0.450290132741,0.448153498339,-0.12492183513,-1.51111707019,0.0699932510191,1.95055901679,0.137075518182,-0.0799344427963,-0.496732226823,-0.0115352476875,-0.753225773326,-0.0542898539584,0.284298275276,-0.114611980209,0.573813295638,0.818970594472,0.00249279778507,0.0,0.818933576532,-0.573751656534,-0.0117294823121,0.0,-0.00817601165699,0.00877213759818,-0.999928098633,0.0,0.642440404772,0.235920644535,0.303672579197,1.0,-0.104548,-0.137405942857,1.155
0.448686479765,0.439295093152,-0.124970461066,-1.52466578706,0.0691138594559,1.9552884304,0.134962456998,-0.100001391773,-0.537844273578,-0.0031463155323,-0.833541821842,-0.0577930292771,0.275967819002,-0.133031028252,0.57378699383,0.81898894261,0.00251882819943,0.0,0.818951826786,-0.573724793872,-0.0117691631727,0.0,-0.00819385806985,0.0088159614466,-0.999927567134,0.0,0.64048056878,0.233420539089,0.303697685366,1.0,-0.114432571429,-0.150397093878,1.173
0.447023992581,0.430248195157,-0.12503471427,-1.53818503694,0.0682011578986,1.96009649958,0.132723655977,-0.102914635102,-0.56765479887,-0.00521360989419,-0.8691938922,-0.0656995899596,0.30578758471,-0.141602607276,0.573710106005,0.819041902627,0.00279694668498,0.0,0.8190084654,-0.573647008248,-0.0116185382905,0.0,-0.00791176193509,0.00895656828825,-0.999928589404,0.0,0.638766932887,0.231176915963,0.303852018103,1.0,-0.122669714286,-0.161223053061,1.188
0.444939254415,0.419561296501,-0.125121569989,-1.55451798601,0.0670388985941,1.96567250404,0.130017418687,-0.116485286362,-0.594994673711,-0.007235451661,-0.920892682438,-0.0683945085025,0.300205431693,-0.147892821661,0.573636034731,0.81909412633,0.00269421076223,0.0,0.819059411643,-0.573573360104,-0.011663090454,0.0,-0.00800799554474,0.00889725894231,-0.999928352829,0.0,0.636481990124,0.22821874787,0.303828759244,1.0,-0.132554285714,-0.174214204082,1.206
0.442782925507,0.408708152717,-0.125244980937,-1.57074473244,0.0658917070724,1.97140362825,0.127336507799,-0.133906483447,-0.633765871799,-0.00272780796256,-0.969889314127,-0.0688286157489,0.331301687657,-0.167587594485,0.573648955705,0.819084194266,0.00295046155654,0.0,0.819053240242,-0.573585936985,-0.0114764734674,0.0,-0.00770800316958,0.00900022540008,-0.99992978885,0.0,0.634235834717,0.225230693011,0.303953751835,1.0,-0.141889714286,-0.18648362449,1.223
0.440522355115,0.397947113753,-0.125352948259,-1.58695358521,0.0648089624964,1.97686653133,0.124604733537,-0.145364028458,-0.697028265529,-0.011589130377,-1.01555932799,-0.0697872532465,0.35742510619,-0.173188848875,0.573692753523,0.819053435456,0.00297343651469,0.0,0.819022122089,-0.573628889429,-0.0115502226167,0.0,-0.00775474973171,0.00906176376795,-0.999928871617,0.0,0.631907222403,0.222191703061,0.303973150146,1.0,-0.150676,-0.198031314286,1.239
0.437925044434,0.38602255795,-0.125477471384,-1.60500406866,0.0634360923616,1.98294472188,0.121490845777,-0.158281866842,-0.705292806895,-0.00727586572182,-1.08879250098,-0.0824859316151,0.356959776338,-0.184545408311,0.57367281099,0.819067819775,0.00285647340364,0.0,0.8190354222,-0.573609826128,-0.01155385014,0.0,-0.00782503628795,0.0089678552467,-0.999929170681,0.0,0.629281278095,0.218743381827,0.303921257929,1.0,-0.160011428571,-0.210300734694,1.256
0.435094028319,0.373421019717,-0.125619270096,-1.62367810974,0.0620499748103,1.98918555109,0.118105255889,-0.175758217719,-0.754402622833,-0.00940276833824,-1.10891445943,-0.0844751469833,0.367834909918,-0.200343352239,0.573628700801,0.819098367712,0.00295373159653,0.0,0.819067352942,-0.573565554138,-0.0114879655757,0.0,-0.0077157637038,0.00900930534516,-0.999929647229,0.0,0.626531499874,0.215101688885,0.304001370274,1.0,-0.169346857143,-0.222570155102,1.273
0.432165337901,0.361102339935,-0.125796922871,-1.64192289489,0.0606521316399,1.99522322073,0.114895081462,-0.183723968518,-0.788649914669,-0.00938451854532,-1.15379897569,-0.100125550446,0.388849881787,-0.210693247042,0.573786926286,0.818987433196,0.00298234674915,0.0,0.818957157412,-0.57372410382,-0.0114268946036,0.0,-0.00764758610456,0.00899919020997,-0.999930262069,0.0,0.623815320401,0.211428343503,0.304041145968,1.0,-0.178133142857,-0.234117844898,1.289
0.428765211378,0.347572564821,-0.125969457875,-1.66209806957,0.0591408936594,2.00166029982,0.111070775877,-0.20211013645,-0.815391846151,-0.013089503409,-1.17497078558,-0.0886479186288,0.374558458813,-0.231430018622,0.573830938856,0.818957297707,0.00278299218128,0.0,0.818923875237,-0.573768093951,-0.0116020615237,0.0,-0.00790495302874,0.00893685266075,-0.999928819658,0.0,0.62071574231,0.207294620089,0.303958865962,1.0,-0.187468571429,-0.246387265306,1.306
0.424959934214,0.332598199485,-0.126116866629,-1.68406141334,0.057450158667,2.00880845625,0.106900820057,-0.214856312474,-0.81314705879,-0.00869056579784,-1.24049713046,-0.0947188563263,0.388903556171,-0.23552573926,0.573874539219,0.818926410423,0.00288000854199,0.0,0.818894046621,-0.573811140291,-0.0115785399485,0.0,-0.00782954191542,0.00900322446702,-0.999928817578,0.0,0.617304682422,0.202790551609,0.303986070688,1.0,-0.197353142857,-0.259378416327,1.324
0.421621498643,0.319618520342,-0.126206978332,-1.70279433286,0.0558756575074,2.01483423996,0.103198520146,-0.225977720906,-0.872641825658,-0.00777663454307,-1.26798532233,-0.105535759045,0.397047451015,-0.249847780104,0.573761607829,0.819005005823,0.00302732878031,0.0,0.818975135714,-0.573698445216,-0.0114266329731,0.0,-0.0076218425343,0.00903564426955,-0.999930129884,0.0,0.614332307558,0.198919659205,0.304089777932,1.0,-0.205590285714,-0.27020437551,1.339
0.417327324755,0.303599535812,-0.126315927344,-1.72592911925,0.0539588325501,2.02208678603,0.0984544408487,-0.238459719315,-0.897102760999,-0.00316023933186,-1.30595321427,-0.101004621476,0.395661120224,-0.273973924717,0.573587294455,0.819126892832,0.00308155477475,0.0,0.819097701583,-0.573523966357,-0.0114000954851,0.0,-0.00757092503955,0.0090632188542,-0.999930267148,0.0,0.610564054718,0.194066869659,0.304133875145,1.0,-0.215474857143,-0.283195526531,1.357
0.412872387836,0.2879255563,-0.126476873748,-1.74840964873,0.0521244814703,2.02895269047,0.0938461949853,-0.264900221501,-0.943124336801,-0.00823165018018,-1.33334796389,-0.109680799543,0.409835805598,-0.284760083919,0.57365894518,0.819076621996,0.00310625435954,0.0,0.819047221761,-0.573594901041,-0.0114579634741,0.0,-0.00760336474369,0.00911730778015,-0.999929529289,0.0,0.606834767805,0.189185704341,0.304165701694,1.0,-0.224810285714,-0.295464946939,1.374
0.408696108603,0.273849303227,-0.126616236896,-1.76863401039,0.0504063201529,2.03497156847,0.0895024813266,-0.283640330723,-0.960107232108,-0.0139243148293,-1.34686658209,-0.115358197457,0.402158768465,-0.302076777116,0.573625398493,0.819100471566,0.00301107723338,0.0,0.819069463772,-0.573561209215,-0.0115542071126,0.0,-0.00773716835998,0.00909424316654,-0.999928712943,0.0,0.603173897095,0.184408267719,0.304132608938,1.0,-0.233596571429,-0.307012636735,1.39
0.403249247079,0.256377075058,-0.126838580081,-1.79335205287,0.0482316303108,2.04231397282,0.0840482283709,-0.309748479264,-0.972040252161,-0.0118362862047,-1.36930950086,-0.112894585381,0.400565011621,-0.300397007026,0.573726391164,0.819029882112,0.00297105885707,0.0,0.818998256295,-0.573662201601,-0.0115879912188,0.0,-0.00778667683447,0.00908180325894,-0.999928441696,0.0,0.599167255774,0.17906553897,0.30413436322,1.0,-0.242932,-0.319282057143,1.407
