position_joint1,position_joint2,position_joint3,position_joint4,position_joint5,position_joint6,position_joint7,velocity_joint1,velocity_joint2,velocity_joint3,velocity_joint4,velocity_joint5,velocity_joint6,velocity_joint7,ee_T_00,ee_T_10,ee_T_20,ee_T_30,ee_T_01,ee_T_11,ee_T_21,ee_T_31,ee_T_02,ee_T_12,ee_T_22,ee_T_32,ee_T_03,ee_T_13,ee_T_23,ee_T_33,v_x,v_y,time
0.465054167718,0.547810455084,-0.123985361028,-1.35584688648,0.0794825728356,1.89409443679,0.159171622241,0.000431598775191,0.001041956752,0.00132057014599,0.00147460066608,-7.6391697693e-05,-1.93683871516e-05,0.00111171603433,0.573825855515,0.818963400102,0.0018930759304,0.0,0.818919630706,-0.573767633622,-0.0119200651652,0.0,-0.00867607844164,0.00839048017575,-0.9999271601,0.0,0.661677237898,0.260874106024,0.303186368895,1.0,0.0,0.0,0.0
0.465050672109,0.547807700421,-0.123988121691,-1.35584724735,0.0794788930917,1.89409718255,0.159168547686,-0.000143285262449,-0.000370565063543,0.000213625262205,-0.000210941503619,-0.000345322746062,0.000161477986676,-0.00029657715928,0.573827188514,0.818962462229,0.00189475129196,0.0,0.818918766078,-0.573769009182,-0.0119132518433,0.0,-0.00866952340651,0.0083879566955,-0.999927238126,0.0,0.661679528954,0.260869779889,0.303188471625,1.0,-0.00012,-0.000157714285714,0.007
0.465048195256,0.547805516385,-0.123988226736,-1.35584691396,0.0794826841525,1.89409448316,0.159166941363,-0.00128631401599,-0.000183618942186,5.6365528323e-06,-0.000455756488524,1.80172670004e-05,9.91756148616e-05,-0.00107934476026,0.573828938646,0.818961231101,0.00189684656269,0.0,0.818917524726,-0.57377071403,-0.0119164725862,0.0,-0.00867094099539,0.00839153927158,-0.999927195775,0.0,0.661679582381,0.260868579664,0.303189953513,1.0,-0.00034,-0.000446857142857,0.018
0.465045088713,0.547800943812,-0.123988303903,-1.35585173339,0.0794798185341,1.89409791415,0.159172068641,-0.00168419488235,-0.0021138256609,0.000703418374582,0.000472907794966,-8.13730970415e-05,-1.19334913424e-05,0.00128068477032,0.573835255261,0.818956802423,0.00189802136614,0.0,0.818913138364,-0.573777051106,-0.0119127805292,0.0,-0.00866717841778,0.00839044963162,-0.999927237539,0.0,0.66168027218,0.260865736695,0.303191194235,1.0,-0.0007,-0.00092,0.036
0.465049560797,0.547754268378,-0.123990520158,-1.35589515318,0.0794776512736,1.89410034137,0.159165328615,0.00169381375783,-0.0043648980175,-0.00131808397702,-0.00692919597531,-0.000284217425444,-7.57678529492e-05,-4.84023895822e-05,0.573829352589,0.818960925253,0.00190365889554,0.0,0.818917323564,-0.573771114891,-0.0119109942701,0.0,-0.00866254118201,0.00839397898851,-0.999927248102,0.0,0.661671502092,0.260862687557,0.303203874127,1.0,-0.00102,-0.00134057142857,0.052
0.465052396864,0.547626666632,-0.12398596838,-1.3560424196,0.0794763852689,1.89413795577,0.159158837697,0.000421178342813,-0.0060496376671,0.00103608615263,-0.011959301618,-0.000128450648239,0.00576191983091,-0.00592083513382,0.573826274093,0.818963030745,0.00192570357913,0.0,0.818919600778,-0.573767832797,-0.0119125316641,0.0,-0.00865118282836,0.00841288204012,-0.999927187575,0.0,0.661646903685,0.260853747465,0.303227288751,1.0,-0.00136,-0.00178742857143,0.069
0.465046740475,0.547482466133,-0.123982507818,-1.35624268492,0.0794768205463,1.89417854897,0.159156961409,-0.00247535918364,-0.0145979897393,0.000392179359051,-0.0127925573828,0.000483851850867,0.00495438197341,-0.00118545774091,0.573838023072,0.818954807696,0.00192175175659,0.0,0.818911149391,-0.573779424981,-0.0119351486357,0.0,-0.00867185269795,0.008422748202,-0.999926925472,0.0,0.661613546567,0.260832954401,0.303237531046,1.0,-0.0017,-0.00223428571429,0.086
0.465029399342,0.547320305242,-0.123985802162,-1.35644523984,0.0794739458746,1.89429311134,0.159150061343,0.00224559056798,-0.0126765424014,0.000458295385388,-0.015894524419,-0.00223757034555,0.0062000620177,-0.00288126307253,0.573859679678,0.818939473918,0.00198821523767,0.0,0.818896668559,-0.57380079,-0.0119015343372,0.0,-0.00860596248628,0.00845811636185,-0.999927196188,0.0,0.661599681701,0.26080498977,0.303266042249,1.0,-0.00202,-0.00265485714286,0.102
0.465002449134,0.547126760893,-0.123980706936,-1.35665969544,0.0794670422406,1.89441057816,0.159143578501,-0.000577880796838,-0.0116325985727,0.00134020213186,-0.0124217946293,-0.00140516869285,0.00752857658814,0.000919307899586,0.573883221442,0.818922762332,0.00207470073441,0.0,0.81888105834,-0.573823952554,-0.011858780239,0.0,-0.00852107615255,0.00850465187997,-0.999927528453,0.0,0.661585295643,0.26077407077,0.303311079697,1.0,-0.00236,-0.00310171428571,0.119
0.46497260628,0.546898972352,-0.123983512282,-1.35697108205,0.0794598599572,1.89455078353,0.159118507403,-0.00110859763619,-0.0121595017746,0.000787766164024,-0.0186847669763,-0.000161770026926,0.00674266695033,-0.00110962695974,0.573904737312,0.818907547128,0.00212806238464,0.0,0.818866482407,-0.573845197477,-0.0118372388856,0.0,-0.00847258900485,0.00853621078093,-0.999927671555,0.0,0.661556681484,0.260727099793,0.303336463164,1.0,-0.00272,-0.00357485714286,0.137
0.464940641246,0.54669171204,-0.123983514911,-1.35730573758,0.0794561040277,1.89467506437,0.15908894718,-0.00273026570546,-0.0148875232233,0.000595310283596,-0.0266425181266,0.000159485872903,0.0147930505994,-0.00156948631062,0.57392445998,0.818893709503,0.00213393422471,0.0,0.8188525729,-0.573864744936,-0.0118518047608,0.0,-0.00848094202974,0.00854958278341,-0.999927486499,0.0,0.661518703179,0.260676779294,0.303334752058,1.0,-0.00302,-0.00396914285714,0.152
0.464899369025,0.546392562292,-0.123988217407,-1.35775242877,0.0794411367524,1.89484096127,0.158944703912,-0.00156391436986,-0.0113272102235,0.00037011923062,-0.0233956952924,-0.00180572252107,0.0118152493387,-0.00525798730983,0.573864429613,0.818935720448,0.0021561772371,0.0,0.818894780556,-0.573804539922,-0.0118505376981,0.0,-0.00846776737076,0.00856644927286,-0.9999274538,0.0,0.661469851865,0.260606502761,0.303348525545,1.0,-0.00338,-0.00444228571429,0.17
0.464851617008,0.546105368507,-0.123988260969,-1.3582557904,0.0794209483959,1.89501127299,0.158928486281,-0.00546245459244,-0.0208647803257,-0.00015752244429,-0.0334791112157,3.89568616082e-06,0.0194958239746,0.00162032439992,0.573913035488,0.818901748389,0.00212157582822,0.0,0.818860242519,-0.57385316157,-0.0118827218862,0.0,-0.00851347264245,0.00855708783526,-0.999927145862,0.0,0.661409421753,0.260527198704,0.303327061129,1.0,-0.00372,-0.00488914285714,0.187
0.464798360862,0.545793554895,-0.123986421117,-1.35878298342,0.0793785451687,1.89518494816,0.158863011774,-0.00514797661807,-0.0241762733646,0.000199652196776,-0.0315395275891,-1.75351429689e-05,0.00911988531152,-0.0051721964934,0.573919852352,0.818897076147,0.00208054208135,0.0,0.818855086524,-0.573860194349,-0.0118983829153,0.0,-0.00854977530671,0.00853254490994,-0.999927045849,0.0,0.661347038765,0.260439473558,0.3033118554,1.0,-0.00404,-0.00530971428571,0.203
0.464727616909,0.545431112144,-0.123986974542,-1.35942434014,0.0792884063235,1.89539973791,0.158756997282,-0.0035372756421,-0.0236563638765,0.000402485934639,-0.0411449805905,-0.0020603398236,0.0149457521778,-0.00439856068795,0.573903157133,0.81890898477,0.00199694689703,0.0,0.818866334345,-0.573844266769,-0.0118924713074,0.0,-0.00859308052029,0.00846052230616,-0.999927286621,0.0,0.661275677927,0.260320973505,0.303281696506,1.0,-0.00438,-0.00575657142857,0.22
0.464667644627,0.545028663529,-0.123990295821,-1.36011826293,0.0792798740107,1.89562140808,0.158695754127,-0.0039155846571,-0.0272023255809,-0.00174229315452,-0.0398862655476,-0.00199296787108,0.0148574596927,-0.0017417620101,0.573940739272,0.818882747311,0.00195470238659,0.0,0.818839204744,-0.573881684661,-0.0119547348382,0.0,-0.00866792509344,0.00846205921942,-0.999926627622,0.0,0.66118784473,0.260215966973,0.303255648285,1.0,-0.00472,-0.00620342857143,0.237
0.464597391113,0.544621922006,-0.123992438612,-1.36079273583,0.0792572702518,1.89586005724,0.158623282645,-0.00580429984868,-0.0183150809327,0.000263423590619,-0.0391268996969,6.89520736731e-05,0.0146159053405,-0.000866047860668,0.573972006351,0.81886087,0.00193866160315,0.0,0.818816941946,-0.573912843792,-0.0119837479005,0.0,-0.0087005669507,0.00846590778636,-0.999926311555,0.0,0.661111099206,0.26010609466,0.303243268829,1.0,-0.00504,-0.006624,0.253
0.464530893945,0.544114020582,-0.123995636013,-1.36161424133,0.0792207334902,1.89615524083,0.158493808609,-0.00562262573074,-0.0302910992247,-2.36397702758e-05,-0.0484205102023,-0.000402433340688,0.00926780870479,-0.00134088031472,0.573958720426,0.818870204914,0.0019291585012,0.0,0.818826025418,-0.573899476111,-0.0120032628406,0.0,-0.00872213917697,0.00846918562695,-0.999926095861,0.0,0.661014425104,0.25998355915,0.303237373752,1.0,-0.0054,-0.00709714285714,0.271
0.46445461151,0.543630739476,-0.123998492707,-1.36239816461,0.0791829674826,1.89642113756,0.158400889544,-0.00602874454142,-0.0276898416224,-0.00110046019166,-0.0491612659356,-0.00152569186446,0.0102602275773,-0.0101714532893,0.57398153369,0.818854289688,0.00189687754489,0.0,0.818809555911,-0.573922296787,-0.0120355848077,0.0,-0.00876689872133,0.00846154779791,-0.999925769093,0.0,0.660915210049,0.259848875948,0.303225291472,1.0,-0.00574,-0.007544,0.288
0.464380503519,0.54311013422,-0.124001998329,-1.36320953084,0.0791352234503,1.89670995221,0.158312336181,-0.00897085860202,-0.0359293951493,0.000283448097976,-0.0506745074304,-0.00348100627954,0.0179105547788,-0.00598869908597,0.574003548771,0.818838845017,0.00190231195841,0.0,0.818794184874,-0.573944288193,-0.012032612669,0.0,-0.00876111825624,0.00846452731076,-0.999925794539,0.0,0.660829500049,0.259728103938,0.30323657244,1.0,-0.00604,-0.00793828571429,0.303
0.464306162594,0.542496153065,-0.124002469684,-1.36417227813,0.0790805259282,1.89705068543,0.158186831576,-0.00255626697502,-0.0386769784618,0.000170007950795,-0.0513769899232,-0.00050209236564,0.0128375255692,-0.00394049899122,0.574000826982,0.818840764285,0.00189743798266,0.0,0.818795979307,-0.573941528766,-0.0120421231149,0.0,-0.0087717317215,0.00846596621382,-0.999925689308,0.0,0.660714225601,0.259586765772,0.303242138962,1.0,-0.0064,-0.00841142857143,0.321
0.464229233785,0.541884954617,-0.124005224965,-1.36511388441,0.0790259291823,1.89740961136,0.158056047607,-0.000643526640896,-0.0360139259554,-0.000644802159109,-0.0621209363839,-0.00338111176569,0.0153875052311,-0.00105542108153,0.573996456882,0.818843770836,0.00192180906998,0.0,0.818799303501,-0.573937053246,-0.0120293972282,0.0,-0.00874736796663,0.00847857055412,-0.999925795944,0.0,0.660608420247,0.259446127017,0.303257368128,1.0,-0.00674,-0.00885828571429,0.338
0.464156269764,0.541275779345,-0.124008417325,-1.36604153068,0.0789632114452,1.89775269735,0.157922678711,-0.00192245543698,-0.0367216730868,0.000463078764682,-0.0552696310291,-0.00356757339895,0.0264405249209,-0.0057868005604,0.573983931168,0.818852511649,0.00193851208576,0.0,0.818808331495,-0.573924524454,-0.0120126352119,0.0,-0.00872418485542,0.00848249274342,-0.999925965217,0.0,0.660501993572,0.259307104325,0.303276349472,1.0,-0.00706,-0.00927885714286,0.354
0.464061614192,0.540530268955,-0.124005916873,-1.36717466814,0.0789046171639,1.89816746286,0.157788510749,-0.0037123159201,-0.0421402094825,-0.000416765332957,-0.0671717747026,-0.00460143855072,0.0190645157158,-0.010994234652,0.57399691434,0.818843340882,0.00196782189149,0.0,0.818799426248,-0.57393726671,-0.0120108433717,0.0,-0.00870576040836,0.00850560222887,-0.99992592949,0.0,0.660369925179,0.259139991682,0.303299853352,1.0,-0.00742,-0.009752,0.372
0.463971808914,0.539845282643,-0.124009371639,-1.36822274289,0.078841025234,1.89856768046,0.15766028256,-0.00953884533227,-0.040477807715,-6.38092480046e-05,-0.0690756108794,-0.00149760466259,0.0210872108002,-0.0107035827333,0.574008958474,0.818834825383,0.00199780708811,0.0,0.818791332234,-0.573949211639,-0.0119918146416,0.0,-0.00867284262397,0.00851936018396,-0.999926098421,0.0,0.660253190302,0.25898014515,0.303319873471,1.0,-0.00774,-0.0101725714286,0.388
0.463870858136,0.539080186673,-0.124012336584,-1.36939459881,0.0787772218324,1.89900608326,0.157515867874,-0.00813795809744,-0.0469901329355,0.000149359864584,-0.0714287484756,-0.0055718994892,0.0308182226454,-0.00587716855971,0.574023189179,0.818824776231,0.00202756413836,0.0,0.818781620477,-0.573963265187,-0.0119822822208,0.0,-0.0086478087221,0.00853840449562,-0.9999261528,0.0,0.660120133337,0.258802148891,0.303340771105,1.0,-0.00808,-0.0106194285714,0.405
0.463756301979,0.538315981156,-0.124017552766,-1.37058406722,0.0787116055991,1.89946684831,0.157360776417,-0.0104589533285,-0.0438928117281,-0.00438356882454,-0.0656445382725,-0.0085769596744,0.0237148457945,-0.010426501044,0.5740419248,0.818811563833,0.00205873914807,0.0,0.818768802664,-0.573981856192,-0.0119675999241,0.0,-0.00861769620891,0.00855570020666,-0.999926264935,0.0,0.6599913301,0.2586129965,0.303354542711,1.0,-0.00842,-0.0110662857143,0.422
0.463651092889,0.537526970326,-0.12402044921,-1.37183655129,0.0786325071764,1.89994168779,0.157213697582,-0.00277173010028,-0.0463804813959,0.000751855798398,-0.0744043033025,-0.0036149339373,0.0259448533649,-0.00997350526281,0.574057651276,0.818800524194,0.00206433832969,0.0,0.818757884031,-0.573997605097,-0.0119592467114,0.0,-0.0086074779395,0.00855565508377,-0.999926353333,0.0,0.659848927513,0.258422995383,0.303356834387,1.0,-0.00876,-0.0115131428571,0.439
0.463548568874,0.536786074818,-0.124026505877,-1.37298074613,0.0785739163982,1.90037168966,0.157077003875,-0.00532379628089,-0.0521110781548,-0.00679546160954,-0.0739804885524,-0.00364865393061,0.0316172209105,-0.00146874071964,0.574085140705,0.818781183329,0.00209092041196,0.0,0.818738850623,-0.574024942092,-0.0119501982558,0.0,-0.00858452227915,0.00857251406942,-0.999926406282,0.0,0.659712637985,0.258231535395,0.303373037534,1.0,-0.00908,-0.0119337142857,0.455
0.463426714377,0.535883144389,-0.124028309202,-1.37441249669,0.0784812268519,1.90090032661,0.156891875572,-0.00334260937162,-0.0542874141571,0.000847205626801,-0.0802536539853,-0.00249558434689,0.0253206853435,-0.014551641509,0.57408461474,0.818781564644,0.00208600553144,0.0,0.818739186612,-0.574024455198,-0.0119505666194,0.0,-0.00858765078516,0.00856869587964,-0.999926412145,0.0,0.659554030572,0.258026794996,0.303374513141,1.0,-0.00942,-0.0123805714286,0.472
0.463298580747,0.534927064149,-0.124036378105,-1.37591812723,0.0784096310229,1.9014460555,0.156721365193,-0.00464856589038,-0.0548630446108,5.55569312108e-05,-0.0878481670104,-0.00714574779822,0.0336112456767,-0.00238877260857,0.574119002938,0.818757439749,0.00209098581775,0.0,0.818714959057,-0.574058651212,-0.0119677770073,0.0,-0.00859852351198,0.00858301482063,-0.999926195901,0.0,0.659377170001,0.257796881211,0.303380108544,1.0,-0.00978,-0.0128537142857,0.49
0.463188918867,0.534139156993,-0.124039659766,-1.37721098515,0.0783331510925,1.90191079722,0.156548374484,-0.00773637390729,-0.0605864261826,0.000501460384877,-0.0871911577532,-0.00443003565348,0.0291809035236,-0.0107209986917,0.574119763325,0.818756995153,0.00205600311813,0.0,0.818714016838,-0.574059516332,-0.0119907149017,0.0,-0.00863737984338,0.00856754992481,-0.99992599364,0.0,0.659223240491,0.257598716395,0.303360963427,1.0,-0.01008,-0.013248,0.505
0.463040270172,0.533122198796,-0.124045666102,-1.3788719612,0.0782364079359,1.90254282464,0.156339695431,-0.00645797723795,-0.055739134427,-0.00144231923441,-0.0926794292736,-0.00640569496512,0.0347144925408,-0.0102796241116,0.574139938736,0.818742878296,0.00204374378868,0.0,0.818699734808,-0.574079735554,-0.011997847823,0.0,-0.00865004710642,0.00856182095344,-0.999925933211,0.0,0.659034484205,0.257340661781,0.303342582187,1.0,-0.01046,-0.0137474285714,0.524
0.462903237166,0.532169537105,-0.124040324154,-1.38042441661,0.0781515613737,1.90312004347,0.156149882908,-0.00978845091155,-0.0533847512519,0.00256142041514,-0.091977031166,0.000198345750784,0.0376165901892,-0.0133546574013,0.574155041666,0.818732324033,0.0020289442861,0.0,0.818688857049,-0.574094770328,-0.0120206874539,0.0,-0.00867708613246,0.0085629772484,-0.999925689037,0.0,0.658851679339,0.257107129446,0.303325187613,1.0,-0.0108,-0.0141942857143,0.541
0.462784879745,0.531281597843,-0.124043830447,-1.38184178343,0.0780613090924,1.90363441592,0.155965479217,-0.00930135921629,-0.058771278462,-0.000846695149314,-0.096316555805,-0.00730811082874,0.03897402088,-0.0084661211592,0.574162356122,0.81872725268,0.0020053509473,0.0,0.818683495042,-0.574102201411,-0.0120309675826,0.0,-0.00869897212469,0.00854964102304,-0.999925612994,0.0,0.65867294539,0.256871625744,0.303317531568,1.0,-0.01112,-0.0146148571429,0.557
0.462644180137,0.530181379102,-0.124043493708,-1.38358950603,0.0779524024284,1.90424399036,0.155743392982,-0.0034880244894,-0.0641380496835,0.000430383996824,-0.100471932537,-0.0145003795392,0.0312052803286,-0.0164129897157,0.574155025449,0.818732457946,0.00197887816668,0.0,0.818688304216,-0.574094935783,-0.0120504003357,0.0,-0.00873015803464,0.00853904672505,-0.999925431731,0.0,0.65846776482,0.256629141002,0.303317231252,1.0,-0.01146,-0.0150617142857,0.574
0.462503184297,0.529126683282,-0.124046185248,-1.38523703468,0.077853513374,1.90486051637,0.15551416621,-0.0114282314807,-0.0633531944868,-0.000827972567434,-0.0982987157894,-0.0052806758231,0.0287154188253,-0.0150396164074,0.574147550933,0.818737652363,0.00199831468879,0.0,0.818693744558,-0.574087370936,-0.0120411816151,0.0,-0.00871152926519,0.00854958727609,-0.999925504133,0.0,0.658275602444,0.256378872553,0.303329444498,1.0,-0.0118,-0.0155085714286,0.591
0.462372473588,0.528100660433,-0.124044237355,-1.38684148397,0.0777430809642,1.90547986221,0.15528973334,-0.00603233785995,-0.0610558747557,0.000689251480637,-0.100085365466,-0.00785178000212,0.0430187504413,-0.0167253811464,0.574126738985,0.818752181188,0.00202491568221,0.0,0.818708745482,-0.574066571029,-0.012012868091,0.0,-0.0086732925373,0.00855488966899,-0.999925791176,0.0,0.658089809444,0.256141165558,0.303341798835,1.0,-0.01212,-0.0159291428571,0.607
0.462234104316,0.526946914557,-0.124052204832,-1.38859924266,0.0776397798619,1.90615257597,0.15504840585,-0.0108142459802,-0.0758929021841,-0.00116769062717,-0.099970280988,-0.00628642783335,0.045277755078,-0.0185206444967,0.574115375329,0.818760004382,0.00208277142826,0.0,0.818717345657,-0.574054987511,-0.011980239376,0.0,-0.00861348135394,0.0085834059784,-0.999926063807,0.0,0.657885471871,0.255880917769,0.3033757839,1.0,-0.01246,-0.016376,0.624
0.46208386807,0.525783100186,-0.124055262829,-1.39041012727,0.0775312832236,1.90681920699,0.154807093738,-0.0103855076681,-0.0661317349394,-0.00190684824652,-0.107575727682,-0.0110923487791,0.0358615986602,-0.00534644528464,0.574111367639,0.818762772417,0.0020992746086,0.0,0.818720301831,-0.574050884589,-0.0119748141712,0.0,-0.00859960717303,0.00859376113877,-0.999926094282,0.0,0.65766936774,0.255608339952,0.303390588434,1.0,-0.0128,-0.0168228571429,0.641
0.461935835139,0.524690640707,-0.124055667506,-1.39215956823,0.0774187454734,1.90743890166,0.154572205649,-0.0129128532019,-0.0677817349699,0.000224874934751,-0.112694846285,-8.20003845453e-05,0.043640191691,-0.0167501180934,0.574104159321,0.818767916541,0.00206397531571,0.0,0.818724973297,-0.574043812416,-0.0119944331808,0.0,-0.00863601107653,0.0085760472285,-0.99992593262,0.0,0.657454930122,0.255341334415,0.303380010207,1.0,-0.01312,-0.0172434285714,0.657
0.46178577706,0.523554403952,-0.124064097449,-1.39395497268,0.0773084941197,1.90809097559,0.154322168541,-0.00926607250261,-0.0689331017951,-9.35169003283e-05,-0.116067787099,-0.00254456935855,0.0392208036387,-0.0129022198238,0.574094799574,0.818774511051,0.00205135461828,0.0,0.818731408531,-0.574034512243,-0.0120002641817,0.0,-0.00864812859339,0.00856896269534,-0.999925888629,0.0,0.657223036717,0.255053055266,0.303377753376,1.0,-0.01346,-0.0176902857143,0.674
0.461627963683,0.522272438553,-0.124060370077,-1.39601642384,0.0771763432239,1.90889097288,0.154047409997,-0.00898223698534,-0.0696589708872,0.00110336078399,-0.108058801707,-0.0152595617383,0.0461593485446,-0.012955522831,0.574071489497,0.818790816601,0.00206651818925,0.0,0.818747970892,-0.574011199973,-0.0119853813765,0.0,-0.00862748172472,0.00857258836215,-0.999926035909,0.0,0.656993564653,0.254769550672,0.303370177075,1.0,-0.0138,-0.0181371428571,0.691
0.461472191976,0.52108097536,-0.124071235412,-1.39790475008,0.0770773659042,1.90961163993,0.153800492206,-0.0086304538731,-0.079378632117,-0.00109141119572,-0.121095597741,-0.00203909022777,0.0406442480825,-0.0131331473012,0.574079015259,0.818785477903,0.00209100829536,0.0,0.818742862867,-0.574018534104,-0.011983067699,0.0,-0.00861145009327,0.00859139123335,-0.999926012725,0.0,0.656771042681,0.254485269047,0.30337130613,1.0,-0.01412,-0.0185577142857,0.707
0.461303377649,0.519796122855,-0.124074425562,-1.39994588106,0.0769308717528,1.91035596206,0.153520515665,-0.010275644184,-0.0719682380833,-0.000414783208987,-0.121088206704,-0.00467596216948,0.0443326088911,-0.0160460309953,0.574059266533,0.818799384394,0.00206725038816,0.0,0.818756623077,-0.573999049861,-0.0119762192717,0.0,-0.00861968716406,0.00856779955448,-0.999926144175,0.0,0.65652312554,0.254174036554,0.303366688481,1.0,-0.01446,-0.0190045714286,0.724
0.461129496322,0.518372871409,-0.124075281938,-1.40215181683,0.0767974435895,1.91113565308,0.153223729602,-0.00766567071794,-0.0791544197804,0.00164881423195,-0.126767228391,-0.00485845433009,0.0491261182423,-0.0122345881611,0.574040137151,0.818812797695,0.00206643958375,0.0,0.818769934012,-0.573979835051,-0.0119871186392,0.0,-0.00862927763813,0.00857319088978,-0.999926015246,0.0,0.656246236009,0.253847652307,0.303383379107,1.0,-0.01482,-0.0194777142857,0.742
0.460971448633,0.517163574988,-0.124080407409,-1.40404433398,0.0766656432635,1.91181516257,0.152956881465,-0.0138914148587,-0.0837826788047,-6.81868138987e-05,-0.124347448959,-0.00949710687063,0.045197391474,-0.0156517268403,0.574019085753,0.818827588079,0.00205355627731,0.0,0.818784666871,-0.573958949923,-0.0119808181051,0.0,-0.00863173357527,0.00855880343115,-0.9999261173,0.0,0.656014013202,0.253557088072,0.303390139419,1.0,-0.01512,-0.019872,0.757
0.460778232105,0.515738826699,-0.124083140426,-1.40633021065,0.0765276566517,1.91268965572,0.152645127428,-0.0111982989376,-0.0778070907372,-0.00246280265142,-0.127812235065,-0.00665438587431,0.0549818153314,-0.0197814264047,0.574007740299,0.818835519468,0.00206228910062,0.0,0.818792710251,-0.573947567488,-0.0119764065914,0.0,-0.00862322732375,0.00856330223657,-0.999926152176,0.0,0.655741144994,0.253213196209,0.30337733198,1.0,-0.01548,-0.0203451428571,0.775
0.46058899762,0.51433966741,-0.124085002311,-1.4085647549,0.0763890160002,1.91348498087,0.15233651982,-0.00741959613291,-0.0794199662449,0.000905291067597,-0.133449868402,-0.0080546764535,0.0374872814664,-0.0234936475335,0.5739913691,0.81884708443,0.002026677509,0.0,0.818803749151,-0.573931287055,-0.0120018755608,0.0,-0.00866469400171,0.00854858871445,-0.99992591961,0.0,0.65546190081,0.252872840861,0.303363650492,1.0,-0.01582,-0.020792,0.792
0.460403052836,0.513009691493,-0.124084854888,-1.41069036814,0.0762649891522,1.91423098121,0.152047645969,-0.00664262957756,-0.0878982145054,0.000874945000802,-0.133802561128,-0.00370829170411,0.0471716435142,-0.0186004932446,0.573984920002,0.818851699261,0.00198824769784,0.0,0.818807705774,-0.573924848502,-0.0120397731898,0.0,-0.0087178518221,0.00853880518563,-0.999925541161,0.0,0.655193968045,0.252546910757,0.303348582335,1.0,-0.01614,-0.0212125714286,0.808
0.460205534859,0.511592482501,-0.12409328345,-1.41298607794,0.0761285699212,1.91507703826,0.151719078693,-0.00694874157504,-0.0823869145705,-0.000804158325387,-0.13747494588,-0.01227148493,0.0505653004471,-0.018962387166,0.573969178557,0.818862798561,0.00196114787455,0.0,0.81881840991,-0.57390918555,-0.012058409315,0.0,-0.00874883046053,0.00852714344739,-0.99992537011,0.0,0.654898254468,0.252170680563,0.303320367366,1.0,-0.0165,-0.0216857142857,0.826
0.460001034252,0.51012107173,-0.124090854531,-1.4153088796,0.0759880836723,1.91595907349,0.151383553833,-0.0122001780738,-0.0823568153111,0.000929266950304,-0.136195527476,-0.00290815239177,0.0563970686476,-0.0253456557157,0.573941503236,0.818882138496,0.00198519956982,0.0,0.818838015553,-0.573881362531,-0.0120512624298,0.0,-0.00872946258525,0.00854244101953,-0.99992540881,0.0,0.654631842503,0.251842516806,0.3033231713,1.0,-0.01682,-0.0221062857143,0.842
0.459809378238,0.508686799022,-0.124097208645,-1.41754087202,0.0758429927877,1.91675949678,0.15107525879,-0.0117202200334,-0.0895165635887,0.00113096896541,-0.14224089318,-0.00379177498026,0.0435299815474,-0.0186036204105,0.573927145319,0.818892208633,0.00198227341243,0.0,0.818848077085,-0.573867047995,-0.0120492647441,0.0,-0.00872965570013,0.00853874528711,-0.99992543869,0.0,0.65435365299,0.25149831163,0.303334016336,1.0,-0.01714,-0.0225268571429,0.858
0.459598075698,0.507158786622,-0.124108177185,-1.41993423086,0.0756838502328,1.91762605442,0.150752261473,-0.0116393735432,-0.0968483908194,-0.000114332835987,-0.140260033154,-0.00641462992616,0.047256542801,-0.0202649567838,0.573920862455,0.818896625623,0.00197663454758,0.0,0.818852506701,-0.573860874539,-0.0120422524335,0.0,-0.00872721467848,0.00853003628627,-0.99992553433,0.0,0.654041641,0.251099486683,0.303340313358,1.0,-0.0175,-0.023,0.876
0.459363073033,0.505479315927,-0.124112776927,-1.42254025156,0.0755227559722,1.91861153309,0.150387893285,-0.0132061217579,-0.0946790177502,-0.000124845652868,-0.150862155646,-0.0141767186248,0.0557935538661,-0.0300201472925,0.573912920391,0.818902082408,0.00202141968636,0.0,0.818858575968,-0.573852769355,-0.0120157633349,0.0,-0.00867990344668,0.00855142331347,-0.999925763462,0.0,0.653743430755,0.250720311461,0.303358235663,1.0,-0.01784,-0.0234468571429,0.893
0.45914466399,0.503823298222,-0.124119169524,-1.42501740916,0.0753652385396,1.91956384561,0.150044980407,-0.0132358290993,-0.102116833782,-0.000596647882582,-0.147499218358,-0.0151640197121,0.0576988605142,-0.0219169878575,0.573900548604,0.818910481922,0.0021283355617,0.0,0.818868473094,-0.573840054941,-0.0119483060955,0.0,-0.00856343377982,0.00860013189394,-0.999926349954,0.0,0.653447117376,0.250340872848,0.303418828233,1.0,-0.01818,-0.0238937142857,0.91
0.458924253504,0.502234133982,-0.124124129159,-1.42736341979,0.0752169112762,1.920440304,0.149720905037,-0.0181523763749,-0.106541381541,-0.0011289521935,-0.150672856326,-0.00571065578422,0.0549013021036,-0.0123370981236,0.573899317017,0.818911079534,0.00222814841852,0.0,0.818870421264,-0.573838470198,-0.0118907611164,0.0,-0.00845904160521,0.00864883103442,-0.999926818491,0.0,0.653164063531,0.249972106705,0.303487883928,1.0,-0.0185,-0.0243142857143,0.926
0.458682648619,0.500421115806,-0.124125559256,-1.4300982682,0.075039366501,1.92140058224,0.149338808642,-0.0121538006075,-0.106288089965,-0.00130437448828,-0.155119476861,-0.0139293111451,0.060166942158,-0.0265449671497,0.573876490283,0.818926991859,0.00225893927789,0.0,0.818886709307,-0.573815498191,-0.0118776368696,0.0,-0.00843086538515,0.00866627876407,-0.999926905389,0.0,0.652814962698,0.249549578395,0.303534646488,1.0,-0.01886,-0.0247874285714,0.944
0.458468558657,0.498921977104,-0.124123021648,-1.43241346879,0.0748969769279,1.9222491866,0.149009893724,-0.0123387202683,-0.100479458372,0.000203898666125,-0.155912109169,-0.0123686511367,0.0543628352499,-0.0238914918429,0.573859980344,0.818938481154,0.00228778197513,0.0,0.81889851044,-0.573798810958,-0.0118701745941,0.0,-0.00840837806339,0.00868544663266,-0.999926928428,0.0,0.65252573249,0.249191089302,0.303551822308,1.0,-0.01916,-0.0251817142857,0.959
0.458189560748,0.497158468072,-0.124126597197,-1.43521172881,0.0747249668961,1.92328121544,0.148589662752,-0.0222782014701,-0.101447719453,-0.00153097463663,-0.152551284008,-0.0118208092669,0.0538568511357,-0.0252673411829,0.573842436816,0.818950784334,0.00228417384825,0.0,0.818910714645,-0.573781230163,-0.0118780576724,0.0,-0.00841709062166,0.00868683524629,-0.999926843063,0.0,0.652181429676,0.248740641694,0.303539004423,1.0,-0.01952,-0.0256548571429,0.977
0.4579376048,0.495582739009,-0.124125971296,-1.43775600653,0.0745653688395,1.92415107878,0.148217797201,-0.015717476303,-0.0988895673441,-0.00067274548789,-0.163275392001,-0.00628379692548,0.0516904349049,-0.0257913488205,0.573828831857,0.818960545984,0.00220062561955,0.0,0.81891923727,-0.573767807188,-0.0119387254417,0.0,-0.00851486090733,0.00865308612665,-0.999926307907,0.0,0.651851597217,0.248329219635,0.303501409566,1.0,-0.01984,-0.0260754285714,0.993
0.457678466632,0.493990422226,-0.124132203663,-1.44036373526,0.074400753088,1.92507977961,0.147854419952,-0.0190151760768,-0.10347303317,-0.000882589148102,-0.170224982529,-0.012284520851,0.0611714940517,-0.0278797133829,0.573834616749,0.818956698289,0.00212269861183,0.0,0.818914309399,-0.573773847156,-0.0119863706896,0.0,-0.00859853516398,0.00861666859619,-0.999925906363,0.0,0.651521011431,0.247905049737,0.303449974993,1.0,-0.0228371428571,-0.0300145306122,1.009
0.457396052276,0.49184067548,-0.124202864587,-1.44370369229,0.0742026170754,1.92633119697,0.14737544332,-0.0197926225685,-0.140993195305,-0.00098355888804,-0.217267609674,-0.0136309906621,0.0814974362708,-0.0267405812475,0.573846343314,0.818948374043,0.00216375091394,0.0,0.818906701892,-0.573785585455,-0.0119441375145,0.0,-0.00854026733855,0.00862617584202,-0.999926323748,0.0,0.651083131252,0.247330723084,0.303466145926,1.0,-0.0292657142857,-0.0384635102041,1.027
0.456982088472,0.489053051015,-0.124209798134,-1.44817724967,0.0739599879321,1.92794567745,0.146723900398,-0.0238745684134,-0.165991618937,-0.000570491292764,-0.266603804028,-0.0138370665968,0.0898885920995,-0.0327962357889,0.573807311238,0.818975840518,0.00211875426121,0.0,0.818933159725,-0.573746320834,-0.0120160780844,0.0,-0.00862541625275,0.00863019773708,-0.99992555817,0.0,0.650535066775,0.24666838879,0.303416797743,1.0,-0.0353371428571,-0.0464431020408,1.044
0.45650663855,0.486030084553,-0.124259963078,-1.45290037858,0.0736726369244,1.92974153314,0.146028879806,-0.0284422064876,-0.20274473183,-0.0110973186538,-0.305497911727,-0.0228220302345,0.117987259261,-0.0424227754689,0.57382056713,0.818966367217,0.00218929383076,0.0,0.81892476435,-0.573759441134,-0.011961644753,0.0,-0.0085402211702,0.00865687138202,-0.999926058866,0.0,0.649962917782,0.245885353636,0.303426172835,1.0,-0.0410514285714,-0.0539533061224,1.06
0.455937258281,0.482348828383,-0.124357576731,-1.4586459525,0.0733175352305,1.93177667163,0.145136781053,-0.0357273428813,-0.223718072001,-0.00805562458678,-0.363761928926,-0.0201408780023,0.118997908025,-0.053615476347,0.57381296572,0.818971801536,0.00214838571466,0.0,0.818929818096,-0.573752163224,-0.0119647452917,0.0,-0.00856631298334,0.00862506916176,-0.999926110502,0.0,0.649237970783,0.244907148533,0.303425533939,1.0,-0.0471228571429,-0.0619328979592,1.077
0.455252336386,0.478119185873,-0.124430004183,-1.4652506924,0.0729276855613,1.93411026126,0.144173239948,-0.0420080515048,-0.264641479408,-0.00485926391389,-0.403048436815,-0.0179263132449,0.142342782825,-0.0537450475749,0.573853672152,0.818943368456,0.00211402944114,0.0,0.818900748589,-0.573792818338,-0.0120046859599,0.0,-0.00861830897531,0.00862027938007,-0.999925705007,0.0,0.648393749405,0.243789646933,0.303417764337,1.0,-0.0531942857143,-0.0699124897959,1.094
0.454525803604,0.473666177961,-0.124504619753,-1.47208536767,0.0725178696473,1.93661759751,0.143187763946,-0.0543070656949,-0.286452478408,-0.00147975453199,-0.439643489854,-0.0312388944641,0.156697555444,-0.0655483434535,0.573915112835,0.818900041151,0.00221647539171,0.0,0.818858771549,-0.573853842381,-0.0119510143274,0.0,-0.00851491714298,0.0086740150543,-0.999926126096,0.0,0.647537128114,0.242628968564,0.303465738146,1.0,-0.0589085714286,-0.0774226938775,1.11
0.453660350823,0.468474396502,-0.124542408467,-1.47997511931,0.0720384704642,1.93952279119,0.141950942501,-0.0532396311957,-0.315078935531,-0.00503945042904,-0.463379702008,-0.0353605651703,0.188701862176,-0.0835228307415,0.573885529795,0.81892026318,0.00239752945923,0.0,0.818881221446,-0.573823407128,-0.0118738997472,0.0,-0.00834817931124,0.00877772009746,-0.999926627074,0.0,0.646537553785,0.241302011168,0.303550069695,1.0,-0.06498,-0.0854022857143,1.127
0.45264690861,0.46243810885,-0.124568159478,-1.48923158344,0.0714481475706,1.94281344353,0.140499897682,-0.059639094887,-0.345045257139,-0.00043019301171,-0.538641588321,-0.0283626204851,0.178743181032,-0.0780460745622,0.573820882369,0.818965385658,0.00245742791904,0.0,0.818926902961,-0.573758302718,-0.0118694806305,0.0,-0.00831088412048,0.00882357956487,-0.999926534126,0.0,0.645322494308,0.239746801596,0.30359247776,1.0,-0.0714085714286,-0.0938512653061,1.145
0.451702610932,0.457019633807,-0.124619700771,-1.49765296745,0.0708848171808,1.94564516404,0.139259310316,-0.0618220808807,-0.373336685964,-0.00223087520732,-0.579919364756,-0.0354950337072,0.200863181055,-0.0881155572613,0.573851679105,0.818944269234,0.00229808155332,0.0,0.818903538209,-0.573789546308,-0.0119707375395,0.0,-0.00848491509553,0.00875150344584,-0.999925705942,0.0,0.64418219469,0.238287628969,0.303560224901,1.0,-0.0767657142857,-0.100892081633,1.16
0.450415022685,0.449562725258,-0.124706444177,-1.50881896592,0.0701151314167,1.94979145653,0.13745784031,-0.0683914995806,-0.407292491606,-0.00568414779088,-0.607299998761,-0.0386358572471,0.233184020245,-0.0935558708189,0.57379386871,0.81898379379,0.00262462221791,0.0,0.818948046328,-0.573731276544,-0.0117160843061,0.0,-0.00808961106792,0.00887221739551,-0.999927918378,0.0,0.642750229163,0.236347504097,0.3037270291,1.0,-0.0835514285714,-0.10981044898,1.179
0.449144876434,0.442514137179,-0.124727507314,-1.519568248,0.0694252563739,1.95357219625,0.135821869739,-0.0764798636646,-0.418548909538,-0.00227035128551,-0.648716622073,-0.0381694336652,0.217964615814,-0.106593673735,0.573803532625,0.818976779615,0.00269949984652,0.0,0.81894161259,-0.573740239402,-0.0117268819626,0.0,-0.00805538742764,0.00893983117377,-0.999927592455,0.0,0.641295909674,0.234493513393,0.30376659438,1.0,-0.0896228571428,-0.117790040816,1.196
0.447855610534,0.435494945548,-0.124758203831,-1.53042266382,0.0686772983555,1.95724972552,0.134073370357,-0.0875243614161,-0.45802107133,-0.00247328391306,-0.671267455559,-0.0420894418304,0.242228427023,-0.115749214626,0.573721184222,0.819034947757,0.00255029977235,0.0,0.818997583005,-0.573658166083,-0.0118327688947,0.0,-0.00822860938935,0.00887757045312,-0.999926736681,0.0,0.639781853339,0.232597506099,0.303715872134,1.0,-0.0953371428571,-0.125300244898,1.212
0.446367614842,0.427595096461,-0.124791833561,-1.54240228825,0.0678410393615,1.96153809993,0.132115451651,-0.0910266067321,-0.465039659725,-0.00164764297872,-0.730565751251,-0.0608789998568,0.243776995458,-0.112965762187,0.573647519158,0.819086069894,0.00269829021337,0.0,0.819050837963,-0.57358419576,-0.0117320973002,0.0,-0.00806205606681,0.00894029749953,-0.999927534541,0.0,0.638152242954,0.230483238694,0.3037694912,1.0,-0.101408571429,-0.133279836735,1.229
0.444316558339,0.417261857659,-0.124924577781,-1.55812224662,0.0667086109723,1.96685917793,0.129552093736,-0.102218293073,-0.510662128221,-0.0113069890682,-0.749892249271,-0.0491340113028,0.271603864244,-0.11418816955,0.573672572522,0.819068883084,0.00258673575436,0.0,0.819032494487,-0.573609969889,-0.0117525452127,0.0,-0.00814252343142,0.0088609040832,-0.999927589224,0.0,0.63595538724,0.227577235703,0.303770445619,1.0,-0.108908571429,-0.143136979592,1.25
0.443074073175,0.411055663668,-0.124989127663,-1.56745348389,0.0660671749843,1.9701991163,0.127977731762,-0.101808565276,-0.516062027568,-0.00542645928799,-0.77168776846,-0.0469617721676,0.273464568287,-0.139501367177,0.573655981101,0.819079970848,0.0027502007532,0.0,0.819045859919,-0.573592973435,-0.0116501963852,0.0,-0.00796510004081,0.0089359174223,-0.999928350714,0.0,0.63466975438,0.225866617317,0.30382272593,1.0,-0.113194285714,-0.148769632653,1.262
0.440757594734,0.400354004672,-0.125084723981,-1.58375126978,0.0649689884745,1.97561003082,0.12525234858,-0.117883954893,-0.54781936558,-0.00579269946176,-0.783814795248,-0.0596522533241,0.286618391351,-0.142093348983,0.573743005373,0.81901950279,0.00260091072736,0.0,0.818982633182,-0.573679617407,-0.0118275111141,0.0,-0.00819503058069,0.00891622415382,-0.999926668522,0.0,0.632325681958,0.22278124185,0.303762169795,1.0,-0.120337142857,-0.158157387755,1.282
0.439039552823,0.392435087289,-0.125196244714,-1.59546878632,0.0640700539922,1.97972205063,0.12323974079,-0.127709060912,-0.556425803021,-0.00827149991971,-0.848009115283,-0.0703234813278,0.286035375936,-0.144115704497,0.573789811014,0.818986061052,0.00279847819743,0.0,0.818952635795,-0.57372668895,-0.0116195358123,0.0,-0.00791082854379,0.00895916484546,-0.999928573528,0.0,0.630686630385,0.220512264713,0.303870910794,1.0,-0.125337142857,-0.164728816327,1.296
0.436559593751,0.381378344988,-0.12528972215,-1.61206992326,0.0628197588695,1.98517190953,0.120288894636,-0.136764771782,-0.608269174717,-0.00508044136798,-0.883615164029,-0.0742110537331,0.309936873913,-0.159414075263,0.573750492007,0.819014029419,0.00267197274856,0.0,0.818978958653,-0.573687805707,-0.011683910624,0.0,-0.00803656326522,0.00889211012891,-0.999928169434,0.0,0.628236364839,0.217297984165,0.303856307645,1.0,-0.132122857143,-0.173647183673,1.315
0.434616424009,0.37294604307,-0.125362869799,-1.62460695124,0.0619290822276,1.98943047637,0.118047213986,-0.14151911022,-0.598126459252,-0.00202966726252,-0.897780906093,-0.0674111876003,0.307447752212,-0.163105541201,0.573773649386,0.818997400312,0.00279364538801,0.0,0.818963707505,-0.573710314002,-0.0116476735228,0.0,-0.00793682397052,0.00897119505174,-0.999928259669,0.0,0.626396623902,0.214852758328,0.303891917856,1.0,-0.137122857143,-0.180218612245,1.329
0.432092660084,0.362343185535,-0.125492892168,-1.6402800221,0.0607069883999,1.99462714133,0.115304163682,-0.151673089462,-0.64166592284,-0.00518999354233,-0.919414881859,-0.0762929674863,0.316004745082,-0.168958227128,0.573902888654,0.818906701178,0.00283479468053,0.0,0.81887401333,-0.573839934537,-0.0115683501323,0.0,-0.00784683212684,0.00896062177463,-0.999929064726,0.0,0.624064496769,0.211703815744,0.303941157383,1.0,-0.143194285714,-0.188198204082,1.346
0.429577143101,0.352135379473,-0.125590036774,-1.65560650774,0.0595536112339,1.99954140534,0.112435739137,-0.160108751097,-0.647736617345,-0.00505882324732,-0.992700462354,-0.0705746863958,0.311389545337,-0.179785200965,0.57388741934,0.818918188497,0.00264147181239,0.0,0.818882535945,-0.573824618836,-0.0117237384834,0.0,-0.00808519679045,0.00889133234534,-0.999927784293,0.0,0.621703525468,0.208622031282,0.303841794552,1.0,-0.148908571429,-0.195708408163,1.362
0.426541084751,0.340105474982,-0.125723431734,-1.67305668209,0.0582315971135,2.00526416929,0.109145823179,-0.168964432711,-0.676022782498,-0.00831069797959,-0.969042762956,-0.0815944131753,0.331720098274,-0.188167239621,0.573982300665,0.818850917017,0.0028707360236,0.0,0.818818209784,-0.573918662158,-0.0116127280752,0.0,-0.00786167541695,0.0090162849006,-0.999928447773,0.0,0.619039077451,0.205023258112,0.303972531188,1.0,-0.155337142857,-0.204157387755,1.38
0.423564318905,0.328565799951,-0.125752323647,-1.69004899971,0.0568275260443,2.01064043203,0.105826647962,-0.178684494202,-0.692687450362,-0.000435457920063,-0.987672149416,-0.0890425439691,0.322329302902,-0.200302318458,0.573853001656,0.818941951474,0.00274945607363,0.0,0.81890767181,-0.57378979289,-0.0116724259271,0.0,-0.00798158310629,0.00894997964169,-0.999928093512,0.0,0.616334350267,0.201556407261,0.303931799641,1.0,-0.161408571429,-0.212136979592,1.397
