position_joint1,position_joint2,position_joint3,position_joint4,position_joint5,position_joint6,position_joint7,velocity_joint1,velocity_joint2,velocity_joint3,velocity_joint4,velocity_joint5,velocity_joint6,velocity_joint7,ee_T_00,ee_T_10,ee_T_20,ee_T_30,ee_T_01,ee_T_11,ee_T_21,ee_T_31,ee_T_02,ee_T_12,ee_T_22,ee_T_32,ee_T_03,ee_T_13,ee_T_23,ee_T_33,v_x,v_y,time
0.465032220728,0.547884703017,-0.12402508854,-1.35591563393,0.0794724964592,1.89409161991,0.159161581417,0.000726906206846,0.00018167651472,0.00146582219191,-0.0010694782016,0.000140329569111,-0.0002073024782,0.00091120155961,0.573864537712,0.818936605734,0.00175358090482,0.0,0.818891240535,-0.573807117642,-0.0119697460703,0.0,-0.008796415372,0.00830516473782,-0.99992682098,0.0,0.661674333023,0.260825596652,0.303102107402,1.0,0.0,0.0,0.0
0.465027300179,0.547886228342,-0.124025193583,-1.35591310275,0.0794732467728,1.89409231325,0.159157361433,-0.000574843189113,0.000110453492044,0.000317407834773,7.61405909803e-05,8.02039616791e-05,4.51985282928e-05,-0.000633627642219,0.573865253491,0.818936100425,0.00175532261531,0.0,0.818890754918,-0.573807822949,-0.0119691575797,0.0,-0.00879492671481,0.00830626103137,-0.999926824969,0.0,0.661676276954,0.260822729525,0.303102296523,1.0,-0.0003,-0.000394285714286,0.016
0.465026496788,0.547873796004,-0.124025117763,-1.35592478061,0.0794724964412,1.89409150238,0.159162055323,-0.00121338386806,-0.00212622977003,0.000342834306395,-0.00233267948975,4.85601656716e-05,2.2582807477e-05,0.00115533698604,0.573870113449,0.818932694342,0.00175554246374,0.0,0.818887345495,-0.573812675503,-0.0119697836452,0.0,-0.00879526398924,0.00830685253911,-0.999926817088,0.0,0.661674001527,0.26082084262,0.303105471591,1.0,-0.00064,-0.000841142857143,0.033
0.465027953432,0.547843639734,-0.12402545263,-1.35594981268,0.0794715306693,1.89409071367,0.159157361378,0.000574095859343,-0.00112086311009,0.000347106228273,-0.0028268193931,-0.000231591868842,-0.00041544116773,-0.000123418090817,0.57386680573,0.818934980255,0.00177039458584,0.0,0.818889806727,-0.573809286717,-0.0119638546267,0.0,-0.0087819192771,0.00831557721968,-0.99992686186,0.0,0.66166958515,0.260821652716,0.30312042209,1.0,-0.00098,-0.001288,0.05
0.465031132794,0.547730861919,-0.124025796957,-1.35607479456,0.0794684617297,1.8941235218,0.159149738865,-0.000443033384534,-0.00528138290041,0.000589981236263,-0.0100639617098,1.85856377836e-05,0.000292623149375,-0.00558718297188,0.573863801196,0.818937061501,0.00178153817663,0.0,0.818891976219,-0.57380618048,-0.0119643398641,0.0,-0.00877595267892,0.00832494915247,-0.999926836262,0.0,0.661648954416,0.260809116393,0.303138124423,1.0,-0.00132,-0.00173485714286,0.067
0.465022577341,0.547599230508,-0.124020271105,-1.35626817674,0.0794686727442,1.89416237669,0.159152450972,-0.00101967835994,-0.0131254811757,0.00145381289107,-0.0152745601153,-0.000410879190573,0.00116255980621,0.000532530784352,0.573879812728,0.818925863918,0.00177111569521,0.0,0.818880459972,-0.573822061978,-0.0119908450309,0.0,-0.00880347736002,0.00833179634883,-0.99992653728,0.0,0.661616788695,0.260788097067,0.303142523768,1.0,-0.00164,-0.00215542857143,0.083
0.465007431114,0.547445071908,-0.124025823375,-1.35645960928,0.079462974693,1.89425801445,0.159141038905,-0.000629478365317,-0.00580472429275,-0.00196390940364,-0.0110882950613,0.000320309876948,0.00779344856237,-0.00228716655386,0.573896089819,0.818914344857,0.00182230084922,0.0,0.81886961678,-0.573838124301,-0.0119626382409,0.0,-0.00875083883731,0.00835769902001,-0.999926783163,0.0,0.661601592428,0.260759748423,0.303169088519,1.0,-0.00196,-0.002576,0.099
0.464990257918,0.547229401709,-0.124023672143,-1.35670358696,0.0794596953765,1.89439764322,0.159124844823,-0.000210062064253,-0.0123229360908,-0.000147626738418,-0.0115616693086,-0.000976092289169,0.0137933753145,0.00389835515671,0.573908432411,0.818905464029,0.00192330237527,0.0,0.818862002973,-0.573849991245,-0.0119144674896,0.0,-0.00865330207986,0.00841289456957,-0.999927169132,0.0,0.661583368806,0.260732477626,0.303217777168,1.0,-0.00234,-0.00307542857143,0.118
0.464964085727,0.547029989812,-0.124023292068,-1.35697891064,0.079458248416,1.89452216946,0.159114523136,-0.00468385584504,-0.0120983617019,0.00110053131334,-0.0145554641364,0.000373580303308,0.0119947724189,-0.000715537775606,0.573936298204,0.818885817392,0.00197245522387,0.0,0.818842887644,-0.573877543461,-0.0119011498273,0.0,-0.00861390089006,0.00844579541526,-0.999927231978,0.0,0.661557139601,0.260693550891,0.303238774382,1.0,-0.00266,-0.003496,0.134
0.464935599583,0.546812001843,-0.124020508328,-1.35731964818,0.0794463478492,1.89464071846,0.15908219136,-0.000617775974998,-0.0146539609939,0.00200396663292,-0.0179712359174,-0.00315047788601,0.0093427443094,0.000763597380096,0.573947069495,0.818878263398,0.00197434903211,0.0,0.818835253197,-0.573888202533,-0.0119124312183,0.0,-0.00862194137077,0.00845393434235,-0.999927093903,0.0,0.661515814231,0.260644854271,0.30324116732,1.0,-0.00298,-0.00391657142857,0.15
0.464901216594,0.546544862423,-0.124025432023,-1.35770914472,0.0794376909295,1.89479471104,0.158940384417,-0.00312277588094,-0.0203152349599,0.000889235180318,-0.026775426922,0.000109971967981,0.0102091649775,-0.0104276222134,0.573886080117,0.818920928093,0.00200685825473,0.0,0.818878210843,-0.573826958118,-0.0119098633692,0.0,-0.00860181260765,0.008478440537,-0.999927059773,0.0,0.661472234423,0.260579661128,0.303256479934,1.0,-0.00332,-0.00436342857143,0.167
0.46484907378,0.546225744721,-0.124030435536,-1.35824710754,0.0794179274129,1.89497860427,0.158920771177,-0.00164838497205,-0.0164155938269,-0.00115142449825,-0.0273517920285,0.000312492542018,0.0139297406239,-0.00130377619417,0.57393701078,0.818885289252,0.00198433989716,0.0,0.818842189707,-0.573877888255,-0.0119325030201,0.0,-0.00863274860454,0.00847352948272,-0.999926834798,0.0,0.661412211381,0.26049781473,0.303244515954,1.0,-0.00368,-0.00483657142857,0.185
0.464804312973,0.545946133,-0.124023374609,-1.35874537889,0.0793802170621,1.89513707017,0.158861917765,0.00012491225265,-0.0144017137491,-0.000379284841336,-0.0343294146444,-0.00477223402583,0.0132276377039,-0.00746775641204,0.573938264103,0.818884540092,0.00193025853019,0.0,0.818840727,-0.573879359698,-0.011962074218,0.0,-0.0086879893859,0.00844622902597,-0.999926587333,0.0,0.661348908084,0.260421463018,0.303218803475,1.0,-0.00398,-0.00523085714286,0.2
0.464737581523,0.545584211096,-0.124022677664,-1.35936335639,0.0792960055754,1.89534888456,0.158766239041,-0.00272052132904,-0.0199376976348,0.0010601979922,-0.0338977577008,-0.000975632506814,0.0166925828713,-6.59850823624e-05,0.573926156639,0.818893173608,0.00186650587769,0.0,0.818848926999,-0.573867908168,-0.0119501309309,0.0,-0.00871492060868,0.00838704052823,-0.99992685118,0.0,0.661280652713,0.260309866306,0.303199129092,1.0,-0.00432,-0.00567771428571,0.217
0.464666229586,0.545156486205,-0.124028991406,-1.36009007282,0.0792822638538,1.8955854171,0.158694437235,-0.0021301188507,-0.0216603598285,4.7040614859e-06,-0.0387088385502,-0.000258908929587,0.0175019323034,-0.0108954119496,0.57396696499,0.818864658019,0.00182807255972,0.0,0.818819613623,-0.573908591909,-0.0120048065415,0.0,-0.00878133432245,0.00838738552611,-0.999926267248,0.0,0.661192855781,0.260192204749,0.303176760829,1.0,-0.00468,-0.00615085714286,0.235
0.464597304306,0.544721729965,-0.124034693821,-1.36080482858,0.0792590658185,1.89583225053,0.158584310251,-0.00273590277631,-0.0244976913639,-0.000838852768685,-0.0392087807463,-0.000122985482574,0.00832552075697,-0.0102343566775,0.573970846141,0.818861979023,0.0018094173822,0.0,0.818816501108,-0.573912372649,-0.012036317308,0.0,-0.00881780535812,0.0083902375777,-0.999925922367,0.0,0.661109719603,0.260077191705,0.303165876771,1.0,-0.00502,-0.00659771428571,0.252
0.464528049316,0.544247622402,-0.12403762382,-1.36158462617,0.079222650934,1.89611522437,0.158510197995,-0.00592969782358,-0.0263552599564,-0.000119367405544,-0.0477070332984,-0.00319935468632,0.0194193050685,-0.00723355393314,0.574002711324,0.818839676324,0.00179409326715,0.0,0.81879389966,-0.573944207511,-0.0120558469191,0.0,-0.00884226659164,0.00838924296035,-0.999925714703,0.0,0.661019960475,0.259956681785,0.303154864432,1.0,-0.00536,-0.00704457142857,0.269
0.46445441632,0.543768700425,-0.124030034844,-1.36236330728,0.079179075227,1.89638110987,0.158410840201,-0.00330424523276,-0.0312856335125,0.0034507003435,-0.0514566238017,-0.000585150756943,0.0148620971298,-0.00170867990042,0.574007983791,0.818836034848,0.001769033546,0.0,0.818789818885,-0.57394948447,-0.0120817494219,0.0,-0.00887780682423,0.00838364869429,-0.999925446711,0.0,0.660926193846,0.259837255756,0.303145896014,1.0,-0.00568,-0.00746514285714,0.285
0.46438713213,0.543255999223,-0.124038568747,-1.36316641847,0.0791297197421,1.89666035149,0.158294020284,-0.00528432889568,-0.0302193600942,0.00125815062401,-0.0555259282366,-0.00442216623384,0.0250644793298,-0.0110818533946,0.574004827418,0.818838272355,0.00175747806132,0.0,0.818791923557,-0.573946397173,-0.0120857764126,0.0,-0.00888776919345,0.00837646411925,-0.999925418423,0.0,0.660832622175,0.259710210569,0.303150822371,1.0,-0.006,-0.00788571428571,0.301
0.464303140502,0.542647621076,-0.124044376774,-1.3641178333,0.0790776897503,1.89700897689,0.158180700367,-0.00759938084054,-0.0299630734328,-0.000969693794523,-0.0555520414094,-0.00309287152993,0.0177353503601,-0.00661401365162,0.574023901283,0.818824888492,0.00176341805325,0.0,0.818778583584,-0.573965410343,-0.0120865915413,0.0,-0.00888483206505,0.00838200274519,-0.999925398112,0.0,0.660724974869,0.259561639721,0.303158706925,1.0,-0.00636,-0.00835885714286,0.319
0.464227411075,0.542078543766,-0.124044974416,-1.36499709415,0.0790245008121,1.89733978608,0.158071021302,-0.00207602377472,-0.036803119063,-0.000550609405597,-0.0592149839539,-0.0039588945523,0.01553923119,-0.0112133621342,0.574031212005,0.81881972679,0.00178032708674,0.0,0.818773646686,-0.573972648488,-0.0120773002889,0.0,-0.0088674433955,0.0083905937686,-0.999925480415,0.0,0.660625954041,0.259428209147,0.30317133543,1.0,-0.00668,-0.00877942857143,0.335
0.464155957766,0.541471274508,-0.124049857888,-1.36591615703,0.078966047641,1.89767965808,0.157936304469,-0.00018072511584,-0.0369361509251,-0.00127766498477,-0.0598854350145,-0.0026879777052,0.0192950242067,-0.0125016539935,0.574018209678,0.818828794948,0.00180178340497,0.0,0.818783038248,-0.573959593623,-0.0120610143483,0.0,-0.00884192520825,0.00839867325422,-0.999925638558,0.0,0.660520593231,0.259290668664,0.303192865166,1.0,-0.007,-0.0092,0.351
0.464062696475,0.540746333412,-0.124050914535,-1.36704181324,0.0789103969623,1.89808984281,0.157796820153,-0.0030504565084,-0.0379668950876,-0.00132313955468,-0.0587679280991,-0.00261761489315,0.018424599812,-0.0111384441093,0.574028605379,0.818821475196,0.00181627788877,0.0,0.81877577817,-0.573969800765,-0.0120681313243,0.0,-0.00883932662028,0.00841473894516,-0.999925526464,0.0,0.660389104203,0.259123191974,0.303205153611,1.0,-0.00736,-0.00967314285714,0.369
0.463975236266,0.540012975423,-0.124053530636,-1.3681465531,0.0788362660993,1.89851179192,0.157674042558,-0.00192062457356,-0.0448202723633,-0.000707746870119,-0.0634359786584,-0.00358376899491,0.0237836695183,-0.00556544405878,0.574042925124,0.818811351417,0.00185413248401,0.0,0.81876624246,-0.573984042233,-0.0120377061951,0.0,-0.00879253730314,0.00842842343623,-0.999925823732,0.0,0.660264691761,0.258959059998,0.303234258389,1.0,-0.0077,-0.01012,0.386
0.463873605967,0.53930754443,-0.124048208612,-1.36924014267,0.0787719145316,1.89892757421,0.15753263095,-0.00745561830958,-0.0497566239506,0.00175175664781,-0.0721368444265,-0.00298576707241,0.030080052985,-0.00249371714253,0.574049955592,0.818806365449,0.00187917155928,0.0,0.818761545049,-0.573990926217,-0.0120289596683,0.0,-0.00877093018985,0.00844397974544,-0.999925882248,0.0,0.660141980311,0.25879230218,0.303248047405,1.0,-0.00802,-0.0105405714286,0.402
0.463770821959,0.538550215926,-0.124057069046,-1.370435301,0.0787094217602,1.89938640864,0.157383028348,-0.00898672584333,-0.040137138903,-0.000294869471636,-0.0738382542097,-0.00749452580301,0.0331054694042,-0.0115187255263,0.574067273297,0.818794178678,0.0018988401063,0.0,0.818749580668,-0.574008123602,-0.0120226908907,0.0,-0.00875432821483,0.0084566707352,-0.999925920485,0.0,0.66000893404,0.258608409102,0.303254255539,1.0,-0.00836,-0.0109874285714,0.419
0.463657550209,0.537764375367,-0.124055183578,-1.37166571828,0.0786445971413,1.89986019565,0.157239165328,-0.00766565438808,-0.0456840748682,0.0003926101704,-0.0736928723128,-0.00177575336588,0.025721095973,-0.0115400628017,0.574091555913,0.818777085206,0.00192797079793,0.0,0.818732784319,-0.574032197361,-0.0120171201404,0.0,-0.00873279342085,0.00847758331819,-0.999925931707,0.0,0.659871583607,0.258420669011,0.30326462893,1.0,-0.0087,-0.0114342857143,0.436
0.463556348851,0.536978346753,-0.124065856903,-1.37289661915,0.0785705435008,1.9003107712,0.157083445522,-0.00457908718481,-0.0517521712875,-0.000428521426647,-0.0734516984195,-0.00690101237754,0.0202607781232,-0.0139448110526,0.574102345571,0.818769514849,0.00193009484812,0.0,0.818725271662,-0.574043005676,-0.0120126632289,0.0,-0.00872781303353,0.00847687877129,-0.999925981164,0.0,0.659729489351,0.258230503799,0.303273145833,1.0,-0.00902,-0.0118548571429,0.452
0.463435525249,0.536079898037,-0.124072065334,-1.37430279205,0.078493032234,1.90084234307,0.156906685707,-0.000674268653034,-0.0508969317138,-0.00242563070812,-0.0772346977751,-0.00734545514722,0.0281914445902,-0.0167786240837,0.574117564462,0.818758791669,0.00195195844865,0.0,0.818714796449,-0.574058092847,-0.0120056242457,0.0,-0.00870934053808,0.00849090049189,-0.999926023262,0.0,0.659569797466,0.258015599788,0.303284334506,1.0,-0.00938,-0.012328,0.47
0.463317039511,0.535231677671,-0.12407122372,-1.37563499293,0.0784134023851,1.90131550841,0.156750900206,-0.00367529510756,-0.0561476944458,0.00171917219973,-0.0823135815242,-0.00222563034812,0.025277950412,-0.00790618140038,0.574138091747,0.818744417496,0.00194353409007,0.0,0.818700256445,-0.574078599139,-0.0120166138824,0.0,-0.00872296214964,0.00849053109066,-0.999925907662,0.0,0.659411868362,0.257810176663,0.303289802146,1.0,-0.0097,-0.0127485714286,0.486
0.463195620197,0.534386967575,-0.124074080478,-1.37702384456,0.0783403001083,1.90182486814,0.156578688008,-0.0108663644927,-0.0520808343352,0.00190670549175,-0.0940691914692,-0.00282805763752,0.0343456528887,-0.0131620291371,0.574155104413,0.818732548265,0.00191765192035,0.0,0.81868793455,-0.574095609704,-0.0120434065888,0.0,-0.00875958206694,0.00848490521807,-0.999925635288,0.0,0.659248812147,0.2575974168,0.303268968068,1.0,-0.01002,-0.0131691428571,0.502
0.463066905022,0.533411905463,-0.124080047292,-1.37859020244,0.0782481048522,1.90240912633,0.156382298051,-0.00233297479334,-0.0518280095442,0.000476607257818,-0.0827741265529,-0.00172096984237,0.0372795890662,-0.0112611181644,0.574164948791,0.818725662266,0.00191008597739,0.0,0.818680939719,-0.574105475944,-0.0120485822105,0.0,-0.00876806144282,0.00848178787149,-0.999925587418,0.0,0.659066112187,0.257360700229,0.303261983043,1.0,-0.01038,-0.0136422857143,0.52
0.462931774307,0.532463866876,-0.124080156917,-1.3801457602,0.0781564165834,1.90298968924,0.156189146318,-0.0106697369132,-0.0560375001408,-0.000920645970502,-0.0929322259117,-0.00293251794079,0.0227030765765,-0.0111259187766,0.574177980339,0.818716578272,0.00188633453161,0.0,0.818671504371,-0.574118569644,-0.0120657706866,0.0,-0.00879563615082,0.00847235129181,-0.999925425243,0.0,0.658884332327,0.257123937867,0.303240377599,1.0,-0.01072,-0.0140891428571,0.537
0.462802297874,0.53153257044,-0.124082881784,-1.38162599427,0.0780737446975,1.90352522342,0.156005019238,-0.0113196125494,-0.0623829437315,-0.00152569047644,-0.0931222785319,-0.00769403696381,0.0346020221157,-0.0110966944847,0.574193604425,0.818705640655,0.00187763122714,0.0,0.818660363626,-0.574134143883,-0.0120805942064,0.0,-0.00881260809215,0.00847390534307,-0.999925262641,0.0,0.6587089313,0.256896539469,0.303238794893,1.0,-0.01104,-0.0145097142857,0.553
0.462661277883,0.53052356235,-0.12408332396,-1.38326961091,0.0779717517579,1.90409624687,0.15579511988,-0.0105189053799,-0.0646383352776,-0.000965937678279,-0.0922074767717,-0.00325930641538,0.0359795285258,-0.0177133849743,0.574199334151,0.818701748004,0.00182191598517,0.0,0.818655683896,-0.57414006358,-0.0121163326684,0.0,-0.00887379862358,0.00844887469442,-0.99992493329,0.0,0.658507597604,0.256643817363,0.303217004684,1.0,-0.01138,-0.0149565714286,0.57
0.462518193986,0.529476041612,-0.124083561273,-1.38491043053,0.0778619147525,1.9047178641,0.155569256912,-0.0157683272412,-0.0624511613922,-0.00385077759735,-0.0981109877298,-0.00210671518955,0.0366370373543,-0.0119289923275,0.574191349959,0.818707309054,0.00183919435111,0.0,0.818661566065,-0.574132094284,-0.0120965061849,0.0,-0.00884772786918,0.0084515496624,-0.999925141708,0.0,0.6583184968,0.256392877407,0.303227786156,1.0,-0.01172,-0.0154034285714,0.587
0.46238542747,0.528434755075,-0.124081237636,-1.38651032241,0.0777740057817,1.90532340469,0.155351991486,-0.00716583692694,-0.0647727167799,0.0015471548639,-0.105421921708,-0.00151087231484,0.0369659143763,-0.0141571925014,0.574183677938,0.818712587179,0.00188427312155,0.0,0.818667336658,-0.574124131441,-0.0120838936742,0.0,-0.00881159883445,0.00848113065965,-0.999925210278,0.0,0.658130709205,0.256157464553,0.303251956404,1.0,-0.01204,-0.015824,0.603
0.46223774459,0.527310972733,-0.124084735286,-1.38824939,0.0776583552138,1.90599366897,0.15509219981,-0.00671344507603,-0.0696559531509,0.00101465814319,-0.104740640482,-0.00442121363135,0.0405373037377,-0.00981300932675,0.574157396658,0.818730926684,0.00192365693912,0.0,0.81868631558,-0.57409780219,-0.0120489461745,0.0,-0.00876064631566,0.00849302669702,-0.999925557016,0.0,0.657931611182,0.255893356024,0.303273471214,1.0,-0.01238,-0.0162708571429,0.62
0.462087858488,0.526069690344,-0.124092596465,-1.39016864244,0.0775399478901,1.90670721841,0.154855342818,-0.0113809652426,-0.0748759391509,0.000444463933988,-0.101830708366,-0.00668670131128,0.0413839796536,-0.00444551926548,0.574163396147,0.818726655841,0.00195049771795,0.0,0.818682432376,-0.574103721214,-0.0120307567473,0.0,-0.00873028132585,0.00850462210868,-0.999925724037,0.0,0.657703127516,0.255607944324,0.303295507811,1.0,-0.01274,-0.016744,0.638
0.461936377974,0.524964780098,-0.124098266331,-1.39189421673,0.0774175859256,1.9073175876,0.154600289748,-0.0105077252971,-0.0701638072809,-0.000184633699975,-0.109091172507,-0.0132883746078,0.0370226095263,-0.016460620123,0.574142223906,0.818741547651,0.00193178131414,0.0,0.818697200092,-0.574082749051,-0.0120265832319,0.0,-0.00873782927112,0.00848667659064,-0.999925810578,0.0,0.657495451045,0.255336392303,0.303304438089,1.0,-0.01306,-0.0171645714286,0.654
0.461784575421,0.523775186053,-0.124108085988,-1.39378888654,0.0773121347583,1.90801107952,0.154349574185,-0.0102182058062,-0.0692072027655,0.000108693156633,-0.108507929867,-0.00683716809875,0.0402128533082,-0.012762184389,0.574141559039,0.818742031899,0.00192413265674,0.0,0.81869750073,-0.574082035971,-0.0120401484934,0.0,-0.0087533341776,0.00848819564829,-0.999925662075,0.0,0.65726638741,0.255051614893,0.303299557505,1.0,-0.0134,-0.0176114285714,0.671
0.461624595613,0.522547105524,-0.124108169421,-1.39573026445,0.0771926541861,1.90875734771,0.154098344779,-0.0120701892318,-0.0690726342163,-0.000268168435503,-0.114484002592,-0.010347534915,0.040555469699,-0.0179386982224,0.574138901945,0.8187438359,0.00194919227276,0.0,0.818699654885,-0.574079293629,-0.012024417657,0.0,-0.00872609491823,0.00849965263579,-0.999925802834,0.0,0.657037895639,0.254763433266,0.303303410879,1.0,-0.01374,-0.0180582857143,0.688
0.461475689587,0.521380055677,-0.124117024083,-1.39759928264,0.0770727270314,1.90948620449,0.153837245883,-0.0109322310809,-0.0758490802184,3.86605857215e-05,-0.121366846439,-0.00897893708949,0.0459317050248,-0.0103464341251,0.574121121334,0.8187562693,0.00196377741751,0.0,0.818712398493,-0.574061569823,-0.0120028958151,0.0,-0.00870028455874,0.00849904855726,-0.999926032876,0.0,0.656819939393,0.254483984998,0.303297275731,1.0,-0.01406,-0.0184788571429,0.704
0.461306571907,0.520079181409,-0.124117079028,-1.39963709859,0.0769500321143,1.91022950916,0.153563740296,-0.0106801971345,-0.0760977921867,-0.000481604830714,-0.121189846295,-0.0102157669258,0.0391625636968,-0.0191299496291,0.57411057776,0.818763639673,0.00197325998508,0.0,0.818719819454,-0.574050915697,-0.0120062617503,0.0,-0.00869770632603,0.00850863274648,-0.999925973797,0.0,0.656584924995,0.254201084896,0.303307978078,1.0,-0.01438,-0.0188994285714,0.72
0.461135941601,0.518737009414,-0.124116102824,-1.40171834664,0.0768120016722,1.91096398229,0.153280504034,-0.0121742970164,-0.0799327631052,0.000855540460394,-0.120152872061,-0.011329037506,0.0362514510048,-0.0198359455017,0.574091268952,0.8187772071,0.00196136371533,0.0,0.818733256095,-0.57403168389,-0.0120095027103,0.0,-0.00870738981584,0.00850054801339,-0.999925958282,0.0,0.656311754336,0.253865470894,0.303320637422,1.0,-0.01474,-0.0193725714286,0.738
0.460973346155,0.517472204318,-0.124121067839,-1.40372257803,0.0766793469947,1.91168641038,0.153021577606,-0.010666173025,-0.0784884899734,-0.00358182499905,-0.12809367535,-0.00753137763372,0.0413950859582,-0.00935158573157,0.574081419251,0.818784163395,0.00194029530339,0.0,0.818740022139,-0.574022007965,-0.0120107210617,0.0,-0.00872058388847,0.00848389255424,-0.999925984753,0.0,0.65605214933,0.253539591859,0.303316046123,1.0,-0.01508,-0.0198194285714,0.755
0.460786465519,0.516107483209,-0.124119519028,-1.40586619951,0.0765444066075,1.9124909992,0.152718481044,-0.0060219347271,-0.0833400931455,0.000540305892759,-0.129039921562,-0.00544857376658,0.0402122965479,-0.0182801930437,0.574066830659,0.818794348189,0.00195862535265,0.0,0.818750426747,-0.574007324051,-0.0120032303094,0.0,-0.00870407942039,0.00849444526913,-0.999926038965,0.0,0.65580710234,0.253236866861,0.303323678714,1.0,-0.0154,-0.02024,0.771
0.460583100004,0.514557002856,-0.124125815353,-1.4083515333,0.0763934735282,1.91340539715,0.152367392951,-0.0113921319499,-0.0885491806495,-0.00122587213701,-0.137695463518,-0.00711826175634,0.0508253527335,-0.0207112249605,0.574040597837,0.818812786512,0.0019389638631,0.0,0.818768573206,-0.573981144162,-0.0120173448852,0.0,-0.00872719498084,0.00848616990307,-0.999925907749,0.0,0.655501439141,0.252862933763,0.303307301706,1.0,-0.01578,-0.0207394285714,0.79
0.460418267871,0.513338486085,-0.124125557922,-1.41035590702,0.0762779890218,1.91409720349,0.152098267079,-0.00987268523303,-0.0794154502414,0.00084090869729,-0.133611508111,-0.00484006770317,0.0433635536056,-0.0262392460377,0.574028949924,0.818821128916,0.00186289841042,0.0,0.818775736159,-0.573969648509,-0.0120782188,0.0,-0.00882082343547,0.00845870612841,-0.999925318894,0.0,0.655242832201,0.252561527918,0.303267263624,1.0,-0.01608,-0.0211337142857,0.805
0.4602194568,0.511903726637,-0.124137497448,-1.41264141935,0.0761405133448,1.91491512894,0.151780045458,-0.0130082124767,-0.0844165329721,-0.000832246865072,-0.133691213593,-0.00361068864218,0.0430925085622,-0.0174797083877,0.574022146866,0.81882596435,0.00183355242494,0.0,0.818780137506,-0.573962927736,-0.01209921117,0.0,-0.00885492762096,0.00844665410207,-0.999925119342,0.0,0.65495995301,0.252205268227,0.303255791158,1.0,-0.01642,-0.0215805714286,0.822
0.460022232568,0.510439571972,-0.124136593106,-1.41495698089,0.0759912283492,1.91581623164,0.151444253135,-0.0142541448336,-0.0922504421876,0.000194630226788,-0.136962197633,-0.00431174054937,0.0571700574048,-0.0243166453136,0.573988878138,0.818849205212,0.00186917076494,0.0,0.818803928927,-0.573929587273,-0.0120706970668,0.0,-0.00881147794213,0.00845909309766,-0.999925398017,0.0,0.654683739314,0.251858108142,0.303256904713,1.0,-0.01676,-0.0220274285714,0.839
0.459830999555,0.509043889241,-0.124142594799,-1.41719294106,0.0758419820742,1.9166229254,0.151138052262,-0.00909055092742,-0.0883348917901,-0.00167717608547,-0.137461438047,-0.0140448113424,0.0518279587702,-0.0252151426478,0.573974847308,0.818859124335,0.00183195338185,0.0,0.818813425869,-0.573915783566,-0.0120827931984,0.0,-0.00884288875035,0.00843540981349,-0.999925320801,0.0,0.654404988612,0.251513148315,0.303239560719,1.0,-0.01708,-0.022448,0.855
0.459621213377,0.507528415088,-0.124140166345,-1.41957784726,0.0756996121365,1.91747550008,0.15080053513,-0.00866253675443,-0.092397818129,-0.00201862477478,-0.142185776332,-0.00456907562371,0.0537781283718,-0.0208575886819,0.5739536359,0.818874016268,0.0018210487687,0.0,0.81882803478,-0.57389448936,-0.0121041910427,0.0,-0.00886688839466,0.008438532711,-0.999925081922,0.0,0.654104417927,0.251149159572,0.303238357612,1.0,-0.01742,-0.0228948571429,0.872
0.459382981914,0.505869828448,-0.12414323694,-1.42215842536,0.0755374543548,1.91844746902,0.15045279102,-0.0117336385481,-0.0902788695498,0.0014145419563,-0.14286020289,-0.00820108158347,0.059408165194,-0.0215132602797,0.573955816939,0.81887240094,0.00185959186207,0.0,0.818826953294,-0.573896528024,-0.0120806698061,0.0,-0.00882548369383,0.00845661746263,-0.999925295439,0.0,0.653793011178,0.250746970125,0.303254014778,1.0,-0.01778,-0.023368,0.89
0.459179954428,0.504319078106,-0.124152449286,-1.42449677189,0.0753905875761,1.91934911432,0.15012646044,-0.00819010447449,-0.0994554354411,-0.000646597706433,-0.145309985701,-0.00771530050727,0.054024605231,-0.0169690770922,0.573942351771,0.818881623397,0.00195207779048,0.0,0.818837478457,-0.573882754067,-0.0120214541423,0.0,-0.0087240520701,0.00849821973489,-0.999925832838,0.0,0.653513522229,0.250389282627,0.303303020386,1.0,-0.0181,-0.0237885714286,0.906
0.458949493862,0.502631876562,-0.124157950967,-1.42697569324,0.0752313183144,1.92028346806,0.149789758425,-0.0132851598314,-0.0990498350699,-0.00101868938319,-0.145934274921,-0.00796721379492,0.0551167147286,-0.0222165137492,0.573943372143,0.818880619401,0.00206969626102,0.0,0.818838096622,-0.573883365291,-0.0119499566622,0.0,-0.00859798919592,0.00855350925221,-0.999926453326,0.0,0.653216074712,0.250001298104,0.303382459833,1.0,-0.01844,-0.0242354285714,0.923
0.458714010415,0.500918089964,-0.124154325731,-1.42954725049,0.0750707317212,1.92117907313,0.149421432352,-0.00926895277721,-0.102862155053,0.00159746007179,-0.150806331307,-0.00539230710433,0.0507723199225,-0.0174041084305,0.573919596199,0.818897191987,0.00210545881792,0.0,0.818855019982,-0.573859329583,-0.0119445804325,0.0,-0.00857331125273,0.00857945948219,-0.999926442899,0.0,0.652887407104,0.249602109778,0.303432109669,1.0,-0.01878,-0.0246822857143,0.94
0.458481173002,0.499317172475,-0.124164556318,-1.43199125774,0.0749103823624,1.92207558027,0.149076317996,-0.01816855194,-0.0944707149037,-0.00340667336897,-0.153572814555,-0.0107734330308,0.0559308011754,-0.0219241441583,0.573915962442,0.81889963855,0.00214404715178,0.0,0.818858054764,-0.573855624324,-0.0119145071479,0.0,-0.0085265762431,0.0085937615734,-0.999926719695,0.0,0.652588048986,0.24921033238,0.303463637787,1.0,-0.0191,-0.0251028571429,0.956
0.458214134872,0.49753642599,-0.124160020142,-1.43479654281,0.0747440379432,1.92311271386,0.14866557258,-0.0141038665333,-0.0975430954561,-0.000140166651414,-0.156237003565,-0.0102076952483,0.0590987248154,-0.0198201891319,0.57389264784,0.818915938972,0.00215883148012,0.0,0.81887440944,-0.573832113014,-0.0119228579043,0.0,-0.00852517568214,0.00861041812314,-0.999926588345,0.0,0.652238607663,0.248773050101,0.30345983321,1.0,-0.01946,-0.025576,0.974
0.45796864566,0.495957803323,-0.124162156084,-1.43732857983,0.0745906410584,1.92399068265,0.148287264822,-0.0120196392838,-0.0990088710482,-0.000631403925131,-0.157765919901,-0.00938748751567,0.0540669399079,-0.0286674546805,0.573871767133,0.818930731721,0.00209724380968,0.0,0.818888234193,-0.57381132217,-0.0119738611604,0.0,-0.0086025062632,0.00858903450906,-0.999926109956,0.0,0.65191229875,0.248367202281,0.303431003238,1.0,-0.01978,-0.0259965714286,0.99
0.457714801933,0.494385560128,-0.124162812594,-1.43990585714,0.074424799699,1.92489678245,0.147938351878,-0.0153934900539,-0.0951838194939,0.000310867715943,-0.158186657841,-0.0101654511874,0.048451356558,-0.0179604737443,0.573879141417,0.818925785598,0.0020088878821,0.0,0.818882057774,-0.573818991103,-0.0120286244627,0.0,-0.00869798018307,0.00854818350081,-0.999925634085,0.0,0.651581731428,0.247951370399,0.303378090539,1.0,-0.0220628571429,-0.0289968979592,1.006
0.457401733737,0.492106562681,-0.12423292511,-1.44339481402,0.0742203417926,1.92619940983,0.147431358066,-0.0202929474027,-0.133809496938,-0.00458325153771,-0.209757359451,-0.0107574859289,0.0839828305696,-0.0233556980157,0.573890910284,0.818917364993,0.00207829453284,0.0,0.818874724197,-0.573830645293,-0.0119717790975,0.0,-0.00861147449749,0.00857252311401,-0.999926174452,0.0,0.651158495648,0.247378111849,0.303418791558,1.0,-0.0295611428571,-0.0388517877551,1.024
0.457021386681,0.489424404939,-0.124247048968,-1.44771449623,0.0739805679324,1.9277905952,0.146791297299,-0.0235161550483,-0.179926365986,-0.00179913946217,-0.28111644811,-0.0139899785509,0.100122801813,-0.0408644648708,0.573839866525,0.818953207507,0.00204900007951,0.0,0.818909876459,-0.573779425373,-0.0120221527784,0.0,-0.00867007341656,0.0085769020796,-0.999925630523,0.0,0.650604732213,0.246714843124,0.30336679149,1.0,-0.0366428571429,-0.0481591836735,1.041
0.456568979668,0.486511094222,-0.124285201213,-1.45230762458,0.0737084713396,1.92950108132,0.146131306797,-0.0331146120009,-0.207949424775,-0.00341294714714,-0.318764553046,-0.0247028039261,0.120838933447,-0.0455440424044,0.573852086054,0.8189445876,0.00207187668434,0.0,0.818901529952,-0.573791521606,-0.0120133624375,0.0,-0.00864961940378,0.00859072147998,-0.999925689033,0.0,0.650035621175,0.245964476561,0.303354458178,1.0,-0.0428914285714,-0.0563715918367,1.056
0.455933438699,0.482386475809,-0.124399654,-1.45874112117,0.0733116661733,1.93180626591,0.145127844632,-0.0368169348034,-0.244888613558,-0.00139491939228,-0.380927709328,-0.0190589985581,0.130388348805,-0.0600620240941,0.573842507608,0.818951357098,0.00204891925687,0.0,0.818908230806,-0.573782270131,-0.011998454213,0.0,-0.00865068337074,0.00856326476609,-0.999925915343,0.0,0.649230113935,0.244869271912,0.303358255833,1.0,-0.0503897142857,-0.0662264816326,1.074
0.455216130475,0.47784320285,-0.124492184034,-1.46583077902,0.0729002822863,1.93430597014,0.144077111314,-0.0437063547494,-0.282283356705,-0.00384123777835,-0.430422677955,-0.0222372157067,0.153166851706,-0.056326156121,0.573870780987,0.818931637709,0.00201156393345,0.0,0.818887810588,-0.573810488349,-0.0120425924259,0.0,-0.00870797111003,0.00855830187971,-0.999925460576,0.0,0.64832105971,0.243673482314,0.30335194821,1.0,-0.0574714285714,-0.075533877551,1.091
0.454428590607,0.473050825778,-0.124571406042,-1.47324396668,0.0724525412813,1.93699058858,0.143016705178,-0.0551454629329,-0.314325941917,-0.0044577757103,-0.480763105594,-0.0261350921819,0.170107226106,-0.0674933892736,0.573941276193,0.818882111429,0.00206057414235,0.0,0.818838886156,-0.573880728339,-0.0120222735195,0.0,-0.00866246771355,0.00858752257849,-0.999925605287,0.0,0.64738244023,0.242412725044,0.303374534412,1.0,-0.0641365714286,-0.0842937795918,1.107
0.453485733721,0.46735998723,-0.124621593172,-1.48183628418,0.0719221024046,1.94019364816,0.141650648417,-0.0563959127543,-0.346086855591,-0.000417346162592,-0.525201687618,-0.0352785603203,0.197979891149,-0.0827391778986,0.57389722017,0.818912307436,0.00231523487441,0.0,0.818872428892,-0.573835663399,-0.0118879566436,0.0,-0.00840679152241,0.00871851513476,-0.999926653985,0.0,0.646302894385,0.240964053829,0.30349414343,1.0,-0.0712182857143,-0.0936011755102,1.124
0.45236630419,0.460790779863,-0.124663638542,-1.49200435718,0.0712727524702,1.94374285779,0.140085747423,-0.062200662938,-0.371333238076,-0.00529772046049,-0.583434066619,-0.0349926746988,0.19939398435,-0.0889123282823,0.573859083695,0.818939149823,0.0022732901707,0.0,0.818898429239,-0.573797393939,-0.0119440445686,0.0,-0.00847720094123,0.00871596003098,-0.999926081821,0.0,0.645032215017,0.239338080385,0.303491886425,1.0,-0.0783,-0.102908571429,1.141
0.451315906274,0.454841768026,-0.124739643602,-1.50127571777,0.0706493126325,1.94686177649,0.138696002404,-0.0699712979305,-0.401196664339,0.000336412151957,-0.624389592539,-0.04807418306,0.213030897628,-0.0918096396443,0.573897321405,0.818912872131,0.00207827925169,0.0,0.81886948504,-0.573836313842,-0.0120581212372,0.0,-0.00868212574776,0.00862212894251,-0.99992513699,0.0,0.643699824724,0.237614460666,0.303442439655,1.0,-0.0849651428571,-0.111668473469,1.157
0.44996352198,0.447013474903,-0.124842467954,-1.51285457018,0.0698644408397,1.95123304006,0.136851319321,-0.0757606425396,-0.438239906119,-0.000770368656729,-0.664984332281,-0.0457931660248,0.239700635346,-0.104820831678,0.573881518583,0.818922572852,0.00256304561626,0.0,0.818886324429,-0.573819462127,-0.0117115092497,0.0,-0.00812025016983,0.00882003153011,-0.999928131708,0.0,0.642230087055,0.235593096319,0.303682897139,1.0,-0.0924634285714,-0.121523363265,1.175
0.448545888396,0.43925469827,-0.124865624174,-1.52482834715,0.0690808755513,1.95531595548,0.134974741016,-0.0906006731397,-0.462884044792,-0.00198995981055,-0.721550030971,-0.0589127261364,0.240549790879,-0.113578602608,0.573840811024,0.818951423656,0.00245686738126,0.0,0.818913198369,-0.573778512153,-0.0118380500577,0.0,-0.00828524975424,0.00880528690028,-0.999926908108,0.0,0.640573142993,0.233516417254,0.303647294376,1.0,-0.0995451428571,-0.130830759184,1.192
0.447098404634,0.431349616362,-0.124908877765,-1.53666159874,0.0682902794458,1.9595268825,0.133017798701,-0.0944036300607,-0.504975398031,-0.00314311108761,-0.766623928539,-0.0520409022396,0.274687903623,-0.125064869676,0.573754779253,0.819010969706,0.0026891795327,0.0,0.818975721318,-0.573691587492,-0.0117250685856,0.0,-0.00806035530382,0.00892985881306,-0.999927641529,0.0,0.638968229395,0.2314389169,0.303774372679,1.0,-0.106210285714,-0.139590661224,1.208
0.445411600567,0.422632843172,-0.124947372605,-1.55002954295,0.0673293988567,1.96410967625,0.130819528274,-0.100553088543,-0.526739959097,-0.00922235979181,-0.808981667719,-0.0645284975659,0.267423286104,-0.133698855615,0.573667351444,0.819072516895,0.0025940040415,0.0,0.819036072291,-0.573604559132,-0.011767282191,0.0,-0.00815048181859,0.00887525936609,-0.999927397073,0.0,0.637097267567,0.229047480457,0.303740289085,1.0,-0.113292,-0.148898057143,1.225
0.443350581539,0.412234949017,-0.125084973303,-1.56566686424,0.0662176329489,1.96958028654,0.128258103196,-0.115915973461,-0.557894798017,-0.00495405125925,-0.83461481626,-0.0543214979155,0.297596246866,-0.150100882059,0.573700963498,0.819048508267,0.00273724114569,0.0,0.819014406377,-0.573638193104,-0.0116349671479,0.0,-0.00795956966772,0.00891700347503,-0.999928563598,0.0,0.634934446482,0.226159890853,0.30382427062,1.0,-0.121206857143,-0.159300440816,1.244
0.441562989117,0.403719032937,-0.125134176174,-1.5787750079,0.0653506749778,1.97392151952,0.126073312287,-0.125276732033,-0.583557446117,-0.00263109843358,-0.893404923458,-0.0621866993066,0.285217668953,-0.144557312745,0.573703363801,0.819047452458,0.00254320410905,0.0,0.819009883508,-0.573640254219,-0.0118497407988,0.0,-0.00824677453782,0.00888131645036,-0.999926553767,0.0,0.633029099066,0.223741035588,0.303717564029,1.0,-0.127455428571,-0.16751284898,1.259
0.439478472221,0.394058142615,-0.125265588358,-1.59306240145,0.0643390047136,1.97888875975,0.123642620747,-0.134547327244,-0.600088501949,-0.00540855885559,-0.908456913319,-0.0740184318765,0.319849336087,-0.151924314724,0.573799596586,0.818979203236,0.00279902238028,0.0,0.818945273748,-0.573735893056,-0.0116837719005,0.0,-0.00796301990965,0.00899656296428,-0.99992782348,0.0,0.631023976376,0.220990788247,0.303855541913,1.0,-0.134120571429,-0.17627275102,1.275
0.437142064543,0.38357396523,-0.125373095795,-1.60901657519,0.0631166983547,1.98413199103,0.12082877303,-0.137271249957,-0.633051666142,-0.00219022429805,-0.937591777888,-0.0689436395715,0.306280378487,-0.177919810822,0.573752389159,0.819013109149,0.00254359535752,0.0,0.818976030248,-0.573689794673,-0.0117910249476,0.0,-0.00819792713949,0.0088484427227,-0.999927246879,0.0,0.628669161007,0.217913646419,0.303753482144,1.0,-0.141202285714,-0.185580146939,1.292
0.43477251753,0.373139064005,-0.125468717625,-1.62442573945,0.0620112308752,1.989323267,0.118052005018,-0.154596629932,-0.651400084639,-0.00400590593546,-0.963502875129,-0.072498738825,0.322177556455,-0.176082683853,0.573764172309,0.819004339208,0.00270441014214,0.0,0.818969221277,-0.573700850367,-0.0117258599163,0.0,-0.00805216278321,0.00894287915575,-0.999927591172,0.0,0.626259760658,0.214714188256,0.3038415109,1.0,-0.148284,-0.194887542857,1.309
0.431880204253,0.361019645603,-0.12564062331,-1.64233058347,0.0605872124261,1.99529796375,0.114896304219,-0.161297488347,-0.689459781751,-0.0131902389618,-1.01234148916,-0.0809850207882,0.341165928382,-0.186735538245,0.57389571953,0.81891191901,0.00277829273067,0.0,0.818878593952,-0.573833061074,-0.0115850458462,0.0,-0.00789300786836,0.00892386447859,-0.999929030016,0.0,0.623752206135,0.211293562042,0.303906266012,1.0,-0.155365714286,-0.204194938775,1.326
0.428945660608,0.349252681924,-0.125754081432,-1.65994134155,0.0592906125342,2.00089868327,0.111578385828,-0.178509475804,-0.697721644943,-0.000992150771234,-1.03408061098,-0.078183749685,0.325105288762,-0.200831264471,0.573903108371,0.818907417873,0.00257100290621,0.0,0.818870547772,-0.573840233197,-0.0117965951107,0.0,-0.00818513192373,0.00887559204302,-0.999927111084,0.0,0.6210289518,0.207729354928,0.303806563819,1.0,-0.162447428571,-0.213502334694,1.343
0.42620022695,0.338379624276,-0.125871267974,-1.67568529151,0.0580680503628,2.00610877946,0.108597689868,-0.188673960619,-0.713816506818,-0.00221707749812,-1.06636741997,-0.0843087720946,0.348628538338,-0.204943059933,0.57395671686,0.818869069383,0.0028073617837,0.0,0.818835566887,-0.573893325233,-0.0116409859998,0.0,-0.007921469696,0.00898036268287,-0.999928299131,0.0,0.618462473202,0.204263421666,0.303928169584,1.0,-0.169112571429,-0.222262236735,1.359
0.422777087118,0.325050564784,-0.125923810455,-1.69517998925,0.0564395663723,2.0123421317,0.104770247888,-0.195737722723,-0.749186968603,-0.00185128535889,-1.09395557319,-0.0927234340788,0.354800814744,-0.217011225689,0.573812753419,0.818969996498,0.00279566633348,0.0,0.818936638632,-0.573749755495,-0.011608052273,0.0,-0.00790278580723,0.00895049435125,-0.999928714773,0.0,0.615531405716,0.200496298416,0.303943036563,1.0,-0.176194285714,-0.231569632653,1.376
0.419308348675,0.312090602801,-0.125957087125,-1.71408163588,0.0549465097093,2.01821764065,0.101017688196,-0.210629798145,-0.753074289669,2.03175266518e-05,-1.10517755731,-0.0842350920067,0.34644074759,-0.234709118518,0.573736287865,0.819023771019,0.00273521372779,0.0,0.818988799388,-0.573672577189,-0.0117417017438,0.0,-0.00804777067654,0.00897692261228,-0.999927321483,0.0,0.612452114127,0.196580847073,0.303915795226,1.0,-0.183276,-0.240877028571,1.393
0.415837638541,0.29949069029,-0.126068387234,-1.73226528235,0.0533805336623,2.02389229666,0.0972701255343,-0.223249936438,-0.813243135835,-0.00773091633908,-1.15395554287,-0.0953461246198,0.345916409911,-0.238936587046,0.573645948461,0.819087060039,0.00273144504225,0.0,0.819052476741,-0.5735827508,-0.0116882518123,0.0,-0.00800714021517,0.00894228729037,-0.999927958007,0.0,0.609480872831,0.192697013414,0.303935754192,1.0,-0.189941142857,-0.249636930612,1.409
