position_joint1,position_joint2,position_joint3,position_joint4,position_joint5,position_joint6,position_joint7,velocity_joint1,velocity_joint2,velocity_joint3,velocity_joint4,velocity_joint5,velocity_joint6,velocity_joint7,ee_T_00,ee_T_10,ee_T_20,ee_T_30,ee_T_01,ee_T_11,ee_T_21,ee_T_31,ee_T_02,ee_T_12,ee_T_22,ee_T_32,ee_T_03,ee_T_13,ee_T_23,ee_T_33,v_x,v_y,time
0.465057710933,0.547853842898,-0.123902481923,-1.35586012086,0.0795150571538,1.89409162011,0.159162856728,0.00095052507364,-0.000304716006543,0.000796129327836,-0.000312848053733,-0.00245003035713,-0.000275196959107,-0.00721838907866,0.573767251887,0.819004488564,0.0018802327213,0.0,0.818959799118,-0.573708365701,-0.0120127205211,0.0,-0.00875993544088,0.00843250300462,-0.99992607548,0.0,0.661650697958,0.260927333285,0.303146406954,1.0,0.0,0.0,0.0
0.465056641568,0.547856191638,-0.123904725494,-1.35585761532,0.0795163839693,1.89409314601,0.159166010211,0.000166260438245,0.00202476399899,-0.000357882271194,0.000333790979899,0.00155861249692,9.95301197483e-05,-0.000203520470951,0.573772507795,0.819000803275,0.00188160420797,0.0,0.818956136237,-0.573713619383,-0.0120115258918,0.0,-0.00875811601445,0.00843299700681,-0.999926087251,0.0,0.661652234643,0.260925912921,0.303146144722,1.0,-0.00016,-0.000210285714286,0.009
0.465056437161,0.547857640377,-0.123902561819,-1.35586296784,0.0795163795882,1.8940932637,0.159162144705,-0.00131048497261,0.000573975631787,-0.000136720368603,-0.00190752820117,0.000188533072414,-0.000320416664908,0.000321299982677,0.573768291458,0.819003768614,0.00187659670026,0.0,0.818959018584,-0.573709408206,-0.0120161440397,0.0,-0.00876481482021,0.00843150055999,-0.999926041175,0.0,0.661650547851,0.260926381132,0.303142509719,1.0,-0.0005,-0.000657142857143,0.026
0.465051009328,0.547831169952,-0.123903280985,-1.35587812103,0.0795162481554,1.89409668849,0.159161329391,-0.000627602663774,-0.00276153571374,0.000465939102954,-0.000353719519425,0.000179318934875,0.000701343741383,-0.00281126870975,0.573773342069,0.81900019958,0.00188995262182,0.0,0.818955619152,-0.573714396057,-0.0120096843047,0.0,-0.00875180931487,0.00843878649304,-0.999926093627,0.0,0.661650049436,0.260921137803,0.303154370603,1.0,-0.00082,-0.00107771428571,0.042
0.465054119355,0.547759880351,-0.12390292498,-1.35594868494,0.0795157101549,1.89411221949,0.159165681791,0.00117309406191,-0.0099803840298,0.000948699498829,-0.0105993644488,-0.000210843184654,0.00335053426058,0.0020199550532,0.573777694295,0.818997134806,0.00189673677849,0.0,0.818952603129,-0.57371868016,-0.0120106937587,0.0,-0.00874869889376,0.00844496828573,-0.999926068656,0.0,0.661636347226,0.260914141188,0.303167039616,1.0,-0.0012,-0.00157714285714,0.061
0.465055349506,0.547618843116,-0.123902953283,-1.35614779881,0.0795136249994,1.89414341974,0.159159554034,-0.00122582578389,-0.00405587223527,-0.00107943012393,-0.0096074349239,0.000214321995404,0.000583599776262,0.000564616135088,0.573782072755,0.818994079836,0.00189131698451,0.0,0.818949318592,-0.573722928278,-0.0120317100497,0.0,-0.00876897621234,0.00845263502625,-0.999925826258,0.0,0.661602094294,0.260897725883,0.303180474782,1.0,-0.00154,-0.002024,0.078
0.465040679857,0.547480016025,-0.123902939696,-1.35633615631,0.0795058845339,1.89420833344,0.159154786267,-0.000122521696037,-0.0086011954367,-0.00161624899604,-0.0131860022594,-0.00482969672353,0.00561815124264,-0.00201530287167,0.573798605402,0.818982460997,0.00190680870059,0.0,0.818937864224,-0.573739355392,-0.0120280304124,0.0,-0.00875690335085,0.00846338786754,-0.999925841105,0.0,0.66157978041,0.260870651888,0.303194789672,1.0,-0.00186,-0.00244457142857,0.094
0.465020463265,0.547298642073,-0.123903014951,-1.35655725344,0.0795066720432,1.89434649727,0.159136511197,-0.00280811909762,-0.00720352430684,0.0013941783878,-0.0189836221444,-0.000292064401949,0.00523560335019,-0.00123294215281,0.573813166843,0.818972043792,0.00199698432927,0.0,0.818928578246,-0.573753485548,-0.0119861776674,0.0,-0.00867073464053,0.00851337801213,-0.999926167652,0.0,0.661566685867,0.260842903107,0.303230034289,1.0,-0.0022,-0.00289142857143,0.111
0.46499523205,0.547094757776,-0.123905886161,-1.3568128484,0.0795016917679,1.89447873193,0.159123444391,-0.000710013007791,-0.0137986193316,-0.000881104974846,-0.0132940943338,0.000235306047396,0.00926747665982,-0.00339687791988,0.573838315569,0.818954241877,0.00206983044818,0.0,0.81891170474,-0.573778305253,-0.0119508645177,0.0,-0.00859975295603,0.00855303701772,-0.999926442198,0.0,0.661547351583,0.260805077078,0.30326436378,1.0,-0.00254,-0.00333828571429,0.128
0.464962929688,0.546872703176,-0.123902317538,-1.35713865478,0.0794970229647,1.8945910873,0.159104026573,-0.00159721960568,-0.0150760859459,0.000870753270811,-0.0243185292227,-0.000515087600315,0.00754703190265,0.00104120460582,0.573863289008,0.818936699959,0.00208659766594,0.0,0.818894218088,-0.573803043442,-0.0119613469222,0.0,-0.00859845543131,0.00857304570756,-0.999926282009,0.0,0.661508748418,0.26075689179,0.303276196552,1.0,-0.00286,-0.00375885714286,0.144
0.464922189856,0.546603814986,-0.123900976109,-1.35752703576,0.0794869387051,1.89473722178,0.158982906144,-0.00220764516817,-0.0187724338941,2.96269745848e-05,-0.0192095317838,0.000191855499888,0.010475561419,-0.00798221749605,0.573812817449,0.818972014944,0.00210622178673,0.0,0.818929648507,-0.573752356621,-0.0119670785934,0.0,-0.00859241818562,0.00859187597205,-0.999926172283,0.0,0.661462623536,0.260693761224,0.303284413749,1.0,-0.00322,-0.004232,0.162
0.464872952644,0.546308584604,-0.123898318273,-1.35800997327,0.0794735300397,1.89491456816,0.158944494734,-0.00100991919852,-0.015076777611,0.00640507917713,-0.0238291631524,-0.000414787142582,0.0150870734062,0.00177672530638,0.573846042719,0.818948704905,0.00211775619706,0.0,0.818906339456,-0.573785380305,-0.011978791646,0.0,-0.00859504384116,0.00860839189606,-0.999926007668,0.0,0.661412045091,0.260621835912,0.303288896268,1.0,-0.00356,-0.00467885714286,0.179
0.464826061227,0.546012211015,-0.123903570134,-1.35850328616,0.079456645075,1.8950854497,0.158891085726,-0.00256265020745,-0.0209637303383,0.000220418277964,-0.0281520526453,5.2209101919e-05,0.0180771104561,-0.0118266150273,0.57386743262,0.818933759669,0.00210094130272,0.0,0.818891062652,-0.573806725459,-0.0120006761748,0.0,-0.00862239061685,0.00860740500132,-0.999925780725,0.0,0.661355046884,0.260541980949,0.303278938808,1.0,-0.00388,-0.00509942857143,0.195
0.46476558555,0.545664352963,-0.123908261898,-1.3591036077,0.0794079879769,1.8952845898,0.158792594573,-0.001611148067,-0.0191416382493,-0.000445227394526,-0.0375861026884,-0.00568977606896,0.00650844098557,-0.00928148155224,0.573860108142,0.818939027876,0.00204739001893,0.0,0.818895723344,-0.573799718286,-0.0120176738553,0.0,-0.00866711719716,0.00857322760992,-0.999925687663,0.0,0.661285600256,0.260438211851,0.303256857885,1.0,-0.00422,-0.00554628571429,0.212
0.464708443253,0.545328962269,-0.123908379129,-1.35969724973,0.0793271115865,1.89547825392,0.158756412781,-0.00202561235793,-0.0191169345218,0.000294622593516,-0.0398512707752,-0.00176122613614,0.0108831275077,0.000454837430383,0.573888893966,0.818919054015,0.00196653370725,0.0,0.818875062422,-0.573829206578,-0.0120175173185,0.0,-0.0087130871911,0.00850722892495,-0.999925851835,0.0,0.661216084326,0.260334339371,0.303228419691,1.0,-0.00452,-0.00594057142857,0.227
0.464642089883,0.544907280154,-0.123909671365,-1.36039871339,0.0793142735783,1.8957178718,0.158636695522,-0.001878196609,-0.0236738390154,-5.82995356131e-05,-0.0432260894116,-9.72573862956e-06,0.0278282036461,-0.00855983478356,0.573881739487,0.818924111178,0.00194836221654,0.0,0.818879576969,-0.573821833768,-0.0120618579137,0.0,-0.00875990214647,0.00851771802109,-0.999925353511,0.0,0.661132015974,0.26022617759,0.303213872376,1.0,-0.00486,-0.00638742857143,0.244
0.464580939432,0.544457236903,-0.123917132843,-1.36113809938,0.0792891231015,1.89598945872,0.158566292577,-0.00373462102958,-0.0283148500175,-0.00072854233987,-0.0455578463843,-0.00396327770057,0.0148590257955,0.0014558224036,0.573913955362,0.818901551799,0.00194092830598,0.0,0.818856769233,-0.573853931049,-0.0120832198352,0.0,-0.00878132720323,0.008524234889,-0.999925110052,0.0,0.661047015474,0.260113936701,0.303204264477,1.0,-0.0052,-0.00683428571429,0.261
0.464514216842,0.543961045874,-0.123914744274,-1.36194736147,0.0792537745338,1.89627665405,0.158449606348,-0.00466378561547,-0.0285601081868,-0.00121651529144,-0.048568292801,-0.000187027908598,0.0148892525885,-0.00422540892025,0.573907006984,0.818906455254,0.00192659751411,0.0,0.818861318569,-0.573846884799,-0.0121095276402,0.0,-0.00881116801518,0.00852752312598,-0.999924819508,0.0,0.660949923351,0.25999544209,0.303195020124,1.0,-0.00554,-0.00728114285714,0.278
0.464439712856,0.543464812693,-0.123915639146,-1.36273601063,0.0792132207407,1.89654530403,0.158353671534,-0.00820516944347,-0.0325033129791,-0.00294002919816,-0.0492520066187,-0.0035033466707,0.0197850604822,-0.000662917147828,0.573923042862,0.81889525485,0.0019103289745,0.0,0.818849803257,-0.573862891953,-0.0121296267708,0.0,-0.00883679703155,0.00852590896017,-0.999924607105,0.0,0.660856834633,0.259870256875,0.30319404782,1.0,-0.00586,-0.00770171428571,0.294
0.464363676487,0.542905378768,-0.123918829822,-1.36362523481,0.0791583981589,1.89686826085,0.158249843927,-0.00426614803336,-0.0330210256313,0.000342935004866,-0.0523403666892,-0.00242700222279,0.0203388911644,-0.00439921964468,0.573937344666,0.81888524936,0.00190254544831,0.0,0.818839705977,-0.573877236225,-0.0121326237456,0.0,-0.00884356936378,0.00852140967545,-0.999924585585,0.0,0.660754679778,0.259733005674,0.303194622763,1.0,-0.0062,-0.00814857142857,0.311
0.464280584904,0.542241121066,-0.123918969181,-1.36466055693,0.0790948522106,1.89724141604,0.158102332126,-0.00328148503669,-0.0351801187947,6.57711827732e-05,-0.061879014901,-0.00702776484129,0.0226137034115,-0.00612223403961,0.573925198002,0.8188937594,0.00190389465894,0.0,0.818848219023,-0.573865070979,-0.0121334832071,0.0,-0.00884362530171,0.00852287659458,-0.999924572588,0.0,0.660633090895,0.259578901813,0.303203965584,1.0,-0.00658,-0.008648,0.33
0.464196766217,0.541609109006,-0.123919047593,-1.36562777972,0.0790395449652,1.89759954133,0.157978317454,-0.00507091885543,-0.0438887500217,0.000259596088893,-0.0625035992481,4.70107816371e-05,0.0231529867444,-0.00497854830618,0.57393124558,0.818889471495,0.00192502546382,0.0,0.818844173911,-0.573870991502,-0.012126453099,0.0,-0.0088256784194,0.00853621056575,-0.999924617414,0.0,0.66052290386,0.259432336713,0.303221527152,1.0,-0.00692,-0.00909485714286,0.347
0.464123663727,0.540984407684,-0.123922738664,-1.36659319528,0.0789886294721,1.8979625462,0.157860002499,-0.00229459798807,-0.0419987530355,0.0014003570551,-0.0595485635742,-0.00108434543884,0.0249175306552,-0.000622133591958,0.573936780392,0.818885541211,0.00194664085087,0.0,0.818840478744,-0.573876383905,-0.0121207783764,0.0,-0.00880856854065,0.0085507134712,-0.99992464437,0.0,0.660411554229,0.259291920617,0.303235243656,1.0,-0.00724,-0.00951542857143,0.363
0.464039219657,0.540375755929,-0.123919323066,-1.36754812687,0.0789292915889,1.89831298321,0.157734636728,-0.00724774008008,-0.0376603394765,-0.00101651754774,-0.0591303783688,-0.00582243166582,0.0223520708075,-0.00813291373599,0.573937894106,0.818884753182,0.00194977339914,0.0,0.818839716007,-0.573877468433,-0.0121209576844,0.0,-0.00880690597964,0.00855339350369,-0.999924636093,0.0,0.660301312324,0.259146960816,0.303241181801,1.0,-0.00754,-0.00990971428571,0.378
0.463935238045,0.539634823682,-0.123917793741,-1.36870698199,0.0788614121948,1.89875498798,0.157589573084,-0.00590803254064,-0.0436582701444,0.000577812494177,-0.0717036232009,-0.00298722477197,0.032556401581,-0.00662904456282,0.573949239155,0.818876751457,0.00197070994299,0.0,0.818831970663,-0.573888702944,-0.0121122811845,0.0,-0.00878766648589,0.0085656797924,-0.999924700189,0.0,0.660171474519,0.25897038013,0.303251451272,1.0,-0.00788,-0.0103565714286,0.395
0.463818742472,0.538787043042,-0.123922519328,-1.37001181031,0.0787908604138,1.89925905114,0.157438764653,-0.00759268825703,-0.0492831842506,0.000690661047115,-0.0686022306035,-0.00199556811651,0.0405171155377,-0.00424096926493,0.573977808306,0.818856624089,0.00201287325875,0.0,0.818812367452,-0.573917057743,-0.0120939918869,0.0,-0.0087481914998,0.00859001385968,-0.999924837579,0.0,0.660027630947,0.258769778841,0.303273189052,1.0,-0.00826,-0.010856,0.414
0.463704853103,0.538048661335,-0.123931005339,-1.37117110317,0.0787254540258,1.8996972789,0.157281699782,-0.00824038260429,-0.043438079429,-0.00233241738079,-0.0721638583549,-0.0015825471974,0.032729809597,-0.00814819154459,0.573994942534,0.818844578126,0.00202724462442,0.0,0.818800512466,-0.573934130514,-0.0120864187092,0.0,-0.00873356169625,0.00859761768059,-0.999924900115,0.0,0.659901083075,0.258580933458,0.303281191729,1.0,-0.00858,-0.0112765714286,0.43
0.463591178432,0.537237144673,-0.123933831513,-1.37244430804,0.0786497005734,1.90016550991,0.15713242376,-0.0118052537999,-0.0481258818645,0.000527569467221,-0.0781800757924,-0.00415397911261,0.022911013736,-0.0021883067447,0.574017616972,0.818828671178,0.00203213277209,0.0,0.818784657139,-0.57395676883,-0.0120855140549,0.0,-0.00872977712965,0.00860134271523,-0.999924901127,0.0,0.65975501473,0.25838333415,0.303288897028,1.0,-0.00892,-0.0117234285714,0.447
0.463487185891,0.536493683156,-0.123927102955,-1.37360627774,0.0785815030095,1.90060496171,0.156981247289,-0.012327869777,-0.0465446328919,0.00202977281724,-0.0791675070589,-0.00833710783139,0.0271069310072,-0.0133656935565,0.574019967451,0.818826974175,0.00205188506981,0.0,0.818783168669,-0.57395898472,-0.012081120123,0.0,-0.00871481695076,0.00861501900479,-0.999924913888,0.0,0.659621839576,0.258209261424,0.303298558065,1.0,-0.00922,-0.0121177142857,0.462
0.463369969031,0.53562186144,-0.123940456232,-1.37498213481,0.0785010527539,1.90111419237,0.156831716857,-0.0119341766518,-0.0533257115473,0.000846483183857,-0.0830450496854,-0.000574872024633,0.0345793368783,-0.00739983406117,0.574056928373,0.818801058368,0.00205346149048,0.0,0.818757302946,-0.573995963303,-0.0120772466294,0.0,-0.00871035141727,0.00861447955038,-0.999924957444,0.0,0.659464730001,0.257993874268,0.303303581465,1.0,-0.00956,-0.0125645714286,0.479
0.463252050899,0.534733695901,-0.123942021515,-1.37642255105,0.0784298279875,1.90163129213,0.156643200602,-0.00521888350682,-0.0471622118661,-0.00167144164389,-0.0846220440008,-0.00915341077012,0.0303632020334,-0.015582772312,0.574060097114,0.818798892403,0.00203115775016,0.0,0.818754660582,-0.573999045855,-0.0121098321107,0.0,-0.00874980296967,0.00861495713643,-0.999924608889,0.0,0.659291243936,0.257779458241,0.30328956794,1.0,-0.0099,-0.0130114285714,0.496
0.463133887162,0.533875165955,-0.1239444812,-1.37782477463,0.0783365736745,1.90214111914,0.156472616737,-0.0103196637015,-0.0503417017124,-9.92618990216e-06,-0.0850204517298,-0.0038614760366,0.0300081052413,-0.00955323747105,0.574070630292,0.818791594592,0.00199573618651,0.0,0.81874695189,-0.574009783999,-0.0121220272629,0.0,-0.00878001097738,0.00859306819391,-0.999924532445,0.0,0.659125540275,0.257564479411,0.303272014691,1.0,-0.01022,-0.013432,0.512
0.462994298394,0.532834066758,-0.123940168773,-1.37951643997,0.078249616047,1.9027925407,0.156256707869,-0.00642365303342,-0.054975511025,0.00146385878834,-0.0926991804597,-0.0104695371695,0.0353172065875,-0.00269489364133,0.574074491605,0.818788869267,0.00200313598615,0.0,0.818744170704,-0.574013462819,-0.0121356640847,0.0,-0.00878688882463,0.00860699681285,-0.999924352234,0.0,0.658928744602,0.257317976053,0.303257362391,1.0,-0.0106,-0.0139314285714,0.531
0.462862625544,0.531852954752,-0.123942656878,-1.38108636741,0.0781564825227,1.90335990559,0.156058107498,-0.00887930806556,-0.0612155324188,0.000472913242947,-0.0962237498784,-0.00713801588519,0.0288085451058,-0.003457119788,0.574081995637,0.818783652961,0.0019846488659,0.0,0.81873866319,-0.574020999326,-0.0121507461278,0.0,-0.0088097717908,0.00860059893307,-0.999924205937,0.0,0.658741351713,0.257079750093,0.303251027072,1.0,-0.01094,-0.0143782857143,0.548
0.462736033891,0.530838343168,-0.123944893458,-1.38272800608,0.078064496987,1.90393158349,0.155857137502,-0.00376497513565,-0.0601432784609,-0.000214047549233,-0.09791088554,-0.00796535193411,0.0329483957282,-0.0143621313118,0.574087138357,0.818780151961,0.00194093530624,0.0,0.818734448659,-0.574026199203,-0.0121890159214,0.0,-0.00886614729241,0.00858683319066,-0.999923825963,0.0,0.65853708989,0.256837452756,0.303234330754,1.0,-0.01128,-0.0148251428571,0.565
0.462608021216,0.529920882266,-0.123945604179,-1.38416495522,0.0779695563901,1.90445889304,0.155656653288,-0.0102353353488,-0.0627320165446,-0.000362498989074,-0.0980697227559,-0.00640816997863,0.0363697104633,-0.0117210775945,0.574080777843,0.818784606939,0.00194289797564,0.0,0.818738980097,-0.574019879853,-0.0121822372355,0.0,-0.00885953683748,0.00858447981286,-0.999923904761,0.0,0.658368999569,0.256614667979,0.303242456865,1.0,-0.01158,-0.0152194285714,0.58
0.46248022776,0.528927131829,-0.123952999675,-1.38573832832,0.0778789473555,1.90504976238,0.155438179369,-0.0102363142758,-0.0652991419028,-9.98649579121e-05,-0.0997327171991,-0.00762276689542,0.0407726894429,-0.0142247220347,0.574065859741,0.818795045331,0.00195174850571,0.0,0.818749530734,-0.574004920429,-0.012178019062,0.0,-0.00885115883641,0.00858914352354,-0.999923938908,0.0,0.65817218547,0.256361610092,0.303245107149,1.0,-0.01192,-0.0156662857143,0.597
0.462337052324,0.527745345959,-0.123946410787,-1.38755336793,0.0777575481878,1.90576208942,0.155183936654,-0.00445044118459,-0.0656520008436,0.00728074131196,-0.0993054530635,-0.00299780114141,0.0406460231035,-0.0127804362628,0.574042941926,0.818810963722,0.00201330932193,0.0,0.818766356649,-0.573981831618,-0.0121349533718,0.0,-0.00878079895043,0.00861458012935,-0.999924340427,0.0,0.657974699037,0.256116350299,0.303274568031,1.0,-0.01226,-0.0161131428571,0.614
0.462204202277,0.526632428865,-0.123948799222,-1.38923509989,0.077654566321,1.90639873344,0.154957328339,-0.00866146534315,-0.0746032709936,0.00102702266751,-0.103921751424,-0.0061862938462,0.038166870779,-0.0179163197477,0.574030955038,0.818819226136,0.00206989594396,0.0,0.818775389484,-0.573969629243,-0.0121026106238,0.0,-0.00872196078243,0.00864221938203,-0.999924616881,0.0,0.657777026127,0.255869102145,0.303312602365,1.0,-0.01258,-0.0165337142857,0.63
0.462023571444,0.525314435557,-0.123951722695,-1.39128003971,0.0775217881604,1.90713422144,0.154670626327,-0.0125784715174,-0.0731006113176,0.000972968467914,-0.11190111743,-0.00339076688754,0.0373280853817,-0.0166186208799,0.574020330226,0.818826668024,0.002072467556,0.0,0.818782899966,-0.573959029325,-0.0120972013781,0.0,-0.00871616744334,0.00864110689355,-0.999924677012,0.0,0.657532634744,0.255551651994,0.303330314878,1.0,-0.01296,-0.0170331428571,0.649
0.461880716596,0.524206705669,-0.12396018599,-1.3930559994,0.0774157011234,1.90776967187,0.154436364366,-0.0144323101548,-0.0711548706715,-0.00296213752409,-0.112512011845,-0.00590571052454,0.0401002598478,-0.0176013286766,0.574018218346,0.818828222158,0.00204316052796,0.0,0.818784031251,-0.573957005755,-0.0121166255619,0.0,-0.00874891711229,0.00862823715131,-0.999924502137,0.0,0.65731541966,0.255282536078,0.303319388706,1.0,-0.01328,-0.0174537142857,0.665
0.461720780416,0.522996776346,-0.123963740515,-1.39497474139,0.0772984868734,1.9085049447,0.154178076189,-0.0101163154656,-0.0732305615035,-0.000519475502699,-0.115391179212,-0.0139195033257,0.0488449557402,-0.0160609021108,0.574011661445,0.818832770428,0.00206240140652,0.0,0.818788862685,-0.57395039722,-0.0121031721148,0.0,-0.00872692586756,0.00863619950999,-0.999924625571,0.0,0.657090516608,0.25499442525,0.303320546489,1.0,-0.01362,-0.0179005714286,0.682
0.461569717859,0.521817577338,-0.123959431322,-1.39681374116,0.0771840077947,1.90922792574,0.15392838018,-0.0118224459332,-0.07347166411,0.000707901738097,-0.118476194643,-0.00786241033446,0.0534140012219,-0.00770364402643,0.573995578032,0.818843914609,0.00211348273991,0.0,0.818800718621,-0.573934139864,-0.0120720000639,0.0,-0.00867225085875,0.00865996257203,-0.999924895736,0.0,0.65687632746,0.254725423964,0.303336400964,1.0,-0.01394,-0.0183211428571,0.698
0.46139225273,0.520562393214,-0.123967153067,-1.3988433563,0.0770565059354,1.90997403099,0.153646982973,-0.0136697682151,-0.073359606789,0.000505935233712,-0.122505671445,-0.00596320749944,0.0456497400989,-0.0205982152788,0.573989827851,0.818848021139,0.00208391503348,0.0,0.818804464565,-0.573928542866,-0.0120840139833,0.0,-0.00869912010403,0.00864258643577,-0.999924812678,0.0,0.656633303641,0.254409989004,0.303317007635,1.0,-0.01428,-0.018768,0.715
0.461230118169,0.519239428221,-0.123971350873,-1.4009045474,0.0769288380412,1.91070644677,0.153375432358,-0.00666662465995,-0.07676426599,-0.000183845860402,-0.124294259731,-0.0106811064437,0.0460420442634,-0.0111881120026,0.573978166539,0.818856211255,0.00207762513458,0.0,0.818812536448,-0.573916874368,-0.0120912519243,0.0,-0.00870878028776,0.00864146649193,-0.999924738269,0.0,0.65637646034,0.254102935264,0.303328462485,1.0,-0.01462,-0.0192148571429,0.732
0.461062123826,0.517958248052,-0.123978941094,-1.40289864758,0.0767959549527,1.91142002229,0.153111433828,-0.00977962303426,-0.0832197286593,-0.000829393779731,-0.126134423606,-0.00836866909624,0.0433461696527,-0.0116376924331,0.57397459212,0.818858734152,0.00207074998709,0.0,0.818815044118,-0.573913404072,-0.0120861513278,0.0,-0.00870858707027,0.00863287123023,-0.999924814196,0.0,0.656132450901,0.253795408952,0.303340591745,1.0,-0.01494,-0.0196354285714,0.748
0.460858299574,0.516461348351,-0.123977164676,-1.40528117845,0.0766413275667,1.91230941304,0.152760522037,-0.01340929831,-0.0768355093844,0.000942497889244,-0.125165859695,-0.0115646291829,0.0524035849153,-0.0212382064279,0.573937179341,0.818884964469,0.00206785813252,0.0,0.81884127907,-0.57387605057,-0.012082432484,0.0,-0.00870759568536,0.00862797093282,-0.999924865125,0.0,0.655844569433,0.253435012321,0.303333760744,1.0,-0.01532,-0.0201348571429,0.767
0.460700744606,0.51523503647,-0.123988510925,-1.40723218824,0.0765330012103,1.91302882047,0.152506446102,-0.0123314759294,-0.0795809924259,0.00022641984211,-0.124093809397,-0.00822640139906,0.0460394590175,-0.0195495766336,0.573944396406,0.818879904901,0.00206835300324,0.0,0.818836117135,-0.573883156755,-0.0120947331159,0.0,-0.00871730878815,0.0086355127003,-0.99992471539,0.0,0.655592065792,0.253120919895,0.303328224523,1.0,-0.01564,-0.0205554285714,0.783
0.46049983105,0.513741213882,-0.123980638083,-1.40963075541,0.076386790872,1.91386513305,0.152178809368,-0.0103361192644,-0.0877566762874,0.0013531949071,-0.134881848011,-0.00688621249198,0.0481110939957,-0.0144308471087,0.573916961649,0.81889927842,0.00200993421886,0.0,0.818854583043,-0.573855839001,-0.0121406249667,0.0,-0.0087887057471,0.00861372028093,-0.99992427837,0.0,0.655299111089,0.252782011603,0.303305526836,1.0,-0.01598,-0.0210022857143,0.8
0.4603277456,0.512516305123,-0.12399172663,-1.4116302241,0.076264945392,1.91456774639,0.15188942466,-0.013669218503,-0.0851432187874,-0.000840491535279,-0.138101472894,-0.00793568779726,0.0548560640497,-0.0232756700976,0.573900565825,0.818910922832,0.00194625603638,0.0,0.818865336446,-0.573839672381,-0.0121794117476,0.0,-0.00885718491573,0.0085836581594,-0.999923932651,0.0,0.655048338106,0.252469645263,0.303273357838,1.0,-0.01628,-0.0213965714286,0.815
0.460131762689,0.511065059374,-0.123992417816,-1.41393581245,0.0761175725533,1.91544128338,0.15156972149,-0.0106451612202,-0.0857377549634,-0.00152872480117,-0.13341695329,-0.0108897391831,0.0542829178917,-0.017992114402,0.573880572721,0.818924908482,0.00195689123388,0.0,0.818879510738,-0.573819682138,-0.0121682449767,0.0,-0.00884214643688,0.00858574283458,-0.999924047849,0.0,0.654769031369,0.252121827303,0.303268060186,1.0,-0.01662,-0.0218434285714,0.832
0.459915071963,0.509488353176,-0.123998111383,-1.4164369368,0.0759659768357,1.91638037157,0.151228457169,-0.014563895194,-0.0878040212326,-0.000590810732192,-0.139337353516,-0.00344056483465,0.0492789769832,-0.0106693213503,0.57385964528,0.81893954574,0.00196846205667,0.0,0.81889422983,-0.57379863801,-0.0121700562952,0.0,-0.00883720967059,0.0085960319087,-0.999924003093,0.0,0.654447079339,0.251724190609,0.303261455465,1.0,-0.017,-0.0223428571429,0.851
0.459717367118,0.50807381601,-0.123998801596,-1.41867630732,0.0758252439834,1.91717641024,0.15090602901,-0.01349447814,-0.0932776511731,-0.000551097140205,-0.139272293638,-0.00612843808365,0.0533369331374,-0.0159782569083,0.573848509448,0.818947414102,0.00194114417887,0.0,0.818901736529,-0.573787622123,-0.0121843140937,0.0,-0.00886467868961,0.00858172204501,-0.999923882862,0.0,0.654183285614,0.251394274924,0.303255691916,1.0,-0.0173,-0.0227371428571,0.866
0.45948544457,0.506427168505,-0.124006638794,-1.42125083869,0.0756563150467,1.91812254674,0.150551575803,-0.0176493379902,-0.0981519991449,-0.00166456142943,-0.147278590325,-0.0128037529458,0.0563929252981,-0.020288065477,0.57384117684,0.818952534713,0.00194847411798,0.0,0.818907038176,-0.573780339981,-0.0121709152701,0.0,-0.00884957615015,0.00857995670149,-0.999924031787,0.0,0.653868141511,0.250991166169,0.303264003286,1.0,-0.01766,-0.0232102857143,0.884
0.459289170286,0.50501335641,-0.124013745351,-1.42340686234,0.0755243791023,1.91896515686,0.150263016898,-0.0102655116198,-0.0943068072558,-0.00140979715279,-0.141626381686,-0.00525696724345,0.0610321798911,-0.0210525842032,0.573846509494,0.81894859817,0.00203076318566,0.0,0.81890425513,-0.573785382812,-0.0121203260485,0.0,-0.00876087046883,0.00861837334118,-0.999924482543,0.0,0.653614454544,0.250657315377,0.303299169378,1.0,-0.01796,-0.0236045714286,0.899
0.459061193327,0.503353398123,-0.124014147583,-1.42589027685,0.0753689178983,1.91989537372,0.149914404575,-0.0138790098398,-0.0954660029662,7.44095018303e-05,-0.143069854595,-0.0135676941948,0.0558845666167,-0.0130198972536,0.573833574893,0.818957433236,0.00212079576126,0.0,0.818914291451,-0.573772084868,-0.0120716520982,0.0,-0.00866948272613,0.00866403604606,-0.999924884453,0.0,0.653312905092,0.250273350963,0.303357266544,1.0,-0.0183,-0.0240514285714,0.916
0.45880658536,0.50143141457,-0.124024369407,-1.42872420152,0.0751829089542,1.92092606252,0.149519761586,-0.0143361640865,-0.103508292797,0.000421869988689,-0.149683816391,-0.00981253116046,0.0459430071321,-0.0194667885223,0.573820585122,0.818966282575,0.00221607672794,0.0,0.818924493229,-0.573758804713,-0.0120106329885,0.0,-0.0085649748177,0.00870691559564,-0.999925412632,0.0,0.652963314827,0.249830177984,0.3034397069,1.0,-0.01868,-0.0245508571429,0.935
0.458580020725,0.499815770132,-0.124027815299,-1.43116815584,0.0750317852621,1.92179904832,0.149174232203,-0.0210880493898,-0.10054165228,-0.00244018638656,-0.153382402429,-0.00885886787106,0.0551378582279,-0.0290701725282,0.573809153926,0.81897418488,0.00225527661172,0.0,0.818932853111,-0.57374715799,-0.0119969868908,0.0,-0.00853142826989,0.0087310691078,-0.999925488806,0.0,0.652656455341,0.249446548224,0.303479463105,1.0,-0.019,-0.0249714285714,0.951
0.458329843512,0.498138792739,-0.124025438519,-1.43380168671,0.0748731273354,1.92278797482,0.148789969868,-0.0158761656703,-0.101878551391,0.00044616756188,-0.161597965962,-0.00831557879837,0.0567636075381,-0.0195921816155,0.573788807177,0.818988360398,0.00228411742693,0.0,0.818947336658,-0.573726625484,-0.0119902415803,0.0,-0.00850957314472,0.00875060677383,-0.999925504248,0.0,0.652332498587,0.249035918647,0.303481147879,1.0,-0.01934,-0.0254182857143,0.968
0.458101562927,0.496674207804,-0.124025502985,-1.43615454323,0.0747318436164,1.92361754933,0.148435737896,-0.0172798269161,-0.0940381912813,0.000774568786211,-0.159580967126,-0.00771241303855,0.0512478606975,-0.0279662279452,0.573766564587,0.819004073459,0.00223694450162,0.0,0.818962278563,-0.573704421395,-0.0120320431837,0.0,-0.008571112449,0.00873572543834,-0.999925108762,0.0,0.652031999432,0.248660842051,0.303454102223,1.0,-0.01964,-0.0258125714286,0.983
0.457838071468,0.494981146295,-0.124031151889,-1.43889645896,0.074560811426,1.92455897231,0.14805018753,-0.0174759410162,-0.0967195454566,-5.38876522881e-06,-0.16383344271,-0.00122031528624,0.0586978471942,-0.0223274259665,0.573762400172,0.819007237954,0.00214458146721,0.0,0.818964089822,-0.573700499972,-0.0120955700683,0.0,-0.0086761790165,0.00869648595749,-0.999924544678,0.0,0.651676106578,0.248219409089,0.303410422259,1.0,-0.01998,-0.0262594285714,1.0
0.457540863153,0.492989022486,-0.124069922242,-1.44203022609,0.0743588384129,1.92571145249,0.147608417442,-0.0150143959024,-0.121304504699,-0.00101296308208,-0.193184578446,-0.00894806811357,0.0696452532445,-0.0322493300776,0.573774663738,0.818998659058,0.00213977005004,0.0,0.818955629446,-0.573712964368,-0.0120771857555,0.0,-0.00866375192452,0.0086821270818,-0.999924777207,0.0,0.651291197373,0.247703449642,0.303406957495,1.0,-0.0255754285714,-0.0336134204082,1.018
0.457232556707,0.49078336747,-0.12409020958,-1.44548800409,0.0741650048655,1.9269956789,0.147095650703,-0.0225814260685,-0.149330428772,0.000503920729574,-0.235349873906,-0.0117678830166,0.0825841202037,-0.0319824909492,0.573742859564,0.819020852323,0.00217289248006,0.0,0.818978107053,-0.573680873914,-0.0120773330926,0.0,-0.00864520723345,0.0087090026699,-0.999924703997,0.0,0.650855784441,0.247165822494,0.303407763492,1.0,-0.0308417142857,-0.0405348244898,1.034
0.456741149271,0.487658244544,-0.124107143895,-1.45050470366,0.073876838299,1.92881971845,0.146365369412,-0.0321043212818,-0.185473493534,-0.000167263953655,-0.284988534276,-0.0130433005593,0.108329559083,-0.0406700249638,0.573731399988,0.819029010823,0.00212296942692,0.0,0.818985306542,-0.573669323678,-0.0121376126119,0.0,-0.00872334236733,0.00870257779481,-0.999924081337,0.0,0.650218986759,0.246360173086,0.303351266268,1.0,-0.0370954285714,-0.0487539918367,1.053
0.456295340593,0.48471542829,-0.124167733155,-1.45503990441,0.0736027650623,1.9305417168,0.14568223423,-0.0277990021819,-0.202833836653,0.000633180108056,-0.319215224609,-0.01726294753,0.125800043304,-0.0546598158865,0.573731121501,0.81902894215,0.00222239593782,0.0,0.818986745133,-0.573668828024,-0.0120637453364,0.0,-0.00860580299658,0.0087416272603,-0.999924759223,0.0,0.649668493788,0.245608853223,0.303387319494,1.0,-0.0420325714286,-0.0552428081633,1.068
0.45565541225,0.480715857501,-0.124250030184,-1.46132882759,0.0732215784531,1.93271927914,0.144735602581,-0.0399551465276,-0.237824802235,-0.00575809868714,-0.364763529858,-0.0240452615916,0.12788610865,-0.0587343237658,0.573743930423,0.819020238596,0.0021208427676,0.0,0.818976606706,-0.573681961715,-0.0121272986253,0.0,-0.0087159815839,0.00869505199857,-0.999924210996,0.0,0.648859780042,0.24453958738,0.30335959143,1.0,-0.0479571428571,-0.0630293877551,1.086
0.455050010059,0.476953379228,-0.124316153326,-1.46713015659,0.0728654696655,1.93479808766,0.143881121186,-0.0418813364155,-0.257554817122,-0.00406777446447,-0.396708310994,-0.0201679394828,0.140316033017,-0.0520659847244,0.573773020457,0.818999790163,0.00214746573942,0.0,0.818956534668,-0.573710961076,-0.0121109193137,0.0,-0.00868698299471,0.00870776750692,-0.999924352694,0.0,0.648125259313,0.243554785113,0.303386815188,1.0,-0.0528942857143,-0.0695182040816,1.101
0.4543219999,0.472557361745,-0.124357069146,-1.47391837242,0.0724679919778,1.93725375096,0.14291270638,-0.0475741644113,-0.284780046724,-0.00357808944574,-0.440332110581,-0.0258008610087,0.166000194655,-0.0566677128184,0.573827456039,0.818961499139,0.00220466005291,0.0,0.818918741105,-0.573764891754,-0.0121116208298,0.0,-0.00865416123457,0.00875558657653,-0.999924219727,0.0,0.647202613062,0.242338515061,0.303405905838,1.0,-0.0584897142857,-0.0768721959184,1.118
0.453466420678,0.46741143526,-0.124406407152,-1.4816611136,0.0719869719419,1.94015000329,0.141667681866,-0.0550525817711,-0.312158482877,-0.00287599500443,-0.462023856915,-0.0320892494385,0.178116070665,-0.0794918758353,0.573780640852,0.818993570025,0.002460760577,0.0,0.818954264864,-0.573717135368,-0.0119711130256,0.0,-0.00839264566935,0.00888421432152,-0.999925314328,0.0,0.64629028779,0.241105469893,0.303531679896,1.0,-0.063756,-0.0837936,1.134
0.452523329201,0.461861569332,-0.124439924489,-1.49023720505,0.0714346197786,1.94312034331,0.140340330203,-0.0624375901133,-0.336189025511,-0.00418488655617,-0.528525188928,-0.0370377737686,0.178648448127,-0.0803762363763,0.573742078159,0.819020733935,0.00241081646574,0.0,0.818980512861,-0.573678501112,-0.0120267957797,0.0,-0.00846732455212,0.00887486137837,-0.999924767795,0.0,0.645149121486,0.239650133007,0.303534093551,1.0,-0.0693514285714,-0.0911475918367,1.151
0.451482885205,0.455891752876,-0.124497633255,-1.49950520836,0.0708150444342,1.94627791255,0.138956177695,-0.0650507890146,-0.354845569144,-0.00598597079635,-0.561686562846,-0.0419763558387,0.186894029212,-0.0807285779341,0.57376148258,0.819007530634,0.00227437327772,0.0,0.81896539402,-0.573698334222,-0.0121099797206,0.0,-0.00861352626325,0.00881104256592,-0.999924083465,0.0,0.64390086516,0.238046152245,0.303505592659,1.0,-0.0749468571429,-0.0985015836735,1.168
0.450356545453,0.449389332378,-0.1245509981,-1.50913758229,0.0701440309228,1.94992409031,0.137405064579,-0.0666580699372,-0.388175660417,-8.26371076249e-05,-0.575357442927,-0.0325020035535,0.231811863295,-0.0811927930138,0.573708174841,0.819043670022,0.00267275503123,0.0,0.819007525761,-0.573644295094,-0.0118170366178,0.0,-0.00814561519271,0.00896870967058,-0.999926602906,0.0,0.642678985587,0.23637975212,0.303701492349,1.0,-0.0805422857143,-0.10585557551,1.185
0.449135281979,0.44260488085,-0.1245849288,-1.51950543001,0.0694814495047,1.95354439468,0.135828018784,-0.0709709563525,-0.399361437042,-0.00136059140249,-0.633220041813,-0.0463014075663,0.211149746459,-0.0996393666535,0.573725561212,0.819031368329,0.00271016713688,0.0,0.818995323671,-0.573661112987,-0.011846271701,0.0,-0.00814790749725,0.00901629668306,-0.999926156272,0.0,0.641272455031,0.234584655114,0.303728225301,1.0,-0.0861377142857,-0.113209567347,1.202
0.447894378392,0.435856884634,-0.124621057121,-1.52995469121,0.0687527985638,1.95706041525,0.134137130557,-0.0740058477954,-0.444618160678,-0.00179790912326,-0.645154557526,-0.0383567931402,0.233135922255,-0.117572577466,0.573633860128,0.819096034269,0.00257450211166,0.0,0.819058035998,-0.573569736946,-0.0119347152613,0.0,-0.00829918122669,0.00895499583956,-0.999925463042,0.0,0.639729504007,0.232637494721,0.303698134408,1.0,-0.0917331428571,-0.120563559184,1.219
0.446450647505,0.428250057916,-0.124647688294,-1.54139778362,0.0679663100639,1.9611950266,0.13227271726,-0.0871832125326,-0.450906533722,-0.00088100086131,-0.693710963637,-0.0540802438022,0.238096842448,-0.10939041551,0.573594945632,0.819122664646,0.00276505156114,0.0,0.819087332147,-0.573530309562,-0.0118183429695,0.0,-0.00809498756067,0.0090439346233,-0.999926336498,0.0,0.638269940988,0.230726880139,0.303768174867,1.0,-0.0969994285714,-0.127484963265,1.235
0.444876023413,0.420322324333,-0.124728351047,-1.55358075431,0.067081037639,1.96523407275,0.13025617549,-0.096335779747,-0.474226956314,-0.00387493029049,-0.716607263969,-0.0591312167468,0.242687746217,-0.118978378526,0.57356057199,0.819147460351,0.00254074016474,0.0,0.819109233008,-0.573496817021,-0.011925274354,0.0,-0.00831161182797,0.00892118266762,-0.999925662041,0.0,0.636546638151,0.228488611495,0.303710314414,1.0,-0.102594857143,-0.134838955102,1.252
0.443093299752,0.411430334107,-0.124847000907,-1.56688134987,0.0661478584092,1.97000282348,0.128047817782,-0.104477929855,-0.495254356947,-0.00118656446356,-0.766354762054,-0.0475505500439,0.253991759963,-0.13416423462,0.573591907288,0.819124664473,0.00280265016348,0.0,0.81909041059,-0.573527798639,-0.0117264815175,0.0,-0.00799820645014,0.00902201247426,-0.999927313351,0.0,0.63473249425,0.226023983912,0.303820771009,1.0,-0.108519428571,-0.142625534694,1.27
0.441229450651,0.40278916169,-0.124922648669,-1.58019880167,0.0652451520112,1.97434655724,0.125858509009,-0.11157980099,-0.510757445775,-0.01128801708,-0.801062227534,-0.0594710660396,0.258702212713,-0.133572722436,0.573668079384,0.819072221551,0.0025253673906,0.0,0.819033533046,-0.573604091404,-0.011965156537,0.0,-0.00835192707886,0.00893256092573,-0.999925224539,0.0,0.632797046217,0.223514574881,0.303698315838,1.0,-0.114114857143,-0.149979526531,1.287
0.439245862528,0.393593268626,-0.125055251632,-1.59370200113,0.0642641905842,1.9791233251,0.123544363638,-0.120376350043,-0.535575198217,-0.00368148971298,-0.804845379088,-0.061403084522,0.281202977526,-0.137811244929,0.573753084273,0.819011533364,0.00287287414104,0.0,0.81897811065,-0.573688617551,-0.0117034725948,0.0,-0.00793729665872,0.00906789911928,-0.999927383627,0.0,0.630923650022,0.220904877321,0.303878045998,1.0,-0.119710285714,-0.157333518367,1.304
0.437136532699,0.384237893144,-0.125104510327,-1.60797358269,0.0631863104874,1.98375914319,0.121038747436,-0.133904736005,-0.553618162915,-7.74218334648e-05,-0.85987787561,-0.0665549615162,0.270212688556,-0.157045676009,0.573704870755,0.819046225259,0.00259789578233,0.0,0.819008984243,-0.573641138068,-0.0118690921161,0.0,-0.00823123367853,0.00893722801362,-0.999926183649,0.0,0.628799917383,0.218166840212,0.303765835348,1.0,-0.125305714286,-0.164687510204,1.321
0.435188040654,0.375565996705,-0.125179043564,-1.62071173348,0.0622478200072,1.98811612786,0.118760606855,-0.136720970201,-0.569786168722,-0.00233458045669,-0.845641319674,-0.0561688069952,0.2893179559,-0.151035399177,0.573699433112,0.819049315626,0.00281530113126,0.0,0.819015121086,-0.573635147294,-0.0117343991462,0.0,-0.00799624986342,0.00903796634383,-0.999927184925,0.0,0.626945089051,0.215693734312,0.303879493822,1.0,-0.130242857143,-0.171176326531,1.336
0.432789863879,0.365539419504,-0.125277822708,-1.63571347016,0.0610949623998,1.99303529572,0.116136460437,-0.142773320486,-0.602737209932,-0.00883809468178,-0.888825599725,-0.0683848541552,0.29399120431,-0.150998569277,0.573800770639,0.818978652892,0.00271820221445,0.0,0.818943304203,-0.57373693903,-0.011770139978,0.0,-0.00808011593261,0.0089799417846,-0.999927033524,0.0,0.624700912399,0.212699804459,0.303848482947,1.0,-0.135838285714,-0.178530318367,1.353
0.430125800312,0.354540272081,-0.125394105143,-1.65201368946,0.0598315801291,1.99835995101,0.113072192711,-0.147742468895,-0.609025086411,-0.00120238426354,-0.923662777958,-0.0673531586228,0.297876229849,-0.176991169722,0.573766424463,0.819002815736,0.00268791319965,0.0,0.818967209846,-0.57370285825,-0.0117680301285,0.0,-0.00809614220135,0.00895358572748,-0.999927140238,0.0,0.622228157432,0.20941943921,0.303852911767,1.0,-0.141762857143,-0.186316897959,1.371
0.427562334286,0.3443853647,-0.125495434596,-1.6669223808,0.0587279435757,2.00319497384,0.110282476818,-0.165339975098,-0.648046365878,-0.00606089899731,-0.931321123427,-0.0699268616385,0.316294829624,-0.1732659485,0.573844392188,0.818947983606,0.00274965509099,0.0,0.818912781801,-0.573780149184,-0.0117874130152,0.0,-0.00807573609536,0.00901604214348,-0.999926744052,0.0,0.619941507363,0.206365405108,0.303888517768,1.0,-0.147029142857,-0.193238302041,1.387
0.424761871171,0.333391183876,-0.125560875817,-1.68316019253,0.0574260255741,2.00839856884,0.107201877122,-0.166443478875,-0.648699765431,-0.0027568962907,-0.983744069252,-0.0815211727354,0.310581236257,-0.182535033339,0.573811478683,0.818971312539,0.00266890828338,0.0,0.81893501674,-0.573747488064,-0.011832379274,0.0,-0.008159256852,0.00897539030134,-0.999926431742,0.0,0.617386280622,0.203058992252,0.303847910728,1.0,-0.152624571429,-0.200592293878,1.404
